{"song_id": "1183667138079248415", "download": "https://cdn.discordapp.com/attachments/1135911532732108921/1183667138079248415/chirp.mp4?ex=65892aed&amp", "lyrics": "[Verse]\nHydration, essential for our health\nGotta hydrate, take care of yourself\nSip it up, drink it down, keep it flowing\nWater's the remedy, always worth knowing\n\n[Chorus]\nDrink that water, stay refreshed\nQuench your thirst, you know it's the best\nH2O, the elixir of life\nStay hydrated, it's the way to thrive", "style": ["rap"], "essentia_features": {"lowlevel.average_loudness": 0.94992595911026, "lowlevel.barkbands_crest.mean": 17.51776123046875, "lowlevel.barkbands_crest.stdev": 5.229452610015869, "lowlevel.barkbands_flatness_db.mean": 0.2804158329963684, "lowlevel.barkbands_flatness_db.stdev": 0.11056053638458252, "lowlevel.barkbands_kurtosis.mean": 97.82752990722656, "lowlevel.barkbands_kurtosis.stdev": 163.3072052001953, "lowlevel.barkbands_skewness.mean": 6.379581928253174, "lowlevel.barkbands_skewness.stdev": 4.848933696746826, "lowlevel.barkbands_spread.mean": 15.917454719543457, "lowlevel.barkbands_spread.stdev": 23.316274642944336, "lowlevel.dissonance.mean": 0.478293776512146, "lowlevel.dissonance.stdev": 0.02290649525821209, "lowlevel.dynamic_complexity": 2.709764242172241, "lowlevel.erbbands_crest.mean": 9.121705055236816, "lowlevel.erbbands_crest.stdev": 4.702206611633301, "lowlevel.erbbands_flatness_db.mean": 0.13715331256389618, "lowlevel.erbbands_flatness_db.stdev": 0.0472436398267746, "lowlevel.erbbands_kurtosis.mean": 2.1103782653808594, "lowlevel.erbbands_kurtosis.stdev": 5.372551441192627, "lowlevel.erbbands_skewness.mean": 0.05708843842148781, "lowlevel.erbbands_skewness.stdev": 1.483808994293213, "lowlevel.erbbands_spread.mean": 59.022926330566406, "lowlevel.erbbands_spread.stdev": 33.39523696899414, "lowlevel.hfc.mean": 26.443706512451172, "lowlevel.hfc.stdev": 42.835636138916016, "lowlevel.loudness_ebu128.integrated": -16.775344848632812, "lowlevel.loudness_ebu128.loudness_range": 1.9991836547851562, "lowlevel.loudness_ebu128.momentary.mean": -17.037744522094727, "lowlevel.loudness_ebu128.momentary.stdev": 1.571943998336792, "lowlevel.loudness_ebu128.short_term.mean": -16.855113983154297, "lowlevel.loudness_ebu128.short_term.stdev": 0.628452718257904, "lowlevel.melbands_crest.mean": 31.46687889099121, "lowlevel.melbands_crest.stdev": 6.253493785858154, "lowlevel.melbands_flatness_db.mean": 0.3656013607978821, "lowlevel.melbands_flatness_db.stdev": 0.12734884023666382, "lowlevel.melbands_kurtosis.mean": 254.50042724609375, "lowlevel.melbands_kurtosis.stdev": 398.96295166015625, "lowlevel.melbands_skewness.mean": 10.396331787109375, "lowlevel.melbands_skewness.stdev": 7.197478294372559, "lowlevel.melbands_spread.mean": 10.661898612976074, "lowlevel.melbands_spread.stdev": 21.9168758392334, "lowlevel.pitch_salience.mean": 0.2352110594511032, "lowlevel.pitch_salience.stdev": 0.1657639890909195, "lowlevel.silence_rate_20dB.mean": 0.9575045108795166, "lowlevel.silence_rate_20dB.stdev": 0.2017163187265396, "lowlevel.silence_rate_30dB.mean": 0.5524412393569946, "lowlevel.silence_rate_30dB.stdev": 0.49724137783050537, "lowlevel.silence_rate_60dB.mean": 0.0018083183094859123, "lowlevel.silence_rate_60dB.stdev": 0.042485952377319336, "lowlevel.spectral_centroid.mean": 1594.671630859375, "lowlevel.spectral_centroid.stdev": 1264.781005859375, "lowlevel.spectral_complexity.mean": 10.944846153259277, "lowlevel.spectral_complexity.stdev": 9.973823547363281, "lowlevel.spectral_decrease.mean": -3.0416835272717435e-08, "lowlevel.spectral_decrease.stdev": 2.8043793065535283e-08, "lowlevel.spectral_energy.mean": 0.11719859391450882, "lowlevel.spectral_energy.stdev": 0.10597383230924606, "lowlevel.spectral_energyband_high.mean": 0.002118681790307164, "lowlevel.spectral_energyband_high.stdev": 0.005127874203026295, "lowlevel.spectral_energyband_low.mean": 0.10719696432352066, "lowlevel.spectral_energyband_low.stdev": 0.10563859343528748, "lowlevel.spectral_energyband_middle_high.mean": 0.0015390310436487198, "lowlevel.spectral_energyband_middle_high.stdev": 0.0024302478414028883, "lowlevel.spectral_energyband_middle_low.mean": 0.0075941928662359715, "lowlevel.spectral_energyband_middle_low.stdev": 0.019860684871673584, "lowlevel.spectral_entropy.mean": 7.697702884674072, "lowlevel.spectral_entropy.stdev": 0.6251841187477112, "lowlevel.spectral_flux.mean": 0.15869556367397308, "lowlevel.spectral_flux.stdev": 0.11916859447956085, "lowlevel.spectral_kurtosis.mean": 3.514209270477295, "lowlevel.spectral_kurtosis.stdev": 3.4927191734313965, "lowlevel.spectral_rms.mean": 0.009681206196546555, "lowlevel.spectral_rms.stdev": 0.0045403228141367435, "lowlevel.spectral_rolloff.mean": 679.58349609375, "lowlevel.spectral_rolloff.stdev": 1737.785888671875, "lowlevel.spectral_skewness.mean": 1.3369989395141602, "lowlevel.spectral_skewness.stdev": 0.6088398098945618, "lowlevel.spectral_spread.mean": 5563012.0, "lowlevel.spectral_spread.stdev": 1904535.75, "lowlevel.spectral_strongpeak.mean": 0.5338876843452454, "lowlevel.spectral_strongpeak.stdev": 0.3962849974632263, "lowlevel.zerocrossingrate.mean": 0.032649505883455276, "lowlevel.zerocrossingrate.stdev": 0.03953990340232849, "metadata.audio_properties.analysis.equal_loudness": 0.0, "metadata.audio_properties.analysis.length": 25.64265251159668, "metadata.audio_properties.analysis.sample_rate": 44100.0, "metadata.audio_properties.analysis.start_time": 0.0, "metadata.audio_properties.bit_rate": 119484.0, "metadata.audio_properties.length": 25.64266586303711, "metadata.audio_properties.lossless": 0.0, "metadata.audio_properties.number_channels": 1.0, "metadata.audio_properties.replay_gain": -7.7420196533203125, "metadata.audio_properties.sample_rate": 48000.0, "rhythm.beats_count": 55.0, "rhythm.beats_loudness.mean": 0.1713523417711258, "rhythm.beats_loudness.stdev": 0.12569929659366608, "rhythm.bpm": 129.83631896972656, "rhythm.bpm_histogram_first_peak_bpm": 129.0, "rhythm.bpm_histogram_first_peak_weight": 0.192307710647583, "rhythm.bpm_histogram_second_peak_bpm": 115.0, "rhythm.bpm_histogram_second_peak_spread": 0.0, "rhythm.bpm_histogram_second_peak_weight": 0.018518518656492233, "rhythm.danceability": 1.4159146547317505, "rhythm.onset_rate": 4.832791328430176, "tonal.chords_changes_rate": 0.14801444113254547, "tonal.chords_number_rate": 0.02166065014898777, "tonal.chords_strength.mean": 0.45188987255096436, "tonal.chords_strength.stdev": 0.0857149139046669, "tonal.hpcp_crest.mean": 10.965261459350586, "tonal.hpcp_crest.stdev": 5.071224689483643, "tonal.hpcp_entropy.mean": 2.5103325843811035, "tonal.hpcp_entropy.stdev": 0.766053318977356, "tonal.key_edma.strength": 0.5894801616668701, "tonal.key_krumhansl.strength": 0.5831906795501709, "tonal.key_temperley.strength": 0.5927333235740662, "tonal.tuning_diatonic_strength": 0.592643678188324, "tonal.tuning_equal_tempered_deviation": 0.29687100648880005, "tonal.tuning_frequency": 434.193115234375, "tonal.tuning_nontempered_energy_ratio": 0.9093088507652283, "lowlevel.barkbands.mean": [0.01557403989136219, 0.08547885715961456, 0.004920947831124067, 0.003434909973293543, 0.0021454968955367804, 0.000693518144544214, 0.0006954123382456601, 0.0003712417674250901, 0.0002128288324456662, 0.00012438413978088647, 0.0001488013513153419, 0.00011991091014351696, 0.00013805243361275643, 0.0001182908599730581, 7.67826204537414e-05, 6.652726733591408e-05, 0.0001427961396984756, 0.0001550298766233027, 0.00031031735124997795, 0.0002865784626919776, 0.00039544200990349054, 0.00044506308040581644, 0.00039667077362537384, 0.00030401209369301796, 0.00028832268435508013, 0.00015125695790629834, 3.3511482797621284e-06], "lowlevel.barkbands.stdev": [0.012206220999360085, 0.0948740690946579, 0.017227236181497574, 0.01302441768348217, 0.006174569949507713, 0.001408600714057684, 0.0013025094522163272, 0.0008704776992090046, 0.0005296972231008112, 0.0002897918748203665, 0.0004179612151347101, 0.00023319348110817373, 0.0003453221870586276, 0.0002469728351570666, 0.00014539560652337968, 0.0001283334568142891, 0.00031342150759883225, 0.0003410132194403559, 0.0009532299591228366, 0.0007793484255671501, 0.0009570522815920413, 0.001004903926514089, 0.0011256530415266752, 0.0009389412589371204, 0.0007705726311542094, 0.00041611454798839986, 2.044492975983303e-05], "lowlevel.erbbands.mean": [4.564586639404297, 10.816009521484375, 6.339703559875488, 10.237020492553711, 9.949074745178223, 5.610082626342773, 4.129791736602783, 6.57724142074585, 9.50980281829834, 9.745111465454102, 7.125061988830566, 4.73831033706665, 4.50754976272583, 4.818083763122559, 5.666390895843506, 4.934354782104492, 6.288978099822998, 6.190184116363525, 5.076262474060059, 3.5127439498901367, 4.209277153015137, 8.531713485717773, 8.618110656738281, 12.291385650634766, 16.260971069335938, 13.472432136535645, 14.997944831848145, 15.731401443481445, 16.758644104003906, 13.793783187866211, 10.526144027709961, 6.643270969390869, 5.179606914520264, 3.538076639175415, 1.841443657875061, 0.8205013275146484, 0.25208866596221924, 0.028537679463624954, 0.0006787822348996997, 0.0001566196297062561], "lowlevel.erbbands.stdev": [5.041023254394531, 13.522096633911133, 17.081897735595703, 37.619869232177734, 32.522464752197266, 16.330984115600586, 9.223862648010254, 13.946843147277832, 18.74523162841797, 18.27167510986328, 15.6876220703125, 11.427518844604492, 11.183154106140137, 11.916000366210938, 12.908354759216309, 9.420923233032227, 15.875676155090332, 12.647421836853027, 9.009756088256836, 6.617095947265625, 7.794626712799072, 18.42757797241211, 18.80145263671875, 35.37253952026367, 48.134395599365234, 36.503849029541016, 36.54435729980469, 38.804935455322266, 38.44648361206055, 32.979156494140625, 31.199138641357422, 20.977670669555664, 15.47780990600586, 9.437005043029785, 5.037544250488281, 2.276059865951538, 0.7106623649597168, 0.09901797026395798, 0.0023025651462376118, 0.00013732102524954826], "lowlevel.gfcc.mean": [-32.569278717041016, 74.2091293334961, -72.00542449951172, 66.6414566040039, -39.420230865478516, 30.317970275878906, -17.741161346435547, 20.22878646850586, -8.921414375305176, 14.601798057556152, -1.3341352939605713, 6.705868721008301, -4.693162441253662], "lowlevel.melbands.mean": [0.031282663345336914, 0.006285868585109711, 0.0017267019720748067, 0.0005440015229396522, 0.00015534191334154457, 0.00014471245231106877, 0.0001479841157561168, 0.00010334130638511851, 5.2434719691518694e-05, 2.9296370485099033e-05, 2.2072061256039888e-05, 1.8754444681690075e-05, 2.006989234359935e-05, 1.408334901498165e-05, 1.251014145964291e-05, 1.405589409841923e-05, 1.1224732588743791e-05, 8.635358426545281e-06, 5.494418473972473e-06, 4.280049779481487e-06, 4.930238446831936e-06, 8.430485650023911e-06, 8.88935483089881e-06, 7.122000624804059e-06, 1.0010820915340446e-05, 1.2387818060233258e-05, 1.099534347304143e-05, 8.204098776332103e-06, 8.703828825673554e-06, 9.87759449344594e-06, 8.906072253012098e-06, 9.954539564205334e-06, 7.858960088924505e-06, 7.673524123674724e-06, 6.292879334068857e-06, 4.8123520173248835e-06, 3.832586116914172e-06, 3.613731223595096e-06, 3.3066366995626595e-06, 2.927039076894289e-06], "lowlevel.melbands.stdev": [0.03338552638888359, 0.009684138931334019, 0.006078822538256645, 0.0016677344683557749, 0.00036238328902982175, 0.00029994259239174426, 0.0002808097342494875, 0.00020110838522668928, 0.00011648974032141268, 7.582479156553745e-05, 5.639243681798689e-05, 4.645605440600775e-05, 5.2001130825374275e-05, 2.7720399884856306e-05, 2.815452535287477e-05, 3.618434493546374e-05, 2.4112456230795942e-05, 1.638916728552431e-05, 1.099576365959365e-05, 8.854564839566592e-06, 9.35312345973216e-06, 1.8056336557492614e-05, 2.1183283024583943e-05, 1.711224831524305e-05, 3.012855631823186e-05, 4.080043436260894e-05, 3.040742376470007e-05, 2.2805897970101796e-05, 2.280660737596918e-05, 2.207893157901708e-05, 2.4184599169529974e-05, 2.368219429627061e-05, 1.7836924598668702e-05, 1.97787448996678e-05, 1.856053131632507e-05, 1.599915231054183e-05, 1.2165738553449046e-05, 1.0946898328256793e-05, 9.789571777218953e-06, 7.871738489484414e-06], "lowlevel.melbands128.mean": [0.014686412177979946, 0.044988084584474564, 0.03472386300563812, 0.012374788522720337, 0.003280781675130129, 0.0024997545406222343, 0.0022280546836555004, 0.001490035210736096, 0.0010083982488140464, 0.0005063206772319973, 0.0002510645135771483, 0.00017971785564441234, 0.0001332500542048365, 0.00011312911374261603, 0.00014708636444993317, 0.0001651113707339391, 0.00014525075675919652, 0.00015325832646340132, 0.00014425361587200314, 0.00010214332723990083, 9.299610246671364e-05, 7.41237890906632e-05, 4.555482155410573e-05, 3.3408730814699084e-05, 2.696987758099567e-05, 3.0073915695538744e-05, 2.8053047572029755e-05, 2.075067641271744e-05, 1.8248176274937578e-05, 1.4787401596549898e-05, 1.97270364878932e-05, 2.467814920237288e-05, 2.053368734777905e-05, 1.7082513295463286e-05, 1.5131666259549093e-05, 1.2953571058460511e-05, 1.267106654267991e-05, 1.174633507616818e-05, 1.2283265277801547e-05, 1.566124592500273e-05, 1.4750935406482313e-05, 1.1734274266927969e-05, 1.0683161235647276e-05, 1.1874155461555347e-05, 1.0025230949395336e-05, 7.824774911568966e-06, 7.101501523720799e-06, 6.243578354769852e-06, 4.248622644809075e-06, 4.331571290094871e-06, 4.157391231274232e-06, 4.468689439818263e-06, 4.431011802807916e-06, 5.0494791139499284e-06, 6.205485078680795e-06, 8.591567166149616e-06, 1.0919021406152751e-05, 9.336886250821408e-06, 8.489754691254348e-06, 7.010201898083324e-06, 7.133823146432405e-06, 6.661355655523948e-06, 8.86804991750978e-06, 1.1265999091847334e-05, 1.1279417776677292e-05, 1.3298216799739748e-05, 1.2545536264951807e-05, 1.0874292456719559e-05, 1.1086456652265042e-05, 1.0853596904780716e-05, 7.423673196171876e-06, 7.230051778606139e-06, 8.057870218181051e-06, 8.919807441998273e-06, 9.575044714438263e-06, 1.0623637535900343e-05, 9.982535630115308e-06, 7.908292900538072e-06, 9.419431989954319e-06, 8.537021130905487e-06, 1.0512674634810537e-05, 1.0864644536923151e-05, 8.252900443039834e-06, 7.414486390189268e-06, 7.415362233587075e-06, 7.973802894412074e-06, 7.790464223944582e-06, 7.177290626714239e-06, 6.007353476888966e-06, 5.7566057876101695e-06, 5.830962436448317e-06, 4.32276783612906e-06, 3.589578227547463e-06, 4.0263762457470875e-06, 3.7590582451230148e-06, 3.6178466871206183e-06, 3.3989072107942775e-06, 3.990781806351151e-06, 3.2301688861480216e-06, 3.079781436099438e-06, 3.0349146982189268e-06, 2.8566705623234157e-06, 2.855495949916076e-06, 2.565454451541882e-06, 1.820108536776388e-06, 1.7647570302870008e-06, 1.8142000044463202e-06, 1.6563298004257376e-06, 1.4248305433284258e-06, 1.184469397230714e-06, 1.0756411938928068e-06, 8.869866405802895e-07, 8.379342943953816e-07, 6.32171577308327e-07, 4.7502436473223497e-07, 2.8421519004950824e-07, 1.1667225408018567e-07, 2.0253308363749056e-08, 3.4757687839004348e-09, 7.466896545516022e-11, 4.8657512047300955e-11, 1.9910396248379314e-11, 1.8856539593659072e-11, 1.8520636413388303e-11, 1.8171245758091814e-11, 1.779444300242794e-11, 1.7561637907781424e-11, 1.7452570638676335e-11], "lowlevel.melbands128.stdev": [0.011755062267184258, 0.04966064542531967, 0.041071392595767975, 0.01747741922736168, 0.009001564234495163, 0.00897524505853653, 0.008598877117037773, 0.005564402788877487, 0.003240114077925682, 0.001593295019119978, 0.0007767208735458553, 0.00047606867155991495, 0.0003269532462581992, 0.00025976134929805994, 0.00035865872632712126, 0.00041522789979353547, 0.00036065882886759937, 0.00035183009458705783, 0.00031080711050890386, 0.0002299937914358452, 0.0002683759084902704, 0.0002030129253398627, 0.00012199329648865387, 8.803370292298496e-05, 7.26457146811299e-05, 0.00011063742567785084, 8.63731256686151e-05, 5.4046267905505374e-05, 5.875895658391528e-05, 3.6408277082955465e-05, 5.5273376347031444e-05, 9.48987144511193e-05, 6.338982348097488e-05, 4.3297462980262935e-05, 3.617598849814385e-05, 3.051122257602401e-05, 2.960705569421407e-05, 3.089116216870025e-05, 3.6879777326248586e-05, 5.510044138645753e-05, 4.263407754478976e-05, 2.860851054720115e-05, 2.92638815153623e-05, 3.315895810374059e-05, 2.5502969947410747e-05, 1.6239522665273398e-05, 1.516469637863338e-05, 1.5008092304924503e-05, 9.646653779782355e-06, 9.321423021901865e-06, 1.0489956366654951e-05, 1.0863829629670363e-05, 9.129497811954934e-06, 1.0819719136634376e-05, 1.343056374025764e-05, 2.1968882720102556e-05, 2.899764513131231e-05, 2.9819617338944227e-05, 2.0656500055338256e-05, 1.7947500964510255e-05, 2.0089788449695334e-05, 1.7054460840881802e-05, 2.855293860193342e-05, 3.9722901419736445e-05, 3.815334275714122e-05, 5.1187096687499434e-05, 4.401805199449882e-05, 3.1734423828311265e-05, 3.2668620406184345e-05, 3.622184885898605e-05, 2.1214113075984642e-05, 2.236477484984789e-05, 2.421289900667034e-05, 2.61427467194153e-05, 2.749532177404035e-05, 2.40592889895197e-05, 2.4807379304547794e-05, 1.9308274204377085e-05, 3.132806159555912e-05, 2.4677787223481573e-05, 2.7800775569630787e-05, 2.73141595243942e-05, 2.0178587874397635e-05, 1.864210753410589e-05, 1.851531669672113e-05, 2.0760769984917715e-05, 2.4400502297794446e-05, 2.048835995083209e-05, 1.8348921003052965e-05, 1.857389543147292e-05, 2.2713687940267846e-05, 1.4764414117962588e-05, 1.2456971489882562e-05, 1.3939343261881731e-05, 1.1590193025767803e-05, 1.2369421710900497e-05, 1.0653498975443654e-05, 1.2753029295708984e-05, 1.1242114851484075e-05, 9.176570529234596e-06, 8.045214599405881e-06, 8.144110324792564e-06, 8.832758794596884e-06, 7.692036888329312e-06, 5.312907433108194e-06, 5.2916561799065676e-06, 5.558239081437932e-06, 4.882223947788589e-06, 4.5595561459776945e-06, 3.203311052857316e-06, 3.0504668302455684e-06, 2.647192332005943e-06, 2.5743026981217554e-06, 1.971700157810119e-06, 1.6123484556374024e-06, 1.1648337476799497e-06, 6.681033823952021e-07, 1.817944763615742e-07, 6.16383744045379e-08, 1.4226718692000873e-09, 8.145148444604899e-10, 3.1244253712037207e-11, 2.647525948473728e-11, 2.6024311178263204e-11, 2.5642876710918472e-11, 2.5332839992397993e-11, 2.5111151005785537e-11, 2.497444438753771e-11], "lowlevel.mfcc.mean": [-685.4034423828125, 99.0396499633789, 35.347476959228516, 47.663360595703125, 18.020328521728516, 22.985166549682617, 14.736451148986816, 15.103812217712402, 8.77717113494873, 10.057589530944824, 14.929853439331055, 11.103083610534668, 9.092958450317383], "lowlevel.spectral_contrast_coeffs.mean": [-0.7476127743721008, -0.7953660488128662, -0.8359599709510803, -0.8325477838516235, -0.8185410499572754, -0.7609694600105286], "lowlevel.spectral_contrast_coeffs.stdev": [0.07762257009744644, 0.0780256912112236, 0.044549379497766495, 0.04308377951383591, 0.035621609538793564, 0.042932797223329544], "lowlevel.spectral_contrast_valleys.mean": [-6.602274417877197, -7.343645095825195, -8.02016544342041, -8.230342864990234, -7.765188694000244, -10.17286205291748], "lowlevel.spectral_contrast_valleys.stdev": [0.7976409196853638, 0.969629168510437, 0.9233337044715881, 0.8223281502723694, 0.9614415168762207, 1.3636928796768188], "rhythm.beats_loudness_band_ratio.mean": [0.7726123929023743, 0.030585769563913345, 0.02450886182487011, 0.0110776973888278, 0.024295175448060036, 0.14656658470630646], "rhythm.beats_loudness_band_ratio.stdev": [0.24994030594825745, 0.05085572600364685, 0.04446219652891159, 0.02201305329799652, 0.0432562530040741, 0.18260028958320618], "tonal.hpcp.mean": [0.10498864203691483, 0.10212470591068268, 0.0662451982498169, 0.03364231437444687, 0.017579292878508568, 0.01755756326019764, 0.018561318516731262, 0.01780678890645504, 0.025217657908797264, 0.03767464682459831, 0.050477370619773865, 0.06445273756980896, 0.06600417196750641, 0.06288466602563858, 0.0690620169043541, 0.1382196545600891, 0.24389538168907166, 0.23862336575984955, 0.16014346480369568, 0.08691740781068802, 0.05283862724900246, 0.05637487769126892, 0.04694390296936035, 0.03654096648097038, 0.0353044793009758, 0.04329030215740204, 0.05933963507413864, 0.06616503745317459, 0.052668455988168716, 0.04561229795217514, 0.050558075308799744, 0.05286003276705742, 0.0613250732421875, 0.07462115585803986, 0.07810517400503159, 0.0838894173502922], "tonal.hpcp.stdev": [0.26977506279945374, 0.2601994276046753, 0.21559810638427734, 0.13697803020477295, 0.08347069472074509, 0.09045717865228653, 0.09400313347578049, 0.08966747671365738, 0.1036069318652153, 0.1431301385164261, 0.1707276552915573, 0.1959630697965622, 0.20016048848628998, 0.19522453844547272, 0.20487909018993378, 0.2857767641544342, 0.38461047410964966, 0.36891236901283264, 0.3200368881225586, 0.23047703504562378, 0.18106494843959808, 0.1904723048210144, 0.17382007837295532, 0.1391524076461792, 0.14391669631004333, 0.167463019490242, 0.1960809826850891, 0.20779205858707428, 0.16634368896484375, 0.1612260341644287, 0.17321191728115082, 0.18927499651908875, 0.20019997656345367, 0.22733399271965027, 0.22874300181865692, 0.22246310114860535], "rhythm.beats_position": [0.5224489569664001, 1.0448979139328003, 1.5092970132827759, 1.9736961126327515, 2.4380950927734375, 2.902494192123413, 3.3668932914733887, 3.8312923908233643, 4.29569149017334, 4.748480796813965, 5.201269626617432, 5.665668964385986, 6.130067825317383, 6.5944671630859375, 7.058866024017334, 7.523265361785889, 7.987664222717285, 8.44045352935791, 8.893242835998535, 9.357641220092773, 9.822040557861328, 10.286439895629883, 10.750839233398438, 11.215237617492676, 11.67963695526123, 12.132426261901855, 12.58521556854248, 13.049613952636719, 13.514013290405273, 13.978412628173828, 14.442811965942383, 14.907210350036621, 15.371609687805176, 15.83600902557373, 16.28879737854004, 16.741586685180664, 17.20598602294922, 17.670385360717773, 18.134784698486328, 18.599184036254883, 19.063581466674805, 19.52798080444336, 19.969160079956055, 20.43355941772461, 20.897958755493164, 21.36235809326172, 21.826757431030273, 22.291156768798828, 22.75555419921875, 23.219953536987305, 23.67274284362793, 24.137142181396484, 24.58993148803711, 25.054330825805664, 25.51873016357422], "rhythm.bpm_histogram": [0.0, 0.0, 0.0, 0.0, 0.0, 0.0, 0.0, 0.0, 0.0, 0.0, 0.0, 0.0, 0.0, 0.0, 0.0, 0.0, 0.0, 0.0, 0.0, 0.0, 0.0, 0.0, 0.0, 0.0, 0.0, 0.0, 0.0, 0.0, 0.0, 0.0, 0.0, 0.0, 0.0, 0.0, 0.0, 0.0, 0.0, 0.0, 0.0, 0.0, 0.0, 0.0, 0.0, 0.0, 0.0, 0.0, 0.0, 0.0, 0.0, 0.0, 0.0, 0.0, 0.0, 0.0, 0.0, 0.0, 0.0, 0.0, 0.0, 0.0, 0.0, 0.0, 0.0, 0.0, 0.0, 0.0, 0.0, 0.0, 0.0, 0.0, 0.0, 0.0, 0.0, 0.0, 0.0, 0.0, 0.0, 0.0, 0.0, 0.0, 0.0, 0.0, 0.0, 0.0, 0.0, 0.0, 0.0, 0.0, 0.0, 0.0, 0.0, 0.0, 0.0, 0.0, 0.0, 0.0, 0.0, 0.0, 0.0, 0.0, 0.0, 0.0, 0.0, 0.0, 0.0, 0.0, 0.0, 0.0, 0.0, 0.0, 0.0, 0.0, 0.0, 0.0, 0.0, 0.018518518656492233, 0.0, 0.0, 0.0, 0.0, 0.0, 0.0, 0.0, 0.0, 0.0, 0.0, 0.0, 0.0, 0.0, 0.7777777910232544, 0.0, 0.0, 0.0, 0.18518517911434174, 0.0, 0.0, 0.018518518656492233, 0.0, 0.0, 0.0, 0.0, 0.0, 0.0, 0.0, 0.0, 0.0, 0.0, 0.0, 0.0, 0.0, 0.0, 0.0, 0.0, 0.0, 0.0, 0.0, 0.0, 0.0, 0.0, 0.0, 0.0, 0.0, 0.0, 0.0, 0.0, 0.0, 0.0, 0.0, 0.0, 0.0, 0.0, 0.0, 0.0, 0.0, 0.0, 0.0, 0.0, 0.0, 0.0, 0.0, 0.0, 0.0, 0.0, 0.0, 0.0, 0.0, 0.0, 0.0, 0.0, 0.0, 0.0, 0.0, 0.0, 0.0, 0.0, 0.0, 0.0, 0.0, 0.0, 0.0, 0.0, 0.0, 0.0, 0.0, 0.0, 0.0, 0.0, 0.0, 0.0, 0.0, 0.0, 0.0, 0.0, 0.0, 0.0, 0.0, 0.0, 0.0, 0.0, 0.0, 0.0, 0.0, 0.0, 0.0, 0.0, 0.0, 0.0, 0.0, 0.0, 0.0, 0.0, 0.0, 0.0, 0.0, 0.0, 0.0, 0.0, 0.0, 0.0, 0.0, 0.0, 0.0, 0.0, 0.0, 0.0, 0.0, 0.0, 0.0, 0.0, 0.0], "tonal.chords_histogram": [0.0, 0.0, 3.7906136512756348, 1.083032488822937, 3.6101083755493164, 1.6245487928390503, 0.0, 29.78339385986328, 1.6245487928390503, 0.0, 0.9025270938873291, 8.48375415802002, 10.288808822631836, 0.0, 0.3610108196735382, 0.0, 0.0, 0.0, 0.0, 8.664259910583496, 2.52707576751709, 21.6606502532959, 5.595667839050293, 0.0], "tonal.thpcp": [1.0, 0.9783841371536255, 0.6566072106361389, 0.35637167096138, 0.21664464473724365, 0.23114368319511414, 0.1924755722284317, 0.14982229471206665, 0.14475254714488983, 0.17749537527561188, 0.24329954385757446, 0.2712844908237457, 0.21594691276550293, 0.1870158314704895, 0.20729410648345947, 0.21673241257667542, 0.2514400780200958, 0.30595558881759644, 0.32024046778678894, 0.3439565598964691, 0.4304658770561218, 0.4187234044075012, 0.2716131806373596, 0.1379374861717224, 0.0720771849155426, 0.07198809087276459, 0.07610360532999039, 0.07300994545221329, 0.10339538753032684, 0.1544705182313919, 0.2069632112979889, 0.2642638683319092, 0.27062493562698364, 0.2578345835208893, 0.2831624746322632, 0.5667169690132141], "lowlevel.gfcc.cov": [[6378.1064453125, -2198.716064453125, -125.36336517333984, 32.39029312133789, -924.3135986328125, 63.30434799194336, -637.6055297851562, 155.3863525390625, -512.5894775390625, 406.88916015625, -504.232421875, 336.309326171875, -366.88909912109375], [-2198.716064453125, 3405.689453125, -201.557373046875, -644.6198120117188, 341.0140686035156, -479.4912414550781, 269.2151184082031, -346.8516540527344, 353.96221923828125, -536.6568603515625, 424.501708984375, -415.1294860839844, 247.13845825195312], [-125.36336517333984, -201.557373046875, 825.4833374023438, 221.0516815185547, 26.372753143310547, 24.0301513671875, -49.67813491821289, -55.50603103637695, 5.482209205627441, 54.594825744628906, -59.60700607299805, 52.35047912597656, -5.760603427886963], [32.39029312133789, -644.6198120117188, 221.0516815185547, 570.9690551757812, 151.83946228027344, 13.349477767944336, -76.33863067626953, -2.1449365615844727, -37.6992301940918, 38.42378234863281, -56.07660675048828, 53.722225189208984, 7.6321797370910645], [-924.3135986328125, 341.0140686035156, 26.372753143310547, 151.83946228027344, 453.1317443847656, 66.73036193847656, 163.4664306640625, -41.4685173034668, 110.6984634399414, -81.1761703491211, 93.16999053955078, -76.39798736572266, 64.89408111572266], [63.30434799194336, -479.4912414550781, 24.0301513671875, 13.349477767944336, 66.73036193847656, 337.01416015625, 158.69866943359375, 62.8518180847168, -44.518089294433594, 72.73577880859375, -61.93705368041992, 22.85957908630371, -43.697811126708984], [-637.6055297851562, 269.2151184082031, -49.67813491821289, -76.33863067626953, 163.4664306640625, 158.69866943359375, 362.595947265625, 62.63813018798828, 67.45040893554688, -70.05284881591797, 71.06027221679688, -61.6656608581543, 30.396934509277344], [155.3863525390625, -346.8516540527344, -55.50603103637695, -2.1449365615844727, -41.4685173034668, 62.8518180847168, 62.63813018798828, 169.85333251953125, 19.678050994873047, 69.3261947631836, -19.045623779296875, 51.16028594970703, -22.88834571838379], [-512.5894775390625, 353.96221923828125, 5.482209205627441, -37.6992301940918, 110.6984634399414, -44.518089294433594, 67.45040893554688, 19.678050994873047, 185.44606018066406, 0.21819253265857697, 100.50973510742188, -38.747623443603516, 54.29674530029297], [406.88916015625, -536.6568603515625, 54.594825744628906, 38.42378234863281, -81.1761703491211, 72.73577880859375, -70.05284881591797, 69.3261947631836, 0.21819253265857697, 193.29344177246094, -31.638471603393555, 85.2928466796875, -48.90140151977539], [-504.232421875, 424.501708984375, -59.60700607299805, -56.07660675048828, 93.16999053955078, -61.93705368041992, 71.06027221679688, -19.045623779296875, 100.50973510742188, -31.638471603393555, 168.20285034179688, -20.87735939025879, 61.61103820800781], [336.309326171875, -415.1294860839844, 52.35047912597656, 53.722225189208984, -76.39798736572266, 22.85957908630371, -61.6656608581543, 51.16028594970703, -38.747623443603516, 85.2928466796875, -20.87735939025879, 133.36302185058594, -9.982502937316895], [-366.88909912109375, 247.13845825195312, -5.760603427886963, 7.6321797370910645, 64.89408111572266, -43.697811126708984, 30.396934509277344, -22.88834571838379, 54.29674530029297, -48.90140151977539, 61.61103820800781, -9.982502937316895, 89.82842254638672]], "lowlevel.gfcc.icov": [[0.00033450976479798555, -9.600983321433887e-05, 0.0001389335811836645, -0.0001286362239625305, 0.0003449258510954678, -8.423450344707817e-05, 0.00023825676180422306, -9.6868236141745e-05, 0.0002883740817196667, -0.0002901863190345466, 0.000426134851295501, -0.00040588900446891785, 0.0005851065507158637], [-9.600983321433887e-05, 0.0032581721898168325, -0.0005621537566184998, 0.0030085891485214233, -0.0009285147534683347, 0.002748706378042698, -0.001068496610969305, 0.0030843045096844435, -0.002280351473018527, 0.003878992283716798, -0.0025764761958271265, 0.0030991160310804844, -0.0008908509043976665], [0.0001389335811836645, -0.0005621537566184998, 0.001738364459015429, -0.001135916099883616, 0.0004967357381246984, -0.0004209220642223954, -0.00026745989453047514, 0.0009078389848582447, -0.0006199062336236238, -0.0010168793378397822, 0.0016044419026002288, -0.0016727973707020283, 0.0006150492699816823], [-0.0001286362239625305, 0.0030085891485214233, -0.001135916099883616, 0.0056779952719807625, -0.0028755199164152145, 0.0031277479138225317, -0.00032063311664387584, 0.002020176500082016, -0.0007196672959253192, 0.002833968959748745, -0.0014199031284078956, 0.0023537229280918837, -0.0019226570148020983], [0.0003449258510954678, -0.0009285147534683347, 0.0004967357381246984, -0.0028755199164152145, 0.00553336925804615, -0.0026647804770618677, -0.0002774058375507593, 0.0005484490538947284, -0.0018467751797288656, 0.0004330473020672798, -0.00041311836685054004, -0.0003287409199401736, 0.0007782405591569841], [-8.423450344707817e-05, 0.002748706378042698, -0.0004209220642223954, 0.0031277479138225317, -0.0026647804770618677, 0.009699305519461632, -0.005483196582645178, 0.003370995167642832, 0.0006400792626664042, -0.0014828075654804707, 0.0012863313313573599, 0.0019393085967749357, -0.0007021711790002882], [0.00023825676180422306, -0.001068496610969305, -0.00026745989453047514, -0.00032063311664387584, -0.0002774058375507593, -0.005483196582645178, 0.008428743109107018, -0.005403438583016396, 0.0005204832414165139, 0.002820153022184968, -0.00261157494969666, 0.0010236379457637668, 0.00035256787668913603], [-9.6868236141745e-05, 0.0030843045096844435, 0.0009078389848582447, 0.002020176500082016, 0.0005484490538947284, 0.003370995167642832, -0.005403438583016396, 0.014590057544410229, -0.006265662610530853, 0.0013211746700108051, 0.0010265113087370992, -0.0020867260172963142, 0.0013655214570462704], [0.0002883740817196667, -0.002280351473018527, -0.0006199062336236238, -0.0007196672959253192, -0.0018467751797288656, 0.0006400792626664042, 0.0005204832414165139, -0.006265662610530853, 0.015269039198756218, -0.008072292432188988, -0.0021285193506628275, 0.0031154637690633535, -0.004471820779144764], [-0.0002901863190345466, 0.003878992283716798, -0.0010168793378397822, 0.002833968959748745, 0.0004330473020672798, -0.0014828075654804707, 0.002820153022184968, 0.0013211746700108051, -0.008072292432188988, 0.018436778336763382, -0.005504188593477011, -0.0012807609746232629, 0.004733840003609657], [0.000426134851295501, -0.0025764761958271265, 0.0016044419026002288, -0.0014199031284078956, -0.00041311836685054004, 0.0012863313313573599, -0.00261157494969666, 0.0010265113087370992, -0.0021285193506628275, -0.005504188593477011, 0.016071448102593422, -0.005963411182165146, -0.0022735712118446827], [-0.00040588900446891785, 0.0030991160310804844, -0.0016727973707020283, 0.0023537229280918837, -0.0003287409199401736, 0.0019393085967749357, 0.0010236379457637668, -0.0020867260172963142, 0.0031154637690633535, -0.0012807609746232629, -0.005963411182165146, 0.018928902223706245, -0.006575295701622963], [0.0005851065507158637, -0.0008908509043976665, 0.0006150492699816823, -0.0019226570148020983, 0.0007782405591569841, -0.0007021711790002882, 0.00035256787668913603, 0.0013655214570462704, -0.004471820779144764, 0.004733840003609657, -0.0022735712118446827, -0.006575295701622963, 0.021609382703900337]], "lowlevel.mfcc.cov": [[6564.08984375, -2142.596435546875, 67.59202575683594, -338.8589782714844, -413.0589294433594, -284.6546325683594, -293.5048522949219, -323.9775085449219, -152.1183624267578, -132.77186584472656, -173.50552368164062, -92.46491241455078, -97.37566375732422], [-2142.596435546875, 3200.776611328125, -274.7903137207031, -170.3551025390625, -63.44683074951172, -187.74102783203125, -43.489906311035156, 59.18593215942383, -101.49141693115234, -43.26436233520508, -10.551501274108887, 62.625545501708984, 5.342406749725342], [67.59202575683594, -274.7903137207031, 683.4732666015625, 119.78436279296875, 34.881813049316406, 40.69378662109375, -77.20843505859375, -78.16938018798828, 7.0373992919921875, -46.700164794921875, -52.07305908203125, -27.369970321655273, 46.65966796875], [-338.8589782714844, -170.3551025390625, 119.78436279296875, 486.1625061035156, 220.59246826171875, 26.193496704101562, -43.62689208984375, -7.940155029296875, -13.987504959106445, -28.700651168823242, -39.596763610839844, -34.585960388183594, 23.73511505126953], [-413.0589294433594, -63.44683074951172, 34.881813049316406, 220.59246826171875, 293.8665771484375, 101.13980865478516, -22.920969009399414, -17.342721939086914, -0.6669718623161316, 11.500666618347168, -18.24510955810547, -9.24557876586914, 19.460248947143555], [-284.6546325683594, -187.74102783203125, 40.69378662109375, 26.193496704101562, 101.13980865478516, 265.17608642578125, 136.66925048828125, 51.841861724853516, 57.814353942871094, 20.092710494995117, 43.116336822509766, 4.094542026519775, -23.70847511291504], [-293.5048522949219, -43.489906311035156, -77.20843505859375, -43.62689208984375, -22.920969009399414, 136.66925048828125, 236.1878662109375, 133.91842651367188, 60.98919677734375, 40.31597137451172, 44.99385070800781, 20.64333152770996, -34.21175003051758], [-323.9775085449219, 59.18593215942383, -78.16938018798828, -7.940155029296875, -17.342721939086914, 51.841861724853516, 133.91842651367188, 169.2137451171875, 73.27242279052734, 27.855621337890625, 36.094295501708984, 26.389814376831055, -8.500176429748535], [-152.1183624267578, -101.49141693115234, 7.0373992919921875, -13.987504959106445, -0.6669718623161316, 57.814353942871094, 60.98919677734375, 73.27242279052734, 120.12289428710938, 50.94224166870117, 40.872283935546875, 13.479379653930664, -0.48503124713897705], [-132.77186584472656, -43.26436233520508, -46.700164794921875, -28.700651168823242, 11.500666618347168, 20.092710494995117, 40.31597137451172, 27.855621337890625, 50.94224166870117, 99.7478256225586, 49.605010986328125, 18.84868812561035, -4.914289474487305], [-173.50552368164062, -10.551501274108887, -52.07305908203125, -39.596763610839844, -18.24510955810547, 43.116336822509766, 44.99385070800781, 36.094295501708984, 40.872283935546875, 49.605010986328125, 123.08473205566406, 50.88320541381836, 12.342576026916504], [-92.46491241455078, 62.625545501708984, -27.369970321655273, -34.585960388183594, -9.24557876586914, 4.094542026519775, 20.64333152770996, 26.389814376831055, 13.479379653930664, 18.84868812561035, 50.88320541381836, 85.91441345214844, 42.89757537841797], [-97.37566375732422, 5.342406749725342, 46.65966796875, 23.73511505126953, 19.460248947143555, -23.70847511291504, -34.21175003051758, -8.500176429748535, -0.48503124713897705, -4.914289474487305, 12.342576026916504, 42.89757537841797, 93.58275604248047]], "lowlevel.mfcc.icov": [[0.0003080041497014463, 0.0002462425618432462, 7.468106196029112e-05, 0.00014834594912827015, 0.00033611193066462874, 0.00011215005361009389, 0.0002668953384272754, 0.0002628942602314055, 9.095887071453035e-05, 0.0002181342279072851, 0.00036500123678706586, -0.00038168192259036005, 0.0004502852389123291], [0.0002462425618432462, 0.0005631684325635433, 0.00012093354598619044, 0.00030223189969547093, 7.588115113321692e-05, 0.0003440673463046551, 0.0003277778741903603, -0.00020233725081197917, 0.0004378142475616187, 0.0003310858446639031, 0.00027972421958111227, -0.000568425515666604, 0.0005032838671468198], [7.468106196029112e-05, 0.00012093354598619044, 0.0019748348277062178, -0.0005092395003885031, 0.0008297463064081967, -0.000974079652223736, 0.0005796741461381316, 0.0009591098641976714, -0.0009119376773014665, 0.00045276322634890676, 0.0009234634344466031, 0.00015322300896514207, -0.0010779453441500664], [0.00014834594912827015, 0.00030223189969547093, -0.0005092395003885031, 0.0038818519096821547, -0.0031865322962403297, 0.001433617784641683, -0.0001460138155380264, -0.0009963439079001546, 0.0003182530927006155, 0.0015022701118141413, -0.000604804721660912, 0.0013283679727464914, -0.00016019472968764603], [0.00033611193066462874, 7.588115113321692e-05, 0.0008297463064081967, -0.0031865322962403297, 0.008585858158767223, -0.005095032509416342, 0.0035042352974414825, -4.8209076339844614e-05, 0.0013656099326908588, -0.0035176421515643597, 0.0031287239398807287, -0.0010946918046101928, -0.001148102805018425], [0.00011215005361009389, 0.0003440673463046551, -0.000974079652223736, 0.001433617784641683, -0.005095032509416342, 0.01017987821251154, -0.0069062113761901855, 0.0030219287145882845, -0.0032273067627102137, 0.004104857798665762, -0.0034152637235820293, 0.0004359704616945237, 0.0020567593164741993], [0.0002668953384272754, 0.0003277778741903603, 0.0005796741461381316, -0.0001460138155380264, 0.0035042352974414825, -0.0069062113761901855, 0.013995694927871227, -0.008781514130532742, 0.0032743995543569326, -0.003663197159767151, 0.0018735749181360006, -0.0017069705063477159, 0.002207525772973895], [0.0002628942602314055, -0.00020233725081197917, 0.0009591098641976714, -0.0009963439079001546, -4.8209076339844614e-05, 0.0030219287145882845, -0.008781514130532742, 0.01621239073574543, -0.008101827464997768, 0.0033940772991627455, 0.00010020085028372705, -0.002370331669226289, 0.00030702605727128685], [9.095887071453035e-05, 0.0004378142475616187, -0.0009119376773014665, 0.0003182530927006155, 0.0013656099326908588, -0.0032273067627102137, 0.0032743995543569326, -0.008101827464997768, 0.01688332110643387, -0.007129485718905926, -0.0008968840702436864, 0.001618209877051413, -0.0011071843327954412], [0.0002181342279072851, 0.0003310858446639031, 0.00045276322634890676, 0.0015022701118141413, -0.0035176421515643597, 0.004104857798665762, -0.003663197159767151, 0.0033940772991627455, -0.007129485718905926, 0.017751537263393402, -0.005301144905388355, -0.0007744274334982038, 0.0022912216372787952], [0.00036500123678706586, 0.00027972421958111227, 0.0009234634344466031, -0.000604804721660912, 0.0031287239398807287, -0.0034152637235820293, 0.0018735749181360006, 0.00010020085028372705, -0.0008968840702436864, -0.005301144905388355, 0.015423311851918697, -0.007824543863534927, 0.0005044969148002565], [-0.00038168192259036005, -0.000568425515666604, 0.00015322300896514207, 0.0013283679727464914, -0.0010946918046101928, 0.0004359704616945237, -0.0017069705063477159, -0.002370331669226289, 0.001618209877051413, -0.0007744274334982038, -0.007824543863534927, 0.023233644664287567, -0.010929668322205544], [0.0004502852389123291, 0.0005032838671468198, -0.0010779453441500664, -0.00016019472968764603, -0.001148102805018425, 0.0020567593164741993, 0.002207525772973895, 0.00030702605727128685, -0.0011071843327954412, 0.0022912216372787952, 0.0005044969148002565, -0.010929668322205544, 0.018356449902057648]], "metadata.audio_properties.analysis.downmix": "mix", "metadata.audio_properties.codec": "mp3", "metadata.audio_properties.md5_encoded": "be449c46b066f42cfcac2f93fc1d7a3d", "metadata.tags.file_name": "1183667138079248415.mp3", "metadata.version.essentia": "2.1-beta6-dev", "metadata.version.essentia_git_sha": "v2.1_beta5-1110-g77a6a954", "metadata.version.extractor": "music 2.0", "tonal.chords_key": "G", "tonal.chords_scale": "major", "tonal.key_edma.key": "G", "tonal.key_edma.scale": "minor", "tonal.key_krumhansl.key": "G", "tonal.key_krumhansl.scale": "minor", "tonal.key_temperley.key": "G", "tonal.key_temperley.scale": "minor", "metadata.tags.encoding": ["Lavf58.45.100"]}, "essentia_models": [{"model_name": "genre_dor