{"song_id": "1183686971298689044", "download": "https://cdn.discordapp.com/attachments/1135911532732108921/1183686971298689044/chirp.mp4?ex=65893d65&amp", "lyrics": "-", "style": ["lo</span><span>-fi sad alone missing someone smoking"], "essentia_features": {"lowlevel.average_loudness": 0.5545970797538757, "lowlevel.barkbands_crest.mean": 12.078392028808594, "lowlevel.barkbands_crest.stdev": 2.6988253593444824, "lowlevel.barkbands_flatness_db.mean": 0.4027212858200073, "lowlevel.barkbands_flatness_db.stdev": 0.06309830397367477, "lowlevel.barkbands_kurtosis.mean": 3.0647943019866943, "lowlevel.barkbands_kurtosis.stdev": 2.9749016761779785, "lowlevel.barkbands_skewness.mean": 1.0157071352005005, "lowlevel.barkbands_skewness.stdev": 0.6594356894493103, "lowlevel.barkbands_spread.mean": 2.638490915298462, "lowlevel.barkbands_spread.stdev": 3.214046001434326, "lowlevel.dissonance.mean": 0.341896116733551, "lowlevel.dissonance.stdev": 0.08180711418390274, "lowlevel.dynamic_complexity": 7.012666702270508, "lowlevel.erbbands_crest.mean": 14.063419342041016, "lowlevel.erbbands_crest.stdev": 3.7324063777923584, "lowlevel.erbbands_flatness_db.mean": 0.40684500336647034, "lowlevel.erbbands_flatness_db.stdev": 0.06517425179481506, "lowlevel.erbbands_kurtosis.mean": 2.2527687549591064, "lowlevel.erbbands_kurtosis.stdev": 2.1334714889526367, "lowlevel.erbbands_skewness.mean": 0.6376864910125732, "lowlevel.erbbands_skewness.stdev": 0.5003835558891296, "lowlevel.erbbands_spread.mean": 5.881401538848877, "lowlevel.erbbands_spread.stdev": 4.544342994689941, "lowlevel.hfc.mean": 6.00553035736084, "lowlevel.hfc.stdev": 8.552661895751953, "lowlevel.loudness_ebu128.integrated": -16.507129669189453, "lowlevel.loudness_ebu128.loudness_range": 12.729150772094727, "lowlevel.loudness_ebu128.momentary.mean": -21.200634002685547, "lowlevel.loudness_ebu128.momentary.stdev": 7.950243949890137, "lowlevel.loudness_ebu128.short_term.mean": -18.314727783203125, "lowlevel.loudness_ebu128.short_term.stdev": 4.447441577911377, "lowlevel.melbands_crest.mean": 14.065664291381836, "lowlevel.melbands_crest.stdev": 3.9165303707122803, "lowlevel.melbands_flatness_db.mean": 0.4776439666748047, "lowlevel.melbands_flatness_db.stdev": 0.07741200178861618, "lowlevel.melbands_kurtosis.mean": 2.396489381790161, "lowlevel.melbands_kurtosis.stdev": 2.5822112560272217, "lowlevel.melbands_skewness.mean": 0.8871514797210693, "lowlevel.melbands_skewness.stdev": 0.5223330855369568, "lowlevel.melbands_spread.mean": 5.717256546020508, "lowlevel.melbands_spread.stdev": 15.591263771057129, "lowlevel.pitch_salience.mean": 0.5752825736999512, "lowlevel.pitch_salience.stdev": 0.08120611310005188, "lowlevel.silence_rate_20dB.mean": 1.0, "lowlevel.silence_rate_20dB.stdev": 0.0, "lowlevel.silence_rate_30dB.mean": 1.0, "lowlevel.silence_rate_30dB.stdev": 0.0, "lowlevel.silence_rate_60dB.mean": 0.34886500239372253, "lowlevel.silence_rate_60dB.stdev": 0.47661092877388, "lowlevel.spectral_centroid.mean": 557.0369873046875, "lowlevel.spectral_centroid.stdev": 1158.5177001953125, "lowlevel.spectral_complexity.mean": 6.189964294433594, "lowlevel.spectral_complexity.stdev": 2.4073739051818848, "lowlevel.spectral_decrease.mean": -3.3985929626112465e-09, "lowlevel.spectral_decrease.stdev": 4.7097956645814065e-09, "lowlevel.spectral_energy.mean": 0.013371758162975311, "lowlevel.spectral_energy.stdev": 0.01854972168803215, "lowlevel.spectral_energyband_high.mean": 1.9205050705295434e-07, "lowlevel.spectral_energyband_high.stdev": 7.227810527865586e-08, "lowlevel.spectral_energyband_low.mean": 4.839915345655754e-05, "lowlevel.spectral_energyband_low.stdev": 8.615737897343934e-05, "lowlevel.spectral_energyband_middle_high.mean": 0.000362428865628317, "lowlevel.spectral_energyband_middle_high.stdev": 0.00044336161226965487, "lowlevel.spectral_energyband_middle_low.mean": 0.013059921562671661, "lowlevel.spectral_energyband_middle_low.stdev": 0.018248699605464935, "lowlevel.spectral_entropy.mean": 5.257426738739014, "lowlevel.spectral_entropy.stdev": 0.6459401845932007, "lowlevel.spectral_flux.mean": 0.016347791999578476, "lowlevel.spectral_flux.stdev": 0.019295386970043182, "lowlevel.spectral_kurtosis.mean": 102.00334930419922, "lowlevel.spectral_kurtosis.stdev": 60.24835968017578, "lowlevel.spectral_rms.mean": 0.0029245682526379824, "lowlevel.spectral_rms.stdev": 0.0021195565350353718, "lowlevel.spectral_rolloff.mean": 821.9954223632812, "lowlevel.spectral_rolloff.stdev": 2160.89453125, "lowlevel.spectral_skewness.mean": 7.988544940948486, "lowlevel.spectral_skewness.stdev": 2.542773723602295, "lowlevel.spectral_spread.mean": 1736596.125, "lowlevel.spectral_spread.stdev": 4552725.5, "lowlevel.spectral_strongpeak.mean": 1.0424342155456543, "lowlevel.spectral_strongpeak.stdev": 1.0701112747192383, "lowlevel.zerocrossingrate.mean": 0.028159884735941887, "lowlevel.zerocrossingrate.stdev": 0.06089874356985092, "metadata.audio_properties.analysis.equal_loudness": 0.0, "metadata.audio_properties.analysis.length": 19.391996383666992, "metadata.audio_properties.analysis.sample_rate": 44100.0, "metadata.audio_properties.analysis.start_time": 0.0, "metadata.audio_properties.bit_rate": 106680.0, "metadata.audio_properties.length": 19.392000198364258, "metadata.audio_properties.lossless": 0.0, "metadata.audio_properties.number_channels": 1.0, "metadata.audio_properties.replay_gain": -13.189826965332031, "metadata.audio_properties.sample_rate": 48000.0, "rhythm.beats_count": 43.0, "rhythm.beats_loudness.mean": 0.019090907648205757, "rhythm.beats_loudness.stdev": 0.02155357040464878, "rhythm.bpm": 132.89561462402344, "rhythm.bpm_histogram_first_peak_bpm": 133.0, "rhythm.bpm_histogram_first_peak_weight": 0.5, "rhythm.bpm_histogram_second_peak_bpm": 140.0, "rhythm.bpm_histogram_second_peak_spread": 0.375, "rhythm.bpm_histogram_second_peak_weight": 0.1190476194024086, "rhythm.danceability": 0.8764194250106812, "rhythm.onset_rate": 0.8757522702217102, "tonal.chords_changes_rate": 0.03579952195286751, "tonal.chords_number_rate": 0.016706444323062897, "tonal.chords_strength.mean": 0.43266579508781433, "tonal.chords_strength.stdev": 0.05743351951241493, "tonal.hpcp_crest.mean": 20.60611343383789, "tonal.hpcp_crest.stdev": 9.109004974365234, "tonal.hpcp_entropy.mean": 1.0884214639663696, "tonal.hpcp_entropy.stdev": 0.6221997737884521, "tonal.key_edma.strength": 0.7702930569648743, "tonal.key_krumhansl.strength": 0.7696921229362488, "tonal.key_temperley.strength": 0.7647017240524292, "tonal.tuning_diatonic_strength": 0.5214281678199768, "tonal.tuning_equal_tempered_deviation": 0.027635328471660614, "tonal.tuning_frequency": 440.0, "tonal.tuning_nontempered_energy_ratio": 0.5801942944526672, "lowlevel.barkbands.mean": [2.0404610268087708e-07, 4.304345679884136e-07, 7.028883828752441e-06, 0.00011982139403698966, 0.002209779340773821, 0.00375152169726789, 0.0017147696344181895, 0.004966846201568842, 0.00017439962539356202, 0.00015143891505431384, 0.00012185903324279934, 0.00012501917080953717, 1.3020441656408366e-05, 1.1509481737448368e-05, 3.392200596863404e-06, 4.1421671426178364e-07, 9.784783117083862e-08, 2.164355095146675e-08, 1.7538086538593234e-08, 2.294847512018805e-08, 3.318935526408495e-08, 4.2965787372395425e-08, 4.3433932006564646e-08, 3.183340524515188e-08, 2.1935681715490318e-08, 5.35922595190641e-09, 3.961344308134329e-10], "lowlevel.barkbands.stdev": [7.367014518422366e-07, 1.6415132222391549e-06, 1.3844214663549792e-05, 0.0001631097256904468, 0.004755940288305283, 0.006280017551034689, 0.0026974037755280733, 0.00900588370859623, 0.00029174290830269456, 0.00022135916515253484, 0.0001910480496007949, 0.00023465602134820074, 2.5815348635660484e-05, 2.781777766358573e-05, 7.22376807971159e-06, 8.608595294390398e-07, 2.636578244619159e-07, 1.9603881185048522e-08, 1.1088735263342642e-08, 1.313972131100627e-08, 1.588628073534437e-08, 2.1348398604459362e-08, 1.8736740159397414e-08, 1.3626117123521908e-08, 8.823142216840552e-09, 3.02531799611927e-09, 8.941166695919378e-10], "lowlevel.erbbands.mean": [1.997488107008394e-05, 0.00025101445498876274, 0.008039088919758797, 0.21550005674362183, 1.2888482809066772, 8.753758430480957, 13.532125473022461, 33.16231155395508, 39.73392868041992, 64.49870300292969, 78.90199279785156, 9.972004890441895, 5.810108184814453, 2.5309031009674072, 5.821279525756836, 5.070187091827393, 1.139363169670105, 0.6515156626701355, 0.263153076171875, 0.09568145871162415, 0.018849937245249748, 0.005509565584361553, 0.0015246070688590407, 0.0009933329420164227, 0.0009372164495289326, 0.001070672064088285, 0.0013752123340964317, 0.0013142391107976437, 0.0015843028668314219, 0.0013518307823687792, 0.0012160023907199502, 0.0007697527762502432, 0.0005016423529013991, 0.0002898935053963214, 0.00014378086780197918, 5.149494609213434e-05, 8.556548891647253e-06, 1.0493052968740813e-06, 6.389118425431661e-06, 1.4989395822340157e-05], "lowlevel.erbbands.stdev": [4.99436937388964e-05, 0.00046191131696105003, 0.01235882006585598, 0.27479225397109985, 1.4916621446609497, 20.968551635742188, 19.335281372070312, 57.403594970703125, 81.04370880126953, 146.25527954101562, 144.6999969482422, 16.520282745361328, 8.547504425048828, 3.5363376140594482, 9.53918170928955, 10.527316093444824, 2.1164767742156982, 1.418738842010498, 0.5025731921195984, 0.19995912909507751, 0.03594456985592842, 0.013059470802545547, 0.0018214865121990442, 0.000692804460413754, 0.0005475542857311666, 0.0006225091638043523, 0.0007198384264484048, 0.0006092147086746991, 0.0008130173664540052, 0.0006202643853612244, 0.0005342453368939459, 0.00033772640745155513, 0.00021724405814893544, 0.00012131787661928684, 6.14982345723547e-05, 2.56901348620886e-05, 7.360906693065772e-06, 1.402209022671741e-06, 8.865519703249447e-06, 2.081391357933171e-05], "lowlevel.gfcc.mean": [-281.60614013671875, 187.67076110839844, -85.19229125976562, -69.55965423583984, -116.73200225830078, -17.429534912109375, -46.375465393066406, -34.7099723815918, -22.943592071533203, -14.451626777648926, -9.286698341369629, -18.869503021240234, -3.935300588607788], "lowlevel.melbands.mean": [1.1649037645611315e-07, 4.120040102861822e-06, 6.472296081483364e-05, 0.0003020299773197621, 0.0005306043312884867, 0.0007962271338328719, 0.0005519162514247, 0.0008061155676841736, 0.000549309654161334, 2.9839233320672065e-05, 2.7031421268475242e-05, 8.626842827652581e-06, 1.691698344075121e-05, 1.5969573723850772e-05, 7.5308939813112374e-06, 1.0677036925699213e-06, 1.2984465911358711e-06, 4.5160268768995593e-07, 2.5304282758042973e-07, 4.61389255690392e-08, 1.4436920103833017e-08, 6.3329532729028415e-09, 1.7376862171403218e-09, 9.84056391928334e-10, 7.532511836494393e-10, 6.625559545447857e-10, 6.996753176835568e-10, 6.999024138032439e-10, 8.514519089786177e-10, 7.955619496513577e-10, 7.469377893976059e-10, 9.235162634624317e-10, 7.95981835999271e-10, 7.427116144320678e-10, 7.208911800837825e-10, 5.812379466618722e-10, 4.246663576346066e-10, 3.6818942339422733e-10, 2.6620525228615577e-10, 2.2978823011055027e-10], "lowlevel.melbands.stdev": [4.626872680546512e-07, 7.364757948380429e-06, 7.52347768866457e-05, 0.0006234978209249675, 0.0009405116434209049, 0.0014260828029364347, 0.0011025971034541726, 0.0018202769570052624, 0.0010453591821715236, 4.961260128766298e-05, 4.1296858398709446e-05, 1.3733111700275913e-05, 2.5627734430599958e-05, 2.497890636732336e-05, 1.8106846255250275e-05, 1.992168563447194e-06, 3.154492787871277e-06, 8.98342705113464e-07, 6.231157954061928e-07, 8.862110689733527e-08, 3.022645600481155e-08, 1.7268165564132687e-08, 2.938459919832326e-09, 8.864676770414803e-10, 5.342546960385164e-10, 4.385503349357833e-10, 4.2544009981604347e-10, 4.5490333722142395e-10, 4.79615236415043e-10, 4.1905923175988846e-10, 3.7735015112616566e-10, 5.082393950139874e-10, 4.3112063918826493e-10, 3.616092147940009e-10, 3.4096434009533994e-10, 2.7427973781080084e-10, 2.0049828464152597e-10, 1.7469270474634868e-10, 1.278086386724553e-10, 1.0578558862217591e-10], "lowlevel.melbands128.mean": [7.361087028812108e-08, 7.980006699881415e-08, 1.347162879028474e-07, 1.856129614452584e-07, 3.304477047549881e-07, 4.802061084774323e-06, 3.1853534892434254e-05, 7.091991574270651e-05, 0.0001429106341674924, 9.645849786465988e-05, 0.0005210957606323063, 0.0008939711260609329, 0.000423397432314232, 0.00025563957751728594, 0.0004785312048625201, 0.0014546605525538325, 0.0011410729493945837, 0.0001170704053947702, 0.00018952996470034122, 0.0007819902966730297, 0.0011620951117947698, 0.0006827967008575797, 0.0007049078703857958, 5.4955220548436046e-05, 1.744053042784799e-05, 1.8196466044173576e-05, 1.7781163478503004e-05, 4.931741932523437e-05, 8.37055267766118e-06, 8.00530870037619e-06, 7.622810699103866e-06, 1.211458038596902e-05, 1.1644928235909902e-05, 3.0560066079488024e-05, 1.469319704483496e-05, 1.1218035069759935e-05, 1.856491871876642e-05, 6.5812687353172805e-06, 2.2697329313814407e-06, 1.5037292087072274e-06, 8.61977582644613e-07, 1.546042796007896e-07, 1.1960505617025774e-06, 2.57069882536598e-06, 1.3567496637278964e-07, 2.4709228796382376e-07, 2.9112104016348894e-07, 4.701712725818652e-07, 8.853233879335676e-08, 5.467952846061053e-08, 4.642045325908839e-08, 3.7103973227203824e-08, 9.554240953946191e-09, 9.150938673485598e-09, 1.0431844721381367e-08, 6.342162794936712e-09, 2.863400627717283e-09, 2.1355672785716706e-09, 1.275819339063844e-09, 1.0944533057610784e-09, 9.701266456829671e-10, 9.255347599435026e-10, 7.580097660664364e-10, 7.364574505785981e-10, 6.534641161515253e-10, 7.237057064735097e-10, 5.950942516541602e-10, 6.330498902862303e-10, 8.302109555380355e-10, 6.363663485053905e-10, 6.378352290781208e-10, 7.693905512695665e-10, 7.62370944151769e-10, 9.122189670307534e-10, 9.266734601887094e-10, 7.115965039439232e-10, 8.563124098692754e-10, 6.884463554790443e-10, 6.457306356288939e-10, 8.706743104269776e-10, 9.714764548363064e-10, 1.0098466507457715e-09, 7.529232792791163e-10, 8.852574229223364e-10, 6.509836558699078e-10, 7.380208666418753e-10, 7.64328711433393e-10, 7.640196253433373e-10, 7.179753458430582e-10, 7.060666495917189e-10, 6.5095129286874e-10, 5.499459776459048e-10, 4.5609530041623714e-10, 4.2245601461488036e-10, 3.9536143803253765e-10, 4.00463578964505e-10, 3.8053152295880466e-10, 3.0492117164548915e-10, 2.636810214617924e-10, 2.45179238023141e-10, 2.355921291385954e-10, 2.400238896527185e-10, 2.060152048954933e-10, 1.903483065612832e-10, 1.4494432043488104e-10, 1.334315435919109e-10, 1.0719822252092115e-10, 1.0051694893098428e-10, 7.825761566548906e-11, 5.820541271184254e-11, 4.039798010002649e-11, 1.717226187636367e-11, 2.3887413314743755e-12, 2.1017809888335126e-12, 2.0279628670794025e-12, 1.965385753449622e-12, 1.9087698002046016e-12, 1.854502879386488e-12, 1.8079464791584399e-12, 1.7630767722501273e-12, 1.720257833751071e-12, 1.6821087708493443e-12, 1.6540073347406925e-12, 1.62371147343493e-12, 1.5783737164487555e-12, 1.5212811479287103e-12, 1.4878448950303436e-12, 1.4768410019211364e-12], "lowlevel.melbands128.stdev": [3.2685829864931293e-07, 3.791396352426091e-07, 5.647418674925575e-07, 6.810967079218244e-07, 8.64095056840597e-07, 9.579628567735199e-06, 5.7039997045649216e-05, 0.0001029047925840132, 0.0002023104898398742, 0.0001298266142839566, 0.0013397950679063797, 0.0021565877832472324, 0.0006199223571456969, 0.0004028828698210418, 0.0009650644497014582, 0.00321561424061656, 0.002665463136509061, 0.00022231195180211216, 0.00047950932639651, 0.001972863683477044, 0.003037724643945694, 0.0013514109887182713, 0.0016387066571041942, 9.494749247096479e-05, 4.441778946784325e-05, 6.828862387919798e-05, 2.7264995878795162e-05, 8.135096140904352e-05, 1.249076103704283e-05, 2.4109609512379393e-05, 1.7885531633510254e-05, 2.0271003450034186e-05, 1.785899803508073e-05, 7.032505527604371e-05, 3.712239413289353e-05, 3.264548286097124e-05, 4.936945697409101e-05, 2.450404099363368e-05, 6.561069312738255e-06, 2.9976345103932545e-06, 2.105951807607198e-06, 4.237116684180364e-07, 2.804045152515755e-06, 6.782184755138587e-06, 4.040316525788512e-07, 7.297423962882021e-07, 6.121815658843843e-07, 1.5054089317345642e-06, 1.8376888988314022e-07, 1.1679120603957927e-07, 1.1107078279337657e-07, 1.005875276405277e-07, 1.988307118949706e-08, 2.4428629785688827e-08, 3.8940960678246483e-08, 2.3673635496379575e-08, 6.351842607443814e-09, 5.37918998233522e-09, 1.5738151892819019e-09, 1.2014316208563969e-09, 1.1274321476406612e-09, 8.758770930761273e-10, 6.330862500902867e-10, 6.32524144172919e-10, 5.32991040191888e-10, 5.651025758446337e-10, 4.940919895446427e-10, 4.669449271688109e-10, 6.252070527956732e-10, 4.883246584874712e-10, 5.33744271002945e-10, 6.159684429185575e-10, 5.647451395418557e-10, 6.374237804251948e-10, 6.742669200754392e-10, 4.963798261314878e-10, 5.946139691737073e-10, 4.2853603998693757e-10, 4.302498635144758e-10, 6.159446286346792e-10, 6.89672652320894e-10, 7.784510813735324e-10, 5.227259736173551e-10, 6.443426348035075e-10, 4.2826106549931353e-10, 4.4364903417637436e-10, 4.632389749570365e-10, 4.761637750760883e-10, 4.2998535287885886e-10, 4.291024202629501e-10, 3.854843944051112e-10, 3.2003558136928234e-10, 2.9692334702069445e-10, 2.516276909059201e-10, 2.2815517530805351e-10, 2.376413510418729e-10, 2.259951253913428e-10, 1.8710720472991937e-10, 1.7161200238646757e-10, 1.4464790476509393e-10, 1.3949767729837248e-10, 1.3968677603504176e-10, 1.2182536923699416e-10, 1.1934879473596283e-10, 9.922105498327838e-11, 8.461628620004547e-11, 6.720332623721958e-11, 6.510766925593714e-11, 5.5874749271822566e-11, 4.899201877517356e-11, 3.697896155951952e-11, 2.0114042376118135e-11, 5.007008262863932e-12, 4.762846367301066e-12, 4.59807756106323e-12, 4.440901205798875e-12, 4.304522450288006e-12, 4.177842533731324e-12, 4.063256241887414e-12, 3.958145877031027e-12, 3.866552043818583e-12, 3.778656207376052e-12, 3.706247982127042e-12, 3.642969606532098e-12, 3.5890728323356713e-12, 3.54716473208172e-12, 3.5164757390682144e-12, 3.4973046594138912e-12], "lowlevel.mfcc.mean": [-933.6807250976562, 238.8140106201172, 41.142669677734375, -47.91439437866211, -52.09922409057617, -17.773921966552734, -32.120365142822266, -30.208984375, -25.985788345336914, -17.26361656188965, -16.307092666625977, -10.632060050964355, -7.698195934295654], "lowlevel.spectral_contrast_coeffs.mean": [-0.49035534262657166, -0.6374169588088989, -0.7279760241508484, -0.8117156028747559, -0.8916488885879517, -0.8514539003372192], "lowlevel.spectral_contrast_coeffs.stdev": [0.08901091665029526, 0.09876183420419693, 0.056948404759168625, 0.05354035273194313, 0.01985219679772854, 0.020903605967760086], "lowlevel.spectral_contrast_valleys.mean": [-10.024112701416016, -7.75895881652832, -9.179583549499512, -10.841022491455078, -11.821919441223145, -13.700834274291992], "lowlevel.spectral_contrast_valleys.stdev": [2.1417899131774902, 2.449289560317993, 2.2985363006591797, 2.089005947113037, 1.83485746383667, 1.6169222593307495], "rhythm.beats_loudness_band_ratio.mean": [0.07576960325241089, 0.5482820272445679, 0.4834064543247223, 0.0323631726205349, 0.00035306994686834514, 7.670588092878461e-05], "rhythm.beats_loudness_band_ratio.stdev": [0.09116217494010925, 0.145354226231575, 0.16386593878269196, 0.0228394977748394, 0.00039419441600330174, 0.00010179623495787382], "tonal.hpcp.mean": [0.0066191586665809155, 0.001687664887867868, 0.05100332945585251, 0.10612516105175018, 0.056517891585826874, 0.013546830974519253, 0.015904951840639114, 0.00652398681268096, 0.27870669960975647, 0.4837479293346405, 0.21071122586727142, 0.012307916767895222, 0.010954856872558594, 0.0020278196316212416, 0.253899484872818, 0.41084688901901245, 0.16002726554870605, 0.0688840001821518, 0.13982592523097992, 0.07346516847610474, 0.008685213513672352, 0.011267800815403461, 0.0032392055727541447, 0.07698912173509598, 0.12687771022319794, 0.050919946283102036, 0.0014570383355021477, 0.002018863568082452, 0.001978073501959443, 0.32471469044685364, 0.49694231152534485, 0.1732456088066101, 0.0025703052524477243, 0.002670446876436472, 0.0017557580722495914, 0.006686643231660128], "tonal.hpcp.stdev": [0.012797357514500618, 0.002793826861307025, 0.12375534325838089, 0.25499218702316284, 0.1344577968120575, 0.039203476160764694, 0.046386685222387314, 0.03522453084588051, 0.2448716014623642, 0.4074474573135376, 0.18770188093185425, 0.03513519465923309, 0.04678596556186676, 0.02216293476521969, 0.26639631390571594, 0.38502129912376404, 0.1457740217447281, 0.1442411243915558, 0.29878222942352295, 0.16333822906017303, 0.04222376272082329, 0.056890301406383514, 0.017543211579322815, 0.18533079326152802, 0.3017633259296417, 0.122202567756176, 0.01509664487093687, 0.030404701828956604, 0.019190099090337753, 0.2669084966182709, 0.40110448002815247, 0.15452401340007782, 0.04535490274429321, 0.048795588314533234, 0.026659375056624413, 0.03009355440735817], "rhythm.beats_position": [0.41795918345451355, 0.8359183669090271, 1.265487551689148, 1.695056676864624, 2.1246259212493896, 2.554194927215576, 2.9953742027282715, 3.4365532398223877, 3.8893423080444336, 4.342131614685059, 4.806530475616455, 5.27092981338501, 5.700498580932617, 6.1416778564453125, 6.582857131958008, 7.035645961761475, 7.47682523727417, 7.918004512786865, 8.370793342590332, 8.823582649230957, 9.276371955871582, 9.729161262512207, 10.205169677734375, 10.692789077758789, 11.192017555236816, 11.69124698638916, 12.178866386413574, 12.631654739379883, 13.096054077148438, 13.548843383789062, 14.001632690429688, 14.466031074523926, 14.883990287780762, 15.290339469909668, 15.696688652038574, 16.114648818969727, 16.509387969970703, 16.89251708984375, 17.275646209716797, 17.670385360717773, 18.05351448059082, 18.448253631591797, 18.842992782592773], "rhythm.bpm_histogram": [0.0, 0.0, 0.0, 0.0, 0.0, 0.0, 0.0, 0.0, 0.0, 0.0, 0.0, 0.0, 0.0, 0.0, 0.0, 0.0, 0.0, 0.0, 0.0, 0.0, 0.0, 0.0, 0.0, 0.0, 0.0, 0.0, 0.0, 0.0, 0.0, 0.0, 0.0, 0.0, 0.0, 0.0, 0.0, 0.0, 0.0, 0.0, 0.0, 0.0, 0.0, 0.0, 0.0, 0.0, 0.0, 0.0, 0.0, 0.0, 0.0, 0.0, 0.0, 0.0, 0.0, 0.0, 0.0, 0.0, 0.0, 0.0, 0.0, 0.0, 0.0, 0.0, 0.0, 0.0, 0.0, 0.0, 0.0, 0.0, 0.0, 0.0, 0.0, 0.0, 0.0, 0.0, 0.0, 0.0, 0.0, 0.0, 0.0, 0.0, 0.0, 0.0, 0.0, 0.0, 0.0, 0.0, 0.0, 0.0, 0.0, 0.0, 0.0, 0.0, 0.0, 0.0, 0.0, 0.0, 0.0, 0.0, 0.0, 0.0, 0.0, 0.0, 0.0, 0.0, 0.0, 0.0, 0.0, 0.0, 0.0, 0.0, 0.0, 0.0, 0.0, 0.0, 0.0, 0.0, 0.0, 0.0, 0.0, 0.0, 0.0476190485060215, 0.0, 0.0, 0.0476190485060215, 0.0, 0.0, 0.02380952425301075, 0.0, 0.0, 0.095238097012043, 0.0, 0.0, 0.0, 0.2380952388048172, 0.0, 0.0, 0.1428571492433548, 0.0, 0.0, 0.0, 0.1190476194024086, 0.0, 0.0, 0.0, 0.0714285746216774, 0.0, 0.0, 0.0, 0.0476190485060215, 0.0, 0.0, 0.0, 0.095238097012043, 0.0, 0.0, 0.0, 0.0, 0.0714285746216774, 0.0, 0.0, 0.0, 0.0, 0.0, 0.0, 0.0, 0.0, 0.0, 0.0, 0.0, 0.0, 0.0, 0.0, 0.0, 0.0, 0.0, 0.0, 0.0, 0.0, 0.0, 0.0, 0.0, 0.0, 0.0, 0.0, 0.0, 0.0, 0.0, 0.0, 0.0, 0.0, 0.0, 0.0, 0.0, 0.0, 0.0, 0.0, 0.0, 0.0, 0.0, 0.0, 0.0, 0.0, 0.0, 0.0, 0.0, 0.0, 0.0, 0.0, 0.0, 0.0, 0.0, 0.0, 0.0, 0.0, 0.0, 0.0, 0.0, 0.0, 0.0, 0.0, 0.0, 0.0, 0.0, 0.0, 0.0, 0.0, 0.0, 0.0, 0.0, 0.0, 0.0, 0.0, 0.0, 0.0, 0.0, 0.0, 0.0, 0.0, 0.0, 0.0, 0.0, 0.0, 0.0, 0.0, 0.0, 0.0, 0.0, 0.0, 0.0, 0.0], "tonal.chords_histogram": [42.95942687988281, 2.3866348266601562, 14.081145286560059, 1.6706444025039673, 0.0, 0.0, 0.0, 0.9546539187431335, 0.0, 27.207637786865234, 0.0, 0.0, 0.0, 0.0, 0.0, 0.0, 0.0, 0.0, 0.0, 0.0, 0.0, 0.0, 7.875895023345947, 2.863961696624756], "tonal.thpcp": [1.0, 0.3486231863498688, 0.005172240547835827, 0.005373756401240826, 0.003533122595399618, 0.013455572538077831, 0.01331977266818285, 0.003396098269149661, 0.10263430327177048, 0.21355630457401276, 0.11373129487037659, 0.027260368689894676, 0.03200563043355942, 0.013128258287906647, 0.5608431696891785, 0.9734488725662231, 0.42401546239852905, 0.02476729452610016, 0.022044524550437927, 0.004080593585968018, 0.510923445224762, 0.8267496824264526, 0.32202383875846863, 0.138615682721138, 0.2813725471496582, 0.1478344053030014, 0.017477307468652725, 0.022674262523651123, 0.006518272683024406, 0.15492567420005798, 0.25531676411628723, 0.10246651619672775, 0.00293200695887208, 0.004062571097165346, 0.003980488982051611, 0.6534253358840942], "lowlevel.gfcc.cov": [[19323.203125, 4063.45166015625, -1800.27392578125, -2308.839111328125, -925.7981567382812, -159.83351135253906, -692.8687133789062, -1010.8519287109375, 164.6671600341797, 17.038089752197266, 157.01318359375, -396.27325439453125, -65.75225830078125], [4063.45166015625, 989.342529296875, -370.7729187011719, -609.627197265625, -85.4793472290039, -49.2835693359375, -145.25982666015625, -244.5289764404297, 96.20897674560547, 22.169883728027344, 56.18490219116211, -84.79332733154297, -21.932056427001953], [-1800.27392578125, -370.7729187011719, 308.422607421875, 316.47808837890625, -1.4639443159103394, -27.963180541992188, 85.34521484375, 134.2700958251953, -69.68867492675781, -42.80146408081055, -40.425838470458984, 26.182344436645508, 2.3767292499542236], [-2308.839111328125, -609.627197265625, 316.47808837890625, 698.454833984375, -105.38905334472656, 85.12222290039062, 85.73004150390625, 201.0019989013672, -197.2053680419922, -113.2703628540039, -132.40830993652344, 19.71243667602539, 19.526655197143555], [-925.7981567382812, -85.4793472290039, -1.4639443159103394, -105.38905334472656, 453.9134216308594, 93.43848419189453, 30.805837631225586, -45.673709869384766, 152.99664306640625, 89.9590835571289, 50.48694610595703, 17.22788429260254, -17.557815551757812], [-159.83351135253906, -49.2835693359375, -27.963180541992188, 85.12222290039062, 93.43848419189453, 138.7456512451172, 19.780773162841797, -18.009273529052734, -14.25544261932373, 8.379227638244629, -16.22269058227539, -7.212272644042969, 0.6225723028182983], [-692.8687133789062, -145.25982666015625, 85.34521484375, 85.73004150390625, 30.805837631225586, 19.780773162841797, 75.56043243408203, 51.931373596191406, -9.50937271118164, -4.604638576507568, 1.0040810108184814, 13.348565101623535, 2.8901822566986084], [-1010.8519287109375, -244.5289764404297, 134.2700958251953, 201.0019989013672, -45.673709869384766, -18.009273529052734, 51.931373596191406, 121.15164184570312, -41.12057876586914, -32.419342041015625, -33.99317932128906, 19.347326278686523, -2.4139914512634277], [164.6671600341797, 96.20897674560547, -69.68867492675781, -197.2053680419922, 152.99664306640625, -14.25544261932373, -9.50937271118164, -41.12057876586914, 123.11117553710938, 60.197086334228516, 47.751976013183594, 1.0325130224227905, -12.15426254272461], [17.038089752197266, 22.169883728027344, -42.80146408081055, -113.2703628540039, 89.9590835571289, 8.379227638244629, -4.604638576507568, -32.419342041015625, 60.197086334228516, 69.58301544189453, 45.9729118347168, 5.026065349578857, -14.521979331970215], [157.01318359375, 56.18490219116211, -40.425838470458984, -132.40830993652344, 50.48694610595703, -16.22269058227539, 1.0040810108184814, -33.99317932128906, 47.751976013183594, 45.9729118347168, 68.4935073852539, 14.304859161376953, -5.529787063598633], [-396.27325439453125, -84.79332733154297, 26.182344436645508, 19.71243667602539, 17.22788429260254, -7.212272644042969, 13.348565101623535, 19.347326278686523, 1.0325130224227905, 5.026065349578857, 14.304859161376953, 36.374786376953125, 5.8091044425964355], [-65.75225830078125, -21.932056427001953, 2.3767292499542236, 19.526655197143555, -17.557815551757812, 0.6225723028182983, 2.8901822566986084, -2.4139914512634277, -12.15426254272461, -14.521979331970215, -5.529787063598633, 5.8091044425964355, 33.729000091552734]], "lowlevel.gfcc.icov": [[0.0008949488401412964, -0.003012317232787609, 0.0019152682507410645, -0.0004166538128629327, 0.0010091360891237855, 7.62859926908277e-05, 4.556345174933085e-06, 0.00022612455359194428, 0.0007586093270219862, -0.0004413244314491749, -0.00031131034484133124, 0.0011083715362474322, 0.0002732695429585874], [-0.003012317232787609, 0.015923043712973595, -0.007162868045270443, 0.00649015698581934, -0.0014421804808080196, -0.0030631255358457565, 0.0026381753850728273, 0.0031365035101771355, -0.0037386922631412745, 0.009181203320622444, 0.0003622393123805523, 0.0016079379711300135, 0.0029213540256023407], [0.0019152682507410645, -0.007162868045270443, 0.018833329901099205, -0.00787483248859644, -0.0029172401409596205, 0.012990831397473812, -0.010752911679446697, 0.00021892644872423261, 0.007736586965620518, -0.004249108023941517, -8.84263645275496e-05, 0.002756319008767605, 0.0019558477215468884], [-0.0004166538128629327, 0.00649015698581934, -0.00787483248859644, 0.016231631860136986, 9.836822573561221e-05, -0.011211743578314781, 0.008926871232688427, -0.008973127231001854, 0.008256874978542328, 0.0074576810002326965, 0.003366286400705576, 0.004191033076494932, -0.000566736503969878], [0.0010091360891237855, -0.0014421804808080196, -0.0029172401409596205, 9.836822573561221e-05, 0.01122151780873537, -0.008509508334100246, 0.000881977379322052, 0.007112126797437668, -0.014988847076892853, 0.0021148533560335636, 0.00029337903833948076, -0.001972395461052656, 0.003507130080834031], [7.62859926908277e-05, -0.0030631255358457565, 0.012990831397473812, -0.011211743578314781, -0.008509508334100246, 0.027393780648708344, -0.01633390597999096, 0.008708244189620018, 0.010397804901003838, -0.011632619425654411, 0.006259726360440254, -3.024634906978463e-06, 0.0005851233727298677], [4.556345174933085e-06, 0.0026381753850728273, -0.010752911679446697, 0.008926871232688427, 0.000881977379322052, -0.01633390597999096, 0.03601107746362686, -0.017249563708901405, 0.00013475585728883743, 0.008909525349736214, -0.012643802911043167, 0.006016100291162729, -0.005470162257552147], [0.00022612455359194428, 0.0031365035101771355, 0.00021892644872423261, -0.008973127231001854, 0.007112126797437668, 0.008708244189620018, -0.017249563708901405, 0.042764049023389816, -0.016284499317407608, 0.004731026478111744, 0.00946045108139515, -0.009911317378282547, 0.015166749246418476], [0.0007586093270219862, -0.0037386922631412745, 0.007736586965620518, 0.008256874978542328, -0.014988847076892853, 0.010397804901003838, 0.00013475585728883743, -0.016284499317407608, 0.04791313037276268, -0.014326485805213451, 0.0013197429943829775, 0.008266874589025974, -0.005559138488024473], [-0.0004413244314491749, 0.009181203320622444, -0.004249108023941517, 0.0074576810002326965, 0.0021148533560335636, -0.011632619425654411, 0.008909525349736214, 0.004731026478111744, -0.014326485805213451, 0.0517684631049633, -0.021525071933865547, 0.005910439882427454, 0.01456177607178688], [-0.00031131034484133124, 0.0003622393123805523, -8.84263645275496e-05, 0.003366286400705576, 0.00029337903833948076, 0.006259726360440254, -0.012643802911043167, 0.00946045108139515, 0.0013197429943829775, -0.021525071933865547, 0.04513993486762047, -0.018620045855641365, 0.001299217576161027], [0.0011083715362474322, 0.0016079379711300135, 0.002756319008767605, 0.004191033076494932, -0.001972395461052656, -3.024634906978463e-06, 0.006016100291162729, -0.009911317378282547, 0.008266874589025974, 0.005910439882427454, -0.018620045855641365, 0.05059113726019859, -0.007908094674348831], [0.0002732695429585874, 0.0029213540256023407, 0.0019558477215468884, -0.000566736503969878, 0.003507130080834031, 0.0005851233727298677, -0.005470162257552147, 0.015166749246418476, -0.005559138488024473, 0.01456177607178688, 0.001299217576161027, -0.007908094674348831, 0.04148105904459953]], "lowlevel.mfcc.cov": [[5263.61767578125, 3180.75244140625, -579.6060180664062, -1095.7861328125, -65.71900177001953, 341.5821533203125, -352.7381896972656, -414.8266906738281, -195.26307678222656, 80.67707061767578, 69.45486450195312, 168.88348388671875, 199.74124145507812], [3180.75244140625, 2135.6591796875, -285.3309631347656, -680.969970703125, -84.1589584350586, 121.92388153076172, -255.82659912109375, -267.93865966796875, -136.57485961914062, 17.416240692138672, 39.41804885864258, 116.18695068359375, 124.12321472167969], [-579.6060180664062, -285.3309631347656, 378.2835998535156, 241.77267456054688, -158.08335876464844, -136.7185516357422, 73.6994400024414, 81.55135345458984, 1.8445123434066772, -65.84906005859375, -65.3793716430664, -88.71582794189453, -106.73029327392578], [-1095.7861328125, -680.969970703125, 241.77267456054688, 352.86383056640625, 4.0318379402160645, -88.65229034423828, 98.02543640136719, 121.59188842773438, 48.04651641845703, -28.01224708557129, -35.006187438964844, -69.29753875732422, -87.82587432861328], [-65.71900177001953, -84.1589584350586, -158.08335876464844, 4.0318379402160645, 206.2841796875, 118.07992553710938, 1.1529756784439087, -1.3958460092544556, 31.522045135498047, 49.72394561767578, 31.482786178588867, 18.884803771972656, 39.09109878540039], [341.5821533203125, 121.92388153076172, -136.7185516357422, -88.65229034423828, 118.07992553710938, 186.6768798828125, 25.93597412109375, -21.79941749572754, 9.668917655944824, 52.7203254699707, 14.033395767211914, -0.5932236909866333, 35.36552810668945], [-352.7381896972656, -255.82659912109375, 73.6994400024414, 98.02543640136719, 1.1529756784439087, 25.93597412109375, 99.9404525756836, 60.740013122558594, 21.381378173828125, 4.650701999664307, -6.211383819580078, -23.169757843017578, -23.36162757873535], [-414.8266906738281, -267.93865966796875, 81.55135345458984, 121.59188842773438, -1.3958460092544556, -21.79941749572754, 60.740013122558594, 96.09034729003906, 45.879859924316406, -8.362568855285645, -17.33293914794922, -16.210590362548828, -20.315006256103516], [-195.26307678222656, -136.57485961914062, 1.8445123434066772, 48.04651641845703, 31.522045135498047, 9.668917655944824, 21.381378173828125, 45.879859924316406, 59.84735870361328, 21.948429107666016, -7.478949546813965, -8.523396492004395, 1.0541101694107056], [80.67707061767578, 17.416240692138672, -65.84906005859375, -28.01224708557129, 49.72394561767578, 52.7203254699707, 4.650701999664307, -8.362568855285645, 21.948429107666016, 61.95375061035156, 28.150537490844727, 6.910166263580322, 15.404808044433594], [69.45486450195312, 39.41804885864258, -65.3793716430664, -35.006187438964844, 31.482786178588867, 14.033395767211914, -6.211383819580078, -17.33293914794922, -7.478949546813965, 28.150537490844727, 59.43205261230469, 44.21464920043945, 23.423059463500977], [168.88348388671875, 116.18695068359375, -88.71582794189453, -69.29753875732422, 18.884803771972656, -0.5932236909866333, -23.169757843017578, -16.210590362548828, -8.523396492004395, 6.910166263580322, 44.21464920043945, 96.06905364990234, 65.16687774658203], [199.74124145507812, 124.12321472167969, -106.73029327392578, -87.82587432861328, 39.09109878540039, 35.36552810668945, -23.36162757873535, -20.315006256103516, 1.0541101694107056, 15.404808044433594, 23.423059463500977, 65.16687774658203, 87.81859588623047]], "lowlevel.mfcc.icov": [[0.0032778221648186445, -0.00460868701338768, 0.0024292878806591034, -0.0014131515054032207, 0.003269294509664178, -0.00417766347527504, 0.0008260787581093609, -0.0004574904451146722, 0.0006339387036859989, -0.0011302076745778322, 0.0008898984524421394, -0.0007812888361513615, 0.0014718766324222088], [-0.00460868701338768, 0.008493412286043167, -0.006474818103015423, 0.006893106736242771, -0.0056992885656654835, 0.004693853203207254, 0.0019205760909244418, -8.720703044673428e-05, 0.00015009701019153, 0.0008004750125110149, -0.0006903187604621053, -0.0008288841345347464, -0.0007033584988676012], [0.0024292878806591034, -0.006474818103015423, 0.019781338050961494, -0.01701553352177143, 0.013756485655903816, -0.002345697022974491, -0.0051027280278503895, 0.0011389466235414147, 0.0004679436970036477, 0.002032472053542733, 0.0016770591028034687, 0.0050328620709478855, -0.00016648518794681877], [-0.0014131515054032207, 0.006893106736242771, -0.01701553352177143, 0.029191426932811737, -0.017318982630968094, 0.008747309446334839, -0.00038955622585490346, -0.007571579422801733, 0.0023836414329707623, -0.0024988714139908552, 0.0018108877120539546, -0.0035091382451355457, 0.006847663316875696], [0.003269294509664178, -0.0056992885656654835, 0.013756485655903816, -0.017318982630968094, 0.02523314580321312, -0.016675323247909546, 0.007230697199702263, 0.001573850866407156, -0.004368135705590248, 0.0021258299238979816, -0.005318342242389917, 0.0019431386608630419, -0.0025551069993525743], [-0.00417766347527504, 0.004693853203207254, -0.002345697022974491, 0.008747309446334839, -0.016675323247909546, 0.02760782465338707, -0.017453186213970184, 0.0023369912523776293, 0.002856910228729248, -0.006159875076264143, 0.005703211296349764, 0.0064070257358253, -0.004261978901922703], [0.0008260787581093609, 0.0019205760909244418, -0.0051027280278503895, -0.00038955622585490346, 0.007230697199702263, -0.017453186213970184, 0.03474147245287895, -0.016787230968475342, 0.007160319946706295, -0.0033568968065083027, -0.005272849928587675, -0.002768849488347769, 0.0019478686153888702], [-0.0004574904451146722, -8.720703044673428e-05, 0.0011389466235414147, -0.007571579422801733, 0.001573850866407156, 0.0023369912523776293, -0.016787230968475342, 0.04158647730946541, -0.027819838374853134, 0.012396047823131084, 9.600927296560258e-05, -0.0039051289204508066, -0.0004797803412657231], [0.0006339387036859989, 0.00015009701019153, 0.0004679436970036477, 0.0023836414329707623, -0.004368135705590248, 0.002856910228729248, 0.007160319946706295, -0.027819838374853134, 0.049336027354002, -0.02638903073966503, 0.015343483537435532, -0.0006648187409155071, -0.002000536071136594], [-0.0011302076745778322, 0.0008004750125110149, 0.002032472053542733, -0.0024988714139908552, 0.0021258299238979816, -0.006159875076264143, -0.0033568968065083027, 0.012396047823131084, -0.02638903073966503, 0.044742267578840256, -0.025959333404898643, 0.010838278569281101, -0.003731295233592391], [0.0008898984524421394, -0.0006903187604621053, 0.0016770591028034687, 0.0018108877120539546, -0.005318342242389917, 0.005703211296349764, -0.005272849928587675, 9.600927296560258e-05, 0.015343483537435532, -0.025959333404898643, 0.04824906215071678, -0.024712033569812775, 0.011329400353133678], [-0.0007812888361513615, -0.0008288841345347464, 0.0050328620709478855, -0.0035091382451355457, 0.0019431386608630419, 0.0064070257358253, -0.002768849488347769, -0.0039051289204508066, -0.0006648187409155071, 0.010838278569281101, -0.024712033569812775, 0.040796782821416855, -0.025105025619268417], [0.0014718766324222088, -0.0007033584988676012, -0.00016648518794681877, 0.006847663316875696, -0.0025551069993525743, -0.004261978901922703, 0.0019478686153888702, -0.0004797803412657231, -0.002000536071136594, -0.003731295233592391, 0.011329400353133678, -0.025105025619268417, 0.03522653505206108]], "metadata.audio_properties.analysis.downmix": "mix", "metadata.audio_properties.codec": "mp3", "metadata.audio_properties.md5_encoded": "15bbb6e4408f3a6fb9bf1cf62dfbe97c", "metadata.tags.file_name": "1183686971298689044.mp3", "metadata.version.essentia": "2.1-beta6-dev", "metadata.version.essentia_git_sha": "v2.1_beta5-1110-g77a6a954", "metadata.version.extractor": "music 2.0", "tonal.chords_key": "C", "tonal.chords_scale": "minor", "tonal.key_edma.key": "C", "tonal.key_edma.scale": "minor", "tonal.key_krumhansl.key": "C", "tonal.key_krumhansl.scale": "minor", "tonal.key_temperley.key": "C", "tonal.key_temperley.scale": "minor", "metadata.tags.encoding": ["Lavf58.45.100"]}, "essentia_models": [{"model_name": "genre_dortmund", "activations": {"alternative": "0.0962891", "blues": "0.0040900675", "electronic": "0.446932", "folkcountry": "0.011544168", "funksoulrnb": "0.006475219", "jazz": "0.29436627", "pop": "0.013464523", "raphiphop": "0.005979929", "rock": "0.0048401915"}}, {"model_name": "genre_rosamerica", "activations": {"classic": "0.5587583", "dance": "0.0076095653", "hip hop": "0.004217599", "jazz": "0.34333086", "pop": "0.027285121", "rhythm and blues": "0.0018579274", "rock": "0.013083533", "speech