{"song_id": "1183716574000058428", "download": "https://cdn.discordapp.com/attachments/1135903449314238464/1183716574000058428/chirp.mp4?ex=658958f7&amp", "lyrics": "[verse]\nIn the moonlit night, they come alive\nMischievous shadows, always to survive\nWith dexterous paws and curious eyes\nRaccoons roam as clever allies\n\n[chorus]\nRaccoons victorious, ruling the dark\nThey conquer the night, leave their mark\nWith cunning hearts and nimble feet\nRaccoons reign, their triumph complete", "style": ["rap"], "essentia_features": {"lowlevel.average_loudness": 0.9881349205970764, "lowlevel.barkbands_crest.mean": 13.124796867370605, "lowlevel.barkbands_crest.stdev": 5.080891132354736, "lowlevel.barkbands_flatness_db.mean": 0.13162484765052795, "lowlevel.barkbands_flatness_db.stdev": 0.039648011326789856, "lowlevel.barkbands_kurtosis.mean": 3.0215632915496826, "lowlevel.barkbands_kurtosis.stdev": 6.527774333953857, "lowlevel.barkbands_skewness.mean": 1.6617025136947632, "lowlevel.barkbands_skewness.stdev": 1.1922359466552734, "lowlevel.barkbands_spread.mean": 33.58993911743164, "lowlevel.barkbands_spread.stdev": 14.823834419250488, "lowlevel.dissonance.mean": 0.4881923794746399, "lowlevel.dissonance.stdev": 0.013293903321027756, "lowlevel.dynamic_complexity": 1.0179524421691895, "lowlevel.erbbands_crest.mean": 8.66273021697998, "lowlevel.erbbands_crest.stdev": 4.895374774932861, "lowlevel.erbbands_flatness_db.mean": 0.1399461328983307, "lowlevel.erbbands_flatness_db.stdev": 0.029381051659584045, "lowlevel.erbbands_kurtosis.mean": 1.2091376781463623, "lowlevel.erbbands_kurtosis.stdev": 1.991878867149353, "lowlevel.erbbands_skewness.mean": -0.5977448225021362, "lowlevel.erbbands_skewness.stdev": 0.7818788886070251, "lowlevel.erbbands_spread.mean": 38.77696990966797, "lowlevel.erbbands_spread.stdev": 16.547197341918945, "lowlevel.hfc.mean": 41.120361328125, "lowlevel.hfc.stdev": 18.98847007751465, "lowlevel.loudness_ebu128.integrated": -11.059184074401855, "lowlevel.loudness_ebu128.loudness_range": 0.42694950103759766, "lowlevel.loudness_ebu128.momentary.mean": -11.0753755569458, "lowlevel.loudness_ebu128.momentary.stdev": 0.3760356605052948, "lowlevel.loudness_ebu128.short_term.mean": -11.073603630065918, "lowlevel.loudness_ebu128.short_term.stdev": 0.1348690688610077, "lowlevel.melbands_crest.mean": 19.551334381103516, "lowlevel.melbands_crest.stdev": 4.503028869628906, "lowlevel.melbands_flatness_db.mean": 0.19652549922466278, "lowlevel.melbands_flatness_db.stdev": 0.04934622719883919, "lowlevel.melbands_kurtosis.mean": 19.88026237487793, "lowlevel.melbands_kurtosis.stdev": 27.05360984802246, "lowlevel.melbands_skewness.mean": 3.682110548019409, "lowlevel.melbands_skewness.stdev": 2.1823623180389404, "lowlevel.melbands_spread.mean": 27.095029830932617, "lowlevel.melbands_spread.stdev": 15.592150688171387, "lowlevel.pitch_salience.mean": 0.4539303183555603, "lowlevel.pitch_salience.stdev": 0.12878884375095367, "lowlevel.silence_rate_20dB.mean": 1.0, "lowlevel.silence_rate_20dB.stdev": 0.0, "lowlevel.silence_rate_30dB.mean": 0.8538152575492859, "lowlevel.silence_rate_30dB.stdev": 0.3532930612564087, "lowlevel.silence_rate_60dB.mean": 0.0016064257360994816, "lowlevel.silence_rate_60dB.stdev": 0.040047816932201385, "lowlevel.spectral_centroid.mean": 2141.630615234375, "lowlevel.spectral_centroid.stdev": 448.3295593261719, "lowlevel.spectral_complexity.mean": 38.617671966552734, "lowlevel.spectral_complexity.stdev": 7.19313907623291, "lowlevel.spectral_decrease.mean": -1.6717034867497205e-08, "lowlevel.spectral_decrease.stdev": 1.030228702347813e-08, "lowlevel.spectral_energy.mean": 0.06682365387678146, "lowlevel.spectral_energy.stdev": 0.03920478746294975, "lowlevel.spectral_energyband_high.mean": 0.002397810108959675, "lowlevel.spectral_energyband_high.stdev": 0.00232129218056798, "lowlevel.spectral_energyband_low.mean": 0.04660291597247124, "lowlevel.spectral_energyband_low.stdev": 0.03984468802809715, "lowlevel.spectral_energyband_middle_high.mean": 0.011529920622706413, "lowlevel.spectral_energyband_middle_high.stdev": 0.007728327065706253, "lowlevel.spectral_energyband_middle_low.mean": 0.006069055292755365, "lowlevel.spectral_energyband_middle_low.stdev": 0.007452514488250017, "lowlevel.spectral_entropy.mean": 7.9745354652404785, "lowlevel.spectral_entropy.stdev": 0.18262121081352234, "lowlevel.spectral_flux.mean": 0.15366046130657196, "lowlevel.spectral_flux.stdev": 0.06962358206510544, "lowlevel.spectral_kurtosis.mean": 2.9371259212493896, "lowlevel.spectral_kurtosis.stdev": 1.418645977973938, "lowlevel.spectral_rms.mean": 0.0077870190143585205, "lowlevel.spectral_rms.stdev": 0.002134487498551607, "lowlevel.spectral_rolloff.mean": 1521.5753173828125, "lowlevel.spectral_rolloff.stdev": 1315.9765625, "lowlevel.spectral_skewness.mean": 1.0867546796798706, "lowlevel.spectral_skewness.stdev": 0.24051685631275177, "lowlevel.spectral_spread.mean": 4249954.5, "lowlevel.spectral_spread.stdev": 1030347.6875, "lowlevel.spectral_strongpeak.mean": 0.706763505935669, "lowlevel.spectral_strongpeak.stdev": 1.0194940567016602, "lowlevel.zerocrossingrate.mean": 0.05948128551244736, "lowlevel.zerocrossingrate.stdev": 0.022119911387562752, "metadata.audio_properties.analysis.equal_loudness": 0.0, "metadata.audio_properties.analysis.length": 28.88532829284668, "metadata.audio_properties.analysis.sample_rate": 44100.0, "metadata.audio_properties.analysis.start_time": 0.0, "metadata.audio_properties.bit_rate": 121686.0, "metadata.audio_properties.length": 28.885334014892578, "metadata.audio_properties.lossless": 0.0, "metadata.audio_properties.number_channels": 1.0, "metadata.audio_properties.replay_gain": -13.041845321655273, "metadata.audio_properties.sample_rate": 48000.0, "rhythm.beats_count": 52.0, "rhythm.beats_loudness.mean": 0.06385798007249832, "rhythm.beats_loudness.stdev": 0.019044054672122, "rhythm.bpm": 108.62877655029297, "rhythm.bpm_histogram_first_peak_bpm": 108.0, "rhythm.bpm_histogram_first_peak_weight": 0.3333333134651184, "rhythm.bpm_histogram_second_peak_bpm": 115.0, "rhythm.bpm_histogram_second_peak_spread": 0.0, "rhythm.bpm_histogram_second_peak_weight": 0.05882352963089943, "rhythm.danceability": 2.139678478240967, "rhythm.onset_rate": 5.156202793121338, "tonal.chords_changes_rate": 0.1637239158153534, "tonal.chords_number_rate": 0.02247191034257412, "tonal.chords_strength.mean": 0.44047117233276367, "tonal.chords_strength.stdev": 0.07971438765525818, "tonal.hpcp_crest.mean": 10.590813636779785, "tonal.hpcp_crest.stdev": 4.691895008087158, "tonal.hpcp_entropy.mean": 2.597935199737549, "tonal.hpcp_entropy.stdev": 0.7917525768280029, "tonal.key_edma.strength": 0.7310793399810791, "tonal.key_krumhansl.strength": 0.7435314059257507, "tonal.key_temperley.strength": 0.7578503489494324, "tonal.tuning_diatonic_strength": 0.6874257326126099, "tonal.tuning_equal_tempered_deviation": 0.32879021763801575, "tonal.tuning_frequency": 431.19390869140625, "tonal.tuning_nontempered_energy_ratio": 0.9170916080474854, "lowlevel.barkbands.mean": [0.0020471990574151278, 0.03619494289159775, 0.008726668544113636, 0.0013502791989594698, 0.0017151288921013474, 0.0008517624228261411, 0.0006245484692044556, 0.0005551326903514564, 0.0007293625385500491, 0.002161887241527438, 0.0015930983936414123, 0.0008375358302146196, 0.0006831042119301856, 0.0007488736300729215, 0.000872660253662616, 0.0015019637066870928, 0.001387805095873773, 0.0005590139771811664, 0.0009634309099055827, 0.0006896355771459639, 0.0007640558760613203, 0.0005154723185114563, 0.00025102600920945406, 0.00031228200532495975, 0.00015388526662718505, 3.236590055166744e-05, 5.744499276261195e-07], "lowlevel.barkbands.stdev": [0.0012546413345262408, 0.03838206082582474, 0.006494179833680391, 0.002188480691984296, 0.0047143143601715565, 0.0018391093472018838, 0.0011456720530986786, 0.0012584351934492588, 0.0013000733451917768, 0.005753200501203537, 0.0034331686329096556, 0.0016875277506187558, 0.001240575686097145, 0.000986624276265502, 0.0011296295560896397, 0.001532275229692459, 0.0018585018115118146, 0.0004776926652994007, 0.0007599566015414894, 0.0005115975509397686, 0.0007501363870687783, 0.0006405398016795516, 0.0003351544728502631, 0.0006600595079362392, 0.00028398146969266236, 4.716091279988177e-05, 1.4553825167240575e-06], "lowlevel.erbbands.mean": [0.845306932926178, 8.618260383605957, 13.280403137207031, 6.260357856750488, 5.793561935424805, 4.879941940307617, 5.480583667755127, 7.460003852844238, 8.060973167419434, 11.144771575927734, 12.980179786682129, 16.333667755126953, 31.842927932739258, 92.87054443359375, 55.867332458496094, 34.272605895996094, 32.01493835449219, 34.430110931396484, 48.26927185058594, 49.0798225402832, 92.89024353027344, 78.03192901611328, 33.47747802734375, 45.06855773925781, 42.67819595336914, 33.03507995605469, 34.470298767089844, 25.603214263916016, 19.896528244018555, 11.469231605529785, 6.554952621459961, 5.754325866699219, 5.5759053230285645, 2.4717891216278076, 0.6766871809959412, 0.20534975826740265, 0.04789167642593384, 0.0049298787489533424, 0.0001551149762235582, 8.618370338808745e-05], "lowlevel.erbbands.stdev": [1.1417388916015625, 8.569561004638672, 9.014819145202637, 5.74099063873291, 17.177322387695312, 12.245990753173828, 11.211813926696777, 18.874258041381836, 16.877260208129883, 18.860355377197266, 32.976253509521484, 26.41419792175293, 57.574039459228516, 222.50685119628906, 99.70526885986328, 63.093414306640625, 54.54587173461914, 45.641395568847656, 60.17578125, 54.31733322143555, 90.13882446289062, 104.25189208984375, 34.502323150634766, 33.59300231933594, 33.271087646484375, 24.41440773010254, 31.139015197753906, 27.876787185668945, 24.212013244628906, 14.98888111114502, 8.918863296508789, 10.439129829406738, 12.817913055419922, 5.020837783813477, 1.026098608970642, 0.3019736409187317, 0.07378552854061127, 0.00778882997110486, 0.00019811661331914365, 4.522000745055266e-05], "lowlevel.gfcc.mean": [59.38346481323242, 74.00582122802734, -125.60900115966797, 64.70991516113281, -40.490657806396484, 33.55902862548828, -23.391082763671875, 22.611215591430664, -18.405864715576172, 7.179339408874512, -16.297264099121094, 0.7881065011024475, -4.445802211761475], "lowlevel.melbands.mean": [0.009109404869377613, 0.008434087969362736, 0.0011004921980202198, 0.00039502742583863437, 0.0001893674343591556, 0.00016514110029675066, 0.00012523806071840227, 0.00012051643716404215, 0.00010520204523345456, 0.00010448408283991739, 0.00016417478036601096, 0.0003853475791402161, 0.00020947997109033167, 0.00010380421736044809, 7.386480137938634e-05, 6.691287126159295e-05, 6.378742546075955e-05, 7.859753532102332e-05, 6.183279037941247e-05, 7.631021435372531e-05, 0.00011728768731700256, 8.705477375769988e-05, 4.3560350604820997e-05, 2.4017826945055276e-05, 3.7809011701028794e-05, 3.620383722591214e-05, 2.4363123884540983e-05, 2.103363112837542e-05, 2.1867213945370167e-05, 1.9247172531322576e-05, 1.3239746294857468e-05, 1.1952063687203918e-05, 8.570058525947388e-06, 5.481903372128727e-06, 3.7617978705384303e-06, 3.2217712941928767e-06, 3.73865168512566e-06, 4.288297986931866e-06, 3.021819111381774e-06, 1.7513550574221881e-06], "lowlevel.melbands.stdev": [0.01071697287261486, 0.0060815694741904736, 0.0011759535409510136, 0.0011718054302036762, 0.0003653876483440399, 0.0003910157538484782, 0.00025254086358472705, 0.00020389811834320426, 0.0002659089514054358, 0.00018462666776031256, 0.0003141112392768264, 0.000970563618466258, 0.0004341835156083107, 0.00020865246187895536, 0.00014075309445615858, 0.00012343293929006904, 8.971496572485194e-05, 0.00010082017979584634, 7.942895899759606e-05, 8.648532093502581e-05, 0.00011709295358741656, 0.00011679184535751119, 7.124088006094098e-05, 1.9082546714344062e-05, 3.0140137823764235e-05, 3.2400566851720214e-05, 1.6667381714796647e-05, 1.7601498257135972e-05, 2.0608707927749492e-05, 2.050934017461259e-05, 1.5609779438818805e-05, 1.4882540199323557e-05, 1.1847949281218462e-05, 7.305123745027231e-06, 5.1652446018124465e-06, 5.103381681692554e-06, 7.407765224343166e-06, 1.0171067515329923e-05, 6.781203865102725e-06, 3.461295818851795e-06], "lowlevel.melbands128.mean": [0.0008814884349703789, 0.005277620628476143, 0.0134426886215806, 0.014892642386257648, 0.008956560865044594, 0.003472499083727598, 0.0011684182099997997, 0.0006030653021298349, 0.0006052681710571051, 0.0004425439110491425, 0.0002198005240643397, 0.00018793920753523707, 0.00019174296176061034, 0.0001713822566671297, 0.000178712944034487, 0.0001586163998581469, 0.0001255926617886871, 0.00011918492964468896, 0.00011828490096377209, 0.00014126960013527423, 0.00010387779184384272, 0.00010933930025203153, 0.00011009434092557058, 9.488671639701352e-05, 9.86888917395845e-05, 0.00010881466732826084, 0.00011783984518842772, 0.00012245899415574968, 0.00018335792992729694, 0.0005474350182339549, 0.00036924221785739064, 0.00026665054610930383, 0.0002365088148508221, 0.00014234171248972416, 0.00010773062967928126, 9.926090569933876e-05, 8.482894918415695e-05, 6.92001121933572e-05, 6.837413093307987e-05, 7.490036659874022e-05, 6.709971785312518e-05, 5.5652086302870885e-05, 5.4592786909779534e-05, 7.486377580789849e-05, 7.797962462063879e-05, 7.536294288001955e-05, 8.899082604330033e-05, 5.410565063357353e-05, 5.2970030083088204e-05, 6.768752064090222e-05, 6.862523150630295e-05, 9.740058885654435e-05, 0.00012680004874709994, 0.00012349813187029213, 9.822089486988261e-05, 8.798495400696993e-05, 7.761116285109892e-05, 5.182921449886635e-05, 3.284015474491753e-05, 2.1088915673317388e-05, 2.0046738427481614e-05, 2.7756830604630522e-05, 3.619540802901611e-05, 4.168412851868197e-05, 3.927027864847332e-05, 4.0307335439138114e-05, 3.176707468810491e-05, 2.4376473447773606e-05, 2.313938966835849e-05, 2.384822983003687e-05, 2.0545356164802797e-05, 1.8694548998610117e-05, 2.2852986148791388e-05, 2.254668106616009e-05, 2.043971289822366e-05, 2.2162639652378857e-05, 1.70141902344767e-05, 1.5029259884613566e-05, 1.2023137060168665e-05, 1.2291759048821405e-05, 1.3063579899608158e-05, 1.170101222669473e-05, 9.84345479082549e-06, 8.865815289027523e-06, 6.749352451151935e-06, 6.130445854068967e-06, 4.90058982904884e-06, 4.389921741676517e-06, 3.650020289569511e-06, 3.3016765428328654e-06, 3.541621936165029e-06, 3.1813235636946047e-06, 2.757545189524535e-06, 3.5406612823862815e-06, 4.434049060364487e-06, 4.707268999482039e-06, 4.302461093175225e-06, 3.6649234971264377e-06, 3.056904233744717e-06, 2.78711650025798e-06, 2.21005643652461e-06, 1.538150627311552e-06, 1.2617748552656849e-06, 9.49796344684728e-07, 6.222018100743298e-07, 5.28210705397214e-07, 4.935087645208114e-07, 4.780383164870727e-07, 3.3202113058905525e-07, 2.3168215079749643e-07, 2.1332824928776972e-07, 1.7183079137339519e-07, 1.4672319537112344e-07, 1.1291128032553388e-07, 7.351250275178245e-08, 4.562603805879917e-08, 2.261145226611916e-08, 2.79334755326488e-09, 9.512754473028906e-11, 1.392515686093887e-10, 4.46227187145265e-11, 1.212819688428679e-11, 9.990193568232275e-12, 9.774640298554349e-12, 9.325455338493605e-12, 8.684740426811999e-12, 8.324545046345388e-12, 8.236159150520894e-12], "lowlevel.melbands128.stdev": [0.0009995312429964542, 0.008015023544430733, 0.017803266644477844, 0.013742510229349136, 0.0064347246661782265, 0.002615362638607621, 0.0012529919622465968, 0.0012323004193603992, 0.0020821529906243086, 0.0015312241157516837, 0.0005408484721556306, 0.0004237581742927432, 0.00048503349535167217, 0.00039577842107973993, 0.0005587182240560651, 0.00046538515016436577, 0.0002856367500498891, 0.00036466418532654643, 0.00022899190662428737, 0.0003029188374057412, 0.00021271272271405905, 0.0003588576801121235, 0.00038328557275235653, 0.00023033516481518745, 0.00018381766858510673, 0.00027968789800070226, 0.0003171947319060564, 0.00035846210084855556, 0.000427624792791903, 0.0019287077011540532, 0.0009558284655213356, 0.0007296096882782876, 0.0006641310174018145, 0.0003421457076910883, 0.00027782077086158097, 0.0002649488451424986, 0.0001805206120479852, 0.00019173009786754847, 0.0001491946168243885, 0.0001650715566938743, 0.0001697096013231203, 0.0001170122777693905, 8.959109254647046e-05, 0.0001411179400747642, 0.00011473635822767392, 0.0001201539344037883, 0.00015868736954871565, 9.211019641952589e-05, 8.201635500881821e-05, 0.00010379544255556539, 9.450825018575415e-05, 0.00014233360707294196, 0.00015117089787963778, 0.00013617427612189204, 0.0001382952177664265, 0.0001395851868437603, 0.00016798307478893548, 0.00011465862189652398, 5.000674718758091e-05, 2.2511132556246594e-05, 2.0549514374579303e-05, 2.5728893888299353e-05, 3.354573709657416e-05, 4.518516288953833e-05, 3.85521852876991e-05, 4.4498676288640127e-05, 3.5488639696268365e-05, 2.163919089070987e-05, 1.9417813746258616e-05, 1.8411332348478027e-05, 2.4174873033189215e-05, 1.842616438807454e-05, 2.5330424250569195e-05, 2.561170913395472e-05, 2.2794032702222466e-05, 2.6112555133295245e-05, 2.2679789253743365e-05, 1.9309751223772764e-05, 1.6231784684350714e-05, 1.7059228412108496e-05, 1.8333443222218193e-05, 1.6335881809936836e-05, 1.3563262655225117e-05, 1.4816035218245815e-05, 1.024516222969396e-05, 9.295378731621895e-06, 6.844673862360651e-06, 6.610012405872112e-06, 5.745576345361769e-06, 5.070381121186074e-06, 6.161775218060939e-06, 5.6877220231399406e-06, 5.312407211022219e-06, 7.3906358011299744e-06, 9.720518391986843e-06, 1.1412976164137945e-05, 1.1383030141587369e-05, 8.89285365701653e-06, 7.294433544302592e-06, 6.4695846049289685e-06, 4.588425781548722e-06, 3.1959725674823858e-06, 2.4066287096502492e-06, 1.8363332401349908e-06, 9.883019629342016e-07, 7.70445410580578e-07, 7.86405792041478e-07, 7.935371968414984e-07, 6.047825422683673e-07, 4.1542728013155283e-07, 3.846649860861362e-07, 2.944679806660133e-07, 2.6668189434531087e-07, 2.3526152403974265e-07, 1.3731444425957307e-07, 9.11279514070884e-08, 5.48176899428654e-08, 8.42952108115469e-09, 2.9642994725520566e-09, 4.528819541604889e-09, 1.206577615597837e-09, 7.115090461251583e-11, 2.194953420409096e-11, 2.0984703558157847e-11, 1.6997148480357716e-11, 1.1891947496178723e-11, 1.066208753230935e-11, 1.0570328466685819e-11], "lowlevel.mfcc.mean": [-574.2807006835938, 90.11055755615234, -8.957391738891602, 38.6228141784668, 14.977980613708496, 19.03113555908203, 14.628095626831055, 14.040217399597168, 16.795846939086914, 7.470328330993652, 1.2864210605621338, 5.103837013244629, 6.078603267669678], "lowlevel.spectral_contrast_coeffs.mean": [-0.7162192463874817, -0.8085417151451111, -0.7901646494865417, -0.7882973551750183, -0.7984960079193115, -0.7172176241874695], "lowlevel.spectral_contrast_coeffs.stdev": [0.052194975316524506, 0.05367061495780945, 0.07092010974884033, 0.039146214723587036, 0.024696791544556618, 0.03579367324709892], "lowlevel.spectral_contrast_valleys.mean": [-6.239694595336914, -6.565870761871338, -6.715575695037842, -6.677439212799072, -6.388880729675293, -9.489765167236328], "lowlevel.spectral_contrast_valleys.stdev": [0.44397270679473877, 0.45000138878822327, 0.45585641264915466, 0.36289921402931213, 0.3087835907936096, 0.6338313817977905], "rhythm.beats_loudness_band_ratio.mean": [0.7173687815666199, 0.02967410534620285, 0.03256088122725487, 0.10525017231702805, 0.08276395499706268, 0.04823410138487816], "rhythm.beats_loudness_band_ratio.stdev": [0.1349993199110031, 0.02638258971273899, 0.034010328352451324, 0.11372282356023788, 0.06821921467781067, 0.03644942119717598], "tonal.hpcp.mean": [0.13122440874576569, 0.16617372632026672, 0.12102845311164856, 0.07689695805311203, 0.06165040656924248, 0.06256141513586044, 0.09451203048229218, 0.13734304904937744, 0.13285577297210693, 0.09500131011009216, 0.06753572821617126, 0.0700949877500534, 0.08203662931919098, 0.08003651350736618, 0.0928291380405426, 0.13128642737865448, 0.17707346379756927, 0.16564658284187317, 0.11466816812753677, 0.08386894315481186, 0.07166721671819687, 0.09837837517261505, 0.13708001375198364, 0.1320101022720337, 0.10241110622882843, 0.08754146844148636, 0.08539410680532455, 0.08753321319818497, 0.0969698578119278, 0.08997414261102676, 0.09584555774927139, 0.09904244542121887, 0.06382488459348679, 0.050703831017017365, 0.05826970934867859, 0.07278313487768173], "tonal.hpcp.stdev": [0.22654865682125092, 0.293168842792511, 0.22193731367588043, 0.1891951709985733, 0.15628014504909515, 0.1606345772743225, 0.20427833497524261, 0.255414217710495, 0.24643822014331818, 0.2122836709022522, 0.16242806613445282, 0.18225233256816864, 0.20435623824596405, 0.19421392679214478, 0.19258122146129608, 0.2532496452331543, 0.302561491727829, 0.2908082902431488, 0.244090273976326, 0.21060867607593536, 0.17716407775878906, 0.230115607380867, 0.2703176438808441, 0.2775428295135498, 0.22928455471992493, 0.21872390806674957, 0.22042728960514069, 0.2169540524482727, 0.23212453722953796, 0.21871867775917053, 0.21770380437374115, 0.23598815500736237, 0.1484706848859787, 0.11666771024465561, 0.14157618582248688, 0.15548546612262726], "rhythm.beats_position": [0.4992290139198303, 1.0216779708862305, 1.5441269874572754, 2.0665760040283203, 2.600634813308716, 3.1346938610076904, 3.6919727325439453, 4.249251842498779, 4.794920444488525, 5.352199554443359, 5.909478187561035, 6.4551472663879395, 7.012426376342773, 7.569705009460449, 8.126983642578125, 8.684263229370117, 9.241541862487793, 9.787210464477539, 10.332880020141602, 10.890158653259277, 11.447437286376953, 12.004715919494629, 12.538775444030762, 13.096054077148438, 13.653332710266113, 14.199002265930176, 14.744670867919922, 15.301949501037598, 15.85922908782959, 16.393287658691406, 16.9505672454834, 17.507844924926758, 18.06512451171875, 18.622404098510742, 19.1796817779541, 19.725351333618164, 20.271020889282227, 20.828298568725586, 21.385578155517578, 21.942855834960938, 22.488525390625, 23.034194946289062, 23.591472625732422, 24.148752212524414, 24.706031799316406, 25.251699447631836, 25.7973690032959, 26.35464859008789, 26.91192626953125, 27.469205856323242, 28.026485443115234, 28.583763122558594], "rhythm.bpm_histogram": [0.0, 0.0, 0.0, 0.0, 0.0, 0.0, 0.0, 0.0, 0.0, 0.0, 0.0, 0.0, 0.0, 0.0, 0.0, 0.0, 0.0, 0.0, 0.0, 0.0, 0.0, 0.0, 0.0, 0.0, 0.0, 0.0, 0.0, 0.0, 0.0, 0.0, 0.0, 0.0, 0.0, 0.0, 0.0, 0.0, 0.0, 0.0, 0.0, 0.0, 0.0, 0.0, 0.0, 0.0, 0.0, 0.0, 0.0, 0.0, 0.0, 0.0, 0.0, 0.0, 0.0, 0.0, 0.0, 0.0, 0.0, 0.0, 0.0, 0.0, 0.0, 0.0, 0.0, 0.0, 0.0, 0.0, 0.0, 0.0, 0.0, 0.0, 0.0, 0.0, 0.0, 0.0, 0.0, 0.0, 0.0, 0.0, 0.0, 0.0, 0.0, 0.0, 0.0, 0.0, 0.0, 0.0, 0.0, 0.0, 0.0, 0.0, 0.0, 0.0, 0.0, 0.0, 0.0, 0.0, 0.0, 0.0, 0.0, 0.0, 0.0, 0.0, 0.0, 0.0, 0.0, 0.0, 0.0, 0.0, 0.6274510025978088, 0.0, 0.23529411852359772, 0.0, 0.0784313753247261, 0.0, 0.0, 0.05882352963089943, 0.0, 0.0, 0.0, 0.0, 0.0, 0.0, 0.0, 0.0, 0.0, 0.0, 0.0, 0.0, 0.0, 0.0, 0.0, 0.0, 0.0, 0.0, 0.0, 0.0, 0.0, 0.0, 0.0, 0.0, 0.0, 0.0, 0.0, 0.0, 0.0, 0.0, 0.0, 0.0, 0.0, 0.0, 0.0, 0.0, 0.0, 0.0, 0.0, 0.0, 0.0, 0.0, 0.0, 0.0, 0.0, 0.0, 0.0, 0.0, 0.0, 0.0, 0.0, 0.0, 0.0, 0.0, 0.0, 0.0, 0.0, 0.0, 0.0, 0.0, 0.0, 0.0, 0.0, 0.0, 0.0, 0.0, 0.0, 0.0, 0.0, 0.0, 0.0, 0.0, 0.0, 0.0, 0.0, 0.0, 0.0, 0.0, 0.0, 0.0, 0.0, 0.0, 0.0, 0.0, 0.0, 0.0, 0.0, 0.0, 0.0, 0.0, 0.0, 0.0, 0.0, 0.0, 0.0, 0.0, 0.0, 0.0, 0.0, 0.0, 0.0, 0.0, 0.0, 0.0, 0.0, 0.0, 0.0, 0.0, 0.0, 0.0, 0.0, 0.0, 0.0, 0.0, 0.0, 0.0, 0.0, 0.0, 0.0, 0.0, 0.0, 0.0, 0.0, 0.0, 0.0, 0.0, 0.0, 0.0, 0.0, 0.0, 0.0, 0.0, 0.0, 0.0], "tonal.chords_histogram": [7.704654693603516, 8.667737007141113, 15.409309387207031, 16.05136489868164, 0.0, 0.3210272789001465, 0.0, 0.0, 0.0, 0.0, 1.4446227550506592, 0.0, 1.4446227550506592, 1.7656500339508057, 0.0, 3.0497591495513916, 3.210272789001465, 17.335474014282227, 0.0, 1.284109115600586, 1.4446227550506592, 0.0, 11.878009796142578, 8.988763809204102], "tonal.thpcp": [1.0, 0.9354681372642517, 0.6475740075111389, 0.47363924980163574, 0.40473154187202454, 0.555579423904419, 0.7741420269012451, 0.7455103397369385, 0.578353762626648, 0.4943793714046478, 0.48225241899490356, 0.49433276057243347, 0.5476250052452087, 0.5081176161766052, 0.541275680065155, 0.5593296885490417, 0.36044296622276306, 0.2863434851169586, 0.3290708065032959, 0.4110335409641266, 0.7410732507705688, 0.9384450912475586, 0.68349289894104, 0.4342658519744873, 0.3481628894805908, 0.35330769419670105, 0.533744752407074, 0.7756274938583374, 0.7502861618995667, 0.5365079045295715, 0.3813994824886322, 0.39585259556770325, 0.4632914960384369, 0.4519960880279541, 0.5242407917976379, 0.741423487663269], "lowlevel.gfcc.cov": [[813.7083129882812, -206.7853240966797, 138.53594970703125, 33.37982940673828, -87.4505844116211, 64.73381042480469, -40.32810592651367, -22.0779972076416, -26.58637046813965, 6.964564323425293, -47.42090606689453, 16.838993072509766, -53.79620361328125], [-206.7853240966797, 468.9842224121094, -193.46473693847656, -112.95285034179688, 49.28376388549805, -89.78211975097656, 97.69165802001953, -38.7092399597168, 0.3196437656879425, -14.139184951782227, 43.41598892211914, -17.487506866455078, 57.53618621826172], [138.53594970703125, -193.46473693847656, 283.8717346191406, 123.68982696533203, -24.347454071044922, 19.333833694458008, -81.74519348144531, 1.494146466255188, 0.46762314438819885, 11.644502639770508, -2.3696722984313965, 23.104822158813477, -14.47125244140625], [33.37982940673828, -112.95285034179688, 123.68982696533203, 226.4340057373047, 27.89044952392578, -21.60625457763672, -69.64060974121094, -12.400318145751953, 41.58552932739258, 4.58268928527832, 8.11490535736084, -1.1457322835922241, 3.7023823261260986], [-87.4505844116211, 49.28376388549805, -24.347454071044922, 27.89044952392578, 147.39549255371094, 18.702533721923828, 52.57914733886719, 23.28339195251465, 43.515907287597656, 15.125882148742676, -0.27821701765060425, -3.4402027130126953, 14.474980354309082], [64.73381042480469, -89.78211975097656, 19.333833694458008, -21.60625457763672, 18.702533721923828, 154.7831268310547, 76.38331604003906, 22.3817081451416, -13.106782913208008, -15.987117767333984, 6.862756729125977, -8.7393798828125, 6.161031246185303], [-40.32810592651367, 97.69165802001953, -81.74519348144531, -69.64060974121094, 52.57914733886719, 76.38331604003906, 186.93515014648438, 29.532533645629883, -6.343054294586182, -19.414396286010742, 7.7245402336120605, 3.9610941410064697, 19.591644287109375], [-22.0779972076416, -38.7092399597168, 1.494146466255188, -12.400318145751953, 23.28339195251465, 22.3817081451416, 29.532533645629883, 82.47338104248047, 41.07304382324219, 4.291924476623535, -7.744840145111084, -5.984742641448975, 4.476025581359863], [-26.58637046813965, 0.3196437656879425, 0.46762314438819885, 41.58552932739258, 43.515907287597656, -13.106782913208008, -6.343054294586182, 41.07304382324219, 115.63265228271484, 56.049190521240234, 6.499012470245361, -23.959823608398438, -7.6809773445129395], [6.964564323425293, -14.139184951782227, 11.644502639770508, 4.58268928527832, 15.125882148742676, -15.987117767333984, -19.414396286010742, 4.291924476623535, 56.049190521240234, 82.80026245117188, 22.42240333557129, -9.30972957611084, -26.322589874267578], [-47.42090606689453, 43.41598892211914, -2.3696722984313965, 8.11490535736084, -0.27821701765060425, 6.862756729125977, 7.7245402336120605, -7.744840145111084, 6.499012470245361, 22.42240333557129, 70.64723205566406, 14.865752220153809, 10.441325187683105], [16.838993072509766, -17.487506866455078, 23.104822158813477, -1.1457322835922241, -3.4402027130126953, -8.7393798828125, 3.9610941410064697, -5.984742641448975, -23.959823608398438, -9.30972957611084, 14.865752220153809, 65.70796966552734, 21.66139030456543], [-53.79620361328125, 57.53618621826172, -14.47125244140625, 3.7023823261260986, 14.474980354309082, 6.161031246185303, 19.591644287109375, 4.476025581359863, -7.6809773445129395, -26.322589874267578, 10.441325187683105, 21.66139030456543, 66.07546997070312]], "lowlevel.gfcc.icov": [[0.0017491730395704508, -0.0005095211090520024, -0.00033585759229026735, -0.0006511672982014716, 0.0012998790480196476, -0.0017517973901703954, 0.00026141066337004304, 0.00021352965268306434, -2.015771133301314e-05, -0.0009942108299583197, 0.002194599946960807, -0.0017608983907848597, 0.0014493915950879455], [-0.0005095211090520024, 0.010465295054018497, 0.00010328732605557889, 0.006347783375531435, -0.003840621327981353, 0.01121849101036787, -0.006361156702041626, 0.00788839627057314, -0.003722849767655134, 0.005874411668628454, -0.009364216588437557, 0.009790521115064621, -0.008536076173186302], [-0.00033585759229026735, 0.00010328732605557889, 0.006670220289379358, -0.003736850805580616, 0.0009275385527871549, -0.002372580347582698, 0.002185260411351919, -0.002185794757679105, 0.0020823043305426836, -0.0024944457691162825, 0.0012331051984801888, -0.0030584444757550955, 0.0008811454172246158], [-0.0006511672982014716, 0.006347783375531435, -0.003736850805580616, 0.01255920808762312, -0.005033098626881838, 0.007914685644209385, -0.0020674928091466427, 0.008148141205310822, -0.007664108648896217, 0.009065400809049606, -0.008465079590678215, 0.0072547378949820995, -0.005474223755300045], [0.0012998790480196476, -0.003840621327981353, 0.0009275385527871549, -0.005033098626881838, 0.011853531934320927, -0.005500544793903828, -0.0007039769552648067, -0.0030214996077120304, -0.00075086101423949, -0.005216581281274557, 0.006739145610481501, -0.005209154449403286, 0.0016946799587458372], [-0.0017517973901703954, 0.01121849101036787, -0.002372580347582698, 0.007914685644209385, -0.005500544793903828, 0.022789839655160904, -0.011051971465349197, 0.006408591754734516, -0.002177462913095951, 0.008027514442801476, -0.013415155000984669, 0.01511659100651741, -0.010126125067472458], [0.00026141066337004304, -0.006361156702041626, 0.002185260411351919, -0.0020674928091466427, -0.0007039769552648067, -0.011051971465349197, 0.01400477159768343, -0.006513325031846762, 0.0021470203064382076, -0.0014832349261268973, 0.004322364926338196, -0.0076636457815766335, 0.005307858809828758], [0.00021352965268306434, 0.00788839627057314, -0.002185794757679105, 0.008148141205310822, -0.0030214996077120304, 0.006408591754734516, -0.006513325031846762, 0.025361070409417152, -0.013979590497910976, 0.009574656374752522, -0.004897992592304945, 0.005792304407805204, -0.006288450211286545], [-2.015771133301314e-05, -0.003722849767655134, 0.0020823043305426836, -0.007664108648896217, -0.00075086101423949, -0.002177462913095951, 0.0021470203064382076, -0.013979590497910976, 0.025473685935139656, -0.018129294738173485, 0.004719786811619997, 0.002400570083409548, -0.0010050787823274732], [-0.0009942108299583197, 0.005874411668628454, -0.0024944457691162825, 0.009065400809049606, -0.005216581281274557, 0.008027514442801476, -0.0014832349261268973, 0.009574656374752522, -0.018129294738173485, 0.0334152914583683, -0.015674659982323647, 0.004494501743465662, 0.005414275452494621], [0.002194599946960807, -0.009364216588437557, 0.0012331051984801888, -0.008465079590678215, 0.006739145610481501, -0.013415155000984669, 0.004322364926338196, -0.004897992592304945, 0.004719786811619997, -0.015674659982323647, 0.02969367988407612, -0.014241245575249195, 0.0037906691431999207], [-0.0017608983907848597, 0.009790521115064621, -0.0030584444757550955, 0.0072547378949820995, -0.005209154449403286, 0.01511659100651741, -0.0076636457815766335, 0.005792304407805204, 0.002400570083409548, 0.004494501743465662, -0.014241245575249195, 0.03208966553211212, -0.01562359370291233], [0.0014493915950879455, -0.008536076173186302, 0.0008811454172246158, -0.005474223755300045, 0.0016946799587458372, -0.010126125067472458, 0.005307858809828758, -0.006288450211286545, -0.0010050787823274732, 0.005414275452494621, 0.0037906691431999207, -0.01562359370291233, 0.03023490309715271]], "lowlevel.mfcc.cov": [[790.6259765625, -189.5209197998047, 126.16068267822266, -42.75298309326172, -24.469568252563477, 38.35367202758789, -25.912673950195312, -2.0426340103149414, -23.883174896240234, -4.591293811798096, 9.999194145202637, -30.930644989013672, -16.425268173217773], [-189.5209197998047, 491.0387878417969, -242.30026245117188, -35.76565933227539, -109.81395721435547, -21.652240753173828, 44.81110763549805, -13.361505508422852, 8.912169456481934, -1.0760022401809692, -12.660975456237793, -11.223122596740723, 21.711009979248047], [126.16068267822266, -242.30026245117188, 312.44451904296875, 39.4569206237793, 63.07210922241211, -2.2972402572631836, -37.371238708496094, -17.21624183654785, -43.65036392211914, -21.657733917236328, -10.860370635986328, 1.4472674131393433, -9.509095191955566], [-42.75298309326172, -35.76565933227539, 39.4569206237793, 197.25486755371094, 68.54752349853516, -10.015321731567383, -65.00336456298828, -23.877500534057617, -0.5830119848251343, -19.087783813476562, 3.6526248455047607, 14.808321952819824, 11.245529174804688], [-24.469568252563477, -109.81395721435547, 63.07210922241211, 68.54752349853516, 146.84063720703125, 1.4097331762313843, -45.310325622558594, -19.831830978393555, 16.115482330322266, 13.995687484741211, 10.90906810760498, 21.752330780029297, 3.2708842754364014], [38.35367202758789, -21.652240753173828, -2.2972402572631836, -10.015321731567383, 1.4097331762313843, 101.19261169433594, 50.256038665771484, 20.101770401000977, 2.2626893520355225, 16.841562271118164, 10.728069305419922, -7.061347007751465, -2.596226215362549], [-25.912673950195312, 44.81110763549805, -37.371238708496094, -65.00336456298828, -45.310325622558594, 50.256038665771484, 136.59060668945312, 66.02555847167969, 4.993548393249512, 0.1492139846086502, -14.67500114440918, -19.603168487548828, -2.9977915287017822], [-2.0426340103149414, -13.361505508422852, -17.21624183654785, -23.877500534057617, -19.831830978393555, 20.101770401000977, 66.02555847167969, 98.11321258544922, 39.92171096801758, 1.8812047243118286, -15.905537605285645, -15.757251739501953, -2.299699068069458], [-23.883174896240234, 8.912169456481934, -43.65036392211914, -0.5830119848251343, 16.115482330322266, 2.2626893520355225, 4.993548393249512, 39.92171096801758, 84.14246368408203, 43.90721893310547, 12.70151424407959, -0.44652149081230164, -2.9101388454437256], [-4.591293811798096, -1.0760022401809692, -21.657733917236328, -19.087783813476562, 13.995687484741211, 16.841562271118164, 0.1492139846086502, 1.8812047243118286, 43.90721893310547, 93.6714096069336, 44.041290283203125, 2.573838472366333, -6.525007247924805], [9.999194145202637, -12.660975456237793, -10.860370635986328, 3.6526248455047607, 10.90906810760498, 10.728069305419922, -14.67500114440918, -15.905537605285645, 12.70151424407959, 44.041290283203125, 73.02515411376953, 39.80830383300781, 5.686835765838623], [-30.930644989013672, -11.223122596740723, 1.4472674131393433, 14.808321952819824, 21.752330780029297, -7.061347007751465, -19.603168487548828, -15.757251739501953, -0.44652149081230164, 2.573838472366333, 39.80830383300781, 81.39576721191406, 33.172393798828125], [-16.425268173217773, 21.711009979248047, -9.509095191955566, 11.245529174804688, 3.2708842754364014, -2.596226215362549, -2.9977915287017822, -2.299699068069458, -2.9101388454437256, -6.525007247924805, 5.686835765838623, 33.172393798828125, 56.89368438720703]], "lowlevel.mfcc.icov": [[0.0016291668871417642, 0.0005504192668013275, -0.0003721532702911645, 0.0005389222060330212, 0.0007346441270783544, -0.000830802193377167, 0.0009352050255984068, -9.155549923889339e-05, -8.276723383460194e-05, 0.0005860549281351268, -0.0009869877249002457, 0.0012031781952828169, -0.00048288601101376116], [0.0005504192668013275, 0.004435596521943808, 0.00263032759539783, -0.0005848417640663683, 0.002395771676674485, 0.0009170270059257746, -0.0016632996266707778, 0.0029034933540970087, -0.0008001445676200092, -0.00020934052008669823, 0.0009424927993677557, 0.000673011236358434, -0.001596237299963832], [-0.0003721532702911645, 0.00263032759539783, 0.006063332315534353, -0.0006387688335962594, -0.0007631461485289037, 0.0007251693168655038, -4.80743074149359e-05, -7.882556383265182e-05, 0.0031880235765129328, -0.0009695389890111983, 0.0016336246626451612, -0.0003625106473919004, 0.00019967630214523524], [0.0005389222060330212, -0.0005848417640663683, -0.0006387688335962594, 0.007563518825918436, -0.002843967406079173, -0.0014769117115065455, 0.0038710483349859715, -0.0011687512742355466, -0.0005612865788862109, 0.0032208061311393976, -0.0020654373802244663, 0.0015412835637107491, -0.0013216867810115218], [0.0007346441270783544, 0.002395771676674485, -0.0007631461485289037, -0.002843967406079173, 0.011818730272352695, -0.001321938238106668, 0.0006174871232360601, 0.003394849132746458, -0.003878196934238076, -0.0017125422600656748, 0.00280368747189641, -0.00268713035620749, 5.413022518041544e-05], [-0.000830802193377167, 0.0009170270059257746, 0.0007251693168655038, -0.0014769117115065455, -0.001321938238106668, 0.014381635002791882, -0.007170245051383972, 0.0007873215363360941, 0.0014233357505872846, -0.00209839828312397, -0.002597557147964835, 0.0017245161579921842, -0.0007040885975584388], [0.0009352050255984068, -0.0016632996266707778, -4.80743074149359e-05, 0.0038710483349859715, 0.0006174871232360601, -0.007170245051383972, 0.018538448959589005, -0.012185702100396156, 0.005435592029243708, -0.0006062951870262623, 0.0005796097684651613, 0.0004490390419960022, 0.0001418405445292592], [-9.155549923889339e-05, 0.0029034933540970087, -7.882556383265182e-05, -0.0011687512742355466, 0.003394849132746458, 0.0007873215363360941, -0.012185702100396156, 0.025691792368888855, -0.015253127552568913, 0.004331490024924278, 0.002754580695182085, 0.0009395370143465698, -0.0017859992804005742], [-8.276723383460194e-05, -0.0008001445676200092, 0.0031880235765129328, -0.0005612865788862109, -0.003878196934238076, 0.0014233357505872846, 0.005435592029243708, -0.015253127552568913, 0.027440423145890236, -0.012429098598659039, 0.0020409226417541504, -0.0017085897270590067, 0.0016533357556909323], [0.0005860549281351268, -0.00020934052008669823, -0.0009695389890111983, 0.0032208061311393976, -0.0017125422600656748, -0.00209839828312397, -0.0006062951870262623, 0.004331490024924278, -0.012429098598659039, 0.024810513481497765, -0.016217835247516632, 0.008231524378061295, -0.0013724479358643293], [-0.0009869877249002457, 0.0009424927993677557, 0.0016336246626451612, -0.0020654373802244663, 0.00280368747189641, -0.002597557147964835, 0.0005796097684651613, 0.002754580695182085, 0.0020409226417541504, -0.016217835247516632, 0.03419564664363861, -0.018692199140787125, 0.005623874254524708], [0.0012031781952828169, 0.000673011236358434, -0.0003625106473919004, 0.0015412835637107491, -0.00268713035620749, 0.0017245161579921842, 0.0004490390419960022, 0.0009395370143465698, -0.0017085897270590067, 0.008231524378061295, -0.018692199140787125, 0.028165604919195175, -0.01367705687880516], [-0.00048288601101376116, -0.001596237299963832, 0.00019967630214523524, -0.0013216867810115218, 5.413022518041544e-05, -0.0007040885975584388, 0.0001418405445292592, -0.0017859992804005742, 0.0016533357556909323, -0.0013724479358643293, 0.005623874254524708, -0.01367705687880516, 0.02558058872818947]], "metadata.audio_properties.analysis.downmix": "mix", "metadata.audio_properties.codec": "mp3", "metadata.audio_properties.md5_encoded": "9e777ed21d815fa70c1a129fe352b90c", "metadata.tags.file_name": "1183716574000058428.mp3", "metadata.version.essentia": "2.1-beta6-dev", "metadata.version.essentia_git_sha": "v2.1_beta5-1110-g77a6a954", "metadata.version.extractor": "music 2.0", "tonal.chords_key": "D", "tonal.chords_scale": "minor", "tonal.key_edma.key": "D", "tonal.key_edma.scale": "major", "tonal.key_krumhansl.key": "D", "tonal.key_krumhansl.scale": "major", "tonal.key_temperley.key": "D", "tonal.key_temperley.scale": "major", "metadata.tags.encoding": ["Lavf58.45.100"]}, "essentia_models": [{"model_name": "genre_dortmund", "activations": {"alternative": "7.6447664e-05", "blues": "6.724646e-05", "electronic": "0