{"song_id": "1183703113056649236", "download": "https://cdn.discordapp.com/attachments/1128313332273782784/1183703113056649236/chirp.mp4?ex=65894c6e&amp", "lyrics": "Verse 1:\n\u0e40\u0e21\u0e37\u0e48\u0e2d\u0e41\u0e2a\u0e07\u0e14\u0e32\u0e27\u0e1a\u0e19\u0e1f\u0e49\u0e32 \u0e40\u0e23\u0e34\u0e48\u0e21\u0e02\u0e36\u0e49\u0e19\u0e2a\u0e39\u0e07\n\u0e40\u0e23\u0e32\u0e40\u0e14\u0e34\u0e19\u0e40\u0e04\u0e35\u0e22\u0e07\u0e02\u0e49\u0e32\u0e07\u0e01\u0e31\u0e19 \u0e43\u0e15\u0e49\u0e41\u0e2a\u0e07\u0e08\u0e31\u0e19\u0e17\u0e23\u0e4c\n\u0e40\u0e2a\u0e35\u0e22\u0e07\u0e25\u0e21\u0e17\u0e35\u0e48\u0e1e\u0e31\u0e14\u0e1c\u0e48\u0e32\u0e19 \u0e23\u0e32\u0e27\u0e01\u0e31\u0e1a\u0e1a\u0e17\u0e40\u0e1e\u0e25\u0e07\n\u0e17\u0e35\u0e48\u0e40\u0e25\u0e48\u0e32\u0e40\u0e23\u0e37\u0e48\u0e2d\u0e07\u0e23\u0e32\u0e27 \u0e02\u0e2d\u0e07\u0e40\u0e23\u0e32\u0e17\u0e35\u0e48\u0e44\u0e21\u0e48\u0e08\u0e32\u0e07\u0e2b\u0e32\u0e22\n\nPre-Chorus:\n\u0e04\u0e33\u0e27\u0e48\u0e32\u0e23\u0e31\u0e01 \u0e17\u0e35\u0e48\u0e40\u0e18\u0e2d\u0e40\u0e2d\u0e48\u0e22\n\u0e01\u0e25\u0e31\u0e1a\u0e01\u0e49\u0e2d\u0e07\u0e43\u0e19\u0e43\u0e08 \u0e17\u0e38\u0e01\u0e04\u0e23\u0e32\u0e27\n\u0e41\u0e21\u0e49\u0e40\u0e27\u0e25\u0e32\u0e08\u0e30\u0e40\u0e1b\u0e25\u0e35\u0e48\u0e22\u0e19\u0e44\u0e1b\n\u0e23\u0e31\u0e01\u0e19\u0e35\u0e49\u0e22\u0e31\u0e07\u0e04\u0e07\u0e2d\u0e22\u0e39\u0e48\n\nChorus:\n\u0e2a\u0e31\u0e0d\u0e0d\u0e32\u0e43\u0e19\u0e1d\u0e31\u0e19 \u0e17\u0e35\u0e48\u0e40\u0e23\u0e32\u0e08\u0e30\u0e1e\u0e1a\u0e01\u0e31\u0e19\n\u0e43\u0e19\u0e42\u0e25\u0e01\u0e44\u0e23\u0e49\u0e40\u0e2a\u0e35\u0e22\u0e07 \u0e41\u0e15\u0e48\u0e40\u0e15\u0e47\u0e21\u0e44\u0e1b\u0e14\u0e49\u0e27\u0e22\u0e23\u0e31\u0e01\n\u0e2b\u0e31\u0e27\u0e43\u0e08\u0e40\u0e23\u0e32 \u0e1c\u0e39\u0e01\u0e1e\u0e31\u0e19\u0e01\u0e31\u0e19\u0e15\u0e25\u0e2d\u0e14\u0e44\u0e1b\n\u0e43\u0e19\u0e40\u0e1e\u0e25\u0e07\u0e19\u0e35\u0e49 \u0e17\u0e35\u0e48\u0e09\u0e31\u0e19\u0e23\u0e49\u0e2d\u0e07\u0e43\u0e2b\u0e49\u0e40\u0e18\u0e2d", "style": ["random"], "essentia_features": {"lowlevel.average_loudness": 0.9850285053253174, "lowlevel.barkbands_crest.mean": 15.268547058105469, "lowlevel.barkbands_crest.stdev": 5.840064525604248, "lowlevel.barkbands_flatness_db.mean": 0.1865161955356598, "lowlevel.barkbands_flatness_db.stdev": 0.05469980835914612, "lowlevel.barkbands_kurtosis.mean": 21.261472702026367, "lowlevel.barkbands_kurtosis.stdev": 33.0118522644043, "lowlevel.barkbands_skewness.mean": 3.4744791984558105, "lowlevel.barkbands_skewness.stdev": 2.2859065532684326, "lowlevel.barkbands_spread.mean": 12.161616325378418, "lowlevel.barkbands_spread.stdev": 9.228283882141113, "lowlevel.dissonance.mean": 0.4532794654369354, "lowlevel.dissonance.stdev": 0.03444654121994972, "lowlevel.dynamic_complexity": 2.4334864616394043, "lowlevel.erbbands_crest.mean": 8.284791946411133, "lowlevel.erbbands_crest.stdev": 3.7542951107025146, "lowlevel.erbbands_flatness_db.mean": 0.12294262647628784, "lowlevel.erbbands_flatness_db.stdev": 0.03423360735177994, "lowlevel.erbbands_kurtosis.mean": 0.998249351978302, "lowlevel.erbbands_kurtosis.stdev": 3.12986159324646, "lowlevel.erbbands_skewness.mean": 0.4330501854419708, "lowlevel.erbbands_skewness.stdev": 0.5834612846374512, "lowlevel.erbbands_spread.mean": 43.80961990356445, "lowlevel.erbbands_spread.stdev": 23.849552154541016, "lowlevel.hfc.mean": 17.435882568359375, "lowlevel.hfc.stdev": 16.13604164123535, "lowlevel.loudness_ebu128.integrated": -16.848875045776367, "lowlevel.loudness_ebu128.loudness_range": 1.644465446472168, "lowlevel.loudness_ebu128.momentary.mean": -17.22422218322754, "lowlevel.loudness_ebu128.momentary.stdev": 1.9071086645126343, "lowlevel.loudness_ebu128.short_term.mean": -16.906997680664062, "lowlevel.loudness_ebu128.short_term.stdev": 0.47799596190452576, "lowlevel.melbands_crest.mean": 25.23931121826172, "lowlevel.melbands_crest.stdev": 7.698469161987305, "lowlevel.melbands_flatness_db.mean": 0.287886381149292, "lowlevel.melbands_flatness_db.stdev": 0.06103740260004997, "lowlevel.melbands_kurtosis.mean": 56.41520690917969, "lowlevel.melbands_kurtosis.stdev": 95.97260284423828, "lowlevel.melbands_skewness.mean": 5.0950093269348145, "lowlevel.melbands_skewness.stdev": 3.7146658897399902, "lowlevel.melbands_spread.mean": 10.009225845336914, "lowlevel.melbands_spread.stdev": 8.7182035446167, "lowlevel.pitch_salience.mean": 0.3904053866863251, "lowlevel.pitch_salience.stdev": 0.1580011397600174, "lowlevel.silence_rate_20dB.mean": 0.9982618689537048, "lowlevel.silence_rate_20dB.stdev": 0.0416545532643795, "lowlevel.silence_rate_30dB.mean": 0.7363846898078918, "lowlevel.silence_rate_30dB.stdev": 0.44059181213378906, "lowlevel.silence_rate_60dB.mean": 0.0017381227808073163, "lowlevel.silence_rate_60dB.stdev": 0.041654061526060104, "lowlevel.spectral_centroid.mean": 794.7709350585938, "lowlevel.spectral_centroid.stdev": 380.3807373046875, "lowlevel.spectral_complexity.mean": 14.245655059814453, "lowlevel.spectral_complexity.stdev": 6.328758716583252, "lowlevel.spectral_decrease.mean": -2.080594718734119e-08, "lowlevel.spectral_decrease.stdev": 1.872573385242049e-08, "lowlevel.spectral_energy.mean": 0.08010787516832352, "lowlevel.spectral_energy.stdev": 0.07143749296665192, "lowlevel.spectral_energyband_high.mean": 0.0006303631816990674, "lowlevel.spectral_energyband_high.stdev": 0.0012540429597720504, "lowlevel.spectral_energyband_low.mean": 0.06261161714792252, "lowlevel.spectral_energyband_low.stdev": 0.06855238974094391, "lowlevel.spectral_energyband_middle_high.mean": 0.004046421032398939, "lowlevel.spectral_energyband_middle_high.stdev": 0.004429405555129051, "lowlevel.spectral_energyband_middle_low.mean": 0.014590528793632984, "lowlevel.spectral_energyband_middle_low.stdev": 0.01739582046866417, "lowlevel.spectral_entropy.mean": 7.515347003936768, "lowlevel.spectral_entropy.stdev": 0.38928312063217163, "lowlevel.spectral_flux.mean": 0.0852988138794899, "lowlevel.spectral_flux.stdev": 0.07378064841032028, "lowlevel.spectral_kurtosis.mean": 4.347026348114014, "lowlevel.spectral_kurtosis.stdev": 2.3652031421661377, "lowlevel.spectral_rms.mean": 0.008036529645323753, "lowlevel.spectral_rms.stdev": 0.003683512331917882, "lowlevel.spectral_rolloff.mean": 460.9333801269531, "lowlevel.spectral_rolloff.stdev": 809.68408203125, "lowlevel.spectral_skewness.mean": 1.8524210453033447, "lowlevel.spectral_skewness.stdev": 0.48994144797325134, "lowlevel.spectral_spread.mean": 5989179.0, "lowlevel.spectral_spread.stdev": 1535009.875, "lowlevel.spectral_strongpeak.mean": 0.629114031791687, "lowlevel.spectral_strongpeak.stdev": 0.5475857257843018, "lowlevel.zerocrossingrate.mean": 0.029801564291119576, "lowlevel.zerocrossingrate.stdev": 0.02316954918205738, "metadata.audio_properties.analysis.equal_loudness": 0.0, "metadata.audio_properties.analysis.length": 40.04265213012695, "metadata.audio_properties.analysis.sample_rate": 44100.0, "metadata.audio_properties.analysis.start_time": 0.0, "metadata.audio_properties.bit_rate": 118960.0, "metadata.audio_properties.length": 40.042667388916016, "metadata.audio_properties.lossless": 0.0, "metadata.audio_properties.number_channels": 1.0, "metadata.audio_properties.replay_gain": -8.622894287109375, "metadata.audio_properties.sample_rate": 48000.0, "rhythm.beats_count": 53.0, "rhythm.beats_loudness.mean": 0.20497719943523407, "rhythm.beats_loudness.stdev": 0.05607018992304802, "rhythm.bpm": 79.98646545410156, "rhythm.bpm_histogram_first_peak_bpm": 80.0, "rhythm.bpm_histogram_first_peak_weight": 0.038461506366729736, "rhythm.bpm_histogram_second_peak_bpm": 0.0, "rhythm.bpm_histogram_second_peak_spread": 0.0, "rhythm.bpm_histogram_second_peak_weight": 0.0, "rhythm.danceability": 2.2608418464660645, "rhythm.onset_rate": 2.5215694904327393, "tonal.chords_changes_rate": 0.061342593282461166, "tonal.chords_number_rate": 0.011574073694646358, "tonal.chords_strength.mean": 0.4738141894340515, "tonal.chords_strength.stdev": 0.08609095215797424, "tonal.hpcp_crest.mean": 13.751521110534668, "tonal.hpcp_crest.stdev": 5.848392009735107, "tonal.hpcp_entropy.mean": 1.9022153615951538, "tonal.hpcp_entropy.stdev": 0.6481184363365173, "tonal.key_edma.strength": 0.6384314894676208, "tonal.key_krumhansl.strength": 0.645976722240448, "tonal.key_temperley.strength": 0.6557815074920654, "tonal.tuning_diatonic_strength": 0.4114142954349518, "tonal.tuning_equal_tempered_deviation": 0.2691233456134796, "tonal.tuning_frequency": 434.193115234375, "tonal.tuning_nontempered_energy_ratio": 0.9676730632781982, "lowlevel.barkbands.mean": [0.006800725124776363, 0.0524224191904068, 0.00167104322463274, 0.003880740376189351, 0.0059930384159088135, 0.0019907616078853607, 0.0012872540391981602, 0.0005766632384620607, 0.0007621252443641424, 0.0007397279259748757, 0.0007642522687092423, 0.0007456478197127581, 0.0007318212883546948, 0.0004033478908240795, 0.0002580841537564993, 0.00019516164320521057, 9.701035014586523e-05, 5.6223583669634536e-05, 7.35083085601218e-05, 7.445173832820728e-05, 7.734595419606194e-05, 0.00013222511915955693, 0.00013173895422369242, 0.00011711881961673498, 7.428663957398385e-05, 4.304564208723605e-05, 8.16324245533906e-06], "lowlevel.barkbands.stdev": [0.0056613958440721035, 0.06285391002893448, 0.006032849662005901, 0.008657182566821575, 0.008600209839642048, 0.003769544418901205, 0.002745689358562231, 0.001217195182107389, 0.0014687632210552692, 0.0018651447026059031, 0.001522357459180057, 0.0011441037058830261, 0.0010449695400893688, 0.0006168769323267043, 0.0005560754216276109, 0.0003777692618314177, 0.00021985973580740392, 0.00014462911349255592, 0.00023542811686638743, 0.00021585274953395128, 0.00022094258747529238, 0.00031476630829274654, 0.000287146947812289, 0.00022996320331003517, 0.00014439232472795993, 9.547908121021464e-05, 8.87721216713544e-06], "lowlevel.erbbands.mean": [2.8832972049713135, 6.234743118286133, 2.386517286300659, 8.420650482177734, 16.87253189086914, 21.23917579650879, 13.546586036682129, 18.200178146362305, 14.72895622253418, 21.577272415161133, 13.048343658447266, 17.908023834228516, 18.299760818481445, 28.686922073364258, 30.62198829650879, 28.067302703857422, 37.21554946899414, 19.080204010009766, 19.50932502746582, 12.553031921386719, 9.712862014770508, 5.837437629699707, 3.108337640762329, 4.04872989654541, 3.106642007827759, 3.365584135055542, 3.61507511138916, 3.037714719772339, 4.362908840179443, 4.957998752593994, 3.4798877239227295, 2.5775809288024902, 1.8945504426956177, 1.0292539596557617, 0.41359224915504456, 0.18234795331954956, 0.08129839599132538, 0.021715763956308365, 0.000806440890301019, 0.00010457439202582464], "lowlevel.erbbands.stdev": [3.326850414276123, 8.683748245239258, 6.176064968109131, 22.154443740844727, 25.04777717590332, 34.8040657043457, 19.08445930480957, 35.20206069946289, 30.586042404174805, 55.18244171142578, 26.902847290039062, 36.03387451171875, 38.18532180786133, 85.50956726074219, 45.70427322387695, 38.62973403930664, 51.20147705078125, 30.02628517150879, 33.785396575927734, 26.44810676574707, 17.14188003540039, 13.395694732666016, 6.804112911224365, 12.408028602600098, 10.516379356384277, 9.083495140075684, 10.518173217773438, 8.482773780822754, 10.331563949584961, 11.675983428955078, 7.651643753051758, 5.288498401641846, 3.596916913986206, 1.9663619995117188, 0.8539971113204956, 0.4548150897026062, 0.17528197169303894, 0.0268398467451334, 0.0009015866089612246, 8.178187272278592e-05], "lowlevel.gfcc.mean": [14.076410293579102, 90.39922332763672, -73.1932144165039, 17.341949462890625, -44.41971969604492, 39.591644287109375, -33.591915130615234, 4.026968479156494, -17.185338973999023, 9.465903282165527, -8.997431755065918, 10.603972434997559, -7.404626369476318], "lowlevel.melbands.mean": [0.01905403845012188, 0.003133597783744335, 0.0016545515973120928, 0.0015028442721813917, 0.000546799972653389, 0.0003961743786931038, 0.00023245489865075797, 0.0002148966013919562, 0.00010754888353403658, 0.00010641029803082347, 9.23832631087862e-05, 0.00011757377797039226, 0.00011240880121476948, 8.20633431430906e-05, 8.34790916997008e-05, 6.536408182000741e-05, 3.2160543923964724e-05, 3.4342727303737774e-05, 1.6502501239301637e-05, 1.4249505511543248e-05, 1.0890870726143476e-05, 6.3123879954218864e-06, 3.2316738725057803e-06, 2.615880930534331e-06, 3.431766117500956e-06, 2.4711030164326075e-06, 2.003519966820022e-06, 2.310495347046526e-06, 2.4461471639369847e-06, 1.8330409830014105e-06, 1.748576437421434e-06, 2.3791860712663038e-06, 2.7664916615322e-06, 2.7538740141608287e-06, 2.049772092505009e-06, 1.693444573902525e-06, 1.5504543853239738e-06, 1.422239279236237e-06, 1.058351017491077e-06, 7.976100278028753e-07], "lowlevel.melbands.stdev": [0.022087462246418, 0.0048467800952494144, 0.0034777019172906876, 0.0022513004951179028, 0.0007488204282708466, 0.0007588074076920748, 0.000461975228972733, 0.0005170556833036244, 0.0002188097860198468, 0.00021713058231398463, 0.00019820606394205242, 0.0003476158599369228, 0.00018499420548323542, 0.00013479249901138246, 0.00013067442341707647, 8.413524483330548e-05, 6.08247282798402e-05, 5.6552897149231285e-05, 2.9505565180443227e-05, 3.398306216695346e-05, 1.9514425730449148e-05, 1.61466214194661e-05, 7.059484687488293e-06, 6.908048817422241e-06, 1.0861142072826624e-05, 9.351955668535084e-06, 6.395715445250971e-06, 6.403542556654429e-06, 7.552643182862084e-06, 5.297925781633239e-06, 5.072474777989555e-06, 6.060011855879566e-06, 6.4886899053817615e-06, 6.499386472569313e-06, 4.592562163452385e-06, 3.758695584110683e-06, 3.181171450705733e-06, 2.7732694434234872e-06, 2.006149998123874e-06, 1.6079010265457327e-06], "lowlevel.melbands128.mean": [0.006540405098348856, 0.028509661555290222, 0.021571453660726547, 0.00657493295148015, 0.0010756858391687274, 0.0008890581666491926, 0.0017112139612436295, 0.0019187488360330462, 0.0014935967046767473, 0.0019989872816950083, 0.001088749268092215, 0.0005731522105634212, 0.00034336012322455645, 0.0005614898982457817, 0.0004759741423185915, 0.00027698304620571434, 0.0002038667444139719, 0.0002297011378686875, 0.00022574703325517476, 0.000323057291097939, 0.00013714622764382511, 0.0001278382260352373, 6.472433597082272e-05, 0.00013809515803586692, 0.00015340905520133674, 6.589871190954e-05, 7.99440240371041e-05, 6.966523505980149e-05, 0.0001423555804649368, 0.00011096528032794595, 0.0001040633869706653, 0.00013047941320110112, 0.00015062111197039485, 4.479055860429071e-05, 0.00011618446296779439, 8.356251055374742e-05, 4.3877294956473634e-05, 8.202798926504329e-05, 0.00011802140215877444, 8.682030602358282e-05, 4.587207149597816e-05, 4.137393261771649e-05, 3.157216269755736e-05, 1.7329901311313733e-05, 5.457854786072858e-05, 3.161887434544042e-05, 2.6699159207055345e-05, 1.0443753126310185e-05, 1.2050000805174932e-05, 2.6956060537486337e-05, 9.922816389007494e-06, 7.77289824327454e-06, 1.633825377211906e-05, 9.384438271808904e-06, 5.406734544521896e-06, 7.998190994840115e-06, 4.899617579212645e-06, 3.4070192214130657e-06, 2.8075505724700633e-06, 2.354384605496307e-06, 2.3318229978031013e-06, 2.9396014724625275e-06, 3.6552862638927763e-06, 3.4589679671626072e-06, 3.3241008168261033e-06, 2.3640614017494954e-06, 2.1020543954364257e-06, 1.9481276467558928e-06, 2.010596062973491e-06, 1.989317752304487e-06, 2.2239371446630685e-06, 2.312375954716117e-06, 3.130286359009915e-06, 2.3062145828589564e-06, 1.919965143315494e-06, 2.112162064804579e-06, 1.6213734852499329e-06, 1.440732035007386e-06, 1.7470572402089601e-06, 1.9970595985796535e-06, 2.441754531901097e-06, 2.388092752880766e-06, 2.6547247671260266e-06, 2.6313248326914618e-06, 3.160666210533236e-06, 2.78193260783155e-06, 2.6892839741776697e-06, 2.564294618423446e-06, 1.8319648233955377e-06, 1.8715226133281249e-06, 1.8456431689628516e-06, 1.618113742551941e-06, 1.4825050129729789e-06, 1.5557507140329108e-06, 1.5649793567718007e-06, 1.6002344409571378e-06, 1.3832840295435744e-06, 1.208519847750722e-06, 1.031770352710737e-06, 1.0138286370420246e-06, 9.415509794052923e-07, 7.64011360843142e-07, 6.260182772166445e-07, 5.529895474865043e-07, 4.581091559430206e-07, 3.5056609704042785e-07, 3.4920373082059086e-07, 3.391078280401416e-07, 2.7445781825008453e-07, 3.173020672875282e-07, 2.9458558969963633e-07, 2.861364407635847e-07, 2.6275301934219897e-07, 2.386070434567955e-07, 1.9466087053388037e-07, 1.8775568833007128e-07, 2.1268138539198844e-07, 1.3563621337198128e-07, 1.9030855114010592e-08, 1.458401802101328e-11, 1.2076558503215651e-11, 1.1821614000206981e-11, 1.1531187463220682e-11, 1.1308118504083087e-11, 1.1022841493735225e-11, 1.067350114541954e-11, 1.047379110524771e-11, 1.0401578036389747e-11], "lowlevel.melbands128.stdev": [0.00557164428755641, 0.03235120326280594, 0.027736613526940346, 0.010250424034893513, 0.003259739140048623, 0.0033877012319862843, 0.005253737326711416, 0.00371360732242465, 0.002521383110433817, 0.003631128463894129, 0.002156136790290475, 0.0011277195299044251, 0.0006157896132208407, 0.0012119986349716783, 0.0010302263544872403, 0.0007186729926615953, 0.0005527040339075029, 0.0006446175975725055, 0.0005843452527187765, 0.0010345547925680876, 0.000275175814749673, 0.00034263700945302844, 0.0002564050955697894, 0.00030885805608704686, 0.00037736751255579293, 0.00023294198035728186, 0.00023626512847840786, 0.0002349520509596914, 0.00038139280513860285, 0.0003911765816155821, 0.0005749971605837345, 0.0003072872059419751, 0.0002935665543191135, 0.00013939930067863315, 0.00023860461078584194, 0.00017199214198626578, 8.728134707780555e-05, 0.0002212409453932196, 0.0002521072165109217, 0.00013820655294694006, 8.949555194703862e-05, 8.5522944573313e-05, 9.852826042333618e-05, 5.1468021410983056e-05, 9.804731234908104e-05, 7.665757584618405e-05, 8.708012319402769e-05, 2.3365539163933136e-05, 2.526374919398222e-05, 8.712981798453256e-05, 4.09991989727132e-05, 2.1382355043897405e-05, 3.694495535455644e-05, 1.8653996448847465e-05, 1.4475306670647115e-05, 2.864138332370203e-05, 1.3081998076813761e-05, 9.923423931468278e-06, 7.273706614796538e-06, 6.141788617242128e-06, 5.996220352244563e-06, 1.1244927009101957e-05, 1.2559579772641882e-05, 1.1648880899883807e-05, 1.2736463759210892e-05, 1.2431814866431523e-05, 8.360172614629846e-06, 7.515560810134048e-06, 7.352980901487172e-06, 5.476164005813189e-06, 6.43433259028825e-06, 7.560645826742984e-06, 1.1700478353304788e-05, 7.545825155830244e-06, 7.163222562667215e-06, 6.520634542539483e-06, 4.704108960140729e-06, 4.7109215302043594e-06, 6.200215921126073e-06, 5.736924322263803e-06, 7.770098818582483e-06, 5.680025424226187e-06, 6.681841114186682e-06, 6.206069883774035e-06, 9.44667226576712e-06, 7.052821274555754e-06, 6.730654149578186e-06, 6.618302450078772e-06, 4.09693939218414e-06, 4.649434231396299e-06, 4.53940356237581e-06, 3.8106720694486285e-06, 3.423067255425849e-06, 3.2966563594527543e-06, 3.5332245715835597e-06, 3.1450590540771373e-06, 2.9824516332155326e-06, 2.4495354864484398e-06, 2.1745083813584642e-06, 1.9804253952315776e-06, 1.9031829197047045e-06, 1.698191226751078e-06, 1.492569481342798e-06, 1.243120777871809e-06, 9.495071253695642e-07, 8.239434237111709e-07, 9.934640274877893e-07, 9.239891483048268e-07, 6.576299256266793e-07, 9.949762898031622e-07, 8.192432119358273e-07, 7.949190035105858e-07, 5.620469778477855e-07, 4.987444981452427e-07, 3.5256141472927993e-07, 3.0378743076653336e-07, 2.2479707695310935e-07, 2.2193403026449232e-07, 3.7114247675162915e-08, 2.3412341509931878e-11, 2.1425708429667623e-11, 2.0767982819580588e-11, 2.01190418491759e-11, 1.9475778628708085e-11, 1.8561633133296063e-11, 1.7853326456096497e-11, 1.7640531396745374e-11, 1.754749644200526e-11], "lowlevel.mfcc.mean": [-645.436767578125, 134.2488250732422, 33.848304748535156, 0.19787603616714478, 18.43965721130371, 26.59453773498535, 7.491313457489014, 7.615220069885254, 0.3675343692302704, 3.084017515182495, 2.333836317062378, 3.5272164344787598, 4.887831211090088], "lowlevel.spectral_contrast_coeffs.mean": [-0.6916193962097168, -0.7490491271018982, -0.7595507502555847, -0.7806018590927124, -0.826631486415863, -0.8029154539108276], "lowlevel.spectral_contrast_coeffs.stdev": [0.08151344954967499, 0.06542415171861649, 0.061067063361406326, 0.04956357926130295, 0.03355022519826889, 0.033716171979904175], "lowlevel.spectral_contrast_valleys.mean": [-6.410820007324219, -6.8330864906311035, -7.299147605895996, -7.639601707458496, -8.155396461486816, -9.872028350830078], "lowlevel.spectral_contrast_valleys.stdev": [0.7478659152984619, 0.7190741300582886, 0.647966742515564, 0.5502099394798279, 0.6654408574104309, 0.5714279413223267], "rhythm.beats_loudness_band_ratio.mean": [0.8968338370323181, 0.05204588547348976, 0.02181357517838478, 0.02303287759423256, 0.007590362336486578, 0.0077286409214138985], "rhythm.beats_loudness_band_ratio.stdev": [0.06762825697660446, 0.05272577702999115, 0.022939607501029968, 0.017377309501171112, 0.01052374392747879, 0.006704454775899649], "tonal.hpcp.mean": [0.09498141705989838, 0.09782735258340836, 0.03395729884505272, 0.020950427278876305, 0.015116319991648197, 0.013631303794682026, 0.060735560953617096, 0.08336059004068375, 0.041166216135025024, 0.022791866213083267, 0.022660711780190468, 0.027112852782011032, 0.08954661339521408, 0.18255217373371124, 0.1951994150876999, 0.13464099168777466, 0.08378638327121735, 0.05526039004325867, 0.0450088195502758, 0.03536456450819969, 0.03901996836066246, 0.1350497305393219, 0.14636997878551483, 0.0563180148601532, 0.03642009198665619, 0.03157993033528328, 0.0342763252556324, 0.10846446454524994, 0.24586211144924164, 0.3046300709247589, 0.22872760891914368, 0.128892719745636, 0.07425885647535324, 0.08564076572656631, 0.07871489971876144, 0.04174061119556427], "tonal.hpcp.stdev": [0.20407597720623016, 0.21742679178714752, 0.11326435208320618, 0.1057448536157608, 0.08375895768404007, 0.068495973944664, 0.13304291665554047, 0.18319924175739288, 0.12178056687116623, 0.11834587156772614, 0.11762931197881699, 0.11982246488332748, 0.19628821313381195, 0.307623952627182, 0.3355414569377899, 0.2759810984134674, 0.22544705867767334, 0.1891067773103714, 0.1580798178911209, 0.1287684589624405, 0.11826605349779129, 0.2246527075767517, 0.2354024201631546, 0.15474416315555573, 0.1418164074420929, 0.13162647187709808, 0.13168634474277496, 0.2259896695613861, 0.36200931668281555, 0.3986750841140747, 0.36364737153053284, 0.28334352374076843, 0.2161431759595871, 0.21086005866527557, 0.1983310431241989, 0.12250980734825134], "rhythm.beats_position": [0.7894784212112427, 1.5557368993759155, 2.2987754344940186, 3.0534238815307617, 3.808072566986084, 4.551111221313477, 5.305759429931641, 6.060408115386963, 6.8034467697143555, 7.5580949783325195, 8.312743186950684, 9.055782318115234, 9.798820495605469, 10.565078735351562, 11.308117866516113, 12.062766075134277, 12.817414283752441, 13.560453414916992, 14.303491592407227, 15.058140754699707, 15.812788963317871, 16.555828094482422, 17.298866271972656, 18.05351448059082, 18.808162689208984, 19.55120086669922, 20.305849075317383, 21.06049919128418, 21.803537368774414, 22.558185577392578, 23.312833786010742, 24.055871963500977, 24.81052017211914, 25.565170288085938, 26.308208465576172, 27.051246643066406, 27.80589485168457, 28.560543060302734, 29.3035831451416, 30.058231353759766, 30.81287956237793, 31.555917739868164, 32.29895782470703, 33.05360412597656, 33.80825424194336, 34.551292419433594, 35.305938720703125, 36.06058883666992, 36.803627014160156, 37.55827713012695, 38.312923431396484, 39.05596160888672, 39.79899978637695], "rhythm.bpm_histogram": [0.0, 0.0, 0.0, 0.0, 0.0, 0.0, 0.0, 0.0, 0.0, 0.0, 0.0, 0.0, 0.0, 0.0, 0.0, 0.0, 0.0, 0.0, 0.0, 0.0, 0.0, 0.0, 0.0, 0.0, 0.0, 0.0, 0.0, 0.0, 0.0, 0.0, 0.0, 0.0, 0.0, 0.0, 0.0, 0.0, 0.0, 0.0, 0.0, 0.0, 0.0, 0.0, 0.0, 0.0, 0.0, 0.0, 0.0, 0.0, 0.0, 0.0, 0.0, 0.0, 0.0, 0.0, 0.0, 0.0, 0.0, 0.0, 0.0, 0.0, 0.0, 0.0, 0.0, 0.0, 0.0, 0.0, 0.0, 0.0, 0.0, 0.0, 0.0, 0.0, 0.0, 0.0, 0.0, 0.0, 0.0, 0.0, 0.03846153989434242, 0.0, 0.5384615659713745, 0.42307692766189575, 0.0, 0.0, 0.0, 0.0, 0.0, 0.0, 0.0, 0.0, 0.0, 0.0, 0.0, 0.0, 0.0, 0.0, 0.0, 0.0, 0.0, 0.0, 0.0, 0.0, 0.0, 0.0, 0.0, 0.0, 0.0, 0.0, 0.0, 0.0, 0.0, 0.0, 0.0, 0.0, 0.0, 0.0, 0.0, 0.0, 0.0, 0.0, 0.0, 0.0, 0.0, 0.0, 0.0, 0.0, 0.0, 0.0, 0.0, 0.0, 0.0, 0.0, 0.0, 0.0, 0.0, 0.0, 0.0, 0.0, 0.0, 0.0, 0.0, 0.0, 0.0, 0.0, 0.0, 0.0, 0.0, 0.0, 0.0, 0.0, 0.0, 0.0, 0.0, 0.0, 0.0, 0.0, 0.0, 0.0, 0.0, 0.0, 0.0, 0.0, 0.0, 0.0, 0.0, 0.0, 0.0, 0.0, 0.0, 0.0, 0.0, 0.0, 0.0, 0.0, 0.0, 0.0, 0.0, 0.0, 0.0, 0.0, 0.0, 0.0, 0.0, 0.0, 0.0, 0.0, 0.0, 0.0, 0.0, 0.0, 0.0, 0.0, 0.0, 0.0, 0.0, 0.0, 0.0, 0.0, 0.0, 0.0, 0.0, 0.0, 0.0, 0.0, 0.0, 0.0, 0.0, 0.0, 0.0, 0.0, 0.0, 0.0, 0.0, 0.0, 0.0, 0.0, 0.0, 0.0, 0.0, 0.0, 0.0, 0.0, 0.0, 0.0, 0.0, 0.0, 0.0, 0.0, 0.0, 0.0, 0.0, 0.0, 0.0, 0.0, 0.0, 0.0, 0.0, 0.0, 0.0, 0.0, 0.0, 0.0, 0.0, 0.0, 0.0, 0.0, 0.0, 0.0, 0.0, 0.0], "tonal.chords_histogram": [0.0, 0.0, 2.6620371341705322, 20.48611068725586, 6.481481552124023, 32.63888931274414, 2.1990740299224854, 1.9675925970077515, 2.8935184478759766, 0.0, 13.19444465637207, 0.0, 2.0833332538604736, 0.0, 0.0, 0.0, 0.0, 0.0, 0.0, 0.0, 0.0, 0.0, 0.3472222089767456, 15.046296119689941], "tonal.thpcp": [1.0, 0.7508372664451599, 0.42311227321624756, 0.24376732110977173, 0.2811303734779358, 0.2583950459957123, 0.13702064752578735, 0.31179264187812805, 0.32113492488861084, 0.11147060990333557, 0.06877333670854568, 0.04962189123034477, 0.04474707320332527, 0.19937480986118317, 0.2736453115940094, 0.13513509929180145, 0.07481817901134491, 0.07438763976097107, 0.08900254964828491, 0.29395198822021484, 0.599258542060852, 0.6407752633094788, 0.4419819414615631, 0.2750430405139923, 0.18140162527561188, 0.14774909615516663, 0.11609019339084625, 0.12808968126773834, 0.44332370162010193, 0.48048433661460876, 0.18487346172332764, 0.11955514550209045, 0.10366649180650711, 0.11251786351203918, 0.35605305433273315, 0.8070842027664185], "lowlevel.gfcc.cov": [[2754.989013671875, 197.940185546875, -244.23008728027344, 384.8129577636719, -159.9043731689453, -74.06879425048828, 87.94631958007812, 42.346763610839844, -2.920820951461792, 18.66341209411621, -38.21025085449219, -68.81199645996094, -65.44058990478516], [197.940185546875, 488.77880859375, -66.63485717773438, -154.1893310546875, 74.87409973144531, -54.428062438964844, -17.637948989868164, -46.53310775756836, 8.463201522827148, -37.350440979003906, 40.87615966796875, -24.71871566772461, 27.328540802001953], [-244.23008728027344, -66.63485717773438, 356.2445373535156, 66.58548736572266, 34.96084213256836, 76.29212188720703, -6.935295581817627, -5.516846179962158, 13.74272346496582, 23.763471603393555, 8.828433990478516, -9.167177200317383, -0.3573139011859894], [384.8129577636719, -154.1893310546875, 66.58548736572266, 397.0228271484375, 9.689974784851074, 14.38438892364502, 42.557369232177734, 51.652671813964844, 29.1563720703125, 44.56535339355469, 11.706681251525879, -34.84209060668945, 15.420621871948242], [-159.9043731689453, 74.87409973144531, 34.96084213256836, 9.689974784851074, 155.40501403808594, 27.181734085083008, 1.6450139284133911, -8.296965599060059, 20.724430084228516, 9.996743202209473, 33.97666549682617, -3.743706703186035, 28.77773094177246], [-74.06879425048828, -54.428062438964844, 76.29212188720703, 14.38438892364502, 27.181734085083008, 170.4869384765625, 100.21175384521484, 29.4776668548584, 14.627791404724121, 17.040136337280273, 20.663249969482422, 8.337631225585938, 15.196707725524902], [87.94631958007812, -17.637948989868164, -6.935295581817627, 42.557369232177734, 1.6450139284133911, 100.21175384521484, 195.61114501953125, 89.8287124633789, 14.78807258605957, 21.948835372924805, 25.66605567932129, -1.9702690839767456, 2.767472267150879], [42.346763610839844, -46.53310775756836, -5.516846179962158, 51.652671813964844, -8.296965599060059, 29.4776668548584, 89.8287124633789, 117.7560043334961, 53.40892791748047, 26.46033477783203, 16.847858428955078, 5.804691314697266, 8.372978210449219], [-2.920820951461792, 8.463201522827148, 13.74272346496582, 29.1563720703125, 20.724430084228516, 14.627791404724121, 14.78807258605957, 53.40892791748047, 96.74337768554688, 42.41120147705078, 30.818681716918945, 14.329920768737793, 24.920421600341797], [18.66341209411621, -37.350440979003906, 23.763471603393555, 44.56535339355469, 9.996743202209473, 17.040136337280273, 21.948835372924805, 26.46033477783203, 42.41120147705078, 75.50189208984375, 41.789306640625, 8.161584854125977, 7.277160167694092], [-38.21025085449219, 40.87615966796875, 8.828433990478516, 11.706681251525879, 33.97666549682617, 20.663249969482422, 25.66605567932129, 16.847858428955078, 30.818681716918945, 41.789306640625, 81.6052474975586, 24.428564071655273, 25.111644744873047], [-68.81199645996094, -24.71871566772461, -9.167177200317383, -34.84209060668945, -3.743706703186035, 8.337631225585938, -1.9702690839767456, 5.804691314697266, 14.329920768737793, 8.161584854125977, 24.428564071655273, 63.2403678894043, 25.58064842224121], [-65.44058990478516, 27.328540802001953, -0.3573139011859894, 15.420621871948242, 28.77773094177246, 15.196707725524902, 2.767472267150879, 8.372978210449219, 24.920421600341797, 7.277160167694092, 25.111644744873047, 25.58064842224121, 78.1067123413086]], "lowlevel.gfcc.icov": [[0.0007267788168974221, -0.001056242035701871, 0.0005355449975468218, -0.0012746393913403153, 0.0008835114422254264, -0.0003900443552993238, -9.12114410311915e-06, -1.3530698197428137e-05, 0.00022278429241850972, -0.000842366658616811, 0.001049152808263898, -0.0008690246613696218, 0.0009394374210387468], [-0.001056242035701871, 0.005760770291090012, -0.0006518223090097308, 0.0036315189208835363, -0.002225639997050166, 0.0028830168303102255, -0.0020100099500268698, 0.0027340403757989407, -0.0031440339516848326, 0.005060659255832434, -0.005730134900659323, 0.005700406618416309, -0.003076357999816537], [0.0005355449975468218, -0.0006518223090097308, 0.003960580099374056, -0.0014470122987404466, 0.00016120521468110383, -0.0026431356091052294, 0.0015937011921778321, -0.0001513754396000877, 0.00018075430125463754, -0.0012993363197892904, 0.0007387719815596938, -0.00014542354620061815, 0.0012686843983829021], [-0.0012746393913403153, 0.0036315189208835363, -0.0014470122987404466, 0.006192388013005257, -0.001837313873693347, 0.0020633316598832607, -0.001000677002593875, -9.736458741826937e-05, -0.001058294903486967, 0.0011976035311818123, -0.0033258344046771526, 0.005752622149884701, -0.003835047595202923], [0.0008835114422254264, -0.002225639997050166, 0.00016120521468110383, -0.001837313873693347, 0.0096061946824193, -0.0019658678211271763, 0.0005750426207669079, 0.0011013200273737311, -0.0010149686131626368, -0.0001784615160431713, -0.0017247098730877042, 0.0011249458184465766, -0.0008862974937073886], [-0.0003900443552993238, 0.0028830168303102255, -0.0026431356091052294, 0.0020633316598832607, -0.0019658678211271763, 0.012496470473706722, -0.008382132276892662, 0.00471163634210825, -0.0032213947270065546, 0.0023089624010026455, -0.0018277217168360949, 0.0012157618766650558, -0.0026679886505007744], [-9.12114410311915e-06, -0.0020100099500268698, 0.0015937011921778321, -0.001000677002593875, 0.0005750426207669079, -0.008382132276892662, 0.014895937405526638, -0.011962001211941242, 0.006815067958086729, -0.0026038200594484806, -0.0011052372865378857, 0.00022855769202578813, 0.0014226927887648344], [-1.3530698197428137e-05, 0.0027340403757989407, -0.0001513754396000877, -9.736458741826937e-05, 0.0011013200273737311, 0.00471163634210825, -0.011962001211941242, 0.022980744019150734, -0.013317727483808994, 0.0036337198689579964, -0.000992714543826878, 0.0010439788457006216, -0.00042377697536721826], [0.00022278429241850972, -0.0031440339516848326, 0.00018075430125463754, -0.001058294903486967, -0.0010149686131626368, -0.0032213947270065546, 0.006815067958086729, -0.013317727483808994, 0.02321111224591732, -0.011275059543550014, 0.0024344483390450478, -0.003563535399734974, -0.0022873703856021166], [-0.000842366658616811, 0.005060659255832434, -0.0012993363197892904, 0.0011976035311818123, -0.0001784615160431713, 0.0023089624010026455, -0.0026038200594484806, 0.0036337198689579964, -0.011275059543550014, 0.029136179015040398, -0.01594337821006775, 0.00541913416236639, 0.0008342514629475772], [0.001049152808263898, -0.005730134900659323, 0.0007387719815596938, -0.0033258344046771526, -0.0017247098730877042, -0.0018277217168360949, -0.0011052372865378857, -0.000992714543826878, 0.0024344483390450478, -0.01594337821006775, 0.0285947322845459, -0.012251855805516243, 0.0002085323358187452], [-0.0008690246613696218, 0.005700406618416309, -0.00014542354620061815, 0.005752622149884701, 0.0011249458184465766, 0.0012157618766650558, 0.00022855769202578813, 0.0010439788457006216, -0.003563535399734974, 0.00541913416236639, -0.012251855805516243, 0.028732066974043846, -0.00946895219385624], [0.0009394374210387468, -0.003076357999816537, 0.0012686843983829021, -0.003835047595202923, -0.0008862974937073886, -0.0026679886505007744, 0.0014226927887648344, -0.00042377697536721826, -0.0022873703856021166, 0.0008342514629475772, 0.0002085323358187452, -0.00946895219385624, 0.019956283271312714]], "lowlevel.mfcc.cov": [[2734.558349609375, -122.3011474609375, -142.4686279296875, 360.30548095703125, -217.5635986328125, -30.619646072387695, -27.658138275146484, 35.832725524902344, 15.980400085449219, 67.0103988647461, 32.28843688964844, -15.164409637451172, 41.85319900512695], [-122.3011474609375, 625.3145141601562, -117.96288299560547, -187.41969299316406, 30.955474853515625, -43.85570526123047, -16.150981903076172, -33.797645568847656, -55.67177200317383, -20.635465621948242, -39.41081619262695, -44.22191619873047, 32.01900100708008], [-142.4686279296875, -117.96288299560547, 300.89630126953125, 40.53218460083008, 45.07417297363281, 61.87472915649414, 20.46896743774414, 7.356184482574463, 22.395668029785156, 12.42741584777832, 28.021413803100586, 36.1160774230957, -38.65776824951172], [360.30548095703125, -187.41969299316406, 40.53218460083008, 289.9487609863281, 45.521324157714844, 2.199547052383423, 5.087110996246338, -17.701541900634766, 21.046113967895508, 42.67241668701172, 14.521486282348633, 9.454408645629883, -3.215362071990967], [-217.5635986328125, 30.955474853515625, 45.07417297363281, 45.521324157714844, 174.12246704101562, 34.14148712158203, -29.36594009399414, -35.63715744018555, -12.056158065795898, 14.213171005249023, -20.38492774963379, -8.314896583557129, 2.3480722904205322], [-30.619646072387695, -43.85570526123047, 61.87472915649414, 2.199547052383423, 34.14148712158203, 116.23735809326172, 58.28620529174805, 13.742359161376953, 11.328570365905762, 13.338497161865234, 12.64521598815918, 7.13568115234375, -2.183072805404663], [-27.658138275146484, -16.150981903076172, 20.46896743774414, 5.087110996246338, -29.36594009399414, 58.28620529174805, 145.87303161621094, 50.512393951416016, 29.931983947753906, 22.89309310913086, 27.492063522338867, 28.604001998901367, 2.9587745666503906], [35.832725524902344, -33.797645568847656, 7.356184482574463, -17.701541900634766, -35.63715744018555, 13.742359161376953, 50.512393951416016, 100.45381927490234, 49.862178802490234, 14.630793571472168, 23.414936065673828, 15.608708381652832, 2.693760395050049], [15.980400085449219, -55.67177200317383, 22.395668029785156, 21.046113967895508, -12.056158065795898, 11.328570365905762, 29.931983947753906, 49.862178802490234, 91.5984878540039, 35.79523468017578, 25.927562713623047, 27.835222244262695, -0.9745874404907227], [67.0103988647461, -20.635465621948242, 12.42741584777832, 42.67241668701172, 14.213171005249023, 13.338497161865234, 22.89309310913086, 14.630793571472168, 35.79523468017578, 76.98919677734375, 29.866701126098633, 11.05932903289795, 4.938969135284424], [32.28843688964844, -39.41081619262695, 28.021413803100586, 14.521486282348633, -20.38492774963379, 12.64521598815918, 27.492063522338867, 23.414936065673828, 25.927562713623047, 29.866701126098633, 73.2457504272461, 50.72308349609375, 9.423697471618652], [-15.164409637451172, -44.22191619873047, 36.1160774230957, 9.454408645629883, -8.314896583557129, 7.13568115234375, 28.604001998901367, 15.608708381652832, 27.835222244262695, 11.05932903289795, 50.72308349609375, 106.29915618896484, 39.89753723144531], [41.85319900512695, 32.01900100708008, -38.65776824951172, -3.215362071990967, 2.3480722904205322, -2.183072805404663, 2.9587745666503906, 2.693760395050049, -0.9745874404907227, 4.938969135284424, 9.423697471618652, 39.89753723144531, 89.02069854736328]], "lowlevel.mfcc.icov": [[0.0006749798776581883, -0.00033019453985616565, 0.0002377714990871027, -0.001330194529145956, 0.001505965949036181, -0.0008992843795567751, 0.000945604289881885, -0.0005949470214545727, 0.0004216381930746138, -0.000546777795534581, 0.000286617549136281, -0.00012317761138547212, -0.00015875506505835801], [-0.00033019453985616565, 0.002730811946094036, 0.000304032932035625, 0.002506260760128498, -0.0019983137026429176, 0.00195331615395844, -0.0016367597272619605, 0.0011098836548626423, 0.0002960711426567286, -0.00021531720994971693, -0.0003914365661330521, 0.0012556874426081777, -0.000989152118563652], [0.0002377714990871027, 0.000304032932035625, 0.004853684920817614, -0.000599812890868634, -0.0005004196427762508, -0.002414111513644457, 0.000891572330147028, -0.00043827772606164217, 0.0001633122010389343, -4.343497130321339e-05, -0.00028553995070979, -0.002499995054677129, 0.002957439748570323], [-0.001330194529145956, 0.002506260760128498, -0.000599812890868634, 0.00802883692085743, -0.004778820089995861, 0.0037354454398155212, -0.0033077194821089506, 0.0031159687787294388, -0.001343590673059225, -0.0009962274925783277, -0.001123736146837473, 0.0013072261353954673, -0.0004395882715471089], [0.001505965949036181, -0.0019983137026429176, -0.0005004196427762508, -0.004778820089995861, 0.012269304133951664, -0.006269264500588179, 0.0052534062415361404, -0.0003347915771882981, 0.0014501730911433697, -0.00392540218308568, 0.0045627206563949585, -0.002016235375776887, -0.0003667417913675308], [-0.0008992843795567751, 0.00195331615395844, -0.002414111513644457, 0.0037354454398155212, -0.006269264500588179, 0.016071751713752747, -0.008261107839643955, 0.001978404587134719, -0.0009227573173120618, 0.0012377133825793862, -0.002966129221022129, 0.0037662487011402845, -0.0018717359052971005], [0.000945604289881885, -0.0016367597272619605, 0.000891572330147028, -0.0033077194821089506, 0.0052534062415361404, -0.008261107839643955, 0.013720671646296978, -0.005634858272969723, 0.0016128174029290676, -0.003105116542428732, 0.0018342278199270368, -0.004022959619760513, 0.0015839351108297706], [-0.0005949470214545727, 0.0011098836548626423, -0.00043827772606164217, 0.0031159687787294388, -0.0003347915771882981, 0.001978404587134719, -0.005634858272969723, 0.01810295321047306, -0.009136381559073925, 0.002393091097474098, -0.0036592381075024605, 0.0035671235527843237, -0.0019445805810391903], [0.0004216381930746138, 0.0002960711426567286, 0.0001633122010389343, -0.001343590673059225, 0.0014501730911433697, -0.0009227573173120618, 0.0016128174029290676, -0.009136381559073925, 0.020167574286460876, -0.008221518248319626, 0.0026350088883191347, -0.005358302965760231, 0.0026791354175657034], [-0.000546777795534581, -0.00021531720994971693, -4.343497130321339e-05, -0.0009962274925783277, -0.00392540218308568, 0.0012377133825793862, -0.003105116542428732, 0.002393091097474098, -0.008221518248319626, 0.02209443785250187, -0.010289987549185753, 0.005665336735546589, -0.002321294043213129], [0.000286617549136281, -0.0003914365661330521, -0.00028553995070979, -0.001123736146837473, 0.0045627206563949585, -0.002966129221022129, 0.0018342278199270368, -0.0036592381075024605, 0.0026350088883191347, -0.010289987549185753, 0.02822265215218067, -0.013708148151636124, 0.0034539918415248394], [-0.00012317761138547212