{"song_id": "1183703996486127616", "download": "https://cdn.discordapp.com/attachments/1135911532732108921/1183703996486127616/chirp.mp4?ex=65894d40&amp", "lyrics": "-", "style": ["gangster rap lofi"], "essentia_features": {"lowlevel.average_loudness": 0.8961899280548096, "lowlevel.barkbands_crest.mean": 13.80903148651123, "lowlevel.barkbands_crest.stdev": 5.396730422973633, "lowlevel.barkbands_flatness_db.mean": 0.27288371324539185, "lowlevel.barkbands_flatness_db.stdev": 0.10118632018566132, "lowlevel.barkbands_kurtosis.mean": 31.116687774658203, "lowlevel.barkbands_kurtosis.stdev": 56.297027587890625, "lowlevel.barkbands_skewness.mean": 3.3343701362609863, "lowlevel.barkbands_skewness.stdev": 3.7241992950439453, "lowlevel.barkbands_spread.mean": 16.44675064086914, "lowlevel.barkbands_spread.stdev": 19.564176559448242, "lowlevel.dissonance.mean": 0.44564440846443176, "lowlevel.dissonance.stdev": 0.044441305100917816, "lowlevel.dynamic_complexity": 6.7517571449279785, "lowlevel.erbbands_crest.mean": 11.447527885437012, "lowlevel.erbbands_crest.stdev": 4.81062650680542, "lowlevel.erbbands_flatness_db.mean": 0.22920134663581848, "lowlevel.erbbands_flatness_db.stdev": 0.07471913844347, "lowlevel.erbbands_kurtosis.mean": 0.8785598874092102, "lowlevel.erbbands_kurtosis.stdev": 2.1731820106506348, "lowlevel.erbbands_skewness.mean": -0.12503984570503235, "lowlevel.erbbands_skewness.stdev": 0.8083517551422119, "lowlevel.erbbands_spread.mean": 35.9146842956543, "lowlevel.erbbands_spread.stdev": 35.441619873046875, "lowlevel.hfc.mean": 11.291584014892578, "lowlevel.hfc.stdev": 22.581201553344727, "lowlevel.loudness_ebu128.integrated": -17.593889236450195, "lowlevel.loudness_ebu128.loudness_range": 5.870231628417969, "lowlevel.loudness_ebu128.momentary.mean": -19.585647583007812, "lowlevel.loudness_ebu128.momentary.stdev": 4.79667329788208, "lowlevel.loudness_ebu128.short_term.mean": -18.337356567382812, "lowlevel.loudness_ebu128.short_term.stdev": 2.2175636291503906, "lowlevel.melbands_crest.mean": 23.7062931060791, "lowlevel.melbands_crest.stdev": 10.876263618469238, "lowlevel.melbands_flatness_db.mean": 0.3361207842826843, "lowlevel.melbands_flatness_db.stdev": 0.12823690474033356, "lowlevel.melbands_kurtosis.mean": 115.9040298461914, "lowlevel.melbands_kurtosis.stdev": 267.78857421875, "lowlevel.melbands_skewness.mean": 5.7894182205200195, "lowlevel.melbands_skewness.stdev": 7.670097827911377, "lowlevel.melbands_spread.mean": 21.472515106201172, "lowlevel.melbands_spread.stdev": 31.311344146728516, "lowlevel.pitch_salience.mean": 0.3705365061759949, "lowlevel.pitch_salience.stdev": 0.20714789628982544, "lowlevel.silence_rate_20dB.mean": 0.9403244256973267, "lowlevel.silence_rate_20dB.stdev": 0.23688605427742004, "lowlevel.silence_rate_30dB.mean": 0.8285052180290222, "lowlevel.silence_rate_30dB.stdev": 0.3769380748271942, "lowlevel.silence_rate_60dB.mean": 0.2676709294319153, "lowlevel.silence_rate_60dB.stdev": 0.4427506625652313, "lowlevel.spectral_centroid.mean": 1332.554443359375, "lowlevel.spectral_centroid.stdev": 950.2152709960938, "lowlevel.spectral_complexity.mean": 7.966396331787109, "lowlevel.spectral_complexity.stdev": 8.945247650146484, "lowlevel.spectral_decrease.mean": -1.5871046699089675e-08, "lowlevel.spectral_decrease.stdev": 3.3415336275766094e-08, "lowlevel.spectral_energy.mean": 0.060925137251615524, "lowlevel.spectral_energy.stdev": 0.1275067925453186, "lowlevel.spectral_energyband_high.mean": 0.0007960665388964117, "lowlevel.spectral_energyband_high.stdev": 0.002042084699496627, "lowlevel.spectral_energyband_low.mean": 0.05039498955011368, "lowlevel.spectral_energyband_low.stdev": 0.12266293913125992, "lowlevel.spectral_energyband_middle_high.mean": 0.001131650060415268, "lowlevel.spectral_energyband_middle_high.stdev": 0.002095464151352644, "lowlevel.spectral_energyband_middle_low.mean": 0.00814205501228571, "lowlevel.spectral_energyband_middle_low.stdev": 0.030746763572096825, "lowlevel.spectral_entropy.mean": 7.123312950134277, "lowlevel.spectral_entropy.stdev": 0.7225561738014221, "lowlevel.spectral_flux.mean": 0.10949806123971939, "lowlevel.spectral_flux.stdev": 0.14446984231472015, "lowlevel.spectral_kurtosis.mean": 13.97968578338623, "lowlevel.spectral_kurtosis.stdev": 19.331592559814453, "lowlevel.spectral_rms.mean": 0.005181511864066124, "lowlevel.spectral_rms.stdev": 0.005708862561732531, "lowlevel.spectral_rolloff.mean": 935.7034301757812, "lowlevel.spectral_rolloff.stdev": 1399.0550537109375, "lowlevel.spectral_skewness.mean": 2.104041337966919, "lowlevel.spectral_skewness.stdev": 1.7409470081329346, "lowlevel.spectral_spread.mean": 3242847.25, "lowlevel.spectral_spread.stdev": 1624171.125, "lowlevel.spectral_strongpeak.mean": 0.3796607255935669, "lowlevel.spectral_strongpeak.stdev": 0.5593165159225464, "lowlevel.zerocrossingrate.mean": 0.03380201756954193, "lowlevel.zerocrossingrate.stdev": 0.0361342653632164, "metadata.audio_properties.analysis.equal_loudness": 0.0, "metadata.audio_properties.analysis.length": 40.04265213012695, "metadata.audio_properties.analysis.sample_rate": 44100.0, "metadata.audio_properties.analysis.start_time": 0.0, "metadata.audio_properties.bit_rate": 121634.0, "metadata.audio_properties.length": 40.042667388916016, "metadata.audio_properties.lossless": 0.0, "metadata.audio_properties.number_channels": 1.0, "metadata.audio_properties.replay_gain": -8.950605392456055, "metadata.audio_properties.sample_rate": 48000.0, "rhythm.beats_count": 71.0, "rhythm.beats_loudness.mean": 0.214591383934021, "rhythm.beats_loudness.stdev": 0.19604064524173737, "rhythm.bpm": 107.79829406738281, "rhythm.bpm_histogram_first_peak_bpm": 108.0, "rhythm.bpm_histogram_first_peak_weight": 0.04285717010498047, "rhythm.bpm_histogram_second_peak_bpm": 0.0, "rhythm.bpm_histogram_second_peak_spread": 0.0, "rhythm.bpm_histogram_second_peak_weight": 0.0, "rhythm.danceability": 2.1626944541931152, "rhythm.onset_rate": 3.6700069904327393, "tonal.chords_changes_rate": 0.047453705221414566, "tonal.chords_number_rate": 0.004629629664123058, "tonal.chords_strength.mean": 0.4459325969219208, "tonal.chords_strength.stdev": 0.0468464232981205, "tonal.hpcp_crest.mean": 15.260869026184082, "tonal.hpcp_crest.stdev": 5.565501689910889, "tonal.hpcp_entropy.mean": 1.6586003303527832, "tonal.hpcp_entropy.stdev": 0.6144448518753052, "tonal.key_edma.strength": 0.700797438621521, "tonal.key_krumhansl.strength": 0.7017316818237305, "tonal.key_temperley.strength": 0.7018518447875977, "tonal.tuning_diatonic_strength": 0.5450130105018616, "tonal.tuning_equal_tempered_deviation": 0.28866904973983765, "tonal.tuning_frequency": 434.193115234375, "tonal.tuning_nontempered_energy_ratio": 0.9567465782165527, "lowlevel.barkbands.mean": [0.008445989340543747, 0.03917867690324783, 0.0034244598355144262, 0.0022656379733234644, 0.004421721212565899, 0.0005366164841689169, 0.0003371862112544477, 0.00013957360351923853, 0.0001172478951048106, 0.00046455467236228287, 6.540143658639863e-05, 0.00016982342640403658, 4.4179436372360215e-05, 0.00011566721514100209, 5.405291813076474e-05, 5.823655374115333e-05, 5.18858760187868e-05, 7.036175520624965e-05, 0.00010808642400661483, 0.00013195988140068948, 0.0002685470972210169, 0.0002735765010584146, 0.00011788919800892472, 2.9709046430070885e-05, 1.9402536054258235e-05, 1.4206828382157255e-05, 5.724552920582937e-07], "lowlevel.barkbands.stdev": [0.013960066251456738, 0.10762763768434525, 0.016436867415905, 0.0075156898237764835, 0.022226762026548386, 0.0021380141843110323, 0.001578908646479249, 0.0005605859914794564, 0.0004928873968310654, 0.0006822431460022926, 0.00039348413702100515, 0.00023602890723850578, 0.00016605612472631037, 0.00019567410345189273, 0.00015073292888700962, 0.000173501466633752, 0.00017819234926719218, 0.00025924143847078085, 0.0003135863516945392, 0.00037005607737228274, 0.000712088483851403, 0.0007447681855410337, 0.00032179176923818886, 8.671799150761217e-05, 6.087706424295902e-05, 4.5150136429583654e-05, 2.5562890186847653e-06], "lowlevel.erbbands.mean": [1.7829235792160034, 6.149337291717529, 5.28945779800415, 5.748149394989014, 19.058990478515625, 8.179007530212402, 3.2473344802856445, 4.423769950866699, 5.707930088043213, 3.796189308166504, 2.880767345428467, 3.1175501346588135, 15.90603256225586, 5.2141852378845215, 3.249189853668213, 8.167767524719238, 2.5788674354553223, 5.310249328613281, 3.3907389640808105, 3.5139472484588623, 3.1062088012695312, 2.8763809204101562, 3.5381252765655518, 5.827666759490967, 5.05779504776001, 6.175309181213379, 8.358490943908691, 11.512211799621582, 9.806135177612305, 7.823424339294434, 2.4847490787506104, 0.8481133580207825, 0.42033371329307556, 0.27086177468299866, 0.10339232534170151, 0.0526379719376564, 0.02817210927605629, 0.004839304368942976, 0.00012515268463175744, 7.054449815768749e-05], "lowlevel.erbbands.stdev": [4.655594825744629, 20.127946853637695, 23.26554298400879, 18.55541229248047, 94.86841583251953, 38.51213836669922, 13.84904956817627, 18.315143585205078, 21.67711067199707, 19.614994049072266, 12.202138900756836, 10.592352867126465, 23.028066635131836, 15.305821418762207, 14.521499633789062, 10.240839004516602, 7.59628438949585, 8.937962532043457, 7.99696683883667, 8.60755729675293, 9.762384414672852, 9.587137222290039, 12.664816856384277, 17.720319747924805, 15.591047286987305, 16.855512619018555, 21.961994171142578, 30.87240219116211, 26.293819427490234, 21.078601837158203, 7.073334217071533, 2.4429068565368652, 1.2544881105422974, 0.8505271077156067, 0.34240347146987915, 0.18869169056415558, 0.08757948130369186, 0.015618911944329739, 0.0003417047846596688, 0.00014416812337003648], "lowlevel.gfcc.mean": [-149.10110473632812, 138.10069274902344, -126.7451400756836, 25.13369369506836, -46.885746002197266, 20.62605094909668, -2.593454360961914, -10.407174110412598, -2.9932897090911865, 1.3877323865890503, -3.522186040878296, 3.364459753036499, 5.848108768463135], "lowlevel.melbands.mean": [0.013458040542900562, 0.004340111277997494, 0.0014264733763411641, 0.0010804900666698813, 0.00011332513531669974, 0.00010415276483399794, 8.464835991617292e-05, 3.840894714812748e-05, 2.1896315956837498e-05, 1.9952847651438788e-05, 8.017144864425063e-05, 2.087453867716249e-05, 9.001202670333441e-06, 1.8748285583569668e-05, 1.2605779375007842e-05, 4.05035461881198e-06, 1.1321601959934924e-05, 6.210860192368273e-06, 4.022434040962253e-06, 4.884345344180474e-06, 3.390437996131368e-06, 3.0026099011593033e-06, 2.892923703257111e-06, 3.452938244663528e-06, 5.022845016355859e-06, 3.4128472634620266e-06, 4.0764989535091445e-06, 4.003834874310996e-06, 4.483789325604448e-06, 7.197750619525323e-06, 6.288975328061497e-06, 5.625200174108613e-06, 5.133829290571157e-06, 3.927651960111689e-06, 1.5084320921232575e-06, 6.784499078094086e-07, 4.546904790458939e-07, 2.9635367582159233e-07, 2.719033602716081e-07, 2.1005271833018924e-07], "lowlevel.melbands.stdev": [0.0344177670776844, 0.015595564618706703, 0.004966072738170624, 0.005401766858994961, 0.00045784880057908595, 0.0004054366727359593, 0.000343405146850273, 0.00019168757717125118, 9.455282997805625e-05, 6.967556691961363e-05, 0.00011576010001590475, 6.20950959273614e-05, 5.049847823102027e-05, 3.082228795392439e-05, 1.987563337024767e-05, 1.4919045497663319e-05, 1.8555329006630927e-05, 1.3954339920019265e-05, 1.1332565918564796e-05, 1.2840965609939303e-05, 1.1210576303710695e-05, 1.0140859558305237e-05, 1.0686166206141934e-05, 1.2506722669058945e-05, 1.5186495147645473e-05, 1.1146667020511813e-05, 1.2871581930085085e-05, 1.0889978511841036e-05, 1.2208449334139004e-05, 2.0377936380100437e-05, 1.6882942873053253e-05, 1.5464391253772192e-05, 1.4442833162320312e-05, 1.0548874342930503e-05, 4.445594186108792e-06, 2.013446874116198e-06, 1.3538549410441192e-06, 9.133301546171424e-07, 8.516404932379373e-07, 6.88809961957304e-07], "lowlevel.melbands128.mean": [0.006912963464856148, 0.01672757975757122, 0.01564681902527809, 0.008505990728735924, 0.003368023782968521, 0.0015024463646113873, 0.0009641537326388061, 0.0012796096270903945, 0.0024127920623868704, 0.0011918445816263556, 0.00020777581084985286, 0.00010745421604951844, 0.00011012584582203999, 8.444220293313265e-05, 7.755804836051539e-05, 0.0001406971859978512, 0.00012293210602365434, 6.128881796030328e-05, 5.9375917771831155e-05, 3.949251549784094e-05, 3.042473144887481e-05, 2.450963256706018e-05, 2.3384400265058503e-05, 1.5413057553814724e-05, 1.4176192053128034e-05, 1.5761610484332778e-05, 4.547122080111876e-05, 0.00014124036533758044, 4.848051321459934e-05, 2.2163001631270163e-05, 1.4186287444317713e-05, 8.160351171682123e-06, 8.024736416700762e-06, 1.1179294233443215e-05, 7.396691216854379e-06, 2.4092856619972736e-05, 3.537828888511285e-05, 6.3289257923315745e-06, 4.923543201584835e-06, 4.537149834504817e-06, 3.738139184861211e-06, 3.6757392081199214e-06, 8.45038903207751e-06, 2.185380617447663e-05, 6.465123078669421e-06, 3.8744783523725346e-06, 3.517380946505e-06, 3.2900275073188823e-06, 4.269952569302404e-06, 6.038368610461475e-06, 4.4127732508059125e-06, 5.0665053095144685e-06, 2.9208456453488907e-06, 2.5188787731167395e-06, 4.389336481835926e-06, 2.5673282380012097e-06, 2.6103623440576484e-06, 2.7390562991058687e-06, 3.083454430452548e-06, 3.0421272185776616e-06, 2.980066483360133e-06, 3.893588655046187e-06, 6.075502369640162e-06, 5.162818524695467e-06, 3.389388439245522e-06, 3.5620025755633833e-06, 3.1470706289837835e-06, 3.637189365690574e-06, 4.607923074217979e-06, 4.28965449827956e-06, 3.723910367625649e-06, 4.0377672121394426e-06, 4.262831680534873e-06, 4.854494818573585e-06, 4.131230070925085e-06, 6.708854925818741e-06, 9.760081411513966e-06, 6.3487959778285585e-06, 6.3479710661340505e-06, 4.899813575320877e-06, 6.264128842303762e-06, 5.8508230722509325e-06, 4.523358711594483e-06, 5.356561814551242e-06, 5.203928594710305e-06, 4.909778454020852e-06, 3.355801936777425e-06, 2.2584556518268073e-06, 1.3120496760166134e-06, 1.1192937563464511e-06, 7.503860501856252e-07, 5.848902446814463e-07, 4.555383839033311e-07, 4.700636679899617e-07, 4.2906060571112903e-07, 4.0219646280093e-07, 2.1679947792563325e-07, 2.2546123545907903e-07, 2.940368517556635e-07, 2.9652355237885786e-07, 2.362381508191902e-07, 2.2110793906904291e-07, 1.3427192868675775e-07, 1.344056528296278e-07, 1.1131670163422314e-07, 9.61086215056639e-08, 8.78621264632784e-08, 7.660054990310528e-08, 8.562260944700029e-08, 1.0222812107940626e-07, 1.0184289322978657e-07, 8.441962506822165e-08, 9.87892079251651e-08, 9.0170004796164e-08, 8.152036201636292e-08, 5.9567117460801455e-08, 2.459219849981764e-08, 2.1357129398325014e-09, 1.9318931870904166e-11, 1.7327283705070862e-11, 1.5995208629826507e-11, 9.886725986507638e-12, 8.27136276138063e-12, 8.124003206266828e-12, 7.951859656851745e-12, 7.738244940658223e-12, 7.613314492727064e-12, 7.56364849224811e-12], "lowlevel.melbands128.stdev": [0.012694095261394978, 0.04314996302127838, 0.04747030884027481, 0.030685730278491974, 0.01556197926402092, 0.006958519574254751, 0.0036262141074985266, 0.004910730756819248, 0.012701368890702724, 0.006386572029441595, 0.0009619374177418649, 0.0004268444608896971, 0.00050967006245628, 0.0005039621610194445, 0.0004282938898541033, 0.0005207284702919424, 0.0003573291760403663, 0.00036412698682397604, 0.0004000149783678353, 0.00021860671404283494, 0.00012727145804092288, 0.00011300272308290005, 0.00011733649444067851, 7.873697177274153e-05, 6.602769281016663e-05, 8.686743240104988e-05, 0.00011556557728908956, 0.00018823481514118612, 9.035073162522167e-05, 7.271078357007354e-05, 6.567395757883787e-05, 6.002192458254285e-05, 5.058535680291243e-05, 6.037869388819672e-05, 3.187465335940942e-05, 3.419272252358496e-05, 3.953627310693264e-05, 1.9841456378344446e-05, 2.1362748157116584e-05, 2.0694918930530548e-05, 1.432074532203842e-05, 1.4313837709778454e-05, 1.383846301905578e-05, 3.6669178371084854e-05, 1.8698179701459594e-05, 1.3957386727270205e-05, 1.1778900443459861e-05, 1.1918828931811731e-05, 1.3303507330419961e-05, 1.3963126548333094e-05, 1.281050299439812e-05, 1.8627255485625938e-05, 1.1695566172420513e-05, 9.48796787270112e-06, 1.6690009942976758e-05, 9.467369636695366e-06, 9.19967260415433e-06, 1.1470060599094722e-05, 1.2045166840835009e-05, 1.3091729670122731e-05, 1.1914738934137858e-05, 1.6000964023987763e-05, 2.0198085621814243e-05, 1.559865449962672e-05, 1.3755957297689747e-05, 1.2560206414491404e-05, 1.0896622370637488e-05, 1.3215156286605634e-05, 1.646977943892125e-05, 1.3241172382549848e-05, 1.0085526810144074e-05, 1.3395781024883036e-05, 1.2025845535390545e-05, 1.4260694115364458e-05, 1.2770477951562498e-05, 1.9627599613158964e-05, 3.213398304069415e-05, 1.7635609765420668e-05, 1.7432090317015536e-05, 1.5905365216895007e-05, 1.873171640909277e-05, 1.6919115296332166e-05, 1.273923317057779e-05, 1.678991611697711e-05, 1.6173498806892894e-05, 1.3601638784166425e-05, 9.892226444208063e-06, 6.6218908614246175e-06, 4.359453214419773e-06, 3.689568757181405e-06, 2.380881142016733e-06, 1.899428070828435e-06, 1.523039713902108e-06, 1.4930658380762907e-06, 1.3866060726286378e-06, 1.3459758747558226e-06, 7.255257514771074e-07, 8.553674319955462e-07, 1.0086459951708093e-06, 9.642876648285892e-07, 8.451701205558493e-07, 7.738869385320868e-07, 4.6673554265908024e-07, 4.804703621630324e-07, 4.238874851125729e-07, 3.9045434618856234e-07, 3.3039580671356816e-07, 3.2574570241195033e-07, 3.5985604540655913e-07, 4.318974333727965e-07, 3.5989577895634284e-07, 2.904293410210812e-07, 3.150575480503903e-07, 3.037856970422581e-07, 2.72646047960734e-07, 2.064608963792125e-07, 1.038721393342712e-07, 1.1194502214095792e-08, 2.567903112371539e-10, 2.4257704178687334e-10, 2.3457710773833185e-10, 4.449959845054252e-11, 1.935918439444073e-11, 1.9037689827361426e-11, 1.875886078417377e-11, 1.8515947455832737e-11, 1.8352246805575234e-11, 1.8253006744961553e-11], "lowlevel.mfcc.mean": [-789.7178955078125, 162.6634979248047, -8.418537139892578, 22.039628982543945, -11.84255599975586, 32.821746826171875, 3.504899263381958, 10.101810455322266, 7.89976692199707, 4.505687236785889, 4.867281436920166, -2.8039307594299316, 3.4526095390319824], "lowlevel.spectral_contrast_coeffs.mean": [-0.7396210432052612, -0.7692359089851379, -0.7268235683441162, -0.8023314476013184, -0.832695484161377, -0.6920878291130066], "lowlevel.spectral_contrast_coeffs.stdev": [0.10225860029459, 0.06082022190093994, 0.07068539410829544, 0.044334497302770615, 0.03465595096349716, 0.09187120199203491], "lowlevel.spectral_contrast_valleys.mean": [-7.8902459144592285, -8.080052375793457, -8.36057186126709, -8.932649612426758, -9.16601276397705, -12.824564933776855], "lowlevel.spectral_contrast_valleys.stdev": [1.0954766273498535, 0.938709557056427, 0.830025851726532, 1.059553861618042, 1.6625274419784546, 1.8541263341903687], "rhythm.beats_loudness_band_ratio.mean": [0.7976622581481934, 0.04326978698372841, 0.04657931253314018, 0.0344904325902462, 0.013264804147183895, 0.09318049252033234], "rhythm.beats_loudness_band_ratio.stdev": [0.3215559720993042, 0.10381360352039337, 0.1106601282954216, 0.08716987818479538, 0.02254146710038185, 0.1949324756860733], "tonal.hpcp.mean": [0.05119295418262482, 0.0495508573949337, 0.03347105532884598, 0.043257325887680054, 0.051462121307849884, 0.04555639997124672, 0.04921335726976395, 0.06762275844812393, 0.08313475549221039, 0.11420491337776184, 0.12209512293338776, 0.09067016839981079, 0.07113698124885559, 0.0663067027926445, 0.05943214148283005, 0.1193566843867302, 0.18762193620204926, 0.10637351125478745, 0.027227334678173065, 0.022632094100117683, 0.019278330728411674, 0.02085992321372032, 0.018554283306002617, 0.15908025205135345, 0.30356329679489136, 0.17466962337493896, 0.04050220921635628, 0.04016480594873428, 0.04186001792550087, 0.04743858799338341, 0.20356385409832, 0.36734598875045776, 0.20598143339157104, 0.042709819972515106, 0.044659893959760666, 0.036149974912405014], "tonal.hpcp.stdev": [0.15455211699008942, 0.13909099996089935, 0.11441312730312347, 0.16788452863693237, 0.17893514037132263, 0.17515510320663452, 0.1666332632303238, 0.20535142719745636, 0.22951461374759674, 0.2401057481765747, 0.2365902215242386, 0.21549080312252045, 0.2140825092792511, 0.20508290827274323, 0.19725993275642395, 0.19720560312271118, 0.2664838135242462, 0.17513303458690643, 0.1151733249425888, 0.09991197288036346, 0.09827863425016403, 0.10356040298938751, 0.09540507197380066, 0.2310461699962616, 0.4329783320426941, 0.24471545219421387, 0.15423861145973206, 0.15079262852668762, 0.16276787221431732, 0.1646852046251297, 0.2662030756473541, 0.3926961421966553, 0.2563006281852722, 0.14176668226718903, 0.15855605900287628, 0.13549724221229553], "rhythm.beats_position": [0.5804988741874695, 1.1377778053283691, 1.695056676864624, 2.252335548400879, 2.809614419937134, 3.3668932914733887, 3.9241721630096436, 4.481451034545898, 5.038730144500732, 5.596008777618408, 6.153287887573242, 6.710566997528076, 7.267845630645752, 7.825124740600586, 8.382403373718262, 8.939682006835938, 9.4853515625, 10.031020164489746, 10.588298797607422, 11.145578384399414, 11.70285701751709, 12.260135650634766, 12.817414283752441, 13.374693870544434, 13.93197250366211, 14.489251136779785, 15.046530723571777, 15.603809356689453, 16.161088943481445, 16.718366622924805, 17.275646209716797, 17.832923889160156, 18.39020347595215, 18.94748306274414, 19.5047607421875, 20.062040328979492, 20.619319915771484, 21.176597595214844, 21.733877182006836, 22.291156768798828, 22.848434448242188, 23.40571403503418, 23.962993621826172, 24.52027130126953, 25.077550888061523, 25.634828567504883, 26.192108154296875, 26.749387741088867, 27.306665420532227, 27.86394500732422, 28.42122459411621, 28.97850227355957, 29.535781860351562, 30.093061447143555, 30.650339126586914, 31.207618713378906, 31.7648983001709, 32.29895782470703, 32.85623550415039, 33.41351318359375, 33.970794677734375, 34.528072357177734, 35.085350036621094, 35.64263153076172, 36.19990921020508, 36.75718688964844, 37.3144645690918, 37.87174606323242, 38.42902374267578, 38.98630142211914, 39.543582916259766], "rhythm.bpm_histogram": [0.0, 0.0, 0.0, 0.0, 0.0, 0.0, 0.0, 0.0, 0.0, 0.0, 0.0, 0.0, 0.0, 0.0, 0.0, 0.0, 0.0, 0.0, 0.0, 0.0, 0.0, 0.0, 0.0, 0.0, 0.0, 0.0, 0.0, 0.0, 0.0, 0.0, 0.0, 0.0, 0.0, 0.0, 0.0, 0.0, 0.0, 0.0, 0.0, 0.0, 0.0, 0.0, 0.0, 0.0, 0.0, 0.0, 0.0, 0.0, 0.0, 0.0, 0.0, 0.0, 0.0, 0.0, 0.0, 0.0, 0.0, 0.0, 0.0, 0.0, 0.0, 0.0, 0.0, 0.0, 0.0, 0.0, 0.0, 0.0, 0.0, 0.0, 0.0, 0.0, 0.0, 0.0, 0.0, 0.0, 0.0, 0.0, 0.0, 0.0, 0.0, 0.0, 0.0, 0.0, 0.0, 0.0, 0.0, 0.0, 0.0, 0.0, 0.0, 0.0, 0.0, 0.0, 0.0, 0.0, 0.0, 0.0, 0.0, 0.0, 0.0, 0.0, 0.0, 0.0, 0.0, 0.0, 0.0, 0.0, 0.9571428298950195, 0.0, 0.02857142873108387, 0.0, 0.014285714365541935, 0.0, 0.0, 0.0, 0.0, 0.0, 0.0, 0.0, 0.0, 0.0, 0.0, 0.0, 0.0, 0.0, 0.0, 0.0, 0.0, 0.0, 0.0, 0.0, 0.0, 0.0, 0.0, 0.0, 0.0, 0.0, 0.0, 0.0, 0.0, 0.0, 0.0, 0.0, 0.0, 0.0, 0.0, 0.0, 0.0, 0.0, 0.0, 0.0, 0.0, 0.0, 0.0, 0.0, 0.0, 0.0, 0.0, 0.0, 0.0, 0.0, 0.0, 0.0, 0.0, 0.0, 0.0, 0.0, 0.0, 0.0, 0.0, 0.0, 0.0, 0.0, 0.0, 0.0, 0.0, 0.0, 0.0, 0.0, 0.0, 0.0, 0.0, 0.0, 0.0, 0.0, 0.0, 0.0, 0.0, 0.0, 0.0, 0.0, 0.0, 0.0, 0.0, 0.0, 0.0, 0.0, 0.0, 0.0, 0.0, 0.0, 0.0, 0.0, 0.0, 0.0, 0.0, 0.0, 0.0, 0.0, 0.0, 0.0, 0.0, 0.0, 0.0, 0.0, 0.0, 0.0, 0.0, 0.0, 0.0, 0.0, 0.0, 0.0, 0.0, 0.0, 0.0, 0.0, 0.0, 0.0, 0.0, 0.0, 0.0, 0.0, 0.0, 0.0, 0.0, 0.0, 0.0, 0.0, 0.0, 0.0, 0.0, 0.0, 0.0, 0.0, 0.0, 0.0, 0.0, 0.0], "tonal.chords_histogram": [25.34722137451172, 0.3472222089767456, 61.11111068725586, 0.0, 0.0, 0.0, 0.0, 0.0, 0.0, 0.0, 0.0, 0.0, 0.0, 0.0, 0.0, 0.0, 0.23148147761821747, 1.3888888359069824, 0.0, 11.574073791503906, 0.0, 0.0, 0.0, 0.0], "tonal.thpcp": [1.0, 0.5607286691665649, 0.1162659227848053, 0.12157446891069412, 0.0984085202217102, 0.13935895264148712, 0.13488879799842834, 0.09111588448286057, 0.11775635927915573, 0.1400916874408722, 0.1240149661898613, 0.13397003710269928, 0.18408465385437012, 0.22631186246871948, 0.3108919560909271, 0.33237090706825256, 0.2468249797821045, 0.19365116953849792, 0.1805020421743393, 0.16178791224956512, 0.324916273355484, 0.5107499361038208, 0.289573073387146, 0.07411904633045197, 0.061609748750925064, 0.05248003453016281, 0.05678549408912659, 0.050509013235569, 0.4330529272556305, 0.8263688683509827, 0.4754907488822937, 0.11025629937648773, 0.10933780670166016, 0.11395256221294403, 0.12913870811462402, 0.554147481918335], "lowlevel.gfcc.cov": [[13271.095703125, -5503.60400390625, 1367.4195556640625, 3992.216796875, -584.5010375976562, 8.454499244689941, 175.86570739746094, 528.2373046875, -658.8680419921875, 259.0035095214844, -903.083740234375, 345.066162109375, -782.720703125], [-5503.60400390625, 4297.71240234375, -667.7522583007812, -2113.703857421875, 498.7743225097656, -481.000732421875, -117.42191314697266, -541.5518798828125, 277.6882019042969, -418.4808044433594, 392.9306945800781, -445.97735595703125, 312.1785583496094], [1367.4195556640625, -667.7522583007812, 1603.8800048828125, 321.0873107910156, 202.1490020751953, 367.5496826171875, 124.8883056640625, 318.6071472167969, -62.3924560546875, 297.6664733886719, -148.2366180419922, 110.73799896240234, -168.28993225097656], [3992.216796875, -2113.703857421875, 321.0873107910156, 1858.65185546875, -94.59456634521484, 110.68397521972656, 389.0406799316406, 228.03173828125, 2.494158983230591, 131.99334716796875, -184.7362518310547, 158.69163513183594, -158.7520294189453], [-584.5010375976562, 498.7743225097656, 202.1490020751953, -94.59456634521484, 361.99072265625, 74.68521881103516, 194.6397705078125, 38.48541259765625, 174.62864685058594, 21.010005950927734, 91.37519836425781, -27.24424171447754, 77.72081756591797], [8.454499244689941, -481.000732421875, 367.5496826171875, 110.68397521972656, 74.68521881103516, 444.9952392578125, 168.14547729492188, 139.73361206054688, 155.5654296875, 169.00221252441406, 41.00369644165039, 124.58020782470703, 55.76959991455078], [175.86570739746094, -117.42191314697266, 124.8883056640625, 389.0406799316406, 194.6397705078125, 168.14547729492188, 488.3674011230469, 41.767677307128906, 303.5682067871094, 112.62985229492188, 98.92166900634766, 92.4759292602539, 108.56531524658203], [528.2373046875, -541.5518798828125, 318.6071472167969, 228.03173828125, 38.48541259765625, 139.73361206054688, 41.767677307128906, 230.5050506591797, -4.187716007232666, 113.16825103759766, -20.62919807434082, 65.33578491210938, -37.67242431640625], [-658.8680419921875, 277.6882019042969, -62.3924560546875, 2.494158983230591, 174.62864685058594, 155.5654296875, 303.5682067871094, -4.187716007232666, 351.10260009765625, 68.82992553710938, 162.4037628173828, 61.076236724853516, 163.0272979736328], [259.0035095214844, -418.4808044433594, 297.6664733886719, 131.99334716796875, 21.010005950927734, 169.00221252441406, 112.62985229492188, 113.16825103759766, 68.82992553710938, 183.79495239257812, 9.649658203125, 115.75193786621094, 7.707604885101318], [-903.083740234375, 392.9306945800781, -148.2366180419922, -184.7362518310547, 91.37519836425781, 41.00369644165039, 98.92166900634766, -20.62919807434082, 162.4037628173828, 9.649658203125, 172.1200408935547, 6.458651542663574, 116.72576904296875], [345.066162109375, -445.97735595703125, 110.73799896240234, 158.69163513183594, -27.24424171447754, 124.58020782470703, 92.4759292602539, 65.33578491210938, 61.076236724853516, 115.75193786621094, 6.458651542663574, 142.98672485351562, 27.72115707397461], [-782.720703125, 312.1785583496094, -168.28993225097656, -158.7520294189453, 77.72081756591797, 55.76959991455078, 108.56531524658203, -37.67242431640625, 163.0272979736328, 7.707604885101318, 116.72576904296875, 27.72115707397461, 150.29385375976562]], "lowlevel.gfcc.icov": [[0.0004017078026663512, 0.0001237416872754693, -0.0002039709797827527, -0.0006720173987559974, -3.321059193694964e-05, 0.0002611001254990697, 0.00030150217935442924, 0.000231356912991032, -0.00021937985729891807, 0.00030246973619796336, 0.0006100315949879587, -0.0004891125718131661, 0.0004961870727129281], [0.0001237416872754693, 0.0029748619999736547, -0.001091353944502771, 0.002302556997165084, -0.001330007566139102, 0.0023545012809336185, -0.0009481068700551987, 0.002451387234032154, -0.0018470955546945333, 0.0023384855594486, -0.001696677994914353, 0.003559732809662819, -0.0006663703243248165], [-0.0002039709797827527, -0.001091353944502771, 0.00221778592094779, -0.00037433503894135356, -0.0008695109281688929, -0.001773305470123887, -0.00010483732330612838, -0.0013774706749245524, 0.0014502410776913166, -0.003207596717402339, 0.0013191166799515486, -0.0005691460100933909, 0.0018025406170636415], [-0.0006720173987559974, 0.002302556997165084, -0.00037433503894135356, 0.004623457323759794, -0.00040445243939757347, 0.001625727629289031, -0.003398206550627947, 0.0003750074247363955, -0.0010256161913275719, 0.0024396413937211037, -0.0016111715231090784, 0.003027640748769045, 1.68587539519649e-05], [-3.321059193694964e-05, -0.001330007566139102, -0.0008695109281688929, -0.00040445243939757347, 0.006919234991073608, -0.0003799103433266282, -0.0018209838308393955, -0.002983824582770467, -0.000806989788543433, 0.0008422451792284846, 0.000371644418919459, 0.0011524223955348134, -0.0013499088818207383], [0.0002611001254990697, 0.0023545012809336185, -0.001773305470123887, 0.001625727629289031, -0.0003799103433266282, 0.006529477424919605, -0.00038976597716100514, 0.0006110096583142877, -0.00348651222884655, 0.0010709388880059123, -0.0004660066624637693, 0.0014817724004387856, -0.0017753455322235823], [0.00030150217935442924, -0.0009481068700551987, -0.00010483732330612838, -0.003398206550627947, -0.0018209838308393955, -0.00038976597716100514, 0.009130827151238918, 0.0013592399191111326, -0.0049540321342647076, -0.0027696099132299423, 0.0010906393872573972, -0.001999114640057087, -0.00029850107966922224], [0.000231356912991032, 0.002451387234032154, -0.0013774706749245524, 0.0003750074247363955, -0.002983824582770467, 0.0006110096583142877, 0.0013592399191111326, 0.01101328618824482, -0.0005196683341637254, -0.0017985645681619644, -0.003207172267138958, 0.002400206634774804, 0.0007658484973944724], [-0.00021937985729891807, -0.0018470955546945333, 0.0014502410776913166, -0.0010256161913275719, -0.000806989788543433, -0.00348651222884655, -0.0049540321342647076, -0.0005196683341637254, 0.01516803726553917, -0.002959484700113535, -0.0035721168387681246, -0.0018852915382012725, -0.004785292781889439], [0.00030246973619796336, 0.0023384855594486, -0.003207596717402339, 0.0024396413937211037, 0.0008422451792284846, 0.0010709388880059123, -0.0027696099132299423, -0.0017985645681619644, -0.002959484700113535, 0.02231711708009243, -0.003039905335754156, -0.008968941867351532, 0.0025010171812027693], [0.0006100315949879587, -0.001696677994914353, 0.0013191166799515486, -0.0016111715231090784, 0.000371644418919459, -0.0004660066624637693, 0.0010906393872573972, -0.003207172267138958, -0.0035721168387681246, -0.003039905335754156, 0.018274029716849327, -0.0005937924142926931, -0.00518691586330533], [-0.0004891125718131661, 0.003559732809662819, -0.0005691460100933909, 0.003027640748769045, 0.0011524223955348134, 0.0014817724004387856, -0.001999114640057087, 0.002400206634774804, -0.0018852915382012725, -0.008968941867351532, -0.0005937924142926931, 0.025155844166874886, -0.008154374547302723], [0.0004961870727129281, -0.0006663703243248165, 0.0018025406170636415, 1.68587539519649e-05, -0.0013499088818207383, -0.0017753455322235823, -0.00029850107966922224, 0.0007658484973944724, -0.004785292781889439, 0.0025010171812027693, -0.00518691586330533, -0.008154374547302723, 0.025017421692609787]], "lowlevel.mfcc.cov": [[13782.259765625, -6611.3408203125, 1051.393310546875, 3136.2724609375, -295.7844543457031, 542.903076171875, 169.18260192871094, 483.6178894042969, 84.573974609375, 76.62005615234375, -86.41829681396484, -44.851715087890625, -134.18844604492188], [-6611.3408203125, 5218.26904296875, -773.9203491210938, -1549.4505615234375, 183.90428161621094, -533.2646484375, -208.09658813476562, -429.2331237792969, -210.8624267578125, -168.91583251953125, -94.8759536743164, -70.5284652709961, -65.50547790527344], [1051.393310546875, -773.9203491210938, 1076.7911376953125, 181.28048706054688, 181.97666931152344, 189.27276611328125, 199.9750213623047, 95.75990295410156, 143.47549438476562, 80.51868438720703, 156.76113891601562, 79.27845764160156, 45.888526916503906], [3136.2724609375, -1549.4505615234375, 181.28048706054688, 1186.7071533203125, -115.86091613769531, 260.7292175292969, 118.60447692871094, 211.01161193847656, 114.38825988769531, 94.94070434570312, 49.718528747558594, 44.93292236328125, 21.064348220825195], [-295.7844543457031, 183.90428161621094, 181.97666931152344, -115.86091613769531, 237.08554077148438, -36.0360221862793, 76.5008544921875, 8.653887748718262, 25.9243221282959, 31.00107192993164, 13.302565574645996, 27.545879364013672, 11.385000228881836], [542.903076171875, -533.2646484375, 189.27276611328125, 260.7292175292969, -36.0360221862793, 424.5997009277344, 72.83642578125, 189.81906127929688, 195.966796875, 113.780517578125, 131.2532196044922, 63.121768951416016, 84.00922393798828], [169.18260192871094, -208.09658813476562, 199.9750213623047, 118.60447692871094, 76.5008544921875, 72.83642578125, 145.7623748779297, 65.7919692993164, 73.55205535888672, 57.78120422363281, 54.880828857421875, 43.936458587646484, 31.73644256591797], [483.6178894042969, -429.2331237792969, 95.75990295410156, 211.01161193847656, 8.653887748718262, 189.81906127929688, 65.7919692993164, 174.9225616455078, 121.61975860595703, 96.87327575683594, 69.9682388305664, 59.18691635131836, 56.484161376953125], [84.573974609375, -210.8624267578125, 143.47549438476562, 114.38825988769531, 25.9243221282959, 195.966796875, 73.55205535888672, 121.61975860595703, 178.627197265625, 93.70881652832031, 101.32801055908203, 57.72843933105469, 69.94414520263672], [76.62005615234375, -168.91583251953125, 80.51868438720703, 94.94070434570312, 31.00107192993164, 113.780517578125, 57.78120422363281, 96.87327575683594, 93.70881652832031, 114.33024597167969, 69.07766723632812, 58.855194091796875, 48.39365768432617], [-86.41829681396484, -94.8759536743164, 156.76113891601562, 49.718528747558594, 13.302565574645996, 131.2532196044922, 54.880828857421875, 69.9682388305664, 101.32801055908203, 69.07766723632812, 121.0376968383789, 56.75942611694336, 55.35103225708008], [-44.851715087890625, -70.5284652709961, 79.27845764160156, 44.93292236328125, 27.545879364013672, 63.121768951416016, 43.936458587646484, 59.18691635131836, 57.72843933105469, 58.855194091796875, 56.75942611694336, 81.33584594726562, 49.54405212402344], [-134.18844604492188, -65.50547790527344, 45.888526916503906, 21.064348220825195, 11.385000228881836, 84.00922393798828, 31.73644256591797, 56.484161376953125, 69.94414520263672, 48.39365768432617, 55.35103225708008, 49.54405212402344, 82.01554107666016]], "lowlevel.mfcc.icov": [[0.00041854390292428434, 0.00030805834103375673, -0.00026589984190650284, -0.0007850772817619145, -0.00020126259187236428, 1.1378208910173271e-05, 0.0006594036822207272, -0.00012881810835096985, 8.125940075842664e-05, 0.00015534630801994354, 0.0005348094855435193, 0.00011598222044995055, 0.000539127504453063], [0.00030805834103375673, 0.0006268286961130798, 0.00012809371401090175, -0.00022473782883025706, -0.0004844631184823811, 4.7168763558147475e-05, 0.0004731585504487157, 0.0006066885543987155, -0.0001975547056645155, 0.00017471358296461403, -6.023543028277345e-05, -0.00018136683502234519, 0.0006243372336030006], [-0.00026589984190650284, 0.00012809371401090175, 0.0020201976876705885, 0.0005860475939698517, -0.0011929705506190658, -0.00045658904127776623, -0.0016481567872688174, 0.0010341079905629158, -0.00013105481048114598, 0.0008880028035491705, -0.002591825323179364, -0.000545919465366751, 0.0006120449397712946], [-0.0007850772817619145, -0.00022473782883025706, 0.0005860475939698517, 0.0031468691304326057, 0.0012062537716701627, -0.00021556114370469004, -0.0023629446513950825, -0.0006718090735375881, -0.00013427023077383637, -0.0003820370475295931, -0.0005861733225174248, -0.0005824436084367335, -8.23504597065039e-05], [-0.00020126259187236428, -0.0004844631184823811, -0.0011929705506190658, 0.0012062537716701627, 0.007533435244113207, 0.0014646044000983238, -0.003478690981864929, -0.0010914445156231523, -0.0010537842754274607, -0.0018785707652568817, 0.0026888218708336353, -0.0007027999963611364, -0.00018969316442962736], [1.1378208910173271e-05, 4.7168763558147475e-05, -0.00045658904127776623, -0.00021556114370469004, 0.0014646044000983238, 0.006910639815032482, 0.0008158558630384505, -0.004323814529925585, -0.003803641302511096, 0.00042790680890902877, -0.0024361431133002043, 0.0020802190992981195, -0.0008738932083360851], [0.0006594036822207272, 0.0004731585504487157, -0.0016481567872688174, -0.0023629446513950825, -0.003478690981864929, 0.0008158558630384505, 0.014400118961930275, -0.0009445843752473593, -0.001838949043303728, -0.001090305857360363, -0.00020263805345166475, -0.001046583871357143, 0.0006919546285644174], [-0.00012881810835096985, 0.0006066885543987155, 0.0010341079905629158, -0.0006718090735375881, -0.0010914445156231523, -0.004323814529925585, -0.0009445843752473593, 0.02043718285858631, -0.004593866877257824, -0.0069763390347361565, 0.002763128373771906, -0.004041362553834915, -0.0006507516372948885], [8.125940075842664e-05, -0.0001975547056645155, -0.00013105481048114598, -0.00013427023077383637, -0.0010537842754274607, -0.003803641302511096, -0.001838949043303728, -0.004593866877257824, 0.019817521795630455, -0.003512514289468527, -0.0061495620757341385, 0.0033521410077810287, -0.004702085629105568], [0.00015534630801994354, 0.00017471358296461403, 0.0008880028035491705, -0.0003820370475295931, -0.0018785707652568817, 0.00042790680890902877, -0.001090305857360363, -0.0069763390347361565, -0.003512514289468527, 0.02364393323659897, -0.0044046263210475445, -0.00664442777633667, 0.0010746621992439032], [0.0005348094855435193, -6.023543028277345e-05, -0.002591825323179364, -0.0005861733225174248, 0.0026888218708336353, -0.0024361431133002043, -0.00020263805345166475, 0.002763128373771906, -0.0061495620757341385, -0.0044046263210475445, 0.024608073756098747, -0.005965687334537506, -0.0024352692998945713], [0.00011598222044995055, -0.00018136683502234519, -0.000545919465366751, -0.0005824436084367335, -0.0007027999963611364, 0.0020802190992981195, -0.001046583871357143, -0.004041362553834915, 0.0033521410077810287, -0.00664442777633667, -0.005965687334537506, 0.027956640347838402, -0.010145125910639763], [0.000539127504453063, 0.0006243372336030006, 0.0006120449397712946, -8.23504597065039e-05, -0.00018969316442962736, -0.0008738932083360851, 0.0006919546285644174, -0.0006507516372948885, -0.004702085629105568, 0.0010746621992439032, -0.0024352692998945713, -0.010145125910639763, 0.025502052158117294]], "metadata.audio_properties.analysis.downmix": "mix", "metadata.audio_properties.codec": "mp3", "metadata.audio_properties.md5_encoded": "902a643eb74618434b638faecb62ac19", "metadata.tags.file_name": "1183703996486127616.mp3", "metadata.version.essentia": "2.1-beta6-dev", "metadata.version.essentia_git_sha": "v2.1_beta5-1110-g77a6a954", "metadata.version.extractor": "music 2.0", "tonal.chords_key": "G", "tonal.chords_scale": "major", "tonal.key_edma.key": "C", "tonal.key_edma.scale": "major", "tonal.key_krumhansl.key": "C", "tonal.key_krumhansl.scale": "major", "tonal.key_temperley.key": "C", "tonal.key_temperley.scale": "major", "metadata.tags.encoding": ["Lavf58.45.100"]}, "essentia_models": [{"model_name": "genre_dortmund", "activations": {"alternative": "0.024815671", "blues": "0.005744367", "electronic": "0.26857483", "folkcountry": "0.006938093", "funksoulrnb": "0.009116885", "jazz": "0.0736484", "pop": "0.020452272", "raphiphop": "0.66107625"