{"song_id": "1183716246781431818", "download": "https://cdn.discordapp.com/attachments/1135911532732108921/1183716246781431818/chirp.mp4?ex=658958a9&amp", "lyrics": "[Verse]\n\u041d\u0430\u0447\u043d\u0438 \u0441 0\n\u0421 \u0441\u0430\u043c\u043e\u0433\u043e \u0434\u043d\u0430\n\u041d\u043e\u0432\u044b\u0439 \u0441\u0432\u044f\u0442\u043e\u0439\n\u0412\u044b\u0439\u0434\u0435\u0442 \u0438\u0437 \u0433\u0440\u043e\u0431\u0430\n\u041f\u0443\u0441\u0442\u044c \u041a\u043e\u0440\u043e\u043b\u0435\u0432\u0430\n\u0416\u0434\u0435\u0442 \u041a\u043e\u0440\u043e\u043b\u044f\n4-\u0445 \u043f\u0440\u0438\u043d\u0446\u0435\u0432 \u043d\u043e\u0441\u0438\u0442 \u0432 \u0443\u0442\u0440\u043e\u0431\u0435\n\u0412 \u041f\u0420\u0418\u0417\u0420\u0410\u0427\u041d\u041e\u041c \u0421\u0412\u0415\u0422\u0415\n\n[Chorus]\n\u0414\u043e\u0445\u043b\u0430\u044f \u0442\u0432\u0430\u0440\u044c\n\u0421\u0442\u044b\u043d\u0435\u0442 \u0432 \u0431\u0438\u043d\u0442\u0430\u0445\n\u042f \u043a \u0442\u0435\u0431\u0435 \u043c\u0447\u0443\u0441\u044c\n\u041d\u0430 \u043a\u043e\u0441\u0442\u044b\u043b\u044f\u0445\n5 \u0440\u0430\u0437 \u043f\u0440\u0435\u043b\u043e\u043c\u043b\u0435\u043d\n5 \u0440\u0430\u0437 \u043e\u0442\u0440\u0430\u0436\u0435\u043d\n\u0421\u043d\u043e\u0432\u0430 \u041a\u041b\u041e\u041d\u0418\u0420\u041e\u0412\u0410\u041d\n\u0421\u043d\u043e\u0432\u0430 \u0441\u043f\u0430\u0441\u0435\u043d", "style": ["Alternative metal"], "essentia_features": {"lowlevel.average_loudness": 0.9813051223754883, "lowlevel.barkbands_crest.mean": 10.994054794311523, "lowlevel.barkbands_crest.stdev": 5.29025411605835, "lowlevel.barkbands_flatness_db.mean": 0.10908056795597076, "lowlevel.barkbands_flatness_db.stdev": 0.04451671615242958, "lowlevel.barkbands_kurtosis.mean": 2.0526061058044434, "lowlevel.barkbands_kurtosis.stdev": 6.510503768920898, "lowlevel.barkbands_skewness.mean": 1.3022319078445435, "lowlevel.barkbands_skewness.stdev": 1.2387025356292725, "lowlevel.barkbands_spread.mean": 41.206382751464844, "lowlevel.barkbands_spread.stdev": 17.52646255493164, "lowlevel.dissonance.mean": 0.4904986619949341, "lowlevel.dissonance.stdev": 0.009878099896013737, "lowlevel.dynamic_complexity": 1.0382966995239258, "lowlevel.erbbands_crest.mean": 7.383681774139404, "lowlevel.erbbands_crest.stdev": 3.3569376468658447, "lowlevel.erbbands_flatness_db.mean": 0.1232709065079689, "lowlevel.erbbands_flatness_db.stdev": 0.02809099480509758, "lowlevel.erbbands_kurtosis.mean": 0.759022057056427, "lowlevel.erbbands_kurtosis.stdev": 1.4916044473648071, "lowlevel.erbbands_skewness.mean": -0.4778803884983063, "lowlevel.erbbands_skewness.stdev": 0.6153668165206909, "lowlevel.erbbands_spread.mean": 41.23649978637695, "lowlevel.erbbands_spread.stdev": 17.88749885559082, "lowlevel.hfc.mean": 37.2718620300293, "lowlevel.hfc.stdev": 18.108592987060547, "lowlevel.loudness_ebu128.integrated": -12.009471893310547, "lowlevel.loudness_ebu128.loudness_range": 0.8195352554321289, "lowlevel.loudness_ebu128.momentary.mean": -12.050253868103027, "lowlevel.loudness_ebu128.momentary.stdev": 0.6022235155105591, "lowlevel.loudness_ebu128.short_term.mean": -12.002042770385742, "lowlevel.loudness_ebu128.short_term.stdev": 0.2915644943714142, "lowlevel.melbands_crest.mean": 16.82176399230957, "lowlevel.melbands_crest.stdev": 5.183834075927734, "lowlevel.melbands_flatness_db.mean": 0.16611100733280182, "lowlevel.melbands_flatness_db.stdev": 0.056496258825063705, "lowlevel.melbands_kurtosis.mean": 16.601890563964844, "lowlevel.melbands_kurtosis.stdev": 27.816104888916016, "lowlevel.melbands_skewness.mean": 3.227139949798584, "lowlevel.melbands_skewness.stdev": 2.2096216678619385, "lowlevel.melbands_spread.mean": 37.360347747802734, "lowlevel.melbands_spread.stdev": 22.461883544921875, "lowlevel.pitch_salience.mean": 0.51779705286026, "lowlevel.pitch_salience.stdev": 0.14150281250476837, "lowlevel.silence_rate_20dB.mean": 1.0, "lowlevel.silence_rate_20dB.stdev": 0.0, "lowlevel.silence_rate_30dB.mean": 0.988399088382721, "lowlevel.silence_rate_30dB.stdev": 0.10708171129226685, "lowlevel.silence_rate_60dB.mean": 0.0011600927682593465, "lowlevel.silence_rate_60dB.stdev": 0.034040726721286774, "lowlevel.spectral_centroid.mean": 2260.70361328125, "lowlevel.spectral_centroid.stdev": 497.4266662597656, "lowlevel.spectral_complexity.mean": 33.19663619995117, "lowlevel.spectral_complexity.stdev": 8.752820014953613, "lowlevel.spectral_decrease.mean": -1.0172415798592738e-08, "lowlevel.spectral_decrease.stdev": 7.1882886309992955e-09, "lowlevel.spectral_energy.mean": 0.0417737141251564, "lowlevel.spectral_energy.stdev": 0.027378927916288376, "lowlevel.spectral_energyband_high.mean": 0.002204685006290674, "lowlevel.spectral_energyband_high.stdev": 0.0019752385560423136, "lowlevel.spectral_energyband_low.mean": 0.02465185523033142, "lowlevel.spectral_energyband_low.stdev": 0.027394631877541542, "lowlevel.spectral_energyband_middle_high.mean": 0.00891075935214758, "lowlevel.spectral_energyband_middle_high.stdev": 0.005396819673478603, "lowlevel.spectral_energyband_middle_low.mean": 0.006995875388383865, "lowlevel.spectral_energyband_middle_low.stdev": 0.011347144842147827, "lowlevel.spectral_entropy.mean": 8.057308197021484, "lowlevel.spectral_entropy.stdev": 0.20644885301589966, "lowlevel.spectral_flux.mean": 0.13333867490291595, "lowlevel.spectral_flux.stdev": 0.057532504200935364, "lowlevel.spectral_kurtosis.mean": 3.216097831726074, "lowlevel.spectral_kurtosis.stdev": 1.4861679077148438, "lowlevel.spectral_rms.mean": 0.006101750303059816, "lowlevel.spectral_rms.stdev": 0.0018770965980365872, "lowlevel.spectral_rolloff.mean": 2305.367919921875, "lowlevel.spectral_rolloff.stdev": 1789.3648681640625, "lowlevel.spectral_skewness.mean": 1.294442892074585, "lowlevel.spectral_skewness.stdev": 0.2737763524055481, "lowlevel.spectral_spread.mean": 5057055.0, "lowlevel.spectral_spread.stdev": 1225475.875, "lowlevel.spectral_strongpeak.mean": 0.518571674823761, "lowlevel.spectral_strongpeak.stdev": 0.6633002161979675, "lowlevel.zerocrossingrate.mean": 0.08613632619380951, "lowlevel.zerocrossingrate.stdev": 0.03678499162197113, "metadata.audio_properties.analysis.equal_loudness": 0.0, "metadata.audio_properties.analysis.length": 39.999977111816406, "metadata.audio_properties.analysis.sample_rate": 44100.0, "metadata.audio_properties.analysis.start_time": 0.0, "metadata.audio_properties.bit_rate": 116940.0, "metadata.audio_properties.length": 40.0, "metadata.audio_properties.lossless": 0.0, "metadata.audio_properties.number_channels": 1.0, "metadata.audio_properties.replay_gain": -13.521665573120117, "metadata.audio_properties.sample_rate": 48000.0, "rhythm.beats_count": 76.0, "rhythm.beats_loudness.mean": 0.03812967613339424, "rhythm.beats_loudness.stdev": 0.012538153678178787, "rhythm.bpm": 115.02989959716797, "rhythm.bpm_histogram_first_peak_bpm": 115.0, "rhythm.bpm_histogram_first_peak_weight": 0.2799999713897705, "rhythm.bpm_histogram_second_peak_bpm": 0.0, "rhythm.bpm_histogram_second_peak_spread": 0.0, "rhythm.bpm_histogram_second_peak_weight": 0.0, "rhythm.danceability": 1.867856502532959, "rhythm.onset_rate": 3.7231764793395996, "tonal.chords_changes_rate": 0.1529548019170761, "tonal.chords_number_rate": 0.01274623442441225, "tonal.chords_strength.mean": 0.462065190076828, "tonal.chords_strength.stdev": 0.07723091542720795, "tonal.hpcp_crest.mean": 9.763895988464355, "tonal.hpcp_crest.stdev": 4.468229293823242, "tonal.hpcp_entropy.mean": 2.7573230266571045, "tonal.hpcp_entropy.stdev": 0.7538703083992004, "tonal.key_edma.strength": 0.4253152012825012, "tonal.key_krumhansl.strength": 0.4239545166492462, "tonal.key_temperley.strength": 0.4270663261413574, "tonal.tuning_diatonic_strength": 0.6407457590103149, "tonal.tuning_equal_tempered_deviation": 0.26139315962791443, "tonal.tuning_frequency": 441.0177917480469, "tonal.tuning_nontempered_energy_ratio": 0.9033092856407166, "lowlevel.barkbands.mean": [0.0008825137047097087, 0.017359526827931404, 0.005577855743467808, 0.002857598476111889, 0.0022697742097079754, 0.0003012591623701155, 0.0006108657107688487, 0.0004159160889685154, 0.00030313635943457484, 0.0008329027914442122, 0.0009028470958583057, 0.001243310165591538, 0.0008819247013889253, 0.0006253888132050633, 0.0005799901555292308, 0.0007185565773397684, 0.0006466833874583244, 0.0010192481568083167, 0.00129544863011688, 0.0004829313256777823, 0.0004017180763185024, 0.000335668126353994, 0.00045032601337879896, 0.000365766289178282, 0.0002561948203947395, 0.00015568934031762183, 6.461868906626478e-07], "lowlevel.barkbands.stdev": [0.0005760813946835697, 0.023477828130126, 0.008574582636356354, 0.004445352591574192, 0.00645639281719923, 0.0007789431256242096, 0.0014366998802870512, 0.0010021462803706527, 0.0006634704768657684, 0.0018685766262933612, 0.0014018227811902761, 0.0021038937848061323, 0.0012571410043165088, 0.0008208676008507609, 0.0007104161777533591, 0.0008940480183809996, 0.0007209912873804569, 0.00105133221950382, 0.0010083108209073544, 0.0003522162151057273, 0.00034374112146906555, 0.00037281421828083694, 0.0005984047311358154, 0.0005349218263290823, 0.00037224101833999157, 0.00016278312250506133, 1.7617027197047719e-06], "lowlevel.erbbands.mean": [0.4361869692802429, 4.072460174560547, 7.133517742156982, 8.135274887084961, 11.899269104003906, 4.380753040313721, 2.439021587371826, 2.7165586948394775, 5.944781303405762, 12.710695266723633, 6.90493106842041, 7.17932653427124, 19.49567985534668, 30.970943450927734, 41.28535842895508, 51.01158905029297, 42.31923294067383, 32.79924011230469, 34.73969650268555, 27.43366241455078, 43.471961975097656, 38.214195251464844, 46.941688537597656, 83.58676147460938, 42.39167022705078, 23.237716674804688, 18.892860412597656, 13.526472091674805, 12.367947578430176, 13.73404312133789, 11.849695205688477, 8.103774070739746, 5.8741536140441895, 3.2405292987823486, 1.5971217155456543, 0.8417189717292786, 0.2574694752693176, 0.02435021661221981, 0.0004979566438123584, 7.545142580056563e-05], "lowlevel.erbbands.stdev": [0.5829988718032837, 5.654676914215088, 10.269472122192383, 9.72025203704834, 31.41679573059082, 12.453112602233887, 5.014225006103516, 7.322180271148682, 12.368864059448242, 32.1504020690918, 14.827929496765137, 16.639711380004883, 48.63148498535156, 58.48290252685547, 60.760005950927734, 85.01778411865234, 57.881290435791016, 41.132598876953125, 39.98906326293945, 30.437427520751953, 53.07773208618164, 42.654273986816406, 49.379539489746094, 71.3260269165039, 31.082229614257812, 16.511716842651367, 15.617270469665527, 12.5885591506958, 13.156938552856445, 19.12027931213379, 15.030975341796875, 11.411975860595703, 9.106343269348145, 5.261537551879883, 2.125005006790161, 1.0323128700256348, 0.25075387954711914, 0.02573888748884201, 0.00046931608812883496, 3.6100918805459514e-05], "lowlevel.gfcc.mean": [57.13108444213867, 46.555606842041016, -114.35179901123047, 55.051692962646484, -37.29106140136719, 38.85438919067383, -28.097930908203125, 24.447540283203125, -29.500118255615234, 5.763330936431885, -15.84376049041748, 4.8321428298950195, -20.403156280517578], "lowlevel.melbands.mean": [0.004503128584474325, 0.004287295509129763, 0.0015757157234475017, 0.0005804299144074321, 9.119653259404004e-05, 6.072278483770788e-05, 0.00010118242062162608, 0.00013357948046177626, 5.081702329334803e-05, 4.491408617468551e-05, 9.870677604340017e-05, 0.00012265500845387578, 0.00012740568490698934, 0.0001415191072737798, 0.00011609116336330771, 8.1578255048953e-05, 5.849189619766548e-05, 5.721125489799306e-05, 4.016932507511228e-05, 3.953988561988808e-05, 5.272265843814239e-05, 3.8998681702651083e-05, 3.630735955084674e-05, 4.943182284478098e-05, 7.304525206563994e-05, 3.745832873391919e-05, 2.0080107788089663e-05, 1.413572499586735e-05, 1.2093601981177926e-05, 1.017019894788973e-05, 6.862573172838893e-06, 7.0077671807666775e-06, 6.4642176766938064e-06, 8.40131087898044e-06, 7.143601123971166e-06, 5.413793132902356e-06, 4.9278573897026945e-06, 4.323550456319936e-06, 3.324925046399585e-06, 2.5488845949439565e-06], "lowlevel.melbands.stdev": [0.006032859906554222, 0.005435470025986433, 0.0021791523322463036, 0.0016465162625536323, 0.00019025476649403572, 0.0001582134427735582, 0.00021520147856790572, 0.00032755901338532567, 0.00011247763177379966, 0.00010087957343785092, 0.00025339386775158346, 0.00024597160518169403, 0.0001890801067929715, 0.0002428750303806737, 0.00018536183051764965, 0.00011937205999856815, 8.085113222477958e-05, 6.935199053259566e-05, 5.08947268826887e-05, 5.080578557681292e-05, 6.599060725420713e-05, 4.4720676669385284e-05, 4.4053209421690553e-05, 5.343947123037651e-05, 6.551928527187556e-05, 3.056798959732987e-05, 1.482050538470503e-05, 1.1204061593161896e-05, 1.0659866347850766e-05, 9.00195573194651e-06, 6.9089401222299784e-06, 7.223526608868269e-06, 8.50898322823923e-06, 1.3027116438024677e-05, 9.200372005579993e-06, 7.554831881861901e-06, 7.294500392163172e-06, 6.910823231009999e-06, 5.0888352234323975e-06, 4.4569960664375685e-06], "lowlevel.melbands128.mean": [0.0003608389524742961, 0.00279669975861907, 0.006832465995103121, 0.0067355334758758545, 0.004277357365936041, 0.0025314141530543566, 0.0015668709529563785, 0.001472263247705996, 0.001362502109259367, 0.00048077089013531804, 0.0001474040182074532, 0.00010925622336799279, 8.076889207586646e-05, 5.878116644453257e-05, 5.8861860452452675e-05, 5.9314697864465415e-05, 7.391886902041733e-05, 9.831182251218706e-05, 0.00014687843213323504, 0.00016754979151301086, 0.00012048303324263543, 5.649507147609256e-05, 4.1991734178736806e-05, 4.19396637880709e-05, 4.196200825390406e-05, 4.4774013076676056e-05, 5.483856875798665e-05, 0.00012116202560719103, 0.00011646757775451988, 0.00011272986012045294, 0.0001348992227576673, 0.00012049607175868005, 0.00011327283573336899, 0.00015148907550610602, 0.00013269188639242202, 0.0001441910135326907, 0.00014376385661307722, 0.00012039661669405177, 9.281755046686158e-05, 9.632875298848376e-05, 8.137927943607792e-05, 5.931282430537976e-05, 5.1836836064467207e-05, 6.523834599647671e-05, 5.723317008232698e-05, 5.420310844783671e-05, 6.062530883355066e-05, 4.029235788038932e-05, 3.163617293466814e-05, 3.2772659324109554e-05, 3.510274109430611e-05, 5.254395364318043e-05, 6.052851313143037e-05, 4.9490572564536706e-05, 4.192016422166489e-05, 3.85253042622935e-05, 3.698092041304335e-05, 3.447934068390168e-05, 3.599592673708685e-05, 3.8706668419763446e-05, 4.197045200271532e-05, 6.144978397060186e-05, 8.600392902735621e-05, 7.976971392054111e-05, 4.6770626795478165e-05, 3.86236933991313e-05, 3.0076835173531435e-05, 2.195835259044543e-05, 1.8214645024272613e-05, 1.6750012946431525e-05, 1.3983584722154774e-05, 1.2568596503115259e-05, 1.324281492998125e-05, 1.1925155376957264e-05, 1.0844987627933733e-05, 1.1348544830980245e-05, 9.374713954457548e-06, 7.871396519476548e-06, 6.299553206190467e-06, 5.851448349858401e-06, 7.354954050242668e-06, 7.436954547301866e-06, 6.604254394915188e-06, 6.172083431010833e-06, 6.159094937174814e-06, 8.29299369797809e-06, 9.190230230160523e-06, 8.836768756737001e-06, 6.4398332142445724e-06, 6.777663202228723e-06, 5.941920790064614e-06, 5.150191555003403e-06, 4.216963134240359e-06, 5.096434506413061e-06, 5.207585218158783e-06, 4.669435384130338e-06, 4.053214070154354e-06, 3.994480266555911e-06, 3.3657152016530745e-06, 3.0508372219628654e-06, 2.708918373173219e-06, 2.6011869067588123e-06, 2.1497407942661084e-06, 1.8799190684148925e-06, 1.47682806073135e-06, 1.7721724816510687e-06, 1.9121860077575548e-06, 1.6797492889963905e-06, 1.4417743159356178e-06, 1.294739377044607e-06, 1.1412178082537139e-06, 8.531840762771026e-07, 8.191266829271626e-07, 7.286568006747984e-07, 4.7510303602393833e-07, 2.344917504615296e-07, 3.139922810646567e-08, 6.974995581110477e-10, 3.454057873053529e-11, 5.817075120206905e-12, 5.608585210842287e-12, 5.468124217311576e-12, 5.3206081034040675e-12, 5.2102927007580124e-12, 5.098256452423788e-12, 4.979077913858099e-12, 4.905187367398867e-12, 4.871155128566285e-12], "lowlevel.melbands128.stdev": [0.0004228518228046596, 0.0037772187497466803, 0.009874868206679821, 0.009830125607550144, 0.006488580256700516, 0.003763484302908182, 0.0020560657139867544, 0.0029007834382355213, 0.003953368868678808, 0.001631969353184104, 0.0004494168679229915, 0.0002168764767702669, 0.00017008268332574517, 0.00018718316277954727, 0.0002118746197083965, 0.00015226929099299014, 0.00016061149653978646, 0.00026966945733875036, 0.0004141485260333866, 0.0005092094652354717, 0.000342965213349089, 0.00017124494479503483, 0.0001253537047887221, 0.00014570918574463576, 0.0001660771667957306, 0.00010954044410027564, 0.00011972198990406469, 0.0004259462293703109, 0.00035426492104306817, 0.00034432552638463676, 0.0003371091152075678, 0.00025589665165171027, 0.00020646146731451154, 0.0003065581840928644, 0.0002830372250173241, 0.00033745812834240496, 0.00031149733695201576, 0.00026686638011597097, 0.00015714559413027018, 0.00018695136532187462, 0.00014621704758610576, 0.00010490998101886362, 9.567819506628439e-05, 0.00011750548583222553, 9.6817959274631e-05, 8.148394408635795e-05, 9.904688340611756e-05, 6.365928129525855e-05, 5.3001876949565485e-05, 4.514709871727973e-05, 5.640351082547568e-05, 9.095203131437302e-05, 0.0001027990656439215, 6.639624189119786e-05, 5.206146670388989e-05, 5.36351180926431e-05, 5.677741501131095e-05, 4.84156516904477e-05, 5.40281216672156e-05, 5.787389090983197e-05, 5.995047104079276e-05, 7.540168735431507e-05, 9.515511192148551e-05, 8.866928692441434e-05, 4.693984010373242e-05, 3.9994898543227464e-05, 3.144677611999214e-05, 2.023918023041915e-05, 1.6648769815219566e-05, 1.4743155588803347e-05, 1.4106414710113313e-05, 1.2324323506618384e-05, 1.4539491530740634e-05, 1.2933541256643366e-05, 1.0335025763197336e-05, 1.1497438208607491e-05, 9.761271940078586e-06, 9.945521924237255e-06, 7.09625919625978e-06, 6.725940238538897e-06, 8.211805834434927e-06, 8.916648766899016e-06, 8.933929166232701e-06, 9.668489838077221e-06, 8.457634066871833e-06, 1.4057763110031374e-05, 1.664723822614178e-05, 1.4040441783436108e-05, 8.157242518791463e-06, 9.950963431037962e-06, 8.993408300739247e-06, 7.886411367508117e-06, 6.480504907813156e-06, 8.627705028629862e-06, 7.90278227214003e-06, 7.684825504838955e-06, 7.706174983468372e-06, 7.072032985888654e-06, 5.259159024717519e-06, 4.894297944701975e-06, 4.762828666571295e-06, 5.127948043082142e-06, 3.9973460843611974e-06, 3.0667870305478573e-06, 2.007229795708554e-06, 2.3783804863342084e-06, 2.562273493822431e-06, 2.428586640235153e-06, 2.1974949504510732e-06, 1.5866248759266455e-06, 1.3569244856626028e-06, 9.488197747486993e-07, 8.73966826020478e-07, 7.948361826493056e-07, 5.818382646793907e-07, 3.407998292459524e-07, 6.615643144414207e-08, 8.267947215756521e-09, 6.834838806035748e-10, 7.987072808690598e-12, 7.726436677957249e-12, 7.525837592003981e-12, 7.347842820304429e-12, 7.199281101821775e-12, 7.065055571825463e-12, 6.960342458645075e-12, 6.892330890045928e-12, 6.851047940764632e-12], "lowlevel.mfcc.mean": [-584.4491577148438, 74.30628967285156, -5.205667972564697, 28.231582641601562, 19.486753463745117, 18.206274032592773, 20.263160705566406, 19.85982322692871, 2.2428886890411377, 7.208578109741211, 4.631506443023682, 3.781364917755127, 3.616787910461426], "lowlevel.spectral_contrast_coeffs.mean": [-0.7112565636634827, -0.815785825252533, -0.7962769269943237, -0.8057095408439636, -0.7835941314697266, -0.758568286895752], "lowlevel.spectral_contrast_coeffs.stdev": [0.07202897220849991, 0.05753541365265846, 0.058788131922483444, 0.03670618683099747, 0.03345930948853493, 0.028454666957259178], "lowlevel.spectral_contrast_valleys.mean": [-6.532073974609375, -6.887957572937012, -6.7870049476623535, -6.810872554779053, -6.543979644775391, -9.17422103881836], "lowlevel.spectral_contrast_valleys.stdev": [0.452179491519928, 0.4904871881008148, 0.47175559401512146, 0.39752355217933655, 0.3612249791622162, 0.5474182367324829], "rhythm.beats_loudness_band_ratio.mean": [0.6109867095947266, 0.06166891008615494, 0.06773572415113449, 0.10580644011497498, 0.11785494536161423, 0.08804994076490402], "rhythm.beats_loudness_band_ratio.stdev": [0.15504828095436096, 0.06514284014701843, 0.07749568670988083, 0.09434393048286438, 0.07768730074167252, 0.038142867386341095], "tonal.hpcp.mean": [0.0958765521645546, 0.09591294825077057, 0.0979991927742958, 0.10049404948949814, 0.12116967141628265, 0.15561644732952118, 0.19327709078788757, 0.22383829951286316, 0.23007811605930328, 0.22099703550338745, 0.19334791600704193, 0.18253417313098907, 0.18660150468349457, 0.1289871484041214, 0.07853925973176956, 0.07122325897216797, 0.07523928582668304, 0.07769326865673065, 0.06389237940311432, 0.057832445949316025, 0.0573771707713604, 0.05888454616069794, 0.07128818333148956, 0.09851168096065521, 0.14666859805583954, 0.19572259485721588, 0.19656312465667725, 0.17381496727466583, 0.17554409801959991, 0.17738473415374756, 0.15655075013637543, 0.13032035529613495, 0.10388997942209244, 0.08779232949018478, 0.09066806733608246, 0.09701043367385864], "tonal.hpcp.stdev": [0.1977183073759079, 0.20769089460372925, 0.18731436133384705, 0.21008890867233276, 0.22926372289657593, 0.27083954215049744, 0.29533547163009644, 0.30412557721138, 0.3004234731197357, 0.3016790449619293, 0.27300408482551575, 0.2676123082637787, 0.2928742468357086, 0.2133035659790039, 0.15392278134822845, 0.14921866357326508, 0.15245085954666138, 0.16884158551692963, 0.14340634644031525, 0.1251278519630432, 0.11712925136089325, 0.12363901734352112, 0.13892950117588043, 0.18246762454509735, 0.2485855370759964, 0.30866509675979614, 0.3004021942615509, 0.27097272872924805, 0.26804447174072266, 0.2577754557132721, 0.22891266644001007, 0.18852591514587402, 0.16231176257133484, 0.14838393032550812, 0.16740645468235016, 0.19765226542949677], "rhythm.beats_position": [0.5340589284896851, 1.0681178569793701, 1.6021767854690552, 2.11301589012146, 2.635464906692505, 3.14630389213562, 3.6803627014160156, 4.2028117179870605, 4.7252607345581055, 5.24770975112915, 5.770158767700195, 6.29260778427124, 6.815056800842285, 7.337505340576172, 7.848344326019287, 8.370793342590332, 8.893242835998535, 9.415691375732422, 9.938140869140625, 10.448979377746582, 10.971427917480469, 11.493877410888672, 12.027935981750488, 12.538775444030762, 13.061223983764648, 13.583673477172852, 14.106122016906738, 14.628571510314941, 15.151020050048828, 15.673469543457031, 16.1959171295166, 16.718366622924805, 17.240816116333008, 17.76326560974121, 18.28571319580078, 18.808162689208984, 19.330612182617188, 19.85306167602539, 20.37550926208496, 20.897958755493164, 21.420408248901367, 21.942855834960938, 22.46530532836914, 22.987754821777344, 23.498594284057617, 24.009431838989258, 24.53188133239746, 25.065940856933594, 25.588390350341797, 26.110837936401367, 26.63328742980957, 27.144126892089844, 27.654966354370117, 28.189023971557617, 28.71147346496582, 29.233922958374023, 29.756370544433594, 30.267210006713867, 30.78965950012207, 31.323719024658203, 31.846166610717773, 32.36861801147461, 32.89106369018555, 33.41351318359375, 33.93596267700195, 34.458412170410156, 34.98086166381836, 35.50331115722656, 36.025760650634766, 36.5482063293457, 37.070655822753906, 37.59310531616211, 38.103946685791016, 38.614784240722656, 39.148841857910156, 39.65968322753906], "rhythm.bpm_histogram": [0.0, 0.0, 0.0, 0.0, 0.0, 0.0, 0.0, 0.0, 0.0, 0.0, 0.0, 0.0, 0.0, 0.0, 0.0, 0.0, 0.0, 0.0, 0.0, 0.0, 0.0, 0.0, 0.0, 0.0, 0.0, 0.0, 0.0, 0.0, 0.0, 0.0, 0.0, 0.0, 0.0, 0.0, 0.0, 0.0, 0.0, 0.0, 0.0, 0.0, 0.0, 0.0, 0.0, 0.0, 0.0, 0.0, 0.0, 0.0, 0.0, 0.0, 0.0, 0.0, 0.0, 0.0, 0.0, 0.0, 0.0, 0.0, 0.0, 0.0, 0.0, 0.0, 0.0, 0.0, 0.0, 0.0, 0.0, 0.0, 0.0, 0.0, 0.0, 0.0, 0.0, 0.0, 0.0, 0.0, 0.0, 0.0, 0.0, 0.0, 0.0, 0.0, 0.0, 0.0, 0.0, 0.0, 0.0, 0.0, 0.0, 0.0, 0.0, 0.0, 0.0, 0.0, 0.0, 0.0, 0.0, 0.0, 0.0, 0.0, 0.0, 0.0, 0.0, 0.0, 0.0, 0.0, 0.0, 0.0, 0.0, 0.0, 0.0, 0.0, 0.1066666692495346, 0.0, 0.0, 0.7200000286102295, 0.0, 0.1733333319425583, 0.0, 0.0, 0.0, 0.0, 0.0, 0.0, 0.0, 0.0, 0.0, 0.0, 0.0, 0.0, 0.0, 0.0, 0.0, 0.0, 0.0, 0.0, 0.0, 0.0, 0.0, 0.0, 0.0, 0.0, 0.0, 0.0, 0.0, 0.0, 0.0, 0.0, 0.0, 0.0, 0.0, 0.0, 0.0, 0.0, 0.0, 0.0, 0.0, 0.0, 0.0, 0.0, 0.0, 0.0, 0.0, 0.0, 0.0, 0.0, 0.0, 0.0, 0.0, 0.0, 0.0, 0.0, 0.0, 0.0, 0.0, 0.0, 0.0, 0.0, 0.0, 0.0, 0.0, 0.0, 0.0, 0.0, 0.0, 0.0, 0.0, 0.0, 0.0, 0.0, 0.0, 0.0, 0.0, 0.0, 0.0, 0.0, 0.0, 0.0, 0.0, 0.0, 0.0, 0.0, 0.0, 0.0, 0.0, 0.0, 0.0, 0.0, 0.0, 0.0, 0.0, 0.0, 0.0, 0.0, 0.0, 0.0, 0.0, 0.0, 0.0, 0.0, 0.0, 0.0, 0.0, 0.0, 0.0, 0.0, 0.0, 0.0, 0.0, 0.0, 0.0, 0.0, 0.0, 0.0, 0.0, 0.0, 0.0, 0.0, 0.0, 0.0, 0.0, 0.0, 0.0, 0.0, 0.0, 0.0, 0.0, 0.0, 0.0, 0.0], "tonal.chords_histogram": [9.733488082885742, 0.0, 6.0254926681518555, 0.11587485671043396, 1.1587485074996948, 0.0, 0.0, 0.46349942684173584, 0.0, 1.9698725938796997, 0.5793742537498474, 9.385863304138184, 13.441483497619629, 0.0, 20.1622257232666, 0.0, 0.0, 0.0, 0.0, 4.750869274139404, 0.46349942684173584, 20.1622257232666, 2.3174970149993896, 9.269988059997559], "tonal.thpcp": [1.0, 0.9605304598808289, 0.8403577208518982, 0.7933573722839355, 0.8110354542732239, 0.560623288154602, 0.34135910868644714, 0.30956119298934937, 0.32701626420021057, 0.3376821279525757, 0.2776986360549927, 0.25136005878448486, 0.24938125908374786, 0.25593283772468567, 0.30984339118003845, 0.4281662404537201, 0.6374730467796326, 0.8506788611412048, 0.8543321490287781, 0.7554606795310974, 0.7629760503768921, 0.7709761261940002, 0.6804243326187134, 0.5664178729057312, 0.4515421986579895, 0.38157618045806885, 0.3940751552581787, 0.4216412901878357, 0.41671305894851685, 0.41687121987342834, 0.42593878507614136, 0.4367823004722595, 0.5266457796096802, 0.6763635277748108, 0.8400498628616333, 0.9728795886039734], "lowlevel.gfcc.cov": [[1206.6685791015625, -162.9739990234375, 39.759666442871094, -53.48832702636719, -103.7473373413086, -59.88776779174805, -69.62057495117188, -25.38317108154297, -70.52610778808594, -0.7931342720985413, -55.63193893432617, 21.109756469726562, -71.30305480957031], [-162.9739990234375, 486.38153076171875, -154.63516235351562, 45.84610366821289, 39.4420280456543, -45.74639129638672, 64.27367401123047, -38.69427490234375, 16.602922439575195, -49.51739501953125, 32.678321838378906, -62.07058334350586, 55.500144958496094], [39.759666442871094, -154.63516235351562, 316.8326416015625, 77.41419982910156, -30.958072662353516, -6.276901721954346, -61.005714416503906, -6.092711448669434, 19.588504791259766, 30.446090698242188, -54.580810546875, 21.574373245239258, 4.59371280670166], [-53.48832702636719, 45.84610366821289, 77.41419982910156, 203.6163330078125, 14.225187301635742, 3.595712423324585, -38.77473068237305, -13.0924711227417, 56.72288513183594, -22.375598907470703, -6.720885753631592, -27.992380142211914, 32.27739715576172], [-103.7473373413086, 39.4420280456543, -30.958072662353516, 14.225187301635742, 196.39816284179688, 71.21656036376953, 84.56279754638672, 40.7770881652832, 0.03153597563505173, -5.6970014572143555, 16.006383895874023, 11.787132263183594, 8.46414566040039], [-59.88776779174805, -45.74639129638672, -6.276901721954346, 3.595712423324585, 71.21656036376953, 187.6552276611328, 109.60525512695312, 36.06331253051758, -9.788665771484375, 1.2506855726242065, 40.3857307434082, -0.638202428817749, 17.661596298217773], [-69.62057495117188, 64.27367401123047, -61.005714416503906, -38.77473068237305, 84.56279754638672, 109.60525512695312, 171.87661743164062, 67.6377944946289, 2.5501039028167725, 1.2755918502807617, 38.70602798461914, 5.813873291015625, 15.24074649810791], [-25.38317108154297, -38.69427490234375, -6.092711448669434, -13.0924711227417, 40.7770881652832, 36.06331253051758, 67.6377944946289, 145.4955291748047, 91.48745727539062, 34.39899444580078, 27.5603084564209, 24.798036575317383, 17.71803092956543], [-70.52610778808594, 16.602922439575195, 19.588504791259766, 56.72288513183594, 0.03153597563505173, -9.788665771484375, 2.5501039028167725, 91.48745727539062, 152.20663452148438, 60.47593688964844, 29.884658813476562, 3.5856716632843018, 21.2823486328125], [-0.7931342720985413, -49.51739501953125, 30.446090698242188, -22.375598907470703, -5.6970014572143555, 1.2506855726242065, 1.2755918502807617, 34.39899444580078, 60.47593688964844, 99.27740478515625, 42.77946472167969, 16.937789916992188, -10.828605651855469], [-55.63193893432617, 32.678321838378906, -54.580810546875, -6.720885753631592, 16.006383895874023, 40.3857307434082, 38.70602798461914, 27.5603084564209, 29.884658813476562, 42.77946472167969, 95.61710357666016, 22.427492141723633, 6.7682952880859375], [21.109756469726562, -62.07058334350586, 21.574373245239258, -27.992380142211914, 11.787132263183594, -0.638202428817749, 5.813873291015625, 24.798036575317383, 3.5856716632843018, 16.937789916992188, 22.427492141723633, 62.56884002685547, 15.449912071228027], [-71.30305480957031, 55.500144958496094, 4.59371280670166, 32.27739715576172, 8.46414566040039, 17.661596298217773, 15.24074649810791, 17.71803092956543, 21.2823486328125, -10.828605651855469, 6.7682952880859375, 15.449912071228027, 69.95328521728516]], "lowlevel.gfcc.icov": [[0.0010324514005333185, -0.00023680934100411832, 0.00029779894975945354, -0.0005937019595876336, 0.0007560348021797836, -0.0003361646377015859, 0.00029809834086336195, -0.0008398718782700598, 0.0010815114947035909, -0.0007807709043845534, 0.0011911753099411726, -0.0014111672062426805, 0.001382338348776102], [-0.00023680934100411832, 0.007224270608276129, 6.869621574878693e-05, 0.0016065785894170403, -0.002391102956607938, 0.007002428639680147, -0.006020508706569672, 0.005725789349526167, -0.003995681647211313, 0.0045888363383710384, -0.006848877761512995, 0.01016917359083891, -0.007993371225893497], [0.00029779894975945354, 6.869621574878693e-05, 0.00656336173415184, -0.004472857341170311, 0.0016416216967627406, -0.0019887189846485853, 0.0006590569391846657, -0.000884516688529402, 0.0022425639908760786, -0.0059959846548736095, 0.007389171980321407, -0.005791882984340191, 0.0012196213938295841], [-0.0005937019595876336, 0.0016065785894170403, -0.004472857341170311, 0.012906931340694427, -0.0038775531575083733, 0.0009153233841061592, 0.0014051003381609917, 0.006121060345321894, -0.010192298330366611, 0.009985990822315216, -0.007677446585148573, 0.009368752129375935, -0.005839608609676361], [0.0007560348021797836, -0.002391102956607938, 0.0016416216967627406, -0.0038775531575083733, 0.008736125193536282, -0.003619496012106538, -0.0010267997859045863, -0.0036704670637845993, 0.0036642260383814573, -0.003431933466345072, 0.005249055568128824, -0.0074190194718539715, 0.0048438734374940395], [-0.0003361646377015859, 0.007002428639680147, -0.0019887189846485853, 0.0009153233841061592, -0.003619496012106538, 0.01730630360543728, -0.011188014410436153, 0.004091836977750063, -0.0006878834683448076, 0.0045099216513335705, -0.011345649138092995, 0.013723517768085003, -0.009746234863996506], [0.00029809834086336195, -0.006020508706569672, 0.0006590569391846657, 0.0014051003381609917, -0.0010267997859045863, -0.011188014410436153, 0.019465921446681023, -0.010358091443777084, 0.005306785460561514, -0.0026814660523086786, 0.0031293060164898634, -0.005111197475343943, 0.004516771528869867], [-0.0008398718782700598, 0.005725789349526167, -0.000884516688529402, 0.006121060345321894, -0.0036704670637845993, 0.004091836977750063, -0.010358091443777084, 0.02492860145866871, -0.019457120448350906, 0.008464490063488483, -0.004558670800179243, 0.002696754178032279, -0.005736060440540314], [0.0010815114947035909, -0.003995681647211313, 0.0022425639908760786, -0.010192298330366611, 0.0036642260383814573, -0.0006878834683448076, 0.005306785460561514, -0.019457120448350906, 0.02820785529911518, -0.01684601791203022, 0.004855985753238201, -0.0022246320731937885, 0.0011623118771240115], [-0.0007807709043845534, 0.0045888363383710384, -0.0059959846548736095, 0.009985990822315216, -0.003431933466345072, 0.0045099216513335705, -0.0026814660523086786, 0.008464490063488483, -0.01684601791203022, 0.02934909425675869, -0.01717829331755638, 0.00848009530454874, -0.0014760899357497692], [0.0011911753099411726, -0.006848877761512995, 0.007389171980321407, -0.007677446585148573, 0.005249055568128824, -0.011345649138092995, 0.0031293060164898634, -0.004558670800179243, 0.004855985753238201, -0.01717829331755638, 0.031812578439712524, -0.02229679562151432, 0.010117416270077229], [-0.0014111672062426805, 0.01016917359083891, -0.005791882984340191, 0.009368752129375935, -0.0074190194718539715, 0.013723517768085003, -0.005111197475343943, 0.002696754178032279, -0.0022246320731937885, 0.00848009530454874, -0.02229679562151432, 0.04476913437247276, -0.021326588466763496], [0.001382338348776102, -0.007993371225893497, 0.0012196213938295841, -0.005839608609676361, 0.0048438734374940395, -0.009746234863996506, 0.004516771528869867, -0.005736060440540314, 0.0011623118771240115, -0.0014760899357497692, 0.010117416270077229, -0.021326588466763496, 0.0301530659198761]], "lowlevel.mfcc.cov": [[998.1758422851562, -67.17337036132812, 10.314473152160645, -18.571252822875977, -61.110145568847656, -56.77960968017578, -60.41442108154297, -41.58474349975586, -69.01607513427734, -33.04901123046875, 5.343701362609863, -41.76655960083008, -29.322336196899414], [-67.17337036132812, 363.9090576171875, -152.0050811767578, 28.274017333984375, -40.968414306640625, 1.7894041538238525, 50.02158737182617, 2.5224289894104004, 2.739898443222046, 4.340508937835693, 1.4671058654785156, -22.044422149658203, -19.261709213256836], [10.314473152160645, -152.0050811767578, 325.53363037109375, 58.36093521118164, 17.357118606567383, 3.1117441654205322, -92.30879974365234, -49.44365310668945, 19.289316177368164, -10.454793930053711, -27.571683883666992, 7.276396751403809, 5.227827548980713], [-18.571252822875977, 28.274017333984375, 58.36093521118164, 168.6240234375, 57.539329528808594, -15.575470924377441, -75.44865417480469, -15.161654472351074, 21.452211380004883, -0.518336832523346, -20.48284149169922, -9.8828763961792, 0.568635106086731], [-61.110145568847656, -40.968414306640625, 17.357118606567383, 57.539329528808594, 121.40536499023438, 22.648761749267578, -9.691279411315918, 19.573482513427734, 26.26431655883789, 12.07469367980957, -3.6246178150177, 8.589070320129395, 10.508955955505371], [-56.77960968017578, 1.7894041538238525, 3.1117441654205322, -15.575470924377441, 22.648761749267578, 125.94827270507812, 88.77364349365234, 13.069058418273926, -5.455848217010498, 0.31601113080978394, 0.2519536316394806, -8.790733337402344, -11.764320373535156], [-60.41442108154297, 50.02158737182617, -92.30879974365234, -75.44865417480469, -9.691279411315918, 88.77364349365234, 193.89617919921875, 73.02529907226562, 1.2923977375030518, 2.6671526432037354, 13.782547950744629, -0.8177464008331299, -6.492222785949707], [-41.58474349975586, 2.5224289894104004, -49.44365310668945, -15.161654472351074, 19.573482513427734, 13.069058418273926, 73.02529907226562, 115.90998840332031, 51.164222717285156, 25.17892074584961, 5.1806817054748535, 5.734375476837158, 9.7299222946167], [-69.01607513427734, 2.739898443222046, 19.289316177368164, 21.452211380004883, 26.26431655883789, -5.455848217010498, 1.2923977375030518, 51.164222717285156, 104.11078643798828, 50.31675720214844, 5.203218460083008, 16.107664108276367, 15.802370071411133], [-33.04901123046875, 4.340508937835693, -10.454793930053711, -0.518336832523346, 12.07469367980957, 0.31601113080978394, 2.6671526432037354, 25.17892074584961, 50.31675720214844, 78.87492370605469, 41.05800247192383, 30.86522674560547, 18.354503631591797], [5.343701362609863, 1.4671058654785156, -27.571683883666992, -20.48284149169922, -3.6246178150177, 0.2519536316394806, 13.782547950744629, 5.1806817054748535, 5.203218460083008, 41.05800247192383, 79.02330017089844, 48.63835144042969, 23.333240509033203], [-41.76655960083008, -22.044422149658203, 7.276396751403809, -9.8828763961792, 8.589070320129395, -8.790733337402344, -0.8177464008331299, 5.734375476837158, 16.107664108276367, 30.86522674560547, 48.63835144042969, 88.581298828125, 49.67741012573242], [-29.322336196899414, -19.261709213256836, 5.227827548980713, 0.568635106086731, 10.508955955505371, -11.764320373535156, -6.492222785949707, 9.7299222946167, 15.802370071411133, 18.354503631591797, 23.333240509033203, 49.67741012573242, 66.0228042602539]], "lowlevel.mfcc.icov": [[0.001163700595498085, 0.00030191594851203263, 1.4778247532376554e-05, -8.603382593719289e-05, 0.00046951608965173364, 0.0003800213453359902, 0.00022250770416576415, -0.0001608484744792804, 0.0006039764266461134, 9.337829396827146e-05, -0.0007311625522561371, 0.0008076729136519134, 0.00012321208487264812], [0.00030191594851203263, 0.004540813621133566, 0.0023218891583383083, -0.002723810961470008, 0.0023851380683481693, 0.00028803470195271075, -0.0017082102131098509, 0.0018349834717810154, -0.001297588343732059, -0.00022862126934342086, 8.131936192512512e-05, 0.00037989189149811864, 0.0005912765627726912], [1.4778247532376554e-05, 0.0023218891583383083, 0.005493859760463238, -0.0017181870061904192, 0.0016237611416727304, -0.0021863821893930435, 0.001608105725608766, 0.0019338995916768909, -0.002626202767714858, 0.0010549823055043817, 0.0015311752213165164, -0.001507927430793643, 0.00041758763836696744], [-8.603382593719289e-05, -0.002723810961470008, -0.0017181870061904192, 0.01075809821486473, -0.00508298072963953, -0.0007962587988004088, 0.0045274426229298115, -0.0011199448490515351, -0.0006764783174730837, 0.0008802275988273323, 0.0003995721635874361, 0.0010380096500739455, -0.0005170731456018984], [0.00046951608965173364, 0.0023851380683481693, 0.0016237611416727304, -0.00508298072963953, 0.012992488220334053, -0.0037409993819892406, 0.0012800595723092556, -0.0017407626146450639, -0.0013374907430261374, -0.00014958142128307372, 0.000734829343855381, -0.0012073874240741134, -0.0005221556057222188], [0.0003800213453359902, 0.00028803470195271075, -0.0021863821893930435, -0.0007962587988004088, -0.0037409993819892406, 0.015810566022992134, -0.010196782648563385, 0.004077714402228594, 0.0014749044785276055, -0.00255749374628067, 2.7128915462526493e-05, 0.0018523044418543577, 0.0011965070152655244], [0.00022250770416576415, -0.0017082102131098509, 0.001608105725608766, 0.0045274426229298115, 0.0012800595723092556, -0.010196782648563385, 0.016425032168626785, -0.009065431542694569, 0.0010150864254683256, 0.0030820805113762617, -0.0016268381150439382, -0.0010727496119216084, 0.0006469073123298585], [-0.0001608484744792804, 0.0018349834717810154, 0.0019338995916768909, -0.0011199448490515351, -0.0017407626146450639, 0.004077714402228594, -0.009065431542694569, 0.018605507910251617, -0.008307254873216152, -0.0008088038885034621, 0.0012016198597848415, 0.0013961500953882933, -0.0015712740132585168], [0.0006039764266461134, -0.001297588343732059, -0.002626202767714858, -0.0006764783174730837, -0.0013374907430261374, 0.0014749044785276055, 0.0010150864254683256, -0.008307254873216152, 0.021548809483647346, -0.013255491852760315, 0.005468870513141155, -0.0009252827148884535, -0.0008059170213527977], [9.337829396827146e-05, -0.00022862126934342086, 0.0010549823055043817, 0.0008802275988273323, -0.00014958142128307372, -0.00255749374628067, 0.0030820805113762617, -0.0008088038885034621, -0.013255491852760315, 0.02880452387034893, -0.013872147537767887, -0.00023586057068314403, 0.00011900583922397345], [-0.0007311625522561371, 8.131936192512512e-05, 0.0015311752213165164, 0.0003995721635874361, 0.000734829343855381, 2.7128915462526493e-05, -0.0016268381150439382, 0.0012016198597848415, 0.005468870513141155, -0.013872147537767887, 0.027925916016101837, -0.012914102524518967, 0.001520243240520358], [0.0008076729136519134, 0.00037989189149811864, -0.001507927430793643, 0.0010380096500739455, -0.0012073874240741134, 0.0018523044418543577, -0.001