{"song_id": "1183686441272885288", "download": "https://cdn.discordapp.com/attachments/1135911532732108921/1183686441272885288/chirp.mp4?ex=65893ce7&amp", "lyrics": "\u0421\u0442\u0440\u0430\u0431\u0430\u0441\u043a\u043e\u043f \u043c\u0435\u0440\u0446\u0430\u0435\u0442\n\u0412 \u043e\u043f\u0443\u0441\u0442\u0435\u0432\u0448\u0435\u043c \u0437\u0430\u043b\u0435. \n\u041c\u044b \u0441 \u0442\u043e\u0431\u043e\u0439 \u043e\u0434\u043d\u0438, \n\u0432\u0441\u0435 \u0432 \u0441\u0442\u0440\u0430\u0445\u0435 \u0443\u0431\u0435\u0436\u0430\u043b\u0438. \n\u0417\u0430\u043a\u0440\u0443\u0436\u0438\u043b\u0430\u0441\u044c \u0432 \u0442\u0430\u043d\u0446\u0435\n\u0423 \u0442\u0435\u0431\u044f \u043d\u0435\u0442 \u0448\u0430\u043d\u0441\u043e\u0432, \n\u0415\u0441\u043b\u0438 \u0442\u044b \u0440\u0435\u0448\u0438\u043b\u0430\n\u0421 \u0434\u044c\u044f\u0432\u043e\u043b\u043e\u043c \u0442\u044f\u0433\u0430\u0442\u044c\u0441\u044f... \n[Chorus]\n\u0422\u0435\u0447\u0435\u0442 \u0441\u043b\u044e\u043d\u0430 \u0438\u0437 \u043f\u0440\u0438\u043e\u0442\u043a\u0440\u044b\u0442\u043e\u0439 \u043f\u0430\u0441\u0442\u0438, \n\u041d\u043e \u044f \u043d\u0435 \u0441\u0442\u0430\u043d\u0443 \u0440\u0432\u0430\u0442\u044c \u0442\u0435 \u0431\u044f \u043d\u0430 \u0447\u0430\u0430\u0441\u0442\u0438.\n\u043f\u0440\u043e\u0441\u0442\u043e \u0437\u0430\u0447\u0430\u0440\u043e\u0432\u0430\u043d \u043c\u0443\u0437\u044b\u043a\u043e\u0439 \u0438 \u0442\u0435\u043b\u043e\u043c... \n\u043c\u043e\u044f \u0441\u043b\u0435\u043f\u0430\u044f \u0434\u0438\u0441\u043a\u043e... \u043a\u0430! \u0440\u0430! \u043b\u0435\u0432\u0430!\n\u041c\u043e\u044f... \u0441\u043b\u0435\u043f\u0430\u044f \u0434\u0438\u0441\u043a\u043e \u043a\u043e\u0440\u043e\u043b\u0435\u0432\u0430!", "style": ["hardcore"], "essentia_features": {"lowlevel.average_loudness": 0.9361324906349182, "lowlevel.barkbands_crest.mean": 9.789852142333984, "lowlevel.barkbands_crest.stdev": 3.902834177017212, "lowlevel.barkbands_flatness_db.mean": 0.1379789412021637, "lowlevel.barkbands_flatness_db.stdev": 0.051269516348838806, "lowlevel.barkbands_kurtosis.mean": 1.2013161182403564, "lowlevel.barkbands_kurtosis.stdev": 4.530733108520508, "lowlevel.barkbands_skewness.mean": 0.9430630207061768, "lowlevel.barkbands_skewness.stdev": 1.0385966300964355, "lowlevel.barkbands_spread.mean": 27.176715850830078, "lowlevel.barkbands_spread.stdev": 13.661565780639648, "lowlevel.dissonance.mean": 0.4736074209213257, "lowlevel.dissonance.stdev": 0.021816499531269073, "lowlevel.dynamic_complexity": 1.6084129810333252, "lowlevel.erbbands_crest.mean": 8.129219055175781, "lowlevel.erbbands_crest.stdev": 3.645031213760376, "lowlevel.erbbands_flatness_db.mean": 0.18273137509822845, "lowlevel.erbbands_flatness_db.stdev": 0.06396618485450745, "lowlevel.erbbands_kurtosis.mean": 0.3143731355667114, "lowlevel.erbbands_kurtosis.stdev": 1.7313718795776367, "lowlevel.erbbands_skewness.mean": -0.0892433300614357, "lowlevel.erbbands_skewness.stdev": 0.7149631977081299, "lowlevel.erbbands_spread.mean": 34.321502685546875, "lowlevel.erbbands_spread.stdev": 16.246301651000977, "lowlevel.hfc.mean": 32.35409164428711, "lowlevel.hfc.stdev": 15.003819465637207, "lowlevel.loudness_ebu128.integrated": -13.026311874389648, "lowlevel.loudness_ebu128.loudness_range": 2.425121307373047, "lowlevel.loudness_ebu128.momentary.mean": -13.300864219665527, "lowlevel.loudness_ebu128.momentary.stdev": 1.6595797538757324, "lowlevel.loudness_ebu128.short_term.mean": -13.112539291381836, "lowlevel.loudness_ebu128.short_term.stdev": 0.9756753444671631, "lowlevel.melbands_crest.mean": 14.341141700744629, "lowlevel.melbands_crest.stdev": 5.232999324798584, "lowlevel.melbands_flatness_db.mean": 0.17082858085632324, "lowlevel.melbands_flatness_db.stdev": 0.044168874621391296, "lowlevel.melbands_kurtosis.mean": 7.498526096343994, "lowlevel.melbands_kurtosis.stdev": 13.436921119689941, "lowlevel.melbands_skewness.mean": 2.095393657684326, "lowlevel.melbands_skewness.stdev": 1.5488145351409912, "lowlevel.melbands_spread.mean": 31.111608505249023, "lowlevel.melbands_spread.stdev": 18.521198272705078, "lowlevel.pitch_salience.mean": 0.5546650290489197, "lowlevel.pitch_salience.stdev": 0.11270485818386078, "lowlevel.silence_rate_20dB.mean": 1.0, "lowlevel.silence_rate_20dB.stdev": 0.0, "lowlevel.silence_rate_30dB.mean": 0.9803012609481812, "lowlevel.silence_rate_30dB.stdev": 0.13896246254444122, "lowlevel.silence_rate_60dB.mean": 0.03244495764374733, "lowlevel.silence_rate_60dB.stdev": 0.17717911303043365, "lowlevel.spectral_centroid.mean": 1814.27880859375, "lowlevel.spectral_centroid.stdev": 681.181640625, "lowlevel.spectral_complexity.mean": 30.404403686523438, "lowlevel.spectral_complexity.stdev": 11.385064125061035, "lowlevel.spectral_decrease.mean": -8.654163607957344e-09, "lowlevel.spectral_decrease.stdev": 6.127077067930031e-09, "lowlevel.spectral_energy.mean": 0.035597432404756546, "lowlevel.spectral_energy.stdev": 0.023833688348531723, "lowlevel.spectral_energyband_high.mean": 0.001096160151064396, "lowlevel.spectral_energyband_high.stdev": 0.0012462723534554243, "lowlevel.spectral_energyband_low.mean": 0.01192465890198946, "lowlevel.spectral_energyband_low.stdev": 0.021895714104175568, "lowlevel.spectral_energyband_middle_high.mean": 0.01117813028395176, "lowlevel.spectral_energyband_middle_high.stdev": 0.0083886394277215, "lowlevel.spectral_energyband_middle_low.mean": 0.011824028566479683, "lowlevel.spectral_energyband_middle_low.stdev": 0.010774633847177029, "lowlevel.spectral_entropy.mean": 7.724173545837402, "lowlevel.spectral_entropy.stdev": 0.3870536983013153, "lowlevel.spectral_flux.mean": 0.09554267674684525, "lowlevel.spectral_flux.stdev": 0.05221478268504143, "lowlevel.spectral_kurtosis.mean": 4.328162670135498, "lowlevel.spectral_kurtosis.stdev": 2.664879083633423, "lowlevel.spectral_rms.mean": 0.005608399398624897, "lowlevel.spectral_rms.stdev": 0.0018097140127792954, "lowlevel.spectral_rolloff.mean": 2062.04833984375, "lowlevel.spectral_rolloff.stdev": 1747.495849609375, "lowlevel.spectral_skewness.mean": 1.3249752521514893, "lowlevel.spectral_skewness.stdev": 0.3275167644023895, "lowlevel.spectral_spread.mean": 3946123.0, "lowlevel.spectral_spread.stdev": 1868555.375, "lowlevel.spectral_strongpeak.mean": 1.2737942934036255, "lowlevel.spectral_strongpeak.stdev": 1.4129085540771484, "lowlevel.zerocrossingrate.mean": 0.07394405454397202, "lowlevel.zerocrossingrate.stdev": 0.052132491022348404, "metadata.audio_properties.analysis.equal_loudness": 0.0, "metadata.audio_properties.analysis.length": 40.04265213012695, "metadata.audio_properties.analysis.sample_rate": 44100.0, "metadata.audio_properties.analysis.start_time": 0.0, "metadata.audio_properties.bit_rate": 120029.0, "metadata.audio_properties.length": 40.042667388916016, "metadata.audio_properties.lossless": 0.0, "metadata.audio_properties.number_channels": 1.0, "metadata.audio_properties.replay_gain": -12.615257263183594, "metadata.audio_properties.sample_rate": 48000.0, "rhythm.beats_count": 70.0, "rhythm.beats_loudness.mean": 0.03708849474787712, "rhythm.beats_loudness.stdev": 0.013478117063641548, "rhythm.bpm": 107.33772277832031, "rhythm.bpm_histogram_first_peak_bpm": 108.0, "rhythm.bpm_histogram_first_peak_weight": 0.19354838132858276, "rhythm.bpm_histogram_second_peak_bpm": 103.0, "rhythm.bpm_histogram_second_peak_spread": 0.3999999761581421, "rhythm.bpm_histogram_second_peak_weight": 0.043478261679410934, "rhythm.danceability": 1.055834174156189, "rhythm.onset_rate": 2.7712297439575195, "tonal.chords_changes_rate": 0.07175926119089127, "tonal.chords_number_rate": 0.011574073694646358, "tonal.chords_strength.mean": 0.48610571026802063, "tonal.chords_strength.stdev": 0.06813062727451324, "tonal.hpcp_crest.mean": 14.516376495361328, "tonal.hpcp_crest.stdev": 6.434391021728516, "tonal.hpcp_entropy.mean": 1.8993439674377441, "tonal.hpcp_entropy.stdev": 0.7632138729095459, "tonal.key_edma.strength": 0.7678101062774658, "tonal.key_krumhansl.strength": 0.7732011079788208, "tonal.key_temperley.strength": 0.7828403115272522, "tonal.tuning_diatonic_strength": 0.6157711744308472, "tonal.tuning_equal_tempered_deviation": 0.03773913159966469, "tonal.tuning_frequency": 439.2381896972656, "tonal.tuning_nontempered_energy_ratio": 0.6645353436470032, "lowlevel.barkbands.mean": [0.0003302471013739705, 0.008289974182844162, 0.0031421801541000605, 0.0009240941726602614, 0.003959203604608774, 0.0019266288727521896, 0.0017843678360804915, 0.000977743067778647, 0.00174575368873775, 0.0015287030255421996, 0.0017480922397226095, 0.0011092027416452765, 0.0013551060110330582, 0.0009982811752706766, 0.0009081562166102231, 0.0009850936476141214, 0.0009151429403573275, 0.0008343442459590733, 0.0007559539517387748, 0.0004612194315996021, 0.0002668273518793285, 0.00020092158229090273, 0.00016709939518477768, 0.00014676008140668273, 9.4854440249037e-05, 4.103403989574872e-05, 4.877238666267658e-07], "lowlevel.barkbands.stdev": [0.0004873108700849116, 0.017343653365969658, 0.005646801088005304, 0.001437815953977406, 0.007991497404873371, 0.0028222391847521067, 0.0024209357798099518, 0.0019551573786884546, 0.0023417281918227673, 0.0029801109340041876, 0.003217290621250868, 0.0019450109684839845, 0.00268371868878603, 0.0017329934053122997, 0.0014339606277644634, 0.0011620153672993183, 0.000945364183280617, 0.0007560211815871298, 0.0006673199241049588, 0.00038073427276685834, 0.0003233680909033865, 0.000434589950600639, 0.00023346449597738683, 0.0002679812314454466, 0.00016050029080361128, 7.778318831697106e-05, 1.5293771866708994e-06], "lowlevel.erbbands.mean": [0.10780812799930573, 2.2388012409210205, 4.879637241363525, 2.686663866043091, 5.592392444610596, 15.842674255371094, 19.603130340576172, 13.558602333068848, 24.09974479675293, 23.620765686035156, 22.859935760498047, 45.10408401489258, 41.48468780517578, 63.08053207397461, 67.84454345703125, 48.47645568847656, 59.22172546386719, 61.65858840942383, 46.08433532714844, 47.48956298828125, 58.02019500732422, 49.721073150634766, 45.83573913574219, 42.50973892211914, 34.39107131958008, 21.666709899902344, 12.92852783203125, 8.9950532913208, 7.612697124481201, 5.729527950286865, 4.59143590927124, 3.439085006713867, 2.2249257564544678, 1.2398589849472046, 0.5841132402420044, 0.25876012444496155, 0.057771194726228714, 0.0048698484897613525, 0.00013375045091379434, 4.968892244505696e-05], "lowlevel.erbbands.stdev": [0.3337111473083496, 4.452950477600098, 8.186906814575195, 4.4177374839782715, 15.635676383972168, 32.2804069519043, 28.94065284729004, 17.239789962768555, 29.999658584594727, 33.80692672729492, 48.662540435791016, 62.95228576660156, 62.22584915161133, 133.0067901611328, 124.30182647705078, 81.09024810791016, 111.18168640136719, 99.94827270507812, 62.03223419189453, 65.96751403808594, 63.84312438964844, 44.831939697265625, 39.955963134765625, 36.81359100341797, 30.474437713623047, 17.62881088256836, 13.479910850524902, 12.833331108093262, 16.649295806884766, 10.31686019897461, 6.388284683227539, 5.991469383239746, 4.1710686683654785, 2.143948554992676, 1.002302885055542, 0.4843246042728424, 0.11359897255897522, 0.010520780459046364, 0.0002240549511043355, 2.943276740552392e-05], "lowlevel.gfcc.mean": [16.78223419189453, 78.51692962646484, -155.41693115234375, 28.922428131103516, -64.82472229003906, 5.470235347747803, -43.21995544433594, 9.269387245178223, -28.56162452697754, -5.210850715637207, -14.573902130126953, -3.128333330154419, -9.591663360595703], "lowlevel.melbands.mean": [0.001672261510975659, 0.0027377246879041195, 0.0005617777933366597, 0.0007369209779426455, 0.0007456107414327562, 0.00032027449924498796, 0.0003840972203761339, 0.00024619942996650934, 0.0001834427093854174, 0.0002915246004704386, 0.00019797853019554168, 0.0002451943000778556, 0.0002169085491914302, 0.0001592621993040666, 9.762893751030788e-05, 0.00014634127728641033, 0.00011155210086144507, 7.073325832607225e-05, 6.696326454402879e-05, 6.52158705634065e-05, 6.902901805005968e-05, 5.266595326247625e-05, 4.500109571381472e-05, 3.7964033253956586e-05, 3.42937491950579e-05, 2.6428055207361467e-05, 2.163081990147475e-05, 1.2448261259123683e-05, 8.18746138975257e-06, 6.521513114421396e-06, 4.727838131657336e-06, 4.391710717754904e-06, 3.670668093036511e-06, 3.027880211448064e-06, 2.682039621504373e-06, 2.339553702768171e-06, 2.052405307040317e-06, 1.6700818150638952e-06, 1.215582756231015e-06, 9.807672540773638e-07], "lowlevel.melbands.stdev": [0.003987263422459364, 0.004690069239586592, 0.0008805500692687929, 0.0017410317668691278, 0.0011206991039216518, 0.00042528126505203545, 0.0004817698791157454, 0.00034739001421257854, 0.0003849227214232087, 0.0004101369995623827, 0.0003177896433044225, 0.0005421980749815702, 0.0003860913566313684, 0.0002668505476322025, 0.00017285114154219627, 0.0003085004282183945, 0.0002003163390327245, 0.0001027984544634819, 0.0001187037632917054, 8.442132093477994e-05, 8.063462883001193e-05, 5.128694465383887e-05, 4.586780778481625e-05, 3.5168846807209775e-05, 3.145943264826201e-05, 2.5540617571095936e-05, 1.906111356220208e-05, 1.1023579645552672e-05, 8.511709893355146e-06, 8.078854989435058e-06, 7.584434570162557e-06, 9.549540664011147e-06, 8.692867595527787e-06, 5.004328158975113e-06, 3.8072821553214453e-06, 3.69304939340509e-06, 3.863827714667423e-06, 3.2923462640610524e-06, 2.1529008336074185e-06, 1.7338475117867347e-06], "lowlevel.melbands128.mean": [0.00010424685751786456, 0.0004235065425746143, 0.002062194049358368, 0.004519374575465918, 0.0033667886164039373, 0.0011723189381882548, 0.00044467439875006676, 0.0005047018057666719, 0.0005234300042502582, 0.0006358993705362082, 0.0009584836661815643, 0.0010178693337365985, 0.0007065142854116857, 0.0004205765435472131, 0.0002477254893165082, 0.0003222391533199698, 0.00032200690475292504, 0.0004417503369040787, 0.0004218418907839805, 0.0002240929752588272, 0.00018734342302195728, 0.0001834089489420876, 0.00018729345174506307, 0.00016109739954117686, 0.0003125262155663222, 0.000378124212147668, 0.00017023379041347653, 0.00022684232681058347, 0.00013172296166885644, 0.00023911507742013782, 0.00031906020012684166, 0.00020354893058538437, 0.00016164126282092184, 0.0003180352505296469, 0.00012827804312109947, 0.00015471655933652073, 0.00012215552851557732, 6.634934106841683e-05, 0.00010198071686318144, 0.00013875060540158302, 0.00019037729362025857, 0.00010262148134643212, 0.0001150517346104607, 0.0001210180125781335, 6.116251461207867e-05, 6.456683331634849e-05, 7.571160676889122e-05, 7.256693061208352e-05, 5.908413004362956e-05, 5.957504617981613e-05, 6.748717714799568e-05, 6.926459172973409e-05, 6.846420728834346e-05, 7.078352064127102e-05, 6.647178088314831e-05, 4.7510435251751915e-05, 4.4635962694883347e-05, 4.656417149817571e-05, 4.578537482302636e-05, 4.10696302424185e-05, 3.6975798138882965e-05, 3.4658965887501836e-05, 4.025400630780496e-05, 3.3479318517493084e-05, 2.6504227207624353e-05, 2.651716749824118e-05, 2.640902494022157e-05, 2.311828575329855e-05, 2.1780229872092605e-05, 1.862455792434048e-05, 1.1525808986334596e-05, 1.0243902579532005e-05, 8.328514013555832e-06, 7.95041887613479e-06, 7.80112350184936e-06, 7.102730705810245e-06, 5.659037924488075e-06, 5.203318323765416e-06, 4.655502834793879e-06, 4.148905645706691e-06, 4.462453034648206e-06, 4.6098712118691765e-06, 4.027376235171687e-06, 3.766997451748466e-06, 3.109717908955645e-06, 3.044546701858053e-06, 3.0263774988270598e-06, 2.921679879364092e-06, 2.638412524902378e-06, 2.5457763968006475e-06, 2.5132205792033346e-06, 2.316089421583456e-06, 1.990997361644986e-06, 2.0362106170068728e-06, 2.127542529706261e-06, 1.8913603980763583e-06, 1.5524238961006631e-06, 1.3736656683249748e-06, 1.2113520142520429e-06, 1.127936343436886e-06, 1.1433015743023134e-06, 9.268815119867213e-07, 8.595216627327318e-07, 7.060367579470039e-07, 6.481443506345386e-07, 5.687369366569328e-07, 5.41628082828538e-07, 5.594350795945502e-07, 4.515145803907217e-07, 3.7188246437835915e-07, 3.204831955372356e-07, 2.1631429092394683e-07, 1.6263004454231123e-07, 1.0768263791760546e-07, 6.873738556123499e-08, 4.5630542899743887e-08, 1.8524987765999867e-08, 2.367365192768034e-09, 1.038237204542547e-10, 2.2810784511273496e-11, 1.913253062924003e-11, 6.703998033791292e-12, 4.601066489612338e-12, 4.503334337380149e-12, 4.337460512288116e-12, 4.114298745444556e-12, 3.985492491587195e-12, 3.949063298591682e-12], "lowlevel.melbands128.stdev": [0.0002537664258852601, 0.0019290942000225186, 0.006058964412659407, 0.008452615700662136, 0.005623499862849712, 0.002209496684372425, 0.000933786912355572, 0.0008164549944922328, 0.0017276434227824211, 0.002279741456732154, 0.0020066234283149242, 0.0020903432741761208, 0.0011526743182912469, 0.0008978722617030144, 0.0004155673668719828, 0.0005561638390645385, 0.0005320807686075568, 0.000706325750797987, 0.0007816762663424015, 0.0004514924075920135, 0.000394400063669309, 0.0005559829296544194, 0.0005411377060227096, 0.00039802008541300893, 0.0005450196331366897, 0.0006493309047073126, 0.00031668669544160366, 0.0005137419211678207, 0.00040770386112853885, 0.0007011097040958703, 0.0008650500094518065, 0.0006048888899385929, 0.00037086932570673525, 0.0008376195328310132, 0.0003120212350040674, 0.0003904207842424512, 0.00026315374998375773, 0.0001721062872093171, 0.0003073133702855557, 0.00036261879722587764, 0.0005577296833507717, 0.0002913792268373072, 0.00028237421065568924, 0.0002787350385915488, 0.0001431465643690899, 0.0001443134678993374, 0.00014770973939448595, 0.00019993876048829406, 0.00014167455083224922, 0.00011242325854254887, 0.0001138996594818309, 0.0001161309628514573, 0.00010631750046741217, 0.00011588456982281059, 0.0001072300728992559, 5.721387788071297e-05, 5.3168219892540947e-05, 6.483543256763369e-05, 6.582434434676543e-05, 4.639171311282553e-05, 4.866521339863539e-05, 4.483001976041123e-05, 4.594554047798738e-05, 3.955651118303649e-05, 3.453684621490538e-05, 3.0106368285487406e-05, 3.38592981279362e-05, 2.686004518182017e-05, 2.4741415472817607e-05, 1.9794390027527697e-05, 1.267422157980036e-05, 1.1656073183985427e-05, 9.330560715170577e-06, 9.35908974497579e-06, 1.0775221198855434e-05, 9.316682735516224e-06, 8.231982974393759e-06, 8.22473975858884e-06, 8.889864147931803e-06, 8.088460162980482e-06, 9.089229934033938e-06, 1.272508961847052e-05, 1.0634347745508421e-05, 1.0230989573756233e-05, 6.618136467295699e-06, 5.676958608091809e-06, 5.126318228576565e-06, 4.830834768654313e-06, 4.083991825609701e-06, 3.9029687286529224e-06, 3.8955145100771915e-06, 4.283232101442991e-06, 3.9320389078056905e-06, 4.277685548004229e-06, 4.1480097934254445e-06, 4.1776975194807164e-06, 3.349062353663612e-06, 2.7749906621465925e-06, 2.3063607841322664e-06, 2.060516180790728e-06, 2.118050133503857e-06, 1.7797206055547576e-06, 1.6334291785824462e-06, 1.4484563735095435e-06, 1.1979719829469104e-06, 1.059820419868629e-06, 1.0081068921863334e-06, 1.0825916660905932e-06, 9.688728823675774e-07, 8.112367027024447e-07, 6.552685363203636e-07, 4.4533953769132495e-07, 3.7653421713912394e-07, 2.6810727149495506e-07, 1.6720048279239563e-07, 1.4596263042676583e-07, 5.2058226174267475e-08, 1.003453409254007e-08, 1.7904826510317662e-09, 6.243307537623366e-10, 5.568668304256619e-10, 7.483369479643898e-11, 1.0897799156139865e-11, 1.0518735188425055e-11, 8.879660028104919e-12, 7.018549370158e-12, 6.614259487336405e-12, 6.573006895715938e-12], "lowlevel.mfcc.mean": [-609.7858276367188, 104.30253601074219, -31.27349853515625, 17.950191497802734, -3.3825719356536865, -6.255765438079834, -3.8771331310272217, 3.477208375930786, -7.418911457061768, -1.566986083984375, -6.940588474273682, -3.893463373184204, -2.416361093521118], "lowlevel.spectral_contrast_coeffs.mean": [-0.6182346940040588, -0.7373334765434265, -0.748991072177887, -0.7722616195678711, -0.7765730023384094, -0.7358164191246033], "lowlevel.spectral_contrast_coeffs.stdev": [0.11439570784568787, 0.0752866342663765, 0.06952746957540512, 0.05398668348789215, 0.045819949358701706, 0.05037529021501541], "lowlevel.spectral_contrast_valleys.mean": [-7.495275974273682, -6.6876983642578125, -6.96837043762207, -7.0384345054626465, -6.868983745574951, -10.224447250366211], "lowlevel.spectral_contrast_valleys.stdev": [1.4619245529174805, 1.1174941062927246, 1.0858227014541626, 0.9691133499145508, 0.9867029190063477, 1.3029512166976929], "rhythm.beats_loudness_band_ratio.mean": [0.2502274811267853, 0.1733112335205078, 0.19703808426856995, 0.1935839205980301, 0.1616908460855484, 0.06583689153194427], "rhythm.beats_loudness_band_ratio.stdev": [0.2447940707206726, 0.1637968122959137, 0.15582066774368286, 0.20331236720085144, 0.12410978227853775, 0.04325428232550621], "tonal.hpcp.mean": [0.16317279636859894, 0.12635135650634766, 0.12415991723537445, 0.18174736201763153, 0.12872330844402313, 0.061187438666820526, 0.05225811526179314, 0.05055184289813042, 0.14212900400161743, 0.24053117632865906, 0.15607263147830963, 0.06412182003259659, 0.058510150760412216, 0.05351405590772629, 0.11609441041946411, 0.1726824939250946, 0.1209183856844902, 0.11591239273548126, 0.15666735172271729, 0.10155811905860901, 0.0652901753783226, 0.10221265256404877, 0.10400828719139099, 0.24783527851104736, 0.37918680906295776, 0.21617688238620758, 0.09100177884101868, 0.0772993266582489, 0.05885558947920799, 0.1914917230606079, 0.29489803314208984, 0.16487763822078705, 0.05787324532866478, 0.04674379900097847, 0.04710836708545685, 0.10213330388069153], "tonal.hpcp.stdev": [0.2532263398170471, 0.19992807507514954, 0.2055586725473404, 0.29095253348350525, 0.2282092273235321, 0.14147737622261047, 0.11843648552894592, 0.120834119617939, 0.21083642542362213, 0.3368754982948303, 0.2196289449930191, 0.1386103332042694, 0.13697564601898193, 0.12283285707235336, 0.19442898035049438, 0.28791365027427673, 0.20246680080890656, 0.2245764136314392, 0.30054134130477905, 0.19935573637485504, 0.12611123919487, 0.20164550840854645, 0.19429005682468414, 0.28782835602760315, 0.38589534163475037, 0.25119367241859436, 0.1725766807794571, 0.16450123488903046, 0.12924204766750336, 0.25483959913253784, 0.3628227114677429, 0.2137853503227234, 0.12616290152072906, 0.10695299506187439, 0.10707274824380875, 0.16950301826000214], "rhythm.beats_position": [0.5804988741874695, 1.1493877172470093, 1.7182766199111938, 2.287165403366089, 2.8560543060302734, 3.4481632709503174, 4.028662204742432, 4.609160900115967, 5.201269626617432, 5.781768798828125, 6.42031717300415, 7.058866024017334, 7.616145133972168, 8.185033798217773, 8.753922462463379, 9.311202049255371, 9.868480682373047, 10.425759315490723, 10.983037948608398, 11.54031753540039, 12.097596168518066, 12.654874801635742, 13.212154388427734, 13.76943302154541, 14.326711654663086, 14.883990287780762, 15.441269874572754, 15.99854850769043, 16.555828094482422, 17.11310577392578, 17.670385360717773, 18.227664947509766, 18.784942626953125, 19.353832244873047, 19.911109924316406, 20.4683895111084, 21.01405906677246, 21.57133674621582, 22.128616333007812, 22.685895919799805, 23.243173599243164, 23.800453186035156, 24.35773277282715, 24.926620483398438, 25.4722900390625, 26.029569625854492, 26.58684730529785, 27.144126892089844, 27.701404571533203, 28.258684158325195, 28.815963745117188, 29.373241424560547, 29.93052101135254, 30.48780059814453, 31.04507827758789, 31.602357864379883, 32.159637451171875, 32.716915130615234, 33.274192810058594, 33.83147430419922, 34.38875198364258, 34.94602966308594, 35.50331115722656, 36.06058883666992, 36.61786651611328, 37.175148010253906, 37.732425689697266, 38.27809524536133, 38.82376480102539, 39.38104248046875], "rhythm.bpm_histogram": [0.0, 0.0, 0.0, 0.0, 0.0, 0.0, 0.0, 0.0, 0.0, 0.0, 0.0, 0.0, 0.0, 0.0, 0.0, 0.0, 0.0, 0.0, 0.0, 0.0, 0.0, 0.0, 0.0, 0.0, 0.0, 0.0, 0.0, 0.0, 0.0, 0.0, 0.0, 0.0, 0.0, 0.0, 0.0, 0.0, 0.0, 0.0, 0.0, 0.0, 0.0, 0.0, 0.0, 0.0, 0.0, 0.0, 0.0, 0.0, 0.0, 0.0, 0.0, 0.0, 0.0, 0.0, 0.0, 0.0, 0.0, 0.0, 0.0, 0.0, 0.0, 0.0, 0.0, 0.0, 0.0, 0.0, 0.0, 0.0, 0.0, 0.0, 0.0, 0.0, 0.0, 0.0, 0.0, 0.0, 0.0, 0.0, 0.0, 0.0, 0.0, 0.0, 0.0, 0.0, 0.0, 0.0, 0.0, 0.0, 0.0, 0.0, 0.0, 0.0, 0.0, 0.0, 0.028985507786273956, 0.0, 0.0, 0.0, 0.0, 0.0, 0.0, 0.028985507786273956, 0.0, 0.043478261679410934, 0.0, 0.11594203114509583, 0.0, 0.0, 0.7246376872062683, 0.0, 0.05797101557254791, 0.0, 0.0, 0.0, 0.0, 0.0, 0.0, 0.0, 0.0, 0.0, 0.0, 0.0, 0.0, 0.0, 0.0, 0.0, 0.0, 0.0, 0.0, 0.0, 0.0, 0.0, 0.0, 0.0, 0.0, 0.0, 0.0, 0.0, 0.0, 0.0, 0.0, 0.0, 0.0, 0.0, 0.0, 0.0, 0.0, 0.0, 0.0, 0.0, 0.0, 0.0, 0.0, 0.0, 0.0, 0.0, 0.0, 0.0, 0.0, 0.0, 0.0, 0.0, 0.0, 0.0, 0.0, 0.0, 0.0, 0.0, 0.0, 0.0, 0.0, 0.0, 0.0, 0.0, 0.0, 0.0, 0.0, 0.0, 0.0, 0.0, 0.0, 0.0, 0.0, 0.0, 0.0, 0.0, 0.0, 0.0, 0.0, 0.0, 0.0, 0.0, 0.0, 0.0, 0.0, 0.0, 0.0, 0.0, 0.0, 0.0, 0.0, 0.0, 0.0, 0.0, 0.0, 0.0, 0.0, 0.0, 0.0, 0.0, 0.0, 0.0, 0.0, 0.0, 0.0, 0.0, 0.0, 0.0, 0.0, 0.0, 0.0, 0.0, 0.0, 0.0, 0.0, 0.0, 0.0, 0.0, 0.0, 0.0, 0.0, 0.0, 0.0, 0.0, 0.0, 0.0, 0.0, 0.0, 0.0, 0.0, 0.0, 0.0, 0.0, 0.0, 0.0, 0.0, 0.0, 0.0, 0.0, 0.0], "tonal.chords_histogram": [9.722222328186035, 4.861111164093018, 33.449073791503906, 0.5787037014961243, 0.46296295523643494, 0.0, 4.745370388031006, 0.0, 1.0416666269302368, 0.0, 0.0, 0.0, 0.0, 0.0, 0.0, 0.0, 0.0, 8.796296119689941, 0.0, 9.143518447875977, 0.0, 5.092592716217041, 6.25, 15.856481552124023], "tonal.thpcp": [1.0, 0.570106565952301, 0.2399919480085373, 0.20385552942752838, 0.1552152931690216, 0.5050063133239746, 0.7777117490768433, 0.4348190128803253, 0.15262462198734283, 0.12327379733324051, 0.12423525005578995, 0.26934826374053955, 0.4303229749202728, 0.3332166373729706, 0.3274373412132263, 0.47930824756622314, 0.3394719958305359, 0.16136489808559418, 0.13781628012657166, 0.13331645727157593, 0.3748258054256439, 0.6343342661857605, 0.411598265171051, 0.1691035032272339, 0.15430429577827454, 0.14112848043441772, 0.30616679787635803, 0.4554021656513214, 0.31888869404792786, 0.3056867718696594, 0.41316667199134827, 0.26783135533332825, 0.17218472063541412, 0.26955750584602356, 0.2742930054664612, 0.6535967588424683], "lowlevel.gfcc.cov": [[8578.9013671875, 587.25732421875, 887.809326171875, 937.3388671875, 380.6368103027344, 889.509033203125, 384.7428283691406, 640.415771484375, 109.56830596923828, 411.0009460449219, -149.77325439453125, 238.1745147705078, -158.723876953125], [587.25732421875, 1854.8392333984375, -783.2589721679688, -164.55899047851562, -74.05905151367188, -557.7990112304688, 101.96715545654297, -361.4909362792969, 15.876564979553223, -292.47015380859375, 134.78819274902344, -245.7426300048828, 164.27474975585938], [887.809326171875, -783.2589721679688, 1472.474365234375, 634.2265014648438, 348.4411926269531, 695.4652099609375, 132.82907104492188, 494.22442626953125, 40.890625, 391.5766906738281, -163.42909240722656, 255.00289916992188, -150.1858673095703], [937.3388671875, -164.55899047851562, 634.2265014648438, 649.8275146484375, 373.109375, 406.9078674316406, 195.4257354736328, 331.27642822265625, 146.8017120361328, 242.6963653564453, -39.545040130615234, 104.3046646118164, -51.975128173828125], [380.6368103027344, -74.05905151367188, 348.4411926269531, 373.109375, 455.2912902832031, 402.1087341308594, 248.16717529296875, 262.2511291503906, 110.04496002197266, 197.4188995361328, -4.031330585479736, 48.39319610595703, -47.860347747802734], [889.509033203125, -557.7990112304688, 695.4652099609375, 406.9078674316406, 402.1087341308594, 829.759521484375, 365.0599365234375, 393.49945068359375, 40.459312438964844, 283.17694091796875, -27.58008575439453, 138.32476806640625, -126.53299713134766], [384.7428283691406, 101.96715545654297, 132.82907104492188, 195.4257354736328, 248.16717529296875, 365.0599365234375, 390.196533203125, 178.8016815185547, 70.49368286132812, 107.23963928222656, 49.40555191040039, 26.56568145751953, -34.93687438964844], [640.415771484375, -361.4909362792969, 494.22442626953125, 331.27642822265625, 262.2511291503906, 393.49945068359375, 178.8016815185547, 402.0003967285156, 122.69818878173828, 231.20594787597656, -36.01199722290039, 105.34165954589844, -71.72648620605469], [109.56830596923828, 15.876564979553223, 40.890625, 146.8017120361328, 110.04496002197266, 40.459312438964844, 70.49368286132812, 122.69818878173828, 158.64910888671875, 90.7674331665039, 18.060791015625, 13.237161636352539, -2.084531784057617], [411.0009460449219, -292.47015380859375, 391.5766906738281, 242.6963653564453, 197.4188995361328, 283.17694091796875, 107.23963928222656, 231.20594787597656, 90.7674331665039, 237.20596313476562, -9.114716529846191, 92.01387023925781, -60.06119918823242], [-149.77325439453125, 134.78819274902344, -163.42909240722656, -39.545040130615234, -4.031330585479736, -27.58008575439453, 49.40555191040039, -36.01199722290039, 18.060791015625, -9.114716529846191, 129.1957550048828, 0.6584811806678772, 17.867294311523438], [238.1745147705078, -245.7426300048828, 255.00289916992188, 104.3046646118164, 48.39319610595703, 138.32476806640625, 26.56568145751953, 105.34165954589844, 13.237161636352539, 92.01387023925781, 0.6584811806678772, 122.54638671875, -21.09088706970215], [-158.723876953125, 164.27474975585938, -150.1858673095703, -51.975128173828125, -47.860347747802734, -126.53299713134766, -34.93687438964844, -71.72648620605469, -2.084531784057617, -60.06119918823242, 17.867294311523438, -21.09088706970215, 87.1081314086914]], "lowlevel.gfcc.icov": [[0.00029475841438397765, -0.0005866783321835101, 0.0004937034100294113, -0.0005055150832049549, 0.000667657470330596, -0.0008040072279982269, 0.000598471611738205, -0.0005112098879180849, 0.0003617935872171074, -0.0005129307392053306, 0.0007536238990724087, -0.0009687453857623041, 0.000476959248771891], [-0.0005866783321835101, 0.0026406326796859503, -0.0012900253059342504, 0.0005712879938073456, -0.0018269253196194768, 0.003162084612995386, -0.0029510126914829016, 0.0016038143076002598, -0.0004910061834380031, 0.0015777756925672293, -0.0022903827484697104, 0.003620718140155077, -0.0017831367440521717], [0.0004937034100294113, -0.0012900253059342504, 0.003958108369261026, -0.0026087735313922167, 0.0018168124370276928, -0.0023978487588465214, 0.00202284287661314, -0.0017692458350211382, 0.0026369220577180386, -0.0029060200322419405, 0.003611835651099682, -0.004312918055802584, 0.0017440242227166891], [-0.0005055150832049549, 0.0005712879938073456, -0.0026087735313922167, 0.005991301964968443, -0.0033513468224555254, 0.0009475098922848701, -0.0006279294611886144, 0.0005754756275564432, -0.0035004359669983387, 0.0014989421470090747, -0.0013380306772887707, 0.0013339908327907324, -0.0016173068434000015], [0.000667657470330596, -0.0018269253196194768, 0.0018168124370276928, -0.0033513468224555254, 0.008318748325109482, -0.003876364789903164, 0.000716108363121748, -0.0017043936531990767, 0.0004464554658625275, -0.0036009966861456633, 0.0022538327611982822, -0.0007594384369440377, 0.0004999035154469311], [-0.0008040072279982269, 0.003162084612995386, -0.0023978487588465214, 0.0009475098922848701, -0.003876364789903164, 0.009514516219496727, -0.006741432473063469, 0.0002074876829283312, 0.0028791099321097136, 0.0003850180364679545, -0.0028127802070230246, 0.0035648574121296406, -6.47353008389473e-05], [0.000598471611738205, -0.0029510126914829016, 0.00202284287661314, -0.0006279294611886144, 0.000716108363121748, -0.006741432473063469, 0.00981472060084343, -0.0023147508036345243, -0.0011236421996727586, -5.799253995064646e-05, 0.00028358103008940816, -0.0031429165974259377, 0.001513996976427734], [-0.0005112098879180849, 0.0016038143076002598, -0.0017692458350211382, 0.0005754756275564432, -0.0017043936531990767, 0.0002074876829283312, -0.0023147508036345243, 0.010300283320248127, -0.005178337451070547, -0.0010433997958898544, 0.00012569593673106283, 0.0007557987701147795, -0.00043125925003550947], [0.0003617935872171074, -0.0004910061834380031, 0.0026369220577180386, -0.0035004359669983387, 0.0004464554658625275, 0.0028791099321097136, -0.0011236421996727586, -0.005178337451070547, 0.015744125470519066, -0.0063947332091629505, 0.0001977086503757164, 0.00012367134331725538, -0.0002871485776267946], [-0.0005129307392053306, 0.0015777756925672293, -0.0029060200322419405, 0.0014989421470090747, -0.0036009966861456633, 0.0003850180364679545, -5.799253995064646e-05, -0.0010433997958898544, -0.0063947332091629505, 0.017008524388074875, -0.003910885192453861, -0.0009156580199487507, 0.0018271063454449177], [0.0007536238990724087, -0.0022903827484697104, 0.003611835651099682, -0.0013380306772887707, 0.0022538327611982822, -0.0028127802070230246, 0.00028358103008940816, 0.00012569593673106283, 0.0001977086503757164, -0.003910885192453861, 0.014135594479739666, -0.00728440098464489, 0.001136239618062973], [-0.0009687453857623041, 0.003620718140155077, -0.004312918055802584, 0.0013339908327907324, -0.0007594384369440377, 0.0035648574121296406, -0.0031429165974259377, 0.0007557987701147795, 0.00012367134331725538, -0.0009156580199487507, -0.00728440098464489, 0.021287668496370316, -0.00509065855294466], [0.000476959248771891, -0.0017831367440521717, 0.0017440242227166891, -0.0016173068434000015, 0.0004999035154469311, -6.47353008389473e-05, 0.001513996976427734, -0.00043125925003550947, -0.0002871485776267946, 0.0018271063454449177, 0.001136239618062973, -0.00509065855294466, 0.01797380857169628]], "lowlevel.mfcc.cov": [[5518.0283203125, 445.3735046386719, 655.5733032226562, 489.36553955078125, 333.2908935546875, 505.6228942871094, 453.9425354003906, 409.872802734375, 468.3523254394531, 257.0257873535156, 275.6824951171875, 302.9964904785156, 207.6682586669922], [445.3735046386719, 1422.4765625, -602.7767944335938, 98.81735229492188, -353.9071350097656, -207.18539428710938, -157.4064178466797, -180.87953186035156, -187.987060546875, -143.46104431152344, -133.53604125976562, -138.61178588867188, -95.24827575683594], [655.5733032226562, -602.7767944335938, 1034.399658203125, 183.1024932861328, 361.2881164550781, 277.3003234863281, 249.07171630859375, 187.79727172851562, 280.2095031738281, 101.20310974121094, 137.9022216796875, 187.1741180419922, 134.05972290039062], [489.36553955078125, 98.81735229492188, 183.1024932861328, 429.7552795410156, 194.03857421875, 83.15120697021484, 28.653385162353516, 65.76764678955078, 163.49102783203125, 93.91917419433594, 59.191436767578125, 86.93109893798828, 116.00393676757812], [333.2908935546875, -353.9071350097656, 361.2881164550781, 194.03857421875, 410.4848937988281, 206.8499298095703, 176.2615966796875, 136.75941467285156, 223.18760681152344, 153.2476806640625, 112.75959014892578, 138.0050506591797, 113.84721374511719], [505.6228942871094, -207.18539428710938, 277.3003234863281, 83.15120697021484, 206.8499298095703, 402.927490234375, 330.08453369140625, 190.72885131835938, 206.94996643066406, 122.78350830078125, 158.24575805664062, 155.06979370117188, 57.51006317138672], [453.9425354003906, -157.4064178466797, 249.07171630859375, 28.653385162353516, 176.2615966796875, 330.08453369140625, 433.5955810546875, 226.5229949951172, 206.9009246826172, 126.51422882080078, 161.11717224121094, 172.1514892578125, 72.12631225585938], [409.872802734375, -180.87953186035156, 187.79727172851562, 65.76764678955078, 136.75941467285156, 190.72885131835938, 226.5229949951172, 228.13929748535156, 168.20065307617188, 113.03105163574219, 112.37196350097656, 121.01544952392578, 77.77628326416016], [468.3523254394531, -187.987060546875, 280.2095031738281, 163.49102783203125, 223.18760681152344, 206.94996643066406, 206.9009246826172, 168.20065307617188, 309.3614196777344, 169.62290954589844, 136.6396484375, 136.81069946289062, 95.23262786865234], [257.0257873535156, -143.46104431152344, 101.20310974121094, 93.91917419433594, 153.2476806640625, 122.78350830078125, 126.51422882080078, 113.03105163574219, 169.62290954589844, 171.80812072753906, 109.03108978271484, 101.45403289794922, 64.42296600341797], [275.6824951171875, -133.53604125976562, 137.9022216796875, 59.191436767578125, 112.75959014892578, 158.24575805664062, 161.11717224121094, 112.37196350097656, 136.6396484375, 109.03108978271484, 160.89163208007812, 128.7324676513672, 69.56198120117188], [302.9964904785156, -138.61178588867188, 187.1741180419922, 86.93109893798828, 138.0050506591797, 155.06979370117188, 172.1514892578125, 121.01544952392578, 136.81069946289062, 101.45403289794922, 128.7324676513672, 188.24571228027344, 103.7304916381836], [207.6682586669922, -95.24827575683594, 134.05972290039062, 116.00393676757812, 113.84721374511719, 57.51006317138672, 72.12631225585938, 77.77628326416016, 95.23262786865234, 64.42296600341797, 69.56198120117188, 103.7304916381836, 125.20178985595703]], "lowlevel.mfcc.icov": [[0.0002754232846200466, -0.00026290080859325826, -0.00020090471662115306, -4.5409356062009465e-06, -1.21948532978422e-05, -0.00021792322513647377, 0.00020467823196668178, -0.00040733677451498806, -3.438386556808837e-05, -0.00012298714136704803, -8.247495134128258e-05, 1.2131494258937892e-05, -6.598597974516451e-05], [-0.00026290080859325826, 0.001724044093862176, 0.0008754223235882819, -0.0014286428922787309, 0.0011235954007133842, 0.0005512080388143659, -0.0012430050410330296, 0.0011601613368839025, -0.00024112987739499658, 0.0007624555728398263, 0.0003700224624481052, -0.0002504133735783398, 0.0006474318797700107], [-0.00020090471662115306, 0.0008754223235882819, 0.002214267384260893, -0.0005477606318891048, -0.0006847694749012589, 7.850967813283205e-05, -0.000445248355390504, 0.00031188628054223955, -0.0013777456479147077, 0.0023947556037455797, 0.00012199374032206833, -0.0008320948109030724, 0.00022251784685067832], [-4.5409356062009465e-06, -0.0014286428922787309, -0.0005477606318891048, 0.005366903729736805, -0.001845566090196371, -0.001299849827773869, 0.002486715791746974, -0.000395944865886122, -0.0014075334183871746, -0.0006265095435082912, 0.0005196203128434718, 0.0004311016236897558, -0.0036296374164521694], [-1.21948532978422e-05, 0.0011235954007133842, -0.0006847694749012589, -0.001845566090196371, 0.006897907238453627, -0.0013606538996100426, -0.0008416944183409214, 0.0014936247607693076, -0.0006109851528890431, -0.003139988984912634, 0.0018596670124679804, 0.00012631452409550548, -0.0018295444315299392], [-0.00021792322513647377, 0.0005512080388143659, 7.850967813283205e-05, -0.001299849827773869, -0.0013606538996100426, 0.00905864778906107, -0.00498614739626646, -0.00042497634422034025, -0.0007376534631475806, 0.001812839531339705, -0.002990259788930416, -0.001148595241829753, 0.004355063661932945], [0.00020467823196668178, -0.0012430050410330296, -0.000445248355390504, 0.002486715791746974, -0.0008416944183409214, -0.00498614739626646, 0.009825922548770905, -0.004802772309631109, -0.0010061785578727722, 0.0004968172288499773, -0.0005752669530920684, -0.0022410841193050146, -4.764880213770084e-05], [-0.00040733677451498806, 0.0011601613368839025, 0.00031188628054223955, -0.000395944865886122, 0.0014936247607693076, -0.00042497634422034025, -0.004802772309631109, 0.013019823469221592, -0.0016462883213534951, -0.002254276070743799, 0.0005927852471359074, 0.00039475588710047305, -0.0031372858211398125], [-3.438386556808837e-05, -0.00024112987739499658, -0.0013777456479147077, -0.0014075334183871746, -0.0006109851528890431, -0.0007376534631475806, -0.0010061785578727722, -0.0016462883213534951, 0.011447045020759106, -0.006928275339305401, -0.000970711640547961, 0.0013042284408584237, -0.0005335971363820136], [-0.00012298714136704803, 0.0007624555728398263, 0.0023947556037455797, -0.0006265095435082912, -0.003139988984912634, 0.001812839531339705, 0.0004968172288499773, -0.002254276070743799, -0.006928275339305401, 0.01913321204483509, -0.0059645408764481544, -0.0020221497397869825, 0.0023511007893830538], [-8.247495134128258e-05, 0.0003700224624481052, 0.00012199374032206833, 0.0005196203128434718, 0.0018596670124679804, -0.002990259788930416, -0.0005752669530920684, 0.000592785247135907