{"song_id": "1183656137384534046", "download": "https://cdn.discordapp.com/attachments/1135903449314238464/1183656137384534046/chirp.mp4?ex=658920ae&amp", "lyrics": "\u725b\u5976\u7684\u5473\u9053\uff0c\u5982\u4e1d\u6ed1\u751c\u871c\u821e\u8e48\uff0c\n\u5507\u9f7f\u95f4\u821e\u52a8\uff0c\u9877\u523b\u95f4\u6026\u7136\u5fc3\u52a8\u3002\n\u7ec6\u817b\u6ecb\u5473\uff0c\u5982\u8bd7\u7bc7\u7f16\u7ec7\uff0c\n\u9c9c\u5976\u53e3\u611f\uff0c\u662f\u7231\u610f\u7684\u65cb\u5f8b\u3002", "style": ["Chinese pop"], "essentia_features": {"lowlevel.average_loudness": 0.8903417587280273, "lowlevel.barkbands_crest.mean": 14.056158065795898, "lowlevel.barkbands_crest.stdev": 5.575173854827881, "lowlevel.barkbands_flatness_db.mean": 0.17725683748722076, "lowlevel.barkbands_flatness_db.stdev": 0.05645710974931717, "lowlevel.barkbands_kurtosis.mean": 5.549053192138672, "lowlevel.barkbands_kurtosis.stdev": 8.959687232971191, "lowlevel.barkbands_skewness.mean": 1.5584772825241089, "lowlevel.barkbands_skewness.stdev": 1.5172793865203857, "lowlevel.barkbands_spread.mean": 25.120508193969727, "lowlevel.barkbands_spread.stdev": 21.30218505859375, "lowlevel.dissonance.mean": 0.4449631869792938, "lowlevel.dissonance.stdev": 0.03935088589787483, "lowlevel.dynamic_complexity": 7.906360149383545, "lowlevel.erbbands_crest.mean": 12.898431777954102, "lowlevel.erbbands_crest.stdev": 6.422638893127441, "lowlevel.erbbands_flatness_db.mean": 0.18168886005878448, "lowlevel.erbbands_flatness_db.stdev": 0.0599420927464962, "lowlevel.erbbands_kurtosis.mean": 2.011467933654785, "lowlevel.erbbands_kurtosis.stdev": 4.517611980438232, "lowlevel.erbbands_skewness.mean": 0.4914501905441284, "lowlevel.erbbands_skewness.stdev": 1.150153398513794, "lowlevel.erbbands_spread.mean": 36.16763687133789, "lowlevel.erbbands_spread.stdev": 20.327861785888672, "lowlevel.hfc.mean": 25.841796875, "lowlevel.hfc.stdev": 23.988218307495117, "lowlevel.loudness_ebu128.integrated": -13.111348152160645, "lowlevel.loudness_ebu128.loudness_range": 3.918661117553711, "lowlevel.loudness_ebu128.momentary.mean": -21.818849563598633, "lowlevel.loudness_ebu128.momentary.stdev": 20.677045822143555, "lowlevel.loudness_ebu128.short_term.mean": -14.208029747009277, "lowlevel.loudness_ebu128.short_term.stdev": 3.69659161567688, "lowlevel.melbands_crest.mean": 19.108991622924805, "lowlevel.melbands_crest.stdev": 6.866554260253906, "lowlevel.melbands_flatness_db.mean": 0.2185986340045929, "lowlevel.melbands_flatness_db.stdev": 0.077592633664608, "lowlevel.melbands_kurtosis.mean": 16.83188247680664, "lowlevel.melbands_kurtosis.stdev": 24.145875930786133, "lowlevel.melbands_skewness.mean": 2.769956111907959, "lowlevel.melbands_skewness.stdev": 2.1349470615386963, "lowlevel.melbands_spread.mean": 29.086088180541992, "lowlevel.melbands_spread.stdev": 33.834842681884766, "lowlevel.pitch_salience.mean": 0.449696809053421, "lowlevel.pitch_salience.stdev": 0.1403535008430481, "lowlevel.silence_rate_20dB.mean": 1.0, "lowlevel.silence_rate_20dB.stdev": 0.0, "lowlevel.silence_rate_30dB.mean": 0.9476584196090698, "lowlevel.silence_rate_30dB.stdev": 0.2227141112089157, "lowlevel.silence_rate_60dB.mean": 0.1859504133462906, "lowlevel.silence_rate_60dB.stdev": 0.3890666663646698, "lowlevel.spectral_centroid.mean": 1485.018310546875, "lowlevel.spectral_centroid.stdev": 946.4236450195312, "lowlevel.spectral_complexity.mean": 12.44214916229248, "lowlevel.spectral_complexity.stdev": 8.086925506591797, "lowlevel.spectral_decrease.mean": -8.76441319519472e-09, "lowlevel.spectral_decrease.stdev": 8.958168429273883e-09, "lowlevel.spectral_energy.mean": 0.03542288392782211, "lowlevel.spectral_energy.stdev": 0.03461037576198578, "lowlevel.spectral_energyband_high.mean": 0.001357171218842268, "lowlevel.spectral_energyband_high.stdev": 0.002488811267539859, "lowlevel.spectral_energyband_low.mean": 0.017271215096116066, "lowlevel.spectral_energyband_low.stdev": 0.028017379343509674, "lowlevel.spectral_energyband_middle_high.mean": 0.0058420682325959206, "lowlevel.spectral_energyband_middle_high.stdev": 0.00742617342621088, "lowlevel.spectral_energyband_middle_low.mean": 0.011976600624620914, "lowlevel.spectral_energyband_middle_low.stdev": 0.013794791884720325, "lowlevel.spectral_entropy.mean": 7.429532051086426, "lowlevel.spectral_entropy.stdev": 0.6254267692565918, "lowlevel.spectral_flux.mean": 0.08664263784885406, "lowlevel.spectral_flux.stdev": 0.08082669973373413, "lowlevel.spectral_kurtosis.mean": 3.893709659576416, "lowlevel.spectral_kurtosis.stdev": 2.6974854469299316, "lowlevel.spectral_rms.mean": 0.004996678326278925, "lowlevel.spectral_rms.stdev": 0.0030971127562224865, "lowlevel.spectral_rolloff.mean": 2131.021484375, "lowlevel.spectral_rolloff.stdev": 3206.648681640625, "lowlevel.spectral_skewness.mean": 1.5817731618881226, "lowlevel.spectral_skewness.stdev": 0.4949323832988739, "lowlevel.spectral_spread.mean": 5672917.5, "lowlevel.spectral_spread.stdev": 2053688.875, "lowlevel.spectral_strongpeak.mean": 1.1955552101135254, "lowlevel.spectral_strongpeak.stdev": 1.6472768783569336, "lowlevel.zerocrossingrate.mean": 0.08754223585128784, "lowlevel.zerocrossingrate.stdev": 0.12039300799369812, "metadata.audio_properties.analysis.equal_loudness": 0.0, "metadata.audio_properties.analysis.length": 16.831995010375977, "metadata.audio_properties.analysis.sample_rate": 44100.0, "metadata.audio_properties.analysis.start_time": 0.0, "metadata.audio_properties.bit_rate": 114697.0, "metadata.audio_properties.length": 16.832000732421875, "metadata.audio_properties.lossless": 0.0, "metadata.audio_properties.number_channels": 1.0, "metadata.audio_properties.replay_gain": -12.544057846069336, "metadata.audio_properties.sample_rate": 48000.0, "rhythm.beats_count": 39.0, "rhythm.beats_loudness.mean": 0.046543512493371964, "rhythm.beats_loudness.stdev": 0.040051307529211044, "rhythm.bpm": 144.45736694335938, "rhythm.bpm_histogram_first_peak_bpm": 144.0, "rhythm.bpm_histogram_first_peak_weight": 0.4285714030265808, "rhythm.bpm_histogram_second_peak_bpm": 152.0, "rhythm.bpm_histogram_second_peak_spread": 0.0, "rhythm.bpm_histogram_second_peak_weight": 0.10526315867900848, "rhythm.danceability": 1.0493249893188477, "rhythm.onset_rate": 3.561660051345825, "tonal.chords_changes_rate": 0.07967033237218857, "tonal.chords_number_rate": 0.01923076994717121, "tonal.chords_strength.mean": 0.5045119524002075, "tonal.chords_strength.stdev": 0.07281963527202606, "tonal.hpcp_crest.mean": 16.30580711364746, "tonal.hpcp_crest.stdev": 7.922056674957275, "tonal.hpcp_entropy.mean": 1.5558476448059082, "tonal.hpcp_entropy.stdev": 0.7382271885871887, "tonal.key_edma.strength": 0.6647931337356567, "tonal.key_krumhansl.strength": 0.6708379983901978, "tonal.key_temperley.strength": 0.6833484172821045, "tonal.tuning_diatonic_strength": 0.6073341965675354, "tonal.tuning_equal_tempered_deviation": 0.09695488214492798, "tonal.tuning_frequency": 437.2131652832031, "tonal.tuning_nontempered_energy_ratio": 0.764887809753418, "lowlevel.barkbands.mean": [0.0002830750891007483, 0.013091766275465488, 0.003167395479977131, 0.0010739716235548258, 0.0015420261770486832, 0.004141886252909899, 0.001848235260695219, 0.000747178215533495, 0.001962104346603155, 0.0007890442502684891, 0.0014150358038023114, 0.00111110950820148, 0.0003383300208952278, 0.00013099017087370157, 0.000558584404643625, 0.0005616042762994766, 0.00029955056379549205, 0.000438155431766063, 0.00045236412552185357, 0.00024804280837997794, 0.00031430317903868854, 0.0001721506705507636, 0.00017560413107275963, 0.0002616643032524735, 0.00023817791952751577, 6.0212030803086236e-05, 3.291362986601598e-07], "lowlevel.barkbands.stdev": [0.0005585020990110934, 0.02037201076745987, 0.013294968754053116, 0.006202426739037037, 0.004514224827289581, 0.006819221191108227, 0.005306844133883715, 0.0033275457099080086, 0.004521877504885197, 0.0030524092726409435, 0.003731511300429702, 0.003956267610192299, 0.0012177650351077318, 0.0004377019649837166, 0.0018328697187826037, 0.0013498821062967181, 0.0006431054207496345, 0.0015381883131340146, 0.0011040512472391129, 0.0005116898100823164, 0.0006910784286446869, 0.0005170241347514093, 0.00042470748303458095, 0.0005590757937170565, 0.0005210854578763247, 0.0002693305432330817, 1.7414492958778283e-06], "lowlevel.erbbands.mean": [0.3822149634361267, 2.895509719848633, 4.0111403465271, 4.117247581481934, 2.3266000747680664, 6.779220104217529, 14.600142478942871, 41.03890609741211, 27.329370498657227, 28.233291625976562, 15.631147384643555, 51.21333694458008, 39.967247009277344, 23.53004264831543, 58.598899841308594, 51.61843490600586, 19.42599868774414, 10.54814624786377, 24.93136978149414, 27.250492095947266, 26.252897262573242, 17.256258010864258, 21.592981338500977, 29.909915924072266, 15.035063743591309, 11.195372581481934, 14.623045921325684, 10.150796890258789, 6.4425153732299805, 5.157558917999268, 4.949239730834961, 4.551149368286133, 4.978733062744141, 3.497723340988159, 1.1558983325958252, 0.39765527844429016, 0.08481231331825256, 0.0063363732770085335, 0.0001697863481240347, 5.2481602324405685e-05], "lowlevel.erbbands.stdev": [0.5962485671043396, 4.7835564613342285, 12.380851745605469, 22.24183464050293, 10.022120475769043, 21.423917770385742, 34.42367935180664, 74.2314224243164, 61.949832916259766, 97.39024353027344, 46.35363006591797, 124.93231964111328, 122.86483764648438, 88.68385314941406, 150.2332763671875, 188.5687713623047, 58.7908935546875, 28.094430923461914, 104.74707794189453, 54.8607063293457, 51.596797943115234, 35.662330627441406, 74.16278076171875, 90.58374786376953, 33.83546447753906, 22.796899795532227, 26.12260627746582, 26.70504379272461, 19.1717529296875, 13.779888153076172, 11.873762130737305, 10.525285720825195, 10.120731353759766, 6.229668617248535, 3.706449508666992, 1.7331520318984985, 0.40021464228630066, 0.03278760239481926, 0.0006858278065919876, 5.448992669698782e-05], "lowlevel.gfcc.mean": [-105.15943145751953, 62.08708190917969, -119.04464721679688, 21.217222213745117, -66.13426971435547, 16.33598518371582, -44.46857833862305, 21.74027442932129, -20.34250259399414, 14.318071365356445, 0.11432374268770218, 9.037442207336426, 8.669429779052734], "lowlevel.melbands.mean": [0.0036344134714454412, 0.0026458727661520243, 0.0006368833128362894, 0.000290330353891477, 0.0004892784636467695, 0.000878360471688211, 0.0004279045097064227, 0.00028215665952302516, 0.0001230033958563581, 0.00034573356970213354, 0.00018431794887874275, 7.598894444527104e-05, 0.0001686489413259551, 0.00016008003149181604, 6.981682236073539e-05, 4.215695662423968e-05, 1.4344470400828868e-05, 3.6020974221173674e-05, 3.360826667631045e-05, 4.996041388949379e-05, 2.540369678172283e-05, 1.9308259652461857e-05, 1.9888804672518745e-05, 1.6072954167611897e-05, 2.593711542431265e-05, 1.2292185601836536e-05, 7.615554750373121e-06, 7.186926723079523e-06, 8.919098945625592e-06, 8.44668556965189e-06, 5.168797997612273e-06, 3.7446457099576946e-06, 2.9861225812055636e-06, 2.8463798571465304e-06, 2.793439534798381e-06, 2.7996643439109903e-06, 2.8346207727736328e-06, 3.4298948321520584e-06, 3.621928954089526e-06, 2.7491573746374343e-06], "lowlevel.melbands.stdev": [0.00552768912166357, 0.005596658680588007, 0.0033563924953341484, 0.0008874264312908053, 0.0010919858468696475, 0.0015240898355841637, 0.0009692469611763954, 0.0010059523629024625, 0.00038004200905561447, 0.0008498014649376273, 0.0006047414499334991, 0.0003303188714198768, 0.00044204271398484707, 0.00045393058098852634, 0.0002859422820620239, 0.0001646445889491588, 5.326569589669816e-05, 0.00016504296218045056, 9.586066153133288e-05, 0.00012121604959247634, 5.074717046227306e-05, 4.467492180992849e-05, 8.167164924088866e-05, 4.65350785816554e-05, 8.226282079704106e-05, 3.448603456490673e-05, 1.699280801403802e-05, 1.4638561879110057e-05, 1.4949887372495141e-05, 2.097687502100598e-05, 1.5395678929053247e-05, 1.1915126378880814e-05, 8.57826216815738e-06, 7.605323389725527e-06, 6.918341114214854e-06, 6.603228030144237e-06, 6.67631002215785e-06, 7.646839549124707e-06, 6.171828317746986e-06, 5.324500762071693e-06], "lowlevel.melbands128.mean": [0.00024830643087625504, 0.002606891794130206, 0.005750306881964207, 0.004395863972604275, 0.0023591716308146715, 0.0014765631640329957, 0.0009111358085647225, 0.00040590844582766294, 0.0001574184570927173, 0.00023134391813073307, 0.0004281657747924328, 0.00039935478707775474, 0.0004340449522715062, 0.0006377457175403833, 0.0011226264759898186, 0.0009181511704809964, 0.0005173957324586809, 0.00022956193424761295, 0.0004986939020454884, 0.0003023088211193681, 0.00022105958487372845, 7.611751789227128e-05, 0.0001250756613444537, 0.00013350231165532023, 0.00032001282670535147, 0.0005283114733174443, 0.00015980831813067198, 0.0002678859164007008, 4.585082206176594e-05, 1.4880183698551264e-05, 0.00013462280912790447, 0.00010874494910240173, 9.588041575625539e-05, 0.0003565963706932962, 6.836529792053625e-05, 0.00017330955597572029, 0.00016747695917729288, 5.864685954293236e-05, 8.00346151663689e-06, 4.457219620235264e-05, 6.610815034946427e-05, 6.8539711719495244e-06, 1.630267797736451e-05, 1.658162182138767e-05, 7.87688622949645e-06, 5.78691360715311e-05, 4.549157165456563e-05, 3.3464344596723095e-05, 2.989236600114964e-05, 1.99519818124827e-05, 7.788983202772215e-05, 5.286212035571225e-05, 1.2902926755486988e-05, 2.2259808247326873e-05, 2.789930658764206e-05, 2.3629343559150584e-05, 6.567834134330042e-06, 7.371666924882447e-06, 3.791518247453496e-05, 2.1396032025222667e-05, 4.041101419716142e-06, 9.890381079458166e-06, 5.557365147978999e-05, 1.7621208826312795e-05, 6.0182205743331e-06, 1.6674419384798966e-05, 1.3091073014948051e-05, 4.747742877952987e-06, 7.948608981678262e-06, 9.479796972300392e-06, 4.658624220610363e-06, 7.506624569941778e-06, 9.96184280666057e-06, 7.095950877555879e-06, 1.0966006811941043e-05, 1.0078353625431191e-05, 6.799386028433219e-06, 5.406895070336759e-06, 5.215692453930387e-06, 4.466970494831912e-06, 4.073793661518721e-06, 3.2928362543316325e-06, 3.2180842026718892e-06, 3.0971141313784756e-06, 2.6339148462284356e-06, 2.676729081940721e-06, 3.193859583916492e-06, 2.6747611627797596e-06, 2.771286517599947e-06, 2.6608092866808875e-06, 3.2528409974474926e-06, 2.7231208150624298e-06, 2.3463710476789856e-06, 2.568774561950704e-06, 3.324212002553395e-06, 3.5271782508061733e-06, 3.2811417440825608e-06, 3.5430286970949965e-06, 3.902789558196673e-06, 3.4102033623639727e-06, 3.3403694033040665e-06, 2.549857072153827e-06, 2.3349687126028584e-06, 1.502089276073093e-06, 1.0837745776370866e-06, 9.504306603957957e-07, 9.359264936392719e-07, 8.478142490275786e-07, 7.107495321179158e-07, 4.993952984477801e-07, 4.173642480509443e-07, 2.869492448098754e-07, 2.476427312103624e-07, 2.1209675082900503e-07, 8.449921296005414e-08, 5.162023697380391e-08, 1.295330420703067e-08, 2.724541481313736e-09, 9.335300588109163e-11, 4.987954060203803e-12, 5.78765767950129e-12, 4.699237526883948e-12, 4.513475964501579e-12, 4.4248602178165175e-12, 4.32633442959407e-12, 4.222814806165154e-12, 4.157745328581264e-12, 4.129204356911886e-12], "lowlevel.melbands128.stdev": [0.0005410416633822024, 0.004438931122422218, 0.009190551936626434, 0.008223237469792366, 0.00625888304784894, 0.006864920724183321, 0.005185977090150118, 0.0023355751764029264, 0.000802178808953613, 0.0009191178833134472, 0.0015168971149250865, 0.001548968837596476, 0.001488331938162446, 0.0014204487670212984, 0.002398259472101927, 0.0020545837469398975, 0.0017631470691412687, 0.0006940478924661875, 0.0018911161459982395, 0.0013238821411505342, 0.0012651955476030707, 0.0005113153601996601, 0.0004980436060577631, 0.00047873760922811925, 0.000948048138525337, 0.0014930941397324204, 0.0005423769471235573, 0.0011575545649975538, 0.00017693827976472676, 7.629116589669138e-05, 0.0006283999537117779, 0.0005747393006458879, 0.00030651886481791735, 0.00106242171023041, 0.00025867362273857, 0.0008055398939177394, 0.0007498214836232364, 0.0004723032470792532, 3.5655972169479355e-05, 0.00018233565788250417, 0.0002757525653578341, 1.8205000742455013e-05, 9.632669389247894e-05, 5.4524312872672454e-05, 2.3088181478669867e-05, 0.00031767747714184225, 0.0002232346887467429, 0.00014879035006742924, 0.00011567257752176374, 6.648390990449116e-05, 0.00023232534294947982, 0.00015232684381771833, 4.4650761992670596e-05, 6.799941911594942e-05, 7.531781739089638e-05, 7.93912258814089e-05, 1.4707447007822338e-05, 2.8371379812597297e-05, 0.0001990764867514372, 7.824993372196332e-05, 9.223410415870603e-06, 2.7955606128671207e-05, 0.00021513512183446437, 5.7050594477914274e-05, 1.465554305468686e-05, 6.176631723064929e-05, 3.368373290868476e-05, 1.2006003998976666e-05, 2.0352035789983347e-05, 2.854761987691745e-05, 1.1464720955700614e-05, 1.4787457985221408e-05, 2.7194148060516454e-05, 1.236948537552962e-05, 2.2946191165829077e-05, 3.505245695123449e-05, 1.9672675989568233e-05, 1.7541131455800496e-05, 1.629093094379641e-05, 1.6901949493330903e-05, 1.4542635653924663e-05, 1.0787257451738697e-05, 9.498880899627693e-06, 9.612254871171899e-06, 8.007200449355878e-06, 7.674355401832145e-06, 9.189408956444822e-06, 7.650930456293281e-06, 7.154140803322662e-06, 6.9558864197460935e-06, 7.920580173959024e-06, 6.763435976608889e-06, 6.26958080829354e-06, 6.991639565967489e-06, 7.331716005865019e-06, 9.030211003846489e-06, 7.94913103163708e-06, 7.435692168655805e-06, 7.10390804670169e-06, 5.793315267510479e-06, 6.251424565562047e-06, 5.309682819643058e-06, 6.624763500440167e-06, 6.002735517540714e-06, 3.6180879305902636e-06, 3.4128506740671583e-06, 5.125452844367828e-06, 3.156805860271561e-06, 3.5153686894773273e-06, 2.4187154394894606e-06, 2.9139857815607684e-06, 1.4026509234099649e-06, 1.0292327488059527e-06, 1.2000011793134036e-06, 4.815794341084256e-07, 4.062885352595913e-07, 6.670882868320405e-08, 2.7148486125838645e-08, 1.5972876354908294e-09, 8.598712887553095e-12, 2.641076246590046e-11, 8.059754252887075e-12, 7.739500013093092e-12, 7.598036783074136e-12, 7.479738182991635e-12, 7.385403920368017e-12, 7.31755194632866e-12, 7.275729064365466e-12], "lowlevel.mfcc.mean": [-723.6820678710938, 88.3813247680664, 5.315351486206055, 8.139899253845215, 6.488379001617432, -9.145936012268066, 2.6460001468658447, -4.02069091796875, 3.539569616317749, 0.7338262796401978, -5.741305828094482, 6.8528852462768555, 10.243890762329102], "lowlevel.spectral_contrast_coeffs.mean": [-0.7018651366233826, -0.667809247970581, -0.7173124551773071, -0.7724044322967529, -0.7954707741737366, -0.7992932200431824], "lowlevel.spectral_contrast_coeffs.stdev": [0.09998083114624023, 0.09791194647550583, 0.09562832117080688, 0.07284508645534515, 0.06598510593175888, 0.05441902577877045], "lowlevel.spectral_contrast_valleys.mean": [-8.559991836547852, -8.264239311218262, -8.791510581970215, -8.89399242401123, -8.592015266418457, -10.809290885925293], "lowlevel.spectral_contrast_valleys.stdev": [3.162064790725708, 2.7099130153656006, 2.6746809482574463, 2.4789350032806396, 2.595740795135498, 2.545537233352661], "rhythm.beats_loudness_band_ratio.mean": [0.3275749385356903, 0.253493994474411, 0.1900632381439209, 0.08718676120042801, 0.11395271122455597, 0.045649316161870956], "rhythm.beats_loudness_band_ratio.stdev": [0.29470887780189514, 0.2646476924419403, 0.18856705725193024, 0.10928621888160706, 0.1468367874622345, 0.057976361364126205], "tonal.hpcp.mean": [0.06196229159832001, 0.05225399509072304, 0.10069546103477478, 0.2082209587097168, 0.1524290293455124, 0.03989706188440323, 0.023586606606841087, 0.0275152325630188, 0.1134912371635437, 0.29069527983665466, 0.22239500284194946, 0.04415005445480347, 0.026165323331952095, 0.022110089659690857, 0.037618353962898254, 0.07159840315580368, 0.05675439536571503, 0.05782623961567879, 0.13637325167655945, 0.11123053729534149, 0.02884102053940296, 0.021604472771286964, 0.022213773801922798, 0.13736285269260406, 0.35835903882980347, 0.2629680335521698, 0.045532677322626114, 0.025308849290013313, 0.02426149509847164, 0.07489217817783356, 0.1650230437517166, 0.12244101613759995, 0.03268750011920929, 0.022965220734477043, 0.016676729544997215, 0.03202548995614052], "tonal.hpcp.stdev": [0.1694120466709137, 0.16471321880817413, 0.2127103954553604, 0.3277830481529236, 0.24913224577903748, 0.13763666152954102, 0.09842938184738159, 0.12429249286651611, 0.2158101350069046, 0.36463844776153564, 0.28263556957244873, 0.11994802951812744, 0.126771479845047, 0.10590910911560059, 0.12766897678375244, 0.192441925406456, 0.1432799994945526, 0.14308275282382965, 0.27806684374809265, 0.24762335419654846, 0.11215236037969589, 0.11518993973731995, 0.10589203238487244, 0.21155625581741333, 0.4249040186405182, 0.3240506947040558, 0.15010015666484833, 0.11760613322257996, 0.11952392011880875, 0.1812881976366043, 0.3046756088733673, 0.22693146765232086, 0.12468668818473816, 0.10722286999225616, 0.09198805689811707, 0.0890214592218399], "rhythm.beats_position": [0.3831292390823364, 0.7778684496879578, 1.172607660293579, 1.5673469305038452, 1.9736961126327515, 2.391655206680298, 2.809614419937134, 3.2275736331939697, 3.6455328464508057, 4.0634918212890625, 4.481451034545898, 4.899410247802734, 5.31736946105957, 5.735328674316406, 6.153287887573242, 6.5944671630859375, 7.058866024017334, 7.523265361785889, 7.9760541915893555, 8.405623435974121, 8.835192680358887, 9.264761924743652, 9.705941200256348, 10.112290382385254, 10.51863956451416, 10.936598777770996, 11.354557991027832, 11.760907173156738, 12.167256355285645, 12.58521556854248, 13.02639389038086, 13.432743072509766, 13.827483177185059, 14.233832359313965, 14.640181541442871, 15.046530723571777, 15.464489936828613, 15.88244915008545, 16.30040740966797], "rhythm.bpm_histogram": [0.0, 0.0, 0.0, 0.0, 0.0, 0.0, 0.0, 0.0, 0.0, 0.0, 0.0, 0.0, 0.0, 0.0, 0.0, 0.0, 0.0, 0.0, 0.0, 0.0, 0.0, 0.0, 0.0, 0.0, 0.0, 0.0, 0.0, 0.0, 0.0, 0.0, 0.0, 0.0, 0.0, 0.0, 0.0, 0.0, 0.0, 0.0, 0.0, 0.0, 0.0, 0.0, 0.0, 0.0, 0.0, 0.0, 0.0, 0.0, 0.0, 0.0, 0.0, 0.0, 0.0, 0.0, 0.0, 0.0, 0.0, 0.0, 0.0, 0.0, 0.0, 0.0, 0.0, 0.0, 0.0, 0.0, 0.0, 0.0, 0.0, 0.0, 0.0, 0.0, 0.0, 0.0, 0.0, 0.0, 0.0, 0.0, 0.0, 0.0, 0.0, 0.0, 0.0, 0.0, 0.0, 0.0, 0.0, 0.0, 0.0, 0.0, 0.0, 0.0, 0.0, 0.0, 0.0, 0.0, 0.0, 0.0, 0.0, 0.0, 0.0, 0.0, 0.0, 0.0, 0.0, 0.0, 0.0, 0.0, 0.0, 0.0, 0.0, 0.0, 0.0, 0.0, 0.0, 0.0, 0.0, 0.0, 0.0, 0.0, 0.0, 0.0, 0.0, 0.0, 0.0, 0.0, 0.0, 0.0, 0.0, 0.05263157933950424, 0.0, 0.0, 0.0, 0.02631578966975212, 0.0, 0.0, 0.07894736528396606, 0.0, 0.0, 0.0, 0.07894736528396606, 0.0, 0.0, 0.0, 0.42105263471603394, 0.0, 0.0, 0.0, 0.2368421107530594, 0.0, 0.0, 0.0, 0.10526315867900848, 0.0, 0.0, 0.0, 0.0, 0.0, 0.0, 0.0, 0.0, 0.0, 0.0, 0.0, 0.0, 0.0, 0.0, 0.0, 0.0, 0.0, 0.0, 0.0, 0.0, 0.0, 0.0, 0.0, 0.0, 0.0, 0.0, 0.0, 0.0, 0.0, 0.0, 0.0, 0.0, 0.0, 0.0, 0.0, 0.0, 0.0, 0.0, 0.0, 0.0, 0.0, 0.0, 0.0, 0.0, 0.0, 0.0, 0.0, 0.0, 0.0, 0.0, 0.0, 0.0, 0.0, 0.0, 0.0, 0.0, 0.0, 0.0, 0.0, 0.0, 0.0, 0.0, 0.0, 0.0, 0.0, 0.0, 0.0, 0.0, 0.0, 0.0, 0.0, 0.0, 0.0, 0.0, 0.0, 0.0, 0.0, 0.0, 0.0, 0.0, 0.0, 0.0, 0.0, 0.0, 0.0, 0.0, 0.0, 0.0, 0.0, 0.0, 0.0, 0.0, 0.0, 0.0, 0.0, 0.0, 0.0], "tonal.chords_histogram": [14.835165023803711, 0.0, 37.36263656616211, 0.0, 0.0, 0.0, 0.0, 0.0, 0.0, 0.0, 0.0, 0.0, 0.0, 0.0, 0.0, 0.0, 0.0, 5.494505405426025, 0.0, 8.516483306884766, 0.0, 21.703296661376953, 10.98901081085205, 1.0989011526107788], "tonal.thpcp": [1.0, 0.733811616897583, 0.12705881893634796, 0.07062427699565887, 0.06770163774490356, 0.20898643136024475, 0.4604963958263397, 0.341671347618103, 0.0912143886089325, 0.06408438831567764, 0.04653637111186981, 0.08936704695224762, 0.17290562391281128, 0.14581464231014252, 0.2809904217720032, 0.58104008436203, 0.4253528118133545, 0.11133265495300293, 0.06581836938858032, 0.07678119093179703, 0.31669700145721436, 0.8111844658851624, 0.6205927133560181, 0.12320061773061752, 0.0730142667889595, 0.061698149889707565, 0.1049739196896553, 0.1997951716184616, 0.15837299823760986, 0.16136397421360016, 0.38054922223091125, 0.3103885352611542, 0.08048079907894135, 0.0602872259914875, 0.06198747828602791, 0.3833107054233551], "lowlevel.gfcc.cov": [[80037.453125, 5573.5634765625, 978.0881958007812, 5454.13671875, -238.43984985351562, 3318.14453125, 1201.897705078125, 3598.49169921875, -203.47445678710938, 295.84930419921875, -299.49359130859375, -658.8262939453125, -1041.9290771484375], [5573.5634765625, 1842.605224609375, -296.53143310546875, 5.655054092407227, 115.7843017578125, 120.45693969726562, 31.046794891357422, 73.7818374633789, 31.454870223999023, -83.49650573730469, 104.49568939208984, -167.0525665283203, 134.03448486328125], [978.0881958007812, -296.53143310546875, 1155.32080078125, 563.179443359375, 292.7841491699219, 339.38677978515625, 232.04495239257812, 168.2159423828125, 35.64433288574219, 95.87051391601562, -11.89181137084961, 161.1630859375, -265.9103088378906], [5454.13671875, 5.655054092407227, 563.179443359375, 1125.690185546875, 197.20150756835938, 291.687744140625, 196.29624938964844, 368.5464782714844, 85.8626708984375, 63.546207427978516, -24.147777557373047, 7.84082555770874, -197.26637268066406], [-238.43984985351562, 115.7843017578125, 292.7841491699219, 197.20150756835938, 373.6166687011719, 121.75032043457031, 92.67498779296875, 89.2391128540039, 44.976051330566406, 33.60652542114258, 46.008583068847656, 37.18708419799805, 8.704197883605957], [3318.14453125, 120.45693969726562, 339.38677978515625, 291.687744140625, 121.75032043457031, 513.2703857421875, 265.8168640136719, 203.82545471191406, -7.425415515899658, 59.16720962524414, -21.08539390563965, -20.519420623779297, -107.77143096923828], [1201.897705078125, 31.046794891357422, 232.04495239257812, 196.29624938964844, 92.67498779296875, 265.8168640136719, 324.9098205566406, 175.75001525878906, 33.375911712646484, 49.38980484008789, 4.9837141036987305, 6.834713935852051, -81.1482925415039], [3598.49169921875, 73.7818374633789, 168.2159423828125, 368.5464782714844, 89.2391128540039, 203.82545471191406, 175.75001525878906, 390.86163330078125, 46.74030685424805, 51.67848205566406, -29.078920364379883, -23.43093490600586, -61.28170394897461], [-203.47445678710938, 31.454870223999023, 35.64433288574219, 85.8626708984375, 44.976051330566406, -7.425415515899658, 33.375911712646484, 46.74030685424805, 136.94229125976562, 54.09563446044922, 9.274222373962402, 7.937684535980225, 16.33123207092285], [295.84930419921875, -83.49650573730469, 95.87051391601562, 63.546207427978516, 33.60652542114258, 59.16720962524414, 49.38980484008789, 51.67848205566406, 54.09563446044922, 141.19070434570312, 66.99740600585938, 75.868408203125, 6.474903106689453], [-299.49359130859375, 104.49568939208984, -11.89181137084961, -24.147777557373047, 46.008583068847656, -21.08539390563965, 4.9837141036987305, -29.078920364379883, 9.274222373962402, 66.99740600585938, 176.64430236816406, 98.9376220703125, 59.6381950378418], [-658.8262939453125, -167.0525665283203, 161.1630859375, 7.84082555770874, 37.18708419799805, -20.519420623779297, 6.834713935852051, -23.43093490600586, 7.937684535980225, 75.868408203125, 98.9376220703125, 223.3599090576172, 22.44394874572754], [-1041.9290771484375, 134.03448486328125, -265.9103088378906, -197.26637268066406, 8.704197883605957, -107.77143096923828, -81.1482925415039, -61.28170394897461, 16.33123207092285, 6.474903106689453, 59.6381950378418, 22.44394874572754, 201.10508728027344]], "lowlevel.gfcc.icov": [[0.00012535402493085712, -0.0004208210448268801, 0.00018095795530825853, -0.0004373587726149708, 0.00048592823441140354, -0.0005343813099898398, 0.0005109945777803659, -0.0007622653502039611, 0.000589201517868787, -0.00043443700997158885, 0.0002867810253519565, -0.00031869442318566144, 0.0003233629104215652], [-0.0004208210448268801, 0.0022281259298324585, -0.0004952093586325645, 0.0014743005158379674, -0.001770742004737258, 0.0013214017963036895, -0.0015385355800390244, 0.002376037184149027, -0.0024844245053827763, 0.0024836703669279814, -0.0021339599043130875, 0.0017768227262422442, -0.0014296189183369279], [0.00018095795530825853, -0.0004952093586325645, 0.0029470189474523067, -0.001062147319316864, -0.0009721827227622271, -0.0015353329945355654, 0.0007466886308975518, -0.000638068129774183, 0.0005832658498547971, -0.0009200437925755978, 0.0012304598931223154, -0.0025850071106106043, 0.003354425309225917], [-0.0004373587726149708, 0.0014743005158379674, -0.001062147319316864, 0.003307429375126958, -0.0019196412758901715, 0.0015783333219587803, -0.0012238192139193416, 0.0012876641703769565, -0.0029519975651055574, 0.0019871287513524294, -0.0015573088312521577, 0.001227863016538322, -8.0691090261098e-05], [0.00048592823441140354, -0.001770742004737258, -0.0009721827227622271, -0.0019196412758901715, 0.006372620351612568, -0.0022428976371884346, 0.0016446169465780258, -0.0032553996425122023, 0.0015795188955962658, -0.0007933498709462583, -8.20054265204817e-05, -0.0003996735904365778, -0.0013106379192322493], [-0.0005343813099898398, 0.0013214017963036895, -0.0015353329945355654, 0.0015783333219587803, -0.0022428976371884346, 0.007012688554823399, -0.005053223110735416, 0.002936226548627019, -2.850145938282367e-05, -0.0006311041652224958, -4.527172495727427e-05, 0.002345597604289651, -0.001646083197556436], [0.0005109945777803659, -0.0015385355800390244, 0.0007466886308975518, -0.0012238192139193416, 0.0016446169465780258, -0.005053223110735416, 0.008656537160277367, -0.004811277147382498, 0.0004968264838680625, -0.0008530312334187329, -0.00022181712847668678, -0.0015715309418737888, 0.0029357399325817823], [-0.0007622653502039611, 0.002376037184149027, -0.000638068129774183, 0.0012876641703769565, -0.0032553996425122023, 0.002936226548627019, -0.004811277147382498, 0.009577268734574318, -0.003406891133636236, 0.0010012354468926787, -0.00018710507720243186, 0.002007099101319909, -0.0023461603559553623], [0.000589201517868787, -0.0024844245053827763, 0.0005832658498547971, -0.0029519975651055574, 0.0015795188955962658, -2.850145938282367e-05, 0.0004968264838680625, -0.003406891133636236, 0.013884199783205986, -0.007865248247981071, 0.003758859122171998, -0.0005356603069230914, -0.00026643206365406513], [-0.00043443700997158885, 0.0024836703669279814, -0.0009200437925755978, 0.0019871287513524294, -0.0007933498709462583, -0.0006311041652224958, -0.0008530312334187329, 0.0010012354468926787, -0.007865248247981071, 0.016168346628546715, -0.00645717466250062, -0.0008370170835405588, -0.0013900130288675427], [0.0002867810253519565, -0.0021339599043130875, 0.0012304598931223154, -0.0015573088312521577, -8.20054265204817e-05, -4.527172495727427e-05, -0.00022181712847668678, -0.00018710507720243186, 0.003758859122171998, -0.00645717466250062, 0.012459597550332546, -0.005006371531635523, -0.0003933107655029744], [-0.00031869442318566144, 0.0017768227262422442, -0.0025850071106106043, 0.001227863016538322, -0.0003996735904365778, 0.002345597604289651, -0.0015715309418737888, 0.002007099101319909, -0.0005356603069230914, -0.0008370170835405588, -0.005006371531635523, 0.01008804515004158, -0.0033679648768156767], [0.0003233629104215652, -0.0014296189183369279, 0.003354425309225917, -8.0691090261098e-05, -0.0013106379192322493, -0.001646083197556436, 0.0029357399325817823, -0.0023461603559553623, -0.00026643206365406513, -0.0013900130288675427, -0.0003933107655029744, -0.0033679648768156767, 0.012160095386207104]], "lowlevel.mfcc.cov": [[46636.7890625, 4468.2763671875, 1954.4931640625, 1983.3165283203125, 1119.4813232421875, 219.42349243164062, 1802.81640625, 1330.707275390625, 1264.1181640625, 602.5945434570312, 773.9110107421875, 1316.8172607421875, 653.5841674804688], [4468.2763671875, 1772.35205078125, -68.27139282226562, -93.16771697998047, 167.0339813232422, -25.51475715637207, 202.16336059570312, 33.93367385864258, 125.5752182006836, 37.130184173583984, -35.833648681640625, 93.42543029785156, 80.9106216430664], [1954.4931640625, -68.27139282226562, 627.5533447265625, 307.67950439453125, 148.56626892089844, 231.94577026367188, 169.89764404296875, 205.58705139160156, 39.77983474731445, -3.9798266887664795, 174.85000610351562, 141.67430114746094, 76.85067749023438], [1983.3165283203125, -93.16771697998047, 307.67950439453125, 639.148193359375, 228.21163940429688, 55.9661750793457, 81.83653259277344, 167.8839111328125, 93.63133239746094, 15.095972061157227, 151.5413055419922, 138.59454345703125, 59.406246185302734], [1119.4813232421875, 167.0339813232422, 148.56626892089844, 228.21163940429688, 347.1694030761719, 59.72785949707031, 109.16688537597656, 67.01822662353516, 68.89210510253906, 24.090530395507812, 24.833423614501953, 48.653282165527344, 51.33296203613281], [219.42349243164062, -25.51475715637207, 231.94577026367188, 55.9661750793457, 59.72785949707031, 302.0624694824219, 111.64749145507812, 95.23438262939453, 19.13623046875, 22.50607681274414, 75.48295593261719, 44.33211135864258, 54.21847915649414], [1802.81640625, 202.16336059570312, 169.89764404296875, 81.83653259277344, 109.16688537597656, 111.64749145507812, 339.59954833984375, 149.94140625, 111.54810333251953, 61.458045959472656, 74.67962646484375, 106.92176818847656, 63.95545196533203], [1330.707275390625, 33.93367385864258, 205.58705139160156, 167.8839111328125, 67.01822662353516, 95.23438262939453, 149.94140625, 220.34234619140625, 105.94794464111328, 29.142925262451172, 103.99845123291016, 87.53787994384766, 28.789325714111328], [1264.1181640625, 125.5752182006836, 39.77983474731445, 93.63133239746094, 68.89210510253906, 19.13623046875, 111.54810333251953, 105.94794464111328, 206.85650634765625, 107.11785888671875, 47.030555725097656, 32.383201599121094, 22.94413185119629], [602.5945434570312, 37.130184173583984, -3.9798266887664795, 15.095972061157227, 24.090530395507812, 22.50607681274414, 61.458045959472656, 29.142925262451172, 107.11785888671875, 154.9558868408203, 28.69087028503418, -5.277377605438232, -0.957840621471405], [773.9110107421875, -35.833648681640625, 174.85000610351562, 151.5413055419922, 24.833423614501953, 75.48295593261719, 74.67962646484375, 103.99845123291016, 47.030555725097656, 28.69087028503418, 161.138427734375, 103.03077697753906, 21.91676902770996], [1316.8172607421875, 93.42543029785156, 141.67430114746094, 138.59454345703125, 48.653282165527344, 44.33211135864258, 106.92176818847656, 87.53787994384766, 32.383201599121094, -5.277377605438232, 103.03077697753906, 194.11036682128906, 72.4605712890625], [653.5841674804688, 80.9106216430664, 76.85067749023438, 59.406246185302734, 51.33296203613281, 54.21847915649414, 63.95545196533203, 28.789325714111328, 22.94413185119629, -0.957840621471405, 21.91676902770996, 72.4605712890625, 159.79617309570312]], "lowlevel.mfcc.icov": [[5.052117194281891e-05, -0.0001149483141489327, -0.00013803999172523618, -0.0001015380330500193, 6.747244333382696e-05, 0.00011553389049367979, -7.921830547275022e-05, -4.116589843761176e-05, -7.283742888830602e-05, -0.0001260619465028867, 0.00011230182280996814, -0.00014367204857990146, -6.60329124002601e-06], [-0.0001149483141489327, 0.0009773608762770891, 0.0004165754362475127, 0.0005496250232681632, -0.0005653594271279871, -0.00014030476449988782, -9.420353308087215e-05, 0.00017256735009141266, -0.00025807166821323335, 0.00045966895413585007, -1.8713073586695828e-05, -0.0001412610145052895, -8.712863927939907e-05], [-0.00013803999172523618, 0.0004165754362475127, 0.004129015374928713, -0.0004464576777536422, -0.000738903705496341, -0.0019312308868393302, -0.00013510581629816443, -0.0014780114870518446, 0.0012512467801570892, 0.0008304326911456883, -0.0019987160339951515, 0.00040977634489536285, -0.0003394963569007814], [-0.0001015380330500193, 0.0005496250232681632, -0.0004464576777536422, 0.0035729568917304277, -0.002076700096949935, 0.000657578173559159, 0.0011033474002033472, -0.0009692413732409477, -0.0004728133208118379, 0.0005083471769466996, -0.0017490230966359377, -0.0004788316728081554, -0.0002715876908041537], [6.747244333382696e-05, -0.0005653594271279871, -0.000738903705496341, -0.002076700096949935, 0.004907865542918444, -0.0003542665217537433, -0.0011145351454615593, 0.000836364459246397, -0.0007288783090189099, -0.00021522457245737314, 0.0018975036218762398, 0.00012014246749458835, -0.0002346851397305727], [0.00011553389049367979, -0.00014030476449988782, -0.0019312308868393302, 0.000657578173559159, -0.0003542665217537433, 0.005738882813602686, -0.0008816838962957263, -0.001128347939811647, 0.0009711464517749846, -0.0012020472204312682, -0.0010470926063135266, 0.0008785526733845472, -0.001395821338519454], [-7.921830547275022e-05, -9.420353308087215e-05, -0.00013510581629816443, 0.0011033474002033472, -0.0011145351454615593, -0.0008816838962957263, 0.005932875443249941, -0.0026212548837065697, -0.0005564336897805333, -0.0011217992287129164, 0.0005602937890216708, -0.0017941083060577512, -0.00040870695374906063], [-4.116589843761176e-05, 0.00017256735009141266, -0.0014780114870518446, -0.0009692413732409477, 0.000836364459246397, -0.001128347939811647, -0.0026212548837065697, 0.012082863599061966, -0.005196678917855024, 0.003032701788470149, -0.002501195762306452, -0.00021448351617436856, 0.001343187177553773], [-7.283742888830602e-05, -0.00025807166821323335, 0.0012512467801570892, -0.0004728133208118379, -0.0007288783090189099, 0.0009711464517749846, -0.0005564336897805333, -0.005196678917855024, 0.0119535056874156, -0.006620957050472498, -0.00012350882752798498, 0.0009583939681760967, -0.0011074808426201344], [-0.0001260619465028867, 0.00045966895413585007, 0.0008304326911456883, 0.0005083471769466996, -0.00021522457245737314, -0.0012020472204312682, -0.0011217992287129164, 0.003032701788470149, -0.006620957050472498, 0.012135962024331093, -0.0032061361707746983, 0.002174078021198511, 0.0005513795185834169], [0.00011230182280996814, -1.8713073586695828e-05, -0.0019987160339951515, -0.0017490230966359377, 0.0018975036218762398, -0.0010470926063135266, 0.0005602937890216708, -0.002501195762306452, -0.00012350882752798498, -0.0032061361707746983, 0.015524267219007015, -0.006496473215520382, 0.001948866294696927], [-0.00014367204857990146, -0.0001412610145052895, 0.00040977634489536285, -0.0004788316728081554, 0.00012014246749458835, 0.0008785526733845472, -0.0017941083060577512, -0.00021448351617436856, 0.0009583939681760967, 0.002174078021198511, -0.006496473215520382, 0.011745096184313297, -0.0034993309527635574], [-6.60329124002601e-06, -8.712863927939907e-05, -0.0003394963569007814, -0.0002715876908041537, -0.0002346851397305727, -0.001395821338519454, -0.00040870695374906063, 0.001343187177553773, -0.0011074808426201344, 0.0005513795185834169, 0.001948866294696927, -0.0034993309527635574, 0.008545730262994766]], "metadata.audio_properties.analysis.downmix": "mix", "metadata.audio_properties.codec": "mp3", "metadata.audio_properties.md5_encoded": "5ad24a04366aa4531338a986ce8dfa7b", "metadata.tags.file_name": "1183656137384534046.mp3", "metadata.version.essentia": "2.1-beta6-dev", "metadata.version.essentia_git_sha": "v2.1_beta5-1110-g77a6a954", "metadata.version.extractor": "music 2.0", "tonal.chords_key": "F", "tonal.chords_scale": "major", "tonal.key_edma.key": "Bb", "tonal.key_edma.scale": "major", "tonal.key_krumhansl.key": "Bb", "tonal.key_krumhansl.scale": "major", "tonal.key_temperley.key": "Bb", "tonal.key_temperley.scale": "major", "metadata.tags.encoding": ["Lavf58.45.100"]}, "essentia_models": [{"model_name": "genre_dortmund", "activations": {"alternative": "0.014387813", "blues": "0.0019308828", "electronic": "0.07403672", "folkcountry": "0.008530232", "funksoulrnb": "0.018592987", "jazz": "0.022051767", "pop": "0.40095434", "raphiphop": "0.49160165", "rock": "0.004556534"}}, {"model_name": "genre_rosamerica", "activations": {"classic": "0.0013432733", "dance": "0.013813885", "hip hop": "0.016630646", "jazz": "0.007056103", "pop": "0.42296678", "rhythm and blues": "0.33521476", "rock": "0.0011546874", "speech": "0.075431