{"song_id": "1183678798324056144", "download": "https://cdn.discordapp.com/attachments/1135903449314238464/1183678798324056144/chirp.mp4?ex=658935c9&amp", "lyrics": "hey good morning mamasita \nhey hey hey \nAnasteisha guapita oooh \nyou smile you bloom\nyou be the sun \nand shine through eyes \nor through the skyes\nwho knows, it might be you \nthat sunny bunny \nhopping on my hand", "style": ["random"], "essentia_features": {"lowlevel.average_loudness": 0.9702058434486389, "lowlevel.barkbands_crest.mean": 9.227213859558105, "lowlevel.barkbands_crest.stdev": 3.8461954593658447, "lowlevel.barkbands_flatness_db.mean": 0.13938188552856445, "lowlevel.barkbands_flatness_db.stdev": 0.03342767804861069, "lowlevel.barkbands_kurtosis.mean": 0.6777039170265198, "lowlevel.barkbands_kurtosis.stdev": 1.9562917947769165, "lowlevel.barkbands_skewness.mean": 0.8462229371070862, "lowlevel.barkbands_skewness.stdev": 0.6689315438270569, "lowlevel.barkbands_spread.mean": 21.282804489135742, "lowlevel.barkbands_spread.stdev": 10.941287994384766, "lowlevel.dissonance.mean": 0.4581863582134247, "lowlevel.dissonance.stdev": 0.023418841883540154, "lowlevel.dynamic_complexity": 1.7601542472839355, "lowlevel.erbbands_crest.mean": 9.665106773376465, "lowlevel.erbbands_crest.stdev": 4.153563976287842, "lowlevel.erbbands_flatness_db.mean": 0.19554544985294342, "lowlevel.erbbands_flatness_db.stdev": 0.04231790080666542, "lowlevel.erbbands_kurtosis.mean": -0.09381630271673203, "lowlevel.erbbands_kurtosis.stdev": 1.0132803916931152, "lowlevel.erbbands_skewness.mean": 0.1636640578508377, "lowlevel.erbbands_skewness.stdev": 0.5025076866149902, "lowlevel.erbbands_spread.mean": 29.593326568603516, "lowlevel.erbbands_spread.stdev": 12.492022514343262, "lowlevel.hfc.mean": 24.032766342163086, "lowlevel.hfc.stdev": 13.629142761230469, "lowlevel.loudness_ebu128.integrated": -16.756847381591797, "lowlevel.loudness_ebu128.loudness_range": 1.397247314453125, "lowlevel.loudness_ebu128.momentary.mean": -16.886737823486328, "lowlevel.loudness_ebu128.momentary.stdev": 1.0929533243179321, "lowlevel.loudness_ebu128.short_term.mean": -16.82235336303711, "lowlevel.loudness_ebu128.short_term.stdev": 0.4983574151992798, "lowlevel.melbands_crest.mean": 13.038756370544434, "lowlevel.melbands_crest.stdev": 4.530887603759766, "lowlevel.melbands_flatness_db.mean": 0.18908607959747314, "lowlevel.melbands_flatness_db.stdev": 0.037392862141132355, "lowlevel.melbands_kurtosis.mean": 4.005297660827637, "lowlevel.melbands_kurtosis.stdev": 5.226924419403076, "lowlevel.melbands_skewness.mean": 1.576088547706604, "lowlevel.melbands_skewness.stdev": 0.9450922012329102, "lowlevel.melbands_spread.mean": 26.702985763549805, "lowlevel.melbands_spread.stdev": 11.739818572998047, "lowlevel.pitch_salience.mean": 0.5537042021751404, "lowlevel.pitch_salience.stdev": 0.09616096317768097, "lowlevel.silence_rate_20dB.mean": 1.0, "lowlevel.silence_rate_20dB.stdev": 0.0, "lowlevel.silence_rate_30dB.mean": 1.0, "lowlevel.silence_rate_30dB.stdev": 0.0, "lowlevel.silence_rate_60dB.mean": 0.0020020019728690386, "lowlevel.silence_rate_60dB.stdev": 0.04469876363873482, "lowlevel.spectral_centroid.mean": 1416.5726318359375, "lowlevel.spectral_centroid.stdev": 430.9573059082031, "lowlevel.spectral_complexity.mean": 21.547548294067383, "lowlevel.spectral_complexity.stdev": 5.590239524841309, "lowlevel.spectral_decrease.mean": -7.110316335712241e-09, "lowlevel.spectral_decrease.stdev": 4.918694340716456e-09, "lowlevel.spectral_energy.mean": 0.029015811160206795, "lowlevel.spectral_energy.stdev": 0.019437666982412338, "lowlevel.spectral_energyband_high.mean": 0.00039382619434036314, "lowlevel.spectral_energyband_high.stdev": 0.0006982144550420344, "lowlevel.spectral_energyband_low.mean": 0.006671115756034851, "lowlevel.spectral_energyband_low.stdev": 0.011489884927868843, "lowlevel.spectral_energyband_middle_high.mean": 0.008959640748798847, "lowlevel.spectral_energyband_middle_high.stdev": 0.007021061610430479, "lowlevel.spectral_energyband_middle_low.mean": 0.013857646845281124, "lowlevel.spectral_energyband_middle_low.stdev": 0.0122085465118289, "lowlevel.spectral_entropy.mean": 7.438948631286621, "lowlevel.spectral_entropy.stdev": 0.3129846155643463, "lowlevel.spectral_flux.mean": 0.09190880507230759, "lowlevel.spectral_flux.stdev": 0.04807136952877045, "lowlevel.spectral_kurtosis.mean": 5.4112467765808105, "lowlevel.spectral_kurtosis.stdev": 2.9017348289489746, "lowlevel.spectral_rms.mean": 0.005066735204309225, "lowlevel.spectral_rms.stdev": 0.001623678021132946, "lowlevel.spectral_rolloff.mean": 1686.724609375, "lowlevel.spectral_rolloff.stdev": 1250.7171630859375, "lowlevel.spectral_skewness.mean": 1.4925954341888428, "lowlevel.spectral_skewness.stdev": 0.3563201427459717, "lowlevel.spectral_spread.mean": 3385370.5, "lowlevel.spectral_spread.stdev": 1385067.0, "lowlevel.spectral_strongpeak.mean": 1.5491321086883545, "lowlevel.spectral_strongpeak.stdev": 1.5810946226119995, "lowlevel.zerocrossingrate.mean": 0.05787428095936775, "lowlevel.zerocrossingrate.stdev": 0.027066493406891823, "metadata.audio_properties.analysis.equal_loudness": 0.0, "metadata.audio_properties.analysis.length": 23.16798210144043, "metadata.audio_properties.analysis.sample_rate": 44100.0, "metadata.audio_properties.analysis.start_time": 0.0, "metadata.audio_properties.bit_rate": 121961.0, "metadata.audio_properties.length": 23.167999267578125, "metadata.audio_properties.lossless": 0.0, "metadata.audio_properties.number_channels": 1.0, "metadata.audio_properties.replay_gain": -9.796768188476562, "metadata.audio_properties.sample_rate": 48000.0, "rhythm.beats_count": 42.0, "rhythm.beats_loudness.mean": 0.03563244640827179, "rhythm.beats_loudness.stdev": 0.015503502450883389, "rhythm.bpm": 109.08589935302734, "rhythm.bpm_histogram_first_peak_bpm": 108.0, "rhythm.bpm_histogram_first_peak_weight": 0.5128205418586731, "rhythm.bpm_histogram_second_peak_bpm": 115.0, "rhythm.bpm_histogram_second_peak_spread": 0.5, "rhythm.bpm_histogram_second_peak_weight": 0.024390242993831635, "rhythm.danceability": 1.59079909324646, "rhythm.onset_rate": 3.8817992210388184, "tonal.chords_changes_rate": 0.09000000357627869, "tonal.chords_number_rate": 0.019999999552965164, "tonal.chords_strength.mean": 0.5219399929046631, "tonal.chords_strength.stdev": 0.11319425702095032, "tonal.hpcp_crest.mean": 15.024724960327148, "tonal.hpcp_crest.stdev": 7.095249176025391, "tonal.hpcp_entropy.mean": 1.8027777671813965, "tonal.hpcp_entropy.stdev": 0.6921616792678833, "tonal.key_edma.strength": 0.6058207154273987, "tonal.key_krumhansl.strength": 0.6083627939224243, "tonal.key_temperley.strength": 0.6079933047294617, "tonal.tuning_diatonic_strength": 0.517715334892273, "tonal.tuning_equal_tempered_deviation": 0.15975835919380188, "tonal.tuning_frequency": 444.85552978515625, "tonal.tuning_nontempered_energy_ratio": 0.8107486963272095, "lowlevel.barkbands.mean": [0.00012190578127047047, 0.0030175908468663692, 0.0027576934080570936, 0.00129184580873698, 0.0027375014033168554, 0.0019109491258859634, 0.0019555494654923677, 0.004478501621633768, 0.0012426100438460708, 0.0008533537038601935, 0.001001699361950159, 0.002074565039947629, 0.0013211430050432682, 0.0007784640183672309, 0.0007941508083604276, 0.0006480576121248305, 0.000546976167242974, 0.00024756460334174335, 0.0007417300366796553, 0.00013279070844873786, 8.036177314352244e-05, 9.40998870646581e-05, 5.913248605793342e-05, 7.551335147581995e-05, 4.133576658205129e-05, 1.0319964530935977e-05, 4.259789818661375e-07], "lowlevel.barkbands.stdev": [0.00043019745498895645, 0.008700892329216003, 0.003920330200344324, 0.003394755069166422, 0.0041170306503772736, 0.004820151720196009, 0.004141626879572868, 0.007967991754412651, 0.0020787022076547146, 0.0012597583699971437, 0.0014469659654423594, 0.004884940106421709, 0.002510158810764551, 0.0012141575571149588, 0.001356265158392489, 0.001268427586182952, 0.0005212047253735363, 0.00028150976868346334, 0.0008385374094359577, 0.0001840449112933129, 0.00011384608660591766, 0.00015189703844953328, 0.00010892149293795228, 0.0002847746654879302, 0.00015636436000932008, 3.244971594540402e-05, 1.2819789390050573e-06], "lowlevel.erbbands.mean": [0.07781156152486801, 0.7297230362892151, 2.9695122241973877, 4.068748950958252, 4.680574417114258, 9.79783821105957, 16.37407112121582, 15.51932144165039, 20.76713752746582, 61.11716842651367, 85.32267761230469, 28.63503646850586, 31.490720748901367, 29.851770401000977, 59.1042366027832, 76.1671371459961, 65.36378479003906, 43.818321228027344, 41.514278411865234, 40.78050231933594, 34.2877311706543, 34.8759880065918, 15.718358993530273, 19.512760162353516, 39.13020324707031, 6.898035049438477, 3.4020111560821533, 3.074613571166992, 3.4594027996063232, 2.505664587020874, 1.5799280405044556, 1.3425958156585693, 1.4127051830291748, 0.6945037841796875, 0.1678386777639389, 0.05347588658332825, 0.018137771636247635, 0.0025587643031030893, 7.237424870254472e-05, 3.711180397658609e-05], "lowlevel.erbbands.stdev": [0.27850666642189026, 1.9205442667007446, 3.842639207839966, 9.603799819946289, 8.721928596496582, 16.013078689575195, 33.506126403808594, 43.781497955322266, 49.21183395385742, 103.93505096435547, 153.8480224609375, 52.284671783447266, 43.4896354675293, 34.22600555419922, 89.91508483886719, 172.8779296875, 117.61959075927734, 63.93096160888672, 56.76411437988281, 80.65608215332031, 44.608577728271484, 31.85767364501953, 16.18035316467285, 18.249404907226562, 51.11553192138672, 7.4076313972473145, 4.585442543029785, 4.530121326446533, 5.741322040557861, 4.031735897064209, 3.209965467453003, 4.46168851852417, 5.679715156555176, 2.745623826980591, 0.5940954089164734, 0.1809484213590622, 0.05695449560880661, 0.006695349235087633, 0.00014151950017549098, 2.3164107915363275e-05], "lowlevel.gfcc.mean": [4.348937034606934, 110.89698028564453, -151.9134521484375, 21.32994842529297, -56.01480484008789, 6.056090831756592, -33.27060317993164, 4.4223785400390625, -21.723289489746094, -4.037908554077148, -12.952561378479004, -4.22948694229126, -19.195541381835938], "lowlevel.melbands.mean": [0.000761764997150749, 0.0013311502989381552, 0.0007091848528943956, 0.0004951740265823901, 0.000576048856601119, 0.00034805116592906415, 0.00033337442437186837, 0.0007959400536492467, 0.0005921265110373497, 0.000167726437211968, 0.00015451583021786064, 0.00011440345406299457, 0.0001710089563857764, 0.0002532221842557192, 0.00014155564713291824, 0.0001385174400638789, 7.152366015361622e-05, 6.614206358790398e-05, 5.68593641219195e-05, 4.524698670138605e-05, 3.9206577639561146e-05, 3.799069963861257e-05, 2.1404281142167747e-05, 8.588318451074883e-06, 1.4949420801713131e-05, 3.340232069604099e-05, 1.5504487237194553e-05, 2.3488148599426495e-06, 1.9399114989937516e-06, 2.075499196507735e-06, 1.6716871868993621e-06, 2.0096908883715514e-06, 1.7721453104968532e-06, 1.236013304151129e-06, 9.229851798409072e-07, 7.652296858395857e-07, 8.507827828907466e-07, 1.0687573421819252e-06, 7.936864676594269e-07, 5.048150910624827e-07], "lowlevel.melbands.stdev": [0.0024421117268502712, 0.001964172115549445, 0.0014735403237864375, 0.0007724133902229369, 0.0010749942157417536, 0.0009380782721564174, 0.0007537034689448774, 0.0013091948349028826, 0.0010642774868756533, 0.0003224760584998876, 0.00022221538529265672, 0.0001430683332728222, 0.0002277045714436099, 0.000667124055325985, 0.00026292301481589675, 0.0002970944042317569, 0.00012432924995664507, 9.502708417130634e-05, 0.00010448115790495649, 0.00011114010703749955, 4.95250933454372e-05, 3.880721124005504e-05, 2.2313042791211046e-05, 9.456407497054897e-06, 1.5406769307446666e-05, 4.203173011774197e-05, 2.29064971790649e-05, 2.8661222586379154e-06, 2.7549710921448423e-06, 3.2049733817984816e-06, 2.5452761747146724e-06, 3.4852148473873967e-06, 3.0082196644798387e-06, 2.059652388197719e-06, 1.804192720555875e-06, 2.0379434317874257e-06, 3.148008090647636e-06, 4.357038505986566e-06, 3.3438839182053925e-06, 1.9657416032714536e-06], "lowlevel.melbands128.mean": [0.00011045530845876783, 0.0005743309739045799, 0.0009736044448800385, 0.0012370022013783455, 0.0015628148103132844, 0.0012569830287247896, 0.0008637094870209694, 0.0005653086700476706, 0.0004267213516868651, 0.00045035756193101406, 0.0005439620581455529, 0.0006874253158457577, 0.0006095889839343727, 0.0004095748590771109, 0.00035245876642875373, 0.000317301630275324, 0.00027877200045622885, 0.000326269306242466, 0.0003651837178040296, 0.000683035992551595, 0.0010147657012566924, 0.0011933030327782035, 0.0004393471172079444, 0.0001534323819214478, 0.0001655973173910752, 0.00013652144116349518, 0.0002431708708172664, 0.00012770573084708303, 0.00013110626605339348, 0.00011056701623601839, 0.00010311202640878037, 0.0001247376058017835, 0.00019870445248670876, 0.0001421723427483812, 0.00031007250072434545, 0.00029437290504574776, 0.0001488987181801349, 0.00014396439655683935, 0.00010786644270410761, 0.00018138784798793495, 0.00013827458315063268, 9.030747605720535e-05, 7.952006126288325e-05, 5.0997270591324195e-05, 6.899617437738925e-05, 6.70932131470181e-05, 7.125050615286455e-05, 4.436632661963813e-05, 5.71499731449876e-05, 6.877280247863382e-05, 3.682896203827113e-05, 2.863641202566214e-05, 5.2783369028475136e-05, 3.367292447364889e-05, 2.7372514523449354e-05, 5.153367237653583e-05, 3.573820140445605e-05, 1.9079459889326245e-05, 2.270981167384889e-05, 1.1230267773498781e-05, 5.843436156283133e-06, 7.475644906662637e-06, 1.0308655873814132e-05, 1.5666520994273014e-05, 2.4556813514209352e-05, 3.426742478040978e-05, 4.348272705101408e-05, 2.4462326109642163e-05, 7.5919310802419204e-06, 3.914422904927051e-06, 2.0106513147766236e-06, 1.6774880577941076e-06, 1.8369520375927095e-06, 2.0122831756452797e-06, 2.0184322693239665e-06, 2.3463180696126074e-06, 1.953889750438975e-06, 1.6216040421568323e-06, 1.5564592104055919e-06, 1.7559067373440485e-06, 2.1540777197515126e-06, 2.096363004966406e-06, 1.8108014501194702e-06, 1.9509598132572137e-06, 1.4508369758914341e-06, 1.3713035968976328e-06, 1.1222989542147843e-06, 1.0723373407017789e-06, 8.871347745298408e-07, 8.587240927226958e-07, 7.957812044878665e-07, 7.406325153169746e-07, 6.862000532237289e-07, 8.048854169828701e-07, 9.918287560140016e-07, 1.047215732796758e-06, 1.14208921786485e-06, 1.0288656540069496e-06, 6.986199991843023e-07, 7.510294040002918e-07, 7.53054507640627e-07, 4.254199836850603e-07, 2.580769660198712e-07, 2.541028436553461e-07, 1.491951451271234e-07, 1.2366248824946524e-07, 1.1980726810634224e-07, 1.1765298069121854e-07, 8.058999156901336e-08, 7.214438113578581e-08, 6.614073555510913e-08, 5.5425889655680294e-08, 7.214168107338992e-08, 4.480616055957398e-08, 3.631560474559592e-08, 2.7865667107107583e-08, 1.6049012785401828e-08, 1.319097164831362e-09, 6.374880484605328e-11, 3.872918478975418e-12, 3.750525931489612e-12, 3.6718206600228065e-12, 3.6008867328879424e-12, 3.5293623492499426e-12, 3.4290942481363107e-12, 3.304278942475869e-12, 3.229371197538411e-12, 3.2048333171302845e-12], "lowlevel.melbands128.stdev": [0.00041415332816541195, 0.002242605434730649, 0.0037053488194942474, 0.0031755398958921432, 0.0020980138797312975, 0.0020773259457200766, 0.0022957520559430122, 0.0013905786909162998, 0.0009349837200716138, 0.0009351729531772435, 0.001034923829138279, 0.0014240038581192493, 0.0014193867100402713, 0.0015612676506862044, 0.0013836018042638898, 0.000964736973401159, 0.0008058847161009908, 0.0011450080201029778, 0.0010332319652661681, 0.0016545996768400073, 0.002275150502100587, 0.002578417304903269, 0.0011621324811130762, 0.0004414987633936107, 0.0005563578451983631, 0.0003839048440568149, 0.0004500820650719106, 0.0002736424212343991, 0.0003460718726273626, 0.00019771463121287525, 0.00017374593880958855, 0.0003068456135224551, 0.00031969774863682687, 0.00033504783641546965, 0.0009992498671635985, 0.001043028081767261, 0.0005128607735969126, 0.00045498873805627227, 0.00024255679454654455, 0.0004903064691461623, 0.00043103794450871646, 0.00018668016127776355, 0.00021798507077619433, 0.00016176114149857312, 0.00015159245231188834, 0.000137425129651092, 0.0001795704592950642, 0.00014180366997607052, 0.0001658599212532863, 0.00019780713773798198, 0.0001547153078718111, 8.104117296170443e-05, 8.298837201436982e-05, 5.0751958042383194e-05, 4.271380748832598e-05, 6.970760296098888e-05, 4.82050672871992e-05, 3.0503017114824615e-05, 3.682394162751734e-05, 1.9988756321254186e-05, 7.620174073963426e-06, 9.850980859482661e-06, 1.3884317922929768e-05, 2.1253650629660115e-05, 3.504738924675621e-05, 5.9306203183950856e-05, 7.689037738600746e-05, 4.5924356527393684e-05, 1.3896303244109731e-05, 5.800768121844158e-06, 2.979145619974588e-06, 2.672788468771614e-06, 3.2920584089879412e-06, 3.129412107227836e-06, 3.2845628084032796e-06, 4.0260561036120635e-06, 3.606709469750058e-06, 2.7229236820858205e-06, 2.448934992571594e-06, 3.3974783946177922e-06, 4.335617632023059e-06, 4.028148850920843e-06, 3.247790800742223e-06, 3.898224804288475e-06, 2.474381744832499e-06, 2.6194027213932713e-06, 2.010604930546833e-06, 1.8875497289627674e-06, 1.863824195424968e-06, 2.19385356103885e-06, 2.1801990897074575e-06, 2.0871864307991927e-06, 2.5355236630275613e-06, 3.2260568332276307e-06, 4.012583758594701e-06, 4.562914455163991e-06, 4.8958386287267786e-06, 4.862704372499138e-06, 3.0054688977543265e-06, 3.2871237181097968e-06, 3.1881252198218135e-06, 1.634752038626175e-06, 9.305603043685551e-07, 1.0302610462531447e-06, 6.012034532432153e-07, 4.431332740750804e-07, 4.4012520561409474e-07, 4.582770714023354e-07, 2.8748166869263514e-07, 2.9026983838775777e-07, 2.5341444143123226e-07, 2.0878111683941825e-07, 2.4695177103239985e-07, 1.4275741477831616e-07, 1.0953473150721038e-07, 8.500381909470889e-08, 4.5723815844667115e-08, 4.823303090262243e-09, 1.5060311886472277e-09, 6.642313001709033e-12, 6.468402202752799e-12, 6.326871318518279e-12, 6.201876252137639e-12, 6.093271286838897e-12, 6.002861402398807e-12, 5.932332750036018e-12, 5.8804484719121586e-12, 5.848333969882269e-12], "lowlevel.mfcc.mean": [-628.8638305664062, 139.4486541748047, -31.919330596923828, 16.190961837768555, -4.974250316619873, 2.9588871002197266, -3.8408913612365723, 7.095575332641602, -8.073424339294434, 0.28700655698776245, 3.24875807762146, -3.26859974861145, 3.1840031147003174], "lowlevel.spectral_contrast_coeffs.mean": [-0.6722171902656555, -0.6966193318367004, -0.7375730872154236, -0.7607802152633667, -0.7432212233543396, -0.7124130725860596], "lowlevel.spectral_contrast_coeffs.stdev": [0.0755976140499115, 0.0819852277636528, 0.06679213792085648, 0.055799417197704315, 0.051330018788576126, 0.05714583769440651], "lowlevel.spectral_contrast_valleys.mean": [-6.983180999755859, -6.665419578552246, -6.960574150085449, -7.219194412231445, -7.533752918243408, -11.024285316467285], "lowlevel.spectral_contrast_valleys.stdev": [0.7511011958122253, 0.5160712003707886, 0.4736604392528534, 0.4353451728820801, 0.48840105533599854, 0.935458242893219], "rhythm.beats_loudness_band_ratio.mean": [0.31834712624549866, 0.12899066507816315, 0.2327442169189453, 0.1940448135137558, 0.0890679657459259, 0.05806820094585419], "rhythm.beats_loudness_band_ratio.stdev": [0.17592859268188477, 0.12882424890995026, 0.17321892082691193, 0.13015025854110718, 0.049452319741249084, 0.056829072535037994], "tonal.hpcp.mean": [0.22334793210029602, 0.10725310444831848, 0.04960550367832184, 0.042403802275657654, 0.05130990967154503, 0.12718066573143005, 0.24587787687778473, 0.2008996307849884, 0.08792617917060852, 0.08204314112663269, 0.1163536086678505, 0.210000142455101, 0.2835771143436432, 0.20308884978294373, 0.12189622968435287, 0.1474454253911972, 0.12322364747524261, 0.08783736824989319, 0.07969693094491959, 0.062025126069784164, 0.09730076044797897, 0.16175277531147003, 0.1488058716058731, 0.08857212960720062, 0.0581907294690609, 0.057423315942287445, 0.08000816404819489, 0.13337796926498413, 0.13124416768550873, 0.09987735003232956, 0.09833451360464096, 0.08565716445446014, 0.12674392759799957, 0.15082789957523346, 0.13608580827713013, 0.21186310052871704], "tonal.hpcp.stdev": [0.31932929158210754, 0.1925821602344513, 0.1382911503314972, 0.12337405979633331, 0.13665205240249634, 0.21801404654979706, 0.32621023058891296, 0.2829722762107849, 0.19684824347496033, 0.18899166584014893, 0.23062387108802795, 0.30683767795562744, 0.34326741099357605, 0.2869277894496918, 0.21877582371234894, 0.26063331961631775, 0.22430288791656494, 0.1667974293231964, 0.16046074032783508, 0.13044783473014832, 0.18719106912612915, 0.27782386541366577, 0.23769845068454742, 0.19490042328834534, 0.1354988068342209, 0.149294912815094, 0.17219512164592743, 0.20586030185222626, 0.21469518542289734, 0.22131958603858948, 0.22271014750003815, 0.16628585755825043, 0.21482323110103607, 0.24628295004367828, 0.1935015767812729, 0.29334890842437744], "rhythm.beats_position": [0.4992290139198303, 1.0100680589675903, 1.5325169563293457, 2.0665760040283203, 2.600634813308716, 3.1579136848449707, 3.7151927947998047, 4.260861396789551, 4.806530475616455, 5.363809585571289, 5.921088218688965, 6.478367328643799, 7.035645961761475, 7.592925071716309, 8.150203704833984, 8.695873260498047, 9.241541862487793, 9.798820495605469, 10.344490051269531, 10.901768684387207, 11.447437286376953, 12.004715919494629, 12.550385475158691, 13.096054077148438, 13.641722679138184, 14.199002265930176, 14.756280899047852, 15.301949501037598, 15.85922908782959, 16.416507720947266, 16.962177276611328, 17.519454956054688, 18.06512451171875, 18.622404098510742, 19.168071746826172, 19.713741302490234, 20.247800827026367, 20.781858444213867, 21.32752799987793, 21.873197555541992, 22.43047523498535, 22.987754821777344], "rhythm.bpm_histogram": [0.0, 0.0, 0.0, 0.0, 0.0, 0.0, 0.0, 0.0, 0.0, 0.0, 0.0, 0.0, 0.0, 0.0, 0.0, 0.0, 0.0, 0.0, 0.0, 0.0, 0.0, 0.0, 0.0, 0.0, 0.0, 0.0, 0.0, 0.0, 0.0, 0.0, 0.0, 0.0, 0.0, 0.0, 0.0, 0.0, 0.0, 0.0, 0.0, 0.0, 0.0, 0.0, 0.0, 0.0, 0.0, 0.0, 0.0, 0.0, 0.0, 0.0, 0.0, 0.0, 0.0, 0.0, 0.0, 0.0, 0.0, 0.0, 0.0, 0.0, 0.0, 0.0, 0.0, 0.0, 0.0, 0.0, 0.0, 0.0, 0.0, 0.0, 0.0, 0.0, 0.0, 0.0, 0.0, 0.0, 0.0, 0.0, 0.0, 0.0, 0.0, 0.0, 0.0, 0.0, 0.0, 0.0, 0.0, 0.0, 0.0, 0.0, 0.0, 0.0, 0.0, 0.0, 0.0, 0.0, 0.0, 0.0, 0.0, 0.0, 0.0, 0.0, 0.0, 0.0, 0.0, 0.0, 0.0, 0.0, 0.46341463923454285, 0.0, 0.39024388790130615, 0.0, 0.09756097197532654, 0.0, 0.0, 0.024390242993831635, 0.0, 0.024390242993831635, 0.0, 0.0, 0.0, 0.0, 0.0, 0.0, 0.0, 0.0, 0.0, 0.0, 0.0, 0.0, 0.0, 0.0, 0.0, 0.0, 0.0, 0.0, 0.0, 0.0, 0.0, 0.0, 0.0, 0.0, 0.0, 0.0, 0.0, 0.0, 0.0, 0.0, 0.0, 0.0, 0.0, 0.0, 0.0, 0.0, 0.0, 0.0, 0.0, 0.0, 0.0, 0.0, 0.0, 0.0, 0.0, 0.0, 0.0, 0.0, 0.0, 0.0, 0.0, 0.0, 0.0, 0.0, 0.0, 0.0, 0.0, 0.0, 0.0, 0.0, 0.0, 0.0, 0.0, 0.0, 0.0, 0.0, 0.0, 0.0, 0.0, 0.0, 0.0, 0.0, 0.0, 0.0, 0.0, 0.0, 0.0, 0.0, 0.0, 0.0, 0.0, 0.0, 0.0, 0.0, 0.0, 0.0, 0.0, 0.0, 0.0, 0.0, 0.0, 0.0, 0.0, 0.0, 0.0, 0.0, 0.0, 0.0, 0.0, 0.0, 0.0, 0.0, 0.0, 0.0, 0.0, 0.0, 0.0, 0.0, 0.0, 0.0, 0.0, 0.0, 0.0, 0.0, 0.0, 0.0, 0.0, 0.0, 0.0, 0.0, 0.0, 0.0, 0.0, 0.0, 0.0, 0.0, 0.0, 0.0, 0.0, 0.0, 0.0, 0.0], "tonal.chords_histogram": [38.400001525878906, 3.5999999046325684, 11.0, 4.800000190734863, 0.0, 0.0, 0.20000000298023224, 0.0, 4.0, 1.0, 0.4000000059604645, 0.0, 0.0, 0.0, 0.0, 0.0, 0.0, 0.4000000059604645, 2.0, 2.200000047683716, 4.800000190734863, 20.600000381469727, 0.0, 6.599999904632568], "tonal.thpcp": [1.0, 0.7161679863929749, 0.42985212802886963, 0.5199482440948486, 0.43453311920166016, 0.30974772572517395, 0.2810414731502533, 0.21872401237487793, 0.34311923384666443, 0.5704013705253601, 0.5247457027435303, 0.31233876943588257, 0.20520249009132385, 0.20249630510807037, 0.28213900327682495, 0.4703410863876343, 0.4628165066242218, 0.3522052466869354, 0.34676462411880493, 0.30205950140953064, 0.4469469487667084, 0.5318761467933655, 0.47988995909690857, 0.7471092939376831, 0.7876091599464417, 0.378214955329895, 0.1749277412891388, 0.14953182637691498, 0.18093812465667725, 0.4484870433807373, 0.867058277130127, 0.7084479928016663, 0.31006091833114624, 0.2893151044845581, 0.41030675172805786, 0.7405397891998291], "lowlevel.gfcc.cov": [[1827.3331298828125, -394.0723571777344, 273.7701110839844, 182.2264404296875, -70.7813949584961, 174.53587341308594, -50.82595443725586, 84.3360824584961, 26.5921573638916, 125.73355102539062, -62.134849548339844, -1.5678517818450928, -44.81616973876953], [-394.0723571777344, 961.0514526367188, -202.68540954589844, 66.89942932128906, 228.48878479003906, -160.23556518554688, 201.68661499023438, -78.05628967285156, 86.9788589477539, -141.6962432861328, 106.56729888916016, -49.835269927978516, 41.68484115600586], [273.7701110839844, -202.68540954589844, 559.8031616210938, 111.84999084472656, 28.55432891845703, 195.46685791015625, -89.58600616455078, 84.76335906982422, -55.448760986328125, 56.38343048095703, -60.97591781616211, 35.547908782958984, 7.078874111175537], [182.2264404296875, 66.89942932128906, 111.84999084472656, 295.1581726074219, 56.80182647705078, 92.35614013671875, 12.174870491027832, -23.864065170288086, 63.869468688964844, 15.892653465270996, 6.132585525512695, -17.723772048950195, 61.63515853881836], [-70.7813949584961, 228.48878479003906, 28.55432891845703, 56.80182647705078, 192.87796020507812, -7.359801769256592, 85.67916870117188, 22.906841278076172, 33.91958999633789, 11.281410217285156, 9.429017066955566, 14.436034202575684, 0.22716183960437775], [174.53587341308594, -160.23556518554688, 195.46685791015625, 92.35614013671875, -7.359801769256592, 244.80978393554688, 31.999916076660156, 78.74147033691406, 1.1085617542266846, 36.92493438720703, 13.565851211547852, -29.77950668334961, 2.3136544227600098], [-50.82595443725586, 201.68661499023438, -89.58600616455078, 12.174870491027832, 85.67916870117188, 31.999916076660156, 238.25189208984375, 60.71357727050781, 16.054981231689453, -18.266761779785156, 68.59632110595703, -14.315064430236816, -46.16411209106445], [84.3360824584961, -78.05628967285156, 84.76335906982422, -23.864065170288086, 22.906841278076172, 78.74147033691406, 60.71357727050781, 145.91200256347656, 24.990800857543945, 42.19436264038086, 15.943944931030273, -11.13177490234375, -32.19676971435547], [26.5921573638916, 86.9788589477539, -55.448760986328125, 63.869468688964844, 33.91958999633789, 1.1085617542266846, 16.054981231689453, 24.990800857543945, 181.2976531982422, 60.616241455078125, -9.716341018676758, -35.90898513793945, 15.444442749023438], [125.73355102539062, -141.6962432861328, 56.38343048095703, 15.892653465270996, 11.281410217285156, 36.92493438720703, -18.266761779785156, 42.19436264038086, 60.616241455078125, 118.73303985595703, -10.449405670166016, 15.377195358276367, -6.5754923820495605], [-62.134849548339844, 106.56729888916016, -60.97591781616211, 6.132585525512695, 9.429017066955566, 13.565851211547852, 68.59632110595703, 15.943944931030273, -9.716341018676758, -10.449405670166016, 125.21021270751953, 13.823768615722656, 11.31458854675293], [-1.5678517818450928, -49.835269927978516, 35.547908782958984, -17.723772048950195, 14.436034202575684, -29.77950668334961, -14.315064430236816, -11.13177490234375, -35.90898513793945, 15.377195358276367, 13.823768615722656, 97.24169158935547, 26.719188690185547], [-44.81616973876953, 41.68484115600586, 7.078874111175537, 61.63515853881836, 0.22716183960437775, 2.3136544227600098, -46.16411209106445, -32.19676971435547, 15.444442749023438, -6.5754923820495605, 11.31458854675293, 26.719188690185547, 123.6489486694336]], "lowlevel.gfcc.icov": [[0.000722158292774111, -4.590889147948474e-06, -3.697424472193234e-05, -0.0006721790414303541, 0.00050408422248438, -7.284252933459356e-05, 3.273403854109347e-05, -0.00038263219175860286, 0.00018738953804131597, -0.0005528309848159552, 0.0003310501342639327, -0.00025997028569690883, 0.0004865727969445288], [-4.590889147948474e-06, 0.0053554982878267765, -0.002268164185807109, 0.001276882248930633, -0.004941876512020826, 0.003895687172189355, -0.003349198726937175, 0.003854169510304928, -0.004050771705806255, 0.005611766595393419, -0.004571317229419947, 0.004606540314853191, -0.002397138625383377], [-3.697424472193234e-05, -0.002268164185807109, 0.005715713370591402, -0.0022728578187525272, 0.0005282594356685877, -0.004732310306280851, 0.00439626956358552, -0.004522471688687801, 0.0036785146221518517, -0.0022105544339865446, 0.003850178560242057, -0.004495134577155113, 0.0021503057796508074], [-0.0006721790414303541, 0.001276882248930633, -0.0022728578187525272, 0.007341129705309868, -0.0028685000725090504, -0.0008593747043050826, -0.0021101864986121655, 0.005180044565349817, -0.003622561926022172, 0.001789649249985814, -0.002218345645815134, 0.002913780277594924, -0.003499954706057906], [0.00050408422248438, -0.004941876512020826, 0.0005282594356685877, -0.0028685000725090504, 0.012822938151657581, -0.0012150881811976433, -0.0008756986353546381, -0.003990762867033482, 0.002758955117315054, -0.006007413845509291, 0.005142951849848032, -0.005389476660639048, 0.0019113480811938643], [-7.284252933459356e-05, 0.003895687172189355, -0.004732310306280851, -0.0008593747043050826, -0.0012150881811976433, 0.012252368964254856, -0.005079335067421198, 0.0005201649619266391, -0.0014009274309501052, 0.0015364348655566573, -0.004638494458049536, 0.007704651448875666, -0.003612126223742962], [3.273403854109347e-05, -0.003349198726937175, 0.00439626956358552, -0.0021101864986121655, -0.0008756986353546381, -0.005079335067421198, 0.01193645317107439, -0.006238328292965889, 0.00245361914858222, -0.00045116781257092953, 0.00014901570102665573, -0.004653718788176775, 0.005531365051865578], [-0.00038263219175860286, 0.003854169510304928, -0.004522471688687801, 0.005180044565349817, -0.003990762867033482, 0.0005201649619266391, -0.006238328292965889, 0.016697626560926437, -0.00558879179880023, 0.0014209938235580921, -0.0051329480484128, 0.005198953673243523, -0.0016248963074758649], [0.00018738953804131597, -0.004050771705806255, 0.0036785146221518517, -0.003622561926022172, 0.002758955117315054, -0.0014009274309501052, 0.00245361914858222, -0.00558879179880023, 0.013937070034444332, -0.01060052216053009, 0.00494413310661912, 0.001055285451002419, -0.0004743848985526711], [-0.0005528309848159552, 0.005611766595393419, -0.0022105544339865446, 0.001789649249985814, -0.006007413845509291, 0.0015364348655566573, -0.00045116781257092953, 0.0014209938235580921, -0.01060052216053009, 0.021211344748735428, -0.004820424132049084, -0.001258500968106091, 0.0004912011791020632], [0.0003310501342639327, -0.004571317229419947, 0.003850178560242057, -0.002218345645815134, 0.005142951849848032, -0.004638494458049536, 0.00014901570102665573, -0.0051329480484128, 0.00494413310661912, -0.004820424132049084, 0.015381435863673687, -0.006633446551859379, 0.0004948870628140867], [-0.00025997028569690883, 0.004606540314853191, -0.004495134577155113, 0.002913780277594924, -0.005389476660639048, 0.007704651448875666, -0.004653718788176775, 0.005198953673243523, 0.001055285451002419, -0.001258500968106091, -0.006633446551859379, 0.02150387316942215, -0.007598740980029106], [0.0004865727969445288, -0.002397138625383377, 0.0021503057796508074, -0.003499954706057906, 0.0019113480811938643, -0.003612126223742962, 0.005531365051865578, -0.0016248963074758649, -0.0004743848985526711, 0.0004912011791020632, 0.0004948870628140867, -0.007598740980029106, 0.014081604778766632]], "lowlevel.mfcc.cov": [[1762.659912109375, -409.1975402832031, 216.3817901611328, 32.07377624511719, 35.77658462524414, 91.85447692871094, -26.258821487426758, -15.220792770385742, 39.06448745727539, 99.67739868164062, 25.239748001098633, 17.197463989257812, 17.338088989257812], [-409.1975402832031, 826.5694580078125, -301.36309814453125, 177.09107971191406, -37.0848274230957, -30.868362426757812, 48.09754180908203, 98.8534164428711, -21.34800910949707, -52.9154052734375, 33.2600212097168, 19.526269912719727, 22.183698654174805], [216.3817901611328, -301.36309814453125, 532.5012817382812, -58.975040435791016, 166.49571228027344, 53.05012130737305, 71.8026351928711, -27.679805755615234, 65.73394012451172, 2.087270736694336, -32.91151428222656, 29.527267456054688, -35.67200469970703], [32.07377624511719, 177.09107971191406, -58.975040435791016, 244.6066436767578, 37.07314682006836, 76.76009368896484, -25.997371673583984, 17.11490249633789, 23.200519561767578, 2.379551887512207, -9.104790687561035, -19.311189651489258, 43.70256423950195], [35.77658462524414, -37.0848274230957, 166.49571228027344, 37.07314682006836, 184.67808532714844, 41.05002975463867, -6.940118312835693, -34.07451248168945, 61.13096237182617, 18.504745483398438, -23.66234588623047, 12.225093841552734, -4.4366278648376465], [91.85447692871094, -30.868362426757812, 53.05012130737305, 76.76009368896484, 41.05002975463867, 153.67469787597656, 3.3277740478515625, 9.065415382385254, 38.27071762084961, 43.71611785888672, 1.5614147186279297, -1.2563413381576538, 18.559200286865234], [-26.258821487426758, 48.09754180908203, 71.8026351928711, -25.997371673583984, -6.940118312835693, 3.3277740478515625, 242.7255096435547, 100.29052734375, -18.054264068603516, -14.58332347869873, 42.90243148803711, 49.81242752075195, -11.107245445251465], [-15.220792770385742, 98.8534164428711, -27.679805755615234, 17.11490249633789, -34.07451248168945, 9.065415382385254, 100.29052734375, 127.94508361816406, 1.3308287858963013, 18.410762786865234, 46.23079299926758, 31.94407081604004, 12.897356033325195], [39.06448745727539, -21.34800910949707, 65.73394012451172, 23.200519561767578, 61.13096237182617, 38.27071762084961, -18.054264068603516, 1.3308287858963013, 126.34761810302734, 66.7748794555664, -7.234638214111328, 19.990201950073242, 11.469703674316406], [99.67739868164062, -52.9154052734375, 2.087270736694336, 2.379551887512207, 18.504745483398438, 43.71611785888672, -14.58332347869873, 18.410762786865234, 66.7748794555664, 155.0494384765625, 44.62799072265625, 36.057064056396484, 14.747452735900879], [25.239748001098633, 33.2600212097168, -32.91151428222656, -9.104790687561035, -23.66234588623047, 1.5614147186279297, 42.90243148803711, 46.23079299926758, -7.234638214111328, 44.62799072265625, 118.23089599609375, 44.05050277709961, 5.912091255187988], [17.197463989257812, 19.526269912719727, 29.527267456054688, -19.311189651489258, 12.225093841552734, -1.2563413381576538, 49.81242752075195, 31.94407081604004, 19.990201950073242, 36.057064056396484, 44.05050277709961, 100.27970123291016, 11.719510078430176], [17.338088989257812, 22.183698654174805, -35.67200469970703, 43.70256423950195, -4.4366278648376465, 18.559200286865234, -11.107245445251465, 12.897356033325195, 11.469703674316406, 14.747452735900879, 5.912091255187988, 11.719510078430176, 83.07662200927734]], "lowlevel.mfcc.icov": [[0.000703457451891154, 0.00036424866993911564, -0.00022096376051194966, -0.0004263470764271915, 0.0001901396462926641, -5.6761935411486775e-05, 0.00011361502401996404, -9.989601676352322e-05, 0.0001465047535020858, -0.00029651797376573086, -0.00014646009367424995, -0.00011512072524055839, -2.0680672605521977e-06], [0.00036424866993911564, 0.0024723520036786795, 0.0013118506176397204, -0.0017394681926816702, -0.0007328024948947132, 0.0006867004558444023, -0.0002073297364404425, -0.001347469980828464, -0.0004039960913360119, 0.0010285754688084126, -0.00020218986901454628, -0.0009229675051756203, 0.0007488432456739247], [-0.00022096376051194966, 0.0013118506176397204, 0.0043265013955533504, 0.0005662488983944058, -0.0032361436169594526, -0.0007495390018448234, -0.0013571716845035553, -0.00019193021580576897, -0.001172826625406742, 0.0014823914971202612, 0.0005100671551190317, -0.0009126669028773904, 0.0010898732580244541], [-0.0004263470764271915, -0.0017394681926816702, 0.0005662488983944058, 0.007689596153795719, -0.0018298901850357652, -0.003436910454183817, 0.0008066935697570443, -0.0008425746345892549, -0.0002783329109661281, 0.000830088509246707, 0.0001948027202161029, 0.0017618982819840312, -0.0027111193630844355], [0.0001901396462926641, -0.0007328024948947132, -0.0032361436169594526, -0.0018298901850357652, 0.010227940045297146, -0.00038514609332196414, -0.00018262493540532887, 0.003194423159584403, -0.0025844904594123363, -0.0006313192425295711, 0.00040767190512269735, -0.0009534229175187647, 0.00041534443153068423], [-5.6761935411486775e-05, 0.0006867004558444023, -0.0007495390018448234, -0.003436910454183817, -0.00038514609332196414, 0.009677767753601074, -0.0007290160865522921, -0.0003297546354588121, -0.0005819511134177446, -0.002326448680832982, -7.101264145603636e-07, 0.0010902226204052567, -0.0005746336537413299], [0.00011361502401996404, -0.0002073297364404425, -0.0013571716845035553, 0.0008066935697570443, -0.00018262493540532887, -0.0007290160865522921, 0.007949864491820335, -0.006058537866920233, 0.0014079567044973373, 0.0015074763214215636, -0.0005675377324223518, -0.002127277897670865, 0.0010595940984785557], [-9.989601676352322e-05, -0.001347469980828464, -0.00019193021580576897, -0.0008425746345892549, 0.003194423159584403, -0.0003297546354588121, -0.006058537866920233, 0.015860723331570625, -0.0015761458780616522, -0.001553545007482171, -0.0024625244550406933, -0.00012112319382140413, -0.0016008794773370028], [0.0001465047535020858, -0.0004039960913360119, -0.001172826625406742, -0.0002783329109661281, -0.0025844904594123363, -0.0005819511134177446, 0.0014079567044973373, -0.0015761458780616522, 0.01356353797018528, -0.0056958976201713085, 0.002857083920389414, -0.0013701546704396605, -0.0007264861487783492], [-0.00029651797376573086, 0.0010285754688084126, 0.0014823914971202612, 0.000830088509246707, -0.0006313192425295711, -0.002326448680832982, 0.0015074763214215636, -0.001553545007482171, -0.0056958976201713085, 0.012076778337359428, -0.0039006646256893873, -0.0021417951211333275, 0.0001381059264531359], [-0.00014646009367424995, -0.00020218986901454628, 0.0005100671551190317, 0.0001948027202161029, 0.00040767190512269735, -7.101264145603636e-07, -0.0005675377324223518, -0.0024625244550406933, 0.002857083920389414, -0.0039006646256893873, 0.013064902275800705, -0.003991494420915842, 0.00046074288547970355], [-0.00011512072524055839, -0.0009229675051756203, -0.0009126669028773904, 0.0017618982819840312, -0.0009534229175187647, 0.0010902226204052567, -0.002127277897670865, -0.00012112319382140413, -0.0013701546704396605, -0.0021417951211333275, -0.003991494420915842, 0.015139197930693626, -0.002890579868108034], [-2.0680672605521977e-06, 0.0007488432456739247, 0.0010898732580244541, -0.0027111193630844355, 0.00041534443153068423, -0.0005746336537413299, 0.0010595940984785557, -0.0016008794773370028, -0.0007264861487783492, 0.0001381059264531359, 0.00046074288547970355, -0.002890579868108034, 0.014723232947289944]], "metadata.audio_properties.analysis.downmix": "mix", "metadata.audio_properties.codec": "mp3", "metadata.audio_properties.md5_encoded": "fa6717d05e021c2704f0e3cf0fa1dc09", "metadata.tags.file_name": "1183678798324056144.mp3", "metadata.version.essentia": "2.1-beta6-dev", "metadata.version.essentia_git_sha": "v2.1_beta5-1110-g77a6a954", "metadata.version.extractor": "music 2.0", "tonal.chords_key": "A", "tonal.chords_scale": "major", "tonal.key_edma.key": "A", "tonal.key_edma.scale": "major", "tonal.key_krumhansl.key": "A", "tonal.key_krumhansl.scale": "major", "tonal.key_temperley.key": "A", "tonal.key_temperley.scale": "major", "metadata.tags.encoding": ["Lavf58.45.100"]}, "essentia_models": [{"model_name": "genre_dortmund", "activations": {"alternative": "0.010334136", "blues": "0.1669312", "electronic": "0.0011704351", "folkcountry": "0.5606159", "funksoulrnb": "0.06830902", "jazz": "0.005484812", "pop": "0.038954582", "raphiphop": "0.0015931205", "rock": "0.30879253"}}, {"model_name": "genre_rosamerica", "activations": {"classic": "0.0021785467", "dance": "5.2225147e-05", "hip hop": "0.0019135644", "jazz": "0.000