{"song_id": "1183718621315338290", "download": "https://cdn.discordapp.com/attachments/1135911532732108921/1183718621315338290/chirp.mp4?ex=65895adf&amp", "lyrics": "(Chorus) \n\u0e21\u0e31\u0e19\u0e1c\u0e34\u0e14\u0e40\u0e2d\u0e07\u0e17\u0e35\u0e48\u0e09\u0e31\u0e19\u0e23\u0e31\u0e01\u0e40\u0e18\u0e2d\u0e21\u0e32\u0e01\u0e44\u0e1b \u0e44\u0e21\u0e48\u0e40\u0e04\u0e22\u0e41\u0e01\u0e49\u0e15\u0e31\u0e27\u0e2d\u0e30\u0e44\u0e23\u0e40\u0e25\u0e22\u0e2a\u0e31\u0e01\u0e17\u0e35 \u0e16\u0e36\u0e07\u0e15\u0e49\u0e2d\u0e07\u0e40\u0e08\u0e47\u0e1a\u0e41\u0e1a\u0e1a\u0e19\u0e35\u0e49 \u0e16\u0e39\u0e01\u0e43\u0e04\u0e23\u0e21\u0e2d\u0e07\u0e44\u0e21\u0e48\u0e21\u0e35\u0e44\u0e21\u0e48\u0e27\u0e48\u0e32\u0e40\u0e23\u0e37\u0e48\u0e2d\u0e07\u0e2d\u0e30\u0e44\u0e23 \u0e40\u0e23\u0e37\u0e48\u0e2d\u0e07\u0e23\u0e32\u0e27\u0e17\u0e35\u0e48\u0e08\u0e1a\u0e41\u0e25\u0e49\u0e27 \u0e01\u0e47\u0e43\u0e2b\u0e49\u0e21\u0e31\u0e19\u0e41\u0e25\u0e49\u0e27\u0e44\u0e1b \u0e40\u0e18\u0e2d\u0e08\u0e30\u0e21\u0e35\u0e43\u0e04\u0e23\u0e01\u0e47\u0e0a\u0e48\u0e32\u0e07\u0e40\u0e18\u0e2d \u0e2d\u0e22\u0e48\u0e32\u0e1e\u0e39\u0e14\u0e2d\u0e30\u0e44\u0e23 \u0e17\u0e35\u0e48\u0e44\u0e21\u0e48\u0e43\u0e0a\u0e48\u0e04\u0e27\u0e32\u0e21\u0e08\u0e23\u0e34\u0e07\u0e2d\u0e35\u0e01\u0e40\u0e25\u0e22", "style": ["pop"], "essentia_features": {"lowlevel.average_loudness": 0.9658257961273193, "lowlevel.barkbands_crest.mean": 12.753000259399414, "lowlevel.barkbands_crest.stdev": 3.937565803527832, "lowlevel.barkbands_flatness_db.mean": 0.18066853284835815, "lowlevel.barkbands_flatness_db.stdev": 0.0423659011721611, "lowlevel.barkbands_kurtosis.mean": 4.843997955322266, "lowlevel.barkbands_kurtosis.stdev": 8.85394287109375, "lowlevel.barkbands_skewness.mean": 1.675154447555542, "lowlevel.barkbands_skewness.stdev": 1.6284043788909912, "lowlevel.barkbands_spread.mean": 22.9036922454834, "lowlevel.barkbands_spread.stdev": 11.512773513793945, "lowlevel.dissonance.mean": 0.4773569107055664, "lowlevel.dissonance.stdev": 0.018273277208209038, "lowlevel.dynamic_complexity": 2.373316764831543, "lowlevel.erbbands_crest.mean": 10.858469009399414, "lowlevel.erbbands_crest.stdev": 4.325959205627441, "lowlevel.erbbands_flatness_db.mean": 0.18304362893104553, "lowlevel.erbbands_flatness_db.stdev": 0.04228658229112625, "lowlevel.erbbands_kurtosis.mean": 1.2958197593688965, "lowlevel.erbbands_kurtosis.stdev": 2.6228628158569336, "lowlevel.erbbands_skewness.mean": -0.6432138681411743, "lowlevel.erbbands_skewness.stdev": 0.7212344408035278, "lowlevel.erbbands_spread.mean": 35.69141387939453, "lowlevel.erbbands_spread.stdev": 16.907337188720703, "lowlevel.hfc.mean": 18.3926944732666, "lowlevel.hfc.stdev": 10.004183769226074, "lowlevel.loudness_ebu128.integrated": -13.556739807128906, "lowlevel.loudness_ebu128.loudness_range": 1.8001127243041992, "lowlevel.loudness_ebu128.momentary.mean": -13.833348274230957, "lowlevel.loudness_ebu128.momentary.stdev": 1.7513312101364136, "lowlevel.loudness_ebu128.short_term.mean": -13.59963321685791, "lowlevel.loudness_ebu128.short_term.stdev": 0.6724786162376404, "lowlevel.melbands_crest.mean": 20.82929039001465, "lowlevel.melbands_crest.stdev": 5.9185285568237305, "lowlevel.melbands_flatness_db.mean": 0.22685159742832184, "lowlevel.melbands_flatness_db.stdev": 0.06939052790403366, "lowlevel.melbands_kurtosis.mean": 19.547321319580078, "lowlevel.melbands_kurtosis.stdev": 27.57667350769043, "lowlevel.melbands_skewness.mean": 3.4195520877838135, "lowlevel.melbands_skewness.stdev": 2.34789776802063, "lowlevel.melbands_spread.mean": 25.36052703857422, "lowlevel.melbands_spread.stdev": 23.737646102905273, "lowlevel.pitch_salience.mean": 0.3974563181400299, "lowlevel.pitch_salience.stdev": 0.15211807191371918, "lowlevel.silence_rate_20dB.mean": 1.0, "lowlevel.silence_rate_20dB.stdev": 0.0, "lowlevel.silence_rate_30dB.mean": 0.8918918967247009, "lowlevel.silence_rate_30dB.stdev": 0.3105179965496063, "lowlevel.silence_rate_60dB.mean": 0.0810810774564743, "lowlevel.silence_rate_60dB.stdev": 0.2729600965976715, "lowlevel.spectral_centroid.mean": 1693.1068115234375, "lowlevel.spectral_centroid.stdev": 661.4943237304688, "lowlevel.spectral_complexity.mean": 17.536680221557617, "lowlevel.spectral_complexity.stdev": 7.545076847076416, "lowlevel.spectral_decrease.mean": -1.1309569281081622e-08, "lowlevel.spectral_decrease.stdev": 1.1540630673323449e-08, "lowlevel.spectral_energy.mean": 0.0443531796336174, "lowlevel.spectral_energy.stdev": 0.04410326108336449, "lowlevel.spectral_energyband_high.mean": 0.0006177504546940327, "lowlevel.spectral_energyband_high.stdev": 0.0007854726864024997, "lowlevel.spectral_energyband_low.mean": 0.034474339336156845, "lowlevel.spectral_energyband_low.stdev": 0.04012809693813324, "lowlevel.spectral_energyband_middle_high.mean": 0.005248578730970621, "lowlevel.spectral_energyband_middle_high.stdev": 0.002912938129156828, "lowlevel.spectral_energyband_middle_low.mean": 0.007086305879056454, "lowlevel.spectral_energyband_middle_low.stdev": 0.01746503822505474, "lowlevel.spectral_entropy.mean": 7.614509582519531, "lowlevel.spectral_entropy.stdev": 0.266023725271225, "lowlevel.spectral_flux.mean": 0.10149185359477997, "lowlevel.spectral_flux.stdev": 0.08865237981081009, "lowlevel.spectral_kurtosis.mean": 3.9194698333740234, "lowlevel.spectral_kurtosis.stdev": 2.3213603496551514, "lowlevel.spectral_rms.mean": 0.0058723450638353825, "lowlevel.spectral_rms.stdev": 0.0029642744921147823, "lowlevel.spectral_rolloff.mean": 1466.137451171875, "lowlevel.spectral_rolloff.stdev": 1482.92724609375, "lowlevel.spectral_skewness.mean": 1.2830064296722412, "lowlevel.spectral_skewness.stdev": 0.3450469970703125, "lowlevel.spectral_spread.mean": 3800846.0, "lowlevel.spectral_spread.stdev": 869376.125, "lowlevel.spectral_strongpeak.mean": 0.6617315411567688, "lowlevel.spectral_strongpeak.stdev": 0.7110603451728821, "lowlevel.zerocrossingrate.mean": 0.05641288682818413, "lowlevel.zerocrossingrate.stdev": 0.04235175624489784, "metadata.audio_properties.analysis.equal_loudness": 0.0, "metadata.audio_properties.analysis.length": 30.03628158569336, "metadata.audio_properties.analysis.sample_rate": 44100.0, "metadata.audio_properties.analysis.start_time": 0.0, "metadata.audio_properties.bit_rate": 120951.0, "metadata.audio_properties.length": 30.03733253479004, "metadata.audio_properties.lossless": 0.0, "metadata.audio_properties.number_channels": 1.0, "metadata.audio_properties.replay_gain": -12.396879196166992, "metadata.audio_properties.sample_rate": 48000.0, "rhythm.beats_count": 61.0, "rhythm.beats_loudness.mean": 0.09616895765066147, "rhythm.beats_loudness.stdev": 0.043410174548625946, "rhythm.bpm": 124.43888092041016, "rhythm.bpm_histogram_first_peak_bpm": 123.0, "rhythm.bpm_histogram_first_peak_weight": 0.5, "rhythm.bpm_histogram_second_peak_bpm": 129.0, "rhythm.bpm_histogram_second_peak_spread": 0.0, "rhythm.bpm_histogram_second_peak_weight": 0.06666667014360428, "rhythm.danceability": 1.428381085395813, "rhythm.onset_rate": 3.4266819953918457, "tonal.chords_changes_rate": 0.05864197388291359, "tonal.chords_number_rate": 0.015432098880410194, "tonal.chords_strength.mean": 0.4926432967185974, "tonal.chords_strength.stdev": 0.10553138703107834, "tonal.hpcp_crest.mean": 14.90306282043457, "tonal.hpcp_crest.stdev": 6.688838005065918, "tonal.hpcp_entropy.mean": 1.8329308032989502, "tonal.hpcp_entropy.stdev": 0.7009801864624023, "tonal.key_edma.strength": 0.8073075413703918, "tonal.key_krumhansl.strength": 0.7992188334465027, "tonal.key_temperley.strength": 0.7852348685264587, "tonal.tuning_diatonic_strength": 0.5529259443283081, "tonal.tuning_equal_tempered_deviation": 0.08316154032945633, "tonal.tuning_frequency": 438.47772216796875, "tonal.tuning_nontempered_energy_ratio": 0.688972532749176, "lowlevel.barkbands.mean": [0.0006901152082718909, 0.015714632347226143, 0.015023409388959408, 0.004206543322652578, 0.0007511992589570582, 0.000556016166228801, 0.00022954726591706276, 0.00025657768128439784, 0.00104051036760211, 0.0006785568548366427, 0.00017738714814186096, 0.0004487214901018888, 0.0010372272226959467, 0.0003166569222230464, 0.0004108549910597503, 0.00027167191728949547, 0.0012599278707057238, 0.0002891073818318546, 0.00018848296895157546, 0.00027248437982052565, 0.00011150713544338942, 0.0002547596232034266, 8.33901867736131e-05, 5.166036862647161e-05, 2.4712784579605795e-05, 7.325481419684365e-06, 2.2121652420992177e-07], "lowlevel.barkbands.stdev": [0.0015710551524534822, 0.029161788523197174, 0.014221776276826859, 0.014384926296770573, 0.001940141199156642, 0.002304546535015106, 0.0005954994703643024, 0.0004993148613721132, 0.0015283584361895919, 0.0010178840020671487, 0.00045729419798590243, 0.0007691505015827715, 0.0015510731609538198, 0.00044938328210264444, 0.0005142806912772357, 0.0003072278050240129, 0.0010243405122309923, 0.0005513139767572284, 0.00018358760280534625, 0.0002404355036560446, 0.00014287620433606207, 0.00037362182047218084, 0.0001302426535403356, 0.00010726782056735829, 4.27003760705702e-05, 1.5799909306224436e-05, 1.132709940065979e-06], "lowlevel.erbbands.mean": [0.4117349088191986, 3.8652656078338623, 15.846144676208496, 17.159730911254883, 5.050765514373779, 2.614114284515381, 4.501067161560059, 4.342097759246826, 3.9395806789398193, 3.8729937076568604, 8.741888999938965, 26.90688705444336, 11.628157615661621, 23.191415786743164, 14.326519012451172, 17.904499053955078, 50.03305435180664, 14.010863304138184, 23.06534767150879, 20.41744613647461, 21.7789306640625, 76.88626098632812, 22.944292068481445, 10.352381706237793, 10.726924896240234, 12.979744911193848, 5.067063808441162, 5.386352062225342, 10.059051513671875, 5.021990776062012, 2.0314459800720215, 1.2717477083206177, 0.7418070435523987, 0.3461010754108429, 0.14353519678115845, 0.05043085664510727, 0.009700369089841843, 0.0010793235851451755, 5.04790514241904e-05, 5.198638973524794e-05], "lowlevel.erbbands.stdev": [1.0002611875534058, 6.3014445304870605, 13.854485511779785, 41.13798904418945, 15.12098217010498, 6.79955530166626, 15.474072456359863, 18.58941078186035, 13.193107604980469, 6.72193717956543, 11.587693214416504, 40.65620803833008, 14.72292423248291, 35.59917449951172, 20.691421508789062, 21.016677856445312, 75.01744842529297, 21.946678161621094, 26.597000122070312, 34.55186462402344, 18.61819076538086, 65.15331268310547, 32.07344436645508, 10.47696590423584, 9.58144474029541, 11.030244827270508, 6.931941032409668, 6.528965473175049, 15.4114408493042, 7.563719272613525, 3.1145944595336914, 2.426527261734009, 1.6035445928573608, 0.6288426518440247, 0.24657361209392548, 0.09412994980812073, 0.026165049523115158, 0.003891738597303629, 9.831861825659871e-05, 4.834036371903494e-05], "lowlevel.gfcc.mean": [-19.7807559967041, 85.29662322998047, -143.6095733642578, 58.576358795166016, -38.893836975097656, 34.53042221069336, -23.816436767578125, 17.944435119628906, -15.679036140441895, -8.267539978027344, -20.7823429107666, -9.013168334960938, -10.821161270141602], "lowlevel.melbands.mean": [0.004098042380064726, 0.006977366283535957, 0.0025839642621576786, 0.00020037659851368517, 0.00015305884880945086, 9.849766502156854e-05, 5.794603566755541e-05, 4.861626439378597e-05, 0.0001007773244054988, 0.00015252121374942362, 5.6463944929419085e-05, 0.00010125010157935321, 3.7789795896969736e-05, 5.703632996301167e-05, 8.927620365284383e-05, 7.77534005464986e-05, 2.1631492927554063e-05, 3.9991507946979254e-05, 2.618120015540626e-05, 2.1766303689219058e-05, 2.3870612494647503e-05, 8.807123958831653e-05, 3.967148222727701e-05, 9.834721822699066e-06, 8.052872544794809e-06, 6.756858965673018e-06, 1.0847543308045715e-05, 7.627479590155417e-06, 3.2050693334895186e-06, 2.460822315697442e-06, 3.308585291961208e-06, 6.159235908853589e-06, 4.3943850869254675e-06, 2.1774130800622515e-06, 1.1904000984941376e-06, 8.702119203007896e-07, 7.50642584534944e-07, 5.71929604120669e-07, 3.4653896818781504e-07, 2.754896115675365e-07], "lowlevel.melbands.stdev": [0.008467779494822025, 0.006786790210753679, 0.0058699413202703, 0.000510716694407165, 0.0005024834536015987, 0.00042180551099590957, 0.00018427676695864648, 8.382975647691637e-05, 0.00013639972894452512, 0.0002249242679681629, 7.920627831481397e-05, 0.0001587962033227086, 6.891255179652944e-05, 0.00010253491200273857, 0.00013644469436258078, 0.00011907090083695948, 3.723733243532479e-05, 5.04829476994928e-05, 3.318520975881256e-05, 3.554030990926549e-05, 2.3371434508590028e-05, 7.695329986745492e-05, 5.178735955269076e-05, 1.5695293768658303e-05, 8.58439761941554e-06, 6.74886223350768e-06, 9.53068501985399e-06, 7.025648301350884e-06, 4.983529379387619e-06, 3.354249656695174e-06, 4.073348463862203e-06, 9.57405336521333e-06, 7.0809824137541e-06, 3.3882822663144907e-06, 1.8357608269070624e-06, 1.542737095405755e-06, 1.560675286782498e-06, 1.2831503681809409e-06, 7.50705510199623e-07, 4.762904097788123e-07], "lowlevel.melbands128.mean": [0.000587797723710537, 0.00284015666693449, 0.0057944804430007935, 0.006133086048066616, 0.008245674893260002, 0.006807020865380764, 0.003846788313239813, 0.001499028061516583, 0.0002768631966318935, 0.0001237599499290809, 0.00013099214993417263, 0.0001711291552055627, 0.00016949375276453793, 0.00011992244981229305, 9.134024730883539e-05, 0.00010135013872059062, 6.598016625503078e-05, 5.767198672401719e-05, 3.422158260946162e-05, 3.1908672099234536e-05, 6.643039523623884e-05, 7.3174451244995e-05, 2.3231716113514267e-05, 0.00022063434880692512, 0.00028667080914601684, 5.466685615829192e-05, 5.203809269005433e-05, 2.959979246952571e-05, 7.036972237983719e-05, 0.00018058922432828695, 7.193781493697315e-05, 3.07974150928203e-05, 3.168164403177798e-05, 2.4855093215592206e-05, 0.0001176517762360163, 3.784021100727841e-05, 1.701019937172532e-05, 2.741347998380661e-05, 0.00022720597917214036, 0.00011755178275052458, 3.290229142294265e-05, 2.5148980057565495e-05, 1.3917057003709488e-05, 1.6305833923979662e-05, 5.225884888204746e-05, 4.453927613212727e-05, 3.1504030630458146e-05, 1.4841319170955103e-05, 2.8672195185208693e-05, 4.006964809377678e-05, 1.2249751307535917e-05, 1.4606719560106285e-05, 2.2502848878502846e-05, 1.756214078341145e-05, 5.016075374442153e-05, 0.0001292880770051852, 8.766482642386109e-05, 4.490678111324087e-05, 2.8556896722875535e-05, 1.2494037036958616e-05, 7.869513865443878e-06, 8.257632543973159e-06, 7.752104465907905e-06, 8.461571269435808e-06, 7.661031304451171e-06, 6.543954441440292e-06, 6.075097189750522e-06, 7.15968008080381e-06, 1.2820863048546016e-05, 1.610950130270794e-05, 6.053502602298977e-06, 5.058443548477953e-06, 3.6703545447380748e-06, 2.8847455268987687e-06, 2.4959510938060703e-06, 2.6432603590365034e-06, 2.2167757833813084e-06, 2.523527655284852e-06, 3.1167153338174103e-06, 4.210966380924219e-06, 6.520853276015259e-06, 7.000538062129635e-06, 5.584219707088778e-06, 4.4561911636264995e-06, 2.976033329105121e-06, 2.60613091995765e-06, 1.7936823724085116e-06, 1.5379274600491044e-06, 1.179035507448134e-06, 9.147614719040575e-07, 9.068946837942349e-07, 9.143956845036882e-07, 7.147528435780259e-07, 7.288412007255829e-07, 8.123322459141491e-07, 6.494227591247181e-07, 5.085096859147598e-07, 4.773700084115262e-07, 3.376567292434629e-07, 2.769335196717293e-07, 3.096982368333556e-07, 2.7182758799426665e-07, 2.5226330535588204e-07, 1.9948487306464813e-07, 1.4748094656624744e-07, 1.1713137837432441e-07, 1.2853419661951193e-07, 1.0652670567878886e-07, 8.527995021267998e-08, 6.875202274159165e-08, 5.065598784881331e-08, 3.189690289673308e-08, 2.517097286158787e-08, 2.1147231521467802e-08, 1.3739989590533241e-08, 8.600680168058261e-09, 7.668183421571939e-09, 1.4971702766430894e-09, 4.374170817222911e-11, 7.157981672667457e-12, 8.01089489882445e-12, 6.064352145451757e-12, 5.243894728168552e-12, 5.149289848682681e-12, 5.04480224955417e-12, 4.929302192119289e-12, 4.858185902179013e-12, 4.827424050779516e-12], "lowlevel.melbands128.stdev": [0.0014730890979990363, 0.008154931478202343, 0.013088416308164597, 0.010118123143911362, 0.007525608409196138, 0.007651492487639189, 0.0101239625364542, 0.005137584172189236, 0.0008537424146197736, 0.0002901634434238076, 0.0003711179015226662, 0.0005361275980249047, 0.0005943391588516533, 0.0004979142104275525, 0.0004094159812666476, 0.0004909277195110917, 0.0002999658463522792, 0.00014918534725438803, 8.189080108422786e-05, 9.173158468911424e-05, 0.00014233666297513992, 0.00015787890879437327, 4.8123551096068695e-05, 0.0003756341175176203, 0.000482529925648123, 0.00014215745613910258, 0.0001866555685410276, 4.98439694638364e-05, 0.00013103919627610594, 0.0003274461778346449, 0.00012327535660006106, 0.00010694804223021492, 0.00010757338895928115, 3.885126716340892e-05, 0.00024921356816776097, 6.937197758816183e-05, 3.7910522223683074e-05, 4.655993325286545e-05, 0.00039627819205634296, 0.00020841251534875482, 0.00010276513785356656, 0.00012820796109735966, 2.7250571292825043e-05, 2.571924778749235e-05, 9.73196656559594e-05, 7.976315100677311e-05, 5.168114512343891e-05, 2.0586716345860623e-05, 4.592755067278631e-05, 0.00011249352974118665, 2.394365037616808e-05, 2.180982119170949e-05, 3.721169559867121e-05, 2.154354842787143e-05, 6.801669951528311e-05, 0.0001396267907693982, 0.0001055769607773982, 8.166257612174377e-05, 7.465441740350798e-05, 3.015860784216784e-05, 1.633136889722664e-05, 1.655129926803056e-05, 9.715316991787404e-06, 1.0750046385510359e-05, 9.496835446043406e-06, 7.650156476302072e-06, 7.5917746471532155e-06, 9.271133421862032e-06, 1.3836602192895953e-05, 1.4785085113544483e-05, 6.965224201849196e-06, 8.086558409559075e-06, 7.0672099354851525e-06, 4.954810265189735e-06, 3.932789240934653e-06, 3.928025307686767e-06, 3.434073505559354e-06, 3.6655055737355724e-06, 3.957622084271861e-06, 6.164212209114339e-06, 1.0234237379336264e-05, 1.4045670468476601e-05, 1.0488451152923517e-05, 7.739072316326201e-06, 4.759902822115691e-06, 4.763746801472735e-06, 2.9534446639445378e-06, 2.545265715525602e-06, 1.956829692062456e-06, 1.497194830335502e-06, 1.67623250035831e-06, 1.8904829630628228e-06, 1.4102946579441777e-06, 1.5470270682271803e-06, 2.044853999905172e-06, 1.5655123206670396e-06, 1.1417782843636815e-06, 1.1577224086067872e-06, 8.58195164710196e-07, 5.797852509203949e-07, 5.159521379027865e-07, 5.035843173573085e-07, 4.980682888344745e-07, 4.430065985161491e-07, 3.2498019209015183e-07, 1.9525735694969626e-07, 2.3583605468502356e-07, 2.0088847918486863e-07, 1.8549742719642381e-07, 1.7010405883866042e-07, 1.156545224034744e-07, 8.920624594566107e-08, 1.0273651440684262e-07, 7.9591849555527e-08, 5.295363436630396e-08, 3.660051106635365e-08, 3.921105218296361e-08, 9.0004137476285e-09, 1.0744323208911055e-09, 5.6276403676003284e-11, 9.169640047268501e-11, 2.6539491090882272e-11, 8.415820124119122e-12, 8.268216840356946e-12, 8.144799071296838e-12, 8.045096706876809e-12, 7.975627103196103e-12, 7.932248607955827e-12], "lowlevel.mfcc.mean": [-649.5748291015625, 99.960205078125, -23.24628448486328, 30.376079559326172, 14.66933536529541, 20.676265716552734, 9.53583812713623, 22.93315315246582, 14.468968391418457, 6.089821815490723, 4.675641059875488, 2.129657745361328, -0.6257944107055664], "lowlevel.spectral_contrast_coeffs.mean": [-0.6426273584365845, -0.7594536542892456, -0.7785550951957703, -0.7868617177009583, -0.7598695755004883, -0.7258959412574768], "lowlevel.spectral_contrast_coeffs.stdev": [0.07242570072412491, 0.0795825868844986, 0.06137463450431824, 0.044253550469875336, 0.03905512019991875, 0.03738836199045181], "lowlevel.spectral_contrast_valleys.mean": [-7.36142110824585, -7.547605514526367, -7.535577774047852, -7.405609130859375, -7.398083686828613, -10.487691879272461], "lowlevel.spectral_contrast_valleys.stdev": [1.4341219663619995, 0.9587540030479431, 0.8008134961128235, 0.661451518535614, 0.676572322845459, 0.8851355910301208], "rhythm.beats_loudness_band_ratio.mean": [0.8764890432357788, 0.014823047444224358, 0.019761327654123306, 0.025936521589756012, 0.04555923491716385, 0.02115434966981411], "rhythm.beats_loudness_band_ratio.stdev": [0.13497555255889893, 0.020427320152521133, 0.03667810559272766, 0.027295615524053574, 0.08939875662326813, 0.021081890910863876], "tonal.hpcp.mean": [0.6371331214904785, 0.36818727850914, 0.04069310799241066, 0.03244616091251373, 0.027382994070649147, 0.04164353013038635, 0.06690584868192673, 0.046383440494537354, 0.026693105697631836, 0.03373672813177109, 0.031731024384498596, 0.06279099732637405, 0.1555662602186203, 0.17486733198165894, 0.13286851346492767, 0.24489232897758484, 0.24155786633491516, 0.10715930908918381, 0.10987094789743423, 0.09916085004806519, 0.08971381187438965, 0.12980741262435913, 0.10044316947460175, 0.05260845646262169, 0.053693342953920364, 0.04493256285786629, 0.04303407296538353, 0.057199303060770035, 0.05756489932537079, 0.04196983948349953, 0.02910323441028595, 0.030711451545357704, 0.04690392687916756, 0.06456732749938965, 0.0690159946680069, 0.32681041955947876], "tonal.hpcp.stdev": [0.43430808186531067, 0.2894136905670166, 0.12764905393123627, 0.1256410777568817, 0.12205754965543747, 0.1304456889629364, 0.19228419661521912, 0.14194679260253906, 0.11202968657016754, 0.1264229118824005, 0.09822600334882736, 0.13587148487567902, 0.25843545794487, 0.2975687086582184, 0.23782949149608612, 0.30726635456085205, 0.2938046455383301, 0.18228690326213837, 0.21714065968990326, 0.19718000292778015, 0.1399681121110916, 0.17440274357795715, 0.1443319171667099, 0.14416536688804626, 0.15185227990150452, 0.13838952779769897, 0.1417548507452011, 0.17607444524765015, 0.17359115183353424, 0.13738146424293518, 0.09509603679180145, 0.11215628683567047, 0.14159689843654633, 0.17039646208286285, 0.16913063824176788, 0.2602676451206207], "rhythm.beats_position": [0.5108389854431152, 1.0332880020141602, 1.5557368993759155, 2.043355941772461, 2.530975103378296, 3.0185940265655518, 3.5062131881713867, 3.9938321113586426, 4.469841003417969, 4.945850372314453, 5.421859264373779, 5.8978681564331055, 6.3854875564575195, 6.861496448516846, 7.337505340576172, 7.825124740600586, 8.312743186950684, 8.788752555847168, 9.264761924743652, 9.75238037109375, 10.228389739990234, 10.704399108886719, 11.192017555236816, 11.6680269241333, 12.144036293029785, 12.631654739379883, 13.096054077148438, 13.583673477172852, 14.07129192352295, 14.547301292419434, 15.023310661315918, 15.510929107666016, 15.9869384765625, 16.462947845458984, 16.9505672454834, 17.42657470703125, 17.902584075927734, 18.37859344482422, 18.854602813720703, 19.342222213745117, 19.82984161376953, 20.305849075317383, 20.781858444213867, 21.25786781311035, 21.733877182006836, 22.22149658203125, 22.697505950927734, 23.173513412475586, 23.6611328125, 24.148752212524414, 24.61315155029297, 25.077550888061523, 25.565170288085938, 26.05278778076172, 26.540407180786133, 27.028026580810547, 27.51564598083496, 27.980045318603516, 28.46766471862793, 28.95528221130371, 29.454511642456055], "rhythm.bpm_histogram": [0.0, 0.0, 0.0, 0.0, 0.0, 0.0, 0.0, 0.0, 0.0, 0.0, 0.0, 0.0, 0.0, 0.0, 0.0, 0.0, 0.0, 0.0, 0.0, 0.0, 0.0, 0.0, 0.0, 0.0, 0.0, 0.0, 0.0, 0.0, 0.0, 0.0, 0.0, 0.0, 0.0, 0.0, 0.0, 0.0, 0.0, 0.0, 0.0, 0.0, 0.0, 0.0, 0.0, 0.0, 0.0, 0.0, 0.0, 0.0, 0.0, 0.0, 0.0, 0.0, 0.0, 0.0, 0.0, 0.0, 0.0, 0.0, 0.0, 0.0, 0.0, 0.0, 0.0, 0.0, 0.0, 0.0, 0.0, 0.0, 0.0, 0.0, 0.0, 0.0, 0.0, 0.0, 0.0, 0.0, 0.0, 0.0, 0.0, 0.0, 0.0, 0.0, 0.0, 0.0, 0.0, 0.0, 0.0, 0.0, 0.0, 0.0, 0.0, 0.0, 0.0, 0.0, 0.0, 0.0, 0.0, 0.0, 0.0, 0.0, 0.0, 0.0, 0.0, 0.0, 0.0, 0.0, 0.0, 0.0, 0.0, 0.0, 0.0, 0.0, 0.0, 0.0, 0.0, 0.03333333507180214, 0.0, 0.0, 0.0, 0.0, 0.01666666753590107, 0.0, 0.0, 0.44999998807907104, 0.0, 0.0, 0.4333333373069763, 0.0, 0.0, 0.06666667014360428, 0.0, 0.0, 0.0, 0.0, 0.0, 0.0, 0.0, 0.0, 0.0, 0.0, 0.0, 0.0, 0.0, 0.0, 0.0, 0.0, 0.0, 0.0, 0.0, 0.0, 0.0, 0.0, 0.0, 0.0, 0.0, 0.0, 0.0, 0.0, 0.0, 0.0, 0.0, 0.0, 0.0, 0.0, 0.0, 0.0, 0.0, 0.0, 0.0, 0.0, 0.0, 0.0, 0.0, 0.0, 0.0, 0.0, 0.0, 0.0, 0.0, 0.0, 0.0, 0.0, 0.0, 0.0, 0.0, 0.0, 0.0, 0.0, 0.0, 0.0, 0.0, 0.0, 0.0, 0.0, 0.0, 0.0, 0.0, 0.0, 0.0, 0.0, 0.0, 0.0, 0.0, 0.0, 0.0, 0.0, 0.0, 0.0, 0.0, 0.0, 0.0, 0.0, 0.0, 0.0, 0.0, 0.0, 0.0, 0.0, 0.0, 0.0, 0.0, 0.0, 0.0, 0.0, 0.0, 0.0, 0.0, 0.0, 0.0, 0.0, 0.0, 0.0, 0.0, 0.0, 0.0, 0.0, 0.0, 0.0, 0.0, 0.0, 0.0, 0.0, 0.0, 0.0, 0.0, 0.0, 0.0, 0.0, 0.0, 0.0], "tonal.chords_histogram": [4.320987701416016, 4.475308418273926, 63.11728286743164, 1.080246925354004, 0.0, 1.080246925354004, 3.7037036418914795, 2.4691357612609863, 0.0, 0.0, 6.172839641571045, 0.0, 10.95678997039795, 0.0, 0.0, 0.0, 0.0, 2.6234567165374756, 0.0, 0.0, 0.0, 0.0, 0.0, 0.0], "tonal.thpcp": [1.0, 0.5778812170028687, 0.06386908143758774, 0.05092524737119675, 0.042978450655937195, 0.06536079943180084, 0.10501078516244888, 0.07280023396015167, 0.04189565032720566, 0.05295082926750183, 0.04980281740427017, 0.0985523983836174, 0.24416601657867432, 0.2744596600532532, 0.20854121446609497, 0.3843660354614258, 0.379132479429245, 0.16818982362747192, 0.17244583368301392, 0.1556359976530075, 0.1408085823059082, 0.20373672246932983, 0.15764863789081573, 0.08257059007883072, 0.08427335321903229, 0.07052303850650787, 0.06754329800605774, 0.08977606147527695, 0.09034987539052963, 0.06587295234203339, 0.04567842185497284, 0.04820256680250168, 0.07361715286970139, 0.1013404056429863, 0.10832272469997406, 0.5129389762878418], "lowlevel.gfcc.cov": [[6421.697265625, 1455.223388671875, 1623.909912109375, 318.59716796875, 519.3175659179688, 596.6216430664062, 666.417724609375, 349.8026428222656, 108.69071197509766, 384.6038513183594, -92.52227783203125, -93.80240631103516, -213.0662841796875], [1455.223388671875, 1727.6849365234375, 466.6543273925781, -27.3931941986084, 622.9514770507812, 187.98605346679688, 526.51708984375, 155.7371063232422, 205.7701416015625, 54.870025634765625, 119.81404876708984, -210.26820373535156, 24.76858901977539], [1623.909912109375, 466.6543273925781, 797.1276245117188, 204.5965576171875, 250.2726593017578, 116.08065795898438, 161.0587615966797, 100.68220520019531, -5.424107074737549, 144.22914123535156, -16.540590286254883, 10.547279357910156, -86.79622650146484], [318.59716796875, -27.3931941986084, 204.5965576171875, 517.8002319335938, 8.739042282104492, -38.54512023925781, -110.97390747070312, -81.1187744140625, 1.7772566080093384, -119.84237670898438, 21.857860565185547, 7.461909770965576, 60.46592330932617], [519.3175659179688, 622.9514770507812, 250.2726593017578, 8.739042282104492, 529.099365234375, 241.60569763183594, 380.4864807128906, 202.04989624023438, 105.2568130493164, 93.99417877197266, 29.32132339477539, -89.4876708984375, -14.02039909362793], [596.6216430664062, 187.98605346679688, 116.08065795898438, -38.54512023925781, 241.60569763183594, 330.6602478027344, 291.28759765625, 159.87664794921875, 57.86471939086914, 102.90769958496094, -20.052169799804688, -69.81659698486328, -35.973045349121094], [666.417724609375, 526.51708984375, 161.0587615966797, -110.97390747070312, 380.4864807128906, 291.28759765625, 449.14288330078125, 214.72543334960938, 113.4752426147461, 124.38765716552734, 7.684469223022461, -105.02571105957031, -41.48414993286133], [349.8026428222656, 155.7371063232422, 100.68220520019531, -81.1187744140625, 202.04989624023438, 159.87664794921875, 214.72543334960938, 207.82720947265625, 78.76824188232422, 93.53963470458984, -22.86427879333496, -37.48289489746094, -30.698108673095703], [108.69071197509766, 205.7701416015625, -5.424107074737549, 1.7772566080093384, 105.2568130493164, 57.86471939086914, 113.4752426147461, 78.76824188232422, 127.36190032958984, 16.736282348632812, 22.928363800048828, -31.353002548217773, 13.321916580200195], [384.6038513183594, 54.870025634765625, 144.22914123535156, -119.84237670898438, 93.99417877197266, 102.90769958496094, 124.38765716552734, 93.53963470458984, 16.736282348632812, 161.83424377441406, -8.187511444091797, 1.859799861907959, -62.5162353515625], [-92.52227783203125, 119.81404876708984, -16.540590286254883, 21.857860565185547, 29.32132339477539, -20.052169799804688, 7.684469223022461, -22.86427879333496, 22.928363800048828, -8.187511444091797, 86.73440551757812, 10.431509971618652, 39.91584777832031], [-93.80240631103516, -210.26820373535156, 10.547279357910156, 7.461909770965576, -89.4876708984375, -69.81659698486328, -105.02571105957031, -37.48289489746094, -31.353002548217773, 1.859799861907959, 10.431509971618652, 120.47698211669922, 18.54828643798828], [-213.0662841796875, 24.76858901977539, -86.79622650146484, 60.46592330932617, -14.02039909362793, -35.973045349121094, -41.48414993286133, -30.698108673095703, 13.321916580200195, -62.5162353515625, 39.91584777832031, 18.54828643798828, 115.83597564697266]], "lowlevel.gfcc.icov": [[0.0005526681779883802, -0.0006833152147009969, -0.0005845876294188201, -0.0005205256165936589, 0.0011639632284641266, -0.0008506028680130839, -0.00021625266526825726, -0.00045015866635367274, 0.00027365455753169954, -0.0005641777534037828, 0.0007267369655892253, -0.0006486377096734941, 0.0001938177301781252], [-0.0006833152147009969, 0.004113656934350729, -0.002211738610640168, 0.0030540910083800554, -0.0033304316457360983, 0.002481789793819189, -0.0018490938236936927, 0.003561255754902959, -0.003662931965664029, 0.00354197109118104, -0.0031012569088488817, 0.004694683942943811, -0.0020890028681606054], [-0.0005845876294188201, -0.002211738610640168, 0.006148276384919882, -0.0037878474686294794, -0.00042065413435921073, 0.000693093694280833, 0.0010852445848286152, -0.002442417899146676, 0.004090155940502882, -0.0050084516406059265, 0.0017753717256709933, -0.0037722187116742134, 0.002706334227696061], [-0.0005205256165936589, 0.0030540910083800554, -0.0037878474686294794, 0.006739458069205284, -0.0032156005036085844, -0.00019399459415581077, 0.001354273990727961, 0.0037224795669317245, -0.004651900380849838, 0.006706069689244032, -0.0027691475115716457, 0.003983573988080025, -0.0024740512017160654], [0.0011639632284641266, -0.0033304316457360983, -0.00042065413435921073, -0.0032156005036085844, 0.009787009097635746, -0.002258546417579055, -0.003701998619362712, -0.005029420368373394, 0.0031337288673967123, -0.0021035342942923307, 0.0007104437681846321, -0.002831154502928257, 0.0007538269856013358], [-0.0008506028680130839, 0.002481789793819189, 0.000693093694280833, -0.00019399459415581077, -0.002258546417579055, 0.01071496494114399, -0.006352380383759737, 0.000412970082834363, 0.00024762708926573396, -0.0011752950958907604, 1.4211845154932234e-05, 0.0030937017872929573, -0.0017490488244220614], [-0.00021625266526825726, -0.0018490938236936927, 0.0010852445848286152, 0.001354273990727961, -0.003701998619362712, -0.006352380383759737, 0.014771765097975731, -0.0036409767344594, -0.0013017929159104824, -0.0011694392887875438, -0.0009785691509023309, 0.0012467800406739116, 0.001664459123276174], [-0.00045015866635367274, 0.003561255754902959, -0.002442417899146676, 0.0037224795669317245, -0.005029420368373394, 0.000412970082834363, -0.0036409767344594, 0.017653604969382286, -0.008891836740076542, -7.351843669312075e-05, 0.0034202062524855137, 0.0025338251143693924, -0.003070067847147584], [0.00027365455753169954, -0.003662931965664029, 0.004090155940502882, -0.004651900380849838, 0.0031337288673967123, 0.00024762708926573396, -0.0013017929159104824, -0.008891836740076542, 0.017493346706032753, -0.0036533258389681578, -0.001123774447478354, -0.003177826991304755, 0.0013257022947072983], [-0.0005641777534037828, 0.00354197109118104, -0.0050084516406059265, 0.006706069689244032, -0.0021035342942923307, -0.0011752950958907604, -0.0011694392887875438, -7.351843669312075e-05, -0.0036533258389681578, 0.019860856235027313, -0.006312795914709568, 0.0013073791051283479, 0.0029985893052071333], [0.0007267369655892253, -0.0031012569088488817, 0.0017753717256709933, -0.0027691475115716457, 0.0007104437681846321, 1.4211845154932234e-05, -0.0009785691509023309, 0.0034202062524855137, -0.001123774447478354, -0.006312795914709568, 0.020612889900803566, -0.005434032063931227, -0.004088610410690308], [-0.0006486377096734941, 0.004694683942943811, -0.0037722187116742134, 0.003983573988080025, -0.002831154502928257, 0.0030937017872929573, 0.0012467800406739116, 0.0025338251143693924, -0.003177826991304755, 0.0013073791051283479, -0.005434032063931227, 0.018079645931720734, -0.005318230949342251], [0.0001938177301781252, -0.0020890028681606054, 0.002706334227696061, -0.0024740512017160654, 0.0007538269856013358, -0.0017490488244220614, 0.001664459123276174, -0.003070067847147584, 0.0013257022947072983, 0.0029985893052071333, -0.004088610410690308, -0.005318230949342251, 0.015812279656529427]], "lowlevel.mfcc.cov": [[5463.9541015625, 1144.020751953125, 1061.3555908203125, 370.9061279296875, 180.90072631835938, 473.48583984375, 479.0887756347656, 173.656005859375, 393.1900939941406, 283.4326171875, 295.2493896484375, 196.4868927001953, 153.5277099609375], [1144.020751953125, 1827.49365234375, 50.62403869628906, 38.71495056152344, 176.54461669921875, 222.58384704589844, 475.67425537109375, 141.22161865234375, 351.2325744628906, 311.57037353515625, 241.78799438476562, 203.75335693359375, 173.56228637695312], [1061.3555908203125, 50.62403869628906, 526.0857543945312, 247.9951171875, 81.24384307861328, 64.7848129272461, 2.4717071056365967, -24.17551040649414, -31.183841705322266, -32.45612716674805, -0.7883671522140503, 10.361727714538574, 0.5737524628639221], [370.9061279296875, 38.71495056152344, 247.9951171875, 390.6252746582031, 147.0506591796875, 25.762922286987305, -37.76315689086914, 23.972442626953125, -53.680545806884766, -39.6879997253418, -60.20200729370117, -22.633878707885742, -14.568460464477539], [180.90072631835938, 176.54461669921875, 81.24384307861328, 147.0506591796875, 182.02737426757812, 69.5853271484375, 89.65032958984375, 57.73135757446289, 62.880863189697266, 47.70583724975586, 10.581048965454102, 25.53535270690918, 26.787988662719727], [473.48583984375, 222.58384704589844, 64.7848129272461, 25.762922286987305, 69.5853271484375, 196.51976013183594, 186.67922973632812, 70.37300109863281, 116.55978393554688, 97.08698272705078, 82.26425170898438, 37.11684799194336, 39.242042541503906], [479.0887756347656, 475.67425537109375, 2.4717071056365967, -37.76315689086914, 89.65032958984375, 186.67922973632812, 365.7060241699219, 99.86677551269531, 223.86053466796875, 177.18243408203125, 138.10006713867188, 99.62267303466797, 89.66193389892578], [173.656005859375, 141.22161865234375, -24.17551040649414, 23.972442626953125, 57.73135757446289, 70.37300109863281, 99.86677551269531, 141.45155334472656, 103.89481353759766, 80.45694732666016, 47.903377532958984, 19.740707397460938, 27.22050666809082], [393.1900939941406, 351.2325744628906, -31.183841705322266, -53.680545806884766, 62.880863189697266, 116.55978393554688, 223.86053466796875, 103.89481353759766, 253.45916748046875, 179.83364868164062, 112.3414306640625, 73.57567596435547, 76.68094635009766], [283.4326171875, 311.57037353515625, -32.45612716674805, -39.6879997253418, 47.70583724975586, 97.08698272705078, 177.18243408203125, 80.45694732666016, 179.83364868164062, 191.26016235351562, 116.64596557617188, 62.30760192871094, 60.17805862426758], [295.2493896484375, 241.78799438476562, -0.7883671522140503, -60.20200729370117, 10.581048965454102, 82.26425170898438, 138.10006713867188, 47.903377532958984, 112.3414306640625, 116.64596557617188, 147.67660522460938, 76.13666534423828, 50.67115020751953], [196.4868927001953, 203.75335693359375, 10.361727714538574, -22.633878707885742, 25.53535270690918, 37.11684799194336, 99.62267303466797, 19.740707397460938, 73.57567596435547, 62.30760192871094, 76.13666534423828, 100.28148651123047, 58.60971450805664], [153.5277099609375, 173.56228637695312, 0.5737524628639221, -14.568460464477539, 26.787988662719727, 39.242042541503906, 89.66193389892578, 27.22050666809082, 76.68094635009766, 60.17805862426758, 50.67115020751953, 58.60971450805664, 90.28500366210938]], "lowlevel.mfcc.icov": [[0.00048221444012597203, -0.00016581347153987736, -0.0009861537255346775, -5.153282472747378e-05, 0.0005641112802550197, -0.0005701451445929706, 0.00018487693159841, -0.00024525317712686956, -0.0006020781584084034, 0.00012614065781235695, -0.00010707549517974257, -0.00018470145005267113, 7.476820610463619e-05], [-0.00016581347153987736, 0.0010212742490693927, 0.00037036911817267537, -0.0003075054264627397, -0.000349085166817531, 0.0004915989702567458, -0.0008509910549037158, 0.00028437856235541403, 6.320336979115382e-05, -0.0005590732907876372, -0.0002619482693262398, -0.0004840301990043372, -0.0003038161958102137], [-0.0009861537255346775, 0.00037036911817267537, 0.005246133077889681, -0.0022575175389647484, -0.0007949845748953521, -0.00014717587328050286, -9.99771073111333e-05, 0.0020307309459894896, 0.0005002417019568384, 0.0010403547203168273, -0.0011026073480024934, -1.0970485163852572e-05, -0.00013814882549922913], [-5.153282472747378e-05, -0.0003075054264627397, -0.0022575175389647484, 0.006576807238161564, -0.004475623369216919, -0.0002784489479381591, 0.0010508548002690077, -0.0018477757694199681, 0.0023879767395555973, -0.0011073157656937838, 0.002340705133974552, 0.00015906282351352274, 9.777841114555486e-06], [0.0005641112802550197, -0.000349085166817531, -0.0007949845748953521, -0.004475623369216919, 0.012080252170562744, -0.0019224373390898108, -0.001134840422309935, -0.0017243040492758155, -0.0017848055576905608, -0.0007218244718387723, 0.0026409118436276913, -0.0024785762652754784, 1.6689464246155694e-05], [-0.0005701451445929706, 0.0004915989702567458, -0.00014717587328050286, -0.0002784489479381591, -0.0019224373390898108, 0.013127919286489487, -0.006090760231018066, -0.0011754240840673447, 0.0008764818776398897, 6.702792234136723e-06, -0.0036650553811341524, 0.004229470156133175, -0.0001895503228297457], [0.00018487693159841, -0.0008509910549037158, -9.99771073111333e-05, 0.0010508548002690077, -0.001134840422309935, -0.006090760231018066, 0.010593552142381668, 2.856996979971882e-05, -0.003956560045480728, -0.00021782626572530717, -0.00010532565647736192, -0.002899268176406622, -0.0006064766785129905], [-0.00024525317712686956, 0.00028437856235541403, 0.0020307309459894896, -0.0018477757694199681, -0.0017243040492758155, -0.0011754240840673447, 2.856996979971882e-05, 0.01234620250761509, -0.00391525449231267, -0.0001226038730237633, -0.0020095338113605976, 0.0022032740525901318, -6.432805093936622e-05], [-0.0006020781584084034, 6.320336979115382e-05, 0.0005002417019568384, 0.0023879767395555973, -0.0017848055576905608, 0.0008764818776398897, -0.003956560045480728, -0.00391525449231267, 0.017947297543287277, -0.010924997739493847, 0.002918461337685585, -0.0007079909555613995, -0.0025967182591557503], [0.00012614065781235695, -0.0005590732907876372, 0.0010403547203168273, -0.0011073157656937838, -0.0007218244718387723, 6.702792234136723e-06, -0.00021782626572530717, -0.0001226038730237633, -0.010924997739493847, 0.021728094667196274, -0.009819963946938515, 0.0033489863853901625, -0.0007269125781022012], [-0.00010707549517974257, -0.0002619482693262398, -0.0011026073480024934, 0.002340705133974552, 0.0026409118436276913, -0.0036650553811341524, -0.00010532565647736192, -0.0020095338113605976, 0.002918461337685585, -0.009819963946938515, 0.021479977294802666, -0.010674268938601017, 0.00153089570812881], [-0.00018470145005267113, -0.0004840301990043372, -1.0970485163852572e-05, 0.00015906282351352274, -0.0024785762652754784, 0.004229470156133175, -0.002899268176406622, 0.0022032740525901318, -0.0007079909555613995, 0.0033489863853901625, -0.010674268938601017, 0.024925826117396355, -0.009438683278858662], [7.476820610463619e-05, -0.0003038161958102137, -0.00013814882549922913, 9.777841114555486e-06, 1.6689464246155694e-05, -0.0001895503228297457, -0.0006064766785129905, -6.432805093936622e-05, -0.0025967182591557503, -0.0007269125781022012, 0.00153089570812881, -0.009438