{"song_id": "1183719357625421884", "download": "https://cdn.discordapp.com/attachments/1135911532732108921/1183719357625421884/chirp.mp4?ex=65895b8f&amp", "lyrics": "(Verse) \n\u0e09\u0e31\u0e19\u0e40\u0e1b\u0e47\u0e19\u0e41\u0e1a\u0e1a\u0e19\u0e35\u0e49 \u0e08\u0e30\u0e43\u0e2b\u0e49\u0e09\u0e31\u0e19\u0e40\u0e1b\u0e47\u0e19\u0e41\u0e1a\u0e1a\u0e44\u0e2b\u0e19\n\u0e40\u0e1b\u0e25\u0e35\u0e48\u0e22\u0e19\u0e15\u0e31\u0e27\u0e40\u0e2d\u0e07\u0e40\u0e1e\u0e37\u0e48\u0e2d\u0e40\u0e18\u0e2d\u0e2d\u0e35\u0e01\u0e40\u0e17\u0e48\u0e32\u0e44\u0e2b\u0e23\u0e48 \u0e08\u0e30\u0e22\u0e31\u0e07\u0e44\u0e07\u0e01\u0e47\u0e40\u0e1b\u0e47\u0e19\u0e09\u0e31\u0e19\u0e17\u0e35\u0e48\u0e44\u0e21\u0e48\u0e14\u0e35\n\u0e40\u0e18\u0e2d\u0e08\u0e30\u0e17\u0e34\u0e49\u0e07\u0e01\u0e47\u0e22\u0e2d\u0e21\u0e43\u0e2b\u0e49\u0e40\u0e18\u0e2d\u0e17\u0e34\u0e49\u0e07 \u0e17\u0e35\u0e48\u0e08\u0e23\u0e34\u0e07\u0e22\u0e31\u0e07\u0e44\u0e21\u0e48\u0e2d\u0e22\u0e32\u0e01\u0e43\u0e2b\u0e49\u0e40\u0e18\u0e2d\u0e44\u0e1b \u0e15\u0e48\u0e2d\u0e43\u0e2b\u0e49\u0e44\u0e21\u0e48\u0e40\u0e04\u0e22\u0e17\u0e33\u0e40\u0e25\u0e27\u0e01\u0e31\u0e1a\u0e43\u0e04\u0e23\n\u0e2a\u0e34\u0e48\u0e07\u0e17\u0e35\u0e48\u0e40\u0e18\u0e2d\u0e44\u0e14\u0e49\u0e1e\u0e39\u0e14\u0e44\u0e1b\u0e09\u0e31\u0e19\u0e44\u0e21\u0e48\u0e14\u0e35\n\n(Chorus) \n\u0e21\u0e31\u0e19\u0e1c\u0e34\u0e14\u0e40\u0e2d\u0e07\u0e17\u0e35\u0e48\u0e09\u0e31\u0e19\u0e23\u0e31\u0e01\u0e40\u0e18\u0e2d\u0e21\u0e32\u0e01\u0e44\u0e1b \u0e44\u0e21\u0e48\u0e40\u0e04\u0e22\u0e41\u0e01\u0e49\u0e15\u0e31\u0e27\u0e2d\u0e30\u0e44\u0e23\u0e40\u0e25\u0e22\u0e2a\u0e31\u0e01\u0e17\u0e35 \u0e16\u0e36\u0e07\u0e15\u0e49\u0e2d\u0e07\u0e40\u0e08\u0e47\u0e1a\u0e41\u0e1a\u0e1a\u0e19\u0e35\u0e49 \u0e16\u0e39\u0e01\u0e43\u0e04\u0e23\u0e21\u0e2d\u0e07\u0e44\u0e21\u0e48\u0e21\u0e35\u0e44\u0e21\u0e48\u0e27\u0e48\u0e32\u0e40\u0e23\u0e37\u0e48\u0e2d\u0e07\u0e2d\u0e30\u0e44\u0e23 \u0e40\u0e23\u0e37\u0e48\u0e2d\u0e07\u0e23\u0e32\u0e27\u0e17\u0e35\u0e48\u0e08\u0e1a\u0e41\u0e25\u0e49\u0e27 \u0e01\u0e47\u0e43\u0e2b\u0e49\u0e21\u0e31\u0e19\u0e41\u0e25\u0e49\u0e27\u0e44\u0e1b \u0e40\u0e18\u0e2d\u0e08\u0e30\u0e21\u0e35\u0e43\u0e04\u0e23\u0e01\u0e47\u0e0a\u0e48\u0e32\u0e07\u0e40\u0e18\u0e2d \u0e2d\u0e22\u0e48\u0e32\u0e1e\u0e39\u0e14\u0e2d\u0e30\u0e44\u0e23 \u0e17\u0e35\u0e48\u0e44\u0e21\u0e48\u0e43\u0e0a\u0e48\u0e04\u0e27\u0e32\u0e21\u0e08\u0e23\u0e34\u0e07\u0e2d\u0e35\u0e01\u0e40\u0e25\u0e22", "style": ["pop"], "essentia_features": {"lowlevel.average_loudness": 0.9567878246307373, "lowlevel.barkbands_crest.mean": 15.284127235412598, "lowlevel.barkbands_crest.stdev": 5.097306728363037, "lowlevel.barkbands_flatness_db.mean": 0.23682545125484467, "lowlevel.barkbands_flatness_db.stdev": 0.07364097237586975, "lowlevel.barkbands_kurtosis.mean": 26.73305320739746, "lowlevel.barkbands_kurtosis.stdev": 40.324684143066406, "lowlevel.barkbands_skewness.mean": 4.030272483825684, "lowlevel.barkbands_skewness.stdev": 2.7144925594329834, "lowlevel.barkbands_spread.mean": 17.705110549926758, "lowlevel.barkbands_spread.stdev": 16.62910270690918, "lowlevel.dissonance.mean": 0.4860636293888092, "lowlevel.dissonance.stdev": 0.013611754402518272, "lowlevel.dynamic_complexity": 2.975019693374634, "lowlevel.erbbands_crest.mean": 10.022114753723145, "lowlevel.erbbands_crest.stdev": 3.720189332962036, "lowlevel.erbbands_flatness_db.mean": 0.170487642288208, "lowlevel.erbbands_flatness_db.stdev": 0.03335043042898178, "lowlevel.erbbands_kurtosis.mean": 0.050237372517585754, "lowlevel.erbbands_kurtosis.stdev": 2.1069412231445312, "lowlevel.erbbands_skewness.mean": -0.42880740761756897, "lowlevel.erbbands_skewness.stdev": 0.927084743976593, "lowlevel.erbbands_spread.mean": 64.54240417480469, "lowlevel.erbbands_spread.stdev": 23.752628326416016, "lowlevel.hfc.mean": 13.238216400146484, "lowlevel.hfc.stdev": 12.59328556060791, "lowlevel.loudness_ebu128.integrated": -14.976781845092773, "lowlevel.loudness_ebu128.loudness_range": 2.412766456604004, "lowlevel.loudness_ebu128.momentary.mean": -15.26904010772705, "lowlevel.loudness_ebu128.momentary.stdev": 1.7473982572555542, "lowlevel.loudness_ebu128.short_term.mean": -15.099206924438477, "lowlevel.loudness_ebu128.short_term.stdev": 0.8929312825202942, "lowlevel.melbands_crest.mean": 22.256187438964844, "lowlevel.melbands_crest.stdev": 6.2620849609375, "lowlevel.melbands_flatness_db.mean": 0.3041073977947235, "lowlevel.melbands_flatness_db.stdev": 0.09404512494802475, "lowlevel.melbands_kurtosis.mean": 85.20579528808594, "lowlevel.melbands_kurtosis.stdev": 83.81105041503906, "lowlevel.melbands_skewness.mean": 7.277141571044922, "lowlevel.melbands_skewness.stdev": 3.443593978881836, "lowlevel.melbands_spread.mean": 13.840624809265137, "lowlevel.melbands_spread.stdev": 20.09971809387207, "lowlevel.pitch_salience.mean": 0.372067391872406, "lowlevel.pitch_salience.stdev": 0.17350272834300995, "lowlevel.silence_rate_20dB.mean": 1.0, "lowlevel.silence_rate_20dB.stdev": 0.0, "lowlevel.silence_rate_30dB.mean": 0.876447856426239, "lowlevel.silence_rate_30dB.stdev": 0.3290698230266571, "lowlevel.silence_rate_60dB.mean": 0.050193049013614655, "lowlevel.silence_rate_60dB.stdev": 0.2183409482240677, "lowlevel.spectral_centroid.mean": 1274.9755859375, "lowlevel.spectral_centroid.stdev": 823.0179443359375, "lowlevel.spectral_complexity.mean": 10.0888032913208, "lowlevel.spectral_complexity.stdev": 7.7693915367126465, "lowlevel.spectral_decrease.mean": -1.2001854621246366e-08, "lowlevel.spectral_decrease.stdev": 1.616973221985063e-08, "lowlevel.spectral_energy.mean": 0.046498581767082214, "lowlevel.spectral_energy.stdev": 0.0617486909031868, "lowlevel.spectral_energyband_high.mean": 0.0006830386118963361, "lowlevel.spectral_energyband_high.stdev": 0.0010464225197210908, "lowlevel.spectral_energyband_low.mean": 0.0397215411067009, "lowlevel.spectral_energyband_low.stdev": 0.05789622291922569, "lowlevel.spectral_energyband_middle_high.mean": 0.0019350643269717693, "lowlevel.spectral_energyband_middle_high.stdev": 0.0020247590728104115, "lowlevel.spectral_energyband_middle_low.mean": 0.008611871860921383, "lowlevel.spectral_energyband_middle_low.stdev": 0.02080649696290493, "lowlevel.spectral_entropy.mean": 7.455491542816162, "lowlevel.spectral_entropy.stdev": 0.4431050717830658, "lowlevel.spectral_flux.mean": 0.09165448695421219, "lowlevel.spectral_flux.stdev": 0.11092372238636017, "lowlevel.spectral_kurtosis.mean": 3.3937039375305176, "lowlevel.spectral_kurtosis.stdev": 3.1910297870635986, "lowlevel.spectral_rms.mean": 0.005877413786947727, "lowlevel.spectral_rms.stdev": 0.003289448097348213, "lowlevel.spectral_rolloff.mean": 827.755615234375, "lowlevel.spectral_rolloff.stdev": 1437.016357421875, "lowlevel.spectral_skewness.mean": 1.1565914154052734, "lowlevel.spectral_skewness.stdev": 0.49794912338256836, "lowlevel.spectral_spread.mean": 4245945.0, "lowlevel.spectral_spread.stdev": 1273495.25, "lowlevel.spectral_strongpeak.mean": 0.6194839477539062, "lowlevel.spectral_strongpeak.stdev": 0.3772567808628082, "lowlevel.zerocrossingrate.mean": 0.03890150040388107, "lowlevel.zerocrossingrate.stdev": 0.034843940287828445, "metadata.audio_properties.analysis.equal_loudness": 0.0, "metadata.audio_properties.analysis.length": 30.03628158569336, "metadata.audio_properties.analysis.sample_rate": 44100.0, "metadata.audio_properties.analysis.start_time": 0.0, "metadata.audio_properties.bit_rate": 119113.0, "metadata.audio_properties.length": 30.03733253479004, "metadata.audio_properties.lossless": 0.0, "metadata.audio_properties.number_channels": 1.0, "metadata.audio_properties.replay_gain": -11.241931915283203, "metadata.audio_properties.sample_rate": 48000.0, "rhythm.beats_count": 62.0, "rhythm.beats_loudness.mean": 0.08160797506570816, "rhythm.beats_loudness.stdev": 0.05812603980302811, "rhythm.bpm": 125.21269226074219, "rhythm.bpm_histogram_first_peak_bpm": 126.0, "rhythm.bpm_histogram_first_peak_weight": 0.4833333492279053, "rhythm.bpm_histogram_second_peak_bpm": 133.0, "rhythm.bpm_histogram_second_peak_spread": 0.0, "rhythm.bpm_histogram_second_peak_weight": 0.016393441706895828, "rhythm.danceability": 1.5453829765319824, "rhythm.onset_rate": 3.6262946128845215, "tonal.chords_changes_rate": 0.07407407462596893, "tonal.chords_number_rate": 0.015432098880410194, "tonal.chords_strength.mean": 0.44098004698753357, "tonal.chords_strength.stdev": 0.09574060142040253, "tonal.hpcp_crest.mean": 11.632619857788086, "tonal.hpcp_crest.stdev": 5.278329849243164, "tonal.hpcp_entropy.mean": 2.3815770149230957, "tonal.hpcp_entropy.stdev": 0.7213020920753479, "tonal.key_edma.strength": 0.7805566787719727, "tonal.key_krumhansl.strength": 0.7716501951217651, "tonal.key_temperley.strength": 0.755882203578949, "tonal.tuning_diatonic_strength": 0.45577865839004517, "tonal.tuning_equal_tempered_deviation": 0.09598803520202637, "tonal.tuning_frequency": 445.3697204589844, "tonal.tuning_nontempered_energy_ratio": 0.7997008562088013, "lowlevel.barkbands.mean": [0.0008188096689991653, 0.021390989422798157, 0.01307711936533451, 0.006396968383342028, 0.001477875397540629, 0.00046205875696614385, 8.583324961364269e-05, 5.597185008809902e-05, 0.00010784777987282723, 8.602872549090534e-05, 7.66754019423388e-05, 9.770867472980171e-05, 0.0001280023279832676, 0.00020317888993304223, 0.00012337439693510532, 0.0001171360127045773, 0.0005254462012089789, 0.00025744849699549377, 0.00019252044148743153, 0.00021497627312783152, 0.00013705329911317676, 0.0002954104566015303, 7.60457623982802e-05, 6.647879490628839e-05, 2.3196196707431227e-05, 4.447540504770586e-06, 1.7190332712857526e-08], "lowlevel.barkbands.stdev": [0.002134593203663826, 0.04516223445534706, 0.01868610456585884, 0.01688302680850029, 0.003566004801541567, 0.0021059757564216852, 0.0003016191767528653, 0.00014980812557041645, 0.00029002901283092797, 0.00016983786190394312, 0.00016058767505455762, 0.00035960887908004224, 0.0003816305543296039, 0.0005715013830922544, 0.0002499876427464187, 0.00021200616902206093, 0.0007579789380542934, 0.0004176577494945377, 0.00040359923150390387, 0.00042276375461369753, 0.00030649363179691136, 0.0004453795263543725, 0.00013591661991085857, 0.0001723446330288425, 6.707477587042376e-05, 1.3467680219036993e-05, 8.711734977850938e-08], "lowlevel.erbbands.mean": [0.48681411147117615, 5.232906818389893, 15.164331436157227, 20.738876342773438, 10.451401710510254, 3.8648133277893066, 3.2551071643829346, 3.907672643661499, 2.063093662261963, 1.0321686267852783, 1.5298248529434204, 2.031581163406372, 3.0450844764709473, 2.9790704250335693, 3.3013675212860107, 3.571392059326172, 4.973826885223389, 9.34142017364502, 9.432835578918457, 5.591278076171875, 8.819466590881348, 32.10061264038086, 16.97761344909668, 10.18139362335205, 10.127862930297852, 10.174744606018066, 5.903316497802734, 6.33305025100708, 12.325113296508789, 4.785073757171631, 1.91161048412323, 1.647039771080017, 0.9076640605926514, 0.3488619923591614, 0.12367670238018036, 0.03740046173334122, 0.004154862370342016, 0.0001937492925208062, 3.035484223801177e-05, 5.3068713896209374e-05], "lowlevel.erbbands.stdev": [1.390223503112793, 10.251919746398926, 20.712688446044922, 47.585418701171875, 21.47115135192871, 12.195116996765137, 14.502298355102539, 17.71392822265625, 8.834261894226074, 2.633390426635742, 4.225583553314209, 4.565240383148193, 6.938323974609375, 7.257288932800293, 6.956392765045166, 11.774471282958984, 11.84810733795166, 25.149518966674805, 19.92945671081543, 9.318001747131348, 13.843656539916992, 46.93465042114258, 25.35441780090332, 19.60028076171875, 20.062606811523438, 20.55283546447754, 15.024893760681152, 10.742781639099121, 19.074922561645508, 7.596945762634277, 3.404406785964966, 3.614560842514038, 2.7025599479675293, 1.0126413106918335, 0.37142205238342285, 0.10638511925935745, 0.01361541822552681, 0.0005975498352199793, 3.6139994335826486e-05, 6.734917405992746e-05], "lowlevel.gfcc.mean": [-58.158729553222656, 97.16029357910156, -115.1168441772461, 84.72099304199219, -27.944305419921875, 36.95355224609375, -24.722421646118164, 6.296590328216553, -15.66944694519043, -17.661571502685547, -17.175870895385742, -11.039410591125488, -10.636336326599121], "lowlevel.melbands.mean": [0.005211945157498121, 0.007650904823094606, 0.0031944080255925655, 0.0004432752321008593, 0.0001134889607783407, 8.58006242197007e-05, 2.9543542041210458e-05, 1.0781450328067876e-05, 1.3284518900036346e-05, 1.3787606803816743e-05, 1.5358720702352002e-05, 1.1908910892088898e-05, 1.0600907444313634e-05, 1.0709805792430416e-05, 8.808328857412562e-06, 1.4562810974894091e-05, 1.7769920304999687e-05, 1.691090983513277e-05, 8.507035090588033e-06, 6.932792075531324e-06, 1.0204644240729976e-05, 3.283726255176589e-05, 2.6562769562588073e-05, 8.974651791504584e-06, 8.145005267579108e-06, 6.8016256591363344e-06, 8.65208130562678e-06, 6.048130217095604e-06, 3.5924988424085313e-06, 3.2100654152600328e-06, 3.7734755551355192e-06, 7.835926226107404e-06, 4.557344254862983e-06, 1.932118948388961e-06, 1.0640945902196108e-06, 9.703454679765855e-07, 1.043048200699559e-06, 7.20903869932954e-07, 3.6775867329197354e-07, 2.6757135174193536e-07], "lowlevel.melbands.stdev": [0.012446018867194653, 0.010659392923116684, 0.006849333178251982, 0.000942421902436763, 0.0005081627750769258, 0.00039049421320669353, 0.00012321634858381003, 2.7156094802194275e-05, 3.920440576621331e-05, 3.4319171390961856e-05, 3.506574284983799e-05, 2.8012407710775733e-05, 1.9705374143086374e-05, 3.414533057366498e-05, 3.7013149267295375e-05, 4.330993033363484e-05, 5.140329813002609e-05, 3.957046283176169e-05, 1.5294244803953916e-05, 1.3591474271379411e-05, 1.8022874428424984e-05, 4.979843652108684e-05, 4.1257640987169e-05, 1.4696293874294497e-05, 1.7765509255696088e-05, 1.4952968740544748e-05, 1.7233023754670285e-05, 1.2956085811310913e-05, 9.43971099331975e-06, 8.10817891760962e-06, 6.376121291395975e-06, 1.2278872418391984e-05, 7.2364387051493395e-06, 3.3367898595315637e-06, 1.9397546111576958e-06, 1.8697008954404737e-06, 2.5080146315303864e-06, 2.1500839011423523e-06, 1.166652168649307e-06, 7.843756293368642e-07], "lowlevel.melbands128.mean": [0.0007447028183378279, 0.003280314151197672, 0.006859682034701109, 0.009330587461590767, 0.0084903035312891, 0.005989390425384045, 0.004691998939961195, 0.002441051881760359, 0.0008079719264060259, 0.00038193463115021586, 0.0001466007379349321, 0.00012238773342687637, 0.00011678854934871197, 8.47940391395241e-05, 8.426277781836689e-05, 0.00010266152094118297, 4.0958955651149154e-05, 1.7205587937496603e-05, 1.0917961844825186e-05, 1.0993943760695402e-05, 1.0436286174808629e-05, 1.1325530067551881e-05, 1.423153662472032e-05, 1.527611311757937e-05, 9.857489203568548e-06, 1.4235986782296095e-05, 2.0181321815471165e-05, 1.359794259769842e-05, 1.5078887372510508e-05, 9.481876077188645e-06, 1.3283699445310049e-05, 1.1462307156762108e-05, 9.34464333113283e-06, 9.429577403352596e-06, 1.5112867004063446e-05, 8.664868801133707e-06, 7.524401553382631e-06, 1.1600402103795204e-05, 7.021652891125996e-06, 7.420442216243828e-06, 1.8343627743888646e-05, 2.274193502671551e-05, 1.1955325135204475e-05, 1.9628585505415685e-05, 2.2775795514462516e-05, 1.4809810636506882e-05, 1.2822072676499374e-05, 8.801275726000313e-06, 6.198002665769309e-06, 7.1805648076406214e-06, 6.96693450663588e-06, 6.580548415513476e-06, 8.465381142741535e-06, 1.0127161658601835e-05, 1.7815242244978435e-05, 3.676345295389183e-05, 4.7980360250221565e-05, 2.8320135243120603e-05, 2.409430999250617e-05, 1.0090755495184567e-05, 8.219875780923758e-06, 6.9783641265530605e-06, 8.585462637711316e-06, 8.681154213263653e-06, 6.932983069418697e-06, 6.818518158979714e-06, 6.577244676009286e-06, 6.990769179537892e-06, 1.0023331924458034e-05, 1.0066000868391711e-05, 6.006331204844173e-06, 3.971480964537477e-06, 3.778146719923825e-06, 3.531416950863786e-06, 3.3147823614854133e-06, 3.7349998365243664e-06, 2.786051936709555e-06, 2.746314294199692e-06, 3.458444552961737e-06, 4.853421614825493e-06, 8.491139851685148e-06, 9.262354069505818e-06, 6.391996066668071e-06, 4.166405688010855e-06, 2.8640827167691896e-06, 2.3323714231082704e-06, 1.4883939911669586e-06, 1.3573697970059584e-06, 1.027219354909903e-06, 8.431460400970536e-07, 9.874578381641186e-07, 1.009430206977413e-06, 9.295990821556188e-07, 1.130208602262428e-06, 1.0712678886193316e-06, 8.472059676023491e-07, 6.590942120965337e-07, 5.272388534649508e-07, 3.363027758496173e-07, 2.9769466891593765e-07, 3.234468124446721e-07, 2.4585551727795973e-07, 2.3791430692199356e-07, 1.7186050627060467e-07, 1.1657092358063892e-07, 1.0403848449413999e-07, 9.975290993224917e-08, 9.064984141105015e-08, 5.72189620129393e-08, 4.6202181636090245e-08, 2.9526594502726766e-08, 1.4214672106049875e-08, 6.134060814844133e-09, 3.835337381019599e-09, 1.6256753720966799e-09, 7.501976817536615e-10, 5.880076425768266e-10, 1.0688731150176878e-10, 8.94581110577608e-12, 7.17586146753435e-12, 6.967247959122069e-12, 6.8255635518599256e-12, 6.6625103871398306e-12, 6.546087023134861e-12, 6.41976879642292e-12, 6.278523707881067e-12, 6.191115328735286e-12, 6.152799623959648e-12], "lowlevel.melbands128.stdev": [0.002001057378947735, 0.010847687721252441, 0.0193092729896307, 0.017393508926033974, 0.01255884487181902, 0.009337691590189934, 0.011710105463862419, 0.006217046175152063, 0.001600255724042654, 0.0010068623814731836, 0.0006484850309789181, 0.0005671051912941039, 0.00053870101692155, 0.00040652885218150914, 0.0003811225760728121, 0.0005040906835347414, 0.00019298271217849106, 7.206778536783531e-05, 3.035657573491335e-05, 3.296921568107791e-05, 3.17070989694912e-05, 3.278125586803071e-05, 5.423587572295219e-05, 5.869923916179687e-05, 2.4579863747931086e-05, 4.936609911965206e-05, 8.35669634398073e-05, 3.371756974956952e-05, 4.182271004538052e-05, 1.9412857000133954e-05, 5.578799391514622e-05, 2.7518051865627058e-05, 1.8849277694243938e-05, 2.2169522708281875e-05, 7.360668678302318e-05, 2.5631266908021644e-05, 3.53463037754409e-05, 7.398890738841146e-05, 2.048580427072011e-05, 1.7416408809367567e-05, 7.668538455618545e-05, 8.507254824507982e-05, 4.193274799035862e-05, 0.0001009861589409411, 7.281687430804595e-05, 4.3339194235159084e-05, 3.642089359345846e-05, 1.8441351130604744e-05, 1.3972121450933628e-05, 1.7619673599256203e-05, 1.6402307664975524e-05, 1.4930286852177233e-05, 1.7705060599837452e-05, 2.723021498240996e-05, 3.301531614852138e-05, 6.939980085007846e-05, 8.806554251350462e-05, 5.360833165468648e-05, 5.237445657257922e-05, 1.828971471695695e-05, 1.776771023287438e-05, 1.5422476280946285e-05, 1.9649725800263695e-05, 2.3459384465240873e-05, 1.8426875612931326e-05, 1.6924439478316344e-05, 1.70792372955475e-05, 1.561117824167013e-05, 2.248611781396903e-05, 2.1344736524042673e-05, 1.5697632989031263e-05, 9.22038725548191e-06, 9.566044354869518e-06, 1.0717842087615281e-05, 1.0578004548733588e-05, 1.1515578080434352e-05, 6.152628884592559e-06, 5.714705821446842e-06, 6.799968105042353e-06, 8.395208169531543e-06, 1.507229626440676e-05, 1.5419520423165523e-05, 1.2170787158538587e-05, 6.980852504057111e-06, 5.065287496108795e-06, 4.539409019344021e-06, 2.802790277200984e-06, 2.6125928798137465e-06, 2.0072845927643357e-06, 1.7104705420933897e-06, 2.142417542927433e-06, 1.984132040888653e-06, 2.1750563519162824e-06, 2.8395195386110572e-06, 2.9433915642584907e-06, 2.2785875444242265e-06, 2.2151446046336787e-06, 2.0015195332234725e-06, 1.134478225139901e-06, 8.720232926862082e-07, 9.69729399002972e-07, 7.446537892974447e-07, 8.133392270792683e-07, 6.136650085863948e-07, 3.9611774127479293e-07, 3.1539335054731055e-07, 2.651712804890849e-07, 2.8932183226970665e-07, 1.6452553097678901e-07, 1.4732690090113465e-07, 1.3089101003060932e-07, 6.154151321879908e-08, 2.5080186816239802e-08, 2.07191952483754e-08, 6.604388591568977e-09, 3.755450173059671e-09, 3.2566618290985616e-09, 7.31196936332168e-10, 5.681518797095997e-11, 1.2183813853650083e-11, 1.1727544282913449e-11, 1.1455577805796757e-11, 1.1217008225039571e-11, 1.1025199850300815e-11, 1.0863336272204371e-11, 1.0731100036354135e-11, 1.0637990488504556e-11, 1.0580049857045193e-11], "lowlevel.mfcc.mean": [-692.8135986328125, 103.06183624267578, 1.3056172132492065, 51.27694320678711, 30.38482666015625, 33.60446548461914, 12.47473430633545, 27.65146255493164, 8.689847946166992, 1.768755316734314, 5.287807941436768, -1.3509879112243652, -7.015443801879883], "lowlevel.spectral_contrast_coeffs.mean": [-0.6132529973983765, -0.8278977274894714, -0.8305569887161255, -0.8212801218032837, -0.769111156463623, -0.7234556078910828], "lowlevel.spectral_contrast_coeffs.stdev": [0.07249152660369873, 0.0541885569691658, 0.046314217150211334, 0.039755646139383316, 0.05168994143605232, 0.04696095734834671], "lowlevel.spectral_contrast_valleys.mean": [-7.189079284667969, -7.9834442138671875, -7.982961177825928, -7.904350280761719, -7.86259126663208, -10.807968139648438], "lowlevel.spectral_contrast_valleys.stdev": [0.9236560463905334, 0.6364455819129944, 0.4807402491569519, 0.5168691277503967, 0.9236577153205872, 1.1976194381713867], "rhythm.beats_loudness_band_ratio.mean": [0.8968802690505981, 0.03264230117201805, 0.006920612417161465, 0.012575237080454826, 0.029767800122499466, 0.03175658732652664], "rhythm.beats_loudness_band_ratio.stdev": [0.08677424490451813, 0.03867962583899498, 0.006518049631267786, 0.014889249578118324, 0.03287829831242561, 0.04011242836713791], "tonal.hpcp.mean": [0.16786381602287292, 0.030525019392371178, 0.02439912222325802, 0.027554500848054886, 0.027753258123993874, 0.024733757600188255, 0.019652286544442177, 0.017315629869699478, 0.02221596986055374, 0.03477216884493828, 0.06509239226579666, 0.16336680948734283, 0.17806299030780792, 0.09059973061084747, 0.1510259509086609, 0.1814671903848648, 0.08450623601675034, 0.04408060014247894, 0.056704528629779816, 0.07314769178628922, 0.09017223119735718, 0.10534069687128067, 0.07456899434328079, 0.03445037454366684, 0.031241655349731445, 0.03601345047354698, 0.10765410214662552, 0.17743609845638275, 0.1070532351732254, 0.030489418655633926, 0.02362416684627533, 0.02805856056511402, 0.05958939716219902, 0.0738573968410492, 0.09718139469623566, 0.21515294909477234], "tonal.hpcp.stdev": [0.3104373514652252, 0.13038650155067444, 0.1102965697646141, 0.13189728558063507, 0.12343905121088028, 0.11705966293811798, 0.09220556169748306, 0.08307874947786331, 0.09634719043970108, 0.11797555536031723, 0.18075025081634521, 0.3121952712535858, 0.3321387469768524, 0.22246630489826202, 0.2911834418773651, 0.3620082437992096, 0.18173973262310028, 0.13930939137935638, 0.15741516649723053, 0.19985662400722504, 0.21614402532577515, 0.27094149589538574, 0.20554691553115845, 0.1312192678451538, 0.1286424696445465, 0.12186096608638763, 0.22227132320404053, 0.3564193844795227, 0.23007480800151825, 0.13350732624530792, 0.09329920262098312, 0.10598518699407578, 0.15291237831115723, 0.20039395987987518, 0.1863139569759369, 0.3917071521282196], "rhythm.beats_position": [0.4411791265010834, 0.8939682245254517, 1.3583673238754272, 1.834376335144043, 2.2987754344940186, 2.7863945960998535, 3.2624034881591797, 3.738412618637085, 4.21442174911499, 4.690430641174316, 5.178049564361572, 5.665668964385986, 6.153287887573242, 6.617686748504639, 7.105306148529053, 7.581315040588379, 8.057324409484863, 8.544942855834961, 9.020952224731445, 9.49696159362793, 9.984580039978027, 10.460589408874512, 10.936598777770996, 11.424217224121094, 11.900226593017578, 12.376235961914062, 12.85224437713623, 13.328253746032715, 13.815873146057129, 14.303491592407227, 14.779500961303711, 15.255510330200195, 15.743128776550293, 16.23074722290039, 16.706756591796875, 17.18276596069336, 17.670385360717773, 18.134784698486328, 18.622404098510742, 19.098411560058594, 19.586030960083008, 20.062040328979492, 20.538049697875977, 21.01405906677246, 21.501678466796875, 21.989295959472656, 22.45369529724121, 22.941314697265625, 23.42893409729004, 23.904943466186523, 24.380952835083008, 24.85696029663086, 25.332969665527344, 25.820589065551758, 26.308208465576172, 26.784217834472656, 27.26022720336914, 27.747844696044922, 28.223854064941406, 28.69986343383789, 29.187482833862305, 29.65188217163086], "rhythm.bpm_histogram": [0.0, 0.0, 0.0, 0.0, 0.0, 0.0, 0.0, 0.0, 0.0, 0.0, 0.0, 0.0, 0.0, 0.0, 0.0, 0.0, 0.0, 0.0, 0.0, 0.0, 0.0, 0.0, 0.0, 0.0, 0.0, 0.0, 0.0, 0.0, 0.0, 0.0, 0.0, 0.0, 0.0, 0.0, 0.0, 0.0, 0.0, 0.0, 0.0, 0.0, 0.0, 0.0, 0.0, 0.0, 0.0, 0.0, 0.0, 0.0, 0.0, 0.0, 0.0, 0.0, 0.0, 0.0, 0.0, 0.0, 0.0, 0.0, 0.0, 0.0, 0.0, 0.0, 0.0, 0.0, 0.0, 0.0, 0.0, 0.0, 0.0, 0.0, 0.0, 0.0, 0.0, 0.0, 0.0, 0.0, 0.0, 0.0, 0.0, 0.0, 0.0, 0.0, 0.0, 0.0, 0.0, 0.0, 0.0, 0.0, 0.0, 0.0, 0.0, 0.0, 0.0, 0.0, 0.0, 0.0, 0.0, 0.0, 0.0, 0.0, 0.0, 0.0, 0.0, 0.0, 0.0, 0.0, 0.0, 0.0, 0.0, 0.0, 0.0, 0.0, 0.0, 0.0, 0.0, 0.0, 0.0, 0.0, 0.0, 0.0, 0.0, 0.0, 0.0, 0.37704917788505554, 0.0, 0.0, 0.5081967115402222, 0.0, 0.0, 0.09836065769195557, 0.0, 0.0, 0.0, 0.016393441706895828, 0.0, 0.0, 0.0, 0.0, 0.0, 0.0, 0.0, 0.0, 0.0, 0.0, 0.0, 0.0, 0.0, 0.0, 0.0, 0.0, 0.0, 0.0, 0.0, 0.0, 0.0, 0.0, 0.0, 0.0, 0.0, 0.0, 0.0, 0.0, 0.0, 0.0, 0.0, 0.0, 0.0, 0.0, 0.0, 0.0, 0.0, 0.0, 0.0, 0.0, 0.0, 0.0, 0.0, 0.0, 0.0, 0.0, 0.0, 0.0, 0.0, 0.0, 0.0, 0.0, 0.0, 0.0, 0.0, 0.0, 0.0, 0.0, 0.0, 0.0, 0.0, 0.0, 0.0, 0.0, 0.0, 0.0, 0.0, 0.0, 0.0, 0.0, 0.0, 0.0, 0.0, 0.0, 0.0, 0.0, 0.0, 0.0, 0.0, 0.0, 0.0, 0.0, 0.0, 0.0, 0.0, 0.0, 0.0, 0.0, 0.0, 0.0, 0.0, 0.0, 0.0, 0.0, 0.0, 0.0, 0.0, 0.0, 0.0, 0.0, 0.0, 0.0, 0.0, 0.0, 0.0, 0.0, 0.0, 0.0, 0.0, 0.0, 0.0, 0.0, 0.0, 0.0, 0.0, 0.0], "tonal.chords_histogram": [3.5493826866149902, 0.0, 0.0, 12.65432071685791, 0.0, 4.629629611968994, 14.197530746459961, 3.395061731338501, 0.0, 0.0, 0.7716049551963806, 0.0, 36.574073791503906, 7.561728477478027, 0.0, 2.6234567165374756, 0.3086419701576233, 5.4012346267700195, 0.0, 0.0, 0.0, 0.0, 7.561728477478027, 0.7716049551963806], "tonal.thpcp": [1.0, 0.7802069187164307, 0.14187590777873993, 0.11340361833572388, 0.12806935608386993, 0.12899315357208252, 0.11495894938707352, 0.09134100377559662, 0.08048056066036224, 0.10325663536787033, 0.16161604225635529, 0.3025400936603546, 0.759305477142334, 0.8276112079620361, 0.42109453678131104, 0.7019469141960144, 0.8434334397315979, 0.3927728533744812, 0.20488029718399048, 0.26355451345443726, 0.33997997641563416, 0.419107586145401, 0.48960843682289124, 0.3465859591960907, 0.1601203978061676, 0.14520671963691711, 0.16738533973693848, 0.5003607869148254, 0.8246974945068359, 0.4975680708885193, 0.14171044528484344, 0.10980173200368881, 0.13041216135025024, 0.2769629657268524, 0.34327855706214905, 0.4516851603984833], "lowlevel.gfcc.cov": [[4792.04296875, -1342.1353759765625, 497.8096008300781, 699.72509765625, -751.2424926757812, -41.74866485595703, -480.0714416503906, 121.03404998779297, -351.8676452636719, 282.2333984375, -174.89759826660156, 255.32327270507812, -117.80827331542969], [-1342.1353759765625, 1488.2886962890625, -65.46908569335938, -396.269287109375, 552.3287963867188, -112.8518295288086, 338.20855712890625, -188.72943115234375, 288.28533935546875, -187.1167449951172, 204.6090850830078, -160.901123046875, 158.00030517578125], [497.8096008300781, -65.46908569335938, 568.4926147460938, 182.58279418945312, 46.60430908203125, 35.14517593383789, -78.84523010253906, 31.913301467895508, -28.93802833557129, 31.1400146484375, 8.782540321350098, 81.45623779296875, 38.784366607666016], [699.72509765625, -396.269287109375, 182.58279418945312, 438.35211181640625, -39.25948715209961, 21.15237808227539, -30.54436683654785, 28.276105880737305, -81.14337921142578, 29.124109268188477, -6.084788799285889, 40.970787048339844, 22.056591033935547], [-751.2424926757812, 552.3287963867188, 46.60430908203125, -39.25948715209961, 526.3956909179688, 29.49744987487793, 192.44161987304688, 17.569744110107422, 181.4601593017578, -94.74483489990234, 90.21572875976562, -69.13594818115234, 84.5723876953125], [-41.74866485595703, -112.8518295288086, 35.14517593383789, 21.15237808227539, 29.49744987487793, 203.57846069335938, 49.80351257324219, 47.29789733886719, 40.76307678222656, 7.691596508026123, -13.543144226074219, -9.92003059387207, 9.672503471374512], [-480.0714416503906, 338.20855712890625, -78.84523010253906, -30.54436683654785, 192.44161987304688, 49.80351257324219, 273.6374816894531, -37.923648834228516, 98.54004669189453, -27.9359130859375, 67.4613265991211, -79.12100219726562, 47.25880813598633], [121.03404998779297, -188.72943115234375, 31.913301467895508, 28.276105880737305, 17.569744110107422, 47.29789733886719, -37.923648834228516, 174.04335021972656, 28.272520065307617, 9.339890480041504, -18.026111602783203, 40.638946533203125, -19.852523803710938], [-351.8676452636719, 288.28533935546875, -28.93802833557129, -81.14337921142578, 181.4601593017578, 40.76307678222656, 98.54004669189453, 28.272520065307617, 176.0330810546875, -19.111286163330078, 57.99099349975586, -23.371957778930664, 50.55034637451172], [282.2333984375, -187.1167449951172, 31.1400146484375, 29.124109268188477, -94.74483489990234, 7.691596508026123, -27.9359130859375, 9.339890480041504, -19.111286163330078, 113.96636199951172, -1.971592664718628, 30.722423553466797, -15.781187057495117], [-174.89759826660156, 204.6090850830078, 8.782540321350098, -6.084788799285889, 90.21572875976562, -13.543144226074219, 67.4613265991211, -18.026111602783203, 57.99099349975586, -1.971592664718628, 102.83685302734375, -4.440112113952637, 45.12566375732422], [255.32327270507812, -160.901123046875, 81.45623779296875, 40.970787048339844, -69.13594818115234, -9.92003059387207, -79.12100219726562, 40.638946533203125, -23.371957778930664, 30.722423553466797, -4.440112113952637, 102.98052215576172, 1.9140359163284302], [-117.80827331542969, 158.00030517578125, 38.784366607666016, 22.056591033935547, 84.5723876953125, 9.672503471374512, 47.25880813598633, -19.852523803710938, 50.55034637451172, -15.781187057495117, 45.12566375732422, 1.9140359163284302, 86.6326675415039]], "lowlevel.gfcc.icov": [[0.00047750145313329995, -0.0006135471630841494, -1.0260253475280479e-05, -0.0010588986333459616, 0.0006098480662330985, -0.0002243372582597658, 0.0004970628651790321, -0.0004774938279297203, 0.00017824710812419653, -0.0010219562100246549, 0.0006537407753057778, -0.000390182132832706, 0.00046956457663327456], [-0.0006135471630841494, 0.007883542217314243, -0.00227356213144958, 0.006504901684820652, -0.002723619109019637, 0.00469356682151556, -0.0036172806285321712, 0.005019476171582937, -0.004397409502416849, 0.007183416746556759, -0.005357771646231413, 0.003615170018747449, -0.004006934352219105], [-1.0260253475280479e-05, -0.00227356213144958, 0.0033205454237759113, -0.00236623571254313, -0.00041228439658880234, -0.002113258233293891, 0.001912284642457962, -0.0010925750248134136, 0.0020571809727698565, -0.0025628262665122747, 0.0012593892170116305, -0.0025122298393398523, 0.00032560928957536817], [-0.0010588986333459616, 0.006504901684820652, -0.00236623571254313, 0.009274124167859554, -0.0028735040687024593, 0.003449802752584219, -0.0037226667627692223, 0.00326147791929543, -0.0009736674255691469, 0.005959486588835716, -0.004891233053058386, 0.0031150677241384983, -0.005274604540318251], [0.0006098480662330985, -0.002723619109019637, -0.00041228439658880234, -0.0028735040687024593, 0.005881091579794884, -0.0007557182689197361, -0.00018464375170879066, -0.0028202601242810488, -0.0016832411056384444, -0.0002390253939665854, 0.0013130655279383063, 0.00028017748263664544, 0.0007588739390484989], [-0.0002243372582597658, 0.00469356682151556, -0.002113258233293891, 0.003449802752584219, -0.0007557182689197361, 0.009258942678570747, -0.0038602459244430065, 0.0011224239133298397, -0.004308889154344797, 0.003631840692833066, -0.000646853179205209, 0.0031362215522676706, -0.0032869414426386356], [0.0004970628651790321, -0.0036172806285321712, 0.001912284642457962, -0.0037226667627692223, -0.00018464375170879066, -0.0038602459244430065, 0.009297422133386135, -0.001095927320420742, 0.0009806471643969417, -0.004369261674582958, -0.00011867147986777127, 0.0016608554869890213, 0.0013100845972076058], [-0.0004774938279297203, 0.005019476171582937, -0.0010925750248134136, 0.00326147791929543, -0.0028202601242810488, 0.0011224239133298397, -0.001095927320420742, 0.011895650066435337, -0.00578921427950263, 0.004833807237446308, -0.00238946289755404, -0.0016124829417094588, 0.001345440628938377], [0.00017824710812419653, -0.004397409502416849, 0.0020571809727698565, -0.0009736674255691469, -0.0016832411056384444, -0.004308889154344797, 0.0009806471643969417, -0.00578921427950263, 0.01617453061044216, -0.005546049680560827, -0.00013927380496170372, -0.0016938901972025633, -0.00248618982732296], [-0.0010219562100246549, 0.007183416746556759, -0.0025628262665122747, 0.005959486588835716, -0.0002390253939665854, 0.003631840692833066, -0.004369261674582958, 0.004833807237446308, -0.005546049680560827, 0.01881735771894455, -0.006955802906304598, 0.0011898770462721586, -0.0012808939209207892], [0.0006537407753057778, -0.005357771646231413, 0.0012593892170116305, -0.004891233053058386, 0.0013130655279383063, -0.000646853179205209, -0.00011867147986777127, -0.00238946289755404, -0.00013927380496170372, -0.006955802906304598, 0.020116223022341728, -0.004424758721143007, -0.001916774665005505], [-0.000390182132832706, 0.003615170018747449, -0.0025122298393398523, 0.0031150677241384983, 0.00028017748263664544, 0.0031362215522676706, 0.0016608554869890213, -0.0016124829417094588, -0.0016938901972025633, 0.0011898770462721586, -0.004424758721143007, 0.018650634214282036, -0.005593650974333286], [0.00046956457663327456, -0.004006934352219105, 0.00032560928957536817, -0.005274604540318251, 0.0007588739390484989, -0.0032869414426386356, 0.0013100845972076058, 0.001345440628938377, -0.00248618982732296, -0.0012808939209207892, -0.001916774665005505, -0.005593650974333286, 0.022245686501264572]], "lowlevel.mfcc.cov": [[4810.09765625, -1671.7772216796875, 715.9043579101562, 379.2029724121094, -220.68463134765625, -180.9412841796875, -203.8887481689453, -236.7679443359375, -181.08810424804688, -201.96607971191406, -45.77104187011719, -119.72185516357422, -11.15113353729248], [-1671.7772216796875, 1746.82666015625, -376.3965759277344, -148.30142211914062, 170.1634521484375, 93.47964477539062, 75.58615112304688, 92.89593505859375, 89.66126251220703, 106.61756134033203, 69.66505432128906, 37.030609130859375, -28.018142700195312], [715.9043579101562, -376.3965759277344, 540.828125, 104.34715270996094, 34.791404724121094, 2.160135269165039, -29.533170700073242, -38.113162994384766, -53.69419479370117, -69.15167236328125, -23.550098419189453, -45.78042984008789, 18.486352920532227], [379.2029724121094, -148.30142211914062, 104.34715270996094, 361.8504638671875, 55.87934112548828, 23.5198974609375, 55.04724884033203, -8.09339714050293, -25.92426872253418, -10.694543838500977, -52.51732635498047, 10.622746467590332, 28.007946014404297], [-220.68463134765625, 170.1634521484375, 34.791404724121094, 55.87934112548828, 334.8968811035156, -0.23162072896957397, 14.31496810913086, 113.30847930908203, 66.93603515625, 26.996335983276367, 18.32962417602539, 6.131507873535156, 24.449066162109375], [-180.9412841796875, 93.47964477539062, 2.160135269165039, 23.5198974609375, -0.23162072896957397, 197.45225524902344, 85.24391174316406, 2.3214895725250244, 51.17768478393555, 35.33551025390625, 16.65081024169922, 11.850605010986328, -4.85701322555542], [-203.8887481689453, 75.58615112304688, -29.533170700073242, 55.04724884033203, 14.31496810913086, 85.24391174316406, 143.2906494140625, 37.07868957519531, 36.63810348510742, 45.34178161621094, 6.736432075500488, 19.929271697998047, 6.453588962554932], [-236.7679443359375, 92.89593505859375, -38.113162994384766, -8.09339714050293, 113.30847930908203, 2.3214895725250244, 37.07868957519531, 165.3087158203125, 60.11969757080078, 28.261993408203125, 35.30754470825195, 27.449831008911133, -1.8380762338638306], [-181.08810424804688, 89.66126251220703, -53.69419479370117, -25.92426872253418, 66.93603515625, 51.17768478393555, 36.63810348510742, 60.11969757080078, 121.3582763671875, 51.70943832397461, 27.086957931518555, 24.546907424926758, 6.9333577156066895], [-201.96607971191406, 106.61756134033203, -69.15167236328125, -10.694543838500977, 26.996335983276367, 35.33551025390625, 45.34178161621094, 28.261993408203125, 51.70943832397461, 88.24179077148438, 32.434959411621094, 24.434335708618164, 7.625506401062012], [-45.77104187011719, 69.66505432128906, -23.550098419189453, -52.51732635498047, 18.32962417602539, 16.65081024169922, 6.736432075500488, 35.30754470825195, 27.086957931518555, 32.434959411621094, 76.02901458740234, 22.372026443481445, 3.2156741619110107], [-119.72185516357422, 37.030609130859375, -45.78042984008789, 10.622746467590332, 6.131507873535156, 11.850605010986328, 19.929271697998047, 27.449831008911133, 24.546907424926758, 24.434335708618164, 22.372026443481445, 79.54483795166016, 20.390230178833008], [-11.15113353729248, -28.018142700195312, 18.486352920532227, 28.007946014404297, 24.449066162109375, -4.85701322555542, 6.453588962554932, -1.8380762338638306, 6.9333577156066895, 7.625506401062012, 3.2156741619110107, 20.390230178833008, 70.2155990600586]], "lowlevel.mfcc.icov": [[0.00044165851431898773, 0.00028527015820145607, -0.0002608329523354769, -0.000531214929651469, 0.00016792601672932506, 0.00029281273600645363, 0.00028318469412624836, 0.00039945286698639393, -0.000315155484713614, 0.00034963260986842215, -0.0009114646236412227, 0.000345049164025113, 0.00034544107620604336], [0.00028527015820145607, 0.000983537989668548, 0.00034270185278728604, -5.135630999575369e-05, -0.00048315495951101184, -0.00016143049288075417, 2.6826651264855172e-06, 0.00037256491486914456, 0.0001230371417477727, -6.293153273873031e-05, -0.0007700885180383921, 0.00017380912322551012, 0.0005140787689015269], [-0.0002608329523354769, 0.00034270185278728604, 0.0028633209876716137, -0.000150543826748617, -0.0008425482665188611, -0.0008974730735644698, 2.5160470613627695e-06, 8.640489249955863e-05, 0.0007811898249201477, 0.0012995022116228938, -0.00041325794882141054, 0.0009775729849934578, -0.0008483764249831438], [-0.000531214929651469, -5.135630999575369e-05, -0.000150543826748617, 0.0047330535016953945, -0.0013405315112322569, -0.0007325462065637112, -0.0020421918015927076, -0.00024769717128947377, 0.0018736431375145912, -0.0008288163226097822, 0.0040077269077301025, -0.0018546079518273473, -0.001095823012292385], [0.00016792601672932506, -0.00048315495951101184, -0.0008425482665188611, -0.0013405315112322569, 0.005152293946594, 0.0005158527055755258, 0.0012840366689488292, -0.0030068845953792334, -0.002038148930296302, -0.00036339869257062674, -0.0002471612533554435, 0.0016303675947710872, -0.0015860667917877436], [0.00029281273600645363, -0.00016143049288075417, -0.0008974730735644698, -0.0007325462065637112, 0.0005158527055755258, 0.00842304527759552, -0.00442151166498661, 0.002482479438185692, -0.0036994104739278555, 0.0008628451614640653, -0.002357646357268095, 0.00015231184079311788, 0.0017203032039105892], [0.00028318469412624836, 2.6826651264855172e-06, 2.5160470613627695e-06, -0.0020421918015927076, 0.0012840366689488292, -0.00442151166498661, 0.012744616717100143, -0.0031196840573102236, 0.0004629118484444916, -0.004578719846904278, 0.0015026292530819774, 0.00019345377222634852, -0.0008194546098820865], [0.00039945286698639393, 0.00037256491486914456, 8.640489249955863e-05, -0.00024769717128947377, -0.0030068845953792334, 0.002482479438185692, -0.0031196840573102236, 0.011315809562802315, -0.0035674837417900562, 0.002368542365729809, -0.004344677086919546, -0.0019086712272837758, 0.0029381101485341787], [-0.000315155484713614, 0.0001230371417477727, 0.0007811898249201477, 0.0018736431375145912, -0.002038148930296302, -0.0036994104739278555, 0.0004629118484444916, -0.0035674837417900562, 0.015329323709