{"song_id": "1183650271142871050", "download": "https://cdn.discordapp.com/attachments/1135903449314238464/1183650271142871050/chirp.mp4?ex=65891b37&amp", "lyrics": "He was a little man, Pirouette Peanut, He was a little man, Who had a funny house Who had a funny His house is made of cardboard, Pirouette Peanut, His house is made of cardboard, The stairs are made of paper The stairs are made of paper If you want to go up there, Pirouette Peanut, If you want to go up there You will break the tip of your nose You will break the tip of your nose The postman got in there, Pirouette Peanut, The postman got in there, He broke the tip of his nose He broke the tip of his nose", "style": ["trap"], "essentia_features": {"lowlevel.average_loudness": 0.8704509139060974, "lowlevel.barkbands_crest.mean": 15.18059253692627, "lowlevel.barkbands_crest.stdev": 4.670085906982422, "lowlevel.barkbands_flatness_db.mean": 0.29561105370521545, "lowlevel.barkbands_flatness_db.stdev": 0.10457375645637512, "lowlevel.barkbands_kurtosis.mean": 31.75660514831543, "lowlevel.barkbands_kurtosis.stdev": 60.765281677246094, "lowlevel.barkbands_skewness.mean": 3.3273470401763916, "lowlevel.barkbands_skewness.stdev": 2.9202091693878174, "lowlevel.barkbands_spread.mean": 8.635024070739746, "lowlevel.barkbands_spread.stdev": 9.279653549194336, "lowlevel.dissonance.mean": 0.41263753175735474, "lowlevel.dissonance.stdev": 0.06664058566093445, "lowlevel.dynamic_complexity": 4.5231170654296875, "lowlevel.erbbands_crest.mean": 14.417049407958984, "lowlevel.erbbands_crest.stdev": 5.714413642883301, "lowlevel.erbbands_flatness_db.mean": 0.23534128069877625, "lowlevel.erbbands_flatness_db.stdev": 0.09026971459388733, "lowlevel.erbbands_kurtosis.mean": 4.816989898681641, "lowlevel.erbbands_kurtosis.stdev": 10.626594543457031, "lowlevel.erbbands_skewness.mean": 1.1155623197555542, "lowlevel.erbbands_skewness.stdev": 1.4362460374832153, "lowlevel.erbbands_spread.mean": 33.52864074707031, "lowlevel.erbbands_spread.stdev": 32.85021209716797, "lowlevel.hfc.mean": 14.723031044006348, "lowlevel.hfc.stdev": 13.630170822143555, "lowlevel.loudness_ebu128.integrated": -11.912635803222656, "lowlevel.loudness_ebu128.loudness_range": 6.6124420166015625, "lowlevel.loudness_ebu128.momentary.mean": -14.552714347839355, "lowlevel.loudness_ebu128.momentary.stdev": 6.993706226348877, "lowlevel.loudness_ebu128.short_term.mean": -12.9552001953125, "lowlevel.loudness_ebu128.short_term.stdev": 2.9322509765625, "lowlevel.melbands_crest.mean": 20.26572608947754, "lowlevel.melbands_crest.stdev": 5.5946245193481445, "lowlevel.melbands_flatness_db.mean": 0.3800480365753174, "lowlevel.melbands_flatness_db.stdev": 0.13040760159492493, "lowlevel.melbands_kurtosis.mean": 58.876678466796875, "lowlevel.melbands_kurtosis.stdev": 103.8212661743164, "lowlevel.melbands_skewness.mean": 4.224991798400879, "lowlevel.melbands_skewness.stdev": 3.717759370803833, "lowlevel.melbands_spread.mean": 9.0188570022583, "lowlevel.melbands_spread.stdev": 12.404074668884277, "lowlevel.pitch_salience.mean": 0.42909371852874756, "lowlevel.pitch_salience.stdev": 0.1267256736755371, "lowlevel.silence_rate_20dB.mean": 1.0, "lowlevel.silence_rate_20dB.stdev": 0.0, "lowlevel.silence_rate_30dB.mean": 0.8490453362464905, "lowlevel.silence_rate_30dB.stdev": 0.3580029308795929, "lowlevel.silence_rate_60dB.mean": 0.12112171947956085, "lowlevel.silence_rate_60dB.stdev": 0.32626140117645264, "lowlevel.spectral_centroid.mean": 642.1054077148438, "lowlevel.spectral_centroid.stdev": 519.865478515625, "lowlevel.spectral_complexity.mean": 8.155728340148926, "lowlevel.spectral_complexity.stdev": 7.349132061004639, "lowlevel.spectral_decrease.mean": -1.446887143430331e-08, "lowlevel.spectral_decrease.stdev": 1.2345086730647381e-08, "lowlevel.spectral_energy.mean": 0.055944252759218216, "lowlevel.spectral_energy.stdev": 0.047235388308763504, "lowlevel.spectral_energyband_high.mean": 0.0002254112041555345, "lowlevel.spectral_energyband_high.stdev": 0.0005772985168732703, "lowlevel.spectral_energyband_low.mean": 0.04024827852845192, "lowlevel.spectral_energyband_low.stdev": 0.04379047825932503, "lowlevel.spectral_energyband_middle_high.mean": 0.0032676688861101866, "lowlevel.spectral_energyband_middle_high.stdev": 0.0055438498966395855, "lowlevel.spectral_energyband_middle_low.mean": 0.014892909675836563, "lowlevel.spectral_energyband_middle_low.stdev": 0.01642158254981041, "lowlevel.spectral_entropy.mean": 6.51906681060791, "lowlevel.spectral_entropy.stdev": 0.8890798687934875, "lowlevel.spectral_flux.mean": 0.07548961043357849, "lowlevel.spectral_flux.stdev": 0.0759764090180397, "lowlevel.spectral_kurtosis.mean": 23.959365844726562, "lowlevel.spectral_kurtosis.stdev": 69.74630737304688, "lowlevel.spectral_rms.mean": 0.006525928620249033, "lowlevel.spectral_rms.stdev": 0.0034629502333700657, "lowlevel.spectral_rolloff.mean": 600.7454223632812, "lowlevel.spectral_rolloff.stdev": 990.7269287109375, "lowlevel.spectral_skewness.mean": 2.985297918319702, "lowlevel.spectral_skewness.stdev": 2.728463888168335, "lowlevel.spectral_spread.mean": 3989203.5, "lowlevel.spectral_spread.stdev": 2417329.0, "lowlevel.spectral_strongpeak.mean": 0.933269202709198, "lowlevel.spectral_strongpeak.stdev": 1.0518128871917725, "lowlevel.zerocrossingrate.mean": 0.027298592031002045, "lowlevel.zerocrossingrate.stdev": 0.031418874859809875, "metadata.audio_properties.analysis.equal_loudness": 0.0, "metadata.audio_properties.analysis.length": 38.89065933227539, "metadata.audio_properties.analysis.sample_rate": 44100.0, "metadata.audio_properties.analysis.start_time": 0.0, "metadata.audio_properties.bit_rate": 120158.0, "metadata.audio_properties.length": 38.89066696166992, "metadata.audio_properties.lossless": 0.0, "metadata.audio_properties.number_channels": 1.0, "metadata.audio_properties.replay_gain": -13.510751724243164, "metadata.audio_properties.sample_rate": 48000.0, "rhythm.beats_count": 56.0, "rhythm.beats_loudness.mean": 0.07387522608041763, "rhythm.beats_loudness.stdev": 0.060292769223451614, "rhythm.bpm": 80.3255386352539, "rhythm.bpm_histogram_first_peak_bpm": 81.0, "rhythm.bpm_histogram_first_peak_weight": 0.0, "rhythm.bpm_histogram_second_peak_bpm": 123.0, "rhythm.bpm_histogram_second_peak_spread": 0.19999998807907104, "rhythm.bpm_histogram_second_peak_weight": 0.145454540848732, "rhythm.danceability": 1.0207327604293823, "rhythm.onset_rate": 5.243537425994873, "tonal.chords_changes_rate": 0.04648390784859657, "tonal.chords_number_rate": 0.01430274173617363, "tonal.chords_strength.mean": 0.5163522362709045, "tonal.chords_strength.stdev": 0.0911039188504219, "tonal.hpcp_crest.mean": 14.70879077911377, "tonal.hpcp_crest.stdev": 5.39337682723999, "tonal.hpcp_entropy.mean": 1.696069598197937, "tonal.hpcp_entropy.stdev": 0.6056398153305054, "tonal.key_edma.strength": 0.710505485534668, "tonal.key_krumhansl.strength": 0.7356240153312683, "tonal.key_temperley.strength": 0.7491970658302307, "tonal.tuning_diatonic_strength": 0.590941309928894, "tonal.tuning_equal_tempered_deviation": 0.08144552260637283, "tonal.tuning_frequency": 443.0604248046875, "tonal.tuning_nontempered_energy_ratio": 0.7404537200927734, "lowlevel.barkbands.mean": [0.001981162466108799, 0.027366241440176964, 0.008328801020979881, 0.003579731099307537, 0.002880618441849947, 0.0012006111210212111, 0.001640915870666504, 0.004730990622192621, 0.0006180934142321348, 0.0005590262589976192, 0.00025383627507835627, 0.0008166306652128696, 0.0004407975065987557, 0.0003336959343869239, 0.00039961005677469075, 0.00019776668341364712, 0.00018778243975248188, 8.670854731462896e-05, 6.816286622779444e-05, 7.259788981173187e-05, 3.3168580557685345e-05, 4.7349618398584425e-05, 5.587705163634382e-05, 3.444044341449626e-05, 2.029985625995323e-05, 9.238997336069588e-06, 1.7738466340233572e-07], "lowlevel.barkbands.stdev": [0.0019642049446702003, 0.03738194331526756, 0.013710903003811836, 0.007498152554035187, 0.0059843710623681545, 0.003895045490935445, 0.005969242658466101, 0.009158116765320301, 0.002216439926996827, 0.0023117794189602137, 0.0010168140288442373, 0.003557183314114809, 0.001588904531672597, 0.000916798016987741, 0.0010809358209371567, 0.0005387912970036268, 0.00039868749445304275, 0.0002567399060353637, 0.00022076039749663323, 0.00021148368250578642, 0.00015070950030349195, 0.00014508092135656625, 0.0001243417791556567, 8.170888031600043e-05, 4.839449320570566e-05, 2.0573697838699445e-05, 7.627559170941822e-07], "lowlevel.erbbands.mean": [1.1775177717208862, 4.621456623077393, 9.00524616241455, 12.769866943359375, 7.59253454208374, 9.814377784729004, 15.371404647827148, 7.040916919708252, 18.363805770874023, 51.496150970458984, 96.33396911621094, 23.496301651000977, 13.924641609191895, 15.20095157623291, 15.568145751953125, 37.62424850463867, 16.711702346801758, 26.5880069732666, 20.842315673828125, 13.331856727600098, 9.825174331665039, 8.336488723754883, 6.087536334991455, 2.9029176235198975, 4.343416213989258, 3.2851531505584717, 1.5799763202667236, 1.2297358512878418, 1.6447250843048096, 1.9091876745224, 1.451135516166687, 0.8460913896560669, 0.5170829892158508, 0.2563169598579407, 0.13038474321365356, 0.05492754653096199, 0.014561915770173073, 0.0013632798800244927, 5.9076988691231236e-05, 6.348804890876636e-05], "lowlevel.erbbands.stdev": [1.4757394790649414, 7.473750114440918, 13.746145248413086, 20.949424743652344, 20.58103370666504, 20.619386672973633, 43.348846435546875, 27.533761978149414, 65.00006866455078, 116.26325988769531, 215.0717315673828, 62.95737838745117, 84.23432159423828, 41.86944580078125, 67.38079833984375, 163.31973266601562, 50.92182540893555, 79.85025787353516, 54.995330810546875, 31.130178451538086, 22.333410263061523, 18.212188720703125, 15.78229808807373, 9.568917274475098, 12.166874885559082, 10.17027759552002, 7.0966105461120605, 5.247974395751953, 5.247570514678955, 4.818528175354004, 3.2406678199768066, 1.8343175649642944, 1.3919997215270996, 0.660268247127533, 0.312628835439682, 0.12590736150741577, 0.03344796597957611, 0.00381058594211936, 9.777803643373773e-05, 5.2143695938866585e-05], "lowlevel.gfcc.mean": [-106.01956176757812, 126.3704605102539, -89.642822265625, 25.310049057006836, -50.70796203613281, 13.56409740447998, -40.23774337768555, 5.11577033996582, -12.733304023742676, -6.7651238441467285, -11.27140998840332, -13.828653335571289, -14.126659393310547], "lowlevel.melbands.mean": [0.008747903630137444, 0.0049728467129170895, 0.0019740089774131775, 0.0005822071107104421, 0.0005276052397675812, 0.00016765168402343988, 0.00030201717163436115, 0.0006530373357236385, 0.0007069980492815375, 9.934342233464122e-05, 6.55710173305124e-05, 6.1337515944615e-05, 3.63979343092069e-05, 9.821829007705674e-05, 5.323146979208104e-05, 4.6254728658823296e-05, 4.702922888100147e-05, 2.881956606870517e-05, 2.566424518590793e-05, 1.747749774949625e-05, 1.0563863725110423e-05, 9.295351446780842e-06, 7.236588771775132e-06, 4.152267138124444e-06, 1.971699248315417e-06, 2.8671950076386565e-06, 3.413945705688093e-06, 1.8732572470980813e-06, 9.682120207799016e-07, 8.077236088865902e-07, 6.806159831285186e-07, 9.066488928510807e-07, 9.930920441547642e-07, 1.119683815886674e-06, 9.053541702996881e-07, 5.93572963225597e-07, 4.991655373487447e-07, 3.8713653793820413e-07, 2.6556293164503586e-07, 1.965309621709821e-07], "lowlevel.melbands.stdev": [0.011419911868870258, 0.006662484724074602, 0.0033609631936997175, 0.0013277357211336493, 0.0013403153279796243, 0.0006095036515034735, 0.0011228768853470683, 0.0013782656751573086, 0.0015992061235010624, 0.0003479146689642221, 0.00041769430390559137, 0.00017537656822241843, 0.0001614384527783841, 0.00039892137283459306, 0.00022192398319020867, 0.00016930499987211078, 0.0001393147831549868, 7.922043732833117e-05, 7.250678754644468e-05, 4.9811405915534124e-05, 2.5426748834433965e-05, 2.108086300722789e-05, 1.8267108316649683e-05, 1.2192489521112293e-05, 7.406299118883908e-06, 9.168248652713373e-06, 8.575848369218875e-06, 6.870265224279137e-06, 4.488938884605886e-06, 3.765453811865882e-06, 2.9210457341832807e-06, 3.1311788006860297e-06, 2.8024021503370022e-06, 2.741509661063901e-06, 2.05101400752028e-06, 1.3583099871539162e-06, 1.0819974249898223e-06, 1.039790959111997e-06, 7.58288308588817e-07, 5.01778629313776e-07], "lowlevel.melbands128.mean": [0.0019012130796909332, 0.010640996508300304, 0.011116152629256248, 0.006278681103140116, 0.004615770187228918, 0.0039590876549482346, 0.00291896378621459, 0.001291472464799881, 0.000631514994893223, 0.0005640141316689551, 0.0005106508615426719, 0.0006132802227512002, 0.0006349060568027198, 0.00030125773628242314, 0.00012772365880664438, 0.00010448686953168362, 0.0001448785187676549, 0.00039973569801077247, 0.00043054550769738853, 0.0005268125678412616, 0.0007746302871964872, 0.0009113791747950017, 0.0009387673926539719, 0.00015391506894957274, 0.00013813187251798809, 4.597035876940936e-05, 4.231751518091187e-05, 9.942879114532843e-05, 3.281000681454316e-05, 9.535524441162124e-05, 6.0449227021308616e-05, 2.1315016056178138e-05, 1.918658017530106e-05, 6.830460188211873e-05, 4.8740730562713e-05, 0.00014091345656197518, 0.00013599057274404913, 1.980810884560924e-05, 3.4519754990469664e-05, 1.9220551621401682e-05, 4.006868039141409e-05, 0.00010520652722334489, 4.452753273653798e-05, 2.7545007469598204e-05, 8.549382073397283e-06, 2.9186510801082477e-05, 5.3681967983720824e-05, 3.341830233694054e-05, 7.673771506233606e-06, 1.2676247024501208e-05, 2.7427136956248432e-05, 1.188821806863416e-05, 5.370809049054515e-06, 1.238669574377127e-05, 1.6472304196213372e-05, 5.560630143008893e-06, 6.215454050106928e-06, 1.1064978934882674e-05, 5.177262210054323e-06, 5.388082172430586e-06, 5.363184300222201e-06, 1.909614411488292e-06, 2.089341023747693e-06, 1.982304638659116e-06, 1.8157033991883509e-06, 2.951568831122131e-06, 3.4745112316159066e-06, 3.1241675060300622e-06, 4.282349891582271e-06, 2.6318987238482805e-06, 1.7608908819966018e-06, 1.5735178067188826e-06, 9.017182946990943e-07, 9.453885354560043e-07, 8.94543973117834e-07, 9.005964898278762e-07, 7.564589736830385e-07, 5.659408088831697e-07, 6.880275691401039e-07, 7.106635848685983e-07, 9.558700639900053e-07, 9.393222626385977e-07, 9.375370382258552e-07, 1.0146497970708879e-06, 1.0000075008065323e-06, 1.1263889518886572e-06, 1.0783451216411777e-06, 1.2694423503489816e-06, 8.304337484332791e-07, 7.421771215376793e-07, 7.21317121588072e-07, 5.001155614081654e-07, 4.727078817268193e-07, 5.296204221849621e-07, 5.123935693518433e-07, 4.025255861961341e-07, 3.730472997176548e-07, 3.4359715073151165e-07, 2.44397085680248e-07, 2.479943930211448e-07, 2.2969142321471736e-07, 1.8089923514708062e-07, 1.66712212035236e-07, 1.5528708274814562e-07, 1.51402403503198e-07, 1.3660135778081894e-07, 1.2669050875047105e-07, 1.090658088287455e-07, 8.94296974252029e-08, 8.433351439407488e-08, 6.798138940666831e-08, 5.526712243408838e-08, 4.5071089971315814e-08, 3.261482461880405e-08, 1.890495404666126e-08, 1.1841137848023209e-08, 5.9591998002872515e-09, 1.6455100615431206e-09, 1.6153087201153937e-10, 9.187656711817649e-12, 8.802230645754694e-12, 8.605918928872303e-12, 8.41124652567471e-12, 8.269087671541886e-12, 8.129976726556354e-12, 7.991469465340462e-12, 7.902343709953463e-12, 7.856636348446688e-12], "lowlevel.melbands128.stdev": [0.0019025829387828708, 0.012982870452105999, 0.01730564795434475, 0.011560158804059029, 0.0075961025431752205, 0.006651035510003567, 0.00482343602925539, 0.0032576110679656267, 0.0021283337846398354, 0.0015433094231411815, 0.0012019799323752522, 0.001626750105060637, 0.0019879895262420177, 0.0012051351368427277, 0.0008593249949626625, 0.0005156681290827692, 0.0007330478983931243, 0.0016934317536652088, 0.0020922445692121983, 0.0014426917769014835, 0.0022214073687791824, 0.0022512488067150116, 0.00254667061381042, 0.0005403312970884144, 0.000653208524454385, 0.00034835716360248625, 0.00030417562811635435, 0.0008218313450925052, 0.00014149518392514437, 0.0003146209637634456, 0.00021553122496698052, 0.00013838305312674493, 7.398048182949424e-05, 0.00041157694067806005, 0.00042173892143182456, 0.000666600011754781, 0.0007082285010255873, 0.00017828599084168673, 0.00020574545487761497, 9.882126323645934e-05, 0.00018723249377217144, 0.0005014983471482992, 0.00016195530770346522, 9.958074224414304e-05, 3.9707316318526864e-05, 0.00011158714914927259, 0.00017387485422659665, 0.00014613522216677666, 2.714741822273936e-05, 4.977120261173695e-05, 9.399999544257298e-05, 3.7753659853478894e-05, 1.934811007231474e-05, 3.7634974432876334e-05, 4.152245310251601e-05, 2.218116969743278e-05, 1.8215434465673752e-05, 2.976551877509337e-05, 2.2805978005635552e-05, 1.8628481484483927e-05, 1.6726389731047675e-05, 8.61532043927582e-06, 8.609931683167815e-06, 7.858545359340496e-06, 8.628975592728239e-06, 9.986889381252695e-06, 1.1885526873811614e-05, 9.523650987830479e-06, 1.2845909623138141e-05, 7.443979939125711e-06, 7.6126902968098875e-06, 7.573136372229783e-06, 4.536719643510878e-06, 4.950076345267007e-06, 4.555352916213451e-06, 4.323353095969651e-06, 4.0166232793126255e-06, 2.559664835644071e-06, 3.154585556330858e-06, 3.026261083505233e-06, 3.845775154331932e-06, 3.2484231269336306e-06, 2.77319645647367e-06, 3.1305621632782277e-06, 2.908455144279287e-06, 3.409513965380029e-06, 2.6817881462193327e-06, 2.995442855535657e-06, 2.102914322676952e-06, 1.83302404366259e-06, 1.9343890471645864e-06, 1.1722704584826715e-06, 1.2164321105956333e-06, 1.212985466736427e-06, 1.145363626164908e-06, 1.0264828915751423e-06, 1.1923276588277076e-06, 1.2192299436719622e-06, 7.193145279416058e-07, 6.877913847347372e-07, 6.646143333455257e-07, 4.83882558910409e-07, 4.3342279809621687e-07, 4.820855679099623e-07, 4.039877126160718e-07, 3.5837740597344236e-07, 3.187882100519346e-07, 2.7961596060777083e-07, 2.2207588301625947e-07, 2.1322159682313213e-07, 1.7266246743474767e-07, 1.435580259112612e-07, 1.2164746010512317e-07, 9.158996050473434e-08, 5.7383228835306e-08, 4.7171173633842045e-08, 2.33016770323502e-08, 1.1211267469946051e-08, 1.975410945931344e-09, 1.4646450718913684e-11, 1.3591144702729263e-11, 1.3284665034696275e-11, 1.3010726176987397e-11, 1.2791216003060768e-11, 1.2605658704367695e-11, 1.245385045089975e-11, 1.2346084224401643e-11, 1.227958013050312e-11], "lowlevel.mfcc.mean": [-752.8541259765625, 149.2897491455078, 21.140962600708008, 17.670392990112305, 17.190147399902344, 4.912840843200684, -6.7179155349731445, 5.531291961669922, -6.640267848968506, 9.641082763671875, 0.1559150367975235, -2.776623010635376, 2.354081869125366], "lowlevel.spectral_contrast_coeffs.mean": [-0.6202241778373718, -0.690496027469635, -0.7675909399986267, -0.7838365435600281, -0.784838080406189, -0.8018677234649658], "lowlevel.spectral_contrast_coeffs.stdev": [0.12445175647735596, 0.12219881266355515, 0.0910603404045105, 0.07967745512723923, 0.06884424388408661, 0.047246355563402176], "lowlevel.spectral_contrast_valleys.mean": [-7.488722324371338, -7.754082679748535, -8.642049789428711, -8.885701179504395, -9.291131973266602, -11.600418090820312], "lowlevel.spectral_contrast_valleys.stdev": [2.010364055633545, 1.221893310546875, 1.4345653057098389, 1.5970311164855957, 1.7291314601898193, 1.8306519985198975], "rhythm.beats_loudness_band_ratio.mean": [0.5129259824752808, 0.18619000911712646, 0.20482075214385986, 0.07164614647626877, 0.04334802180528641, 0.01628703996539116], "rhythm.beats_loudness_band_ratio.stdev": [0.36651599407196045, 0.2700585722923279, 0.23025107383728027, 0.12489218264818192, 0.0683063417673111, 0.026536783203482628], "tonal.hpcp.mean": [0.11218271404504776, 0.0639173611998558, 0.15085192024707794, 0.2392415553331375, 0.13187597692012787, 0.031525868922472, 0.02361639030277729, 0.028879888355731964, 0.10993495583534241, 0.13370971381664276, 0.0565626360476017, 0.026087770238518715, 0.027500586584210396, 0.03391500189900398, 0.15116170048713684, 0.21348975598812103, 0.11424390971660614, 0.10868231952190399, 0.14111672341823578, 0.09282243251800537, 0.06950672715902328, 0.051397182047367096, 0.016430240124464035, 0.018999161198735237, 0.027082299813628197, 0.03152007609605789, 0.04317769035696983, 0.04259965196251869, 0.05217646807432175, 0.22088095545768738, 0.3315005898475647, 0.1795886605978012, 0.05469838157296181, 0.04446970298886299, 0.053743600845336914, 0.10563725233078003], "tonal.hpcp.stdev": [0.2614496052265167, 0.17667938768863678, 0.24908262491226196, 0.38486936688423157, 0.2367538958787918, 0.13667471706867218, 0.10788203030824661, 0.1162705048918724, 0.23549923300743103, 0.27725884318351746, 0.14884425699710846, 0.11141236126422882, 0.12955047190189362, 0.12444024533033371, 0.2494518905878067, 0.3024604320526123, 0.17590758204460144, 0.2201499044895172, 0.27401497960090637, 0.1840016394853592, 0.17889074981212616, 0.17751792073249817, 0.07151297479867935, 0.0916895866394043, 0.12499925494194031, 0.12292651832103729, 0.1473662257194519, 0.15015900135040283, 0.1598387509584427, 0.31376785039901733, 0.4366821050643921, 0.28404897451400757, 0.18254992365837097, 0.1608714908361435, 0.1847323775291443, 0.2481309324502945], "rhythm.beats_position": [0.42956915497779846, 0.9171881675720215, 1.3931972980499268, 1.8808163404464722, 2.3684353828430176, 2.8560543060302734, 3.3436734676361084, 3.8312923908233643, 4.318911552429199, 4.806530475616455, 5.305759429931641, 5.979138374328613, 6.640906810760498, 7.302675724029541, 7.952834129333496, 8.59138298034668, 9.287981986999512, 9.984580039978027, 10.727619171142578, 11.459047317504883, 12.202085494995117, 12.956734657287598, 13.699772834777832, 14.442811965942383, 15.185850143432617, 15.940498352050781, 16.695146560668945, 17.43818473815918, 18.181224822998047, 18.92426300048828, 19.678911209106445, 20.43355941772461, 21.176597595214844, 21.91963768005371, 22.662675857543945, 23.40571403503418, 24.160362243652344, 24.915010452270508, 25.658048629760742, 26.40108871459961, 27.155736923217773, 27.910385131835938, 28.653423309326172, 29.396461486816406, 30.13949966430664, 30.882539749145508, 31.625577926635742, 32.380226135253906, 33.1348762512207, 33.87791442871094, 34.62095260620117, 35.363990783691406, 36.10702896118164, 36.86167907714844, 37.61632537841797, 38.370975494384766], "rhythm.bpm_histogram": [0.0, 0.0, 0.0, 0.0, 0.0, 0.0, 0.0, 0.0, 0.0, 0.0, 0.0, 0.0, 0.0, 0.0, 0.0, 0.0, 0.0, 0.0, 0.0, 0.0, 0.0, 0.0, 0.0, 0.0, 0.0, 0.0, 0.0, 0.0, 0.0, 0.0, 0.0, 0.0, 0.0, 0.0, 0.0, 0.0, 0.0, 0.0, 0.0, 0.0, 0.0, 0.0, 0.0, 0.0, 0.0, 0.0, 0.0, 0.0, 0.0, 0.0, 0.0, 0.0, 0.0, 0.0, 0.0, 0.0, 0.0, 0.0, 0.0, 0.0, 0.0, 0.0, 0.0, 0.0, 0.0, 0.0, 0.0, 0.0, 0.0, 0.0, 0.0, 0.0, 0.0, 0.0, 0.0, 0.0, 0.0, 0.0, 0.0, 0.0, 0.2545454502105713, 0.41818180680274963, 0.0181818176060915, 0.0, 0.0, 0.0, 0.036363635212183, 0.0, 0.0, 0.0181818176060915, 0.0, 0.036363635212183, 0.0181818176060915, 0.0, 0.0181818176060915, 0.0, 0.0, 0.0, 0.0, 0.0, 0.0, 0.0, 0.0, 0.0, 0.0, 0.0, 0.0, 0.0, 0.0, 0.0, 0.0, 0.0, 0.0, 0.0, 0.0, 0.0, 0.0, 0.0, 0.0, 0.0, 0.0181818176060915, 0.0, 0.0, 0.145454540848732, 0.0, 0.0, 0.0181818176060915, 0.0, 0.0, 0.0, 0.0, 0.0, 0.0, 0.0, 0.0, 0.0, 0.0, 0.0, 0.0, 0.0, 0.0, 0.0, 0.0, 0.0, 0.0, 0.0, 0.0, 0.0, 0.0, 0.0, 0.0, 0.0, 0.0, 0.0, 0.0, 0.0, 0.0, 0.0, 0.0, 0.0, 0.0, 0.0, 0.0, 0.0, 0.0, 0.0, 0.0, 0.0, 0.0, 0.0, 0.0, 0.0, 0.0, 0.0, 0.0, 0.0, 0.0, 0.0, 0.0, 0.0, 0.0, 0.0, 0.0, 0.0, 0.0, 0.0, 0.0, 0.0, 0.0, 0.0, 0.0, 0.0, 0.0, 0.0, 0.0, 0.0, 0.0, 0.0, 0.0, 0.0, 0.0, 0.0, 0.0, 0.0, 0.0, 0.0, 0.0, 0.0, 0.0, 0.0, 0.0, 0.0, 0.0, 0.0, 0.0, 0.0, 0.0, 0.0, 0.0, 0.0, 0.0, 0.0, 0.0, 0.0, 0.0, 0.0, 0.0, 0.0, 0.0, 0.0, 0.0, 0.0, 0.0, 0.0, 0.0, 0.0, 0.0, 0.0, 0.0, 0.0, 0.0, 0.0, 0.0, 0.0, 0.0, 0.0, 0.0, 0.0, 0.0, 0.0], "tonal.chords_histogram": [31.704410552978516, 5.363527774810791, 0.0, 0.0, 10.250297546386719, 3.456495761871338, 0.0, 15.971394538879395, 4.052443504333496, 0.23837901651859283, 2.5029797554016113, 1.1918951272964478, 0.23837901651859283, 0.0, 0.5959475636482239, 0.0, 0.0, 0.0, 0.0, 0.0, 1.3110846281051636, 4.886769771575928, 15.494636535644531, 2.741358757019043], "tonal.thpcp": [1.0, 0.541744589805603, 0.16500236093997955, 0.13414667546749115, 0.1621221899986267, 0.3186638355255127, 0.33840879797935486, 0.19281220436096191, 0.4550577700138092, 0.721692681312561, 0.39781519770622253, 0.09510049223899841, 0.0712408721446991, 0.08711866289377213, 0.3316282331943512, 0.40334683656692505, 0.17062604427337646, 0.07869599759578705, 0.08295787870883942, 0.1023075133562088, 0.4559922516345978, 0.6440101861953735, 0.3446265757083893, 0.32784953713417053, 0.4256907105445862, 0.2800068259239197, 0.20967301726341248, 0.15504401922225952, 0.04956322908401489, 0.05731260031461716, 0.08169608563184738, 0.09508301317691803, 0.13024921715259552, 0.12850551307201385, 0.15739479660987854, 0.6663063764572144], "lowlevel.gfcc.cov": [[25121.916015625, -2854.508056640625, -1976.9241943359375, 2244.613037109375, 821.1683349609375, 2877.87939453125, 514.9898681640625, 2047.5115966796875, 744.511474609375, 1098.1826171875, 276.95361328125, 585.7244873046875, -383.6647644042969], [-2854.508056640625, 2218.705078125, 341.54290771484375, -714.57470703125, 530.1061401367188, -495.1397705078125, 351.8307189941406, -119.18213653564453, 285.5040588378906, -275.70611572265625, 284.1898193359375, -183.13771057128906, 98.8583755493164], [-1976.9241943359375, 341.54290771484375, 2790.989501953125, 999.4330444335938, 864.75927734375, 632.5205078125, 744.911865234375, 131.70643615722656, 155.9490203857422, 89.169921875, -139.26966857910156, 232.86277770996094, -29.941532135009766], [2244.613037109375, -714.57470703125, 999.4330444335938, 1765.0045166015625, 925.7667846679688, 841.2404174804688, 487.4151611328125, 358.8888854980469, 247.61782836914062, 220.06544494628906, -73.33325958251953, 170.79808044433594, -9.126058578491211], [821.1683349609375, 530.1061401367188, 864.75927734375, 925.7667846679688, 1349.3387451171875, 655.6974487304688, 710.9634399414062, 349.6366271972656, 407.4161682128906, 122.54925537109375, 73.6532974243164, 44.2845458984375, -45.11476516723633], [2877.87939453125, -495.1397705078125, 632.5205078125, 841.2404174804688, 655.6974487304688, 1052.737060546875, 590.5513916015625, 412.878173828125, 159.5626983642578, 249.08224487304688, -9.301937103271484, 142.4523468017578, -148.38157653808594], [514.9898681640625, 351.8307189941406, 744.911865234375, 487.4151611328125, 710.9634399414062, 590.5513916015625, 755.7700805664062, 307.93658447265625, 193.84033203125, 90.07625579833984, 85.05390930175781, 70.3362045288086, -82.65328979492188], [2047.5115966796875, -119.18213653564453, 131.70643615722656, 358.8888854980469, 349.6366271972656, 412.878173828125, 307.93658447265625, 472.00299072265625, 213.75564575195312, 126.96090698242188, 17.90807342529297, 76.53498077392578, -94.64602661132812], [744.511474609375, 285.5040588378906, 155.9490203857422, 247.61782836914062, 407.4161682128906, 159.5626983642578, 193.84033203125, 213.75564575195312, 338.6839599609375, 85.45784759521484, 47.324989318847656, -24.66474151611328, -22.138385772705078], [1098.1826171875, -275.70611572265625, 89.169921875, 220.06544494628906, 122.54925537109375, 249.08224487304688, 90.07625579833984, 126.96090698242188, 85.45784759521484, 198.7557830810547, -15.498371124267578, 31.803693771362305, -56.874874114990234], [276.95361328125, 284.1898193359375, -139.26966857910156, -73.33325958251953, 73.6532974243164, -9.301937103271484, 85.05390930175781, 17.90807342529297, 47.324989318847656, -15.498371124267578, 191.07781982421875, 10.880478858947754, 20.411300659179688], [585.7244873046875, -183.13771057128906, 232.86277770996094, 170.79808044433594, 44.2845458984375, 142.4523468017578, 70.3362045288086, 76.53498077392578, -24.66474151611328, 31.803693771362305, 10.880478858947754, 175.72840881347656, 18.950132369995117], [-383.6647644042969, 98.8583755493164, -29.941532135009766, -9.126058578491211, -45.11476516723633, -148.38157653808594, -82.65328979492188, -94.64602661132812, -22.138385772705078, -56.874874114990234, 20.411300659179688, 18.950132369995117, 151.8765869140625]], "lowlevel.gfcc.icov": [[0.0001660919951973483, -0.00026308392989449203, 0.0002445832942612469, -0.00023295177379623055, 0.0002261543704662472, -0.0006277650827541947, 0.00045253007556311786, -0.00045125227188691497, 3.5128468880429864e-05, -0.0003729339223355055, -5.0956990889972076e-05, -0.00037865102058276534, -3.6479188565863296e-05], [-0.00026308392989449203, 0.004021002445369959, -0.0012654276797547936, 0.0025976095348596573, -0.0023500744719058275, 0.002708469284698367, -0.002297327620908618, 0.001036563073284924, -0.002222083741798997, 0.003182725515216589, -0.002776870271191001, 0.0024869870394468307, -0.0011006660060957074], [0.0002445832942612469, -0.0012654276797547936, 0.001365199568681419, -0.0010967326816171408, 0.0007770039374008775, -0.0011718994937837124, 0.00010338140418753028, 5.8786179579328746e-05, 0.000134220375912264, -0.0010448701214045286, 0.0016441807383671403, -0.0021374314092099667, 0.0004975585616193712], [-0.00023295177379623055, 0.0025976095348596573, -0.0010967326816171408, 0.0031168581917881966, -0.0023002466186881065, 0.0011275813449174166, -0.0009758188971318305, 0.0005314286681823432, -0.001264964696019888, 0.0017834348836913705, -0.001256070681847632, 0.0014846738195046782, -0.0016227139858528972], [0.0002261543704662472, -0.0023500744719058275, 0.0007770039374008775, -0.0023002466186881065, 0.004072993993759155, -0.0021098123397678137, -5.478945968206972e-05, -0.00020476095960475504, -0.0008844841504469514, -0.0011921769473701715, 0.001361456117592752, -0.0012489916989579797, 0.0005046502919867635], [-0.0006277650827541947, 0.002708469284698367, -0.0011718994937837124, 0.0011275813449174166, -0.0021098123397678137, 0.006795450113713741, -0.00416349433362484, 0.0010735858231782913, 1.701386645436287e-05, 0.00047628895845264196, -0.0007992273312993348, 0.0014506456209346652, 0.0010107194539159536], [0.00045253007556311786, -0.002297327620908618, 0.00010338140418753028, -0.0009758188971318305, -5.478945968206972e-05, -0.00416349433362484, 0.007050227839499712, -0.003049236023798585, 0.0020231432281434536, -0.0013741416623815894, -0.0011990271741524339, -0.0006402868893928826, 0.0004742728197015822], [-0.00045125227188691497, 0.001036563073284924, 5.8786179579328746e-05, 0.0005314286681823432, -0.00020476095960475504, 0.0010735858231782913, -0.003049236023798585, 0.007115267217159271, -0.003855522722005844, 0.0015726737910881639, 0.0011438842630013824, -0.001829509623348713, 0.0020930436439812183], [3.5128468880429864e-05, -0.002222083741798997, 0.000134220375912264, -0.001264964696019888, -0.0008844841504469514, 1.701386645436287e-05, 0.0020231432281434536, -0.003855522722005844, 0.009098559617996216, -0.004218634683638811, 2.9113054551999085e-05, 0.0017946376465260983, -0.0005435675266198814], [-0.0003729339223355055, 0.003182725515216589, -0.0010448701214045286, 0.0017834348836913705, -0.0011921769473701715, 0.00047628895845264196, -0.0013741416623815894, 0.0015726737910881639, -0.004218634683638811, 0.011522483080625534, -0.0015218788757920265, 0.0013023798819631338, 0.0009728757431730628], [-5.0956990889972076e-05, -0.002776870271191001, 0.0016441807383671403, -0.001256070681847632, 0.001361456117592752, -0.0007992273312993348, -0.0011990271741524339, 0.0011438842630013824, 2.9113054551999085e-05, -0.0015218788757920265, 0.01008277852088213, -0.0037574805319309235, 0.0001594353816471994], [-0.00037865102058276534, 0.0024869870394468307, -0.0021374314092099667, 0.0014846738195046782, -0.0012489916989579797, 0.0014506456209346652, -0.0006402868893928826, -0.001829509623348713, 0.0017946376465260983, 0.0013023798819631338, -0.0037574805319309235, 0.011758803389966488, -0.003562712110579014], [-3.6479188565863296e-05, -0.0011006660060957074, 0.0004975585616193712, -0.0016227139858528972, 0.0005046502919867635, 0.0010107194539159536, 0.0004742728197015822, 0.0020930436439812183, -0.0005435675266198814, 0.0009728757431730628, 0.0001594353816471994, -0.003562712110579014, 0.010617164894938469]], "lowlevel.mfcc.cov": [[18573.8046875, -970.006103515625, -1271.524658203125, -188.09390258789062, 658.5418090820312, 725.9306640625, 556.0054321289062, 1286.0811767578125, 616.5840454101562, 1200.854248046875, 722.0322875976562, 595.79345703125, 778.566650390625], [-970.006103515625, 2298.0087890625, -256.39178466796875, -182.24331665039062, 82.87784576416016, -182.6269989013672, 105.81065368652344, 179.27410888671875, -3.0422511100769043, 147.9409942626953, 114.10382843017578, 110.86940002441406, 210.37335205078125], [-1271.524658203125, -256.39178466796875, 1598.0413818359375, 595.4846801757812, 299.42974853515625, 596.8126220703125, 352.1474914550781, 294.07257080078125, 286.14703369140625, 2.694568157196045, 74.95257568359375, 103.47997283935547, 72.80903625488281], [-188.09390258789062, -182.24331665039062, 595.4846801757812, 1060.0986328125, 668.8873291015625, 569.610107421875, 343.1369323730469, 402.2949523925781, 368.2992248535156, 212.1986541748047, 127.59613800048828, 115.58944702148438, 141.11253356933594], [658.5418090820312, 82.87784576416016, 299.42974853515625, 668.8873291015625, 775.8323364257812, 555.6790771484375, 324.58673095703125, 435.1031799316406, 367.2886657714844, 334.4375305175781, 190.36868286132812, 159.1962432861328, 199.6290283203125], [725.9306640625, -182.6269989013672, 596.8126220703125, 569.610107421875, 555.6790771484375, 905.3831787109375, 569.5439453125, 457.6812744140625, 404.1611633300781, 277.05401611328125, 252.27272033691406, 215.82046508789062, 156.1759033203125], [556.0054321289062, 105.81065368652344, 352.1474914550781, 343.1369323730469, 324.58673095703125, 569.5439453125, 637.0004272460938, 482.7994384765625, 281.9981384277344, 210.12869262695312, 220.47048950195312, 206.36785888671875, 180.58656311035156], [1286.0811767578125, 179.27410888671875, 294.07257080078125, 402.2949523925781, 435.1031799316406, 457.6812744140625, 482.7994384765625, 645.1502075195312, 352.1064147949219, 296.3779296875, 240.78152465820312, 227.93057250976562, 258.554931640625], [616.5840454101562, -3.0422511100769043, 286.14703369140625, 368.2992248535156, 367.2886657714844, 404.1611633300781, 281.9981384277344, 352.1064147949219, 385.3634338378906, 259.2653503417969, 161.79876708984375, 124.52625274658203, 147.82887268066406], [1200.854248046875, 147.9409942626953, 2.694568157196045, 212.1986541748047, 334.4375305175781, 277.05401611328125, 210.12869262695312, 296.3779296875, 259.2653503417969, 400.7447814941406, 230.4628143310547, 118.02152252197266, 146.44374084472656], [722.0322875976562, 114.10382843017578, 74.95257568359375, 127.59613800048828, 190.36868286132812, 252.27272033691406, 220.47048950195312, 240.78152465820312, 161.79876708984375, 230.4628143310547, 261.43359375, 136.56968688964844, 109.69364929199219], [595.79345703125, 110.86940002441406, 103.47997283935547, 115.58944702148438, 159.1962432861328, 215.82046508789062, 206.36785888671875, 227.93057250976562, 124.52625274658203, 118.02152252197266, 136.56968688964844, 206.39796447753906, 139.7379913330078], [778.566650390625, 210.37335205078125, 72.80903625488281, 141.11253356933594, 199.6290283203125, 156.1759033203125, 180.58656311035156, 258.554931640625, 147.82887268066406, 146.44374084472656, 109.69364929199219, 139.7379913330078, 234.39854431152344]], "lowlevel.mfcc.icov": [[0.0001100967128877528, 0.00010394259152235463, 0.00011364938836777583, 9.725495328893885e-05, 9.512397809885442e-05, -0.0001878439652500674, 0.00021575140999630094, -0.00032410354469902813, 0.00016342138405889273, -0.0002914521610364318, 7.812566764187068e-05, -2.9061900931992568e-05, -0.00025761639699339867], [0.00010394259152235463, 0.000659236975479871, 7.216375524876639e-05, 0.000299960927804932, -0.00027211266569793224, 0.00033551419619470835, -0.00017543583817314357, -0.00020251344540156424, 0.0002480791008565575, -0.0003324155695736408, -9.004111780086532e-05, -6.705323903588578e-05, -0.0006398343248292804], [0.00011364938836777583, 7.216375524876639e-05, 0.0011747702956199646, -0.0003720992535818368, 0.0005710856639780104, -0.0009622773504815996, 0.0004717065312433988, -0.0005663851043209434, -0.0002650249225553125, 0.00045595545088872313, -1.8131873730453663e-05, 0.00011797218030551448, -0.00034660479286685586], [9.725495328893885e-05, 0.000299960927804932, -0.0003720992535818368, 0.0028173818718641996, -0.0022433269768953323, 0.00015019111742731184, -0.0002102160797221586, -0.00037438335129991174, -0.0005712339770980179, 0.00047259172424674034, 7.58472306188196e-05, 0.0003756447113119066, 1.819039971451275e-05], [9.512397809885442e-05, -0.00027211266569793224, 0.0005710856639780104, -0.0022433269768953323, 0.005783561151474714, -0.0027540114242583513, 0.002083339262753725, -0.0016321768052875996, 0.000427129736635834, -0.0024296969641000032, 0.0013408958911895752, 3.072022445849143e-05, -0.0011911960318684578], [-0.0001878439652500674, 0.00033551419619470835, -0.0009622773504815996, 0.00015019111742731184, -0.0027540114242583513, 0.006167286541312933, -0.004227995872497559, 0.0024830331094563007, -0.0023690341040492058, 0.0009235237375833094, -0.0014313246356323361, -0.0013778578722849488, 0.0016944048693403602], [0.00021575140999630094, -0.00017543583817314357, 0.0004717065312433988, -0.0002102160797221586, 0.002083339262753725, -0.004227995872497559, 0.007149834185838699, -0.004452977329492569, 0.0013005404034629464, -0.00018878479022532701, -0.00019387310021556914, -0.00018251944857183844, -0.000635662698186934], [-0.00032410354469902813, -0.00020251344540156424, -0.0005663851043209434, -0.00037438335129991174, -0.0016321768052875996, 0.0024830331094563007, -0.004452977329492569, 0.00818681437522173, -0.002976479474455118, 0.0006567049422301352, -0.0011500329710543156, -0.001203454565256834, -0.0014820345677435398], [0.00016342138405889273, 0.0002480791008565575, -0.0002650249225553125, -0.0005712339770980179, 0.000427129736635834, -0.0023690341040492058, 0.0013005404034629464, -0.002976479474455118, 0.009341365657746792, -0.0040777456015348434, 0.001453563803806901, 0.0005086237797513604, -0.0011704906355589628], [-0.0002914521610364318, -0.0003324155695736408, 0.00045595545088872313, 0.00047259172424674034, -0.0024296969641000032, 0.0009235237375833094, -0.00018878479022532701, 0.0006567049422301352, -0.0040777456015348434, 0.009869284927845001, -0.00604240270331502, 0.0017960378900170326, -0.00012194758164696395], [7.812566764187068e-05, -9.004111780086532e-05, -1.8131873730453663e-05, 7.58472306188196e-05, 0.0013408958911895752, -0.0014313246356323361, -0.00019387310021556914, -0.0011500329710543156, 0.001453563803806901, -0.00604240270331502, 0.01127078477293253, -0.003709620563313365, 0.0008062439737841487], [-2.9061900931992568e-05, -6.705323903588578e-05, 0.00011797218030551448, 0.0003756447113119066, 3.072022445849143e-05, -0.0013778578722849488, -0.00018251944857183844, -0.001203454565256834, 0.0005086237797513604, 0.0017960378900170326, -0.003709620563313365, 0.011771357618272305, -0.004470511339604855], [-0.00025761639699339867, -0.0006398343248292804, -0.00034660479286685586, 1.819039971451275e-05, -0.0011911960318684578, 0.0016944048693403602, -0.000635662698186934, -0.0014820345677435398, -0.0011704906355589628, -0.00012194758164696395, 0.0008062439737841487, -0.004470511339604855, 0.010905133560299873]], "metadata.audio_properties.analysis.downmix": "mix", "metadata.audio_properties.codec": "mp3", "metadata.audio_properties.md5_encoded": "2c69f041f9f4dbb8456586eadbfc1a95", "metadata.tags.file_name": "1183650271142871050.mp3", "metadata.version.essentia": "2.1-beta6-dev", "metadata.version.essentia_git_sha": "v2.1_beta5-1110-g77a6a954", "metadata.version.extractor": "music 2.0", "tonal.chords_key": "G", "tonal.chords_scale": "minor", "tonal.key_edma.key": "G", "tonal.key_edma.scale": "minor", "tonal.key_krumhansl.key"