{"song_id": "1183700428374933535", "download": "https://cdn.discordapp.com/attachments/1128313332273782784/1183700428374933535/chirp.mp4?ex=658949ee&amp", "lyrics": "In the eerie present, madness unfolds,\nDream-shredding demon, angel born of sin, stories untold.\n\nDesire, madness, sin, graves, derision, termination,\nAnger's curse, death's roots, cruel hearts, abomination.\n\nBeasts emerge for a feast in the dark abyss,\nDemons sing, Satan's disciples, escape dismissed.\n\nI am the dream-shredding demon, emblem weeping,\nBlood longs to leave, roots of death in shadows creeping.\n\nNo way out, unholy rite tonight,\nPain, pursuit, trials, cleanse, demonic might\n\n[Verse]\nIn shadows deep, a haunting sound\nDark whispers lurk, all around\nEchoes of despair, they ring\nMelodies that sadness bring\n\n[Chorus]\nLost in the void, where silence meets\nDark ambient, where darkness greets\nUnveiling secrets, mystery untold\nEmbracing solitude, where shadows unfold", "style": ["random"], "essentia_features": {"lowlevel.average_loudness": 0.9644317030906677, "lowlevel.barkbands_crest.mean": 13.00460433959961, "lowlevel.barkbands_crest.stdev": 4.2695417404174805, "lowlevel.barkbands_flatness_db.mean": 0.22425827383995056, "lowlevel.barkbands_flatness_db.stdev": 0.06543411314487457, "lowlevel.barkbands_kurtosis.mean": 8.837224006652832, "lowlevel.barkbands_kurtosis.stdev": 7.276774883270264, "lowlevel.barkbands_skewness.mean": 2.380403518676758, "lowlevel.barkbands_skewness.stdev": 0.8701763153076172, "lowlevel.barkbands_spread.mean": 10.588250160217285, "lowlevel.barkbands_spread.stdev": 9.990921974182129, "lowlevel.dissonance.mean": 0.4514201879501343, "lowlevel.dissonance.stdev": 0.02695460431277752, "lowlevel.dynamic_complexity": 4.90147590637207, "lowlevel.erbbands_crest.mean": 8.642844200134277, "lowlevel.erbbands_crest.stdev": 3.3940327167510986, "lowlevel.erbbands_flatness_db.mean": 0.17946583032608032, "lowlevel.erbbands_flatness_db.stdev": 0.04183665290474892, "lowlevel.erbbands_kurtosis.mean": 0.618803083896637, "lowlevel.erbbands_kurtosis.stdev": 1.747128963470459, "lowlevel.erbbands_skewness.mean": 0.6444502472877502, "lowlevel.erbbands_skewness.stdev": 0.6715987920761108, "lowlevel.erbbands_spread.mean": 33.816505432128906, "lowlevel.erbbands_spread.stdev": 17.148998260498047, "lowlevel.hfc.mean": 16.698759078979492, "lowlevel.hfc.stdev": 16.92516326904297, "lowlevel.loudness_ebu128.integrated": -16.2359561920166, "lowlevel.loudness_ebu128.loudness_range": 4.502254486083984, "lowlevel.loudness_ebu128.momentary.mean": -19.676183700561523, "lowlevel.loudness_ebu128.momentary.stdev": 10.25112247467041, "lowlevel.loudness_ebu128.short_term.mean": -17.27783966064453, "lowlevel.loudness_ebu128.short_term.stdev": 3.7881500720977783, "lowlevel.melbands_crest.mean": 16.70186424255371, "lowlevel.melbands_crest.stdev": 4.569746017456055, "lowlevel.melbands_flatness_db.mean": 0.31076663732528687, "lowlevel.melbands_flatness_db.stdev": 0.08048094809055328, "lowlevel.melbands_kurtosis.mean": 17.06939697265625, "lowlevel.melbands_kurtosis.stdev": 11.729169845581055, "lowlevel.melbands_skewness.mean": 3.138338327407837, "lowlevel.melbands_skewness.stdev": 1.097104787826538, "lowlevel.melbands_spread.mean": 9.148714065551758, "lowlevel.melbands_spread.stdev": 8.028543472290039, "lowlevel.pitch_salience.mean": 0.5069316625595093, "lowlevel.pitch_salience.stdev": 0.12571443617343903, "lowlevel.silence_rate_20dB.mean": 1.0, "lowlevel.silence_rate_20dB.stdev": 0.0, "lowlevel.silence_rate_30dB.mean": 0.9906615018844604, "lowlevel.silence_rate_30dB.stdev": 0.09618230909109116, "lowlevel.silence_rate_60dB.mean": 0.09961089491844177, "lowlevel.silence_rate_60dB.stdev": 0.29948028922080994, "lowlevel.spectral_centroid.mean": 630.812744140625, "lowlevel.spectral_centroid.stdev": 348.0664367675781, "lowlevel.spectral_complexity.mean": 16.200000762939453, "lowlevel.spectral_complexity.stdev": 8.380969047546387, "lowlevel.spectral_decrease.mean": -1.3459499292878263e-08, "lowlevel.spectral_decrease.stdev": 7.159702608561247e-09, "lowlevel.spectral_energy.mean": 0.05231396108865738, "lowlevel.spectral_energy.stdev": 0.027721619233489037, "lowlevel.spectral_energyband_high.mean": 0.0003948784142266959, "lowlevel.spectral_energyband_high.stdev": 0.0016896279994398355, "lowlevel.spectral_energyband_low.mean": 0.029942357912659645, "lowlevel.spectral_energyband_low.stdev": 0.019459696486592293, "lowlevel.spectral_energyband_middle_high.mean": 0.003605674020946026, "lowlevel.spectral_energyband_middle_high.stdev": 0.004137856885790825, "lowlevel.spectral_energyband_middle_low.mean": 0.018914058804512024, "lowlevel.spectral_energyband_middle_low.stdev": 0.013720066286623478, "lowlevel.spectral_entropy.mean": 7.041325092315674, "lowlevel.spectral_entropy.stdev": 0.48721814155578613, "lowlevel.spectral_flux.mean": 0.07237127423286438, "lowlevel.spectral_flux.stdev": 0.03571386635303497, "lowlevel.spectral_kurtosis.mean": 10.820493698120117, "lowlevel.spectral_kurtosis.stdev": 9.423906326293945, "lowlevel.spectral_rms.mean": 0.0066603063605725765, "lowlevel.spectral_rms.stdev": 0.002584238536655903, "lowlevel.spectral_rolloff.mean": 529.1310424804688, "lowlevel.spectral_rolloff.stdev": 857.3785400390625, "lowlevel.spectral_skewness.mean": 2.4546680450439453, "lowlevel.spectral_skewness.stdev": 0.7674560546875, "lowlevel.spectral_spread.mean": 3517548.75, "lowlevel.spectral_spread.stdev": 1610763.375, "lowlevel.spectral_strongpeak.mean": 0.47176840901374817, "lowlevel.spectral_strongpeak.stdev": 0.43945011496543884, "lowlevel.zerocrossingrate.mean": 0.02718149684369564, "lowlevel.zerocrossingrate.stdev": 0.027897024527192116, "metadata.audio_properties.analysis.equal_loudness": 0.0, "metadata.audio_properties.analysis.length": 29.80265235900879, "metadata.audio_properties.analysis.sample_rate": 44100.0, "metadata.audio_properties.analysis.start_time": 0.0, "metadata.audio_properties.bit_rate": 109020.0, "metadata.audio_properties.length": 29.80266761779785, "metadata.audio_properties.lossless": 0.0, "metadata.audio_properties.number_channels": 1.0, "metadata.audio_properties.replay_gain": -8.905187606811523, "metadata.audio_properties.sample_rate": 48000.0, "rhythm.beats_count": 58.0, "rhythm.beats_loudness.mean": 0.05519552528858185, "rhythm.beats_loudness.stdev": 0.025876134634017944, "rhythm.bpm": 112.38967895507812, "rhythm.bpm_histogram_first_peak_bpm": 112.0, "rhythm.bpm_histogram_first_peak_weight": 0.48148149251937866, "rhythm.bpm_histogram_second_peak_bpm": 117.0, "rhythm.bpm_histogram_second_peak_spread": 0.2857142686843872, "rhythm.bpm_histogram_second_peak_weight": 0.08771929889917374, "rhythm.danceability": 0.848022997379303, "rhythm.onset_rate": 1.0062243938446045, "tonal.chords_changes_rate": 0.023328149691224098, "tonal.chords_number_rate": 0.007776049897074699, "tonal.chords_strength.mean": 0.5929656624794006, "tonal.chords_strength.stdev": 0.08413448184728622, "tonal.hpcp_crest.mean": 13.727944374084473, "tonal.hpcp_crest.stdev": 6.3625874519348145, "tonal.hpcp_entropy.mean": 1.9926613569259644, "tonal.hpcp_entropy.stdev": 0.6383367776870728, "tonal.key_edma.strength": 0.5435232520103455, "tonal.key_krumhansl.strength": 0.5669758915901184, "tonal.key_temperley.strength": 0.5755518078804016, "tonal.tuning_diatonic_strength": 0.5699626207351685, "tonal.tuning_equal_tempered_deviation": 0.20959067344665527, "tonal.tuning_frequency": 434.193115234375, "tonal.tuning_nontempered_energy_ratio": 0.9522275328636169, "lowlevel.barkbands.mean": [0.0006482088356278837, 0.022234700620174408, 0.00656973896548152, 0.0017148279584944248, 0.010776353068649769, 0.0031306007876992226, 0.00146604108158499, 0.0006326769362203777, 0.0010520478244870901, 0.0008032241021282971, 0.0003775114309974015, 0.0005024830461479723, 0.00031645636772736907, 0.00041771112591959536, 0.00031221663812175393, 0.0002716674061957747, 0.00047918816562741995, 0.00014639018627349287, 5.1595176046248525e-05, 3.501092578517273e-05, 5.04402160004247e-05, 5.405538831837475e-05, 6.994551222305745e-05, 0.00010042429494205862, 8.310064731631428e-05, 1.7339616533718072e-05, 1.6503836075543177e-09], "lowlevel.barkbands.stdev": [0.0010081552900373936, 0.017036233097314835, 0.0070890262722969055, 0.002201668219640851, 0.009860001504421234, 0.0027649265248328447, 0.0022755535319447517, 0.0008505121804773808, 0.0014267173828557134, 0.0012151472037658095, 0.0010005066869780421, 0.0009878695709630847, 0.0010305421892553568, 0.001080217189155519, 0.0007466051611118019, 0.0008081553387455642, 0.0009001334547065198, 0.00026357799652032554, 7.370657112915069e-05, 0.00018263672245666385, 0.00021776104404125363, 0.00019303961016703397, 0.0002964954182971269, 0.0005466455477289855, 0.0003914331318810582, 5.9638005041051656e-05, 2.4815929311472473e-09], "lowlevel.erbbands.mean": [0.7769622802734375, 4.4537763595581055, 8.37606430053711, 5.417823791503906, 16.93869400024414, 33.39027786254883, 46.315895080566406, 27.20235824584961, 22.579652786254883, 19.788837432861328, 13.091218948364258, 18.171016693115234, 30.90296745300293, 23.066417694091797, 19.04721450805664, 15.858634948730469, 14.26556396484375, 22.157899856567383, 16.8881893157959, 14.256321907043457, 18.694902420043945, 29.221641540527344, 10.39333724975586, 4.141806602478027, 1.9080144166946411, 1.5466619729995728, 1.9390476942062378, 2.0347118377685547, 1.9801976680755615, 1.5580483675003052, 2.192385196685791, 2.2728159427642822, 1.5903631448745728, 1.1573246717453003, 0.43646958470344543, 0.14974375069141388, 0.013494902290403843, 0.0003762025444302708, 4.3591888243099675e-05, 6.095447679399513e-05], "lowlevel.erbbands.stdev": [0.6417848467826843, 3.682966947555542, 7.904961109161377, 5.843388080596924, 16.539203643798828, 33.912960052490234, 54.44580841064453, 26.705219268798828, 32.238712310791016, 29.750089645385742, 16.698144912719727, 22.644119262695312, 42.699913024902344, 36.16356658935547, 43.764915466308594, 30.878293991088867, 41.01477813720703, 57.97861099243164, 36.66918182373047, 34.79589080810547, 47.07524108886719, 55.074466705322266, 18.71831512451172, 6.395445346832275, 2.9815242290496826, 7.569566249847412, 11.420547485351562, 8.388949394226074, 7.220579624176025, 5.59926176071167, 9.453283309936523, 11.770803451538086, 9.049458503723145, 5.939786911010742, 1.8022987842559814, 0.5280789732933044, 0.044539593160152435, 0.0013264196459203959, 7.127018761821091e-05, 3.402525544515811e-05], "lowlevel.gfcc.mean": [-52.79026794433594, 152.13900756835938, -93.84500122070312, 33.827938079833984, -47.83149719238281, 18.802064895629883, -43.739105224609375, 13.79638385772705, -10.233607292175293, -14.397698402404785, -5.666922092437744, 7.229946613311768, 3.02933931350708], "lowlevel.melbands.mean": [0.006473207380622625, 0.004607338458299637, 0.0013081379001960158, 0.0019005407812073827, 0.0017069694586098194, 0.0005654774722643197, 0.0003573704161681235, 0.0002067442110273987, 9.483980102231726e-05, 0.00013530907745007426, 0.0001593677152413875, 9.834387310547754e-05, 5.787636473542079e-05, 6.172830035211518e-05, 2.6105033612111583e-05, 3.8626600144198164e-05, 4.055076351505704e-05, 2.6515204808674753e-05, 2.3779741241014563e-05, 1.5936067939037457e-05, 2.1637115423800424e-05, 3.280346572864801e-05, 1.5879581042099744e-05, 5.440030690806452e-06, 3.1326546832133317e-06, 1.5459967244169093e-06, 1.122708681577933e-06, 1.000271481643722e-06, 1.1259470511504333e-06, 1.3685769317817176e-06, 1.1238240631428198e-06, 1.1672681239360827e-06, 9.747978992891149e-07, 8.095719863376871e-07, 1.1838130831165472e-06, 1.4504610135190887e-06, 1.4026185226612142e-06, 1.1858312518597813e-06, 9.031357421918074e-07, 1.0220488775303238e-06], "lowlevel.melbands.stdev": [0.005048220977187157, 0.003589291824027896, 0.0012217666953802109, 0.001836317707784474, 0.0019675514195114374, 0.0005562182632274926, 0.0004948862479068339, 0.0002770793507806957, 0.00012143285857746378, 0.00018039291899185628, 0.00022456637816503644, 0.00015250880096573383, 0.00014241712051443756, 0.00012151448026997969, 7.577439828310162e-05, 0.0001300679286941886, 0.00010985577682731673, 6.15204990026541e-05, 5.932073327130638e-05, 5.1013506890740246e-05, 5.097354733152315e-05, 6.17701152805239e-05, 3.1801559089217335e-05, 9.740352652443107e-06, 4.85335885969107e-06, 2.3613811208633706e-06, 2.667754870344652e-06, 5.829684596392326e-06, 8.33564899949124e-06, 5.934014097874751e-06, 4.744832040159963e-06, 4.563666607282357e-06, 3.245303787480225e-06, 3.3064393392123748e-06, 5.173908903088886e-06, 6.337158083624672e-06, 7.85989141149912e-06, 6.884821232233662e-06, 5.093409527034964e-06, 5.151008281245595e-06], "lowlevel.melbands128.mean": [0.0006198029732331634, 0.006252405233681202, 0.009188982658088207, 0.006564316339790821, 0.005011915694922209, 0.002627602079883218, 0.000826291914563626, 0.0010535591281950474, 0.0016712929354980588, 0.0022264106664806604, 0.0015785900177434087, 0.0025114286690950394, 0.001859303331002593, 0.000493869127240032, 0.0005618719151243567, 0.0007197583909146488, 0.00024885297170840204, 0.00040333461947739124, 0.00030179013265296817, 0.00020862875680904835, 0.00016799291188362986, 0.00017892169125843793, 3.988698881585151e-05, 7.74198051658459e-05, 8.12524085631594e-05, 0.00016197198419831693, 0.00026749310200102627, 9.523241897113621e-05, 0.0001601821422809735, 0.00011589054338401183, 8.035865175770596e-05, 5.1805949624395e-05, 5.224347114562988e-05, 4.8518810217501596e-05, 0.00011026599531760439, 3.8987709558568895e-05, 3.469994044280611e-05, 2.6063091354444623e-05, 2.1807074517710134e-05, 2.7452557333162986e-05, 4.300564978620969e-05, 5.1691720727831125e-05, 5.0252183427801356e-05, 2.3176782633527182e-05, 3.544227729435079e-05, 2.3483791665057652e-05, 2.3156357201514766e-05, 2.7943262466578744e-05, 2.3440230506821536e-05, 1.4874373846396338e-05, 9.430539648747072e-06, 2.229723941127304e-05, 2.8106251193094067e-05, 1.3654614122060593e-05, 2.492610838089604e-05, 4.296547194826417e-05, 3.412924343138002e-05, 1.583272751304321e-05, 1.2620585039258003e-05, 6.964740350667853e-06, 5.301787496136967e-06, 3.8685388972226065e-06, 3.493807980703423e-06, 3.2280861432809616e-06, 2.0321856482041767e-06, 1.4969723451940808e-06, 1.2034870451316237e-06, 1.0991471981469658e-06, 1.2613700164365582e-06, 9.309324582318368e-07, 8.424576662946492e-07, 1.0984371101585566e-06, 1.2433278016033e-06, 1.0128796930075623e-06, 1.1489464668557048e-06, 1.5086387747942354e-06, 1.5036401919132913e-06, 9.565347909301636e-07, 1.1131222663607332e-06, 1.17284935186035e-06, 1.295876700169174e-06, 1.1326129651934025e-06, 9.569114354235353e-07, 1.084965674635896e-06, 8.609299015915894e-07, 7.000603545748163e-07, 7.600511935379473e-07, 1.0556399274719297e-06, 1.1305958196317079e-06, 1.3747438742939266e-06, 1.4355640587382368e-06, 1.5780855164848617e-06, 1.2781368923242553e-06, 1.4508019603454159e-06, 1.4192390835887636e-06, 1.296364757763513e-06, 1.2074332289557788e-06, 9.68238850873604e-07, 6.991768941588816e-07, 1.04617026863707e-06, 1.0068290521303425e-06, 1.1689627399391611e-06, 8.324764735334611e-07, 5.603307613455399e-07, 3.9224039483087836e-07, 3.920111169009033e-07, 3.521849407661648e-07, 3.896582541074167e-07, 2.834873100709956e-07, 1.508436611175057e-07, 8.431096887306921e-08, 4.4728817982786495e-08, 2.4737879300573695e-08, 3.6966447680697456e-09, 6.896940241141181e-10, 2.5376353796069395e-11, 8.039235076251483e-12, 7.73878530702099e-12, 7.53714365225866e-12, 7.324548086107274e-12, 7.1409124273447144e-12, 7.0047834720143864e-12, 6.85371334338547e-12, 6.735129381291172e-12, 6.5818878125512015e-12, 6.390220384094869e-12, 6.2785124321784735e-12, 6.236019513272684e-12], "lowlevel.melbands128.stdev": [0.0009815433295443654, 0.005664084572345018, 0.007864253595471382, 0.006098088808357716, 0.0047079045325517654, 0.0029743283521384, 0.0012068634387105703, 0.0013690744526684284, 0.0018955747364088893, 0.003033122280612588, 0.0019329935312271118, 0.0032945526763796806, 0.0024081221781671047, 0.0007413930143229663, 0.0006460368749685585, 0.0008696953882463276, 0.00034669932210817933, 0.0008403869578614831, 0.0005255758878774941, 0.000499520159792155, 0.00022825806809123605, 0.0002873470657505095, 7.89692421676591e-05, 0.0001244112354470417, 0.00012293612235225737, 0.000273394922260195, 0.00044108997099101543, 0.000154406443471089, 0.0003627146943472326, 0.0001721558510325849, 0.0002006040303967893, 0.0001444858789909631, 0.00018461036961525679, 0.0001715060934657231, 0.0002484966826159507, 7.029041444184259e-05, 0.00010476210445631295, 0.00011335310409776866, 5.7696346630109474e-05, 0.00010490025306353346, 0.0002067090681521222, 0.00015139819879550487, 0.0001762792671797797, 6.87733554514125e-05, 0.00010015605948865414, 5.783700180472806e-05, 6.979607860557735e-05, 7.83290815888904e-05, 7.583268597954884e-05, 4.041330612380989e-05, 3.3867159800138324e-05, 0.0001228677574545145, 6.567770469700918e-05, 3.2090130844153464e-05, 5.179104846320115e-05, 8.577171684009954e-05, 7.586099673062563e-05, 3.263429971411824e-05, 3.0773793696425855e-05, 1.3025936823396478e-05, 1.1116639143438078e-05, 7.51650077290833e-06, 6.837388355052099e-06, 4.928551334160147e-06, 3.6096409985475475e-06, 2.512078935978934e-06, 2.1753596683993237e-06, 2.050943294307217e-06, 3.316002676001517e-06, 3.653369049061439e-06, 4.771030035044532e-06, 6.9831785367568955e-06, 1.1983693184447475e-05, 7.903019650257193e-06, 7.460789220203878e-06, 6.933085842319997e-06, 7.066492344165454e-06, 4.15785189034068e-06, 4.768286544276634e-06, 5.456098278955324e-06, 5.703069746232359e-06, 4.292423454899108e-06, 3.11659209728532e-06, 4.017419996671379e-06, 3.232218432458467e-06, 2.52583254223282e-06, 3.998746251454577e-06, 4.99102998219314e-06, 5.029893145547248e-06, 6.37400489722495e-06, 6.752301032975083e-06, 6.396465778379934e-06, 6.5956678554357495e-06, 9.447725460631773e-06, 7.772172466502525e-06, 7.887409992690664e-06, 7.22336289982195e-06, 6.157632014947012e-06, 3.949981419282267e-06, 6.3846036937320605e-06, 5.4970410019450355e-06, 5.794414846604923e-06, 4.6138766265357845e-06, 2.419614475002163e-06, 1.6368582009818056e-06, 1.5338998764491407e-06, 1.3522850395020214e-06, 1.6339375861207373e-06, 1.0186082590735168e-06, 4.287706190098106e-07, 2.806172005875851e-07, 1.8656203337741317e-07, 1.2451596376195084e-07, 2.5345809007149e-08, 1.6617848430655613e-08, 2.469730808751791e-10, 1.2154146612763927e-11, 1.1701114036033466e-11, 1.1335279936908194e-11, 1.100456184510712e-11, 1.0712414462432651e-11, 1.04622309080038e-11, 1.0241469998450992e-11, 1.005397588099699e-11, 9.89756974295597e-12, 9.77197055912482e-12, 9.682418061762732e-12, 9.626968493214871e-12], "lowlevel.mfcc.mean": [-698.2134399414062, 173.2674560546875, 21.585283279418945, 20.669336318969727, 23.481857299804688, 2.2242977619171143, -8.14149284362793, 21.647443771362305, 0.19362932443618774, -5.636227607727051, -1.4821120500564575, 0.5433521270751953, -2.8940365314483643], "lowlevel.spectral_contrast_coeffs.mean": [-0.7178325653076172, -0.753054678440094, -0.7755245566368103, -0.8265767693519592, -0.746017575263977, -0.7942812442779541], "lowlevel.spectral_contrast_coeffs.stdev": [0.06713058799505234, 0.06529704481363297, 0.0578363873064518, 0.044915154576301575, 0.0647665485739708, 0.03846857324242592], "lowlevel.spectral_contrast_valleys.mean": [-6.080067157745361, -6.811279296875, -7.428735256195068, -8.03939437866211, -8.854305267333984, -11.19098949432373], "lowlevel.spectral_contrast_valleys.stdev": [1.373609185218811, 1.2158241271972656, 1.2916074991226196, 1.6232892274856567, 1.565004587173462, 1.7008183002471924], "rhythm.beats_loudness_band_ratio.mean": [0.6187759637832642, 0.26547932624816895, 0.06232525035738945, 0.04043823108077049, 0.03171814978122711, 0.017826862633228302], "rhythm.beats_loudness_band_ratio.stdev": [0.18074336647987366, 0.14095844328403473, 0.05240403488278389, 0.04435533657670021, 0.05197635293006897, 0.06303919851779938], "tonal.hpcp.mean": [0.3594180941581726, 0.34243011474609375, 0.05618784576654434, 0.034894175827503204, 0.029514392837882042, 0.018064318224787712, 0.1669708788394928, 0.33602166175842285, 0.20886634290218353, 0.03228377178311348, 0.00817199982702732, 0.0213802307844162, 0.22193953394889832, 0.28242138028144836, 0.08105549216270447, 0.0038740760646760464, 0.004233004525303841, 0.010638751089572906, 0.026153068989515305, 0.02299848198890686, 0.011780672706663609, 0.026717137545347214, 0.02588595449924469, 0.009885551407933235, 0.011340753175318241, 0.01425361167639494, 0.05667145550251007, 0.3526514172554016, 0.43617498874664307, 0.1447192132472992, 0.016187192872166634, 0.006192647852003574, 0.006535278167575598, 0.026913123205304146, 0.04097101092338562, 0.08171819150447845], "tonal.hpcp.stdev": [0.43993890285491943, 0.41810598969459534, 0.0988638624548912, 0.09529829025268555, 0.07686268538236618, 0.04901199787855148, 0.24823200702667236, 0.4244982898235321, 0.30004891753196716, 0.09255640208721161, 0.04667021706700325, 0.07057075947523117, 0.2445668876171112, 0.2992874085903168, 0.09769824892282486, 0.010899879969656467, 0.008066132664680481, 0.02170839160680771, 0.07463487982749939, 0.06836538761854172, 0.01924019865691662, 0.04711827263236046, 0.04681997373700142, 0.017917731776833534, 0.03464767336845398, 0.05100160837173462, 0.12378785014152527, 0.33394110202789307, 0.3806803822517395, 0.16840407252311707, 0.05083172768354416, 0.030669299885630608, 0.0237417034804821, 0.07440830767154694, 0.11407532542943954, 0.15069065988063812], "rhythm.beats_position": [0.4992290139198303, 1.0216779708862305, 1.5557368993759155, 2.078185796737671, 2.600634813308716, 3.076643943786621, 3.564262866973877, 4.051881790161133, 4.504671096801758, 4.957460403442383, 5.41024923324585, 5.863038539886475, 6.3854875564575195, 6.896326541900635, 7.41877555847168, 7.929614543914795, 8.42884349822998, 8.928071975708008, 9.415691375732422, 9.903310775756836, 10.390929222106934, 10.8204984664917, 11.261677742004395, 11.69124698638916, 12.120816230773926, 12.538775444030762, 12.956734657287598, 13.374693870544434, 13.79265308380127, 14.210612297058105, 14.616961479187012, 15.139410018920898, 15.673469543457031, 16.20752716064453, 16.764806747436523, 17.298866271972656, 17.832923889160156, 18.35537338256836, 18.877822875976562, 19.411882400512695, 19.945940017700195, 20.479999542236328, 21.01405906677246, 21.54811668395996, 22.082176208496094, 22.616235733032227, 23.15029525756836, 23.69596290588379, 24.24163246154785, 24.775691986083984, 25.286529541015625, 25.7973690032959, 26.308208465576172, 26.86548614501953, 27.422765731811523, 27.991655349731445, 28.572153091430664, 29.152652740478516], "rhythm.bpm_histogram": [0.0, 0.0, 0.0, 0.0, 0.0, 0.0, 0.0, 0.0, 0.0, 0.0, 0.0, 0.0, 0.0, 0.0, 0.0, 0.0, 0.0, 0.0, 0.0, 0.0, 0.0, 0.0, 0.0, 0.0, 0.0, 0.0, 0.0, 0.0, 0.0, 0.0, 0.0, 0.0, 0.0, 0.0, 0.0, 0.0, 0.0, 0.0, 0.0, 0.0, 0.0, 0.0, 0.0, 0.0, 0.0, 0.0, 0.0, 0.0, 0.0, 0.0, 0.0, 0.0, 0.0, 0.0, 0.0, 0.0, 0.0, 0.0, 0.0, 0.0, 0.0, 0.0, 0.0, 0.0, 0.0, 0.0, 0.0, 0.0, 0.0, 0.0, 0.0, 0.0, 0.0, 0.0, 0.0, 0.0, 0.0, 0.0, 0.0, 0.0, 0.0, 0.0, 0.0, 0.0, 0.0, 0.0, 0.0, 0.0, 0.0, 0.0, 0.0, 0.0, 0.0, 0.0, 0.0, 0.0, 0.0, 0.0, 0.0, 0.0, 0.0, 0.0, 0.0, 0.035087719559669495, 0.0, 0.017543859779834747, 0.0, 0.0, 0.05263157933950424, 0.0, 0.035087719559669495, 0.0, 0.24561403691768646, 0.0, 0.0, 0.14035087823867798, 0.0, 0.08771929889917374, 0.0, 0.0, 0.035087719559669495, 0.0, 0.0, 0.08771929889917374, 0.0, 0.0, 0.017543859779834747, 0.0, 0.0, 0.0, 0.0, 0.0, 0.0, 0.07017543911933899, 0.0, 0.0, 0.017543859779834747, 0.0, 0.0, 0.0, 0.05263157933950424, 0.0, 0.0, 0.0, 0.08771929889917374, 0.0, 0.0, 0.0, 0.017543859779834747, 0.0, 0.0, 0.0, 0.0, 0.0, 0.0, 0.0, 0.0, 0.0, 0.0, 0.0, 0.0, 0.0, 0.0, 0.0, 0.0, 0.0, 0.0, 0.0, 0.0, 0.0, 0.0, 0.0, 0.0, 0.0, 0.0, 0.0, 0.0, 0.0, 0.0, 0.0, 0.0, 0.0, 0.0, 0.0, 0.0, 0.0, 0.0, 0.0, 0.0, 0.0, 0.0, 0.0, 0.0, 0.0, 0.0, 0.0, 0.0, 0.0, 0.0, 0.0, 0.0, 0.0, 0.0, 0.0, 0.0, 0.0, 0.0, 0.0, 0.0, 0.0, 0.0, 0.0, 0.0, 0.0, 0.0, 0.0, 0.0, 0.0, 0.0, 0.0, 0.0, 0.0, 0.0, 0.0, 0.0, 0.0, 0.0, 0.0, 0.0, 0.0, 0.0, 0.0, 0.0, 0.0, 0.0, 0.0, 0.0, 0.0, 0.0, 0.0, 0.0, 0.0, 0.0, 0.0, 0.0, 0.0, 0.0, 0.0, 0.0, 0.0], "tonal.chords_histogram": [40.43545913696289, 14.307931900024414, 0.0, 0.0, 0.0, 34.05909729003906, 0.0, 6.687402725219727, 0.0, 0.0, 0.0, 0.0, 0.0, 0.0, 0.0, 0.0, 0.0, 0.0, 0.0, 0.0, 0.0, 0.0, 4.510108947753906, 0.0], "tonal.thpcp": [1.0, 0.33179163932800293, 0.03711169585585594, 0.014197622425854206, 0.014983156695961952, 0.061702582985162735, 0.09393250942230225, 0.18735185265541077, 0.8240227103233337, 0.7850750684738159, 0.1288195103406906, 0.08000040799379349, 0.06766640394926071, 0.04141530022025108, 0.3828071057796478, 0.7703827023506165, 0.4788590669631958, 0.07401563972234726, 0.018735598772764206, 0.04901755228638649, 0.5088313817977905, 0.6474955677986145, 0.18583251535892487, 0.008881931193172932, 0.009704831056296825, 0.024391015991568565, 0.05996003746986389, 0.052727650851011276, 0.02700905129313469, 0.06125325337052345, 0.05934763699769974, 0.022664187476038933, 0.02600046619772911, 0.03267865255475044, 0.12992826104164124, 0.8085090517997742], "lowlevel.gfcc.cov": [[22713.6640625, -1349.8369140625, -1233.5040283203125, 1099.23779296875, 7.333765506744385, 1411.875244140625, -878.3391723632812, -228.03677368164062, -256.3738708496094, 728.9703979492188, -82.34101867675781, -472.6798095703125, -188.83587646484375], [-1349.8369140625, 1550.6422119140625, -27.240793228149414, -128.27435302734375, 306.4079284667969, -320.30291748046875, 386.1407775878906, -120.64857482910156, 359.08447265625, -385.5752868652344, 277.052001953125, -90.66248321533203, 147.92544555664062], [-1233.5040283203125, -27.240793228149414, 328.9519958496094, 5.326521873474121, -4.231408596038818, -33.674930572509766, 62.55351257324219, 69.64200592041016, -10.94161319732666, -34.61601638793945, -5.306530952453613, 70.50129699707031, 14.583867073059082], [1099.23779296875, -128.27435302734375, 5.326521873474121, 181.68765258789062, 12.17237663269043, 74.9896011352539, -29.053634643554688, 0.26786723732948303, 22.33241081237793, 22.461196899414062, 13.420148849487305, -15.542606353759766, 15.415875434875488], [7.333765506744385, 306.4079284667969, -4.231408596038818, 12.17237663269043, 243.0939178466797, -39.708255767822266, 25.52288055419922, -33.1501579284668, 62.72248458862305, -35.956905364990234, 53.54999542236328, -6.300249099731445, 39.34806823730469], [1411.875244140625, -320.30291748046875, -33.674930572509766, 74.9896011352539, -39.708255767822266, 200.88394165039062, -82.65151977539062, 11.488219261169434, -78.28450775146484, 94.41944885253906, -41.55573272705078, -12.630864143371582, -40.624332427978516], [-878.3391723632812, 386.1407775878906, 62.55351257324219, -29.053634643554688, 25.52288055419922, -82.65151977539062, 220.25479125976562, 7.9177656173706055, 104.9116439819336, -138.10958862304688, 81.59553527832031, -9.95610523223877, 40.36544418334961], [-228.03677368164062, -120.64857482910156, 69.64200592041016, 0.26786723732948303, -33.1501579284668, 11.488219261169434, 7.9177656173706055, 139.1893310546875, 26.78064727783203, -18.468875885009766, -14.866111755371094, 69.35990142822266, -20.540369033813477], [-256.3738708496094, 359.08447265625, -10.94161319732666, 22.33241081237793, 62.72248458862305, -78.28450775146484, 104.9116439819336, 26.78064727783203, 204.45529174804688, -107.5266342163086, 88.29293060302734, -6.3666672706604, 38.12881851196289], [728.9703979492188, -385.5752868652344, -34.61601638793945, 22.461196899414062, -35.956905364990234, 94.41944885253906, -138.10958862304688, -18.468875885009766, -107.5266342163086, 208.51222229003906, -68.34154510498047, -12.462691307067871, -34.6919059753418], [-82.34101867675781, 277.052001953125, -5.306530952453613, 13.420148849487305, 53.54999542236328, -41.55573272705078, 81.59553527832031, -14.866111755371094, 88.29293060302734, -68.34154510498047, 99.97254943847656, -8.818496704101562, 33.308372497558594], [-472.6798095703125, -90.66248321533203, 70.50129699707031, -15.542606353759766, -6.300249099731445, -12.630864143371582, -9.95610523223877, 69.35990142822266, -6.3666672706604, -12.462691307067871, -8.818496704101562, 102.38253021240234, 2.081228733062744], [-188.83587646484375, 147.92544555664062, 14.583867073059082, 15.415875434875488, 39.34806823730469, -40.624332427978516, 40.36544418334961, -20.540369033813477, 38.12881851196289, -34.6919059753418, 33.308372497558594, 2.081228733062744, 72.36157989501953]], "lowlevel.gfcc.icov": [[0.00021575481514446437, -0.0007705240277573466, 0.000592013297136873, -0.0013161050155758858, 0.0003864958416670561, -0.0012213967274874449, 0.0006592671270482242, -0.0005566849140450358, 0.00048736052121967077, -0.0005413835169747472, 0.0003135059669148177, 7.660947630938608e-06, 0.00021672532602678984], [-0.0007705240277573466, 0.009512039832770824, -0.0022858825977891684, 0.009585891850292683, -0.005633804015815258, 0.0059489780105650425, -0.004582882858812809, 0.005231318064033985, -0.00562524888664484, 0.007134753279387951, -0.007162975147366524, 0.00425606407225132, -0.0030331816524267197], [0.000592013297136873, -0.0022858825977891684, 0.006094359327107668, -0.005078574176877737, 0.0008389454451389611, -0.0022632842883467674, -0.0005002471734769642, -0.003110594814643264, 0.0031733515206724405, -0.0020021460950374603, 0.0019088167464360595, -0.002315535908564925, 0.0002967696636915207], [-0.0013161050155758858, 0.009585891850292683, -0.005078574176877737, 0.020111842080950737, -0.005263408645987511, 0.004273207858204842, -0.0031610825099051, 0.005562538281083107, -0.008281012065708637, 0.007292676251381636, -0.0077490611001849174, 0.004925652407109737, -0.0064032054506242275], [0.0003864958416670561, -0.005633804015815258, 0.0008389454451389611, -0.005263408645987511, 0.008505675941705704, -0.0031635735649615526, 0.0036446251906454563, -0.0016201131511479616, 0.0020960860420018435, -0.004103139974176884, 0.0025122102815657854, -0.0031579574570059776, 0.0004464439698494971], [-0.0012213967274874449, 0.0059489780105650425, -0.0022632842883467674, 0.004273207858204842, -0.0031635735649615526, 0.016933051869273186, -0.004556721542030573, 0.0013694146182388067, -0.00019567995332181454, 0.0022470057010650635, -0.004071293398737907, 0.0022431211546063423, 0.0013442754279822111], [0.0006592671270482242, -0.004582882858812809, -0.0005002471734769642, -0.0031610825099051, 0.0036446251906454563, -0.004556721542030573, 0.01411451492458582, -0.004041147418320179, 0.001482116524130106, 0.0011828687274828553, -0.002276461571455002, 0.00268160505220294, -0.0009404794545844197], [-0.0005566849140450358, 0.005231318064033985, -0.003110594814643264, 0.005562538281083107, -0.0016201131511479616, 0.0013694146182388067, -0.004041147418320179, 0.019045494496822357, -0.00900762714445591, 0.004273462109267712, 0.0007554776384495199, -0.008219202980399132, 0.003288997570052743], [0.00048736052121967077, -0.00562524888664484, 0.0031733515206724405, -0.008281012065708637, 0.0020960860420018435, -0.00019567995332181454, 0.001482116524130106, -0.00900762714445591, 0.015670113265514374, -0.0025457446463406086, -0.0022786164190620184, 0.0006293891929090023, 0.0008159414865076542], [-0.0005413835169747472, 0.007134753279387951, -0.0020021460950374603, 0.007292676251381636, -0.004103139974176884, 0.0022470057010650635, 0.0011828687274828553, 0.004273462109267712, -0.0025457446463406086, 0.015277298167347908, -0.004549158737063408, 0.004909002222120762, -0.0024837732780724764], [0.0003135059669148177, -0.007162975147366524, 0.0019088167464360595, -0.0077490611001849174, 0.0025122102815657854, -0.004071293398737907, -0.002276461571455002, 0.0007554776384495199, -0.0022786164190620184, -0.004549158737063408, 0.028233971446752548, -0.006746652070432901, 0.0007773139514029026], [7.660947630938608e-06, 0.00425606407225132, -0.002315535908564925, 0.004925652407109737, -0.0031579574570059776, 0.0022431211546063423, 0.00268160505220294, -0.008219202980399132, 0.0006293891929090023, 0.004909002222120762, -0.006746652070432901, 0.02199496142566204, -0.00562085397541523], [0.00021672532602678984, -0.0030331816524267197, 0.0002967696636915207, -0.0064032054506242275, 0.0004464439698494971, 0.0013442754279822111, -0.0009404794545844197, 0.003288997570052743, 0.0008159414865076542, -0.0024837732780724764, 0.0007773139514029026, -0.00562085397541523, 0.022043278440833092]], "lowlevel.mfcc.cov": [[21361.24609375, -1102.009765625, -1128.4271240234375, -298.32708740234375, 819.751953125, 1003.177001953125, -109.91786193847656, -456.1758117675781, -308.7247619628906, 466.0968017578125, 212.76513671875, -31.759370803833008, -283.80548095703125], [-1102.009765625, 1553.6953125, -193.29652404785156, 179.09341430664062, 51.77924728393555, -75.18946838378906, -22.353116989135742, 305.8274841308594, -12.745260238647461, -18.791744232177734, 77.5884780883789, -32.45462417602539, 35.78071212768555], [-1128.4271240234375, -193.29652404785156, 349.1671142578125, 9.200538635253906, -83.9018783569336, -66.12351989746094, 37.86662673950195, 69.51854705810547, 39.9655647277832, -36.58650207519531, -6.668942451477051, 15.438982009887695, 1.032952904701233], [-298.32708740234375, 179.09341430664062, 9.200538635253906, 137.2347869873047, 39.08902359008789, -17.635833740234375, -10.292191505432129, 44.17204666137695, 19.436243057250977, -9.450516700744629, 2.39324951171875, -7.308337211608887, 26.709197998046875], [819.751953125, 51.77924728393555, -83.9018783569336, 39.08902359008789, 216.89125061035156, 49.91318130493164, -21.866756439208984, 0.8311853408813477, -0.6930462718009949, 4.653552532196045, 14.824873924255371, 8.658804893493652, 3.7331631183624268], [1003.177001953125, -75.18946838378906, -66.12351989746094, -17.635833740234375, 49.91318130493164, 139.5620880126953, 29.998445510864258, -97.09368133544922, -17.241748809814453, 21.60772705078125, -0.4250989258289337, 3.360816240310669, -18.494693756103516], [-109.91786193847656, -22.353116989135742, 37.86662673950195, -10.292191505432129, -21.866756439208984, 29.998445510864258, 111.23431396484375, -35.13124084472656, 3.6369266510009766, -18.063671112060547, -22.451873779296875, 8.833389282226562, -3.4783265590667725], [-456.1758117675781, 305.8274841308594, 69.51854705810547, 44.17204666137695, 0.8311853408813477, -97.09368133544922, -35.13124084472656, 330.4582214355469, 11.692858695983887, -28.269987106323242, 70.7173843383789, -17.737850189208984, 4.247760772705078], [-308.7247619628906, -12.745260238647461, 39.9655647277832, 19.436243057250977, -0.6930462718009949, -17.241748809814453, 3.6369266510009766, 11.692858695983887, 62.018733978271484, 1.3243955373764038, -8.0888032913208, 5.354650974273682, 10.02637767791748], [466.0968017578125, -18.791744232177734, -36.58650207519531, -9.450516700744629, 4.653552532196045, 21.60772705078125, -18.063671112060547, -28.269987106323242, 1.3243955373764038, 74.33997344970703, 20.83729362487793, -4.901539325714111, -8.823468208312988], [212.76513671875, 77.5884780883789, -6.668942451477051, 2.39324951171875, 14.824873924255371, -0.4250989258289337, -22.451873779296875, 70.7173843383789, -8.0888032913208, 20.83729362487793, 72.65166473388672, 8.024611473083496, -9.211716651916504], [-31.759370803833008, -32.45462417602539, 15.438982009887695, -7.308337211608887, 8.658804893493652, 3.360816240310669, 8.833389282226562, -17.737850189208984, 5.354650974273682, -4.901539325714111, 8.024611473083496, 44.735225677490234, 12.776472091674805], [-283.80548095703125, 35.78071212768555, 1.032952904701233, 26.709197998046875, 3.7331631183624268, -18.494693756103516, -3.4783265590667725, 4.247760772705078, 10.02637767791748, -8.823468208312988, -9.211716651916504, 12.776472091674805, 60.014705657958984]], "lowlevel.mfcc.icov": [[0.00011441405513323843, 0.00012416014214977622, 0.0002366003900533542, 1.9868946765200235e-05, -0.00022309077030513436, -0.0006055898847989738, 3.794040094362572e-05, -0.0002520164125598967, 0.0003012648958247155, -0.0004650398332159966, 5.4873573390068486e-05, -8.229433296946809e-05, 0.00020864680118393153], [0.00012416014214977622, 0.0012763992417603731, 0.0012846916215494275, -0.001312489970587194, 1.9292618162580766e-05, -0.0003647008561529219, -0.0006189416744746268, -0.001283342600800097, 0.000599481223616749, -0.0004444155201781541, -0.0002883244014810771, -0.0001166473884950392, 0.00014461872342508286], [0.0002366003900533542, 0.0012846916215494275, 0.005470135249197483, -0.0015325427521020174, 0.001069272868335247, 2.8365231628413312e-05, -0.0016862511401996017, -0.002056823344901204, -0.0011801597429439425, 0.00014634161198046058, 1.296546429330192e-06, -0.0020242996979504824, 0.0015807395102456212], [1.9868946765200235e-05, -0.001312489970587194, -0.0015325427521020174, 0.011084415018558502, -0.002300363965332508, -0.00016275531379505992, 0.0007748797070235014, 0.0006470208172686398, -0.0026107020676136017, 0.0007582325488328934, -0.0005370648577809334, 0.0036696046590805054, -0.00425418047234416], [-0.00022309077030513436, 1.9292618162580766e-05, 0.001069272868335247, -0.002300363965332508, 0.006833384279161692, -0.0016085581155493855, 0.0013039568439126015, -0.0005014946800656617, -0.0012941665481776, 0.0017129546031355858, -9.141911868937314e-05, -0.002203276613727212, 5.224631240707822e-05], [-0.0006055898847989738, -0.0003647008561529219, 2.8365231628413312e-05, -0.00016275531379505992, -0.0016085581155493855, 0.01608174853026867, -0.004523514304310083, 0.004755750298500061, -8.151082874974236e-05, 0.0011458407389000058, -0.0038102625403553247, 0.0016474445583298802, 0.0011292850831523538], [3.794040094362572e-05, -0.0006189416744746268, -0.0016862511401996017, 0.0007748797070235014, 0.0013039568439126015, -0.004523514304310083, 0.012386215850710869, 0.0001826844090828672, -0.0006296862266026437, 0.002178395865485072, 0.0034391044173389673, -0.002577768638730049, 0.0009645469835959375], [-0.0002520164125598967, -0.001283342600800097, -0.002056823344901204, 0.0006470208172686398, -0.0005014946800656617, 0.004755750298500061, 0.0001826844090828672, 0.008109070360660553, -0.00203951564617455, 0.004609896335750818, -0.008056466467678547, 0.005119989160448313, -0.001053878921084106], [0.0003012648958247155, 0.000599481223616749, -0.0011801597429439425, -0.0026107020676136017, -0.0012941665481776, -8.151082874974236e-05, -0.0006296862266026437, -0.00203951564617455, 0.020818838849663734, -0.005458787549287081, 0.004748208913952112, -0.00363563047721982, -0.00036519032437354326], [-0.0004650398332159966, -0.0004444155201781541, 0.00014634161198046058, 0.0007582325488328934, 0.0017129546031355858, 0.0011458407389000058, 0.002178395865485072, 0.004609896335750818, -0.005458787549287081, 0.02135683223605156, -0.009763073176145554, 0.005379656795412302, -0.0008195347618311644], [5.4873573390068486e-05, -0.0002883244014810771, 1.296546429330192e-06, -0.0005370648577809334, -9.141911868937314e-05, -0.0038102625403553247, 0.0034391044173389673, -0.008056466467678547, 0.004748208913952112, -0.009763073176145554, 0.02809370495378971, -0.01190171204507351, 0.004888645838946104], [-8.229433296946809e-05, -0.0001166473884950392, -0.0020242996979504824, 0.0036696046590805054, -0.002203276613727212, 0.0016474445583298802, -0.002577768638730049, 0.005119989160448313, -0.00363563047721982, 0.005379656795412302, -0.01190171204507351, 0.03209368512034416, -0.009045841172337532], [0.00020864680118393153, 0.00014461872342508286, 0.0015807395102456212, -0.00425418047234416, 5.224631240707822e-05, 0.0011292850831523538, 0.0009645469835959375, -0.001053878921084106, -0.00036519032437354326, -0.0008195347618311644, 0.004888645838946104, -0.009045841172337532, 0.02252103015780449]], "metadata.audio_properties.analysis.downmix": "mix", "metadata.audio_properties.codec": "mp3", "metadata.audio_properties.md5_encoded": "df3fb222e1b40a92fe7662d8fd2152f0",