{"song_id": "1183699085472055446", "download": "https://cdn.discordapp.com/attachments/1135911532732108921/1183699085472055446/chirp.mp4?ex=658948ae&amp", "lyrics": "was f\u00fcr skinny das eine normale brakka nvou\nwas f\u00fcr skinny mit eingebauter leggins ohne jeans\ndas nicht skinny das ist herr rollhausers hose", "style": ["travis scott"], "essentia_features": {"lowlevel.average_loudness": 0.29131045937538147, "lowlevel.barkbands_crest.mean": 13.87352180480957, "lowlevel.barkbands_crest.stdev": 4.966065883636475, "lowlevel.barkbands_flatness_db.mean": 0.2999011278152466, "lowlevel.barkbands_flatness_db.stdev": 0.053238511085510254, "lowlevel.barkbands_kurtosis.mean": 3.419698715209961, "lowlevel.barkbands_kurtosis.stdev": 11.343740463256836, "lowlevel.barkbands_skewness.mean": 1.0952301025390625, "lowlevel.barkbands_skewness.stdev": 1.5820209980010986, "lowlevel.barkbands_spread.mean": 10.900471687316895, "lowlevel.barkbands_spread.stdev": 5.1987409591674805, "lowlevel.dissonance.mean": 0.4317091107368469, "lowlevel.dissonance.stdev": 0.047076765447854996, "lowlevel.dynamic_complexity": 7.1490912437438965, "lowlevel.erbbands_crest.mean": 11.849590301513672, "lowlevel.erbbands_crest.stdev": 4.829085826873779, "lowlevel.erbbands_flatness_db.mean": 0.3380555808544159, "lowlevel.erbbands_flatness_db.stdev": 0.04137080907821655, "lowlevel.erbbands_kurtosis.mean": 0.6444987058639526, "lowlevel.erbbands_kurtosis.stdev": 3.283580780029297, "lowlevel.erbbands_skewness.mean": 0.05107215419411659, "lowlevel.erbbands_skewness.stdev": 0.9587593674659729, "lowlevel.erbbands_spread.mean": 21.353778839111328, "lowlevel.erbbands_spread.stdev": 9.35758113861084, "lowlevel.hfc.mean": 8.08726978302002, "lowlevel.hfc.stdev": 19.243267059326172, "lowlevel.loudness_ebu128.integrated": -18.32584571838379, "lowlevel.loudness_ebu128.loudness_range": 12.554054260253906, "lowlevel.loudness_ebu128.momentary.mean": -23.37617301940918, "lowlevel.loudness_ebu128.momentary.stdev": 6.809030532836914, "lowlevel.loudness_ebu128.short_term.mean": -21.414518356323242, "lowlevel.loudness_ebu128.short_term.stdev": 4.769102096557617, "lowlevel.melbands_crest.mean": 16.459514617919922, "lowlevel.melbands_crest.stdev": 5.307234764099121, "lowlevel.melbands_flatness_db.mean": 0.30902960896492004, "lowlevel.melbands_flatness_db.stdev": 0.06491773575544357, "lowlevel.melbands_kurtosis.mean": 6.960877418518066, "lowlevel.melbands_kurtosis.stdev": 16.432998657226562, "lowlevel.melbands_skewness.mean": 1.7519069910049438, "lowlevel.melbands_skewness.stdev": 1.7850908041000366, "lowlevel.melbands_spread.mean": 17.39508819580078, "lowlevel.melbands_spread.stdev": 9.885466575622559, "lowlevel.pitch_salience.mean": 0.4536428153514862, "lowlevel.pitch_salience.stdev": 0.13717567920684814, "lowlevel.silence_rate_20dB.mean": 1.0, "lowlevel.silence_rate_20dB.stdev": 0.0, "lowlevel.silence_rate_30dB.mean": 0.9926793575286865, "lowlevel.silence_rate_30dB.stdev": 0.08524692058563232, "lowlevel.silence_rate_60dB.mean": 0.6486091017723083, "lowlevel.silence_rate_60dB.stdev": 0.47740426659584045, "lowlevel.spectral_centroid.mean": 988.0949096679688, "lowlevel.spectral_centroid.stdev": 458.8148193359375, "lowlevel.spectral_complexity.mean": 6.014641284942627, "lowlevel.spectral_complexity.stdev": 3.895561933517456, "lowlevel.spectral_decrease.mean": -2.544840338458698e-09, "lowlevel.spectral_decrease.stdev": 5.1450843585598705e-09, "lowlevel.spectral_energy.mean": 0.010338349267840385, "lowlevel.spectral_energy.stdev": 0.02097633294761181, "lowlevel.spectral_energyband_high.mean": 4.907949914922938e-06, "lowlevel.spectral_energyband_high.stdev": 4.214279215375427e-06, "lowlevel.spectral_energyband_low.mean": 1.0604219824017491e-05, "lowlevel.spectral_energyband_low.stdev": 5.816402335767634e-05, "lowlevel.spectral_energyband_middle_high.mean": 0.004917522892355919, "lowlevel.spectral_energyband_middle_high.stdev": 0.014850691892206669, "lowlevel.spectral_energyband_middle_low.mean": 0.005495997611433268, "lowlevel.spectral_energyband_middle_low.stdev": 0.012948717921972275, "lowlevel.spectral_entropy.mean": 6.481812000274658, "lowlevel.spectral_entropy.stdev": 0.4427107572555542, "lowlevel.spectral_flux.mean": 0.04078538715839386, "lowlevel.spectral_flux.stdev": 0.05743785202503204, "lowlevel.spectral_kurtosis.mean": 15.212509155273438, "lowlevel.spectral_kurtosis.stdev": 13.726920127868652, "lowlevel.spectral_rms.mean": 0.002277781954035163, "lowlevel.spectral_rms.stdev": 0.002213121624663472, "lowlevel.spectral_rolloff.mean": 1344.548828125, "lowlevel.spectral_rolloff.stdev": 833.1639404296875, "lowlevel.spectral_skewness.mean": 2.271121025085449, "lowlevel.spectral_skewness.stdev": 0.997864842414856, "lowlevel.spectral_spread.mean": 2174688.0, "lowlevel.spectral_spread.stdev": 1215594.0, "lowlevel.spectral_strongpeak.mean": 0.9647778868675232, "lowlevel.spectral_strongpeak.stdev": 1.3961735963821411, "lowlevel.zerocrossingrate.mean": 0.04473457112908363, "lowlevel.zerocrossingrate.stdev": 0.034574322402477264, "metadata.audio_properties.analysis.equal_loudness": 0.0, "metadata.audio_properties.analysis.length": 31.679977416992188, "metadata.audio_properties.analysis.sample_rate": 44100.0, "metadata.audio_properties.analysis.start_time": 0.0, "metadata.audio_properties.bit_rate": 108100.0, "metadata.audio_properties.length": 31.68000030517578, "metadata.audio_properties.lossless": 0.0, "metadata.audio_properties.number_channels": 1.0, "metadata.audio_properties.replay_gain": -11.904525756835938, "metadata.audio_properties.sample_rate": 48000.0, "rhythm.beats_count": 56.0, "rhythm.beats_loudness.mean": 0.014529128558933735, "rhythm.beats_loudness.stdev": 0.025781767442822456, "rhythm.bpm": 100.14410400390625, "rhythm.bpm_histogram_first_peak_bpm": 101.0, "rhythm.bpm_histogram_first_peak_weight": 0.523809552192688, "rhythm.bpm_histogram_second_peak_bpm": 133.0, "rhythm.bpm_histogram_second_peak_spread": 0.3333333730697632, "rhythm.bpm_histogram_second_peak_weight": 0.145454540848732, "rhythm.danceability": 1.1994667053222656, "rhythm.onset_rate": 1.8930288553237915, "tonal.chords_changes_rate": 0.07163742929697037, "tonal.chords_number_rate": 0.01315789483487606, "tonal.chords_strength.mean": 0.4986249804496765, "tonal.chords_strength.stdev": 0.08506739884614944, "tonal.hpcp_crest.mean": 15.365165710449219, "tonal.hpcp_crest.stdev": 7.1910576820373535, "tonal.hpcp_entropy.mean": 1.7299100160598755, "tonal.hpcp_entropy.stdev": 0.6189839243888855, "tonal.key_edma.strength": 0.5455278158187866, "tonal.key_krumhansl.strength": 0.5531673431396484, "tonal.key_temperley.strength": 0.5631382465362549, "tonal.tuning_diatonic_strength": 0.5033093690872192, "tonal.tuning_equal_tempered_deviation": 0.1122748851776123, "tonal.tuning_frequency": 436.4561767578125, "tonal.tuning_nontempered_energy_ratio": 0.8191248178482056, "lowlevel.barkbands.mean": [3.9953576447260275e-07, 1.4848278340195975e-07, 7.126795935619157e-07, 6.924666377017274e-05, 0.0019967900589108467, 0.002267746953293681, 0.0005512170610018075, 9.739569941302761e-05, 0.0003692183527164161, 0.0009781902190297842, 0.0010254662483930588, 0.000977289048023522, 0.0006000407156534493, 0.0008323006913997233, 0.0003994367434643209, 9.959263115888461e-05, 3.259297227486968e-05, 2.4112483515636995e-05, 8.184596481441986e-06, 5.510489700100152e-06, 1.618762667021656e-06, 7.605901259921666e-07, 3.059559219309449e-07, 6.777533201329788e-08, 1.5864225488826378e-08, 1.2759892031866116e-09, 3.4609518029249386e-10], "lowlevel.barkbands.stdev": [1.7756151464709546e-06, 6.421109333132335e-07, 3.5186872082704213e-06, 0.0003263460239395499, 0.006442204117774963, 0.008788135834038258, 0.0027357367798686028, 0.0005263834609650075, 0.001789033762179315, 0.005358862690627575, 0.004663526546210051, 0.004192978609353304, 0.002802586881443858, 0.0036013834178447723, 0.0017681872704997659, 0.0005477617960423231, 8.011763566173613e-05, 0.00013883215433452278, 8.816103218123317e-06, 5.091349521535449e-06, 1.945634721778333e-06, 8.544186584913405e-07, 2.660089535311272e-07, 5.84822501537019e-08, 2.1521803006407936e-08, 2.5762314503907646e-09, 1.0525496030311388e-09], "lowlevel.erbbands.mean": [1.198523477796698e-05, 0.00011256372818024829, 0.0025695583317428827, 0.11733760684728622, 1.748921513557434, 7.178946018218994, 19.37374496459961, 16.247827529907227, 11.47954273223877, 2.2916855812072754, 3.097862482070923, 8.289968490600586, 19.44865608215332, 35.43124008178711, 51.0468864440918, 34.27434539794922, 27.28092384338379, 40.05559539794922, 32.573646545410156, 13.008170127868652, 3.754138708114624, 2.0762832164764404, 1.5010756254196167, 0.701339066028595, 0.35914450883865356, 0.2103148102760315, 0.08941620588302612, 0.053896114230155945, 0.03052077628672123, 0.013321741484105587, 0.008267548866569996, 0.002634068252518773, 0.0007687356555834413, 0.00028971160645596683, 6.637499609496444e-05, 1.7011110685416497e-05, 5.424134997156216e-06, 1.40732811360067e-06, 5.408407105278457e-06, 1.207957848237129e-05], "lowlevel.erbbands.stdev": [3.083162664552219e-05, 0.00028025417122989893, 0.008537006564438343, 0.447084903717041, 6.0991315841674805, 24.044021606445312, 72.14830780029297, 81.50489044189453, 50.07265090942383, 8.208884239196777, 15.211956024169922, 46.46745300292969, 77.88970184326172, 184.2884063720703, 207.87933349609375, 152.5888671875, 117.65168762207031, 185.10557556152344, 128.74583435058594, 60.717140197753906, 14.903153419494629, 4.712132453918457, 7.785233974456787, 1.6055395603179932, 0.3116706609725952, 0.18486495316028595, 0.09812122583389282, 0.0631701871752739, 0.03520551323890686, 0.013827426359057426, 0.007300346624106169, 0.0021904916502535343, 0.0006932429387234151, 0.0003891021478921175, 7.331644155783579e-05, 2.541436333558522e-05, 9.329557542514522e-06, 3.07364189211512e-06, 1.1048322448914405e-05, 2.4622302589705214e-05], "lowlevel.gfcc.mean": [-226.1024932861328, 120.1405029296875, -225.18080139160156, -20.033262252807617, -73.4049072265625, -34.188106536865234, -54.48401641845703, -47.2599983215332, -21.785137176513672, -17.859416961669922, 12.58876895904541, 4.576788902282715, 16.534954071044922], "lowlevel.melbands.mean": [5.7085433269321584e-08, 7.883879220571544e-07, 5.890108150197193e-05, 0.00030520043219439685, 0.0006232029409147799, 0.0003776118392124772, 0.0001535364135634154, 1.776101635186933e-05, 2.8243704946362413e-05, 5.44073736818973e-05, 0.0001019785413518548, 0.00014336759340949357, 0.0001655915257288143, 0.00011685446224873886, 7.318379357457161e-05, 6.094036143622361e-05, 7.55332803237252e-05, 5.815552867716178e-05, 2.6078783776029013e-05, 1.0371522876084782e-05, 2.812077127600787e-06, 2.1822654616698856e-06, 1.4340673715196317e-06, 1.1822644410131034e-06, 5.044022373112966e-07, 2.723170098306582e-07, 2.465727675371454e-07, 1.236694657791304e-07, 5.579870787641994e-08, 4.000314035579322e-08, 2.8237733928904163e-08, 1.929422666080427e-08, 9.81301795377476e-09, 6.412427477897609e-09, 5.147623660661793e-09, 3.050525831937989e-09, 1.0652707604918987e-09, 5.776641387456039e-10, 3.033274187380641e-10, 1.9781312698974318e-10], "lowlevel.melbands.stdev": [2.2940228916468186e-07, 3.978363110945793e-06, 0.00021357458899728954, 0.0009343959973193705, 0.002194651635363698, 0.0016887378878891468, 0.0006889545475132763, 6.373575888574123e-05, 0.00014353734150063246, 0.00028852876857854426, 0.00042361754458397627, 0.0008108023903332651, 0.0007271911017596722, 0.0004837535961996764, 0.00042050558840855956, 0.00027829225291498005, 0.0003528948873281479, 0.00023801694624125957, 0.00010963545355480164, 5.715731458622031e-05, 1.2917073036078364e-05, 4.416094725456787e-06, 8.676363904669415e-06, 4.292341145628598e-06, 1.1401415349610033e-06, 2.538195076340344e-07, 2.452145793085947e-07, 1.2812142813345417e-07, 6.700070542819958e-08, 6.082537851170855e-08, 3.201020248866371e-08, 2.2872697513776075e-08, 1.4299440742604475e-08, 6.369021310348444e-09, 4.955771792936048e-09, 2.798785869728704e-09, 9.382025156767781e-10, 5.745539599644189e-10, 3.8075653741032056e-10, 2.916245023243391e-10], "lowlevel.melbands128.mean": [1.1278745404297297e-07, 4.5769187551059076e-08, 4.194596314732735e-08, 6.21896774077868e-08, 1.1040553715702117e-07, 4.5031453055344173e-07, 7.248161637107842e-06, 4.907137918053195e-05, 0.00016540841897949576, 0.0002869823365472257, 0.00037970065022818744, 0.0005963625153526664, 0.0007564229890704155, 0.0005905871512368321, 0.00038365257205441594, 0.0002481932460796088, 0.0002281293855048716, 0.00015735015040263534, 3.174746598233469e-05, 1.2849361155531369e-05, 1.3140082046447787e-05, 2.0561421479214914e-05, 2.8552130970638245e-05, 3.4017306461464614e-05, 5.900310497963801e-05, 5.244796921033412e-05, 6.962766929063946e-05, 8.457947842543945e-05, 0.00014453797484748065, 0.00019791914382949471, 0.000110526081698481, 0.0001034975066431798, 0.00020928401499986649, 0.00016014954599086195, 0.0001665547606535256, 8.563138544559479e-05, 6.906260387040675e-05, 9.365351434098557e-05, 5.831975067849271e-05, 4.6098841266939417e-05, 5.4757154430262744e-05, 9.471653902437538e-05, 7.142458343878388e-05, 7.021589408395812e-05, 7.623298733960837e-05, 5.6354780099354684e-05, 3.740598549484275e-05, 3.167813702020794e-05, 1.8172666386817582e-05, 1.2273480024305172e-05, 1.2137373232690152e-05, 4.484275450522546e-06, 3.7977647480147425e-06, 1.6688798041286645e-06, 1.2368792567940545e-06, 3.0424344004131854e-06, 2.115651795975282e-06, 1.2159842981418478e-06, 1.3684261830348987e-06, 1.4725366099810344e-06, 1.4340422467284952e-06, 7.450549333043455e-07, 4.012246961337951e-07, 4.802653279512015e-07, 6.281234732341545e-07, 1.3280981647767476e-07, 9.485951579790708e-08, 4.586034094700153e-07, 2.2619983042204694e-07, 6.005676311815478e-08, 1.5383004381419596e-07, 1.5559868415948586e-07, 4.2461682170369386e-08, 4.5214999744302986e-08, 5.570419858713649e-08, 4.00426607427562e-08, 3.3835853230357316e-08, 3.3201605020849456e-08, 2.6437431799308797e-08, 2.4816257493398552e-08, 2.2934576904276582e-08, 1.5256427232657188e-08, 1.3921354735657587e-08, 8.418657770903337e-09, 8.627830005991655e-09, 5.115286416668141e-09, 7.588828232485412e-09, 4.606777626037228e-09, 5.823990623099462e-09, 3.7015115417204925e-09, 5.326246110826105e-09, 1.9596815281630597e-09, 1.5212763271321705e-09, 9.98069182855943e-10, 8.865073120034594e-10, 6.29351293301994e-10, 5.640328759604074e-10, 3.8596012497116305e-10, 2.6908697492444844e-10, 2.3117305292252865e-10, 3.7902575522608117e-10, 1.353273326731852e-10, 9.613678603193065e-11, 9.401413675336201e-11, 5.6509567858409326e-11, 3.404649479010757e-11, 3.190921138429559e-11, 1.917492900571638e-11, 1.4135828792227745e-11, 1.3003398705024871e-11, 1.015077605304171e-11, 7.20556990810306e-12, 1.9511462757970666e-12, 1.854488784758246e-12, 1.7896323529012492e-12, 1.733143034469975e-12, 1.6842078946754935e-12, 1.6230631205357837e-12, 1.5834127628858163e-12, 1.5414718113060388e-12, 1.5021354386052232e-12, 1.472436430595414e-12, 1.4481292684095926e-12, 1.4212307546113134e-12, 1.3718250710739732e-12, 1.3029659816365946e-12, 1.2639644105666425e-12, 1.2531059089687657e-12], "lowlevel.melbands128.stdev": [5.224026722316921e-07, 2.1507364067474555e-07, 2.147014441788997e-07, 2.5344070309074596e-07, 3.778081065775041e-07, 2.3913191853353055e-06, 4.173478009761311e-05, 0.00023261085152626038, 0.0006701535312458873, 0.0011813830351457, 0.001519411918707192, 0.002674620598554611, 0.0033308782149106264, 0.002351126167923212, 0.0026776958256959915, 0.0014888636069372296, 0.0009477685671299696, 0.0010209805332124233, 0.0001720532454783097, 5.6396886066067964e-05, 8.096294186543673e-05, 0.00012628793774638325, 0.00020165115711279213, 0.00022752201766707003, 0.000515406543854624, 0.00029691989766433835, 0.00040798887494020164, 0.0004696715041063726, 0.0007791612297296524, 0.001651120837777853, 0.0006892650271765888, 0.0005803262465633452, 0.0011984679149463773, 0.0008484456920996308, 0.0008273692801594734, 0.0006556966109201312, 0.0004925411194562912, 0.0006894161342643201, 0.00044053071178495884, 0.00024853204376995564, 0.0003184645320288837, 0.0006726693245582283, 0.0004397796292323619, 0.0004504874814301729, 0.0003736483631655574, 0.0003327542217448354, 0.0002264357462991029, 0.0001346091303275898, 0.00012315140338614583, 0.0001513810275355354, 4.412637645145878e-05, 2.7516245609149337e-05, 1.9592269381973892e-05, 8.605978109699208e-06, 5.189972853258951e-06, 5.8287332649342716e-06, 5.474537829286419e-06, 5.914669600315392e-06, 1.96292603504844e-05, 7.641481715836562e-06, 2.5941051262634574e-06, 4.695568350143731e-06, 1.4328760471471469e-06, 8.28373515560088e-07, 6.382928177117719e-07, 2.8304961574576737e-07, 2.0650283261147706e-07, 5.112663643558335e-07, 2.715537448239047e-07, 1.2958808781604603e-07, 1.8026712211849372e-07, 2.1908030589656846e-07, 9.139422019188714e-08, 6.231933014078095e-08, 8.333917378422484e-08, 8.315623745147604e-08, 6.463856294658399e-08, 4.650125617899903e-08, 4.471271353168049e-08, 3.640970547280631e-08, 2.5949125515012383e-08, 2.9290378122937e-08, 1.9582634180892455e-08, 1.774397517806392e-08, 1.2506428781478007e-08, 7.462467976893095e-09, 8.265100603921383e-09, 5.189372931369007e-09, 7.117218370211731e-09, 4.5326369324527604e-09, 5.229940036599601e-09, 2.738956839110074e-09, 1.8310398752774404e-09, 1.0224275870385213e-09, 9.535789935455341e-10, 7.478275221295405e-10, 7.277114466575085e-10, 5.200436192787095e-10, 3.8843647742758947e-10, 4.4430908952008963e-10, 8.050823341321234e-10, 2.2350926665026805e-10, 1.1709579139651538e-10, 1.3738052362377573e-10, 9.485787155760761e-11, 7.149038305787059e-11, 6.354920062401348e-11, 4.088266877810831e-11, 3.5164041817248304e-11, 3.327627062787997e-11, 3.1447965759268115e-11, 2.0136234693546307e-11, 5.859753654524624e-12, 5.644682204292151e-12, 5.4401366224310355e-12, 5.251830654390277e-12, 5.089836538352266e-12, 4.919962007243761e-12, 4.784577681965496e-12, 4.659985505112152e-12, 4.547878566796282e-12, 4.448023980391236e-12, 4.360135950204347e-12, 4.287298814575902e-12, 4.225197015178539e-12, 4.174095097342345e-12, 4.1374954677653175e-12, 4.115181286012959e-12], "lowlevel.mfcc.mean": [-843.7593994140625, 142.95167541503906, -94.6863021850586, -8.634239196777344, -28.769380569458008, -9.366734504699707, -31.784513473510742, -26.65526580810547, -41.47200012207031, -28.61905288696289, -27.08944320678711, -15.919036865234375, -4.209205627441406], "lowlevel.spectral_contrast_coeffs.mean": [-0.47476741671562195, -0.6429447531700134, -0.6868054270744324, -0.7280254364013672, -0.7679153084754944, -0.7160007953643799], "lowlevel.spectral_contrast_coeffs.stdev": [0.09793349355459213, 0.09436750411987305, 0.07388299703598022, 0.05810571834445, 0.04085644334554672, 0.0339936763048172], "lowlevel.spectral_contrast_valleys.mean": [-11.096680641174316, -9.088247299194336, -8.96686840057373, -9.044925689697266, -9.68376636505127, -14.00463581085205], "lowlevel.spectral_contrast_valleys.stdev": [1.119814395904541, 1.2053582668304443, 1.4346412420272827, 1.2603837251663208, 0.9284403324127197, 0.6690922975540161], "rhythm.beats_loudness_band_ratio.mean": [0.015520730055868626, 0.4854365289211273, 0.1539003998041153, 0.29476696252822876, 0.09321196377277374, 0.008093328215181828], "rhythm.beats_loudness_band_ratio.stdev": [0.07262156903743744, 0.2784232199192047, 0.19216838479042053, 0.25527745485305786, 0.08138589560985565, 0.011510889045894146], "tonal.hpcp.mean": [0.049099553376436234, 0.03648178651928902, 0.06389370560646057, 0.14942166209220886, 0.11597179621458054, 0.033903028815984726, 0.04052095115184784, 0.04447729140520096, 0.06849927455186844, 0.08107998222112656, 0.054284725338220596, 0.08001552522182465, 0.1850275695323944, 0.14382316172122955, 0.03395925089716911, 0.032962530851364136, 0.030714930966496468, 0.0578119158744812, 0.4659217298030853, 0.46013695001602173, 0.05004528537392616, 0.019651219248771667, 0.023710811510682106, 0.056222591549158096, 0.1881713718175888, 0.17429910600185394, 0.0844893679022789, 0.2269105464220047, 0.19749999046325684, 0.04593199864029884, 0.0346161350607872, 0.03324136510491371, 0.09808417409658432, 0.29486924409866333, 0.24571551382541656, 0.05898666754364967], "tonal.hpcp.stdev": [0.16404129564762115, 0.13087855279445648, 0.13629993796348572, 0.268107533454895, 0.2316407710313797, 0.11649028956890106, 0.15258927643299103, 0.14983373880386353, 0.16348762810230255, 0.17259958386421204, 0.14619457721710205, 0.17440156638622284, 0.3058098554611206, 0.2400711178779602, 0.12152610719203949, 0.1343158781528473, 0.13054640591144562, 0.11627276241779327, 0.3860267102718353, 0.3952946960926056, 0.090445876121521, 0.07194686681032181, 0.11799336224794388, 0.1476024091243744, 0.3193292021751404, 0.29972946643829346, 0.13615074753761292, 0.3335259258747101, 0.2952057719230652, 0.1381993144750595, 0.12964817881584167, 0.12226201593875885, 0.16145752370357513, 0.3665643334388733, 0.30986452102661133, 0.1634770929813385], "rhythm.beats_position": [0.4527890980243683, 0.9055781960487366, 1.3583673238754272, 1.8111563920974731, 2.2639455795288086, 2.7167346477508545, 3.1695237159729004, 3.6223127841949463, 4.075101852416992, 4.539501190185547, 5.003900051116943, 5.468299388885498, 5.944308280944824, 6.408707141876221, 6.884716510772705, 7.360725402832031, 7.8715643882751465, 8.382403373718262, 8.928071975708008, 9.47374153137207, 10.031020164489746, 10.576688766479492, 11.110748291015625, 11.656416893005371, 12.202085494995117, 12.74775505065918, 13.305033683776855, 13.90875244140625, 14.512471199035645, 15.151020050048828, 15.789568901062012, 16.381677627563477, 16.973787307739258, 17.565895080566406, 18.158004760742188, 18.750112533569336, 19.330612182617188, 19.922719955444336, 20.514829635620117, 21.141767501831055, 21.757097244262695, 22.407255172729492, 23.057415008544922, 23.754013061523438, 24.392560958862305, 25.019500732421875, 25.634828567504883, 26.250158309936523, 26.86548614501953, 27.457595825195312, 28.061315536499023, 28.6650333404541, 29.257143020629883, 29.86086082458496, 30.452970504760742, 31.05668830871582], "rhythm.bpm_histogram": [0.0, 0.0, 0.0, 0.0, 0.0, 0.0, 0.0, 0.0, 0.0, 0.0, 0.0, 0.0, 0.0, 0.0, 0.0, 0.0, 0.0, 0.0, 0.0, 0.0, 0.0, 0.0, 0.0, 0.0, 0.0, 0.0, 0.0, 0.0, 0.0, 0.0, 0.0, 0.0, 0.0, 0.0, 0.0, 0.0, 0.0, 0.0, 0.0, 0.0, 0.0, 0.0, 0.0, 0.0, 0.0, 0.0, 0.0, 0.0, 0.0, 0.0, 0.0, 0.0, 0.0, 0.0, 0.0, 0.0, 0.0, 0.0, 0.0, 0.0, 0.0, 0.0, 0.0, 0.0, 0.0, 0.0, 0.0, 0.0, 0.0, 0.0, 0.0, 0.0, 0.0, 0.0, 0.0, 0.0, 0.0, 0.0, 0.0, 0.0, 0.0, 0.0, 0.0, 0.0, 0.0, 0.0, 0.0181818176060915, 0.0, 0.0, 0.0, 0.0, 0.0, 0.036363635212183, 0.0, 0.05454545468091965, 0.0, 0.036363635212183, 0.0, 0.072727270424366, 0.1090909093618393, 0.0, 0.1818181872367859, 0.0, 0.0181818176060915, 0.0, 0.0, 0.0, 0.0, 0.036363635212183, 0.0, 0.1090909093618393, 0.0, 0.0181818176060915, 0.0, 0.0, 0.0, 0.0, 0.036363635212183, 0.0, 0.0, 0.0, 0.0, 0.0, 0.0, 0.0, 0.0, 0.05454545468091965, 0.0, 0.0, 0.072727270424366, 0.0, 0.0, 0.0, 0.145454540848732, 0.0, 0.0, 0.0, 0.0, 0.0, 0.0, 0.0, 0.0, 0.0, 0.0, 0.0, 0.0, 0.0, 0.0, 0.0, 0.0, 0.0, 0.0, 0.0, 0.0, 0.0, 0.0, 0.0, 0.0, 0.0, 0.0, 0.0, 0.0, 0.0, 0.0, 0.0, 0.0, 0.0, 0.0, 0.0, 0.0, 0.0, 0.0, 0.0, 0.0, 0.0, 0.0, 0.0, 0.0, 0.0, 0.0, 0.0, 0.0, 0.0, 0.0, 0.0, 0.0, 0.0, 0.0, 0.0, 0.0, 0.0, 0.0, 0.0, 0.0, 0.0, 0.0, 0.0, 0.0, 0.0, 0.0, 0.0, 0.0, 0.0, 0.0, 0.0, 0.0, 0.0, 0.0, 0.0, 0.0, 0.0, 0.0, 0.0, 0.0, 0.0, 0.0, 0.0, 0.0, 0.0, 0.0, 0.0, 0.0, 0.0, 0.0, 0.0, 0.0, 0.0, 0.0, 0.0, 0.0, 0.0, 0.0, 0.0, 0.0, 0.0, 0.0, 0.0, 0.0, 0.0, 0.0, 0.0, 0.0, 0.0, 0.0, 0.0, 0.0, 0.0, 0.0, 0.0, 0.0], "tonal.chords_histogram": [28.947368621826172, 0.0, 0.0, 0.0, 0.0, 0.7309941649436951, 0.0, 0.0, 0.0, 0.0, 0.0, 0.0, 0.4385964870452881, 11.695906639099121, 0.0, 1.1695905923843384, 0.0, 2.777777671813965, 3.8011696338653564, 29.09356689453125, 5.55555534362793, 0.0, 11.695906639099121, 4.093567371368408], "tonal.thpcp": [1.0, 0.9875842332839966, 0.10741135478019714, 0.04217708110809326, 0.05089011788368225, 0.12066960334777832, 0.40386906266212463, 0.37409526109695435, 0.1813381165266037, 0.4870142936706543, 0.4238909184932709, 0.09858307987451553, 0.0742960274219513, 0.07134538143873215, 0.21051642298698425, 0.6328729391098022, 0.5273751020431519, 0.12660209834575653, 0.1053815484046936, 0.07830024510622025, 0.13713398575782776, 0.3207012116909027, 0.24890832602977753, 0.07276549935340881, 0.08696943521499634, 0.09546086192131042, 0.14701884984970093, 0.17402060329914093, 0.11651039868593216, 0.1717359870672226, 0.3971215784549713, 0.3086852431297302, 0.07288616895675659, 0.07074692845344543, 0.06592293828725815, 0.12408074736595154], "lowlevel.gfcc.cov": [[6898.5361328125, 1904.1826171875, 239.032470703125, -628.7610473632812, 560.1859130859375, -124.62123107910156, 334.6094970703125, -495.1689453125, -170.97181701660156, -417.8368225097656, -549.0336303710938, -375.84893798828125, -241.19052124023438], [1904.1826171875, 1221.30615234375, 570.9868774414062, -253.89810180664062, 413.5217590332031, -28.650386810302734, 292.2584228515625, -225.31607055664062, -89.06739044189453, -306.96533203125, -382.47137451171875, -271.5748596191406, -228.42001342773438], [239.032470703125, 570.9868774414062, 731.6019897460938, 6.94111442565918, 228.95542907714844, -32.357173919677734, 84.46815490722656, -70.14433288574219, -92.55428314208984, -132.59335327148438, -198.45310974121094, -131.89305114746094, -157.63809204101562], [-628.7610473632812, -253.89810180664062, 6.94111442565918, 363.0218505859375, -54.95049285888672, -72.73533630371094, -191.16070556640625, 29.54832649230957, 25.320358276367188, 27.51844024658203, 105.78704071044922, 48.85662078857422, 54.94120407104492], [560.1859130859375, 413.5217590332031, 228.95542907714844, -54.95049285888672, 339.7743225097656, 74.41132354736328, 121.72142791748047, -114.80847930908203, -66.68660736083984, -121.03285217285156, -194.23211669921875, -112.68769836425781, -116.52053833007812], [-124.62123107910156, -28.650386810302734, -32.357173919677734, -72.73533630371094, 74.41132354736328, 206.8599090576172, 122.45536804199219, -2.1116342544555664, -56.78777313232422, -17.230993270874023, -57.052581787109375, -48.33351135253906, -59.043373107910156], [334.6094970703125, 292.2584228515625, 84.46815490722656, -191.16070556640625, 121.72142791748047, 122.45536804199219, 265.6670227050781, -11.082629203796387, -46.05060958862305, -97.66110229492188, -165.5973358154297, -103.04986572265625, -113.48818969726562], [-495.1689453125, -225.31607055664062, -70.14433288574219, 29.54832649230957, -114.80847930908203, -2.1116342544555664, -11.082629203796387, 183.49473571777344, 62.071834564208984, 65.36088562011719, 26.70962142944336, 17.71462631225586, 0.3478836119174957], [-170.97181701660156, -89.06739044189453, -92.55428314208984, 25.320358276367188, -66.68660736083984, -56.78777313232422, -46.05060958862305, 62.071834564208984, 115.64622497558594, 61.539302825927734, 28.80559730529785, 3.8821792602539062, 17.915523529052734], [-417.8368225097656, -306.96533203125, -132.59335327148438, 27.51844024658203, -121.03285217285156, -17.230993270874023, -97.66110229492188, 65.36088562011719, 61.539302825927734, 177.94032287597656, 121.92039489746094, 57.0875129699707, 26.78990364074707], [-549.0336303710938, -382.47137451171875, -198.45310974121094, 105.78704071044922, -194.23211669921875, -57.052581787109375, -165.5973358154297, 26.70962142944336, 28.80559730529785, 121.92039489746094, 250.7447967529297, 142.91323852539062, 109.86930084228516], [-375.84893798828125, -271.5748596191406, -131.89305114746094, 48.85662078857422, -112.68769836425781, -48.33351135253906, -103.04986572265625, 17.71462631225586, 3.8821792602539062, 57.0875129699707, 142.91323852539062, 151.48924255371094, 109.91336822509766], [-241.19052124023438, -228.42001342773438, -157.63809204101562, 54.94120407104492, -116.52053833007812, -59.043373107910156, -113.48818969726562, 0.3478836119174957, 17.915523529052734, 26.78990364074707, 109.86930084228516, 109.91336822509766, 169.7407989501953]], "lowlevel.gfcc.icov": [[0.0004437775642145425, -0.0010911542922258377, 0.0008072431082837284, 0.00025715684751048684, 0.00022377862478606403, 0.00021578717860393226, 0.0008540579583495855, 5.5220149079104885e-05, 0.0010134802432730794, -0.0004903097287751734, 0.0006871873047202826, -4.999214070267044e-05, 0.00018623370851855725], [-0.0010911542922258377, 0.010586348362267017, -0.004294718150049448, 0.0032240785658359528, -0.0028706796001642942, 0.0052471342496573925, -0.0038828072138130665, 0.004449589177966118, -0.004724681377410889, 0.008101162500679493, -0.002871377393603325, 0.006222403142601252, 0.00196236465126276], [0.0008072431082837284, -0.004294718150049448, 0.004830642137676477, -0.001049299375154078, 0.0005559861310757697, 0.0005869664018973708, 0.0024971275124698877, -0.0015389848267659545, 0.005010134540498257, -0.0028118323534727097, 0.00287055317312479, -0.0015444356249645352, 0.0015090710949152708], [0.00025715684751048684, 0.0032240785658359528, -0.001049299375154078, 0.007600942626595497, -0.0018580342875793576, 0.00197722134180367, 0.004885656293481588, 0.00030846052686683834, -0.0010398662416264415, 0.006101971957832575, -0.002460994990542531, 0.004219431895762682, 0.0019549063872545958], [0.00022377862478606403, -0.0028706796001642942, 0.0005559861310757697, -0.0018580342875793576, 0.009820504114031792, -0.004000954795628786, 0.002358050551265478, 0.003674411913380027, 0.0002818720822688192, -0.0014957549283280969, 0.007336094044148922, -0.004964918829500675, 0.0031641991809010506], [0.00021578717860393226, 0.0052471342496573925, 0.0005869664018973708, 0.00197722134180367, -0.004000954795628786, 0.014634414575994015, -0.005936222616583109, 0.0014490443281829357, 0.005417330656200647, 0.0013909981353208423, -0.001835271599702537, 0.007517644669860601, 0.0011735634179785848], [0.0008540579583495855, -0.0038828072138130665, 0.0024971275124698877, 0.004885656293481588, 0.002358050551265478, -0.005936222616583109, 0.017509551718831062, -0.002286874456331134, 0.001823528204113245, 0.0037072610575705767, 0.005144587252289057, -0.0024900806602090597, 0.0054963938891887665], [5.5220149079104885e-05, 0.004449589177966118, -0.0015389848267659545, 0.00030846052686683834, 0.003674411913380027, 0.0014490443281829357, -0.002286874456331134, 0.013309917412698269, -0.005602309480309486, 0.0017707081278786063, 0.004192378371953964, -0.0006352232303470373, 0.004016820807009935], [0.0010134802432730794, -0.004724681377410889, 0.005010134540498257, -0.0010398662416264415, 0.0002818720822688192, 0.005417330656200647, 0.001823528204113245, -0.005602309480309486, 0.02119395323097706, -0.008424276486039162, 0.0030475787352770567, 0.0037141209468245506, -0.001904865144751966], [-0.0004903097287751734, 0.008101162500679493, -0.0028118323534727097, 0.006101971957832575, -0.0014957549283280969, 0.0013909981353208423, 0.0037072610575705767, 0.0017707081278786063, -0.008424276486039162, 0.02106628566980362, -0.006796908564865589, 0.004380567464977503, 0.006677920464426279], [0.0006871873047202826, -0.002871377393603325, 0.00287055317312479, -0.002460994990542531, 0.007336094044148922, -0.001835271599702537, 0.005144587252289057, 0.004192378371953964, 0.0030475787352770567, -0.006796908564865589, 0.020959196612238884, -0.011990717612206936, 0.0033526148181408644], [-4.999214070267044e-05, 0.006222403142601252, -0.0015444356249645352, 0.004219431895762682, -0.004964918829500675, 0.007517644669860601, -0.0024900806602090597, -0.0006352232303470373, 0.0037141209468245506, 0.004380567464977503, -0.011990717612206936, 0.027393244206905365, -0.00801461935043335], [0.00018623370851855725, 0.00196236465126276, 0.0015090710949152708, 0.0019549063872545958, 0.0031641991809010506, 0.0011735634179785848, 0.0054963938891887665, 0.004016820807009935, -0.001904865144751966, 0.006677920464426279, 0.0033526148181408644, -0.00801461935043335, 0.01797916181385517]], "lowlevel.mfcc.cov": [[4561.115234375, 2169.61865234375, -481.2518310546875, -114.81842803955078, -176.789794921875, 423.6212463378906, 31.83171844482422, 80.00985717773438, 108.25365447998047, 39.773929595947266, -159.65493774414062, -300.32025146484375, -338.9705505371094], [2169.61865234375, 1885.5018310546875, 37.48695755004883, -98.76763153076172, -63.29701232910156, 344.7303466796875, 137.76593017578125, 158.46644592285156, 184.13446044921875, 79.77046966552734, -51.413490295410156, -252.08230590820312, -357.8067932128906], [-481.2518310546875, 37.48695755004883, 420.8374938964844, 114.46037292480469, 56.41459655761719, -67.23837280273438, 2.224276065826416, -0.5028494000434875, -7.7108659744262695, -6.713791847229004, 13.26032543182373, 23.035400390625, -39.968719482421875], [-114.81842803955078, -98.76763153076172, 114.46037292480469, 258.01873779296875, 124.6263198852539, -72.63793182373047, -85.713623046875, -39.57124710083008, -36.95021057128906, -41.07176971435547, -31.41749382019043, 3.512871265411377, 16.95545196533203], [-176.789794921875, -63.29701232910156, 56.41459655761719, 124.6263198852539, 200.91822814941406, 38.65813064575195, -20.93566131591797, -19.03788185119629, -19.795425415039062, -19.531978607177734, -29.678613662719727, -12.354382514953613, -19.273176193237305], [423.6212463378906, 344.7303466796875, -67.23837280273438, -72.63793182373047, 38.65813064575195, 255.4937286376953, 115.35009002685547, 42.54436111450195, 39.73518371582031, 31.309438705444336, -3.3558363914489746, -70.55223846435547, -101.30616760253906], [31.83171844482422, 137.76593017578125, 2.224276065826416, -85.713623046875, -20.93566131591797, 115.35009002685547, 163.1103057861328, 76.70759582519531, 32.865150451660156, 26.538009643554688, 25.24164390563965, -17.497230529785156, -52.430419921875], [80.00985717773438, 158.46644592285156, -0.5028494000434875, -39.57124710083008, -19.03788185119629, 42.54436111450195, 76.70759582519531, 135.30921936035156, 77.4242935180664, 31.323440551757812, 6.029987335205078, -26.173648834228516, -54.67782211303711], [108.25365447998047, 184.13446044921875, -7.7108659744262695, -36.95021057128906, -19.795425415039062, 39.73518371582031, 32.865150451660156, 77.4242935180664, 159.1584014892578, 74.0689926147461, 24.406238555908203, -36.547935485839844, -52.63958740234375], [39.773929595947266, 79.77046966552734, -6.713791847229004, -41.07176971435547, -19.531978607177734, 31.309438705444336, 26.538009643554688, 31.323440551757812, 74.0689926147461, 108.79804229736328, 61.60586166381836, -0.7472192049026489, -26.765487670898438], [-159.65493774414062, -51.413490295410156, 13.26032543182373, -31.41749382019043, -29.678613662719727, -3.3558363914489746, 25.24164390563965, 6.029987335205078, 24.406238555908203, 61.60586166381836, 158.49266052246094, 76.67365264892578, 16.340787887573242], [-300.32025146484375, -252.08230590820312, 23.035400390625, 3.512871265411377, -12.354382514953613, -70.55223846435547, -17.497230529785156, -26.173648834228516, -36.547935485839844, -0.7472192049026489, 76.67365264892578, 137.8476104736328, 81.57805633544922], [-338.9705505371094, -357.8067932128906, -39.968719482421875, 16.95545196533203, -19.273176193237305, -101.30616760253906, -52.430419921875, -54.67782211303711, -52.63958740234375, -26.765487670898438, 16.340787887573242, 81.57805633544922, 162.8170623779297]], "lowlevel.mfcc.icov": [[0.000937517499551177, -0.0011610493529587984, 0.0012717957142740488, -0.0008305033552460372, 0.0008776228060014546, -0.0003803798172157258, 0.0004477482580114156, 0.0002845707640517503, 0.0005388385034166276, -0.00037745910231024027, 0.0007642635027877986, -0.0007488933042623103, 0.00031663847039453685], [-0.0011610493529587984, 0.002643632236868143, -0.0018779751844704151, 0.0007511323201470077, 2.8059070245944895e-05, -0.0009390163468196988, 0.00025803252356126904, -0.0007905647507868707, -0.0010077097686007619, 0.0006700159865431488, -0.001048934180289507, 0.0016383908223360777, 0.001158592407591641], [0.0012717957142740488, -0.0018779751844704151, 0.005223946645855904, -0.002523423871025443, 0.0004860274202656001, 0.0017869096482172608, -0.0015979496529325843, 0.0013776320265606046, 0.0006232402520254254, -0.0006278418004512787, 0.0010630212491378188, -0.0022459872998297215, 0.0023002601228654385], [-0.0008305033552460372, 0.0007511323201470077, -0.002523423871025443, 0.008985213004052639, -0.00564386323094368, 0.0020752677228301764, 0.0023025525733828545, -0.0008682125480845571, -0.00012528405932243913, 0.0016457531601190567, -0.0013287223409861326, 0.001808219705708325, -0.001103032031096518], [0.0008776228060014546, 2.8059070245944895e-05, 0.0004860274202656001, -0.00564386323094368, 0.010693266056478024, -0.005087801720947027, 0.0019255701918154955, 6.0298407333903015e-05, 0.0005120799760334194, -0.000533432001248002, 0.0019632093608379364, -0.0014829349238425493, 0.0019601373933255672], [-0.0003803798172157258, -0.0009390163468196988, 0.0017869096482172608, 0.0020752677228301764, -0.005087801720947027, 0.011766726151108742, -0.007501993328332901, 0.0031536463648080826, -0.0002975550596602261, -0.0005844113184139132, -0.0007201494299806654, 0.001549149164929986, 0.001833230024203658], [0.0004477482580114156, 0.00025803252356126904, -0.0015979496529325843, 0.0023025525733828545, 0.0019255701918154955, -0.007501993328332901, 0.01589912734925747, -0.0077458699233829975, 0.002479948801919818, 0.000400180637370795, -0.0014650521334260702, 4.829060708289035e-05, -6.369195034494624e-05], [0.0002845707640517503, -0.0007905647507868707, 0.0013776320265606046, -0.0008682125480845571, 6.0298407333903015e-05, 0.0031536463648080826, -0.0077458699233829975, 0.015348388813436031, -0.006111605558544397, 0.000686884333845228, 0.00164462486281991, -0.0016066821990534663, 0.002690049819648266], [0.0005388385034166276, -0.0010077097686007619, 0.0006232402520254254, -0.00012528405932243913, 0.0005120799760334194, -0.0002975550596602261, 0.002479948801919818, -0.006111605558544397, 0.013495448045432568, -0.007267924956977367, -0.00011425555567257106, 0.0019370237132534385, -9.572884300723672e-05], [-0.00037745910231024027, 0.0006700159865431488, -0.0006278418004512787, 0.0016457531601190567, -0.000533432001248002, -0.0005844113184139132, 0.000400180637370795, 0.000686884333845228, -0.007267924956977367, 0.01828383281826973, -0.0069954837672412395, 0.0019699037075042725, 0.0006648550624959171], [0.0007642635027877986, -0.001048934180289507, 0.0010630212491378188, -0.0013287223409861326, 0.0019632093608379364, -0.0007201494299806654, -0.0014650521334260702, 0.00164462486281991, -0.00011425555567257106, -0.0069954837672412395, 0.01394747756421566, -0.009228735230863094, 0.0015873904339969158], [-0.0007488933042623103, 0.0016383908223360777, -0.0022459872998297215, 0.001808219705708325, -0.0014829349238425493, 0.001549149164929986, 4.829060708289035e-05, -0.0016066821990534663, 0.0019370237132534385, 0.0019699037075042725, -0.009228735230863094, 0.018379194661974907, -0.005766342859715223], [0.00031663847039453685, 0.001158592407591641, 0.0023002601228654385, -0.001103032031096518, 0.0019601373933255672, 0.001833230024203658, -6.369195034494624e-05, 0.002690049819648266, -9.572884300723672e-05, 0.0006648550624959171, 0.0015873904339969158, -0.005766342859715223, 0.01509049627929926]], "metadata.audio_properties.analysis.downmix": "mix", "metadata.audio_properties.codec": "mp3", "metadata.audio_properties.md5_encoded": "e5a0d1c3b010d9726068a4ca039a0fa3", "metadata.tags.file_name": "1183699085472055446.mp3", "metadata.version.essentia": "2.1-beta6-dev", "metadata.version.essentia_git_sha": "v2.1_beta5-1110-g77a6a954", "metadata.version.extractor": "music 2.0", "tonal.chords_key": "Eb", "tonal.chords_scale": "minor", "tonal.key_edma.key": "Ab", "tonal.key_edma.scale": "major", "tonal.key_krumhansl.key": "Ab", "tonal.key_krumhansl.scale": "major", "tonal.key_temperley.key": "Ab", "tonal.key_temperley.scale": "major", "metadata.tags.encoding": [