{"song_id": "1183694920628850718", "download": "https://cdn.discordapp.com/attachments/1135911532732108921/1183694920628850718/chirp.mp4?ex=658944cd&amp", "lyrics": "Flipping through history's pages, traditions call,\nFragrance of ink, where mountains and rivers enthrall.\nDragon Chenchen soaring on paper high,\nIs it AI's wisdom, or artisan's sky?", "style": ["rap"], "essentia_features": {"lowlevel.average_loudness": 0.985412061214447, "lowlevel.barkbands_crest.mean": 14.665257453918457, "lowlevel.barkbands_crest.stdev": 4.487311363220215, "lowlevel.barkbands_flatness_db.mean": 0.246599480509758, "lowlevel.barkbands_flatness_db.stdev": 0.07610058784484863, "lowlevel.barkbands_kurtosis.mean": 38.103519439697266, "lowlevel.barkbands_kurtosis.stdev": 93.34170532226562, "lowlevel.barkbands_skewness.mean": 3.7003557682037354, "lowlevel.barkbands_skewness.stdev": 3.686215877532959, "lowlevel.barkbands_spread.mean": 22.102758407592773, "lowlevel.barkbands_spread.stdev": 24.105466842651367, "lowlevel.dissonance.mean": 0.4514244794845581, "lowlevel.dissonance.stdev": 0.05311967059969902, "lowlevel.dynamic_complexity": 2.8624396324157715, "lowlevel.erbbands_crest.mean": 10.414451599121094, "lowlevel.erbbands_crest.stdev": 4.543489456176758, "lowlevel.erbbands_flatness_db.mean": 0.16032631695270538, "lowlevel.erbbands_flatness_db.stdev": 0.05518350750207901, "lowlevel.erbbands_kurtosis.mean": 3.2732696533203125, "lowlevel.erbbands_kurtosis.stdev": 5.90824031829834, "lowlevel.erbbands_skewness.mean": -0.008172659203410149, "lowlevel.erbbands_skewness.stdev": 1.606869101524353, "lowlevel.erbbands_spread.mean": 51.03607940673828, "lowlevel.erbbands_spread.stdev": 40.424903869628906, "lowlevel.hfc.mean": 24.534555435180664, "lowlevel.hfc.stdev": 23.27323341369629, "lowlevel.loudness_ebu128.integrated": -16.176921844482422, "lowlevel.loudness_ebu128.loudness_range": 0.6255292892456055, "lowlevel.loudness_ebu128.momentary.mean": -16.35032844543457, "lowlevel.loudness_ebu128.momentary.stdev": 1.2635730504989624, "lowlevel.loudness_ebu128.short_term.mean": -16.008127212524414, "lowlevel.loudness_ebu128.short_term.stdev": 0.23842783272266388, "lowlevel.melbands_crest.mean": 28.004066467285156, "lowlevel.melbands_crest.stdev": 8.11814022064209, "lowlevel.melbands_flatness_db.mean": 0.3204350769519806, "lowlevel.melbands_flatness_db.stdev": 0.09392304718494415, "lowlevel.melbands_kurtosis.mean": 153.76870727539062, "lowlevel.melbands_kurtosis.stdev": 372.64581298828125, "lowlevel.melbands_skewness.mean": 7.141246318817139, "lowlevel.melbands_skewness.stdev": 7.462299823760986, "lowlevel.melbands_spread.mean": 15.234566688537598, "lowlevel.melbands_spread.stdev": 17.887971878051758, "lowlevel.pitch_salience.mean": 0.3408506512641907, "lowlevel.pitch_salience.stdev": 0.1725149154663086, "lowlevel.silence_rate_20dB.mean": 1.0, "lowlevel.silence_rate_20dB.stdev": 0.0, "lowlevel.silence_rate_30dB.mean": 0.9207317233085632, "lowlevel.silence_rate_30dB.stdev": 0.2701568901538849, "lowlevel.silence_rate_60dB.mean": 0.009146341122686863, "lowlevel.silence_rate_60dB.stdev": 0.09519829601049423, "lowlevel.spectral_centroid.mean": 1561.749755859375, "lowlevel.spectral_centroid.stdev": 1301.431396484375, "lowlevel.spectral_complexity.mean": 10.256097793579102, "lowlevel.spectral_complexity.stdev": 8.203673362731934, "lowlevel.spectral_decrease.mean": -1.4204389664485007e-08, "lowlevel.spectral_decrease.stdev": 9.723739147204924e-09, "lowlevel.spectral_energy.mean": 0.055836021900177, "lowlevel.spectral_energy.stdev": 0.037495505064725876, "lowlevel.spectral_energyband_high.mean": 0.0015835367375984788, "lowlevel.spectral_energyband_high.stdev": 0.0027003372088074684, "lowlevel.spectral_energyband_low.mean": 0.03913529962301254, "lowlevel.spectral_energyband_low.stdev": 0.03144311159849167, "lowlevel.spectral_energyband_middle_high.mean": 0.004249615594744682, "lowlevel.spectral_energyband_middle_high.stdev": 0.0072214119136333466, "lowlevel.spectral_energyband_middle_low.mean": 0.012080376036465168, "lowlevel.spectral_energyband_middle_low.stdev": 0.017699692398309708, "lowlevel.spectral_entropy.mean": 7.61683988571167, "lowlevel.spectral_entropy.stdev": 0.6393633484840393, "lowlevel.spectral_flux.mean": 0.11476043611764908, "lowlevel.spectral_flux.stdev": 0.0742914155125618, "lowlevel.spectral_kurtosis.mean": 4.405187129974365, "lowlevel.spectral_kurtosis.stdev": 4.96314001083374, "lowlevel.spectral_rms.mean": 0.0070034209638834, "lowlevel.spectral_rms.stdev": 0.002329441485926509, "lowlevel.spectral_rolloff.mean": 1085.980712890625, "lowlevel.spectral_rolloff.stdev": 2082.62841796875, "lowlevel.spectral_skewness.mean": 1.547792911529541, "lowlevel.spectral_skewness.stdev": 0.8646145462989807, "lowlevel.spectral_spread.mean": 6122146.5, "lowlevel.spectral_spread.stdev": 2653466.75, "lowlevel.spectral_strongpeak.mean": 0.3815690279006958, "lowlevel.spectral_strongpeak.stdev": 0.43057507276535034, "lowlevel.zerocrossingrate.mean": 0.04458246007561684, "lowlevel.zerocrossingrate.stdev": 0.03977951034903526, "metadata.audio_properties.analysis.equal_loudness": 0.0, "metadata.audio_properties.analysis.length": 7.573310852050781, "metadata.audio_properties.analysis.sample_rate": 44100.0, "metadata.audio_properties.analysis.start_time": 0.0, "metadata.audio_properties.bit_rate": 112126.0, "metadata.audio_properties.length": 7.573333263397217, "metadata.audio_properties.lossless": 0.0, "metadata.audio_properties.number_channels": 1.0, "metadata.audio_properties.replay_gain": -10.103435516357422, "metadata.audio_properties.sample_rate": 48000.0, "rhythm.beats_count": 13.0, "rhythm.beats_loudness.mean": 0.08024384081363678, "rhythm.beats_loudness.stdev": 0.03432350233197212, "rhythm.bpm": 111.1519546508789, "rhythm.bpm_histogram_first_peak_bpm": 110.0, "rhythm.bpm_histogram_first_peak_weight": 0.5, "rhythm.bpm_histogram_second_peak_bpm": 0.0, "rhythm.bpm_histogram_second_peak_spread": 0.0, "rhythm.bpm_histogram_second_peak_weight": 0.0, "rhythm.danceability": 1.7746334075927734, "rhythm.onset_rate": 5.663166522979736, "tonal.chords_changes_rate": 0.12727272510528564, "tonal.chords_number_rate": 0.036363635212183, "tonal.chords_strength.mean": 0.5439083576202393, "tonal.chords_strength.stdev": 0.06798368692398071, "tonal.hpcp_crest.mean": 11.085800170898438, "tonal.hpcp_crest.stdev": 4.433378219604492, "tonal.hpcp_entropy.mean": 2.370772361755371, "tonal.hpcp_entropy.stdev": 0.7450605630874634, "tonal.key_edma.strength": 0.49657344818115234, "tonal.key_krumhansl.strength": 0.49401864409446716, "tonal.key_temperley.strength": 0.5040470361709595, "tonal.tuning_diatonic_strength": 0.6299270987510681, "tonal.tuning_equal_tempered_deviation": 0.2949007451534271, "tonal.tuning_frequency": 434.193115234375, "tonal.tuning_nontempered_energy_ratio": 0.929136335849762, "lowlevel.barkbands.mean": [0.007055849768221378, 0.02848094515502453, 0.0024792870972305536, 0.002292032353579998, 0.002425803104415536, 0.003355890978127718, 0.0014934425707906485, 0.0006740876124240458, 0.001642163610085845, 0.0008483501733280718, 0.0007913227309472859, 0.0005963100702501833, 0.0005291040288284421, 0.0003546402440406382, 0.00040616371552459896, 0.00032993825152516365, 0.00019590553711168468, 7.923277735244483e-05, 0.00012349363532848656, 0.000181727678864263, 0.00028513240977190435, 0.00024894485250115395, 0.0003266413405071944, 0.000289247022010386, 0.00022576430637855083, 0.0001246019673999399, 1.2592002995859275e-09], "lowlevel.barkbands.stdev": [0.0033055488020181656, 0.025504684075713158, 0.009544328786432743, 0.007207807619124651, 0.007662944495677948, 0.006354093551635742, 0.004808398429304361, 0.0019089929992333055, 0.004945820197463036, 0.0024528910871595144, 0.003168061375617981, 0.0023159889969974756, 0.0019314594101160765, 0.0010746940970420837, 0.0010347762145102024, 0.0008394741453230381, 0.0004712339723482728, 0.0002488109457772225, 0.00023119569232221693, 0.0005255754804238677, 0.0005962324794381857, 0.0004546652489807457, 0.0006576292798854411, 0.0005850580055266619, 0.0004212278872728348, 0.00026508126757107675, 2.9117894762009655e-09], "lowlevel.erbbands.mean": [1.6992037296295166, 2.8695449829101562, 2.6928579807281494, 6.407898902893066, 7.41540002822876, 7.343800067901611, 18.48883819580078, 28.173011779785156, 18.1774959564209, 23.201147079467773, 18.144447326660156, 36.10917663574219, 30.712953567504883, 27.78219985961914, 29.86648178100586, 25.132184982299805, 25.855436325073242, 19.803218841552734, 18.744407653808594, 22.099849700927734, 16.946687698364258, 10.843602180480957, 4.993475914001465, 4.221004009246826, 8.164770126342773, 8.411623001098633, 10.2648344039917, 10.781100273132324, 9.538206100463867, 7.451796531677246, 9.905409812927246, 8.026032447814941, 3.8801653385162354, 2.0135321617126465, 1.8475937843322754, 1.0935641527175903, 0.0950327143073082, 0.0022762143053114414, 0.0001352676044916734, 7.653757347725332e-05], "lowlevel.erbbands.stdev": [1.1713335514068604, 4.558600902557373, 9.166048049926758, 20.555160522460938, 23.210325241088867, 22.83143424987793, 32.90150833129883, 65.49686431884766, 44.105865478515625, 67.8733139038086, 49.289791107177734, 113.53772735595703, 91.73120880126953, 104.20852661132812, 102.35874938964844, 97.87330627441406, 94.43500518798828, 58.67683792114258, 45.01535415649414, 55.923763275146484, 43.62875747680664, 24.44524383544922, 14.924420356750488, 8.567710876464844, 18.595947265625, 24.784395217895508, 21.797544479370117, 21.682723999023438, 17.92622184753418, 13.217373847961426, 20.707944869995117, 16.81423568725586, 7.961818218231201, 3.742816686630249, 3.5541234016418457, 2.198899269104004, 0.2828460931777954, 0.006630339659750462, 0.00024822293198667467, 5.008052539778873e-05], "lowlevel.gfcc.mean": [-34.52775192260742, 73.85084533691406, -74.69935607910156, 54.804813385009766, -53.21331787109375, 35.71266174316406, -36.87913131713867, 20.433813095092773, -14.316000938415527, 18.30705451965332, -4.193361759185791, 10.432832717895508, 5.413571834564209], "lowlevel.melbands.mean": [0.011009992100298405, 0.0019969986751675606, 0.0010928254341706634, 0.0005484012654051185, 0.0005608094506897032, 0.0006163700018078089, 0.00030017783865332603, 0.0002319114573765546, 0.00016945457900874317, 0.00022830604575574398, 0.00015209148114081472, 0.00011321550118736923, 0.00010745524923549965, 6.859200220787898e-05, 5.668545782100409e-05, 5.539883568417281e-05, 3.3843956771306694e-05, 2.8858699806733057e-05, 3.1728304747957736e-05, 2.59638673014706e-05, 1.8266498955199495e-05, 1.2143074854975566e-05, 6.505113560706377e-06, 3.060079961869633e-06, 3.2329123769159196e-06, 5.0614548854355235e-06, 7.000347068242263e-06, 5.149717253516428e-06, 5.350345418264624e-06, 8.202935532608535e-06, 5.452512141346233e-06, 5.446985142043559e-06, 4.675907348428154e-06, 3.954434305342147e-06, 5.4366569202102255e-06, 6.262474926188588e-06, 4.365009317552904e-06, 2.840199613274308e-06, 1.7441542468077387e-06, 1.6951870520642842e-06], "lowlevel.melbands.stdev": [0.008331607095897198, 0.004513133317232132, 0.003198385238647461, 0.0018531986279413104, 0.000988256768323481, 0.0013329110806807876, 0.0008092674543149769, 0.0006429567583836615, 0.0005167379276826978, 0.0007085550460033119, 0.0004656107339542359, 0.0004116449854336679, 0.00039657409070059657, 0.00024608810781501234, 0.00020043352560605854, 0.00022100745991338044, 0.00010376785940025002, 7.377708243438974e-05, 8.1759033491835e-05, 6.792128988308832e-05, 5.022857294534333e-05, 2.8916560040670447e-05, 1.844968574005179e-05, 9.671727639215533e-06, 6.638060767727438e-06, 9.251039955415763e-06, 2.3288584998226725e-05, 1.449241790396627e-05, 1.1408082173147704e-05, 1.8120917957276106e-05, 1.1201532288396265e-05, 1.0641397238941863e-05, 8.657510079501662e-06, 7.098754849721445e-06, 1.1354049092915375e-05, 1.4084494978305884e-05, 9.112407497013919e-06, 6.07848187428317e-06, 3.4862280244851718e-06, 3.225588670829893e-06], "lowlevel.melbands128.mean": [0.006728513166308403, 0.01778990961611271, 0.010153696872293949, 0.0031837988644838333, 0.0012465383624657989, 0.0012888975907117128, 0.0014235817361623049, 0.0009722725953906775, 0.0006847666227258742, 0.0006815704400651157, 0.00030404116841964424, 0.0003248323919251561, 0.0006395537639036775, 0.0008383388048969209, 0.0007616867660544813, 0.00044341059401631355, 0.0001994055201066658, 0.0002811250160448253, 0.00043074419954791665, 0.00024410898913629353, 0.00016053125727921724, 0.00010069155541714281, 0.00014562327123712748, 0.0002672257542144507, 0.0002668899833224714, 0.00019359159341547638, 0.00019178965885657817, 0.00011725738295353949, 0.00017197515990119427, 0.00010472792928339913, 9.459396824240685e-05, 0.0001205338558065705, 0.00012264982797205448, 8.875274943420663e-05, 6.474785186583176e-05, 6.0311329434625804e-05, 8.093407086562365e-05, 4.767283462570049e-05, 4.543924660538323e-05, 7.210870535345748e-05, 5.250225876807235e-05, 4.210921179037541e-05, 3.278760414104909e-05, 3.222807572456077e-05, 2.8279266189201735e-05, 2.666328327904921e-05, 3.144762376905419e-05, 3.0047747713979334e-05, 3.3914882806129754e-05, 3.210226714145392e-05, 2.091187889163848e-05, 2.609071998449508e-05, 1.8414701116853394e-05, 1.6908923498704098e-05, 1.3991577361593954e-05, 1.2673268429352902e-05, 9.630577551433817e-06, 6.705356554448372e-06, 6.500416475319071e-06, 3.4674364997044904e-06, 2.8802505767089315e-06, 2.3243908344738884e-06, 3.3683893434499623e-06, 3.1895394840830704e-06, 3.4890899769379757e-06, 5.130952558829449e-06, 5.571809197135735e-06, 7.285622359631816e-06, 7.78339926910121e-06, 6.425191713788081e-06, 4.4170033106638584e-06, 5.1778333727270365e-06, 4.488036211114377e-06, 5.076204161014175e-06, 6.575336101377616e-06, 9.24448249861598e-06, 8.915421858546324e-06, 5.617745046038181e-06, 5.436527317215223e-06, 4.462261586013483e-06, 5.257504199107643e-06, 6.458585176005727e-06, 4.630475359590491e-06, 5.202040483709425e-06, 3.813254807027988e-06, 3.3186256587214302e-06, 4.095216354471631e-06, 4.961487775290152e-06, 5.07523191117798e-06, 6.069933078833856e-06, 7.033302608761005e-06, 6.022675734129734e-06, 5.648857040796429e-06, 4.769636689161416e-06, 3.193636075593531e-06, 2.809048282870208e-06, 2.98288637168298e-06, 2.7895355287910206e-06, 1.3264924518807675e-06, 1.6433696146123111e-06, 1.407085051141621e-06, 1.9429955955274636e-06, 1.6339683952537598e-06, 1.5355573168562842e-06, 1.8221487607661402e-06, 2.8391909836500417e-06, 2.6359784897067584e-06, 2.1225621367193526e-06, 2.1732378172600875e-06, 1.8989885575138032e-06, 5.930147040089651e-07, 3.038886120521056e-07, 7.597356699307056e-08, 1.303024976806455e-08, 2.706233459548457e-09, 1.2558470929846521e-10, 1.8448938557402705e-11, 5.486194831760827e-12, 5.17938253050132e-12, 5.011617423139603e-12, 4.875379180230288e-12, 4.776750609641889e-12, 4.661253154292222e-12, 4.569613784588533e-12, 4.451304776165177e-12, 4.310822532271885e-12, 4.227309041010541e-12, 4.196446575649437e-12], "lowlevel.melbands128.stdev": [0.003171393647789955, 0.011154470033943653, 0.01141395140439272, 0.006421666592359543, 0.00458396365866065, 0.004903675522655249, 0.004876716528087854, 0.002890771022066474, 0.002447214676067233, 0.0027776886709034443, 0.0010155841009691358, 0.0007895553135313094, 0.0013026455417275429, 0.001728507224470377, 0.0020883306860923767, 0.0014405439142137766, 0.0005211270763538778, 0.0010045852977782488, 0.0018125928472727537, 0.0007653925567865372, 0.0005767004913650453, 0.0003309639869257808, 0.0006087849615141749, 0.0011633539106696844, 0.0011150760110467672, 0.0008126029279083014, 0.001025635632686317, 0.0004019462503492832, 0.0006349097238853574, 0.00036186244687996805, 0.0006870076758787036, 0.0005904748104512691, 0.000572799239307642, 0.00043551542330533266, 0.0002820195513777435, 0.00030713476007804275, 0.0004348179791122675, 0.00019411263929214329, 0.0001603330165380612, 0.0003729113086592406, 0.0002711382694542408, 0.0001644018484512344, 0.00013804357149638236, 0.00012090866948710755, 9.358273382531479e-05, 8.650663221487775e-05, 0.00010971832671202719, 9.146195225184783e-05, 0.0001004983059829101, 0.00010081296932185069, 6.875890539959073e-05, 8.855455234879628e-05, 5.3504561947193e-05, 5.3476069297175854e-05, 4.7270335926441476e-05, 3.216808909201063e-05, 2.609766488603782e-05, 1.8999715393874794e-05, 2.4626577214803547e-05, 1.2747314031003043e-05, 9.573423994879704e-06, 6.376070814440027e-06, 9.748937372933142e-06, 5.99199165662867e-06, 6.830922302469844e-06, 1.00140296126483e-05, 1.1396708941902034e-05, 2.3058637452777475e-05, 2.9491060558939353e-05, 2.841028071998153e-05, 1.4121719686954748e-05, 1.2887668162875343e-05, 1.0554134860285558e-05, 1.2090918062312994e-05, 1.602682277734857e-05, 2.197881622123532e-05, 2.2414213162846863e-05, 1.1835017176053952e-05, 1.2794550457329024e-05, 9.198049156111665e-06, 1.1072505003539845e-05, 1.3992281310493127e-05, 9.289398803957738e-06, 1.0593164915917441e-05, 7.598078354931204e-06, 6.017289706505835e-06, 8.916634214983787e-06, 9.9210237749503e-06, 1.2163720384705812e-05, 1.4474800991592929e-05, 1.715242615318857e-05, 1.4192232811183203e-05, 1.2770414286933374e-05, 1.0462101272423752e-05, 7.324184480239637e-06, 6.767455033696024e-06, 7.045131042104913e-06, 6.441613550123293e-06, 3.035346253454918e-06, 3.44769387083943e-06, 2.844654545697267e-06, 4.132494268560549e-06, 3.610913381635328e-06, 2.776104111035238e-06, 4.2003075577667914e-06, 5.815104941575555e-06, 6.0111519815109205e-06, 4.395385076350067e-06, 4.513839030551026e-06, 4.1208818402083125e-06, 2.3547538603452267e-06, 1.7127366618296946e-06, 5.563669560615381e-07, 1.474508053433965e-07, 2.9140855062337323e-08, 1.7951928832360409e-09, 2.2560567303209211e-10, 9.635570119570502e-12, 9.142464563183239e-12, 8.886816629805061e-12, 8.66321077375165e-12, 8.47073192838943e-12, 8.297202334917042e-12, 8.152422313612018e-12, 8.031590149892853e-12, 7.929876373602429e-12, 7.859283536471029e-12, 7.816189535880813e-12], "lowlevel.mfcc.mean": [-686.382080078125, 101.91317749023438, 39.93523025512695, 30.493553161621094, 18.80464744567871, 19.905437469482422, 4.841746807098389, 7.6938042640686035, 5.951850891113281, 9.668447494506836, 1.738424301147461, 7.426742076873779, 8.878396034240723], "lowlevel.spectral_contrast_coeffs.mean": [-0.7325810194015503, -0.7474478483200073, -0.805852472782135, -0.8084976673126221, -0.8001944422721863, -0.7755215167999268], "lowlevel.spectral_contrast_coeffs.stdev": [0.0767471194267273, 0.1038489118218422, 0.08219745755195618, 0.06791232526302338, 0.0546950027346611, 0.04658302292227745], "lowlevel.spectral_contrast_valleys.mean": [-6.796586036682129, -7.462153911590576, -8.053549766540527, -8.188404083251953, -8.170914649963379, -10.102744102478027], "lowlevel.spectral_contrast_valleys.stdev": [0.9328702688217163, 1.1349434852600098, 1.1893256902694702, 1.1097112894058228, 1.010259985923767, 1.2041776180267334], "rhythm.beats_loudness_band_ratio.mean": [0.7040452361106873, 0.1664133369922638, 0.06698703020811081, 0.046848587691783905, 0.021175503730773926, 0.037066247314214706], "rhythm.beats_loudness_band_ratio.stdev": [0.1962485909461975, 0.2003284990787506, 0.07825879007577896, 0.08514223992824554, 0.0194223765283823, 0.03343671187758446], "tonal.hpcp.mean": [0.024174250662326813, 0.02915826253592968, 0.027048630639910698, 0.031830914318561554, 0.03687848523259163, 0.029939740896224976, 0.025245212018489838, 0.021359935402870178, 0.01859203912317753, 0.013635536655783653, 0.012175753712654114, 0.020954985171556473, 0.03900114446878433, 0.036403972655534744, 0.02195894718170166, 0.029892392456531525, 0.04522568732500076, 0.06378120929002762, 0.12892422080039978, 0.2763127088546753, 0.3321293592453003, 0.3087671995162964, 0.3142372667789459, 0.24171704053878784, 0.14915360510349274, 0.09464333206415176, 0.06381487846374512, 0.05168994516134262, 0.04169388860464096, 0.036037519574165344, 0.027287734672427177, 0.01734081096947193, 0.019164133816957474, 0.04180304333567619, 0.062389615923166275, 0.0438263826072216], "tonal.hpcp.stdev": [0.07090185582637787, 0.08579450845718384, 0.09108618646860123, 0.1115133985877037, 0.10768359154462814, 0.10782507061958313, 0.1023867279291153, 0.09522164613008499, 0.06707460433244705, 0.047647297382354736, 0.03929125890135765, 0.09197793155908585, 0.1396356225013733, 0.1264173537492752, 0.07170351594686508, 0.08453655987977982, 0.14823850989341736, 0.16303814947605133, 0.2527921795845032, 0.3738024830818176, 0.4027039706707001, 0.3556823432445526, 0.402626097202301, 0.3473609685897827, 0.29146483540534973, 0.24518176913261414, 0.19150565564632416, 0.1641370952129364, 0.14115922152996063, 0.14446134865283966, 0.13273179531097412, 0.08830511569976807, 0.08596284687519073, 0.1365799456834793, 0.19183604419231415, 0.15036779642105103], "rhythm.beats_position": [0.5108389854431152, 1.0448979139328003, 1.5789568424224854, 2.1246259212493896, 2.670294761657715, 3.2043535709381104, 3.7500226497650146, 4.29569149017334, 4.8297505378723145, 5.363809585571289, 5.909478187561035, 6.4551472663879395, 6.989206314086914], "rhythm.bpm_histogram": [0.0, 0.0, 0.0, 0.0, 0.0, 0.0, 0.0, 0.0, 0.0, 0.0, 0.0, 0.0, 0.0, 0.0, 0.0, 0.0, 0.0, 0.0, 0.0, 0.0, 0.0, 0.0, 0.0, 0.0, 0.0, 0.0, 0.0, 0.0, 0.0, 0.0, 0.0, 0.0, 0.0, 0.0, 0.0, 0.0, 0.0, 0.0, 0.0, 0.0, 0.0, 0.0, 0.0, 0.0, 0.0, 0.0, 0.0, 0.0, 0.0, 0.0, 0.0, 0.0, 0.0, 0.0, 0.0, 0.0, 0.0, 0.0, 0.0, 0.0, 0.0, 0.0, 0.0, 0.0, 0.0, 0.0, 0.0, 0.0, 0.0, 0.0, 0.0, 0.0, 0.0, 0.0, 0.0, 0.0, 0.0, 0.0, 0.0, 0.0, 0.0, 0.0, 0.0, 0.0, 0.0, 0.0, 0.0, 0.0, 0.0, 0.0, 0.0, 0.0, 0.0, 0.0, 0.0, 0.0, 0.0, 0.0, 0.0, 0.0, 0.0, 0.0, 0.0, 0.0, 0.0, 0.0, 0.0, 0.0, 0.0, 0.0, 0.5, 0.0, 0.5, 0.0, 0.0, 0.0, 0.0, 0.0, 0.0, 0.0, 0.0, 0.0, 0.0, 0.0, 0.0, 0.0, 0.0, 0.0, 0.0, 0.0, 0.0, 0.0, 0.0, 0.0, 0.0, 0.0, 0.0, 0.0, 0.0, 0.0, 0.0, 0.0, 0.0, 0.0, 0.0, 0.0, 0.0, 0.0, 0.0, 0.0, 0.0, 0.0, 0.0, 0.0, 0.0, 0.0, 0.0, 0.0, 0.0, 0.0, 0.0, 0.0, 0.0, 0.0, 0.0, 0.0, 0.0, 0.0, 0.0, 0.0, 0.0, 0.0, 0.0, 0.0, 0.0, 0.0, 0.0, 0.0, 0.0, 0.0, 0.0, 0.0, 0.0, 0.0, 0.0, 0.0, 0.0, 0.0, 0.0, 0.0, 0.0, 0.0, 0.0, 0.0, 0.0, 0.0, 0.0, 0.0, 0.0, 0.0, 0.0, 0.0, 0.0, 0.0, 0.0, 0.0, 0.0, 0.0, 0.0, 0.0, 0.0, 0.0, 0.0, 0.0, 0.0, 0.0, 0.0, 0.0, 0.0, 0.0, 0.0, 0.0, 0.0, 0.0, 0.0, 0.0, 0.0, 0.0, 0.0, 0.0, 0.0, 0.0, 0.0, 0.0, 0.0, 0.0, 0.0, 0.0, 0.0, 0.0, 0.0, 0.0, 0.0, 0.0, 0.0, 0.0, 0.0, 0.0, 0.0, 0.0], "tonal.chords_histogram": [1.2121212482452393, 21.81818199157715, 0.6060606241226196, 0.0, 0.0, 0.0, 0.0, 0.6060606241226196, 23.636363983154297, 11.515151977539062, 3.0303030014038086, 0.0, 0.0, 0.0, 0.0, 0.0, 0.0, 37.57575607299805, 0.0, 0.0, 0.0, 0.0, 0.0, 0.0], "tonal.thpcp": [1.0, 0.9296594858169556, 0.9461291432380676, 0.7277798056602478, 0.4490828812122345, 0.28495925664901733, 0.19213862717151642, 0.15563195943832397, 0.12553508579730988, 0.10850446671247482, 0.08215995877981186, 0.05221101641654968, 0.05770081281661987, 0.12586374580860138, 0.1878473311662674, 0.13195575773715973, 0.0727856457233429, 0.08779188245534897, 0.0814400464296341, 0.09583890438079834, 0.1110365092754364, 0.0901448205113411, 0.07601018249988556, 0.06431209295988083, 0.055978305637836456, 0.041054897010326385, 0.03665967285633087, 0.06309284269809723, 0.11742757260799408, 0.10960781574249268, 0.06611564755439758, 0.09000226110219955, 0.13616889715194702, 0.19203725457191467, 0.38817471265792847, 0.8319430351257324], "lowlevel.gfcc.cov": [[9199.60546875, 309.5817565917969, -927.2138061523438, 146.01589965820312, -675.126220703125, -106.95663452148438, -488.1207580566406, -46.04726791381836, -185.3616943359375, 51.781463623046875, -226.28704833984375, -26.92342185974121, -158.6639404296875], [309.5817565917969, 2916.397705078125, -868.6224975585938, -1383.0191650390625, 122.5675277709961, -378.0408935546875, 14.23740005493164, -59.38051223754883, 243.82192993164062, -308.27838134765625, 217.51597595214844, -139.3587188720703, 183.3809051513672], [-927.2138061523438, -868.6224975585938, 1302.6402587890625, 733.0609741210938, -77.58773803710938, 88.838623046875, -39.13294982910156, -95.0615463256836, -147.6783905029297, 100.89083099365234, -62.59640121459961, 56.22307586669922, -95.56689453125], [146.01589965820312, -1383.0191650390625, 733.0609741210938, 1227.8497314453125, -25.68140983581543, 14.376704216003418, -177.48617553710938, -133.2977752685547, -161.56983947753906, 107.34541320800781, -146.365966796875, 26.3741455078125, -46.78666687011719], [-675.126220703125, 122.5675277709961, -77.58773803710938, -25.68140983581543, 433.0992431640625, 44.99567794799805, -11.971975326538086, 32.2352294921875, 104.35816955566406, 46.70252227783203, 23.85906982421875, -62.785797119140625, 46.865325927734375], [-106.95663452148438, -378.0408935546875, 88.838623046875, 14.376704216003418, 44.99567794799805, 356.5426025390625, 227.68711853027344, 38.91591262817383, -22.90306282043457, 46.57825469970703, -0.9489843845367432, -20.062910079956055, -50.10945129394531], [-488.1207580566406, 14.23740005493164, -39.13294982910156, -177.48617553710938, -11.971975326538086, 227.68711853027344, 487.35052490234375, 179.0137481689453, -12.511218070983887, -94.11917877197266, 32.9791374206543, 1.8268238306045532, -0.12690576910972595], [-46.04726791381836, -59.38051223754883, -95.0615463256836, -133.2977752685547, 32.2352294921875, 38.91591262817383, 179.0137481689453, 275.4523010253906, 91.11955261230469, -35.372398376464844, 5.726374626159668, 19.06879425048828, 4.998987197875977], [-185.3616943359375, 243.82192993164062, -147.6783905029297, -161.56983947753906, 104.35816955566406, -22.90306282043457, -12.511218070983887, 91.11955261230469, 198.3100128173828, 28.413013458251953, 35.14795684814453, -33.305206298828125, 40.474945068359375], [51.781463623046875, -308.27838134765625, 100.89083099365234, 107.34541320800781, 46.70252227783203, 46.57825469970703, -94.11917877197266, -35.372398376464844, 28.413013458251953, 189.9149627685547, 20.04466438293457, -6.681232929229736, -26.747087478637695], [-226.28704833984375, 217.51597595214844, -62.59640121459961, -146.365966796875, 23.85906982421875, -0.9489843845367432, 32.9791374206543, 5.726374626159668, 35.14795684814453, 20.04466438293457, 128.2861328125, 24.069482803344727, 26.663291931152344], [-26.92342185974121, -139.3587188720703, 56.22307586669922, 26.3741455078125, -62.785797119140625, -20.062910079956055, 1.8268238306045532, 19.06879425048828, -33.305206298828125, -6.681232929229736, 24.069482803344727, 118.04386138916016, 20.377187728881836], [-158.6639404296875, 183.3809051513672, -95.56689453125, -46.78666687011719, 46.865325927734375, -50.10945129394531, -0.12690576910972595, 4.998987197875977, 40.474945068359375, -26.747087478637695, 26.663291931152344, 20.377187728881836, 124.78681945800781]], "lowlevel.gfcc.icov": [[0.00038924996624700725, -0.0010708612389862537, 0.000670796143822372, -0.0012131651164963841, 0.0009044897742569447, -0.0014219976728782058, 0.0009963015327230096, -0.0016075704479590058, 0.0011332078138366342, -0.0014288127422332764, 0.0010381197789683938, -0.0008023810805752873, 0.0005175771075300872], [-0.0010708612389862537, 0.005555740091949701, -0.002265175338834524, 0.0058671217411756516, -0.002938868710771203, 0.00631302734836936, -0.0032824985682964325, 0.0069031124003231525, -0.0046456134878098965, 0.007068096660077572, -0.004854840692132711, 0.005032921209931374, -0.002464819233864546], [0.000670796143822372, -0.002265175338834524, 0.0025138575583696365, -0.003231988986954093, 0.0016637949738651514, -0.0028806948103010654, 0.001530532375909388, -0.0029087893199175596, 0.0022193668410182, -0.0032230790238827467, 0.0019437801092863083, -0.0024182586930692196, 0.00180045107845217], [-0.0012131651164963841, 0.0058671217411756516, -0.003231988986954093, 0.007851485162973404, -0.0034364666789770126, 0.006741996388882399, -0.0032823760993778706, 0.0073544601909816265, -0.004146656021475792, 0.006806811783462763, -0.0037231172900646925, 0.0051491097547113895, -0.003237347351387143], [0.0009044897742569447, -0.002938868710771203, 0.0016637949738651514, -0.0034364666789770126, 0.005300127901136875, -0.004539847373962402, 0.0029642945155501366, -0.004684603773057461, 0.0020531059708446264, -0.004111764952540398, 0.0021037855185568333, -0.0006004110327921808, -6.697866774629802e-05], [-0.0014219976728782058, 0.00631302734836936, -0.0028806948103010654, 0.006741996388882399, -0.004539847373962402, 0.013241392560303211, -0.008027798496186733, 0.009569726884365082, -0.005625228397548199, 0.005366210825741291, -0.004398997873067856, 0.005206555128097534, -0.0010685516754165292], [0.0009963015327230096, -0.0032824985682964325, 0.001530532375909388, -0.0032823760993778706, 0.0029642945155501366, -0.008027798496186733, 0.008791085332632065, -0.008398503065109253, 0.005255846306681633, -0.0014264852507039905, 0.0007904285448603332, -0.0009731578757055104, 2.0036570276715793e-05], [-0.0016075704479590058, 0.0069031124003231525, -0.0029087893199175596, 0.0073544601909816265, -0.004684603773057461, 0.009569726884365082, -0.008398503065109253, 0.016647761687636375, -0.01070844940841198, 0.008745301514863968, -0.003919839393347502, 0.0025395737029612064, -0.0009613399743102491], [0.0011332078138366342, -0.0046456134878098965, 0.0022193668410182, -0.004146656021475792, 0.0020531059708446264, -0.005625228397548199, 0.005255846306681633, -0.01070844940841198, 0.014454752206802368, -0.007773174904286861, 0.0024449799675494432, -0.00025661970721557736, -0.0010178921511396766], [-0.0014288127422332764, 0.007068096660077572, -0.0032230790238827467, 0.006806811783462763, -0.004111764952540398, 0.005366210825741291, -0.0014264852507039905, 0.008745301514863968, -0.007773174904286861, 0.017728962004184723, -0.009028374217450619, 0.006285752169787884, -0.0015486505581066012], [0.0010381197789683938, -0.004854840692132711, 0.0019437801092863083, -0.0037231172900646925, 0.0021037855185568333, -0.004398997873067856, 0.0007904285448603332, -0.003919839393347502, 0.0024449799675494432, -0.009028374217450619, 0.01606622338294983, -0.007914381101727486, 0.0012796773808076978], [-0.0008023810805752873, 0.005032921209931374, -0.0024182586930692196, 0.0051491097547113895, -0.0006004110327921808, 0.005206555128097534, -0.0009731578757055104, 0.0025395737029612064, -0.00025661970721557736, 0.006285752169787884, -0.007914381101727486, 0.017305122688412666, -0.00582852540537715], [0.0005175771075300872, -0.002464819233864546, 0.00180045107845217, -0.003237347351387143, -6.697866774629802e-05, -0.0010685516754165292, 2.0036570276715793e-05, -0.0009613399743102491, -0.0010178921511396766, -0.0015486505581066012, 0.0012796773808076978, -0.00582852540537715, 0.012770170345902443]], "lowlevel.mfcc.cov": [[7399.37548828125, -188.21253967285156, -561.8323974609375, -122.86955261230469, -319.67913818359375, -219.29095458984375, -376.8532409667969, -215.55136108398438, -139.75860595703125, -70.77368927001953, -159.37466430664062, -124.70263671875, -19.738567352294922], [-188.21253967285156, 3463.367431640625, -1062.93603515625, -989.0116577148438, -193.90721130371094, -507.3664855957031, -195.1920166015625, 56.80990219116211, -17.813554763793945, -35.53937530517578, -0.46500352025032043, 1.6367576122283936, 125.54427337646484], [-561.8323974609375, -1062.93603515625, 1242.7916259765625, 525.7356567382812, 7.696403980255127, 215.8840789794922, 69.95343780517578, -48.24485778808594, -82.9704360961914, -79.9526596069336, -42.02973937988281, 25.47926902770996, -44.66392135620117], [-122.86955261230469, -989.0116577148438, 525.7356567382812, 789.4121704101562, 238.99916076660156, 107.65109252929688, -50.52070617675781, -111.12251281738281, -36.078697204589844, -50.59726333618164, -129.56808471679688, -43.756553649902344, -5.437772274017334], [-319.67913818359375, -193.90721130371094, 7.696403980255127, 238.99916076660156, 459.9309387207031, 89.23883819580078, -112.48108673095703, -168.09188842773438, -5.495835304260254, 68.41630554199219, -30.868331909179688, -22.224088668823242, 66.84233093261719], [-219.29095458984375, -507.3664855957031, 215.8840789794922, 107.65109252929688, 89.23883819580078, 358.91473388671875, 135.77769470214844, -77.87152099609375, -22.897838592529297, 28.18340301513672, 41.977073669433594, -13.050049781799316, -57.38855743408203], [-376.8532409667969, -195.1920166015625, 69.95343780517578, -50.52070617675781, -112.48108673095703, 135.77769470214844, 323.3360595703125, 165.59909057617188, 59.52463912963867, 26.70425033569336, 73.69773864746094, 43.45769119262695, -57.93193817138672], [-215.55136108398438, 56.80990219116211, -48.24485778808594, -111.12251281738281, -168.09188842773438, -77.87152099609375, 165.59909057617188, 338.7251281738281, 132.4552459716797, -17.079530715942383, 44.88262176513672, 55.674564361572266, -28.10932731628418], [-139.75860595703125, -17.813554763793945, -82.9704360961914, -36.078697204589844, -5.495835304260254, -22.897838592529297, 59.52463912963867, 132.4552459716797, 192.63861083984375, 72.85466003417969, 34.24472427368164, 23.75030517578125, -7.387050151824951], [-70.77368927001953, -35.53937530517578, -79.9526596069336, -50.59726333618164, 68.41630554199219, 28.18340301513672, 26.70425033569336, -17.079530715942383, 72.85466003417969, 157.93060302734375, 64.29801940917969, 18.269575119018555, 15.6712646484375], [-159.37466430664062, -0.46500352025032043, -42.02973937988281, -129.56808471679688, -30.868331909179688, 41.977073669433594, 73.69773864746094, 44.88262176513672, 34.24472427368164, 64.29801940917969, 143.88003540039062, 58.63341522216797, -8.274401664733887], [-124.70263671875, 1.6367576122283936, 25.47926902770996, -43.756553649902344, -22.224088668823242, -13.050049781799316, 43.45769119262695, 55.674564361572266, 23.75030517578125, 18.269575119018555, 58.63341522216797, 101.50550842285156, 35.47615432739258], [-19.738567352294922, 125.54427337646484, -44.66392135620117, -5.437772274017334, 66.84233093261719, -57.38855743408203, -57.93193817138672, -28.10932731628418, -7.387050151824951, 15.6712646484375, -8.274401664733887, 35.47615432739258, 123.09288024902344]], "lowlevel.mfcc.icov": [[0.00017795652092900127, 8.025655552046373e-05, 0.00014236499555408955, 1.0778202522487845e-05, 0.000262046349234879, -1.401298777636839e-05, 0.0002377719501964748, 7.90111007518135e-05, 7.818219455657527e-05, -8.167455234797671e-05, 0.00019003737543243915, -2.1584826754406095e-05, 1.4016097338753752e-05], [8.025655552046373e-05, 0.000674432551022619, 0.0002139284770237282, 0.0007807670044712722, -9.503387991571799e-05, 0.0006246346165426075, -1.6692563804099336e-05, 0.00024280996876768768, 5.5345200962619856e-05, 0.0003377976827323437, 0.0003745827707462013, 8.816500485409051e-05, -0.00021237869805190712], [0.00014236499555408955, 0.0002139284770237282, 0.0015810021432116628, -0.0008658174192532897, 0.0007642448763363063, -0.0006471796077676117, 0.000343501364113763, 2.387354015809251e-06, 0.0005109988269396126, 0.00013118289643898606, 0.00024125045456457883, -0.000979690463282168, 9.80661206995137e-05], [1.0778202522487845e-05, 0.0007807670044712722, -0.0008658174192532897, 0.0036507160402834415, -0.0016753377858549356, 0.0009019943536259234, -0.00040509735117666423, 0.0004843890783376992, -0.0004754619731102139, 0.0008840474765747786, 0.0022120082285255194, 1.617690759303514e-05, 0.0003057125140912831], [0.000262046349234879, -9.503387991571799e-05, 0.0007642448763363063, -0.0016753377858549356, 0.004743427969515324, -0.0017990535125136375, 0.0016648710006847978, 0.0007291249930858612, -0.00036523741437122226, -0.0017104879952967167, 0.00017810675490181893, 7.06365899532102e-05, -0.001934796804562211], [-1.401298777636839e-05, 0.0006246346165426075, -0.0006471796077676117, 0.0009019943536259234, -0.0017990535125136375, 0.0066893696784973145, -0.003907578997313976, 0.0029991816263645887, -0.00046143983490765095, 0.0012109504314139485, -0.0015343481209129095, 0.0012871659127995372, 0.0014512261841446161], [0.0002377719501964748, -1.6692563804099336e-05, 0.000343501364113763, -0.00040509735117666423, 0.0016648710006847978, -0.003907578997313976, 0.007869275286793709, -0.004151657689362764, 0.001295682741329074, -0.0022287415340542793, 0.00012610135308932513, -0.0015227815601974726, 0.0010003865463659167], [7.90111007518135e-05, 0.00024280996876768768, 2.387354015809251e-06, 0.0004843890783376992, 0.0007291249930858612, 0.0029991816263645887, -0.004151657689362764, 0.008920101448893547, -0.005504267290234566, 0.004028154071420431, -0.000741645519156009, -0.0014124164590612054, 0.0003867601044476032], [7.818219455657527e-05, 5.5345200962619856e-05, 0.0005109988269396126, -0.0004754619731102139, -0.00036523741437122226, -0.00046143983490765095, 0.001295682741329074, -0.005504267290234566, 0.010846560820937157, -0.005996975582093, 0.0012813899666070938, -0.0004962409730069339, 0.001100116758607328], [-8.167455234797671e-05, 0.0003377976827323437, 0.00013118289643898606, 0.0008840474765747786, -0.0017104879952967167, 0.0012109504314139485, -0.0022287415340542793, 0.004028154071420431, -0.005996975582093, 0.012895558960735798, -0.005071179009974003, 0.0013526526745408773, -0.0016390125965699553], [0.00019003737543243915, 0.0003745827707462013, 0.00024125045456457883, 0.0022120082285255194, 0.00017810675490181893, -0.0015343481209129095, 0.00012610135308932513, -0.000741645519156009, 0.0012813899666070938, -0.005071179009974003, 0.01522184256464243, -0.00788926612585783, 0.0029310951940715313], [-2.1584826754406095e-05, 8.816500485409051e-05, -0.000979690463282168, 1.617690759303514e-05, 7.06365899532102e-05, 0.0012871659127995372, -0.0015227815601974726, -0.0014124164590612054, -0.0004962409730069339, 0.0013526526745408773, -0.00788926612585783, 0.01856330595910549, -0.007007988169789314], [1.4016097338753752e-05, -0.00021237869805190712, 9.80661206995137e-05, 0.0003057125140912831, -0.001934796804562211, 0.0014512261841446161, 0.0010003865463659167, 0.0003867601044476032, 0.001100116758607328, -0.0016390125965699553, 0.0029310951940715313, -0.007007988169789314, 0.013169726356863976]], "metadata.audio_properties.analysis.downmix": "mix", "metadata.audio_properties.codec": "mp3", "metadata.audio_properties.md5_encoded": "40abec8f969e2af1da1dc03056a5f856", "metadata.tags.file_name": "1183694920628850718.mp3", "metadata.version.essentia": "2.1-beta6-dev", "metadata.version.essentia_git_sha": "v2.1_beta5-1110-g77a6a954", "metadata.version.extractor": "music 2.0", "tonal.chords_key": "Ab", "tonal.chords_scale": "major", "tonal.key_edma.key": "A", "tonal.key_edma.scale": "minor", "tonal.key_krumhansl.key": "A", "tonal.key_krumhansl.scale": "minor", "tonal.key_temperley.key": "A", "tonal.key_temperley.scale": "minor", "metadata.tags.encoding": ["Lavf58.45.100"]}, "essentia_models": [{"model_name": "genre_dortmund", "activations": {"alternative": "0.00037370215", "blues": "6.7915855e-05", "electronic": "0.00039797468", "folkcountry": "6.219422e-05", "funksoulrnb": "0.00079500745", "jazz": "0.00010762189", "pop": "0.00022793183", "raphiphop": "0.9995312", "rock": "0.0007417733"}}, {"model_name": "genre_rosamerica", "activations": {"classic": "0.00012091753", "dance": "2.0869477e-06", "hip hop": "0.97917473", "jazz": "1.17993495e-05", "pop": "0.00032110984", "rhythm and blues": "0.0017869989", "rock": "0.00030797883", "speech": "0.0043999534"}}, {"model_name": "genre_tzanetakis", "activations": {"blues": "0.00023819596", "classic": "5.3743333e-05", "country": "0.00021162324", "disco": "7.2520415e-05", "hip hop": "0.95868623", "jazz": "4.5478373e-06", "metal": "4.510069e-05", "pop": "0.00012411334", "reggae": "0.035554186", "rock": "0.00085505954"}}, {"model_name": "genre_electronic", "activations": {"ambient": "0.15002835", "dnb": "0.5823572", "house": "0.42269942", "techno": "0.6077124", "trance": "0.006246289"}}, {"model_name": "mood_acoustic", "activations": {"acoustic": "0.0016083433", "not acoustic": "0.837778"}}, {"model_name": "mood_electronic", "activations": {"electro