{"song_id": "1183681479524483092", "download": "https://cdn.discordapp.com/attachments/1135911532732108921/1183681479524483092/chirp.mp4?ex=65893848&amp", "lyrics": "\u0421\u0442\u0440\u0430\u0431\u0430\u0441\u043a\u043e\u043f \u043c\u0435\u0440\u0446\u0430\u0435\u0442\n\u0412 \u043e\u043f\u0443\u0441\u0442\u0435\u0432\u0448\u0435\u043c \u0437\u0430\u043b\u0435. \n\u041c\u044b \u0441 \u0442\u043e\u0431\u043e\u0439 \u043e\u0434\u043d\u0438, \n\u041b\u044e\u0434\u0438 \u0432 \u0441\u0442\u0440\u0430\u0445\u0435 \u0443\u0431\u0435\u0436\u0430\u043b\u0438. \n\u0417\u0430\u043a\u0440\u0443\u0436\u0438\u043b\u0430\u0441\u044c \u0432 \u0442\u0430\u043d\u0446\u0435\n\u0423 \u0442\u0435\u0431\u044f \u043d\u0435\u0442 \u0448\u0430\u043d\u0441\u043e\u0432, \n\u0415\u0441\u043b\u0438 \u0442\u044b \u0440\u0435\u0448\u0438\u043b\u0430\n\u0421 \u0434\u044c\u044f\u0432\u043e\u043b\u043e\u043c \u0442\u044f\u0433\u0430\u0442\u044c\u0441\u044f... \n[Chorus]\n\u0422\u0435\u0447\u0435\u0442 \u0441\u043b\u044e\u043d\u0430 \u0438\u0437 \u043f\u0440\u0438\u043e\u0442\u043a\u0440\u044b\u0442\u043e\u0439 \u043f\u0430\u0441\u0442\u0438, \n\u041d\u043e \u043d\u0435 \u0441\u0442\u0430\u043d\u0443 \u0440\u0432\u0430\u0442\u044c \u0442\u0435\u0431\u044f \u043d\u0430 \u0447\u0430\u0441\u0442\u0438.\n\u043f\u0440\u043e\u0441\u0442\u043e \u0437\u0430\u0447\u0430\u0440\u043e\u0432\u0430\u043d \u043c\u0443\u0437\u044b\u043a\u043e\u0439 \u0438 \u0442\u0435\u043b\u043e\u043c... \n\u043c\u043e\u044f \u0441\u043b\u0435\u043f\u0430\u044f \u0434\u0438\u0441\u043a\u043e... \u043a\u0430! \u0440\u0430! \u043b\u0435\u0432\u0430!\n\u041c\u043e\u044f... \u0441\u043b\u0435\u043f\u0430\u044f \u0434\u0438\u0441\u043a\u043e \u043a\u043e\u0440\u043e\u043b\u0435\u0432\u0430!", "style": ["hardcore punk"], "essentia_features": {"lowlevel.average_loudness": 0.9858325123786926, "lowlevel.barkbands_crest.mean": 12.228123664855957, "lowlevel.barkbands_crest.stdev": 4.390021800994873, "lowlevel.barkbands_flatness_db.mean": 0.13751164078712463, "lowlevel.barkbands_flatness_db.stdev": 0.03636731207370758, "lowlevel.barkbands_kurtosis.mean": 4.5785393714904785, "lowlevel.barkbands_kurtosis.stdev": 5.774810791015625, "lowlevel.barkbands_skewness.mean": 2.061232805252075, "lowlevel.barkbands_skewness.stdev": 0.9888013601303101, "lowlevel.barkbands_spread.mean": 27.601377487182617, "lowlevel.barkbands_spread.stdev": 12.579051971435547, "lowlevel.dissonance.mean": 0.4822758138179779, "lowlevel.dissonance.stdev": 0.017286201938986778, "lowlevel.dynamic_complexity": 0.9523693323135376, "lowlevel.erbbands_crest.mean": 7.390375137329102, "lowlevel.erbbands_crest.stdev": 3.6584935188293457, "lowlevel.erbbands_flatness_db.mean": 0.11886662989854813, "lowlevel.erbbands_flatness_db.stdev": 0.031512778252363205, "lowlevel.erbbands_kurtosis.mean": -0.11062859743833542, "lowlevel.erbbands_kurtosis.stdev": 1.0190958976745605, "lowlevel.erbbands_skewness.mean": -0.0692683756351471, "lowlevel.erbbands_skewness.stdev": 0.6004168391227722, "lowlevel.erbbands_spread.mean": 52.29302215576172, "lowlevel.erbbands_spread.stdev": 18.55113410949707, "lowlevel.hfc.mean": 36.765499114990234, "lowlevel.hfc.stdev": 15.687457084655762, "lowlevel.loudness_ebu128.integrated": -11.871179580688477, "lowlevel.loudness_ebu128.loudness_range": 0.584721565246582, "lowlevel.loudness_ebu128.momentary.mean": -11.896899223327637, "lowlevel.loudness_ebu128.momentary.stdev": 0.48235324025154114, "lowlevel.loudness_ebu128.short_term.mean": -11.853610038757324, "lowlevel.loudness_ebu128.short_term.stdev": 0.18736709654331207, "lowlevel.melbands_crest.mean": 20.04460906982422, "lowlevel.melbands_crest.stdev": 4.930310249328613, "lowlevel.melbands_flatness_db.mean": 0.20224818587303162, "lowlevel.melbands_flatness_db.stdev": 0.04295909404754639, "lowlevel.melbands_kurtosis.mean": 24.14600372314453, "lowlevel.melbands_kurtosis.stdev": 24.070838928222656, "lowlevel.melbands_skewness.mean": 4.081860065460205, "lowlevel.melbands_skewness.stdev": 1.9391628503799438, "lowlevel.melbands_spread.mean": 18.9425106048584, "lowlevel.melbands_spread.stdev": 9.676807403564453, "lowlevel.pitch_salience.mean": 0.46284306049346924, "lowlevel.pitch_salience.stdev": 0.12156850099563599, "lowlevel.silence_rate_20dB.mean": 1.0, "lowlevel.silence_rate_20dB.stdev": 0.0, "lowlevel.silence_rate_30dB.mean": 0.8776346445083618, "lowlevel.silence_rate_30dB.stdev": 0.3277070224285126, "lowlevel.silence_rate_60dB.mean": 0.0017564402660354972, "lowlevel.silence_rate_60dB.stdev": 0.0418732576072216, "lowlevel.spectral_centroid.mean": 1686.66748046875, "lowlevel.spectral_centroid.stdev": 454.6332702636719, "lowlevel.spectral_complexity.mean": 32.38407516479492, "lowlevel.spectral_complexity.stdev": 7.3106889724731445, "lowlevel.spectral_decrease.mean": -1.6859408091818295e-08, "lowlevel.spectral_decrease.stdev": 8.964192055316289e-09, "lowlevel.spectral_energy.mean": 0.06696609407663345, "lowlevel.spectral_energy.stdev": 0.034146130084991455, "lowlevel.spectral_energyband_high.mean": 0.0023681281600147486, "lowlevel.spectral_energyband_high.stdev": 0.0018727983115240932, "lowlevel.spectral_energyband_low.mean": 0.044656310230493546, "lowlevel.spectral_energyband_low.stdev": 0.03460649400949478, "lowlevel.spectral_energyband_middle_high.mean": 0.007170063443481922, "lowlevel.spectral_energyband_middle_high.stdev": 0.004743603523820639, "lowlevel.spectral_energyband_middle_low.mean": 0.012939013540744781, "lowlevel.spectral_energyband_middle_low.stdev": 0.01358063705265522, "lowlevel.spectral_entropy.mean": 8.01435375213623, "lowlevel.spectral_entropy.stdev": 0.20460589230060577, "lowlevel.spectral_flux.mean": 0.1475357711315155, "lowlevel.spectral_flux.stdev": 0.06782568246126175, "lowlevel.spectral_kurtosis.mean": 2.3268022537231445, "lowlevel.spectral_kurtosis.stdev": 1.0933594703674316, "lowlevel.spectral_rms.mean": 0.007862082682549953, "lowlevel.spectral_rms.stdev": 0.0018762493273243308, "lowlevel.spectral_rolloff.mean": 1024.4930419921875, "lowlevel.spectral_rolloff.stdev": 1112.3018798828125, "lowlevel.spectral_skewness.mean": 1.1570510864257812, "lowlevel.spectral_skewness.stdev": 0.2316725254058838, "lowlevel.spectral_spread.mean": 5330500.5, "lowlevel.spectral_spread.stdev": 1214972.25, "lowlevel.spectral_strongpeak.mean": 0.6011682152748108, "lowlevel.spectral_strongpeak.stdev": 0.4244990050792694, "lowlevel.zerocrossingrate.mean": 0.0570877380669117, "lowlevel.zerocrossingrate.stdev": 0.02771238423883915, "metadata.audio_properties.analysis.equal_loudness": 0.0, "metadata.audio_properties.analysis.length": 39.61598587036133, "metadata.audio_properties.analysis.sample_rate": 44100.0, "metadata.audio_properties.analysis.start_time": 0.0, "metadata.audio_properties.bit_rate": 117676.0, "metadata.audio_properties.length": 39.61600112915039, "metadata.audio_properties.lossless": 0.0, "metadata.audio_properties.number_channels": 1.0, "metadata.audio_properties.replay_gain": -12.356321334838867, "metadata.audio_properties.sample_rate": 48000.0, "rhythm.beats_count": 109.0, "rhythm.beats_loudness.mean": 0.0525587797164917, "rhythm.beats_loudness.stdev": 0.016695573925971985, "rhythm.bpm": 165.84051513671875, "rhythm.bpm_histogram_first_peak_bpm": 167.0, "rhythm.bpm_histogram_first_peak_weight": 0.0, "rhythm.bpm_histogram_second_peak_bpm": 172.0, "rhythm.bpm_histogram_second_peak_spread": 0.0, "rhythm.bpm_histogram_second_peak_weight": 0.28703704476356506, "rhythm.danceability": 1.8199329376220703, "rhythm.onset_rate": 3.9609992504119873, "tonal.chords_changes_rate": 0.09473684430122375, "tonal.chords_number_rate": 0.012865496799349785, "tonal.chords_strength.mean": 0.5371739864349365, "tonal.chords_strength.stdev": 0.08998430520296097, "tonal.hpcp_crest.mean": 10.861000061035156, "tonal.hpcp_crest.stdev": 4.961413860321045, "tonal.hpcp_entropy.mean": 2.484285831451416, "tonal.hpcp_entropy.stdev": 0.748352587223053, "tonal.key_edma.strength": 0.6545133590698242, "tonal.key_krumhansl.strength": 0.6527758836746216, "tonal.key_temperley.strength": 0.642467737197876, "tonal.tuning_diatonic_strength": 0.6588915586471558, "tonal.tuning_equal_tempered_deviation": 0.26261720061302185, "tonal.tuning_frequency": 434.193115234375, "tonal.tuning_nontempered_energy_ratio": 0.8922215104103088, "lowlevel.barkbands.mean": [0.002409262815490365, 0.030683234333992004, 0.011585980653762817, 0.0013893360737711191, 0.0038008326664566994, 0.0021090442314743996, 0.0022349567152559757, 0.0015932327369228005, 0.0014793636510148644, 0.0011815503239631653, 0.0008312082500196993, 0.0009116721921600401, 0.000764621829148382, 0.0006304800044745207, 0.0005051371990703046, 0.0008809674764052033, 0.0006057472201064229, 0.0003059862065128982, 0.00044879422057420015, 0.0005229106754995883, 0.0006100902683101594, 0.0004660557024180889, 0.0003818570985458791, 0.0002811598824337125, 0.0002195044799009338, 0.0001323392934864387, 7.749197266093688e-07], "lowlevel.barkbands.stdev": [0.0032403445802628994, 0.03165576606988907, 0.008625558577477932, 0.0019814420957118273, 0.009377588517963886, 0.004168370738625526, 0.0048663499765098095, 0.0032729320228099823, 0.002441038377583027, 0.002252594567835331, 0.001898007350973785, 0.0017795852618291974, 0.0012413958320394158, 0.0009120358154177666, 0.000626714900135994, 0.0007965705590322614, 0.0004184167191851884, 0.00020099956600461155, 0.00029263534815981984, 0.000358963618054986, 0.000478899892186746, 0.0004543669638223946, 0.00044378399616107345, 0.00031904337811283767, 0.0002915547520387918, 0.0002268763055326417, 3.840400495391805e-06], "lowlevel.erbbands.mean": [0.7660533785820007, 7.154926300048828, 16.2984676361084, 6.6810688972473145, 10.817577362060547, 11.492284774780273, 10.919405937194824, 19.79293441772461, 26.31209945678711, 36.314491271972656, 36.0879020690918, 34.981178283691406, 35.326499938964844, 39.35246658325195, 35.29182052612305, 36.31704330444336, 35.010032653808594, 33.86943435668945, 29.509078979492188, 28.52092170715332, 54.73943328857422, 33.03658676147461, 17.028562545776367, 21.89701271057129, 22.554161071777344, 24.21197509765625, 26.032732009887695, 21.893705368041992, 17.767759323120117, 13.553380012512207, 10.05281925201416, 6.212795257568359, 4.607954978942871, 2.660963296890259, 1.4391130208969116, 0.7014397382736206, 0.2226075381040573, 0.02285764552652836, 0.00047622743295505643, 9.931105159921572e-05], "lowlevel.erbbands.stdev": [1.136758804321289, 6.5222487449646, 10.827249526977539, 6.81995964050293, 24.7313175201416, 32.420814514160156, 23.651853561401367, 44.81852340698242, 54.7083740234375, 69.07817840576172, 71.42559051513672, 55.90156936645508, 56.80007553100586, 83.94368743896484, 68.54983520507812, 66.77336120605469, 52.593589782714844, 48.25698471069336, 34.79233169555664, 30.319847106933594, 43.725059509277344, 20.30359649658203, 10.783035278320312, 13.566301345825195, 15.125429153442383, 17.175846099853516, 19.10076332092285, 18.982789993286133, 17.22607421875, 14.755887031555176, 11.310882568359375, 6.870003700256348, 5.470248222351074, 3.334954261779785, 2.12257981300354, 1.0883569717407227, 0.4145359992980957, 0.05426787585020065, 0.0009930272353813052, 5.152106677996926e-05], "lowlevel.gfcc.mean": [65.49402618408203, 71.6346435546875, -107.45173645019531, 56.05978775024414, -51.92729187011719, 32.19728088378906, -29.30086898803711, 22.491119384765625, -17.585918426513672, 12.726015090942383, -19.721599578857422, 0.6364509463310242, -10.887557029724121], "lowlevel.melbands.mean": [0.007770785130560398, 0.008635199628770351, 0.001336814253591001, 0.0008698648889549077, 0.0003845368046313524, 0.0004284287861082703, 0.000436983973486349, 0.0003894373949151486, 0.0002790586440823972, 0.00021886013564653695, 0.0001753851684043184, 0.00016014405991882086, 0.00011284461652394384, 0.00010611774632707238, 8.29598939162679e-05, 7.401509355986491e-05, 6.218201451702043e-05, 4.872573845204897e-05, 3.62605023838114e-05, 4.521024675341323e-05, 6.867139745736495e-05, 3.796756573137827e-05, 1.736254671413917e-05, 1.3774728358839639e-05, 1.8228693079436198e-05, 1.6422982298536226e-05, 1.6987429262371734e-05, 1.5676001567044295e-05, 1.6083185983006842e-05, 1.5475854524993338e-05, 1.1650633496174123e-05, 1.0523632226977497e-05, 8.016790161491372e-06, 7.505919256800553e-06, 6.159576514619403e-06, 4.314156740292674e-06, 3.6816622923652176e-06, 3.3563783290446736e-06, 2.6815048386197304e-06, 2.1010669115639757e-06], "lowlevel.melbands.stdev": [0.009501549415290356, 0.005470722448080778, 0.0013111219741404057, 0.0023178295232355595, 0.0007948086713440716, 0.0009103332413360476, 0.0009172576828859746, 0.0007097370689734817, 0.000538600841537118, 0.00036962004378437996, 0.0002953836228698492, 0.0003453660465311259, 0.00022515098680742085, 0.00021329071023501456, 0.00014138031110633165, 0.00013152454630471766, 9.545692591927946e-05, 6.140899495221674e-05, 4.446265666047111e-05, 5.0323684263275936e-05, 5.5153428547782823e-05, 2.7408441383158788e-05, 1.1620672012213618e-05, 9.460443834541366e-06, 1.1984114280494396e-05, 1.1865065062011126e-05, 1.2105407222406939e-05, 1.214210715261288e-05, 1.2098809747840278e-05, 1.354789037577575e-05, 1.0768451829790138e-05, 1.052396692102775e-05, 8.685368811711669e-06, 9.134295396506786e-06, 7.401069979096064e-06, 4.6909949560358655e-06, 4.370631359051913e-06, 4.19193474954227e-06, 3.1620575100532733e-06, 2.7795117603091057e-06], "lowlevel.melbands128.mean": [0.0016615173080936074, 0.005612099543213844, 0.00985014159232378, 0.012811844237148762, 0.010610864497721195, 0.004329437855631113, 0.0011238694423809648, 0.0006768087041564286, 0.001209141919389367, 0.001063636620528996, 0.0005525372689589858, 0.00036273934529162943, 0.00036996169365011156, 0.00034451234387233853, 0.0004722612211480737, 0.0004775351844727993, 0.0003257974167354405, 0.00043966161319985986, 0.0005815047188661993, 0.0003899563162121922, 0.0002993251255247742, 0.0003437282284721732, 0.0002890609612222761, 0.00019695288210641593, 0.00021838792599737644, 0.000247845338890329, 0.0001779810118023306, 0.00016863153723534197, 0.00016645289724692702, 0.0001671565551077947, 0.00017084729915950447, 0.0001206317829200998, 9.010227950057015e-05, 0.00012888848141301423, 0.00011368126433808357, 9.513593977317214e-05, 0.00010120328806806356, 8.070989861153066e-05, 7.112173625500873e-05, 8.116079698083922e-05, 7.921153155621141e-05, 5.918909300817177e-05, 5.881571996724233e-05, 7.073993037920445e-05, 5.0925533287227154e-05, 4.380452446639538e-05, 4.7291025111917406e-05, 3.3809406886575744e-05, 3.328948514536023e-05, 3.585178274079226e-05, 3.836567702819593e-05, 6.397503602784127e-05, 7.682318391744047e-05, 6.876212864881381e-05, 5.4809654102427885e-05, 3.6057910620002076e-05, 2.395542833255604e-05, 1.7806803953135386e-05, 1.569588675920386e-05, 1.4071809346205555e-05, 1.2452518603822682e-05, 1.418364354321966e-05, 1.7870726878754795e-05, 2.0449200746952556e-05, 1.728365350572858e-05, 1.6849764506332576e-05, 1.4973734323575627e-05, 1.558042276883498e-05, 1.9023180357180536e-05, 1.7102251149481162e-05, 1.4568915503332391e-05, 1.546005478303414e-05, 1.6098203559522517e-05, 1.6034169675549492e-05, 1.6330164726241492e-05, 1.6451833289465867e-05, 1.5027556401037145e-05, 1.272327881451929e-05, 1.0970014045597054e-05, 1.0618996384437196e-05, 1.1199073924217373e-05, 1.0562650459178258e-05, 8.942861313698813e-06, 7.854233444959391e-06, 6.826723165431758e-06, 7.792265023454092e-06, 7.3644609983603004e-06, 7.844520041544456e-06, 5.7909355746232904e-06, 5.565373157878639e-06, 4.694695235230029e-06, 4.11882865591906e-06, 3.310144848001073e-06, 3.6537041978590423e-06, 3.9685473893769085e-06, 3.4658114600460976e-06, 3.1886008855508408e-06, 3.2771017686172854e-06, 2.6341549528297037e-06, 2.544379185565049e-06, 2.162413920814288e-06, 2.208084424637491e-06, 1.6852403632583446e-06, 1.833249029914441e-06, 1.3790752291242825e-06, 1.6863092469066032e-06, 1.5623423905708478e-06, 1.3781796042167116e-06, 1.193591060655308e-06, 1.060300292010652e-06, 9.299938028561883e-07, 7.864845201766002e-07, 7.241289949888596e-07, 5.980164701213653e-07, 4.209968835766631e-07, 2.5463043584750267e-07, 3.824645133931881e-08, 4.3461886867213195e-10, 9.914745240091616e-12, 9.557861446740645e-12, 9.28953528683829e-12, 9.081546278877362e-12, 8.851764807249474e-12, 8.678465064637653e-12, 8.492654496317087e-12, 8.287925033767518e-12, 8.161074246948452e-12, 8.105843253558564e-12], "lowlevel.melbands128.stdev": [0.002762750955298543, 0.009333380497992039, 0.014430045150220394, 0.010615423321723938, 0.007101108320057392, 0.0034410469233989716, 0.001594990841113031, 0.0010704470332711935, 0.002844484755769372, 0.0033182555343955755, 0.0017643931787461042, 0.0008558806730434299, 0.0010063921799883246, 0.0008387694833800197, 0.0013524433597922325, 0.001140046981163323, 0.0007523712120018899, 0.001380408531986177, 0.0015480110887438059, 0.0009353554924018681, 0.000767984427511692, 0.00091086036991328, 0.000699223717674613, 0.00046409465721808374, 0.0004552569589577615, 0.0006086606881581247, 0.00037339964183047414, 0.0003764635184779763, 0.000402881734771654, 0.0004309021169319749, 0.0004912731237709522, 0.00040381934377364814, 0.00019308537594042718, 0.00035942226531915367, 0.0002966173051390797, 0.000244484021095559, 0.0002482438867446035, 0.00019063548825215548, 0.00013703950389754027, 0.0001569445594213903, 0.00020314520224928856, 0.00012349060853011906, 0.00011950716725550592, 0.0001384210481774062, 7.991184975253418e-05, 7.578814984299242e-05, 8.014526247279719e-05, 5.6380071328021586e-05, 5.123328810441308e-05, 5.115149906487204e-05, 6.002853479003534e-05, 8.324004738824442e-05, 8.187211642507464e-05, 7.006897067185491e-05, 5.778001286671497e-05, 3.4318720281589776e-05, 2.072743882308714e-05, 1.4627090422436595e-05, 1.422707373421872e-05, 1.3650153050548397e-05, 1.1606439329625573e-05, 1.1925406397494953e-05, 1.4335046216729097e-05, 1.7690761524136178e-05, 1.4676621503895149e-05, 1.5428646293003112e-05, 1.3943474186817184e-05, 1.379167315462837e-05, 1.5976787835825235e-05, 1.5292054740712047e-05, 1.57638278324157e-05, 1.4001257113704924e-05, 1.5001618521637283e-05, 1.4401312000700273e-05, 1.4789790839131456e-05, 1.691693796601612e-05, 1.6199421224882826e-05, 1.3541606676881202e-05, 1.187408543046331e-05, 1.201644499815302e-05, 1.26728573377477e-05, 1.2177007192804012e-05, 1.084327232092619e-05, 9.689604667073581e-06, 8.411096132476814e-06, 9.793972822080832e-06, 1.0331958947062958e-05, 1.2732442883134354e-05, 7.09538198861992e-06, 6.654144272033591e-06, 5.703192528017098e-06, 4.909375547867967e-06, 4.296685347071616e-06, 4.8214719754469115e-06, 5.289290584187256e-06, 5.113923180033453e-06, 4.275372248230269e-06, 4.358597834652755e-06, 3.342642685311148e-06, 3.356353317940375e-06, 3.3288902159256395e-06, 3.134359531031805e-06, 2.5453566649957793e-06, 3.0393109682336217e-06, 2.5715530682646204e-06, 2.677453949218034e-06, 2.6022144083981402e-06, 2.254985702165868e-06, 2.030043106060475e-06, 1.8570569864095887e-06, 1.8251852225148468e-06, 1.6155431694642175e-06, 1.4743488918611547e-06, 1.260645603906596e-06, 9.991546221499448e-07, 8.165778808688628e-07, 1.5820452858861245e-07, 6.1978404630735895e-09, 1.2515898040188489e-11, 1.2154277584386364e-11, 1.1843959840662777e-11, 1.1563698783245702e-11, 1.1354293373566637e-11, 1.1105198358118962e-11, 1.0705322912862858e-11, 1.0355477760015663e-11, 1.0231771159496805e-11, 1.0174028286513703e-11], "lowlevel.mfcc.mean": [-574.7962646484375, 93.4319839477539, 9.799408912658691, 32.06119918823242, 9.958974838256836, 16.752639770507812, 7.015745162963867, 9.869874954223633, 13.852182388305664, 9.535473823547363, 3.6286821365356445, 8.045299530029297, 6.16165018081665], "lowlevel.spectral_contrast_coeffs.mean": [-0.7008073329925537, -0.7699635028839111, -0.8020440340042114, -0.795904278755188, -0.8131412267684937, -0.7353911399841309], "lowlevel.spectral_contrast_coeffs.stdev": [0.06167082488536835, 0.0754479467868805, 0.052315179258584976, 0.03891320899128914, 0.01866847090423107, 0.030746329575777054], "lowlevel.spectral_contrast_valleys.mean": [-6.199401378631592, -6.32255744934082, -6.773517608642578, -6.854771614074707, -6.615882873535156, -9.256422996520996], "lowlevel.spectral_contrast_valleys.stdev": [0.6362543106079102, 0.6348842978477478, 0.6499611139297485, 0.48511651158332825, 0.44450584053993225, 0.6380592584609985], "rhythm.beats_loudness_band_ratio.mean": [0.5782797932624817, 0.14396901428699493, 0.1177326962351799, 0.06836817413568497, 0.05611767619848251, 0.07388567924499512], "rhythm.beats_loudness_band_ratio.stdev": [0.18081645667552948, 0.12674781680107117, 0.10610295087099075, 0.06978003680706024, 0.030571075156331062, 0.04756069928407669], "tonal.hpcp.mean": [0.07211516052484512, 0.07064614444971085, 0.0679643377661705, 0.07714111357927322, 0.07989561557769775, 0.06172473356127739, 0.05160023272037506, 0.056435588747262955, 0.08256823569536209, 0.12677758932113647, 0.14085544645786285, 0.13098733127117157, 0.1081753820180893, 0.07930471748113632, 0.06953714787960052, 0.08003301173448563, 0.09266199171543121, 0.0787925198674202, 0.049997661262750626, 0.038291845470666885, 0.05016202852129936, 0.05923938378691673, 0.05492105707526207, 0.06068527325987816, 0.08794953674077988, 0.11223923414945602, 0.10848317295312881, 0.10926082730293274, 0.13587415218353271, 0.21857647597789764, 0.3862839937210083, 0.35209012031555176, 0.13836567103862762, 0.05221233144402504, 0.04359126091003418, 0.05656403303146362], "tonal.hpcp.stdev": [0.16921113431453705, 0.16042418777942657, 0.1634654700756073, 0.18127064406871796, 0.2034919410943985, 0.1630515158176422, 0.14180363714694977, 0.1570487767457962, 0.19297321140766144, 0.2542937994003296, 0.2617250084877014, 0.2534385919570923, 0.23399430513381958, 0.18554559350013733, 0.1742739975452423, 0.18600063025951385, 0.20420138537883759, 0.1921643316745758, 0.13829763233661652, 0.1209583580493927, 0.13123206794261932, 0.1688462346792221, 0.14966526627540588, 0.16215038299560547, 0.20073841512203217, 0.24726398289203644, 0.22659575939178467, 0.22780992090702057, 0.258436381816864, 0.296796053647995, 0.4016805589199066, 0.3959115445613861, 0.24827352166175842, 0.13329632580280304, 0.11656850576400757, 0.13642658293247223], "rhythm.beats_position": [0.3831292390823364, 0.7662584781646729, 1.1377778053283691, 1.5092970132827759, 1.8575963973999023, 2.2291154861450195, 2.5774149894714355, 2.9257142543792725, 3.285623550415039, 3.6455328464508057, 4.005442142486572, 4.36535120010376, 4.713650703430176, 5.073559761047363, 5.433469295501709, 5.7933783531188965, 6.153287887573242, 6.501587390899658, 6.861496448516846, 7.221405982971191, 7.569705009460449, 7.929614543914795, 8.28952407836914, 8.637823104858398, 8.986122131347656, 9.346031188964844, 9.705941200256348, 10.077460289001465, 10.425759315490723, 10.79727840423584, 11.145578384399414, 11.517097473144531, 11.865396499633789, 12.213695526123047, 12.57360553741455, 12.933514595031738, 13.281813621520996, 13.641722679138184, 14.001632690429688, 14.349931716918945, 14.709840774536133, 15.06974983215332, 15.429659843444824, 15.777958869934082, 16.137868881225586, 16.509387969970703, 16.85768699645996, 17.21759605407715, 17.577505111694336, 17.937414169311523, 18.29732322692871, 18.6456241607666, 19.00553321838379, 19.365442276000977, 19.725351333618164, 20.08526039123535, 20.43355941772461, 20.793468475341797, 21.153377532958984, 21.501678466796875, 21.849977493286133, 22.20988655090332, 22.569795608520508, 22.941314697265625, 23.324443817138672, 23.71918296813965, 24.113922119140625, 24.52027130126953, 24.89179039001465, 25.263309478759766, 25.611610412597656, 25.983129501342773, 26.33142852783203, 26.67972755432129, 27.039636611938477, 27.399545669555664, 27.75945472717285, 28.11936378479004, 28.46766471862793, 28.815963745117188, 29.175872802734375, 29.535781860351562, 29.89569091796875, 30.255599975585938, 30.603899002075195, 30.963808059692383, 31.312108993530273, 31.67201805114746, 32.031925201416016, 32.3918342590332, 32.751747131347656, 33.10004425048828, 33.45995330810547, 33.819862365722656, 34.179771423339844, 34.53968048095703, 34.89958953857422, 35.24789047241211, 35.6077995300293, 35.95610046386719, 36.316009521484375, 36.664306640625, 37.02421569824219, 37.384124755859375, 37.74403381347656, 38.103946685791016, 38.4638557434082, 38.82376480102539, 39.195281982421875], "rhythm.bpm_histogram": [0.0, 0.0, 0.0, 0.0, 0.0, 0.0, 0.0, 0.0, 0.0, 0.0, 0.0, 0.0, 0.0, 0.0, 0.0, 0.0, 0.0, 0.0, 0.0, 0.0, 0.0, 0.0, 0.0, 0.0, 0.0, 0.0, 0.0, 0.0, 0.0, 0.0, 0.0, 0.0, 0.0, 0.0, 0.0, 0.0, 0.0, 0.0, 0.0, 0.0, 0.0, 0.0, 0.0, 0.0, 0.0, 0.0, 0.0, 0.0, 0.0, 0.0, 0.0, 0.0, 0.0, 0.0, 0.0, 0.0, 0.0, 0.0, 0.0, 0.0, 0.0, 0.0, 0.0, 0.0, 0.0, 0.0, 0.0, 0.0, 0.0, 0.0, 0.0, 0.0, 0.0, 0.0, 0.0, 0.0, 0.0, 0.0, 0.0, 0.0, 0.0, 0.0, 0.0, 0.0, 0.0, 0.0, 0.0, 0.0, 0.0, 0.0, 0.0, 0.0, 0.0, 0.0, 0.0, 0.0, 0.0, 0.0, 0.0, 0.0, 0.0, 0.0, 0.0, 0.0, 0.0, 0.0, 0.0, 0.0, 0.0, 0.0, 0.0, 0.0, 0.0, 0.0, 0.0, 0.0, 0.0, 0.0, 0.0, 0.0, 0.0, 0.0, 0.0, 0.0, 0.0, 0.0, 0.0, 0.0, 0.0, 0.0, 0.0, 0.0, 0.0, 0.0, 0.0, 0.0, 0.0, 0.0, 0.0, 0.0, 0.0, 0.0, 0.0, 0.0, 0.0, 0.0, 0.0, 0.0, 0.009259259328246117, 0.0, 0.0, 0.0, 0.018518518656492233, 0.0, 0.0, 0.0, 0.0, 0.018518518656492233, 0.0, 0.0, 0.0, 0.1111111119389534, 0.0, 0.0, 0.0, 0.0, 0.0, 0.5555555820465088, 0.0, 0.0, 0.0, 0.0, 0.28703704476356506, 0.0, 0.0, 0.0, 0.0, 0.0, 0.0, 0.0, 0.0, 0.0, 0.0, 0.0, 0.0, 0.0, 0.0, 0.0, 0.0, 0.0, 0.0, 0.0, 0.0, 0.0, 0.0, 0.0, 0.0, 0.0, 0.0, 0.0, 0.0, 0.0, 0.0, 0.0, 0.0, 0.0, 0.0, 0.0, 0.0, 0.0, 0.0, 0.0, 0.0, 0.0, 0.0, 0.0, 0.0, 0.0, 0.0, 0.0, 0.0, 0.0, 0.0, 0.0, 0.0, 0.0, 0.0, 0.0, 0.0, 0.0, 0.0, 0.0, 0.0, 0.0, 0.0, 0.0, 0.0, 0.0, 0.0, 0.0, 0.0, 0.0, 0.0, 0.0, 0.0, 0.0, 0.0, 0.0, 0.0, 0.0], "tonal.chords_histogram": [9.005847930908203, 0.11695906519889832, 13.567251205444336, 5.029239654541016, 2.690058469772339, 0.46783626079559326, 0.0, 33.09941482543945, 0.0, 17.660818099975586, 0.0, 7.602339267730713, 3.391812801361084, 1.7543859481811523, 0.0, 0.0, 0.0, 0.0, 0.0, 1.6374268531799316, 3.391812801361084, 0.0, 0.5847952961921692, 0.0], "tonal.thpcp": [1.0, 0.9114799499511719, 0.3581967353820801, 0.13516566157341003, 0.112847700715065, 0.14643120765686035, 0.18668948113918304, 0.18288654088974, 0.17594397068023682, 0.1997005194425583, 0.20683129131793976, 0.15979106724262238, 0.13358107209205627, 0.14609870314598083, 0.21375007927417755, 0.3281978964805603, 0.3646422028541565, 0.33909592032432556, 0.28004106879234314, 0.20530158281326294, 0.18001560866832733, 0.2071869671344757, 0.2398804873228073, 0.2039756327867508, 0.12943239510059357, 0.09912873804569244, 0.1298578977584839, 0.15335707366466522, 0.14217792451381683, 0.1571001559495926, 0.2276810258626938, 0.2905614376068115, 0.28083786368370056, 0.28285104036331177, 0.3517467975616455, 0.5658439993858337], "lowlevel.gfcc.cov": [[2161.128662109375, -143.03012084960938, 125.45073699951172, 18.867874145507812, -170.85546875, -12.517593383789062, -145.10037231445312, -37.8983154296875, -69.96320343017578, 42.008995056152344, -66.61235046386719, 50.31997299194336, -107.97589111328125], [-143.03012084960938, 609.153076171875, -333.5541076660156, -34.68828201293945, -24.3138484954834, -27.184555053710938, 102.74435424804688, 10.122349739074707, 82.09493255615234, -11.805466651916504, 87.92111206054688, -63.31119918823242, 103.05400848388672], [125.45073699951172, -333.5541076660156, 386.96429443359375, 79.78363037109375, 13.363115310668945, -84.30387878417969, -158.30332946777344, -53.87009811401367, -40.11207962036133, 30.521846771240234, -41.36708068847656, 73.38389587402344, -49.945762634277344], [18.867874145507812, -34.68828201293945, 79.78363037109375, 226.13790893554688, 30.397443771362305, -28.746131896972656, -67.55938720703125, -54.06083297729492, 20.710952758789062, -14.327067375183105, 22.583656311035156, -1.7802510261535645, 44.70890426635742], [-170.85546875, -24.3138484954834, 13.363115310668945, 30.397443771362305, 162.12924194335938, 46.65043640136719, 57.834007263183594, 20.56026268005371, 17.698915481567383, 22.929176330566406, 3.1866800785064697, 5.048989295959473, 13.670797348022461], [-12.517593383789062, -27.184555053710938, -84.30387878417969, -28.746131896972656, 46.65043640136719, 173.64390563964844, 169.348388671875, 63.564212799072266, -32.53287124633789, -55.194644927978516, -9.5631685256958, -15.772880554199219, 2.353222370147705], [-145.10037231445312, 102.74435424804688, -158.30332946777344, -67.55938720703125, 57.834007263183594, 169.348388671875, 307.736083984375, 117.07013702392578, -5.118722438812256, -60.03692626953125, 11.574505805969238, -15.274675369262695, 22.630769729614258], [-37.8983154296875, 10.122349739074707, -53.87009811401367, -54.06083297729492, 20.56026268005371, 63.564212799072266, 117.07013702392578, 117.3192367553711, 49.24559783935547, 14.018506050109863, -1.6688412427902222, -17.63674545288086, -8.382060050964355], [-69.96320343017578, 82.09493255615234, -40.11207962036133, 20.710952758789062, 17.698915481567383, -32.53287124633789, -5.118722438812256, 49.24559783935547, 146.34640502929688, 98.40261840820312, 44.352840423583984, -30.314517974853516, -0.48732173442840576], [42.008995056152344, -11.805466651916504, 30.521846771240234, -14.327067375183105, 22.929176330566406, -55.194644927978516, -60.03692626953125, 14.018506050109863, 98.40261840820312, 144.02027893066406, 39.91389465332031, -1.9583535194396973, -38.74116134643555], [-66.61235046386719, 87.92111206054688, -41.36708068847656, 22.583656311035156, 3.1866800785064697, -9.5631685256958, 11.574505805969238, -1.6688412427902222, 44.352840423583984, 39.91389465332031, 78.94617462158203, 15.021615982055664, 22.896577835083008], [50.31997299194336, -63.31119918823242, 73.38389587402344, -1.7802510261535645, 5.048989295959473, -15.772880554199219, -15.274675369262695, -17.63674545288086, -30.314517974853516, -1.9583535194396973, 15.021615982055664, 78.51338958740234, 22.935813903808594], [-107.97589111328125, 103.05400848388672, -49.945762634277344, 44.70890426635742, 13.670797348022461, 2.353222370147705, 22.630769729614258, -8.382060050964355, -0.48732173442840576, -38.74116134643555, 22.896577835083008, 22.935813903808594, 96.34884643554688]], "lowlevel.gfcc.icov": [[0.0007803317275829613, -0.0008415473275817931, 0.00018449907656759024, -0.0012769416207447648, 0.001218263292685151, -0.0013747391058132052, 0.0006250235019251704, -0.0006504969787783921, 0.0008806505938991904, -0.0016646221047267318, 0.0020837197080254555, -0.002299715531989932, 0.0015075030969455838], [-0.0008415473275817931, 0.00719344150274992, 0.002715559909120202, 0.0035357363522052765, -0.0015918954741209745, 0.006638123653829098, -0.0034900223836302757, 0.003415570128709078, -0.00265630055218935, 0.0037131020799279213, -0.006840809714049101, 0.007653422188013792, -0.006406158674508333], [0.00018449907656759024, 0.002715559909120202, 0.008857031352818012, -0.003494733478873968, -0.0007911110878922045, 0.003461804473772645, 0.0008606238989159465, -0.0013238673564046621, 0.000786936900112778, -0.0005434423219412565, 0.0031076690647751093, -0.007133997045457363, 0.003970813937485218], [-0.0012769416207447648, 0.0035357363522052765, -0.003494733478873968, 0.012381767854094505, -0.00393439969047904, 0.002123442245647311, -0.0006454946123994887, 0.006459490396082401, -0.007191122509539127, 0.008683192543685436, -0.009746022522449493, 0.01097802072763443, -0.008392197079956532], [0.001218263292685151, -0.0015918954741209745, -0.0007911110878922045, -0.00393439969047904, 0.011084051802754402, -0.004976408090442419, -0.0017766256351023912, 0.00047838210593909025, 0.0022140061482787132, -0.008870343677699566, 0.006932987365871668, -0.003823657287284732, -0.0008015473140403628], [-0.0013747391058132052, 0.006638123653829098, 0.003461804473772645, 0.002123442245647311, -0.004976408090442419, 0.02230745740234852, -0.009458621963858604, -0.0008199469884857535, 0.002282545669004321, 0.005743827670812607, -0.008027094416320324, 0.009415870532393456, -0.0035326932556927204], [0.0006250235019251704, -0.0034900223836302757, 0.0008606238989159465, -0.0006454946123994887, -0.0017766256351023912, -0.009458621963858604, 0.014438417740166187, -0.009949118830263615, 0.001506386324763298, 0.0032703832257539034, -0.0010286819888278842, -0.0056466939859092236, 0.004316492006182671], [-0.0006504969787783921, 0.003415570128709078, -0.0013238673564046621, 0.006459490396082401, 0.00047838210593909025, -0.0008199469884857535, -0.009949118830263615, 0.027025405317544937, -0.015396371483802795, 0.00311316829174757, 0.00253275060094893, 0.0031992937438189983, -0.0036153520923107862], [0.0008806505938991904, -0.00265630055218935, 0.000786936900112778, -0.007191122509539127, 0.0022140061482787132, 0.002282545669004321, 0.001506386324763298, -0.015396371483802795, 0.030743777751922607, -0.02022436447441578, -0.0013700808631256223, 0.006232698913663626, -0.0036248990800231695], [-0.0016646221047267318, 0.0037131020799279213, -0.0005434423219412565, 0.008683192543685436, -0.008870343677699566, 0.005743827670812607, 0.0032703832257539034, 0.00311316829174757, -0.02022436447441578, 0.03347933292388916, -0.015635304152965546, 0.001760957296937704, 0.007128909695893526], [0.0020837197080254555, -0.006840809714049101, 0.0031076690647751093, -0.009746022522449493, 0.006932987365871668, -0.008027094416320324, -0.0010286819888278842, 0.00253275060094893, -0.0013700808631256223, -0.015635304152965546, 0.036513738334178925, -0.02118820883333683, 0.005532650277018547], [-0.002299715531989932, 0.007653422188013792, -0.007133997045457363, 0.01097802072763443, -0.003823657287284732, 0.009415870532393456, -0.0056466939859092236, 0.0031992937438189983, 0.006232698913663626, 0.001760957296937704, -0.02118820883333683, 0.04194321110844612, -0.02184813655912876], [0.0015075030969455838, -0.006406158674508333, 0.003970813937485218, -0.008392197079956532, -0.0008015473140403628, -0.0035326932556927204, 0.004316492006182671, -0.0036153520923107862, -0.0036248990800231695, 0.007128909695893526, 0.005532650277018547, -0.02184813655912876, 0.03047891892492771]], "lowlevel.mfcc.cov": [[1258.7001953125, -42.30061721801758, 137.10830688476562, 0.053915172815322876, -46.18716049194336, -1.7993887662887573, -71.39325714111328, -39.56855392456055, -73.75901794433594, -30.311002731323242, 16.466705322265625, -26.31625747680664, -27.200424194335938], [-42.30061721801758, 441.3073425292969, -213.77398681640625, -51.90507888793945, -100.54287719726562, -34.29604721069336, 19.89215087890625, -5.155030727386475, 47.47124099731445, 11.258601188659668, 28.354368209838867, 49.32533645629883, 31.12788200378418], [137.10830688476562, -213.77398681640625, 277.16571044921875, 86.28536987304688, 69.85401916503906, -28.465843200683594, -98.91973114013672, -55.60515594482422, -80.2942123413086, -42.56264114379883, -40.00775146484375, -44.16131591796875, -7.514726161956787], [0.053915172815322876, -51.90507888793945, 86.28536987304688, 195.02874755859375, 101.3217544555664, 6.203367710113525, -84.58031463623047, -71.10054779052734, -32.394466400146484, -12.392480850219727, -19.88951301574707, -15.806425094604492, 20.812164306640625], [-46.18716049194336, -100.54287719726562, 69.85401916503906, 101.3217544555664, 164.1079864501953, 17.814756393432617, -79.4045181274414, -79.02552032470703, -31.79567527770996, 7.017730712890625, -10.431925773620605, -16.908401489257812, 4.204823970794678], [-1.7993887662887573, -34.29604721069336, -28.465843200683594, 6.203367710113525, 17.814756393432617, 89.46156311035156, 69.50416564941406, 36.35511016845703, 9.647095680236816, -0.9846528172492981, -4.007976531982422, -2.65999436378479, -6.468506336212158], [-71.39325714111328, 19.89215087890625, -98.91973114013672, -84.58031463623047, -79.4045181274414, 69.50416564941406, 221.2311248779297, 162.7382354736328, 66.29952239990234, -8.135171890258789, -19.05396842956543, 0.9470093846321106, -15.422389030456543], [-39.56855392456055, -5.155030727386475, -55.60515594482422, -71.10054779052734, -79.02552032470703, 36.35511016845703, 162.7382354736328, 176.8300323486328, 75.33324432373047, -4.837959289550781, -24.872116088867188, -7.70767068862915, -10.297815322875977], [-73.75901794433594, 47.47124099731445, -80.2942123413086, -32.394466400146484, -31.79567527770996, 9.647095680236816, 66.29952239990234, 75.33324432373047, 107.55660247802734, 51.65568542480469, 19.292877197265625, 18.80099105834961, 4.9521002769470215], [-30.311002731323242, 11.258601188659668, -42.56264114379883, -12.392480850219727, 7.017730712890625, -0.9846528172492981, -8.135171890258789, -4.837959289550781, 51.65568542480469, 95.74304962158203, 74.11235809326172, 40.362186431884766, 2.545236825942993], [16.466705322265625, 28.354368209838867, -40.00775146484375, -19.88951301574707, -10.431925773620605, -4.007976531982422, -19.05396842956543, -24.872116088867188, 19.292877197265625, 74.11235809326172, 117.50637817382812, 62.72218322753906, 6.743430137634277], [-26.31625747680664, 49.32533645629883, -44.16131591796875, -15.806425094604492, -16.908401489257812, -2.65999436378479, 0.9470093846321106, -7.70767068862915, 18.80099105834961, 40.362186431884766, 62.72218322753906, 82.023193359375, 35.79008865356445], [-27.200424194335938, 31.12788200378418, -7.514726161956787, 20.812164306640625, 4.204823970794678, -6.468506336212158, -15.422389030456543, -10.297815322875977, 4.9521002769470215, 2.545236825942993, 6.743430137634277, 35.79008865356445, 74.72177124023438]], "lowlevel.mfcc.icov": [[0.0009514064295217395, -0.00020559088443405926, -0.000645877851638943, 0.00010707112960517406, 0.0006974592106416821, -0.0008463733829557896, 0.0006398463156074286, -0.00023632610100321472, 0.00030968879582360387, 0.00011709255340974778, -0.0005564875900745392, 0.00042069758637808263, 0.0001483815722167492], [-0.00020559088443405926, 0.005147939547896385, 0.004213003441691399, -0.0010782199678942561, 0.0024045035243034363, 0.00216321786865592, -0.0001609631726751104, 0.002425865503028035, -0.0014856590423732996, 0.0019446341320872307, 0.00032861120416782796, -0.0008545205928385258, -0.0007304566679522395], [-0.000645877851638943, 0.004213003441691399, 0.010075388476252556, -0.0024159408640116453, 0.0001712412340566516, 0.003446753602474928, 0.002682402729988098, -0.0023055733181536198, 0.0035866438411176205, 0.0008408098947256804, 0.0009071570821106434, 0.0003082654729951173, -0.000275220547337085], [0.00010707112960517406, -0.0010782199678942561, -0.0024159408640116453, 0.009287422522902489, -0.004007108509540558, -0.002753657288849354, 0.0020003204699605703, 0.0006030941149219871, -0.0017472926992923021, 0.0012793887872248888, 7.830355752957985e-05, 0.0009906361810863018, -0.002267887583002448], [0.0006974592106416821, 0.0024045035243034363, 0.0001712412340566516, -0.004007108509540558, 0.014350734651088715, -0.0048629422672092915, 0.001792746246792376, 0.004997660405933857, -0.0005330006824806333, -0.00370858795940876, 0.0029410573188215494, 0.0012598646571859717, -0.000491451530251652], [-0.0008463733829557896, 0.00216321786865592, 0.003446753602474928, -0.002753657288849354, -0.0048629422672092915, 0.02145853079855442, -0.010721072554588318, 0.0020679577719420195, 0.0021211907733231783, 0.0001714488898869604, -0.0012162706116214395, 0.00011713341518770903, 1.5057410564622842e-05], [0.0006398463156074286, -0.0001609631726751104, 0.002682402729988098, 0.0020003204699605703, 0.001792746246792376, -0.010721072554588318, 0.022934870794415474, -0.016612188890576363, 0.0012190111447125673, 0.0023103058338165283, 0.0009764751303009689, -0.0029711362440139055, 0.0026033951435238123], [-0.00023632610100321472, 0.002425865503028035, -0.0023055733181536198, 0.0006030941149219871, 0.004997660405933857, 0.0020679577719420195, -0.016612188890576363, 0.028263729065656662, -0.013310047797858715, 0.003558680647984147, 0.001454485347494483, 0.00213911896571517, -0.0015