{"song_id": "1183693825714163712", "download": "https://cdn.discordapp.com/attachments/1135903449314238464/1183693825714163712/chirp.mp4?ex=658943c8&amp", "lyrics": "\u05e8\u05e7\u05d3\u05d9 \u05db\u05e2\u05e9\u05df \u05d1\u05e6\u05d1\u05e2\u05d9\u05dd\n\u05d0\u05dc \u05de\u05d5\u05dc \u05d4\u05e8\u05d5\u05d7\n\u05e1\u05e4\u05e8\u05d9 \u05d0\u05d9\u05da \u05d6\u05d4 \u05dc\u05e9\u05db\u05d5\u05d7\n\u05e9\u05e4\u05e2\u05dd \u05d4\u05d9\u05d9\u05ea \u05d0\u05d3\u05dd\n\u05d5\u05d0\u05d9\u05da \u05d2\u05d5\u05e4\u05da \u05d1\u05d5\u05e2\u05e8 \u05d6\u05d5\u05d4\u05e8\n\u05de\u05ea\u05d5\u05da \u05ea\u05e0\u05d5\u05e2\u05d5\u05ea\u05d9\u05da\n\u05de\u05e6\u05d9\u05ea \u05d0\u05ea \u05db\u05dc \u05de\u05d9 \u05e9\u05de\u05d1\u05d9\u05d8\n\u05d0\u05dc\u05d9\u05da", "style": ["ethnic dance"], "essentia_features": {"lowlevel.average_loudness": 0.9851383566856384, "lowlevel.barkbands_crest.mean": 20.237218856811523, "lowlevel.barkbands_crest.stdev": 4.09958028793335, "lowlevel.barkbands_flatness_db.mean": 0.2709495723247528, "lowlevel.barkbands_flatness_db.stdev": 0.08642753958702087, "lowlevel.barkbands_kurtosis.mean": 54.369388580322266, "lowlevel.barkbands_kurtosis.stdev": 118.33409118652344, "lowlevel.barkbands_skewness.mean": 5.110116481781006, "lowlevel.barkbands_skewness.stdev": 4.03485107421875, "lowlevel.barkbands_spread.mean": 10.95976448059082, "lowlevel.barkbands_spread.stdev": 9.42799186706543, "lowlevel.dissonance.mean": 0.4821943938732147, "lowlevel.dissonance.stdev": 0.01677348092198372, "lowlevel.dynamic_complexity": 1.6145920753479004, "lowlevel.erbbands_crest.mean": 10.830599784851074, "lowlevel.erbbands_crest.stdev": 4.036451816558838, "lowlevel.erbbands_flatness_db.mean": 0.18123431503772736, "lowlevel.erbbands_flatness_db.stdev": 0.05157499387860298, "lowlevel.erbbands_kurtosis.mean": 1.2608213424682617, "lowlevel.erbbands_kurtosis.stdev": 3.0055291652679443, "lowlevel.erbbands_skewness.mean": -0.4135446846485138, "lowlevel.erbbands_skewness.stdev": 1.2425686120986938, "lowlevel.erbbands_spread.mean": 42.83024597167969, "lowlevel.erbbands_spread.stdev": 19.994352340698242, "lowlevel.hfc.mean": 22.406896591186523, "lowlevel.hfc.stdev": 16.066162109375, "lowlevel.loudness_ebu128.integrated": -14.118875503540039, "lowlevel.loudness_ebu128.loudness_range": 1.3208093643188477, "lowlevel.loudness_ebu128.momentary.mean": -14.244915008544922, "lowlevel.loudness_ebu128.momentary.stdev": 1.0884648561477661, "lowlevel.loudness_ebu128.short_term.mean": -14.119592666625977, "lowlevel.loudness_ebu128.short_term.stdev": 0.4731046259403229, "lowlevel.melbands_crest.mean": 22.946510314941406, "lowlevel.melbands_crest.stdev": 3.647012948989868, "lowlevel.melbands_flatness_db.mean": 0.3728579878807068, "lowlevel.melbands_flatness_db.stdev": 0.09820930659770966, "lowlevel.melbands_kurtosis.mean": 81.7441177368164, "lowlevel.melbands_kurtosis.stdev": 91.16453552246094, "lowlevel.melbands_skewness.mean": 6.589722156524658, "lowlevel.melbands_skewness.stdev": 2.952497720718384, "lowlevel.melbands_spread.mean": 7.849567890167236, "lowlevel.melbands_spread.stdev": 8.276741981506348, "lowlevel.pitch_salience.mean": 0.32225343585014343, "lowlevel.pitch_salience.stdev": 0.11749277263879776, "lowlevel.silence_rate_20dB.mean": 1.0, "lowlevel.silence_rate_20dB.stdev": 0.0, "lowlevel.silence_rate_30dB.mean": 0.5383597612380981, "lowlevel.silence_rate_30dB.stdev": 0.49852222204208374, "lowlevel.silence_rate_60dB.mean": 0.0026455025654286146, "lowlevel.silence_rate_60dB.stdev": 0.051365550607442856, "lowlevel.spectral_centroid.mean": 1047.30126953125, "lowlevel.spectral_centroid.stdev": 598.790771484375, "lowlevel.spectral_complexity.mean": 17.283069610595703, "lowlevel.spectral_complexity.stdev": 9.634761810302734, "lowlevel.spectral_decrease.mean": -2.6888828941196152e-08, "lowlevel.spectral_decrease.stdev": 1.0952027729160818e-08, "lowlevel.spectral_energy.mean": 0.10351685434579849, "lowlevel.spectral_energy.stdev": 0.04183141514658928, "lowlevel.spectral_energyband_high.mean": 0.000232098696869798, "lowlevel.spectral_energyband_high.stdev": 0.00037688080919906497, "lowlevel.spectral_energyband_low.mean": 0.09160371869802475, "lowlevel.spectral_energyband_low.stdev": 0.04091661050915718, "lowlevel.spectral_energyband_middle_high.mean": 0.0069792382419109344, "lowlevel.spectral_energyband_middle_high.stdev": 0.007434877101331949, "lowlevel.spectral_energyband_middle_low.mean": 0.008157918229699135, "lowlevel.spectral_energyband_middle_low.stdev": 0.010281491093337536, "lowlevel.spectral_entropy.mean": 7.1751203536987305, "lowlevel.spectral_entropy.stdev": 0.5536537766456604, "lowlevel.spectral_flux.mean": 0.0918598547577858, "lowlevel.spectral_flux.stdev": 0.04872257634997368, "lowlevel.spectral_kurtosis.mean": 7.308578968048096, "lowlevel.spectral_kurtosis.stdev": 4.92240047454834, "lowlevel.spectral_rms.mean": 0.009835310280323029, "lowlevel.spectral_rms.stdev": 0.0020637079142034054, "lowlevel.spectral_rolloff.mean": 333.9021301269531, "lowlevel.spectral_rolloff.stdev": 641.8300170898438, "lowlevel.spectral_skewness.mean": 1.805726408958435, "lowlevel.spectral_skewness.stdev": 0.5614468455314636, "lowlevel.spectral_spread.mean": 3486206.25, "lowlevel.spectral_spread.stdev": 1475664.125, "lowlevel.spectral_strongpeak.mean": 0.6738876104354858, "lowlevel.spectral_strongpeak.stdev": 0.2621089518070221, "lowlevel.zerocrossingrate.mean": 0.020019853487610817, "lowlevel.zerocrossingrate.stdev": 0.022866595536470413, "metadata.audio_properties.analysis.equal_loudness": 0.0, "metadata.audio_properties.analysis.length": 35.070953369140625, "metadata.audio_properties.analysis.sample_rate": 44100.0, "metadata.audio_properties.analysis.start_time": 0.0, "metadata.audio_properties.bit_rate": 127224.0, "metadata.audio_properties.length": 35.071998596191406, "metadata.audio_properties.lossless": 0.0, "metadata.audio_properties.number_channels": 1.0, "metadata.audio_properties.replay_gain": -9.31643295288086, "metadata.audio_properties.sample_rate": 48000.0, "rhythm.beats_count": 64.0, "rhythm.beats_loudness.mean": 0.10988877713680267, "rhythm.beats_loudness.stdev": 0.0466521792113781, "rhythm.bpm": 111.80020141601562, "rhythm.bpm_histogram_first_peak_bpm": 112.0, "rhythm.bpm_histogram_first_peak_weight": 0.21311473846435547, "rhythm.bpm_histogram_second_peak_bpm": 103.0, "rhythm.bpm_histogram_second_peak_spread": 0.5, "rhythm.bpm_histogram_second_peak_weight": 0.01587301678955555, "rhythm.danceability": 1.3721504211425781, "rhythm.onset_rate": 5.01633882522583, "tonal.chords_changes_rate": 0.04755614325404167, "tonal.chords_number_rate": 0.007926023565232754, "tonal.chords_strength.mean": 0.4318099319934845, "tonal.chords_strength.stdev": 0.05517297238111496, "tonal.hpcp_crest.mean": 16.554224014282227, "tonal.hpcp_crest.stdev": 7.149377822875977, "tonal.hpcp_entropy.mean": 1.6860103607177734, "tonal.hpcp_entropy.stdev": 0.715980589389801, "tonal.key_edma.strength": 0.6184576153755188, "tonal.key_krumhansl.strength": 0.6057494878768921, "tonal.key_temperley.strength": 0.577890157699585, "tonal.tuning_diatonic_strength": 0.5166029334068298, "tonal.tuning_equal_tempered_deviation": 0.10405399650335312, "tonal.tuning_frequency": 439.2381896972656, "tonal.tuning_nontempered_energy_ratio": 0.7443526983261108, "lowlevel.barkbands.mean": [0.0014264831552281976, 0.07787533104419708, 0.008882971480488777, 0.00511987553909421, 0.0009734641062095761, 0.000586360867600888, 0.0006524015916511416, 0.0003361152485013008, 0.00041641463758423924, 0.0002265149960294366, 0.0008613649988546968, 0.0014892820036038756, 0.00028692526393570006, 0.000272485165623948, 0.000575292098801583, 0.0018238011980429292, 0.0009615568560548127, 0.00011296255252091214, 0.0003663253446575254, 6.108803790993989e-05, 5.341876021702774e-05, 6.520238821394742e-05, 2.989363383676391e-05, 3.19715472869575e-05, 2.052502713922877e-05, 8.391448318434414e-06, 6.121484261711885e-07], "lowlevel.barkbands.stdev": [0.0017073253402486444, 0.037199344485998154, 0.011688169091939926, 0.008027821779251099, 0.002175676403567195, 0.0021072400268167257, 0.0022941306233406067, 0.0007596915238536894, 0.0020662560127675533, 0.0005646235658787191, 0.0014441366074606776, 0.002696729265153408, 0.000918098259717226, 0.0006735664792358875, 0.0010277230758219957, 0.002976946299895644, 0.0014270535903051496, 0.00020489316375460476, 0.0010272449580952525, 0.00015238241758197546, 9.495169069850817e-05, 0.0001149214876932092, 5.70375268580392e-05, 5.819554644403979e-05, 3.8662226870656013e-05, 1.8979479136760347e-05, 2.5168151296384167e-06], "lowlevel.erbbands.mean": [2.1666226387023926, 17.81359100341797, 11.67734146118164, 18.95006561279297, 7.377645015716553, 2.7842071056365967, 4.200921058654785, 4.528008460998535, 7.389437198638916, 11.495220184326172, 5.311842918395996, 9.799005508422852, 7.952301979064941, 12.618696212768555, 61.675960540771484, 45.38241958618164, 14.71465015411377, 13.20791244506836, 23.62607765197754, 43.47038269042969, 114.66175842285156, 49.848724365234375, 7.924001216888428, 19.70682144165039, 10.227622032165527, 2.942152976989746, 2.0968244075775146, 2.3423986434936523, 2.638385534286499, 1.264615774154663, 0.7326995134353638, 0.6931942105293274, 0.49207058548927307, 0.3034672439098358, 0.09810277819633484, 0.0338389091193676, 0.01633557863533497, 0.0033454839140176773, 0.00011966584133915603, 0.00011624417675193399], "lowlevel.erbbands.stdev": [1.0487558841705322, 8.587932586669922, 9.323112487792969, 23.198293685913086, 13.177468299865723, 6.157625675201416, 18.274206161499023, 13.371014595031738, 24.688663482666016, 32.28085708618164, 12.469894409179688, 48.93413543701172, 22.45001983642578, 37.589012145996094, 87.4218521118164, 95.70672607421875, 42.73693084716797, 30.0875186920166, 47.46720886230469, 68.78662872314453, 173.3973388671875, 68.25218963623047, 11.341958045959473, 48.911502838134766, 31.05531120300293, 6.840908050537109, 3.6556921005249023, 4.1085357666015625, 4.701597213745117, 2.393221378326416, 1.386056900024414, 1.3167507648468018, 0.8981003761291504, 0.5708419680595398, 0.1991492360830307, 0.07487662136554718, 0.03856102004647255, 0.00905551202595234, 0.00020002340897917747, 4.6499990276061e-05], "lowlevel.gfcc.mean": [-21.769102096557617, 121.40451049804688, -102.11048889160156, 52.665462493896484, -5.068548202514648, 37.5359992980957, -19.292938232421875, 15.751416206359863, -4.390646934509277, -5.143775463104248, -7.544085502624512, 4.652461528778076, -1.441764235496521], "lowlevel.melbands.mean": [0.022158535197377205, 0.012006191536784172, 0.002806707052513957, 0.0002787274424917996, 0.00014702323824167252, 0.00010619518434396014, 0.00012337493535596877, 0.00011930017353734002, 3.9495636883657426e-05, 6.540399044752121e-05, 3.841900252155028e-05, 4.212949352222495e-05, 0.0001565889542689547, 0.00019664879073388875, 5.5785192671464756e-05, 2.584912726888433e-05, 2.389942528679967e-05, 3.475088669802062e-05, 4.540554800769314e-05, 7.671138155274093e-05, 0.00015466335753444582, 6.351407500915229e-05, 7.279849342012312e-06, 5.5094014896894805e-06, 1.8099275621352717e-05, 1.0439480320201255e-05, 3.6659237139247125e-06, 1.4682697155876667e-06, 1.2338296073721722e-06, 1.3546142554332619e-06, 1.373892246192554e-06, 1.8020398329099407e-06, 7.825048555787362e-07, 6.79955462601356e-07, 4.1932699446078914e-07, 3.7176161526986107e-07, 4.5174584784035687e-07, 3.6980290474275535e-07, 3.140544038160442e-07, 2.2907080676759506e-07], "lowlevel.melbands.stdev": [0.010438046418130398, 0.005963977426290512, 0.0034390962682664394, 0.0005501091945916414, 0.0005488544702529907, 0.00032297245343215764, 0.00042149118962697685, 0.00030994662665762007, 0.00010575942724244669, 0.00034841158776544034, 0.00011208220530534163, 0.0001439322077203542, 0.00022728666954208165, 0.0003109307726845145, 0.0001843718928284943, 7.99220142653212e-05, 5.852088361280039e-05, 7.7381482697092e-05, 7.892319263191894e-05, 0.00014779195771552622, 0.00023208282073028386, 9.331904584541917e-05, 1.1452413673396222e-05, 9.877090633381158e-06, 4.585764691000804e-05, 3.373894651303999e-05, 1.1391533917048946e-05, 3.1979495815903647e-06, 2.1952487259113695e-06, 2.533658744141576e-06, 2.466758132868563e-06, 3.3067865388147766e-06, 1.4598881534766406e-06, 1.3576078572441475e-06, 8.193226221919758e-07, 7.378191639872966e-07, 8.679360803398595e-07, 7.032162443465495e-07, 5.890341299163993e-07, 4.4947660171601456e-07], "lowlevel.melbands128.mean": [0.0012000564020127058, 0.012345879338681698, 0.03990079089999199, 0.025037283077836037, 0.0065995207987725735, 0.005281391087919474, 0.004392246250063181, 0.0019324893364682794, 0.0005217535654082894, 0.0001545977866044268, 0.00012338794476818293, 0.00016803272592369467, 0.00013087637489661574, 0.00016302510630339384, 9.188979311147705e-05, 9.08190559130162e-05, 9.316859359387308e-05, 0.00012613256694748998, 0.000173470180016011, 0.00013202422996982932, 0.00010459990153321996, 3.8178328395588323e-05, 2.820870213326998e-05, 3.9601414755452424e-05, 5.519156184163876e-05, 9.978051821235567e-05, 4.367846850072965e-05, 3.4175805922131985e-05, 2.519051486160606e-05, 2.8916190785821527e-05, 5.578023410635069e-05, 5.354362292564474e-05, 8.119083213387057e-05, 0.00032277594436891377, 0.0002806264965329319, 0.00013902767386753112, 9.341321128886193e-05, 5.706305455532856e-05, 2.805675467243418e-05, 2.4122600734699517e-05, 2.9822524084011093e-05, 2.2074533262639306e-05, 1.9391347450437024e-05, 2.8322665457380936e-05, 2.782131741696503e-05, 3.3306128898402676e-05, 4.583718327921815e-05, 4.329491639509797e-05, 4.15665126638487e-05, 6.152570858830586e-05, 6.86767598381266e-05, 0.0001081475056707859, 0.0001612492196727544, 0.00017250458768103272, 0.0001329705846728757, 4.830573743674904e-05, 1.539072582090739e-05, 7.691100108786486e-06, 4.744324542116374e-06, 4.892209290119354e-06, 4.851890025747707e-06, 5.6936301007226575e-06, 1.2955187230545562e-05, 2.8354670575936325e-05, 1.529118890175596e-05, 1.0443506653246004e-05, 6.373727046593558e-06, 4.6684926928719506e-06, 3.235068106732797e-06, 2.093936473102076e-06, 1.2667815099121071e-06, 1.2585680906340713e-06, 1.1896784144482808e-06, 1.3133768561601755e-06, 1.1411435707486817e-06, 1.3670046428160276e-06, 1.582016466272762e-06, 1.065748051587434e-06, 1.201283339469228e-06, 1.6125597994687269e-06, 2.4847711301845266e-06, 1.6877328334885533e-06, 8.670561442158942e-07, 7.148575491555675e-07, 6.146453870314872e-07, 7.350719783971726e-07, 7.045483698675525e-07, 5.726534482164425e-07, 3.5456238833830866e-07, 3.6470859754444973e-07, 3.5142497267770523e-07, 3.580489362775552e-07, 4.3142884464941744e-07, 4.3586203446466243e-07, 4.7666210889474314e-07, 5.106487606099108e-07, 2.923570718849078e-07, 2.4273677468045207e-07, 3.354931266130734e-07, 3.52281034565749e-07, 2.8552429398587265e-07, 2.1542197714552458e-07, 1.451503521820996e-07, 1.4815478266427817e-07, 9.707137138548205e-08, 7.914293576050113e-08, 7.575258820224917e-08, 6.650526529483614e-08, 5.3902557084484215e-08, 4.5569326090344475e-08, 4.3487869305636195e-08, 5.034164374251304e-08, 5.969340577394178e-08, 5.658421287080273e-08, 4.297017852650242e-08, 4.129267239250112e-08, 2.4471670911907495e-08, 2.8251050387950727e-09, 4.842042565511573e-12, 4.633941667886443e-12, 4.533788709043529e-12, 4.4938219811996305e-12, 4.330461336743419e-12, 4.261565059171524e-12, 4.149556566412915e-12, 3.989264647785706e-12, 3.9034682604299764e-12, 3.87464236042967e-12], "lowlevel.melbands128.stdev": [0.001430282834917307, 0.006738164462149143, 0.018979337066411972, 0.012456209398806095, 0.004260642919689417, 0.006876049097627401, 0.005554926116019487, 0.0036191835533827543, 0.001084826304577291, 0.0004590374883264303, 0.00031597635825164616, 0.0005769857089035213, 0.0007764705223962665, 0.0007698052213527262, 0.0003256161871831864, 0.00022132501180749387, 0.00023075699573382735, 0.0006389488116838038, 0.0007033328874967992, 0.0004334209952503443, 0.0002627110807225108, 0.00013942485384177417, 8.787571277935058e-05, 0.00018313662440050393, 0.0002657178556546569, 0.0007382305338978767, 0.0001839775068219751, 8.105925371637568e-05, 6.421014404622838e-05, 0.00011060520046157762, 0.0002550403878558427, 0.00014755717711523175, 0.00016283024160657078, 0.000506240816321224, 0.00045984252938069403, 0.0003235762706026435, 0.0003519093443173915, 0.00024068423954304308, 0.00011312786227790639, 0.00010993359319400042, 0.00010457965254317969, 6.223429227247834e-05, 5.714804501621984e-05, 8.028927550185472e-05, 9.257267083739862e-05, 9.137728193309158e-05, 0.0001077426495612599, 8.822377276374027e-05, 9.275884804083034e-05, 0.0001150698444689624, 0.00018925408949144185, 0.00024396786466240883, 0.00031292499625124037, 0.00029298747540451586, 0.00023014150792732835, 9.669790597399697e-05, 2.6132900529773906e-05, 1.4853293578198645e-05, 8.923141649574973e-06, 8.779750714893453e-06, 8.768723091634456e-06, 1.3599382327811327e-05, 2.9232154702185653e-05, 7.773542893119156e-05, 5.60205735382624e-05, 3.798610850935802e-05, 2.142043740605004e-05, 1.9137165509164333e-05, 1.016616170090856e-05, 5.667875029757852e-06, 3.1431334264198085e-06, 2.5318906864413293e-06, 2.514554125809809e-06, 2.6306674953957554e-06, 2.2694737253914354e-06, 2.9398945571301738e-06, 3.1669078452978283e-06, 2.370733682255377e-06, 2.4408975605183514e-06, 3.233411234759842e-06, 5.0640901463339105e-06, 3.5353291423234623e-06, 1.6910444173845463e-06, 1.5078289834491443e-06, 1.512897938482638e-06, 1.6176875305973226e-06, 1.5565708508802345e-06, 1.219436285282427e-06, 7.719006021034147e-07, 7.584844183838868e-07, 8.26064535885962e-07, 8.062805818553898e-07, 9.315244824392721e-07, 9.524158599560906e-07, 1.0084305586133269e-06, 9.93460048448469e-07, 6.912242724865791e-07, 4.878765480498259e-07, 6.816877657911391e-07, 6.959433562769846e-07, 6.070929430279648e-07, 4.6524155550287105e-07, 3.336666338782379e-07, 3.4804884307959583e-07, 2.2777952324304351e-07, 1.845333628125445e-07, 1.8096169185355393e-07, 1.631551924674568e-07, 1.3118183517235593e-07, 1.1814743317017928e-07, 1.319677949140896e-07, 1.4039908080576424e-07, 1.506286650965194e-07, 1.386245003232034e-07, 1.1621562379104944e-07, 1.1590864090749164e-07, 9.470388562249354e-08, 9.391682098680576e-09, 8.045947588741775e-12, 7.770576716803479e-12, 7.569960283615451e-12, 7.394201570476433e-12, 7.244710473891525e-12, 7.115043797190079e-12, 7.010446910482582e-12, 6.924617997061677e-12, 6.86310903941223e-12, 6.825227015505586e-12], "lowlevel.mfcc.mean": [-671.0477905273438, 146.56639099121094, -4.505164623260498, 34.60346984863281, 41.646728515625, 30.356416702270508, 14.671819686889648, 25.672595977783203, 19.176416397094727, 2.86798357963562, 0.5612884163856506, 8.645805358886719, 18.296045303344727], "lowlevel.spectral_contrast_coeffs.mean": [-0.6627259254455566, -0.8043572902679443, -0.767729640007019, -0.766076922416687, -0.7570117115974426, -0.7508246302604675], "lowlevel.spectral_contrast_coeffs.stdev": [0.07658322155475616, 0.060933198779821396, 0.05943143740296364, 0.06500688195228577, 0.06360062956809998, 0.04964451491832733], "lowlevel.spectral_contrast_valleys.mean": [-6.418097972869873, -7.2526421546936035, -7.356866836547852, -7.426815509796143, -8.130151748657227, -11.089926719665527], "lowlevel.spectral_contrast_valleys.stdev": [0.7065518498420715, 0.903449296951294, 0.8832992911338806, 0.8648339509963989, 1.0310025215148926, 0.9741989970207214], "rhythm.beats_loudness_band_ratio.mean": [0.9089697003364563, 0.01953834667801857, 0.012721490114927292, 0.02437126822769642, 0.030482813715934753, 0.00908032339066267], "rhythm.beats_loudness_band_ratio.stdev": [0.07907212525606155, 0.029277700930833817, 0.02451537922024727, 0.031089026480913162, 0.0326635017991066, 0.010106964036822319], "tonal.hpcp.mean": [0.004035572521388531, 0.005377845838665962, 0.007107317913323641, 0.00896384846419096, 0.007936786860227585, 0.009802347980439663, 0.018089227378368378, 0.058986153453588486, 0.5323521494865417, 0.9277551770210266, 0.4822571575641632, 0.05190751701593399, 0.022518731653690338, 0.020976444706320763, 0.01825915090739727, 0.014690857380628586, 0.012173649854958057, 0.007963677868247032, 0.006361141800880432, 0.01735154166817665, 0.04714415967464447, 0.03700629621744156, 0.004990316927433014, 0.002234639134258032, 0.003153158351778984, 0.004732525907456875, 0.004304822999984026, 0.002456995425745845, 0.002529450925067067, 0.006844643969088793, 0.01181137003004551, 0.009321699850261211, 0.004688698332756758, 0.003094888525083661, 0.0025685655418783426, 0.0028143373783677816], "tonal.hpcp.stdev": [0.026283783838152885, 0.027788206934928894, 0.024830682203173637, 0.05645134672522545, 0.05198606848716736, 0.0542776882648468, 0.08554587513208389, 0.15647432208061218, 0.2741466462612152, 0.19968731701374054, 0.2726145088672638, 0.12642528116703033, 0.07090212404727936, 0.0674775093793869, 0.06662968546152115, 0.06602398306131363, 0.051348328590393066, 0.03271649032831192, 0.03193853422999382, 0.07809174805879593, 0.15407289564609528, 0.12296979129314423, 0.022563260048627853, 0.010488747619092464, 0.017683904618024826, 0.029024025425314903, 0.024826478213071823, 0.018801046535372734, 0.010520664043724537, 0.017728906124830246, 0.034165848046541214, 0.03236943855881691, 0.01536551769822836, 0.010897372849285603, 0.008472351357340813, 0.00940248928964138], "rhythm.beats_position": [0.54566890001297, 1.1261677742004395, 1.6834466457366943, 2.2291154861450195, 2.763174533843994, 3.2972335815429688, 3.8312923908233643, 4.3769612312316895, 4.922630310058594, 5.456689357757568, 5.990748405456543, 6.524806976318359, 7.058866024017334, 7.592925071716309, 8.126983642578125, 8.661043167114258, 9.195101737976074, 9.729161262512207, 10.263219833374023, 10.79727840423584, 11.331337928771973, 11.865396499633789, 12.411065101623535, 12.945124626159668, 13.490793228149414, 14.024852752685547, 14.558911323547363, 15.09296989440918, 15.627029418945312, 16.161088943481445, 16.695146560668945, 17.229206085205078, 17.76326560974121, 18.29732322692871, 18.831382751464844, 19.365442276000977, 19.911109924316406, 20.44516944885254, 20.9908390045166, 21.5248966217041, 22.058956146240234, 22.593015670776367, 23.1270751953125, 23.6611328125, 24.195192337036133, 24.729251861572266, 25.263309478759766, 25.7973690032959, 26.33142852783203, 26.86548614501953, 27.399545669555664, 27.933605194091797, 28.47927474975586, 29.02494239807129, 29.559001922607422, 30.093061447143555, 30.627119064331055, 31.161178588867188, 31.69523811340332, 32.22929763793945, 32.774967193603516, 33.32063293457031, 33.866302490234375, 34.4351921081543], "rhythm.bpm_histogram": [0.0, 0.0, 0.0, 0.0, 0.0, 0.0, 0.0, 0.0, 0.0, 0.0, 0.0, 0.0, 0.0, 0.0, 0.0, 0.0, 0.0, 0.0, 0.0, 0.0, 0.0, 0.0, 0.0, 0.0, 0.0, 0.0, 0.0, 0.0, 0.0, 0.0, 0.0, 0.0, 0.0, 0.0, 0.0, 0.0, 0.0, 0.0, 0.0, 0.0, 0.0, 0.0, 0.0, 0.0, 0.0, 0.0, 0.0, 0.0, 0.0, 0.0, 0.0, 0.0, 0.0, 0.0, 0.0, 0.0, 0.0, 0.0, 0.0, 0.0, 0.0, 0.0, 0.0, 0.0, 0.0, 0.0, 0.0, 0.0, 0.0, 0.0, 0.0, 0.0, 0.0, 0.0, 0.0, 0.0, 0.0, 0.0, 0.0, 0.0, 0.0, 0.0, 0.0, 0.0, 0.0, 0.0, 0.0, 0.0, 0.0, 0.0, 0.0, 0.0, 0.0, 0.0, 0.0, 0.0, 0.0, 0.0, 0.0, 0.0, 0.0, 0.0, 0.0, 0.01587301678955555, 0.0, 0.01587301678955555, 0.0, 0.0, 0.01587301678955555, 0.0, 0.190476194024086, 0.0, 0.761904776096344, 0.0, 0.0, 0.0, 0.0, 0.0, 0.0, 0.0, 0.0, 0.0, 0.0, 0.0, 0.0, 0.0, 0.0, 0.0, 0.0, 0.0, 0.0, 0.0, 0.0, 0.0, 0.0, 0.0, 0.0, 0.0, 0.0, 0.0, 0.0, 0.0, 0.0, 0.0, 0.0, 0.0, 0.0, 0.0, 0.0, 0.0, 0.0, 0.0, 0.0, 0.0, 0.0, 0.0, 0.0, 0.0, 0.0, 0.0, 0.0, 0.0, 0.0, 0.0, 0.0, 0.0, 0.0, 0.0, 0.0, 0.0, 0.0, 0.0, 0.0, 0.0, 0.0, 0.0, 0.0, 0.0, 0.0, 0.0, 0.0, 0.0, 0.0, 0.0, 0.0, 0.0, 0.0, 0.0, 0.0, 0.0, 0.0, 0.0, 0.0, 0.0, 0.0, 0.0, 0.0, 0.0, 0.0, 0.0, 0.0, 0.0, 0.0, 0.0, 0.0, 0.0, 0.0, 0.0, 0.0, 0.0, 0.0, 0.0, 0.0, 0.0, 0.0, 0.0, 0.0, 0.0, 0.0, 0.0, 0.0, 0.0, 0.0, 0.0, 0.0, 0.0, 0.0, 0.0, 0.0, 0.0, 0.0, 0.0, 0.0, 0.0, 0.0, 0.0, 0.0, 0.0, 0.0, 0.0, 0.0, 0.0, 0.0, 0.0, 0.0, 0.0, 0.0, 0.0, 0.0, 0.0], "tonal.chords_histogram": [11.228533744812012, 28.5336856842041, 31.04359245300293, 0.0, 0.0, 0.0, 0.0, 2.774108409881592, 8.586525917053223, 17.833553314208984, 0.0, 0.0, 0.0, 0.0, 0.0, 0.0, 0.0, 0.0, 0.0, 0.0, 0.0, 0.0, 0.0, 0.0], "tonal.thpcp": [1.0, 0.5198107957839966, 0.055949583649635315, 0.02427227795124054, 0.022609893232584, 0.01968100108206272, 0.01583484187722206, 0.013121618889272213, 0.008583813905715942, 0.006856487598270178, 0.018702715635299683, 0.05081530287861824, 0.03988799825310707, 0.005378915928304195, 0.0024086518678814173, 0.0033986966591328382, 0.00510105025023222, 0.004640041850507259, 0.0026483230758458376, 0.002726420760154724, 0.0073776403442025185, 0.012731128372251987, 0.01004758570343256, 0.005053809843957424, 0.003335889196023345, 0.0027685812674462795, 0.0030334913171827793, 0.004349824972450733, 0.0057966215535998344, 0.007660768926143646, 0.009661868214607239, 0.00855482928454876, 0.010565662756562233, 0.019497845321893692, 0.06357944011688232, 0.5738067030906677], "lowlevel.gfcc.cov": [[5750.10205078125, -734.1469116210938, -1075.1875, 95.87274932861328, -755.9400024414062, -238.881103515625, -188.91127014160156, 252.41783142089844, -208.5871124267578, 314.7924499511719, -52.20820236206055, 98.25047302246094, -324.01739501953125], [-734.1469116210938, 1030.3125, -294.7762451171875, -176.97618103027344, 277.8060607910156, -194.08914184570312, 67.82733154296875, -94.23641204833984, 175.77467346191406, -236.8880157470703, 164.91519165039062, -70.84943389892578, 168.5601043701172], [-1075.1875, -294.7762451171875, 1115.440185546875, 73.1474609375, -40.25788497924805, 242.20849609375, -12.115015029907227, -102.85183715820312, -131.10008239746094, 62.38593673706055, -163.76211547851562, -5.8509111404418945, 0.398832231760025], [95.87274932861328, -176.97618103027344, 73.1474609375, 241.67074584960938, -28.96635627746582, 14.823010444641113, 12.336620330810547, -34.554100036621094, -23.376096725463867, 6.408905029296875, -21.414703369140625, -35.93726348876953, -12.2339448928833], [-755.9400024414062, 277.8060607910156, -40.25788497924805, -28.96635627746582, 472.66876220703125, 87.81448364257812, 16.771080017089844, -13.927566528320312, 92.87812042236328, -133.65943908691406, 23.842496871948242, -5.9676971435546875, 78.28359985351562], [-238.881103515625, -194.08914184570312, 242.20849609375, 14.823010444641113, 87.81448364257812, 239.13856506347656, 37.91680145263672, -3.014409065246582, -42.09174346923828, -4.9562296867370605, -58.56882858276367, -4.867722511291504, -2.9052040576934814], [-188.91127014160156, 67.82733154296875, -12.115015029907227, 12.336620330810547, 16.771080017089844, 37.91680145263672, 151.03590393066406, -11.490802764892578, 6.302265167236328, -35.83885192871094, 15.568334579467773, -25.108888626098633, 10.13625431060791], [252.41783142089844, -94.23641204833984, -102.85183715820312, -34.554100036621094, -13.927566528320312, -3.014409065246582, -11.490802764892578, 124.55065155029297, 24.083721160888672, 23.901268005371094, 2.152325391769409, 10.224654197692871, -26.5041561126709], [-208.5871124267578, 175.77467346191406, -131.10008239746094, -23.376096725463867, 92.87812042236328, -42.09174346923828, 6.302265167236328, 24.083721160888672, 135.9954376220703, -20.39297866821289, 57.56685256958008, -8.625835418701172, 41.355533599853516], [314.7924499511719, -236.8880157470703, 62.38593673706055, 6.408905029296875, -133.65943908691406, -4.9562296867370605, -35.83885192871094, 23.901268005371094, -20.39297866821289, 137.77638244628906, -15.745719909667969, 21.796123504638672, -54.37752914428711], [-52.20820236206055, 164.91519165039062, -163.76211547851562, -21.414703369140625, 23.842496871948242, -58.56882858276367, 15.568334579467773, 2.152325391769409, 57.56685256958008, -15.745719909667969, 109.70923614501953, 9.389638900756836, 35.90433120727539], [98.25047302246094, -70.84943389892578, -5.8509111404418945, -35.93726348876953, -5.9676971435546875, -4.867722511291504, -25.108888626098633, 10.224654197692871, -8.625835418701172, 21.796123504638672, 9.389638900756836, 88.8506851196289, 10.937213897705078], [-324.01739501953125, 168.5601043701172, 0.398832231760025, -12.2339448928833, 78.28359985351562, -2.9052040576934814, 10.13625431060791, -26.5041561126709, 41.355533599853516, -54.37752914428711, 35.90433120727539, 10.937213897705078, 90.81925201416016]], "lowlevel.gfcc.icov": [[0.0005824336549267173, -0.001260443706996739, 0.0009279861114919186, -0.0013644215650856495, 0.0008973607909865677, -0.0013090262655168772, 0.0007193744531832635, -0.0011369199492037296, 0.0010817133588716388, -0.0015944805927574635, 0.0012474664254114032, -0.0016073776641860604, 0.0012551562394946814], [-0.001260443706996739, 0.011787920258939266, -0.0028240340761840343, 0.009950405918061733, -0.003847564337775111, 0.009975958615541458, -0.0030867529567331076, 0.007879223674535751, -0.005575018469244242, 0.012041949667036533, -0.008127354085445404, 0.011385250836610794, -0.0071522556245327], [0.0009279861114919186, -0.0028240340761840343, 0.0032264103647321463, -0.0028650129679590464, 0.0017518623499199748, -0.0040136706084012985, 0.0014816188486292958, -0.001167511218227446, 0.0024540191516280174, -0.004491150379180908, 0.004270875360816717, -0.0029923839028924704, 0.0008729627588763833], [-0.0013644215650856495, 0.009950405918061733, -0.0028650129679590464, 0.01329810731112957, -0.003444999922066927, 0.008515163324773312, -0.003029983025044203, 0.007991955615580082, -0.00471458351239562, 0.009893281385302544, -0.006771797314286232, 0.011696480214595795, -0.00628052419051528], [0.0008973607909865677, -0.003847564337775111, 0.0017518623499199748, -0.003444999922066927, 0.005999712273478508, -0.005838681478053331, 0.0024672732688486576, -0.002233529230579734, -0.0008571250946260989, -0.00042460981057956815, 0.0032479583751410246, -0.00499739870429039, 0.0030391444452106953], [-0.0013090262655168772, 0.009975958615541458, -0.0040136706084012985, 0.008515163324773312, -0.005838681478053331, 0.016065483912825584, -0.00522744283080101, 0.005103749688714743, -0.002656269585713744, 0.008909017778933048, -0.005372850224375725, 0.009983755648136139, -0.006935769226402044], [0.0007193744531832635, -0.0030867529567331076, 0.0014816188486292958, -0.003029983025044203, 0.0024672732688486576, -0.00522744283080101, 0.009403296746313572, -0.0016905496595427394, 0.0012511671520769596, -0.0008331836434081197, 0.0003501707687973976, -0.0017397780902683735, 0.003046551952138543], [-0.0011369199492037296, 0.007879223674535751, -0.001167511218227446, 0.007991955615580082, -0.002233529230579734, 0.005103749688714743, -0.0016905496595427394, 0.016458341851830482, -0.0075029414147138596, 0.007815329357981682, -0.004465316887944937, 0.006456422619521618, -0.0014343210496008396], [0.0010817133588716388, -0.005575018469244242, 0.0024540191516280174, -0.00471458351239562, -0.0008571250946260989, -0.002656269585713744, 0.0012511671520769596, -0.0075029414147138596, 0.017579587176442146, -0.010125979781150818, 0.0005785750690847635, -0.0019759670831263065, -0.0021735180635005236], [-0.0015944805927574635, 0.012041949667036533, -0.004491150379180908, 0.009893281385302544, -0.00042460981057956815, 0.008909017778933048, -0.0008331836434081197, 0.007815329357981682, -0.010125979781150818, 0.02800075337290764, -0.010438162833452225, 0.007532005198299885, 0.0009345269645564258], [0.0012474664254114032, -0.008127354085445404, 0.004270875360816717, -0.006771797314286232, 0.0032479583751410246, -0.005372850224375725, 0.0003501707687973976, -0.004465316887944937, 0.0005785750690847635, -0.010438162833452225, 0.02243977040052414, -0.00954270176589489, 5.490199328050949e-05], [-0.0016073776641860604, 0.011385250836610794, -0.0029923839028924704, 0.011696480214595795, -0.00499739870429039, 0.009983755648136139, -0.0017397780902683735, 0.006456422619521618, -0.0019759670831263065, 0.007532005198299885, -0.00954270176589489, 0.026133481413125992, -0.012536636553704739], [0.0012551562394946814, -0.0071522556245327, 0.0008729627588763833, -0.00628052419051528, 0.0030391444452106953, -0.006935769226402044, 0.003046551952138543, -0.0014343210496008396, -0.0021735180635005236, 0.0009345269645564258, 5.490199328050949e-05, -0.012536636553704739, 0.02735082618892193]], "lowlevel.mfcc.cov": [[6178.06298828125, -969.9716186523438, -855.1968994140625, 17.40355110168457, -703.71435546875, -563.6209716796875, -193.02886962890625, -178.71163940429688, -288.44451904296875, 4.132678508758545, 241.51222229003906, 39.05854415893555, -95.25680541992188], [-969.9716186523438, 1074.132568359375, -306.23297119140625, -41.35299301147461, 164.8036346435547, -31.62792205810547, -53.807064056396484, 89.93973541259766, 28.235584259033203, -56.25375747680664, -81.62859344482422, 12.336822509765625, 72.7919692993164], [-855.1968994140625, -306.23297119140625, 954.9315795898438, 4.887605667114258, -36.44475555419922, 174.34432983398438, 82.48677062988281, -96.24263000488281, 24.25722312927246, 16.5435848236084, -35.77013397216797, -37.90498733520508, -127.25977325439453], [17.40355110168457, -41.35299301147461, 4.887605667114258, 209.19586181640625, -26.226890563964844, 1.359232783317566, -20.467885971069336, -21.146148681640625, -28.412925720214844, 5.311319351196289, -0.7907745838165283, -31.65126609802246, -18.239459991455078], [-703.71435546875, 164.8036346435547, -36.44475555419922, -26.226890563964844, 353.3458251953125, 103.4021224975586, 9.853309631347656, 61.99110794067383, 80.7025375366211, -13.870378494262695, -59.568233489990234, 2.3032784461975098, 83.63143157958984], [-563.6209716796875, -31.62792205810547, 174.34432983398438, 1.359232783317566, 103.4021224975586, 231.04220581054688, 86.08257293701172, 21.837093353271484, 50.17821502685547, 4.668375492095947, -45.140174865722656, -20.781776428222656, 9.641205787658691], [-193.02886962890625, -53.807064056396484, 82.48677062988281, -20.467885971069336, 9.853309631347656, 86.08257293701172, 127.03672790527344, 42.24079513549805, 24.611562728881836, 7.6731462478637695, -6.028468132019043, -14.379560470581055, -13.69362735748291], [-178.71163940429688, 89.93973541259766, -96.24263000488281, -21.146148681640625, 61.99110794067383, 21.837093353271484, 42.24079513549805, 116.70833587646484, 49.9992561340332, -9.698443412780762, -20.830265045166016, 5.361237525939941, 41.129783630371094], [-288.44451904296875, 28.235584259033203, 24.25722312927246, -28.412925720214844, 80.7025375366211, 50.17821502685547, 24.611562728881836, 49.9992561340332, 104.16445922851562, 17.668567657470703, -16.40863037109375, 4.495005130767822, 29.06109046936035], [4.132678508758545, -56.25375747680664, 16.5435848236084, 5.311319351196289, -13.870378494262695, 4.668375492095947, 7.6731462478637695, -9.698443412780762, 17.668567657470703, 73.01986694335938, 37.66899108886719, 0.05602249875664711, -21.0023250579834], [241.51222229003906, -81.62859344482422, -35.77013397216797, -0.7907745838165283, -59.568233489990234, -45.140174865722656, -6.028468132019043, -20.830265045166016, -16.40863037109375, 37.66899108886719, 87.8331298828125, 22.460346221923828, -16.47661590576172], [39.05854415893555, 12.336822509765625, -37.90498733520508, -31.65126609802246, 2.3032784461975098, -20.781776428222656, -14.379560470581055, 5.361237525939941, 4.495005130767822, 0.05602249875664711, 22.460346221923828, 68.32176971435547, 24.275968551635742], [-95.25680541992188, 72.7919692993164, -127.25977325439453, -18.239459991455078, 83.63143157958984, 9.641205787658691, -13.69362735748291, 41.129783630371094, 29.06109046936035, -21.0023250579834, -16.47661590576172, 24.275968551635742, 112.32420349121094]], "lowlevel.mfcc.icov": [[0.0003974582941737026, 0.0004263224545866251, 0.00047443306539207697, 0.00016965206305030733, 0.0004242562281433493, 0.0003573557478375733, 0.00012824674195144325, 0.0002392008318565786, 0.00015555039863102138, 0.00030773537582717836, -4.917825208394788e-05, 7.43621785659343e-05, 0.00020135413797106594], [0.0004263224545866251, 0.001694010803475976, 0.0008389344438910484, 0.00037170754512771964, 6.008673881297e-05, 0.00046548034879378974, 0.0006950877723284066, -0.00037159069324843585, 0.00026366603560745716, 0.0005432653124444187, 0.0009564469801262021, -0.00014818234194535762, 0.0006163815269246697], [0.00047443306539207697, 0.0008389344438910484, 0.0024222845677286386, 0.00028279153048060834, 0.0005795806064270437, -0.0006045606569387019, -0.0003817637625616044, 0.002013017423450947, -0.0010186326690018177, 0.0008899692911654711, 0.0009248486603610218, -0.0003857994743157178, 0.0021346737630665302], [0.00016965206305030733, 0.00037170754512771964, 0.00028279153048060834, 0.005665931385010481, 0.0003731274919118732, -0.0006944224587641656, 0.001765830791555345, -0.0004123424005229026, 0.0015903535531833768, -0.0005914433859288692, -0.00013744496391154826, 0.0026783158537000418, 0.00017042043327819556], [0.0004242562281433493, 6.008673881297e-05, 0.0005795806064270437, 0.0003731274919118732, 0.0052007948979735374, -0.0014432620955631137, 0.0011880199890583754, -0.00015521945897489786, -0.0017048344016075134, 4.162646291661076e-05, 0.001177171478047967, 0.0003082348557654768, -0.0019537070766091347], [0.0003573557478375733, 0.00046548034879378974, -0.0006045606569387019, -0.0006944224587641656, -0.0014432620955631137, 0.009118537418544292, -0.0054167392663657665, 0.0019710019696503878, -0.0010530112776905298, -0.001211400143802166, 0.0030096550472080708, 0.0001734098041197285, -0.0014365509850904346], [0.00012824674195144325, 0.0006950877723284066, -0.0003817637625616044, 0.001765830791555345, 0.0011880199890583754, -0.0054167392663657665, 0.015080372802913189, -0.007312263362109661, 0.0011317258467897773, 0.00026104706921614707, -0.002560305641964078, 0.0023530006874352694, 0.002480818424373865], [0.0002392008318565786, -0.00037159069324843585, 0.002013017423450947, -0.0004123424005229026, -0.00015521945897489786, 0.0019710019696503878, -0.007312263362109661, 0.017319299280643463, -0.006697213277220726, 0.002206004923209548, 0.001999473664909601, -0.0009501139284111559, -0.001985622104257345], [0.00015555039863102138, 0.00026366603560745716, -0.0010186326690018177, 0.0015903535531833768, -0.0017048344016075134, -0.0010530112776905298, 0.0011317258467897773, -0.006697213277220726, 0.017654230818152428, -0.007065427955240011, 0.0021984309423714876, -0.00047230737982317805, -0.0024488940834999084], [0.00030773537582717836, 0.0005432653124444187, 0.0008899692911654711, -0.0005914433859288692, 4.162646291661076e-05, -0.001211400143802166, 0.00026104706921614707, 0.002206004923209548, -0.007065427955240011, 0.02280278503894806, -0.010858945548534393, 0.0019856265280395746, 0.004187854006886482], [-4.917825208394788e-05, 0.0009564469801262021, 0.0009248486603610218, -0.00013744496391154826, 0.001177171478047967, 0.0030096550472080708, -0.002560305641964078, 0.001999473664909601, 0.0021984309423714876, -0.010858945548534393, 0.022407960146665573, -0.007167184259742498, 0.0004216869128867984], [7.43621785659343e-05, -0.00014818234194535762, -0.0003857994743157178, 0.0026783158537000418, 0.0003082348557654768, 0.0001734098041197285, 0.0023530006874352694, -0.0009501139284111559, -0.00047230737982317805, 0.0019856265280395746, -0.007167184259742498, 0.020200364291667938, -0.004376371391117573], [0.00020135413797106594, 0.0006163815269246697, 0.0021346737630665302, 0.00017042043327819556, -0.0019537070766091347, -0.0014365509850904346, 0.002480818424373865, -0.001985622104257345, -0.0024488940834999084, 0.004187854006886482, 0.0004216869128867984, -0.004376371391117573, 0.016152093186974525]], "metadata.audio_properties.analysis.downmix": "mix", "metadata.audio_properties.codec": "mp3", "metadata.audio_properties.md5_encoded": "eceecee1833b63412712f949471571e6", "metadata.tags.file_name": "1183693825714163712.mp3", "metadata.version.essentia": "2.1-beta6-dev", "metadata.version.essentia_git_sha": "v2.1_beta5-1110-g77a6a954", "metada