{"song_id": "1183685836093538394", "download": "https://cdn.discordapp.com/attachments/1135903449314238464/1183685836093538394/chirp.mp4?ex=65893c57&amp", "lyrics": "[verse]\nImagine a world with no boundaries\nWhere love and peace are the only sounds\nIn our hearts, a united melody\nTogether we stand on sacred grounds\n\n[chorus]\nImagine, oh, let your spirit soar high\nDreams as vast as the endless sky\nImagine, let harmony prevail\nIn this vision, we shall never fail", "style": ["English Band"], "essentia_features": {"lowlevel.average_loudness": 0.9625166654586792, "lowlevel.barkbands_crest.mean": 13.305985450744629, "lowlevel.barkbands_crest.stdev": 4.895657539367676, "lowlevel.barkbands_flatness_db.mean": 0.1918582320213318, "lowlevel.barkbands_flatness_db.stdev": 0.05874762684106827, "lowlevel.barkbands_kurtosis.mean": 10.488702774047852, "lowlevel.barkbands_kurtosis.stdev": 22.832277297973633, "lowlevel.barkbands_skewness.mean": 1.887885570526123, "lowlevel.barkbands_skewness.stdev": 2.1354970932006836, "lowlevel.barkbands_spread.mean": 18.87663459777832, "lowlevel.barkbands_spread.stdev": 17.755905151367188, "lowlevel.dissonance.mean": 0.4292798638343811, "lowlevel.dissonance.stdev": 0.04178662598133087, "lowlevel.dynamic_complexity": 4.1405816078186035, "lowlevel.erbbands_crest.mean": 13.337471008300781, "lowlevel.erbbands_crest.stdev": 5.44662618637085, "lowlevel.erbbands_flatness_db.mean": 0.19607603549957275, "lowlevel.erbbands_flatness_db.stdev": 0.05677536129951477, "lowlevel.erbbands_kurtosis.mean": 2.1463584899902344, "lowlevel.erbbands_kurtosis.stdev": 5.327225208282471, "lowlevel.erbbands_skewness.mean": 0.49256110191345215, "lowlevel.erbbands_skewness.stdev": 1.0829859972000122, "lowlevel.erbbands_spread.mean": 33.754150390625, "lowlevel.erbbands_spread.stdev": 24.66103172302246, "lowlevel.hfc.mean": 19.79560089111328, "lowlevel.hfc.stdev": 21.136735916137695, "lowlevel.loudness_ebu128.integrated": -16.49207878112793, "lowlevel.loudness_ebu128.loudness_range": 3.482450485229492, "lowlevel.loudness_ebu128.momentary.mean": -17.387544631958008, "lowlevel.loudness_ebu128.momentary.stdev": 3.127389669418335, "lowlevel.loudness_ebu128.short_term.mean": -16.658123016357422, "lowlevel.loudness_ebu128.short_term.stdev": 1.395519733428955, "lowlevel.melbands_crest.mean": 17.740140914916992, "lowlevel.melbands_crest.stdev": 6.051702499389648, "lowlevel.melbands_flatness_db.mean": 0.2678481936454773, "lowlevel.melbands_flatness_db.stdev": 0.07783101499080658, "lowlevel.melbands_kurtosis.mean": 22.245182037353516, "lowlevel.melbands_kurtosis.stdev": 40.433494567871094, "lowlevel.melbands_skewness.mean": 2.885997772216797, "lowlevel.melbands_skewness.stdev": 2.561147928237915, "lowlevel.melbands_spread.mean": 23.107553482055664, "lowlevel.melbands_spread.stdev": 30.3182315826416, "lowlevel.pitch_salience.mean": 0.4294098913669586, "lowlevel.pitch_salience.stdev": 0.1536550521850586, "lowlevel.silence_rate_20dB.mean": 1.0, "lowlevel.silence_rate_20dB.stdev": 0.0, "lowlevel.silence_rate_30dB.mean": 0.9417571425437927, "lowlevel.silence_rate_30dB.stdev": 0.2342013567686081, "lowlevel.silence_rate_60dB.mean": 0.12142152339220047, "lowlevel.silence_rate_60dB.stdev": 0.3266145884990692, "lowlevel.spectral_centroid.mean": 1188.578369140625, "lowlevel.spectral_centroid.stdev": 860.2239990234375, "lowlevel.spectral_complexity.mean": 8.819348335266113, "lowlevel.spectral_complexity.stdev": 4.3587799072265625, "lowlevel.spectral_decrease.mean": -7.538612400992406e-09, "lowlevel.spectral_decrease.stdev": 9.509679266272997e-09, "lowlevel.spectral_energy.mean": 0.03024795465171337, "lowlevel.spectral_energy.stdev": 0.03697234392166138, "lowlevel.spectral_energyband_high.mean": 0.0004676754178944975, "lowlevel.spectral_energyband_high.stdev": 0.001015940448269248, "lowlevel.spectral_energyband_low.mean": 0.015704354271292686, "lowlevel.spectral_energyband_low.stdev": 0.031090838834643364, "lowlevel.spectral_energyband_middle_high.mean": 0.0082742590457201, "lowlevel.spectral_energyband_middle_high.stdev": 0.01378079503774643, "lowlevel.spectral_energyband_middle_low.mean": 0.006575046107172966, "lowlevel.spectral_energyband_middle_low.stdev": 0.007877659052610397, "lowlevel.spectral_entropy.mean": 6.971818923950195, "lowlevel.spectral_entropy.stdev": 0.5863543748855591, "lowlevel.spectral_flux.mean": 0.0810137614607811, "lowlevel.spectral_flux.stdev": 0.06494494527578354, "lowlevel.spectral_kurtosis.mean": 6.290252685546875, "lowlevel.spectral_kurtosis.stdev": 3.718717098236084, "lowlevel.spectral_rms.mean": 0.004605241119861603, "lowlevel.spectral_rms.stdev": 0.002881318796426058, "lowlevel.spectral_rolloff.mean": 1724.423828125, "lowlevel.spectral_rolloff.stdev": 2513.7451171875, "lowlevel.spectral_skewness.mean": 1.9728739261627197, "lowlevel.spectral_skewness.stdev": 0.681330144405365, "lowlevel.spectral_spread.mean": 5282929.0, "lowlevel.spectral_spread.stdev": 2721607.0, "lowlevel.spectral_strongpeak.mean": 1.4937872886657715, "lowlevel.spectral_strongpeak.stdev": 1.9138461351394653, "lowlevel.zerocrossingrate.mean": 0.06457748264074326, "lowlevel.zerocrossingrate.stdev": 0.06926561892032623, "metadata.audio_properties.analysis.equal_loudness": 0.0, "metadata.audio_properties.analysis.length": 23.48798179626465, "metadata.audio_properties.analysis.sample_rate": 44100.0, "metadata.audio_properties.analysis.start_time": 0.0, "metadata.audio_properties.bit_rate": 122824.0, "metadata.audio_properties.length": 23.488000869750977, "metadata.audio_properties.lossless": 0.0, "metadata.audio_properties.number_channels": 1.0, "metadata.audio_properties.replay_gain": -10.365118026733398, "metadata.audio_properties.sample_rate": 48000.0, "rhythm.beats_count": 37.0, "rhythm.beats_loudness.mean": 0.023135900497436523, "rhythm.beats_loudness.stdev": 0.012223741039633751, "rhythm.bpm": 95.61751556396484, "rhythm.bpm_histogram_first_peak_bpm": 96.0, "rhythm.bpm_histogram_first_peak_weight": 0.305555522441864, "rhythm.bpm_histogram_second_peak_bpm": 0.0, "rhythm.bpm_histogram_second_peak_spread": 0.0, "rhythm.bpm_histogram_second_peak_weight": 0.0, "rhythm.danceability": 1.5479481220245361, "rhythm.onset_rate": 4.763888835906982, "tonal.chords_changes_rate": 0.0374753437936306, "tonal.chords_number_rate": 0.00788954645395279, "tonal.chords_strength.mean": 0.5719642639160156, "tonal.chords_strength.stdev": 0.06124148145318031, "tonal.hpcp_crest.mean": 19.171127319335938, "tonal.hpcp_crest.stdev": 8.281444549560547, "tonal.hpcp_entropy.mean": 1.3187105655670166, "tonal.hpcp_entropy.stdev": 0.6630300283432007, "tonal.key_edma.strength": 0.8474962115287781, "tonal.key_krumhansl.strength": 0.8411192893981934, "tonal.key_temperley.strength": 0.825801432132721, "tonal.tuning_diatonic_strength": 0.6929442882537842, "tonal.tuning_equal_tempered_deviation": 0.04717552289366722, "tonal.tuning_frequency": 438.7310485839844, "tonal.tuning_nontempered_energy_ratio": 0.6571152210235596, "lowlevel.barkbands.mean": [3.645457036327571e-05, 0.009533681906759739, 0.005509470589458942, 0.0008758401963859797, 0.0006863040616735816, 0.0009547430090606213, 0.0017931893235072494, 0.0013377544237300754, 0.0006287770229391754, 0.0013967398554086685, 0.0028360190335661173, 0.0006661427323706448, 0.0005543880397453904, 0.00039909881888888776, 0.0013017941964790225, 0.0005581815494224429, 0.00024938516435213387, 0.0001959240180440247, 0.0002457250375300646, 6.148349348222837e-05, 8.307099778903648e-05, 1.2639683518500533e-05, 4.1790139221120626e-05, 0.00010511175059946254, 0.0001276732364203781, 5.070848419563845e-05, 5.8936316236213315e-06], "lowlevel.barkbands.stdev": [0.00012122404586989433, 0.023214630782604218, 0.010069231502711773, 0.003109290497377515, 0.00131005491130054, 0.0020798849873244762, 0.003941813483834267, 0.0041060070507228374, 0.0017058351077139378, 0.006116540636867285, 0.007838903926312923, 0.0032644339371472597, 0.0024513048119843006, 0.0015603693900629878, 0.0032617272809147835, 0.0017487250734120607, 0.0008274807478301227, 0.0005389232537709177, 0.0004903092049062252, 0.00012397408136166632, 0.00014343336806632578, 5.3381812904262915e-05, 0.0001847072853706777, 0.0002508258621674031, 0.00045799638610333204, 0.0001782264153007418, 2.079957994283177e-05], "lowlevel.erbbands.mean": [0.07566297054290771, 2.7330007553100586, 7.673968315124512, 4.189363479614258, 1.524368166923523, 2.757350206375122, 6.188590049743652, 8.190953254699707, 16.89051628112793, 36.46608352661133, 20.783458709716797, 18.07320785522461, 27.211469650268555, 92.29106903076172, 83.00139617919922, 30.708433151245117, 24.650096893310547, 27.666851043701172, 48.407440185546875, 51.642765045166016, 27.253860473632812, 10.973204612731934, 9.347748756408691, 18.938154220581055, 5.095699787139893, 2.7939178943634033, 5.186191558837891, 1.2169114351272583, 0.38487860560417175, 1.3682326078414917, 0.9082754254341125, 0.5562669634819031, 2.634077548980713, 2.3282418251037598, 0.4209761619567871, 0.0718986988067627, 0.1277870237827301, 0.033445533365011215, 0.000717283459380269, 5.395195694291033e-05], "lowlevel.erbbands.stdev": [0.19883041083812714, 6.495885372161865, 14.468877792358398, 10.887843132019043, 3.9270994663238525, 6.068264961242676, 12.572171211242676, 20.372615814208984, 36.01372528076172, 80.77879333496094, 59.42166519165039, 45.928306579589844, 123.48790740966797, 262.30487060546875, 271.7231140136719, 141.43856811523438, 84.1025161743164, 93.1648941040039, 114.86465454101562, 130.9266357421875, 74.72380828857422, 33.09046936035156, 28.70854949951172, 37.033206939697266, 9.756122589111328, 4.8267340660095215, 8.773224830627441, 2.389559030532837, 1.4417566061019897, 6.5365519523620605, 3.6232032775878906, 1.8655678033828735, 6.489854335784912, 7.311304569244385, 1.932498574256897, 0.43036654591560364, 0.42684513330459595, 0.10885918885469437, 0.002297058468684554, 7.186783477663994e-05], "lowlevel.gfcc.mean": [-52.511234283447266, 75.42103576660156, -103.54995727539062, 0.9117975234985352, -47.82392501831055, 13.413470268249512, -38.7760124206543, 15.547316551208496, -27.941068649291992, 12.208133697509766, -10.605901718139648, -12.536480903625488, -9.44371223449707], "lowlevel.melbands.mean": [0.0016581292729824781, 0.003964465111494064, 0.0006546953809447587, 0.00013073862646706402, 0.00020317695452831686, 0.00017620454309508204, 0.0003058019501622766, 0.00039519675192423165, 0.00014118959370534867, 0.00011210836964892223, 0.00012903500464744866, 0.00035377073800191283, 0.0003101280890405178, 0.00011953369539696723, 3.823068618657999e-05, 6.678709178231657e-05, 4.754153997055255e-05, 6.023338937666267e-05, 0.00010555903281783685, 4.9593858420848846e-05, 2.7774874979513697e-05, 1.2848477126681246e-05, 7.997514330781996e-06, 8.313924809044693e-06, 1.7236372514162213e-05, 4.928492671751883e-06, 1.7956307374333846e-06, 1.7969435930353939e-06, 3.5569014471548144e-06, 2.1393257156887557e-06, 2.5792436986193934e-07, 1.6073006747774343e-07, 3.1352738005807623e-07, 1.0086739621328888e-06, 5.788584189758694e-07, 3.086223330228677e-07, 2.9835297254976467e-07, 1.3573620663009933e-06, 3.089497567998478e-06, 1.5755888398416573e-06], "lowlevel.melbands.stdev": [0.004114299081265926, 0.007920200005173683, 0.001588306506164372, 0.00028137536719441414, 0.00036590639501810074, 0.0004300086584407836, 0.0006602352950721979, 0.0009272527531720698, 0.00041573887574486434, 0.000305517838569358, 0.0006522591575048864, 0.001075398875400424, 0.0009340012329630554, 0.00047807040391489863, 0.00015731823805253953, 0.00030571402749046683, 0.00018645300588104874, 0.00016145725385285914, 0.0003064631891902536, 0.00015563421766273677, 8.842028182698414e-05, 4.481937503442168e-05, 2.6928853912977502e-05, 2.1982934413244948e-05, 3.473103788564913e-05, 1.0917826330114622e-05, 3.8154485082486644e-06, 3.5082273370790062e-06, 6.752177796442993e-06, 4.0325166992261074e-06, 6.349316095111135e-07, 7.110488695616368e-07, 1.3550222774938447e-06, 5.035922185925301e-06, 2.434357156744227e-06, 1.1571535196708282e-06, 1.0846415534615517e-06, 3.85330986318877e-06, 7.532894869655138e-06, 5.813864390802337e-06], "lowlevel.melbands128.mean": [2.1333222321118228e-05, 8.999402780318633e-05, 0.0016437630401924253, 0.005875247530639172, 0.005040339194238186, 0.0022205254063010216, 0.0008550884085707366, 0.00032118349918164313, 9.8633739980869e-05, 0.00010186325380345806, 0.00016306238831020892, 0.0001780588791007176, 0.00022501478088088334, 0.00021469937928486615, 0.00022299967531580478, 0.0001210319169331342, 0.00010893338185269386, 0.0003479120787233114, 0.0005760208587162197, 0.00038317704456858337, 0.0003790608316194266, 0.00019067985704168677, 0.00013099289208184928, 4.0664330299478024e-05, 0.00012955066631548107, 0.00013421065523289144, 7.593636837555096e-05, 0.00014063446724321693, 0.00013644361752085388, 0.00025732460198923945, 0.00050987588474527, 0.000428202620241791, 0.0002243896306026727, 0.00036344461841508746, 7.609648309880868e-05, 9.618045442039147e-05, 8.27359181130305e-05, 1.680916830082424e-05, 2.0735706129926257e-05, 5.963527655694634e-05, 0.00010416891018394381, 3.175795791321434e-05, 5.594922913587652e-05, 5.357159170671366e-05, 1.4061410183785483e-05, 6.224428943824023e-05, 0.00010742022277554497, 0.0001482752850279212, 8.602371963206679e-05, 2.8523076252895407e-05, 7.135950727388263e-05, 3.54914263880346e-05, 2.2717447791364975e-05, 3.0226976377889514e-05, 2.6935102141578682e-05, 6.1972586991032586e-06, 5.646165845973883e-06, 7.237737463583471e-06, 9.456001862417907e-06, 9.25967196963029e-06, 4.190907930023968e-06, 8.285079275083262e-06, 2.2873364287079312e-05, 2.09586232813308e-05, 8.956891178968363e-06, 3.1027575460029766e-06, 3.207505642421893e-06, 1.9876713395206025e-06, 1.6254525689873844e-06, 1.1890864470842644e-06, 1.192416902995319e-06, 2.4525236312911147e-06, 3.204966333214543e-06, 4.006255949207116e-06, 3.7159566090849694e-06, 2.6993718620360596e-06, 1.3443909665511455e-06, 2.192233665709864e-07, 2.0573529013745429e-07, 1.1467370342188588e-07, 1.7253080386581132e-07, 1.686189250449388e-07, 1.6915694800445635e-07, 2.606666669180413e-07, 4.53398513400316e-07, 9.189589604829962e-07, 1.3779171013084124e-06, 8.602630714449333e-07, 5.111859877615643e-07, 3.666288534986961e-07, 3.819800440396648e-07, 2.859033259028365e-07, 2.055188019767229e-07, 1.0529795702041156e-07, 4.0985830196405004e-07, 1.0278922673023771e-06, 1.1444295751061873e-06, 2.1508694771910086e-06, 4.237125267536612e-06, 2.834160795828211e-06, 2.2972294573264662e-06, 1.29550915062282e-06, 7.885314516897779e-07, 7.247554094647057e-07, 3.975979723236378e-07, 2.0726868399378873e-07, 9.656368860078146e-08, 9.326199545967029e-08, 9.510443987892359e-08, 5.8547570347400324e-08, 1.396135331788173e-07, 2.263572156380178e-07, 5.730512384616304e-07, 6.196288495630142e-07, 4.853059181186836e-07, 4.1409381879020657e-07, 2.3046935382353695e-07, 3.452188224173369e-08, 6.554063403108046e-10, 8.172277958518048e-12, 5.016997234319476e-12, 3.536106303603237e-12, 2.873452560961387e-12, 2.807417276082247e-12, 2.7156952901730147e-12, 2.6017692774521484e-12, 2.5356149471744693e-12, 2.51411174864713e-12], "lowlevel.melbands128.stdev": [8.633606921648607e-05, 0.000442620599642396, 0.004395537544041872, 0.014151012524962425, 0.0103007135912776, 0.004232032690197229, 0.00260294321924448, 0.001076056039892137, 0.000295181293040514, 0.00030626056832261384, 0.0004258999542798847, 0.00040477936272509396, 0.0005849555600434542, 0.0005424708942882717, 0.0006868100608699024, 0.0005221302853897214, 0.0004758122668135911, 0.0008939761319197714, 0.001464274013414979, 0.0010535455076023936, 0.0014982386492192745, 0.0007572767208330333, 0.0005198796279728413, 0.00014729786198586226, 0.0004365067579783499, 0.00042351579759269953, 0.000542408088222146, 0.0009744607959873974, 0.0010136815253645182, 0.001601798110641539, 0.0015626790700480342, 0.0016892246203497052, 0.001117434585466981, 0.0016498519107699394, 0.0004563109832815826, 0.0007233879878185689, 0.0005481087719090283, 9.60497054620646e-05, 8.961410640040413e-05, 0.0002169207582483068, 0.000669468252453953, 0.00018093068501912057, 0.00028439349262043834, 0.00027300362125970423, 7.26608486729674e-05, 0.0002379940269747749, 0.0003870812652166933, 0.0005476163350977004, 0.00036753102904185653, 0.000143725672387518, 0.00029364845249801874, 0.00013756539556197822, 0.00015778162924107164, 0.0001349485683022067, 0.00011889867892023176, 3.968671808252111e-05, 4.416095180204138e-05, 3.192513759131543e-05, 4.2185412894468755e-05, 4.821436959900893e-05, 2.3551032427349128e-05, 3.15466859319713e-05, 6.703022518195212e-05, 5.6343935284530744e-05, 2.965795465570409e-05, 1.0272600775351748e-05, 1.2734791198454332e-05, 6.067792583053233e-06, 4.4028643060300965e-06, 2.974223434648593e-06, 2.8268088954064297e-06, 5.981848516967148e-06, 1.0072652003145777e-05, 9.942561518982984e-06, 7.406183158309432e-06, 5.642155883833766e-06, 4.725292001239723e-06, 5.131807370162278e-07, 6.933586291779648e-07, 3.8954237879806897e-07, 1.0254972266920959e-06, 7.155424555094214e-07, 6.976899840083206e-07, 1.3022269058637903e-06, 2.1208841189945815e-06, 5.21516039952985e-06, 7.231236850202549e-06, 4.1010875975189265e-06, 2.360055759709212e-06, 1.3741642987952218e-06, 1.4396420056073111e-06, 1.29033821849589e-06, 9.826433142734459e-07, 5.347547471501457e-07, 1.4344906276164693e-06, 4.301337867218535e-06, 3.927030775230378e-06, 5.633150976791512e-06, 9.307658729085233e-06, 8.70540679898113e-06, 8.768713087192737e-06, 5.39849770575529e-06, 3.7952183902234538e-06, 3.792984443862224e-06, 2.0927054720232263e-06, 1.4453864878305467e-06, 6.232739337974635e-07, 6.871280788800505e-07, 8.590292281951406e-07, 6.275328132687719e-07, 8.74819534146809e-07, 9.663765467848862e-07, 1.994643753278069e-06, 2.1000971628382104e-06, 1.5435173281730385e-06, 1.5217506188491825e-06, 8.137645295391849e-07, 1.8813985036558734e-07, 8.573834975322825e-09, 1.1460070392654842e-10, 4.531450908951129e-11, 1.4264315423284657e-11, 5.329520678942767e-12, 5.226562672239199e-12, 5.143394824630443e-12, 5.075982169311377e-12, 5.0274151161544545e-12, 4.997888821550722e-12], "lowlevel.mfcc.mean": [-716.1846923828125, 126.64639282226562, 3.365165948867798, 0.32031938433647156, 16.546077728271484, -11.192766189575195, 17.866296768188477, -16.903278350830078, 6.206915855407715, 5.149035453796387, 0.36500224471092224, 2.1868865489959717, 2.6698532104492188], "lowlevel.spectral_contrast_coeffs.mean": [-0.6504170894622803, -0.6713814735412598, -0.6913493871688843, -0.7216118574142456, -0.7685934901237488, -0.7446237206459045], "lowlevel.spectral_contrast_coeffs.stdev": [0.08493439853191376, 0.09177189320325851, 0.10638438165187836, 0.08149386197328568, 0.06632953882217407, 0.05456709489226341], "lowlevel.spectral_contrast_valleys.mean": [-7.927563190460205, -7.689267158508301, -8.44775104522705, -8.606070518493652, -8.653244018554688, -11.543231964111328], "lowlevel.spectral_contrast_valleys.stdev": [1.0411555767059326, 0.7059124112129211, 0.7455983757972717, 0.7648193836212158, 0.8593157529830933, 0.9306697845458984], "rhythm.beats_loudness_band_ratio.mean": [0.3315924406051636, 0.15006642043590546, 0.19213952124118805, 0.1785162091255188, 0.11907001584768295, 0.04052334278821945], "rhythm.beats_loudness_band_ratio.stdev": [0.22715125977993011, 0.15630494058132172, 0.17067664861679077, 0.1972590684890747, 0.11618420481681824, 0.07485369592905045], "tonal.hpcp.mean": [0.09728334099054337, 0.08621900528669357, 0.1427336186170578, 0.2911319136619568, 0.22313831746578217, 0.053692061454057693, 0.02962464839220047, 0.0368790477514267, 0.08503689616918564, 0.14790505170822144, 0.10456329584121704, 0.03543420508503914, 0.032106608152389526, 0.03548768535256386, 0.07674020528793335, 0.14905111491680145, 0.1204797625541687, 0.04461377114057541, 0.023263344541192055, 0.014491386711597443, 0.01996314339339733, 0.02948910742998123, 0.03750244155526161, 0.2500635087490082, 0.4515804946422577, 0.2427404820919037, 0.023396117612719536, 0.008345942944288254, 0.012688898481428623, 0.034121423959732056, 0.051190853118896484, 0.04073755070567131, 0.029673049226403236, 0.03373221307992935, 0.03256830945611, 0.05939764529466629], "tonal.hpcp.stdev": [0.2164505571126938, 0.20220811665058136, 0.24227553606033325, 0.3951602876186371, 0.3312872648239136, 0.15655389428138733, 0.11797010153532028, 0.14653287827968597, 0.18752793967723846, 0.2741487920284271, 0.2143459916114807, 0.13455405831336975, 0.1320943534374237, 0.13104209303855896, 0.19409409165382385, 0.2978755831718445, 0.25969910621643066, 0.14743229746818542, 0.10291221737861633, 0.075563445687294, 0.09729467332363129, 0.13367140293121338, 0.12169548124074936, 0.2842111587524414, 0.435355544090271, 0.2723785638809204, 0.09052539616823196, 0.035896092653274536, 0.04967590793967247, 0.12466339766979218, 0.15454021096229553, 0.1298825442790985, 0.10775014758110046, 0.13416890799999237, 0.13183631002902985, 0.15237519145011902], "rhythm.beats_position": [0.6269387602806091, 1.265487551689148, 1.904036283493042, 2.5425848960876465, 3.1579136848449707, 3.7848525047302246, 4.4117913246154785, 5.038730144500732, 5.665668964385986, 6.29260778427124, 6.919546127319336, 7.54648494720459, 8.185033798217773, 8.811972618103027, 9.427301406860352, 10.054240226745605, 10.68117904663086, 11.308117866516113, 11.935056686401367, 12.561995506286621, 13.188934326171875, 13.827483177185059, 14.466031074523926, 15.09296989440918, 15.719908714294434, 16.346847534179688, 16.973787307739258, 17.577505111694336, 18.204444885253906, 18.831382751464844, 19.458322525024414, 20.08526039123535, 20.72380828857422, 21.33913803100586, 21.966075897216797, 22.593015670776367, 23.219953536987305], "rhythm.bpm_histogram": [0.0, 0.0, 0.0, 0.0, 0.0, 0.0, 0.0, 0.0, 0.0, 0.0, 0.0, 0.0, 0.0, 0.0, 0.0, 0.0, 0.0, 0.0, 0.0, 0.0, 0.0, 0.0, 0.0, 0.0, 0.0, 0.0, 0.0, 0.0, 0.0, 0.0, 0.0, 0.0, 0.0, 0.0, 0.0, 0.0, 0.0, 0.0, 0.0, 0.0, 0.0, 0.0, 0.0, 0.0, 0.0, 0.0, 0.0, 0.0, 0.0, 0.0, 0.0, 0.0, 0.0, 0.0, 0.0, 0.0, 0.0, 0.0, 0.0, 0.0, 0.0, 0.0, 0.0, 0.0, 0.0, 0.0, 0.0, 0.0, 0.0, 0.0, 0.0, 0.0, 0.0, 0.0, 0.0, 0.0, 0.0, 0.0, 0.0, 0.0, 0.0, 0.0, 0.0, 0.0, 0.0, 0.0, 0.0, 0.0, 0.0, 0.0, 0.0, 0.0, 0.0, 0.0, 0.1944444477558136, 0.0, 0.6944444179534912, 0.0, 0.0833333358168602, 0.02777777798473835, 0.0, 0.0, 0.0, 0.0, 0.0, 0.0, 0.0, 0.0, 0.0, 0.0, 0.0, 0.0, 0.0, 0.0, 0.0, 0.0, 0.0, 0.0, 0.0, 0.0, 0.0, 0.0, 0.0, 0.0, 0.0, 0.0, 0.0, 0.0, 0.0, 0.0, 0.0, 0.0, 0.0, 0.0, 0.0, 0.0, 0.0, 0.0, 0.0, 0.0, 0.0, 0.0, 0.0, 0.0, 0.0, 0.0, 0.0, 0.0, 0.0, 0.0, 0.0, 0.0, 0.0, 0.0, 0.0, 0.0, 0.0, 0.0, 0.0, 0.0, 0.0, 0.0, 0.0, 0.0, 0.0, 0.0, 0.0, 0.0, 0.0, 0.0, 0.0, 0.0, 0.0, 0.0, 0.0, 0.0, 0.0, 0.0, 0.0, 0.0, 0.0, 0.0, 0.0, 0.0, 0.0, 0.0, 0.0, 0.0, 0.0, 0.0, 0.0, 0.0, 0.0, 0.0, 0.0, 0.0, 0.0, 0.0, 0.0, 0.0, 0.0, 0.0, 0.0, 0.0, 0.0, 0.0, 0.0, 0.0, 0.0, 0.0, 0.0, 0.0, 0.0, 0.0, 0.0, 0.0, 0.0, 0.0, 0.0, 0.0, 0.0, 0.0, 0.0, 0.0, 0.0, 0.0, 0.0, 0.0, 0.0, 0.0, 0.0, 0.0, 0.0, 0.0, 0.0, 0.0, 0.0, 0.0, 0.0, 0.0, 0.0, 0.0, 0.0, 0.0, 0.0, 0.0, 0.0, 0.0, 0.0, 0.0], "tonal.chords_histogram": [78.69822692871094, 1.9723865985870361, 6.508875846862793, 0.0, 0.0, 0.0, 0.0, 0.0, 0.0, 0.0, 0.0, 0.0, 0.0, 0.0, 0.0, 0.0, 0.0, 12.820512771606445, 0.0, 0.0, 0.0, 0.0, 0.0, 0.0], "tonal.thpcp": [1.0, 0.5375353693962097, 0.0518094077706337, 0.018481628969311714, 0.02809886261820793, 0.07556000351905823, 0.11335930973291397, 0.09021104872226715, 0.06570932269096375, 0.07469812035560608, 0.07212071865797043, 0.13153280317783356, 0.21542857587337494, 0.19092720746994019, 0.3160756826400757, 0.644695520401001, 0.49412745237350464, 0.11889809370040894, 0.065602146089077, 0.08166661113500595, 0.18830949068069458, 0.32752755284309387, 0.23154963552951813, 0.07846708595752716, 0.07109830528497696, 0.07858551293611526, 0.16993694007396698, 0.33006542921066284, 0.2667957544326782, 0.09879472851753235, 0.05151538923382759, 0.03209037333726883, 0.04420727491378784, 0.06530199199914932, 0.08304707705974579, 0.5537517666816711], "lowlevel.gfcc.cov": [[5702.9453125, 265.825439453125, -803.6605224609375, 129.94544982910156, 903.926513671875, 149.52536010742188, 313.24029541015625, 766.9400024414062, -10.458173751831055, -100.01945495605469, 101.2909927368164, -211.09140014648438, 122.92644500732422], [265.825439453125, 1752.63232421875, 198.7062225341797, 338.6588439941406, 532.4887084960938, 65.13351440429688, 311.2765197753906, 18.446369171142578, 28.45805549621582, -16.071395874023438, 72.97779846191406, -138.23263549804688, 108.50666809082031], [-803.6605224609375, 198.7062225341797, 1529.184326171875, 478.5240783691406, -71.811767578125, 435.0318908691406, 182.7420196533203, -234.8528594970703, 175.62083435058594, 48.49721908569336, -98.14541625976562, 91.48568725585938, -262.3680419921875], [129.94544982910156, 338.6588439941406, 478.5240783691406, 734.1344604492188, 282.634765625, 71.26823425292969, 164.20631408691406, 80.00408935546875, 162.2290496826172, -27.46045684814453, -5.572843074798584, 80.92696380615234, -9.186480522155762], [903.926513671875, 532.4887084960938, -71.811767578125, 282.634765625, 704.407470703125, 194.62428283691406, 224.11087036132812, 312.07366943359375, 85.30988311767578, 12.414058685302734, 83.31714630126953, -33.88166046142578, 86.00789642333984], [149.52536010742188, 65.13351440429688, 435.0318908691406, 71.26823425292969, 194.62428283691406, 560.8831176757812, 263.719482421875, -14.903288841247559, 44.168270111083984, 55.56486892700195, 13.861693382263184, -43.57912826538086, -118.48805236816406], [313.24029541015625, 311.2765197753906, 182.7420196533203, 164.20631408691406, 224.11087036132812, 263.719482421875, 334.2691955566406, 80.06073760986328, 36.37537384033203, 38.0338134765625, 57.31421661376953, -18.398754119873047, -26.63780403137207], [766.9400024414062, 18.446369171142578, -234.8528594970703, 80.00408935546875, 312.07366943359375, -14.903288841247559, 80.06073760986328, 370.2041931152344, 76.8701400756836, 5.069156646728516, 67.15624237060547, 7.318446636199951, 84.31038665771484], [-10.458173751831055, 28.45805549621582, 175.62083435058594, 162.2290496826172, 85.30988311767578, 44.168270111083984, 36.37537384033203, 76.8701400756836, 213.1183319091797, 71.36373138427734, 2.3950552940368652, 34.57669448852539, -30.043550491333008], [-100.01945495605469, -16.071395874023438, 48.49721908569336, -27.46045684814453, 12.414058685302734, 55.56486892700195, 38.0338134765625, 5.069156646728516, 71.36373138427734, 156.69996643066406, 54.32871627807617, 2.9424586296081543, -26.218053817749023], [101.2909927368164, 72.97779846191406, -98.14541625976562, -5.572843074798584, 83.31714630126953, 13.861693382263184, 57.31421661376953, 67.15624237060547, 2.3950552940368652, 54.32871627807617, 157.92616271972656, 27.43495750427246, 24.99492645263672], [-211.09140014648438, -138.23263549804688, 91.48568725585938, 80.92696380615234, -33.88166046142578, -43.57912826538086, -18.398754119873047, 7.318446636199951, 34.57669448852539, 2.9424586296081543, 27.43495750427246, 151.4310760498047, 21.558496475219727], [122.92644500732422, 108.50666809082031, -262.3680419921875, -9.186480522155762, 86.00789642333984, -118.48805236816406, -26.63780403137207, 84.31038665771484, -30.043550491333008, -26.218053817749023, 24.99492645263672, 21.558496475219727, 212.2145233154297]], "lowlevel.gfcc.icov": [[0.00029236782575026155, 4.3850584916071966e-05, 9.455149847781286e-05, -5.2937306463718414e-05, -0.00015666289255023003, -2.5242501578759402e-05, -0.00011635482223937288, -0.0004552775644697249, 0.00013598345685750246, 0.000160669645993039, 3.392477810848504e-05, 0.0003239521465729922, 0.0001406957017024979], [4.3850584916071966e-05, 0.0016422847984358668, -0.0007234030053950846, 0.0003475566045381129, -0.0018196473829448223, 0.0017551861237734556, -0.0017570299096405506, 0.001757499179802835, -0.0005771471769548953, 0.0007635010406374931, -0.0009758283849805593, 0.0020510160829871893, -0.0010265487944707274], [9.455149847781286e-05, -0.0007234030053950846, 0.002173979999497533, -0.0012797274393960834, 0.001219856203533709, -0.0020563038997352123, 0.0007834788993932307, -0.00025510916020721197, -0.00017128893523477018, -0.0005210593226365745, 0.0011954650981351733, -0.0017434590263292193, 0.001452351687476039], [-5.2937306463718414e-05, 0.0003475566045381129, -0.0012797274393960834, 0.003374269464984536, -0.001891333027742803, 0.0019078098703175783, -0.0017406136030331254, 0.0011002975516021252, -0.0018581704935058951, 0.0017211738741025329, -0.0002357429766561836, -0.00043705268763005733, -0.00038528346340171993], [-0.00015666289255023003, -0.0018196473829448223, 0.001219856203533709, -0.001891333027742803, 0.005945887416601181, -0.003524582367390394, 0.0017843402456492186, -0.004121473059058189, 0.0006919712759554386, -0.0009634930756874382, 0.0004244722076691687, -0.001085577066987753, -2.968535955005791e-05], [-2.5242501578759402e-05, 0.0017551861237734556, -0.0020563038997352123, 0.0019078098703175783, -0.003524582367390394, 0.006619252730160952, -0.004657625220716, 0.002785689430311322, -0.0008249289821833372, 0.0007274766685441136, -0.000888175331056118, 0.0025536660104990005, -9.132303966907784e-05], [-0.00011635482223937288, -0.0017570299096405506, 0.0007834788993932307, -0.0017406136030331254, 0.0017843402456492186, -0.004657625220716, 0.008365827612578869, -0.0027085086330771446, 0.0016321756411343813, -0.0016460107872262597, -0.000445862184278667, -0.0014900837559252977, 0.0008931250777095556], [-0.0004552775644697249, 0.001757499179802835, -0.00025510916020721197, 0.0011002975516021252, -0.004121473059058189, 0.002785689430311322, -0.0027085086330771446, 0.008730001747608185, -0.003486767876893282, 0.0018444714369252324, -0.0019387908978387713, 0.0010072024306282401, -0.0016249503241851926], [0.00013598345685750246, -0.0005771471769548953, -0.00017128893523477018, -0.0018581704935058951, 0.0006919712759554386, -0.0008249289821833372, 0.0016321756411343813, -0.003486767876893282, 0.00932597927749157, -0.005066245328634977, 0.0022675928194075823, -0.0015922756865620613, 0.0013622717233374715], [0.000160669645993039, 0.0007635010406374931, -0.0005210593226365745, 0.0017211738741025329, -0.0009634930756874382, 0.0007274766685441136, -0.0016460107872262597, 0.0018444714369252324, -0.005066245328634977, 0.010956620797514915, -0.004431457724422216, 0.0017986499005928636, -0.00022025415091775358], [3.392477810848504e-05, -0.0009758283849805593, 0.0011954650981351733, -0.0002357429766561836, 0.0004244722076691687, -0.000888175331056118, -0.000445862184278667, -0.0019387908978387713, 0.0022675928194075823, -0.004431457724422216, 0.010371604934334755, -0.00400712713599205, 0.0009524776833131909], [0.0003239521465729922, 0.0020510160829871893, -0.0017434590263292193, -0.00043705268763005733, -0.001085577066987753, 0.0025536660104990005, -0.0014900837559252977, 0.0010072024306282401, -0.0015922756865620613, 0.0017986499005928636, -0.00400712713599205, 0.01194075122475624, -0.0028764500748366117], [0.0001406957017024979, -0.0010265487944707274, 0.001452351687476039, -0.00038528346340171993, -2.968535955005791e-05, -9.132303966907784e-05, 0.0008931250777095556, -0.0016249503241851926, 0.0013622717233374715, -0.00022025415091775358, 0.0009524776833131909, -0.0028764500748366117, 0.007998908869922161]], "lowlevel.mfcc.cov": [[5372.57421875, 165.8215789794922, -1163.1929931640625, 314.86944580078125, 518.5789794921875, -447.7667541503906, 588.13525390625, 192.6896514892578, 450.19158935546875, 115.97077941894531, 8.822916984558105, -18.959945678710938, 350.776611328125], [165.8215789794922, 1415.9100341796875, -92.97380065917969, 237.0896453857422, 219.75621032714844, 146.27264404296875, 320.8194274902344, 9.242376327514648, 117.34941864013672, 108.40126037597656, 23.703947067260742, 53.34186553955078, -57.91611862182617], [-1163.1929931640625, -92.97380065917969, 1499.1630859375, 20.04616928100586, -153.06507873535156, 673.9989624023438, -191.98944091796875, 192.33819580078125, -157.2300567626953, 72.425048828125, 157.94720458984375, 46.82484436035156, -121.96733856201172], [314.86944580078125, 237.0896453857422, 20.04616928100586, 679.7597045898438, 297.0450134277344, 13.92258358001709, 66.91329956054688, 184.57240295410156, 149.85342407226562, 0.9085640907287598, -11.965648651123047, 146.0088653564453, 29.71908187866211], [518.5789794921875, 219.75621032714844, -153.06507873535156, 297.0450134277344, 493.3940124511719, -35.6557502746582, 170.09828186035156, 150.4134521484375, 193.91995239257812, 68.11276245117188, -7.924810886383057, 99.12077331542969, 147.05775451660156], [-447.7667541503906, 146.27264404296875, 673.9989624023438, 13.92258358001709, -35.6557502746582, 668.08740234375, 67.00898742675781, 142.1680145263672, -19.097339630126953, 108.12657165527344, 161.88148498535156, -17.5921688079834, -5.19674825668335], [588.13525390625, 320.8194274902344, -191.98944091796875, 66.91329956054688, 170.09828186035156, 67.00898742675781, 451.66534423828125, 93.38749694824219, 110.66444396972656, 91.06201934814453, 49.09896469116211, 1.7956933975219727, 115.30461883544922], [192.6896514892578, 9.242376327514648, 192.33819580078125, 184.57240295410156, 150.4134521484375, 142.1680145263672, 93.38749694824219, 265.86138916015625, 101.2164077758789, 32.5317497253418, 55.07475280761719, 65.72184753417969, 73.49149322509766], [450.19158935546875, 117.34941864013672, -157.2300567626953, 149.85342407226562, 193.91995239257812, -19.097339630126953, 110.66444396972656, 101.2164077758789, 254.75086975097656, 58.57636642456055, 11.349714279174805, 32.598854064941406, 94.77171325683594], [115.97077941894531, 108.40126037597656, 72.425048828125, 0.9085640907287598, 68.11276245117188, 108.12657165527344, 91.06201934814453, 32.5317497253418, 58.57636642456055, 218.29225158691406, 39.42658996582031, -8.220353126525879, 42.50341033935547], [8.822916984558105, 23.703947067260742, 157.94720458984375, -11.965648651123047, -7.924810886383057, 161.88148498535156, 49.09896469116211, 55.07475280761719, 11.349714279174805, 39.42658996582031, 213.01670837402344, 53.245426177978516, 66.4458999633789], [-18.959945678710938, 53.34186553955078, 46.82484436035156, 146.0088653564453, 99.12077331542969, -17.5921688079834, 1.7956933975219727, 65.72184753417969, 32.598854064941406, -8.220353126525879, 53.245426177978516, 251.97169494628906, 49.184940338134766], [350.776611328125, -57.91611862182617, -121.96733856201172, 29.71908187866211, 147.05775451660156, -5.19674825668335, 115.30461883544922, 73.49149322509766, 94.77171325683594, 42.50341033935547, 66.4458999633789, 49.184940338134766, 258.04718017578125]], "lowlevel.mfcc.icov": [[0.0002846697752829641, 4.497536792769097e-05, 0.00014169156202115119, -6.680206570308656e-05, -4.0164555684896186e-05, 0.00013641169061884284, -0.00022028788225725293, -0.00015549706586170942, -0.00017669379303697497, -7.22568656783551e-05, -0.00013923579535912722, 0.00015142816118896008, -5.0068112614098936e-05], [4.497536792769097e-05, 0.0011109464103356004, 9.536941070109606e-05, -0.00027544793556444347, -0.0003779488615691662, -0.0003502750478219241, -0.0008230791427195072, 0.000719698378816247, -0.0002758852206170559, -0.00015814168727956712, -0.0001097714266506955, -0.0002579671563580632, 0.0008409554720856249], [0.00014169156202115119, 9.536941070109606e-05, 0.001949915080331266, -1.8312955944566056e-05, 4.477107722777873e-05, -0.0015542031032964587, 0.0008187183411791921, -0.001293175620958209, 0.0008825500262901187, -0.0004914161982014775, -0.00017877417849376798, -0.0003595489833969623, 0.0005695683066733181], [-6.680206570308656e-05, -0.00027544793556444347, -1.8312955944566056e-05, 0.0026027089916169643, -0.0010498471092432737, -5.716973464586772e-05, 0.00034832977689802647, -0.0011606691405177116, -0.0004414871509652585, 0.0004417152958922088, 0.0003748470335267484, -0.0008773322915658355, 0.0006527215009555221], [-4.0164555684896186e-05, -0.0003779488615691662, 4.477107722777873e-05, -0.0010498471092432737, 0.004481337033212185, 0.00028275340446271, -0.0003110624384135008, -0.0009165020892396569, -0.0012127854861319065, -0.0006407827604562044, 0.0010559861548244953, -0.0005909588071517646, -0.0016446211375296116], [0.00013641169061884284, -0.0003502750478219241, -0.0015542031032964587, -5.716973464586772e-05, 0.00028275340446271, 0.003980328794568777, -0.000750977371353656, -0.000706585415173322, -0.00018341196118853986, -0.000611735275015235, -0.0015814879443496466, 0.0011352580040693283, -0.00017728473176248372], [-0.00022028788225725293, -0.0008230791427195072, 0.0008187183411791921, 0.00034832977689802647, -0.0003110624384135008, -0.000750977371353656, 0.0041883476078510284, -0.0014178944984450936, 0.0004568084259517491, -0.0007061917567625642, -0.00022681005066260695, 0.0003560151963029057, -0.0009048768552020192], [-0.00015549706586170942, 0.000719698378816247, -0.001293175620958209, -0.0011606691405177116, -0.0009165020892396569, -0.000706585415173322, -0.0014178944984450936, 0.007956755347549915, -0.0020053500775247812, 0.0008381868246942759, -0.00015911385708022863, -0.0005917327362112701, -0.00047688998165540397], [-0.00017669379303697497, -0.0002758852206170559, 0.0008825500262901187, -0.0004414871509652585, -0.0012127854861319065, -0.00018341196118853986, 0.0004568084259517491, -0.0020053500775247812, 0.007211931515485048, -0.0012312905164435506, -0.00013028812827542424, 0.00032637809636071324, -0.0007738263229839504], [-7.22568656783551e-05, -0.00015814168727956712, -0.0004914161982014775, 0.0004417152958922088, -0.0006407827604562044, -0.000611735275015235, -0.0007061917567625642, 0.0008381868246942759, -0.0012312905164435506, 0.005978468805551529, -0.00022296365932561457, 0.00032459580688737333, -0.000327693676808849], [-0.00013923579535912722, -0.0001097714266506955, -0.00017877417849376798, 0.0003748470335267484, 0.0010559861548244953, -0.0015814879443496466, -0.00022681005066260695, -0.00015911385708022863, -0.00013028812827542424, -0.00022296365932561457, 0.00729454355314374, -0.001815356663428247, -0.0018977356376126409], [0.00015142816118896008, -0.0002579671563580632, -0.0003595489833969623, -0.0008773322915658355, -0.0005909588071517646, 0.0011352580040693283, 0.0003560151963029057, -0.0005917327362112701, 0.00032637809636071324, 0.00032459580688737333, -0.001815356663428247, 0.0055680605582892895, -0.0007307397900149226], [-5.0068112614098936e-05, 0.0008409554720856249, 0.0005695683066733181, 0.0006527215009555221, -0.0016446211375296116, -0.00017728473176248372, -0.0009048768552020192, -0.00047688998165540397, -0.0007738263229839504, -0.000327693676808849, -0.0018977356376126409, -0.0007307397900149226, 0.006766041740775108]], "metadata.audio_properties.analysis.downmix": "mix", "metadata.audio_properties.codec": "mp3", "metadata.audio_properties.md5_encoded": "f5dafe9053440d898e85eac10a7a1593", "metadata.tags.file_name": "1183685836093538394.mp3", "metadata.version.essentia": "2.1-beta6-dev", "metadata.version.essentia_git_sha": "v2.1_beta5-1110-g77a6a954", "metadata.version.extractor": "music 2.0", "tonal.chords_key": "Bb", "tonal.chords_scale": "major", "tonal.key_edma.key": "Bb", "tonal.key_edma.scale": "major", "tonal.key_krumhansl.key": "Bb", "tonal.key_krumhansl.scale": "major", "tonal.key_temperley.key": "Bb", "tonal.key_temperley.scale": "major", "metadata.tags.encoding": ["Lavf58.45.100"]}, "essentia_models": [{"model_name": "genre_dortmund", "activations": {"alternative": "0.006169823", "blues": "0.06715117", "electronic": "0.00067616004", "folkcountry": "0.44397488", "funksoulrnb": "0.0082137305", "jazz": "0.3481218", "pop": "0.25159112", "raphiphop": "0.012962454", "rock": "0.0063457727"}}, {"model_name": "genre_rosamerica", "activations": {"classic": "0.00084463815", "dance": "0.00025828232", "hip hop": "4.8831524e-05", "jazz": "0.12641186", "pop": "0.12443857", "rhythm and blues": "0.15599455", "rock": "0.0003436509", "speech": "0.091987