{"song_id": "1183655470259511317", "download": "https://cdn.discordapp.com/attachments/1135903449314238464/1183655470259511317/chirp.mp4?ex=6589200f&amp", "lyrics": "Y\u00fcr\u00fcd\u00fck ya\u011fmur alt\u0131nda, damlalar d\u00fc\u015ferken\nG\u00f6zlerin parl\u0131yordu, \u0131\u015f\u0131\u011f\u0131n\u0131 ta\u015f\u0131rken\nG\u00fczelim, beni sard\u0131n, kalbimde bir melodi\nSonsuz yaz ya\u011fmurunda, a\u015fk\u0131m\u0131z bir ser\u00fcveni\n\nPerde araland\u0131, g\u00f6nl\u00fcm\u00fczde bahar\nBirlikte yazd\u0131k \u015fark\u0131y\u0131, sevgimizle sarar\nSonsuz bir masal gibi, hep yan\u0131mda ol\nG\u00fczelim, seninle ge\u00e7sin her an, her soluk", "style": ["Rock"], "essentia_features": {"lowlevel.average_loudness": 0.9199533462524414, "lowlevel.barkbands_crest.mean": 16.728078842163086, "lowlevel.barkbands_crest.stdev": 4.313528060913086, "lowlevel.barkbands_flatness_db.mean": 0.3199731409549713, "lowlevel.barkbands_flatness_db.stdev": 0.1213262677192688, "lowlevel.barkbands_kurtosis.mean": 61.9917106628418, "lowlevel.barkbands_kurtosis.stdev": 71.88402557373047, "lowlevel.barkbands_skewness.mean": 5.350247383117676, "lowlevel.barkbands_skewness.stdev": 3.1851155757904053, "lowlevel.barkbands_spread.mean": 6.460855960845947, "lowlevel.barkbands_spread.stdev": 10.717985153198242, "lowlevel.dissonance.mean": 0.4381650686264038, "lowlevel.dissonance.stdev": 0.06022733077406883, "lowlevel.dynamic_complexity": 2.25416898727417, "lowlevel.erbbands_crest.mean": 14.583940505981445, "lowlevel.erbbands_crest.stdev": 6.018171310424805, "lowlevel.erbbands_flatness_db.mean": 0.21722711622714996, "lowlevel.erbbands_flatness_db.stdev": 0.08542253822088242, "lowlevel.erbbands_kurtosis.mean": 6.221566200256348, "lowlevel.erbbands_kurtosis.stdev": 14.529672622680664, "lowlevel.erbbands_skewness.mean": 1.520622968673706, "lowlevel.erbbands_skewness.stdev": 1.6491267681121826, "lowlevel.erbbands_spread.mean": 41.0361328125, "lowlevel.erbbands_spread.stdev": 29.53128433227539, "lowlevel.hfc.mean": 15.388876914978027, "lowlevel.hfc.stdev": 12.379305839538574, "lowlevel.loudness_ebu128.integrated": -13.397274017333984, "lowlevel.loudness_ebu128.loudness_range": 4.2405900955200195, "lowlevel.loudness_ebu128.momentary.mean": -14.115316390991211, "lowlevel.loudness_ebu128.momentary.stdev": 2.771592378616333, "lowlevel.loudness_ebu128.short_term.mean": -13.842682838439941, "lowlevel.loudness_ebu128.short_term.stdev": 1.9644010066986084, "lowlevel.melbands_crest.mean": 24.921127319335938, "lowlevel.melbands_crest.stdev": 5.409060478210449, "lowlevel.melbands_flatness_db.mean": 0.4193417727947235, "lowlevel.melbands_flatness_db.stdev": 0.14258025586605072, "lowlevel.melbands_kurtosis.mean": 111.2720947265625, "lowlevel.melbands_kurtosis.stdev": 116.00971221923828, "lowlevel.melbands_skewness.mean": 6.796334743499756, "lowlevel.melbands_skewness.stdev": 3.8807473182678223, "lowlevel.melbands_spread.mean": 5.321491241455078, "lowlevel.melbands_spread.stdev": 12.848918914794922, "lowlevel.pitch_salience.mean": 0.2682982087135315, "lowlevel.pitch_salience.stdev": 0.15346349775791168, "lowlevel.silence_rate_20dB.mean": 0.9971031546592712, "lowlevel.silence_rate_20dB.stdev": 0.05374445021152496, "lowlevel.silence_rate_30dB.mean": 0.6778678894042969, "lowlevel.silence_rate_30dB.stdev": 0.46729186177253723, "lowlevel.silence_rate_60dB.mean": 0.018539976328611374, "lowlevel.silence_rate_60dB.stdev": 0.13489244878292084, "lowlevel.spectral_centroid.mean": 476.864013671875, "lowlevel.spectral_centroid.stdev": 507.5585632324219, "lowlevel.spectral_complexity.mean": 8.796639442443848, "lowlevel.spectral_complexity.stdev": 6.479730129241943, "lowlevel.spectral_decrease.mean": -2.0946211876093912e-08, "lowlevel.spectral_decrease.stdev": 1.5119605123459223e-08, "lowlevel.spectral_energy.mean": 0.08045145869255066, "lowlevel.spectral_energy.stdev": 0.05766908824443817, "lowlevel.spectral_energyband_high.mean": 0.00037810372305102646, "lowlevel.spectral_energyband_high.stdev": 0.0011070403270423412, "lowlevel.spectral_energyband_low.mean": 0.07156814634799957, "lowlevel.spectral_energyband_low.stdev": 0.05678707733750343, "lowlevel.spectral_energyband_middle_high.mean": 0.0014951000921428204, "lowlevel.spectral_energyband_middle_high.stdev": 0.0025057175662368536, "lowlevel.spectral_energyband_middle_low.mean": 0.010409560985863209, "lowlevel.spectral_energyband_middle_low.stdev": 0.012920155189931393, "lowlevel.spectral_entropy.mean": 6.454911231994629, "lowlevel.spectral_entropy.stdev": 1.1033135652542114, "lowlevel.spectral_flux.mean": 0.0731644406914711, "lowlevel.spectral_flux.stdev": 0.06457041203975677, "lowlevel.spectral_kurtosis.mean": 18.05255126953125, "lowlevel.spectral_kurtosis.stdev": 41.9034423828125, "lowlevel.spectral_rms.mean": 0.008274713531136513, "lowlevel.spectral_rms.stdev": 0.0031651740428060293, "lowlevel.spectral_rolloff.mean": 408.49334716796875, "lowlevel.spectral_rolloff.stdev": 1169.90234375, "lowlevel.spectral_skewness.mean": 2.541606903076172, "lowlevel.spectral_skewness.stdev": 2.366509437561035, "lowlevel.spectral_spread.mean": 3959167.25, "lowlevel.spectral_spread.stdev": 2114884.0, "lowlevel.spectral_strongpeak.mean": 1.0556695461273193, "lowlevel.spectral_strongpeak.stdev": 0.5351284742355347, "lowlevel.zerocrossingrate.mean": 0.020395219326019287, "lowlevel.zerocrossingrate.stdev": 0.03718389943242073, "metadata.audio_properties.analysis.equal_loudness": 0.0, "metadata.audio_properties.analysis.length": 40.04265213012695, "metadata.audio_properties.analysis.sample_rate": 44100.0, "metadata.audio_properties.analysis.start_time": 0.0, "metadata.audio_properties.bit_rate": 117356.0, "metadata.audio_properties.length": 40.042667388916016, "metadata.audio_properties.lossless": 0.0, "metadata.audio_properties.number_channels": 1.0, "metadata.audio_properties.replay_gain": -10.166841506958008, "metadata.audio_properties.sample_rate": 48000.0, "rhythm.beats_count": 78.0, "rhythm.beats_loudness.mean": 0.10762350261211395, "rhythm.beats_loudness.stdev": 0.06091528385877609, "rhythm.bpm": 144.10650634765625, "rhythm.bpm_histogram_first_peak_bpm": 144.0, "rhythm.bpm_histogram_first_peak_weight": 0.17777776718139648, "rhythm.bpm_histogram_second_peak_bpm": 86.0, "rhythm.bpm_histogram_second_peak_spread": 0.6470588445663452, "rhythm.bpm_histogram_second_peak_weight": 0.07792207598686218, "rhythm.danceability": 0.9823291897773743, "rhythm.onset_rate": 2.7212977409362793, "tonal.chords_changes_rate": 0.06365741044282913, "tonal.chords_number_rate": 0.015046296641230583, "tonal.chords_strength.mean": 0.42249810695648193, "tonal.chords_strength.stdev": 0.07155048102140427, "tonal.hpcp_crest.mean": 13.33156681060791, "tonal.hpcp_crest.stdev": 5.2082438468933105, "tonal.hpcp_entropy.mean": 1.9124789237976074, "tonal.hpcp_entropy.stdev": 0.7055276036262512, "tonal.key_edma.strength": 0.432180255651474, "tonal.key_krumhansl.strength": 0.4469088017940521, "tonal.key_temperley.strength": 0.4550752341747284, "tonal.tuning_diatonic_strength": 0.48274967074394226, "tonal.tuning_equal_tempered_deviation": 0.1291065216064453, "tonal.tuning_frequency": 439.74591064453125, "tonal.tuning_nontempered_energy_ratio": 0.746902346611023, "lowlevel.barkbands.mean": [0.0001966240961337462, 0.018191328272223473, 0.049887266010046005, 0.004272981081157923, 0.0021463714074343443, 0.0013396511785686016, 0.0009671708685345948, 0.0004848261596634984, 0.0009733233600854874, 0.0003714186022989452, 0.0001226016611326486, 0.0003383961447980255, 0.00016162345127668232, 9.73755304585211e-05, 0.00011192534293513745, 0.00012443600280676037, 0.0001055424363585189, 6.169552216306329e-05, 8.408901339862496e-05, 7.16802678653039e-05, 6.935258716112003e-05, 9.404629963682964e-05, 7.020924385869876e-05, 4.22538687416818e-05, 3.7465975765371695e-05, 2.7035399398300797e-05, 9.615849876354332e-07], "lowlevel.barkbands.stdev": [0.0006613652221858501, 0.021958541125059128, 0.03928181529045105, 0.005851259920746088, 0.006324542220681906, 0.0024178456515073776, 0.004050549119710922, 0.002457787748426199, 0.004128788597881794, 0.0017646829364821315, 0.000416774331824854, 0.000985306571237743, 0.0006217277841642499, 0.0002906413865275681, 0.00034486784716136754, 0.00020745053188875318, 0.00017540814587846398, 0.00016385491471737623, 0.00027485034661367536, 0.00016106714610941708, 0.00019650209287647158, 0.0003602356882765889, 0.0002532649668864906, 0.00019880314357578754, 0.0001900730567285791, 0.00011422812531236559, 4.48747368864133e-06], "lowlevel.erbbands.mean": [0.1457243114709854, 6.188657283782959, 53.142234802246094, 32.4022102355957, 8.41026782989502, 7.546932220458984, 10.224376678466797, 10.356690406799316, 11.989002227783203, 12.726889610290527, 14.245911598205566, 23.549785614013672, 16.947559356689453, 6.545071601867676, 6.246837139129639, 14.95556926727295, 7.963606357574463, 5.125579833984375, 6.101760387420654, 5.019484996795654, 8.08276081085205, 5.701395511627197, 3.422980546951294, 4.2954840660095215, 3.801226854324341, 3.482781171798706, 2.8912389278411865, 2.815640449523926, 3.5121545791625977, 2.9975314140319824, 1.643979787826538, 0.9240317940711975, 0.7157936692237854, 0.4810784161090851, 0.2271038442850113, 0.10722228139638901, 0.05416560545563698, 0.008077981881797314, 0.00020382754155434668, 9.39134115469642e-05], "lowlevel.erbbands.stdev": [0.2293117791414261, 6.8025970458984375, 44.7160758972168, 27.064701080322266, 23.149147033691406, 19.34066390991211, 17.351144790649414, 26.24747085571289, 48.4455451965332, 42.070411682128906, 76.48684692382812, 94.87007141113281, 78.11842346191406, 21.52556610107422, 17.8244571685791, 45.01516342163086, 31.354938507080078, 11.20350456237793, 17.162736892700195, 11.050691604614258, 12.288013458251953, 9.081008911132812, 8.200927734375, 13.638962745666504, 11.401923179626465, 8.052212715148926, 6.983232021331787, 9.331925392150879, 13.766621589660645, 10.715108871459961, 6.103444576263428, 3.967052698135376, 3.6733546257019043, 2.4788084030151367, 1.1391401290893555, 0.5361260175704956, 0.21671415865421295, 0.02919469028711319, 0.0006008203490637243, 6.678362842649221e-05], "lowlevel.gfcc.mean": [-75.91451263427734, 132.14437866210938, -74.12163543701172, 50.934879302978516, -25.461002349853516, 16.644508361816406, -20.933330535888672, -5.4870710372924805, -18.688386917114258, -5.391474723815918, -17.164453506469727, -5.610475063323975, -14.345986366271973], "lowlevel.melbands.mean": [0.0028802708256989717, 0.01998555287718773, 0.005154422949999571, 0.0004992702743038535, 0.0003374922089278698, 0.00023291782417800277, 0.00019476057786960155, 0.00012671419244725257, 0.00012811931082978845, 0.00014510596520267427, 8.071138290688396e-05, 2.5435658244532533e-05, 1.7086094885598868e-05, 3.8874703022884205e-05, 2.529325502109714e-05, 1.5262849046848714e-05, 8.838082067086361e-06, 9.62253579928074e-06, 8.482782504870556e-06, 6.297104846453294e-06, 1.0348577234253753e-05, 6.369657512550475e-06, 3.5897519410355017e-06, 2.7402415980759542e-06, 3.5945840863860212e-06, 2.9791062843287364e-06, 2.492570274625905e-06, 2.2533606625074754e-06, 1.7936048379851854e-06, 1.7197054376083543e-06, 1.5794615819686442e-06, 2.0898153252346674e-06, 1.690959607003606e-06, 1.6921399037528317e-06, 9.843762427408365e-07, 6.683422384412552e-07, 5.225597874414234e-07, 5.071266286904574e-07, 4.675148375099525e-07, 3.840454780856817e-07], "lowlevel.melbands.stdev": [0.003597135655581951, 0.01676226779818535, 0.00406494177877903, 0.001523077953606844, 0.0006081402534618974, 0.0005329001578502357, 0.0008010367746464908, 0.00040403188904747367, 0.0007008988759480417, 0.0006001738947816193, 0.0003892922541126609, 9.11293100216426e-05, 5.2307226724224165e-05, 0.00012049516953993589, 7.008104148553684e-05, 5.1090562919853255e-05, 2.1972104150336236e-05, 2.9586966775241308e-05, 2.8342696168692783e-05, 1.2692754353338387e-05, 1.60254021466244e-05, 1.0674958502931986e-05, 7.824073691153899e-06, 7.56382405597833e-06, 1.1846249435620848e-05, 1.0166594620386604e-05, 6.42003578832373e-06, 5.386922111938475e-06, 4.135792096349178e-06, 5.156386578164529e-06, 5.792404863314005e-06, 8.572544174967334e-06, 6.688204848614987e-06, 6.0259271776885726e-06, 3.69837152902619e-06, 2.8326803658274002e-06, 2.2991898731561378e-06, 2.6938860173686408e-06, 2.521595888538286e-06, 2.0063694137206767e-06], "lowlevel.melbands128.mean": [0.0001630264741834253, 0.0005788805428892374, 0.00138319272082299, 0.011943431571125984, 0.028647970408201218, 0.02117198146879673, 0.0066067008301615715, 0.0014485634164884686, 0.0006326917791739106, 0.0004909883136861026, 0.00041777739534154534, 0.0002846132847480476, 0.0004222495190333575, 0.0002460055402480066, 0.0002435960341244936, 0.00021651855786330998, 0.00016315160610247403, 0.00019111238361801952, 0.00024953644606284797, 0.00012911298836115748, 6.925741763552651e-05, 9.147777745965868e-05, 0.0001359258749289438, 0.00016121382941491902, 0.00017487422155681998, 0.00013378806761465967, 9.343184501631185e-05, 9.98620453174226e-05, 4.094948235433549e-05, 2.4630922780488618e-05, 2.2398109649657272e-05, 2.046121153398417e-05, 1.2679063729592599e-05, 1.8011040083365515e-05, 2.4380537070101127e-05, 5.631937165162526e-05, 4.804734999197535e-05, 1.7352642316836864e-05, 1.748707472870592e-05, 1.6502905054949224e-05, 1.7702497643767856e-05, 8.448879270872567e-06, 7.216919129859889e-06, 9.58021428232314e-06, 1.0631155419105198e-05, 7.342880962823983e-06, 1.2194506780360825e-05, 9.633468835090753e-06, 6.60225487081334e-06, 5.158401108928956e-06, 5.291682100505568e-06, 8.247307960118633e-06, 1.1921179066121113e-05, 9.867321750789415e-06, 9.6713520179037e-06, 5.481052539835218e-06, 4.781256393471267e-06, 3.6675269257102627e-06, 3.427093133723247e-06, 2.833552343872725e-06, 2.3203351702250075e-06, 2.796891976686311e-06, 3.890221705660224e-06, 3.8119528653624e-06, 3.272926733188797e-06, 3.030341531484737e-06, 2.8560436931002187e-06, 2.2554886527359486e-06, 2.5565614123479463e-06, 2.6223576696793316e-06, 2.288544919792912e-06, 2.047550879069604e-06, 1.8049154277832713e-06, 1.9403839814913226e-06, 1.5079522199812345e-06, 1.7135454299932462e-06, 1.9437147784628905e-06, 1.4181626966092153e-06, 1.4403302657228778e-06, 1.6591261555731762e-06, 2.335699491595733e-06, 2.2980873382039135e-06, 1.6926027228691964e-06, 1.6434668168585631e-06, 1.5289159591702628e-06, 1.93438586393313e-06, 1.7135721464001108e-06, 1.3227496538092964e-06, 8.624252814115607e-07, 8.380375220440328e-07, 7.608279588566802e-07, 5.911862785978883e-07, 5.598270149675955e-07, 4.95016649892932e-07, 5.273956276141689e-07, 5.294945140121854e-07, 4.842174803343369e-07, 5.019866193833877e-07, 4.781491043104324e-07, 4.3920090320170857e-07, 4.505234301177552e-07, 3.737170857220917e-07, 3.175545657541079e-07, 2.7793043955171015e-07, 2.2444636726959288e-07, 2.438244450786442e-07, 2.40010848528982e-07, 1.9582458321565355e-07, 1.611675344292962e-07, 1.659298760614547e-07, 1.8017112779489253e-07, 1.8517589239763765e-07, 1.9375792703613115e-07, 1.695282918490193e-07, 1.3989057379149017e-07, 9.266280187603115e-08, 3.455242847394402e-08, 6.272340868918036e-09, 7.730739937095166e-10, 1.6625142235104917e-11, 1.2564140700055404e-11, 1.0782120855867827e-11, 1.0257615937203646e-11, 1.0074520211122984e-11, 9.885636580164725e-12, 9.687122631829581e-12, 9.560616187620496e-12, 9.502384989978907e-12], "lowlevel.melbands128.stdev": [0.0005966490134596825, 0.0017730380641296506, 0.002750227227807045, 0.014446362853050232, 0.026522362604737282, 0.01615219935774803, 0.006337132304906845, 0.0022933378349989653, 0.0028545563109219074, 0.0017409686697646976, 0.0011586955515667796, 0.0009417000692337751, 0.0007770992233417928, 0.0004376398865133524, 0.0007786211208440363, 0.0007238175603561103, 0.0006898886640556157, 0.0012448482448235154, 0.0012353694764897227, 0.0004732481902465224, 0.00028311877395026386, 0.0006046841735951602, 0.0010704015148803592, 0.0010228210594505072, 0.0008328197873197496, 0.0008743727230466902, 0.0006220975774340332, 0.0006043013418093324, 0.0002633423137012869, 0.0001346424251096323, 0.00010190218745265156, 9.59237149800174e-05, 4.659637852455489e-05, 7.462552457582206e-05, 0.00010126412234967574, 0.00023205304751172662, 0.0001503060047980398, 4.709523273049854e-05, 0.00013230265176389366, 9.5453200628981e-05, 5.47307136002928e-05, 2.9700930099352263e-05, 2.6588384571368806e-05, 2.8069582185707986e-05, 5.84100816922728e-05, 2.9026670745224692e-05, 4.787042416865006e-05, 4.710903886007145e-05, 2.121561010426376e-05, 1.4802344594500028e-05, 1.5722356693004258e-05, 2.2132580852485262e-05, 2.2518283003591932e-05, 1.9222819901187904e-05, 2.0246210624463856e-05, 1.2101140782760922e-05, 9.126492841460276e-06, 8.863728908181656e-06, 1.0523644959903322e-05, 7.744049980829004e-06, 7.3839705692080315e-06, 9.093158951145597e-06, 1.3195326573622879e-05, 1.450183663109783e-05, 1.3606830179924145e-05, 1.0744790415628813e-05, 1.103244812838966e-05, 7.32850548956776e-06, 6.725745151925366e-06, 6.465910246333806e-06, 6.717885753459996e-06, 5.187097031011945e-06, 4.429825821716804e-06, 4.767579866893357e-06, 4.3068048398708925e-06, 5.059300292487023e-06, 7.4798576861212496e-06, 5.046453679824481e-06, 5.729733402404236e-06, 7.5569364526018035e-06, 1.199927555717295e-05, 9.328620762971696e-06, 7.2879033723438624e-06, 7.095922683220124e-06, 5.847818101756275e-06, 7.5818534241989255e-06, 6.384913831425365e-06, 5.101619080960518e-06, 3.4009638056886615e-06, 3.612120053730905e-06, 3.1928780117596034e-06, 2.7944422527070856e-06, 2.7932371722272364e-06, 2.1467049009515904e-06, 2.6809452720044646e-06, 2.6302448077331064e-06, 3.0245169000409078e-06, 2.8333172394923167e-06, 2.8674894565483555e-06, 2.472631877026288e-06, 2.371709342696704e-06, 2.0668446722993394e-06, 1.879957267192367e-06, 1.4984053677835618e-06, 1.1463578175607836e-06, 1.3176930906411144e-06, 1.187856128126441e-06, 1.1005753322024248e-06, 9.488095997767232e-07, 9.644144256526488e-07, 8.428115734204766e-07, 7.912420869615744e-07, 8.385509886466025e-07, 6.871410391795507e-07, 5.346180387277855e-07, 3.7653163076356577e-07, 1.454787508237132e-07, 4.3670997484923646e-08, 1.0596634680837269e-08, 2.3174705210404767e-10, 7.882534208691894e-11, 1.932858907649493e-11, 1.5180351767285494e-11, 1.4920509272542404e-11, 1.470160451710889e-11, 1.4528152986192922e-11, 1.4401074950598503e-11, 1.432305402754297e-11], "lowlevel.mfcc.mean": [-732.5421752929688, 159.1853485107422, 21.708938598632812, 50.2496337890625, 20.41447639465332, 31.142606735229492, 8.693910598754883, 11.332795143127441, 4.452090263366699, -1.8735551834106445, -0.3542354106903076, 4.277343273162842, 4.456849575042725], "lowlevel.spectral_contrast_coeffs.mean": [-0.5776714086532593, -0.7500136494636536, -0.7833141088485718, -0.8123298287391663, -0.8204613924026489, -0.7341783046722412], "lowlevel.spectral_contrast_coeffs.stdev": [0.06853615492582321, 0.09963767230510712, 0.0690876767039299, 0.04855157062411308, 0.03428976610302925, 0.06735467910766602], "lowlevel.spectral_contrast_valleys.mean": [-6.75748872756958, -7.7574310302734375, -8.282258987426758, -8.487500190734863, -8.612223625183105, -11.812146186828613], "lowlevel.spectral_contrast_valleys.stdev": [0.8361103534698486, 1.093367576599121, 1.100045919418335, 1.2701948881149292, 1.45698082447052, 1.5723090171813965], "rhythm.beats_loudness_band_ratio.mean": [0.9077893495559692, 0.04676463082432747, 0.03405912593007088, 0.009318304248154163, 0.006773308385163546, 0.010087312199175358], "rhythm.beats_loudness_band_ratio.stdev": [0.11542850732803345, 0.07492746412754059, 0.06914892792701721, 0.021757815033197403, 0.011049634777009487, 0.028576351702213287], "tonal.hpcp.mean": [0.0792422890663147, 0.03787420690059662, 0.07578309625387192, 0.21103332936763763, 0.1535441279411316, 0.014718396589159966, 0.008558034896850586, 0.011802377179265022, 0.17679308354854584, 0.26891791820526123, 0.10699404776096344, 0.01019168272614479, 0.009109859354794025, 0.010112111456692219, 0.018614232540130615, 0.04277129843831062, 0.04277806729078293, 0.01925196498632431, 0.011888988316059113, 0.012070683762431145, 0.013154021464288235, 0.014775937423110008, 0.012254579924046993, 0.0216362327337265, 0.04431423917412758, 0.03823632746934891, 0.016700247302651405, 0.014005865901708603, 0.015173756517469883, 0.11796361953020096, 0.28677183389663696, 0.20651817321777344, 0.052817411720752716, 0.13844481110572815, 0.20196783542633057, 0.13613517582416534], "tonal.hpcp.stdev": [0.2529098689556122, 0.12340730428695679, 0.15476320683956146, 0.39190542697906494, 0.2817879617214203, 0.06955207139253616, 0.050973840057849884, 0.06718917936086655, 0.2908460795879364, 0.4319690465927124, 0.18195118010044098, 0.057188112288713455, 0.059967782348394394, 0.06387802213430405, 0.06457309424877167, 0.10528133064508438, 0.1278129667043686, 0.08342189341783524, 0.03798867389559746, 0.03547341004014015, 0.04559873417019844, 0.06496729701757431, 0.05684127286076546, 0.07838136702775955, 0.15516570210456848, 0.13904352486133575, 0.0880235806107521, 0.08735038340091705, 0.0852595716714859, 0.19551736116409302, 0.3817990720272064, 0.3134595453739166, 0.1673498898744583, 0.2732950747013092, 0.3865233063697815, 0.25238320231437683], "rhythm.beats_position": [0.5108389854431152, 1.0448979139328003, 1.5789568424224854, 2.11301589012146, 2.6470746994018555, 3.1927437782287598, 3.7268025875091553, 4.2724714279174805, 4.852970600128174, 5.433469295501709, 6.083628177642822, 6.733786582946777, 7.430385589599609, 8.115373611450195, 8.811972618103027, 9.50857162475586, 10.193559646606445, 10.913378715515137, 11.609976768493652, 12.306575775146484, 13.003174781799316, 13.688162803649902, 14.361541748046875, 15.034920692443848, 15.719908714294434, 16.393287658691406, 17.066665649414062, 17.74004554748535, 18.413423538208008, 19.075191497802734, 19.609251022338867, 20.15492057800293, 20.700590133666992, 21.1069393157959, 21.5248966217041, 21.942855834960938, 22.349205017089844, 22.76716423034668, 23.185123443603516, 23.60308265686035, 24.009431838989258, 24.427391052246094, 24.84535026550293, 25.263309478759766, 25.6812686920166, 26.099227905273438, 26.517187118530273, 26.93514633178711, 27.353105545043945, 27.77106475830078, 28.189023971557617, 28.606983184814453, 29.02494239807129, 29.442901611328125, 29.86086082458496, 30.267210006713867, 30.673559188842773, 31.09151840209961, 31.509477615356445, 31.91582679748535, 32.32217788696289, 32.740135192871094, 33.15809631347656, 33.576053619384766, 33.994014739990234, 34.41197204589844, 34.829933166503906, 35.24789047241211, 35.66584777832031, 36.08380889892578, 36.501766204833984, 36.91972732543945, 37.337684631347656, 37.755645751953125, 38.17360305786133, 38.5915641784668, 39.02113342285156, 39.439090728759766], "rhythm.bpm_histogram": [0.0, 0.0, 0.0, 0.0, 0.0, 0.0, 0.0, 0.0, 0.0, 0.0, 0.0, 0.0, 0.0, 0.0, 0.0, 0.0, 0.0, 0.0, 0.0, 0.0, 0.0, 0.0, 0.0, 0.0, 0.0, 0.0, 0.0, 0.0, 0.0, 0.0, 0.0, 0.0, 0.0, 0.0, 0.0, 0.0, 0.0, 0.0, 0.0, 0.0, 0.0, 0.0, 0.0, 0.0, 0.0, 0.0, 0.0, 0.0, 0.0, 0.0, 0.0, 0.0, 0.0, 0.0, 0.0, 0.0, 0.0, 0.0, 0.0, 0.0, 0.0, 0.0, 0.0, 0.0, 0.0, 0.0, 0.0, 0.0, 0.0, 0.0, 0.0, 0.0, 0.0, 0.0, 0.0, 0.0, 0.0, 0.0, 0.0, 0.0, 0.0, 0.0, 0.0, 0.012987012974917889, 0.0, 0.0, 0.07792207598686218, 0.0, 0.051948051899671555, 0.07792207598686218, 0.0, 0.012987012974917889, 0.025974025949835777, 0.0, 0.0, 0.0, 0.0, 0.0, 0.0, 0.0, 0.0, 0.0, 0.0, 0.025974025949835777, 0.0, 0.0, 0.0, 0.0, 0.0, 0.0, 0.051948051899671555, 0.0, 0.07792207598686218, 0.0, 0.0, 0.0, 0.0, 0.0, 0.0, 0.0, 0.0, 0.0, 0.0, 0.0, 0.0, 0.0, 0.0, 0.0, 0.0, 0.0, 0.0, 0.0, 0.0, 0.0, 0.0, 0.0, 0.0, 0.0, 0.0, 0.0, 0.012987012974917889, 0.0, 0.0, 0.0, 0.48051947355270386, 0.0, 0.0, 0.0, 0.09090909361839294, 0.0, 0.0, 0.0, 0.0, 0.0, 0.0, 0.0, 0.0, 0.0, 0.0, 0.0, 0.0, 0.0, 0.0, 0.0, 0.0, 0.0, 0.0, 0.0, 0.0, 0.0, 0.0, 0.0, 0.0, 0.0, 0.0, 0.0, 0.0, 0.0, 0.0, 0.0, 0.0, 0.0, 0.0, 0.0, 0.0, 0.0, 0.0, 0.0, 0.0, 0.0, 0.0, 0.0, 0.0, 0.0, 0.0, 0.0, 0.0, 0.0, 0.0, 0.0, 0.0, 0.0, 0.0, 0.0, 0.0, 0.0, 0.0, 0.0, 0.0, 0.0, 0.0, 0.0, 0.0, 0.0, 0.0, 0.0, 0.0, 0.0, 0.0, 0.0, 0.0, 0.0, 0.0, 0.0, 0.0, 0.0, 0.0, 0.0, 0.0, 0.0, 0.0, 0.0, 0.0, 0.0, 0.0, 0.0, 0.0, 0.0, 0.0, 0.0, 0.0, 0.0, 0.0, 0.0, 0.0, 0.0, 0.0, 0.0, 0.0, 0.0], "tonal.chords_histogram": [21.18055534362793, 3.819444417953491, 15.625, 10.300926208496094, 0.3472222089767456, 0.0, 1.3888888359069824, 9.143518447875977, 0.0, 6.365740776062012, 0.0, 3.125, 0.0, 3.7037036418914795, 4.513888835906982, 0.0, 0.0, 0.0, 4.282407283782959, 0.0, 0.11574073880910873, 13.19444465637207, 0.8101851940155029, 2.0833332538604736], "tonal.thpcp": [1.0, 0.7201480269432068, 0.18417921662330627, 0.4827699065208435, 0.7042806148529053, 0.4747159779071808, 0.2763252258300781, 0.1320708692073822, 0.26426267623901367, 0.7358928322792053, 0.5354226231575012, 0.05132441595196724, 0.029842661693692207, 0.04115598276257515, 0.6164938807487488, 0.937741756439209, 0.3730981647968292, 0.03553934395313263, 0.031766925007104874, 0.03526186943054199, 0.06490955501794815, 0.14914748072624207, 0.14917108416557312, 0.06713338941335678, 0.04145800694823265, 0.04209159314632416, 0.04586929455399513, 0.0515250638127327, 0.042732857167720795, 0.07544755190610886, 0.15452785789966583, 0.13333362340927124, 0.05823531374335289, 0.0488397553563118, 0.05291229858994484, 0.4113501012325287], "lowlevel.gfcc.cov": [[11976.73046875, -2785.50732421875, -2413.666015625, 688.219970703125, -1431.8187255859375, 205.6386260986328, -723.7705078125, 456.02801513671875, 299.86810302734375, 1069.826171875, -123.07757568359375, 341.4491882324219, -597.7289428710938], [-2785.50732421875, 2533.09033203125, -32.16446304321289, -328.4598083496094, 775.9443969726562, -368.59136962890625, 578.3605346679688, -305.6557922363281, 25.80849266052246, -534.056396484375, 209.2017364501953, -317.9615173339844, 316.6723937988281], [-2413.666015625, -32.16446304321289, 1802.8306884765625, -89.46868896484375, 212.1150360107422, 340.1236877441406, 48.17445755004883, 47.12496566772461, -41.95011901855469, -111.92308044433594, -112.29276275634766, 79.34246063232422, -0.9931316375732422], [688.219970703125, -328.4598083496094, -89.46868896484375, 610.3463134765625, 132.221923828125, -57.75935363769531, -138.54409790039062, -42.91761016845703, -8.448060989379883, 75.0901107788086, 77.6496353149414, -9.808969497680664, 26.2326717376709], [-1431.8187255859375, 775.9443969726562, 212.1150360107422, 132.221923828125, 964.45654296875, -115.45086669921875, 194.68450927734375, -115.20468139648438, -96.29730987548828, -158.80242919921875, 137.63742065429688, -119.61127471923828, 153.31326293945312], [205.6386260986328, -368.59136962890625, 340.1236877441406, -57.75935363769531, -115.45086669921875, 332.3320617675781, 52.364990234375, 121.64051055908203, 47.070560455322266, 48.585792541503906, -82.71007537841797, 44.12160873413086, -90.96359252929688], [-723.7705078125, 578.3605346679688, 48.17445755004883, -138.54409790039062, 194.68450927734375, 52.364990234375, 483.08935546875, 64.88727569580078, 6.0370402336120605, -195.80221557617188, -24.60938262939453, -105.01897430419922, 28.561782836914062], [456.02801513671875, -305.6557922363281, 47.12496566772461, -42.91761016845703, -115.20468139648438, 121.64051055908203, 64.88727569580078, 210.32632446289062, 43.2787971496582, 52.91432571411133, -77.62528991699219, 19.33000373840332, -69.47291564941406], [299.86810302734375, 25.80849266052246, -41.95011901855469, -8.448060989379883, -96.29730987548828, 47.070560455322266, 6.0370402336120605, 43.2787971496582, 182.9029998779297, 73.66902923583984, -33.35304260253906, -20.841873168945312, -24.359359741210938], [1069.826171875, -534.056396484375, -111.92308044433594, 75.0901107788086, -158.80242919921875, 48.585792541503906, -195.80221557617188, 52.91432571411133, 73.66902923583984, 262.2237548828125, -13.350831985473633, 72.48283386230469, -84.93769073486328], [-123.07757568359375, 209.2017364501953, -112.29276275634766, 77.6496353149414, 137.63742065429688, -82.71007537841797, -24.60938262939453, -77.62528991699219, -33.35304260253906, -13.350831985473633, 155.39463806152344, -11.850353240966797, 47.41606140136719], [341.4491882324219, -317.9615173339844, 79.34246063232422, -9.808969497680664, -119.61127471923828, 44.12160873413086, -105.01897430419922, 19.33000373840332, -20.841873168945312, 72.48283386230469, -11.850353240966797, 121.97251892089844, -40.95994186401367], [-597.7289428710938, 316.6723937988281, -0.9931316375732422, 26.2326717376709, 153.31326293945312, -90.96359252929688, 28.561782836914062, -69.47291564941406, -24.359359741210938, -84.93769073486328, 47.41606140136719, -40.95994186401367, 123.04464721679688]], "lowlevel.gfcc.icov": [[0.00032480686786584556, -0.000348393659805879, 0.0004922319203615189, -0.0005444559501484036, 0.00020157043763902038, -0.0004996446659788489, 0.0002220921596745029, -0.000504159543197602, 0.00039403780829161406, -0.0008503880235366523, 0.00042713238508440554, -0.0006687055574730039, 0.0007415865547955036], [-0.000348393659805879, 0.0035879388451576233, -0.0008376475889235735, 0.0024132216349244118, -0.0011295330477878451, 0.002664260333403945, -0.0020480859093368053, 0.0029321275651454926, -0.004019800573587418, 0.003976909909397364, -0.0030968065839260817, 0.002789390040561557, -0.0018684143433347344], [0.0004922319203615189, -0.0008376475889235735, 0.0017020029481500387, -0.0009598524193279445, -3.922721589333378e-05, -0.002073453040793538, 0.0008974919910542667, -0.0008723372593522072, 0.0008393600583076477, -0.0008001772221177816, 0.0015392359346151352, -0.0020458565559238195, 0.0009201284847222269], [-0.0005444559501484036, 0.0024132216349244118, -0.0009598524193279445, 0.003956463187932968, -0.0011698143789544702, 0.0019686876330524683, -0.0007798767182976007, 0.0020328322425484657, -0.00258258986286819, 0.0026200455613434315, -0.0028402472380548716, 0.002925375010818243, -0.002099435543641448], [0.00020157043763902038, -0.0011295330477878451, -3.922721589333378e-05, -0.0011698143789544702, 0.002280554734170437, -0.0006083700573071837, -0.0002699565375223756, -0.0007208111928775907, 0.0021428302861750126, -0.002201646566390991, -7.281799480551854e-05, 0.00026757398154586554, -0.00047879089834168553], [-0.0004996446659788489, 0.002664260333403945, -0.002073453040793538, 0.0019686876330524683, -0.0006083700573071837, 0.008143022656440735, -0.0025464592035859823, 0.0009136477601714432, -0.0036915400996804237, 0.0027369263116270304, -0.002191046020016074, 0.0017536603845655918, 0.000751006358768791], [0.0002220921596745029, -0.0020480859093368053, 0.0008974919910542667, -0.0007798767182976007, -0.0002699565375223756, -0.0025464592035859823, 0.005919666029512882, -0.003591591725125909, 0.0013006330700591207, 0.0013948652194812894, 0.0017505515133962035, -1.0251643288938794e-05, 0.0021176550071686506], [-0.000504159543197602, 0.0029321275651454926, -0.0008723372593522072, 0.0020328322425484657, -0.0007208111928775907, 0.0009136477601714432, -0.003591591725125909, 0.010610710829496384, -0.0033211447298526764, 0.0017716947477310896, -0.0003414158127270639, 0.0021063329186290503, -0.000639305857475847], [0.00039403780829161406, -0.004019800573587418, 0.0008393600583076477, -0.00258258986286819, 0.0021428302861750126, -0.0036915400996804237, 0.0013006330700591207, -0.0033211447298526764, 0.012505522929131985, -0.008323213085532188, 0.004150319844484329, 0.00040335525409318507, 0.0005061012925580144], [-0.0008503880235366523, 0.003976909909397364, -0.0008001772221177816, 0.0026200455613434315, -0.002201646566390991, 0.0027369263116270304, 0.0013948652194812894, 0.0017716947477310896, -0.008323213085532188, 0.015542156994342804, -0.004245162475854158, 0.0006665465771220624, 0.0014506933512166142], [0.00042713238508440554, -0.0030968065839260817, 0.0015392359346151352, -0.0028402472380548716, -7.281799480551854e-05, -0.002191046020016074, 0.0017505515133962035, -0.0003414158127270639, 0.004150319844484329, -0.004245162475854158, 0.012620593421161175, -0.0036398281808942556, 0.0003509120433591306], [-0.0006687055574730039, 0.002789390040561557, -0.0020458565559238195, 0.002925375010818243, 0.00026757398154586554, 0.0017536603845655918, -1.0251643288938794e-05, 0.0021063329186290503, 0.00040335525409318507, 0.0006665465771220624, -0.0036398281808942556, 0.017081473022699356, -0.0012840403942391276], [0.0007415865547955036, -0.0018684143433347344, 0.0009201284847222269, -0.002099435543641448, -0.00047879089834168553, 0.000751006358768791, 0.0021176550071686506, -0.000639305857475847, 0.0005061012925580144, 0.0014506933512166142, 0.0003509120433591306, -0.0012840403942391276, 0.017831455916166306]], "lowlevel.mfcc.cov": [[12137.3515625, -2949.0185546875, -1329.894775390625, -382.7879333496094, -890.6854858398438, -275.15850830078125, -883.4203491210938, -572.3292846679688, -185.53675842285156, 212.17776489257812, 397.2287902832031, 473.70843505859375, 331.4100036621094], [-2949.0185546875, 2567.77197265625, -504.33966064453125, 175.8216094970703, 81.6759033203125, 66.8947525024414, 398.5191345214844, 225.11964416503906, 102.04905700683594, -71.25100708007812, -127.83204650878906, -43.92976760864258, -41.43288803100586], [-1329.894775390625, -504.33966064453125, 1405.1728515625, -231.53565979003906, 113.36272430419922, 122.5984115600586, -86.26847076416016, 161.9385528564453, 78.18618774414062, 8.049407958984375, 66.12731170654297, -82.69561004638672, -35.88093185424805], [-382.7879333496094, 175.8216094970703, -231.53565979003906, 619.166259765625, 272.28582763671875, 37.0572395324707, 143.4055633544922, -72.69676971435547, -36.804630279541016, -39.402896881103516, -74.48283386230469, -19.655498504638672, 6.520949363708496], [-890.6854858398438, 81.6759033203125, 113.36272430419922, 272.28582763671875, 597.35400390625, 107.37760162353516, 137.8713836669922, -109.44029998779297, -20.506977081298828, -62.71146011352539, -59.33443069458008, 18.990436553955078, 49.50014114379883], [-275.15850830078125, 66.8947525024414, 122.5984115600586, 37.0572395324707, 107.37760162353516, 200.00045776367188, 47.21383285522461, 45.6412467956543, 34.55634689331055, 18.64809799194336, 23.706558227539062, 0.2802344560623169, -4.106623649597168], [-883.4203491210938, 398.5191345214844, -86.26847076416016, 143.4055633544922, 137.8713836669922, 47.21383285522461, 389.1351013183594, 140.77056884765625, 50.850830078125, -21.10758399963379, -39.63680648803711, 3.7699503898620605, -17.091930389404297], [-572.3292846679688, 225.11964416503906, 161.9385528564453, -72.69676971435547, -109.44029998779297, 45.6412467956543, 140.77056884765625, 293.5086364746094, 107.32536315917969, 64.01692199707031, 13.9796781539917, -37.25320053100586, -41.845680236816406], [-185.53675842285156, 102.04905700683594, 78.18618774414062, -36.804630279541016, -20.506977081298828, 34.55634689331055, 50.850830078125, 107.32536315917969, 189.99285888671875, 92.96431732177734, 28.961044311523438, 4.709298610687256, -4.400932312011719], [212.17776489257812, -71.25100708007812, 8.049407958984375, -39.402896881103516, -62.71146011352539, 18.64809799194336, -21.10758399963379, 64.01692199707031, 92.96431732177734, 165.9935760498047, 46.87422180175781, -4.854249954223633, -33.50572967529297], [397.2287902832031, -127.83204650878906, 66.12731170654297, -74.48283386230469, -59.33443069458008, 23.706558227539062, -39.63680648803711, 13.9796781539917, 28.961044311523438, 46.87422180175781, 110.22344207763672, 44.34774398803711, 15.645461082458496], [473.70843505859375, -43.92976760864258, -82.69561004638672, -19.655498504638672, 18.990436553955078, 0.2802344560623169, 3.7699503898620605, -37.25320053100586, 4.709298610687256, -4.854249954223633, 44.34774398803711, 129.04986572265625, 66.11483764648438], [331.4100036621094, -41.43288803100586, -35.88093185424805, 6.520949363708496, 49.50014114379883, -4.106623649597168, -17.091930389404297, -41.845680236816406, -4.400932312011719, -33.50572967529297, 15.645461082458496, 66.11483764648438, 103.63111114501953]], "lowlevel.mfcc.icov": [[0.00026511799660511315, 0.0002906475856434554, 0.0003280301461927593, -6.996165211603511e-06, 0.00028226181166246533, -0.00011184225149918348, 0.00021093142277095467, 4.852748679695651e-05, 5.3398525778902695e-05, -0.0001522714301245287, -0.0003131623088847846, -0.0003548521490301937, -0.0004757890128530562], [0.0002906475856434554, 0.0008930717594921589, 0.0006583985523320735, 3.75205599993933e-05, 0.0001993471960304305, -0.00030843185959383845, 4.050552161061205e-05, -0.0004042437649331987, -0.0003532240225467831, 0.00040627995622344315, -6.883651803946123e-05, -0.0002703425707295537, -0.00031159305945038795], [0.0003280301461927593, 0.0006583985523320735, 0.001718687592074275, 0.00045531688374467194, -0.0005556967807933688, -0.000406424340326339, 0.0009449009085074067, -0.0012275356566533446, -0.0004729639331344515, 0.0009378506219945848, -0.0012972172116860747, 0.00045025136205367744, -0.00011814792378572747], [-6.996165211603511e-06, 3.75205599993933e-05, 0.00045531688374467194, 0.0024736172053962946, -0.0009670297731645405, -0.00024015767849050462, -0.0006201973301358521, 0.00033779090153984725, 0.00017831397417467088, -0.0001840947661548853, 0.00043029902735725045, 0.0008833265746943653, -0.0001545873674331233], [0.00028226181166246533, 0.0001993471960304305, -0.0005556967807933688, -0.0009670297731645405, 0.004013683181256056, -0.0017107033636420965, -0.0014943632995709777, 0.0026590086054056883, 2.1406229279818945e-05, -0.000882798689417541, 0.0014996458776295185, -0.000672586087603122, -0.0021940688602626324], [-0.00011184225149918348, -0.00030843185959383845, -0.000406424340326339, -0.00024015767849050462, -0.0017107033636420965, 0.006723334081470966, 0.00014240654127206653, -0.0012286303099244833, -0.00022328970953822136, -5.7767324506130535e-06, -0.0021696980111300945, 0.00016293153748847544, 0.0009319448145106435], [0.00021093142277095467, 4.050552161061205e-05, 0.0009449009085074067, -0.0006201973301358521, -0.0014943632995709777, 0.00014240654127206653, 0.005567807704210281, -0.003690960118547082, -0.0006986581138335168, 0.0018048572819679976, -8.120065467664972e-05, -0.0020092776976525784, 0.001703188638202846], [4.852748679695651e-05, -0.0004042437649331987, -0.0012275356566533446, 0.00033779090153984725, 0.0026590086054056883, -0.0012286303099244833, -0.003690960118547082, 0.008605213835835457, -0.001620387309230864, -0.002122528152540326, 0.00047347124200314283, 0.0014717619633302093, -0.000981382792815566], [5.3398525778902695e-05, -0.0003532240225467831, -0.0004729639331344515, 0.00017831397417467088, 2.1406229279818945e-05, -0.00022328970953822136, -0.0006986581138335168, -0.001620387309230864, 0.00946463830769062, -0.005417857319116592, 0.00014023859694134444, -0.0004214611544739455, -0.002377611817792058], [-0.0001522714301245287, 0.00040627995622344315, 0.0009378506219945848, -0.0001840947661548853, -0.000882798689417541, -5.7767324506130535e-06, 0.0018048572819679976, -0.002122528152540326, -0.005417857319116592, 0.012119285762310028, -0.003699271706864238, 7.347855716943741e-05, 0.005047658924013376], [-0.0003131623088847846, -6.883651803946123e-05, -0.0012972172116860747, 0.00043029902735725045, 0.0014996458776295185, -0.0021696980111300945, -8.120065467664972e-05, 0.00047347124200314283, 0.00014023859694134444, -0.003699271706864238, 0.01604398339986801, -0.005138094071298838, -0.0004610308969859034], [-0.0003548521490301937, -0.0002703425707295537, 0.00045025136205367744, 0.0008833265746943653, -0.000672586087603122, 0.00016293153748847544, -0.0020092776976525784, 0.0014717619633302093, -0.0004214611544739455, 7.347855716943741e-05, -0.005138094071298838, 0.015551036223769188, -0.007422064431011677], [-0.0004757890128530562, -0.00031159305945038795, -0.00011814792378572747, -0.0001545873674331233, -0.0021940688602626324, 0.0009319448145106435, 0.001703188638202846, -0.000981382792815566, -0