{"song_id": "1183702941551558706", "download": "https://cdn.discordapp.com/attachments/1128313332273782784/1183702941551558706/chirp.mp4?ex=65894c45&amp", "lyrics": "chanson\n\n[verse]\n\u0417\u0430\u0433\u0430\u0434\u043e\u0447\u043d\u0430\u044f \u0434\u0443\u0448\u0430 \u0443 \u043a\u043e\u0441\u0442\u0440\u0430 \u0433\u043e\u0440\u0438\u0442\n\u0412 \u043f\u0435\u0447\u0430\u043b\u0438 \u043c\u043e\u044f \u0433\u0438\u0442\u0430\u0440\u0430 \u043f\u043e\u044d\u0442\u0430\n\u041f\u043e \u0433\u0440\u0443\u0441\u0442\u043d\u044b\u043c \u0442\u0440\u043e\u043f\u0438\u043d\u043a\u0430\u043c \u043c\u0430\u043d\u0438\u0442 \u043e\u043d\u0430\n\u0422\u0443\u0434\u0430, \u0433\u0434\u0435 \u0437\u0430\u0436\u0438\u0433\u0430\u0435\u0442 \u0441\u043b\u0435\u0437\u044b \u0448\u0430\u043d\u0441\u043e\u043d\n\n[chorus]\n\u041e\u043e\u043e\u043e, \u0448\u0430\u043d\u0441\u043e\u043d \u043f\u0440\u043e\u0448\u0435\u043f\u0442\u0430\u043b \u0432 \u0437\u043d\u043e\u0439\u043d\u043e\u0439 \u0442\u0438\u0448\u0438\u043d\u0435\n\u041e\u043e\u043e\u043e, \u0441\u0435\u0440\u0434\u0446\u0435 \u0442\u0440\u0435\u0432\u043e\u0433\u043e\u0439 \u043e\u043a\u0443\u0442\u0430\u043b\u043e \u0441\u0435\u0431\u0435\n\u041e\u043e\u043e\u043e, \u0437\u0430\u0436\u0433\u043b\u0438 \u0432 \u0434\u0443\u0448\u0435 \u0442\u043e\u0441\u043a\u0443 \u0438 \u0441\u0432\u0435\u0442 \u0437\u0432\u0435\u0437\u0434\u044b\n\u041e\u043e\u043e\u043e, \u0448\u0430\u043d\u0441\u043e\u043d \u0433\u043e\u0440\u044c\u043a\u043e\u0439 \u0441\u043b\u0430\u0434\u043e\u0441\u0442\u044c\u044e \u043e\u0432\u0435\u044f\u043b", "style": ["new orleans dark rap"], "essentia_features": {"lowlevel.average_loudness": 0.8804153800010681, "lowlevel.barkbands_crest.mean": 12.51396369934082, "lowlevel.barkbands_crest.stdev": 5.507145881652832, "lowlevel.barkbands_flatness_db.mean": 0.1654784083366394, "lowlevel.barkbands_flatness_db.stdev": 0.07544896006584167, "lowlevel.barkbands_kurtosis.mean": 14.923184394836426, "lowlevel.barkbands_kurtosis.stdev": 35.92916488647461, "lowlevel.barkbands_skewness.mean": 2.3337669372558594, "lowlevel.barkbands_skewness.stdev": 2.6723287105560303, "lowlevel.barkbands_spread.mean": 28.809852600097656, "lowlevel.barkbands_spread.stdev": 21.505332946777344, "lowlevel.dissonance.mean": 0.46530720591545105, "lowlevel.dissonance.stdev": 0.032581016421318054, "lowlevel.dynamic_complexity": 4.260303497314453, "lowlevel.erbbands_crest.mean": 10.7601318359375, "lowlevel.erbbands_crest.stdev": 6.337536811828613, "lowlevel.erbbands_flatness_db.mean": 0.13871122896671295, "lowlevel.erbbands_flatness_db.stdev": 0.04486346244812012, "lowlevel.erbbands_kurtosis.mean": 1.0220853090286255, "lowlevel.erbbands_kurtosis.stdev": 3.0352730751037598, "lowlevel.erbbands_skewness.mean": 0.12699338793754578, "lowlevel.erbbands_skewness.stdev": 1.0490038394927979, "lowlevel.erbbands_spread.mean": 51.346797943115234, "lowlevel.erbbands_spread.stdev": 28.274099349975586, "lowlevel.hfc.mean": 31.871932983398438, "lowlevel.hfc.stdev": 43.39693832397461, "lowlevel.loudness_ebu128.integrated": -16.273460388183594, "lowlevel.loudness_ebu128.loudness_range": 6.179523468017578, "lowlevel.loudness_ebu128.momentary.mean": -17.47513198852539, "lowlevel.loudness_ebu128.momentary.stdev": 5.253444194793701, "lowlevel.loudness_ebu128.short_term.mean": -16.76033592224121, "lowlevel.loudness_ebu128.short_term.stdev": 2.0199031829833984, "lowlevel.melbands_crest.mean": 18.719263076782227, "lowlevel.melbands_crest.stdev": 7.396355152130127, "lowlevel.melbands_flatness_db.mean": 0.2266119420528412, "lowlevel.melbands_flatness_db.stdev": 0.11338143050670624, "lowlevel.melbands_kurtosis.mean": 49.05322265625, "lowlevel.melbands_kurtosis.stdev": 119.6546859741211, "lowlevel.melbands_skewness.mean": 4.351776599884033, "lowlevel.melbands_skewness.stdev": 3.918980598449707, "lowlevel.melbands_spread.mean": 30.607980728149414, "lowlevel.melbands_spread.stdev": 34.22977828979492, "lowlevel.pitch_salience.mean": 0.454726904630661, "lowlevel.pitch_salience.stdev": 0.1595252901315689, "lowlevel.silence_rate_20dB.mean": 1.0, "lowlevel.silence_rate_20dB.stdev": 0.0, "lowlevel.silence_rate_30dB.mean": 0.9374275803565979, "lowlevel.silence_rate_30dB.stdev": 0.24219097197055817, "lowlevel.silence_rate_60dB.mean": 0.08922363817691803, "lowlevel.silence_rate_60dB.stdev": 0.28506436944007874, "lowlevel.spectral_centroid.mean": 1858.5458984375, "lowlevel.spectral_centroid.stdev": 1088.8966064453125, "lowlevel.spectral_complexity.mean": 13.388760566711426, "lowlevel.spectral_complexity.stdev": 12.019495964050293, "lowlevel.spectral_decrease.mean": -9.109054843747799e-09, "lowlevel.spectral_decrease.stdev": 1.0237532599433052e-08, "lowlevel.spectral_energy.mean": 0.03727056831121445, "lowlevel.spectral_energy.stdev": 0.03974496200680733, "lowlevel.spectral_energyband_high.mean": 0.002493940992280841, "lowlevel.spectral_energyband_high.stdev": 0.004194167442619801, "lowlevel.spectral_energyband_low.mean": 0.024541707709431648, "lowlevel.spectral_energyband_low.stdev": 0.035167258232831955, "lowlevel.spectral_energyband_middle_high.mean": 0.0049435533583164215, "lowlevel.spectral_energyband_middle_high.stdev": 0.007869545370340347, "lowlevel.spectral_energyband_middle_low.mean": 0.006209574174135923, "lowlevel.spectral_energyband_middle_low.stdev": 0.008386327885091305, "lowlevel.spectral_entropy.mean": 7.777003288269043, "lowlevel.spectral_entropy.stdev": 0.5295392870903015, "lowlevel.spectral_flux.mean": 0.09585193544626236, "lowlevel.spectral_flux.stdev": 0.08233135938644409, "lowlevel.spectral_kurtosis.mean": 2.9674172401428223, "lowlevel.spectral_kurtosis.stdev": 2.119500160217285, "lowlevel.spectral_rms.mean": 0.005293439608067274, "lowlevel.spectral_rms.stdev": 0.002888086484745145, "lowlevel.spectral_rolloff.mean": 2758.714111328125, "lowlevel.spectral_rolloff.stdev": 3583.00732421875, "lowlevel.spectral_skewness.mean": 1.3054594993591309, "lowlevel.spectral_skewness.stdev": 0.41949227452278137, "lowlevel.spectral_spread.mean": 6242983.5, "lowlevel.spectral_spread.stdev": 2017123.0, "lowlevel.spectral_strongpeak.mean": 0.8065194487571716, "lowlevel.spectral_strongpeak.stdev": 1.1913305521011353, "lowlevel.zerocrossingrate.mean": 0.09964191168546677, "lowlevel.zerocrossingrate.stdev": 0.0876416340470314, "metadata.audio_properties.analysis.equal_loudness": 0.0, "metadata.audio_properties.analysis.length": 40.04265213012695, "metadata.audio_properties.analysis.sample_rate": 44100.0, "metadata.audio_properties.analysis.start_time": 0.0, "metadata.audio_properties.bit_rate": 121705.0, "metadata.audio_properties.length": 40.042667388916016, "metadata.audio_properties.lossless": 0.0, "metadata.audio_properties.number_channels": 1.0, "metadata.audio_properties.replay_gain": -10.224323272705078, "metadata.audio_properties.sample_rate": 48000.0, "rhythm.beats_count": 85.0, "rhythm.beats_loudness.mean": 0.03814922645688057, "rhythm.beats_loudness.stdev": 0.022781288251280785, "rhythm.bpm": 128.12313842773438, "rhythm.bpm_histogram_first_peak_bpm": 129.0, "rhythm.bpm_histogram_first_peak_weight": 0.3414633870124817, "rhythm.bpm_histogram_second_peak_bpm": 123.0, "rhythm.bpm_histogram_second_peak_spread": 0.0, "rhythm.bpm_histogram_second_peak_weight": 0.02380952425301075, "rhythm.danceability": 1.1491963863372803, "rhythm.onset_rate": 4.01953125, "tonal.chords_changes_rate": 0.07870370149612427, "tonal.chords_number_rate": 0.015046296641230583, "tonal.chords_strength.mean": 0.5514858961105347, "tonal.chords_strength.stdev": 0.1024675965309143, "tonal.hpcp_crest.mean": 12.591314315795898, "tonal.hpcp_crest.stdev": 5.275265693664551, "tonal.hpcp_entropy.mean": 2.0452401638031006, "tonal.hpcp_entropy.stdev": 0.7596519589424133, "tonal.key_edma.strength": 0.6524763107299805, "tonal.key_krumhansl.strength": 0.6457967758178711, "tonal.key_temperley.strength": 0.6394699811935425, "tonal.tuning_diatonic_strength": 0.5444813370704651, "tonal.tuning_equal_tempered_deviation": 0.20487158000469208, "tonal.tuning_frequency": 434.193115234375, "tonal.tuning_nontempered_energy_ratio": 0.869868278503418, "lowlevel.barkbands.mean": [0.0012401260901242495, 0.015879403799772263, 0.006594713311642408, 0.0014825676335021853, 0.0007968375575728714, 0.0002995055401697755, 0.0003759259998332709, 0.0019895166624337435, 0.0011278988095000386, 0.001617728266865015, 0.00066346675157547, 0.0005155341932550073, 0.0003840857243631035, 0.00028708906029351056, 0.00019486826204229146, 0.00020448796567507088, 0.000256324652582407, 0.0003224514948669821, 0.0003215923788957298, 0.0005546500324271619, 0.0003714263148140162, 0.0003242620441596955, 0.00045224843779578805, 0.0003088208904955536, 0.00029291442479006946, 0.0004062302177771926, 5.919142950006062e-06], "lowlevel.barkbands.stdev": [0.0028581651858985424, 0.024593506008386612, 0.012809262610971928, 0.0025932115968316793, 0.0012635423336178064, 0.0009530028910376132, 0.0013749803183600307, 0.0049353670328855515, 0.004292593337595463, 0.0050130439922213554, 0.0027337674982845783, 0.001620244001969695, 0.001379354391247034, 0.0007805488421581686, 0.0004916632897220552, 0.0005569615750573575, 0.0006429682252928615, 0.0006238159257918596, 0.0005690079997293651, 0.0009062412427738309, 0.0006779798422940075, 0.0006668732967227697, 0.0008709472604095936, 0.0005750307464040816, 0.0006503295735456049, 0.000843703281134367, 1.836679621192161e-05], "lowlevel.erbbands.mean": [0.5599137544631958, 3.130863666534424, 7.813194274902344, 6.137720584869385, 3.460395574569702, 2.5389065742492676, 3.0365874767303467, 2.1122944355010986, 2.23140811920166, 17.370927810668945, 49.731040954589844, 27.656963348388672, 26.05931282043457, 64.60235595703125, 21.91628074645996, 21.768814086914062, 18.037187576293945, 16.071115493774414, 12.326263427734375, 8.604333877563477, 13.11373233795166, 15.17142391204834, 16.56894874572754, 17.06412124633789, 18.077383041381836, 26.710283279418945, 20.13417625427246, 11.70056438446045, 12.063919067382812, 11.770550727844238, 12.739283561706543, 8.749374389648438, 4.091110706329346, 2.5892250537872314, 2.418503761291504, 2.0370590686798096, 0.6764003038406372, 0.07620947062969208, 0.0015111936954781413, 0.00010522462980588898], "lowlevel.erbbands.stdev": [1.001559853553772, 5.413473606109619, 15.393045425415039, 10.677518844604492, 5.398017883300781, 5.037466526031494, 6.525331974029541, 7.3568434715271, 5.555722713470459, 53.49490737915039, 118.19657135009766, 103.38379669189453, 69.9241714477539, 213.43812561035156, 62.43916320800781, 65.42839050292969, 60.81399154663086, 42.96168518066406, 27.66881561279297, 19.11215591430664, 35.62381362915039, 37.6653938293457, 32.871456146240234, 28.927885055541992, 32.8702392578125, 45.048728942871094, 33.61942672729492, 22.55136489868164, 24.691936492919922, 24.199647903442383, 24.438304901123047, 15.908942222595215, 8.387292861938477, 6.456061363220215, 5.251518249511719, 4.330466270446777, 1.4101433753967285, 0.16152215003967285, 0.0031131887808442116, 0.00013882422354072332], "lowlevel.gfcc.mean": [-15.762406349182129, 37.00600051879883, -90.43338775634766, 41.85374450683594, -51.70962142944336, 27.931509017944336, -20.462039947509766, 27.32556915283203, -23.036510467529297, 9.092814445495605, -22.904632568359375, 1.3145321607589722, -23.891809463500977], "lowlevel.melbands.mean": [0.00460435776039958, 0.003968052100390196, 0.0010130973532795906, 0.0001860872725956142, 0.00011296923912595958, 4.8536421672906727e-05, 4.247073593433015e-05, 0.0002369689173065126, 0.00039058775291778147, 0.0001515599578851834, 0.00012911374506074935, 0.0002726612437982112, 8.230314415413886e-05, 6.153843423817307e-05, 4.262627044226974e-05, 3.778073005378246e-05, 2.818674147420097e-05, 2.034487079072278e-05, 1.2785246326529887e-05, 1.0874394320126157e-05, 1.6172569303307682e-05, 1.56209607666824e-05, 1.4430554983846378e-05, 1.5914181858533993e-05, 1.3510214557754807e-05, 1.1804714631580282e-05, 1.4985820598667488e-05, 1.886288919195067e-05, 1.3727571968047414e-05, 8.994403287942987e-06, 6.004499482514802e-06, 6.762848443031544e-06, 6.3943707573344e-06, 6.704718543915078e-06, 7.026497314654989e-06, 7.462439953087596e-06, 4.601007731253048e-06, 2.9133855150575982e-06, 2.2883755264047068e-06, 2.146828819604707e-06], "lowlevel.melbands.stdev": [0.00725910859182477, 0.007320908829569817, 0.0016717036487534642, 0.00028580575599335134, 0.00022072572028264403, 0.00016727461479604244, 0.00012710272858384997, 0.0006719820667058229, 0.0009435356478206813, 0.0005874924827367067, 0.0003727691655512899, 0.0008967430330812931, 0.0002895655925385654, 0.00020258572476450354, 0.0001505421823821962, 0.00011242431355640292, 8.099110709736124e-05, 5.0920090870931745e-05, 3.837143594864756e-05, 2.5237246518372558e-05, 4.654320946428925e-05, 4.099808938917704e-05, 3.25129549310077e-05, 3.285108687123284e-05, 2.343894084333442e-05, 2.2072541469242424e-05, 2.703500649658963e-05, 3.420563371037133e-05, 2.4441529603791423e-05, 1.751667878124863e-05, 1.2183689250377938e-05, 1.3960387150291353e-05, 1.372428687318461e-05, 1.3997162568557542e-05, 1.3822648725181352e-05, 1.405048169544898e-05, 8.585508112446405e-06, 5.842491191287991e-06, 5.790012892248342e-06, 5.653455900755944e-06], "lowlevel.melbands128.mean": [0.0011584220919758081, 0.00485987588763237, 0.005583645775914192, 0.005042433273047209, 0.004498679656535387, 0.0028589663561433554, 0.0012576779117807746, 0.000644221727270633, 0.0003151158452965319, 0.00011459228699095547, 0.00014309563266579062, 0.00013855172437615693, 0.00010298073175363243, 8.876230276655406e-05, 4.8529680498177186e-05, 2.8500509870355017e-05, 2.0692146790679544e-05, 2.1765908968518488e-05, 8.394930773647502e-05, 0.0002017075166804716, 0.00025217232177965343, 0.0005228132358752191, 0.00043248452129773796, 0.0002422907273285091, 0.0001901374344015494, 9.139130997937173e-05, 0.00011362196528352797, 8.893016638467088e-05, 0.00016411879914812744, 0.00035423797089606524, 0.0003094266285188496, 0.00011721892951754853, 8.121735299937427e-05, 3.101796392002143e-05, 6.356320227496326e-05, 7.446064410032704e-05, 6.046389171388e-05, 2.526302523619961e-05, 4.970763984601945e-05, 4.00654535042122e-05, 2.8172107704449445e-05, 4.5164080802351236e-05, 2.9960401661810465e-05, 1.7221747839357704e-05, 2.430465792713221e-05, 2.0933810446877033e-05, 1.8146976799471304e-05, 1.1776226529036649e-05, 1.0688922884583008e-05, 1.178047477878863e-05, 8.694277312315535e-06, 1.1704561984515749e-05, 1.9520717614796013e-05, 1.6259675248875283e-05, 1.3562606909545138e-05, 1.7622276573092677e-05, 1.4590330465580337e-05, 1.4875217857479583e-05, 1.491350576543482e-05, 1.2554216482385527e-05, 1.7639149518799968e-05, 1.71094015968265e-05, 1.3021790437051095e-05, 1.4038055269338656e-05, 1.1261863619438373e-05, 1.0612147889332846e-05, 1.3045156265434343e-05, 1.3024194231547881e-05, 1.6031170162023045e-05, 1.6808375221444294e-05, 1.9758826965698972e-05, 1.9964065359090455e-05, 1.576217073306907e-05, 1.2724302905553486e-05, 1.1043653103115503e-05, 1.0261805982736405e-05, 7.733713573543355e-06, 5.610001153399935e-06, 6.084741926315473e-06, 5.7478864619042724e-06, 6.5704266489774454e-06, 7.292136160685914e-06, 7.152557827794226e-06, 6.197419679665472e-06, 5.613293069473002e-06, 6.929594292159891e-06, 6.8610002017521765e-06, 6.852199931017822e-06, 6.169244443299249e-06, 8.102932952169795e-06, 8.325368980877101e-06, 7.660574738110881e-06, 5.3401090553961694e-06, 4.878498657490127e-06, 3.744659807125572e-06, 3.347368874528911e-06, 2.5690226266306126e-06, 2.5301301320723724e-06, 2.4783032586128684e-06, 2.1653702333424008e-06, 1.669494622547063e-06, 2.347112058487255e-06, 2.301315362274181e-06, 2.6671996238292195e-06, 2.272852043461171e-06, 2.918467998824781e-06, 3.740902002391522e-06, 3.3038895708159544e-06, 3.755750185518991e-06, 4.020971118734451e-06, 3.4046538530674297e-06, 2.3484051325795008e-06, 2.0054294509463944e-06, 1.6827777926664567e-06, 1.3148597872714163e-06, 8.752237476983282e-07, 2.5180770535371266e-07, 6.866660129389857e-09, 4.336906389568185e-10, 2.3072360688658478e-10, 1.6999157637087592e-10, 5.735877744994511e-11, 9.00822905852694e-12, 8.643585847067925e-12, 7.506989821437493e-12, 5.707472688909476e-12, 4.73743917359104e-12, 4.570764339933975e-12], "lowlevel.melbands128.stdev": [0.002733011497184634, 0.009941947646439075, 0.008682847023010254, 0.010118300095200539, 0.009351753629744053, 0.005452812649309635, 0.0023132404312491417, 0.0010912780417129397, 0.0005561566795222461, 0.0002532718062866479, 0.0003537875600159168, 0.0003170722920913249, 0.0002445236314088106, 0.00038138817762956023, 0.00021286343690007925, 0.00011579773854464293, 6.504808698082343e-05, 8.277763117803261e-05, 0.0003502082545310259, 0.0008203221368603408, 0.0010444020153954625, 0.001418227213434875, 0.0011969662737101316, 0.0012776927324011922, 0.0010395641438663006, 0.00042295994353480637, 0.0005020726821385324, 0.0003913852560799569, 0.0007125869742594659, 0.0013519157655537128, 0.001311980071477592, 0.0005435682833194733, 0.00044245197204872966, 0.00010344005568185821, 0.0003057634166907519, 0.0002978242700919509, 0.00024823221610859036, 0.00011676087160594761, 0.0003085246426053345, 0.00019071753195021302, 0.00011096921662101522, 0.00016748298367019743, 0.0001406291703460738, 5.947288082097657e-05, 0.0001061212969943881, 6.411396316252649e-05, 5.51434131921269e-05, 6.958822632441297e-05, 3.4732805943349376e-05, 3.053353793802671e-05, 2.568195304775145e-05, 3.8119698729133233e-05, 7.746706978650764e-05, 5.9908965340582654e-05, 3.443702371441759e-05, 6.201946234796196e-05, 4.7522156819468364e-05, 4.723586971522309e-05, 3.827728869509883e-05, 3.310892134322785e-05, 4.459761476027779e-05, 4.2558731365716085e-05, 2.904784560087137e-05, 2.6549740141490474e-05, 2.3497203073929995e-05, 2.1697811462217942e-05, 2.950813177449163e-05, 3.181281135766767e-05, 3.3700787753332406e-05, 3.1258416129276156e-05, 4.9399706767871976e-05, 4.223759242449887e-05, 3.2360072509618476e-05, 3.127160744043067e-05, 2.1500918592209928e-05, 2.2777581762056798e-05, 1.7848144125309773e-05, 1.3249982657725923e-05, 1.3375980415730737e-05, 1.2335824067122303e-05, 1.5363722923211753e-05, 1.5943347534630448e-05, 1.7622382074478082e-05, 1.4107734386925586e-05, 1.3579707228927873e-05, 1.6072712242021225e-05, 1.5631379937985912e-05, 1.5362673366325907e-05, 1.2885044270660728e-05, 1.7642953025642782e-05, 1.6220992620219477e-05, 1.6184138075914234e-05, 1.0322929483663756e-05, 9.98619907477405e-06, 7.889410881034564e-06, 6.969651167310076e-06, 5.619715466309572e-06, 6.125693289504852e-06, 6.8197814471204765e-06, 6.2223161876318045e-06, 5.0283065320400055e-06, 6.645448138442589e-06, 6.750520697096363e-06, 6.902741915837396e-06, 5.4516649470315315e-06, 6.65282050249516e-06, 8.45761223899899e-06, 7.698828994762152e-06, 8.909856660466176e-06, 8.634048754174728e-06, 8.150183020916302e-06, 5.212716587266186e-06, 4.449232164915884e-06, 3.722240080605843e-06, 2.9249524686747463e-06, 2.0862055407633306e-06, 7.263922157108027e-07, 3.8541934088698326e-08, 1.0836147090742543e-08, 7.181919503551626e-09, 5.177245743226422e-09, 1.5936232333757516e-09, 9.342047968541323e-11, 8.8130870656844e-11, 6.42333061739997e-11, 2.5743473325290367e-11, 9.592784032397272e-12, 9.05317921323645e-12], "lowlevel.mfcc.mean": [-670.751220703125, 75.25679016113281, 16.46790885925293, 29.167621612548828, 2.8721911907196045, 11.468942642211914, 11.464977264404297, 18.87944221496582, 6.130289077758789, 16.14545249938965, 3.107771635055542, 9.843964576721191, 2.1375794410705566], "lowlevel.spectral_contrast_coeffs.mean": [-0.7112929821014404, -0.7289136052131653, -0.758457601070404, -0.8037420511245728, -0.7975057363510132, -0.7476200461387634], "lowlevel.spectral_contrast_coeffs.stdev": [0.07674706727266312, 0.09811938554048538, 0.09765739738941193, 0.061403799802064896, 0.04999884217977524, 0.049128998070955276], "lowlevel.spectral_contrast_valleys.mean": [-7.357925891876221, -7.696518898010254, -8.089728355407715, -8.240782737731934, -7.580344200134277, -10.104902267456055], "lowlevel.spectral_contrast_valleys.stdev": [1.6351444721221924, 1.07159423828125, 1.2641875743865967, 1.1656464338302612, 1.2121251821517944, 1.288278579711914], "rhythm.beats_loudness_band_ratio.mean": [0.45389583706855774, 0.021748309955000877, 0.11754225194454193, 0.09764883667230606, 0.0540086068212986, 0.2626619338989258], "rhythm.beats_loudness_band_ratio.stdev": [0.3336341083049774, 0.02830819971859455, 0.141046404838562, 0.11052356660366058, 0.04933556541800499, 0.24367210268974304], "tonal.hpcp.mean": [0.17752721905708313, 0.16914892196655273, 0.08773919194936752, 0.059992190450429916, 0.04926610365509987, 0.07312694936990738, 0.16390825808048248, 0.19120842218399048, 0.1167895495891571, 0.07803281396627426, 0.06433422118425369, 0.06231296807527542, 0.09882417321205139, 0.10024278610944748, 0.0808011144399643, 0.17389513552188873, 0.16829757392406464, 0.06524502485990524, 0.05763130635023117, 0.05661620944738388, 0.06438127160072327, 0.12328491359949112, 0.12834212183952332, 0.08720637857913971, 0.09557066857814789, 0.10893450677394867, 0.13590210676193237, 0.19618777930736542, 0.18616724014282227, 0.126341313123703, 0.13647224009037018, 0.1217396929860115, 0.08424053341150284, 0.08700712770223618, 0.08856433629989624, 0.10423584282398224], "tonal.hpcp.stdev": [0.3196737468242645, 0.2964003384113312, 0.21046026051044464, 0.1733129471540451, 0.14808830618858337, 0.17017816007137299, 0.28680485486984253, 0.3288854956626892, 0.21923615038394928, 0.20516066253185272, 0.16932614147663116, 0.1583106815814972, 0.20664134621620178, 0.2074350118637085, 0.15725964307785034, 0.2842423617839813, 0.27543187141418457, 0.15651914477348328, 0.15217997133731842, 0.1554538458585739, 0.15584512054920197, 0.2553321123123169, 0.2575371563434601, 0.20101353526115417, 0.22200006246566772, 0.23735159635543823, 0.261595755815506, 0.3076132535934448, 0.2886817157268524, 0.23305904865264893, 0.2765207290649414, 0.256545752286911, 0.18907099962234497, 0.18808601796627045, 0.20627301931381226, 0.21049363911151886], "rhythm.beats_position": [0.4876190423965454, 0.9752380847930908, 1.4512470960617065, 1.9272562265396118, 2.391655206680298, 2.8560543060302734, 3.320453405380249, 3.7848525047302246, 4.260861396789551, 4.736870765686035, 5.201269626617432, 5.665668964385986, 6.130067825317383, 6.606077194213867, 7.082086086273193, 7.54648494720459, 8.010884284973145, 8.4752836227417, 8.939682006835938, 9.415691375732422, 9.891700744628906, 10.356099128723145, 10.8204984664917, 11.284897804260254, 11.760907173156738, 12.236915588378906, 12.701314926147461, 13.165714263916016, 13.63011360168457, 14.094511985778809, 14.558911323547363, 15.034920692443848, 15.510929107666016, 15.97532844543457, 16.439727783203125, 16.90412712097168, 17.380136489868164, 17.856143951416016, 18.32054328918457, 18.784942626953125, 19.24934196472168, 19.725351333618164, 20.20136070251465, 20.665760040283203, 21.130157470703125, 21.59455680847168, 22.058956146240234, 22.52335548400879, 22.999364852905273, 23.475374221801758, 23.939773559570312, 24.404170989990234, 24.86857032775879, 25.344579696655273, 25.820589065551758, 26.284988403320312, 26.749387741088867, 27.213787078857422, 27.678184509277344, 28.154193878173828, 28.630203247070312, 29.094602584838867, 29.559001922607422, 30.023401260375977, 30.48780059814453, 30.975418090820312, 31.439817428588867, 31.904216766357422, 32.36861801147461, 32.83301544189453, 33.29741287231445, 33.77342224121094, 34.24943161010742, 34.71383285522461, 35.17823028564453, 35.64263153076172, 36.11863708496094, 36.59464645385742, 37.05904769897461, 37.52344512939453, 37.98784637451172, 38.4638557434082, 38.93986511230469, 39.40426254272461, 39.86865997314453], "rhythm.bpm_histogram": [0.0, 0.0, 0.0, 0.0, 0.0, 0.0, 0.0, 0.0, 0.0, 0.0, 0.0, 0.0, 0.0, 0.0, 0.0, 0.0, 0.0, 0.0, 0.0, 0.0, 0.0, 0.0, 0.0, 0.0, 0.0, 0.0, 0.0, 0.0, 0.0, 0.0, 0.0, 0.0, 0.0, 0.0, 0.0, 0.0, 0.0, 0.0, 0.0, 0.0, 0.0, 0.0, 0.0, 0.0, 0.0, 0.0, 0.0, 0.0, 0.0, 0.0, 0.0, 0.0, 0.0, 0.0, 0.0, 0.0, 0.0, 0.0, 0.0, 0.0, 0.0, 0.0, 0.0, 0.0, 0.0, 0.0, 0.0, 0.0, 0.0, 0.0, 0.0, 0.0, 0.0, 0.0, 0.0, 0.0, 0.0, 0.0, 0.0, 0.0, 0.0, 0.0, 0.0, 0.0, 0.0, 0.0, 0.0, 0.0, 0.0, 0.0, 0.0, 0.0, 0.0, 0.0, 0.0, 0.0, 0.0, 0.0, 0.0, 0.0, 0.0, 0.0, 0.0, 0.0, 0.0, 0.0, 0.0, 0.0, 0.0, 0.0, 0.0, 0.0, 0.0, 0.0, 0.0, 0.0, 0.0, 0.0, 0.0, 0.0, 0.0, 0.0, 0.0, 0.02380952425301075, 0.0, 0.0, 0.3333333432674408, 0.0, 0.0, 0.6428571343421936, 0.0, 0.0, 0.0, 0.0, 0.0, 0.0, 0.0, 0.0, 0.0, 0.0, 0.0, 0.0, 0.0, 0.0, 0.0, 0.0, 0.0, 0.0, 0.0, 0.0, 0.0, 0.0, 0.0, 0.0, 0.0, 0.0, 0.0, 0.0, 0.0, 0.0, 0.0, 0.0, 0.0, 0.0, 0.0, 0.0, 0.0, 0.0, 0.0, 0.0, 0.0, 0.0, 0.0, 0.0, 0.0, 0.0, 0.0, 0.0, 0.0, 0.0, 0.0, 0.0, 0.0, 0.0, 0.0, 0.0, 0.0, 0.0, 0.0, 0.0, 0.0, 0.0, 0.0, 0.0, 0.0, 0.0, 0.0, 0.0, 0.0, 0.0, 0.0, 0.0, 0.0, 0.0, 0.0, 0.0, 0.0, 0.0, 0.0, 0.0, 0.0, 0.0, 0.0, 0.0, 0.0, 0.0, 0.0, 0.0, 0.0, 0.0, 0.0, 0.0, 0.0, 0.0, 0.0, 0.0, 0.0, 0.0, 0.0, 0.0, 0.0, 0.0, 0.0, 0.0, 0.0, 0.0, 0.0, 0.0, 0.0, 0.0, 0.0, 0.0, 0.0, 0.0, 0.0, 0.0, 0.0, 0.0, 0.0, 0.0], "tonal.chords_histogram": [12.384259223937988, 22.106481552124023, 25.925926208496094, 6.134259223937988, 6.134259223937988, 8.101851463317871, 2.8935184478759766, 0.3472222089767456, 2.430555582046509, 0.0, 0.0, 0.0, 2.1990740299224854, 0.9259259104728699, 0.23148147761821747, 0.0, 0.0, 1.7361111640930176, 0.0, 1.3888888359069824, 5.55555534362793, 0.0, 0.11574073880910873, 1.3888888359069824], "tonal.thpcp": [1.0, 0.9489237070083618, 0.6439815759658813, 0.6956204771995544, 0.6205263733863831, 0.42938727140426636, 0.4434890151023865, 0.45142635703086853, 0.5313065052032471, 0.9048841595649719, 0.8621786832809448, 0.44722047448158264, 0.30578964948654175, 0.251117080450058, 0.3727395832538605, 0.835466206073761, 0.974619448184967, 0.595294713973999, 0.3977455496788025, 0.32792165875434875, 0.3176189959049225, 0.5037223696708679, 0.5109532475471497, 0.4118559956550598, 0.8863708972930908, 0.8578392267227173, 0.33256417512893677, 0.29375582933425903, 0.2885817289352417, 0.32816147804260254, 0.628402590751648, 0.6541799902915955, 0.44450464844703674, 0.4871387481689453, 0.5552563071250916, 0.6927144527435303], "lowlevel.gfcc.cov": [[12618.505859375, 380.8630676269531, 93.86749267578125, 289.8201599121094, 278.96002197265625, 679.4756469726562, 478.3581848144531, 321.3567810058594, -318.7262268066406, -160.460205078125, -198.01776123046875, -152.57281494140625, -112.84424591064453], [380.8630676269531, 2600.037109375, 793.474365234375, 301.6591796875, 705.0103149414062, 254.86529541015625, 342.6667785644531, 52.51401901245117, 86.96659088134766, -175.07020568847656, 164.71104431152344, -262.0919494628906, 22.153831481933594], [93.86749267578125, 793.474365234375, 1539.432861328125, 510.9697570800781, 500.0215148925781, 181.52511596679688, 134.5696258544922, 100.82295227050781, 92.88705444335938, 13.581888198852539, -32.17371368408203, -21.926719665527344, -106.97695922851562], [289.8201599121094, 301.6591796875, 510.9697570800781, 833.726806640625, 378.8245544433594, 129.28713989257812, 31.375553131103516, 58.832603454589844, 86.56009674072266, -6.068015098571777, 34.30628204345703, -48.67245101928711, 45.100093841552734], [278.96002197265625, 705.0103149414062, 500.0215148925781, 378.8245544433594, 604.3289794921875, 244.72630310058594, 181.6732177734375, 83.28728485107422, 103.1911849975586, -15.186708450317383, 20.893434524536133, -27.663564682006836, 7.198426246643066], [679.4756469726562, 254.86529541015625, 181.52511596679688, 129.28713989257812, 244.72630310058594, 378.71258544921875, 248.5762176513672, 72.12283325195312, 40.14338684082031, -1.665516972541809, 25.94912338256836, -24.65346908569336, -17.59406280517578], [478.3581848144531, 342.6667785644531, 134.5696258544922, 31.375553131103516, 181.6732177734375, 248.5762176513672, 328.3939514160156, 100.79655456542969, 50.111488342285156, -9.69027042388916, 28.132488250732422, -31.079513549804688, -42.53514862060547], [321.3567810058594, 52.51401901245117, 100.82295227050781, 58.832603454589844, 83.28728485107422, 72.12283325195312, 100.79655456542969, 155.49400329589844, 115.12936401367188, 46.323585510253906, 12.683104515075684, -3.821629524230957, -18.023340225219727], [-318.7262268066406, 86.96659088134766, 92.88705444335938, 86.56009674072266, 103.1911849975586, 40.14338684082031, 50.111488342285156, 115.12936401367188, 220.89683532714844, 92.74801635742188, 19.008220672607422, 5.521671295166016, -25.147401809692383], [-160.460205078125, -175.07020568847656, 13.581888198852539, -6.068015098571777, -15.186708450317383, -1.665516972541809, -9.69027042388916, 46.323585510253906, 92.74801635742188, 129.46495056152344, 35.829898834228516, 36.226531982421875, -16.092905044555664], [-198.01776123046875, 164.71104431152344, -32.17371368408203, 34.30628204345703, 20.893434524536133, 25.94912338256836, 28.132488250732422, 12.683104515075684, 19.008220672607422, 35.829898834228516, 136.22447204589844, 4.9840545654296875, 48.22980499267578], [-152.57281494140625, -262.0919494628906, -21.926719665527344, -48.67245101928711, -27.663564682006836, -24.65346908569336, -31.079513549804688, -3.821629524230957, 5.521671295166016, 36.226531982421875, 4.9840545654296875, 125.40087127685547, 21.751195907592773], [-112.84424591064453, 22.153831481933594, -106.97695922851562, 45.100093841552734, 7.198426246643066, -17.59406280517578, -42.53514862060547, -18.023340225219727, -25.147401809692383, -16.092905044555664, 48.22980499267578, 21.751195907592773, 135.8587646484375]], "lowlevel.gfcc.icov": [[0.00013199336535762995, -0.00013343615864869207, 0.00011816044570878148, -0.00013706520257983357, 0.00010226906306343153, -0.00029021274531260133, 0.00014249092782847583, -0.0007194876088760793, 0.0007173584308475256, -0.00033601035829633474, 0.0004378716694191098, -0.00014766911044716835, 0.0001372738042846322], [-0.00013343615864869207, 0.0016513343434780836, -0.0007702004513703287, 0.0009030764340423048, -0.0015024482272565365, 0.0010438429890200496, -0.000989351188763976, 0.0018269206630066037, -0.002158529357984662, 0.002801563823595643, -0.002846121322363615, 0.002696854993700981, -0.000628047448117286], [0.00011816044570878148, -0.0007702004513703287, 0.0014853480970486999, -0.000904225162230432, -6.114704592619091e-05, -0.0004639678809326142, 0.0005677356966771185, -0.0015151170082390308, 0.0017052253242582083, -0.00156443624291569, 0.0015202020294964314, -0.001501498045399785, 0.001444438355974853], [-0.00013706520257983357, 0.0009030764340423048, -0.000904225162230432, 0.00259088771417737, -0.0016707845497876406, 0.0002796615881379694, 0.0003302520199213177, 0.0010516340844333172, -0.0018842688295990229, 0.001848712912760675, -0.0019837089348584414, 0.0022122494410723448, -0.0012452929513528943], [0.00010226906306343153, -0.0015024482272565365, -6.114704592619091e-05, -0.0016707845497876406, 0.005185860209167004, -0.0022062822245061398, 0.00010470404959050938, -0.0009461210574954748, 0.00016397146100644022, -0.0011978487018495798, 0.002603590488433838, -0.0026581333950161934, -0.0004270315694157034], [-0.00029021274531260133, 0.0010438429890200496, -0.0004639678809326142, 0.0002796615881379694, -0.0022062822245061398, 0.007215920370072126, -0.005095555912703276, 0.0025528152473270893, -0.0014356489991769195, 0.0005736948223784566, -0.0017737154848873615, 0.0017303552012890577, -0.0009198759798891842], [0.00014249092782847583, -0.000989351188763976, 0.0005677356966771185, 0.0003302520199213177, 0.00010470404959050938, -0.005095555912703276, 0.00905853696167469, -0.0053133717738091946, 0.0018628884572535753, 0.000849778123665601, -0.0004270931822247803, -0.0013760806759819388, 0.0029002614319324493], [-0.0007194876088760793, 0.0018269206630066037, -0.0015151170082390308, 0.0010516340844333172, -0.0009461210574954748, 0.0025528152473270893, -0.0053133717738091946, 0.01799246110022068, -0.01079047191888094, 0.002358260564506054, -0.0031700036488473415, 0.0029465786647051573, -0.00239789136685431], [0.0007173584308475256, -0.002158529357984662, 0.0017052253242582083, -0.0018842688295990229, 0.00016397146100644022, -0.0014356489991769195, 0.0018628884572535753, -0.01079047191888094, 0.01596081629395485, -0.010177506133913994, 0.005163732450455427, -0.0025335245300084352, 0.002194466069340706], [-0.00033601035829633474, 0.002801563823595643, -0.00156443624291569, 0.001848712912760675, -0.0011978487018495798, 0.0005736948223784566, 0.000849778123665601, 0.002358260564506054, -0.010177506133913994, 0.020519636571407318, -0.009756584651768208, 0.0005734224105253816, 0.002053719013929367], [0.0004378716694191098, -0.002846121322363615, 0.0015202020294964314, -0.0019837089348584414, 0.002603590488433838, -0.0017737154848873615, -0.0004270931822247803, -0.0031700036488473415, 0.005163732450455427, -0.009756584651768208, 0.015812544152140617, -0.0033234604634344578, -0.0035198121331632137], [-0.00014766911044716835, 0.002696854993700981, -0.001501498045399785, 0.0022122494410723448, -0.0026581333950161934, 0.0017303552012890577, -0.0013760806759819388, 0.0029465786647051573, -0.0025335245300084352, 0.0005734224105253816, -0.0033234604634344578, 0.014241976663470268, -0.003655469510704279], [0.0001372738042846322, -0.000628047448117286, 0.001444438355974853, -0.0012452929513528943, -0.0004270315694157034, -0.0009198759798891842, 0.0029002614319324493, -0.00239789136685431, 0.002194466069340706, 0.002053719013929367, -0.0035198121331632137, -0.003655469510704279, 0.012105435132980347]], "lowlevel.mfcc.cov": [[11004.8349609375, -69.98229217529297, -161.03233337402344, -104.90411376953125, -94.47223663330078, 168.846435546875, 578.3267211914062, 314.57867431640625, 67.1107406616211, 276.04412841796875, -127.70661926269531, -122.40665435791016, -349.0479431152344], [-69.98229217529297, 2143.61669921875, 449.6705017089844, 252.828857421875, 414.1496887207031, 199.62142944335938, 363.0185241699219, 179.80105590820312, 69.15950012207031, 139.72225952148438, 41.173500061035156, 86.06449127197266, 27.794166564941406], [-161.03233337402344, 449.6705017089844, 997.286865234375, 429.6105041503906, 371.6552429199219, 149.28929138183594, 155.1269073486328, 73.7582015991211, 109.00270080566406, 16.439306259155273, 80.67607116699219, 93.32937622070312, 119.99029541015625], [-104.90411376953125, 252.828857421875, 429.6105041503906, 632.625732421875, 410.5409851074219, 129.0052032470703, 76.24588775634766, 68.09488677978516, 99.7554702758789, 26.471052169799805, 12.763970375061035, 77.65203857421875, 65.47797393798828], [-94.47223663330078, 414.1496887207031, 371.6552429199219, 410.5409851074219, 532.7119750976562, 175.52450561523438, 130.83724975585938, 70.36906433105469, 130.07749938964844, 41.12368392944336, 51.82118225097656, 61.687049865722656, 54.75016403198242], [168.846435546875, 199.62142944335938, 149.28929138183594, 129.0052032470703, 175.52450561523438, 309.39678955078125, 178.91468811035156, 147.70237731933594, 89.05042266845703, 49.01454162597656, 59.50774002075195, 44.063194274902344, 14.281129837036133], [578.3267211914062, 363.0185241699219, 155.1269073486328, 76.24588775634766, 130.83724975585938, 178.91468811035156, 334.068115234375, 129.13601684570312, 39.85565185546875, 76.45008087158203, 15.55447769165039, 9.165412902832031, -24.30035400390625], [314.57867431640625, 179.80105590820312, 73.7582015991211, 68.09488677978516, 70.36906433105469, 147.70237731933594, 129.13601684570312, 204.40911865234375, 101.066162109375, 58.80081558227539, 43.477535247802734, 58.451053619384766, 29.318519592285156], [67.1107406616211, 69.15950012207031, 109.00270080566406, 99.7554702758789, 130.07749938964844, 89.05042266845703, 39.85565185546875, 101.066162109375, 180.91920471191406, 52.40593719482422, 83.57576751708984, 60.094844818115234, 64.44989776611328], [276.04412841796875, 139.72225952148438, 16.439306259155273, 26.471052169799805, 41.12368392944336, 49.01454162597656, 76.45008087158203, 58.80081558227539, 52.40593719482422, 164.8719024658203, 52.00828170776367, 31.154766082763672, -15.151529312133789], [-127.70661926269531, 41.173500061035156, 80.67607116699219, 12.763970375061035, 51.82118225097656, 59.50774002075195, 15.55447769165039, 43.477535247802734, 83.57576751708984, 52.00828170776367, 168.90902709960938, 100.88573455810547, 76.71883392333984], [-122.40665435791016, 86.06449127197266, 93.32937622070312, 77.65203857421875, 61.687049865722656, 44.063194274902344, 9.165412902832031, 58.451053619384766, 60.094844818115234, 31.154766082763672, 100.88573455810547, 178.39181518554688, 113.44552612304688], [-349.0479431152344, 27.794166564941406, 119.99029541015625, 65.47797393798828, 54.75016403198242, 14.281129837036133, -24.30035400390625, 29.318519592285156, 64.44989776611328, -15.151529312133789, 76.71883392333984, 113.44552612304688, 162.8711395263672]], "lowlevel.mfcc.icov": [[0.00011586976324906573, 4.3990286940243095e-05, -5.735801096307114e-06, 1.175887246063212e-05, 2.2000847820891067e-05, 0.00010064421076094732, -0.00021620425104629248, -0.00012043790775351226, -9.823543950915337e-05, -7.975171320140362e-05, 0.00010235782247036695, -0.00011079554678872228, 0.00027392496122047305], [4.3990286940243095e-05, 0.000703832134604454, -0.0001596468937350437, 0.00023855351901147515, -0.0005838409997522831, 0.0002956610405817628, -0.0005385312251746655, -0.00045754146412946284, 0.00040513148996979, -0.0003624868986662477, 0.00019245172734372318, -0.00023551733465865254, 4.75844026368577e-05], [-5.735801096307114e-06, -0.0001596468937350437, 0.0017217218410223722, -0.0008951486088335514, -0.000209199744858779, 3.4712818433035864e-06, -0.0005807697307318449, 0.00029396882746368647, 1.0929254131042399e-05, 0.0003516385331749916, -0.000639705394860357, 0.0004783869662787765, -0.0009666515979915857], [1.175887246063212e-05, 0.00023855351901147515, -0.0008951486088335514, 0.003960400819778442, -0.0026881059166043997, -4.5251708797877654e-05, 0.0005944895092397928, -0.0005704742507077754, 8.863641414791346e-05, -0.0005105647724121809, 0.00187139050103724, -0.0013416256988421082, 0.00012119079474359751], [2.2000847820891067e-05, -0.0005838409997522831, -0.000209199744858779, -0.0026881059166043997, 0.005512642208486795, -0.0015179133042693138, -0.0006500812596641481, 0.002224236261099577, -0.0026445549447089434, 0.00040466777863912284, -0.00021786033175885677, 0.00012539071030914783, 0.00026360058109275997], [0.00010064421076094732, 0.0002956610405817628, 3.4712818433035864e-06, -4.5251708797877654e-05, -0.0015179133042693138, 0.007023513782769442, -0.0022876120638102293, -0.0036629019305109978, 0.0001943792449310422, 0.0008349959389306605, -0.0018024210585281253, 0.00012485399201977998, 0.0011561354622244835], [-0.00021620425104629248, -0.0005385312251746655, -0.0005807697307318449, 0.0005944895092397928, -0.0006500812596641481, -0.0022876120638102293, 0.006473459769040346, -0.0020939724054187536, 0.001610451377928257, -0.0013392810942605138, 0.0002378212084295228, 0.0007327163475565612, 0.0001950626028701663], [-0.00012043790775351226, -0.00045754146412946284, 0.00029396882746368647, -0.0005704742507077754, 0.002224236261099577, -0.0036629019305109978, -0.0020939724054187536, 0.01201832015067339, -0.005650450941175222, -0.0005323277437128127, 0.0022199926897883415, -0.0026827584952116013, -6.026239861967042e-05], [-9.823543950915337e-05, 0.00040513148996979, 1.0929254131042399e-05, 8.863641414791346e-05, -0.0026445549447089434, 0.0001943792449310422, 0.001610451377928257, -0.005650450941175222, 0.012640710920095444, -0.0019868689123541117, -0.0038791890256106853, 0.0028695552609860897, -0.00355238514021039], [-7.975171320140362e-05, -0.0003624868986662477, 0.0003516385331749916, -0.0005105647724121809, 0.00040466777863912284, 0.0008349959389306605, -0.0013392810942605138, -0.0005323277437128127, -0.0019868689123541117, 0.009143549017608166, -0.0027714211028069258, -0.0015672937734052539