{"song_id": "1183699385524158494", "download": "https://cdn.discordapp.com/attachments/1128313332273782784/1183699385524158494/chirp.mp4?ex=658948f5&amp", "lyrics": "(Verse)\nIn a garden full of dreams,\nWhere laughter flows in gentle streams,\nEvery smile is a glowing light,\nGuiding us through the darkest night.\n\n(Chorus)\nLet's dance in the moon's embrace,\nChase the stars, let's find our place,\nIn this world of wonder and grace,\nWhere love's melody finds its space.", "style": ["kids"], "essentia_features": {"lowlevel.average_loudness": 0.8178447484970093, "lowlevel.barkbands_crest.mean": 11.494479179382324, "lowlevel.barkbands_crest.stdev": 4.246384620666504, "lowlevel.barkbands_flatness_db.mean": 0.18983620405197144, "lowlevel.barkbands_flatness_db.stdev": 0.0845523402094841, "lowlevel.barkbands_kurtosis.mean": 8.691434860229492, "lowlevel.barkbands_kurtosis.stdev": 21.9122314453125, "lowlevel.barkbands_skewness.mean": 1.791390299797058, "lowlevel.barkbands_skewness.stdev": 1.8469061851501465, "lowlevel.barkbands_spread.mean": 25.375030517578125, "lowlevel.barkbands_spread.stdev": 22.638113021850586, "lowlevel.dissonance.mean": 0.4087265431880951, "lowlevel.dissonance.stdev": 0.0693211555480957, "lowlevel.dynamic_complexity": 4.084706783294678, "lowlevel.erbbands_crest.mean": 12.848149299621582, "lowlevel.erbbands_crest.stdev": 6.173367023468018, "lowlevel.erbbands_flatness_db.mean": 0.188890278339386, "lowlevel.erbbands_flatness_db.stdev": 0.08881596475839615, "lowlevel.erbbands_kurtosis.mean": 3.4920496940612793, "lowlevel.erbbands_kurtosis.stdev": 7.830316543579102, "lowlevel.erbbands_skewness.mean": 0.8208914995193481, "lowlevel.erbbands_skewness.stdev": 1.372172474861145, "lowlevel.erbbands_spread.mean": 45.351104736328125, "lowlevel.erbbands_spread.stdev": 35.001766204833984, "lowlevel.hfc.mean": 19.15462875366211, "lowlevel.hfc.stdev": 22.578716278076172, "lowlevel.loudness_ebu128.integrated": -15.725493431091309, "lowlevel.loudness_ebu128.loudness_range": 8.174256324768066, "lowlevel.loudness_ebu128.momentary.mean": -17.01297378540039, "lowlevel.loudness_ebu128.momentary.stdev": 3.6232564449310303, "lowlevel.loudness_ebu128.short_term.mean": -16.564836502075195, "lowlevel.loudness_ebu128.short_term.stdev": 2.8868958950042725, "lowlevel.melbands_crest.mean": 16.11937713623047, "lowlevel.melbands_crest.stdev": 5.5804219245910645, "lowlevel.melbands_flatness_db.mean": 0.250484824180603, "lowlevel.melbands_flatness_db.stdev": 0.09718026220798492, "lowlevel.melbands_kurtosis.mean": 22.09209632873535, "lowlevel.melbands_kurtosis.stdev": 35.58944320678711, "lowlevel.melbands_skewness.mean": 2.957568645477295, "lowlevel.melbands_skewness.stdev": 2.3259711265563965, "lowlevel.melbands_spread.mean": 24.44515609741211, "lowlevel.melbands_spread.stdev": 30.191696166992188, "lowlevel.pitch_salience.mean": 0.48269122838974, "lowlevel.pitch_salience.stdev": 0.12053835391998291, "lowlevel.silence_rate_20dB.mean": 1.0, "lowlevel.silence_rate_20dB.stdev": 0.0, "lowlevel.silence_rate_30dB.mean": 0.994939923286438, "lowlevel.silence_rate_30dB.stdev": 0.07095429301261902, "lowlevel.silence_rate_60dB.mean": 0.20240354537963867, "lowlevel.silence_rate_60dB.stdev": 0.4017934501171112, "lowlevel.spectral_centroid.mean": 1302.1885986328125, "lowlevel.spectral_centroid.stdev": 906.7866821289062, "lowlevel.spectral_complexity.mean": 8.895635604858398, "lowlevel.spectral_complexity.stdev": 6.635141849517822, "lowlevel.spectral_decrease.mean": -4.981883350296812e-09, "lowlevel.spectral_decrease.stdev": 5.382449153046309e-09, "lowlevel.spectral_energy.mean": 0.020540159195661545, "lowlevel.spectral_energy.stdev": 0.021573904901742935, "lowlevel.spectral_energyband_high.mean": 0.0013093294110149145, "lowlevel.spectral_energyband_high.stdev": 0.0022257931996136904, "lowlevel.spectral_energyband_low.mean": 0.008746040053665638, "lowlevel.spectral_energyband_low.stdev": 0.01570477895438671, "lowlevel.spectral_energyband_middle_high.mean": 0.0033550173975527287, "lowlevel.spectral_energyband_middle_high.stdev": 0.007185779511928558, "lowlevel.spectral_energyband_middle_low.mean": 0.007916894741356373, "lowlevel.spectral_energyband_middle_low.stdev": 0.008553732186555862, "lowlevel.spectral_entropy.mean": 7.191356658935547, "lowlevel.spectral_entropy.stdev": 0.9170790314674377, "lowlevel.spectral_flux.mean": 0.0641465038061142, "lowlevel.spectral_flux.stdev": 0.05401518568396568, "lowlevel.spectral_kurtosis.mean": 8.553762435913086, "lowlevel.spectral_kurtosis.stdev": 17.775157928466797, "lowlevel.spectral_rms.mean": 0.0038640054408460855, "lowlevel.spectral_rms.stdev": 0.0022602283861488104, "lowlevel.spectral_rolloff.mean": 2202.47607421875, "lowlevel.spectral_rolloff.stdev": 3049.42333984375, "lowlevel.spectral_skewness.mean": 1.829824686050415, "lowlevel.spectral_skewness.stdev": 1.511345386505127, "lowlevel.spectral_spread.mean": 6368825.5, "lowlevel.spectral_spread.stdev": 3236399.0, "lowlevel.spectral_strongpeak.mean": 1.0693055391311646, "lowlevel.spectral_strongpeak.stdev": 1.5662434101104736, "lowlevel.zerocrossingrate.mean": 0.08374841511249542, "lowlevel.zerocrossingrate.stdev": 0.07423383742570877, "metadata.audio_properties.analysis.equal_loudness": 0.0, "metadata.audio_properties.analysis.length": 36.6719970703125, "metadata.audio_properties.analysis.sample_rate": 44100.0, "metadata.audio_properties.analysis.start_time": 0.0, "metadata.audio_properties.bit_rate": 117944.0, "metadata.audio_properties.length": 36.672000885009766, "metadata.audio_properties.lossless": 0.0, "metadata.audio_properties.number_channels": 1.0, "metadata.audio_properties.replay_gain": -12.680057525634766, "metadata.audio_properties.sample_rate": 48000.0, "rhythm.beats_count": 78.0, "rhythm.beats_loudness.mean": 0.029963526874780655, "rhythm.beats_loudness.stdev": 0.0204712375998497, "rhythm.bpm": 128.4370574951172, "rhythm.bpm_histogram_first_peak_bpm": 129.0, "rhythm.bpm_histogram_first_peak_weight": 0.29729729890823364, "rhythm.bpm_histogram_second_peak_bpm": 123.0, "rhythm.bpm_histogram_second_peak_spread": 0.0, "rhythm.bpm_histogram_second_peak_weight": 0.025974025949835777, "rhythm.danceability": 1.323017954826355, "rhythm.onset_rate": 3.7887537479400635, "tonal.chords_changes_rate": 0.05309734493494034, "tonal.chords_number_rate": 0.011378002353012562, "tonal.chords_strength.mean": 0.5346493124961853, "tonal.chords_strength.stdev": 0.09883080422878265, "tonal.hpcp_crest.mean": 18.313091278076172, "tonal.hpcp_crest.stdev": 8.425860404968262, "tonal.hpcp_entropy.mean": 1.4046368598937988, "tonal.hpcp_entropy.stdev": 0.6933649182319641, "tonal.key_edma.strength": 0.7434840202331543, "tonal.key_krumhansl.strength": 0.7477181553840637, "tonal.key_temperley.strength": 0.7544542551040649, "tonal.tuning_diatonic_strength": 0.6183587908744812, "tonal.tuning_equal_tempered_deviation": 0.22804592549800873, "tonal.tuning_frequency": 434.193115234375, "tonal.tuning_nontempered_energy_ratio": 0.9786566495895386, "lowlevel.barkbands.mean": [0.00018021432333625853, 0.005256368312984705, 0.0027100418228656054, 0.0011126562021672726, 0.0011231868993490934, 0.0015770765021443367, 0.0010327199706807733, 0.0010269752237945795, 0.0016414648853242397, 0.000952181697357446, 0.00034805526956915855, 0.0003831762878689915, 0.00022852055553812534, 0.00015047271153889596, 0.0003065541968680918, 0.00037773200892843306, 0.00020699923334177583, 0.00021974572155158967, 0.00028306854073889554, 0.00019261815759819, 0.00047512585297226906, 0.0002008232258958742, 0.00013646631850861013, 0.0001374102575937286, 0.00017646299966145307, 9.952612890629098e-05, 4.532110324362293e-06], "lowlevel.barkbands.stdev": [0.0006346595473587513, 0.011238020844757557, 0.006301817484200001, 0.0032788095995783806, 0.0023761442862451077, 0.002326133893802762, 0.002042527310550213, 0.001661151647567749, 0.00469195144250989, 0.003698501968756318, 0.001802202663384378, 0.0017421944066882133, 0.0011883446713909507, 0.0007658309768885374, 0.0012525460915639997, 0.0015530373202636838, 0.0007715793326497078, 0.0010482551297172904, 0.0007789157098159194, 0.00042550821672193706, 0.001542898011393845, 0.00042377636418677866, 0.0002544457383919507, 0.00031196599593386054, 0.00034809327917173505, 0.00014631121302954853, 9.14936390472576e-06], "lowlevel.erbbands.mean": [0.12432561814785004, 1.254551887512207, 3.3271408081054688, 3.461305618286133, 3.098726987838745, 3.3892159461975098, 10.370408058166504, 12.268653869628906, 12.688695907592773, 19.787599563598633, 26.58530044555664, 36.988929748535156, 35.291568756103516, 24.80422019958496, 18.27113914489746, 13.09685230255127, 11.163954734802246, 6.829057693481445, 14.54673957824707, 12.696459770202637, 24.539527893066406, 11.531835556030273, 11.024513244628906, 11.306365966796875, 16.182966232299805, 9.73389720916748, 14.002222061157227, 18.320444107055664, 8.110908508300781, 4.786669731140137, 3.608053684234619, 2.6469216346740723, 2.5058043003082275, 2.1211585998535156, 1.1118080615997314, 0.5003389716148376, 0.1648191660642624, 0.029810845851898193, 0.0006256511551328003, 4.6037861466174945e-05], "lowlevel.erbbands.stdev": [0.3892138600349426, 2.4776906967163086, 6.872119426727295, 8.147431373596191, 10.67507553100586, 8.34133243560791, 24.775331497192383, 18.007448196411133, 26.442899703979492, 34.818294525146484, 47.360904693603516, 120.70635986328125, 113.40003967285156, 108.93201446533203, 76.98175048828125, 51.71916961669922, 59.346595764160156, 23.416091918945312, 65.06990051269531, 44.34917068481445, 99.41989135742188, 38.461029052734375, 47.36370849609375, 37.28352355957031, 44.7515754699707, 21.680850982666016, 34.88394546508789, 65.50811004638672, 15.897265434265137, 8.661829948425293, 6.885732173919678, 5.6440277099609375, 6.0326104164123535, 4.7006096839904785, 2.0176680088043213, 0.796613872051239, 0.24472716450691223, 0.04834520071744919, 0.000979372882284224, 4.553897451842204e-05], "lowlevel.gfcc.mean": [-65.16959381103516, 71.37966918945312, -88.30525207519531, 17.418933868408203, -80.86457061767578, 5.8381476402282715, -37.767852783203125, 16.13863182067871, -20.515539169311523, 10.16224479675293, -22.494104385375977, -1.5874050855636597, -11.46102523803711], "lowlevel.melbands.mean": [0.001284041441977024, 0.0017092699417844415, 0.0005991245270706713, 0.000207251709070988, 0.00031920484616421163, 0.00027849667822010815, 0.0002032702905125916, 0.00020547323219943792, 0.00022829939553048462, 0.00023170284111984074, 0.00017208883946295828, 9.973063424695283e-05, 6.025516995578073e-05, 4.889689807896502e-05, 2.6817926482181065e-05, 1.7293443306698464e-05, 1.2161030099377967e-05, 2.1856469174963422e-05, 2.1317928258213215e-05, 1.8025208191829734e-05, 2.9025244657532312e-05, 1.006219372357009e-05, 1.0989732800226193e-05, 1.2049131328240037e-05, 7.794567864038981e-06, 1.3604952073364984e-05, 8.466502549708821e-06, 5.4904162425373215e-06, 6.743794983776752e-06, 1.4418555110751186e-05, 8.898199666873552e-06, 5.005781531508546e-06, 2.7636249342322117e-06, 2.6555835574981757e-06, 2.092620206894935e-06, 1.7975532955460949e-06, 1.5410707874252694e-06, 1.7124692703873734e-06, 1.8677025082070031e-06, 1.7829451053330558e-06], "lowlevel.melbands.stdev": [0.003188359783962369, 0.0031608527060598135, 0.00146599137224257, 0.0005165087059140205, 0.0007202965207397938, 0.000396507530240342, 0.0004097342025488615, 0.0003448996867518872, 0.00046859070425853133, 0.0007052823202684522, 0.0005688027595169842, 0.000474047934403643, 0.00028120906790718436, 0.00022172051831148565, 0.0001267037878278643, 8.684223575983196e-05, 4.862006244366057e-05, 0.00010629641474224627, 8.748273830860853e-05, 6.919295992702246e-05, 0.00012066655472153798, 3.6359280784381554e-05, 6.009752178215422e-05, 6.56867487123236e-05, 2.712883178901393e-05, 4.10606553487014e-05, 2.081486127281096e-05, 1.2339268323557917e-05, 1.6647580196149647e-05, 5.527820030692965e-05, 3.07463196804747e-05, 1.0462946193001699e-05, 5.580890956480289e-06, 4.938496658724034e-06, 4.001787146989955e-06, 3.838101292785723e-06, 3.3739154332579346e-06, 4.374839591037016e-06, 4.327119313529693e-06, 4.008343239547685e-06], "lowlevel.melbands128.mean": [0.00015560317842755467, 0.0008792483131401241, 0.0016485925298184156, 0.002261294052004814, 0.001965677598491311, 0.001184779335744679, 0.0007076256442815065, 0.0005171983502805233, 0.00029197271214798093, 0.00015006698959041387, 0.00016508754924871027, 0.0002661292674019933, 0.00041718207648955286, 0.00031336527899838984, 0.00026268750661984086, 0.00030049527413211763, 0.00018599921895656735, 0.00018662870570551604, 0.00019513921870384365, 0.00028607252170331776, 0.00013228652824182063, 0.00018762917898129672, 0.00025768368504941463, 0.00022388933575712144, 0.00029064869158901274, 0.0001662740542087704, 0.0002831050078384578, 0.0001756296114763245, 6.486708298325539e-05, 0.00015373494534287602, 8.424299448961392e-05, 5.0243241275893524e-05, 7.794459816068411e-05, 3.413896047277376e-05, 8.358498598681763e-05, 4.038624683744274e-05, 2.33945047511952e-05, 1.3824424968333915e-05, 4.7137491492321715e-05, 2.3171403881860897e-05, 6.045199370419141e-06, 1.4431670024350751e-05, 9.424033123650588e-06, 1.2144146239734255e-05, 1.797664663172327e-05, 1.8928980352939107e-05, 3.4607368434080854e-05, 2.431169014016632e-05, 1.3123133612680249e-05, 1.6683266949257813e-05, 6.527505775011377e-06, 3.121516419923864e-05, 4.8233130655717105e-05, 1.9663693819893524e-05, 1.0100974577653687e-05, 4.3330678636266384e-06, 1.508260811533546e-05, 1.6512129150214605e-05, 7.629111223650398e-06, 2.9007439934503054e-06, 1.8273409295943566e-05, 1.2863542906416114e-05, 6.545580163219711e-06, 6.191053671500413e-06, 1.0082055268867407e-05, 1.5370680557680316e-05, 1.5506957424804568e-05, 9.146134289039765e-06, 5.90776380704483e-06, 9.08422953216359e-06, 5.689670615538489e-06, 3.175214942530147e-06, 5.461712589749368e-06, 9.060705451702233e-06, 5.5149930631159805e-06, 1.2779663848050404e-05, 2.3785210942151025e-05, 7.60826969781192e-06, 8.208215149352327e-06, 7.4714348556881305e-06, 4.885150701738894e-06, 4.813844498130493e-06, 2.9870593607483897e-06, 2.5346066649944987e-06, 2.4780786134215305e-06, 2.570302740423358e-06, 2.945306732726749e-06, 2.355547167098848e-06, 1.9037813672184711e-06, 1.9676010651892284e-06, 2.1132591427885927e-06, 1.5855079027460306e-06, 1.6231830386459478e-06, 1.492948058512411e-06, 1.464401407247351e-06, 1.7822428617364494e-06, 1.74714057266101e-06, 1.6057053926488152e-06, 2.0056772882526275e-06, 1.992275656448328e-06, 1.6609983504167758e-06, 1.9487265490170103e-06, 1.5742149344077916e-06, 1.6151238924067002e-06, 1.1216086477361387e-06, 9.413949442205194e-07, 1.2415247283570352e-06, 9.939143410520046e-07, 8.520337360096164e-07, 7.745559855720785e-07, 5.407017056313634e-07, 5.206587161410425e-07, 4.948752803102252e-07, 5.424336109172145e-07, 4.389229388834792e-07, 3.795716168042418e-07, 1.7742978286605648e-07, 1.454054832095153e-08, 4.908049314189533e-11, 2.9865255234129418e-12, 2.8645282760392243e-12, 2.7845013621241588e-12, 2.7161382951806923e-12, 2.6537428938350205e-12, 2.579657190984741e-12, 2.4922314646042e-12, 2.437073112759869e-12, 2.4162226039403656e-12], "lowlevel.melbands128.stdev": [0.0006072359974496067, 0.0033747779671102762, 0.004612345714122057, 0.004294054117053747, 0.0039100307039916515, 0.002889175433665514, 0.0017236239509657025, 0.0018333634361624718, 0.0011748140677809715, 0.0004539268556982279, 0.0005588680505752563, 0.0007356544956564903, 0.0012234209571033716, 0.0006767755257897079, 0.0005033998168073595, 0.0005962985451333225, 0.000420337135437876, 0.0006590214907191694, 0.0004501239745877683, 0.0006033747340552509, 0.0003279762458987534, 0.00036826025461778045, 0.0006316687213256955, 0.0009616531897336245, 0.001423301757313311, 0.0005728810792788863, 0.0009509746450930834, 0.0009407007019035518, 0.0003860461583826691, 0.0008444355335086584, 0.0005310009000822902, 0.0002788403653539717, 0.0005000543314963579, 0.0002546933537814766, 0.0004920167266391218, 0.00020799832418560982, 0.00017204110918100923, 0.0001224331499543041, 0.00027950553339906037, 0.00019073493604082614, 5.5258464271901175e-05, 7.479352643713355e-05, 4.993503898731433e-05, 7.444803486578166e-05, 0.00017327301611658186, 0.00013745258911512792, 0.00023354191216640174, 0.00014491513138636947, 7.656663365196437e-05, 0.0001058929119608365, 4.675383388530463e-05, 0.00018404006550554186, 0.00022808373614680022, 0.0001376193977193907, 7.209479372249916e-05, 1.79515773197636e-05, 8.393928874284029e-05, 9.85906517598778e-05, 6.44608517177403e-05, 1.1003821782651357e-05, 0.00012710558075923473, 6.950593524379656e-05, 3.971235128119588e-05, 3.1657316867494956e-05, 4.769832230522297e-05, 6.204114470165223e-05, 6.897064304212108e-05, 3.446788832661696e-05, 2.0442290406208485e-05, 3.132332494715229e-05, 1.5632664144504815e-05, 7.541381819464732e-06, 1.4964178262744099e-05, 3.085088246734813e-05, 1.5030952454253566e-05, 4.652552161132917e-05, 0.00012281064118724316, 3.3348860597470775e-05, 3.335003202664666e-05, 3.252190799685195e-05, 1.0740634934336413e-05, 1.080972288036719e-05, 6.982673312450061e-06, 5.503630745806731e-06, 5.486027021106565e-06, 5.277692253002897e-06, 5.842871814820683e-06, 4.798045665665995e-06, 3.813585180978407e-06, 4.295720373193035e-06, 4.867647930950625e-06, 3.603320692491252e-06, 3.9220935832418036e-06, 3.63740014108771e-06, 3.4953950489580166e-06, 4.353048097982537e-06, 5.505216904566623e-06, 3.997031399194384e-06, 5.1609467845992185e-06, 4.629408522305312e-06, 4.214484761178028e-06, 4.401056685310323e-06, 3.7597233131236862e-06, 3.848573669529287e-06, 2.212862000305904e-06, 1.695716036920203e-06, 2.243896233267151e-06, 1.8310779523744714e-06, 1.5595876448060153e-06, 1.3678280765816453e-06, 9.217966407959466e-07, 8.54330210131593e-07, 8.239547355515242e-07, 9.362391892864252e-07, 7.446338372574246e-07, 7.039751608317601e-07, 3.4940674709105224e-07, 5.3608623318268656e-08, 1.2070054955515275e-09, 5.363454905898957e-12, 5.2099080258272146e-12, 5.072350959395289e-12, 4.973375877792563e-12, 4.867975814115688e-12, 4.7615219059271574e-12, 4.668499961613115e-12, 4.60681319480738e-12, 4.576295939417996e-12], "lowlevel.mfcc.mean": [-722.6726684570312, 110.11003875732422, 32.239280700683594, 15.274981498718262, -11.408119201660156, -8.534833908081055, -9.781031608581543, -5.374355316162109, 5.91550350189209, 3.298856735229492, 4.186248779296875, 0.16669921576976776, -2.3076696395874023], "lowlevel.spectral_contrast_coeffs.mean": [-0.6780935525894165, -0.6744320392608643, -0.7009859681129456, -0.7756535410881042, -0.7906160354614258, -0.7542856931686401], "lowlevel.spectral_contrast_coeffs.stdev": [0.1031605452299118, 0.07883923500776291, 0.09408632665872574, 0.0747191533446312, 0.06288976967334747, 0.06363169848918915], "lowlevel.spectral_contrast_valleys.mean": [-7.818513870239258, -7.525181770324707, -8.777579307556152, -9.124323844909668, -8.722339630126953, -10.756284713745117], "lowlevel.spectral_contrast_valleys.stdev": [1.4764270782470703, 0.9214673638343811, 1.0123335123062134, 1.1158169507980347, 1.4735289812088013, 1.6152807474136353], "rhythm.beats_loudness_band_ratio.mean": [0.41404077410697937, 0.16989582777023315, 0.24992915987968445, 0.08004061132669449, 0.04499802738428116, 0.08177348971366882], "rhythm.beats_loudness_band_ratio.stdev": [0.27714741230010986, 0.16366514563560486, 0.23859688639640808, 0.12268958985805511, 0.08297087252140045, 0.0810483917593956], "tonal.hpcp.mean": [0.1074356883764267, 0.11997741460800171, 0.057267654687166214, 0.043764881789684296, 0.03860645741224289, 0.027212345972657204, 0.11804468184709549, 0.16287970542907715, 0.07931827008724213, 0.06474810093641281, 0.07283151894807816, 0.05696631968021393, 0.06593967974185944, 0.0631071999669075, 0.06711551547050476, 0.23463881015777588, 0.2721240222454071, 0.09453805536031723, 0.027022581547498703, 0.022874919697642326, 0.03758168965578079, 0.14546744525432587, 0.19840280711650848, 0.10937998443841934, 0.0674353763461113, 0.0635746568441391, 0.06071214750409126, 0.1826910674571991, 0.21380171179771423, 0.10366924852132797, 0.1857580989599228, 0.20121319591999054, 0.06439390033483505, 0.02528722956776619, 0.025155389681458473, 0.036956701427698135], "tonal.hpcp.stdev": [0.2267453521490097, 0.24847465753555298, 0.16015394032001495, 0.15093962848186493, 0.1415015310049057, 0.09465370327234268, 0.22219420969486237, 0.2881285846233368, 0.17707742750644684, 0.176837757229805, 0.206228107213974, 0.16584038734436035, 0.19298158586025238, 0.17393285036087036, 0.17089343070983887, 0.3230120539665222, 0.3589666187763214, 0.17535798251628876, 0.11788074672222137, 0.10994213074445724, 0.13012951612472534, 0.25691112875938416, 0.3304351270198822, 0.22088101506233215, 0.2010592818260193, 0.20184919238090515, 0.16960516571998596, 0.3032512962818146, 0.35044053196907043, 0.194765105843544, 0.3060372769832611, 0.34298697113990784, 0.14253568649291992, 0.10995340347290039, 0.10394605249166489, 0.12857145071029663], "rhythm.beats_position": [0.4411791265010834, 0.8939682245254517, 1.3351473808288574, 1.7879364490509033, 2.252335548400879, 2.7167346477508545, 3.18113374710083, 3.6571428775787354, 4.121541976928711, 4.585940837860107, 5.061950206756592, 5.526349067687988, 5.990748405456543, 6.4551472663879395, 6.919546127319336, 7.383945465087891, 7.848344326019287, 8.312743186950684, 8.777142524719238, 9.241541862487793, 9.717551231384277, 10.193559646606445, 10.657958984375, 11.122358322143555, 11.586756706237793, 12.051156044006348, 12.527165412902832, 13.003174781799316, 13.467573165893555, 13.93197250366211, 14.396371841430664, 14.860771179199219, 15.325169563293457, 15.801178932189941, 16.27718734741211, 16.741586685180664, 17.20598602294922, 17.681995391845703, 18.158004760742188, 18.622404098510742, 19.086801528930664, 19.55120086669922, 20.015600204467773, 20.491609573364258, 20.967618942260742, 21.432018280029297, 21.89641761779785, 22.360815048217773, 22.825214385986328, 23.301223754882812, 23.777233123779297, 24.24163246154785, 24.706031799316406, 25.17043113708496, 25.634828567504883, 26.110837936401367, 26.58684730529785, 27.051246643066406, 27.51564598083496, 27.980045318603516, 28.46766471862793, 28.93206214904785, 29.396461486816406, 29.86086082458496, 30.325260162353516, 30.81287956237793, 31.277278900146484, 31.74167823791504, 32.206077575683594, 32.68208694458008, 33.146484375, 33.61088562011719, 34.086891174316406, 34.551292419433594, 35.02730178833008, 35.49169921875, 35.95610046386719, 36.43210983276367], "rhythm.bpm_histogram": [0.0, 0.0, 0.0, 0.0, 0.0, 0.0, 0.0, 0.0, 0.0, 0.0, 0.0, 0.0, 0.0, 0.0, 0.0, 0.0, 0.0, 0.0, 0.0, 0.0, 0.0, 0.0, 0.0, 0.0, 0.0, 0.0, 0.0, 0.0, 0.0, 0.0, 0.0, 0.0, 0.0, 0.0, 0.0, 0.0, 0.0, 0.0, 0.0, 0.0, 0.0, 0.0, 0.0, 0.0, 0.0, 0.0, 0.0, 0.0, 0.0, 0.0, 0.0, 0.0, 0.0, 0.0, 0.0, 0.0, 0.0, 0.0, 0.0, 0.0, 0.0, 0.0, 0.0, 0.0, 0.0, 0.0, 0.0, 0.0, 0.0, 0.0, 0.0, 0.0, 0.0, 0.0, 0.0, 0.0, 0.0, 0.0, 0.0, 0.0, 0.0, 0.0, 0.0, 0.0, 0.0, 0.0, 0.0, 0.0, 0.0, 0.0, 0.0, 0.0, 0.0, 0.0, 0.0, 0.0, 0.0, 0.0, 0.0, 0.0, 0.0, 0.0, 0.0, 0.0, 0.0, 0.0, 0.0, 0.0, 0.0, 0.0, 0.0, 0.0, 0.0, 0.0, 0.0, 0.0, 0.0, 0.0, 0.0, 0.0, 0.0, 0.0, 0.0, 0.025974025949835777, 0.0, 0.0, 0.25974026322364807, 0.0, 0.0, 0.6753246784210205, 0.0, 0.0, 0.0, 0.025974025949835777, 0.0, 0.0, 0.012987012974917889, 0.0, 0.0, 0.0, 0.0, 0.0, 0.0, 0.0, 0.0, 0.0, 0.0, 0.0, 0.0, 0.0, 0.0, 0.0, 0.0, 0.0, 0.0, 0.0, 0.0, 0.0, 0.0, 0.0, 0.0, 0.0, 0.0, 0.0, 0.0, 0.0, 0.0, 0.0, 0.0, 0.0, 0.0, 0.0, 0.0, 0.0, 0.0, 0.0, 0.0, 0.0, 0.0, 0.0, 0.0, 0.0, 0.0, 0.0, 0.0, 0.0, 0.0, 0.0, 0.0, 0.0, 0.0, 0.0, 0.0, 0.0, 0.0, 0.0, 0.0, 0.0, 0.0, 0.0, 0.0, 0.0, 0.0, 0.0, 0.0, 0.0, 0.0, 0.0, 0.0, 0.0, 0.0, 0.0, 0.0, 0.0, 0.0, 0.0, 0.0, 0.0, 0.0, 0.0, 0.0, 0.0, 0.0, 0.0, 0.0, 0.0, 0.0, 0.0, 0.0, 0.0, 0.0, 0.0, 0.0, 0.0, 0.0, 0.0, 0.0, 0.0, 0.0, 0.0, 0.0, 0.0, 0.0, 0.0, 0.0, 0.0, 0.0, 0.0, 0.0, 0.0], "tonal.chords_histogram": [16.68773651123047, 19.216182708740234, 27.180784225463867, 0.0, 0.0, 0.0, 0.0, 0.0, 0.0, 0.0, 0.0, 0.0, 0.0, 0.12642225623130798, 0.0, 0.0, 0.0, 2.2756004333496094, 0.0, 2.0227560997009277, 4.551200866699219, 2.52844500541687, 14.917825698852539, 10.493046760559082], "tonal.thpcp": [1.0, 0.3474079668521881, 0.09930244833230972, 0.08406063914299011, 0.13810500502586365, 0.5345630645751953, 0.729089617729187, 0.401949018239975, 0.2478111833333969, 0.23362383246421814, 0.22310470044612885, 0.671352207660675, 0.7856774926185608, 0.3809632360935211, 0.6826229095458984, 0.7394172549247742, 0.23663438856601715, 0.09292538464069366, 0.0924409031867981, 0.1358083039522171, 0.39480412006378174, 0.44089239835739136, 0.21044689416885376, 0.16082696616649628, 0.14187081158161163, 0.0999997928738594, 0.433789998292923, 0.5985495448112488, 0.29147839546203613, 0.23793600499629974, 0.2676408886909485, 0.20933954417705536, 0.24231480062007904, 0.23190602660179138, 0.24663576483726501, 0.8622495532035828], "lowlevel.gfcc.cov": [[13811.4130859375, -3323.23388671875, 976.23779296875, 2671.967041015625, 890.1141357421875, 834.5606689453125, 711.335205078125, 965.334716796875, -371.8027038574219, 1007.00634765625, -190.0249786376953, 876.471923828125, -231.65818786621094], [-3323.23388671875, 3502.537109375, -546.9314575195312, -527.322021484375, 343.22406005859375, -444.9359436035156, 125.8636474609375, -388.5536804199219, 197.81365966796875, -489.66290283203125, 140.7581329345703, -430.6302185058594, 327.19964599609375], [976.23779296875, -546.9314575195312, 1722.6561279296875, 644.135498046875, 75.17153930664062, 407.3080749511719, 15.173084259033203, 165.16690063476562, 53.33192825317383, 130.75894165039062, -99.57501983642578, 95.15315246582031, -363.7279357910156], [2671.967041015625, -527.322021484375, 644.135498046875, 1356.298095703125, 268.2767333984375, 177.9130859375, 126.6987533569336, 228.18128967285156, -120.34805297851562, 151.01168823242188, -67.5875244140625, 213.962158203125, -70.8557357788086], [890.1141357421875, 343.22406005859375, 75.17153930664062, 268.2767333984375, 487.3047790527344, 72.72257995605469, 170.56723022460938, 95.83230590820312, 41.72138214111328, 19.16371726989746, -8.071086883544922, -8.694234848022461, -26.002513885498047], [834.5606689453125, -444.9359436035156, 407.3080749511719, 177.9130859375, 72.72257995605469, 514.1277465820312, 126.73079681396484, 66.8897705078125, 53.08506774902344, 142.5316925048828, -46.91414260864258, 40.61472702026367, -114.50718688964844], [711.335205078125, 125.8636474609375, 15.173084259033203, 126.6987533569336, 170.56723022460938, 126.73079681396484, 295.697265625, 95.22346496582031, 27.422258377075195, 76.62480163574219, 5.6603193283081055, -16.98938751220703, -17.653217315673828], [965.334716796875, -388.5536804199219, 165.16690063476562, 228.18128967285156, 95.83230590820312, 66.8897705078125, 95.22346496582031, 302.14312744140625, 49.73603820800781, 85.34489440917969, -18.067913055419922, 89.94203186035156, -56.8055419921875], [-371.8027038574219, 197.81365966796875, 53.33192825317383, -120.34805297851562, 41.72138214111328, 53.08506774902344, 27.422258377075195, 49.73603820800781, 215.95945739746094, 42.53977966308594, 38.433528900146484, -34.679073333740234, -12.472923278808594], [1007.00634765625, -489.66290283203125, 130.75894165039062, 151.01168823242188, 19.16371726989746, 142.5316925048828, 76.62480163574219, 85.34489440917969, 42.53977966308594, 266.9951477050781, 38.23615264892578, 102.84705352783203, -30.541627883911133], [-190.0249786376953, 140.7581329345703, -99.57501983642578, -67.5875244140625, -8.071086883544922, -46.91414260864258, 5.6603193283081055, -18.067913055419922, 38.433528900146484, 38.23615264892578, 143.01046752929688, 24.88833999633789, 42.29093551635742], [876.471923828125, -430.6302185058594, 95.15315246582031, 213.962158203125, -8.694234848022461, 40.61472702026367, -16.98938751220703, 89.94203186035156, -34.679073333740234, 102.84705352783203, 24.88833999633789, 214.25018310546875, 31.708675384521484], [-231.65818786621094, 327.19964599609375, -363.7279357910156, -70.8557357788086, -26.002513885498047, -114.50718688964844, -17.653217315673828, -56.8055419921875, -12.472923278808594, -30.541627883911133, 42.29093551635742, 31.708675384521484, 225.5661163330078]], "lowlevel.gfcc.icov": [[0.00024176911392714828, 8.197268471121788e-05, 7.467441901098937e-05, -0.00022150484437588602, -0.00028139346977695823, -3.764717621379532e-05, -0.0002228696394013241, -0.0001757768914103508, 0.0003286667924840003, -0.00046450464287772775, 0.00023342264466919005, -0.00033922214061021805, 2.6168358090217225e-05], [8.197268471121788e-05, 0.0012822243152186275, -0.0004559285007417202, -4.475044261198491e-05, -0.0009444038732908666, 0.0006970266695134342, -0.0011584467720240355, 0.0011490596225485206, -0.0011259153252467513, 0.0015763932606205344, -0.0008803681121207774, 0.0011937097879126668, -0.0019328937632963061], [7.467441901098937e-05, -0.0004559285007417202, 0.0015006010653451085, -0.0006335831130854785, 0.00041556585347279906, -0.0007904388476163149, 0.000630701775662601, -0.00030617034644819796, -0.00010916564497165382, -0.0005332151195034385, 0.0006086297216825187, -0.0011190592776983976, 0.0025426256470382214], [-0.00022150484437588602, -4.475044261198491e-05, -0.0006335831130854785, 0.0016529341228306293, -0.0004490828141570091, 0.00013160477101337165, 3.370138438185677e-05, -0.00032817464671097696, 0.0007448845426551998, 9.426021279068664e-05, 8.284179057227448e-05, -0.0002939198166131973, -0.0006502385949715972], [-0.00028139346977695823, -0.0009444038732908666, 0.00041556585347279906, -0.0004490828141570091, 0.003910046070814133, -0.0004242569557391107, -0.0004936495679430664, -0.000710134394466877, -0.00042608942021615803, 2.7560259695746936e-05, 0.0003398715634830296, -0.0003424272872507572, 0.0015924483304843307], [-3.764717621379532e-05, 0.0006970266695134342, -0.0007904388476163149, 0.00013160477101337165, -0.0004242569557391107, 0.0036513754166662693, -0.0018984953640028834, 0.0014658102300018072, -0.001485374174080789, -6.984718493185937e-05, 0.0007630778127349913, 7.829346577636898e-05, -0.0005034151254221797], [-0.0002228696394013241, -0.0011584467720240355, 0.000630701775662601, 3.370138438185677e-05, -0.0004936495679430664, -0.0018984953640028834, 0.00696222297847271, -0.0026872882153838873, 0.0016952643636614084, -0.0024541369639337063, -0.0003234712057746947, 0.0016438618768006563, 0.0009175919694826007], [-0.0001757768914103508, 0.0011490596225485206, -0.00030617034644819796, -0.00032817464671097696, -0.000710134394466877, 0.0014658102300018072, -0.0026872882153838873, 0.0070544336922466755, -0.003709752345457673, 0.0020438486244529486, 0.00043777754763141274, -0.0016216038493439555, 1.8630885278980713e-06], [0.0003286667924840003, -0.0011259153252467513, -0.00010916564497165382, 0.0007448845426551998, -0.00042608942021615803, -0.001485374174080789, 0.0016952643636614084, -0.003709752345457673, 0.008819835260510445, -0.003725241869688034, -0.0008903248817659914, 0.000906239845789969, 0.00044682392035610974], [-0.00046450464287772775, 0.0015763932606205344, -0.0005332151195034385, 9.426021279068664e-05, 2.7560259695746936e-05, -6.984718493185937e-05, -0.0024541369639337063, 0.0020438486244529486, -0.003725241869688034, 0.009767060168087482, -0.0032355596777051687, -0.0005194086115807295, -0.0015074469847604632], [0.00023342264466919005, -0.0008803681121207774, 0.0006086297216825187, 8.284179057227448e-05, 0.0003398715634830296, 0.0007630778127349913, -0.0003234712057746947, 0.00043777754763141274, -0.0008903248817659914, -0.0032355596777051687, 0.01034016814082861, -0.003370170947164297, 0.0010834658751264215], [-0.00033922214061021805, 0.0011937097879126668, -0.0011190592776983976, -0.0002939198166131973, -0.0003424272872507572, 7.829346577636898e-05, 0.0016438618768006563, -0.0016216038493439555, 0.000906239845789969, -0.0005194086115807295, -0.003370170947164297, 0.011595476418733597, -0.005274591501802206], [2.6168358090217225e-05, -0.0019328937632963061, 0.0025426256470382214, -0.0006502385949715972, 0.0015924483304843307, -0.0005034151254221797, 0.0009175919694826007, 1.8630885278980713e-06, 0.00044682392035610974, -0.0015074469847604632, 0.0010834658751264215, -0.005274591501802206, 0.011518951505422592]], "lowlevel.mfcc.cov": [[13779.986328125, -3605.8955078125, 203.79759216308594, 2131.69140625, 441.2314453125, 834.0640258789062, 1099.6424560546875, 499.30377197265625, 614.2057495117188, 74.55927276611328, 98.73206329345703, 477.506591796875, 857.05322265625], [-3605.8955078125, 3148.749755859375, -541.0960693359375, -317.05865478515625, -30.650390625, -172.8650360107422, -195.1857147216797, -114.57247924804688, -33.03621292114258, -15.167376518249512, -99.33260345458984, -128.60060119628906, -261.3960876464844], [203.79759216308594, -541.0960693359375, 1453.199951171875, 213.1747283935547, 229.34791564941406, 293.2586364746094, 35.86015701293945, 186.75914001464844, -19.81427574157715, 59.125587463378906, 155.32290649414062, 104.10879516601562, 41.18162155151367], [2131.69140625, -317.05865478515625, 213.1747283935547, 1101.7276611328125, 217.64266967773438, 119.03164672851562, 235.26336669921875, 168.37179565429688, 122.76573181152344, -128.10418701171875, -55.29994583129883, 126.82933044433594, 178.9257354736328], [441.2314453125, -30.650390625, 229.34791564941406, 217.64266967773438, 338.6219177246094, 110.01068115234375, 45.54043197631836, 125.90602111816406, 53.68185806274414, 34.357582092285156, 27.01852035522461, 70.12567138671875, 52.69438934326172], [834.0640258789062, -172.8650360107422, 293.2586364746094, 119.03164672851562, 110.01068115234375, 430.7962951660156, 142.3632354736328, 55.49998092651367, 79.77230834960938, 66.74750518798828, 26.432159423828125, 36.089088439941406, 92.67941284179688], [1099.6424560546875, -195.1857147216797, 35.86015701293945, 235.26336669921875, 45.54043197631836, 142.3632354736328, 281.4669189453125, 83.44621276855469, 68.48517608642578, 54.87702178955078, 30.318933486938477, 51.788700103759766, 61.79962921142578], [499.30377197265625, -114.57247924804688, 186.75914001464844, 168.37179565429688, 125.90602111816406, 55.49998092651367, 83.44621276855469, 223.1298065185547, 86.80342864990234, 35.658790588378906, 46.05912399291992, 58.44829559326172, 26.77373695373535], [614.2057495117188, -33.03621292114258, -19.81427574157715, 122.76573181152344, 53.68185806274414, 79.77230834960938, 68.48517608642578, 86.80342864990234, 201.91140747070312, 70.99372100830078, 32.644676208496094, 44.949066162109375, 60.885719299316406], [74.55927276611328, -15.167376518249512, 59.125587463378906, -128.10418701171875, 34.357582092285156, 66.74750518798828, 54.87702178955078, 35.658790588378906, 70.99372100830078, 217.54762268066406, 111.5741958618164, 34.45165252685547, -20.57351303100586], [98.73206329345703, -99.33260345458984, 155.32290649414062, -55.29994583129883, 27.01852035522461, 26.432159423828125, 30.318933486938477, 46.05912399291992, 32.644676208496094, 111.5741958618164, 183.28988647460938, 91.60945129394531, 1.7323226928710938], [477.506591796875, -128.60060119628906, 104.10879516601562, 126.82933044433594, 70.12567138671875, 36.089088439941406, 51.788700103759766, 58.44829559326172, 44.949066162109375, 34.45165252685547, 91.60945129394531, 168.9971923828125, 78.05767059326172], [857.05322265625, -261.3960876464844, 41.18162155151367, 178.9257354736328, 52.69438934326172, 92.67941284179688, 61.79962921142578, 26.77373695373535, 60.885719299316406, -20.57351303100586, 1.7323226928710938, 78.05767059326172, 202.419189453125]], "lowlevel.mfcc.icov": [[0.00022591878951061517, 0.00020069563470315188, 0.0001398976892232895, -0.0002498908434063196, -1.9345223336131312e-05, -0.00016103064990602434, -0.0003400977002456784, -2.588506140455138e-05, -0.0001882312644738704, -4.304371395846829e-05, -4.092714152648114e-05, -2.9965784051455557e-05, -0.0002547837793827057], [0.00020069563470315188, 0.0005773166194558144, 0.0002684920036699623, -0.0001998517691390589, -0.000186180739547126, -0.00021705338440369815, -0.0001159851235570386, 7.182484841905534e-05, -0.00031143162050284445, -4.1916376858353033e-07, 9.57940355874598e-05, -0.00013288724585436285, 0.0003356157976668328], [0.0001398976892232895, 0.0002684920036699623, 0.001287752529606223, -0.00043276738142594695, -0.00024492578813806176, -0.0010340233566239476, 0.0005373956519179046, -0.0008637671708129346, 0.0007897017640061677, -1.2466513908293564e-05, -0.0010225428268313408, 0.00010063901572721079, 9.345199941890314e-05], [-0.0002498908434063196, -0.0001998517691390589, -0.00043276738142594695, 0.0021786531433463097, -0.0007659784168936312, 0.0005913865752518177, -0.0011630150256678462, -1.1041503967135213e-05, -0.0008010350284166634, 0.001686003408394754, 0.0007928895065560937, -0.000806451600510627, -3.610347994253971e-05], [-1.9345223336131312e-05, -0.000186180739547126, -0.00024492578813806176, -0.0007659784168936312, 0.004716825671494007, -0.0007786051137372851, 0.0011329662520438433, -0.0020940627437084913, 0.0007162771071307361, -0.0013893336290493608, 0.0008527653990313411, -0.0009792917408049107, -0.0003582589270081371], [-0.00016103064990602434, -0.00021705338440369815, -0.0010340233566239476, 0.0005913865752518177, -0.0007786051137372851, 0.00415403675287962, -0.0017568600596860051, 0.0010321028530597687, -0.0010223761200904846, -0.00046355873928405344, 0.0007367049111053348, 0.0006194832385517657, -0.0011950579937547445], [-0.0003400977002456784, -0.0001159851235570386, 0.0005373956519179046, -0.0011630150256678462, 0.0011329662520438433, -0.0017568600596860051, 0.007038464769721031, -0.0018273903988301754, 0.0012943231267854571, -0.002124634338542819, -0.00017188588390126824, -0.00014497277152258903, 0.000263308291323483], [-2.588506140455138e-05, 7.182484841905534e-05, -0.0008637671708129346, -1.1041503967135213e-05, -0.0020940627437084913, 0.0010321028530597687, -0.0018273903988301754, 0.008114264346659184, -0.003178229322656989, 0.000884245615452528, -0.0005051083862781525, -0.0005480527761392295, 0.0012065833434462547], [-0.0001882312644738704, -0.00031143162050284445, 0.0007897017640061677, -0.0008010350284166634, 0.0007162771071307361, -0.0010223761200904846, 0.0012943231267854571, -0.003178229322656989, 0.008868088945746422, -0.0033674801234155893, 4.451972199603915e-05, 0.0001828277891036123, -0.0018315138295292854], [-4.304371395846829e-05, -4.1916376858353033e-07, -1.2466513908293564e-05, 0.001686003408394754, -0.0013893336290493608, -0.00046355873928405344, -0.002124634338542819, 0.000884245615452528, -0.0033674801234155893, 0.010020486079156399, -0.00489058718085289, 0.000636823009699583, 0.0016271969070658088], [-4.092714152648114e-05, 9.57940355874598e-05, -0.0010225428268313408, 0.0007928895065560937, 0.0008527653990313411, 0.0007367049111053348, -0.00017188588390126824, -0.0005051083862781525, 4.451972199603915e-05, -0.00489058718085289, 0.01282998826354742, -0.0066309780813753605, 0.00130094971973449], [-2.9965784051455557e-05, -0.00013288724585436285, 0.00010063901572721079, -0.000806451600510627, -0.0009792917408049107, 0.0006194832385517657, -0.00014497277152258903, -0.0005480527761392295, 0.0001828277891036123, 0.000636823009699583, -0.0066309780813753605, 0.012164240702986717, -0.0038886440452188253], [-0.0002547837793827057, 0.0003356157976668328, 9.345199941890314e-05, -3.610347994253971e-05, -0.0003582589270081371, -0.0011950579937547445, 0.000263308291323483, 0.0012065833434462547, -0.0018315138295292854, 0.0016271969070658088, 0.00130094971973449, -0.0038886440452188253, 0.009070467203855515]], "metadata.audio_properties.analysis.downmix": "mix", "metadata.audio_properties.codec": "mp3", "metadata.audio_properties.md5_encoded": "19547ffbe968b1ee8306176338991f79", "metadata.tags.file_name": "1183699385524158494.mp3", "metadata.version.essentia": "2.1-beta6-dev", "metadata.version.essentia_git_sha": "v2.1_beta5-1110-g77a6a954"