{"song_id": "1183713984352890932", "download": "https://cdn.discordapp.com/attachments/1135903449314238464/1183713984352890932/chirp.mp4?ex=6589568e&amp", "lyrics": "[Verse 1]\nIn a distant land of valor and might\nAdventurers gather for an epic fight\nWith swords unsheathed and hearts ablaze\nWe'll conquer foes with each passing blaze\n\n[Chorus]\nRaise your tankard high, let the voices ring\nIn the tavern, our spirits forever sing\nWe'll toast to the heroes, brave and bold\nAs we embark on adventures untold", "style": ["rap"], "essentia_features": {"lowlevel.average_loudness": 0.4430382251739502, "lowlevel.barkbands_crest.mean": 14.593328475952148, "lowlevel.barkbands_crest.stdev": 5.831837177276611, "lowlevel.barkbands_flatness_db.mean": 0.2626657783985138, "lowlevel.barkbands_flatness_db.stdev": 0.10255884379148483, "lowlevel.barkbands_kurtosis.mean": 7.794638633728027, "lowlevel.barkbands_kurtosis.stdev": 12.867890357971191, "lowlevel.barkbands_skewness.mean": 1.3380467891693115, "lowlevel.barkbands_skewness.stdev": 1.5711246728897095, "lowlevel.barkbands_spread.mean": 8.811415672302246, "lowlevel.barkbands_spread.stdev": 10.498064041137695, "lowlevel.dissonance.mean": 0.3879897892475128, "lowlevel.dissonance.stdev": 0.078831747174263, "lowlevel.dynamic_complexity": 7.880924224853516, "lowlevel.erbbands_crest.mean": 15.656222343444824, "lowlevel.erbbands_crest.stdev": 6.851083278656006, "lowlevel.erbbands_flatness_db.mean": 0.31297948956489563, "lowlevel.erbbands_flatness_db.stdev": 0.10552450269460678, "lowlevel.erbbands_kurtosis.mean": 4.248347282409668, "lowlevel.erbbands_kurtosis.stdev": 7.034878730773926, "lowlevel.erbbands_skewness.mean": 0.9700407981872559, "lowlevel.erbbands_skewness.stdev": 1.1824240684509277, "lowlevel.erbbands_spread.mean": 16.58331871032715, "lowlevel.erbbands_spread.stdev": 17.13202667236328, "lowlevel.hfc.mean": 11.8187837600708, "lowlevel.hfc.stdev": 25.69852066040039, "lowlevel.loudness_ebu128.integrated": -33.49625778198242, "lowlevel.loudness_ebu128.loudness_range": 7.178071975708008, "lowlevel.loudness_ebu128.momentary.mean": -37.65742111206055, "lowlevel.loudness_ebu128.momentary.stdev": 6.980724334716797, "lowlevel.loudness_ebu128.short_term.mean": -34.842254638671875, "lowlevel.loudness_ebu128.short_term.stdev": 2.1868553161621094, "lowlevel.melbands_crest.mean": 17.867752075195312, "lowlevel.melbands_crest.stdev": 6.699309349060059, "lowlevel.melbands_flatness_db.mean": 0.30623358488082886, "lowlevel.melbands_flatness_db.stdev": 0.09286732971668243, "lowlevel.melbands_kurtosis.mean": 10.74516487121582, "lowlevel.melbands_kurtosis.stdev": 18.112651824951172, "lowlevel.melbands_skewness.mean": 1.581749439239502, "lowlevel.melbands_skewness.stdev": 1.82089364528656, "lowlevel.melbands_spread.mean": 11.64099407196045, "lowlevel.melbands_spread.stdev": 13.987373352050781, "lowlevel.pitch_salience.mean": 0.5448125600814819, "lowlevel.pitch_salience.stdev": 0.15602150559425354, "lowlevel.silence_rate_20dB.mean": 1.0, "lowlevel.silence_rate_20dB.stdev": 0.0, "lowlevel.silence_rate_30dB.mean": 0.9799703359603882, "lowlevel.silence_rate_30dB.stdev": 0.1401010900735855, "lowlevel.silence_rate_60dB.mean": 0.4688427448272705, "lowlevel.silence_rate_60dB.stdev": 0.4990314245223999, "lowlevel.spectral_centroid.mean": 840.3409423828125, "lowlevel.spectral_centroid.stdev": 336.9198303222656, "lowlevel.spectral_complexity.mean": 4.0296735763549805, "lowlevel.spectral_complexity.stdev": 2.6983375549316406, "lowlevel.spectral_decrease.mean": -3.277550675306884e-09, "lowlevel.spectral_decrease.stdev": 6.287239617819296e-09, "lowlevel.spectral_energy.mean": 0.013442217372357845, "lowlevel.spectral_energy.stdev": 0.02603236585855484, "lowlevel.spectral_energyband_high.mean": 1.3411840882326942e-05, "lowlevel.spectral_energyband_high.stdev": 2.992204281326849e-05, "lowlevel.spectral_energyband_low.mean": 1.0381239007983822e-05, "lowlevel.spectral_energyband_low.stdev": 1.5338295270339586e-05, "lowlevel.spectral_energyband_middle_high.mean": 0.007958361878991127, "lowlevel.spectral_energyband_middle_high.stdev": 0.022869596257805824, "lowlevel.spectral_energyband_middle_low.mean": 0.0056514195166528225, "lowlevel.spectral_energyband_middle_low.stdev": 0.009519665502011776, "lowlevel.spectral_entropy.mean": 6.452552795410156, "lowlevel.spectral_entropy.stdev": 0.8524590134620667, "lowlevel.spectral_flux.mean": 0.04711227864027023, "lowlevel.spectral_flux.stdev": 0.04666202887892723, "lowlevel.spectral_kurtosis.mean": 20.25873374938965, "lowlevel.spectral_kurtosis.stdev": 18.60209083557129, "lowlevel.spectral_rms.mean": 0.0026330219116061926, "lowlevel.spectral_rms.stdev": 0.0024862715508788824, "lowlevel.spectral_rolloff.mean": 1157.058837890625, "lowlevel.spectral_rolloff.stdev": 1160.72802734375, "lowlevel.spectral_skewness.mean": 3.053396463394165, "lowlevel.spectral_skewness.stdev": 1.3979878425598145, "lowlevel.spectral_spread.mean": 2881285.5, "lowlevel.spectral_spread.stdev": 1904827.125, "lowlevel.spectral_strongpeak.mean": 1.7196073532104492, "lowlevel.spectral_strongpeak.stdev": 2.411125898361206, "lowlevel.zerocrossingrate.mean": 0.04421517252922058, "lowlevel.zerocrossingrate.stdev": 0.029969723895192146, "metadata.audio_properties.analysis.equal_loudness": 0.0, "metadata.audio_properties.analysis.length": 31.274648666381836, "metadata.audio_properties.analysis.sample_rate": 44100.0, "metadata.audio_properties.analysis.start_time": 0.0, "metadata.audio_properties.bit_rate": 105073.0, "metadata.audio_properties.length": 31.27466583251953, "metadata.audio_properties.lossless": 0.0, "metadata.audio_properties.number_channels": 1.0, "metadata.audio_properties.replay_gain": 4.297452926635742, "metadata.audio_properties.sample_rate": 48000.0, "rhythm.beats_count": 62.0, "rhythm.beats_loudness.mean": 0.01962553896009922, "rhythm.beats_loudness.stdev": 0.02651796117424965, "rhythm.bpm": 117.24852752685547, "rhythm.bpm_histogram_first_peak_bpm": 117.0, "rhythm.bpm_histogram_first_peak_weight": 0.5, "rhythm.bpm_histogram_second_peak_bpm": 129.0, "rhythm.bpm_histogram_second_peak_spread": 0.3888888955116272, "rhythm.bpm_histogram_second_peak_weight": 0.1803278625011444, "rhythm.danceability": 1.1729239225387573, "rhythm.onset_rate": 3.4836647510528564, "tonal.chords_changes_rate": 0.11999999731779099, "tonal.chords_number_rate": 0.014814814552664757, "tonal.chords_strength.mean": 0.48266610503196716, "tonal.chords_strength.stdev": 0.10245082527399063, "tonal.hpcp_crest.mean": 19.094778060913086, "tonal.hpcp_crest.stdev": 9.610599517822266, "tonal.hpcp_entropy.mean": 1.4462697505950928, "tonal.hpcp_entropy.stdev": 0.9455313086509705, "tonal.key_edma.strength": 0.8759669661521912, "tonal.key_krumhansl.strength": 0.8785192966461182, "tonal.key_temperley.strength": 0.8762100338935852, "tonal.tuning_diatonic_strength": 0.8118664026260376, "tonal.tuning_equal_tempered_deviation": 0.19762903451919556, "tonal.tuning_frequency": 439.2381896972656, "tonal.tuning_nontempered_energy_ratio": 0.8946952819824219, "lowlevel.barkbands.mean": [4.866270955972141e-06, 4.12163444707403e-06, 2.020652800638345e-06, 8.20104469312355e-06, 0.00016797716671135277, 0.0008940869010984898, 0.0003827070468105376, 0.0011751217534765601, 0.0026797752361744642, 0.0018464225577190518, 0.0037586581893265247, 0.0013868111418560147, 0.00038274185499176383, 0.0004241818969603628, 0.00014242477482184768, 0.00010171653411816806, 4.954970063408837e-05, 1.1045961400668602e-05, 3.664585165097378e-06, 6.391648184944643e-06, 1.6476334394610603e-06, 8.068649890446977e-07, 3.5206146549171535e-06, 2.706038458200055e-06, 8.603748824498325e-07, 2.0512719345333608e-07, 1.618323919316822e-09], "lowlevel.barkbands.stdev": [1.1788088158937171e-05, 6.116472832218278e-06, 4.176296442892635e-06, 2.958061122626532e-05, 0.00037990533746778965, 0.002697390504181385, 0.0016067848773673177, 0.0035438351333141327, 0.008017762564122677, 0.007935171015560627, 0.017126187682151794, 0.008880210109055042, 0.0018275000620633364, 0.0024751003365963697, 0.0005224657943472266, 0.00048594348481856287, 0.0001831510162446648, 2.919026155723259e-05, 1.070389316737419e-05, 1.3346241757972166e-05, 3.702253479787032e-06, 3.2744487725722138e-06, 1.224943025590619e-05, 1.0155956260859966e-05, 4.015956619696226e-06, 1.1410263596189907e-06, 2.0805746014929127e-09], "lowlevel.erbbands.mean": [0.00019549578428268433, 0.000705139827914536, 0.0022728689946234226, 0.01479546632617712, 0.1512068659067154, 0.6879765391349792, 1.7140223979949951, 10.729632377624512, 5.217940807342529, 16.815359115600586, 26.057880401611328, 66.4541244506836, 44.97714614868164, 107.88501739501953, 137.51292419433594, 41.39463424682617, 16.456920623779297, 22.86775016784668, 13.967663764953613, 5.741727352142334, 4.795146942138672, 2.7535462379455566, 0.8541936874389648, 0.2764853537082672, 0.1772240549325943, 0.29058539867401123, 0.16198435425758362, 0.03185340389609337, 0.02659219317138195, 0.056319721043109894, 0.1061694398522377, 0.07376366853713989, 0.0368894562125206, 0.01392626017332077, 0.0040931603871285915, 0.0014273527776822448, 0.00030597654404118657, 1.8617842215462588e-05, 7.703750270593446e-06, 1.5887990230112337e-05], "lowlevel.erbbands.stdev": [0.0003113207349088043, 0.001094444072805345, 0.004432098474353552, 0.042605649679899216, 0.3839016556739807, 1.6854088306427002, 3.134171962738037, 34.19287872314453, 12.697867393493652, 52.883522033691406, 60.917930603027344, 207.1878204345703, 130.87484741210938, 415.2813415527344, 551.8619995117188, 259.8059997558594, 67.83071899414062, 122.3604507446289, 45.694923400878906, 25.670955657958984, 20.231040954589844, 9.934103965759277, 2.0067129135131836, 0.7372952103614807, 0.44009172916412354, 0.6103464365005493, 0.30902183055877686, 0.10240398347377777, 0.1086852177977562, 0.2073052078485489, 0.3736268877983093, 0.2632228434085846, 0.14418698847293854, 0.06175690516829491, 0.02130185067653656, 0.007395989261567593, 0.0019679060205817223, 0.00012835796223953366, 1.4077807463763747e-05, 3.093313716817647e-05], "lowlevel.gfcc.mean": [-200.564208984375, 121.10469055175781, -162.01068115234375, -28.871421813964844, -79.5490951538086, 0.3046591281890869, -37.450740814208984, 0.6531936526298523, -13.156018257141113, -9.021651268005371, -0.2767799496650696, -9.99223804473877, 6.956398010253906], "lowlevel.melbands.mean": [1.6930496258282801e-06, 1.0744146266006283e-06, 5.694505489373114e-06, 2.8712180210277438e-05, 5.858021177118644e-05, 0.00021229764388408512, 8.128178160404786e-05, 0.00021443354489747435, 0.00023330326075665653, 0.0004249217454344034, 0.00021490594372153282, 0.00041684694588184357, 0.0005264842184260488, 0.00018867143080569804, 4.526995326159522e-05, 3.9379567169817165e-05, 4.466453174245544e-05, 2.620127452246379e-05, 8.588673154008575e-06, 8.241336217906792e-06, 4.7816911319387145e-06, 3.3775006613723235e-06, 9.941891221387777e-07, 5.0717090971375e-07, 1.8967827486449096e-07, 1.0009556206114212e-07, 1.702113507917602e-07, 2.0069506945219473e-07, 1.3469809800881194e-07, 3.03874472251664e-08, 1.3496903150667094e-08, 1.3246316932225e-08, 1.8315800431878415e-08, 3.6910090983610644e-08, 5.981179640457412e-08, 6.524504669869202e-08, 3.771427614651657e-08, 2.9300904813567286e-08, 1.6428613136554304e-08, 9.831554237393902e-09], "lowlevel.melbands.stdev": [2.4917237624322297e-06, 1.9365024854778312e-06, 1.558928852318786e-05, 6.585453957086429e-05, 0.00010656625818228349, 0.0006602202192880213, 0.00022697541862726212, 0.0006731154280714691, 0.0005716416635550559, 0.0013630148023366928, 0.000689591106493026, 0.0016552085289731622, 0.0023424087557941675, 0.0010400372557342052, 0.0004199212125968188, 0.00021846483286935836, 0.0002621412859298289, 0.00010216394730377942, 3.395435123820789e-05, 4.104588515474461e-05, 2.115378993039485e-05, 1.3460535228659865e-05, 2.198601805503131e-06, 1.8208201026936877e-06, 5.277518653201696e-07, 3.2702808994145016e-07, 4.547153764633549e-07, 4.109536462237884e-07, 2.7408319169808237e-07, 7.40592227543857e-08, 6.336156843644858e-08, 5.8318978091165263e-08, 7.507800603434589e-08, 1.409267298413397e-07, 2.2201176363978448e-07, 2.2794586129748495e-07, 1.3819175137541606e-07, 1.157514546434868e-07, 7.113097666433532e-08, 4.768277861444403e-08], "lowlevel.melbands128.mean": [2.4628761821077205e-06, 1.9496771983540384e-06, 1.4631151543653687e-06, 1.0293589411958237e-06, 1.0127998848474817e-06, 9.906395916914335e-07, 1.5618238649039995e-06, 5.4442552936961874e-06, 1.3159889022062998e-05, 2.6311032343073748e-05, 4.040238127345219e-05, 4.750984226120636e-05, 3.147089228150435e-05, 8.998592238640413e-05, 0.00032969590392895043, 0.00022646988509222865, 6.098464291426353e-05, 5.718004467780702e-05, 9.636759932618588e-05, 0.00017256484716199338, 0.0003276625066064298, 0.00020395778119564056, 0.00015230152348522097, 0.00032897922210395336, 0.0004733300011139363, 0.0005393684259615839, 0.00018993816047441214, 0.00017412655870430171, 0.00017750024562701583, 0.00037476897705346346, 0.00040824839379638433, 0.0006880811415612698, 0.0005788725102320313, 0.0004124611441511661, 0.00029937236104160547, 7.491178257623687e-05, 9.564982610754669e-05, 3.510707392706536e-05, 3.0501369110425003e-05, 1.7703718185657635e-05, 6.171740096760914e-05, 3.670097066788003e-05, 3.297220609965734e-05, 6.404173473129049e-05, 3.713195474119857e-05, 1.3684938494407106e-05, 2.154073263227474e-05, 4.755546342494199e-06, 6.1619839470949955e-06, 6.879086413391633e-06, 8.637792234367225e-06, 1.090004025172675e-05, 3.266335852458724e-06, 3.5354314604774117e-06, 3.9979427128855605e-06, 4.543901923170779e-06, 1.4822385310253594e-06, 1.1965973953920184e-06, 6.898349056427833e-07, 7.973603146638197e-07, 6.351111778712948e-07, 1.668197029403018e-07, 2.2132557830900623e-07, 2.251782404982805e-07, 8.590858868728901e-08, 7.494266895946566e-08, 1.2863355891568062e-07, 1.0959427498846708e-07, 1.9539083950803615e-07, 2.354865671350126e-07, 1.8712145788413181e-07, 1.806718756824921e-07, 2.2325389181787614e-07, 1.1237928987384294e-07, 6.47044728907531e-08, 2.88060579833882e-08, 1.6925431722825124e-08, 1.3712446289559921e-08, 1.359752754837018e-08, 1.2685442030146987e-08, 1.2071886601461301e-08, 1.3966172218715656e-08, 1.4877608478514048e-08, 1.795189064068836e-08, 2.0956859358989277e-08, 2.9676320068006135e-08, 4.360728311780804e-08, 4.9043705985241104e-08, 6.350811077027174e-08, 6.248448158885367e-08, 7.201578711146794e-08, 7.289758485740094e-08, 4.3144474659584375e-08, 3.299932060940591e-08, 3.6588904350765006e-08, 3.616640853465469e-08, 2.7581943840004897e-08, 1.948363781423268e-08, 1.7407323582574463e-08, 1.3944704946311504e-08, 1.3024109790649163e-08, 1.015546491345276e-08, 4.502626271829513e-09, 4.609876036454352e-09, 4.450577684167456e-09, 4.441094159091108e-09, 2.874056992396845e-09, 2.1861292776037544e-09, 2.493917738988216e-09, 2.4385777841473555e-09, 1.7866584878234448e-09, 1.1047364134597615e-09, 7.924658151914343e-10, 5.185847307132008e-10, 3.0746141743698274e-10, 6.756624426618174e-11, 1.3576137609938588e-11, 7.54998841223653e-12, 7.001028663050635e-12, 6.865257494437227e-12, 6.627269046044493e-12, 6.581191754756466e-12, 6.682063322799303e-12, 6.42709887047066e-12, 5.195240938837831e-12, 2.984424339602665e-12, 1.785867352437076e-12, 1.6109904209249404e-12], "lowlevel.melbands128.stdev": [5.179058007342974e-06, 3.2717391604819568e-06, 2.412851699773455e-06, 1.6834375173857552e-06, 2.0471386505960254e-06, 2.061417490040185e-06, 5.209944447415182e-06, 2.0042130927322432e-05, 4.266183532308787e-05, 7.755307160550728e-05, 0.00011294299474684522, 0.00014944530266802758, 7.019922486506402e-05, 0.0002446254075039178, 0.0011128855403512716, 0.000762743002269417, 0.0002349794958718121, 0.00025679016835056245, 0.0005144855822436512, 0.0006819629343226552, 0.001229664427228272, 0.0007575969211757183, 0.0005368051351979375, 0.0013589522568508983, 0.0017409666907042265, 0.0023539033718407154, 0.000879902218002826, 0.000858949963003397, 0.0010290151694789529, 0.0022540439385920763, 0.0022369211073964834, 0.004005734343081713, 0.003726084716618061, 0.0021240871865302324, 0.0023504188284277916, 0.0005499784601852298, 0.0012690135044977069, 0.00039909587940201163, 0.00014954860671423376, 8.744491060497239e-05, 0.00045420025708153844, 0.0002260136097902432, 0.0004017226747237146, 0.0005000302917324007, 0.00020588812185451388, 4.8588924983050674e-05, 9.868825873127207e-05, 2.1356301658670418e-05, 6.023278183420189e-05, 5.9978687204420567e-05, 5.964170122751966e-05, 6.278958608163521e-05, 2.9280829039635137e-05, 2.2413094484363683e-05, 2.1067537090857513e-05, 2.3709231754764915e-05, 5.8497216741670854e-06, 3.668819317681482e-06, 2.244688403152395e-06, 2.411562491033692e-06, 3.7265292576194042e-06, 5.462232479658269e-07, 6.155840424071357e-07, 8.614173339083209e-07, 5.862942202838894e-07, 3.5972800560557516e-07, 4.0161324932341813e-07, 3.7263612284732517e-07, 7.49868320326641e-07, 7.305422968784114e-07, 5.34400555807224e-07, 4.5404541992866143e-07, 6.072573910387291e-07, 2.6946889875034685e-07, 2.0153062507688446e-07, 7.51279287669604e-08, 5.2831172325795706e-08, 6.325197432488494e-08, 7.240068100600183e-08, 6.625612058996921e-08, 6.11328374588993e-08, 6.02261707172147e-08, 6.99981228535762e-08, 8.743288759660572e-08, 9.003393586226593e-08, 1.1492521423406288e-07, 1.78545775497696e-07, 2.024715399784327e-07, 2.608669831261068e-07, 2.527277729313937e-07, 2.433897350329062e-07, 2.870298203561106e-07, 1.8001553314661578e-07, 1.2425584827724379e-07, 1.5000678388332744e-07, 1.4766848721592396e-07, 1.1850915626610004e-07, 9.080401497385537e-08, 8.411626595261623e-08, 6.495225335356736e-08, 6.450638068145054e-08, 5.856709606177901e-08, 2.1977662356675864e-08, 2.615851180109985e-08, 2.953579425479802e-08, 2.75351368372867e-08, 1.5899592753498837e-08, 1.1212591743969824e-08, 1.3230414985798689e-08, 1.5565523980853868e-08, 1.1236108043988224e-08, 6.9810845992890336e-09, 7.517638955789607e-09, 4.965022171177225e-09, 3.2000646577046155e-09, 8.245673588369584e-10, 6.080674852526613e-11, 8.098530526745584e-12, 5.46273703355693e-12, 5.354882336161548e-12, 5.17642439329391e-12, 5.100319472317594e-12, 5.051081948537206e-12, 4.931420289483457e-12, 4.780724427444483e-12, 4.694510405411911e-12, 4.635090922189278e-12, 4.6087079465240155e-12], "lowlevel.mfcc.mean": [-839.3794555664062, 161.14015197753906, -33.56558609008789, -27.181812286376953, -18.361623764038086, -16.14808464050293, -10.637596130371094, -4.347878456115723, -9.556638717651367, 8.908289909362793, -18.785324096679688, 3.9958789348602295, -5.336842060089111], "lowlevel.spectral_contrast_coeffs.mean": [-0.6711899638175964, -0.6565195322036743, -0.7020078301429749, -0.7772225141525269, -0.8116438984870911, -0.8135902881622314], "lowlevel.spectral_contrast_coeffs.stdev": [0.08305279165506363, 0.13337048888206482, 0.13703584671020508, 0.09289071708917618, 0.05859425663948059, 0.02801954373717308], "lowlevel.spectral_contrast_valleys.mean": [-9.576580047607422, -8.299032211303711, -8.592143058776855, -9.153961181640625, -9.765715599060059, -12.790830612182617], "lowlevel.spectral_contrast_valleys.stdev": [0.4419884979724884, 0.5097594857215881, 0.6521204710006714, 0.5740647912025452, 0.5209620594978333, 0.7780048847198486], "rhythm.beats_loudness_band_ratio.mean": [0.03753313422203064, 0.13354898989200592, 0.43435800075531006, 0.35129985213279724, 0.06703463196754456, 0.01203478965908289], "rhythm.beats_loudness_band_ratio.stdev": [0.08615949004888535, 0.1899101585149765, 0.2782251238822937, 0.3081373870372772, 0.11421314626932144, 0.06854701042175293], "tonal.hpcp.mean": [0.1297573298215866, 0.13376763463020325, 0.10549010336399078, 0.09795934706926346, 0.09675530344247818, 0.10730702430009842, 0.10657521337270737, 0.08040843904018402, 0.09835336357355118, 0.1940736025571823, 0.21304816007614136, 0.11993851512670517, 0.07369524985551834, 0.07784339785575867, 0.10742872208356857, 0.11978337168693542, 0.09428121894598007, 0.07672092318534851, 0.06685499846935272, 0.062377702444791794, 0.08036791533231735, 0.09979432076215744, 0.0971679836511612, 0.12508147954940796, 0.1847469061613083, 0.18714511394500732, 0.1328919529914856, 0.08962452411651611, 0.06962233036756516, 0.08615635335445404, 0.11776075512170792, 0.1265551745891571, 0.10486657172441483, 0.06392449885606766, 0.05525371432304382, 0.08645633608102798], "tonal.hpcp.stdev": [0.24594709277153015, 0.25786256790161133, 0.22056294977664948, 0.22679740190505981, 0.21939131617546082, 0.22624318301677704, 0.22660277783870697, 0.18187585473060608, 0.19820231199264526, 0.3208346962928772, 0.3283827602863312, 0.23936881124973297, 0.16706225275993347, 0.18384911119937897, 0.23858173191547394, 0.2547399699687958, 0.19881489872932434, 0.190195232629776, 0.1676565706729889, 0.16928645968437195, 0.1950557976961136, 0.22978928685188293, 0.2181468904018402, 0.24166758358478546, 0.3045778274536133, 0.32590457797050476, 0.24719001352787018, 0.21242789924144745, 0.17887011170387268, 0.19433973729610443, 0.2400267869234085, 0.25323620438575745, 0.22927142679691315, 0.14702685177326202, 0.1419644057750702, 0.19513104856014252], "rhythm.beats_position": [0.4411791265010834, 0.8939682245254517, 1.3583673238754272, 1.8111563920974731, 2.2755556106567383, 2.739954710006714, 3.2624034881591797, 3.773242473602295, 4.28408145904541, 4.818140506744385, 5.352199554443359, 5.886258602142334, 6.408707141876221, 6.919546127319336, 7.441995143890381, 7.964444160461426, 8.498503684997559, 9.009342193603516, 9.520181655883789, 10.031020164489746, 10.483809471130371, 10.948208808898926, 11.400997161865234, 11.85378646850586, 12.306575775146484, 12.770975112915039, 13.235373497009277, 13.699772834777832, 14.164172172546387, 14.628571510314941, 15.127799987792969, 15.638639450073242, 16.149478912353516, 16.625486373901367, 17.089885711669922, 17.554285049438477, 18.04190444946289, 18.541133880615234, 19.02875328063965, 19.52798080444336, 20.027210235595703, 20.538049697875977, 21.04888916015625, 21.54811668395996, 22.058956146240234, 22.569795608520508, 23.09224510192871, 23.61469268798828, 24.160362243652344, 24.706031799316406, 25.240089416503906, 25.76253890991211, 26.284988403320312, 26.795827865600586, 27.306665420532227, 27.80589485168457, 28.316734313964844, 28.827573776245117, 29.326801300048828, 29.8376407623291, 30.360090255737305, 30.882539749145508], "rhythm.bpm_histogram": [0.0, 0.0, 0.0, 0.0, 0.0, 0.0, 0.0, 0.0, 0.0, 0.0, 0.0, 0.0, 0.0, 0.0, 0.0, 0.0, 0.0, 0.0, 0.0, 0.0, 0.0, 0.0, 0.0, 0.0, 0.0, 0.0, 0.0, 0.0, 0.0, 0.0, 0.0, 0.0, 0.0, 0.0, 0.0, 0.0, 0.0, 0.0, 0.0, 0.0, 0.0, 0.0, 0.0, 0.0, 0.0, 0.0, 0.0, 0.0, 0.0, 0.0, 0.0, 0.0, 0.0, 0.0, 0.0, 0.0, 0.0, 0.0, 0.0, 0.0, 0.0, 0.0, 0.0, 0.0, 0.0, 0.0, 0.0, 0.0, 0.0, 0.0, 0.0, 0.0, 0.0, 0.0, 0.0, 0.0, 0.0, 0.0, 0.0, 0.0, 0.0, 0.0, 0.0, 0.0, 0.0, 0.0, 0.0, 0.0, 0.0, 0.0, 0.0, 0.0, 0.0, 0.0, 0.0, 0.0, 0.0, 0.0, 0.0, 0.0, 0.0, 0.0, 0.0, 0.0, 0.0, 0.0, 0.0, 0.0, 0.0, 0.0, 0.032786883413791656, 0.0, 0.08196721225976944, 0.0, 0.0, 0.16393442451953888, 0.0, 0.2786885201931, 0.0, 0.0, 0.1147540956735611, 0.0, 0.0, 0.032786883413791656, 0.0, 0.0, 0.016393441706895828, 0.0, 0.0, 0.1803278625011444, 0.0, 0.0, 0.0, 0.09836065769195557, 0.0, 0.0, 0.0, 0.0, 0.0, 0.0, 0.0, 0.0, 0.0, 0.0, 0.0, 0.0, 0.0, 0.0, 0.0, 0.0, 0.0, 0.0, 0.0, 0.0, 0.0, 0.0, 0.0, 0.0, 0.0, 0.0, 0.0, 0.0, 0.0, 0.0, 0.0, 0.0, 0.0, 0.0, 0.0, 0.0, 0.0, 0.0, 0.0, 0.0, 0.0, 0.0, 0.0, 0.0, 0.0, 0.0, 0.0, 0.0, 0.0, 0.0, 0.0, 0.0, 0.0, 0.0, 0.0, 0.0, 0.0, 0.0, 0.0, 0.0, 0.0, 0.0, 0.0, 0.0, 0.0, 0.0, 0.0, 0.0, 0.0, 0.0, 0.0, 0.0, 0.0, 0.0, 0.0, 0.0, 0.0, 0.0, 0.0, 0.0, 0.0, 0.0, 0.0, 0.0, 0.0, 0.0, 0.0, 0.0, 0.0, 0.0, 0.0, 0.0, 0.0, 0.0, 0.0, 0.0, 0.0, 0.0, 0.0, 0.0, 0.0, 0.0, 0.0, 0.0, 0.0, 0.0, 0.0, 0.0, 0.0, 0.0, 0.0, 0.0, 0.0, 0.0, 0.0, 0.0], "tonal.chords_histogram": [41.03703689575195, 8.44444465637207, 11.407407760620117, 3.2592592239379883, 0.0, 0.5925925970077515, 0.4444444477558136, 0.7407407164573669, 1.4814814329147339, 0.5925925970077515, 0.0, 0.0, 0.0, 0.0, 0.0, 0.7407407164573669, 0.14814814925193787, 2.814814805984497, 0.0, 4.44444465637207, 0.0, 3.555555582046509, 7.407407283782959, 12.88888931274414], "tonal.thpcp": [1.0, 0.5629643201828003, 0.34590888023376465, 0.36537933349609375, 0.504246175289154, 0.5622361302375793, 0.44253477454185486, 0.36011070013046265, 0.3138022720813751, 0.2927868664264679, 0.37722885608673096, 0.46841204166412354, 0.45608460903167725, 0.5871042609214783, 0.8671603202819824, 0.8784169554710388, 0.6237648725509644, 0.4206773042678833, 0.32679152488708496, 0.40439847111701965, 0.5527424216270447, 0.5940214395523071, 0.49222004413604736, 0.3000471889972687, 0.25934848189353943, 0.4058065414428711, 0.6090516448020935, 0.6278750896453857, 0.4951467514038086, 0.4597990810871124, 0.4541475772857666, 0.5036749839782715, 0.5002400279045105, 0.3774190843105316, 0.46164849400520325, 0.9109377264976501], "lowlevel.gfcc.cov": [[3548.328857421875, -102.21431732177734, -1486.1890869140625, -1082.1051025390625, -122.59133911132812, -102.38520812988281, 216.87623596191406, 16.2386417388916, 410.8055725097656, -414.63525390625, 597.7496337890625, -211.64834594726562, 391.5527038574219], [-102.21431732177734, 1018.0345458984375, -212.34762573242188, -393.6683044433594, 191.24293518066406, -317.4406433105469, 328.5221862792969, -61.17176055908203, -23.240358352661133, -142.82015991210938, 102.0949478149414, -216.32167053222656, 28.840803146362305], [-1486.1890869140625, -212.34762573242188, 1353.4105224609375, 821.9412841796875, -199.9676055908203, 89.96260070800781, -305.97393798828125, 33.68633270263672, -250.12548828125, 300.6095886230469, -405.34234619140625, 191.68417358398438, -279.6015319824219], [-1082.1051025390625, -393.6683044433594, 821.9412841796875, 1103.4005126953125, -73.97891235351562, -14.475363731384277, -469.0036315917969, 62.80986785888672, -56.05763244628906, 253.5726776123047, -331.5929870605469, 183.55921936035156, -100.33399200439453], [-122.59133911132812, 191.24293518066406, -199.9676055908203, -73.97891235351562, 276.26611328125, 8.212278366088867, 63.32965087890625, -32.95556640625, 2.631110668182373, -9.441710472106934, 9.248223304748535, -17.467918395996094, 41.187442779541016], [-102.38520812988281, -317.4406433105469, 89.96260070800781, -14.475363731384277, 8.212278366088867, 426.88250732421875, 54.84507751464844, -59.79258346557617, -111.8755111694336, 67.321533203125, -52.737918853759766, 56.1512336730957, -75.00494384765625], [216.87623596191406, 328.5221862792969, -305.97393798828125, -469.0036315917969, 63.32965087890625, 54.84507751464844, 483.9558410644531, -15.120680809020996, -106.72701263427734, -139.83004760742188, 130.8555145263672, -118.8624267578125, -33.73734664916992], [16.2386417388916, -61.17176055908203, 33.68633270263672, 62.80986785888672, -32.95556640625, -59.79258346557617, -15.120680809020996, 153.61813354492188, 81.79161071777344, 2.1220767498016357, -28.579790115356445, 2.478851318359375, 9.297743797302246], [410.8055725097656, -23.240358352661133, -250.12548828125, -56.05763244628906, 2.631110668182373, -111.8755111694336, -106.72701263427734, 81.79161071777344, 281.1702575683594, -15.685803413391113, 73.84794616699219, -31.24393653869629, 116.48179626464844], [-414.63525390625, -142.82015991210938, 300.6095886230469, 253.5726776123047, -9.441710472106934, 67.321533203125, -139.83004760742188, 2.1220767498016357, -15.685803413391113, 234.23487854003906, -83.68712615966797, 72.9341049194336, -61.997802734375], [597.7496337890625, 102.0949478149414, -405.34234619140625, -331.5929870605469, 9.248223304748535, -52.737918853759766, 130.8555145263672, -28.579790115356445, 73.84794616699219, -83.68712615966797, 287.3739318847656, -4.763435363769531, 96.77730560302734], [-211.64834594726562, -216.32167053222656, 191.68417358398438, 183.55921936035156, -17.467918395996094, 56.1512336730957, -118.8624267578125, 2.478851318359375, -31.24393653869629, 72.9341049194336, -4.763435363769531, 201.03533935546875, 23.045747756958008], [391.5527038574219, 28.840803146362305, -279.6015319824219, -100.33399200439453, 41.187442779541016, -75.00494384765625, -33.73734664916992, 9.297743797302246, 116.48179626464844, -61.997802734375, 96.77730560302734, 23.045747756958008, 193.0748291015625]], "lowlevel.gfcc.icov": [[0.0008886347059160471, 0.0004757754213642329, 0.0002609702933114022, 0.00039094689418561757, 0.0005130862700752914, -7.466839178960072e-06, 0.00026701856404542923, -4.192949927528389e-05, -0.00016164466796908528, 0.00046879719593562186, -0.0008885697461664677, 0.0009190183482132852, -0.0007720505236648023], [0.0004757754213642329, 0.004955361131578684, -0.002764827571809292, 0.0011292800772935152, -0.0033177342265844345, 0.0036753928288817406, -0.002801767783239484, 0.002737398725003004, -0.0008695551659911871, 0.000618817750364542, -0.0016804966144263744, 0.004326868802309036, -0.0025587808340787888], [0.0002609702933114022, -0.002764827571809292, 0.00548739917576313, -0.0011667839717119932, 0.004107295069843531, -0.0014301961055025458, 0.0018557957373559475, -0.001827118219807744, 0.001799801248125732, -0.0017486513825133443, 0.003194760996848345, -0.004400225821882486, 0.0034810327924788], [0.00039094689418561757, 0.0011292800772935152, -0.0011667839717119932, 0.0031717056408524513, -0.0008606252958998084, 0.001088112941943109, 0.00132327142637223, -0.00034474264248274267, 0.0003998873580712825, -0.0002797737834043801, 0.0004774112021550536, 0.0005156607367098331, -0.0007807949441485107], [0.0005130862700752914, -0.0033177342265844345, 0.004107295069843531, -0.0008606252958998084, 0.008127503097057343, -0.002314152894541621, 0.0010985734406858683, -0.0007311473600566387, 0.0005666927900165319, -0.0014618018176406622, 0.0027596522122621536, -0.0035547763109207153, 0.0007799655431881547], [-7.466839178960072e-06, 0.0036753928288817406, -0.0014301961055025458, 0.001088112941943109, -0.002314152894541621, 0.006297648418694735, -0.0030617776792496443, 0.0033690452110022306, -0.0003635294851846993, -0.0009735197527334094, 0.0008780645439401269, 0.0008725223015062511, -0.0004342153843026608], [0.00026701856404542923, -0.002801767783239484, 0.0018557957373559475, 0.00132327142637223, 0.0010985734406858683, -0.0030617776792496443, 0.008307931013405323, -0.005053563043475151, 0.004391395021229982, 0.0009895956609398127, -0.0018353796331211925, 0.00025500429910607636, 0.0020813988521695137], [-4.192949927528389e-05, 0.002737398725003004, -0.001827118219807744, -0.00034474264248274267, -0.0007311473600566387, 0.0033690452110022306, -0.005053563043475151, 0.01238738838583231, -0.00593797629699111, 0.00048210611566901207, 0.002138678915798664, -0.00017927837325260043, -0.00047719007125124335], [-0.00016164466796908528, -0.0008695551659911871, 0.001799801248125732, 0.0003998873580712825, 0.0005666927900165319, -0.0003635294851846993, 0.004391395021229982, -0.00593797629699111, 0.010001176968216896, -0.0017654503462836146, -0.001376316649839282, 0.0020352224819362164, -0.002090582624077797], [0.00046879719593562186, 0.000618817750364542, -0.0017486513825133443, -0.0002797737834043801, -0.0014618018176406622, -0.0009735197527334094, 0.0009895956609398127, 0.00048210611566901207, -0.0017654503462836146, 0.008120710030198097, -0.0020306503865867853, 0.00042267644312232733, 0.001002613571472466], [-0.0008885697461664677, -0.0016804966144263744, 0.003194760996848345, 0.0004774112021550536, 0.0027596522122621536, 0.0008780645439401269, -0.0018353796331211925, 0.002138678915798664, -0.001376316649839282, -0.0020306503865867853, 0.01120748184621334, -0.006740350276231766, 0.0016214769566431642], [0.0009190183482132852, 0.004326868802309036, -0.004400225821882486, 0.0005156607367098331, -0.0035547763109207153, 0.0008725223015062511, 0.00025500429910607636, -0.00017927837325260043, 0.0020352224819362164, 0.00042267644312232733, -0.006740350276231766, 0.014720973558723927, -0.006934537552297115], [-0.0007720505236648023, -0.0025587808340787888, 0.0034810327924788, -0.0007807949441485107, 0.0007799655431881547, -0.0004342153843026608, 0.0020813988521695137, -0.00047719007125124335, -0.002090582624077797, 0.001002613571472466, 0.0016214769566431642, -0.006934537552297115, 0.013412345200777054]], "lowlevel.mfcc.cov": [[3745.030029296875, -85.85488891601562, -1316.1395263671875, -1020.367919921875, -140.96755981445312, -482.3689270019531, -34.75250244140625, 167.53640747070312, -268.395263671875, 409.8623352050781, -342.8648376464844, 32.11195755004883, -15.054032325744629], [-85.85488891601562, 1358.5469970703125, -537.576171875, -149.61166381835938, -315.4645080566406, -169.34019470214844, 303.0102844238281, 23.26311492919922, -21.413328170776367, 78.40066528320312, -5.677242279052734, -13.416939735412598, -46.73353958129883], [-1316.1395263671875, -537.576171875, 1340.866455078125, 564.4865112304688, 84.03907775878906, 220.35430908203125, -160.76052856445312, -108.4465103149414, 119.59668731689453, -264.86102294921875, 174.87132263183594, 9.459783554077148, 4.841795921325684], [-1020.367919921875, -149.61166381835938, 564.4865112304688, 782.239501953125, 205.50418090820312, -4.7257795333862305, -189.580810546875, -124.79228973388672, 142.23390197753906, -158.44667053222656, 9.162225723266602, 108.85781860351562, 32.45836639404297], [-140.96755981445312, -315.4645080566406, 84.03907775878906, 205.50418090820312, 381.0871276855469, 23.59381675720215, -241.02700805664062, -86.8609848022461, 76.15979766845703, -9.696242332458496, -57.227439880371094, 53.10441207885742, 24.854877471923828], [-482.3689270019531, -169.34019470214844, 220.35430908203125, -4.7257795333862305, 23.59381675720215, 396.6792907714844, 107.92876434326172, -30.60096549987793, -5.740004062652588, -93.07010650634766, 149.17312622070312, -119.5565414428711, -42.665809631347656], [-34.75250244140625, 303.0102844238281, -160.76052856445312, -189.580810546875, -241.02700805664062, 107.92876434326172, 388.8028869628906, 95.4077377319336, -88.28192138671875, -7.651070594787598, 67.87968444824219, -67.00381469726562, -42.84326171875], [167.53640747070312, 23.26311492919922, -108.4465103149414, -124.79228973388672, -86.8609848022461, -30.60096549987793, 95.4077377319336, 167.1492156982422, -10.36538314819336, 17.623701095581055, -17.230758666992188, -23.836862564086914, -5.349064826965332], [-268.395263671875, -21.413328170776367, 119.59668731689453, 142.23390197753906, 76.15979766845703, -5.740004062652588, -88.28192138671875, -10.36538314819336, 189.03213500976562, 12.037981986999512, -13.775306701660156, 30.275175094604492, -0.5767641663551331], [409.8623352050781, 78.40066528320312, -264.86102294921875, -158.44667053222656, -9.696242332458496, -93.07010650634766, -7.651070594787598, 17.623701095581055, 12.037981986999512, 215.56570434570312, -30.754167556762695, 9.647446632385254, -16.5163631439209], [-342.8648376464844, -5.677242279052734, 174.87132263183594, 9.162225723266602, -57.227439880371094, 149.17312622070312, 67.87968444824219, -17.230758666992188, -13.775306701660156, -30.754167556762695, 203.65914916992188, -55.98336410522461, -32.51185607910156], [32.11195755004883, -13.416939735412598, 9.459783554077148, 108.85781860351562, 53.10441207885742, -119.5565414428711, -67.00381469726562, -23.836862564086914, 30.275175094604492, 9.647446632385254, -55.98336410522461, 211.9929656982422, 54.98270034790039], [-15.054032325744629, -46.73353958129883, 4.841795921325684, 32.45836639404297, 24.854877471923828, -42.665809631347656, -42.84326171875, -5.349064826965332, -0.5767641663551331, -16.5163631439209, -32.51185607910156, 54.98270034790039, 118.1793212890625]], "lowlevel.mfcc.icov": [[0.000849359726998955, 0.0004313649842515588, 0.00044493298628367484, 0.0006989219109527767, 0.00037122200592420995, 0.0005655899294652045, 0.000350668968167156, 0.00012685665569733828, 0.000582476903218776, -0.0003410829231142998, 0.0006400252459570765, -0.00016679767577443272, 0.0005364246899262071], [0.0004313649842515588, 0.0016934382729232311, 0.0009101465693674982, 4.321961750974879e-05, 0.0010138178477063775, 0.001193989533931017, -0.000905244960449636, 0.0011921781115233898, -0.0005753744626417756, 0.0002022106054937467, -7.442684727720916e-05, 0.00015673886809963733, 0.0005511320778168738], [0.00044493298628367484, 0.0009101465693674982, 0.0022034328430891037, -0.0006273766048252583, 0.0013302129227668047, -1.4796756659052335e-05, 0.0007360305171459913, 0.00043216170161031187, -0.00045148603385314345, 0.0010797689901664853, -0.0007424610666930676, -0.0001618036039872095, 0.0005196385900489986], [0.0006989219109527767, 4.321961750974879e-05, -0.0006273766048252583, 0.0035011942964047194, -0.0010716543765738606, 0.001360858790576458, -8.938941027736291e-05, 0.0010389873059466481, -0.0006746042636223137, 0.0010702291037887335, 0.00037244739360176027, -0.0007294994429685175, 0.0004896613536402583], [0.00037122200592420995, 0.0010138178477063775, 0.0013302129227668047, -0.0010716543765738606, 0.006672106683254242, -0.002011227421462536, 0.0033202248159796, 0.0008542784489691257, -0.0002651922986842692, -0.000415592483477667, 0.001660151407122612, -0.0008160090073943138, 0.0005780112114734948], [0.0005655899294652045, 0.001193989533931017, -1.4796756659052335e-05, 0.001360858790576458, -0.002011227421462536, 0.007029428146779537, -0.003283216618001461, 0.002199518261477351, -0.001121648820117116, 0.0017513771308586001, -0.0026126799639314413, 0.0022232879418879747, 0.0005272909183986485], [0.000350668968167156, -0.000905244960449636, 0.0007360305171459913, -8.938941027736291e-05, 0.0033202248159796, -0.003283216618001461, 0.007590586319565773, -0.0029542362317442894, 0.002178775379434228, -0.00017656575073488057, 0.00046499460586346686, -0.001172912190668285, 0.0010751266963779926], [0.00012685665569733828, 0.0011921781115233898, 0.00043216170161031187, 0.0010389873059466481, 0.0008542784489691257, 0.002199518261477351, -0.0029542362317442894, 0.00925401784479618, -0.0020778451580554247, 0.0008786066900938749, 0.0004907211987301707, 0.0010470786364749074, -9.268446592614055e-05], [0.000582476903218776, -0.0005753744626417756, -0.00045148603385314345, -0.0006746042636223137, -0.0002651922986842692, -0.001121648820117116, 0.002178775379434228, -0.0020778451580554247, 0.008200275711715221, -0.002363756764680147, 0.001341161085292697, -0.0007982976967468858, 0.0008471332839690149], [-0.0003410829231142998, 0.0002022106054937467, 0.0010797689901664853, 0.0010702291037887335, -0.000415592483477667, 0.0017513771308586001, -0.00017656575073488057, 0.0008786066900938749, -0.002363756764680147, 0.007978525944054127, -0.0016264512669295073, -0.00014305880176834762, 0.0011164189781993628], [0.0006400252459570765, -7.442684727720916e-05, -0.0007424610666930676, 0.00037244739360176027, 0.001660151407122612, -0.0026126799639314413, 0.00046499460586346686, 0.0004907211987301707, 0.001341161085292697, -0.0016264512669295073, 0.008894011378288269, -2.544112021496403e-06, 0.0011058239033445716], [-0.00016679767577443272, 0.00015673886809963733, -0.0001618036039872095, -0.0007294994429685175, -0.0008160090073943138, 0.0022232879418879747, -0.001172912190668285, 0.0010470786364749074, -0.0007982976967468858, -0.00014305880176834762, -2.544112021496403e-06, 0.007103906013071537, -0.00248548062518239], [0.0005364246899262071, 0.0005511320778168738, 0.0005196385900489986, 0.0004896613536402583, 0.0005780112114734948, 0.0005272909183986485, 0.0010751266963779926, -9.268446592614055e-05, 0.0008471332839690149, 0.0011164189781993628, 0.0011058239033445716, -0.00248548062518239, 0.010667329654097557]], "metadata.audio_properties.analysis.downmix": "mix", "metadata.audio_properties.codec": "mp3", "metadata.audio_properties.md5_encoded": "63a1c02b1d1d957e0d1195b4c0acd5a4", "metadata.tags.file_name": "1183713984352890932.mp3", "metadata.version.essentia": "2.1-beta6-dev", "metadata.version.essentia_git_sha": "v2.1_beta5-1110-g77a6a954", "metadata.version.ex