{"song_id": "1183709261944074321", "download": "https://cdn.discordapp.com/attachments/1128313332273782784/1183709261944074321/chirp.mp4?ex=65895228&amp", "lyrics": "\u0421 \u0414\u043d\u0451\u043c \u0420\u043e\u0436\u0434\u0435\u043d\u0438\u044f \u0442\u0435\u0431\u044f \u041d\u0430\u0434\u044f!\n\u041f\u0443\u0441\u0442\u044c \u0440\u0430\u0434\u043e\u0441\u0442\u044c \u0432\u0441\u0435\u0433\u0434\u0430 \u043f\u043e\u0431\u0435\u0436\u0434\u0430\u0435\u0442 \u0433\u0440\u0443\u0441\u0442\u044c,\n\u041f\u043b\u044b\u0432\u0438 \u043f\u043e \u0436\u0438\u0437\u043d\u0438 \u043d\u0430\u0437\u0430\u0434 \u043d\u0435 \u0433\u043b\u044f\u0434\u044f, \n\u0418 \u043f\u0430\u0440\u0443\u0441 \u0442\u0432\u043e\u0439 \u0440\u0430\u0437\u0432\u0438\u0432\u0430\u0435\u0442\u0441\u044f \u043f\u0443\u0441\u0442\u044c!  (\u041f\u0443\u0443\u0443\u0441\u0442\u044c)\n\u041f\u0443\u0441\u0442\u044c \u0431\u0443\u0434\u0443\u0442 \u0441\u0447\u0430\u0441\u0442\u044c\u044f \u0448\u0438\u0440\u043e\u043a\u0438\u0435 \u0440\u0435\u043a\u0438, \n\u0418 \u0432\u043e\u043b\u043d\u044b \u043b\u044e\u0431\u0432\u0438 \u0443 \u043c\u043e\u0440\u0441\u043a\u0438\u0445 \u0431\u0435\u0440\u0435\u0433\u043e\u0432,\n\u0412\u043f\u0435\u0440\u0451\u0434 \u043f\u043e\u043d\u0435\u0441\u0451\u0442 \u0432\u043e\u0434\u043e\u043f\u0430\u0434 \u0442\u0435\u0431\u044f \u043d\u0435\u043a\u0438\u0439\n\u0421\u043a\u0432\u043e\u0437\u044c \u0434\u0436\u0443\u043d\u0433\u043b\u0438 \u0441\u0430\u043c\u044b\u0445 \u043f\u0440\u0435\u043a\u0440\u0430\u0441\u043d\u044b\u0445 \u0446\u0432\u0435\u0442\u043e\u0432! \n\u0421 \u0414\u043d\u0451\u043c \u0420\u043e\u0436\u0434\u0435\u043d\u0438\u044f, \u0442\u0435\u0431\u044f\u044f\u044f\u044f, \u041d\u0430\u0434\u044f\u044f\u044f!\n\u0421 \u0414\u043d\u0451\u043c \u0440\u043e\u0436\u0434\u0435\u043d\u0438\u044f, \u0442\u0435\u0431\u044f, \u0423\u0420\u0410\u0410\u0410!!!", "style": ["pop"], "essentia_features": {"lowlevel.average_loudness": 0.9777752161026001, "lowlevel.barkbands_crest.mean": 10.301897048950195, "lowlevel.barkbands_crest.stdev": 3.3349475860595703, "lowlevel.barkbands_flatness_db.mean": 0.1319776028394699, "lowlevel.barkbands_flatness_db.stdev": 0.02991095371544361, "lowlevel.barkbands_kurtosis.mean": 3.078674077987671, "lowlevel.barkbands_kurtosis.stdev": 4.598799228668213, "lowlevel.barkbands_skewness.mean": 1.703382134437561, "lowlevel.barkbands_skewness.stdev": 0.9482821226119995, "lowlevel.barkbands_spread.mean": 28.233469009399414, "lowlevel.barkbands_spread.stdev": 13.034908294677734, "lowlevel.dissonance.mean": 0.47411608695983887, "lowlevel.dissonance.stdev": 0.021404562518000603, "lowlevel.dynamic_complexity": 1.4411202669143677, "lowlevel.erbbands_crest.mean": 8.53299617767334, "lowlevel.erbbands_crest.stdev": 5.083334922790527, "lowlevel.erbbands_flatness_db.mean": 0.148177832365036, "lowlevel.erbbands_flatness_db.stdev": 0.032391808927059174, "lowlevel.erbbands_kurtosis.mean": -0.1358650028705597, "lowlevel.erbbands_kurtosis.stdev": 1.5744670629501343, "lowlevel.erbbands_skewness.mean": -0.09954236447811127, "lowlevel.erbbands_skewness.stdev": 0.7482876181602478, "lowlevel.erbbands_spread.mean": 55.967891693115234, "lowlevel.erbbands_spread.stdev": 22.032485961914062, "lowlevel.hfc.mean": 29.635332107543945, "lowlevel.hfc.stdev": 12.856866836547852, "lowlevel.loudness_ebu128.integrated": -11.188421249389648, "lowlevel.loudness_ebu128.loudness_range": 1.5136022567749023, "lowlevel.loudness_ebu128.momentary.mean": -11.267085075378418, "lowlevel.loudness_ebu128.momentary.stdev": 0.8423665761947632, "lowlevel.loudness_ebu128.short_term.mean": -11.163050651550293, "lowlevel.loudness_ebu128.short_term.stdev": 0.4397328794002533, "lowlevel.melbands_crest.mean": 15.60904312133789, "lowlevel.melbands_crest.stdev": 4.152167797088623, "lowlevel.melbands_flatness_db.mean": 0.18569257855415344, "lowlevel.melbands_flatness_db.stdev": 0.03838029503822327, "lowlevel.melbands_kurtosis.mean": 18.777475357055664, "lowlevel.melbands_kurtosis.stdev": 18.270475387573242, "lowlevel.melbands_skewness.mean": 3.5719375610351562, "lowlevel.melbands_skewness.stdev": 1.8256834745407104, "lowlevel.melbands_spread.mean": 23.784521102905273, "lowlevel.melbands_spread.stdev": 14.857318878173828, "lowlevel.pitch_salience.mean": 0.5212693810462952, "lowlevel.pitch_salience.stdev": 0.0943278968334198, "lowlevel.silence_rate_20dB.mean": 1.0, "lowlevel.silence_rate_20dB.stdev": 0.0, "lowlevel.silence_rate_30dB.mean": 1.0, "lowlevel.silence_rate_30dB.stdev": 0.0, "lowlevel.silence_rate_60dB.mean": 0.005214368458837271, "lowlevel.silence_rate_60dB.stdev": 0.07202199846506119, "lowlevel.spectral_centroid.mean": 1640.582763671875, "lowlevel.spectral_centroid.stdev": 575.50390625, "lowlevel.spectral_complexity.mean": 26.66628074645996, "lowlevel.spectral_complexity.stdev": 7.962466239929199, "lowlevel.spectral_decrease.mean": -1.0651033832687062e-08, "lowlevel.spectral_decrease.stdev": 5.323276042190628e-09, "lowlevel.spectral_energy.mean": 0.04288749024271965, "lowlevel.spectral_energy.stdev": 0.02072666771709919, "lowlevel.spectral_energyband_high.mean": 0.001815399737097323, "lowlevel.spectral_energyband_high.stdev": 0.0012324285926297307, "lowlevel.spectral_energyband_low.mean": 0.019023651257157326, "lowlevel.spectral_energyband_low.stdev": 0.015485255047678947, "lowlevel.spectral_energyband_middle_high.mean": 0.00729009322822094, "lowlevel.spectral_energyband_middle_high.stdev": 0.007859846577048302, "lowlevel.spectral_energyband_middle_low.mean": 0.017346283420920372, "lowlevel.spectral_energyband_middle_low.stdev": 0.013576303608715534, "lowlevel.spectral_entropy.mean": 7.833221912384033, "lowlevel.spectral_entropy.stdev": 0.2094547152519226, "lowlevel.spectral_flux.mean": 0.11086566746234894, "lowlevel.spectral_flux.stdev": 0.045808177441358566, "lowlevel.spectral_kurtosis.mean": 1.6518850326538086, "lowlevel.spectral_kurtosis.stdev": 0.8812990188598633, "lowlevel.spectral_rms.mean": 0.0062727490440011024, "lowlevel.spectral_rms.stdev": 0.0015792903723195195, "lowlevel.spectral_rolloff.mean": 1403.5028076171875, "lowlevel.spectral_rolloff.stdev": 1463.2506103515625, "lowlevel.spectral_skewness.mean": 0.8519636392593384, "lowlevel.spectral_skewness.stdev": 0.21711832284927368, "lowlevel.spectral_spread.mean": 4703635.5, "lowlevel.spectral_spread.stdev": 1252304.375, "lowlevel.spectral_strongpeak.mean": 1.081658124923706, "lowlevel.spectral_strongpeak.stdev": 1.3183871507644653, "lowlevel.zerocrossingrate.mean": 0.06434053182601929, "lowlevel.zerocrossingrate.stdev": 0.03711258992552757, "metadata.audio_properties.analysis.equal_loudness": 0.0, "metadata.audio_properties.analysis.length": 40.04265213012695, "metadata.audio_properties.analysis.sample_rate": 44100.0, "metadata.audio_properties.analysis.start_time": 0.0, "metadata.audio_properties.bit_rate": 128853.0, "metadata.audio_properties.length": 40.042667388916016, "metadata.audio_properties.lossless": 0.0, "metadata.audio_properties.number_channels": 1.0, "metadata.audio_properties.replay_gain": -14.109695434570312, "metadata.audio_properties.sample_rate": 48000.0, "rhythm.beats_count": 74.0, "rhythm.beats_loudness.mean": 0.04571852833032608, "rhythm.beats_loudness.stdev": 0.012329434044659138, "rhythm.bpm": 112.23068237304688, "rhythm.bpm_histogram_first_peak_bpm": 112.0, "rhythm.bpm_histogram_first_peak_weight": 0.28767120838165283, "rhythm.bpm_histogram_second_peak_bpm": 0.0, "rhythm.bpm_histogram_second_peak_spread": 0.0, "rhythm.bpm_histogram_second_peak_weight": 0.0, "rhythm.danceability": 1.4185346364974976, "rhythm.onset_rate": 4.36905574798584, "tonal.chords_changes_rate": 0.1180555522441864, "tonal.chords_number_rate": 0.016203703358769417, "tonal.chords_strength.mean": 0.5757521390914917, "tonal.chords_strength.stdev": 0.09103801101446152, "tonal.hpcp_crest.mean": 11.716463088989258, "tonal.hpcp_crest.stdev": 6.05709171295166, "tonal.hpcp_entropy.mean": 2.352404832839966, "tonal.hpcp_entropy.stdev": 0.8526921272277832, "tonal.key_edma.strength": 0.6375311017036438, "tonal.key_krumhansl.strength": 0.6352487206459045, "tonal.key_temperley.strength": 0.6520528793334961, "tonal.tuning_diatonic_strength": 0.6434713006019592, "tonal.tuning_equal_tempered_deviation": 0.20605023205280304, "tonal.tuning_frequency": 447.9497375488281, "tonal.tuning_nontempered_energy_ratio": 0.8970352411270142, "lowlevel.barkbands.mean": [0.0007619450334459543, 0.004205114208161831, 0.011553787626326084, 0.006800052244216204, 0.004377612844109535, 0.0024282108061015606, 0.00128500338178128, 0.0005965222953818738, 0.0017290342366322875, 0.001322592725045979, 0.001668880577199161, 0.0006199069321155548, 0.0006239639478735626, 0.0004960126825608313, 0.0003009089850820601, 0.0005845912382937968, 0.0005335619789548218, 0.000280918029602617, 0.0006131190457381308, 0.0005999652785249054, 0.0005509685724973679, 0.0004356142890173942, 0.00022734905360266566, 0.00018693460151553154, 9.164047514786944e-05, 1.3129699254932348e-05, 1.9995886191281897e-07], "lowlevel.barkbands.stdev": [0.0005872655310668051, 0.006028281524777412, 0.010471321642398834, 0.008446898311376572, 0.0046311975456774235, 0.005393713712692261, 0.0034956810995936394, 0.0015293469186872244, 0.004209289327263832, 0.003616326954215765, 0.005140488035976887, 0.0012243421515449882, 0.0012370606418699026, 0.001172757474705577, 0.0005054165376350284, 0.0010806062491610646, 0.00043117874884046614, 0.0001750183873809874, 0.00035907584242522717, 0.0003609870036598295, 0.000355109223164618, 0.00032143088174052536, 0.00021452900546137244, 0.00033644336508587003, 0.00024273335293401033, 3.350709084770642e-05, 5.83047381041979e-07], "lowlevel.erbbands.mean": [0.13175815343856812, 1.0971767902374268, 9.915105819702148, 19.62694549560547, 23.241655349731445, 11.307534217834473, 14.433136940002441, 19.419954299926758, 19.795494079589844, 12.75236701965332, 22.487939834594727, 38.18788528442383, 24.09671974182129, 86.0689468383789, 35.75029754638672, 27.713420867919922, 27.3814640045166, 30.046159744262695, 18.25910186767578, 16.898117065429688, 37.41196060180664, 29.92181396484375, 15.071696281433105, 26.977937698364258, 30.10807228088379, 28.708576202392578, 25.172719955444336, 19.670162200927734, 16.90485954284668, 9.557788848876953, 6.005573272705078, 4.052271366119385, 3.0644688606262207, 1.497329592704773, 0.3919128477573395, 0.09772101044654846, 0.015387156046926975, 0.001456685015000403, 6.45808395347558e-05, 5.457614315673709e-05], "lowlevel.erbbands.stdev": [0.1766374558210373, 1.4584676027297974, 9.001053810119629, 18.67096710205078, 25.820003509521484, 15.243602752685547, 36.821311950683594, 44.849491119384766, 56.11821746826172, 34.761932373046875, 51.351688385009766, 102.55514526367188, 44.16038513183594, 228.58724975585938, 82.53034210205078, 53.786983489990234, 47.63306427001953, 68.51053619384766, 30.168359756469727, 26.40176773071289, 55.85630798339844, 23.77437400817871, 8.651819229125977, 16.138076782226562, 17.708648681640625, 17.25550079345703, 16.268125534057617, 12.962730407714844, 12.432074546813965, 8.199135780334473, 5.8039703369140625, 5.769019603729248, 6.448776721954346, 3.93266224861145, 1.0577571392059326, 0.24008165299892426, 0.04629969596862793, 0.004250932484865189, 0.00010224131256109104, 2.50473585765576e-05], "lowlevel.gfcc.mean": [33.93537902832031, 85.57366943359375, -125.7365493774414, 72.14628601074219, -63.09999084472656, 23.939594268798828, -32.006797790527344, 4.294593334197998, -28.44466781616211, -9.789054870605469, -19.380123138427734, -12.090055465698242, -8.048033714294434], "lowlevel.melbands.mean": [0.0011752379359677434, 0.003890546504408121, 0.0036858117673546076, 0.0011797469342127442, 0.00046639455831609666, 0.0004499484202824533, 0.0002879157254938036, 0.00011952506611123681, 0.0002181097661377862, 0.00023825759126339108, 0.00011048285523429513, 0.0003420822904445231, 0.00016916519962251186, 6.0874921473441646e-05, 7.429409743053839e-05, 6.237754132598639e-05, 5.284935105009936e-05, 2.883534034481272e-05, 2.120250246662181e-05, 2.8052223569829948e-05, 4.79517548228614e-05, 3.440380169195123e-05, 1.59331139002461e-05, 1.2427214642229956e-05, 2.286146263941191e-05, 2.3069107555784285e-05, 2.0497569494182244e-05, 1.8559374439064413e-05, 1.6279758710879833e-05, 1.3036840755376033e-05, 1.1020193596777972e-05, 1.0448945431562606e-05, 6.809848855482414e-06, 4.72614738100674e-06, 3.563411155482754e-06, 2.846258666977519e-06, 2.3358900307357544e-06, 2.2733709101885324e-06, 1.757825884851627e-06, 1.09034647266526e-06], "lowlevel.melbands.stdev": [0.0016075974563136697, 0.0034519131295382977, 0.003346055978909135, 0.0012242732336744666, 0.0010164056438952684, 0.0009703240939415991, 0.0007722380105406046, 0.0003245830303058028, 0.0005226314533501863, 0.000652758521027863, 0.0002344088425161317, 0.0009024789906106889, 0.0004790274251718074, 0.00010905208182521164, 0.00016661445260979235, 0.00011756663298001513, 0.00012886813783552498, 5.239877646090463e-05, 3.400956848054193e-05, 6.286465213634074e-05, 7.030938286334276e-05, 3.066304270760156e-05, 1.075942964234855e-05, 8.108338988677133e-06, 1.4700854990223888e-05, 1.5130598512769211e-05, 1.3052213944320101e-05, 1.1926932529604528e-05, 1.1253057891735807e-05, 9.186159331875388e-06, 7.795480996719562e-06, 7.953320164233446e-06, 5.759639861935284e-06, 4.45343675892218e-06, 3.3867258935060818e-06, 3.439775809965795e-06, 3.7158863506192574e-06, 4.7153189370874316e-06, 4.427646217664005e-06, 2.9827106118318625e-06], "lowlevel.melbands128.mean": [0.0003094479034189135, 0.0010183589765802026, 0.0015416943933814764, 0.0014834373723715544, 0.00401898380368948, 0.006039829459041357, 0.003866547718644142, 0.003657094668596983, 0.0023792965803295374, 0.0009131174883805215, 0.0005323727964423597, 0.0003125893708784133, 0.0004993820330128074, 0.0005973663064651191, 0.0004415966977830976, 0.00036505699972622097, 0.00037886432255618274, 0.00026397756300866604, 0.00019623707339633256, 0.0001409113174304366, 6.481141463154927e-05, 9.808471804717556e-05, 0.00025371936499141157, 0.00033550598891451955, 0.00023133466311264783, 0.00025631400058045983, 0.00011468985030660406, 6.839870184194297e-05, 0.00010492717410670593, 0.00026864316896535456, 0.0004908015835098922, 0.00037828131462447345, 0.00011644230835372582, 5.280583354760893e-05, 5.1624283514684066e-05, 5.659240923705511e-05, 8.692069968674332e-05, 8.726755186216906e-05, 6.100945029174909e-05, 4.3728286982513964e-05, 6.803384894737974e-05, 7.890233973739669e-05, 6.204218516359106e-05, 3.45761509379372e-05, 2.797614251903724e-05, 2.933803443738725e-05, 2.847602627298329e-05, 2.0771343770320527e-05, 1.8294693290954456e-05, 1.886312384158373e-05, 2.7699765269062482e-05, 3.829131674137898e-05, 5.0973503675777465e-05, 5.116614556754939e-05, 4.194255961920135e-05, 3.709088559844531e-05, 2.4674114683875814e-05, 1.6430154573754407e-05, 1.4284722055890597e-05, 1.1100079973402899e-05, 9.643675184634048e-06, 1.4242693396226969e-05, 2.284900619997643e-05, 2.5347722839796916e-05, 2.3632324882782996e-05, 2.364722968195565e-05, 2.3000187866273336e-05, 1.904415876197163e-05, 2.044573921011761e-05, 2.226519245596137e-05, 1.7558171748532914e-05, 1.762826468620915e-05, 1.6657504602335393e-05, 1.6810803572298028e-05, 1.4777341675653588e-05, 1.418564988853177e-05, 1.1635783266683575e-05, 1.0496381946722977e-05, 1.1108600119769108e-05, 1.1136062312289141e-05, 1.1831850315502379e-05, 9.805266017792746e-06, 8.051152690313756e-06, 6.833107818238204e-06, 5.3380863391794264e-06, 5.129338205733802e-06, 4.305283709982177e-06, 4.358755177236162e-06, 3.518414132486214e-06, 3.0094820431258995e-06, 3.065027840420953e-06, 2.9014954634476453e-06, 2.3384097858070163e-06, 2.2117919797892682e-06, 2.4023233891057316e-06, 2.4284756818815367e-06, 2.246857775389799e-06, 2.056844778053346e-06, 1.8003756849793717e-06, 1.6093733847810654e-06, 1.4015458873473108e-06, 9.301622867496917e-07, 8.482190310132864e-07, 6.064204853828414e-07, 3.50105580082527e-07, 2.4346942950614903e-07, 2.4399872700087144e-07, 2.5696482452985947e-07, 1.4807173442932253e-07, 9.698079850295471e-08, 7.844739968732029e-08, 4.793330532493201e-08, 4.3086686218885006e-08, 2.8923865968977225e-08, 1.847776509578125e-08, 1.2800659199285747e-08, 7.732062101695192e-09, 8.692428998813284e-10, 8.821885062737511e-12, 8.456973836501458e-12, 7.948538528756988e-12, 6.908286009216225e-12, 6.702922071555317e-12, 6.54915748368734e-12, 6.313206468017141e-12, 6.005945740739094e-12, 5.835336987919382e-12, 5.785701778782126e-12], "lowlevel.melbands128.stdev": [0.00036766764242202044, 0.0014040812384337187, 0.0023788614198565483, 0.002493871608749032, 0.00399802578613162, 0.005492100492119789, 0.004060950130224228, 0.004752681124955416, 0.002844328060746193, 0.001398360705934465, 0.0010208674939349294, 0.0007183642592281103, 0.0015356981894001365, 0.0018435430247336626, 0.0013485488016158342, 0.0011413982138037682, 0.001315547851845622, 0.0009730798774398863, 0.0006865678005851805, 0.0005404624389484525, 0.0002175491099478677, 0.0003770228067878634, 0.0006976746371947229, 0.001085938303731382, 0.0008886069408617914, 0.0010099795181304216, 0.0003336880763527006, 0.0002382278471486643, 0.00043237555655650795, 0.0009158247266896069, 0.0016370610101148486, 0.0013919532066211104, 0.0004438859468791634, 0.0001382144255330786, 0.00012751042959280312, 0.00014072636258788407, 0.00025937383179552853, 0.0002492129569873214, 0.0002244772476842627, 0.00011678921146085486, 0.00017815492174122483, 0.00023088724992703646, 0.00024154316633939743, 9.957994188880548e-05, 6.397620018105954e-05, 8.018534572329372e-05, 8.085245644906536e-05, 3.975197614636272e-05, 4.3572385038714856e-05, 4.1848044929793105e-05, 9.433773084310815e-05, 0.00010546963312663138, 0.00010642390407156199, 8.620361040811986e-05, 5.2487932407530025e-05, 5.105385207571089e-05, 2.8437676519388333e-05, 1.5162569980020635e-05, 1.2328698176133912e-05, 9.974397471523844e-06, 8.91635318112094e-06, 1.2534836059785448e-05, 1.979775697691366e-05, 2.169339859392494e-05, 2.1051881049061194e-05, 2.185547782573849e-05, 2.0784997104783542e-05, 1.544986298540607e-05, 1.7036196368280798e-05, 2.0384934032335877e-05, 1.4482945516647305e-05, 1.520880323369056e-05, 1.4169453606882598e-05, 1.499662539572455e-05, 1.217147109855432e-05, 1.210516711580567e-05, 1.0104030479851644e-05, 9.165325536741875e-06, 9.63621732807951e-06, 9.212911209033336e-06, 1.067839275492588e-05, 8.769497071625665e-06, 8.212745342461858e-06, 6.5734184317989275e-06, 5.245336069492623e-06, 5.751637218054384e-06, 4.626293502951739e-06, 4.354297743702773e-06, 3.6984508824389195e-06, 3.4677925668802345e-06, 3.868934527417878e-06, 3.865221970045241e-06, 3.629620778156095e-06, 3.8403891267080326e-06, 4.210495262668701e-06, 5.147465344634838e-06, 5.169971700524911e-06, 4.829670160688693e-06, 4.950232323608361e-06, 4.522609287960222e-06, 4.060008450323949e-06, 2.6825571239896817e-06, 2.452756234561093e-06, 1.8784129451887566e-06, 1.161859358944639e-06, 5.626453116747143e-07, 6.93711797339347e-07, 6.711501328027225e-07, 3.785314959259267e-07, 2.718784628541471e-07, 2.5236874989786884e-07, 1.425360949269816e-07, 1.9168697917848476e-07, 1.2274178118332202e-07, 6.112841077765552e-08, 4.819031929059747e-08, 2.3235291024548133e-08, 4.0050278649061966e-09, 5.975502731514482e-11, 5.4785245784394476e-11, 4.1944971801433084e-11, 1.2367729236573144e-11, 1.1455650664182748e-11, 1.0979814279998834e-11, 9.806813347501553e-12, 8.639658433118313e-12, 8.392102984755567e-12, 8.344358190526258e-12], "lowlevel.mfcc.mean": [-593.6061401367188, 88.42952728271484, 6.069918632507324, 42.8857421875, 3.8126983642578125, 17.054649353027344, 8.3723783493042, 8.099247932434082, 2.9974236488342285, -0.9296410083770752, -6.8122334480285645, -3.765225887298584, -4.7180399894714355], "lowlevel.spectral_contrast_coeffs.mean": [-0.6345053315162659, -0.7424258589744568, -0.7663277983665466, -0.7919355630874634, -0.8022655844688416, -0.7113931775093079], "lowlevel.spectral_contrast_coeffs.stdev": [0.065422922372818, 0.09295832365751266, 0.08881139755249023, 0.05155877023935318, 0.024012159556150436, 0.038508277386426926], "lowlevel.spectral_contrast_valleys.mean": [-6.466989994049072, -6.981153964996338, -7.243980884552002, -7.271547794342041, -6.6598711013793945, -9.60290241241455], "lowlevel.spectral_contrast_valleys.stdev": [0.8626797795295715, 0.792159378528595, 0.7646968960762024, 0.7255398035049438, 0.712668240070343, 0.8252848982810974], "rhythm.beats_loudness_band_ratio.mean": [0.601945698261261, 0.13334162533283234, 0.0849108099937439, 0.11011335998773575, 0.04825107008218765, 0.05713710933923721], "rhythm.beats_loudness_band_ratio.stdev": [0.1829775869846344, 0.14281772077083588, 0.11811605095863342, 0.14732025563716888, 0.03502088040113449, 0.02640421688556671], "tonal.hpcp.mean": [0.10381917655467987, 0.14145752787590027, 0.2704356014728546, 0.36645418405532837, 0.2987571954727173, 0.1962442696094513, 0.13782359659671783, 0.10819395631551743, 0.08642935007810593, 0.06319564580917358, 0.058923617005348206, 0.07318937033414841, 0.06537286192178726, 0.04482054337859154, 0.05138920247554779, 0.07145947962999344, 0.09240476042032242, 0.110965795814991, 0.10347126424312592, 0.0777742862701416, 0.06058548390865326, 0.07694734632968903, 0.15487167239189148, 0.22294194996356964, 0.1886390596628189, 0.12452675402164459, 0.09215689450502396, 0.06342317909002304, 0.051510684192180634, 0.05431656539440155, 0.05406789481639862, 0.08218883723020554, 0.12456665933132172, 0.11639885604381561, 0.09022584557533264, 0.0909515991806984], "tonal.hpcp.stdev": [0.20683470368385315, 0.2469184547662735, 0.34830665588378906, 0.394396036863327, 0.3553406298160553, 0.31376537680625916, 0.2616236209869385, 0.2356146275997162, 0.20115207135677338, 0.16398997604846954, 0.15870928764343262, 0.18325310945510864, 0.16221752762794495, 0.1061483845114708, 0.13715845346450806, 0.1722140908241272, 0.19086211919784546, 0.22402596473693848, 0.21971376240253448, 0.1802898496389389, 0.16775953769683838, 0.18083730340003967, 0.25347304344177246, 0.30636945366859436, 0.2722713351249695, 0.2183741182088852, 0.18136662244796753, 0.14066605269908905, 0.1364111304283142, 0.1359853893518448, 0.12845417857170105, 0.18695811927318573, 0.253955215215683, 0.23357921838760376, 0.18376359343528748, 0.18677638471126556], "rhythm.beats_position": [0.5804988741874695, 1.1377778053283691, 1.6718367338180542, 2.2058956623077393, 2.728344678878784, 3.2740135192871094, 3.808072566986084, 4.330521583557129, 4.876190185546875, 5.41024923324585, 5.944308280944824, 6.478367328643799, 7.012426376342773, 7.54648494720459, 8.080544471740723, 8.614603042602539, 9.148661613464355, 9.682721138000488, 10.216779708862305, 10.76244831085205, 11.284897804260254, 11.81895637512207, 12.364625930786133, 12.910294532775879, 13.444353103637695, 13.978412628173828, 14.500861167907715, 15.023310661315918, 15.557369232177734, 16.091428756713867, 16.613876342773438, 17.13632583618164, 17.670385360717773, 18.204444885253906, 18.738502502441406, 19.27256202697754, 19.8182315826416, 20.3522891998291, 20.897958755493164, 21.432018280029297, 21.966075897216797, 22.50013542175293, 23.034194946289062, 23.579862594604492, 24.125532150268555, 24.659591674804688, 25.19365119934082, 25.72770881652832, 26.261768341064453, 26.795827865600586, 27.329885482788086, 27.86394500732422, 28.40961456298828, 28.95528221130371, 29.477731704711914, 30.000181198120117, 30.53424072265625, 31.06829833984375, 31.602357864379883, 32.136417388916016, 32.670475006103516, 33.20453643798828, 33.73859405517578, 34.27265167236328, 34.80671310424805, 35.34077072143555, 35.87482833862305, 36.40888977050781, 36.94294738769531, 37.47700500488281, 38.01106643676758, 38.54512405395508, 39.07918167114258, 39.613243103027344], "rhythm.bpm_histogram": [0.0, 0.0, 0.0, 0.0, 0.0, 0.0, 0.0, 0.0, 0.0, 0.0, 0.0, 0.0, 0.0, 0.0, 0.0, 0.0, 0.0, 0.0, 0.0, 0.0, 0.0, 0.0, 0.0, 0.0, 0.0, 0.0, 0.0, 0.0, 0.0, 0.0, 0.0, 0.0, 0.0, 0.0, 0.0, 0.0, 0.0, 0.0, 0.0, 0.0, 0.0, 0.0, 0.0, 0.0, 0.0, 0.0, 0.0, 0.0, 0.0, 0.0, 0.0, 0.0, 0.0, 0.0, 0.0, 0.0, 0.0, 0.0, 0.0, 0.0, 0.0, 0.0, 0.0, 0.0, 0.0, 0.0, 0.0, 0.0, 0.0, 0.0, 0.0, 0.0, 0.0, 0.0, 0.0, 0.0, 0.0, 0.0, 0.0, 0.0, 0.0, 0.0, 0.0, 0.0, 0.0, 0.0, 0.0, 0.0, 0.0, 0.0, 0.0, 0.0, 0.0, 0.0, 0.0, 0.0, 0.0, 0.0, 0.0, 0.0, 0.0, 0.0, 0.0, 0.0, 0.0, 0.0, 0.0, 0.0, 0.013698630034923553, 0.0, 0.15068493783473969, 0.0, 0.7123287916183472, 0.0, 0.0, 0.12328767031431198, 0.0, 0.0, 0.0, 0.0, 0.0, 0.0, 0.0, 0.0, 0.0, 0.0, 0.0, 0.0, 0.0, 0.0, 0.0, 0.0, 0.0, 0.0, 0.0, 0.0, 0.0, 0.0, 0.0, 0.0, 0.0, 0.0, 0.0, 0.0, 0.0, 0.0, 0.0, 0.0, 0.0, 0.0, 0.0, 0.0, 0.0, 0.0, 0.0, 0.0, 0.0, 0.0, 0.0, 0.0, 0.0, 0.0, 0.0, 0.0, 0.0, 0.0, 0.0, 0.0, 0.0, 0.0, 0.0, 0.0, 0.0, 0.0, 0.0, 0.0, 0.0, 0.0, 0.0, 0.0, 0.0, 0.0, 0.0, 0.0, 0.0, 0.0, 0.0, 0.0, 0.0, 0.0, 0.0, 0.0, 0.0, 0.0, 0.0, 0.0, 0.0, 0.0, 0.0, 0.0, 0.0, 0.0, 0.0, 0.0, 0.0, 0.0, 0.0, 0.0, 0.0, 0.0, 0.0, 0.0, 0.0, 0.0, 0.0, 0.0, 0.0, 0.0, 0.0, 0.0, 0.0, 0.0, 0.0, 0.0, 0.0, 0.0, 0.0, 0.0, 0.0, 0.0, 0.0, 0.0, 0.0, 0.0, 0.0, 0.0, 0.0, 0.0, 0.0, 0.0, 0.0, 0.0, 0.0, 0.0, 0.0, 0.0, 0.0, 0.0, 0.0, 0.0], "tonal.chords_histogram": [0.5787037014961243, 1.5046296119689941, 9.837963104248047, 5.55555534362793, 0.3472222089767456, 2.777777671813965, 2.0833332538604736, 1.7361111640930176, 6.365740776062012, 37.61574172973633, 2.8935184478759766, 0.0, 1.1574074029922485, 5.208333492279053, 0.5787037014961243, 6.712963104248047, 0.0, 2.0833332538604736, 0.0, 12.615740776062012, 0.3472222089767456, 0.0, 0.0, 0.0], "tonal.thpcp": [1.0, 0.8152648210525513, 0.5355219841003418, 0.37610048055648804, 0.29524552822113037, 0.23585309088230133, 0.1724516898393631, 0.1607939600944519, 0.19972310960292816, 0.17839300632476807, 0.12230872362852097, 0.14023363590240479, 0.1950024962425232, 0.25215911865234375, 0.302809476852417, 0.28235799074172974, 0.21223467588424683, 0.1653289496898651, 0.20997807383537292, 0.4226222038269043, 0.6083760261535645, 0.5147684812545776, 0.3398153483867645, 0.2514827251434326, 0.17307260632514954, 0.14056514203548431, 0.14822198450565338, 0.14754340052604675, 0.22428134083747864, 0.33992424607276917, 0.31763550639152527, 0.2462131679058075, 0.2481936365365982, 0.28330737352371216, 0.38601696491241455, 0.7379792928695679], "lowlevel.gfcc.cov": [[3654.497314453125, 109.89751434326172, 65.14717102050781, 56.133914947509766, -90.58839416503906, 182.240966796875, -41.705223083496094, 80.91361999511719, -52.119197845458984, 22.45307159423828, -61.97929000854492, -23.09684181213379, -100.79478454589844], [109.89751434326172, 539.0960083007812, -215.823974609375, -25.0930118560791, -10.819621086120605, -57.45244216918945, 121.13970947265625, -68.26453399658203, 91.35110473632812, -46.25752639770508, 90.16041564941406, -39.93404769897461, 89.62488555908203], [65.14717102050781, -215.823974609375, 476.591552734375, 144.740478515625, 63.06494903564453, -12.786781311035156, -139.63890075683594, 70.41654968261719, -11.828474044799805, 93.5073471069336, -34.885074615478516, 74.3497543334961, -43.13016128540039], [56.133914947509766, -25.0930118560791, 144.740478515625, 280.97705078125, 90.85066986083984, -45.06001663208008, -78.59357452392578, -11.521973609924316, 43.72477722167969, 33.495094299316406, 7.597660541534424, 7.420653343200684, 25.91600799560547], [-90.58839416503906, -10.819621086120605, 63.06494903564453, 90.85066986083984, 143.52931213378906, 46.212154388427734, 19.291465759277344, 4.578399181365967, -2.5583696365356445, 13.48472785949707, -2.1744043827056885, 8.148454666137695, 4.345954895019531], [182.240966796875, -57.45244216918945, -12.786781311035156, -45.06001663208008, 46.212154388427734, 254.77285766601562, 153.74049377441406, 55.42040252685547, -79.82225799560547, -71.42044067382812, 2.326993942260742, -30.44775390625, -18.883113861083984], [-41.705223083496094, 121.13970947265625, -139.63890075683594, -78.59357452392578, 19.291465759277344, 153.74049377441406, 270.0440368652344, 39.69833755493164, -50.26315689086914, -107.82856750488281, 11.041534423828125, -28.831825256347656, 6.085243225097656], [80.91361999511719, -68.26453399658203, 70.41654968261719, -11.521973609924316, 4.578399181365967, 55.42040252685547, 39.69833755493164, 103.69041442871094, 6.199848175048828, 9.933162689208984, -24.149171829223633, -1.5611722469329834, -21.8695068359375], [-52.119197845458984, 91.35110473632812, -11.828474044799805, 43.72477722167969, -2.5583696365356445, -79.82225799560547, -50.26315689086914, 6.199848175048828, 125.308349609375, 62.80807113647461, 20.01344108581543, -18.79473304748535, 13.235042572021484], [22.45307159423828, -46.25752639770508, 93.5073471069336, 33.495094299316406, 13.48472785949707, -71.42044067382812, -107.82856750488281, 9.933162689208984, 62.80807113647461, 124.6452407836914, 14.432439804077148, 23.863811492919922, -22.808483123779297], [-61.97929000854492, 90.16041564941406, -34.885074615478516, 7.597660541534424, -2.1744043827056885, 2.326993942260742, 11.041534423828125, -24.149171829223633, 20.01344108581543, 14.432439804077148, 82.80450439453125, 20.696802139282227, 32.67737579345703], [-23.09684181213379, -39.93404769897461, 74.3497543334961, 7.420653343200684, 8.148454666137695, -30.44775390625, -28.831825256347656, -1.5611722469329834, -18.79473304748535, 23.863811492919922, 20.696802139282227, 84.82457733154297, 23.756601333618164], [-100.79478454589844, 89.62488555908203, -43.13016128540039, 25.91600799560547, 4.345954895019531, -18.883113861083984, 6.085243225097656, -21.8695068359375, 13.235042572021484, -22.808483123779297, 32.67737579345703, 23.756601333618164, 88.38076782226562]], "lowlevel.gfcc.icov": [[0.0005121642607264221, -0.0011573287192732096, 0.0005248358938843012, -0.0009525179048068821, 0.0011414465261623263, -0.0015905486652627587, 0.0011057312367483974, -0.0006298221414908767, 0.0006916314596310258, -0.000717470480594784, 0.0015450603095814586, -0.0014553987421095371, 0.0011964318109676242], [-0.0011573287192732096, 0.007821534760296345, -0.0020660117734223604, 0.0035589253529906273, -0.0035358937457203865, 0.006408800836652517, -0.006262701004743576, 0.004083722829818726, -0.004897636361420155, 0.002927422057837248, -0.007578133139759302, 0.007052458357065916, -0.005923368502408266], [0.0005248358938843012, -0.0020660117734223604, 0.005997626576572657, -0.003686212468892336, 0.0010099055944010615, -0.0032039182260632515, 0.004208117723464966, -0.004567225929349661, 0.002445195335894823, -0.0019174690824002028, 0.003476249985396862, -0.006601409986615181, 0.0041754948906600475], [-0.0009525179048068821, 0.0035589253529906273, -0.003686212468892336, 0.009120643138885498, -0.006753916386514902, 0.005115204025059938, -0.001749249524436891, 0.002355065895244479, -0.003922745585441589, 0.0042689791880548, -0.005856312811374664, 0.006525199394673109, -0.004940031562000513], [0.0011414465261623263, -0.0035358937457203865, 0.0010099055944010615, -0.006753916386514902, 0.014913493767380714, -0.007958789356052876, -0.00010505953105166554, 0.0018382425187155604, 0.001818670891225338, -0.007321154233068228, 0.008602544665336609, -0.006043904926627874, 0.001671268604695797], [-0.0015905486652627587, 0.006408800836652517, -0.0032039182260632515, 0.005115204025059938, -0.007958789356052876, 0.017414437606930733, -0.00797240063548088, -0.0022291000932455063, 0.002870971569791436, 0.00433846190571785, -0.012924330309033394, 0.013282200321555138, -0.005369003862142563], [0.0011057312367483974, -0.006262701004743576, 0.004208117723464966, -0.001749249524436891, -0.00010505953105166554, -0.00797240063548088, 0.01592160202562809, -0.0085162203758955, 0.002337284851819277, 0.006103480234742165, 0.0024727750569581985, -0.007728606462478638, 0.007664963137358427], [-0.0006298221414908767, 0.004083722829818726, -0.004567225929349661, 0.002355065895244479, 0.0018382425187155604, -0.0022291000932455063, -0.0085162203758955, 0.021661002188920975, -0.009123745374381542, -0.002883081790059805, 0.004448832478374243, 0.000798023073002696, -0.003636398585513234], [0.0006916314596310258, -0.004897636361420155, 0.002445195335894823, -0.003922745585441589, 0.001818670891225338, 0.002870971569791436, 0.002337284851819277, -0.009123745374381542, 0.024507855996489525, -0.012739201076328754, -0.0002729101397562772, 0.007384284865111113, -0.0026373511645942926], [-0.000717470480594784, 0.002927422057837248, -0.0019174690824002028, 0.0042689791880548, -0.007321154233068228, 0.00433846190571785, 0.006103480234742165, -0.002883081790059805, -0.012739201076328754, 0.0282900333404541, -0.011186784133315086, -0.00366270006634295, 0.008508075028657913], [0.0015450603095814586, -0.007578133139759302, 0.003476249985396862, -0.005856312811374664, 0.008602544665336609, -0.012924330309033394, 0.0024727750569581985, 0.004448832478374243, -0.0002729101397562772, -0.011186784133315086, 0.03057415597140789, -0.014713206328451633, 0.00041124600102193654], [-0.0014553987421095371, 0.007052458357065916, -0.006601409986615181, 0.006525199394673109, -0.006043904926627874, 0.013282200321555138, -0.007728606462478638, 0.000798023073002696, 0.007384284865111113, -0.00366270006634295, -0.014713206328451633, 0.03330232948064804, -0.015644511207938194], [0.0011964318109676242, -0.005923368502408266, 0.0041754948906600475, -0.004940031562000513, 0.001671268604695797, -0.005369003862142563, 0.007664963137358427, -0.003636398585513234, -0.0026373511645942926, 0.008508075028657913, 0.00041124600102193654, -0.015644511207938194, 0.026159068569540977]], "lowlevel.mfcc.cov": [[2193.440185546875, 119.01480102539062, 87.83724975585938, -74.8385238647461, -15.214312553405762, 45.256309509277344, 26.1384220123291, 45.03095626831055, 5.355230331420898, 42.034202575683594, 38.14842987060547, 17.652387619018555, -19.3123836517334], [119.01480102539062, 403.3434143066406, -122.67090606689453, -13.53065013885498, -105.53465270996094, 1.0585006475448608, -3.5077719688415527, 1.4986275434494019, 4.122261047363281, -7.707763671875, 10.98006820678711, 12.845781326293945, 8.633979797363281], [87.83724975585938, -122.67090606689453, 306.9456481933594, 78.78450775146484, 118.40620422363281, -21.065359115600586, -30.46877670288086, -9.379709243774414, -10.89049243927002, 7.848579406738281, 3.361237049102783, 6.028892993927002, 22.600727081298828], [-74.8385238647461, -13.53065013885498, 78.78450775146484, 290.9569396972656, 116.60902404785156, -8.66040325164795, -114.66471099853516, -72.58606719970703, 3.749150276184082, 1.6108070611953735, -16.509057998657227, -2.7443418502807617, 47.358577728271484], [-15.214312553405762, -105.53465270996094, 118.40620422363281, 116.60902404785156, 197.52728271484375, 20.992521286010742, -55.876129150390625, -58.80605697631836, -1.573649287223816, 18.6307373046875, -4.106420516967773, 2.8079826831817627, 34.85075378417969], [45.256309509277344, 1.0585006475448608, -21.065359115600586, -8.66040325164795, 20.992521286010742, 99.84497833251953, 82.32623291015625, 37.42530822753906, 0.7638198733329773, 0.29141849279403687, -2.8280484676361084, 1.2441442012786865, -6.5851664543151855], [26.1384220123291, -3.5077719688415527, -30.46877670288086, -114.66471099853516, -55.876129150390625, 82.32623291015625, 234.029296875, 146.52484130859375, 20.124584197998047, -13.013821601867676, -4.221529006958008, -5.037027359008789, -33.6278076171875], [45.03095626831055, 1.4986275434494019, -9.379709243774414, -72.58606719970703, -58.80605697631836, 37.42530822753906, 146.52484130859375, 147.68446350097656, 40.628944396972656, -0.7221400737762451, -8.062044143676758, -8.832135200500488, -22.813417434692383], [5.355230331420898, 4.122261047363281, -10.89049243927002, 3.749150276184082, -1.573649287223816, 0.7638198733329773, 20.124584197998047, 40.628944396972656, 68.23248291015625, 33.852657318115234, 4.665008068084717, -4.052414894104004, -4.242519378662109], [42.034202575683594, -7.707763671875, 7.848579406738281, 1.6108070611953735, 18.6307373046875, 0.29141849279403687, -13.013821601867676, -0.7221400737762451, 33.852657318115234, 78.66533660888672, 42.25834655761719, 3.849175214767456, -15.370421409606934], [38.14842987060547, 10.98006820678711, 3.361237049102783, -16.509057998657227, -4.106420516967773, -2.8280484676361084, -4.221529006958008, -8.062044143676758, 4.665008068084717, 42.25834655761719, 76.24510192871094, 29.572526931762695, -8.26176929473877], [17.652387619018555, 12.845781326293945, 6.028892993927002, -2.7443418502807617, 2.8079826831817627, 1.2441442012786865, -5.037027359008789, -8.832135200500488, -4.052414894104004, 3.849175214767456, 29.572526931762695, 58.78377151489258, 30.535472869873047], [-19.3123836517334, 8.633979797363281, 22.600727081298828, 47.358577728271484, 34.85075378417969, -6.5851664543151855, -33.6278076171875, -22.813417434692383, -4.242519378662109, -15.370421409606934, -8.26176929473877, 30.535472869873047, 72.49388122558594]], "lowlevel.mfcc.icov": [[0.0005059179966337979, -0.00022604444529861212, -0.00030268472619354725, 0.0002188180515076965, 2.5766767066670582e-05, -0.00045205350033938885, 0.00037365886964835227, -0.00033064151648432016, 0.00012009102647425607, -0.00022418888693209738, -1.6416162907262333e-05, -0.00010796466813189909, 0.00013204275455791503], [-0.00022604444529861212, 0.003383513307198882, 0.0008055335492826998, -0.000626308610662818, 0.002152995904907584, -0.000693970825523138, 0.00010422347986605018, 0.0006169335683807731, -0.000496951281093061, 0.00022611903841607273, -0.0007066212128847837, 0.00021955445117782801, -0.0013149026781320572], [-0.00030268472619354725, 0.0008055335492826998, 0.005491255316883326, -0.0007978457142598927, -0.0035542834084481, 0.002998017705976963, 9.41311227506958e-05, -0.003056158311665058, 0.002742624608799815, -0.00033221940975636244, -0.0005794024327769876, -0.000489531084895134, -7.415352592943236e-05], [0.0002188180515076965, -0.000626308610662818, -0.0007978457142598927, 0.0059868632815778255, -0.0022483065258711576, -0.0018667510012164712, 0.003202546387910843, -0.00047013870789669454, -0.0017587296897545457, 0.0012497918214648962, -0.00014967311290092766, 0.0015940300654619932, -0.001806982676498592], [2.5766767066670582e-05, 0.002152995904907584, -0.0035542834084481, -0.0022483065258711576, 0.012857277877628803, -0.005469311960041523, -0.0009899137075990438, 0.006286924239248037, -0.002411793451756239, -0.0029972828924655914, 0.0010782367317005992, 0.0018440738786011934, -0.004261780064553022], [-0.00045205350033938885, -0.000693970825523138, 0.002998017705976963, -0.0018667510012164712, -0.005469311960041523, 0.019506098702549934, -0.009459322318434715, 0.0007953528547659516, 0.00385384657420218, -0.002869138028472662, 0.002160322619602084, -0.0022752531804144382, 0.0013324430910870433], [0.00037365886964835227, 0.00010422347986605018, 9.41311227506958e-05, 0.003202546387910843, -0.0009899137075990438, -0.009459322318434715, 0.01921798102557659, -0.015919426456093788, 0.0020243173930794, 0.00390333472751081, -0.0022504152730107307, -0.0007775305421091616, 0.0025042796041816473], [-0.00033064151648432016, 0.0006169335683807731, -0.003056158311665058, -0.00047013870789669454, 0.006286924239248037, 0.0007953528547659516, -0.015919426456093788, 0.02807089500129223, -0.01282877754420042, 0.0006330627365969121, 0.0023066874127835035, 0.0014066583244130015, -0.0013487479882314801], [0.00012009102647425607, -0.000496951281093061, 0.002742624608799815, -0.0017587296897545457, -0.002411793451756239, 0.00385384657420218, 0.0020243173930794, -0.01282877754420042, 0.029149703681468964, -0.01505343522876501, 0.004774070810526609, -0.00038837961619719863, -0.0019816316198557615], [-0.00022418888693209738, 0.00022611903841607273, -0.00033221940975636244, 0.0012497918214648962, -0.0029972828924655914, -0.002869138028472662, 0.00390333472751081, 0.0006330627365969121, -0.01505343522876501, 0.03019890934228897, -0.016336925327777863, 0.0035896613