{"song_id": "1183701185195159562", "download": "https://cdn.discordapp.com/attachments/1128313332273782784/1183701185195159562/chirp.mp4?ex=65894aa2&amp", "lyrics": "turtles edge trade positon rule self control chance", "style": ["rock"], "essentia_features": {"lowlevel.average_loudness": 0.9874671101570129, "lowlevel.barkbands_crest.mean": 13.440061569213867, "lowlevel.barkbands_crest.stdev": 4.422232151031494, "lowlevel.barkbands_flatness_db.mean": 0.13241815567016602, "lowlevel.barkbands_flatness_db.stdev": 0.03762543573975563, "lowlevel.barkbands_kurtosis.mean": 5.346851348876953, "lowlevel.barkbands_kurtosis.stdev": 5.644654273986816, "lowlevel.barkbands_skewness.mean": 2.2395894527435303, "lowlevel.barkbands_skewness.stdev": 1.078867793083191, "lowlevel.barkbands_spread.mean": 27.489486694335938, "lowlevel.barkbands_spread.stdev": 12.468379020690918, "lowlevel.dissonance.mean": 0.48471444845199585, "lowlevel.dissonance.stdev": 0.011983797885477543, "lowlevel.dynamic_complexity": 3.3078293800354004, "lowlevel.erbbands_crest.mean": 6.2635698318481445, "lowlevel.erbbands_crest.stdev": 3.8389177322387695, "lowlevel.erbbands_flatness_db.mean": 0.11269725114107132, "lowlevel.erbbands_flatness_db.stdev": 0.02721330150961876, "lowlevel.erbbands_kurtosis.mean": -0.15211299061775208, "lowlevel.erbbands_kurtosis.stdev": 1.164202332496643, "lowlevel.erbbands_skewness.mean": -0.48523038625717163, "lowlevel.erbbands_skewness.stdev": 0.4928911030292511, "lowlevel.erbbands_spread.mean": 51.92373275756836, "lowlevel.erbbands_spread.stdev": 15.133975982666016, "lowlevel.hfc.mean": 35.27320098876953, "lowlevel.hfc.stdev": 16.09604263305664, "lowlevel.loudness_ebu128.integrated": -11.16305160522461, "lowlevel.loudness_ebu128.loudness_range": 0.29790306091308594, "lowlevel.loudness_ebu128.momentary.mean": -11.214375495910645, "lowlevel.loudness_ebu128.momentary.stdev": 0.7177152037620544, "lowlevel.loudness_ebu128.short_term.mean": -10.983536720275879, "lowlevel.loudness_ebu128.short_term.stdev": 0.1395525187253952, "lowlevel.melbands_crest.mean": 20.39348793029785, "lowlevel.melbands_crest.stdev": 6.46522855758667, "lowlevel.melbands_flatness_db.mean": 0.19982551038265228, "lowlevel.melbands_flatness_db.stdev": 0.04819357395172119, "lowlevel.melbands_kurtosis.mean": 26.483440399169922, "lowlevel.melbands_kurtosis.stdev": 20.447988510131836, "lowlevel.melbands_skewness.mean": 4.451162815093994, "lowlevel.melbands_skewness.stdev": 1.7851269245147705, "lowlevel.melbands_spread.mean": 20.19161033630371, "lowlevel.melbands_spread.stdev": 16.863618850708008, "lowlevel.pitch_salience.mean": 0.48144879937171936, "lowlevel.pitch_salience.stdev": 0.1266993284225464, "lowlevel.silence_rate_20dB.mean": 1.0, "lowlevel.silence_rate_20dB.stdev": 0.0, "lowlevel.silence_rate_30dB.mean": 0.912350594997406, "lowlevel.silence_rate_30dB.stdev": 0.2827847898006439, "lowlevel.silence_rate_60dB.mean": 0.043824702501297, "lowlevel.silence_rate_60dB.stdev": 0.2047051340341568, "lowlevel.spectral_centroid.mean": 1984.5821533203125, "lowlevel.spectral_centroid.stdev": 702.87890625, "lowlevel.spectral_complexity.mean": 36.74502182006836, "lowlevel.spectral_complexity.stdev": 10.240859985351562, "lowlevel.spectral_decrease.mean": -1.8578807825520016e-08, "lowlevel.spectral_decrease.stdev": 8.228521863884453e-09, "lowlevel.spectral_energy.mean": 0.07332009077072144, "lowlevel.spectral_energy.stdev": 0.031406253576278687, "lowlevel.spectral_energyband_high.mean": 0.0020387081895023584, "lowlevel.spectral_energyband_high.stdev": 0.001552099478431046, "lowlevel.spectral_energyband_low.mean": 0.0515507273375988, "lowlevel.spectral_energyband_low.stdev": 0.0316942073404789, "lowlevel.spectral_energyband_middle_high.mean": 0.006938429083675146, "lowlevel.spectral_energyband_middle_high.stdev": 0.004516889341175556, "lowlevel.spectral_energyband_middle_low.mean": 0.013432645238935947, "lowlevel.spectral_energyband_middle_low.stdev": 0.010955815203487873, "lowlevel.spectral_entropy.mean": 8.027242660522461, "lowlevel.spectral_entropy.stdev": 0.21415477991104126, "lowlevel.spectral_flux.mean": 0.13429619371891022, "lowlevel.spectral_flux.stdev": 0.0570460706949234, "lowlevel.spectral_kurtosis.mean": 2.598684072494507, "lowlevel.spectral_kurtosis.stdev": 1.5421868562698364, "lowlevel.spectral_rms.mean": 0.008137762546539307, "lowlevel.spectral_rms.stdev": 0.0023040592204779387, "lowlevel.spectral_rolloff.mean": 1046.719970703125, "lowlevel.spectral_rolloff.stdev": 1986.83837890625, "lowlevel.spectral_skewness.mean": 1.0929784774780273, "lowlevel.spectral_skewness.stdev": 0.2661174237728119, "lowlevel.spectral_spread.mean": 4958699.5, "lowlevel.spectral_spread.stdev": 2495210.75, "lowlevel.spectral_strongpeak.mean": 0.3954915404319763, "lowlevel.spectral_strongpeak.stdev": 0.43067723512649536, "lowlevel.zerocrossingrate.mean": 0.06524293124675751, "lowlevel.zerocrossingrate.stdev": 0.0898343175649643, "metadata.audio_properties.analysis.equal_loudness": 0.0, "metadata.audio_properties.analysis.length": 5.801609992980957, "metadata.audio_properties.analysis.sample_rate": 44100.0, "metadata.audio_properties.analysis.start_time": 0.0, "metadata.audio_properties.bit_rate": 121679.0, "metadata.audio_properties.length": 5.802666664123535, "metadata.audio_properties.lossless": 0.0, "metadata.audio_properties.number_channels": 1.0, "metadata.audio_properties.replay_gain": -13.196622848510742, "metadata.audio_properties.sample_rate": 48000.0, "rhythm.beats_count": 10.0, "rhythm.beats_loudness.mean": 0.08582266420125961, "rhythm.beats_loudness.stdev": 0.031439825892448425, "rhythm.bpm": 111.01917266845703, "rhythm.bpm_histogram_first_peak_bpm": 110.0, "rhythm.bpm_histogram_first_peak_weight": 0.4444444179534912, "rhythm.bpm_histogram_second_peak_bpm": 0.0, "rhythm.bpm_histogram_second_peak_spread": 0.0, "rhythm.bpm_histogram_second_peak_weight": 0.0, "rhythm.danceability": 2.4512600898742676, "rhythm.onset_rate": 3.4384357929229736, "tonal.chords_changes_rate": 0.095238097012043, "tonal.chords_number_rate": 0.0317460335791111, "tonal.chords_strength.mean": 0.3970421552658081, "tonal.chords_strength.stdev": 0.0519651435315609, "tonal.hpcp_crest.mean": 9.838831901550293, "tonal.hpcp_crest.stdev": 4.520171642303467, "tonal.hpcp_entropy.mean": 2.6224210262298584, "tonal.hpcp_entropy.stdev": 0.8462116122245789, "tonal.key_edma.strength": 0.44271576404571533, "tonal.key_krumhansl.strength": 0.4466988146305084, "tonal.key_temperley.strength": 0.46191009879112244, "tonal.tuning_diatonic_strength": 0.48409226536750793, "tonal.tuning_equal_tempered_deviation": 0.27964818477630615, "tonal.tuning_frequency": 434.193115234375, "tonal.tuning_nontempered_energy_ratio": 0.9193055033683777, "lowlevel.barkbands.mean": [0.006996329873800278, 0.038780856877565384, 0.005211313255131245, 0.003611247753724456, 0.00393275311216712, 0.002420871751382947, 0.0007686789031140506, 0.0005735043087042868, 0.0019676992669701576, 0.00035072251921519637, 0.0006034263642504811, 0.0006152755813673139, 0.000535809260327369, 0.0004183918354101479, 0.0006058848230168223, 0.0011013112962245941, 0.0009729713783599436, 0.0006671931478194892, 0.0008316849707625806, 0.0005992272635921836, 0.0005291791749186814, 0.00046911294339224696, 0.0003185264067724347, 0.0002258441090816632, 0.0001528266293462366, 5.889699241379276e-05, 6.031312977938796e-07], "lowlevel.barkbands.stdev": [0.005099953152239323, 0.026996232569217682, 0.0070471432991325855, 0.0036391266621649265, 0.008083099499344826, 0.0033435362856835127, 0.0009760049870237708, 0.0015208773547783494, 0.003212558338418603, 0.00025934589211829007, 0.0016344175674021244, 0.0014259681338444352, 0.0010443738428875804, 0.0006408916669897735, 0.0011691409163177013, 0.002086558612063527, 0.0007023228099569678, 0.00040135247400030494, 0.0004803295014426112, 0.0003472891403362155, 0.0004017718893010169, 0.0003937686560675502, 0.0002988185442518443, 0.00026708151563070714, 0.0002099402336170897, 0.00010938273771898821, 1.508273044237285e-06], "lowlevel.erbbands.mean": [1.5022348165512085, 6.914982795715332, 8.052003860473633, 10.11328125, 13.170997619628906, 13.494051933288574, 11.742268562316895, 21.233369827270508, 11.472707748413086, 11.8611421585083, 16.59676170349121, 41.26768493652344, 28.5325870513916, 11.920940399169922, 33.918113708496094, 19.19937515258789, 21.06511878967285, 25.221210479736328, 30.324241638183594, 37.944393157958984, 63.12626266479492, 57.268409729003906, 36.94218826293945, 45.197509765625, 35.18007278442383, 28.131704330444336, 23.074216842651367, 19.478586196899414, 17.562297821044922, 12.663174629211426, 8.490825653076172, 5.370434761047363, 3.4229862689971924, 2.001246452331543, 0.9229544997215271, 0.38584551215171814, 0.0765438973903656, 0.006219980772584677, 0.0001872886496130377, 9.388525359099731e-05], "lowlevel.erbbands.stdev": [1.124980092048645, 5.904633045196533, 8.922429084777832, 10.094365119934082, 21.914794921875, 25.957544326782227, 14.899674415588379, 35.9782829284668, 19.108104705810547, 13.106199264526367, 34.901458740234375, 70.9564437866211, 49.6536750793457, 11.410100936889648, 92.35506439208984, 37.011741638183594, 35.915523529052734, 45.62509536743164, 50.09062576293945, 87.03598022460938, 106.33972930908203, 40.55480194091797, 21.299644470214844, 25.954580307006836, 18.67922592163086, 16.601146697998047, 15.711477279663086, 17.062471389770508, 15.127161026000977, 11.02092456817627, 7.927835464477539, 5.850837707519531, 4.282492160797119, 2.615372657775879, 1.3855345249176025, 0.696571409702301, 0.13443349301815033, 0.011021185666322708, 0.0002495193330105394, 3.71458227164112e-05], "lowlevel.gfcc.mean": [31.18330192565918, 77.57649993896484, -110.46887969970703, 65.53441619873047, -47.79648971557617, 24.937124252319336, -30.526226043701172, 21.3637638092041, -17.50164031982422, 5.274214744567871, -15.13321590423584, 3.7369747161865234, -6.677154064178467], "lowlevel.melbands.mean": [0.012088910676538944, 0.005915892776101828, 0.0017790331039577723, 0.0010335369734093547, 0.00040505436481907964, 0.00046358551480807364, 0.00017546559683978558, 0.00012814986985176802, 0.00014334573643282056, 0.00028630171436816454, 0.00013827427756041288, 4.104010440642014e-05, 9.807352762436494e-05, 8.793172310106456e-05, 3.0349203370860778e-05, 5.9972509916406125e-05, 4.263914161128923e-05, 4.546113996184431e-05, 4.5932360080769286e-05, 6.345377187244594e-05, 7.361905591096729e-05, 6.1061728047207e-05, 4.082357554580085e-05, 2.965940802823752e-05, 3.817531614913605e-05, 2.799152207444422e-05, 2.261573899886571e-05, 1.7475143977208063e-05, 1.4360934983415063e-05, 1.3315499018062837e-05, 1.0552409548836295e-05, 1.0103703971253708e-05, 8.615420483693015e-06, 6.552324975928059e-06, 5.133549166203011e-06, 3.7346217141021043e-06, 3.1638624022889417e-06, 2.5614958758524153e-06, 1.8736651554718264e-06, 1.6355268144252477e-06], "lowlevel.melbands.stdev": [0.00830297265201807, 0.0052872877568006516, 0.0016883914358913898, 0.0020896054338663816, 0.000479181413538754, 0.0007326657068915665, 0.0002704318903852254, 0.00018849009939003736, 0.000265295006101951, 0.0005004210979677737, 0.0002493972424417734, 3.666540214908309e-05, 0.00025757544790394604, 0.00022765212634112686, 2.3537722881883383e-05, 0.00012873532250523567, 7.681328133912757e-05, 6.72199676046148e-05, 9.121667972067371e-05, 0.00013957508781459183, 0.00011967908358201385, 4.593274570652284e-05, 2.8801088774343953e-05, 1.8010476196650416e-05, 2.348003545193933e-05, 1.746432826621458e-05, 1.2484573744586669e-05, 1.1365148566255812e-05, 1.0229415238427464e-05, 9.605702871340327e-06, 1.0869573088712059e-05, 8.881153007678222e-06, 7.553267096227501e-06, 6.195759397087386e-06, 4.907290986011503e-06, 3.7021854950580746e-06, 3.6915223518008133e-06, 3.3916405755007872e-06, 2.2798062673246022e-06, 2.370155016251374e-06], "lowlevel.melbands128.mean": [0.005393697880208492, 0.013663110323250294, 0.01383252814412117, 0.011211439035832882, 0.005300053860992193, 0.0023849583230912685, 0.002139751799404621, 0.0015979710733518004, 0.0012072178069502115, 0.0013510859571397305, 0.0006769735482521355, 0.0002360025973757729, 0.0003411948273424059, 0.0005795840988866985, 0.0005648566875606775, 0.0003735763602890074, 0.00017665166524238884, 0.00013704353477805853, 0.0001750499795889482, 0.0001245897146873176, 0.00010400528844911605, 0.00013964988465886563, 0.0001259925775229931, 0.00017848319839686155, 0.0002318537881365046, 0.00039661803748458624, 0.00028141302755102515, 8.040889952098951e-05, 4.7697518311906606e-05, 3.3327320124953985e-05, 3.9717720937915146e-05, 5.2512914407998323e-05, 8.73760218382813e-05, 0.00014819252828601748, 0.0001337036519544199, 6.0733309510396793e-05, 2.404367296549026e-05, 2.9323609851417132e-05, 3.25952387356665e-05, 4.030873969895765e-05, 7.514164462918416e-05, 7.756634295219555e-05, 3.645571632659994e-05, 2.8003427360090427e-05, 3.674980325740762e-05, 4.2638999730115756e-05, 6.763479905202985e-05, 4.385242209536955e-05, 3.075081258430146e-05, 6.031755037838593e-05, 5.529562258743681e-05, 8.417310164077207e-05, 8.717465243535116e-05, 6.34006573818624e-05, 5.7693756389198825e-05, 6.488015060313046e-05, 6.422566366381943e-05, 4.035267193103209e-05, 3.780354018090293e-05, 2.782331284834072e-05, 2.7151858375873417e-05, 3.104384086327627e-05, 3.9148533687694e-05, 4.241357237333432e-05, 3.327804370201193e-05, 2.805806252581533e-05, 2.416113238723483e-05, 2.2794405595050193e-05, 2.2773141608922742e-05, 2.266665978822857e-05, 1.6841073374962434e-05, 1.4839572941127699e-05, 1.5656560208299197e-05, 1.3931062312622089e-05, 1.3286542525747791e-05, 1.4815625036135316e-05, 1.2464929568523075e-05, 1.1195400475116912e-05, 1.0070076314150356e-05, 1.0313795428373851e-05, 1.0067059520224575e-05, 1.0117336387338582e-05, 1.0006379852711689e-05, 8.899042768462095e-06, 6.959769962122664e-06, 6.660211965936469e-06, 6.479971943917917e-06, 6.18962121734512e-06, 4.8800457079778425e-06, 4.692504262493458e-06, 4.121262008993654e-06, 3.421559995331336e-06, 3.1519864478468662e-06, 3.1432944069820223e-06, 3.2274695058731595e-06, 2.876641929105972e-06, 2.4799521725071827e-06, 2.021174395849812e-06, 1.8589200863061706e-06, 1.7867389487946639e-06, 1.7523966562293936e-06, 1.5549777572232415e-06, 1.6496525176989962e-06, 1.1758330629163538e-06, 9.667941185398377e-07, 8.045532240430475e-07, 8.306618610731675e-07, 9.46874365581607e-07, 6.661182396783261e-07, 4.581719679208618e-07, 4.824516395274259e-07, 2.8762610781996045e-07, 1.9465281297925685e-07, 1.308899726382151e-07, 8.431905484940216e-08, 6.014770548290471e-08, 2.319098690861665e-08, 3.223399769325397e-09, 1.460656422203055e-11, 1.482683247011618e-11, 1.0147157419870823e-11, 9.93699653811797e-12, 9.47674577700397e-12, 9.297737926794447e-12, 9.01059175190122e-12, 8.616332473898591e-12, 8.391659762907455e-12, 8.323549315070178e-12], "lowlevel.melbands128.stdev": [0.004247597418725491, 0.011048969812691212, 0.011940233409404755, 0.009992184117436409, 0.005741371773183346, 0.003154717618599534, 0.0022664424031972885, 0.0016464180080220103, 0.0023480805102735758, 0.003391821403056383, 0.0012235272442921996, 0.00034190903534181416, 0.0005426030838862062, 0.0008802129304967821, 0.0011508198222145438, 0.0008325263625010848, 0.00041870729182846844, 0.00024168656091205776, 0.00020026433048769832, 0.0001577071670908481, 0.00026231989613734186, 0.0005798092461191118, 0.00027709355344995856, 0.00034617268829606473, 0.0005589980282820761, 0.0009044001926667988, 0.0007754141697660089, 9.50680478126742e-05, 4.442162753548473e-05, 3.259642471675761e-05, 4.123094549868256e-05, 0.00010101187945110723, 0.0002770000428427011, 0.0005959609407000244, 0.00039446947630494833, 0.00021355290664359927, 2.4081304218270816e-05, 2.5429260858800262e-05, 3.668823046609759e-05, 8.581922884332016e-05, 0.00021639977057930082, 0.0002277362800668925, 8.844788681017235e-05, 2.72266952379141e-05, 4.5015338400844485e-05, 5.919240720686503e-05, 0.0002200920571340248, 0.00010159878002014011, 6.593017315026373e-05, 0.0002722035860642791, 0.00014109804760664701, 0.00023095634242054075, 0.00022003201593179256, 6.635056342929602e-05, 6.590088014490902e-05, 6.183952064020559e-05, 6.566770753124729e-05, 4.386369255371392e-05, 3.564532016753219e-05, 2.1373234631028026e-05, 2.5736257157404907e-05, 2.502129427739419e-05, 2.9369677577051334e-05, 3.674808976938948e-05, 3.1305826269090176e-05, 2.136248986062128e-05, 1.8310222003492527e-05, 1.632371095183771e-05, 1.6708310795365833e-05, 1.7446694982936606e-05, 1.471370615035994e-05, 1.221042748511536e-05, 1.2839192095270846e-05, 1.1442266441008542e-05, 1.1771347999456339e-05, 1.2069845979567617e-05, 1.0037905667559244e-05, 1.2663102097576484e-05, 1.2041858099109959e-05, 1.24449870781973e-05, 8.906949005904607e-06, 1.0464654224051628e-05, 1.0617863154038787e-05, 8.164509381458629e-06, 7.008081865933491e-06, 6.114250481914496e-06, 8.216946298489347e-06, 6.865700015623588e-06, 4.930388058710378e-06, 5.2873706408718135e-06, 4.082814029970905e-06, 3.6561179967975477e-06, 4.186221303825732e-06, 3.8017844872229034e-06, 4.115164301765617e-06, 4.2640399442461785e-06, 3.692609652716783e-06, 2.781747525659739e-06, 2.6476263883523643e-06, 2.146544147763052e-06, 2.3644786324439337e-06, 2.458572453178931e-06, 3.473687684163451e-06, 1.8226612610305892e-06, 1.325892753811786e-06, 1.3165671362003195e-06, 1.595696858203155e-06, 1.986644520002301e-06, 1.1372603694326244e-06, 7.612110266563832e-07, 1.4314304053186788e-06, 4.99555028454779e-07, 3.3877125815706677e-07, 2.6336212499700196e-07, 1.8021106029664224e-07, 1.3662180720075412e-07, 5.621799203936462e-08, 1.0547868356525214e-08, 6.01052124737933e-11, 6.693445797623099e-11, 1.480021140365384e-11, 1.4480547837203428e-11, 1.4115757174248955e-11, 1.373972637053189e-11, 1.252032592186092e-11, 1.1250955028740961e-11, 1.0984483288234426e-11, 1.092855753809241e-11], "lowlevel.mfcc.mean": [-596.3954467773438, 92.06053924560547, 5.769411563873291, 42.987892150878906, 13.711288452148438, 12.65932846069336, 5.425670146942139, 14.388279914855957, 8.32632827758789, 6.569189548492432, 3.6400198936462402, 2.9323360919952393, 1.7765578031539917], "lowlevel.spectral_contrast_coeffs.mean": [-0.759009063243866, -0.790159285068512, -0.7988427877426147, -0.8090212941169739, -0.8048213720321655, -0.7314853668212891], "lowlevel.spectral_contrast_coeffs.stdev": [0.06636197119951248, 0.07239021360874176, 0.07038287073373795, 0.05199700966477394, 0.03215136006474495, 0.04646103084087372], "lowlevel.spectral_contrast_valleys.mean": [-6.155104160308838, -6.741692066192627, -7.2642502784729, -7.214534282684326, -6.801086902618408, -9.7207612991333], "lowlevel.spectral_contrast_valleys.stdev": [2.2128970623016357, 2.114609479904175, 2.04616379737854, 2.0205278396606445, 2.09513783454895, 1.9115198850631714], "rhythm.beats_loudness_band_ratio.mean": [0.7839725613594055, 0.06844635307788849, 0.03504351153969765, 0.030074983835220337, 0.05393489450216293, 0.03818986937403679], "rhythm.beats_loudness_band_ratio.stdev": [0.15589547157287598, 0.09300818294286728, 0.02196476422250271, 0.029351165518164635, 0.0691000372171402, 0.019604526460170746], "tonal.hpcp.mean": [0.035957157611846924, 0.024726271629333496, 0.030423369258642197, 0.05584804713726044, 0.08206679672002792, 0.07419662177562714, 0.046809010207653046, 0.035208676010370255, 0.035499438643455505, 0.03870110586285591, 0.04064570367336273, 0.04032713174819946, 0.03258645907044411, 0.04791713505983353, 0.07551984488964081, 0.1046602874994278, 0.1466926783323288, 0.2663589417934418, 0.40157049894332886, 0.3774413764476776, 0.28271764516830444, 0.2301170527935028, 0.19427135586738586, 0.20351047813892365, 0.2000524401664734, 0.1529483199119568, 0.10265828669071198, 0.07949041575193405, 0.07586534321308136, 0.05065687745809555, 0.03692162409424782, 0.04211985319852829, 0.051187142729759216, 0.08125470578670502, 0.0995568111538887, 0.06551849097013474], "tonal.hpcp.stdev": [0.1051907017827034, 0.08651337027549744, 0.07636044919490814, 0.10135112702846527, 0.10662660747766495, 0.12137527018785477, 0.13004477322101593, 0.1073393002152443, 0.08800388872623444, 0.0900670513510704, 0.12250089645385742, 0.12104884535074234, 0.07788971066474915, 0.13392288982868195, 0.1968671977519989, 0.23488476872444153, 0.25516772270202637, 0.33142614364624023, 0.3844117224216461, 0.36189883947372437, 0.31792157888412476, 0.33004915714263916, 0.31070074439048767, 0.3239125907421112, 0.3309530019760132, 0.2644883096218109, 0.2106071561574936, 0.1845259815454483, 0.19554641842842102, 0.12956182658672333, 0.1122538298368454, 0.11700039356946945, 0.15362879633903503, 0.17479416728019714, 0.21232648193836212, 0.1379949003458023], "rhythm.beats_position": [0.5224489569664001, 1.0681178569793701, 1.6021767854690552, 2.1362357139587402, 2.670294761657715, 3.2043535709381104, 3.7500226497650146, 4.29569149017334, 4.841360569000244, 5.38702917098999], "rhythm.bpm_histogram": [0.0, 0.0, 0.0, 0.0, 0.0, 0.0, 0.0, 0.0, 0.0, 0.0, 0.0, 0.0, 0.0, 0.0, 0.0, 0.0, 0.0, 0.0, 0.0, 0.0, 0.0, 0.0, 0.0, 0.0, 0.0, 0.0, 0.0, 0.0, 0.0, 0.0, 0.0, 0.0, 0.0, 0.0, 0.0, 0.0, 0.0, 0.0, 0.0, 0.0, 0.0, 0.0, 0.0, 0.0, 0.0, 0.0, 0.0, 0.0, 0.0, 0.0, 0.0, 0.0, 0.0, 0.0, 0.0, 0.0, 0.0, 0.0, 0.0, 0.0, 0.0, 0.0, 0.0, 0.0, 0.0, 0.0, 0.0, 0.0, 0.0, 0.0, 0.0, 0.0, 0.0, 0.0, 0.0, 0.0, 0.0, 0.0, 0.0, 0.0, 0.0, 0.0, 0.0, 0.0, 0.0, 0.0, 0.0, 0.0, 0.0, 0.0, 0.0, 0.0, 0.0, 0.0, 0.0, 0.0, 0.0, 0.0, 0.0, 0.0, 0.0, 0.0, 0.0, 0.0, 0.0, 0.0, 0.0, 0.0, 0.0, 0.0, 0.5555555820465088, 0.0, 0.4444444477558136, 0.0, 0.0, 0.0, 0.0, 0.0, 0.0, 0.0, 0.0, 0.0, 0.0, 0.0, 0.0, 0.0, 0.0, 0.0, 0.0, 0.0, 0.0, 0.0, 0.0, 0.0, 0.0, 0.0, 0.0, 0.0, 0.0, 0.0, 0.0, 0.0, 0.0, 0.0, 0.0, 0.0, 0.0, 0.0, 0.0, 0.0, 0.0, 0.0, 0.0, 0.0, 0.0, 0.0, 0.0, 0.0, 0.0, 0.0, 0.0, 0.0, 0.0, 0.0, 0.0, 0.0, 0.0, 0.0, 0.0, 0.0, 0.0, 0.0, 0.0, 0.0, 0.0, 0.0, 0.0, 0.0, 0.0, 0.0, 0.0, 0.0, 0.0, 0.0, 0.0, 0.0, 0.0, 0.0, 0.0, 0.0, 0.0, 0.0, 0.0, 0.0, 0.0, 0.0, 0.0, 0.0, 0.0, 0.0, 0.0, 0.0, 0.0, 0.0, 0.0, 0.0, 0.0, 0.0, 0.0, 0.0, 0.0, 0.0, 0.0, 0.0, 0.0, 0.0, 0.0, 0.0, 0.0, 0.0, 0.0, 0.0, 0.0, 0.0, 0.0, 0.0, 0.0, 0.0, 0.0, 0.0, 0.0, 0.0, 0.0, 0.0, 0.0, 0.0, 0.0, 0.0, 0.0, 0.0, 0.0, 0.0, 0.0, 0.0, 0.0, 0.0, 0.0, 0.0, 0.0, 0.0], "tonal.chords_histogram": [0.0, 0.0, 0.0, 0.0, 0.0, 0.0, 0.0, 0.0, 0.0, 0.0, 0.0, 0.0, 0.0, 0.0, 0.0, 0.0, 2.3809523582458496, 11.11111068725586, 0.0, 0.0, 0.7936508059501648, 0.0, 59.52381134033203, 26.190475463867188], "tonal.thpcp": [1.0, 0.9399130940437317, 0.70402991771698, 0.5730427503585815, 0.4837789535522461, 0.5067864060401917, 0.49817514419555664, 0.3808753788471222, 0.25564199686050415, 0.19794884324073792, 0.18892160058021545, 0.12614691257476807, 0.09194307029247284, 0.10488782078027725, 0.12746739387512207, 0.20234231650829315, 0.24791863560676575, 0.16315564513206482, 0.08954133093357086, 0.061573926359415054, 0.07576096802949905, 0.13907407224178314, 0.204364612698555, 0.18476611375808716, 0.11656486243009567, 0.08767744898796082, 0.08840151131153107, 0.09637437760829926, 0.1012168601155281, 0.10042354464530945, 0.08114754408597946, 0.11932434141635895, 0.18806123733520508, 0.260627418756485, 0.36529743671417236, 0.6632931232452393], "lowlevel.gfcc.cov": [[35568.7421875, 2723.6201171875, -1018.4461669921875, 1653.7447509765625, -672.5231323242188, 561.6610717773438, -214.69122314453125, 390.9783020019531, -199.21255493164062, 58.61050033569336, -204.02975463867188, 135.4785614013672, 128.8379669189453], [2723.6201171875, 729.9647827148438, -284.2940673828125, 188.1785125732422, 29.092266082763672, -18.16526985168457, 61.784420013427734, -2.084318161010742, 78.73448944091797, -42.34971237182617, 54.11027908325195, -46.428504943847656, 80.72317504882812], [-1018.4461669921875, -284.2940673828125, 274.41064453125, -22.05191421508789, -14.51381778717041, 13.788433074951172, -43.04731750488281, -9.832748413085938, -69.6978988647461, 20.738792419433594, -18.32623863220215, 39.7598762512207, -44.55405807495117], [1653.7447509765625, 188.1785125732422, -22.05191421508789, 206.07289123535156, 19.477210998535156, 30.213104248046875, 3.7413904666900635, 22.73040008544922, 21.349504470825195, -5.654423713684082, 8.334903717041016, -19.871904373168945, 24.812889099121094], [-672.5231323242188, 29.092266082763672, -14.51381778717041, 19.477210998535156, 148.01568603515625, 26.181129455566406, 52.869773864746094, 21.178043365478516, 62.65087127685547, 5.036001682281494, 23.04149627685547, -24.252105712890625, 17.149829864501953], [561.6610717773438, -18.16526985168457, 13.788433074951172, 30.213104248046875, 26.181129455566406, 97.38851928710938, 34.95983123779297, 28.363706588745117, -18.49395751953125, -3.05779767036438, -11.099028587341309, 2.2145235538482666, -4.2054524421691895], [-214.69122314453125, 61.784420013427734, -43.04731750488281, 3.7413904666900635, 52.869773864746094, 34.95983123779297, 110.99234008789062, 28.177682876586914, 27.60537338256836, -18.637977600097656, 19.983047485351562, -14.966679573059082, 19.814661026000977], [390.9783020019531, -2.084318161010742, -9.832748413085938, 22.73040008544922, 21.178043365478516, 28.363706588745117, 28.177682876586914, 77.50855255126953, 30.85430335998535, 11.21315860748291, -6.923921585083008, -1.236709713935852, 2.4316654205322266], [-199.21255493164062, 78.73448944091797, -69.6978988647461, 21.349504470825195, 62.65087127685547, -18.49395751953125, 27.60537338256836, 30.85430335998535, 101.50457763671875, 15.051438331604004, 17.810123443603516, -26.129262924194336, 22.481700897216797], [58.61050033569336, -42.34971237182617, 20.738792419433594, -5.654423713684082, 5.036001682281494, -3.05779767036438, -18.637977600097656, 11.21315860748291, 15.051438331604004, 50.29606628417969, 12.44514274597168, 17.732633590698242, -1.2324771881103516], [-204.02975463867188, 54.11027908325195, -18.32623863220215, 8.334903717041016, 23.04149627685547, -11.099028587341309, 19.983047485351562, -6.923921585083008, 17.810123443603516, 12.44514274597168, 53.73893737792969, 17.98244285583496, 32.562496185302734], [135.4785614013672, -46.428504943847656, 39.7598762512207, -19.871904373168945, -24.252105712890625, 2.2145235538482666, -14.966679573059082, -1.236709713935852, -26.129262924194336, 17.732633590698242, 17.98244285583496, 59.22383499145508, 17.623146057128906], [128.8379669189453, 80.72317504882812, -44.55405807495117, 24.812889099121094, 17.149829864501953, -4.2054524421691895, 19.814661026000977, 2.4316654205322266, 22.481700897216797, -1.2324771881103516, 32.562496185302734, 17.623146057128906, 63.87413024902344]], "lowlevel.gfcc.icov": [[0.00021019902487751096, -0.0006151569541543722, 0.0007952323067001998, -0.0012988036032766104, 0.0006843331502750516, -0.0008409651345573366, 0.0002579132269602269, -0.0005520819104276597, 0.0005994575330987573, -0.0011178632266819477, 0.0015168138779699802, -0.0015918761491775513, 0.0005479673855006695], [-0.0006151569541543722, 0.005656360182911158, 0.0011567507172003388, 0.0003927320067305118, -0.0019565275870263577, 0.0036591740790754557, -0.001636102912016213, 0.0025637508369982243, -0.001643374445848167, 0.004895583260804415, -0.006311234552413225, 0.00400893297046423, -0.0012929226504638791], [0.0007952323067001998, 0.0011567507172003388, 0.0122868986800313, -0.008785056881606579, -0.0002258271852042526, -0.0008008734439499676, 0.0005302478675730526, -0.0014843754470348358, 0.006460386794060469, -0.004588468465954065, 0.005640561692416668, -0.011572028510272503, 0.006772036664187908], [-0.0012988036032766104, 0.0003927320067305118, -0.008785056881606579, 0.017679927870631218, -0.003271170426160097, 0.0006799381226301193, 0.002319637220352888, 0.00033650326076895, -0.004417811520397663, 0.0068462202325463295, -0.011134103871881962, 0.016022058203816414, -0.0077392226085066795], [0.0006843331502750516, -0.0019565275870263577, -0.0002258271852042526, -0.003271170426160097, 0.015688685700297356, -0.008511138148605824, -0.0010299147106707096, -0.00019501382485032082, -0.006946120876818895, -0.0030877203680574894, -0.00036855865619145334, 0.00033327777055092156, 0.0002409067819826305], [-0.0008409651345573366, 0.0036591740790754557, -0.0008008734439499676, 0.0006799381226301193, -0.008511138148605824, 0.023019807413220406, -0.00812525860965252, -0.0020773671567440033, 0.007655052933841944, 0.0007484719972126186, 0.0011970147024840117, 0.0022832469549030066, -0.0012705180561169982], [0.0002579132269602269, -0.001636102912016213, 0.0005302478675730526, 0.002319637220352888, -0.0010299147106707096, -0.00812525860965252, 0.019220907241106033, -0.007298446726053953, -0.0007026162929832935, 0.007955039851367474, -0.009150560945272446, 0.003466695547103882, -0.0008177689742296934], [-0.0005520819104276597, 0.0025637508369982243, -0.0014843754470348358, 0.00033650326076895, -0.00019501382485032082, -0.0020773671567440033, -0.007298446726053953, 0.024074049666523933, -0.011253023520112038, -0.001596515066921711, 0.005350399296730757, -0.0030797261279076338, 2.2644198907073587e-05], [0.0005994575330987573, -0.001643374445848167, 0.006460386794060469, -0.004417811520397663, -0.006946120876818895, 0.007655052933841944, -0.0007026162929832935, -0.011253023520112038, 0.031085647642612457, -0.014487122185528278, 0.004156727343797684, 0.006242986768484116, -0.004956681281328201], [-0.0011178632266819477, 0.004895583260804415, -0.004588468465954065, 0.0068462202325463295, -0.0030877203680574894, 0.0007484719972126186, 0.007955039851367474, -0.001596515066921711, -0.014487122185528278, 0.04206093028187752, -0.02147994190454483, -0.0018025219906121492, 0.006037265062332153], [0.0015168138779699802, -0.006311234552413225, 0.005640561692416668, -0.011134103871881962, -0.00036855865619145334, 0.0011970147024840117, -0.009150560945272446, 0.005350399296730757, 0.004156727343797684, -0.02147994190454483, 0.0550503246486187, -0.024659089744091034, -0.007149226032197475], [-0.0015918761491775513, 0.00400893297046423, -0.011572028510272503, 0.016022058203816414, 0.00033327777055092156, 0.0022832469549030066, 0.003466695547103882, -0.0030797261279076338, 0.006242986768484116, -0.0018025219906121492, -0.024659089744091034, 0.054968178272247314, -0.021875763311982155], [0.0005479673855006695, -0.0012929226504638791, 0.006772036664187908, -0.0077392226085066795, 0.0002409067819826305, -0.0012705180561169982, -0.0008177689742296934, 2.2644198907073587e-05, -0.004956681281328201, 0.006037265062332153, -0.007149226032197475, -0.021875763311982155, 0.03556040674448013]], "lowlevel.mfcc.cov": [[19875.36328125, 2100.733642578125, 133.28343200683594, 1040.58447265625, 223.03628540039062, 341.200927734375, 112.2916259765625, 309.5943298339844, 152.80137634277344, 99.76326751708984, 23.23822593688965, 28.48247718811035, 20.461536407470703], [2100.733642578125, 544.7266845703125, -130.042236328125, 181.88034057617188, 17.551130294799805, 43.11503601074219, 9.667545318603516, 53.274295806884766, 37.29391860961914, 40.07315444946289, 6.91111421585083, 4.682704448699951, 36.327484130859375], [133.28343200683594, -130.042236328125, 209.44061279296875, -2.568981647491455, -6.218319892883301, -1.3925946950912476, 10.574637413024902, -13.740316390991211, -45.494319915771484, -47.96437072753906, -10.649070739746094, -6.754249095916748, -21.988727569580078], [1040.58447265625, 181.88034057617188, -2.568981647491455, 168.79010009765625, 42.3692741394043, 25.565044403076172, 2.6009738445281982, 22.75212287902832, 20.299230575561523, 26.13050651550293, 5.182806015014648, 12.397876739501953, 23.2313175201416], [223.03628540039062, 17.551130294799805, -6.218319892883301, 42.3692741394043, 90.11811828613281, 23.131166458129883, 2.5355916023254395, 8.532800674438477, 24.15323257446289, 27.1076602935791, 7.00978422164917, 11.167816162109375, 11.112499237060547], [341.200927734375, 43.11503601074219, -1.3925946950912476, 25.565044403076172, 23.131166458129883, 63.00755310058594, 33.66099548339844, 15.582090377807617, 6.575379848480225, 4.180553913116455, 1.9929336309432983, -1.0244452953338623, 0.47487011551856995], [112.2916259765625, 9.667545318603516, 10.574637413024902, 2.6009738445281982, 2.5355916023254395, 33.66099548339844, 83.19647216796875, 40.297752380371094, 11.28911304473877, -3.937666893005371, 6.951300621032715, -1.631445288658142, -6.696125030517578], [309.5943298339844, 53.274295806884766, -13.740316390991211, 22.75212287902832, 8.532800674438477, 15.582090377807617, 40.297752380371094, 66.76593017578125, 36.158294677734375, 17.344762802124023, 8.673866271972656, 4.269311904907227, 0.1585819125175476], [152.80137634277344, 37.29391860961914, -45.494319915771484, 20.299230575561523, 24.15323257446289, 6.575379848480225, 11.28911304473877, 36.158294677734375, 62.31074142456055, 39.225852966308594, 14.173748970031738, 13.216217994689941, 6.681554317474365], [99.76326751708984, 40.07315444946289, -47.96437072753906, 26.13050651550293, 27.1076602935791, 4.180553913116455, -3.937666893005371, 17.344762802124023, 39.225852966308594, 58.750701904296875, 22.525604248046875, 15.546614646911621, 1.700552225112915], [23.23822593688965, 6.91111421585083, -10.649070739746094, 5.182806015014648, 7.00978422164917, 1.9929336309432983, 6.951300621032715, 8.673866271972656, 14.173748970031738, 22.525604248046875, 42.407920837402344, 16.911510467529297, -10.43310546875], [28.48247718811035, 4.682704448699951, -6.754249095916748, 12.397876739501953, 11.167816162109375, -1.0244452953338623, -1.631445288658142, 4.269311904907227, 13.216217994689941, 15.546614646911621, 16.911510467529297, 32.14699935913086, 11.432769775390625], [20.461536407470703, 36.327484130859375, -21.988727569580078, 23.2313175201416, 11.112499237060547, 0.47487011551856995, -6.696125030517578, 0.1585819125175476, 6.681554317474365, 1.700552225112915, -10.43310546875, 11.432769775390625, 54.67873001098633]], "lowlevel.mfcc.icov": [[0.0001204572181450203, -0.0004679306875914335, -0.0003776585217565298, -0.00019568478455767035, -6.690077134408057e-05, -0.0002960528072435409, 0.00019516769680194557, -0.00014960297266952693, -0.00024218574981205165, 0.00015592816635034978, 8.829173020785674e-05, -0.00013011264672968537, 0.00030637363670393825], [-0.0004679306875914335, 0.006065069697797298, 0.004292020574212074, -0.0038638657424598932, 0.001791123184375465, -0.00044308940414339304, 0.00029410820570774376, -0.002068891189992428, 0.002391340909525752, 0.00011493829515529796, -0.0010016905143857002, 0.0016464820364490151, -0.0016360891750082374], [-0.0003776585217565298, 0.004292020574212074, 0.010039462707936764, -0.0034572803415358067, -0.0006429484928958118, 0.000986147322691977, -0.0007791121024638414, -0.002165314042940736, 0.005216367542743683, 0.00523987365886569, -0.00014641261077485979, -0.0017913884948939085, 0.002375202253460884], [-0.00019568478455767035, -0.0038638657424598932, -0.0034572803415358067, 0.013309907168149948, -0.003495636163279414, -0.0005343785742297769, 0.0005658736336044967, -0.00015460133727174252, 0.0003790309128817171, -0.004082944709807634, 0.0005177345592528582, -0.001195591758005321, -0.003190736286342144], [-6.690077134408057e-05, 0.001791123184375465, -0.0006429484928958118, -0.003495636163279414, 0.016765838488936424, -0.005888199899345636, 0.0009659500792622566, 0.0020287735387682915, -0.003857098752632737, -0.005433882120996714, 0.0008176733972504735, -0.0006364505970850587, -0.0022527233231812716], [-0.0002960528072435409, -0.00044308940414339304, 0.000986147322691977, -0.0005343785742297769, -0.005888199899345636, 0.025473812595009804, -0.01147463172674179, 0.0028281419072300196, 0.0019125204998999834, -0.0009176618186756968, 0.000780639355070889, 0.0018325408454984426, 0.0001514238101663068], [0.00019516769680194557, 0.00029410820570774376, -0.0007791121024638414, 0.0005658736336044967, 0.0009659500792622566, -0.01147463172674179, 0.02436486817896366, -0.015073924325406551, 0.0007267618202604353, 0.006049049086868763, -0.004538434091955423, 0.0008203742909245193, 0.000794247433077544], [-0.00014960297266952693, -0.002068891189992428, -0.002165314042940736, -0.00015460133727174252, 0.0020287735387682915, 0.0028281419072300196, -0.015073924325406551, 0.03529945760965347, -0.018840907141566277, -0.0007699177949689329, 0.0009096706635318696, 0.0014556619571521878, 0.00043562822975218296], [-0.00024218574981205165, 0.002391340909525752, 0.005216367542743683, 0.0003790309128817171, -0.003857098752632737, 0.0019125204998999834, 0.0007267618202604353, -0.018840907141566277, 0.043176207691431046, -0.01814262382686138, 0.001714870915748179, -0.004368129186332226, -0.002121708821505308], [0.00015592816635034978, 0.00011493829515529796, 0.00523987365886569, -0.004082944709807634, -0.005433882120996714, -0.0009176618186756968, 0.006049049086868763, -0.0007699177949689329, -0.01814262382686138, 0.04385407641530037, -0.012595221400260925, -0.004064363427460194, 0.004862144589424133], [8.829173020785674e-05, -0.0010016905143857002, -0.00014641261077485979, 0.0005177345592528582, 0.0008176733972504735, 0.000780639355070889, -0.004538434091955423, 0.0009096706635318696, 0.001714870915748179, -0.012595221400260925, 0.04181501641869545, -0.02177133411169052, 0.01233517937362194], [-0.00013011264672968537, 0.0016464820364490151, -0.0017913884948939085, -0.001195591758005321, -0.0006364505970850587, 0.0018325408454984426, 0.0008203742909245193, 0.0014556619571521878, -0.004368129186332226, -0.004064363427460194, -0.02177133411169052, 0.05188301205635071, -0.015390119515359402], [0.00030637363670393825, -0.0016360891750082374, 0.002375202253460884, -0.003190736286342144, -0.0022527233231812716, 0.0001514238101663068, 0.000794247433077544, 0.00043562822975218296, -0.002121708821505308, 0.004862144589424133, 0.01233517937362194, -0.015390119515359402, 0.027803927659988403]], "metadata.audio_properties.analysis.downmix": "mix", "metadata.audio_properties.codec": "mp3", "metadata.audio_properties.md5_encoded": "8668e99013c31e459445a8ec80ca498b", "metadata.tags.file_name": "1183701185195159562.mp3", "metadata.version.essentia": "2.1-beta6-dev", "metadata.version.essentia_git_sha": "v2.1_beta5-1110-g77a6a954", "metadata.version.extractor": "music 2.0", "tonal.chords_key": "Ab", "tonal.chords_scale": "major", "tonal.key_edma.key": "Ab", "tonal.key_edma.scale": "minor", "tonal.key_krumhansl.key": "Eb", "tonal.key_krumhansl.scale": "major", "tonal.key_temperley.key": "Eb", "tonal.key_temperley.scale": "major", "metadata.tags.encoding": ["Lavf58.45.100"]}, "essentia_models": [{"model_name": "genre_dortmund", "activations": {"alternative": "0.0013123871", "blues": "2.4700446e-05", "electronic": "0.0005772802", "folkcountry": "1.1239267e-05", "funksoulrnb": "0.00056280696", "jazz": "2.8319966e-05", "pop": "0.00022174133", "raphiphop": "6.975067e-05", "rock": "0.965906"}}, {"model_name": "genre_rosamerica", "activations": {"classic": "0.0003053323", "dance": "6.896546e-05", "hip hop": "0.0017408031", "jazz": "9.564867e-05", "pop": "0.000809221", "rhythm and blues": "0.00029231663", "rock": "0.9905861", "speech": "5.3805106e-06"}}, {"model_name": "genre_tzanetakis", "activations": {"blues": "1.2156411e-07", "classic": "5.3666e-08", "country": "4.1289186e-05", "disco": "0.00037213767", "hip hop": "0.0052626464", "jazz": "6.9441135e-06", "metal": "0.99236804", "pop": "6.103562e-05", "reggae": "1.2427639e-05", "rock": "0.0025363343"}}, {"model_name": "genre_electronic", "activations": {"ambient": "0.2924549", "dnb": "0.74523765", "house": "0.17128438", "techno": "0.31521928", "trance": "0.069330156"}}, {"model_name": "mood_acoustic", "activations": {"acoustic": "7.843222e-09", "not acoustic": "0.9950382"}}, {"model_name": "mood_electronic", "activations": {"electronic": "0.21418901", "not electronic": "0.793242"}}, {"model_name": "mood_aggressive", "activations": {"aggressive": "0.9998934", "not aggressive": "0.006143089"}}, {"model_name": "mood_relaxed", "activations": {"not relaxed": "0.7863962", "relaxed": "0.3264173"}}, {"model_