{"song_id": "1183707359835594792", "download": "https://cdn.discordapp.com/attachments/1135903449314238464/1183707359835594792/chirp.mp4?ex=65895062&amp", "lyrics": "(Verse 1)\n\u4f60\u7ba1\u4ed6\u4e09\u4e03\u4e8c\u5341\u4e00 \n\u4f60\u575a\u6301\u5929\u5929\u53d1\u6296\u97f3 \n\u4f60\u4e0d\u7528\u7ba1\u4ed6\u706b\u4e0d\u706b \n\u4f60\u53d1\u4e86\u4ee5\u540e\u770b\u7ed3\u679c\n(Pre-Chorus)\n \u4f60\u8fd9\u4e2a\u65f6\u4ee3\u5df2\u7ecf\u4e0d\u5c5e\u4e8e80\u540e90\u540e \n\u4e5f\u4e0d\u5c5e\u4e8e00\u540e \n\u90a3\u662f\u5c5e\u4e8e\u8138\u76ae\u539a\u5144\u5f1f\u4eec", "style": ["abstract hip hop"], "essentia_features": {"lowlevel.average_loudness": 0.6569468975067139, "lowlevel.barkbands_crest.mean": 12.187956809997559, "lowlevel.barkbands_crest.stdev": 4.797458648681641, "lowlevel.barkbands_flatness_db.mean": 0.2275061309337616, "lowlevel.barkbands_flatness_db.stdev": 0.07319436967372894, "lowlevel.barkbands_kurtosis.mean": 12.637919425964355, "lowlevel.barkbands_kurtosis.stdev": 26.11068344116211, "lowlevel.barkbands_skewness.mean": 2.2829015254974365, "lowlevel.barkbands_skewness.stdev": 2.3551812171936035, "lowlevel.barkbands_spread.mean": 16.753971099853516, "lowlevel.barkbands_spread.stdev": 15.037850379943848, "lowlevel.dissonance.mean": 0.44850215315818787, "lowlevel.dissonance.stdev": 0.040142159909009933, "lowlevel.dynamic_complexity": 6.284007549285889, "lowlevel.erbbands_crest.mean": 11.275947570800781, "lowlevel.erbbands_crest.stdev": 5.084624767303467, "lowlevel.erbbands_flatness_db.mean": 0.20602057874202728, "lowlevel.erbbands_flatness_db.stdev": 0.08846940845251083, "lowlevel.erbbands_kurtosis.mean": 1.197097659111023, "lowlevel.erbbands_kurtosis.stdev": 3.608827829360962, "lowlevel.erbbands_skewness.mean": 0.07485470175743103, "lowlevel.erbbands_skewness.stdev": 1.0723775625228882, "lowlevel.erbbands_spread.mean": 41.300594329833984, "lowlevel.erbbands_spread.stdev": 27.95579719543457, "lowlevel.hfc.mean": 15.108712196350098, "lowlevel.hfc.stdev": 15.672390937805176, "lowlevel.loudness_ebu128.integrated": -15.191494941711426, "lowlevel.loudness_ebu128.loudness_range": 11.951635360717773, "lowlevel.loudness_ebu128.momentary.mean": -23.780839920043945, "lowlevel.loudness_ebu128.momentary.stdev": 40.57688522338867, "lowlevel.loudness_ebu128.short_term.mean": -17.52344512939453, "lowlevel.loudness_ebu128.short_term.stdev": 4.807744026184082, "lowlevel.melbands_crest.mean": 16.612356185913086, "lowlevel.melbands_crest.stdev": 6.265937805175781, "lowlevel.melbands_flatness_db.mean": 0.2948761284351349, "lowlevel.melbands_flatness_db.stdev": 0.09467604756355286, "lowlevel.melbands_kurtosis.mean": 38.34453582763672, "lowlevel.melbands_kurtosis.stdev": 71.47750854492188, "lowlevel.melbands_skewness.mean": 3.9171886444091797, "lowlevel.melbands_skewness.stdev": 3.4626142978668213, "lowlevel.melbands_spread.mean": 21.4610652923584, "lowlevel.melbands_spread.stdev": 30.256120681762695, "lowlevel.pitch_salience.mean": 0.4588472545146942, "lowlevel.pitch_salience.stdev": 0.16493290662765503, "lowlevel.silence_rate_20dB.mean": 1.0, "lowlevel.silence_rate_20dB.stdev": 0.0, "lowlevel.silence_rate_30dB.mean": 0.924593985080719, "lowlevel.silence_rate_30dB.stdev": 0.26404494047164917, "lowlevel.silence_rate_60dB.mean": 0.20591647922992706, "lowlevel.silence_rate_60dB.stdev": 0.4043653905391693, "lowlevel.spectral_centroid.mean": 1386.3778076171875, "lowlevel.spectral_centroid.stdev": 1830.40576171875, "lowlevel.spectral_complexity.mean": 10.49884033203125, "lowlevel.spectral_complexity.stdev": 6.2236456871032715, "lowlevel.spectral_decrease.mean": -1.0024518992679532e-08, "lowlevel.spectral_decrease.stdev": 1.3345641924900065e-08, "lowlevel.spectral_energy.mean": 0.039205245673656464, "lowlevel.spectral_energy.stdev": 0.05117655545473099, "lowlevel.spectral_energyband_high.mean": 0.0005170659278519452, "lowlevel.spectral_energyband_high.stdev": 0.001171023235656321, "lowlevel.spectral_energyband_low.mean": 0.025743473321199417, "lowlevel.spectral_energyband_low.stdev": 0.046104706823825836, "lowlevel.spectral_energyband_middle_high.mean": 0.0038989116437733173, "lowlevel.spectral_energyband_middle_high.stdev": 0.006618171464651823, "lowlevel.spectral_energyband_middle_low.mean": 0.00987949501723051, "lowlevel.spectral_energyband_middle_low.stdev": 0.014808890409767628, "lowlevel.spectral_entropy.mean": 7.170320987701416, "lowlevel.spectral_entropy.stdev": 0.7687764763832092, "lowlevel.spectral_flux.mean": 0.07903990149497986, "lowlevel.spectral_flux.stdev": 0.07985703647136688, "lowlevel.spectral_kurtosis.mean": 7.758548736572266, "lowlevel.spectral_kurtosis.stdev": 9.602672576904297, "lowlevel.spectral_rms.mean": 0.005110318772494793, "lowlevel.spectral_rms.stdev": 0.003483340609818697, "lowlevel.spectral_rolloff.mean": 1584.36669921875, "lowlevel.spectral_rolloff.stdev": 3381.80712890625, "lowlevel.spectral_skewness.mean": 1.6328848600387573, "lowlevel.spectral_skewness.stdev": 0.8611568212509155, "lowlevel.spectral_spread.mean": 5094274.5, "lowlevel.spectral_spread.stdev": 6605501.5, "lowlevel.spectral_strongpeak.mean": 0.8917508125305176, "lowlevel.spectral_strongpeak.stdev": 1.1082278490066528, "lowlevel.zerocrossingrate.mean": 0.058527473360300064, "lowlevel.zerocrossingrate.stdev": 0.09093664586544037, "metadata.audio_properties.analysis.equal_loudness": 0.0, "metadata.audio_properties.analysis.length": 39.999977111816406, "metadata.audio_properties.analysis.sample_rate": 44100.0, "metadata.audio_properties.analysis.start_time": 0.0, "metadata.audio_properties.bit_rate": 112245.0, "metadata.audio_properties.length": 40.0, "metadata.audio_properties.lossless": 0.0, "metadata.audio_properties.number_channels": 1.0, "metadata.audio_properties.replay_gain": -11.03622055053711, "metadata.audio_properties.sample_rate": 48000.0, "rhythm.beats_count": 94.0, "rhythm.beats_loudness.mean": 0.058296073228120804, "rhythm.beats_loudness.stdev": 0.06070148944854736, "rhythm.bpm": 141.12876892089844, "rhythm.bpm_histogram_first_peak_bpm": 140.0, "rhythm.bpm_histogram_first_peak_weight": 0.4266666769981384, "rhythm.bpm_histogram_second_peak_bpm": 148.0, "rhythm.bpm_histogram_second_peak_spread": 0.12499994039535522, "rhythm.bpm_histogram_second_peak_weight": 0.1505376398563385, "rhythm.danceability": 0.9939941763877869, "rhythm.onset_rate": 4.322882652282715, "tonal.chords_changes_rate": 0.07531865686178207, "tonal.chords_number_rate": 0.015063730999827385, "tonal.chords_strength.mean": 0.5012175440788269, "tonal.chords_strength.stdev": 0.0967521145939827, "tonal.hpcp_crest.mean": 12.626994132995605, "tonal.hpcp_crest.stdev": 5.81987190246582, "tonal.hpcp_entropy.mean": 1.9136948585510254, "tonal.hpcp_entropy.stdev": 0.7294458150863647, "tonal.key_edma.strength": 0.6314031481742859, "tonal.key_krumhansl.strength": 0.6543082594871521, "tonal.key_temperley.strength": 0.672942578792572, "tonal.tuning_diatonic_strength": 0.5214017629623413, "tonal.tuning_equal_tempered_deviation": 0.11717939376831055, "tonal.tuning_frequency": 438.2245178222656, "tonal.tuning_nontempered_energy_ratio": 0.7747215032577515, "lowlevel.barkbands.mean": [0.00033982592867687345, 0.016784129664301872, 0.00787972193211317, 0.00121315976139158, 0.004388519562780857, 0.0014660180313512683, 0.0009246086701750755, 0.0012140218168497086, 0.0004901477368548512, 0.0005123468581587076, 0.0007340018637478352, 0.0006371626514010131, 0.0004032549331896007, 0.0005117287510074675, 0.00040685926796868443, 0.00023555586813017726, 0.00015689518477302045, 0.0001436038437532261, 0.0001726486225379631, 0.0001134123231167905, 9.597583266440779e-05, 0.00010897148604271933, 0.0001344660558970645, 6.74543043714948e-05, 4.610979522112757e-05, 2.4329787265742198e-05, 3.4670722470764304e-07], "lowlevel.barkbands.stdev": [0.0011637548450380564, 0.03707737848162651, 0.01330332737416029, 0.0026700785383582115, 0.011198128573596478, 0.003759600454941392, 0.003708592150360346, 0.004266707692295313, 0.0016217934899032116, 0.0018198693869635463, 0.002939269645139575, 0.0023874174803495407, 0.0017154455417767167, 0.0022082459181547165, 0.0009094763081520796, 0.0005578607087954879, 0.00034220123779959977, 0.00024393141211476177, 0.0004220757109578699, 0.00024724987451918423, 0.00022652604093309492, 0.00029977524536661804, 0.0003480562299955636, 0.00016475065785925835, 0.00014332824503071606, 8.334594895131886e-05, 1.5553978300886229e-06], "lowlevel.erbbands.mean": [0.3611198365688324, 4.127309799194336, 10.302328109741211, 5.850122451782227, 4.871687889099121, 18.169795989990234, 22.3045711517334, 9.139872550964355, 9.359381675720215, 24.005138397216797, 22.30770492553711, 12.661186218261719, 13.143940925598145, 18.832353591918945, 33.23518753051758, 28.78546142578125, 20.723388671875, 20.972475051879883, 19.346113204956055, 27.23281478881836, 11.062146186828613, 8.044485092163086, 8.98550033569336, 5.905246257781982, 9.939447402954102, 5.45612096786499, 3.5598578453063965, 3.838501453399658, 3.559839963912964, 5.325828552246094, 3.130258083343506, 1.554232120513916, 1.1097123622894287, 0.6267809867858887, 0.2637938857078552, 0.12624728679656982, 0.042104572057724, 0.00455638999119401, 0.00011137129331473261, 4.857521707890555e-05], "lowlevel.erbbands.stdev": [1.0219752788543701, 8.745563507080078, 17.767202377319336, 10.227442741394043, 18.498138427734375, 52.319766998291016, 54.34003448486328, 23.803489685058594, 39.43033218383789, 87.74919891357422, 82.03157806396484, 41.961036682128906, 43.010929107666016, 74.88026428222656, 141.2484588623047, 85.6527099609375, 82.70980072021484, 79.32715606689453, 75.9002914428711, 51.87369918823242, 23.94085121154785, 15.904726028442383, 14.806012153625488, 10.309057235717773, 24.795978546142578, 11.398138046264648, 7.942340850830078, 9.51527214050293, 9.639552116394043, 14.77515697479248, 7.795431137084961, 3.568146228790283, 3.035764694213867, 1.8944580554962158, 0.8977672457695007, 0.4794051945209503, 0.1342298835515976, 0.013763844035565853, 0.00028065312653779984, 5.929607505095191e-05], "lowlevel.gfcc.mean": [-111.9226303100586, 124.26512908935547, -116.22023010253906, 36.17375564575195, -35.44464111328125, 6.071133136749268, -29.078088760375977, 2.4287257194519043, -21.798280715942383, -6.527984619140625, -9.103965759277344, -4.686951160430908, -8.978144645690918], "lowlevel.melbands.mean": [0.003963119350373745, 0.005346099846065044, 0.000995687791146338, 0.0007523680105805397, 0.0008782217046245933, 0.0002147505001630634, 0.0001519976503914222, 0.00027035598759539425, 0.0001660292036831379, 7.08714360371232e-05, 6.378808757290244e-05, 7.145318522816524e-05, 0.00010820871830219403, 8.163128222804517e-05, 6.152522109914571e-05, 3.140389162581414e-05, 4.339267252362333e-05, 3.504173218971118e-05, 2.9577942768810317e-05, 2.896292608056683e-05, 1.1110252671642229e-05, 7.61472301746835e-06, 1.067380617314484e-05, 5.675505690305727e-06, 4.352783889771672e-06, 7.359945357165998e-06, 6.175059752422385e-06, 2.9432956125674536e-06, 2.0530089841486188e-06, 2.368584773648763e-06, 2.1002213088650024e-06, 1.7337504232273204e-06, 2.569133584984229e-06, 3.2042737529991427e-06, 1.9201013401470846e-06, 1.2066687986589386e-06, 8.640441819807165e-07, 7.96240442468843e-07, 6.704293582515675e-07, 4.865786422669771e-07], "lowlevel.melbands.stdev": [0.009649300016462803, 0.009280981495976448, 0.0017273541307076812, 0.0021930085495114326, 0.0020023733377456665, 0.0005453003686852753, 0.0006126405205577612, 0.0009522587060928345, 0.0006035551778040826, 0.00026327819796279073, 0.0002149594947695732, 0.0003064461634494364, 0.0004470460116863251, 0.00032158399699255824, 0.00019703034195117652, 0.00014115002704784274, 0.00017681068857200444, 0.00016525948012713343, 6.884901085868478e-05, 5.841737220180221e-05, 2.9722117687924765e-05, 1.6296169633278623e-05, 2.020880492636934e-05, 9.867081644188147e-06, 7.964420547068585e-06, 2.1019593987148255e-05, 1.4301482224254869e-05, 6.464996658905875e-06, 4.612372322299052e-06, 5.925810000917409e-06, 5.4285387705022e-06, 4.734153208119096e-06, 7.64559990784619e-06, 9.044850230566226e-06, 4.960254045727197e-06, 2.9664806788787246e-06, 2.034250655924552e-06, 2.1184725937928306e-06, 2.0024438072141493e-06, 1.5624029856553534e-06], "lowlevel.melbands128.mean": [0.00030580456950701773, 0.002353376941755414, 0.005230879411101341, 0.007532722782343626, 0.006431121379137039, 0.0032157134264707565, 0.001144377631135285, 0.0005098964902572334, 0.00041184676229022443, 0.0005455250502564013, 0.0011380703654140234, 0.0012990051181986928, 0.0007986941491253674, 0.0004142032121308148, 0.00019992367015220225, 9.959891031030566e-05, 0.00012271013110876083, 0.00014445623673964292, 0.0001997966755880043, 0.00031703119748272, 0.000282042397884652, 0.00020488409791141748, 0.00016916140157263726, 9.745866555022076e-05, 8.954607619671151e-05, 4.671987335314043e-05, 5.550764763029292e-05, 8.124587475322187e-05, 4.5531811338150874e-05, 8.083101420197636e-05, 6.748132727807388e-05, 7.76503948145546e-05, 0.00012633427104447037, 0.00013249499897938222, 5.6576725910417736e-05, 8.800366776995361e-05, 8.60498403199017e-05, 4.012936187791638e-05, 7.227196329040453e-05, 4.406793959788047e-05, 1.617043380974792e-05, 2.1390451365732588e-05, 3.258110518800095e-05, 6.47795750410296e-05, 5.8218109188601375e-05, 2.0950354155502282e-05, 2.019122985075228e-05, 1.8070799342240207e-05, 3.302874756627716e-05, 6.576783198397607e-05, 1.697929110378027e-05, 1.1235101737838704e-05, 1.0098404345626477e-05, 1.1615787116170395e-05, 1.174233420897508e-05, 4.4086077650717925e-06, 6.356929134199163e-06, 1.2282753232284449e-05, 1.2927170246257447e-05, 7.411366368614836e-06, 5.201001386012649e-06, 4.0183253986469936e-06, 4.065815119247418e-06, 4.0961731428978965e-06, 5.212588803260587e-06, 7.365127203229349e-06, 9.454276550968643e-06, 6.938091701158555e-06, 5.5528389566461556e-06, 4.910878487862647e-06, 2.7868093184224563e-06, 2.0465117813728284e-06, 2.0158827283012215e-06, 2.0498348476394312e-06, 2.0652739749493776e-06, 2.353128365939483e-06, 2.5153128717647633e-06, 2.5224564978998387e-06, 2.2072008505347185e-06, 1.384747861266078e-06, 1.6097959587568766e-06, 1.854642960097408e-06, 2.1417806692625163e-06, 2.7094602046418004e-06, 2.7446176318335347e-06, 3.367563749634428e-06, 3.55079714609019e-06, 2.5497874958091415e-06, 1.7725081988828606e-06, 1.4855428389637382e-06, 1.4501977148029255e-06, 1.1160427675349638e-06, 8.210310511458374e-07, 8.383206022699596e-07, 8.651616667521012e-07, 9.252826203010045e-07, 6.792063800276082e-07, 8.168634622052195e-07, 6.826232379353314e-07, 6.322892431853688e-07, 5.109445737616625e-07, 5.272762564345612e-07, 3.52126050984225e-07, 3.0951409257795603e-07, 2.5627380750847806e-07, 2.7110161227028584e-07, 3.042005403131043e-07, 2.3945531779645535e-07, 2.060709078932632e-07, 1.9370801851437136e-07, 1.8679592983517068e-07, 1.387264063623661e-07, 1.3930917930338182e-07, 1.1822897505453511e-07, 7.888245789899884e-08, 4.703778699877148e-08, 1.3905426143878685e-08, 1.0728987698271908e-09, 1.492221797516624e-11, 1.1005700691069098e-11, 1.1020488341340062e-11, 5.382674774651042e-12, 4.990035294694106e-12, 4.900460679607699e-12, 4.792868792818927e-12, 4.667556705723053e-12, 4.592268839503921e-12, 4.561802758457079e-12], "lowlevel.melbands128.stdev": [0.0011114715598523617, 0.0077372086234390736, 0.014539174735546112, 0.015805795788764954, 0.01172449067234993, 0.005283622071146965, 0.0022605867125093937, 0.0013129189610481262, 0.0021796959917992353, 0.0023702161852270365, 0.0037528974935412407, 0.003480777144432068, 0.002440212992951274, 0.0011213301913812757, 0.0007401934126392007, 0.0004225947195664048, 0.0008221740135923028, 0.0007319224532693624, 0.0010731697548180819, 0.0013625590363517404, 0.0012671181466430426, 0.0009289754088968039, 0.0008640879532322288, 0.00036580540472641587, 0.0003534216375555843, 0.00036002296837978065, 0.00025796957197599113, 0.0003523905761539936, 0.00020326625963207334, 0.00042525125900283456, 0.000437569513451308, 0.00039636724977754056, 0.0006410023779608309, 0.0008444809354841709, 0.000491514743771404, 0.0004237313405610621, 0.0002677232841961086, 0.0002681239857338369, 0.00032793518039397895, 0.0002826052368618548, 0.00013385136844590306, 0.00017822644440457225, 0.00015230606368277222, 0.0003532062692102045, 0.0004129972658120096, 0.0001338630827376619, 0.00010384890629211441, 0.00011478854867164046, 8.118370169540867e-05, 0.00014270572864916176, 7.44828867027536e-05, 3.5135835787514225e-05, 4.567413998302072e-05, 4.076912591699511e-05, 3.384897354408167e-05, 1.1494547834445257e-05, 2.3718050215393305e-05, 3.3534532121848315e-05, 3.0036446332815103e-05, 1.5353258277173154e-05, 1.3312507689988706e-05, 8.658592378196772e-06, 8.944507499109022e-06, 9.005781976156868e-06, 1.3914960618421901e-05, 2.9075179554638453e-05, 2.7984922780888155e-05, 1.9807581338682212e-05, 1.7552903955220245e-05, 1.2740025340463035e-05, 6.856913842057111e-06, 5.547386990656378e-06, 4.880650067207171e-06, 5.156152838026173e-06, 5.779253115179017e-06, 6.455052698584041e-06, 7.207582257251488e-06, 7.229444236145355e-06, 6.196683898451738e-06, 4.379883648653049e-06, 4.645145054382738e-06, 5.483299446495948e-06, 6.763392320863204e-06, 9.451343430555426e-06, 8.250834980572108e-06, 1.0320291949028615e-05, 1.0469459994055796e-05, 6.969422884139931e-06, 5.1597289711935446e-06, 3.865429789584596e-06, 3.890688731189584e-06, 3.158206254738616e-06, 2.21365257857542e-06, 2.2285421437118202e-06, 2.174030214519007e-06, 2.328649998162291e-06, 2.0943357412761543e-06, 3.1148824746196624e-06, 2.097681317536626e-06, 1.95148641068954e-06, 1.5761934264446609e-06, 1.9812030132015934e-06, 1.191730461869156e-06, 1.121571358453366e-06, 1.0003326451624162e-06, 1.0478526064616744e-06, 1.1606838370425976e-06, 9.520027788312291e-07, 9.199561645800713e-07, 8.084156206678017e-07, 7.368346928160463e-07, 4.804311970474373e-07, 4.410873657434422e-07, 4.080609414813807e-07, 2.593034480469214e-07, 1.6334681163243658e-07, 5.935219249408874e-08, 6.889047110547608e-09, 2.908201734985738e-10, 2.1040905129332543e-10, 2.408832577849296e-10, 1.5625636201610504e-11, 1.0535641803421925e-11, 1.0354207942431248e-11, 1.0203012046350324e-11, 1.0077535160524231e-11, 9.988957577755642e-12, 9.934397054989219e-12], "lowlevel.mfcc.mean": [-733.1841430664062, 143.96429443359375, -5.736776828765869, 32.196266174316406, 16.227256774902344, 6.010269641876221, 4.323437690734863, 8.874396324157715, -6.124253273010254, 3.9959208965301514, -6.356522560119629, -4.211330413818359, 5.351306438446045], "lowlevel.spectral_contrast_coeffs.mean": [-0.6599844098091125, -0.7326240539550781, -0.7401003837585449, -0.7632197737693787, -0.7726362347602844, -0.767776608467102], "lowlevel.spectral_contrast_coeffs.stdev": [0.09655368328094482, 0.09524450451135635, 0.09789825230836868, 0.08540887385606766, 0.07001394778490067, 0.07003428041934967], "lowlevel.spectral_contrast_valleys.mean": [-7.817127704620361, -8.228763580322266, -8.889232635498047, -9.047228813171387, -9.044395446777344, -12.200223922729492], "lowlevel.spectral_contrast_valleys.stdev": [3.672485589981079, 3.480215072631836, 3.3931784629821777, 3.376603364944458, 3.4373526573181152, 3.434617280960083], "rhythm.beats_loudness_band_ratio.mean": [0.5148789286613464, 0.13545407354831696, 0.14669428765773773, 0.10231190174818039, 0.08039218932390213, 0.027046121656894684], "rhythm.beats_loudness_band_ratio.stdev": [0.33285844326019287, 0.16033175587654114, 0.17329634726047516, 0.1332702487707138, 0.11826581507921219, 0.07043298333883286], "tonal.hpcp.mean": [0.2754485607147217, 0.1586296707391739, 0.055129989981651306, 0.04205908998847008, 0.05152100697159767, 0.08608117699623108, 0.1560596078634262, 0.13874468207359314, 0.12034089863300323, 0.183827206492424, 0.1343207061290741, 0.054943911731243134, 0.04968069866299629, 0.05531081557273865, 0.07225838303565979, 0.14088276028633118, 0.13555018603801727, 0.06609255075454712, 0.04557539522647858, 0.037840548902750015, 0.07456012815237045, 0.1778755933046341, 0.15039274096488953, 0.09475693851709366, 0.12816253304481506, 0.0802777037024498, 0.02970809116959572, 0.026735220104455948, 0.034572746604681015, 0.078327976167202, 0.16845296323299408, 0.1343533843755722, 0.04774018004536629, 0.05081202834844589, 0.058963093906641006, 0.1808868646621704], "tonal.hpcp.stdev": [0.39094972610473633, 0.2453717440366745, 0.16854627430438995, 0.1443488597869873, 0.16729924082756042, 0.20149239897727966, 0.27905145287513733, 0.24423475563526154, 0.22386159002780914, 0.33336612582206726, 0.25206366181373596, 0.1690911501646042, 0.15887251496315002, 0.18242348730564117, 0.1889915019273758, 0.2753247916698456, 0.26609307527542114, 0.18290354311466217, 0.15513338148593903, 0.13410747051239014, 0.16003651916980743, 0.3127742111682892, 0.2679387032985687, 0.20582371950149536, 0.2871096730232239, 0.19661903381347656, 0.10809889435768127, 0.09924210608005524, 0.12736627459526062, 0.1806039810180664, 0.3158862590789795, 0.24563397467136383, 0.13516563177108765, 0.15147294104099274, 0.1687292903661728, 0.28407296538352966], "rhythm.beats_position": [0.3831292390823364, 0.7894784212112427, 1.195827603340149, 1.6021767854690552, 1.9969160556793213, 2.4148752689361572, 2.8444442749023438, 3.2624034881591797, 3.668752670288086, 4.086711883544922, 4.493061065673828, 4.899410247802734, 5.305759429931641, 5.712108612060547, 6.118457794189453, 6.548027038574219, 6.965986251831055, 7.383945465087891, 7.778684616088867, 8.185033798217773, 8.59138298034668, 8.997732162475586, 9.404081344604492, 9.810430526733398, 10.239999771118164, 10.692789077758789, 11.145578384399414, 11.57514762878418, 12.004715919494629, 12.434285163879395, 12.86385440826416, 13.281813621520996, 13.711382865905762, 14.140952110290527, 14.570521354675293, 15.000090599060059, 15.429659843444824, 15.85922908782959, 16.27718734741211, 16.695146560668945, 17.12471580505371, 17.542675018310547, 17.972244262695312, 18.39020347595215, 18.808162689208984, 19.23773193359375, 19.667301177978516, 20.08526039123535, 20.503219604492188, 20.932788848876953, 21.36235809326172, 21.780317306518555, 22.20988655090332, 22.639455795288086, 23.06902503967285, 23.498594284057617, 23.916553497314453, 24.34612274169922, 24.775691986083984, 25.19365119934082, 25.623218536376953, 26.05278778076172, 26.482357025146484, 26.90031623840332, 27.329885482788086, 27.747844696044922, 28.165803909301758, 28.595373153686523, 29.02494239807129, 29.442901611328125, 29.87247085571289, 30.302040100097656, 30.719999313354492, 31.149568557739258, 31.579137802124023, 32.008705139160156, 32.43827438354492, 32.85623550415039, 33.274192810058594, 33.71537399291992, 34.133331298828125, 34.551292419433594, 34.9692497253418, 35.387210845947266, 35.81678009033203, 36.2463493347168, 36.67591857910156, 37.10548782348633, 37.54666519165039, 37.96462631225586, 38.38258361816406, 38.81215286254883, 39.241722106933594, 39.65968322753906], "rhythm.bpm_histogram": [0.0, 0.0, 0.0, 0.0, 0.0, 0.0, 0.0, 0.0, 0.0, 0.0, 0.0, 0.0, 0.0, 0.0, 0.0, 0.0, 0.0, 0.0, 0.0, 0.0, 0.0, 0.0, 0.0, 0.0, 0.0, 0.0, 0.0, 0.0, 0.0, 0.0, 0.0, 0.0, 0.0, 0.0, 0.0, 0.0, 0.0, 0.0, 0.0, 0.0, 0.0, 0.0, 0.0, 0.0, 0.0, 0.0, 0.0, 0.0, 0.0, 0.0, 0.0, 0.0, 0.0, 0.0, 0.0, 0.0, 0.0, 0.0, 0.0, 0.0, 0.0, 0.0, 0.0, 0.0, 0.0, 0.0, 0.0, 0.0, 0.0, 0.0, 0.0, 0.0, 0.0, 0.0, 0.0, 0.0, 0.0, 0.0, 0.0, 0.0, 0.0, 0.0, 0.0, 0.0, 0.0, 0.0, 0.0, 0.0, 0.0, 0.0, 0.0, 0.0, 0.0, 0.0, 0.0, 0.0, 0.0, 0.0, 0.0, 0.0, 0.0, 0.0, 0.0, 0.0, 0.0, 0.0, 0.0, 0.0, 0.0, 0.0, 0.0, 0.0, 0.0, 0.0, 0.0, 0.0, 0.0, 0.0, 0.0, 0.0, 0.0, 0.0, 0.0, 0.0, 0.0, 0.0, 0.0, 0.0, 0.0, 0.0, 0.0, 0.0, 0.0, 0.02150537632405758, 0.0, 0.0, 0.02150537632405758, 0.0, 0.0, 0.0, 0.46236559748649597, 0.0, 0.0, 0.0, 0.32258063554763794, 0.0, 0.0, 0.0, 0.1505376398563385, 0.0, 0.0, 0.0, 0.02150537632405758, 0.0, 0.0, 0.0, 0.0, 0.0, 0.0, 0.0, 0.0, 0.0, 0.0, 0.0, 0.0, 0.0, 0.0, 0.0, 0.0, 0.0, 0.0, 0.0, 0.0, 0.0, 0.0, 0.0, 0.0, 0.0, 0.0, 0.0, 0.0, 0.0, 0.0, 0.0, 0.0, 0.0, 0.0, 0.0, 0.0, 0.0, 0.0, 0.0, 0.0, 0.0, 0.0, 0.0, 0.0, 0.0, 0.0, 0.0, 0.0, 0.0, 0.0, 0.0, 0.0, 0.0, 0.0, 0.0, 0.0, 0.0, 0.0, 0.0, 0.0, 0.0, 0.0, 0.0, 0.0, 0.0, 0.0, 0.0, 0.0, 0.0, 0.0, 0.0, 0.0, 0.0, 0.0, 0.0, 0.0, 0.0, 0.0, 0.0, 0.0, 0.0, 0.0, 0.0, 0.0, 0.0, 0.0, 0.0, 0.0, 0.0, 0.0, 0.0, 0.0, 0.0, 0.0, 0.0, 0.0, 0.0], "tonal.chords_histogram": [3.9397451877593994, 16.22247886657715, 23.174970626831055, 2.201622247695923, 0.5793742537498474, 0.0, 4.750869274139404, 4.287369728088379, 0.23174971342086792, 0.5793742537498474, 0.0, 0.0, 0.0, 1.042873740196228, 2.5492467880249023, 5.2143683433532715, 6.604866981506348, 0.5793742537498474, 0.0, 0.3476245701313019, 0.0, 3.0127463340759277, 1.1587485074996948, 23.52259635925293], "tonal.thpcp": [1.0, 0.5758957862854004, 0.20014622807502747, 0.15269307792186737, 0.18704402446746826, 0.31251272559165955, 0.5665653347969055, 0.5037044882774353, 0.4368906319141388, 0.6673740148544312, 0.4876435101032257, 0.19947068393230438, 0.18036289513111115, 0.20080269873142242, 0.2623298764228821, 0.5114666819572449, 0.4921070635318756, 0.2399451732635498, 0.1654588282108307, 0.13737791776657104, 0.27068620920181274, 0.6457670331001282, 0.5459921360015869, 0.34400954842567444, 0.46528664231300354, 0.29144352674484253, 0.10785350203514099, 0.0970606654882431, 0.12551434338092804, 0.284365177154541, 0.6115586757659912, 0.4877621531486511, 0.17331795394420624, 0.18447011709213257, 0.21406209468841553, 0.6566992402076721], "lowlevel.gfcc.cov": [[56256.96875, 243.01190185546875, -1428.8743896484375, 3567.419677734375, -2433.651123046875, 3286.83447265625, -1434.7105712890625, 1041.1435546875, -431.4071044921875, 372.9084167480469, -477.733154296875, 590.7328491210938, -516.133056640625], [243.01190185546875, 4226.7255859375, -2428.911865234375, -1511.6214599609375, 816.4473266601562, -1621.9993896484375, 202.07872009277344, -433.7370910644531, -157.06280517578125, -465.94390869140625, 202.77667236328125, -535.74072265625, 244.54971313476562], [-1428.8743896484375, -2428.911865234375, 2635.8173828125, 1111.8590087890625, -500.0638732910156, 1361.5213623046875, -25.376890182495117, 375.5248107910156, 212.60137939453125, 272.882568359375, -126.57278442382812, 394.1231994628906, -66.22599792480469], [3567.419677734375, -1511.6214599609375, 1111.8590087890625, 1314.7890625, -423.4674377441406, 911.6341552734375, -149.7291717529297, 177.05035400390625, 97.55921936035156, 198.27195739746094, -118.86835479736328, 236.1653594970703, -48.73857879638672], [-2433.651123046875, 816.4473266601562, -500.0638732910156, -423.4674377441406, 949.4161376953125, -339.0661315917969, 227.32122802734375, -114.98785400390625, -38.70083999633789, -1.5967937707901, -2.408137321472168, -101.97032928466797, 231.34701538085938], [3286.83447265625, -1621.9993896484375, 1361.5213623046875, 911.6341552734375, -339.0661315917969, 1467.057861328125, 41.53240966796875, 347.558837890625, 164.68096923828125, 246.12677001953125, -102.68067932128906, 269.52569580078125, -38.089019775390625], [-1434.7105712890625, 202.07872009277344, -25.376890182495117, -149.7291717529297, 227.32122802734375, 41.53240966796875, 422.9384765625, 41.95523452758789, 9.356405258178711, 17.166168212890625, 0.4009116590023041, -31.14888572692871, 55.861656188964844], [1041.1435546875, -433.7370910644531, 375.5248107910156, 177.05035400390625, -114.98785400390625, 347.558837890625, 41.95523452758789, 230.05079650878906, 60.189720153808594, 68.04393768310547, -17.388988494873047, 61.23237609863281, -26.34119415283203], [-431.4071044921875, -157.06280517578125, 212.60137939453125, 97.55921936035156, -38.70083999633789, 164.68096923828125, 9.356405258178711, 60.189720153808594, 180.50588989257812, 36.8012580871582, 26.388469696044922, -3.4561662673950195, 0.9894625544548035], [372.9084167480469, -465.94390869140625, 272.882568359375, 198.27195739746094, -1.5967937707901, 246.12677001953125, 17.166168212890625, 68.04393768310547, 36.8012580871582, 185.6087646484375, -39.92153549194336, 56.21894454956055, -27.84809112548828], [-477.733154296875, 202.77667236328125, -126.57278442382812, -118.86835479736328, -2.408137321472168, -102.68067932128906, 0.4009116590023041, -17.388988494873047, 26.388469696044922, -39.92153549194336, 135.16819763183594, -39.966346740722656, -0.7643787860870361], [590.7328491210938, -535.74072265625, 394.1231994628906, 236.1653594970703, -101.97032928466797, 269.52569580078125, -31.14888572692871, 61.23237609863281, -3.4561662673950195, 56.21894454956055, -39.966346740722656, 181.48133850097656, 2.0220205783843994], [-516.133056640625, 244.54971313476562, -66.22599792480469, -48.73857879638672, 231.34701538085938, -38.089019775390625, 55.861656188964844, -26.34119415283203, 0.9894625544548035, -27.84809112548828, -0.7643787860870361, 2.0220205783843994, 177.50550842285156]], "lowlevel.gfcc.icov": [[0.00013418310845736414, -0.00034706734004430473, 0.0004158712981734425, -0.000442866759840399, 0.00020847476844210178, -0.00048740909551270306, 0.00042578784632496536, -0.0007054094457998872, 0.00048421506653539836, -0.0002736917813308537, 0.00021528078650590032, -0.0004974175244569778, 0.00024785881396383047], [-0.00034706734004430473, 0.0017348192632198334, -0.0007089537102729082, 0.001360056921839714, -0.0006475851987488568, 0.001354382373392582, -0.0012539085000753403, 0.001946121919900179, -0.0013409513048827648, 0.001525006489828229, -0.0006883472669869661, 0.002138010924682021, -0.001252849935553968], [0.0004158712981734425, -0.0007089537102729082, 0.0023812642320990562, -0.0015076861018314958, 0.0006995309377089143, -0.00182436709292233, 0.0011691005202010274, -0.0024184291251003742, 0.0009082469623535872, -0.0005733047728426754, 0.0007611475302837789, -0.002180579351261258, 0.0005635340348817408], [-0.000442866759840399, 0.001360056921839714, -0.0015076861018314958, 0.003292810870334506, -0.00024633962311781943, 0.0009068303043022752, -0.0009768520249053836, 0.002878747647628188, -0.001693679136224091, 0.0004142983816564083, -0.00013196570216678083, 0.0016488159308210015, -0.0015145102515816689], [0.00020847476844210178, -0.0006475851987488568, 0.0006995309377089143, -0.00024633962311781943, 0.0026723870541900396, -0.0006380514823831618, 5.263078719508485e-07, -0.0005874740891158581, 0.0008962057763710618, -0.001992940902709961, 0.0007649002363905311, -0.000312639371259138, -0.0023263324983417988], [-0.00048740909551270306, 0.001354382373392582, -0.00182436709292233, 0.0009068303043022752, -0.0006380514823831618, 0.003954150248318911, -0.0019692936912178993, 0.0010997200151905417, -0.0023043500259518623, 0.0004261583962943405, -0.0006235118489712477, 0.0011266297660768032, -0.0011876511853188276], [0.00042578784632496536, -0.0012539085000753403, 0.0011691005202010274, -0.0009768520249053836, 5.263078719508485e-07, -0.0019692936912178993, 0.004451170563697815, -0.002966948552057147, 0.0017314909491688013, -0.0011308940593153238, 0.0007288349443115294, -0.0011292471317574382, 0.0006981284241192043], [-0.0007054094457998872, 0.001946121919900179, -0.0024184291251003742, 0.002878747647628188, -0.0005874740891158581, 0.0010997200151905417, -0.002966948552057147, 0.011201692745089531, -0.0033733025193214417, 0.0009227871778421104, -0.0011463636765256524, 0.0027049717027693987, -0.0011186884948983788], [0.00048421506653539836, -0.0013409513048827648, 0.0009082469623535872, -0.001693679136224091, 0.0008962057763710618, -0.0023043500259518623, 0.0017314909491688013, -0.0033733025193214417, 0.009326151572167873, -0.002029293915256858, -0.0013412726111710072, 0.0005685113719664514, 3.859221760649234e-05], [-0.0002736917813308537, 0.001525006489828229, -0.0005733047728426754, 0.0004142983816564083, -0.001992940902709961, 0.0004261583962943405, -0.0011308940593153238, 0.0009227871778421104, -0.002029293915256858, 0.009876902215182781, 0.0005557137774303555, 0.0008452481706626713, 0.0017383889062330127], [0.00021528078650590032, -0.0006883472669869661, 0.0007611475302837789, -0.00013196570216678083, 0.0007649002363905311, -0.0006235118489712477, 0.0007288349443115294, -0.0011463636765256524, -0.0013412726111710072, 0.0005557137774303555, 0.009470175951719284, -0.0004633335047401488, 0.0004325844347476959], [-0.0004974175244569778, 0.002138010924682021, -0.002180579351261258, 0.0016488159308210015, -0.000312639371259138, 0.0011266297660768032, -0.0011292471317574382, 0.0027049717027693987, 0.0005685113719664514, 0.0008452481706626713, -0.0004633335047401488, 0.012759842909872532, -0.0033646184019744396], [0.00024785881396383047, -0.001252849935553968, 0.0005635340348817408, -0.0015145102515816689, -0.0023263324983417988, -0.0011876511853188276, 0.0006981284241192043, -0.0011186884948983788, 3.859221760649234e-05, 0.0017383889062330127, 0.0004325844347476959, -0.0033646184019744396, 0.01057889312505722]], "lowlevel.mfcc.cov": [[20042.41015625, -1248.5318603515625, 2330.835693359375, 681.158447265625, 622.6868896484375, 1587.720703125, 371.02911376953125, 833.7107543945312, 475.28118896484375, 300.1236267089844, 495.1067199707031, 345.5332946777344, 113.69474792480469], [-1248.5318603515625, 4319.97607421875, -2134.131591796875, -298.8145446777344, -13.7629976272583, -1042.68798828125, -52.86387634277344, -265.0494689941406, -354.7391662597656, -33.938663482666016, -360.40411376953125, -190.1702117919922, 24.2990779876709], [2330.835693359375, -2134.131591796875, 2328.909423828125, 241.15133666992188, 13.781346321105957, 889.2233276367188, 85.65145874023438, 384.8076477050781, 306.4945373535156, 24.975337982177734, 306.8691711425781, 181.21971130371094, 12.172259330749512], [681.158447265625, -298.8145446777344, 241.15133666992188, 506.0685729980469, 62.71253967285156, 139.3867645263672, -36.727867126464844, -6.940419673919678, 15.386905670166016, -1.69351327419281, -27.202497482299805, -11.949135780334473, 34.830020904541016], [622.6868896484375, -13.7629976272583, 13.781346321105957, 62.71253967285156, 500.7284240722656, 150.1764373779297, 82.36349487304688, -13.588630676269531, 148.94956970214844, 1.1891082525253296, -52.25951385498047, 34.183349609375, 3.409938097000122], [1587.720703125, -1042.68798828125, 889.2233276367188, 139.3867645263672, 150.1764373779297, 711.387451171875, 180.10531616210938, 181.78134155273438, 292.3452453613281, 33.96623992919922, 183.25938415527344, 127.761474609375, -14.8641939163208], [371.02911376953125, -52.86387634277344, 85.65145874023438, -36.727867126464844, 82.36349487304688, 180.10531616210938, 334.98486328125, 98.58489990234375, 191.27801513671875, 23.27524185180664, 35.00102996826172, 91.3927230834961, -8.535992622375488], [833.7107543945312, -265.0494689941406, 384.8076477050781, -6.940419673919678, -13.588630676269531, 181.78134155273438, 98.58489990234375, 237.92286682128906, 106.7887191772461, 16.761926651000977, 80.22903442382812, 56.83586502075195, 24.536033630371094], [475.28118896484375, -354.7391662597656, 306.4945373535156, 15.386905670166016, 148.94956970214844, 292.3452453613281, 191.27801513671875, 106.7887191772461, 356.76055908203125, 27.40746307373047, 34.64671325683594, 108.43096923828125, -4.604731559753418], [300.1236267089844, -33.938663482666016, 24.975337982177734, -1.69351327419281, 1.1891082525253296, 33.96623992919922, 23.27524185180664, 16.761926651000977, 27.40746307373047, 152.72308349609375, 79.66655731201172, 12.855374336242676, -3.3453376293182373], [495.1067199707031, -360.40411376953125, 306.8691711425781, -27.202497482299805, -52.25951385498047, 183.25938415527344, 35.00102996826172, 80.22903442382812, 34.64671325683594, 79.66655731201172, 219.27452087402344, 61.2244873046875, -15.761099815368652], [345.5332946777344, -190.1702117919922, 181.21971130371094, -11.949135780334473, 34.183349609375, 127.761474609375, 91.3927230834961, 56.83586502075195, 108.43096923828125, 12.855374336242676, 61.2244873046875, 140.71141052246094, 23.428300857543945], [113.69474792480469, 24.2990779876709, 12.172259330749512, 34.830020904541016, 3.409938097000122, -14.8641939163208, -8.535992622375488, 24.536033630371094, -4.604731559753418, -3.3453376293182373, -15.761099815368652, 23.428300857543945, 103.16690826416016]], "lowlevel.mfcc.icov": [[7.46255973353982e-05, -3.4956268791574985e-05, -1.8282837118022144e-05, -6.52006856398657e-05, -7.656656816834584e-05, -0.00015712945605628192, 3.273554830229841e-05, -0.00020551947818603367, 0.00012185556988697499, -0.0001268978521693498, 2.523436523915734e-05, -8.372366573894396e-05, 5.832489023305243e-06], [-3.4956268791574985e-05, 0.0004947273409925401, 0.0003316385264042765, 7.390453538391739e-05, -6.524089985759929e-05, 0.0004018745676148683, -0.00017459443188272417, -0.0001920809445437044, 6.531692633870989e-05, -1.6860274627106264e-05, 0.0001590005267644301, 6.403157021850348e-05, -3.8666941691190004e-05], [-1.8282837118022144e-05, 0.0003316385264042765, 0.0013205130817368627, -0.00018113991245627403, 0.00015441970026586205, -0.0008908385643735528, 0.000576568185351789, -0.001165506662800908, 4.016188904643059e-05, 0.00023298118321690708, -0.00015135304420255125, -0.00035946242860518396, 0.00010668540198821574], [-6.52006856398657e-05, 7.390453538391739e-05, -0.00018113991245627403, 0.002536651911213994, -3.035082045244053e-05, -0.0006845944444648921, 0.00021158096205908805, 0.0006745456485077739, 0.0002281737542944029, -0.000384624523576349, 0.0010114385513588786, 0.0005109839257784188, -0.0009849357884377241], [-7.656656816834584e-05, -6.524089985759929e-05, 0.00015441970026586205, -3.035082045244053e-05, 0.0027360906824469566, -0.0007831986877135932, -2.3214139218907803e-05, 0.0007855611038394272, -0.0008713040151633322, -0.00023870666336733848, 0.0011176579864695668, -0.00012590331607498229, -0.00014754428411833942], [-0.00015712945605628192, 0.0004018745676148683, -0.0008908385643735528, -0.0006845944444648921, -0.0007831986877135932, 0.005401157774031162, -0.0011127779725939035, 0.00033667124807834625, -0.0022011830005794764, 0.0012383556459099054, -0.002699683653190732, 0.0005746159586124122, 0.00044566081487573683], [3.273554830229841e-05, -0.00017459443188272417, 0.000576568185351789, 0.00021158096205908805, -2.3214139218907803e-05, -0.0011127779725939035, 0.005320293363183737, -0.0016849965322762728, -0.0015596431912854314, -0.00040004230686463416, 0.0005648446385748684, -0.0019735628738999367, 0.0009988534729927778], [-0.00020551947818603367, -0.0001920809445437044, -0.001165506662800908, 0.0006745456485077739, 0.0007855611038394272, 0.00033667124807834625, -0.0016849965322762728, 0.008134111762046814, -0.0013707932084798813, 0.0007063533994369209, -0.0014701278414577246, 0.001145643531344831, -0.0023929234594106674], [0.00012185556988697499, 6.531692633870989e-05, 4.016188904643059e-05, 0.0002281737542944029, -0.0008713040151633322, -0.0022011830005794764, -0.0015596431912854314, -0.0013707932084798813, 0.006835793145000935, -0.0016532897716388106, 0.002577741863206029, -0.0028665775898844004, 0.0009734578779898584], [-0.0001268978521693498, -1.6860274627106264e-05, 0.00023298118321690708, -0.000384624523576349, -0.00023870666336733848, 0.0012383556459099054, -0.00040004230686463416, 0.0007063533994369209, -0.0016532897716388106, 0.009203415364027023, -0.004969583824276924, 0.0015695447800680995, -0.0006596025777980685], [2.523436523915734e-05, 0.0001590005267644301, -0.00015135304420255125, 0.0010114385513588786, 0.0011176579864695668, -0.002699683653190732, 0.0005648446385748684, -0.0014701278414577246, 0.002577741863206029, -0.004969583824276924, 0.010632672347128391, -0.003649427555501461, 0.001988637028262019], [-8.372366573894396e-05, 6.403157021850348e-05, -0.00035946242860518396, 0.0005109839257784188, -0.00012590331607498229, 0.0005746159586124122, -0.0019735628738999367, 0.001145643531344831, -0.0028665775898844004, 0.0015695447800680995, -0.003649427555501461, 0.012533038854598999, -0.003882450284436345], [5.832489023305243e-06, -3.8666941691190004e-05, 0.00010668540198821574, -0.0009849357884377241, 