{"song_id": "1183710245147656303", "download": "https://cdn.discordapp.com/attachments/1128313332273782784/1183710245147656303/chirp.mp4?ex=65895312&amp", "lyrics": "(Verse 1)\n\u4f60\u7ba1\u4ed6\u4e09\u4e03\u4e8c\u5341\u4e00 \n\u4f60\u575a\u6301\u5929\u5929\u53d1\u6296\u97f3 \n\u4f60\u4e0d\u7528\u7ba1\u4ed6\u706b\u4e0d\u706b \n\u4f60\u53d1\u4e86\u4ee5\u540e\u770b\u7ed3\u679c \n(Pre-Chorus)\n\u4f60\u8fd9\u4e2a\u65f6\u4ee3\u5df2\u7ecf\u4e0d\u5c5e\u4e8e80\u540e90\u540e \n\u4e5f\u4e0d\u5c5e\u4e8e00\u540e \n\u90a3\u4ed6\u5988\u7684\u5c5e\u4e8e\u8138\u76ae\u539a\u5144\u5f1f\u4eec", "style": ["Christmas"], "essentia_features": {"lowlevel.average_loudness": 0.8899750709533691, "lowlevel.barkbands_crest.mean": 11.795480728149414, "lowlevel.barkbands_crest.stdev": 5.226072788238525, "lowlevel.barkbands_flatness_db.mean": 0.17922642827033997, "lowlevel.barkbands_flatness_db.stdev": 0.10548701137304306, "lowlevel.barkbands_kurtosis.mean": 30.46736717224121, "lowlevel.barkbands_kurtosis.stdev": 61.843318939208984, "lowlevel.barkbands_skewness.mean": 3.079899311065674, "lowlevel.barkbands_skewness.stdev": 3.3953614234924316, "lowlevel.barkbands_spread.mean": 24.726110458374023, "lowlevel.barkbands_spread.stdev": 22.538190841674805, "lowlevel.dissonance.mean": 0.46575412154197693, "lowlevel.dissonance.stdev": 0.037469279021024704, "lowlevel.dynamic_complexity": 5.052272319793701, "lowlevel.erbbands_crest.mean": 9.81257152557373, "lowlevel.erbbands_crest.stdev": 5.3976616859436035, "lowlevel.erbbands_flatness_db.mean": 0.14560246467590332, "lowlevel.erbbands_flatness_db.stdev": 0.05513693019747734, "lowlevel.erbbands_kurtosis.mean": 1.31178879737854, "lowlevel.erbbands_kurtosis.stdev": 3.787741184234619, "lowlevel.erbbands_skewness.mean": 0.24629156291484833, "lowlevel.erbbands_skewness.stdev": 1.1026320457458496, "lowlevel.erbbands_spread.mean": 49.81315612792969, "lowlevel.erbbands_spread.stdev": 35.58167266845703, "lowlevel.hfc.mean": 21.501148223876953, "lowlevel.hfc.stdev": 30.92118263244629, "lowlevel.loudness_ebu128.integrated": -15.466751098632812, "lowlevel.loudness_ebu128.loudness_range": 9.323707580566406, "lowlevel.loudness_ebu128.momentary.mean": -18.2885684967041, "lowlevel.loudness_ebu128.momentary.stdev": 6.275169372558594, "lowlevel.loudness_ebu128.short_term.mean": -17.33353614807129, "lowlevel.loudness_ebu128.short_term.stdev": 4.730822563171387, "lowlevel.melbands_crest.mean": 17.732406616210938, "lowlevel.melbands_crest.stdev": 7.132791996002197, "lowlevel.melbands_flatness_db.mean": 0.24657662212848663, "lowlevel.melbands_flatness_db.stdev": 0.13058079779148102, "lowlevel.melbands_kurtosis.mean": 93.5020523071289, "lowlevel.melbands_kurtosis.stdev": 186.34681701660156, "lowlevel.melbands_skewness.mean": 5.316033840179443, "lowlevel.melbands_skewness.stdev": 5.490260124206543, "lowlevel.melbands_spread.mean": 23.726545333862305, "lowlevel.melbands_spread.stdev": 24.946298599243164, "lowlevel.pitch_salience.mean": 0.43354174494743347, "lowlevel.pitch_salience.stdev": 0.1416393369436264, "lowlevel.silence_rate_20dB.mean": 1.0, "lowlevel.silence_rate_20dB.stdev": 0.0, "lowlevel.silence_rate_30dB.mean": 0.909038245677948, "lowlevel.silence_rate_30dB.stdev": 0.28755277395248413, "lowlevel.silence_rate_60dB.mean": 0.17439165711402893, "lowlevel.silence_rate_60dB.stdev": 0.379443496465683, "lowlevel.spectral_centroid.mean": 1423.5472412109375, "lowlevel.spectral_centroid.stdev": 937.7385864257812, "lowlevel.spectral_complexity.mean": 13.405562400817871, "lowlevel.spectral_complexity.stdev": 13.675532341003418, "lowlevel.spectral_decrease.mean": -8.90871465486498e-09, "lowlevel.spectral_decrease.stdev": 1.274277394713863e-08, "lowlevel.spectral_energy.mean": 0.03557376191020012, "lowlevel.spectral_energy.stdev": 0.04923342540860176, "lowlevel.spectral_energyband_high.mean": 0.0016225014114752412, "lowlevel.spectral_energyband_high.stdev": 0.0029289680533111095, "lowlevel.spectral_energyband_low.mean": 0.026155585423111916, "lowlevel.spectral_energyband_low.stdev": 0.04649621620774269, "lowlevel.spectral_energyband_middle_high.mean": 0.003283742582425475, "lowlevel.spectral_energyband_middle_high.stdev": 0.005189794115722179, "lowlevel.spectral_energyband_middle_low.mean": 0.00528643699362874, "lowlevel.spectral_energyband_middle_low.stdev": 0.010664802975952625, "lowlevel.spectral_entropy.mean": 7.653120040893555, "lowlevel.spectral_entropy.stdev": 0.6330832839012146, "lowlevel.spectral_flux.mean": 0.08761193603277206, "lowlevel.spectral_flux.stdev": 0.08988742530345917, "lowlevel.spectral_kurtosis.mean": 3.945488929748535, "lowlevel.spectral_kurtosis.stdev": 4.348093509674072, "lowlevel.spectral_rms.mean": 0.004833911545574665, "lowlevel.spectral_rms.stdev": 0.003367404453456402, "lowlevel.spectral_rolloff.mean": 1625.48779296875, "lowlevel.spectral_rolloff.stdev": 1988.0455322265625, "lowlevel.spectral_skewness.mean": 1.4979557991027832, "lowlevel.spectral_skewness.stdev": 0.6351956725120544, "lowlevel.spectral_spread.mean": 5644166.0, "lowlevel.spectral_spread.stdev": 1917149.5, "lowlevel.spectral_strongpeak.mean": 0.572601854801178, "lowlevel.spectral_strongpeak.stdev": 0.9679737687110901, "lowlevel.zerocrossingrate.mean": 0.0666201189160347, "lowlevel.zerocrossingrate.stdev": 0.05334746465086937, "metadata.audio_properties.analysis.equal_loudness": 0.0, "metadata.audio_properties.analysis.length": 40.04265213012695, "metadata.audio_properties.analysis.sample_rate": 44100.0, "metadata.audio_properties.analysis.start_time": 0.0, "metadata.audio_properties.bit_rate": 120508.0, "metadata.audio_properties.length": 40.042667388916016, "metadata.audio_properties.lossless": 0.0, "metadata.audio_properties.number_channels": 1.0, "metadata.audio_properties.replay_gain": -10.970224380493164, "metadata.audio_properties.sample_rate": 48000.0, "rhythm.beats_count": 63.0, "rhythm.beats_loudness.mean": 0.06827735155820847, "rhythm.beats_loudness.stdev": 0.05818584933876991, "rhythm.bpm": 94.24195098876953, "rhythm.bpm_histogram_first_peak_bpm": 94.0, "rhythm.bpm_histogram_first_peak_weight": 0.4482758641242981, "rhythm.bpm_histogram_second_peak_bpm": 103.0, "rhythm.bpm_histogram_second_peak_spread": 0.3333333134651184, "rhythm.bpm_histogram_second_peak_weight": 0.032258063554763794, "rhythm.danceability": 1.3980295658111572, "rhythm.onset_rate": 3.5451767444610596, "tonal.chords_changes_rate": 0.05324074253439903, "tonal.chords_number_rate": 0.0069444444961845875, "tonal.chords_strength.mean": 0.541763424873352, "tonal.chords_strength.stdev": 0.06947407126426697, "tonal.hpcp_crest.mean": 12.254984855651855, "tonal.hpcp_crest.stdev": 6.180111885070801, "tonal.hpcp_entropy.mean": 2.2989375591278076, "tonal.hpcp_entropy.stdev": 0.8603416681289673, "tonal.key_edma.strength": 0.7148041725158691, "tonal.key_krumhansl.strength": 0.7250016927719116, "tonal.key_temperley.strength": 0.7321479916572571, "tonal.tuning_diatonic_strength": 0.6240353584289551, "tonal.tuning_equal_tempered_deviation": 0.2037775218486786, "tonal.tuning_frequency": 434.193115234375, "tonal.tuning_nontempered_energy_ratio": 0.9281872510910034, "lowlevel.barkbands.mean": [0.001614631968550384, 0.016405826434493065, 0.0074253082275390625, 0.0011881478130817413, 0.0015496406704187393, 0.00036050198832526803, 0.0009259777725674212, 0.0006663859239779413, 0.000460552197182551, 0.0003046504280064255, 0.0002907324524130672, 0.0004288918280508369, 0.000378254713723436, 0.0003787835012190044, 0.0004327086789999157, 0.00027426276938058436, 0.0003117691958323121, 0.0002096714888466522, 0.00023155417875386775, 0.0002529693010728806, 0.000285500253085047, 0.0003269808366894722, 0.00034049400710500777, 0.00023702956968918443, 0.00018500910664442927, 0.00010622583795338869, 1.3161416063667275e-06], "lowlevel.barkbands.stdev": [0.003929533530026674, 0.030757321044802666, 0.02043023891746998, 0.004428858403116465, 0.005111924838274717, 0.0008298109169118106, 0.0035849674604833126, 0.003427977906540036, 0.0019571236334741116, 0.0012346908915787935, 0.0009035689872689545, 0.0011176764965057373, 0.0012850757921114564, 0.0008773437002673745, 0.0010167494183406234, 0.0005615303525701165, 0.0006373029318638146, 0.00038172301719896495, 0.00044294961844570935, 0.000539371045306325, 0.0005644889315590262, 0.000676644966006279, 0.0006290376768447459, 0.0004393491835799068, 0.0003609546984080225, 0.00021819279936607927, 4.646064098778879e-06], "lowlevel.erbbands.mean": [0.5591043829917908, 3.3066933155059814, 9.36427116394043, 5.406803131103516, 4.269353866577148, 5.536126136779785, 3.9137048721313477, 2.4727580547332764, 7.427019119262695, 22.67682456970215, 9.452140808105469, 9.222683906555176, 12.949121475219727, 9.496787071228027, 12.823348999023438, 21.002437591552734, 17.613561630249023, 21.237627029418945, 23.234298706054688, 17.766597747802734, 16.98276710510254, 15.024693489074707, 11.708803176879883, 12.233508110046387, 11.521195411682129, 11.863337516784668, 12.151171684265137, 10.80372142791748, 12.151137351989746, 12.008328437805176, 8.651284217834473, 5.361006736755371, 3.805342674255371, 2.3985087871551514, 1.1263072490692139, 0.5517082810401917, 0.1774034947156906, 0.019756803289055824, 0.0004083576495759189, 5.974312807666138e-05], "lowlevel.erbbands.stdev": [1.1751272678375244, 6.893838405609131, 24.223581314086914, 17.08699607849121, 13.306867599487305, 19.2917423248291, 10.951515197753906, 5.4032182693481445, 26.574357986450195, 105.48889923095703, 27.64467430114746, 34.16055679321289, 52.730411529541016, 32.904693603515625, 32.722862243652344, 53.85944366455078, 60.52838134765625, 48.85533142089844, 60.06360626220703, 35.44142150878906, 31.51372718811035, 26.843698501586914, 21.002079010009766, 23.0072021484375, 22.950958251953125, 24.61579704284668, 24.73508644104004, 21.77588653564453, 24.97341537475586, 23.89143943786621, 16.06887435913086, 9.886957168579102, 7.25284481048584, 4.683547496795654, 2.2474019527435303, 1.1265144348144531, 0.3716922402381897, 0.04519839212298393, 0.0008731911657378078, 7.852804264985025e-05], "lowlevel.gfcc.mean": [-51.89353942871094, 61.935638427734375, -103.49168395996094, 39.050540924072266, -47.202720642089844, 31.337055206298828, -35.377586364746094, 12.340907096862793, -17.694778442382812, 8.780529022216797, -13.281315803527832, 3.7711129188537598, -13.309165954589844], "lowlevel.melbands.mean": [0.004670632071793079, 0.004521861206740141, 0.0009202890214510262, 0.0003620831703301519, 0.00015388168685603887, 5.9252764913253486e-05, 0.00013539716019295156, 0.00023319381580222398, 6.233078602235764e-05, 6.505779310828075e-05, 6.431013025576249e-05, 3.641312287072651e-05, 4.098515637451783e-05, 5.052792403148487e-05, 4.5187061914475635e-05, 3.608376209740527e-05, 3.9084690797608346e-05, 3.638224006863311e-05, 2.5266997909056954e-05, 2.235416650364641e-05, 2.0258417862351052e-05, 1.6593756299698725e-05, 1.2023829185636714e-05, 1.0205999387835618e-05, 9.779150786926039e-06, 8.471106411889195e-06, 7.987274329934735e-06, 7.818866833986249e-06, 7.702473340032157e-06, 6.92289404469193e-06, 6.02730051468825e-06, 6.92078583597322e-06, 6.27793224339257e-06, 7.004831786616705e-06, 5.17498301633168e-06, 3.823857696261257e-06, 3.1161778224486625e-06, 2.759954213615856e-06, 2.3159798274718923e-06, 1.937961769726826e-06], "lowlevel.melbands.stdev": [0.008934469893574715, 0.010449986904859543, 0.002712331712245941, 0.0012302544200792909, 0.0004430865519680083, 0.00012838348629884422, 0.0004957703640684485, 0.0011184861650690436, 0.00016455873264931142, 0.0002711472916416824, 0.00026658232673071325, 0.00013614394993055612, 0.0001193438729387708, 0.00012703445099759847, 0.0001374957209918648, 9.817529644351453e-05, 9.428782504983246e-05, 9.539720485918224e-05, 5.2222454542061314e-05, 4.979506047675386e-05, 4.06791441491805e-05, 3.069250305998139e-05, 2.6593103029881604e-05, 1.909235470520798e-05, 1.9178496586391702e-05, 1.7233163816854358e-05, 1.742661333992146e-05, 1.654786683502607e-05, 1.6489793779328465e-05, 1.4164587810228113e-05, 1.2571732440846972e-05, 1.4414510587812401e-05, 1.3358678188524209e-05, 1.388192868034821e-05, 9.86053237284068e-06, 7.113971150829457e-06, 5.9605645219562575e-06, 5.4495981203217525e-06, 4.43099315816653e-06, 3.91147796108271e-06], "lowlevel.melbands128.mean": [0.0015159082831814885, 0.004951725248247385, 0.0052224090322852135, 0.005598131567239761, 0.005667105782777071, 0.0029268325306475163, 0.0010706562316045165, 0.00047010209527797997, 0.000398153904825449, 0.0004239993286319077, 0.000307431910187006, 0.00018179403559770435, 0.00014638426364399493, 6.929161463631317e-05, 3.7274399801390246e-05, 6.548425881192088e-05, 8.023354166653007e-05, 0.00011765492672566324, 0.00023168206098489463, 0.0003375486994627863, 0.00018406800518278033, 6.800743722124025e-05, 6.166820821817964e-05, 3.065513010369614e-05, 4.416556112118997e-05, 8.253395208157599e-05, 0.00010926146933343261, 6.052594108041376e-05, 2.5849340090644546e-05, 4.274620732758194e-05, 3.154300793539733e-05, 4.1038587369257584e-05, 4.5990953367436305e-05, 4.225927477818914e-05, 2.385592961218208e-05, 7.102229574229568e-05, 6.895024853292853e-05, 2.4934406610555016e-05, 5.357528789318167e-05, 3.4273587516508996e-05, 2.514497646188829e-05, 4.9847869377117604e-05, 4.049124981975183e-05, 3.768930764636025e-05, 2.056252196780406e-05, 4.539841756923124e-05, 4.50740844826214e-05, 1.6950110875768587e-05, 2.1295243641361594e-05, 2.7225523808738217e-05, 2.2822006940259598e-05, 1.7445914636482485e-05, 1.6813404727145098e-05, 2.4198532628361136e-05, 2.319477243872825e-05, 1.3371696695685387e-05, 1.2528929801192135e-05, 1.6153922842931934e-05, 9.907843377732206e-06, 8.526335477654357e-06, 1.1464449016784783e-05, 9.140641850535758e-06, 1.1956502930843271e-05, 9.513664736005012e-06, 7.419748726533726e-06, 9.020795914693736e-06, 8.589145181758795e-06, 7.734804967185482e-06, 7.953551175887696e-06, 8.343528861587401e-06, 7.2464799814042635e-06, 7.973962055984885e-06, 8.23922709969338e-06, 7.4882809713017195e-06, 7.063359589665197e-06, 7.911925422376953e-06, 6.371801646309905e-06, 5.679741207131883e-06, 6.2753706515650265e-06, 5.720263288822025e-06, 6.779120667488314e-06, 7.780151463521179e-06, 6.745538485120051e-06, 5.737416813644813e-06, 6.0143643167975824e-06, 7.561240181530593e-06, 7.227184141811449e-06, 6.152205060061533e-06, 4.887382146989694e-06, 4.821879883820657e-06, 4.144518243265338e-06, 3.72152021554939e-06, 2.9257557798700873e-06, 3.166602027704357e-06, 3.11197004521091e-06, 3.017794369952753e-06, 2.6182660803897306e-06, 2.4524640593881486e-06, 2.429387905067415e-06, 2.2397084649128374e-06, 2.0141499135206686e-06, 2.059273811028106e-06, 1.5600788856318104e-06, 1.4486365671473322e-06, 1.0821107707670308e-06, 1.1129902759421384e-06, 1.2349936469036038e-06, 1.1498195817694068e-06, 9.336905577583821e-07, 7.75386411078216e-07, 7.947700737531704e-07, 6.581486786672031e-07, 5.646740532938566e-07, 4.3396877913437493e-07, 3.5711343571165344e-07, 2.2502402430291113e-07, 5.630300847769831e-08, 1.0250916782084118e-09, 3.8196040080817895e-11, 2.7134027663633375e-11, 7.667026735713733e-11, 3.890175681586783e-11, 5.783260589170558e-12, 5.477522081742681e-12, 5.0309214259802726e-12, 4.512697507341734e-12, 4.259700665115718e-12, 4.206840605036621e-12], "lowlevel.melbands128.stdev": [0.00373260211199522, 0.011321382597088814, 0.011280873790383339, 0.012809351086616516, 0.014610559679567814, 0.008383662439882755, 0.003736339509487152, 0.0017984384903684258, 0.0013211284531280398, 0.0017318701138719916, 0.001129438285715878, 0.0005804512184113264, 0.0004294452955946326, 0.00022533131414093077, 0.00012166491069365293, 0.0001417600578861311, 0.00023886073904577643, 0.0006631356664001942, 0.0010971748270094395, 0.0017440513474866748, 0.0012828210601583123, 0.00019585464906413108, 0.00019078889454249293, 0.00010675827070372179, 0.00020679137378465384, 0.0005042657139711082, 0.0005563587183132768, 0.0003732066252268851, 0.0001465092645958066, 0.00020737358136102557, 0.00017168786143884063, 0.00018489417561795563, 0.00015347922453656793, 0.00015666178660467267, 0.00010028522956417874, 0.0002226328942924738, 0.00020871950255241245, 0.00011256317520746961, 0.00031978433253243566, 0.00013434307766146958, 7.150875171646476e-05, 0.00018206267850473523, 0.00011854486365336925, 0.00011465071293059736, 6.297655636444688e-05, 0.00014745190856046975, 0.00015878304839134216, 4.501425792113878e-05, 5.6005264923442155e-05, 7.859555626055226e-05, 7.951779844006523e-05, 4.472243381314911e-05, 4.028822877444327e-05, 7.155592174967751e-05, 5.986984615447e-05, 2.840642446244601e-05, 2.7537067580851726e-05, 5.422309186542407e-05, 2.1097050193930045e-05, 1.7755130102159455e-05, 2.6285541025572456e-05, 1.9980767319793813e-05, 2.936237069661729e-05, 2.0795498130610213e-05, 1.7076818039640784e-05, 2.1216377717792057e-05, 1.889356099127326e-05, 1.9538816559361294e-05, 1.951124613697175e-05, 2.1599664250970818e-05, 1.6244292055489495e-05, 1.888128463178873e-05, 2.1078629288240336e-05, 1.6989870346151292e-05, 1.5649115084670484e-05, 1.8134440324502066e-05, 1.482175230194116e-05, 1.286629048991017e-05, 1.4130213457974605e-05, 1.2799616342817899e-05, 1.6054109437391162e-05, 1.745940971886739e-05, 1.5372643247246742e-05, 1.3536192454921547e-05, 1.4882673895044718e-05, 1.6368236174457707e-05, 1.4773236216569785e-05, 1.318479553447105e-05, 1.0199702046520542e-05, 9.797282473300584e-06, 8.43448651721701e-06, 7.338109298871132e-06, 5.96181735090795e-06, 6.602438588743098e-06, 6.4698128880991135e-06, 6.428665074054152e-06, 5.789907845610287e-06, 5.058479928266024e-06, 4.923358574160375e-06, 4.618885668605799e-06, 4.308697043597931e-06, 4.447643277671887e-06, 3.4225899980810937e-06, 3.189917379131657e-06, 2.3849570425227284e-06, 2.3261316073330818e-06, 2.5607203042454785e-06, 2.420680402792641e-06, 2.145117605323321e-06, 1.6986847413136275e-06, 1.8769992493616883e-06, 1.4719983028044226e-06, 1.266211484107771e-06, 1.037578726936772e-06, 8.803251034805726e-07, 6.25613779448031e-07, 1.856386546705835e-07, 5.081057352640528e-09, 1.0155981611248421e-09, 5.036707162453524e-10, 2.4342088345008506e-09, 1.3237477780592144e-09, 3.786579730324924e-11, 3.110735627420702e-11, 2.0700469116619047e-11, 1.098406782196193e-11, 8.73589915684203e-12, 8.605794028782032e-12], "lowlevel.mfcc.mean": [-698.31640625, 93.88490295410156, 8.307518005371094, 17.3394718170166, 15.394621849060059, 18.358211517333984, 3.2818105220794678, 7.597531795501709, 1.5531880855560303, 5.393775463104248, 4.499711036682129, 5.19557523727417, 4.532886505126953], "lowlevel.spectral_contrast_coeffs.mean": [-0.6897059679031372, -0.7760233879089355, -0.7833199501037598, -0.8048694729804993, -0.8135847449302673, -0.7720845937728882], "lowlevel.spectral_contrast_coeffs.stdev": [0.091190867125988, 0.09245982021093369, 0.0857829675078392, 0.06454002857208252, 0.03932533040642738, 0.04181072488427162], "lowlevel.spectral_contrast_valleys.mean": [-7.600227355957031, -7.76469087600708, -8.1481351852417, -8.14553451538086, -8.091391563415527, -10.426704406738281], "lowlevel.spectral_contrast_valleys.stdev": [2.0693471431732178, 1.1378165483474731, 1.1940134763717651, 1.3409371376037598, 1.5206843614578247, 1.6962465047836304], "rhythm.beats_loudness_band_ratio.mean": [0.4111522436141968, 0.12629644572734833, 0.09494630992412567, 0.13457870483398438, 0.1106957420706749, 0.16584306955337524], "rhythm.beats_loudness_band_ratio.stdev": [0.35960304737091064, 0.11649992316961288, 0.1048363670706749, 0.1397554576396942, 0.08225955814123154, 0.15108443796634674], "tonal.hpcp.mean": [0.11623384058475494, 0.10290101915597916, 0.04332800582051277, 0.026493359357118607, 0.029683521017432213, 0.03947200998663902, 0.0795292779803276, 0.08763109892606735, 0.06729475408792496, 0.1145901009440422, 0.1003841683268547, 0.034321658313274384, 0.026256730780005455, 0.028482703492045403, 0.038386981934309006, 0.23648551106452942, 0.31044256687164307, 0.109695203602314, 0.026574769988656044, 0.028343789279460907, 0.027834972366690636, 0.0430816188454628, 0.06997531652450562, 0.07203281670808792, 0.05542207509279251, 0.050049494951963425, 0.052020736038684845, 0.07594584673643112, 0.08720217645168304, 0.11874647438526154, 0.503505527973175, 0.5348373055458069, 0.14426131546497345, 0.05676325783133507, 0.05047981068491936, 0.06894268095493317], "tonal.hpcp.stdev": [0.23610080778598785, 0.2113593965768814, 0.12239319086074829, 0.10885307937860489, 0.12289571762084961, 0.14116927981376648, 0.147099569439888, 0.15020333230495453, 0.15069638192653656, 0.2714427709579468, 0.2408539056777954, 0.10320933908224106, 0.08994647860527039, 0.09818051010370255, 0.11473201960325241, 0.3110578656196594, 0.3905917704105377, 0.15983177721500397, 0.09514851868152618, 0.11857187002897263, 0.11188269406557083, 0.14035888016223907, 0.198426753282547, 0.20723500847816467, 0.1643964797258377, 0.16609662771224976, 0.16390804946422577, 0.15938322246074677, 0.16216395795345306, 0.1822364777326584, 0.38340291380882263, 0.4073704183101654, 0.20055612921714783, 0.16377636790275574, 0.16635441780090332, 0.19241635501384735], "rhythm.beats_position": [0.5688889026641846, 1.1493877172470093, 1.7182766199111938, 2.2987754344940186, 2.972154140472412, 3.6107029914855957, 4.260861396789551, 4.911020278930664, 5.561179161071777, 6.211337566375732, 6.849886417388916, 7.4884352684021, 8.126983642578125, 8.765532493591309, 9.404081344604492, 10.031020164489746, 10.66956901550293, 11.308117866516113, 11.935056686401367, 12.57360553741455, 13.212154388427734, 13.839092254638672, 14.466031074523926, 15.116189956665039, 15.743128776550293, 16.381677627563477, 17.020225524902344, 17.647165298461914, 18.28571319580078, 18.92426300048828, 19.55120086669922, 20.18975067138672, 20.828298568725586, 21.455238342285156, 22.082176208496094, 22.720726013183594, 23.35927391052246, 23.997821807861328, 24.636371612548828, 25.263309478759766, 25.901859283447266, 26.540407180786133, 27.167346954345703, 27.80589485168457, 28.44444465637207, 29.071382522583008, 29.721542358398438, 30.348480224609375, 30.975418090820312, 31.613967895507812, 32.25251770019531, 32.87945556640625, 33.52961349487305, 34.156551361083984, 34.78349304199219, 35.42203903198242, 36.06058883666992, 36.69913864135742, 37.337684631347656, 37.976234436035156, 38.614784240722656, 39.241722106933594, 39.86865997314453], "rhythm.bpm_histogram": [0.0, 0.0, 0.0, 0.0, 0.0, 0.0, 0.0, 0.0, 0.0, 0.0, 0.0, 0.0, 0.0, 0.0, 0.0, 0.0, 0.0, 0.0, 0.0, 0.0, 0.0, 0.0, 0.0, 0.0, 0.0, 0.0, 0.0, 0.0, 0.0, 0.0, 0.0, 0.0, 0.0, 0.0, 0.0, 0.0, 0.0, 0.0, 0.0, 0.0, 0.0, 0.0, 0.0, 0.0, 0.0, 0.0, 0.0, 0.0, 0.0, 0.0, 0.0, 0.0, 0.0, 0.0, 0.0, 0.0, 0.0, 0.0, 0.0, 0.0, 0.0, 0.0, 0.0, 0.0, 0.0, 0.0, 0.0, 0.0, 0.0, 0.0, 0.0, 0.0, 0.0, 0.0, 0.0, 0.0, 0.0, 0.0, 0.0, 0.0, 0.0, 0.0, 0.0, 0.0, 0.0, 0.0, 0.0, 0.0, 0.0, 0.016129031777381897, 0.0, 0.0, 0.11290322244167328, 0.0, 0.5161290168762207, 0.0, 0.30645161867141724, 0.0, 0.0, 0.0, 0.0, 0.0, 0.0, 0.032258063554763794, 0.0, 0.016129031777381897, 0.0, 0.0, 0.0, 0.0, 0.0, 0.0, 0.0, 0.0, 0.0, 0.0, 0.0, 0.0, 0.0, 0.0, 0.0, 0.0, 0.0, 0.0, 0.0, 0.0, 0.0, 0.0, 0.0, 0.0, 0.0, 0.0, 0.0, 0.0, 0.0, 0.0, 0.0, 0.0, 0.0, 0.0, 0.0, 0.0, 0.0, 0.0, 0.0, 0.0, 0.0, 0.0, 0.0, 0.0, 0.0, 0.0, 0.0, 0.0, 0.0, 0.0, 0.0, 0.0, 0.0, 0.0, 0.0, 0.0, 0.0, 0.0, 0.0, 0.0, 0.0, 0.0, 0.0, 0.0, 0.0, 0.0, 0.0, 0.0, 0.0, 0.0, 0.0, 0.0, 0.0, 0.0, 0.0, 0.0, 0.0, 0.0, 0.0, 0.0, 0.0, 0.0, 0.0, 0.0, 0.0, 0.0, 0.0, 0.0, 0.0, 0.0, 0.0, 0.0, 0.0, 0.0, 0.0, 0.0, 0.0, 0.0, 0.0, 0.0, 0.0, 0.0, 0.0, 0.0, 0.0, 0.0, 0.0, 0.0, 0.0, 0.0, 0.0, 0.0, 0.0, 0.0, 0.0, 0.0, 0.0, 0.0, 0.0, 0.0, 0.0, 0.0, 0.0, 0.0, 0.0, 0.0, 0.0, 0.0, 0.0, 0.0, 0.0, 0.0, 0.0, 0.0, 0.0, 0.0, 0.0, 0.0, 0.0, 0.0, 0.0, 0.0, 0.0, 0.0], "tonal.chords_histogram": [60.41666793823242, 0.0, 0.0, 0.0, 0.0, 0.0, 1.9675925970077515, 0.0, 0.0, 0.0, 0.0, 0.0, 0.0, 1.1574074029922485, 0.0, 1.0416666269302368, 0.0, 0.23148147761821747, 0.0, 0.0, 0.0, 0.0, 30.90277862548828, 4.282407283782959], "tonal.thpcp": [1.0, 0.269729346036911, 0.10613182187080383, 0.09438348561525345, 0.12890402972698212, 0.2173255980014801, 0.1923968642950058, 0.081011563539505, 0.0495353601872921, 0.0555000938475132, 0.0738019049167633, 0.14869807660579681, 0.16384626924991608, 0.12582285702228546, 0.2142522633075714, 0.18769103288650513, 0.06417214870452881, 0.04909292981028557, 0.05325489118695259, 0.07177319377660751, 0.44216346740722656, 0.5804429650306702, 0.2051001340150833, 0.04968757554888725, 0.05299516022205353, 0.05204381048679352, 0.08055088669061661, 0.13083477318286896, 0.13468173146247864, 0.10362417250871658, 0.09357891231775284, 0.0972645953297615, 0.1419980376958847, 0.1630443036556244, 0.22202354669570923, 0.9414181113243103], "lowlevel.gfcc.cov": [[15140.970703125, -1238.3114013671875, 968.99267578125, 2773.314208984375, 116.45083618164062, 1118.0538330078125, 351.0247802734375, 675.2733764648438, -261.8724060058594, 372.2771301269531, -605.6517944335938, 51.706050872802734, -385.2420349121094], [-1238.3114013671875, 2499.2919921875, 526.4690551757812, 650.5396118164062, 787.2362060546875, 137.60643005371094, 693.2678833007812, 16.252042770385742, 400.9949035644531, -334.2737731933594, 165.4286346435547, -453.7534484863281, 172.14532470703125], [968.99267578125, 526.4690551757812, 1640.5751953125, 1549.167236328125, 744.827392578125, 558.6044311523438, 649.7479248046875, 326.5107116699219, 111.15782928466797, -92.7247085571289, -93.09064483642578, -271.31036376953125, -31.522432327270508], [2773.314208984375, 650.5396118164062, 1549.167236328125, 2396.183349609375, 1053.263427734375, 859.5517578125, 856.7295532226562, 414.81390380859375, 169.1650390625, -64.78297424316406, -130.7005157470703, -369.5302429199219, -42.57817840576172], [116.45083618164062, 787.2362060546875, 744.827392578125, 1053.263427734375, 828.498779296875, 412.3612976074219, 501.2695617675781, 117.5868148803711, 141.41275024414062, -106.1938705444336, 8.36567211151123, -246.1842041015625, 22.90950584411621], [1118.0538330078125, 137.60643005371094, 558.6044311523438, 859.5517578125, 412.3612976074219, 445.52252197265625, 357.5081787109375, 182.0738983154297, 47.03219223022461, -5.102528095245361, -55.30979919433594, -122.50366973876953, -29.95342445373535], [351.0247802734375, 693.2678833007812, 649.7479248046875, 856.7295532226562, 501.2695617675781, 357.5081787109375, 575.3353881835938, 205.3190155029297, 168.08790588378906, -95.32027435302734, -0.4881894588470459, -221.96011352539062, 9.492959976196289], [675.2733764648438, 16.252042770385742, 326.5107116699219, 414.81390380859375, 117.5868148803711, 182.0738983154297, 205.3190155029297, 199.83920288085938, 62.228477478027344, 14.37092399597168, -45.83717727661133, -57.40342330932617, -31.481094360351562], [-261.8724060058594, 400.9949035644531, 111.15782928466797, 169.1650390625, 141.41275024414062, 47.03219223022461, 168.08790588378906, 62.228477478027344, 161.70716857910156, -22.112390518188477, 38.21240997314453, -95.15694427490234, 26.264379501342773], [372.2771301269531, -334.2737731933594, -92.7247085571289, -64.78297424316406, -106.1938705444336, -5.102528095245361, -95.32027435302734, 14.37092399597168, -22.112390518188477, 116.23947143554688, -8.218835830688477, 66.73213958740234, -39.909751892089844], [-605.6517944335938, 165.4286346435547, -93.09064483642578, -130.7005157470703, 8.36567211151123, -55.30979919433594, -0.4881894588470459, -45.83717727661133, 38.21240997314453, -8.218835830688477, 89.93644714355469, 1.3670803308486938, 31.995925903320312], [51.706050872802734, -453.7534484863281, -271.31036376953125, -369.5302429199219, -246.1842041015625, -122.50366973876953, -221.96011352539062, -57.40342330932617, -95.15694427490234, 66.73213958740234, 1.3670803308486938, 170.48219299316406, -13.593600273132324], [-385.2420349121094, 172.14532470703125, -31.522432327270508, -42.57817840576172, 22.90950584411621, -29.95342445373535, 9.492959976196289, -31.481094360351562, 26.264379501342773, -39.909751892089844, 31.995925903320312, -13.593600273132324, 70.98160552978516]], "lowlevel.gfcc.icov": [[0.00019082862127106637, -0.000247860822128132, 0.0001909769925987348, -0.00045323988888412714, 0.00040693828486837447, -0.00026567536406219006, 0.00013606352149508893, -0.00012020285066682845, 0.0003067386569455266, -0.0004115088377147913, 0.0007283430895768106, -0.0005071631749160588, 0.00036447629099711776], [-0.000247860822128132, 0.002184942364692688, -0.00017180958820972592, 0.0006178171606734395, -0.00113138637971133, 0.0012064704205840826, -0.0012810422340407968, 0.0011915244394913316, -0.002414131537079811, 0.0027801517862826586, -0.001926590222865343, 0.0024238748010247946, -0.0009867693297564983], [0.0001909769925987348, -0.00017180958820972592, 0.0020597348921000957, -0.0012651855358853936, -0.0001606699515832588, 0.0004261526046320796, -0.00037282457924447954, -0.0015203417278826237, 0.0012817269889637828, 0.00017234822735190392, 0.0006988912355154753, -0.00022203786647878587, 0.0004813158593606204], [-0.00045323988888412714, 0.0006178171606734395, -0.0012651855358853936, 0.003623250173404813, -0.0021198883187025785, -0.0012954811099916697, -0.0005477023078128695, -0.000464737560832873, -0.00041064104880206287, -0.0002733699220698327, -0.00035427065449766815, 0.0025050577241927385, -0.0017043610569089651], [0.00040693828486837447, -0.00113138637971133, -0.0001606699515832588, -0.0021198883187025785, 0.006138430908322334, -0.0031282317359000444, -0.000293149845674634, 0.0031176628544926643, -0.000288855517283082, -0.0001460928760934621, 0.0002492351341061294, -0.0006865334580652416, 0.0015110485255718231], [-0.00026567536406219006, 0.0012064704205840826, 0.0004261526046320796, -0.0012954811099916697, -0.0031282317359000444, 0.011659324169158936, -0.004460105672478676, -0.002142036333680153, 0.0029169763438403606, -0.0023041379172354937, -6.150696208351292e-06, 0.0008986795437522233, -0.0015794459031894803], [0.00013606352149508893, -0.0012810422340407968, -0.00037282457924447954, -0.0005477023078128695, -0.000293149845674634, -0.004460105672478676, 0.01108461245894432, -0.005336761474609375, -0.0021213532891124487, 0.004050265531986952, -0.002846919000148773, 0.0012112107360735536, 0.002291770651936531], [-0.00012020285066682845, 0.0011915244394913316, -0.0015203417278826237, -0.000464737560832873, 0.0031176628544926643, -0.002142036333680153, -0.005336761474609375, 0.01756519265472889, -0.007789417169988155, -0.000558887084480375, 0.004590908996760845, -0.0022836800199002028, 0.002159122144803405], [0.0003067386569455266, -0.002414131537079811, 0.0012817269889637828, -0.00041064104880206287, -0.000288855517283082, 0.0029169763438403606, -0.0021213532891124487, -0.007789417169988155, 0.020080726593732834, -0.00888737477362156, -0.0028856899589300156, 0.005307679530233145, -0.004114327020943165], [-0.0004115088377147913, 0.0027801517862826586, 0.00017234822735190392, -0.0002733699220698327, -0.0001460928760934621, -0.0023041379172354937, 0.004050265531986952, -0.000558887084480375, -0.00888737477362156, 0.023395631462335587, -0.006695657968521118, -0.0029934889171272516, 0.008109651505947113], [0.0007283430895768106, -0.001926590222865343, 0.0006988912355154753, -0.00035427065449766815, 0.0002492351341061294, -6.150696208351292e-06, -0.002846919000148773, 0.004590908996760845, -0.0028856899589300156, -0.006695657968521118, 0.024102719500660896, -0.006288411561399698, -0.0037087821401655674], [-0.0005071631749160588, 0.0024238748010247946, -0.00022203786647878587, 0.0025050577241927385, -0.0006865334580652416, 0.0008986795437522233, 0.0012112107360735536, -0.0022836800199002028, 0.005307679530233145, -0.0029934889171272516, -0.006288411561399698, 0.021841222420334816, -0.004430579487234354], [0.00036447629099711776, -0.0009867693297564983, 0.0004813158593606204, -0.0017043610569089651, 0.0015110485255718231, -0.0015794459031894803, 0.002291770651936531, 0.002159122144803405, -0.004114327020943165, 0.008109651505947113, -0.0037087821401655674, -0.004430579487234354, 0.024053053930401802]], "lowlevel.mfcc.cov": [[14799.876953125, -2366.4609375, 1035.7176513671875, 1574.5791015625, 404.5793762207031, 790.2472534179688, 539.1608276367188, 522.3685302734375, 558.9788208007812, 310.39569091796875, 165.05259704589844, 8.528908729553223, -41.869140625], [-2366.4609375, 1941.498291015625, -148.79222106933594, 70.91179656982422, 75.09197998046875, 19.263721466064453, 71.09795379638672, 120.89055633544922, 102.40003967285156, 57.024169921875, 33.97225570678711, 36.98027420043945, -11.558388710021973], [1035.7176513671875, -148.79222106933594, 1123.5284423828125, 979.2803344726562, 444.35443115234375, 429.4371643066406, 520.033203125, 426.062255859375, 413.551513671875, 254.2100830078125, 152.53225708007812, 33.373390197753906, -47.12514114379883], [1574.5791015625, 70.91179656982422, 979.2803344726562, 1482.310546875, 718.6838989257812, 717.5277099609375, 711.068115234375, 568.330810546875, 558.2916259765625, 360.2622375488281, 196.4909210205078, 80.17720031738281, -52.88677978515625], [404.5793762207031, 75.09197998046875, 444.35443115234375, 718.6838989257812, 518.474609375, 422.0906982421875, 376.50811767578125, 261.7134704589844, 257.751708984375, 167.6771697998047, 80.60971069335938, 42.982730865478516, -28.70307159423828], [790.2472534179688, 19.263721466064453, 429.4371643066406, 717.5277099609375, 422.0906982421875, 495.7652893066406, 419.6938171386719, 299.1775817871094, 280.5386657714844, 186.55331420898438, 103.86314392089844, 53.96157455444336, -31.717294692993164], [539.1608276367188, 71.09795379638672, 520.033203125, 711.068115234375, 376.50811767578125, 419.6938171386719, 485.97735595703125, 352.5937805175781, 308.8680114746094, 195.14224243164062, 113.48653411865234, 53.565879821777344, -35.62678527832031], [522.3685302734375, 120.89055633544922, 426.062255859375, 568.330810546875, 261.7134704589844, 299.1775817871094, 352.5937805175781, 345.75567626953125, 286.9887390136719, 172.22032165527344, 98.85157012939453, 44.71781539916992, -16.683252334594727], [558.9788208007812, 102.40003967285156, 413.551513671875, 558.2916259765625, 257.751708984375, 280.5386657714844, 308.8680114746094, 286.9887390136719, 317.64080810546875, 194.66542053222656, 104.14383697509766, 45.26851272583008, -17.537731170654297], [310.39569091796875, 57.024169921875, 254.2100830078125, 360.2622375488281, 167.6771697998047, 186.55331420898438, 195.14224243164062, 172.22032165527344, 194.66542053222656, 167.98374938964844, 89.88333892822266, 36.2268180847168, -12.807682991027832], [165.05259704589844, 33.97225570678711, 152.53225708007812, 196.4909210205078, 80.60971069335938, 103.86314392089844, 113.48653411865234, 98.85157012939453, 104.14383697509766, 89.88333892822266, 99.31430053710938, 45.3196907043457, 0.914771556854248], [8.528908729553223, 36.98027420043945, 33.373390197753906, 80.17720031738281, 42.982730865478516, 53.96157455444336, 53.565879821777344, 44.71781539916992, 45.26851272583008, 36.2268180847168, 45.3196907043457, 71.32437133789062, 25.841100692749023], [-41.869140625, -11.558388710021973, -47.12514114379883, -52.88677978515625, -28.70307159423828, -31.717294692993164, -35.62678527832031, -16.683252334594727, -17.537731170654297, -12.807682991027832, 0.914771556854248, 25.841100692749023, 58.37879943847656]], "lowlevel.mfcc.icov": [[0.00011519736290210858, 0.00014460213424172252, 5.079208131064661e-05, -0.00023726698418613523, 0.00026052267639897764, -0.00024517319980077446, 0.0002575773105490953, -9.783934365259483e-05, -0.0001579401723574847, 0.00015901982260402292, -1.2788917956640944e-05, 7.194993668235838e-05, 1.72154868778307e-05], [0.00014460213424172252, 0.0007885796367190778, 0.00043088675010949373, -0.0002929652400780469, -2.9100943720550276e-05, 0.0002138657873729244, 0.00026400579372420907, -0.0006311187171377242, -0.000484310818137601, 0.0002726087113842368, -0.0001519886718597263, -0.00012333838094491512, 0.0003961920738220215], [5.079208131064661e-05, 0.00043088675010949373, 0.0028197113424539566, -0.0015109890373423696, -0.0002097706455970183, 0.0017312293639406562, -0.0014559644041582942, -0.00029958481900393963, -0.0011335881426930428, 0.0008067872258834541, -0.0014492548070847988, 0.001436192891560495, 0.0001157927981694229], [-0.00023726698418613523, -0.0002929652400780469, -0.0015109890373423696, 0.005612072069197893, -0.0030138015281409025, -0.0016311310464516282, -0.0004667380708269775, -0.0008695264696143568, -0.0015503853792324662, -0.001096877851523459, -0.00022540532518178225, 0.0002350441791350022, -7.199805259006098e-05], [0.00026052267639897764, -2.9100943720550276e-05, -0.0002097706455970183, -0.0030138015281409025, 0.008953474462032318, -0.0048191421665251255, -0.0003831244830507785, 0.0020877025090157986, -9.956338908523321e-05, -5.2418981795199215e-05, 0.0024328259751200676, -0.0006204385426826775, -0.00037671459722332656], [-0.00024517319980077446, 0.0002138657873729244, 0.0017312293639406562, -0.0016311310464516282, -0.0048191421665251255, 0.01342142466455698, -0.006957150064408779, 0.0006181608187034726, 0.00036927458131685853, -0.0010635792277753353, -0.0008907697047106922, -0.0009424381423741579, 0.0009484231122769415], [0.0002575773105490953, 0.00026400579372420907, -0.0014559644041582942, -0.0004667380708269775, -0.0003831244830507785, -0.006957150064408779, 0.016617918387055397, -0.009067540057003498, 0.0009282481041736901, 0.0005291030975058675, -0.00014890199236106128, -0.002351598348468542, 0.003658989677205682], [-9.783934365259483e-05, -0.0006311187171377242, -0.00029958481900393963, -0.0008695264696143568, 0.0020877025090157986, 0.0006181608187034726, -0.009067540057003498, 0.019346242770552635, -0.010039124637842178, 0.0020968334283679724, -0.0005232188850641251, 0.001102051930502057, -0.0029028053395450115], [-0.0001579401723574847, -0.000484310818137601, -0.0011335881426930428, -0.0015503853792324662, -9.956338908523321e-05, 0.00036927458131685853, 0.0009282481041736901, -0.010039124637842178, 0.02379694953560829, -0.014125123620033264, 0.0023913411423563957, -0.0015317511279135942, 1.1010858543158974e-05], [0.00015901982260402292, 0.0002726087113842368, 0.0008067872258834541, -0.001096877851523459, -5.2418981795199215e-05, -0.0010635792277753353, 0.0005291030975058675, 0.0020968334283679724, -0.014125123620033264, 0.0277028139680624, -0.012121425941586494, 0.0019414321286603808, 0.0013090061256662011], [-1.2788917956640944e-05, -0.0001519886718597263, -0.0014492548070847988, -0.00022540532518178225, 0.0024328259751200676, -0.0008907697047106922, -0.00014890199236106128, -0.0005232188850641251, 0.0023913411423563957, -0.012121425941586494, 0.026541126891970634, -0.01235172338783741, 0.0021690709982067347], [7.194993668235838e-05, -0.00012333838094491512, 0.001436192891560495, 0.0002350441791350022, -0.0006204385426826775, -0.0009424381423741579, -0.002351598348468542, 0.001102051930502057, -0.0015317511279135942, 0.0019414321286603808, -0.01235172338783741, 0.027718430384993553, -0.012647908180952072], [1.72154868778307e-05, 0.0003961920738220215, 0.0001157927981694229, -7.199805259006098e-05, -0.00037671459722332656, 0.0009484231122769415, 0.003658989677205682, -0.0029028053395450115, 1.1010858543158974e-05, 0.0013090061256662011, 0.0021690709982067347, -0.012647908180952072, 0.024837058037519455]], "metadata.audio_properties.analysis.downmix": "mix", "metadata.audio_properties.codec": "mp3", "metadata.audio_properties.md5_encoded": "914396da6ad22db3d02900397d7b3e70", "metadata.tags.file_name": "1183710245147656303.mp3", "metadata.version.essentia": "2.1-beta6-dev", "metadata.version.essentia_git_sha": "v2.1_beta5-1110-g77a6a954", "metadata.version.extractor": "music 2.0", "tonal.chords_key": "G", "tonal.chords_scale": "major", "tonal.key_edma.key": "G", "tonal.key_edma.scale": "major", "tonal.key_krumhansl.key": "G", "tonal.key_krumhansl.scale": "major", "tonal.key_temperley.key": "G", "tonal.key_temperley.sca