{"song_id": "1183704305639899156", "download": "https://cdn.discordapp.com/attachments/1128313332273782784/1183704305639899156/chirp.mp4?ex=65894d8a&amp", "lyrics": "Take your time to consider the opportunity and place a trade.\nIt's important to follow the rules\nAlways think of scenarios and check the situation\nTrade with an edge and put the odds on your side\nEarn big profits\nTrading is fun and feels good\nMake great trades and make a lot of money\nA happy day begins\nIf you follow the rules, you can make a lot of money.\nHappy day begins\nIf you have an edge, you can make a lot of money\nHappy day begins", "style": ["lyric"], "essentia_features": {"lowlevel.average_loudness": 0.9748225808143616, "lowlevel.barkbands_crest.mean": 13.33682918548584, "lowlevel.barkbands_crest.stdev": 4.045497417449951, "lowlevel.barkbands_flatness_db.mean": 0.19175705313682556, "lowlevel.barkbands_flatness_db.stdev": 0.04883773252367973, "lowlevel.barkbands_kurtosis.mean": 11.325129508972168, "lowlevel.barkbands_kurtosis.stdev": 11.110764503479004, "lowlevel.barkbands_skewness.mean": 2.7031776905059814, "lowlevel.barkbands_skewness.stdev": 1.1928192377090454, "lowlevel.barkbands_spread.mean": 14.650574684143066, "lowlevel.barkbands_spread.stdev": 10.152423858642578, "lowlevel.dissonance.mean": 0.46867212653160095, "lowlevel.dissonance.stdev": 0.021212056279182434, "lowlevel.dynamic_complexity": 1.121558427810669, "lowlevel.erbbands_crest.mean": 8.8208646774292, "lowlevel.erbbands_crest.stdev": 3.9800524711608887, "lowlevel.erbbands_flatness_db.mean": 0.15218357741832733, "lowlevel.erbbands_flatness_db.stdev": 0.03665695711970329, "lowlevel.erbbands_kurtosis.mean": -0.1642497330904007, "lowlevel.erbbands_kurtosis.stdev": 1.5872081518173218, "lowlevel.erbbands_skewness.mean": 0.4643152952194214, "lowlevel.erbbands_skewness.stdev": 0.7524210810661316, "lowlevel.erbbands_spread.mean": 53.58616256713867, "lowlevel.erbbands_spread.stdev": 22.879243850708008, "lowlevel.hfc.mean": 23.116178512573242, "lowlevel.hfc.stdev": 11.953067779541016, "lowlevel.loudness_ebu128.integrated": -12.742879867553711, "lowlevel.loudness_ebu128.loudness_range": 0.9074335098266602, "lowlevel.loudness_ebu128.momentary.mean": -12.817614555358887, "lowlevel.loudness_ebu128.momentary.stdev": 0.8247330784797668, "lowlevel.loudness_ebu128.short_term.mean": -12.729094505310059, "lowlevel.loudness_ebu128.short_term.stdev": 0.3163914084434509, "lowlevel.melbands_crest.mean": 13.931684494018555, "lowlevel.melbands_crest.stdev": 3.2543699741363525, "lowlevel.melbands_flatness_db.mean": 0.2685389220714569, "lowlevel.melbands_flatness_db.stdev": 0.05684317275881767, "lowlevel.melbands_kurtosis.mean": 32.88539123535156, "lowlevel.melbands_kurtosis.stdev": 26.020734786987305, "lowlevel.melbands_skewness.mean": 4.242599964141846, "lowlevel.melbands_skewness.stdev": 1.682206153869629, "lowlevel.melbands_spread.mean": 10.803162574768066, "lowlevel.melbands_spread.stdev": 7.889735221862793, "lowlevel.pitch_salience.mean": 0.5231786966323853, "lowlevel.pitch_salience.stdev": 0.10346835106611252, "lowlevel.silence_rate_20dB.mean": 1.0, "lowlevel.silence_rate_20dB.stdev": 0.0, "lowlevel.silence_rate_30dB.mean": 0.9366306066513062, "lowlevel.silence_rate_30dB.stdev": 0.2436254918575287, "lowlevel.silence_rate_60dB.mean": 0.0015455950051546097, "lowlevel.silence_rate_60dB.stdev": 0.03928360342979431, "lowlevel.spectral_centroid.mean": 968.3970947265625, "lowlevel.spectral_centroid.stdev": 495.24676513671875, "lowlevel.spectral_complexity.mean": 19.959814071655273, "lowlevel.spectral_complexity.stdev": 9.031106948852539, "lowlevel.spectral_decrease.mean": -1.714867892133043e-08, "lowlevel.spectral_decrease.stdev": 6.7690026916977786e-09, "lowlevel.spectral_energy.mean": 0.06681975722312927, "lowlevel.spectral_energy.stdev": 0.025802111253142357, "lowlevel.spectral_energyband_high.mean": 0.000803366128820926, "lowlevel.spectral_energyband_high.stdev": 0.0012999321334064007, "lowlevel.spectral_energyband_low.mean": 0.04065784439444542, "lowlevel.spectral_energyband_low.stdev": 0.024787532165646553, "lowlevel.spectral_energyband_middle_high.mean": 0.004493227228522301, "lowlevel.spectral_energyband_middle_high.stdev": 0.004608785267919302, "lowlevel.spectral_energyband_middle_low.mean": 0.024432841688394547, "lowlevel.spectral_energyband_middle_low.stdev": 0.011006459593772888, "lowlevel.spectral_entropy.mean": 7.42848014831543, "lowlevel.spectral_entropy.stdev": 0.3390689492225647, "lowlevel.spectral_flux.mean": 0.09494642168283463, "lowlevel.spectral_flux.stdev": 0.04899667948484421, "lowlevel.spectral_kurtosis.mean": 3.4953112602233887, "lowlevel.spectral_kurtosis.stdev": 2.2220449447631836, "lowlevel.spectral_rms.mean": 0.00792323425412178, "lowlevel.spectral_rms.stdev": 0.0015531675890088081, "lowlevel.spectral_rolloff.mean": 559.6137084960938, "lowlevel.spectral_rolloff.stdev": 761.4637451171875, "lowlevel.spectral_skewness.mean": 1.2910853624343872, "lowlevel.spectral_skewness.stdev": 0.4170215129852295, "lowlevel.spectral_spread.mean": 4196313.0, "lowlevel.spectral_spread.stdev": 1268888.5, "lowlevel.spectral_strongpeak.mean": 0.7333143353462219, "lowlevel.spectral_strongpeak.stdev": 0.5574237108230591, "lowlevel.zerocrossingrate.mean": 0.034651365131139755, "lowlevel.zerocrossingrate.stdev": 0.022634388878941536, "metadata.audio_properties.analysis.equal_loudness": 0.0, "metadata.audio_properties.analysis.length": 30.0159854888916, "metadata.audio_properties.analysis.sample_rate": 44100.0, "metadata.audio_properties.analysis.start_time": 0.0, "metadata.audio_properties.bit_rate": 128396.0, "metadata.audio_properties.length": 30.016000747680664, "metadata.audio_properties.lossless": 0.0, "metadata.audio_properties.number_channels": 1.0, "metadata.audio_properties.replay_gain": -11.555253982543945, "metadata.audio_properties.sample_rate": 48000.0, "rhythm.beats_count": 79.0, "rhythm.beats_loudness.mean": 0.07244778424501419, "rhythm.beats_loudness.stdev": 0.02699257619678974, "rhythm.bpm": 161.59201049804688, "rhythm.bpm_histogram_first_peak_bpm": 161.0, "rhythm.bpm_histogram_first_peak_weight": 0.2763158082962036, "rhythm.bpm_histogram_second_peak_bpm": 152.0, "rhythm.bpm_histogram_second_peak_spread": 0.0, "rhythm.bpm_histogram_second_peak_weight": 0.012820512987673283, "rhythm.danceability": 1.1594593524932861, "rhythm.onset_rate": 4.594637870788574, "tonal.chords_changes_rate": 0.08024691045284271, "tonal.chords_number_rate": 0.006172839552164078, "tonal.chords_strength.mean": 0.4400225877761841, "tonal.chords_strength.stdev": 0.04187653213739395, "tonal.hpcp_crest.mean": 13.273387908935547, "tonal.hpcp_crest.stdev": 6.053802967071533, "tonal.hpcp_entropy.mean": 2.1260085105895996, "tonal.hpcp_entropy.stdev": 0.7663015127182007, "tonal.key_edma.strength": 0.6393330693244934, "tonal.key_krumhansl.strength": 0.6239315271377563, "tonal.key_temperley.strength": 0.5968087911605835, "tonal.tuning_diatonic_strength": 0.5353862047195435, "tonal.tuning_equal_tempered_deviation": 0.13934792578220367, "tonal.tuning_frequency": 442.2933654785156, "tonal.tuning_nontempered_energy_ratio": 0.7023037672042847, "lowlevel.barkbands.mean": [0.00018242358055431396, 0.032916806638240814, 0.004116468597203493, 0.005374686326831579, 0.00962846353650093, 0.005544433370232582, 0.001964026363566518, 0.0010926880640909076, 0.0005867721629329026, 0.0005013893824070692, 0.00038293737452477217, 0.0008312620338983834, 0.0004978931974619627, 0.0003385516756679863, 0.00038771438994444907, 0.0002689396496862173, 0.0003525405772961676, 0.00047980467206798494, 0.0003901906602550298, 0.0002991279470734298, 0.00018221820937469602, 0.0002270550321554765, 0.00015269304276444018, 7.605680730193853e-05, 3.123710848740302e-05, 1.1731020094885025e-05, 1.720850264064211e-06], "lowlevel.barkbands.stdev": [0.00018616486340761185, 0.02136707305908203, 0.006797726731747389, 0.0056975665502250195, 0.006443181075155735, 0.004980588797479868, 0.004832608625292778, 0.0026846202090382576, 0.0013623095583170652, 0.0013450789265334606, 0.0009674766915850341, 0.002357235411182046, 0.00111774995457381, 0.00082465197192505, 0.0007086463156156242, 0.0004926513647660613, 0.000515342690050602, 0.0006222930969670415, 0.0005635077250190079, 0.00037548504769802094, 0.00029751990223303437, 0.0004393457784317434, 0.0003193129668943584, 0.0001754677068674937, 5.8610326959751546e-05, 2.2218953745323233e-05, 5.600992153631523e-06], "lowlevel.erbbands.mean": [0.5484016537666321, 8.59793472290039, 8.005064964294434, 14.179337501525879, 23.23602294921875, 32.38128662109375, 42.48198318481445, 40.673126220703125, 40.72697830200195, 15.052671432495117, 25.299360275268555, 12.961175918579102, 19.1653995513916, 13.109951972961426, 19.35807228088379, 35.270751953125, 24.272266387939453, 18.738473892211914, 19.70748519897461, 17.95862579345703, 14.49402141571045, 21.379430770874023, 27.834829330444336, 19.845699310302734, 19.605318069458008, 13.761442184448242, 8.200440406799316, 7.312998294830322, 8.606121063232422, 6.323242664337158, 3.893402338027954, 2.0032496452331543, 1.084907054901123, 0.46831488609313965, 0.16209810972213745, 0.05754039064049721, 0.020287176594138145, 0.005104521289467812, 0.00019156593771185726, 7.929466664791107e-05], "lowlevel.erbbands.stdev": [0.3562215566635132, 5.595335960388184, 7.854963779449463, 14.071805953979492, 22.17336082458496, 20.44960594177246, 27.6653995513916, 52.82451248168945, 80.2900161743164, 34.85882568359375, 63.770362854003906, 27.75818634033203, 49.109886169433594, 31.612154006958008, 42.22722244262695, 103.19339752197266, 51.823184967041016, 42.58908462524414, 35.93876647949219, 32.734920501708984, 23.510272979736328, 29.226943969726562, 35.97371292114258, 25.44264030456543, 28.168582916259766, 17.18972396850586, 12.467357635498047, 12.634000778198242, 16.76486587524414, 12.494696617126465, 8.400636672973633, 4.73093318939209, 2.449737548828125, 0.9300059080123901, 0.29812151193618774, 0.11192276328802109, 0.041818927973508835, 0.012537616305053234, 0.0005012307083234191, 2.9510523745557293e-05], "lowlevel.gfcc.mean": [21.11129379272461, 124.4735336303711, -102.30609893798828, 65.31633758544922, -47.54122543334961, 10.588822364807129, -32.60572814941406, -2.1471667289733887, -20.229719161987305, -3.3969051837921143, -2.8569018840789795, 1.7242361307144165, -4.422394752502441], "lowlevel.melbands.mean": [0.007719246204942465, 0.0070457798428833485, 0.002475353656336665, 0.002303194487467408, 0.0012993188574910164, 0.0009422966395504773, 0.0005709245451726019, 0.00016619240341242403, 0.00019299457198940217, 7.722500595264137e-05, 9.49746317928657e-05, 5.089415208203718e-05, 5.737673563999124e-05, 9.568771929480135e-05, 6.786458106944337e-05, 4.735313632409088e-05, 3.2606465538265184e-05, 3.1071882403921336e-05, 2.6560875994618982e-05, 2.1284564354573376e-05, 1.5553841876680963e-05, 1.960034751391504e-05, 2.9215376343927346e-05, 2.034698991337791e-05, 1.5521687600994483e-05, 1.447094928153092e-05, 1.3374857189774048e-05, 8.037176485231612e-06, 5.239760412223404e-06, 4.412532234709943e-06, 4.135143626626814e-06, 5.149084245203994e-06, 3.983197530033067e-06, 3.361714561833651e-06, 2.384105755481869e-06, 1.6146922234838712e-06, 1.0724878620749223e-06, 8.2766536024792e-07, 5.25460279732215e-07, 3.4587563391141884e-07], "lowlevel.melbands.stdev": [0.004934775643050671, 0.004894038662314415, 0.0023366271052509546, 0.0016772305825725198, 0.0007913636509329081, 0.0011062147095799446, 0.0011292776325717568, 0.00038847318501211703, 0.0004708582127932459, 0.00017451935855206102, 0.0002493348147254437, 0.00012620720372069627, 0.00012539495946839452, 0.00028831037343479693, 0.0001666779280640185, 0.0001051510771503672, 7.761026790831238e-05, 6.137535820016637e-05, 4.8204034101217985e-05, 4.0787319449009374e-05, 2.7161495381733403e-05, 2.95190420729341e-05, 4.100841033505276e-05, 2.7314394174027257e-05, 2.133373163815122e-05, 2.2511123461299576e-05, 1.8195280063082464e-05, 1.0755893526948057e-05, 8.30693170428276e-06, 7.531743449362693e-06, 7.527327397838235e-06, 1.0326376468583476e-05, 7.811418072378729e-06, 6.918527560628718e-06, 5.158961357665248e-06, 3.882479632011382e-06, 2.5810818442550953e-06, 1.8823525351763237e-06, 1.1965337307628943e-06, 6.718192366861331e-07], "lowlevel.melbands128.mean": [6.660397775704041e-05, 0.0016129952855408192, 0.013330829329788685, 0.015026310458779335, 0.005750186741352081, 0.0020663896575570107, 0.0031682460103183985, 0.002184045733883977, 0.001892708009108901, 0.0036167369689792395, 0.001438862644135952, 0.0008393606403842568, 0.0019393641268834472, 0.0008570745121687651, 0.0008101137354969978, 0.0010992278112098575, 0.0008174848626367748, 0.0005301856435835361, 0.00018696123152039945, 0.000100714125437662, 0.0001765111810527742, 0.00027143731131218374, 0.00021123360784258693, 0.00010103985550813377, 6.648046837653965e-05, 6.0339385527186096e-05, 0.0001119494772865437, 0.00011610892397584394, 6.71717498335056e-05, 4.182105476502329e-05, 4.4560070818988606e-05, 6.626863614656031e-05, 5.2923034672858194e-05, 5.327967301127501e-05, 7.751914381515235e-05, 0.00012799285468645394, 0.0001009501502267085, 5.418766522780061e-05, 5.737650644732639e-05, 5.411523670773022e-05, 4.390373942442238e-05, 3.919174923794344e-05, 3.186194589943625e-05, 3.183138323947787e-05, 2.5700674086692743e-05, 3.400176501600072e-05, 3.389934863662347e-05, 2.4033093723119237e-05, 2.5779874704312533e-05, 2.4519515136489645e-05, 2.0791083443327807e-05, 1.777774014044553e-05, 1.6663103451719508e-05, 1.3714040505874436e-05, 1.4612907762057148e-05, 1.97076951735653e-05, 2.3570222765556537e-05, 2.945444794022478e-05, 3.1328105251304805e-05, 2.8461470719776116e-05, 1.910459832288325e-05, 1.506654098193394e-05, 1.6390356904594228e-05, 1.5466715922229923e-05, 1.4634034414484631e-05, 1.3938431038695853e-05, 1.5143556993280072e-05, 1.3994003893458284e-05, 1.377307216898771e-05, 1.1663330951705575e-05, 7.526329227403039e-06, 6.498778475361178e-06, 6.1933737924846355e-06, 4.982357040717034e-06, 4.178957624390023e-06, 4.629607246897649e-06, 4.552784957922995e-06, 3.6853280107607134e-06, 4.108139819436474e-06, 4.308480129111558e-06, 5.2730874813278206e-06, 6.095969183661509e-06, 3.91347884942661e-06, 3.992423899035202e-06, 3.530446292643319e-06, 3.6446485864871647e-06, 3.190125198671012e-06, 3.0268688533396926e-06, 2.335214730919688e-06, 1.9997255549242254e-06, 1.7322174699074822e-06, 1.6427353557446622e-06, 1.1709880709531717e-06, 1.02591866379953e-06, 1.018386001305771e-06, 9.656143902248004e-07, 7.600054914291832e-07, 7.001242465776158e-07, 4.976944865120458e-07, 4.615022817233694e-07, 4.418646426529449e-07, 3.128185994683008e-07, 2.5597393005227786e-07, 2.1752504153482732e-07, 1.7612377689602e-07, 1.3728885051023099e-07, 1.2405311622387671e-07, 1.1497908047886085e-07, 9.155659341786304e-08, 8.431879905401729e-08, 7.426541515087592e-08, 6.659995221980353e-08, 6.312539113650928e-08, 5.790803569993841e-08, 5.533306790539427e-08, 4.729371383405123e-08, 4.990490509726442e-08, 2.0751281581965486e-08, 3.458695996272354e-09, 1.534944567282981e-11, 1.2377610221492308e-11, 1.213720009912711e-11, 1.1864537130534814e-11, 1.1660882329178612e-11, 1.146692116260617e-11, 1.1263518763515723e-11, 1.1134903762921589e-11, 1.1069888929127192e-11], "lowlevel.melbands128.stdev": [9.764508286025375e-05, 0.001273907721042633, 0.008481224998831749, 0.01016993634402752, 0.005122018046677113, 0.0033604393247514963, 0.003283270401880145, 0.0028466403018683195, 0.0026029234286397696, 0.0027944950852543116, 0.0009825241286307573, 0.0005783977685496211, 0.0013152803294360638, 0.0009473460959270597, 0.0014739602338522673, 0.0018440140411257744, 0.001796420430764556, 0.0015988909872248769, 0.0009361350676044822, 0.00031696679070591927, 0.0005395879852585495, 0.0008952679927460849, 0.0006258909124881029, 0.00036047029425390065, 0.0002279346954310313, 0.00022775281104259193, 0.00034511275589466095, 0.0003885048208758235, 0.0002769794373307377, 0.00013942946679890156, 0.00016488962864968926, 0.00024287273117806762, 0.00013099548232275993, 0.00017887631838675588, 0.0002793701132759452, 0.0005540744750760496, 0.0003809629997704178, 0.00020610177307389677, 0.00019781498122029006, 0.00016049129772000015, 0.00012975087156519294, 0.00016628312005195767, 9.895994298858568e-05, 0.00010397958976682276, 6.693694012938067e-05, 9.833042713580653e-05, 7.633912900928408e-05, 6.635161844315007e-05, 6.56402189633809e-05, 7.070701394695789e-05, 5.228828376857564e-05, 3.767918678931892e-05, 3.940522947232239e-05, 2.7325406335876323e-05, 3.250416193623096e-05, 3.903976903529838e-05, 4.030677519040182e-05, 5.6265827879542485e-05, 5.2594314183807e-05, 4.865125083597377e-05, 3.088689481955953e-05, 2.964328450616449e-05, 2.4103648684103973e-05, 2.4998782464535907e-05, 2.7112424504593946e-05, 2.3936167053761892e-05, 3.491869938443415e-05, 2.4045142708928324e-05, 2.1795387510792352e-05, 1.9007733499165624e-05, 1.1821341104223393e-05, 9.790448530111462e-06, 1.2608772522071376e-05, 8.273654202639591e-06, 7.722865120740607e-06, 8.764412996242754e-06, 8.44560327095678e-06, 7.061476026137825e-06, 8.328326657647267e-06, 8.688668458489701e-06, 1.171639178210171e-05, 1.3592533832706977e-05, 7.921213182271458e-06, 8.37337938719429e-06, 7.534729775215965e-06, 8.063764653343242e-06, 7.12433029548265e-06, 6.681118975393474e-06, 5.336194590199739e-06, 5.0069943426933605e-06, 4.358802925708005e-06, 4.2868791751971e-06, 3.0173932827892713e-06, 2.687700543901883e-06, 2.489123517079861e-06, 2.258869471916114e-06, 1.804029352570069e-06, 1.7832519461080665e-06, 1.2732243703794666e-06, 1.0957503491226817e-06, 8.882041697688692e-07, 6.655340030192747e-07, 5.272574981063372e-07, 4.6170976020221133e-07, 3.7683457776438445e-07, 2.886208676500246e-07, 2.6521902896092797e-07, 2.5452234808653884e-07, 2.2953025791139225e-07, 1.9013202745554736e-07, 1.6426457705165376e-07, 1.4283038751727872e-07, 1.5486608617720776e-07, 1.6496713328706392e-07, 1.381695398094962e-07, 1.1534081068020896e-07, 1.3903760986977431e-07, 1.0992978616286564e-07, 2.5091880573313574e-08, 8.66444485603246e-11, 1.5149935125857716e-11, 1.482303342570379e-11, 1.4532016215373922e-11, 1.4283955962479666e-11, 1.4076824775277608e-11, 1.3912922897096891e-11, 1.37933527447065e-11, 1.3719019843760893e-11], "lowlevel.mfcc.mean": [-618.8117065429688, 136.28720092773438, 14.200340270996094, 52.92048645019531, 12.877988815307617, 17.521305084228516, 3.289142608642578, 7.358885288238525, -9.06171703338623, -1.4249297380447388, -0.5732606053352356, -1.085965633392334, 1.1637262105941772], "lowlevel.spectral_contrast_coeffs.mean": [-0.7105774283409119, -0.7140007615089417, -0.7949109077453613, -0.8079833984375, -0.7874447703361511, -0.7174170017242432], "lowlevel.spectral_contrast_coeffs.stdev": [0.045059043914079666, 0.08499845862388611, 0.06369320303201675, 0.04990756884217262, 0.04689117521047592, 0.038361627608537674], "lowlevel.spectral_contrast_valleys.mean": [-5.549450397491455, -6.773850917816162, -7.276901721954346, -7.425429344177246, -7.225418567657471, -10.511136054992676], "lowlevel.spectral_contrast_valleys.stdev": [0.4459037780761719, 0.5670812129974365, 0.5443682074546814, 0.5012275576591492, 0.5285496711730957, 0.9052947759628296], "rhythm.beats_loudness_band_ratio.mean": [0.6713828444480896, 0.20520751178264618, 0.058776866644620895, 0.034198276698589325, 0.03309748321771622, 0.03610457479953766], "rhythm.beats_loudness_band_ratio.stdev": [0.1619931161403656, 0.104451984167099, 0.06984557956457138, 0.05373216047883034, 0.033192865550518036, 0.03599265217781067], "tonal.hpcp.mean": [0.18444369733333588, 0.050842609256505966, 0.008129822090268135, 0.010505669750273228, 0.010795763693749905, 0.011414986103773117, 0.01346445083618164, 0.015195331536233425, 0.018923193216323853, 0.02191310189664364, 0.023123962804675102, 0.02192063443362713, 0.02225370705127716, 0.058104757219552994, 0.5281165242195129, 0.8848597407341003, 0.4513123631477356, 0.07144006341695786, 0.036944057792425156, 0.028824632987380028, 0.03594731539487839, 0.04006899893283844, 0.043206971138715744, 0.04278113692998886, 0.035432521253824234, 0.040372882038354874, 0.05608325079083443, 0.05058581754565239, 0.03876441344618797, 0.04282267764210701, 0.040056012570858, 0.03360070660710335, 0.028400907292962074, 0.022977668792009354, 0.033318694680929184, 0.16048547625541687], "tonal.hpcp.stdev": [0.17707552015781403, 0.07863364368677139, 0.040190257132053375, 0.07589422166347504, 0.05985056981444359, 0.04385613650083542, 0.06030924618244171, 0.07196423411369324, 0.07421781122684479, 0.09826138615608215, 0.10740099102258682, 0.09110383689403534, 0.07920966297388077, 0.15517356991767883, 0.24252769351005554, 0.24985629320144653, 0.24847686290740967, 0.1999986618757248, 0.14632408320903778, 0.11994382739067078, 0.12626609206199646, 0.12363135069608688, 0.1270962506532669, 0.13755595684051514, 0.1114787757396698, 0.11244560778141022, 0.12014807760715485, 0.1105470359325409, 0.09796063601970673, 0.11157814413309097, 0.11310862004756927, 0.10700523108243942, 0.0995040312409401, 0.08133561164140701, 0.08885713666677475, 0.15796011686325073], "rhythm.beats_position": [0.3482993245124817, 0.7082086205482483, 1.09133780002594, 1.4628571271896362, 1.834376335144043, 2.2058956623077393, 2.5774149894714355, 2.9489340782165527, 3.320453405380249, 3.6919727325439453, 4.075101852416992, 4.458230972290039, 4.8297505378723145, 5.201269626617432, 5.572789192199707, 5.944308280944824, 6.315827369689941, 6.687346935272217, 7.070476055145264, 7.4536051750183105, 7.825124740600586, 8.196643829345703, 8.56816291809082, 8.951292037963867, 9.334421157836914, 9.705941200256348, 10.077460289001465, 10.448979377746582, 10.832108497619629, 11.215237617492676, 11.586756706237793, 11.958276748657227, 12.329795837402344, 12.701314926147461, 13.072834014892578, 13.444353103637695, 13.815873146057129, 14.199002265930176, 14.582131385803223, 14.95365047454834, 15.325169563293457, 15.696688652038574, 16.068208694458008, 16.439727783203125, 16.811246871948242, 17.19437599182129, 17.577505111694336, 17.949024200439453, 18.32054328918457, 18.692062377929688, 19.063581466674805, 19.458322525024414, 19.82984161376953, 20.20136070251465, 20.572879791259766, 20.956008911132812, 21.32752799987793, 21.699047088623047, 22.082176208496094, 22.45369529724121, 22.825214385986328, 23.196733474731445, 23.579862594604492, 23.962993621826172, 24.33451271057129, 24.706031799316406, 25.077550888061523, 25.44906997680664, 25.820589065551758, 26.192108154296875, 26.575237274169922, 26.95836639404297, 27.329885482788086, 27.701404571533203, 28.072925567626953, 28.44444465637207, 28.815963745117188, 29.199092864990234, 29.58222198486328], "rhythm.bpm_histogram": [0.0, 0.0, 0.0, 0.0, 0.0, 0.0, 0.0, 0.0, 0.0, 0.0, 0.0, 0.0, 0.0, 0.0, 0.0, 0.0, 0.0, 0.0, 0.0, 0.0, 0.0, 0.0, 0.0, 0.0, 0.0, 0.0, 0.0, 0.0, 0.0, 0.0, 0.0, 0.0, 0.0, 0.0, 0.0, 0.0, 0.0, 0.0, 0.0, 0.0, 0.0, 0.0, 0.0, 0.0, 0.0, 0.0, 0.0, 0.0, 0.0, 0.0, 0.0, 0.0, 0.0, 0.0, 0.0, 0.0, 0.0, 0.0, 0.0, 0.0, 0.0, 0.0, 0.0, 0.0, 0.0, 0.0, 0.0, 0.0, 0.0, 0.0, 0.0, 0.0, 0.0, 0.0, 0.0, 0.0, 0.0, 0.0, 0.0, 0.0, 0.0, 0.0, 0.0, 0.0, 0.0, 0.0, 0.0, 0.0, 0.0, 0.0, 0.0, 0.0, 0.0, 0.0, 0.0, 0.0, 0.0, 0.0, 0.0, 0.0, 0.0, 0.0, 0.0, 0.0, 0.0, 0.0, 0.0, 0.0, 0.0, 0.0, 0.0, 0.0, 0.0, 0.0, 0.0, 0.0, 0.0, 0.0, 0.0, 0.0, 0.0, 0.0, 0.0, 0.0, 0.0, 0.0, 0.0, 0.0, 0.0, 0.0, 0.0, 0.0, 0.0, 0.0, 0.0, 0.0, 0.0, 0.0, 0.0, 0.0, 0.0, 0.0, 0.0, 0.0, 0.0, 0.0, 0.0, 0.0, 0.0, 0.0, 0.0, 0.0, 0.012820512987673283, 0.0, 0.0, 0.0, 0.0, 0.26923078298568726, 0.0, 0.0, 0.0, 0.7051281929016113, 0.0, 0.0, 0.0, 0.0, 0.0, 0.012820512987673283, 0.0, 0.0, 0.0, 0.0, 0.0, 0.0, 0.0, 0.0, 0.0, 0.0, 0.0, 0.0, 0.0, 0.0, 0.0, 0.0, 0.0, 0.0, 0.0, 0.0, 0.0, 0.0, 0.0, 0.0, 0.0, 0.0, 0.0, 0.0, 0.0, 0.0, 0.0, 0.0, 0.0, 0.0, 0.0, 0.0, 0.0, 0.0, 0.0, 0.0, 0.0, 0.0, 0.0, 0.0, 0.0, 0.0, 0.0, 0.0, 0.0, 0.0, 0.0, 0.0, 0.0, 0.0, 0.0, 0.0, 0.0, 0.0, 0.0, 0.0, 0.0, 0.0, 0.0, 0.0, 0.0, 0.0, 0.0, 0.0, 0.0, 0.0, 0.0, 0.0, 0.0, 0.0, 0.0, 0.0, 0.0, 0.0, 0.0, 0.0, 0.0, 0.0], "tonal.chords_histogram": [0.0, 0.46296295523643494, 15.586420059204102, 0.0, 0.0, 0.0, 0.0, 37.5, 4.7839508056640625, 41.66666793823242, 0.0, 0.0, 0.0, 0.0, 0.0, 0.0, 0.0, 0.0, 0.0, 0.0, 0.0, 0.0, 0.0, 0.0], "tonal.thpcp": [1.0, 0.5100383162498474, 0.08073603361845016, 0.04175131395459175, 0.032575368881225586, 0.04062487557530403, 0.04528288170695305, 0.048829175531864166, 0.04834793135523796, 0.040043093264102936, 0.04562630504369736, 0.06338094919919968, 0.05716817453503609, 0.04380853846669197, 0.04839487746357918, 0.04526820406317711, 0.03797291964292526, 0.032096508890390396, 0.025967583060264587, 0.03765420988202095, 0.18136826157569885, 0.2084439992904663, 0.05745838209986687, 0.009187695570290089, 0.011872694827616215, 0.012200536206364632, 0.012900333851575851, 0.015216480009257793, 0.017172588035464287, 0.02138552814722061, 0.024764491245150566, 0.026132913306355476, 0.0247730053961277, 0.02514941804111004, 0.06566549837589264, 0.5968364477157593], "lowlevel.gfcc.cov": [[2223.792236328125, -535.1207885742188, -17.21604347229004, -88.35665893554688, -112.40196228027344, 68.83594512939453, -151.15615844726562, 208.33094787597656, -85.6818618774414, 140.26507568359375, -150.71607971191406, 58.737281799316406, -179.6062469482422], [-535.1207885742188, 1103.5001220703125, -413.9934387207031, -78.2562255859375, 165.33380126953125, -176.537109375, 202.62545776367188, -103.58269500732422, 187.73025512695312, -190.56057739257812, 233.87107849121094, -148.72250366210938, 118.3626708984375], [-17.21604347229004, -413.9934387207031, 572.8563232421875, 81.37014770507812, 6.918395519256592, 111.52855682373047, -67.92912292480469, -25.741985321044922, -100.86847686767578, 89.97907257080078, -127.7104263305664, 104.30138397216797, 5.91273832321167], [-88.35665893554688, -78.2562255859375, 81.37014770507812, 363.60150146484375, -32.215457916259766, 18.75370979309082, -56.27438735961914, -67.56653594970703, 40.77687454223633, -31.729957580566406, 21.706890106201172, -31.938203811645508, 86.96717071533203], [-112.40196228027344, 165.33380126953125, 6.918395519256592, -32.215457916259766, 238.14854431152344, -83.2624740600586, 26.411176681518555, 27.554031372070312, 35.587196350097656, -10.61738395690918, 7.767978191375732, 1.019054651260376, -1.7880380153656006], [68.83594512939453, -176.537109375, 111.52855682373047, 18.75370979309082, -83.2624740600586, 193.6487274169922, 36.98911666870117, -34.02815246582031, -67.37123107910156, -0.8081028461456299, -49.41826629638672, 7.510643482208252, 11.961098670959473], [-151.15615844726562, 202.62545776367188, -67.92912292480469, -56.27438735961914, 26.411176681518555, 36.98911666870117, 177.6552734375, -24.103559494018555, -19.265403747558594, -71.40184020996094, 27.13014793395996, -15.38411808013916, 12.260762214660645], [208.33094787597656, -103.58269500732422, -25.741985321044922, -67.56653594970703, 27.554031372070312, -34.02815246582031, -24.103559494018555, 128.42469787597656, 12.922151565551758, 38.17451095581055, -22.09022331237793, 15.698087692260742, -49.4304313659668], [-85.6818618774414, 187.73025512695312, -100.86847686767578, 40.77687454223633, 35.587196350097656, -67.37123107910156, -19.265403747558594, 12.922151565551758, 128.80125427246094, -0.041955817490816116, 48.802127838134766, -53.239768981933594, 26.646095275878906], [140.26507568359375, -190.56057739257812, 89.97907257080078, -31.729957580566406, -10.61738395690918, -0.8081028461456299, -71.40184020996094, 38.17451095581055, -0.041955817490816116, 115.20238494873047, -28.773038864135742, 28.181798934936523, -43.060401916503906], [-150.71607971191406, 233.87107849121094, -127.7104263305664, 21.706890106201172, 7.767978191375732, -49.41826629638672, 27.13014793395996, -22.09022331237793, 48.802127838134766, -28.773038864135742, 127.52915954589844, -22.23514175415039, 26.320602416992188], [58.737281799316406, -148.72250366210938, 104.30138397216797, -31.938203811645508, 1.019054651260376, 7.510643482208252, -15.38411808013916, 15.698087692260742, -53.239768981933594, 28.181798934936523, -22.23514175415039, 91.53093719482422, -8.168380737304688], [-179.6062469482422, 118.3626708984375, 5.91273832321167, 86.96717071533203, -1.7880380153656006, 11.961098670959473, 12.260762214660645, -49.4304313659668, 26.646095275878906, -43.060401916503906, 26.320602416992188, -8.168380737304688, 99.4611587524414]], "lowlevel.gfcc.icov": [[0.0007662228308618069, -0.0008623916073702276, 0.0004923599772155285, -0.0008255925495177507, 0.0003819440898951143, -0.0009219144121743739, 0.0008809662540443242, -0.0013752252561971545, 0.0008509673061780632, -0.0008168562198989093, 0.001323654199950397, -0.0010932041332125664, 0.001406520721502602], [-0.0008623916073702276, 0.009611870162189007, -0.0010547889396548271, 0.006362300831824541, -0.0029403434600681067, 0.005429578945040703, -0.005287359468638897, 0.006612782832235098, -0.006830241531133652, 0.006757480092346668, -0.009128750301897526, 0.00822449754923582, -0.007417161483317614], [0.0004923599772155285, -0.0010547889396548271, 0.004456500057131052, -0.0021440903656184673, -0.0009326609433628619, -0.002264890121296048, 0.0009618194890208542, 0.0002140875585610047, 0.0018664775416254997, -0.003785084467381239, 0.00394480861723423, -0.004284384660422802, 0.00046308370656333864], [-0.0008255925495177507, 0.006362300831824541, -0.0021440903656184673, 0.008906004019081593, -0.0015174474101513624, 0.0034921064507216215, -0.0014869013102725148, 0.005255019757896662, -0.0054316651076078415, 0.006402222439646721, -0.0072433119639754295, 0.00742724584415555, -0.007620617747306824], [0.0003819440898951143, -0.0029403434600681067, -0.0009326609433628619, -0.0015174474101513624, 0.006853722035884857, 0.0013334257528185844, -0.00015776391956023872, -0.0031007661018520594, 0.0006423921440728009, -0.0011775962775573134, 0.0033684829249978065, -0.0024153292179107666, 0.002240692498162389], [-0.0009219144121743739, 0.005429578945040703, -0.002264890121296048, 0.0034921064507216215, 0.0013334257528185844, 0.013233471661806107, -0.006610571872442961, 0.004346049856394529, -0.00022204717970453203, 0.002045178320258856, -0.0032723185140639544, 0.008062832057476044, -0.007164608221501112], [0.0008809662540443242, -0.005287359468638897, 0.0009618194890208542, -0.0014869013102725148, -0.00015776391956023872, -0.006610571872442961, 0.013410484418272972, -0.0036398188676685095, 0.0046384697780013084, 0.0020836126059293747, 0.002853671321645379, -0.004151198081672192, 0.0050193448550999165], [-0.0013752252561971545, 0.006612782832235098, 0.0002140875585610047, 0.005255019757896662, -0.0031007661018520594, 0.004346049856394529, -0.0036398188676685095, 0.017690524458885193, -0.008612201549112797, 0.003553591202944517, -0.004011594224721193, 0.0020619574934244156, -0.0012216357281431556], [0.0008509673061780632, -0.006830241531133652, 0.0018664775416254997, -0.0054316651076078415, 0.0006423921440728009, -0.00022204717970453203, 0.0046384697780013084, -0.008612201549112797, 0.023490387946367264, -0.010323239490389824, 0.0035072583705186844, 0.0041291555389761925, -0.0018618404865264893], [-0.0008168562198989093, 0.006757480092346668, -0.003785084467381239, 0.006402222439646721, -0.0011775962775573134, 0.002045178320258856, 0.0020836126059293747, 0.003553591202944517, -0.010323239490389824, 0.023604407906532288, -0.007803313434123993, 0.002613561460748315, 0.0016168891452252865], [0.001323654199950397, -0.009128750301897526, 0.00394480861723423, -0.0072433119639754295, 0.0033684829249978065, -0.0032723185140639544, 0.002853671321645379, -0.004011594224721193, 0.0035072583705186844, -0.007803313434123993, 0.02223934791982174, -0.010893079452216625, 0.006363546010106802], [-0.0010932041332125664, 0.00822449754923582, -0.004284384660422802, 0.00742724584415555, -0.0024153292179107666, 0.008062832057476044, -0.004151198081672192, 0.0020619574934244156, 0.0041291555389761925, 0.002613561460748315, -0.010893079452216625, 0.028638454154133797, -0.012217788025736809], [0.001406520721502602, -0.007417161483317614, 0.00046308370656333864, -0.007620617747306824, 0.002240692498162389, -0.007164608221501112, 0.0050193448550999165, -0.0012216357281431556, -0.0018618404865264893, 0.0016168891452252865, 0.006363546010106802, -0.012217788025736809, 0.02624400518834591]], "lowlevel.mfcc.cov": [[1859.219482421875, -473.43194580078125, -93.1695327758789, -129.1194305419922, -28.00313377380371, -142.96665954589844, -53.509830474853516, -11.013731002807617, -0.0843132957816124, 51.99504089355469, 73.96708679199219, 39.89277267456055, 5.2735090255737305], [-473.43194580078125, 958.386962890625, -414.0711975097656, 3.2888903617858887, -39.098838806152344, -80.06591033935547, 40.423866271972656, 76.79084014892578, -38.91496658325195, 30.366670608520508, 53.44245910644531, 20.627742767333984, 26.141096115112305], [-93.1695327758789, -414.0711975097656, 515.2949829101562, 1.7742840051651, 15.54129695892334, 156.79669189453125, 13.27551555633545, -58.34150695800781, 44.49888610839844, -59.5824089050293, -77.31104278564453, -15.068048477172852, -21.76052474975586], [-129.1194305419922, 3.2888903617858887, 1.7742840051651, 262.7770080566406, 102.15144348144531, -0.9912631511688232, -48.2852668762207, -6.536561965942383, -7.60458517074585, 17.186973571777344, -28.079439163208008, -21.04404067993164, 27.58656883239746], [-28.00313377380371, -39.098838806152344, 15.54129695892334, 102.15144348144531, 190.88211059570312, -21.81856346130371, -58.02727508544922, -35.233985900878906, 16.222057342529297, 35.634822845458984, -12.474801063537598, -14.245868682861328, 20.491601943969727], [-142.96665954589844, -80.06591033935547, 156.79669189453125, -0.9912631511688232, -21.81856346130371, 182.65875244140625, 50.17182540893555, -7.1211442947387695, 21.02554702758789, -32.391605377197266, -34.009796142578125, -20.49252700805664, -45.32135772705078], [-53.509830474853516, 40.423866271972656, 13.27551555633545, -48.2852668762207, -58.02727508544922, 50.17182540893555, 130.1167449951172, 54.64328384399414, -3.210090160369873, -33.876243591308594, -3.7635207176208496, -1.8437678813934326, -19.909135818481445], [-11.013731002807617, 76.79084014892578, -58.34150695800781, -6.536561965942383, -35.233985900878906, -7.1211442947387695, 54.64328384399414, 99.16902160644531, 7.005733966827393, -9.07953929901123, -3.4939427375793457, -6.4386396408081055, -2.7267963886260986], [-0.0843132957816124, -38.91496658325195, 44.49888610839844, -7.60458517074585, 16.222057342529297, 21.02554702758789, -3.210090160369873, 7.005733966827393, 79.07874298095703, 15.94944953918457, -16.471481323242188, -16.896827697753906, -14.02032470703125], [51.99504089355469, 30.366670608520508, -59.5824089050293, 17.186973571777344, 35.634822845458984, -32.391605377197266, -33.876243591308594, -9.07953929901123, 15.94944953918457, 87.78118133544922, 36.508575439453125, -12.377958297729492, -2.178062677383423], [73.96708679199219, 53.44245910644531, -77.31104278564453, -28.079439163208008, -12.474801063537598, -34.009796142578125, -3.7635207176208496, -3.4939427375793457, -16.471481323242188, 36.508575439453125, 85.10564422607422, 18.28597068786621, -1.513328194618225], [39.89277267456055, 20.627742767333984, -15.068048477172852, -21.04404067993164, -14.245868682861328, -20.49252700805664, -1.8437678813934326, -6.4386396408081055, -16.896827697753906, -12.377958297729492, 18.28597068786621, 60.21025466918945, 25.703229904174805], [5.2735090255737305, 26.141096115112305, -21.76052474975586, 27.58656883239746, 20.491601943969727, -45.32135772705078, -19.909135818481445, -2.7267963886260986, -14.02032470703125, -2.178062677383423, -1.513328194618225, 25.703229904174805, 75.31420135498047]], "lowlevel.mfcc.icov": [[0.0008176128612831235, 0.0006844776216894388, 0.00048179260920733213, 0.00031113935983739793, 9.407410107087344e-05, 0.0003999308682978153, 7.071891013765708e-05, -0.00016807715292088687, -8.108475594781339e-05, -0.00029100850224494934, -0.0002215622371295467, -0.000456265319371596, 8.583982707932591e-05], [0.0006844776216894388, 0.0022774541284888983, 0.0019028979586437345, 0.00014666549395769835, 0.0001759879814926535, -0.00023353230790235102, -0.0004144201229792088, -0.0003705577692016959, -6.0953054344281554e-05, -0.0003501817409414798, -7.422886847052723e-05, -0.0006720248493365943, -0.0004473334993235767], [0.00048179260920733213, 0.0019028979586437345, 0.004934971686452627, 0.0002493362408131361, -0.0001187121742987074, -0.0025202466640621424, -0.00047875806922093034, 0.001732710050418973, -0.001529920264147222, 0.0010980763472616673, 0.0013145258417353034, -0.000565071648452431, -0.0009415949461981654], [0.00031113935983739793, 0.00014666549395769835, 0.0002493362408131361, 0.005804766900837421, -0.0025567079428583384, -0.00116472109220922, 0.0018411787459626794, -0.0016773048555478454, 0.0019775840919464827, -0.0008058790699578822, 0.0013288757763803005, 0.001481834682635963, -0.0018403116846457124], [9.407410107087344e-05, 0.0001759879814926535, -0.0001187121742987074, -0.0025567079428583384, 0.008180616423487663, 0.0008671191753819585, 0.0006656672339886427, 0.002189107472077012, -0.0015501040033996105, -0.002283047651872039, 0.0010209560859948397, 0.0007370170787908137, -0.0011998550035059452], [0.0003999308682978153, -0.00023353230790235102, -0.0025202466640621424, -0.00116472109220922, 0.0008671191753819585, 0.010678010061383247, -0.0036005754955112934, 0.0020582624711096287, -0.001217363285832107, 0.0007579608354717493, 0.0009249373688362539, 0.00020775954180862755, 0.0048069097101688385], [7.071891013765708e-05, -0.0004144201229792088, -0.00047875806922093034, 0.0018411787459626794, 0.0006656672339886427, -0.0036005754955112934, 0.01436219085007906, -0.007601830177009106, 0.001545265899039805, 0.0031241755932569504, -0.0017860116204246879, 0.0005111733335070312, 0.0006674092146568], [-0.00016807715292088687, -0.0003705577692016959, 0.001732710050418973, -0.0016773048555478454, 0.002189107472077012, 0.0020582624711096287, -0.007601830177009106, 0.01685427688062191, -0.003697215113788843, 0.0007243236759677529, 0.001455405494198203, 0.0018756771460175514, -0.0007791470270603895], [-8.108475594781339e-05, -6.0953054344281554e-05, -0.001529920264147222, 0.0019775840919464827, -0.0015501040033996105, -0.001217363285832107, 0.001545265899039805, -0.003697215113788843, 0.017188936471939087, -0.005626991391181946, 0.004133470356464386, 0.0009777807863429189, 0.00161073193885386], [-0.00029100850224494934, -0.0003501817409414798, 0.0010980763472616673, -0.0008058790699578822, -0.002283047651872039, 0.0007579608354717493, 0.0031241755932569504, 0.0007243236759677529, -0.005626991391181946, 0.021163541823625565, -0.010128254070878029, 0.006053523626178503, -2.1170613763388246e-05], [-0.0002215622371295467, -7.422886847052723e-05, 0.0013145258417353034, 0.0013288757763803005, 0.0010209560859948397, 0.0009249373688362539, -0.0017860116204246879, 0.001455405494198203, 0.004133470356464386, -0.010128254070878029, 0.020807966589927673, -0.00692079309374094, 0.0030503165908157825], [-0.000456265319371596, -0.0006720248493365943, -0.000565071648452431, 0.001481834682635963, 0.0007370170787908137, 0.00020775954180862755, 0.0005111733335070312, 0.0018756771460175514, 0.0009777807863429189, 0.006053523626178503, -0.00692079309374094, 0.02533063478767872, -0.008740122430026531], [8.583982707932591e-05, -0.0004473334993235767, -0.0009415949461981654, -0.0018403116846457124, -0.0011998550035059452, 0.0048069097101688385, 0.0006674092146568, -0.0007791470270603895, 0.00161073193885386, -2.1170613763388246e-05, 0.0030503165908157825, -0.008740122430026531, 0.020539650693535805]], "metadata.audio_properties.analysis.downmix": "mix", "metadata.audio_properties.codec": "mp3", "metadata.audio_properties.md5_encoded": "3010ff3a920090611a3c0009bf106f04", "metadata.tags.file_n