{"song_id": "1183706637433847808", "download": "https://cdn.discordapp.com/attachments/1135911532732108921/1183706637433847808/chirp.mp4?ex=65894fb6&amp", "lyrics": "[Verse] \nNo encerrar de um ano, olho para tr\u00e1s, Recordo os momentos, que n\u00e3o voltam mais. Com gratid\u00e3o pelas hist\u00f3rias vividas, Pelos sorrisos partilhados, pelas jornadas percorridas.", "style": ["MPB</span><span>, voz masculina"], "essentia_features": {"lowlevel.average_loudness": 0.9866100549697876, "lowlevel.barkbands_crest.mean": 11.687132835388184, "lowlevel.barkbands_crest.stdev": 4.080150604248047, "lowlevel.barkbands_flatness_db.mean": 0.24037684500217438, "lowlevel.barkbands_flatness_db.stdev": 0.07323358207941055, "lowlevel.barkbands_kurtosis.mean": 15.698200225830078, "lowlevel.barkbands_kurtosis.stdev": 18.259130477905273, "lowlevel.barkbands_skewness.mean": 2.7839739322662354, "lowlevel.barkbands_skewness.stdev": 1.60495924949646, "lowlevel.barkbands_spread.mean": 12.343046188354492, "lowlevel.barkbands_spread.stdev": 10.857982635498047, "lowlevel.dissonance.mean": 0.4372014105319977, "lowlevel.dissonance.stdev": 0.035495635122060776, "lowlevel.dynamic_complexity": 1.5525431632995605, "lowlevel.erbbands_crest.mean": 11.318593978881836, "lowlevel.erbbands_crest.stdev": 4.0704216957092285, "lowlevel.erbbands_flatness_db.mean": 0.1997440755367279, "lowlevel.erbbands_flatness_db.stdev": 0.046723317354917526, "lowlevel.erbbands_kurtosis.mean": 1.6256060600280762, "lowlevel.erbbands_kurtosis.stdev": 4.844912052154541, "lowlevel.erbbands_skewness.mean": 0.7959505915641785, "lowlevel.erbbands_skewness.stdev": 1.1930290460586548, "lowlevel.erbbands_spread.mean": 45.279109954833984, "lowlevel.erbbands_spread.stdev": 31.909347534179688, "lowlevel.hfc.mean": 16.533855438232422, "lowlevel.hfc.stdev": 11.590292930603027, "lowlevel.loudness_ebu128.integrated": -14.736151695251465, "lowlevel.loudness_ebu128.loudness_range": 0.4495124816894531, "lowlevel.loudness_ebu128.momentary.mean": -14.82686710357666, "lowlevel.loudness_ebu128.momentary.stdev": 0.917306661605835, "lowlevel.loudness_ebu128.short_term.mean": -14.722930908203125, "lowlevel.loudness_ebu128.short_term.stdev": 0.19456453621387482, "lowlevel.melbands_crest.mean": 17.26317024230957, "lowlevel.melbands_crest.stdev": 4.761752128601074, "lowlevel.melbands_flatness_db.mean": 0.31675732135772705, "lowlevel.melbands_flatness_db.stdev": 0.08995368331670761, "lowlevel.melbands_kurtosis.mean": 43.24477005004883, "lowlevel.melbands_kurtosis.stdev": 43.288848876953125, "lowlevel.melbands_skewness.mean": 4.523924827575684, "lowlevel.melbands_skewness.stdev": 2.4526638984680176, "lowlevel.melbands_spread.mean": 10.501527786254883, "lowlevel.melbands_spread.stdev": 9.97995662689209, "lowlevel.pitch_salience.mean": 0.489819198846817, "lowlevel.pitch_salience.stdev": 0.09834392368793488, "lowlevel.silence_rate_20dB.mean": 1.0, "lowlevel.silence_rate_20dB.stdev": 0.0, "lowlevel.silence_rate_30dB.mean": 1.0, "lowlevel.silence_rate_30dB.stdev": 0.0, "lowlevel.silence_rate_60dB.mean": 0.002114164875820279, "lowlevel.silence_rate_60dB.stdev": 0.04593142494559288, "lowlevel.spectral_centroid.mean": 723.7897338867188, "lowlevel.spectral_centroid.stdev": 482.865966796875, "lowlevel.spectral_complexity.mean": 11.98731517791748, "lowlevel.spectral_complexity.stdev": 6.635143756866455, "lowlevel.spectral_decrease.mean": -1.024512119585097e-08, "lowlevel.spectral_decrease.stdev": 4.405451559108542e-09, "lowlevel.spectral_energy.mean": 0.04016711190342903, "lowlevel.spectral_energy.stdev": 0.017142189666628838, "lowlevel.spectral_energyband_high.mean": 0.00044734025141224265, "lowlevel.spectral_energyband_high.stdev": 0.0008353624725714326, "lowlevel.spectral_energyband_low.mean": 0.014374816790223122, "lowlevel.spectral_energyband_low.stdev": 0.008437367156147957, "lowlevel.spectral_energyband_middle_high.mean": 0.003824415383860469, "lowlevel.spectral_energyband_middle_high.stdev": 0.005242557730525732, "lowlevel.spectral_energyband_middle_low.mean": 0.02523750811815262, "lowlevel.spectral_energyband_middle_low.stdev": 0.01583106629550457, "lowlevel.spectral_entropy.mean": 6.807015419006348, "lowlevel.spectral_entropy.stdev": 0.6586951613426208, "lowlevel.spectral_flux.mean": 0.07579855620861053, "lowlevel.spectral_flux.stdev": 0.03986090421676636, "lowlevel.spectral_kurtosis.mean": 8.80424976348877, "lowlevel.spectral_kurtosis.stdev": 14.57889175415039, "lowlevel.spectral_rms.mean": 0.006107218097895384, "lowlevel.spectral_rms.stdev": 0.0013745073229074478, "lowlevel.spectral_rolloff.mean": 615.4480590820312, "lowlevel.spectral_rolloff.stdev": 677.5407104492188, "lowlevel.spectral_skewness.mean": 1.941809892654419, "lowlevel.spectral_skewness.stdev": 1.1728135347366333, "lowlevel.spectral_spread.mean": 4104294.25, "lowlevel.spectral_spread.stdev": 2077731.375, "lowlevel.spectral_strongpeak.mean": 0.8291423916816711, "lowlevel.spectral_strongpeak.stdev": 0.702756404876709, "lowlevel.zerocrossingrate.mean": 0.029955487698316574, "lowlevel.zerocrossingrate.stdev": 0.020533571019768715, "metadata.audio_properties.analysis.equal_loudness": 0.0, "metadata.audio_properties.analysis.length": 10.943990707397461, "metadata.audio_properties.analysis.sample_rate": 44100.0, "metadata.audio_properties.analysis.start_time": 0.0, "metadata.audio_properties.bit_rate": 116972.0, "metadata.audio_properties.length": 10.944000244140625, "metadata.audio_properties.lossless": 0.0, "metadata.audio_properties.number_channels": 1.0, "metadata.audio_properties.replay_gain": -11.103914260864258, "metadata.audio_properties.sample_rate": 48000.0, "rhythm.beats_count": 23.0, "rhythm.beats_loudness.mean": 0.045398544520139694, "rhythm.beats_loudness.stdev": 0.01439520251005888, "rhythm.bpm": 129.47048950195312, "rhythm.bpm_histogram_first_peak_bpm": 129.0, "rhythm.bpm_histogram_first_peak_weight": 0.5, "rhythm.bpm_histogram_second_peak_bpm": 136.0, "rhythm.bpm_histogram_second_peak_spread": 0.375, "rhythm.bpm_histogram_second_peak_weight": 0.22727273404598236, "rhythm.danceability": 1.5551135540008545, "rhythm.onset_rate": 5.5657854080200195, "tonal.chords_changes_rate": 0.012658228166401386, "tonal.chords_number_rate": 0.016877636313438416, "tonal.chords_strength.mean": 0.5869707465171814, "tonal.chords_strength.stdev": 0.06704508513212204, "tonal.hpcp_crest.mean": 15.830218315124512, "tonal.hpcp_crest.stdev": 7.0235209465026855, "tonal.hpcp_entropy.mean": 1.7082709074020386, "tonal.hpcp_entropy.stdev": 0.656108558177948, "tonal.key_edma.strength": 0.6260794997215271, "tonal.key_krumhansl.strength": 0.6094905138015747, "tonal.key_temperley.strength": 0.5784282088279724, "tonal.tuning_diatonic_strength": 0.6383254528045654, "tonal.tuning_equal_tempered_deviation": 0.044563405215740204, "tonal.tuning_frequency": 437.7185363769531, "tonal.tuning_nontempered_energy_ratio": 0.6697037220001221, "lowlevel.barkbands.mean": [2.5793809982133098e-05, 0.005199833773076534, 0.0056340997107326984, 0.009001237340271473, 0.011490536853671074, 0.001829852582886815, 0.0008509567123837769, 0.0009605956147424877, 0.0006043714238330722, 0.0007806700305081904, 0.00029811332933604717, 0.00035085936542600393, 0.0003416441904846579, 0.0007443130598403513, 0.0006584454677067697, 0.0001955256739165634, 0.0002660858735907823, 0.0001977805804926902, 0.00017820289940573275, 0.00024369670427404344, 8.677888399688527e-05, 5.197609061724506e-05, 5.4327469115378335e-05, 5.784343011328019e-05, 5.7737863244256005e-05, 5.83039445700706e-06, 1.6737876862293888e-08], "lowlevel.barkbands.stdev": [3.5625012969831005e-05, 0.0037738007958978415, 0.00589027488604188, 0.00926484540104866, 0.010572227649390697, 0.001986744115129113, 0.001629222766496241, 0.0018727127462625504, 0.0018737456994131207, 0.0017607619520276785, 0.0006702006212435663, 0.0010335316183045506, 0.001333647291176021, 0.0016321225557476282, 0.0016254783840849996, 0.0004855241277255118, 0.0009030808578245342, 0.0003704343980643898, 0.0003686367126647383, 0.00038413130096159875, 0.0001809495297493413, 0.00017196872795466334, 0.00016629679885227233, 0.00015631331189069897, 0.00019059698388446122, 1.5962383258738555e-05, 1.2080667488589825e-07], "lowlevel.erbbands.mean": [0.037883345037698746, 1.5771342515945435, 7.210357666015625, 17.60542106628418, 55.112823486328125, 20.515520095825195, 9.81546688079834, 13.62476634979248, 20.167646408081055, 4.813013553619385, 28.35220718383789, 16.553133010864258, 26.234174728393555, 13.992029190063477, 11.639527320861816, 16.003084182739258, 19.10230827331543, 39.56700134277344, 40.72892379760742, 16.42990493774414, 13.467432022094727, 14.53154182434082, 11.464046478271484, 7.313305377960205, 11.173226356506348, 11.216168403625488, 6.638492107391357, 2.033208131790161, 1.8134839534759521, 1.9793291091918945, 1.392643928527832, 0.9033114910125732, 1.2142406702041626, 0.9441448450088501, 0.23258505761623383, 0.050240643322467804, 0.006836020387709141, 0.00036368300789035857, 3.2035164622357115e-05, 4.687791442847811e-05], "lowlevel.erbbands.stdev": [0.031291551887989044, 1.112354040145874, 6.419167995452881, 13.742108345031738, 46.86399459838867, 24.75600242614746, 11.118032455444336, 17.13233184814453, 35.630088806152344, 8.40639591217041, 51.94829177856445, 52.79397201538086, 66.83377075195312, 32.83164978027344, 22.229333877563477, 48.48849105834961, 70.54630279541016, 87.7065658569336, 95.88214874267578, 35.64869689941406, 31.728883743286133, 45.08454513549805, 23.939754486083984, 12.83154582977295, 23.95600700378418, 17.77809715270996, 11.251175880432129, 5.465767860412598, 6.038314342498779, 6.865848541259766, 4.062857151031494, 2.402247190475464, 3.5257163047790527, 3.1413733959198, 0.7903857827186584, 0.13734465837478638, 0.019739992916584015, 0.001320395851507783, 3.535209543770179e-05, 1.932922714331653e-05], "lowlevel.gfcc.mean": [-40.53920364379883, 134.25921630859375, -98.28351593017578, 52.17849349975586, -41.6197509765625, 10.608869552612305, -43.153560638427734, -1.7184875011444092, -36.35942077636719, -7.18756103515625, -9.088374137878418, -21.748016357421875, -1.4737780094146729], "lowlevel.melbands.mean": [0.0008658108417876065, 0.003228362649679184, 0.004337684251368046, 0.002920544706285, 0.00031144768581725657, 0.0003482929605524987, 0.00027412886265665293, 6.065407069399953e-05, 0.00023177747789304703, 8.989197522168979e-05, 0.0001276733964914456, 5.522991705220193e-05, 4.405927757034078e-05, 4.191453263047151e-05, 3.474742334219627e-05, 3.45618900610134e-05, 8.078721293713897e-05, 6.420932186301798e-05, 3.254354669479653e-05, 1.6146386769833043e-05, 1.558578514959663e-05, 1.4658557120128535e-05, 1.477070964028826e-05, 6.912776370882057e-06, 5.33741604158422e-06, 8.272749255411327e-06, 7.447079497069353e-06, 7.66826360631967e-06, 4.935540346195921e-06, 2.0902166397718247e-06, 8.441710974693706e-07, 1.016285295918351e-06, 1.0464164006407373e-06, 1.119395506066212e-06, 8.2019812452927e-07, 6.52282722057862e-07, 4.973505269845191e-07, 7.968554882609169e-07, 9.712774726722273e-07, 7.409053637275065e-07], "lowlevel.melbands.stdev": [0.0006337313097901642, 0.00241264165379107, 0.003157777711749077, 0.0026038247160613537, 0.0003227383131161332, 0.00044615971273742616, 0.00047524599358439445, 0.00011088079918408766, 0.0004139906377531588, 0.00029617620748467743, 0.00032858600025065243, 0.00014300449402071536, 9.22356775845401e-05, 0.00013219086395110935, 0.00011928132153116167, 0.00010752143862191588, 0.00018762462423183024, 0.00015182695642579347, 7.90441335993819e-05, 3.479538281681016e-05, 3.9448328607250005e-05, 4.75826564070303e-05, 3.730204116436653e-05, 1.3798348845739383e-05, 1.0092488992086146e-05, 2.0032704924233258e-05, 1.2947668437846005e-05, 1.3139962902641855e-05, 9.078185939870309e-06, 4.98006193083711e-06, 2.741702928688028e-06, 3.5964746984973317e-06, 3.6211376936989836e-06, 3.930271759600146e-06, 2.4292999114550184e-06, 1.8663824903342174e-06, 1.3288116633702884e-06, 2.2583121790376026e-06, 3.0775670438742964e-06, 2.5505332814645953e-06], "lowlevel.melbands128.mean": [1.0946170732495375e-05, 4.2464413127163425e-05, 0.0007309900247491896, 0.0033033709041774273, 0.004185923840850592, 0.002259923378005624, 0.00298583647236228, 0.005061750765889883, 0.006697645876556635, 0.0030069646891206503, 0.000489552621729672, 0.00022871956753078848, 0.0003834177041426301, 0.0002380267105763778, 0.00015251277363859117, 0.000560236512683332, 0.0005727134994231164, 0.0001314101682510227, 4.026679016533308e-05, 2.7317260901327245e-05, 3.2915148040046915e-05, 0.0002498807734809816, 0.00031861467869021, 0.00013173831393942237, 0.00012354065256658942, 2.0713770936708897e-05, 0.00011949666804866865, 0.00020370847778394818, 6.0588139604078606e-05, 6.783210119465366e-05, 3.025483420060482e-05, 7.262929284479469e-05, 5.7178986025974154e-05, 1.1478243322926573e-05, 3.214416210539639e-05, 6.400657730409876e-05, 4.389153400552459e-05, 1.0218136594630778e-05, 4.623311178875156e-05, 6.006549665471539e-05, 1.7500262401881628e-05, 1.7767159079085104e-05, 0.00011227421055082232, 0.00010430273687234148, 2.0377401597215794e-05, 8.212595275836065e-05, 8.723849896341562e-05, 1.3677458809979726e-05, 2.6011761292465962e-05, 1.7933240087586455e-05, 8.37283005239442e-06, 2.3630564101040363e-05, 1.1942209312110208e-05, 1.496761069574859e-05, 1.8221970094600692e-05, 9.6892035799101e-06, 1.9544142560334876e-05, 1.2301936294534244e-05, 1.79386497620726e-05, 9.229058377968613e-06, 5.25618406754802e-06, 5.121879894431913e-06, 6.815673714299919e-06, 4.198257556708995e-06, 5.62629111300339e-06, 8.830922524794005e-06, 9.83324116532458e-06, 7.428594472003169e-06, 6.365235549310455e-06, 8.410490409005433e-06, 7.5784410000778735e-06, 7.301692676264793e-06, 7.246264885907294e-06, 4.040177373099141e-06, 3.2551054118812317e-06, 2.558164851507172e-06, 1.3925800885772333e-06, 8.922523306864605e-07, 7.120082159417507e-07, 7.668947432648565e-07, 1.1402700010876288e-06, 1.094522190214775e-06, 8.763248615650809e-07, 1.0168166681978619e-06, 1.2117519645471475e-06, 1.1709186082953238e-06, 1.0813832886924502e-06, 1.0153432867809897e-06, 7.404380539810518e-07, 7.693877819292538e-07, 7.174353982009052e-07, 6.491522412943596e-07, 4.780058588949032e-07, 4.8131425955944e-07, 4.468205929697433e-07, 7.248531801451463e-07, 8.062389156293648e-07, 1.0184566008319962e-06, 9.627298140912899e-07, 9.755771088748588e-07, 9.832747309701517e-07, 7.1908777954377e-07, 4.3302577523718355e-07, 3.4905974644061644e-07, 1.8590326078538055e-07, 1.7263086249386106e-07, 1.67582882681927e-07, 1.1472265981637975e-07, 7.563993165149441e-08, 4.01175377362506e-08, 3.2510641290173226e-08, 2.3266027326940275e-08, 2.116293806864178e-08, 9.596432093417206e-09, 4.348124971187417e-09, 1.415386363667892e-09, 6.759475201789655e-10, 2.1868909461097985e-11, 9.14669381901767e-12, 6.3152408649735925e-12, 5.526405721933969e-12, 5.485036036478874e-12, 5.1838056416841916e-12, 5.093480758694424e-12, 4.9874653018644466e-12, 4.8586694563479416e-12, 4.781201476400376e-12, 4.749255676228525e-12], "lowlevel.melbands128.stdev": [2.2755690224585123e-05, 0.00010699839913286269, 0.0007810721290297806, 0.0024567507207393646, 0.0037606197874993086, 0.0024328934960067272, 0.0025880886241793633, 0.0055801039561629295, 0.006328118033707142, 0.0036009056493639946, 0.0012197584146633744, 0.00024729117285460234, 0.0005971615319140255, 0.0002112815564032644, 0.00016929724370129406, 0.0009709792211651802, 0.0010831775143742561, 0.00037372190854512155, 0.00015956559218466282, 9.706964920042083e-05, 8.936061931308359e-05, 0.0005204519256949425, 0.000661285303067416, 0.0004264183226041496, 0.0006484169280156493, 0.00010027630196418613, 0.0003858096606563777, 0.000580555119086057, 0.00019528601842466742, 0.0002733574074227363, 0.00012620356574188918, 0.00017414592730347067, 0.00014261208707466722, 3.766585359699093e-05, 0.00012665847316384315, 0.0002745921374298632, 0.00013821061293128878, 4.2008658056147397e-05, 0.00030466850148513913, 0.0002258381573483348, 4.654325675801374e-05, 8.740535849938169e-05, 0.00029432636802084744, 0.00027947433409281075, 9.177647734759375e-05, 0.0002498756512068212, 0.000284992391243577, 4.5068802137393504e-05, 0.00010148123692488298, 4.430939588928595e-05, 2.6918389266938902e-05, 6.679882790194824e-05, 4.6958411985542625e-05, 4.099104990018532e-05, 7.483583613066003e-05, 2.3559674446005374e-05, 8.842078386805952e-05, 4.691587673733011e-05, 3.91539215343073e-05, 2.6132966013392434e-05, 1.1494312275317498e-05, 1.6028528989409097e-05, 1.6873227650648914e-05, 9.412395229446702e-06, 1.067551420419477e-05, 2.4036551621975377e-05, 3.0058550692046992e-05, 1.5166472621785942e-05, 1.0953809578495566e-05, 1.6383692127419636e-05, 1.4643424947280437e-05, 1.4856366760795936e-05, 1.7623764506424777e-05, 7.269488833117066e-06, 7.167785952333361e-06, 6.480816864495864e-06, 4.0101908780343365e-06, 3.213156333004008e-06, 2.623244881760911e-06, 3.0409134978981456e-06, 4.705963419837644e-06, 4.117480330023682e-06, 3.379442659934284e-06, 3.738556642929325e-06, 4.715350314654643e-06, 4.6281834329420235e-06, 3.989808647020254e-06, 3.326204478071304e-06, 2.2872422960062977e-06, 2.457081109241699e-06, 2.216526354459347e-06, 2.053498064924497e-06, 1.4567825701305992e-06, 1.4659874523204053e-06, 1.2466017551560071e-06, 2.087215762003325e-06, 2.3752122615405824e-06, 3.6470548820943804e-06, 2.872751338145463e-06, 3.412912064959528e-06, 3.6381884456204716e-06, 2.5146046027657576e-06, 1.5460428812730242e-06, 1.4268284758145455e-06, 7.766516318952199e-07, 5.800884537165985e-07, 5.097757593830465e-07, 3.209217993571656e-07, 2.1281809381434869e-07, 1.5624489435595024e-07, 1.3088610728573258e-07, 8.019846831075483e-08, 7.039314908752203e-08, 3.9534718609957054e-08, 2.0880387197053096e-08, 1.2151336825638737e-08, 5.922367929400707e-09, 1.4685322402563372e-10, 6.594713664043184e-11, 1.6282258527566817e-11, 7.315302877342056e-12, 7.809689527016328e-12, 6.579484786856105e-12, 6.4650563548485085e-12, 6.368929689193337e-12, 6.2961654119508825e-12, 6.241436187326421e-12, 6.207727908102978e-12], "lowlevel.mfcc.mean": [-687.4581298828125, 153.9184112548828, 14.165975570678711, 41.95269012451172, 26.28620719909668, 7.06837272644043, 17.39964485168457, -8.247883796691895, -5.227848052978516, 2.306641101837158, -14.891899108886719, -2.5723979473114014, -0.945053219795227], "lowlevel.spectral_contrast_coeffs.mean": [-0.611043393611908, -0.6742157340049744, -0.7324565649032593, -0.7666186690330505, -0.7784674167633057, -0.7953978776931763], "lowlevel.spectral_contrast_coeffs.stdev": [0.05941912159323692, 0.08018413186073303, 0.07926619797945023, 0.07100178301334381, 0.054061148315668106, 0.039234403520822525], "lowlevel.spectral_contrast_valleys.mean": [-6.388367652893066, -7.654811382293701, -8.30247688293457, -8.248682975769043, -8.06716251373291, -11.098465919494629], "lowlevel.spectral_contrast_valleys.stdev": [0.5198642015457153, 0.745667576789856, 0.668571949005127, 0.7369289994239807, 0.909209132194519, 1.2400060892105103], "rhythm.beats_loudness_band_ratio.mean": [0.6383613348007202, 0.27956923842430115, 0.13819104433059692, 0.0692886933684349, 0.043918635696172714, 0.024552863091230392], "rhythm.beats_loudness_band_ratio.stdev": [0.18816685676574707, 0.1216217502951622, 0.11956492811441422, 0.09568849951028824, 0.05857650563120842, 0.026688426733016968], "tonal.hpcp.mean": [0.12807948887348175, 0.07403693348169327, 0.01805983856320381, 0.006761678960174322, 0.015133359469473362, 0.03741585463285446, 0.04775639623403549, 0.025119807571172714, 0.003778136568143964, 0.004624745808541775, 0.007544481661170721, 0.00731282914057374, 0.005751514807343483, 0.004725234117358923, 0.045817483216524124, 0.12429818511009216, 0.08988899737596512, 0.012849463149905205, 0.0064552598632872105, 0.012827572412788868, 0.21875765919685364, 0.40593039989471436, 0.2130073457956314, 0.02731744945049286, 0.014033189974725246, 0.005275736562907696, 0.011757628992199898, 0.022375792264938354, 0.06409315764904022, 0.335355281829834, 0.576793909072876, 0.32859715819358826, 0.04647218436002731, 0.015657508745789528, 0.015228977426886559, 0.07792691886425018], "tonal.hpcp.stdev": [0.3027747869491577, 0.19668644666671753, 0.08560997992753983, 0.037909671664237976, 0.0780368447303772, 0.14511749148368835, 0.13846562802791595, 0.09831928461790085, 0.02257072553038597, 0.04210377112030983, 0.06510318070650101, 0.029799925163388252, 0.021116629242897034, 0.014588109217584133, 0.07628557085990906, 0.18102385103702545, 0.1358434110879898, 0.0690084919333458, 0.042863354086875916, 0.038319606333971024, 0.2700558602809906, 0.43791404366493225, 0.25428691506385803, 0.09849170595407486, 0.07830605655908585, 0.033629875630140305, 0.07695116847753525, 0.11057034134864807, 0.1608693152666092, 0.3036418855190277, 0.43285560607910156, 0.30699971318244934, 0.14122611284255981, 0.07421302050352097, 0.06387021392583847, 0.19679300487041473], "rhythm.beats_position": [0.4411791265010834, 0.8939682245254517, 1.3467572927474976, 1.8111563920974731, 2.2755556106567383, 2.739954710006714, 3.2043535709381104, 3.668752670288086, 4.133152008056641, 4.562720775604248, 4.992290019989014, 5.421859264373779, 5.874648571014404, 6.315827369689941, 6.757006645202637, 7.198185920715332, 7.6625847816467285, 8.138593673706055, 8.614603042602539, 9.090612411499023, 9.543400764465332, 9.984580039978027, 10.425759315490723], "rhythm.bpm_histogram": [0.0, 0.0, 0.0, 0.0, 0.0, 0.0, 0.0, 0.0, 0.0, 0.0, 0.0, 0.0, 0.0, 0.0, 0.0, 0.0, 0.0, 0.0, 0.0, 0.0, 0.0, 0.0, 0.0, 0.0, 0.0, 0.0, 0.0, 0.0, 0.0, 0.0, 0.0, 0.0, 0.0, 0.0, 0.0, 0.0, 0.0, 0.0, 0.0, 0.0, 0.0, 0.0, 0.0, 0.0, 0.0, 0.0, 0.0, 0.0, 0.0, 0.0, 0.0, 0.0, 0.0, 0.0, 0.0, 0.0, 0.0, 0.0, 0.0, 0.0, 0.0, 0.0, 0.0, 0.0, 0.0, 0.0, 0.0, 0.0, 0.0, 0.0, 0.0, 0.0, 0.0, 0.0, 0.0, 0.0, 0.0, 0.0, 0.0, 0.0, 0.0, 0.0, 0.0, 0.0, 0.0, 0.0, 0.0, 0.0, 0.0, 0.0, 0.0, 0.0, 0.0, 0.0, 0.0, 0.0, 0.0, 0.0, 0.0, 0.0, 0.0, 0.0, 0.0, 0.0, 0.0, 0.0, 0.0, 0.0, 0.0, 0.0, 0.0, 0.0, 0.0, 0.0, 0.0, 0.0, 0.0, 0.0, 0.0, 0.0, 0.0, 0.0, 0.0, 0.0, 0.0, 0.0, 0.13636364042758942, 0.0, 0.0, 0.3181818127632141, 0.0, 0.0, 0.0, 0.1818181872367859, 0.0, 0.0, 0.22727273404598236, 0.0, 0.0, 0.0, 0.13636364042758942, 0.0, 0.0, 0.0, 0.0, 0.0, 0.0, 0.0, 0.0, 0.0, 0.0, 0.0, 0.0, 0.0, 0.0, 0.0, 0.0, 0.0, 0.0, 0.0, 0.0, 0.0, 0.0, 0.0, 0.0, 0.0, 0.0, 0.0, 0.0, 0.0, 0.0, 0.0, 0.0, 0.0, 0.0, 0.0, 0.0, 0.0, 0.0, 0.0, 0.0, 0.0, 0.0, 0.0, 0.0, 0.0, 0.0, 0.0, 0.0, 0.0, 0.0, 0.0, 0.0, 0.0, 0.0, 0.0, 0.0, 0.0, 0.0, 0.0, 0.0, 0.0, 0.0, 0.0, 0.0, 0.0, 0.0, 0.0, 0.0, 0.0, 0.0, 0.0, 0.0, 0.0, 0.0, 0.0, 0.0, 0.0, 0.0, 0.0, 0.0, 0.0, 0.0, 0.0, 0.0, 0.0, 0.0, 0.0, 0.0, 0.0, 0.0, 0.0, 0.0, 0.0, 0.0, 0.0, 0.0, 0.0, 0.0, 0.0, 0.0, 0.0, 0.0, 0.0, 0.0, 0.0, 0.0, 0.0, 0.0, 0.0], "tonal.chords_histogram": [0.0, 45.99156188964844, 44.725738525390625, 0.0, 0.0, 0.0, 3.3755273818969727, 0.0, 0.0, 0.0, 0.0, 0.0, 0.0, 0.0, 0.0, 0.0, 0.0, 0.0, 0.0, 0.0, 0.0, 0.0, 0.0, 5.907173156738281], "tonal.thpcp": [1.0, 0.5696959495544434, 0.08056982606649399, 0.027145760133862495, 0.026402805000543594, 0.13510356843471527, 0.22205416858196259, 0.12835942208766937, 0.031310729682445526, 0.01172286830842495, 0.02623703144490719, 0.06486867368221283, 0.08279629051685333, 0.043550752103328705, 0.006550236605107784, 0.00801802147179842, 0.013080029748380184, 0.012678408995270729, 0.009971524588763714, 0.008192240260541439, 0.07943475246429443, 0.2154984325170517, 0.15584248304367065, 0.022277390584349632, 0.011191622354090214, 0.022239437326788902, 0.37926486134529114, 0.7037702798843384, 0.3692954182624817, 0.047360848635435104, 0.024329643696546555, 0.009146657772362232, 0.020384453237056732, 0.03879339247941971, 0.11111968755722046, 0.581412672996521], "lowlevel.gfcc.cov": [[4698.060546875, -1303.9239501953125, -1042.2298583984375, -145.84967041015625, -653.4819946289062, 206.76132202148438, -442.8399353027344, 856.1713256835938, -170.1214599609375, 193.09632873535156, -211.11444091796875, -381.8554992675781, -195.8185577392578], [-1303.9239501953125, 1758.6092529296875, -346.9096984863281, -476.2588806152344, 521.1477661132812, -449.3667297363281, 365.8584289550781, -192.46189880371094, 136.46200561523438, -249.1007843017578, 277.1561584472656, -129.88894653320312, 168.31712341308594], [-1042.2298583984375, -346.9096984863281, 1209.34814453125, 445.24755859375, -44.160213470458984, 168.52101135253906, -45.71613311767578, -312.21783447265625, -28.039897918701172, 60.36760711669922, -61.60066604614258, 322.7855529785156, -8.533056259155273], [-145.84967041015625, -476.2588806152344, 445.24755859375, 615.0592651367188, -92.47589874267578, 13.07170295715332, -81.30040740966797, -156.5836639404297, -0.6018632650375366, 10.359404563903809, -1.2697161436080933, 172.31654357910156, 34.004817962646484], [-653.4819946289062, 521.1477661132812, -44.160213470458984, -92.47589874267578, 382.1338806152344, -140.2279510498047, 60.62076950073242, -79.33253479003906, 53.84775161743164, -71.35205841064453, 53.91648864746094, -18.132490158081055, 63.64960861206055], [206.76132202148438, -449.3667297363281, 168.52101135253906, 13.07170295715332, -140.2279510498047, 326.040771484375, -12.259159088134766, -0.6146565079689026, -47.10181427001953, 87.42754364013672, -102.6308364868164, 32.887184143066406, -62.94191360473633], [-442.8399353027344, 365.8584289550781, -45.71613311767578, -81.30040740966797, 60.62076950073242, -12.259159088134766, 323.5806884765625, -113.79939270019531, -37.80809783935547, -48.776641845703125, 68.16301727294922, 30.808902740478516, 13.219651222229004], [856.1713256835938, -192.46189880371094, -312.21783447265625, -156.5836639404297, -79.33253479003906, -0.6146565079689026, -113.79939270019531, 350.23443603515625, -0.39321470260620117, 16.650388717651367, -55.58675003051758, -151.9805908203125, -32.26202392578125], [-170.1214599609375, 136.46200561523438, -28.039897918701172, -0.6018632650375366, 53.84775161743164, -47.10181427001953, -37.80809783935547, -0.39321470260620117, 125.56976318359375, 3.465838670730591, -10.193422317504883, -21.885225296020508, 39.313899993896484], [193.09632873535156, -249.1007843017578, 60.36760711669922, 10.359404563903809, -71.35205841064453, 87.42754364013672, -48.776641845703125, 16.650388717651367, 3.465838670730591, 151.8927459716797, -63.86738586425781, 15.714111328125, -44.79849624633789], [-211.11444091796875, 277.1561584472656, -61.60066604614258, -1.2697161436080933, 53.91648864746094, -102.6308364868164, 68.16301727294922, -55.58675003051758, -10.193422317504883, -63.86738586425781, 143.16012573242188, -9.807854652404785, 12.245383262634277], [-381.8554992675781, -129.88894653320312, 322.7855529785156, 172.31654357910156, -18.132490158081055, 32.887184143066406, 30.808902740478516, -151.9805908203125, -21.885225296020508, 15.714111328125, -9.807854652404785, 210.4023895263672, 5.964080333709717], [-195.8185577392578, 168.31712341308594, -8.533056259155273, 34.004817962646484, 63.64960861206055, -62.94191360473633, 13.219651222229004, -32.26202392578125, 39.313899993896484, -44.79849624633789, 12.245383262634277, 5.964080333709717, 89.51636505126953]], "lowlevel.gfcc.icov": [[0.000836627499666065, -0.0010508833220228553, 0.0009145402000285685, -0.001290485612116754, 0.0011038394877687097, -0.0008486748556606472, 0.0011937073431909084, -0.0015636167954653502, 0.0018000329146161675, -0.0007487416150979698, 0.0011433387408033013, -0.00028371307416819036, 0.0009593333234079182], [-0.0010508833220228553, 0.011472568847239017, -0.0034485161304473877, 0.009753408841788769, -0.005061931908130646, 0.007991581223905087, -0.007625720929354429, 0.006286554038524628, -0.00911001954227686, 0.0041050985455513, -0.00921411532908678, 0.005001929122954607, -0.008311649784445763], [0.0009145402000285685, -0.0034485161304473877, 0.0033757092896848917, -0.0038994899950921535, 0.0017377306940034032, -0.0031771191861480474, 0.0031882082112133503, -0.0018812797497957945, 0.003529307898133993, -0.001421871013008058, 0.003398117609322071, -0.0030912316869944334, 0.003149040276184678], [-0.001290485612116754, 0.009753408841788769, -0.0038994899950921535, 0.011372034437954426, -0.003680084366351366, 0.007196709979325533, -0.005805807653814554, 0.006441285368055105, -0.008173788897693157, 0.00371091952547431, -0.008529148064553738, 0.003127336734905839, -0.008592808619141579], [0.0011038394877687097, -0.005061931908130646, 0.0017377306940034032, -0.003680084366351366, 0.0067972298711538315, -0.0023281301837414503, 0.0036591163370758295, -0.0024584573693573475, 0.004009989555925131, -0.001429374678991735, 0.004541427828371525, -0.0014736377634108067, 0.002600206295028329], [-0.0008486748556606472, 0.007991581223905087, -0.0031771191861480474, 0.007196709979325533, -0.0023281301837414503, 0.011289950460195541, -0.00604223133996129, 0.005375387612730265, -0.0053461529314517975, 0.0021052744705229998, -0.002887191018089652, 0.0044409772381186485, -0.0039957743138074875], [0.0011937073431909084, -0.007625720929354429, 0.0031882082112133503, -0.005805807653814554, 0.0036591163370758295, -0.00604223133996129, 0.010020959191024303, -0.003220019396394491, 0.007982620038092136, -0.0023765445221215487, 0.004922227934002876, -0.004111855756491423, 0.004874042235314846], [-0.0015636167954653502, 0.006286554038524628, -0.0018812797497957945, 0.006441285368055105, -0.0024584573693573475, 0.005375387612730265, -0.003220019396394491, 0.01103560533374548, -0.0054470147006213665, 0.0034072580747306347, -0.0028222030960023403, 0.005198439583182335, -0.003749634837731719], [0.0018000329146161675, -0.00911001954227686, 0.003529307898133993, -0.008173788897693157, 0.004009989555925131, -0.0053461529314517975, 0.007982620038092136, -0.0054470147006213665, 0.019521400332450867, -0.0057451361790299416, 0.008965613320469856, -0.002185106510296464, 0.002226795069873333], [-0.0007487416150979698, 0.0041050985455513, -0.001421871013008058, 0.00371091952547431, -0.001429374678991735, 0.0021052744705229998, -0.0023765445221215487, 0.0034072580747306347, -0.0057451361790299416, 0.011942300014197826, -0.000272436038358137, 0.0011258440790697932, 0.0016356295673176646], [0.0011433387408033013, -0.00921411532908678, 0.003398117609322071, -0.008529148064553738, 0.004541427828371525, -0.002887191018089652, 0.004922227934002876, -0.0028222030960023403, 0.008965613320469856, -0.000272436038358137, 0.020218150690197945, -0.0021370446775108576, 0.0096897566691041], [-0.00028371307416819036, 0.005001929122954607, -0.0030912316869944334, 0.003127336734905839, -0.0014736377634108067, 0.0044409772381186485, -0.004111855756491423, 0.005198439583182335, -0.002185106510296464, 0.0011258440790697932, -0.0021370446775108576, 0.012742128223180771, -0.0038907320704311132], [0.0009593333234079182, -0.008311649784445763, 0.003149040276184678, -0.008592808619141579, 0.002600206295028329, -0.0039957743138074875, 0.004874042235314846, -0.003749634837731719, 0.002226795069873333, 0.0016356295673176646, 0.0096897566691041, -0.0038907320704311132, 0.02450711652636528]], "lowlevel.mfcc.cov": [[5595.28369140625, -1466.2022705078125, -738.3064575195312, -667.3709106445312, -127.14141082763672, -954.5953979492188, 57.872989654541016, -93.58609008789062, 121.05245208740234, 598.0650634765625, 183.9588623046875, -69.110595703125, -217.60260009765625], [-1466.2022705078125, 2120.697021484375, -793.4014892578125, -34.86883544921875, -15.280750274658203, -173.7579803466797, 155.319580078125, 53.34658432006836, -64.6521224975586, 70.48040771484375, -93.10789489746094, 76.90696716308594, 36.925010681152344], [-738.3064575195312, -793.4014892578125, 1208.514404296875, 256.8927307128906, 12.435065269470215, 469.5870666503906, -128.41836547851562, 4.864725589752197, -10.64302921295166, -309.4825744628906, -3.0790138244628906, -2.4541893005371094, 91.96431732177734], [-667.3709106445312, -34.86883544921875, 256.8927307128906, 545.9474487304688, 71.97306823730469, 149.82261657714844, -64.15078735351562, 17.790193557739258, -51.37592697143555, -215.36444091796875, -89.24097442626953, 32.72097396850586, 128.99050903320312], [-127.14141082763672, -15.280750274658203, 12.435065269470215, 71.97306823730469, 345.37158203125, -87.34266662597656, -95.3044204711914, -39.43349075317383, 29.304201126098633, 18.32352638244629, -55.99052429199219, 6.53498649597168, 22.610198974609375], [-954.5953979492188, -173.7579803466797, 469.5870666503906, 149.82261657714844, -87.34266662597656, 585.1679077148438, -21.96284294128418, 6.452430248260498, -17.0851993560791, -237.95602416992188, 17.277738571166992, 0.5580450892448425, -9.455784797668457], [57.872989654541016, 155.319580078125, -128.41836547851562, -64.15078735351562, -95.3044204711914, -21.96284294128418, 208.9469451904297, 47.067779541015625, -52.04627227783203, 38.719390869140625, 8.456643104553223, 3.900761127471924, -10.553871154785156], [-93.58609008789062, 53.34658432006836, 4.864725589752197, 17.790193557739258, -39.43349075317383, 6.452430248260498, 47.067779541015625, 120.2056655883789, -15.356499671936035, -21.343219757080078, -22.5842342376709, -25.177099227905273, 20.366621017456055], [121.05245208740234, -64.6521224975586, -10.64302921295166, -51.37592697143555, 29.304201126098633, -17.0851993560791, -52.04627227783203, -15.356499671936035, 171.2484130859375, 29.870702743530273, 5.544269561767578, 4.790084362030029, -44.0277214050293], [598.0650634765625, 70.48040771484375, -309.4825744628906, -215.36444091796875, 18.32352638244629, -237.95602416992188, 38.719390869140625, -21.343219757080078, 29.870702743530273, 264.7164001464844, 59.02384948730469, -33.70518493652344, -91.75804901123047], [183.9588623046875, -93.10789489746094, -3.0790138244628906, -89.24097442626953, -55.99052429199219, 17.277738571166992, 8.456643104553223, -22.5842342376709, 5.544269561767578, 59.02384948730469, 107.9526596069336, -5.5333685874938965, -50.693511962890625], [-69.110595703125, 76.90696716308594, -2.4541893005371094, 32.72097396850586, 6.53498649597168, 0.5580450892448425, 3.900761127471924, -25.177099227905273, 4.790084362030029, -33.70518493652344, -5.5333685874938965, 95.34269714355469, 21.55375862121582], [-217.60260009765625, 36.925010681152344, 91.96431732177734, 128.99050903320312, 22.610198974609375, -9.455784797668457, -10.553871154785156, 20.366621017456055, -44.0277214050293, -91.75804901123047, -50.693511962890625, 21.55375862121582, 137.8398895263672]], "lowlevel.mfcc.icov": [[0.0005712146521545947, 0.0005965776508674026, 0.0003191239957232028, 0.00020462660177145153, 0.0003743013076018542, 0.0008013746701180935, -7.478619227185845e-05, 0.0001318217982770875, 2.3505010631197365e-06, -0.0001355062413495034, -7.713276204412978e-07, -0.0002266026276629418, 0.0002516073582228273], [0.0005965776508674026, 0.001368082594126463, 0.0009346164297312498, 0.00024813765776343644, 0.00035462467349134386, 0.0005031809560023248, -0.00021279136126395315, -0.00012539034651126713, 0.0001671744103077799, -0.00024028481857385486, 0.0005298001924529672, -0.0008274270803667605, -8.420416997978464e-05], [0.0003191239957232028, 0.0009346164297312498, 0.0021752952598035336, 0.00012802923447452486, -9.274083276977763e-05, -0.0006551206461153924, 0.0003542589256539941, -0.00022211532632354647, -1.6767085980973206e-05, 0.0007989720907062292, -0.0004571290628518909, -0.00011058495147153735, -0.000911810842808336], [0.00020462660177145153, 0.00024813765776343644, 0.00012802923447452486, 0.003222515108063817, -0.00037624905235134065, 3.200452556484379e-05, 0.0004457842733245343, -0.0001088490171241574, 0.0005296732415445149, 0.0015215935418382287, 0.0008418702054768801, -0.00034798862179741263, -0.0011842383537441492], [0.0003743013076018542, 0.00035462467349134386, -9.274083276977763e-05, -0.00037624905235134065, 0.00437780050560832, 0.0008808830752968788, 0.0014689004747197032, 0.001081937225535512, -0.00014083633141126484, -0.0015425554011017084, 0.0024746228009462357, -0.00038559336098842323, 0.00010334624676033854], [0.0008013746701180935, 0.0005031809560023248, -0.0006551206461153924, 3.200452556484379e-05, 0.0008808830752968788, 0.005594845861196518, -0.0006471907836385071, 0.0006404814776033163, 0.00011791602446464822, 0.004178439266979694, -0.0016865271609276533, 0.0007845447398722172, 0.003708822885528207], [-7.478619227185845e-05, -0.00021279136126395315, 0.0003542589256539941, 0.0004457842733245343, 0.0014689004747197032, -0.0006471907836385071, 0.007355334237217903, -0.0026639087591320276, 0.002149621956050396, -0.0015550936805084348, 0.0007854875293560326, -0.0017795313615351915, 0.00017540693806950003], [0.0001318217982770875, -0.00012539034651126713, -0.00022211532632354647, -0.0001088490171241574, 0.001081937225535512, 0.0006404814776033163, -0.0026639087591320276, 0.011300955899059772, -0.0007149317534640431, 0.0010185148566961288, 0.0018054015235975385, 0.003975817002356052, -0.0010236003436148167], [2.3505010631197365e-06, 0.0001671744103077799, -1.6767085980973206e-05, 0.0005296732415445149, -0.00014083633141126484, 0.00011791602446464822, 0.002149621956050396, -0.0007149317534640431, 0.0074101281352341175, -0.00026834444724954665, 0.0010771541856229305, -0.001577097224071622, 0.0026068652514368296], [-0.0001355062413495034, -0.00024028481857385486, 0.0007989720907062292, 0.0015215935418382287, -0.0015425554011017084, 0.004178439266979694, -0.0015550936805084348, 0.0010185148566961288, -0.00026834444724954665, 0.013746977783739567, -0.004852920304983854, 0.003492109477519989, 0.004898230079561472], [-7.713276204412978e-07, 0.0005298001924529672, -0.0004571290628518909, 0.0008418702054768801, 0.0024746228009462357, -0.0016865271609276533, 0.0007854875293560326, 0.0018054015235975385, 0.0010771541856229305, -0.004852920304983854, 0.015615388751029968, -0.00170712114777416, 0.001769156544469297], [-0.0002266026276629418, -0.0008274270803667605, -0.00011058495147153735, -0.00034798862179741263, -0.00038559336098842323, 0.0007845447398722172, -0.0017795313615351915, 0.003975817002356052, -0.001577097224071622, 0.003492109477519989, -0.00170712114777416, 0.013761813752353191, -0.0013021132908761501], [0.0002516073582228273, -8.420416997978464e-05, -0.000911810842808336, -0.0011842383537441492, 0.00010334624676033854, 0.003708822885528207, 0.00017540693806950003, -0.0010236003436148167, 0.0026068652514368296, 0.004898230079561472, 0.001769156544469297, -0.0013021132908761501, 0.014740852639079094]], "metadata.audio_properties.analysis.downmix": "mix", "metadata.audio_properties.codec": "mp3", "metadata.audio_properties.md5_encoded": "a9dcfbb289e5e10a698bb4ce0cd83493", "metadata.tags.file_name": "1183706637433847808.mp3", "metadata.version.essentia": "2.1-beta6-dev", "metadata.version.essentia_git_sha": "v2.1_beta5-1110-g77a6a954", "metadata.version.extractor": "music 2.0", "tonal.chords_key": "E", "tonal.chords_scale": "minor", "tonal.key_edma.key": "C", "tonal.key_edma.scale": "major", "tonal.key_krumhansl.key": "C", "tonal.key_krumhansl.scale": "major", "tonal.key_temperley.key": "C", "tonal.key_temperley.scale": "major", "metadata.tags.encoding": ["Lavf58.45.100"]}, "essentia_models": [{"model_name": "genre_dortmund", "activations": {"alternative": "0.03383956", "blues": "0.025574893", "electronic": "0.002541657", "folkcountry": "0.6698103", "funksoulrnb": "0.013107691", "jazz": "0.041127022", "pop": "0.18461657", "raphiphop": "0.31424204", "rock": "0.07260402"}}, {"model_name": "genre_rosamerica", "activations": {"classic": "0.006549762", "dance": "0.0006021215", "hip hop": "0.012673709", "jazz": "0.018798549", "pop": "0.13490666", "rhythm and blues": "0.12236509", "rock": "0.013859949", "speech": "0.48624888"}}, {"model_name": "genre_tzanetakis", "activations": {"blues": "0.47062346", "classic": "9.67292e-05", "country": "0.5607106", "disco": "0.009681684", "hip hop": "0.0068868115", "jazz": "0.004305661", "metal": "0.0042159054", "pop": "0.0056220465", "reggae": "0.0137284575", "rock": "0.063946985"}}, {"model_name": "ge