{"song_id": "1183698832035426305", "download": "https://cdn.discordapp.com/attachments/1135903449314238464/1183698832035426305/chirp.mp4?ex=65894871&amp", "lyrics": "(Verse 1)\nI am Ismail Haniyeh, living in luxury,\nIn my Qatar villa, that's the life for me.\nWhile Gaza's kids hungry, and their futures fade,\nI'm dining on caviar, in my golden parade.\n\n(Chorus)\nHaniyeh, Haniyeh, let me make it clear,\nI live without guilt, have no reason to fear.\nAs Gaza's young ones starve and cry,\nI'm in opulence, under the desert sky.\n\n(Verse 2)\nI count my riches, while they count their tears,\nIn their darkest hours, I feed on their fears.\nI say I'm a leader, a guiding star,\nBut in reality, I've strayed very far.", "style": ["hip hop</span><span>, rap</span><span>, middle eastern"], "essentia_features": {"lowlevel.average_loudness": 0.9766348004341125, "lowlevel.barkbands_crest.mean": 16.775239944458008, "lowlevel.barkbands_crest.stdev": 4.787734508514404, "lowlevel.barkbands_flatness_db.mean": 0.28664031624794006, "lowlevel.barkbands_flatness_db.stdev": 0.10673387348651886, "lowlevel.barkbands_kurtosis.mean": 63.340274810791016, "lowlevel.barkbands_kurtosis.stdev": 70.86367797851562, "lowlevel.barkbands_skewness.mean": 5.347150802612305, "lowlevel.barkbands_skewness.stdev": 3.4050307273864746, "lowlevel.barkbands_spread.mean": 8.741829872131348, "lowlevel.barkbands_spread.stdev": 11.223944664001465, "lowlevel.dissonance.mean": 0.4693414568901062, "lowlevel.dissonance.stdev": 0.02738211862742901, "lowlevel.dynamic_complexity": 2.480360984802246, "lowlevel.erbbands_crest.mean": 8.101306915283203, "lowlevel.erbbands_crest.stdev": 3.357898712158203, "lowlevel.erbbands_flatness_db.mean": 0.17008711397647858, "lowlevel.erbbands_flatness_db.stdev": 0.047239936888217926, "lowlevel.erbbands_kurtosis.mean": 0.1417771279811859, "lowlevel.erbbands_kurtosis.stdev": 1.6045280694961548, "lowlevel.erbbands_skewness.mean": 0.11612030118703842, "lowlevel.erbbands_skewness.stdev": 0.8233792781829834, "lowlevel.erbbands_spread.mean": 48.2661247253418, "lowlevel.erbbands_spread.stdev": 24.371252059936523, "lowlevel.hfc.mean": 22.434478759765625, "lowlevel.hfc.stdev": 20.175735473632812, "lowlevel.loudness_ebu128.integrated": -14.96171760559082, "lowlevel.loudness_ebu128.loudness_range": 1.0608530044555664, "lowlevel.loudness_ebu128.momentary.mean": -15.553854942321777, "lowlevel.loudness_ebu128.momentary.stdev": 2.5621731281280518, "lowlevel.loudness_ebu128.short_term.mean": -15.066469192504883, "lowlevel.loudness_ebu128.short_term.stdev": 0.4219077229499817, "lowlevel.melbands_crest.mean": 28.82779312133789, "lowlevel.melbands_crest.stdev": 9.276803016662598, "lowlevel.melbands_flatness_db.mean": 0.3730785846710205, "lowlevel.melbands_flatness_db.stdev": 0.1311379075050354, "lowlevel.melbands_kurtosis.mean": 169.42178344726562, "lowlevel.melbands_kurtosis.stdev": 203.7269287109375, "lowlevel.melbands_skewness.mean": 8.654563903808594, "lowlevel.melbands_skewness.stdev": 5.796984672546387, "lowlevel.melbands_spread.mean": 9.587550163269043, "lowlevel.melbands_spread.stdev": 18.016754150390625, "lowlevel.pitch_salience.mean": 0.322493314743042, "lowlevel.pitch_salience.stdev": 0.18503046035766602, "lowlevel.silence_rate_20dB.mean": 0.9955157041549683, "lowlevel.silence_rate_20dB.stdev": 0.06681408733129501, "lowlevel.silence_rate_30dB.mean": 0.23062139749526978, "lowlevel.silence_rate_30dB.stdev": 0.4212331175804138, "lowlevel.silence_rate_60dB.mean": 0.044843047857284546, "lowlevel.silence_rate_60dB.stdev": 0.20695869624614716, "lowlevel.spectral_centroid.mean": 1025.123291015625, "lowlevel.spectral_centroid.stdev": 685.322021484375, "lowlevel.spectral_complexity.mean": 14.77834701538086, "lowlevel.spectral_complexity.stdev": 10.645514488220215, "lowlevel.spectral_decrease.mean": -4.747154491724359e-08, "lowlevel.spectral_decrease.stdev": 2.6866429081451315e-08, "lowlevel.spectral_energy.mean": 0.1812032163143158, "lowlevel.spectral_energy.stdev": 0.10187012702226639, "lowlevel.spectral_energyband_high.mean": 0.0004952065064571798, "lowlevel.spectral_energyband_high.stdev": 0.0011697729350998998, "lowlevel.spectral_energyband_low.mean": 0.16690132021903992, "lowlevel.spectral_energyband_low.stdev": 0.10193013399839401, "lowlevel.spectral_energyband_middle_high.mean": 0.005380559712648392, "lowlevel.spectral_energyband_middle_high.stdev": 0.009452588856220245, "lowlevel.spectral_energyband_middle_low.mean": 0.008776550181210041, "lowlevel.spectral_energyband_middle_low.stdev": 0.010450959205627441, "lowlevel.spectral_entropy.mean": 7.3509321212768555, "lowlevel.spectral_entropy.stdev": 0.4323316812515259, "lowlevel.spectral_flux.mean": 0.09790371358394623, "lowlevel.spectral_flux.stdev": 0.07815022021532059, "lowlevel.spectral_kurtosis.mean": 5.547266483306885, "lowlevel.spectral_kurtosis.stdev": 4.185061931610107, "lowlevel.spectral_rms.mean": 0.012222470715641975, "lowlevel.spectral_rms.stdev": 0.005234010983258486, "lowlevel.spectral_rolloff.mean": 562.8297729492188, "lowlevel.spectral_rolloff.stdev": 1354.199951171875, "lowlevel.spectral_skewness.mean": 1.5393661260604858, "lowlevel.spectral_skewness.stdev": 0.5670598149299622, "lowlevel.spectral_spread.mean": 3522697.5, "lowlevel.spectral_spread.stdev": 1427029.625, "lowlevel.spectral_strongpeak.mean": 0.6802818775177002, "lowlevel.spectral_strongpeak.stdev": 0.48029735684394836, "lowlevel.zerocrossingrate.mean": 0.021435264497995377, "lowlevel.zerocrossingrate.stdev": 0.032641950994729996, "metadata.audio_properties.analysis.equal_loudness": 0.0, "metadata.audio_properties.analysis.length": 36.20265197753906, "metadata.audio_properties.analysis.sample_rate": 44100.0, "metadata.audio_properties.analysis.start_time": 0.0, "metadata.audio_properties.bit_rate": 125886.0, "metadata.audio_properties.length": 36.202667236328125, "metadata.audio_properties.lossless": 0.0, "metadata.audio_properties.number_channels": 1.0, "metadata.audio_properties.replay_gain": -8.417867660522461, "metadata.audio_properties.sample_rate": 48000.0, "rhythm.beats_count": 56.0, "rhythm.beats_loudness.mean": 0.15296147763729095, "rhythm.beats_loudness.stdev": 0.08850778639316559, "rhythm.bpm": 94.45331573486328, "rhythm.bpm_histogram_first_peak_bpm": 94.0, "rhythm.bpm_histogram_first_peak_weight": 0.5, "rhythm.bpm_histogram_second_peak_bpm": 88.0, "rhythm.bpm_histogram_second_peak_spread": 0.0, "rhythm.bpm_histogram_second_peak_weight": 0.0181818176060915, "rhythm.danceability": 1.151530146598816, "rhythm.onset_rate": 4.499887466430664, "tonal.chords_changes_rate": 0.09731113910675049, "tonal.chords_number_rate": 0.00896286778151989, "tonal.chords_strength.mean": 0.5104005932807922, "tonal.chords_strength.stdev": 0.05574436113238335, "tonal.hpcp_crest.mean": 13.681571006774902, "tonal.hpcp_crest.stdev": 6.138240814208984, "tonal.hpcp_entropy.mean": 2.0949339866638184, "tonal.hpcp_entropy.stdev": 0.7356519103050232, "tonal.key_edma.strength": 0.6167916655540466, "tonal.key_krumhansl.strength": 0.6053198575973511, "tonal.key_temperley.strength": 0.5800358653068542, "tonal.tuning_diatonic_strength": 0.5768117904663086, "tonal.tuning_equal_tempered_deviation": 0.31103870272636414, "tonal.tuning_frequency": 434.193115234375, "tonal.tuning_nontempered_energy_ratio": 0.9718000888824463, "lowlevel.barkbands.mean": [0.03428409621119499, 0.12637026607990265, 0.005987435579299927, 0.0030913108494132757, 0.0016308804042637348, 0.0018277864437550306, 0.00045418337685987353, 0.0006080864695832133, 0.0009948508813977242, 0.0009805246954783797, 0.0007545578991994262, 0.0006595570011995733, 0.000662236416246742, 0.00046579906484112144, 0.0005044303834438324, 0.0003480349259916693, 0.00044446796528063715, 0.0003153211437165737, 0.00023584945301990956, 0.00016158781363628805, 0.00011003873078152537, 0.00013462043716572225, 8.773036097409204e-05, 4.964711479260586e-05, 1.935202453751117e-05, 1.9146542399539612e-05, 1.6352247484974214e-06], "lowlevel.barkbands.stdev": [0.02289525419473648, 0.07957640290260315, 0.006734393071383238, 0.003935198299586773, 0.0035309584345668554, 0.003744199639186263, 0.0013887070817872882, 0.002180942101404071, 0.0023241229355335236, 0.003422823967412114, 0.002350921044126153, 0.002009826246649027, 0.002008488867431879, 0.0012746418360620737, 0.0012929722433909774, 0.0008748451364226639, 0.0008001216338016093, 0.0005974852829240263, 0.0004604851419571787, 0.00035248426138423383, 0.0003018502611666918, 0.0003544091305229813, 0.0002287954994244501, 0.0001318836148129776, 6.095973731135018e-05, 8.846366836223751e-05, 9.237147423846181e-06], "lowlevel.erbbands.mean": [7.866820335388184, 11.24925708770752, 7.563347816467285, 9.49023151397705, 7.8477277755737305, 5.776548385620117, 6.552663803100586, 18.30048370361328, 7.124965667724609, 11.461670875549316, 12.041444778442383, 21.399337768554688, 25.044925689697266, 40.49947738647461, 29.353971481323242, 25.82460594177246, 29.473329544067383, 25.334314346313477, 27.06024742126465, 23.531023025512695, 18.818511962890625, 25.677778244018555, 19.493125915527344, 12.902021408081055, 10.768640518188477, 7.546781063079834, 4.915173530578613, 4.243102550506592, 4.7606306076049805, 4.291422367095947, 2.05482816696167, 1.1976399421691895, 0.7204877734184265, 0.2881811857223511, 0.0991814061999321, 0.05091480165719986, 0.04335249215364456, 0.009187141433358192, 0.0002652430848684162, 0.00020260430756025016], "lowlevel.erbbands.stdev": [5.046777248382568, 8.646078109741211, 9.130825996398926, 10.11674976348877, 11.152681350708008, 15.809525489807129, 13.984648704528809, 38.9556999206543, 22.666236877441406, 28.0603084564209, 41.38425064086914, 48.30773162841797, 77.22408294677734, 143.1256866455078, 81.22779083251953, 74.89265441894531, 87.89190673828125, 65.14482116699219, 69.51177978515625, 59.266117095947266, 40.80516052246094, 45.899208068847656, 36.347076416015625, 22.80672836303711, 21.496042251586914, 16.692100524902344, 12.85738754272461, 11.9037504196167, 12.702672958374023, 10.937458038330078, 5.535122394561768, 3.2447972297668457, 1.9479248523712158, 0.8675390481948853, 0.3460976183414459, 0.2251531183719635, 0.20800459384918213, 0.0452217198908329, 0.0008996266406029463, 0.00011022806575056165], "lowlevel.gfcc.mean": [-30.839859008789062, 127.62570190429688, -108.03433990478516, 49.58170700073242, -25.739686965942383, 15.98210620880127, -14.953986167907715, 3.7969982624053955, -4.0237650871276855, -9.916840553283691, -3.5228607654571533, -1.3989773988723755, -5.496636867523193], "lowlevel.melbands.mean": [0.04990127310156822, 0.006549015175551176, 0.0016263247234746814, 0.0004474148736335337, 0.0002417353680357337, 0.00038575674989260733, 0.00010443724022479728, 0.00013320038851816207, 9.192639117827639e-05, 0.00014784230734221637, 0.00012478727148845792, 0.00016431539552286267, 0.0001008455001283437, 6.843166920589283e-05, 7.694445957895368e-05, 5.998207052471116e-05, 4.5409182348521426e-05, 4.35870788351167e-05, 3.604885205277242e-05, 2.7219433832215145e-05, 2.044735083472915e-05, 2.5400076992809772e-05, 2.6337127565057017e-05, 1.1759353583329357e-05, 1.0341946108383127e-05, 8.350498319487087e-06, 6.8502299654937815e-06, 4.5671945372305345e-06, 3.166596798109822e-06, 2.6534894459473435e-06, 2.356100139877526e-06, 2.6230065941490466e-06, 2.7338642212271225e-06, 2.2847916625323705e-06, 1.2659810408877092e-06, 7.341596415244567e-07, 7.57558552777482e-07, 5.951750381427701e-07, 3.2256093618343584e-07, 2.0270417167012056e-07], "lowlevel.melbands.stdev": [0.03159218654036522, 0.006032577250152826, 0.0016894693253561854, 0.000832552497740835, 0.0005337557522580028, 0.0008085263543762267, 0.0003236844786442816, 0.0003615471941884607, 0.00029343029018491507, 0.0003503769403323531, 0.00039677481981925666, 0.0005890135653316975, 0.000289285701001063, 0.0002049149334197864, 0.0002639201993588358, 0.0001785618078429252, 0.000125203761854209, 0.00011570069182198495, 9.395230881636962e-05, 7.202124106697738e-05, 4.478676419239491e-05, 4.666225868277252e-05, 5.245387728791684e-05, 2.1788382582599297e-05, 1.9028613678528927e-05, 1.7997013856074773e-05, 1.4132853721093852e-05, 1.1135616659885272e-05, 8.36047183838673e-06, 8.016485480766278e-06, 6.673938059975626e-06, 7.20055004421738e-06, 7.26228836356313e-06, 5.781581421615556e-06, 3.4599463560880395e-06, 2.1380164980655536e-06, 2.1757848571724026e-06, 1.6852211501827696e-06, 9.728610166348517e-07, 6.388719953065447e-07], "lowlevel.melbands128.mean": [0.03294942528009415, 0.0840681865811348, 0.0425310842692852, 0.012336249463260174, 0.004022963810712099, 0.0029603459406644106, 0.0019413114059716463, 0.0015176706947386265, 0.0006821239367127419, 0.00034427791251800954, 0.00033512021764181554, 0.00019311948562972248, 0.00012065030023222789, 0.00041506547131575644, 0.0005324402009136975, 0.0003112086560577154, 0.00012220755161251873, 5.619674629997462e-05, 8.146352774929255e-05, 0.0001444579684175551, 0.00015557973529212177, 0.00012584071373566985, 6.737628427799791e-05, 7.495323370676488e-05, 0.00011973316577496007, 0.000204674041015096, 0.00016316809342242777, 8.967602479970083e-05, 0.00010594513878459111, 0.00018634149455465376, 0.00019359338330104947, 0.000107686995761469, 9.433500235900283e-05, 9.572615817887709e-05, 8.171812078217044e-05, 4.9532816774444655e-05, 5.97417529206723e-05, 0.00010138472134713084, 6.785282312193885e-05, 5.630057421512902e-05, 6.660114013357088e-05, 5.344039527699351e-05, 3.4579861676320434e-05, 5.322050492395647e-05, 4.1855375457089394e-05, 3.798649049713276e-05, 5.1851147873094305e-05, 3.373504296177998e-05, 3.0401541152969003e-05, 3.5317003494128585e-05, 2.340633000130765e-05, 2.4868224500096403e-05, 2.0058225345565006e-05, 1.8762781110126525e-05, 2.0880979718640447e-05, 2.5076698875636794e-05, 3.0276522011263296e-05, 3.097066655755043e-05, 2.6061044991365634e-05, 1.480701394029893e-05, 1.015459838527022e-05, 9.829299415287096e-06, 1.0582731192698702e-05, 1.1140285096189473e-05, 8.768556654104032e-06, 8.652939868625253e-06, 7.575762538181152e-06, 7.523196472902782e-06, 7.1383688009518664e-06, 5.334572051651776e-06, 4.687926320912084e-06, 4.100870228285203e-06, 3.433048959777807e-06, 3.282723355368944e-06, 2.443586936351494e-06, 2.54121709986066e-06, 3.0588398658437654e-06, 2.197295316364034e-06, 2.2194099074113183e-06, 2.4162998215615517e-06, 2.6035158953163773e-06, 2.64873233390972e-06, 2.9168083983677207e-06, 2.7580697405937826e-06, 2.578311068646144e-06, 2.525913259887602e-06, 2.133206862708903e-06, 1.8829319969881908e-06, 1.1135706472487072e-06, 9.7357963113609e-07, 8.405693279200932e-07, 6.276456474552106e-07, 6.014858513481158e-07, 7.927101819404925e-07, 8.189824711735127e-07, 8.156366675393656e-07, 5.324503717929474e-07, 2.818327402565046e-07, 3.44665949114642e-07, 3.4447904795342765e-07, 2.581946603186225e-07, 1.7884556768876791e-07, 1.2644345304124727e-07, 1.3428532952275418e-07, 1.0230854030623959e-07, 9.109437115739638e-08, 8.830518538616161e-08, 7.400630863685365e-08, 7.378105237876298e-08, 7.740484875284892e-08, 1.2907409541185189e-07, 1.4702573025715537e-07, 1.7317202605227067e-07, 1.3452046232487191e-07, 1.0805663919200015e-07, 1.2911718272334838e-07, 6.75427216378921e-08, 1.5177272771893513e-09, 1.1146632228342668e-11, 8.99457765213274e-12, 8.761774292209701e-12, 8.593248508603768e-12, 8.298917976434783e-12, 8.175375307284405e-12, 7.994585028703316e-12, 7.753229482043711e-12, 7.623672526602121e-12, 7.57291018088635e-12], "lowlevel.melbands128.stdev": [0.021937979385256767, 0.05439814552664757, 0.028712840750813484, 0.011968431062996387, 0.00611531175673008, 0.003007348859682679, 0.0022425069473683834, 0.0019280808046460152, 0.0011602797312662005, 0.0009167892276309431, 0.001092291553504765, 0.0006223529926501215, 0.00032886650296859443, 0.0010697625111788511, 0.001123898196965456, 0.0010542591335251927, 0.0005203479086048901, 0.0003090468526352197, 0.00025976181495934725, 0.0003641174698714167, 0.0005982460570521653, 0.000616429140791297, 0.0002825080882757902, 0.00023484269331675023, 0.0003074457636103034, 0.0006223171367309988, 0.0005530318594537675, 0.0005362823139876127, 0.0004988359287381172, 0.0008072623750194907, 0.0009075768757611513, 0.0004121851234231144, 0.0003641856019385159, 0.0003428479249123484, 0.00036120321601629257, 0.00018528697546571493, 0.0002658842713572085, 0.0004305022594053298, 0.0003179375489708036, 0.0002666005748324096, 0.00022976026230026037, 0.0001875019515864551, 0.0001194536016555503, 0.00020348122052382678, 0.0001321451854892075, 0.00012973904085811228, 0.00019258326210547239, 0.00011662064207484946, 9.411651262780651e-05, 0.000135902882902883, 6.877499254187569e-05, 7.066271791700274e-05, 5.761339343735017e-05, 4.55583976872731e-05, 4.553031612886116e-05, 5.434907507151365e-05, 7.193982310127467e-05, 7.14822017471306e-05, 6.381097773555666e-05, 3.4180899092461914e-05, 2.0822148144361563e-05, 1.93862051673932e-05, 2.117486837960314e-05, 2.3938111553434283e-05, 2.1196925445110537e-05, 2.1709467546315864e-05, 1.8311966414330527e-05, 1.780277307261713e-05, 1.6235862858593464e-05, 1.318444174103206e-05, 1.2519893061835319e-05, 1.2335625797277316e-05, 9.871183465293143e-06, 9.375123227073345e-06, 7.293987891898723e-06, 8.259215974248946e-06, 1.070505277311895e-05, 6.4860905695240945e-06, 6.639123057539109e-06, 7.481731699954253e-06, 8.056139449763577e-06, 7.382702278846409e-06, 8.595561666879803e-06, 7.469005140592344e-06, 7.544332220277283e-06, 7.438231932610506e-06, 5.279952347336803e-06, 5.797498488391284e-06, 3.112825652351603e-06, 3.1219124139170162e-06, 2.7999358280794695e-06, 1.9482988591335015e-06, 1.6508228100065026e-06, 2.6607758627505973e-06, 2.5384617856616387e-06, 2.4704909264983144e-06, 1.662808244873304e-06, 8.950929100137728e-07, 1.1113162372566876e-06, 1.1828612969111418e-06, 8.478792778987554e-07, 6.012784297126927e-07, 5.235173148321337e-07, 5.51754737898591e-07, 4.108077575892821e-07, 3.3780622743506683e-07, 3.7849926570743264e-07, 4.083937028553919e-07, 3.621576638579427e-07, 3.432313349094329e-07, 7.090984013302659e-07, 7.459443622792605e-07, 9.529975955047121e-07, 7.036434226392885e-07, 4.508377173806366e-07, 7.106254997779615e-07, 3.7623703974531963e-07, 9.619977703323457e-09, 6.09645806060044e-11, 1.4821793098418468e-11, 1.4408902890283848e-11, 1.3948411869968425e-11, 1.3654403129004233e-11, 1.341465914045381e-11, 1.3216569332008543e-11, 1.3058140506394533e-11, 1.2942011178018742e-11, 1.287082419809682e-11], "lowlevel.mfcc.mean": [-674.9866333007812, 151.59999084472656, -5.013491153717041, 43.23153305053711, 17.431482315063477, 21.63484001159668, 5.061074733734131, 22.744930267333984, 1.3203701972961426, 9.208630561828613, 1.5070451498031616, 1.3986514806747437, 2.039137363433838], "lowlevel.spectral_contrast_coeffs.mean": [-0.704450786113739, -0.7638092637062073, -0.7921472787857056, -0.8065706491470337, -0.7844323515892029, -0.7200925946235657], "lowlevel.spectral_contrast_coeffs.stdev": [0.08595900237560272, 0.07809572666883469, 0.06693726032972336, 0.05607810616493225, 0.04862651228904724, 0.05401051416993141], "lowlevel.spectral_contrast_valleys.mean": [-6.400954723358154, -7.131137847900391, -7.447451591491699, -7.611670970916748, -7.8393449783325195, -11.524994850158691], "lowlevel.spectral_contrast_valleys.stdev": [1.0965850353240967, 0.6952744722366333, 0.7673810124397278, 0.7065009474754333, 0.7926384806632996, 1.280737280845642], "rhythm.beats_loudness_band_ratio.mean": [0.6859835386276245, 0.08557117730379105, 0.06748588383197784, 0.09986408799886703, 0.043998200446367264, 0.026657696813344955], "rhythm.beats_loudness_band_ratio.stdev": [0.3503424823284149, 0.13721099495887756, 0.09462244063615799, 0.14749360084533691, 0.07249552011489868, 0.030037520453333855], "tonal.hpcp.mean": [0.017184577882289886, 0.016689138486981392, 0.018114259466528893, 0.01785757951438427, 0.01583033986389637, 0.02585211955010891, 0.07671099901199341, 0.0838267058134079, 0.03319830074906349, 0.019458651542663574, 0.01914438046514988, 0.015847664326429367, 0.015420722775161266, 0.015386649407446384, 0.01700694113969803, 0.015983983874320984, 0.015642838552594185, 0.019363660365343094, 0.021297473460435867, 0.03250187635421753, 0.08748729526996613, 0.33653524518013, 0.7592127919197083, 0.5475311875343323, 0.09264412522315979, 0.06304964423179626, 0.056999336928129196, 0.058069802820682526, 0.050074853003025055, 0.037614855915308, 0.02714935503900051, 0.017611118033528328, 0.019128620624542236, 0.036159709095954895, 0.04545852169394493, 0.028365733101963997], "tonal.hpcp.stdev": [0.06660568714141846, 0.05746767297387123, 0.06000010669231415, 0.07225482165813446, 0.06679290533065796, 0.0779665857553482, 0.15649661421775818, 0.1624276340007782, 0.07790917158126831, 0.08122754842042923, 0.07683908194303513, 0.0660489946603775, 0.0710112527012825, 0.07061696797609329, 0.08196523040533066, 0.06594438850879669, 0.0753452405333519, 0.09543412923812866, 0.09036294370889664, 0.1187552884221077, 0.20530261099338531, 0.3233039379119873, 0.36131253838539124, 0.35014453530311584, 0.20965410768985748, 0.18740734457969666, 0.18711751699447632, 0.17886076867580414, 0.1604112833738327, 0.14877939224243164, 0.11484775692224503, 0.07467078417539597, 0.07415391504764557, 0.12017685174942017, 0.1665991246700287, 0.1030641570687294], "rhythm.beats_position": [0.6849886775016785, 1.369977355003357, 2.0201361179351807, 2.658684730529785, 3.2972335815429688, 3.9241721630096436, 4.562720775604248, 5.201269626617432, 5.8282084465026855, 6.466757297515869, 7.105306148529053, 7.755464553833008, 8.382403373718262, 9.009342193603516, 9.63628101348877, 10.274829864501953, 10.913378715515137, 11.56353759765625, 12.190476417541504, 12.817414283752441, 13.455963134765625, 14.094511985778809, 14.721450805664062, 15.359999656677246, 15.99854850769043, 16.625486373901367, 17.264036178588867, 17.902584075927734, 18.529523849487305, 19.156461715698242, 19.783401489257812, 20.43355941772461, 21.08371925354004, 21.710657119750977, 22.337596893310547, 22.976144790649414, 23.61469268798828, 24.24163246154785, 24.88018035888672, 25.51873016357422, 26.157278060913086, 26.795827865600586, 27.422765731811523, 28.049705505371094, 28.68825340270996, 29.326801300048828, 29.9537410736084, 30.603899002075195, 31.230838775634766, 31.869386672973633, 32.5079345703125, 33.146484375, 33.77342224121094, 34.41197204589844, 35.038909912109375, 35.677459716796875], "rhythm.bpm_histogram": [0.0, 0.0, 0.0, 0.0, 0.0, 0.0, 0.0, 0.0, 0.0, 0.0, 0.0, 0.0, 0.0, 0.0, 0.0, 0.0, 0.0, 0.0, 0.0, 0.0, 0.0, 0.0, 0.0, 0.0, 0.0, 0.0, 0.0, 0.0, 0.0, 0.0, 0.0, 0.0, 0.0, 0.0, 0.0, 0.0, 0.0, 0.0, 0.0, 0.0, 0.0, 0.0, 0.0, 0.0, 0.0, 0.0, 0.0, 0.0, 0.0, 0.0, 0.0, 0.0, 0.0, 0.0, 0.0, 0.0, 0.0, 0.0, 0.0, 0.0, 0.0, 0.0, 0.0, 0.0, 0.0, 0.0, 0.0, 0.0, 0.0, 0.0, 0.0, 0.0, 0.0, 0.0, 0.0, 0.0, 0.0, 0.0, 0.0, 0.0, 0.0, 0.0, 0.0, 0.0, 0.0, 0.0, 0.0, 0.0, 0.0181818176060915, 0.0, 0.0, 0.0, 0.1090909093618393, 0.0, 0.4909090995788574, 0.0, 0.38181817531585693, 0.0, 0.0, 0.0, 0.0, 0.0, 0.0, 0.0, 0.0, 0.0, 0.0, 0.0, 0.0, 0.0, 0.0, 0.0, 0.0, 0.0, 0.0, 0.0, 0.0, 0.0, 0.0, 0.0, 0.0, 0.0, 0.0, 0.0, 0.0, 0.0, 0.0, 0.0, 0.0, 0.0, 0.0, 0.0, 0.0, 0.0, 0.0, 0.0, 0.0, 0.0, 0.0, 0.0, 0.0, 0.0, 0.0, 0.0, 0.0, 0.0, 0.0, 0.0, 0.0, 0.0, 0.0, 0.0, 0.0, 0.0, 0.0, 0.0, 0.0, 0.0, 0.0, 0.0, 0.0, 0.0, 0.0, 0.0, 0.0, 0.0, 0.0, 0.0, 0.0, 0.0, 0.0, 0.0, 0.0, 0.0, 0.0, 0.0, 0.0, 0.0, 0.0, 0.0, 0.0, 0.0, 0.0, 0.0, 0.0, 0.0, 0.0, 0.0, 0.0, 0.0, 0.0, 0.0, 0.0, 0.0, 0.0, 0.0, 0.0, 0.0, 0.0, 0.0, 0.0, 0.0, 0.0, 0.0, 0.0, 0.0, 0.0, 0.0, 0.0, 0.0, 0.0, 0.0, 0.0, 0.0, 0.0, 0.0, 0.0, 0.0, 0.0, 0.0, 0.0, 0.0, 0.0, 0.0, 0.0, 0.0, 0.0, 0.0, 0.0, 0.0, 0.0, 0.0, 0.0, 0.0, 0.0, 0.0, 0.0, 0.0, 0.0, 0.0, 0.0, 0.0, 0.0, 0.0, 0.0, 0.0, 0.0, 0.0, 0.0, 0.0], "tonal.chords_histogram": [55.0576171875, 1.7925735712051392, 19.078105926513672, 0.0, 0.0, 0.0, 0.0, 1.0243277549743652, 1.0243277549743652, 20.998720169067383, 0.0, 0.0, 0.0, 0.0, 0.0, 0.0, 1.0243277549743652, 0.0, 0.0, 0.0, 0.0, 0.0, 0.0, 0.0], "tonal.thpcp": [1.0, 0.7211827635765076, 0.12202656269073486, 0.0830460786819458, 0.07507689297199249, 0.07648686319589615, 0.06595627963542938, 0.049544550478458405, 0.035759877413511276, 0.023196550086140633, 0.02519533410668373, 0.04762789607048035, 0.059875864535570145, 0.037362031638622284, 0.022634731605648994, 0.021982161328196526, 0.023859266191720963, 0.02352117747068405, 0.02085099183022976, 0.03405121713876724, 0.10104018449783325, 0.11041266471147537, 0.043727267533540726, 0.025630036368966103, 0.02521609328687191, 0.020873811095952988, 0.020311463624238968, 0.020266583189368248, 0.022400757297873497, 0.021053364500403404, 0.020604023709893227, 0.02550491876900196, 0.02805204689502716, 0.042809970676898956, 0.11523421853780746, 0.44326865673065186], "lowlevel.gfcc.cov": [[5113.677734375, -1218.909912109375, -32.29603958129883, 256.8421325683594, -261.8947448730469, 519.1953735351562, 21.376089096069336, 441.6142578125, -2.226905584335327, 372.4554443359375, 22.127195358276367, 323.5728454589844, -124.79411315917969], [-1218.909912109375, 2116.795654296875, -85.36412048339844, 15.970475196838379, 692.7138671875, -239.32473754882812, 519.5784301757812, -91.47199249267578, 499.5030822753906, -183.0485382080078, 418.8659362792969, -137.4835968017578, 284.2794189453125], [-32.29603958129883, -85.36412048339844, 1417.9798583984375, 522.7947387695312, 525.4036254882812, 366.3096618652344, 316.3830871582031, 241.4922332763672, 171.19256591796875, 309.2530212402344, 143.52194213867188, 152.80487060546875, 161.45726013183594], [256.8421325683594, 15.970475196838379, 522.7947387695312, 719.3993530273438, 331.281005859375, 182.52223205566406, 243.95407104492188, 100.33247375488281, 257.7252502441406, 125.63761901855469, 189.8789520263672, 52.75697708129883, 170.8688507080078], [-261.8947448730469, 692.7138671875, 525.4036254882812, 331.281005859375, 766.1536865234375, 181.5553741455078, 431.3099365234375, 154.13478088378906, 344.11669921875, 86.17693328857422, 267.9328918457031, 34.71546936035156, 184.55508422851562], [519.1953735351562, -239.32473754882812, 366.3096618652344, 182.52223205566406, 181.5553741455078, 478.4837341308594, 290.7541809082031, 166.50343322753906, 46.212764739990234, 114.894775390625, 68.29373931884766, 57.133026123046875, 29.4744873046875], [21.376089096069336, 519.5784301757812, 316.3830871582031, 243.95407104492188, 431.3099365234375, 290.7541809082031, 616.107421875, 151.48597717285156, 245.6876220703125, 39.77560806274414, 241.2332763671875, 23.31838607788086, 144.6818084716797], [441.6142578125, -91.47199249267578, 241.4922332763672, 100.33247375488281, 154.13478088378906, 166.50343322753906, 151.48597717285156, 237.7991943359375, 78.6916732788086, 84.31346130371094, 59.28369903564453, 48.235321044921875, 17.101686477661133], [-2.226905584335327, 499.5030822753906, 171.19256591796875, 257.7252502441406, 344.11669921875, 46.212764739990234, 245.6876220703125, 78.6916732788086, 360.8196716308594, 59.39195251464844, 199.87966918945312, 0.685719907283783, 138.98751831054688], [372.4554443359375, -183.0485382080078, 309.2530212402344, 125.63761901855469, 86.17693328857422, 114.894775390625, 39.77560806274414, 84.31346130371094, 59.39195251464844, 195.30316162109375, 28.640090942382812, 63.8564338684082, 17.00997543334961], [22.127195358276367, 418.8659362792969, 143.52194213867188, 189.8789520263672, 267.9328918457031, 68.29373931884766, 241.2332763671875, 59.28369903564453, 199.87966918945312, 28.640090942382812, 247.18057250976562, 26.929750442504883, 112.28250885009766], [323.5728454589844, -137.4835968017578, 152.80487060546875, 52.75697708129883, 34.71546936035156, 57.133026123046875, 23.31838607788086, 48.235321044921875, 0.685719907283783, 63.8564338684082, 26.929750442504883, 128.05479431152344, 28.079416275024414], [-124.79411315917969, 284.2794189453125, 161.45726013183594, 170.8688507080078, 184.55508422851562, 29.4744873046875, 144.6818084716797, 17.101686477661133, 138.98751831054688, 17.00997543334961, 112.28250885009766, 28.079416275024414, 157.86563110351562]], "lowlevel.gfcc.icov": [[0.0004291800141800195, -0.00014711692347191274, 0.00043401194852776825, -0.00036344872205518186, 0.000299474602798, -0.00043987747631035745, 0.00017399237549398094, -0.0007192580960690975, 9.981406037695706e-06, -0.0007276696269400418, 2.590020994830411e-05, -0.0009936494752764702, 0.00043210823787376285], [-0.00014711692347191274, 0.0029818222392350435, -0.0004692371585406363, 0.001999113243073225, -0.0014849004801362753, 0.002045055152848363, -0.0015404925215989351, 0.001725637586787343, -0.0017344621010124683, 0.0017858254723250866, -0.002310681389644742, 0.0024853101931512356, -0.002054663375020027], [0.00043401194852776825, -0.0004692371585406363, 0.0023552370257675648, -0.0013022673083469272, -0.0006286194548010826, -0.0008351434953510761, 0.00025994458701461554, -0.0013130379375070333, 0.001371223945170641, -0.0028823893517255783, 0.0008756127208471298, -0.0015824738657101989, -0.0002543622103985399], [-0.00036344872205518186, 0.001999113243073225, -0.0013022673083469272, 0.004180914722383022, -0.0008197214337997139, 0.0009627665276639163, -0.0007203595014289021, 0.001782258041203022, -0.002349170157685876, 0.001592769636772573, -0.0021823877468705177, 0.002444514539092779, -0.002820910420268774], [0.000299474602798, -0.0014849004801362753, -0.0006286194548010826, -0.0008197214337997139, 0.00456306803971529, -0.0011072320630773902, -7.575188647024333e-05, -0.0015425266465172172, -0.001159014063887298, -0.00038875004975125194, 4.667459870688617e-05, -0.0014026910066604614, 0.0008281975169666111], [-0.00043987747631035745, 0.002045055152848363, -0.0008351434953510761, 0.0009627665276639163, -0.0011072320630773902, 0.0060883620753884315, -0.0034788846969604492, 0.0003653619787655771, 0.0002323973021702841, 0.00033648809767328203, -0.0009168018004857004, 0.00220628478564322, -0.000893072341568768], [0.00017399237549398094, -0.0015404925215989351, 0.00025994458701461554, -0.0007203595014289021, -7.575188647024333e-05, -0.0034788846969604492, 0.005514791700989008, -0.001643303781747818, 0.00016144296387210488, 0.00032683342578820884, -0.001014989917166531, -0.0008668702212162316, -1.3926921383244917e-05], [-0.0007192580960690975, 0.001725637586787343, -0.0013130379375070333, 0.001782258041203022, -0.0015425266465172172, 0.0003653619787655771, -0.001643303781747818, 0.008832119405269623, -0.0021633675787597895, 0.001288320287130773, -0.0011063491692766547, 0.0012549292296171188, 0.00035170293995179236], [9.981406037695706e-06, -0.0017344621010124683, 0.001371223945170641, -0.002349170157685876, -0.001159014063887298, 0.0002323973021702841, 0.00016144296387210488, -0.0021633675787597895, 0.009544339030981064, -0.003934966400265694, -0.00109267164953053, 0.0009543393971398473, -0.0017021101666614413], [-0.0007276696269400418, 0.0017858254723250866, -0.0028823893517255783, 0.001592769636772573, -0.00038875004975125194, 0.00033648809767328203, 0.00032683342578820884, 0.001288320287130773, -0.003934966400265694, 0.012434856966137886, -0.0012485801707953215, -5.692017657565884e-05, 0.00040820095455273986], [2.590020994830411e-05, -0.002310681389644742, 0.0008756127208471298, -0.0021823877468705177, 4.667459870688617e-05, -0.0009168018004857004, -0.001014989917166531, -0.0011063491692766547, -0.00109267164953053, -0.0012485801707953215, 0.011997501365840435, -0.003592361928895116, 1.701762266748119e-05], [-0.0009936494752764702, 0.0024853101931512356, -0.0015824738657101989, 0.002444514539092779, -0.0014026910066604614, 0.00220628478564322, -0.0008668702212162316, 0.0012549292296171188, 0.0009543393971398473, -5.692017657565884e-05, -0.003592361928895116, 0.014898200519382954, -0.005330840591341257], [0.00043210823787376285, -0.002054663375020027, -0.0002543622103985399, -0.002820910420268774, 0.0008281975169666111, -0.000893072341568768, -1.3926921383244917e-05, 0.00035170293995179236, -0.0017021101666614413, 0.00040820095455273986, 1.701762266748119e-05, -0.005330840591341257, 0.015253333374857903]], "lowlevel.mfcc.cov": [[4845.15625, -1456.2470703125, -28.952083587646484, -348.3344421386719, -168.1420440673828, -60.9044075012207, 66.3225326538086, 96.4516830444336, 32.75224685668945, 50.1725959777832, 201.2969207763672, 66.50659942626953, 114.74411010742188], [-1456.2470703125, 2039.3431396484375, -420.67138671875, 294.5894775390625, 138.4984130859375, 80.52312469482422, 67.60861206054688, 209.85317993164062, 47.82172393798828, 150.4141387939453, 106.42450714111328, 113.47935485839844, 87.30184936523438], [-28.952083587646484, -420.67138671875, 902.677001953125, 254.3429718017578, 247.03271484375, 244.39266967773438, 242.7208709716797, 30.822824478149414, 209.2140350341797, 67.60845947265625, 85.66152954101562, 158.40162658691406, 119.68605041503906], [-348.3344421386719, 294.5894775390625, 254.3429718017578, 662.6591796875, 292.5359191894531, 199.2069091796875, 79.67339324951172, 112.69828796386719, 140.92849731445312, 138.65927124023438, 61.2139892578125, 170.71998596191406, 155.66741943359375], [-168.1420440673828, 138.4984130859375, 247.03271484375, 292.5359191894531, 437.5975646972656, 148.1839599609375, 106.85035705566406, 89.32368469238281, 132.4893341064453, 129.48097229003906, 82.53604125976562, 110.37061309814453, 124.32955932617188], [-60.9044075012207, 80.52312469482422, 244.39266967773438, 199.2069091796875, 148.1839599609375, 388.9563293457031, 235.46530151367188, 144.3312530517578, 157.42861938476562, 112.48200225830078, 123.20304107666016, 126.56794738769531, 66.31397247314453], [66.3225326538086, 67.60861206054688, 242.7208709716797, 79.67339324951172, 106.85035705566406, 235.46530151367188, 417.0125427246094, 216.99453735351562, 161.09280395507812, 97.22730255126953, 143.5198211669922, 126.87422180175781, 60.562870025634766], [96.4516830444336, 209.85317993164062, 30.822824478149414, 112.69828796386719, 89.32368469238281, 144.3312530517578, 216.99453735351562, 277.26617431640625, 111.10318756103516, 104.42239379882812, 104.44873046875, 101.01664733886719, 70.63651275634766], [32.75224685668945, 47.82172393798828, 209.2140350341797, 140.92849731445312, 132.4893341064453, 157.42861938476562, 161.09280395507812, 111.10318756103516, 230.90438842773438, 96.84535217285156, 104.91448974609375, 85.35629272460938, 69.01544952392578], [50.1725959777832, 150.4141387939453, 67.60845947265625, 138.65927124023438, 129.48097229003906, 112.48200225830078, 97.22730255126953, 104.42239379882812, 96.84535217285156, 181.36083984375, 115.81224060058594, 80.25453186035156, 51.01701736450195], [201.2969207763672, 106.42450714111328, 85.66152954101562, 61.2139892578125, 82.53604125976562, 123.20304107666016, 143.5198211669922, 104.44873046875, 104.91448974609375, 115.81224060058594, 182.54412841796875, 91.70079040527344, 51.796974182128906], [66.50659942626953, 113.47935485839844, 158.40162658691406, 170.71998596191406, 110.37061309814453, 126.56794738769531, 126.87422180175781, 101.01664733886719, 85.35629272460938, 80.25453186035156, 91.70079040527344, 154.7672576904297, 90.8326416015625], [114.74411010742188, 87.30184936523438, 119.68605041503906, 155.66741943359375, 124.32955932617188, 66.31397247314453, 60.562870025634766, 70.63651275634766, 69.01544952392578, 51.01701736450195, 51.796974182128906, 90.8326416015625, 138.8816375732422]], "lowlevel.mfcc.icov": [[0.0003876880509778857, 0.00038947464781813323, 0.0002650253300089389, 0.00015169157995842397, 0.00015073460235726088, 9.80330296442844e-05, 7.102012023096904e-05, -0.00016589435108471662, -6.314213806035696e-06, -0.00010934271267615259, -0.0005314951413311064, -0.00025022338377311826, -0.0006867167539894581], [0.00038947464781813323, 0.0011081650154665112, 0.0008581764413975179, -0.00015538321167696267, 1.4698134691570885e-05, 0.00010965654655592516, -5.123308801557869e-05, -0.00027687763213180006, -6.243325333343819e-05, -0.00020847725681960583, -0.0006178998737595975, -0.0006196790491230786, -0.0007427902892231941], [0.0002650253300089389, 0.0008581764413975179, 0.0027477373369038105, -0.0002540327550377697, -0.0005172779783606529, -0.0002870173775590956, -0.001225772313773632, 0.0014997924445196986, -0.0012175575830042362, 0.00026882209931500256, 0.00016644263814669102, -0.001660834881477058, -0.0009393375366926193], [0.00015169157995842397, -0.00015538321167696267, -0.0002540327550377697, 0.0033143507316708565, -0.0008210004307329655, -0.0007667537429369986, 0.001035968423821032, -0.00028105295496061444, -0.0004377822915557772, -0.0011573986848816276, 0.001597448019310832, -0.0021583966445177794, -0.001272807247005403], [0.00015073460235726088, 1.4698134691570885e-05, -0.0005172779783606529, -0.0008210004307329655, 0.004288672003895044, -0.00010553943866398185, -4.8856403736863285e-05, 0.00014678353909403086, -0.00033272954169660807, -0.001842742902226746, 4.3437052227091044e-05, 0.0007984422845765948, -0.002306167269125581], [9.80330296442844e-05, 0.00010965654655592516, -0.0002870173775590956, -0.0007667537429369986, -0.00010553943866398185, 0.005121242254972458, -0.0015577904414385557, -0.0002419834490865469, -0.0009212400182150304, -0.0003376667737029493, -0.0008254750864580274, -0.0010769306682050228, 0.001002448028884828], [7.102012023096904e-05, -5.123308801557869e-05, -0.001225772313773632, 0.001035968423821032, -4.8856403736863285e-05, -0.0015577904414385557, 0.0067523689940571785, -0.004027001094073057, -0.0007813951815478504, 0.0011397638591006398, -0.0016918799374252558, -0.0013771794037893414, 0.001261225319467485], [-0.00016589435108471662, -0.00027687763213180006, 0.0014997924445196986, -0.00028105295496061444, 0.00014678353909403086, -0.0002419834490865469, -0.004027001094073057, 0.008725720457732677, -0.0010877862805500627, -0.0018739919178187847, 0.0009179628104902804, -0.0012491567758843303, -0.0016605538548901677], [-6.314213806035696e-06, -6.243325333343819e-05, -0.0012175575830042362, -0.0004377822915557772, -0.00033272954169660807, -0.0009212400182150304, -0.0007813951815478504, -0.0010877862805500627, 0.008681442588567734, -0.0010609616292640567, -0.0021328849252313375, 0.0017747996607795358, -0.001073511317372322], [-0.00010934271267615259, -0.00020847725681960583, 0.00026882209931500256, -0.0011573986848816276, -0.001842742902226746, -0.0003376667737029493, 0.0011397638591006398, -0.0018739919178187847, -0.0010609616292640567, 0.012471088208258152, -0.00588216120377183, -0.000503391376696527, 0.002023116685450077], [-0.0005314951413311064, -0.0006178998737595975, 0.00016644263814669102, 0.001597448019310832, 4.3437052227091044e-05, -0.0008254750864580274, -0.0016918799374252558, 0.0009179628104902804, -0.0021328849252313375, -0.00588216120377183, 0.014092423021793365, -0.004002501256763935, 0.00010229530744254589], [-0.00025022338377311826, -0.0006196790491230786, -0.001660834881477058, -0.0021583966445177794, 0.0007984422845765948, -0.0010769306682050228, -0.0013771794037893414, -0.0012491567758843303, 0.0017747996607795358, -0.000503391376696527, -0.004002501256763935, 0.01838635839521885, -0.005747353658080101], [-0.0006867167539894581, -0.0007427902892231941, -0.0009393375366926193, -0.001272807247005403, -0.002306167269125581, 0.001002448028884828, 0.001261225319467485, -0.0016605538548901677, -0.001073511317372322, 0.002023116685450077, 0.00010229530744254589, -0.005747353658080101, 0.015862347558140755]], "metadata.audio_properties.analysis.downmix": "mix", "metadata.audio_properties.codec": "mp3", "metadata.audio_properties.md5_encoded": "21fa72ca48322675904f1e1bd296fc49", "metadata.tags.file_name": "1183698832035426305.mp3", "metadata.version.essentia": "2.1-beta6-dev", "metadata.version.essentia_git_sha": "v2.1_beta5-1110-g77a6a954", "metadata.version.extractor": "music 2.0", "tonal.chords_key": "A", "tonal.chords_scale": "minor", "tonal.key_edma.key": "A", "tonal.key_edma.scale": "minor", "tonal.key_krumhansl.key": "A", "tonal.key_krumhansl.scale": "minor", "tonal.key_tempe