{"song_id": "1183654121874669578", "download": "https://cdn.discordapp.com/attachments/1135903449314238464/1183654121874669578/chirp.mp4?ex=65891ecd&amp", "lyrics": "(Chorus)\nWalking through words, learning in stride,\n\u8d70\u7740\u5b66\u8bed\u8a00\uff0c\u4e00\u6b65\u4e00\u4e2a\u811a\u5370\uff0c\nEnglish expressions, a joyful ride.\n\u82f1\u8bed\u8868\u8fbe\uff0c\u6109\u5feb\u7684\u65c5\u7a0b\u3002", "style": ["sea shanty"], "essentia_features": {"lowlevel.average_loudness": 0.9845266342163086, "lowlevel.barkbands_crest.mean": 12.957391738891602, "lowlevel.barkbands_crest.stdev": 3.556232452392578, "lowlevel.barkbands_flatness_db.mean": 0.16961947083473206, "lowlevel.barkbands_flatness_db.stdev": 0.06527315825223923, "lowlevel.barkbands_kurtosis.mean": 20.341854095458984, "lowlevel.barkbands_kurtosis.stdev": 33.64616394042969, "lowlevel.barkbands_skewness.mean": 3.4294540882110596, "lowlevel.barkbands_skewness.stdev": 2.372305393218994, "lowlevel.barkbands_spread.mean": 21.888479232788086, "lowlevel.barkbands_spread.stdev": 15.137742042541504, "lowlevel.dissonance.mean": 0.48305994272232056, "lowlevel.dissonance.stdev": 0.013976875692605972, "lowlevel.dynamic_complexity": 1.1710710525512695, "lowlevel.erbbands_crest.mean": 7.76652717590332, "lowlevel.erbbands_crest.stdev": 3.3178393840789795, "lowlevel.erbbands_flatness_db.mean": 0.1232978031039238, "lowlevel.erbbands_flatness_db.stdev": 0.030290083959698677, "lowlevel.erbbands_kurtosis.mean": -0.2881876826286316, "lowlevel.erbbands_kurtosis.stdev": 1.2682170867919922, "lowlevel.erbbands_skewness.mean": -0.2603137791156769, "lowlevel.erbbands_skewness.stdev": 0.8812134265899658, "lowlevel.erbbands_spread.mean": 67.26323699951172, "lowlevel.erbbands_spread.stdev": 24.856182098388672, "lowlevel.hfc.mean": 24.521045684814453, "lowlevel.hfc.stdev": 16.465621948242188, "lowlevel.loudness_ebu128.integrated": -13.639242172241211, "lowlevel.loudness_ebu128.loudness_range": 0.5836277008056641, "lowlevel.loudness_ebu128.momentary.mean": -13.686745643615723, "lowlevel.loudness_ebu128.momentary.stdev": 0.6515983939170837, "lowlevel.loudness_ebu128.short_term.mean": -13.612024307250977, "lowlevel.loudness_ebu128.short_term.stdev": 0.19655659794807434, "lowlevel.melbands_crest.mean": 20.130033493041992, "lowlevel.melbands_crest.stdev": 4.3781023025512695, "lowlevel.melbands_flatness_db.mean": 0.26124972105026245, "lowlevel.melbands_flatness_db.stdev": 0.07925193011760712, "lowlevel.melbands_kurtosis.mean": 68.98412322998047, "lowlevel.melbands_kurtosis.stdev": 82.70465087890625, "lowlevel.melbands_skewness.mean": 6.212063789367676, "lowlevel.melbands_skewness.stdev": 3.2183244228363037, "lowlevel.melbands_spread.mean": 13.972220420837402, "lowlevel.melbands_spread.stdev": 12.667058944702148, "lowlevel.pitch_salience.mean": 0.46693021059036255, "lowlevel.pitch_salience.stdev": 0.10227447748184204, "lowlevel.silence_rate_20dB.mean": 1.0, "lowlevel.silence_rate_20dB.stdev": 0.0, "lowlevel.silence_rate_30dB.mean": 0.9327957034111023, "lowlevel.silence_rate_30dB.stdev": 0.2503757178783417, "lowlevel.silence_rate_60dB.mean": 0.005376344081014395, "lowlevel.silence_rate_60dB.stdev": 0.07312621176242828, "lowlevel.spectral_centroid.mean": 1460.8021240234375, "lowlevel.spectral_centroid.stdev": 710.6331176757812, "lowlevel.spectral_complexity.mean": 20.67473030090332, "lowlevel.spectral_complexity.stdev": 12.80978012084961, "lowlevel.spectral_decrease.mean": -1.4119953206659375e-08, "lowlevel.spectral_decrease.stdev": 8.041158849891872e-09, "lowlevel.spectral_energy.mean": 0.05551610887050629, "lowlevel.spectral_energy.stdev": 0.030683228746056557, "lowlevel.spectral_energyband_high.mean": 0.0013601097743958235, "lowlevel.spectral_energyband_high.stdev": 0.0017355773597955704, "lowlevel.spectral_energyband_low.mean": 0.041753072291612625, "lowlevel.spectral_energyband_low.stdev": 0.030619025230407715, "lowlevel.spectral_energyband_middle_high.mean": 0.003951657097786665, "lowlevel.spectral_energyband_middle_high.stdev": 0.003274161834269762, "lowlevel.spectral_energyband_middle_low.mean": 0.010297168977558613, "lowlevel.spectral_energyband_middle_low.stdev": 0.010597019456326962, "lowlevel.spectral_entropy.mean": 7.688050746917725, "lowlevel.spectral_entropy.stdev": 0.3771519362926483, "lowlevel.spectral_flux.mean": 0.11193754523992538, "lowlevel.spectral_flux.stdev": 0.061638180166482925, "lowlevel.spectral_kurtosis.mean": 3.0950419902801514, "lowlevel.spectral_kurtosis.stdev": 1.6994110345840454, "lowlevel.spectral_rms.mean": 0.007106716278940439, "lowlevel.spectral_rms.stdev": 0.0019122306257486343, "lowlevel.spectral_rolloff.mean": 897.5064086914062, "lowlevel.spectral_rolloff.stdev": 1139.4478759765625, "lowlevel.spectral_skewness.mean": 1.1346341371536255, "lowlevel.spectral_skewness.stdev": 0.3173818290233612, "lowlevel.spectral_spread.mean": 4937530.0, "lowlevel.spectral_spread.stdev": 1531462.0, "lowlevel.spectral_strongpeak.mean": 0.5764988660812378, "lowlevel.spectral_strongpeak.stdev": 0.3441830277442932, "lowlevel.zerocrossingrate.mean": 0.050329722464084625, "lowlevel.zerocrossingrate.stdev": 0.028058551251888275, "metadata.audio_properties.analysis.equal_loudness": 0.0, "metadata.audio_properties.analysis.length": 8.59732437133789, "metadata.audio_properties.analysis.sample_rate": 44100.0, "metadata.audio_properties.analysis.start_time": 0.0, "metadata.audio_properties.bit_rate": 124000.0, "metadata.audio_properties.length": 8.597332954406738, "metadata.audio_properties.lossless": 0.0, "metadata.audio_properties.number_channels": 1.0, "metadata.audio_properties.replay_gain": -11.379278182983398, "metadata.audio_properties.sample_rate": 48000.0, "rhythm.beats_count": 19.0, "rhythm.beats_loudness.mean": 0.058638911694288254, "rhythm.beats_loudness.stdev": 0.02089950628578663, "rhythm.bpm": 137.4694366455078, "rhythm.bpm_histogram_first_peak_bpm": 136.0, "rhythm.bpm_histogram_first_peak_weight": 0.40000003576278687, "rhythm.bpm_histogram_second_peak_bpm": 120.0, "rhythm.bpm_histogram_second_peak_spread": 0.5, "rhythm.bpm_histogram_second_peak_weight": 0.0555555559694767, "rhythm.danceability": 1.675981879234314, "rhythm.onset_rate": 4.411114692687988, "tonal.chords_changes_rate": 0.05347593501210213, "tonal.chords_number_rate": 0.01604278013110161, "tonal.chords_strength.mean": 0.5741198062896729, "tonal.chords_strength.stdev": 0.0417327843606472, "tonal.hpcp_crest.mean": 10.841131210327148, "tonal.hpcp_crest.stdev": 4.846313953399658, "tonal.hpcp_entropy.mean": 2.580970525741577, "tonal.hpcp_entropy.stdev": 0.741439700126648, "tonal.key_edma.strength": 0.6406934261322021, "tonal.key_krumhansl.strength": 0.6255658864974976, "tonal.key_temperley.strength": 0.5987792015075684, "tonal.tuning_diatonic_strength": 0.5921205282211304, "tonal.tuning_equal_tempered_deviation": 0.15642637014389038, "tonal.tuning_frequency": 437.7185363769531, "tonal.tuning_nontempered_energy_ratio": 0.746772050857544, "lowlevel.barkbands.mean": [0.0005535316886380315, 0.018211686983704567, 0.02117934450507164, 0.00415146304294467, 0.0029262821190059185, 0.0017185903852805495, 0.0005203330074436963, 0.0006073645781725645, 0.00031156695331446826, 0.00023860616784077138, 0.0002476902154739946, 0.00031661990215070546, 0.0003067655488848686, 0.00032277568243443966, 0.00023848148703109473, 0.0003378672117833048, 0.0005280851037241518, 0.0003525725333020091, 0.0007919769850559533, 0.0004307185881771147, 0.00032469609868712723, 0.0003691207093652338, 0.0002401000092504546, 0.0001082055241568014, 9.541130566503853e-05, 8.045667345868424e-05, 5.832140232087113e-06], "lowlevel.barkbands.stdev": [0.001139278756454587, 0.0200558602809906, 0.01625754125416279, 0.005135699175298214, 0.006862379610538483, 0.0029932945035398006, 0.0013551778392866254, 0.0012153368443250656, 0.0005557098193094134, 0.0005017941584810615, 0.0005071474588476121, 0.0006457229610532522, 0.000489372352603823, 0.0005848000873811543, 0.00032306535285897553, 0.0004671089118346572, 0.0006449221400544047, 0.0004102845850866288, 0.0009103472693823278, 0.0006212439620867372, 0.00041148491436615586, 0.0005811068112961948, 0.0003755284706130624, 0.00015977256407495588, 0.00015062771853990853, 0.00011048056330764666, 1.3744279385718983e-05], "lowlevel.erbbands.mean": [0.5346854329109192, 4.365118980407715, 23.211942672729492, 16.233287811279297, 11.321396827697754, 11.799917221069336, 9.935232162475586, 14.913661003112793, 6.322569370269775, 13.51563549041748, 10.015032768249512, 7.572417736053467, 6.4077606201171875, 8.992104530334473, 11.696816444396973, 12.48057746887207, 13.422224044799805, 18.217994689941406, 13.870716094970703, 12.302989959716797, 22.485151290893555, 30.6853084564209, 20.70377540588379, 25.939132690429688, 44.014625549316406, 20.063142776489258, 12.377633094787598, 13.61337947845459, 13.78853988647461, 10.4235200881958, 5.92874002456665, 2.852076292037964, 1.6053138971328735, 1.0629013776779175, 0.6954976320266724, 0.3455832600593567, 0.1520242989063263, 0.027039282023906708, 0.0007223065476864576, 8.29428099677898e-05], "lowlevel.erbbands.stdev": [0.6610788702964783, 4.456180572509766, 17.354246139526367, 17.414371490478516, 12.687819480895996, 32.29998016357422, 16.373096466064453, 26.869367599487305, 19.156442642211914, 27.533946990966797, 20.94409942626953, 13.485432624816895, 10.870097160339355, 21.27762222290039, 20.260318756103516, 24.867412567138672, 20.18922996520996, 33.265625, 17.916452407836914, 18.024892807006836, 29.66397476196289, 36.85781478881836, 23.774471282958984, 32.17422866821289, 54.008888244628906, 25.124300003051758, 15.143352508544922, 18.78059959411621, 22.19381332397461, 16.40998077392578, 9.02064323425293, 4.1381354331970215, 2.515732765197754, 1.8155657052993774, 1.050896406173706, 0.47690549492836, 0.21910588443279266, 0.04678550735116005, 0.0014541764976456761, 5.1951396017102525e-05], "lowlevel.gfcc.mean": [22.157060623168945, 75.26908111572266, -85.45790100097656, 69.26984405517578, -32.12293243408203, 15.715380668640137, -28.218936920166016, 11.61989974975586, -26.359920501708984, 5.107327461242676, -21.753128051757812, 3.4558210372924805, -20.63054847717285], "lowlevel.melbands.mean": [0.004764657933264971, 0.009294393472373486, 0.0028744691517204046, 0.0008236114517785609, 0.0003784840810112655, 0.0003260177036281675, 9.596867312211543e-05, 0.00015208564582280815, 7.439726323354989e-05, 4.471186548471451e-05, 3.1260995456250384e-05, 3.559798642527312e-05, 3.7526133382925764e-05, 3.7274738133419305e-05, 2.683829006855376e-05, 3.331401967443526e-05, 3.350130282342434e-05, 2.2229856767808087e-05, 1.6899359252420254e-05, 1.798367520677857e-05, 2.8134843887528405e-05, 3.392083090147935e-05, 2.2108708435553126e-05, 1.5549183444818482e-05, 2.0398592823767103e-05, 3.31698902300559e-05, 2.5989791538449936e-05, 1.0241685231449082e-05, 7.101444225554587e-06, 8.125268323055934e-06, 7.763327630527783e-06, 7.998965884326026e-06, 6.817970188421896e-06, 5.4701731642126106e-06, 3.571278739400441e-06, 2.4356461381103145e-06, 1.4836928130534943e-06, 1.1272672963968944e-06, 9.684913493401837e-07, 8.671248679092969e-07], "lowlevel.melbands.stdev": [0.0055591692216694355, 0.007017107680439949, 0.0027196668088436127, 0.0016685184091329575, 0.0006757750525139272, 0.0005837172502651811, 0.00028773938538506627, 0.0003033554821740836, 0.0001566981663927436, 8.04206938482821e-05, 5.409818186308257e-05, 8.715968579053879e-05, 7.16334325261414e-05, 7.228982576634735e-05, 4.692004949902184e-05, 5.738839536206797e-05, 6.274330371525139e-05, 3.034444853255991e-05, 2.5768902560230345e-05, 2.6562371203908697e-05, 3.9153590478235856e-05, 4.375334538053721e-05, 2.5890067263389938e-05, 1.8564556739875115e-05, 2.834153019648511e-05, 3.9984490285860375e-05, 3.673130413517356e-05, 1.3447469427774195e-05, 9.243804015568458e-06, 1.0435795957164373e-05, 1.1572561561479233e-05, 1.3900336853112094e-05, 1.1042602636734955e-05, 8.805342986306641e-06, 5.498384780366905e-06, 3.946261131204665e-06, 2.2191632069734624e-06, 1.7754102827893803e-06, 1.6858649587447871e-06, 1.5345349311246537e-06], "lowlevel.melbands128.mean": [0.00042923272121697664, 0.0042052012868225574, 0.006072365678846836, 0.006825719494372606, 0.01263817772269249, 0.008744101040065289, 0.00303201493807137, 0.002158349147066474, 0.0008032692712731659, 0.0009218046325258911, 0.0006752238259650767, 0.000292537355562672, 0.00022546663240063936, 0.0005634961999021471, 0.00044522000825963914, 0.00013282118015922606, 7.480807835236192e-05, 9.262865205528215e-05, 0.00010595720959827304, 0.00017727306112647057, 0.00017096845840569586, 9.58822201937437e-05, 5.7223456678912044e-05, 5.5420983699150383e-05, 5.579257049248554e-05, 3.548991298885085e-05, 3.209484202670865e-05, 3.014004869328346e-05, 2.9524970159400254e-05, 3.921414099750109e-05, 3.4776327083818614e-05, 3.44521613442339e-05, 4.0715578506933525e-05, 3.380457201274112e-05, 4.404192804940976e-05, 3.464111068751663e-05, 3.4953318390762433e-05, 2.1769712475361302e-05, 2.785527794912923e-05, 2.591758493508678e-05, 3.575783921405673e-05, 4.3074225686723366e-05, 3.3247360988752916e-05, 3.225549153285101e-05, 2.0404730094014667e-05, 2.1350204406189732e-05, 2.309908995812293e-05, 1.639551373955328e-05, 1.4017859029991087e-05, 1.5974395864759572e-05, 1.5695792171754874e-05, 2.4032065994106233e-05, 2.6409579731989652e-05, 2.9577040550066158e-05, 3.266412022639997e-05, 3.8867598050273955e-05, 3.216962068108842e-05, 2.058996142295655e-05, 2.1076049961266108e-05, 1.8766630091704428e-05, 1.4064769857213832e-05, 1.3617193872050848e-05, 1.7917938748723827e-05, 2.2143405658425763e-05, 2.4314802431035787e-05, 3.271425885031931e-05, 4.198719034320675e-05, 3.1220915843732655e-05, 2.3019905711407773e-05, 1.8012846339843236e-05, 8.22770562081132e-06, 7.846797416277695e-06, 7.0129858613654505e-06, 6.77504021950881e-06, 7.2401799116050825e-06, 8.617314051662106e-06, 8.304385119117796e-06, 7.735618055448867e-06, 7.783001819916535e-06, 7.43190867069643e-06, 8.324851478391793e-06, 8.27100666356273e-06, 7.340207503148122e-06, 7.198296771093737e-06, 5.527725534193451e-06, 6.165839749883162e-06, 5.2730874813278206e-06, 4.501481726038037e-06, 3.3606575016165152e-06, 3.062651103391545e-06, 2.8570254926307825e-06, 2.3002039597486146e-06, 1.6803662674647057e-06, 1.4132816659184755e-06, 1.4038789686310338e-06, 1.2343301705186605e-06, 9.751428251547622e-07, 1.1414352911742753e-06, 9.765763024915941e-07, 8.721607400730136e-07, 9.179856874652614e-07, 8.633608103991719e-07, 8.25745985366666e-07, 8.281228360829118e-07, 9.193627761305834e-07, 6.890255122016242e-07, 6.174148552418046e-07, 6.065473598937388e-07, 5.68480402307614e-07, 6.202926101650519e-07, 5.363596642382618e-07, 5.138478513799782e-07, 4.94885171065107e-07, 4.795299446413992e-07, 3.837901090264495e-07, 2.7712826522474643e-07, 1.7896429937991343e-07, 6.979696820508252e-08, 8.862425460165468e-09, 1.6332733776547315e-11, 7.308180970111433e-12, 7.01243533726692e-12, 6.7975208795090225e-12, 6.638261555030889e-12, 6.434729051679744e-12, 6.1886147248446655e-12, 6.0521084671583125e-12, 6.006720728451986e-12], "lowlevel.melbands128.stdev": [0.0008030502940528095, 0.00540244672447443, 0.008166334591805935, 0.007923580706119537, 0.009809206239879131, 0.007273688912391663, 0.003912440501153469, 0.00230426830239594, 0.0010353564284741879, 0.0023355097509920597, 0.002123368438333273, 0.0008581525180488825, 0.0004527944256551564, 0.0010823427001014352, 0.0008659244049340487, 0.0004191344487480819, 0.000366807245882228, 0.00040225571137852967, 0.00027737507480196655, 0.00041256530676037073, 0.00037507564411498606, 0.00024241922073997557, 0.00017936350195668638, 0.0001193598291138187, 0.00011412172898417339, 8.361512300325558e-05, 7.454084698110819e-05, 5.955503729637712e-05, 6.47028282401152e-05, 0.00011584807361941785, 0.00011661653115879744, 9.916593990055844e-05, 9.866274194791913e-05, 5.63347311981488e-05, 0.00011451890168245882, 7.593712507514283e-05, 0.00010214576468570158, 4.60902665508911e-05, 5.6988086726050824e-05, 5.016935392632149e-05, 7.194564386736602e-05, 0.00013021043560002, 7.349879888352007e-05, 7.830341201042756e-05, 3.4653614420676604e-05, 3.62921018677298e-05, 3.675159678095952e-05, 3.3221167541341856e-05, 2.6050349333672784e-05, 3.4177246561739594e-05, 2.5702378479763865e-05, 4.2799852963071316e-05, 4.028819967061281e-05, 5.030332613387145e-05, 5.2381728892214596e-05, 6.064031913410872e-05, 4.364404594525695e-05, 2.7442014470580034e-05, 3.035357076441869e-05, 2.9843908123439178e-05, 1.8342401745030656e-05, 1.7289376046392135e-05, 3.2279564038617536e-05, 3.5832512367051095e-05, 3.61412312486209e-05, 4.638293103198521e-05, 6.499645678559318e-05, 5.224719279794954e-05, 4.138315125601366e-05, 3.0238519684644416e-05, 1.0935218597296625e-05, 1.2529843843367416e-05, 1.0908865078818053e-05, 9.59806129685603e-06, 1.0000617294281255e-05, 1.2635970051633194e-05, 1.2273221727809869e-05, 1.1877477845700923e-05, 1.2688613423961215e-05, 1.2931935998494737e-05, 1.785520726116374e-05, 1.4578049558622297e-05, 1.1977962458331604e-05, 1.4125082998361904e-05, 8.617565072199795e-06, 1.0819196177180856e-05, 8.730940862733405e-06, 8.036648068809882e-06, 5.445037913887063e-06, 4.899629857391119e-06, 5.315695034369128e-06, 4.23560550188995e-06, 2.714786432989058e-06, 2.4717319320188835e-06, 2.1833832306583645e-06, 2.1711186946049565e-06, 1.621007527319307e-06, 2.0244117422407726e-06, 1.7858427554529044e-06, 1.7429017589165596e-06, 1.7039631075022044e-06, 1.6457207721032319e-06, 1.6011731531762052e-06, 1.4475889429377276e-06, 1.5695993624831317e-06, 1.0484393442311557e-06, 9.697630503069377e-07, 1.0592054877633927e-06, 8.946549314714503e-07, 9.422023481420183e-07, 8.130957667162875e-07, 8.921795142668998e-07, 7.54766006139107e-07, 8.053581836975354e-07, 6.395603122655302e-07, 5.631280259876803e-07, 3.8196114360289357e-07, 2.71988142230839e-07, 5.935281777169621e-08, 8.654527094975606e-11, 1.2093732265627821e-11, 1.1105844542613763e-11, 1.0535559404056816e-11, 9.970989311991474e-12, 9.102749803924226e-12, 8.290493291873702e-12, 8.030426150440473e-12, 7.968000391433971e-12], "lowlevel.mfcc.mean": [-629.427001953125, 101.70833587646484, 14.027933120727539, 59.674766540527344, 19.537961959838867, 20.36237907409668, 9.015461921691895, 12.505012512207031, 1.9095385074615479, 3.024383544921875, 3.3412740230560303, -1.2676568031311035, 2.301623821258545], "lowlevel.spectral_contrast_coeffs.mean": [-0.676478385925293, -0.7880097031593323, -0.828385055065155, -0.8139531016349792, -0.7869113683700562, -0.7206609845161438], "lowlevel.spectral_contrast_coeffs.stdev": [0.06426357477903366, 0.06850840896368027, 0.04421471431851387, 0.04502815753221512, 0.04831057786941528, 0.037853121757507324], "lowlevel.spectral_contrast_valleys.mean": [-6.100238800048828, -7.045513153076172, -7.566737651824951, -7.516887664794922, -7.057892799377441, -10.09304141998291], "lowlevel.spectral_contrast_valleys.stdev": [0.6347559690475464, 0.8016307950019836, 0.8382192254066467, 0.7386320233345032, 0.7010783553123474, 0.921925961971283], "rhythm.beats_loudness_band_ratio.mean": [0.6456596255302429, 0.17801010608673096, 0.038093201816082, 0.04433019086718559, 0.04790136218070984, 0.07472552359104156], "rhythm.beats_loudness_band_ratio.stdev": [0.20311470329761505, 0.15877485275268555, 0.03333962708711624, 0.038456741720438004, 0.029368016868829727, 0.039791207760572433], "tonal.hpcp.mean": [0.8308693766593933, 0.4817872941493988, 0.1059388667345047, 0.05402751266956329, 0.03176625445485115, 0.015907851979136467, 0.011776759289205074, 0.015654975548386574, 0.015156326815485954, 0.015333235263824463, 0.014834797941148281, 0.011320617981255054, 0.014866720885038376, 0.014935914427042007, 0.010149872861802578, 0.008894887752830982, 0.009070688858628273, 0.00864656362682581, 0.008290561847388744, 0.014037968590855598, 0.07724892348051071, 0.17126642167568207, 0.13697022199630737, 0.06329471617937088, 0.04905475676059723, 0.037352077662944794, 0.03640459105372429, 0.024865834042429924, 0.010056773200631142, 0.008066678419709206, 0.009891265071928501, 0.00859540794044733, 0.010048196651041508, 0.04769506677985191, 0.1405601054430008, 0.5212724804878235], "tonal.hpcp.stdev": [0.30448684096336365, 0.2951951026916504, 0.22219587862491608, 0.1592230200767517, 0.12986168265342712, 0.07543265074491501, 0.04342741146683693, 0.07947351038455963, 0.0679812878370285, 0.03904050961136818, 0.03430262953042984, 0.02047794498503208, 0.020917311310768127, 0.024336636066436768, 0.01774468831717968, 0.015664491802453995, 0.014851008541882038, 0.0134200444445014, 0.01462933886796236, 0.028599465265870094, 0.10520831495523453, 0.1803555190563202, 0.16072556376457214, 0.1592245101928711, 0.15362487733364105, 0.11245633661746979, 0.1382090002298355, 0.10165220499038696, 0.042626287788152695, 0.014405380003154278, 0.02667626552283764, 0.017421608790755272, 0.026661567389965057, 0.1351085603237152, 0.2673698365688324, 0.2850656807422638], "rhythm.beats_position": [0.4760090708732605, 0.9752380847930908, 1.4628571271896362, 1.9272562265396118, 2.3684353828430176, 2.809614419937134, 3.2391836643218994, 3.668752670288086, 4.109931945800781, 4.551111221313477, 4.992290019989014, 5.421859264373779, 5.851428508758545, 6.29260778427124, 6.733786582946777, 7.163355827331543, 7.592925071716309, 8.034104347229004, 8.4752836227417], "rhythm.bpm_histogram": [0.0, 0.0, 0.0, 0.0, 0.0, 0.0, 0.0, 0.0, 0.0, 0.0, 0.0, 0.0, 0.0, 0.0, 0.0, 0.0, 0.0, 0.0, 0.0, 0.0, 0.0, 0.0, 0.0, 0.0, 0.0, 0.0, 0.0, 0.0, 0.0, 0.0, 0.0, 0.0, 0.0, 0.0, 0.0, 0.0, 0.0, 0.0, 0.0, 0.0, 0.0, 0.0, 0.0, 0.0, 0.0, 0.0, 0.0, 0.0, 0.0, 0.0, 0.0, 0.0, 0.0, 0.0, 0.0, 0.0, 0.0, 0.0, 0.0, 0.0, 0.0, 0.0, 0.0, 0.0, 0.0, 0.0, 0.0, 0.0, 0.0, 0.0, 0.0, 0.0, 0.0, 0.0, 0.0, 0.0, 0.0, 0.0, 0.0, 0.0, 0.0, 0.0, 0.0, 0.0, 0.0, 0.0, 0.0, 0.0, 0.0, 0.0, 0.0, 0.0, 0.0, 0.0, 0.0, 0.0, 0.0, 0.0, 0.0, 0.0, 0.0, 0.0, 0.0, 0.0, 0.0, 0.0, 0.0, 0.0, 0.0, 0.0, 0.0, 0.0, 0.0, 0.0, 0.0, 0.0, 0.0, 0.0, 0.0, 0.0, 0.0555555559694767, 0.0, 0.0, 0.0555555559694767, 0.0, 0.0, 0.0, 0.0, 0.0, 0.0555555559694767, 0.0, 0.0, 0.0, 0.0, 0.0, 0.0, 0.5, 0.0, 0.0, 0.0, 0.3333333432674408, 0.0, 0.0, 0.0, 0.0, 0.0, 0.0, 0.0, 0.0, 0.0, 0.0, 0.0, 0.0, 0.0, 0.0, 0.0, 0.0, 0.0, 0.0, 0.0, 0.0, 0.0, 0.0, 0.0, 0.0, 0.0, 0.0, 0.0, 0.0, 0.0, 0.0, 0.0, 0.0, 0.0, 0.0, 0.0, 0.0, 0.0, 0.0, 0.0, 0.0, 0.0, 0.0, 0.0, 0.0, 0.0, 0.0, 0.0, 0.0, 0.0, 0.0, 0.0, 0.0, 0.0, 0.0, 0.0, 0.0, 0.0, 0.0, 0.0, 0.0, 0.0, 0.0, 0.0, 0.0, 0.0, 0.0, 0.0, 0.0, 0.0, 0.0, 0.0, 0.0, 0.0, 0.0, 0.0, 0.0, 0.0, 0.0, 0.0, 0.0, 0.0, 0.0, 0.0, 0.0, 0.0, 0.0, 0.0, 0.0, 0.0, 0.0, 0.0, 0.0, 0.0, 0.0, 0.0, 0.0, 0.0, 0.0, 0.0, 0.0, 0.0, 0.0, 0.0, 0.0, 0.0, 0.0, 0.0, 0.0, 0.0], "tonal.chords_histogram": [0.0, 0.0, 11.22994613647461, 0.0, 0.0, 0.0, 0.0, 11.22994613647461, 0.5347593426704407, 77.0053482055664, 0.0, 0.0, 0.0, 0.0, 0.0, 0.0, 0.0, 0.0, 0.0, 0.0, 0.0, 0.0, 0.0, 0.0], "tonal.thpcp": [1.0, 0.5798592567443848, 0.1275036334991455, 0.06502527743577957, 0.03823255002498627, 0.019146032631397247, 0.014174019917845726, 0.018841680139303207, 0.018241528421640396, 0.018454447388648987, 0.01785454899072647, 0.013625027611851692, 0.017892969772219658, 0.017976248636841774, 0.012215967290103436, 0.010705518536269665, 0.010917105711996555, 0.010406645946204662, 0.009978177025914192, 0.016895517706871033, 0.09297360479831696, 0.20612917840480804, 0.16485169529914856, 0.0761789008975029, 0.05904027447104454, 0.04495541378855705, 0.04381505772471428, 0.029927488416433334, 0.012103916145861149, 0.00970872025936842, 0.011904717423021793, 0.010345077142119408, 0.012093593366444111, 0.0574038103222847, 0.16917233169078827, 0.6273819804191589], "lowlevel.gfcc.cov": [[4590.0224609375, -414.6275329589844, -376.4359130859375, -300.19866943359375, -386.14886474609375, 35.2734489440918, -181.73292541503906, -26.852596282958984, -111.39910888671875, 95.47701263427734, -81.08849334716797, 95.16175842285156, -201.35345458984375], [-414.6275329589844, 850.1959838867188, -198.5789031982422, -164.30459594726562, 187.00576782226562, -243.54110717773438, 90.81024932861328, -7.4424262046813965, 61.6052360534668, -38.9371337890625, 115.95404052734375, -41.28349304199219, 14.587453842163086], [-376.4359130859375, -198.5789031982422, 603.1063232421875, 219.4618377685547, 23.7357177734375, 61.75731658935547, 5.5221686363220215, 1.4982987642288208, 62.19467544555664, 19.337034225463867, -52.238765716552734, 17.2728328704834, 56.668582916259766], [-300.19866943359375, -164.30459594726562, 219.4618377685547, 382.1028747558594, 93.32025146484375, 35.03740310668945, -9.868223190307617, -4.923478603363037, 22.2582950592041, -25.854984283447266, -5.1437668800354, -5.124004364013672, 51.62424087524414], [-386.14886474609375, 187.00576782226562, 23.7357177734375, 93.32025146484375, 311.4005126953125, -49.515010833740234, 61.6422004699707, 25.234832763671875, 30.51068115234375, -17.6701602935791, 15.940958976745605, -39.558555603027344, 0.18122555315494537], [35.2734489440918, -243.54110717773438, 61.75731658935547, 35.03740310668945, -49.515010833740234, 322.2554626464844, 96.510009765625, -31.89342498779297, -36.95206832885742, -4.906201362609863, -42.73149871826172, -12.009425163269043, -2.950742483139038], [-181.73292541503906, 90.81024932861328, 5.5221686363220215, -9.868223190307617, 61.6422004699707, 96.510009765625, 191.43360900878906, 17.646099090576172, -13.46582317352295, -44.35266876220703, 0.0918806716799736, -7.046984672546387, -4.581080436706543], [-26.852596282958984, -7.4424262046813965, 1.4982987642288208, -4.923478603363037, 25.234832763671875, -31.89342498779297, 17.646099090576172, 95.20215606689453, 34.24924850463867, -0.0691346675157547, 0.5539423823356628, -0.3849601149559021, -6.611627578735352], [-111.39910888671875, 61.6052360534668, 62.19467544555664, 22.2582950592041, 30.51068115234375, -36.95206832885742, -13.46582317352295, 34.24924850463867, 110.53352355957031, 31.81182098388672, -1.4276655912399292, -11.913800239562988, 2.9979074001312256], [95.47701263427734, -38.9371337890625, 19.337034225463867, -25.854984283447266, -17.6701602935791, -4.906201362609863, -44.35266876220703, -0.0691346675157547, 31.81182098388672, 77.1081771850586, 15.836857795715332, -3.042853355407715, -22.266963958740234], [-81.08849334716797, 115.95404052734375, -52.238765716552734, -5.1437668800354, 15.940958976745605, -42.73149871826172, 0.0918806716799736, 0.5539423823356628, -1.4276655912399292, 15.836857795715332, 83.9022445678711, 12.986041069030762, -8.088284492492676], [95.16175842285156, -41.28349304199219, 17.2728328704834, -5.124004364013672, -39.558555603027344, -12.009425163269043, -7.046984672546387, -0.3849601149559021, -11.913800239562988, -3.042853355407715, 12.986041069030762, 71.78145599365234, 29.831396102905273], [-201.35345458984375, 14.587453842163086, 56.668582916259766, 51.62424087524414, 0.18122555315494537, -2.950742483139038, -4.581080436706543, -6.611627578735352, 2.9979074001312256, -22.266963958740234, -8.088284492492676, 29.831396102905273, 78.4747543334961]], "lowlevel.gfcc.icov": [[0.00036596530117094517, -0.00029897186323069036, 0.00020695665443781763, -0.0002672913542483002, 0.00030372943729162216, -0.0002151058433810249, 0.00040193626773543656, -0.00021821988048031926, 0.0004033794393762946, -0.0004856060550082475, 0.0011631902307271957, -0.0013411716790869832, 0.0014937811065465212], [-0.00029897186323069036, 0.005966240540146828, 0.0001506793050793931, 0.0037032172549515963, -0.002015510806813836, 0.0040361108258366585, -0.003974135033786297, 0.004634371958673, -0.004955127835273743, 0.0043653883039951324, -0.00832182914018631, 0.006641973275691271, -0.0060608768835663795], [0.00020695665443781763, 0.0001506793050793931, 0.002775789937004447, -0.0014793819282203913, 0.00023350321862380952, 0.00012980698375031352, -0.0007889163680374622, 0.00036394933704286814, -0.0009111016406677663, -0.001983936643227935, 0.002193094464018941, -0.0013880310580134392, -0.0003137487801723182], [-0.0002672913542483002, 0.0037032172549515963, -0.0014793819282203913, 0.006698973942548037, -0.0026519806124269962, 0.0012901546433568, -0.00057993084192276, 0.0028098116163164377, -0.0036043317522853613, 0.0055508543737232685, -0.007192669901996851, 0.0052457391284406185, -0.005478006787598133], [0.00030372943729162216, -0.002015510806813836, 0.00023350321862380952, -0.0026519806124269962, 0.00551591208204627, 0.00013524042151402682, -0.0009187848772853613, -0.0018196096643805504, 0.0013751998776569963, -0.0021015210077166557, 0.002744699828326702, -0.00011342995276208967, 0.002192534739151597], [-0.0002151058433810249, 0.0040361108258366585, 0.00012980698375031352, 0.0012901546433568, 0.00013524042151402682, 0.008110573515295982, -0.006723070051521063, 0.0045312270522117615, -0.0015352409100160003, -0.0004659180121961981, -0.0027607507072389126, 0.00551941804587841, -0.00440694997087121], [0.00040193626773543656, -0.003974135033786297, -0.0007889163680374622, -0.00057993084192276, -0.0009187848772853613, -0.006723070051521063, 0.01271787192672491, -0.0050115124322474, 0.002322302432730794, 0.00423853937536478, 0.002853605430573225, -0.005671648308634758, 0.006354860961437225], [-0.00021821988048031926, 0.004634371958673, 0.00036394933704286814, 0.0028098116163164377, -0.0018196096643805504, 0.0045312270522117615, -0.0050115124322474, 0.01672535389661789, -0.00826985016465187, 0.0043982467614114285, -0.005376026965677738, 0.0032291137613356113, -0.0024591595865786076], [0.0004033794393762946, -0.004955127835273743, -0.0009111016406677663, -0.0036043317522853613, 0.0013751998776569963, -0.0015352409100160003, 0.002322302432730794, -0.00826985016465187, 0.018380265682935715, -0.01118682511150837, 0.00853118859231472, -0.002699026372283697, 0.0023919525556266308], [-0.0004856060550082475, 0.0043653883039951324, -0.001983936643227935, 0.0055508543737232685, -0.0021015210077166557, -0.0004659180121961981, 0.00423853937536478, 0.0043982467614114285, -0.01118682511150837, 0.028070904314517975, -0.01324501447379589, 0.004235399886965752, 0.0017461171373724937], [0.0011631902307271957, -0.00832182914018631, 0.002193094464018941, -0.007192669901996851, 0.002744699828326702, -0.0027607507072389126, 0.002853605430573225, -0.005376026965677738, 0.00853118859231472, -0.01324501447379589, 0.029827440157532692, -0.015695538371801376, 0.012239586561918259], [-0.0013411716790869832, 0.006641973275691271, -0.0013880310580134392, 0.0052457391284406185, -0.00011342995276208967, 0.00551941804587841, -0.005671648308634758, 0.0032291137613356113, -0.002699026372283697, 0.004235399886965752, -0.015695538371801376, 0.031067153438925743, -0.019098369404673576], [0.0014937811065465212, -0.0060608768835663795, -0.0003137487801723182, -0.005478006787598133, 0.002192534739151597, -0.00440694997087121, 0.006354860961437225, -0.0024591595865786076, 0.0023919525556266308, 0.0017461171373724937, 0.012239586561918259, -0.019098369404673576, 0.030451303347945213]], "lowlevel.mfcc.cov": [[4318.751953125, -387.4530029296875, -275.295166015625, -410.4969787597656, -307.96484375, -79.2527084350586, -155.2172088623047, -59.97762680053711, -196.23106384277344, -81.82323455810547, 23.54230499267578, -11.977428436279297, 24.157642364501953], [-387.4530029296875, 968.807373046875, -355.13543701171875, 48.45268249511719, -28.22227668762207, -157.52098083496094, -1.0104565620422363, -6.695457458496094, -54.71186065673828, 27.375276565551758, 68.24317932128906, -22.90758514404297, 31.067293167114258], [-275.295166015625, -355.13543701171875, 585.314453125, 62.09639358520508, 31.75736427307129, 108.81607818603516, -24.187728881835938, -3.723254680633545, 90.87212371826172, -19.796493530273438, -45.609100341796875, 46.09667205810547, -4.644266605377197], [-410.4969787597656, 48.45268249511719, 62.09639358520508, 390.03448486328125, 169.8396453857422, -44.61748123168945, -16.58030128479004, 11.644911766052246, 14.249478340148926, 11.714411735534668, -22.90824317932129, -1.1017452478408813, 19.97161865234375], [-307.96484375, -28.22227668762207, 31.75736427307129, 169.8396453857422, 214.9647979736328, 18.28589630126953, -14.831713676452637, -20.040742874145508, 32.40987014770508, 30.831405639648438, -3.054050922393799, 9.503792762756348, 0.23200668394565582], [-79.2527084350586, -157.52098083496094, 108.81607818603516, -44.61748123168945, 18.28589630126953, 232.98626708984375, 93.40998840332031, 36.43025588989258, 40.77473068237305, 4.185031414031982, 1.3499629497528076, -3.621476650238037, -35.55680465698242], [-155.2172088623047, -1.0104565620422363, -24.187728881835938, -16.58030128479004, -14.831713676452637, 93.40998840332031, 170.49859619140625, 76.86698150634766, 1.069156527519226, -6.001123905181885, 10.68378734588623, -11.574197769165039, -22.87554168701172], [-59.97762680053711, -6.695457458496094, -3.723254680633545, 11.644911766052246, -20.040742874145508, 36.43025588989258, 76.86698150634766, 123.22791290283203, 42.012027740478516, 3.366237163543701, -6.085371494293213, -6.629488468170166, 4.377213954925537], [-196.23106384277344, -54.71186065673828, 90.87212371826172, 14.249478340148926, 32.40987014770508, 40.77473068237305, 1.069156527519226, 42.012027740478516, 118.22576904296875, 26.662097930908203, -20.405033111572266, -2.7035253047943115, -1.492428183555603], [-81.82323455810547, 27.375276565551758, -19.796493530273438, 11.714411735534668, 30.831405639648438, 4.185031414031982, -6.001123905181885, 3.366237163543701, 26.662097930908203, 76.30155944824219, 42.40169143676758, 1.9450372457504272, -2.3733749389648438], [23.54230499267578, 68.24317932128906, -45.609100341796875, -22.90824317932129, -3.054050922393799, 1.3499629497528076, 10.68378734588623, -6.085371494293213, -20.405033111572266, 42.40169143676758, 86.7770767211914, 12.138814926147461, -5.85814094543457], [-11.977428436279297, -22.90758514404297, 46.09667205810547, -1.1017452478408813, 9.503792762756348, -3.621476650238037, -11.574197769165039, -6.629488468170166, -2.7035253047943115, 1.9450372457504272, 12.138814926147461, 58.65287399291992, 24.20335578918457], [24.157642364501953, 31.067293167114258, -4.644266605377197, 19.97161865234375, 0.23200668394565582, -35.55680465698242, -22.87554168701172, 4.377213954925537, -1.492428183555603, -2.3733749389648438, -5.85814094543457, 24.20335578918457, 66.41131591796875]], "lowlevel.mfcc.icov": [[0.0003470683004707098, 0.0002492056810297072, 0.00022648702724836767, 0.00017279284656979144, 0.0002699220203794539, -0.0001037776455632411, 0.0005764616071246564, -0.00026994702056981623, 0.0004531290614977479, 0.00023988781322259456, -0.0002506763266865164, 0.00016700878040865064, -0.00018332398030906916], [0.0002492056810297072, 0.001727726892568171, 0.0009829482296481729, -0.00038954176125116646, 0.0006618948536925018, 0.0005854467744939029, -2.038392449321691e-05, 0.0003154085425194353, -0.0003560841141734272, 0.0005325383972376585, -0.0014305658405646682, 0.00046278355875983834, -0.0007134914631024003], [0.00022648702724836767, 0.0009829482296481729, 0.0033307617995887995, -0.0011555261444300413, 0.0013769743964076042, -0.0012381910346448421, 0.0009091792162507772, 0.000983678037300706, -0.002337162382900715, 0.001515858923085034, -0.00026429747231304646, -0.0025368190836161375, 0.0005216769059188664], [0.00017279284656979144, -0.00038954176125116646, -0.0011555261444300413, 0.005177394952625036, -0.004383656196296215, 0.00140743691008538, 0.00028261527768336236, -0.0023204146418720484, 0.002193138701841235, -0.0003586754319258034, 0.0010134857147932053, 0.0018085608026012778, -0.001032521715387702], [0.0002699220203794539, 0.0006618948536925018, 0.0013769743964076042, -0.004383656196296215, 0.009665044955909252, -0.0017304904758930206, 9.358420356875286e-05, 0.003436138154938817, -0.0025517032481729984, -0.0021199884358793497, 0.0004041800566483289, -0.0025267484597861767, 0.0006756464135833085], [-0.0001037776455632411, 0.0005854467744939029, -0.0012381910346448421, 0.00140743691008538, -0.0017304904758930206, 0.007914251647889614, -0.004543601535260677, 0.0005027892184443772, -0.0015754785854369402, -4.446828825166449e-05, -0.0006138954195193946, 0.0005250767571851611, 0.0016166911227628589], [0.0005764616071246564, -2.038392449321691e-05, 0.0009091792162507772, 0.00028261527768336236, 9.358420356875286e-05, -0.004543601535260677, 0.013174979947507381, -0.008070060983300209, 0.0037521414924412966, 0.0021512112580239773, -0.0017573385266587138, 0.0003042836906388402, 0.0023107966408133507], [-0.00026994702056981623, 0.0003154085425194353, 0.000983678037300706, -0.0023204146418720484, 0.003436138154938817, 0.0005027892184443772, -0.008070060983300209, 0.016423532739281654, -0.007721601519733667, 6.790729094063863e-05, -4.9340564146405086e-05, -0.00011111194180557504, -0.003022755729034543], [0.0004531290614977479, -0.0003560841141734272, -0.002337162382900715, 0.002193138701841235, -0.0025517032481729984, -0.0015754785854369402, 0.0037521414924412966, -0.007721601519733667, 0.01754729636013508, -0.008299192413687706, 0.006395501084625721, 0.0016979154897853732, 0.00018862717843148857], [0.00023988781322259456, 0.0005325383972376585, 0.001515858923085034, -0.0003586754319258034, -0.0021199884358793497, -4.446828825166449e-05, 0.0021512112580239773, 6.790729094063863e-05, -0.008299192413687706, 0.025812391191720963, -0.015007556416094303, 0.001995335565879941, -0.0007174432976171374], [-0.0002506763266865164, -0.0014305658405646682, -0.00026429747231304646, 0.0010134857147932053, 0.0004041800566483289, -0.0006138954195193946, -0.0017573385266587138, -4.9340564146405086e-05, 0.006395501084625721, -0.015007556416094303, 0.023018870502710342, -0.006217024754732847, 0.0034086364321410656], [0.00016700878040865064, 0.00046278355875983834, -0.0025368190836161375, 0.0018085608026012778, -0.0025267484597861767, 0.0005250767571851611, 0.0003042836906388402, -0.00011111194180557504, 0.0016979154897853732, 0.001995335565879941, -0.006217024754732847, 0.02531442604959011, -0.010261124931275845], [-0.00018332398030906916, -0.0007134914631024003, 0.0005216769059188664, -0.001032521715387702, 0.0006756464135833085, 0.0016166911227628589, 0.0023107966408133507, -0.003022755729034543, 0.00018862717843148857, -0.0007174432976171374, 0.0034086364321410656, -0.010261124931275845, 0.021682435646653175]], "metadata.audio_properties.analysis.downmix": "mix", "metadata.audio_properties.codec": "mp3", "metadata.audio_properties.md5_encoded": "497cef2f13bb5c41b0438d919e479fca", "metadata.tags.file_name": "1183654121874669578.mp3", "metadata.version.essentia": "2.1-beta6-dev", "metadata.version.essentia_git_sha": "v2.1_beta5-1110-g77a6a954", "metadata.version.extractor": "music 2.0", "tonal.chords_key": "A", "tonal.chords_scale": "major", "tonal.key_edma.key": "D", "tonal.key_edma.scale": "minor", "tonal.key_krumhansl.key": "D", "tonal.key_krumhansl.scale": "minor", "tonal.key_temperley.key": "D", "tonal.key_temperley.scale": "minor", "metadata.tags.encoding": ["Lavf58.45.100"]}, "essentia_models": [{"model_name": "genre_dortmund", "activations": {"alternative": "0.009122278", "blues": "0.0011177724", "electronic": "0.011968834", "folkcountry": "0.001326783", "funksoulrnb": "0.0039523104", "jazz": "0.0006182679", "pop": "0.002979058", "raphiphop": "0.07111718", "rock": "0.7769197"}}, {"model_name": "genre_rosamerica", "activations": {"classic": "0.0036357609", "dance": "0.0026117123", "hip hop": "0.20955293", "jazz": "0.000678766", "pop": "0.008197803", "rhythm and blues": "0.0035451343", "rock": "0.77896726", "speech": "0.001496671"}}, {"model_name": "genre_tzanetakis", "activations": {"blues": "0.00029825256", "classic": "3.569914e-05", "country": "0.00504912", "disco": "0.0064027286", "hip hop": "0.14119603", "jazz": "0.0002080865", "metal": "0.6569413", "pop": "0.00089564116", "reggae": "0.0051077097", "rock": "0.030855741"}}, {"model_name": "genre_electronic", "activations": {"ambient": "0.20293957", "dnb": "0