{"song_id": "1183655387925323786", "download": "https://cdn.discordapp.com/attachments/1135903449314238464/1183655387925323786/chirp.mp4?ex=65891ffb&amp", "lyrics": "severmiyim bilmem seni\nso\u011futtun art\u0131k d\u00f6nmem geri\ng\u00f6nderdim k\u00f6t\u00fc hisleri\nvazgetim istemem al geri\n\nsevermiyim bilmem seni\nso\u011futtun art\u0131k d\u00f6nmem geri\ng\u00f6nderdim k\u00f6t\u00fc hisleri\nvazgetim istemem al geri\n\nkabusum oldun b\u0131rakmad\u0131n\nfarkl\u0131ym\u0131\u015fs\u0131n \u015fimdi anlad\u0131m\ndersimi ald\u0131m hadi bakal\u0131m", "style": ["pop</span><span>, house music"], "essentia_features": {"lowlevel.average_loudness": 0.681370735168457, "lowlevel.barkbands_crest.mean": 15.160409927368164, "lowlevel.barkbands_crest.stdev": 7.15408992767334, "lowlevel.barkbands_flatness_db.mean": 0.27931931614875793, "lowlevel.barkbands_flatness_db.stdev": 0.13441364467144012, "lowlevel.barkbands_kurtosis.mean": 90.64141845703125, "lowlevel.barkbands_kurtosis.stdev": 197.93075561523438, "lowlevel.barkbands_skewness.mean": 4.01175594329834, "lowlevel.barkbands_skewness.stdev": 6.055760860443115, "lowlevel.barkbands_spread.mean": 16.010927200317383, "lowlevel.barkbands_spread.stdev": 18.44114112854004, "lowlevel.dissonance.mean": 0.45902055501937866, "lowlevel.dissonance.stdev": 0.038750384002923965, "lowlevel.dynamic_complexity": 5.000372886657715, "lowlevel.erbbands_crest.mean": 11.69935131072998, "lowlevel.erbbands_crest.stdev": 5.432041645050049, "lowlevel.erbbands_flatness_db.mean": 0.22589938342571259, "lowlevel.erbbands_flatness_db.stdev": 0.06733903288841248, "lowlevel.erbbands_kurtosis.mean": 7.441359996795654, "lowlevel.erbbands_kurtosis.stdev": 24.605722427368164, "lowlevel.erbbands_skewness.mean": 0.885832667350769, "lowlevel.erbbands_skewness.stdev": 2.2209198474884033, "lowlevel.erbbands_spread.mean": 40.27168273925781, "lowlevel.erbbands_spread.stdev": 32.55910110473633, "lowlevel.hfc.mean": 13.408032417297363, "lowlevel.hfc.stdev": 20.73326301574707, "lowlevel.loudness_ebu128.integrated": -19.289852142333984, "lowlevel.loudness_ebu128.loudness_range": 9.146707534790039, "lowlevel.loudness_ebu128.momentary.mean": -21.369218826293945, "lowlevel.loudness_ebu128.momentary.stdev": 4.553891658782959, "lowlevel.loudness_ebu128.short_term.mean": -21.05818748474121, "lowlevel.loudness_ebu128.short_term.stdev": 3.9693853855133057, "lowlevel.melbands_crest.mean": 20.215198516845703, "lowlevel.melbands_crest.stdev": 9.854788780212402, "lowlevel.melbands_flatness_db.mean": 0.2990775406360626, "lowlevel.melbands_flatness_db.stdev": 0.1953856647014618, "lowlevel.melbands_kurtosis.mean": 142.3724365234375, "lowlevel.melbands_kurtosis.stdev": 304.529541015625, "lowlevel.melbands_skewness.mean": 5.230728626251221, "lowlevel.melbands_skewness.stdev": 6.652382850646973, "lowlevel.melbands_spread.mean": 29.26051902770996, "lowlevel.melbands_spread.stdev": 47.101409912109375, "lowlevel.pitch_salience.mean": 0.4628182351589203, "lowlevel.pitch_salience.stdev": 0.24654404819011688, "lowlevel.silence_rate_20dB.mean": 0.9768250584602356, "lowlevel.silence_rate_20dB.stdev": 0.15046103298664093, "lowlevel.silence_rate_30dB.mean": 0.7925840020179749, "lowlevel.silence_rate_30dB.stdev": 0.4054566025733948, "lowlevel.silence_rate_60dB.mean": 0.30301275849342346, "lowlevel.silence_rate_60dB.stdev": 0.45956170558929443, "lowlevel.spectral_centroid.mean": 1399.4805908203125, "lowlevel.spectral_centroid.stdev": 1304.193603515625, "lowlevel.spectral_complexity.mean": 7.484936237335205, "lowlevel.spectral_complexity.stdev": 8.724222183227539, "lowlevel.spectral_decrease.mean": -1.4242285573118352e-08, "lowlevel.spectral_decrease.stdev": 2.6152624954534076e-08, "lowlevel.spectral_energy.mean": 0.05496976152062416, "lowlevel.spectral_energy.stdev": 0.0994301438331604, "lowlevel.spectral_energyband_high.mean": 0.0006697165663354099, "lowlevel.spectral_energyband_high.stdev": 0.0018194490112364292, "lowlevel.spectral_energyband_low.mean": 0.045883290469646454, "lowlevel.spectral_energyband_low.stdev": 0.0946817621588707, "lowlevel.spectral_energyband_middle_high.mean": 0.0018758504884317517, "lowlevel.spectral_energyband_middle_high.stdev": 0.003904878394678235, "lowlevel.spectral_energyband_middle_low.mean": 0.008104181848466396, "lowlevel.spectral_energyband_middle_low.stdev": 0.02451757714152336, "lowlevel.spectral_entropy.mean": 7.382882595062256, "lowlevel.spectral_entropy.stdev": 0.9117398262023926, "lowlevel.spectral_flux.mean": 0.09987717866897583, "lowlevel.spectral_flux.stdev": 0.1211356371641159, "lowlevel.spectral_kurtosis.mean": 5.511813640594482, "lowlevel.spectral_kurtosis.stdev": 9.429049491882324, "lowlevel.spectral_rms.mean": 0.005022434517741203, "lowlevel.spectral_rms.stdev": 0.005329555831849575, "lowlevel.spectral_rolloff.mean": 2208.028564453125, "lowlevel.spectral_rolloff.stdev": 2918.110595703125, "lowlevel.spectral_skewness.mean": 1.6460949182510376, "lowlevel.spectral_skewness.stdev": 1.1570366621017456, "lowlevel.spectral_spread.mean": 5313653.5, "lowlevel.spectral_spread.stdev": 2483620.0, "lowlevel.spectral_strongpeak.mean": 0.8884705901145935, "lowlevel.spectral_strongpeak.stdev": 1.2585707902908325, "lowlevel.zerocrossingrate.mean": 0.08024616539478302, "lowlevel.zerocrossingrate.stdev": 0.09192928671836853, "metadata.audio_properties.analysis.equal_loudness": 0.0, "metadata.audio_properties.analysis.length": 40.04265213012695, "metadata.audio_properties.analysis.sample_rate": 44100.0, "metadata.audio_properties.analysis.start_time": 0.0, "metadata.audio_properties.bit_rate": 116268.0, "metadata.audio_properties.length": 40.042667388916016, "metadata.audio_properties.lossless": 0.0, "metadata.audio_properties.number_channels": 1.0, "metadata.audio_properties.replay_gain": -7.141529083251953, "metadata.audio_properties.sample_rate": 48000.0, "rhythm.beats_count": 80.0, "rhythm.beats_loudness.mean": 0.12198127806186676, "rhythm.beats_loudness.stdev": 0.13966673612594604, "rhythm.bpm": 122.36170196533203, "rhythm.bpm_histogram_first_peak_bpm": 123.0, "rhythm.bpm_histogram_first_peak_weight": 0.23943662643432617, "rhythm.bpm_histogram_second_peak_bpm": 117.0, "rhythm.bpm_histogram_second_peak_spread": 0.0, "rhythm.bpm_histogram_second_peak_weight": 0.08860759437084198, "rhythm.danceability": 1.4847369194030762, "rhythm.onset_rate": 4.843410491943359, "tonal.chords_changes_rate": 0.0625, "tonal.chords_number_rate": 0.009259259328246117, "tonal.chords_strength.mean": 0.6063395738601685, "tonal.chords_strength.stdev": 0.08980275690555573, "tonal.hpcp_crest.mean": 13.541491508483887, "tonal.hpcp_crest.stdev": 6.552914619445801, "tonal.hpcp_entropy.mean": 2.099060535430908, "tonal.hpcp_entropy.stdev": 0.8563782572746277, "tonal.key_edma.strength": 0.788405179977417, "tonal.key_krumhansl.strength": 0.7938870787620544, "tonal.key_temperley.strength": 0.7766031622886658, "tonal.tuning_diatonic_strength": 0.7761390805244446, "tonal.tuning_equal_tempered_deviation": 0.13801656663417816, "tonal.tuning_frequency": 434.193115234375, "tonal.tuning_nontempered_energy_ratio": 0.8241475820541382, "lowlevel.barkbands.mean": [0.0016000003088265657, 0.03788429871201515, 0.004858925938606262, 0.0031771634239703417, 0.001927864970639348, 0.0010557579807937145, 0.0005716357263736427, 0.0007439685286954045, 0.0005825186381116509, 0.0002482932759448886, 0.00028333053342066705, 0.00022977186017669737, 0.00025825895136222243, 0.00021252881560940295, 0.00014182546874508262, 0.00027875331579707563, 9.299831435782835e-05, 5.595814945991151e-05, 6.616718746954575e-05, 6.83202815707773e-05, 7.300022843992338e-05, 7.563842518720776e-05, 9.252549352822825e-05, 0.00031545109231956303, 6.667486013611779e-05, 8.091392373898998e-06, 9.617283858176506e-09], "lowlevel.barkbands.stdev": [0.003604769241064787, 0.0797247588634491, 0.021717054769396782, 0.014304367825388908, 0.01177238393574953, 0.0022991809528321028, 0.002202414209023118, 0.0027158106677234173, 0.0017835184698924422, 0.0007369553204625845, 0.0009766542352735996, 0.0007248471956700087, 0.000797496410086751, 0.0006137856980785728, 0.00039997627027332783, 0.0005727625102736056, 0.0002753710141405463, 0.00022419863671530038, 0.0002154873072868213, 0.00025003132759593427, 0.0002388395369052887, 0.00020264476188458502, 0.00023685720225330442, 0.0013513969024643302, 0.0002466682926751673, 2.4120645321090706e-05, 7.418724834451496e-08], "lowlevel.erbbands.mean": [1.5485846996307373, 6.642499923706055, 6.710236072540283, 8.054316520690918, 9.742019653320312, 5.3402323722839355, 3.132730007171631, 11.626440048217773, 9.699732780456543, 10.694171905517578, 15.58414077758789, 12.047172546386719, 9.657820701599121, 12.253125190734863, 11.089618682861328, 9.073148727416992, 10.641993522644043, 10.510336875915527, 9.328338623046875, 9.886996269226074, 14.54712963104248, 5.480232238769531, 3.2480499744415283, 3.4884440898895264, 3.0821781158447266, 3.1479532718658447, 3.3303394317626953, 2.5421500205993652, 2.7487807273864746, 2.7461109161376953, 2.5726919174194336, 3.5398871898651123, 6.9354658126831055, 1.4285883903503418, 0.1801762878894806, 0.05806161090731621, 0.011580439284443855, 0.0006135760340839624, 4.701108991866931e-05, 6.399723497452214e-05], "lowlevel.erbbands.stdev": [3.2788641452789307, 15.007732391357422, 25.54155158996582, 34.22598648071289, 50.49250411987305, 32.50849914550781, 13.419013977050781, 24.290180206298828, 29.646425247192383, 33.20925521850586, 58.448577880859375, 41.31114959716797, 24.787511825561523, 41.32566833496094, 36.534244537353516, 27.9483585357666, 33.62887191772461, 28.921737670898438, 26.85158920288086, 21.305917739868164, 29.68044090270996, 15.725736618041992, 12.400701522827148, 12.920991897583008, 9.359397888183594, 11.28028392791748, 11.89146900177002, 8.408501625061035, 7.347983360290527, 7.231438159942627, 6.347386837005615, 10.09211540222168, 33.81875228881836, 5.7985405921936035, 0.4704270660877228, 0.16593557596206665, 0.03798416629433632, 0.0022637418005615473, 8.003452967386693e-05, 0.00010837073205038905], "lowlevel.gfcc.mean": [-140.12454223632812, 60.705413818359375, -134.14500427246094, 25.34316062927246, -81.74065399169922, 21.669870376586914, -42.82167053222656, 0.790044367313385, -6.3724684715271, -3.699833393096924, -1.075183391571045, -8.73116683959961, 4.480556011199951], "lowlevel.melbands.mean": [0.011904464103281498, 0.004984561819583178, 0.0014853768516331911, 0.0005296654999256134, 0.00012176878226455301, 0.0002429932210361585, 0.00014591023500543088, 0.00013229869364295155, 0.0001168219605460763, 8.095648081507534e-05, 4.7058660129550844e-05, 4.7367106162710115e-05, 3.7665042327716947e-05, 2.6185747628915124e-05, 2.5444522179896012e-05, 2.3254970074049197e-05, 1.9491160855977796e-05, 1.657717803027481e-05, 1.102120313589694e-05, 1.718581006571185e-05, 1.608405727893114e-05, 5.6750336625555065e-06, 3.3378958050889196e-06, 2.6373363652965054e-06, 2.8748581826221198e-06, 2.283707544847857e-06, 2.161762949981494e-06, 2.067312379949726e-06, 2.125579158018809e-06, 1.8312744032300543e-06, 1.3335193216335028e-06, 1.5234061265800847e-06, 1.516340603302524e-06, 1.575786995999806e-06, 1.4236428569347481e-06, 1.4868210200802423e-06, 2.376041038587573e-06, 5.882708137505688e-06, 2.7841556402563583e-06, 6.448277645176859e-07], "lowlevel.melbands.stdev": [0.024958377704024315, 0.01351254340261221, 0.006098367273807526, 0.0030278272461146116, 0.0005779322236776352, 0.0005108212935738266, 0.000449760933406651, 0.00041027809493243694, 0.00044272132799960673, 0.0002785832912195474, 0.00012314670311752707, 0.0001620712282601744, 0.00012713066826108843, 7.88046236266382e-05, 8.416630589636043e-05, 7.725614705123007e-05, 5.458620944409631e-05, 4.981099482392892e-05, 2.8971791834919713e-05, 3.704168921103701e-05, 3.378282053745352e-05, 1.664536102907732e-05, 1.2600373338500503e-05, 1.143666850111913e-05, 1.0843922609637957e-05, 6.824532192695187e-06, 6.7868136284232605e-06, 8.146974323608447e-06, 8.848661309457384e-06, 6.2865574363968335e-06, 4.520366928773001e-06, 4.125030045543099e-06, 4.219049060338875e-06, 4.294005520932842e-06, 3.767993575820583e-06, 3.663397592390538e-06, 7.402357368846424e-06, 2.886296897486318e-05, 1.4140926396066789e-05, 2.0839047465415206e-06], "lowlevel.melbands128.mean": [0.001568526029586792, 0.013269477523863316, 0.016653023660182953, 0.008872643113136292, 0.00398994842544198, 0.0020867320708930492, 0.0015783475246280432, 0.0015983404591679573, 0.0009448846685700119, 0.00048256234731525183, 0.0002513392537366599, 0.0001383732887916267, 8.494500070810318e-05, 8.625819464214146e-05, 0.0002678271266631782, 0.0003551609115675092, 0.00017186834884341806, 0.00011004400585079566, 0.00010473137081135064, 9.629487612983212e-05, 0.00017176347319036722, 0.00017900952661875635, 0.0001062180963344872, 6.247228884603828e-05, 4.968974826624617e-05, 0.00011896782234543934, 8.395985787501559e-05, 2.626443347253371e-05, 2.8170015866635367e-05, 3.544834180502221e-05, 7.173045742092654e-05, 3.5748187656281516e-05, 3.441354783717543e-05, 3.731828473974019e-05, 3.3894790249178186e-05, 1.8563761841505766e-05, 2.1197760361246765e-05, 2.9168477340135723e-05, 2.6500531021156348e-05, 1.8824546714313328e-05, 2.6525240173214115e-05, 2.375815347477328e-05, 1.2823249562643468e-05, 2.1832407583133318e-05, 2.5784374884096906e-05, 1.1716496373992413e-05, 1.1597488992265426e-05, 1.1352383808116429e-05, 9.076813512365334e-06, 1.4491362890112214e-05, 1.5917967175482772e-05, 2.314300036232453e-05, 2.2065856683184393e-05, 1.1039350283681415e-05, 7.2033667493087705e-06, 5.141640031069983e-06, 4.574260401568608e-06, 3.6277403978601797e-06, 2.8113538519392023e-06, 2.84081875179254e-06, 2.529078756197123e-06, 2.502874167475966e-06, 3.0890982998244e-06, 3.0694213819515426e-06, 2.379909574301564e-06, 2.339098045922583e-06, 2.089527242787881e-06, 2.1658959212800255e-06, 2.2713632006343687e-06, 2.062773774014204e-06, 1.9822377907985356e-06, 2.0669688183261314e-06, 2.2551869278686354e-06, 2.108221679009148e-06, 2.051678393399925e-06, 1.9698545656865463e-06, 1.747040982991166e-06, 1.3296951237862231e-06, 1.3192682217777474e-06, 1.2106554549973225e-06, 1.4785995290367282e-06, 1.704554165371519e-06, 1.5821627812329098e-06, 1.486871383349353e-06, 1.4783479400648503e-06, 1.4358560065375059e-06, 1.6868209513631882e-06, 1.7014140212268103e-06, 1.185340124720824e-06, 1.41717498536309e-06, 1.6404771940869978e-06, 1.4653783182438929e-06, 1.341244569630362e-06, 1.69256861681788e-06, 2.9029740744590526e-06, 6.324353307718411e-06, 7.148757049435517e-06, 4.594332040142035e-06, 2.8220185868121916e-06, 2.053977596006007e-06, 8.201948844543949e-07, 4.5400747694657184e-07, 2.714482718602085e-07, 2.1182728460189537e-07, 1.1505860442184712e-07, 1.4677385706818313e-07, 1.413316113030305e-07, 1.1515517428506428e-07, 1.0039359921165669e-07, 7.249993672076016e-08, 6.490483173138273e-08, 4.466355463250693e-08, 3.3247104624933854e-08, 1.772350799456035e-08, 1.0179829423861975e-08, 2.052364722615607e-09, 3.097735401524915e-10, 2.6914599021710117e-11, 2.478428920427156e-11, 1.3539564434894569e-11, 1.3265523228500609e-11, 1.0876765633993646e-11, 8.896213626874427e-12, 8.743313364978356e-12, 8.530108043525164e-12, 8.26670589620937e-12, 8.112099533774675e-12, 8.055876278556529e-12], "lowlevel.melbands128.stdev": [0.003523461986333132, 0.02853316254913807, 0.0364304780960083, 0.022405540570616722, 0.015394973568618298, 0.00961816031485796, 0.007302641402930021, 0.007319915108382702, 0.005547251086682081, 0.0032862911466509104, 0.0015797625528648496, 0.0007193644996732473, 0.00042231110273860395, 0.0003455888363532722, 0.0005784915992990136, 0.0007635630900040269, 0.0005555305979214609, 0.0004877960018347949, 0.0004654210642911494, 0.0003797416284214705, 0.0005965156597085297, 0.0007458323962055147, 0.0005104996380396187, 0.00031081176712177694, 0.00028247805312275887, 0.00046864067553542554, 0.0002721757919061929, 8.391265873797238e-05, 0.00010127398854820058, 0.00012773768685292453, 0.00028784654568880796, 0.00014528124302159995, 0.00017207882774528116, 0.00014915867359377444, 0.00012677813356276602, 6.595679587917402e-05, 9.375595982419327e-05, 0.00010973827011184767, 9.97342576738447e-05, 9.075136767933145e-05, 0.00010339164145989344, 8.381185034522787e-05, 4.838827226194553e-05, 8.375835022889078e-05, 9.426626638742164e-05, 5.1065882871625945e-05, 4.8366102419095114e-05, 4.002479909104295e-05, 2.5492099666735157e-05, 3.713397745741531e-05, 4.143093974562362e-05, 5.781682921224274e-05, 5.0451151764718816e-05, 2.9253491447889246e-05, 1.925716242112685e-05, 1.8252509107696824e-05, 1.7921800463227555e-05, 1.6847898223204538e-05, 1.1182619346072897e-05, 1.2502438039518893e-05, 1.2030014659103472e-05, 1.3419428796623833e-05, 1.354588403046364e-05, 1.1734405234165024e-05, 7.5634411587088834e-06, 7.017391453700839e-06, 7.293079306691652e-06, 7.679311238462105e-06, 7.170762728492264e-06, 7.553368050139397e-06, 9.063900506589562e-06, 8.049109965213574e-06, 1.4699557141284458e-05, 8.495945621689316e-06, 7.551966518803965e-06, 7.064273631840479e-06, 6.933209533599438e-06, 4.869603344559437e-06, 5.0269009079784155e-06, 3.7855807022424415e-06, 4.2977326302207075e-06, 4.768904545926489e-06, 4.7790117605472915e-06, 4.333144715928938e-06, 4.9881332415679935e-06, 3.925409600924468e-06, 5.126283213030547e-06, 5.689267709385604e-06, 3.4140234674850944e-06, 3.382337354196352e-06, 4.565153631119756e-06, 3.7982042613293743e-06, 3.813960120169213e-06, 4.843651822739048e-06, 1.0958862731058616e-05, 3.048261714866385e-05, 3.745947833522223e-05, 2.603499342512805e-05, 1.4930992620065808e-05, 1.0672240932763088e-05, 3.2551013191550737e-06, 1.4839397408650257e-06, 8.939338727032009e-07, 8.26433677048044e-07, 3.3738587035259116e-07, 4.761018317367416e-07, 4.55870662108282e-07, 3.647844835086289e-07, 3.3576762348275224e-07, 2.415302731151314e-07, 2.1960443064017454e-07, 1.7252990858196426e-07, 1.3301088586104015e-07, 7.802149326607832e-08, 5.8254254753364876e-08, 1.659330628456246e-08, 2.924132713744143e-09, 2.9218630293037506e-10, 3.5557554123322177e-10, 1.3072835869376576e-10, 1.4383631785630513e-10, 7.061802531627137e-11, 2.211368067828179e-11, 2.174112279096363e-11, 2.1434251942786808e-11, 2.1176628159369493e-11, 2.0995741603635487e-11, 2.0883924797820974e-11], "lowlevel.mfcc.mean": [-768.849365234375, 83.79113006591797, 4.119215488433838, -4.784861087799072, -5.126531600952148, 3.4373300075531006, -12.362714767456055, -2.8553638458251953, -1.9263466596603394, 4.218575954437256, -6.213044166564941, 3.651557207107544, 2.8927628993988037], "lowlevel.spectral_contrast_coeffs.mean": [-0.6664960384368896, -0.7616748809814453, -0.8148321509361267, -0.8288443088531494, -0.8398810029029846, -0.7818639874458313], "lowlevel.spectral_contrast_coeffs.stdev": [0.09896602481603622, 0.10018078237771988, 0.07357464730739594, 0.0606556236743927, 0.03489164635539055, 0.04857094958424568], "lowlevel.spectral_contrast_valleys.mean": [-9.30245590209961, -8.034001350402832, -8.351102828979492, -8.458097457885742, -8.728716850280762, -10.877450942993164], "lowlevel.spectral_contrast_valleys.stdev": [2.096588134765625, 1.5910316705703735, 1.3908365964889526, 1.4038208723068237, 1.2657305002212524, 1.3313581943511963], "rhythm.beats_loudness_band_ratio.mean": [0.4432070255279541, 0.10645432770252228, 0.21385613083839417, 0.08465717732906342, 0.1076304093003273, 0.06283015012741089], "rhythm.beats_loudness_band_ratio.stdev": [0.4879014492034912, 0.16991861164569855, 0.2562001049518585, 0.12592318654060364, 0.13821488618850708, 0.13628412783145905], "tonal.hpcp.mean": [0.13853280246257782, 0.08208519220352173, 0.08896670490503311, 0.0932341143488884, 0.06567739695310593, 0.055809568613767624, 0.07036563009023666, 0.07233335077762604, 0.0742635726928711, 0.0800318717956543, 0.08595601469278336, 0.15416526794433594, 0.23265178501605988, 0.19226230680942535, 0.09678392857313156, 0.05342509597539902, 0.04311497136950493, 0.06522324681282043, 0.07418874651193619, 0.06622427701950073, 0.069762222468853, 0.056629106402397156, 0.04425545036792755, 0.04822911322116852, 0.05857789143919945, 0.07531227916479111, 0.20517513155937195, 0.35739976167678833, 0.2726787030696869, 0.11282539367675781, 0.06894972920417786, 0.07011643797159195, 0.10413217544555664, 0.17064838111400604, 0.22476090490818024, 0.21283875405788422], "tonal.hpcp.stdev": [0.2739640176296234, 0.19866688549518585, 0.18840189278125763, 0.1897127628326416, 0.16314789652824402, 0.14531807601451874, 0.18290863931179047, 0.16805367171764374, 0.1652517020702362, 0.18092432618141174, 0.17930079996585846, 0.2361259162425995, 0.3104405105113983, 0.27674558758735657, 0.18145376443862915, 0.13165295124053955, 0.1033656969666481, 0.1593245267868042, 0.17954714596271515, 0.13059920072555542, 0.12891802191734314, 0.12770749628543854, 0.1237366572022438, 0.14158856868743896, 0.15807391703128815, 0.17695386707782745, 0.2913658618927002, 0.4107191562652588, 0.33592498302459717, 0.23235104978084564, 0.1785387098789215, 0.1842193454504013, 0.20709583163261414, 0.28223493695259094, 0.32206737995147705, 0.33676090836524963], "rhythm.beats_position": [0.5224489569664001, 1.0332880020141602, 1.5325169563293457, 2.0201361179351807, 2.5077550411224365, 2.9953742027282715, 3.5062131881713867, 3.9938321113586426, 4.481451034545898, 4.9690704345703125, 5.456689357757568, 5.955918312072754, 6.4551472663879395, 6.942766189575195, 7.430385589599609, 7.918004512786865, 8.405623435974121, 8.904852867126465, 9.404081344604492, 9.891700744628906, 10.379319190979004, 10.866938591003418, 11.377777099609375, 11.865396499633789, 12.353015899658203, 12.8406343460083, 13.328253746032715, 13.815873146057129, 14.326711654663086, 14.8143310546875, 15.301949501037598, 15.789568901062012, 16.27718734741211, 16.764806747436523, 17.275646209716797, 17.76326560974121, 18.250883102416992, 18.738502502441406, 19.22612190246582, 19.713741302490234, 20.20136070251465, 20.700590133666992, 21.199817657470703, 21.687437057495117, 22.17505645751953, 22.662675857543945, 23.16190528869629, 23.6611328125, 24.148752212524414, 24.636371612548828, 25.123991012573242, 25.611610412597656, 26.110837936401367, 26.61006736755371, 27.097686767578125, 27.58530616760254, 28.072925567626953, 28.560543060302734, 29.059772491455078, 29.559001922607422, 30.046621322631836, 30.53424072265625, 31.02185821533203, 31.521087646484375, 32.02031707763672, 32.5079345703125, 32.99555587768555, 33.48317337036133, 33.970794677734375, 34.47002029418945, 34.9692497253418, 35.456871032714844, 35.944488525390625, 36.43210983276367, 36.94294738769531, 37.430564880371094, 37.91818618774414, 38.40580368041992, 38.91664505004883, 39.45070266723633], "rhythm.bpm_histogram": [0.0, 0.0, 0.0, 0.0, 0.0, 0.0, 0.0, 0.0, 0.0, 0.0, 0.0, 0.0, 0.0, 0.0, 0.0, 0.0, 0.0, 0.0, 0.0, 0.0, 0.0, 0.0, 0.0, 0.0, 0.0, 0.0, 0.0, 0.0, 0.0, 0.0, 0.0, 0.0, 0.0, 0.0, 0.0, 0.0, 0.0, 0.0, 0.0, 0.0, 0.0, 0.0, 0.0, 0.0, 0.0, 0.0, 0.0, 0.0, 0.0, 0.0, 0.0, 0.0, 0.0, 0.0, 0.0, 0.0, 0.0, 0.0, 0.0, 0.0, 0.0, 0.0, 0.0, 0.0, 0.0, 0.0, 0.0, 0.0, 0.0, 0.0, 0.0, 0.0, 0.0, 0.0, 0.0, 0.0, 0.0, 0.0, 0.0, 0.0, 0.0, 0.0, 0.0, 0.0, 0.0, 0.0, 0.0, 0.0, 0.0, 0.0, 0.0, 0.0, 0.0, 0.0, 0.0, 0.0, 0.0, 0.0, 0.0, 0.0, 0.0, 0.0, 0.0, 0.0, 0.0, 0.0, 0.0, 0.0, 0.0, 0.0, 0.0, 0.0, 0.012658228166401386, 0.0, 0.0, 0.0, 0.0, 0.08860759437084198, 0.0, 0.0, 0.2151898741722107, 0.0, 0.0, 0.6835442781448364, 0.0, 0.0, 0.0, 0.0, 0.0, 0.0, 0.0, 0.0, 0.0, 0.0, 0.0, 0.0, 0.0, 0.0, 0.0, 0.0, 0.0, 0.0, 0.0, 0.0, 0.0, 0.0, 0.0, 0.0, 0.0, 0.0, 0.0, 0.0, 0.0, 0.0, 0.0, 0.0, 0.0, 0.0, 0.0, 0.0, 0.0, 0.0, 0.0, 0.0, 0.0, 0.0, 0.0, 0.0, 0.0, 0.0, 0.0, 0.0, 0.0, 0.0, 0.0, 0.0, 0.0, 0.0, 0.0, 0.0, 0.0, 0.0, 0.0, 0.0, 0.0, 0.0, 0.0, 0.0, 0.0, 0.0, 0.0, 0.0, 0.0, 0.0, 0.0, 0.0, 0.0, 0.0, 0.0, 0.0, 0.0, 0.0, 0.0, 0.0, 0.0, 0.0, 0.0, 0.0, 0.0, 0.0, 0.0, 0.0, 0.0, 0.0, 0.0, 0.0, 0.0, 0.0, 0.0, 0.0, 0.0, 0.0, 0.0, 0.0, 0.0, 0.0, 0.0, 0.0, 0.0, 0.0, 0.0, 0.0, 0.0, 0.0, 0.0, 0.0, 0.0, 0.0, 0.0, 0.0, 0.0, 0.0, 0.0, 0.0, 0.0, 0.0, 0.0, 0.0, 0.0, 0.0], "tonal.chords_histogram": [24.30555534362793, 0.0, 0.0, 0.0, 1.0416666269302368, 0.0, 0.0, 28.009260177612305, 1.6203703880310059, 4.629629611968994, 33.217594146728516, 6.134259223937988, 0.0, 0.0, 0.0, 0.0, 0.0, 0.0, 0.0, 0.0, 0.0, 0.0, 1.0416666269302368, 0.0], "tonal.thpcp": [1.0, 0.7629515528678894, 0.3156840205192566, 0.19292046129703522, 0.196184903383255, 0.2913604974746704, 0.4774720072746277, 0.6288781762123108, 0.5955201387405396, 0.3876130282878876, 0.2296733260154724, 0.24892771244049072, 0.2608678638935089, 0.1837645173072815, 0.15615446865558624, 0.19688214361667633, 0.20238779485225677, 0.20778852701187134, 0.22392816841602325, 0.24050383269786835, 0.4313524663448334, 0.6509567499160767, 0.5379474759101868, 0.2708002030849457, 0.14948274195194244, 0.12063514441251755, 0.18249382078647614, 0.20757916569709778, 0.18529468774795532, 0.195193812251091, 0.1584475189447403, 0.12382619082927704, 0.13494445383548737, 0.1639001965522766, 0.21072280406951904, 0.5740774273872375], "lowlevel.gfcc.cov": [[12583.9248046875, 221.39202880859375, -1889.263671875, -841.165771484375, -1706.1983642578125, -665.9190063476562, -1089.742919921875, -362.7234802246094, -436.56390380859375, -261.86865234375, -238.564208984375, -171.17176818847656, -171.33970642089844], [221.39202880859375, 4993.43017578125, 2357.357421875, 646.9671020507812, 1116.8155517578125, -548.4716186523438, 600.088623046875, -500.8062438964844, 262.1887512207031, -350.8153991699219, 206.9124755859375, -247.22877502441406, 213.12173461914062], [-1889.263671875, 2357.357421875, 7660.0625, 3162.583740234375, 3530.9873046875, 1757.673583984375, 1915.6146240234375, 897.7542724609375, -36.615901947021484, 569.657470703125, -80.04315185546875, 465.7781982421875, -518.9580688476562], [-841.165771484375, 646.9671020507812, 3162.583740234375, 1934.7752685546875, 1741.5513916015625, 974.4662475585938, 907.20556640625, 445.2198181152344, -90.8384780883789, 290.0063171386719, -127.43321228027344, 238.44224548339844, -280.55169677734375], [-1706.1983642578125, 1116.8155517578125, 3530.9873046875, 1741.5513916015625, 2538.894287109375, 1182.815185546875, 1316.548828125, 569.6268310546875, -0.08095655590295792, 338.9435119628906, -72.03955841064453, 327.02294921875, -252.6765594482422], [-665.9190063476562, -548.4716186523438, 1757.673583984375, 974.4662475585938, 1182.815185546875, 1043.603515625, 718.3211669921875, 516.3020629882812, -106.06661224365234, 303.67791748046875, -99.01204681396484, 263.4247741699219, -251.32032775878906], [-1089.742919921875, 600.088623046875, 1915.6146240234375, 907.20556640625, 1316.548828125, 718.3211669921875, 1021.4228515625, 382.3946838378906, 34.78043746948242, 228.48219299316406, -14.23633861541748, 214.71237182617188, -157.88571166992188], [-362.7234802246094, -500.8062438964844, 897.7542724609375, 445.2198181152344, 569.6268310546875, 516.3020629882812, 382.3946838378906, 405.8341979980469, -10.9226713180542, 224.60943603515625, -55.95893859863281, 182.92437744140625, -138.88092041015625], [-436.56390380859375, 262.1887512207031, -36.615901947021484, -90.8384780883789, -0.08095655590295792, -106.06661224365234, 34.78043746948242, -10.9226713180542, 192.8407440185547, 6.680580139160156, 82.00847625732422, -39.36205291748047, 90.40686798095703], [-261.86865234375, -350.8153991699219, 569.657470703125, 290.0063171386719, 338.9435119628906, 303.67791748046875, 228.48219299316406, 224.60943603515625, 6.680580139160156, 215.4228973388672, -13.743964195251465, 131.99876403808594, -96.32769775390625], [-238.564208984375, 206.9124755859375, -80.04315185546875, -127.43321228027344, -72.03955841064453, -99.01204681396484, -14.23633861541748, -55.95893859863281, 82.00847625732422, -13.743964195251465, 128.87545776367188, -11.706015586853027, 81.44892883300781], [-171.17176818847656, -247.22877502441406, 465.7781982421875, 238.44224548339844, 327.02294921875, 263.4247741699219, 214.71237182617188, 182.92437744140625, -39.36205291748047, 131.99876403808594, -11.706015586853027, 179.24000549316406, -65.4541244506836], [-171.33970642089844, 213.12173461914062, -518.9580688476562, -280.55169677734375, -252.6765594482422, -251.32032775878906, -157.88571166992188, -138.88092041015625, 90.40686798095703, -96.32769775390625, 81.44892883300781, -65.4541244506836, 165.14373779296875]], "lowlevel.gfcc.icov": [[0.00012298421643208712, -0.00016582423995714635, 5.8751957112690434e-05, -8.283671377284918e-06, 0.00015658610209356993, -0.0001692951045697555, 0.00019696219533216208, -0.0001869321713456884, 0.00016901310300454497, -8.173599053407088e-05, 0.00011814243771368638, -0.0001293649256695062, 0.00027545547345653176], [-0.00016582423995714635, 0.0012074662372469902, -0.0004942941013723612, 4.835076833842322e-05, -0.0007366419886238873, 0.001558956690132618, -0.0010906353127211332, 0.0012862002477049828, -0.0004191227490082383, 0.0011621996527537704, -0.0005058830138295889, 0.0006025710608810186, -0.0005214629345573485], [5.8751957112690434e-05, -0.0004942941013723612, 0.0007923247758299112, -0.0006337719387374818, -0.00011397110210964456, -0.00033837169758044183, 0.0003994196595158428, -0.000926703738514334, 0.00012785490253008902, -0.00027749192668125033, -0.0007484365487471223, -7.124656985979527e-05, 0.0011342811631038785], [-8.283671377284918e-06, 4.835076833842322e-05, -0.0006337719387374818, 0.0022427609656006098, -0.0005193366669118404, -0.0006988535751588643, 3.5836063034366816e-05, 0.0009415980312041938, 0.00017245154595002532, -0.0007122030365280807, 0.0014085954753682017, 0.00019721318676602095, -0.0004109314759261906], [0.00015658610209356993, -0.0007366419886238873, -0.00011397110210964456, -0.0005193366669118404, 0.002748775528743863, -0.001896725851111114, -0.0006314103375189006, -0.00012345434515736997, -0.00035037510679103434, -0.00029978505335748196, 0.0013284350279718637, -0.0012279866496101022, -0.0006404821760952473], [-0.0001692951045697555, 0.001558956690132618, -0.00033837169758044183, -0.0006988535751588643, -0.001896725851111114, 0.007235533092170954, -0.0021129902452230453, -0.002559024142101407, 0.002347599482163787, 0.0007631437038071454, -0.00203653029166162, 0.0017125096637755632, 0.00034203389077447355], [0.00019696219533216208, -0.0010906353127211332, 0.0003994196595158428, 3.5836063034366816e-05, -0.0006314103375189006, -0.0021129902452230453, 0.00461650500074029, -0.0014362568035721779, -0.0011920067481696606, -0.00010957282938761637, -0.0004149327287450433, -0.0016538348281756043, 0.002089750487357378], [-0.0001869321713456884, 0.0012862002477049828, -0.000926703738514334, 0.0009415980312041938, -0.00012345434515736997, -0.002559024142101407, -0.0014362568035721779, 0.013474895618855953, -0.004752165637910366, -0.0027217755559831858, 0.003805031068623066, -0.003987613599747419, 0.00026605732273310423], [0.00016901310300454497, -0.0004191227490082383, 0.00012785490253008902, 0.00017245154595002532, -0.00035037510679103434, 0.002347599482163787, -0.0011920067481696606, -0.004752165637910366, 0.01398659311234951, -0.0056268093176186085, -0.0037822036538273096, 0.0068889521062374115, -0.007031675893813372], [-8.173599053407088e-05, 0.0011621996527537704, -0.00027749192668125033, -0.0007122030365280807, -0.00029978505335748196, 0.0007631437038071454, -0.00010957282938761637, -0.0027217755559831858, -0.0056268093176186085, 0.01732284016907215, -0.003210753435268998, -0.006124528124928474, 0.0069832466542720795], [0.00011814243771368638, -0.0005058830138295889, -0.0007484365487471223, 0.0014085954753682017, 0.0013284350279718637, -0.00203653029166162, -0.0004149327287450433, 0.003805031068623066, -0.0037822036538273096, -0.003210753435268998, 0.016459660604596138, -0.0031356997787952423, -0.006610014010220766], [-0.0001293649256695062, 0.0006025710608810186, -7.124656985979527e-05, 0.00019721318676602095, -0.0012279866496101022, 0.0017125096637755632, -0.0016538348281756043, -0.003987613599747419, 0.0068889521062374115, -0.006124528124928474, -0.0031356997787952423, 0.01620132476091385, -0.004383905325084925], [0.00027545547345653176, -0.0005214629345573485, 0.0011342811631038785, -0.0004109314759261906, -0.0006404821760952473, 0.00034203389077447355, 0.002089750487357378, 0.00026605732273310423, -0.007031675893813372, 0.0069832466542720795, -0.006610014010220766, -0.004383905325084925, 0.021087881177663803]], "lowlevel.mfcc.cov": [[14471.7705078125, -1025.4200439453125, -2605.189208984375, -2142.538330078125, -1916.943603515625, -1794.946044921875, -1735.8717041015625, -1279.730712890625, -902.237548828125, -644.6495361328125, -800.46533203125, -422.9687805175781, -402.5624694824219], [-1025.4200439453125, 4293.18798828125, 1450.576416015625, 1407.906494140625, 623.417236328125, 525.06787109375, 379.1462097167969, 250.9496612548828, 164.2294158935547, 53.816871643066406, 153.41522216796875, -23.736356735229492, -18.240428924560547], [-2605.189208984375, 1450.576416015625, 3560.12353515625, 2157.205078125, 1596.690185546875, 1372.6177978515625, 1317.3536376953125, 956.9318237304688, 481.8957214355469, 389.6297607421875, 642.2323608398438, 200.64556884765625, 144.2722625732422], [-2142.538330078125, 1407.906494140625, 2157.205078125, 2055.311767578125, 1313.4613037109375, 1269.725830078125, 1118.9306640625, 837.234130859375, 451.9001770019531, 306.59527587890625, 490.57135009765625, 143.84793090820312, 118.83002471923828], [-1916.943603515625, 623.417236328125, 1596.690185546875, 1313.4613037109375, 1311.376708984375, 1023.1439208984375, 960.8203735351562, 693.8878784179688, 394.8031311035156, 276.1247253417969, 402.601318359375, 125.73196411132812, 121.65989685058594], [-1794.946044921875, 525.06787109375, 1372.6177978515625, 1269.725830078125, 1023.1439208984375, 1166.6671142578125, 1059.020263671875, 783.1515502929688, 415.14471435546875, 287.3336181640625, 443.2472839355469, 164.33285522460938, 110.12155151367188], [-1735.8717041015625, 379.1462097167969, 1317.3536376953125, 1118.9306640625, 960.8203735351562, 1059.020263671875, 1121.8961181640625, 813.6974487304688, 419.1082458496094, 278.2666015625, 454.0048522949219, 179.21168518066406, 131.5664825439453], [-1279.730712890625, 250.9496612548828, 956.9318237304688, 837.234130859375, 693.8878784179688, 783.1515502929688, 813.6974487304688, 676.2573852539062, 350.10211181640625, 220.50888061523438, 346.0724182128906, 147.43161010742188, 115.7335433959961], [-902.237548828125, 164.2294158935547, 481.8957214355469, 451.9001770019531, 394.8031311035156, 415.14471435546875, 419.1082458496094, 350.10211181640625, 267.0172424316406, 164.5415802001953, 195.5513458251953, 94.256103515625, 78.37133026123047], [-644.6495361328125, 53.816871643066406, 389.6297607421875, 306.59527587890625, 276.1247253417969, 287.3336181640625, 278.2666015625, 220.50888061523438, 164.5415802001953, 171.69700622558594, 165.35662841796875, 71.57069396972656, 44.40241241455078], [-800.46533203125, 153.41522216796875, 642.2323608398438, 490.57135009765625, 402.601318359375, 443.2472839355469, 454.0048522949219, 346.0724182128906, 195.5513458251953, 165.35662841796875, 273.78167724609375, 112.35885620117188, 68.1661605834961], [-422.9687805175781, -23.736356735229492, 200.64556884765625, 143.84793090820312, 125.73196411132812, 164.33285522460938, 179.21168518066406, 147.43161010742188, 94.256103515625, 71.57069396972656, 112.35885620117188, 118.41397094726562, 77.42858123779297], [-402.5624694824219, -18.240428924560547, 144.2722625732422, 118.83002471923828, 121.65989685058594, 110.12155151367188, 131.5664825439453, 115.7335433959961, 78.37133026123047, 44.40241241455078, 68.1661605834961, 77.42858123779297, 113.43225860595703]], "lowlevel.mfcc.icov": [[9.528718510409817e-05, 4.585984243021812e-06, 1.4720289073011372e-05, -6.566819479303376e-07, 3.9522870793007314e-05, 4.380074460641481e-05, 5.589945430983789e-05, -0.00012341784895397723, 0.0001625811419216916, 8.81377563928254e-05, -5.076393063063733e-05, 5.5557968153152615e-05, 0.0001427963434252888], [4.585984243021812e-06, 0.0003511252289172262, -4.6104432840365916e-05, -0.0004080210637766868, 0.00010383298649685457, 0.00011900015670107678, -2.5920922780642286e-05, 0.0002720588818192482, -0.00036046153400093317, 0.00036000151885673404, -1.7877344362204894e-05, 7.049220585031435e-05, 0.00015516034909524024], [1.4720289073011372e-05, -4.6104432840365916e-05, 0.0009942344622686505, -0.0007816680008545518, -0.0005512901698239148, 0.0007278261473402381, -0.0003265873820055276, -0.00018752511823549867, 0.000906597706489265, -0.00038507638964802027, -0.0008217340218834579, -0.0002620425366330892, 0.00025100968196056783], [-6.566819479303376e-07, -0.0004080210637766868, -0.0007816680008545518, 0.003037857124581933, -0.0005641214083880186, -0.0024677752517163754, 0.001240278477780521, -0.0004913261509500444, -0.00040774382068775594, 0.0005440546665340662, -0.00027519455761648715, 0.0009718902292661369, -0.0006219347123987973], [3.9522870793007314e-05, 0.00010383298649685457, -0.0005512901698239148, -0.0005641214083880186, 0.0035415899474173784, -0.0014014117186889052, -0.0010858395835384727, 0.0011768171098083258, -0.001129893003962934, -0.00043078672024421394, 0.0003892992972396314, 0.0019411693792790174, -0.0015398261602967978], [4.380074460641481e-05, 0.00011900015670107678, 0.0007278261473402381, -0.0024677752517163754, -0.0014014117186889052, 0.009914045222103596, -0.005494539625942707, -0.0013641312252730131, 0.0007081764051690698, -0.0015237011248245835, 0.00011805793474195525, -0.0019072666764259338, 0.002815311076119542], [5.589945430983789e-05, -2.5920922780642286e-05, -0.0003265873820055276, 0.001240278477780521, -0.0010858395835384727, -0.005494539625942707, 0.012705362401902676, -0.008010517805814743, 0.0006412047077901661, 0.0020697079598903656, -0.0036225582007318735, 0.0005949627375230193, -0.0002368098357692361], [-0.00012341784895397723, 0.0002720588818192482, -0.00018752511823549867, -0.0004913261509500444, 0.0011768171098083258, -0.0013641312252730131, -0.008010517805814743, 0.016443314030766487, -0.007906732149422169, 0.002766021993011236, -0.002009516814723611, 0.0005722711212001741, -0.0018676037434488535], [0.0001625811419216916, -0.00036046153400093317, 0.000906597706489265, -0.00040774382068775594, -0.001129893003962934, 0.0007081764051690698, 0.0006412047077901661, -0.007906732149422169, 0.019423965364694595, -0.010633626952767372, 0.00234193354845047, -0.0013012259732931852, -0.0021360088139772415], [8.81377563928254e-05, 0.00036000151885673404, -0.00038507638964802027, 0.0005440546665340662, -0.00043078672024421394, -0.0015237011248245835, 0.0020697079598903656, 0.002766021993011236, -0.010633626952767372, 0.021104352548718452, -0.009349570609629154, -0.00029969439492560923, 0.0019178488291800022], [-5.076393063063733e-05, -1.7877344362204894e-05, -0.0008217340218834579, -0.00027519455761648715, 0.0003892992972396314, 0.00011805793474195525, -0.0036225582007318735, -0.002009516814723611, 0.00234193354845047, -0.009349570609629154, 0.020483633503317833, -0.008089407347142696, 0.0021243481896817684], [5.5557968153152615e-05, 7.049220585031435e-05, -0.0002620425366330892, 0.0009718902292661369, 0.0019411693792790174, -0.0019072666764259338, 0.0005949627375230193, 0.0005722711212001741, -0.0013012259732931852, -0.00029969439492560923, -0.008089407347142696, 0.023910267278552055, -0.012424160726368427], [0.0001427963434252888, 0.00015516034909524024, 0.00025100968196056783, -0.0006219347123987973, -0.0015398261602967978, 0.002815311076119542, -0.0002368098357692361, -0.0018676037434488535, -0.0021360088139772415, 0.0019178488291800022, 0.0021243481896817684, -0.012424160726368427, 0.0187075175344944]], "metadata.audio_properties.analysis.downmix": "mix", "metadata.audio_properties.codec": "mp3", "metadata.audio_properties.md5_encoded": "c2729a63033474452119a058cf516732", "metadata.tags.file_name": "1183655387925323786.mp3", "metadata.version.e