{"song_id": "1183702427610914826", "download": "https://cdn.discordapp.com/attachments/1135911532732108921/1183702427610914826/chirp.mp4?ex=65894bca&amp", "lyrics": "[Verse]\nSmokin' blunts on the block, Gangster rap never stops\n2Pac vibes, I'm the king on the top\nLiving life in a struggle, gotta hustle everyday\nI'm the voice of the streets, let my words convey\n\n[Chorus]\nLofi DnB flow, takin' you real low\nGangster rap lyrics, filled with stories untold\nLaid-back beats, keepin' it smooth and slow\nThis is how we roll, in the world we call home", "style": ["Lofi dnb rap"], "essentia_features": {"lowlevel.average_loudness": 0.9025335907936096, "lowlevel.barkbands_crest.mean": 19.665206909179688, "lowlevel.barkbands_crest.stdev": 5.714016437530518, "lowlevel.barkbands_flatness_db.mean": 0.30905598402023315, "lowlevel.barkbands_flatness_db.stdev": 0.09538894891738892, "lowlevel.barkbands_kurtosis.mean": 64.07363891601562, "lowlevel.barkbands_kurtosis.stdev": 114.88314056396484, "lowlevel.barkbands_skewness.mean": 5.34411096572876, "lowlevel.barkbands_skewness.stdev": 4.407857894897461, "lowlevel.barkbands_spread.mean": 11.029187202453613, "lowlevel.barkbands_spread.stdev": 18.637296676635742, "lowlevel.dissonance.mean": 0.4388725459575653, "lowlevel.dissonance.stdev": 0.0511438250541687, "lowlevel.dynamic_complexity": 3.1699764728546143, "lowlevel.erbbands_crest.mean": 12.011573791503906, "lowlevel.erbbands_crest.stdev": 5.240133762359619, "lowlevel.erbbands_flatness_db.mean": 0.19998274743556976, "lowlevel.erbbands_flatness_db.stdev": 0.0563325434923172, "lowlevel.erbbands_kurtosis.mean": 2.33085298538208, "lowlevel.erbbands_kurtosis.stdev": 4.6543450355529785, "lowlevel.erbbands_skewness.mean": 0.25315067172050476, "lowlevel.erbbands_skewness.stdev": 1.4471495151519775, "lowlevel.erbbands_spread.mean": 40.579532623291016, "lowlevel.erbbands_spread.stdev": 27.344919204711914, "lowlevel.hfc.mean": 15.301946640014648, "lowlevel.hfc.stdev": 20.48484992980957, "lowlevel.loudness_ebu128.integrated": -13.80069351196289, "lowlevel.loudness_ebu128.loudness_range": 2.3842248916625977, "lowlevel.loudness_ebu128.momentary.mean": -14.320719718933105, "lowlevel.loudness_ebu128.momentary.stdev": 2.3015213012695312, "lowlevel.loudness_ebu128.short_term.mean": -13.83056354522705, "lowlevel.loudness_ebu128.short_term.stdev": 0.8455134630203247, "lowlevel.melbands_crest.mean": 23.79872703552246, "lowlevel.melbands_crest.stdev": 6.737802982330322, "lowlevel.melbands_flatness_db.mean": 0.3978327512741089, "lowlevel.melbands_flatness_db.stdev": 0.1220560297369957, "lowlevel.melbands_kurtosis.mean": 108.223876953125, "lowlevel.melbands_kurtosis.stdev": 167.49160766601562, "lowlevel.melbands_skewness.mean": 6.61248254776001, "lowlevel.melbands_skewness.stdev": 4.494721412658691, "lowlevel.melbands_spread.mean": 9.631145477294922, "lowlevel.melbands_spread.stdev": 19.891843795776367, "lowlevel.pitch_salience.mean": 0.2863962948322296, "lowlevel.pitch_salience.stdev": 0.16808737814426422, "lowlevel.silence_rate_20dB.mean": 0.9796285033226013, "lowlevel.silence_rate_20dB.stdev": 0.1412687599658966, "lowlevel.silence_rate_30dB.mean": 0.8400239944458008, "lowlevel.silence_rate_30dB.stdev": 0.36658188700675964, "lowlevel.silence_rate_60dB.mean": 0.01078490074723959, "lowlevel.silence_rate_60dB.stdev": 0.10328900068998337, "lowlevel.spectral_centroid.mean": 818.9913330078125, "lowlevel.spectral_centroid.stdev": 856.4653930664062, "lowlevel.spectral_complexity.mean": 8.419412612915039, "lowlevel.spectral_complexity.stdev": 7.2101335525512695, "lowlevel.spectral_decrease.mean": -1.8548691471664824e-08, "lowlevel.spectral_decrease.stdev": 2.230362383670581e-08, "lowlevel.spectral_energy.mean": 0.0713949128985405, "lowlevel.spectral_energy.stdev": 0.08467955142259598, "lowlevel.spectral_energyband_high.mean": 0.0006591915735043585, "lowlevel.spectral_energyband_high.stdev": 0.002143765799701214, "lowlevel.spectral_energyband_low.mean": 0.0617033876478672, "lowlevel.spectral_energyband_low.stdev": 0.08320464938879013, "lowlevel.spectral_energyband_middle_high.mean": 0.002414079150184989, "lowlevel.spectral_energyband_middle_high.stdev": 0.005627280566841364, "lowlevel.spectral_energyband_middle_low.mean": 0.007836166769266129, "lowlevel.spectral_energyband_middle_low.stdev": 0.015438693575561047, "lowlevel.spectral_entropy.mean": 6.960858345031738, "lowlevel.spectral_entropy.stdev": 0.6416890025138855, "lowlevel.spectral_flux.mean": 0.09709574282169342, "lowlevel.spectral_flux.stdev": 0.1191568374633789, "lowlevel.spectral_kurtosis.mean": 10.49096965789795, "lowlevel.spectral_kurtosis.stdev": 10.494760513305664, "lowlevel.spectral_rms.mean": 0.0073992228135466576, "lowlevel.spectral_rms.stdev": 0.003860714379698038, "lowlevel.spectral_rolloff.mean": 645.5234375, "lowlevel.spectral_rolloff.stdev": 1534.3826904296875, "lowlevel.spectral_skewness.mean": 2.2502827644348145, "lowlevel.spectral_skewness.stdev": 1.128341794013977, "lowlevel.spectral_spread.mean": 4011221.75, "lowlevel.spectral_spread.stdev": 2226444.5, "lowlevel.spectral_strongpeak.mean": 0.710771918296814, "lowlevel.spectral_strongpeak.stdev": 0.7064258456230164, "lowlevel.zerocrossingrate.mean": 0.02477654255926609, "lowlevel.zerocrossingrate.stdev": 0.037074580788612366, "metadata.audio_properties.analysis.equal_loudness": 0.0, "metadata.audio_properties.analysis.length": 38.71997833251953, "metadata.audio_properties.analysis.sample_rate": 44100.0, "metadata.audio_properties.analysis.start_time": 0.0, "metadata.audio_properties.bit_rate": 114269.0, "metadata.audio_properties.length": 38.720001220703125, "metadata.audio_properties.lossless": 0.0, "metadata.audio_properties.number_channels": 1.0, "metadata.audio_properties.replay_gain": -11.634347915649414, "metadata.audio_properties.sample_rate": 48000.0, "rhythm.beats_count": 55.0, "rhythm.beats_loudness.mean": 0.2223818302154541, "rhythm.beats_loudness.stdev": 0.10643207281827927, "rhythm.bpm": 86.91861724853516, "rhythm.bpm_histogram_first_peak_bpm": 88.0, "rhythm.bpm_histogram_first_peak_weight": 0.46296292543411255, "rhythm.bpm_histogram_second_peak_bpm": 0.0, "rhythm.bpm_histogram_second_peak_spread": 0.0, "rhythm.bpm_histogram_second_peak_weight": 0.0, "rhythm.danceability": 1.5032857656478882, "rhythm.onset_rate": 3.3554887771606445, "tonal.chords_changes_rate": 0.08263473212718964, "tonal.chords_number_rate": 0.011976048350334167, "tonal.chords_strength.mean": 0.504300594329834, "tonal.chords_strength.stdev": 0.08314735442399979, "tonal.hpcp_crest.mean": 14.494734764099121, "tonal.hpcp_crest.stdev": 5.825863361358643, "tonal.hpcp_entropy.mean": 1.8068064451217651, "tonal.hpcp_entropy.stdev": 0.6923357844352722, "tonal.key_edma.strength": 0.7476387023925781, "tonal.key_krumhansl.strength": 0.7433781623840332, "tonal.key_temperley.strength": 0.7031612992286682, "tonal.tuning_diatonic_strength": 0.6139705181121826, "tonal.tuning_equal_tempered_deviation": 0.31278112530708313, "tonal.tuning_frequency": 434.193115234375, "tonal.tuning_nontempered_energy_ratio": 0.9508258104324341, "lowlevel.barkbands.mean": [0.0022412948310375214, 0.051747847348451614, 0.006538569927215576, 0.00210152892395854, 0.0010813940316438675, 0.0015685462858527899, 0.0006324744317680597, 0.0015904591418802738, 0.0007532291929237545, 0.0007013821159489453, 0.00034664079430513084, 0.0003049644292332232, 0.0003131685662083328, 0.00014784737140871584, 0.000140540927532129, 0.00011787537368945777, 0.00012142976629547775, 0.00013238374958746135, 0.00011715374421328306, 6.853133527329192e-05, 6.440229481086135e-05, 0.00014648782962467521, 0.00013501726789399981, 0.00023403632803820074, 3.7162055377848446e-05, 1.0605192073853686e-05, 2.5162514294407856e-09], "lowlevel.barkbands.stdev": [0.004553417209535837, 0.06660136580467224, 0.027445124462246895, 0.008936907164752483, 0.0033459789119660854, 0.003923978190869093, 0.0017525666626170278, 0.005355739966034889, 0.002839682623744011, 0.0032800764311105013, 0.0009018420241773129, 0.001166303874924779, 0.000960244913585484, 0.0004329666553530842, 0.0004536134656518698, 0.0004317100392654538, 0.0005579093121923506, 0.0006628986448049545, 0.0006174208247102797, 0.0003422251029405743, 0.0002253458515042439, 0.0005270721158012748, 0.0005295626469887793, 0.0009280246449634433, 0.0001379413006361574, 3.703119364217855e-05, 1.1193209914495128e-08], "lowlevel.erbbands.mean": [1.866182565689087, 9.908037185668945, 9.95380973815918, 7.394004821777344, 5.806022644042969, 2.6305034160614014, 3.743950128555298, 16.508840560913086, 10.597090721130371, 21.34145164489746, 28.09254264831543, 16.35430145263672, 17.881057739257812, 26.208290100097656, 15.834278106689453, 11.406449317932129, 14.749805450439453, 8.83963394165039, 7.743319034576416, 7.5162177085876465, 5.529031753540039, 7.290497303009033, 7.389734268188477, 6.4094624519348145, 5.293219566345215, 3.166653633117676, 2.5257270336151123, 2.7885210514068604, 4.8180832862854, 5.880617141723633, 3.343768358230591, 4.0454559326171875, 4.092726230621338, 0.7567064166069031, 0.12718741595745087, 0.06684129685163498, 0.01774199865758419, 0.0006341318367049098, 5.3718606068287045e-05, 8.135578536894172e-05], "lowlevel.erbbands.stdev": [3.0116114616394043, 12.269698143005371, 29.712268829345703, 33.50287628173828, 18.113054275512695, 9.207332611083984, 10.81010627746582, 44.386146545410156, 29.340625762939453, 52.085594177246094, 110.3177719116211, 56.64531326293945, 65.75641632080078, 119.7707748413086, 45.04256057739258, 36.139217376708984, 39.93709945678711, 25.072099685668945, 25.049203872680664, 20.6230411529541, 22.68474578857422, 33.167633056640625, 34.88439178466797, 35.684661865234375, 26.847410202026367, 16.443334579467773, 9.763931274414062, 10.046958923339844, 17.428688049316406, 22.856176376342773, 13.267748832702637, 16.09745216369629, 16.493392944335938, 2.7715940475463867, 0.4411654770374298, 0.23247478902339935, 0.06551285088062286, 0.00268844747915864, 8.012159378267825e-05, 9.1570480435621e-05], "lowlevel.gfcc.mean": [-82.89972686767578, 133.483642578125, -86.7298812866211, 37.6441535949707, -37.30085372924805, 37.98581314086914, -17.643207550048828, 14.44666862487793, 2.2617406845092773, 2.4440901279449463, 3.2610678672790527, -4.1747589111328125, -4.436576843261719], "lowlevel.melbands.mean": [0.015412050299346447, 0.007652851287275553, 0.0012421972351148725, 0.00028754910454154015, 0.00012160785991000012, 0.00035030109575018287, 0.00015386535960715264, 0.00028034969000145793, 0.00019325531320646405, 0.00011013247421942651, 8.945812442107126e-05, 0.00010840473987627774, 5.166599657968618e-05, 3.778778773266822e-05, 2.8435471904231235e-05, 2.9415748940664344e-05, 1.483071901020594e-05, 1.2411410352797247e-05, 1.0516534530324861e-05, 9.336090442957357e-06, 5.6842213780328166e-06, 7.048200131976046e-06, 8.214637091441546e-06, 5.532923751161434e-06, 5.167134531802731e-06, 4.254900431988062e-06, 3.0860514925734606e-06, 1.880578793134191e-06, 1.5008830587248667e-06, 1.6280126828860375e-06, 1.5603701513100532e-06, 2.437109969832818e-06, 3.407434405744425e-06, 3.248349457862787e-06, 1.969436880244757e-06, 1.464494516767445e-06, 3.0675391826662235e-06, 3.730873686436098e-06, 1.0635189937602263e-06, 4.641111388536956e-07], "lowlevel.melbands.stdev": [0.02148965559899807, 0.013905247673392296, 0.005214793607592583, 0.0009056712151505053, 0.00035400743945501745, 0.0008999126730486751, 0.0004073705058544874, 0.0007465109811164439, 0.0007731947698630393, 0.00041591376066207886, 0.0003391731297597289, 0.0005196823040023446, 0.00013195702922530472, 0.00014725906657986343, 7.827548688510433e-05, 9.222376684192568e-05, 4.356305726105347e-05, 4.2469306208658963e-05, 3.323075361549854e-05, 3.0413924832828343e-05, 2.546824180171825e-05, 3.4752734791254625e-05, 3.315748836030252e-05, 3.070765160373412e-05, 2.946005952253472e-05, 2.2680485926684923e-05, 1.4697602637170348e-05, 1.0808930710481945e-05, 6.4925952756311744e-06, 5.617297119897557e-06, 5.986231826682342e-06, 9.026300176628865e-06, 1.2378640349197667e-05, 1.3401635442278348e-05, 8.139556484820787e-06, 6.426616891985759e-06, 1.2381680789985694e-05, 1.538981268822681e-05, 4.118154720345046e-06, 1.7863194443634711e-06], "lowlevel.melbands128.mean": [0.0021652060095220804, 0.01525016687810421, 0.021739454939961433, 0.014664331451058388, 0.006462981924414635, 0.0028318825643509626, 0.001503254403360188, 0.0009345906437374651, 0.0005709178512915969, 0.0002566874027252197, 0.0001016475071082823, 8.059394167503342e-05, 8.168431668309495e-05, 0.00021321077656466514, 0.00042590542580001056, 0.00042171639506705105, 0.0002181060699513182, 7.804681808920577e-05, 9.125829819822684e-05, 0.00023036352649796754, 0.0004073929740116, 0.00037097997847013175, 0.00014034628111403435, 4.8125300963874906e-05, 7.172264304244891e-05, 0.00016370994853787124, 0.00013949890853837132, 5.395643529482186e-05, 5.967239121673629e-05, 0.00015158209134824574, 0.00011577249824767932, 4.544943294604309e-05, 5.104856245452538e-05, 5.04441668454092e-05, 4.9924648919841275e-05, 3.038319482584484e-05, 2.5194935005856678e-05, 2.1728781575802714e-05, 3.406805626582354e-05, 4.211940904497169e-05, 2.4223212676588446e-05, 2.1343454136513174e-05, 1.2534352208604105e-05, 1.3648005733557511e-05, 1.297369999520015e-05, 1.061732109519653e-05, 1.4329236364574172e-05, 9.91119486570824e-06, 8.029014679777902e-06, 1.305885689362185e-05, 8.576060281484388e-06, 7.804983397363685e-06, 5.658045665768441e-06, 4.871224973612698e-06, 5.091379080113256e-06, 7.610113698319765e-06, 8.168743988790084e-06, 8.74683064466808e-06, 8.72681903274497e-06, 6.312634923233418e-06, 4.984201041224878e-06, 5.083076757728122e-06, 5.501148280018242e-06, 5.2603786571125966e-06, 4.764102413901128e-06, 4.18104900745675e-06, 3.9763617678545415e-06, 3.6386650208442006e-06, 3.038051772819017e-06, 2.141954837497906e-06, 1.7262250366911758e-06, 1.9242422695242567e-06, 1.5403978750327951e-06, 1.4094209745962871e-06, 1.4400570762518328e-06, 1.7128481886174995e-06, 1.6658398180879885e-06, 1.4900467704137554e-06, 1.492034130023967e-06, 1.6390362134188763e-06, 2.05802916752873e-06, 2.9364696274569724e-06, 3.1303454761655303e-06, 3.5187320008844836e-06, 3.475973471722682e-06, 3.61899674317101e-06, 3.088502353421063e-06, 2.7462695015856298e-06, 1.7153794260593713e-06, 1.6376950497942744e-06, 1.5347686712630093e-06, 1.386449184792582e-06, 1.3570894452641369e-06, 2.8171416488476098e-06, 4.2398837649670895e-06, 4.666741006076336e-06, 3.99087866753689e-06, 1.9727792732737726e-06, 8.033877065827255e-07, 7.637265753146494e-07, 5.914696998843283e-07, 5.155139888302074e-07, 1.5619978910308419e-07, 7.741967777974423e-08, 6.113200612389846e-08, 1.7374009075865615e-07, 1.4689533145428868e-07, 8.509836391112913e-08, 1.0794154547966173e-07, 1.3557763622884522e-07, 1.1407761491000201e-07, 9.229706421365336e-08, 4.483736404381489e-08, 1.6015253123669027e-08, 7.549952663055137e-09, 5.438134387247828e-10, 2.7013951839349737e-11, 1.0497133544340453e-11, 9.988593285825687e-12, 9.707503897948833e-12, 9.484642238266616e-12, 9.290276881124271e-12, 9.059891725726743e-12, 8.907434685678783e-12, 8.74240610460042e-12, 8.561420669628284e-12, 8.450697606965374e-12, 8.399413109483334e-12], "lowlevel.melbands128.stdev": [0.004445391707122326, 0.02796240895986557, 0.029575113207101822, 0.019451947882771492, 0.01674298197031021, 0.01270981878042221, 0.007513564079999924, 0.003525804728269577, 0.0016939699416980147, 0.0008987102773971856, 0.00043984156218357384, 0.00031764470622874796, 0.0003318135568406433, 0.0007092566229403019, 0.001357409288175404, 0.001218239194713533, 0.0007396262953989208, 0.00038301042513921857, 0.0003341365954838693, 0.0006259490619413555, 0.0013900307239964604, 0.001671190606430173, 0.0008199881413020194, 0.00032234840909950435, 0.00034942012280225754, 0.0007801292813383043, 0.000691695197019726, 0.0003096659202128649, 0.00044051793520338833, 0.0009200856438837945, 0.0005951105849817395, 0.00015911192167550325, 0.0001554715126985684, 0.00023448304273188114, 0.0002614468685351312, 0.00015540781896561384, 0.00011249695671722293, 9.791466436581686e-05, 0.00011326876119710505, 0.0001428642717655748, 0.00014248935622163117, 0.00011763979273382574, 3.972437116317451e-05, 5.0604739953996614e-05, 6.4375031797681e-05, 4.638639438780956e-05, 6.569184915861115e-05, 4.460765921976417e-05, 3.072597974096425e-05, 3.6018333048559725e-05, 3.6549292417475954e-05, 3.940896931453608e-05, 2.9303615519893356e-05, 2.4776010832283646e-05, 2.5287165044574067e-05, 4.684077430283651e-05, 3.9384671254083514e-05, 3.599632327677682e-05, 3.653462772490457e-05, 3.819188350462355e-05, 3.034252040379215e-05, 3.0145503842504695e-05, 3.923374606529251e-05, 3.094393105129711e-05, 2.8256521545699798e-05, 2.4263097657239996e-05, 2.2049845938454382e-05, 1.978930231416598e-05, 1.388287273584865e-05, 1.101503676181892e-05, 1.2381989108689595e-05, 1.2308434634178411e-05, 7.764508154650684e-06, 6.189919531607302e-06, 6.089312137191882e-06, 6.153201866254676e-06, 6.208107606653357e-06, 6.4344581005570944e-06, 6.548071269207867e-06, 6.511969786515692e-06, 8.014257218746934e-06, 1.2119411621824838e-05, 1.2180759767943528e-05, 1.3160467460693326e-05, 1.4973923498473596e-05, 1.573488952999469e-05, 1.4220187040336896e-05, 1.207779405376641e-05, 7.485471087420592e-06, 7.697467481193598e-06, 6.091471277613891e-06, 7.1139479587145615e-06, 7.521082352468511e-06, 1.2116015568608418e-05, 1.776300632627681e-05, 2.0456966012716293e-05, 1.6926700482144952e-05, 8.271194019471295e-06, 3.610169187595602e-06, 3.171977141391835e-06, 2.4458679490635404e-06, 2.1357259356591385e-06, 6.440833431042847e-07, 4.2597849869707716e-07, 2.762769213404681e-07, 6.351413617267099e-07, 5.849729518558888e-07, 3.2299507779498526e-07, 4.268898976533819e-07, 5.323735194906476e-07, 4.309054304485471e-07, 3.7133625596652564e-07, 2.1881837142245786e-07, 1.1112165054782963e-07, 5.8456553375663134e-08, 5.8810960545940816e-09, 5.011705495050478e-10, 2.2237142682790534e-11, 2.1005978206867226e-11, 2.044208725904273e-11, 1.9969826139942803e-11, 1.9545426041545078e-11, 1.9132730122439767e-11, 1.8810678709124673e-11, 1.8532390899661522e-11, 1.8301729923231314e-11, 1.8144537955455675e-11, 1.8047657118769322e-11], "lowlevel.mfcc.mean": [-734.1931762695312, 158.59364318847656, 24.79024887084961, 18.998075485229492, 19.942991256713867, 23.736604690551758, 9.430416107177734, 19.053844451904297, 7.181656837463379, 14.952513694763184, 12.046701431274414, 9.590810775756836, 9.31070613861084], "lowlevel.spectral_contrast_coeffs.mean": [-0.6855509877204895, -0.7387155294418335, -0.7771360874176025, -0.7973928451538086, -0.8119067549705505, -0.7762657403945923], "lowlevel.spectral_contrast_coeffs.stdev": [0.061965905129909515, 0.09693176299333572, 0.08176343142986298, 0.056576382368803024, 0.047656673938035965, 0.0459359847009182], "lowlevel.spectral_contrast_valleys.mean": [-7.024532794952393, -7.449954032897949, -8.007161140441895, -8.440635681152344, -8.933093070983887, -11.448434829711914], "lowlevel.spectral_contrast_valleys.stdev": [0.7731151580810547, 0.7946251034736633, 0.7452673316001892, 0.7385741472244263, 1.061988353729248, 1.3914812803268433], "rhythm.beats_loudness_band_ratio.mean": [0.8717514872550964, 0.04229488968849182, 0.013023855164647102, 0.01687728986144066, 0.04706316813826561, 0.03890026733279228], "rhythm.beats_loudness_band_ratio.stdev": [0.21377667784690857, 0.07453640550374985, 0.026453496888279915, 0.029503637924790382, 0.08605016022920609, 0.07353562861680984], "tonal.hpcp.mean": [0.12502741813659668, 0.1317499876022339, 0.06388790160417557, 0.03064773976802826, 0.020864611491560936, 0.0218587014824152, 0.038531240075826645, 0.0694827288389206, 0.09233663231134415, 0.18140900135040283, 0.1614764779806137, 0.06950466334819794, 0.08745744824409485, 0.06329572945833206, 0.022178875282406807, 0.017946872860193253, 0.019013548269867897, 0.017491349950432777, 0.018691513687372208, 0.02021661214530468, 0.02272992767393589, 0.1482275426387787, 0.30612242221832275, 0.20153170824050903, 0.061883799731731415, 0.05753777176141739, 0.06649266928434372, 0.0852879136800766, 0.06526133418083191, 0.03968992456793785, 0.05350097268819809, 0.06452132016420364, 0.05289491266012192, 0.04368960112333298, 0.04200166091322899, 0.05626409873366356], "tonal.hpcp.stdev": [0.29542627930641174, 0.30316361784935, 0.1948891431093216, 0.13203148543834686, 0.1078365221619606, 0.11037451773881912, 0.12970903515815735, 0.21204809844493866, 0.2084595412015915, 0.35335808992385864, 0.32474449276924133, 0.1737736612558365, 0.2518182694911957, 0.19934353232383728, 0.10106401145458221, 0.08279728889465332, 0.09448316693305969, 0.091291643679142, 0.10168024897575378, 0.09568901360034943, 0.09377815574407578, 0.251155287027359, 0.4371870160102844, 0.29945287108421326, 0.18190011382102966, 0.17441003024578094, 0.17952176928520203, 0.2359839826822281, 0.18025334179401398, 0.13679181039333344, 0.17634257674217224, 0.1998346596956253, 0.17509962618350983, 0.16712719202041626, 0.16593432426452637, 0.18535350263118744], "rhythm.beats_position": [0.650158703327179, 1.3467572927474976, 2.043355941772461, 2.728344678878784, 3.4133331775665283, 4.109931945800781, 4.806530475616455, 5.491518974304199, 6.176507949829102, 6.861496448516846, 7.54648494720459, 8.243083953857422, 8.939682006835938, 9.63628101348877, 10.321269989013672, 11.006258010864258, 11.67963695526123, 12.376235961914062, 13.072834014892578, 13.75782299041748, 14.442811965942383, 15.139410018920898, 15.83600902557373, 16.520998001098633, 17.20598602294922, 17.902584075927734, 18.587574005126953, 19.27256202697754, 19.969160079956055, 20.665760040283203, 21.35074806213379, 22.035736083984375, 22.732336044311523, 23.41732406616211, 24.102312088012695, 24.798912048339844, 25.48390007019043, 26.168888092041016, 26.86548614501953, 27.55047607421875, 28.235464096069336, 28.93206214904785, 29.628662109375, 30.313650131225586, 30.998638153076172, 31.69523811340332, 32.380226135253906, 33.065216064453125, 33.76181411743164, 34.458412170410156, 35.143402099609375, 35.82838821411133, 36.524986267089844, 37.221588134765625, 37.92979431152344], "rhythm.bpm_histogram": [0.0, 0.0, 0.0, 0.0, 0.0, 0.0, 0.0, 0.0, 0.0, 0.0, 0.0, 0.0, 0.0, 0.0, 0.0, 0.0, 0.0, 0.0, 0.0, 0.0, 0.0, 0.0, 0.0, 0.0, 0.0, 0.0, 0.0, 0.0, 0.0, 0.0, 0.0, 0.0, 0.0, 0.0, 0.0, 0.0, 0.0, 0.0, 0.0, 0.0, 0.0, 0.0, 0.0, 0.0, 0.0, 0.0, 0.0, 0.0, 0.0, 0.0, 0.0, 0.0, 0.0, 0.0, 0.0, 0.0, 0.0, 0.0, 0.0, 0.0, 0.0, 0.0, 0.0, 0.0, 0.0, 0.0, 0.0, 0.0, 0.0, 0.0, 0.0, 0.0, 0.0, 0.0, 0.0, 0.0, 0.0, 0.0, 0.0, 0.0, 0.0, 0.0, 0.0, 0.0, 0.0, 0.018518518656492233, 0.4444444477558136, 0.0, 0.5185185074806213, 0.018518518656492233, 0.0, 0.0, 0.0, 0.0, 0.0, 0.0, 0.0, 0.0, 0.0, 0.0, 0.0, 0.0, 0.0, 0.0, 0.0, 0.0, 0.0, 0.0, 0.0, 0.0, 0.0, 0.0, 0.0, 0.0, 0.0, 0.0, 0.0, 0.0, 0.0, 0.0, 0.0, 0.0, 0.0, 0.0, 0.0, 0.0, 0.0, 0.0, 0.0, 0.0, 0.0, 0.0, 0.0, 0.0, 0.0, 0.0, 0.0, 0.0, 0.0, 0.0, 0.0, 0.0, 0.0, 0.0, 0.0, 0.0, 0.0, 0.0, 0.0, 0.0, 0.0, 0.0, 0.0, 0.0, 0.0, 0.0, 0.0, 0.0, 0.0, 0.0, 0.0, 0.0, 0.0, 0.0, 0.0, 0.0, 0.0, 0.0, 0.0, 0.0, 0.0, 0.0, 0.0, 0.0, 0.0, 0.0, 0.0, 0.0, 0.0, 0.0, 0.0, 0.0, 0.0, 0.0, 0.0, 0.0, 0.0, 0.0, 0.0, 0.0, 0.0, 0.0, 0.0, 0.0, 0.0, 0.0, 0.0, 0.0, 0.0, 0.0, 0.0, 0.0, 0.0, 0.0, 0.0, 0.0, 0.0, 0.0, 0.0, 0.0, 0.0, 0.0, 0.0, 0.0, 0.0, 0.0, 0.0, 0.0, 0.0, 0.0, 0.0, 0.0, 0.0, 0.0, 0.0, 0.0, 0.0, 0.0, 0.0, 0.0, 0.0, 0.0, 0.0, 0.0, 0.0, 0.0, 0.0, 0.0, 0.0, 0.0, 0.0, 0.0, 0.0, 0.0, 0.0, 0.0, 0.0, 0.0, 0.0, 0.0], "tonal.chords_histogram": [12.694610595703125, 24.670658111572266, 19.281436920166016, 0.0, 0.0, 6.946107864379883, 0.4790419042110443, 3.5928144454956055, 0.8383233547210693, 9.341317176818848, 0.0, 3.113772392272949, 0.0, 0.0, 0.0, 3.5928144454956055, 6.946107864379883, 0.9580838084220886, 0.0, 0.0, 0.0, 0.0, 0.0, 7.544909954071045], "tonal.thpcp": [1.0, 0.6583369970321655, 0.2021537572145462, 0.18795673549175262, 0.21720939874649048, 0.27860721945762634, 0.21318703889846802, 0.12965376675128937, 0.17476986348628998, 0.2107696682214737, 0.172790065407753, 0.14271937310695648, 0.13720543682575226, 0.18379607796669006, 0.40842294692993164, 0.4303833246231079, 0.208700492978096, 0.10011596232652664, 0.06815773993730545, 0.07140509784221649, 0.12586872279644012, 0.2269769310951233, 0.3016330301761627, 0.5926027894020081, 0.5274899005889893, 0.2270485907793045, 0.2856943607330322, 0.2067660689353943, 0.07245099544525146, 0.058626458048820496, 0.06211093068122864, 0.057138413190841675, 0.061058949679136276, 0.06604094058275223, 0.07425110042095184, 0.4842100143432617], "lowlevel.gfcc.cov": [[6512.560546875, -2236.722412109375, -177.389892578125, 904.7177734375, -1639.5574951171875, -202.7394561767578, -994.0286865234375, 355.4801330566406, -259.7420349121094, -64.46879577636719, -278.2862854003906, 256.3320617675781, -273.585693359375], [-2236.722412109375, 2310.3193359375, -290.7669982910156, -1032.3375244140625, 834.3606567382812, -56.63099670410156, 577.984130859375, -271.5376892089844, 206.4904327392578, -65.5523910522461, 280.54278564453125, -177.35585021972656, 206.83656311035156], [-177.389892578125, -290.7669982910156, 1019.4967651367188, 315.9637756347656, -31.03127670288086, 134.9657745361328, -42.73259353637695, -23.064682006835938, 41.90971755981445, 113.2042465209961, -34.77123260498047, 66.18260192871094, -10.241823196411133], [904.7177734375, -1032.3375244140625, 315.9637756347656, 1083.328125, -192.76075744628906, -106.8696060180664, -259.7401123046875, 12.58877944946289, -102.0698471069336, -99.10502624511719, -135.42259216308594, 34.09794616699219, -7.647750377655029], [-1639.5574951171875, 834.3606567382812, -31.03127670288086, -192.76075744628906, 822.3001098632812, 71.3718032836914, 351.728515625, -124.72752380371094, 116.19071197509766, 12.808228492736816, 119.74622344970703, -66.14138793945312, 138.4657745361328], [-202.7394561767578, -56.63099670410156, 134.9657745361328, -106.8696060180664, 71.3718032836914, 312.48321533203125, 223.5897216796875, -28.69049072265625, 27.725353240966797, 88.66871643066406, 23.915246963500977, -1.8498142957687378, 11.121806144714355], [-994.0286865234375, 577.984130859375, -42.73259353637695, -259.7401123046875, 351.728515625, 223.5897216796875, 617.7737426757812, -53.65013885498047, 82.34197235107422, 17.87732696533203, 140.6139678955078, -55.967735290527344, 95.76241302490234], [355.4801330566406, -271.5376892089844, -23.064682006835938, 12.58877944946289, -124.72752380371094, -28.69049072265625, -53.65013885498047, 231.6353302001953, 41.40049362182617, 2.863006591796875, -12.975092887878418, 62.20070266723633, -53.781349182128906], [-259.7420349121094, 206.4904327392578, 41.90971755981445, -102.0698471069336, 116.19071197509766, 27.725353240966797, 82.34197235107422, 41.40049362182617, 188.86619567871094, 62.62376403808594, 54.39848327636719, -7.517649173736572, 52.22861862182617], [-64.46879577636719, -65.5523910522461, 113.2042465209961, -99.10502624511719, 12.808228492736816, 88.66871643066406, 17.87732696533203, 2.863006591796875, 62.62376403808594, 179.52247619628906, 46.37470626831055, 22.49127960205078, -18.70941734313965], [-278.2862854003906, 280.54278564453125, -34.77123260498047, -135.42259216308594, 119.74622344970703, 23.915246963500977, 140.6139678955078, -12.975092887878418, 54.39848327636719, 46.37470626831055, 159.70071411132812, 33.35555648803711, 29.783233642578125], [256.3320617675781, -177.35585021972656, 66.18260192871094, 34.09794616699219, -66.14138793945312, -1.8498142957687378, -55.967735290527344, 62.20070266723633, -7.517649173736572, 22.49127960205078, 33.35555648803711, 135.7592315673828, 1.6496233940124512], [-273.585693359375, 206.83656311035156, -10.241823196411133, -7.647750377655029, 138.4657745361328, 11.121806144714355, 95.76241302490234, -53.781349182128906, 52.22861862182617, -18.70941734313965, 29.783233642578125, 1.6496233940124512, 141.40155029296875]], "lowlevel.gfcc.icov": [[0.00041686510667204857, -0.0002761330979410559, 0.00031363320886157453, -0.0005072056083008647, 0.0007690054480917752, -0.0005064552533440292, 0.00037008573417551816, -0.0003228667192161083, 5.3244388254825026e-05, -0.0002560779685154557, 0.00014938355889171362, -0.0004969037254340947, 3.989932520198636e-05], [-0.0002761330979410559, 0.005034125875681639, -0.001407235860824585, 0.004601530265063047, -0.0025190149899572134, 0.004242209251970053, -0.0016583374235779047, 0.003935010172426701, -0.002483184915035963, 0.004732806235551834, -0.003712720237672329, 0.0029714363627135754, -0.0007074839086271822], [0.00031363320886157453, -0.001407235860824585, 0.0019397959113121033, -0.0019373922841623425, 0.0010276625398546457, -0.0018481940496712923, 0.0005831485032103956, -0.0005348712438717484, -9.91367778624408e-05, -0.0019688461907207966, 0.0016453274292871356, -0.0020206852350383997, 0.0006947951042093337], [-0.0005072056083008647, 0.004601530265063047, -0.0019373922841623425, 0.005690393038094044, -0.0026383150834590197, 0.004255357198417187, -0.001399457105435431, 0.0034884021151810884, -0.0017273755511268973, 0.004908502101898193, -0.002937235403805971, 0.00290854019112885, -0.0011492175981402397], [0.0007690054480917752, -0.0025190149899572134, 0.0010276625398546457, -0.0026383150834590197, 0.004235188942402601, -0.0021824652794748545, 0.0004298787098377943, -0.0014077856903895736, 0.0004287716292310506, -0.0023343146312981844, 0.001366285840049386, -0.001645259209908545, -0.0004336550773587078], [-0.0005064552533440292, 0.004242209251970053, -0.0018481940496712923, 0.004255357198417187, -0.0021824652794748545, 0.010047856718301773, -0.004691312089562416, 0.004182038363069296, -0.0017355334712192416, 0.0010233917273581028, -0.000507892225869, 0.0014144300948828459, -0.00010742041922640055], [0.00037008573417551816, -0.0016583374235779047, 0.0005831485032103956, -0.001399457105435431, 0.0004298787098377943, -0.004691312089562416, 0.00513361394405365, -0.0025584306567907333, 0.0012623706134036183, 5.3649993787985295e-05, -0.0023046124260872602, 0.0012801060220226645, -0.001382070709951222], [-0.0003228667192161083, 0.003935010172426701, -0.0005348712438717484, 0.0034884021151810884, -0.0014077856903895736, 0.004182038363069296, -0.0025584306567907333, 0.01105493027716875, -0.006457489915192127, 0.004800969269126654, -0.0004072889860253781, -0.002713955007493496, 0.0038940878584980965], [5.3244388254825026e-05, -0.002483184915035963, -9.91367778624408e-05, -0.0017273755511268973, 0.0004287716292310506, -0.0017355334712192416, 0.0012623706134036183, -0.006457489915192127, 0.011542740277945995, -0.005665868520736694, -0.0006509829545393586, 0.002598827937617898, -0.00486599188297987], [-0.0002560779685154557, 0.004732806235551834, -0.0019688461907207966, 0.004908502101898193, -0.0023343146312981844, 0.0010233917273581028, 5.3649993787985295e-05, 0.004800969269126654, -0.005665868520736694, 0.014239992946386337, -0.006044285371899605, 0.0018812993075698614, 0.0019275662489235401], [0.00014938355889171362, -0.003712720237672329, 0.0016453274292871356, -0.002937235403805971, 0.001366285840049386, -0.000507892225869, -0.0023046124260872602, -0.0004072889860253781, -0.0006509829545393586, -0.006044285371899605, 0.015234686434268951, -0.008104967884719372, 0.0021144445054233074], [-0.0004969037254340947, 0.0029714363627135754, -0.0020206852350383997, 0.00290854019112885, -0.001645259209908545, 0.0014144300948828459, 0.0012801060220226645, -0.002713955007493496, 0.002598827937617898, 0.0018812993075698614, -0.008104967884719372, 0.015312419272959232, -0.004878779873251915], [3.989932520198636e-05, -0.0007074839086271822, 0.0006947951042093337, -0.0011492175981402397, -0.0004336550773587078, -0.00010742041922640055, -0.001382070709951222, 0.0038940878584980965, -0.00486599188297987, 0.0019275662489235401, 0.0021144445054233074, -0.004878779873251915, 0.012686410918831825]], "lowlevel.mfcc.cov": [[7179.3984375, -3099.26171875, 689.0839233398438, 204.08636474609375, -372.9952697753906, -908.7030029296875, -735.7644653320312, -46.89802169799805, -346.64886474609375, -221.63319396972656, -228.79522705078125, -202.03843688964844, -92.76509857177734], [-3099.26171875, 3186.2431640625, -916.5927124023438, -629.0518798828125, -26.527788162231445, 305.81463623046875, 356.7357177734375, 11.592399597167969, 74.43151092529297, 128.08074951171875, 140.0716552734375, 75.68538665771484, 126.10028076171875], [689.0839233398438, -916.5927124023438, 1124.102294921875, 198.68646240234375, 15.06393814086914, 9.682893753051758, -161.8304901123047, -44.3217658996582, -7.8529133796691895, -38.3689079284668, -34.26559829711914, 25.491352081298828, -31.110666275024414], [204.08636474609375, -629.0518798828125, 198.68646240234375, 693.1513671875, 212.05673217773438, 1.3278199434280396, -44.61743927001953, 19.471750259399414, 0.42916905879974365, -83.77355194091797, -81.14823913574219, -18.565988540649414, -84.66118621826172], [-372.9952697753906, -26.527788162231445, 15.06393814086914, 212.05673217773438, 350.7692565917969, 32.03782653808594, -67.223388671875, -39.48088073730469, 16.216381072998047, -15.99881362915039, -29.134265899658203, -3.06445574760437, -2.2796733379364014], [-908.7030029296875, 305.81463623046875, 9.682893753051758, 1.3278199434280396, 32.03782653808594, 479.4169921875, 243.735595703125, -13.634479522705078, 90.81620788574219, 51.428646087646484, 40.78488540649414, 47.13686752319336, 3.6131694316864014], [-735.7644653320312, 356.7357177734375, -161.8304901123047, -44.61743927001953, -67.223388671875, 243.735595703125, 320.71063232421875, 96.3712158203125, 54.139122009277344, 31.6358585357666, 66.77810668945312, 47.35420227050781, 5.682521343231201], [-46.89802169799805, 11.592399597167969, -44.3217658996582, 19.471750259399414, -39.48088073730469, -13.634479522705078, 96.3712158203125, 192.4619903564453, 51.032936096191406, 5.880020618438721, 29.84681510925293, 19.661951065063477, 10.218864440917969], [-346.64886474609375, 74.43151092529297, -7.8529133796691895, 0.42916905879974365, 16.216381072998047, 90.81620788574219, 54.139122009277344, 51.032936096191406, 157.28785705566406, 66.08948516845703, 19.877599716186523, 2.8631784915924072, -0.34450283646583557], [-221.63319396972656, 128.08074951171875, -38.3689079284668, -83.77355194091797, -15.99881362915039, 51.428646087646484, 31.6358585357666, 5.880020618438721, 66.08948516845703, 134.83230590820312, 63.49845886230469, 20.420347213745117, 10.161504745483398], [-228.79522705078125, 140.0716552734375, -34.26559829711914, -81.14823913574219, -29.134265899658203, 40.78488540649414, 66.77810668945312, 29.84681510925293, 19.877599716186523, 63.49845886230469, 126.51879119873047, 63.977203369140625, 22.652006149291992], [-202.03843688964844, 75.68538665771484, 25.491352081298828, -18.565988540649414, -3.06445574760437, 47.13686752319336, 47.35420227050781, 19.661951065063477, 2.8631784915924072, 20.420347213745117, 63.977203369140625, 129.2891845703125, 58.6810302734375], [-92.76509857177734, 126.10028076171875, -31.110666275024414, -84.66118621826172, -2.2796733379364014, 3.6131694316864014, 5.682521343231201, 10.218864440917969, -0.34450283646583557, 10.161504745483398, 22.652006149291992, 58.6810302734375, 111.58372497558594]], "lowlevel.mfcc.icov": [[0.00040159825584851205, 0.00034733975189737976, 8.362270455108956e-05, 7.643938442924991e-05, 0.00045686078374274075, 9.602861973689869e-05, 0.0005525506567209959, -0.0002520040434319526, 0.0005042246775701642, -1.4267545338952914e-05, 8.762578363530338e-05, 0.00022879769676364958, -0.00011143908341182396], [0.00034733975189737976, 0.000859345484059304, 0.0004046219401061535, 0.0005170861259102821, 0.00010945433314191177, -4.860169792664237e-05, 0.00011467459262348711, -6.803836731705815e-05, 0.0003699013905134052, -3.938463123631664e-06, 5.172428791411221e-05, 9.499531734036282e-05, -0.00023199965653475374], [8.362270455108956e-05, 0.0004046219401061535, 0.001369797857478261, -3.0195267754606903e-05, 0.0003540879988577217, -0.0007295962423086166, 0.0011996710672974586, -0.0002124038292095065, 5.65183790968149e-06, 0.0002820837253239006, -7.594886119477451e-05, -0.0006538847810588777, 0.0002940983686130494], [7.643938442924991e-05, 0.0005170861259102821, -3.0195267754606903e-05, 0.00282310345210135, -0.001578173483721912, -1.3799061889585573e-05, -0.00032518093939870596, -0.0006441849400289357, -5.469420284498483e-05, 0.0008003917173482478, 0.0011921720579266548, -0.0011968482285737991, 0.0019708259496837854], [0.00045686078374274075, 0.00010945433314191177, 0.0003540879988577217, -0.001578173483721912, 0.0048293620347976685, -0.0008371293661184609, 0.002509098034352064, 7.111216109478846e-05, 1.1555375749594532e-05, 0.00022492399148177356, -0.0003202672232873738, 0.00043612721492536366, -0.0010358637664467096], [9.602861973689869e-05, -4.860169792664237e-05, -0.0007295962423086166, -1.3799061889585573e-05, -0.0008371293661184609, 0.005425635259598494, -0.005026225466281176, 0.0030700783245265484, -0.002022194443270564, -0.0004530389269348234, 0.0008535844390280545, -0.0005411171005107462, -0.00015081111632753164], [0.0005525506567209959, 0.00011467459262348711, 0.0011996710672974586, -0.00032518093939870596, 0.002509098034352064, -0.005026225466281176, 0.010751860216259956, -0.004942570813000202, 0.001618617563508451, 0.001001329510472715, -0.002040407620370388, -0.00047036935575306416, 0.001112019526772201], [-0.0002520040434319526, -6.803836731705815e-05, -0.0002124038292095065, -0.0006441849400289357, 7.111216109478846e-05, 0.0030700783245265484, -0.004942570813000202, 0.009145679883658886, -0.004029450006783009, 0.001430101110599935, -0.001190156675875187, -9.997670713346452e-05, -0.001212898874655366], [0.0005042246775701642, 0.0003699013905134052, 5.65183790968149e-06, -5.469420284498483e-05, 1.1555375749594532e-05, -0.002022194443270564, 0.001618617563508451, -0.004029450006783009, 0.011270804330706596, -0.005433481186628342, 0.0015942180762067437, 0.0011871958849951625, -0.00010482143989065662], [-1.4267545338952914e-05, -3.938463123631664e-06, 0.0002820837253239006, 0.0008003917173482478, 0.00022492399148177356, -0.0004530389269348234, 0.001001329510472715, 0.001430101110599935, -0.005433481186628342, 0.013416781090199947, -0.006360674276947975, 0.000678198819514364, 0.000211811377084814], [8.762578363530338e-05, 5.172428791411221e-05, -7.594886119477451e-05, 0.0011921720579266548, -0.0003202672232873738, 0.0008535844390280545, -0.002040407620370388, -0.001190156675875187, 0.0015942180762067437, -0.006360674276947975, 0.015815865248441696, -0.006897422485053539, 0.002077243058010936], [0.00022879769676364958, 9.499531734036282e-05, -0.0006538847810588777, -0.0011968482285737991, 0.00043612721492536366, -0.0005411171005107462, -0.00047036935575306416, -9.997670713346452e-05, 0.0011871958849951625, 0.000678198819514364, -0.006897422485053539, 0.015091734938323498, -0.0075425030663609505], [-0.00011143908341182396, -0.00023199965653475374, 0.0002940983686130494, 0.0019708259496837854, -0.0010358637664467096, -0.00015081111632753164, 0.001112019526772201, -0.001212898874655366, -0.00010482143989065662, 0.000211811377084814, 0.002077243058010936, -0.0075425030663609505, 0.014272136613726616]], "metadata.audio_properties.analysis.downmix": "mix", "metadata.audio_properties.codec": "mp3", "metadata.audio_properties.md5_encoded": "ca9a9c6a0c89f2d47e218ef28d192078", "metadata.tags.file_name": "1183702427610914826.mp3", "metadata.version.essentia": "2.1-beta6-dev", "metadata.version.essentia_git_sha": "v2.1_beta5-1110-g77a6a954", "metadata.version.extractor": "music 2.0", "tonal.chords_key": "C", "tonal.chords_scale": "major", "tonal.key_edma.key": "A", "tonal.key_edma.scale": "minor", "tonal.key_krumhansl.key": "A", "tonal.key_krumhansl.scale": "minor", "tonal.key_temperley.key": "A", "tonal.key_temperley.scale": "minor", "metadata.tags.encoding": ["Lavf58.45.100"]}, "essentia_models": [{"model_nam