{"song_id": "1183720150357254154", "download": "https://cdn.discordapp.com/attachments/1135903449314238464/1183720150357254154/chirp.mp4?ex=65895c4c&amp", "lyrics": "[verse]\nIn the moonlit sky, my sweet little penguin\nWith feathers so soft, and dance in every step\nYou waddle and glide, bringing joy so pure\nAs you sleep tonight, my love for you will endure\n\n[chorus]\nGoodnight, dear penguin, close your eyes now\nDream of icy shores, where your heart is found\nUnder twinkling stars, your dreams take flight\nRest peacefully, my love, till the morning light", "style": ["sabaton"], "essentia_features": {"lowlevel.average_loudness": 0.9397664070129395, "lowlevel.barkbands_crest.mean": 11.695274353027344, "lowlevel.barkbands_crest.stdev": 4.592930316925049, "lowlevel.barkbands_flatness_db.mean": 0.1501532346010208, "lowlevel.barkbands_flatness_db.stdev": 0.040203120559453964, "lowlevel.barkbands_kurtosis.mean": 4.025740623474121, "lowlevel.barkbands_kurtosis.stdev": 7.176048755645752, "lowlevel.barkbands_skewness.mean": 1.548799991607666, "lowlevel.barkbands_skewness.stdev": 1.5380239486694336, "lowlevel.barkbands_spread.mean": 27.188583374023438, "lowlevel.barkbands_spread.stdev": 13.274099349975586, "lowlevel.dissonance.mean": 0.47118863463401794, "lowlevel.dissonance.stdev": 0.02242712676525116, "lowlevel.dynamic_complexity": 2.0611214637756348, "lowlevel.erbbands_crest.mean": 10.913982391357422, "lowlevel.erbbands_crest.stdev": 4.872198581695557, "lowlevel.erbbands_flatness_db.mean": 0.17275232076644897, "lowlevel.erbbands_flatness_db.stdev": 0.04888631030917168, "lowlevel.erbbands_kurtosis.mean": 0.3522980511188507, "lowlevel.erbbands_kurtosis.stdev": 2.841275930404663, "lowlevel.erbbands_skewness.mean": -0.17685110867023468, "lowlevel.erbbands_skewness.stdev": 1.0303804874420166, "lowlevel.erbbands_spread.mean": 50.58464813232422, "lowlevel.erbbands_spread.stdev": 27.65125274658203, "lowlevel.hfc.mean": 23.647260665893555, "lowlevel.hfc.stdev": 17.043989181518555, "lowlevel.loudness_ebu128.integrated": -11.565017700195312, "lowlevel.loudness_ebu128.loudness_range": 1.4077072143554688, "lowlevel.loudness_ebu128.momentary.mean": -11.745744705200195, "lowlevel.loudness_ebu128.momentary.stdev": 1.3077502250671387, "lowlevel.loudness_ebu128.short_term.mean": -11.613421440124512, "lowlevel.loudness_ebu128.short_term.stdev": 0.6033142805099487, "lowlevel.melbands_crest.mean": 18.624452590942383, "lowlevel.melbands_crest.stdev": 7.7863593101501465, "lowlevel.melbands_flatness_db.mean": 0.20487874746322632, "lowlevel.melbands_flatness_db.stdev": 0.053325094282627106, "lowlevel.melbands_kurtosis.mean": 20.762645721435547, "lowlevel.melbands_kurtosis.stdev": 26.824853897094727, "lowlevel.melbands_skewness.mean": 3.4036920070648193, "lowlevel.melbands_skewness.stdev": 2.573112964630127, "lowlevel.melbands_spread.mean": 31.091054916381836, "lowlevel.melbands_spread.stdev": 25.0631103515625, "lowlevel.pitch_salience.mean": 0.476249635219574, "lowlevel.pitch_salience.stdev": 0.12572205066680908, "lowlevel.silence_rate_20dB.mean": 1.0, "lowlevel.silence_rate_20dB.stdev": 0.0, "lowlevel.silence_rate_30dB.mean": 1.0, "lowlevel.silence_rate_30dB.stdev": 0.0, "lowlevel.silence_rate_60dB.mean": 0.007995080202817917, "lowlevel.silence_rate_60dB.stdev": 0.08905691653490067, "lowlevel.spectral_centroid.mean": 1972.3126220703125, "lowlevel.spectral_centroid.stdev": 750.3802490234375, "lowlevel.spectral_complexity.mean": 15.738007545471191, "lowlevel.spectral_complexity.stdev": 7.909015655517578, "lowlevel.spectral_decrease.mean": -5.882980325111475e-09, "lowlevel.spectral_decrease.stdev": 3.493858313774467e-09, "lowlevel.spectral_energy.mean": 0.02434859797358513, "lowlevel.spectral_energy.stdev": 0.013610410504043102, "lowlevel.spectral_energyband_high.mean": 0.0014646915951743722, "lowlevel.spectral_energyband_high.stdev": 0.0013574435142800212, "lowlevel.spectral_energyband_low.mean": 0.00851577240973711, "lowlevel.spectral_energyband_low.stdev": 0.013380342163145542, "lowlevel.spectral_energyband_middle_high.mean": 0.006054443772882223, "lowlevel.spectral_energyband_middle_high.stdev": 0.00720329349860549, "lowlevel.spectral_energyband_middle_low.mean": 0.00927126407623291, "lowlevel.spectral_energyband_middle_low.stdev": 0.006845494266599417, "lowlevel.spectral_entropy.mean": 7.508444786071777, "lowlevel.spectral_entropy.stdev": 0.35071608424186707, "lowlevel.spectral_flux.mean": 0.06917724758386612, "lowlevel.spectral_flux.stdev": 0.036353930830955505, "lowlevel.spectral_kurtosis.mean": 3.301766872406006, "lowlevel.spectral_kurtosis.stdev": 1.8557779788970947, "lowlevel.spectral_rms.mean": 0.0046774037182331085, "lowlevel.spectral_rms.stdev": 0.0013699046103283763, "lowlevel.spectral_rolloff.mean": 1855.4527587890625, "lowlevel.spectral_rolloff.stdev": 1670.95166015625, "lowlevel.spectral_skewness.mean": 0.9680253267288208, "lowlevel.spectral_skewness.stdev": 0.2918590307235718, "lowlevel.spectral_spread.mean": 4334739.5, "lowlevel.spectral_spread.stdev": 1479151.625, "lowlevel.spectral_strongpeak.mean": 1.5992062091827393, "lowlevel.spectral_strongpeak.stdev": 2.060457468032837, "lowlevel.zerocrossingrate.mean": 0.07262448221445084, "lowlevel.zerocrossingrate.stdev": 0.03687406703829765, "metadata.audio_properties.analysis.equal_loudness": 0.0, "metadata.audio_properties.analysis.length": 37.71628189086914, "metadata.audio_properties.analysis.sample_rate": 44100.0, "metadata.audio_properties.analysis.start_time": 0.0, "metadata.audio_properties.bit_rate": 119791.0, "metadata.audio_properties.length": 37.71733474731445, "metadata.audio_properties.lossless": 0.0, "metadata.audio_properties.number_channels": 1.0, "metadata.audio_properties.replay_gain": -16.043399810791016, "metadata.audio_properties.sample_rate": 48000.0, "rhythm.beats_count": 58.0, "rhythm.beats_loudness.mean": 0.027013016864657402, "rhythm.beats_loudness.stdev": 0.008454577997326851, "rhythm.bpm": 94.78076934814453, "rhythm.bpm_histogram_first_peak_bpm": 96.0, "rhythm.bpm_histogram_first_peak_weight": 0.5384615659713745, "rhythm.bpm_histogram_second_peak_bpm": 88.0, "rhythm.bpm_histogram_second_peak_spread": 0.19999998807907104, "rhythm.bpm_histogram_second_peak_weight": 0.07017543911933899, "rhythm.danceability": 1.2445768117904663, "rhythm.onset_rate": 3.577824592590332, "tonal.chords_changes_rate": 0.054054055362939835, "tonal.chords_number_rate": 0.012285011820495129, "tonal.chords_strength.mean": 0.5092894434928894, "tonal.chords_strength.stdev": 0.07473932951688766, "tonal.hpcp_crest.mean": 14.777647018432617, "tonal.hpcp_crest.stdev": 7.489516258239746, "tonal.hpcp_entropy.mean": 1.857445478439331, "tonal.hpcp_entropy.stdev": 0.7958963513374329, "tonal.key_edma.strength": 0.6839063763618469, "tonal.key_krumhansl.strength": 0.6704540848731995, "tonal.key_temperley.strength": 0.6288725137710571, "tonal.tuning_diatonic_strength": 0.5450919270515442, "tonal.tuning_equal_tempered_deviation": 0.27832937240600586, "tonal.tuning_frequency": 434.193115234375, "tonal.tuning_nontempered_energy_ratio": 0.9628450870513916, "lowlevel.barkbands.mean": [0.00217922730371356, 0.004386329557746649, 0.0012200252385810018, 0.0013843521010130644, 0.0033220830373466015, 0.0013477887259796262, 0.00018326780991628766, 0.0018383675487712026, 0.0007522036321461201, 0.001135706901550293, 0.0004646759189199656, 0.0004113940813113004, 0.0005055895890109241, 0.0004720196302514523, 0.0005325223319232464, 0.0004769268853124231, 0.0007448878022842109, 0.0005693860002793372, 0.0007234682561829686, 0.0006774920038878918, 0.0006366931484080851, 0.0001443404908059165, 4.5087239413987845e-05, 8.148336200974882e-05, 6.862815644126385e-05, 4.1928851715056226e-05, 2.7565151867747772e-06], "lowlevel.barkbands.stdev": [0.0048675499856472015, 0.009261931292712688, 0.001859372714534402, 0.0016370846424251795, 0.0037815789692103863, 0.002358385594561696, 0.000700546836014837, 0.003905732184648514, 0.002290616277605295, 0.0033600246533751488, 0.001844702404923737, 0.0014915866777300835, 0.0015082263853400946, 0.0016000209143385291, 0.0015179743058979511, 0.001397378626279533, 0.0017172633670270443, 0.0013696044916287065, 0.001103498158045113, 0.000853824196383357, 0.000828419579192996, 0.00015835498925298452, 8.609516953583807e-05, 0.00017883504915516824, 0.00018948012439068407, 9.47883672779426e-05, 4.808148332813289e-06], "lowlevel.erbbands.mean": [0.2805938422679901, 0.39603614807128906, 1.0933879613876343, 3.94509220123291, 4.956418037414551, 15.354856491088867, 14.669754028320312, 8.6200590133667, 2.6105146408081055, 15.413725852966309, 40.09769058227539, 20.76953125, 26.76179313659668, 28.554065704345703, 22.797929763793945, 20.555805206298828, 20.267578125, 29.090242385864258, 31.954063415527344, 23.762516021728516, 29.09684944152832, 35.61220169067383, 31.915143966674805, 40.276485443115234, 28.8563232421875, 31.428207397460938, 38.914390563964844, 13.014073371887207, 6.250983715057373, 2.1007800102233887, 1.2025433778762817, 1.5394271612167358, 1.3844503164291382, 0.8846250176429749, 0.40682366490364075, 0.17712436616420746, 0.07537674903869629, 0.016052259132266045, 0.00034621552913449705, 4.026187161798589e-05], "lowlevel.erbbands.stdev": [0.612832248210907, 1.0107145309448242, 1.8923853635787964, 4.475273609161377, 5.260182857513428, 20.637115478515625, 31.848562240600586, 14.0809965133667, 4.985867500305176, 52.186641693115234, 87.21749114990234, 53.586063385009766, 84.3477554321289, 101.14130401611328, 83.28517150878906, 72.21221923828125, 62.6563835144043, 84.36567687988281, 92.0262451171875, 62.2888298034668, 69.03691864013672, 76.29912567138672, 76.823486328125, 67.7015151977539, 44.102909088134766, 38.207244873046875, 51.47089767456055, 14.073389053344727, 6.403714179992676, 3.1161673069000244, 2.391627311706543, 3.1917073726654053, 3.4866793155670166, 2.5607402324676514, 1.1117316484451294, 0.4907730519771576, 0.1568930745124817, 0.026059933006763458, 0.000528500007931143, 2.3638494894839823e-05], "lowlevel.gfcc.mean": [-5.319606781005859, 54.385780334472656, -121.23836517333984, 48.457275390625, -53.03237533569336, -8.877279281616211, -36.8719367980957, -1.1473158597946167, -42.37759780883789, 1.4281609058380127, -27.944101333618164, -5.423434734344482, -12.094198226928711], "lowlevel.melbands.mean": [0.0018670473946258426, 0.0005551803042180836, 0.0006395413656719029, 0.0007463643560186028, 0.0005305305821821094, 0.00019395853450987488, 3.489246591925621e-05, 0.00021134340204298496, 0.0003142085624858737, 0.00011427623394411057, 0.00013204707647673786, 0.00011713728599715978, 6.970283720875159e-05, 5.512338975677267e-05, 3.980630935984664e-05, 5.2898827561875805e-05, 5.279446122585796e-05, 5.078453978057951e-05, 3.0034872906981036e-05, 3.865526741719805e-05, 3.548459062585607e-05, 4.0615657781017944e-05, 3.188296250300482e-05, 2.6209714633296244e-05, 3.396279862499796e-05, 2.3760474505252205e-05, 1.6557492926949635e-05, 2.190615123254247e-05, 2.9267828722367994e-05, 1.4207799722498748e-05, 5.1414695008134e-06, 4.021327640657546e-06, 1.76111052496708e-06, 9.28298732105759e-07, 6.287545488703472e-07, 7.402508117593243e-07, 1.0567789558990626e-06, 1.0661758551577805e-06, 8.43079305923311e-07, 7.073654160194565e-07], "lowlevel.melbands.stdev": [0.003977892454713583, 0.0009533301927149296, 0.0006370811606757343, 0.0009117762092500925, 0.000897260382771492, 0.000302952277706936, 8.038144005695358e-05, 0.0006458255229517817, 0.000696298317052424, 0.0003266824351157993, 0.00042448073509149253, 0.00044816473382525146, 0.0002835352788679302, 0.000166698097018525, 0.00013586373825091869, 0.00015350389003288, 0.0001766940695233643, 0.00015599754988215864, 8.054453792283311e-05, 0.00012784532736986876, 9.551355469739065e-05, 9.561057959217578e-05, 8.782037912169471e-05, 5.6114156905096024e-05, 6.124464562162757e-05, 4.2628820665413514e-05, 2.1564430426224135e-05, 3.0493407393805683e-05, 4.179547613603063e-05, 2.1322817701729946e-05, 5.5694131333439145e-06, 4.294627160561504e-06, 2.3551681351818843e-06, 1.6189244433917338e-06, 1.3112666010783869e-06, 1.5502506585107767e-06, 2.316588506801054e-06, 2.6800807972904295e-06, 2.4756020593486028e-06, 2.11474025491043e-06], "lowlevel.melbands128.mean": [0.0019291836069896817, 0.0030676492024213076, 0.0013737829867750406, 0.00045671744737774134, 0.0004133871989324689, 0.0006731570465490222, 0.0009231279254890978, 0.0005256544100120664, 0.00032364483922719955, 0.0008932662312872708, 0.0010184834245592356, 0.0004468542174436152, 0.0006100517348386347, 0.0002994336828123778, 0.0002430082968203351, 9.130233956966549e-05, 2.4618686438770965e-05, 3.0219767722883262e-05, 3.142196510452777e-05, 0.00016532166046090424, 0.000302537257084623, 0.0003370002668816596, 0.00041237700497731566, 0.00015255640028044581, 0.00012316062930040061, 8.884308044798672e-05, 9.337547089671716e-05, 0.00018694780010264367, 7.716004620306194e-05, 0.0001982088724616915, 9.755211794981733e-05, 2.8336409741314128e-05, 8.525882003596053e-05, 9.62423364399001e-05, 2.5692150302347727e-05, 6.189465784700587e-05, 7.20720854587853e-05, 1.7388150808983482e-05, 4.2566225602058694e-05, 3.9679820474702865e-05, 5.231241084402427e-05, 8.116247045109048e-05, 4.495259054237977e-05, 5.09764468006324e-05, 3.133392601739615e-05, 6.0563808801816776e-05, 6.581912020919845e-05, 1.901850373542402e-05, 2.0574405425577424e-05, 3.0211069315555505e-05, 5.4890773753868416e-05, 3.236170596210286e-05, 1.3348184438655153e-05, 4.7054880269570276e-05, 6.274927000049502e-05, 3.593161090975627e-05, 2.2693220671499148e-05, 3.9419446693500504e-05, 3.2278516300721094e-05, 2.627721733006183e-05, 2.4738119464018382e-05, 2.1690775611205027e-05, 4.3419677240308374e-05, 3.650867074611597e-05, 2.2202555555850267e-05, 2.6895504561252892e-05, 2.279838918184396e-05, 1.2903288734378293e-05, 1.7866863345261663e-05, 1.7699994714348577e-05, 1.593919841980096e-05, 2.8257121812202968e-05, 3.216347249690443e-05, 3.32048766722437e-05, 1.9239891116740182e-05, 1.755916491674725e-05, 1.1115273082396016e-05, 5.47046010979102e-06, 4.504680418904172e-06, 4.164941401541e-06, 4.585962869896321e-06, 4.018168965558289e-06, 2.375481471972307e-06, 1.6516303276148392e-06, 1.1241247648285935e-06, 9.305326784669887e-07, 9.504356626166555e-07, 6.929956839485385e-07, 5.384224550653016e-07, 6.319297654044931e-07, 7.243995128192182e-07, 7.471617777810025e-07, 8.086712455224188e-07, 9.666980531619629e-07, 1.2901085710836924e-06, 1.3715908835365553e-06, 9.325110568170203e-07, 7.184482910815859e-07, 9.082950214178709e-07, 8.90008891474281e-07, 7.528038281634508e-07, 7.027151696092915e-07, 6.178743774398754e-07, 5.24391111866862e-07, 4.059439504544571e-07, 4.021608219773043e-07, 4.0149035385184106e-07, 3.566908617358422e-07, 2.9462012207659427e-07, 2.4382813990087016e-07, 2.411164246041153e-07, 2.426702394586755e-07, 2.517409143365512e-07, 2.3997972675715573e-07, 2.128357721176144e-07, 2.1396316185473552e-07, 1.1558320522908616e-07, 6.566661880924585e-09, 4.016563123765415e-12, 3.778504419071904e-12, 3.675681720799462e-12, 3.5724084281041346e-12, 3.490026410229996e-12, 3.4184734036546427e-12, 3.3047991426782275e-12, 3.1545571276686557e-12, 3.0680221817930287e-12, 3.0416624080542576e-12], "lowlevel.melbands128.stdev": [0.004366198088973761, 0.006811792962253094, 0.0030730157159268856, 0.001501833787187934, 0.0010744254104793072, 0.0009555060532875359, 0.0011409196304157376, 0.0006409431807696819, 0.0005318033508956432, 0.0011094155488535762, 0.0015939032891765237, 0.0007943785167299211, 0.0016297632828354836, 0.0006037850980646908, 0.0004958246136084199, 0.00018155570433009416, 0.00010048448166344315, 7.731093501206487e-05, 0.0001552586181787774, 0.0007444100920110941, 0.0010790986707434058, 0.0008209259831346571, 0.0011472833575680852, 0.0006781619740650058, 0.00045762606896460056, 0.00042462049168534577, 0.0004416053125169128, 0.0007669377373531461, 0.0003169236588291824, 0.0008856460335664451, 0.00041392259299755096, 0.00011978050315519795, 0.00047578313387930393, 0.00042375148041173816, 0.00012977232108823955, 0.0002520445850677788, 0.0003595162706915289, 0.00011055143841076642, 0.0002468255115672946, 0.00021432613721117377, 0.00018711830489337444, 0.0003016419941559434, 0.00022952734434511513, 0.00028438158915378153, 0.00017757377645466477, 0.00027906522154808044, 0.0002355122269364074, 9.379272523801774e-05, 0.00011373553570592776, 0.00013404781930148602, 0.00023572819191031158, 0.00014677522995043546, 4.6472385292872787e-05, 0.0001937426277436316, 0.00020728095842059702, 0.00012648988922592252, 8.079735562205315e-05, 0.00013595477503258735, 0.0001428132673026994, 0.00010665871377568692, 7.436334271915257e-05, 5.209774826653302e-05, 0.0001260244462173432, 7.566888962173834e-05, 5.6869161198846996e-05, 6.727651634719223e-05, 6.09842172707431e-05, 2.6032170353573747e-05, 3.279960583313368e-05, 3.4180611692136154e-05, 2.8105532692279667e-05, 5.79832230869215e-05, 6.396442768163979e-05, 6.104653584770858e-05, 3.969827594119124e-05, 3.3528976928209886e-05, 2.138480886060279e-05, 7.570461548311869e-06, 6.20675473328447e-06, 5.920794592384482e-06, 5.5652117225690745e-06, 4.962166258337675e-06, 3.43514352607599e-06, 2.4202738586609485e-06, 1.963009708561003e-06, 1.7730374111124547e-06, 1.8150890355173033e-06, 1.5531601320617483e-06, 1.2326704563747626e-06, 1.5189696114248363e-06, 1.762906549629406e-06, 1.624357082619099e-06, 1.8717108787313919e-06, 2.5937890768545913e-06, 2.8563536034198478e-06, 3.88549005947425e-06, 2.6567247459752252e-06, 1.9357994460733607e-06, 2.892209067795193e-06, 2.7732501166610746e-06, 2.669706873348332e-06, 2.0691552435891936e-06, 2.0980683075322304e-06, 1.8897511608884088e-06, 1.120004412769049e-06, 1.1011117067027953e-06, 1.0677514410417643e-06, 1.1813737046395545e-06, 1.0162209491682006e-06, 6.843793585176172e-07, 6.278986006691412e-07, 5.980433002150676e-07, 5.506637990038143e-07, 4.878266395280662e-07, 4.320764332987892e-07, 3.667184955702396e-07, 1.9924513594560267e-07, 2.09677484264148e-08, 7.76826519777174e-12, 7.554782320562392e-12, 7.470105263529536e-12, 7.389306180827226e-12, 7.251518396172996e-12, 7.000878175789094e-12, 5.997275159125293e-12, 4.8325748784605604e-12, 4.5768467141216185e-12, 4.547267076771e-12], "lowlevel.mfcc.mean": [-650.08056640625, 85.36833953857422, -12.149768829345703, 51.31262969970703, -0.46577683091163635, 1.5226918458938599, 6.616722583770752, -12.072223663330078, -1.3001375198364258, -7.532311916351318, -9.46175765991211, -5.600347518920898, -15.813112258911133], "lowlevel.spectral_contrast_coeffs.mean": [-0.6383548378944397, -0.7071127891540527, -0.750586986541748, -0.7672370672225952, -0.7600681185722351, -0.6850999593734741], "lowlevel.spectral_contrast_coeffs.stdev": [0.10624250024557114, 0.09265364706516266, 0.09662610292434692, 0.0721864327788353, 0.05893285945057869, 0.05265848711133003], "lowlevel.spectral_contrast_valleys.mean": [-7.251036643981934, -7.715584754943848, -8.20949935913086, -7.977602958679199, -7.113171577453613, -10.684388160705566], "lowlevel.spectral_contrast_valleys.stdev": [0.82010418176651, 0.733025074005127, 0.7082046270370483, 0.5701107382774353, 0.5143564343452454, 0.9064589738845825], "rhythm.beats_loudness_band_ratio.mean": [0.20794396102428436, 0.15758076310157776, 0.19252808392047882, 0.17836415767669678, 0.16795621812343597, 0.13010139763355255], "rhythm.beats_loudness_band_ratio.stdev": [0.21686404943466187, 0.18420065939426422, 0.1829950362443924, 0.2058054655790329, 0.17890262603759766, 0.08337478339672089], "tonal.hpcp.mean": [0.11373215168714523, 0.1741134375333786, 0.09503725171089172, 0.11607763916254044, 0.23139439523220062, 0.1378803551197052, 0.021698836237192154, 0.025853341445326805, 0.0423218309879303, 0.10643810778856277, 0.1276729851961136, 0.07328536361455917, 0.05512579157948494, 0.09472423791885376, 0.14631450176239014, 0.343561053276062, 0.4109802544116974, 0.18329662084579468, 0.05186143144965172, 0.03692895546555519, 0.04493442550301552, 0.07451324164867401, 0.07188848406076431, 0.051244158297777176, 0.09978964924812317, 0.1141706332564354, 0.0635148137807846, 0.052382294088602066, 0.04865168035030365, 0.04136306419968605, 0.09566142410039902, 0.11707114428281784, 0.06346133351325989, 0.03573647886514664, 0.030359964817762375, 0.03576129302382469], "tonal.hpcp.stdev": [0.1873542219400406, 0.28144145011901855, 0.17029015719890594, 0.1965305507183075, 0.3826950490474701, 0.23733514547348022, 0.08464463800191879, 0.09877035766839981, 0.13589592278003693, 0.2267252802848816, 0.26810717582702637, 0.18327239155769348, 0.17784421145915985, 0.2455451488494873, 0.29907700419425964, 0.34527066349983215, 0.41675955057144165, 0.2440936416387558, 0.15404967963695526, 0.13083025813102722, 0.15275247395038605, 0.19878648221492767, 0.1898973286151886, 0.1436975747346878, 0.19035398960113525, 0.19692203402519226, 0.12598028779029846, 0.14909689128398895, 0.13689351081848145, 0.11895141750574112, 0.2012457400560379, 0.23804689943790436, 0.13997215032577515, 0.1055760309100151, 0.09702880680561066, 0.1052744910120964], "rhythm.beats_position": [0.6617686748504639, 1.3467572927474976, 2.0317459106445312, 2.7167346477508545, 3.3668932914733887, 4.017052173614502, 4.643990993499756, 5.27092981338501, 5.8978681564331055, 6.536417007446289, 7.151745796203613, 7.778684616088867, 8.394013404846191, 9.032562255859375, 9.682721138000488, 10.332880020141602, 10.971427917480469, 11.609976768493652, 12.236915588378906, 12.87546443939209, 13.514013290405273, 14.140952110290527, 14.767890930175781, 15.406439781188965, 16.04498863220215, 16.695146560668945, 17.345306396484375, 17.972244262695312, 18.599184036254883, 19.24934196472168, 19.887889862060547, 20.538049697875977, 21.199817657470703, 21.873197555541992, 22.51174545288086, 23.15029525756836, 23.777233123779297, 24.404170989990234, 25.042720794677734, 25.658048629760742, 26.284988403320312, 26.91192626953125, 27.53886604309082, 28.165803909301758, 28.792743682861328, 29.419681549072266, 30.058231353759766, 30.673559188842773, 31.300498962402344, 31.92743682861328, 32.56598663330078, 33.19292449951172, 33.83147430419922, 34.458412170410156, 35.085350036621094, 35.71228790283203, 36.35083770751953, 36.97777557373047], "rhythm.bpm_histogram": [0.0, 0.0, 0.0, 0.0, 0.0, 0.0, 0.0, 0.0, 0.0, 0.0, 0.0, 0.0, 0.0, 0.0, 0.0, 0.0, 0.0, 0.0, 0.0, 0.0, 0.0, 0.0, 0.0, 0.0, 0.0, 0.0, 0.0, 0.0, 0.0, 0.0, 0.0, 0.0, 0.0, 0.0, 0.0, 0.0, 0.0, 0.0, 0.0, 0.0, 0.0, 0.0, 0.0, 0.0, 0.0, 0.0, 0.0, 0.0, 0.0, 0.0, 0.0, 0.0, 0.0, 0.0, 0.0, 0.0, 0.0, 0.0, 0.0, 0.0, 0.0, 0.0, 0.0, 0.0, 0.0, 0.0, 0.0, 0.0, 0.0, 0.0, 0.0, 0.0, 0.0, 0.0, 0.0, 0.0, 0.0, 0.0, 0.0, 0.0, 0.0, 0.0, 0.0, 0.0, 0.0, 0.0, 0.0, 0.0, 0.05263157933950424, 0.017543859779834747, 0.0, 0.017543859779834747, 0.14035087823867798, 0.0, 0.28070175647735596, 0.0, 0.42105263471603394, 0.0, 0.07017543911933899, 0.0, 0.0, 0.0, 0.0, 0.0, 0.0, 0.0, 0.0, 0.0, 0.0, 0.0, 0.0, 0.0, 0.0, 0.0, 0.0, 0.0, 0.0, 0.0, 0.0, 0.0, 0.0, 0.0, 0.0, 0.0, 0.0, 0.0, 0.0, 0.0, 0.0, 0.0, 0.0, 0.0, 0.0, 0.0, 0.0, 0.0, 0.0, 0.0, 0.0, 0.0, 0.0, 0.0, 0.0, 0.0, 0.0, 0.0, 0.0, 0.0, 0.0, 0.0, 0.0, 0.0, 0.0, 0.0, 0.0, 0.0, 0.0, 0.0, 0.0, 0.0, 0.0, 0.0, 0.0, 0.0, 0.0, 0.0, 0.0, 0.0, 0.0, 0.0, 0.0, 0.0, 0.0, 0.0, 0.0, 0.0, 0.0, 0.0, 0.0, 0.0, 0.0, 0.0, 0.0, 0.0, 0.0, 0.0, 0.0, 0.0, 0.0, 0.0, 0.0, 0.0, 0.0, 0.0, 0.0, 0.0, 0.0, 0.0, 0.0, 0.0, 0.0, 0.0, 0.0, 0.0, 0.0, 0.0, 0.0, 0.0, 0.0, 0.0, 0.0, 0.0, 0.0, 0.0, 0.0, 0.0, 0.0, 0.0, 0.0, 0.0, 0.0, 0.0, 0.0, 0.0, 0.0, 0.0, 0.0, 0.0, 0.0, 0.0, 0.0, 0.0, 0.0, 0.0, 0.0, 0.0, 0.0, 0.0, 0.0, 0.0, 0.0, 0.0, 0.0, 0.0, 0.0, 0.0, 0.0, 0.0, 0.0, 0.0], "tonal.chords_histogram": [27.641277313232422, 9.213759422302246, 35.380836486816406, 1.2285012006759644, 0.0, 6.511056423187256, 0.0, 1.965601921081543, 0.12285012006759644, 3.316953420639038, 4.545454502105713, 0.0, 0.0, 0.0, 0.0, 0.0, 0.0, 0.0, 0.49140048027038574, 0.0, 0.0, 0.0, 2.8255529403686523, 6.756756782531738], "tonal.thpcp": [1.0, 0.4459986090660095, 0.12618958950042725, 0.08985579013824463, 0.10933475196361542, 0.1813061386346817, 0.17491956055164337, 0.12468764185905457, 0.24280886352062225, 0.2778007686138153, 0.1545446813106537, 0.12745696306228638, 0.118379607796669, 0.10064489394426346, 0.23276403546333313, 0.2848583161830902, 0.15441454946994781, 0.08695425093173981, 0.07387207448482513, 0.08701462298631668, 0.2767338454723358, 0.4236540198326111, 0.23124529421329498, 0.2824409008026123, 0.5630304217338562, 0.33549144864082336, 0.05279775708913803, 0.06290652602910995, 0.10297777503728867, 0.2589859366416931, 0.31065478920936584, 0.17831845581531525, 0.13413245975971222, 0.23048366606235504, 0.3560134470462799, 0.8359551429748535], "lowlevel.gfcc.cov": [[2734.279052734375, 153.63467407226562, -286.8885498046875, -233.59854125976562, 12.371702194213867, 472.5291442871094, 290.6069641113281, 417.491455078125, 127.22232055664062, 125.07495880126953, 44.36908721923828, -48.997955322265625, 12.63516902923584], [153.63467407226562, 705.5405883789062, -145.26638793945312, -85.5205078125, 14.963997840881348, -51.67849349975586, 285.9493408203125, -3.7861549854278564, 171.5596160888672, 131.1384735107422, 68.08023834228516, -72.55628967285156, -26.98031234741211], [-286.8885498046875, -145.26638793945312, 1017.1538696289062, 381.99615478515625, 55.93681335449219, 60.20053482055664, -212.85731506347656, -103.52359008789062, 57.953922271728516, 37.88432312011719, 47.69816207885742, 168.89297485351562, -127.02478790283203], [-233.59854125976562, -85.5205078125, 381.99615478515625, 514.7531127929688, 200.4330596923828, -33.401737213134766, -117.88740539550781, -67.44779968261719, -1.921029806137085, -64.56632232666016, 7.162153720855713, 134.14410400390625, 14.441377639770508], [12.371702194213867, 14.963997840881348, 55.93681335449219, 200.4330596923828, 375.96099853515625, 218.75750732421875, 144.65444946289062, 94.94940185546875, 53.266937255859375, 47.71756362915039, 51.072025299072266, 129.02191162109375, 95.93133544921875], [472.5291442871094, -51.67849349975586, 60.20053482055664, -33.401737213134766, 218.75750732421875, 568.2618408203125, 276.7232360839844, 198.32772827148438, 62.30705261230469, 114.74971771240234, 111.24124145507812, 74.9267807006836, 86.43225860595703], [290.6069641113281, 285.9493408203125, -212.85731506347656, -117.88740539550781, 144.65444946289062, 276.7232360839844, 463.2959899902344, 204.73744201660156, 139.18280029296875, 147.2020263671875, 104.79059600830078, 1.2716871500015259, 39.69526672363281], [417.491455078125, -3.7861549854278564, -103.52359008789062, -67.44779968261719, 94.94940185546875, 198.32772827148438, 204.73744201660156, 422.3545837402344, 215.58053588867188, 102.86714172363281, 56.55797576904297, 47.0445442199707, 87.51374816894531], [127.22232055664062, 171.5596160888672, 57.953922271728516, -1.921029806137085, 53.266937255859375, 62.30705261230469, 139.18280029296875, 215.58053588867188, 309.4777526855469, 150.40017700195312, 53.819026947021484, 26.49226188659668, 7.041447639465332], [125.07495880126953, 131.1384735107422, 37.88432312011719, -64.56632232666016, 47.71756362915039, 114.74971771240234, 147.2020263671875, 102.86714172363281, 150.40017700195312, 208.49644470214844, 104.29141235351562, 17.149940490722656, -0.6455955505371094], [44.36908721923828, 68.08023834228516, 47.69816207885742, 7.162153720855713, 51.072025299072266, 111.24124145507812, 104.79059600830078, 56.55797576904297, 53.819026947021484, 104.29141235351562, 151.6109619140625, 57.86650466918945, 13.700516700744629], [-48.997955322265625, -72.55628967285156, 168.89297485351562, 134.14410400390625, 129.02191162109375, 74.9267807006836, 1.2716871500015259, 47.0445442199707, 26.49226188659668, 17.149940490722656, 57.86650466918945, 178.27919006347656, 62.453556060791016], [12.63516902923584, -26.98031234741211, -127.02478790283203, 14.441377639770508, 95.93133544921875, 86.43225860595703, 39.69526672363281, 87.51374816894531, 7.041447639465332, -0.6455955505371094, 13.700516700744629, 62.453556060791016, 176.31289672851562]], "lowlevel.gfcc.icov": [[0.0006303903646767139, -0.000601152190938592, 0.0004391730180941522, -0.00032577101956121624, 0.0005031165201216936, -0.0010159803787246346, 0.0007298855925910175, -0.0009467452182434499, 0.0005807853885926306, -0.0004645836597774178, 0.0006022582529112697, -0.0004618873936124146, 0.0008277380838990211], [-0.000601152190938592, 0.004120632074773312, -0.0008522596908733249, 0.0007168099982663989, -0.000955651281401515, 0.0027062082663178444, -0.0038836062885820866, 0.003010140499100089, -0.0028853677213191986, 0.0009378581307828426, -0.0018183671636506915, 0.0021743362303823233, -0.0019357218407094479], [0.0004391730180941522, -0.0008522596908733249, 0.0033339315559715033, -0.0022404820192605257, 0.0016705031739547849, -0.002618443453684449, 0.0024372637271881104, -0.00034294353099539876, -0.00011383956734789535, -0.001818133401684463, 0.0013032276183366776, -0.0031701212283223867, 0.0034392913803458214], [-0.00032577101956121624, 0.0007168099982663989, -0.0022404820192605257, 0.005549150984734297, -0.003891595872119069, 0.0022645455319434404, -0.0005231820396147668, 0.0011537622194737196, -0.0014763319632038474, 0.0034142194781452417, -0.0022128873970359564, 0.0008239924209192395, -0.001431704848073423], [0.0005031165201216936, -0.000955651281401515, 0.0016705031739547849, -0.003891595872119069, 0.007735199760645628, -0.0031894417479634285, -0.0003367212775629014, -0.0006831403006799519, 0.0009645717218518257, -0.002551717683672905, 0.0030626021325588226, -0.003949981648474932, 0.0002230092795798555], [-0.0010159803787246346, 0.0027062082663178444, -0.002618443453684449, 0.0022645455319434404, -0.0031894417479634285, 0.0068243504501879215, -0.004580589011311531, 0.0012068361975252628, -0.0004305017355363816, 0.0011914471397176385, -0.0028605740517377853, 0.002869467716664076, -0.0035354148130863905], [0.0007298855925910175, -0.0038836062885820866, 0.0024372637271881104, -0.0005231820396147668, -0.0003367212775629014, -0.004580589011311531, 0.009202953428030014, -0.0034286617301404476, 0.0015743592521175742, -0.0019239139510318637, 0.00026869928115047514, -0.001731190481223166, 0.003733188146725297], [-0.0009467452182434499, 0.003010140499100089, -0.00034294353099539876, 0.0011537622194737196, -0.0006831403006799519, 0.0012068361975252628, -0.0034286617301404476, 0.008108513429760933, -0.006236977409571409, 0.002258826745674014, -0.0016280143754556775, 0.0006257614586502314, -0.0031235830392688513], [0.0005807853885926306, -0.0028853677213191986, -0.00011383956734789535, -0.0014763319632038474, 0.0009645717218518257, -0.0004305017355363816, 0.0015743592521175742, -0.006236977409571409, 0.010697263292968273, -0.006249686703085899, 0.0033231975976377726, -0.0013611098984256387, 0.0017570708878338337], [-0.0004645836597774178, 0.0009378581307828426, -0.001818133401684463, 0.0034142194781452417, -0.002551717683672905, 0.0011914471397176385, -0.0019239139510318637, 0.002258826745674014, -0.006249686703085899, 0.014302362687885761, -0.007961913011968136, 0.002785496646538377, -0.0013624618295580149], [0.0006022582529112697, -0.0018183671636506915, 0.0013032276183366776, -0.0022128873970359564, 0.0030626021325588226, -0.0028605740517377853, 0.00026869928115047514, -0.0016280143754556775, 0.0033231975976377726, -0.007961913011968136, 0.014818261377513409, -0.006002174690365791, 0.002095039701089263], [-0.0004618873936124146, 0.0021743362303823233, -0.0031701212283223867, 0.0008239924209192395, -0.003949981648474932, 0.002869467716664076, -0.001731190481223166, 0.0006257614586502314, -0.0013611098984256387, 0.002785496646538377, -0.006002174690365791, 0.014104709960520267, -0.005629125516861677], [0.0008277380838990211, -0.0019357218407094479, 0.0034392913803458214, -0.001431704848073423, 0.0002230092795798555, -0.0035354148130863905, 0.003733188146725297, -0.0031235830392688513, 0.0017570708878338337, -0.0013624618295580149, 0.002095039701089263, -0.005629125516861677, 0.011989008635282516]], "lowlevel.mfcc.cov": [[2196.633056640625, 142.04994201660156, -276.8664855957031, -424.084716796875, -99.22562408447266, 15.994815826416016, 277.57781982421875, 257.056396484375, 258.4442443847656, 329.271728515625, 121.95453643798828, 153.22544860839844, 97.68900299072266], [142.04994201660156, 666.8275146484375, -162.0670928955078, -45.634586334228516, -239.13702392578125, 55.627567291259766, 33.74562072753906, -43.74292755126953, 75.46822357177734, 169.74713134765625, 138.25271606445312, 90.07324981689453, 62.08887481689453], [-276.8664855957031, -162.0670928955078, 825.7249145507812, 148.22442626953125, 194.97169494628906, 87.6082534790039, -154.48109436035156, -14.115445137023926, -150.67446899414062, -99.02564239501953, 84.27830505371094, -1.591417670249939, 18.0185489654541], [-424.084716796875, -45.634586334228516, 148.22442626953125, 536.0484008789062, 160.3995819091797, 4.396674156188965, -139.80648803710938, -4.259249210357666, -78.65941619873047, -151.04847717285156, -55.02142333984375, -3.51132869720459, -32.2976188659668], [-99.22562408447266, -239.13702392578125, 194.97169494628906, 160.3995819091797, 356.07147216796875, 89.0252914428711, -9.846299171447754, 100.02967071533203, 14.045671463012695, -57.059661865234375, -46.1838493347168, -26.002132415771484, 35.04595184326172], [15.994815826416016, 55.627567291259766, 87.6082534790039, 4.396674156188965, 89.0252914428711, 380.19061279296875, 165.80429077148438, 84.13471221923828, -28.25358009338379, 79.29446411132812, 28.48235321044922, -32.0437126159668, 35.188072204589844], [277.57781982421875, 33.74562072753906, -154.48109436035156, -139.80648803710938, -9.846299171447754, 165.80429077148438, 343.2252197265625, 129.44989013671875, 68.6146240234375, 102.77629089355469, 39.249046325683594, 30.29427146911621, 42.25858688354492], [257.056396484375, -43.74292755126953, -14.115445137023926, -4.259249210357666, 100.02967071533203, 84.13471221923828, 129.44989013671875, 295.52667236328125, 140.363525390625, 88.89369201660156, 36.34474182128906, 72.38326263427734, 94.76685333251953], [258.4442443847656, 75.46822357177734, -150.67446899414062, -78.65941619873047, 14.045671463012695, -28.25358009338379, 68.6146240234375, 140.363525390625, 273.5210266113281, 156.18328857421875, 60.22491455078125, 82.01469421386719, 81.58190155029297], [329.271728515625, 169.74713134765625, -99.02564239501953, -151.04847717285156, -57.059661865234375, 79.29446411132812, 102.77629089355469, 88.89369201660156, 156.18328857421875, 268.1073303222656, 129.57752990722656, 91.1871337890625, 70.65727233886719], [121.95453643798828, 138.25271606445312, 84.27830505371094, -55.02142333984375, -46.1838493347168, 28.48235321044922, 39.249046325683594, 36.34474182128906, 60.22491455078125, 129.57752990722656, 210.88546752929688, 135.3084716796875, 70.24562072753906], [153.22544860839844, 90.07324981689453, -1.591417670249939, -3.51132869720459, -26.002132415771484, -32.0437126159668, 30.29427146911621, 72.38326263427734, 82.01469421386719, 91.1871337890625, 135.3084716796875, 228.59860229492188, 92.38699340820312], [97.68900299072266, 62.08887481689453, 18.0185489654541, -32.2976188659668, 35.04595184326172, 35.188072204589844, 42.25858688354492, 94.76685333251953, 81.58190155029297, 70.65727233886719, 70.24562072753906, 92.38699340820312, 155.9454803466797]], "lowlevel.mfcc.icov": [[0.0006800665287300944, -0.0001030194980558008, 7.800647836120334e-06, 0.00039131735684350133, -0.00010812350956257433, 0.00026681952294893563, -0.00021934407413937151, -0.0004711186629720032, 0.00010264307638863102, -0.0005585295730270445, 0.00023125346342567354, -0.0002593147219158709, 0.00025379739236086607], [-0.0001030194980558008, 0.0030037749093025923, 0.00032931918394751847, -0.0009403657750226557, 0.002164411125704646, -0.0010558072244748473, 0.0003717892977874726, 0.0009647710248827934, -0.0006713721668347716, -0.00074776477413252, -0.0009910485241562128, 0.0002794594329316169, -0.001328534446656704], [7.800647836120334e-06, 0.00032931918394751847, 0.0023597595281898975, 0.00016526273975614458, -0.0009918023133650422, -0.0007142556714825332, 0.0013664495199918747, -0.00040635967161506414, 0.001104852999560535, 0.000802540045697242, -0.0024409377947449684, 0.0004326407506596297, -0.0002121273282682523], [0.00039131735684350133, -0.0009403657750226557, 0.00016526273975614458, 0.0034542379435151815, -0.0017233443213626742, -0.00042863344424404204, 0.0011778502957895398, -0.0009884913451969624, 0.00024903519079089165, 0.0015997651498764753, 0.0001957664208021015, -0.00136992905754596, 0.001459393068216741], [-0.00010812350956257433, 0.002164411125704646, -0.0009918023133650422, -0.0017233443213626742, 0.006531269755214453, -0.0016742084408178926, 0.00020493855117820203, -0.000314252421958372, -0.001938935020007193, 0.0003473659453447908, 0.0008580710273236036, 0.0005660327733494341, -0.0018558170413598418], [0.00026681952294893563, -0.0010558072244748473, -0.0007142556714825332, -0.00042863344424404204, -0.0016742084408178926, 0.005795105826109648, -0.002869304036721587, -0.0009008830529637635, 0.00269363378174603, -0.003049252089112997, 0.0004364695923868567, 0.001756972400471568, -0.0006244787946343422], [-0.00021934407413937151, 0.0003717892977874726, 0.0013664495199918747, 0.0011778502957895398, 0.00020493855117820203, -0.002869304036721587, 0.006025264505296946, -0.0017398925265297294, -4.0997132600750774e-05, 0.0010005546500906348, -0.0012149133253842592, -0.0004617807862814516, 0.000490330858156085], [-0.0004711186629720032, 0.0009647710248827934, -0.00040635967161506414, -0.0009884913451969624, -0.000314252421958372, -0.0009008830529637635, -0.0017398925265297294, 0.007253485266119242, -0.0028877314180135727, -0.0001395352155668661, 0.0008517411188222468, -0.0008206162601709366, -0.0022328593768179417], [0.00010264307638863102, -0.0006713721668347716, 0.001104852999560535, 0.00024903519079089165, -0.001938935020007193, 0.00269363378174603, -4.0997132600750774e-05, -0.0028877314180135727, 0.009159715846180916, -0.0045633395202457905, 0.0001846831146394834, 0.00019455867004580796, -0.001201875158585608], [-0.0005585295730270445, -0.00074776477413252, 0.000802540045697242, 0.0015997651498764753, 0.0003473659453447908, -0.003049252089112997, 0.0010005546500906348, -0.0001395352155668661, -0.0045633395202457905, 0.011509144678711891, -0.004570435732603073, -0.00032131135230883956, 0.0007315510301850736], [0.00023125346342567354, -0.0009910485241562128, -0.0024409377947449684, 0.0001957664208021015, 0.0008580710273236036, 0.0004364695923868567, -0.0012149133253842592, 0.0008517411188222468, 0.0001846831146394834, -0.004570435732603073, 0.012878513894975185, -0.005371181759983301, -0.0005522686988115311], [-0.0002593147219158709, 0.0002794594329316169, 0.0004326407506596297, -0.00136992905754596, 0.0005660327733494341, 0.001756972400471568, -0.0004617807862814516, -0.0008206162601709366, 0.00019455867004580796, -0.00032131135230883956, -0.005371181759983301, 0.009686974808573723, -0.003457992570474744], [0.00025379739236086607, -0.001328534446656704, -0.0002121273282682523, 0.001459393068216741, -0.0018558170413598418, -0.0006244787946343422, 0.000490330858156085, -0.0022328593768179417, -0.001201875158585608, 0.0007315510301850736, -0.0005522686988115311, -0.003457992570474744, 0.011485901661217213]], "metadata.audio_properties.analysis.downmix": "mix", "metadata.audio_properties.codec": "mp3", "metadata.audio_properties.md5_encoded": "d66ad82d2e856611412a851616b1b8c0", "metadata.tags.file_name": "1183720150357254154.mp3", "metadata.version.essentia": "2.1-beta6-dev", "metadata.version.essentia_git_sha": "v2.1_beta5-1110-g77a6a954", "metadata.version.extractor": "music 2.0", "tonal.chords_key": "D", "tonal.chords_scale": "minor", "tonal.key_edma.key": "G", "tonal.key_edma.scale": "minor", "tonal.key_krumhansl.key": "G", "tonal.key_krumhansl.scale": "minor", "tonal.key_temperley.key": "G", "t