{"song_id": "1183657064401207366", "download": "https://cdn.discordapp.com/attachments/1135903449314238464/1183657064401207366/chirp.mp4?ex=6589218b&amp", "lyrics": "[verse]\nChai, the cockatiel in flight\nThrough the day and into the night\nFeathers glowing, soaring high\nIn the sky, he touches the light\n\n[chorus]\nChai, oh Chai, let your spirit rise\nDancing freely beneath the open skies\nChirping melodies, pure delight\nChai, the cockatiel shining so bright", "style": ["electronic techno"], "essentia_features": {"lowlevel.average_loudness": 0.9831551909446716, "lowlevel.barkbands_crest.mean": 22.769323348999023, "lowlevel.barkbands_crest.stdev": 4.677577018737793, "lowlevel.barkbands_flatness_db.mean": 0.2647540867328644, "lowlevel.barkbands_flatness_db.stdev": 0.10181840509176254, "lowlevel.barkbands_kurtosis.mean": 137.23133850097656, "lowlevel.barkbands_kurtosis.stdev": 299.5024108886719, "lowlevel.barkbands_skewness.mean": 8.658391952514648, "lowlevel.barkbands_skewness.stdev": 7.162022113800049, "lowlevel.barkbands_spread.mean": 13.211976051330566, "lowlevel.barkbands_spread.stdev": 15.301974296569824, "lowlevel.dissonance.mean": 0.48383596539497375, "lowlevel.dissonance.stdev": 0.017524413764476776, "lowlevel.dynamic_complexity": 1.7416011095046997, "lowlevel.erbbands_crest.mean": 9.349578857421875, "lowlevel.erbbands_crest.stdev": 5.599688529968262, "lowlevel.erbbands_flatness_db.mean": 0.10025592893362045, "lowlevel.erbbands_flatness_db.stdev": 0.03892575204372406, "lowlevel.erbbands_kurtosis.mean": 0.3929097354412079, "lowlevel.erbbands_kurtosis.stdev": 4.411875247955322, "lowlevel.erbbands_skewness.mean": 0.14279863238334656, "lowlevel.erbbands_skewness.stdev": 1.2232916355133057, "lowlevel.erbbands_spread.mean": 105.75835418701172, "lowlevel.erbbands_spread.stdev": 44.69419860839844, "lowlevel.hfc.mean": 56.094783782958984, "lowlevel.hfc.stdev": 37.174964904785156, "lowlevel.loudness_ebu128.integrated": -13.564301490783691, "lowlevel.loudness_ebu128.loudness_range": 0.938446044921875, "lowlevel.loudness_ebu128.momentary.mean": -13.676889419555664, "lowlevel.loudness_ebu128.momentary.stdev": 1.0477533340454102, "lowlevel.loudness_ebu128.short_term.mean": -13.563362121582031, "lowlevel.loudness_ebu128.short_term.stdev": 0.33283093571662903, "lowlevel.melbands_crest.mean": 26.115467071533203, "lowlevel.melbands_crest.stdev": 4.268946647644043, "lowlevel.melbands_flatness_db.mean": 0.3706108629703522, "lowlevel.melbands_flatness_db.stdev": 0.11014528572559357, "lowlevel.melbands_kurtosis.mean": 378.5059509277344, "lowlevel.melbands_kurtosis.stdev": 348.7807922363281, "lowlevel.melbands_skewness.mean": 14.062972068786621, "lowlevel.melbands_skewness.stdev": 6.8743391036987305, "lowlevel.melbands_spread.mean": 4.922107696533203, "lowlevel.melbands_spread.stdev": 6.865564346313477, "lowlevel.pitch_salience.mean": 0.20864194631576538, "lowlevel.pitch_salience.stdev": 0.15761339664459229, "lowlevel.silence_rate_20dB.mean": 0.6063199639320374, "lowlevel.silence_rate_20dB.stdev": 0.4885672926902771, "lowlevel.silence_rate_30dB.mean": 0.24818959832191467, "lowlevel.silence_rate_30dB.stdev": 0.43196165561676025, "lowlevel.silence_rate_60dB.mean": 0.0013166556600481272, "lowlevel.silence_rate_60dB.stdev": 0.03626178577542305, "lowlevel.spectral_centroid.mean": 1236.9229736328125, "lowlevel.spectral_centroid.stdev": 782.3579711914062, "lowlevel.spectral_complexity.mean": 15.874917984008789, "lowlevel.spectral_complexity.stdev": 12.81924819946289, "lowlevel.spectral_decrease.mean": -6.83068748230653e-08, "lowlevel.spectral_decrease.stdev": 4.790753749261967e-08, "lowlevel.spectral_energy.mean": 0.26289403438568115, "lowlevel.spectral_energy.stdev": 0.18194948136806488, "lowlevel.spectral_energyband_high.mean": 0.0037658021319657564, "lowlevel.spectral_energyband_high.stdev": 0.0035977112129330635, "lowlevel.spectral_energyband_low.mean": 0.2492276430130005, "lowlevel.spectral_energyband_low.stdev": 0.18152152001857758, "lowlevel.spectral_energyband_middle_high.mean": 0.0031035705469548702, "lowlevel.spectral_energyband_middle_high.stdev": 0.004513751249760389, "lowlevel.spectral_energyband_middle_low.mean": 0.008120713755488396, "lowlevel.spectral_energyband_middle_low.stdev": 0.013120259158313274, "lowlevel.spectral_entropy.mean": 7.961480140686035, "lowlevel.spectral_entropy.stdev": 0.4601176381111145, "lowlevel.spectral_flux.mean": 0.16232457756996155, "lowlevel.spectral_flux.stdev": 0.11419790983200073, "lowlevel.spectral_kurtosis.mean": 1.3232077360153198, "lowlevel.spectral_kurtosis.stdev": 1.2258687019348145, "lowlevel.spectral_rms.mean": 0.014981022104620934, "lowlevel.spectral_rms.stdev": 0.005661368370056152, "lowlevel.spectral_rolloff.mean": 296.2586669921875, "lowlevel.spectral_rolloff.stdev": 803.40966796875, "lowlevel.spectral_skewness.mean": 1.0770225524902344, "lowlevel.spectral_skewness.stdev": 0.3588874340057373, "lowlevel.spectral_spread.mean": 8577642.0, "lowlevel.spectral_spread.stdev": 1916949.375, "lowlevel.spectral_strongpeak.mean": 1.062288761138916, "lowlevel.spectral_strongpeak.stdev": 0.4983328878879547, "lowlevel.zerocrossingrate.mean": 0.03509710356593132, "lowlevel.zerocrossingrate.stdev": 0.02826455980539322, "metadata.audio_properties.analysis.equal_loudness": 0.0, "metadata.audio_properties.analysis.length": 35.24161148071289, "metadata.audio_properties.analysis.sample_rate": 44100.0, "metadata.audio_properties.analysis.start_time": 0.0, "metadata.audio_properties.bit_rate": 125393.0, "metadata.audio_properties.length": 35.24266815185547, "metadata.audio_properties.lossless": 0.0, "metadata.audio_properties.number_channels": 1.0, "metadata.audio_properties.replay_gain": -6.499612808227539, "metadata.audio_properties.sample_rate": 48000.0, "rhythm.beats_count": 75.0, "rhythm.beats_loudness.mean": 0.38860103487968445, "rhythm.beats_loudness.stdev": 0.1408090740442276, "rhythm.bpm": 129.5399932861328, "rhythm.bpm_histogram_first_peak_bpm": 129.0, "rhythm.bpm_histogram_first_peak_weight": 0.15942025184631348, "rhythm.bpm_histogram_second_peak_bpm": 136.0, "rhythm.bpm_histogram_second_peak_spread": 0.0, "rhythm.bpm_histogram_second_peak_weight": 0.06756756454706192, "rhythm.danceability": 2.8333866596221924, "rhythm.onset_rate": 4.59450626373291, "tonal.chords_changes_rate": 0.03947368264198303, "tonal.chords_number_rate": 0.00657894741743803, "tonal.chords_strength.mean": 0.5804710388183594, "tonal.chords_strength.stdev": 0.06251629441976547, "tonal.hpcp_crest.mean": 9.826318740844727, "tonal.hpcp_crest.stdev": 4.847372531890869, "tonal.hpcp_entropy.mean": 2.792192220687866, "tonal.hpcp_entropy.stdev": 0.7707643508911133, "tonal.key_edma.strength": 0.6197657585144043, "tonal.key_krumhansl.strength": 0.6072301864624023, "tonal.key_temperley.strength": 0.5797960162162781, "tonal.tuning_diatonic_strength": 0.6340984106063843, "tonal.tuning_equal_tempered_deviation": 0.20695708692073822, "tonal.tuning_frequency": 450.8050231933594, "tonal.tuning_nontempered_energy_ratio": 0.8282162547111511, "lowlevel.barkbands.mean": [0.002549891360104084, 0.23719027638435364, 0.008242642506957054, 0.0027389400638639927, 0.0028268927708268166, 0.0007689425838179886, 0.0006541471229866147, 0.0005108638433739543, 0.000481283146655187, 0.0003968641976825893, 0.00023728965607006103, 0.000268651288934052, 0.00033765650005079806, 0.0002714843722060323, 0.00032314445707015693, 0.00033228826941922307, 0.0003210841678082943, 0.00018620576884131879, 0.0002931604685727507, 0.00044107766007073224, 0.0004110939335078001, 0.0004910522839054465, 0.0006027951021678746, 0.0007486393442377448, 0.000688076252117753, 0.0005393043393269181, 4.027206523460336e-05], "lowlevel.barkbands.stdev": [0.0036325654946267605, 0.18297454714775085, 0.013310440815985203, 0.005242395214736462, 0.005581142380833626, 0.001672395272180438, 0.001519144861958921, 0.0012289256555959582, 0.0010786474449560046, 0.0011502039851620793, 0.00046175834722816944, 0.0009569262620061636, 0.0010477298637852073, 0.0006931187235750258, 0.000930785434320569, 0.0007833497948013246, 0.0005771755240857601, 0.00031550362473353744, 0.0009351979242637753, 0.0007933807210065424, 0.0005051478510722518, 0.00062864541541785, 0.0006830327911302447, 0.0007580542005598545, 0.0007130961748771369, 0.0005653824773617089, 7.064881356200203e-05], "lowlevel.erbbands.mean": [7.553441524505615, 50.482139587402344, 20.667695999145508, 10.916797637939453, 11.931411743164062, 6.720119953155518, 5.856142520904541, 6.280907154083252, 9.161556243896484, 9.967066764831543, 11.032479286193848, 10.777406692504883, 13.540227890014648, 10.123879432678223, 10.37402057647705, 11.409444808959961, 14.797658920288086, 14.653300285339355, 16.166797637939453, 17.772903442382812, 18.225297927856445, 18.058549880981445, 10.886246681213379, 11.800468444824219, 17.438369750976562, 20.575899124145508, 18.969079971313477, 14.780460357666016, 16.892492294311523, 19.024734497070312, 16.830652236938477, 15.387051582336426, 12.63563060760498, 8.540058135986328, 4.246609210968018, 2.145355224609375, 1.1067606210708618, 0.18195796012878418, 0.004533051513135433, 0.00041711152880452573], "lowlevel.erbbands.stdev": [6.081070423126221, 38.4765510559082, 14.53415298461914, 16.567607879638672, 23.085922241210938, 15.351141929626465, 12.954621315002441, 14.444984436035156, 22.04595375061035, 21.84844398498535, 25.26874542236328, 23.906124114990234, 38.83115768432617, 23.017072677612305, 22.228572845458984, 41.06559371948242, 44.423805236816406, 37.559810638427734, 41.87482452392578, 47.88193130493164, 37.44892501831055, 32.2318115234375, 18.812036514282227, 27.112777709960938, 55.87461471557617, 35.76390075683594, 23.837846755981445, 18.876346588134766, 21.82666015625, 22.855070114135742, 19.24636459350586, 16.427358627319336, 12.768808364868164, 9.01622200012207, 4.517078399658203, 2.5106611251831055, 1.1492743492126465, 0.21247611939907074, 0.0060535515658557415, 0.00025120822829194367], "lowlevel.gfcc.mean": [40.65420913696289, 32.31639862060547, -37.989925384521484, 69.3880386352539, -28.260501861572266, 44.91054916381836, -20.02737808227539, 26.969480514526367, -14.996928215026855, 16.26221466064453, -15.461265563964844, 7.267889499664307, -12.221076011657715], "lowlevel.melbands.mean": [0.07007668912410736, 0.02837814763188362, 0.0018667959375306964, 0.0006620623171329498, 0.00021282328816596419, 0.00014470366295427084, 0.00013976632908452302, 0.00011022546095773578, 8.653447730466723e-05, 6.866764306323603e-05, 6.792737258365378e-05, 4.1700248402776197e-05, 3.3810068998718634e-05, 3.0631243134848773e-05, 3.0156210414133966e-05, 3.355523949721828e-05, 2.6131079721380956e-05, 2.5475554139120504e-05, 2.4017410396481864e-05, 2.376955671934411e-05, 2.0586358004948124e-05, 1.976225212274585e-05, 1.2699587387032807e-05, 8.24117614683928e-06, 9.346589649794623e-06, 1.18245252451743e-05, 1.3776341802440584e-05, 1.369961682939902e-05, 1.2333551239862572e-05, 1.0154436495213304e-05, 7.870449735492002e-06, 9.158055036095902e-06, 1.0285177268087864e-05, 1.0718174053181428e-05, 9.681590199761558e-06, 9.04957687453134e-06, 9.776440492714755e-06, 9.52482605498517e-06, 7.409437330352375e-06, 7.083681794028962e-06], "lowlevel.melbands.stdev": [0.05486585944890976, 0.019091086462140083, 0.0029336600564420223, 0.0013559109065681696, 0.00047053463640622795, 0.00032571135670877993, 0.00032984252902679145, 0.00024541327729821205, 0.00019158433133270591, 0.00015992604312486947, 0.00019906373927369714, 0.000101959660241846, 6.82454410707578e-05, 9.788377792574465e-05, 0.00011359506606822833, 0.00010202823614235967, 6.951171963009983e-05, 6.716377538396046e-05, 7.153735350584611e-05, 6.272392784012482e-05, 4.185405850876123e-05, 3.6412231565918773e-05, 2.4711604055482894e-05, 1.393159618601203e-05, 2.2049893232178874e-05, 4.372360126581043e-05, 3.8333288102876395e-05, 2.2721114874002524e-05, 1.6712276192265563e-05, 1.2859337402915116e-05, 1.0697925063141156e-05, 1.200952010549372e-05, 1.4086021110415459e-05, 1.2842007890867535e-05, 1.1360824828443583e-05, 1.0582445611362346e-05, 1.0589480552880559e-05, 9.841425708145835e-06, 7.888211257522926e-06, 7.793104487063829e-06], "lowlevel.melbands128.mean": [0.0022608907893300056, 0.04959595575928688, 0.12239234149456024, 0.06742776930332184, 0.014761482365429401, 0.003987147007137537, 0.0021295384503901005, 0.001274354406632483, 0.0013727997429668903, 0.0005831815651617944, 0.0002917890960816294, 0.00024393590865656734, 0.0001997424114961177, 0.0001658894179854542, 0.00012814009096473455, 0.00014492757327388972, 0.0001493597956141457, 0.0001441366912331432, 0.00012280105147510767, 0.00010562642273725942, 0.0001104353868868202, 0.00010311751975677907, 8.594180690124631e-05, 6.63085374981165e-05, 6.397714605554938e-05, 7.221225678222254e-05, 7.266239117598161e-05, 6.992721318965778e-05, 6.411875074263662e-05, 4.53126740467269e-05, 3.274853588663973e-05, 3.456828198977746e-05, 3.432869561947882e-05, 3.371217826497741e-05, 3.095523061347194e-05, 2.9826233003404923e-05, 3.0088167477515526e-05, 2.8723783543682657e-05, 3.096447471762076e-05, 3.357276364113204e-05, 3.69859735656064e-05, 2.977561416628305e-05, 2.4867169486242346e-05, 2.534311352064833e-05, 2.3781589334248565e-05, 2.5835795895545743e-05, 2.704018697841093e-05, 2.3404212697641924e-05, 2.254765604448039e-05, 2.560458960942924e-05, 2.3457210772903636e-05, 2.2928943508304656e-05, 2.0673860490205698e-05, 2.0192557713016868e-05, 1.9440885807853192e-05, 2.1436086171888746e-05, 1.8389362594462e-05, 1.4626511983806267e-05, 1.0756293704616837e-05, 8.226513273257297e-06, 7.978060239111073e-06, 8.228425940615125e-06, 8.695101314515341e-06, 9.890356523101218e-06, 9.924964615493082e-06, 1.1934195754292887e-05, 1.2847111065639183e-05, 1.3025654880038928e-05, 1.4475774150923826e-05, 1.4292420019046403e-05, 1.3196113286539912e-05, 1.3614816452900413e-05, 1.3979856703372207e-05, 1.1699464266712312e-05, 1.1198233551112935e-05, 1.0640479558787774e-05, 9.695997505332343e-06, 8.224354132835288e-06, 7.401640687021427e-06, 7.5176599239057396e-06, 9.002566002891399e-06, 9.981395123759285e-06, 9.658274393586908e-06, 1.03135644167196e-05, 1.0660325642675161e-05, 1.0943899724225048e-05, 1.085966232494684e-05, 1.0107872185471933e-05, 9.43574013945181e-06, 9.500765372649767e-06, 9.48379783949349e-06, 8.743329090066254e-06, 8.692429219081532e-06, 9.406650860910304e-06, 1.0511353139008861e-05, 1.1460682799224742e-05, 8.705669642949942e-06, 8.067358066909947e-06, 6.463093086495064e-06, 7.927388651296496e-06, 7.909643500170205e-06, 7.168880529206945e-06, 5.7348888731212355e-06, 5.643174517899752e-06, 4.338700364314718e-06, 4.170102783973562e-06, 4.4090566007071175e-06, 3.6529895623971242e-06, 3.1402894364873646e-06, 3.738640316441888e-06, 4.140941200603265e-06, 3.595498128561303e-06, 4.094692030776059e-06, 3.4351262456766563e-06, 2.2901683678355766e-06, 1.8120637150786933e-06, 1.3635074083140353e-06, 3.448739391842537e-07, 3.029440875934597e-08, 1.5011882015247835e-10, 1.019375209243556e-10, 3.738124046415159e-11, 1.6379257325449537e-11, 1.6011032777374368e-11, 1.5559204966097973e-11, 1.4988661353743105e-11, 1.4669250189558447e-11, 1.4550529184309546e-11], "lowlevel.melbands128.stdev": [0.0032668409403413534, 0.04208428040146828, 0.0963781476020813, 0.05106185004115105, 0.010313943959772587, 0.006394056137651205, 0.003646963508799672, 0.0026033546309918165, 0.00272252201102674, 0.0013929285341873765, 0.0007837421144358814, 0.0006117966840974987, 0.0004858681932091713, 0.0003963117196690291, 0.000329495727783069, 0.00038896541809663177, 0.00040089155663736165, 0.00038262727321125567, 0.0003161164640914649, 0.0002522259019315243, 0.00030665731173940003, 0.0002934966760221869, 0.00021645380184054375, 0.00015691062435507774, 0.00016904581570997834, 0.0002442728145979345, 0.00023356583551503718, 0.00024689408019185066, 0.00024076344561763108, 0.00015141551557462662, 6.868949276395142e-05, 7.667846512049437e-05, 7.575284689664841e-05, 8.649260416859761e-05, 0.0001047305777319707, 0.00011863875261042267, 0.00014101066335570067, 0.00014518869284074754, 0.00012867873010691255, 0.00011640354205155745, 0.00013207369192969054, 0.00010101618681801483, 8.499079558532685e-05, 7.278502016561106e-05, 7.004394137766212e-05, 8.328154945047572e-05, 9.230825526174158e-05, 8.285559306386858e-05, 7.248609472298995e-05, 8.716935553820804e-05, 7.414868741761893e-05, 6.390812632162124e-05, 5.386038537835702e-05, 4.5817279897164553e-05, 4.026614988106303e-05, 4.5110056817065924e-05, 4.198509850539267e-05, 3.1703864806331694e-05, 2.2804049876867794e-05, 1.6381574823753908e-05, 1.5920224541332573e-05, 1.4136378013063222e-05, 1.6952719306573272e-05, 3.0057124604354613e-05, 3.688617653097026e-05, 5.554462768486701e-05, 4.699796772911213e-05, 4.657202589442022e-05, 4.577494473778643e-05, 3.1236326321959496e-05, 2.665318788785953e-05, 2.2136415282147937e-05, 2.5585261028027162e-05, 1.7417823983123526e-05, 1.5940233424771577e-05, 1.4391447621164843e-05, 1.3785595911031123e-05, 1.3063349797448609e-05, 1.1677531801979057e-05, 1.1162582268298138e-05, 1.3221922017692123e-05, 1.4271850886871107e-05, 1.4552399989042897e-05, 1.753931246639695e-05, 1.4681631000712514e-05, 1.4818231647950597e-05, 1.428806262993021e-05, 1.3045678315393161e-05, 1.2237611372256652e-05, 1.2614064871740993e-05, 1.244111354026245e-05, 1.1762585927499458e-05, 1.0648088391462807e-05, 1.1759753760998137e-05, 1.2461860933399294e-05, 1.257307030755328e-05, 1.0226816812064499e-05, 9.835856872086879e-06, 8.000826710485853e-06, 9.279218829760794e-06, 9.58524651650805e-06, 9.018425771500915e-06, 6.934099019417772e-06, 6.905977443238953e-06, 5.552554284804501e-06, 5.113678071211325e-06, 5.853096809005365e-06, 5.048982984590111e-06, 4.39844416177948e-06, 5.547653472603997e-06, 5.516411420103395e-06, 4.2489841689530294e-06, 4.678651748690754e-06, 3.841861598630203e-06, 2.6807333597389515e-06, 2.2942510895518353e-06, 2.148650992239709e-06, 9.67011260399886e-07, 2.3348241029452765e-07, 1.8197097162442333e-09, 1.3494215744813687e-09, 4.1352882229617194e-10, 3.029305972734875e-11, 2.961808923118703e-11, 2.805214741052886e-11, 2.629609897886187e-11, 2.5632071118386612e-11, 2.543514357467025e-11], "lowlevel.mfcc.mean": [-626.7365112304688, 67.81722259521484, 56.90116500854492, 43.71052551269531, 33.40782928466797, 29.400957107543945, 21.79151153564453, 18.897594451904297, 17.39232063293457, 15.566896438598633, 8.444519996643066, 10.577528953552246, 7.553854942321777], "lowlevel.spectral_contrast_coeffs.mean": [-0.6639941930770874, -0.8289298415184021, -0.8375011086463928, -0.8333029747009277, -0.8192299604415894, -0.7835565805435181], "lowlevel.spectral_contrast_coeffs.stdev": [0.07637736201286316, 0.05714205279946327, 0.04501701146364212, 0.04936402291059494, 0.03313615545630455, 0.03234067186713219], "lowlevel.spectral_contrast_valleys.mean": [-6.224197864532471, -7.204401969909668, -7.751077651977539, -7.760808944702148, -7.247007846832275, -8.918722152709961], "lowlevel.spectral_contrast_valleys.stdev": [0.806010901927948, 1.154710054397583, 1.130423665046692, 1.0035040378570557, 0.8258235454559326, 0.6816994547843933], "rhythm.beats_loudness_band_ratio.mean": [0.9619837403297424, 0.008066928014159203, 0.004684532061219215, 0.005467549432069063, 0.004720741417258978, 0.020574050024151802], "rhythm.beats_loudness_band_ratio.stdev": [0.0461689792573452, 0.011178804561495781, 0.013098564930260181, 0.025722624734044075, 0.008321770466864109, 0.016451576724648476], "tonal.hpcp.mean": [0.031553857028484344, 0.04991279914975166, 0.05169728025794029, 0.0519334077835083, 0.11744885891675949, 0.41913098096847534, 0.6459065675735474, 0.398833304643631, 0.12676696479320526, 0.052184510976076126, 0.015315564349293709, 0.016094762831926346, 0.02450840175151825, 0.01962646096944809, 0.009114955551922321, 0.00486493855714798, 0.0041231815703213215, 0.003968501929193735, 0.004530672449618578, 0.006380162667483091, 0.005919197574257851, 0.007038343697786331, 0.010135207325220108, 0.00845660176128149, 0.006664890795946121, 0.015556970611214638, 0.030319122597575188, 0.030600588768720627, 0.02033422514796257, 0.011397631838917732, 0.006451648660004139, 0.008919657208025455, 0.010628285817801952, 0.016239957883954048, 0.017927806824445724, 0.018206901848316193], "tonal.hpcp.stdev": [0.14156818389892578, 0.18558260798454285, 0.18504776060581207, 0.18343359231948853, 0.2565721571445465, 0.38602781295776367, 0.41586580872535706, 0.3777095079421997, 0.28091979026794434, 0.17770753800868988, 0.08252685517072678, 0.09707105904817581, 0.13171757757663727, 0.11342350393533707, 0.06528948247432709, 0.04016299173235893, 0.03263917937874794, 0.03761522099375725, 0.026970447972416878, 0.05624096468091011, 0.044105228036642075, 0.05425525829195976, 0.05795041099190712, 0.05274432525038719, 0.026683704927563667, 0.06317723542451859, 0.12926998734474182, 0.1261555701494217, 0.08599196374416351, 0.05400173366069794, 0.043256327509880066, 0.07332385331392288, 0.07277616858482361, 0.10022155940532684, 0.11391802877187729, 0.1038803681731224], "rhythm.beats_position": [0.5224489569664001, 0.9984580278396606, 1.4628571271896362, 1.9272562265396118, 2.391655206680298, 2.8560543060302734, 3.320453405380249, 3.773242473602295, 4.23764181137085, 4.690430641174316, 5.154829978942871, 5.619228839874268, 6.083628177642822, 6.548027038574219, 7.012426376342773, 7.47682523727417, 7.929614543914795, 8.382403373718262, 8.846802711486816, 9.311202049255371, 9.77560043334961, 10.239999771118164, 10.704399108886719, 11.168798446655273, 11.633196830749512, 12.074376106262207, 12.538775444030762, 13.003174781799316, 13.467573165893555, 13.93197250366211, 14.396371841430664, 14.860771179199219, 15.325169563293457, 15.766348838806152, 16.23074722290039, 16.695146560668945, 17.1595458984375, 17.623945236206055, 18.08834457397461, 18.552743911743164, 19.01714324951172, 19.469932556152344, 19.922719955444336, 20.38711929321289, 20.851518630981445, 21.31591796875, 21.780317306518555, 22.24471664428711, 22.709115982055664, 23.15029525756836, 23.61469268798828, 24.090702056884766, 24.54349136352539, 25.007890701293945, 25.4722900390625, 25.936689376831055, 26.40108871459961, 26.842267990112305, 27.306665420532227, 27.77106475830078, 28.235464096069336, 28.69986343383789, 29.164262771606445, 29.628662109375, 30.093061447143555, 30.53424072265625, 30.998638153076172, 31.463037490844727, 31.92743682861328, 32.3918342590332, 32.85623550415039, 33.32063293457031, 33.7850341796875, 34.237823486328125, 34.69061279296875], "rhythm.bpm_histogram": [0.0, 0.0, 0.0, 0.0, 0.0, 0.0, 0.0, 0.0, 0.0, 0.0, 0.0, 0.0, 0.0, 0.0, 0.0, 0.0, 0.0, 0.0, 0.0, 0.0, 0.0, 0.0, 0.0, 0.0, 0.0, 0.0, 0.0, 0.0, 0.0, 0.0, 0.0, 0.0, 0.0, 0.0, 0.0, 0.0, 0.0, 0.0, 0.0, 0.0, 0.0, 0.0, 0.0, 0.0, 0.0, 0.0, 0.0, 0.0, 0.0, 0.0, 0.0, 0.0, 0.0, 0.0, 0.0, 0.0, 0.0, 0.0, 0.0, 0.0, 0.0, 0.0, 0.0, 0.0, 0.0, 0.0, 0.0, 0.0, 0.0, 0.0, 0.0, 0.0, 0.0, 0.0, 0.0, 0.0, 0.0, 0.0, 0.0, 0.0, 0.0, 0.0, 0.0, 0.0, 0.0, 0.0, 0.0, 0.0, 0.0, 0.0, 0.0, 0.0, 0.0, 0.0, 0.0, 0.0, 0.0, 0.0, 0.0, 0.0, 0.0, 0.0, 0.0, 0.0, 0.0, 0.0, 0.0, 0.0, 0.0, 0.0, 0.0, 0.0, 0.0, 0.0, 0.0, 0.0, 0.0, 0.0, 0.0, 0.0, 0.0, 0.0, 0.0, 0.0, 0.0, 0.0, 0.027027027681469917, 0.0, 0.0, 0.7837837934494019, 0.0, 0.0, 0.0, 0.12162162363529205, 0.0, 0.0, 0.06756756454706192, 0.0, 0.0, 0.0, 0.0, 0.0, 0.0, 0.0, 0.0, 0.0, 0.0, 0.0, 0.0, 0.0, 0.0, 0.0, 0.0, 0.0, 0.0, 0.0, 0.0, 0.0, 0.0, 0.0, 0.0, 0.0, 0.0, 0.0, 0.0, 0.0, 0.0, 0.0, 0.0, 0.0, 0.0, 0.0, 0.0, 0.0, 0.0, 0.0, 0.0, 0.0, 0.0, 0.0, 0.0, 0.0, 0.0, 0.0, 0.0, 0.0, 0.0, 0.0, 0.0, 0.0, 0.0, 0.0, 0.0, 0.0, 0.0, 0.0, 0.0, 0.0, 0.0, 0.0, 0.0, 0.0, 0.0, 0.0, 0.0, 0.0, 0.0, 0.0, 0.0, 0.0, 0.0, 0.0, 0.0, 0.0, 0.0, 0.0, 0.0, 0.0, 0.0, 0.0, 0.0, 0.0, 0.0, 0.0, 0.0, 0.0, 0.0, 0.0, 0.0, 0.0, 0.0, 0.0, 0.0, 0.0, 0.0, 0.0, 0.0, 0.0, 0.0, 0.0, 0.0, 0.0, 0.0, 0.0, 0.0, 0.0, 0.0, 0.0, 0.0, 0.0], "tonal.chords_histogram": [76.84210205078125, 1.0526316165924072, 2.763157844543457, 0.0, 0.0, 0.0, 0.0, 10.131579399108887, 8.289473533630371, 0.9210526347160339, 0.0, 0.0, 0.0, 0.0, 0.0, 0.0, 0.0, 0.0, 0.0, 0.0, 0.0, 0.0, 0.0, 0.0], "tonal.thpcp": [1.0, 0.6174783110618591, 0.19626207649707794, 0.08079266548156738, 0.023711733520030975, 0.024918098002672195, 0.037944190204143524, 0.03038591332733631, 0.014111879281699657, 0.007531953975558281, 0.006383557338267565, 0.006144080311059952, 0.007014439441263676, 0.009877840988337994, 0.009164170362055302, 0.010896844789385796, 0.015691444277763367, 0.01309260819107294, 0.010318661108613014, 0.024085480719804764, 0.04694041609764099, 0.04737618565559387, 0.03148168325424194, 0.01764594577252865, 0.009988516569137573, 0.013809516094624996, 0.01645483449101448, 0.025142889469861984, 0.027756037190556526, 0.028188135474920273, 0.048852045089006424, 0.07727557420730591, 0.08003832399845123, 0.0804039016366005, 0.18183568120002747, 0.6489034295082092], "lowlevel.gfcc.cov": [[4859.68359375, 409.80810546875, -1533.257568359375, -839.486328125, -560.8773193359375, -249.94097900390625, -300.63787841796875, -55.68098068237305, -41.88193130493164, 29.490034103393555, -95.07718658447266, 13.151723861694336, -28.23206901550293], [409.80810546875, 1024.4012451171875, -197.71603393554688, -581.09912109375, -243.8680419921875, -215.87533569335938, -72.98632049560547, -65.4350814819336, 20.698312759399414, -25.837303161621094, -6.225137710571289, -34.47063446044922, 54.80066680908203], [-1533.257568359375, -197.71603393554688, 970.7807006835938, 348.6022644042969, 88.19003295898438, 70.57533264160156, 81.66532135009766, -10.43615436553955, -31.115285873413086, -34.07814407348633, 22.99642562866211, 16.060237884521484, -11.601289749145508], [-839.486328125, -581.09912109375, 348.6022644042969, 632.0482177734375, 287.7713623046875, 78.60200500488281, 32.25979995727539, 18.380653381347656, 0.5254321694374084, -1.8284837007522583, 37.5605583190918, 10.177127838134766, -9.693864822387695], [-560.8773193359375, -243.8680419921875, 88.19003295898438, 287.7713623046875, 324.68524169921875, 102.4011001586914, 52.14630126953125, 31.157943725585938, 47.53936004638672, 14.60051155090332, 26.58746910095215, -4.031161785125732, 21.088537216186523], [-249.94097900390625, -215.87533569335938, 70.57533264160156, 78.60200500488281, 102.4011001586914, 207.7871551513672, 108.45745086669922, 19.769180297851562, 1.6320446729660034, -3.357938051223755, 9.757139205932617, -3.002864122390747, -8.274409294128418], [-300.63787841796875, -72.98632049560547, 81.66532135009766, 32.25979995727539, 52.14630126953125, 108.45745086669922, 158.87930297851562, 51.60519027709961, 4.594958782196045, -9.441861152648926, 20.3418025970459, 3.2982640266418457, -1.3757706880569458], [-55.68098068237305, -65.4350814819336, -10.43615436553955, 18.380653381347656, 31.157943725585938, 19.769180297851562, 51.60519027709961, 80.61215209960938, 40.0036735534668, 10.081103324890137, 2.7949047088623047, 3.8661160469055176, 10.191723823547363], [-41.88193130493164, 20.698312759399414, -31.115285873413086, 0.5254321694374084, 47.53936004638672, 1.6320446729660034, 4.594958782196045, 40.0036735534668, 95.9610595703125, 41.76918411254883, 12.671122550964355, -4.890673637390137, 22.940258026123047], [29.490034103393555, -25.837303161621094, -34.07814407348633, -1.8284837007522583, 14.60051155090332, -3.357938051223755, -9.441861152648926, 10.081103324890137, 41.76918411254883, 64.6800308227539, 28.79786491394043, 3.8928091526031494, 6.6619415283203125], [-95.07718658447266, -6.225137710571289, 22.99642562866211, 37.5605583190918, 26.58746910095215, 9.757139205932617, 20.3418025970459, 2.7949047088623047, 12.671122550964355, 28.79786491394043, 68.66520690917969, 28.23320960998535, 12.19060230255127], [13.151723861694336, -34.47063446044922, 16.060237884521484, 10.177127838134766, -4.031161785125732, -3.002864122390747, 3.2982640266418457, 3.8661160469055176, -4.890673637390137, 3.8928091526031494, 28.23320960998535, 50.125648498535156, 18.048288345336914], [-28.23206901550293, 54.80066680908203, -11.601289749145508, -9.693864822387695, 21.088537216186523, -8.274409294128418, -1.3757706880569458, 10.191723823547363, 22.940258026123047, 6.6619415283203125, 12.19060230255127, 18.048288345336914, 52.463226318359375]], "lowlevel.gfcc.icov": [[0.0005945199518464506, 0.00019205502758268267, 0.000815278384834528, 0.00018787969020195305, 0.0006819225382059813, -8.000698289833963e-05, 0.0005862923571839929, 2.5089825612667482e-06, -2.9516422728192993e-05, 0.00012761622201651335, 0.00015389158215839416, -0.0004792647378053516, 0.00018829262990038842], [0.00019205502758268267, 0.007072179578244686, -0.0008656902937218547, 0.007307116873562336, -0.0015739148948341608, 0.006856669671833515, -0.0020913342013955116, 0.005945136304944754, -0.0040440126322209835, 0.008361218497157097, -0.00833232793956995, 0.00946393795311451, -0.0062339273281395435], [0.000815278384834528, -0.0008656902937218547, 0.002769607352092862, -0.002015315927565098, 0.001903905184008181, -0.0011631582165136933, 6.251737795537338e-05, 0.0001251637004315853, 0.00012432086805347353, -0.0006169836851768196, 0.0017034603515639901, -0.0025150692090392113, 0.0011050105094909668], [0.00018787969020195305, 0.007307116873562336, -0.002015315927565098, 0.011420772410929203, -0.005166994873434305, 0.007204938214272261, -0.0005971782957203686, 0.004462787415832281, -0.002637122757732868, 0.00887285266071558, -0.00993361882865429, 0.009239666163921356, -0.004380232188850641], [0.0006819225382059813, -0.0015739148948341608, 0.001903905184008181, -0.005166994873434305, 0.008777356706559658, -0.004307206720113754, 0.0007977415807545185, -0.0009157690219581127, -0.0019689754117280245, -0.0011872370960190892, 0.0014331021811813116, -0.0006805307930335402, -0.0016186004504561424], [-8.000698289833963e-05, 0.006856669671833515, -0.0011631582165136933, 0.007204938214272261, -0.004307206720113754, 0.015914607793092728, -0.00912436656653881, 0.008808635175228119, -0.003913834225386381, 0.006583072245121002, -0.005918112117797136, 0.00820271298289299, -0.004411510191857815], [0.0005862923571839929, -0.0020913342013955116, 6.251737795537338e-05, -0.0005971782957203686, 0.0007977415807545185, -0.00912436656653881, 0.017227360978722572, -0.01267329789698124, 0.004068117123097181, 0.0019052074057981372, -0.004591505974531174, -0.0002644276537466794, 0.002694581402465701], [2.5089825612667482e-06, 0.005945136304944754, 0.0001251637004315853, 0.004462787415832281, -0.0009157690219581127, 0.008808635175228119, -0.01267329789698124, 0.029180876910686493, -0.013914880342781544, 0.006409743335098028, -0.0004888607072643936, 0.0024159878958016634, -0.005047129932790995], [-2.9516422728192993e-05, -0.0040440126322209835, 0.00012432086805347353, -0.002637122757732868, -0.0019689754117280245, -0.003913834225386381, 0.004068117123097181, -0.013914880342781544, 0.025603584945201874, -0.01671447418630123, 0.004256830550730228, 0.0008360048523172736, -0.0036172496620565653], [0.00012761622201651335, 0.008361218497157097, -0.0006169836851768196, 0.00887285266071558, -0.0011872370960190892, 0.006583072245121002, 0.0019052074057981372, 0.006409743335098028, -0.01671447418630123, 0.03931566700339317, -0.02334574982523918, 0.013620498590171337, -0.0037865079939365387], [0.00015389158215839416, -0.00833232793956995, 0.0017034603515639901, -0.00993361882865429, 0.0014331021811813116, -0.005918112117797136, -0.004591505974531174, -0.0004888607072643936, 0.004256830550730228, -0.02334574982523918, 0.039253056049346924, -0.026569541543722153, 0.006915227044373751], [-0.0004792647378053516, 0.00946393795311451, -0.0025150692090392113, 0.009239666163921356, -0.0006805307930335402, 0.00820271298289299, -0.0002644276537466794, 0.0024159878958016634, 0.0008360048523172736, 0.013620498590171337, -0.026569541543722153, 0.046964213252067566, -0.019979245960712433], [0.00018829262990038842, -0.0062339273281395435, 0.0011050105094909668, -0.004380232188850641, -0.0016186004504561424, -0.004411510191857815, 0.002694581402465701, -0.005047129932790995, -0.0036172496620565653, -0.0037865079939365387, 0.006915227044373751, -0.019979245960712433, 0.03344383090734482]], "lowlevel.mfcc.cov": [[5939.28466796875, 447.93865966796875, -1357.787841796875, -834.5990600585938, -591.8095092773438, -444.4691467285156, -441.631103515625, -283.18310546875, -161.21453857421875, -81.79901123046875, -175.513916015625, -38.70354080200195, -0.36909744143486023], [447.93865966796875, 1267.2606201171875, -107.58585357666016, -435.801025390625, -311.58319091796875, -255.69468688964844, -186.50302124023438, -145.5375213623047, -33.1858024597168, -52.65747833251953, -80.1134033203125, -20.339082717895508, -8.31962776184082], [-1357.787841796875, -107.58585357666016, 747.2894287109375, 207.79876708984375, 57.20643997192383, 77.52134704589844, 84.2145004272461, 56.16094207763672, -17.590707778930664, -37.96845626831055, 40.816864013671875, -27.825273513793945, -29.127004623413086], [-834.5990600585938, -435.801025390625, 207.79876708984375, 468.1562194824219, 249.56980895996094, 85.263916015625, 63.409400939941406, 43.26560974121094, -0.14596602320671082, 13.479393005371094, 23.853466033935547, -2.9426093101501465, 16.33213996887207], [-591.8095092773438, -311.58319091796875, 57.20643997192383, 249.56980895996094, 284.65625, 125.69391632080078, 48.00144577026367, 32.64616012573242, 34.74200439453125, 35.76631164550781, 15.529128074645996, 14.559259414672852, 15.609298706054688], [-444.4691467285156, -255.69468688964844, 77.52134704589844, 85.263916015625, 125.69391632080078, 182.89793395996094, 112.26069641113281, 60.505821228027344, 20.40469741821289, 26.350553512573242, 34.657752990722656, 11.561933517456055, -5.474497318267822], [-441.631103515625, -186.50302124023438, 84.2145004272461, 63.409400939941406, 48.00144577026367, 112.26069641113281, 168.24703979492188, 95.83560943603516, 20.536252975463867, 11.2916898727417, 37.88955307006836, 11.397128105163574, -2.3719263076782227], [-283.18310546875, -145.5375213623047, 56.16094207763672, 43.26560974121094, 32.64616012573242, 60.505821228027344, 95.83560943603516, 114.6234130859375, 43.77435302734375, 10.851255416870117, 25.9218807220459, 8.96690845489502, 0.3268480896949768], [-161.21453857421875, -33.1858024597168, -17.590707778930664, -0.14596602320671082, 34.74200439453125, 20.40469741821289, 20.536252975463867, 43.77435302734375, 94.60066986083984, 44.79362869262695, 9.681227684020996, 17.71480369567871, 8.89072036743164], [-81.79901123046875, -52.65747833251953, -37.96845626831055, 13.479393005371094, 35.76631164550781, 26.350553512573242, 11.2916898727417, 10.851255416870117, 44.79362869262695, 73.77819061279297, 28.807348251342773, 16.7275333404541, 9.568625450134277], [-175.513916015625, -80.1134033203125, 40.816864013671875, 23.853466033935547, 15.529128074645996, 34.657752990722656, 37.88955307006836, 25.9218807220459, 9.681227684020996, 28.807348251342773, 65.25340270996094, 17.888229370117188, 0.8086435794830322], [-38.70354080200195, -20.339082717895508, -27.825273513793945, -2.9426093101501465, 14.559259414672852, 11.561933517456055, 11.397128105163574, 8.96690845489502, 17.71480369567871, 16.7275333404541, 17.888229370117188, 58.01669692993164, 31.928117752075195], [-0.36909744143486023, -8.31962776184082, -29.127004623413086, 16.33213996887207, 15.609298706054688, -5.474497318267822, -2.3719263076782227, 0.3268480896949768, 8.89072036743164, 9.568625450134277, 0.8086435794830322, 31.928117752075195, 61.87134552001953]], "lowlevel.mfcc.icov": [[0.0005707344389520586, 0.00044275386608205736, 0.0007775085396133363, 0.0005736903403885663, 0.0006129575776867568, 0.00031077262246981263, 0.0008237994625233114, -3.637005647760816e-05, 0.0006971535622142255, 8.954342774813995e-05, 0.0004008461255580187, 0.00023617279657628387, -5.8980895119020715e-05], [0.00044275386608205736, 0.0020023230463266373, 0.00018986007489729673, 0.0018399704713374376, 0.00035976781509816647, 0.0018744427943602204, 0.00028499317704699934, 0.0011980094714090228, 0.00017553305951878428, 9.659840725362301e-05, 0.0010170296300202608, 0.0001895768946269527, -0.00019602692918851972], [0.0007775085396133363, 0.00018986007489729673, 0.0030206749215722084, -0.0006790229235775769, 0.0016933128936216235, -0.0007859701290726662, 0.001208701403811574, -0.00029242888558655977, 0.0003458907885942608, 0.0019296534592285752, -0.0010795773705467582, 0.0010375507408753037, 0.00031314275111071765], [0.0005736903403885663, 0.0018399704713374376, -0.0006790229235775769, 0.0073005217127501965, -0.005186266265809536, 0.004564668517559767, -0.0009254802716895938, -3.1157971534412354e-05, 0.0027670750860124826, -0.0007263594889082015, 0.00037337452522479, 0.0017254323465749621, -0.001499497564509511], [0.0006129575776867568, 0.00035976781509816647, 0.0016933128936216235, -0.005186266265809536, 0.01223192922770977, -0.007540101185441017, 0.004178417380899191, 0.0006827934994362295, -0.002487216843292117, -0.00023557936947327107, 0.0020553183276206255, -0.0009203471126966178, -0.0005364160751923919], [0.00031077262246981263, 0.0018744427943602204, -0.0007859701290726662, 0.004564668517559767, -0.007540101185441017, 0.017289049923419952, -0.008705117739737034, 0.0014874374028295279, 0.002394439186900854, -0.0025409262161701918, -9.942941687768325e-05, -0.0004515546897891909, 0.002052625175565481], [0.0008237994625233114, 0.00028499317704699934, 0.001208701403811574, -0.0009254802716895938, 0.004178417380899191, -0.008705117739737034, 0.019206682220101357, -0.011434203013777733, 0.0032627317123115063, 0.00047160981921479106, -0.001339581562206149, -0.0006617748294956982, -0.00035390257835388184], [-3.637005647760816e-05, 0.0011980094714090228, -0.00029242888558655977, -3.1157971534412354e-05, 0.0006827934994362295, 0.0014874374028295279, -0.011434203013777733, 0.023290835320949554, -0.011315242387354374, 0.006067412905395031, -0.003411742625758052, 0.0015379313845187426, -0.0006320253014564514], [0.0006971535622142255, 0.00017553305951878428, 0.0003458907885942608, 0.0027670750860124826, -0.002487216843292117, 0.002394439186900854, 0.0032627317123115063, -0.011315242387354374, 0.023309729993343353, -0.013901084661483765, 0.0064308843575417995, -0.0035817534662783146, 0.0010489817941561341], [8.954342774813995e-05, 9.659840725362301e-05, 0.0019296534592285752, -0.0007263594889082015, -0.00023557936947327107, -0.0025409262161701918, 0.00047160981921479106, 0.006067412905395031, -0.013901084661483765, 0.02818669006228447, -0.012690514326095581, 0.0017347164684906602, -0.00215663923881948], [0.0004008461255580187, 0.0010170296300202608, -0.0010795773705467582, 0.00037337452522479, 0.0020553183276206255, -9.942941687768325e-05, -0.001339581562206149, -0.003411742625758052, 0.0064308843575417995, -0.012690514326095581, 0.02676498517394066, -0.008310743607580662, 0.003949103876948357], [0.00023617279657628387, 0.0001895768946269527, 0.0010375507408753037, 0.0017254323465749621, -0.0009203471126966178, -0.0004515546897891909, -0.0006617748294956982, 0.0015379313845187426, -0.0035817534662783146, 0.0017347164684906602, -0.008310743607580662, 0.029467571526765823, -0.014632807113230228], [-5.8980895119020715e-05, -0.00019602692918851972, 0.00031314275111071765, -0.001499497564509511, -0.0005364160751923919, 0.002052625175565481, -0.00035390257835388184, -0.0006320253014564514, 0.0010489817941561341, -0.00215663923881948, 0.003949103876948357, -0.014632807113230228, 0.024668123573064804]], "metadata.audio_properties.analysis.downmix": "mix", "metadata.audio_properties.codec": "mp3", "metadata.audio_properties.md5_encoded": "8e3ab5f85dcae4ba3fe79b9bd55f01a6", "metadata.tags.file_name": "1183657064401207366.mp3", "metadata.version.essentia": "2.1-beta6-dev", "metadata.version.essentia_git_sha": "v2.1_beta5-1110-g77a6a954", "metadata.version.extractor": "music 2.0", "tonal.chords_key": "E", "tonal.chords_scale": "minor", "tonal.key_edma.key": "E", "tonal.key_e