{"song_id": "1183704183929577522", "download": "https://cdn.discordapp.com/attachments/1128313332273782784/1183704183929577522/chirp.mp4?ex=65894d6d&amp", "lyrics": "[verse]\n\u0417\u0430\u0433\u0430\u0434\u043e\u0447\u043d\u0430\u044f \u0434\u0443\u0448\u0430 \u0443 \u043a\u043e\u0441\u0442\u0440\u0430 \u0433\u043e\u0440\u0438\u0442\n\u0412 \u043f\u0435\u0447\u0430\u043b\u0438 \u043c\u043e\u044f \u0433\u0438\u0442\u0430\u0440\u0430 \u0441\u0442\u0430\u043b\u043a\u0440\u0430\u0444\u0442\u0435\u0440\u0430\n\u041f\u043e \u0433\u0440\u0443\u0441\u0442\u043d\u044b\u043c \u0442\u0440\u043e\u043f\u0438\u043d\u043a\u0430\u043c \u043c\u0430\u043d\u0438\u0442 \u043e\u043d\u0430\n\u0422\u0443\u0434\u0430, \u0433\u0434\u0435 \u0437\u0430\u0436\u0438\u0433\u0430\u0435\u0442 \u0441\u043b\u0435\u0437\u044b \u0441\u0442\u0430\u043b\u043a\u0440\u0430\u0444\u0442\n\n[chorus]\n\u041e\u043e\u043e\u043e, \u044d\u043a\u0441\u0431\u043e \u043f\u0440\u043e\u0448\u0435\u043f\u0442\u0430\u043b\u0438 \u0432 \u0437\u043d\u043e\u0439\u043d\u043e\u0439 \u0442\u0438\u0448\u0438\u043d\u0435 \u0432\u043e\u0442 \u0432\u0430\u043c \u043f\u0435\u0440\u0435\u0441\u0442\u0440\u043e\u0439\u043a\u0430, \u0432\u043e\u0442 \u0432\u0430\u043c \u043e\u0431\u043d\u043e\u0432\u0430\u0430\u0430!\n\u041e\u043e\u043e\u043e, \u0441\u0435\u0440\u0434\u0446\u0435 \u0442\u0440\u0435\u0432\u043e\u0433\u043e\u0439 \u043e\u043a\u0443\u0442\u0430\u043b\u043e \u0441\u0435\u0431\u0435\n\u041e\u043e\u043e\u043e, \u0437\u0430\u0436\u0433\u043b\u0438 \u0432 \u0434\u0443\u0448\u0435 \u0442\u043e\u0441\u043a\u0443 \u0438 \u0441\u0432\u0435\u0442 \u0437\u0432\u0435\u0437\u0434\u044b\n\u041e\u043e\u043e\u043e, \u0441\u0442\u0430\u043b\u043a\u0440\u0430\u0444\u0442 \u0433\u043e\u0440\u044c\u043a\u043e\u0439 \u0441\u043b\u0430\u0434\u043e\u0441\u0442\u044c\u044e \u043e\u0432\u0435\u044f\u043b\n\n[verse]\nIn a world of beats and rhythm\nWhere voices rise and spirits ignite\nA tale of rap, so bold and true\nEmbracing the streets, where dreams take flight\n\n[chorus]\nRap, with its poetic flow, it shines\nMelodies blend with the whispers of time\nA fusion of passion, raw and free\nIn this shanson, rap sings with glee", "style": ["Australian"], "essentia_features": {"lowlevel.average_loudness": 0.9124047756195068, "lowlevel.barkbands_crest.mean": 12.687675476074219, "lowlevel.barkbands_crest.stdev": 4.369853496551514, "lowlevel.barkbands_flatness_db.mean": 0.17140014469623566, "lowlevel.barkbands_flatness_db.stdev": 0.05171733349561691, "lowlevel.barkbands_kurtosis.mean": 10.20242691040039, "lowlevel.barkbands_kurtosis.stdev": 16.680330276489258, "lowlevel.barkbands_skewness.mean": 2.133554220199585, "lowlevel.barkbands_skewness.stdev": 1.8349062204360962, "lowlevel.barkbands_spread.mean": 16.91180419921875, "lowlevel.barkbands_spread.stdev": 13.43497085571289, "lowlevel.dissonance.mean": 0.4460935592651367, "lowlevel.dissonance.stdev": 0.036165643483400345, "lowlevel.dynamic_complexity": 3.2414236068725586, "lowlevel.erbbands_crest.mean": 11.969154357910156, "lowlevel.erbbands_crest.stdev": 5.921890735626221, "lowlevel.erbbands_flatness_db.mean": 0.16150212287902832, "lowlevel.erbbands_flatness_db.stdev": 0.05681924894452095, "lowlevel.erbbands_kurtosis.mean": 2.017667293548584, "lowlevel.erbbands_kurtosis.stdev": 3.9762866497039795, "lowlevel.erbbands_skewness.mean": 0.7837100625038147, "lowlevel.erbbands_skewness.stdev": 1.0175343751907349, "lowlevel.erbbands_spread.mean": 38.366146087646484, "lowlevel.erbbands_spread.stdev": 22.940839767456055, "lowlevel.hfc.mean": 17.35795783996582, "lowlevel.hfc.stdev": 15.60806941986084, "lowlevel.loudness_ebu128.integrated": -14.476957321166992, "lowlevel.loudness_ebu128.loudness_range": 4.077788352966309, "lowlevel.loudness_ebu128.momentary.mean": -14.880435943603516, "lowlevel.loudness_ebu128.momentary.stdev": 1.8565834760665894, "lowlevel.loudness_ebu128.short_term.mean": -14.644311904907227, "lowlevel.loudness_ebu128.short_term.stdev": 1.2435909509658813, "lowlevel.melbands_crest.mean": 17.15727996826172, "lowlevel.melbands_crest.stdev": 5.099841594696045, "lowlevel.melbands_flatness_db.mean": 0.23875778913497925, "lowlevel.melbands_flatness_db.stdev": 0.06408485770225525, "lowlevel.melbands_kurtosis.mean": 25.251876831054688, "lowlevel.melbands_kurtosis.stdev": 37.544532775878906, "lowlevel.melbands_skewness.mean": 3.153628349304199, "lowlevel.melbands_skewness.stdev": 2.6025803089141846, "lowlevel.melbands_spread.mean": 17.20441436767578, "lowlevel.melbands_spread.stdev": 17.19947052001953, "lowlevel.pitch_salience.mean": 0.4404696524143219, "lowlevel.pitch_salience.stdev": 0.12688717246055603, "lowlevel.silence_rate_20dB.mean": 1.0, "lowlevel.silence_rate_20dB.stdev": 0.0, "lowlevel.silence_rate_30dB.mean": 0.9374275803565979, "lowlevel.silence_rate_30dB.stdev": 0.24219049513339996, "lowlevel.silence_rate_60dB.mean": 0.019698726013302803, "lowlevel.silence_rate_60dB.stdev": 0.138961523771286, "lowlevel.spectral_centroid.mean": 1143.469482421875, "lowlevel.spectral_centroid.stdev": 608.5322875976562, "lowlevel.spectral_complexity.mean": 11.085747718811035, "lowlevel.spectral_complexity.stdev": 4.6043548583984375, "lowlevel.spectral_decrease.mean": -8.84284290236792e-09, "lowlevel.spectral_decrease.stdev": 9.868014849701012e-09, "lowlevel.spectral_energy.mean": 0.03494933992624283, "lowlevel.spectral_energy.stdev": 0.03794749826192856, "lowlevel.spectral_energyband_high.mean": 0.0003502621839288622, "lowlevel.spectral_energyband_high.stdev": 0.0005579226999543607, "lowlevel.spectral_energyband_low.mean": 0.018425915390253067, "lowlevel.spectral_energyband_low.stdev": 0.034581758081912994, "lowlevel.spectral_energyband_middle_high.mean": 0.00664140097796917, "lowlevel.spectral_energyband_middle_high.stdev": 0.009595760144293308, "lowlevel.spectral_energyband_middle_low.mean": 0.010569358244538307, "lowlevel.spectral_energyband_middle_low.stdev": 0.011341141536831856, "lowlevel.spectral_entropy.mean": 7.411038398742676, "lowlevel.spectral_entropy.stdev": 0.43083974719047546, "lowlevel.spectral_flux.mean": 0.09645458310842514, "lowlevel.spectral_flux.stdev": 0.07120901346206665, "lowlevel.spectral_kurtosis.mean": 4.370595455169678, "lowlevel.spectral_kurtosis.stdev": 1.9686915874481201, "lowlevel.spectral_rms.mean": 0.005210976116359234, "lowlevel.spectral_rms.stdev": 0.0026348927058279514, "lowlevel.spectral_rolloff.mean": 972.07568359375, "lowlevel.spectral_rolloff.stdev": 1220.4775390625, "lowlevel.spectral_skewness.mean": 1.5663928985595703, "lowlevel.spectral_skewness.stdev": 0.35236236453056335, "lowlevel.spectral_spread.mean": 4801532.0, "lowlevel.spectral_spread.stdev": 1562015.125, "lowlevel.spectral_strongpeak.mean": 1.4329888820648193, "lowlevel.spectral_strongpeak.stdev": 1.8154515027999878, "lowlevel.zerocrossingrate.mean": 0.04750557988882065, "lowlevel.zerocrossingrate.stdev": 0.03352227807044983, "metadata.audio_properties.analysis.equal_loudness": 0.0, "metadata.audio_properties.analysis.length": 40.04265213012695, "metadata.audio_properties.analysis.sample_rate": 44100.0, "metadata.audio_properties.analysis.start_time": 0.0, "metadata.audio_properties.bit_rate": 118893.0, "metadata.audio_properties.length": 40.042667388916016, "metadata.audio_properties.lossless": 0.0, "metadata.audio_properties.number_channels": 1.0, "metadata.audio_properties.replay_gain": -12.302858352661133, "metadata.audio_properties.sample_rate": 48000.0, "rhythm.beats_count": 82.0, "rhythm.beats_loudness.mean": 0.0671033188700676, "rhythm.beats_loudness.stdev": 0.03518081456422806, "rhythm.bpm": 122.97525024414062, "rhythm.bpm_histogram_first_peak_bpm": 123.0, "rhythm.bpm_histogram_first_peak_weight": 0.07894736528396606, "rhythm.bpm_histogram_second_peak_bpm": 129.0, "rhythm.bpm_histogram_second_peak_spread": 0.5, "rhythm.bpm_histogram_second_peak_weight": 0.02469135820865631, "rhythm.danceability": 1.2730441093444824, "rhythm.onset_rate": 5.29279899597168, "tonal.chords_changes_rate": 0.032407406717538834, "tonal.chords_number_rate": 0.010416666977107525, "tonal.chords_strength.mean": 0.5867394804954529, "tonal.chords_strength.stdev": 0.08775327354669571, "tonal.hpcp_crest.mean": 15.328703880310059, "tonal.hpcp_crest.stdev": 7.558211803436279, "tonal.hpcp_entropy.mean": 1.7614041566848755, "tonal.hpcp_entropy.stdev": 0.7398083209991455, "tonal.key_edma.strength": 0.7502989768981934, "tonal.key_krumhansl.strength": 0.7639175057411194, "tonal.key_temperley.strength": 0.7754791975021362, "tonal.tuning_diatonic_strength": 0.6199181079864502, "tonal.tuning_equal_tempered_deviation": 0.06596726924180984, "tonal.tuning_frequency": 440.5086364746094, "tonal.tuning_nontempered_energy_ratio": 0.7272163033485413, "lowlevel.barkbands.mean": [0.0001363429328193888, 0.012588419020175934, 0.005464209709316492, 0.0003756394435185939, 0.0021753625478595495, 0.001575206988491118, 0.0008718890021555126, 0.0006138744065538049, 0.0032171164639294147, 0.0027743512764573097, 0.0021279817447066307, 0.0012412016512826085, 0.00015797241940163076, 0.00027913672965951264, 0.00015822442946955562, 0.00015925287152640522, 0.0001598944654688239, 0.00015992762928362936, 0.00023373022850137204, 0.00018901770818047225, 5.733366924687289e-05, 6.371584458975121e-05, 5.998761480441317e-05, 5.281462654238567e-05, 3.640436625573784e-05, 1.9946417523897253e-05, 4.116438958590152e-07], "lowlevel.barkbands.stdev": [0.00044046540278941393, 0.026725895702838898, 0.010710222646594048, 0.0009858260164037347, 0.0034897068981081247, 0.004387340974062681, 0.002547682961449027, 0.0016140774823725224, 0.0075026643462479115, 0.008044094778597355, 0.005762085318565369, 0.003322248812764883, 0.0004480219795368612, 0.0008132326183840632, 0.0004435306182131171, 0.0003310205356683582, 0.0003219980571884662, 0.0003324537829030305, 0.0003605662495829165, 0.0002561542496550828, 8.471492037642747e-05, 0.00019859096209984273, 0.00015704044199083, 0.00010009004472522065, 7.80970003688708e-05, 3.160120468237437e-05, 1.056780433827953e-06], "lowlevel.erbbands.mean": [0.21362653374671936, 3.290949821472168, 7.5569915771484375, 2.989882469177246, 2.1739447116851807, 9.25854778289795, 14.222243309020996, 11.798721313476562, 9.639922142028809, 14.296642303466797, 17.16366195678711, 88.61262512207031, 104.85075378417969, 65.11834716796875, 87.3543472290039, 53.273746490478516, 9.618085861206055, 14.332890510559082, 11.15103816986084, 6.9928178787231445, 9.448236465454102, 7.690789699554443, 7.657866954803467, 13.264486312866211, 10.581009864807129, 8.780290603637695, 3.3702099323272705, 1.8779670000076294, 2.360494375228882, 2.197115659713745, 1.5331836938858032, 1.2068818807601929, 0.8117977976799011, 0.47306230664253235, 0.21987611055374146, 0.09807216376066208, 0.03466146066784859, 0.004820011090487242, 0.00011183859169250354, 4.366476059658453e-05], "lowlevel.erbbands.stdev": [0.5302869081497192, 6.800818920135498, 14.320701599121094, 5.854973793029785, 3.574615955352783, 16.688968658447266, 30.914796829223633, 46.6052360534668, 22.579418182373047, 38.332767486572266, 37.49155807495117, 212.92364501953125, 305.6142578125, 160.8268585205078, 212.1554718017578, 148.68893432617188, 18.699426651000977, 44.74881362915039, 29.528369903564453, 13.897162437438965, 15.395952224731445, 14.760875701904297, 16.11132049560547, 22.935850143432617, 14.791170120239258, 11.963624954223633, 3.931941270828247, 3.7093493938446045, 7.489137172698975, 7.0668721199035645, 3.8062644004821777, 2.2841603755950928, 1.6932471990585327, 1.0866280794143677, 0.4426072835922241, 0.17366836965084076, 0.054629936814308167, 0.007528502959758043, 0.00014742024359293282, 4.188776438240893e-05], "lowlevel.gfcc.mean": [-13.21117877960205, 90.21391296386719, -102.19622802734375, 32.75608444213867, -53.49989318847656, 18.886886596679688, -26.139522552490234, 22.37486457824707, -28.651790618896484, 1.2507765293121338, -14.750288963317871, 2.675586223602295, -9.34497356414795], "lowlevel.melbands.mean": [0.0027810530737042427, 0.00406709173694253, 0.0005046490114182234, 0.0004023329820483923, 0.00048664159839972854, 0.00025939830811694264, 0.0001699730783002451, 0.00014760617341380566, 0.0001286036567762494, 0.0006074082921259105, 0.000502511509694159, 0.00024310697335749865, 0.000255605234997347, 0.00020986016897950321, 4.885252928943373e-05, 2.0214676624163985e-05, 2.6624653401086107e-05, 1.8534530681790784e-05, 1.003677516564494e-05, 1.0944064342766069e-05, 1.1499634638312273e-05, 8.614722901256755e-06, 6.012350695527857e-06, 8.32137720863102e-06, 1.1147848454129416e-05, 7.89773457654519e-06, 8.028971024032217e-06, 5.035322374169482e-06, 2.3115917429095134e-06, 1.3046598041910329e-06, 9.703866226118407e-07, 1.3587491594080348e-06, 1.234382239090337e-06, 1.2382406566757709e-06, 8.853013468979043e-07, 7.777440487188869e-07, 7.282676506292773e-07, 5.940629534961772e-07, 4.77315779789933e-07, 3.7353657944549923e-07], "lowlevel.melbands.stdev": [0.006193140055984259, 0.0075604962185025215, 0.0009289736626669765, 0.0007070996798574924, 0.0009334225323982537, 0.000935024640057236, 0.0004232092760503292, 0.00037275959039106965, 0.0002970438217744231, 0.0014527367893606424, 0.001518798409961164, 0.000632528739515692, 0.0006381595158018172, 0.00046494946582242846, 0.00015380325203295797, 6.108496017986909e-05, 8.204904588637874e-05, 5.303416037349962e-05, 2.486141602275893e-05, 2.8955324523849413e-05, 1.957071253855247e-05, 1.6318890629918315e-05, 1.6146566849783994e-05, 1.904552300402429e-05, 2.052005766017828e-05, 1.2701147170446347e-05, 1.1925485523534007e-05, 6.761764780094381e-06, 2.969993829537998e-06, 2.0029358438478084e-06, 2.2746430659026373e-06, 4.387100489111617e-06, 4.37691414845176e-06, 3.92112724512117e-06, 2.3722047899354948e-06, 1.6522744772373699e-06, 1.3581349094238249e-06, 1.2045378525726846e-06, 1.1153865671076346e-06, 8.681999474902113e-07], "lowlevel.melbands128.mean": [0.00011499744869070128, 0.0010536389891058207, 0.003842992475256324, 0.0061718495562672615, 0.004910299554467201, 0.0021653054282069206, 0.0005472124903462827, 0.00014707051741424948, 0.00013442565978039056, 0.0004342429747339338, 0.0005764957168139517, 0.0004932488081976771, 0.0005873357295058668, 0.00029573144274763763, 0.0002797993365675211, 0.0002488770114723593, 8.962479478213936e-05, 0.00015041309234220535, 0.0002921317354775965, 0.00013827024667989463, 8.716329466551542e-05, 0.00012390910706017166, 0.00014733572606928647, 7.439856562996283e-05, 0.0005784821696579456, 0.0009307705913670361, 0.0004015365557279438, 0.0007253194344229996, 0.0002370730508118868, 0.00021327269496396184, 0.00030882772989571095, 0.00018582089978735894, 0.00013699816190637648, 0.0005056243971921504, 0.0001505470572737977, 0.00019921157218050212, 0.00014670455129817128, 1.4716652913193684e-05, 1.2664471796597354e-05, 1.2795161637768615e-05, 1.708855779725127e-05, 3.9253915019799024e-05, 2.6629048079485074e-05, 2.1560848836088553e-05, 2.1250043573672883e-05, 1.62692776939366e-05, 1.9946330212405883e-05, 9.401145689480472e-06, 5.958620022283867e-06, 7.640747753612231e-06, 1.4447527064476162e-05, 1.0941198524960782e-05, 8.513576176483184e-06, 1.3721958566748071e-05, 1.4058892702450976e-05, 5.995118044666015e-06, 6.311392553470796e-06, 7.088887286954559e-06, 5.2079012675676495e-06, 5.27535439687199e-06, 8.558652552892454e-06, 9.244807188224513e-06, 1.3941335964773316e-05, 1.1769069715228397e-05, 7.078714133967878e-06, 8.400230399274733e-06, 8.566787982999813e-06, 4.08884943681187e-06, 1.0692120667954441e-05, 9.687043529993389e-06, 3.87180853067548e-06, 3.6662813727161847e-06, 2.6808831989910686e-06, 2.2145015918795252e-06, 1.6123715340654599e-06, 1.335889919573674e-06, 1.23361564874358e-06, 9.250174457520188e-07, 9.338868949271273e-07, 9.38778612180613e-07, 1.334691319243575e-06, 1.6948660004345584e-06, 1.1187017889824347e-06, 1.2570375247378252e-06, 1.194832520923228e-06, 1.2639947044590372e-06, 1.3199045270084753e-06, 1.0588156555968453e-06, 7.998025921551744e-07, 8.033265999074501e-07, 8.427635407315393e-07, 7.339010608120589e-07, 7.301611049115309e-07, 7.690335905863321e-07, 6.85090867591498e-07, 7.000834898462927e-07, 5.197160248826549e-07, 5.324902758729877e-07, 4.910189090878703e-07, 4.661347929868498e-07, 3.8986635786386614e-07, 3.933892287477647e-07, 2.986195966059313e-07, 2.619020165184338e-07, 2.2408356414871378e-07, 2.3645233682145772e-07, 2.2708034919105557e-07, 1.9020127695057454e-07, 1.6428711546723207e-07, 1.459736438391701e-07, 1.1990159975994175e-07, 1.308103207975364e-07, 1.1151711731827163e-07, 9.423889224535742e-08, 8.2168433834795e-08, 6.295049104210193e-08, 1.6640379740806566e-08, 1.0527719807029712e-09, 2.5045068449691676e-11, 5.4826200003577075e-12, 5.337482626016632e-12, 5.227456488510196e-12, 5.113530258948895e-12, 5.0203821135019755e-12, 4.919744299447526e-12, 4.809431498886685e-12, 4.740781552048379e-12, 4.710831551235639e-12], "lowlevel.melbands128.stdev": [0.00042027613380923867, 0.003238356439396739, 0.00923248566687107, 0.012775029987096786, 0.009393969550728798, 0.004212190397083759, 0.001183129264973104, 0.00040202002855949104, 0.0002874181082006544, 0.0008770500426180661, 0.0012044308241456747, 0.0011514618527144194, 0.0014747371897101402, 0.0008681435137987137, 0.001337521243840456, 0.0012972004478797317, 0.00029440101934596896, 0.00045008017332293093, 0.0010448634857311845, 0.00044530522427521646, 0.00037966074887663126, 0.00038636941462755203, 0.00046981850755400956, 0.0002441008109599352, 0.001574332476593554, 0.002549009397625923, 0.0013074371963739395, 0.002924199914559722, 0.0009092839318327606, 0.0006939848535694182, 0.001101005938835442, 0.0009333710186183453, 0.00042503708391450346, 0.0015194257721304893, 0.00047588636516593397, 0.0007754558464512229, 0.000551291392184794, 6.739079253748059e-05, 6.295229832176119e-05, 3.6013218050356954e-05, 4.7284607717301697e-05, 0.00022292409266810864, 0.00010712216317187995, 8.11901772976853e-05, 9.470693476032466e-05, 7.884183287387714e-05, 7.389132952084765e-05, 3.7669033190468326e-05, 1.389183489663992e-05, 2.4701970687601715e-05, 5.3845273214392364e-05, 3.083115370827727e-05, 1.8680124412639998e-05, 3.2188188924919814e-05, 3.46937267750036e-05, 1.4301162082119845e-05, 2.4942413801909424e-05, 2.7030504497815855e-05, 1.9659422832774e-05, 1.3668428437085822e-05, 3.2896710763452575e-05, 2.4883009245968424e-05, 3.3655756851658225e-05, 2.7352463803254068e-05, 1.5334710042225197e-05, 1.7642199964029714e-05, 1.9677856471389532e-05, 5.9945659813820384e-06, 2.138648778782226e-05, 1.9880664694937877e-05, 7.037494015094126e-06, 5.958911970083136e-06, 4.721641289506806e-06, 3.4311970011913218e-06, 2.4183379991882248e-06, 2.1981115878588753e-06, 2.378804083491559e-06, 1.9181063635187456e-06, 2.640709681145381e-06, 2.7567616598389577e-06, 4.1242064980906434e-06, 6.6531601987662725e-06, 3.746718903130386e-06, 5.018775027565425e-06, 4.443236775841797e-06, 5.3510393627220765e-06, 3.6728984014189336e-06, 3.274587470514234e-06, 2.330333018107922e-06, 2.154624326067278e-06, 2.046740974037675e-06, 1.5998642766135163e-06, 1.4606645208914415e-06, 1.6674865719323861e-06, 1.3264458402773016e-06, 1.2805204505639267e-06, 1.2506527582445415e-06, 1.5637464230167097e-06, 1.0783206789710675e-06, 1.1315937626932282e-06, 1.1399331469874596e-06, 8.462029086331313e-07, 7.179182830441277e-07, 6.904306246724445e-07, 4.5014627403361374e-07, 4.880338906332327e-07, 4.7274926373575e-07, 3.672905677376548e-07, 3.228865068649611e-07, 2.6484516979508044e-07, 2.584955041129433e-07, 2.3401946691592457e-07, 1.8947099533761502e-07, 1.6128743141052837e-07, 1.3136146037595609e-07, 1.1244507902574696e-07, 3.75514623840445e-08, 4.034692135945761e-09, 5.770409705618817e-10, 8.736913970075477e-12, 8.516734192887121e-12, 8.329644266003022e-12, 8.158750584852381e-12, 8.015001856653825e-12, 7.895586094652796e-12, 7.800896213716602e-12, 7.732146520278427e-12, 7.689750745887292e-12], "lowlevel.mfcc.mean": [-662.7354736328125, 121.96588134765625, 10.06485366821289, 25.575769424438477, 4.147671222686768, 0.6598048210144043, 13.738924026489258, 13.077563285827637, 2.8832554817199707, 7.275305271148682, -5.377557277679443, -2.4821736812591553, 3.788774013519287], "lowlevel.spectral_contrast_coeffs.mean": [-0.7046375870704651, -0.7167554497718811, -0.706966757774353, -0.8003571629524231, -0.7895359396934509, -0.7780658602714539], "lowlevel.spectral_contrast_coeffs.stdev": [0.07018627226352692, 0.0906248688697815, 0.11553525924682617, 0.052975550293922424, 0.04758153110742569, 0.033563774079084396], "lowlevel.spectral_contrast_valleys.mean": [-6.790712833404541, -7.320542335510254, -7.742231845855713, -8.045441627502441, -7.749168872833252, -10.480361938476562], "lowlevel.spectral_contrast_valleys.stdev": [0.8298143148422241, 0.749986469745636, 0.7449555993080139, 0.6818698048591614, 0.7065615653991699, 0.8062395453453064], "rhythm.beats_loudness_band_ratio.mean": [0.6924834251403809, 0.10085785388946533, 0.11272723227739334, 0.07399385422468185, 0.022054580971598625, 0.01083458587527275], "rhythm.beats_loudness_band_ratio.stdev": [0.2201572060585022, 0.14373663067817688, 0.13878193497657776, 0.10535819083452225, 0.03738928213715553, 0.01174270547926426], "tonal.hpcp.mean": [0.15051139891147614, 0.13405512273311615, 0.1750635951757431, 0.23752634227275848, 0.146264910697937, 0.04273199662566185, 0.04005279392004013, 0.03773763030767441, 0.06923884898424149, 0.10782700777053833, 0.07682940363883972, 0.04808702692389488, 0.05078276991844177, 0.05359295383095741, 0.1242496445775032, 0.19058188796043396, 0.16690310835838318, 0.15502740442752838, 0.1357496976852417, 0.09008003771305084, 0.07391379773616791, 0.07283752411603928, 0.07126454263925552, 0.12784920632839203, 0.18126524984836578, 0.12789762020111084, 0.07987008988857269, 0.07598499953746796, 0.07426556944847107, 0.10940983891487122, 0.12574346363544464, 0.08931196480989456, 0.07018192857503891, 0.07256809622049332, 0.08429206162691116, 0.1233365386724472], "tonal.hpcp.stdev": [0.27039167284965515, 0.23603455722332, 0.24743787944316864, 0.3209777772426605, 0.23167088627815247, 0.1251746118068695, 0.15118354558944702, 0.1295005828142166, 0.1587972491979599, 0.22989679872989655, 0.17153501510620117, 0.15736661851406097, 0.16134347021579742, 0.1602298766374588, 0.21885742247104645, 0.2926972210407257, 0.2598668932914734, 0.29754331707954407, 0.28234511613845825, 0.2291593998670578, 0.1998455673456192, 0.19492030143737793, 0.1912199854850769, 0.2550743818283081, 0.3268377184867859, 0.2512872815132141, 0.20746596157550812, 0.2108064740896225, 0.18990229070186615, 0.23603102564811707, 0.26553329825401306, 0.20865967869758606, 0.18935692310333252, 0.1904265284538269, 0.20682863891124725, 0.23684433102607727], "rhythm.beats_position": [0.4411791265010834, 0.8939682245254517, 1.3467572927474976, 1.7879364490509033, 2.252335548400879, 2.739954710006714, 3.2275736331939697, 3.7151927947998047, 4.2028117179870605, 4.690430641174316, 5.178049564361572, 5.665668964385986, 6.153287887573242, 6.640906810760498, 7.128525733947754, 7.616145133972168, 8.103763580322266, 8.59138298034668, 9.079002380371094, 9.566620826721191, 10.054240226745605, 10.54185962677002, 11.029478073120117, 11.517097473144531, 12.004715919494629, 12.492335319519043, 12.979954719543457, 13.467573165893555, 13.955192565917969, 14.442811965942383, 14.93043041229248, 15.418049812316895, 15.905668258666992, 16.393287658691406, 16.88090705871582, 17.368526458740234, 17.856143951416016, 18.34376335144043, 18.831382751464844, 19.319002151489258, 19.806621551513672, 20.294239044189453, 20.781858444213867, 21.26947784423828, 21.757097244262695, 22.24471664428711, 22.732336044311523, 23.219953536987305, 23.70757293701172, 24.195192337036133, 24.682811737060547, 25.17043113708496, 25.658048629760742, 26.145668029785156, 26.61006736755371, 27.097686767578125, 27.58530616760254, 28.072925567626953, 28.572153091430664, 29.071382522583008, 29.559001922607422, 30.046621322631836, 30.53424072265625, 31.02185821533203, 31.509477615356445, 31.99709701538086, 32.48471450805664, 32.97233581542969, 33.45995330810547, 33.947574615478516, 34.423583984375, 34.92280960083008, 35.39881896972656, 35.898048400878906, 36.38566970825195, 36.873287200927734, 37.360904693603516, 37.84852600097656, 38.336143493652344, 38.82376480102539, 39.31138229370117, 39.79899978637695], "rhythm.bpm_histogram": [0.0, 0.0, 0.0, 0.0, 0.0, 0.0, 0.0, 0.0, 0.0, 0.0, 0.0, 0.0, 0.0, 0.0, 0.0, 0.0, 0.0, 0.0, 0.0, 0.0, 0.0, 0.0, 0.0, 0.0, 0.0, 0.0, 0.0, 0.0, 0.0, 0.0, 0.0, 0.0, 0.0, 0.0, 0.0, 0.0, 0.0, 0.0, 0.0, 0.0, 0.0, 0.0, 0.0, 0.0, 0.0, 0.0, 0.0, 0.0, 0.0, 0.0, 0.0, 0.0, 0.0, 0.0, 0.0, 0.0, 0.0, 0.0, 0.0, 0.0, 0.0, 0.0, 0.0, 0.0, 0.0, 0.0, 0.0, 0.0, 0.0, 0.0, 0.0, 0.0, 0.0, 0.0, 0.0, 0.0, 0.0, 0.0, 0.0, 0.0, 0.0, 0.0, 0.0, 0.0, 0.0, 0.0, 0.0, 0.0, 0.0, 0.0, 0.0, 0.0, 0.0, 0.0, 0.0, 0.0, 0.0, 0.0, 0.0, 0.0, 0.0, 0.0, 0.0, 0.0, 0.0, 0.0, 0.0, 0.0, 0.0, 0.0, 0.0, 0.0, 0.0, 0.0, 0.0, 0.0, 0.0, 0.0, 0.0, 0.0, 0.04938271641731262, 0.0, 0.0, 0.8641975522041321, 0.0, 0.0, 0.02469135820865631, 0.0, 0.0, 0.02469135820865631, 0.0, 0.0, 0.0, 0.02469135820865631, 0.0, 0.0, 0.012345679104328156, 0.0, 0.0, 0.0, 0.0, 0.0, 0.0, 0.0, 0.0, 0.0, 0.0, 0.0, 0.0, 0.0, 0.0, 0.0, 0.0, 0.0, 0.0, 0.0, 0.0, 0.0, 0.0, 0.0, 0.0, 0.0, 0.0, 0.0, 0.0, 0.0, 0.0, 0.0, 0.0, 0.0, 0.0, 0.0, 0.0, 0.0, 0.0, 0.0, 0.0, 0.0, 0.0, 0.0, 0.0, 0.0, 0.0, 0.0, 0.0, 0.0, 0.0, 0.0, 0.0, 0.0, 0.0, 0.0, 0.0, 0.0, 0.0, 0.0, 0.0, 0.0, 0.0, 0.0, 0.0, 0.0, 0.0, 0.0, 0.0, 0.0, 0.0, 0.0, 0.0, 0.0, 0.0, 0.0, 0.0, 0.0, 0.0, 0.0, 0.0, 0.0, 0.0, 0.0, 0.0, 0.0, 0.0, 0.0, 0.0, 0.0, 0.0, 0.0, 0.0, 0.0, 0.0, 0.0, 0.0, 0.0, 0.0, 0.0, 0.0, 0.0, 0.0, 0.0, 0.0, 0.0, 0.0, 0.0, 0.0, 0.0, 0.0, 0.0, 0.0, 0.0], "tonal.chords_histogram": [50.578704833984375, 10.416666984558105, 0.0, 1.3888888359069824, 0.11574073880910873, 0.0, 0.0, 0.0, 16.782407760620117, 2.430555582046509, 3.472222328186035, 0.0, 0.0, 0.0, 0.0, 0.0, 0.0, 1.6203703880310059, 0.0, 0.0, 0.11574073880910873, 3.472222328186035, 0.8101851940155029, 8.796296119689941], "tonal.thpcp": [1.0, 0.6157839298248291, 0.17990423738956451, 0.1686246395111084, 0.1588776707649231, 0.29149967432022095, 0.45395809412002563, 0.323456346988678, 0.202449232339859, 0.21379847824573517, 0.225629523396492, 0.523098349571228, 0.8023610711097717, 0.702672004699707, 0.6526745557785034, 0.5715143084526062, 0.37924230098724365, 0.3111814856529236, 0.306650310754776, 0.3000279664993286, 0.5382527709007263, 0.7631374597549438, 0.5384565591812134, 0.33625781536102295, 0.31990134716033936, 0.3126624524593353, 0.4606219232082367, 0.5293874740600586, 0.37600865960121155, 0.29547008872032166, 0.30551600456237793, 0.3548745810985565, 0.5192541480064392, 0.6336619257926941, 0.5643800497055054, 0.7370281219482422], "lowlevel.gfcc.cov": [[3340.103759765625, 21.509340286254883, -256.577880859375, -174.1616973876953, -168.20811462402344, 150.12820434570312, 312.130615234375, 209.13980102539062, -50.90076446533203, -20.749622344970703, 111.47909545898438, -23.067546844482422, 30.62639045715332], [21.509340286254883, 703.7282104492188, -26.381160736083984, 12.068686485290527, 218.2938995361328, -117.4021987915039, 64.05188751220703, -18.00567054748535, 49.209835052490234, -30.26592254638672, 66.65979766845703, -91.39420318603516, 59.87264633178711], [-256.577880859375, -26.381160736083984, 579.871337890625, 297.5539245605469, 160.38418579101562, 10.3998441696167, -184.66311645507812, -64.91539001464844, 119.2124252319336, 54.14600372314453, -72.72045135498047, 72.89141082763672, -47.759559631347656], [-174.1616973876953, 12.068686485290527, 297.5539245605469, 454.5859375, 220.76768493652344, -63.55610656738281, -202.69581604003906, -57.06580352783203, 141.84881591796875, 35.05748748779297, -53.68714141845703, 28.43415069580078, -22.057767868041992], [-168.20811462402344, 218.2938995361328, 160.38418579101562, 220.76768493652344, 370.38323974609375, -11.458192825317383, -68.41376495361328, -34.085453033447266, 88.6242446899414, 34.4620475769043, -22.007856369018555, -28.263208389282227, -12.296797752380371], [150.12820434570312, -117.4021987915039, 10.3998441696167, -63.55610656738281, -11.458192825317383, 268.2428283691406, 147.73764038085938, 3.6921956539154053, -37.91267395019531, 8.007868766784668, 1.8084810972213745, -12.374089241027832, -9.936781883239746], [312.130615234375, 64.05188751220703, -184.66311645507812, -202.69581604003906, -68.41376495361328, 147.73764038085938, 395.6215515136719, 146.81382751464844, -84.10619354248047, -49.094871520996094, 86.54396057128906, -30.331281661987305, 37.317787170410156], [209.13980102539062, -18.00567054748535, -64.91539001464844, -57.06580352783203, -34.085453033447266, 3.6921956539154053, 146.81382751464844, 185.3374786376953, 25.334461212158203, -25.706497192382812, 26.334150314331055, -5.402256011962891, 17.25170135498047], [-50.90076446533203, 49.209835052490234, 119.2124252319336, 141.84881591796875, 88.6242446899414, -37.91267395019531, -84.10619354248047, 25.334461212158203, 157.29763793945312, 45.308349609375, -19.022525787353516, 0.5820397734642029, -16.233047485351562], [-20.749622344970703, -30.26592254638672, 54.14600372314453, 35.05748748779297, 34.4620475769043, 8.007868766784668, -49.094871520996094, -25.706497192382812, 45.308349609375, 89.91162872314453, 16.366073608398438, 15.306546211242676, -25.30398941040039], [111.47909545898438, 66.65979766845703, -72.72045135498047, -53.68714141845703, -22.007856369018555, 1.8084810972213745, 86.54396057128906, 26.334150314331055, -19.022525787353516, 16.366073608398438, 112.25265502929688, 14.240674018859863, 18.75000762939453], [-23.067546844482422, -91.39420318603516, 72.89141082763672, 28.43415069580078, -28.263208389282227, -12.374089241027832, -30.331281661987305, -5.402256011962891, 0.5820397734642029, 15.306546211242676, 14.240674018859863, 87.06108093261719, 13.003894805908203], [30.62639045715332, 59.87264633178711, -47.759559631347656, -22.057767868041992, -12.296797752380371, -9.936781883239746, 37.317787170410156, 17.25170135498047, -16.233047485351562, -25.30398941040039, 18.75000762939453, 13.003894805908203, 79.65643310546875]], "lowlevel.gfcc.icov": [[0.0003551855916157365, -0.00019981819787062705, 0.0001475781318731606, -0.0001886088284663856, 0.00024643089273013175, -0.0003389616322237998, 0.00010124300024472177, -0.0005157524137757719, 0.00021327567810658365, -0.00019527789845597, -7.390169776044786e-05, -0.00011661087773973122, 0.00012777360097970814], [-0.00019981819787062705, 0.0045748199336230755, -0.0013145941775292158, 0.0018020895076915622, -0.0026902835816144943, 0.0033398561645299196, -0.0023694178089499474, 0.003735473146662116, -0.003116946667432785, 0.002484297612681985, -0.003100230125710368, 0.004846807569265366, -0.0032561144325882196], [0.0001475781318731606, -0.0013145941775292158, 0.0039695268496870995, -0.001797206699848175, 0.00017679946904536337, -0.0018570738611742854, 0.0008940909174270928, -0.000819258508272469, -0.0001701365690678358, -0.0005925449077039957, 0.00215868535451591, -0.004628446418792009, 0.0023924577981233597], [-0.0001886088284663856, 0.0018020895076915622, -0.001797206699848175, 0.006103821098804474, -0.0031026166398078203, 0.001428088522516191, 0.00030483727459795773, 0.0020897318609058857, -0.003991324920207262, 0.002900694264099002, -0.0014703113120049238, 0.0007255233940668404, -0.0012298320652917027], [0.00024643089273013175, -0.0026902835816144943, 0.00017679946904536337, -0.0031026166398078203, 0.0061356667429208755, -0.001761827850714326, 0.0005246887449175119, -0.0015874244272708893, 0.0013522907393053174, -0.0028107985854148865, 0.0016560847871005535, -1.891046849777922e-06, 0.0009927917271852493], [-0.0003389616322237998, 0.0033398561645299196, -0.0018570738611742854, 0.001428088522516191, -0.001761827850714326, 0.008807409554719925, -0.006048992276191711, 0.005220005754381418, -0.0020064758136868477, -0.0005139574641361833, 0.0003536827862262726, 0.003720407374203205, -0.0018307584105059505], [0.00010124300024472177, -0.0023694178089499474, 0.0008940909174270928, 0.00030483727459795773, 0.0005246887449175119, -0.006048992276191711, 0.010374486446380615, -0.007979746907949448, 0.0042641982436180115, 0.0010426212102174759, -0.003351486288011074, -0.000639597768895328, 0.0006503540207631886], [-0.0005157524137757719, 0.003735473146662116, -0.000819258508272469, 0.0020897318609058857, -0.0015874244272708893, 0.005220005754381418, -0.007979746907949448, 0.014834740199148655, -0.008750824257731438, 0.004558529704809189, -0.0010132389143109322, 0.0018756936769932508, -0.0019932410214096308], [0.00021327567810658365, -0.003116946667432785, -0.0001701365690678358, -0.003991324920207262, 0.0013522907393053174, -0.0020064758136868477, 0.0042641982436180115, -0.008750824257731438, 0.01636500284075737, -0.00828921515494585, 0.0024811741895973682, 0.00011841719242511317, 0.0010079714702442288], [-0.00019527789845597, 0.002484297612681985, -0.0005925449077039957, 0.002900694264099002, -0.0028107985854148865, -0.0005139574641361833, 0.0010426212102174759, 0.004558529704809189, -0.00828921515494585, 0.020908726379275322, -0.0076044886372983456, -0.0011508404277265072, 0.003612580941990018], [-7.390169776044786e-05, -0.003100230125710368, 0.00215868535451591, -0.0014703113120049238, 0.0016560847871005535, 0.0003536827862262726, -0.003351486288011074, -0.0010132389143109322, 0.0024811741895973682, -0.0076044886372983456, 0.016957590356469154, -0.006777903530746698, 0.0005400049267336726], [-0.00011661087773973122, 0.004846807569265366, -0.004628446418792009, 0.0007255233940668404, -1.891046849777922e-06, 0.003720407374203205, -0.000639597768895328, 0.0018756936769932508, 0.00011841719242511317, -0.0011508404277265072, -0.006777903530746698, 0.02315945364534855, -0.008341947570443153], [0.00012777360097970814, -0.0032561144325882196, 0.0023924577981233597, -0.0012298320652917027, 0.0009927917271852493, -0.0018307584105059505, 0.0006503540207631886, -0.0019932410214096308, 0.0010079714702442288, 0.003612580941990018, 0.0005400049267336726, -0.008341947570443153, 0.01868569105863571]], "lowlevel.mfcc.cov": [[2752.8642578125, -13.446693420410156, -168.07025146484375, -215.25291442871094, -326.7573547363281, -128.4418182373047, 253.9481201171875, 157.2203826904297, 30.137340545654297, 150.75547790527344, 34.840057373046875, -51.43741989135742, 9.515894889831543], [-13.446693420410156, 686.8008422851562, -148.92654418945312, 86.93074035644531, 60.139801025390625, -29.285531997680664, 83.45523834228516, -21.9849910736084, 11.61418628692627, 59.782657623291016, -20.029048919677734, 13.206694602966309, 4.165694713592529], [-168.07025146484375, -148.92654418945312, 407.777099609375, 84.49545288085938, 112.93527221679688, 99.03768920898438, -117.23129272460938, 9.610262870788574, 15.521565437316895, -55.18640899658203, 30.147525787353516, 37.49579620361328, 18.448322296142578], [-215.25291442871094, 86.93074035644531, 84.49545288085938, 436.7098083496094, 313.84539794921875, 20.647518157958984, -154.26031494140625, -36.783538818359375, 22.302005767822266, -41.99067306518555, 23.498374938964844, 88.41397094726562, 19.72306251525879], [-326.7573547363281, 60.139801025390625, 112.93527221679688, 313.84539794921875, 474.78387451171875, 142.927734375, -200.63258361816406, -87.1914291381836, 18.416763305664062, -28.040557861328125, 43.841983795166016, 77.38507080078125, -10.823688507080078], [-128.4418182373047, -29.285531997680664, 99.03768920898438, 20.647518157958984, 142.927734375, 270.0658264160156, -1.8053405284881592, -36.43727111816406, -4.249680042266846, -6.0205254554748535, 43.17121505737305, 5.971712112426758, -19.327796936035156], [253.9481201171875, 83.45523834228516, -117.23129272460938, -154.26031494140625, -200.63258361816406, -1.8053405284881592, 313.79815673828125, 118.3937759399414, 18.04132652282715, 69.71143341064453, -22.022432327270508, -38.18710708618164, 16.694610595703125], [157.2203826904297, -21.9849910736084, 9.610262870788574, -36.783538818359375, -87.1914291381836, -36.43727111816406, 118.3937759399414, 156.43115234375, 68.29756927490234, 35.531795501708984, -6.535296440124512, -5.871918201446533, 16.628190994262695], [30.137340545654297, 11.61418628692627, 15.521565437316895, 22.302005767822266, 18.416763305664062, -4.249680042266846, 18.04132652282715, 68.29756927490234, 115.446533203125, 44.30272674560547, 4.920625686645508, -1.0080283880233765, 8.333085060119629], [150.75547790527344, 59.782657623291016, -55.18640899658203, -41.99067306518555, -28.040557861328125, -6.0205254554748535, 69.71143341064453, 35.531795501708984, 44.30272674560547, 111.14787292480469, 26.702438354492188, -12.912704467773438, -5.017237663269043], [34.840057373046875, -20.029048919677734, 30.147525787353516, 23.498374938964844, 43.841983795166016, 43.17121505737305, -22.022432327270508, -6.535296440124512, 4.920625686645508, 26.702438354492188, 98.58236694335938, 44.156227111816406, -4.587291240692139], [-51.43741989135742, 13.206694602966309, 37.49579620361328, 88.41397094726562, 77.38507080078125, 5.971712112426758, -38.18710708618164, -5.871918201446533, -1.0080283880233765, -12.912704467773438, 44.156227111816406, 119.16816711425781, 51.44394302368164], [9.515894889831543, 4.165694713592529, 18.448322296142578, 19.72306251525879, -10.823688507080078, -19.327796936035156, 16.694610595703125, 16.628190994262695, 8.333085060119629, -5.017237663269043, -4.587291240692139, 51.44394302368164, 91.88172149658203]], "lowlevel.mfcc.icov": [[0.0004376802244223654, 3.913364344043657e-05, 6.87135907355696e-05, -3.4846638300223276e-05, 0.00016718583356123418, 8.906095899874344e-05, -5.524216976482421e-05, -0.0002846204151865095, 0.0002176853158744052, -0.000433946872362867, -0.00025994694442488253, 0.00013115709589328617, -8.329526463057846e-05], [3.913364344043657e-05, 0.0019378891447559, 0.0003518185403663665, -0.0005269941175356507, -0.00035331238177604973, 0.00036126578925177455, -0.0011252445401623845, 0.0011450591264292598, -0.00026720939786173403, -0.0009672957239672542, 0.0007380638271570206, -0.0005101367132738233, 0.00027605818468146026], [6.87135907355696e-05, 0.0003518185403663665, 0.0038325507193803787, -0.000202504190383479, 0.00018742562679108232, -0.0016723222797736526, 0.0019392415415495634, -0.0022373308893293142, 9.395380766363814e-05, 0.0010836214059963822, -0.0006026813061907887, 0.00024261516227852553, -0.0011415464105084538], [-3.4846638300223276e-05, -0.0005269941175356507, -0.000202504190383479, 0.00547768222168088, -0.0037053413689136505, 0.0015048282220959663, 0.0002584221656434238, -0.000832992373034358, -0.00047819485189393163, 0.001656145672313869, -0.00027153108385391533, -0.001154141966253519, -0.0003573651483748108], [0.00016718583356123418, -0.00035331238177604973, 0.00018742562679108232, -0.0037053413689136505, 0.007208219263702631, -0.003558611962944269, 0.0027703375089913607, 0.0005974205560050905, -0.0008831797167658806, -0.0017593330703675747, 0.001213465235196054, -0.002053143922239542, 0.0014396822080016136], [8.906095899874344e-05, 0.00036126578925177455, -0.0016723222797736526, 0.0015048282220959663, -0.003558611962944269, 0.006998785771429539, -0.003683484625071287, 0.0027495180256664753, -0.0008425915730185807, 0.001542945159599185, -0.0028861004393547773, 0.0013484957162290812, 0.000473427411634475], [-5.524216976482421e-05, -0.0011252445401623845, 0.0019392415415495634, 0.0002584221656434238, 0.0027703375089913607, -0.003683484625071287, 0.009630474261939526, -0.00718738092109561, 0.0033086054027080536, -0.0032936178613454103, 0.0017351533751934767, 0.00022341858129948378, -0.0018040736904367805], [-0.0002846204151865095, 0.0011450591264292598, -0.0022373308893293142, -0.000832992373034358, 0.0005974205560050905, 0.0027495180256664753, -0.00718738092109561, 0.016590215265750885, -0.008849943056702614, 0.0012582900235429406, 3.420579741941765e-05, -0.0014195229159668088, 0.0012257009511813