{"song_id": "1183666168159031438", "download": "https://cdn.discordapp.com/attachments/1135903449314238464/1183666168159031438/chirp.mp4?ex=65892a05&amp", "lyrics": "(Chorus)\n\uaca8\uc6b8\ube44\uc758 \ub178\ub798\uac00 \ub4e4\ub824\uc640\n\ub0b4 \ub9c8\uc74c\uc744 \uc801\uc2dc\ub124\n\uc774\ubcc4\uc758 \uc544\ud514\ub3c4 \uc124\ub818\ub3c4\n\ubaa8\ub450 \ub2e4 \uc53b\uaca8 \ub0b4\ub824\uac00", "style": ["POP</span><span>, Acoustic</span><span>, Classic</span><span>, Symphony</span><span>,"], "essentia_features": {"lowlevel.average_loudness": 0.9812020063400269, "lowlevel.barkbands_crest.mean": 16.014850616455078, "lowlevel.barkbands_crest.stdev": 5.309564590454102, "lowlevel.barkbands_flatness_db.mean": 0.2636606693267822, "lowlevel.barkbands_flatness_db.stdev": 0.08791008591651917, "lowlevel.barkbands_kurtosis.mean": 22.391006469726562, "lowlevel.barkbands_kurtosis.stdev": 32.24192428588867, "lowlevel.barkbands_skewness.mean": 3.1656415462493896, "lowlevel.barkbands_skewness.stdev": 2.2291343212127686, "lowlevel.barkbands_spread.mean": 9.746131896972656, "lowlevel.barkbands_spread.stdev": 12.313231468200684, "lowlevel.dissonance.mean": 0.4025781452655792, "lowlevel.dissonance.stdev": 0.053380075842142105, "lowlevel.dynamic_complexity": 1.8892229795455933, "lowlevel.erbbands_crest.mean": 12.032607078552246, "lowlevel.erbbands_crest.stdev": 4.592784881591797, "lowlevel.erbbands_flatness_db.mean": 0.19135236740112305, "lowlevel.erbbands_flatness_db.stdev": 0.05100994184613228, "lowlevel.erbbands_kurtosis.mean": 3.141566038131714, "lowlevel.erbbands_kurtosis.stdev": 3.7912261486053467, "lowlevel.erbbands_skewness.mean": 1.0289931297302246, "lowlevel.erbbands_skewness.stdev": 0.9886811375617981, "lowlevel.erbbands_spread.mean": 30.63307762145996, "lowlevel.erbbands_spread.stdev": 21.80760383605957, "lowlevel.hfc.mean": 20.449562072753906, "lowlevel.hfc.stdev": 14.09921932220459, "lowlevel.loudness_ebu128.integrated": -10.1935396194458, "lowlevel.loudness_ebu128.loudness_range": 0.842625617980957, "lowlevel.loudness_ebu128.momentary.mean": -10.322884559631348, "lowlevel.loudness_ebu128.momentary.stdev": 1.1082651615142822, "lowlevel.loudness_ebu128.short_term.mean": -10.148990631103516, "lowlevel.loudness_ebu128.short_term.stdev": 0.27616313099861145, "lowlevel.melbands_crest.mean": 17.394676208496094, "lowlevel.melbands_crest.stdev": 4.5308098793029785, "lowlevel.melbands_flatness_db.mean": 0.35234761238098145, "lowlevel.melbands_flatness_db.stdev": 0.11044708639383316, "lowlevel.melbands_kurtosis.mean": 36.76144790649414, "lowlevel.melbands_kurtosis.stdev": 49.937408447265625, "lowlevel.melbands_skewness.mean": 3.744976282119751, "lowlevel.melbands_skewness.stdev": 2.3723559379577637, "lowlevel.melbands_spread.mean": 9.749180793762207, "lowlevel.melbands_spread.stdev": 15.830286979675293, "lowlevel.pitch_salience.mean": 0.41300255060195923, "lowlevel.pitch_salience.stdev": 0.15094870328903198, "lowlevel.silence_rate_20dB.mean": 1.0, "lowlevel.silence_rate_20dB.stdev": 0.0, "lowlevel.silence_rate_30dB.mean": 0.6995884776115417, "lowlevel.silence_rate_30dB.stdev": 0.4584377408027649, "lowlevel.silence_rate_60dB.mean": 0.010288066230714321, "lowlevel.silence_rate_60dB.stdev": 0.10090706497430801, "lowlevel.spectral_centroid.mean": 613.559326171875, "lowlevel.spectral_centroid.stdev": 562.98388671875, "lowlevel.spectral_complexity.mean": 10.927983283996582, "lowlevel.spectral_complexity.stdev": 6.321378231048584, "lowlevel.spectral_decrease.mean": -2.0986789195376332e-08, "lowlevel.spectral_decrease.stdev": 1.451335585045399e-08, "lowlevel.spectral_energy.mean": 0.08106387406587601, "lowlevel.spectral_energy.stdev": 0.05512763559818268, "lowlevel.spectral_energyband_high.mean": 0.00046632354496978223, "lowlevel.spectral_energyband_high.stdev": 0.0011658889707177877, "lowlevel.spectral_energyband_low.mean": 0.05808628723025322, "lowlevel.spectral_energyband_low.stdev": 0.0562998503446579, "lowlevel.spectral_energyband_middle_high.mean": 0.003352993167936802, "lowlevel.spectral_energyband_middle_high.stdev": 0.004578950349241495, "lowlevel.spectral_energyband_middle_low.mean": 0.021580923348665237, "lowlevel.spectral_energyband_middle_low.stdev": 0.016965322196483612, "lowlevel.spectral_entropy.mean": 6.651237964630127, "lowlevel.spectral_entropy.stdev": 0.7045634984970093, "lowlevel.spectral_flux.mean": 0.10163071006536484, "lowlevel.spectral_flux.stdev": 0.09520529955625534, "lowlevel.spectral_kurtosis.mean": 11.843597412109375, "lowlevel.spectral_kurtosis.stdev": 17.389354705810547, "lowlevel.spectral_rms.mean": 0.00832903478294611, "lowlevel.spectral_rms.stdev": 0.0031166886910796165, "lowlevel.spectral_rolloff.mean": 619.4120483398438, "lowlevel.spectral_rolloff.stdev": 1133.6773681640625, "lowlevel.spectral_skewness.mean": 2.62853741645813, "lowlevel.spectral_skewness.stdev": 1.3143833875656128, "lowlevel.spectral_spread.mean": 4695408.5, "lowlevel.spectral_spread.stdev": 1944987.75, "lowlevel.spectral_strongpeak.mean": 1.0177782773971558, "lowlevel.spectral_strongpeak.stdev": 0.853361964225769, "lowlevel.zerocrossingrate.mean": 0.02606075629591942, "lowlevel.zerocrossingrate.stdev": 0.029426652938127518, "metadata.audio_properties.analysis.equal_loudness": 0.0, "metadata.audio_properties.analysis.length": 11.242652893066406, "metadata.audio_properties.analysis.sample_rate": 44100.0, "metadata.audio_properties.analysis.start_time": 0.0, "metadata.audio_properties.bit_rate": 121038.0, "metadata.audio_properties.length": 11.242666244506836, "metadata.audio_properties.lossless": 0.0, "metadata.audio_properties.number_channels": 1.0, "metadata.audio_properties.replay_gain": -13.614086151123047, "metadata.audio_properties.sample_rate": 48000.0, "rhythm.beats_count": 25.0, "rhythm.beats_loudness.mean": 0.11222134530544281, "rhythm.beats_loudness.stdev": 0.067751944065094, "rhythm.bpm": 137.22439575195312, "rhythm.bpm_histogram_first_peak_bpm": 136.0, "rhythm.bpm_histogram_first_peak_weight": 0.3333333134651184, "rhythm.bpm_histogram_second_peak_bpm": 144.0, "rhythm.bpm_histogram_second_peak_spread": 0.0, "rhythm.bpm_histogram_second_peak_weight": 0.2083333283662796, "rhythm.danceability": 1.5333070755004883, "rhythm.onset_rate": 3.907055616378784, "tonal.chords_changes_rate": 0.053278688341379166, "tonal.chords_number_rate": 0.028688523918390274, "tonal.chords_strength.mean": 0.49668028950691223, "tonal.chords_strength.stdev": 0.09578757733106613, "tonal.hpcp_crest.mean": 18.299482345581055, "tonal.hpcp_crest.stdev": 8.658363342285156, "tonal.hpcp_entropy.mean": 1.3887624740600586, "tonal.hpcp_entropy.stdev": 0.7590779662132263, "tonal.key_edma.strength": 0.48353785276412964, "tonal.key_krumhansl.strength": 0.4841117560863495, "tonal.key_temperley.strength": 0.4941422939300537, "tonal.tuning_diatonic_strength": 0.608476996421814, "tonal.tuning_equal_tempered_deviation": 0.11963560432195663, "tonal.tuning_frequency": 443.0604248046875, "tonal.tuning_nontempered_energy_ratio": 0.7685908079147339, "lowlevel.barkbands.mean": [0.0002180830342695117, 0.04833820462226868, 0.0073339375667274, 0.004412416834384203, 0.00676500191912055, 0.0031877143774181604, 0.000654307717923075, 0.002460752846673131, 0.0036691080313175917, 0.0008169350912794471, 0.0006173173896968365, 0.00020309153478592634, 0.0007519698701798916, 0.00034640688681975007, 0.0002232311962870881, 0.00017894759366754442, 0.00016767886700108647, 0.0001545328996144235, 7.323978934437037e-05, 5.0953291065525264e-05, 9.044947364600375e-05, 0.0001051920626196079, 8.840185910230502e-05, 6.804445729358122e-05, 6.232775194803253e-05, 2.5275734515162185e-05, 3.741760394859739e-07], "lowlevel.barkbands.stdev": [0.0004350729868747294, 0.04955368861556053, 0.015359916724264622, 0.007623925339430571, 0.00896869134157896, 0.0043869721703231335, 0.0012624275404959917, 0.004102909006178379, 0.007938205264508724, 0.002224731259047985, 0.0016293828375637531, 0.0006828019395470619, 0.001992568839341402, 0.000825706752948463, 0.0005426194984465837, 0.0005609163781628013, 0.0009238235070370138, 0.0003484521294012666, 0.0002239629830000922, 0.00024324592959601432, 0.00039832666516304016, 0.00032450444996356964, 0.0001737976272124797, 0.00013535733160097152, 0.0001191659175674431, 6.034940815879963e-05, 1.5290260080291773e-06], "lowlevel.erbbands.mean": [0.8023712635040283, 12.446853637695312, 14.859855651855469, 10.958088874816895, 12.760790824890137, 26.099496841430664, 36.170005798339844, 22.87405776977539, 10.975637435913086, 27.451251983642578, 58.36115646362305, 102.6179428100586, 33.43436050415039, 18.672447204589844, 26.686603546142578, 11.766762733459473, 32.16130065917969, 23.758708953857422, 15.182856559753418, 10.418429374694824, 7.526130199432373, 7.533914089202881, 9.91490364074707, 5.838008403778076, 2.8622472286224365, 2.4631035327911377, 2.5912513732910156, 4.467668056488037, 4.12472677230835, 2.4068264961242676, 2.6346099376678467, 1.706985354423523, 1.0333954095840454, 0.7714094519615173, 0.3925391435623169, 0.16746795177459717, 0.033556196838617325, 0.00318329781293869, 0.00011288442328805104, 9.357364615425467e-05], "lowlevel.erbbands.stdev": [1.0673731565475464, 12.484476089477539, 19.140762329101562, 22.760568618774414, 21.906003952026367, 36.05584716796875, 45.228458404541016, 35.39481735229492, 16.025550842285156, 52.36588668823242, 99.9695053100586, 218.16346740722656, 78.00606536865234, 46.40608596801758, 70.30352020263672, 30.690553665161133, 88.49898529052734, 45.110836029052734, 30.621915817260742, 25.524890899658203, 23.942136764526367, 34.484642028808594, 30.438579559326172, 13.04968547821045, 12.273268699645996, 11.746306419372559, 12.168203353881836, 19.00328826904297, 13.31483268737793, 5.0758233070373535, 5.156413555145264, 3.1871602535247803, 2.2198939323425293, 1.5229973793029785, 0.771781861782074, 0.3720581829547882, 0.0892525389790535, 0.010427060537040234, 0.00022655195789411664, 6.079699596739374e-05], "lowlevel.gfcc.mean": [-26.854400634765625, 127.74382019042969, -66.66512298583984, 29.90320587158203, -57.63907241821289, 28.582752227783203, -38.66221618652344, 11.319979667663574, -12.561649322509766, -1.1227837800979614, -13.643293380737305, -1.8814194202423096, -9.404280662536621], "lowlevel.melbands.mean": [0.010880358517169952, 0.011194039136171341, 0.001961887814104557, 0.0012538348091766238, 0.0013835482532158494, 0.0005198560538701713, 0.00015225479728542268, 0.00034725689329206944, 0.0005179342115297914, 0.0006048301002010703, 0.0001431280979886651, 7.122310489648953e-05, 8.663175685796887e-05, 3.8259509892668575e-05, 3.5775283322436735e-05, 8.29383498057723e-05, 3.935933273169212e-05, 2.5404735424672253e-05, 1.3681114978680853e-05, 1.614313805475831e-05, 7.411400474666152e-06, 6.913615379744442e-06, 1.0594440027489327e-05, 8.399924809054937e-06, 4.338087819633074e-06, 2.0399409095261944e-06, 1.8967763253385783e-06, 1.5574061080769752e-06, 1.4871378652969724e-06, 1.7407221548637608e-06, 3.0808641895418987e-06, 2.66494271272677e-06, 1.4843874396319734e-06, 1.266244566977548e-06, 1.5606922261213185e-06, 1.3294855989443022e-06, 9.385180987919739e-07, 7.453575676663604e-07, 6.090600095376431e-07, 6.827995662206376e-07], "lowlevel.melbands.stdev": [0.012151985429227352, 0.011177157051861286, 0.0037463484331965446, 0.0016950165154412389, 0.0016923132352530956, 0.0007776243146508932, 0.0002425405546091497, 0.0006410072674043477, 0.0009023467428050935, 0.00133554229978472, 0.00037763811997137964, 0.0002021390973823145, 0.00023240206064656377, 0.00010765727347461507, 9.683155076345429e-05, 0.0002495401131454855, 8.702562627149746e-05, 5.394112304202281e-05, 3.659908179542981e-05, 5.382794915931299e-05, 3.241534432163462e-05, 2.788866186165251e-05, 6.134415161795914e-05, 1.820479883463122e-05, 1.0218249371973798e-05, 7.904638550826348e-06, 1.0046033821708988e-05, 7.556813670817064e-06, 7.380278930213535e-06, 7.4507674980850425e-06, 1.3855683391739149e-05, 9.452738595427945e-06, 3.462814675003756e-06, 2.646874690981349e-06, 3.0483020054816734e-06, 2.7164630864717765e-06, 1.7603177866476472e-06, 1.592957460161415e-06, 1.450846411898965e-06, 1.3069155784251052e-06], "lowlevel.melbands128.mean": [0.00017071263573598117, 0.003279226366430521, 0.01659887656569481, 0.023148080334067345, 0.01124687772244215, 0.0028442367911338806, 0.0020920310635119677, 0.0021847025491297245, 0.001082665752619505, 0.0008453470072709024, 0.0015421510906890035, 0.001966764684766531, 0.001244669547304511, 0.0008618113934062421, 0.0005793986492790282, 0.00030252934084273875, 0.00020368951663840562, 0.00010575567284831777, 0.00010367142385803163, 0.00031897862209007144, 0.0004688161425292492, 0.00041274368413724005, 0.0004981954698450863, 0.0005997311091050506, 0.0008991246577352285, 0.0005542990402318537, 8.645118214190006e-05, 0.0001837937015807256, 6.131492409622297e-05, 0.00010135914635611698, 5.2997849707026035e-05, 5.219756349106319e-05, 9.867379412753507e-05, 0.0001290546206291765, 2.1720852600992657e-05, 2.691902409424074e-05, 2.7919248168473132e-05, 1.4933246347936802e-05, 6.224538083188236e-05, 7.911816646810621e-05, 0.00011037072545150295, 4.2742449295474216e-05, 2.9643664674949832e-05, 5.021554170525633e-05, 2.530812162149232e-05, 2.195860361098312e-05, 2.4169938114937395e-05, 1.3868875612388365e-05, 7.997617103683297e-06, 1.245984822162427e-05, 2.674459756235592e-05, 7.519577138737077e-06, 3.833750724879792e-06, 1.0894921615545172e-05, 7.4439103627810255e-06, 4.538398570730351e-06, 4.492642347031506e-06, 1.941141272254754e-05, 6.381197636073921e-06, 7.950448889459949e-06, 1.103917293221457e-05, 6.212987045728369e-06, 5.955370397714432e-06, 3.510825536068296e-06, 2.28825660997245e-06, 1.857092001955607e-06, 1.9339013306307606e-06, 2.0823199520236813e-06, 1.8774331920212717e-06, 1.8058728983305627e-06, 1.443219503016735e-06, 1.542645691188227e-06, 1.4133927379589295e-06, 1.4036747870704858e-06, 1.6367552007068298e-06, 1.7189237269121804e-06, 1.8750796471067588e-06, 1.7849255300461664e-06, 3.994627149950247e-06, 3.4075874282279983e-06, 3.0331432299135486e-06, 2.2694143808621448e-06, 1.6885798004295793e-06, 1.494532170909224e-06, 1.2481610838221968e-06, 1.1493092415548745e-06, 1.281164372812782e-06, 1.433549869034323e-06, 1.6304478549500345e-06, 1.6747059135013842e-06, 1.396326297253836e-06, 1.310321181335894e-06, 1.0358066901972052e-06, 9.531820523989154e-07, 8.64159574121004e-07, 7.853577130845224e-07, 7.321384032366041e-07, 6.548655164806405e-07, 5.835527758790704e-07, 5.968182108517794e-07, 6.506615477519517e-07, 7.242953188324464e-07, 7.112527669050905e-07, 4.944719194099889e-07, 3.7769234495499404e-07, 3.7453429513334413e-07, 3.9295730402955087e-07, 3.514317938879685e-07, 3.0490545555039716e-07, 2.4586032054685347e-07, 1.4778576939988852e-07, 1.3170671309126192e-07, 8.755257141501716e-08, 6.991837153691449e-08, 4.197542935457932e-08, 3.2572280872500414e-08, 1.390911208432044e-08, 2.0269388389948517e-09, 1.341811661781378e-10, 4.206375178728017e-11, 3.2395003346508133e-11, 1.4257942916595656e-11, 1.1784981844564779e-11, 1.1572198928277988e-11, 1.1365678363739473e-11, 1.1160417208444517e-11, 1.1031589704224576e-11, 1.0967352893909155e-11], "lowlevel.melbands128.stdev": [0.0003988365060649812, 0.006288716569542885, 0.020747266709804535, 0.022425739094614983, 0.012726257555186749, 0.006906772032380104, 0.0051160953007638454, 0.003471180098131299, 0.0022482939530164003, 0.001732305740006268, 0.00229049869813025, 0.003273871261626482, 0.0019990759901702404, 0.001414696453139186, 0.0011397338239476085, 0.0006044419715180993, 0.0004149381711613387, 0.00026243668980896473, 0.00038575587677769363, 0.0007317481213249266, 0.0010674608638510108, 0.0009612867143005133, 0.00130175007507205, 0.0017895209603011608, 0.0021668553818017244, 0.0018439179984852672, 0.00021128993830643594, 0.000691187393385917, 0.0002926239394582808, 0.00039095376268960536, 0.00018623314099386334, 0.0001939140202011913, 0.00034245182177983224, 0.00045026265433989465, 8.105929009616375e-05, 0.0001261453580809757, 0.00011369714047759771, 5.042775592301041e-05, 0.00023571310157421976, 0.00028303329600021243, 0.0004124721453990787, 0.00015681674994993955, 8.453278860542923e-05, 0.00016104990208987147, 0.0001099603105103597, 6.973808922339231e-05, 6.964957719901577e-05, 6.253718311199918e-05, 2.975057032017503e-05, 3.483267209958285e-05, 0.00011083971185144037, 3.057313006138429e-05, 1.4489301065623295e-05, 7.781720341881737e-05, 2.7149009838467464e-05, 1.9039833205169998e-05, 2.4153117919922806e-05, 0.00016277482791338116, 2.848230542440433e-05, 2.1247236873023212e-05, 2.5728833861649036e-05, 2.2924115910427645e-05, 1.5010569768492132e-05, 9.221570508088917e-06, 8.68363531481009e-06, 6.988168024690822e-06, 9.084780685952865e-06, 1.2491260349634103e-05, 1.0680422747100238e-05, 1.0140056474483572e-05, 6.452904472098453e-06, 9.411534847458825e-06, 7.4159729592793155e-06, 6.823941475886386e-06, 8.917735613067634e-06, 7.937495865917299e-06, 9.814187251322437e-06, 6.609032880078303e-06, 2.0396311811055057e-05, 1.5827919924049638e-05, 1.1310593436064664e-05, 7.606138296978315e-06, 4.4860148591396865e-06, 3.614418801589636e-06, 3.1497577310801717e-06, 2.652265266078757e-06, 2.7323765152686974e-06, 3.263996177338413e-06, 3.148416453768732e-06, 3.5674972878041444e-06, 3.353539113959414e-06, 2.80166227639711e-06, 2.288576297360123e-06, 2.0482179934333544e-06, 1.6348474218830233e-06, 1.660999487285153e-06, 1.7086109664887772e-06, 1.7689911828711047e-06, 1.7808999928092817e-06, 1.3248454706626944e-06, 1.3455095313474885e-06, 1.43527199725213e-06, 1.4459843669101247e-06, 1.0256749192194548e-06, 8.069402497312694e-07, 8.982250392364222e-07, 9.257343549506913e-07, 8.228880687966011e-07, 6.943678272364195e-07, 6.354032962008205e-07, 4.378932203508157e-07, 3.6142577641840035e-07, 2.9472136020558537e-07, 2.4859681957423163e-07, 1.6548393944049167e-07, 1.4097163614223973e-07, 5.3810797595588156e-08, 1.217827882982192e-08, 1.4157722771912518e-09, 4.990037272278869e-10, 3.1478969431120163e-10, 3.1760667013047694e-11, 1.6048166268101127e-11, 1.577013172826547e-11, 1.5535199862637405e-11, 1.5352163984516665e-11, 1.5223275764975064e-11, 1.5141828763054477e-11], "lowlevel.mfcc.mean": [-686.9204711914062, 157.5648651123047, 48.874778747558594, 15.970088005065918, 17.23215103149414, 13.101163864135742, -4.110776424407959, 12.583600997924805, 2.422600746154785, 3.0288310050964355, 12.376458168029785, -2.3821187019348145, -9.974377632141113], "lowlevel.spectral_contrast_coeffs.mean": [-0.656753659248352, -0.6784700751304626, -0.7173821330070496, -0.7602455615997314, -0.7814613580703735, -0.7837145328521729], "lowlevel.spectral_contrast_coeffs.stdev": [0.06912077218294144, 0.0945204347372055, 0.08236768841743469, 0.06819690763950348, 0.0524049811065197, 0.040208376944065094], "lowlevel.spectral_contrast_valleys.mean": [-6.203729152679443, -7.091893196105957, -8.223773956298828, -8.56352424621582, -8.981350898742676, -10.660225868225098], "lowlevel.spectral_contrast_valleys.stdev": [0.837386429309845, 0.7688549757003784, 0.8800373077392578, 0.9254341721534729, 1.0945188999176025, 1.1505398750305176], "rhythm.beats_loudness_band_ratio.mean": [0.7428190112113953, 0.1280098855495453, 0.08175097405910492, 0.027026476338505745, 0.02082873322069645, 0.012878095731139183], "rhythm.beats_loudness_band_ratio.stdev": [0.23417837917804718, 0.1562294065952301, 0.09549365937709808, 0.03595149144530296, 0.02781614661216736, 0.018787983804941177], "tonal.hpcp.mean": [0.06279159337282181, 0.03567932918667793, 0.037137653678655624, 0.026344548910856247, 0.012573867104947567, 0.04026966542005539, 0.056749168783426285, 0.03794298321008682, 0.11379972100257874, 0.13429468870162964, 0.05531217157840729, 0.028275100514292717, 0.026701385155320168, 0.03810485079884529, 0.21140219271183014, 0.3126108646392822, 0.14951075613498688, 0.04842308908700943, 0.03770143911242485, 0.055410921573638916, 0.21191798150539398, 0.2637385129928589, 0.13966043293476105, 0.2525944709777832, 0.24563226103782654, 0.05247258022427559, 0.01719784550368786, 0.011637194082140923, 0.00976809673011303, 0.03320484980940819, 0.04135654494166374, 0.016275711357593536, 0.006945764645934105, 0.008617176674306393, 0.01624578796327114, 0.05650811269879341], "tonal.hpcp.stdev": [0.19184014201164246, 0.11864623427391052, 0.15598052740097046, 0.12498311698436737, 0.06646443903446198, 0.10690414905548096, 0.151323139667511, 0.11890735477209091, 0.23118048906326294, 0.2608186900615692, 0.15259455144405365, 0.1397162228822708, 0.11868017166852951, 0.1383981704711914, 0.3068603575229645, 0.4364311695098877, 0.2458839863538742, 0.18193306028842926, 0.14772340655326843, 0.16706548631191254, 0.3345326781272888, 0.40981316566467285, 0.2245083451271057, 0.3796820044517517, 0.38266512751579285, 0.14392484724521637, 0.08908523619174957, 0.06940638273954391, 0.05292439088225365, 0.06887034326791763, 0.0842994973063469, 0.06058209761977196, 0.024682285264134407, 0.04134300723671913, 0.07065092772245407, 0.173918679356575], "rhythm.beats_position": [0.4760090708732605, 0.952018141746521, 1.3931972980499268, 1.8111563920974731, 2.252335548400879, 2.6819047927856445, 3.111473798751831, 3.5526530742645264, 3.9938321113586426, 4.435011386871338, 4.852970600128174, 5.294149398803711, 5.712108612060547, 6.153287887573242, 6.5944671630859375, 7.012426376342773, 7.4536051750183105, 7.883174419403076, 8.312743186950684, 8.753922462463379, 9.195101737976074, 9.61306095123291, 10.054240226745605, 10.483809471130371, 10.913378715515137], "rhythm.bpm_histogram": [0.0, 0.0, 0.0, 0.0, 0.0, 0.0, 0.0, 0.0, 0.0, 0.0, 0.0, 0.0, 0.0, 0.0, 0.0, 0.0, 0.0, 0.0, 0.0, 0.0, 0.0, 0.0, 0.0, 0.0, 0.0, 0.0, 0.0, 0.0, 0.0, 0.0, 0.0, 0.0, 0.0, 0.0, 0.0, 0.0, 0.0, 0.0, 0.0, 0.0, 0.0, 0.0, 0.0, 0.0, 0.0, 0.0, 0.0, 0.0, 0.0, 0.0, 0.0, 0.0, 0.0, 0.0, 0.0, 0.0, 0.0, 0.0, 0.0, 0.0, 0.0, 0.0, 0.0, 0.0, 0.0, 0.0, 0.0, 0.0, 0.0, 0.0, 0.0, 0.0, 0.0, 0.0, 0.0, 0.0, 0.0, 0.0, 0.0, 0.0, 0.0, 0.0, 0.0, 0.0, 0.0, 0.0, 0.0, 0.0, 0.0, 0.0, 0.0, 0.0, 0.0, 0.0, 0.0, 0.0, 0.0, 0.0, 0.0, 0.0, 0.0, 0.0, 0.0, 0.0, 0.0, 0.0, 0.0, 0.0, 0.0, 0.0, 0.0, 0.0, 0.0, 0.0, 0.0, 0.0, 0.0, 0.0, 0.0, 0.0, 0.0, 0.0, 0.0, 0.0, 0.0, 0.0, 0.0416666679084301, 0.0, 0.0, 0.0, 0.0, 0.0, 0.0, 0.0, 0.0, 0.0, 0.5, 0.0, 0.0, 0.0, 0.25, 0.0, 0.0, 0.0, 0.2083333283662796, 0.0, 0.0, 0.0, 0.0, 0.0, 0.0, 0.0, 0.0, 0.0, 0.0, 0.0, 0.0, 0.0, 0.0, 0.0, 0.0, 0.0, 0.0, 0.0, 0.0, 0.0, 0.0, 0.0, 0.0, 0.0, 0.0, 0.0, 0.0, 0.0, 0.0, 0.0, 0.0, 0.0, 0.0, 0.0, 0.0, 0.0, 0.0, 0.0, 0.0, 0.0, 0.0, 0.0, 0.0, 0.0, 0.0, 0.0, 0.0, 0.0, 0.0, 0.0, 0.0, 0.0, 0.0, 0.0, 0.0, 0.0, 0.0, 0.0, 0.0, 0.0, 0.0, 0.0, 0.0, 0.0, 0.0, 0.0, 0.0, 0.0, 0.0, 0.0, 0.0, 0.0, 0.0, 0.0, 0.0, 0.0, 0.0, 0.0, 0.0, 0.0, 0.0, 0.0, 0.0, 0.0, 0.0, 0.0, 0.0, 0.0, 0.0, 0.0, 0.0, 0.0, 0.0, 0.0, 0.0, 0.0, 0.0, 0.0, 0.0, 0.0, 0.0, 0.0, 0.0, 0.0], "tonal.chords_histogram": [31.147541046142578, 0.0, 28.68852424621582, 10.245902061462402, 1.2295081615447998, 0.0, 0.0, 0.0, 4.098360538482666, 2.4590163230895996, 0.0, 0.0, 0.0, 0.0, 0.0, 0.0, 0.0, 0.0, 0.0, 0.4098360538482666, 0.0, 0.0, 0.0, 21.721311569213867], "tonal.thpcp": [1.0, 0.4782647490501404, 0.15489892661571503, 0.12060181796550751, 0.17725206911563873, 0.677897036075592, 0.8436639308929443, 0.44675490260124207, 0.8080156445503235, 0.7857444882392883, 0.1678527146577835, 0.055013589560985565, 0.037225816398859024, 0.03124682419002056, 0.10621783882379532, 0.13229401409626007, 0.05206380411982536, 0.02221856452524662, 0.027565186843276024, 0.05196808651089668, 0.18076182901859283, 0.2008618414402008, 0.11413336545228958, 0.11879834532737732, 0.08427266031503677, 0.040222104638814926, 0.12881723046302795, 0.18153293430805206, 0.12137448787689209, 0.36402997374534607, 0.4295906126499176, 0.17693617939949036, 0.09044823050498962, 0.08541413396596909, 0.1218922808766365, 0.6762471199035645], "lowlevel.gfcc.cov": [[7731.53125, -1329.2764892578125, -850.1514892578125, 272.366455078125, -422.4371337890625, 446.51568603515625, -275.4889221191406, 424.18731689453125, -150.18838500976562, 273.4312438964844, -261.68280029296875, 161.28155517578125, -362.9501953125], [-1329.2764892578125, 1809.4718017578125, 392.1531066894531, -426.917724609375, 456.1991271972656, -29.833389282226562, 277.98150634765625, -172.98715209960938, 262.5987854003906, -229.6522216796875, 208.1477813720703, -200.13406372070312, 161.56813049316406], [-850.1514892578125, 392.1531066894531, 886.3301391601562, 158.0756378173828, 211.45140075683594, -22.21953582763672, 90.50209045410156, -100.59185028076172, 71.37244415283203, 7.0202202796936035, 35.35944747924805, 12.859417915344238, 77.92340087890625], [272.366455078125, -426.917724609375, 158.0756378173828, 561.9910278320312, 99.61151123046875, -115.32454681396484, -97.91410064697266, 88.06747436523438, 32.29508590698242, 59.317317962646484, -66.58612823486328, 50.61696243286133, 67.03827667236328], [-422.4371337890625, 456.1991271972656, 211.45140075683594, 99.61151123046875, 530.152099609375, 38.379878997802734, 128.272216796875, 44.113441467285156, 207.91062927246094, 3.560116767883301, 61.01210403442383, -60.55208969116211, 82.47034454345703], [446.51568603515625, -29.833389282226562, -22.21953582763672, -115.32454681396484, 38.379878997802734, 389.2447814941406, 188.3247528076172, -20.459970474243164, -10.97860336303711, 69.02487182617188, 63.704280853271484, -27.479745864868164, -105.10991668701172], [-275.4889221191406, 277.98150634765625, 90.50209045410156, -97.91410064697266, 128.272216796875, 188.3247528076172, 322.7162780761719, 25.327499389648438, 38.3865852355957, -12.780851364135742, 107.8960952758789, -37.80562973022461, -6.137739181518555], [424.18731689453125, -172.98715209960938, -100.59185028076172, 88.06747436523438, 44.113441467285156, -20.459970474243164, 25.327499389648438, 258.20654296875, 113.44506072998047, 9.084171295166016, -42.549434661865234, 41.899375915527344, 39.94800567626953], [-150.18838500976562, 262.5987854003906, 71.37244415283203, 32.29508590698242, 207.91062927246094, -10.97860336303711, 38.3865852355957, 113.44506072998047, 236.1536102294922, 8.591364860534668, 4.181951522827148, -14.88250732421875, 83.43201446533203], [273.4312438964844, -229.6522216796875, 7.0202202796936035, 59.317317962646484, 3.560116767883301, 69.02487182617188, -12.780851364135742, 9.084171295166016, 8.591364860534668, 145.0569305419922, -13.075418472290039, 18.93107795715332, -33.88576889038086], [-261.68280029296875, 208.1477813720703, 35.35944747924805, -66.58612823486328, 61.01210403442383, 63.704280853271484, 107.8960952758789, -42.549434661865234, 4.181951522827148, -13.075418472290039, 123.28893280029297, -0.049806732684373856, -2.2145330905914307], [161.28155517578125, -200.13406372070312, 12.859417915344238, 50.61696243286133, -60.55208969116211, -27.479745864868164, -37.80562973022461, 41.899375915527344, -14.88250732421875, 18.93107795715332, -0.049806732684373856, 116.69367218017578, 19.50611686706543], [-362.9501953125, 161.56813049316406, 77.92340087890625, 67.03827667236328, 82.47034454345703, -105.10991668701172, -6.137739181518555, 39.94800567626953, 83.43201446533203, -33.88576889038086, -2.2145330905914307, 19.50611686706543, 142.9884796142578]], "lowlevel.gfcc.icov": [[0.0003138665924780071, -0.000644815037958324, 0.0003257793141528964, -0.0005911811022087932, 0.000204871641471982, -0.0007136189960874617, 0.0005109323537908494, -0.000914521049708128, 0.0007061068317852914, -0.0006200437783263624, 0.0007714867242611945, -0.000834162812680006, 0.0008264134521596134], [-0.000644815037958324, 0.005141569301486015, -0.0017258509760722518, 0.0037436222191900015, -0.0014981628628447652, 0.0025096412282437086, -0.0017001505475491285, 0.004082488361746073, -0.004840516019612551, 0.004679020959883928, -0.00459336256608367, 0.005300336517393589, -0.003626630175858736], [0.0003257793141528964, -0.0017258509760722518, 0.0023282088804990053, -0.0018764031119644642, 0.00015487959899473935, -0.0006765301222912967, -0.0004685083986259997, 0.00020193705859128386, 0.0008495335350744426, -0.0015524314949288964, 0.00250557204708457, -0.0030139596201479435, 0.001311176922172308], [-0.0005911811022087932, 0.0037436222191900015, -0.0018764031119644642, 0.005577145144343376, -0.002038993639871478, 0.00234906654804945, -0.0005356691544875503, 0.0017439097864553332, -0.0020224021282047033, 0.0021021284628659487, -0.0029343217611312866, 0.003757273778319359, -0.0038100641686469316], [0.000204871641471982, -0.0014981628628447652, 0.00015487959899473935, -0.002038993639871478, 0.004428961779922247, -0.0009680931689217687, -0.00010409064998384565, -0.000770355632994324, -0.0017067220760509372, -0.0013182967668399215, -0.00011736095621017739, 0.00021003228903282434, 0.0006820373819209635], [-0.0007136189960874617, 0.0025096412282437086, -0.0006765301222912967, 0.00234906654804945, -0.0009680931689217687, 0.00751187838613987, -0.004766531754285097, 0.003623074386268854, -0.003382007358595729, 0.00020549586042761803, -0.0021108370274305344, 0.0021037086844444275, 0.0011860879603773355], [0.0005109323537908494, -0.0017001505475491285, -0.0004685083986259997, -0.0005356691544875503, -0.00010409064998384565, -0.004766531754285097, 0.009183240123093128, -0.0056747933849692345, 0.003847134066745639, -0.0008048890740610659, -0.0039034036453813314, 0.001184179913252592, -0.00039726620889268816], [-0.000914521049708128, 0.004082488361746073, 0.00020193705859128386, 0.0017439097864553332, -0.000770355632994324, 0.003623074386268854, -0.0056747933849692345, 0.012993124313652515, -0.009367544203996658, 0.0046176002360880375, 0.0007809267845004797, -0.00016703108849469572, -0.0020329304970800877], [0.0007061068317852914, -0.004840516019612551, 0.0008495335350744426, -0.0020224021282047033, -0.0017067220760509372, -0.003382007358595729, 0.003847134066745639, -0.009367544203996658, 0.015801889821887016, -0.006296017672866583, 0.003098997287452221, -0.0023071710020303726, -0.0013219851534813643], [-0.0006200437783263624, 0.004679020959883928, -0.0015524314949288964, 0.0021021284628659487, -0.0013182967668399215, 0.00020549586042761803, -0.0008048890740610659, 0.0046176002360880375, -0.006296017672866583, 0.013792487792670727, -0.0031293451320379972, 0.002692981157451868, -0.0008872270700521767], [0.0007714867242611945, -0.00459336256608367, 0.00250557204708457, -0.0029343217611312866, -0.00011736095621017739, -0.0021108370274305344, -0.0039034036453813314, 0.0007809267845004797, 0.003098997287452221, -0.0031293451320379972, 0.019672296941280365, -0.009872990660369396, 0.004390763584524393], [-0.000834162812680006, 0.005300336517393589, -0.0030139596201479435, 0.003757273778319359, 0.00021003228903282434, 0.0021037086844444275, 0.001184179913252592, -0.00016703108849469572, -0.0023071710020303726, 0.002692981157451868, -0.009872990660369396, 0.019076919183135033, -0.007473631761968136], [0.0008264134521596134, -0.003626630175858736, 0.001311176922172308, -0.0038100641686469316, 0.0006820373819209635, 0.0011860879603773355, -0.00039726620889268816, -0.0020329304970800877, -0.0013219851534813643, -0.0008872270700521767, 0.004390763584524393, -0.007473631761968136, 0.01693895272910595]], "lowlevel.mfcc.cov": [[6813.978515625, -1967.7677001953125, -594.85302734375, -243.47816467285156, -109.73493957519531, -58.67525863647461, -110.15533447265625, 100.22312927246094, -40.987789154052734, 62.35371780395508, 248.42706298828125, 34.572452545166016, -165.80001831054688], [-1967.7677001953125, 2054.57958984375, 135.86544799804688, -202.07408142089844, 182.2190399169922, 137.26441955566406, 106.24437713623047, 115.78425598144531, 50.25260543823242, 94.62150573730469, 51.327301025390625, -10.575202941894531, -15.546098709106445], [-594.85302734375, 135.86544799804688, 604.1279907226562, 123.07840728759766, -3.5390334129333496, 108.45380401611328, 29.450471878051758, -27.12508773803711, -16.74917984008789, -53.97933578491211, -46.18886947631836, 24.46473503112793, 55.648582458496094], [-243.47816467285156, -202.07408142089844, 123.07840728759766, 604.1476440429688, 226.47003173828125, -114.38671875, -92.1876449584961, -47.321048736572266, 151.37156677246094, -21.000038146972656, -133.54010009765625, 59.686439514160156, 101.00143432617188], [-109.73493957519531, 182.2190399169922, -3.5390334129333496, 226.47003173828125, 357.1749267578125, 33.53953552246094, -68.8836441040039, 16.7003173828125, 141.60775756835938, 60.66302490234375, 3.7398786544799805, 44.789424896240234, 33.779502868652344], [-58.67525863647461, 137.26441955566406, 108.45380401611328, -114.38671875, 33.53953552246094, 339.70245361328125, 164.2838134765625, -0.2111767679452896, -50.34861373901367, 46.94264602661133, 113.99089813232422, 38.025203704833984, -31.80004119873047], [-110.15533447265625, 106.24437713623047, 29.450471878051758, -92.1876449584961, -68.8836441040039, 164.2838134765625, 261.51531982421875, 70.8021011352539, -57.733028411865234, 47.66033172607422, 68.29862213134766, 19.011125564575195, -10.147568702697754], [100.22312927246094, 115.78425598144531, -27.12508773803711, -47.321048736572266, 16.7003173828125, -0.2111767679452896, 70.8021011352539, 187.3704376220703, 50.0137939453125, 54.64759826660156, 50.176815032958984, -5.844637870788574, 20.296642303466797], [-40.987789154052734, 50.25260543823242, -16.74917984008789, 151.37156677246094, 141.60775756835938, -50.34861373901367, -57.733028411865234, 50.0137939453125, 218.5574188232422, 88.18516540527344, -16.243785858154297, 3.084357500076294, 50.0034065246582], [62.35371780395508, 94.62150573730469, -53.97933578491211, -21.000038146972656, 60.66302490234375, 46.94264602661133, 47.66033172607422, 54.64759826660156, 88.18516540527344, 155.05792236328125, 73.37470245361328, -9.004644393920898, -9.38608455657959], [248.42706298828125, 51.327301025390625, -46.18886947631836, -133.54010009765625, 3.7398786544799805, 113.99089813232422, 68.29862213134766, 50.176815032958984, -16.243785858154297, 73.37470245361328, 172.50985717773438, 17.55607032775879, -57.46436309814453], [34.572452545166016, -10.575202941894531, 24.46473503112793, 59.686439514160156, 44.789424896240234, 38.025203704833984, 19.011125564575195, -5.844637870788574, 3.084357500076294, -9.004644393920898, 17.55607032775879, 115.64508056640625, 23.01134490966797], [-165.80001831054688, -15.546098709106445, 55.648582458496094, 101.00143432617188, 33.779502868652344, -31.80004119873047, -10.147568702697754, 20.296642303466797, 50.0034065246582, -9.38608455657959, -57.46436309814453, 23.01134490966797, 117.60369873046875]], "lowlevel.mfcc.icov": [[0.0002636579447425902, 0.00028576102340593934, 0.00011351449211360887, 0.00015041622100397944, -0.00010563698742771521, -3.021302109118551e-05, 0.0001883258082671091, -0.00031112050055526197, 2.4750159354880452e-05, -5.9168720326852053e-05, -0.00014310200640466064, -0.00018748427100945264, 0.00027022254653275013], [0.00028576102340593934, 0.0009586990345269442, -0.00017402679077349603, 0.0007657219539396465, -0.0008874766062945127, 0.00016364699695259333, -0.0001887948892544955, -0.00047650799388065934, -4.6660461521241814e-05, -0.00020072900224477053, 0.000234859500778839, -0.0002044378052232787, 0.0004780147864948958], [0.00011351449211360887, -0.00017402679077349603, 0.0023803520016372204, -0.0009522977634333074, 0.0009745161514729261, -0.0016606970457360148, 0.0007499673520214856, -0.0003995538572780788, 0.00010588055010885, 0.0006044087931513786, 0.00019503312068991363, 0.00011531206109793857, -0.000690801884047687], [0.00015041622100397944, 0.0007657219539396465, -0.0009522977634333074, 0.004417442716658115, -0.0029758894816040993, 0.0019006617367267609, -0.0016601262614130974, 0.0011934662470594049, -0.0016663087299093604, 0.0005793331074528396, 0.0014678826555609703, -0.0012680834624916315, -0.00029034289764240384], [-0.00010563698742771521, -0.0008874766062945127, 0.0009745161514729261, -0.0029758894816040993, 0.006924207787960768, -0.003094854298979044, 0.003266263520345092, -0.0011687007499858737, -0.0013666924787685275, -0.000990373780950904, -0.0002762184012681246, -0.0009879847057163715, 4.664370135287754e-05], [-3.021302109118551e-05, 0.00016364699695259333, -0.0016606970457360148, 0.0019006617367267609, -0.003094854298979044, 0.007809915579855442, -0.0050041028298437595, 0.0031044157221913338, -3.841455691144802e-05, 0.00038004593807272613, -0.0032063343096524477, -0.00042408634908497334, -0.00027136001153849065], [0.0001883258082671091, -0.0001887948892544955, 0.0007499673520214856, -0.0016601262614130974, 0.003266263520345092, -0.0050041028298437595, 0.009602162055671215, -0.004404569510370493, 0.0031582254450768232, -0.003606242360547185, 0.0013517497573047876, -0.0013469438999891281, -9.774394857231528e-05], [-0.00031112050055526197, -0.00047650799388065934, -0.0003995538572780788, 0.0011934662470594049, -0.0011687007499858737, 0.0031044157221913338, -0.004404569510370493, 0.009518344886600971, -0.0026991183403879404, 0.0010287268087267876, -0.003451455617323518, 0.0014117154059931636, -0.0029181616846472025], [2.4750159354880452e-05, -4.6660461521241814e-05, 0.00010588055010885, -0.0016663087299093604, -0.0013666924787685275, -3.841455691144802e-05, 0.0031582254450768232, -0.0026991183403879404, 0.011602954007685184, -0.0072020660154521465, 0.0017566862516105175, -2.973358050439856e-06, -0.0021190622355788946], [-5.9168720326852053e-05, -0.00020072900224477053, 0.0006044087931513786, 0.0005793331074528396, -0.000990373780950904, 0.00038004593807272613, -0.003606242360547185, 0.0010287268087267876, -0.0072020660154521465, 0.014800122007727623, -0.0055933077819645405, 0.002670948626473546, -7.2119705691875424e-06], [-0.00014310200640466064, 0.000234859500778839, 0.00019503312068991363, 0.0014678826555609703, -0.0002762184012681246, -0.0032063343096524477, 0.0013517497573047876, -0.003451455617323518, 0.0017566862516105175, -0.0055933077819645405, 0.014246365986764431, -0.0035841872449964285, 0.0048701525665819645], [-0.00018748427100945264, -0.0002044378052232787, 0.00011531206109793857, -0.0012680834624916315, -0.0009879847057163715, -0.00042408634908497334, -0.0013469438999891281, 0.0014117154059931636, -2.973358050439856e-06, 0.002670948626473546, -0.0035841872449964285, 0.011526286602020264, -0.003239824902266264], [0.00027022254653275013, 0.0004780147864948958, -0.000690801884047687, -0.00029034289764240384, 4.664370135287754e-05, -0.00027136001153849065, -9.774394857231528e-05, -0.0029181616846472025, -0.0021190622355788946, -7.2119705691875424e-06, 0.0048701525665819645, -0.003239824902266264, 0.013845985755324364]], "metadata.audio_properties.analysis.downmix": "mix", "metadata.audio_properties.codec": "mp3", "metadata.audio_properties.md5_encoded": "7c05e17a547c2298c7730dd05edf44b3", "metadata.tags.file_name": "1183666168159031438.mp3", "metadata.version.essentia": "2.1-beta6-dev", "metadata.version.essentia_git_sha": "v2.1_beta5-1110-g77a6a954", "metadata.version.extractor": "music 2.0", "tonal.chords_key": "F", "tonal.chords_scale": "major", "tonal.key_edma.key": "D", "tonal.key_edma.scale": "minor", "tonal.key_krumhansl.key": "D", "tonal.key_krumhansl.scale": "minor", "tonal.key_temperley.key": "F", "tonal.key_temperley.scale": "major", "metadata.tags.encoding": ["Lavf58.45.100"]}, "essentia_models": [{"model_name": "genre_dortmund", "activations": {"alternative": "0.0060253553", "blues": "0.0018468518", "electronic": "0.0018117713", "folkcountry": "0.0047353385", "funksoulrnb": "0.02199301", "jazz": "0.0030613896", "pop": "0.19846694", "raphiphop": "0.70649296", "rock": "0.055156004"}}, {"model_name": "genre_rosamerica", "activations": {"classic": "6.525583e-05", "dance": "0.00013717308", "hip hop": "0.005913219", "jazz": "0.0008417798", "pop": "0.25583836", "rhythm and blues": "0.84380716", "rock": "0.000326073", "speech": "0.0011611719"}}, {"model_name": "genre_tzanetakis", "activations": {"blues": "0.002937869", "classic": "4.1961703e-05", "country":