{"song_id": "1183691833751121980", "download": "https://cdn.discordapp.com/attachments/1135903449314238464/1183691833751121980/chirp.mp4?ex=658941ed&amp", "lyrics": "[verse]\n\u4e94\u5e74\u524d \u5bf0\u5b87\u516c\u53f8 \u540c\u4e8b\u6210\u597d\u53cb\n\u5171\u4e8b\u6642 \u4e00\u8d77\u52aa\u529b \u5922\u60f3\u4f34\u5de6\u53f3\n\u56f0\u96e3\u6642 \u4e92\u76f8\u652f\u6301 \u60c5\u7fa9\u4e0d\u6703\u4f11\n\u53cb\u8abc\u9577 \u63e1\u624b\u4e0d\u5fd8 \u6c38\u4e0d\u96e2\u958b\u5de6\u53f3\n\n[chorus]\n\u4e94\u5e74\u60c5\u8abc\u5982\u6b4c \u51dd\u805a\u4e86\u5171\u540c\u7684\u5922\n\u611f\u8b1d\u6709\u4f60\u966a\u4f34 \u5feb\u6a02\u60b2\u50b7\u90fd\u77ac\u9593\u5316\u53bb\n\u4e94\u5e74\u540c\u821f\u5171\u6fdf \u4e0d\u754f\u98a8\u96e8\u4e0d\u5206\u96e2\n\u53cb\u8abc\u6fc3 \u4e94\u5e74\u7d42 \u73cd\u85cf\u81f3\u4eca\u6c38\u4e0d\u96e2", "style": ["random"], "essentia_features": {"lowlevel.average_loudness": 0.6881921291351318, "lowlevel.barkbands_crest.mean": 14.23151683807373, "lowlevel.barkbands_crest.stdev": 5.238751411437988, "lowlevel.barkbands_flatness_db.mean": 0.37608426809310913, "lowlevel.barkbands_flatness_db.stdev": 0.10876397788524628, "lowlevel.barkbands_kurtosis.mean": 6.56609582901001, "lowlevel.barkbands_kurtosis.stdev": 14.927090644836426, "lowlevel.barkbands_skewness.mean": 0.7435432076454163, "lowlevel.barkbands_skewness.stdev": 1.2616502046585083, "lowlevel.barkbands_spread.mean": 4.702520370483398, "lowlevel.barkbands_spread.stdev": 6.882309913635254, "lowlevel.dissonance.mean": 0.36015212535858154, "lowlevel.dissonance.stdev": 0.08039946854114532, "lowlevel.dynamic_complexity": 3.591663122177124, "lowlevel.erbbands_crest.mean": 17.06183624267578, "lowlevel.erbbands_crest.stdev": 5.807222843170166, "lowlevel.erbbands_flatness_db.mean": 0.413798063993454, "lowlevel.erbbands_flatness_db.stdev": 0.09952780604362488, "lowlevel.erbbands_kurtosis.mean": 4.809431552886963, "lowlevel.erbbands_kurtosis.stdev": 7.892414569854736, "lowlevel.erbbands_skewness.mean": 0.7870827913284302, "lowlevel.erbbands_skewness.stdev": 1.1913106441497803, "lowlevel.erbbands_spread.mean": 7.990269660949707, "lowlevel.erbbands_spread.stdev": 7.736834526062012, "lowlevel.hfc.mean": 12.154167175292969, "lowlevel.hfc.stdev": 11.83149528503418, "lowlevel.loudness_ebu128.integrated": -25.438936233520508, "lowlevel.loudness_ebu128.loudness_range": 5.078220367431641, "lowlevel.loudness_ebu128.momentary.mean": -26.62158203125, "lowlevel.loudness_ebu128.momentary.stdev": 3.36959171295166, "lowlevel.loudness_ebu128.short_term.mean": -25.95598030090332, "lowlevel.loudness_ebu128.short_term.stdev": 1.7092914581298828, "lowlevel.melbands_crest.mean": 16.85111427307129, "lowlevel.melbands_crest.stdev": 5.954606056213379, "lowlevel.melbands_flatness_db.mean": 0.4561491310596466, "lowlevel.melbands_flatness_db.stdev": 0.13415829837322235, "lowlevel.melbands_kurtosis.mean": 5.346680641174316, "lowlevel.melbands_kurtosis.stdev": 8.508035659790039, "lowlevel.melbands_skewness.mean": 0.7637603282928467, "lowlevel.melbands_skewness.stdev": 1.1346957683563232, "lowlevel.melbands_spread.mean": 8.226258277893066, "lowlevel.melbands_spread.stdev": 13.490580558776855, "lowlevel.pitch_salience.mean": 0.46044695377349854, "lowlevel.pitch_salience.stdev": 0.11748603731393814, "lowlevel.silence_rate_20dB.mean": 1.0, "lowlevel.silence_rate_20dB.stdev": 0.0, "lowlevel.silence_rate_30dB.mean": 0.997682511806488, "lowlevel.silence_rate_30dB.stdev": 0.048084624111652374, "lowlevel.silence_rate_60dB.mean": 0.101969875395298, "lowlevel.silence_rate_60dB.stdev": 0.30260592699050903, "lowlevel.spectral_centroid.mean": 676.7255249023438, "lowlevel.spectral_centroid.stdev": 396.02520751953125, "lowlevel.spectral_complexity.mean": 8.51738166809082, "lowlevel.spectral_complexity.stdev": 3.7384769916534424, "lowlevel.spectral_decrease.mean": -4.962507293981844e-09, "lowlevel.spectral_decrease.stdev": 4.482470838951258e-09, "lowlevel.spectral_energy.mean": 0.019832046702504158, "lowlevel.spectral_energy.stdev": 0.017930520698428154, "lowlevel.spectral_energyband_high.mean": 1.3036369637120515e-05, "lowlevel.spectral_energyband_high.stdev": 4.073863965459168e-05, "lowlevel.spectral_energyband_low.mean": 0.0005512628704309464, "lowlevel.spectral_energyband_low.stdev": 0.001549754524603486, "lowlevel.spectral_energyband_middle_high.mean": 0.0036182596813887358, "lowlevel.spectral_energyband_middle_high.stdev": 0.006601642817258835, "lowlevel.spectral_energyband_middle_low.mean": 0.01582428067922592, "lowlevel.spectral_energyband_middle_low.stdev": 0.01482392568141222, "lowlevel.spectral_entropy.mean": 5.501000881195068, "lowlevel.spectral_entropy.stdev": 0.8413625955581665, "lowlevel.spectral_flux.mean": 0.02738448791205883, "lowlevel.spectral_flux.stdev": 0.02920711785554886, "lowlevel.spectral_kurtosis.mean": 134.85533142089844, "lowlevel.spectral_kurtosis.stdev": 113.71388244628906, "lowlevel.spectral_rms.mean": 0.003987741190940142, "lowlevel.spectral_rms.stdev": 0.001856406801380217, "lowlevel.spectral_rolloff.mean": 879.7554321289062, "lowlevel.spectral_rolloff.stdev": 1043.959716796875, "lowlevel.spectral_skewness.mean": 7.876464366912842, "lowlevel.spectral_skewness.stdev": 4.498260498046875, "lowlevel.spectral_spread.mean": 1313970.625, "lowlevel.spectral_spread.stdev": 1114294.375, "lowlevel.spectral_strongpeak.mean": 2.120570182800293, "lowlevel.spectral_strongpeak.stdev": 1.470577597618103, "lowlevel.zerocrossingrate.mean": 0.033721111714839935, "lowlevel.zerocrossingrate.stdev": 0.0403384193778038, "metadata.audio_properties.analysis.equal_loudness": 0.0, "metadata.audio_properties.analysis.length": 40.04265213012695, "metadata.audio_properties.analysis.sample_rate": 44100.0, "metadata.audio_properties.analysis.start_time": 0.0, "metadata.audio_properties.bit_rate": 96613.0, "metadata.audio_properties.length": 40.042667388916016, "metadata.audio_properties.lossless": 0.0, "metadata.audio_properties.number_channels": 1.0, "metadata.audio_properties.replay_gain": -3.0159645080566406, "metadata.audio_properties.sample_rate": 48000.0, "rhythm.beats_count": 96.0, "rhythm.beats_loudness.mean": 0.03201226517558098, "rhythm.beats_loudness.stdev": 0.022447830066084862, "rhythm.bpm": 144.12429809570312, "rhythm.bpm_histogram_first_peak_bpm": 144.0, "rhythm.bpm_histogram_first_peak_weight": 0.1595744490623474, "rhythm.bpm_histogram_second_peak_bpm": 161.0, "rhythm.bpm_histogram_second_peak_spread": 0.0, "rhythm.bpm_histogram_second_peak_weight": 0.010526316240429878, "rhythm.danceability": 1.0525643825531006, "rhythm.onset_rate": 2.2469429969787598, "tonal.chords_changes_rate": 0.03125, "tonal.chords_number_rate": 0.008101851679384708, "tonal.chords_strength.mean": 0.48769238591194153, "tonal.chords_strength.stdev": 0.07867461442947388, "tonal.hpcp_crest.mean": 19.651185989379883, "tonal.hpcp_crest.stdev": 7.174933433532715, "tonal.hpcp_entropy.mean": 1.1723607778549194, "tonal.hpcp_entropy.stdev": 0.5079756379127502, "tonal.key_edma.strength": 0.7517085671424866, "tonal.key_krumhansl.strength": 0.7659828066825867, "tonal.key_temperley.strength": 0.7825763821601868, "tonal.tuning_diatonic_strength": 0.535181999206543, "tonal.tuning_equal_tempered_deviation": 0.0003135289007332176, "tonal.tuning_frequency": 440.5086364746094, "tonal.tuning_nontempered_energy_ratio": 0.5778125524520874, "lowlevel.barkbands.mean": [1.8602546560941846e-06, 7.393927808152512e-05, 0.0003284018312115222, 0.00035705711343325675, 0.0013063043588772416, 0.0018640855560079217, 0.003802916966378689, 0.004397292621433735, 0.004048776812851429, 0.0007076342008076608, 0.001453986158594489, 0.0008562865550629795, 0.00023656772100366652, 0.0001060325957951136, 3.508794543449767e-05, 4.655546581489034e-05, 0.00015855983656365424, 1.8232805814477615e-05, 1.3539571227738634e-05, 8.974358024715912e-06, 4.36869595432654e-06, 2.2168183022586163e-06, 1.7181134808197385e-06, 7.277392342075473e-07, 6.280457114371529e-07, 3.2630995860927214e-07, 1.8533862222724906e-09], "lowlevel.barkbands.stdev": [4.007921234006062e-06, 0.0002869939198717475, 0.0010084118694067001, 0.0011608097702264786, 0.0021058707498013973, 0.002638993551954627, 0.006510359700769186, 0.0095665929839015, 0.0071944124065339565, 0.002420690143480897, 0.003860333701595664, 0.002647780580446124, 0.0007594014168716967, 0.0004037952166981995, 8.5216794104781e-05, 0.00012531517131719738, 0.0010659921681508422, 7.41201001801528e-05, 3.13212804030627e-05, 3.3958574931602925e-05, 1.3327163287613075e-05, 7.372098480118439e-06, 6.1795035435352474e-06, 3.117569349342375e-06, 2.6694726784626255e-06, 1.8052235191134969e-06, 1.7728650547610414e-08], "lowlevel.erbbands.mean": [0.0005811587325297296, 0.027636047452688217, 0.32012367248535156, 0.8023776412010193, 1.9904505014419556, 5.033546447753906, 8.470000267028809, 22.732418060302734, 57.93412399291992, 55.17293930053711, 106.63884735107422, 83.33169555664062, 30.600019454956055, 35.27067947387695, 50.524356842041016, 31.458370208740234, 17.67603302001953, 6.09930419921875, 2.784252166748047, 2.188603639602661, 2.9768359661102295, 10.938749313354492, 1.772937536239624, 1.0293397903442383, 0.4690673053264618, 0.3355357050895691, 0.21406055986881256, 0.1440170407295227, 0.08043986558914185, 0.07064574211835861, 0.041970059275627136, 0.019670583307743073, 0.011628322303295135, 0.007537404540926218, 0.004110632464289665, 0.001989406533539295, 0.0004606166039593518, 4.3419462599558756e-05, 1.0752674825198483e-05, 2.2722793801221997e-05], "lowlevel.erbbands.stdev": [0.0013893895084038377, 0.10226929932832718, 1.0069011449813843, 2.257237434387207, 5.048311710357666, 8.599405288696289, 12.367209434509277, 32.85124969482422, 108.40766906738281, 94.35137939453125, 184.91049194335938, 172.45811462402344, 73.8584976196289, 110.3853530883789, 144.93722534179688, 94.60784149169922, 55.901668548583984, 22.940980911254883, 5.919947147369385, 4.405548572540283, 7.775725841522217, 74.59038543701172, 6.5951128005981445, 2.386716842651367, 1.5633877515792847, 1.093785047531128, 0.6246697306632996, 0.527441680431366, 0.27777281403541565, 0.23361586034297943, 0.15846394002437592, 0.07908571511507034, 0.050640687346458435, 0.03102901019155979, 0.01824473962187767, 0.010202270932495594, 0.0026736317668110132, 0.0003091522376053035, 1.0657581697159912e-05, 2.0527824744931422e-05], "lowlevel.gfcc.mean": [-203.18197631835938, 203.49188232421875, -136.5089569091797, -66.5224609375, -58.78928756713867, -32.984432220458984, -31.412317276000977, -6.7746901512146, -11.147790908813477, -9.839619636535645, -0.3597763478755951, -8.79023265838623, -7.231683731079102], "lowlevel.melbands.mean": [1.1473695849417709e-05, 0.00012225192040205002, 0.00017264763300772756, 0.000249236763920635, 0.00029619826818816364, 0.0005299238255247474, 0.0008043872658163309, 0.0007119660149328411, 0.0008928432362154126, 0.0005093943909741938, 0.00014321498747449368, 0.00013959035277366638, 0.0001574656052980572, 8.467170118819922e-05, 0.00010990419104928151, 1.4105614354775753e-05, 1.0904266673605889e-05, 4.623258519131923e-06, 3.5246528113930253e-06, 3.306609187347931e-06, 2.269251353936852e-06, 1.3281751307658851e-05, 2.71475141744304e-06, 7.721893098278088e-07, 8.8159663391707e-07, 2.6816178433364257e-07, 3.962822177072667e-07, 1.8067287044232216e-07, 1.3506922869055416e-07, 1.0630868985117559e-07, 7.341938612626109e-08, 4.693240995834458e-08, 3.782874102853384e-08, 3.9960593056775906e-08, 2.4276131327383155e-08, 1.9358433078764392e-08, 9.317603577585487e-09, 8.733169742924929e-09, 6.6062946224576535e-09, 6.186806178476445e-09], "lowlevel.melbands.stdev": [4.024885856779292e-05, 0.0003750300093088299, 0.0004568523436319083, 0.0004591673787217587, 0.00041688515921123326, 0.0007164558628574014, 0.0014331585261970758, 0.0014447120483964682, 0.0014222400495782495, 0.001175586017780006, 0.00038001511711627245, 0.00044134556083008647, 0.00041703597526066005, 0.00023051143216434866, 0.00040486323996447027, 6.547260272782296e-05, 4.9108246457763016e-05, 1.1424488548072986e-05, 9.305033017881215e-06, 9.41771395446267e-06, 6.12464054938755e-06, 9.21462633414194e-05, 1.3332754861039575e-05, 2.447505721647758e-06, 2.145990038115997e-06, 6.932219207556045e-07, 1.8256010889672325e-06, 6.794544447075168e-07, 3.907026666638558e-07, 3.480163854874263e-07, 2.8165504772914574e-07, 1.7733850654622074e-07, 1.2886711431292497e-07, 1.351755543055333e-07, 9.433493630695011e-08, 7.736371543387577e-08, 3.9862381839839145e-08, 3.863065245468533e-08, 2.8880418057042334e-08, 2.5529065084128888e-08], "lowlevel.melbands128.mean": [9.575098829373019e-07, 1.9303349745314335e-06, 4.780562903761165e-06, 4.9340804253006354e-05, 0.00014724493667017668, 0.00015685995458625257, 0.0001475445315008983, 0.0001961970265256241, 0.00017394256428815424, 0.00025278565590269864, 0.0002925205626524985, 0.00029582148999907076, 0.00026317566516809165, 0.00030157240689732134, 0.0005620224983431399, 0.00035895747714675963, 0.001227647066116333, 0.0008189642685465515, 0.00048214627895504236, 0.00037363971932791173, 0.0010871352860704064, 0.0010118948994204402, 0.0008394407341256738, 0.0009353223722428083, 0.0003724584530573338, 0.0005977842956781387, 9.641573706176132e-05, 6.169551488710567e-05, 0.00022913071734365076, 6.1829574406147e-05, 0.00018514911062084138, 0.00014363860827870667, 6.60498917568475e-05, 0.000314617354888469, 7.110474689397961e-05, 1.4978540093579795e-05, 4.883533256361261e-05, 0.00024632865097373724, 2.2533622541232035e-05, 9.834655429585837e-06, 2.2523005100083537e-05, 2.0332468011474703e-06, 1.2581535884237383e-05, 1.3287869478517678e-05, 8.685874490765855e-06, 2.449652129143942e-06, 7.784740887473163e-07, 6.214455424924381e-06, 2.9799359708704287e-06, 5.517368322216498e-07, 4.8836404857866e-06, 4.2749024942168035e-06, 3.0740814054297516e-06, 1.128578787756851e-06, 8.675024787407892e-07, 2.598139690235257e-05, 1.1313070899632294e-05, 9.730149486131268e-07, 1.3530715250453795e-06, 1.5872432186370133e-06, 3.402419963549619e-07, 2.678286250556994e-07, 1.6564029010623926e-06, 6.988344125602453e-07, 3.865106634748372e-07, 2.254738262763567e-07, 1.609286925940978e-07, 5.137142693456553e-07, 4.713229486696946e-07, 1.9633660031104228e-07, 1.855138691553293e-07, 1.7682032193988562e-07, 1.3209265148361737e-07, 1.1179649561654514e-07, 1.690996924708088e-07, 8.798308215318684e-08, 9.235626663439689e-08, 1.0748270540261728e-07, 6.023357457252132e-08, 5.7644122364308714e-08, 4.9820847891624e-08, 4.189737623505607e-08, 3.672336035265289e-08, 3.2107568159744915e-08, 5.0128974748986366e-08, 3.5686145594127083e-08, 4.329672265157569e-08, 3.086850242084438e-08, 2.1167030794799757e-08, 1.8287895642288277e-08, 2.9399686241049494e-08, 1.6248183243305903e-08, 1.0634495062333826e-08, 8.217645230956805e-09, 9.419117930065113e-09, 9.164485170742864e-09, 9.896014674382059e-09, 5.867335062248458e-09, 6.646692085610084e-09, 6.4618492778834025e-09, 6.80788669882304e-09, 6.3639382652525e-09, 5.489750432019491e-09, 4.855451152252499e-09, 4.6666239761350425e-09, 4.247422857872607e-09, 3.854235597344768e-09, 3.841926332626144e-09, 3.6145342274807035e-09, 3.275989923778866e-09, 2.391850939531537e-09, 1.8731016737660866e-09, 1.0508761638661213e-09, 8.261092365735578e-10, 9.001835943323044e-10, 4.436915557182175e-10, 5.294130758781712e-11, 4.131339367829945e-12, 3.7929156343485815e-12, 3.702870909200184e-12, 3.5994839921171806e-12, 3.5531727300003313e-12, 3.518976342958835e-12, 3.435904555662561e-12, 3.1685071233411577e-12, 2.7280844683980066e-12, 2.4889131554350907e-12, 2.4448715621461226e-12], "lowlevel.melbands128.stdev": [2.260621386085404e-06, 4.1289767978014424e-06, 1.2243312994542066e-05, 0.0002020588144659996, 0.0005298791802488267, 0.0004874959704466164, 0.0004752935201395303, 0.0007107324781827629, 0.0005163114983588457, 0.0006140246405266225, 0.0005937394453212619, 0.0006485499907284975, 0.0005115874810144305, 0.0004748457868117839, 0.0011182364542037249, 0.0006249675643630326, 0.0027204316575080156, 0.0015479145804420114, 0.001208064379170537, 0.0009969566017389297, 0.002674163319170475, 0.003270176239311695, 0.0014531462220475078, 0.0017535369843244553, 0.0010765385814011097, 0.002116984920576215, 0.0006590901757590473, 0.00019522251386661083, 0.0008696048753336072, 0.0002056328085018322, 0.0007712098304182291, 0.0005826337146572769, 0.00020827300613746047, 0.0010753351962193847, 0.00028475976432673633, 0.00010723021114245057, 0.0002017486549448222, 0.0009094306733459234, 8.125694876071066e-05, 4.8241447075270116e-05, 0.00012258734204806387, 7.414090305246646e-06, 7.121198723325506e-05, 6.511043466161937e-05, 2.8207774448674172e-05, 6.659412974840961e-06, 2.0543750451906817e-06, 1.8838107280316763e-05, 6.917760856595123e-06, 1.8365490177529864e-06, 1.6227264495682903e-05, 1.2528592378657777e-05, 1.188032820209628e-05, 4.693515165854478e-06, 3.335322844577604e-06, 0.00018500386795494705, 8.419851656071842e-05, 3.114240598733886e-06, 9.250031325791497e-06, 7.169336186052533e-06, 1.0512217158975545e-06, 7.714153866800189e-07, 4.923389042232884e-06, 1.7475576896686107e-06, 1.4319598449219484e-06, 7.042069114504557e-07, 5.514996814781625e-07, 3.1593840503774118e-06, 2.1033738448750228e-06, 8.751765108172549e-07, 9.838836376729887e-07, 6.186962764331838e-07, 4.1878155343511025e-07, 3.5526861097423534e-07, 6.171069344418356e-07, 3.499402794204798e-07, 3.970494049099216e-07, 6.448846079365467e-07, 2.8912336347275414e-07, 2.5714885509842134e-07, 2.1671692707059265e-07, 1.5515175277869275e-07, 1.6400460367549385e-07, 1.1793259346859486e-07, 1.9100372128377785e-07, 1.3953632560514961e-07, 1.5136104991597676e-07, 1.1796849719303282e-07, 9.001738732195008e-08, 9.74524354546702e-08, 1.1853094150637844e-07, 7.981519445365848e-08, 4.524451568954646e-08, 3.794304959114925e-08, 4.3696381624158676e-08, 4.213510251815933e-08, 4.6541188680748746e-08, 3.256263170214879e-08, 2.95524973381589e-08, 3.142274351830565e-08, 2.835594692385257e-08, 2.707102275678608e-08, 2.5510979995146954e-08, 2.314375180390016e-08, 2.165121948394244e-08, 2.0658678323570712e-08, 2.1683526085780613e-08, 2.1262106741914977e-08, 1.906625080039248e-08, 2.0360213071057842e-08, 1.3476225468878056e-08, 1.1065884208960597e-08, 7.565784443386292e-09, 6.362899096501451e-09, 6.728258838961665e-09, 4.680259735323489e-09, 7.205445129443433e-10, 8.486881336589036e-12, 4.770180344476627e-12, 4.657783273659399e-12, 4.5461837419602524e-12, 4.445822182619352e-12, 4.354386209243222e-12, 4.282635010510738e-12, 4.216614470781144e-12, 4.169181493096641e-12, 4.133507338494047e-12, 4.111439487475277e-12], "lowlevel.mfcc.mean": [-847.8267211914062, 247.34918212890625, -16.74987030029297, -27.892240524291992, -23.203683853149414, -29.120004653930664, -19.694774627685547, -8.643346786499023, -13.396344184875488, -9.166741371154785, -1.332572102546692, 3.583266496658325, 0.9082893133163452], "lowlevel.spectral_contrast_coeffs.mean": [-0.619076132774353, -0.6250413060188293, -0.6467056274414062, -0.7351589798927307, -0.7710621356964111, -0.8417350649833679], "lowlevel.spectral_contrast_coeffs.stdev": [0.09066793322563171, 0.08387680351734161, 0.07083318382501602, 0.04939022660255432, 0.05138823390007019, 0.07851169258356094], "lowlevel.spectral_contrast_valleys.mean": [-8.671175003051758, -6.9772515296936035, -8.632135391235352, -9.884576797485352, -11.031407356262207, -13.859275817871094], "lowlevel.spectral_contrast_valleys.stdev": [1.014251708984375, 0.9988123774528503, 1.0053085088729858, 1.2261793613433838, 1.7377920150756836, 1.3282865285873413], "rhythm.beats_loudness_band_ratio.mean": [0.03452849015593529, 0.1972426176071167, 0.6428057551383972, 0.15306590497493744, 0.015091347508132458, 0.00159084249753505], "rhythm.beats_loudness_band_ratio.stdev": [0.0670807883143425, 0.1701374650001526, 0.26609060168266296, 0.20120853185653687, 0.04402055963873863, 0.0051325284875929356], "tonal.hpcp.mean": [0.0015028663910925388, 0.000713770801667124, 0.1332276463508606, 0.24214699864387512, 0.11237669736146927, 0.003611666150391102, 0.0009391263592988253, 0.0014341697096824646, 0.10158563405275345, 0.1920933872461319, 0.09249601513147354, 0.11544506996870041, 0.21364547312259674, 0.0996275469660759, 0.0018424525624141097, 0.0022418235894292593, 0.00176047976128757, 0.20331136882305145, 0.39554256200790405, 0.19426485896110535, 0.0025442165788263083, 0.0023681428283452988, 0.001794324372895062, 0.14131031930446625, 0.2600994110107422, 0.12138108164072037, 0.012305215932428837, 0.01850273832678795, 0.008738715201616287, 0.0045221601612865925, 0.006862806621938944, 0.003918625880032778, 0.1598982959985733, 0.3150252103805542, 0.15665890276432037, 0.00190134032163769], "tonal.hpcp.stdev": [0.006514302454888821, 0.0024404728319495916, 0.20733138918876648, 0.3660190999507904, 0.1751272976398468, 0.046233899891376495, 0.0049295490607619286, 0.009219279512763023, 0.1881663054227829, 0.347684770822525, 0.17540405690670013, 0.18354500830173492, 0.3411601781845093, 0.1637187898159027, 0.021982165053486824, 0.03412121534347534, 0.013605867512524128, 0.21496425569057465, 0.41134631633758545, 0.20702719688415527, 0.028534360229969025, 0.03474650904536247, 0.018225152045488358, 0.2029029279947281, 0.3673371970653534, 0.1812516450881958, 0.06801309436559677, 0.11222349107265472, 0.05146494135260582, 0.01697290688753128, 0.02286384627223015, 0.012551814317703247, 0.19420486688613892, 0.38444727659225464, 0.1991284042596817, 0.008798431605100632], "rhythm.beats_position": [0.3599092960357666, 0.7314285635948181, 1.1377778053283691, 1.5441269874572754, 1.9504761695861816, 2.3684353828430176, 2.7863945960998535, 3.2043535709381104, 3.6223127841949463, 4.040272235870361, 4.458230972290039, 4.876190185546875, 5.294149398803711, 5.712108612060547, 6.130067825317383, 6.548027038574219, 6.965986251831055, 7.383945465087891, 7.790294647216797, 8.196643829345703, 8.614603042602539, 9.032562255859375, 9.450521469116211, 9.868480682373047, 10.286439895629883, 10.704399108886719, 11.122358322143555, 11.54031753540039, 11.958276748657227, 12.376235961914062, 12.794195175170898, 13.212154388427734, 13.63011360168457, 14.04807186126709, 14.454421043395996, 14.860771179199219, 15.278729438781738, 15.696688652038574, 16.114648818969727, 16.532608032226562, 16.9505672454834, 17.368526458740234, 17.78648567199707, 18.204444885253906, 18.622404098510742, 19.040363311767578, 19.458322525024414, 19.87628173828125, 20.294239044189453, 20.71219825744629, 21.130157470703125, 21.54811668395996, 21.966075897216797, 22.384035110473633, 22.80199432373047, 23.208343505859375, 23.61469268798828, 24.032651901245117, 24.450611114501953, 24.86857032775879, 25.286529541015625, 25.70448875427246, 26.122447967529297, 26.540407180786133, 26.95836639404297, 27.376325607299805, 27.79428482055664, 28.212244033813477, 28.618593215942383, 29.03655242919922, 29.466121673583984, 29.88408088684082, 30.302040100097656, 30.708389282226562, 31.11473846435547, 31.532697677612305, 31.95065689086914, 32.36861801147461, 32.78657531738281, 33.20453643798828, 33.622493743896484, 34.04045104980469, 34.458412170410156, 34.87636947631836, 35.29433059692383, 35.71228790283203, 36.1302490234375, 36.5482063293457, 36.96616744995117, 37.384124755859375, 37.802085876464844, 38.22004318237305, 38.62639236450195, 39.03274154663086, 39.45070266723633, 39.86865997314453], "rhythm.bpm_histogram": [0.0, 0.0, 0.0, 0.0, 0.0, 0.0, 0.0, 0.0, 0.0, 0.0, 0.0, 0.0, 0.0, 0.0, 0.0, 0.0, 0.0, 0.0, 0.0, 0.0, 0.0, 0.0, 0.0, 0.0, 0.0, 0.0, 0.0, 0.0, 0.0, 0.0, 0.0, 0.0, 0.0, 0.0, 0.0, 0.0, 0.0, 0.0, 0.0, 0.0, 0.0, 0.0, 0.0, 0.0, 0.0, 0.0, 0.0, 0.0, 0.0, 0.0, 0.0, 0.0, 0.0, 0.0, 0.0, 0.0, 0.0, 0.0, 0.0, 0.0, 0.0, 0.0, 0.0, 0.0, 0.0, 0.0, 0.0, 0.0, 0.0, 0.0, 0.0, 0.0, 0.0, 0.0, 0.0, 0.0, 0.0, 0.0, 0.0, 0.0, 0.0, 0.0, 0.0, 0.0, 0.0, 0.0, 0.0, 0.0, 0.0, 0.0, 0.0, 0.0, 0.0, 0.0, 0.0, 0.0, 0.0, 0.0, 0.0, 0.0, 0.0, 0.0, 0.0, 0.0, 0.0, 0.0, 0.0, 0.0, 0.0, 0.0, 0.0, 0.0, 0.0, 0.0, 0.0, 0.0, 0.0, 0.0, 0.0, 0.0, 0.0, 0.0, 0.0, 0.0, 0.0, 0.0, 0.0, 0.0, 0.0, 0.0, 0.0, 0.0, 0.0, 0.0, 0.0, 0.0, 0.0, 0.0, 0.0, 0.0, 0.010526316240429878, 0.0, 0.0, 0.0, 0.8315789699554443, 0.0, 0.0, 0.0, 0.1473684161901474, 0.0, 0.0, 0.0, 0.0, 0.0, 0.0, 0.0, 0.0, 0.0, 0.0, 0.0, 0.0, 0.010526316240429878, 0.0, 0.0, 0.0, 0.0, 0.0, 0.0, 0.0, 0.0, 0.0, 0.0, 0.0, 0.0, 0.0, 0.0, 0.0, 0.0, 0.0, 0.0, 0.0, 0.0, 0.0, 0.0, 0.0, 0.0, 0.0, 0.0, 0.0, 0.0, 0.0, 0.0, 0.0, 0.0, 0.0, 0.0, 0.0, 0.0, 0.0, 0.0, 0.0, 0.0, 0.0, 0.0, 0.0, 0.0, 0.0, 0.0, 0.0, 0.0, 0.0, 0.0, 0.0, 0.0, 0.0, 0.0, 0.0, 0.0, 0.0, 0.0, 0.0, 0.0, 0.0, 0.0, 0.0, 0.0, 0.0, 0.0, 0.0, 0.0, 0.0, 0.0, 0.0, 0.0, 0.0, 0.0, 0.0, 0.0, 0.0, 0.0, 0.0, 0.0, 0.0, 0.0, 0.0, 0.0, 0.0, 0.0, 0.0, 0.0], "tonal.chords_histogram": [37.03703689575195, 0.0, 4.166666507720947, 0.0, 0.0, 0.0, 0.0, 0.0, 0.0, 0.0, 0.0, 0.0, 0.0, 0.0, 0.0, 0.0, 0.0, 1.1574074029922485, 0.0, 10.06944465637207, 0.0, 22.106481552124023, 15.856481552124023, 9.606481552124023], "tonal.thpcp": [1.0, 0.4911351501941681, 0.006432219408452511, 0.005987074691802263, 0.004536362364888191, 0.3572569191455841, 0.6575762629508972, 0.3068723678588867, 0.03110971301794052, 0.0467781238257885, 0.02209298312664032, 0.011432803235948086, 0.017350362613797188, 0.00990696344524622, 0.40425053238868713, 0.7964382171630859, 0.3960607945919037, 0.004806917160749435, 0.0037995062302798033, 0.0018045359756797552, 0.3368225395679474, 0.6121894717216492, 0.2841077148914337, 0.009130916558206081, 0.002374273957684636, 0.003625829005613923, 0.2568260431289673, 0.4856452941894531, 0.23384591937065125, 0.29186511039733887, 0.5401327013969421, 0.2518756687641144, 0.004658038727939129, 0.005667717661708593, 0.004450797103345394, 0.5140063166618347], "lowlevel.gfcc.cov": [[11915.4814453125, -2318.59619140625, -2012.68017578125, 2914.64111328125, -582.54345703125, 751.9147338867188, -252.9051513671875, 31.61003303527832, -752.3198852539062, -178.6315460205078, -283.4280090332031, 80.37185668945312, -239.33419799804688], [-2318.59619140625, 3137.385986328125, 895.3195190429688, -1909.470703125, 556.5848999023438, -635.94970703125, 147.4276885986328, -256.79840087890625, 429.3531188964844, -148.92552185058594, 85.33383178710938, -324.7550048828125, 140.38072204589844], [-2012.68017578125, 895.3195190429688, 978.4038696289062, -650.14697265625, 38.1038818359375, -21.56262969970703, -19.219392776489258, -103.11320495605469, 114.26428985595703, -66.03060913085938, -75.84413146972656, -51.42197799682617, 50.562034606933594], [2914.64111328125, -1909.470703125, -650.14697265625, 1702.4967041015625, -315.0334777832031, 491.8585205078125, -110.4723129272461, 129.96434020996094, -378.4740295410156, -34.54564666748047, -146.55027770996094, 149.2249755859375, -114.291748046875], [-582.54345703125, 556.5848999023438, 38.1038818359375, -315.0334777832031, 389.48553466796875, -144.06776428222656, 98.07390594482422, 41.330814361572266, 132.2080535888672, 36.416786193847656, 30.104829788208008, -94.28508758544922, 5.6136956214904785], [751.9147338867188, -635.94970703125, -21.56262969970703, 491.8585205078125, -144.06776428222656, 402.4707336425781, -19.564197540283203, -23.963115692138672, -156.54037475585938, -37.578556060791016, -96.6207275390625, 78.90625762939453, -7.534710884094238], [-252.9051513671875, 147.4276885986328, -19.219392776489258, -110.4723129272461, 98.07390594482422, -19.564197540283203, 194.07984924316406, 84.30702209472656, 48.17555236816406, 6.4862847328186035, 3.0220916271209717, -58.58843231201172, 16.191085815429688], [31.61003303527832, -256.79840087890625, -103.11320495605469, 129.96434020996094, 41.330814361572266, -23.963115692138672, 84.30702209472656, 205.53053283691406, 64.23834228515625, 72.09396362304688, 25.351961135864258, 15.409332275390625, -25.891931533813477], [-752.3198852539062, 429.3531188964844, 114.26428985595703, -378.4740295410156, 132.2080535888672, -156.54037475585938, 48.17555236816406, 64.23834228515625, 225.0138702392578, 88.09117889404297, 82.20137023925781, -30.386032104492188, 13.679593086242676], [-178.6315460205078, -148.92552185058594, -66.03060913085938, -34.54564666748047, 36.416786193847656, -37.578556060791016, 6.4862847328186035, 72.09396362304688, 88.09117889404297, 184.48838806152344, 103.47760772705078, 27.73029136657715, -29.42327308654785], [-283.4280090332031, 85.33383178710938, -75.84413146972656, -146.55027770996094, 30.104829788208008, -96.6207275390625, 3.0220916271209717, 25.351961135864258, 82.20137023925781, 103.47760772705078, 181.8798065185547, 52.86232376098633, -15.137900352478027], [80.37185668945312, -324.7550048828125, -51.42197799682617, 149.2249755859375, -94.28508758544922, 78.90625762939453, -58.58843231201172, 15.409332275390625, -30.386032104492188, 27.73029136657715, 52.86232376098633, 155.48385620117188, 26.272430419921875], [-239.33419799804688, 140.38072204589844, 50.562034606933594, -114.291748046875, 5.6136956214904785, -7.534710884094238, 16.191085815429688, -25.891931533813477, 13.679593086242676, -29.42327308654785, -15.137900352478027, 26.272430419921875, 112.98200988769531]], "lowlevel.gfcc.icov": [[0.0003870706132147461, -0.0009800579864531755, 0.0010165059939026833, -0.0007139439112506807, 0.0007303447346203029, -0.0006967835943214595, 0.0005785317625850439, -0.0007036036695353687, 0.000592757249251008, -0.0008722544880583882, 0.0008348042611032724, -0.00022116253967396915, 0.0003979895554948598], [-0.0009800579864531755, 0.005145029630511999, -0.00358212529681623, 0.0028129725251346827, -0.0033919827546924353, 0.002876836573705077, -0.0019901336636394262, 0.00408130930736661, -0.0034277273807674646, 0.0054109832271933556, -0.004096291959285736, 0.0027601097244769335, -0.0018057520501315594], [0.0010165059939026833, -0.00358212529681623, 0.005012280307710171, -0.0010170508176088333, 0.0027286929544061422, -0.0033848050516098738, 0.002554187783971429, -0.0030732995364814997, 0.0016466367524117231, -0.00308315665461123, 0.004313585814088583, -0.001642966060899198, 0.0018582207849249244], [-0.0007139439112506807, 0.0028129725251346827, -0.0010170508176088333, 0.004438070580363274, -0.0016887692036107183, -0.0004107983550056815, 0.0006937108701094985, -0.0008115179953165352, 0.0005661993636749685, 0.0028984679374843836, -0.001394943450577557, 0.0012571660336107016, -8.467096631648019e-05], [0.0007303447346203029, -0.0033919827546924353, 0.0027286929544061422, -0.0016887692036107183, 0.006190948653966188, -0.0017213952960446477, 0.00043328508036211133, -0.0027133747935295105, 0.0008668338414281607, -0.003670580917969346, 0.0027777596842497587, -0.00018184733926318586, 0.0010794568806886673], [-0.0006967835943214595, 0.002876836573705077, -0.0033848050516098738, -0.0004107983550056815, -0.0017213952960446477, 0.008364206179976463, -0.005054067354649305, 0.0059438408352434635, -0.0016936343163251877, 0.001049708342179656, 0.0008359134662896395, -0.0029499868396669626, 5.4877917136764154e-05], [0.0005785317625850439, -0.0019901336636394262, 0.002554187783971429, 0.0006937108701094985, 0.00043328508036211133, -0.005054067354649305, 0.01262382697314024, -0.009288622997701168, 0.003413708880543709, 4.480796997086145e-05, -0.0017849314026534557, 0.006014373619109392, -0.003078718902543187], [-0.0007036036695353687, 0.00408130930736661, -0.0030732995364814997, -0.0008115179953165352, -0.0027133747935295105, 0.0059438408352434635, -0.009288622997701168, 0.016666121780872345, -0.00840696319937706, 0.0013979963259771466, 0.0007189447642304003, -0.0036373892799019814, 0.001998733263462782], [0.000592757249251008, -0.0034277273807674646, 0.0016466367524117231, 0.0005661993636749685, 0.0008668338414281607, -0.0016936343163251877, 0.003413708880543709, -0.00840696319937706, 0.015683487057685852, -0.006698469165712595, 0.00029093879857100546, 0.00035421602660790086, -0.0009081035968847573], [-0.0008722544880583882, 0.0054109832271933556, -0.00308315665461123, 0.0028984679374843836, -0.003670580917969346, 0.001049708342179656, 4.480796997086145e-05, 0.0013979963259771466, -0.006698469165712595, 0.016578443348407745, -0.00957205519080162, 0.004198615904897451, -0.0008230919484049082], [0.0008348042611032724, -0.004096291959285736, 0.004313585814088583, -0.001394943450577557, 0.0027777596842497587, 0.0008359134662896395, -0.0017849314026534557, 0.0007189447642304003, 0.00029093879857100546, -0.00957205519080162, 0.01844201795756817, -0.011297184973955154, 0.006424739025533199], [-0.00022116253967396915, 0.0027601097244769335, -0.001642966060899198, 0.0012571660336107016, -0.00018184733926318586, -0.0029499868396669626, 0.006014373619109392, -0.0036373892799019814, 0.00035421602660790086, 0.004198615904897451, -0.011297184973955154, 0.019206425175070763, -0.008703429251909256], [0.0003979895554948598, -0.0018057520501315594, 0.0018582207849249244, -8.467096631648019e-05, 0.0010794568806886673, 5.4877917136764154e-05, -0.003078718902543187, 0.001998733263462782, -0.0009081035968847573, -0.0008230919484049082, 0.006424739025533199, -0.008703429251909256, 0.014650004915893078]], "lowlevel.mfcc.cov": [[11204.2314453125, -3025.86181640625, -1840.8782958984375, 1890.968505859375, -24.039836883544922, 717.2448120117188, 493.5234069824219, 353.8734130859375, -207.25839233398438, -435.7474670410156, -415.8167724609375, 36.41862487792969, 199.95184326171875], [-3025.86181640625, 3533.79296875, 592.4341430664062, -1035.392333984375, 132.1643524169922, -415.97100830078125, -295.12115478515625, -238.0269012451172, 97.87559509277344, 251.4740753173828, 144.99510192871094, -107.2060775756836, -241.20204162597656], [-1840.8782958984375, 592.4341430664062, 938.5442504882812, -412.7201232910156, -36.38520050048828, 54.37443542480469, -120.14387512207031, -40.50446701049805, 61.971710205078125, -1.0858304500579834, -18.12242889404297, -119.99801635742188, -105.932373046875], [1890.968505859375, -1035.392333984375, -412.7201232910156, 654.9655151367188, 36.36241912841797, 98.06617736816406, 158.96084594726562, 115.04710388183594, -19.615970611572266, -52.82472229003906, -76.19621276855469, 38.2325325012207, 86.48988342285156], [-24.039836883544922, 132.1643524169922, -36.38520050048828, 36.36241912841797, 197.2678680419922, 24.47559928894043, -10.162126541137695, 6.503819465637207, 20.736705780029297, 37.486480712890625, 15.587037086486816, 5.306962966918945, 18.710693359375], [717.2448120117188, -415.97100830078125, 54.37443542480469, 98.06617736816406, 24.47559928894043, 282.56280517578125, 79.19029235839844, 37.20733642578125, 3.821621894836426, -79.00695037841797, -100.3940200805664, -62.00447082519531, -22.397459030151367], [493.5234069824219, -295.12115478515625, -120.14387512207031, 158.96084594726562, -10.162126541137695, 79.19029235839844, 172.45494079589844, 85.24742889404297, 23.621322631835938, 22.15388298034668, -34.80938720703125, -27.485332489013672, -0.8354765772819519], [353.8734130859375, -238.0269012451172, -40.50446701049805, 115.04710388183594, 6.503819465637207, 37.20733642578125, 85.24742889404297, 144.0179443359375, 46.123374938964844, -7.950697422027588, -34.996307373046875, -28.426799774169922, 15.235370635986328], [-207.25839233398438, 97.87559509277344, 61.971710205078125, -19.615970611572266, 20.736705780029297, 3.821621894836426, 23.621322631835938, 46.123374938964844, 132.3013916015625, 83.55179595947266, -17.745302200317383, -34.311161041259766, -27.521156311035156], [-435.7474670410156, 251.4740753173828, -1.0858304500579834, -52.82472229003906, 37.486480712890625, -79.00695037841797, 22.15388298034668, -7.950697422027588, 83.55179595947266, 185.3994140625, 91.36138916015625, 22.05772590637207, -2.049149751663208], [-415.8167724609375, 144.99510192871094, -18.12242889404297, -76.19621276855469, 15.587037086486816, -100.3940200805664, -34.80938720703125, -34.996307373046875, -17.745302200317383, 91.36138916015625, 211.6378631591797, 133.38479614257812, 19.591323852539062], [36.41862487792969, -107.2060775756836, -119.99801635742188, 38.2325325012207, 5.306962966918945, -62.00447082519531, -27.485332489013672, -28.426799774169922, -34.311161041259766, 22.05772590637207, 133.38479614257812, 198.1886444091797, 111.07955932617188], [199.95184326171875, -241.20204162597656, -105.932373046875, 86.48988342285156, 18.710693359375, -22.397459030151367, -0.8354765772819519, 15.235370635986328, -27.521156311035156, -2.049149751663208, 19.591323852539062, 111.07955932617188, 192.56329345703125]], "lowlevel.mfcc.icov": [[0.00033516850089654326, -0.000201890041353181, 0.0005297634634189308, -0.0008793686283752322, 0.0006005321629345417, -0.0011164002353325486, 0.0006337768281809986, -0.000502281473018229, 0.0002981996804010123, 2.2066201381676365e-06, -6.026896880939603e-05, 0.0001011629356071353, -6.980703619774431e-05], [-0.000201890041353181, 0.000975622097030282, -0.0004291311779525131, 0.0016758517595008016, -0.0013802637113258243, 0.0017932809423655272, -0.0006095418357290328, 0.0005942553980275989, 4.297834311728366e-05, -0.0005947101162746549, 0.0009411466307938099, -0.0004995731869712472, 0.0009281785460188985], [0.0005297634634189308, -0.0004291311779525131, 0.0027080581057816744, -0.0006287758587859571, 0.001548748230561614, -0.0028642357792705297, 0.002216811990365386, -0.0011141342110931873, -0.0004741368175018579, 0.0003734341007657349, -0.0010827266378328204, 0.0015563943888992071, -0.0005527494940906763], [-0.0008793686283752322, 0.0016758517595008016, -0.0006287758587859571, 0.006888393312692642, -0.0034730290062725544, 0.004040099214762449, -0.003336756257340312, 0.000347876368323341, 0.0001522334205219522, -0.0007512288284488022, 0.0029046337585896254, -0.0023255040869116783, 0.001397513085976243], [0.0006005321629345417, -0.0013802637113258243, 0.001548748230561614, -0.0034730290062725544, 0.00851073395460844, -0.005218971986323595, 0.004240006674081087, -0.002215172164142132, 0.0004209676117170602, -0.0016847410006448627, -0.002032187068834901, 0.0019369696965441108, -0.0020492421463131905], [-0.0011164002353325486, 0.0017932809423655272, -0.0028642357792705297, 0.004040099214762449, -0.005218971986323595, 0.011673865839838982, -0.007101191207766533, 0.00434472830966115, -0.0028737017419189215, 0.0036368195433169603, 0.0018720318330451846, -0.0008849215228110552, 0.0014535548398271203], [0.0006337768281809986, -0.0006095418357290328, 0.002216811990365386, -0.003336756257340312, 0.004240006674081087, -0.007101191207766533, 0.01644766889512539, -0.009355575777590275, 0.005768662318587303, -0.008623190224170685, 0.0024930022191256285, -0.0004906228859908879, 0.0016323071904480457], [-0.000502281473018229, 0.0005942553980275989, -0.0011141342110931873, 0.000347876368323341, -0.002215172164142132, 0.00434472830966115, -0.009355575777590275, 0.01729590818285942, -0.011036429554224014, 0.009554730728268623, -0.006260870024561882, 0.006045722868293524, -0.004517809953540564], [0.0002981996804010123, 4.297834311728366e-05, -0.0004741368175018579, 0.0001522334205219522, 0.0004209676117170602, -0.0028737017419189215, 0.005768662318587303, -0.011036429554224014, 0.022434931248426437, -0.016604851931333542, 0.011486169882118702, -0.007459824904799461, 0.006102333776652813], [2.2066201381676365e-06, -0.0005947101162746549, 0.0003734341007657349, -0.0007512288284488022, -0.0016847410006448627, 0.0036368195433169603, -0.008623190224170685, 0.009554730728268623, -0.016604851931333542, 0.022594599053263664, -0.014064094051718712, 0.00902354996651411, -0.006318093743175268], [-6.026896880939603e-05, 0.0009411466307938099, -0.0010827266378328204, 0.0029046337585896254, -0.002032187068834901, 0.0018720318330451846, 0.0024930022191256285, -0.006260870024561882, 0.011486169882118702, -0.014064094051718712, 0.02261435240507126, -0.017685778439044952, 0.009655727073550224], [0.0001011629356071353, -0.0004995731869712472, 0.0015563943888992071, -0.0023255040869116783, 0.0019369696965441108, -0.0008849215228110552, -0.0004906228859908879, 0.006045722868293524, -0.007459824904799461, 0.00902354996651411, -0.017685