{"song_id": "1183714145682604063", "download": "https://cdn.discordapp.com/attachments/1135911532732108921/1183714145682604063/chirp.mp4?ex=658956b4&amp", "lyrics": "[Verse]\nDanya Dybka, visionary mind\nCreator of Aquarium, a world so fine\nWith passion and innovation, a force to be reckoned\nBringing people together, connection unbroken\n\n[Chorus]\nAquarium, where friendships intertwine\nIn this virtual sea, we'll forever shine\nDanya Dybka, leading the way, we're blessed\nWith the social network, that stands above the rest", "style": ["romantic"], "essentia_features": {"lowlevel.average_loudness": 0.9742576479911804, "lowlevel.barkbands_crest.mean": 10.859062194824219, "lowlevel.barkbands_crest.stdev": 4.086261749267578, "lowlevel.barkbands_flatness_db.mean": 0.15013611316680908, "lowlevel.barkbands_flatness_db.stdev": 0.04522373899817467, "lowlevel.barkbands_kurtosis.mean": 5.563503265380859, "lowlevel.barkbands_kurtosis.stdev": 12.93486213684082, "lowlevel.barkbands_skewness.mean": 1.9139503240585327, "lowlevel.barkbands_skewness.stdev": 1.4563270807266235, "lowlevel.barkbands_spread.mean": 28.714643478393555, "lowlevel.barkbands_spread.stdev": 15.02611255645752, "lowlevel.dissonance.mean": 0.4760078489780426, "lowlevel.dissonance.stdev": 0.017531748861074448, "lowlevel.dynamic_complexity": 1.7228106260299683, "lowlevel.erbbands_crest.mean": 8.638747215270996, "lowlevel.erbbands_crest.stdev": 3.1700212955474854, "lowlevel.erbbands_flatness_db.mean": 0.1397651731967926, "lowlevel.erbbands_flatness_db.stdev": 0.026282891631126404, "lowlevel.erbbands_kurtosis.mean": -0.3887838125228882, "lowlevel.erbbands_kurtosis.stdev": 1.1156646013259888, "lowlevel.erbbands_skewness.mean": -0.17130552232265472, "lowlevel.erbbands_skewness.stdev": 0.7025627493858337, "lowlevel.erbbands_spread.mean": 58.95615768432617, "lowlevel.erbbands_spread.stdev": 23.077970504760742, "lowlevel.hfc.mean": 24.99934959411621, "lowlevel.hfc.stdev": 18.512907028198242, "lowlevel.loudness_ebu128.integrated": -14.520305633544922, "lowlevel.loudness_ebu128.loudness_range": 0.8440980911254883, "lowlevel.loudness_ebu128.momentary.mean": -14.612421035766602, "lowlevel.loudness_ebu128.momentary.stdev": 0.9144271612167358, "lowlevel.loudness_ebu128.short_term.mean": -14.566374778747559, "lowlevel.loudness_ebu128.short_term.stdev": 0.29660311341285706, "lowlevel.melbands_crest.mean": 15.01781177520752, "lowlevel.melbands_crest.stdev": 4.436316967010498, "lowlevel.melbands_flatness_db.mean": 0.20616140961647034, "lowlevel.melbands_flatness_db.stdev": 0.06359396874904633, "lowlevel.melbands_kurtosis.mean": 25.107358932495117, "lowlevel.melbands_kurtosis.stdev": 33.984195709228516, "lowlevel.melbands_skewness.mean": 3.862602710723877, "lowlevel.melbands_skewness.stdev": 2.205850124359131, "lowlevel.melbands_spread.mean": 24.832386016845703, "lowlevel.melbands_spread.stdev": 17.55267333984375, "lowlevel.pitch_salience.mean": 0.5493305325508118, "lowlevel.pitch_salience.stdev": 0.1083318367600441, "lowlevel.silence_rate_20dB.mean": 1.0, "lowlevel.silence_rate_20dB.stdev": 0.0, "lowlevel.silence_rate_30dB.mean": 0.9638648629188538, "lowlevel.silence_rate_30dB.stdev": 0.18662595748901367, "lowlevel.silence_rate_60dB.mean": 0.00471327593550086, "lowlevel.silence_rate_60dB.stdev": 0.06849190592765808, "lowlevel.spectral_centroid.mean": 1678.9434814453125, "lowlevel.spectral_centroid.stdev": 654.3016967773438, "lowlevel.spectral_complexity.mean": 19.72191619873047, "lowlevel.spectral_complexity.stdev": 9.17652416229248, "lowlevel.spectral_decrease.mean": -8.465399936596896e-09, "lowlevel.spectral_decrease.stdev": 7.798063528241528e-09, "lowlevel.spectral_energy.mean": 0.034217897802591324, "lowlevel.spectral_energy.stdev": 0.03020229935646057, "lowlevel.spectral_energyband_high.mean": 0.0020397689659148455, "lowlevel.spectral_energyband_high.stdev": 0.0022878653835505247, "lowlevel.spectral_energyband_low.mean": 0.01702817715704441, "lowlevel.spectral_energyband_low.stdev": 0.02703646942973137, "lowlevel.spectral_energyband_middle_high.mean": 0.004699020180851221, "lowlevel.spectral_energyband_middle_high.stdev": 0.004710284061729908, "lowlevel.spectral_energyband_middle_low.mean": 0.011837613768875599, "lowlevel.spectral_energyband_middle_low.stdev": 0.010624668560922146, "lowlevel.spectral_entropy.mean": 7.620441913604736, "lowlevel.spectral_entropy.stdev": 0.2721490263938904, "lowlevel.spectral_flux.mean": 0.09203357249498367, "lowlevel.spectral_flux.stdev": 0.05852990224957466, "lowlevel.spectral_kurtosis.mean": 2.9423508644104004, "lowlevel.spectral_kurtosis.stdev": 1.5187162160873413, "lowlevel.spectral_rms.mean": 0.005370460916310549, "lowlevel.spectral_rms.stdev": 0.0021310762967914343, "lowlevel.spectral_rolloff.mean": 1802.9871826171875, "lowlevel.spectral_rolloff.stdev": 1721.566162109375, "lowlevel.spectral_skewness.mean": 1.2500883340835571, "lowlevel.spectral_skewness.stdev": 0.2980310618877411, "lowlevel.spectral_spread.mean": 5329612.5, "lowlevel.spectral_spread.stdev": 1356226.5, "lowlevel.spectral_strongpeak.mean": 0.757142961025238, "lowlevel.spectral_strongpeak.stdev": 0.8506426811218262, "lowlevel.zerocrossingrate.mean": 0.07114177197217941, "lowlevel.zerocrossingrate.stdev": 0.036051053553819656, "metadata.audio_properties.analysis.equal_loudness": 0.0, "metadata.audio_properties.analysis.length": 29.5242862701416, "metadata.audio_properties.analysis.sample_rate": 44100.0, "metadata.audio_properties.analysis.start_time": 0.0, "metadata.audio_properties.bit_rate": 114169.0, "metadata.audio_properties.length": 29.525333404541016, "metadata.audio_properties.lossless": 0.0, "metadata.audio_properties.number_channels": 1.0, "metadata.audio_properties.replay_gain": -11.875892639160156, "metadata.audio_properties.sample_rate": 48000.0, "rhythm.beats_count": 65.0, "rhythm.beats_loudness.mean": 0.06604910641908646, "rhythm.beats_loudness.stdev": 0.02734823152422905, "rhythm.bpm": 132.6148681640625, "rhythm.bpm_histogram_first_peak_bpm": 133.0, "rhythm.bpm_histogram_first_peak_weight": 0.5409836173057556, "rhythm.bpm_histogram_second_peak_bpm": 140.0, "rhythm.bpm_histogram_second_peak_spread": 0.0, "rhythm.bpm_histogram_second_peak_weight": 0.046875, "rhythm.danceability": 1.9766607284545898, "rhythm.onset_rate": 3.858208656311035, "tonal.chords_changes_rate": 0.08006279170513153, "tonal.chords_number_rate": 0.0141287287697196, "tonal.chords_strength.mean": 0.4821522533893585, "tonal.chords_strength.stdev": 0.08516875654459, "tonal.hpcp_crest.mean": 12.931981086730957, "tonal.hpcp_crest.stdev": 6.122147083282471, "tonal.hpcp_entropy.mean": 2.15911865234375, "tonal.hpcp_entropy.stdev": 0.7049726843833923, "tonal.key_edma.strength": 0.680953323841095, "tonal.key_krumhansl.strength": 0.6846798658370972, "tonal.key_temperley.strength": 0.6907812356948853, "tonal.tuning_diatonic_strength": 0.5720803141593933, "tonal.tuning_equal_tempered_deviation": 0.10765170305967331, "tonal.tuning_frequency": 437.9714660644531, "tonal.tuning_nontempered_energy_ratio": 0.7203824520111084, "lowlevel.barkbands.mean": [0.00015998081653378904, 0.009221743792295456, 0.006368838716298342, 0.003031511092558503, 0.005297265015542507, 0.0013437924208119512, 0.0005398940993472934, 0.000506141223013401, 0.0008685553329996765, 0.0008118911064229906, 0.00043577179894782603, 0.000592418888118118, 0.0004981646779924631, 0.000555418198928237, 0.00046376013779081404, 0.00027132927789352834, 0.0002895836951211095, 0.0005388850113376975, 0.00035173172364011407, 6.609348929487169e-05, 0.001444479450583458, 8.423405233770609e-05, 0.0001744283363223076, 9.043340833159164e-05, 0.000144591394928284, 6.685904372716323e-05, 1.304126584500409e-07], "lowlevel.barkbands.stdev": [0.00026449988945387304, 0.021802082657814026, 0.007937396876513958, 0.003823293372988701, 0.006871946156024933, 0.0017118219984695315, 0.0012034261599183083, 0.0011798443738371134, 0.0017414905596524477, 0.002307373099029064, 0.0010733879171311855, 0.0012454589596018195, 0.0010622675763443112, 0.0011429950827732682, 0.000981918885372579, 0.000496361986733973, 0.000465065473690629, 0.0006590516422875226, 0.0005134982638992369, 9.624213998904452e-05, 0.0016937942709773779, 0.00015006841567810625, 0.00034164832322858274, 0.00018478510901331902, 0.00019278170657344162, 9.150667756330222e-05, 5.27228166902205e-07], "lowlevel.erbbands.mean": [0.23117998242378235, 2.254227876663208, 6.608565807342529, 9.137901306152344, 15.117361068725586, 19.209253311157227, 9.472373962402344, 12.623265266418457, 10.422159194946289, 5.9564409255981445, 14.701620101928711, 18.36235237121582, 24.28789710998535, 25.029136657714844, 19.736064910888672, 22.303146362304688, 24.01826286315918, 26.92201042175293, 27.62858772277832, 20.110374450683594, 14.445405960083008, 18.172496795654297, 29.938758850097656, 22.267793655395508, 11.608138084411621, 4.420646667480469, 47.36423110961914, 42.10489273071289, 4.487956523895264, 3.8015170097351074, 5.078096389770508, 2.556353807449341, 1.3824374675750732, 1.5681016445159912, 0.9879096746444702, 0.4520077705383301, 0.08880920708179474, 0.005992556922137737, 0.00015238091873470694, 4.987908687326126e-05], "lowlevel.erbbands.stdev": [0.500103771686554, 5.3854804039001465, 9.15995979309082, 8.728010177612305, 27.018882751464844, 19.22287368774414, 14.099409103393555, 17.768556594848633, 19.0084171295166, 12.65676212310791, 31.98079490661621, 39.55662536621094, 57.806026458740234, 76.2299575805664, 40.50336837768555, 45.52286148071289, 47.7791633605957, 54.24883270263672, 55.0782585144043, 42.132286071777344, 22.31178092956543, 24.932445526123047, 36.543540954589844, 31.719148635864258, 17.129507064819336, 5.3425469398498535, 54.76210021972656, 54.435550689697266, 6.62062406539917, 6.916743755340576, 10.61910343170166, 5.336315155029297, 2.73111629486084, 2.2125861644744873, 1.3746517896652222, 0.613789975643158, 0.1279752403497696, 0.010245529003441334, 0.00020771592971868813, 3.95183997170534e-05], "lowlevel.gfcc.mean": [18.038915634155273, 73.32120513916016, -105.47283935546875, 49.20659637451172, -57.171268463134766, 16.450223922729492, -43.146358489990234, 3.362812042236328, -41.69340133666992, 4.694872856140137, -30.25043296813965, 0.09623780846595764, -10.304152488708496], "lowlevel.melbands.mean": [0.0023973097559064627, 0.0032436212059110403, 0.001801762729883194, 0.0012836612295359373, 0.0004386088694445789, 0.0002755927271209657, 0.00015061763406265527, 6.913577090017498e-05, 0.00012679373321589082, 0.00011802898370660841, 0.00012152855924796313, 0.00010313008533557877, 6.335433863569051e-05, 6.923080945853144e-05, 5.051395783084445e-05, 5.101650094729848e-05, 4.9803697038441896e-05, 4.581804387271404e-05, 3.226499757147394e-05, 2.140854485332966e-05, 1.5215512576105539e-05, 1.541226993140299e-05, 3.078553709201515e-05, 2.177100395783782e-05, 1.7972308341995813e-05, 1.2370225704216864e-05, 3.1978811421140563e-06, 1.8188455896961386e-06, 1.5346118743764237e-05, 5.5488606449216604e-05, 1.290913496632129e-05, 1.7891937886815867e-06, 1.522366687822796e-06, 2.393026761637884e-06, 3.15289639729599e-06, 2.400090579612879e-06, 1.2303084986342583e-06, 9.015665227707359e-07, 1.0808905699377647e-06, 1.4153312122289208e-06], "lowlevel.melbands.stdev": [0.005475118290632963, 0.0052039227448403835, 0.0018926751799881458, 0.0016273664077743888, 0.0005708759417757392, 0.0003759476821869612, 0.000275364174740389, 0.000135080874315463, 0.00026650974177755415, 0.0002524429582990706, 0.0002933125360868871, 0.00033156739664264023, 0.00013451259292196482, 0.00015196247841231525, 0.00010070202552014962, 0.00011547337635420263, 0.00010814554843818769, 9.628372936276719e-05, 7.036062015686184e-05, 4.4217737013241276e-05, 2.385656989645213e-05, 2.467095328029245e-05, 4.3214378820266575e-05, 2.7528043574420735e-05, 2.7907613912248053e-05, 1.974383121705614e-05, 4.675876880355645e-06, 2.778350562948617e-06, 1.877522299764678e-05, 6.529731035698205e-05, 2.044160464720335e-05, 3.1830531952437013e-06, 2.8653466870309785e-06, 4.533539140538778e-06, 6.83897405906464e-06, 5.3302915148378816e-06, 2.6096386136487126e-06, 1.99106352738454e-06, 1.7219616665897775e-06, 2.006838485613116e-06], "lowlevel.melbands128.mean": [0.00011001623352058232, 0.0014157990226522088, 0.003779045306146145, 0.0035330457612872124, 0.0033630840480327606, 0.0030809775926172733, 0.0017503952840343118, 0.0016245389124378562, 0.0014874535845592618, 0.0014183401362970471, 0.0011038045631721616, 0.0005958331748843193, 0.00023249645892065018, 0.0002605494228191674, 0.00028331176145002246, 0.0003164473455399275, 0.00019620181410573423, 0.0001311093074036762, 7.43992641218938e-05, 4.8223435442196205e-05, 6.497892900370061e-05, 0.00013126777776051313, 0.00013138784561306238, 0.0001310228108195588, 0.00011645330232568085, 9.977102308766916e-05, 0.0001531622838228941, 0.000118773736176081, 9.520664752926677e-05, 0.00013477972242981195, 9.044864418683574e-05, 7.552704482804984e-05, 5.9840687754331157e-05, 4.785395503859036e-05, 8.876111678546295e-05, 7.036350871203467e-05, 4.9581401981413364e-05, 4.57575915788766e-05, 5.3212777856970206e-05, 5.904474528506398e-05, 4.590689786709845e-05, 4.588171941577457e-05, 5.5864624300738797e-05, 4.5327000407269225e-05, 5.0363927584839985e-05, 4.727359555545263e-05, 4.09205567848403e-05, 3.059001755900681e-05, 3.0910417990526184e-05, 2.6584873921819963e-05, 1.6643069102428854e-05, 2.0890291125397198e-05, 1.79922571987845e-05, 1.0836500223376788e-05, 1.3248177310742904e-05, 1.444278041162761e-05, 1.720073305477854e-05, 2.910688090196345e-05, 3.806555469054729e-05, 3.070686580031179e-05, 1.753212563926354e-05, 1.85710123332683e-05, 1.873551809694618e-05, 1.8174936485593207e-05, 1.631474879104644e-05, 1.4622813978348859e-05, 8.713230272405781e-06, 3.36797779709741e-06, 2.4153353024303215e-06, 1.938514742505504e-06, 1.5511709534621332e-06, 1.7617637695366284e-06, 2.6246527795592556e-06, 7.856875527068041e-06, 3.7809935747645795e-05, 8.110566704999655e-05, 5.1783601520583034e-05, 2.379876605118625e-05, 7.0397372837760486e-06, 2.225140406153514e-06, 1.823285742830194e-06, 1.674347004154697e-06, 1.4291215393313905e-06, 1.5324784499171074e-06, 1.4529008467434323e-06, 1.9624635569925886e-06, 2.522860313547426e-06, 3.7146035083424067e-06, 3.1642250633012736e-06, 2.9316188374650665e-06, 2.657550112417084e-06, 2.413871925455169e-06, 1.665743639023276e-06, 1.034710635394731e-06, 1.1231206826778362e-06, 9.742141173774144e-07, 8.549423000658862e-07, 7.95265634678799e-07, 9.595906931281206e-07, 1.3186192973080324e-06, 1.3509830978364334e-06, 1.5614572248523473e-06, 1.2609550594788743e-06, 1.330215468442475e-06, 1.0015651241701562e-06, 1.0004919204220641e-06, 1.1141642062284518e-06, 1.0284531981596956e-06, 7.757357138871157e-07, 6.359275062095548e-07, 4.3136060412507504e-07, 2.839286423750309e-07, 2.859640915175987e-07, 1.6833142524319555e-07, 1.1602144667222092e-07, 3.895871003578577e-08, 5.825927296143618e-09, 3.137549942078266e-11, 4.689450650713356e-12, 4.530383013179318e-12, 4.40253259195722e-12, 4.302217870150171e-12, 4.199782015212872e-12, 4.117468518916034e-12, 4.026832253062329e-12, 3.915899722539695e-12, 3.850557459689208e-12, 3.823641923916821e-12], "lowlevel.melbands128.stdev": [0.00022696096857544035, 0.002959877485409379, 0.00909724086523056, 0.009330886416137218, 0.005704895593225956, 0.00380472163669765, 0.001779985730536282, 0.0023744357749819756, 0.0034234747290611267, 0.0019496517488732934, 0.0011890360619872808, 0.0010037473402917385, 0.0005570455105043948, 0.0003679878427647054, 0.0004577350919134915, 0.0006313459598459303, 0.0004210267507005483, 0.000388178916182369, 0.00024923085584305227, 0.00017760813352651894, 0.00015763749252073467, 0.00033327919663861394, 0.000399794545955956, 0.0003692686150316149, 0.0003863373422063887, 0.0003031139203812927, 0.0004926250549033284, 0.00041792099364101887, 0.00032262635068036616, 0.0006090258248150349, 0.0003656723420135677, 0.00021496665431186557, 0.00017167249461635947, 0.00016910368867684156, 0.00023832610168028623, 0.00020107533782720566, 0.00015463326417375356, 0.00013495178427547216, 0.0001329793012700975, 0.00017189839854836464, 0.0001771705865394324, 0.0001228172768605873, 0.00017672739340923727, 0.00013645940634887666, 0.00013742153532803059, 0.00012689552386291325, 0.00013545450929086655, 8.719741163076833e-05, 9.460034198127687e-05, 8.184569742297754e-05, 4.089903086423874e-05, 5.068694008514285e-05, 3.057048888877034e-05, 2.2238513338379562e-05, 3.3327207347610965e-05, 2.8849712180090137e-05, 3.054131957469508e-05, 5.9050908021163195e-05, 6.48524728603661e-05, 4.8419213271699846e-05, 2.925733133452013e-05, 3.410518547752872e-05, 3.407958138268441e-05, 3.419431595830247e-05, 3.1288825994124636e-05, 2.8119517082814127e-05, 1.765447268553544e-05, 5.879435320821358e-06, 3.9345786717603914e-06, 3.21097968480899e-06, 2.801836672006175e-06, 3.0050175610085716e-06, 4.722643097920809e-06, 1.3473323633661494e-05, 4.82821196783334e-05, 0.00010263479634886608, 6.946518260519952e-05, 4.4812793930759653e-05, 1.4340977031679358e-05, 4.3149675548193045e-06, 3.6813050883210963e-06, 3.1970978398021543e-06, 2.7073369892605115e-06, 3.152606041112449e-06, 3.04928016703343e-06, 4.2342962842667475e-06, 5.037721166445408e-06, 7.9878209362505e-06, 8.018675544008147e-06, 7.062890745146433e-06, 6.1967461988388095e-06, 5.866066203452647e-06, 3.648103302111849e-06, 2.5678452857391676e-06, 2.693834858291666e-06, 1.976965450012358e-06, 2.2558522232429823e-06, 2.0336117358965566e-06, 1.7191492815982201e-06, 2.0017657789139776e-06, 2.0983623016945785e-06, 2.2885042199050076e-06, 2.128658707079012e-06, 2.3159516331361374e-06, 1.7581081692696898e-06, 1.4231699196898262e-06, 1.5801094832568197e-06, 1.5092247167558526e-06, 1.1442865570643335e-06, 9.619108141123434e-07, 7.354714171015075e-07, 4.753888731556799e-07, 4.649399159006862e-07, 3.272796789133281e-07, 2.607276030630601e-07, 1.0507837799877962e-07, 2.104082241771721e-08, 2.7130314661505395e-10, 7.117027887165728e-12, 6.8871332248310324e-12, 6.694654379468812e-12, 6.531490192446254e-12, 6.3811299993998816e-12, 6.263383041382742e-12, 6.1645246199337755e-12, 6.084588128479895e-12, 6.027543481695874e-12, 5.9925762269097405e-12], "lowlevel.mfcc.mean": [-629.896240234375, 103.92869567871094, 8.938167572021484, 32.53296661376953, 8.134454727172852, 12.807765007019043, 4.425588130950928, -2.288079023361206, 2.590564250946045, -12.766633987426758, -5.040154933929443, 1.6391931772232056, -19.9530086517334], "lowlevel.spectral_contrast_coeffs.mean": [-0.6501354575157166, -0.7556675672531128, -0.7788243293762207, -0.79903644323349, -0.7534372210502625, -0.7051637172698975], "lowlevel.spectral_contrast_coeffs.stdev": [0.06855661422014236, 0.0743834376335144, 0.06672149896621704, 0.05426889285445213, 0.040480226278305054, 0.040314704179763794], "lowlevel.spectral_contrast_valleys.mean": [-6.555199146270752, -7.0484514236450195, -7.451723575592041, -7.490995407104492, -7.5247578620910645, -10.016775131225586], "lowlevel.spectral_contrast_valleys.stdev": [0.7340737581253052, 0.6055263876914978, 0.6355419158935547, 0.5194615721702576, 0.6071709990501404, 0.7020998001098633], "rhythm.beats_loudness_band_ratio.mean": [0.5874327421188354, 0.18488368391990662, 0.05417191982269287, 0.06546300649642944, 0.054791975766420364, 0.12675532698631287], "rhythm.beats_loudness_band_ratio.stdev": [0.23971958458423615, 0.16769900918006897, 0.04980073869228363, 0.07692955434322357, 0.04531314969062805, 0.10261935740709305], "tonal.hpcp.mean": [0.3644866645336151, 0.21462547779083252, 0.0358317494392395, 0.03618984296917915, 0.05230562761425972, 0.19705191254615784, 0.4000454545021057, 0.28093138337135315, 0.06523744016885757, 0.030133377760648727, 0.03579660505056381, 0.06435582041740417, 0.1255241334438324, 0.10547807067632675, 0.04017139971256256, 0.036953482776880264, 0.03698567673563957, 0.04906371235847473, 0.06483837962150574, 0.056169409304857254, 0.1354413777589798, 0.27628499269485474, 0.19280493259429932, 0.05850299820303917, 0.04678976908326149, 0.04737440496683121, 0.0852416455745697, 0.13758742809295654, 0.1323251575231552, 0.09773057699203491, 0.07946508377790451, 0.060233794152736664, 0.056996457278728485, 0.060404155403375626, 0.0562400296330452, 0.19745659828186035], "tonal.hpcp.stdev": [0.42815226316452026, 0.27140241861343384, 0.08713819831609726, 0.11221661418676376, 0.1371186524629593, 0.24884365499019623, 0.4184854030609131, 0.3203498125076294, 0.17313936352729797, 0.11252852529287338, 0.12664413452148438, 0.1585066318511963, 0.24894584715366364, 0.21597473323345184, 0.11841298639774323, 0.12254226952791214, 0.1262521594762802, 0.134790301322937, 0.16316935420036316, 0.1340077668428421, 0.1875162124633789, 0.3458530306816101, 0.24608172476291656, 0.13212856650352478, 0.1075591892004013, 0.12217074632644653, 0.17473578453063965, 0.2454635500907898, 0.23161162436008453, 0.20739513635635376, 0.18455646932125092, 0.16249392926692963, 0.13409298658370972, 0.1348830610513687, 0.11596973985433578, 0.2523308992385864], "rhythm.beats_position": [0.42956915497779846, 0.8823582530021667, 1.3351473808288574, 1.7879364490509033, 2.252335548400879, 2.705124616622925, 3.1579136848449707, 3.6223127841949463, 4.086711883544922, 4.551111221313477, 5.015510082244873, 5.468299388885498, 5.921088218688965, 6.37387752532959, 6.826666355133057, 7.291065692901611, 7.755464553833008, 8.219863891601562, 8.684263229370117, 9.137051582336426, 9.58984088897705, 10.054240226745605, 10.50702953338623, 10.959818840026855, 11.424217224121094, 11.888616561889648, 12.341405868530273, 12.794195175170898, 13.246983528137207, 13.699772834777832, 14.164172172546387, 14.628571510314941, 15.09296989440918, 15.557369232177734, 16.01015853881836, 16.462947845458984, 16.90412712097168, 17.356916427612305, 17.80970573425293, 18.250883102416992, 18.692062377929688, 19.133241653442383, 19.586030960083008, 20.038820266723633, 20.491609573364258, 20.944398880004883, 21.385578155517578, 21.826757431030273, 22.2795467376709, 22.732336044311523, 23.173513412475586, 23.62630271911621, 24.067481994628906, 24.497051239013672, 24.938230514526367, 25.379409790039062, 25.808979034423828, 26.250158309936523, 26.69133758544922, 27.132516860961914, 27.57369613647461, 28.003265380859375, 28.44444465637207, 28.885623931884766, 29.326801300048828], "rhythm.bpm_histogram": [0.0, 0.0, 0.0, 0.0, 0.0, 0.0, 0.0, 0.0, 0.0, 0.0, 0.0, 0.0, 0.0, 0.0, 0.0, 0.0, 0.0, 0.0, 0.0, 0.0, 0.0, 0.0, 0.0, 0.0, 0.0, 0.0, 0.0, 0.0, 0.0, 0.0, 0.0, 0.0, 0.0, 0.0, 0.0, 0.0, 0.0, 0.0, 0.0, 0.0, 0.0, 0.0, 0.0, 0.0, 0.0, 0.0, 0.0, 0.0, 0.0, 0.0, 0.0, 0.0, 0.0, 0.0, 0.0, 0.0, 0.0, 0.0, 0.0, 0.0, 0.0, 0.0, 0.0, 0.0, 0.0, 0.0, 0.0, 0.0, 0.0, 0.0, 0.0, 0.0, 0.0, 0.0, 0.0, 0.0, 0.0, 0.0, 0.0, 0.0, 0.0, 0.0, 0.0, 0.0, 0.0, 0.0, 0.0, 0.0, 0.0, 0.0, 0.0, 0.0, 0.0, 0.0, 0.0, 0.0, 0.0, 0.0, 0.0, 0.0, 0.0, 0.0, 0.0, 0.0, 0.0, 0.0, 0.0, 0.0, 0.0, 0.0, 0.0, 0.0, 0.0, 0.0, 0.0, 0.0, 0.0, 0.0, 0.0, 0.0, 0.0, 0.0, 0.0, 0.0, 0.0, 0.0, 0.0, 0.0, 0.0, 0.25, 0.0, 0.0, 0.0, 0.4375, 0.0, 0.0, 0.265625, 0.0, 0.0, 0.0, 0.046875, 0.0, 0.0, 0.0, 0.0, 0.0, 0.0, 0.0, 0.0, 0.0, 0.0, 0.0, 0.0, 0.0, 0.0, 0.0, 0.0, 0.0, 0.0, 0.0, 0.0, 0.0, 0.0, 0.0, 0.0, 0.0, 0.0, 0.0, 0.0, 0.0, 0.0, 0.0, 0.0, 0.0, 0.0, 0.0, 0.0, 0.0, 0.0, 0.0, 0.0, 0.0, 0.0, 0.0, 0.0, 0.0, 0.0, 0.0, 0.0, 0.0, 0.0, 0.0, 0.0, 0.0, 0.0, 0.0, 0.0, 0.0, 0.0, 0.0, 0.0, 0.0, 0.0, 0.0, 0.0, 0.0, 0.0, 0.0, 0.0, 0.0, 0.0, 0.0, 0.0, 0.0, 0.0, 0.0, 0.0, 0.0, 0.0, 0.0, 0.0, 0.0, 0.0, 0.0, 0.0, 0.0, 0.0, 0.0, 0.0, 0.0, 0.0, 0.0, 0.0, 0.0, 0.0, 0.0, 0.0, 0.0, 0.0, 0.0, 0.0, 0.0, 0.0, 0.0, 0.0, 0.0, 0.0, 0.0, 0.0, 0.0], "tonal.chords_histogram": [38.46154022216797, 0.9419152140617371, 5.337519645690918, 0.0, 5.808477401733398, 0.0, 2.5117738246917725, 0.0, 0.0, 0.0, 0.0, 0.0, 0.0, 0.0, 0.0, 0.6279434561729431, 0.0, 6.907378196716309, 0.0, 16.012557983398438, 1.2558869123458862, 12.872841835021973, 0.31397172808647156, 8.94819450378418], "tonal.thpcp": [1.0, 0.7022486329078674, 0.16307507455348969, 0.0753248855471611, 0.08948134630918503, 0.16087126731872559, 0.3137746751308441, 0.26366522908210754, 0.10041708499193192, 0.09237320721149445, 0.09245368838310242, 0.12264534085988998, 0.16207753121852875, 0.14040756225585938, 0.3385649621486664, 0.69063401222229, 0.4819575548171997, 0.14624087512493134, 0.11696112900972366, 0.11842255294322968, 0.21307989954948425, 0.3439294993877411, 0.33077532052993774, 0.24429868161678314, 0.1986401379108429, 0.15056738257408142, 0.1424749493598938, 0.1509932279586792, 0.1405840963125229, 0.49358540773391724, 0.9111131429672241, 0.5365027189254761, 0.08956919610500336, 0.09046432375907898, 0.13074921071529388, 0.4925737977027893], "lowlevel.gfcc.cov": [[2573.982421875, -242.60659790039062, -88.26374816894531, -64.49170684814453, 5.470099449157715, 57.557640075683594, 131.59979248046875, 255.8673858642578, 30.818843841552734, 113.36637878417969, -44.17805862426758, 41.27446746826172, -88.28427124023438], [-242.60659790039062, 789.5618286132812, -12.270273208618164, 49.416297912597656, 246.25921630859375, 11.598215103149414, 208.7982940673828, 120.70511627197266, 163.10256958007812, -23.03600311279297, 121.23902130126953, -31.998010635375977, 32.66996383666992], [-88.26374816894531, -12.270273208618164, 629.4493408203125, 364.0901794433594, 195.72381591796875, 226.63583374023438, 131.3564453125, 36.64133834838867, 69.83485412597656, 52.3964729309082, 19.630210876464844, 31.33220100402832, 39.48978042602539], [-64.49170684814453, 49.416297912597656, 364.0901794433594, 492.73870849609375, 280.51312255859375, 109.95821380615234, 43.00356674194336, 71.92970275878906, 140.25897216796875, 51.872623443603516, 59.04458236694336, -30.763465881347656, 33.08522415161133], [5.470099449157715, 246.25921630859375, 195.72381591796875, 280.51312255859375, 409.21820068359375, 103.40866088867188, 117.7331314086914, 144.70933532714844, 184.23745727539062, 77.33746337890625, 55.15074157714844, -34.35506820678711, 6.803218841552734], [57.557640075683594, 11.598215103149414, 226.63583374023438, 109.95821380615234, 103.40866088867188, 229.8673858642578, 148.59652709960938, 33.157379150390625, 19.046283721923828, 11.528298377990723, 12.699860572814941, -0.3186163604259491, 6.479790210723877], [131.59979248046875, 208.7982940673828, 131.3564453125, 43.00356674194336, 117.7331314086914, 148.59652709960938, 294.35980224609375, 143.67929077148438, 30.516273498535156, -13.034307479858398, 31.28260040283203, 27.173728942871094, 1.4836019277572632], [255.8673858642578, 120.70511627197266, 36.64133834838867, 71.92970275878906, 144.70933532714844, 33.157379150390625, 143.67929077148438, 222.14393615722656, 118.16735076904297, 27.1678524017334, 39.561378479003906, 9.658854484558105, -18.565204620361328], [30.818843841552734, 163.10256958007812, 69.83485412597656, 140.25897216796875, 184.23745727539062, 19.046283721923828, 30.516273498535156, 118.16735076904297, 196.06344604492188, 74.74505615234375, 40.684608459472656, -35.32857131958008, -0.3275187611579895], [113.36637878417969, -23.03600311279297, 52.3964729309082, 51.872623443603516, 77.33746337890625, 11.528298377990723, -13.034307479858398, 27.1678524017334, 74.74505615234375, 115.6523208618164, 5.159267425537109, -7.302259922027588, -0.5523748397827148], [-44.17805862426758, 121.23902130126953, 19.630210876464844, 59.04458236694336, 55.15074157714844, 12.699860572814941, 31.28260040283203, 39.561378479003906, 40.684608459472656, 5.159267425537109, 103.04701232910156, 18.511676788330078, -15.449953079223633], [41.27446746826172, -31.998010635375977, 31.33220100402832, -30.763465881347656, -34.35506820678711, -0.3186163604259491, 27.173728942871094, 9.658854484558105, -35.32857131958008, -7.302259922027588, 18.511676788330078, 80.07164764404297, 18.754060745239258], [-88.28427124023438, 32.66996383666992, 39.48978042602539, 33.08522415161133, 6.803218841552734, 6.479790210723877, 1.4836019277572632, -18.565204620361328, -0.3275187611579895, -0.5523748397827148, -15.449953079223633, 18.754060745239258, 77.44771575927734]], "lowlevel.gfcc.icov": [[0.0005664239870384336, -0.00010498434858163819, 0.00036016039666719735, -0.00034851348027586937, 0.00031752276117913425, -0.000542217050679028, 0.00025254732463508844, -0.0010608372977003455, 0.0005379695794545114, -0.000881772895809263, 0.0007756538689136505, -0.0006222508964128792, 0.0007149438024498522], [-0.00010498434858163819, 0.005209321156144142, -0.0009155007428489625, 0.0030531224329024553, -0.0029352603014558554, 0.004350234288722277, -0.005729327909648418, 0.003912491723895073, -0.004481733310967684, 0.0036178561858832836, -0.006456720642745495, 0.004835338797420263, -0.004665185697376728], [0.00036016039666719735, -0.0009155007428489625, 0.005503394640982151, -0.004541225731372833, 0.0013060154160484672, -0.004199978429824114, 9.983687050407752e-05, 0.0004837817687075585, -0.0002806165430229157, -0.0019007333321496844, 0.004006112925708294, -0.005800230894237757, 0.0024702998343855143], [-0.00034851348027586937, 0.0030531224329024553, -0.004541225731372833, 0.008828097954392433, -0.00460857804864645, 0.0034715698566287756, -0.0012007923796772957, 0.001113156322389841, -0.0021385420113801956, 0.003543156199157238, -0.007524339947849512, 0.007406099699437618, -0.006014948710799217], [0.00031752276117913425, -0.0029352603014558554, 0.0013060154160484672, -0.00460857804864645, 0.008434554561972618, -0.003461151383817196, 0.0015941631281748414, -0.0030941576696932316, -0.0005340429488569498, -0.0037711928598582745, 0.0038693714886903763, -0.0023559979163110256, 0.0029926439747214317], [-0.000542217050679028, 0.004350234288722277, -0.004199978429824114, 0.0034715698566287756, -0.003461151383817196, 0.014443942345678806, -0.009928781539201736, 0.006241288967430592, -0.0032504599075764418, 0.002888327231630683, -0.006688893307000399, 0.007535420823842287, -0.004165006335824728], [0.00025254732463508844, -0.005729327909648418, 9.983687050407752e-05, -0.0012007923796772957, 0.0015941631281748414, -0.009928781539201736, 0.0164234209805727, -0.011628624983131886, 0.008289351128041744, -0.0022968503180891275, 0.005574882961809635, -0.005013555753976107, 0.0031001379247754812], [-0.0010608372977003455, 0.003912491723895073, 0.0004837817687075585, 0.001113156322389841, -0.0030941576696932316, 0.006241288967430592, -0.011628624983131886, 0.018659820780158043, -0.01279415562748909, 0.005159398540854454, -0.0033234301954507828, -0.0018101836321875453, 0.0006215159082785249], [0.0005379695794545114, -0.004481733310967684, -0.0002806165430229157, -0.0021385420113801956, -0.0005340429488569498, -0.0032504599075764418, 0.008289351128041744, -0.01279415562748909, 0.021864604204893112, -0.009613103233277798, 0.0009109288803301752, 0.004310921300202608, -0.00018468197959009558], [-0.000881772895809263, 0.0036178561858832836, -0.0019007333321496844, 0.003543156199157238, -0.0037711928598582745, 0.002888327231630683, -0.0022968503180891275, 0.005159398540854454, -0.009613103233277798, 0.01670869067311287, -0.003595359157770872, 0.0012917252024635673, -0.0026568546891212463], [0.0007756538689136505, -0.006456720642745495, 0.004006112925708294, -0.007524339947849512, 0.0038693714886903763, -0.006688893307000399, 0.005574882961809635, -0.0033234301954507828, 0.0009109288803301752, -0.003595359157770872, 0.02407323569059372, -0.01576024480164051, 0.012692711316049099], [-0.0006222508964128792, 0.004835338797420263, -0.005800230894237757, 0.007406099699437618, -0.0023559979163110256, 0.007535420823842287, -0.005013555753976107, -0.0018101836321875453, 0.004310921300202608, 0.0012917252024635673, -0.01576024480164051, 0.029746854677796364, -0.014036563225090504], [0.0007149438024498522, -0.004665185697376728, 0.0024702998343855143, -0.006014948710799217, 0.0029926439747214317, -0.004165006335824728, 0.0031001379247754812, 0.0006215159082785249, -0.00018468197959009558, -0.0026568546891212463, 0.012692711316049099, -0.014036563225090504, 0.02309129759669304]], "lowlevel.mfcc.cov": [[2558.41357421875, -211.70167541503906, -215.75857543945312, -79.60638427734375, -149.4680938720703, -152.1250762939453, 32.621925354003906, 66.26782989501953, 67.75054168701172, 92.78888702392578, 112.19923400878906, 18.586952209472656, 13.512642860412598], [-211.70167541503906, 706.1023559570312, -168.8684844970703, 25.488327026367188, 6.850126266479492, -33.418006896972656, 76.81820678710938, 117.36644744873047, 88.18024444580078, 21.686996459960938, 109.6249771118164, 82.80174255371094, 30.106922149658203], [-215.75857543945312, -168.8684844970703, 499.2571716308594, 121.02178192138672, 89.44771575927734, 197.0476531982422, 98.0672378540039, 59.8526725769043, 37.660221099853516, 11.231588363647461, -41.442691802978516, 28.247900009155273, 38.335079193115234], [-79.60638427734375, 25.488327026367188, 121.02178192138672, 367.1136169433594, 261.7579345703125, 64.77830505371094, 33.425994873046875, 61.40104675292969, 77.47406005859375, 120.73509979248047, 66.51355743408203, 12.904706954956055, 69.37164306640625], [-149.4680938720703, 6.850126266479492, 89.44771575927734, 261.7579345703125, 369.59759521484375, 107.81455993652344, -15.117439270019531, 11.381986618041992, 67.45556640625, 147.1358642578125, 71.47798156738281, 21.943830490112305, 40.61431121826172], [-152.1250762939453, -33.418006896972656, 197.0476531982422, 64.77830505371094, 107.81455993652344, 229.81729125976562, 93.70159149169922, 13.808487892150879, 49.86393356323242, 38.06670379638672, 1.7912678718566895, 22.231447219848633, -5.116462230682373], [32.621925354003906, 76.81820678710938, 98.0672378540039, 33.425994873046875, -15.117439270019531, 93.70159149169922, 217.41441345214844, 143.97445678710938, 50.99317169189453, 12.862321853637695, 48.132049560546875, 38.260135650634766, 7.6654276847839355], [66.26782989501953, 117.36644744873047, 59.8526725769043, 61.40104675292969, 11.381986618041992, 13.808487892150879, 143.97445678710938, 208.87648010253906, 70.68721771240234, 36.516357421875, 67.36907958984375, 40.13979721069336, 33.32225799560547], [67.75054168701172, 88.18024444580078, 37.660221099853516, 77.47406005859375, 67.45556640625, 49.86393356323242, 50.99317169189453, 70.68721771240234, 165.8905029296875, 78.4167251586914, 47.75368881225586, 27.551515579223633, 15.656474113464355], [92.78888702392578, 21.686996459960938, 11.231588363647461, 120.73509979248047, 147.1358642578125, 38.06670379638672, 12.862321853637695, 36.516357421875, 78.4167251586914, 170.58706665039062, 90.43026733398438, 15.304409980773926, 11.003969192504883], [112.19923400878906, 109.6249771118164, -41.442691802978516, 66.51355743408203, 71.47798156738281, 1.7912678718566895, 48.132049560546875, 67.36907958984375, 47.75368881225586, 90.43026733398438, 145.19078063964844, 58.53978729248047, 19.702865600585938], [18.586952209472656, 82.80174255371094, 28.247900009155273, 12.904706954956055, 21.943830490112305, 22.231447219848633, 38.260135650634766, 40.13979721069336, 27.551515579223633, 15.304409980773926, 58.53978729248047, 111.55805206298828, 30.752334594726562], [13.512642860412598, 30.106922149658203, 38.335079193115234, 69.37164306640625, 40.61431121826172, -5.116462230682373, 7.6654276847839355, 33.32225799560547, 15.656474113464355, 11.003969192504883, 19.702865600585938, 30.752334594726562, 105.05879974365234]], "lowlevel.mfcc.icov": [[0.0005174180842004716, 0.0003733344783540815, 0.0002688589447643608, 2.182088246627245e-05, 0.00033655387233011425, 0.00021690047287847847, -0.0001874370500445366, -3.79290031560231e-05, -0.0003181148786097765, -0.0003455021360423416, -0.00030687186517752707, -0.00012248291750438511, -0.00020288875384721905], [0.0003733344783540815, 0.0023738888558000326, 0.0012577270390465856, -0.00019761569274123758, 0.00020448543364182115, -0.0001890922721941024, -0.00016120719374157488, -0.000858753512147814, -0.0010934752644971013, 0.0007071118452586234, -0.0009031696245074272, -0.001027892460115254, -0.0003017215058207512], [0.0002688589447643608, 0.0012577270390465856, 0.004612303338944912, -0.0013768075732514262, 0.0009204372763633728, -0.0035716998390853405, 0.0004542123060673475, -0.002019068691879511, 9.069483348866925e-05, -0.00014270188694354147, 0.0020398886408656836, -0.001689148019067943, -0.0009780825348570943], [2.182088246627245e-05, -0.00019761569274123758, -0.0013768075732514262, 0.007276523392647505, -0.004861911758780479, 0.0021593812853097916, -0.0018121752655133605, 0.0003514906275086105, -0.0009129115496762097, -0.0005475349607877433, -0.0006065161433070898, 0.0019835808780044317, -0.002516600303351879], [0.00033655387233011425, 0.00020448543364182115, 0.0009204372763633728, -0.004861911758780479, 0.009007208049297333, -0.004344728775322437, 0.003762889886274934, -0.001075285137630999, 0.0008452166803181171, -0.003629357786849141, -0.000637443212326616, -0.0010136548662558198, -0.0001840765035012737], [0.00021690047287847847, -0.0001890922721941024, -0.0035716998390853405, 0.0021593812853097916, -0.004344728775322437, 0.012358776293694973, -0.007562314625829458, 0.0054534911178052425, -0.0022034032735973597, -0.0005698700551874936, 0.0010310125071555376, -0.0005091559723950922, 0.001350986072793603], [-0.0001874370500445366, -0.00016120719374157488, 0.0004542123060673475, -0.0018121752655133605, 0.003762889886274934, -0.007562314625829458, 0.014558463357388973, -0.00917006004601717, 0.0010102810338139534, 0.0014348573749884963, -0.002420637058094144, -0.0002278641186421737, 0.0013443194329738617], [-3.79290031560231e-05, -0.000858753512147814, -0.002019068691879511, 0.0003514906275086105, -0.001075285137630999, 0.0054534911178052425, -0.00917006004601717, 0.013433724641799927, -0.0026670945808291435, -0.00022924186487216502, -0.0018086230847984552, 0.0006243436364457011, -0.0015769792953506112], [-0.0003181148786097765, -0.0010934752644971013, 9.069483348866925e-05, -0.0009129115496762097, 0.0008452166803181171, -0.0022034032735973597, 0.0010102810338139534, -0.0026670945808291435, 0.009921959601342678, -0.00421427097171545, 0.00177788978908211, -0.001024753786623478, 0.00019147216517012566], [-0.0003455021360423416, 0.0007071118452586234, -0.00014270188694354147, -0.0005475349607877433, -0.003629357786849141, -0.0005698700551874936, 0.0014348573749884963, -0.00022924186487216502, -0.00421427097171545, 0.015539785847067833, -0.008291116915643215, 0.00295431655831635, 0.001289275474846363], [-0.00030687186517752707, -0.0009031696245074272, 0.0020398886408656836, -0.0006065161433070898, -0.000637443212326616, 0.0010310125071555376, -0.002420637058094144, -0.0018086230847984552, 0.00177788978908211, -0.008291116915643215, 0.018040291965007782, -0.007181461434811354, 0.0003236479824408889], [-0.00012248291750438511, -0.001027892460115254, -0.001689148019067943, 0.0019835808780044317, -0.0010136548662558198, -0.0005091559723950922, -0.0002278641186421737, 0.0006243436364457011, -0.001024753786623478, 0.00295431655831635, -0.007181461434811354, 0.014622390270233154, -0.0032875435426831245], [-0.00020288875384721905, -0.0003017215058207512, -0.0009780825348570943, -0.002516600303351879, -0.0001840765035012737, 0.001350986072793603, 0.0013443194329738617, -0.0015769792953506112, 0.00019147216517012566, 0.001289275474846363, 0.0003236479824408889, -0.0032875435426831245, 0.012926771305501461]], "metadata.audio_properties.analysis.downmix": "mix", "metadata.audio_properties.codec": "mp3", "metadata.audio_properties.md5_encoded": "6cac143ec50ca6cab302efe40907c35e", "metadata.tags.file_name": "1183714145682604063.mp3", "metadata.version.essentia": "2.1-beta6-dev", "metadata.version.essentia_git_sha": "v2.1_beta5-1110-g77a6a954", "metadata.version.extractor": "music 2.0", "tonal.chords_key": "A", "tonal.chords_scale": "major", "tonal.key_edma.key": "A", "tonal.key_edma.scale": "major", "tonal.key_krumhansl.key": "A", "tonal.key_krumhansl.scale": "major", "tonal.key_temperley.key": "A", "tonal.key_temperley.scale": "maj