{"song_id": "1183682199602614332", "download": "https://cdn.discordapp.com/attachments/1135911532732108921/1183682199602614332/chirp.mp4?ex=658938f4&amp", "lyrics": "[Verse]\nIn the realm of QA, we rise\nWith eagle eyes, we scrutinize\nBugs and errors, we'll neutralize\nImproving systems, reaching the skies\n\n[Chorus]\nQuality Assurance, our guiding light\nWe ensure perfection, with all our might\nTesting and debugging, both day and night\nQA warriors, we strive for what's right", "style": ["melodic metal"], "essentia_features": {"lowlevel.average_loudness": 0.9830474257469177, "lowlevel.barkbands_crest.mean": 9.542638778686523, "lowlevel.barkbands_crest.stdev": 3.1879451274871826, "lowlevel.barkbands_flatness_db.mean": 0.11175185441970825, "lowlevel.barkbands_flatness_db.stdev": 0.027070216834545135, "lowlevel.barkbands_kurtosis.mean": 2.6975693702697754, "lowlevel.barkbands_kurtosis.stdev": 3.9081649780273438, "lowlevel.barkbands_skewness.mean": 1.6864545345306396, "lowlevel.barkbands_skewness.stdev": 0.8770201206207275, "lowlevel.barkbands_spread.mean": 30.828203201293945, "lowlevel.barkbands_spread.stdev": 10.565755844116211, "lowlevel.dissonance.mean": 0.48702478408813477, "lowlevel.dissonance.stdev": 0.01058134064078331, "lowlevel.dynamic_complexity": 1.1766084432601929, "lowlevel.erbbands_crest.mean": 6.985005855560303, "lowlevel.erbbands_crest.stdev": 3.478602886199951, "lowlevel.erbbands_flatness_db.mean": 0.12060139328241348, "lowlevel.erbbands_flatness_db.stdev": 0.02552185207605362, "lowlevel.erbbands_kurtosis.mean": 0.027272429317235947, "lowlevel.erbbands_kurtosis.stdev": 1.3472042083740234, "lowlevel.erbbands_skewness.mean": -0.292446494102478, "lowlevel.erbbands_skewness.stdev": 0.5890957117080688, "lowlevel.erbbands_spread.mean": 54.14280319213867, "lowlevel.erbbands_spread.stdev": 21.76763153076172, "lowlevel.hfc.mean": 33.34245300292969, "lowlevel.hfc.stdev": 13.250957489013672, "lowlevel.loudness_ebu128.integrated": -12.787755966186523, "lowlevel.loudness_ebu128.loudness_range": 0.953404426574707, "lowlevel.loudness_ebu128.momentary.mean": -12.842978477478027, "lowlevel.loudness_ebu128.momentary.stdev": 0.7057876586914062, "lowlevel.loudness_ebu128.short_term.mean": -12.767149925231934, "lowlevel.loudness_ebu128.short_term.stdev": 0.33746278285980225, "lowlevel.melbands_crest.mean": 16.13767433166504, "lowlevel.melbands_crest.stdev": 4.633947372436523, "lowlevel.melbands_flatness_db.mean": 0.1741674542427063, "lowlevel.melbands_flatness_db.stdev": 0.03543785959482193, "lowlevel.melbands_kurtosis.mean": 18.65121078491211, "lowlevel.melbands_kurtosis.stdev": 17.006792068481445, "lowlevel.melbands_skewness.mean": 3.6624395847320557, "lowlevel.melbands_skewness.stdev": 1.6576366424560547, "lowlevel.melbands_spread.mean": 24.092195510864258, "lowlevel.melbands_spread.stdev": 13.005082130432129, "lowlevel.pitch_salience.mean": 0.5774266123771667, "lowlevel.pitch_salience.stdev": 0.10574062168598175, "lowlevel.silence_rate_20dB.mean": 1.0, "lowlevel.silence_rate_20dB.stdev": 0.0, "lowlevel.silence_rate_30dB.mean": 1.0, "lowlevel.silence_rate_30dB.stdev": 0.0, "lowlevel.silence_rate_60dB.mean": 0.0012618296314030886, "lowlevel.silence_rate_60dB.stdev": 0.03550005704164505, "lowlevel.spectral_centroid.mean": 1635.3402099609375, "lowlevel.spectral_centroid.stdev": 433.8294982910156, "lowlevel.spectral_complexity.mean": 33.48075866699219, "lowlevel.spectral_complexity.stdev": 7.552957057952881, "lowlevel.spectral_decrease.mean": -1.1812870681637833e-08, "lowlevel.spectral_decrease.stdev": 6.0840261717487465e-09, "lowlevel.spectral_energy.mean": 0.04760878533124924, "lowlevel.spectral_energy.stdev": 0.02364896610379219, "lowlevel.spectral_energyband_high.mean": 0.0019376588752493262, "lowlevel.spectral_energyband_high.stdev": 0.001329793012700975, "lowlevel.spectral_energyband_low.mean": 0.025302480906248093, "lowlevel.spectral_energyband_low.stdev": 0.01968241110444069, "lowlevel.spectral_energyband_middle_high.mean": 0.007330250460654497, "lowlevel.spectral_energyband_middle_high.stdev": 0.00474995793774724, "lowlevel.spectral_energyband_middle_low.mean": 0.015669696033000946, "lowlevel.spectral_energyband_middle_low.stdev": 0.012783363461494446, "lowlevel.spectral_entropy.mean": 8.000954627990723, "lowlevel.spectral_entropy.stdev": 0.15326520800590515, "lowlevel.spectral_flux.mean": 0.12182435393333435, "lowlevel.spectral_flux.stdev": 0.04864995554089546, "lowlevel.spectral_kurtosis.mean": 2.3471031188964844, "lowlevel.spectral_kurtosis.stdev": 1.102242350578308, "lowlevel.spectral_rms.mean": 0.006626886781305075, "lowlevel.spectral_rms.stdev": 0.0015912119997665286, "lowlevel.spectral_rolloff.mean": 1352.5303955078125, "lowlevel.spectral_rolloff.stdev": 1088.1741943359375, "lowlevel.spectral_skewness.mean": 1.1772609949111938, "lowlevel.spectral_skewness.stdev": 0.2126435786485672, "lowlevel.spectral_spread.mean": 5211500.5, "lowlevel.spectral_spread.stdev": 1218975.75, "lowlevel.spectral_strongpeak.mean": 0.5781401991844177, "lowlevel.spectral_strongpeak.stdev": 0.49448269605636597, "lowlevel.zerocrossingrate.mean": 0.06795766204595566, "lowlevel.zerocrossingrate.stdev": 0.022375335916876793, "metadata.audio_properties.analysis.equal_loudness": 0.0, "metadata.audio_properties.analysis.length": 36.75732421875, "metadata.audio_properties.analysis.sample_rate": 44100.0, "metadata.audio_properties.analysis.start_time": 0.0, "metadata.audio_properties.bit_rate": 118607.0, "metadata.audio_properties.length": 36.75733184814453, "metadata.audio_properties.lossless": 0.0, "metadata.audio_properties.number_channels": 1.0, "metadata.audio_properties.replay_gain": -12.125911712646484, "metadata.audio_properties.sample_rate": 48000.0, "rhythm.beats_count": 69.0, "rhythm.beats_loudness.mean": 0.04559802636504173, "rhythm.beats_loudness.stdev": 0.012657791376113892, "rhythm.bpm": 114.21858215332031, "rhythm.bpm_histogram_first_peak_bpm": 115.0, "rhythm.bpm_histogram_first_peak_weight": 0.29230767488479614, "rhythm.bpm_histogram_second_peak_bpm": 110.0, "rhythm.bpm_histogram_second_peak_spread": 0.3333333730697632, "rhythm.bpm_histogram_second_peak_weight": 0.029411764815449715, "rhythm.danceability": 1.4859412908554077, "rhythm.onset_rate": 4.350142002105713, "tonal.chords_changes_rate": 0.07944514602422714, "tonal.chords_number_rate": 0.01134930644184351, "tonal.chords_strength.mean": 0.61346036195755, "tonal.chords_strength.stdev": 0.09551640599966049, "tonal.hpcp_crest.mean": 9.690871238708496, "tonal.hpcp_crest.stdev": 4.679530143737793, "tonal.hpcp_entropy.mean": 2.7743566036224365, "tonal.hpcp_entropy.stdev": 0.746100127696991, "tonal.key_edma.strength": 0.7706218361854553, "tonal.key_krumhansl.strength": 0.7463541626930237, "tonal.key_temperley.strength": 0.7419835925102234, "tonal.tuning_diatonic_strength": 0.7104262113571167, "tonal.tuning_equal_tempered_deviation": 0.15129028260707855, "tonal.tuning_frequency": 441.7826843261719, "tonal.tuning_nontempered_energy_ratio": 0.8461195826530457, "lowlevel.barkbands.mean": [0.0006767279119230807, 0.010976241901516914, 0.01116734929382801, 0.005441393703222275, 0.005193207412958145, 0.0017677402356639504, 0.0011889457236975431, 0.0008583563030697405, 0.0009576847078278661, 0.0007662633433938026, 0.0004934996250085533, 0.000788242497947067, 0.0008462098194286227, 0.0008083221036940813, 0.000818315427750349, 0.0007550324662588537, 0.0007544850814156234, 0.0006449216743931174, 0.0005173863028176129, 0.0005118939443491399, 0.0003941608592867851, 0.00039545827894471586, 0.00035881917574442923, 0.00029423710657283664, 0.00018798511882778257, 4.5557277189800516e-05, 3.4118593816856446e-07], "lowlevel.barkbands.stdev": [0.00037499796599149704, 0.013364548794925213, 0.009178267791867256, 0.0066438340581953526, 0.006304304581135511, 0.00425706198439002, 0.0022181286476552486, 0.0016621785471215844, 0.0017265842761844397, 0.0018173153512179852, 0.0009614850278012455, 0.0015718650538474321, 0.0013282152358442545, 0.0010866608936339617, 0.0014472462935373187, 0.0008947774767875671, 0.0006653566379100084, 0.00047295892727561295, 0.0003111735568381846, 0.0003224421525374055, 0.0002909921749960631, 0.0003592775610741228, 0.00030494312522932887, 0.00026251596864312887, 0.00016603000403847545, 5.150599463377148e-05, 8.371512194571551e-07], "lowlevel.erbbands.mean": [0.16811512410640717, 3.052772283554077, 11.987848281860352, 16.91899871826172, 22.983129501342773, 11.179574966430664, 9.864191055297852, 16.68414306640625, 16.388002395629883, 21.746429443359375, 17.516324996948242, 21.451364517211914, 24.352550506591797, 21.532691955566406, 24.672008514404297, 32.05984878540039, 38.712093353271484, 37.44171142578125, 52.176902770996094, 33.511024475097656, 45.157901763916016, 44.580387115478516, 36.75119400024414, 30.23482322692871, 23.476421356201172, 24.45191192626953, 19.36696434020996, 13.683029174804688, 14.416759490966797, 12.872222900390625, 9.4425630569458, 6.632250785827637, 4.687633514404297, 2.6942849159240723, 0.9959300756454468, 0.33596134185791016, 0.052694518119096756, 0.0035510752350091934, 0.0001241989666596055, 6.478361319750547e-05], "lowlevel.erbbands.stdev": [0.2220841497182846, 3.551276922225952, 10.218420028686523, 15.113118171691895, 30.035615921020508, 13.663039207458496, 14.74559211730957, 44.7758674621582, 31.43123435974121, 50.80601119995117, 33.04115295410156, 38.6804313659668, 50.07479476928711, 52.847496032714844, 44.47732925415039, 59.014244079589844, 58.60508728027344, 47.71262741088867, 84.46617889404297, 45.55133819580078, 47.67704391479492, 37.86492919921875, 27.871091842651367, 18.227468490600586, 13.497543334960938, 15.606891632080078, 14.748013496398926, 10.170310974121094, 13.071834564208984, 11.461156845092773, 8.023841857910156, 6.061103343963623, 4.144871711730957, 2.363260507583618, 0.9447394013404846, 0.3647199869155884, 0.07080718874931335, 0.004997928626835346, 0.00011770093988161534, 2.9527151127695106e-05], "lowlevel.gfcc.mean": [60.4553337097168, 72.69365692138672, -112.61151123046875, 63.54952621459961, -53.01149368286133, 29.510190963745117, -45.07852554321289, 14.01684856414795, -26.203018188476562, 2.5649046897888184, -19.088638305664062, -5.553985595703125, -15.891788482666016], "lowlevel.melbands.mean": [0.0023438073694705963, 0.005544826854020357, 0.0031544037628918886, 0.0012200006749480963, 0.00036722951335832477, 0.00036705497768707573, 0.00025135287432931364, 0.00023004328249953687, 0.0001419215986970812, 0.0001354767009615898, 0.00012131512630730867, 8.748863183427602e-05, 7.359413575613871e-05, 8.948726463131607e-05, 8.151561632985249e-05, 8.39851054479368e-05, 6.710516754537821e-05, 8.750553388381377e-05, 5.520130071090534e-05, 4.193669155938551e-05, 5.51222765352577e-05, 4.5493306970456615e-05, 4.054103555972688e-05, 2.7491103537613526e-05, 2.4507702619303018e-05, 1.758779580995906e-05, 1.6984931789920665e-05, 1.5820120097487234e-05, 1.2980366591364145e-05, 9.280620361096226e-06, 7.373743301286595e-06, 8.275384971057065e-06, 7.485418336727889e-06, 7.141168680391274e-06, 5.582049197982997e-06, 4.548698598227929e-06, 3.926893896277761e-06, 3.406469431865844e-06, 2.8088588805985637e-06, 2.0793881958525162e-06], "lowlevel.melbands.stdev": [0.0029303838964551687, 0.004647218156605959, 0.002786308526992798, 0.0015076198615133762, 0.0005177091807126999, 0.0009364192374050617, 0.00045766824041493237, 0.0005126682808622718, 0.00027483096346259117, 0.00024909269995987415, 0.00025679540704004467, 0.00022632702894043177, 0.00013927176769357175, 0.0001905247918330133, 0.00014345192175824195, 0.00013398248120211065, 9.145282092504203e-05, 0.00014212311361916363, 9.709661389933899e-05, 5.7215886045014486e-05, 5.721415800508112e-05, 4.1569805034669116e-05, 3.495383498375304e-05, 2.0247169231879525e-05, 1.5782734408276156e-05, 1.1178070963069331e-05, 1.0622083209455013e-05, 1.0834723980224226e-05, 1.077521937986603e-05, 6.673576535831671e-06, 6.028026746207615e-06, 7.520246981584933e-06, 7.5255625233694445e-06, 6.5057247411459684e-06, 4.754622295877198e-06, 4.357857051218161e-06, 3.6845556223852327e-06, 3.147046754747862e-06, 2.443050789224799e-06, 1.929239488163148e-06], "lowlevel.melbands128.mean": [0.0001867447717813775, 0.0007445411174558103, 0.0030963830649852753, 0.005653765052556992, 0.006347373593598604, 0.005276525858789682, 0.0034633928444236517, 0.002575347200036049, 0.0026745416689664125, 0.0010502432705834508, 0.0004099507350474596, 0.0004866653180215508, 0.0002887546143028885, 0.00031545021920464933, 0.00039327997365035117, 0.0004055531171616167, 0.00030055028037168086, 0.00019154437177348882, 0.00022362638264894485, 0.00028594379546120763, 0.00020947694429196417, 0.00013578616199083626, 0.00013003312051296234, 0.0001531037560198456, 0.0001352749823126942, 0.00013544944522436708, 0.00012290204176679254, 0.00012908979260828346, 0.00010954388562822714, 9.587071690475568e-05, 8.062152483034879e-05, 6.639761704718694e-05, 6.49586581857875e-05, 8.579350833315402e-05, 9.342829434899613e-05, 9.212837176164612e-05, 7.974759500939399e-05, 8.135071402648464e-05, 7.574311166536063e-05, 9.670457802712917e-05, 8.770444401307032e-05, 6.70735098537989e-05, 5.6631866755196825e-05, 7.186619768617675e-05, 8.675197750562802e-05, 9.270205191569403e-05, 8.748735854169354e-05, 5.910809341003187e-05, 3.9204955101013184e-05, 3.815507443505339e-05, 3.9068341720849276e-05, 4.887875547865406e-05, 6.106938963057473e-05, 5.5904292821651325e-05, 4.4044048991054296e-05, 4.476414687815122e-05, 4.858766988036223e-05, 4.0741597331361845e-05, 4.0558679756941274e-05, 3.291758548584767e-05, 2.4673474399605766e-05, 2.5499130060779862e-05, 2.6271787646692246e-05, 2.5026709408848546e-05, 2.0448262148420326e-05, 1.73241387528833e-05, 1.5700947187724523e-05, 1.5398230971186422e-05, 1.7118969481089152e-05, 2.0301567928981967e-05, 1.5372408597613685e-05, 1.3546071386372205e-05, 1.4914071471139323e-05, 1.3013920579396654e-05, 1.0742394806584343e-05, 9.954294000635855e-06, 8.19275555841159e-06, 7.86617056292016e-06, 6.7710930125031155e-06, 7.3249320848844945e-06, 8.662052096042316e-06, 8.533397704013623e-06, 8.015268576855306e-06, 7.381237992376555e-06, 6.888845746289007e-06, 7.487338734790683e-06, 7.156085757742403e-06, 6.654116532445187e-06, 5.286068244458875e-06, 5.112901362736011e-06, 4.838117092731409e-06, 4.561548848869279e-06, 3.757066906473483e-06, 3.871299213642487e-06, 4.088092737219995e-06, 3.689022832986666e-06, 3.1586037039232906e-06, 3.188683194821351e-06, 2.733175961111556e-06, 2.718381438171491e-06, 2.560878556323587e-06, 1.8817147520167055e-06, 1.6746599840189447e-06, 1.3452818166115321e-06, 1.0455235042172717e-06, 8.305634651151195e-07, 8.171400622813962e-07, 8.340658155248093e-07, 5.382524363994889e-07, 3.953149985136406e-07, 3.2954960715869674e-07, 1.934049009832961e-07, 1.2641345392694348e-07, 7.244494781843969e-08, 4.5099465495468394e-08, 2.7210363739982313e-08, 1.3406011412087082e-08, 1.578512098809881e-09, 1.008465012886095e-11, 6.180585557236107e-12, 5.921604352698839e-12, 5.7688537107025706e-12, 5.6236126866338054e-12, 5.517950679712058e-12, 5.406729751411543e-12, 5.283330196947933e-12, 5.206511003580383e-12, 5.172243276035937e-12], "lowlevel.melbands128.stdev": [0.00015207812248263508, 0.0010743369348347187, 0.004491849336773157, 0.006861677393317223, 0.006247172597795725, 0.004336128477007151, 0.0034132369328290224, 0.0036425204016268253, 0.0038197177927941084, 0.0015004121232777834, 0.0006848250050097704, 0.0007815605495125055, 0.00046935302088968456, 0.0009326367289759219, 0.0012213346781209111, 0.0014436404453590512, 0.000756835681386292, 0.000431128719355911, 0.0005006160936318338, 0.0009026864427141845, 0.0004610914911609143, 0.00035879947245121, 0.0003307392471469939, 0.00039135251427069306, 0.00031716300873085856, 0.0003447838535066694, 0.0003008978092111647, 0.0003313144843559712, 0.00030841026455163956, 0.00032847863622009754, 0.00024273412418551743, 0.00017504014249425381, 0.00016938774206209928, 0.00018465322500560433, 0.0002609735238365829, 0.00025594947510398924, 0.00016907979443203658, 0.00019512658764142543, 0.0001471292634960264, 0.00018337224901188165, 0.00017726156511344016, 0.0001271658402401954, 0.00010452206333866343, 0.00012115276331314817, 0.00014744937652722, 0.00019019021419808269, 0.00019819833687506616, 0.00013141737144906074, 8.47572591737844e-05, 6.063278124202043e-05, 5.968835830572061e-05, 8.257711306214333e-05, 8.620447624707595e-05, 5.9282287111273035e-05, 4.921705476590432e-05, 5.128737757331692e-05, 5.510316259460524e-05, 4.2572217353153974e-05, 4.445180093171075e-05, 3.253750401199795e-05, 2.4115852284012362e-05, 2.2774367607780732e-05, 2.1423544239951298e-05, 2.0688508811872452e-05, 1.694922502792906e-05, 1.4124417248240206e-05, 1.2618083019333426e-05, 1.208011235576123e-05, 1.3307731023814995e-05, 1.6856252841535024e-05, 1.349457488686312e-05, 1.1713820640579797e-05, 1.4188733985065483e-05, 1.3693264008907136e-05, 1.0349067451898009e-05, 7.980651389516424e-06, 7.2293651101063006e-06, 6.812225365138147e-06, 7.040289347060025e-06, 7.098009518813342e-06, 9.093799235415645e-06, 8.941734449763317e-06, 9.089838385989424e-06, 8.411206181335729e-06, 7.685379387112334e-06, 7.552028364443686e-06, 7.563258350273827e-06, 6.455969923990779e-06, 4.814965450350428e-06, 5.248876732366625e-06, 5.05615389556624e-06, 4.911137693852652e-06, 4.118395281693665e-06, 3.999345608463045e-06, 4.13142743127537e-06, 3.899950570485089e-06, 3.196694478901918e-06, 3.205920620530378e-06, 2.654639729371411e-06, 2.5783224373299163e-06, 2.4799617222015513e-06, 1.9535286810423713e-06, 1.8194023141404614e-06, 1.4779326420466532e-06, 1.1748501265174127e-06, 9.054533620656002e-07, 9.794673587748548e-07, 8.851119446262601e-07, 6.924210538272746e-07, 5.760046519753814e-07, 4.65923164938431e-07, 3.05412328316379e-07, 2.462896020460903e-07, 1.5394938657209423e-07, 7.747055263962466e-08, 6.10392589805997e-08, 3.1356478302768664e-08, 5.6235593959286234e-09, 1.1099274277448501e-10, 1.0014004382663533e-11, 8.429113310115532e-12, 8.160555564629135e-12, 7.987130054565306e-12, 7.845573149478646e-12, 7.728232984116623e-12, 7.634132041800523e-12, 7.565628679095937e-12, 7.523502654205316e-12], "lowlevel.mfcc.mean": [-575.0587768554688, 87.92062377929688, 8.737067222595215, 34.222232818603516, 20.22100067138672, 14.160004615783691, 4.289947509765625, 6.640880584716797, 1.2801220417022705, 3.8207743167877197, 1.5397660732269287, 2.1258316040039062, -1.490870714187622], "lowlevel.spectral_contrast_coeffs.mean": [-0.6863911747932434, -0.7863872051239014, -0.81867915391922, -0.803269624710083, -0.8068243265151978, -0.7626103758811951], "lowlevel.spectral_contrast_coeffs.stdev": [0.06110311299562454, 0.06758194416761398, 0.04402501508593559, 0.03832172974944115, 0.021080000326037407, 0.02597269043326378], "lowlevel.spectral_contrast_valleys.mean": [-6.073037624359131, -6.438748359680176, -6.930225372314453, -6.7758870124816895, -6.550145626068115, -9.0888671875], "lowlevel.spectral_contrast_valleys.stdev": [0.6011152267456055, 0.5953182578086853, 0.6679502129554749, 0.49829018115997314, 0.4704550802707672, 0.5881128311157227], "rhythm.beats_loudness_band_ratio.mean": [0.6167298555374146, 0.1403668373823166, 0.08119378983974457, 0.07874706387519836, 0.09542237222194672, 0.06919290870428085], "rhythm.beats_loudness_band_ratio.stdev": [0.13593916594982147, 0.11018544435501099, 0.07953933626413345, 0.08547279238700867, 0.07086893916130066, 0.03902123123407364], "tonal.hpcp.mean": [0.05466705560684204, 0.05231932923197746, 0.05236554890871048, 0.048919808119535446, 0.0405476875603199, 0.03935178741812706, 0.05810561776161194, 0.12322627753019333, 0.3226184546947479, 0.4009857773780823, 0.2290753871202469, 0.10185505449771881, 0.07511741667985916, 0.06922001391649246, 0.0729515478014946, 0.09215010702610016, 0.0891394391655922, 0.07101059705018997, 0.07940507680177689, 0.10502730309963226, 0.11395885050296783, 0.10157789289951324, 0.10457690805196762, 0.13670799136161804, 0.13756278157234192, 0.10590376704931259, 0.09452886134386063, 0.10423952341079712, 0.14650806784629822, 0.2893652021884918, 0.35105952620506287, 0.23220451176166534, 0.1510644108057022, 0.1460009664297104, 0.11778070032596588, 0.07096710801124573], "tonal.hpcp.stdev": [0.11924711614847183, 0.12453890591859818, 0.12404293566942215, 0.12899401783943176, 0.0978265181183815, 0.09437406808137894, 0.13247616589069366, 0.19939884543418884, 0.3308500647544861, 0.38667166233062744, 0.27121901512145996, 0.18375153839588165, 0.15498299896717072, 0.14292380213737488, 0.1564730852842331, 0.19852428138256073, 0.194608673453331, 0.15477250516414642, 0.15533044934272766, 0.18831436336040497, 0.20376355946063995, 0.1900661438703537, 0.19935837388038635, 0.25442367792129517, 0.2655068337917328, 0.21099767088890076, 0.19949232041835785, 0.21416562795639038, 0.24747976660728455, 0.32889318466186523, 0.36596915125846863, 0.28380462527275085, 0.2592601180076599, 0.27778559923171997, 0.2436380386352539, 0.15558220446109772], "rhythm.beats_position": [0.5108389854431152, 1.0448979139328003, 1.590566873550415, 2.1362357139587402, 2.693514585494995, 3.2275736331939697, 3.7616326808929443, 4.29569149017334, 4.818140506744385, 5.34058952331543, 5.863038539886475, 6.3854875564575195, 6.9079365730285645, 7.430385589599609, 7.952834129333496, 8.4752836227417, 9.009342193603516, 9.543400764465332, 10.065850257873535, 10.588298797607422, 11.110748291015625, 11.633196830749512, 12.155646324157715, 12.678094863891602, 13.200544357299805, 13.722992897033691, 14.257051467895508, 14.779500961303711, 15.301949501037598, 15.83600902557373, 16.346847534179688, 16.88090705871582, 17.414966583251953, 17.925804138183594, 18.448253631591797, 18.970703125, 19.49315071105957, 20.015600204467773, 20.538049697875977, 21.06049919128418, 21.59455680847168, 22.128616333007812, 22.639455795288086, 23.16190528869629, 23.69596290588379, 24.218412399291992, 24.740861892700195, 25.263309478759766, 25.7973690032959, 26.3198184967041, 26.842267990112305, 27.364715576171875, 27.887165069580078, 28.40961456298828, 28.93206214904785, 29.454511642456055, 29.976961135864258, 30.51102066040039, 31.03346824645996, 31.555917739868164, 32.078365325927734, 32.60081481933594, 33.1348762512207, 33.65732192993164, 34.179771423339844, 34.70222091674805, 35.22467041015625, 35.74711990356445, 36.269569396972656], "rhythm.bpm_histogram": [0.0, 0.0, 0.0, 0.0, 0.0, 0.0, 0.0, 0.0, 0.0, 0.0, 0.0, 0.0, 0.0, 0.0, 0.0, 0.0, 0.0, 0.0, 0.0, 0.0, 0.0, 0.0, 0.0, 0.0, 0.0, 0.0, 0.0, 0.0, 0.0, 0.0, 0.0, 0.0, 0.0, 0.0, 0.0, 0.0, 0.0, 0.0, 0.0, 0.0, 0.0, 0.0, 0.0, 0.0, 0.0, 0.0, 0.0, 0.0, 0.0, 0.0, 0.0, 0.0, 0.0, 0.0, 0.0, 0.0, 0.0, 0.0, 0.0, 0.0, 0.0, 0.0, 0.0, 0.0, 0.0, 0.0, 0.0, 0.0, 0.0, 0.0, 0.0, 0.0, 0.0, 0.0, 0.0, 0.0, 0.0, 0.0, 0.0, 0.0, 0.0, 0.0, 0.0, 0.0, 0.0, 0.0, 0.0, 0.0, 0.0, 0.0, 0.0, 0.0, 0.0, 0.0, 0.0, 0.0, 0.0, 0.0, 0.0, 0.0, 0.0, 0.0, 0.0, 0.0, 0.0, 0.0, 0.0, 0.0, 0.014705882407724857, 0.0, 0.029411764815449715, 0.0, 0.23529411852359772, 0.0, 0.0, 0.6764705777168274, 0.0, 0.04411764815449715, 0.0, 0.0, 0.0, 0.0, 0.0, 0.0, 0.0, 0.0, 0.0, 0.0, 0.0, 0.0, 0.0, 0.0, 0.0, 0.0, 0.0, 0.0, 0.0, 0.0, 0.0, 0.0, 0.0, 0.0, 0.0, 0.0, 0.0, 0.0, 0.0, 0.0, 0.0, 0.0, 0.0, 0.0, 0.0, 0.0, 0.0, 0.0, 0.0, 0.0, 0.0, 0.0, 0.0, 0.0, 0.0, 0.0, 0.0, 0.0, 0.0, 0.0, 0.0, 0.0, 0.0, 0.0, 0.0, 0.0, 0.0, 0.0, 0.0, 0.0, 0.0, 0.0, 0.0, 0.0, 0.0, 0.0, 0.0, 0.0, 0.0, 0.0, 0.0, 0.0, 0.0, 0.0, 0.0, 0.0, 0.0, 0.0, 0.0, 0.0, 0.0, 0.0, 0.0, 0.0, 0.0, 0.0, 0.0, 0.0, 0.0, 0.0, 0.0, 0.0, 0.0, 0.0, 0.0, 0.0, 0.0, 0.0, 0.0, 0.0, 0.0, 0.0, 0.0, 0.0, 0.0, 0.0, 0.0, 0.0, 0.0, 0.0, 0.0, 0.0, 0.0, 0.0, 0.0, 0.0, 0.0, 0.0, 0.0, 0.0, 0.0, 0.0, 0.0, 0.0, 0.0, 0.0, 0.0, 0.0, 0.0, 0.0, 0.0, 0.0], "tonal.chords_histogram": [48.4237060546875, 3.783102035522461, 3.278688430786133, 2.7742748260498047, 0.0, 0.0, 0.0, 2.2698612213134766, 0.0, 0.0, 0.0, 0.0, 0.0, 0.0, 0.5044136047363281, 12.484236717224121, 7.944514274597168, 17.02396011352539, 0.0, 0.0, 0.0, 0.0, 1.5132408142089844, 0.0], "tonal.thpcp": [1.0, 0.5712805986404419, 0.2540116310119629, 0.18733187019824982, 0.1726246178150177, 0.1819305121898651, 0.22980891168117523, 0.22230075299739838, 0.17709006369113922, 0.1980246752500534, 0.26192277669906616, 0.28419673442840576, 0.2533204257488251, 0.2607995569705963, 0.34092977643013, 0.34306150674819946, 0.2641085386276245, 0.23574118316173553, 0.2599581480026245, 0.3653697371482849, 0.721634566783905, 0.875491201877594, 0.5790841579437256, 0.37673258781433105, 0.36410510540008545, 0.2937278747558594, 0.1769816130399704, 0.13633166253566742, 0.13047677278518677, 0.13059203326702118, 0.1219988614320755, 0.10112001746892929, 0.09813761711120605, 0.1449069231748581, 0.3073083460330963, 0.8045633435249329], "lowlevel.gfcc.cov": [[1899.3033447265625, -3.1166203022003174, 13.072887420654297, -19.412246704101562, -123.8048095703125, 89.94245147705078, -5.9334235191345215, 28.081172943115234, -63.74580383300781, 7.903351783752441, -65.0814437866211, 11.379525184631348, -69.60772705078125], [-3.1166203022003174, 246.0947723388672, -102.1264419555664, -65.51942443847656, 14.378376960754395, -24.251802444458008, 60.237239837646484, 13.3150053024292, 24.58115005493164, -18.35188865661621, 32.24834442138672, -13.999872207641602, 26.048885345458984], [13.072887420654297, -102.1264419555664, 309.86981201171875, 113.81927490234375, -23.535188674926758, -24.150089263916016, -67.63787078857422, -48.51249313354492, -54.835914611816406, 1.1093565225601196, -36.995948791503906, 27.043996810913086, 0.8583077192306519], [-19.412246704101562, -65.51942443847656, 113.81927490234375, 246.15570068359375, 65.6845703125, -31.231521606445312, -87.72740936279297, -49.49513626098633, 31.62499237060547, 18.757511138916016, 2.399705171585083, -7.469602108001709, 32.007144927978516], [-123.8048095703125, 14.378376960754395, -23.535188674926758, 65.6845703125, 148.54336547851562, 19.960988998413086, 19.300376892089844, 2.1966488361358643, 40.9916877746582, 16.14740562438965, 1.2110553979873657, -11.193174362182617, 9.706174850463867], [89.94245147705078, -24.251802444458008, -24.150089263916016, -31.231521606445312, 19.960988998413086, 135.04359436035156, 97.14676666259766, 33.68088912963867, -34.02994155883789, -39.643821716308594, -10.784536361694336, -15.623373985290527, -19.092164993286133], [-5.9334235191345215, 60.237239837646484, -67.63787078857422, -87.72740936279297, 19.300376892089844, 97.14676666259766, 199.1650848388672, 78.91947937011719, -24.854450225830078, -61.98540496826172, -8.288874626159668, -4.725712776184082, -15.07627010345459], [28.081172943115234, 13.3150053024292, -48.51249313354492, -49.49513626098633, 2.1966488361358643, 33.68088912963867, 78.91947937011719, 85.67383575439453, 26.6614933013916, -10.872516632080078, -9.509066581726074, -6.058149337768555, -7.966098785400391], [-63.74580383300781, 24.58115005493164, -54.835914611816406, 31.62499237060547, 40.9916877746582, -34.02994155883789, -24.854450225830078, 26.6614933013916, 115.55860137939453, 66.05107879638672, 18.049060821533203, -23.646137237548828, 2.758392572402954], [7.903351783752441, -18.35188865661621, 1.1093565225601196, 18.757511138916016, 16.14740562438965, -39.643821716308594, -61.98540496826172, -10.872516632080078, 66.05107879638672, 95.71951293945312, 27.713254928588867, -0.691616415977478, -7.005429744720459], [-65.0814437866211, 32.24834442138672, -36.995948791503906, 2.399705171585083, 1.2110553979873657, -10.784536361694336, -8.288874626159668, -9.509066581726074, 18.049060821533203, 27.713254928588867, 62.31019592285156, 19.620052337646484, 6.302724361419678], [11.379525184631348, -13.999872207641602, 27.043996810913086, -7.469602108001709, -11.193174362182617, -15.623373985290527, -4.725712776184082, -6.058149337768555, -23.646137237548828, -0.691616415977478, 19.620052337646484, 57.356483459472656, 19.10727310180664], [-69.60772705078125, 26.048885345458984, 0.8583077192306519, 32.007144927978516, 9.706174850463867, -19.092164993286133, -15.07627010345459, -7.966098785400391, 2.758392572402954, -7.005429744720459, 6.302724361419678, 19.10727310180664, 55.96665573120117]], "lowlevel.gfcc.icov": [[0.0010418553138151765, -0.00191286311019212, 0.0010963001986965537, -0.0019664247520267963, 0.0016989280702546239, -0.0021809919271618128, 0.0010806923964992166, -0.0010450014378875494, 0.001359937246888876, -0.0025962362997233868, 0.003953741863369942, -0.003467799397185445, 0.0027442758437246084], [-0.00191286311019212, 0.012420762330293655, -0.00270382734015584, 0.007569143082946539, -0.004784593358635902, 0.008993050083518028, -0.006108161993324757, 0.004730614367872477, -0.004856277722865343, 0.009078744798898697, -0.0146857388317585, 0.014079193584620953, -0.011299025267362595], [0.0010963001986965537, -0.00270382734015584, 0.008034758269786835, -0.006829725578427315, 0.0037779160775244236, -0.002316470490768552, 0.0007852997514419258, -0.0008639228763058782, 0.005772472359240055, -0.0073288423009216785, 0.010856828652322292, -0.00876927562057972, 0.005617149174213409], [-0.0019664247520267963, 0.007569143082946539, -0.006829725578427315, 0.01498105563223362, -0.007835484109818935, 0.005126948934048414, -0.0004239804402459413, 0.005242342595010996, -0.008573083207011223, 0.011921823024749756, -0.014647306874394417, 0.013302178122103214, -0.011668801307678223], [0.0016989280702546239, -0.004784593358635902, 0.0037779160775244236, -0.007835484109818935, 0.013723191805183887, -0.006639182101935148, -0.0013298860285431147, 0.0018383146962150931, -0.0013167363358661532, -0.007461025845259428, 0.011719664558768272, -0.009709007106721401, 0.005147535353899002], [-0.0021809919271618128, 0.008993050083518028, -0.002316470490768552, 0.005126948934048414, -0.006639182101935148, 0.021552979946136475, -0.009769758209586143, 0.0003613369772210717, 0.00325703714042902, 0.006106209475547075, -0.01412565354257822, 0.01692837104201317, -0.0074561359360814095], [0.0010806923964992166, -0.006108161993324757, 0.0007852997514419258, -0.0004239804402459413, -0.0013298860285431147, -0.009769758209586143, 0.018778933212161064, -0.01276911050081253, 0.0032128170132637024, 0.0031345710158348083, 0.0027531457599252462, -0.006685368716716766, 0.00676284683868289], [-0.0010450014378875494, 0.004730614367872477, -0.0008639228763058782, 0.005242342595010996, 0.0018383146962150931, 0.0003613369772210717, -0.01276911050081253, 0.032107170671224594, -0.019170762971043587, 0.007537221070379019, 0.002207649638876319, -0.0022748801857233047, -0.003135255305096507], [0.001359937246888876, -0.004856277722865343, 0.005772472359240055, -0.008573083207011223, -0.0013167363358661532, 0.00325703714042902, 0.0032128170132637024, -0.019170762971043587, 0.03681977838277817, -0.024334438145160675, 0.00367305101826787, 0.0070155044086277485, 0.000572834222111851], [-0.0025962362997233868, 0.009078744798898697, -0.0073288423009216785, 0.011921823024749756, -0.007461025845259428, 0.006106209475547075, 0.0031345710158348083, 0.007537221070379019, -0.024334438145160675, 0.039955850690603256, -0.022427355870604515, 0.008088679052889347, -0.002901210682466626], [0.003953741863369942, -0.0146857388317585, 0.010856828652322292, -0.014647306874394417, 0.011719664558768272, -0.01412565354257822, 0.0027531457599252462, 0.002207649638876319, 0.00367305101826787, -0.022427355870604515, 0.05081082880496979, -0.03435899689793587, 0.0171874538064003], [-0.003467799397185445, 0.014079193584620953, -0.00876927562057972, 0.013302178122103214, -0.009709007106721401, 0.01692837104201317, -0.006685368716716766, -0.0022748801857233047, 0.0070155044086277485, 0.008088679052889347, -0.03435899689793587, 0.05293676257133484, -0.02654179371893406], [0.0027442758437246084, -0.011299025267362595, 0.005617149174213409, -0.011668801307678223, 0.005147535353899002, -0.0074561359360814095, 0.00676284683868289, -0.003135255305096507, 0.000572834222111851, -0.002901210682466626, 0.0171874538064003, -0.02654179371893406, 0.03780088201165199]], "lowlevel.mfcc.cov": [[1038.05078125, 19.680694580078125, 60.7873649597168, -88.5409927368164, -71.47586059570312, 21.46529769897461, 24.319990158081055, 38.92779541015625, 8.121471405029297, -1.9484410285949707, 45.473121643066406, -1.270135760307312, -33.3031120300293], [19.680694580078125, 271.4490661621094, -109.82681274414062, -73.40377807617188, -76.24690246582031, -40.268619537353516, 37.82498550415039, 31.86272621154785, 21.895212173461914, -3.410701036453247, 11.524739265441895, 18.945205688476562, 8.993117332458496], [60.7873649597168, -109.82681274414062, 287.4121398925781, 74.48131561279297, 15.149446487426758, 12.487476348876953, -21.574861526489258, -34.49348831176758, -41.84699630737305, -43.39299774169922, -42.222171783447266, -32.84076690673828, -17.45986557006836], [-88.5409927368164, -73.40377807617188, 74.48131561279297, 219.6988983154297, 120.4521255493164, 20.135269165039062, -80.71463775634766, -69.5550765991211, -7.314103603363037, 4.712056636810303, -29.33332633972168, -13.966164588928223, 28.640417098999023], [-71.47586059570312, -76.24690246582031, 15.149446487426758, 120.4521255493164, 156.8388671875, 43.1132926940918, -70.33182525634766, -69.73273468017578, -7.86958646774292, 23.740285873413086, -8.9276762008667, -8.405745506286621, 15.944887161254883], [21.46529769897461, -40.268619537353516, 12.487476348876953, 20.135269165039062, 43.1132926940918, 83.07219696044922, 36.649383544921875, 5.962335586547852, -3.019659996032715, 6.8488874435424805, 2.7009501457214355, -6.645508289337158, -11.30277156829834], [24.319990158081055, 37.82498550415039, -21.574861526489258, -80.71463775634766, -70.33182525634766, 36.649383544921875, 159.50473022460938, 119.05465698242188, 19.497421264648438, -19.549219131469727, -2.2659389972686768, -1.1536046266555786, -29.243871688842773], [38.92779541015625, 31.86272621154785, -34.49348831176758, -69.5550765991211, -69.73273468017578, 5.962335586547852, 119.05465698242188, 145.21556091308594, 47.5617790222168, -4.592065811157227, 1.0223591327667236, -2.520305633544922, -23.002384185791016], [8.121471405029297, 21.895212173461914, -41.84699630737305, -7.314103603363037, -7.86958646774292, -3.019659996032715, 19.497421264648438, 47.5617790222168, 74.47178649902344, 41.92768859863281, 11.793351173400879, -4.739073753356934, -8.978434562683105], [-1.9484410285949707, -3.410701036453247, -43.39299774169922, 4.712056636810303, 23.740285873413086, 6.8488874435424805, -19.549219131469727, -4.592065811157227, 41.92768859863281, 79.95685577392578, 40.50353240966797, 5.966988563537598, -6.972855567932129], [45.473121643066406, 11.524739265441895, -42.222171783447266, -29.33332633972168, -8.9276762008667, 2.7009501457214355, -2.2659389972686768, 1.0223591327667236, 11.793351173400879, 40.50353240966797, 69.3602294921875, 30.48600196838379, -2.5823800563812256], [-1.270135760307312, 18.945205688476562, -32.84076690673828, -13.966164588928223, -8.405745506286621, -6.645508289337158, -1.1536046266555786, -2.520305633544922, -4.739073753356934, 5.966988563537598, 30.48600196838379, 57.21955490112305, 29.7740535736084], [-33.3031120300293, 8.993117332458496, -17.45986557006836, 28.640417098999023, 15.944887161254883, -11.30277156829834, -29.243871688842773, -23.002384185791016, -8.978434562683105, -6.972855567932129, -2.5823800563812256, 29.7740535736084, 70.51034545898438]], "lowlevel.mfcc.icov": [[0.0011411283630877733, -0.0002101355348713696, -0.0004775577690452337, 0.000420276599470526, 0.00047326169442385435, -0.0010861145565286279, 0.0010641728295013309, -0.0006271659513004124, -0.0003065069322474301, 0.0006324267014861107, -0.0011443004477769136, 0.00034290787880308926, 6.925242632860318e-05], [-0.0002101355348713696, 0.005514639429748058, 0.0019772574305534363, -0.0001925403776112944, 0.0017427232814952731, 0.0022636728826910257, -0.002563813701272011, 0.0026540004182606936, -0.0019387034699320793, 0.0010278754634782672, 0.00018860967247746885, -0.00027382379630580544, -0.0004862197965849191], [-0.0004775577690452337, 0.0019772574305534363, 0.005760376341640949, -0.002444856334477663, 0.0022734878584742546, -0.0001196456651086919, -0.0003439923166297376, 0.0011364305391907692, 0.0013559178914874792, 0.0012841442367061973, 0.0014984725276008248, 0.000706580001860857, 0.001692650723271072], [0.000420276599470526, -0.0001925403776112944, -0.002444856334477663, 0.010265403427183628, -0.00632223766297102, -0.0005538137047551572, 0.0022400058805942535, -0.00017591952928341925, -0.002507080091163516, 0.0008059715037234128, 0.0014951418852433562, 0.0005702894413843751, -0.002765057375654578], [0.00047326169442385435, 0.0017427232814952731, 0.0022734878584742546, -0.00632223766297102, 0.01886555552482605, -0.010400163009762764, 0.00594641687348485, 0.001251624315045774, 0.0007366613135673106, -0.003457790706306696, 0.0031966993119567633, -0.00040735205402597785, 0.0001144324050983414], [-0.0010861145565286279, 0.0022636728826910257, -0.0001196456651086919, -0.0005538137047551572, -0.010400163009762764, 0.026442768052220345, -0.016903087496757507, 0.006895139347761869, 0.0011671363608911633, -0.002141212113201618, -0.0030165601056069136, 0.002447554375976324, 1.5998586604837328e-05], [0.0010641728295013309, -0.002563813701272011, -0.0003439923166297376, 0.0022400058805942535, 0.00594641687348485, -0.016903087496757507, 0.03050239384174347, -0.021058296784758568, 0.004563594236969948, 0.0023391167633235455, 0.0027944522444158792, -0.003618702059611678, 0.004004101734608412], [-0.0006271659513004124, 0.0026540004182606936, 0.0011364305391907692, -0.00017591952928341925, 0.001251624315045774, 0.006895139347761869, -0.021058296784758568, 0.02949266880750656, -0.01566280797123909, 0.005052662920206785, -0.0011938080424442887, 0.0005706776864826679, -0.00035160075640305877], [-0.0003065069322474301, -0.0019387034699320793, 0.0013559178914874792, -0.002507080091163516, 0.0007366613135673106, 0.0011671363608911633, 0.004563594236969948, -0.01566280797123909, 0.03413020446896553, -0.020271120592951775, 0.005635428708046675, 0.0025183961261063814, -0.00025549944257363677], [0.0006324267014861107, 0.0010278754634782672, 0.0012841442367061973, 0.0008059715037234128, -0.003457790706306696, -0.002141212113201618, 0.0023391167633235455, 0.005052662920206785, -0.020271120592951775, 0.03513617813587189, -0.018394052982330322, 0.003575969021767378, 0.0019251246703788638], [-0.0011443004477769136, 0.00018860967247746885, 0.0014984725276008248, 0.0014951418852433562, 0.0031966993119567633, -0.0030165601056069136, 0.0027944522444158792, -0.0011938080424442887, 0.005635428708046675, -0.018394052982330322, 0.03573121502995491, -0.01903938502073288, 0.007009182590991259], [0.00034290787880308926, -0.00027382379630580544, 0.000706580001860857, 0.0005702894413843751, -0.00040735205402597785, 0.002447554375976324, -0.003618702059611678, 0.0005706776864826679, 0.0025183961261063814, 0.003575969021767378, -0.01903938502073288, 0.036713723093271255, -0.016215918585658073], [6.925242632860318e-05, -0.0004862197965849191, 0.001692650723271072, -0.002765057375654578, 0.0001144324050983414, 1.5998586604837328e-05, 0.004004101734608412, -0.00035160075640305877, -0.00025549944257363677, 0.0019251246703788638, 0.007009182590991259, -0.016215918585658073, 0.024603942409157753]], "metadata.audio_properties.analysis.downmix": "mix", "metadata.audio_properties.codec": "mp3", "metadata.audio_properties.md5_encoded": "7b44ea75a8411cd8d111286aadd45e3f", "metadata.tags.file_name": "1183682199602614332.mp3", "metadata.version.essentia": "2.1-beta6-dev", "metadata.version.essentia_git_sha": "v2.1_beta5-1110-g77a6a954", "metadata.version.extractor": "music 2.0", "tonal.chords_key": "C", "tonal.chords_scale": "major", "tonal.key_edma.key": "F", "tonal.key_edma.scale": "minor", "tonal.key_krumhansl.key": "C", "tonal.key_krumhansl.scale": "major", "tonal.key_temperley.key": "C", "tonal.key_temperley.scale": "major", "metadat