{"song_id": "1183675704018206730", "download": "https://cdn.discordapp.com/attachments/1135903449314238464/1183675704018206730/chirp.mp4?ex=658932e7&amp", "lyrics": "(Instrumental Outro)", "style": ["POP</span><span>, Acoustic</span><span>, Classic</span><span>, Symphony</span><span>,"], "essentia_features": {"lowlevel.average_loudness": 0.8247492909431458, "lowlevel.barkbands_crest.mean": 14.682770729064941, "lowlevel.barkbands_crest.stdev": 5.16807746887207, "lowlevel.barkbands_flatness_db.mean": 0.29639753699302673, "lowlevel.barkbands_flatness_db.stdev": 0.09873009473085403, "lowlevel.barkbands_kurtosis.mean": 23.369529724121094, "lowlevel.barkbands_kurtosis.stdev": 34.21767807006836, "lowlevel.barkbands_skewness.mean": 2.9536972045898438, "lowlevel.barkbands_skewness.stdev": 2.4400081634521484, "lowlevel.barkbands_spread.mean": 7.226982116699219, "lowlevel.barkbands_spread.stdev": 11.847075462341309, "lowlevel.dissonance.mean": 0.38587602972984314, "lowlevel.dissonance.stdev": 0.0669509544968605, "lowlevel.dynamic_complexity": 3.378251791000366, "lowlevel.erbbands_crest.mean": 13.058293342590332, "lowlevel.erbbands_crest.stdev": 5.34647798538208, "lowlevel.erbbands_flatness_db.mean": 0.2553104758262634, "lowlevel.erbbands_flatness_db.stdev": 0.08658768981695175, "lowlevel.erbbands_kurtosis.mean": 5.744153022766113, "lowlevel.erbbands_kurtosis.stdev": 9.330041885375977, "lowlevel.erbbands_skewness.mean": 1.3464418649673462, "lowlevel.erbbands_skewness.stdev": 1.3641914129257202, "lowlevel.erbbands_spread.mean": 22.605009078979492, "lowlevel.erbbands_spread.stdev": 20.038164138793945, "lowlevel.hfc.mean": 13.576189994812012, "lowlevel.hfc.stdev": 12.246842384338379, "lowlevel.loudness_ebu128.integrated": -11.423015594482422, "lowlevel.loudness_ebu128.loudness_range": 5.4295501708984375, "lowlevel.loudness_ebu128.momentary.mean": -13.055163383483887, "lowlevel.loudness_ebu128.momentary.stdev": 6.131937026977539, "lowlevel.loudness_ebu128.short_term.mean": -11.979737281799316, "lowlevel.loudness_ebu128.short_term.stdev": 2.4207050800323486, "lowlevel.melbands_crest.mean": 17.53384780883789, "lowlevel.melbands_crest.stdev": 5.308353900909424, "lowlevel.melbands_flatness_db.mean": 0.3875070810317993, "lowlevel.melbands_flatness_db.stdev": 0.12250223010778427, "lowlevel.melbands_kurtosis.mean": 32.417293548583984, "lowlevel.melbands_kurtosis.stdev": 49.546566009521484, "lowlevel.melbands_skewness.mean": 3.2532384395599365, "lowlevel.melbands_skewness.stdev": 2.5600109100341797, "lowlevel.melbands_spread.mean": 8.268253326416016, "lowlevel.melbands_spread.stdev": 16.070158004760742, "lowlevel.pitch_salience.mean": 0.465079665184021, "lowlevel.pitch_salience.stdev": 0.14061976969242096, "lowlevel.silence_rate_20dB.mean": 1.0, "lowlevel.silence_rate_20dB.stdev": 0.0, "lowlevel.silence_rate_30dB.mean": 0.9620274901390076, "lowlevel.silence_rate_30dB.stdev": 0.19111645221710205, "lowlevel.silence_rate_60dB.mean": 0.04831327497959137, "lowlevel.silence_rate_60dB.stdev": 0.2144279181957245, "lowlevel.spectral_centroid.mean": 505.09124755859375, "lowlevel.spectral_centroid.stdev": 588.7811889648438, "lowlevel.spectral_complexity.mean": 8.697915077209473, "lowlevel.spectral_complexity.stdev": 4.971851825714111, "lowlevel.spectral_decrease.mean": -1.0114050041920564e-08, "lowlevel.spectral_decrease.stdev": 8.456635391951295e-09, "lowlevel.spectral_energy.mean": 0.03940405696630478, "lowlevel.spectral_energy.stdev": 0.03236453980207443, "lowlevel.spectral_energyband_high.mean": 0.00025019593886099756, "lowlevel.spectral_energyband_high.stdev": 0.0007588281878270209, "lowlevel.spectral_energyband_low.mean": 0.015207666903734207, "lowlevel.spectral_energyband_low.stdev": 0.030258415266871452, "lowlevel.spectral_energyband_middle_high.mean": 0.0027297218330204487, "lowlevel.spectral_energyband_middle_high.stdev": 0.0055566770024597645, "lowlevel.spectral_energyband_middle_low.mean": 0.02220132388174534, "lowlevel.spectral_energyband_middle_low.stdev": 0.017985643818974495, "lowlevel.spectral_entropy.mean": 6.166106224060059, "lowlevel.spectral_entropy.stdev": 0.8652268052101135, "lowlevel.spectral_flux.mean": 0.06189621984958649, "lowlevel.spectral_flux.stdev": 0.06113746762275696, "lowlevel.spectral_kurtosis.mean": 38.50968933105469, "lowlevel.spectral_kurtosis.stdev": 66.10798645019531, "lowlevel.spectral_rms.mean": 0.005657199304550886, "lowlevel.spectral_rms.stdev": 0.0025375066325068474, "lowlevel.spectral_rolloff.mean": 669.7051391601562, "lowlevel.spectral_rolloff.stdev": 1391.6241455078125, "lowlevel.spectral_skewness.mean": 4.070455074310303, "lowlevel.spectral_skewness.stdev": 2.9057202339172363, "lowlevel.spectral_spread.mean": 3871654.25, "lowlevel.spectral_spread.stdev": 2538826.5, "lowlevel.spectral_strongpeak.mean": 1.1292088031768799, "lowlevel.spectral_strongpeak.stdev": 1.0377905368804932, "lowlevel.zerocrossingrate.mean": 0.02866390533745289, "lowlevel.zerocrossingrate.stdev": 0.04193878918886185, "metadata.audio_properties.analysis.equal_loudness": 0.0, "metadata.audio_properties.analysis.length": 136.93865966796875, "metadata.audio_properties.analysis.sample_rate": 44100.0, "metadata.audio_properties.analysis.start_time": 0.0, "metadata.audio_properties.bit_rate": 123242.0, "metadata.audio_properties.length": 136.93865966796875, "metadata.audio_properties.lossless": 0.0, "metadata.audio_properties.number_channels": 1.0, "metadata.audio_properties.replay_gain": -14.75723648071289, "metadata.audio_properties.sample_rate": 48000.0, "rhythm.beats_count": 309.0, "rhythm.beats_loudness.mean": 0.04990777745842934, "rhythm.beats_loudness.stdev": 0.04075215756893158, "rhythm.bpm": 138.24136352539062, "rhythm.bpm_histogram_first_peak_bpm": 140.0, "rhythm.bpm_histogram_first_peak_weight": 0.4571428894996643, "rhythm.bpm_histogram_second_peak_bpm": 133.0, "rhythm.bpm_histogram_second_peak_spread": 0.35185182094573975, "rhythm.bpm_histogram_second_peak_weight": 0.11363636702299118, "rhythm.danceability": 1.0727558135986328, "rhythm.onset_rate": 3.285839796066284, "tonal.chords_changes_rate": 0.048813559114933014, "tonal.chords_number_rate": 0.002711864421144128, "tonal.chords_strength.mean": 0.48627185821533203, "tonal.chords_strength.stdev": 0.0986558049917221, "tonal.hpcp_crest.mean": 17.165578842163086, "tonal.hpcp_crest.stdev": 7.490035533905029, "tonal.hpcp_entropy.mean": 1.5084879398345947, "tonal.hpcp_entropy.stdev": 0.6645975708961487, "tonal.key_edma.strength": 0.8264371156692505, "tonal.key_krumhansl.strength": 0.8250941634178162, "tonal.key_temperley.strength": 0.8224305510520935, "tonal.tuning_diatonic_strength": 0.6317572593688965, "tonal.tuning_equal_tempered_deviation": 0.016530724242329597, "tonal.tuning_frequency": 439.2381896972656, "tonal.tuning_nontempered_energy_ratio": 0.6155544519424438, "lowlevel.barkbands.mean": [7.309472130145878e-05, 0.01049850508570671, 0.0037801479920744896, 0.0028613863978534937, 0.011139991693198681, 0.0030169920064508915, 0.001791460788808763, 0.00211710250005126, 0.00100595667026937, 0.0008831996819935739, 0.0006222447846084833, 0.0002730045816861093, 0.000305218156427145, 0.00029528813320212066, 0.00018395915685687214, 0.00011075074144173414, 9.518107253825292e-05, 4.215197986923158e-05, 4.41252050222829e-05, 2.6718411390902475e-05, 2.3673312171013094e-05, 4.6808429033262655e-05, 4.594855272443965e-05, 4.006430754088797e-05, 6.727972504450008e-05, 1.3216276784078218e-05, 5.184247129363939e-07], "lowlevel.barkbands.stdev": [0.00026312610134482384, 0.024844544008374214, 0.009299220517277718, 0.005769785493612289, 0.013399114832282066, 0.004364128224551678, 0.003262692131102085, 0.005661070812493563, 0.002779601141810417, 0.002590346382930875, 0.0024229635018855333, 0.0010742954909801483, 0.0012759538367390633, 0.0012534575071185827, 0.0007515909383073449, 0.00041914594476111233, 0.00026404447271488607, 0.00016055368178058416, 0.00034012747346423566, 0.00012657415936701, 0.0001072284285328351, 0.00015209482808131725, 0.00014123071741778404, 0.00016502203652635217, 0.00022552094014827162, 4.062410880578682e-05, 2.42382202486624e-06], "lowlevel.erbbands.mean": [0.19852550327777863, 2.6745152473449707, 5.254945278167725, 6.385029315948486, 27.285242080688477, 37.596214294433594, 27.611127853393555, 27.481294631958008, 20.934326171875, 35.99332046508789, 43.957393646240234, 29.29546356201172, 19.00213050842285, 31.343482971191406, 23.985971450805664, 12.38863468170166, 13.733891487121582, 17.199132919311523, 11.62283992767334, 7.057812213897705, 5.742743968963623, 4.917977809906006, 2.8448095321655273, 2.0044631958007812, 2.066422700881958, 1.2826857566833496, 1.0204312801361084, 0.9474363923072815, 1.439247727394104, 2.073931932449341, 1.0967836380004883, 0.6367431879043579, 0.851097047328949, 0.9376956820487976, 0.3552311956882477, 0.0948379784822464, 0.016502315178513527, 0.0019158663926646113, 0.0001020561539917253, 4.710238135885447e-05], "lowlevel.erbbands.stdev": [0.5609291791915894, 6.241880416870117, 11.480317115783691, 13.227567672729492, 41.56212615966797, 55.1555061340332, 53.454769134521484, 34.90691375732422, 32.25141906738281, 78.20088958740234, 122.47478485107422, 69.28654479980469, 56.4333610534668, 104.66531372070312, 92.09182739257812, 45.87725067138672, 53.988243103027344, 69.08130645751953, 42.675804138183594, 24.46125602722168, 17.561351776123047, 14.137006759643555, 9.099851608276367, 12.691410064697266, 15.24328899383545, 6.100801467895508, 4.719485282897949, 4.15061092376709, 5.0230183601379395, 6.34723424911499, 3.493337631225586, 2.730569839477539, 3.5149850845336914, 3.347020149230957, 1.1034910678863525, 0.286958783864975, 0.050821948796510696, 0.0066689420491456985, 0.0004072457377333194, 3.8113856135169044e-05], "lowlevel.gfcc.mean": [-102.22760009765625, 140.88714599609375, -72.79911041259766, -1.4583855867385864, -62.97830581665039, 1.2902213335037231, -58.022037506103516, -4.533657550811768, -24.436573028564453, -11.033248901367188, -20.708526611328125, -1.786996603012085, -6.152338027954102], "lowlevel.melbands.mean": [0.0024323249235749245, 0.003035311819985509, 0.0017475285567343235, 0.002500173170119524, 0.001111637451685965, 0.0005682818009518087, 0.0003491905517876148, 0.0004094710457138717, 0.0003422134032007307, 0.00015779183013364673, 8.967172470875084e-05, 0.00012679013889282942, 7.904841186245903e-05, 4.29228603024967e-05, 2.5897836167132482e-05, 3.0147550205583684e-05, 3.3077678381232545e-05, 1.8571108739706688e-05, 1.2086512469977606e-05, 8.789378625806421e-06, 6.235287855815841e-06, 5.3740295697934926e-06, 3.725443548319163e-06, 1.7347498442177312e-06, 1.568731022416614e-06, 1.7635901485846261e-06, 1.1123217973363353e-06, 7.86946486641682e-07, 6.385778874573589e-07, 5.446221962301934e-07, 5.536078901968722e-07, 7.377739734693023e-07, 1.0676277497623232e-06, 1.1884067134815268e-06, 6.929584515091847e-07, 3.8726125239918474e-07, 3.7736899116680434e-07, 5.229438784226659e-07, 7.696336865592457e-07, 8.108310112220352e-07], "lowlevel.melbands.stdev": [0.00606111716479063, 0.006275861989706755, 0.002708605257794261, 0.0032628329936414957, 0.0018281161319464445, 0.0007242857245728374, 0.0005740808555856347, 0.0009550352115184069, 0.0009570734691806138, 0.00040472380351275206, 0.0002825623960234225, 0.0004375639546196908, 0.0002963780134450644, 0.00015618490579072386, 0.00011131376231787726, 0.0001239617558894679, 0.00014377868501469493, 7.033610745565966e-05, 5.0221300625707954e-05, 3.6310793802840635e-05, 1.911101753648836e-05, 1.6596988643868826e-05, 1.0953576747851912e-05, 7.2458674367226195e-06, 1.060608610714553e-05, 1.5186400560196489e-05, 6.20338960288791e-06, 3.788257345149759e-06, 3.009212377946824e-06, 2.5173433186864713e-06, 2.501695007595117e-06, 2.8841304811066948e-06, 3.4566969588922802e-06, 3.6405256196303526e-06, 2.1520133941521635e-06, 1.6473927644256037e-06, 1.6861887388586183e-06, 2.2236247332330095e-06, 3.166983560731751e-06, 2.7800342650152743e-06], "lowlevel.melbands128.mean": [6.148793181637302e-05, 0.0010153667535632849, 0.0036015526857227087, 0.004824251402169466, 0.00333697278983891, 0.0015926033956930041, 0.0009464885224588215, 0.0017562854336574674, 0.0029898998327553272, 0.0028935300651937723, 0.0020354355219751596, 0.0013872776180505753, 0.0009324557613581419, 0.0005854400806128979, 0.0008571798098273575, 0.0003556821611709893, 0.00017452333122491837, 0.00038334939745254815, 0.0005603512981906533, 0.00033424494904465973, 0.000402747537009418, 0.00037632352905347943, 0.00039561479934491217, 0.00019885311485268176, 0.0002464134304318577, 9.559193858876824e-05, 6.0450314776971936e-05, 0.0001142710680142045, 5.653640619129874e-05, 0.00018233104492537677, 0.0001295270922128111, 7.25091522326693e-05, 6.927827053004876e-05, 0.000107759224192705, 3.4107069950550795e-05, 3.5577217204263434e-05, 3.142723289784044e-05, 1.4507322703138925e-05, 3.404785820748657e-05, 3.161668064421974e-05, 2.95755235129036e-05, 2.631344977999106e-05, 3.408334669074975e-05, 4.304483809391968e-05, 1.3075876267976128e-05, 1.5864416127442382e-05, 2.1681424186681397e-05, 1.2815974514523987e-05, 7.5549055509327445e-06, 7.798202204867266e-06, 1.066345430444926e-05, 8.015566891117487e-06, 5.130042609380325e-06, 6.317784027487505e-06, 6.656318419118179e-06, 4.693088158091996e-06, 4.976627678843215e-06, 4.588252068060683e-06, 3.1236686481861398e-06, 2.4304301859956468e-06, 1.562599209137261e-06, 1.2999936416235869e-06, 1.3610626865556696e-06, 1.7107381609093864e-06, 1.8188493413617834e-06, 1.919012447615387e-06, 1.7032302821462508e-06, 1.1488884865684668e-06, 1.0486839983059326e-06, 9.38311018217064e-07, 7.589663937324076e-07, 7.585780394947506e-07, 6.164544288367324e-07, 6.230636699910974e-07, 6.6360018990963e-07, 5.491475008057023e-07, 5.06600827065995e-07, 4.6305149226100184e-07, 5.734387968914234e-07, 5.947873091827205e-07, 7.419878897962917e-07, 7.530759944529564e-07, 8.476798711853917e-07, 1.0584120673229336e-06, 1.3275042647364899e-06, 1.2766266763719614e-06, 1.138178959081415e-06, 9.737102573126322e-07, 7.015549954303424e-07, 4.75248555176222e-07, 4.031919331737299e-07, 3.706595919084066e-07, 3.389379514828761e-07, 3.6562920513460995e-07, 4.132554352054285e-07, 4.156778459218913e-07, 5.397237714532821e-07, 6.822770615144691e-07, 7.141637752283714e-07, 8.358102832062286e-07, 9.527100814921141e-07, 7.963386678966344e-07, 6.867025490464584e-07, 5.087848649054649e-07, 3.601323328439321e-07, 2.8302989107942267e-07, 2.417344830973889e-07, 2.397020466560207e-07, 1.4632452405294316e-07, 9.319405336327691e-08, 7.865819640073823e-08, 6.413953457240495e-08, 4.3871935417882924e-08, 2.9904619225362694e-08, 2.185165293155933e-08, 1.6492979426629972e-08, 1.1461372295684669e-08, 7.022242787257937e-09, 2.5564257377652666e-09, 1.1474990957438536e-09, 7.99482591240519e-10, 1.896434259629487e-10, 7.82424125489456e-12, 7.002866602573432e-12, 6.244575169456201e-12, 5.207498494919083e-12, 4.584391026518642e-12, 4.475512408591564e-12], "lowlevel.melbands128.stdev": [0.0002497554523870349, 0.0036629941314458847, 0.00987283419817686, 0.011476942338049412, 0.007449418306350708, 0.004134997259825468, 0.002827615011483431, 0.003380635054782033, 0.0055025299079716206, 0.004935329779982567, 0.0037753379438072443, 0.0029484331607818604, 0.0024767981376498938, 0.001169582363218069, 0.001249348046258092, 0.0005342272925190628, 0.00045074117952026427, 0.0007985688280314207, 0.0012796616647392511, 0.0009524390334263444, 0.001625044271349907, 0.0012181446654722095, 0.0014783156802877784, 0.0007899616612121463, 0.0006669458816759288, 0.0004946305998601019, 0.0003138534666504711, 0.0004864268994424492, 0.00022548559354618192, 0.0007428673561662436, 0.0005965507589280605, 0.0004001839261036366, 0.0003627770347520709, 0.0005837535136379302, 0.00017660012235864997, 0.0001884533849079162, 0.00018964520131703466, 8.38995911180973e-05, 0.0002499102847650647, 0.00014603538147639483, 0.00017537314852233976, 0.00021384976571425796, 0.00018798784003593028, 0.0002466704463586211, 7.859109609853476e-05, 9.18299047043547e-05, 0.00012554365093819797, 8.096631790976971e-05, 4.0593178709968925e-05, 4.701100624515675e-05, 6.0836242482764646e-05, 3.7195943150436506e-05, 2.6224581233691424e-05, 2.3559827241115272e-05, 2.283264802827034e-05, 2.1718282368965447e-05, 1.8702985471463762e-05, 1.491850252932636e-05, 1.166874062619172e-05, 8.911004442779813e-06, 7.555114279966801e-06, 8.203773177228868e-06, 8.814394277578685e-06, 1.2958374099980574e-05, 1.7297492377110757e-05, 1.9589828298194334e-05, 1.4998847291280981e-05, 7.3991900535475e-06, 5.844102361152181e-06, 5.0827111408580095e-06, 4.195313522359356e-06, 3.842286332655931e-06, 3.0085100206633797e-06, 3.169566525684786e-06, 3.5907505662180483e-06, 2.6041989258374088e-06, 2.5646647827670677e-06, 2.2834346964373253e-06, 2.8181207198940683e-06, 2.762970552794286e-06, 3.3180428999912692e-06, 3.132329993604799e-06, 2.9479806471499614e-06, 3.931076662411215e-06, 4.389443802210735e-06, 4.464010089577641e-06, 3.789025640799082e-06, 3.015746870005387e-06, 2.253144430142129e-06, 1.8181603991251905e-06, 1.7863148968899623e-06, 1.6941490912358859e-06, 1.717795953481982e-06, 1.7944373666978208e-06, 1.8564111314844922e-06, 1.780560523911845e-06, 2.5119175006693695e-06, 3.246252845201525e-06, 3.028799483217881e-06, 3.692571226565633e-06, 3.6005251331516774e-06, 2.6955067369272e-06, 2.4777282305876724e-06, 1.7789925550459884e-06, 1.1426309356465936e-06, 8.575457286497112e-07, 8.346301569872594e-07, 7.99384963556804e-07, 4.592587572460616e-07, 3.369605678926746e-07, 2.8611603397621366e-07, 2.1035825170656608e-07, 1.4113288671069313e-07, 1.1212934936111196e-07, 8.330559353453282e-08, 6.364051330365328e-08, 4.8098875993218826e-08, 3.0706683418202374e-08, 1.8472178453521337e-08, 1.4830640715501886e-08, 1.087910117547608e-08, 3.0172901954728104e-09, 5.774947534065156e-11, 4.41934856765247e-11, 3.1154138296907163e-11, 1.4881011353717888e-11, 8.10770808129524e-12, 7.889407876993104e-12], "lowlevel.mfcc.mean": [-759.9832763671875, 179.0438995361328, 37.54522705078125, 2.3477587699890137, 11.859602928161621, -4.857079982757568, -18.797136306762695, -5.848444938659668, -4.661443710327148, -17.411190032958984, -5.228072166442871, -14.84260082244873, -0.7349166870117188], "lowlevel.spectral_contrast_coeffs.mean": [-0.5582221150398254, -0.6502182483673096, -0.7348058223724365, -0.7876256108283997, -0.7840330004692078, -0.8013415336608887], "lowlevel.spectral_contrast_coeffs.stdev": [0.12708772718906403, 0.08042839914560318, 0.08690629154443741, 0.06314866989850998, 0.058525171130895615, 0.05549030750989914], "lowlevel.spectral_contrast_valleys.mean": [-7.431041240692139, -7.428249835968018, -8.545111656188965, -9.038390159606934, -9.865452766418457, -11.798563957214355], "lowlevel.spectral_contrast_valleys.stdev": [1.5893021821975708, 1.3824375867843628, 1.408711314201355, 1.5237449407577515, 1.8103578090667725, 1.929721474647522], "rhythm.beats_loudness_band_ratio.mean": [0.45138540863990784, 0.38901370763778687, 0.13575318455696106, 0.061124227941036224, 0.02171885035932064, 0.01646638847887516], "rhythm.beats_loudness_band_ratio.stdev": [0.335588276386261, 0.28600072860717773, 0.16354255378246307, 0.12496747076511383, 0.04168764501810074, 0.056407708674669266], "tonal.hpcp.mean": [0.167878657579422, 0.11171483248472214, 0.1150578185915947, 0.21525298058986664, 0.13609279692173004, 0.018687929958105087, 0.014823288656771183, 0.019228747114539146, 0.10413668304681778, 0.1873289793729782, 0.11129821091890335, 0.023124752566218376, 0.013433922082185745, 0.01647021807730198, 0.08188178390264511, 0.1912814825773239, 0.13187266886234283, 0.02101970463991165, 0.016069332137703896, 0.011886246502399445, 0.030528001487255096, 0.06885116547346115, 0.05587046965956688, 0.1964086890220642, 0.3427891135215759, 0.16715531051158905, 0.014680814929306507, 0.013195903040468693, 0.01857963763177395, 0.1275714784860611, 0.2104419618844986, 0.11005222052335739, 0.023553531616926193, 0.016569029539823532, 0.025040240958333015, 0.0982293114066124], "tonal.hpcp.stdev": [0.3074045181274414, 0.22627019882202148, 0.20428884029388428, 0.34730061888694763, 0.23292113840579987, 0.09563121944665909, 0.08508753776550293, 0.09942450374364853, 0.21218329668045044, 0.3230769634246826, 0.22291342914104462, 0.11366064101457596, 0.08553481847047806, 0.09729203581809998, 0.17036889493465424, 0.31975388526916504, 0.24667032063007355, 0.10037878155708313, 0.10299383848905563, 0.0736425593495369, 0.09277772903442383, 0.19170591235160828, 0.1456153392791748, 0.2525210976600647, 0.4067056477069855, 0.21989664435386658, 0.08321879804134369, 0.08086343109607697, 0.0955081582069397, 0.23691442608833313, 0.35076507925987244, 0.20760409533977509, 0.11017589271068573, 0.09762856364250183, 0.11914330720901489, 0.217103973031044], "rhythm.beats_position": [0.4760090708732605, 0.9287981986999512, 1.369977355003357, 1.8111563920974731, 2.252335548400879, 2.693514585494995, 3.1230838298797607, 3.5526530742645264, 3.982222080230713, 4.423401355743408, 4.852970600128174, 5.282539367675781, 5.723718643188477, 6.153287887573242, 6.582857131958008, 7.012426376342773, 7.441995143890381, 7.883174419403076, 8.324353218078613, 8.765532493591309, 9.195101737976074, 9.62467098236084, 10.054240226745605, 10.4954195022583, 10.924988746643066, 11.354557991027832, 11.784127235412598, 12.213695526123047, 12.631654739379883, 13.061223983764648, 13.490793228149414, 13.93197250366211, 14.373151779174805, 14.8143310546875, 15.255510330200195, 15.685078620910645, 16.114648818969727, 16.555828094482422, 16.973787307739258, 17.414966583251953, 17.856143951416016, 18.28571319580078, 18.715282440185547, 19.156461715698242, 19.586030960083008, 20.015600204467773, 20.45677947998047, 20.886348724365234, 21.31591796875, 21.745487213134766, 22.17505645751953, 22.616235733032227, 23.034194946289062, 23.475374221801758, 23.916553497314453, 24.34612274169922, 24.775691986083984, 25.20526123046875, 25.634828567504883, 26.076007843017578, 26.517187118530273, 26.95836639404297, 27.387935638427734, 27.8175048828125, 28.258684158325195, 28.68825340270996, 29.117822647094727, 29.547391891479492, 29.976961135864258, 30.418140411376953, 30.84770965576172, 31.277278900146484, 31.71845817565918, 32.14802551269531, 32.57759475708008, 33.018775939941406, 33.44834518432617, 33.87791442871094, 34.319091796875, 34.748661041259766, 35.17823028564453, 35.6077995300293, 36.03736877441406, 36.47854995727539, 36.90811538696289, 37.337684631347656, 37.778865814208984, 38.20843505859375, 38.638004302978516, 39.07918167114258, 39.520362854003906, 39.93832015991211, 40.37950134277344, 40.8206787109375, 41.250247955322266, 41.67981719970703, 42.12099838256836, 42.550567626953125, 42.98013687133789, 43.42131423950195, 43.85088348388672, 44.280452728271484, 44.71002197265625, 45.139591217041016, 45.58076858520508, 46.010337829589844, 46.43990707397461, 46.88108825683594, 47.3106575012207, 47.74022674560547, 48.18140411376953, 48.6109733581543, 49.052154541015625, 49.48172378540039, 49.911293029785156, 50.34086227416992, 50.77043151855469, 51.21160888671875, 51.641178131103516, 52.07074737548828, 52.50031661987305, 52.94149398803711, 53.38267517089844, 53.8122444152832, 54.24181365966797, 54.68299102783203, 55.12417221069336, 55.553741455078125, 55.98331069946289, 56.412879943847656, 56.84244918823242, 57.283626556396484, 57.71319580078125, 58.142765045166016, 58.583946228027344, 59.01351547241211, 59.443084716796875, 59.872650146484375, 60.30221939086914, 60.74340057373047, 61.172969818115234, 61.6025390625, 62.04371643066406, 62.47328567504883, 62.914466857910156, 63.34403610229492, 63.785213470458984, 64.21478271484375, 64.64435577392578, 65.08553314208984, 65.50349426269531, 65.93305969238281, 66.36263275146484, 66.79219818115234, 67.22177124023438, 67.66294860839844, 68.09251403808594, 68.53369140625, 68.98648071289062, 69.41605377197266, 69.84561920166016, 70.28680419921875, 70.71636962890625, 71.14594268798828, 71.58712005615234, 72.03990936279297, 72.48108673095703, 72.93387603759766, 73.39827728271484, 73.85106658935547, 74.3038558959961, 74.74503326416016, 75.17459869384766, 75.60417175292969, 76.03373718261719, 76.47492218017578, 76.9277114868164, 77.38050079345703, 77.84489440917969, 78.29768371582031, 78.72725677490234, 79.15682220458984, 79.5979995727539, 80.01596069335938, 80.48036193847656, 80.94476318359375, 81.39755249023438, 81.86194610595703, 82.32634735107422, 82.7907485961914, 83.24353790283203, 83.70793151855469, 84.14911651611328, 84.59029388427734, 85.0314712524414, 85.47264862060547, 85.91383361816406, 86.34339904785156, 86.7729721069336, 87.2025375366211, 87.63211059570312, 88.07328796386719, 88.51446533203125, 88.96725463867188, 89.4200439453125, 89.86122131347656, 90.31401062011719, 90.76679992675781, 91.231201171875, 91.67237854003906, 92.13677978515625, 92.58956909179688, 93.05397033691406, 93.52997589111328, 93.9827651977539, 94.4471664428711, 94.89995574951172, 95.35274505615234, 95.817138671875, 96.28153991699219, 96.73432922363281, 97.18711853027344, 97.63990783691406, 98.09269714355469, 98.53387451171875, 98.96344757080078, 99.40462493896484, 99.8458023071289, 100.28697967529297, 100.72816467285156, 101.15773010253906, 101.5873031616211, 102.02848052978516, 102.45804595947266, 102.88761901855469, 103.32879638671875, 103.75836181640625, 104.19954681396484, 104.62911224365234, 105.05868530273438, 105.48825073242188, 105.9178237915039, 106.37061309814453, 106.8117904663086, 107.25296783447266, 107.69414520263672, 108.13533020019531, 108.58811950683594, 109.0525131225586, 109.50530242919922, 109.95809173583984, 110.3992691040039, 110.85205841064453, 111.30484771728516, 111.75763702392578, 112.19882202148438, 112.63999938964844, 113.06956481933594, 113.49913787841797, 113.92870330810547, 114.3582763671875, 114.79945373535156, 115.24063110351562, 115.68180847167969, 116.09976959228516, 116.54094696044922, 116.98213195800781, 117.42330932617188, 117.85287475585938, 118.29405975341797, 118.73523712158203, 119.16480255126953, 119.582763671875, 120.01233673095703, 120.44190216064453, 120.87147521972656, 121.31265258789062, 121.75382995605469, 122.18339538574219, 122.61296844482422, 123.05414581298828, 123.49532318115234, 123.93650817871094, 124.377685546875, 124.84208679199219, 125.29487609863281, 125.74766540527344, 126.20045471191406, 126.65324401855469, 127.11763763427734, 127.57042694091797, 128.01161193847656, 128.45278930664062, 128.88235473632812, 129.31192016601562, 129.7530975341797, 130.18267822265625, 130.61224365234375, 131.0534210205078, 131.517822265625, 131.9822235107422, 132.4814453125, 132.98068237304688, 133.4799041748047, 134.04879760742188, 134.61769104003906, 135.1865692138672, 135.7438507080078, 136.30113220214844], "rhythm.bpm_histogram": [0.0, 0.0, 0.0, 0.0, 0.0, 0.0, 0.0, 0.0, 0.0, 0.0, 0.0, 0.0, 0.0, 0.0, 0.0, 0.0, 0.0, 0.0, 0.0, 0.0, 0.0, 0.0, 0.0, 0.0, 0.0, 0.0, 0.0, 0.0, 0.0, 0.0, 0.0, 0.0, 0.0, 0.0, 0.0, 0.0, 0.0, 0.0, 0.0, 0.0, 0.0, 0.0, 0.0, 0.0, 0.0, 0.0, 0.0, 0.0, 0.0, 0.0, 0.0, 0.0, 0.0, 0.0, 0.0, 0.0, 0.0, 0.0, 0.0, 0.0, 0.0, 0.0, 0.0, 0.0, 0.0, 0.0, 0.0, 0.0, 0.0, 0.0, 0.0, 0.0, 0.0, 0.0, 0.0, 0.0, 0.0, 0.0, 0.0, 0.0, 0.0, 0.0, 0.0, 0.0, 0.0, 0.0, 0.0, 0.0, 0.0, 0.0, 0.0, 0.0, 0.0, 0.0, 0.0, 0.0, 0.0, 0.0, 0.0, 0.0, 0.0, 0.0, 0.0, 0.0, 0.0, 0.009740259498357773, 0.0, 0.0, 0.006493506487458944, 0.0, 0.0, 0.0, 0.0, 0.0, 0.0, 0.0, 0.0, 0.0, 0.0, 0.0, 0.009740259498357773, 0.0, 0.0, 0.0, 0.0, 0.0, 0.003246753243729472, 0.0, 0.0, 0.06168831139802933, 0.0, 0.0, 0.0, 0.11363636702299118, 0.0, 0.0, 0.33766233921051025, 0.0, 0.0, 0.0, 0.4318181872367859, 0.0, 0.0, 0.0, 0.025974025949835777, 0.0, 0.0, 0.0, 0.0, 0.0, 0.0, 0.0, 0.0, 0.0, 0.0, 0.0, 0.0, 0.0, 0.0, 0.0, 0.0, 0.0, 0.0, 0.0, 0.0, 0.0, 0.0, 0.0, 0.0, 0.0, 0.0, 0.0, 0.0, 0.0, 0.0, 0.0, 0.0, 0.0, 0.0, 0.0, 0.0, 0.0, 0.0, 0.0, 0.0, 0.0, 0.0, 0.0, 0.0, 0.0, 0.0, 0.0, 0.0, 0.0, 0.0, 0.0, 0.0, 0.0, 0.0, 0.0, 0.0, 0.0, 0.0, 0.0, 0.0, 0.0, 0.0, 0.0, 0.0, 0.0, 0.0, 0.0, 0.0, 0.0, 0.0, 0.0, 0.0, 0.0, 0.0, 0.0, 0.0, 0.0, 0.0, 0.0, 0.0, 0.0, 0.0, 0.0, 0.0, 0.0, 0.0, 0.0, 0.0, 0.0, 0.0, 0.0, 0.0, 0.0, 0.0, 0.0, 0.0, 0.0, 0.0, 0.0, 0.0, 0.0, 0.0, 0.0, 0.0, 0.0], "tonal.chords_histogram": [15.93220329284668, 9.457627296447754, 40.576271057128906, 3.9322032928466797, 6.169491291046143, 0.1355932205915451, 1.7627118825912476, 0.0, 0.5762711763381958, 0.0, 0.5423728823661804, 0.0, 0.0, 0.0, 0.0, 0.0, 0.0, 0.0, 0.0, 0.8813559412956238, 0.06779661029577255, 3.3898305892944336, 0.0, 16.576271057128906], "tonal.thpcp": [1.0, 0.48763307929039, 0.0428275428712368, 0.03849568963050842, 0.054201364517211914, 0.37215733528137207, 0.6139108538627625, 0.3210493326187134, 0.06871143728494644, 0.048335928469896317, 0.07304853200912476, 0.28655901551246643, 0.48974326252937317, 0.325899600982666, 0.3356519043445587, 0.6279457807540894, 0.39701610803604126, 0.05451728031039238, 0.0432431735098362, 0.056094974279403687, 0.303792268037796, 0.546484649181366, 0.324684202671051, 0.06746058166027069, 0.03919005021452904, 0.04804766923189163, 0.23886926472187042, 0.5580150485038757, 0.38470494747161865, 0.061319638043642044, 0.046878185123205185, 0.034675098955631256, 0.08905767649412155, 0.20085574686527252, 0.1629878729581833, 0.5729723572731018], "lowlevel.gfcc.cov": [[18675.91015625, -4268.9521484375, -1722.2349853515625, 1078.970703125, -1771.8326416015625, 1629.2862548828125, -1021.733154296875, 633.4296264648438, -372.4471435546875, 469.44293212890625, -752.6419677734375, 82.44725036621094, -614.0257568359375], [-4268.9521484375, 4543.216796875, 813.1908569335938, -897.8287353515625, 1298.7376708984375, -694.8901977539062, 1091.0628662109375, 145.48883056640625, 679.7036743164062, -401.0953674316406, 435.7976379394531, -231.85858154296875, 340.0901184082031], [-1722.2349853515625, 813.1908569335938, 1398.2138671875, 439.04962158203125, 312.55145263671875, 153.0645294189453, 465.8629150390625, 177.121826171875, 217.6995391845703, 14.048896789550781, 136.09544372558594, -79.58028411865234, 31.660079956054688], [1078.970703125, -897.8287353515625, 439.04962158203125, 1256.3427734375, 22.025129318237305, 151.3794708251953, -36.8489990234375, 153.1083221435547, 100.46437072753906, 190.71688842773438, 19.876771926879883, -37.1881103515625, -10.395471572875977], [-1771.8326416015625, 1298.7376708984375, 312.55145263671875, 22.025129318237305, 750.7275390625, -192.373046875, 340.59735107421875, 72.59686279296875, 275.0793151855469, -67.04376220703125, 182.2469024658203, -58.50444412231445, 136.36077880859375], [1629.2862548828125, -694.8901977539062, 153.0645294189453, 151.3794708251953, -192.373046875, 569.6793212890625, 25.21944236755371, 100.29784393310547, -77.30508422851562, 124.054443359375, -66.27604675292969, 21.02621078491211, -138.25660705566406], [-1021.733154296875, 1091.0628662109375, 465.8629150390625, -36.8489990234375, 340.59735107421875, 25.21944236755371, 743.2667846679688, 274.9000549316406, 241.5716094970703, -25.891971588134766, 181.42454528808594, -60.32487106323242, 46.21376419067383], [633.4296264648438, 145.48883056640625, 177.121826171875, 153.1083221435547, 72.59686279296875, 100.29784393310547, 274.9000549316406, 360.2742004394531, 218.73565673828125, 6.091069221496582, 2.7951745986938477, -25.47974395751953, -5.460819244384766], [-372.4471435546875, 679.7036743164062, 217.6995391845703, 100.46437072753906, 275.0793151855469, -77.30508422851562, 241.5716094970703, 218.73565673828125, 428.58013916015625, 19.94684410095215, 78.41499328613281, -67.72666931152344, 85.9747085571289], [469.44293212890625, -401.0953674316406, 14.048896789550781, 190.71688842773438, -67.04376220703125, 124.054443359375, -25.891971588134766, 6.091069221496582, 19.94684410095215, 201.45025634765625, 34.13686752319336, -8.488590240478516, -22.376956939697266], [-752.6419677734375, 435.7976379394531, 136.09544372558594, 19.876771926879883, 182.2469024658203, -66.27604675292969, 181.42454528808594, 2.7951745986938477, 78.41499328613281, 34.13686752319336, 201.25469970703125, 4.480467319488525, 57.504634857177734], [82.44725036621094, -231.85858154296875, -79.58028411865234, -37.1881103515625, -58.50444412231445, 21.02621078491211, -60.32487106323242, -25.47974395751953, -67.72666931152344, -8.488590240478516, 4.480467319488525, 125.15709686279297, 9.659320831298828], [-614.0257568359375, 340.0901184082031, 31.660079956054688, -10.395471572875977, 136.36077880859375, -138.25660705566406, 46.21376419067383, -5.460819244384766, 85.9747085571289, -22.376956939697266, 57.504634857177734, 9.659320831298828, 155.8119354248047]], "lowlevel.gfcc.icov": [[0.00021386983280535787, -0.00046289677266031504, 0.0004846302035730332, -0.0004922840744256973, 0.0005260070902295411, -0.0006831190548837185, 0.00045017353841103613, -0.0006685031112283468, 0.0002920252736657858, -0.00039222202030941844, 0.00033428918686695397, -0.00028910624678246677, 0.0001755056291585788], [-0.00046289677266031504, 0.002977479947730899, -0.0016652492340654135, 0.0023641586303710938, -0.0024758244398981333, 0.0021712779998779297, -0.0021424582228064537, 0.0023033726029098034, -0.0019940463826060295, 0.002909744391217828, -0.0019337096018716693, 0.0026394373271614313, -0.0009492500685155392], [0.0004846302035730332, -0.0016652492340654135, 0.002493015956133604, -0.0020245681516826153, 0.0015322825638577342, -0.0022921275813132524, 0.0006621188367716968, -0.0012292456813156605, 0.000747722398955375, -0.000885829736944288, 0.0009609617991372943, -0.0009753149352036417, 0.00045459813554771245], [-0.0004922840744256973, 0.0023641586303710938, -0.0020245681516826153, 0.003257358679547906, -0.0022943499498069286, 0.0021746254060417414, -0.0010562647366896272, 0.0010544087272137403, -0.0012057884596288204, 0.0010407720692455769, -0.0016849252860993147, 0.002198865171521902, -0.0008834154577925801], [0.0005260070902295411, -0.0024758244398981333, 0.0015322825638577342, -0.0022943499498069286, 0.0048421891406178474, -0.0020707237999886274, 0.001244309707544744, -0.0013677349779754877, 0.00036179047310724854, -0.001164563000202179, 0.00041281909216195345, -0.001613641856238246, 0.00010112583549926057], [-0.0006831190548837185, 0.0021712779998779297, -0.0022921275813132524, 0.0021746254060417414, -0.0020707237999886274, 0.005728557705879211, -0.00207801372744143, 0.0013670698972418904, -0.0006032013916410506, -0.0002358024794375524, -0.00036835187347605824, 0.0005904737627133727, 0.0011374530149623752], [0.00045017353841103613, -0.0021424582228064537, 0.0006621188367716968, -0.0010562647366896272, 0.001244309707544744, -0.00207801372744143, 0.00546621298417449, -0.004868750460445881, 0.0020260659512132406, -0.0017335093580186367, -0.001373011153191328, -0.0006100847967900336, 0.000698242278303951], [-0.0006685031112283468, 0.0023033726029098034, -0.0012292456813156605, 0.0010544087272137403, -0.0013677349779754877, 0.0013670698972418904, -0.004868750460445881, 0.009964970871806145, -0.0052915308624506, 0.0034402564633637667, 0.000644408748485148, 0.00039797971840016544, 1.2825546946260147e-05], [0.0002920252736657858, -0.0019940463826060295, 0.000747722398955375, -0.0012057884596288204, 0.00036179047310724854, -0.0006032013916410506, 0.0020260659512132406, -0.0052915308624506, 0.007112446241080761, -0.0036350253503769636, 0.0009188221883960068, 5.910280378884636e-05, -0.0011567709734663367], [-0.00039222202030941844, 0.002909744391217828, -0.000885829736944288, 0.0010407720692455769, -0.001164563000202179, -0.0002358024794375524, -0.0017335093580186367, 0.0034402564633637667, -0.0036350253503769636, 0.011471756733953953, -0.005139990244060755, 0.00381851545535028, -0.0008891143370419741], [0.00033428918686695397, -0.0019337096018716693, 0.0009609617991372943, -0.0016849252860993147, 0.00041281909216195345, -0.00036835187347605824, -0.001373011153191328, 0.000644408748485148, 0.0009188221883960068, -0.005139990244060755, 0.011318095028400421, -0.004209826700389385, -0.0001892158470582217], [-0.00028910624678246677, 0.0026394373271614313, -0.0009753149352036417, 0.002198865171521902, -0.001613641856238246, 0.0005904737627133727, -0.0006100847967900336, 0.00039797971840016544, 5.910280378884636e-05, 0.00381851545535028, -0.004209826700389385, 0.012721039354801178, -0.0031436176504939795], [0.0001755056291585788, -0.0009492500685155392, 0.00045459813554771245, -0.0008834154577925801, 0.00010112583549926057, 0.0011374530149623752, 0.000698242278303951, 1.2825546946260147e-05, -0.0011567709734663367, -0.0008891143370419741, -0.0001892158470582217, -0.0031436176504939795, 0.010519702918827534]], "lowlevel.mfcc.cov": [[13735.7919921875, -3740.4892578125, -670.220458984375, -808.2525634765625, -338.49359130859375, 72.17430877685547, -256.3502197265625, -32.51523208618164, 17.39708709716797, 48.955963134765625, 450.3165588378906, -349.524169921875, 129.56155395507812], [-3740.4892578125, 4193.64111328125, 172.02496337890625, -51.459007263183594, 107.83495330810547, -117.10466766357422, 247.5622100830078, 508.2273254394531, 399.88690185546875, 332.8219909667969, 49.454254150390625, 352.50567626953125, 11.26095199584961], [-670.220458984375, 172.02496337890625, 1092.2786865234375, 424.96502685546875, 101.14665222167969, 168.38160705566406, 261.50189208984375, 232.5391387939453, 203.1341094970703, 298.5756530761719, 4.740317344665527, 273.5086364746094, 54.46761703491211], [-808.2525634765625, -51.459007263183594, 424.96502685546875, 999.6863403320312, 296.1037292480469, 50.690372467041016, 122.6252670288086, 80.62886047363281, 168.6300048828125, 276.3868408203125, -98.09575653076172, 291.6728210449219, 61.959434509277344], [-338.49359130859375, 107.83495330810547, 101.14665222167969, 296.1037292480469, 431.7142333984375, 85.65067291259766, -50.316680908203125, -2.1806962490081787, 78.41818237304688, 66.08149719238281, -16.363327026367188, 80.72403717041016, 32.15608215332031], [72.17430877685547, -117.10466766357422, 168.38160705566406, 50.690372467041016, 85.65067291259766, 286.09478759765625, 151.02377319335938, -5.035767078399658, -14.944968223571777, 46.90555191040039, 66.69856262207031, 36.84889602661133, 4.9031291007995605], [-256.3502197265625, 247.5622100830078, 261.50189208984375, 122.6252670288086, -50.316680908203125, 151.02377319335938, 395.2886962890625, 166.06410217285156, 39.353904724121094, 135.2019805908203, 64.38438415527344, 128.66659545898438, 8.914941787719727], [-32.51523208618164, 508.2273254394531, 232.5391387939453, 80.62886047363281, -2.1806962490081787, -5.035767078399658, 166.06410217285156, 406.6100769042969, 204.30221557617188, 207.66217041015625, 70.43141174316406, 168.97506713867188, 29.228727340698242], [17.39708709716797, 399.88690185546875, 203.1341094970703, 168.6300048828125, 78.41818237304688, -14.944968223571777, 39.353904724121094, 204.30221557617188, 327.1434326171875, 237.47068786621094, 28.428565979003906, 156.5144805908203, 48.61934280395508], [48.955963134765625, 332.8219909667969, 298.5756530761719, 276.3868408203125, 66.08149719238281, 46.90555191040039, 135.2019805908203, 207.66217041015625, 237.47068786621094, 505.5408935546875, 79.77820587158203, 280.4537353515625, 16.364694595336914], [450.3165588378906, 49.454254150390625, 4.740317344665527, -98.09575653076172, -16.363327026367188, 66.69856262207031, 64.38438415527344, 70.43141174316406, 28.428565979003906, 79.77820587158203, 157.47325134277344, 25.31991958618164, -1.5521048307418823], [-349.524169921875, 352.50567626953125, 273.5086364746094, 291.6728210449219, 80.72403717041016, 36.84889602661133, 128.66659545898438, 168.97506713867188, 156.5144805908203, 280.4537353515625, 25.31991958618164, 328.1347351074219, 56.38709259033203], [129.56155395507812, 11.26095199584961, 54.46761703491211, 61.959434509277344, 32.15608215332031, 4.9031291007995605, 8.914941787719727, 29.228727340698242, 48.61934280395508, 16.364694595336914, -1.5521048307418823, 56.38709259033203, 109.4040756225586]],