{"song_id": "1183697345641201745", "download": "https://cdn.discordapp.com/attachments/1135911532732108921/1183697345641201745/chirp.mp4?ex=6589470f&amp", "lyrics": "Ich mag's zu fahren fahren\nin meinem Wagen Wagen\nmit euren Damen Damen\nnach Baden-Baden.", "style": ["trance"], "essentia_features": {"lowlevel.average_loudness": 0.9623906016349792, "lowlevel.barkbands_crest.mean": 15.772123336791992, "lowlevel.barkbands_crest.stdev": 7.222109794616699, "lowlevel.barkbands_flatness_db.mean": 0.19289226830005646, "lowlevel.barkbands_flatness_db.stdev": 0.08786416798830032, "lowlevel.barkbands_kurtosis.mean": 52.61909866333008, "lowlevel.barkbands_kurtosis.stdev": 93.7574234008789, "lowlevel.barkbands_skewness.mean": 4.778049468994141, "lowlevel.barkbands_skewness.stdev": 4.8598103523254395, "lowlevel.barkbands_spread.mean": 16.882646560668945, "lowlevel.barkbands_spread.stdev": 14.76345443725586, "lowlevel.dissonance.mean": 0.47661906480789185, "lowlevel.dissonance.stdev": 0.0189004298299551, "lowlevel.dynamic_complexity": 5.018328666687012, "lowlevel.erbbands_crest.mean": 7.669579029083252, "lowlevel.erbbands_crest.stdev": 3.885469675064087, "lowlevel.erbbands_flatness_db.mean": 0.13400565087795258, "lowlevel.erbbands_flatness_db.stdev": 0.09812182188034058, "lowlevel.erbbands_kurtosis.mean": -0.41145938634872437, "lowlevel.erbbands_kurtosis.stdev": 0.7566550374031067, "lowlevel.erbbands_skewness.mean": 0.2452160120010376, "lowlevel.erbbands_skewness.stdev": 0.5698208212852478, "lowlevel.erbbands_spread.mean": 67.10028076171875, "lowlevel.erbbands_spread.stdev": 32.796844482421875, "lowlevel.hfc.mean": 16.7710018157959, "lowlevel.hfc.stdev": 12.414334297180176, "lowlevel.loudness_ebu128.integrated": -12.212717056274414, "lowlevel.loudness_ebu128.loudness_range": 6.992223739624023, "lowlevel.loudness_ebu128.momentary.mean": -15.476001739501953, "lowlevel.loudness_ebu128.momentary.stdev": 7.024083137512207, "lowlevel.loudness_ebu128.short_term.mean": -13.797234535217285, "lowlevel.loudness_ebu128.short_term.stdev": 4.11323356628418, "lowlevel.melbands_crest.mean": 21.43746566772461, "lowlevel.melbands_crest.stdev": 9.547749519348145, "lowlevel.melbands_flatness_db.mean": 0.2527275085449219, "lowlevel.melbands_flatness_db.stdev": 0.11550592631101608, "lowlevel.melbands_kurtosis.mean": 145.13137817382812, "lowlevel.melbands_kurtosis.stdev": 194.61480712890625, "lowlevel.melbands_skewness.mean": 7.7966628074646, "lowlevel.melbands_skewness.stdev": 5.998757362365723, "lowlevel.melbands_spread.mean": 14.143034934997559, "lowlevel.melbands_spread.stdev": 17.486392974853516, "lowlevel.pitch_salience.mean": 0.38498345017433167, "lowlevel.pitch_salience.stdev": 0.2676088511943817, "lowlevel.silence_rate_20dB.mean": 1.0, "lowlevel.silence_rate_20dB.stdev": 0.0, "lowlevel.silence_rate_30dB.mean": 0.7121402025222778, "lowlevel.silence_rate_30dB.stdev": 0.45276716351509094, "lowlevel.silence_rate_60dB.mean": 0.2115143984556198, "lowlevel.silence_rate_60dB.stdev": 0.40838268399238586, "lowlevel.spectral_centroid.mean": 1641.677734375, "lowlevel.spectral_centroid.stdev": 936.8993530273438, "lowlevel.spectral_complexity.mean": 9.969962120056152, "lowlevel.spectral_complexity.stdev": 7.84128999710083, "lowlevel.spectral_decrease.mean": -1.490914414148392e-08, "lowlevel.spectral_decrease.stdev": 1.2582199282462625e-08, "lowlevel.spectral_energy.mean": 0.057791732251644135, "lowlevel.spectral_energy.stdev": 0.047845739871263504, "lowlevel.spectral_energyband_high.mean": 0.00114252301864326, "lowlevel.spectral_energyband_high.stdev": 0.0011036063078790903, "lowlevel.spectral_energyband_low.mean": 0.0510324127972126, "lowlevel.spectral_energyband_low.stdev": 0.04749511927366257, "lowlevel.spectral_energyband_middle_high.mean": 0.0016536603216081858, "lowlevel.spectral_energyband_middle_high.stdev": 0.0021741806995123625, "lowlevel.spectral_energyband_middle_low.mean": 0.006197023671120405, "lowlevel.spectral_energyband_middle_low.stdev": 0.015485231764614582, "lowlevel.spectral_entropy.mean": 8.006068229675293, "lowlevel.spectral_entropy.stdev": 0.3325043022632599, "lowlevel.spectral_flux.mean": 0.10306099057197571, "lowlevel.spectral_flux.stdev": 0.08166510611772537, "lowlevel.spectral_kurtosis.mean": 1.9368510246276855, "lowlevel.spectral_kurtosis.stdev": 1.7886360883712769, "lowlevel.spectral_rms.mean": 0.006479416508227587, "lowlevel.spectral_rms.stdev": 0.003794651245698333, "lowlevel.spectral_rolloff.mean": 1194.5401611328125, "lowlevel.spectral_rolloff.stdev": 1825.345947265625, "lowlevel.spectral_skewness.mean": 1.128824234008789, "lowlevel.spectral_skewness.stdev": 0.24800890684127808, "lowlevel.spectral_spread.mean": 6621247.0, "lowlevel.spectral_spread.stdev": 2320383.0, "lowlevel.spectral_strongpeak.mean": 0.5762932896614075, "lowlevel.spectral_strongpeak.stdev": 0.40425559878349304, "lowlevel.zerocrossingrate.mean": 0.06375278532505035, "lowlevel.zerocrossingrate.stdev": 0.04902394115924835, "metadata.audio_properties.analysis.equal_loudness": 0.0, "metadata.audio_properties.analysis.length": 18.516281127929688, "metadata.audio_properties.analysis.sample_rate": 44100.0, "metadata.audio_properties.analysis.start_time": 0.0, "metadata.audio_properties.bit_rate": 122556.0, "metadata.audio_properties.length": 18.517333984375, "metadata.audio_properties.lossless": 0.0, "metadata.audio_properties.number_channels": 1.0, "metadata.audio_properties.replay_gain": -13.044002532958984, "metadata.audio_properties.sample_rate": 48000.0, "rhythm.beats_count": 44.0, "rhythm.beats_loudness.mean": 0.08661676943302155, "rhythm.beats_loudness.stdev": 0.04788897559046745, "rhythm.bpm": 150.5514678955078, "rhythm.bpm_histogram_first_peak_bpm": 152.0, "rhythm.bpm_histogram_first_peak_weight": 0.3333333730697632, "rhythm.bpm_histogram_second_peak_bpm": 140.0, "rhythm.bpm_histogram_second_peak_spread": 0.4166666865348816, "rhythm.bpm_histogram_second_peak_weight": 0.1627907007932663, "rhythm.danceability": 1.1442115306854248, "rhythm.onset_rate": 3.8317227363586426, "tonal.chords_changes_rate": 0.05999999865889549, "tonal.chords_number_rate": 0.012500000186264515, "tonal.chords_strength.mean": 0.599708616733551, "tonal.chords_strength.stdev": 0.08953578770160675, "tonal.hpcp_crest.mean": 12.189434051513672, "tonal.hpcp_crest.stdev": 5.550477981567383, "tonal.hpcp_entropy.mean": 2.21785831451416, "tonal.hpcp_entropy.stdev": 0.8181666135787964, "tonal.key_edma.strength": 0.5159799456596375, "tonal.key_krumhansl.strength": 0.510440468788147, "tonal.key_temperley.strength": 0.5063346028327942, "tonal.tuning_diatonic_strength": 0.6502753496170044, "tonal.tuning_equal_tempered_deviation": 0.18483899533748627, "tonal.tuning_frequency": 434.193115234375, "tonal.tuning_nontempered_energy_ratio": 0.8868348002433777, "lowlevel.barkbands.mean": [0.0018793025519698858, 0.03773757442831993, 0.009273940697312355, 0.003372205188497901, 0.0013564283726736903, 0.000425270787673071, 0.00018689599528443068, 0.0004141812678426504, 0.00024472808581776917, 0.00036857512895949185, 0.00032399504561908543, 0.0002082733262795955, 0.00012803262507077307, 0.00014539620315190405, 0.00011612924572546035, 9.132020932156593e-05, 0.00010134380136150867, 0.00012055916158715263, 9.880541620077565e-05, 0.00013119340292178094, 0.00014525711594615132, 0.00017809192650020123, 0.00019765918841585517, 0.0002536108950152993, 0.0001885287492768839, 9.938290168065578e-05, 5.042663360654842e-06], "lowlevel.barkbands.stdev": [0.0028884420171380043, 0.042911969125270844, 0.02089429646730423, 0.012164453975856304, 0.004294079728424549, 0.000986115075647831, 0.0004752643872052431, 0.000551789125893265, 0.000579853483941406, 0.0006431243964470923, 0.0007837992161512375, 0.0003556629817467183, 0.00022430958051700145, 0.000215224499697797, 0.00017553003272041678, 0.0001796587457647547, 0.0001593093475094065, 0.0001453352306270972, 0.00012189978588139638, 0.00014628638746216893, 0.0001464689994463697, 0.0001945822878042236, 0.00019957633048761636, 0.00027430953923612833, 0.0002091076603392139, 0.00011162072041770443, 7.787189133523498e-06], "lowlevel.erbbands.mean": [1.366363525390625, 7.25429105758667, 11.690556526184082, 11.812777519226074, 7.488763332366943, 3.1923162937164307, 3.4817230701446533, 3.1278719902038574, 3.1114907264709473, 3.1277103424072266, 11.077661514282227, 5.713943958282471, 12.843692779541016, 12.883662223815918, 9.275321006774902, 8.776365280151367, 5.91856575012207, 7.967408180236816, 6.63173246383667, 5.411124229431152, 5.41082763671875, 5.348855972290039, 6.109111785888672, 5.911004066467285, 5.087127685546875, 6.406605243682861, 6.347026824951172, 5.517263889312744, 6.335386276245117, 5.962278842926025, 5.591738224029541, 5.331751346588135, 4.119955539703369, 2.608840227127075, 1.0593559741973877, 0.4420252740383148, 0.18067526817321777, 0.032036229968070984, 0.0007048146217130125, 8.723566133994609e-05], "lowlevel.erbbands.stdev": [1.6729949712753296, 9.278225898742676, 21.349899291992188, 34.97713088989258, 22.93294334411621, 12.212179183959961, 11.778311729431152, 6.660383224487305, 5.595381736755371, 6.932521820068359, 14.79532527923584, 11.542807579040527, 21.370241165161133, 30.009239196777344, 20.47396469116211, 13.966885566711426, 10.245392799377441, 10.904624938964844, 10.25895881652832, 8.234225273132324, 9.76109504699707, 8.552220344543457, 7.738516330718994, 6.933351993560791, 5.849256992340088, 7.072502613067627, 6.922144889831543, 5.697231769561768, 6.846839904785156, 6.339616775512695, 5.73829984664917, 5.756049156188965, 4.594079971313477, 2.9740121364593506, 1.211260199546814, 0.5236284732818604, 0.20309478044509888, 0.03907915949821472, 0.0008373751188628376, 6.0092072089901194e-05], "lowlevel.gfcc.mean": [-36.568626403808594, 39.72827911376953, -109.99219512939453, 42.44219207763672, -51.63389205932617, 39.55805587768555, -18.184370040893555, 22.041458129882812, -13.75765609741211, 6.089534759521484, -13.401388168334961, -1.063798427581787, -11.879544258117676], "lowlevel.melbands.mean": [0.011154534295201302, 0.007089876104146242, 0.0018994876882061362, 0.0003458204446360469, 0.00011868757428601384, 7.378670125035569e-05, 4.7034227463882416e-05, 4.066880137543194e-05, 8.301379421027377e-05, 3.603568984544836e-05, 6.3087631133385e-05, 4.928831913275644e-05, 3.682016904349439e-05, 2.5059263862203807e-05, 1.4872388419462368e-05, 1.341088045592187e-05, 1.5060935766086914e-05, 1.0675052180886269e-05, 7.850148904253729e-06, 6.6951201915799174e-06, 6.483986453531543e-06, 5.672112365573412e-06, 4.950055881636217e-06, 6.207319529494271e-06, 4.580803761200514e-06, 3.564539156286628e-06, 3.835890765913064e-06, 4.306948085286422e-06, 3.949533493141644e-06, 3.5864159144693986e-06, 3.113298589596525e-06, 3.6793182971450733e-06, 3.327207878101035e-06, 3.2836310310813133e-06, 3.130666527795256e-06, 3.235878239138401e-06, 3.3634237297519576e-06, 2.998438731083297e-06, 2.5522697342239553e-06, 2.072506276817876e-06], "lowlevel.melbands.stdev": [0.012943252921104431, 0.00945624802261591, 0.0052831051871180534, 0.0011011839378625154, 0.000416875584051013, 0.0001535647315904498, 9.082564793061465e-05, 7.192264456534758e-05, 0.00011378679482731968, 7.910442218417302e-05, 0.00010697767720557749, 0.00011594159877859056, 8.767394319875166e-05, 4.345356865087524e-05, 2.568492345744744e-05, 2.296477759955451e-05, 2.0944693460478447e-05, 1.7441481759306043e-05, 1.2393337783578318e-05, 1.2497336683736648e-05, 1.1578011253732257e-05, 9.288817636843305e-06, 7.473143796232762e-06, 7.855021067371126e-06, 5.6531644077040255e-06, 4.6709601519978605e-06, 4.240957878209883e-06, 4.920853371004341e-06, 4.7973162509151734e-06, 3.678014536490082e-06, 3.4627751119842287e-06, 4.153232112003025e-06, 3.74212208953395e-06, 3.562171286830562e-06, 3.2988521070365096e-06, 3.4624358704604674e-06, 3.8045859582780395e-06, 3.4221470741613302e-06, 3.04193667943764e-06, 2.4089968064799905e-06], "lowlevel.melbands128.mean": [0.0017549933400005102, 0.011438577435910702, 0.015039101243019104, 0.010957865975797176, 0.006869948003441095, 0.004119536839425564, 0.0025593203026801348, 0.0013509333366528153, 0.0007099764188751578, 0.00027565762866288424, 0.00012653914745897055, 0.00013299199054017663, 0.00013798648433294147, 7.264337909873575e-05, 5.3362899052444845e-05, 9.714085899759084e-05, 6.695216870866716e-05, 2.751506690401584e-05, 3.62475766451098e-05, 2.9692888347199187e-05, 2.5793275199248455e-05, 0.00011586735490709543, 0.00011157841072417796, 2.506370219634846e-05, 2.402380960120354e-05, 3.537922748364508e-05, 7.035250746412203e-05, 8.576155232731253e-05, 3.587646642699838e-05, 3.199187631253153e-05, 6.643961387453601e-05, 6.0601487348321825e-05, 3.3723455999279395e-05, 1.976184285013005e-05, 2.2412825273931958e-05, 3.0345445338753052e-05, 2.5571338483132422e-05, 1.124472328228876e-05, 1.0088800991070457e-05, 1.3466307791532017e-05, 1.365635125694098e-05, 1.4442714928009082e-05, 1.614911889191717e-05, 1.573888039274607e-05, 9.956319445336703e-06, 1.0692604519135784e-05, 1.0489874512131792e-05, 7.524295142502524e-06, 6.739552645740332e-06, 7.592827387270518e-06, 6.863812814117409e-06, 5.716685791412601e-06, 5.180144853511592e-06, 8.135370080708526e-06, 6.810834292991785e-06, 4.952116796630435e-06, 5.061915999249322e-06, 5.132790192874381e-06, 4.931190233037341e-06, 4.441942564881174e-06, 7.821958206477575e-06, 5.421588411991252e-06, 6.017498890287243e-06, 3.874821686622454e-06, 3.2551288313698024e-06, 3.5408479561738204e-06, 3.974598712375155e-06, 3.1398610644828295e-06, 3.8037776448618388e-06, 4.75621891382616e-06, 4.658494617615361e-06, 3.603007826313842e-06, 4.220676601107698e-06, 3.827228738373378e-06, 3.926360477635171e-06, 4.10116126658977e-06, 3.2060761441243812e-06, 2.695760031201644e-06, 3.048191501875408e-06, 3.577570168999955e-06, 3.7725383208453422e-06, 3.731662218342535e-06, 3.4277613849553745e-06, 3.203479764124495e-06, 3.306838607386453e-06, 3.4930133097077487e-06, 3.209498117939802e-06, 2.987162588397041e-06, 3.155062131554587e-06, 3.1338872759079095e-06, 3.3849605642899405e-06, 3.330930212541716e-06, 2.931944891315652e-06, 3.3060503028536914e-06, 3.737445467777434e-06, 3.267793772465666e-06, 2.8003712486679433e-06, 2.635224745972664e-06, 2.568578565842472e-06, 2.5071544769161846e-06, 2.461808435327839e-06, 2.030605855907197e-06, 1.5859104678384028e-06, 1.3463302366290009e-06, 1.1832198651973158e-06, 9.830501994656515e-07, 8.347718107870605e-07, 8.207158543882542e-07, 7.243789923450095e-07, 7.304003020180971e-07, 6.308530942078505e-07, 5.915052838645352e-07, 6.106160412855388e-07, 5.328570864548965e-07, 4.682371752551262e-07, 4.0652349753145245e-07, 1.9249249305630656e-07, 2.2852667314054997e-08, 9.826212066244011e-10, 4.305856365904859e-11, 4.495408559290759e-11, 1.1636306501694449e-11, 8.025748468587501e-12, 7.861212548976315e-12, 7.651139270759e-12, 7.391854489613436e-12, 7.236843936608839e-12, 7.182295556906748e-12], "lowlevel.melbands128.stdev": [0.0027505166362971067, 0.014934087172150612, 0.02048475481569767, 0.01577850803732872, 0.01248262356966734, 0.010231252759695053, 0.008324419148266315, 0.004998392891138792, 0.0021971315145492554, 0.0010730206267908216, 0.0006274448242038488, 0.0004968526191078126, 0.00046064789057709277, 0.0002832444733940065, 0.00015077863645274192, 0.00017232460959348828, 0.00010573035251582041, 9.231649892171845e-05, 0.00014219792501535267, 8.437668293481693e-05, 5.2325052820378914e-05, 0.00015573906421195716, 0.00015726085985079408, 7.304719474632293e-05, 7.318755524465814e-05, 9.401852003065869e-05, 0.0001600783143658191, 0.00014597676636185497, 0.00011389695282559842, 8.519173570675775e-05, 0.00020438786305021495, 0.00016324996249750257, 0.00010686489258660004, 4.959544457960874e-05, 6.178454350447282e-05, 4.741807060781866e-05, 4.7316731070168316e-05, 2.5122615625150502e-05, 2.2569825887330808e-05, 2.7665564630297013e-05, 2.7485213649924845e-05, 2.4213941287598573e-05, 2.3214201064547524e-05, 2.5853720217128284e-05, 2.177922215196304e-05, 1.895638160931412e-05, 1.857263305282686e-05, 1.5675477698096074e-05, 1.1552590876817703e-05, 1.1339592674630694e-05, 1.6048017641878687e-05, 1.4677866602141876e-05, 1.079377943824511e-05, 1.4165055290504824e-05, 1.1394149623811245e-05, 9.364282050228212e-06, 8.942053682403639e-06, 9.218149898515549e-06, 7.5095335887453984e-06, 7.388615358649986e-06, 1.2360644177533686e-05, 7.82962979428703e-06, 8.058635103225242e-06, 5.607967977994122e-06, 4.704636467067758e-06, 5.581260211329209e-06, 5.1476290536811575e-06, 4.319104391470319e-06, 4.893365712632658e-06, 6.084990673116408e-06, 6.509812010335736e-06, 4.246046955813654e-06, 6.745682640030282e-06, 5.24815595781547e-06, 4.703272679762449e-06, 4.6575823944294825e-06, 3.6442459077079548e-06, 3.3668652577034663e-06, 3.715299271789263e-06, 4.640316547011025e-06, 5.159922238817671e-06, 4.371461272967281e-06, 4.140945293329423e-06, 4.135862127441214e-06, 4.196657300781226e-06, 3.972776539740153e-06, 4.08598680223804e-06, 3.4470415357645834e-06, 3.749131565200514e-06, 3.700398337969091e-06, 3.953040049964329e-06, 4.012174940726254e-06, 3.38973882207938e-06, 4.2042684071930125e-06, 4.650937171390979e-06, 4.060560968355276e-06, 3.514120407999144e-06, 3.487098638288444e-06, 3.266289240855258e-06, 3.490721383059281e-06, 3.0052094643906457e-06, 2.6031498236989137e-06, 2.003296685870737e-06, 1.8313741065867362e-06, 1.7175344737552223e-06, 1.3376875358517282e-06, 1.1058787094953004e-06, 1.1990566690656124e-06, 9.996120979849366e-07, 9.5749101092224e-07, 9.254521842194663e-07, 7.671643516005133e-07, 7.595483566547045e-07, 6.740015123796184e-07, 6.385935762409645e-07, 5.449498416965071e-07, 2.8724329581564234e-07, 6.380148676043973e-08, 1.013781680825332e-08, 6.786164963301644e-10, 7.347396024925956e-10, 6.889127462939015e-11, 1.3546218834148416e-11, 1.3189454736717288e-11, 1.2480288504035375e-11, 1.1792471513172309e-11, 1.1592120492676106e-11, 1.152719586450246e-11], "lowlevel.mfcc.mean": [-677.6708984375, 69.65553283691406, 7.076488018035889, 14.01695728302002, 5.887323379516602, 17.18598175048828, 13.71367073059082, 17.356454849243164, 11.944067001342773, 13.87587833404541, 7.603020191192627, 7.828678607940674, 0.32820042967796326], "lowlevel.spectral_contrast_coeffs.mean": [-0.7184318900108337, -0.7886735200881958, -0.8053382635116577, -0.8422404527664185, -0.8299596309661865, -0.7735139727592468], "lowlevel.spectral_contrast_coeffs.stdev": [0.11426431685686111, 0.055791400372982025, 0.0531243272125721, 0.02475343830883503, 0.020541127771139145, 0.04850078746676445], "lowlevel.spectral_contrast_valleys.mean": [-7.742205619812012, -7.734189987182617, -7.652212142944336, -7.798201084136963, -7.568762302398682, -9.883512496948242], "lowlevel.spectral_contrast_valleys.stdev": [2.2950804233551025, 1.3196666240692139, 0.8297388553619385, 0.6695749759674072, 0.7048369646072388, 1.6113818883895874], "rhythm.beats_loudness_band_ratio.mean": [0.7618756890296936, 0.010630505159497261, 0.01617458276450634, 0.07430329918861389, 0.08505049347877502, 0.0627199038863182], "rhythm.beats_loudness_band_ratio.stdev": [0.3812512159347534, 0.019173981621861458, 0.016114307567477226, 0.13324980437755585, 0.16885517537593842, 0.13447389006614685], "tonal.hpcp.mean": [0.113387830555439, 0.09310948103666306, 0.08878019452095032, 0.0933310016989708, 0.08155569434165955, 0.07496462017297745, 0.08700115978717804, 0.1027371883392334, 0.09660152345895767, 0.08191700279712677, 0.07992926985025406, 0.07691080123186111, 0.08169529587030411, 0.09535232186317444, 0.11268800497055054, 0.1423129439353943, 0.13381168246269226, 0.10033923387527466, 0.09309224784374237, 0.10983752459287643, 0.13046492636203766, 0.11298547685146332, 0.09779089689254761, 0.11186283826828003, 0.11996346712112427, 0.12830904126167297, 0.15895061194896698, 0.18886245787143707, 0.22152534127235413, 0.27996718883514404, 0.3655318021774292, 0.37197136878967285, 0.2586560547351837, 0.1853051781654358, 0.15931463241577148, 0.13066504895687103], "tonal.hpcp.stdev": [0.22393281757831573, 0.1964309960603714, 0.18714843690395355, 0.1840338557958603, 0.1643892377614975, 0.1629275679588318, 0.17891360819339752, 0.20401118695735931, 0.20413722097873688, 0.18362990021705627, 0.1712302714586258, 0.1548134684562683, 0.1703447550535202, 0.18453526496887207, 0.2061145156621933, 0.22452589869499207, 0.2155188024044037, 0.18781398236751556, 0.19166713953018188, 0.21693077683448792, 0.25798293948173523, 0.21299651265144348, 0.19253750145435333, 0.21829764544963837, 0.23259888589382172, 0.23375047743320465, 0.2830725908279419, 0.29677438735961914, 0.31439152359962463, 0.3523246943950653, 0.3718164563179016, 0.3873705565929413, 0.32303038239479065, 0.3022737503051758, 0.2843504846096039, 0.24729013442993164], "rhythm.beats_position": [0.4411791265010834, 0.9055781960487366, 1.300317406654358, 1.695056676864624, 2.1014058589935303, 2.5077550411224365, 2.902494192123413, 3.320453405380249, 3.7151927947998047, 4.109931945800781, 4.504671096801758, 4.911020278930664, 5.31736946105957, 5.712108612060547, 6.106847763061523, 6.501587390899658, 6.9079365730285645, 7.314285755157471, 7.709024906158447, 8.103763580322266, 8.510112762451172, 8.916461944580078, 9.311202049255371, 9.705941200256348, 10.100680351257324, 10.50702953338623, 10.913378715515137, 11.308117866516113, 11.70285701751709, 12.097596168518066, 12.515555381774902, 12.910294532775879, 13.305033683776855, 13.699772834777832, 14.117732048034668, 14.547301292419434, 14.9768705368042, 15.406439781188965, 15.83600902557373, 16.26557731628418, 16.706756591796875, 17.13632583618164, 17.565895080566406, 18.0070743560791], "rhythm.bpm_histogram": [0.0, 0.0, 0.0, 0.0, 0.0, 0.0, 0.0, 0.0, 0.0, 0.0, 0.0, 0.0, 0.0, 0.0, 0.0, 0.0, 0.0, 0.0, 0.0, 0.0, 0.0, 0.0, 0.0, 0.0, 0.0, 0.0, 0.0, 0.0, 0.0, 0.0, 0.0, 0.0, 0.0, 0.0, 0.0, 0.0, 0.0, 0.0, 0.0, 0.0, 0.0, 0.0, 0.0, 0.0, 0.0, 0.0, 0.0, 0.0, 0.0, 0.0, 0.0, 0.0, 0.0, 0.0, 0.0, 0.0, 0.0, 0.0, 0.0, 0.0, 0.0, 0.0, 0.0, 0.0, 0.0, 0.0, 0.0, 0.0, 0.0, 0.0, 0.0, 0.0, 0.0, 0.0, 0.0, 0.0, 0.0, 0.0, 0.0, 0.0, 0.0, 0.0, 0.0, 0.0, 0.0, 0.0, 0.0, 0.0, 0.0, 0.0, 0.0, 0.0, 0.0, 0.0, 0.0, 0.0, 0.0, 0.0, 0.0, 0.0, 0.0, 0.0, 0.0, 0.0, 0.0, 0.0, 0.0, 0.0, 0.0, 0.0, 0.0, 0.0, 0.0, 0.0, 0.0, 0.0, 0.0, 0.0, 0.0, 0.0, 0.0, 0.0, 0.0, 0.0, 0.0, 0.0, 0.0, 0.0, 0.0, 0.023255813866853714, 0.0, 0.0, 0.0, 0.0, 0.0, 0.0, 0.04651162773370743, 0.0, 0.0, 0.0, 0.1627907007932663, 0.0, 0.0, 0.0, 0.06976744532585144, 0.0, 0.0, 0.0, 0.23255814611911774, 0.0, 0.0, 0.0, 0.4651162922382355, 0.0, 0.0, 0.0, 0.0, 0.0, 0.0, 0.0, 0.0, 0.0, 0.0, 0.0, 0.0, 0.0, 0.0, 0.0, 0.0, 0.0, 0.0, 0.0, 0.0, 0.0, 0.0, 0.0, 0.0, 0.0, 0.0, 0.0, 0.0, 0.0, 0.0, 0.0, 0.0, 0.0, 0.0, 0.0, 0.0, 0.0, 0.0, 0.0, 0.0, 0.0, 0.0, 0.0, 0.0, 0.0, 0.0, 0.0, 0.0, 0.0, 0.0, 0.0, 0.0, 0.0, 0.0, 0.0, 0.0, 0.0, 0.0, 0.0, 0.0, 0.0, 0.0, 0.0, 0.0, 0.0, 0.0, 0.0, 0.0, 0.0, 0.0, 0.0, 0.0, 0.0, 0.0, 0.0, 0.0, 0.0, 0.0, 0.0, 0.0, 0.0, 0.0, 0.0, 0.0, 0.0, 0.0, 0.0, 0.0, 0.0, 0.0, 0.0, 0.0, 0.0, 0.0, 0.0, 0.0, 0.0], "tonal.chords_histogram": [0.0, 0.0, 0.0, 0.0, 0.0, 0.0, 0.0, 0.0, 0.0, 0.0, 0.0, 0.0, 1.0, 0.0, 0.0, 1.75, 35.0, 0.0, 0.0, 0.0, 0.0, 12.5, 1.75, 48.0], "tonal.thpcp": [1.0, 0.6953654885292053, 0.49817055463790894, 0.42829811573028564, 0.3512771725654602, 0.3048294484615326, 0.25031358003616333, 0.2386748045682907, 0.25090909004211426, 0.21925261616706848, 0.20153330266475677, 0.23389208316802979, 0.27619650959968567, 0.2597014904022217, 0.22022394835948944, 0.21488016843795776, 0.20676538348197937, 0.21962791681289673, 0.25634318590164185, 0.3029480576515198, 0.3825911283493042, 0.35973650217056274, 0.26974987983703613, 0.25026723742485046, 0.2952848970890045, 0.35073915123939514, 0.3037477731704712, 0.2628989815711975, 0.3007296919822693, 0.32250726222991943, 0.3449433147907257, 0.4273194670677185, 0.5077338814735413, 0.5955440402030945, 0.7526578903198242, 0.9826880097389221], "lowlevel.gfcc.cov": [[17512.76953125, 2006.19873046875, 9715.8525390625, 1334.590087890625, 528.7392578125, 953.612060546875, -631.6827392578125, 1427.409423828125, -1129.50341796875, 1021.2634887695312, -968.2182006835938, 988.6651611328125, -838.9681396484375], [2006.19873046875, 736.4661865234375, 1639.5208740234375, 159.44541931152344, 265.0284118652344, 177.24465942382812, 107.60420227050781, 278.7436828613281, -31.004806518554688, 162.75527954101562, -88.04728698730469, 166.14988708496094, -114.07730102539062], [9715.8525390625, 1639.5208740234375, 7385.83349609375, 1062.416748046875, 743.4881591796875, 793.2522583007812, -57.172393798828125, 1238.78173828125, -440.9492492675781, 869.0748901367188, -510.52838134765625, 744.1378173828125, -577.0081787109375], [1334.590087890625, 159.44541931152344, 1062.416748046875, 283.87799072265625, 131.47911071777344, 127.39080810546875, -8.883580207824707, 192.6874237060547, -48.3226318359375, 125.34056091308594, -73.03087615966797, 65.41250610351562, -92.44277954101562], [528.7392578125, 265.0284118652344, 743.4881591796875, 131.47911071777344, 227.74151611328125, 134.9053192138672, 130.6848907470703, 160.2566375732422, 45.39461898803711, 93.5226058959961, -20.195404052734375, 57.475276947021484, -55.899147033691406], [953.612060546875, 177.24465942382812, 793.2522583007812, 127.39080810546875, 134.9053192138672, 196.70021057128906, 82.39410400390625, 184.6830291748047, -16.19168472290039, 105.25865173339844, -31.63508415222168, 64.91138458251953, -46.86540222167969], [-631.6827392578125, 107.60420227050781, -57.172393798828125, -8.883580207824707, 130.6848907470703, 82.39410400390625, 245.61009216308594, 81.271484375, 156.2392120361328, 28.566434860229492, 76.85079193115234, -12.310189247131348, 23.45233154296875], [1427.409423828125, 278.7436828613281, 1238.78173828125, 192.6874237060547, 160.2566375732422, 184.6830291748047, 81.271484375, 316.985107421875, 18.225122451782227, 197.4358673095703, -35.39768600463867, 127.84855651855469, -74.68173217773438], [-1129.50341796875, -31.004806518554688, -440.9492492675781, -48.3226318359375, 45.39461898803711, -16.19168472290039, 156.2392120361328, 18.225122451782227, 227.67625427246094, 33.555381774902344, 132.4518280029297, -21.37725830078125, 73.5169448852539], [1021.2634887695312, 162.75527954101562, 869.0748901367188, 125.34056091308594, 93.5226058959961, 105.25865173339844, 28.566434860229492, 197.4358673095703, 33.555381774902344, 198.8599090576172, 15.543880462646484, 126.55992889404297, -27.99933433532715], [-968.2182006835938, -88.04728698730469, -510.52838134765625, -73.03087615966797, -20.195404052734375, -31.63508415222168, 76.85079193115234, -35.39768600463867, 132.4518280029297, 15.543880462646484, 150.7770233154297, 1.4010024070739746, 95.62701416015625], [988.6651611328125, 166.14988708496094, 744.1378173828125, 65.41250610351562, 57.475276947021484, 64.91138458251953, -12.310189247131348, 127.84855651855469, -21.37725830078125, 126.55992889404297, 1.4010024070739746, 154.36734008789062, -16.70322608947754], [-838.9681396484375, -114.07730102539062, -577.0081787109375, -92.44277954101562, -55.899147033691406, -46.86540222167969, 23.45233154296875, -74.68173217773438, 73.5169448852539, -27.99933433532715, 95.62701416015625, -16.70322608947754, 115.57623291015625]], "lowlevel.gfcc.icov": [[0.0004811938269995153, -0.0007793659460730851, 0.0001265880127903074, -0.0008303752983920276, 0.0012721832608804107, -0.0009740949026308954, 0.00021472707157954574, 1.715043072181288e-05, 0.0008820643415674567, -0.0014058527303859591, 0.0016076646279543638, -0.0012518587755039334, 0.0004666198219638318], [-0.0007793659460730851, 0.006887264549732208, -0.0034414781257510185, 0.005903115030378103, -0.005339897237718105, 0.004519757814705372, -0.0012851966312155128, -0.00011498261301312596, -0.0022886760998517275, 0.007060164585709572, -0.005560108460485935, 0.005330547224730253, -0.003345797536894679], [0.0001265880127903074, -0.0034414781257510185, 0.004916801117360592, -0.005296197719871998, 1.8790229660226032e-05, -0.0024870343040674925, 0.0003155820304527879, -0.002815581625327468, 0.0033001150004565716, -0.0068441350013017654, 0.006582592613995075, -0.008673583157360554, 0.0044929031282663345], [-0.0008303752983920276, 0.005903115030378103, -0.005296197719871998, 0.016571257263422012, -0.007635551039129496, 0.0036596425343304873, 0.0035168665926903486, -0.0016332232626155019, -0.0033302903175354004, 0.006843769457191229, -0.010111491195857525, 0.014085102826356888, -0.0031876121647655964], [0.0012721832608804107, -0.005339897237718105, 1.8790229660226032e-05, -0.007635551039129496, 0.021449485793709755, -0.007947839796543121, -0.006038100924342871, 0.0052917152643203735, -0.002569148549810052, -0.003637025598436594, 0.007368290796875954, -0.005819112062454224, 0.0035623079165816307], [-0.0009740949026308954, 0.004519757814705372, -0.0024870343040674925, 0.0036596425343304873, -0.007947839796543121, 0.022138401865959167, -0.007405505981296301, -0.007300658617168665, 0.007284119259566069, 0.0028372658416628838, -0.006842741277068853, 0.0088857002556324, -0.007181061431765556], [0.00021472707157954574, -0.0012851966312155128, 0.0003155820304527879, 0.0035168665926903486, -0.006038100924342871, -0.007405505981296301, 0.018182160332798958, -0.00385186611674726, -0.008327214047312737, 0.0052865855395793915, -0.0042421333491802216, 0.0018673407612368464, 0.0029343427158892155], [1.715043072181288e-05, -0.00011498261301312596, -0.002815581625327468, -0.0016332232626155019, 0.0052917152643203735, -0.007300658617168665, -0.00385186611674726, 0.021846583113074303, -0.007072212640196085, -0.006039118859916925, 0.002833952661603689, 0.0009204125381074846, -3.100967296632007e-05], [0.0008820643415674567, -0.0022886760998517275, 0.0033001150004565716, -0.0033302903175354004, -0.002569148549810052, 0.007284119259566069, -0.008327214047312737, -0.007072212640196085, 0.025223083794116974, -0.013278527185320854, -0.0032522466499358416, -0.0001664451410761103, 0.00019265040464233607], [-0.0014058527303859591, 0.007060164585709572, -0.0068441350013017654, 0.006843769457191229, -0.003637025598436594, 0.0028372658416628838, 0.0052865855395793915, -0.006039118859916925, -0.013278527185320854, 0.03849515691399574, -0.018724137917160988, 0.0034461310133337975, -0.003752736607566476], [0.0016076646279543638, -0.005560108460485935, 0.006582592613995075, -0.010111491195857525, 0.007368290796875954, -0.006842741277068853, -0.0042421333491802216, 0.002833952661603689, -0.0032522466499358416, -0.018724137917160988, 0.04219169169664383, -0.020430011674761772, -0.005890331231057644], [-0.0012518587755039334, 0.005330547224730253, -0.008673583157360554, 0.014085102826356888, -0.005819112062454224, 0.0088857002556324, 0.0018673407612368464, 0.0009204125381074846, -0.0001664451410761103, 0.0034461310133337975, -0.020430011674761772, 0.03851659595966339, -0.011447045020759106], [0.0004666198219638318, -0.003345797536894679, 0.0044929031282663345, -0.0031876121647655964, 0.0035623079165816307, -0.007181061431765556, 0.0029343427158892155, -3.100967296632007e-05, 0.00019265040464233607, -0.003752736607566476, -0.005890331231057644, -0.011447045020759106, 0.029001278802752495]], "lowlevel.mfcc.cov": [[10699.9072265625, 1898.9993896484375, 5674.7958984375, 1267.2762451171875, 1312.161865234375, 135.4624786376953, 536.046142578125, 187.07351684570312, 153.76475524902344, -182.8815460205078, 162.56857299804688, -310.7223205566406, 252.98223876953125], [1898.9993896484375, 1121.16845703125, 1721.5067138671875, 421.45574951171875, 427.9111328125, 125.15418243408203, 247.48277282714844, 221.13059997558594, 170.8688201904297, 74.08416748046875, 164.5392608642578, 33.4347038269043, 154.00347900390625], [5674.7958984375, 1721.5067138671875, 4673.9443359375, 1154.25146484375, 1157.736083984375, 208.78912353515625, 550.4642944335938, 331.4327697753906, 328.7744445800781, 103.0330810546875, 359.8668518066406, 21.979795455932617, 350.7608337402344], [1267.2762451171875, 421.45574951171875, 1154.25146484375, 396.9799499511719, 317.0714416503906, 69.44296264648438, 128.95689392089844, 95.45957946777344, 97.8233642578125, 48.730323791503906, 111.6445083618164, 33.72012710571289, 98.60740661621094], [1312.161865234375, 427.9111328125, 1157.736083984375, 317.0714416503906, 352.3710021972656, 74.18981170654297, 148.451416015625, 89.88651275634766, 95.19863891601562, 37.20488357543945, 100.93294525146484, 11.32451343536377, 88.75311279296875], [135.4624786376953, 125.15418243408203, 208.78912353515625, 69.44296264648438, 74.18981170654297, 90.72566223144531, 75.49797821044922, 59.18280029296875, 47.66017150878906, 38.451446533203125, 36.00149154663086, 22.293502807617188, 19.07588005065918], [536.046142578125, 247.48277282714844, 550.4642944335938, 128.95689392089844, 148.451416015625, 75.49797821044922, 167.5384979248047, 100.63897705078125, 86.5682373046875, 51.29415512084961, 69.48838806152344, 18.76396942138672, 53.95497512817383], [187.07351684570312, 221.13059997558594, 331.4327697753906, 95.45957946777344, 89.88651275634766, 59.18280029296875, 100.63897705078125, 128.4077911376953, 87.92864227294922, 63.13343811035156, 69.93002319335938, 42.76881790161133, 47.72167205810547], [153.76475524902344, 170.8688201904297, 328.7744445800781, 97.8233642578125, 95.19863891601562, 47.66017150878906, 86.5682373046875, 87.92864227294922, 114.51248931884766, 85.01344299316406, 78.97688293457031, 47.22675704956055, 53.232139587402344], [-182.8815460205078, 74.08416748046875, 103.0330810546875, 48.730323791503906, 37.20488357543945, 38.451446533203125, 51.29415512084961, 63.13343811035156, 85.01344299316406, 110.40313720703125, 80.61959075927734, 65.16836547851562, 44.2381477355957], [162.56857299804688, 164.5392608642578, 359.8668518066406, 111.6445083618164, 100.93294525146484, 36.00149154663086, 69.48838806152344, 69.93002319335938, 78.97688293457031, 80.61959075927734, 115.25543212890625, 71.88589477539062, 67.80813598632812], [-310.7223205566406, 33.4347038269043, 21.979795455932617, 33.72012710571289, 11.32451343536377, 22.293502807617188, 18.76396942138672, 42.76881790161133, 47.22675704956055, 65.16836547851562, 71.88589477539062, 104.03515625, 60.121925354003906], [252.98223876953125, 154.00347900390625, 350.7608337402344, 98.60740661621094, 88.75311279296875, 19.07588005065918, 53.95497512817383, 47.72167205810547, 53.232139587402344, 44.2381477355957, 67.80813598632812, 60.121925354003906, 95.42485046386719]], "lowlevel.mfcc.icov": [[0.0004060103674419224, 6.582256901310757e-05, -0.000645658525172621, 6.568060052813962e-05, 0.0003955460269935429, -0.00020795002637896687, 0.00017268641386181116, 6.219655915629119e-05, 0.00012828776380047202, 0.0004104480321984738, -6.492502870969474e-05, 0.0011317430762574077, -0.0002610046067275107], [6.582256901310757e-05, 0.00268898019567132, -0.0010168146109208465, 0.0005018506781198084, 0.00022561612422578037, -0.0011523730354383588, 0.001141008106060326, -0.003079991089180112, 0.00010397812002338469, 0.0005811897572129965, -0.00048057452659122646, 0.0012570300605148077, -0.0011574338423088193], [-0.000645658525172621, -0.0010168146109208465, 0.003129623830318451, -0.0021500280126929283, -0.0037500725593417883, 0.001917098881676793, -0.0021961890161037445, 0.0007726976764388382, -0.00040824810275807977, 0.0004841721965931356, -0.0010644909925758839, -0.0002727695391513407, -0.001037809532135725], [6.568060052813962e-05, 0.0005018506781198084, -0.0021500280126929283, 0.011868897825479507, -0.005018920172005892, -0.0021703457459807396, 0.004003891255706549, -0.0018275546608492732, 4.6057190047577024e-05, -0.0005661281174980104, -0.0003930967068299651, -0.0017127610044553876, 1.4055523251954583e-06], [0.0003955460269935429, 0.00022561612422578037, -0.0037500725593417883, -0.005018920172005892, 0.020212767645716667, -0.00525659928098321, -0.0006847981712780893, 0.0028468510136008263, -0.0029734051786363125, 0.0028747529722750187, -0.003643095726147294, 0.003928931429982185, -0.0007879165932536125], [-0.00020795002637896687, -0.0011523730354383588, 0.001917098881676793, -0.0021703457459807396, -0.00525659928098321, 0.023308206349611282, -0.009519107639789581, -0.002599141327664256, 0.0020716635044664145, -0.004687418695539236, 0.005117819178849459, -0.006648209877312183, 0.006088107358664274], [0.00017268641386181116, 0.001141008106060326, -0.0021961890161037445, 0.004003891255706549, -0.0006847981712780893, -0.009519107639789581, 0.02100984938442707, -0.008199138566851616, -0.0037060240283608437, 0.0010570756858214736, -0.002753020264208317, 0.006248834542930126, -0.004006569739431143], [6.219655915629119e-05, -0.003079991089180112, 0.0007726976764388382, -0.0018275546608492732, 0.0028468510136008263, -0.002599141327664256, -0.008199138566851616, 0.025804178789258003, -0.01111107412725687, 0.0024585516657680273, -0.001700336579233408, -0.003835883690044284, 0.0021406866144388914], [0.00012828776380047202, 0.00010397812002338469, -0.00040824810275807977, 4.6057190047577024e-05, -0.0029734051786363125, 0.0020716635044664145, -0.0037060240283608437, -0.01111107412725687, 0.0380939282476902, -0.02146175503730774, 0.0004187012673355639, 0.002790252212435007, -0.0024079016875475645], [0.0004104480321984738, 0.0005811897572129965, 0.0004841721965931356, -0.0005661281174980104, 0.0028747529722750187, -0.004687418695539236, 0.0010570756858214736, 0.0024585516657680273, -0.02146175503730774, 0.03699739649891853, -0.01559840515255928, -0.0024150083772838116, 0.0006415483076125383], [-6.492502870969474e-05, -0.00048057452659122646, -0.0010644909925758839, -0.0003930967068299651, -0.003643095726147294, 0.005117819178849459, -0.002753020264208317, -0.001700336579233408, 0.0004187012673355639, -0.01559840515255928, 0.03789655864238739, -0.015851236879825592, 9.471795056015253e-05], [0.0011317430762574077, 0.0012570300605148077, -0.0002727695391513407, -0.0017127610044553876, 0.003928931429982185, -0.006648209877312183, 0.006248834542930126, -0.003835883690044284, 0.002790252212435007, -0.0024150083772838116, -0.015851236879825592, 0.03643853962421417, -0.018327755853533745], [-0.0002610046067275107, -0.0011574338423088193, -0.001037809532135725, 1.4055523251954583e-06, -0.0007879165932536125, 0.006088107358664274, -0.004006569739431143, 0.0021406866144388914, -0.0024079016875475645, 0.0006415483076125383, 9.471795056015253e-05, -0.018327755853533745, 0.030089102685451508]], "metadata.audio_properties.analysis.downmix": "mix", "metadata.audio_properties.codec": "mp3", "metadata.audio_properties.md5_encoded": "51969bdca5b090b4c101b92f260ad340", "metadata.tags.file_name": "1183697345641201745.mp3", "metadata.version.essentia": "2.1-beta6-dev", "metadata.version.essentia_git_sha": "v2.1_beta5-1110-g77a6a954", "metadata.version.extractor": "music 2.0", "tonal.chords_key": "G", "tonal.chords_scale": "major", "tonal.key_edma.key": "B", "tonal.key_edma.scale": "minor", "tonal.key_krumhansl.key": "B", "tonal.key_krumhansl.scale": "minor", "tonal.key_temperley.key": "B", "tonal.key_temperley.scale": "minor", "metadata.tags.encoding": ["Lavf58.45.100"]}, "essentia_models": [{"model_name": "genre_dortmund", "activations": {"alternative": "0.025535554", "blues": "0.0023873432", "electronic": "0.28948924", "folkcountry": "0.018498162", "funksoulrnb": "0.017811919", "jazz": "0.068737894", "pop": "0.27799013", "raphiphop": "0.017901639", "rock": "0.19404577"}}, {"model_name": "genre_rosamerica", "activations": {"classic": "0.050441843", "dance": "0.95644134", "hip hop": "0.000610184", "jazz": "0.011579171", "pop": "0.0020052467", "rhythm and blues": "0.00097418507", "rock": "0.0548645", "speech": "0.010810436"}}, {"model_name": "genre_tzanetakis", "activations": {"blues": "0.00071302167", "classic": "0.04510763", "country": "0.025547685", "disco": "0.014850136", "hip hop": "0.03181099", "jazz": "0.010081971", "metal": "0.020128267", "pop": "0.026732272", "reggae": "0.07498271", "rock": "0.064357705"}}, {"model_name": "genre_electronic", "activations