{"song_id": "1183701130463694879", "download": "https://cdn.discordapp.com/attachments/1135903449314238464/1183701130463694879/chirp.mp4?ex=65894a95&amp", "lyrics": "(Verse 1)\nI am Ismail Haniyeh, living in luxury,\nIn my Qatar villa, that's the life for me.\nWhile Gaza's kids hungry, and their futures fade,\nI'm dining on caviar, in my golden parade.\n\n(Chorus)\nHaniyeh, Haniyeh, let me make it clear,\nI live without guilt, have no reason to fear.\nAs Gaza's young ones starve and cry,\nI'm in opulence, under the desert sky.\n\n(Verse 2)\nI count my riches, while they count their tears,\nIn their darkest hours, I feed on their fears.\nI say I'm a leader, a guiding star,\nBut in reality, I've strayed very far.", "style": ["hip hop</span><span>, rap</span><span>, middle eastern"], "essentia_features": {"lowlevel.average_loudness": 0.9761761426925659, "lowlevel.barkbands_crest.mean": 18.138595581054688, "lowlevel.barkbands_crest.stdev": 6.884026050567627, "lowlevel.barkbands_flatness_db.mean": 0.22967438399791718, "lowlevel.barkbands_flatness_db.stdev": 0.1017681136727333, "lowlevel.barkbands_kurtosis.mean": 46.565486907958984, "lowlevel.barkbands_kurtosis.stdev": 127.8638687133789, "lowlevel.barkbands_skewness.mean": 4.323722839355469, "lowlevel.barkbands_skewness.stdev": 4.145676612854004, "lowlevel.barkbands_spread.mean": 19.01512336730957, "lowlevel.barkbands_spread.stdev": 20.647897720336914, "lowlevel.dissonance.mean": 0.4516070485115051, "lowlevel.dissonance.stdev": 0.03699219226837158, "lowlevel.dynamic_complexity": 2.5658130645751953, "lowlevel.erbbands_crest.mean": 9.328018188476562, "lowlevel.erbbands_crest.stdev": 4.204887866973877, "lowlevel.erbbands_flatness_db.mean": 0.13658985495567322, "lowlevel.erbbands_flatness_db.stdev": 0.04665282741189003, "lowlevel.erbbands_kurtosis.mean": 1.3290603160858154, "lowlevel.erbbands_kurtosis.stdev": 3.6955742835998535, "lowlevel.erbbands_skewness.mean": 0.5318830013275146, "lowlevel.erbbands_skewness.stdev": 1.0568625926971436, "lowlevel.erbbands_spread.mean": 58.688865661621094, "lowlevel.erbbands_spread.stdev": 36.96524429321289, "lowlevel.hfc.mean": 28.550952911376953, "lowlevel.hfc.stdev": 31.030595779418945, "lowlevel.loudness_ebu128.integrated": -13.123507499694824, "lowlevel.loudness_ebu128.loudness_range": 1.3026294708251953, "lowlevel.loudness_ebu128.momentary.mean": -13.665862083435059, "lowlevel.loudness_ebu128.momentary.stdev": 2.371995687484741, "lowlevel.loudness_ebu128.short_term.mean": -13.171542167663574, "lowlevel.loudness_ebu128.short_term.stdev": 0.4726816415786743, "lowlevel.melbands_crest.mean": 20.88314437866211, "lowlevel.melbands_crest.stdev": 6.7991509437561035, "lowlevel.melbands_flatness_db.mean": 0.3033457100391388, "lowlevel.melbands_flatness_db.stdev": 0.12957434356212616, "lowlevel.melbands_kurtosis.mean": 80.10881042480469, "lowlevel.melbands_kurtosis.stdev": 114.20506286621094, "lowlevel.melbands_skewness.mean": 5.847671031951904, "lowlevel.melbands_skewness.stdev": 3.95064640045166, "lowlevel.melbands_spread.mean": 15.407937049865723, "lowlevel.melbands_spread.stdev": 26.19685935974121, "lowlevel.pitch_salience.mean": 0.3618963360786438, "lowlevel.pitch_salience.stdev": 0.19759061932563782, "lowlevel.silence_rate_20dB.mean": 0.994955837726593, "lowlevel.silence_rate_20dB.stdev": 0.07084253430366516, "lowlevel.silence_rate_30dB.mean": 0.7320302724838257, "lowlevel.silence_rate_30dB.stdev": 0.4429017901420593, "lowlevel.silence_rate_60dB.mean": 0.03530895337462425, "lowlevel.silence_rate_60dB.stdev": 0.18456107378005981, "lowlevel.spectral_centroid.mean": 1081.068603515625, "lowlevel.spectral_centroid.stdev": 865.487060546875, "lowlevel.spectral_complexity.mean": 12.97667121887207, "lowlevel.spectral_complexity.stdev": 10.310113906860352, "lowlevel.spectral_decrease.mean": -2.1059220145502877e-08, "lowlevel.spectral_decrease.stdev": 2.1296740371212763e-08, "lowlevel.spectral_energy.mean": 0.08207203447818756, "lowlevel.spectral_energy.stdev": 0.08092250674962997, "lowlevel.spectral_energyband_high.mean": 0.0019331361399963498, "lowlevel.spectral_energyband_high.stdev": 0.003112009959295392, "lowlevel.spectral_energyband_low.mean": 0.06803488731384277, "lowlevel.spectral_energyband_low.stdev": 0.08104689419269562, "lowlevel.spectral_energyband_middle_high.mean": 0.003479363862425089, "lowlevel.spectral_energyband_middle_high.stdev": 0.006608163472265005, "lowlevel.spectral_energyband_middle_low.mean": 0.009008052758872509, "lowlevel.spectral_energyband_middle_low.stdev": 0.010563370771706104, "lowlevel.spectral_entropy.mean": 7.539062023162842, "lowlevel.spectral_entropy.stdev": 0.6765576601028442, "lowlevel.spectral_flux.mean": 0.1085662916302681, "lowlevel.spectral_flux.stdev": 0.0825015977025032, "lowlevel.spectral_kurtosis.mean": 4.299532890319824, "lowlevel.spectral_kurtosis.stdev": 5.666042804718018, "lowlevel.spectral_rms.mean": 0.007873601280152798, "lowlevel.spectral_rms.stdev": 0.004251663573086262, "lowlevel.spectral_rolloff.mean": 1368.1573486328125, "lowlevel.spectral_rolloff.stdev": 2663.8046875, "lowlevel.spectral_skewness.mean": 1.6394529342651367, "lowlevel.spectral_skewness.stdev": 0.860533595085144, "lowlevel.spectral_spread.mean": 6858583.0, "lowlevel.spectral_spread.stdev": 2872263.5, "lowlevel.spectral_strongpeak.mean": 0.7762978672981262, "lowlevel.spectral_strongpeak.stdev": 0.6390711069107056, "lowlevel.zerocrossingrate.mean": 0.0588776059448719, "lowlevel.zerocrossingrate.stdev": 0.06627217680215836, "metadata.audio_properties.analysis.equal_loudness": 0.0, "metadata.audio_properties.analysis.length": 36.79997634887695, "metadata.audio_properties.analysis.sample_rate": 44100.0, "metadata.audio_properties.analysis.start_time": 0.0, "metadata.audio_properties.bit_rate": 121902.0, "metadata.audio_properties.length": 36.79999923706055, "metadata.audio_properties.lossless": 0.0, "metadata.audio_properties.number_channels": 1.0, "metadata.audio_properties.replay_gain": -11.292848587036133, "metadata.audio_properties.sample_rate": 48000.0, "rhythm.beats_count": 57.0, "rhythm.beats_loudness.mean": 0.11268679052591324, "rhythm.beats_loudness.stdev": 0.06133287400007248, "rhythm.bpm": 93.94917297363281, "rhythm.bpm_histogram_first_peak_bpm": 94.0, "rhythm.bpm_histogram_first_peak_weight": 0.5185185670852661, "rhythm.bpm_histogram_second_peak_bpm": 85.0, "rhythm.bpm_histogram_second_peak_spread": 0.0, "rhythm.bpm_histogram_second_peak_weight": 0.0357142873108387, "rhythm.danceability": 1.644903302192688, "rhythm.onset_rate": 6.138762474060059, "tonal.chords_changes_rate": 0.041561711579561234, "tonal.chords_number_rate": 0.006297229323536158, "tonal.chords_strength.mean": 0.5261402130126953, "tonal.chords_strength.stdev": 0.06238837167620659, "tonal.hpcp_crest.mean": 14.840617179870605, "tonal.hpcp_crest.stdev": 6.92409610748291, "tonal.hpcp_entropy.mean": 1.8308780193328857, "tonal.hpcp_entropy.stdev": 0.7428443431854248, "tonal.key_edma.strength": 0.6016815304756165, "tonal.key_krumhansl.strength": 0.5967054963111877, "tonal.key_temperley.strength": 0.58625727891922, "tonal.tuning_diatonic_strength": 0.4824393093585968, "tonal.tuning_equal_tempered_deviation": 0.1819199174642563, "tonal.tuning_frequency": 444.3418884277344, "tonal.tuning_nontempered_energy_ratio": 0.7520928978919983, "lowlevel.barkbands.mean": [0.00044962961692363024, 0.06514978408813477, 0.002108930377289653, 0.0009240205399692059, 0.0034592568408697844, 0.0014758161269128323, 0.0009321093675680459, 0.0008930711192078888, 0.0011936677619814873, 0.0004131458408664912, 0.0008810795261524618, 0.0006375771481543779, 0.00036586032365448773, 0.00019520004570949823, 0.00020611014042515308, 0.0002680447942111641, 0.00020831848087254912, 0.00012118278391426429, 0.00016081145440693945, 0.00019164601690135896, 0.00023186921316664666, 0.00027132159448228776, 0.000457267917227, 0.00037887319922447205, 0.0003091917897108942, 0.00018724057008512318, 1.016781084217655e-06], "lowlevel.barkbands.stdev": [0.0006958589074201882, 0.0795985609292984, 0.005799809005111456, 0.0034320277627557516, 0.00457135820761323, 0.0026593864895403385, 0.0022015897557139397, 0.002668382367119193, 0.0032177353277802467, 0.0016294539673253894, 0.002426831517368555, 0.0022867831867188215, 0.0012904494069516659, 0.0005634553963318467, 0.0006329044117592275, 0.0006793599459342659, 0.0004975628107786179, 0.00040085020009428263, 0.00047206770977936685, 0.0004294904647395015, 0.0005163347814232111, 0.0005234298878349364, 0.0008281627669930458, 0.0007104413816705346, 0.0006302788387984037, 0.0003789439215324819, 5.027141924074385e-06], "lowlevel.erbbands.mean": [1.8508104085922241, 14.603215217590332, 6.719282150268555, 2.7588448524475098, 5.318514347076416, 16.147357940673828, 12.474166870117188, 11.580474853515625, 9.381731986999512, 20.02423858642578, 23.17987060546875, 24.949626922607422, 16.613788604736328, 19.625856399536133, 36.37700271606445, 24.81349754333496, 17.720558166503906, 11.212934494018555, 9.989668846130371, 12.021732330322266, 15.492325782775879, 12.093523025512695, 6.979274272918701, 6.8172831535339355, 9.292858123779297, 8.870498657226562, 9.223422050476074, 8.773979187011719, 9.510831832885742, 12.765345573425293, 12.179581642150879, 8.183481216430664, 6.4174418449401855, 3.716291904449463, 2.002143144607544, 0.9676717519760132, 0.3390650749206543, 0.030516300350427628, 0.0006344762514345348, 0.0001223586587002501], "lowlevel.erbbands.stdev": [2.2604663372039795, 18.071697235107422, 9.532769203186035, 9.034332275390625, 10.350711822509766, 21.01729393005371, 19.512083053588867, 22.322982788085938, 24.200529098510742, 50.090476989746094, 63.68798065185547, 68.95590209960938, 58.62868881225586, 62.891082763671875, 94.7825927734375, 87.3553695678711, 61.05482864379883, 32.239261627197266, 28.909687042236328, 32.44740295410156, 37.83396530151367, 28.788576126098633, 22.113658905029297, 21.085033416748047, 24.89569091796875, 20.36832046508789, 20.292438507080078, 19.527568817138672, 18.6092586517334, 23.415815353393555, 22.26002311706543, 15.045978546142578, 12.892809867858887, 7.583089351654053, 4.197661876678467, 1.9778364896774292, 0.7085694074630737, 0.06970234960317612, 0.0013047563843429089, 0.0001026001846184954], "lowlevel.gfcc.mean": [-7.152726650238037, 78.06034851074219, -64.21586608886719, 36.76014709472656, -58.28499984741211, 28.597326278686523, -34.174835205078125, 17.403350830078125, -21.453842163085938, 9.416082382202148, -13.281608581542969, 9.646775245666504, -2.668321371078491], "lowlevel.melbands.mean": [0.018412163481116295, 0.008656351827085018, 0.0005283099599182606, 0.0007323245517909527, 0.000539113418199122, 0.0002621824387460947, 0.00015559328312519938, 0.000211308230063878, 0.00020072910410817713, 0.0001550408487673849, 7.96419772086665e-05, 7.211407501017675e-05, 0.0001323434989899397, 7.610566535731778e-05, 5.2663544920505956e-05, 3.1420811865245923e-05, 1.9307895854581147e-05, 1.5752662875456735e-05, 1.537752541480586e-05, 1.6775862604845315e-05, 1.797462573449593e-05, 1.3665791811945383e-05, 7.292233476619003e-06, 5.460799911816139e-06, 5.3480512178794015e-06, 6.53408869766281e-06, 6.887069503136445e-06, 5.626364327326883e-06, 5.4387237469200045e-06, 5.995861101837363e-06, 4.7213511606969405e-06, 5.104822776047513e-06, 5.739547759731067e-06, 8.058468665694818e-06, 7.302383437490789e-06, 5.995257652102737e-06, 4.632826858141925e-06, 4.678277036873624e-06, 3.7926470213278662e-06, 2.9071527478663484e-06], "lowlevel.melbands.stdev": [0.022478848695755005, 0.010566439479589462, 0.001579160219989717, 0.0010137945646420121, 0.0007204432622529566, 0.0004931935109198093, 0.0003797865065280348, 0.0005444508860819042, 0.0005434150225482881, 0.00045199942542240024, 0.00029256270499899983, 0.0002480661787558347, 0.00034970795968547463, 0.0002608803624752909, 0.00020427924755495042, 0.00010476298484718427, 5.8397825341671705e-05, 4.709964923677035e-05, 4.64544391434174e-05, 4.507158519118093e-05, 4.368057125248015e-05, 3.2877520425245166e-05, 2.1974252376821823e-05, 1.894165325211361e-05, 1.7035708879120648e-05, 1.983082438528072e-05, 1.638522371649742e-05, 1.3521181244868785e-05, 1.2097231774532702e-05, 1.4175416254147422e-05, 1.0751215086202137e-05, 1.028051246976247e-05, 1.1266591172898188e-05, 1.5065773368405644e-05, 1.3560359548137058e-05, 1.1392717169655953e-05, 8.684161002747715e-06, 9.70357268670341e-06, 7.882730642450042e-06, 6.164676960906945e-06], "lowlevel.melbands128.mean": [0.0003800994309131056, 0.01108897477388382, 0.03252219036221504, 0.020857583731412888, 0.005261936690658331, 0.0008877696818672121, 0.00046282727271318436, 0.000500128255225718, 0.0004929568967781961, 0.0005948866601102054, 0.0011198424035683274, 0.000695970724336803, 0.00032895803451538086, 0.00043554542935453355, 0.00028209417359903455, 0.00016634934581816196, 0.00012702176172751933, 0.00012856944522354752, 0.0002113369555445388, 0.00027547820354811847, 0.0001694083766778931, 0.00015239445201586932, 0.00022504090156871825, 0.00023412330483552068, 0.00014618404384236783, 0.00014282939082477242, 0.00012026933109154925, 6.43692837911658e-05, 5.459466410684399e-05, 5.646986755891703e-05, 6.428214692277834e-05, 0.0001258280681213364, 0.00018173514399677515, 9.189277625409886e-05, 8.933268691180274e-05, 6.855156971141696e-05, 6.154593575047329e-05, 5.4061601986177266e-05, 4.9300149839837104e-05, 3.447351627983153e-05, 2.945542655652389e-05, 2.2407290089176968e-05, 1.9236731532146223e-05, 1.8727656424744055e-05, 1.4843613826087676e-05, 1.667616015765816e-05, 1.4378773812495638e-05, 1.4249471860239282e-05, 1.582180084369611e-05, 1.800594327505678e-05, 1.3527243936550803e-05, 1.9717686882358976e-05, 2.170534571632743e-05, 1.5361409168690443e-05, 1.4247086255636532e-05, 1.656579479458742e-05, 9.95592290564673e-06, 7.339941930695204e-06, 6.8256731537985615e-06, 5.997056177875493e-06, 5.139792392583331e-06, 5.434476406662725e-06, 4.919527327729156e-06, 5.556783889915096e-06, 5.474323643284151e-06, 6.778612714697374e-06, 6.846246378700016e-06, 7.062198164931033e-06, 7.33028036847827e-06, 6.229425252968213e-06, 5.126271844346775e-06, 5.8510549933998846e-06, 5.128112206875812e-06, 5.300981683831196e-06, 5.710622190235881e-06, 6.6789461925509386e-06, 5.92268679611152e-06, 4.698330485553015e-06, 4.84153952129418e-06, 4.197454018139979e-06, 4.874800652032718e-06, 5.793799573439173e-06, 5.110346592118731e-06, 5.98379392613424e-06, 5.759276973549277e-06, 6.81187293594121e-06, 9.200799468089826e-06, 1.0006003321905155e-05, 6.090828719607089e-06, 6.587813004443888e-06, 6.835992280684877e-06, 5.768742539657978e-06, 4.717097908724099e-06, 4.731237822852563e-06, 4.272841124475235e-06, 4.794747383130016e-06, 4.860931767325383e-06, 4.452292159839999e-06, 3.7688921565859346e-06, 3.622319354690262e-06, 3.08546123051201e-06, 2.9970744890306378e-06, 2.2923927645024378e-06, 2.407775127721834e-06, 2.0203503936500056e-06, 2.3638633592781844e-06, 2.237320359199657e-06, 1.705486965875025e-06, 1.7046545508492272e-06, 1.4054882058189833e-06, 1.4284593135016621e-06, 1.2827606497012312e-06, 1.1292216868241667e-06, 9.039861765813839e-07, 5.845184318786778e-07, 2.782347507945815e-07, 4.589443847180519e-08, 5.302348560221049e-10, 5.724775167803564e-11, 6.034272387323014e-11, 3.858879535356685e-11, 1.1968935391404312e-11, 7.374043216323845e-12, 7.219571728639407e-12, 7.073936922341595e-12, 6.908843289132882e-12, 6.810588985134425e-12, 6.7653565041791985e-12], "lowlevel.melbands128.stdev": [0.0006373521755449474, 0.013800544664263725, 0.04029840603470802, 0.02626350149512291, 0.00729837641119957, 0.0025481844786554575, 0.0018987880321219563, 0.0016809693770483136, 0.0010210636537522078, 0.0011917372466996312, 0.001452114898711443, 0.001044230884872377, 0.0007099147187545896, 0.0008702740306034684, 0.0006462167948484421, 0.0004369303351268172, 0.0004927537520416081, 0.000440058734966442, 0.0005682460032403469, 0.0007965692202560604, 0.0006346084992401302, 0.0006423541344702244, 0.0007402643677778542, 0.0007231347262859344, 0.0004900680505670607, 0.000651796639431268, 0.0005575739196501672, 0.00028829678194597363, 0.00031639012740924954, 0.00026202917797490954, 0.0002881540567614138, 0.00039858766831457615, 0.0005179027793928981, 0.00033775519113987684, 0.00037504557985812426, 0.00030009387410245836, 0.00030443340074270964, 0.0002561930741649121, 0.00023144097940530628, 0.00014134285447653383, 0.0001170684045064263, 7.246773748192936e-05, 8.007907308638096e-05, 6.167006358737126e-05, 4.7281657316489145e-05, 6.700583617202938e-05, 5.070011320640333e-05, 5.427632640930824e-05, 5.5466000048909336e-05, 5.3406332881422713e-05, 4.6695309720234945e-05, 6.169545667944476e-05, 5.999882341711782e-05, 3.8543676055269316e-05, 3.699788430822082e-05, 4.542906754068099e-05, 2.8621565434150398e-05, 2.407091233180836e-05, 2.5241119146812707e-05, 2.324525485164486e-05, 2.001681423280388e-05, 1.9746557882172056e-05, 1.6631074686301872e-05, 2.109234446834307e-05, 1.9222803530283272e-05, 2.4340721211046912e-05, 2.0540683181025088e-05, 2.003203917411156e-05, 1.81546693056589e-05, 1.4946021110517904e-05, 1.52625852933852e-05, 1.5103982150321826e-05, 1.1755503692256752e-05, 1.4006694073032122e-05, 1.3965413927508052e-05, 1.7054138879757375e-05, 1.5838671970413998e-05, 1.1714737411239184e-05, 1.195900040329434e-05, 1.0314859537174925e-05, 1.0464371371199377e-05, 1.2294382031541318e-05, 1.0874086910916958e-05, 1.3012501767661888e-05, 1.1936466762563214e-05, 1.3854312783223577e-05, 1.8716560589382425e-05, 1.9965133105870336e-05, 1.2875549145974219e-05, 1.3552823475038167e-05, 1.4270148312789388e-05, 1.1485190043458715e-05, 9.938729817804415e-06, 9.63836100709159e-06, 8.383054591831751e-06, 1.0576174645393621e-05, 1.1748985343729146e-05, 9.930262422130909e-06, 8.449600500171073e-06, 8.23632854007883e-06, 7.064679266477469e-06, 6.767712875443976e-06, 5.336743470252259e-06, 5.891392447665567e-06, 4.917373189528007e-06, 5.591085482592462e-06, 4.972387159796199e-06, 3.4142076401622035e-06, 4.039635769004235e-06, 3.1741601560497656e-06, 3.268545469836681e-06, 3.110661964456085e-06, 2.436323029542109e-06, 2.1234777705103625e-06, 1.347745183011284e-06, 8.580440749028639e-07, 1.7812168096043024e-07, 8.783675120582757e-09, 1.5488146321018803e-09, 1.552887818334625e-09, 1.0742127187768347e-09, 1.5104270612020798e-10, 1.2636015497835551e-11, 1.23692054862512e-11, 1.2182983788466828e-11, 1.203325113163789e-11, 1.1925764195619415e-11, 1.185940755321635e-11], "lowlevel.mfcc.mean": [-667.3609008789062, 113.89830780029297, 47.65242385864258, 21.390151977539062, 10.887162208557129, 11.021417617797852, 5.548403263092041, 8.003080368041992, 6.633415222167969, 4.127717971801758, -3.8332486152648926, 3.6231749057769775, 9.456149101257324], "lowlevel.spectral_contrast_coeffs.mean": [-0.7038801312446594, -0.7559453248977661, -0.7780349254608154, -0.8110086917877197, -0.8146993517875671, -0.7932878732681274], "lowlevel.spectral_contrast_coeffs.stdev": [0.07396171987056732, 0.058988187462091446, 0.06108465790748596, 0.055053241550922394, 0.04049011319875717, 0.03673504665493965], "lowlevel.spectral_contrast_valleys.mean": [-6.454122066497803, -6.981054306030273, -7.778880596160889, -8.18001937866211, -8.071151733398438, -9.87160587310791], "lowlevel.spectral_contrast_valleys.stdev": [0.9479653239250183, 0.7870301604270935, 0.9578275680541992, 0.9391053915023804, 1.0098052024841309, 1.1906726360321045], "rhythm.beats_loudness_band_ratio.mean": [0.5971803069114685, 0.10432562232017517, 0.07047855108976364, 0.0953974723815918, 0.05060559883713722, 0.09579361230134964], "rhythm.beats_loudness_band_ratio.stdev": [0.31842198967933655, 0.13459670543670654, 0.08531127125024796, 0.11604887247085571, 0.06097441911697388, 0.09804199635982513], "tonal.hpcp.mean": [0.04480093717575073, 0.039540428668260574, 0.04249195754528046, 0.039793454110622406, 0.06206963211297989, 0.3805433511734009, 0.5659955143928528, 0.3333069980144501, 0.18432104587554932, 0.13827377557754517, 0.1186220571398735, 0.09138157218694687, 0.05409904569387436, 0.061301060020923615, 0.07454942911863327, 0.05703858658671379, 0.043957848101854324, 0.07257617264986038, 0.0678725615143776, 0.03663145378232002, 0.06565068662166595, 0.06214394047856331, 0.02905174531042576, 0.030760936439037323, 0.029980376362800598, 0.028208544477820396, 0.04578261822462082, 0.04574843868613243, 0.027417408302426338, 0.025980064645409584, 0.028884049504995346, 0.028097180649638176, 0.024722199887037277, 0.024690017104148865, 0.024887310341000557, 0.0391407385468483], "tonal.hpcp.stdev": [0.15205903351306915, 0.14203739166259766, 0.15071053802967072, 0.14149081707000732, 0.14874903857707977, 0.3451826572418213, 0.43909868597984314, 0.32281050086021423, 0.3309568464756012, 0.2797327935695648, 0.27285486459732056, 0.23007191717624664, 0.15874814987182617, 0.18352827429771423, 0.21738369762897491, 0.18436862528324127, 0.13948167860507965, 0.16967594623565674, 0.15391238033771515, 0.09483310580253601, 0.16855742037296295, 0.1546754390001297, 0.08752400428056717, 0.11027448624372482, 0.10898017883300781, 0.09215665608644485, 0.09819219261407852, 0.10147079080343246, 0.0920194685459137, 0.09591972082853317, 0.10916491597890854, 0.10797145217657089, 0.09847205132246017, 0.10285694152116776, 0.08621625602245331, 0.14094381034374237], "rhythm.beats_position": [0.6733786463737488, 1.369977355003357, 2.078185796737671, 2.739954710006714, 3.390113353729248, 4.017052173614502, 4.6556010246276855, 5.294149398803711, 5.9326982498168945, 6.571247100830078, 7.209795951843262, 7.848344326019287, 8.498503684997559, 9.125441551208496, 9.77560043334961, 10.402539253234863, 11.052698135375977, 11.67963695526123, 12.318185806274414, 12.956734657287598, 13.595283508300781, 14.233832359313965, 14.883990287780762, 15.510929107666016, 16.149478912353516, 16.788026809692383, 17.42657470703125, 18.06512451171875, 18.703672409057617, 19.342222213745117, 19.980770111083984, 20.619319915771484, 21.246257781982422, 21.884807586669922, 22.52335548400879, 23.173513412475586, 23.800453186035156, 24.450611114501953, 25.077550888061523, 25.71609878540039, 26.35464859008789, 27.004806518554688, 27.631746292114258, 28.281904220581055, 28.908842086791992, 29.559001922607422, 30.19754981994629, 30.83609962463379, 31.463037490844727, 32.0899772644043, 32.740135192871094, 33.39029312133789, 34.017234802246094, 34.65578079223633, 35.29433059692383, 35.944488525390625, 36.57142639160156], "rhythm.bpm_histogram": [0.0, 0.0, 0.0, 0.0, 0.0, 0.0, 0.0, 0.0, 0.0, 0.0, 0.0, 0.0, 0.0, 0.0, 0.0, 0.0, 0.0, 0.0, 0.0, 0.0, 0.0, 0.0, 0.0, 0.0, 0.0, 0.0, 0.0, 0.0, 0.0, 0.0, 0.0, 0.0, 0.0, 0.0, 0.0, 0.0, 0.0, 0.0, 0.0, 0.0, 0.0, 0.0, 0.0, 0.0, 0.0, 0.0, 0.0, 0.0, 0.0, 0.0, 0.0, 0.0, 0.0, 0.0, 0.0, 0.0, 0.0, 0.0, 0.0, 0.0, 0.0, 0.0, 0.0, 0.0, 0.0, 0.0, 0.0, 0.0, 0.0, 0.0, 0.0, 0.0, 0.0, 0.0, 0.0, 0.0, 0.0, 0.0, 0.0, 0.0, 0.0, 0.0, 0.0, 0.0, 0.0, 0.01785714365541935, 0.01785714365541935, 0.0, 0.0, 0.0, 0.0, 0.01785714365541935, 0.2321428507566452, 0.0, 0.4642857015132904, 0.0, 0.25, 0.0, 0.0, 0.0, 0.0, 0.0, 0.0, 0.0, 0.0, 0.0, 0.0, 0.0, 0.0, 0.0, 0.0, 0.0, 0.0, 0.0, 0.0, 0.0, 0.0, 0.0, 0.0, 0.0, 0.0, 0.0, 0.0, 0.0, 0.0, 0.0, 0.0, 0.0, 0.0, 0.0, 0.0, 0.0, 0.0, 0.0, 0.0, 0.0, 0.0, 0.0, 0.0, 0.0, 0.0, 0.0, 0.0, 0.0, 0.0, 0.0, 0.0, 0.0, 0.0, 0.0, 0.0, 0.0, 0.0, 0.0, 0.0, 0.0, 0.0, 0.0, 0.0, 0.0, 0.0, 0.0, 0.0, 0.0, 0.0, 0.0, 0.0, 0.0, 0.0, 0.0, 0.0, 0.0, 0.0, 0.0, 0.0, 0.0, 0.0, 0.0, 0.0, 0.0, 0.0, 0.0, 0.0, 0.0, 0.0, 0.0, 0.0, 0.0, 0.0, 0.0, 0.0, 0.0, 0.0, 0.0, 0.0, 0.0, 0.0, 0.0, 0.0, 0.0, 0.0, 0.0, 0.0, 0.0, 0.0, 0.0, 0.0, 0.0, 0.0, 0.0, 0.0, 0.0, 0.0, 0.0, 0.0, 0.0, 0.0, 0.0, 0.0, 0.0, 0.0, 0.0, 0.0, 0.0, 0.0, 0.0, 0.0, 0.0, 0.0, 0.0, 0.0, 0.0, 0.0, 0.0, 0.0, 0.0, 0.0, 0.0, 0.0, 0.0, 0.0, 0.0, 0.0, 0.0, 0.0, 0.0, 0.0, 0.0, 0.0, 0.0], "tonal.chords_histogram": [0.251889169216156, 1.6372796297073364, 2.1410579681396484, 0.0, 0.0, 0.0, 0.0, 5.793450832366943, 21.032745361328125, 69.1435775756836, 0.0, 0.0, 0.0, 0.0, 0.0, 0.0, 0.0, 0.0, 0.0, 0.0, 0.0, 0.0, 0.0, 0.0], "tonal.thpcp": [1.0, 0.5888862609863281, 0.3256581425666809, 0.244301900267601, 0.20958127081394196, 0.16145281493663788, 0.09558211266994476, 0.10830661654472351, 0.13171382248401642, 0.10077568888664246, 0.07766465842723846, 0.12822747230529785, 0.1199171394109726, 0.06472039222717285, 0.11599153280258179, 0.10979581624269485, 0.05132857710123062, 0.05434837564826012, 0.05296928435564041, 0.04983881115913391, 0.08088865876197815, 0.08082827180624008, 0.04844103381037712, 0.04590153694152832, 0.05103229358792305, 0.04964205622673035, 0.043679144233465195, 0.04362228512763977, 0.04397086054086685, 0.069153793156147, 0.07915422320365906, 0.06985996663570404, 0.07507472485303879, 0.07030701637268066, 0.10966452956199646, 0.6723434329032898], "lowlevel.gfcc.cov": [[5214.59814453125, -1602.891845703125, -569.9828491210938, 619.3469848632812, -415.47552490234375, 484.11328125, -139.4397735595703, 265.5913391113281, -33.96659469604492, 243.1659698486328, -70.9262924194336, 112.19732666015625, -243.7372283935547], [-1602.891845703125, 2518.1328125, 146.28134155273438, -165.04432678222656, 638.97607421875, 5.483710289001465, 404.1676330566406, -52.00532150268555, 392.9019775390625, -164.7562713623047, 267.3772888183594, -164.60345458984375, 324.1647033691406], [-569.9828491210938, 146.28134155273438, 1312.2032470703125, 262.99005126953125, 313.70977783203125, 192.489990234375, 223.97996520996094, 87.47235107421875, 155.64334106445312, 71.39163208007812, 19.095252990722656, 51.34292221069336, 3.7711288928985596], [619.3469848632812, -165.04432678222656, 262.99005126953125, 730.8766479492188, 129.4599609375, 126.73626708984375, 51.18825912475586, 67.3770980834961, 117.56571197509766, 10.903268814086914, 75.3813705444336, 25.50926971435547, 72.22689056396484], [-415.47552490234375, 638.97607421875, 313.70977783203125, 129.4599609375, 541.8102416992188, 38.54255294799805, 121.75624084472656, 73.85345458984375, 201.73178100585938, 40.861244201660156, 79.79717254638672, -9.182562828063965, 122.13853454589844], [484.11328125, 5.483710289001465, 192.489990234375, 126.73626708984375, 38.54255294799805, 389.3291015625, 228.4988555908203, 54.49109649658203, 74.92571258544922, -4.667548656463623, 52.262516021728516, 10.002396583557129, -10.09325122833252], [-139.4397735595703, 404.1676330566406, 223.97996520996094, 51.18825912475586, 121.75624084472656, 228.4988555908203, 430.52655029296875, 100.68526458740234, 108.64437103271484, -31.953004837036133, 94.59024047851562, -12.100212097167969, 49.3907585144043], [265.5913391113281, -52.00532150268555, 87.47235107421875, 67.3770980834961, 73.85345458984375, 54.49109649658203, 100.68526458740234, 174.27235412597656, 88.05944061279297, 54.922691345214844, -0.776091456413269, 20.720260620117188, 0.9711197018623352], [-33.96659469604492, 392.9019775390625, 155.64334106445312, 117.56571197509766, 201.73178100585938, 74.92571258544922, 108.64437103271484, 88.05944061279297, 273.55694580078125, 47.068912506103516, 70.77970123291016, -34.4835319519043, 68.87085723876953], [243.1659698486328, -164.7562713623047, 71.39163208007812, 10.903268814086914, 40.861244201660156, -4.667548656463623, -31.953004837036133, 54.922691345214844, 47.068912506103516, 171.0491180419922, 8.088842391967773, 4.195367813110352, -54.24566650390625], [-70.9262924194336, 267.3772888183594, 19.095252990722656, 75.3813705444336, 79.79717254638672, 52.262516021728516, 94.59024047851562, -0.776091456413269, 70.77970123291016, 8.088842391967773, 118.49996948242188, -2.6467483043670654, 45.10472869873047], [112.19732666015625, -164.60345458984375, 51.34292221069336, 25.50926971435547, -9.182562828063965, 10.002396583557129, -12.100212097167969, 20.720260620117188, -34.4835319519043, 4.195367813110352, -2.6467483043670654, 84.2679443359375, 9.548724174499512], [-243.7372283935547, 324.1647033691406, 3.7711288928985596, 72.22689056396484, 122.13853454589844, -10.09325122833252, 49.3907585144043, 0.9711197018623352, 68.87085723876953, -54.24566650390625, 45.10472869873047, 9.548724174499512, 143.0513458251953]], "lowlevel.gfcc.icov": [[0.0004740799486171454, -6.678523641312495e-05, 0.00039412337355315685, -0.000501785078085959, 0.00023628924100194126, -0.0008146400796249509, 0.0003582306962925941, -0.0005775957251898944, 3.1974796002032235e-05, -0.0005529419286176562, 0.0004158550000283867, -0.0005372821469791234, 0.0005027437582612038], [-6.678523641312495e-05, 0.0017800385830923915, -0.00017105833103414625, 0.0010644588619470596, -0.0012556264409795403, 0.0007144186529330909, -0.0008044014102779329, 0.0008817512425594032, -0.0011386396363377571, 0.0015633795410394669, -0.0023013900499790907, 0.00235659908503294, -0.001576843555085361], [0.00039412337355315685, -0.00017105833103414625, 0.001567373052239418, -0.0008968074689619243, -0.0004266175383236259, -0.0007126904092729092, -0.0005698102177120745, 0.0004340770829003304, -0.0005371143925003707, -0.0009095813147723675, 0.0017811681609600782, -0.00197710283100605, 0.001462424173951149], [-0.000501785078085959, 0.0010644588619470596, -0.0008968074689619243, 0.0029477460775524378, -0.0007876277668401599, 0.0004908437840640545, 0.00021440230193547904, -3.174364974256605e-05, -0.0006137868040241301, 0.0017058833036571741, -0.0031106113456189632, 0.0021246836986392736, -0.0023171326611191034], [0.00023628924100194126, -0.0012556264409795403, -0.0004266175383236259, -0.0007876277668401599, 0.00437699630856514, -0.0006560584297403693, 0.0008083170396275818, -0.0014387286501005292, -0.00014055917563382536, -0.002194961765781045, 0.0009764081914909184, -0.0010030148550868034, -0.001401446177624166], [-0.0008146400796249509, 0.0007144186529330909, -0.0007126904092729092, 0.0004908437840640545, -0.0006560584297403693, 0.0060649351216852665, -0.0034546819515526295, 0.0022539598867297173, -0.0016716824611648917, 0.0018366007134318352, -0.0011904023122042418, 2.0019115254399367e-05, 0.0008048366289585829], [0.0003582306962925941, -0.0008044014102779329, -0.0005698102177120745, 0.00021440230193547904, 0.0008083170396275818, -0.0034546819515526295, 0.0067584328353405, -0.0051791248843073845, 0.0017369798151776195, 0.0011185925686731935, -0.0034175298642367125, 0.0015613858122378588, -0.0003309669264126569], [-0.0005775957251898944, 0.0008817512425594032, 0.0004340770829003304, -3.174364974256605e-05, -0.0014387286501005292, 0.0022539598867297173, -0.0051791248843073845, 0.01303774956613779, -0.0047110626474022865, -0.0019199028611183167, 0.00447836285457015, -0.0038851466961205006, 0.0004967909771949053], [3.1974796002032235e-05, -0.0011386396363377571, -0.0005371143925003707, -0.0006137868040241301, -0.00014055917563382536, -0.0016716824611648917, 0.0017369798151776195, -0.0047110626474022865, 0.009359950199723244, -0.002524472074583173, -0.001791339018382132, 0.004051447380334139, -0.0027760721277445555], [-0.0005529419286176562, 0.0015633795410394669, -0.0009095813147723675, 0.0017058833036571741, -0.002194961765781045, 0.0018366007134318352, 0.0011185925686731935, -0.0019199028611183167, -0.002524472074583173, 0.011911884881556034, -0.005717954132705927, 0.0017755257431417704, 0.0037251028697937727], [0.0004158550000283867, -0.0023013900499790907, 0.0017811681609600782, -0.0031106113456189632, 0.0009764081914909184, -0.0011904023122042418, -0.0034175298642367125, 0.00447836285457015, -0.001791339018382132, -0.005717954132705927, 0.019230687990784645, -0.006465226877480745, 0.000741351570468396], [-0.0005372821469791234, 0.00235659908503294, -0.00197710283100605, 0.0021246836986392736, -0.0010030148550868034, 2.0019115254399367e-05, 0.0015613858122378588, -0.0038851466961205006, 0.004051447380334139, 0.0017755257431417704, -0.006465226877480745, 0.021039480343461037, -0.0075743538327515125], [0.0005027437582612038, -0.001576843555085361, 0.001462424173951149, -0.0023171326611191034, -0.001401446177624166, 0.0008048366289585829, -0.0003309669264126569, 0.0004967909771949053, -0.0027760721277445555, 0.0037251028697937727, 0.000741351570468396, -0.0075743538327515125, 0.01693689078092575]], "lowlevel.mfcc.cov": [[6233.22607421875, -2116.512939453125, -393.3441162109375, -131.8353271484375, -182.59288024902344, 103.5710678100586, -39.173038482666016, 105.76754760742188, -87.30824279785156, 70.1345443725586, 132.0113525390625, 122.98987579345703, -9.262289047241211], [-2116.512939453125, 2467.731201171875, -136.10980224609375, -14.623876571655273, 237.43853759765625, 92.57170104980469, 128.74591064453125, 86.3199691772461, 222.2890167236328, 135.04547119140625, 30.508445739746094, 59.79939270019531, 144.09951782226562], [-393.3441162109375, -136.10980224609375, 926.5401611328125, 182.62966918945312, 102.39098358154297, 221.0432586669922, 132.77462768554688, 172.89382934570312, 86.1272201538086, 66.20787048339844, 104.00663757324219, 42.56818771362305, -17.415586471557617], [-131.8353271484375, -14.623876571655273, 182.62966918945312, 529.8592529296875, 254.72874450683594, 46.16414260864258, 18.03203010559082, 45.0900993347168, 77.67461395263672, 61.610721588134766, 1.1481691598892212, 17.830142974853516, 48.45152282714844], [-182.59288024902344, 237.43853759765625, 102.39098358154297, 254.72874450683594, 427.1766662597656, 100.07695007324219, -38.71958541870117, 11.219632148742676, 87.47502136230469, 93.89643096923828, 12.963224411010742, 12.958847999572754, 63.31568908691406], [103.5710678100586, 92.57170104980469, 221.0432586669922, 46.16414260864258, 100.07695007324219, 269.9527282714844, 137.55850219726562, 118.25444793701172, 57.06278610229492, 66.2138671875, 81.40789794921875, 45.18278121948242, -7.390433311462402], [-39.173038482666016, 128.74591064453125, 132.77462768554688, 18.03203010559082, -38.71958541870117, 137.55850219726562, 249.3548126220703, 148.74530029296875, 56.78417205810547, 23.13256072998047, 65.98307037353516, 44.94704818725586, -4.031526565551758], [105.76754760742188, 86.3199691772461, 172.89382934570312, 45.0900993347168, 11.219632148742676, 118.25444793701172, 148.74530029296875, 256.58929443359375, 117.04869842529297, 49.7655029296875, 40.42254638671875, 28.627222061157227, 14.182185173034668], [-87.30824279785156, 222.2890167236328, 86.1272201538086, 77.67461395263672, 87.47502136230469, 57.06278610229492, 56.78417205810547, 117.04869842529297, 189.90325927734375, 97.21978759765625, 40.075923919677734, 41.898162841796875, 51.5934944152832], [70.1345443725586, 135.04547119140625, 66.20787048339844, 61.610721588134766, 93.89643096923828, 66.2138671875, 23.13256072998047, 49.7655029296875, 97.21978759765625, 157.85543823242188, 92.49573516845703, 50.83776092529297, 39.2779541015625], [132.0113525390625, 30.508445739746094, 104.00663757324219, 1.1481691598892212, 12.963224411010742, 81.40789794921875, 65.98307037353516, 40.42254638671875, 40.075923919677734, 92.49573516845703, 164.5977783203125, 80.73057556152344, 5.77977991104126], [122.98987579345703, 59.79939270019531, 42.56818771362305, 17.830142974853516, 12.958847999572754, 45.18278121948242, 44.94704818725586, 28.627222061157227, 41.898162841796875, 50.83776092529297, 80.73057556152344, 112.2861328125, 47.61641311645508], [-9.262289047241211, 144.09951782226562, -17.415586471557617, 48.45152282714844, 63.31568908691406, -7.390433311462402, -4.031526565551758, 14.182185173034668, 51.5934944152832, 39.2779541015625, 5.77977991104126, 47.61641311645508, 118.33356475830078]], "lowlevel.mfcc.icov": [[0.0003175948513671756, 0.000326526234857738, 0.00031665380811318755, 6.565466173924506e-05, 1.1707651538017672e-05, -0.0003381642163731158, 0.0001813134440453723, -0.0003662950184661895, 0.0001156541911768727, -0.0002465559809934348, -6.387879693647847e-05, -0.00030970649095252156, -0.0001711946533760056], [0.000326526234857738, 0.000871000811457634, 0.00044283748138695955, 0.00032964040292426944, -0.0003515878925099969, -0.00031510728877037764, -0.00031562868389301, -0.00014517417002934963, -0.00039810966700315475, -0.00035407664836384356, 5.69629883102607e-05, -0.00020627981575671583, -0.0005584780592471361], [0.00031665380811318755, 0.00044283748138695955, 0.001880032941699028, -0.00040335371159017086, 5.5838769185356796e-05, -0.0013054307783022523, 0.00038571900222450495, -0.0009298388613387942, -0.0001545539271319285, 0.00022164112306199968, -0.0008715944131836295, -4.3518321035662666e-05, -5.5568443713127635e-06], [6.565466173924506e-05, 0.00032964040292426944, -0.00040335371159017086, 0.00312344660051167, -0.002073070500046015, 0.0009808697504922748, -0.001042109914124012, -4.426749001140706e-05, -0.00019322647131048143, -0.0005365695105865598, 0.0008487823070026934, -0.0005479282699525356, -0.00015287852147594094], [1.1707651538017672e-05, -0.0003515878925099969, 5.5838769185356796e-05, -0.002073070500046015, 0.005160098895430565, -0.002808191115036607, 0.0022320710122585297, 0.0006802694988436997, -0.000768867030274123, -0.0009922495810315013, 0.0001669823395786807, 0.0011935057118535042, -0.001479576574638486], [-0.0003381642163731158, -0.00031510728877037764, -0.0013054307783022523, 0.0009808697504922748, -0.002808191115036607, 0.00858087744563818, -0.00369094405323267, -0.000992857152596116, 0.001188789145089686, -0.0012385103618726134, -0.0002703842765185982, -0.0011221881723031402, 0.0021527667995542288], [0.0001813134440453723, -0.00031562868389301, 0.00038571900222450495, -0.001042109914124012, 0.0022320710122585297, -0.00369094405323267, 0.009237353689968586, -0.003708659438416362, -0.00011947438906645402, 0.0021002627909183502, -0.002183053409680724, -0.0008873880724422634, 3.504742562654428e-05], [-0.0003662950184661895, -0.00014517417002934963, -0.0009298388613387942, -4.426749001140706e-05, 0.0006802694988436997, -0.000992857152596116, -0.003708659438416362, 0.00909310020506382, -0.004676125477999449, 0.0004006765957456082, 0.0008192005916498601, 0.0014378308551385999, -0.0003255397023167461], [0.0001156541911768727, -0.00039810966700315475, -0.0001545539271319285, -0.00019322647131048143, -0.000768867030274123, 0.001188789145089686, -0.00011947438906645402, -0.004676125477999449, 0.012169738300144672, -0.005971520207822323, 0.0020882156677544117, -0.001852204091846943, -0.001088382676243782], [-0.0002465559809934348, -0.00035407664836384356, 0.00022164112306199968, -0.0005365695105865598, -0.0009922495810315013, -0.0012385103618726134, 0.0021002627909183502, 0.0004006765957456082, -0.005971520207822323, 0.016156170517206192, -0.00877023208886385, 0.00223450711928308, -0.0020885542035102844], [-6.387879693647847e-05, 5.69629883102607e-05, -0.0008715944131836295, 0.0008487823070026934, 0.0001669823395786807, -0.0002703842765185982, -0.002183053409680724, 0.0008192005916498601, 0.0020882156677544117, -0.00877023208886385, 0.01627167873084545, -0.009256945922970772, 0.004101796541363001], [-0.00030970649095252156, -0.00020627981575671583, -4.3518321035662666e-05, -0.0005479282699525356, 0.0011935057118535042, -0.0011221881723031402, -0.0008873880724422634, 0.0014378308551385999, -0.001852204091846943, 0.00223450711928308, -0.009256945922970772, 0.01938106119632721, -0.007747105322778225], [-0.0001711946533760056, -0.0005584780592471361, -5.5568443713127635e-06, -0.00015287852147594094, -0.001479576574638486, 0.0021527667995542288, 3.504742562654428e-05, -0.0003255397023167461, -0.001088382676243782, -0.0020885542035102844, 0.004101796541363001, -0.007747105322778225, 0.014230274595320225]], "metadata.audio_properties.analysis.downmix": "mix", "metadata.audio_properties.codec": "mp3", "metadata.audio_properties.md5_encoded": "452cf27afa7a5f08298fcb848aa25600", "metadata.tags.file_name": "1183701130463694879.mp3", "metadata.version.essentia": "2.1-beta6-dev", "metadata.version.essentia_git_sha": "v2.1_beta5-1110-g77a6a954", "metadata.version.extractor": "music 2.0", "tonal.chords_key": "B", "tonal.chords_scale": "major", "tonal.key_edma.key": "E", "tonal.key_edma.scale": "minor", "tonal.key_krumhansl.key": "E", "tonal.key_krumhansl.scale