{"song_id": "1183709484724523079", "download": "https://cdn.discordapp.com/attachments/1135903449314238464/1183709484724523079/chirp.mp4?ex=6589525d&amp", "lyrics": "\u043d\u0435 \u0433\u0443\u043b\u044f\u0439 \u0431\u043e\u043b\u044c\u0448\u0435 \u043e\u0434\u043d\u0430\n\u0445\u043e\u0442\u044f \u0441 \u043a\u0435\u043c \u044f \u0433\u043e\u0432\u043e\u0440\u044e, \u0442\u044b \u043c\u0435\u0440\u0442\u0432\u0430\n\u043f\u043e\u043b\u0435\u0436\u0438 \u0442\u0435\u043f\u0435\u0440\u044c \u043e\u0434\u043d\u0430\n\u0445\u043e\u0442\u044c \u0442\u0435\u043f\u0435\u0440\u044c \u0441\u043f\u043e\u043a\u043e\u0439\u043d\u0430 \u0438 \u0441\u043a\u0440\u043e\u043c\u043d\u0430\n\u043d\u0435 \u0433\u0443\u043b\u044f\u0439 \u0431\u043e\u043b\u044c\u0448\u0435 \u043e\u0434\u043d\u0430\n\u0445\u043e\u0442\u044f \u0441 \u043a\u0435\u043c \u044f \u0433\u043e\u0432\u043e\u0440\u044e, \u0442\u044b \u043c\u0435\u0440\u0442\u0432\u0430\n\u043f\u043e\u043b\u0435\u0436\u0438 \u0442\u0435\u043f\u0435\u0440\u044c \u043e\u0434\u043d\u0430\n\u0445\u043e\u0442\u044c \u0442\u0435\u043f\u0435\u0440\u044c \u0441\u043f\u043e\u043a\u043e\u0439\u043d\u0430 \u0438 \u0441\u043a\u0440\u043e\u043c\u043d\u0430", "style": ["Country"], "essentia_features": {"lowlevel.average_loudness": 0.9784120321273804, "lowlevel.barkbands_crest.mean": 10.408895492553711, "lowlevel.barkbands_crest.stdev": 4.04608154296875, "lowlevel.barkbands_flatness_db.mean": 0.17036829888820648, "lowlevel.barkbands_flatness_db.stdev": 0.043205972760915756, "lowlevel.barkbands_kurtosis.mean": 2.3843891620635986, "lowlevel.barkbands_kurtosis.stdev": 7.3496880531311035, "lowlevel.barkbands_skewness.mean": 1.0948565006256104, "lowlevel.barkbands_skewness.stdev": 1.2376182079315186, "lowlevel.barkbands_spread.mean": 28.494251251220703, "lowlevel.barkbands_spread.stdev": 15.071798324584961, "lowlevel.dissonance.mean": 0.47023236751556396, "lowlevel.dissonance.stdev": 0.02517891116440296, "lowlevel.dynamic_complexity": 2.522371292114258, "lowlevel.erbbands_crest.mean": 10.926043510437012, "lowlevel.erbbands_crest.stdev": 4.893445014953613, "lowlevel.erbbands_flatness_db.mean": 0.1942799687385559, "lowlevel.erbbands_flatness_db.stdev": 0.05324278771877289, "lowlevel.erbbands_kurtosis.mean": 0.389484167098999, "lowlevel.erbbands_kurtosis.stdev": 2.05991268157959, "lowlevel.erbbands_skewness.mean": 0.11713385581970215, "lowlevel.erbbands_skewness.stdev": 0.9107581973075867, "lowlevel.erbbands_spread.mean": 40.106258392333984, "lowlevel.erbbands_spread.stdev": 20.184310913085938, "lowlevel.hfc.mean": 25.05211639404297, "lowlevel.hfc.stdev": 18.245498657226562, "lowlevel.loudness_ebu128.integrated": -17.889972686767578, "lowlevel.loudness_ebu128.loudness_range": 1.162567138671875, "lowlevel.loudness_ebu128.momentary.mean": -18.101207733154297, "lowlevel.loudness_ebu128.momentary.stdev": 1.4212650060653687, "lowlevel.loudness_ebu128.short_term.mean": -17.811126708984375, "lowlevel.loudness_ebu128.short_term.stdev": 0.4074607193470001, "lowlevel.melbands_crest.mean": 15.801248550415039, "lowlevel.melbands_crest.stdev": 5.975902080535889, "lowlevel.melbands_flatness_db.mean": 0.19053420424461365, "lowlevel.melbands_flatness_db.stdev": 0.055028822273015976, "lowlevel.melbands_kurtosis.mean": 11.533652305603027, "lowlevel.melbands_kurtosis.stdev": 24.567392349243164, "lowlevel.melbands_skewness.mean": 2.3175806999206543, "lowlevel.melbands_skewness.stdev": 1.9967737197875977, "lowlevel.melbands_spread.mean": 33.491912841796875, "lowlevel.melbands_spread.stdev": 20.1420841217041, "lowlevel.pitch_salience.mean": 0.5327100157737732, "lowlevel.pitch_salience.stdev": 0.12539081275463104, "lowlevel.silence_rate_20dB.mean": 1.0, "lowlevel.silence_rate_20dB.stdev": 0.0, "lowlevel.silence_rate_30dB.mean": 0.9992278218269348, "lowlevel.silence_rate_30dB.stdev": 0.027777766808867455, "lowlevel.silence_rate_60dB.mean": 0.020077219232916832, "lowlevel.silence_rate_60dB.stdev": 0.1402646154165268, "lowlevel.spectral_centroid.mean": 2009.5965576171875, "lowlevel.spectral_centroid.stdev": 747.482177734375, "lowlevel.spectral_complexity.mean": 17.662548065185547, "lowlevel.spectral_complexity.stdev": 7.811954975128174, "lowlevel.spectral_decrease.mean": -6.091692927867598e-09, "lowlevel.spectral_decrease.stdev": 5.880303355354499e-09, "lowlevel.spectral_energy.mean": 0.025263778865337372, "lowlevel.spectral_energy.stdev": 0.023028837516903877, "lowlevel.spectral_energyband_high.mean": 0.0020977368112653494, "lowlevel.spectral_energyband_high.stdev": 0.0020485299173742533, "lowlevel.spectral_energyband_low.mean": 0.009326396510004997, "lowlevel.spectral_energyband_low.stdev": 0.020140470936894417, "lowlevel.spectral_energyband_middle_high.mean": 0.007851830683648586, "lowlevel.spectral_energyband_middle_high.stdev": 0.009170574136078358, "lowlevel.spectral_energyband_middle_low.mean": 0.007157056126743555, "lowlevel.spectral_energyband_middle_low.stdev": 0.0073750377632677555, "lowlevel.spectral_entropy.mean": 7.505201816558838, "lowlevel.spectral_entropy.stdev": 0.39985066652297974, "lowlevel.spectral_flux.mean": 0.10295510292053223, "lowlevel.spectral_flux.stdev": 0.06723073869943619, "lowlevel.spectral_kurtosis.mean": 3.255113124847412, "lowlevel.spectral_kurtosis.stdev": 1.9876078367233276, "lowlevel.spectral_rms.mean": 0.004565294366329908, "lowlevel.spectral_rms.stdev": 0.0019508051918819547, "lowlevel.spectral_rolloff.mean": 2221.609375, "lowlevel.spectral_rolloff.stdev": 1661.2860107421875, "lowlevel.spectral_skewness.mean": 1.1237298250198364, "lowlevel.spectral_skewness.stdev": 0.35252872109413147, "lowlevel.spectral_spread.mean": 4345767.5, "lowlevel.spectral_spread.stdev": 1486280.75, "lowlevel.spectral_strongpeak.mean": 1.442702054977417, "lowlevel.spectral_strongpeak.stdev": 1.8189315795898438, "lowlevel.zerocrossingrate.mean": 0.074909508228302, "lowlevel.zerocrossingrate.stdev": 0.03192232921719551, "metadata.audio_properties.analysis.equal_loudness": 0.0, "metadata.audio_properties.analysis.length": 30.03628158569336, "metadata.audio_properties.analysis.sample_rate": 44100.0, "metadata.audio_properties.analysis.start_time": 0.0, "metadata.audio_properties.bit_rate": 102921.0, "metadata.audio_properties.length": 30.03733253479004, "metadata.audio_properties.lossless": 0.0, "metadata.audio_properties.number_channels": 1.0, "metadata.audio_properties.replay_gain": -9.189411163330078, "metadata.audio_properties.sample_rate": 48000.0, "rhythm.beats_count": 63.0, "rhythm.beats_loudness.mean": 0.02658654749393463, "rhythm.beats_loudness.stdev": 0.011201869696378708, "rhythm.bpm": 128.74436950683594, "rhythm.bpm_histogram_first_peak_bpm": 129.0, "rhythm.bpm_histogram_first_peak_weight": 0.29629629850387573, "rhythm.bpm_histogram_second_peak_bpm": 117.0, "rhythm.bpm_histogram_second_peak_spread": 0.25, "rhythm.bpm_histogram_second_peak_weight": 0.04838709533214569, "rhythm.danceability": 1.9011188745498657, "rhythm.onset_rate": 4.3582072257995605, "tonal.chords_changes_rate": 0.10956790298223495, "tonal.chords_number_rate": 0.020061727613210678, "tonal.chords_strength.mean": 0.5204698443412781, "tonal.chords_strength.stdev": 0.08820938318967819, "tonal.hpcp_crest.mean": 13.21812629699707, "tonal.hpcp_crest.stdev": 6.651709079742432, "tonal.hpcp_entropy.mean": 2.102391481399536, "tonal.hpcp_entropy.stdev": 0.771000325679779, "tonal.key_edma.strength": 0.7685193419456482, "tonal.key_krumhansl.strength": 0.7735552191734314, "tonal.key_temperley.strength": 0.7765575647354126, "tonal.tuning_diatonic_strength": 0.6207977533340454, "tonal.tuning_equal_tempered_deviation": 0.3109034597873688, "tonal.tuning_frequency": 434.193115234375, "tonal.tuning_nontempered_energy_ratio": 0.9328883290290833, "lowlevel.barkbands.mean": [0.00031944274087436497, 0.004040577448904514, 0.0038523864932358265, 0.0014989846386015415, 0.0011766905663534999, 0.0019489404512569308, 0.0004503967356868088, 0.0005678957677446306, 0.0014738384634256363, 0.0011047698790207505, 0.0016225945437327027, 0.0015182418283075094, 0.0009418405825272202, 0.0009512719116173685, 0.00019324592722114176, 0.00028679781826213, 0.000396836461732164, 0.0004703903687186539, 0.0002036747318925336, 0.0014909806195646524, 0.0005049185710959136, 5.760163548984565e-05, 5.729639087803662e-05, 6.54567193123512e-05, 6.85968334437348e-05, 1.0960751239963429e-07, 9.630630737333945e-10], "lowlevel.barkbands.stdev": [0.0005313856527209282, 0.007236627396196127, 0.012117705307900906, 0.0035874699242413044, 0.0016524833627045155, 0.003627216909080744, 0.0017712002154439688, 0.0022875468712300062, 0.004178927280008793, 0.0026890344452112913, 0.003717411309480667, 0.003598833456635475, 0.0029155570082366467, 0.0024008320178836584, 0.00045245210640132427, 0.0007770702359266579, 0.0007663334836252034, 0.0007283389568328857, 0.00034714327193796635, 0.0018426728202030063, 0.0006352696218527853, 0.00010235410445602611, 9.856704127741978e-05, 0.00010508124978514388, 0.00011625797196757048, 4.3140312300238293e-07, 2.9792746047974106e-09], "lowlevel.erbbands.mean": [0.13993152976036072, 0.8391533493995667, 3.829352617263794, 5.672182559967041, 2.986828327178955, 3.8592207431793213, 12.56336498260498, 15.743623733520508, 8.229903221130371, 5.693178653717041, 17.850200653076172, 41.978355407714844, 12.318554878234863, 72.60617065429688, 53.521236419677734, 70.94863891601562, 54.25965881347656, 54.58087158203125, 17.764331817626953, 12.179275512695312, 18.327178955078125, 19.64986801147461, 19.06900978088379, 20.629587173461914, 11.134101867675781, 68.08560180664062, 54.67634582519531, 6.65379524230957, 2.346278667449951, 1.8102551698684692, 1.5932462215423584, 1.4818339347839355, 1.0285688638687134, 0.9157820343971252, 0.40087273716926575, 0.019512895494699478, 0.0005839028162881732, 4.91795435664244e-05, 2.1446623577503487e-05, 3.2584612199570984e-05], "lowlevel.erbbands.stdev": [0.21242812275886536, 2.0054757595062256, 12.061400413513184, 14.722108840942383, 5.645456790924072, 5.336142539978027, 20.240690231323242, 38.46083068847656, 28.96405601501465, 25.95964241027832, 41.014854431152344, 126.00580596923828, 24.84181785583496, 154.8302001953125, 119.73223876953125, 156.74197387695312, 145.28489685058594, 137.10581970214844, 43.9944953918457, 42.33479690551758, 32.950828552246094, 33.57724380493164, 28.47046661376953, 29.44215202331543, 18.178133010864258, 87.6098861694336, 59.478031158447266, 8.690240859985352, 3.973444700241089, 3.1076393127441406, 2.720444679260254, 2.177821636199951, 1.8538035154342651, 1.5850510597229004, 0.6974602937698364, 0.036192942410707474, 0.001006712089292705, 7.146656571421772e-05, 1.5311516108340584e-05, 2.6365914891357534e-05], "lowlevel.gfcc.mean": [-17.20281219482422, 94.65885925292969, -143.14016723632812, 50.9453125, -64.78759002685547, 26.68476104736328, -30.83605194091797, 9.899214744567871, -42.96406936645508, 0.360261470079422, 0.830062747001648, -16.573537826538086, 12.853963851928711], "lowlevel.melbands.mean": [0.0011418252252042294, 0.0016837420407682657, 0.0008682642946951091, 0.0002261379559058696, 0.0003858592826873064, 0.0003469575894996524, 0.00011441941023804247, 6.631758878938854e-05, 0.00017547588504385203, 0.0002435641799820587, 4.255929889040999e-05, 0.0002812021702993661, 0.00020440673688426614, 0.00014431204181164503, 0.00017458517686463892, 0.00010037086030934006, 9.71510453382507e-05, 2.7523825337993912e-05, 1.3842609405401163e-05, 1.872546272352338e-05, 2.4072664018603973e-05, 2.3741720724501647e-05, 1.4551438653143123e-05, 2.1767398720839992e-05, 1.6599424270680174e-05, 6.295696039160248e-06, 9.75135299086105e-06, 5.905661600991152e-05, 4.872070348937996e-05, 8.284222531074192e-06, 1.970411631191382e-06, 1.2559844435600098e-06, 1.1017539236490848e-06, 9.940057452695328e-07, 9.706591299618594e-07, 8.004929554772389e-07, 9.36662388539844e-07, 7.037039040369564e-07, 6.811355319769063e-07, 8.213814908231143e-07], "lowlevel.melbands.stdev": [0.0017531922785565257, 0.004925050772726536, 0.0022012058179825544, 0.00032895561889745295, 0.0005886123981326818, 0.0007761312299408019, 0.00042197381844744086, 0.000373971852241084, 0.0003613514709286392, 0.0007491732249036431, 0.0001189492322737351, 0.0006201057694852352, 0.0004818538436666131, 0.0003821314894594252, 0.0003751019248738885, 0.00026857538614422083, 0.00025307046598754823, 8.787065598880872e-05, 3.3471336791990325e-05, 6.797871901653707e-05, 4.877899482380599e-05, 4.473997978493571e-05, 2.778843918349594e-05, 3.3800137316575274e-05, 2.4380768081755377e-05, 1.2385887202981394e-05, 1.5761608665343374e-05, 7.906233804533258e-05, 5.627480277325958e-05, 1.1041067409678362e-05, 3.770973080463591e-06, 2.3789705210219836e-06, 1.966427589650266e-06, 1.8111348936145077e-06, 1.8108543144990108e-06, 1.2177289363535237e-06, 1.4207153071765788e-06, 1.4011309303896269e-06, 1.0817552720254753e-06, 1.5032064766273834e-06], "lowlevel.melbands128.mean": [0.0003031787055078894, 0.001242887694388628, 0.0012754782801494002, 0.001362440176308155, 0.0018665388925001025, 0.0018698031781241298, 0.0013037817552685738, 0.0005293857539072633, 0.0002327281836187467, 0.00023798563051968813, 0.00017565579037182033, 0.00026510428870096803, 0.0004554837942123413, 0.0005152879166416824, 0.0004615813959389925, 0.00017469711019657552, 0.00011682618787745014, 0.00013848325761500746, 6.246293196454644e-05, 4.0381200960837305e-05, 8.166354382410645e-05, 9.928383951773867e-05, 0.00017661189485806972, 0.0002269466349389404, 0.00042809059959836304, 0.00016578429494984448, 2.08140099857701e-05, 2.3790305931470357e-05, 4.596912185661495e-05, 0.00023658254940528423, 0.00043998437467962503, 0.00022210035240277648, 0.000248766882577911, 0.00012457392585929483, 7.188972813310102e-05, 0.0001431132259313017, 0.00028420513262972236, 0.00016554685134906322, 0.0001216641248902306, 0.00013148442667443305, 4.679413541452959e-05, 0.00013121325173415244, 0.0001585346326464787, 3.544093488017097e-05, 3.2665655453456566e-05, 2.635024065966718e-05, 2.4331760869245045e-05, 1.1346512110321783e-05, 7.049261057545664e-06, 2.2351454390445724e-05, 2.0540072000585496e-05, 1.6611116734566167e-05, 1.3818694242218044e-05, 2.817220229189843e-05, 4.607930895872414e-05, 2.0457782738958485e-05, 9.212273653247394e-06, 1.3803902220388409e-05, 1.8403658032184467e-05, 1.133982641476905e-05, 1.7487083823652938e-05, 3.753341661649756e-05, 2.1030731659266166e-05, 1.041153973346809e-05, 7.78274807089474e-06, 5.50161394130555e-06, 6.029986252542585e-06, 5.94030780121102e-06, 7.652548447367735e-06, 1.715819598757662e-05, 5.1911953050876036e-05, 9.010869689518586e-05, 7.626220030942932e-05, 4.154350244789384e-05, 1.689082091616001e-05, 8.519634320691694e-06, 4.234630523569649e-06, 1.8242407122670556e-06, 2.268322305098991e-06, 1.220560989168007e-06, 1.3901239981350955e-06, 1.248822627530899e-06, 9.21571029266488e-07, 1.4400834515981842e-06, 7.938670023577288e-07, 8.900083230400924e-07, 1.0195318509431672e-06, 1.2763542827087804e-06, 9.693973197499872e-07, 7.717865742051799e-07, 7.874771768001665e-07, 7.195537818915909e-07, 9.507851359558117e-07, 1.1685408480843762e-06, 7.234254439936194e-07, 7.25452821370709e-07, 7.003265523053415e-07, 6.953037541279627e-07, 6.1466670331356e-07, 6.959552933949453e-07, 8.324205964527209e-07, 9.364341622131178e-07, 6.051051855138212e-07, 8.645498041914834e-07, 4.7494677346548997e-07, 2.587469509762741e-07, 5.816968595695471e-08, 6.626173831847382e-09, 1.1760345475231304e-10, 9.948243617774466e-11, 5.832066080069254e-11, 2.0591368887767914e-11, 1.9042359702958755e-11, 2.090424014444814e-11, 1.1071663551243116e-11, 7.304705451627314e-12, 6.266838610546888e-12, 6.087501596557798e-12, 4.48520734441793e-12, 3.9458688053106705e-12, 4.158111355234695e-12, 3.5637209329364428e-12, 3.491929618723577e-12, 3.424198424806235e-12, 3.3171594811254312e-12, 3.1782820732878525e-12, 3.097413818486938e-12, 3.0725901423861446e-12], "lowlevel.melbands128.stdev": [0.0005134296952746809, 0.0020357544999569654, 0.002131802262738347, 0.0037906132638454437, 0.006105795502662659, 0.005788313690572977, 0.0033828720916062593, 0.0012754712952300906, 0.00048144246102310717, 0.0004238644032739103, 0.0002878847299143672, 0.0005682314513251185, 0.0008977834368124604, 0.0009756512008607388, 0.0013579317601397634, 0.0005994808743707836, 0.0004780409508384764, 0.0006489029037766159, 0.00027795048663392663, 0.00019520442583598197, 0.0007989152800291777, 0.00046441800077445805, 0.0004538005159702152, 0.0006278302753344178, 0.0014667576178908348, 0.0006238814676180482, 6.701469101244584e-05, 0.00011254104902036488, 0.00024823020794428885, 0.000633822288364172, 0.0011246162466704845, 0.0007490369025617838, 0.000809510936960578, 0.0003870187792927027, 0.00041346895159222186, 0.0006566966767422855, 0.0007293361122719944, 0.0005224323249422014, 0.0005083360010758042, 0.0005927481106482446, 0.00018448922492098063, 0.00048813308239914477, 0.00047650327906012535, 0.00013350903464015573, 0.0001579913223395124, 0.00011415290646255016, 8.452631300315261e-05, 2.727159153437242e-05, 2.1231448045000434e-05, 0.00014065264258533716, 9.335920185549185e-05, 4.32331689808052e-05, 3.52638126059901e-05, 8.897231600712985e-05, 0.00011441994865890592, 4.6721128455828875e-05, 2.0768855392816477e-05, 3.6225959775038064e-05, 4.115379852009937e-05, 2.351679722778499e-05, 3.740409010788426e-05, 7.629411265952513e-05, 4.025139060104266e-05, 1.9303528461023234e-05, 1.5004030501586385e-05, 1.18604348244844e-05, 1.4940942492103204e-05, 1.4682525034004357e-05, 1.6066509488155134e-05, 2.9181313948356546e-05, 9.789228352019563e-05, 0.0001472216536058113, 0.00011150314821861684, 6.178823969094083e-05, 2.39553573919693e-05, 1.4131876923784148e-05, 8.054346835706383e-06, 4.732268280349672e-06, 4.2978526835213415e-06, 2.8798021958209574e-06, 2.9509149044315564e-06, 2.409578883089125e-06, 1.8585594716569176e-06, 2.8665808713412844e-06, 1.5275479654519586e-06, 1.743385951158416e-06, 1.9334602257004008e-06, 2.9496202387235826e-06, 2.0249369754310464e-06, 1.3552049722420634e-06, 1.3619595620184555e-06, 1.178224465547828e-06, 1.5741311472083908e-06, 1.8201873217549291e-06, 1.2404723293002462e-06, 1.559381985316577e-06, 1.6043898085627006e-06, 1.4263788443713565e-06, 9.150693927040265e-07, 1.224097559315851e-06, 1.4694837773276959e-06, 2.087645270876237e-06, 1.0331776820748928e-06, 1.4367673202286824e-06, 1.0110077255376382e-06, 5.108345817461668e-07, 1.3336834570054634e-07, 2.3169880236650897e-08, 1.7199750512730816e-09, 2.0032235870104387e-09, 1.0832660324311405e-09, 2.592132064549446e-10, 2.4858659575244246e-10, 4.105944473309364e-10, 1.4455189822903947e-10, 5.880509967859382e-11, 4.3281881551004986e-11, 5.0730943751409185e-11, 1.872000297831189e-11, 9.24948746067189e-12, 1.924511244810745e-11, 5.164523322886971e-12, 5.063305243829808e-12, 4.9754332598350715e-12, 4.901122042932915e-12, 4.841663094751203e-12, 4.799312856851312e-12, 4.7731063892997305e-12], "lowlevel.mfcc.mean": [-647.5110473632812, 107.33805847167969, -10.04137897491455, 22.31510353088379, 2.308067560195923, 3.968740463256836, 31.39349937438965, -6.8995747566223145, -2.1600818634033203, -2.00300669670105, -14.681530952453613, 10.620832443237305, -1.893674373626709], "lowlevel.spectral_contrast_coeffs.mean": [-0.7043764591217041, -0.7424973249435425, -0.7384461164474487, -0.7754757404327393, -0.7566040754318237, -0.7859138250350952], "lowlevel.spectral_contrast_coeffs.stdev": [0.07653196156024933, 0.09737344086170197, 0.09695063531398773, 0.06776580959558487, 0.06076687574386597, 0.03466712310910225], "lowlevel.spectral_contrast_valleys.mean": [-6.941442966461182, -7.295263290405273, -7.384982585906982, -7.7458295822143555, -7.292692184448242, -10.226119041442871], "lowlevel.spectral_contrast_valleys.stdev": [0.6393845081329346, 0.5814089775085449, 0.49928298592567444, 0.49667736887931824, 0.650458574295044, 0.7990795373916626], "rhythm.beats_loudness_band_ratio.mean": [0.3935876190662384, 0.11132089048624039, 0.11599255353212357, 0.20792588591575623, 0.07687593996524811, 0.11223726719617844], "rhythm.beats_loudness_band_ratio.stdev": [0.2859881520271301, 0.12275850027799606, 0.16040962934494019, 0.2035129815340042, 0.07934945821762085, 0.08746777474880219], "tonal.hpcp.mean": [0.14482463896274567, 0.1932554394006729, 0.18996334075927734, 0.14139461517333984, 0.08234740793704987, 0.05389191955327988, 0.05445265397429466, 0.07482806593179703, 0.10449110716581345, 0.13190343976020813, 0.12197250872850418, 0.08226265013217926, 0.06585100293159485, 0.06532788276672363, 0.08931510895490646, 0.18438836932182312, 0.29658299684524536, 0.27499741315841675, 0.1669209748506546, 0.09792101383209229, 0.07581610232591629, 0.0871768668293953, 0.14706340432167053, 0.19069357216358185, 0.1588974893093109, 0.12541936337947845, 0.1114146038889885, 0.09878034889698029, 0.11326059699058533, 0.1313002109527588, 0.1354045271873474, 0.12717945873737335, 0.09230910241603851, 0.07182599604129791, 0.0830605998635292, 0.10140138864517212], "tonal.hpcp.stdev": [0.24111241102218628, 0.28844979405403137, 0.28812530636787415, 0.2636450529098511, 0.18900234997272491, 0.15547460317611694, 0.14179733395576477, 0.170994833111763, 0.19526764750480652, 0.23615586757659912, 0.24493320286273956, 0.17176471650600433, 0.1611909568309784, 0.15662701427936554, 0.1884429156780243, 0.2636124789714813, 0.34688085317611694, 0.3229408860206604, 0.2538388967514038, 0.20407116413116455, 0.17735135555267334, 0.18031007051467896, 0.2548254132270813, 0.30488863587379456, 0.28095754981040955, 0.24532964825630188, 0.23179282248020172, 0.20025408267974854, 0.20050157606601715, 0.2183067947626114, 0.22649313509464264, 0.23443642258644104, 0.19374708831310272, 0.17811264097690582, 0.20231270790100098, 0.22150282561779022], "rhythm.beats_position": [0.4527890980243683, 0.9055781960487366, 1.369977355003357, 1.834376335144043, 2.2987754344940186, 2.774784564971924, 3.2624034881591797, 3.7500226497650146, 4.249251842498779, 4.7600908279418945, 5.27092981338501, 5.781768798828125, 6.257777690887451, 6.733786582946777, 7.198185920715332, 7.6625847816467285, 8.126983642578125, 8.59138298034668, 9.055782318115234, 9.520181655883789, 9.996190071105957, 10.472199440002441, 10.936598777770996, 11.389387130737305, 11.865396499633789, 12.329795837402344, 12.782585144042969, 13.235373497009277, 13.722992897033691, 14.187392234802246, 14.6517915725708, 15.116189956665039, 15.580589294433594, 16.04498863220215, 16.520998001098633, 16.997007369995117, 17.46140480041504, 17.925804138183594, 18.39020347595215, 18.831382751464844, 19.2957820892334, 19.771791458129883, 20.247800827026367, 20.71219825744629, 21.176597595214844, 21.6409969329834, 22.105396270751953, 22.569795608520508, 23.034194946289062, 23.510204315185547, 23.9746036529541, 24.450611114501953, 24.915010452270508, 25.379409790039062, 25.843809127807617, 26.308208465576172, 26.772607803344727, 27.23700714111328, 27.701404571533203, 28.165803909301758, 28.630203247070312, 29.094602584838867, 29.559001922607422], "rhythm.bpm_histogram": [0.0, 0.0, 0.0, 0.0, 0.0, 0.0, 0.0, 0.0, 0.0, 0.0, 0.0, 0.0, 0.0, 0.0, 0.0, 0.0, 0.0, 0.0, 0.0, 0.0, 0.0, 0.0, 0.0, 0.0, 0.0, 0.0, 0.0, 0.0, 0.0, 0.0, 0.0, 0.0, 0.0, 0.0, 0.0, 0.0, 0.0, 0.0, 0.0, 0.0, 0.0, 0.0, 0.0, 0.0, 0.0, 0.0, 0.0, 0.0, 0.0, 0.0, 0.0, 0.0, 0.0, 0.0, 0.0, 0.0, 0.0, 0.0, 0.0, 0.0, 0.0, 0.0, 0.0, 0.0, 0.0, 0.0, 0.0, 0.0, 0.0, 0.0, 0.0, 0.0, 0.0, 0.0, 0.0, 0.0, 0.0, 0.0, 0.0, 0.0, 0.0, 0.0, 0.0, 0.0, 0.0, 0.0, 0.0, 0.0, 0.0, 0.0, 0.0, 0.0, 0.0, 0.0, 0.0, 0.0, 0.0, 0.0, 0.0, 0.0, 0.0, 0.0, 0.0, 0.0, 0.0, 0.0, 0.0, 0.0, 0.0, 0.0, 0.0, 0.0, 0.0, 0.0, 0.0, 0.0, 0.0, 0.04838709533214569, 0.0, 0.0, 0.016129031777381897, 0.0, 0.0, 0.04838709533214569, 0.0, 0.0, 0.19354838132858276, 0.0, 0.0, 0.6129032373428345, 0.0, 0.0, 0.0, 0.06451612710952759, 0.0, 0.0, 0.016129031777381897, 0.0, 0.0, 0.0, 0.0, 0.0, 0.0, 0.0, 0.0, 0.0, 0.0, 0.0, 0.0, 0.0, 0.0, 0.0, 0.0, 0.0, 0.0, 0.0, 0.0, 0.0, 0.0, 0.0, 0.0, 0.0, 0.0, 0.0, 0.0, 0.0, 0.0, 0.0, 0.0, 0.0, 0.0, 0.0, 0.0, 0.0, 0.0, 0.0, 0.0, 0.0, 0.0, 0.0, 0.0, 0.0, 0.0, 0.0, 0.0, 0.0, 0.0, 0.0, 0.0, 0.0, 0.0, 0.0, 0.0, 0.0, 0.0, 0.0, 0.0, 0.0, 0.0, 0.0, 0.0, 0.0, 0.0, 0.0, 0.0, 0.0, 0.0, 0.0, 0.0, 0.0, 0.0, 0.0, 0.0, 0.0, 0.0, 0.0, 0.0, 0.0, 0.0, 0.0, 0.0, 0.0, 0.0, 0.0, 0.0, 0.0, 0.0, 0.0, 0.0, 0.0, 0.0, 0.0, 0.0, 0.0, 0.0, 0.0, 0.0, 0.0, 0.0, 0.0, 0.0, 0.0, 0.0, 0.0, 0.0, 0.0, 0.0, 0.0, 0.0, 0.0], "tonal.chords_histogram": [21.759260177612305, 0.0, 2.6234567165374756, 0.0, 0.0, 0.0, 0.0, 0.0, 0.0, 0.0, 0.0, 0.6172839403152466, 1.5432099103927612, 1.8518518209457397, 2.4691357612609863, 0.0, 4.475308418273926, 32.0987663269043, 5.709876537322998, 2.777777671813965, 10.802469253540039, 4.012345790863037, 1.2345678806304932, 8.024691581726074], "tonal.thpcp": [1.0, 0.9272190928459167, 0.5628136992454529, 0.33016395568847656, 0.2556319832801819, 0.2939375042915344, 0.49585917592048645, 0.6429686546325684, 0.5357606410980225, 0.422881156206131, 0.37566080689430237, 0.3330613970756531, 0.38188499212265015, 0.4427098333835602, 0.4565485119819641, 0.4288157522678375, 0.3112420439720154, 0.24217839539051056, 0.28005853295326233, 0.3418988585472107, 0.48831066489219666, 0.6516066193580627, 0.6405065059661865, 0.47674551606178284, 0.27765384316444397, 0.1817094087600708, 0.183600053191185, 0.25230059027671814, 0.35231658816337585, 0.4447437822818756, 0.411259263753891, 0.27736806869506836, 0.22203229367733002, 0.22026847302913666, 0.30114710330963135, 0.6217091679573059], "lowlevel.gfcc.cov": [[2403.681884765625, -192.22262573242188, -189.2643280029297, 295.3445129394531, -94.64057922363281, -81.40054321289062, 147.49423217773438, 178.36143493652344, 122.14569854736328, 25.5920352935791, -16.102270126342773, -86.44294738769531, -48.516963958740234], [-192.22262573242188, 474.54766845703125, -19.77734375, -110.94078063964844, 148.4290771484375, -30.228696823120117, 134.35076904296875, -11.7139892578125, -1.5344204902648926, 15.277111053466797, 67.15708923339844, -53.186100006103516, 65.9436264038086], [-189.2643280029297, -19.77734375, 683.3206787109375, 303.94476318359375, -7.660656452178955, 226.16079711914062, -137.5592498779297, -23.361034393310547, 104.3386459350586, -17.49968910217285, -30.28901481628418, 170.92971801757812, -106.50963592529297], [295.3445129394531, -110.94078063964844, 303.94476318359375, 504.362060546875, 67.48871612548828, -43.633644104003906, -119.12590789794922, 22.91951560974121, 133.30874633789062, -32.4188232421875, -47.02364730834961, 105.6497573852539, -46.03854751586914], [-94.64057922363281, 148.4290771484375, -7.660656452178955, 67.48871612548828, 289.6956481933594, 43.45027160644531, 97.21620178222656, 48.122745513916016, -15.750786781311035, 32.351951599121094, 26.069793701171875, -44.85818862915039, 61.540794372558594], [-81.40054321289062, -30.228696823120117, 226.16079711914062, -43.633644104003906, 43.45027160644531, 441.9298095703125, 137.78990173339844, -50.27516555786133, -22.58660888671875, 20.550125122070312, 11.660731315612793, 6.831563472747803, -95.04938507080078], [147.49423217773438, 134.35076904296875, -137.5592498779297, -119.12590789794922, 97.21620178222656, 137.78990173339844, 367.838134765625, 89.32877349853516, -52.08869171142578, 38.62016296386719, 86.7781753540039, -97.52320861816406, 29.14371681213379], [178.36143493652344, -11.7139892578125, -23.361034393310547, 22.91951560974121, 48.122745513916016, -50.27516555786133, 89.32877349853516, 228.96092224121094, 92.50929260253906, 31.137754440307617, -3.8482344150543213, -1.5253334045410156, 44.49645233154297], [122.14569854736328, -1.5344204902648926, 104.3386459350586, 133.30874633789062, -15.750786781311035, -22.58660888671875, -52.08869171142578, 92.50929260253906, 205.0718536376953, 29.19943618774414, -35.291500091552734, 55.50032043457031, -21.997182846069336], [25.5920352935791, 15.277111053466797, -17.49968910217285, -32.4188232421875, 32.351951599121094, 20.550125122070312, 38.62016296386719, 31.137754440307617, 29.19943618774414, 106.3817138671875, 54.909481048583984, 14.223335266113281, 33.015872955322266], [-16.102270126342773, 67.15708923339844, -30.28901481628418, -47.02364730834961, 26.069793701171875, 11.660731315612793, 86.7781753540039, -3.8482344150543213, -35.291500091552734, 54.909481048583984, 141.93507385253906, 35.173255920410156, 51.476802825927734], [-86.44294738769531, -53.186100006103516, 170.92971801757812, 105.6497573852539, -44.85818862915039, 6.831563472747803, -97.52320861816406, -1.5253334045410156, 55.50032043457031, 14.223335266113281, 35.173255920410156, 160.21530151367188, 24.162538528442383], [-48.516963958740234, 65.9436264038086, -106.50963592529297, -46.03854751586914, 61.540794372558594, -95.04938507080078, 29.14371681213379, 44.49645233154297, -21.997182846069336, 33.015872955322266, 51.476802825927734, 24.162538528442383, 157.6326446533203]], "lowlevel.gfcc.icov": [[0.0007247249595820904, -0.0004049059934914112, 0.0008191571105271578, -0.0015102257020771503, 0.0012749462621286511, -0.0007868488901294768, 0.0003296355716884136, -0.0009953941917046905, 0.00042675220174714923, -0.0005462272092700005, -0.00032702457974664867, 0.0009496002458035946, -0.0001121157911256887], [-0.0004049059934914112, 0.006747264415025711, -0.004206847865134478, 0.005474908277392387, -0.0054400148801505566, 0.005130389705300331, -0.004663374740630388, 0.0057697356678545475, -0.005608420353382826, 0.0031043575145304203, -0.0011202433379366994, 0.0004182567063253373, -0.0008710159454494715], [0.0008191571105271578, -0.004206847865134478, 0.007190125063061714, -0.006076181773096323, 0.00404448201879859, -0.006124419160187244, 0.004442136734724045, -0.005055367946624756, 0.0037727977614849806, -0.0017250415403395891, 2.1131021640030667e-05, -0.001971018500626087, 0.001612490857951343], [-0.0015102257020771503, 0.005474908277392387, -0.006076181773096323, 0.011119229719042778, -0.008504213765263557, 0.007364870980381966, -0.005095891188830137, 0.006850493606179953, -0.00655221426859498, 0.004286633338779211, 0.0010312962112948298, -0.004164221230894327, 0.001645475160330534], [0.0012749462621286511, -0.0054400148801505566, 0.00404448201879859, -0.008504213765263557, 0.011851218529045582, -0.006723557133227587, 0.004408474545925856, -0.006608353927731514, 0.005464599467813969, -0.004094062838703394, -0.000849442440085113, 0.005611666478216648, -0.003676139283925295], [-0.0007868488901294768, 0.005130389705300331, -0.006124419160187244, 0.007364870980381966, -0.006723557133227587, 0.010799325071275234, -0.008130807429552078, 0.007453497964888811, -0.004160687793046236, 0.0007392954430542886, 0.002646960550919175, -0.00394812598824501, 0.003165740752592683], [0.0003296355716884136, -0.004663374740630388, 0.004442136734724045, -0.005095891188830137, 0.004408474545925856, -0.008130807429552078, 0.012065464630723, -0.008516627363860607, 0.004406428895890713, -0.0004206732555758208, -0.006092957686632872, 0.006113976240158081, -0.0011294082505628467], [-0.0009953941917046905, 0.0057697356678545475, -0.005055367946624756, 0.006850493606179953, -0.006608353927731514, 0.007453497964888811, -0.008516627363860607, 0.014252085238695145, -0.008856024593114853, 0.002003334928303957, 0.0027843855787068605, -0.002426699036732316, -0.0017020730301737785], [0.00042675220174714923, -0.005608420353382826, 0.0037727977614849806, -0.00655221426859498, 0.005464599467813969, -0.004160687793046236, 0.004406428895890713, -0.008856024593114853, 0.014698854647576809, -0.007037145085632801, 0.003757334314286709, -0.002756495727226138, 0.002876712242141366], [-0.0005462272092700005, 0.0031043575145304203, -0.0017250415403395891, 0.004286633338779211, -0.004094062838703394, 0.0007392954430542886, -0.0004206732555758208, 0.002003334928303957, -0.007037145085632801, 0.016993502154946327, -0.007312512956559658, 0.0011950454208999872, -0.0021604669746011496], [-0.00032702457974664867, -0.0011202433379366994, 2.1131021640030667e-05, 0.0010312962112948298, -0.000849442440085113, 0.002646960550919175, -0.006092957686632872, 0.0027843855787068605, 0.003757334314286709, -0.007312512956559658, 0.017554940655827522, -0.009910005144774914, 0.000793862680438906], [0.0009496002458035946, 0.0004182567063253373, -0.001971018500626087, -0.004164221230894327, 0.005611666478216648, -0.00394812598824501, 0.006113976240158081, -0.002426699036732316, -0.002756495727226138, 0.0011950454208999872, -0.009910005144774914, 0.021430328488349915, -0.008131190203130245], [-0.0001121157911256887, -0.0008710159454494715, 0.001612490857951343, 0.001645475160330534, -0.003676139283925295, 0.003165740752592683, -0.0011294082505628467, -0.0017020730301737785, 0.002876712242141366, -0.0021604669746011496, 0.000793862680438906, -0.008131190203130245, 0.014118262566626072]], "lowlevel.mfcc.cov": [[2537.416259765625, -444.88812255859375, -106.46993255615234, 278.9191589355469, -164.00509643554688, -99.0590591430664, -78.5959701538086, 65.43722534179688, 79.18968200683594, 111.32976531982422, 98.90621185302734, 40.2596435546875, -39.966861724853516], [-444.88812255859375, 664.7708740234375, -278.3121032714844, -120.76922607421875, -16.61881446838379, -64.3487319946289, 251.59226989746094, -91.81970977783203, -2.6210501194000244, 87.21285247802734, -53.926422119140625, 19.64643096923828, -6.327978610992432], [-106.46993255615234, -278.3121032714844, 760.9736938476562, 73.01277160644531, 76.60260772705078, 283.88555908203125, -258.77362060546875, 177.8115997314453, -12.96854305267334, -131.94967651367188, 137.2216796875, -63.7929801940918, 104.96977996826172], [278.9191589355469, -120.76922607421875, 73.01277160644531, 471.4662780761719, 159.88812255859375, -101.70314025878906, -147.37391662597656, 38.56341552734375, 89.03580474853516, -71.17101287841797, 9.720987319946289, 72.2082290649414, 20.032167434692383], [-164.00509643554688, -16.61881446838379, 76.60260772705078, 159.88812255859375, 270.2949523925781, 22.388267517089844, -73.89739227294922, 4.310213088989258, 55.33318328857422, -39.23003387451172, -9.034698486328125, 21.027591705322266, 8.202824592590332], [-99.0590591430664, -64.3487319946289, 283.88555908203125, -101.70314025878906, 22.388267517089844, 406.85504150390625, 28.67399024963379, 85.35981750488281, -45.051753997802734, -4.998643398284912, 98.67841339111328, -88.54706573486328, 46.20747375488281], [-78.5959701538086, 251.59226989746094, -258.77362060546875, -147.37391662597656, -73.89739227294922, 28.67399024963379, 501.9612121582031, -7.606795310974121, -35.09609603881836, 137.10174560546875, -48.388519287109375, 44.952171325683594, -37.15789031982422], [65.43722534179688, -91.81970977783203, 177.8115997314453, 38.56341552734375, 4.310213088989258, 85.35981750488281, -7.606795310974121, 173.30685424804688, 58.14974594116211, 10.226152420043945, 82.75088500976562, -13.77463150024414, 41.803653717041016], [79.18968200683594, -2.6210501194000244, -12.96854305267334, 89.03580474853516, 55.33318328857422, -45.051753997802734, -35.09609603881836, 58.14974594116211, 156.8250274658203, 56.79914474487305, 26.93857192993164, 12.87264347076416, -0.6062851548194885], [111.32976531982422, 87.21285247802734, -131.94967651367188, -71.17101287841797, -39.23003387451172, -4.998643398284912, 137.10174560546875, 10.226152420043945, 56.79914474487305, 171.62322998046875, 40.46772003173828, -0.3097498416900635, -15.848148345947266], [98.90621185302734, -53.926422119140625, 137.2216796875, 9.720987319946289, -9.034698486328125, 98.67841339111328, -48.388519287109375, 82.75088500976562, 26.93857192993164, 40.46772003173828, 149.03834533691406, -5.23343563079834, 36.96433639526367], [40.2596435546875, 19.64643096923828, -63.7929801940918, 72.2082290649414, 21.027591705322266, -88.54706573486328, 44.952171325683594, -13.77463150024414, 12.87264347076416, -0.3097498416900635, -5.23343563079834, 127.68671417236328, 14.676961898803711], [-39.966861724853516, -6.327978610992432, 104.96977996826172, 20.032167434692383, 8.202824592590332, 46.20747375488281, -37.15789031982422, 41.803653717041016, -0.6062851548194885, -15.848148345947266, 36.96433639526367, 14.676961898803711, 93.00746154785156]], "lowlevel.mfcc.icov": [[0.0006164590595290065, 0.0004337549034971744, 0.0001975221821339801, -0.0005899675306864083, 0.0006150980480015278, -0.00010333974205423146, 7.962953532114625e-05, 1.6423455235781148e-06, 7.188475137809291e-05, -0.0006055678240954876, -0.00016559154028072953, -6.816543464083225e-05, 0.00020057344227097929], [0.0004337549034971744, 0.002644752850756049, 0.00044072247692383826, 1.6318805137416348e-05, 1.1501492735987995e-06, 0.0004325869376771152, -0.001384390750899911, 0.0016245238948613405, -0.0009048542124219239, 0.0001169967872556299, -0.000864545872900635, 0.0008477145456708968, -0.0014089931501075625], [0.0001975221821339801, 0.00044072247692383826, 0.003633323358371854, -0.00014254830603022128, -0.0002499623515177518, -0.0016197973163798451, 0.0011995037784799933, -0.0023757924791425467, 0.0007123289396986365, 0.0013081067008897662, -0.0007631593034602702, 2.6343688659835607e-05, -0.001054532709531486], [-0.0005899675306864083, 1.6318805137416348e-05, -0.00014254830603022128, 0.00434795580804348, -0.0022536353208124638, 0.001075168838724494, -3.1715135264676064e-05, -0.00031650488381274045, -0.0015860499115660787, 0.0022806094493716955, -0.0007075201719999313, -0.0010697321267798543, -0.00040554165025241673], [0.0006150980480015278, 1.1501492735987995e-06, -0.0002499623515177518, -0.0022536353208124638, 0.006260587368160486, -0.001715713762678206, 0.0005089209880679846, 0.0011027363361790776, -0.0021120798774063587, -0.00015269542927853763, 0.0012517212890088558, -0.001140133710578084, 0.000682472309563309], [-0.00010333974205423146, 0.0004325869376771152, -0.0016197973163798451, 0.001075168838724494, -0.001715713762678206, 0.005970316473394632, -0.0024183867499232292, 0.0007675811648368835, 0.0006614265730604529, 0.0011989695485681295, -0.003550114342942834, 0.0038730143569409847, -0.0015360524412244558], [7.962953532114625e-05, -0.001384390750899911, 0.0011995037784799933, -3.1715135264676064e-05, 0.0005089209880679846, -0.0024183867499232292, 0.005964502692222595, -0.004336042795330286, 0.003477583173662424, -0.004880016669631004, 0.004338585305958986, -0.003957712557166815, 0.0021728684660047293], [1.6423455235781148e-06, 0.0016245238948613405, -0.0023757924791425467, -0.00031650488381274045, 0.0011027363361790776, 0.0007675811648368835, -0.004336042795330286, 0.014591234736144543, -0.007062823045998812, 0.003479214385151863, -0.005841369740664959, 0.00307918107137084, -0.003525954205542803], [7.188475137809291e-05, -0.0009048542124219239, 0.0007123289396986365, -0.0015860499115660787, -0.0021120798774063587, 0.0006614265730604529, 0.003477583173662424, -0.007062823045998812, 0.01404750719666481, -0.007593647111207247, 0.0025544550735503435, -0.001361610135063529, 0.0019257793901488185], [-0.0006055678240954876, 0.0001169967872556299, 0.0013081067008897662, 0.0022806094493716955, -0.00015269542927853763, 0.0011989695485681295, -0.004880016669631004, 0.003479214385151863, -0.007593647111207247, 0.016086937859654427, -0.007872061803936958, 0.0030814367346465588, -0.0009814228396862745], [-0.00016559154028072953, -0.000864545872900635, -0.0007631593034602702, -0.0007075201719999313, 0.0012517212890088558, -0.003550114342942834, 0.004338585305958986, -0.005841369740664959, 0.0025544550735503435, -0.007872061803936958, 0.01587825082242489, -0.004239264875650406, -7.040423952275887e-05], [-6.816543464083225e-05, 0.0008477145456708968, 2.6343688659835607e-05, -0.0010697321267798543, -0.001140133710578084, 0.0038730143569409847, -0.003957712557166815, 0.00307918107137084, -0.001361610135063529, 0.0030814367346465588, -0.004239264875650406, 0.013425544835627079, -0.004477302078157663], [0.00020057344227097929, -0.0014089931501075625, -0.001054532709531486, -0.00040554165025241673, 0.000682472309563309, -0.0015360524412244558, 0.002172868466