{"song_id": "1183710339108446208", "download": "https://cdn.discordapp.com/attachments/1128313332273782784/1183710339108446208/chirp.mp4?ex=65895329&amp", "lyrics": "[verse]\nYo, check it out, got a story to tell\nAbout a dude named Thorsten, he's so swell\nRunning his company, he's got the knack\nIn that office, he's the king, always on track\n\n[chorus]\nThorsten and his company, they're on fire\nTaking the world by storm, reaching higher\nMaking moves, they never tire\nThorsten and his company, the true empire", "style": ["\u6708\u5149\u60c5\u6b4c"], "essentia_features": {"lowlevel.average_loudness": 0.980134129524231, "lowlevel.barkbands_crest.mean": 21.702856063842773, "lowlevel.barkbands_crest.stdev": 3.222489833831787, "lowlevel.barkbands_flatness_db.mean": 0.3482550382614136, "lowlevel.barkbands_flatness_db.stdev": 0.10647759586572647, "lowlevel.barkbands_kurtosis.mean": 126.07135009765625, "lowlevel.barkbands_kurtosis.stdev": 193.5538787841797, "lowlevel.barkbands_skewness.mean": 6.756046295166016, "lowlevel.barkbands_skewness.stdev": 5.093388557434082, "lowlevel.barkbands_spread.mean": 5.990246295928955, "lowlevel.barkbands_spread.stdev": 6.126163482666016, "lowlevel.dissonance.mean": 0.44434982538223267, "lowlevel.dissonance.stdev": 0.051325008273124695, "lowlevel.dynamic_complexity": 2.3432962894439697, "lowlevel.erbbands_crest.mean": 12.651206970214844, "lowlevel.erbbands_crest.stdev": 5.450568199157715, "lowlevel.erbbands_flatness_db.mean": 0.18983761966228485, "lowlevel.erbbands_flatness_db.stdev": 0.05968760699033737, "lowlevel.erbbands_kurtosis.mean": 2.968226432800293, "lowlevel.erbbands_kurtosis.stdev": 7.636205196380615, "lowlevel.erbbands_skewness.mean": 0.46958643198013306, "lowlevel.erbbands_skewness.stdev": 1.5181152820587158, "lowlevel.erbbands_spread.mean": 46.42781066894531, "lowlevel.erbbands_spread.stdev": 35.0447883605957, "lowlevel.hfc.mean": 18.876861572265625, "lowlevel.hfc.stdev": 15.04979133605957, "lowlevel.loudness_ebu128.integrated": -18.29277801513672, "lowlevel.loudness_ebu128.loudness_range": 1.2373886108398438, "lowlevel.loudness_ebu128.momentary.mean": -18.428159713745117, "lowlevel.loudness_ebu128.momentary.stdev": 1.109179139137268, "lowlevel.loudness_ebu128.short_term.mean": -18.280529022216797, "lowlevel.loudness_ebu128.short_term.stdev": 0.4155482351779938, "lowlevel.melbands_crest.mean": 32.1370735168457, "lowlevel.melbands_crest.stdev": 4.488932132720947, "lowlevel.melbands_flatness_db.mean": 0.444877564907074, "lowlevel.melbands_flatness_db.stdev": 0.12286265939474106, "lowlevel.melbands_kurtosis.mean": 248.49649047851562, "lowlevel.melbands_kurtosis.stdev": 364.22967529296875, "lowlevel.melbands_skewness.mean": 9.64999771118164, "lowlevel.melbands_skewness.stdev": 6.90879487991333, "lowlevel.melbands_spread.mean": 4.44785737991333, "lowlevel.melbands_spread.stdev": 5.354691028594971, "lowlevel.pitch_salience.mean": 0.19907380640506744, "lowlevel.pitch_salience.stdev": 0.13707593083381653, "lowlevel.silence_rate_20dB.mean": 0.9496920108795166, "lowlevel.silence_rate_20dB.stdev": 0.2185790091753006, "lowlevel.silence_rate_30dB.mean": 0.31416836380958557, "lowlevel.silence_rate_30dB.stdev": 0.46418631076812744, "lowlevel.silence_rate_60dB.mean": 0.0010266940807923675, "lowlevel.silence_rate_60dB.stdev": 0.032025907188653946, "lowlevel.spectral_centroid.mean": 921.2149047851562, "lowlevel.spectral_centroid.stdev": 737.0318603515625, "lowlevel.spectral_complexity.mean": 9.697125434875488, "lowlevel.spectral_complexity.stdev": 7.552940368652344, "lowlevel.spectral_decrease.mean": -3.6953149873397706e-08, "lowlevel.spectral_decrease.stdev": 2.3815889704792426e-08, "lowlevel.spectral_energy.mean": 0.14118191599845886, "lowlevel.spectral_energy.stdev": 0.09068508446216583, "lowlevel.spectral_energyband_high.mean": 0.0004163992125540972, "lowlevel.spectral_energyband_high.stdev": 0.0008871076861396432, "lowlevel.spectral_energyband_low.mean": 0.12835593521595, "lowlevel.spectral_energyband_low.stdev": 0.08775851875543594, "lowlevel.spectral_energyband_middle_high.mean": 0.003669149475172162, "lowlevel.spectral_energyband_middle_high.stdev": 0.005675135646015406, "lowlevel.spectral_energyband_middle_low.mean": 0.009203639812767506, "lowlevel.spectral_energyband_middle_low.stdev": 0.013788745738565922, "lowlevel.spectral_entropy.mean": 7.113245964050293, "lowlevel.spectral_entropy.stdev": 0.7190859317779541, "lowlevel.spectral_flux.mean": 0.12049926072359085, "lowlevel.spectral_flux.stdev": 0.1191803589463234, "lowlevel.spectral_kurtosis.mean": 8.774020195007324, "lowlevel.spectral_kurtosis.stdev": 9.624513626098633, "lowlevel.spectral_rms.mean": 0.011306156404316425, "lowlevel.spectral_rms.stdev": 0.003147884737700224, "lowlevel.spectral_rolloff.mean": 178.6096954345703, "lowlevel.spectral_rolloff.stdev": 323.2090759277344, "lowlevel.spectral_skewness.mean": 2.0863935947418213, "lowlevel.spectral_skewness.stdev": 1.0786175727844238, "lowlevel.spectral_spread.mean": 4347586.5, "lowlevel.spectral_spread.stdev": 1972453.625, "lowlevel.spectral_strongpeak.mean": 0.8270566463470459, "lowlevel.spectral_strongpeak.stdev": 0.22255773842334747, "lowlevel.zerocrossingrate.mean": 0.012236609123647213, "lowlevel.zerocrossingrate.stdev": 0.010692588984966278, "metadata.audio_properties.analysis.equal_loudness": 0.0, "metadata.audio_properties.analysis.length": 22.591995239257812, "metadata.audio_properties.analysis.sample_rate": 44100.0, "metadata.audio_properties.analysis.start_time": 0.0, "metadata.audio_properties.bit_rate": 114655.0, "metadata.audio_properties.length": 22.591999053955078, "metadata.audio_properties.lossless": 0.0, "metadata.audio_properties.number_channels": 1.0, "metadata.audio_properties.replay_gain": -5.316373825073242, "metadata.audio_properties.sample_rate": 48000.0, "rhythm.beats_count": 33.0, "rhythm.beats_loudness.mean": 0.20842313766479492, "rhythm.beats_loudness.stdev": 0.1131347268819809, "rhythm.bpm": 90.13585662841797, "rhythm.bpm_histogram_first_peak_bpm": 91.0, "rhythm.bpm_histogram_first_peak_weight": 0.46875, "rhythm.bpm_histogram_second_peak_bpm": 0.0, "rhythm.bpm_histogram_second_peak_spread": 0.0, "rhythm.bpm_histogram_second_peak_weight": 0.0, "rhythm.danceability": 1.878589153289795, "rhythm.onset_rate": 5.308648109436035, "tonal.chords_changes_rate": 0.0901639312505722, "tonal.chords_number_rate": 0.012295082211494446, "tonal.chords_strength.mean": 0.49841371178627014, "tonal.chords_strength.stdev": 0.05723794922232628, "tonal.hpcp_crest.mean": 12.571999549865723, "tonal.hpcp_crest.stdev": 4.8072509765625, "tonal.hpcp_entropy.mean": 2.1187500953674316, "tonal.hpcp_entropy.stdev": 0.7110885381698608, "tonal.key_edma.strength": 0.6209491491317749, "tonal.key_krumhansl.strength": 0.60877925157547, "tonal.key_temperley.strength": 0.5820640325546265, "tonal.tuning_diatonic_strength": 0.5361915230751038, "tonal.tuning_equal_tempered_deviation": 0.28704509139060974, "tonal.tuning_frequency": 434.193115234375, "tonal.tuning_nontempered_energy_ratio": 0.9631532430648804, "lowlevel.barkbands.mean": [0.01032821275293827, 0.1121639609336853, 0.005497131496667862, 0.0009729277226142585, 0.0023509992752224207, 0.0007263449369929731, 0.0027254174929112196, 0.0006824515876360238, 0.0015875654062256217, 0.001018965500406921, 0.0005465824506245553, 0.00037229846930131316, 0.00025835103588178754, 0.0002914307115133852, 0.0003906083002220839, 0.00030013048672117293, 0.00025537918554618955, 0.00013412517728284, 0.00012326869182288647, 7.605978316860273e-05, 7.410357648041099e-05, 9.262425737688318e-05, 9.369492181576788e-05, 7.409074169117957e-05, 3.750087853404693e-05, 7.822095540177543e-06, 1.936883187170224e-08], "lowlevel.barkbands.stdev": [0.006602729205042124, 0.06962763518095016, 0.023367032408714294, 0.0033924172166734934, 0.00650563882663846, 0.0019529858836904168, 0.0062809716910123825, 0.002029113005846739, 0.0038918538484722376, 0.003267786232754588, 0.0018850477645173669, 0.0012033854145556688, 0.0007551322923973203, 0.0007189944735728204, 0.0008731844718568027, 0.0008486250299029052, 0.0005695787840522826, 0.00030038098338991404, 0.00039288384141400456, 0.0002013666817219928, 0.00018630869453772902, 0.00021932469098828733, 0.0002222516486654058, 0.00017375645984429866, 8.32516816444695e-05, 2.188393955293577e-05, 1.2224441547914466e-07], "lowlevel.erbbands.mean": [5.881711959838867, 14.401763916015625, 8.269693374633789, 4.363788604736328, 7.653909206390381, 6.481179237365723, 2.9263813495635986, 7.9454426765441895, 37.89722442626953, 22.625608444213867, 23.900619506835938, 38.419227600097656, 22.62415885925293, 36.18397903442383, 19.18735694885254, 16.0654239654541, 12.786076545715332, 13.733689308166504, 18.7619686126709, 19.88446617126465, 15.037259101867676, 14.920271873474121, 8.833595275878906, 5.406453609466553, 5.98401403427124, 3.5775444507598877, 3.0791149139404297, 3.000725507736206, 3.4019405841827393, 3.0864782333374023, 2.53460431098938, 1.574647307395935, 1.2477041482925415, 0.569928765296936, 0.19422131776809692, 0.0582316517829895, 0.009372417815029621, 0.0005935236695222557, 8.016920764930546e-05, 0.00015544363122899085], "lowlevel.erbbands.stdev": [3.064523220062256, 14.104037284851074, 29.84988784790039, 17.226518630981445, 22.23768424987793, 16.986024856567383, 6.61406946182251, 19.930683135986328, 85.43728637695312, 67.85002899169922, 62.64597702026367, 96.24344635009766, 60.453453063964844, 117.40866088867188, 60.29561996459961, 53.27741622924805, 37.0849609375, 33.15719985961914, 41.59353256225586, 44.78500747680664, 40.56590270996094, 32.52538299560547, 18.213274002075195, 16.01530647277832, 21.49516487121582, 9.206697463989258, 8.395333290100098, 7.676163196563721, 8.216849327087402, 7.188984394073486, 6.1153244972229, 3.707470655441284, 3.025263786315918, 1.2417514324188232, 0.49220216274261475, 0.14913295209407806, 0.030968399718403816, 0.002157350303605199, 6.399003905244172e-05, 9.827507892623544e-05], "lowlevel.gfcc.mean": [-58.85207748413086, 119.26214599609375, -78.77774047851562, 48.52921676635742, -30.027624130249023, 35.0556755065918, -19.20597267150879, 29.072784423828125, 9.378958702087402, 5.529047012329102, 5.187107563018799, -2.415421485900879, 6.5271124839782715], "lowlevel.melbands.mean": [0.03933174908161163, 0.008077982813119888, 0.0008524436270818114, 0.0005744282389059663, 0.00011367662227712572, 0.00019103176600765437, 0.0005806831177324057, 0.0002045139262918383, 0.00022647048172075301, 0.00022710819030180573, 0.00010926637332886457, 0.0001519932266091928, 6.814363587182015e-05, 4.5977893023518845e-05, 3.23077074426692e-05, 2.5513125365250744e-05, 2.575409962446429e-05, 2.931401104433462e-05, 2.9169857953093015e-05, 2.3399892597808503e-05, 1.6222007616306655e-05, 1.5469970094272867e-05, 1.2945245543960482e-05, 4.578927018883405e-06, 4.198636361252284e-06, 4.995199105906067e-06, 3.2265522804664215e-06, 2.157835524485563e-06, 1.9357048586243764e-06, 1.8105047274730168e-06, 1.7104080143326428e-06, 2.0080956346646417e-06, 1.6583087472099578e-06, 1.7661415085967747e-06, 1.5433124644914642e-06, 1.1093859484390123e-06, 9.265339144803875e-07, 9.456897487325477e-07, 6.355789992085192e-07, 4.3448602582429885e-07], "lowlevel.melbands.stdev": [0.02173508144915104, 0.01561405137181282, 0.0028016804717481136, 0.00161369692068547, 0.00027418919489718974, 0.0004896173486486077, 0.001289235893636942, 0.0006196867907419801, 0.0005890739266760647, 0.0005901895347051322, 0.00032431530416943133, 0.000503305287566036, 0.00023735004651825875, 0.00014814830501563847, 9.556613076711074e-05, 7.662484858883545e-05, 6.626638787565753e-05, 6.804741133237258e-05, 6.524023046949878e-05, 6.476517592091113e-05, 4.772538159159012e-05, 3.728076262632385e-05, 2.7520825824467465e-05, 1.1179714419995435e-05, 1.3717183719563764e-05, 1.783768311724998e-05, 1.0184870916418731e-05, 6.043859684723429e-06, 6.017645318934228e-06, 4.667024313675938e-06, 4.522004928730894e-06, 5.003148999094265e-06, 4.033575805806322e-06, 4.191413609078154e-06, 3.753520559257595e-06, 2.804792529786937e-06, 2.1889175059186528e-06, 2.318593942618463e-06, 1.486180394749681e-06, 9.54232973526814e-07], "lowlevel.melbands128.mean": [0.010139117017388344, 0.057152338325977325, 0.046231865882873535, 0.016301363706588745, 0.0048418231308460236, 0.0022280083503574133, 0.0008002971298992634, 0.0004463625082280487, 0.0008695434080436826, 0.0007627872400917113, 0.0002738253097049892, 0.00011547311441972852, 9.130238322541118e-05, 7.065448153298348e-05, 0.00010697375546442345, 0.00024891510838642716, 0.0005524592124857008, 0.0007531936862505972, 0.0005017236690036952, 0.00019160688680130988, 7.918463961686939e-05, 0.00011944626021431759, 0.0002538166882004589, 0.0003241962112952024, 0.00030038514523766935, 0.00017921077960636467, 7.326794730033726e-05, 8.890728349797428e-05, 0.00014679286687169224, 0.00018157715385314077, 0.0001624407450435683, 7.717837434029207e-05, 6.854740786366165e-05, 5.6525226682424545e-05, 3.544521678122692e-05, 5.4748998081777245e-05, 4.206215089652687e-05, 2.962192775157746e-05, 2.513486469979398e-05, 3.2525742426514626e-05, 2.3036573111312464e-05, 2.0609533748938702e-05, 2.3320673790294677e-05, 3.139964974252507e-05, 2.7770609449362382e-05, 2.562270856287796e-05, 3.606284371926449e-05, 2.90444240818033e-05, 2.5471052140346728e-05, 3.051616295124404e-05, 2.1733403627877124e-05, 1.9049855836783536e-05, 1.694631100690458e-05, 1.4977414139139e-05, 1.3833611774316523e-05, 1.7327631212538108e-05, 1.4189772628014907e-05, 1.6325640899594873e-05, 1.2684909961535595e-05, 5.9580252127489075e-06, 4.049355993629433e-06, 3.232583821954904e-06, 3.915922206942923e-06, 4.480501502257539e-06, 4.692647962656338e-06, 5.428515123639954e-06, 5.166853497939883e-06, 3.495368673611665e-06, 2.86913586933224e-06, 2.6633670131559484e-06, 1.963513795999461e-06, 2.042031155724544e-06, 2.116579935318441e-06, 1.9362692000868265e-06, 1.6505638313901727e-06, 1.9901510768249864e-06, 1.7689054629954626e-06, 1.5801449535501888e-06, 1.690329440862115e-06, 1.8388706166660995e-06, 2.0285094706196105e-06, 2.2106908090790967e-06, 1.6990817357509513e-06, 1.534883949716459e-06, 1.6529088497918565e-06, 1.7648167158768047e-06, 1.7871050204121275e-06, 1.8339443386139465e-06, 1.4516191413349588e-06, 1.4733276429979014e-06, 1.2737008319163579e-06, 9.879053095573909e-07, 8.284811201519915e-07, 9.117741797126655e-07, 1.0100303597937454e-06, 9.480328913014091e-07, 9.727115184432478e-07, 9.027603482536506e-07, 6.101114990997303e-07, 5.225384143159317e-07, 4.992590447727707e-07, 4.459274691726023e-07, 3.150945246943593e-07, 2.9130313805580954e-07, 1.8755689268346032e-07, 1.536578793093213e-07, 1.5649263218620035e-07, 1.408830883065093e-07, 9.655835953026326e-08, 6.278193609432492e-08, 4.1123794147779336e-08, 3.185132158023407e-08, 2.7513936018408458e-08, 1.846280994755034e-08, 9.41296462997343e-09, 3.3311811087344267e-09, 7.102956556259699e-10, 9.895924357739005e-11, 3.362251102534408e-11, 2.386487708838647e-11, 2.3595805864751185e-11, 2.288334625955013e-11, 2.2222949175310092e-11, 2.169166582466353e-11, 2.0737585260111047e-11, 1.9908489787279215e-11, 1.9282457575098277e-11, 1.9084478788955472e-11], "lowlevel.melbands128.stdev": [0.006472842302173376, 0.02992836758494377, 0.02833375334739685, 0.023745935410261154, 0.01863338053226471, 0.009720995090901852, 0.0035855681635439396, 0.0013764160685241222, 0.0027558933943510056, 0.0023504740092903376, 0.0007831748807802796, 0.0004318143182899803, 0.0002326791436644271, 0.000225812618737109, 0.00038749174564145505, 0.0008402227540500462, 0.0015449922066181898, 0.0019340860890224576, 0.0016223822021856904, 0.0008829715079627931, 0.0002866896102204919, 0.0005450944881886244, 0.0008296082960441709, 0.0010188668966293335, 0.0009129446116276085, 0.0007715001120232046, 0.0003579905314836651, 0.0003336983500048518, 0.0006680976366624236, 0.0007611911278218031, 0.00067953544203192, 0.0003403567534405738, 0.00037464528577402234, 0.00021804339485242963, 0.00011173648090334609, 0.0002668065717443824, 0.00017826224211603403, 0.00013041119382251054, 9.300759120378643e-05, 0.00014027717406861484, 8.041196997510269e-05, 7.360072777373716e-05, 7.968835416249931e-05, 0.00010330542863812298, 8.902028639568016e-05, 8.504394645569846e-05, 0.00011187518975930288, 8.987098408397287e-05, 7.472299330402166e-05, 9.690782462712377e-05, 7.933296728879213e-05, 7.924515375634655e-05, 5.387216879171319e-05, 6.675383338006213e-05, 4.330097362981178e-05, 5.079472248326056e-05, 3.538291639415547e-05, 4.2750645661726594e-05, 3.3016658562701195e-05, 1.534530565550085e-05, 1.0672620192053728e-05, 1.028305632644333e-05, 1.4285492397902999e-05, 1.7248434232897125e-05, 1.3736709661316127e-05, 2.076818964269478e-05, 2.302497159689665e-05, 1.5796722436789423e-05, 7.871099114709068e-06, 7.2404759521305095e-06, 5.817574219690869e-06, 7.020761131570907e-06, 7.467892828572076e-06, 7.2068633016897365e-06, 4.290033302822849e-06, 5.400960617407691e-06, 5.322492143022828e-06, 4.8288097787008155e-06, 4.623759195965249e-06, 5.4022912081563845e-06, 5.486571808432927e-06, 6.112123173807049e-06, 4.414673185237916e-06, 4.043169610667974e-06, 4.167230144958012e-06, 4.3788645598397125e-06, 4.827988050237764e-06, 4.492432253755396e-06, 3.909936367563205e-06, 4.028789589938242e-06, 3.496619228826603e-06, 2.6727266231318936e-06, 2.10870757655357e-06, 2.4243861389550148e-06, 2.471110974511248e-06, 2.304655481566442e-06, 2.6166460429521976e-06, 2.660533027665224e-06, 1.4530988892147434e-06, 1.1560327948245686e-06, 1.1680265288305236e-06, 1.0367318736825837e-06, 7.680654334762949e-07, 7.952608029881958e-07, 6.572511210833909e-07, 4.2640186848075246e-07, 3.7069059999339515e-07, 3.521970199926727e-07, 2.668412264483777e-07, 2.1840172337306285e-07, 1.381580432280316e-07, 1.2589526932060835e-07, 1.0827631058418774e-07, 8.326917111389776e-08, 4.1499205849504506e-08, 2.033137391777018e-08, 4.994600732999288e-09, 1.5209841164320892e-09, 2.945890198446932e-10, 7.660692913358247e-11, 8.176395671632974e-11, 7.347933372869875e-11, 6.823028253499785e-11, 6.2641045128764e-11, 4.7327336494262795e-11, 3.8517602302112763e-11, 3.106959481358196e-11, 2.9503961773702514e-11], "lowlevel.mfcc.mean": [-712.5057983398438, 144.59365844726562, 28.101234436035156, 29.76829719543457, 32.02463150024414, 14.868171691894531, 9.617976188659668, 22.561769485473633, 18.114622116088867, 19.463102340698242, 15.292268753051758, 9.496312141418457, 13.11242389678955], "lowlevel.spectral_contrast_coeffs.mean": [-0.7006558775901794, -0.7433661818504333, -0.785954475402832, -0.7975517511367798, -0.7865520715713501, -0.7990143895149231], "lowlevel.spectral_contrast_coeffs.stdev": [0.06438357383012772, 0.10982344299554825, 0.08718542754650116, 0.07327026128768921, 0.07132577896118164, 0.04094979166984558], "lowlevel.spectral_contrast_valleys.mean": [-6.809825420379639, -7.317733287811279, -8.133270263671875, -8.255443572998047, -8.6153564453125, -10.87983226776123], "lowlevel.spectral_contrast_valleys.stdev": [0.7710926532745361, 0.8964684009552002, 0.9654826521873474, 0.9781854152679443, 1.155718207359314, 1.2780619859695435], "rhythm.beats_loudness_band_ratio.mean": [0.888696014881134, 0.01070873811841011, 0.06543552875518799, 0.032160673290491104, 0.005725301802158356, 0.0013001830084249377], "rhythm.beats_loudness_band_ratio.stdev": [0.16404540836811066, 0.014280546456575394, 0.11571287363767624, 0.059331510215997696, 0.010368787683546543, 0.0029594008810818195], "tonal.hpcp.mean": [0.034696996212005615, 0.0318201519548893, 0.019256703555583954, 0.010861837305128574, 0.008380752988159657, 0.006160500459372997, 0.00845749955624342, 0.0108529943972826, 0.009996932931244373, 0.007513364311307669, 0.004748242441564798, 0.0038584156427532434, 0.0061616962775588036, 0.004559752997010946, 0.00254577468149364, 0.005279276054352522, 0.0069221132434904575, 0.006307325791567564, 0.006977263372391462, 0.0069407201372087, 0.008550251834094524, 0.008060870692133904, 0.006016877014189959, 0.012264900840818882, 0.014679313637316227, 0.01700538583099842, 0.03131147474050522, 0.08112390339374542, 0.12106936424970627, 0.1211155503988266, 0.3559049963951111, 0.6460983753204346, 0.4169687032699585, 0.10211262851953506, 0.05834827199578285, 0.039057113230228424], "tonal.hpcp.stdev": [0.1429213285446167, 0.13857543468475342, 0.0903925746679306, 0.06641314923763275, 0.06136246398091316, 0.041015565395355225, 0.06826108694076538, 0.08125587552785873, 0.074124775826931, 0.06539934873580933, 0.03671076521277428, 0.03255205601453781, 0.06592963635921478, 0.04475492611527443, 0.007327021565288305, 0.038255780935287476, 0.0478392131626606, 0.031973324716091156, 0.04911082983016968, 0.04047688469290733, 0.06073560193181038, 0.06157141178846359, 0.0219117384403944, 0.06804925203323364, 0.08302830159664154, 0.09304383397102356, 0.1405605971813202, 0.23556338250637054, 0.2914877235889435, 0.2735272943973541, 0.33665570616722107, 0.4365747272968292, 0.3663684129714966, 0.2462785392999649, 0.1977820247411728, 0.15026824176311493], "rhythm.beats_position": [0.5921088457107544, 1.2306575775146484, 1.8924262523651123, 2.554194927215576, 3.2275736331939697, 3.877732276916504, 4.551111221313477, 5.224489688873291, 5.886258602142334, 6.548027038574219, 7.221405982971191, 7.894784450531006, 8.56816291809082, 9.229931831359863, 9.891700744628906, 10.565078735351562, 11.238457679748535, 11.900226593017578, 12.561995506286621, 13.235373497009277, 13.89714241027832, 14.558911323547363, 15.232290267944336, 15.894058227539062, 16.555828094482422, 17.229206085205078, 17.902584075927734, 18.564353942871094, 19.22612190246582, 19.899499893188477, 20.561269760131836, 21.223037719726562, 21.89641761779785], "rhythm.bpm_histogram": [0.0, 0.0, 0.0, 0.0, 0.0, 0.0, 0.0, 0.0, 0.0, 0.0, 0.0, 0.0, 0.0, 0.0, 0.0, 0.0, 0.0, 0.0, 0.0, 0.0, 0.0, 0.0, 0.0, 0.0, 0.0, 0.0, 0.0, 0.0, 0.0, 0.0, 0.0, 0.0, 0.0, 0.0, 0.0, 0.0, 0.0, 0.0, 0.0, 0.0, 0.0, 0.0, 0.0, 0.0, 0.0, 0.0, 0.0, 0.0, 0.0, 0.0, 0.0, 0.0, 0.0, 0.0, 0.0, 0.0, 0.0, 0.0, 0.0, 0.0, 0.0, 0.0, 0.0, 0.0, 0.0, 0.0, 0.0, 0.0, 0.0, 0.0, 0.0, 0.0, 0.0, 0.0, 0.0, 0.0, 0.0, 0.0, 0.0, 0.0, 0.0, 0.0, 0.0, 0.0, 0.0, 0.0, 0.0, 0.0, 0.0, 0.4375, 0.0, 0.5, 0.03125, 0.0, 0.03125, 0.0, 0.0, 0.0, 0.0, 0.0, 0.0, 0.0, 0.0, 0.0, 0.0, 0.0, 0.0, 0.0, 0.0, 0.0, 0.0, 0.0, 0.0, 0.0, 0.0, 0.0, 0.0, 0.0, 0.0, 0.0, 0.0, 0.0, 0.0, 0.0, 0.0, 0.0, 0.0, 0.0, 0.0, 0.0, 0.0, 0.0, 0.0, 0.0, 0.0, 0.0, 0.0, 0.0, 0.0, 0.0, 0.0, 0.0, 0.0, 0.0, 0.0, 0.0, 0.0, 0.0, 0.0, 0.0, 0.0, 0.0, 0.0, 0.0, 0.0, 0.0, 0.0, 0.0, 0.0, 0.0, 0.0, 0.0, 0.0, 0.0, 0.0, 0.0, 0.0, 0.0, 0.0, 0.0, 0.0, 0.0, 0.0, 0.0, 0.0, 0.0, 0.0, 0.0, 0.0, 0.0, 0.0, 0.0, 0.0, 0.0, 0.0, 0.0, 0.0, 0.0, 0.0, 0.0, 0.0, 0.0, 0.0, 0.0, 0.0, 0.0, 0.0, 0.0, 0.0, 0.0, 0.0, 0.0, 0.0, 0.0, 0.0, 0.0, 0.0, 0.0, 0.0, 0.0, 0.0, 0.0, 0.0, 0.0, 0.0, 0.0, 0.0, 0.0, 0.0, 0.0, 0.0, 0.0, 0.0, 0.0, 0.0, 0.0, 0.0, 0.0, 0.0, 0.0, 0.0, 0.0, 0.0, 0.0, 0.0, 0.0, 0.0, 0.0, 0.0, 0.0, 0.0, 0.0, 0.0, 0.0, 0.0, 0.0, 0.0, 0.0, 0.0, 0.0], "tonal.chords_histogram": [27.6639347076416, 2.254098415374756, 15.573770523071289, 0.0, 0.0, 0.0, 0.0, 28.483606338500977, 15.163934707641602, 10.860655784606934, 0.0, 0.0, 0.0, 0.0, 0.0, 0.0, 0.0, 0.0, 0.0, 0.0, 0.0, 0.0, 0.0, 0.0], "tonal.thpcp": [1.0, 0.6453641057014465, 0.15804502367973328, 0.09030865132808685, 0.0604507215321064, 0.05370234325528145, 0.04924970120191574, 0.029804600402712822, 0.01681143045425415, 0.01297132670879364, 0.009534926153719425, 0.013090111315250397, 0.0167977437376976, 0.015472772531211376, 0.011628824286162853, 0.007349101360887289, 0.005971870385110378, 0.00953677762299776, 0.00705736642703414, 0.0039402274414896965, 0.008171009831130505, 0.010713714174926281, 0.009762175381183624, 0.010799072682857513, 0.01074251253157854, 0.013233669102191925, 0.012476228177547455, 0.009312632493674755, 0.0189830232411623, 0.022719936445355415, 0.026320118457078934, 0.0484623946249485, 0.12555967271327972, 0.18738533556461334, 0.18745683133602142, 0.5508526563644409], "lowlevel.gfcc.cov": [[7186.2587890625, -1051.8233642578125, -1663.4716796875, 281.602783203125, -1308.499267578125, -142.4713897705078, -912.0437622070312, 196.37779235839844, -513.3002319335938, 204.979248046875, -299.5724792480469, 63.3492431640625, -320.41424560546875], [-1051.8233642578125, 1858.035400390625, -248.60972595214844, -991.216552734375, 422.6517028808594, -320.1358947753906, 126.74833679199219, -7.248506546020508, 193.18634033203125, -319.0090026855469, 189.31890869140625, -135.89439392089844, 141.32728576660156], [-1663.4716796875, -248.60972595214844, 1077.8421630859375, 369.8041076660156, 75.59585571289062, 15.720592498779297, 165.57064819335938, -184.85145568847656, 7.870346546173096, 37.70353317260742, -0.010161450132727623, 130.63119506835938, -8.145477294921875], [281.602783203125, -991.216552734375, 369.8041076660156, 984.4556274414062, -121.35186004638672, -59.55181884765625, -177.42901611328125, -111.11785125732422, -46.732845306396484, 91.00042724609375, -91.37825775146484, 77.17874908447266, -75.44613647460938], [-1308.499267578125, 422.6517028808594, 75.59585571289062, -121.35186004638672, 599.7136840820312, -10.43260669708252, 93.92005920410156, -17.46759796142578, 172.65728759765625, -95.2130355834961, 61.48064041137695, -101.69401550292969, 86.70722961425781], [-142.4713897705078, -320.1358947753906, 15.720592498779297, -59.55181884765625, -10.43260669708252, 392.6463928222656, 216.63784790039062, -27.87479591369629, -78.91387939453125, 73.02178192138672, -35.90397262573242, -39.23432540893555, 20.033191680908203], [-912.0437622070312, 126.74833679199219, 165.57064819335938, -177.42901611328125, 93.92005920410156, 216.63784790039062, 520.923583984375, -24.413875579833984, -73.3866195678711, -41.734397888183594, 23.32089614868164, -20.6053409576416, 47.013607025146484], [196.37779235839844, -7.248506546020508, -184.85145568847656, -111.11785125732422, -17.46759796142578, -27.87479591369629, -24.413875579833984, 219.70448303222656, 67.70674896240234, -21.90617561340332, 6.703405857086182, -20.775850296020508, 20.431089401245117], [-513.3002319335938, 193.18634033203125, 7.870346546173096, -46.732845306396484, 172.65728759765625, -78.91387939453125, -73.3866195678711, 67.70674896240234, 265.29833984375, -8.845132827758789, 33.09079360961914, -54.46981430053711, 39.43797302246094], [204.979248046875, -319.0090026855469, 37.70353317260742, 91.00042724609375, -95.2130355834961, 73.02178192138672, -41.734397888183594, -21.90617561340332, -8.845132827758789, 176.4752655029297, -10.951085090637207, 2.829737901687622, -53.845123291015625], [-299.5724792480469, 189.31890869140625, -0.010161450132727623, -91.37825775146484, 61.48064041137695, -35.90397262573242, 23.32089614868164, 6.703405857086182, 33.09079360961914, -10.951085090637207, 137.25262451171875, 15.028059959411621, 6.970256328582764], [63.3492431640625, -135.89439392089844, 130.63119506835938, 77.17874908447266, -101.69401550292969, -39.23432540893555, -20.6053409576416, -20.775850296020508, -54.46981430053711, 2.829737901687622, 15.028059959411621, 147.66563415527344, -14.545961380004883], [-320.41424560546875, 141.32728576660156, -8.145477294921875, -75.44613647460938, 86.70722961425781, 20.033191680908203, 47.013607025146484, 20.431089401245117, 39.43797302246094, -53.845123291015625, 6.970256328582764, -14.545961380004883, 113.20311737060547]], "lowlevel.gfcc.icov": [[0.0009835107484832406, -0.0010991630842909217, 0.0014378890627995133, -0.0012857569381594658, 0.0012238118797540665, -0.0010419570608064532, 0.001148556242696941, -0.0010149070294573903, 0.0013032832648605108, -0.0009931727545335889, 0.001493183197453618, -0.000982921221293509, 0.0012110619572922587], [-0.0010991630842909217, 0.016934005543589592, -0.0025017261505126953, 0.016189491376280785, -0.0018968923250213265, 0.015647143125534058, -0.0034672918263822794, 0.014107153750956059, -0.0053500705398619175, 0.014988172799348831, -0.008745279163122177, 0.012300670146942139, -0.004952623508870602], [0.0014378890627995133, -0.0025017261505126953, 0.0038307083304971457, -0.003267311956733465, 0.0015518921427428722, -0.002150375861674547, 0.0008783531375229359, -0.0011324299266561866, 0.0013013379648327827, -0.002630549483001232, 0.002844692673534155, -0.0037049539387226105, 0.0019668652676045895], [-0.0012857569381594658, 0.016189491376280785, -0.003267311956733465, 0.017054276540875435, -0.0020812982693314552, 0.015070916153490543, -0.0029705746565014124, 0.013725388795137405, -0.005142372101545334, 0.013967949897050858, -0.007764732465147972, 0.011685353703796864, -0.00462125800549984], [0.0012238118797540665, -0.0018968923250213265, 0.0015518921427428722, -0.0020812982693314552, 0.004495686385780573, -0.001927776844240725, 0.0012253995519131422, -0.0008343186927959323, 0.00014090124750509858, -0.00037752825301140547, 0.0010991493472829461, 0.00010922322690021247, 0.0008137007243931293], [-0.0010419570608064532, 0.015647143125534058, -0.002150375861674547, 0.015070916153490543, -0.001927776844240725, 0.019075145944952965, -0.005095210857689381, 0.01319325715303421, -0.003876692382618785, 0.010971852578222752, -0.006961856968700886, 0.012216467410326004, -0.0061906068585813046], [0.001148556242696941, -0.0034672918263822794, 0.0008783531375229359, -0.0029705746565014124, 0.0012253995519131422, -0.005095210857689381, 0.005211717449128628, -0.003464329056441784, 0.003253030125051737, -0.001853450550697744, 0.0019108093110844493, -0.0019695106893777847, 0.001701315282844007], [-0.0010149070294573903, 0.014107153750956059, -0.0011324299266561866, 0.013725388795137405, -0.0008343186927959323, 0.01319325715303421, -0.003464329056441784, 0.01812572404742241, -0.006887219846248627, 0.012994394637644291, -0.007137054577469826, 0.009719696827232838, -0.004678317811340094], [0.0013032832648605108, -0.0053500705398619175, 0.0013013379648327827, -0.005142372101545334, 0.00014090124750509858, -0.003876692382618785, 0.003253030125051737, -0.006887219846248627, 0.00957332830876112, -0.006300258915871382, 0.0028733101207762957, -0.0019613492768257856, 0.0007438237662427127], [-0.0009931727545335889, 0.014988172799348831, -0.002630549483001232, 0.013967949897050858, -0.00037752825301140547, 0.010971852578222752, -0.001853450550697744, 0.012994394637644291, -0.006300258915871382, 0.02243375964462757, -0.008738897740840912, 0.011532924138009548, -0.0007455170853063464], [0.001493183197453618, -0.008745279163122177, 0.002844692673534155, -0.007764732465147972, 0.0010991493472829461, -0.006961856968700886, 0.0019108093110844493, -0.007137054577469826, 0.0028733101207762957, -0.008738897740840912, 0.014531019143760204, -0.008847570978105068, 0.003869486041367054], [-0.000982921221293509, 0.012300670146942139, -0.0037049539387226105, 0.011685353703796864, 0.00010922322690021247, 0.012216467410326004, -0.0019695106893777847, 0.009719696827232838, -0.0019613492768257856, 0.011532924138009548, -0.008847570978105068, 0.01960383541882038, -0.004566585645079613], [0.0012110619572922587, -0.004952623508870602, 0.0019668652676045895, -0.00462125800549984, 0.0008137007243931293, -0.0061906068585813046, 0.001701315282844007, -0.004678317811340094, 0.0007438237662427127, -0.0007455170853063464, 0.003869486041367054, -0.004566585645079613, 0.014677469618618488]], "lowlevel.mfcc.cov": [[8902.587890625, -1830.0030517578125, -817.322998046875, -257.6427001953125, -547.3843383789062, -645.3154907226562, -494.4644470214844, -437.91937255859375, -368.577880859375, -206.72787475585938, -174.29827880859375, -70.02276611328125, -105.00011444091797], [-1830.0030517578125, 2634.718505859375, -653.021484375, -627.41552734375, 113.37044525146484, -342.91009521484375, 67.59683990478516, 141.67588806152344, 57.087467193603516, -18.229713439941406, 33.959590911865234, -87.33414459228516, 98.87793731689453], [-817.322998046875, -653.021484375, 931.9132080078125, 369.5568542480469, -139.29275512695312, 242.95785522460938, -15.42054271697998, -10.34382152557373, -65.61972045898438, -92.88700866699219, -38.69527816772461, 74.48773956298828, -23.474933624267578], [-257.6427001953125, -627.41552734375, 369.5568542480469, 724.19921875, 153.159423828125, 49.53853988647461, -164.82159423828125, -9.949782371520996, -93.59679412841797, -52.502201080322266, -64.65444946289062, 20.792232513427734, -21.710126876831055], [-547.3843383789062, 113.37044525146484, -139.29275512695312, 153.159423828125, 515.5005493164062, -68.80281829833984, -200.45315551757812, -16.446027755737305, 8.421703338623047, 80.91200256347656, 14.431020736694336, -46.410316467285156, 21.397239685058594], [-645.3154907226562, -342.91009521484375, 242.95785522460938, 49.53853988647461, -68.80281829833984, 461.3761291503906, 196.6255645751953, -36.46601486206055, 33.72677993774414, 18.59825897216797, 11.44482707977295, 21.466983795166016, -66.77468872070312], [-494.4644470214844, 67.59683990478516, -15.42054271697998, -164.82159423828125, -200.45315551757812, 196.6255645751953, 407.4266662597656, 72.73806762695312, 62.66118621826172, -0.32720670104026794, -1.2203683853149414, 13.064712524414062, -21.044639587402344], [-437.91937255859375, 141.67588806152344, -10.34382152557373, -9.949782371520996, -16.446027755737305, -36.46601486206055, 72.73806762695312, 194.46871948242188, 51.17253112792969, -26.004724502563477, -6.363961219787598, 2.9656925201416016, 29.739412307739258], [-368.577880859375, 57.087467193603516, -65.61972045898438, -93.59679412841797, 8.421703338623047, 33.72677993774414, 62.66118621826172, 51.17253112792969, 213.17140197753906, 77.79228210449219, -6.7211995124816895, -14.777682304382324, -8.790323257446289], [-206.72787475585938, -18.229713439941406, -92.88700866699219, -52.502201080322266, 80.91200256347656, 18.59825897216797, -0.32720670104026794, -26.004724502563477, 77.79228210449219, 168.6620635986328, 66.961669921875, -13.58448314666748, -24.716888427734375], [-174.29827880859375, 33.959590911865234, -38.69527816772461, -64.65444946289062, 14.431020736694336, 11.44482707977295, -1.2203683853149414, -6.363961219787598, -6.7211995124816895, 66.961669921875, 134.49935913085938, 26.023906707763672, -9.329961776733398], [-70.02276611328125, -87.33414459228516, 74.48773956298828, 20.792232513427734, -46.410316467285156, 21.466983795166016, 13.064712524414062, 2.9656925201416016, -14.777682304382324, -13.58448314666748, 26.023906707763672, 103.6291275024414, 14.266684532165527], [-105.00011444091797, 98.87793731689453, -23.474933624267578, -21.710126876831055, 21.397239685058594, -66.77468872070312, -21.044639587402344, 29.739412307739258, -8.790323257446289, -24.716888427734375, -9.329961776733398, 14.266684532165527, 117.81715393066406]], "lowlevel.mfcc.icov": [[0.0006384756416082382, 0.0007919889176264405, 0.0009906700579449534, 0.0005837398348376155, 0.0008884820272214711, 0.0007222435087896883, 0.0007991126622073352, 0.0006731984904035926, 0.00073329295264557, 0.0006746998406015337, 0.0007610566099174321, 0.0003104919451288879, 0.0006490149535238743], [0.0007919889176264405, 0.0015949555672705173, 0.00134677451569587, 0.001203674590215087, 0.0007870627450756729, 0.0012053701793774962, 0.0008142678416334093, 0.0005739594926126301, 0.00092586554819718, 0.0012605873635038733, 0.0007783048786222935, 0.0006570182158611715, 0.0007138088694773614], [0.0009906700579449534, 0.00134677451569587, 0.0034919274039566517, 0.0001370329991914332, 0.0021027675829827785, 2.183396827604156e-05, 0.0019306654576212168, 0.000717058836016804, 0.001173948752693832, 0.0015081451274454594, 0.0012213924201205373, -0.00010903816291829571, 0.000781880458816886], [0.0005837398348376155, 0.001203674590215087, 0.0001370329991914332, 0.003332469379529357, -0.00026441720547154546, 0.0006804611184634268, 0.0012679982464760542, -0.00024202938948292285, 0.0016642569098621607, 0.0006105337524786592, 0.001957265892997384, -0.00012301925744395703, 0.0012948450166732073], [0.0008884820272214711, 0.0007870627450756729, 0.0021027675829827785, -0.00026441720547154546, 0.004701233934611082, 0.00012018369307043031, 0.002876067301258445, 0.0004934667958877981, 0.0011120192939415574, -0.0008237825823016465, 0.001182383974082768, 0.00126893341075629, -4.487159458221868e-05], [0.0007222435087896883, 0.0012053701793774962, 2.183396827604156e-05, 0.0006804611184634268, 0.00012018369307043031, 0.005174649879336357, -0.0018089453224092722, 0.002284717746078968, 4.97475266456604e-05, 0.0012377509847283363, 5.517715180758387e-05, 0.0003770228067878634, 0.001995061058551073], [0.0007991126622073352, 0.0008142678416334093, 0.0019306654576212168, 0.0012679982464760542, 0.002876067301258445, -0.0018089453224092722, 0.006297712679952383, -0.001422688364982605, 0.0010762580204755068, -2.466322712280089e-06, 0.001931657432578504, 5.00755850225687e-05, 0.0008102670544758439], [0.0006731984904035926, 0.0005739594926126301, 0.000717058836016804, -0.00024202938948292285, 0.0004934667958877981, 0.002284717746078968, -0.001422688364982605, 0.008281111717224121, -0.0020284492056816816, 0.0032696262933313847, -0.0009353549685329199, 0.0006098440499044955, -0.0005359448259696364], [0.00073329295264557, 0.00092586554819718, 0.001173948752693832, 0.0016642569098621607, 0.0011120192939415574, 4.97475266456604e-05, 0.0010762580204755068, -0.0020284492056816816, 0.00862980354577303, -0.004199189133942127, 0.004243350587785244, -2.1783629563287832e-05, 0.0010491579305380583], [0.0006746998406015337, 0.0012605873635038733, 0.0015081451274454594, 0.0006105337524786592, -0.0008237825823016465, 0.0012377509847283363, -2.466322712280089e-06, 0.0032696262933313847, -0.004199189133942127, 0.01326417364180088, -0.005637804977595806, 0.0019046554807573557, 0.001774014555849135], [0.0007610566099174321, 0.0007783048786222935, 0.0012213924201205373, 0.001957265892997384, 0.001182383974082768, 5.517715180758387e-05, 0.001931657432578504, -0.0009353549685329199, 0.004243350587785244, -0.005637804977595806, 0.013159751892089844, -0.003461085492745042, 0.0016218411037698388], [0.0003104919451288879, 0.0006570182158611715, -0.00010903816291829571, -0.00012301925744395703, 0.00126893341075629, 0.0003770228067878634, 5.00755850225687e-05, 0.0006098440499044955, -2.1783629563287832e-05, 0.0019046554807573557, -0.003461085492745042, 0.01235361397266388, -0.0018528987420722842], [0.0006490149535238743, 0.0007138088694773614, 0.000781880458816886, 0.0012948450166732073, -4.487159458221868e-05, 0.001995061058551073, 0.0008102670544758439, -0.0005359448259696364, 0.0010491579305380583, 0.001774014555849135, 0.0016218411037698388, -0.0018528987420722842, 0.011083613149821758]], "metadata.audio_properties.analysis.downmix": "mix", "metadata.audio_properties.codec": "mp3", "metadata.audio_properties.md5_encoded": "fa9492e533f47bd5fae7357378b0e0f7", "metadata.tags.file_name": "1183710339108446208.mp3", "metadata.version.essentia": "2.1-beta6-dev", "metadata.version.essentia_git_sha": "v2.1_beta5-1110-g77a6a954", "metadata.version.extractor": "music 2.0", "tonal.chords_key": "C", "tonal.chords_scale": "major", "tonal.key_edma.key": "C", "tonal.key_edma.scale": "minor", "tonal.key_krumhansl.key": "C", "tonal.key_krumhansl.scale": "minor", "tonal.key_temperley.key": "C", "tonal.key_temperley.scale": "minor", "metadata.tags.encoding": ["Lavf58.45.100"]}, "essentia_models": [{"model_name": "genre_dortmund", "activations": {"alternative": "0.017505731", "blues": "0.0016181293", "electronic": "0.009677462", "folkcountry": "0.0008639459", "funksoulrnb": "0.0060424726", "jazz": "0.0021788417", "pop": "0.00091702584", "raphiphop": "0.958237", "rock": "0.045649808"}}, {"model_name": "genre_rosamerica", "activations": {"classic": "0.003235006", "dance": "0.00016859223", "hip hop": "0.8322506", "jazz": "0.0009144437", "pop": "0.0018258704", "rhythm and blues": "0.0057760156", "rock": "0.035994735", "speech": "0.073455825"}}, {"model_name": "genre_tzanetakis", "activations": {"blues": "0.0098137325", "classic": "0.