{"song_id": "1183700658247979008", "download": "https://cdn.discordapp.com/attachments/1135903449314238464/1183700658247979008/chirp.mp4?ex=65894a25&amp", "lyrics": "(Verse 1)\nI am Ismail Haniyeh, living in luxury,\nIn my Qatar villa, that's the life for me.\nWhile Gaza's kids hungry, and their futures fade,\nI'm dining on caviar, in my golden parade.\n\n(Chorus)\nHaniyeh, Haniyeh, let me make it clear,\nI live without guilt, have no reason to fear.\nAs Gaza's young ones starve and cry,\nI'm in opulence, under the desert sky.\n\n(Verse 2)\nI count my riches, while they count their tears,\nIn their darkest hours, I feed on their fears.\nI say I'm a leader, a guiding star,\nBut in reality, I've strayed very far.\nStyle of Music\nhip hop, rap, middle eastern", "style": ["hip hop</span><span>, rap</span><span>, middle eastern"], "essentia_features": {"lowlevel.average_loudness": 0.9730470776557922, "lowlevel.barkbands_crest.mean": 14.596431732177734, "lowlevel.barkbands_crest.stdev": 5.3178486824035645, "lowlevel.barkbands_flatness_db.mean": 0.18936999142169952, "lowlevel.barkbands_flatness_db.stdev": 0.07813618332147598, "lowlevel.barkbands_kurtosis.mean": 25.669836044311523, "lowlevel.barkbands_kurtosis.stdev": 55.134727478027344, "lowlevel.barkbands_skewness.mean": 2.994814395904541, "lowlevel.barkbands_skewness.stdev": 3.8836042881011963, "lowlevel.barkbands_spread.mean": 48.51061248779297, "lowlevel.barkbands_spread.stdev": 37.546939849853516, "lowlevel.dissonance.mean": 0.480660080909729, "lowlevel.dissonance.stdev": 0.02121509239077568, "lowlevel.dynamic_complexity": 3.2385995388031006, "lowlevel.erbbands_crest.mean": 7.491936683654785, "lowlevel.erbbands_crest.stdev": 3.465378999710083, "lowlevel.erbbands_flatness_db.mean": 0.10571883618831635, "lowlevel.erbbands_flatness_db.stdev": 0.05068628489971161, "lowlevel.erbbands_kurtosis.mean": 3.2543563842773438, "lowlevel.erbbands_kurtosis.stdev": 10.378381729125977, "lowlevel.erbbands_skewness.mean": -0.7336385250091553, "lowlevel.erbbands_skewness.stdev": 1.4953783750534058, "lowlevel.erbbands_spread.mean": 80.85352325439453, "lowlevel.erbbands_spread.stdev": 48.16405487060547, "lowlevel.hfc.mean": 121.44690704345703, "lowlevel.hfc.stdev": 160.4871063232422, "lowlevel.loudness_ebu128.integrated": -16.79231834411621, "lowlevel.loudness_ebu128.loudness_range": 1.384572982788086, "lowlevel.loudness_ebu128.momentary.mean": -17.232816696166992, "lowlevel.loudness_ebu128.momentary.stdev": 2.154902935028076, "lowlevel.loudness_ebu128.short_term.mean": -16.76698875427246, "lowlevel.loudness_ebu128.short_term.stdev": 0.46390265226364136, "lowlevel.melbands_crest.mean": 27.21089744567871, "lowlevel.melbands_crest.stdev": 8.795721054077148, "lowlevel.melbands_flatness_db.mean": 0.26816049218177795, "lowlevel.melbands_flatness_db.stdev": 0.10585587471723557, "lowlevel.melbands_kurtosis.mean": 196.24862670898438, "lowlevel.melbands_kurtosis.stdev": 385.5148620605469, "lowlevel.melbands_skewness.mean": 9.092549324035645, "lowlevel.melbands_skewness.stdev": 8.375802993774414, "lowlevel.melbands_spread.mean": 42.90268325805664, "lowlevel.melbands_spread.stdev": 64.52163696289062, "lowlevel.pitch_salience.mean": 0.36807358264923096, "lowlevel.pitch_salience.stdev": 0.19696861505508423, "lowlevel.silence_rate_20dB.mean": 0.9269141554832458, "lowlevel.silence_rate_20dB.stdev": 0.26027625799179077, "lowlevel.silence_rate_30dB.mean": 0.6902552247047424, "lowlevel.silence_rate_30dB.stdev": 0.46239012479782104, "lowlevel.silence_rate_60dB.mean": 0.028422273695468903, "lowlevel.silence_rate_60dB.stdev": 0.16617831587791443, "lowlevel.spectral_centroid.mean": 2538.883056640625, "lowlevel.spectral_centroid.stdev": 1629.444580078125, "lowlevel.spectral_complexity.mean": 11.45417594909668, "lowlevel.spectral_complexity.stdev": 12.024897575378418, "lowlevel.spectral_decrease.mean": -2.3671422155757682e-08, "lowlevel.spectral_decrease.stdev": 3.5508048057408814e-08, "lowlevel.spectral_energy.mean": 0.10035696625709534, "lowlevel.spectral_energy.stdev": 0.13491983711719513, "lowlevel.spectral_energyband_high.mean": 0.011403430253267288, "lowlevel.spectral_energyband_high.stdev": 0.016680816188454628, "lowlevel.spectral_energyband_low.mean": 0.08222925662994385, "lowlevel.spectral_energyband_low.stdev": 0.13313224911689758, "lowlevel.spectral_energyband_middle_high.mean": 0.0028005470521748066, "lowlevel.spectral_energyband_middle_high.stdev": 0.006028034258633852, "lowlevel.spectral_energyband_middle_low.mean": 0.004405652172863483, "lowlevel.spectral_energyband_middle_low.stdev": 0.009228893555700779, "lowlevel.spectral_entropy.mean": 8.334521293640137, "lowlevel.spectral_entropy.stdev": 0.3641076385974884, "lowlevel.spectral_flux.mean": 0.14555229246616364, "lowlevel.spectral_flux.stdev": 0.12026621401309967, "lowlevel.spectral_kurtosis.mean": 0.538048267364502, "lowlevel.spectral_kurtosis.stdev": 1.059515118598938, "lowlevel.spectral_rms.mean": 0.008355219848453999, "lowlevel.spectral_rms.stdev": 0.00530089670792222, "lowlevel.spectral_rolloff.mean": 4341.93115234375, "lowlevel.spectral_rolloff.stdev": 5150.43994140625, "lowlevel.spectral_skewness.mean": 0.8791271448135376, "lowlevel.spectral_skewness.stdev": 0.459199458360672, "lowlevel.spectral_spread.mean": 10630190.0, "lowlevel.spectral_spread.stdev": 2564185.0, "lowlevel.spectral_strongpeak.mean": 0.5744630694389343, "lowlevel.spectral_strongpeak.stdev": 1.0826959609985352, "lowlevel.zerocrossingrate.mean": 0.1488705575466156, "lowlevel.zerocrossingrate.stdev": 0.12070111185312271, "metadata.audio_properties.analysis.equal_loudness": 0.0, "metadata.audio_properties.analysis.length": 39.999977111816406, "metadata.audio_properties.analysis.sample_rate": 44100.0, "metadata.audio_properties.analysis.start_time": 0.0, "metadata.audio_properties.bit_rate": 127981.0, "metadata.audio_properties.length": 40.0, "metadata.audio_properties.lossless": 0.0, "metadata.audio_properties.number_channels": 1.0, "metadata.audio_properties.replay_gain": -6.759281158447266, "metadata.audio_properties.sample_rate": 48000.0, "rhythm.beats_count": 58.0, "rhythm.beats_loudness.mean": 0.1505507528781891, "rhythm.beats_loudness.stdev": 0.1334974467754364, "rhythm.bpm": 88.01838684082031, "rhythm.bpm_histogram_first_peak_bpm": 88.0, "rhythm.bpm_histogram_first_peak_weight": 0.0350877046585083, "rhythm.bpm_histogram_second_peak_bpm": 0.0, "rhythm.bpm_histogram_second_peak_spread": 0.0, "rhythm.bpm_histogram_second_peak_weight": 0.0, "rhythm.danceability": 1.8260235786437988, "rhythm.onset_rate": 4.79764986038208, "tonal.chords_changes_rate": 0.12166859954595566, "tonal.chords_number_rate": 0.01274623442441225, "tonal.chords_strength.mean": 0.4385550916194916, "tonal.chords_strength.stdev": 0.08812488615512848, "tonal.hpcp_crest.mean": 10.560201644897461, "tonal.hpcp_crest.stdev": 4.8965840339660645, "tonal.hpcp_entropy.mean": 2.607346534729004, "tonal.hpcp_entropy.stdev": 0.7808630466461182, "tonal.key_edma.strength": 0.4063069522380829, "tonal.key_krumhansl.strength": 0.3992621898651123, "tonal.key_temperley.strength": 0.41119399666786194, "tonal.tuning_diatonic_strength": 0.4968706965446472, "tonal.tuning_equal_tempered_deviation": 0.20060129463672638, "tonal.tuning_frequency": 434.193115234375, "tonal.tuning_nontempered_energy_ratio": 0.8978742957115173, "lowlevel.barkbands.mean": [0.013614287599921227, 0.06510460376739502, 0.0030651811975985765, 0.0018489472568035126, 0.0006220843642950058, 0.000998020521365106, 0.000396277493564412, 0.0002454040222801268, 0.00024052101070992649, 0.0001857491151895374, 0.00045755982864648104, 0.00041915959445759654, 0.00022393392282538116, 0.00019842185429297388, 0.0001759784936439246, 0.0001897973706945777, 0.00023096773657016456, 0.00033340256777592003, 0.0002581665467005223, 0.0003191813302692026, 0.0003679098444990814, 0.0007379729649983346, 0.0017470712773501873, 0.0023194721434265375, 0.0036405224818736315, 0.0021904136519879103, 0.00022607676510233432], "lowlevel.barkbands.stdev": [0.02166595309972763, 0.11261048167943954, 0.012632833793759346, 0.006362928543239832, 0.002167933387681842, 0.0023379377089440823, 0.0015787251759320498, 0.0011190347140654922, 0.000658311415463686, 0.0007038728217594326, 0.0017952615162357688, 0.0013299024431034923, 0.0006641296204179525, 0.0006586717208847404, 0.00043885369086638093, 0.0004669766640290618, 0.0005038385861553252, 0.0006491151871159673, 0.0006567371310666203, 0.0007202755659818649, 0.0007396104629151523, 0.0015276346821337938, 0.004000047221779823, 0.004623874556273222, 0.0056402431800961494, 0.003149310126900673, 0.00033886736491695046], "lowlevel.erbbands.mean": [3.5677878856658936, 7.72481632232666, 4.957721710205078, 5.243610382080078, 3.7102608680725098, 1.6208330392837524, 6.25281286239624, 7.339249134063721, 4.371786117553711, 7.623200416564941, 5.141450881958008, 5.374114990234375, 5.155411243438721, 11.068283081054688, 19.080320358276367, 15.768892288208008, 10.781464576721191, 10.414473533630371, 9.41663646697998, 9.857300758361816, 10.674450874328613, 13.977581024169922, 18.010787963867188, 13.677706718444824, 13.780882835388184, 15.494318962097168, 14.828864097595215, 14.51986312866211, 25.519954681396484, 42.51951599121094, 49.02507781982422, 40.678497314453125, 45.662811279296875, 45.99219512939453, 21.86345863342285, 10.040233612060547, 3.90348744392395, 0.8344348669052124, 0.022182602435350418, 0.000702048244420439], "lowlevel.erbbands.stdev": [6.073760509490967, 17.41990852355957, 18.530590057373047, 18.573759078979492, 13.948433876037598, 5.1133713722229, 14.723926544189453, 21.31851577758789, 15.389022827148438, 34.15054702758789, 15.832043647766113, 15.064319610595703, 19.833494186401367, 41.21342849731445, 67.59693145751953, 48.18472671508789, 31.066810607910156, 32.38909149169922, 26.22605323791504, 23.221296310424805, 25.48176383972168, 29.252376556396484, 34.62411880493164, 29.586843490600586, 35.216033935546875, 36.025516510009766, 30.398035049438477, 28.708982467651367, 52.416378021240234, 97.1574935913086, 113.43962097167969, 97.8667984008789, 82.20869445800781, 74.00233459472656, 33.94086837768555, 15.703154563903809, 5.4820556640625, 1.1293442249298096, 0.02942117676138878, 0.0007886749226599932], "lowlevel.gfcc.mean": [19.944658279418945, -8.211886405944824, -36.672794342041016, 48.29863357543945, -37.19327163696289, 35.337425231933594, -35.5798225402832, 27.076631546020508, -19.456178665161133, 17.871074676513672, -9.675262451171875, 14.488065719604492, -12.670560836791992], "lowlevel.melbands.mean": [0.024016615003347397, 0.0046667675487697124, 0.0008525210432708263, 0.00016245892038568854, 0.00018122339679393917, 0.00016742723528295755, 7.22918557585217e-05, 7.843414641683921e-05, 4.202322452329099e-05, 3.267416832386516e-05, 2.454300738463644e-05, 4.104221807210706e-05, 6.498413131339476e-05, 5.09306883031968e-05, 2.9675436962861568e-05, 2.231504004157614e-05, 1.8863091099774465e-05, 1.5160114344325848e-05, 1.3586319255409762e-05, 1.3078523807052989e-05, 1.2195103408885188e-05, 1.3935764400230255e-05, 1.676348074397538e-05, 1.4771916539757513e-05, 1.0534480679780245e-05, 1.0046571333077736e-05, 1.0151647984457668e-05, 1.0181993275182322e-05, 8.985492968349718e-06, 9.253309144696686e-06, 7.76126853452297e-06, 1.3202043191995472e-05, 1.6736397810745984e-05, 2.7925665563088842e-05, 2.8704531359835528e-05, 2.589769610494841e-05, 2.386013511568308e-05, 2.91252708848333e-05, 3.944029231206514e-05, 3.878749703289941e-05], "lowlevel.melbands.stdev": [0.040188562124967575, 0.013078272342681885, 0.0030339693184942007, 0.0006181389908306301, 0.00040684742270968854, 0.00045468041207641363, 0.0002577643608674407, 0.0003511518007144332, 0.00012414486263878644, 9.063041943591088e-05, 9.749873424880207e-05, 0.0001539221848361194, 0.0002451748005114496, 0.00017016138008330017, 8.903042180463672e-05, 6.779854447813705e-05, 6.242319068405777e-05, 4.549739969661459e-05, 3.3947202609851956e-05, 3.1896277505438775e-05, 3.0377856091945432e-05, 3.1369861972052604e-05, 3.396143074496649e-05, 2.9027371056145057e-05, 2.3807873731129803e-05, 2.7773179681389593e-05, 2.4470355128869414e-05, 2.4508157366653904e-05, 1.8938317225547507e-05, 1.9289669580757618e-05, 1.5992429325706325e-05, 2.7455733288661577e-05, 3.647142511908896e-05, 6.677611963823438e-05, 6.794596993131563e-05, 6.31317961961031e-05, 5.889466410735622e-05, 5.818817226099782e-05, 6.427736661862582e-05, 6.430810753954574e-05], "lowlevel.melbands128.mean": [0.012939119711518288, 0.03623966500163078, 0.024121416732668877, 0.009562237188220024, 0.0030915532261133194, 0.0013525267131626606, 0.001113799517042935, 0.000811187841463834, 0.00031595522887073457, 0.00010940758511424065, 6.238625064725056e-05, 8.759895717957988e-05, 0.0002313352597411722, 0.00028166070114821196, 0.00018964467744808644, 9.810493793338537e-05, 5.172974124434404e-05, 6.194358138600364e-05, 0.00010436776210553944, 9.68604872468859e-05, 6.11487339483574e-05, 3.693611506605521e-05, 3.967036900576204e-05, 4.751536835101433e-05, 3.631401341408491e-05, 2.5147513952106237e-05, 2.6616946342983283e-05, 2.5622850444051437e-05, 2.1025334717705846e-05, 2.697806485230103e-05, 4.640998304239474e-05, 7.254730735439807e-05, 6.743120320606977e-05, 6.078744263504632e-05, 5.669598976965062e-05, 5.0264243327546865e-05, 3.714703780133277e-05, 3.233572715544142e-05, 2.1261752408463508e-05, 2.216415487055201e-05, 2.3914777557365596e-05, 2.009177660511341e-05, 1.8606420780997723e-05, 1.899847666209098e-05, 1.683421214693226e-05, 1.3779485925624613e-05, 1.3848831258655991e-05, 1.4500382349069696e-05, 1.2603968571056612e-05, 1.3311058864928782e-05, 1.3533969649870414e-05, 1.2583467650983948e-05, 1.1492084013298154e-05, 1.2660422726185061e-05, 1.2443723790056538e-05, 1.556618735776283e-05, 1.3026580745645333e-05, 1.4513066162180621e-05, 2.029234565270599e-05, 1.731386873871088e-05, 1.4233110960049089e-05, 1.3411779946181923e-05, 1.0821196156030055e-05, 9.710660378914326e-06, 9.73985606833594e-06, 1.0741530786617659e-05, 9.412492545379791e-06, 9.896153642330319e-06, 9.804974069993477e-06, 1.1498574167490005e-05, 1.050761329679517e-05, 9.4430715762428e-06, 9.243023669114336e-06, 8.902362424123567e-06, 8.25471943244338e-06, 1.0638972526066937e-05, 9.286233762395568e-06, 6.862635473225964e-06, 8.307443749799859e-06, 6.814883363404078e-06, 1.1536658348632045e-05, 1.729764335323125e-05, 1.4846999874862377e-05, 1.6535783288418315e-05, 1.7936379663296975e-05, 2.1864858354092576e-05, 3.507417568471283e-05, 3.31008923240006e-05, 2.4499335268046707e-05, 2.9372982680797577e-05, 2.893303280870896e-05, 2.1922061932855286e-05, 2.6260579033987597e-05, 2.477379166521132e-05, 2.0392801161506213e-05, 2.754502565949224e-05, 3.042750176973641e-05, 3.1525185477221385e-05, 3.981052213930525e-05, 4.5104738092049956e-05, 4.0173799789045006e-05, 4.091267328476533e-05, 3.1052783015184104e-05, 3.294479756732471e-05, 2.19308421947062e-05, 1.7858688806882128e-05, 2.1434358131955378e-05, 2.0930601749569178e-05, 1.9006420188816264e-05, 1.3007472261961084e-05, 1.2447990229702555e-05, 1.060962586052483e-05, 1.3755911822954658e-05, 1.3952897461422253e-05, 9.755930477695074e-06, 7.598498996230774e-06, 7.496470516343834e-06, 2.662371571204858e-06, 8.06539190989497e-08, 3.624150285430616e-11, 1.9909386639316295e-11, 1.8445656460586157e-11, 1.773075783417788e-11, 1.660239133671748e-11, 1.4639232534530144e-11, 1.1578803020551032e-11, 1.00014710055496e-11, 9.694704240781338e-12], "lowlevel.melbands128.stdev": [0.02059534378349781, 0.06235220655798912, 0.044660646468400955, 0.027011249214410782, 0.012910542078316212, 0.005519846919924021, 0.004042490851134062, 0.0027889483608305454, 0.0013226424343883991, 0.000498721725307405, 0.00022227191948331892, 0.0002524140290915966, 0.0006517027504742146, 0.0006723469705320895, 0.0006105306092649698, 0.0005756086320616305, 0.000324961292790249, 0.00023343887005466968, 0.0005304783117026091, 0.0005171304801478982, 0.0003964240604545921, 0.0001766921195667237, 0.00013391324318945408, 0.0001717505365377292, 0.00013089855201542377, 8.024040289456025e-05, 0.00011042955156881362, 0.0001413473510183394, 7.823799387551844e-05, 0.00011039984383387491, 0.00019524879462551326, 0.0003311742621008307, 0.00028942362405359745, 0.0002482143172528595, 0.00021828875469509512, 0.00019721235730685294, 0.0001285517355427146, 0.00011494714271975681, 7.429738616338e-05, 7.722518057562411e-05, 8.427659486187622e-05, 6.96976130711846e-05, 6.924384069861844e-05, 8.266798977274448e-05, 6.2334249378182e-05, 4.912032454740256e-05, 4.15754402638413e-05, 4.375488788355142e-05, 3.429946445976384e-05, 3.845155151793733e-05, 3.767260204767808e-05, 3.8979167584329844e-05, 3.312657281639986e-05, 3.5660799767356366e-05, 3.270172601332888e-05, 4.062284642714076e-05, 3.370467675267719e-05, 3.5196080716559663e-05, 4.657013050746173e-05, 3.856927287415601e-05, 3.0594663257943466e-05, 3.397715408937074e-05, 2.557036350481212e-05, 2.4165388822439127e-05, 3.089084566454403e-05, 3.3708820410538465e-05, 3.1185390980681404e-05, 3.0313893148559146e-05, 2.2749729396309704e-05, 2.8424934498616494e-05, 3.157247192575596e-05, 2.2711496058036573e-05, 2.2027199520380236e-05, 2.0095543732168153e-05, 2.0066197976120748e-05, 2.395249975961633e-05, 2.1196592570049688e-05, 1.5312793038901873e-05, 1.9825676645268686e-05, 1.4963884495955426e-05, 2.522847535146866e-05, 4.175721187493764e-05, 3.311060936539434e-05, 3.877523704431951e-05, 4.65886369056534e-05, 5.319582487572916e-05, 9.17176585062407e-05, 8.500578405801207e-05, 6.228042911970988e-05, 7.596849172841758e-05, 7.204242137959227e-05, 5.9586993302218616e-05, 7.53851345507428e-05, 6.843107257736847e-05, 5.2158418839098886e-05, 5.88463808526285e-05, 7.019911572569981e-05, 6.230980216059834e-05, 6.785953883081675e-05, 7.881481724325567e-05, 7.155567436711863e-05, 7.233092037495226e-05, 5.460379543364979e-05, 6.09545641054865e-05, 3.809108602581546e-05, 2.959786434075795e-05, 3.868088606395759e-05, 3.6904133594362065e-05, 3.300802563899197e-05, 2.2347259800881147e-05, 2.2040792828192934e-05, 1.601085750735365e-05, 2.1295823898981325e-05, 2.029101233347319e-05, 1.5518578948103823e-05, 1.1821634871012066e-05, 1.1414362234063447e-05, 4.5421575123327784e-06, 3.778080213123758e-07, 2.2287593992587063e-10, 1.7042386946108934e-10, 1.599759352766128e-10, 1.6115324352750093e-10, 1.434585505943886e-10, 1.068804211801222e-10, 4.3613924971541707e-11, 2.1222365878537097e-11, 2.045972245789951e-11], "lowlevel.mfcc.mean": [-652.5035400390625, 43.67445755004883, 57.07306671142578, 27.687658309936523, 33.99665069580078, 13.664926528930664, 14.79444694519043, 11.276934623718262, 6.7757768630981445, 6.660151481628418, 9.026702880859375, 7.926412105560303, 9.896224021911621], "lowlevel.spectral_contrast_coeffs.mean": [-0.7341775894165039, -0.7910627126693726, -0.8347647786140442, -0.8236664533615112, -0.8023333549499512, -0.79122394323349], "lowlevel.spectral_contrast_coeffs.stdev": [0.0783822238445282, 0.07499191910028458, 0.05203572288155556, 0.05088607221841812, 0.04744406044483185, 0.03608762472867966], "lowlevel.spectral_contrast_valleys.mean": [-6.946859836578369, -7.636383056640625, -8.140298843383789, -8.122037887573242, -7.585324764251709, -8.803024291992188], "lowlevel.spectral_contrast_valleys.stdev": [0.8248597383499146, 0.796517550945282, 1.0724899768829346, 0.9152065515518188, 0.8698327541351318, 0.9237051010131836], "rhythm.beats_loudness_band_ratio.mean": [0.5211139917373657, 0.04917936399579048, 0.02950153313577175, 0.042731281369924545, 0.04900198429822922, 0.3186308443546295], "rhythm.beats_loudness_band_ratio.stdev": [0.2856115400791168, 0.11777076125144958, 0.07727856189012527, 0.04206089302897453, 0.041437480598688126, 0.22979997098445892], "tonal.hpcp.mean": [0.04229210689663887, 0.04447617009282112, 0.04408753663301468, 0.0733998492360115, 0.07966094464063644, 0.04910534620285034, 0.04119265824556351, 0.03155102580785751, 0.0210702084004879, 0.023097975179553032, 0.02178783342242241, 0.024181896820664406, 0.027865253388881683, 0.02853580005466938, 0.03644825518131256, 0.10290297120809555, 0.14976832270622253, 0.11636936664581299, 0.090005062520504, 0.08835263550281525, 0.1234755888581276, 0.21620766818523407, 0.3002077341079712, 0.25274527072906494, 0.21185587346553802, 0.18129931390285492, 0.08581572771072388, 0.03901023790240288, 0.02856561727821827, 0.030173996463418007, 0.027312498539686203, 0.02426355890929699, 0.023271776735782623, 0.022421129047870636, 0.02278904989361763, 0.029377752915024757], "tonal.hpcp.stdev": [0.16214899718761444, 0.17009583115577698, 0.1580856442451477, 0.21241743862628937, 0.217666894197464, 0.15496647357940674, 0.15503448247909546, 0.12628504633903503, 0.08425375074148178, 0.0931718647480011, 0.08166566491127014, 0.10136403143405914, 0.11626452207565308, 0.11539782583713531, 0.12353119254112244, 0.23117366433143616, 0.315750390291214, 0.24353843927383423, 0.21994206309318542, 0.21237821877002716, 0.2600998878479004, 0.33914613723754883, 0.40428054332733154, 0.3603171706199646, 0.3387516140937805, 0.3408633768558502, 0.2178002893924713, 0.14749111235141754, 0.12015197426080704, 0.1329033374786377, 0.11765016615390778, 0.10963621735572815, 0.10576518625020981, 0.10602579265832901, 0.10450517386198044, 0.12325337529182434], "rhythm.beats_position": [0.6617686748504639, 1.3467572927474976, 2.0201361179351807, 2.705124616622925, 3.3785033226013184, 4.0634918212890625, 4.748480796813965, 5.433469295501709, 6.118457794189453, 6.8034467697143555, 7.47682523727417, 8.150203704833984, 8.835192680358887, 9.520181655883789, 10.205169677734375, 10.890158653259277, 11.56353759765625, 12.236915588378906, 12.933514595031738, 13.606893539428711, 14.291881561279297, 14.9768705368042, 15.650249481201172, 16.335237503051758, 17.020225524902344, 17.693605422973633, 18.37859344482422, 19.063581466674805, 19.736961364746094, 20.42194938659668, 21.1069393157959, 21.780317306518555, 22.46530532836914, 23.15029525756836, 23.835283279418945, 24.52027130126953, 25.19365119934082, 25.878639221191406, 26.563627243041992, 27.23700714111328, 27.921995162963867, 28.606983184814453, 29.291973114013672, 29.976961135864258, 30.650339126586914, 31.335329055786133, 32.02031707763672, 32.70530700683594, 33.39029312133789, 34.06367111206055, 34.73705291748047, 35.42203903198242, 36.10702896118164, 36.7804069519043, 37.465396881103516, 38.15038299560547, 38.82376480102539, 39.520362854003906], "rhythm.bpm_histogram": [0.0, 0.0, 0.0, 0.0, 0.0, 0.0, 0.0, 0.0, 0.0, 0.0, 0.0, 0.0, 0.0, 0.0, 0.0, 0.0, 0.0, 0.0, 0.0, 0.0, 0.0, 0.0, 0.0, 0.0, 0.0, 0.0, 0.0, 0.0, 0.0, 0.0, 0.0, 0.0, 0.0, 0.0, 0.0, 0.0, 0.0, 0.0, 0.0, 0.0, 0.0, 0.0, 0.0, 0.0, 0.0, 0.0, 0.0, 0.0, 0.0, 0.0, 0.0, 0.0, 0.0, 0.0, 0.0, 0.0, 0.0, 0.0, 0.0, 0.0, 0.0, 0.0, 0.0, 0.0, 0.0, 0.0, 0.0, 0.0, 0.0, 0.0, 0.0, 0.0, 0.0, 0.0, 0.0, 0.0, 0.0, 0.0, 0.0, 0.0, 0.0, 0.0, 0.0, 0.0, 0.0, 0.0, 0.035087719559669495, 0.0, 0.6491228342056274, 0.31578946113586426, 0.0, 0.0, 0.0, 0.0, 0.0, 0.0, 0.0, 0.0, 0.0, 0.0, 0.0, 0.0, 0.0, 0.0, 0.0, 0.0, 0.0, 0.0, 0.0, 0.0, 0.0, 0.0, 0.0, 0.0, 0.0, 0.0, 0.0, 0.0, 0.0, 0.0, 0.0, 0.0, 0.0, 0.0, 0.0, 0.0, 0.0, 0.0, 0.0, 0.0, 0.0, 0.0, 0.0, 0.0, 0.0, 0.0, 0.0, 0.0, 0.0, 0.0, 0.0, 0.0, 0.0, 0.0, 0.0, 0.0, 0.0, 0.0, 0.0, 0.0, 0.0, 0.0, 0.0, 0.0, 0.0, 0.0, 0.0, 0.0, 0.0, 0.0, 0.0, 0.0, 0.0, 0.0, 0.0, 0.0, 0.0, 0.0, 0.0, 0.0, 0.0, 0.0, 0.0, 0.0, 0.0, 0.0, 0.0, 0.0, 0.0, 0.0, 0.0, 0.0, 0.0, 0.0, 0.0, 0.0, 0.0, 0.0, 0.0, 0.0, 0.0, 0.0, 0.0, 0.0, 0.0, 0.0, 0.0, 0.0, 0.0, 0.0, 0.0, 0.0, 0.0, 0.0, 0.0, 0.0, 0.0, 0.0, 0.0, 0.0, 0.0, 0.0, 0.0, 0.0, 0.0, 0.0, 0.0, 0.0, 0.0, 0.0, 0.0, 0.0, 0.0, 0.0, 0.0, 0.0, 0.0, 0.0, 0.0, 0.0, 0.0, 0.0, 0.0, 0.0, 0.0, 0.0, 0.0, 0.0, 0.0, 0.0, 0.0, 0.0, 0.0, 0.0, 0.0, 0.0, 0.0, 0.0, 0.0, 0.0], "tonal.chords_histogram": [6.373116970062256, 13.325608253479004, 3.9397451877593994, 0.0, 0.0, 0.0, 0.0, 1.8539977073669434, 4.287369728088379, 11.355735778808594, 0.0, 0.0, 0.23174971342086792, 0.0, 3.0127463340759277, 0.11587485671043396, 13.09385871887207, 0.5793742537498474, 0.0, 0.0, 0.0, 31.40208625793457, 7.879490375518799, 2.5492467880249023], "tonal.thpcp": [1.0, 0.8419012427330017, 0.7056975960731506, 0.603912889957428, 0.2858544886112213, 0.12994414567947388, 0.0951528325676918, 0.10051038861274719, 0.09097866714000702, 0.08082256466150284, 0.07751891016960144, 0.07468537986278534, 0.07591093331575394, 0.09785807877779007, 0.1408761441707611, 0.14815130829811096, 0.14685676991939545, 0.24449686706066132, 0.265352725982666, 0.16357122361660004, 0.1372138410806656, 0.10509730875492096, 0.07018543034791946, 0.07693997025489807, 0.07257585972547531, 0.08055054396390915, 0.09281990677118301, 0.09505351632833481, 0.12141011655330658, 0.34277254343032837, 0.4988822937011719, 0.3876294791698456, 0.2998092770576477, 0.2943049967288971, 0.4113004803657532, 0.7201935052871704], "lowlevel.gfcc.cov": [[4721.2685546875, -405.368896484375, -761.4564819335938, -167.5218048095703, -45.69488525390625, 350.4476623535156, 128.09564208984375, 222.37266540527344, 12.529568672180176, 85.9978256225586, 72.76300048828125, 92.33765411376953, 45.85017013549805], [-405.368896484375, 1728.1446533203125, 25.06364631652832, -307.5718994140625, 145.15512084960938, -229.62588500976562, 39.444114685058594, -14.714338302612305, -71.48786163330078, -140.6153106689453, 70.70207214355469, -18.493629455566406, -58.29864501953125], [-761.4564819335938, 25.06364631652832, 931.5022583007812, 344.51922607421875, 3.281581401824951, -36.07887649536133, -104.52485656738281, -123.25277709960938, 23.281278610229492, 10.751029968261719, -60.68478012084961, -37.158103942871094, 6.98798131942749], [-167.5218048095703, -307.5718994140625, 344.51922607421875, 665.0419311523438, 114.62922668457031, 15.983757972717285, -104.41270446777344, -53.55206298828125, 115.97179412841797, 55.07714080810547, -6.687107086181641, 31.0830135345459, 74.22078704833984], [-45.69488525390625, 145.15512084960938, 3.281581401824951, 114.62922668457031, 329.2567443847656, 64.80123901367188, 54.40350341796875, 41.711891174316406, 33.05488204956055, 25.11773109436035, -2.5513155460357666, 21.875139236450195, 40.05143737792969], [350.4476623535156, -229.62588500976562, -36.07887649536133, 15.983757972717285, 64.80123901367188, 448.6622619628906, 352.9273681640625, 79.14556884765625, 54.484832763671875, 89.24368286132812, 10.623467445373535, -1.6929665803909302, 40.28324890136719], [128.09564208984375, 39.444114685058594, -104.52485656738281, -104.41270446777344, 54.40350341796875, 352.9273681640625, 516.512451171875, 152.93592834472656, 28.46826934814453, 60.52783203125, 46.63738250732422, 17.499065399169922, 29.91069984436035], [222.37266540527344, -14.714338302612305, -123.25277709960938, -53.55206298828125, 41.711891174316406, 79.14556884765625, 152.93592834472656, 174.11119079589844, 50.581443786621094, 14.378798484802246, 36.91619873046875, 17.835256576538086, 13.193132400512695], [12.529568672180176, -71.48786163330078, 23.281278610229492, 115.97179412841797, 33.05488204956055, 54.484832763671875, 28.46826934814453, 50.581443786621094, 159.7337646484375, 83.00152587890625, 23.28328514099121, 22.199094772338867, 36.200904846191406], [85.9978256225586, -140.6153106689453, 10.751029968261719, 55.07714080810547, 25.11773109436035, 89.24368286132812, 60.52783203125, 14.378798484802246, 83.00152587890625, 143.551025390625, 32.77511978149414, 13.399908065795898, 36.08316421508789], [72.76300048828125, 70.70207214355469, -60.68478012084961, -6.687107086181641, -2.5513155460357666, 10.623467445373535, 46.63738250732422, 36.91619873046875, 23.28328514099121, 32.77511978149414, 106.93279266357422, 51.72401809692383, 14.999002456665039], [92.33765411376953, -18.493629455566406, -37.158103942871094, 31.0830135345459, 21.875139236450195, -1.6929665803909302, 17.499065399169922, 17.835256576538086, 22.199094772338867, 13.399908065795898, 51.72401809692383, 105.93818664550781, 60.59328842163086], [45.85017013549805, -58.29864501953125, 6.98798131942749, 74.22078704833984, 40.05143737792969, 40.28324890136719, 29.91069984436035, 13.193132400512695, 36.200904846191406, 36.08316421508789, 14.999002456665039, 60.59328842163086, 94.11991882324219]], "lowlevel.gfcc.icov": [[0.00031269522150978446, -9.819456317927688e-05, 0.00024616470909677446, -0.00012943717592861503, 0.00023881682136561722, -0.0006254467880353332, 0.0005506188608705997, -0.0006510817329399288, 0.00045281535130925477, -0.00040463617187924683, 0.0002777824702206999, -0.0005100791458971798, 0.00021806880249641836], [-9.819456317927688e-05, 0.0012068666983395815, -0.0003712080651894212, 0.0008643620531074703, -0.0011504576541483402, 0.0013956920010969043, -0.0012131084222346544, 0.001452030846849084, -0.0012245036195963621, 0.001811927417293191, -0.001935283187776804, 0.001470172661356628, -0.0006462326273322105], [0.00024616470909677446, -0.0003712080651894212, 0.0017678117146715522, -0.0011037972290068865, 0.000599246530327946, -0.000533171696588397, 0.00034090920235030353, 3.557598756742664e-05, 0.0005432858015410602, -0.0007730061188340187, 0.0011324125807732344, -0.0002979898126795888, 0.0003479693259578198], [-0.00012943717592861503, 0.0008643620531074703, -0.0011037972290068865, 0.0032523612026125193, -0.001574839698150754, 0.0005585855687968433, -0.0001791253307601437, 0.0017688301159068942, -0.0026679744478315115, 0.0019203193951398134, -0.001915354747325182, 0.0013289136113598943, -0.0019046156667172909], [0.00023881682136561722, -0.0011504576541483402, 0.000599246530327946, -0.001574839698150754, 0.004720262251794338, -0.0017651410307735205, 0.0012998308520764112, -0.0026369469705969095, 0.0017501277616247535, -0.0021843379363417625, 0.0026956419460475445, -0.00195378833450377, 6.436055264202878e-05], [-0.0006254467880353332, 0.0013956920010969043, -0.000533171696588397, 0.0005585855687968433, -0.0017651410307735205, 0.00838454533368349, -0.00644008768722415, 0.0036901773419231176, -0.002499557565897703, 0.0009258387726731598, -0.0012899553403258324, 0.003576728282496333, -0.0020304464269429445], [0.0005506188608705997, -0.0012131084222346544, 0.00034090920235030353, -0.0001791253307601437, 0.0012998308520764112, -0.00644008768722415, 0.007942943833768368, -0.005688273347914219, 0.003118927823379636, -0.0024594927672296762, 0.0009526077192276716, -0.002492598257958889, 0.0007688438636250794], [-0.0006510817329399288, 0.001452030846849084, 3.557598756742664e-05, 0.0017688301159068942, -0.0026369469705969095, 0.0036901773419231176, -0.005688273347914219, 0.013507338240742683, -0.006823563948273659, 0.005472871009260416, -0.004699356853961945, 0.0036408607847988605, -0.0017925746506080031], [0.00045281535130925477, -0.0012245036195963621, 0.0005432858015410602, -0.0026679744478315115, 0.0017501277616247535, -0.002499557565897703, 0.003118927823379636, -0.006823563948273659, 0.013847208581864834, -0.008462847210466862, 0.0029069113079458475, -0.0031406162306666374, 0.0008519822149537504], [-0.00040463617187924683, 0.001811927417293191, -0.0007730061188340187, 0.0019203193951398134, -0.0021843379363417625, 0.0009258387726731598, -0.0024594927672296762, 0.005472871009260416, -0.008462847210466862, 0.01595010980963707, -0.007518330123275518, 0.006216828245669603, -0.005253805313259363], [0.0002777824702206999, -0.001935283187776804, 0.0011324125807732344, -0.001915354747325182, 0.0026956419460475445, -0.0012899553403258324, 0.0009526077192276716, -0.004699356853961945, 0.0029069113079458475, -0.007518330123275518, 0.01903253234922886, -0.012196355499327183, 0.006436374504119158], [-0.0005100791458971798, 0.001470172661356628, -0.0002979898126795888, 0.0013289136113598943, -0.00195378833450377, 0.003576728282496333, -0.002492598257958889, 0.0036408607847988605, -0.0031406162306666374, 0.006216828245669603, -0.012196355499327183, 0.024463651701807976, -0.015265559777617455], [0.00021806880249641836, -0.0006462326273322105, 0.0003479693259578198, -0.0019046156667172909, 6.436055264202878e-05, -0.0020304464269429445, 0.0007688438636250794, -0.0017925746506080031, 0.0008519822149537504, -0.005253805313259363, 0.006436374504119158, -0.015265559777617455, 0.022931473329663277]], "lowlevel.mfcc.cov": [[5331.05126953125, -523.47021484375, -809.0931396484375, -459.4698791503906, -158.50732421875, 27.334354400634766, 167.0542449951172, 182.47756958007812, 86.63851928710938, 67.46675872802734, 134.27081298828125, 51.42585754394531, 105.8386459350586], [-523.47021484375, 1792.819091796875, -180.86680603027344, -118.9232177734375, -54.76140213012695, -240.32498168945312, 97.56062316894531, 25.309707641601562, -108.43224334716797, -116.38143920898438, -12.960338592529297, 20.137619018554688, -82.83577728271484], [-809.0931396484375, -180.86680603027344, 879.701171875, 260.54638671875, 84.66423797607422, 114.73796081542969, -103.94737243652344, -84.82206726074219, -16.035762786865234, 11.938431739807129, -50.592350006103516, -29.622732162475586, 1.653960943222046], [-459.4698791503906, -118.9232177734375, 260.54638671875, 539.392822265625, 278.53948974609375, 3.9998178482055664, -152.63626098632812, -70.03378295898438, -30.917739868164062, -36.30630111694336, -64.29888153076172, -5.5011067390441895, 15.511303901672363], [-158.50732421875, -54.76140213012695, 84.66423797607422, 278.53948974609375, 368.70806884765625, 15.384352684020996, -139.1989288330078, -70.39684295654297, -18.339351654052734, -29.275184631347656, -47.66850662231445, -3.878680467605591, -4.480785369873047], [27.334354400634766, -240.32498168945312, 114.73796081542969, 3.9998178482055664, 15.384352684020996, 369.98944091796875, 141.35446166992188, 50.84375, 141.23118591308594, 84.08515167236328, 70.67400360107422, 16.985767364501953, 26.954118728637695], [167.0542449951172, 97.56062316894531, -103.94737243652344, -152.63626098632812, -139.1989288330078, 141.35446166992188, 334.5711669921875, 167.0623779296875, 99.68851470947266, 67.05196380615234, 86.32566833496094, 22.258522033691406, 8.213698387145996], [182.47756958007812, 25.309707641601562, -84.82206726074219, -70.03378295898438, -70.39684295654297, 50.84375, 167.0623779296875, 210.3059539794922, 86.28230285644531, 47.96147537231445, 40.102108001708984, 27.376209259033203, 25.359350204467773], [86.63851928710938, -108.43224334716797, -16.035762786865234, -30.917739868164062, -18.339351654052734, 141.23118591308594, 99.68851470947266, 86.28230285644531, 193.27828979492188, 90.15331268310547, 58.291316986083984, 17.38229751586914, 41.605648040771484], [67.46675872802734, -116.38143920898438, 11.938431739807129, -36.30630111694336, -29.275184631347656, 84.08515167236328, 67.05196380615234, 47.96147537231445, 90.15331268310547, 145.17935180664062, 75.06234741210938, 23.542137145996094, 10.913496971130371], [134.27081298828125, -12.960338592529297, -50.592350006103516, -64.29888153076172, -47.66850662231445, 70.67400360107422, 86.32566833496094, 40.102108001708984, 58.291316986083984, 75.06234741210938, 128.21031188964844, 43.34224319458008, 11.647253036499023], [51.42585754394531, 20.137619018554688, -29.622732162475586, -5.5011067390441895, -3.878680467605591, 16.985767364501953, 22.258522033691406, 27.376209259033203, 17.38229751586914, 23.542137145996094, 43.34224319458008, 86.78768920898438, 31.271236419677734], [105.8386459350586, -82.83577728271484, 1.653960943222046, 15.511303901672363, -4.480785369873047, 26.954118728637695, 8.213698387145996, 25.359350204467773, 41.605648040771484, 10.913496971130371, 11.647253036499023, 31.271236419677734, 88.71703338623047]], "lowlevel.mfcc.icov": [[0.0002488061727490276, 9.344677528133616e-05, 0.000193146537640132, 0.00017019614460878074, -8.332723518833518e-05, -1.3612961083708797e-05, 3.173005461576395e-05, -0.00014655845006927848, 0.0001253244699910283, 2.4792127078399062e-05, -0.0001674421364441514, 9.657212649472058e-05, -0.00027792740729637444], [9.344677528133616e-05, 0.0007762456079944968, 3.1937743187882006e-05, 0.00016143608081620187, -0.00018600770272314548, 0.0006178717594593763, -0.0006040736334398389, 8.150618668878451e-05, -0.00011338824697304517, 0.0006748719024471939, -0.00018406928575132042, -0.0004949565627612174, 0.0005887819570489228], [0.000193146537640132, 3.1937743187882006e-05, 0.001723439316265285, -0.0007126745185814798, 0.0004973428440280259, -0.0008779773488640785, 0.00044308637734502554, 0.0001285421894863248, 0.0005452349432744086, -0.0006526747019961476, 0.00048252270789816976, 0.0003846619511023164, -0.0002683713682927191], [0.00017019614460878074, 0.00016143608081620187, -0.0007126745185814798, 0.0037982244975864887, -0.0025367846246808767, 0.00021441889111883938, 0.0002814195759128779, -0.00037172780139371753, 0.00020980462431907654, 0.0002728545805439353, 0.00020136403327342123, -0.00013345810293685645, -0.0009275230695493519], [-8.332723518833518e-05, -0.00018600770272314548, 0.0004973428440280259, -0.0025367846246808767, 0.005213788244873285, -0.0011249693343415856, 0.0016066242242231965, 0.00017046120774466544, -0.0004231767961755395, 4.280137727619149e-05, 0.0006758131203241646, -0.0005609851214103401, 0.0010698449332267046], [-1.3612961083708797e-05, 0.0006178717594593763, -0.0008779773488640785, 0.00021441889111883938, -0.0011249693343415856, 0.005519374273717403, -0.00284252455458045, 0.0015321754617616534, -0.002961823483929038, 0.0003888603241648525, -0.0009429403580725193, -0.000451128464192152, 0.000287495058728382], [3.173005461576395e-05, -0.0006040736334398389, 0.00044308637734502554, 0.0002814195759128779, 0.0016066242242231965, -0.00284252455458045, 0.008035548031330109, -0.004808690398931503, 0.0003502378531266004, 4.337682912591845e-05, -0.002147059887647629, 0.001139019732363522, 0.0006268098368309438], [-0.00014655845006927848, 8.150618668878451e-05, 0.0001285421894863248, -0.00037172780139371753, 0.00017046120774466544, 0.0015321754617616534, -0.004808690398931503, 0.00957154855132103, -0.0027962145395576954, -0.0006150695262476802, 0.0018392204074189067, -0.001967123243957758, -0.0005952161154709756], [0.0001253244699910283, -0.00011338824697304517, 0.0005452349432744086, 0.00020980462431907654, -0.0004231767961755395, -0.002961823483929038, 0.0003502378531266004, -0.0027962145395576954, 0.011287828907370567, -0.004512092098593712, -0.0005821770755574107, 0.002238562796264887, -0.004108104854822159], [2.4792127078399062e-05, 0.0006748719024471939, -0.0006526747019961476, 0.0002728545805439353, 4.280137727619149e-05, 0.0003888603241648525, 4.337682912591845e-05, -0.0006150695262476802, -0.004512092098593712, 0.013242077082395554, -0.005712880287319422, -0.0008852524333633482, 0.0021699562203139067], [-0.0001674421364441514, -0.00018406928575132042, 0.00048252270789816976, 0.00020136403327342123, 0.0006758131203241646, -0.0009429403580725193, -0.002147059887647629, 0.0018392204074189067, -0.0005821770755574107, -0.005712880287319422, 0.01539488323032856, -0.005879256874322891, 0.0010043606162071228], [9.657212649472058e-05, -0.0004949565627612174, 0.0003846619511023164, -0.00013345810293685645, -0.0005609851214103401, -0.000451128464192152, 0.001139019732363522, -0.001967123243957758, 0.002238562796264887, -0.0008852524333633482, -0.005879256874322891, 0.017046727240085602, -0.006173363421112299], [-0.00027792740729637444, 0.0005887819570489228, -0.0002683713682927191, -0.0009275230695493519, 0.0010698449332267046, 0.000287495058728382, 0.0006268098368309438, -0.0005952161154709756, -0.004108104854822159, 0.0021699562203139067, 0.0010043606162071228, -0.006173363421112299, 0.01610286347568035]], "metadata.audio_properties.analysis.downmix": "mix", "metadata.audio_properties.codec": "mp3", "metadata.audio_properties.md5_encoded": "18b357bf2461a4c51a7c2e425bfc11a7", "metadata.tags.file_name": "1183700658247979008.mp3", "metadata.version.essentia": "2.1-beta6-dev", "metadata.version.essentia_git_sha": "v2.1_beta5-1110-g77a6a954", "metadata.version.extractor": "music 2.0", "tonal.chords_key": "Bb", "tonal.chords