{"song_id": "1183690052853846036", "download": "https://cdn.discordapp.com/attachments/1135903449314238464/1183690052853846036/chirp.mp4?ex=65894044&amp", "lyrics": "[verse]\nIn a world of work, where friendships are formed\nFive years ago, at Huan Yu we adorned\nShouldering burdens, side by side we stood\nBuilding bonds of trust, like friendship's wood\n\n[chorus]\nOh, the memories we shared, the laughter we found\nIn the halls of Huan Yu, where fates were bound\nThrough hard work and hardships, our spirits grew strong\nFriends at Huan Yu, our camaraderie lives on", "style": ["random"], "essentia_features": {"lowlevel.average_loudness": 0.8798801898956299, "lowlevel.barkbands_crest.mean": 14.729533195495605, "lowlevel.barkbands_crest.stdev": 5.213542938232422, "lowlevel.barkbands_flatness_db.mean": 0.22042961418628693, "lowlevel.barkbands_flatness_db.stdev": 0.0663662850856781, "lowlevel.barkbands_kurtosis.mean": 14.334301948547363, "lowlevel.barkbands_kurtosis.stdev": 23.122507095336914, "lowlevel.barkbands_skewness.mean": 2.540982723236084, "lowlevel.barkbands_skewness.stdev": 1.999349594116211, "lowlevel.barkbands_spread.mean": 12.764775276184082, "lowlevel.barkbands_spread.stdev": 14.998037338256836, "lowlevel.dissonance.mean": 0.42789795994758606, "lowlevel.dissonance.stdev": 0.03981996700167656, "lowlevel.dynamic_complexity": 3.572183132171631, "lowlevel.erbbands_crest.mean": 13.421496391296387, "lowlevel.erbbands_crest.stdev": 5.759843349456787, "lowlevel.erbbands_flatness_db.mean": 0.1978820413351059, "lowlevel.erbbands_flatness_db.stdev": 0.0668184757232666, "lowlevel.erbbands_kurtosis.mean": 3.4538867473602295, "lowlevel.erbbands_kurtosis.stdev": 4.64671516418457, "lowlevel.erbbands_skewness.mean": 1.0075485706329346, "lowlevel.erbbands_skewness.stdev": 0.9739987850189209, "lowlevel.erbbands_spread.mean": 31.78091812133789, "lowlevel.erbbands_spread.stdev": 26.38519859313965, "lowlevel.hfc.mean": 17.927139282226562, "lowlevel.hfc.stdev": 16.176786422729492, "lowlevel.loudness_ebu128.integrated": -16.480859756469727, "lowlevel.loudness_ebu128.loudness_range": 4.718179702758789, "lowlevel.loudness_ebu128.momentary.mean": -17.814651489257812, "lowlevel.loudness_ebu128.momentary.stdev": 3.7469687461853027, "lowlevel.loudness_ebu128.short_term.mean": -17.05732536315918, "lowlevel.loudness_ebu128.short_term.stdev": 1.8974225521087646, "lowlevel.melbands_crest.mean": 19.64622688293457, "lowlevel.melbands_crest.stdev": 7.44355583190918, "lowlevel.melbands_flatness_db.mean": 0.2885796129703522, "lowlevel.melbands_flatness_db.stdev": 0.08539072424173355, "lowlevel.melbands_kurtosis.mean": 29.789104461669922, "lowlevel.melbands_kurtosis.stdev": 49.86882781982422, "lowlevel.melbands_skewness.mean": 3.360506534576416, "lowlevel.melbands_skewness.stdev": 2.8154757022857666, "lowlevel.melbands_spread.mean": 13.460140228271484, "lowlevel.melbands_spread.stdev": 19.75320816040039, "lowlevel.pitch_salience.mean": 0.435405433177948, "lowlevel.pitch_salience.stdev": 0.14947879314422607, "lowlevel.silence_rate_20dB.mean": 0.958539605140686, "lowlevel.silence_rate_20dB.stdev": 0.19935327768325806, "lowlevel.silence_rate_30dB.mean": 0.7995049357414246, "lowlevel.silence_rate_30dB.stdev": 0.400369256734848, "lowlevel.silence_rate_60dB.mean": 0.12376237660646439, "lowlevel.silence_rate_60dB.stdev": 0.32931283116340637, "lowlevel.spectral_centroid.mean": 889.982666015625, "lowlevel.spectral_centroid.stdev": 615.9706420898438, "lowlevel.spectral_complexity.mean": 11.116336822509766, "lowlevel.spectral_complexity.stdev": 5.42592716217041, "lowlevel.spectral_decrease.mean": -1.6965232774168726e-08, "lowlevel.spectral_decrease.stdev": 2.5406460935073483e-08, "lowlevel.spectral_energy.mean": 0.06565683335065842, "lowlevel.spectral_energy.stdev": 0.09672302007675171, "lowlevel.spectral_energyband_high.mean": 0.0005917370435781777, "lowlevel.spectral_energyband_high.stdev": 0.0012982351472601295, "lowlevel.spectral_energyband_low.mean": 0.04715251922607422, "lowlevel.spectral_energyband_low.stdev": 0.0923396646976471, "lowlevel.spectral_energyband_middle_high.mean": 0.003798544639721513, "lowlevel.spectral_energyband_middle_high.stdev": 0.006048652343451977, "lowlevel.spectral_energyband_middle_low.mean": 0.015038588084280491, "lowlevel.spectral_energyband_middle_low.stdev": 0.01484172698110342, "lowlevel.spectral_entropy.mean": 7.113439559936523, "lowlevel.spectral_entropy.stdev": 0.6110051870346069, "lowlevel.spectral_flux.mean": 0.09287834167480469, "lowlevel.spectral_flux.stdev": 0.10115177184343338, "lowlevel.spectral_kurtosis.mean": 6.763861179351807, "lowlevel.spectral_kurtosis.stdev": 6.712463855743408, "lowlevel.spectral_rms.mean": 0.0064933933317661285, "lowlevel.spectral_rms.stdev": 0.004678807221353054, "lowlevel.spectral_rolloff.mean": 1038.767578125, "lowlevel.spectral_rolloff.stdev": 1931.0819091796875, "lowlevel.spectral_skewness.mean": 1.9799506664276123, "lowlevel.spectral_skewness.stdev": 0.7871328592300415, "lowlevel.spectral_spread.mean": 5031293.0, "lowlevel.spectral_spread.stdev": 2559735.5, "lowlevel.spectral_strongpeak.mean": 1.0304324626922607, "lowlevel.spectral_strongpeak.stdev": 0.9213931560516357, "lowlevel.zerocrossingrate.mean": 0.04411814361810684, "lowlevel.zerocrossingrate.stdev": 0.05028076097369194, "metadata.audio_properties.analysis.equal_loudness": 0.0, "metadata.audio_properties.analysis.length": 37.4826545715332, "metadata.audio_properties.analysis.sample_rate": 44100.0, "metadata.audio_properties.analysis.start_time": 0.0, "metadata.audio_properties.bit_rate": 118592.0, "metadata.audio_properties.length": 37.482666015625, "metadata.audio_properties.lossless": 0.0, "metadata.audio_properties.number_channels": 1.0, "metadata.audio_properties.replay_gain": -8.823280334472656, "metadata.audio_properties.sample_rate": 48000.0, "rhythm.beats_count": 51.0, "rhythm.beats_loudness.mean": 0.12208835035562515, "rhythm.beats_loudness.stdev": 0.14818140864372253, "rhythm.bpm": 82.44188690185547, "rhythm.bpm_histogram_first_peak_bpm": 83.0, "rhythm.bpm_histogram_first_peak_weight": 0.19148939847946167, "rhythm.bpm_histogram_second_peak_bpm": 78.0, "rhythm.bpm_histogram_second_peak_spread": 0.0, "rhythm.bpm_histogram_second_peak_weight": 0.05999999865889549, "rhythm.danceability": 1.3782902956008911, "rhythm.onset_rate": 4.399973392486572, "tonal.chords_changes_rate": 0.025957973673939705, "tonal.chords_number_rate": 0.0074165635742247105, "tonal.chords_strength.mean": 0.5467275381088257, "tonal.chords_strength.stdev": 0.11057189106941223, "tonal.hpcp_crest.mean": 15.846284866333008, "tonal.hpcp_crest.stdev": 6.958466529846191, "tonal.hpcp_entropy.mean": 1.6005233526229858, "tonal.hpcp_entropy.stdev": 0.6226556897163391, "tonal.key_edma.strength": 0.6338764429092407, "tonal.key_krumhansl.strength": 0.6412044167518616, "tonal.key_temperley.strength": 0.6490885019302368, "tonal.tuning_diatonic_strength": 0.522663414478302, "tonal.tuning_equal_tempered_deviation": 0.19956496357917786, "tonal.tuning_frequency": 434.193115234375, "tonal.tuning_nontempered_energy_ratio": 0.9798293113708496, "lowlevel.barkbands.mean": [0.0022826483473181725, 0.04096631705760956, 0.0034033101983368397, 0.0013215939980000257, 0.0036604402121156454, 0.003959419205784798, 0.002397063421085477, 0.002194920787587762, 0.0006237814668565989, 0.0017914464697241783, 0.0008129496709443629, 0.0007274787640199065, 0.00020988582400605083, 0.00014017692592460662, 0.0001381985639454797, 8.508488099323586e-05, 9.332659828942269e-05, 7.501761137973517e-05, 0.00010090476280311123, 0.0001434160367352888, 6.547036173287779e-05, 5.9301426517777145e-05, 9.561848128214478e-05, 0.0001605761790415272, 0.000111441157059744, 3.611788270063698e-05, 8.820790640129417e-07], "lowlevel.barkbands.stdev": [0.00584312342107296, 0.0846533253788948, 0.009158646687865257, 0.0033822059631347656, 0.0058680265210568905, 0.007187773007899523, 0.0065693981014192104, 0.005460240412503481, 0.0021585903596132994, 0.0033912425860762596, 0.0028844287153333426, 0.0021065573673695326, 0.0009101999457925558, 0.0003324484277982265, 0.0004749606014229357, 0.0001988374424399808, 0.0002548701304476708, 0.0001259146665688604, 0.00018557932344265282, 0.0002581548469606787, 0.00017317886522505432, 0.00026433804305270314, 0.00034712839988060296, 0.00041806563967838883, 0.000324401946272701, 0.00010418261808808893, 3.41878694598563e-06], "lowlevel.erbbands.mean": [1.6430362462997437, 7.203866958618164, 5.9063825607299805, 3.618495225906372, 5.59007453918457, 13.560989379882812, 27.632287979125977, 34.0893440246582, 34.36978530883789, 37.65470886230469, 44.338680267333984, 20.373138427734375, 45.77251434326172, 47.44152069091797, 31.802021026611328, 35.18546676635742, 11.368448257446289, 8.837977409362793, 7.901944160461426, 5.198418140411377, 4.926337242126465, 4.153144359588623, 4.153662204742432, 5.454644203186035, 5.231400489807129, 6.691532611846924, 3.855708599090576, 1.9848989248275757, 1.9869096279144287, 2.6063919067382812, 2.657911777496338, 2.660886764526367, 3.009161949157715, 1.6896288394927979, 0.5723019242286682, 0.184010311961174, 0.0651596188545227, 0.007611136417835951, 0.0002001566899707541, 8.038618398131803e-05], "lowlevel.erbbands.stdev": [3.945406913757324, 14.150489807128906, 13.318222045898438, 9.643290519714355, 11.232434272766113, 23.356657028198242, 57.412925720214844, 75.56476593017578, 82.29017639160156, 92.38381958007812, 118.12665557861328, 61.22114562988281, 75.80535888671875, 124.09927368164062, 127.49071502685547, 101.11885833740234, 44.19755172729492, 18.593894958496094, 26.455602645874023, 11.530637741088867, 10.455934524536133, 8.710673332214355, 7.008303165435791, 10.085942268371582, 9.16384506225586, 12.267430305480957, 7.999387741088867, 6.79154109954834, 8.837051391601562, 11.237648963928223, 9.189653396606445, 6.958931922912598, 8.251099586486816, 4.7715582847595215, 1.8391252756118774, 0.6000257134437561, 0.17951872944831848, 0.019857976585626602, 0.0004616721416823566, 0.00010689116606954485], "lowlevel.gfcc.mean": [-41.41189193725586, 102.3853530883789, -101.2975845336914, 9.838764190673828, -71.70128631591797, 10.676684379577637, -34.53372573852539, 18.01017189025879, -29.93465805053711, -0.672414243221283, -2.32285475730896, -2.004378080368042, 3.0610461235046387], "lowlevel.melbands.mean": [0.012762236408889294, 0.005002403631806374, 0.0007035630405880511, 0.0006311999750323594, 0.0009315736242569983, 0.0007410758407786489, 0.0005398633074946702, 0.0004206649318803102, 0.00031642516842111945, 0.00011927360901609063, 0.0002255324652651325, 0.00018979776359628886, 9.506278001936153e-05, 9.948295337380841e-05, 4.7090568841667846e-05, 2.0186600522720255e-05, 1.6051981219789013e-05, 1.1912716217921115e-05, 8.541682291252073e-06, 7.252713658090215e-06, 5.774126748292474e-06, 4.671039732784266e-06, 4.045283276354894e-06, 3.3098158382927068e-06, 4.624853318091482e-06, 3.2689586078049615e-06, 4.807515779248206e-06, 4.261252797732595e-06, 2.665139163582353e-06, 1.6049624491643044e-06, 1.0209661240878631e-06, 1.0472550684426096e-06, 1.2841330772062065e-06, 1.531622615402739e-06, 1.5021748822618974e-06, 1.4972526969359023e-06, 1.7393962252754136e-06, 2.2367096335074166e-06, 1.8253545022162143e-06, 1.2947670029461733e-06], "lowlevel.melbands.stdev": [0.028164871037006378, 0.00939931720495224, 0.0017008200520649552, 0.0009875997202470899, 0.001761097926646471, 0.001530625275336206, 0.0013319861609488726, 0.001009511761367321, 0.0008832631283439696, 0.0004065328394062817, 0.00037963129580020905, 0.000529883720446378, 0.0003738626546692103, 0.0002711519773583859, 0.00015257883933372796, 7.04236445017159e-05, 3.8898106140550226e-05, 3.897016358678229e-05, 2.7482839868753217e-05, 1.871636777650565e-05, 1.514553150627762e-05, 1.2226694707351271e-05, 7.354554327321239e-06, 5.2576101552404e-06, 9.263153515348677e-06, 6.291873887676047e-06, 9.082703400054015e-06, 8.160884135577362e-06, 5.355787834560033e-06, 4.777168669534149e-06, 4.026491751574213e-06, 4.8709180191508494e-06, 5.937630703556351e-06, 6.644025688729016e-06, 5.539548055821797e-06, 4.5154579311201815e-06, 4.594863639795221e-06, 6.306981504167197e-06, 4.912194981443463e-06, 3.900179308402585e-06], "lowlevel.melbands128.mean": [0.0022152757737785578, 0.014198360033333302, 0.01728927716612816, 0.01015530340373516, 0.004003125708550215, 0.001329424325376749, 0.0006281217793002725, 0.0007146918796934187, 0.0005090286722406745, 0.0004862181085627526, 0.0007901394856162369, 0.0009847688488662243, 0.0010934603633359075, 0.0006461934535764158, 0.0009122121846303344, 0.0006918995059095323, 0.0004790601960849017, 0.0005508175236172974, 0.0006019096472300589, 0.00034143636003136635, 0.0003864514292217791, 0.00042127081542275846, 0.00041577775846235454, 5.387435885495506e-05, 9.803818102227524e-05, 0.00014277207083068788, 0.000140921474667266, 0.00036118997377343476, 0.0001050173377734609, 0.00026798370527103543, 0.0002064056316157803, 8.002777758520097e-05, 6.163810758152977e-05, 0.00015880576393101364, 3.8134869100758806e-05, 0.00012589474499691278, 0.0001274326496059075, 1.4752054084965494e-05, 2.7807072910945863e-05, 1.976497696887236e-05, 2.2149848518893123e-05, 1.2093584700778592e-05, 1.6846428479766473e-05, 2.0554118236759678e-05, 5.523575509869261e-06, 1.2334465282037854e-05, 1.7185351680382155e-05, 8.23797563498374e-06, 5.14682506036479e-06, 5.025800874136621e-06, 1.0560940609138925e-05, 5.987750682834303e-06, 2.6832253752218094e-06, 7.557449407613603e-06, 8.64784396981122e-06, 2.6937839265883667e-06, 3.0000562674104003e-06, 4.1829962356132455e-06, 4.565614744933555e-06, 3.988473054050701e-06, 2.47417460741417e-06, 2.668340357558918e-06, 6.347308044496458e-06, 5.104076080897357e-06, 2.392292572039878e-06, 3.139984983135946e-06, 3.999345153715694e-06, 2.948015207948629e-06, 5.648808382829884e-06, 6.641431355092209e-06, 3.5687330637301784e-06, 3.752539214474382e-06, 3.322888005641289e-06, 2.377882765358663e-06, 1.9887856979039498e-06, 1.9754995719267754e-06, 1.279293542211235e-06, 8.147535481839441e-07, 1.0441293625262915e-06, 1.1651826525849174e-06, 9.710289532449679e-07, 9.870028634395567e-07, 1.2326348723945557e-06, 1.3242627119325334e-06, 1.2769418162861257e-06, 1.5713562788732816e-06, 1.6023284388211323e-06, 1.490334852860542e-06, 1.519903321423044e-06, 1.4651915307695162e-06, 1.5988300674507627e-06, 1.5441594314324902e-06, 1.249244405698846e-06, 1.4184932979333098e-06, 2.325180048501352e-06, 2.397929847575142e-06, 2.087925849991734e-06, 2.2165356767800404e-06, 1.8734129980657599e-06, 1.5806781448191032e-06, 1.6559697542106733e-06, 1.1997406090813456e-06, 9.777744480743422e-07, 7.403459676424973e-07, 6.496809419331839e-07, 4.5659419356525177e-07, 3.948177607071557e-07, 4.0106144183482684e-07, 2.8533622753457166e-07, 2.3987487907106697e-07, 2.2716733383276733e-07, 2.145507522754997e-07, 2.5112183266173815e-07, 1.7967458632028865e-07, 1.2177842734217847e-07, 7.475008345636525e-08, 3.128892700487995e-08, 7.237504817680929e-09, 6.46287801053802e-10, 1.0103824027440922e-11, 9.566609657229996e-12, 9.372913903349378e-12, 9.154021290980197e-12, 8.990130688502074e-12, 8.799535752834764e-12, 8.580658752976866e-12, 8.447863068805628e-12, 8.392943458279678e-12], "lowlevel.melbands128.stdev": [0.005716564599424601, 0.03631987050175667, 0.03885306790471077, 0.01945028081536293, 0.009027830325067043, 0.0037246441934257746, 0.0019562402740120888, 0.0017502427799627185, 0.0012183076469227672, 0.0010047855321317911, 0.0015446512261405587, 0.002286164555698633, 0.0027905148454010487, 0.0013559693470597267, 0.0026738562155514956, 0.001769570866599679, 0.001371270976960659, 0.002055457327514887, 0.0021613030694425106, 0.0010553272441029549, 0.0014003206742927432, 0.0012329418677836657, 0.001377301523461938, 0.00026323756901547313, 0.0004484319069888443, 0.0006829522317275405, 0.00029227082268334925, 0.0007120707887224853, 0.00024348602164536715, 0.0009723646799102426, 0.0006533922278322279, 0.0003368768375366926, 0.0003951081307604909, 0.000857507111504674, 0.00021070944785606116, 0.0004068349953740835, 0.00044360620086081326, 7.836251461412758e-05, 0.00023088572197593749, 9.569986286805943e-05, 9.063281322596595e-05, 3.6020759580424055e-05, 5.2853971283184364e-05, 6.097202640376054e-05, 1.6538608178962022e-05, 5.347501064534299e-05, 8.41284854686819e-05, 4.375331991468556e-05, 1.8334063497604802e-05, 1.3394285815593321e-05, 3.595041562221013e-05, 1.7820591892814264e-05, 6.617249255214119e-06, 2.5908424504450522e-05, 3.7132947909412906e-05, 7.825625289115123e-06, 7.981799171830062e-06, 9.982497431337833e-06, 1.2276173038117122e-05, 9.312831025454216e-06, 5.486157988343621e-06, 5.135987066751113e-06, 1.4729761460330337e-05, 1.574354428157676e-05, 6.111447419243632e-06, 6.828538516856497e-06, 1.1098267350462265e-05, 7.836045369913336e-06, 1.3181392205297016e-05, 1.6753287127357908e-05, 9.108374797506258e-06, 9.687368219601922e-06, 7.712559636274818e-06, 5.205160505283857e-06, 5.214220436755568e-06, 6.29639998805942e-06, 4.929144779453054e-06, 2.5913418539857958e-06, 4.219135007588193e-06, 6.092559488024563e-06, 5.46297542314278e-06, 4.1487269299977925e-06, 6.703799044771586e-06, 6.794767614337616e-06, 5.585853614320513e-06, 7.732723133813124e-06, 7.230521077872254e-06, 5.873107056686422e-06, 6.106766250013607e-06, 5.493676326295827e-06, 5.373427484300919e-06, 4.70932127427659e-06, 3.837587428279221e-06, 4.2534857129794545e-06, 6.278835826378781e-06, 7.04926924299798e-06, 6.680741535092238e-06, 6.6438597059459426e-06, 5.302379577187821e-06, 4.2932465476042125e-06, 5.1795718718494754e-06, 3.8707976273144595e-06, 3.3260955660807667e-06, 2.5664546683401568e-06, 2.505903921701247e-06, 1.65255539741338e-06, 1.3791856190437102e-06, 1.430033648830431e-06, 1.0276778539264342e-06, 9.647791330280597e-07, 8.432257914137153e-07, 6.813326649535156e-07, 6.997195782787458e-07, 5.012983592678211e-07, 3.236507097881258e-07, 2.2847980574169924e-07, 1.1217384354722526e-07, 4.8753477699392533e-08, 7.636404397715069e-09, 2.1349758766442406e-11, 2.0040517856312334e-11, 1.962685743095438e-11, 1.9189809463693308e-11, 1.886508657622521e-11, 1.858881971961157e-11, 1.835905732994192e-11, 1.819796396906881e-11, 1.8098822787693258e-11], "lowlevel.mfcc.mean": [-691.4795532226562, 138.4702911376953, 18.671133041381836, 4.760655879974365, -3.2164976596832275, -16.34790802001953, 12.225125312805176, -1.2300167083740234, -2.65421986579895, 2.90457820892334, -11.258309364318848, 1.4362821578979492, 0.909358561038971], "lowlevel.spectral_contrast_coeffs.mean": [-0.6624991297721863, -0.6859956383705139, -0.6891036629676819, -0.813450813293457, -0.8030784726142883, -0.7982422709465027], "lowlevel.spectral_contrast_coeffs.stdev": [0.11745819449424744, 0.09174326807260513, 0.07062181830406189, 0.04948877543210983, 0.0487077459692955, 0.03686336427927017], "lowlevel.spectral_contrast_valleys.mean": [-7.297447204589844, -7.124409198760986, -7.768660545349121, -8.381091117858887, -8.225505828857422, -10.752825736999512], "lowlevel.spectral_contrast_valleys.stdev": [1.5900990962982178, 0.7375901937484741, 0.7436443567276001, 0.7921016216278076, 0.8934316039085388, 1.2581777572631836], "rhythm.beats_loudness_band_ratio.mean": [0.5092326998710632, 0.24648576974868774, 0.1400129795074463, 0.08053439855575562, 0.01387083064764738, 0.04355040192604065], "rhythm.beats_loudness_band_ratio.stdev": [0.4030039608478546, 0.2634666860103607, 0.16754256188869476, 0.10234462469816208, 0.024891721084713936, 0.11905763298273087], "tonal.hpcp.mean": [0.13517995178699493, 0.1745467334985733, 0.10648686438798904, 0.1945463865995407, 0.206154003739357, 0.06814602762460709, 0.01960809715092182, 0.01830107718706131, 0.028104428201913834, 0.0997723862528801, 0.10846609622240067, 0.0437324121594429, 0.023808153346180916, 0.018230177462100983, 0.032170120626688004, 0.19537973403930664, 0.22773736715316772, 0.0689464583992958, 0.04531911388039589, 0.040162522345781326, 0.013199876993894577, 0.01027450617402792, 0.01736653596162796, 0.06732948124408722, 0.1922173947095871, 0.1992127150297165, 0.09251165390014648, 0.055113524198532104, 0.04183126240968704, 0.05983063206076622, 0.25787174701690674, 0.29314494132995605, 0.09467485547065735, 0.030928758904337883, 0.02651054598391056, 0.03161955997347832], "tonal.hpcp.stdev": [0.24494515359401703, 0.30514150857925415, 0.213262677192688, 0.30594247579574585, 0.3141879141330719, 0.14318597316741943, 0.10339605063199997, 0.1043863520026207, 0.11533083021640778, 0.23871919512748718, 0.2469393014907837, 0.15104076266288757, 0.1138889491558075, 0.1020653247833252, 0.10879526287317276, 0.29425641894340515, 0.32796046137809753, 0.15382452309131622, 0.1783275008201599, 0.17034955322742462, 0.06435506045818329, 0.05098748579621315, 0.07815486937761307, 0.1773093193769455, 0.32896387577056885, 0.3255641460418701, 0.21778014302253723, 0.1873009204864502, 0.15715281665325165, 0.1791030913591385, 0.3285415470600128, 0.3663936257362366, 0.16341301798820496, 0.14126619696617126, 0.12546159327030182, 0.13361650705337524], "rhythm.beats_position": [0.7546485066413879, 1.486077070236206, 2.2058956623077393, 2.9257142543792725, 3.668752670288086, 4.388571262359619, 5.108389854431152, 5.8282084465026855, 6.548027038574219, 7.267845630645752, 7.987664222717285, 8.73070240020752, 9.47374153137207, 10.239999771118164, 10.994647979736328, 11.760907173156738, 12.503945350646973, 13.235373497009277, 14.001632690429688, 14.756280899047852, 15.510929107666016, 16.26557731628418, 17.020225524902344, 17.74004554748535, 18.471473693847656, 19.19129180908203, 19.922719955444336, 20.642539978027344, 21.36235809326172, 22.082176208496094, 22.80199432373047, 23.533424377441406, 24.26485252380371, 24.984670639038086, 25.70448875427246, 26.42430877685547, 27.144126892089844, 27.86394500732422, 28.583763122558594, 29.3151912689209, 30.046621322631836, 30.76643943786621, 31.486257553100586, 32.206077575683594, 32.92589569091797, 33.65732192993164, 34.38875198364258, 35.10857009887695, 35.82838821411133, 36.5482063293457, 37.268028259277344], "rhythm.bpm_histogram": [0.0, 0.0, 0.0, 0.0, 0.0, 0.0, 0.0, 0.0, 0.0, 0.0, 0.0, 0.0, 0.0, 0.0, 0.0, 0.0, 0.0, 0.0, 0.0, 0.0, 0.0, 0.0, 0.0, 0.0, 0.0, 0.0, 0.0, 0.0, 0.0, 0.0, 0.0, 0.0, 0.0, 0.0, 0.0, 0.0, 0.0, 0.0, 0.0, 0.0, 0.0, 0.0, 0.0, 0.0, 0.0, 0.0, 0.0, 0.0, 0.0, 0.0, 0.0, 0.0, 0.0, 0.0, 0.0, 0.0, 0.0, 0.0, 0.0, 0.0, 0.0, 0.0, 0.0, 0.0, 0.0, 0.0, 0.0, 0.0, 0.0, 0.0, 0.0, 0.0, 0.0, 0.0, 0.0, 0.0, 0.0, 0.0, 0.05999999865889549, 0.0, 0.10000000149011612, 0.07999999821186066, 0.20000000298023224, 0.5600000023841858, 0.0, 0.0, 0.0, 0.0, 0.0, 0.0, 0.0, 0.0, 0.0, 0.0, 0.0, 0.0, 0.0, 0.0, 0.0, 0.0, 0.0, 0.0, 0.0, 0.0, 0.0, 0.0, 0.0, 0.0, 0.0, 0.0, 0.0, 0.0, 0.0, 0.0, 0.0, 0.0, 0.0, 0.0, 0.0, 0.0, 0.0, 0.0, 0.0, 0.0, 0.0, 0.0, 0.0, 0.0, 0.0, 0.0, 0.0, 0.0, 0.0, 0.0, 0.0, 0.0, 0.0, 0.0, 0.0, 0.0, 0.0, 0.0, 0.0, 0.0, 0.0, 0.0, 0.0, 0.0, 0.0, 0.0, 0.0, 0.0, 0.0, 0.0, 0.0, 0.0, 0.0, 0.0, 0.0, 0.0, 0.0, 0.0, 0.0, 0.0, 0.0, 0.0, 0.0, 0.0, 0.0, 0.0, 0.0, 0.0, 0.0, 0.0, 0.0, 0.0, 0.0, 0.0, 0.0, 0.0, 0.0, 0.0, 0.0, 0.0, 0.0, 0.0, 0.0, 0.0, 0.0, 0.0, 0.0, 0.0, 0.0, 0.0, 0.0, 0.0, 0.0, 0.0, 0.0, 0.0, 0.0, 0.0, 0.0, 0.0, 0.0, 0.0, 0.0, 0.0, 0.0, 0.0, 0.0, 0.0, 0.0, 0.0, 0.0, 0.0, 0.0, 0.0, 0.0, 0.0, 0.0, 0.0, 0.0, 0.0, 0.0, 0.0, 0.0, 0.0, 0.0, 0.0, 0.0, 0.0, 0.0, 0.0, 0.0, 0.0, 0.0, 0.0, 0.0, 0.0, 0.0, 0.0, 0.0, 0.0, 0.0, 0.0, 0.0, 0.0, 0.0, 0.0], "tonal.chords_histogram": [20.395549774169922, 10.877626419067383, 2.2249691486358643, 0.0, 3.584672451019287, 0.0, 0.0, 0.0, 0.0, 0.0, 0.0, 0.0, 0.0, 0.0, 0.0, 0.0, 0.0, 0.0, 0.0, 0.0, 0.0, 3.8318912982940674, 0.0, 59.085289001464844], "tonal.thpcp": [1.0, 0.32296261191368103, 0.10550671070814133, 0.09043494611978531, 0.10786323249340057, 0.46113690733909607, 0.5954281091690063, 0.36325669288635254, 0.6636525392532349, 0.7032493948936462, 0.23246529698371887, 0.06688874214887619, 0.06243013218045235, 0.09587212651968002, 0.34035173058509827, 0.3700084090232849, 0.14918358623981476, 0.08121632039546967, 0.062188271433115005, 0.10974134504795074, 0.6664953231811523, 0.7768763303756714, 0.2351958006620407, 0.1545962691307068, 0.13700568675994873, 0.04502850025892258, 0.03504923731088638, 0.05924214795231819, 0.22967983782291412, 0.6557077169418335, 0.679570734500885, 0.31558331847190857, 0.18800775706768036, 0.1426982283592224, 0.2040991485118866, 0.879673182964325], "lowlevel.gfcc.cov": [[8219.7822265625, -1087.8609619140625, 1723.95947265625, 1380.5045166015625, 1035.696533203125, 1034.44091796875, 117.4032974243164, 642.41748046875, 122.44035339355469, 852.67431640625, 347.894775390625, 445.64447021484375, -232.61387634277344], [-1087.8609619140625, 2103.31103515625, -7.898106575012207, 26.227994918823242, 652.9255981445312, -116.28582000732422, 382.28741455078125, -116.4133529663086, 185.713623046875, -161.80905151367188, 169.59483337402344, -257.13507080078125, 104.42780303955078], [1723.95947265625, -7.898106575012207, 1464.9366455078125, 689.044677734375, 583.52197265625, 544.4358520507812, 186.09930419921875, 289.4516906738281, 147.5431671142578, 270.22137451171875, 88.5023422241211, 146.39511108398438, -59.278411865234375], [1380.5045166015625, 26.227994918823242, 689.044677734375, 936.4689331054688, 455.7801513671875, 455.5963134765625, 301.3392333984375, 186.22364807128906, 223.5592498779297, 138.77415466308594, 59.71577453613281, 72.5871353149414, -19.872058868408203], [1035.696533203125, 652.9255981445312, 583.52197265625, 455.7801513671875, 842.0891723632812, 317.181640625, 280.3973388671875, 201.8133544921875, 185.49229431152344, 165.75430297851562, 160.10733032226562, 19.249624252319336, -0.9475979208946228], [1034.44091796875, -116.28582000732422, 544.4358520507812, 455.5963134765625, 317.181640625, 518.5081176757812, 251.2511444091797, 174.78990173339844, 137.5566864013672, 141.72918701171875, 65.14835357666016, 101.9454116821289, -28.160240173339844], [117.4032974243164, 382.28741455078125, 186.09930419921875, 301.3392333984375, 280.3973388671875, 251.2511444091797, 450.3388671875, 146.95094299316406, 153.78140258789062, 57.06002426147461, 134.22569274902344, -7.3163862228393555, 23.629850387573242], [642.41748046875, -116.4133529663086, 289.4516906738281, 186.22364807128906, 201.8133544921875, 174.78990173339844, 146.95094299316406, 327.743896484375, 101.52069091796875, 144.1575469970703, 106.25890350341797, 46.163028717041016, 6.161569595336914], [122.44035339355469, 185.713623046875, 147.5431671142578, 223.5592498779297, 185.49229431152344, 137.5566864013672, 153.78140258789062, 101.52069091796875, 271.2571716308594, 83.79376983642578, 60.37445831298828, 19.228178024291992, 11.36326789855957], [852.67431640625, -161.80905151367188, 270.22137451171875, 138.77415466308594, 165.75430297851562, 141.72918701171875, 57.06002426147461, 144.1575469970703, 83.79376983642578, 237.13943481445312, 104.00993347167969, 76.899169921875, -28.308547973632812], [347.894775390625, 169.59483337402344, 88.5023422241211, 59.71577453613281, 160.10733032226562, 65.14835357666016, 134.22569274902344, 106.25890350341797, 60.37445831298828, 104.00993347167969, 241.04029846191406, 40.16563034057617, 41.92538833618164], [445.64447021484375, -257.13507080078125, 146.39511108398438, 72.5871353149414, 19.249624252319336, 101.9454116821289, -7.3163862228393555, 46.163028717041016, 19.228178024291992, 76.899169921875, 40.16563034057617, 148.27542114257812, 18.43435287475586], [-232.61387634277344, 104.42780303955078, -59.278411865234375, -19.872058868408203, -0.9475979208946228, -28.160240173339844, 23.629850387573242, 6.161569595336914, 11.36326789855957, -28.308547973632812, 41.92538833618164, 18.43435287475586, 125.00886535644531]], "lowlevel.gfcc.icov": [[0.00034568001865409315, -3.9208731323014945e-05, 0.00010289110650774091, -0.00044424005318433046, -0.00013288806076161563, -0.00031009584199637175, 0.0004765315097756684, -0.00021285488037392497, 0.0005315414746291935, -0.0007737452979199588, -0.00021225448290351778, -0.00033071317011490464, 0.000400133547373116], [-3.9208731323014945e-05, 0.002323167398571968, -0.0006343542481772602, 0.0008847068529576063, -0.002102130791172385, 0.0013798339059576392, -0.0016838388983160257, 0.001933804014697671, -0.001437484286725521, 0.0018022408476099372, -0.0011216675629839301, 0.0026756380684673786, -0.0011355372844263911], [0.00010289110650774091, -0.0006343542481772602, 0.0018029826460406184, -0.0009341810364276171, -3.894901237799786e-05, -0.0013141789240762591, 0.001130349817685783, -0.0010140140075236559, 0.0009483019821345806, -0.0012455806136131287, 0.000446428544819355, -0.0011265343055129051, 0.0006159502663649619], [-0.00044424005318433046, 0.0008847068529576063, -0.0009341810364276171, 0.003307775128632784, -0.0009343771380372345, -8.773118315730244e-05, -0.0017573735676705837, 0.0010892337886616588, -0.002050521085038781, 0.0018467940390110016, 0.0003542896010912955, 0.0012560844188556075, -0.0009306370629929006], [-0.00013288806076161563, -0.002102130791172385, -3.894901237799786e-05, -0.0009343771380372345, 0.00425215857103467, -0.0013258253457024693, 0.000941371195949614, -0.0016679058317095041, 0.000648140674456954, -0.0016541670775040984, 0.0003067546640522778, -0.0012115013087168336, 0.0006218684138730168], [-0.00031009584199637175, 0.0013798339059576392, -0.0013141789240762591, -8.773118315730244e-05, -0.0013258253457024693, 0.0066122799180448055, -0.003565502120181918, 0.0009380748379044235, -0.0012814266374334693, 0.0014188921777531505, 0.00047814822755753994, -0.0008945853915065527, 0.00014975230442360044], [0.0004765315097756684, -0.0016838388983160257, 0.001130349817685783, -0.0017573735676705837, 0.000941371195949614, -0.003565502120181918, 0.006756568793207407, -0.0023977719247341156, 0.0007024408550933003, -0.0011234062258154154, -0.0016313953092321754, -0.0003747230803128332, 0.0008790957508608699], [-0.00021285488037392497, 0.001933804014697671, -0.0010140140075236559, 0.0010892337886616588, -0.0016679058317095041, 0.0009380748379044235, -0.0023977719247341156, 0.006776398979127407, -0.0018425901653245091, -0.0002052212948910892, -0.0013357875868678093, 0.0027402834966778755, -0.0018363632261753082], [0.0005315414746291935, -0.001437484286725521, 0.0009483019821345806, -0.002050521085038781, 0.000648140674456954, -0.0012814266374334693, 0.0007024408550933003, -0.0018425901653245091, 0.0071907732635736465, -0.003708296688273549, 0.0007664372096769512, -0.0018988857045769691, 0.0005174909601919353], [-0.0007737452979199588, 0.0018022408476099372, -0.0012455806136131287, 0.0018467940390110016, -0.0016541670775040984, 0.0014188921777531505, -0.0011234062258154154, -0.0002052212948910892, -0.003708296688273549, 0.012275340966880322, -0.003331611165776849, -0.00015055709809530526, 0.0015436091925948858], [-0.00021225448290351778, -0.0011216675629839301, 0.000446428544819355, 0.0003542896010912955, 0.0003067546640522778, 0.00047814822755753994, -0.0016313953092321754, -0.0013357875868678093, 0.0007664372096769512, -0.003331611165776849, 0.008116603828966618, -0.0022867871448397636, -0.0019147363491356373], [-0.00033071317011490464, 0.0026756380684673786, -0.0011265343055129051, 0.0012560844188556075, -0.0012115013087168336, -0.0008945853915065527, -0.0003747230803128332, 0.0027402834966778755, -0.0018988857045769691, -0.00015055709809530526, -0.0022867871448397636, 0.014299783855676651, -0.00466322572901845], [0.000400133547373116, -0.0011355372844263911, 0.0006159502663649619, -0.0009306370629929006, 0.0006218684138730168, 0.00014975230442360044, 0.0008790957508608699, -0.0018363632261753082, 0.0005174909601919353, 0.0015436091925948858, -0.0019147363491356373, -0.00466322572901845, 0.011431845836341381]], "lowlevel.mfcc.cov": [[6518.98681640625, -1227.59228515625, 992.6002197265625, 732.784912109375, 1094.53173828125, 688.0111694335938, 643.0008544921875, 194.36087036132812, 174.54969787597656, 340.89739990234375, 402.089599609375, 447.0664978027344, 413.006591796875], [-1227.59228515625, 1973.8162841796875, -346.3685607910156, 169.5486602783203, 204.33975219726562, 14.393367767333984, 199.19546508789062, -15.883681297302246, 39.02783203125, 34.98297882080078, 35.599369049072266, 42.10984420776367, 26.428815841674805], [992.6002197265625, -346.3685607910156, 1004.609375, 292.8330993652344, 363.0221862792969, 357.4662780761719, 215.80836486816406, 195.70208740234375, 164.2718505859375, 124.59930419921875, 157.5023193359375, 142.26492309570312, 91.25850677490234], [732.784912109375, 169.5486602783203, 292.8330993652344, 581.0250854492188, 346.33758544921875, 305.7859191894531, 230.09324645996094, 184.2319793701172, 164.18014526367188, 159.66372680664062, 154.5526885986328, 114.209228515625, 93.85379028320312], [1094.53173828125, 204.33975219726562, 363.0221862792969, 346.33758544921875, 662.5352783203125, 249.42567443847656, 260.7296142578125, 115.01886749267578, 145.8361053466797, 147.3905792236328, 150.17630004882812, 162.1555633544922, 119.80110931396484], [688.0111694335938, 14.393367767333984, 357.4662780761719, 305.7859191894531, 249.42567443847656, 562.3743896484375, 140.42999267578125, 226.330322265625, 151.46836853027344, 89.45799255371094, 157.017578125, 76.44209289550781, 115.34271240234375], [643.0008544921875, 199.19546508789062, 215.80836486816406, 230.09324645996094, 260.7296142578125, 140.42999267578125, 471.2876281738281, 152.45375061035156, 87.85824584960938, 167.64614868164062, 106.84913635253906, 136.77883911132812, 99.17375946044922], [194.36087036132812, -15.883681297302246, 195.70208740234375, 184.2319793701172, 115.01886749267578, 226.330322265625, 152.45375061035156, 283.905029296875, 143.38975524902344, 107.11640167236328, 100.82584381103516, 73.7885513305664, 75.79878234863281], [174.54969787597656, 39.02783203125, 164.2718505859375, 164.18014526367188, 145.8361053466797, 151.46836853027344, 87.85824584960938, 143.38975524902344, 214.246826171875, 104.68140411376953, 97.88015747070312, 74.72474670410156, 52.446197509765625], [340.89739990234375, 34.98297882080078, 124.59930419921875, 159.66372680664062, 147.3905792236328, 89.45799255371094, 167.64614868164062, 107.11640167236328, 104.68140411376953, 215.18360900878906, 126.09742736816406, 98.61255645751953, 64.68785095214844], [402.089599609375, 35.599369049072266, 157.5023193359375, 154.5526885986328, 150.17630004882812, 157.017578125, 106.84913635253906, 100.82584381103516, 97.88015747070312, 126.09742736816406, 199.9756317138672, 106.49231719970703, 84.56819915771484], [447.0664978027344, 42.10984420776367, 142.26492309570312, 114.209228515625, 162.1555633544922, 76.44209289550781, 136.77883911132812, 73.7885513305664, 74.72474670410156, 98.61255645751953, 106.49231719970703, 185.0196075439453, 108.85746765136719], [413.006591796875, 26.428815841674805, 91.25850677490234, 93.85379028320312, 119.80110931396484, 115.34271240234375, 99.17375946044922, 75.79878234863281, 52.446197509765625, 64.68785095214844, 84.56819915771484, 108.85746765136719, 153.87786865234375]], "lowlevel.mfcc.icov": [[0.0003999568580184132, 0.0003759217506740242, 8.156349940691143e-05, -0.00017658103024587035, -0.0004804087511729449, -0.0002665729552973062, -0.00034954221337102354, 0.0004746333579532802, 0.00023091495677363127, 5.6393681006738916e-05, -0.00015444874588865787, -0.00021832053607795388, -0.000376482552383095], [0.0003759217506740242, 0.00101255695335567, 0.0005089085316285491, -0.00032006489345803857, -0.0006744125275872648, -0.00032567267771810293, -0.0007015194278210402, 0.0006554892752319574, 1.4549514162354171e-06, 0.00033831290784291923, -0.00027714818133972585, -0.00025124670355580747, -0.0002037228987319395], [8.156349940691143e-05, 0.0005089085316285491, 0.0018079540459439158, -0.00011401300434954464, -0.0006685307016596198, -0.0007459524786099792, -0.00045725962263531983, 1.3882864550396334e-05, -0.00026245758635923266, 0.00035426885006017983, -0.0002469611063133925, -0.000729790423065424, 0.0006510111852549016], [-0.00017658103024587035, -0.00032006489345803857, -0.00011401300434954464, 0.003515705931931734, -0.0006857222761027515, -0.0008171909721568227, -0.0002103893057210371, -0.0005714562139473855, -0.0006185162346810102, -0.0007980512455105782, -0.00018489510694053024, 0.00022299469856079668, 0.0005058761453256011], [-0.0004804087511729449, -0.0006744125275872648, -0.0006685307016596198, -0.0006857222761027515, 0.0035718779545277357, -4.0232003811979666e-05, -0.00018884122255258262, 0.00047449851990677416, -0.0009016559342853725, -0.00017114075308199972, 0.00020181316358502954, -0.0006035281694494188, 5.251296897768043e-05], [-0.0002665729552973062, -0.00032567267771810293, -0.0007459524786099792, -0.0008171909721568227, -4.0232003811979666e-05, 0.004203043412417173, 0.00048562450683675706, -0.0021852697245776653, -0.00036506165633909404, 0.0011672046966850758, -0.0015529671218246222, 0.0019161810632795095, -0.0015118052251636982], [-0.00034954221337102354, -0.0007015194278210402, -0.00045725962263531983, -0.0002103893057210371, -0.00018884122255258262, 0.00048562450683675706, 0.004374073352664709, -0.0018477460835129023, 0.0010585914133116603, -0.0021861775312572718, 0.001064385985955596, -0.000877870770636946, -7.342441676883027e-05], [0.0004746333579532802, 0.0006554892752319574, 1.3882864550396334e-05, -0.0005714562139473855, 0.00047449851990677416, -0.0021852697245776653, -0.0018477460835129023, 0.008244907483458519, -0.002947961213067174, -0.0006641410291194916, 7.238103535200935e-06, -7.510022260248661e-05, -0.0013149803271517158], [0.00023091495677363127, 1.4549514162354171e-06, -0.00026245758635923266, -0.0006185162346810102, -0.0009016559342853725, -0.00036506165633909404, 0.0010585914133116603, -0.002947961213067174, 0.009144232608377934, -0.0019922563806176186, -0.000734793022274971, -0.0012354898499324918, 0.0006571096600964665], [5.6393681006738916e-05, 0.00033831290784291923, 0.00035426885006017983, -0.0007980512455105782, -0.00017114075308199972, 0.0011672046966850758, -0.0021861775312572718, -0.0006641410291194916, -0.0019922563806176186, 0.010382870212197304, -0.004396832548081875, -0.0008918287931010127, 0.0004231919883750379], [-0.00015444874588865787, -0.00027714818133972585, -0.0002469611063133925, -0.00018489510694053024, 0.00020181316358502954, -0.0015529671218246222, 0.001064385985955596, 7.238103535200935e-06, -0.000734793022274971, -0.004396832548081875, 0.011271103285253048, -0.0027978757862001657, -0.0010775219416245818], [-0.00021832053607795388, -0.00025124670355580747, -0.000729790423065424, 0.00022299469856079668, -0.0006035281694494188, 0.0019161810632795095, -0.000877870770636946, -7.510022260248661e-05, -0.0012354898499324918, -0.0008918287931010127, -0.0027978757862001657, 0.013207204639911652, -0.006447227206081152], [-0.000376482552383095, -0.0002037228987319395, 0.0006510111852549016, 0.0005058761453256011, 5.251296897768043e-05, -0.0015118052251636982, -7.342441676883027e-05, -0.0013149803271517158, 0.0006571096600964665, 0.0004231919883750379, -0.0010775219416245818, -0.006447227206081152, 0.013388151302933693]], "metadata.audio_properties.analysis.downmix": "mix", "metadata.audio_properties.codec": "mp3", "metadata.audio_properties.md5_encoded": "74e37224a6f7c53a07560f18c80ede45", "metadata.tags.file_name": "1183690052853846036.mp3", "metadata.version.essentia": "2.1-beta6-dev", "metadata.version.essentia_git_sha": "v2.1_beta5-1110-g77a6a954", "metadata.version.extractor": "music 2.0", "tonal.chords_key": "G", "tonal.chords_scale": "minor", "tonal.key_edma.key": "Bb", "tonal.key_edma.scale": "major", "tonal.key_krumhansl.key": "Bb", "tonal.key_krumhansl.scale": "major", "tonal.key_temperley.key": "Bb", "tonal.key_temperley.scale": "major", "metadata.tags.encoding": ["Lavf58.45.100"]}, "essentia_models": [{"model_name": "genre_dortmund", "activations": {"alternative": "0.021548485", "blues": "0.00348511", "electronic": "0.13139619", "folkcountry": "0.015649533"