{"song_id": "1183694775782752326", "download": "https://cdn.discordapp.com/attachments/1135903449314238464/1183694775782752326/chirp.mp4?ex=658944aa&amp", "lyrics": "\u5728\u5bf0\u5b87\u7684\u5929\u7a7a\u4e0b\uff0c\u6211\u5011\u66fe\u4e26\u80a9\u4f5c\u6230\uff0c\n\u90a3\u4e9b\u65e5\u8207\u591c\uff0c\u6211\u5011\u5171\u540c\u8ffd\u5922\u3001\u5171\u540c\u7b11\u8ac7\u3002\n\u6bcf\u4e00\u9053\u6311\u6230\uff0c\u6211\u5011\u651c\u624b\u8de8\u8d8a\uff0c\n\u5728\u90a3\u7121\u76e1\u7684\u8fa6\u516c\u684c\u65c1\uff0c\u6211\u5011\u5f7c\u6b64\u7684\u5922\u60f3\u6210\u9577\u3002\n\n\u56de\u9996\u90a3\u4e9b\u5e74\uff0c\u6642\u5149\u5982\u6c34\u6d41\u6dcc\uff0c\n\u5728\u90a3\u4e9b\u65e5\u5b50\u88e1\uff0c\u4f60\u5011\u4e0d\u50c5\u662f\u540c\u4e8b\uff0c\u66f4\u662f\u670b\u53cb\u3002\n\u5728\u5fd9\u788c\u8207\u58d3\u529b\u4e2d\uff0c\u6211\u5011\u5b78\u6703\u4e86\u4fe1\u4efb\u8207\u5305\u5bb9\uff0c\n\u5171\u540c\u5ea6\u904e\u7684\u6bcf\u4e00\u523b\uff0c\u90fd\u9444\u5c31\u4e86\u6211\u5011\u60c5\u8abc\u7684\u7d00\u5ff5\u3002\n\n\u96d6\u7136\u73fe\u5728\u6211\u5011\u5404\u5954\u524d\u7a0b\uff0c\n\u4f46\u90a3\u6bb5\u65e5\u5b50\u88e1\u7684\u7b11\u8072\u3001\u6dda\u6c34\u4f9d\u7136\u6b77\u6b77\u5728\u76ee\u3002\n\u5bf0\u5b87\u516c\u53f8\u7684\u56de\u61b6\uff0c\u5982\u540c\u661f\u5149\u9583\u720d\uff0c\n\u7167\u4eae\u4e86\u6211\u5011\u5404\u81ea\u7684\u9053\u8def\uff0c\u5f15\u9818\u6211\u5011\u5411\u524d\u3002\n\n\u5728\u4e0d\u540c\u7684\u5929\u7a7a\u4e0b\uff0c\u6211\u5011\u4ecd\u7136\u61f7\u5ff5\uff0c\n\u90a3\u6bb5\u65e5\u5b50\u88e1\u7684\u6bcf\u4e00\u523b\uff0c\u90fd\u662f\u6211\u5011\u5bf6\u8cb4\u7684\u5bf6\u77f3\u3002\n\u4e0d\u8ad6\u5728\u4e16\u754c\u7684\u54ea\u500b\u89d2\u843d\uff0c\u6211\u5011\u7684\u5fc3\u4ecd\u76f8\u9023\uff0c\n\u56e0\u70ba\u90a3\u4e9b\u5e74\uff0c\u6211\u5011\u5728\u5bf0\u5b87\u516c\u53f8\uff0c\u5171\u5275\u7684\u7f8e\u597d\u6642\u5149\u3002", "style": ["random"], "essentia_features": {"lowlevel.average_loudness": 0.9307865500450134, "lowlevel.barkbands_crest.mean": 17.00050163269043, "lowlevel.barkbands_crest.stdev": 4.211924076080322, "lowlevel.barkbands_flatness_db.mean": 0.4102277457714081, "lowlevel.barkbands_flatness_db.stdev": 0.05244378000497818, "lowlevel.barkbands_kurtosis.mean": 8.080517768859863, "lowlevel.barkbands_kurtosis.stdev": 25.00259780883789, "lowlevel.barkbands_skewness.mean": 1.41307532787323, "lowlevel.barkbands_skewness.stdev": 1.6489113569259644, "lowlevel.barkbands_spread.mean": 6.067345142364502, "lowlevel.barkbands_spread.stdev": 4.090799808502197, "lowlevel.dissonance.mean": 0.34556612372398376, "lowlevel.dissonance.stdev": 0.07817152142524719, "lowlevel.dynamic_complexity": 2.394674062728882, "lowlevel.erbbands_crest.mean": 18.54334259033203, "lowlevel.erbbands_crest.stdev": 5.223577499389648, "lowlevel.erbbands_flatness_db.mean": 0.43057891726493835, "lowlevel.erbbands_flatness_db.stdev": 0.05244690179824829, "lowlevel.erbbands_kurtosis.mean": 2.945444345474243, "lowlevel.erbbands_kurtosis.stdev": 7.495985984802246, "lowlevel.erbbands_skewness.mean": 0.6850951313972473, "lowlevel.erbbands_skewness.stdev": 1.515988826751709, "lowlevel.erbbands_spread.mean": 13.003241539001465, "lowlevel.erbbands_spread.stdev": 8.605483055114746, "lowlevel.hfc.mean": 14.206219673156738, "lowlevel.hfc.stdev": 7.824674606323242, "lowlevel.loudness_ebu128.integrated": -29.748441696166992, "lowlevel.loudness_ebu128.loudness_range": 3.5583877563476562, "lowlevel.loudness_ebu128.momentary.mean": -30.281646728515625, "lowlevel.loudness_ebu128.momentary.stdev": 2.351870059967041, "lowlevel.loudness_ebu128.short_term.mean": -29.96236228942871, "lowlevel.loudness_ebu128.short_term.stdev": 1.1874459981918335, "lowlevel.melbands_crest.mean": 19.60964584350586, "lowlevel.melbands_crest.stdev": 5.158156871795654, "lowlevel.melbands_flatness_db.mean": 0.47124600410461426, "lowlevel.melbands_flatness_db.stdev": 0.056801896542310715, "lowlevel.melbands_kurtosis.mean": 12.594833374023438, "lowlevel.melbands_kurtosis.stdev": 53.99949645996094, "lowlevel.melbands_skewness.mean": 1.946465253829956, "lowlevel.melbands_skewness.stdev": 1.8859164714813232, "lowlevel.melbands_spread.mean": 9.12214183807373, "lowlevel.melbands_spread.stdev": 7.349162578582764, "lowlevel.pitch_salience.mean": 0.394208699464798, "lowlevel.pitch_salience.stdev": 0.0863957330584526, "lowlevel.silence_rate_20dB.mean": 1.0, "lowlevel.silence_rate_20dB.stdev": 0.0, "lowlevel.silence_rate_30dB.mean": 0.9982618689537048, "lowlevel.silence_rate_30dB.stdev": 0.04165489226579666, "lowlevel.silence_rate_60dB.mean": 0.016222478821873665, "lowlevel.silence_rate_60dB.stdev": 0.12633031606674194, "lowlevel.spectral_centroid.mean": 634.8552856445312, "lowlevel.spectral_centroid.stdev": 191.55783081054688, "lowlevel.spectral_complexity.mean": 5.046350002288818, "lowlevel.spectral_complexity.stdev": 1.700700283050537, "lowlevel.spectral_decrease.mean": -6.368985783211656e-09, "lowlevel.spectral_decrease.stdev": 4.3651158243562804e-09, "lowlevel.spectral_energy.mean": 0.025326555594801903, "lowlevel.spectral_energy.stdev": 0.017124803736805916, "lowlevel.spectral_energyband_high.mean": 9.064030450645078e-07, "lowlevel.spectral_energyband_high.stdev": 9.267315022043476e-07, "lowlevel.spectral_energyband_low.mean": 0.0001660624984651804, "lowlevel.spectral_energyband_low.stdev": 0.00048299660556949675, "lowlevel.spectral_energyband_middle_high.mean": 0.00405714800581336, "lowlevel.spectral_energyband_middle_high.stdev": 0.003770139068365097, "lowlevel.spectral_energyband_middle_low.mean": 0.02117079123854637, "lowlevel.spectral_energyband_middle_low.stdev": 0.016741124913096428, "lowlevel.spectral_entropy.mean": 5.033121585845947, "lowlevel.spectral_entropy.stdev": 0.4873102009296417, "lowlevel.spectral_flux.mean": 0.030690256506204605, "lowlevel.spectral_flux.stdev": 0.016881579533219337, "lowlevel.spectral_kurtosis.mean": 55.91908645629883, "lowlevel.spectral_kurtosis.stdev": 25.41840934753418, "lowlevel.spectral_rms.mean": 0.0046886722557246685, "lowlevel.spectral_rms.stdev": 0.001650804071687162, "lowlevel.spectral_rolloff.mean": 893.5513305664062, "lowlevel.spectral_rolloff.stdev": 569.685302734375, "lowlevel.spectral_skewness.mean": 5.277764320373535, "lowlevel.spectral_skewness.stdev": 1.4920223951339722, "lowlevel.spectral_spread.mean": 1351872.375, "lowlevel.spectral_spread.stdev": 727808.0, "lowlevel.spectral_strongpeak.mean": 2.259636878967285, "lowlevel.spectral_strongpeak.stdev": 1.170279860496521, "lowlevel.zerocrossingrate.mean": 0.03061659261584282, "lowlevel.zerocrossingrate.stdev": 0.013094625435769558, "metadata.audio_properties.analysis.equal_loudness": 0.0, "metadata.audio_properties.analysis.length": 40.04265213012695, "metadata.audio_properties.analysis.sample_rate": 44100.0, "metadata.audio_properties.analysis.start_time": 0.0, "metadata.audio_properties.bit_rate": 99957.0, "metadata.audio_properties.length": 40.042667388916016, "metadata.audio_properties.lossless": 0.0, "metadata.audio_properties.number_channels": 1.0, "metadata.audio_properties.replay_gain": 2.261415481567383, "metadata.audio_properties.sample_rate": 48000.0, "rhythm.beats_count": 72.0, "rhythm.beats_loudness.mean": 0.0311365257948637, "rhythm.beats_loudness.stdev": 0.018415961414575577, "rhythm.bpm": 109.5924072265625, "rhythm.bpm_histogram_first_peak_bpm": 110.0, "rhythm.bpm_histogram_first_peak_weight": 0.5964912176132202, "rhythm.bpm_histogram_second_peak_bpm": 105.0, "rhythm.bpm_histogram_second_peak_spread": 0.25, "rhythm.bpm_histogram_second_peak_weight": 0.0845070406794548, "rhythm.danceability": 1.2619131803512573, "rhythm.onset_rate": 1.7476223707199097, "tonal.chords_changes_rate": 0.05787036940455437, "tonal.chords_number_rate": 0.012731481343507767, "tonal.chords_strength.mean": 0.44535595178604126, "tonal.chords_strength.stdev": 0.09886188060045242, "tonal.hpcp_crest.mean": 18.898536682128906, "tonal.hpcp_crest.stdev": 6.394550800323486, "tonal.hpcp_entropy.mean": 1.167649269104004, "tonal.hpcp_entropy.stdev": 0.48183348774909973, "tonal.key_edma.strength": 0.6589130759239197, "tonal.key_krumhansl.strength": 0.6689717173576355, "tonal.key_temperley.strength": 0.683830976486206, "tonal.tuning_diatonic_strength": 0.4665965437889099, "tonal.tuning_equal_tempered_deviation": 0.004627563524991274, "tonal.tuning_frequency": 435.9522705078125, "tonal.tuning_nontempered_energy_ratio": 0.5859980583190918, "lowlevel.barkbands.mean": [4.796220673597418e-05, 2.6807805625139736e-05, 3.685101182782091e-05, 0.00029328264645300806, 0.0029558693058788776, 0.007455845363438129, 0.004466176964342594, 0.002363436156883836, 0.003618400078266859, 0.00023275575949810445, 0.0005111416103318334, 0.0018200913909822702, 0.0009356292430311441, 0.00020305055659264326, 0.0002532686048652977, 6.612447032239288e-05, 3.528887464199215e-05, 9.864729690889362e-07, 1.5938394426484592e-06, 1.3328431123227347e-06, 3.6997079178036074e-07, 1.6521433110483486e-07, 8.951356278430467e-08, 4.397036690306777e-08, 1.920560954715711e-08, 1.8154936443082192e-09, 1.3378625984827863e-09], "lowlevel.barkbands.stdev": [8.727538079256192e-05, 3.285318234702572e-05, 0.00027832825435325503, 0.001240632846020162, 0.007843623869121075, 0.012456538155674934, 0.008190366439521313, 0.005466529633849859, 0.007648397237062454, 0.0007463146466761827, 0.002253152895718813, 0.003354207146912813, 0.0018410636112093925, 0.0007202731212601066, 0.0005945359007455409, 0.00017328551621176302, 0.00010463484068168327, 2.9868131150578847e-06, 3.4186650736955926e-06, 2.284879656144767e-06, 5.177660682420537e-07, 1.5935461306071375e-07, 7.871286555882762e-08, 4.0625586450460105e-08, 2.7367601518335505e-08, 1.9562854447485734e-08, 1.224046308756499e-09], "lowlevel.erbbands.mean": [0.0015631942078471184, 0.004284023307263851, 0.03846537694334984, 0.535225510597229, 4.7582926750183105, 11.141311645507812, 25.510801315307617, 75.86598205566406, 53.242191314697266, 77.22389221191406, 67.71908569335938, 83.71490478515625, 17.610153198242188, 12.887195587158203, 39.5772819519043, 68.87588500976562, 45.990074157714844, 7.73408317565918, 11.373859405517578, 13.308913230895996, 4.72275447845459, 1.6197131872177124, 0.38121479749679565, 0.08159977197647095, 0.0674794465303421, 0.07212655991315842, 0.01912091113626957, 0.011082497425377369, 0.007800199091434479, 0.003556337906047702, 0.002308569150045514, 0.0012071855599060655, 0.0005860966630280018, 0.0003274213813710958, 0.0001056321052601561, 2.4754541300353594e-05, 1.1111887033621315e-05, 2.6862855975196e-06, 1.2546622201625723e-05, 2.878758095903322e-05], "lowlevel.erbbands.stdev": [0.002058011246845126, 0.00785475131124258, 0.2150052934885025, 1.9556429386138916, 22.207387924194336, 31.098377227783203, 48.03074264526367, 132.79806518554688, 90.93169403076172, 161.9887237548828, 123.03702545166016, 179.68060302734375, 51.398502349853516, 36.025978088378906, 82.67231750488281, 120.68656921386719, 83.23370361328125, 17.729053497314453, 30.952350616455078, 32.358314514160156, 10.098641395568848, 3.7840399742126465, 1.2039639949798584, 0.18422192335128784, 0.09556964039802551, 0.12874045968055725, 0.030202681198716164, 0.014102292247116566, 0.007684502750635147, 0.0029514641501009464, 0.001999527681618929, 0.0010631035547703505, 0.0005925461882725358, 0.000332977477228269, 0.00019607692956924438, 0.00013742392184212804, 2.3946180590428412e-05, 1.4858991335131577e-06, 8.143519153236412e-06, 1.9151888409396634e-05], "lowlevel.gfcc.mean": [-190.86154174804688, 175.5790557861328, -149.75685119628906, -39.587764739990234, -54.39966583251953, -21.067092895507812, -35.1453742980957, -24.22541046142578, 2.9140512943267822, -0.28012320399284363, 13.458634376525879, -2.818706512451172, 8.115571975708008], "lowlevel.melbands.mean": [1.3040032172284555e-05, 1.638969115447253e-05, 0.00020488745940383524, 0.0005706310621462762, 0.000823692767880857, 0.0015914833638817072, 0.0008592720841988921, 0.0007633870118297637, 0.0006264891126193106, 0.0004641030973289162, 7.621911936439574e-05, 4.9219914217246696e-05, 0.00010993158502969891, 0.00022322700533550233, 0.000139938885695301, 5.3010859119240195e-05, 1.3349720575206447e-05, 2.1858486434211954e-05, 1.4531269698636606e-05, 1.2256017726031132e-05, 4.425292445375817e-06, 1.6314597814925946e-06, 1.0436006050440483e-06, 3.482947619204424e-08, 5.964216143183876e-08, 6.036850663804216e-08, 5.2831740759984314e-08, 4.0705227632997776e-08, 1.249386283319609e-08, 6.8528818175650486e-09, 6.548776632087083e-09, 4.730646541162287e-09, 2.5555224603124316e-09, 1.8997783346463848e-09, 1.4060870245913293e-09, 9.386257326937653e-10, 6.135442154331372e-10, 4.135411457717453e-10, 3.069789977772075e-10, 2.4642529683482906e-10], "lowlevel.melbands.stdev": [1.5845569578232244e-05, 7.977923814905807e-05, 0.0008701632032170892, 0.0017786413663998246, 0.0014851476298645139, 0.002693114336580038, 0.001363455201499164, 0.0015567257069051266, 0.0010978584177792072, 0.001004079938866198, 0.0002670080866664648, 0.0001397438027197495, 0.0003214107418898493, 0.00042267359094694257, 0.000210894038900733, 0.00011245623318245634, 4.448323670658283e-05, 6.410644709831104e-05, 3.48983594449237e-05, 2.7147470973432064e-05, 1.1526065463840496e-05, 4.5713718463957775e-06, 3.956784894398879e-06, 6.949488806640147e-08, 1.7588827461167966e-07, 1.1252443243847665e-07, 8.837144349627124e-08, 7.646082877954541e-08, 2.5544242276964724e-08, 1.3648539187727238e-08, 1.0611746148470047e-08, 5.42850342455381e-09, 2.5925308566598915e-09, 2.0367081354777383e-09, 1.2896247403304528e-09, 9.407427059571205e-10, 5.753427179122639e-10, 4.3204950728181757e-10, 3.784250413030321e-10, 2.6432986355295895e-10], "lowlevel.melbands128.mean": [2.4293174647027627e-05, 1.6658541426295415e-05, 8.806759979052003e-06, 5.141033852851251e-06, 1.0665147783583961e-05, 2.052498166449368e-05, 6.373559881467372e-05, 0.00018625783559400588, 0.0005282573984004557, 0.0005755589809268713, 0.0006357168313115835, 0.0005984160816296935, 0.0006817802786827087, 0.0013419687747955322, 0.0019412499386817217, 0.0017296839505434036, 0.0007165895658545196, 0.0007123927352949977, 0.0008615263504907489, 0.001133889309130609, 0.0004622401902452111, 0.0005207945359870791, 0.00046680658124387264, 0.0010038817999884486, 0.0007226703455671668, 0.0001539911754662171, 0.00016787220374681056, 2.559332460805308e-05, 5.158612475497648e-05, 3.9531350921606645e-05, 1.1912386980839074e-05, 0.0001327347563346848, 0.00010451467096572742, 4.2939878767356277e-05, 0.00032178914989344776, 0.00026880233781412244, 0.00013625583960674703, 5.4517731769010425e-05, 0.00026985813747160137, 5.925977529841475e-05, 1.080065885616932e-05, 3.881108114001108e-06, 2.1356026991270483e-06, 2.0129769836785272e-05, 4.518579589785077e-05, 1.566039281897247e-05, 9.192673132929485e-06, 1.341237634733261e-06, 2.7770804081228562e-05, 2.5898523745127022e-05, 4.023332621727604e-06, 5.1218507906014565e-06, 7.3189721661037765e-06, 2.940596459666267e-06, 1.8346773913435754e-06, 1.1059335065510822e-06, 1.2835930647270288e-06, 2.6278378300048644e-06, 1.1066330785070022e-07, 3.2246148862213886e-08, 4.0937706557997444e-08, 1.959965167941391e-08, 1.5422276788967793e-08, 1.0383678272773977e-07, 8.766317449726557e-08, 5.898062482856403e-08, 3.50607329835384e-08, 3.568037598711271e-08, 2.717959546316706e-08, 1.430911851230121e-07, 2.1683259632254703e-08, 1.0525154081619803e-08, 1.5349790771779226e-08, 1.2752718880904013e-08, 8.551685581892343e-09, 8.461522149616485e-09, 5.854540852112677e-09, 3.84063625347153e-09, 9.422924662771948e-09, 5.313418149910376e-09, 4.858219604386704e-09, 4.036128764539626e-09, 4.99426811018111e-09, 1.854753350905014e-09, 1.3282280830750892e-09, 1.6693836313308452e-09, 2.569604529156777e-09, 1.3766754403121695e-09, 1.50137446919274e-09, 1.1620904238895946e-09, 1.066108312741676e-09, 7.403232471503429e-10, 1.0464551447597614e-09, 5.204001118919166e-10, 4.689790222833778e-10, 4.3560677287501903e-10, 4.180287782595826e-10, 3.387037594837494e-10, 3.321644626019804e-10, 2.421415290498885e-10, 3.2227978619125963e-10, 2.298057022454003e-10, 2.0061169392349143e-10, 1.6041304395919553e-10, 9.614552209935567e-11, 4.635869466085296e-11, 1.596057487562863e-11, 1.675911319443113e-11, 1.6718054024478235e-11, 1.529856970272636e-11, 1.3264360096409966e-11, 1.2978815071285066e-11, 7.135583790507383e-12, 6.714780207556226e-12, 6.489937059983575e-12, 6.5480789193661515e-12, 6.6376145031743494e-12, 6.701192118568899e-12, 6.330505997881319e-12, 6.146434923526289e-12, 5.944675307567593e-12, 5.901342348818561e-12, 5.907657609632855e-12, 5.73966308509144e-12, 4.912966734826885e-12, 3.509737422566217e-12, 2.7503420547969615e-12, 2.633920425515468e-12], "lowlevel.melbands128.stdev": [3.785028093261644e-05, 2.2891821572557092e-05, 1.1679522685881238e-05, 7.505453595513245e-06, 7.332606037380174e-05, 0.00015455007087439299, 0.00027174357092007995, 0.0008326285169459879, 0.002901486586779356, 0.0024256131146103144, 0.0022768699564039707, 0.001616002875380218, 0.0016071897698566318, 0.0034677863586694, 0.0039328658021986485, 0.003507074434310198, 0.0017113981302827597, 0.0021284194663167, 0.002004387555643916, 0.0029214227106422186, 0.0015037532430142164, 0.0015821148408576846, 0.0013673754874616861, 0.002275648759678006, 0.001883310149423778, 0.0006775626097805798, 0.000813623599242419, 8.86917405296117e-05, 0.00020157189283054322, 0.0001755564589984715, 4.712857480626553e-05, 0.0006020742584951222, 0.0004554502374958247, 0.00011717675079125911, 0.0008786469115875661, 0.0006517855799756944, 0.0003538705932442099, 0.00016426487127318978, 0.0005513247451744974, 0.00014482151891570538, 8.250489918282256e-05, 3.271728564868681e-05, 1.0407358786324039e-05, 7.54875727579929e-05, 0.00016992226301226765, 7.474969606846571e-05, 4.6661221858812496e-05, 6.643216238444438e-06, 7.724072929704562e-05, 6.947571819182485e-05, 2.527371543692425e-05, 1.533639988338109e-05, 2.3512948246207088e-05, 1.5494515537284315e-05, 1.0358223335060757e-05, 5.1023025662289e-06, 4.94469122713781e-06, 1.0439988727739546e-05, 4.658731427298335e-07, 9.780900711575669e-08, 1.2584817454808217e-07, 3.961254080309118e-08, 2.952927502519742e-08, 3.655279101622e-07, 2.846485074314842e-07, 1.5335224645696144e-07, 7.68047314636533e-08, 1.4516601254399575e-07, 4.7886189236123755e-08, 3.101256140780606e-07, 5.747882525497516e-08, 3.582831453741164e-08, 3.900595046957278e-08, 3.431638972983819e-08, 2.129230836089846e-08, 2.8110068939213306e-08, 8.7105673785004e-09, 7.989382488915453e-09, 1.9364488679229908e-08, 9.455155769444445e-09, 8.835834286458066e-09, 5.486943344124029e-09, 7.046290662060528e-09, 2.2015402834085762e-09, 1.5854114687741117e-09, 1.7787634698507304e-09, 3.918714686079738e-09, 1.377713498840194e-09, 1.7969242760429438e-09, 1.3249792374381286e-09, 1.6607124564416154e-09, 8.285984121059187e-10, 1.3050956981786044e-09, 7.016827674455328e-10, 5.6430665695828e-10, 4.6065298797692833e-10, 4.894212812800447e-10, 4.4407827415327006e-10, 4.730789093798649e-10, 3.539131765428749e-10, 3.60843632751795e-10, 2.942932841865087e-10, 2.6291480104134735e-10, 2.0846235848637207e-10, 2.60806570784311e-10, 2.453621750220236e-10, 2.214342043060924e-10, 2.608255555980321e-10, 2.751108230114596e-10, 2.4070845316970235e-10, 1.726467163676304e-10, 1.734886817539305e-10, 8.826097838698921e-12, 6.619015665426664e-12, 6.308973742735757e-12, 6.406460431596095e-12, 7.07048959311396e-12, 7.876336735601619e-12, 5.612255452036585e-12, 5.433218978889709e-12, 5.3102869324028745e-12, 5.1889720818765195e-12, 5.070809223906014e-12, 5.020205171707426e-12, 4.910257096757409e-12, 4.809992248250294e-12, 4.755431725483872e-12, 4.729099056799413e-12], "lowlevel.mfcc.mean": [-853.3677368164062, 217.57559204101562, -27.596914291381836, -7.932772159576416, -13.50236988067627, -3.455018997192383, -23.99698829650879, -20.721817016601562, -13.724783897399902, -6.507515907287598, -6.309613227844238, 11.199311256408691, 19.63385772705078], "lowlevel.spectral_contrast_coeffs.mean": [-0.6131985187530518, -0.5295946002006531, -0.6653790473937988, -0.6660277247428894, -0.781958281993866, -0.7949308156967163], "lowlevel.spectral_contrast_coeffs.stdev": [0.16236859560012817, 0.10914209485054016, 0.12249631434679031, 0.08061736077070236, 0.055232204496860504, 0.030076442286372185], "lowlevel.spectral_contrast_valleys.mean": [-8.929207801818848, -8.018049240112305, -9.068070411682129, -9.674967765808105, -10.565340042114258, -13.630812644958496], "lowlevel.spectral_contrast_valleys.stdev": [0.5996167063713074, 0.8061138391494751, 0.7111623883247375, 0.5824835300445557, 0.4610028564929962, 0.4005543291568756], "rhythm.beats_loudness_band_ratio.mean": [0.033911917358636856, 0.3672221302986145, 0.423407644033432, 0.18054094910621643, 0.032908085733652115, 0.0002105373132508248], "rhythm.beats_loudness_band_ratio.stdev": [0.09618058055639267, 0.31071510910987854, 0.37071332335472107, 0.2074495404958725, 0.05588258430361748, 0.0002196882851421833], "tonal.hpcp.mean": [0.1277250200510025, 0.07158677279949188, 0.0012170345289632678, 0.0008580901194363832, 0.0008052974008023739, 0.11850860714912415, 0.2698620557785034, 0.15306928753852844, 0.011089026927947998, 0.0211623627692461, 0.012909125536680222, 0.07645541429519653, 0.1671031266450882, 0.09279728680849075, 0.06390649825334549, 0.14864914119243622, 0.08667139708995819, 0.049415212124586105, 0.09328411519527435, 0.04576992243528366, 0.1532028764486313, 0.33340194821357727, 0.18270578980445862, 0.018238378688693047, 0.031089212745428085, 0.016569584608078003, 0.16662494838237762, 0.25795796513557434, 0.09378012269735336, 0.016884632408618927, 0.031496986746788025, 0.019265173003077507, 0.0614921972155571, 0.09999746829271317, 0.04335591942071915, 0.05773315206170082], "tonal.hpcp.stdev": [0.30280983448028564, 0.17986661195755005, 0.015185471624135971, 0.008120757527649403, 0.00511610833927989, 0.18772141635417938, 0.39228981733322144, 0.22758394479751587, 0.06345714628696442, 0.12298933416604996, 0.07409888505935669, 0.16129176318645477, 0.3201599717140198, 0.18489597737789154, 0.1331114023923874, 0.3041402995586395, 0.17792652547359467, 0.14442427456378937, 0.25853806734085083, 0.13236376643180847, 0.19766320288181305, 0.4027964770793915, 0.22955018281936646, 0.09157664328813553, 0.15093886852264404, 0.0818956270813942, 0.26893410086631775, 0.4002174139022827, 0.15390917658805847, 0.08821915835142136, 0.1610097736120224, 0.09521491080522537, 0.1715727001428604, 0.2616245448589325, 0.12003351747989655, 0.14525920152664185], "rhythm.beats_position": [0.54566890001297, 1.1029478311538696, 1.6718367338180542, 2.2291154861450195, 2.7863945960998535, 3.3436734676361084, 3.8893423080444336, 4.446621417999268, 4.992290019989014, 5.526349067687988, 6.060408115386963, 6.606077194213867, 7.128525733947754, 7.6625847816467285, 8.196643829345703, 8.753922462463379, 9.299592018127441, 9.845260620117188, 10.402539253234863, 10.959818840026855, 11.517097473144531, 12.074376106262207, 12.631654739379883, 13.188934326171875, 13.74621295928955, 14.303491592407227, 14.883990287780762, 15.452879905700684, 16.04498863220215, 16.671926498413086, 17.287256240844727, 17.832923889160156, 18.36698341369629, 18.91265296936035, 19.446712493896484, 19.992380142211914, 20.538049697875977, 21.09532928466797, 21.6409969329834, 22.17505645751953, 22.720726013183594, 23.289613723754883, 23.835283279418945, 24.380952835083008, 24.926620483398438, 25.48390007019043, 26.029569625854492, 26.563627243041992, 27.109296798706055, 27.654966354370117, 28.200634002685547, 28.73469352722168, 29.280363082885742, 29.814420700073242, 30.348480224609375, 30.882539749145508, 31.404987335205078, 31.92743682861328, 32.449886322021484, 32.99555587768555, 33.54122543334961, 34.07528305053711, 34.62095260620117, 35.166622161865234, 35.73550796508789, 36.30439758300781, 36.873287200927734, 37.430564880371094, 37.98784637451172, 38.54512405395508, 39.10240173339844, 39.65968322753906], "rhythm.bpm_histogram": [0.0, 0.0, 0.0, 0.0, 0.0, 0.0, 0.0, 0.0, 0.0, 0.0, 0.0, 0.0, 0.0, 0.0, 0.0, 0.0, 0.0, 0.0, 0.0, 0.0, 0.0, 0.0, 0.0, 0.0, 0.0, 0.0, 0.0, 0.0, 0.0, 0.0, 0.0, 0.0, 0.0, 0.0, 0.0, 0.0, 0.0, 0.0, 0.0, 0.0, 0.0, 0.0, 0.0, 0.0, 0.0, 0.0, 0.0, 0.0, 0.0, 0.0, 0.0, 0.0, 0.0, 0.0, 0.0, 0.0, 0.0, 0.0, 0.0, 0.0, 0.0, 0.0, 0.0, 0.0, 0.0, 0.0, 0.0, 0.0, 0.0, 0.0, 0.0, 0.0, 0.0, 0.0, 0.0, 0.0, 0.0, 0.0, 0.0, 0.0, 0.0, 0.0, 0.0, 0.0, 0.0, 0.0, 0.0, 0.0, 0.0, 0.0, 0.0, 0.0, 0.0, 0.0, 0.0, 0.0, 0.014084506779909134, 0.0, 0.014084506779909134, 0.0, 0.0, 0.014084506779909134, 0.0, 0.014084506779909134, 0.0, 0.0845070406794548, 0.0, 0.0, 0.2957746386528015, 0.0, 0.3239436745643616, 0.0, 0.18309858441352844, 0.0, 0.0, 0.056338027119636536, 0.0, 0.0, 0.0, 0.0, 0.0, 0.0, 0.0, 0.0, 0.0, 0.0, 0.0, 0.0, 0.0, 0.0, 0.0, 0.0, 0.0, 0.0, 0.0, 0.0, 0.0, 0.0, 0.0, 0.0, 0.0, 0.0, 0.0, 0.0, 0.0, 0.0, 0.0, 0.0, 0.0, 0.0, 0.0, 0.0, 0.0, 0.0, 0.0, 0.0, 0.0, 0.0, 0.0, 0.0, 0.0, 0.0, 0.0, 0.0, 0.0, 0.0, 0.0, 0.0, 0.0, 0.0, 0.0, 0.0, 0.0, 0.0, 0.0, 0.0, 0.0, 0.0, 0.0, 0.0, 0.0, 0.0, 0.0, 0.0, 0.0, 0.0, 0.0, 0.0, 0.0, 0.0, 0.0, 0.0, 0.0, 0.0, 0.0, 0.0, 0.0, 0.0, 0.0, 0.0, 0.0, 0.0, 0.0, 0.0, 0.0, 0.0, 0.0, 0.0, 0.0, 0.0, 0.0, 0.0, 0.0, 0.0, 0.0, 0.0, 0.0, 0.0, 0.0, 0.0, 0.0, 0.0, 0.0, 0.0, 0.0, 0.0, 0.0, 0.0, 0.0, 0.0, 0.0, 0.0, 0.0, 0.0, 0.0, 0.0, 0.0, 0.0, 0.0, 0.0, 0.0, 0.0, 0.0, 0.0, 0.0, 0.0, 0.0, 0.0, 0.0, 0.0], "tonal.chords_histogram": [25.578702926635742, 0.0, 12.5, 0.0, 0.23148147761821747, 0.0, 0.0, 0.0, 0.0, 0.0, 0.0, 0.0, 0.0, 2.314814805984497, 0.0, 1.5046296119689941, 1.6203703880310059, 9.606481552124023, 0.23148147761821747, 10.300926208496094, 10.185185432434082, 1.8518518209457397, 19.560184478759766, 4.513888835906982], "tonal.thpcp": [1.0, 0.5480045676231384, 0.05470387637615204, 0.09324844181537628, 0.04969852417707443, 0.49977198243141174, 0.7737146019935608, 0.2812824547290802, 0.050643473863601685, 0.0944715142250061, 0.05778362601995468, 0.18443863093852997, 0.2999306619167328, 0.1300409883260727, 0.17316381633281708, 0.38309618830680847, 0.2147161215543747, 0.0036503521259874105, 0.002573740668594837, 0.0024153951089829206, 0.35545265674591064, 0.809419572353363, 0.45911335945129395, 0.03326023370027542, 0.06347402185201645, 0.038719408214092255, 0.2293190360069275, 0.5012062191963196, 0.2783345580101013, 0.19168004393577576, 0.44585564732551575, 0.25996068120002747, 0.1482151299715042, 0.27979475259780884, 0.13728150725364685, 0.4595140516757965], "lowlevel.gfcc.cov": [[2243.697509765625, 734.7462158203125, -274.31793212890625, -244.6186981201172, -114.77654266357422, -275.4133605957031, -123.92277526855469, -255.39175415039062, -121.41168212890625, -266.4074401855469, -114.04800415039062, -84.15021514892578, 71.69189453125], [734.7462158203125, 486.3282470703125, 155.5720977783203, -28.94097328186035, 8.726308822631836, -117.19080352783203, -85.2129898071289, -248.225830078125, -213.20474243164062, -193.33157348632812, -46.02492904663086, -7.003207683563232, -7.126096248626709], [-274.31793212890625, 155.5720977783203, 588.4629516601562, 264.04119873046875, 62.462371826171875, -90.90763854980469, -118.8118667602539, -137.51219177246094, -189.91798400878906, -140.8418426513672, -91.0108871459961, 18.940507888793945, -41.12046813964844], [-244.6186981201172, -28.94097328186035, 264.04119873046875, 456.40252685546875, 154.17710876464844, -29.392955780029297, -191.28521728515625, -78.32440948486328, -70.45049285888672, -69.7976303100586, -61.2049674987793, -30.707456588745117, -83.23766326904297], [-114.77654266357422, 8.726308822631836, 62.462371826171875, 154.17710876464844, 190.998291015625, 62.15766906738281, -98.39622497558594, -147.22084045410156, -110.22611236572266, 5.894407749176025, 60.58189010620117, 26.03005599975586, -70.37483215332031], [-275.4133605957031, -117.19080352783203, -90.90763854980469, -29.392955780029297, 62.15766906738281, 345.47967529296875, 191.63818359375, -31.732236862182617, -194.75918579101562, -63.68303298950195, 75.23089599609375, 85.30165100097656, -8.168543815612793], [-123.92277526855469, -85.2129898071289, -118.8118667602539, -191.28521728515625, -98.39622497558594, 191.63818359375, 467.1502990722656, 365.9804382324219, 64.02832794189453, -164.09890747070312, -225.35118103027344, -64.69966125488281, 40.58381652832031], [-255.39175415039062, -248.225830078125, -137.51219177246094, -78.32440948486328, -147.22084045410156, -31.732236862182617, 365.9804382324219, 994.6021118164062, 802.928466796875, -41.64470672607422, -710.9569091796875, -484.953369140625, 47.67294692993164], [-121.41168212890625, -213.20474243164062, -189.91798400878906, -70.45049285888672, -110.22611236572266, -194.75918579101562, 64.02832794189453, 802.928466796875, 1046.6983642578125, 345.9481201171875, -509.0435485839844, -540.9593505859375, 16.32271957397461], [-266.4074401855469, -193.33157348632812, -140.8418426513672, -69.7976303100586, 5.894407749176025, -63.68303298950195, -164.09890747070312, -41.64470672607422, 345.9481201171875, 641.9286499023438, 378.64361572265625, -43.21038818359375, -78.95154571533203], [-114.04800415039062, -46.02492904663086, -91.0108871459961, -61.2049674987793, 60.58189010620117, 75.23089599609375, -225.35118103027344, -710.9569091796875, -509.0435485839844, 378.64361572265625, 1021.0277099609375, 593.7608032226562, -77.06777954101562], [-84.15021514892578, -7.003207683563232, 18.940507888793945, -30.707456588745117, 26.03005599975586, 85.30165100097656, -64.69966125488281, -484.953369140625, -540.9593505859375, -43.21038818359375, 593.7608032226562, 609.5753173828125, 102.03216552734375], [71.69189453125, -7.126096248626709, -41.12046813964844, -83.23766326904297, -70.37483215332031, -8.168543815612793, 40.58381652832031, 47.67294692993164, 16.32271957397461, -78.95154571533203, -77.06777954101562, 102.03216552734375, 285.6258544921875]], "lowlevel.gfcc.icov": [[0.0019132125889882445, -0.0032945137936621904, 0.0022173160687088966, -0.0005496407975442708, 0.0009686354314908385, 0.00069868826540187, 0.00031727037276141346, -4.527495184447616e-05, 0.0003200146311428398, -5.050942490925081e-05, 0.00038888640119694173, -9.768400923348963e-05, -7.467536488547921e-05], [-0.0032945137936621904, 0.011696511879563332, -0.005766754504293203, 0.00294735305942595, -0.0032415930181741714, 0.0009628798579797149, -0.0028267144225537777, 0.005383354611694813, -0.0049873641692101955, 0.006795655004680157, -0.004985010251402855, 0.005092815030366182, -0.0011214776895940304], [0.0022173160687088966, -0.005766754504293203, 0.006489999126642942, -0.0029774210415780544, 0.0023507734294980764, 0.001377103733830154, 0.0009622478974051774, -0.0018526926869526505, 0.0040410892106592655, -0.004781319294124842, 0.005152319557964802, -0.003772796830162406, 0.0013426878722384572], [-0.0005496407975442708, 0.00294735305942595, -0.0029774210415780544, 0.006138009484857321, -0.0036554033868014812, -0.00029347551753744483, 0.002378958510234952, -0.00058409059420228, -0.0006790659390389919, 0.002851981669664383, -0.0018738117069005966, 0.0017495709471404552, 0.00011858346260851249], [0.0009686354314908385, -0.0032415930181741714, 0.0023507734294980764, -0.0036554033868014812, 0.011758552864193916, -0.0034018743317574263, 0.0021491379011422396, 0.0008409078000113368, 0.0009271329618059099, -0.0036440042313188314, 0.004995536524802446, -0.0041027674451470375, 0.0030565846245735884], [0.00069868826540187, 0.0009628798579797149, 0.001377103733830154, -0.00029347551753744483, -0.0034018743317574263, 0.007849476300179958, -0.004320146050304174, 0.0009840327547863126, 0.0014511155895888805, 0.0006535002030432224, -0.0013910988345742226, 0.002329924376681447, -0.0013126559788361192], [0.00031727037276141346, -0.0028267144225537777, 0.0009622478974051774, 0.002378958510234952, 0.0021491379011422396, -0.004320146050304174, 0.010897002182900906, -0.009089218452572823, 0.006918487139046192, -0.004296790808439255, 0.0034583734814077616, -0.0032566478475928307, 0.0015697699273005128], [-4.527495184447616e-05, 0.005383354611694813, -0.0018526926869526505, -0.00058409059420228, 0.0008409078000113368, 0.0009840327547863126, -0.009089218452572823, 0.017559628933668137, -0.015128527767956257, 0.010136092081665993, -0.002930445596575737, 0.003047084202989936, 9.184855298371986e-05], [0.0003200146311428398, -0.0049873641692101955, 0.0040410892106592655, -0.0006790659390389919, 0.0009271329618059099, 0.0014511155895888805, 0.006918487139046192, -0.015128527767956257, 0.019971029832959175, -0.016774490475654602, 0.010390923358500004, -0.0054665557108819485, 0.0009695353219285607], [-5.050942490925081e-05, 0.006795655004680157, -0.004781319294124842, 0.002851981669664383, -0.0036440042313188314, 0.0006535002030432224, -0.004296790808439255, 0.010136092081665993, -0.016774490475654602, 0.02388870157301426, -0.020224006846547127, 0.015382894314825535, -0.005025558639317751], [0.00038888640119694173, -0.004985010251402855, 0.005152319557964802, -0.0018738117069005966, 0.004995536524802446, -0.0013910988345742226, 0.0034583734814077616, -0.002930445596575737, 0.010390923358500004, -0.020224006846547127, 0.024505019187927246, -0.01977095752954483, 0.008653041906654835], [-9.768400923348963e-05, 0.005092815030366182, -0.003772796830162406, 0.0017495709471404552, -0.0041027674451470375, 0.002329924376681447, -0.0032566478475928307, 0.003047084202989936, -0.0054665557108819485, 0.015382894314825535, -0.01977095752954483, 0.020836452022194862, -0.00908520445227623], [-7.467536488547921e-05, -0.0011214776895940304, 0.0013426878722384572, 0.00011858346260851249, 0.0030565846245735884, -0.0013126559788361192, 0.0015697699273005128, 9.184855298371986e-05, 0.0009695353219285607, -0.005025558639317751, 0.008653041906654835, -0.00908520445227623, 0.008332562632858753]], "lowlevel.mfcc.cov": [[2163.121826171875, 703.9124145507812, -303.2461242675781, -121.67704010009766, -154.36203002929688, -73.60234069824219, -159.4358673095703, -70.8126449584961, -97.38152313232422, -245.6181640625, -229.2677001953125, -122.70697784423828, -151.87203979492188], [703.9124145507812, 556.8847045898438, 54.11488342285156, 7.380553245544434, -51.69904327392578, -28.744272232055664, -27.843664169311523, -60.729915618896484, -122.01522827148438, -187.67678833007812, -159.65057373046875, -95.42191314697266, -61.80329895019531], [-303.2461242675781, 54.11488342285156, 406.3274230957031, 252.19439697265625, 104.49057006835938, -16.108612060546875, -22.45020866394043, 20.396488189697266, 3.9815633296966553, -41.5383186340332, -83.55957794189453, -68.387451171875, -64.4439697265625], [-121.67704010009766, 7.380553245544434, 252.19439697265625, 395.0614929199219, 209.62583923339844, 10.757290840148926, -80.37337493896484, -53.37263870239258, -64.06355285644531, -84.43675994873047, -46.3453369140625, -3.781316041946411, -57.758060455322266], [-154.36203002929688, -51.69904327392578, 104.49057006835938, 209.62583923339844, 310.306884765625, 138.5324249267578, -58.305973052978516, -134.30462646484375, -175.33811950683594, -67.5925064086914, 63.43895721435547, 6.451030254364014, -93.02195739746094], [-73.60234069824219, -28.744272232055664, -16.108612060546875, 10.757290840148926, 138.5324249267578, 356.8546447753906, 260.8598937988281, -124.56110382080078, -517.2007446289062, -350.0198974609375, 52.15872573852539, -50.95232009887695, -72.06179809570312], [-159.4358673095703, -27.843664169311523, -22.45020866394043, -80.37337493896484, -58.305973052978516, 260.8598937988281, 503.9747314453125, 174.503662109375, -432.496337890625, -488.0758972167969, -71.8763656616211, -69.97369384765625, -66.72383880615234], [-70.8126449584961, -60.729915618896484, 20.396488189697266, -53.37263870239258, -134.30462646484375, -124.56110382080078, 174.503662109375, 622.7559204101562, 476.91754150390625, -33.590248107910156, -212.1640625, -104.31204986572266, -163.3957061767578], [-97.38152313232422, -122.01522827148438, 3.9815633296966553, -64.06355285644531, -175.33811950683594, -517.2007446289062, -432.496337890625, 476.91754150390625, 1566.0186767578125, 1017.940673828125, -151.18319702148438, -62.6916389465332, -3.4080348014831543], [-245.6181640625, -187.67678833007812, -41.5383186340332, -84.43675994873047, -67.5925064086914, -350.0198974609375, -488.0758972167969, -33.590248107910156, 1017.940673828125, 1173.87646484375, 254.4973602294922, 0.6668338179588318, 47.972190856933594], [-229.2677001953125, -159.65057373046875, -83.55957794189453, -46.3453369140625, 63.43895721435547, 52.15872573852539, -71.8763656616211, -212.1640625, -151.18319702148438, 254.4973602294922, 527.0458374023438, 235.07411193847656, -35.889564514160156], [-122.70697784423828, -95.42191314697266, -68.387451171875, -3.781316041946411, 6.451030254364014, -50.95232009887695, -69.97369384765625, -104.31204986572266, -62.6916389465332, 0.6668338179588318, 235.07411193847656, 502.7150573730469, 270.5033264160156], [-151.87203979492188, -61.80329895019531, -64.4439697265625, -57.758060455322266, -93.02195739746094, -72.06179809570312, -66.72383880615234, -163.3957061767578, -3.4080348014831543, 47.972190856933594, -35.889564514160156, 270.5033264160156, 566.2041015625]], "lowlevel.mfcc.icov": [[0.0014383858069777489, -0.0016090539284050465, 0.0016710779163986444, -0.0007140185334719718, 0.0011675548739731312, -0.0009487071656621993, 0.0015048705972731113, -0.00038699666038155556, 0.0003231572627555579, 1.0176254363614134e-05, 0.0006156941526569426, -0.0003141133638564497, 0.0006544548668898642], [-0.0016090539284050465, 0.004424280487000942, -0.0023239105939865112, 0.001147623173892498, -0.00034355546813458204, 0.001387959229759872, -0.0010737100383266807, 0.0014875454362481833, -0.0005382398376241326, 0.0008066330919973552, 7.30037791072391e-05, 0.0002714258444029838, 0.00013022261555306613], [0.0016710779163986444, -0.0023239105939865112, 0.0064459205605089664, -0.003918085712939501, 0.0012531883548945189, -0.00042942186701111495, 0.0009318315424025059, -0.0008170570363290608, 0.00088871008483693, -0.0008162654703482985, 0.001141074695624411, -0.00011295692820567638, 0.0007546040578745306], [-0.0007140185334719718, 0.001147623173892498, -0.003918085712939501, 0.007371942512691021, -0.004873891826719046, 0.0026459970977157354, -0.000859515683259815, 0.0009795842925086617, -0.0006400569109246135, 0.0011969385668635368, -0.00013659328396897763, 6.343364657368511e-05, -0.00018699410429690033], [0.0011675548739731312, -0.00034355546813458204, 0.0012531883548945189, -0.004873891826719046, 0.011812402866780758, -0.008431694470345974, 0.00632276339456439, -0.001352487481199205, 0.0010639230022206903, -0.0006895647384226322, 0.0014747553505003452, -0.0017627776833251119, 0.0021439434494823217], [-0.0009487071656621993, 0.001387959229759872, -0.00042942186701111495, 0.0026459970977157354, -0.008431694470345974, 0.01515592448413372, -0.00940535869449377, 0.004677425138652325, -0.0012278789654374123, 0.002019247505813837, -0.0021941508166491985, 0.0024957519490271807, -0.0006067004287615418], [0.0015048705972731113, -0.0010737100383266807, 0.0009318315424025059, -0.000859515683259815, 0.00632276339456439, -0.00940535869449377, 0.012786163948476315, -0.006455671042203903, 0.003461408894509077, -0.0004572831094264984, 0.0011735798325389624, -0.0005198231083340943, 0.00017266618669964373], [-0.00038699666038155556, 0.0014875454362481833, -0.0008170570363290608, 0.0009795842925086617, -0.001352487481199205, 0.004677425138652325, -0.006455671042203903, 0.009825333952903748, -0.007162070367485285, 0.005762509535998106, -0.0022698105312883854, 0.0011942900018766522, 0.0012674543540924788], [0.0003231572627555579, -0.0005382398376241326, 0.00088871008483693, -0.0006400569109246135, 0.0010639230022206903, -0.0012278789654374123, 0.003461408894509077, -0.007162070367485285, 0.009985985234379768, -0.009292260743677616, 0.006780048832297325, -0.0037705502472817898, 0.0015019163256511092], [1.0176254363614134e-05, 0.0008066330919973552, -0.000816265470348298