{"song_id": "1183659929094062133", "download": "https://cdn.discordapp.com/attachments/1135903449314238464/1183659929094062133/chirp.mp4?ex=65892436&amp", "lyrics": "haydi \u015fimdi de s\u00f6yle\nseviyorum de \nne de olsa yan\u0131 ba\u015f\u0131nda\n\u015fak\u015fak\u00e7\u0131lar hep haz\u0131rd\u0131r orda\nge\u00e7mi\u015fe d\u00f6n\u00fcp bakt\u0131m bir anda\nsenin hi\u00e7 su\u00e7un yok asl\u0131nda\ntek mal benim burda", "style": ["pop</span><span>, house music"], "essentia_features": {"lowlevel.average_loudness": 0.9862028360366821, "lowlevel.barkbands_crest.mean": 15.749820709228516, "lowlevel.barkbands_crest.stdev": 7.552313804626465, "lowlevel.barkbands_flatness_db.mean": 0.21964837610721588, "lowlevel.barkbands_flatness_db.stdev": 0.12839967012405396, "lowlevel.barkbands_kurtosis.mean": 55.465057373046875, "lowlevel.barkbands_kurtosis.stdev": 95.97775268554688, "lowlevel.barkbands_skewness.mean": 4.642597675323486, "lowlevel.barkbands_skewness.stdev": 4.344246864318848, "lowlevel.barkbands_spread.mean": 22.23764991760254, "lowlevel.barkbands_spread.stdev": 25.05844497680664, "lowlevel.dissonance.mean": 0.44939854741096497, "lowlevel.dissonance.stdev": 0.04134693369269371, "lowlevel.dynamic_complexity": 3.2320830821990967, "lowlevel.erbbands_crest.mean": 8.21390438079834, "lowlevel.erbbands_crest.stdev": 3.492844581604004, "lowlevel.erbbands_flatness_db.mean": 0.1338367611169815, "lowlevel.erbbands_flatness_db.stdev": 0.05661362037062645, "lowlevel.erbbands_kurtosis.mean": 0.9602974653244019, "lowlevel.erbbands_kurtosis.stdev": 2.888420581817627, "lowlevel.erbbands_skewness.mean": 0.7164323329925537, "lowlevel.erbbands_skewness.stdev": 0.9624560475349426, "lowlevel.erbbands_spread.mean": 59.29338073730469, "lowlevel.erbbands_spread.stdev": 31.27627182006836, "lowlevel.hfc.mean": 20.895925521850586, "lowlevel.hfc.stdev": 22.88869857788086, "lowlevel.loudness_ebu128.integrated": -13.960634231567383, "lowlevel.loudness_ebu128.loudness_range": 0.5888748168945312, "lowlevel.loudness_ebu128.momentary.mean": -14.096264839172363, "lowlevel.loudness_ebu128.momentary.stdev": 1.1329443454742432, "lowlevel.loudness_ebu128.short_term.mean": -13.992450714111328, "lowlevel.loudness_ebu128.short_term.stdev": 0.2035028040409088, "lowlevel.melbands_crest.mean": 21.382976531982422, "lowlevel.melbands_crest.stdev": 8.122069358825684, "lowlevel.melbands_flatness_db.mean": 0.3020295202732086, "lowlevel.melbands_flatness_db.stdev": 0.16020052134990692, "lowlevel.melbands_kurtosis.mean": 85.99004364013672, "lowlevel.melbands_kurtosis.stdev": 111.87007141113281, "lowlevel.melbands_skewness.mean": 5.956124782562256, "lowlevel.melbands_skewness.stdev": 3.900890350341797, "lowlevel.melbands_spread.mean": 17.677547454833984, "lowlevel.melbands_spread.stdev": 26.0966739654541, "lowlevel.pitch_salience.mean": 0.4035755693912506, "lowlevel.pitch_salience.stdev": 0.20463456213474274, "lowlevel.silence_rate_20dB.mean": 1.0, "lowlevel.silence_rate_20dB.stdev": 0.0, "lowlevel.silence_rate_30dB.mean": 0.7096524834632874, "lowlevel.silence_rate_30dB.stdev": 0.45392319560050964, "lowlevel.silence_rate_60dB.mean": 0.05482625588774681, "lowlevel.silence_rate_60dB.stdev": 0.22764085233211517, "lowlevel.spectral_centroid.mean": 983.5785522460938, "lowlevel.spectral_centroid.stdev": 827.9888916015625, "lowlevel.spectral_complexity.mean": 11.396139144897461, "lowlevel.spectral_complexity.stdev": 11.770380020141602, "lowlevel.spectral_decrease.mean": -1.8839122262193086e-08, "lowlevel.spectral_decrease.stdev": 2.3665720050303207e-08, "lowlevel.spectral_energy.mean": 0.07299859821796417, "lowlevel.spectral_energy.stdev": 0.08961344510316849, "lowlevel.spectral_energyband_high.mean": 0.0013163309777155519, "lowlevel.spectral_energyband_high.stdev": 0.0019915897864848375, "lowlevel.spectral_energyband_low.mean": 0.062402669340372086, "lowlevel.spectral_energyband_low.stdev": 0.0891057699918747, "lowlevel.spectral_energyband_middle_high.mean": 0.0020882030948996544, "lowlevel.spectral_energyband_middle_high.stdev": 0.004163108766078949, "lowlevel.spectral_energyband_middle_low.mean": 0.008499149233102798, "lowlevel.spectral_energyband_middle_low.stdev": 0.014796778559684753, "lowlevel.spectral_entropy.mean": 7.4490461349487305, "lowlevel.spectral_entropy.stdev": 0.8324195742607117, "lowlevel.spectral_flux.mean": 0.11065787822008133, "lowlevel.spectral_flux.stdev": 0.11206834763288498, "lowlevel.spectral_kurtosis.mean": 9.124524116516113, "lowlevel.spectral_kurtosis.stdev": 26.597530364990234, "lowlevel.spectral_rms.mean": 0.0068744150921702385, "lowlevel.spectral_rms.stdev": 0.004894948564469814, "lowlevel.spectral_rolloff.mean": 1981.05712890625, "lowlevel.spectral_rolloff.stdev": 3125.70263671875, "lowlevel.spectral_skewness.mean": 1.8952202796936035, "lowlevel.spectral_skewness.stdev": 1.6086467504501343, "lowlevel.spectral_spread.mean": 6652325.5, "lowlevel.spectral_spread.stdev": 2830877.0, "lowlevel.spectral_strongpeak.mean": 0.6117225885391235, "lowlevel.spectral_strongpeak.stdev": 0.4543701708316803, "lowlevel.zerocrossingrate.mean": 0.0707676038146019, "lowlevel.zerocrossingrate.stdev": 0.06660893559455872, "metadata.audio_properties.analysis.equal_loudness": 0.0, "metadata.audio_properties.analysis.length": 30.03628158569336, "metadata.audio_properties.analysis.sample_rate": 44100.0, "metadata.audio_properties.analysis.start_time": 0.0, "metadata.audio_properties.bit_rate": 128166.0, "metadata.audio_properties.length": 30.03733253479004, "metadata.audio_properties.lossless": 0.0, "metadata.audio_properties.number_channels": 1.0, "metadata.audio_properties.replay_gain": -11.28561782836914, "metadata.audio_properties.sample_rate": 48000.0, "rhythm.beats_count": 62.0, "rhythm.beats_loudness.mean": 0.22549062967300415, "rhythm.beats_loudness.stdev": 0.04214690998196602, "rhythm.bpm": 123.9782943725586, "rhythm.bpm_histogram_first_peak_bpm": 123.0, "rhythm.bpm_histogram_first_peak_weight": 0.3103448152542114, "rhythm.bpm_histogram_second_peak_bpm": 129.0, "rhythm.bpm_histogram_second_peak_spread": 0.5, "rhythm.bpm_histogram_second_peak_weight": 0.016393441706895828, "rhythm.danceability": 3.8164167404174805, "rhythm.onset_rate": 6.121451377868652, "tonal.chords_changes_rate": 0.0, "tonal.chords_number_rate": 0.0015432098880410194, "tonal.chords_strength.mean": 0.6969225406646729, "tonal.chords_strength.stdev": 0.04035888612270355, "tonal.hpcp_crest.mean": 12.055112838745117, "tonal.hpcp_crest.stdev": 4.155312538146973, "tonal.hpcp_entropy.mean": 2.1321346759796143, "tonal.hpcp_entropy.stdev": 0.6393834352493286, "tonal.key_edma.strength": 0.6244691610336304, "tonal.key_krumhansl.strength": 0.6265395283699036, "tonal.key_temperley.strength": 0.6122874021530151, "tonal.tuning_diatonic_strength": 0.624610424041748, "tonal.tuning_equal_tempered_deviation": 0.3955698609352112, "tonal.tuning_frequency": 453.94061279296875, "tonal.tuning_nontempered_energy_ratio": 0.9799234867095947, "lowlevel.barkbands.mean": [0.0013785940827801824, 0.054574672132730484, 0.005175394006073475, 0.0029725381173193455, 0.003691744292154908, 0.000890771858394146, 0.00026253541000187397, 0.0004334795521572232, 0.00019727391190826893, 0.0002946751774288714, 0.00038619028055109084, 0.00024285769904963672, 0.00023160551791079342, 0.00016792002134025097, 0.00011209223157493398, 0.0001488470152253285, 0.00012584040814545006, 0.00010425260552437976, 0.00014870842278469354, 0.0002721903729252517, 0.00016128884453792125, 0.00016424432396888733, 0.00017341754573863, 0.00022811694361735135, 0.00019722666183952242, 0.0002464973949827254, 1.56271671585273e-05], "lowlevel.barkbands.stdev": [0.002397765638306737, 0.08234907686710358, 0.021383479237556458, 0.010087843053042889, 0.005267882253974676, 0.0007770833908580244, 0.0009144818759523332, 0.000530211313161999, 0.0004779474693350494, 0.0007468605181202292, 0.0011418882058933377, 0.0006254813633859158, 0.0005021816468797624, 0.00036198340239934623, 0.0002676468575373292, 0.0003575093869585544, 0.0003002976009156555, 0.00024192880664486438, 0.00036678853211924434, 0.0009672887390479445, 0.0003180246567353606, 0.0002493768115527928, 0.0003088241210207343, 0.00039578837458975613, 0.00038336985744535923, 0.00040158082265406847, 3.0117376809357665e-05], "lowlevel.erbbands.mean": [2.001133918762207, 10.425025939941406, 8.199612617492676, 7.8683576583862305, 14.768158912658691, 10.28622817993164, 2.975221633911133, 10.060667991638184, 6.909157752990723, 4.130521297454834, 9.090753555297852, 4.4270920753479, 6.885952472686768, 13.548919677734375, 14.538338661193848, 9.398848533630371, 10.0562105178833, 10.352828979492188, 6.0040154457092285, 6.9797773361206055, 8.223621368408203, 7.129502773284912, 5.420320510864258, 7.079689979553223, 9.3722562789917, 12.598073959350586, 8.075011253356934, 5.5662665367126465, 5.703055381774902, 6.0834808349609375, 4.666197776794434, 4.611390590667725, 3.6779022216796875, 2.3149688243865967, 1.3014055490493774, 0.892582356929779, 0.4952099919319153, 0.09028998017311096, 0.0018607277888804674, 0.00013594749907497317], "lowlevel.erbbands.stdev": [3.1703295707702637, 16.689516067504883, 24.648962020874023, 29.91043472290039, 27.25137710571289, 14.604727745056152, 4.237720012664795, 8.782187461853027, 14.895073890686035, 5.540064334869385, 11.915154457092285, 10.6162691116333, 15.08118724822998, 34.70923614501953, 41.46260452270508, 24.19295310974121, 21.914350509643555, 21.11960792541504, 14.294281959533691, 16.87514305114746, 19.464706420898438, 16.80181121826172, 12.546977043151855, 16.561874389648438, 29.968175888061523, 43.34260177612305, 18.295007705688477, 10.146526336669922, 8.848502159118652, 9.923389434814453, 8.284814834594727, 7.548160552978516, 7.258408546447754, 4.715977191925049, 2.5696487426757812, 1.6546763181686401, 0.8042030930519104, 0.14036476612091064, 0.0028601065278053284, 0.00012051481462549418], "lowlevel.gfcc.mean": [-30.438766479492188, 68.8967514038086, -65.02875518798828, 21.179841995239258, -58.460357666015625, 16.81340217590332, -36.50687789916992, 0.3328129053115845, -28.962244033813477, 4.227627277374268, -19.378271102905273, 3.303541660308838, -11.816549301147461], "lowlevel.melbands.mean": [0.016479546204209328, 0.007175441365689039, 0.001602696836926043, 0.0009713876061141491, 0.00013264582958072424, 0.00020418960775714368, 0.00010145272972295061, 6.242773815756664e-05, 6.569687684532255e-05, 2.6583484213915654e-05, 3.467429633019492e-05, 5.3617921366821975e-05, 5.123679875396192e-05, 3.1169915018836036e-05, 2.0473573385970667e-05, 2.4145827410393395e-05, 1.8015507521340623e-05, 9.371123269374948e-06, 8.731626621738542e-06, 9.868967026704922e-06, 9.511292773822788e-06, 7.809803719283082e-06, 5.00398800795665e-06, 5.044762929173885e-06, 5.754329777118983e-06, 5.604292709904257e-06, 9.117818080994766e-06, 8.070404874160886e-06, 5.455871814774582e-06, 3.919351456715958e-06, 2.903982704083319e-06, 3.099220066360431e-06, 3.397238288016524e-06, 3.441326725805993e-06, 2.7145172225573333e-06, 2.4162875433830777e-06, 3.0948410767450696e-06, 2.710643457248807e-06, 2.440658363411785e-06, 1.7450676068619941e-06], "lowlevel.melbands.stdev": [0.025181423872709274, 0.013439072296023369, 0.005007418803870678, 0.0014732172712683678, 0.00018369492318015546, 0.00017709998064674437, 0.0002174628316424787, 7.310146611416712e-05, 9.485296322964132e-05, 6.389786722138524e-05, 7.777704013278708e-05, 0.00013774966646451503, 0.0001527251733932644, 8.089111361186951e-05, 5.3964282415108755e-05, 4.9489834054838866e-05, 3.854326132568531e-05, 2.352965748286806e-05, 2.0655787011492066e-05, 2.452786429785192e-05, 2.286188282596413e-05, 1.8915472537628375e-05, 1.2132758456573356e-05, 1.2161347513028886e-05, 1.3759869943896774e-05, 1.4687627299281303e-05, 3.94827475247439e-05, 2.6116940716747195e-05, 1.3632814443553798e-05, 7.992223800101783e-06, 5.286669420456747e-06, 5.056659574620426e-06, 5.291168235999066e-06, 5.935513854637975e-06, 4.8341648835048545e-06, 4.6422819650615565e-06, 5.02465627505444e-06, 5.527066605282016e-06, 4.9176260290551e-06, 3.7672900816687616e-06], "lowlevel.melbands128.mean": [0.0013507810654118657, 0.015886275097727776, 0.024793565273284912, 0.01444928627461195, 0.005256587639451027, 0.0022740447893738747, 0.0014397796476259828, 0.0015929231885820627, 0.0015650682616978884, 0.001142049441114068, 0.00047200784320011735, 0.00013281639257911593, 8.591208461439237e-05, 3.491166353342123e-05, 0.0002155098190996796, 0.000353607174474746, 0.00010512866720091552, 9.204852540278807e-05, 3.3127362257800996e-05, 1.2369072464935016e-05, 0.00010039877815870568, 0.0001484636013628915, 3.048817779927049e-05, 3.19769824272953e-05, 2.7175557988812216e-05, 2.2233272829907946e-05, 3.139645195915364e-05, 2.9420303690130822e-05, 4.61724484921433e-05, 4.715680188382976e-05, 6.264279363676906e-05, 5.4609983635600656e-05, 5.330438943929039e-05, 4.61902491224464e-05, 3.829597699223086e-05, 2.560634857218247e-05, 2.1295916667440906e-05, 1.926012191688642e-05, 2.090770794893615e-05, 2.14547344512539e-05, 2.4101291273836978e-05, 3.0100636649876833e-05, 1.9086415704805404e-05, 1.1850095688714646e-05, 1.036215417116182e-05, 8.669350791024044e-06, 8.671924661030062e-06, 8.195582267944701e-06, 8.78625360201113e-06, 1.0292373190168291e-05, 9.577167475072201e-06, 9.87813291430939e-06, 1.06138686533086e-05, 8.59275405673543e-06, 8.839870133670047e-06, 8.06322532298509e-06, 6.997475793468766e-06, 5.085654265712947e-06, 4.375293883640552e-06, 4.4439188968681265e-06, 4.824350071430672e-06, 5.72533417653176e-06, 5.973215593257919e-06, 5.8332198022981174e-06, 5.24002507518162e-06, 5.428103122540051e-06, 5.7053816817642655e-06, 7.110923434083816e-06, 1.116471230488969e-05, 1.0067928087664768e-05, 8.19002070784336e-06, 6.975739779591095e-06, 6.587271855096333e-06, 5.372494797484251e-06, 3.763839913517586e-06, 4.241404440108454e-06, 4.001581146440003e-06, 2.872692448363523e-06, 2.9378597901086323e-06, 2.5267499950132333e-06, 3.103487188127474e-06, 3.2837147045938764e-06, 3.2543230190640315e-06, 3.4869942737714155e-06, 3.474405730230501e-06, 3.297031753390911e-06, 3.517261575325392e-06, 3.5647544791572727e-06, 2.3187342321762117e-06, 2.4563946681155358e-06, 2.567347337389947e-06, 2.2473909666587133e-06, 2.4487653718097135e-06, 3.0712080842931755e-06, 3.5214134186389856e-06, 3.5503105664247414e-06, 2.19772414311592e-06, 1.892892782962008e-06, 2.8211329663463403e-06, 2.689060465854709e-06, 1.7273628145630937e-06, 1.7523594806334586e-06, 1.3390831554715987e-06, 1.7624037127461634e-06, 1.146385784522863e-06, 1.4841536994936178e-06, 1.5883808828220936e-06, 1.5621355942130322e-06, 1.4909987839928363e-06, 1.4765566902497085e-06, 1.6614513924650964e-06, 2.015571681113215e-06, 1.668812615207571e-06, 1.3681493555850466e-06, 1.1811490594482166e-06, 1.1762116400859668e-06, 6.432762233998801e-07, 1.7517654882226452e-08, 2.823682121455562e-10, 1.3408377186330256e-10, 9.450265570087879e-11, 2.928458864293049e-11, 1.2653726157163536e-11, 1.2397936843822066e-11, 1.2164999042829638e-11, 1.193343254074497e-11, 1.1786827590343218e-11, 1.1712284787857019e-11], "lowlevel.melbands128.stdev": [0.002374206902459264, 0.02650454267859459, 0.03973684087395668, 0.02548786997795105, 0.015041127800941467, 0.009673657827079296, 0.006480848416686058, 0.0045913876965641975, 0.0027350280433893204, 0.0016536703333258629, 0.0006906795897521079, 0.00024793430930003524, 0.00015778526721987873, 5.8480971347307786e-05, 0.0001980296365218237, 0.00031078438041731715, 0.00019175058696419, 0.0003750778269022703, 0.00012860259448643774, 2.7563120966078714e-05, 0.00011826903937617317, 0.00018020201241597533, 0.00010476839088369161, 0.00013638424570672214, 8.595887629780918e-05, 5.797537960461341e-05, 7.033369911368936e-05, 8.200666343327612e-05, 0.00013772565580438823, 0.00016710875206626952, 0.00018017571710515767, 0.00017281431064475328, 0.00019748962949961424, 0.00014319118054118007, 0.00010868746903724968, 7.82267889007926e-05, 6.84597107465379e-05, 6.044241672498174e-05, 5.4189680668059736e-05, 5.262359627522528e-05, 5.907767263124697e-05, 5.888969462830573e-05, 4.804133277502842e-05, 3.5181379644200206e-05, 2.8545826353365555e-05, 2.453608794894535e-05, 2.494902946637012e-05, 2.0760378902195953e-05, 2.4233819203800522e-05, 2.9463226383086294e-05, 2.657373079273384e-05, 2.690364453883376e-05, 2.863924964913167e-05, 2.4132901671691798e-05, 2.284733454871457e-05, 2.2434913262259215e-05, 1.8744420231087133e-05, 1.3588474757852964e-05, 1.216842338180868e-05, 1.1405388249841053e-05, 1.3243157809483819e-05, 1.559359225211665e-05, 1.567804065416567e-05, 1.542200698168017e-05, 1.3552047676057555e-05, 1.5004658052930608e-05, 1.6556889022467658e-05, 2.854134436347522e-05, 5.920978946960531e-05, 4.3925665522692725e-05, 3.0513579986291006e-05, 2.0307103113736957e-05, 2.169251092709601e-05, 1.3554839824791998e-05, 9.388546459376812e-06, 9.471108569414355e-06, 8.535389497410506e-06, 6.352980562951416e-06, 5.994215371174505e-06, 4.397839802550152e-06, 5.719423370464938e-06, 5.834121111547574e-06, 5.521006642084103e-06, 5.782293101219693e-06, 6.200624284247169e-06, 6.110141384851886e-06, 6.774543180654291e-06, 7.018815722403815e-06, 4.467915005079703e-06, 5.040854830440367e-06, 5.779236289527034e-06, 4.701025773101719e-06, 4.624176199286012e-06, 5.256814802123699e-06, 6.4181444940913934e-06, 6.93281026542536e-06, 5.471898475661874e-06, 4.883454039372737e-06, 5.886516646569362e-06, 5.52061510461499e-06, 4.200128842057893e-06, 4.097871624253457e-06, 2.9932411962363403e-06, 4.193020231468836e-06, 2.5453352918702876e-06, 3.597345312300604e-06, 3.219524160158471e-06, 3.2825416838022647e-06, 3.2496866424480686e-06, 3.016494929397595e-06, 3.323178816572181e-06, 3.8252173908404075e-06, 2.9302655093488283e-06, 2.228648099844577e-06, 1.878508328445605e-06, 1.948557155628805e-06, 1.1970182640652638e-06, 4.3683915151859765e-08, 4.650292151353597e-09, 3.3982112679353804e-09, 2.2342614425241436e-09, 4.870379100019306e-10, 2.1300966199233606e-11, 2.0945502277047723e-11, 2.0645639711713848e-11, 2.039730884195734e-11, 2.022180166372234e-11, 2.0113620838313473e-11], "lowlevel.mfcc.mean": [-693.1512451171875, 115.81193542480469, 40.4890022277832, 15.263113975524902, 3.527282238006592, 12.131943702697754, 2.3988115787506104, -1.1057289838790894, -2.8844103813171387, -0.6813103556632996, -7.627486228942871, 0.40897390246391296, -1.8617026805877686], "lowlevel.spectral_contrast_coeffs.mean": [-0.5842304229736328, -0.7264235019683838, -0.8019050359725952, -0.8300944566726685, -0.8286480903625488, -0.7758620977401733], "lowlevel.spectral_contrast_coeffs.stdev": [0.0873958170413971, 0.06785622239112854, 0.04512208327651024, 0.032806944102048874, 0.03420285880565643, 0.04165547341108322], "lowlevel.spectral_contrast_valleys.mean": [-7.619136333465576, -7.378337860107422, -7.801491737365723, -8.202982902526855, -8.281081199645996, -10.3845853805542], "lowlevel.spectral_contrast_valleys.stdev": [1.2029153108596802, 0.643192708492279, 0.8575667142868042, 1.007663607597351, 1.2477833032608032, 1.4963737726211548], "rhythm.beats_loudness_band_ratio.mean": [0.970309317111969, 0.012156391516327858, 0.003705510636791587, 0.007554574869573116, 0.0042268335819244385, 0.0063072992488741875], "rhythm.beats_loudness_band_ratio.stdev": [0.02658189833164215, 0.008291179314255714, 0.004737830720841885, 0.011703696101903915, 0.0054039740934967995, 0.00696715759113431], "tonal.hpcp.mean": [0.11222586035728455, 0.0474519357085228, 0.035577308386564255, 0.03119875118136406, 0.03436662256717682, 0.036799848079681396, 0.042128223925828934, 0.038687221705913544, 0.03320031240582466, 0.036096297204494476, 0.10284998267889023, 0.10692306607961655, 0.04536120221018791, 0.06814930588006973, 0.06988930702209473, 0.038979075849056244, 0.026821089908480644, 0.0268886536359787, 0.03008989430963993, 0.02856583148241043, 0.02820892445743084, 0.030521992594003677, 0.03174261376261711, 0.035064928233623505, 0.13589654862880707, 0.42399272322654724, 0.3317706882953644, 0.04106582701206207, 0.030765609815716743, 0.025330863893032074, 0.021715732291340828, 0.04781222343444824, 0.22229981422424316, 0.3037377595901489, 0.2742205858230591, 0.2418641448020935], "tonal.hpcp.stdev": [0.21332597732543945, 0.15229004621505737, 0.1244201511144638, 0.11844977736473083, 0.13039295375347137, 0.13012544810771942, 0.15036936104297638, 0.13813385367393494, 0.1304326355457306, 0.11751537770032883, 0.16282972693443298, 0.18085114657878876, 0.14079785346984863, 0.210830956697464, 0.21611666679382324, 0.13574334979057312, 0.112196184694767, 0.10381096601486206, 0.10655294358730316, 0.10500498861074448, 0.1100015640258789, 0.12083824723958969, 0.12472572922706604, 0.12909041345119476, 0.18308058381080627, 0.4299357235431671, 0.34755411744117737, 0.1176227480173111, 0.12392915040254593, 0.10822808742523193, 0.07352094352245331, 0.09953293204307556, 0.3428654968738556, 0.40576067566871643, 0.3285458981990814, 0.35151907801628113], "rhythm.beats_position": [0.40634921193122864, 0.8359183669090271, 1.2887074947357178, 1.7647165060043335, 2.252335548400879, 2.728344678878784, 3.2043535709381104, 3.6919727325439453, 4.179591655731201, 4.667210578918457, 5.154829978942871, 5.630838871002197, 6.106847763061523, 6.5944671630859375, 7.082086086273193, 7.569705009460449, 8.057324409484863, 8.533332824707031, 9.020952224731445, 9.49696159362793, 9.984580039978027, 10.472199440002441, 10.959818840026855, 11.435827255249023, 11.923446655273438, 12.399456024169922, 12.88707447052002, 13.374693870544434, 13.862312316894531, 14.338321685791016, 14.8143310546875, 15.301949501037598, 15.789568901062012, 16.27718734741211, 16.764806747436523, 17.252426147460938, 17.728435516357422, 18.204444885253906, 18.692062377929688, 19.1796817779541, 19.667301177978516, 20.15492057800293, 20.642539978027344, 21.1069393157959, 21.59455680847168, 22.082176208496094, 22.569795608520508, 23.057415008544922, 23.545034408569336, 24.021041870117188, 24.497051239013672, 24.984670639038086, 25.4722900390625, 25.959909439086914, 26.447526931762695, 26.92353630065918, 27.399545669555664, 27.887165069580078, 28.374784469604492, 28.862403869628906, 29.350021362304688, 29.826030731201172], "rhythm.bpm_histogram": [0.0, 0.0, 0.0, 0.0, 0.0, 0.0, 0.0, 0.0, 0.0, 0.0, 0.0, 0.0, 0.0, 0.0, 0.0, 0.0, 0.0, 0.0, 0.0, 0.0, 0.0, 0.0, 0.0, 0.0, 0.0, 0.0, 0.0, 0.0, 0.0, 0.0, 0.0, 0.0, 0.0, 0.0, 0.0, 0.0, 0.0, 0.0, 0.0, 0.0, 0.0, 0.0, 0.0, 0.0, 0.0, 0.0, 0.0, 0.0, 0.0, 0.0, 0.0, 0.0, 0.0, 0.0, 0.0, 0.0, 0.0, 0.0, 0.0, 0.0, 0.0, 0.0, 0.0, 0.0, 0.0, 0.0, 0.0, 0.0, 0.0, 0.0, 0.0, 0.0, 0.0, 0.0, 0.0, 0.0, 0.0, 0.0, 0.0, 0.0, 0.0, 0.0, 0.0, 0.0, 0.0, 0.0, 0.0, 0.0, 0.0, 0.0, 0.0, 0.0, 0.0, 0.0, 0.0, 0.0, 0.0, 0.0, 0.0, 0.0, 0.0, 0.0, 0.0, 0.0, 0.0, 0.0, 0.0, 0.0, 0.0, 0.0, 0.0, 0.0, 0.0, 0.0, 0.0, 0.0, 0.0, 0.0, 0.0, 0.0, 0.0, 0.0, 0.0, 0.6557376980781555, 0.0, 0.0, 0.2950819730758667, 0.0, 0.0, 0.016393441706895828, 0.0, 0.0, 0.0, 0.016393441706895828, 0.0, 0.0, 0.0, 0.0, 0.0, 0.0, 0.016393441706895828, 0.0, 0.0, 0.0, 0.0, 0.0, 0.0, 0.0, 0.0, 0.0, 0.0, 0.0, 0.0, 0.0, 0.0, 0.0, 0.0, 0.0, 0.0, 0.0, 0.0, 0.0, 0.0, 0.0, 0.0, 0.0, 0.0, 0.0, 0.0, 0.0, 0.0, 0.0, 0.0, 0.0, 0.0, 0.0, 0.0, 0.0, 0.0, 0.0, 0.0, 0.0, 0.0, 0.0, 0.0, 0.0, 0.0, 0.0, 0.0, 0.0, 0.0, 0.0, 0.0, 0.0, 0.0, 0.0, 0.0, 0.0, 0.0, 0.0, 0.0, 0.0, 0.0, 0.0, 0.0, 0.0, 0.0, 0.0, 0.0, 0.0, 0.0, 0.0, 0.0, 0.0, 0.0, 0.0, 0.0, 0.0, 0.0, 0.0, 0.0, 0.0, 0.0, 0.0, 0.0, 0.0, 0.0, 0.0, 0.0, 0.0, 0.0, 0.0, 0.0, 0.0, 0.0, 0.0, 0.0, 0.0, 0.0, 0.0, 0.0, 0.0, 0.0, 0.0, 0.0, 0.0, 0.0, 0.0, 0.0, 0.0], "tonal.chords_histogram": [100.0, 0.0, 0.0, 0.0, 0.0, 0.0, 0.0, 0.0, 0.0, 0.0, 0.0, 0.0, 0.0, 0.0, 0.0, 0.0, 0.0, 0.0, 0.0, 0.0, 0.0, 0.0, 0.0, 0.0], "tonal.thpcp": [1.0, 0.7824914455413818, 0.096855029463768, 0.07256164401769638, 0.05974362790584564, 0.051217228174209595, 0.11276661604642868, 0.5243009924888611, 0.716374933719635, 0.6467577815055847, 0.5704441070556641, 0.2646881639957428, 0.11191686242818832, 0.08391018956899643, 0.073583222925663, 0.08105474710464478, 0.08679358661174774, 0.09936072677373886, 0.09124501049518585, 0.07830397039651871, 0.08513423800468445, 0.24257487058639526, 0.25218138098716736, 0.10698579996824265, 0.16073225438594818, 0.1648360937833786, 0.09193336218595505, 0.06325837224721909, 0.06341772526502609, 0.07096794992685318, 0.06737340241670609, 0.06653162091970444, 0.07198707014322281, 0.07486593723297119, 0.08270172029733658, 0.3205162286758423], "lowlevel.gfcc.cov": [[6835.16552734375, -3478.2421875, -947.7066040039062, 555.4855346679688, -128.8150634765625, 250.07763671875, -286.3528747558594, 306.8029479980469, -598.4151611328125, 272.76776123046875, -432.3311462402344, 242.03318786621094, -456.1193542480469], [-3478.2421875, 4354.56298828125, 934.7117309570312, 142.00267028808594, 1478.2845458984375, 139.7605743408203, 872.54296875, 221.76901245117188, 1011.771728515625, 65.57400512695312, 786.2664794921875, -150.20846557617188, 632.2869873046875], [-947.7066040039062, 934.7117309570312, 1024.580078125, 184.68064880371094, 342.65155029296875, 236.29296875, 259.0853576660156, 99.09092712402344, 245.81387329101562, 146.75140380859375, 180.5061492919922, 12.116806030273438, 108.55477142333984], [555.4855346679688, 142.00267028808594, 184.68064880371094, 557.0003051757812, 447.1539306640625, 257.8822326660156, 285.9627685546875, 220.38705444335938, 209.83082580566406, 152.702392578125, 178.2776336669922, 71.8291015625, 106.44384765625], [-128.8150634765625, 1478.2845458984375, 342.65155029296875, 447.1539306640625, 1225.865966796875, 359.6927795410156, 652.2386474609375, 346.5466003417969, 512.09423828125, 197.6497344970703, 422.03753662109375, 39.944114685058594, 286.3473205566406], [250.07763671875, 139.7605743408203, 236.29296875, 257.8822326660156, 359.6927795410156, 373.30047607421875, 280.73773193359375, 149.834228515625, 141.41424560546875, 114.74862670898438, 116.2724380493164, 89.2049331665039, 85.26323699951172], [-286.3528747558594, 872.54296875, 259.0853576660156, 285.9627685546875, 652.2386474609375, 280.73773193359375, 531.9822998046875, 227.63833618164062, 263.1918029785156, 87.28717041015625, 273.63421630859375, 59.61823272705078, 203.0843963623047], [306.8029479980469, 221.76901245117188, 99.09092712402344, 220.38705444335938, 346.5466003417969, 149.834228515625, 227.63833618164062, 220.61227416992188, 144.70303344726562, 112.61671447753906, 118.71342468261719, 49.722328186035156, 78.06752014160156], [-598.4151611328125, 1011.771728515625, 245.81387329101562, 209.83082580566406, 512.09423828125, 141.41424560546875, 263.1918029785156, 144.70303344726562, 434.9998474121094, 128.64137268066406, 270.43072509765625, 7.702416896820068, 193.61981201171875], [272.76776123046875, 65.57400512695312, 146.75140380859375, 152.702392578125, 197.6497344970703, 114.74862670898438, 87.28717041015625, 112.61671447753906, 128.64137268066406, 168.6852569580078, 92.03839111328125, 37.342613220214844, 33.73805618286133], [-432.3311462402344, 786.2664794921875, 180.5061492919922, 178.2776336669922, 422.03753662109375, 116.2724380493164, 273.63421630859375, 118.71342468261719, 270.43072509765625, 92.03839111328125, 286.65875244140625, 36.325904846191406, 182.88629150390625], [242.03318786621094, -150.20846557617188, 12.116806030273438, 71.8291015625, 39.944114685058594, 89.2049331665039, 59.61823272705078, 49.722328186035156, 7.702416896820068, 37.342613220214844, 36.325904846191406, 125.33905029296875, 32.50044250488281], [-456.1193542480469, 632.2869873046875, 108.55477142333984, 106.44384765625, 286.3473205566406, 85.26323699951172, 203.0843963623047, 78.06752014160156, 193.61981201171875, 33.73805618286133, 182.88629150390625, 32.50044250488281, 180.75784301757812]], "lowlevel.gfcc.icov": [[0.0005124403978697956, 0.00023529911413788795, 0.00033832553890533745, -0.0003735479258466512, -0.0005859677330590785, -0.0001300076546613127, 0.0005096064996905625, -0.0005291387205943465, 0.0006363426800817251, -0.000578276114538312, 7.74524814914912e-05, -0.0003075497515965253, 0.0005356054753065109], [0.00023529911413788795, 0.0022835738491266966, -0.0010653206845745444, 0.0012305096024647355, -0.001481895917095244, 0.0014264269266277552, -0.0008830393780954182, 0.00033256891765631735, -0.002241508336737752, 0.001811712747439742, -0.000955796567723155, 0.0018876483663916588, -0.00226530060172081], [0.00033832553890533745, -0.0010653206845745444, 0.0022779060527682304, -0.0009790851036086679, 0.0005796876503154635, -0.0014641941525042057, 0.00020768259128089994, 7.456906314473599e-05, 0.0013622891856357455, -0.0026129004545509815, 0.0005615272675640881, -0.0008217613794840872, 0.0019036330049857497], [-0.0003735479258466512, 0.0012305096024647355, -0.0009790851036086679, 0.0047728256322443485, -0.0005022899131290615, -0.00032311948598362505, -0.0008089691400527954, -0.0013475529849529266, -0.0022231184411793947, 0.0013649652246385813, -0.001679224893450737, 0.001462089130654931, -0.0014678498264402151], [-0.0005859677330590785, -0.001481895917095244, 0.0005796876503154635, -0.0005022899131290615, 0.0050549935549497604, -0.0010525877587497234, -0.0028008962981402874, -0.0009576521115377545, -0.0011529945768415928, -0.0009511365205980837, -0.0003982204361818731, 0.0005390886799432337, 0.0014203183818608522], [-0.0001300076546613127, 0.0014264269266277552, -0.0014641941525042057, -0.00032311948598362505, -0.0010525877587497234, 0.008339346386492252, -0.004885979928076267, 0.0025434282142668962, -0.0024176607839763165, -0.0014042840339243412, 0.003048062091693282, -0.0017864219844341278, -0.0020342248026281595], [0.0005096064996905625, -0.0008830393780954182, 0.00020768259128089994, -0.0008089691400527954, -0.0028008962981402874, -0.004885979928076267, 0.012465945445001125, -0.006309393793344498, 0.004483927506953478, 0.0038036664482206106, -0.004696686286479235, -0.0005813079187646508, -0.0004689664638135582], [-0.0005291387205943465, 0.00033256891765631735, 7.456906314473599e-05, -0.0013475529849529266, -0.0009576521115377545, 0.0025434282142668962, -0.006309393793344498, 0.015577130019664764, -0.0018687463598325849, -0.005983797367662191, 0.004018847364932299, -0.001302341348491609, -0.001784770516678691], [0.0006363426800817251, -0.002241508336737752, 0.0013622891856357455, -0.0022231184411793947, -0.0011529945768415928, -0.0024176607839763165, 0.004483927506953478, -0.0018687463598325849, 0.012143461965024471, -0.005095583852380514, -0.0024055649992078543, -0.00037862706813029945, -0.0008807535632513463], [-0.000578276114538312, 0.001811712747439742, -0.0026129004545509815, 0.0013649652246385813, -0.0009511365205980837, -0.0014042840339243412, 0.0038036664482206106, -0.005983797367662191, -0.005095583852380514, 0.01825861632823944, -0.006833110470324755, 0.0008951343479566276, 0.002251715399324894], [7.74524814914912e-05, -0.000955796567723155, 0.0005615272675640881, -0.001679224893450737, -0.0003982204361818731, 0.003048062091693282, -0.004696686286479235, 0.004018847364932299, -0.0024055649992078543, -0.006833110470324755, 0.018931753933429718, -0.003063266398385167, -0.00782717950642109], [-0.0003075497515965253, 0.0018876483663916588, -0.0008217613794840872, 0.001462089130654931, 0.0005390886799432337, -0.0017864219844341278, -0.0005813079187646508, -0.001302341348491609, -0.00037862706813029945, 0.0008951343479566276, -0.003063266398385167, 0.014101473614573479, -0.005739887244999409], [0.0005356054753065109, -0.00226530060172081, 0.0019036330049857497, -0.0014678498264402151, 0.0014203183818608522, -0.0020342248026281595, -0.0004689664638135582, -0.001784770516678691, -0.0008807535632513463, 0.002251715399324894, -0.00782717950642109, -0.005739887244999409, 0.024010706692934036]], "lowlevel.mfcc.cov": [[7493.912109375, -3744.98876953125, -1123.7796630859375, -8.76716423034668, -79.51754760742188, -73.00691223144531, 117.47399139404297, -52.71574401855469, -103.50979614257812, -142.52288818359375, -25.731773376464844, -142.50205993652344, -95.5419692993164], [-3744.98876953125, 4011.442138671875, 311.61602783203125, 597.296630859375, 747.7952880859375, 366.218505859375, 383.0535583496094, 358.0177917480469, 425.6012268066406, 479.08868408203125, 312.7864685058594, 435.3682861328125, 283.916748046875], [-1123.7796630859375, 311.61602783203125, 839.9014892578125, 0.9103215336799622, 4.236756324768066, 92.0476303100586, -39.43777847290039, -31.647695541381836, 8.472009658813477, 3.8440866470336914, 46.64720153808594, 39.384063720703125, 14.006902694702148], [-8.76716423034668, 597.296630859375, 0.9103215336799622, 511.3491516113281, 365.6171569824219, 207.56991577148438, 272.8030090332031, 204.75743103027344, 198.5770721435547, 245.2946319580078, 172.14627075195312, 199.71484375, 132.89784240722656], [-79.51754760742188, 747.7952880859375, 4.236756324768066, 365.6171569824219, 497.31695556640625, 279.4396057128906, 243.00726318359375, 196.55740356445312, 234.8596649169922, 255.97317504882812, 215.869873046875, 219.3927001953125, 152.96279907226562], [-73.00691223144531, 366.218505859375, 92.0476303100586, 207.56991577148438, 279.4396057128906, 347.2682189941406, 244.49746704101562, 207.54928588867188, 176.02127075195312, 171.45355224609375, 133.8083953857422, 143.14712524414062, 116.07524108886719], [117.47399139404297, 383.0535583496094, -39.43777847290039, 272.8030090332031, 243.00726318359375, 244.49746704101562, 436.08929443359375, 258.1893005371094, 191.53616333007812, 178.03758239746094, 119.5723648071289, 135.1324005126953, 113.61014556884766], [-52.71574401855469, 358.0177917480469, -31.647695541381836, 204.75743103027344, 196.55740356445312, 207.54928588867188, 258.1893005371094, 268.2593078613281, 166.6804656982422, 130.79647827148438, 83.61058807373047, 112.05070495605469, 108.30448150634766], [-103.50979614257812, 425.6012268066406, 8.472009658813477, 198.5770721435547, 234.8596649169922, 176.02127075195312, 191.53616333007812, 166.6804656982422, 208.84068298339844, 164.6325225830078, 116.86817932128906, 128.99493408203125, 91.20775604248047], [-142.52288818359375, 479.08868408203125, 3.8440866470336914, 245.2946319580078, 255.97317504882812, 171.45355224609375, 178.03758239746094, 130.79647827148438, 164.6325225830078, 234.7129364013672, 144.98672485351562, 141.10638427734375, 85.07599639892578], [-25.731773376464844, 312.7864685058594, 46.64720153808594, 172.14627075195312, 215.869873046875, 133.8083953857422, 119.5723648071289, 83.61058807373047, 116.86817932128906, 144.98672485351562, 167.7642364501953, 129.60870361328125, 79.40118408203125], [-142.50205993652344, 435.3682861328125, 39.384063720703125, 199.71484375, 219.3927001953125, 143.14712524414062, 135.1324005126953, 112.05070495605469, 128.99493408203125, 141.10638427734375, 129.60870361328125, 171.60598754882812, 98.74523162841797], [-95.5419692993164, 283.916748046875, 14.006902694702148, 132.89784240722656, 152.96279907226562, 116.07524108886719, 113.61014556884766, 108.30448150634766, 91.20775604248047, 85.07599639892578, 79.40118408203125, 98.74523162841797, 121.56757354736328]], "lowlevel.mfcc.icov": [[0.0004770360828842968, 0.0005545045714825392, 0.0004372647381387651, -0.00014588043268304318, -0.000588135386351496, 9.457277337787673e-05, -0.00031043353374116123, 0.00019370007794350386, -7.845510845072567e-05, 0.0002707451058086008, -0.0001633225620025769, -0.0002846130228135735, 0.0001634923683013767], [0.0005545045714825392, 0.00107556430157274, 0.000285803631413728, 2.1966572603560053e-05, -0.0012948146322742105, 0.0006052084499970078, -0.00035291892709210515, -4.469861232792027e-05, -0.00011717386223608628, -0.0002637646393850446, 0.0004902614164166152, -0.0009949043160304427, 4.830329999094829e-05], [0.0004372647381387651, 0.000285803631413728, 0.0019272667123004794, -0.0005069049075245857, 0.0005116309621371329, -0.001304828212596476, 5.718287138734013e-05, 0.0010480196215212345, -0.0004140134551562369, 0.0010665010195225477, -0.0011299061588943005, -0.000335812772391364, 0.00019827322103083134], [-0.00014588043268304318, 2.1966572603560053e-05, -0.0005069049075245857, 0.0059755099937319756, -0.0028503783978521824, 0.0020300066098570824, -0.0012526819482445717, -0.0017062489641830325, 0.001642621704377234, -0.003384118201211095, 0.0014785302337259054, -0.0024524701293557882, -0.00013874103024136275], [-0.000588135386351496, -0.0012948146322742105, 0.0005116309621371329, -0.0028503783978521824, 0.010767284780740738, -0.003999004140496254, 0.0013678849209100008, 0.0017590244533494115, -0.00310522154904902, -0.00011222470493521541, -0.004392898641526699, 9.609082189854234e-05, -0.0017568253679201007], [9.457277337787673e-05, 0.0006052084499970078, -0.001304828212596476, 0.0020300066098570824, -0.003999004140496254, 0.009363776072859764, -0.0015994252171367407, -0.004013418219983578, 0.0005147795309312642, -0.002213548170402646, 0.0006170489941723645, -0.0009679258801043034, -0.0007005980587564409], [-0.00031043353374116123, -0.00035291892709210515, 5.718287138734013e-05, -0.0012526819482445717, 0.0013678849209100008, -0.0015994252171367407, 0.006551761645823717, -0.003999595530331135, -0.0008358308696188033, -0.0006959630409255624, -0.0008378837956115603, 0.0008708288660272956, 0.00014351210847962648], [0.00019370007794350386, -4.469861232792027e-05, 0.0010480196215212345, -0.0017062489641830325, 0.0017590244533494115, -0.004013418219983578, -0.003999595530331135, 0.014500469900667667, -0.0059858569875359535, 0.0020942515693604946, 0.002265781396999955, 0.0003313425986561924, -0.004284380469471216], [-7.845510845072567e-05, -0.00011717386223608628, -0.0004140134551562369, 0.001642621704377234, -0.00310522154904902, 0.0005147795309312642, -0.0008358308696188033, -0.0059858569875359535, 0.01789606176316738, -0.005803897511214018, -1.1411370905989315e-05, -0.0025606006383895874, 0.0007158174412325025], [0.0002707451058086008, -0.0002637646393850446, 0.0010665010195225477, -0.003384118201211095, -0.00011222470493521541, -0.002213548170402646, -0.0006959630409255624, 0.0020942515693604946, -0.005803897511214018, 0.016953453421592712, -0.006376768462359905, -0.00039699877379462123, 0.00242225406691432], [-0.0001633225620025769, 0.0004902614164166152, -0.0011299061588943005, 0.0014785302337259054, -0.004392898641526699, 0.0006170489941723645, -0.0008378837956115603, 0.002265781396999955, -1.1411370905989315e-05, -0.006376768462359905, 0.02122856117784977, -0.008406669832766056, -0.0016225086292251945], [-0.0002846130228135735, -0.0009949043160304427, -0.000335812772391364, -0.0024524701293557882, 9.609082189854234e-05, -0.0009679258801043034, 0.0008708288660272956, 0.0003313425986561924, -0.0025606006383895874, -0.00039699877379462123, -0.008406669832766056, 0.023295054212212563, -0.006718173623085022], [0.0001634923683013767, 4.830329999094829e-05, 0.00019827322103083134, -0.00013874103024136275, -0.0017568253679201007, -0.0007005980587564409, 0.00014351210847962648, -0.004284380469471216, 0.0007158174412325025, 0.00242225406691432, -0.0016225086292251945, -0.006718173623085022, 0.019217168912291527]], "metadata.audio_properties.analysis.downmix": "mix", "metadata.audio_properties.codec": "mp3", "metadata.audio_properties.md5_encoded": "f22e1b88df7c35193f16f027dc1f2cd8", "metadata.tags.file_name": "1183659929094062133.mp3", "metadata.version.essentia": "2.1-beta6-dev", "metadata.version.essentia_git_sha": "v2.1_beta5-1110-g77a6a954", "metadata.version.extractor": "music 2.0", "tonal.chords_key": "F", "tonal.chords_scale": "minor", "tonal.key_edma.key": "F", "tonal.key_edma.scale": "minor", "tonal.key_krumhansl.key": "F", "tonal.key_krumhansl.scale": "minor", "tonal.key_temperley.key": "F", "tonal.key_temperley.scale": "minor", "metadata.tags.encoding": ["Lavf58.45.100"]}, "essentia_models": [{"model_name": "genre_dortmund", "activations": {"alternative": "0.063808054", "blues": "0.007002792", "electronic": "0.42795062", "folkcountry": "0.01335129", "funksoulrnb": "0.03834774", "jazz": "0.07010305",