{"song_id": "1183707692989169694", "download": "https://cdn.discordapp.com/attachments/1135911532732108921/1183707692989169694/chirp.mp4?ex=658950b2&amp", "lyrics": "\u0c24\u0c3f\u0c32\u0c4b\u0c24\u0c4d\u0c24\u0c2e\u0c3e \u0c2a\u0c4d\u0c30\u0c3f\u0c2f \u0c35\u0c2f\u0c4d\u0c2f\u0c3e\u0c30\u0c2e\u0c3e\n\u0c2a\u0c4d\u0c30\u0c2d\u0c3e\u0c24\u0c2e\u0c3e \u0c36\u0c41\u0c2d \u0c35\u0c38\u0c02\u0c24\u0c2e\u0c3e\n\n\u0c28\u0c47 \u0c2e\u0c4b\u0c2f\u0c32\u0c47\u0c28\u0c02\u0c1f\u0c42\n\u0c39\u0c43\u0c26\u0c2f\u0c3e\u0c28\u0c4d\u0c28\u0c3f \u0c05\u0c02\u0c26\u0c3f\u0c02\u0c1a\u0c3e\n\u0c28\u0c47\u0c28\u0c41\u0c28\u0c4d\u0c28\u0c3e \u0c32\u0c46\u0c2e\u0c4d\u0c2e\u0c02\u0c1f\u0c42\n\u0c05\u0c26 \u0c28\u0c3e\u0c32\u0c4b \u0c26\u0c3e\u0c1a\u0c47\u0c38\u0c3e\n\n\u0c0f \u0c26\u0c3e\u0c30\u0c3f\u0c32\u0c4b \u0c38\u0c3e\u0c17\u0c41\u0c24\u0c41\u0c28\u0c4d\u0c28\n\u0c0e\u0c26 \u0c28\u0c40\u0c35\u0c48\u0c2a\u0c41\u0c15\u0c47 \u0c32\u0c3e\u0c17\u0c41\u0c24\u0c4b\u0c02\u0c26\u0c3f\n\n\u0c0f \u0c35\u0c47\u0c33\u0c32\u0c4b \u0c0e\u0c2a\u0c4d\u0c2a\u0c41\u0c21\u0c48\u0c28\u0c3e \u0c2e\u0c26\u0c3f\n\u0c28\u0c40 \u0c0a\u0c39\u0c32\u0c4b \u0c0a\u0c17\u0c41\u0c24\u0c4b\u0c02\u0c26\u0c3f\n\n\u0c06\u0c05 \u0c24\u0c3f\u0c32\u0c4b\u0c24\u0c4d\u0c24\u0c2e\u0c3e \u0c2a\u0c4d\u0c30\u0c3f\u0c2f \u0c35\u0c2f\u0c4d\u0c2f\u0c3e\u0c30\u0c2e\u0c3e\n\u0c06\u0c05 \u0c06\u0c06 \u0c05\u0c05\u0c05\u0c05\u0c05\u0c05 \u0c06\u0c06\u0c06\n\n\u0c2a\u0c46\u0c26\u0c35\u0c47 \u0c13 \u0c2e\u0c27\u0c41\u0c30 \u0c15\u0c35\u0c3f\u0c24 \u0c1a\u0c26\u0c3f\u0c35\u0c47\n\u0c05\u0c21\u0c41\u0c17\u0c47 \u0c28\u0c3e \u0c17\u0c21\u0c2a \u0c28\u0c4a\u0c26\u0c3f\u0c32\u0c3f \u0c15\u0c26\u0c3f\u0c32\u0c47\n\n\u0c07\u0c28\u0c4d\u0c28\u0c3e\u0c33\u0c4d\u0c32\u0c41 \u0c32\u0c47\u0c28\u0c3f \u0c08 \u0c15\u0c4a\u0c24\u0c4d\u0c24 \u0c2c\u0c3e\u0c23\u0c40\n\u0c07\u0c35\u0c4d\u0c35\u0c3e\u0c32\u0c46 \u0c2e\u0c28\u0c15\u0c46\u0c35\u0c30\u0c41 \u0c28\u0c47\u0c30\u0c4d\u0c2a\u0c30\u0c2e\u0c4d\u0c2e\u0c3e\n\n\u0c08 \u0c2e\u0c3e\u0c2f \u0c1a\u0c47\u0c38\u0c3f\u0c02\u0c26\u0c3f \u0c2a\u0c4d\u0c30\u0c47\u0c2e\u0c47\n\u0c2a\u0c4d\u0c30\u0c3f\u0c2f\u0c3e \u0c2a\u0c4d\u0c30\u0c47\u0c2e\u0c02\u0c1f\u0c47 \u0c12\u0c15\u0c1f\u0c48\u0c28 \u0c2e\u0c28\u0c2e\u0c47\n\u0c24\u0c3f\u0c32\u0c4b\u0c24\u0c4d\u0c24\u0c2e\u0c3e \u0c36\u0c41\u0c2d \u0c35\u0c38\u0c02\u0c24\u0c2e\u0c3e\n\n\u0c15\u0c32\u0c32\u0c47 \u0c28\u0c3e \u0c0e\u0c26\u0c41\u0c1f \u0c28\u0c3f\u0c32\u0c3f\u0c1a\u0c47 \u0c28\u0c3f\u0c1c\u0c2e\u0c48\n\u0c35\u0c32\u0c2a\u0c47 \u0c28\u0c3e \u0c35\u0c4a\u0c21\u0c3f\u0c15\u0c3f \u0c26\u0c4a\u0c30\u0c3f\u0c15\u0c47 \u0c35\u0c30\u0c2e\u0c48\n\n\u0c0f \u0c30\u0c3e\u0c39\u0c41\u0c35\u0c48\u0c28 \u0c06\u0c37\u0c3e\u0c22\u0c2e\u0c48\u0c28\n\u0c08 \u0c2c\u0c3e\u0c39\u0c41 \u0c2c\u0c02\u0c27\u0c3e\u0c28\u0c4d\u0c28\u0c3f \u0c35\u0c3f\u0c21\u0c26\u0c40\u0c2f\u0c41\u0c28\u0c3e\n\n\u0c28\u0c40 \u0c2e\u0c3e\u0c1f\u0c32\u0c47 \u0c35\u0c47\u0c26\u0c2e\u0c02\u0c24\u0c4d\u0c30\u0c02\n\u0c1a\u0c46\u0c32\u0c3f \u0c28\u0c41\u0c35\u0c4d\u0c35\u0c28\u0c4d\u0c28\u0c26\u0c47 \u0c28\u0c3e \u0c2a\u0c4d\u0c30\u0c2a\u0c02\u0c1a\u0c02\n\n\u0c24\u0c3f\u0c32\u0c4b\u0c24\u0c4d\u0c24\u0c2e\u0c3e \u0c2a\u0c4d\u0c30\u0c3f\u0c2f \u0c35\u0c2f\u0c4d\u0c2f\u0c3e\u0c30\u0c2e\u0c3e\n\u0c2a\u0c4d\u0c30\u0c2d\u0c3e\u0c24\u0c2e\u0c3e \u0c36\u0c41\u0c2d \u0c35\u0c38\u0c02\u0c24\u0c2e\u0c3e\n\n\u0c28\u0c47 \u0c2e\u0c4b\u0c2f\u0c32\u0c47\u0c28\u0c02\u0c1f\u0c42\n\u0c39\u0c43\u0c26\u0c2f\u0c3e\u0c28\u0c4d\u0c28\u0c3f \u0c05\u0c02\u0c26\u0c3f\u0c02\u0c1a\u0c3e\n\u0c28\u0c47\u0c28\u0c41\u0c28\u0c4d\u0c28\u0c3e \u0c32\u0c46\u0c2e\u0c4d\u0c2e\u0c02\u0c1f\u0c42\n\u0c05\u0c26\u0c3f \u0c28\u0c3e\u0c32\u0c4b \u0c26\u0c3e\u0c1a\u0c47\u0c38\u0c3e\n\n\u0c0f \u0c26\u0c3e\u0c30\u0c3f\u0c32\u0c4b \u0c38\u0c3e\u0c17\u0c41\u0c24\u0c41\u0c28\u0c4d\u0c28 \u0c0e\u0c26\n\u0c28\u0c40\u0c35\u0c48\u0c2a\u0c41\u0c15\u0c47 \u0c32\u0c3e\u0c17\u0c41\u0c24\u0c4b\u0c02\u0c26\u0c3f\n\n\u0c0f \u0c35\u0c47\u0c33\u0c32\u0c4b \u0c0e\u0c2a\u0c4d\u0c2a\u0c41\u0c21\u0c48\u0c28\u0c3e \u0c2e\u0c26\u0c3f\n\u0c28\u0c40 \u0c0a\u0c39\u0c32\u0c4b \u0c0a\u0c17\u0c41", "style": ["house"], "essentia_features": {"lowlevel.average_loudness": 0.20573148131370544, "lowlevel.barkbands_crest.mean": 11.85354995727539, "lowlevel.barkbands_crest.stdev": 5.823995590209961, "lowlevel.barkbands_flatness_db.mean": 0.1906113475561142, "lowlevel.barkbands_flatness_db.stdev": 0.07175855338573456, "lowlevel.barkbands_kurtosis.mean": 10.74128532409668, "lowlevel.barkbands_kurtosis.stdev": 27.933666229248047, "lowlevel.barkbands_skewness.mean": 1.7637407779693604, "lowlevel.barkbands_skewness.stdev": 2.5354108810424805, "lowlevel.barkbands_spread.mean": 21.757549285888672, "lowlevel.barkbands_spread.stdev": 16.965566635131836, "lowlevel.dissonance.mean": 0.4377215504646301, "lowlevel.dissonance.stdev": 0.04667634144425392, "lowlevel.dynamic_complexity": 9.734746932983398, "lowlevel.erbbands_crest.mean": 10.986434936523438, "lowlevel.erbbands_crest.stdev": 5.852334499359131, "lowlevel.erbbands_flatness_db.mean": 0.2034212052822113, "lowlevel.erbbands_flatness_db.stdev": 0.05371041223406792, "lowlevel.erbbands_kurtosis.mean": 2.42848539352417, "lowlevel.erbbands_kurtosis.stdev": 5.339664459228516, "lowlevel.erbbands_skewness.mean": 0.6646488308906555, "lowlevel.erbbands_skewness.stdev": 1.3330600261688232, "lowlevel.erbbands_spread.mean": 35.76112747192383, "lowlevel.erbbands_spread.stdev": 19.21564292907715, "lowlevel.hfc.mean": 12.182158470153809, "lowlevel.hfc.stdev": 20.5836124420166, "lowlevel.loudness_ebu128.integrated": -30.997957229614258, "lowlevel.loudness_ebu128.loudness_range": 17.067686080932617, "lowlevel.loudness_ebu128.momentary.mean": -38.974266052246094, "lowlevel.loudness_ebu128.momentary.stdev": 8.978111267089844, "lowlevel.loudness_ebu128.short_term.mean": -37.522098541259766, "lowlevel.loudness_ebu128.short_term.stdev": 7.731896877288818, "lowlevel.melbands_crest.mean": 15.430672645568848, "lowlevel.melbands_crest.stdev": 6.672826766967773, "lowlevel.melbands_flatness_db.mean": 0.19681668281555176, "lowlevel.melbands_flatness_db.stdev": 0.08962616324424744, "lowlevel.melbands_kurtosis.mean": 22.631736755371094, "lowlevel.melbands_kurtosis.stdev": 46.68947982788086, "lowlevel.melbands_skewness.mean": 2.781712055206299, "lowlevel.melbands_skewness.stdev": 2.7395107746124268, "lowlevel.melbands_spread.mean": 33.54075241088867, "lowlevel.melbands_spread.stdev": 38.04925537109375, "lowlevel.pitch_salience.mean": 0.5161991715431213, "lowlevel.pitch_salience.stdev": 0.15980128943920135, "lowlevel.silence_rate_20dB.mean": 1.0, "lowlevel.silence_rate_20dB.stdev": 0.0, "lowlevel.silence_rate_30dB.mean": 0.9971031546592712, "lowlevel.silence_rate_30dB.stdev": 0.05374498665332794, "lowlevel.silence_rate_60dB.mean": 0.5272306203842163, "lowlevel.silence_rate_60dB.stdev": 0.4992615878582001, "lowlevel.spectral_centroid.mean": 1511.8114013671875, "lowlevel.spectral_centroid.stdev": 1017.854248046875, "lowlevel.spectral_complexity.mean": 5.133835315704346, "lowlevel.spectral_complexity.stdev": 3.8717899322509766, "lowlevel.spectral_decrease.mean": -3.323831876400618e-09, "lowlevel.spectral_decrease.stdev": 4.919174401152304e-09, "lowlevel.spectral_energy.mean": 0.01364985667169094, "lowlevel.spectral_energy.stdev": 0.020095307379961014, "lowlevel.spectral_energyband_high.mean": 0.0005845813429914415, "lowlevel.spectral_energyband_high.stdev": 0.001474014832638204, "lowlevel.spectral_energyband_low.mean": 7.611605542479083e-05, "lowlevel.spectral_energyband_low.stdev": 0.0003280318633187562, "lowlevel.spectral_energyband_middle_high.mean": 0.002402460901066661, "lowlevel.spectral_energyband_middle_high.stdev": 0.006859765388071537, "lowlevel.spectral_energyband_middle_low.mean": 0.010698440484702587, "lowlevel.spectral_energyband_middle_low.stdev": 0.01635565795004368, "lowlevel.spectral_entropy.mean": 7.411996841430664, "lowlevel.spectral_entropy.stdev": 0.6374781131744385, "lowlevel.spectral_flux.mean": 0.0397881455719471, "lowlevel.spectral_flux.stdev": 0.048481717705726624, "lowlevel.spectral_kurtosis.mean": 3.5227503776550293, "lowlevel.spectral_kurtosis.stdev": 2.111179828643799, "lowlevel.spectral_rms.mean": 0.0026660626754164696, "lowlevel.spectral_rms.stdev": 0.002491795690730214, "lowlevel.spectral_rolloff.mean": 3015.89892578125, "lowlevel.spectral_rolloff.stdev": 3792.2734375, "lowlevel.spectral_skewness.mean": 1.608506202697754, "lowlevel.spectral_skewness.stdev": 0.45727118849754333, "lowlevel.spectral_spread.mean": 6295559.0, "lowlevel.spectral_spread.stdev": 1460858.5, "lowlevel.spectral_strongpeak.mean": 1.1199233531951904, "lowlevel.spectral_strongpeak.stdev": 1.4486229419708252, "lowlevel.zerocrossingrate.mean": 0.10969212651252747, "lowlevel.zerocrossingrate.stdev": 0.09733029454946518, "metadata.audio_properties.analysis.equal_loudness": 0.0, "metadata.audio_properties.analysis.length": 40.04265213012695, "metadata.audio_properties.analysis.sample_rate": 44100.0, "metadata.audio_properties.analysis.start_time": 0.0, "metadata.audio_properties.bit_rate": 115157.0, "metadata.audio_properties.length": 40.042667388916016, "metadata.audio_properties.lossless": 0.0, "metadata.audio_properties.number_channels": 1.0, "metadata.audio_properties.replay_gain": 3.186727523803711, "metadata.audio_properties.sample_rate": 48000.0, "rhythm.beats_count": 111.0, "rhythm.beats_loudness.mean": 0.01727352850139141, "rhythm.beats_loudness.stdev": 0.02188766561448574, "rhythm.bpm": 164.8544464111328, "rhythm.bpm_histogram_first_peak_bpm": 167.0, "rhythm.bpm_histogram_first_peak_weight": 0.0, "rhythm.bpm_histogram_second_peak_bpm": 172.0, "rhythm.bpm_histogram_second_peak_spread": 0.0, "rhythm.bpm_histogram_second_peak_weight": 0.27272728085517883, "rhythm.danceability": 0.955903947353363, "rhythm.onset_rate": 2.84612774848938, "tonal.chords_changes_rate": 0.07060185074806213, "tonal.chords_number_rate": 0.009259259328246117, "tonal.chords_strength.mean": 0.4675773084163666, "tonal.chords_strength.stdev": 0.10744836926460266, "tonal.hpcp_crest.mean": 17.896162033081055, "tonal.hpcp_crest.stdev": 9.010191917419434, "tonal.hpcp_entropy.mean": 1.6191226243972778, "tonal.hpcp_entropy.stdev": 0.9154654741287231, "tonal.key_edma.strength": 0.6861778497695923, "tonal.key_krumhansl.strength": 0.6815918684005737, "tonal.key_temperley.strength": 0.7037007808685303, "tonal.tuning_diatonic_strength": 0.6021100878715515, "tonal.tuning_equal_tempered_deviation": 0.10803686082363129, "tonal.tuning_frequency": 437.9714660644531, "tonal.tuning_nontempered_energy_ratio": 0.6834471821784973, "lowlevel.barkbands.mean": [4.244196816216572e-07, 3.581714906886191e-07, 6.47299157208181e-06, 0.00023621757281944156, 0.0031285712029784918, 0.002991738263517618, 0.0015139547176659107, 0.0006132620619609952, 0.002131817862391472, 0.00029426548280753195, 0.00032663310412317514, 0.0002642812323756516, 0.0006182629731483757, 0.00047416993766091764, 0.0001390099205309525, 8.60073632793501e-05, 7.331492815865204e-05, 6.711512833135203e-05, 8.266529039246961e-05, 3.127079617115669e-05, 2.9014905521762557e-05, 0.00012183425860712305, 0.00029626398463733494, 3.349433245602995e-05, 6.692616443615407e-05, 2.2521209757542238e-05, 4.213744464465208e-09], "lowlevel.barkbands.stdev": [9.670449117038515e-07, 1.0331610837965854e-06, 4.0465722122462466e-05, 0.0008272862178273499, 0.00702151283621788, 0.008690392598509789, 0.004824430216103792, 0.002368733985349536, 0.008464050479233265, 0.0025810955557972193, 0.0014769292902201414, 0.001241366844624281, 0.0035029943101108074, 0.002420875011011958, 0.00033918957342393696, 0.00030014049843885005, 0.00037363191950134933, 0.00015151663683354855, 0.0002328658156329766, 0.00011629790242295712, 0.00012052844249410555, 0.0004555530031211674, 0.0007540635415352881, 0.00017201788432430476, 0.0001391760160913691, 3.833218943327665e-05, 5.6507190038246335e-08], "lowlevel.erbbands.mean": [2.7491498258314095e-05, 0.0003157119790557772, 0.011440942995250225, 0.404967725276947, 3.2470686435699463, 12.509202003479004, 21.74114227294922, 24.400224685668945, 19.46938133239746, 22.270841598510742, 19.16617774963379, 48.11177062988281, 19.556961059570312, 9.383554458618164, 13.88435173034668, 9.364813804626465, 22.461715698242188, 30.702917098999023, 11.176992416381836, 6.461228370666504, 5.349874019622803, 4.541123867034912, 3.7521324157714844, 4.8426432609558105, 2.7415401935577393, 1.5020636320114136, 1.1689553260803223, 1.261587381362915, 3.1406445503234863, 10.090895652770996, 7.095208644866943, 1.296725869178772, 0.5656679272651672, 0.7702674865722656, 0.43083107471466064, 0.17625650763511658, 0.025604641065001488, 0.0012901570880785584, 4.2884828872047365e-05, 1.9786071788985282e-05], "lowlevel.erbbands.stdev": [5.454105121316388e-05, 0.0007642880082130432, 0.04164538532495499, 1.2886017560958862, 7.898776531219482, 31.78721046447754, 54.637752532958984, 69.23733520507812, 67.47674560546875, 79.65560913085938, 65.76958465576172, 205.05323791503906, 87.81348419189453, 62.98579788208008, 46.833316802978516, 46.02816390991211, 111.60211944580078, 162.89691162109375, 32.03310775756836, 17.918132781982422, 19.999723434448242, 19.630321502685547, 9.6033353805542, 11.636999130249023, 7.329656600952148, 5.819186687469482, 4.709311485290527, 6.052574634552002, 11.833866119384766, 30.01835060119629, 18.425447463989258, 5.179883003234863, 2.8093721866607666, 1.8793507814407349, 0.8396624326705933, 0.3076830208301544, 0.04402922838926315, 0.0025292530190199614, 6.485792982857674e-05, 2.745611527643632e-05], "lowlevel.gfcc.mean": [-129.13565063476562, 8.32001781463623, -149.4946746826172, -18.044532775878906, -96.35124206542969, -3.9183976650238037, -74.18952941894531, -2.998185873031616, -34.25271987915039, 8.401592254638672, -18.947620391845703, 14.262664794921875, -13.355305671691895], "lowlevel.melbands.mean": [1.204081172545557e-07, 5.749518095399253e-06, 0.00013860534818377346, 0.0005477083614096045, 0.0007803437183611095, 0.0005571676883846521, 0.0002891735639423132, 0.00022001954494044185, 0.0001998120715143159, 0.0002927331952378154, 9.18773512239568e-05, 3.674152685562149e-05, 5.052574124420062e-05, 3.0749124562134966e-05, 2.6214753233944066e-05, 7.3847288149409e-05, 5.2110386604908854e-05, 1.9971350411651656e-05, 1.0677148566173855e-05, 5.614390829578042e-06, 6.051808668416925e-06, 4.369658654468367e-06, 3.777483016165206e-06, 3.6560363696480636e-06, 4.057543264934793e-06, 2.7195601433049887e-06, 1.2588832305482356e-06, 9.202022397403198e-07, 7.371407946266118e-07, 6.883894911879906e-07, 6.926243827365397e-07, 1.3892058632336557e-06, 3.0374969810509356e-06, 6.920188297954155e-06, 4.890782747679623e-06, 1.719971805869136e-06, 4.2221648755003116e-07, 3.585967363051168e-07, 4.5094378720023087e-07, 7.327237767640327e-07], "lowlevel.melbands.stdev": [3.4183327102255134e-07, 2.4939756258390844e-05, 0.000348791218129918, 0.00121903361286968, 0.001808184664696455, 0.0015617544995620847, 0.0009536873549222946, 0.0007714600651524961, 0.0008101020357571542, 0.0011858047218993306, 0.00046093633864074945, 0.00029083905974403024, 0.0001965781848412007, 0.00013757927808910608, 0.00013403095363173634, 0.0004303505993448198, 0.00026982356212101877, 7.165785791585222e-05, 2.7064786991104484e-05, 1.5897192497504875e-05, 2.3650705770705827e-05, 1.8247117623104714e-05, 2.0196695913909934e-05, 9.040837539942004e-06, 1.071923179551959e-05, 7.890646884334274e-06, 3.6769708913197974e-06, 4.126830845052609e-06, 3.286726723672473e-06, 2.8923816444148542e-06, 3.76507819055405e-06, 6.200406005518744e-06, 9.963175216398668e-06, 2.0472609321586788e-05, 1.2828974831791129e-05, 6.1794112298230175e-06, 2.32416073231434e-06, 2.0404133920237655e-06, 1.7539938426125445e-06, 1.6458008076369879e-06], "lowlevel.melbands128.mean": [1.577142825226474e-07, 1.0892491530967163e-07, 1.0682196460720661e-07, 1.3725917824558564e-07, 3.375413939465943e-07, 4.396524673211388e-06, 5.251732000033371e-05, 0.00014642409223597497, 0.00030069361673668027, 0.0005064897704869509, 0.0007442901842296124, 0.0008383005042560399, 0.0006164300139062107, 0.0009908837964758277, 0.0006076148711144924, 0.00029240420553833246, 0.00032716686837375164, 0.0002843073452822864, 0.0002215109416283667, 0.0003208485140930861, 0.0001582208351464942, 0.00012388679897412658, 9.229139686794952e-05, 0.0004300996952224523, 0.00039936613757163286, 0.000206193930353038, 0.0001727581984596327, 5.1692444685613737e-05, 6.193073932081461e-05, 3.060590097447857e-05, 1.9763456293730997e-05, 5.96220743318554e-05, 6.470659718615934e-05, 2.7615909857559018e-05, 5.216306817601435e-05, 2.147708619304467e-05, 1.4286255463957787e-05, 2.6105286451638676e-05, 3.574920992832631e-05, 3.295988790341653e-05, 8.924318535719067e-05, 0.00013099524949211627, 3.737768201972358e-05, 2.084991501760669e-05, 4.1476963815512136e-05, 1.203182455356e-05, 7.3525807238183916e-06, 1.3931528883404098e-05, 1.0458241376909427e-05, 8.117987817968242e-06, 2.951010174001567e-06, 3.941786872019293e-06, 1.1304661711619701e-05, 4.032292963529471e-06, 1.9043690144826542e-06, 4.9145955927087925e-06, 5.627310656564077e-06, 5.3046496759634465e-06, 2.572042831161525e-06, 1.986423058042419e-06, 4.860055923927575e-06, 3.840920726361219e-06, 2.4107462195388507e-06, 4.881924724031705e-06, 5.60918306291569e-06, 1.9989590782643063e-06, 1.6259770063697943e-06, 1.5887546851445222e-06, 1.0065280093840556e-06, 1.092375782718591e-06, 9.182478493130475e-07, 9.124341318056395e-07, 6.825069363003422e-07, 8.558934041502653e-07, 5.653646439895965e-07, 6.108098773438542e-07, 8.892042160368874e-07, 5.529472559828719e-07, 6.41612928120594e-07, 7.928319973871112e-07, 1.1683455340971705e-06, 1.6199348920054035e-06, 1.949392299138708e-06, 2.42749251810892e-06, 4.444834303285461e-06, 6.532810402859468e-06, 8.506847734679468e-06, 6.921774911461398e-06, 4.649942184187239e-06, 3.529134119162336e-06, 2.328702748854994e-06, 1.2531312449937104e-06, 5.222678396421543e-07, 3.4882691579696257e-07, 3.8874966890034557e-07, 3.4861272979469504e-07, 3.787094726703799e-07, 3.233887753140152e-07, 3.8390558643186523e-07, 5.196830556997156e-07, 7.031350151009974e-07, 8.313114676639088e-07, 6.958276799196028e-07, 6.410218134078605e-07, 4.199212924049789e-07, 3.644758805876336e-07, 4.451790971415903e-07, 3.356967113177234e-07, 3.6105990375290276e-07, 2.458570804719784e-07, 1.2948966343628854e-07, 9.584285720620755e-08, 5.9081706638153264e-08, 3.7785191864259104e-08, 2.1184398235618573e-08, 5.70279912182059e-09, 3.28630012091935e-10, 1.2796090576028263e-11, 6.3043979758869995e-12, 5.91279065639827e-12, 5.652599915917378e-12, 5.64946006642586e-12, 5.696767710339223e-12, 5.4709522502582875e-12, 4.468823314868198e-12, 2.7802564937784435e-12, 1.867496608742858e-12, 1.7314988418754007e-12], "lowlevel.melbands128.stdev": [4.2456218807274126e-07, 3.773457990519091e-07, 3.549426992321969e-07, 3.89937667932827e-07, 2.6881091343966546e-06, 2.73979821940884e-05, 0.00022888538660481572, 0.0005033345078118145, 0.0008734315633773804, 0.0014286328805610538, 0.0022765090689063072, 0.002613639459013939, 0.001916625420562923, 0.0036445579025894403, 0.0020244529005140066, 0.0013040691846981645, 0.0014218371361494064, 0.0013723501469939947, 0.0008689655805937946, 0.0014644311740994453, 0.0006541498587466776, 0.0006892933160997927, 0.0005711375852115452, 0.002343015046790242, 0.0021429243497550488, 0.0011669372906908393, 0.0010854590218514204, 0.00035245067556388676, 0.0007071563159115613, 0.0004649698385037482, 0.0002644331834744662, 0.0003493701806291938, 0.0003123403585050255, 0.00015920442820060998, 0.00024292869784403592, 0.00016123932437039912, 0.00018510318477638066, 0.00017699769523460418, 0.0002251298719784245, 0.0002579377614893019, 0.000751266663428396, 0.0008979971171356738, 0.0002829924342222512, 0.00011879725207109004, 0.0002007566945394501, 5.604023681371473e-05, 2.90598145511467e-05, 3.5984259739052504e-05, 5.665945718646981e-05, 2.7614860300673172e-05, 1.0580128218862228e-05, 2.200308517785743e-05, 5.5086504289647564e-05, 2.132294321199879e-05, 1.0146425665880088e-05, 2.3629063434782438e-05, 3.716861465363763e-05, 4.531667218543589e-05, 1.0975822078762576e-05, 6.529900929308496e-06, 1.5376688679680228e-05, 1.2145486834924668e-05, 8.319326298078522e-06, 1.7470039892941713e-05, 2.090184534608852e-05, 7.596426257805433e-06, 7.289780114660971e-06, 5.3357589422375895e-06, 3.5802163438347634e-06, 5.526048425963381e-06, 4.285665454517584e-06, 4.659978912968654e-06, 3.4357378808635985e-06, 4.088800778845325e-06, 2.734382178459782e-06, 2.551834086261806e-06, 4.484605597099289e-06, 2.4965863758552587e-06, 3.7740937841590494e-06, 5.426993084256537e-06, 5.825979314977303e-06, 7.945573088363744e-06, 6.672099061688641e-06, 8.86524412635481e-06, 1.536468516860623e-05, 2.128629967046436e-05, 2.655703247000929e-05, 2.222963303211145e-05, 1.1972843822150026e-05, 1.2189333574497141e-05, 9.011171641759574e-06, 5.023709036322543e-06, 2.8206857223267434e-06, 2.440327989461366e-06, 2.3803422664059326e-06, 1.9905610315618105e-06, 2.3184945803222945e-06, 2.067603645627969e-06, 1.850785793067189e-06, 1.8259327134728665e-06, 1.9203630472475197e-06, 1.903488168863987e-06, 1.4881809420330683e-06, 1.5581114212182001e-06, 1.0278556601406308e-06, 7.564705128970672e-07, 8.40428526771575e-07, 6.404568466678029e-07, 7.006463533798524e-07, 5.184417091186333e-07, 2.7580583150665916e-07, 1.8697267023526365e-07, 1.2409729777118628e-07, 1.018790030116179e-07, 6.769064953005e-08, 1.6001772351614818e-08, 2.293778722517459e-09, 2.260851644786399e-10, 1.1129472343718305e-11, 4.951990206780721e-12, 4.7742309237930325e-12, 4.686935735354059e-12, 4.6100553929839805e-12, 4.504473183342128e-12, 4.414378584893797e-12, 4.31329971739558e-12, 4.2614371233151704e-12, 4.236537336221868e-12], "lowlevel.mfcc.mean": [-773.6094970703125, 61.340206146240234, -25.80655288696289, -25.402122497558594, -19.4054012298584, -17.514698028564453, -32.367008209228516, -18.132308959960938, -25.655969619750977, -16.38720703125, -6.432206630706787, -15.705446243286133, 3.4925060272216797], "lowlevel.spectral_contrast_coeffs.mean": [-0.5443394780158997, -0.6723127365112305, -0.7430509328842163, -0.7619738578796387, -0.7901070713996887, -0.7616468071937561], "lowlevel.spectral_contrast_coeffs.stdev": [0.14581164717674255, 0.12126687169075012, 0.09367633610963821, 0.07601092755794525, 0.05750362202525139, 0.058520372956991196], "lowlevel.spectral_contrast_valleys.mean": [-10.772076606750488, -8.564684867858887, -8.885090827941895, -8.908950805664062, -8.95740795135498, -11.069835662841797], "lowlevel.spectral_contrast_valleys.stdev": [1.2551361322402954, 1.0055418014526367, 0.8590167760848999, 0.8344334959983826, 0.7380586862564087, 0.9244543313980103], "rhythm.beats_loudness_band_ratio.mean": [0.06719094514846802, 0.27585750818252563, 0.24831634759902954, 0.18258778750896454, 0.12307151407003403, 0.14735275506973267], "rhythm.beats_loudness_band_ratio.stdev": [0.16222944855690002, 0.25178465247154236, 0.21176913380622864, 0.19795989990234375, 0.13470187783241272, 0.22567850351333618], "tonal.hpcp.mean": [0.06074468791484833, 0.040333814918994904, 0.10354995727539062, 0.14867067337036133, 0.0737551674246788, 0.14955295622348785, 0.40421661734580994, 0.28792044520378113, 0.03621634468436241, 0.034108906984329224, 0.032283589243888855, 0.08412709832191467, 0.1996096819639206, 0.14549745619297028, 0.025064773857593536, 0.02123815193772316, 0.02028759755194187, 0.044769637286663055, 0.07321503758430481, 0.07269210368394852, 0.12537457048892975, 0.1935422122478485, 0.12389668822288513, 0.04052446782588959, 0.036378081887960434, 0.049191657453775406, 0.13704264163970947, 0.27988800406455994, 0.19568082690238953, 0.035629093647003174, 0.02801411971449852, 0.03574376553297043, 0.11853080987930298, 0.26086533069610596, 0.20853394269943237, 0.07809995859861374], "tonal.hpcp.stdev": [0.1842295378446579, 0.1476612538099289, 0.19213798642158508, 0.2881642282009125, 0.13707762956619263, 0.20447932183742523, 0.4073580503463745, 0.3094540536403656, 0.10783762484788895, 0.12956151366233826, 0.11834738403558731, 0.17445144057273865, 0.3102136552333832, 0.23293432593345642, 0.09533858299255371, 0.08884232491254807, 0.07585956901311874, 0.10933788865804672, 0.13889160752296448, 0.15317969024181366, 0.22316443920135498, 0.2888564169406891, 0.2153700739145279, 0.12399501353502274, 0.10939155519008636, 0.15335972607135773, 0.21448102593421936, 0.3490407168865204, 0.25735798478126526, 0.11942121386528015, 0.09155087172985077, 0.11588464677333832, 0.20264483988285065, 0.35985204577445984, 0.29937756061553955, 0.19896474480628967], "rhythm.beats_position": [0.3599092960357666, 0.7314285635948181, 1.1029478311538696, 1.4744670391082764, 1.8459863662719727, 2.217505693435669, 2.589024782180786, 2.9605441093444824, 3.320453405380249, 3.6803627014160156, 4.040272235870361, 4.400181293487549, 4.7600908279418945, 5.131609916687012, 5.503129005432129, 5.863038539886475, 6.234557628631592, 6.606077194213867, 6.977596282958984, 7.349115371704102, 7.720634937286377, 8.103763580322266, 8.4752836227417, 8.858412742614746, 9.241541862487793, 9.62467098236084, 10.007800102233887, 10.379319190979004, 10.739229202270508, 11.099138259887695, 11.447437286376953, 11.795736312866211, 12.144036293029785, 12.503945350646973, 12.86385440826416, 13.212154388427734, 13.560453414916992, 13.90875244140625, 14.257051467895508, 14.605351448059082, 14.95365047454834, 15.313559532165527, 15.673469543457031, 16.02176856994629, 16.381677627563477, 16.741586685180664, 17.089885711669922, 17.44979476928711, 17.80970573425293, 18.158004760742188, 18.506303787231445, 18.854602813720703, 19.20290184020996, 19.56281089782715, 19.911109924316406, 20.271020889282227, 20.630929946899414, 20.979228973388672, 21.31591796875, 21.664216995239258, 22.024126052856445, 22.384035110473633, 22.732336044311523, 23.09224510192871, 23.42893409729004, 23.777233123779297, 24.125532150268555, 24.473831176757812, 24.82213020324707, 25.15882110595703, 25.51873016357422, 25.867029190063477, 26.215328216552734, 26.575237274169922, 26.93514633178711, 27.306665420532227, 27.701404571533203, 28.08453369140625, 28.4560546875, 28.815963745117188, 29.187482833862305, 29.559001922607422, 29.88408088684082, 30.22076988220215, 30.53424072265625, 30.85931968688965, 31.196008682250977, 31.532697677612305, 31.857776641845703, 32.182857513427734, 32.51954650878906, 32.89106369018555, 33.250972747802734, 33.61088562011719, 33.970794677734375, 34.33070373535156, 34.69061279296875, 35.05052185058594, 35.410430908203125, 35.73550796508789, 36.08380889892578, 36.44371795654297, 36.7804069519043, 37.12870788574219, 37.488616943359375, 37.84852600097656, 38.20843505859375, 38.56834411621094, 38.91664505004883, 39.26494216918945, 39.613243103027344], "rhythm.bpm_histogram": [0.0, 0.0, 0.0, 0.0, 0.0, 0.0, 0.0, 0.0, 0.0, 0.0, 0.0, 0.0, 0.0, 0.0, 0.0, 0.0, 0.0, 0.0, 0.0, 0.0, 0.0, 0.0, 0.0, 0.0, 0.0, 0.0, 0.0, 0.0, 0.0, 0.0, 0.0, 0.0, 0.0, 0.0, 0.0, 0.0, 0.0, 0.0, 0.0, 0.0, 0.0, 0.0, 0.0, 0.0, 0.0, 0.0, 0.0, 0.0, 0.0, 0.0, 0.0, 0.0, 0.0, 0.0, 0.0, 0.0, 0.0, 0.0, 0.0, 0.0, 0.0, 0.0, 0.0, 0.0, 0.0, 0.0, 0.0, 0.0, 0.0, 0.0, 0.0, 0.0, 0.0, 0.0, 0.0, 0.0, 0.0, 0.0, 0.0, 0.0, 0.0, 0.0, 0.0, 0.0, 0.0, 0.0, 0.0, 0.0, 0.0, 0.0, 0.0, 0.0, 0.0, 0.0, 0.0, 0.0, 0.0, 0.0, 0.0, 0.0, 0.0, 0.0, 0.0, 0.0, 0.0, 0.0, 0.0, 0.0, 0.0, 0.0, 0.0, 0.0, 0.0, 0.0, 0.0, 0.0, 0.0, 0.0, 0.0, 0.0, 0.0, 0.0, 0.0, 0.0, 0.0, 0.0, 0.0, 0.0, 0.0, 0.0, 0.0, 0.0, 0.0, 0.0, 0.0, 0.0, 0.0, 0.0, 0.0, 0.0, 0.0, 0.0, 0.0, 0.0, 0.0, 0.0, 0.0, 0.0, 0.0, 0.0, 0.0, 0.0, 0.00909090880304575, 0.0, 0.0, 0.0, 0.0, 0.05454545468091965, 0.0, 0.0, 0.0, 0.19090908765792847, 0.0, 0.0, 0.0, 0.0, 0.0, 0.34545454382896423, 0.0, 0.0, 0.0, 0.0, 0.27272728085517883, 0.0, 0.0, 0.0, 0.0, 0.0, 0.072727270424366, 0.0, 0.0, 0.0, 0.0, 0.0, 0.0, 0.04545454680919647, 0.0, 0.0, 0.0, 0.0, 0.0, 0.00909090880304575, 0.0, 0.0, 0.0, 0.0, 0.0, 0.0, 0.0, 0.0, 0.0, 0.0, 0.0, 0.0, 0.0, 0.0, 0.0, 0.0, 0.0, 0.0, 0.0, 0.0, 0.0, 0.0, 0.0, 0.0, 0.0, 0.0, 0.0, 0.0, 0.0, 0.0, 0.0, 0.0, 0.0, 0.0, 0.0, 0.0, 0.0, 0.0, 0.0, 0.0, 0.0, 0.0, 0.0, 0.0, 0.0, 0.0, 0.0, 0.0, 0.0, 0.0, 0.0, 0.0, 0.0, 0.0, 0.0, 0.0, 0.0, 0.0], "tonal.chords_histogram": [31.481481552124023, 0.9259259104728699, 7.638888835906982, 0.0, 0.0, 0.11574073880910873, 0.3472222089767456, 0.0, 0.0, 0.0, 0.0, 0.0, 0.0, 0.0, 0.11574073880910873, 0.8101851940155029, 0.0, 1.1574074029922485, 0.0, 2.5462963581085205, 4.398148059844971, 11.226851463317871, 37.5, 1.7361111640930176], "tonal.thpcp": [1.0, 0.7122924327850342, 0.08959637582302094, 0.08438274264335632, 0.07986705005168915, 0.2081238031387329, 0.49381858110427856, 0.3599492311477661, 0.06200827285647392, 0.05254151299595833, 0.05018991604447365, 0.11075654625892639, 0.18112821877002716, 0.1798345297574997, 0.31016677618026733, 0.4788081645965576, 0.3065106272697449, 0.10025433450937271, 0.08999650180339813, 0.12169627845287323, 0.33903267979621887, 0.6924208402633667, 0.4840989112854004, 0.08814356476068497, 0.06930471956729889, 0.08842725306749344, 0.2932358682155609, 0.6453602313995361, 0.5158964991569519, 0.19321313500404358, 0.15027755498886108, 0.09978267550468445, 0.2561744153499603, 0.3677995204925537, 0.18246446549892426, 0.36998221278190613], "lowlevel.gfcc.cov": [[9674.6435546875, 2204.72802734375, 231.72042846679688, 179.4790802001953, -1224.826416015625, -56.50011444091797, -615.6763916015625, -641.1380004882812, -102.66131591796875, -739.6073608398438, -4.924272537231445, -380.1480407714844, -400.8424377441406], [2204.72802734375, 1771.380615234375, 598.5308837890625, 204.1446533203125, -3.7494161128997803, -34.16437530517578, -304.1859436035156, -289.4378356933594, -141.7892608642578, -338.314697265625, -100.33978271484375, -288.4529724121094, -232.6767578125], [231.72042846679688, 598.5308837890625, 1767.1068115234375, 942.7854614257812, 205.16824340820312, 163.83572387695312, -82.49462127685547, -242.07626342773438, -275.2482604980469, -521.1858520507812, -420.9458923339844, -412.8674011230469, -338.9073791503906], [179.4790802001953, 204.1446533203125, 942.7854614257812, 825.6878051757812, 200.86253356933594, 95.99785614013672, -51.836421966552734, -132.2674102783203, -150.51168823242188, -304.68804931640625, -272.2735290527344, -283.1458435058594, -169.79110717773438], [-1224.826416015625, -3.7494161128997803, 205.16824340820312, 200.86253356933594, 412.93267822265625, 64.7380599975586, 33.91097640991211, 34.59368896484375, -66.44879150390625, 24.389585494995117, -79.9952621459961, -56.878475189208984, -12.279383659362793], [-56.50011444091797, -34.16437530517578, 163.83572387695312, 95.99785614013672, 64.7380599975586, 219.5212860107422, 131.40655517578125, 0.7582129836082458, -60.58440399169922, -65.22782897949219, -41.191009521484375, -114.11384582519531, -105.05441284179688], [-615.6763916015625, -304.1859436035156, -82.49462127685547, -51.836421966552734, 33.91097640991211, 131.40655517578125, 304.0306091308594, 114.75672149658203, -52.59039306640625, 35.52070999145508, 9.752758026123047, -28.08184814453125, -33.6634635925293], [-641.1380004882812, -289.4378356933594, -242.07626342773438, -132.2674102783203, 34.59368896484375, 0.7582129836082458, 114.75672149658203, 178.52635192871094, 75.08039093017578, 118.2203369140625, 43.52531814575195, 55.95755386352539, 37.331947326660156], [-102.66131591796875, -141.7892608642578, -275.2482604980469, -150.51168823242188, -66.44879150390625, -60.58440399169922, -52.59039306640625, 75.08039093017578, 185.63079833984375, 119.08148193359375, 58.24230194091797, 100.3112564086914, 59.75935363769531], [-739.6073608398438, -338.314697265625, -521.1858520507812, -304.68804931640625, 24.389585494995117, -65.22782897949219, 35.52070999145508, 118.2203369140625, 119.08148193359375, 290.3539123535156, 169.4088897705078, 172.0836181640625, 140.6887969970703], [-4.924272537231445, -100.33978271484375, -420.9458923339844, -272.2735290527344, -79.9952621459961, -41.191009521484375, 9.752758026123047, 43.52531814575195, 58.24230194091797, 169.4088897705078, 199.90496826171875, 146.73568725585938, 100.03795623779297], [-380.1480407714844, -288.4529724121094, -412.8674011230469, -283.1458435058594, -56.878475189208984, -114.11384582519531, -28.08184814453125, 55.95755386352539, 100.3112564086914, 172.0836181640625, 146.73568725585938, 282.5086364746094, 189.8865203857422], [-400.8424377441406, -232.6767578125, -338.9073791503906, -169.79110717773438, -12.279383659362793, -105.05441284179688, -33.6634635925293, 37.331947326660156, 59.75935363769531, 140.6887969970703, 100.03795623779297, 189.8865203857422, 223.78518676757812]], "lowlevel.gfcc.icov": [[0.0005350335268303752, -0.0005367661942727864, 0.0006943682092241943, -0.0007736893021501601, 0.0017422292148694396, -0.0007261339924298227, 0.0008116157841868699, 3.4006985515588894e-05, 0.0006427675252780318, 0.0003133407444693148, 0.00016955351748038083, -0.0003734808415174484, 0.000608425063546747], [-0.0005367661942727864, 0.0021513502579182386, -0.0010226720478385687, 0.001981074223294854, -0.003092281287536025, 0.0021371780894696712, -0.00022115895990282297, 0.0012890108628198504, -0.0016476634191349149, 0.002616843907162547, -0.0030153710395097733, 0.002723068930208683, -0.0003527904918882996], [0.0006943682092241943, -0.0010226720478385687, 0.0033503903541713953, -0.0028280068654567003, 0.0024831262417137623, -0.0015435307286679745, 0.0015105520142242312, 7.556092168670148e-05, 0.0023078760132193565, 0.0004923489759676158, 0.0025298604741692543, -0.002153904177248478, 0.002505876822397113], [-0.0007736893021501601, 0.001981074223294854, -0.0028280068654567003, 0.006143548991531134, -0.004888312891125679, 0.0025252599734812975, -0.001165547757409513, 0.0015846893656998873, -0.003115980187430978, 0.0033665501978248358, -0.0024025882594287395, 0.004722095560282469, -0.0026872241869568825], [0.0017422292148694396, -0.003092281287536025, 0.0024831262417137623, -0.004888312891125679, 0.011860397644340992, -0.005898304283618927, 0.004373319912701845, -0.0034441433381289244, 0.007030583918094635, -0.006521407049149275, 0.006813467014580965, -0.004297458101063967, 0.001894576707854867], [-0.0007261339924298227, 0.0021371780894696712, -0.0015435307286679745, 0.0025252599734812975, -0.005898304283618927, 0.012224609963595867, -0.006167827174067497, 0.004169835243374109, -0.004850845783948898, 0.004955456126481295, -0.006187931634485722, 0.005094656255096197, 0.0009147608070634305], [0.0008116157841868699, -0.00022115895990282297, 0.0015105520142242312, -0.001165547757409513, 0.004373319912701845, -0.006167827174067497, 0.011239029467105865, -0.0070585706271231174, 0.00750073604285717, -0.0012663727393373847, 0.0018910026410594583, -0.0013810602249577641, 0.001959495712071657], [3.4006985515588894e-05, 0.0012890108628198504, 7.556092168670148e-05, 0.0015846893656998873, -0.0034441433381289244, 0.004169835243374109, -0.0070585706271231174, 0.01622316613793373, -0.007971465587615967, 0.0013259743573144078, -0.0018277590861544013, 0.0028071149718016386, 0.000448509439593181], [0.0006427675252780318, -0.0016476634191349149, 0.0023078760132193565, -0.003115980187430978, 0.007030583918094635, -0.004850845783948898, 0.00750073604285717, -0.007971465587615967, 0.016687113791704178, -0.00829199980944395, 0.007885622791945934, -0.006190567277371883, 0.003620478790253401], [0.0003133407444693148, 0.002616843907162547, 0.0004923489759676158, 0.0033665501978248358, -0.006521407049149275, 0.004955456126481295, -0.0012663727393373847, 0.0013259743573144078, -0.00829199980944395, 0.022650038823485374, -0.014813208021223545, 0.005795968696475029, -0.002182643860578537], [0.00016955351748038083, -0.0030153710395097733, 0.0025298604741692543, -0.0024025882594287395, 0.006813467014580965, -0.006187931634485722, 0.0018910026410594583, -0.0018277590861544013, 0.007885622791945934, -0.014813208021223545, 0.023514749482274055, -0.009425967000424862, 0.0019286546157673001], [-0.0003734808415174484, 0.002723068930208683, -0.002153904177248478, 0.004722095560282469, -0.004297458101063967, 0.005094656255096197, -0.0013810602249577641, 0.0028071149718016386, -0.006190567277371883, 0.005795968696475029, -0.009425967000424862, 0.017007235437631607, -0.00824509747326374], [0.000608425063546747, -0.0003527904918882996, 0.002505876822397113, -0.0026872241869568825, 0.001894576707854867, 0.0009147608070634305, 0.001959495712071657, 0.000448509439593181, 0.003620478790253401, -0.002182643860578537, 0.0019286546157673001, -0.00824509747326374, 0.014240369200706482]], "lowlevel.mfcc.cov": [[9089.11328125, 1104.8031005859375, 499.4530944824219, -325.69580078125, -560.9227294921875, -141.36895751953125, -809.6806030273438, -15.961984634399414, -1030.65966796875, -178.07675170898438, 128.34544372558594, -946.0858764648438, -261.4603271484375], [1104.8031005859375, 1266.019287109375, 222.80044555664062, -13.174059867858887, 144.73373413085938, -14.907204627990723, -100.90186309814453, -70.84790802001953, -232.9715576171875, -121.57220458984375, -68.630859375, -161.79656982421875, -21.832611083984375], [499.4530944824219, 222.80044555664062, 1451.08837890625, 587.7568969726562, 325.78656005859375, 277.8421325683594, 70.89083099365234, 202.04019165039062, -78.23848724365234, -49.119651794433594, -138.3792724609375, -237.59652709960938, -363.8045959472656], [-325.69580078125, -13.174059867858887, 587.7568969726562, 556.0482788085938, 311.895263671875, 146.63783264160156, 83.35072326660156, 49.006019592285156, 91.06317901611328, -76.33097076416016, -121.47572326660156, -48.11347961425781, -155.84315490722656], [-560.9227294921875, 144.73373413085938, 325.78656005859375, 311.895263671875, 418.5284118652344, 130.14434814453125, 32.106956481933594, -4.333467960357666, 78.02336883544922, -53.949424743652344, -83.80819702148438, 13.058886528015137, -81.58142852783203], [-141.36895751953125, -14.907204627990723, 277.8421325683594, 146.63783264160156, 130.14434814453125, 207.24407958984375, 133.4202423095703, 60.990081787109375, 9.567778587341309, 25.388154983520508, -36.12403106689453, -38.16616439819336, -94.4449691772461], [-809.6806030273438, -100.90186309814453, 70.89083099365234, 83.35072326660156, 32.106956481933594, 133.4202423095703, 401.798828125, 87.03520965576172, 69.19880676269531, 133.91783142089844, -37.417545318603516, 45.40447998046875, -28.621116638183594], [-15.961984634399414, -70.84790802001953, 202.04019165039062, 49.006019592285156, -4.333467960357666, 60.990081787109375, 87.03520965576172, 178.4386749267578, 22.00676918029785, 66.49662017822266, 3.363704204559326, -36.56012725830078, -61.461669921875], [-1030.65966796875, -232.9715576171875, -78.23848724365234, 91.06317901611328, 78.02336883544922, 9.567778587341309, 69.19880676269531, 22.00676918029785, 240.3333740234375, 31.033586502075195, -28.071428298950195, 143.83580017089844, 36.83597183227539], [-178.07675170898438, -121.57220458984375, -49.119651794433594, -76.33097076416016, -53.949424743652344, 25.388154983520508, 133.91783142089844, 66.49662017822266, 31.033586502075195, 241.4032745361328, 67.71869659423828, 22.677339553833008, -23.839590072631836], [128.34544372558594, -68.630859375, -138.3792724609375, -121.47572326660156, -83.80819702148438, -36.12403106689453, -37.417545318603516, 3.363704204559326, -28.071428298950195, 67.71869659423828, 156.50059509277344, 10.91112995147705, 26.009008407592773], [-946.0858764648438, -161.79656982421875, -237.59652709960938, -48.11347961425781, 13.058886528015137, -38.16616439819336, 45.40447998046875, -36.56012725830078, 143.83580017089844, 22.677339553833008, 10.91112995147705, 256.9211120605469, 128.0723114013672], [-261.4603271484375, -21.832611083984375, -363.8045959472656, -155.84315490722656, -81.58142852783203, -94.4449691772461, -28.621116638183594, -61.461669921875, 36.83597183227539, -23.839590072631836, 26.009008407592773, 128.0723114013672, 233.03456115722656]], "lowlevel.mfcc.icov": [[0.0003518