{"song_id": "1183719698488102952", "download": "https://cdn.discordapp.com/attachments/1135911532732108921/1183719698488102952/chirp.mp4?ex=65895be0&amp", "lyrics": "[Verse]\nIn the depths of silence, where notes unfold\nA melody appears, so pure and bold\nIt dances on the air, whispers in the breeze\nPure music's essence, a symphony with ease\n\n[Chorus]\nPure music, oh, how it fills our souls\nTranscending boundaries, making us whole\nWith every chord struck, our spirits take flight\nPure music, our guiding light in the night", "style": ["pure music"], "essentia_features": {"lowlevel.average_loudness": 0.8252551555633545, "lowlevel.barkbands_crest.mean": 15.005290985107422, "lowlevel.barkbands_crest.stdev": 5.281819820404053, "lowlevel.barkbands_flatness_db.mean": 0.3318387269973755, "lowlevel.barkbands_flatness_db.stdev": 0.07413195818662643, "lowlevel.barkbands_kurtosis.mean": 48.58682632446289, "lowlevel.barkbands_kurtosis.stdev": 188.0666961669922, "lowlevel.barkbands_skewness.mean": 3.2719638347625732, "lowlevel.barkbands_skewness.stdev": 4.751674175262451, "lowlevel.barkbands_spread.mean": 10.508951187133789, "lowlevel.barkbands_spread.stdev": 20.839393615722656, "lowlevel.dissonance.mean": 0.3314248323440552, "lowlevel.dissonance.stdev": 0.09058777242898941, "lowlevel.dynamic_complexity": 6.366661071777344, "lowlevel.erbbands_crest.mean": 16.81100082397461, "lowlevel.erbbands_crest.stdev": 5.995669364929199, "lowlevel.erbbands_flatness_db.mean": 0.3043351471424103, "lowlevel.erbbands_flatness_db.stdev": 0.06898568570613861, "lowlevel.erbbands_kurtosis.mean": 21.3936767578125, "lowlevel.erbbands_kurtosis.stdev": 41.82874298095703, "lowlevel.erbbands_skewness.mean": 2.1199393272399902, "lowlevel.erbbands_skewness.stdev": 2.9674336910247803, "lowlevel.erbbands_spread.mean": 20.18727684020996, "lowlevel.erbbands_spread.stdev": 31.5662841796875, "lowlevel.hfc.mean": 9.703156471252441, "lowlevel.hfc.stdev": 14.47718334197998, "lowlevel.loudness_ebu128.integrated": -21.378324508666992, "lowlevel.loudness_ebu128.loudness_range": 5.872295379638672, "lowlevel.loudness_ebu128.momentary.mean": -24.23833656311035, "lowlevel.loudness_ebu128.momentary.stdev": 5.912595748901367, "lowlevel.loudness_ebu128.short_term.mean": -22.441604614257812, "lowlevel.loudness_ebu128.short_term.stdev": 2.177046060562134, "lowlevel.melbands_crest.mean": 18.748363494873047, "lowlevel.melbands_crest.stdev": 6.446759223937988, "lowlevel.melbands_flatness_db.mean": 0.393916517496109, "lowlevel.melbands_flatness_db.stdev": 0.08853980153799057, "lowlevel.melbands_kurtosis.mean": 45.013797760009766, "lowlevel.melbands_kurtosis.stdev": 88.95004272460938, "lowlevel.melbands_skewness.mean": 2.9314894676208496, "lowlevel.melbands_skewness.stdev": 3.152376651763916, "lowlevel.melbands_spread.mean": 17.348155975341797, "lowlevel.melbands_spread.stdev": 45.91761779785156, "lowlevel.pitch_salience.mean": 0.46292081475257874, "lowlevel.pitch_salience.stdev": 0.1467888057231903, "lowlevel.silence_rate_20dB.mean": 1.0, "lowlevel.silence_rate_20dB.stdev": 0.0, "lowlevel.silence_rate_30dB.mean": 0.9870967864990234, "lowlevel.silence_rate_30dB.stdev": 0.11285708844661713, "lowlevel.silence_rate_60dB.mean": 0.30465948581695557, "lowlevel.silence_rate_60dB.stdev": 0.4602614939212799, "lowlevel.spectral_centroid.mean": 756.0947875976562, "lowlevel.spectral_centroid.stdev": 1279.8603515625, "lowlevel.spectral_complexity.mean": 4.699641704559326, "lowlevel.spectral_complexity.stdev": 2.8825488090515137, "lowlevel.spectral_decrease.mean": -4.228806638195692e-09, "lowlevel.spectral_decrease.stdev": 6.049241108030401e-09, "lowlevel.spectral_energy.mean": 0.016840599477291107, "lowlevel.spectral_energy.stdev": 0.02368347719311714, "lowlevel.spectral_energyband_high.mean": 0.00034291521296836436, "lowlevel.spectral_energyband_high.stdev": 0.001176041434518993, "lowlevel.spectral_energyband_low.mean": 0.0012994327116757631, "lowlevel.spectral_energyband_low.stdev": 0.0024277002085000277, "lowlevel.spectral_energyband_middle_high.mean": 0.0005106364260427654, "lowlevel.spectral_energyband_middle_high.stdev": 0.002310064621269703, "lowlevel.spectral_energyband_middle_low.mean": 0.015530310571193695, "lowlevel.spectral_energyband_middle_low.stdev": 0.0224640890955925, "lowlevel.spectral_entropy.mean": 5.971863269805908, "lowlevel.spectral_entropy.stdev": 0.9787851572036743, "lowlevel.spectral_flux.mean": 0.0426868237555027, "lowlevel.spectral_flux.stdev": 0.04082489758729935, "lowlevel.spectral_kurtosis.mean": 20.97844696044922, "lowlevel.spectral_kurtosis.stdev": 26.16411590576172, "lowlevel.spectral_rms.mean": 0.003264298662543297, "lowlevel.spectral_rms.stdev": 0.0024029575288295746, "lowlevel.spectral_rolloff.mean": 1526.3858642578125, "lowlevel.spectral_rolloff.stdev": 2934.322265625, "lowlevel.spectral_skewness.mean": 3.394397497177124, "lowlevel.spectral_skewness.stdev": 2.2355847358703613, "lowlevel.spectral_spread.mean": 5548931.0, "lowlevel.spectral_spread.stdev": 4242523.0, "lowlevel.spectral_strongpeak.mean": 1.0834883451461792, "lowlevel.spectral_strongpeak.stdev": 1.1445163488388062, "lowlevel.zerocrossingrate.mean": 0.05712505429983139, "lowlevel.zerocrossingrate.stdev": 0.08923408389091492, "metadata.audio_properties.analysis.equal_loudness": 0.0, "metadata.audio_properties.analysis.length": 32.36265182495117, "metadata.audio_properties.analysis.sample_rate": 44100.0, "metadata.audio_properties.analysis.start_time": 0.0, "metadata.audio_properties.bit_rate": 123538.0, "metadata.audio_properties.length": 32.362667083740234, "metadata.audio_properties.lossless": 0.0, "metadata.audio_properties.number_channels": 1.0, "metadata.audio_properties.replay_gain": -7.553625106811523, "metadata.audio_properties.sample_rate": 48000.0, "rhythm.beats_count": 58.0, "rhythm.beats_loudness.mean": 0.03210606426000595, "rhythm.beats_loudness.stdev": 0.03929286450147629, "rhythm.bpm": 111.54542541503906, "rhythm.bpm_histogram_first_peak_bpm": 112.0, "rhythm.bpm_histogram_first_peak_weight": 0.5806452035903931, "rhythm.bpm_histogram_second_peak_bpm": 117.0, "rhythm.bpm_histogram_second_peak_spread": 0.25, "rhythm.bpm_histogram_second_peak_weight": 0.10526315867900848, "rhythm.danceability": 1.2328726053237915, "rhythm.onset_rate": 3.520667314529419, "tonal.chords_changes_rate": 0.037249282002449036, "tonal.chords_number_rate": 0.008595988154411316, "tonal.chords_strength.mean": 0.4941357374191284, "tonal.chords_strength.stdev": 0.1087191253900528, "tonal.hpcp_crest.mean": 21.059900283813477, "tonal.hpcp_crest.stdev": 8.654195785522461, "tonal.hpcp_entropy.mean": 1.1071017980575562, "tonal.hpcp_entropy.stdev": 0.6274904608726501, "tonal.key_edma.strength": 0.8633983135223389, "tonal.key_krumhansl.strength": 0.862625002861023, "tonal.key_temperley.strength": 0.8545712828636169, "tonal.tuning_diatonic_strength": 0.5739586353302002, "tonal.tuning_equal_tempered_deviation": 0.03714750334620476, "tonal.tuning_frequency": 440.0, "tonal.tuning_nontempered_energy_ratio": 0.6210716366767883, "lowlevel.barkbands.mean": [5.981544290989405e-07, 8.873783372109756e-06, 0.0004552514001261443, 0.0013334057293832302, 0.0031554806046187878, 0.004680545534938574, 0.003295747097581625, 0.0021808426827192307, 0.0008589556673541665, 0.00024461059365421534, 0.00013467548706103116, 6.065223351470195e-05, 1.4319810361484997e-05, 1.2154404430475552e-05, 2.2373642423190176e-05, 1.0093006494571455e-05, 1.2808490282623097e-05, 8.07216656539822e-06, 7.025661034276709e-06, 2.392629539826885e-06, 4.288324817025568e-06, 3.0397361570067005e-06, 3.8842128560645506e-05, 0.00014570691564586014, 0.00013902800856158137, 1.0826058314705733e-05, 1.3668938203537095e-09], "lowlevel.barkbands.stdev": [1.7041793398675509e-06, 3.530334652168676e-05, 0.0010565296979621053, 0.002129673957824707, 0.006416696589440107, 0.01347208023071289, 0.0093440692871809, 0.006067688576877117, 0.003331467043608427, 0.0017042162362486124, 0.0008342788205482066, 0.00045414039050228894, 0.00011393687600502744, 7.264920714078471e-05, 0.00021000868582632393, 4.941251972923055e-05, 9.531372779747471e-05, 9.724375559017062e-05, 2.048979513347149e-05, 7.561523943877546e-06, 1.3079495147394482e-05, 1.3689556908502709e-05, 0.00017113266221713275, 0.000555665057618171, 0.0005386621924117208, 3.625504541560076e-05, 2.0230062958148665e-08], "lowlevel.erbbands.mean": [0.00021066199406050146, 0.007456609979271889, 0.32183316349983215, 3.1539037227630615, 3.671870470046997, 12.160161972045898, 27.58969497680664, 44.28092956542969, 52.520545959472656, 36.49575424194336, 47.27324295043945, 23.43147850036621, 6.981942176818848, 8.94310188293457, 5.736677169799805, 1.848335862159729, 0.7234580516815186, 0.5400801301002502, 1.3750240802764893, 0.6571623086929321, 0.589503824710846, 0.6796256303787231, 0.4742690324783325, 0.38186773657798767, 0.3221852481365204, 0.108881875872612, 0.20106728374958038, 0.1160796657204628, 0.0981195941567421, 0.2896118462085724, 1.313977599143982, 1.737403392791748, 3.3360278606414795, 2.3003296852111816, 0.5415503978729248, 0.110538549721241, 0.009174294769763947, 0.0003111429396085441, 2.7078947823611088e-05, 2.24703017011052e-05], "lowlevel.erbbands.stdev": [0.0004113488830626011, 0.018001001328229904, 0.6655007600784302, 5.315805912017822, 6.135622024536133, 29.041669845581055, 57.78939437866211, 149.0626983642578, 149.79689025878906, 75.7077865600586, 123.53720092773438, 91.00468444824219, 26.60904884338379, 72.45692443847656, 31.346574783325195, 10.612348556518555, 5.3582682609558105, 3.1348347663879395, 12.971713066101074, 3.5404469966888428, 2.684967279434204, 4.350040912628174, 5.260075092315674, 2.7328460216522217, 0.9789544343948364, 0.31046372652053833, 0.5999276041984558, 0.44176289439201355, 0.4674919545650482, 1.2540597915649414, 5.688848972320557, 6.671383380889893, 12.835944175720215, 8.992526054382324, 2.1153359413146973, 0.376437246799469, 0.027986012399196625, 0.0009110893006436527, 5.9668789617717266e-05, 2.8586491680471227e-05], "lowlevel.gfcc.mean": [-195.5286102294922, 106.60855865478516, -56.27295684814453, -17.448930740356445, -113.81427764892578, -5.949573040008545, -66.71664428710938, 8.055463790893555, -31.453441619873047, -7.978092670440674, -17.62949562072754, -19.612287521362305, -6.964897632598877], "lowlevel.melbands.mean": [1.5702586324550794e-06, 0.0001555972994538024, 0.0005216496647335589, 0.0005200473824515939, 0.0009247947600670159, 0.000954497663769871, 0.0007688375189900398, 0.00042496880632825196, 0.00034452651743777096, 0.00012655927275773138, 3.080737587879412e-05, 3.741100590559654e-05, 2.0386174583109096e-05, 9.1046003944939e-06, 1.8176957610194222e-06, 1.2314445712036104e-06, 9.046206628227083e-07, 2.2556582734978292e-06, 1.1587421795411501e-06, 6.629947506553435e-07, 6.859730774522177e-07, 6.421849434445903e-07, 8.086585694400128e-07, 2.5244085577469377e-07, 3.067421801006276e-07, 2.9640716547874035e-07, 1.2602204435552267e-07, 5.71169032070884e-08, 1.204552404487913e-07, 1.2046960762290837e-07, 4.739592540659032e-08, 4.633138317444718e-08, 7.404143076428227e-08, 1.773568811813675e-07, 6.470781954703853e-07, 9.844766282185446e-07, 1.083655206457479e-06, 2.287800498379511e-06, 2.2572062334802467e-06, 1.9458154838503106e-06], "lowlevel.melbands.stdev": [5.2660825531347655e-06, 0.0003118104941677302, 0.0007894503069110215, 0.0010649552568793297, 0.0018459782004356384, 0.0030118965078145266, 0.002185278804972768, 0.0009555461583659053, 0.0008903934503905475, 0.0005428525619208813, 0.0001289127831114456, 0.000307670037727803, 0.00010811747051775455, 6.526494689751416e-05, 1.1275085853412747e-05, 8.77801539900247e-06, 6.051424406905426e-06, 2.0004390535177663e-05, 9.370153748022858e-06, 3.5753143947658828e-06, 3.5974719594378257e-06, 3.213999661966227e-06, 1.0571630809863564e-05, 2.319223767699441e-06, 2.202416908403393e-06, 9.08775632524339e-07, 4.1120509308711917e-07, 1.9517442240157834e-07, 3.6795276514567377e-07, 4.09778266430294e-07, 2.1369322666942026e-07, 2.634734812545503e-07, 2.998854142788332e-07, 8.746436037654348e-07, 2.9466680189216277e-06, 4.260625246388372e-06, 4.3379141061450355e-06, 8.820186849334277e-06, 8.857383363647386e-06, 7.928360901132692e-06], "lowlevel.melbands128.mean": [3.0370469517038146e-07, 5.148201580595924e-07, 1.0272723329762812e-06, 5.486521331476979e-06, 3.8159527321113274e-05, 0.0003001439617946744, 0.0007214414654299617, 0.0005694111459888518, 0.0002541830763220787, 0.00044316737330518663, 0.0006970281829126179, 0.0009318848024122417, 0.0009542678599245846, 0.0009429765632376075, 0.001116278930567205, 0.0008689990499988198, 0.0007388587691821158, 0.0010008347453549504, 0.0004223849100526422, 0.0003174394369125366, 0.0004518554196693003, 0.0006752833141945302, 0.00022988505952525884, 0.00016680528642609715, 0.00019920844351872802, 7.846706284908578e-05, 4.42434502474498e-05, 1.495266224083025e-05, 2.765804310911335e-05, 5.414827319327742e-05, 3.357594323460944e-05, 1.8571337932371534e-05, 2.6196012186119333e-05, 1.4814714631938841e-05, 1.442410757590551e-05, 6.738602223776979e-06, 1.4993344166214229e-06, 1.5462924238818232e-06, 2.2969218207435915e-06, 1.303991211898392e-06, 1.0419630598335061e-06, 9.059978651748679e-07, 8.782084250924527e-07, 7.077198915794725e-07, 1.4674299109174171e-06, 3.103511744484422e-06, 2.782847786875209e-06, 5.457104634842835e-07, 8.888133606888005e-07, 9.615632734494284e-07, 4.4865743120681145e-07, 5.357410373107996e-07, 8.862126037456619e-07, 6.568403136952838e-07, 5.014316002416308e-07, 7.626600790899829e-07, 4.144876868394931e-07, 1.3842783346262877e-06, 6.760197379662714e-07, 1.8124978851119522e-07, 1.540285410328579e-07, 4.1695139429975825e-07, 3.5255266084277537e-07, 2.2512098496463295e-07, 3.214686898900254e-07, 3.18701864898685e-07, 2.9834706083420315e-07, 1.6071687980456772e-07, 9.685451374252807e-08, 5.482485221364186e-08, 3.523104652458642e-08, 7.039967186983631e-08, 9.066061323892427e-08, 1.342699107453882e-07, 1.49651981473653e-07, 1.364016384286515e-07, 1.115462495704378e-07, 5.992591667336455e-08, 3.469320475346649e-08, 3.5983148904961126e-08, 4.273594100823175e-08, 5.3128037080796275e-08, 5.0856403532861805e-08, 7.612852925831248e-08, 8.612959589981983e-08, 1.1873986238697398e-07, 1.9122666117254994e-07, 3.302757249912247e-07, 5.810595098409976e-07, 9.073696674022358e-07, 1.2019949053865275e-06, 9.549784181217547e-07, 7.240125796670327e-07, 1.0150821481147432e-06, 1.207757350130123e-06, 1.823259253797005e-06, 2.4712651338631986e-06, 3.2738828394940356e-06, 1.975191025849199e-06, 2.0366778699099086e-06, 1.9836352294078097e-06, 2.31255444305134e-06, 1.4011172879691003e-06, 6.693184104733518e-07, 3.0245982429732976e-07, 4.427289752584329e-07, 4.058019555941428e-07, 2.9049829208815936e-07, 1.559839688525244e-07, 5.400230307373022e-08, 4.5159197270550067e-08, 4.324962787904951e-08, 1.3551661126598447e-08, 4.4488790429397795e-09, 1.4487282484765274e-09, 1.8101574406070853e-10, 2.3580182945126538e-11, 8.568251143314942e-12, 8.126259214147336e-12, 4.672330231048072e-12, 5.9932419270436466e-12, 2.8985423002753086e-12, 2.6869804124751706e-12, 2.630883141549467e-12, 2.5139100870430475e-12, 2.339438105042335e-12, 2.241954235107646e-12, 2.218099185227751e-12], "lowlevel.melbands128.stdev": [7.912318551461794e-07, 1.4141213569018873e-06, 3.956381533498643e-06, 2.4496092009940185e-05, 0.00012106355279684067, 0.000709375599399209, 0.0013244725996628404, 0.0009369213948957622, 0.0005706880474463105, 0.0011157187400385737, 0.0020851893350481987, 0.0024130537640303373, 0.002478283131495118, 0.002803062554448843, 0.004082903731614351, 0.004508365411311388, 0.0024411098565906286, 0.003542482852935791, 0.001426246832124889, 0.0008542792056687176, 0.0015633999137207866, 0.0019761151634156704, 0.0009792631026357412, 0.0006717996438965201, 0.0009853946976363659, 0.0005466827424243093, 0.00028416476561687887, 0.00010654984362190589, 0.000139428157126531, 0.00048195692943409085, 0.0004062539082951844, 0.00013572619354818016, 0.0001539033546578139, 0.0001634989894228056, 0.00012523707118816674, 5.366120603866875e-05, 8.68535880726995e-06, 8.870059900800698e-06, 2.6936202630167827e-05, 1.2744908417516854e-05, 1.233258535648929e-05, 5.169429641682655e-06, 9.269589099858422e-06, 6.806188139307778e-06, 9.946866157406475e-06, 3.0085991966188885e-05, 4.321679807617329e-05, 4.297120540286414e-06, 7.090800409059739e-06, 7.920186362753157e-06, 3.6385229122970486e-06, 3.3010476272465894e-06, 4.915405497740721e-06, 6.1344394453044515e-06, 2.69433712674072e-06, 4.2105489228561055e-06, 2.2616400201513898e-06, 2.030850009759888e-05, 9.175601007882506e-06, 1.180310050585831e-06, 1.0624598871800117e-06, 5.240944574325113e-06, 4.094736596016446e-06, 7.987124490682618e-07, 1.6011733805498807e-06, 1.078282480193593e-06, 1.2526043065008707e-06, 6.655324114035466e-07, 3.679085978092189e-07, 1.9828108577257808e-07, 1.24115175026418e-07, 3.6567007555277087e-07, 3.481680153072375e-07, 4.5915561486253864e-07, 5.495415393852454e-07, 5.386480665947602e-07, 5.061763204139424e-07, 2.3916086888675636e-07, 1.6602655250608223e-07, 2.11385156489996e-07, 2.681421733541356e-07, 3.4594350495353865e-07, 2.2229312435229076e-07, 3.3366686125191336e-07, 3.730618516328832e-07, 5.455478344629228e-07, 1.2509946145655704e-06, 1.814704432945291e-06, 3.080814167333301e-06, 3.985423973063007e-06, 5.9487729231477715e-06, 4.2175902308372315e-06, 3.19990681418858e-06, 4.569219072436681e-06, 5.0390608521411195e-06, 7.531112260039663e-06, 9.464875802223105e-06, 1.4958163774281275e-05, 8.196871931431815e-06, 8.413450814259704e-06, 7.893662768765353e-06, 1.0269262929796241e-05, 6.514095275633736e-06, 3.103597009612713e-06, 1.4084189388086088e-06, 1.9085584881395334e-06, 1.6889098333194852e-06, 1.1287746701782453e-06, 5.402257556852419e-07, 2.0697956415460794e-07, 1.7531345974930446e-07, 1.7771354521300964e-07, 5.1631243280780836e-08, 3.231315659490974e-08, 1.0857588605972524e-08, 1.981047992316576e-09, 4.246292761855841e-10, 1.6250843726250963e-10, 1.9058525591031383e-10, 6.670820146270628e-11, 1.186304110500913e-10, 8.098132407707848e-12, 5.251956421842285e-12, 5.160856117458756e-12, 5.082696850206014e-12, 5.022586079678204e-12, 4.978321574422573e-12, 4.950935061226458e-12], "lowlevel.mfcc.mean": [-863.072509765625, 152.2199249267578, 72.60429382324219, -18.092031478881836, -13.613738059997559, -39.84019470214844, -19.383087158203125, -22.866323471069336, -9.08565616607666, -5.972356796264648, -16.71230697631836, -3.9654791355133057, -10.067655563354492], "lowlevel.spectral_contrast_coeffs.mean": [-0.5354560613632202, -0.6558300852775574, -0.7461242079734802, -0.8308240175247192, -0.815430223941803, -0.8187618255615234], "lowlevel.spectral_contrast_coeffs.stdev": [0.10613303631544113, 0.1001114472746849, 0.0732882097363472, 0.052115149796009064, 0.06663268804550171, 0.05476118624210358], "lowlevel.spectral_contrast_valleys.mean": [-9.245954513549805, -7.814218044281006, -9.694588661193848, -10.516868591308594, -10.799680709838867, -11.937850952148438], "lowlevel.spectral_contrast_valleys.stdev": [1.5301474332809448, 1.3532549142837524, 1.3184300661087036, 1.3399989604949951, 1.4938839673995972, 1.3153480291366577], "rhythm.beats_loudness_band_ratio.mean": [0.16363801062107086, 0.3816455006599426, 0.3712562322616577, 0.024196922779083252, 0.002648303285241127, 0.09173887223005295], "rhythm.beats_loudness_band_ratio.stdev": [0.20437203347682953, 0.3019729256629944, 0.2785632014274597, 0.06410675495862961, 0.0058516282588243484, 0.24529202282428741], "tonal.hpcp.mean": [0.2607404887676239, 0.12425417453050613, 0.010711465030908585, 0.010561307892203331, 0.017362089827656746, 0.08251442015171051, 0.15370868146419525, 0.0962410494685173, 0.02566717378795147, 0.01866845227777958, 0.02310681901872158, 0.12281369417905807, 0.21873104572296143, 0.1395748257637024, 0.11427871882915497, 0.16149404644966125, 0.07966122776269913, 0.010568264871835709, 0.015009110793471336, 0.02428344264626503, 0.2650187015533447, 0.36563074588775635, 0.13217023015022278, 0.025532249361276627, 0.021270358934998512, 0.021773293614387512, 0.04143039137125015, 0.05198483541607857, 0.024712350219488144, 0.010770970955491066, 0.011265789158642292, 0.01171140931546688, 0.0662451684474945, 0.11309675872325897, 0.08391139656305313, 0.1735268086194992], "tonal.hpcp.stdev": [0.38525497913360596, 0.21447007358074188, 0.08013779670000076, 0.07689410448074341, 0.10848218947649002, 0.1696508377790451, 0.26453521847724915, 0.19238752126693726, 0.1332518458366394, 0.10140050202608109, 0.11513744294643402, 0.22014491260051727, 0.3439149856567383, 0.24501174688339233, 0.23106421530246735, 0.32879626750946045, 0.18563500046730042, 0.058909714221954346, 0.08411736786365509, 0.10331819951534271, 0.3297424614429474, 0.40705811977386475, 0.21160487830638885, 0.11528404802083969, 0.10733015835285187, 0.12281695008277893, 0.15101684629917145, 0.18545083701610565, 0.10457349568605423, 0.0725606232881546, 0.08739255368709564, 0.0723293349146843, 0.18849660456180573, 0.2769472301006317, 0.22003048658370972, 0.2720411419868469], "rhythm.beats_position": [0.5804988741874695, 1.172607660293579, 1.7647165060043335, 2.356825351715088, 3.0185940265655518, 3.6919727325439453, 4.3769612312316895, 5.050340175628662, 5.735328674316406, 6.29260778427124, 6.849886417388916, 7.40716552734375, 7.952834129333496, 8.486893653869629, 9.102222442626953, 9.74077033996582, 10.379319190979004, 11.029478073120117, 11.67963695526123, 12.236915588378906, 12.782585144042969, 13.339863777160645, 13.88553237915039, 14.419591903686523, 14.9768705368042, 15.534149169921875, 16.068208694458008, 16.555828094482422, 17.066665649414062, 17.554285049438477, 18.01868438720703, 18.471473693847656, 18.92426300048828, 19.423492431640625, 19.922719955444336, 20.44516944885254, 20.979228973388672, 21.513288497924805, 22.035736083984375, 22.54657554626465, 23.08063507080078, 23.61469268798828, 24.148752212524414, 24.694421768188477, 25.216869354248047, 25.72770881652832, 26.238548278808594, 26.760997772216797, 27.283445358276367, 27.8175048828125, 28.351564407348633, 28.885623931884766, 29.419681549072266, 29.93052101135254, 30.441360473632812, 30.975418090820312, 31.497867584228516, 32.02031707763672], "rhythm.bpm_histogram": [0.0, 0.0, 0.0, 0.0, 0.0, 0.0, 0.0, 0.0, 0.0, 0.0, 0.0, 0.0, 0.0, 0.0, 0.0, 0.0, 0.0, 0.0, 0.0, 0.0, 0.0, 0.0, 0.0, 0.0, 0.0, 0.0, 0.0, 0.0, 0.0, 0.0, 0.0, 0.0, 0.0, 0.0, 0.0, 0.0, 0.0, 0.0, 0.0, 0.0, 0.0, 0.0, 0.0, 0.0, 0.0, 0.0, 0.0, 0.0, 0.0, 0.0, 0.0, 0.0, 0.0, 0.0, 0.0, 0.0, 0.0, 0.0, 0.0, 0.0, 0.0, 0.0, 0.0, 0.0, 0.0, 0.0, 0.0, 0.0, 0.0, 0.0, 0.0, 0.0, 0.0, 0.0, 0.0, 0.0, 0.0, 0.0, 0.0, 0.0, 0.0, 0.0, 0.0, 0.0, 0.0, 0.0, 0.0, 0.0, 0.035087719559669495, 0.035087719559669495, 0.0, 0.017543859779834747, 0.035087719559669495, 0.0, 0.035087719559669495, 0.0, 0.0, 0.0, 0.017543859779834747, 0.0, 0.0, 0.05263157933950424, 0.0, 0.0, 0.0, 0.0, 0.0, 0.0, 0.12280701845884323, 0.0, 0.07017543911933899, 0.0, 0.22807016968727112, 0.0, 0.0, 0.12280701845884323, 0.0, 0.10526315867900848, 0.0, 0.0, 0.035087719559669495, 0.0, 0.0, 0.035087719559669495, 0.0, 0.0, 0.0, 0.0, 0.0, 0.017543859779834747, 0.0, 0.0, 0.0, 0.035087719559669495, 0.0, 0.0, 0.0, 0.0, 0.0, 0.0, 0.0, 0.0, 0.0, 0.0, 0.0, 0.0, 0.0, 0.0, 0.0, 0.0, 0.0, 0.0, 0.0, 0.0, 0.0, 0.0, 0.0, 0.0, 0.0, 0.0, 0.0, 0.0, 0.0, 0.0, 0.0, 0.0, 0.0, 0.0, 0.0, 0.0, 0.0, 0.0, 0.0, 0.0, 0.0, 0.0, 0.0, 0.0, 0.0, 0.0, 0.0, 0.0, 0.0, 0.0, 0.0, 0.0, 0.0, 0.0, 0.0, 0.0, 0.0, 0.0, 0.0, 0.0, 0.0, 0.0, 0.0, 0.0, 0.0, 0.0, 0.0, 0.0, 0.0, 0.0, 0.0, 0.0, 0.0, 0.0, 0.0, 0.0, 0.0, 0.0, 0.0, 0.0, 0.0, 0.0, 0.0, 0.0, 0.0, 0.0, 0.0, 0.0, 0.0, 0.0, 0.0, 0.0, 0.0, 0.0, 0.0, 0.0, 0.0, 0.0, 0.0, 0.0, 0.0, 0.0, 0.0, 0.0, 0.0, 0.0, 0.0, 0.0, 0.0, 0.0, 0.0, 0.0, 0.0, 0.0, 0.0, 0.0], "tonal.chords_histogram": [68.91117858886719, 12.034383773803711, 0.5730658769607544, 0.0, 0.0, 0.0, 0.2865329384803772, 0.0, 0.1432664692401886, 0.0, 2.8653295040130615, 0.0, 0.0, 0.0, 0.0, 0.0, 0.0, 0.1432664692401886, 0.0, 0.0, 0.0, 9.742120742797852, 1.4326647520065308, 3.868194818496704], "tonal.thpcp": [1.0, 0.3614855408668518, 0.06983069330453873, 0.05817442759871483, 0.059549953788518906, 0.11331211030483246, 0.1421785056591034, 0.06758826971054077, 0.029458602890372276, 0.03081193007528782, 0.032030701637268066, 0.18118052184581757, 0.3093196153640747, 0.22949765622615814, 0.4745957851409912, 0.7131251692771912, 0.33983513712882996, 0.02929585427045822, 0.02888517454266548, 0.04748531058430672, 0.22567692399024963, 0.4203931987285614, 0.2632192373275757, 0.07019971311092377, 0.05105821415781975, 0.06319714337587357, 0.3358954191207886, 0.5982293486595154, 0.3817371129989624, 0.312552273273468, 0.4416861832141876, 0.2178734391927719, 0.028904201462864876, 0.04104991257190704, 0.0664152130484581, 0.7248260974884033], "lowlevel.gfcc.cov": [[14168.3759765625, 1007.1500854492188, -11.66589069366455, 358.7207336425781, 242.42430114746094, -392.4932861328125, -546.3985595703125, 466.57122802734375, -551.370849609375, -234.43740844726562, -87.25762939453125, -523.5545043945312, 146.30471801757812], [1007.1500854492188, 4120.81689453125, -526.6278076171875, -639.062744140625, 975.3650512695312, -677.2438354492188, 541.3118286132812, -285.4940490722656, -96.54291534423828, -390.8505554199219, 31.106739044189453, -390.9877624511719, -52.18850326538086], [-11.66589069366455, -526.6278076171875, 1531.0985107421875, 158.31881713867188, -391.8862609863281, 589.7437744140625, -23.222570419311523, -132.2797088623047, 7.673074245452881, -56.2616081237793, -202.64439392089844, -79.07330322265625, -133.8983612060547], [358.7207336425781, -639.062744140625, 158.31881713867188, 731.2599487304688, 94.71930694580078, 1.652211308479309, -134.27700805664062, 140.17257690429688, -59.313995361328125, -64.99329376220703, -107.94331359863281, -17.86911964416504, -77.96517944335938], [242.42430114746094, 975.3650512695312, -391.8862609863281, 94.71930694580078, 713.6876220703125, -250.4045867919922, 53.8751335144043, -4.391256332397461, -66.23767852783203, -137.2565155029297, -28.99335289001465, -118.32807159423828, -59.002498626708984], [-392.4932861328125, -677.2438354492188, 589.7437744140625, 1.652211308479309, -250.4045867919922, 709.9561767578125, 11.951329231262207, -137.4528350830078, 93.16014862060547, 69.28231811523438, -154.93934631347656, -48.56336975097656, -71.6792221069336], [-546.3985595703125, 541.3118286132812, -23.222570419311523, -134.27700805664062, 53.8751335144043, 11.951329231262207, 301.3252868652344, -51.55574035644531, -3.634896993637085, -15.237356185913086, -1.3564579486846924, -57.449363708496094, -39.15382766723633], [466.57122802734375, -285.4940490722656, -132.2797088623047, 140.17257690429688, -4.391256332397461, -137.4528350830078, -51.55574035644531, 290.01318359375, 35.15587615966797, 16.16877555847168, 47.26103973388672, 29.50039291381836, -19.238574981689453], [-551.370849609375, -96.54291534423828, 7.673074245452881, -59.313995361328125, -66.23767852783203, 93.16014862060547, -3.634896993637085, 35.15587615966797, 282.0400085449219, 72.67741394042969, -8.785531044006348, 44.776161193847656, -35.932979583740234], [-234.43740844726562, -390.8505554199219, -56.2616081237793, -64.99329376220703, -137.2565155029297, 69.28231811523438, -15.237356185913086, 16.16877555847168, 72.67741394042969, 224.0015411376953, 38.11885070800781, 44.18154525756836, 13.465950965881348], [-87.25762939453125, 31.106739044189453, -202.64439392089844, -107.94331359863281, -28.99335289001465, -154.93934631347656, -1.3564579486846924, 47.26103973388672, -8.785531044006348, 38.11885070800781, 178.90054321289062, 65.03326416015625, 51.475032806396484], [-523.5545043945312, -390.9877624511719, -79.07330322265625, -17.86911964416504, -118.32807159423828, -48.56336975097656, -57.449363708496094, 29.50039291381836, 44.776161193847656, 44.18154525756836, 65.03326416015625, 198.3137969970703, 46.3045539855957], [146.30471801757812, -52.18850326538086, -133.8983612060547, -77.96517944335938, -59.002498626708984, -71.6792221069336, -39.15382766723633, -19.238574981689453, -35.932979583740234, 13.465950965881348, 51.475032806396484, 46.3045539855957, 214.65567016601562]], "lowlevel.gfcc.icov": [[0.00012664322275668383, -0.00017449204460717738, 2.6336756491218694e-05, -6.194390152813867e-05, 0.00016112864250317216, -0.00015080443699844182, 0.0004498664347920567, -0.0003934390260837972, 0.00030825892463326454, -0.00012645505194086581, 8.618917490821332e-05, 0.00019639250240288675, -9.758290252648294e-05], [-0.00017449204460717738, 0.0016607464058324695, -0.00031824110192246735, 0.0011600240832194686, -0.001341308350674808, 0.0017179383430629969, -0.00198376621119678, 0.0015992410480976105, -0.0012505886843428016, 0.0014867046847939491, -0.00019353581592440605, 0.0015822449931874871, 0.00013447242963593453], [2.6336756491218694e-05, -0.00031824110192246735, 0.0013684600125998259, -0.000440678239101544, 0.0010255550732836127, -0.0010165112325921655, 0.0004902551881968975, 5.463666639116127e-06, 0.00036412529880180955, 0.0004422518250066787, 0.0003979686298407614, 8.716141564946156e-06, 0.0005665029166266322], [-6.194390152813867e-05, 0.0011600240832194686, -0.000440678239101544, 0.002988632069900632, -0.001287758583202958, 0.0012293322943150997, -0.00046160590136423707, -0.00023872603196650743, -9.974376007448882e-05, 0.0011432650499045849, 0.0012733869953081012, 0.0008847818244248629, 0.0005011731991544366], [0.00016112864250317216, -0.001341308350674808, 0.0010255550732836127, -0.001287758583202958, 0.003669134574010968, -0.0008073330391198397, 0.0015750417951494455, -0.0007063298253342509, 0.0009133680141530931, -9.111697727348655e-05, 0.0006293610204011202, 7.306817860808223e-05, 0.0006909276708029211], [-0.00015080443699844182, 0.0017179383430629969, -0.0010165112325921655, 0.0012293322943150997, -0.0008073330391198397, 0.0047233328223228455, -0.002024618908762932, 0.002522988710552454, -0.00191758933942765, 0.0006036538979969919, 0.0013743953313678503, 0.002164243720471859, 0.0003897329734172672], [0.0004498664347920567, -0.00198376621119678, 0.0004902551881968975, -0.00046160590136423707, 0.0015750417951494455, -0.002024618908762932, 0.006978544872254133, -0.00206590024754405, 0.001956038409844041, -0.0014706534566357732, 0.00022686818556394428, -0.00012173710274510086, 0.0005853879265487194], [-0.0003934390260837972, 0.0015992410480976105, 5.463666639116127e-06, -0.00023872603196650743, -0.0007063298253342509, 0.002522988710552454, -0.00206590024754405, 0.0070381988771259785, -0.002603167435154319, 0.0012547075748443604, -0.0015575812431052327, 0.0012143702479079366, 0.001073072780855], [0.00030825892463326454, -0.0012505886843428016, 0.00036412529880180955, -9.974376007448882e-05, 0.0009133680141530931, -0.00191758933942765, 0.001956038409844041, -0.002603167435154319, 0.00583675317466259, -0.0020809280686080456, 0.0011302068596705794, -0.0018628197722136974, 0.0006493711844086647], [-0.00012645505194086581, 0.0014867046847939491, 0.0004422518250066787, 0.0011432650499045849, -9.111697727348655e-05, 0.0006036538979969919, -0.0014706534566357732, 0.0012547075748443604, -0.0020809280686080456, 0.007517008110880852, -0.0013096927432343364, 0.0015052544185891747, 0.0003289484011474997], [8.618917490821332e-05, -0.00019353581592440605, 0.0003979686298407614, 0.0012733869953081012, 0.0006293610204011202, 0.0013743953313678503, 0.00022686818556394428, -0.0015575812431052327, 0.0011302068596705794, -0.0013096927432343364, 0.009771056473255157, -0.001917442074045539, -0.000519472174346447], [0.00019639250240288675, 0.0015822449931874871, 8.716141564946156e-06, 0.0008847818244248629, 7.306817860808223e-05, 0.002164243720471859, -0.00012173710274510086, 0.0012143702479079366, -0.0018628197722136974, 0.0015052544185891747, -0.001917442074045539, 0.009997929446399212, -0.0006961182807572186], [-9.758290252648294e-05, 0.00013447242963593453, 0.0005665029166266322, 0.0005011731991544366, 0.0006909276708029211, 0.0003897329734172672, 0.0005853879265487194, 0.001073072780855, 0.0006493711844086647, 0.0003289484011474997, -0.000519472174346447, -0.0006961182807572186, 0.006179044488817453]], "lowlevel.mfcc.cov": [[12293.7666015625, 637.8311767578125, -323.58624267578125, 328.3169250488281, 672.2391967773438, -833.5722045898438, 392.0762634277344, -361.24676513671875, 185.91006469726562, -163.8432159423828, -352.53521728515625, 20.292728424072266, -198.54925537109375], [637.8311767578125, 4141.65185546875, -975.271240234375, 236.2242889404297, -142.6607208251953, -43.655426025390625, 287.5001220703125, -70.05738067626953, -17.645679473876953, -110.10631561279297, -9.183164596557617, -91.7435531616211, -68.3858413696289], [-323.58624267578125, -975.271240234375, 1966.7335205078125, -478.5860290527344, -32.43841552734375, 411.9738464355469, -121.16413879394531, 138.1567840576172, 108.92168426513672, -4.864969730377197, -24.15918731689453, 46.83723449707031, -34.32112121582031], [328.3169250488281, 236.2242889404297, -478.5860290527344, 769.1492919921875, 180.24990844726562, -265.88214111328125, 105.4812240600586, 43.72602462768555, -16.675067901611328, -107.72270965576172, 3.092597246170044, -13.949673652648926, -66.11900329589844], [672.2391967773438, -142.6607208251953, -32.43841552734375, 180.24990844726562, 480.636962890625, -9.284056663513184, 30.702695846557617, 37.918251037597656, 25.2560977935791, -14.499869346618652, -45.09870910644531, 6.029025554656982, -51.35986328125], [-833.5722045898438, -43.655426025390625, 411.9738464355469, -265.88214111328125, -9.284056663513184, 632.4578857421875, -43.35556411743164, 55.72369384765625, 46.62833023071289, 88.39299774169922, -2.225039005279541, -89.30735778808594, 46.9326171875], [392.0762634277344, 287.5001220703125, -121.16413879394531, 105.4812240600586, 30.702695846557617, -43.35556411743164, 317.6387023925781, -23.294754028320312, -21.156951904296875, -3.7521157264709473, -54.61192321777344, -44.10731506347656, -44.05678939819336], [-361.24676513671875, -70.05738067626953, 138.1567840576172, 43.72602462768555, 37.918251037597656, 55.72369384765625, -23.294754028320312, 223.60946655273438, 21.34585952758789, -21.5797061920166, 49.49492645263672, 38.582881927490234, 5.682692050933838], [185.91006469726562, -17.645679473876953, 108.92168426513672, -16.675067901611328, 25.2560977935791, 46.62833023071289, -21.156951904296875, 21.34585952758789, 207.92544555664062, 28.81019401550293, 28.284015655517578, 40.63102722167969, 14.272744178771973], [-163.8432159423828, -110.10631561279297, -4.864969730377197, -107.72270965576172, -14.499869346618652, 88.39299774169922, -3.7521157264709473, -21.5797061920166, 28.81019401550293, 183.3874053955078, 26.791213989257812, 2.0857269763946533, 64.06048583984375], [-352.53521728515625, -9.183164596557617, -24.15918731689453, 3.092597246170044, -45.09870910644531, -2.225039005279541, -54.61192321777344, 49.49492645263672, 28.284015655517578, 26.791213989257812, 200.24984741210938, 102.13249969482422, 36.65586471557617], [20.292728424072266, -91.7435531616211, 46.83723449707031, -13.949673652648926, 6.029025554656982, -89.30735778808594, -44.10731506347656, 38.582881927490234, 40.63102722167969, 2.0857269763946533, 102.13249969482422, 194.76336669921875, 40.6715202331543], [-198.54925537109375, -68.3858413696289, -34.32112121582031, -66.11900329589844, -51.35986328125, 46.9326171875, -44.05678939819336, 5.682692050933838, 14.272744178771973, 64.06048583984375, 36.65586471557617, 40.6715202331543, 195.87533569335938]], "lowlevel.mfcc.icov": [[0.0001147587172454223, -2.0873398170806468e-05, -2.4994355044327676e-05, 4.358393562142737e-05, -0.00016902644711080939, 0.00016565850819461048, -8.846753189573064e-05, 0.00015869628987275064, -0.00014957146777305752, 4.9534828576724976e-05, 0.00012158814206486568, -1.2994898497709073e-05, -1.4501572877634317e-05], [-2.0873398170806468e-05, 0.0003158771723974496, 0.00018634417210705578, 5.2905747907061595e-06, 0.00016188484732992947, -0.00017344008665531874, -0.00023255989071913064, -1.3960728210804518e-05, -8.886236901162192e-05, 0.0002618624712340534, -6.5953194280155e-05, 4.035981419292511e-06, 8.80000734468922e-05], [-2.4994355044327676e-05, 0.00018634417210705578, 0.000869190611410886, 0.0003873434034176171, 0.00013678049435839057, -0.0005132215446792543, -1.2545725439849775e-05, -0.00043111242121085525, -0.00028575753094628453, 0.00040489938692189753, 0.0003339137474540621, -0.0004536405031103641, 0.00041139894165098667], [4.358393562142737e-05, 5.2905747907061595e-06, 0.0003873434034176171, 0.0022062065545469522, -0.0007782945176586509, 0.0007318013813346624, -0.0005057323724031448, -0.0005877819494344294, -0.0003363136202096939, 0.0009666449041105807, -0.000548219308257103, 0.0007644196739420295, 3.473691322142258e-05], [-0.00016902644711080939, 0.00016188484732992947, 0.00013678049435839057, -0.0007782945176586509, 0.002857665531337261, -0.0006388140027411282, 9.77995659923181e-05, -0.0005765219102613628, -5.421233072411269e-05, -0.000409649102948606, 0.0009073868859559298, -0.0008529422921128571, 0.0007327410858124495], [0.00016565850819461048, -0.00017344008665531874, -0.0005132215446792543, 0.0007318013813346624, -0.0006388140027411282, 0.0029417662881314754, 6.096640703390221e-08, -0.0004707650514319539, -0.0005617293063551188, -0.0006872885278426111, -0.0005610794178210199, 0.002095145173370838, -0.0006585543742403388], [-8.846753189573064e-05, -0.00023255989071913064, -1.2545725439849775e-05, -0.0005057323724031448, 9.77995659923181e-05, 6.096640703390221e-08, 0.0038752949330955744, -5.356049950933084e-05, 0.0003489889786578715, -0.0008272113045677543, 0.0008123934385366738, 0.00013212367775849998, 0.0006206873222254217], [0.00015869628987275064, -1.3960728210804518e-05, -0.00043111242121085525, -0.0005877819494344294, -0.0005765219102613628, -0.0004707650514319539, -5.356049950933084e-05, 0.005779955070465803, -0.0002238360611954704, 0.0009330719476565719, -0.0010383401531726122, -0.0006748402956873178, -0.00029047561110928655], [-0.00014957146777305752, -8.886236901162192e-05, -0.00028575753094628453, -0.0003363136202096939, -5.421233072411269e-05, -0.0005617293063551188, 0.0003489889786578715, -0.0002238360611954704, 0.005645426921546459, -0.0010053029982373118, -0.0002443963021505624, -0.001166441128589213, 6.448951171478257e-05], [4.9534828576724976e-05, 0.0002618624712340534, 0.00040489938692189753, 0.0009666449041105807, -0.000409649102948606, -0.0006872885278426111, -0.0008272113045677543, 0.0009330719476565719, -0.0010053029982373118, 0.007634059991687536, -0.001258147181943059, 0.0006063560140319169, -0.0019308864139020443], [0.00012158814206486568, -6.5953194280155e-05, 0.0003339137474540621, -0.000548219308257103, 0.0009073868859559298, -0.0005610794178210199, 0.0008123934385366738, -0.0010383401531726122, -0.0002443963021505624, -0.001258147181943059, 0.00833135936409235, -0.0044365813955664635, 0.0003502576146274805], [-1.2994898497709073e-05, 4.035981419292511e-06, -0.0004536405031103641, 0.0007644196739420295, -0.0008529422921128571, 0.002095145173370838, 0.00013212367775849998, -0.0006748402956873178, -0.001166441128589213, 0.0006063560140319169, -0.0044365813955664635, 0.009378990158438683, -0.0017400807701051235], [-1.4501572877634317e-05, 8.80000734468922e-05, 0.00041139894165098667, 3.473691322142258e-05, 0.0007327410858124495, -0.0006585543742403388, 0.0006206873222254217, -0.00029047561110928655, 6.448951171478257e-05, -0.0019308864139020443, 0.0003502576146274805, -0.0017400807701051235, 0.006625634152442217]], "metadata.audio_properties.analysis.downmix": "mix", "metadata.audio_properties.codec": "mp3", "metadata.audio_properties.md5_encoded": "070cdb4b3170d0a339ad7eff01b5919f", "metadata.tags.file_name": "1183719698488102952.mp3", "metadata.version.essentia": "2.1-beta6-dev", "metadata.version.essentia_git_sha": "v2.1_beta5-1110-g77a6a954", "metadata.version.