{"song_id": "1183678865365807174", "download": "https://cdn.discordapp.com/attachments/1135911532732108921/1183678865365807174/chirp.mp4?ex=658935d9&amp", "lyrics": "As I walk through the valley in the shadow of bugs\nI take a look at my work and realize there's much left\nCause I've been testing and reporting so long that\nEven my momma thinks that my mind is gone\nBut I ain't never crossed a fault and didn't report it\nMe be treated like a punk?\nYou know that's unheard of\nYou better watch how you're talking and what you're coding\nOr you and your homies might do overtime\nI really hate to trip but I gotta, loc\nOpen jira, I extend the sprint for another week \nFool, I'm the kind of G that clients don't want to see\nJust a part of the process, making sure their products work right", "style": ["gangster</span><span>'s paradise"], "essentia_features": {"lowlevel.average_loudness": 0.9804245829582214, "lowlevel.barkbands_crest.mean": 19.21395492553711, "lowlevel.barkbands_crest.stdev": 4.87315034866333, "lowlevel.barkbands_flatness_db.mean": 0.2939072251319885, "lowlevel.barkbands_flatness_db.stdev": 0.11343082785606384, "lowlevel.barkbands_kurtosis.mean": 97.9615249633789, "lowlevel.barkbands_kurtosis.stdev": 179.76014709472656, "lowlevel.barkbands_skewness.mean": 5.97283411026001, "lowlevel.barkbands_skewness.stdev": 5.1255879402160645, "lowlevel.barkbands_spread.mean": 9.976698875427246, "lowlevel.barkbands_spread.stdev": 10.736448287963867, "lowlevel.dissonance.mean": 0.449866384267807, "lowlevel.dissonance.stdev": 0.049492307007312775, "lowlevel.dynamic_complexity": 2.10711669921875, "lowlevel.erbbands_crest.mean": 11.834874153137207, "lowlevel.erbbands_crest.stdev": 5.020394802093506, "lowlevel.erbbands_flatness_db.mean": 0.1676916629076004, "lowlevel.erbbands_flatness_db.stdev": 0.057148952037096024, "lowlevel.erbbands_kurtosis.mean": 4.197728157043457, "lowlevel.erbbands_kurtosis.stdev": 11.176253318786621, "lowlevel.erbbands_skewness.mean": 0.6033758521080017, "lowlevel.erbbands_skewness.stdev": 1.7457096576690674, "lowlevel.erbbands_spread.mean": 46.64933395385742, "lowlevel.erbbands_spread.stdev": 35.619972229003906, "lowlevel.hfc.mean": 24.09599494934082, "lowlevel.hfc.stdev": 18.234987258911133, "lowlevel.loudness_ebu128.integrated": -14.01414966583252, "lowlevel.loudness_ebu128.loudness_range": 1.8573904037475586, "lowlevel.loudness_ebu128.momentary.mean": -14.338611602783203, "lowlevel.loudness_ebu128.momentary.stdev": 1.767034649848938, "lowlevel.loudness_ebu128.short_term.mean": -14.10815715789795, "lowlevel.loudness_ebu128.short_term.stdev": 0.6497365832328796, "lowlevel.melbands_crest.mean": 27.774438858032227, "lowlevel.melbands_crest.stdev": 7.3683576583862305, "lowlevel.melbands_flatness_db.mean": 0.4011228084564209, "lowlevel.melbands_flatness_db.stdev": 0.129353865981102, "lowlevel.melbands_kurtosis.mean": 202.260986328125, "lowlevel.melbands_kurtosis.stdev": 352.2783508300781, "lowlevel.melbands_skewness.mean": 8.321043968200684, "lowlevel.melbands_skewness.stdev": 6.843931198120117, "lowlevel.melbands_spread.mean": 7.816870212554932, "lowlevel.melbands_spread.stdev": 11.658038139343262, "lowlevel.pitch_salience.mean": 0.256531685590744, "lowlevel.pitch_salience.stdev": 0.15502586960792542, "lowlevel.silence_rate_20dB.mean": 0.9110451936721802, "lowlevel.silence_rate_20dB.stdev": 0.2846769392490387, "lowlevel.silence_rate_30dB.mean": 0.376575231552124, "lowlevel.silence_rate_30dB.stdev": 0.4845300018787384, "lowlevel.silence_rate_60dB.mean": 0.011119347997009754, "lowlevel.silence_rate_60dB.stdev": 0.10486052930355072, "lowlevel.spectral_centroid.mean": 1054.3150634765625, "lowlevel.spectral_centroid.stdev": 807.4441528320312, "lowlevel.spectral_complexity.mean": 11.158636093139648, "lowlevel.spectral_complexity.stdev": 9.176627159118652, "lowlevel.spectral_decrease.mean": -3.727775066408867e-08, "lowlevel.spectral_decrease.stdev": 3.2436510366551374e-08, "lowlevel.spectral_energy.mean": 0.14288027584552765, "lowlevel.spectral_energy.stdev": 0.12299443781375885, "lowlevel.spectral_energyband_high.mean": 0.0006581188645213842, "lowlevel.spectral_energyband_high.stdev": 0.0011465888237580657, "lowlevel.spectral_energyband_low.mean": 0.12781423330307007, "lowlevel.spectral_energyband_low.stdev": 0.1246270164847374, "lowlevel.spectral_energyband_middle_high.mean": 0.005012390203773975, "lowlevel.spectral_energyband_middle_high.stdev": 0.006976958364248276, "lowlevel.spectral_energyband_middle_low.mean": 0.009949528612196445, "lowlevel.spectral_energyband_middle_low.stdev": 0.018474210053682327, "lowlevel.spectral_entropy.mean": 7.173238277435303, "lowlevel.spectral_entropy.stdev": 0.7037939429283142, "lowlevel.spectral_flux.mean": 0.128920316696167, "lowlevel.spectral_flux.stdev": 0.10326264053583145, "lowlevel.spectral_kurtosis.mean": 6.6816630363464355, "lowlevel.spectral_kurtosis.stdev": 6.587791442871094, "lowlevel.spectral_rms.mean": 0.010949177667498589, "lowlevel.spectral_rms.stdev": 0.004417117685079575, "lowlevel.spectral_rolloff.mean": 364.5610656738281, "lowlevel.spectral_rolloff.stdev": 733.0822143554688, "lowlevel.spectral_skewness.mean": 1.8343489170074463, "lowlevel.spectral_skewness.stdev": 0.8290923833847046, "lowlevel.spectral_spread.mean": 4819641.0, "lowlevel.spectral_spread.stdev": 2083497.625, "lowlevel.spectral_strongpeak.mean": 0.7490924596786499, "lowlevel.spectral_strongpeak.stdev": 0.5381725430488586, "lowlevel.zerocrossingrate.mean": 0.023011114448308945, "lowlevel.zerocrossingrate.stdev": 0.023987378925085068, "metadata.audio_properties.analysis.equal_loudness": 0.0, "metadata.audio_properties.analysis.length": 31.29598617553711, "metadata.audio_properties.analysis.sample_rate": 44100.0, "metadata.audio_properties.analysis.start_time": 0.0, "metadata.audio_properties.bit_rate": 125254.0, "metadata.audio_properties.length": 31.29599952697754, "metadata.audio_properties.lossless": 0.0, "metadata.audio_properties.number_channels": 1.0, "metadata.audio_properties.replay_gain": -9.326322555541992, "metadata.audio_properties.sample_rate": 48000.0, "rhythm.beats_count": 48.0, "rhythm.beats_loudness.mean": 0.3006592392921448, "rhythm.beats_loudness.stdev": 0.17966537177562714, "rhythm.bpm": 94.09403228759766, "rhythm.bpm_histogram_first_peak_bpm": 94.0, "rhythm.bpm_histogram_first_peak_weight": 0.6382979154586792, "rhythm.bpm_histogram_second_peak_bpm": 0.0, "rhythm.bpm_histogram_second_peak_spread": 0.0, "rhythm.bpm_histogram_second_peak_weight": 0.0, "rhythm.danceability": 1.275530457496643, "rhythm.onset_rate": 5.52501916885376, "tonal.chords_changes_rate": 0.10370370000600815, "tonal.chords_number_rate": 0.017777778208255768, "tonal.chords_strength.mean": 0.48053959012031555, "tonal.chords_strength.stdev": 0.10907498002052307, "tonal.hpcp_crest.mean": 13.314139366149902, "tonal.hpcp_crest.stdev": 5.111817359924316, "tonal.hpcp_entropy.mean": 1.9574540853500366, "tonal.hpcp_entropy.stdev": 0.7249335646629333, "tonal.key_edma.strength": 0.37460726499557495, "tonal.key_krumhansl.strength": 0.38592368364334106, "tonal.key_temperley.strength": 0.4045131802558899, "tonal.tuning_diatonic_strength": 0.40100789070129395, "tonal.tuning_equal_tempered_deviation": 0.18901315331459045, "tonal.tuning_frequency": 434.193115234375, "tonal.tuning_nontempered_energy_ratio": 0.8671747446060181, "lowlevel.barkbands.mean": [0.014133617281913757, 0.10835375636816025, 0.004925383720546961, 0.00159418024122715, 0.002950367284938693, 0.0005972583894617856, 0.0009701047092676163, 0.0029963746201246977, 0.0005871630855835974, 0.0010179318487644196, 0.0004993019974790514, 0.0010446900269016623, 0.0006959871971048415, 0.0004049618146382272, 0.0003092471160925925, 0.00031965228845365345, 0.00027151432004757226, 0.00025686004664748907, 0.00022345452453009784, 0.00010177422518609092, 8.71851370902732e-05, 0.00014081521658226848, 0.00010684889275580645, 9.857532131718472e-05, 4.861511115450412e-05, 0.0001309663784923032, 1.3849342394678388e-05], "lowlevel.barkbands.stdev": [0.014472512528300285, 0.11352398991584778, 0.015393223613500595, 0.006252501159906387, 0.009593895636498928, 0.0019006426446139812, 0.003655316075310111, 0.006644554901868105, 0.0017507266020402312, 0.0027370755560696125, 0.001593317836523056, 0.0029625168535858393, 0.0019862400367856026, 0.0010137128410860896, 0.0009002391598187387, 0.0008138746488839388, 0.0004964098334312439, 0.00047281282604672015, 0.0004044018860440701, 0.0001780013262759894, 0.00022691377671435475, 0.00033140735467895865, 0.0002422667166683823, 0.00021837001258973032, 0.00011625363549683243, 0.00026445541880093515, 3.800948252319358e-05], "lowlevel.erbbands.mean": [5.020886421203613, 16.36402130126953, 9.579421997070312, 6.3000640869140625, 5.616023063659668, 11.629262924194336, 9.284662246704102, 4.274013519287109, 9.26600170135498, 35.58317184448242, 57.972347259521484, 15.099620819091797, 28.6556453704834, 22.47512435913086, 32.82258987426758, 37.21531677246094, 33.71685791015625, 22.098773956298828, 18.155115127563477, 18.02191925048828, 15.760061264038086, 15.987750053405762, 15.242606163024902, 11.56721019744873, 10.158631324768066, 4.396774768829346, 3.5099058151245117, 3.3324973583221436, 5.053436279296875, 4.74677848815918, 2.6209394931793213, 2.0253052711486816, 1.610804557800293, 0.6258459687232971, 0.29745158553123474, 0.26524677872657776, 0.27173399925231934, 0.08295184373855591, 0.0017058225348591805, 0.00019754935055971146], "lowlevel.erbbands.stdev": [5.710340976715088, 18.77622413635254, 17.614336013793945, 23.18818473815918, 21.88003921508789, 40.3088264465332, 23.416446685791016, 16.494070053100586, 37.85301971435547, 81.20465087890625, 141.21176147460938, 39.181697845458984, 67.92731475830078, 60.67007827758789, 81.13345336914062, 103.25926971435547, 95.71115112304688, 50.748779296875, 41.5362663269043, 50.68864822387695, 37.24777603149414, 27.323331832885742, 27.41290855407715, 18.50555419921875, 19.906187057495117, 7.504724979400635, 8.08330249786377, 9.497636795043945, 13.014941215515137, 8.837761878967285, 6.75822114944458, 5.447869300842285, 3.2723922729492188, 1.4932262897491455, 0.7120414972305298, 0.6054471731185913, 0.5403183102607727, 0.17181074619293213, 0.0034840821754187346, 0.00015943247126415372], "lowlevel.gfcc.mean": [-27.700496673583984, 87.66370391845703, -70.45234680175781, 43.81645965576172, -21.272424697875977, 25.19679832458496, -9.464570045471191, 19.765562057495117, 0.5118842720985413, 4.16330099105835, -5.191033840179443, 11.97055435180664, -18.95513916015625], "lowlevel.melbands.mean": [0.036556426435709, 0.010041349567472935, 0.0010041606146842241, 0.000627656641881913, 0.00037745304871350527, 9.803796274354681e-05, 0.00015438348054885864, 0.00048128500930033624, 0.0004039358755107969, 8.096374222077429e-05, 0.00015005659952294081, 9.8370474006515e-05, 8.72322270879522e-05, 0.000135907917865552, 6.49780486128293e-05, 6.985752406762913e-05, 3.831792491837405e-05, 3.070411185035482e-05, 2.2581032681046054e-05, 2.508725992811378e-05, 1.6524862076039426e-05, 1.527383028587792e-05, 1.8533515685703605e-05, 1.0107416528626345e-05, 9.319147466158029e-06, 7.900005584815517e-06, 5.9461572163854726e-06, 2.1164298686926486e-06, 2.147575287381187e-06, 2.1592907160083996e-06, 1.7489387573732529e-06, 2.688871745704091e-06, 3.090988229814684e-06, 2.51556002694997e-06, 1.508538048256014e-06, 1.1716853123289184e-06, 1.340048015663342e-06, 1.3635100231113029e-06, 7.72845055507787e-07, 4.0450328242513933e-07], "lowlevel.melbands.stdev": [0.03880899399518967, 0.012502990663051605, 0.0035099927335977554, 0.0024106448981910944, 0.0008872252656146884, 0.00036995814298279583, 0.0006258969660848379, 0.00102081464137882, 0.0010031808633357286, 0.00024723500246182084, 0.0003649609861895442, 0.00028250101604498923, 0.0002410857705399394, 0.0004102708771824837, 0.0002130791690433398, 0.0001982815156225115, 9.885204781312495e-05, 7.324213220272213e-05, 7.206257578218356e-05, 6.992439011810347e-05, 4.310336953494698e-05, 2.868533556465991e-05, 3.5749275411944836e-05, 1.8240803910885006e-05, 1.5864297893131152e-05, 1.7680080418358557e-05, 1.117109422921203e-05, 4.040657586301677e-06, 4.936349341733148e-06, 5.823708761454327e-06, 5.374412467062939e-06, 7.710945283179171e-06, 6.513619609904708e-06, 4.74878561362857e-06, 3.73003331333166e-06, 4.058780632476555e-06, 3.3929063647519797e-06, 2.8723018203891115e-06, 1.7272038803639589e-06, 1.0748724434961332e-06], "lowlevel.melbands128.mean": [0.013414042070508003, 0.04722363501787186, 0.04343559220433235, 0.0222475528717041, 0.0066198245622217655, 0.0022452916018664837, 0.0013353305403143167, 0.0006097902660258114, 0.0004656976379919797, 0.000714117253664881, 0.0006922717439010739, 0.0005129968631081283, 0.00034585167304612696, 0.0001246803003596142, 8.049115422181785e-05, 8.276934386231005e-05, 0.00011159072164446115, 0.000145935540786013, 0.00023008603602647781, 0.000351454975316301, 0.0006501381867565215, 0.0007753861718811095, 0.0003460679145064205, 8.675835852045566e-05, 6.136051524663344e-05, 8.228643127949908e-05, 0.0001019921837723814, 0.00014750074478797615, 0.00021935469703748822, 0.00012243558012414724, 4.9554993893252686e-05, 5.410909216152504e-05, 7.818592712283134e-05, 0.00010941127402475104, 0.00017177984409499913, 0.00015473573876079172, 6.112713163020089e-05, 5.4960335546638817e-05, 5.7685763749759644e-05, 0.00010283604933647439, 6.820581620559096e-05, 3.500204547890462e-05, 3.258944707340561e-05, 4.5783992391079664e-05, 3.806687527685426e-05, 2.5742192519828677e-05, 2.5774970708880574e-05, 1.9397930373088457e-05, 2.3176455215434544e-05, 2.571039294707589e-05, 2.823547401931137e-05, 2.0820318241021596e-05, 1.8144330169889145e-05, 1.4426019333768636e-05, 1.280543438042514e-05, 1.5140464711294044e-05, 1.6676936866133474e-05, 2.058768404822331e-05, 2.110185414494481e-05, 1.1423396244936157e-05, 9.67638425208861e-06, 7.772977369313594e-06, 1.0164390005229507e-05, 1.0038091204478405e-05, 7.4121521720371675e-06, 8.19033903098898e-06, 7.800197636242956e-06, 7.4019544626935385e-06, 6.089045655244263e-06, 3.218467782062362e-06, 1.6803676317067584e-06, 1.7434614392186631e-06, 1.9151304968545446e-06, 2.532845655878191e-06, 1.918633415698423e-06, 2.090149109790218e-06, 2.586325535958167e-06, 1.6711057924112538e-06, 1.6824637896206696e-06, 1.4999150153016672e-06, 2.44089164880279e-06, 3.297783223388251e-06, 3.2155937788047595e-06, 3.2626519441691926e-06, 2.7355713427823503e-06, 2.695577450140263e-06, 2.566207967902301e-06, 1.900754455164133e-06, 1.2228987316120765e-06, 1.433747456758283e-06, 1.4227898645913228e-06, 9.951104402716737e-07, 9.411126029590378e-07, 1.1757034599213512e-06, 1.6489140080011566e-06, 2.0272782421670854e-06, 1.194720994135423e-06, 5.67358995340328e-07, 8.843476280162577e-07, 8.724027793505229e-07, 4.820322487830708e-07, 3.4139148397116514e-07, 2.436085253521014e-07, 3.2202689226323855e-07, 3.3856903769446944e-07, 3.632259506503033e-07, 2.994308090364939e-07, 2.8047574573975e-07, 3.257068783568684e-07, 5.828485996062227e-07, 8.88094803030981e-07, 8.403048923355527e-07, 8.467852126159414e-07, 9.404687375536014e-07, 1.0924479738605442e-06, 1.2585496733663604e-06, 6.269162895478075e-07, 1.753022260686521e-08, 6.864599166878094e-11, 4.4999809434287386e-11, 4.403057779489572e-11, 2.3702704729511304e-11, 2.0412603898845028e-11, 1.9964297576224865e-11, 1.942445336522436e-11, 1.8835228515756697e-11, 1.8482774338801633e-11, 1.8339061172434334e-11], "lowlevel.melbands128.stdev": [0.013782817870378494, 0.05519759654998779, 0.052645713090896606, 0.025954464450478554, 0.010804920457303524, 0.007726831827312708, 0.005409959238022566, 0.002371822251006961, 0.002132787136361003, 0.003490671282634139, 0.002517030807211995, 0.0012437269324436784, 0.001029660110361874, 0.00039415821083821356, 0.00037288141902536154, 0.0004279552376829088, 0.0005939441616646945, 0.0006677347701042891, 0.0010255068773403764, 0.0010789789957925677, 0.001613127300515771, 0.002147794933989644, 0.0011865005362778902, 0.0003787461610045284, 0.000295833102427423, 0.00033715320751070976, 0.0004038400948047638, 0.00041529981535859406, 0.0007518550846725702, 0.00046656702761538327, 0.00022194781922735274, 0.0002541246940381825, 0.0003267404972575605, 0.0003697189094964415, 0.0006028839852660894, 0.0006345174624584615, 0.0002329867274966091, 0.0003248184220865369, 0.0002920370316132903, 0.00040728814201429486, 0.0002345399698242545, 0.00015434280794579536, 0.00011151904618600383, 0.00016900262562558055, 0.00012844371667597443, 8.644842455396429e-05, 0.00010328961070626974, 0.00010046526585938409, 0.00011698416346916929, 0.00010153914627153426, 0.00010683407163014635, 6.132575072115287e-05, 6.995537842158228e-05, 5.4871787142474204e-05, 3.77125725208316e-05, 4.1546514694346115e-05, 3.475925768725574e-05, 4.8684967623557895e-05, 5.6362761824857444e-05, 2.71312783297617e-05, 2.6625324608176015e-05, 1.4748688045074232e-05, 2.2836462449049577e-05, 1.9707524188561365e-05, 1.7322603525826707e-05, 2.7454956580186263e-05, 2.152720480808057e-05, 1.828813947213348e-05, 1.2613094440894201e-05, 6.842650691396557e-06, 3.883943918481236e-06, 3.9502433537563775e-06, 4.360745151643641e-06, 6.449579814216122e-06, 5.249815330898855e-06, 5.4794377319922205e-06, 8.187786079361103e-06, 5.804876309412066e-06, 6.0038541960238945e-06, 4.680398433265509e-06, 8.237871952587739e-06, 9.77776107902173e-06, 8.686167348059826e-06, 7.189135430962779e-06, 5.657907422573771e-06, 5.216854788159253e-06, 5.525978849618696e-06, 4.0572494981461205e-06, 3.2298307814926375e-06, 4.884262580162613e-06, 5.249809419183293e-06, 3.974969786213478e-06, 3.3446360703237588e-06, 3.2240411655948265e-06, 4.171638920524856e-06, 4.5945184865558986e-06, 2.657348431966966e-06, 1.2647880112126586e-06, 2.008707269851584e-06, 2.249980298074661e-06, 1.2964413826921373e-06, 1.0381608035459067e-06, 7.80701498115377e-07, 8.784689953245106e-07, 8.766180030761461e-07, 9.05071203760599e-07, 7.722392183495685e-07, 7.227388891806186e-07, 7.943539230836905e-07, 1.6422300177509896e-06, 2.3232162220665487e-06, 1.857902248048049e-06, 1.7657858961683814e-06, 2.0345837583590765e-06, 2.4536791443097172e-06, 2.717190682233195e-06, 1.7063235873138183e-06, 7.564219117739412e-08, 9.985008375679172e-10, 8.230591763691564e-10, 8.250558014566423e-10, 1.0556524404625733e-10, 3.69018565704593e-11, 3.5101442585894205e-11, 3.258679090456518e-11, 3.087862257555862e-11, 3.036376358678261e-11, 3.0175167919921364e-11], "lowlevel.mfcc.mean": [-692.6812744140625, 127.56071472167969, 21.13014030456543, 39.406341552734375, 23.677162170410156, 22.660053253173828, 9.406408309936523, 31.835847854614258, 4.878076553344727, 15.75231647491455, 14.84243106842041, 10.092942237854004, 7.5424299240112305], "lowlevel.spectral_contrast_coeffs.mean": [-0.6922816634178162, -0.7428852915763855, -0.7676516771316528, -0.792087733745575, -0.7700079679489136, -0.7399975061416626], "lowlevel.spectral_contrast_coeffs.stdev": [0.07367759943008423, 0.11292871087789536, 0.10001973807811737, 0.07672475278377533, 0.06979266554117203, 0.057059597223997116], "lowlevel.spectral_contrast_valleys.mean": [-6.655900955200195, -7.586369037628174, -8.130526542663574, -8.271957397460938, -8.289605140686035, -11.036057472229004], "lowlevel.spectral_contrast_valleys.stdev": [0.796703577041626, 1.0226942300796509, 1.1077961921691895, 1.009677767753601, 1.0332818031311035, 1.2753931283950806], "rhythm.beats_loudness_band_ratio.mean": [0.8040201663970947, 0.09606387466192245, 0.05423712730407715, 0.036247577518224716, 0.01566488854587078, 0.01401687040925026], "rhythm.beats_loudness_band_ratio.stdev": [0.22939307987689972, 0.12663665413856506, 0.07801692932844162, 0.05087728053331375, 0.018880847841501236, 0.014568626880645752], "tonal.hpcp.mean": [0.06136276200413704, 0.04166381433606148, 0.03211348503828049, 0.03625679761171341, 0.03557340428233147, 0.02795497700572014, 0.030308807268738747, 0.03145994246006012, 0.02708902768790722, 0.032813530415296555, 0.03775264695286751, 0.036581046879291534, 0.03815404698252678, 0.05240628123283386, 0.10326999425888062, 0.15776905417442322, 0.1508813500404358, 0.18024587631225586, 0.21995072066783905, 0.14307233691215515, 0.06900639086961746, 0.05933444947004318, 0.06046295166015625, 0.0659104585647583, 0.117369145154953, 0.11919309198856354, 0.05701201409101486, 0.03765420243144035, 0.04156710207462311, 0.039674144238233566, 0.04552144184708595, 0.05009384825825691, 0.04982985928654671, 0.06428508460521698, 0.08806021511554718, 0.08891663700342178], "tonal.hpcp.stdev": [0.19581250846385956, 0.1659950166940689, 0.12663644552230835, 0.1561429798603058, 0.14370431005954742, 0.12565472722053528, 0.12862494587898254, 0.14004568755626678, 0.11400080472230911, 0.12916842103004456, 0.12892815470695496, 0.13024887442588806, 0.12579463422298431, 0.15540282428264618, 0.2516462206840515, 0.3178096115589142, 0.30445751547813416, 0.3032573461532593, 0.3800507187843323, 0.2775120437145233, 0.21082592010498047, 0.18795989453792572, 0.20242556929588318, 0.18885424733161926, 0.2779166102409363, 0.2903456687927246, 0.18025925755500793, 0.15178757905960083, 0.15981176495552063, 0.15091879665851593, 0.17714639008045197, 0.1826159954071045, 0.18033505976200104, 0.2048339992761612, 0.24626517295837402, 0.2522902488708496], "rhythm.beats_position": [0.6037188172340393, 1.2190475463867188, 1.8575963973999023, 2.4845352172851562, 3.1346938610076904, 3.7848525047302246, 4.435011386871338, 5.061950206756592, 5.700498580932617, 6.339047431945801, 6.965986251831055, 7.592925071716309, 8.243083953857422, 8.893242835998535, 9.520181655883789, 10.147119522094727, 10.78566837310791, 11.424217224121094, 12.074376106262207, 12.72453498840332, 13.363083839416504, 13.990022659301758, 14.628571510314941, 15.278729438781738, 15.917278289794922, 16.555828094482422, 17.19437599182129, 17.832923889160156, 18.471473693847656, 19.110021591186523, 19.760181427001953, 20.39872932434082, 21.03727912902832, 21.664216995239258, 22.291156768798828, 22.941314697265625, 23.591472625732422, 24.24163246154785, 24.89179039001465, 25.51873016357422, 26.145668029785156, 26.772607803344727, 27.399545669555664, 28.038095474243164, 28.67664337158203, 29.326801300048828, 29.9537410736084, 30.580678939819336], "rhythm.bpm_histogram": [0.0, 0.0, 0.0, 0.0, 0.0, 0.0, 0.0, 0.0, 0.0, 0.0, 0.0, 0.0, 0.0, 0.0, 0.0, 0.0, 0.0, 0.0, 0.0, 0.0, 0.0, 0.0, 0.0, 0.0, 0.0, 0.0, 0.0, 0.0, 0.0, 0.0, 0.0, 0.0, 0.0, 0.0, 0.0, 0.0, 0.0, 0.0, 0.0, 0.0, 0.0, 0.0, 0.0, 0.0, 0.0, 0.0, 0.0, 0.0, 0.0, 0.0, 0.0, 0.0, 0.0, 0.0, 0.0, 0.0, 0.0, 0.0, 0.0, 0.0, 0.0, 0.0, 0.0, 0.0, 0.0, 0.0, 0.0, 0.0, 0.0, 0.0, 0.0, 0.0, 0.0, 0.0, 0.0, 0.0, 0.0, 0.0, 0.0, 0.0, 0.0, 0.0, 0.0, 0.0, 0.0, 0.0, 0.0, 0.0, 0.0, 0.0, 0.0, 0.0, 0.2978723347187042, 0.0, 0.3617021143436432, 0.0, 0.3191489279270172, 0.0, 0.021276595070958138, 0.0, 0.0, 0.0, 0.0, 0.0, 0.0, 0.0, 0.0, 0.0, 0.0, 0.0, 0.0, 0.0, 0.0, 0.0, 0.0, 0.0, 0.0, 0.0, 0.0, 0.0, 0.0, 0.0, 0.0, 0.0, 0.0, 0.0, 0.0, 0.0, 0.0, 0.0, 0.0, 0.0, 0.0, 0.0, 0.0, 0.0, 0.0, 0.0, 0.0, 0.0, 0.0, 0.0, 0.0, 0.0, 0.0, 0.0, 0.0, 0.0, 0.0, 0.0, 0.0, 0.0, 0.0, 0.0, 0.0, 0.0, 0.0, 0.0, 0.0, 0.0, 0.0, 0.0, 0.0, 0.0, 0.0, 0.0, 0.0, 0.0, 0.0, 0.0, 0.0, 0.0, 0.0, 0.0, 0.0, 0.0, 0.0, 0.0, 0.0, 0.0, 0.0, 0.0, 0.0, 0.0, 0.0, 0.0, 0.0, 0.0, 0.0, 0.0, 0.0, 0.0, 0.0, 0.0, 0.0, 0.0, 0.0, 0.0, 0.0, 0.0, 0.0, 0.0, 0.0, 0.0, 0.0, 0.0, 0.0, 0.0, 0.0, 0.0, 0.0, 0.0, 0.0, 0.0, 0.0, 0.0, 0.0, 0.0, 0.0, 0.0, 0.0, 0.0, 0.0, 0.0, 0.0, 0.0, 0.0, 0.0, 0.0, 0.0, 0.0, 0.0, 0.0, 0.0, 0.0, 0.0, 0.0, 0.0, 0.0, 0.0, 0.0, 0.0, 0.0, 0.0, 0.0, 0.0, 0.0, 0.0, 0.0, 0.0], "tonal.chords_histogram": [0.5925925970077515, 1.185185194015503, 2.0740740299224854, 5.777777671813965, 0.0, 0.4444444477558136, 4.296296119689941, 0.0, 1.3333333730697632, 1.6296296119689941, 0.0, 0.0, 0.5925925970077515, 23.259260177612305, 0.0, 0.0, 0.0, 0.0, 0.0, 2.222222328186035, 17.185184478759766, 7.259259223937988, 19.851852416992188, 12.296296119689941], "tonal.thpcp": [1.0, 0.650474488735199, 0.313735693693161, 0.26976245641708374, 0.2748931646347046, 0.2996601164340973, 0.5336156487464905, 0.5419081449508667, 0.25920358300209045, 0.17119380831718445, 0.1889837086200714, 0.18037742376327515, 0.2069620043039322, 0.22775033116340637, 0.22655010223388672, 0.29227039217948914, 0.40036338567733765, 0.4042570888996124, 0.2789841294288635, 0.18942339718341827, 0.1460030972957611, 0.16484054923057556, 0.16173352301120758, 0.12709654867649078, 0.13779817521572113, 0.1430317759513855, 0.12315952777862549, 0.14918582141399384, 0.17164139449596405, 0.1663147360086441, 0.17346633970737457, 0.23826374113559723, 0.46951422095298767, 0.7172927260398865, 0.6859779953956604, 0.8194829821586609], "lowlevel.gfcc.cov": [[7177.2900390625, -1025.884765625, -1691.74560546875, -818.585693359375, -771.754150390625, 13.084288597106934, -313.5350646972656, 396.62506103515625, -432.00225830078125, 395.07421875, -219.9801483154297, 141.63168334960938, -230.08798217773438], [-1025.884765625, 1952.669189453125, -289.4127197265625, -532.5365600585938, 127.45574188232422, -235.41461181640625, 212.07960510253906, -113.73638153076172, 196.50537109375, -322.3615417480469, 186.34193420410156, -70.38505554199219, -25.048824310302734], [-1691.74560546875, -289.4127197265625, 1674.33349609375, 608.1914672851562, 252.96075439453125, 178.54766845703125, 54.67458724975586, -78.64743041992188, -48.241085052490234, 50.993446350097656, -84.79664611816406, -26.72385597229004, 149.35809326171875], [-818.585693359375, -532.5365600585938, 608.1914672851562, 989.4551391601562, 281.782958984375, 11.693070411682129, -104.62109375, -87.10997009277344, 125.84788513183594, 7.308237552642822, -12.710504531860352, -29.790496826171875, 101.7372817993164], [-771.754150390625, 127.45574188232422, 252.96075439453125, 281.782958984375, 543.3157348632812, 154.11912536621094, 16.858036041259766, -42.67714309692383, 89.02418518066406, 0.4119136929512024, 17.771564483642578, -60.66490936279297, 75.25999450683594], [13.084288597106934, -235.41461181640625, 178.54766845703125, 11.693070411682129, 154.11912536621094, 426.8957824707031, 203.7175750732422, 4.94749116897583, -36.2806282043457, 65.8193130493164, -3.8226075172424316, -20.645532608032227, -18.05142593383789], [-313.5350646972656, 212.07960510253906, 54.67458724975586, -104.62109375, 16.858036041259766, 203.7175750732422, 430.79046630859375, 85.57273864746094, 16.809524536132812, -68.49246215820312, 81.71280670166016, 14.8236083984375, -77.54884338378906], [396.62506103515625, -113.73638153076172, -78.64743041992188, -87.10997009277344, -42.67714309692383, 4.94749116897583, 85.57273864746094, 223.01087951660156, 27.07103729248047, 15.8824462890625, -8.96678352355957, 17.175283432006836, -26.580028533935547], [-432.00225830078125, 196.50537109375, -48.241085052490234, 125.84788513183594, 89.02418518066406, -36.2806282043457, 16.809524536132812, 27.07103729248047, 304.8442687988281, -5.196980953216553, 63.99951934814453, -41.13211441040039, -12.650825500488281], [395.07421875, -322.3615417480469, 50.993446350097656, 7.308237552642822, 0.4119136929512024, 65.8193130493164, -68.49246215820312, 15.8824462890625, -5.196980953216553, 228.09300231933594, -21.516368865966797, -41.92538833618164, -14.969550132751465], [-219.9801483154297, 186.34193420410156, -84.79664611816406, -12.710504531860352, 17.771564483642578, -3.8226075172424316, 81.71280670166016, -8.96678352355957, 63.99951934814453, -21.516368865966797, 153.22300720214844, 29.597169876098633, -30.232051849365234], [141.63168334960938, -70.38505554199219, -26.72385597229004, -29.790496826171875, -60.66490936279297, -20.645532608032227, 14.8236083984375, 17.175283432006836, -41.13211441040039, -41.92538833618164, 29.597169876098633, 137.41259765625, 21.42669677734375], [-230.08798217773438, -25.048824310302734, 149.35809326171875, 101.7372817993164, 75.25999450683594, -18.05142593383789, -77.54884338378906, -26.580028533935547, -12.650825500488281, -14.969550132751465, -30.232051849365234, 21.42669677734375, 145.51329040527344]], "lowlevel.gfcc.icov": [[0.00043635768815875053, -0.0003856915864162147, 0.0005006249994039536, -0.00046040400047786534, 0.0005413024337030947, -0.0007200256222859025, 0.0006478900904767215, -0.0009860183345153928, 0.0007071925210766494, -0.0009606370003893971, 0.0006523328484036028, -0.0007556735654361546, 0.0004369734087958932], [-0.0003856915864162147, 0.0026743689086288214, -0.0007800324237905443, 0.0024851171765476465, -0.0017792934086173773, 0.0026980543043464422, -0.0019465602235868573, 0.0026911033783107996, -0.0019171226304024458, 0.003178201150149107, -0.002028142800554633, 0.0026407581754028797, -0.0010271449573338032], [0.0005006249994039536, -0.0007800324237905443, 0.00157768907956779, -0.0013843660708516836, 0.0007475189631804824, -0.001151254866272211, 0.0003494428819976747, -0.0011371055152267218, 0.0012665820540860295, -0.0018108281074091792, 0.0014580084243789315, -0.0011106317397207022, -0.00015478853310924023], [-0.00046040400047786534, 0.0024851171765476465, -0.0013843660708516836, 0.003990717697888613, -0.002247550990432501, 0.002661928068846464, -0.001453006872907281, 0.002924487693235278, -0.0025865910574793816, 0.003201318671926856, -0.001977365929633379, 0.0023371390998363495, -0.0010674188379198313], [0.0005413024337030947, -0.0017792934086173773, 0.0007475189631804824, -0.002247550990432501, 0.004381080158054829, -0.003418965032324195, 0.0019888479728251696, -0.0023268861696124077, 0.0010931508149951696, -0.0018718772334977984, 0.0006642517982982099, -0.0006124042556621134, -0.0005707506788894534], [-0.0007200256222859025, 0.0026980543043464422, -0.001151254866272211, 0.002661928068846464, -0.003418965032324195, 0.007615562528371811, -0.005190420895814896, 0.004197319503873587, -0.001723333727568388, 0.0014368430711328983, -0.0009191954741254449, 0.00245416397228837, -0.0011942822020500898], [0.0006478900904767215, -0.0019465602235868573, 0.0003494428819976747, -0.001453006872907281, 0.0019888479728251696, -0.005190420895814896, 0.00736248167231679, -0.004678425844758749, 0.0017317237798124552, -6.069444862077944e-05, -0.0010006525553762913, -0.001766175962984562, 0.0029396647587418556], [-0.0009860183345153928, 0.0026911033783107996, -0.0011371055152267218, 0.002924487693235278, -0.0023268861696124077, 0.004197319503873587, -0.004678425844758749, 0.009562685154378414, -0.0036399622913450003, 0.0024953908286988735, -0.00037383896415121853, 0.0016881698975339532, -0.0013817569706588984], [0.0007071925210766494, -0.0019171226304024458, 0.0012665820540860295, -0.0025865910574793816, 0.0010931508149951696, -0.001723333727568388, 0.0017317237798124552, -0.0036399622913450003, 0.006461871322244406, -0.0027734600007534027, -0.00023870266159065068, -0.0005632552783936262, 0.0010852603008970618], [-0.0009606370003893971, 0.003178201150149107, -0.0018108281074091792, 0.003201318671926856, -0.0018718772334977984, 0.0014368430711328983, -6.069444862077944e-05, 0.0024953908286988735, -0.0027734600007534027, 0.010760139673948288, -0.004044209141284227, 0.005455131642520428, -0.0005592579254880548], [0.0006523328484036028, -0.002028142800554633, 0.0014580084243789315, -0.001977365929633379, 0.0006642517982982099, -0.0009191954741254449, -0.0010006525553762913, -0.00037383896415121853, -0.00023870266159065068, -0.004044209141284227, 0.01212943997234106, -0.00584698561578989, 0.0024533637333661318], [-0.0007556735654361546, 0.0026407581754028797, -0.0011106317397207022, 0.0023371390998363495, -0.0006124042556621134, 0.00245416397228837, -0.001766175962984562, 0.0016881698975339532, -0.0005632552783936262, 0.005455131642520428, -0.00584698561578989, 0.013138115406036377, -0.0038831918500363827], [0.0004369734087958932, -0.0010271449573338032, -0.00015478853310924023, -0.0010674188379198313, -0.0005707506788894534, -0.0011942822020500898, 0.0029396647587418556, -0.0013817569706588984, 0.0010852603008970618, -0.0005592579254880548, 0.0024533637333661318, -0.0038831918500363827, 0.010871152393519878]], "lowlevel.mfcc.cov": [[8242.515625, -979.6473388671875, -1527.0850830078125, -965.2406616210938, -739.4321899414062, -600.7771606445312, -139.53289794921875, -305.6623229980469, -143.25387573242188, -90.2234115600586, 140.31826782226562, -117.4602279663086, -35.796871185302734], [-979.6473388671875, 2136.856201171875, -399.1319580078125, -348.7707824707031, -217.05575561523438, -148.5246124267578, -27.680559158325195, 223.36322021484375, -160.7191619873047, 9.226850509643555, 9.151956558227539, -50.355690002441406, 43.99599838256836], [-1527.0850830078125, -399.1319580078125, 1259.4805908203125, 407.5483703613281, 185.65333557128906, 217.22682189941406, 132.00160217285156, -65.87255096435547, 178.12698364257812, -69.92903137207031, -82.24800109863281, 90.2752456665039, -23.98521614074707], [-965.2406616210938, -348.7707824707031, 407.5483703613281, 731.4071655273438, 340.3309326171875, 77.93507385253906, -106.69977569580078, -4.6610188484191895, 40.39888000488281, 11.4458589553833, -61.352821350097656, 21.191286087036133, -10.278192520141602], [-739.4321899414062, -217.05575561523438, 185.65333557128906, 340.3309326171875, 601.4578857421875, 194.1754150390625, -47.065040588378906, -104.92636108398438, 113.96165466308594, 43.16331481933594, -53.32475662231445, 1.201539158821106, -6.622626781463623], [-600.7771606445312, -148.5246124267578, 217.22682189941406, 77.93507385253906, 194.1754150390625, 407.8326110839844, 151.99412536621094, -1.6145793199539185, 59.12845993041992, 39.06947326660156, 28.49880599975586, 50.9667854309082, 4.540158748626709], [-139.53289794921875, -27.680559158325195, 132.00160217285156, -106.69977569580078, -47.065040588378906, 151.99412536621094, 380.906494140625, 86.26329803466797, 72.12417602539062, -43.49887466430664, 47.062713623046875, 37.84799575805664, 6.47520112991333], [-305.6623229980469, 223.36322021484375, -65.87255096435547, -4.6610188484191895, -104.92636108398438, -1.6145793199539185, 86.26329803466797, 378.46136474609375, -16.577526092529297, 10.7811861038208, 52.24576950073242, 17.172504425048828, 32.689918518066406], [-143.25387573242188, -160.7191619873047, 178.12698364257812, 40.39888000488281, 113.96165466308594, 59.12845993041992, 72.12417602539062, -16.577526092529297, 233.543701171875, 24.7822265625, -5.0799736976623535, 12.425764083862305, -0.4332357943058014], [-90.2234115600586, 9.226850509643555, -69.92903137207031, 11.4458589553833, 43.16331481933594, 39.06947326660156, -43.49887466430664, 10.7811861038208, 24.7822265625, 199.6214599609375, 88.80703735351562, 12.560823440551758, 7.98351526260376], [140.31826782226562, 9.151956558227539, -82.24800109863281, -61.352821350097656, -53.32475662231445, 28.49880599975586, 47.062713623046875, 52.24576950073242, -5.0799736976623535, 88.80703735351562, 186.7712860107422, 57.144554138183594, 16.028671264648438], [-117.4602279663086, -50.355690002441406, 90.2752456665039, 21.191286087036133, 1.201539158821106, 50.9667854309082, 37.84799575805664, 17.172504425048828, 12.425764083862305, 12.560823440551758, 57.144554138183594, 119.05361938476562, 34.1030158996582], [-35.796871185302734, 43.99599838256836, -23.98521614074707, -10.278192520141602, -6.622626781463623, 4.540158748626709, 6.47520112991333, 32.689918518066406, -0.4332357943058014, 7.98351526260376, 16.028671264648438, 34.1030158996582, 104.04935455322266]], "lowlevel.mfcc.icov": [[0.00025895287399180233, 0.0002029372117249295, 0.00028485062648542225, 0.00017094523354899138, 0.00017220416339114308, 0.00018204553634859622, 2.310508170921821e-05, 0.00019478531612548977, -0.0001002946519292891, 0.00020796914759557694, -0.000180157003342174, 4.857999738305807e-05, 2.166729791497346e-05], [0.0002029372117249295, 0.0007482880027964711, 0.0002191236853832379, 0.0004505277320276946, 2.105063686030917e-05, 0.00027316040359437466, 5.8847075706580654e-05, -0.00022716062085237354, 0.00026913988403975964, 2.6214604076812975e-05, 2.489457074261736e-05, 0.00016872146807145327, -0.0001544690749142319], [0.00028485062648542225, 0.0002191236853832379, 0.0017122315475717187, -0.0006576325395144522, 0.0006249324651435018, -0.0003008109633810818, -0.0002964118611998856, 0.0005176111008040607, -0.000965230050496757, 0.0005580108845606446, 0.0004307706840336323, -0.0009577550226822495, 0.000444527919171378], [0.00017094523354899138, 0.0004505277320276946, -0.0006576325395144522, 0.0028536987956613302, -0.0013857700396329165, 0.000499818823300302, 0.0007822050247341394, -0.000755464076064527, 0.0006944698398001492, -6.0547434259206057e-05, 0.00012260372750461102, -0.00014742324128746986, 0.00011423784599173814], [0.00017220416339114308, 2.105063686030917e-05, 0.0006249324651435018, -0.0013857700396329165, 0.003476720303297043, -0.0014660566812381148, 0.0004625800356734544, 0.0009443832095712423, -0.0015151804545894265, -6.156705057946965e-05, 0.00044871060526929796, 0.0002487699966877699, -0.0001349624217255041], [0.00018204553634859622, 0.00027316040359437466, -0.0003008109633810818, 0.000499818823300302, -0.0014660566812381148, 0.004335018340498209, -0.0017698835581541061, 4.844128852710128e-05, 0.0007646784069947898, -0.0010270329657942057, -5.936132765782531e-06, -0.0008484993013553321, 0.00010061627108370885], [2.310508170921821e-05, 5.8847075706580654e-05, -0.0002964118611998856, 0.0007822050247341394, 0.0004625800356734544, -0.0017698835581541061, 0.0045602284371852875, -0.00091549166245386, -0.001346397097222507, 0.0019189679296687245, -0.0013861494371667504, 0.00013818296429235488, 0.00011791005817940459], [0.00019478531612548977, -0.00022716062085237354, 0.0005176111008040607, -0.000755464076064527, 0.0009443832095712423, 4.844128852710128e-05, -0.00091549166245386, 0.003627564525231719, -0.000267322437139228, 8.159502613125369e-05, -0.0007041852222755551, 0.00015225216338876635, -0.0007657682290300727], [-0.0001002946519292891, 0.00026913988403975964, -0.000965230050496757, 0.0006944698398001492, -0.0015151804545894265, 0.0007646784069947898, -0.001346397097222507, -0.000267322437139228, 0.006142933387309313, -0.0015839042607694864, 0.0006527215009555221, 5.818529461976141e-05, -0.00023675354896113276], [0.00020796914759557694, 2.6214604076812975e-05, 0.0005580108845606446, -6.0547434259206057e-05, -6.156705057946965e-05, -0.0010270329657942057, 0.0019189679296687245, 8.159502613125369e-05, -0.0015839042607694864, 0.00807172991335392, -0.004518483765423298, 0.0011722772615030408, -0.00023512649931944907], [-0.000180157003342174, 2.489457074261736e-05, 0.0004307706840336323, 0.00012260372750461102, 0.00044871060526929796, -5.936132765782531e-06, -0.0013861494371667504, -0.0007041852222755551, 0.0006527215009555221, -0.004518483765423298, 0.009879308752715588, -0.004503215663135052, 0.0006787077873013914], [4.857999738305807e-05, 0.00016872146807145327, -0.0009577550226822495, -0.00014742324128746986, 0.0002487699966877699, -0.0008484993013553321, 0.00013818296429235488, 0.00015225216338876635, 5.818529461976141e-05, 0.0011722772615030408, -0.004503215663135052, 0.012701504863798618, -0.0038525566924363375], [2.166729791497346e-05, -0.0001544690749142319, 0.000444527919171378, 0.00011423784599173814, -0.0001349624217255041, 0.00010061627108370885, 0.00011791005817940459, -0.0007657682290300727, -0.00023675354896113276, -0.00023512649931944907, 0.0006787077873013914, -0.0038525566924363375, 0.011192825622856617]], "metadata.audio_properties.analysis.downmix": "mix", "metadata.audio_properties.codec": "mp3", "metadata.audio_properties.md5_encoded": "31f60f9303fb40838b0f8417c2c68845", "metadata.tags.file_name": "1183678865365807174.mp3", "metadata.version.essentia": "2.1-beta6-dev", "metadata.version.essentia_git_sha": "v2.1_beta5-1110-g77a6a954", "metadata.version.extractor": "music 2.0", "tonal.chords_key": "C#", "tonal.chords_scale": "minor", "tonal.key_edma.key": "Eb", "tonal.key_edma.scale": "major", "tonal.key_krumhansl.key": "Eb", "tonal.key_krumh