{"song_id": "1183695886405091440", "download": "https://cdn.discordapp.com/attachments/1135911532732108921/1183695886405091440/chirp.mp4?ex=658945b3&amp", "lyrics": "Je ne suis ni asiatique ni australien\nJe suis seulement un humain\n\nLes marchands d'armes fondent en larmes\nEt ils n'auront PLUS rien\n\nTout ce qui divise, c'est leur devise\nOn n'a pas besoin\n\nJe ne suis ni am\u00e9ricain ni africain\nJe suis seulement un terrien\n\nLa beaut\u00e9 est dans la diff\u00e9rence du corps\nPas dans le changement du d\u00e9cor\n\nSi on \u00e9tait tous pareils et d'accord\nOn s'ennuierait \u00e0 mort\n\nJe ne suis ni martien ni europ\u00e9en\nJe suis seulement un monosapien\n\nVous \u00eates tous rares et en voie de disparition\nLe peu qui reste, on doit le pr\u00e9server\nAimer les autres sans crainte\nRegarder vos empreintes\nC'est votre marque d\u00e9pos\u00e9e\nQui prouve que vous \u00eates unique et authentique\nEt magnifique.", "style": ["random"], "essentia_features": {"lowlevel.average_loudness": 0.8037261366844177, "lowlevel.barkbands_crest.mean": 12.287776947021484, "lowlevel.barkbands_crest.stdev": 5.6620917320251465, "lowlevel.barkbands_flatness_db.mean": 0.19936653971672058, "lowlevel.barkbands_flatness_db.stdev": 0.08712420612573624, "lowlevel.barkbands_kurtosis.mean": 20.107093811035156, "lowlevel.barkbands_kurtosis.stdev": 39.67616271972656, "lowlevel.barkbands_skewness.mean": 2.4496545791625977, "lowlevel.barkbands_skewness.stdev": 3.0769410133361816, "lowlevel.barkbands_spread.mean": 19.411300659179688, "lowlevel.barkbands_spread.stdev": 15.394072532653809, "lowlevel.dissonance.mean": 0.46993982791900635, "lowlevel.dissonance.stdev": 0.034059688448905945, "lowlevel.dynamic_complexity": 12.680451393127441, "lowlevel.erbbands_crest.mean": 9.727180480957031, "lowlevel.erbbands_crest.stdev": 5.372823715209961, "lowlevel.erbbands_flatness_db.mean": 0.19100812077522278, "lowlevel.erbbands_flatness_db.stdev": 0.05683739110827446, "lowlevel.erbbands_kurtosis.mean": 1.5260406732559204, "lowlevel.erbbands_kurtosis.stdev": 4.688937664031982, "lowlevel.erbbands_skewness.mean": 0.42083096504211426, "lowlevel.erbbands_skewness.stdev": 1.2970921993255615, "lowlevel.erbbands_spread.mean": 47.77584457397461, "lowlevel.erbbands_spread.stdev": 26.975175857543945, "lowlevel.hfc.mean": 8.411651611328125, "lowlevel.hfc.stdev": 12.94992733001709, "lowlevel.loudness_ebu128.integrated": -12.802604675292969, "lowlevel.loudness_ebu128.loudness_range": 4.901942253112793, "lowlevel.loudness_ebu128.momentary.mean": -40.644081115722656, "lowlevel.loudness_ebu128.momentary.stdev": 80.18881225585938, "lowlevel.loudness_ebu128.short_term.mean": -21.793310165405273, "lowlevel.loudness_ebu128.short_term.stdev": 42.91554260253906, "lowlevel.melbands_crest.mean": 16.51106834411621, "lowlevel.melbands_crest.stdev": 7.5713419914245605, "lowlevel.melbands_flatness_db.mean": 0.22108978033065796, "lowlevel.melbands_flatness_db.stdev": 0.12310833483934402, "lowlevel.melbands_kurtosis.mean": 52.180809020996094, "lowlevel.melbands_kurtosis.stdev": 83.49385070800781, "lowlevel.melbands_skewness.mean": 4.321613311767578, "lowlevel.melbands_skewness.stdev": 3.721543788909912, "lowlevel.melbands_spread.mean": 34.10027313232422, "lowlevel.melbands_spread.stdev": 43.56552505493164, "lowlevel.pitch_salience.mean": 0.5335443615913391, "lowlevel.pitch_salience.stdev": 0.18250232934951782, "lowlevel.silence_rate_20dB.mean": 1.0, "lowlevel.silence_rate_20dB.stdev": 0.0, "lowlevel.silence_rate_30dB.mean": 0.9988412261009216, "lowlevel.silence_rate_30dB.stdev": 0.03402043879032135, "lowlevel.silence_rate_60dB.mean": 0.4206257164478302, "lowlevel.silence_rate_60dB.stdev": 0.49366334080696106, "lowlevel.spectral_centroid.mean": 2148.874267578125, "lowlevel.spectral_centroid.stdev": 3019.921630859375, "lowlevel.spectral_complexity.mean": 5.734067440032959, "lowlevel.spectral_complexity.stdev": 6.442678928375244, "lowlevel.spectral_decrease.mean": -4.365151795582278e-09, "lowlevel.spectral_decrease.stdev": 6.2036722425773405e-09, "lowlevel.spectral_energy.mean": 0.01723804511129856, "lowlevel.spectral_energy.stdev": 0.024059917777776718, "lowlevel.spectral_energyband_high.mean": 0.000314635835820809, "lowlevel.spectral_energyband_high.stdev": 0.0007902412908151746, "lowlevel.spectral_energyband_low.mean": 0.005659685004502535, "lowlevel.spectral_energyband_low.stdev": 0.01617206074297428, "lowlevel.spectral_energyband_middle_high.mean": 0.001639153459109366, "lowlevel.spectral_energyband_middle_high.stdev": 0.004321778658777475, "lowlevel.spectral_energyband_middle_low.mean": 0.010473365895450115, "lowlevel.spectral_energyband_middle_low.stdev": 0.01670941337943077, "lowlevel.spectral_entropy.mean": 7.596934795379639, "lowlevel.spectral_entropy.stdev": 0.9421032071113586, "lowlevel.spectral_flux.mean": 0.06262490898370743, "lowlevel.spectral_flux.stdev": 0.06432992964982986, "lowlevel.spectral_kurtosis.mean": 2.4047458171844482, "lowlevel.spectral_kurtosis.stdev": 5.407980918884277, "lowlevel.spectral_rms.mean": 0.003082757815718651, "lowlevel.spectral_rms.stdev": 0.0027044813614338636, "lowlevel.spectral_rolloff.mean": 3125.40576171875, "lowlevel.spectral_rolloff.stdev": 5402.97802734375, "lowlevel.spectral_skewness.mean": 1.0180261135101318, "lowlevel.spectral_skewness.stdev": 0.6880481243133545, "lowlevel.spectral_spread.mean": 7755416.5, "lowlevel.spectral_spread.stdev": 10785488.0, "lowlevel.spectral_strongpeak.mean": 0.6606992483139038, "lowlevel.spectral_strongpeak.stdev": 0.9438034296035767, "lowlevel.zerocrossingrate.mean": 0.10107110440731049, "lowlevel.zerocrossingrate.stdev": 0.1398167908191681, "metadata.audio_properties.analysis.equal_loudness": 0.0, "metadata.audio_properties.analysis.length": 40.04265213012695, "metadata.audio_properties.analysis.sample_rate": 44100.0, "metadata.audio_properties.analysis.start_time": 0.0, "metadata.audio_properties.bit_rate": 114836.0, "metadata.audio_properties.length": 40.042667388916016, "metadata.audio_properties.lossless": 0.0, "metadata.audio_properties.number_channels": 1.0, "metadata.audio_properties.replay_gain": -15.632579803466797, "metadata.audio_properties.sample_rate": 48000.0, "rhythm.beats_count": 70.0, "rhythm.beats_loudness.mean": 0.02875412441790104, "rhythm.beats_loudness.stdev": 0.022088492289185524, "rhythm.bpm": 110.31230163574219, "rhythm.bpm_histogram_first_peak_bpm": 112.0, "rhythm.bpm_histogram_first_peak_weight": 0.6363636255264282, "rhythm.bpm_histogram_second_peak_bpm": 101.0, "rhythm.bpm_histogram_second_peak_spread": 0.5454545021057129, "rhythm.bpm_histogram_second_peak_weight": 0.14492753148078918, "rhythm.danceability": 1.0716768503189087, "rhythm.onset_rate": 4.46891975402832, "tonal.chords_changes_rate": 0.09953703731298447, "tonal.chords_number_rate": 0.011574073694646358, "tonal.chords_strength.mean": 0.5228840708732605, "tonal.chords_strength.stdev": 0.16631458699703217, "tonal.hpcp_crest.mean": 11.000085830688477, "tonal.hpcp_crest.stdev": 7.603824138641357, "tonal.hpcp_entropy.mean": 2.1532726287841797, "tonal.hpcp_entropy.stdev": 1.1479105949401855, "tonal.key_edma.strength": 0.6410725712776184, "tonal.key_krumhansl.strength": 0.6370893120765686, "tonal.key_temperley.strength": 0.6230202317237854, "tonal.tuning_diatonic_strength": 0.7192582488059998, "tonal.tuning_equal_tempered_deviation": 0.2118075042963028, "tonal.tuning_frequency": 452.10888671875, "tonal.tuning_nontempered_energy_ratio": 0.8743698596954346, "lowlevel.barkbands.mean": [1.527251151856035e-05, 0.002259897068142891, 0.0025559512432664633, 0.0023596647661179304, 0.004651579074561596, 0.0019328513881191611, 0.000649814959615469, 0.0005755848833359778, 0.0002702870115172118, 0.00019729181076399982, 0.0001708808122202754, 0.00023037707433104515, 0.00014664656191598624, 0.00013127866259310395, 0.00013854302233085036, 0.00013589854643214494, 0.00010891860438277945, 7.854128489270806e-05, 0.0002133810194209218, 0.0001594352797837928, 8.779455674812198e-05, 7.258411642396823e-05, 3.116116567980498e-05, 6.204742385307327e-05, 2.249092858619406e-06, 1.1981364878010936e-07, 6.897918680692783e-09], "lowlevel.barkbands.stdev": [5.030977263231762e-05, 0.009075104258954525, 0.008239318616688251, 0.00610953476279974, 0.010356352664530277, 0.0071969544515013695, 0.004752823151648045, 0.002616566140204668, 0.0018490110523998737, 0.0013765087351202965, 0.0010559214279055595, 0.0011331005953252316, 0.0007683608564548194, 0.0007135978084988892, 0.0005421959795057774, 0.0006619934574700892, 0.00040174968307837844, 0.00028033542912453413, 0.0009620166965760291, 0.0007026042439974844, 0.0002130268985638395, 0.00019513058941811323, 0.00010952065349556506, 0.00025147036649286747, 1.2329534911259543e-05, 5.34584330580401e-07, 4.44924559417359e-08], "lowlevel.erbbands.mean": [0.027808794751763344, 0.6604580283164978, 2.9126691818237305, 5.051403999328613, 12.427624702453613, 15.358233451843262, 16.90127182006836, 15.621065139770508, 12.900325775146484, 6.8167009353637695, 13.47411060333252, 6.558714389801025, 4.807914733886719, 8.091886520385742, 6.565535545349121, 9.487322807312012, 7.215315818786621, 7.017493724822998, 6.837512016296387, 7.367712497711182, 6.96295690536499, 6.159873008728027, 4.201516628265381, 8.072200775146484, 12.01279354095459, 6.803134918212891, 4.92869234085083, 2.395528793334961, 2.5351970195770264, 2.167283535003662, 0.7554125189781189, 1.0538274049758911, 1.0822429656982422, 0.09658925235271454, 0.0038662701845169067, 0.0005982799921184778, 0.000213340186746791, 6.677042983938009e-05, 1.11263452708954e-05, 2.0137045794399455e-05], "lowlevel.erbbands.stdev": [0.119012251496315, 2.51814341545105, 9.106779098510742, 12.668724060058594, 27.98349952697754, 41.9412841796875, 53.25278854370117, 66.63938903808594, 86.65106964111328, 26.05247688293457, 64.79642486572266, 46.90985870361328, 31.038061141967773, 52.05653762817383, 26.82349967956543, 50.056461334228516, 33.057491302490234, 38.578163146972656, 25.679946899414062, 30.283193588256836, 31.217870712280273, 22.21586799621582, 14.28837776184082, 31.325817108154297, 61.189483642578125, 26.834753036499023, 11.780173301696777, 6.430838584899902, 6.9506516456604, 6.34236478805542, 2.689363956451416, 4.219759464263916, 4.605339527130127, 0.4276374578475952, 0.015605701133608818, 0.002910732524469495, 0.0009610278648324311, 0.0002724557416513562, 1.5005175555415917e-05, 2.6933785193250515e-05], "lowlevel.gfcc.mean": [-232.6846466064453, 92.3353042602539, -124.68270874023438, 57.78169631958008, -61.92795944213867, 11.723176956176758, -37.1104736328125, -28.985565185546875, -17.92411994934082, -21.21856689453125, -3.4458701610565186, -15.75862979888916, -1.9253804683685303], "lowlevel.melbands.mean": [0.00044663355220109224, 0.0012916481355205178, 0.0011474313214421272, 0.0010118955979123712, 0.0006267765420489013, 0.00035346593358553946, 0.00017977366223931313, 8.333478035638109e-05, 0.00010519138595554978, 3.5831748391501606e-05, 2.354527714487631e-05, 3.3219530450878665e-05, 2.1481368094100617e-05, 2.451884574838914e-05, 2.2099120542407036e-05, 1.3704645425605122e-05, 1.2639911801670678e-05, 1.0200833457929548e-05, 1.095662810257636e-05, 9.598668839316815e-06, 7.817176992830355e-06, 6.487531663879054e-06, 4.784887096320745e-06, 3.4293086628167657e-06, 6.7745572778221685e-06, 8.14426766737597e-06, 8.372370757570025e-06, 3.5761913750320673e-06, 3.44703971677518e-06, 1.9635053831734695e-06, 1.1393838121875888e-06, 1.341144525213167e-06, 1.5563150554953609e-06, 1.0164690138481092e-06, 4.2635315367078874e-07, 3.231235723433201e-07, 7.838667102078034e-07, 9.821239927987335e-07, 2.4410780952166533e-07, 1.9534068584903252e-08], "lowlevel.melbands.stdev": [0.001854702946729958, 0.0039595747366547585, 0.002530438359826803, 0.002288383897393942, 0.0018311215098947287, 0.001442867680452764, 0.001207018387503922, 0.000315072073135525, 0.0005312582943588495, 0.0002734478039201349, 0.00016731278446968645, 0.00021618930622935295, 0.00010554345499258488, 0.00011706874647643417, 0.00011492642806842923, 6.37495395494625e-05, 7.317148993024603e-05, 4.18165946030058e-05, 4.500760405790061e-05, 5.058792885392904e-05, 4.010025077150203e-05, 2.4515753466403112e-05, 1.774359043338336e-05, 1.1824522516690195e-05, 2.7440069970907643e-05, 4.230132617522031e-05, 4.56365778518375e-05, 1.2988394701096695e-05, 8.619402251497377e-06, 5.387293640524149e-06, 3.1758133900439134e-06, 3.806792619798216e-06, 4.281710516806925e-06, 3.1994914024835452e-06, 1.5354469269368565e-06, 1.4058847455089563e-06, 3.229303274565609e-06, 4.1756748032639734e-06, 1.121069431064825e-06, 1.332971777401326e-07], "lowlevel.melbands128.mean": [8.277907909359783e-06, 8.656283171148971e-05, 0.0005634046392515302, 0.0012492170790210366, 0.0015973340487107635, 0.0011226151837036014, 0.0008526885649189353, 0.001378850662149489, 0.0012744168052449822, 0.0010123950196430087, 0.000819966197013855, 0.0007652424392290413, 0.0005979913403280079, 0.0004199219401925802, 0.00035466818371787667, 0.00032952174660749733, 0.000263442489085719, 0.00015779348905198276, 6.716439384035766e-05, 4.961634840583429e-05, 0.00010221265984000638, 0.0001523946993984282, 0.00010735430259956047, 6.18730773567222e-05, 4.14271853514947e-05, 2.3643984604859725e-05, 1.9384995539439842e-05, 1.926325239764992e-05, 3.319418465252966e-05, 3.116877269349061e-05, 3.722847759490833e-05, 3.0351093300851062e-05, 1.3992102140036877e-05, 2.1488265701918863e-05, 2.3152169887907803e-05, 2.358558413106948e-05, 3.040243245777674e-05, 2.2234640709939413e-05, 1.8401855413685553e-05, 1.416844861523714e-05, 1.1075035217800178e-05, 1.4885697055433411e-05, 1.5104104022611864e-05, 1.0208116691501345e-05, 9.151196536549833e-06, 8.258445632236544e-06, 1.4145648492558394e-05, 1.1945573533012066e-05, 9.649987077864353e-06, 8.467298357572872e-06, 1.1848814210679848e-05, 7.082879164954647e-06, 8.699138561496511e-06, 7.584242666780483e-06, 6.812441370129818e-06, 6.370185474224854e-06, 6.353499429678777e-06, 5.8058030845131725e-06, 4.289879143470898e-06, 2.629107711982215e-06, 2.7142291401105467e-06, 4.276614617992891e-06, 6.280782145040575e-06, 8.40815482661128e-06, 5.956476343271788e-06, 7.6173723755346145e-06, 9.185650014842395e-06, 1.1303911378490739e-05, 8.11276458989596e-06, 4.799372163688531e-06, 3.0850419534544926e-06, 3.132035089947749e-06, 3.596725719035021e-06, 3.903951437678188e-06, 2.761885980362422e-06, 2.1416474282887066e-06, 1.4447170997300418e-06, 1.4232166449801298e-06, 1.1107366617579828e-06, 8.144557455125323e-07, 1.2034906831104308e-06, 1.6461957557112328e-06, 1.5524050240856013e-06, 1.4746733540960122e-06, 1.7033631820595474e-06, 1.2671807780861855e-06, 7.696353350183927e-07, 4.955887789037661e-07, 4.572859495510784e-07, 3.0471167633550067e-07, 3.157418859700556e-07, 2.417518203401414e-07, 4.5795721348440566e-07, 8.960989248407714e-07, 8.195003715627536e-07, 1.1516106042108731e-06, 1.1660724794637645e-06, 5.575186605710769e-07, 2.1955733586764836e-07, 9.376561393992233e-08, 2.9735311102285777e-08, 7.622197095713545e-09, 2.0737691563965654e-09, 1.2281045069784113e-09, 8.597036416091441e-10, 9.117990806828402e-10, 1.224176426894985e-09, 1.0273277784023094e-09, 6.534716101569416e-10, 4.838603961943022e-10, 3.3997055171042234e-10, 2.831341827658207e-10, 5.770123823189977e-10, 8.310549470813555e-10, 9.594973704452059e-10, 9.284535362752422e-10, 3.318492147741381e-10, 4.4916195762745303e-11, 2.255722301655605e-12, 2.1942077061548604e-12, 2.1415052890716435e-12, 2.0961260071422627e-12, 2.052396880919405e-12, 2.016178023145354e-12, 1.977880099285345e-12, 1.9308276765633847e-12, 1.9031967841975916e-12, 1.8911582369551816e-12], "lowlevel.melbands128.stdev": [2.6911269742413424e-05, 0.00039695744635537267, 0.002662378828972578, 0.0049370331689715385, 0.005183656234294176, 0.00363246351480484, 0.002489166334271431, 0.0035665554460138083, 0.003348482074216008, 0.0033049241174012423, 0.0027588456869125366, 0.0029027555137872696, 0.002235614927485585, 0.0020948697347193956, 0.0018860938725993037, 0.0020603530574589968, 0.0017944654682651162, 0.0017440065275877714, 0.00045938362018205225, 0.00030849516042508185, 0.00047855169395916164, 0.0007968918653205037, 0.0008489693864248693, 0.0005065668374300003, 0.00046720282989554107, 0.00022517838806379586, 0.000205084535991773, 0.00015392799105029553, 0.00038136611692607403, 0.00024772979668341577, 0.00035542764817364514, 0.0002673669077921659, 8.707277447683737e-05, 0.0001147791335824877, 0.00013741824659518898, 0.00016623649571556598, 0.0002377939090365544, 0.0001451930875191465, 0.00015566058573313057, 7.471565186278895e-05, 6.808058969909325e-05, 0.00011686640209518373, 0.00013604757259599864, 8.144402818288654e-05, 5.890794636798091e-05, 4.530117803369649e-05, 7.800506864441559e-05, 6.990001566009596e-05, 6.107005174271762e-05, 5.130561112309806e-05, 8.670933311805129e-05, 3.8595288060605526e-05, 6.081711035221815e-05, 5.440168752102181e-05, 3.122765338048339e-05, 2.7801021133200265e-05, 3.421815927140415e-05, 2.353130366827827e-05, 1.8995895516127348e-05, 1.1382086086086929e-05, 9.809979928832036e-06, 2.010781827266328e-05, 2.6508096198085696e-05, 4.22831617470365e-05, 3.133204882033169e-05, 5.696709922631271e-05, 5.604483521892689e-05, 7.528132118750364e-05, 4.9354261136613786e-05, 1.951843296410516e-05, 1.3013437637710012e-05, 1.3508106349036098e-05, 1.1857930076075718e-05, 9.861195394478273e-06, 6.900213520566467e-06, 6.859805125714047e-06, 4.559182343655266e-06, 4.33518744102912e-06, 3.312487024231814e-06, 2.4358087102882564e-06, 3.6397550502442755e-06, 5.084387794340728e-06, 4.713710950454697e-06, 4.175845333520556e-06, 5.153407073521521e-06, 4.144614194956375e-06, 2.9046991585346404e-06, 1.8076840433423058e-06, 1.734356601446052e-06, 1.2087623417755822e-06, 1.5159782833507052e-06, 1.388383680023253e-06, 1.8988972669831128e-06, 4.26074211645755e-06, 3.453982117207488e-06, 4.837133474211441e-06, 5.108253844809951e-06, 2.876685584851657e-06, 1.0556119605098502e-06, 5.024276674703287e-07, 1.980650665700523e-07, 1.183940980808984e-07, 1.6361934029873737e-08, 1.1719159864753692e-08, 6.608568359212086e-09, 7.843203420065947e-09, 7.540478463852196e-09, 6.1933116413115386e-09, 7.4172117336956944e-09, 4.757928717680215e-09, 2.0758423868727505e-09, 1.8275326807426495e-09, 4.893314642373525e-09, 3.984628627051734e-09, 4.072565396029404e-09, 4.8063930613295724e-09, 1.610058641965395e-09, 4.716247947733621e-10, 4.557433857382831e-12, 4.436141124580795e-12, 4.330151688602957e-12, 4.236414604535943e-12, 4.150080886583529e-12, 4.0787130617392364e-12, 4.019487433865043e-12, 3.968779731938765e-12, 3.933430837987917e-12, 3.911869526224132e-12], "lowlevel.mfcc.mean": [-794.565185546875, 93.07669830322266, -1.164445161819458, 31.714937210083008, 1.1310604810714722, 24.876609802246094, -7.492387771606445, -3.0124433040618896, -15.491435050964355, -7.049955368041992, -17.116384506225586, -0.9115918874740601, -11.723159790039062], "lowlevel.spectral_contrast_coeffs.mean": [-0.6457188129425049, -0.785772442817688, -0.835143506526947, -0.8432839512825012, -0.8370082378387451, -0.7115439176559448], "lowlevel.spectral_contrast_coeffs.stdev": [0.1558806300163269, 0.12316609174013138, 0.0751945897936821, 0.06333564966917038, 0.057525213807821274, 0.09026089310646057], "lowlevel.spectral_contrast_valleys.mean": [-9.892716407775879, -10.031620979309082, -10.19662857055664, -10.1061372756958, -10.1222562789917, -13.366703033447266], "lowlevel.spectral_contrast_valleys.stdev": [5.780060768127441, 5.678627967834473, 5.636397361755371, 5.649244785308838, 5.669134140014648, 4.63468599319458], "rhythm.beats_loudness_band_ratio.mean": [0.5660574436187744, 0.17113254964351654, 0.06203902140259743, 0.0649246796965599, 0.0533643513917923, 0.0566435307264328], "rhythm.beats_loudness_band_ratio.stdev": [0.4051015377044678, 0.234777569770813, 0.14688949286937714, 0.13282006978988647, 0.09221619367599487, 0.15223105251789093], "tonal.hpcp.mean": [0.09409093856811523, 0.10942139476537704, 0.10609167069196701, 0.07786120474338531, 0.05855007469654083, 0.0567057840526104, 0.0628691017627716, 0.07428496330976486, 0.07789944112300873, 0.07130979746580124, 0.07779073715209961, 0.0896860733628273, 0.06924419105052948, 0.056467242538928986, 0.07062005996704102, 0.07915343344211578, 0.07274183630943298, 0.06522024422883987, 0.07997018843889236, 0.09330929815769196, 0.10834211856126785, 0.15722595155239105, 0.27284902334213257, 0.270990252494812, 0.15812675654888153, 0.10569552332162857, 0.07766688615083694, 0.08288896828889847, 0.09473489224910736, 0.09634807705879211, 0.09817325323820114, 0.10395260155200958, 0.10525841265916824, 0.09855293482542038, 0.08806148916482925, 0.08400753885507584], "tonal.hpcp.stdev": [0.20185372233390808, 0.2281307876110077, 0.21923582255840302, 0.1828191578388214, 0.14799103140830994, 0.14461617171764374, 0.1471128910779953, 0.17347539961338043, 0.16837528347969055, 0.17062218487262726, 0.1759396344423294, 0.22242531180381775, 0.16074232757091522, 0.13875365257263184, 0.16909033060073853, 0.1808675229549408, 0.16572436690330505, 0.16074542701244354, 0.19019396603107452, 0.2154911905527115, 0.22531159222126007, 0.265803724527359, 0.36797744035720825, 0.37477758526802063, 0.2801554203033447, 0.24361452460289001, 0.18992026150226593, 0.19952744245529175, 0.21960298717021942, 0.2132710963487625, 0.2112838476896286, 0.22490617632865906, 0.23277966678142548, 0.2197142392396927, 0.2105901539325714, 0.19143515825271606], "rhythm.beats_position": [0.6849886775016785, 1.381587266921997, 2.078185796737671, 2.774784564971924, 3.3668932914733887, 3.9590022563934326, 4.539501190185547, 5.119999885559082, 5.712108612060547, 6.269387722015381, 6.838276386260986, 7.430385589599609, 8.022494316101074, 8.614603042602539, 9.195101737976074, 9.77560043334961, 10.367709159851074, 10.924988746643066, 11.493877410888672, 12.097596168518066, 12.689704895019531, 13.293423652648926, 13.88553237915039, 14.466031074523926, 15.046530723571777, 15.650249481201172, 16.24235725402832, 16.811246871948242, 17.368526458740234, 17.925804138183594, 18.483083724975586, 19.040363311767578, 19.597640991210938, 20.15492057800293, 20.71219825744629, 21.25786781311035, 21.803537368774414, 22.360815048217773, 22.906484603881836, 23.4521541595459, 23.9862117767334, 24.53188133239746, 25.077550888061523, 25.623218536376953, 26.168888092041016, 26.726167678833008, 27.26022720336914, 27.8175048828125, 28.351564407348633, 28.885623931884766, 29.419681549072266, 29.9537410736084, 30.48780059814453, 31.02185821533203, 31.567527770996094, 32.113197326660156, 32.647254943847656, 33.18131637573242, 33.71537399291992, 34.24943161010742, 34.795101165771484, 35.34077072143555, 35.86322021484375, 36.40888977050781, 36.94294738769531, 37.47700500488281, 38.01106643676758, 38.556732177734375, 39.10240173339844, 39.6364631652832], "rhythm.bpm_histogram": [0.0, 0.0, 0.0, 0.0, 0.0, 0.0, 0.0, 0.0, 0.0, 0.0, 0.0, 0.0, 0.0, 0.0, 0.0, 0.0, 0.0, 0.0, 0.0, 0.0, 0.0, 0.0, 0.0, 0.0, 0.0, 0.0, 0.0, 0.0, 0.0, 0.0, 0.0, 0.0, 0.0, 0.0, 0.0, 0.0, 0.0, 0.0, 0.0, 0.0, 0.0, 0.0, 0.0, 0.0, 0.0, 0.0, 0.0, 0.0, 0.0, 0.0, 0.0, 0.0, 0.0, 0.0, 0.0, 0.0, 0.0, 0.0, 0.0, 0.0, 0.0, 0.0, 0.0, 0.0, 0.0, 0.0, 0.0, 0.0, 0.0, 0.0, 0.0, 0.0, 0.0, 0.0, 0.0, 0.0, 0.0, 0.0, 0.0, 0.0, 0.0, 0.0, 0.0, 0.0, 0.0, 0.0, 0.043478261679410934, 0.0, 0.0, 0.0, 0.0, 0.0, 0.0, 0.0, 0.0, 0.0, 0.0, 0.0, 0.0, 0.043478261679410934, 0.0, 0.14492753148078918, 0.0, 0.08695652335882187, 0.0, 0.043478261679410934, 0.0, 0.0, 0.17391304671764374, 0.0, 0.21739129722118378, 0.0, 0.23188406229019165, 0.0, 0.0, 0.014492753893136978, 0.0, 0.0, 0.0, 0.0, 0.0, 0.0, 0.0, 0.0, 0.0, 0.0, 0.0, 0.0, 0.0, 0.0, 0.0, 0.0, 0.0, 0.0, 0.0, 0.0, 0.0, 0.0, 0.0, 0.0, 0.0, 0.0, 0.0, 0.0, 0.0, 0.0, 0.0, 0.0, 0.0, 0.0, 0.0, 0.0, 0.0, 0.0, 0.0, 0.0, 0.0, 0.0, 0.0, 0.0, 0.0, 0.0, 0.0, 0.0, 0.0, 0.0, 0.0, 0.0, 0.0, 0.0, 0.0, 0.0, 0.0, 0.0, 0.0, 0.0, 0.0, 0.0, 0.0, 0.0, 0.0, 0.0, 0.0, 0.0, 0.0, 0.0, 0.0, 0.0, 0.0, 0.0, 0.0, 0.0, 0.0, 0.0, 0.0, 0.0, 0.0, 0.0, 0.0, 0.0, 0.0, 0.0, 0.0, 0.0, 0.0, 0.0, 0.0, 0.0, 0.0, 0.0, 0.0, 0.0, 0.0, 0.0, 0.0, 0.0, 0.0, 0.0, 0.0, 0.0, 0.0, 0.0, 0.0, 0.0, 0.0, 0.0, 0.0, 0.0, 0.0, 0.0, 0.0, 0.0, 0.0, 0.0, 0.0, 0.0, 0.0, 0.0, 0.0, 0.0, 0.0, 0.0, 0.0, 0.0, 0.0, 0.0, 0.0, 0.0, 0.0, 0.0], "tonal.chords_histogram": [43.51852035522461, 7.870370388031006, 17.939815521240234, 0.46296295523643494, 0.23148147761821747, 0.0, 2.5462963581085205, 7.407407283782959, 1.7361111640930176, 8.796296119689941, 1.5046296119689941, 0.0, 0.0, 0.0, 0.0, 0.0, 4.282407283782959, 0.0, 3.5879628658294678, 0.0, 0.0, 0.0, 0.0, 0.11574073880910873], "tonal.thpcp": [1.0, 0.9931875467300415, 0.57953941822052, 0.3873773217201233, 0.284651517868042, 0.3037905991077423, 0.3472062647342682, 0.3531186580657959, 0.35980796813964844, 0.3809894621372223, 0.38577529788017273, 0.3611995279788971, 0.3227480351924896, 0.3078902065753937, 0.3448461592197418, 0.4010327458381653, 0.38882920145988464, 0.28536370396614075, 0.21458780765533447, 0.20782843232154846, 0.2304171770811081, 0.27225667238235474, 0.2855038344860077, 0.2613525986671448, 0.285105437040329, 0.3287022113800049, 0.2537820637226105, 0.20695416629314423, 0.2588246762752533, 0.29009974002838135, 0.2666010558605194, 0.23903419077396393, 0.29309317469596863, 0.341981440782547, 0.39707717299461365, 0.5762379169464111], "lowlevel.gfcc.cov": [[121659.015625, 10746.341796875, -14203.0849609375, 6400.05029296875, -7371.57080078125, 555.85009765625, -4276.2578125, -3120.897705078125, -1899.2996826171875, -2423.516845703125, -53.55122756958008, -1860.7919921875, 51.71648025512695], [10746.341796875, 2135.48486328125, -860.1121215820312, 437.9147033691406, -454.0714111328125, -3.3131802082061768, -221.8688201904297, -471.1346130371094, -108.74015045166016, -344.5247497558594, 45.61551284790039, -288.6166687011719, 36.91704559326172], [-14203.0849609375, -860.1121215820312, 2924.94775390625, -135.26646423339844, 1281.9736328125, 252.72430419921875, 703.4299926757812, 399.1331787109375, 272.24725341796875, 259.1622009277344, 113.28617095947266, 246.37730407714844, 88.52713012695312], [6400.05029296875, 437.9147033691406, -135.26646423339844, 1149.392578125, -48.19622802734375, 469.1361999511719, -154.61175537109375, -87.22466278076172, -82.3892822265625, -136.181884765625, 39.92131805419922, -60.745216369628906, 69.15594482421875], [-7371.57080078125, -454.0714111328125, 1281.9736328125, -48.19622802734375, 868.4943237304688, 231.99354553222656, 394.1058349609375, 202.87745666503906, 147.75424194335938, 124.3844223022461, -7.196720600128174, 125.485107421875, 12.675235748291016], [555.85009765625, -3.3131802082061768, 252.72430419921875, 469.1361999511719, 231.99354553222656, 753.464111328125, 139.63067626953125, -9.874701499938965, -28.074058532714844, -19.002079010009766, -64.794921875, -3.4664721488952637, 6.7768330574035645], [-4276.2578125, -221.8688201904297, 703.4299926757812, -154.61175537109375, 394.1058349609375, 139.63067626953125, 359.5046081542969, 146.3856201171875, 101.44556427001953, 87.33544921875, 26.741788864135742, 55.69096374511719, 5.040199279785156], [-3120.897705078125, -471.1346130371094, 399.1331787109375, -87.22466278076172, 202.87745666503906, -9.874701499938965, 146.3856201171875, 293.22052001953125, 91.05008697509766, 126.02510070800781, 42.25575256347656, 80.7705307006836, 30.398466110229492], [-1899.2996826171875, -108.74015045166016, 272.24725341796875, -82.3892822265625, 147.75424194335938, -28.074058532714844, 101.44556427001953, 91.05008697509766, 161.98687744140625, 70.71974182128906, 33.04052734375, 30.635074615478516, 21.4350643157959], [-2423.516845703125, -344.5247497558594, 259.1622009277344, -136.181884765625, 124.3844223022461, -19.002079010009766, 87.33544921875, 126.02510070800781, 70.71974182128906, 144.94760131835938, 34.388736724853516, 69.71862030029297, 1.0454503297805786], [-53.55122756958008, 45.61551284790039, 113.28617095947266, 39.92131805419922, -7.196720600128174, -64.794921875, 26.741788864135742, 42.25575256347656, 33.04052734375, 34.388736724853516, 132.24362182617188, 29.86286735534668, 60.4033317565918], [-1860.7919921875, -288.6166687011719, 246.37730407714844, -60.745216369628906, 125.485107421875, -3.4664721488952637, 55.69096374511719, 80.7705307006836, 30.635074615478516, 69.71862030029297, 29.86286735534668, 134.07009887695312, 29.494810104370117], [51.71648025512695, 36.91704559326172, 88.52713012695312, 69.15594482421875, 12.675235748291016, 6.7768330574035645, 5.040199279785156, 30.398466110229492, 21.4350643157959, 1.0454503297805786, 60.4033317565918, 29.494810104370117, 119.1949462890625]], "lowlevel.gfcc.icov": [[0.00012586913362611085, -0.00038241242873482406, 0.00030335059273056686, -0.0005492731579579413, 0.0004385375650599599, 2.5077670215978287e-05, -1.5498690117965452e-06, -0.00010600178939057514, 0.00015742027608212084, -0.00014343248039949685, 0.00017569544434081763, -0.0002462519914843142, 8.109878399409354e-05], [-0.00038241242873482406, 0.002426434773951769, -0.0007604635902680457, 0.0014727577799931169, -0.0013746920740231872, 5.262250851956196e-05, -0.0005281642661429942, 0.001682066242210567, -0.0010432562557980418, 0.0020373573061078787, -0.0017396470066159964, 0.0021789507009088993, -0.0006265809061005712], [0.00030335059273056686, -0.0007604635902680457, 0.0019457371672615409, -0.0014646442141383886, -0.00033409064053557813, 0.00027489924104884267, -0.0008752371650189161, -7.111267768777907e-05, 0.0003851207147818059, -0.00047515693586319685, -0.0002589103241916746, -0.0006832033395767212, -0.00018121028551831841], [-0.0005492731579579413, 0.0014727577799931169, -0.0014646442141383886, 0.004526476375758648, -0.002370985923334956, -0.0018249525455757976, 0.002312618773430586, -0.0004544990952126682, -0.000715461268555373, 0.002342506777495146, -0.002854031277820468, 0.001393563230521977, -0.00017264220514334738], [0.0004385375650599599, -0.0013746920740231872, -0.00033409064053557813, -0.002370985923334956, 0.006078553386032581, -7.6291198638500646e-06, -0.0021058821585029364, -0.00044015730964019895, -0.00042364108958281577, -0.0005576172261498868, 0.0030885054729878902, -0.0022933981381356716, 0.0004980381927452981], [2.5077670215978287e-05, 5.262250851956196e-05, 0.00027489924104884267, -0.0018249525455757976, -7.6291198638500646e-06, 0.0030851385090500116, -0.0026206495240330696, 0.0009831852512434125, 0.0008301824564114213, -0.0015280528459697962, 0.0026800648774951696, -6.739908712916076e-05, -0.0009644137462601066], [-1.5498690117965452e-06, -0.0005281642661429942, -0.0008752371650189161, 0.002312618773430586, -0.0021058821585029364, -0.0026206495240330696, 0.009602231904864311, -0.0025484890211373568, -0.001096300664357841, 0.0012197146425023675, -0.003339415183290839, 0.0009251228184439242, 0.0017392027657479048], [-0.00010600178939057514, 0.001682066242210567, -7.111267768777907e-05, -0.0004544990952126682, -0.00044015730964019895, 0.0009831852512434125, -0.0025484890211373568, 0.008179654367268085, -0.001241503399796784, -0.0029009345453232527, -0.0003126222873106599, 0.0009381689596921206, -0.0019708822946995497], [0.00015742027608212084, -0.0010432562557980418, 0.0003851207147818059, -0.000715461268555373, -0.00042364108958281577, 0.0008301824564114213, -0.001096300664357841, -0.001241503399796784, 0.01008913666009903, -0.004341817926615477, 0.00040624322718940675, 0.0007007776293903589, -0.0014108256436884403], [-0.00014343248039949685, 0.0020373573061078787, -0.00047515693586319685, 0.002342506777495146, -0.0005576172261498868, -0.0015280528459697962, 0.0012197146425023675, -0.0029009345453232527, -0.004341817926615477, 0.019124435260891914, -0.006153168622404337, -0.0023131065536290407, 0.0035630729980766773], [0.00017569544434081763, -0.0017396470066159964, -0.0002589103241916746, -0.002854031277820468, 0.0030885054729878902, 0.0026800648774951696, -0.003339415183290839, -0.0003126222873106599, 0.00040624322718940675, -0.006153168622404337, 0.016190385445952415, -0.0026556546799838543, -0.005515716038644314], [-0.0002462519914843142, 0.0021789507009088993, -0.0006832033395767212, 0.001393563230521977, -0.0022933981381356716, -6.739908712916076e-05, 0.0009251228184439242, 0.0009381689596921206, 0.0007007776293903589, -0.0023131065536290407, -0.0026556546799838543, 0.014143233187496662, -0.0031594999600201845], [8.109878399409354e-05, -0.0006265809061005712, -0.00018121028551831841, -0.00017264220514334738, 0.0004980381927452981, -0.0009644137462601066, 0.0017392027657479048, -0.0019708822946995497, -0.0014108256436884403, 0.0035630729980766773, -0.005515716038644314, -0.0031594999600201845, 0.013013639487326145]], "lowlevel.mfcc.cov": [[29683.439453125, 4841.56591796875, -369.0329284667969, 1774.6292724609375, -366.5585632324219, 452.0516052246094, -621.2741088867188, -428.2577209472656, -956.6312866210938, -375.2271423339844, -910.5689697265625, -106.77978515625, -535.9934692382812], [4841.56591796875, 2226.83251953125, 92.25248718261719, 320.07958984375, -48.404258728027344, 283.01544189453125, -70.01866149902344, -61.87128448486328, -199.4875946044922, -100.3769760131836, -182.29891967773438, -56.6867561340332, -162.12693786621094], [-369.0329284667969, 92.25248718261719, 856.5352783203125, 356.6630859375, 340.1983947753906, 373.52044677734375, 236.6600799560547, 187.94320678710938, 101.04155731201172, 26.28531265258789, 29.452552795410156, 71.89175415039062, 59.84473419189453], [1774.6292724609375, 320.07958984375, 356.6630859375, 602.9539184570312, 275.09716796875, 167.02381896972656, 81.18170166015625, 84.55506134033203, -18.999225616455078, 2.7782139778137207, -58.492679595947266, 41.19970703125, 22.697067260742188], [-366.5585632324219, -48.404258728027344, 340.1983947753906, 275.09716796875, 411.7322082519531, 318.0862731933594, 156.04856872558594, 159.6980743408203, 116.13263702392578, 35.373023986816406, 15.883362770080566, 40.39323806762695, 32.93769836425781], [452.0516052246094, 283.01544189453125, 373.52044677734375, 167.02381896972656, 318.0862731933594, 692.8308715820312, 218.0160369873047, 213.53402709960938, 100.76589965820312, 23.538131713867188, -23.93959617614746, 56.357303619384766, -46.300575256347656], [-621.2741088867188, -70.01866149902344, 236.6600799560547, 81.18170166015625, 156.04856872558594, 218.0160369873047, 269.2311706542969, 148.3024139404297, 96.82903289794922, 46.9624137878418, 53.85381317138672, 25.57502555847168, 41.438663482666016], [-428.2577209472656, -61.87128448486328, 187.94320678710938, 84.55506134033203, 159.6980743408203, 213.53402709960938, 148.3024139404297, 196.08270263671875, 102.15792846679688, 44.67327117919922, 28.546449661254883, 37.460601806640625, 31.831769943237305], [-956.6312866210938, -199.4875946044922, 101.04155731201172, -18.999225616455078, 116.13263702392578, 100.76589965820312, 96.82903289794922, 102.15792846679688, 168.77122497558594, 69.38920593261719, 62.47917556762695, 19.67539405822754, 40.511817932128906], [-375.2271423339844, -100.3769760131836, 26.28531265258789, 2.7782139778137207, 35.373023986816406, 23.538131713867188, 46.9624137878418, 44.67327117919922, 69.38920593261719, 96.69577026367188, 54.06542205810547, 22.806194305419922, 24.394880294799805], [-910.5689697265625, -182.29891967773438, 29.452552795410156, -58.492679595947266, 15.883362770080566, -23.93959617614746, 53.85381317138672, 28.546449661254883, 62.47917556762695, 54.06542205810547, 121.62384033203125, 29.028339385986328, 46.566410064697266], [-106.77978515625, -56.6867561340332, 71.89175415039062, 41.19970703125, 40.39323806762695, 56.357303619384766, 25.57502555847168, 37.460601806640625, 19.67539405822754, 22.806194305419922, 29.028339385986328, 79.0984878540039, 35.64696502685547], [-535.9934692382812, -162.12693786621094, 59.84473419189453, 22.697067260742188, 32.93769836425781, -46.300575256347656, 41.438663482666016, 31.831769943237305, 40.511817932128906, 24.394880294799805, 46.566410064697266, 35.64696502685547, 91.37619018554688]], "lowlevel.mfcc.icov": [[8.511679334333166e-05, -9.611616405891255e-05, 0.00010680940613383427, -0.0003236982738599181, 0.00022916955640539527, -0.00013067488907836378, 6.33181189186871e-05, 5.204918488743715e-05, 6.344480061670765e-05, -5.458571467897855e-05, 0.0002009441377595067, -4.575549246510491e-05, 4.5415712520480156e-05], [-9.611616405891255e-05, 0.0008142988081090152, -0.0001441499189240858, -0.00020424328977242112, 0.00038787254015915096, -0.0004531304584816098, 9.964199125533924e-05, 7.797746366122738e-05, 0.00027023840812034905, 0.0001086220727302134, -0.00021203568030614406, 0.0005837740609422326, 0.0003158782492391765], [0.00010680940613383427, -0.0001441499189240858, 0.002447213511914015, -0.0013352535897865891, -8.722390339244157e-05, -0.0007803869666531682, -0.0007365905912593007, 0.00010294694220647216, -0.00029642859590239823, 0.0008555810200050473, -0.0003417425323277712, -0.00041836570017039776, -0.0007257551769725978], [-0.0003236982738599181, -0.00020424328977242112, -0.0013352535897865891, 0.005407205782830715, -0.004122864920645952, 0.0018640417838469148, -0.0006088638328947127, -0.0006905766786076128, 0.002176158595830202, -0.0016335865948349237, 0.0017050040187314153, -0.0012730222661048174, -0.0006833527586422861], [0.00022916955640539527, 0.00038787254015915096, -8.722390339244157e-05, -0.004122864920645952, 0.0084513695910573, -0.0031142747029662132, 0.0007753721438348293, -0.0003465185291133821, -0.003098038723692298, 0.001329540042206645, -0.000647529901470989, 0.0017382000805810094, -0.0010711965151131153], [-0.00013067488907836378, -0.0004531304584816098, -0.0007803869666531682, 0.0018640417838469148, -0.0031142747029662132, 0.005117636173963547, -0.002043135929852724, -0.002065719570964575, -0.0003956603759434074, 0.00020278723968658596, 0.001449457835406065, -0.003790199290961027, 0.004700678400695324], [6.33181189186871e-05, 9.964199125533924e-05, -0.0007365905912593007, -0.0006088638328947127, 0.0007753721438348293, -0.002043135929852724, 0.008478006348013878, -0.003506061155349016, 0.00023287927615456283, -0.0005658798036165535, -0.0025593943428248167, 0.0033970489166677, -0.0027293728198856115], [5.204918488743715e-05, 7.797746366122738e-05, 0.00010294694220647216, -0.0006905766786076128, -0.0003465185291133821, -0.002065719570964575, -0.003506061155349016, 0.013225533999502659, -0.003994739148765802, -0.0007395311258733273, 0.0016411301912739873, -0.0017788887489587069, -0.0015651482390239835], [6.344480061670765e-05, 0.00027023840812034905, -0.00029642859590239823, 0.002176158595830202, -0.003098038723692298, -0.0003956603759434074, 0.00023287927615456283, -0.003994739148765802, 0.015237802639603615, -0.006675871554762125, -0.0013632182963192463, 0.0029589245095849037, -0.0027255667373538017], [-5.458571467897855e-05, 0.0001086220727302134, 0.0008555810200050473, -0.0016335865948349237, 0.001329540042206645, 0.00020278723968658596, -0.0005658798036165535, -0.0007395311258733273, -0.006675871554762125, 0.018272968009114265, -0.005745016038417816, -0.0025506336241960526, 0.0018598672468215227], [0.0002009441377595067, -0.00021203568030614406, -0.0003417425323277712, 0.0017050040187314153, -0.000647529901470989, 0.001449457835406065, -0.0025593943428248167, 0.0016411301912739873, -0.0013632182963192463, -0.005745016038417816, 0.016647936776280403, -0.0040493314154446125, -0.002606534631922841], [-4.575549246510491e-05, 0.0005837740609422326, -0.00041836570017039776, -0.0012730222661048174, 0.0017382000805810094, -0.003790199290961027, 0.0033970489166677, -0.0017788887489587069, 0.0029589245095849037, -0.0025506336241960526, -0.0040493314154446125, 0.02109972946345806, -0.0089088911190629], [4.5415712520480156e-05, 0.0003158782492391765, -0.0007257551769725978, -0.0006833527586422861, -0.0010711965151131153, 0.004700678400695324, -0.0027293728198856115, -0.0015651482390239835, -0.0027255667373538017, 0.0018598672468215227, -0.00260653463192284