{"song_id": "1183689267927580744", "download": "https://cdn.discordapp.com/attachments/1135911532732108921/1183689267927580744/chirp.mp4?ex=65893f89&amp", "lyrics": "\u0422\u0430\u043a \u0420\u0443\u0441\u043b\u0430\u043d \u0436\u0435 - \u0414\u0435\u0434 \u041c\u043e\u0440\u043e\u0437!\n\u041f\u0443\u0448\u043a\u0443 \u043d\u0430\u043c \u0441\u0435\u0433\u043e\u0434\u043d\u044f \u0432\u0432\u0435\u0437! \n\n\u041c\u043e\u0436\u0435\u0442 \u0441\u0442\u043e\u0438\u0442 \u043f\u043e\u043f\u0440\u043e\u0441\u0438\u0442\u044c?\n\u0427\u0442\u043e\u0431 \u0437\u0430\u0440\u043f\u043b\u0430\u0442\u0443 \u0432\u043e\u0437\u0440\u0430\u0441\u0442\u0438\u0442\u044c!\n\n\u0427\u0442\u043e\u0431\u044b \u043a\u044d\u0444\u044b \u0432\u0441\u0435\u043c \u0438\u043a\u0441 \u0434\u0432\u0430!\n\u0417\u0430\u0441\u043b\u0443\u0436\u0438\u043b\u0430 \u0440\u0435\u0431\u044f\u0442\u043d\u044f!\n\n\u041d\u0443, \u043a\u043e\u043b\u043b\u0435\u0433\u0438, \u0436\u043c\u0435\u043c \u043b\u0430\u0439\u043a\u043e\u0441 \n\u041a\u0442\u043e \u043c\u0435\u0447\u0442\u0430\u0435\u0442 \u0437\u0430 \u043f\u0440\u0438\u0440\u043e\u0441\u0442", "style": ["random"], "essentia_features": {"lowlevel.average_loudness": 0.9048522710800171, "lowlevel.barkbands_crest.mean": 13.47498893737793, "lowlevel.barkbands_crest.stdev": 5.923066139221191, "lowlevel.barkbands_flatness_db.mean": 0.25964638590812683, "lowlevel.barkbands_flatness_db.stdev": 0.11471922695636749, "lowlevel.barkbands_kurtosis.mean": 19.46910285949707, "lowlevel.barkbands_kurtosis.stdev": 37.477989196777344, "lowlevel.barkbands_skewness.mean": 2.0734333992004395, "lowlevel.barkbands_skewness.stdev": 2.5363590717315674, "lowlevel.barkbands_spread.mean": 10.586885452270508, "lowlevel.barkbands_spread.stdev": 15.22448444366455, "lowlevel.dissonance.mean": 0.3800813853740692, "lowlevel.dissonance.stdev": 0.10418320447206497, "lowlevel.dynamic_complexity": 6.738459587097168, "lowlevel.erbbands_crest.mean": 14.44097900390625, "lowlevel.erbbands_crest.stdev": 7.191685676574707, "lowlevel.erbbands_flatness_db.mean": 0.27744439244270325, "lowlevel.erbbands_flatness_db.stdev": 0.09634050726890564, "lowlevel.erbbands_kurtosis.mean": 8.07910442352295, "lowlevel.erbbands_kurtosis.stdev": 14.585926055908203, "lowlevel.erbbands_skewness.mean": 1.367784023284912, "lowlevel.erbbands_skewness.stdev": 1.9253120422363281, "lowlevel.erbbands_spread.mean": 19.809001922607422, "lowlevel.erbbands_spread.stdev": 22.1387939453125, "lowlevel.hfc.mean": 8.527405738830566, "lowlevel.hfc.stdev": 13.774916648864746, "lowlevel.loudness_ebu128.integrated": -26.362960815429688, "lowlevel.loudness_ebu128.loudness_range": 3.348459243774414, "lowlevel.loudness_ebu128.momentary.mean": -28.12957191467285, "lowlevel.loudness_ebu128.momentary.stdev": 4.337258338928223, "lowlevel.loudness_ebu128.short_term.mean": -26.853391647338867, "lowlevel.loudness_ebu128.short_term.stdev": 1.15721595287323, "lowlevel.melbands_crest.mean": 16.21527862548828, "lowlevel.melbands_crest.stdev": 6.960747241973877, "lowlevel.melbands_flatness_db.mean": 0.3043406009674072, "lowlevel.melbands_flatness_db.stdev": 0.13736383616924286, "lowlevel.melbands_kurtosis.mean": 18.324617385864258, "lowlevel.melbands_kurtosis.stdev": 27.81639289855957, "lowlevel.melbands_skewness.mean": 2.031090021133423, "lowlevel.melbands_skewness.stdev": 1.8893401622772217, "lowlevel.melbands_spread.mean": 19.40488624572754, "lowlevel.melbands_spread.stdev": 34.17063522338867, "lowlevel.pitch_salience.mean": 0.5916516780853271, "lowlevel.pitch_salience.stdev": 0.16711178421974182, "lowlevel.silence_rate_20dB.mean": 1.0, "lowlevel.silence_rate_20dB.stdev": 0.0, "lowlevel.silence_rate_30dB.mean": 0.9922958612442017, "lowlevel.silence_rate_30dB.stdev": 0.08743460476398468, "lowlevel.silence_rate_60dB.mean": 0.4283513128757477, "lowlevel.silence_rate_60dB.stdev": 0.4948404133319855, "lowlevel.spectral_centroid.mean": 1024.14453125, "lowlevel.spectral_centroid.stdev": 1119.102294921875, "lowlevel.spectral_complexity.mean": 4.01694917678833, "lowlevel.spectral_complexity.stdev": 4.199348449707031, "lowlevel.spectral_decrease.mean": -4.076253112827999e-09, "lowlevel.spectral_decrease.stdev": 6.841494482046073e-09, "lowlevel.spectral_energy.mean": 0.016158172860741615, "lowlevel.spectral_energy.stdev": 0.026999108493328094, "lowlevel.spectral_energyband_high.mean": 8.445796265732497e-05, "lowlevel.spectral_energyband_high.stdev": 0.0002972548536490649, "lowlevel.spectral_energyband_low.mean": 0.00030705315293744206, "lowlevel.spectral_energyband_low.stdev": 0.0011861927341669798, "lowlevel.spectral_energyband_middle_high.mean": 0.0017017129575833678, "lowlevel.spectral_energyband_middle_high.stdev": 0.004514360800385475, "lowlevel.spectral_energyband_middle_low.mean": 0.014342368580400944, "lowlevel.spectral_energyband_middle_low.stdev": 0.02518434450030327, "lowlevel.spectral_entropy.mean": 6.5651044845581055, "lowlevel.spectral_entropy.stdev": 1.108040452003479, "lowlevel.spectral_flux.mean": 0.06871148198843002, "lowlevel.spectral_flux.stdev": 0.06782293319702148, "lowlevel.spectral_kurtosis.mean": 20.27247428894043, "lowlevel.spectral_kurtosis.stdev": 21.920997619628906, "lowlevel.spectral_rms.mean": 0.002890178235247731, "lowlevel.spectral_rms.stdev": 0.0027223043143749237, "lowlevel.spectral_rolloff.mean": 1528.5928955078125, "lowlevel.spectral_rolloff.stdev": 2183.554931640625, "lowlevel.spectral_skewness.mean": 3.025285482406616, "lowlevel.spectral_skewness.stdev": 1.8562259674072266, "lowlevel.spectral_spread.mean": 3219576.75, "lowlevel.spectral_spread.stdev": 1815449.5, "lowlevel.spectral_strongpeak.mean": 1.0153242349624634, "lowlevel.spectral_strongpeak.stdev": 1.2257074117660522, "lowlevel.zerocrossingrate.mean": 0.056659433990716934, "lowlevel.zerocrossingrate.stdev": 0.06644220650196075, "metadata.audio_properties.analysis.equal_loudness": 0.0, "metadata.audio_properties.analysis.length": 15.039977073669434, "metadata.audio_properties.analysis.sample_rate": 44100.0, "metadata.audio_properties.analysis.start_time": 0.0, "metadata.audio_properties.bit_rate": 110217.0, "metadata.audio_properties.length": 15.039999961853027, "metadata.audio_properties.lossless": 0.0, "metadata.audio_properties.number_channels": 1.0, "metadata.audio_properties.replay_gain": -2.9157142639160156, "metadata.audio_properties.sample_rate": 48000.0, "rhythm.beats_count": 22.0, "rhythm.beats_loudness.mean": 0.02564942091703415, "rhythm.beats_loudness.stdev": 0.024186646565794945, "rhythm.bpm": 91.5278549194336, "rhythm.bpm_histogram_first_peak_bpm": 94.0, "rhythm.bpm_histogram_first_peak_weight": 0.6153846383094788, "rhythm.bpm_histogram_second_peak_bpm": 89.0, "rhythm.bpm_histogram_second_peak_spread": 0.0, "rhythm.bpm_histogram_second_peak_weight": 0.190476194024086, "rhythm.danceability": 1.4619977474212646, "rhythm.onset_rate": 5.246331691741943, "tonal.chords_changes_rate": 0.08923076838254929, "tonal.chords_number_rate": 0.03384615480899811, "tonal.chords_strength.mean": 0.5324574112892151, "tonal.chords_strength.stdev": 0.14148393273353577, "tonal.hpcp_crest.mean": 13.533891677856445, "tonal.hpcp_crest.stdev": 6.675327777862549, "tonal.hpcp_entropy.mean": 2.037358522415161, "tonal.hpcp_entropy.stdev": 0.906004786491394, "tonal.key_edma.strength": 0.6918904185295105, "tonal.key_krumhansl.strength": 0.694767415523529, "tonal.key_temperley.strength": 0.678290069103241, "tonal.tuning_diatonic_strength": 0.6898403763771057, "tonal.tuning_equal_tempered_deviation": 0.22478099167346954, "tonal.tuning_frequency": 445.3697204589844, "tonal.tuning_nontempered_energy_ratio": 0.9040629863739014, "lowlevel.barkbands.mean": [1.8262043113281834e-06, 6.867163847346092e-06, 0.00011539515253389254, 0.000526519725099206, 0.0014403511304408312, 0.004273290280252695, 0.004169037099927664, 0.0027916973922401667, 0.000978499767370522, 0.0005218575824983418, 0.0005966010503470898, 0.0002930365444626659, 0.00016195682110264897, 7.484017260139808e-05, 2.832403697539121e-05, 3.049205770366825e-05, 2.0420535292942077e-05, 1.8277138224220835e-05, 1.563976184115745e-05, 1.670324127189815e-05, 2.2636559151578695e-05, 2.4671207938808948e-05, 1.690879616944585e-05, 6.260122972889803e-06, 4.379899110062979e-06, 1.6975327525869943e-06, 1.2658114556529654e-08], "lowlevel.barkbands.stdev": [5.88346847507637e-06, 2.6315241484553553e-05, 0.000522411020938307, 0.0018864506855607033, 0.006699400953948498, 0.01199401170015335, 0.013924572616815567, 0.009277324192225933, 0.0032925799023360014, 0.0019595397170633078, 0.002089911373332143, 0.0010153250768780708, 0.0006351195042952895, 0.0003195282770320773, 8.737875759834424e-05, 0.00024336141359526664, 7.009373075561598e-05, 6.89686494297348e-05, 6.854342063888907e-05, 6.348249735310674e-05, 0.00010130332520930097, 9.345472062705085e-05, 6.145320367068052e-05, 3.113320781267248e-05, 2.6127574528800324e-05, 1.4614774954679888e-05, 1.4733558373336564e-07], "lowlevel.erbbands.mean": [0.00016299357230309397, 0.0036711159627884626, 0.09776442497968674, 0.9637870788574219, 3.7603585720062256, 4.941389083862305, 9.388476371765137, 46.90945053100586, 69.27519226074219, 50.8663330078125, 53.45673751831055, 22.770915985107422, 16.52903938293457, 18.430564880371094, 23.813386917114258, 10.952702522277832, 8.033756256103516, 4.6325602531433105, 2.1937215328216553, 1.5452996492385864, 1.587139368057251, 1.2511122226715088, 1.0773988962173462, 0.7754713892936707, 0.8295357823371887, 0.7884767651557922, 0.8188617825508118, 0.9595969915390015, 0.8912254571914673, 0.7029266357421875, 0.4329003691673279, 0.16689787805080414, 0.09527499973773956, 0.05474132299423218, 0.029135234653949738, 0.011404098942875862, 0.0023011225275695324, 0.0002090737543767318, 1.2468057320802473e-05, 1.8639957488630898e-05], "lowlevel.erbbands.stdev": [0.0005256672739051282, 0.014790319837629795, 0.41721704602241516, 3.537193536758423, 13.673066139221191, 26.070037841796875, 28.89572525024414, 126.23596954345703, 226.1952667236328, 127.94807434082031, 196.52737426757812, 71.38907623291016, 68.99101257324219, 63.142303466796875, 83.16500854492188, 36.13999557495117, 30.412797927856445, 18.757078170776367, 6.91948127746582, 6.708576202392578, 11.761139869689941, 4.487633228302002, 3.619776725769043, 3.5205562114715576, 3.2078778743743896, 2.928670883178711, 3.4671473503112793, 4.110605716705322, 3.428213119506836, 2.505002975463867, 1.6171293258666992, 0.7503522038459778, 0.4899255931377411, 0.31960803270339966, 0.1855754554271698, 0.07983849197626114, 0.024665948003530502, 0.002389975357800722, 5.244394196779467e-05, 3.141681736451574e-05], "lowlevel.gfcc.mean": [-203.59762573242188, 121.74099731445312, -124.39727020263672, 3.762413263320923, -89.6886978149414, -8.787473678588867, -52.090065002441406, -13.116841316223145, -24.342594146728516, -10.977370262145996, -8.48873233795166, -9.953651428222656, -7.953319072723389], "lowlevel.melbands.mean": [1.522313141322229e-06, 4.143783371546306e-05, 0.0002516628592275083, 0.0003310885513201356, 0.00029955626814626157, 0.0010189390741288662, 0.0010030654957517982, 0.0005746773676946759, 0.00039452355122193694, 0.00012769203749485314, 7.994244515430182e-05, 7.223489956231788e-05, 8.056059596128762e-05, 3.99837335862685e-05, 2.4159708118531853e-05, 1.4195923540682998e-05, 7.969237231009174e-06, 3.7997886010998627e-06, 2.1100006506458158e-06, 2.1239902707748115e-06, 1.7154909528471762e-06, 1.2446422488210374e-06, 1.2242218190294807e-06, 7.409481668219087e-07, 6.068424340810452e-07, 6.036505055817543e-07, 6.097132541071915e-07, 4.923481355945114e-07, 4.675084994687495e-07, 5.548350827666582e-07, 5.675136094396294e-07, 5.306266643856361e-07, 4.2997953642043285e-07, 3.793012979258492e-07, 2.831476137998834e-07, 1.4057108899123705e-07, 8.692834541079719e-08, 7.132080526162099e-08, 4.719284873999641e-08, 4.61205758028882e-08], "lowlevel.melbands.stdev": [5.1325091590115335e-06, 0.00016939417400863022, 0.0008708379464223981, 0.0014616672415286303, 0.0010083792731165886, 0.0027470893692225218, 0.00329011888243258, 0.0015138440066948533, 0.0014274249551817775, 0.00044120950042270124, 0.0003486504137981683, 0.0002509825862944126, 0.0002835772465914488, 0.00013167821452952921, 0.0001244362792931497, 5.9818863519467413e-05, 3.616783214965835e-05, 1.3873215721105225e-05, 7.216153335320996e-06, 1.5264571629813872e-05, 1.2269007129361853e-05, 4.518497462413507e-06, 3.800824060817831e-06, 3.0407477424887475e-06, 2.8868157642136794e-06, 2.58628847404907e-06, 2.340794935662416e-06, 1.8252738982482697e-06, 1.8981712628374225e-06, 2.716750714171212e-06, 2.3578008949698415e-06, 2.036623072854127e-06, 1.8222939388579107e-06, 1.323037736256083e-06, 1.060899762705958e-06, 5.803414637739479e-07, 4.327301610373979e-07, 3.90125933336094e-07, 2.3525775816324312e-07, 2.9862991368645453e-07], "lowlevel.melbands128.mean": [9.42445467444486e-07, 9.377018272971327e-07, 1.1381462172721513e-06, 3.7462543787114555e-06, 2.4009561457205564e-05, 6.815671076765284e-05, 0.0001573176123201847, 0.00030916629475541413, 0.00039377299253828824, 0.00038921943632885814, 0.0002565732575021684, 0.0001710431679384783, 0.00021279926295392215, 0.0005300332559272647, 0.0011260968167334795, 0.0012069896329194307, 0.001216386677697301, 0.0011031898902729154, 0.0005628152284771204, 0.0004719214339274913, 0.0006689621368423104, 0.0005880364333279431, 0.0003613278968259692, 0.00021440057025756687, 0.00012034543033223599, 0.00011105122393928468, 7.643380376975983e-05, 8.398341742577031e-05, 7.456252205884084e-05, 6.664141255896538e-05, 7.600866229040548e-05, 7.293033559108153e-05, 7.93765575508587e-05, 0.0001003419965854846, 4.384396379464306e-05, 2.5128862034762278e-05, 2.0593113731592894e-05, 3.354041473357938e-05, 1.680904097156599e-05, 1.7222144379047677e-05, 1.4758677025383804e-05, 7.810304850863758e-06, 8.790862921159714e-06, 7.481974989786977e-06, 5.650423645420233e-06, 2.9046616418781923e-06, 2.018632130784681e-06, 2.20485208046739e-06, 2.1966307031107135e-06, 1.728686243041011e-06, 2.1211674265941838e-06, 2.601437699922826e-06, 1.8906730474554934e-06, 1.4039218285688548e-06, 1.0228507107967744e-06, 1.3521616892830934e-06, 1.2885186606581556e-06, 1.2303038374739117e-06, 1.3001657634958974e-06, 1.0206219940300798e-06, 6.372243888108642e-07, 5.853678999301337e-07, 6.47748436222173e-07, 5.677936769643566e-07, 6.392100431185099e-07, 5.950236641183437e-07, 5.93741219745425e-07, 5.942720804341661e-07, 6.424639309443592e-07, 6.126442144704924e-07, 4.6741891424062487e-07, 4.507958237809362e-07, 4.3012497030758823e-07, 4.4775188712264935e-07, 5.3820298262508e-07, 5.836141099280212e-07, 5.464905825647293e-07, 5.307575179358537e-07, 5.751340950155281e-07, 6.006453645568399e-07, 5.782711127721996e-07, 4.857162139160209e-07, 4.416701244736032e-07, 4.352964424469974e-07, 4.1255651694882545e-07, 3.8457250184364966e-07, 3.4688915206970705e-07, 4.066906171829032e-07, 2.8009702646158985e-07, 2.129703915443315e-07, 1.660857975593899e-07, 1.217997720459607e-07, 8.724916256142023e-08, 9.168425663119706e-08, 8.199074841286347e-08, 7.273460767009965e-08, 7.589674311248018e-08, 5.904579225557427e-08, 4.515273843708201e-08, 4.0427796221820245e-08, 4.783075624459343e-08, 5.3198679239585545e-08, 3.539594928270162e-08, 3.527362224531316e-08, 3.5797121711311775e-08, 2.759251138684249e-08, 2.7291976678611718e-08, 2.4867725656463335e-08, 2.0608652562259522e-08, 1.5406225628566972e-08, 8.753328728516863e-09, 8.462113676444005e-09, 4.901901995424396e-09, 6.965578780437909e-09, 4.699081124215354e-09, 1.2452796571693625e-09, 4.3939976657192403e-10, 2.6079359158326376e-11, 3.296056786880608e-12, 3.240165297527242e-12, 3.1139049672113117e-12, 3.053424917423553e-12, 3.0385251606479535e-12, 2.957483216659007e-12, 2.6932054676687134e-12, 2.250154923499892e-12, 2.0105965503613987e-12, 1.9678239072951076e-12], "lowlevel.melbands128.stdev": [3.1929669148667017e-06, 4.2004912756965496e-06, 4.520282345765736e-06, 1.6593354303040542e-05, 0.00012922107998747379, 0.00030337978387251496, 0.0006398557452484965, 0.0010661834385246038, 0.0014148897025734186, 0.0017345623346045613, 0.0015759894158691168, 0.0013068983098492026, 0.0010117646306753159, 0.001525091240182519, 0.002965399995446205, 0.0051435730420053005, 0.0042684306390583515, 0.004907103721052408, 0.00254936795681715, 0.0015724151162430644, 0.0022542187944054604, 0.003020054427906871, 0.001697878004051745, 0.0009506315109319985, 0.000512828235514462, 0.0006362547283060849, 0.000551756180357188, 0.0005249270470812917, 0.00037481338949874043, 0.00029634416569024324, 0.0003963947237934917, 0.0004125899577047676, 0.00036848103627562523, 0.0004645006265491247, 0.00019919272745028138, 0.00010929424752248451, 8.596903353463858e-05, 0.00025418444420211017, 9.157887689070776e-05, 8.923941641114652e-05, 8.36632534628734e-05, 3.5986060538562015e-05, 6.0250735259614885e-05, 4.689995330409147e-05, 3.374002335476689e-05, 1.064149273588555e-05, 8.019055712793488e-06, 1.0061619832413271e-05, 8.431954483967274e-06, 8.270451871794648e-06, 1.792831244529225e-05, 2.3760341719025746e-05, 1.6797876014607027e-05, 8.124965461320244e-06, 4.172732587903738e-06, 5.2489317567960825e-06, 5.710637651645811e-06, 3.695177156259888e-06, 4.775063189299544e-06, 3.797840918196016e-06, 2.9937045837868936e-06, 3.109334784312523e-06, 3.3950609577004798e-06, 2.9180878300394397e-06, 3.152459839839139e-06, 2.6149998575419886e-06, 2.609297098388197e-06, 2.3071636405802565e-06, 2.8932718123542145e-06, 2.676830263226293e-06, 1.7335277107122238e-06, 1.6217620668612653e-06, 1.8534154833105276e-06, 2.0614461391232908e-06, 2.3724678612779826e-06, 3.1538693292532116e-06, 2.6578015877021244e-06, 2.795527962007327e-06, 2.548539214330958e-06, 2.522286877137958e-06, 2.2702786282025045e-06, 2.0513873550953576e-06, 2.056216317214421e-06, 2.1444036519824294e-06, 1.6220229781538364e-06, 1.3953936104371678e-06, 1.3109802239341661e-06, 1.6035628505051136e-06, 1.0654403013177216e-06, 8.985190902421891e-07, 6.843839059911261e-07, 5.262570539343869e-07, 4.611287351963256e-07, 4.549653453977953e-07, 4.384068290619325e-07, 4.548909373625065e-07, 4.37603745240267e-07, 3.105956238869112e-07, 2.445656548388797e-07, 2.008145969512043e-07, 2.4554873334636795e-07, 4.209495045870426e-07, 2.6121068685824866e-07, 2.551069258061034e-07, 2.398736000941426e-07, 1.7647380445851013e-07, 1.8004095636570128e-07, 1.7692917708700406e-07, 1.413685311035806e-07, 1.2592221310114837e-07, 9.121473709683414e-08, 1.091284858034669e-07, 5.113732370887192e-08, 8.954775410074944e-08, 6.159133647543058e-08, 1.4360160172088854e-08, 5.193460772545677e-09, 2.9596236572615453e-10, 5.0431239045911624e-12, 5.031558503176825e-12, 4.797757677255099e-12, 4.62235718451387e-12, 4.54135123603705e-12, 4.470618753665834e-12, 4.382427580551518e-12, 4.333401693035199e-12, 4.295304563417535e-12, 4.271667655014744e-12], "lowlevel.mfcc.mean": [-843.86669921875, 151.61111450195312, 5.146424293518066, 1.1348376274108887, -19.439538955688477, -11.044367790222168, -21.961963653564453, -12.542794227600098, -19.450679779052734, -13.787357330322266, -10.96438217163086, -6.477182388305664, 0.0688176080584526], "lowlevel.spectral_contrast_coeffs.mean": [-0.6135924458503723, -0.6980463266372681, -0.7964529395103455, -0.8291810154914856, -0.8271637558937073, -0.7913084030151367], "lowlevel.spectral_contrast_coeffs.stdev": [0.1468304544687271, 0.15573778748512268, 0.10100052505731583, 0.06762021034955978, 0.04903920367360115, 0.0566449835896492], "lowlevel.spectral_contrast_valleys.mean": [-9.299392700195312, -7.939149856567383, -8.787084579467773, -9.41241455078125, -9.757387161254883, -12.453512191772461], "lowlevel.spectral_contrast_valleys.stdev": [0.9478676915168762, 1.1416288614273071, 1.0451501607894897, 0.8876959085464478, 0.9946484565734863, 1.0293610095977783], "rhythm.beats_loudness_band_ratio.mean": [0.14386135339736938, 0.4220684766769409, 0.36229202151298523, 0.11577341705560684, 0.009905093349516392, 0.01646321825683117], "rhythm.beats_loudness_band_ratio.stdev": [0.18980032205581665, 0.32156050205230713, 0.3004171550273895, 0.18413770198822021, 0.016282880678772926, 0.03980863466858864], "tonal.hpcp.mean": [0.0845411866903305, 0.09045865386724472, 0.09265104681253433, 0.08349516987800598, 0.09066659212112427, 0.11274711042642593, 0.11019432544708252, 0.12001199275255203, 0.16102445125579834, 0.1688406765460968, 0.13459715247154236, 0.11748699843883514, 0.11824924498796463, 0.1128242015838623, 0.09292817115783691, 0.0982746109366417, 0.138179749250412, 0.1489783078432083, 0.12027997523546219, 0.11766817420721054, 0.12648649513721466, 0.13062521815299988, 0.16522303223609924, 0.20959456264972687, 0.21036764979362488, 0.16705571115016937, 0.13751837611198425, 0.1265050321817398, 0.1322135180234909, 0.1378505825996399, 0.12422392517328262, 0.12286882847547531, 0.13416393101215363, 0.14618173241615295, 0.13286732137203217, 0.09490923583507538], "tonal.hpcp.stdev": [0.18881182372570038, 0.2159251719713211, 0.20938906073570251, 0.19922477006912231, 0.19858141243457794, 0.24037201702594757, 0.20539727807044983, 0.22220464050769806, 0.2671268880367279, 0.2840297222137451, 0.24853427708148956, 0.22187763452529907, 0.2415471225976944, 0.2206735461950302, 0.20273733139038086, 0.19026103615760803, 0.25288504362106323, 0.2615428566932678, 0.22201649844646454, 0.2316005975008011, 0.24384571611881256, 0.24216873943805695, 0.2612369656562805, 0.29901668429374695, 0.3064356744289398, 0.27325692772865295, 0.2528858482837677, 0.24040882289409637, 0.25278380513191223, 0.2659367024898529, 0.2302689403295517, 0.24523267149925232, 0.25591644644737244, 0.2710742950439453, 0.2607627213001251, 0.19421350955963135], "rhythm.beats_position": [0.6617686748504639, 1.3235373497009277, 1.9620860815048218, 2.623854875564575, 3.390113353729248, 4.156371593475342, 4.911020278930664, 5.654058933258057, 6.327437400817871, 7.012426376342773, 7.685804843902588, 8.359183311462402, 8.997732162475586, 9.6478910446167, 10.286439895629883, 10.901768684387207, 11.517097473144531, 12.144036293029785, 12.75936508178711, 13.374693870544434, 14.013242721557617, 14.6517915725708], "rhythm.bpm_histogram": [0.0, 0.0, 0.0, 0.0, 0.0, 0.0, 0.0, 0.0, 0.0, 0.0, 0.0, 0.0, 0.0, 0.0, 0.0, 0.0, 0.0, 0.0, 0.0, 0.0, 0.0, 0.0, 0.0, 0.0, 0.0, 0.0, 0.0, 0.0, 0.0, 0.0, 0.0, 0.0, 0.0, 0.0, 0.0, 0.0, 0.0, 0.0, 0.0, 0.0, 0.0, 0.0, 0.0, 0.0, 0.0, 0.0, 0.0, 0.0, 0.0, 0.0, 0.0, 0.0, 0.0, 0.0, 0.0, 0.0, 0.0, 0.0, 0.0, 0.0, 0.0, 0.0, 0.0, 0.0, 0.0, 0.0, 0.0, 0.0, 0.0, 0.0, 0.0, 0.0, 0.0, 0.0, 0.0, 0.0, 0.0, 0.0, 0.095238097012043, 0.0, 0.0476190485060215, 0.0476190485060215, 0.0, 0.0, 0.0, 0.0, 0.0, 0.0, 0.0476190485060215, 0.1428571492433548, 0.0, 0.095238097012043, 0.0476190485060215, 0.0, 0.2380952388048172, 0.0, 0.0476190485060215, 0.0, 0.190476194024086, 0.0, 0.0, 0.0, 0.0, 0.0, 0.0, 0.0, 0.0, 0.0, 0.0, 0.0, 0.0, 0.0, 0.0, 0.0, 0.0, 0.0, 0.0, 0.0, 0.0, 0.0, 0.0, 0.0, 0.0, 0.0, 0.0, 0.0, 0.0, 0.0, 0.0, 0.0, 0.0, 0.0, 0.0, 0.0, 0.0, 0.0, 0.0, 0.0, 0.0, 0.0, 0.0, 0.0, 0.0, 0.0, 0.0, 0.0, 0.0, 0.0, 0.0, 0.0, 0.0, 0.0, 0.0, 0.0, 0.0, 0.0, 0.0, 0.0, 0.0, 0.0, 0.0, 0.0, 0.0, 0.0, 0.0, 0.0, 0.0, 0.0, 0.0, 0.0, 0.0, 0.0, 0.0, 0.0, 0.0, 0.0, 0.0, 0.0, 0.0, 0.0, 0.0, 0.0, 0.0, 0.0, 0.0, 0.0, 0.0, 0.0, 0.0, 0.0, 0.0, 0.0, 0.0, 0.0, 0.0, 0.0, 0.0, 0.0, 0.0, 0.0, 0.0, 0.0, 0.0, 0.0, 0.0, 0.0, 0.0, 0.0, 0.0, 0.0, 0.0, 0.0, 0.0, 0.0, 0.0, 0.0, 0.0, 0.0, 0.0, 0.0, 0.0, 0.0, 0.0, 0.0, 0.0, 0.0, 0.0, 0.0, 0.0, 0.0, 0.0, 0.0, 0.0, 0.0, 0.0, 0.0, 0.0, 0.0, 0.0, 0.0, 0.0, 0.0, 0.0, 0.0, 0.0, 0.0, 0.0, 0.0, 0.0, 0.0], "tonal.chords_histogram": [31.076923370361328, 2.153846263885498, 0.6153846383094788, 1.2307692766189575, 0.0, 0.0, 0.0, 0.0, 2.153846263885498, 9.538461685180664, 16.30769157409668, 10.461538314819336, 11.692307472229004, 0.0, 0.0, 8.307692527770996, 0.9230769276618958, 0.0, 1.5384615659713745, 3.692307710647583, 0.0, 0.3076923191547394, 0.0, 0.0], "tonal.thpcp": [1.0, 0.7941130995750427, 0.6537049412727356, 0.6013520956039429, 0.6284878849983215, 0.6552841067314148, 0.5905086994171143, 0.5840671062469482, 0.6377593278884888, 0.6948869228363037, 0.6315957903862, 0.45115888118743896, 0.40187352895736694, 0.43000268936157227, 0.4404244124889374, 0.3969011902809143, 0.43099114298820496, 0.5359526872634888, 0.5238178372383118, 0.5704869031906128, 0.7654430270195007, 0.8025981187820435, 0.6398186683654785, 0.5584841370582581, 0.5621075630187988, 0.5363191366195679, 0.4417417347431183, 0.46715646982192993, 0.6568488478660583, 0.7081806659698486, 0.5717607736587524, 0.5593453645706177, 0.6012639999389648, 0.6209377646446228, 0.7854013442993164, 0.9963250756263733], "lowlevel.gfcc.cov": [[9084.09375, 1019.3440551757812, -794.59716796875, -1431.7841796875, -936.6731567382812, -1162.7796630859375, -181.2218780517578, -691.68115234375, 197.46731567382812, -596.04443359375, 174.8466033935547, -355.4394836425781, -194.36956787109375], [1019.3440551757812, 3708.3359375, 669.5552978515625, -1735.7569580078125, 349.5069580078125, -865.4820556640625, 15.28003215789795, -336.5351867675781, 99.76680755615234, -519.2794189453125, 307.92205810546875, -351.6339416503906, 73.06876373291016], [-794.59716796875, 669.5552978515625, 1190.179443359375, 260.7220458984375, 174.9950408935547, -127.68805694580078, -154.25099182128906, -68.18831634521484, -140.17337036132812, -32.76578903198242, -72.2977294921875, 41.69795608520508, 86.49732208251953], [-1431.7841796875, -1735.7569580078125, 260.7220458984375, 1809.6199951171875, 199.19400024414062, 417.2087707519531, -165.04331970214844, 144.5955352783203, -133.0592498779297, 310.5675354003906, -233.15155029296875, 226.7247772216797, 37.0477294921875], [-936.6731567382812, 349.5069580078125, 174.9950408935547, 199.19400024414062, 477.7701721191406, 28.809368133544922, -83.60282897949219, 40.1385498046875, -4.953912734985352, 50.305503845214844, -25.496898651123047, -4.975592136383057, 59.64966583251953], [-1162.7796630859375, -865.4820556640625, -127.68805694580078, 417.2087707519531, 28.809368133544922, 638.7352905273438, 146.86929321289062, 202.41876220703125, -92.90853881835938, 210.6587371826172, -104.92280578613281, 83.7383041381836, -43.99766540527344], [-181.2218780517578, 15.28003215789795, -154.25099182128906, -165.04331970214844, -83.60282897949219, 146.86929321289062, 310.8092956542969, 102.15589904785156, -51.64366912841797, -18.507579803466797, 48.672279357910156, -0.8601945638656616, -52.77381896972656], [-691.68115234375, -336.5351867675781, -68.18831634521484, 144.5955352783203, 40.1385498046875, 202.41876220703125, 102.15589904785156, 247.38597106933594, -9.830970764160156, 117.86779022216797, -52.14894485473633, 46.38599395751953, -8.103994369506836], [197.46731567382812, 99.76680755615234, -140.17337036132812, -133.0592498779297, -4.953912734985352, -92.90853881835938, -51.64366912841797, -9.830970764160156, 217.97557067871094, -12.179789543151855, 15.63925838470459, -48.25410079956055, 0.6743159890174866], [-596.04443359375, -519.2794189453125, -32.76578903198242, 310.5675354003906, 50.305503845214844, 210.6587371826172, -18.507579803466797, 117.86779022216797, -12.179789543151855, 276.6380310058594, -50.55259704589844, 48.04981994628906, 2.0523290634155273], [174.8466033935547, 307.92205810546875, -72.2977294921875, -233.15155029296875, -25.496898651123047, -104.92280578613281, 48.672279357910156, -52.14894485473633, 15.63925838470459, -50.55259704589844, 155.2310333251953, -2.0770013332366943, -12.403558731079102], [-355.4394836425781, -351.6339416503906, 41.69795608520508, 226.7247772216797, -4.975592136383057, 83.7383041381836, -0.8601945638656616, 46.38599395751953, -48.25410079956055, 48.04981994628906, -2.0770013332366943, 166.9939422607422, 22.293704986572266], [-194.36956787109375, 73.06876373291016, 86.49732208251953, 37.0477294921875, 59.64966583251953, -43.99766540527344, -52.77381896972656, -8.103994369506836, 0.6743159890174866, 2.0523290634155273, -12.403558731079102, 22.293704986572266, 93.74432373046875]], "lowlevel.gfcc.icov": [[0.00025955078308470547, -8.512990461895242e-05, 0.0002456239890307188, -1.535434421384707e-05, 0.0004297336272429675, 0.0003496078716125339, 0.0001447442773496732, 0.00034646069980226457, 0.00014742399798706174, 2.4848568500601687e-05, 0.000373322720406577, 5.875015995115973e-05, 0.00041983756818808615], [-8.512990461895242e-05, 0.0021625934168696404, -0.0014287694357335567, 0.0015676713082939386, -0.002225368283689022, 0.0008044794667512178, -0.0009440310532227159, 0.00035596085945144296, -0.00023571030760649592, 0.0009214635938405991, -0.0016050073318183422, 0.0017430788138881326, -0.0005158288404345512], [0.0002456239890307188, -0.0014287694357335567, 0.0022275743540376425, -0.0010695189703255892, 0.001421258202753961, 9.347785089630634e-05, 0.0009524387423880398, 0.00013693975051864982, 0.0010991215240210295, -0.00043355923844501376, 0.0017805545357987285, -0.001189440255984664, 0.0001978145883185789], [-1.535434421384707e-05, 0.0015676713082939386, -0.0010695189703255892, 0.0022241033148020506, -0.0018399367108941078, 0.0003773256321437657, -0.0002531669451855123, 0.000538007530849427, 7.956065383041278e-05, 6.7343600676395e-05, -1.5634794181096368e-05, 0.00011442448885645717, 7.462941721314564e-05], [0.0004297336272429675, -0.002225368283689022, 0.001421258202753961, -0.0018399367108941078, 0.005446822382509708, -0.0006603295914828777, 0.0019296638201922178, -0.0008392666350118816, 0.0004605410504154861, -0.0007164977141655982, 0.0010676922975108027, -0.0004785633063875139, -0.00045320289791561663], [0.0003496078716125339, 0.0008044794667512178, 9.347785089630634e-05, 0.0003773256321437657, -0.0006603295914828777, 0.004371041432023048, -0.0018418278777971864, 0.00020009514992125332, 0.000834552338346839, -0.0012264169054105878, 0.0017529664328321815, 3.354290674906224e-05, 0.0015593583229929209], [0.0001447442773496732, -0.0009440310532227159, 0.0009524387423880398, -0.0002531669451855123, 0.0019296638201922178, -0.0018418278777971864, 0.007143978029489517, -0.003308759769424796, 0.0018401172710582614, 0.0015286160632967949, -0.0020691659301519394, 0.000225466865231283, 0.0015264952089637518], [0.00034646069980226457, 0.00035596085945144296, 0.00013693975051864982, 0.000538007530849427, -0.0008392666350118816, 0.00020009514992125332, -0.003308759769424796, 0.00852593220770359, -0.0010642323177307844, -0.0022641480900347233, 0.003057966474443674, -0.0014615455875173211, 0.0004136375500820577], [0.00014742399798706174, -0.00023571030760649592, 0.0010991215240210295, 7.956065383041278e-05, 0.0004605410504154861, 0.000834552338346839, 0.0018401172710582614, -0.0010642323177307844, 0.006326721981167793, -0.00015977058501448482, -2.2692824131809175e-05, 0.0011879615485668182, 0.00015881563012953848], [2.4848568500601687e-05, 0.0009214635938405991, -0.00043355923844501376, 6.7343600676395e-05, -0.0007164977141655982, -0.0012264169054105878, 0.0015286160632967949, -0.0022641480900347233, -0.00015977058501448482, 0.006827255245298147, -0.001922889961861074, 0.0012662659864872694, -0.00045204293564893305], [0.000373322720406577, -0.0016050073318183422, 0.0017805545357987285, -1.5634794181096368e-05, 0.0010676922975108027, 0.0017529664328321815, -0.0020691659301519394, 0.003057966474443674, -2.2692824131809175e-05, -0.001922889961861074, 0.012554424814879894, -0.0043283747509121895, 0.002363920910283923], [5.875015995115973e-05, 0.0017430788138881326, -0.001189440255984664, 0.00011442448885645717, -0.0004785633063875139, 3.354290674906224e-05, 0.000225466865231283, -0.0014615455875173211, 0.0011879615485668182, 0.0012662659864872694, -0.0043283747509121895, 0.010626916773617268, -0.0029999178368598223], [0.00041983756818808615, -0.0005158288404345512, 0.0001978145883185789, 7.462941721314564e-05, -0.00045320289791561663, 0.0015593583229929209, 0.0015264952089637518, 0.0004136375500820577, 0.00015881563012953848, -0.00045204293564893305, 0.002363920910283923, -0.0029999178368598223, 0.014678146690130234]], "lowlevel.mfcc.cov": [[8657.6484375, 482.3558044433594, -750.1411743164062, -700.0018920898438, -1036.2874755859375, -678.1212768554688, -814.1306762695312, -293.33209228515625, -595.2395629882812, -235.10194396972656, -220.9069061279297, -107.28875732421875, -68.802001953125], [482.3558044433594, 5017.64697265625, -1.4492579698562622, -896.3580322265625, -122.18523406982422, -852.7935180664062, -167.09095764160156, -211.51852416992188, -370.1784973144531, -147.75466918945312, -240.0816650390625, -173.6361083984375, 36.06626892089844], [-750.1411743164062, -1.4492579698562622, 880.970947265625, 359.1429748535156, 138.29092407226562, 94.13028717041016, 22.41815948486328, -25.28040313720703, 8.897927284240723, -96.99349212646484, -105.87703704833984, -62.07052993774414, -33.26299285888672], [-700.0018920898438, -896.3580322265625, 359.1429748535156, 1020.5742797851562, 430.1678161621094, 237.4141387939453, 11.988125801086426, -42.761474609375, 71.77081298828125, -50.555423736572266, -52.53941345214844, -27.213970184326172, -14.84500503540039], [-1036.2874755859375, -122.18523406982422, 138.29092407226562, 430.1678161621094, 582.3761596679688, 186.3722686767578, -14.237691879272461, -82.36104583740234, 115.8956527709961, 21.81134033203125, -20.195093154907227, -14.917083740234375, -34.59144592285156], [-678.1212768554688, -852.7935180664062, 94.13028717041016, 237.4141387939453, 186.3722686767578, 407.01123046875, 156.99388122558594, 35.413143157958984, 118.72117614746094, 43.40534973144531, 97.25809478759766, 49.60350799560547, -42.77345657348633], [-814.1306762695312, -167.09095764160156, 22.41815948486328, 11.988125801086426, -14.237691879272461, 156.99388122558594, 399.0750732421875, 123.89916229248047, 74.0046157836914, 53.421722412109375, 89.99742126464844, 50.14118576049805, -6.5195441246032715], [-293.33209228515625, -211.51852416992188, -25.28040313720703, -42.761474609375, -82.36104583740234, 35.413143157958984, 123.89916229248047, 242.17677307128906, 45.140892028808594, -0.46056804060935974, 61.810482025146484, 11.718493461608887, 16.917644500732422], [-595.2395629882812, -370.1784973144531, 8.897927284240723, 71.77081298828125, 115.8956527709961, 118.72117614746094, 74.0046157836914, 45.140892028808594, 244.68185424804688, 95.98397827148438, 63.68839645385742, 39.09358596801758, -23.318077087402344], [-235.10194396972656, -147.75466918945312, -96.99349212646484, -50.555423736572266, 21.81134033203125, 43.40534973144531, 53.421722412109375, -0.46056804060935974, 95.98397827148438, 188.53038024902344, 96.3176040649414, 45.38767623901367, -0.6808565258979797], [-220.9069061279297, -240.0816650390625, -105.87703704833984, -52.53941345214844, -20.195093154907227, 97.25809478759766, 89.99742126464844, 61.810482025146484, 63.68839645385742, 96.3176040649414, 174.47909545898438, 69.13203430175781, -7.504766941070557], [-107.28875732421875, -173.6361083984375, -62.07052993774414, -27.213970184326172, -14.917083740234375, 49.60350799560547, 50.14118576049805, 11.718493461608887, 39.09358596801758, 45.38767623901367, 69.13203430175781, 120.15911865234375, 32.35689926147461], [-68.802001953125, 36.06626892089844, -33.26299285888672, -14.84500503540039, -34.59144592285156, -42.77345657348633, -6.5195441246032715, 16.917644500732422, -23.318077087402344, -0.6808565258979797, -7.504766941070557, 32.35689926147461, 101.42022705078125]], "lowlevel.mfcc.icov": [[0.0002541146823205054, 1.5251537661242764e-05, 0.0002026394213316962, -9.236240293830633e-05, 0.0004752563254442066, 1.542101199447643e-05, 0.00041020356002263725, 0.00014685676433146, 0.00029143577557988465, 3.251442467444576e-05, 0.0001777084544301033, -0.0001490828290116042, 0.0005183134344406426], [1.5251537661242764e-05, 0.0004932605079375207, -0.00017948256572708488, 0.000503422983456403, -0.0005942804855294526, 0.001093421597033739, -0.00041009706910699606, 0.00034119756310246885, 0.00037564069498330355, 0.00023986487940419465, -0.00022488542890641838, 0.0002746401005424559, 8.649890332890209e-06], [0.0002026394213316962, -0.00017948256572708488, 0.0017281393520534039, -0.0006996970041655004, 0.0007401588372886181, -0.0006637973710894585, 0.00028415341512300074, 6.156203744467348e-05, -9.253242023987696e-05, 0.0003288622247055173, 0.0009997496381402016, 4.2718143959064037e-05, 0.000687432533595711], [-9.236240293830633e-05, 0.000503422983456403, -0.0006996970041655004, 0.0022812820971012115, -0.0018280260264873505, 0.0004909042618237436, -0.0005171161028556526, 0.0002299215120729059, 0.00029328622622415423, 0.0005579246790148318, -0.00011407066631363705, 0.0005195944104343653, -0.0007283257436938584], [0.0004752563254442066, -0.0005942804855294526, 0.0007401588372886181, -0.0018280260264873505, 0.004797905683517456, -0.0022180178202688694, 0.0015613166615366936, 0.0008112628711387515, -0.001039148191921413, -0.000477832363685593, 0.0011014225892722607, -8.06456373538822e-05, 0.0010400550672784448], [1.542101199447643e-05, 0.001093421597033739, -0.0006637973710894585, 0.0004909042618237436, -0.0022180178202688694, 0.007087802514433861, -0.0021470377687364817, 0.0009164019720628858, 1.7884793123812415e-05, 0.0013734352542087436, -0.002723370213061571, -0.000351671245880425, 0.0013416468864306808], [0.00041020356002263725, -0.00041009706910699606, 0.00028415341512300074, -0.0005171161028556526, 0.0015613166615366936, -0.0021470377687364817, 0.004741208162158728, -0.0016773453680798411, 0.00023035577032715082, -0.0008742503123357892, 0.0004307685885578394, -0.0012264783727005124, 0.0011234642006456852], [0.00014685676433146, 0.00034119756310246885, 6.156203744467348e-05, 0.0002299215120729059, 0.0008112628711387515, 0.0009164019720628858, -0.0016773453680798411, 0.006688978523015976, -0.0014649085933342576, 0.0024293805472552776, -0.0029064826667308807, 0.0021832636557519436, -0.0017603837186470628], [0.00029143577557988465, 0.00037564069498330355, -9.253242023987696e-05, 0.00029328622622415423, -0.001039148191921413, 1.7884793123812415e-05, 0.00023035577032715082, -0.0014649085933342576, 0.007425413466989994, -0.003125840798020363, 0.0009632575674913824, -0.0016711832722648978, 0.0022796709090471268], [3.251442467444576e-05, 0.00023986487940419465, 0.0003288622247055173, 0.0005579246790148318, -0.000477832363685593, 0.0013734352542087436, -0.0008742503123357892, 0.0024293805472552776, -0.003125840798020363, 0.009885339997708797, -0.0051525733433663845, 0.0007411121041513979, -0.0011889259330928326], [0.0001777084544301033, -0.00022488542890641838, 0.0009997496381402016, -0.00011407066631363705, 0.0011014225892722607, -0.002723370213061571, 0.0004307685885578394, -0.0029064826667308807, 0.0009632575674913824, -0.0051525733433663845, 0.013354609720408916, -0.005191661883145571, 0.0030827412847429514], [-0.0001490828290116042, 0.0002746401005424559, 4.2718143959064037e-05, 0.0005195944104343653, -8.06456373538822e-05, -0.000351671245880425, -0.0012264783727005124, 0.0021832636557519436, -0.0016711832722648978, 0.0007411121041513979, -0.005191661883145571, 0.014016233384609222, -0.005962715949863195], [0.0005183134344406426, 8.649890332890209e-06, 0.000687432533595711, -0.0007283257436938584, 0.0010400550672784448, 0.0013416468864306808, 0.0011234642006456852, -0.0017603837186470628, 0.0022796709090471268, -0.0011889259330928326, 0.0030827412847429514, -0.005962715949863195, 0.014260383322834969]], "metadata.audio_properties.analysis.downmix": "mix", "metadata.audio_properties.codec": "mp3", "metadata.audio_properties.md5_encoded": "1ab8aac1dc1ecd94c128ec3fc241c1d2", "metadata.tags.file_name": "1183689267927580744.mp3", "metadata.version.essentia": "2.1-beta6-dev", "metadata.version.essentia_git_sha": "v2.1_beta5-1110-g77a6a954", "metadata.version.extractor": "music 2.0", "tonal.chords_key": "F", "tonal.chords_scale": "minor", "tonal.key_edma.key": "F", "tonal.key_edma.scale": "minor", "tonal.key_krumhansl.key": "F", "tonal.key_krumhansl.scale": "minor", "tonal.key_temperley.key": "F"