{"song_id": "1183718215705165864", "download": "https://cdn.discordapp.com/attachments/1135903449314238464/1183718215705165864/chirp.mp4?ex=65895a7f&amp", "lyrics": "[Verse]\nBella e a Duda,na live da telinha,no celular da galera, todos na espera,da Duda e da Bella", "style": ["hip hop"], "essentia_features": {"lowlevel.average_loudness": 0.6466701030731201, "lowlevel.barkbands_crest.mean": 13.859928131103516, "lowlevel.barkbands_crest.stdev": 4.503429412841797, "lowlevel.barkbands_flatness_db.mean": 0.2658568024635315, "lowlevel.barkbands_flatness_db.stdev": 0.06927275657653809, "lowlevel.barkbands_kurtosis.mean": 21.923080444335938, "lowlevel.barkbands_kurtosis.stdev": 31.060197830200195, "lowlevel.barkbands_skewness.mean": 3.5876524448394775, "lowlevel.barkbands_skewness.stdev": 1.795491337776184, "lowlevel.barkbands_spread.mean": 8.495528221130371, "lowlevel.barkbands_spread.stdev": 9.535426139831543, "lowlevel.dissonance.mean": 0.42727434635162354, "lowlevel.dissonance.stdev": 0.03699468821287155, "lowlevel.dynamic_complexity": 4.234378814697266, "lowlevel.erbbands_crest.mean": 12.752593040466309, "lowlevel.erbbands_crest.stdev": 5.199994087219238, "lowlevel.erbbands_flatness_db.mean": 0.24437840282917023, "lowlevel.erbbands_flatness_db.stdev": 0.05568123236298561, "lowlevel.erbbands_kurtosis.mean": 2.6548843383789062, "lowlevel.erbbands_kurtosis.stdev": 5.280116558074951, "lowlevel.erbbands_skewness.mean": 1.3077737092971802, "lowlevel.erbbands_skewness.stdev": 1.195251703262329, "lowlevel.erbbands_spread.mean": 33.961299896240234, "lowlevel.erbbands_spread.stdev": 17.871967315673828, "lowlevel.hfc.mean": 10.35643196105957, "lowlevel.hfc.stdev": 32.528648376464844, "lowlevel.loudness_ebu128.integrated": -19.66082191467285, "lowlevel.loudness_ebu128.loudness_range": 7.249614715576172, "lowlevel.loudness_ebu128.momentary.mean": -21.847776412963867, "lowlevel.loudness_ebu128.momentary.stdev": 4.7470197677612305, "lowlevel.loudness_ebu128.short_term.mean": -21.059337615966797, "lowlevel.loudness_ebu128.short_term.stdev": 2.91374135017395, "lowlevel.melbands_crest.mean": 18.20500373840332, "lowlevel.melbands_crest.stdev": 5.237575531005859, "lowlevel.melbands_flatness_db.mean": 0.3224360942840576, "lowlevel.melbands_flatness_db.stdev": 0.08327247947454453, "lowlevel.melbands_kurtosis.mean": 38.92354202270508, "lowlevel.melbands_kurtosis.stdev": 35.50702667236328, "lowlevel.melbands_skewness.mean": 4.458616256713867, "lowlevel.melbands_skewness.stdev": 1.9542005062103271, "lowlevel.melbands_spread.mean": 9.804283142089844, "lowlevel.melbands_spread.stdev": 21.703947067260742, "lowlevel.pitch_salience.mean": 0.4689738154411316, "lowlevel.pitch_salience.stdev": 0.13801893591880798, "lowlevel.silence_rate_20dB.mean": 0.9935135245323181, "lowlevel.silence_rate_20dB.stdev": 0.08027695119380951, "lowlevel.silence_rate_30dB.mean": 0.9567567706108093, "lowlevel.silence_rate_30dB.stdev": 0.20340396463871002, "lowlevel.silence_rate_60dB.mean": 0.13081081211566925, "lowlevel.silence_rate_60dB.stdev": 0.33719462156295776, "lowlevel.spectral_centroid.mean": 660.883056640625, "lowlevel.spectral_centroid.stdev": 563.41650390625, "lowlevel.spectral_complexity.mean": 7.977297306060791, "lowlevel.spectral_complexity.stdev": 6.733739852905273, "lowlevel.spectral_decrease.mean": -5.99536731371586e-09, "lowlevel.spectral_decrease.stdev": 1.5667691144471974e-08, "lowlevel.spectral_energy.mean": 0.023567263036966324, "lowlevel.spectral_energy.stdev": 0.060015615075826645, "lowlevel.spectral_energyband_high.mean": 0.0006058702128939331, "lowlevel.spectral_energyband_high.stdev": 0.004247182514518499, "lowlevel.spectral_energyband_low.mean": 0.01180254202336073, "lowlevel.spectral_energyband_low.stdev": 0.0517645925283432, "lowlevel.spectral_energyband_middle_high.mean": 0.0010770870139822364, "lowlevel.spectral_energyband_middle_high.stdev": 0.002290460979565978, "lowlevel.spectral_energyband_middle_low.mean": 0.01239418238401413, "lowlevel.spectral_energyband_middle_low.stdev": 0.021217867732048035, "lowlevel.spectral_entropy.mean": 6.564982891082764, "lowlevel.spectral_entropy.stdev": 0.650829017162323, "lowlevel.spectral_flux.mean": 0.05886897072196007, "lowlevel.spectral_flux.stdev": 0.10443021357059479, "lowlevel.spectral_kurtosis.mean": 8.227481842041016, "lowlevel.spectral_kurtosis.stdev": 6.972500801086426, "lowlevel.spectral_rms.mean": 0.0037164690438658, "lowlevel.spectral_rms.stdev": 0.003029902232810855, "lowlevel.spectral_rolloff.mean": 644.435791015625, "lowlevel.spectral_rolloff.stdev": 1199.7718505859375, "lowlevel.spectral_skewness.mean": 1.8989546298980713, "lowlevel.spectral_skewness.stdev": 0.7809908986091614, "lowlevel.spectral_spread.mean": 3260372.75, "lowlevel.spectral_spread.stdev": 1233615.75, "lowlevel.spectral_strongpeak.mean": 0.7293645143508911, "lowlevel.spectral_strongpeak.stdev": 0.6256352066993713, "lowlevel.zerocrossingrate.mean": 0.031045714393258095, "lowlevel.zerocrossingrate.stdev": 0.04208407551050186, "metadata.audio_properties.analysis.equal_loudness": 0.0, "metadata.audio_properties.analysis.length": 21.439977645874023, "metadata.audio_properties.analysis.sample_rate": 44100.0, "metadata.audio_properties.analysis.start_time": 0.0, "metadata.audio_properties.bit_rate": 111714.0, "metadata.audio_properties.length": 21.440000534057617, "metadata.audio_properties.lossless": 0.0, "metadata.audio_properties.number_channels": 1.0, "metadata.audio_properties.replay_gain": -8.564651489257812, "metadata.audio_properties.sample_rate": 48000.0, "rhythm.beats_count": 46.0, "rhythm.beats_loudness.mean": 0.047802768647670746, "rhythm.beats_loudness.stdev": 0.06510751694440842, "rhythm.bpm": 131.91758728027344, "rhythm.bpm_histogram_first_peak_bpm": 133.0, "rhythm.bpm_histogram_first_peak_weight": 0.27272725105285645, "rhythm.bpm_histogram_second_peak_bpm": 126.0, "rhythm.bpm_histogram_second_peak_spread": 0.0, "rhythm.bpm_histogram_second_peak_weight": 0.02222222276031971, "rhythm.danceability": 1.1991995573043823, "rhythm.onset_rate": 4.1481709480285645, "tonal.chords_changes_rate": 0.04103671759366989, "tonal.chords_number_rate": 0.008639308623969555, "tonal.chords_strength.mean": 0.46875303983688354, "tonal.chords_strength.stdev": 0.06417884677648544, "tonal.hpcp_crest.mean": 18.76149559020996, "tonal.hpcp_crest.stdev": 7.7816386222839355, "tonal.hpcp_entropy.mean": 1.438745141029358, "tonal.hpcp_entropy.stdev": 0.6832253932952881, "tonal.key_edma.strength": 0.8034555912017822, "tonal.key_krumhansl.strength": 0.802103579044342, "tonal.key_temperley.strength": 0.7986308336257935, "tonal.tuning_diatonic_strength": 0.5941982269287109, "tonal.tuning_equal_tempered_deviation": 0.030403602868318558, "tonal.tuning_frequency": 439.4919738769531, "tonal.tuning_nontempered_energy_ratio": 0.5956745743751526, "lowlevel.barkbands.mean": [7.191726035671309e-05, 0.004636988043785095, 0.004795898217707872, 0.0034517135936766863, 0.0037230714224278927, 0.0035649745259433985, 0.0011801040964201093, 0.00021290569566190243, 0.00023154813970904797, 0.00017597211990505457, 4.3277486838633195e-05, 7.815119897713885e-05, 6.322481203824282e-05, 0.00016512694128323346, 0.00021580954489763826, 7.836515578674152e-05, 7.245255983434618e-05, 7.970599108375609e-05, 8.399785292567685e-05, 9.973490523407236e-05, 0.0001302920572925359, 0.00013013661373406649, 0.00011556717072380707, 0.00012225378304719925, 4.022448410978541e-05, 3.8676175790897105e-06, 7.933120826919549e-09], "lowlevel.barkbands.stdev": [0.0003718679945450276, 0.02581561729311943, 0.0275625791400671, 0.013145358301699162, 0.0068509685806930065, 0.006206182297319174, 0.0027787317521870136, 0.0005312329740263522, 0.0007843889179639518, 0.0003388160257600248, 0.00013552367454394698, 0.0001698025589575991, 0.00015008673653937876, 0.0005631489329971373, 0.0006591326673515141, 0.00022271828493103385, 0.00025150401052087545, 0.00029125504079274833, 0.0003891054366249591, 0.000566363800317049, 0.0007637207163497806, 0.0010511527070775628, 0.0009929531952366233, 0.0010925629176199436, 0.0003032130771316588, 3.3323256502626464e-05, 9.218893382012538e-08], "lowlevel.erbbands.mean": [0.11227448284626007, 1.1526265144348145, 4.580478191375732, 10.598505020141602, 11.035019874572754, 10.823783874511719, 20.188392639160156, 25.657611846923828, 32.17598342895508, 4.125073432922363, 5.80133056640625, 4.0125837326049805, 5.830513000488281, 5.940860271453857, 2.2314751148223877, 4.026306629180908, 3.019305467605591, 7.161014080047607, 10.463539123535156, 9.095552444458008, 3.947631597518921, 3.954305648803711, 4.620763778686523, 4.533010959625244, 3.885319709777832, 4.714359283447266, 6.014979362487793, 4.631067276000977, 4.788217067718506, 3.9891774654388428, 2.966226100921631, 2.223146677017212, 2.3337526321411133, 0.7712529301643372, 0.1198500245809555, 0.02955782040953636, 0.0047350660897791386, 0.0003392655053175986, 2.2974785679252818e-05, 2.8425600248738192e-05], "lowlevel.erbbands.stdev": [0.6194872856140137, 6.5161309242248535, 27.130064010620117, 43.37105178833008, 30.19745635986328, 22.147109985351562, 28.489519119262695, 54.647438049316406, 79.59979248046875, 10.680547714233398, 14.36608600616455, 12.324835777282715, 15.630732536315918, 12.280430793762207, 6.410025119781494, 8.24329662322998, 6.376183986663818, 21.49521827697754, 35.093040466308594, 26.113162994384766, 11.51215648651123, 14.532597541809082, 15.14737606048584, 18.344829559326172, 20.54130744934082, 27.315122604370117, 32.55949783325195, 31.586200714111328, 37.94895935058594, 35.34428024291992, 24.835853576660156, 18.221120834350586, 22.421762466430664, 6.061386585235596, 0.9049899578094482, 0.25025177001953125, 0.04007294774055481, 0.0032695415429770947, 0.00010135253251064569, 6.9081608671695e-05], "lowlevel.gfcc.mean": [-136.1790008544922, 151.86456298828125, -134.83985900878906, 40.24971008300781, -56.03173828125, -21.67928123474121, -45.09072494506836, -22.226957321166992, -27.22203826904297, -19.5822811126709, -3.780022621154785, -17.210803985595703, 3.3082287311553955], "lowlevel.melbands.mean": [0.001160269370302558, 0.0021660439670085907, 0.0017721905605867505, 0.0007964393007569015, 0.0006137614254839718, 0.0006389316404238343, 0.0004492333682719618, 3.135694714728743e-05, 4.267971598892473e-05, 3.0066843464737758e-05, 3.0096078262431547e-05, 2.5009616365423426e-05, 6.321694854705129e-06, 9.24733467400074e-06, 8.005413292266894e-06, 5.97973121330142e-06, 1.5000653547758702e-05, 1.7215868865605444e-05, 1.4209828805178404e-05, 8.490888831147458e-06, 3.923893473256612e-06, 3.7570891890936764e-06, 4.884443114860915e-06, 3.5731709431274794e-06, 3.6931880913471105e-06, 3.035678219021065e-06, 2.5499316507193726e-06, 3.250198233217816e-06, 4.168889972788747e-06, 2.77781850854808e-06, 2.65202061200398e-06, 2.9424993499560514e-06, 2.1416653908090666e-06, 2.25586131819e-06, 1.6786621017672587e-06, 1.5835929616514477e-06, 1.2610942121682456e-06, 1.8031581703326083e-06, 1.1487816209410084e-06, 4.874698902312957e-07], "lowlevel.melbands.stdev": [0.006425840780138969, 0.011492539197206497, 0.006898750085383654, 0.0017824722453951836, 0.0008687856607139111, 0.001369380857795477, 0.0010919042397290468, 9.259696525987238e-05, 0.00010888381802942604, 0.00010055424354504794, 8.122441067826003e-05, 5.280226105242036e-05, 2.0017050701426342e-05, 1.8591643311083317e-05, 1.5784902643645182e-05, 1.415408041793853e-05, 4.855614679399878e-05, 5.9696762036764994e-05, 4.014929072582163e-05, 2.457262235111557e-05, 1.3821831089444458e-05, 1.5345885913120583e-05, 1.4231463865144178e-05, 1.4192714843375143e-05, 1.487658573751105e-05, 1.6489510016981512e-05, 1.3980241419631056e-05, 1.9959745259257033e-05, 2.2299349438981153e-05, 1.6679185137036256e-05, 1.9781693481490947e-05, 2.4046121325227432e-05, 1.6926149328355677e-05, 2.1133409973117523e-05, 1.4464170817518607e-05, 1.2936712664668448e-05, 1.0287362783856224e-05, 1.8100245142704807e-05, 9.467312338529155e-06, 3.812130671576597e-06], "lowlevel.melbands128.mean": [6.700854282826185e-05, 0.0007291390211321414, 0.0016729832859709859, 0.0018954494735226035, 0.0020703880582004786, 0.0025003168266266584, 0.0023932205513119698, 0.0013924273662269115, 0.0010725840693339705, 0.0009162783389911056, 0.00047388768871314824, 0.0005409600562416017, 0.0009311076137237251, 0.00032858934719115496, 0.0002661983307916671, 0.001178068108856678, 0.0008711157133802772, 0.0002094024675898254, 7.245408050948754e-05, 1.859115764091257e-05, 1.0309892786608543e-05, 5.345601312001236e-05, 6.439931166823953e-05, 8.939957297116052e-06, 6.356503945426084e-06, 4.789646482095122e-05, 6.496848800452426e-05, 1.4622147318732459e-05, 8.899269232642837e-06, 4.721107688965276e-05, 2.0741204934893176e-05, 3.551328745743376e-06, 7.671081220905762e-06, 6.897744697198505e-06, 2.761069481493905e-06, 1.386834992445074e-05, 1.4644710972788744e-05, 2.7997218694508774e-06, 9.896366464090534e-06, 5.400890586315654e-06, 3.126006049569696e-06, 1.0105186447617598e-05, 7.155933417379856e-06, 2.872068580472842e-05, 1.5264608009601943e-05, 1.5636627722415142e-05, 1.9124474420095794e-05, 9.04336502571823e-06, 1.7650807421887293e-05, 1.2065991541021504e-05, 7.661503332201391e-06, 3.3468463698227424e-06, 4.762211119668791e-06, 3.501201263134135e-06, 3.6550063668983057e-06, 3.5670191209646873e-06, 3.423746420594398e-06, 6.063450655346969e-06, 5.1685328799067065e-06, 3.8005985061317915e-06, 3.5933962863055058e-06, 2.8070187454432016e-06, 3.8085190681158565e-06, 4.215980425215093e-06, 3.434844984440133e-06, 2.907413090724731e-06, 2.9635077680723043e-06, 2.234015028079739e-06, 2.670872845556005e-06, 2.5510612431389745e-06, 3.085478738285019e-06, 3.638277803474921e-06, 4.037065082229674e-06, 5.057006546849152e-06, 3.214711114196689e-06, 2.745262008829741e-06, 2.537688942538807e-06, 2.5511144485790282e-06, 2.590228859844501e-06, 2.6714753857959295e-06, 3.5644029594550375e-06, 2.858143943740288e-06, 2.097002607115428e-06, 2.000709173444193e-06, 2.2242602426558733e-06, 2.2860720036987914e-06, 2.4774785742920358e-06, 1.8166060726798605e-06, 1.6149423345268588e-06, 1.4442327938013477e-06, 1.9233925740991253e-06, 1.5160162547545042e-06, 1.1987953030256904e-06, 1.2107706197639345e-06, 1.1344751555952826e-06, 1.9386745861993404e-06, 1.9342783161846455e-06, 1.8289171066498966e-06, 1.0641228982422035e-06, 9.498908752902935e-07, 6.47796639441367e-07, 4.234609320974414e-07, 2.605455904358678e-07, 1.4561928196599183e-07, 9.258516087129465e-08, 6.69284574428275e-08, 7.528947065793545e-08, 5.9202783120326785e-08, 4.7622442878036964e-08, 4.0005648571650454e-08, 2.7165542704210566e-08, 1.4249646795860826e-08, 1.0912826198250514e-08, 9.055833416482528e-09, 5.742702313682457e-09, 2.432777312932899e-09, 3.966480199846245e-10, 5.0657932709752274e-11, 7.501639066875843e-12, 5.950290173778461e-12, 4.585428391157276e-12, 3.390537850478381e-12, 3.184663253594233e-12, 3.12653071835034e-12, 3.0209719274754132e-12, 2.8688071883331556e-12, 2.78347679107116e-12, 2.7595508343691844e-12], "lowlevel.melbands128.stdev": [0.00035375915467739105, 0.004061147570610046, 0.010122258216142654, 0.01148772519081831, 0.013614203780889511, 0.01345586497336626, 0.009748199954628944, 0.005431280471384525, 0.0030170478858053684, 0.0023044173140078783, 0.001163085107691586, 0.0009197395411320031, 0.0013937314506620169, 0.00047384577919729054, 0.0004911312717013061, 0.0031355717219412327, 0.0025026442017406225, 0.0006503144395537674, 0.00025417946744710207, 0.00011776900646509603, 5.112856888445094e-05, 0.00013190195022616535, 0.00017183783347718418, 4.31232328992337e-05, 3.0870425689499825e-05, 0.0001842631318140775, 0.0002244643692392856, 3.3040651032933965e-05, 2.063725514744874e-05, 0.0001095601764973253, 3.9990380173549056e-05, 9.818145372264553e-06, 2.8283835490583442e-05, 2.9406901376205496e-05, 8.990742571768351e-06, 2.8871152608189732e-05, 3.50665686710272e-05, 1.3660769582202192e-05, 2.3827511540730484e-05, 1.2623311704373918e-05, 1.1760989764297847e-05, 2.8731406928272918e-05, 2.2485464796773158e-05, 0.0001187316156574525, 6.290953751886263e-05, 7.577060750918463e-05, 7.696979446336627e-05, 2.6173580408794805e-05, 6.364579166984186e-05, 4.396541407913901e-05, 2.390064219071064e-05, 1.4123073015070986e-05, 1.2731678907584865e-05, 1.7100246623158455e-05, 1.5594001524732448e-05, 1.818496093619615e-05, 1.4491164620267227e-05, 1.8353870473220013e-05, 1.6370800949516706e-05, 1.3218967069406062e-05, 1.7284590285271406e-05, 1.3988352293381467e-05, 1.816803342080675e-05, 1.4219829608919099e-05, 1.761045859893784e-05, 1.9651912225526758e-05, 1.769780647009611e-05, 1.3442670024232939e-05, 1.519555826234864e-05, 1.7891150491777807e-05, 2.0626521290978417e-05, 2.480598232068587e-05, 2.5073322831303813e-05, 2.6716339561971836e-05, 2.10879479709547e-05, 1.5921757949399762e-05, 1.6628840967314318e-05, 1.8546154024079442e-05, 2.061323721136432e-05, 2.3473639885196462e-05, 3.229294452467002e-05, 2.2635316781816073e-05, 1.6399942978750914e-05, 1.579679701535497e-05, 2.0613993910956196e-05, 2.1145555365365e-05, 2.6175790480920114e-05, 1.5542302207904868e-05, 1.5837951650610194e-05, 1.1384418939996976e-05, 1.5760158930788748e-05, 1.308647551923059e-05, 1.0327484233130235e-05, 1.0225886398984585e-05, 8.681945473654196e-06, 1.9815026462310925e-05, 2.1547533833654597e-05, 1.814738061511889e-05, 7.627287686773343e-06, 7.875663868617266e-06, 5.361350304156076e-06, 3.396138936295756e-06, 2.3557356598757906e-06, 1.4060647117730696e-06, 7.118617304513464e-07, 5.639338382934511e-07, 6.8825579546683e-07, 5.217581815486483e-07, 4.6434556111307757e-07, 4.08415104402593e-07, 2.8094683557355893e-07, 1.2948230221354606e-07, 9.307362347499293e-08, 9.056797978246323e-08, 7.685280678515483e-08, 5.250191392747183e-08, 7.406336877124886e-09, 9.85885706406009e-10, 7.794179190945272e-11, 5.484168674740886e-11, 3.166830686573974e-11, 1.0682956255725351e-11, 1.0043748818744369e-11, 9.870624283203622e-12, 9.72388142228553e-12, 9.604848166810953e-12, 9.519271655655803e-12, 9.467106786009705e-12], "lowlevel.mfcc.mean": [-769.8213500976562, 163.83444213867188, -13.994314193725586, 44.36338424682617, 4.636900901794434, -5.041937828063965, -7.489766597747803, -16.09003257751465, -18.629676818847656, -9.953717231750488, -19.43863868713379, -13.466073036193848, -8.942416191101074], "lowlevel.spectral_contrast_coeffs.mean": [-0.571731448173523, -0.6454647779464722, -0.723771870136261, -0.764542281627655, -0.781308114528656, -0.7420161962509155], "lowlevel.spectral_contrast_coeffs.stdev": [0.07826852798461914, 0.10597752779722214, 0.05999859422445297, 0.04842036962509155, 0.039076801389455795, 0.06454868614673615], "lowlevel.spectral_contrast_valleys.mean": [-7.833539962768555, -8.376700401306152, -9.043511390686035, -9.069551467895508, -8.892688751220703, -12.762494087219238], "lowlevel.spectral_contrast_valleys.stdev": [1.111962080001831, 1.060146450996399, 1.0299816131591797, 1.115155816078186, 1.1148319244384766, 1.8061250448226929], "rhythm.beats_loudness_band_ratio.mean": [0.3384268581867218, 0.5462535619735718, 0.13478140532970428, 0.032630350440740585, 0.03879215568304062, 0.05856512859463692], "rhythm.beats_loudness_band_ratio.stdev": [0.3391341269016266, 0.3123205602169037, 0.17417077720165253, 0.032011374831199646, 0.052058156579732895, 0.14283163845539093], "tonal.hpcp.mean": [0.1918327510356903, 0.14037995040416718, 0.020687762647867203, 0.01251412183046341, 0.012979168444871902, 0.038376521319150925, 0.06134098395705223, 0.044074542820453644, 0.10823129117488861, 0.16090670228004456, 0.07979340851306915, 0.02807375229895115, 0.02297811582684517, 0.016660356894135475, 0.24955908954143524, 0.5284372568130493, 0.30702829360961914, 0.024835828691720963, 0.012515299022197723, 0.021489765495061874, 0.03256102278828621, 0.030121667310595512, 0.016015073284506798, 0.006928419694304466, 0.0056111752055585384, 0.0059006777592003345, 0.08357496559619904, 0.15629830956459045, 0.08677050471305847, 0.2028849571943283, 0.32135558128356934, 0.143132746219635, 0.018548503518104553, 0.010883103124797344, 0.018489040434360504, 0.07797358185052872], "tonal.hpcp.stdev": [0.3129867911338806, 0.25003448128700256, 0.09451387822628021, 0.07860137522220612, 0.07866626977920532, 0.12499873340129852, 0.18422582745552063, 0.13079552352428436, 0.22585716843605042, 0.32095590233802795, 0.1838088035583496, 0.13636180758476257, 0.11616456508636475, 0.08819470554590225, 0.22726331651210785, 0.4224507808685303, 0.26837286353111267, 0.10214453190565109, 0.07435686886310577, 0.10663534700870514, 0.13234466314315796, 0.10253090411424637, 0.06590793281793594, 0.039750438183546066, 0.033979397267103195, 0.038061488419771194, 0.1577100157737732, 0.28836169838905334, 0.1652628630399704, 0.2611090838909149, 0.4054222106933594, 0.192392036318779, 0.07535609602928162, 0.044107116758823395, 0.11291033774614334, 0.15492376685142517], "rhythm.beats_position": [0.4992290139198303, 0.9752380847930908, 1.4396371841430664, 1.904036283493042, 2.356825351715088, 2.809614419937134, 3.2624034881591797, 3.7151927947998047, 4.1679816246032715, 4.6207709312438965, 5.085169792175293, 5.537959098815918, 5.990748405456543, 6.44353723526001, 6.896326541900635, 7.349115371704102, 7.801904678344727, 8.266304016113281, 8.71909236907959, 9.171881675720215, 9.62467098236084, 10.089070320129395, 10.54185962677002, 10.994647979736328, 11.447437286376953, 11.900226593017578, 12.353015899658203, 12.805805206298828, 13.258593559265137, 13.722992897033691, 14.175782203674316, 14.628571510314941, 15.06974983215332, 15.534149169921875, 15.99854850769043, 16.451337814331055, 16.90412712097168, 17.345306396484375, 17.80970573425293, 18.262493133544922, 18.715282440185547, 19.168071746826172, 19.620861053466797, 20.073650360107422, 20.526439666748047, 20.9908390045166], "rhythm.bpm_histogram": [0.0, 0.0, 0.0, 0.0, 0.0, 0.0, 0.0, 0.0, 0.0, 0.0, 0.0, 0.0, 0.0, 0.0, 0.0, 0.0, 0.0, 0.0, 0.0, 0.0, 0.0, 0.0, 0.0, 0.0, 0.0, 0.0, 0.0, 0.0, 0.0, 0.0, 0.0, 0.0, 0.0, 0.0, 0.0, 0.0, 0.0, 0.0, 0.0, 0.0, 0.0, 0.0, 0.0, 0.0, 0.0, 0.0, 0.0, 0.0, 0.0, 0.0, 0.0, 0.0, 0.0, 0.0, 0.0, 0.0, 0.0, 0.0, 0.0, 0.0, 0.0, 0.0, 0.0, 0.0, 0.0, 0.0, 0.0, 0.0, 0.0, 0.0, 0.0, 0.0, 0.0, 0.0, 0.0, 0.0, 0.0, 0.0, 0.0, 0.0, 0.0, 0.0, 0.0, 0.0, 0.0, 0.0, 0.0, 0.0, 0.0, 0.0, 0.0, 0.0, 0.0, 0.0, 0.0, 0.0, 0.0, 0.0, 0.0, 0.0, 0.0, 0.0, 0.0, 0.0, 0.0, 0.0, 0.0, 0.0, 0.0, 0.0, 0.0, 0.0, 0.0, 0.0, 0.0, 0.0, 0.0, 0.0, 0.0, 0.0, 0.0, 0.0, 0.0, 0.0, 0.0, 0.0, 0.02222222276031971, 0.0, 0.0, 0.2222222238779068, 0.0, 0.0, 0.0, 0.7111111283302307, 0.0, 0.0, 0.04444444552063942, 0.0, 0.0, 0.0, 0.0, 0.0, 0.0, 0.0, 0.0, 0.0, 0.0, 0.0, 0.0, 0.0, 0.0, 0.0, 0.0, 0.0, 0.0, 0.0, 0.0, 0.0, 0.0, 0.0, 0.0, 0.0, 0.0, 0.0, 0.0, 0.0, 0.0, 0.0, 0.0, 0.0, 0.0, 0.0, 0.0, 0.0, 0.0, 0.0, 0.0, 0.0, 0.0, 0.0, 0.0, 0.0, 0.0, 0.0, 0.0, 0.0, 0.0, 0.0, 0.0, 0.0, 0.0, 0.0, 0.0, 0.0, 0.0, 0.0, 0.0, 0.0, 0.0, 0.0, 0.0, 0.0, 0.0, 0.0, 0.0, 0.0, 0.0, 0.0, 0.0, 0.0, 0.0, 0.0, 0.0, 0.0, 0.0, 0.0, 0.0, 0.0, 0.0, 0.0, 0.0, 0.0, 0.0, 0.0, 0.0, 0.0, 0.0, 0.0, 0.0, 0.0, 0.0, 0.0, 0.0, 0.0, 0.0, 0.0, 0.0, 0.0, 0.0, 0.0, 0.0, 0.0, 0.0, 0.0, 0.0, 0.0, 0.0, 0.0, 0.0, 0.0], "tonal.chords_histogram": [18.142549514770508, 0.0, 69.11447143554688, 0.0, 0.0, 0.0, 0.0, 0.0, 0.0, 0.0, 0.0, 0.0, 0.0, 0.0, 0.0, 0.0, 0.0, 8.855291366577148, 0.0, 0.863930881023407, 0.0, 0.0, 3.0237581729888916, 0.0], "tonal.thpcp": [1.0, 0.5810118317604065, 0.046998631209135056, 0.02368360385298729, 0.04066663607954979, 0.06161757558584213, 0.05700140818953514, 0.030306480824947357, 0.013111148960888386, 0.01061843242496252, 0.011166279204189777, 0.1581549495458603, 0.29577457904815674, 0.16420209407806396, 0.3839338719844818, 0.6081243753433228, 0.2708604335784912, 0.03510067239403725, 0.0205948818475008, 0.034988146275281906, 0.14755503833293915, 0.3630189597606659, 0.265651136636734, 0.03914894908666611, 0.02368137612938881, 0.02456141822040081, 0.07262266427278519, 0.11607997864484787, 0.08340544253587723, 0.2048138976097107, 0.30449536442756653, 0.15099883079528809, 0.05312598869204521, 0.043483149260282516, 0.031527597457170486, 0.47225868701934814], "lowlevel.gfcc.cov": [[10867.927734375, -2015.3701171875, 462.18994140625, 646.2223510742188, -815.9140014648438, 1319.0863037109375, -791.1373901367188, 871.6068115234375, -44.76013946533203, 457.46533203125, -335.27001953125, -405.99542236328125, -169.18243408203125], [-2015.3701171875, 2008.974853515625, -459.0915832519531, -259.7730712890625, 602.5626220703125, -738.078369140625, 596.6913452148438, -445.83917236328125, 231.04489135742188, -308.3096618652344, 188.40940856933594, -1.408208966255188, 100.96491241455078], [462.18994140625, -459.0915832519531, 856.3177490234375, 122.47329711914062, 28.519445419311523, 467.2327575683594, -196.2013702392578, 325.3473205566406, -116.4023208618164, 130.7095489501953, 24.13328742980957, -10.126862525939941, -25.37389373779297], [646.2223510742188, -259.7730712890625, 122.47329711914062, 388.5579528808594, 19.737232208251953, 120.66460418701172, 53.228904724121094, -17.92146110534668, 1.3916124105453491, -20.308216094970703, -22.80224609375, -10.367830276489258, -28.329742431640625], [-815.9140014648438, 602.5626220703125, 28.519445419311523, 19.737232208251953, 466.26959228515625, -97.61373901367188, 239.7789306640625, -71.2015151977539, 19.31076431274414, -113.60433197021484, 45.64996337890625, -36.687705993652344, 9.454334259033203], [1319.0863037109375, -738.078369140625, 467.2327575683594, 120.66460418701172, -97.61373901367188, 632.5004272460938, -233.64361572265625, 405.4768981933594, -124.19379425048828, 138.76834106445312, -62.720008850097656, -103.73677062988281, -21.832908630371094], [-791.1373901367188, 596.6913452148438, -196.2013702392578, 53.228904724121094, 239.7789306640625, -233.64361572265625, 403.7116394042969, -186.72073364257812, 125.47425079345703, -109.4281997680664, 60.53164291381836, 48.68690490722656, 21.23345947265625], [871.6068115234375, -445.83917236328125, 325.3473205566406, -17.92146110534668, -71.2015151977539, 405.4768981933594, -186.72073364257812, 472.9294128417969, -23.427440643310547, 124.67607879638672, -38.56035614013672, -86.85655212402344, 44.43320846557617], [-44.76013946533203, 231.04489135742188, -116.4023208618164, 1.3916124105453491, 19.31076431274414, -124.19379425048828, 125.47425079345703, -23.427440643310547, 223.84275817871094, 37.22552490234375, 42.42695617675781, 24.767879486083984, 26.554040908813477], [457.46533203125, -308.3096618652344, 130.7095489501953, -20.308216094970703, -113.60433197021484, 138.76834106445312, -109.4281997680664, 124.67607879638672, 37.22552490234375, 186.797607421875, 25.274898529052734, 31.170270919799805, -14.724726676940918], [-335.27001953125, 188.40940856933594, 24.13328742980957, -22.80224609375, 45.64996337890625, -62.720008850097656, 60.53164291381836, -38.56035614013672, 42.42695617675781, 25.274898529052734, 144.4632568359375, 70.67379760742188, 30.50801658630371], [-405.99542236328125, -1.408208966255188, -10.126862525939941, -10.367830276489258, -36.687705993652344, -103.73677062988281, 48.68690490722656, -86.85655212402344, 24.767879486083984, 31.170270919799805, 70.67379760742188, 164.6346435546875, 3.3239903450012207], [-169.18243408203125, 100.96491241455078, -25.37389373779297, -28.329742431640625, 9.454334259033203, -21.832908630371094, 21.23345947265625, 44.43320846557617, 26.554040908813477, -14.724726676940918, 30.50801658630371, 3.3239903450012207, 97.79765319824219]], "lowlevel.gfcc.icov": [[0.00021252829174045473, -0.0003613970766309649, 0.0002528380136936903, -0.0005913623608648777, 0.0003919978335034102, -0.00046053031110204756, 0.000368496315786615, -0.00022463983623310924, 3.899162948073354e-06, -0.0004250698257237673, 0.0002757080947048962, 2.3184438759926707e-05, 0.00036454960354603827], [-0.0003613970766309649, 0.004464489407837391, -0.0012495495611801744, 0.0035935058258473873, -0.002719202311709523, 0.0029167812317609787, -0.002731987740844488, 0.0013580702943727374, -0.0018849880434572697, 0.003376419423148036, -0.0035380444023758173, 0.003248432418331504, -0.0016138791106641293], [0.0002528380136936903, -0.0012495495611801744, 0.0031309688929468393, -0.0018713168101385236, -0.00022635456116404384, -0.00226155249401927, 0.0018910233629867435, -0.0013334309915080667, 0.0008110616472549736, -0.0012614899314939976, -9.745433999341913e-06, -0.001957238418981433, 0.0013693361543118954], [-0.0005913623608648777, 0.0035935058258473873, -0.0018713168101385236, 0.007039272226393223, -0.002100270474329591, 0.00074635079363361, -0.0032409473787993193, 0.0029234359972178936, -0.002433925401419401, 0.0040995231829583645, -0.0021322641987353563, 0.0019403743790462613, -0.0015568993985652924], [0.0003919978335034102, -0.002719202311709523, -0.00022635456116404384, -0.002100270474329591, 0.006209289655089378, -0.0012011497747153044, -0.0012177315074950457, -0.0013423962518572807, 0.001863220357336104, -0.0010986591223627329, 0.00076423300197348, 0.0006374127697199583, 0.001892748987302184], [-0.00046053031110204756, 0.0029167812317609787, -0.00226155249401927, 0.00074635079363361, -0.0012011497747153044, 0.00941754225641489, -0.002760341390967369, -0.0034070515539497137, 0.0022498860489577055, -0.0002855619241017848, -0.0023575208615511656, 0.0042074271477758884, 0.00012586201773956418], [0.000368496315786615, -0.002731987740844488, 0.0018910233629867435, -0.0032409473787993193, -0.0012177315074950457, -0.002760341390967369, 0.008838986977934837, 6.0764864429074805e-06, -0.0025116729084402323, 0.00046657081111334264, 0.0015967460349202156, -0.0042396653443574905, 0.0009875899413600564], [-0.00022463983623310924, 0.0013580702943727374, -0.0013334309915080667, 0.0029234359972178936, -0.0013423962518572807, -0.0034070515539497137, 6.0764864429074805e-06, 0.008271769620478153, -0.0027638250030577183, 1.2458778655854985e-05, 0.0005928313476033509, 0.0017393105663359165, -0.005171849858015776], [3.899162948073354e-06, -0.0018849880434572697, 0.0008110616472549736, -0.002433925401419401, 0.001863220357336104, 0.0022498860489577055, -0.0025116729084402323, -0.0027638250030577183, 0.009962457232177258, -0.006288148928433657, 0.0006871133809909225, 0.00041046302067115903, -0.00029871691367588937], [-0.0004250698257237673, 0.003376419423148036, -0.0012614899314939976, 0.0040995231829583645, -0.0010986591223627329, -0.0002855619241017848, 0.00046657081111334264, 1.2458778655854985e-05, -0.006288148928433657, 0.015444905497133732, -0.005275951698422432, -0.0011545824818313122, 0.0022925054654479027], [0.0002757080947048962, -0.0035380444023758173, -9.745433999341913e-06, -0.0021322641987353563, 0.00076423300197348, -0.0023575208615511656, 0.0015967460349202156, 0.0005928313476033509, 0.0006871133809909225, -0.005275951698422432, 0.014455130323767662, -0.0062092868611216545, -0.002985997125506401], [2.3184438759926707e-05, 0.003248432418331504, -0.001957238418981433, 0.0019403743790462613, 0.0006374127697199583, 0.0042074271477758884, -0.0042396653443574905, 0.0017393105663359165, 0.00041046302067115903, -0.0011545824818313122, -0.0062092868611216545, 0.01396940741688013, -0.0010744183091446757], [0.00036454960354603827, -0.0016138791106641293, 0.0013693361543118954, -0.0015568993985652924, 0.001892748987302184, 0.00012586201773956418, 0.0009875899413600564, -0.005171849858015776, -0.00029871691367588937, 0.0022925054654479027, -0.002985997125506401, -0.0010744183091446757, 0.01580100692808628]], "lowlevel.mfcc.cov": [[9465.181640625, -2201.072021484375, 862.296875, -622.8748168945312, 354.1938171386719, -28.608165740966797, 4.988678455352783, -118.37771606445312, 485.7782287597656, 393.1165771484375, 169.55833435058594, 297.3665466308594, -147.22618103027344], [-2201.072021484375, 2076.521728515625, -755.1646118164062, 386.2477722167969, -132.55978393554688, -40.22816467285156, 44.61491394042969, 62.98894500732422, -83.35231018066406, -80.108642578125, -13.947463989257812, -92.88106536865234, 38.711395263671875], [862.296875, -755.1646118164062, 905.2782592773438, -306.933349609375, 320.62518310546875, -20.793149948120117, 155.9490509033203, 20.208066940307617, 89.22193908691406, 87.23351287841797, 62.955055236816406, 126.67390441894531, 30.57831382751465], [-622.8748168945312, 386.2477722167969, -306.933349609375, 543.6902465820312, -171.8807830810547, 192.08151245117188, -74.53390502929688, 77.90201568603516, -103.71977996826172, -75.76997375488281, -65.88262176513672, -30.30938720703125, 74.16788482666016], [354.1938171386719, -132.55978393554688, 320.62518310546875, -171.8807830810547, 397.461669921875, -60.75116729736328, 206.65283203125, 21.3685359954834, 112.70154571533203, 85.25406646728516, 28.029815673828125, 73.8487548828125, -28.390939712524414], [-28.608165740966797, -40.22816467285156, -20.793149948120117, 192.08151245117188, -60.75116729736328, 262.5949401855469, 8.585601806640625, 50.60354995727539, -60.41204071044922, -44.30732727050781, 8.67907428741455, 4.416143894195557, 50.62336349487305], [4.988678455352783, 44.61491394042969, 155.9490509033203, -74.53390502929688, 206.65283203125, 8.585601806640625, 292.23150634765625, 79.83809661865234, 59.45315933227539, 52.84566879272461, 8.472501754760742, 29.326322555541992, -18.1789493560791], [-118.37771606445312, 62.98894500732422, 20.208066940307617, 77.90201568603516, 21.3685359954834, 50.60354995727539, 79.83809661865234, 153.74668884277344, 42.110260009765625, 28.985212326049805, 2.2742979526519775, -0.8516101241111755, 24.36617088317871], [485.7782287597656, -83.35231018066406, 89.22193908691406, -103.71977996826172, 112.70154571533203, -60.41204071044922, 59.45315933227539, 42.110260009765625, 215.11282348632812, 118.36963653564453, 49.35517120361328, 20.17849349975586, -31.490814208984375], [393.1165771484375, -80.108642578125, 87.23351287841797, -75.76997375488281, 85.25406646728516, -44.30732727050781, 52.84566879272461, 28.985212326049805, 118.36963653564453, 174.42393493652344, 44.111637115478516, 25.567026138305664, -25.463319778442383], [169.55833435058594, -13.947463989257812, 62.955055236816406, -65.88262176513672, 28.029815673828125, 8.67907428741455, 8.472501754760742, 2.2742979526519775, 49.35517120361328, 44.111637115478516, 120.98526763916016, 48.62212371826172, 9.742166519165039], [297.3665466308594, -92.88106536865234, 126.67390441894531, -30.30938720703125, 73.8487548828125, 4.416143894195557, 29.326322555541992, -0.8516101241111755, 20.17849349975586, 25.567026138305664, 48.62212371826172, 117.83100128173828, 33.16032791137695], [-147.22618103027344, 38.711395263671875, 30.57831382751465, 74.16788482666016, -28.390939712524414, 50.62336349487305, -18.1789493560791, 24.36617088317871, -31.490814208984375, -25.463319778442383, 9.742166519165039, 33.16032791137695, 144.18545532226562]], "lowlevel.mfcc.icov": [[0.0001732606178848073, 0.00014429613656830043, 3.37524943461176e-05, 5.0529957661638036e-05, 2.1594087229459547e-05, -0.00013451272388920188, 4.665243613999337e-05, 0.00015106065256986767, -0.0003044149780180305, -0.00015125187928788364, 9.395123925060034e-05, -0.00035297416616231203, 0.00011848965368699282], [0.00014429613656830043, 0.0010637801606208086, 0.0007958731148391962, -0.0006108407396823168, -0.0002800418296828866, 0.0007685676100663841, -0.0006255441694520414, 2.0741912521771155e-05, 6.075625788071193e-05, 0.00012327040894888341, -0.0008926464361138642, 0.00019371644884813577, -0.00034940039040520787], [3.37524943461176e-05, 0.0007958731148391962, 0.0027171222027391195, 0.0007774385740049183, -0.0015362772392109036, -0.0001434114674339071, -0.0001493668823968619, -0.000656201271340251, 0.0004916529287584126, -0.00015302245446946472, -0.00028923098579980433, -0.0008209311054088175, -0.0010267507750540972], [5.0529957661638036e-05, -0.0006108407396823168, 0.0007774385740049183, 0.0046980357728898525, 4.865754090133123e-05, -0.003091453341767192, 0.0015065984334796667, -0.001910299644805491, 0.00032897223718464375, -0.0005088476464152336, 0.0028525821398943663, -0.0014862961834296584, -0.0006270788726396859], [2.1594087229459547e-05, -0.0002800418296828866, -0.0015362772392109036, 4.865754090133123e-05, 0.0063517652451992035, 0.0005046327714808285, -0.003384384559467435, 0.0014101871056482196, -0.0018745104316622019, -0.00015280209481716156, 0.0010501223150640726, -0.0020547735039144754, 0.0007717472035437822], [-0.00013451272388920188, 0.0007685676100663841, -0.0001434114674339071, -0.003091453341767192, 0.0005046327714808285, 0.0072750975377857685, -0.001761239836923778, -0.0008312510326504707, 0.0014616193948313594, 0.001206305343657732, -0.003292802022770047, 0.0012150827096775174, -0.0007842654013074934], [4.665243613999337e-05, -0.0006255441694520414, -0.0001493668823968619, 0.0015065984334796667, -0.003384384559467435, -0.001761239836923778, 0.0074576460756361485, -0.0034955875016748905, 0.0005875464412383735, -0.0006474752444773912, 0.0013546546688303351, -0.0005592595553025603, 0.0010063012596219778], [0.00015106065256986767, 2.0741912521771155e-05, -0.000656201271340251, -0.001910299644805491, 0.0014101871056482196, -0.0008312510326504707, -0.0034955875016748905, 0.01076213363558054, -0.0029646148905158043, -0.0008330750861205161, 9.454540122533217e-05, 0.001002056640572846, -0.0014508806634694338], [-0.0003044149780180305, 6.075625788071193e-05, 0.0004916529287584126, 0.00032897223718464375, -0.0018745104316622019, 0.0014616193948313594, 0.0005875464412383735, -0.0029646148905158043, 0.00978927779942751, -0.003965036477893591, -0.0024445427116006613, 0.0014130707131698728, 0.0003701467649079859], [-0.00015125187928788364, 0.00012327040894888341, -0.00015302245446946472, -0.0005088476464152336, -0.00015280209481716156, 0.001206305343657732, -0.0006474752444773912, -0.0008330750861205161, -0.003965036477893591, 0.010040216147899628, -0.0019955977331846952, -0.00018188385001849383, 0.0007959880167618394], [9.395123925060034e-05, -0.0008926464361138642, -0.00028923098579980433, 0.0028525821398943663, 0.0010501223150640726, -0.003292802022770047, 0.0013546546688303351, 9.454540122533217e-05, -0.0024445427116006613, -0.0019955977331846952, 0.013569164089858532, -0.005488486494868994, -9.360975673189387e-05], [-0.00035297416616231203, 0.00019371644884813577, -0.0008209311054088175, -0.0014862961834296584, -0.0020547735039144754, 0.0012150827096775174, -0.0005592595553025603, 0.001002056640572846, 0.0014130707131698728, -0.00018188385001849383, -0.005488486494868994, 0.014383492060005665, -0.003205480519682169], [0.00011848965368699282, -0.00034940039040520787, -0.0010267507750540972, -0.0006270788726396859, 0.0007717472035437822, -0.0007842654013074934, 0.0010063012596219778, -0.0014508806634694338, 0.0003701467649079859, 0.0007959880167618394, -9.360975673189387e-05, -0.003205480519682169, 0.009454948827624321]], "metadata.audio_properties.analysis.downmix": "mix", "metadata.audio_properties.codec": "mp3", "metadata.audio_properties.md5_encoded": "49727b74e405177b5f5bbcb6b04893a8", "metadata.tags.file_name": "1183718215705165864.mp3", "metadata.version.essentia": "2.1-beta6-dev", "metadata.version.essentia_git_sha": "v2.1_beta5-1110-g77a6a954", "metadata.version.extractor": "music 2.0", "tonal.chords_key": "D", "tonal.chords_scale": "major", "tonal.key_edma.key": "G", "tonal.key_edma.scale": "major", "tonal.key_krumhansl.key": "G", "tonal.key_krumhansl.scale": "major", "tonal.key_temperley.key": "G", "tonal.key_temperley.scale": "major", "metadata.tags.encoding": ["Lavf58.45.100"]}, "essentia_models": [{"model_name": "genre_dortmund", "activations": {"alternative": "0.07407832", "blues": "0.012852313", "electronic": "0.061631624", "folkcountry": "0.55548656", "funksoulrnb": "0.03994147", "jazz": "0.029534595", "pop": "0.05924568", "raphiphop": "0.1826771", "rock": "0.11572223"}}, {"model_name": "genre_rosamerica", "activations": {"classic": "0.28253022", "dance": "0.024531843", "hip hop": "0.08478326", "jazz": "0.01607323", "pop": "0.17322214",