{"song_id": "1183678796528894002", "download": "https://cdn.discordapp.com/attachments/1135903449314238464/1183678796528894002/chirp.mp4?ex=658935c8&amp", "lyrics": "hey good morning mamasita \nhey hey hey \nAnasteisha guapita oooh \nyou smile you bloom\nyou be the sun \nand shine through eyes \nor through the skyes\nwho knows, it might be you \nthat sunny bunny \nhopping on my hand", "style": ["random"], "essentia_features": {"lowlevel.average_loudness": 0.9041749238967896, "lowlevel.barkbands_crest.mean": 10.127787590026855, "lowlevel.barkbands_crest.stdev": 3.8647096157073975, "lowlevel.barkbands_flatness_db.mean": 0.24859414994716644, "lowlevel.barkbands_flatness_db.stdev": 0.07140504568815231, "lowlevel.barkbands_kurtosis.mean": 9.735050201416016, "lowlevel.barkbands_kurtosis.stdev": 10.325104713439941, "lowlevel.barkbands_skewness.mean": 2.10563325881958, "lowlevel.barkbands_skewness.stdev": 1.1510711908340454, "lowlevel.barkbands_spread.mean": 9.140554428100586, "lowlevel.barkbands_spread.stdev": 12.392147064208984, "lowlevel.dissonance.mean": 0.3956614136695862, "lowlevel.dissonance.stdev": 0.06515533477067947, "lowlevel.dynamic_complexity": 4.927455902099609, "lowlevel.erbbands_crest.mean": 11.090734481811523, "lowlevel.erbbands_crest.stdev": 4.505433082580566, "lowlevel.erbbands_flatness_db.mean": 0.2427341490983963, "lowlevel.erbbands_flatness_db.stdev": 0.06611206382513046, "lowlevel.erbbands_kurtosis.mean": 3.0405733585357666, "lowlevel.erbbands_kurtosis.stdev": 4.129200458526611, "lowlevel.erbbands_skewness.mean": 1.217185139656067, "lowlevel.erbbands_skewness.stdev": 0.9225416779518127, "lowlevel.erbbands_spread.mean": 23.49397850036621, "lowlevel.erbbands_spread.stdev": 18.850187301635742, "lowlevel.hfc.mean": 11.053305625915527, "lowlevel.hfc.stdev": 12.442769050598145, "lowlevel.loudness_ebu128.integrated": -24.62379264831543, "lowlevel.loudness_ebu128.loudness_range": 4.539646148681641, "lowlevel.loudness_ebu128.momentary.mean": -26.80898094177246, "lowlevel.loudness_ebu128.momentary.stdev": 5.106998920440674, "lowlevel.loudness_ebu128.short_term.mean": -25.296079635620117, "lowlevel.loudness_ebu128.short_term.stdev": 2.1103756427764893, "lowlevel.melbands_crest.mean": 13.252049446105957, "lowlevel.melbands_crest.stdev": 3.936541795730591, "lowlevel.melbands_flatness_db.mean": 0.31865572929382324, "lowlevel.melbands_flatness_db.stdev": 0.09389136731624603, "lowlevel.melbands_kurtosis.mean": 13.65723705291748, "lowlevel.melbands_kurtosis.stdev": 14.043862342834473, "lowlevel.melbands_skewness.mean": 2.316206932067871, "lowlevel.melbands_skewness.stdev": 1.208961844444275, "lowlevel.melbands_spread.mean": 9.88350772857666, "lowlevel.melbands_spread.stdev": 11.094565391540527, "lowlevel.pitch_salience.mean": 0.5914592146873474, "lowlevel.pitch_salience.stdev": 0.10666796565055847, "lowlevel.silence_rate_20dB.mean": 1.0, "lowlevel.silence_rate_20dB.stdev": 0.0, "lowlevel.silence_rate_30dB.mean": 0.9928343892097473, "lowlevel.silence_rate_30dB.stdev": 0.08434644341468811, "lowlevel.silence_rate_60dB.mean": 0.19824840128421783, "lowlevel.silence_rate_60dB.stdev": 0.3986818492412567, "lowlevel.spectral_centroid.mean": 559.26220703125, "lowlevel.spectral_centroid.stdev": 367.3773193359375, "lowlevel.spectral_complexity.mean": 9.478503227233887, "lowlevel.spectral_complexity.stdev": 4.58961820602417, "lowlevel.spectral_decrease.mean": -5.656198176495764e-09, "lowlevel.spectral_decrease.stdev": 5.517914569708182e-09, "lowlevel.spectral_energy.mean": 0.02235034666955471, "lowlevel.spectral_energy.stdev": 0.021614981815218925, "lowlevel.spectral_energyband_high.mean": 0.0002886017318814993, "lowlevel.spectral_energyband_high.stdev": 0.0008959104889072478, "lowlevel.spectral_energyband_low.mean": 0.0035517762880772352, "lowlevel.spectral_energyband_low.stdev": 0.005364073906093836, "lowlevel.spectral_energyband_middle_high.mean": 0.001895849360153079, "lowlevel.spectral_energyband_middle_high.stdev": 0.0034877171274274588, "lowlevel.spectral_energyband_middle_low.mean": 0.01853371039032936, "lowlevel.spectral_energyband_middle_low.stdev": 0.01879224181175232, "lowlevel.spectral_entropy.mean": 6.509939193725586, "lowlevel.spectral_entropy.stdev": 0.7295798063278198, "lowlevel.spectral_flux.mean": 0.04296715930104256, "lowlevel.spectral_flux.stdev": 0.035711806267499924, "lowlevel.spectral_kurtosis.mean": 19.247709274291992, "lowlevel.spectral_kurtosis.stdev": 29.851829528808594, "lowlevel.spectral_rms.mean": 0.004074728582054377, "lowlevel.spectral_rms.stdev": 0.002280747052282095, "lowlevel.spectral_rolloff.mean": 824.400390625, "lowlevel.spectral_rolloff.stdev": 1425.530517578125, "lowlevel.spectral_skewness.mean": 2.9177463054656982, "lowlevel.spectral_skewness.stdev": 1.8700740337371826, "lowlevel.spectral_spread.mean": 3561248.25, "lowlevel.spectral_spread.stdev": 2286127.5, "lowlevel.spectral_strongpeak.mean": 0.9558703899383545, "lowlevel.spectral_strongpeak.stdev": 0.9467059969902039, "lowlevel.zerocrossingrate.mean": 0.03282680734992027, "lowlevel.zerocrossingrate.stdev": 0.037631284445524216, "metadata.audio_properties.analysis.equal_loudness": 0.0, "metadata.audio_properties.analysis.length": 29.119977951049805, "metadata.audio_properties.analysis.sample_rate": 44100.0, "metadata.audio_properties.analysis.start_time": 0.0, "metadata.audio_properties.bit_rate": 104942.0, "metadata.audio_properties.length": 29.1200008392334, "metadata.audio_properties.lossless": 0.0, "metadata.audio_properties.number_channels": 1.0, "metadata.audio_properties.replay_gain": -3.2620792388916016, "metadata.audio_properties.sample_rate": 48000.0, "rhythm.beats_count": 50.0, "rhythm.beats_loudness.mean": 0.031852733343839645, "rhythm.beats_loudness.stdev": 0.03000313974916935, "rhythm.bpm": 106.69963073730469, "rhythm.bpm_histogram_first_peak_bpm": 108.0, "rhythm.bpm_histogram_first_peak_weight": 0.44117647409439087, "rhythm.bpm_histogram_second_peak_bpm": 103.0, "rhythm.bpm_histogram_second_peak_spread": 0.5, "rhythm.bpm_histogram_second_peak_weight": 0.08163265138864517, "rhythm.danceability": 1.074370265007019, "rhythm.onset_rate": 2.5393738746643066, "tonal.chords_changes_rate": 0.054054055362939835, "tonal.chords_number_rate": 0.012718601152300835, "tonal.chords_strength.mean": 0.42011332511901855, "tonal.chords_strength.stdev": 0.07855285704135895, "tonal.hpcp_crest.mean": 19.82718276977539, "tonal.hpcp_crest.stdev": 7.649144649505615, "tonal.hpcp_entropy.mean": 1.2551127672195435, "tonal.hpcp_entropy.stdev": 0.6128983497619629, "tonal.key_edma.strength": 0.49090659618377686, "tonal.key_krumhansl.strength": 0.5015153288841248, "tonal.key_temperley.strength": 0.5093910694122314, "tonal.tuning_diatonic_strength": 0.4055059254169464, "tonal.tuning_equal_tempered_deviation": 0.010371742770075798, "tonal.tuning_frequency": 440.2542419433594, "tonal.tuning_nontempered_energy_ratio": 0.5989158153533936, "lowlevel.barkbands.mean": [3.39175221597543e-06, 0.0004950587172061205, 0.001295823254622519, 0.003449962707236409, 0.003295196918770671, 0.006457126699388027, 0.002152981935068965, 0.0017941611586138606, 0.0009689996368251741, 0.0005882496479898691, 0.0005235491553321481, 0.00026192216319032013, 0.00029553211061283946, 0.00013809384836349636, 0.00016265755402855575, 5.4543874284718186e-05, 6.879603461129591e-05, 1.2760405297740363e-05, 2.6944209821522236e-05, 2.5074397854041308e-05, 6.21674771537073e-05, 8.613619138486683e-05, 2.5168621505144984e-05, 4.174784044153057e-05, 5.224103733780794e-05, 1.2086458809790201e-05, 8.695303366224039e-10], "lowlevel.barkbands.stdev": [8.409410838794429e-06, 0.0008474508649669588, 0.002668890869244933, 0.004638081416487694, 0.004630013834685087, 0.010005302727222443, 0.0036596714053303003, 0.0027566351927816868, 0.002273163292557001, 0.0015729896258562803, 0.0011169944191351533, 0.0005929222097620368, 0.0011156437685713172, 0.00036913942312821746, 0.0005499072140082717, 0.00011791560973506421, 0.00012657280603889376, 2.766234683804214e-05, 7.228883623611182e-05, 5.722460991819389e-05, 0.00014140702842269093, 0.00021253469458315521, 0.00010961820953525603, 0.00018754256598185748, 0.0003536879667080939, 7.712050864938647e-05, 1.4489484057023105e-09], "lowlevel.erbbands.mean": [0.005227100104093552, 0.150116965174675, 1.0430996417999268, 7.6180620193481445, 13.38832950592041, 7.605417251586914, 33.02260208129883, 49.54627990722656, 40.900482177734375, 28.816234588623047, 38.884830474853516, 22.214553833007812, 22.334138870239258, 13.179176330566406, 19.451656341552734, 10.55099105834961, 15.625996589660645, 9.787513732910156, 9.420830726623535, 4.441843032836914, 3.236185312271118, 3.742034435272217, 1.1073578596115112, 0.7532315850257874, 1.8485199213027954, 1.0213944911956787, 1.8257652521133423, 2.8564305305480957, 3.362410545349121, 1.5337203741073608, 0.6892915368080139, 0.6490479111671448, 0.8680991530418396, 0.7172126173973083, 0.29114896059036255, 0.10607586055994034, 0.011066300794482231, 0.00028923703939653933, 2.4479244530084543e-05, 2.7140638849232346e-05], "lowlevel.erbbands.stdev": [0.010225091129541397, 0.23678730428218842, 1.7542117834091187, 10.996387481689453, 19.835739135742188, 8.655348777770996, 59.89784622192383, 93.02450561523438, 78.25836181640625, 41.97136688232422, 61.29867172241211, 53.587799072265625, 60.61665725708008, 31.946823120117188, 33.768150329589844, 26.00242042541504, 59.094295501708984, 25.177043914794922, 31.632036209106445, 9.872246742248535, 5.486739158630371, 7.043181896209717, 2.025447130203247, 1.5035191774368286, 5.008349418640137, 2.2120401859283447, 4.466865062713623, 6.592316150665283, 8.212471961975098, 4.355574607849121, 3.108109951019287, 2.8345515727996826, 4.29061222076416, 5.0473103523254395, 1.915497899055481, 0.6661980152130127, 0.07886514812707901, 0.00210157735273242, 8.60916989040561e-05, 2.6759831598610617e-05], "lowlevel.gfcc.mean": [-110.58124542236328, 155.32492065429688, -108.85029602050781, 8.801319122314453, -75.62297058105469, -2.4230332374572754, -45.5086555480957, -16.602144241333008, -25.76055145263672, -6.218591690063477, -17.04534912109375, -9.697583198547363, -4.549960136413574], "lowlevel.melbands.mean": [9.397395479027182e-05, 0.0005205156048759818, 0.0014964729780331254, 0.0007119494839571416, 0.0009499595616944134, 0.0011734222061932087, 0.0005756647442467511, 0.0003197556652594358, 0.0003102295158896595, 0.00013112348096910864, 0.00010681166895665228, 4.8433150368509814e-05, 6.893428508192301e-05, 3.276244751759805e-05, 2.5583209207979962e-05, 3.4550401323940605e-05, 1.617518864804879e-05, 1.4158534213493112e-05, 8.559372872696258e-06, 4.657320459955372e-06, 3.4875226901931455e-06, 4.2838100853259675e-06, 1.926491449921741e-06, 4.663017705297534e-07, 5.251721404420095e-07, 1.3478875189321116e-06, 1.18170225960057e-06, 5.387011583479762e-07, 8.261039852186514e-07, 1.6918203300519963e-06, 1.6246481209236663e-06, 1.943008101079613e-06, 1.6041234403019189e-06, 5.742768394156883e-07, 3.694364067996503e-07, 3.825885244168603e-07, 3.936154087114119e-07, 6.325614663182932e-07, 5.3448508197107e-07, 6.590265115846705e-07], "lowlevel.melbands.stdev": [0.00017190113430842757, 0.0007979474030435085, 0.0018636893946677446, 0.001054419088177383, 0.0016040323534980416, 0.0019767642952501774, 0.0010441596386954188, 0.00048557049012742937, 0.0005099269328638911, 0.0003554810245987028, 0.0002954942756332457, 0.000127438543131575, 0.00014442102110479027, 5.891685214010067e-05, 7.167324656620622e-05, 0.0001330471277469769, 4.472042201086879e-05, 4.684068335336633e-05, 2.4094872060231864e-05, 1.1270532922935672e-05, 5.781800155091332e-06, 8.152075679390691e-06, 3.8698844946338795e-06, 9.138373116002185e-07, 1.0897074389504269e-06, 4.062586413056124e-06, 2.925955186583451e-06, 1.3027593013248406e-06, 2.2222745883482276e-06, 4.041802640131209e-06, 3.967078100686194e-06, 4.867029474553419e-06, 4.265411462256452e-06, 1.9870121832354926e-06, 1.7127231330960058e-06, 1.8278585685038706e-06, 1.7571898069945746e-06, 3.113368848062237e-06, 2.8753067908837693e-06, 5.1289162001921795e-06], "lowlevel.melbands128.mean": [1.8257383089803625e-06, 8.109231202979572e-06, 0.00011670519597828388, 0.00028491695411503315, 0.00027706209220923483, 0.0008113531512208283, 0.0015709989238530397, 0.0017052763141691685, 0.001520575606264174, 0.000555448466911912, 0.00024390705220866948, 0.0005010031163692474, 0.0012009793426841497, 0.001503179082646966, 0.0010690572671592236, 0.0011022054823115468, 0.0009684473625384271, 0.00033578218426555395, 0.0003310951287858188, 0.00027611086261458695, 0.0003659507492557168, 0.0002711124543566257, 0.0004055867320857942, 0.00021988134540151805, 9.17827564990148e-05, 0.00013127880811225623, 9.211064025294036e-05, 0.00016562484961468726, 3.9611659303773195e-05, 4.579991946229711e-05, 3.727560397237539e-05, 8.258454181486741e-05, 6.754784408258274e-05, 7.799343438819051e-05, 3.2232906960416585e-05, 1.948134922713507e-05, 2.765303543128539e-05, 2.9123415515641682e-05, 1.0983219908666797e-05, 5.60276021133177e-05, 4.030949276057072e-05, 3.494273414617055e-06, 2.109845263476018e-05, 2.1233428924460895e-05, 2.7473129193822388e-06, 1.9489189071464352e-05, 1.9864874047925696e-05, 5.482029791892273e-06, 6.51519530947553e-06, 4.3993113649776205e-06, 4.5324964048631955e-06, 4.938682650390547e-06, 2.7691455670719733e-06, 3.3751393857528456e-06, 3.833974915323779e-06, 4.945316049997928e-06, 4.244202045811107e-06, 2.3718964712315938e-06, 1.3024409781792201e-06, 5.733890588999202e-07, 4.351970801508287e-07, 2.3543687177607353e-07, 5.157402824806923e-07, 5.070965016784612e-07, 7.551002454420086e-07, 1.4806049648541375e-06, 1.5579560113110347e-06, 1.5775405017848243e-06, 1.051570279742009e-06, 7.627199352100433e-07, 4.216202000861813e-07, 4.863578624281217e-07, 5.630578812088061e-07, 6.891315820212185e-07, 1.3473633089233772e-06, 1.8630844351719134e-06, 1.811861693568062e-06, 1.6269819980152533e-06, 1.5905339978417032e-06, 1.4802722034801263e-06, 2.07931316253962e-06, 1.799475512598292e-06, 2.4039709387579933e-06, 1.6920387224672595e-06, 9.524849247100065e-07, 5.900699306948809e-07, 4.930850536766229e-07, 3.835091320070205e-07, 3.4756237710098503e-07, 3.7017656495663687e-07, 3.872647766911541e-07, 3.995880888396641e-07, 3.5063257541878556e-07, 3.4521397651587904e-07, 4.2603534211593796e-07, 5.889727958674484e-07, 7.131267807380937e-07, 6.805548196098243e-07, 4.394383665839996e-07, 5.084071972305537e-07, 6.483195988948864e-07, 8.492825713801722e-07, 4.534232687092299e-07, 2.471198854436807e-07, 2.502719382846408e-07, 4.1823767560345004e-07, 2.3346682098690508e-07, 2.0882185935988673e-07, 2.1864748589450755e-07, 1.2863321785516746e-07, 7.208055308183248e-08, 5.0770978532455047e-08, 1.3280654798109026e-08, 2.1332871025236955e-09, 9.017446234160786e-10, 1.537940781670688e-11, 5.279874194102918e-12, 4.1294120900481346e-12, 3.888783826205833e-12, 3.795958339325445e-12, 3.683351366967624e-12, 3.628751596082558e-12, 3.581381502124059e-12, 3.4960688857776923e-12, 3.245741349300335e-12, 2.824361838155154e-12, 2.5976634038249458e-12, 2.5544514420383635e-12], "lowlevel.melbands128.stdev": [5.225423137744656e-06, 2.159696668968536e-05, 0.0002580338914413005, 0.0004656636156141758, 0.00042802313691936433, 0.0017394456081092358, 0.0025858934968709946, 0.0022680533584207296, 0.0026341525372117758, 0.0012107922229915857, 0.00030492013320326805, 0.0006396649405360222, 0.002408775966614485, 0.003044105600565672, 0.00303024984896183, 0.0026654100511223078, 0.0023552989587187767, 0.0007271274807862937, 0.0007695520762354136, 0.0004932633601129055, 0.0007908474653959274, 0.0005575453396886587, 0.0007894202717579901, 0.0006143056671135128, 0.00034694449277594686, 0.0005983237060718238, 0.00029450602596625686, 0.0005471683107316494, 9.64210121310316e-05, 0.00023382283688988537, 0.00014044881390873343, 0.0002702531637623906, 0.00020515639334917068, 0.00015058873395901173, 6.80730736348778e-05, 8.483524288749322e-05, 9.812791540753096e-05, 0.00010867042146855965, 2.7509313440532424e-05, 0.0002947096072603017, 0.00013131430023349822, 9.975044122256804e-06, 6.354944343911484e-05, 6.32849260000512e-05, 7.678299880353734e-06, 6.767410377506167e-05, 9.643271187087521e-05, 1.6244137441390194e-05, 1.8394632206764072e-05, 1.1872049981320743e-05, 1.946009069797583e-05, 1.0128589565283619e-05, 5.399819201556966e-06, 6.390890575858066e-06, 9.000392310554162e-06, 1.1339025149936788e-05, 1.2475495168473572e-05, 5.432089437817922e-06, 3.71700593859714e-06, 1.048889657795371e-06, 1.0752959269666462e-06, 5.155860662853229e-07, 1.469042672397336e-06, 1.2650123153434834e-06, 1.8134549009118928e-06, 5.134837010700721e-06, 5.652976597048109e-06, 4.787662874150556e-06, 2.816486130541307e-06, 2.0702018446172588e-06, 1.2149344001954887e-06, 1.319346779382613e-06, 1.869068569249066e-06, 2.0730406049551675e-06, 3.5714692785404623e-06, 4.947733941662591e-06, 5.060663625044981e-06, 4.250365236657672e-06, 4.248968252795748e-06, 3.8148000385263e-06, 6.1420614656526595e-06, 4.743134923046455e-06, 6.48582681606058e-06, 5.031528871768387e-06, 2.91539481622749e-06, 2.1158978142921114e-06, 2.071875314868521e-06, 1.6548834764762432e-06, 1.6237416957665118e-06, 2.1338623810152058e-06, 1.975980012502987e-06, 2.040888148258091e-06, 1.469513904339692e-06, 1.6826624005261692e-06, 2.13730413634039e-06, 2.9385510060819797e-06, 3.849469067063183e-06, 3.6053199892194243e-06, 2.1680036752513843e-06, 3.05734170069627e-06, 5.0145285968028475e-06, 7.402962182823103e-06, 3.354417913215002e-06, 1.6287229982481222e-06, 1.7674312857707264e-06, 2.8540912353491876e-06, 1.5640935089322738e-06, 1.4546907323165215e-06, 1.6592318843322573e-06, 7.818227913958253e-07, 5.400786449172301e-07, 4.998055374016985e-07, 1.5083418247741065e-07, 6.077915770674736e-08, 2.370933671613784e-08, 1.787125031293968e-10, 2.4071902457456495e-11, 7.38072016698288e-12, 5.830097255660194e-12, 5.6949592611155175e-12, 5.5461976157522574e-12, 5.401680405053844e-12, 5.311468712770884e-12, 5.213853220692455e-12, 5.136033959241004e-12, 5.07358348042497e-12, 5.026557295395584e-12, 4.999272263522814e-12], "lowlevel.mfcc.mean": [-752.7810668945312, 179.00514221191406, 16.340173721313477, 8.139558792114258, -10.392988204956055, 2.5437142848968506, -15.040592193603516, -15.121062278747559, -5.2390217781066895, -18.34330177307129, -8.235208511352539, -3.922376871109009, -3.1396703720092773], "lowlevel.spectral_contrast_coeffs.mean": [-0.6030142903327942, -0.6545858979225159, -0.7140734791755676, -0.7748916149139404, -0.7936517000198364, -0.7503836750984192], "lowlevel.spectral_contrast_coeffs.stdev": [0.10120993852615356, 0.08258502185344696, 0.07165282219648361, 0.05589625984430313, 0.04756283760070801, 0.06277889758348465], "lowlevel.spectral_contrast_valleys.mean": [-7.451979160308838, -7.366929531097412, -8.47024917602539, -8.984515190124512, -9.491546630859375, -12.121831893920898], "lowlevel.spectral_contrast_valleys.stdev": [1.2593568563461304, 1.2131234407424927, 1.1130833625793457, 1.252916693687439, 1.3770897388458252, 1.878082275390625], "rhythm.beats_loudness_band_ratio.mean": [0.3361547887325287, 0.3755321502685547, 0.26134106516838074, 0.09608817845582962, 0.015817124396562576, 0.02999299205839634], "rhythm.beats_loudness_band_ratio.stdev": [0.19007517397403717, 0.20108003914356232, 0.1411525458097458, 0.10002631694078445, 0.026157410815358162, 0.08752120286226273], "tonal.hpcp.mean": [0.016348600387573242, 0.0069342139177024364, 0.040243253111839294, 0.07038471847772598, 0.03589572384953499, 0.01671547070145607, 0.01460297778248787, 0.00485750287771225, 0.13211913406848907, 0.23162153363227844, 0.11203280836343765, 0.10072796046733856, 0.21049267053604126, 0.13358595967292786, 0.045591458678245544, 0.06265605986118317, 0.05613027885556221, 0.18908481299877167, 0.3032611906528473, 0.14583158493041992, 0.014095842838287354, 0.015220181085169315, 0.03180912137031555, 0.2410152405500412, 0.3552558422088623, 0.14958810806274414, 0.021679027006030083, 0.0142931854352355, 0.02348339930176735, 0.1511998474597931, 0.2081904113292694, 0.08551844954490662, 0.05423815920948982, 0.08733764290809631, 0.04523289576172829, 0.014130244962871075], "tonal.hpcp.stdev": [0.05525202676653862, 0.024352168664336205, 0.08036769181489944, 0.14117199182510376, 0.07837708294391632, 0.0703832283616066, 0.055589709430933, 0.02062849886715412, 0.17984838783740997, 0.2995632588863373, 0.14982426166534424, 0.18390735983848572, 0.36207208037376404, 0.24566550552845, 0.13262538611888885, 0.17984400689601898, 0.13583429157733917, 0.282595694065094, 0.4301638901233673, 0.2322499305009842, 0.04897720366716385, 0.07113682478666306, 0.11541465669870377, 0.2972887456417084, 0.4108514189720154, 0.20838867127895355, 0.10698147863149643, 0.08387725800275803, 0.10661213099956512, 0.27598848938941956, 0.3637430965900421, 0.17294369637966156, 0.11232870072126389, 0.15098530054092407, 0.08040046691894531, 0.04818706959486008], "rhythm.beats_position": [0.5340589284896851, 1.0797278881072998, 1.6253968477249146, 2.18267560005188, 2.739954710006714, 3.2972335815429688, 3.8545124530792236, 4.4117913246154785, 4.980679988861084, 5.549569129943848, 6.106847763061523, 6.664126873016357, 7.233015537261963, 7.801904678344727, 8.370793342590332, 8.939682006835938, 9.49696159362793, 10.054240226745605, 10.66956901550293, 11.284897804260254, 11.935056686401367, 12.57360553741455, 13.235373497009277, 13.873922348022461, 14.512471199035645, 15.10457992553711, 15.696688652038574, 16.30040740966797, 16.90412712097168, 17.46140480041504, 18.01868438720703, 18.575963973999023, 19.133241653442383, 19.690521240234375, 20.247800827026367, 20.793468475341797, 21.36235809326172, 21.91963768005371, 22.488525390625, 23.045804977416992, 23.61469268798828, 24.171972274780273, 24.729251861572266, 25.298139572143555, 25.867029190063477, 26.447526931762695, 27.028026580810547, 27.59691619873047, 28.177413940429688, 28.75791358947754], "rhythm.bpm_histogram": [0.0, 0.0, 0.0, 0.0, 0.0, 0.0, 0.0, 0.0, 0.0, 0.0, 0.0, 0.0, 0.0, 0.0, 0.0, 0.0, 0.0, 0.0, 0.0, 0.0, 0.0, 0.0, 0.0, 0.0, 0.0, 0.0, 0.0, 0.0, 0.0, 0.0, 0.0, 0.0, 0.0, 0.0, 0.0, 0.0, 0.0, 0.0, 0.0, 0.0, 0.0, 0.0, 0.0, 0.0, 0.0, 0.0, 0.0, 0.0, 0.0, 0.0, 0.0, 0.0, 0.0, 0.0, 0.0, 0.0, 0.0, 0.0, 0.0, 0.0, 0.0, 0.0, 0.0, 0.0, 0.0, 0.0, 0.0, 0.0, 0.0, 0.0, 0.0, 0.0, 0.0, 0.0, 0.0, 0.0, 0.0, 0.0, 0.0, 0.0, 0.0, 0.0, 0.0, 0.0, 0.0, 0.0, 0.0, 0.0, 0.0, 0.0, 0.0, 0.020408162847161293, 0.020408162847161293, 0.0, 0.06122449040412903, 0.0, 0.0, 0.0, 0.040816325694322586, 0.040816325694322586, 0.0, 0.040816325694322586, 0.0, 0.08163265138864517, 0.0, 0.2448979616165161, 0.0, 0.0, 0.3877550959587097, 0.0, 0.06122449040412903, 0.0, 0.0, 0.0, 0.0, 0.0, 0.0, 0.0, 0.0, 0.0, 0.0, 0.0, 0.0, 0.0, 0.0, 0.0, 0.0, 0.0, 0.0, 0.0, 0.0, 0.0, 0.0, 0.0, 0.0, 0.0, 0.0, 0.0, 0.0, 0.0, 0.0, 0.0, 0.0, 0.0, 0.0, 0.0, 0.0, 0.0, 0.0, 0.0, 0.0, 0.0, 0.0, 0.0, 0.0, 0.0, 0.0, 0.0, 0.0, 0.0, 0.0, 0.0, 0.0, 0.0, 0.0, 0.0, 0.0, 0.0, 0.0, 0.0, 0.0, 0.0, 0.0, 0.0, 0.0, 0.0, 0.0, 0.0, 0.0, 0.0, 0.0, 0.0, 0.0, 0.0, 0.0, 0.0, 0.0, 0.0, 0.0, 0.0, 0.0, 0.0, 0.0, 0.0, 0.0, 0.0, 0.0, 0.0, 0.0, 0.0, 0.0, 0.0, 0.0, 0.0, 0.0, 0.0, 0.0, 0.0, 0.0, 0.0, 0.0, 0.0, 0.0, 0.0, 0.0, 0.0, 0.0, 0.0, 0.0, 0.0, 0.0, 0.0, 0.0, 0.0, 0.0, 0.0, 0.0, 0.0, 0.0, 0.0, 0.0, 0.0, 0.0, 0.0, 0.0, 0.0, 0.0, 0.0, 0.0, 0.0, 0.0, 0.0, 0.0, 0.0, 0.0, 0.0, 0.0, 0.0, 0.0, 0.0], "tonal.chords_histogram": [21.14467430114746, 14.149443626403809, 41.49443435668945, 0.0, 0.0, 0.0, 0.0, 2.543720245361328, 0.0, 1.907790184020996, 0.0, 6.041335582733154, 0.0, 0.0, 0.0, 0.0, 0.0, 0.0, 0.0, 0.0, 0.0, 0.0, 2.702702760696411, 10.015898704528809], "tonal.thpcp": [1.0, 0.42107149958610535, 0.06102370470762253, 0.04023350030183792, 0.0661027804017067, 0.4256083369255066, 0.5860295295715332, 0.24072355031967163, 0.15267351269721985, 0.24584434926509857, 0.12732484936714172, 0.03977484256029129, 0.04601923003792763, 0.019518930464982986, 0.11327964067459106, 0.1981240212917328, 0.10104189813137054, 0.04705192521214485, 0.04110552370548248, 0.013673252426087856, 0.3718985617160797, 0.6519851684570312, 0.31535810232162476, 0.2835364043712616, 0.5925101041793823, 0.37602749466896057, 0.1283341497182846, 0.1763688325881958, 0.15799959003925323, 0.5322496891021729, 0.8536416888237, 0.41049736738204956, 0.03967800363898277, 0.04284287244081497, 0.08953862637281418, 0.6784272193908691], "lowlevel.gfcc.cov": [[15796.7421875, -3982.127197265625, -954.4949340820312, 1703.806396484375, -1932.8814697265625, 1034.950439453125, -960.0167236328125, 850.9324951171875, -97.96391296386719, 586.7255249023438, -940.9678344726562, -198.88504028320312, -155.68153381347656], [-3982.127197265625, 2957.038818359375, -230.1742706298828, -581.984130859375, 1297.876708984375, -581.7532958984375, 762.218994140625, -372.1992492675781, 307.53765869140625, -302.9250793457031, 497.3914489746094, -36.27439880371094, 115.07823944091797], [-954.4949340820312, -230.1742706298828, 958.483154296875, -9.47326946258545, -146.48719787597656, 150.82630920410156, -145.7827911376953, 69.26895904541016, -25.31183624267578, 65.07819366455078, 46.35557174682617, 140.62136840820312, 5.752211570739746], [1703.806396484375, -581.984130859375, -9.47326946258545, 595.3956909179688, -114.57225036621094, 149.3626251220703, -122.73162078857422, 124.85850524902344, 64.46161651611328, 76.17034912109375, -81.4693832397461, 16.208383560180664, 26.28856086730957], [-1932.8814697265625, 1297.876708984375, -146.48719787597656, -114.57225036621094, 943.4447021484375, -232.17054748535156, 311.2246398925781, -110.7381362915039, 162.82298278808594, -78.9011459350586, 188.95626831054688, 13.846540451049805, 32.46439743041992], [1034.950439453125, -581.7532958984375, 150.82630920410156, 149.3626251220703, -232.17054748535156, 335.6485290527344, -89.23655700683594, 152.52276611328125, -46.917564392089844, 99.27587127685547, -77.76544189453125, 15.120443344116211, -29.517969131469727], [-960.0167236328125, 762.218994140625, -145.7827911376953, -122.73162078857422, 311.2246398925781, -89.23655700683594, 430.3093566894531, -76.91851806640625, 66.697265625, -61.48420715332031, 163.0132598876953, 9.504302978515625, 19.670595169067383], [850.9324951171875, -372.1992492675781, 69.26895904541016, 124.85850524902344, -110.7381362915039, 152.52276611328125, -76.91851806640625, 198.21827697753906, -21.326416015625, 72.71528625488281, -55.414833068847656, -7.917072296142578, -31.50388526916504], [-97.96391296386719, 307.53765869140625, -25.31183624267578, 64.46161651611328, 162.82298278808594, -46.917564392089844, 66.697265625, -21.326416015625, 169.736572265625, -5.319361686706543, 4.0709228515625, -12.47315502166748, 40.26676559448242], [586.7255249023438, -302.9250793457031, 65.07819366455078, 76.17034912109375, -78.9011459350586, 99.27587127685547, -61.48420715332031, 72.71528625488281, -5.319361686706543, 131.8598175048828, -63.27172088623047, 23.423206329345703, -17.381521224975586], [-940.9678344726562, 497.3914489746094, 46.35557174682617, -81.4693832397461, 188.95626831054688, -77.76544189453125, 163.0132598876953, -55.414833068847656, 4.0709228515625, -63.27172088623047, 247.42974853515625, 36.50836944580078, 16.156875610351562], [-198.88504028320312, -36.27439880371094, 140.62136840820312, 16.208383560180664, 13.846540451049805, 15.120443344116211, 9.504302978515625, -7.917072296142578, -12.47315502166748, 23.423206329345703, 36.50836944580078, 109.00572967529297, 7.073340892791748], [-155.68153381347656, 115.07823944091797, 5.752211570739746, 26.28856086730957, 32.46439743041992, -29.517969131469727, 19.670595169067383, -31.50388526916504, 40.26676559448242, -17.381521224975586, 16.156875610351562, 7.073340892791748, 70.91941833496094]], "lowlevel.gfcc.icov": [[0.0002500284754205495, -0.00045311832218430936, 0.00045128411147743464, -0.0006491412059403956, 0.0006861622096039355, -0.0003280209202785045, 0.00039112340891733766, -0.0004848087555728853, 0.00016514328308403492, -0.0005608780193142593, 0.00044528653961606324, -0.0003277852956671268, 0.0004136812931392342], [-0.00045311832218430936, 0.004997973330318928, -0.0013498509069904685, 0.0033829757012426853, -0.004199007526040077, 0.0020225956104695797, -0.0031950201373547316, 0.0017660071607679129, -0.0037625564727932215, 0.0030250754207372665, -0.0035067887511104345, 0.0029864555690437555, -0.0024357635993510485], [0.00045128411147743464, -0.0013498509069904685, 0.002543556736782193, -0.0009233683231286705, 0.0017598654376342893, -0.0014710742980241776, 0.0018908519996330142, -0.0013869523536413908, 1.5084644928720081e-06, -0.0012375599471852183, 0.000362254970241338, -0.002953354036435485, 0.000666377367451787], [-0.0006491412059403956, 0.0033829757012426853, -0.0009233683231286705, 0.005420089233666658, -0.0032047906424850225, 0.0008137674303725362, -0.0015397273236885667, 0.0005237956065684557, -0.0037774855736643076, 0.002397338394075632, -0.002740144496783614, 0.000966134131886065, -0.0031229096930474043], [0.0006861622096039355, -0.004199007526040077, 0.0017598654376342893, -0.0032047906424850225, 0.005858033429831266, -0.0010928353294730186, 0.0021812343038618565, -0.0022035741712898016, 0.0013659814139828086, -0.0030344268307089806, 0.002382159698754549, -0.0030587995424866676, 0.0028878035955131054], [-0.0003280209202785045, 0.0020225956104695797, -0.0014710742980241776, 0.0008137674303725362, -0.0010928353294730186, 0.007009229622781277, -0.0023324245121330023, -0.0019086763495579362, -0.0004197520902380347, -0.0004099744255654514, -0.0008873642655089498, 0.001470118877477944, -0.0007743153255432844], [0.00039112340891733766, -0.0031950201373547316, 0.0018908519996330142, -0.0015397273236885667, 0.0021812343038618565, -0.0023324245121330023, 0.00640462851151824, -0.0009649014100432396, 0.0008582070586271584, -0.001775900716893375, 5.0728216592688113e-05, -0.0027849036268889904, 0.0016297458205372095], [-0.0004848087555728853, 0.0017660071607679129, -0.0013869523536413908, 0.0005237956065684557, -0.0022035741712898016, -0.0019086763495579362, -0.0009649014100432396, 0.010576965287327766, -0.0006571250851266086, -0.0008069960167631507, -0.0016580218216404319, 0.0033750981092453003, 0.0013853091513738036], [0.00016514328308403492, -0.0037625564727932215, 1.5084644928720081e-06, -0.0037774855736643076, 0.0013659814139828086, -0.0004197520902380347, 0.0008582070586271584, -0.0006571250851266086, 0.012803833931684494, -0.003166888142004609, 0.004159607924520969, 0.00028476130682975054, -0.002483947668224573], [-0.0005608780193142593, 0.0030250754207372665, -0.0012375599471852183, 0.002397338394075632, -0.0030344268307089806, -0.0004099744255654514, -0.001775900716893375, -0.0008069960167631507, -0.003166888142004609, 0.014545150101184845, 1.4166804248816334e-05, -0.0017278529703617096, -4.362519030109979e-05], [0.00044528653961606324, -0.0035067887511104345, 0.000362254970241338, -0.002740144496783614, 0.002382159698754549, -0.0008873642655089498, 5.0728216592688113e-05, -0.0016580218216404319, 0.004159607924520969, 1.4166804248816334e-05, 0.009693226777017117, -0.00357234850525856, 0.001233464339748025], [-0.0003277852956671268, 0.0029864555690437555, -0.002953354036435485, 0.000966134131886065, -0.0030587995424866676, 0.001470118877477944, -0.0027849036268889904, 0.0033750981092453003, 0.00028476130682975054, -0.0017278529703617096, -0.00357234850525856, 0.015686312690377235, -0.002736140275374055], [0.0004136812931392342, -0.0024357635993510485, 0.000666377367451787, -0.0031229096930474043, 0.0028878035955131054, -0.0007743153255432844, 0.0016297458205372095, 0.0013853091513738036, -0.002483947668224573, -4.362519030109979e-05, 0.001233464339748025, -0.002736140275374055, 0.019975263625383377]], "lowlevel.mfcc.cov": [[13663.396484375, -3170.814453125, 67.06947326660156, 27.89481544494629, -820.4365844726562, 91.59403228759766, -796.5595703125, -294.3968505859375, 544.0302124023438, 203.60928344726562, 322.40887451171875, -140.61746215820312, -233.11380004882812], [-3170.814453125, 2719.746337890625, -727.565673828125, 202.88497924804688, 432.6099548339844, 71.82540893554688, 399.4141540527344, 193.53736877441406, -73.63941955566406, 89.73722839355469, 17.326257705688477, 210.59268188476562, 152.00070190429688], [67.06947326660156, -727.565673828125, 984.5208129882812, -77.62130737304688, -10.129931449890137, 38.15618896484375, -71.54680633544922, 37.31034851074219, 4.963692665100098, -22.71513557434082, -34.758419036865234, 11.845769882202148, 68.35558319091797], [27.89481544494629, 202.88497924804688, -77.62130737304688, 362.234375, 122.45942687988281, 61.40123748779297, -3.3143577575683594, 43.649864196777344, 34.65375518798828, 17.684070587158203, -6.990244388580322, 78.84982299804688, 64.09847259521484], [-820.4365844726562, 432.6099548339844, -10.129931449890137, 122.45942687988281, 453.9170227050781, 48.98752975463867, 47.340206146240234, 45.58278274536133, 0.7532329559326172, 55.08833312988281, 30.36985206604004, 73.49278259277344, 41.800636291503906], [91.59403228759766, 71.82540893554688, 38.15618896484375, 61.40123748779297, 48.98752975463867, 181.8433837890625, 27.798904418945312, 34.54383850097656, 64.74995422363281, 19.902544021606445, 38.06201934814453, 57.02082443237305, 21.80731964111328], [-796.5595703125, 399.4141540527344, -71.54680633544922, -3.3143577575683594, 47.340206146240234, 27.798904418945312, 331.7845153808594, 111.36112976074219, -55.1097412109375, 38.57475662231445, 36.05177688598633, 80.31229400634766, 73.84172821044922], [-294.3968505859375, 193.53736877441406, 37.31034851074219, 43.649864196777344, 45.58278274536133, 34.54383850097656, 111.36112976074219, 152.60305786132812, -5.257241249084473, 28.18621826171875, 12.47905445098877, 56.28009796142578, 50.27932357788086], [544.0302124023438, -73.63941955566406, 4.963692665100098, 34.65375518798828, 0.7532329559326172, 64.74995422363281, -55.1097412109375, -5.257241249084473, 205.07240295410156, 52.52549362182617, 35.54652786254883, 24.705528259277344, -42.124267578125], [203.60928344726562, 89.73722839355469, -22.71513557434082, 17.684070587158203, 55.08833312988281, 19.902544021606445, 38.57475662231445, 28.18621826171875, 52.52549362182617, 126.28482055664062, 37.37346267700195, 23.486650466918945, 2.6874613761901855], [322.40887451171875, 17.326257705688477, -34.758419036865234, -6.990244388580322, 30.36985206604004, 38.06201934814453, 36.05177688598633, 12.47905445098877, 35.54652786254883, 37.37346267700195, 123.55570220947266, 31.289430618286133, -15.889605522155762], [-140.61746215820312, 210.59268188476562, 11.845769882202148, 78.84982299804688, 73.49278259277344, 57.02082443237305, 80.31229400634766, 56.28009796142578, 24.705528259277344, 23.486650466918945, 31.289430618286133, 137.65872192382812, 56.85415267944336], [-233.11380004882812, 152.00070190429688, 68.35558319091797, 64.09847259521484, 41.800636291503906, 21.80731964111328, 73.84172821044922, 50.27932357788086, -42.124267578125, 2.6874613761901855, -15.889605522155762, 56.85415267944336, 136.3331298828125]], "lowlevel.mfcc.icov": [[0.00016117608174681664, 0.00018382070993538946, 0.0001432277640560642, -6.130323890829459e-05, 0.00021386632579378784, -3.377992834430188e-05, 0.00030879490077495575, -1.8678529158933088e-05, -0.00014520228432957083, -0.0003316111396998167, -0.00040517435991205275, -9.273571049561724e-05, -0.00023975377553142607], [0.00018382070993538946, 0.0009658460621722043, 0.0007655126973986626, 7.01734097674489e-05, -0.0003184178494848311, -0.00013593815674539655, -3.2874795579118654e-05, -0.00040743628051131964, -9.714637417346239e-05, -0.0004246464523021132, 6.27136068942491e-06, -0.000626198248937726, -0.0006516752764582634], [0.0001432277640560642, 0.0007655126973986626, 0.0018337940564379096, 0.0006692477618344128, -0.0003005226026289165, -0.00042277088505215943, 0.0006399710546247661, -0.0008976018871180713, -0.00020449984003789723, -0.00018206883396487683, 0.00026353943394497037, -0.0006227320991456509, -0.0014676901046186686], [-6.130323890829459e-05, 7.01734097674489e-05, 0.0006692477618344128, 0.004071174189448357, -0.0008992116781882942, -0.0006569467950612307, 0.0009387453901581466, -0.0008384839748032391, -0.00045958938426338136, 0.00019377819262444973, 0.0010520874056965113, -0.0015252823941409588, -0.001638273592106998], [0.00021386632579378784, -0.0003184178494848311, -0.0003005226026289165, -0.0008992116781882942, 0.0034044261556118727, -0.00026013213209807873, 0.0007984936237335205, 0.00019185227574780583, 0.00043930235551670194, -0.0015052353264763951, -0.001171500887721777, -0.0005895117647014558, 6.340887921396643e-05], [-3.377992834430188e-05, -0.00013593815674539655, -0.00042277088505215943, -0.0006569467950612307, -0.00026013213209807873, 0.007567651104182005, -0.0003614874731283635, -0.0004836495209019631, -0.002282349858433008, 0.0009485154878348112, -0.0015699566574767232, -0.001163650769740343, -0.0005635382258333266], [0.00030879490077495575, -3.2874795579118654e-05, 0.0006399710546247661, 0.0009387453901581466, 0.0007984936237335205, -0.0003614874731283635, 0.006221215706318617, -0.002721189521253109, 0.0013196136569604278, -0.0017083759885281324, -0.0018203739309683442, -0.0018252750160172582, -0.0017601607833057642], [-1.8678529158933088e-05, -0.00040743628051131964, -0.0008976018871180713, -0.0008384839748032391, 0.00019185227574780583, -0.0004836495209019631, -0.002721189521253109, 0.010257323272526264, -1.6551053704461083e-05, -0.0010372219840064645, 0.00015016012184787542, -0.0009558634483255446, -0.0005924257566221058], [-0.00014520228432957083, -9.714637417346239e-05, -0.00020449984003789723, -0.00045958938426338136, 0.00043930235551670194, -0.002282349858433008, 0.0013196136569604278, -1.6551053704461083e-05, 0.007994767278432846, -0.0029237086419016123, -5.775275894848164e-06, -0.001964084105566144, 0.0030466506723314524], [-0.0003316111396998167, -0.0004246464523021132, -0.00018206883396487683, 0.00019377819262444973, -0.0015052353264763951, 0.0009485154878348112, -0.0017083759885281324, -0.0010372219840064645, -0.0029237086419016123, 0.011377090588212013, -0.0013100751675665379, 0.0009999050525948405, -0.00017307957750745118], [-0.00040517435991205275, 6.27136068942491e-06, 0.00026353943394497037, 0.0010520874056965113, -0.001171500887721777, -0.0015699566574767232, -0.0018203739309683442, 0.00015016012184787542, -5.775275894848164e-06, -0.0013100751675665379, 0.011890205554664135, -0.002320997416973114, 0.0025920739863067865], [-9.273571049561724e-05, -0.000626198248937726, -0.0006227320991456509, -0.0015252823941409588, -0.0005895117647014558, -0.001163650769740343, -0.0018252750160172582, -0.0009558634483255446, -0.001964084105566144, 0.0009999050525948405, -0.002320997416973114, 0.013329611159861088, -0.0031788789201527834], [-0.00023975377553142607, -0.0006516752764582634, -0.0014676901046186686, -0.001638273592106998, 6.340887921396643e-05, -0.0005635382258333266, -0.0017601607833057642, -0.0005924257566221058, 0.0030466506723314524, -0.00017307957750745118, 0.0025920739863067865, -0.0031788789201527834, 0.012972798198461533]], "metadata.audio_properties.analysis.downmix": "mix", "metadata.audio_properties.codec": "mp3", "metadata.audio_properties.md5_encoded": "baecafca04aa3b76247975626449d02c", "metadata.tags.file_name": "1183678796528894002.mp3", "metadata.version.essentia": "2.1-beta6-dev", "metadata.version.essentia_git_sha": "v2.1_beta5-1110-g77a6a954", "metadata.version.extractor": "music 2.0", "tonal.chords_key": "C", "tonal.chords_scale": "minor", "tonal.key_edma.key": "F", "tonal.key_edma.scale": "minor", "tonal.key_krumhansl.key": "F", "tonal.key_krumhansl.scale": "minor", "tonal.key_temperley.key": "F", "tonal.key_temperley.scale": "minor", "metadata.tags.encoding": ["Lavf58.45.100"]}, "essentia_models": [{"model_name": "genre_dortmund", "activations": {"alternative": "0.08613666", "blues": "0.062158883", "electronic": "0.003928026", "folkcountry": "0.5713817