{"song_id": "1183669776095137802", "download": "https://cdn.discordapp.com/attachments/1135903449314238464/1183669776095137802/chirp.mp4?ex=65892d62&amp", "lyrics": "[Verse]\nIn a world of red and blue, there's a tale to be told\nRepublican ignorance, behold the blindfold\nMisguided in their thinking, stuck in their narrow ways\nFacts and reason brushed aside, lost in the partisan haze\n\n[Chorus]\nSwing, swing, to a better understanding\nOpen up your minds, seek some common understanding\nSwing, swing, beyond the ignorance we find\nTogether we can bridge the gap, leave no truth behind", "style": ["Swing"], "essentia_features": {"lowlevel.average_loudness": 0.9728856682777405, "lowlevel.barkbands_crest.mean": 13.603087425231934, "lowlevel.barkbands_crest.stdev": 4.617374897003174, "lowlevel.barkbands_flatness_db.mean": 0.24824897944927216, "lowlevel.barkbands_flatness_db.stdev": 0.05535666644573212, "lowlevel.barkbands_kurtosis.mean": 21.5703125, "lowlevel.barkbands_kurtosis.stdev": 31.194421768188477, "lowlevel.barkbands_skewness.mean": 2.6836435794830322, "lowlevel.barkbands_skewness.stdev": 2.3110997676849365, "lowlevel.barkbands_spread.mean": 10.08410358428955, "lowlevel.barkbands_spread.stdev": 16.921630859375, "lowlevel.dissonance.mean": 0.40346038341522217, "lowlevel.dissonance.stdev": 0.06690371781587601, "lowlevel.dynamic_complexity": 3.517864942550659, "lowlevel.erbbands_crest.mean": 13.26876449584961, "lowlevel.erbbands_crest.stdev": 5.718454837799072, "lowlevel.erbbands_flatness_db.mean": 0.2025005966424942, "lowlevel.erbbands_flatness_db.stdev": 0.0642639547586441, "lowlevel.erbbands_kurtosis.mean": 4.816667556762695, "lowlevel.erbbands_kurtosis.stdev": 6.743924140930176, "lowlevel.erbbands_skewness.mean": 1.2741860151290894, "lowlevel.erbbands_skewness.stdev": 1.358952522277832, "lowlevel.erbbands_spread.mean": 29.27375030517578, "lowlevel.erbbands_spread.stdev": 25.180639266967773, "lowlevel.hfc.mean": 12.240222930908203, "lowlevel.hfc.stdev": 12.381641387939453, "lowlevel.loudness_ebu128.integrated": -15.280253410339355, "lowlevel.loudness_ebu128.loudness_range": 2.361804962158203, "lowlevel.loudness_ebu128.momentary.mean": -15.604179382324219, "lowlevel.loudness_ebu128.momentary.stdev": 1.7805116176605225, "lowlevel.loudness_ebu128.short_term.mean": -15.299895286560059, "lowlevel.loudness_ebu128.short_term.stdev": 0.8257144093513489, "lowlevel.melbands_crest.mean": 17.137611389160156, "lowlevel.melbands_crest.stdev": 5.493900299072266, "lowlevel.melbands_flatness_db.mean": 0.33184725046157837, "lowlevel.melbands_flatness_db.stdev": 0.06789083778858185, "lowlevel.melbands_kurtosis.mean": 36.97996139526367, "lowlevel.melbands_kurtosis.stdev": 54.87675857543945, "lowlevel.melbands_skewness.mean": 3.3097431659698486, "lowlevel.melbands_skewness.stdev": 2.7557928562164307, "lowlevel.melbands_spread.mean": 9.404825210571289, "lowlevel.melbands_spread.stdev": 14.279987335205078, "lowlevel.pitch_salience.mean": 0.47093838453292847, "lowlevel.pitch_salience.stdev": 0.12819425761699677, "lowlevel.silence_rate_20dB.mean": 1.0, "lowlevel.silence_rate_20dB.stdev": 0.0, "lowlevel.silence_rate_30dB.mean": 0.9983805418014526, "lowlevel.silence_rate_30dB.stdev": 0.040209583938121796, "lowlevel.silence_rate_60dB.mean": 0.021052632480859756, "lowlevel.silence_rate_60dB.stdev": 0.14355899393558502, "lowlevel.spectral_centroid.mean": 619.2329711914062, "lowlevel.spectral_centroid.stdev": 653.3501586914062, "lowlevel.spectral_complexity.mean": 7.338461399078369, "lowlevel.spectral_complexity.stdev": 3.5188934803009033, "lowlevel.spectral_decrease.mean": -7.849906502599424e-09, "lowlevel.spectral_decrease.stdev": 6.517751227619328e-09, "lowlevel.spectral_energy.mean": 0.03073754906654358, "lowlevel.spectral_energy.stdev": 0.0253315307199955, "lowlevel.spectral_energyband_high.mean": 0.00019775627879425883, "lowlevel.spectral_energyband_high.stdev": 0.0006576382438652217, "lowlevel.spectral_energyband_low.mean": 0.011481145396828651, "lowlevel.spectral_energyband_low.stdev": 0.017660481855273247, "lowlevel.spectral_energyband_middle_high.mean": 0.002704214071854949, "lowlevel.spectral_energyband_middle_high.stdev": 0.0060575008392333984, "lowlevel.spectral_energyband_middle_low.mean": 0.01731041446328163, "lowlevel.spectral_energyband_middle_low.stdev": 0.017667721956968307, "lowlevel.spectral_entropy.mean": 6.679453372955322, "lowlevel.spectral_entropy.stdev": 0.6862049102783203, "lowlevel.spectral_flux.mean": 0.09464796632528305, "lowlevel.spectral_flux.stdev": 0.06376294791698456, "lowlevel.spectral_kurtosis.mean": 9.676074028015137, "lowlevel.spectral_kurtosis.stdev": 6.380276679992676, "lowlevel.spectral_rms.mean": 0.0050493567250669, "lowlevel.spectral_rms.stdev": 0.002119397511705756, "lowlevel.spectral_rolloff.mean": 735.9292602539062, "lowlevel.spectral_rolloff.stdev": 1453.52685546875, "lowlevel.spectral_skewness.mean": 2.478121757507324, "lowlevel.spectral_skewness.stdev": 0.8877649903297424, "lowlevel.spectral_spread.mean": 4348394.0, "lowlevel.spectral_spread.stdev": 2029799.625, "lowlevel.spectral_strongpeak.mean": 1.112367868423462, "lowlevel.spectral_strongpeak.stdev": 1.2658849954605103, "lowlevel.zerocrossingrate.mean": 0.030078520998358727, "lowlevel.zerocrossingrate.stdev": 0.034122806042432785, "metadata.audio_properties.analysis.equal_loudness": 0.0, "metadata.audio_properties.analysis.length": 28.650657653808594, "metadata.audio_properties.analysis.sample_rate": 44100.0, "metadata.audio_properties.analysis.start_time": 0.0, "metadata.audio_properties.bit_rate": 116713.0, "metadata.audio_properties.length": 28.650667190551758, "metadata.audio_properties.lossless": 0.0, "metadata.audio_properties.number_channels": 1.0, "metadata.audio_properties.replay_gain": -12.013792037963867, "metadata.audio_properties.sample_rate": 48000.0, "rhythm.beats_count": 82.0, "rhythm.beats_loudness.mean": 0.04048319160938263, "rhythm.beats_loudness.stdev": 0.019287684932351112, "rhythm.bpm": 172.26556396484375, "rhythm.bpm_histogram_first_peak_bpm": 172.0, "rhythm.bpm_histogram_first_peak_weight": 0.0, "rhythm.bpm_histogram_second_peak_bpm": 178.0, "rhythm.bpm_histogram_second_peak_spread": 0.0, "rhythm.bpm_histogram_second_peak_weight": 0.23456789553165436, "rhythm.danceability": 1.3921773433685303, "rhythm.onset_rate": 4.953770637512207, "tonal.chords_changes_rate": 0.13106796145439148, "tonal.chords_number_rate": 0.02427184395492077, "tonal.chords_strength.mean": 0.48096928000450134, "tonal.chords_strength.stdev": 0.09291605651378632, "tonal.hpcp_crest.mean": 15.809282302856445, "tonal.hpcp_crest.stdev": 8.37768840789795, "tonal.hpcp_entropy.mean": 1.7644069194793701, "tonal.hpcp_entropy.stdev": 0.8407490849494934, "tonal.key_edma.strength": 0.4560782015323639, "tonal.key_krumhansl.strength": 0.4527947008609772, "tonal.key_temperley.strength": 0.46834662556648254, "tonal.tuning_diatonic_strength": 0.329903781414032, "tonal.tuning_equal_tempered_deviation": 0.1639501452445984, "tonal.tuning_frequency": 443.0604248046875, "tonal.tuning_nontempered_energy_ratio": 0.8553448915481567, "lowlevel.barkbands.mean": [7.937384361866862e-05, 0.006960706785321236, 0.00361225800588727, 0.0017628074856474996, 0.006297398824244738, 0.0020267856307327747, 0.002527100034058094, 0.0036650290712714195, 0.0008006654097698629, 0.0008354355813935399, 0.0005058043752796948, 0.00036674729199148715, 0.0003583367506507784, 0.00023348993272520602, 0.00020152199431322515, 0.00013070786371827126, 0.00011712028208421543, 4.4858414185000584e-05, 9.232695447281003e-06, 1.1345867278578226e-05, 2.033833516179584e-05, 4.1896280890796334e-05, 5.597839117399417e-05, 3.5408029361860827e-05, 2.6661678930395283e-05, 1.038185837387573e-05, 2.1605005429137236e-07], "lowlevel.barkbands.stdev": [0.00014981464482843876, 0.011103826574981213, 0.00752592645585537, 0.0033508245833218098, 0.009268595837056637, 0.004233598243445158, 0.007439870852977037, 0.010396407917141914, 0.0032838282641023397, 0.0030127179343253374, 0.002392302732914686, 0.001559652155265212, 0.0014803004451096058, 0.0008886547875590622, 0.0008038142113946378, 0.0003867200866807252, 0.0003410789358895272, 0.00011549735063454136, 1.714666905172635e-05, 3.0258961487561464e-05, 5.759363921242766e-05, 0.00015153060667216778, 0.00025026907678693533, 0.000138749266625382, 9.305932326242328e-05, 3.7349844205891714e-05, 9.788794841369963e-07], "lowlevel.erbbands.mean": [0.1497351974248886, 1.7411112785339355, 4.405398368835449, 4.988461017608643, 9.327841758728027, 21.80533790588379, 32.82781982421875, 13.391739845275879, 30.78557777404785, 48.458866119384766, 77.47994995117188, 21.485061645507812, 21.18602752685547, 27.25176429748535, 19.27031898498535, 14.223432540893555, 17.10540199279785, 13.487103462219238, 11.628130912780762, 7.9292707443237305, 7.6891326904296875, 6.579666614532471, 3.1737403869628906, 0.667718768119812, 0.48043152689933777, 0.5207905769348145, 0.719227135181427, 0.9340168833732605, 1.4143166542053223, 1.7251487970352173, 1.5492193698883057, 0.91789311170578, 0.5283064246177673, 0.33653736114501953, 0.1665271371603012, 0.06838870793581009, 0.01416619773954153, 0.0014138842234387994, 5.169477663002908e-05, 3.6294470191933215e-05], "lowlevel.erbbands.stdev": [0.22446152567863464, 2.899878978729248, 8.607189178466797, 8.575209617614746, 16.407630920410156, 35.53463363647461, 70.5550308227539, 30.186264038085938, 95.67439270019531, 117.81434631347656, 233.9002685546875, 67.79886627197266, 79.97840881347656, 110.7330322265625, 78.41789245605469, 63.658729553222656, 72.48585510253906, 49.77310562133789, 41.31315994262695, 28.641746520996094, 21.32725715637207, 17.76085662841797, 7.839311599731445, 1.2192363739013672, 1.0183756351470947, 1.342314600944519, 1.9634678363800049, 2.824611186981201, 5.332301616668701, 7.195866584777832, 6.847762584686279, 3.7490174770355225, 2.0590224266052246, 1.2055637836456299, 0.6045708656311035, 0.2527811527252197, 0.04985778033733368, 0.004629735369235277, 0.00012331956531852484, 2.8605820261873305e-05], "lowlevel.gfcc.mean": [-72.46240234375, 129.90304565429688, -74.40989685058594, 30.569326400756836, -61.195987701416016, 21.74187469482422, -40.2277946472168, 5.223128795623779, -13.185469627380371, -1.441725730895996, -14.949688911437988, 0.10155631601810455, -5.258145809173584], "lowlevel.melbands.mean": [0.0016782565508037806, 0.0022839284501969814, 0.0009964611381292343, 0.0010620985412970185, 0.0012052726233378053, 0.000314817123580724, 0.0004919462371617556, 0.0006054741097614169, 0.0005605581682175398, 0.00011015778000000864, 0.00010644927533576265, 0.00011297188029857352, 6.32424489594996e-05, 4.714035094366409e-05, 3.228438436053693e-05, 3.676701817312278e-05, 2.3256921849679202e-05, 1.8976557839778252e-05, 1.3625957762997132e-05, 8.897396583051886e-06, 8.776697541179601e-06, 7.208554961835034e-06, 4.748632363771321e-06, 1.3999505199535633e-06, 4.214923308154539e-07, 3.538314956585964e-07, 3.250635245422018e-07, 3.497462444101984e-07, 4.269406588264246e-07, 4.88171792767389e-07, 5.589705551756197e-07, 7.858914727876254e-07, 8.531010848855658e-07, 9.955795121641131e-07, 9.302255534748838e-07, 7.273984579114767e-07, 5.015831447963137e-07, 3.8756985532018007e-07, 2.985114235798392e-07, 2.768300362276932e-07], "lowlevel.melbands.stdev": [0.0025630437303334475, 0.004021437838673592, 0.0015202577924355865, 0.0015085675986483693, 0.0023999004624783993, 0.0007162454421631992, 0.0014701300533488393, 0.0014675300335511565, 0.00173424300737679, 0.0004118189390283078, 0.00041170514305122197, 0.000463049509562552, 0.0002579286810941994, 0.0001966572308447212, 0.0001422638160875067, 0.00014484739222098142, 9.294349001720548e-05, 7.062077202135697e-05, 6.173837755341083e-05, 2.7007188691641204e-05, 2.4604194550192915e-05, 2.147794839402195e-05, 1.1942275705223437e-05, 3.7624047308781883e-06, 7.688787491133553e-07, 7.274718996086449e-07, 8.73520093591651e-07, 9.876596323010745e-07, 1.2001472668998758e-06, 1.4093276377025177e-06, 1.7565329244462191e-06, 3.0371168122655945e-06, 3.262890686528408e-06, 4.419291599333519e-06, 4.273539616406197e-06, 3.07437289848167e-06, 2.11928545468254e-06, 1.5892178453214e-06, 1.0924851494564791e-06, 9.96549829324067e-07], "lowlevel.melbands128.mean": [6.824505544500425e-05, 0.0008789467974565923, 0.002460934454575181, 0.0030186439398676157, 0.002573502017185092, 0.001578106195665896, 0.0009485158952884376, 0.0009053766261786222, 0.0009270036825910211, 0.0008889012970030308, 0.0012105817440897226, 0.0017123885918408632, 0.001337545458227396, 0.00041115572093985975, 0.0002251229016110301, 0.0002776185283437371, 0.0003950339450966567, 0.0005746055394411087, 0.0005805922555737197, 0.00041974589112214744, 0.0006996360025368631, 0.000918177654966712, 0.0005857423529960215, 0.00016568577848374844, 8.68752904352732e-05, 0.00011066157458117232, 7.605479913763702e-05, 0.00011263131455052644, 0.0001144182460848242, 0.00013584890984930098, 0.00011356983304722235, 7.23514094715938e-05, 4.3833060772158206e-05, 7.917504262877628e-05, 5.052263804827817e-05, 4.014220030512661e-05, 3.4864489862229675e-05, 2.3101878468878567e-05, 3.7317655369406566e-05, 4.5757897169096395e-05, 3.461765663814731e-05, 2.7627003873931244e-05, 2.509844307496678e-05, 2.0073264749953523e-05, 1.7694270354695618e-05, 2.2570702640223317e-05, 1.4950911463529337e-05, 1.5194513252936304e-05, 1.3040447811363265e-05, 7.42810743759037e-06, 7.1080403358791955e-06, 1.2307178621995263e-05, 8.788184459262993e-06, 7.024198566796258e-06, 8.951323252404109e-06, 7.271546564879827e-06, 6.072550149838207e-06, 5.381938990467461e-06, 4.652443294617115e-06, 2.6123691441171104e-06, 1.0810661024152068e-06, 6.266527634579688e-07, 4.79044047096977e-07, 3.38180853987069e-07, 3.633627159160824e-07, 3.7060243585074204e-07, 3.3907926422216406e-07, 3.2557025519963645e-07, 3.2976964803310693e-07, 3.140369813081634e-07, 2.864660473278491e-07, 4.2849589476645633e-07, 4.2364064256616984e-07, 4.111343798740563e-07, 4.357787020126125e-07, 5.164224603504408e-07, 4.916703346680151e-07, 4.7285448090406135e-07, 5.542024723581562e-07, 6.438359037019836e-07, 7.696153829783725e-07, 8.773383797233691e-07, 7.857832429181144e-07, 7.90489991686627e-07, 9.334543165095965e-07, 1.0891167221416254e-06, 9.372064937451796e-07, 9.98335281110485e-07, 9.379268703924026e-07, 9.087467560675577e-07, 7.939774491205753e-07, 7.101231176420697e-07, 5.365142783375632e-07, 5.177952289159293e-07, 4.464629341782711e-07, 4.4925459974365367e-07, 3.649109316938848e-07, 3.2892654644456343e-07, 2.7472680130813387e-07, 2.957226570288185e-07, 3.176224367962277e-07, 2.67226425876288e-07, 2.432244059491495e-07, 2.1866497945666197e-07, 1.911410976163097e-07, 1.4883219989769714e-07, 1.575273955722878e-07, 1.2469553212213214e-07, 1.1927456000648817e-07, 1.1713872538621217e-07, 7.388626954707433e-08, 5.0213298408152696e-08, 3.8299841520483824e-08, 2.581902691645155e-08, 1.8156363523758046e-08, 1.4309475382390247e-08, 6.962726839532252e-09, 2.0331065719858543e-09, 4.149576515732889e-10, 1.4535326935127824e-11, 1.4268913307857733e-11, 7.307480141827138e-12, 3.800525866237692e-12, 3.732349065227458e-12, 3.650386416753637e-12, 3.552000924292309e-12, 3.4934722215745895e-12, 3.47015797173833e-12], "lowlevel.melbands128.stdev": [0.00013621702964883298, 0.001417799387127161, 0.003836891148239374, 0.005374717526137829, 0.005085341166704893, 0.003330889390781522, 0.001888123806566, 0.0018062725430354476, 0.0020430295262485743, 0.001975990366190672, 0.002328482223674655, 0.003888468025252223, 0.0032605561427772045, 0.0010534841567277908, 0.0007066632388159633, 0.0011463351547718048, 0.0017841145163401961, 0.002154446206986904, 0.002184309996664524, 0.001484281150624156, 0.002434250432997942, 0.0031578796915709972, 0.0023479622323065996, 0.0010806352365761995, 0.00038328272057697177, 0.0006100024911575019, 0.0005300915800035, 0.00057027000002563, 0.0005170785007067025, 0.000735929817892611, 0.0006586676463484764, 0.0005242740735411644, 0.00024925830075517297, 0.0005117944092489779, 0.0002536696847528219, 0.0002498255926184356, 0.0002609273069538176, 0.00015598087338730693, 0.0002507308963686228, 0.00027848989702761173, 0.00017206466873176396, 0.000161800577188842, 0.00016391406825277954, 8.990821515908465e-05, 7.575334893772379e-05, 0.00013416593719739467, 7.616604852955788e-05, 0.00010393586853751913, 9.108535596169531e-05, 3.372127321199514e-05, 2.8594697141670622e-05, 5.4622480092803016e-05, 3.393307270016521e-05, 2.5013669073814526e-05, 4.5910768676549196e-05, 2.5334713427582756e-05, 2.3345030058408156e-05, 1.8586219084681943e-05, 1.330949817202054e-05, 1.040357892634347e-05, 3.1690292416897137e-06, 1.7783102066459833e-06, 1.2943194178660633e-06, 6.47628382921539e-07, 8.487793365929974e-07, 9.043849900081113e-07, 8.736281529309053e-07, 9.473649242863758e-07, 1.0735004707385087e-06, 9.4788265414536e-07, 7.529943673034722e-07, 1.8433373725201818e-06, 1.2443150581020745e-06, 1.2385254422042635e-06, 1.5272003111022059e-06, 1.5044347492221277e-06, 1.6143379752975306e-06, 1.5007231013441924e-06, 2.0156128357484704e-06, 2.219046109530609e-06, 2.492909970897017e-06, 4.7781386456335895e-06, 2.9069583433738444e-06, 3.2119551178766415e-06, 3.995205588580575e-06, 5.1780198191409e-06, 4.353595159045653e-06, 5.024357051297557e-06, 4.567950782075059e-06, 4.285342129151104e-06, 3.789932179643074e-06, 3.0532082746503875e-06, 2.269106289531919e-06, 2.409049329799018e-06, 1.9623046227934537e-06, 2.2256542706600158e-06, 1.4913081258782768e-06, 1.3760310366706108e-06, 1.0103859722221387e-06, 1.2194715282021207e-06, 1.2310573538343306e-06, 1.0265335959047661e-06, 8.913750662031816e-07, 8.516128104929521e-07, 8.469465910820873e-07, 5.590527507592924e-07, 5.819350690217107e-07, 4.629084173757292e-07, 4.6008688059373526e-07, 5.197939572099131e-07, 2.9161938641664165e-07, 2.0258890742752556e-07, 1.487838403591013e-07, 8.715086607935518e-08, 6.413743847133446e-08, 5.7657828733681527e-08, 3.0221535496366414e-08, 1.3824599243150715e-08, 3.471372966856734e-09, 3.429881378913535e-10, 3.3756347717073254e-10, 1.1472465338835391e-10, 5.948945763084579e-12, 5.846440952889109e-12, 5.7597360041128365e-12, 5.6909255953530025e-12, 5.640754790342539e-12, 5.6099231163231345e-12], "lowlevel.mfcc.mean": [-728.2890625, 157.12686157226562, 42.388450622558594, 18.158456802368164, 11.369231224060059, 13.396815299987793, -7.660691738128662, 7.068210601806641, 4.172701835632324, -3.319648265838623, 0.7224528193473816, 3.564116954803467, -2.564600944519043], "lowlevel.spectral_contrast_coeffs.mean": [-0.6770541667938232, -0.6999264359474182, -0.7641320824623108, -0.7940242886543274, -0.812274694442749, -0.7938973903656006], "lowlevel.spectral_contrast_coeffs.stdev": [0.08780208975076675, 0.11656828224658966, 0.09268747270107269, 0.07824727892875671, 0.057334888726472855, 0.03518686071038246], "lowlevel.spectral_contrast_valleys.mean": [-6.605892658233643, -7.34214973449707, -8.237746238708496, -8.734525680541992, -9.03014850616455, -11.019822120666504], "lowlevel.spectral_contrast_valleys.stdev": [0.6687707901000977, 0.6755892038345337, 0.6616736054420471, 0.7197657227516174, 0.6146577000617981, 0.7564427256584167], "rhythm.beats_loudness_band_ratio.mean": [0.5668888092041016, 0.239111989736557, 0.16458585858345032, 0.04903795197606087, 0.01870529167354107, 0.003807689994573593], "rhythm.beats_loudness_band_ratio.stdev": [0.2900574505329132, 0.20432302355766296, 0.21146729588508606, 0.10356967896223068, 0.03181013464927673, 0.008002644404768944], "tonal.hpcp.mean": [0.0889202430844307, 0.08088210970163345, 0.09816478192806244, 0.11070743948221207, 0.09448916465044022, 0.10896522551774979, 0.12340701371431351, 0.10197984427213669, 0.10345303267240524, 0.1227753683924675, 0.13123121857643127, 0.12635569274425507, 0.11854717135429382, 0.10933591425418854, 0.1176382377743721, 0.11991510540246964, 0.08945272117853165, 0.0779816284775734, 0.06319984048604965, 0.03886297345161438, 0.04077640175819397, 0.05119480937719345, 0.08082006871700287, 0.1319965422153473, 0.10924327373504639, 0.05283987149596214, 0.061076365411281586, 0.07550026476383209, 0.09286195039749146, 0.13515891134738922, 0.126992329955101, 0.08698329329490662, 0.07865890860557556, 0.07255619764328003, 0.07754971086978912, 0.09249109774827957], "tonal.hpcp.stdev": [0.21970602869987488, 0.20578305423259735, 0.2216271609067917, 0.25463736057281494, 0.22104451060295105, 0.23341140151023865, 0.2513531446456909, 0.22994865477085114, 0.23848754167556763, 0.26200446486473083, 0.2759728729724884, 0.2646563947200775, 0.26044002175331116, 0.238509863615036, 0.2571607232093811, 0.25958627462387085, 0.21638847887516022, 0.20848430693149567, 0.18783386051654816, 0.14149582386016846, 0.1298024207353592, 0.15176597237586975, 0.19549614191055298, 0.27481287717819214, 0.22935540974140167, 0.15365806221961975, 0.18378058075904846, 0.21056875586509705, 0.21953871846199036, 0.2829909324645996, 0.2632894217967987, 0.20988819003105164, 0.20976833999156952, 0.19745157659053802, 0.20148152112960815, 0.23332664370536804], "rhythm.beats_position": [0.3250793516635895, 0.6733786463737488, 1.0216779708862305, 1.369977355003357, 1.7182766199111938, 2.0665760040283203, 2.426485300064087, 2.774784564971924, 3.111473798751831, 3.459773063659668, 3.808072566986084, 4.156371593475342, 4.504671096801758, 4.852970600128174, 5.201269626617432, 5.537959098815918, 5.886258602142334, 6.222947597503662, 6.571247100830078, 6.9079365730285645, 7.256235599517822, 7.592925071716309, 7.941224575042725, 8.28952407836914, 8.637823104858398, 8.986122131347656, 9.334421157836914, 9.671111106872559, 10.007800102233887, 10.332880020141602, 10.704399108886719, 11.052698135375977, 11.400997161865234, 11.737687110900879, 12.085986137390137, 12.445895195007324, 12.794195175170898, 13.119274139404297, 13.467573165893555, 13.827483177185059, 14.175782203674316, 14.512471199035645, 14.860771179199219, 15.209070205688477, 15.557369232177734, 15.88244915008545, 16.23074722290039, 16.57904815673828, 16.92734718322754, 17.275646209716797, 17.623945236206055, 17.960634231567383, 18.29732322692871, 18.634014129638672, 18.970703125, 19.319002151489258, 19.667301177978516, 20.015600204467773, 20.36389923095703, 20.71219825744629, 21.06049919128418, 21.408798217773438, 21.757097244262695, 22.128616333007812, 22.46530532836914, 22.80199432373047, 23.15029525756836, 23.498594284057617, 23.846893310546875, 24.183582305908203, 24.52027130126953, 24.86857032775879, 25.216869354248047, 25.565170288085938, 25.913469314575195, 26.261768341064453, 26.61006736755371, 26.94675636291504, 27.283445358276367, 27.631746292114258, 27.980045318603516, 28.328344345092773], "rhythm.bpm_histogram": [0.0, 0.0, 0.0, 0.0, 0.0, 0.0, 0.0, 0.0, 0.0, 0.0, 0.0, 0.0, 0.0, 0.0, 0.0, 0.0, 0.0, 0.0, 0.0, 0.0, 0.0, 0.0, 0.0, 0.0, 0.0, 0.0, 0.0, 0.0, 0.0, 0.0, 0.0, 0.0, 0.0, 0.0, 0.0, 0.0, 0.0, 0.0, 0.0, 0.0, 0.0, 0.0, 0.0, 0.0, 0.0, 0.0, 0.0, 0.0, 0.0, 0.0, 0.0, 0.0, 0.0, 0.0, 0.0, 0.0, 0.0, 0.0, 0.0, 0.0, 0.0, 0.0, 0.0, 0.0, 0.0, 0.0, 0.0, 0.0, 0.0, 0.0, 0.0, 0.0, 0.0, 0.0, 0.0, 0.0, 0.0, 0.0, 0.0, 0.0, 0.0, 0.0, 0.0, 0.0, 0.0, 0.0, 0.0, 0.0, 0.0, 0.0, 0.0, 0.0, 0.0, 0.0, 0.0, 0.0, 0.0, 0.0, 0.0, 0.0, 0.0, 0.0, 0.0, 0.0, 0.0, 0.0, 0.0, 0.0, 0.0, 0.0, 0.0, 0.0, 0.0, 0.0, 0.0, 0.0, 0.0, 0.0, 0.0, 0.0, 0.0, 0.0, 0.0, 0.0, 0.0, 0.0, 0.0, 0.0, 0.0, 0.0, 0.0, 0.0, 0.0, 0.0, 0.0, 0.0, 0.0, 0.0, 0.0, 0.0, 0.0, 0.0, 0.0, 0.0, 0.0, 0.0, 0.0, 0.0, 0.0, 0.0, 0.0, 0.0, 0.0, 0.0, 0.0, 0.0, 0.0, 0.0, 0.0, 0.0, 0.0, 0.02469135820865631, 0.0, 0.0, 0.0, 0.0, 0.0, 0.03703703731298447, 0.0, 0.0, 0.0, 0.0, 0.6666666865348816, 0.0, 0.0, 0.0, 0.0, 0.0, 0.23456789553165436, 0.0, 0.0, 0.0, 0.0, 0.0, 0.0, 0.03703703731298447, 0.0, 0.0, 0.0, 0.0, 0.0, 0.0, 0.0, 0.0, 0.0, 0.0, 0.0, 0.0, 0.0, 0.0, 0.0, 0.0, 0.0, 0.0, 0.0, 0.0, 0.0, 0.0, 0.0, 0.0, 0.0, 0.0, 0.0, 0.0, 0.0, 0.0, 0.0, 0.0, 0.0, 0.0, 0.0, 0.0, 0.0, 0.0, 0.0, 0.0, 0.0, 0.0, 0.0, 0.0, 0.0, 0.0, 0.0, 0.0, 0.0, 0.0, 0.0, 0.0, 0.0, 0.0, 0.0, 0.0, 0.0, 0.0, 0.0, 0.0, 0.0, 0.0, 0.0, 0.0], "tonal.chords_histogram": [0.9708737730979919, 0.0, 2.7508089542388916, 4.368932247161865, 5.339805603027344, 2.103559970855713, 6.796116352081299, 10.355986595153809, 0.0, 12.783171653747559, 8.899676322937012, 0.48543688654899597, 0.16181229054927826, 1.9417475461959839, 1.1326861381530762, 0.8090614676475525, 0.0, 6.148867130279541, 0.16181229054927826, 6.148867130279541, 8.899676322937012, 12.783171653747559, 6.957928657531738, 0.0], "tonal.thpcp": [1.0, 0.9395779371261597, 0.6435631513595581, 0.5819735527038574, 0.5368214249610901, 0.5737668871879578, 0.6843137145042419, 0.6578940749168396, 0.5984223484992981, 0.7262915968894958, 0.8190909624099731, 0.6990967988967896, 0.8062008023262024, 0.9130512475967407, 0.7545180916786194, 0.765417754650116, 0.9083778858184814, 0.9709401726722717, 0.9348676204681396, 0.8770947456359863, 0.8089434504508972, 0.8703698515892029, 0.8872156739234924, 0.6618337035179138, 0.5769625306129456, 0.46759656071662903, 0.2875353991985321, 0.30169227719306946, 0.3787749409675598, 0.597963273525238, 0.9766026139259338, 0.8082579970359802, 0.39094626903533936, 0.4518856108188629, 0.5586037039756775, 0.6870575547218323], "lowlevel.gfcc.cov": [[3835.2314453125, -154.57501220703125, -824.0313110351562, -425.60540771484375, -60.862483978271484, -87.62933349609375, -196.6066436767578, 181.00750732421875, 263.8475036621094, 51.05387496948242, -154.9967041015625, 50.09928894042969, -37.07699966430664], [-154.57501220703125, 1475.5679931640625, -312.1322021484375, -562.6648559570312, 33.29411315917969, -232.05596923828125, 37.35108184814453, -122.09119415283203, 149.09754943847656, -181.93006896972656, 161.05189514160156, -107.53205108642578, 112.25955963134766], [-824.0313110351562, -312.1322021484375, 1098.5889892578125, 484.2248229980469, 20.866497039794922, 107.2373275756836, 121.40508270263672, -37.22914505004883, -205.4042510986328, 75.35523223876953, -0.0668843612074852, 66.35809326171875, -52.42485046386719], [-425.60540771484375, -562.6648559570312, 484.2248229980469, 717.1807861328125, 83.19219970703125, -4.791595935821533, -68.70489501953125, 24.28982925415039, -87.87040710449219, 21.34098243713379, -50.43497085571289, 51.567378997802734, 15.419583320617676], [-60.862483978271484, 33.29411315917969, 20.866497039794922, 83.19219970703125, 308.141357421875, 64.04244232177734, -37.01567077636719, -11.517208099365234, -14.902986526489258, 10.907768249511719, -25.746967315673828, -5.512596130371094, -2.285642623901367], [-87.62933349609375, -232.05596923828125, 107.2373275756836, -4.791595935821533, 64.04244232177734, 337.0309753417969, 159.7774200439453, 2.593275785446167, -93.6796875, 79.42123413085938, 5.042529106140137, -15.807503700256348, -67.61793518066406], [-196.6066436767578, 37.35108184814453, 121.40508270263672, -68.70489501953125, -37.01567077636719, 159.7774200439453, 259.03802490234375, 36.93006134033203, -76.90757751464844, 13.742828369140625, 46.308876037597656, 0.271150141954422, -42.75318145751953], [181.00750732421875, -122.09119415283203, -37.22914505004883, 24.28982925415039, -11.517208099365234, 2.593275785446167, 36.93006134033203, 154.83155822753906, 59.070838928222656, 8.554818153381348, -25.1419677734375, 13.905741691589355, -11.310585975646973], [263.8475036621094, 149.09754943847656, -205.4042510986328, -87.87040710449219, -14.902986526489258, -93.6796875, -76.90757751464844, 59.070838928222656, 207.96791076660156, 11.88148307800293, -12.439976692199707, -29.52540397644043, 36.69441223144531], [51.05387496948242, -181.93006896972656, 75.35523223876953, 21.34098243713379, 10.907768249511719, 79.42123413085938, 13.742828369140625, 8.554818153381348, 11.88148307800293, 135.42474365234375, -3.808337450027466, -9.05731201171875, -38.28202819824219], [-154.9967041015625, 161.05189514160156, -0.0668843612074852, -50.43497085571289, -25.746967315673828, 5.042529106140137, 46.308876037597656, -25.1419677734375, -12.439976692199707, -3.808337450027466, 107.13926696777344, 7.081545352935791, 7.6994500160217285], [50.09928894042969, -107.53205108642578, 66.35809326171875, 51.567378997802734, -5.512596130371094, -15.807503700256348, 0.271150141954422, 13.905741691589355, -29.52540397644043, -9.05731201171875, 7.081545352935791, 97.42273712158203, 22.05719566345215], [-37.07699966430664, 112.25955963134766, -52.42485046386719, 15.419583320617676, -2.285642623901367, -67.61793518066406, -42.75318145751953, -11.310585975646973, 36.69441223144531, -38.28202819824219, 7.6994500160217285, 22.05719566345215, 105.03103637695312]], "lowlevel.gfcc.icov": [[0.0004020986962132156, -0.00011860123777296394, 0.0002685943618416786, 7.001820631558076e-05, 0.00016389066877309233, -0.0001614350185263902, 0.00033021607669070363, -0.00032137311063706875, -0.00010189624299528077, -0.00030576804419979453, 0.0006170186097733676, -0.0007298496784642339, 0.0004241317801643163], [-0.00011860123777296394, 0.0039871917106211185, -0.0012642015935853124, 0.0029280525632202625, -0.0025144824758172035, 0.0028635470662266016, -0.0024277959018945694, 0.0024057975970208645, -0.002621968975290656, 0.003939471673220396, -0.004173289518803358, 0.004206720273941755, -0.0025303151924163103], [0.0002685943618416786, -0.0012642015935853124, 0.002373415743932128, -0.0020728562958538532, 0.0009106160723604262, -0.00046185593237169087, -0.0003949232050217688, -3.085680145886727e-05, 0.0014021109091117978, -0.0023575350642204285, 0.0018444241723045707, -0.002338818274438381, 0.001500224694609642], [7.001820631558076e-05, 0.0029280525632202625, -0.0020728562958538532, 0.004863750655204058, -0.002197579015046358, 0.0019069218542426825, -1.7375259631080553e-05, 6.425686297006905e-05, -0.0008964378503151238, 0.002767653437331319, -0.0026114932261407375, 0.0030173223931342363, -0.0027941244188696146], [0.00016389066877309233, -0.0025144824758172035, 0.0009106160723604262, -0.002197579015046358, 0.005407049786299467, -0.0032583565916866064, 0.0027484295424073935, -0.0014494049828499556, 0.0015799757093191147, -0.0021132484544068575, 0.0030809566378593445, -0.002623229753226042, 0.0015079863369464874], [-0.0001614350185263902, 0.0028635470662266016, -0.00046185593237169087, 0.0019069218542426825, -0.0032583565916866064, 0.008425713516771793, -0.005595964379608631, 0.0022605087142437696, -3.6399596865521744e-06, -0.0005162385059520602, -0.002057955600321293, 0.0037830995861440897, -0.0011395384790375829], [0.00033021607669070363, -0.0024277959018945694, -0.0003949232050217688, -1.7375259631080553e-05, 0.0027484295424073935, -0.005595964379608631, 0.010871239937841892, -0.0059232283383607864, 0.0037981222849339247, -0.0008669027010910213, -0.0006310847238637507, -0.0017386191757395864, 0.0015298482030630112], [-0.00032137311063706875, 0.0024057975970208645, -3.085680145886727e-05, 6.425686297006905e-05, -0.0014494049828499556, 0.0022605087142437696, -0.0059232283383607864, 0.012530248612165451, -0.006590572185814381, 0.002813093364238739, 0.0002957214892376214, -0.0006865569739602506, 0.001102746813558042], [-0.00010189624299528077, -0.002621968975290656, 0.0014021109091117978, -0.0008964378503151238, 0.0015799757093191147, -3.6399596865521744e-06, 0.0037981222849339247, -0.006590572185814381, 0.012245751917362213, -0.005814116448163986, 0.0018639520276337862, 0.001260091899894178, -0.0023324284702539444], [-0.00030576804419979453, 0.003939471673220396, -0.0023575350642204285, 0.002767653437331319, -0.0021132484544068575, -0.0005162385059520602, -0.0008669027010910213, 0.002813093364238739, -0.005814116448163986, 0.014870122075080872, -0.004962264560163021, 0.0038729067891836166, 0.0006717367796227336], [0.0006170186097733676, -0.004173289518803358, 0.0018444241723045707, -0.0026114932261407375, 0.0030809566378593445, -0.002057955600321293, -0.0006310847238637507, 0.0002957214892376214, 0.0018639520276337862, -0.004962264560163021, 0.01676980033516884, -0.0066108666360378265, 0.002198574598878622], [-0.0007298496784642339, 0.004206720273941755, -0.002338818274438381, 0.0030173223931342363, -0.002623229753226042, 0.0037830995861440897, -0.0017386191757395864, -0.0006865569739602506, 0.001260091899894178, 0.0038729067891836166, -0.0066108666360378265, 0.01870906352996826, -0.00724048400297761], [0.0004241317801643163, -0.0025303151924163103, 0.001500224694609642, -0.0027941244188696146, 0.0015079863369464874, -0.0011395384790375829, 0.0015298482030630112, 0.001102746813558042, -0.0023324284702539444, 0.0006717367796227336, 0.002198574598878622, -0.00724048400297761, 0.015993962064385414]], "lowlevel.mfcc.cov": [[3868.719970703125, -186.46578979492188, -933.0819702148438, -411.795166015625, 6.228349208831787, -245.3504638671875, -441.7066955566406, 17.57975196838379, 168.5307159423828, 15.037593841552734, 90.98355865478516, 26.83148765563965, 0.8999882340431213], [-186.46578979492188, 1567.1826171875, -347.9031066894531, -372.0718078613281, -109.16932678222656, -148.56231689453125, -76.135009765625, -27.296581268310547, -44.906219482421875, -74.535888671875, 38.645172119140625, 19.808218002319336, -51.57826614379883], [-933.0819702148438, -347.9031066894531, 925.455322265625, 346.203125, -50.372379302978516, 122.93057250976562, 198.75241088867188, 9.463549613952637, -59.144187927246094, 21.42997932434082, -48.744258880615234, -16.69776725769043, 52.602176666259766], [-411.795166015625, -372.0718078613281, 346.203125, 560.4388427734375, 173.56736755371094, -27.422883987426758, -29.694103240966797, -1.264277458190918, 2.691223382949829, -31.927349090576172, -116.0876235961914, -0.5422260761260986, 43.05258560180664], [6.228349208831787, -109.16932678222656, -50.372379302978516, 173.56736755371094, 316.2994384765625, 51.69694519042969, -65.12036895751953, -34.75900650024414, 29.318517684936523, 13.250299453735352, -58.81229782104492, 1.8613508939743042, 14.603959083557129], [-245.3504638671875, -148.56231689453125, 122.93057250976562, -27.422883987426758, 51.69694519042969, 256.7311706542969, 171.45977783203125, -25.260522842407227, -23.395544052124023, 34.15207290649414, 23.866775512695312, -7.792458534240723, -14.603503227233887], [-441.7066955566406, -76.135009765625, 198.75241088867188, -29.694103240966797, -65.12036895751953, 171.45977783203125, 355.6462707519531, 68.67793273925781, -55.01370620727539, 14.6049165725708, 49.458213806152344, -15.262090682983398, -25.16775894165039], [17.57975196838379, -27.296581268310547, 9.463549613952637, -1.264277458190918, -34.75900650024414, -25.260522842407227, 68.67793273925781, 141.49346923828125, 32.3859748840332, -14.718334197998047, 4.13046407699585, 3.996812343597412, 16.171327590942383], [168.5307159423828, -44.906219482421875, -59.144187927246094, 2.691223382949829, 29.318517684936523, -23.395544052124023, -55.01370620727539, 32.3859748840332, 127.6527328491211, 43.0789909362793, -2.6315977573394775, -3.5892679691314697, 18.5518741607666], [15.037593841552734, -74.535888671875, 21.42997932434082, -31.927349090576172, 13.250299453735352, 34.15207290649414, 14.6049165725708, -14.718334197998047, 43.0789909362793, 159.47979736328125, 61.532169342041016, -17.980764389038086, -0.47292560338974], [90.98355865478516, 38.645172119140625, -48.744258880615234, -116.0876235961914, -58.81229782104492, 23.866775512695312, 49.458213806152344, 4.13046407699585, -2.6315977573394775, 61.532169342041016, 124.03447723388672, 17.186065673828125, -20.47024154663086], [26.83148765563965, 19.808218002319336, -16.69776725769043, -0.5422260761260986, 1.8613508939743042, -7.792458534240723, -15.262090682983398, 3.996812343597412, -3.5892679691314697, -17.980764389038086, 17.186065673828125, 79.44274139404297, 31.20691680908203], [0.8999882340431213, -51.57826614379883, 52.602176666259766, 43.05258560180664, 14.603959083557129, -14.603503227233887, -25.16775894165039, 16.171327590942383, 18.5518741607666, -0.47292560338974, -20.47024154663086, 31.20691680908203, 87.30377197265625]], "lowlevel.mfcc.icov": [[0.00044003763468936086, 0.0002202143077738583, 0.00027811957988888025, 0.0002881969267036766, -5.7224504416808486e-05, 0.00015419114788528532, 0.0004154099151492119, -0.0001337865978712216, -0.0001880185736808926, 0.0002086232852889225, -0.00036849381285719573, 0.00011377766350051388, -9.021654113894328e-05], [0.0002202143077738583, 0.0010041899513453245, 9.97959723463282e-05, 0.0008948587928898633, -0.0003045775811187923, 0.0009111667168326676, -3.840333374682814e-05, 0.0002920444239862263, 2.87814145849552e-05, 0.0004704377497546375, -6.829552876297385e-05, -0.00021227482648100704, 0.00028407314675860107], [0.00027811957988888025, 9.97959723463282e-05, 0.0025074295699596405, -0.0016960941720753908, 0.0015531124081462622, -0.0010076479520648718, -0.0004400680772960186, 0.00014547382306773216, 0.0005801448132842779, -0.0007498475606553257, 0.0003404302697163075, 0.0005149194039404392, -0.0014320181217044592], [0.0002881969267036766, 0.0008948587928898633, -0.0016960941720753908, 0.004956402815878391, -0.002871174132451415, 0.002596119651570916, -0.00017385499086230993, 0.00017647094500716776, -0.00026588639593683183, 0.000715017959009856, 0.0015410836786031723, -0.0007995120249688625, 0.000642690691165626], [-5.7224504416808486e-05, -0.0003045775811187923, 0.0015531124081462622, -0.002871174132451415, 0.006136287469416857, -0.00335368188098073, 0.0012335969367995858, -1.7744408978614956e-05, -0.00013564658001996577, -0.0015974532580003142, 0.001940155285410583, -0.0005145597388036549, -0.0002687763189896941], [0.00015419114788528532, 0.0009111667168326676, -0.0010076479520648718, 0.002596119651570916, -0.00335368188098073, 0.00958084873855114, -0.005025672726333141, 0.003857143921777606, -0.001213555340655148, 0.0003254975890740752, 6.718192162225023e-05, -0.0007736069965176284, 0.0004158829397056252], [0.0004154099151492119, -3.840333374682814e-05, -0.0004400680772960186, -0.00017385499086230993, 0.0012335969367995858, -0.005025672726333141, 0.008040662854909897, -0.005263529252260923, 0.0027032969519495964, -0.00012332398910075426, -0.0019603664986789227, 0.0011384246172383428, 0.00112812127918005], [-0.0001337865978712216, 0.0002920444239862263, 0.00014547382306773216, 0.00017647094500716776, -1.7744408978614956e-05, 0.003857143921777606, -0.005263529252260923, 0.011971733532845974, -0.004748763982206583, 0.0023980196565389633, -0.0004843929491471499, 6.788101745769382e-05, -0.0022032354027032852], [-0.0001880185736808926, 2.87814145849552e-05, 0.0005801448132842779, -0.00026588639593683183, -0.00013564658001996577, -0.001213555340655148, 0.0027032969519495964, -0.004748763982206583, 0.012227297760546207, -0.0043418086133897305, 0.001503489911556244, 0.0005261520855128765, -0.001178218750283122], [0.0002086232852889225, 0.0004704377497546375, -0.0007498475606553257, 0.000715017959009856, -0.0015974532580003142, 0.0003254975890740752, -0.00012332398910075426, 0.0023980196565389633, -0.0043418086133897305, 0.011633496731519699, -0.007633225992321968, 0.0045410748571157455, -0.002210443140938878], [-0.00036849381285719573, -6.829552876297385e-05, 0.0003404302697163075, 0.0015410836786031723, 0.001940155285410583, 6.718192162225023e-05, -0.0019603664986789227, -0.0004843929491471499, 0.001503489911556244, -0.007633225992321968, 0.017210137099027634, -0.007318111602216959, 0.004499980714172125], [0.00011377766350051388, -0.00021227482648100704, 0.0005149194039404392, -0.0007995120249688625, -0.0005145597388036549, -0.0007736069965176284, 0.0011384246172383428, 6.788101745769382e-05, 0.0005261520855128765, 0.0045410748571157455, -0.007318111602216959, 0.018740689381957054, -0.008272277191281319], [-9.021654113894328e-05, 0.00028407314675860107, -0.0014320181217044592, 0.000642690691165626, -0.0002687763189896941, 0.0004158829397056252, 0.00112812127918005, -0.0022032354027032852, -0.001178218750283122, -0.002210443140938878, 0.004499980714172125, -0.008272277191281319, 0.017267201095819473]], "metadata.audio_properties.analysis.downmix": 