{"song_id": "1183703655740882975", "download": "https://cdn.discordapp.com/attachments/1128313332273782784/1183703655740882975/chirp.mp4?ex=65894cef&amp", "lyrics": "[Verse]\nVesela pjesma, puna sre\u0107e i smijeha\nMi pjevamo zajedno, veselimo se svi\nSvje\u017ea proljetna jutra, sunce nas zove van\nUz ovu pjesmu, nije nam ni\u0161ta te\u0161ko plan\n\n[Chorus]\nHej, hej, djeco vesela\nPjevajmo zajedno, plesimo svi skupa\nHej, hej, djeco nek se \u010duje sretan glas\nVesela pjesma o\u017eivljava na\u0161a srca \u010das", "style": ["Female vocalist</span><span>, folk</span><span>, like Judy collins"], "essentia_features": {"lowlevel.average_loudness": 0.9254887700080872, "lowlevel.barkbands_crest.mean": 9.910625457763672, "lowlevel.barkbands_crest.stdev": 4.1365647315979, "lowlevel.barkbands_flatness_db.mean": 0.20086073875427246, "lowlevel.barkbands_flatness_db.stdev": 0.06342969834804535, "lowlevel.barkbands_kurtosis.mean": 3.027772903442383, "lowlevel.barkbands_kurtosis.stdev": 8.319778442382812, "lowlevel.barkbands_skewness.mean": 0.3703118562698364, "lowlevel.barkbands_skewness.stdev": 1.6039185523986816, "lowlevel.barkbands_spread.mean": 16.975557327270508, "lowlevel.barkbands_spread.stdev": 10.895853996276855, "lowlevel.dissonance.mean": 0.4636399447917938, "lowlevel.dissonance.stdev": 0.04315533861517906, "lowlevel.dynamic_complexity": 6.860011100769043, "lowlevel.erbbands_crest.mean": 10.240532875061035, "lowlevel.erbbands_crest.stdev": 4.062276840209961, "lowlevel.erbbands_flatness_db.mean": 0.2607598602771759, "lowlevel.erbbands_flatness_db.stdev": 0.05797503516077995, "lowlevel.erbbands_kurtosis.mean": 1.6409971714019775, "lowlevel.erbbands_kurtosis.stdev": 4.173273086547852, "lowlevel.erbbands_skewness.mean": 0.03707399219274521, "lowlevel.erbbands_skewness.stdev": 1.173654556274414, "lowlevel.erbbands_spread.mean": 24.62194061279297, "lowlevel.erbbands_spread.stdev": 14.118354797363281, "lowlevel.hfc.mean": 21.070648193359375, "lowlevel.hfc.stdev": 22.371540069580078, "lowlevel.loudness_ebu128.integrated": -23.085241317749023, "lowlevel.loudness_ebu128.loudness_range": 5.427448272705078, "lowlevel.loudness_ebu128.momentary.mean": -25.879352569580078, "lowlevel.loudness_ebu128.momentary.stdev": 8.13576602935791, "lowlevel.loudness_ebu128.short_term.mean": -23.836036682128906, "lowlevel.loudness_ebu128.short_term.stdev": 2.403801679611206, "lowlevel.melbands_crest.mean": 12.432392120361328, "lowlevel.melbands_crest.stdev": 5.636913776397705, "lowlevel.melbands_flatness_db.mean": 0.17098429799079895, "lowlevel.melbands_flatness_db.stdev": 0.07489467412233353, "lowlevel.melbands_kurtosis.mean": 4.48502779006958, "lowlevel.melbands_kurtosis.stdev": 12.626387596130371, "lowlevel.melbands_skewness.mean": 1.1496310234069824, "lowlevel.melbands_skewness.stdev": 1.453337550163269, "lowlevel.melbands_spread.mean": 39.326988220214844, "lowlevel.melbands_spread.stdev": 35.73710250854492, "lowlevel.pitch_salience.mean": 0.6308073401451111, "lowlevel.pitch_salience.stdev": 0.1250566691160202, "lowlevel.silence_rate_20dB.mean": 1.0, "lowlevel.silence_rate_20dB.stdev": 0.0, "lowlevel.silence_rate_30dB.mean": 0.9982618689537048, "lowlevel.silence_rate_30dB.stdev": 0.041654907166957855, "lowlevel.silence_rate_60dB.mean": 0.318076491355896, "lowlevel.silence_rate_60dB.stdev": 0.4657265543937683, "lowlevel.spectral_centroid.mean": 2176.331298828125, "lowlevel.spectral_centroid.stdev": 1159.6903076171875, "lowlevel.spectral_complexity.mean": 12.377172470092773, "lowlevel.spectral_complexity.stdev": 11.340436935424805, "lowlevel.spectral_decrease.mean": -3.1798226274304398e-09, "lowlevel.spectral_decrease.stdev": 3.990931141117926e-09, "lowlevel.spectral_energy.mean": 0.01391255110502243, "lowlevel.spectral_energy.stdev": 0.01676483266055584, "lowlevel.spectral_energyband_high.mean": 0.0007841994520276785, "lowlevel.spectral_energyband_high.stdev": 0.0014359179185703397, "lowlevel.spectral_energyband_low.mean": 2.885926005546935e-05, "lowlevel.spectral_energyband_low.stdev": 0.0001329055812675506, "lowlevel.spectral_energyband_middle_high.mean": 0.007313601206988096, "lowlevel.spectral_energyband_middle_high.stdev": 0.01065205130726099, "lowlevel.spectral_energyband_middle_low.mean": 0.005982339847832918, "lowlevel.spectral_energyband_middle_low.stdev": 0.009286918677389622, "lowlevel.spectral_entropy.mean": 7.610958576202393, "lowlevel.spectral_entropy.stdev": 0.5819180607795715, "lowlevel.spectral_flux.mean": 0.07087152451276779, "lowlevel.spectral_flux.stdev": 0.0502314493060112, "lowlevel.spectral_kurtosis.mean": 4.715727806091309, "lowlevel.spectral_kurtosis.stdev": 3.919903039932251, "lowlevel.spectral_rms.mean": 0.00299242977052927, "lowlevel.spectral_rms.stdev": 0.002149091335013509, "lowlevel.spectral_rolloff.mean": 3268.521240234375, "lowlevel.spectral_rolloff.stdev": 2673.20751953125, "lowlevel.spectral_skewness.mean": 1.3480263948440552, "lowlevel.spectral_skewness.stdev": 0.6013199687004089, "lowlevel.spectral_spread.mean": 3895043.5, "lowlevel.spectral_spread.stdev": 1792546.75, "lowlevel.spectral_strongpeak.mean": 1.5077967643737793, "lowlevel.spectral_strongpeak.stdev": 1.5563905239105225, "lowlevel.zerocrossingrate.mean": 0.11363345384597778, "lowlevel.zerocrossingrate.stdev": 0.08797048777341843, "metadata.audio_properties.analysis.equal_loudness": 0.0, "metadata.audio_properties.analysis.length": 40.04265213012695, "metadata.audio_properties.analysis.sample_rate": 44100.0, "metadata.audio_properties.analysis.start_time": 0.0, "metadata.audio_properties.bit_rate": 114750.0, "metadata.audio_properties.length": 40.042667388916016, "metadata.audio_properties.lossless": 0.0, "metadata.audio_properties.number_channels": 1.0, "metadata.audio_properties.replay_gain": -5.337553024291992, "metadata.audio_properties.sample_rate": 48000.0, "rhythm.beats_count": 61.0, "rhythm.beats_loudness.mean": 0.021516503766179085, "rhythm.beats_loudness.stdev": 0.016041338443756104, "rhythm.bpm": 88.91919708251953, "rhythm.bpm_histogram_first_peak_bpm": 89.0, "rhythm.bpm_histogram_first_peak_weight": 0.3720930218696594, "rhythm.bpm_histogram_second_peak_bpm": 103.0, "rhythm.bpm_histogram_second_peak_spread": 0.6000000238418579, "rhythm.bpm_histogram_second_peak_weight": 0.06666667014360428, "rhythm.danceability": 1.3208593130111694, "rhythm.onset_rate": 3.6700069904327393, "tonal.chords_changes_rate": 0.10300926119089127, "tonal.chords_number_rate": 0.019675925374031067, "tonal.chords_strength.mean": 0.5542617440223694, "tonal.chords_strength.stdev": 0.10141004621982574, "tonal.hpcp_crest.mean": 13.783995628356934, "tonal.hpcp_crest.stdev": 7.1261701583862305, "tonal.hpcp_entropy.mean": 2.054725170135498, "tonal.hpcp_entropy.stdev": 0.8861328363418579, "tonal.key_edma.strength": 0.5555557608604431, "tonal.key_krumhansl.strength": 0.5453588962554932, "tonal.key_temperley.strength": 0.5776524543762207, "tonal.tuning_diatonic_strength": 0.5505120158195496, "tonal.tuning_equal_tempered_deviation": 0.1911293864250183, "tonal.tuning_frequency": 441.5275573730469, "tonal.tuning_nontempered_energy_ratio": 0.8874889612197876, "lowlevel.barkbands.mean": [5.679906962541281e-07, 2.629123173392145e-06, 5.598370989901014e-06, 8.391396113438532e-05, 0.0005418651271611452, 0.00041523235267959535, 0.0010873341234400868, 0.0014905808493494987, 0.0020892994944006205, 0.0011218840954825282, 0.000880674400832504, 0.0009006405016407371, 0.0010113726602867246, 0.0007373435073532164, 0.0006033292156644166, 0.000553333549760282, 0.0004388498200569302, 0.0005791111034341156, 0.00046514577115885913, 0.00018491667287889868, 0.00010930386633845046, 0.0001563795085530728, 0.00021495227701961994, 0.00014267483493313193, 7.897142495494336e-05, 1.659435292822309e-05, 5.9001056484930814e-08], "lowlevel.barkbands.stdev": [1.5218498674585135e-06, 3.100359390373342e-05, 3.350228143972345e-05, 0.0004452152061276138, 0.0015193932922556996, 0.0015432947548106313, 0.0031992699950933456, 0.005100637674331665, 0.005114568863064051, 0.003961123526096344, 0.002690887777134776, 0.0030256519094109535, 0.0030153433326631784, 0.00219445931725204, 0.0015848358161747456, 0.0014903255505487323, 0.0012557939626276493, 0.00104854058008641, 0.0007701325812377036, 0.00030069684726186097, 0.00024243725056294352, 0.00038896556361578405, 0.00044303384493105114, 0.00038023831439204514, 0.00023261713795363903, 4.910778807243332e-05, 9.087640933103103e-07], "lowlevel.erbbands.mean": [2.7133015464642085e-05, 0.0008499813848175108, 0.007131798192858696, 0.13344548642635345, 0.9049960374832153, 2.128183126449585, 2.012024164199829, 4.386872291564941, 12.090836524963379, 20.832500457763672, 43.99956512451172, 44.72954177856445, 35.95268249511719, 31.474872589111328, 37.26392364501953, 36.166934967041016, 41.28641128540039, 40.43487548828125, 36.242916107177734, 34.08567428588867, 25.490964889526367, 28.77630043029785, 32.693336486816406, 21.95902442932129, 23.542566299438477, 8.51276969909668, 4.733419895172119, 4.609859466552734, 5.8053693771362305, 5.753141403198242, 6.05190372467041, 3.1133737564086914, 2.4389147758483887, 1.1555761098861694, 0.44322729110717773, 0.12830635905265808, 0.018773289397358894, 0.0012252461165189743, 4.3726333387894556e-05, 2.1651982024195604e-05], "lowlevel.erbbands.stdev": [0.0001958338834811002, 0.00899289920926094, 0.03542252629995346, 0.6225491762161255, 2.9279510974884033, 6.913247585296631, 7.133731365203857, 16.218679428100586, 34.96804428100586, 60.76607131958008, 125.80570983886719, 105.02729034423828, 114.79962921142578, 87.14530944824219, 116.1593246459961, 123.18071746826172, 116.12237548828125, 103.98683166503906, 88.13170623779297, 83.34257507324219, 67.8560791015625, 75.78056335449219, 57.945655822753906, 37.67509841918945, 39.701934814453125, 13.406694412231445, 10.199456214904785, 10.823342323303223, 15.256279945373535, 12.186251640319824, 12.746075630187988, 7.299202919006348, 7.147688388824463, 3.576169490814209, 1.2687911987304688, 0.3477245569229126, 0.06745770573616028, 0.007425080519169569, 0.0001606019795872271, 2.3675083866692148e-05], "lowlevel.gfcc.mean": [-132.42233276367188, 28.280441284179688, -198.85372924804688, 2.4302680492401123, -100.26995849609375, -3.9794559478759766, -51.79521942138672, -2.46799635887146, -26.984371185302734, -12.757406234741211, -13.686514854431152, -11.75797176361084, -13.242304801940918], "lowlevel.melbands.mean": [4.760605349929392e-07, 3.327907506900374e-06, 4.466522659640759e-05, 0.00011237774015171453, 7.867663953220472e-05, 9.922005847329274e-05, 0.00019720209820661694, 0.0002458368835505098, 0.00039072911022230983, 0.00027008578763343394, 0.00018020073184743524, 0.00013130994921084493, 0.00012023204908473417, 0.00010936518083326519, 7.159669621614739e-05, 0.00011202295718248934, 7.012606511125341e-05, 6.173497240524739e-05, 4.8884638090385124e-05, 4.423038990353234e-05, 2.5257761080865748e-05, 2.8904072678415105e-05, 3.003779966093134e-05, 2.6043768230010755e-05, 1.6143229004228488e-05, 1.966509262274485e-05, 1.139784035331104e-05, 4.354078555479646e-06, 2.948198016383685e-06, 2.5772633307497017e-06, 2.7067630981036928e-06, 3.4313743526581675e-06, 2.810649448292679e-06, 3.4754659736790927e-06, 3.851474957627943e-06, 2.491287432349054e-06, 1.6908057887121686e-06, 1.7713119859763538e-06, 1.3244637102616252e-06, 8.835158951114863e-07], "lowlevel.melbands.stdev": [5.0174762691312935e-06, 1.724764115351718e-05, 0.00017951539484784007, 0.0003138498868793249, 0.0002693007991183549, 0.00035555538488551974, 0.0005668923258781433, 0.0007664388394914567, 0.0010901391506195068, 0.0006709480658173561, 0.0006025283364579082, 0.0003816272073891014, 0.0003614659362938255, 0.0003824605082627386, 0.00023082383268047124, 0.0003297828370705247, 0.00019103626254945993, 0.0001768774091033265, 0.00014030469174031168, 0.00011883716797456145, 7.354824629146606e-05, 9.051667439052835e-05, 5.4267802624963224e-05, 4.989653098164126e-05, 2.9639199055964127e-05, 3.537224620231427e-05, 1.875073940027505e-05, 8.329627235070802e-06, 6.702025984850479e-06, 5.863481419510208e-06, 6.827396646258421e-06, 9.561594197293743e-06, 6.605267117265612e-06, 7.428734988934593e-06, 8.277466804429423e-06, 5.6434196267218795e-06, 4.259052730049007e-06, 5.218003025220241e-06, 4.223116320645204e-06, 2.780964223347837e-06], "lowlevel.melbands128.mean": [1.7583367650786386e-07, 7.843944160867977e-08, 3.638482723999914e-07, 1.650241529205232e-06, 1.9879330466210376e-06, 3.155549620714737e-06, 1.6034093277994543e-05, 5.4386313422583044e-05, 8.960587001638487e-05, 0.00012155126023571938, 0.00012957662693224847, 9.526895155431703e-05, 6.0866965213790536e-05, 5.749051342718303e-05, 8.946468005888164e-05, 0.00011433137115091085, 0.00017325158114545047, 0.00019930755661334842, 0.0002546288014855236, 0.00020049150043632835, 0.0002637706638779491, 0.00032875401666387916, 0.00042767811100929976, 0.00046397015103138983, 0.0002495080407243222, 0.0002605107147246599, 0.00012419764243531972, 0.00016781948215793818, 0.00025158459902741015, 0.00010954707977361977, 0.00010895517334574834, 0.00012115760910091922, 0.00011422191892052069, 0.00013238622341305017, 0.00010816183930728585, 0.00011104293662356213, 9.468434291193262e-05, 7.142942195059732e-05, 4.70821833005175e-05, 8.965399320004508e-05, 0.00015757941582705826, 0.0001022786891553551, 4.3934334826190025e-05, 6.503261829493567e-05, 9.291168680647388e-05, 5.013197733205743e-05, 4.0920298488345e-05, 5.932423664489761e-05, 4.7450579586438835e-05, 3.556106094038114e-05, 6.025314723956399e-05, 3.0390297979465686e-05, 2.8324977392912842e-05, 2.176609450543765e-05, 1.7876578567666e-05, 3.7726251321146265e-05, 2.9705059205298312e-05, 2.3704476916464046e-05, 3.407791882636957e-05, 3.3836473448900506e-05, 2.7926096663577482e-05, 1.758694816089701e-05, 1.777453871909529e-05, 1.4036521861271467e-05, 1.6835016140248626e-05, 2.099250559695065e-05, 2.1734018446295522e-05, 1.4981998901930638e-05, 9.13227631826885e-06, 6.149201908556279e-06, 3.864922746288357e-06, 3.912081865564687e-06, 3.191401447111275e-06, 2.726379989326233e-06, 2.670267576831975e-06, 2.715513801376801e-06, 2.454990635669674e-06, 2.4123262392095057e-06, 2.6548216283117654e-06, 3.0341707315528765e-06, 3.5263431072962703e-06, 3.757430022233166e-06, 2.948275323433336e-06, 2.666822410901659e-06, 2.6389759568701265e-06, 3.0235189569793874e-06, 3.6724854908243287e-06, 4.605946287483675e-06, 3.972743343183538e-06, 3.3489106954220915e-06, 2.9248760711197974e-06, 2.305059524587705e-06, 1.6000564073692658e-06, 1.7003085304168053e-06, 1.712552716526261e-06, 1.6168206684596953e-06, 1.8141189457310247e-06, 2.0085801679670112e-06, 1.3293641814016155e-06, 9.86420786830422e-07, 9.425314146938035e-07, 9.157845966001332e-07, 7.525194973823091e-07, 6.606053375435295e-07, 4.918288141197991e-07, 3.3395690479665063e-07, 3.0202568268578034e-07, 2.8795554385396827e-07, 2.1811251826875377e-07, 1.6584029083333007e-07, 9.785544818896597e-08, 6.082618853042732e-08, 4.838632960968425e-08, 2.9873632456656196e-08, 1.6679742032010836e-08, 9.869983941257487e-09, 2.320766911978467e-09, 2.2080508255140074e-10, 9.609666361265479e-12, 5.180849672881127e-12, 2.7156651493526196e-12, 2.3885830379571926e-12, 2.3621408648533126e-12, 2.303804065920123e-12, 2.1440221559948514e-12, 1.8751376319736668e-12, 1.7308127587406519e-12, 1.7025985656060616e-12], "lowlevel.melbands128.stdev": [4.800697297469014e-07, 2.609237412798393e-07, 3.939748239645269e-06, 2.009717354667373e-05, 1.8658376575331204e-05, 1.885622441477608e-05, 8.427207649219781e-05, 0.00029288907535374165, 0.0003485415945760906, 0.0003844949824269861, 0.0004868605174124241, 0.0004163808189332485, 0.0002758007904049009, 0.0002961310383398086, 0.00043237744830548763, 0.0005614252295345068, 0.0006337189115583897, 0.000760033552069217, 0.0009731713798828423, 0.0008133725496008992, 0.001164242043159902, 0.0016870717518031597, 0.0014168736524879932, 0.0015937354182824492, 0.000758914859034121, 0.0010019619949162006, 0.0006178545881994069, 0.0008119899430312216, 0.0010554007021710277, 0.0004564175906125456, 0.00043076768633909523, 0.00048793130554258823, 0.0004153049667365849, 0.0006442501908168197, 0.0005167148192413151, 0.0005527710891328752, 0.00044586381409317255, 0.00028132752049714327, 0.00029349056421779096, 0.0003531967231538147, 0.0005598593270406127, 0.00041127539589069784, 0.00019283963774796575, 0.00022473573335446417, 0.00040458858711645007, 0.0001583383564138785, 0.00013350776862353086, 0.0002155845140805468, 0.00016891966515686363, 0.000111304601887241, 0.00019748184422496706, 9.532850526738912e-05, 9.482022142037749e-05, 6.885433685965836e-05, 8.407124551013112e-05, 0.00013211954501457512, 8.091300696833059e-05, 5.018434239900671e-05, 8.358284685527906e-05, 7.140398520277813e-05, 7.196349179139361e-05, 4.3049672967754304e-05, 4.2743740777950734e-05, 2.928693538706284e-05, 3.4945922379847616e-05, 4.573203113977797e-05, 4.798936060979031e-05, 3.073799598496407e-05, 1.7836331608123146e-05, 1.1074811482103541e-05, 8.79828348843148e-06, 1.0049910088127945e-05, 7.393505711661419e-06, 7.547075711045181e-06, 6.5537283262528945e-06, 6.916747679497348e-06, 6.040056632627966e-06, 6.425932042475324e-06, 7.325936167035252e-06, 9.013142516778316e-06, 1.0305579053238034e-05, 1.1973673281318042e-05, 7.673077561776154e-06, 6.4598398239468224e-06, 6.295999355643289e-06, 7.975249900482595e-06, 8.189334039343521e-06, 1.0529197425057646e-05, 9.34250965656247e-06, 7.747635208943393e-06, 6.844762083346723e-06, 5.638323273160495e-06, 4.146204446442425e-06, 4.675692252931185e-06, 4.782082669407828e-06, 4.784717020811513e-06, 5.662604053213727e-06, 7.058250957925338e-06, 4.283606813260121e-06, 3.7037607398815453e-06, 3.2659652333677514e-06, 2.9966874990350334e-06, 2.2591266315430403e-06, 2.0502309325820534e-06, 1.7142294836958172e-06, 9.356978125651949e-07, 8.313758712574781e-07, 7.94089885403082e-07, 6.284706159931375e-07, 5.031115506426431e-07, 4.101976003312302e-07, 2.6192523705503845e-07, 2.0003041356631002e-07, 1.6520918677542795e-07, 1.1238068253760503e-07, 1.0991112731062458e-07, 3.2179659825715135e-08, 6.28367313737499e-09, 2.9101965282052333e-10, 1.1018642248616928e-10, 1.2347317612793063e-11, 3.6418268574422985e-12, 3.5646342648465446e-12, 3.49912481802106e-12, 3.4475690531554637e-12, 3.404318493771541e-12, 3.371705258742308e-12, 3.3526473697947923e-12], "lowlevel.mfcc.mean": [-745.47900390625, 55.68095016479492, -52.649925231933594, -16.089330673217773, -31.465181350708008, -19.656665802001953, -21.00063133239746, -5.455657005310059, -20.10906982421875, -5.601743221282959, -6.170058250427246, -11.644354820251465, -9.821920394897461], "lowlevel.spectral_contrast_coeffs.mean": [-0.6167518496513367, -0.7151892185211182, -0.774959146976471, -0.7747948169708252, -0.7783194780349731, -0.746722936630249], "lowlevel.spectral_contrast_coeffs.stdev": [0.1294793337583542, 0.12124389410018921, 0.09281334280967712, 0.07802224159240723, 0.06511247158050537, 0.048940375447273254], "lowlevel.spectral_contrast_valleys.mean": [-10.663346290588379, -8.135175704956055, -8.0985746383667, -8.243268966674805, -8.063410758972168, -11.036770820617676], "lowlevel.spectral_contrast_valleys.stdev": [1.294169545173645, 1.3999961614608765, 1.3151283264160156, 1.2971593141555786, 1.3422960042953491, 1.8370450735092163], "rhythm.beats_loudness_band_ratio.mean": [0.043651580810546875, 0.10893137007951736, 0.31056392192840576, 0.329670250415802, 0.15390419960021973, 0.09134742617607117], "rhythm.beats_loudness_band_ratio.stdev": [0.1128612756729126, 0.18242886662483215, 0.24145041406154633, 0.2853224277496338, 0.16116251051425934, 0.15666428208351135], "tonal.hpcp.mean": [0.1385084092617035, 0.14863954484462738, 0.17376364767551422, 0.18630799651145935, 0.17338071763515472, 0.15322722494602203, 0.1514444351196289, 0.14232036471366882, 0.15005111694335938, 0.15765486657619476, 0.13972680270671844, 0.1483970284461975, 0.16323906183242798, 0.13882362842559814, 0.11123602837324142, 0.11143007129430771, 0.14698247611522675, 0.20778585970401764, 0.22503376007080078, 0.16461215913295746, 0.11707206070423126, 0.13356654345989227, 0.1702171266078949, 0.21363025903701782, 0.25560012459754944, 0.2693386673927307, 0.2230827361345291, 0.16181939840316772, 0.15336334705352783, 0.16847190260887146, 0.18309032917022705, 0.2153659462928772, 0.2635895907878876, 0.25995758175849915, 0.2085886150598526, 0.16662178933620453], "tonal.hpcp.stdev": [0.20959898829460144, 0.2393599897623062, 0.25691524147987366, 0.2636179029941559, 0.2512558102607727, 0.2246437668800354, 0.23651719093322754, 0.2119617611169815, 0.22213175892829895, 0.23960861563682556, 0.2144680768251419, 0.23863087594509125, 0.25445014238357544, 0.21170978248119354, 0.17510543763637543, 0.17329558730125427, 0.2145681232213974, 0.26025626063346863, 0.2867445945739746, 0.2272666096687317, 0.18495795130729675, 0.2082677185535431, 0.23491986095905304, 0.26041609048843384, 0.28440383076667786, 0.2978232204914093, 0.26609498262405396, 0.2223152369260788, 0.22292746603488922, 0.2395644336938858, 0.2387441098690033, 0.25657692551612854, 0.2924290895462036, 0.2893712818622589, 0.26231250166893005, 0.23072916269302368], "rhythm.beats_position": [0.5572788715362549, 1.1377778053283691, 1.7182766199111938, 2.287165403366089, 2.8560543060302734, 3.4365532398223877, 4.017052173614502, 4.574330806732178, 5.131609916687012, 5.6888885498046875, 6.222947597503662, 6.757006645202637, 7.291065692901611, 7.894784450531006, 8.498503684997559, 9.102222442626953, 9.694331169128418, 10.309659957885742, 10.959818840026855, 11.609976768493652, 12.294965744018555, 12.979954719543457, 13.676552772521973, 14.373151779174805, 15.058140754699707, 15.743128776550293, 16.439727783203125, 17.12471580505371, 17.80970573425293, 18.494693756103516, 19.168071746826172, 19.82984161376953, 20.503219604492188, 21.176597595214844, 21.849977493286133, 22.52335548400879, 23.196733474731445, 23.870113372802734, 24.53188133239746, 25.19365119934082, 25.855419158935547, 26.517187118530273, 27.190567016601562, 27.87555503845215, 28.560543060302734, 29.233922958374023, 29.90730094909668, 30.580678939819336, 31.277278900146484, 31.973876953125, 32.65886688232422, 33.32063293457031, 33.994014739990234, 34.66739273071289, 35.34077072143555, 35.990928649902344, 36.6526985168457, 37.32607650756836, 37.98784637451172, 38.661224365234375, 39.33460235595703], "rhythm.bpm_histogram": [0.0, 0.0, 0.0, 0.0, 0.0, 0.0, 0.0, 0.0, 0.0, 0.0, 0.0, 0.0, 0.0, 0.0, 0.0, 0.0, 0.0, 0.0, 0.0, 0.0, 0.0, 0.0, 0.0, 0.0, 0.0, 0.0, 0.0, 0.0, 0.0, 0.0, 0.0, 0.0, 0.0, 0.0, 0.0, 0.0, 0.0, 0.0, 0.0, 0.0, 0.0, 0.0, 0.0, 0.0, 0.0, 0.0, 0.0, 0.0, 0.0, 0.0, 0.0, 0.0, 0.0, 0.0, 0.0, 0.0, 0.0, 0.0, 0.0, 0.0, 0.0, 0.0, 0.0, 0.0, 0.0, 0.0, 0.0, 0.0, 0.0, 0.0, 0.0, 0.0, 0.0, 0.0, 0.0, 0.0, 0.0, 0.0, 0.0, 0.0, 0.0, 0.0, 0.0, 0.0, 0.0, 0.0, 0.0833333358168602, 0.0, 0.1666666716337204, 0.28333333134651184, 0.0, 0.13333334028720856, 0.05000000074505806, 0.0, 0.0, 0.0, 0.0, 0.0, 0.01666666753590107, 0.05000000074505806, 0.0, 0.01666666753590107, 0.0, 0.06666667014360428, 0.0, 0.03333333507180214, 0.0, 0.0, 0.05000000074505806, 0.0, 0.0, 0.0, 0.05000000074505806, 0.0, 0.0, 0.0, 0.0, 0.0, 0.0, 0.0, 0.0, 0.0, 0.0, 0.0, 0.0, 0.0, 0.0, 0.0, 0.0, 0.0, 0.0, 0.0, 0.0, 0.0, 0.0, 0.0, 0.0, 0.0, 0.0, 0.0, 0.0, 0.0, 0.0, 0.0, 0.0, 0.0, 0.0, 0.0, 0.0, 0.0, 0.0, 0.0, 0.0, 0.0, 0.0, 0.0, 0.0, 0.0, 0.0, 0.0, 0.0, 0.0, 0.0, 0.0, 0.0, 0.0, 0.0, 0.0, 0.0, 0.0, 0.0, 0.0, 0.0, 0.0, 0.0, 0.0, 0.0, 0.0, 0.0, 0.0, 0.0, 0.0, 0.0, 0.0, 0.0, 0.0, 0.0, 0.0, 0.0, 0.0, 0.0, 0.0, 0.0, 0.0, 0.0, 0.0, 0.0, 0.0, 0.0, 0.0, 0.0, 0.0, 0.0, 0.0, 0.0, 0.0, 0.0, 0.0, 0.0, 0.0, 0.0, 0.0, 0.0, 0.0, 0.0, 0.0, 0.0, 0.0, 0.0, 0.0, 0.0, 0.0, 0.0, 0.0, 0.0, 0.0, 0.0, 0.0, 0.0, 0.0, 0.0, 0.0, 0.0, 0.0, 0.0, 0.0, 0.0, 0.0, 0.0, 0.0, 0.0, 0.0, 0.0, 0.0, 0.0, 0.0, 0.0, 0.0, 0.0, 0.0], "tonal.chords_histogram": [2.1990740299224854, 4.282407283782959, 0.0, 0.0, 9.259259223937988, 1.3888888359069824, 6.828703880310059, 7.407407283782959, 0.46296295523643494, 0.8101851940155029, 0.0, 8.217592239379883, 16.550926208496094, 5.3240742683410645, 8.564814567565918, 0.0, 1.8518518209457397, 8.912036895751953, 7.407407283782959, 1.1574074029922485, 0.0, 1.2731481790542603, 4.282407283782959, 3.819444417953491], "tonal.thpcp": [1.0, 0.8282610774040222, 0.6008027195930481, 0.5694071054458618, 0.6255021095275879, 0.6797773838043213, 0.7996101975440979, 0.9786548614501953, 0.9651699066162109, 0.7744473218917847, 0.6186330318450928, 0.5142537355422974, 0.5518685579299927, 0.645149290561676, 0.6917238831520081, 0.6437275409698486, 0.5689017176628113, 0.5622825622558594, 0.5284067392349243, 0.5571094751358032, 0.5853406190872192, 0.5187773704528809, 0.5509681701660156, 0.6060736179351807, 0.5154240727424622, 0.41299688816070557, 0.4137173295021057, 0.5457162261009216, 0.771466851234436, 0.8355048298835754, 0.6111716628074646, 0.43466487526893616, 0.4959055483341217, 0.6319817900657654, 0.793165922164917, 0.948991596698761], "lowlevel.gfcc.cov": [[19922.091796875, -1656.17578125, -656.0914306640625, -572.0895385742188, -1346.866943359375, -792.203125, -1561.1539306640625, 751.293212890625, -104.90918731689453, -23.672527313232422, -292.0332336425781, 103.0132064819336, -191.29933166503906], [-1656.17578125, 4783.00732421875, -110.52650451660156, 17.65355682373047, 550.5875854492188, -1083.212158203125, 210.290283203125, -679.419189453125, -23.972023010253906, -777.8838500976562, 95.70616149902344, -515.0313110351562, 62.222110748291016], [-656.0914306640625, -110.52650451660156, 1551.83349609375, 627.0018920898438, 31.711139678955078, 65.73422241210938, -275.4968566894531, -76.80760955810547, -139.16136169433594, 81.01615905761719, -151.34872436523438, 134.40017700195312, -16.4222469329834], [-572.0895385742188, 17.65355682373047, 627.0018920898438, 879.8843383789062, 199.19235229492188, -168.81161499023438, -315.9243469238281, -88.4564208984375, -12.278892517089844, -15.489665985107422, -107.60784149169922, -10.985426902770996, 63.85649490356445], [-1346.866943359375, 550.5875854492188, 31.711139678955078, 199.19235229492188, 468.4434814453125, -4.115773677825928, 52.70534133911133, -80.13131713867188, 8.111763954162598, -41.418827056884766, -84.38693237304688, -65.92430877685547, -8.2882080078125], [-792.203125, -1083.212158203125, 65.73422241210938, -168.81161499023438, -4.115773677825928, 701.4017333984375, 246.35910034179688, 117.47974395751953, -62.55110168457031, 197.09947204589844, 38.770530700683594, 108.48665618896484, -46.768959045410156], [-1561.1539306640625, 210.290283203125, -275.4968566894531, -315.9243469238281, 52.70534133911133, 246.35910034179688, 599.923095703125, -1.4886151552200317, -28.752456665039062, -67.22467041015625, 135.7793426513672, -12.361721992492676, -27.704145431518555], [751.293212890625, -679.419189453125, -76.80760955810547, -88.4564208984375, -80.13131713867188, 117.47974395751953, -1.4886151552200317, 327.5517883300781, 88.73201751708984, 101.12813568115234, -57.72163009643555, 73.44124603271484, -38.78894805908203], [-104.90918731689453, -23.972023010253906, -139.16136169433594, -12.278892517089844, 8.111763954162598, -62.55110168457031, -28.752456665039062, 88.73201751708984, 261.65802001953125, 56.903507232666016, -19.056427001953125, -59.86301803588867, 31.83759307861328], [-23.672527313232422, -777.8838500976562, 81.01615905761719, -15.489665985107422, -41.418827056884766, 197.09947204589844, -67.22467041015625, 101.12813568115234, 56.903507232666016, 300.8060607910156, -13.062199592590332, 82.64131164550781, -29.247936248779297], [-292.0332336425781, 95.70616149902344, -151.34872436523438, -107.60784149169922, -84.38693237304688, 38.770530700683594, 135.7793426513672, -57.72163009643555, -19.056427001953125, -13.062199592590332, 233.06393432617188, 6.779337406158447, 31.673532485961914], [103.0132064819336, -515.0313110351562, 134.40017700195312, -10.985426902770996, -65.92430877685547, 108.48665618896484, -12.361721992492676, 73.44124603271484, -59.86301803588867, 82.64131164550781, 6.779337406158447, 202.66563415527344, 2.36110258102417], [-191.29933166503906, 62.222110748291016, -16.4222469329834, 63.85649490356445, -8.2882080078125, -46.768959045410156, -27.704145431518555, -38.78894805908203, 31.83759307861328, -29.247936248779297, 31.673532485961914, 2.36110258102417, 123.74598693847656]], "lowlevel.gfcc.icov": [[0.00011111877392977476, -1.669822995609138e-05, 7.357524009421468e-05, 6.91547102178447e-05, 0.00024088255304377526, 1.657225948292762e-05, 0.0003570286789909005, -0.00027316578780300915, 0.00018909787468146533, 0.0001070856160367839, 3.577890311134979e-05, 5.568256165133789e-05, 0.00013739474525209516], [-1.669822995609138e-05, 0.0013530740980058908, -0.0007102043018676341, 0.0010237343376502395, -0.0015858731931075454, 0.0017491105245426297, -0.0004928878624923527, 0.001059375936165452, -0.00023007240088190883, 0.0015258200000971556, -0.0008644218905828893, 0.0014454475603997707, 6.1374346842058e-05], [7.357524009421468e-05, -0.0007102043018676341, 0.0015973399858921766, -0.0013860051985830069, 0.0013660178519785404, -0.001178337843157351, 0.00048514700029045343, -0.00016868702368810773, 0.00039658835157752037, -0.0007917070179246366, 0.0011010336456820369, -0.0014141518622636795, 0.0005559402052313089], [6.91547102178447e-05, 0.0010237343376502395, -0.0013860051985830069, 0.003268397878855467, -0.0021795835345983505, 0.0016077602049335837, 0.0007982655079104006, 0.00034690924803726375, 7.68958343542181e-05, 0.0013223545392975211, -0.0009873334784060717, 0.0015444448217749596, -0.001013251137919724], [0.00024088255304377526, -0.0015858731931075454, 0.0013660178519785404, -0.0021795835345983505, 0.005529062822461128, -0.0022397423163056374, 0.00032952550100162625, -0.000699229771271348, 0.0002853631158359349, -0.0015317713841795921, 0.0027166937943547964, -0.0012963770423084497, 0.0007481479551643133], [1.657225948292762e-05, 0.0017491105245426297, -0.001178337843157351, 0.0016077602049335837, -0.0022397423163056374, 0.005012871697545052, -0.0018022579606622458, 0.00047345677739940584, 0.0009319155942648649, -2.1385108993854374e-05, -0.0011328560067340732, 0.0019375733099877834, -0.0003422369190957397], [0.0003570286789909005, -0.0004928878624923527, 0.00048514700029045343, 0.0007982655079104006, 0.00032952550100162625, -0.0018022579606622458, 0.0046296208165585995, -0.001319384784437716, 0.0002924228901974857, 0.0014538748655468225, -0.0012946543283760548, -0.0003551477857399732, 0.0010225934674963355], [-0.00027316578780300915, 0.001059375936165452, -0.00016868702368810773, 0.00034690924803726375, -0.000699229771271348, 0.00047345677739940584, -0.001319384784437716, 0.006798925809562206, -0.003050250234082341, 0.0009566511143930256, 0.0010233173379674554, -0.0014072381891310215, 0.0015873328084126115], [0.00018909787468146533, -0.00023007240088190883, 0.00039658835157752037, 7.68958343542181e-05, 0.0002853631158359349, 0.0009319155942648649, 0.0002924228901974857, -0.003050250234082341, 0.006908835843205452, -0.002493024105206132, 0.0003434897807892412, 0.0028537081088870764, -0.0026074890047311783], [0.0001070856160367839, 0.0015258200000971556, -0.0007917070179246366, 0.0013223545392975211, -0.0015317713841795921, -2.1385108993854374e-05, 0.0014538748655468225, 0.0009566511143930256, -0.002493024105206132, 0.008059384301304817, -0.0015830730553716421, -0.0003190702118445188, 0.002083140891045332], [3.577890311134979e-05, -0.0008644218905828893, 0.0011010336456820369, -0.0009873334784060717, 0.0027166937943547964, -0.0011328560067340732, -0.0012946543283760548, 0.0010233173379674554, 0.0003434897807892412, -0.0015830730553716421, 0.007297150325030088, -0.0014394002500921488, -0.0013725340832024813], [5.568256165133789e-05, 0.0014454475603997707, -0.0014141518622636795, 0.0015444448217749596, -0.0012963770423084497, 0.0019375733099877834, -0.0003551477857399732, -0.0014072381891310215, 0.0028537081088870764, -0.0003190702118445188, -0.0014394002500921488, 0.009676122106611729, -0.0021263447124511003], [0.00013739474525209516, 6.1374346842058e-05, 0.0005559402052313089, -0.001013251137919724, 0.0007481479551643133, -0.0003422369190957397, 0.0010225934674963355, 0.0015873328084126115, -0.0026074890047311783, 0.002083140891045332, -0.0013725340832024813, -0.0021263447124511003, 0.011061612516641617]], "lowlevel.mfcc.cov": [[18104.470703125, -903.784912109375, -1173.6593017578125, -201.7251739501953, -673.141357421875, -1325.9775390625, -1403.9951171875, -38.17277908325195, -540.9937744140625, -66.53797912597656, -121.16975402832031, -383.5453186035156, 76.64832305908203], [-903.784912109375, 3614.301513671875, -408.0568542480469, 438.6053161621094, -99.6738510131836, -270.1710205078125, -19.05057716369629, -42.312843322753906, -243.02818298339844, -170.58917236328125, -274.7297058105469, -215.6338653564453, -116.04606628417969], [-1173.6593017578125, -408.0568542480469, 1368.3074951171875, 335.46881103515625, 280.6597595214844, 152.6721954345703, 16.04537582397461, -130.38450622558594, 22.496437072753906, -124.83428192138672, -143.4237518310547, 80.02436065673828, 64.55870819091797], [-201.7251739501953, 438.6053161621094, 335.46881103515625, 919.9940795898438, 390.4541015625, -157.7355499267578, -274.0389709472656, -171.62403869628906, -8.75986385345459, -134.40066528320312, -241.3402557373047, -124.92111206054688, 30.274784088134766], [-673.141357421875, -99.6738510131836, 280.6597595214844, 390.4541015625, 571.8170166015625, 84.9643783569336, -140.822021484375, -130.27243041992188, 103.3061294555664, 22.889589309692383, -97.34540557861328, -31.71666717529297, 8.32202434539795], [-1325.9775390625, -270.1710205078125, 152.6721954345703, -157.7355499267578, 84.9643783569336, 408.3794250488281, 274.763427734375, 16.86273193359375, 63.480037689208984, 32.59922409057617, 72.4850082397461, 86.36891174316406, -34.808921813964844], [-1403.9951171875, -19.05057716369629, 16.04537582397461, -274.0389709472656, -140.822021484375, 274.763427734375, 532.5847778320312, 171.19700622558594, -2.6818275451660156, 2.6453874111175537, 112.03347778320312, 85.55170440673828, -11.07786750793457], [-38.17277908325195, -42.312843322753906, -130.38450622558594, -171.62403869628906, -130.27243041992188, 16.86273193359375, 171.19700622558594, 306.3277893066406, 60.55603790283203, 38.11433792114258, 79.2069320678711, -9.226675987243652, 21.67878532409668], [-540.9937744140625, -243.02818298339844, 22.496437072753906, -8.75986385345459, 103.3061294555664, 63.480037689208984, -2.6818275451660156, 60.55603790283203, 248.90403747558594, 131.74818420410156, 49.12117004394531, 23.502029418945312, 1.4979346990585327], [-66.53797912597656, -170.58917236328125, -124.83428192138672, -134.40066528320312, 22.889589309692383, 32.59922409057617, 2.6453874111175537, 38.11433792114258, 131.74818420410156, 226.5473175048828, 116.11650085449219, 41.25147247314453, 2.4975385665893555], [-121.16975402832031, -274.7297058105469, -143.4237518310547, -241.3402557373047, -97.34540557861328, 72.4850082397461, 112.03347778320312, 79.2069320678711, 49.12117004394531, 116.11650085449219, 226.633056640625, 76.73206329345703, 12.494173049926758], [-383.5453186035156, -215.6338653564453, 80.02436065673828, -124.92111206054688, -31.71666717529297, 86.36891174316406, 85.55170440673828, -9.226675987243652, 23.502029418945312, 41.25147247314453, 76.73206329345703, 144.2128448486328, 34.57033920288086], [76.64832305908203, -116.04606628417969, 64.55870819091797, 30.274784088134766, 8.32202434539795, -34.808921813964844, -11.07786750793457, 21.67878532409668, 1.4979346990585327, 2.4975385665893555, 12.494173049926758, 34.57033920288086, 125.5898666381836]], "lowlevel.mfcc.icov": [[0.00010426430526422337, 6.184764788486063e-05, 3.9527574699604884e-05, 4.600434476742521e-05, 7.177004590630531e-05, 0.00012437434634193778, 0.0002613643300719559, -0.00011179009743500501, 0.00028297267272137105, -9.701790986582637e-05, 5.3185533033683896e-05, 0.00012156988668721169, -6.027724793966627e-06], [6.184764788486063e-05, 0.0004318268911447376, 0.0001655922387726605, -0.0002229589008493349, 0.0001469289418309927, 0.0002583843597676605, -0.00013014677097089589, -5.631726889987476e-05, 0.0004541332018561661, -0.0002698184980545193, 0.000455748027889058, 0.0001653030194574967, 0.0002991182846017182], [3.9527574699604884e-05, 0.0001655922387726605, 0.0011348535772413015, -0.0003169536357745528, -0.00015145294310059398, -0.0002544962626416236, -4.683977022068575e-05, 8.328836702276021e-05, -4.8478257667738944e-05, 0.0004370469832792878, 0.000690690241754055, -0.0008093703654594719, -0.0003111199475824833], [4.600434476742521e-05, -0.0002229589008493349, -0.0003169536357745528, 0.00268135080114007, -0.0014345661038532853, 0.0009260126389563084, 0.00018663892115000635, 0.000507238379213959, -0.0005002025282010436, 0.001043681288138032, 0.0004883712972514331, 0.0010515963658690453, -0.0007897517061792314], [7.177004590630531e-05, 0.0001469289418309927, -0.00015145294310059398, -0.0014345661038532853, 0.003841039026156068, -0.0017783279763534665, 0.0009525340283289552, 0.0005191846867091954, -0.0005767751717939973, -0.0011657807044684887, 0.0006226625409908593, 0.0008464530692435801, -0.0005022551049478352], [0.00012437434634193778, 0.0002583843597676605, -0.0002544962626416236, 0.0009260126389563084, -0.0017783279763534665, 0.006273603532463312, -0.002957221120595932, 0.0010219269897788763, -0.0006876584957353771, 0.0005129629862494767, -0.00035408136318437755, -0.0009416800457984209, 0.0017822808586061], [0.0002613643300719559, -0.00013014677097089589, -4.683977022068575e-05, 0.00018663892115000635, 0.0009525340283289552, -0.002957221120595932, 0.005548704415559769, -0.002678265795111656, 0.001548646716400981, 0.00028816674603149295, -0.0004891027347184718, -0.0008770401473157108, 3.4182750823674724e-05], [-0.00011179009743500501, -5.631726889987476e-05, 8.328836702276021e-05, 0.000507238379213959, 0.0005191846867091954, 0.0010219269897788763, -0.002678265795111656, 0.006159620359539986, -0.002703159349039197, 0.0007099782233126462, -0.0010739094577729702, 0.0027442409191280603, -0.0018299822695553303], [0.00028297267272137105, 0.0004541332018561661, -4.8478257667738944e-05, -0.0005002025282010436, -0.0005767751717939973, -0.0006876584957353771, 0.001548646716400981, -0.002703159349039197, 0.008457694202661514, -0.004626777488738298, 0.0009697852074168622, -0.0005665592034347355, 0.0008938648388721049], [-9.701790986582637e-05, -0.0002698184980545193, 0.0004370469832792878, 0.001043681288138032, -0.0011657807044684887, 0.0005129629862494767, 0.00028816674603149295, 0.0007099782233126462, -0.004626777488738298, 0.009720292873680592, -0.0037903201300650835, -0.000669810688123107, -0.00012073487596353516], [5.3185533033683896e-05, 0.000455748027889058, 0.000690690241754055, 0.0004883712972514331, 0.0006226625409908593, -0.00035408136318437755, -0.0004891027347184718, -0.0010739094577729702, 0.0009697852074168622, -0.0037903201300650835, 0.00960572436451912, -0.002696332987397909, -0.00023088663874659687], [0.00012156988668721169, 0.0001653030194574967, -0.0008093703654594719, 0.0010515963658690453, 0.0008464530692435801, -0.0009416800457984209, -0.0008770401473157108, 0.0027442409191280603, -0.0005665592034347355, -0.000669810688123107, -0.002696332987397909, 0.012966080568730831, -0.003907821141183376], [-6.027724793966627e-06, 0.0002991182846017182, -0.0003111199475824833, -0.0007897517061792314, -0.0005022551049478352, 0.0017822808586061, 3.4182750823674724e-05, -0.0018299822695553303, 0.0008938648388721049, -0.00012073487596353516, -0.00023088663874659687, -0.003907821141183376, 0.0105293532833457]], "metadata.audio_properties.analysis.downmix": "mix", "metadata.audio_properties.codec": "mp3", "metadata.audio_properties.md5_encoded": "56594fccb2998cefc5a0984e2b6af828", "metadata.tags.file_name": "1183703655740882975.mp3", "metadata