{"song_id": "1183691846669582416", "download": "https://cdn.discordapp.com/attachments/1135903449314238464/1183691846669582416/chirp.mp4?ex=658941f0&amp", "lyrics": "[verse]\n\u4e94\u5e74\u524d \u5bf0\u5b87\u516c\u53f8 \u540c\u4e8b\u6210\u597d\u53cb\n\u5171\u4e8b\u6642 \u4e00\u8d77\u52aa\u529b \u5922\u60f3\u4f34\u5de6\u53f3\n\u56f0\u96e3\u6642 \u4e92\u76f8\u652f\u6301 \u60c5\u7fa9\u4e0d\u6703\u4f11\n\u53cb\u8abc\u9577 \u63e1\u624b\u4e0d\u5fd8 \u6c38\u4e0d\u96e2\u958b\u5de6\u53f3\n\n[chorus]\n\u4e94\u5e74\u60c5\u8abc\u5982\u6b4c \u51dd\u805a\u4e86\u5171\u540c\u7684\u5922\n\u611f\u8b1d\u6709\u4f60\u966a\u4f34 \u5feb\u6a02\u60b2\u50b7\u90fd\u77ac\u9593\u5316\u53bb\n\u4e94\u5e74\u540c\u821f\u5171\u6fdf \u4e0d\u754f\u98a8\u96e8\u4e0d\u5206\u96e2\n\u53cb\u8abc\u6fc3 \u4e94\u5e74\u7d42 \u73cd\u85cf\u81f3\u4eca\u6c38\u4e0d\u96e2", "style": ["random"], "essentia_features": {"lowlevel.average_loudness": 0.9876633882522583, "lowlevel.barkbands_crest.mean": 14.888627052307129, "lowlevel.barkbands_crest.stdev": 5.908542633056641, "lowlevel.barkbands_flatness_db.mean": 0.17796416580677032, "lowlevel.barkbands_flatness_db.stdev": 0.07296445965766907, "lowlevel.barkbands_kurtosis.mean": 13.309431076049805, "lowlevel.barkbands_kurtosis.stdev": 31.128803253173828, "lowlevel.barkbands_skewness.mean": 2.635159492492676, "lowlevel.barkbands_skewness.stdev": 2.2692768573760986, "lowlevel.barkbands_spread.mean": 23.90306854248047, "lowlevel.barkbands_spread.stdev": 19.477447509765625, "lowlevel.dissonance.mean": 0.46492427587509155, "lowlevel.dissonance.stdev": 0.027013231068849564, "lowlevel.dynamic_complexity": 2.2384700775146484, "lowlevel.erbbands_crest.mean": 9.414003372192383, "lowlevel.erbbands_crest.stdev": 4.1541266441345215, "lowlevel.erbbands_flatness_db.mean": 0.14548081159591675, "lowlevel.erbbands_flatness_db.stdev": 0.05974265933036804, "lowlevel.erbbands_kurtosis.mean": 0.292560338973999, "lowlevel.erbbands_kurtosis.stdev": 2.3544256687164307, "lowlevel.erbbands_skewness.mean": -0.041376519948244095, "lowlevel.erbbands_skewness.stdev": 0.8706009984016418, "lowlevel.erbbands_spread.mean": 50.50517654418945, "lowlevel.erbbands_spread.stdev": 23.465482711791992, "lowlevel.hfc.mean": 32.097591400146484, "lowlevel.hfc.stdev": 27.0041446685791, "lowlevel.loudness_ebu128.integrated": -12.292673110961914, "lowlevel.loudness_ebu128.loudness_range": 0.5002107620239258, "lowlevel.loudness_ebu128.momentary.mean": -12.450474739074707, "lowlevel.loudness_ebu128.momentary.stdev": 1.7121161222457886, "lowlevel.loudness_ebu128.short_term.mean": -12.268697738647461, "lowlevel.loudness_ebu128.short_term.stdev": 0.16494132578372955, "lowlevel.melbands_crest.mean": 21.469314575195312, "lowlevel.melbands_crest.stdev": 7.764106273651123, "lowlevel.melbands_flatness_db.mean": 0.24634812772274017, "lowlevel.melbands_flatness_db.stdev": 0.08690426498651505, "lowlevel.melbands_kurtosis.mean": 43.13280487060547, "lowlevel.melbands_kurtosis.stdev": 72.91390228271484, "lowlevel.melbands_skewness.mean": 4.657301902770996, "lowlevel.melbands_skewness.stdev": 3.1969308853149414, "lowlevel.melbands_spread.mean": 19.065948486328125, "lowlevel.melbands_spread.stdev": 21.12032127380371, "lowlevel.pitch_salience.mean": 0.3988783359527588, "lowlevel.pitch_salience.stdev": 0.1745806187391281, "lowlevel.silence_rate_20dB.mean": 1.0, "lowlevel.silence_rate_20dB.stdev": 0.0, "lowlevel.silence_rate_30dB.mean": 0.6834381818771362, "lowlevel.silence_rate_30dB.stdev": 0.46513307094573975, "lowlevel.silence_rate_60dB.mean": 0.025157231837511063, "lowlevel.silence_rate_60dB.stdev": 0.1566036343574524, "lowlevel.spectral_centroid.mean": 1426.2275390625, "lowlevel.spectral_centroid.stdev": 692.6945190429688, "lowlevel.spectral_complexity.mean": 16.61530303955078, "lowlevel.spectral_complexity.stdev": 7.526463508605957, "lowlevel.spectral_decrease.mean": -1.755989487151055e-08, "lowlevel.spectral_decrease.stdev": 1.495511092741708e-08, "lowlevel.spectral_energy.mean": 0.06918646395206451, "lowlevel.spectral_energy.stdev": 0.05688095837831497, "lowlevel.spectral_energyband_high.mean": 0.0015662299701943994, "lowlevel.spectral_energyband_high.stdev": 0.002562460256740451, "lowlevel.spectral_energyband_low.mean": 0.05267246067523956, "lowlevel.spectral_energyband_low.stdev": 0.055958010256290436, "lowlevel.spectral_energyband_middle_high.mean": 0.005221407860517502, "lowlevel.spectral_energyband_middle_high.stdev": 0.004513110965490341, "lowlevel.spectral_energyband_middle_low.mean": 0.0114589249715209, "lowlevel.spectral_energyband_middle_low.stdev": 0.011506807990372181, "lowlevel.spectral_entropy.mean": 7.6101765632629395, "lowlevel.spectral_entropy.stdev": 0.5068390369415283, "lowlevel.spectral_flux.mean": 0.13423551619052887, "lowlevel.spectral_flux.stdev": 0.0944199487566948, "lowlevel.spectral_kurtosis.mean": 4.956762313842773, "lowlevel.spectral_kurtosis.stdev": 12.928205490112305, "lowlevel.spectral_rms.mean": 0.007384669501334429, "lowlevel.spectral_rms.stdev": 0.0036007773596793413, "lowlevel.spectral_rolloff.mean": 1463.107177734375, "lowlevel.spectral_rolloff.stdev": 2059.70849609375, "lowlevel.spectral_skewness.mean": 1.5474597215652466, "lowlevel.spectral_skewness.stdev": 0.8209223747253418, "lowlevel.spectral_spread.mean": 5864689.5, "lowlevel.spectral_spread.stdev": 2739510.5, "lowlevel.spectral_strongpeak.mean": 0.8730404376983643, "lowlevel.spectral_strongpeak.stdev": 0.8174777030944824, "lowlevel.zerocrossingrate.mean": 0.06027612090110779, "lowlevel.zerocrossingrate.stdev": 0.04789945110678673, "metadata.audio_properties.analysis.equal_loudness": 0.0, "metadata.audio_properties.analysis.length": 22.12265396118164, "metadata.audio_properties.analysis.sample_rate": 44100.0, "metadata.audio_properties.analysis.start_time": 0.0, "metadata.audio_properties.bit_rate": 122488.0, "metadata.audio_properties.length": 22.12266731262207, "metadata.audio_properties.lossless": 0.0, "metadata.audio_properties.number_channels": 1.0, "metadata.audio_properties.replay_gain": -12.2127685546875, "metadata.audio_properties.sample_rate": 48000.0, "rhythm.beats_count": 32.0, "rhythm.beats_loudness.mean": 0.12447234988212585, "rhythm.beats_loudness.stdev": 0.03815518692135811, "rhythm.bpm": 88.08182525634766, "rhythm.bpm_histogram_first_peak_bpm": 88.0, "rhythm.bpm_histogram_first_peak_weight": 0.07142859697341919, "rhythm.bpm_histogram_second_peak_bpm": 94.0, "rhythm.bpm_histogram_second_peak_spread": 0.6666666269302368, "rhythm.bpm_histogram_second_peak_weight": 0.032258063554763794, "rhythm.danceability": 3.7874581813812256, "rhythm.onset_rate": 5.781332015991211, "tonal.chords_changes_rate": 0.11087866127490997, "tonal.chords_number_rate": 0.01882845163345337, "tonal.chords_strength.mean": 0.5038924813270569, "tonal.chords_strength.stdev": 0.0662766695022583, "tonal.hpcp_crest.mean": 13.680752754211426, "tonal.hpcp_crest.stdev": 5.8632612228393555, "tonal.hpcp_entropy.mean": 1.9396554231643677, "tonal.hpcp_entropy.stdev": 0.7478485703468323, "tonal.key_edma.strength": 0.6265088319778442, "tonal.key_krumhansl.strength": 0.6356819868087769, "tonal.key_temperley.strength": 0.6455883979797363, "tonal.tuning_diatonic_strength": 0.7090309858322144, "tonal.tuning_equal_tempered_deviation": 0.16683824360370636, "tonal.tuning_frequency": 440.2542419433594, "tonal.tuning_nontempered_energy_ratio": 0.7836328744888306, "lowlevel.barkbands.mean": [0.0014447735156863928, 0.03845185413956642, 0.011178099550306797, 0.002689056098461151, 0.0031599807552993298, 0.0010870766127482057, 0.0019840369932353497, 0.0019122340017929673, 0.0003595152229536325, 0.0004320879525039345, 0.00044639190309681, 0.00043317818199284375, 0.0005632825195789337, 0.00037026588688604534, 0.0006954068667255342, 0.0007596301729790866, 0.0006620589410886168, 0.0003328224120195955, 0.0004897118778899312, 0.00022877514129504561, 0.00017091583868023008, 0.00018217174510937184, 0.00019840066670440137, 0.0002535163948778063, 0.00037297664675861597, 0.0003238632925786078, 4.406099833431654e-06], "lowlevel.barkbands.stdev": [0.0020712781697511673, 0.042622391134500504, 0.027185915037989616, 0.007136231753975153, 0.004678294528275728, 0.002200395567342639, 0.0034082746133208275, 0.004080767743289471, 0.0007838316960260272, 0.0012112893164157867, 0.001199065358377993, 0.0012455676915124059, 0.0012488688807934523, 0.0007444209768436849, 0.001627599005587399, 0.0013698688708245754, 0.0010592170292511582, 0.00046900520101189613, 0.0006199906929396093, 0.00033550526131875813, 0.00035983018460683525, 0.0004495310131460428, 0.0004089130670763552, 0.0004076272889506072, 0.0007309200009331107, 0.0007576500065624714, 1.5338207958848216e-05], "lowlevel.erbbands.mean": [1.2732845544815063, 7.800189971923828, 14.743109703063965, 10.35034465789795, 7.486838340759277, 12.106090545654297, 8.250825881958008, 11.207036018371582, 26.48056983947754, 44.72417068481445, 22.85219383239746, 10.07931900024414, 14.765238761901855, 10.005200386047363, 21.020938873291016, 20.438005447387695, 26.77572250366211, 20.478286743164062, 27.01828384399414, 40.501827239990234, 37.670806884765625, 32.294315338134766, 22.990039825439453, 14.698671340942383, 27.889936447143555, 10.318164825439453, 6.477157115936279, 6.8668999671936035, 6.985266208648682, 5.762890815734863, 5.3011555671691895, 4.575114727020264, 4.766236782073975, 3.9033584594726562, 2.796625852584839, 1.5523738861083984, 0.5982774496078491, 0.060461580753326416, 0.001229656278155744, 0.00012907953350804746], "lowlevel.erbbands.stdev": [1.6677460670471191, 9.695183753967285, 31.67352867126465, 26.102893829345703, 15.42643928527832, 18.976993560791016, 13.603996276855469, 22.305431365966797, 43.094966888427734, 79.0412826538086, 45.89456558227539, 20.769384384155273, 45.87743377685547, 20.10251808166504, 50.435550689697266, 53.67144012451172, 57.21012878417969, 37.81482696533203, 56.335784912109375, 67.6301498413086, 59.300106048583984, 41.86772918701172, 28.505395889282227, 17.68060302734375, 32.406105041503906, 13.87356948852539, 12.33910083770752, 16.114276885986328, 16.994979858398438, 14.081729888916016, 10.491833686828613, 7.8383893966674805, 7.771537780761719, 7.1111040115356445, 5.9425740242004395, 3.4215288162231445, 1.505380392074585, 0.1533079296350479, 0.0030063048470765352, 0.0001312520180363208], "lowlevel.gfcc.mean": [15.523241996765137, 70.1486587524414, -101.1369857788086, 41.32314682006836, -48.209136962890625, 17.184720993041992, -46.076297760009766, 20.38812255859375, -21.945323944091797, 11.460321426391602, -11.365873336791992, 0.47044071555137634, -13.805459976196289], "lowlevel.melbands.mean": [0.010789012536406517, 0.00834575854241848, 0.0017206452321261168, 0.0006673566531389952, 0.00038746671634726226, 0.00025014227139763534, 0.000411059707403183, 0.0005044120480306447, 0.0001516371703473851, 5.688982128049247e-05, 7.194925274234265e-05, 3.65821470040828e-05, 6.515430141007528e-05, 5.944972508586943e-05, 5.8476656704442576e-05, 4.53746433777269e-05, 3.870326327160001e-05, 3.5615605156635866e-05, 5.7770987041294575e-05, 6.446627230616286e-05, 3.904746699845418e-05, 3.31558876496274e-05, 3.158256004098803e-05, 1.3036599739280064e-05, 1.0669509720173664e-05, 2.1782811018056236e-05, 1.6144371329573914e-05, 4.606738002621569e-06, 3.703431730173179e-06, 4.218356934870826e-06, 3.942641797038959e-06, 4.242241175234085e-06, 3.0452831651928136e-06, 3.4541694731160533e-06, 3.242134198444546e-06, 2.661509824974928e-06, 2.8775086775567615e-06, 3.3769224501156714e-06, 3.0800965760136023e-06, 3.433454821788473e-06], "lowlevel.melbands.stdev": [0.012384562753140926, 0.013773868791759014, 0.0040254839695990086, 0.0010391216492280364, 0.0006670012371614575, 0.0005051204352639616, 0.0006730091408826411, 0.0009426042670384049, 0.0003081780159845948, 0.00012241522199474275, 0.00022835213167127222, 7.693434599786997e-05, 0.0001720512518659234, 0.00016256762319244444, 0.00013115850742906332, 9.224133827956393e-05, 7.93294093455188e-05, 6.904786278028041e-05, 0.0001418893225491047, 0.00012573129788506776, 6.666200351901352e-05, 5.077364039607346e-05, 3.925026976503432e-05, 1.7446436686441302e-05, 1.4552404536516406e-05, 3.0010351110831834e-05, 2.0835346731473692e-05, 7.557271146652056e-06, 6.791274699935457e-06, 9.646498256188352e-06, 9.716378372104373e-06, 1.0959875908156391e-05, 7.301416189875454e-06, 8.810264262137935e-06, 6.772422239009757e-06, 5.114407031214796e-06, 4.957564215146704e-06, 5.553320988838095e-06, 5.210526978771668e-06, 6.575372026418336e-06], "lowlevel.melbands128.mean": [0.001318287686444819, 0.010442109778523445, 0.014262866228818893, 0.012557289563119411, 0.009080207906663418, 0.004602168221026659, 0.0021107220090925694, 0.0011250452371314168, 0.0006429248605854809, 0.0005986133473925292, 0.0007072727312333882, 0.0007078971830196679, 0.0002182455500587821, 0.00011341725621605292, 0.0002056602534139529, 0.0003572751011233777, 0.00039884986472316086, 0.00044153223279863596, 0.0004077177436556667, 0.0005212900578044355, 0.0006339170504361391, 0.00019433775742072612, 0.0001048267658916302, 6.032988676452078e-05, 7.190563337644562e-05, 4.02530531573575e-05, 5.600561780738644e-05, 0.00011389530845917761, 4.054781311424449e-05, 3.3058575354516506e-05, 3.0054863600526005e-05, 5.0901089707622305e-05, 6.795569061068818e-05, 8.426747808698565e-05, 5.1817747589666396e-05, 6.757456139894202e-05, 4.482788426685147e-05, 3.221186125301756e-05, 0.00010174069029744714, 5.9308131312718615e-05, 3.102731716353446e-05, 2.191751445934642e-05, 4.331699528847821e-05, 4.919476850773208e-05, 2.064240470645018e-05, 1.813381095416844e-05, 6.557684537256137e-05, 8.822283416520804e-05, 3.099961395491846e-05, 4.519515277934261e-05, 9.012367809191346e-05, 6.158934411359951e-05, 2.8197660867590457e-05, 3.5176803066860884e-05, 4.700136196333915e-05, 1.9822331523755565e-05, 3.554051727405749e-05, 4.2169562220806256e-05, 2.7388503440306522e-05, 1.9435628928476945e-05, 1.24906946439296e-05, 6.707968168484513e-06, 9.956401299859863e-06, 7.895071576058399e-06, 1.826396146498155e-05, 2.497657078492921e-05, 2.0368901459733024e-05, 2.5398872821824625e-05, 1.291529133595759e-05, 8.506031917931978e-06, 3.407279564271448e-06, 3.6488365822151536e-06, 3.2689054023649078e-06, 3.7578458886855515e-06, 3.802689207077492e-06, 4.944181000610115e-06, 4.003855792689137e-06, 3.5291302538098535e-06, 4.126490239286795e-06, 3.904751338268397e-06, 4.764363893627888e-06, 4.239838744979352e-06, 3.4119643714802805e-06, 2.898729235312203e-06, 2.7748853881348623e-06, 2.767229943856364e-06, 3.573630920072901e-06, 5.100913767819293e-06, 2.817069344018819e-06, 2.317947974006529e-06, 2.9858028938178904e-06, 2.6936124868370825e-06, 2.2527692635776475e-06, 2.9870095659134677e-06, 3.1270608360500773e-06, 3.1081474389793584e-06, 3.7185184282861883e-06, 3.3550220450706547e-06, 2.9820862437190954e-06, 3.0337187126860954e-06, 2.9938362331449753e-06, 3.80523010790057e-06, 3.4867700833274284e-06, 3.337430825922638e-06, 3.0082735520409187e-06, 3.0888093078829115e-06, 3.1542540455120616e-06, 2.971361482195789e-06, 2.68149187832023e-06, 2.476117288097157e-06, 2.2890444597578607e-06, 2.0160832718829624e-06, 2.398091965005733e-06, 1.5241946584865218e-06, 8.630460683889396e-07, 6.740565368090756e-07, 1.9615066548794857e-07, 5.985981488265679e-09, 4.2647205211743255e-10, 4.0711958110284385e-11, 1.667953448969417e-11, 1.1419818216062971e-11, 1.1066656271929709e-11, 1.0846095722938376e-11, 1.0640850180154704e-11, 1.044214627959894e-11, 1.031363709713684e-11, 1.0247331629076317e-11], "lowlevel.melbands128.stdev": [0.0020144374575465918, 0.015158284455537796, 0.018238749355077744, 0.019027478992938995, 0.019430972635746002, 0.011681079864501953, 0.005931767635047436, 0.002842969261109829, 0.0014988272450864315, 0.001296456903219223, 0.0012185951927676797, 0.0014700235333293676, 0.00040582354995422065, 0.0002695372386369854, 0.0005305524100549519, 0.0009206260438077152, 0.0008976439130492508, 0.0009536569705232978, 0.0010886783711612225, 0.001074669067747891, 0.0015711589949205518, 0.0005770863499492407, 0.0003422326117288321, 0.00017676698917057365, 0.0002090376801788807, 0.0001196833181893453, 0.0001572288165334612, 0.0004445644735824317, 0.00010659467807272449, 9.279079677071422e-05, 7.608786836499348e-05, 0.0002029883034992963, 0.00024126427888404578, 0.0002685232902877033, 0.00016693065117578954, 0.0002938836987596005, 0.00014575033856090158, 9.237737685907632e-05, 0.000320764520438388, 0.00014323063078336418, 9.403601143276319e-05, 7.41206604288891e-05, 0.00010707141336752102, 0.00012096516729798168, 7.24287674529478e-05, 4.640152110368945e-05, 0.0001900150382425636, 0.00030956545379012823, 8.135589450830594e-05, 0.00014251895481720567, 0.0002459516399540007, 0.00013003071944694966, 7.855740113882348e-05, 8.518804679624736e-05, 0.0001321228628512472, 4.4481792428996414e-05, 6.055122139514424e-05, 6.604247755603865e-05, 5.85616216994822e-05, 3.5961453249910846e-05, 1.9420764147071168e-05, 9.693175343272742e-06, 1.4762576029170305e-05, 1.7099568140110932e-05, 3.676630512927659e-05, 4.698825068771839e-05, 3.3275220630457625e-05, 3.9564361941302195e-05, 2.317479629709851e-05, 1.7761485651135445e-05, 6.0204083638382144e-06, 7.269612524396507e-06, 7.876885320001747e-06, 6.598750132980058e-06, 1.0161719728785101e-05, 1.2250387953827158e-05, 1.0534095054026693e-05, 9.410371603735257e-06, 1.0322702109988313e-05, 1.078855711966753e-05, 1.4389803254744038e-05, 1.1331307177897543e-05, 8.514629371347837e-06, 6.772609594918322e-06, 8.395471922995057e-06, 8.283798706543166e-06, 1.0063411536975764e-05, 1.2837796020903625e-05, 6.1393538999254815e-06, 4.745766545966035e-06, 6.708862656523706e-06, 5.5795949265302625e-06, 4.306876235204982e-06, 5.682486971636536e-06, 5.575091563514434e-06, 5.398213488660986e-06, 7.175350219768006e-06, 6.0286229199846275e-06, 5.188415798329515e-06, 5.848935415997403e-06, 5.785635494248709e-06, 7.73473220760934e-06, 7.968747013364919e-06, 8.237961083068512e-06, 7.190400992840296e-06, 7.2168809310824145e-06, 6.99395377523615e-06, 6.9704337875009514e-06, 6.231657607713714e-06, 6.342132564896019e-06, 6.365431090671336e-06, 5.046003479947103e-06, 6.875336111988872e-06, 4.180853920843219e-06, 2.171939740946982e-06, 1.8701754243011237e-06, 6.457195809161931e-07, 3.937952186561233e-08, 8.73911876198008e-09, 7.979937821644967e-10, 1.1583280862259571e-10, 1.6473782407655513e-11, 1.6086985910046536e-11, 1.579652381122898e-11, 1.5554750196211664e-11, 1.536050973915959e-11, 1.5221096952289237e-11, 1.5135439776492454e-11], "lowlevel.mfcc.mean": [-632.2339477539062, 101.19937896728516, 9.805994033813477, 27.629459381103516, 22.026025772094727, 2.008230686187744, 2.533062219619751, 1.9455368518829346, 1.0926809310913086, 3.539011001586914, 6.326771259307861, 5.371869087219238, 7.190937042236328], "lowlevel.spectral_contrast_coeffs.mean": [-0.6546376347541809, -0.6927163600921631, -0.7835063338279724, -0.7641705274581909, -0.7629321217536926, -0.7776235938072205], "lowlevel.spectral_contrast_coeffs.stdev": [0.08730077743530273, 0.08494274318218231, 0.06625185161828995, 0.06916172802448273, 0.054373763501644135, 0.037394337356090546], "lowlevel.spectral_contrast_valleys.mean": [-6.937453269958496, -7.112863063812256, -7.711453914642334, -7.67068338394165, -7.543213367462158, -9.83381462097168], "lowlevel.spectral_contrast_valleys.stdev": [1.1466779708862305, 0.7542098760604858, 0.7917960286140442, 0.8381111025810242, 0.9357107281684875, 1.2283490896224976], "rhythm.beats_loudness_band_ratio.mean": [0.8378165364265442, 0.034617405384778976, 0.06313280016183853, 0.021006805822253227, 0.028597116470336914, 0.023749614134430885], "rhythm.beats_loudness_band_ratio.stdev": [0.12973162531852722, 0.050025589764118195, 0.07283050566911697, 0.02328435517847538, 0.03626483678817749, 0.0429370291531086], "tonal.hpcp.mean": [0.15614676475524902, 0.11476141959428787, 0.0970570370554924, 0.09160611778497696, 0.06891300529241562, 0.054719459265470505, 0.049848638474941254, 0.05173152685165405, 0.14915414154529572, 0.19230197370052338, 0.09586893022060394, 0.041712868958711624, 0.030294930562376976, 0.0295096468180418, 0.06229929253458977, 0.11717133224010468, 0.0948241576552391, 0.03683185949921608, 0.024632276967167854, 0.0295905452221632, 0.0856487900018692, 0.10080254077911377, 0.05945752188563347, 0.0716182142496109, 0.08547177910804749, 0.06366986036300659, 0.05166606977581978, 0.05627744644880295, 0.061189066618680954, 0.1340482532978058, 0.21936523914337158, 0.2057500183582306, 0.15465047955513, 0.11509716510772705, 0.10245390981435776, 0.14174139499664307], "tonal.hpcp.stdev": [0.2870595455169678, 0.23426246643066406, 0.22609591484069824, 0.222461998462677, 0.20948264002799988, 0.16103911399841309, 0.1551612764596939, 0.15065810084342957, 0.2682371139526367, 0.32727816700935364, 0.18517401814460754, 0.12971319258213043, 0.10594230890274048, 0.12061144411563873, 0.15978187322616577, 0.2546013593673706, 0.20925599336624146, 0.14060138165950775, 0.10543046146631241, 0.0845228061079979, 0.18925264477729797, 0.21581479907035828, 0.1418793946504593, 0.18682871758937836, 0.21333585679531097, 0.17623546719551086, 0.16918529570102692, 0.16933627426624298, 0.17631059885025024, 0.2509399354457855, 0.3515748679637909, 0.3247576355934143, 0.3021846115589142, 0.25561589002609253, 0.2203449159860611, 0.26506829261779785], "rhythm.beats_position": [0.5921088457107544, 1.2306575775146484, 1.8459863662719727, 2.4729251861572266, 3.1346938610076904, 3.8196823596954346, 4.504671096801758, 5.178049564361572, 5.863038539886475, 6.548027038574219, 7.221405982971191, 7.9063944816589355, 8.59138298034668, 9.264761924743652, 9.949749946594238, 10.63473892211914, 11.319727897644043, 12.004715919494629, 12.678094863891602, 13.363083839416504, 14.04807186126709, 14.721450805664062, 15.418049812316895, 16.091428756713867, 16.776416778564453, 17.46140480041504, 18.134784698486328, 18.808162689208984, 19.49315071105957, 20.17814064025879, 20.863128662109375, 21.54811668395996], "rhythm.bpm_histogram": [0.0, 0.0, 0.0, 0.0, 0.0, 0.0, 0.0, 0.0, 0.0, 0.0, 0.0, 0.0, 0.0, 0.0, 0.0, 0.0, 0.0, 0.0, 0.0, 0.0, 0.0, 0.0, 0.0, 0.0, 0.0, 0.0, 0.0, 0.0, 0.0, 0.0, 0.0, 0.0, 0.0, 0.0, 0.0, 0.0, 0.0, 0.0, 0.0, 0.0, 0.0, 0.0, 0.0, 0.0, 0.0, 0.0, 0.0, 0.0, 0.0, 0.0, 0.0, 0.0, 0.0, 0.0, 0.0, 0.0, 0.0, 0.0, 0.0, 0.0, 0.0, 0.0, 0.0, 0.0, 0.0, 0.0, 0.0, 0.0, 0.0, 0.0, 0.0, 0.0, 0.0, 0.0, 0.0, 0.0, 0.0, 0.0, 0.0, 0.0, 0.0, 0.0, 0.0, 0.0, 0.0, 0.0, 0.032258063554763794, 0.0, 0.5806451439857483, 0.25806450843811035, 0.0, 0.032258063554763794, 0.0, 0.0, 0.032258063554763794, 0.0, 0.032258063554763794, 0.0, 0.032258063554763794, 0.0, 0.0, 0.0, 0.0, 0.0, 0.0, 0.0, 0.0, 0.0, 0.0, 0.0, 0.0, 0.0, 0.0, 0.0, 0.0, 0.0, 0.0, 0.0, 0.0, 0.0, 0.0, 0.0, 0.0, 0.0, 0.0, 0.0, 0.0, 0.0, 0.0, 0.0, 0.0, 0.0, 0.0, 0.0, 0.0, 0.0, 0.0, 0.0, 0.0, 0.0, 0.0, 0.0, 0.0, 0.0, 0.0, 0.0, 0.0, 0.0, 0.0, 0.0, 0.0, 0.0, 0.0, 0.0, 0.0, 0.0, 0.0, 0.0, 0.0, 0.0, 0.0, 0.0, 0.0, 0.0, 0.0, 0.0, 0.0, 0.0, 0.0, 0.0, 0.0, 0.0, 0.0, 0.0, 0.0, 0.0, 0.0, 0.0, 0.0, 0.0, 0.0, 0.0, 0.0, 0.0, 0.0, 0.0, 0.0, 0.0, 0.0, 0.0, 0.0, 0.0, 0.0, 0.0, 0.0, 0.0, 0.0, 0.0, 0.0, 0.0, 0.0, 0.0, 0.0, 0.0, 0.0, 0.0, 0.0, 0.0, 0.0, 0.0, 0.0, 0.0, 0.0, 0.0, 0.0, 0.0, 0.0, 0.0, 0.0, 0.0, 0.0, 0.0, 0.0, 0.0, 0.0, 0.0, 0.0, 0.0, 0.0, 0.0, 0.0, 0.0, 0.0, 0.0, 0.0, 0.0, 0.0, 0.0, 0.0, 0.0, 0.0, 0.0, 0.0, 0.0, 0.0, 0.0, 0.0, 0.0, 0.0, 0.0], "tonal.chords_histogram": [38.49372482299805, 7.531380653381348, 20.083681106567383, 0.0, 0.0, 0.0, 0.4184100329875946, 1.0460251569747925, 0.0, 0.0, 0.0, 0.0, 0.0, 0.0, 0.0, 2.092050313949585, 0.0, 0.0, 0.0, 1.882845163345337, 0.4184100329875946, 5.020920276641846, 1.0460251569747925, 21.966527938842773], "tonal.thpcp": [1.0, 0.9379335641860962, 0.704990804195404, 0.5246827602386475, 0.46704715490341187, 0.64614337682724, 0.7118117809295654, 0.523152232170105, 0.44244492053985596, 0.41759634017944336, 0.31414732336997986, 0.24944452941417694, 0.22724036872386932, 0.23582372069358826, 0.6799351572990417, 0.8766291737556458, 0.43702882528305054, 0.1901525855064392, 0.1381026953458786, 0.13452289998531342, 0.2839980125427246, 0.5341380834579468, 0.43226611614227295, 0.16790199279785156, 0.11228887736797333, 0.13489167392253876, 0.3904392123222351, 0.4595192074775696, 0.2710435092449188, 0.32647931575775146, 0.38963228464126587, 0.2902458906173706, 0.23552532494068146, 0.2565467953681946, 0.2789369225502014, 0.61107337474823], "lowlevel.gfcc.cov": [[8262.9541015625, -1393.532470703125, 983.8096313476562, 1200.6063232421875, 425.6975402832031, 811.8052978515625, 11.881576538085938, 928.1451416015625, 207.8915557861328, 388.2113952636719, -313.2612609863281, 38.799293518066406, -181.16529846191406], [-1393.532470703125, 1561.4588623046875, -463.206298828125, -58.51676940917969, 96.91668701171875, -92.52656555175781, 281.8363037109375, -191.1714324951172, 50.943092346191406, -187.03875732421875, 206.22157287597656, -211.8829803466797, 91.6972427368164], [983.8096313476562, -463.206298828125, 1096.401611328125, 262.63800048828125, 194.68228149414062, 359.9905700683594, 197.0146942138672, 199.57940673828125, 88.35330200195312, 148.70962524414062, -10.09636116027832, 236.31088256835938, -61.94489288330078], [1200.6063232421875, -58.51676940917969, 262.63800048828125, 900.4879150390625, 369.03765869140625, 173.7053985595703, 53.11986541748047, 251.80467224121094, 266.0419616699219, 69.19758605957031, -30.79979133605957, -72.51153564453125, 64.54132843017578], [425.6975402832031, 96.91668701171875, 194.68228149414062, 369.03765869140625, 426.68499755859375, 151.97329711914062, 107.11386108398438, 181.6672821044922, 231.5120391845703, 98.90505981445312, 41.350303649902344, -4.603377819061279, 41.82048797607422], [811.8052978515625, -92.52656555175781, 359.9905700683594, 173.7053985595703, 151.97329711914062, 368.7784118652344, 280.6289978027344, 184.5227508544922, 88.86276245117188, 87.14966583251953, 44.33833312988281, 40.77378463745117, -25.766550064086914], [11.881576538085938, 281.8363037109375, 197.0146942138672, 53.11986541748047, 107.11386108398438, 280.6289978027344, 465.3621826171875, 153.44996643066406, 111.1130142211914, 43.65122604370117, 154.73605346679688, 52.95499801635742, 10.252355575561523], [928.1451416015625, -191.1714324951172, 199.57940673828125, 251.80467224121094, 181.6672821044922, 184.5227508544922, 153.44996643066406, 353.27386474609375, 221.77772521972656, 134.79771423339844, 52.44994354248047, 45.118499755859375, 36.35017395019531], [207.8915557861328, 50.943092346191406, 88.35330200195312, 266.0419616699219, 231.5120391845703, 88.86276245117188, 111.1130142211914, 221.77772521972656, 351.31011962890625, 157.9961700439453, 108.7841567993164, 9.410944938659668, 91.7332763671875], [388.2113952636719, -187.03875732421875, 148.70962524414062, 69.19758605957031, 98.90505981445312, 87.14966583251953, 43.65122604370117, 134.79771423339844, 157.9961700439453, 182.9676971435547, 70.4818115234375, 48.31675338745117, 2.178084373474121], [-313.2612609863281, 206.22157287597656, -10.09636116027832, -30.79979133605957, 41.350303649902344, 44.33833312988281, 154.73605346679688, 52.44994354248047, 108.7841567993164, 70.4818115234375, 211.52919006347656, 73.46392059326172, 63.9494743347168], [38.799293518066406, -211.8829803466797, 236.31088256835938, -72.51153564453125, -4.603377819061279, 40.77378463745117, 52.95499801635742, 45.118499755859375, 9.410944938659668, 48.31675338745117, 73.46392059326172, 224.89407348632812, 49.906795501708984], [-181.16529846191406, 91.6972427368164, -61.94489288330078, 64.54132843017578, 41.82048797607422, -25.766550064086914, 10.252355575561523, 36.35017395019531, 91.7332763671875, 2.178084373474121, 63.9494743347168, 49.906795501708984, 148.5286407470703]], "lowlevel.gfcc.icov": [[0.00038073904579505324, -0.00031572981970384717, 0.00020918156951665878, -0.00046411235234700143, 0.00036014008219353855, -0.0010718333069235086, 0.000824969494715333, -0.001090437057428062, 0.0006857694825157523, -0.0008931744960136712, 0.0006917191203683615, -0.0006539808236993849, 0.00038229647907428443], [-0.00031572981970384717, 0.0027884403243660927, -0.0005015222122892737, 0.0008423901163041592, -0.0016898242756724358, 0.0024420972913503647, -0.00276524992659688, 0.002303466433659196, -0.0011383260134607553, 0.003595832036808133, -0.003362724557518959, 0.0038663579616695642, -0.0013562191743403673], [0.00020918156951665878, -0.0005015222122892737, 0.0027112155221402645, -0.0009836680255830288, 0.0002620292652864009, -0.002666799584403634, 0.00073638727189973, -9.432603837922215e-05, -0.00016681101988069713, -0.0013485290110111237, 0.002116712275892496, -0.004220589995384216, 0.0021883812732994556], [-0.00046411235234700143, 0.0008423901163041592, -0.0009836680255830288, 0.003075213637202978, -0.001858028583228588, 0.0011034179478883743, -0.0006207585684023798, 0.0006953845149837434, -0.0017906575230881572, 0.002880122046917677, -0.0012482074089348316, 0.002889792900532484, -0.0016153383767232299], [0.00036014008219353855, -0.0016898242756724358, 0.0002620292652864009, -0.001858028583228588, 0.00596777256578207, -0.0029347180388867855, 0.002120969584211707, -0.0015052682720124722, -0.001589882536791265, -0.002021974418312311, 0.0021647701505571604, -0.0025841568130999804, 0.0013795822160318494], [-0.0010718333069235086, 0.0024420972913503647, -0.002666799584403634, 0.0011034179478883743, -0.0029347180388867855, 0.013841401785612106, -0.009005938656628132, 0.001969730481505394, 0.001208924688398838, 0.0004447110986802727, -0.0021421907003968954, 0.005993243772536516, -0.0028842489700764418], [0.000824969494715333, -0.00276524992659688, 0.00073638727189973, -0.0006207585684023798, 0.002120969584211707, -0.009005938656628132, 0.010729467496275902, -0.00440107611939311, -0.0002992722438648343, 0.00063581473659724, -0.001072901883162558, -0.004246045835316181, 0.0035313975531607866], [-0.001090437057428062, 0.002303466433659196, -9.432603837922215e-05, 0.0006953845149837434, -0.0015052682720124722, 0.001969730481505394, -0.00440107611939311, 0.0108259879052639, -0.005381138529628515, 0.0022330577485263348, -0.001518008764833212, 0.001687089097686112, -0.0012963931076228619], [0.0006857694825157523, -0.0011383260134607553, -0.00016681101988069713, -0.0017906575230881572, -0.001589882536791265, 0.001208924688398838, -0.0002992722438648343, -0.005381138529628515, 0.013869683258235455, -0.010114201344549656, 0.0005964918527752161, 0.0018225570674985647, -0.005044245161116123], [-0.0008931744960136712, 0.003595832036808133, -0.0013485290110111237, 0.002880122046917677, -0.002021974418312311, 0.0004447110986802727, 0.00063581473659724, 0.0022330577485263348, -0.010114201344549656, 0.021622709929943085, -0.009467611089348793, 0.0031793571542948484, 0.003870340995490551], [0.0006917191203683615, -0.003362724557518959, 0.002116712275892496, -0.0012482074089348316, 0.0021647701505571604, -0.0021421907003968954, -0.001072901883162558, -0.001518008764833212, 0.0005964918527752161, -0.009467611089348793, 0.015940168872475624, -0.007989312522113323, -0.0005988184711895883], [-0.0006539808236993849, 0.0038663579616695642, -0.004220589995384216, 0.002889792900532484, -0.0025841568130999804, 0.005993243772536516, -0.004246045835316181, 0.001687089097686112, 0.0018225570674985647, 0.0031793571542948484, -0.007989312522113323, 0.01669282093644142, -0.007894457317888737], [0.00038229647907428443, -0.0013562191743403673, 0.0021883812732994556, -0.0016153383767232299, 0.0013795822160318494, -0.0028842489700764418, 0.0035313975531607866, -0.0012963931076228619, -0.005044245161116123, 0.003870340995490551, -0.0005988184711895883, -0.007894457317888737, 0.014804679900407791]], "lowlevel.mfcc.cov": [[6184.1298828125, -834.772705078125, 154.2811737060547, 650.8096313476562, 677.63916015625, 216.19027709960938, 217.4363555908203, 359.458984375, 503.9849853515625, 507.2950439453125, 302.1546936035156, 57.536258697509766, -1.6816985607147217], [-834.772705078125, 991.4049072265625, -177.6751251220703, -100.83660125732422, -166.63095092773438, 24.798276901245117, 149.1664581298828, 20.077415466308594, -67.63085174560547, -64.40209197998047, 12.61592960357666, 41.54832458496094, -42.2352409362793], [154.2811737060547, -177.6751251220703, 701.1591796875, 23.950584411621094, 9.664114952087402, 185.75328063964844, 135.07040405273438, 169.74191284179688, 40.346435546875, 10.462780952453613, 52.58514404296875, 62.23204040527344, 59.80393981933594], [650.8096313476562, -100.83660125732422, 23.950584411621094, 615.53466796875, 374.696044921875, 120.38444519042969, -19.211545944213867, 107.03308868408203, 191.77392578125, 153.2262725830078, 45.47929763793945, 42.49137878417969, 63.72456741333008], [677.63916015625, -166.63095092773438, 9.664114952087402, 374.696044921875, 480.1622619628906, 86.00784301757812, -63.130516052246094, 48.31962966918945, 182.324951171875, 182.4967041015625, 50.74099349975586, 38.96422576904297, 68.91185760498047], [216.19027709960938, 24.798276901245117, 185.75328063964844, 120.38444519042969, 86.00784301757812, 254.74612426757812, 143.01161193847656, 116.52291870117188, 73.1880874633789, 76.62117004394531, 77.86188507080078, 55.74052810668945, 14.774951934814453], [217.4363555908203, 149.1664581298828, 135.07040405273438, -19.211545944213867, -63.130516052246094, 143.01161193847656, 281.3096008300781, 176.6658935546875, 39.92906188964844, 43.03130340576172, 109.27845764160156, 68.40733337402344, 1.0587886571884155], [359.458984375, 20.077415466308594, 169.74191284179688, 107.03308868408203, 48.31962966918945, 116.52291870117188, 176.6658935546875, 265.2538757324219, 129.3850860595703, 83.2434310913086, 94.06663513183594, 75.85736083984375, 70.13922882080078], [503.9849853515625, -67.63085174560547, 40.346435546875, 191.77392578125, 182.324951171875, 73.1880874633789, 39.92906188964844, 129.3850860595703, 241.417236328125, 174.973876953125, 75.44869232177734, 66.70584869384766, 69.61161804199219], [507.2950439453125, -64.40209197998047, 10.462780952453613, 153.2262725830078, 182.4967041015625, 76.62117004394531, 43.03130340576172, 83.2434310913086, 174.973876953125, 251.95924377441406, 142.26585388183594, 77.92481231689453, 54.0228385925293], [302.1546936035156, 12.61592960357666, 52.58514404296875, 45.47929763793945, 50.74099349975586, 77.86188507080078, 109.27845764160156, 94.06663513183594, 75.44869232177734, 142.26585388183594, 195.3482208251953, 105.41110229492188, 46.249839782714844], [57.536258697509766, 41.54832458496094, 62.23204040527344, 42.49137878417969, 38.96422576904297, 55.74052810668945, 68.40733337402344, 75.85736083984375, 66.70584869384766, 77.92481231689453, 105.41110229492188, 142.25387573242188, 90.48149871826172], [-1.6816985607147217, -42.2352409362793, 59.80393981933594, 63.72456741333008, 68.91185760498047, 14.774951934814453, 1.0587886571884155, 70.13922882080078, 69.61161804199219, 54.0228385925293, 46.249839782714844, 90.48149871826172, 148.555908203125]], "lowlevel.mfcc.icov": [[0.000270513235591352, 0.00022821656602900475, 3.7525420339079574e-05, -7.247395842568949e-05, -0.00023551503545604646, 0.00017608734196983278, -0.00033045868622139096, -0.00011539698607521132, -0.0002275769365951419, -7.363004260696471e-05, -0.00019779395370278507, 0.00010908599506365135, 0.0003610568237490952], [0.00022821656602900475, 0.0015517628053203225, 0.0005892566405236721, -0.0001296722621191293, 5.7226243370678276e-05, -3.92278925573919e-05, -0.00114196736831218, -7.159321830840781e-05, 3.894431938533671e-05, 9.807307651499286e-05, 0.00035875110188499093, -0.0009615988819859922, 0.0007015439332462847], [3.7525420339079574e-05, 0.0005892566405236721, 0.0022781635634601116, 0.00028088135877624154, 2.8271313567529432e-05, -0.001566571183502674, 5.464061177917756e-05, -0.00122754683252424, 0.0003823008737526834, 0.00047219745465554297, 0.00022382455063052475, -0.00045006186701357365, -0.00029419345082715154], [-7.247395842568949e-05, -0.0001296722621191293, 0.00028088135877624154, 0.0035413282457739115, -0.0022285503800958395, -0.0010523098753765225, 0.0010030296398326755, -0.0011840530205518007, -0.0007095953333191574, 0.0005018969532102346, 0.00015798179083503783, -0.00012745166895911098, 0.00019891139527317137], [-0.00023551503545604646, 5.7226243370678276e-05, 2.8271313567529432e-05, -0.0022285503800958395, 0.005663764663040638, -0.0012385087320581079, 0.0016197937075048685, 0.0006155271548777819, -0.0006516050198115408, -0.0020745026413351297, 0.0005503047141246498, 0.0003317224036436528, -0.001161731779575348], [0.00017608734196983278, -3.92278925573919e-05, -0.001566571183502674, -0.0010523098753765225, -0.0012385087320581079, 0.008096206933259964, -0.003926646895706654, 0.0005992705118842423, -0.00011085456935688853, -0.0007950062863528728, 0.00013470406702253968, -0.0008173275855369866, 0.0013841568725183606], [-0.00033045868622139096, -0.00114196736831218, 5.464061177917756e-05, 0.0010030296398326755, 0.0016197937075048685, -0.003926646895706654, 0.012366087175905704, -0.006799442693591118, 0.0012027374468743801, 0.0005209430819377303, -0.002685412997379899, -0.00204739673063159, 0.003310668747872114], [-0.00011539698607521132, -7.159321830840781e-05, -0.00122754683252424, -0.0011840530205518007, 0.0006155271548777819, 0.0005992705118842423, -0.006799442693591118, 0.012208272702991962, -0.005156847182661295, 0.0021190205588936806, -0.00158237898722291, 0.0026372442953288555, -0.004548048134893179], [-0.0002275769365951419, 3.894431938533671e-05, 0.0003823008737526834, -0.0007095953333191574, -0.0006516050198115408, -0.00011085456935688853, 0.0012027374468743801, -0.005156847182661295, 0.013621866703033447, -0.008384735323488712, 0.004754314199090004, -0.002579585649073124, -0.00034446155768819153], [-7.363004260696471e-05, 9.807307651499286e-05, 0.00047219745465554297, 0.0005018969532102346, -0.0020745026413351297, -0.0007950062863528728, 0.0005209430819377303, 0.0021190205588936806, -0.008384735323488712, 0.015462903305888176, -0.009528832510113716, 0.0017529543256387115, -0.00013635300274472684], [-0.00019779395370278507, 0.00035875110188499093, 0.00022382455063052475, 0.00015798179083503783, 0.0005503047141246498, 0.00013470406702253968, -0.002685412997379899, -0.00158237898722291, 0.004754314199090004, -0.009528832510113716, 0.016845228150486946, -0.008914696983993053, 0.001862119883298874], [0.00010908599506365135, -0.0009615988819859922, -0.00045006186701357365, -0.00012745166895911098, 0.0003317224036436528, -0.0008173275855369866, -0.00204739673063159, 0.0026372442953288555, -0.002579585649073124, 0.0017529543256387115, -0.008914696983993053, 0.02103758603334427, -0.010806183330714703], [0.0003610568237490952, 0.0007015439332462847, -0.00029419345082715154, 0.00019891139527317137, -0.001161731779575348, 0.0013841568725183606, 0.003310668747872114, -0.004548048134893179, -0.00034446155768819153, -0.00013635300274472684, 0.001862119883298874, -0.010806183330714703, 0.015706105157732964]], "metadata.audio_properties.analysis.downmix": "mix", "metadata.audio_properties.codec": "mp3", "metadata.audio_properties.md5_encoded": "42369779a6a986e7044444e618ac5f11", "metadata.tags.file_name": "1183691846669582416.mp3", "metadata.version.essentia": "2.1-beta6-dev", "metadata.version.essentia_git_sha": "v2.1_beta5-1110-g77a6a954", "metadata.version.extractor": "music 2.0", "tonal.chords_key": "C", "tonal.chords_scale": "major", "tonal.key_edma.key": "C", "tonal.key_edma.scale": "major", "tonal.key_krumhansl.key": "C", "tonal.key_krumhansl.scale": "major", "tonal.key_temperley.key": "C", "tonal.key_temperley.scale": "major", "metadata.tags.encoding": ["Lavf58.45.100"]}, "essentia_models": [{"model_name": "genre_dortmund", "activations": {"alternative": "0.004659855", "blues": "0.00018710758", "electronic": "0.042790413", "folkcountry": "0.00061102223", "funksoulrnb": "0.0045948396", "jazz": "0.0004546521", "pop": "0.020536195", "raphiphop": "0.8338355", "r