{"song_id": "1183707739277500416", "download": "https://cdn.discordapp.com/attachments/1135903449314238464/1183707739277500416/chirp.mp4?ex=658950bd&amp", "lyrics": "[Verse]\nLost in thoughts, my mind's entwined\nConflicting notions, I can't define\nBeliefs clashing, a constant fight\nCognitive dissonance, blurring the light\n\n[Chorus]\nIn this paradox that I hold so tight\nCognitive dissonance, my soul takes flight", "style": ["hip hop</span><span>, middle eastern</span><span>, rap"], "essentia_features": {"lowlevel.average_loudness": 0.9528377056121826, "lowlevel.barkbands_crest.mean": 21.49605369567871, "lowlevel.barkbands_crest.stdev": 3.8947081565856934, "lowlevel.barkbands_flatness_db.mean": 0.32186079025268555, "lowlevel.barkbands_flatness_db.stdev": 0.09615124762058258, "lowlevel.barkbands_kurtosis.mean": 81.9354019165039, "lowlevel.barkbands_kurtosis.stdev": 75.2764892578125, "lowlevel.barkbands_skewness.mean": 6.930103302001953, "lowlevel.barkbands_skewness.stdev": 3.3801467418670654, "lowlevel.barkbands_spread.mean": 6.7875871658325195, "lowlevel.barkbands_spread.stdev": 9.91245174407959, "lowlevel.dissonance.mean": 0.4603734314441681, "lowlevel.dissonance.stdev": 0.024922167882323265, "lowlevel.dynamic_complexity": 1.7676544189453125, "lowlevel.erbbands_crest.mean": 12.276844024658203, "lowlevel.erbbands_crest.stdev": 6.27603816986084, "lowlevel.erbbands_flatness_db.mean": 0.16831982135772705, "lowlevel.erbbands_flatness_db.stdev": 0.06558605283498764, "lowlevel.erbbands_kurtosis.mean": 4.990894317626953, "lowlevel.erbbands_kurtosis.stdev": 9.594274520874023, "lowlevel.erbbands_skewness.mean": 1.4661556482315063, "lowlevel.erbbands_skewness.stdev": 1.6453251838684082, "lowlevel.erbbands_spread.mean": 67.22779846191406, "lowlevel.erbbands_spread.stdev": 41.89566421508789, "lowlevel.hfc.mean": 25.50237274169922, "lowlevel.hfc.stdev": 18.6210880279541, "lowlevel.loudness_ebu128.integrated": -11.950814247131348, "lowlevel.loudness_ebu128.loudness_range": 2.8061141967773438, "lowlevel.loudness_ebu128.momentary.mean": -12.683161735534668, "lowlevel.loudness_ebu128.momentary.stdev": 2.8640501499176025, "lowlevel.loudness_ebu128.short_term.mean": -12.052054405212402, "lowlevel.loudness_ebu128.short_term.stdev": 1.0539140701293945, "lowlevel.melbands_crest.mean": 26.365060806274414, "lowlevel.melbands_crest.stdev": 5.776700496673584, "lowlevel.melbands_flatness_db.mean": 0.4113084077835083, "lowlevel.melbands_flatness_db.stdev": 0.11889083683490753, "lowlevel.melbands_kurtosis.mean": 211.32949829101562, "lowlevel.melbands_kurtosis.stdev": 178.38961791992188, "lowlevel.melbands_skewness.mean": 9.920145988464355, "lowlevel.melbands_skewness.stdev": 5.21154260635376, "lowlevel.melbands_spread.mean": 5.3512067794799805, "lowlevel.melbands_spread.stdev": 17.053417205810547, "lowlevel.pitch_salience.mean": 0.26272255182266235, "lowlevel.pitch_salience.stdev": 0.13542376458644867, "lowlevel.silence_rate_20dB.mean": 0.9822799563407898, "lowlevel.silence_rate_20dB.stdev": 0.13193246722221375, "lowlevel.silence_rate_30dB.mean": 0.3012404143810272, "lowlevel.silence_rate_30dB.stdev": 0.458796888589859, "lowlevel.silence_rate_60dB.mean": 0.005316006951034069, "lowlevel.silence_rate_60dB.stdev": 0.07271694391965866, "lowlevel.spectral_centroid.mean": 612.6226196289062, "lowlevel.spectral_centroid.stdev": 585.9561157226562, "lowlevel.spectral_complexity.mean": 8.744240760803223, "lowlevel.spectral_complexity.stdev": 8.294788360595703, "lowlevel.spectral_decrease.mean": -4.968047662146091e-08, "lowlevel.spectral_decrease.stdev": 2.9745827134775027e-08, "lowlevel.spectral_energy.mean": 0.1898183375597, "lowlevel.spectral_energy.stdev": 0.11295491456985474, "lowlevel.spectral_energyband_high.mean": 0.0009478518622927368, "lowlevel.spectral_energyband_high.stdev": 0.0016756296390667558, "lowlevel.spectral_energyband_low.mean": 0.1673204004764557, "lowlevel.spectral_energyband_low.stdev": 0.11479707062244415, "lowlevel.spectral_energyband_middle_high.mean": 0.0018111153040081263, "lowlevel.spectral_energyband_middle_high.stdev": 0.00457129068672657, "lowlevel.spectral_energyband_middle_low.mean": 0.022182809188961983, "lowlevel.spectral_energyband_middle_low.stdev": 0.015988072380423546, "lowlevel.spectral_entropy.mean": 6.962753772735596, "lowlevel.spectral_entropy.stdev": 0.838149905204773, "lowlevel.spectral_flux.mean": 0.07542815059423447, "lowlevel.spectral_flux.stdev": 0.07812897115945816, "lowlevel.spectral_kurtosis.mean": 5.284539699554443, "lowlevel.spectral_kurtosis.stdev": 15.384845733642578, "lowlevel.spectral_rms.mean": 0.012542295269668102, "lowlevel.spectral_rms.stdev": 0.005280130542814732, "lowlevel.spectral_rolloff.mean": 388.155517578125, "lowlevel.spectral_rolloff.stdev": 1349.1080322265625, "lowlevel.spectral_skewness.mean": 1.696945309638977, "lowlevel.spectral_skewness.stdev": 1.0522395372390747, "lowlevel.spectral_spread.mean": 6136253.0, "lowlevel.spectral_spread.stdev": 2494076.5, "lowlevel.spectral_strongpeak.mean": 1.0916388034820557, "lowlevel.spectral_strongpeak.stdev": 0.35189497470855713, "lowlevel.zerocrossingrate.mean": 0.02311217226088047, "lowlevel.zerocrossingrate.stdev": 0.039516180753707886, "metadata.audio_properties.analysis.equal_loudness": 0.0, "metadata.audio_properties.analysis.length": 39.2746467590332, "metadata.audio_properties.analysis.sample_rate": 44100.0, "metadata.audio_properties.analysis.start_time": 0.0, "metadata.audio_properties.bit_rate": 119355.0, "metadata.audio_properties.length": 39.27466583251953, "metadata.audio_properties.lossless": 0.0, "metadata.audio_properties.number_channels": 1.0, "metadata.audio_properties.replay_gain": -9.87000846862793, "metadata.audio_properties.sample_rate": 48000.0, "rhythm.beats_count": 91.0, "rhythm.beats_loudness.mean": 0.21052652597427368, "rhythm.beats_loudness.stdev": 0.10726460069417953, "rhythm.bpm": 139.9602508544922, "rhythm.bpm_histogram_first_peak_bpm": 140.0, "rhythm.bpm_histogram_first_peak_weight": 0.2727273106575012, "rhythm.bpm_histogram_second_peak_bpm": 148.0, "rhythm.bpm_histogram_second_peak_spread": 0.0, "rhythm.bpm_histogram_second_peak_weight": 0.011111111380159855, "rhythm.danceability": 0.9413418769836426, "rhythm.onset_rate": 3.9706616401672363, "tonal.chords_changes_rate": 0.05667060241103172, "tonal.chords_number_rate": 0.00826446246355772, "tonal.chords_strength.mean": 0.5000619292259216, "tonal.chords_strength.stdev": 0.07759740203619003, "tonal.hpcp_crest.mean": 15.3755521774292, "tonal.hpcp_crest.stdev": 7.830934524536133, "tonal.hpcp_entropy.mean": 1.8909684419631958, "tonal.hpcp_entropy.stdev": 0.9146438241004944, "tonal.key_edma.strength": 0.6032093167304993, "tonal.key_krumhansl.strength": 0.6022758483886719, "tonal.key_temperley.strength": 0.5804106593132019, "tonal.tuning_diatonic_strength": 0.6212624907493591, "tonal.tuning_equal_tempered_deviation": 0.10731377452611923, "tonal.tuning_frequency": 437.7185363769531, "tonal.tuning_nontempered_energy_ratio": 0.7466856241226196, "lowlevel.barkbands.mean": [0.006361228413879871, 0.1539691984653473, 0.004583179019391537, 0.007044744677841663, 0.013715658336877823, 0.0006308373413048685, 0.00026586008607409894, 0.000304277113173157, 0.00013716956891585141, 0.00018890365026891232, 7.65179647714831e-05, 0.00012244169192854315, 0.00022263952996581793, 0.00019472384883556515, 0.00019928216352127492, 0.00033990596421062946, 0.0002370332949794829, 0.00012162377242930233, 8.352816075785086e-05, 0.00010782105528051034, 8.97460849955678e-05, 4.341609019320458e-05, 0.00018077477579936385, 0.00042251410195603967, 0.00012094402336515486, 5.4095991799840704e-05, 2.916482060300041e-07], "lowlevel.barkbands.stdev": [0.008658543229103088, 0.10808116942644119, 0.010947255417704582, 0.006686138454824686, 0.012038376182317734, 0.001641749171540141, 0.000737805210519582, 0.0006605242961086333, 0.00031566148390993476, 0.00035248586209490895, 0.0002332980075152591, 0.0004152430919930339, 0.0006898179417476058, 0.0006708933506160975, 0.0008236921275965869, 0.0012746721040457487, 0.0007630835752934217, 0.0003104464849457145, 0.00017132965149357915, 0.00015548145165666938, 0.0002189136721426621, 0.00010068009578390047, 0.00033593917032703757, 0.0007270621135830879, 0.00039385378477163613, 0.00013422165648080409, 1.2482133797675488e-06], "lowlevel.erbbands.mean": [6.470516204833984, 26.43226432800293, 9.739424705505371, 15.22586727142334, 57.36901092529297, 27.171667098999023, 11.647695541381836, 3.9905800819396973, 4.032186031341553, 4.74559211730957, 6.264759063720703, 3.697641611099243, 5.394428730010986, 4.545561790466309, 3.4212958812713623, 5.9006571769714355, 9.556254386901855, 10.096282958984375, 10.625326156616211, 13.132373809814453, 18.68024444580078, 13.156898498535156, 7.322930335998535, 5.14445686340332, 4.879249095916748, 4.832728385925293, 3.580620527267456, 3.0944221019744873, 1.6505426168441772, 2.2036335468292236, 5.796381950378418, 10.807706832885742, 5.059330463409424, 1.6027754545211792, 0.7786238193511963, 0.32157281041145325, 0.08489061146974564, 0.006836038548499346, 0.00023298815358430147, 0.00021633256983477622], "lowlevel.erbbands.stdev": [5.056265830993652, 20.279172897338867, 13.736898422241211, 16.12718391418457, 51.839115142822266, 25.546924591064453, 20.685138702392578, 11.622406959533691, 11.589889526367188, 10.210229873657227, 15.116598129272461, 7.840310573577881, 9.310478210449219, 10.732797622680664, 9.871716499328613, 19.380006790161133, 29.7919864654541, 30.828580856323242, 40.27605438232422, 50.60970687866211, 69.14221954345703, 42.6623420715332, 17.919435501098633, 12.282049179077148, 7.353900909423828, 7.2232770919799805, 7.628759384155273, 8.27664566040039, 3.852802276611328, 4.722072124481201, 11.073735237121582, 15.899264335632324, 11.688459396362305, 5.397350311279297, 2.499983787536621, 0.8956483602523804, 0.20227797329425812, 0.01752113178372383, 0.00035580230178311467, 0.00012563835480250418], "lowlevel.gfcc.mean": [-26.670177459716797, 90.07149505615234, -58.746795654296875, 61.865421295166016, -38.83931350708008, 26.150558471679688, -39.71639633178711, 7.4371562004089355, -24.3730525970459, -12.705957412719727, -12.046172142028809, -12.253912925720215, -7.244976997375488], "lowlevel.melbands.mean": [0.049786292016506195, 0.013945591636002064, 0.003993776626884937, 0.0032234382815659046, 0.00048362603411078453, 9.226169640896842e-05, 6.026671690051444e-05, 5.4639145673718303e-05, 4.653695577871986e-05, 2.157977723982185e-05, 2.67913201241754e-05, 1.8679609638638794e-05, 1.0553040738159325e-05, 1.3360324373934418e-05, 1.8371922124060802e-05, 2.1596189981210046e-05, 1.8503336832509376e-05, 1.7209893485414796e-05, 1.4881090464768931e-05, 2.128241612808779e-05, 2.1845462470082566e-05, 1.4483950508292764e-05, 8.413509021920618e-06, 5.48951265955111e-06, 4.0247659853775986e-06, 2.876266535167815e-06, 4.628429906006204e-06, 2.7320766093907878e-06, 2.0003508325316943e-06, 2.4959690563264303e-06, 1.5230671124299988e-06, 9.402555178894545e-07, 7.517060680584109e-07, 1.4201172007233254e-06, 2.6344191610405687e-06, 5.588934072875418e-06, 7.156653282436309e-06, 4.190446816210169e-06, 1.6524045349797234e-06, 1.2245633342899964e-06], "lowlevel.melbands.stdev": [0.03568712994456291, 0.011606607586145401, 0.0032277507707476616, 0.0027916182298213243, 0.000766624347306788, 0.00026476584025658667, 0.00016933864390011877, 0.0001131405879277736, 0.00011103093856945634, 4.7064313548617065e-05, 4.662618084694259e-05, 4.6558823669329286e-05, 3.1818446586839855e-05, 4.414119030116126e-05, 6.573202699655667e-05, 6.415796087821946e-05, 5.8952351537300274e-05, 6.547362136188895e-05, 6.106438377173617e-05, 8.355965837836266e-05, 8.152981172315776e-05, 5.02428702020552e-05, 2.2939768314245157e-05, 1.2995268662052695e-05, 1.0218693205388263e-05, 5.4552174333366565e-06, 6.6350658016745e-06, 4.517910838330863e-06, 4.251280188327655e-06, 6.316992767096963e-06, 4.409046141518047e-06, 2.297458649991313e-06, 1.8017663023783825e-06, 3.107223847109708e-06, 6.119827048678417e-06, 8.63390596350655e-06, 1.0832364750967827e-05, 9.355986549053341e-06, 5.712382062483812e-06, 4.429593445820501e-06], "lowlevel.melbands128.mean": [0.006236066110432148, 0.05435075983405113, 0.07365085929632187, 0.032353706657886505, 0.00611891457810998, 0.0022926393430680037, 0.0024690614081919193, 0.004095122683793306, 0.007378580514341593, 0.0030662589706480503, 0.000942285405471921, 0.0007291891961358488, 0.00039480061968788505, 0.0001327633362961933, 7.158082007663324e-05, 8.096186502370983e-05, 7.098878995748237e-05, 5.479990068124607e-05, 5.039226743974723e-05, 5.181019878364168e-05, 5.515200609806925e-05, 6.193815352162346e-05, 5.2235787734389305e-05, 2.1680467398255132e-05, 2.355416290811263e-05, 1.8298078430234455e-05, 2.2956715838517994e-05, 3.5725759516935796e-05, 1.814481038309168e-05, 2.7085712645202875e-05, 1.4704522072861437e-05, 1.1466146133898292e-05, 1.0058516636490822e-05, 1.0624645256029908e-05, 1.0025359188148286e-05, 1.5990110114216805e-05, 1.599353527126368e-05, 1.5649649867555127e-05, 2.2880260075908154e-05, 2.12821141758468e-05, 2.2631131287198514e-05, 2.0064835553057492e-05, 1.603935925231781e-05, 2.021882937697228e-05, 1.828264976211358e-05, 1.602650991117116e-05, 1.745575718814507e-05, 1.207906552735949e-05, 1.485108532506274e-05, 1.9187471480108798e-05, 2.079247497022152e-05, 2.622676947794389e-05, 2.228652374469675e-05, 2.1654033844242804e-05, 1.6430354662588798e-05, 1.4497833944915328e-05, 1.2073097423126455e-05, 9.780061191122513e-06, 6.9637003434763756e-06, 5.900170435779728e-06, 5.63907497053151e-06, 4.926468591293087e-06, 4.744259513245197e-06, 3.87102863896871e-06, 2.6201055334240664e-06, 2.6617096864356427e-06, 2.8526158075692365e-06, 4.059057118865894e-06, 5.800843155157054e-06, 4.662355422624387e-06, 2.364319243497448e-06, 1.9792100829363335e-06, 1.8315621446163277e-06, 1.9607255126175005e-06, 2.187251993746031e-06, 2.712221430556383e-06, 2.7846497232530965e-06, 1.7008630948112113e-06, 1.4695588106405921e-06, 1.1033436067009461e-06, 1.0212028200839995e-06, 8.706053336027253e-07, 7.44618546377751e-07, 6.861230303911725e-07, 7.805110726621933e-07, 1.0483369123903685e-06, 1.5981069054760155e-06, 2.265192051709164e-06, 2.2512488158099586e-06, 3.1725201097287936e-06, 4.567692940327106e-06, 6.328624749585288e-06, 7.268304216268007e-06, 7.422629551001592e-06, 7.393509804387577e-06, 5.2401437642402016e-06, 3.549638904587482e-06, 2.500785285519669e-06, 1.5020031014501e-06, 1.3484424243870308e-06, 1.1955480658798479e-06, 1.3448867548504495e-06, 1.0519469242353807e-06, 9.964120408767485e-07, 8.461655056635209e-07, 7.834987627575174e-07, 7.07384799625288e-07, 6.768459002159943e-07, 5.815118697682919e-07, 4.2669680055951176e-07, 3.378404187515116e-07, 3.4141308447033225e-07, 2.7805700142380374e-07, 1.8957915415285242e-07, 1.1416517509132973e-07, 6.097414484429464e-08, 1.2695640982940404e-08, 5.473925757115694e-10, 2.730111275939251e-11, 2.2903427418508038e-11, 2.2384484890669576e-11, 2.198329539238042e-11, 2.1389487403489227e-11, 2.1038053243938037e-11, 2.0688190743856083e-11, 2.0314678758626137e-11, 2.008917858453696e-11, 1.9972745679552872e-11], "lowlevel.melbands128.stdev": [0.008546095341444016, 0.048742398619651794, 0.05321578308939934, 0.027225857600569725, 0.008880242705345154, 0.004862936679273844, 0.0035681240260601044, 0.0038804395589977503, 0.007353812921792269, 0.003239901503548026, 0.001627643476240337, 0.001288856496103108, 0.0009029205539263785, 0.00040176825132220984, 0.0002869655145332217, 0.0002540593850426376, 0.00022019700554665178, 0.00019667613378260285, 0.0001449976407457143, 0.00013245204172562808, 0.00014993733202572912, 0.00017924938583746552, 0.0001556694769533351, 7.379431190202013e-05, 7.095200271578506e-05, 4.9648824642645195e-05, 5.040545147494413e-05, 7.249406917253509e-05, 4.620889376383275e-05, 9.036174742504954e-05, 3.7536938179982826e-05, 3.7191854062257335e-05, 3.442685920163058e-05, 3.755038414965384e-05, 3.625573663157411e-05, 6.14070231677033e-05, 5.761563079431653e-05, 7.408457895508036e-05, 9.225070243701339e-05, 7.31414693291299e-05, 7.151067984523252e-05, 7.476188329746947e-05, 5.559338387683965e-05, 7.320135046029463e-05, 8.101008279481903e-05, 6.48662680760026e-05, 8.516781235812232e-05, 5.255575160845183e-05, 6.846497853985056e-05, 8.248905942309648e-05, 8.657753642182797e-05, 0.00013055941963102669, 9.053436951944605e-05, 8.784590318100527e-05, 6.756289076292887e-05, 6.141514313640073e-05, 4.5085926103638485e-05, 2.665070496732369e-05, 2.7501342628966086e-05, 1.567943581903819e-05, 1.4607806406274904e-05, 1.3768026292382274e-05, 1.3583402505901176e-05, 1.1594602256081998e-05, 7.128948709578253e-06, 5.872013844054891e-06, 5.755442543886602e-06, 7.134566203603754e-06, 9.791147931537125e-06, 8.355012141691986e-06, 4.9579725782678e-06, 4.056273155583767e-06, 4.438722953636898e-06, 4.47465890829335e-06, 6.212947027961491e-06, 6.733925602020463e-06, 8.295755833387375e-06, 5.2179548220010474e-06, 4.963109404343413e-06, 3.2476382330060005e-06, 2.7234930257691303e-06, 2.147547547792783e-06, 1.9867911760229617e-06, 1.733426302052976e-06, 2.089581130348961e-06, 2.428086872896529e-06, 4.087751221959479e-06, 5.2106688599451445e-06, 6.800573373766383e-06, 7.95100822870154e-06, 8.899364729586523e-06, 9.861663784249686e-06, 1.163440629170509e-05, 1.2419992344803177e-05, 1.2199353477626573e-05, 1.125639937527012e-05, 9.719286936160643e-06, 8.920375876186881e-06, 5.974428859190084e-06, 4.887825525656808e-06, 5.204792159929639e-06, 5.1773045015579555e-06, 3.97244684791076e-06, 3.974705123255262e-06, 2.9073760288156336e-06, 2.407654619673849e-06, 2.2863573576614726e-06, 2.3160785076470347e-06, 1.7358125887767528e-06, 1.0621356523188297e-06, 8.865583254191733e-07, 8.752322173677385e-07, 7.719430641373037e-07, 5.435390448838007e-07, 3.146159031075513e-07, 2.1498634339423006e-07, 4.949974652390665e-08, 4.3279002603924255e-09, 1.0328392308078804e-10, 3.4308712121289275e-11, 3.349382576844917e-11, 3.278530918970901e-11, 3.210078036719466e-11, 3.1558672342058e-11, 3.109761753661289e-11, 3.0721383770249133e-11, 3.045181121152929e-11, 3.028682860062304e-11], "lowlevel.mfcc.mean": [-688.0077514648438, 115.3008041381836, 43.794864654541016, 41.98112487792969, 33.43901062011719, 15.51314926147461, 10.930459976196289, 12.864030838012695, -4.860572338104248, 14.398730278015137, -14.262984275817871, 3.149653911590576, -16.22170066833496], "lowlevel.spectral_contrast_coeffs.mean": [-0.5883923768997192, -0.7803621292114258, -0.8037493824958801, -0.8285143375396729, -0.8035853505134583, -0.7544881701469421], "lowlevel.spectral_contrast_coeffs.stdev": [0.12870468199253082, 0.06729862838983536, 0.051829177886247635, 0.03948315232992172, 0.0440092533826828, 0.055892884731292725], "lowlevel.spectral_contrast_valleys.mean": [-6.6340012550354, -7.650269508361816, -8.243252754211426, -8.198013305664062, -8.086155891418457, -10.611029624938965], "lowlevel.spectral_contrast_valleys.stdev": [1.540134072303772, 0.6813658475875854, 0.7779145836830139, 0.8871549367904663, 0.7583805322647095, 1.2220872640609741], "rhythm.beats_loudness_band_ratio.mean": [0.8914130926132202, 0.14855922758579254, 0.008386783301830292, 0.012451570481061935, 0.022600438445806503, 0.02000197023153305], "rhythm.beats_loudness_band_ratio.stdev": [0.17747396230697632, 0.23444247245788574, 0.017089784145355225, 0.016198739409446716, 0.030823571607470512, 0.0834440067410469], "tonal.hpcp.mean": [0.02694038674235344, 0.03944754973053932, 0.1640562117099762, 0.21261709928512573, 0.08542631566524506, 0.017537858337163925, 0.012985006906092167, 0.013367343693971634, 0.10089445859193802, 0.19815805554389954, 0.11473162472248077, 0.0164225734770298, 0.01228769589215517, 0.014229198917746544, 0.022266870364546776, 0.03431703522801399, 0.024882754310965538, 0.007880878634750843, 0.006595260463654995, 0.006486230529844761, 0.007806921377778053, 0.009974036365747452, 0.009430617094039917, 0.02055216394364834, 0.033936772495508194, 0.021166982129216194, 0.006046842318028212, 0.007490829098969698, 0.017348797991871834, 0.16121645271778107, 0.4537050127983093, 0.3649812638759613, 0.07118406891822815, 0.020342275500297546, 0.017708253115415573, 0.02204609289765358], "tonal.hpcp.stdev": [0.12650708854198456, 0.15669235587120056, 0.31314608454704285, 0.39168405532836914, 0.20077107846736908, 0.09753246605396271, 0.0907062217593193, 0.08064001053571701, 0.20678462088108063, 0.38408803939819336, 0.2317274659872055, 0.09734977781772614, 0.07606550306081772, 0.09811928868293762, 0.11763405799865723, 0.13868263363838196, 0.09764758497476578, 0.05828225985169411, 0.05098370090126991, 0.05196117237210274, 0.05704820156097412, 0.06767139583826065, 0.06211663410067558, 0.08789792656898499, 0.11672025173902512, 0.07674845308065414, 0.031099338084459305, 0.04395965486764908, 0.09788763523101807, 0.24173636734485626, 0.43700724840164185, 0.3888654112815857, 0.17804205417633057, 0.10839129984378815, 0.09520679712295532, 0.11344137787818909], "rhythm.beats_position": [0.3715192675590515, 0.7546485066413879, 1.160997748374939, 1.590566873550415, 2.0201361179351807, 2.449705123901367, 2.879274368286133, 3.3088433742523193, 3.7268025875091553, 4.156371593475342, 4.597550868988037, 5.015510082244873, 5.445079326629639, 5.874648571014404, 6.29260778427124, 6.733786582946777, 7.163355827331543, 7.592925071716309, 8.022494316101074, 8.45206356048584, 8.870022773742676, 9.299592018127441, 9.729161262512207, 10.158729553222656, 10.588298797607422, 11.017868041992188, 11.447437286376953, 11.877006530761719, 12.306575775146484, 12.73614501953125, 13.165714263916016, 13.606893539428711, 14.024852752685547, 14.442811965942383, 14.872380256652832, 15.301949501037598, 15.731518745422363, 16.161088943481445, 16.59065818786621, 17.020225524902344, 17.44979476928711, 17.879364013671875, 18.32054328918457, 18.738502502441406, 19.168071746826172, 19.597640991210938, 20.015600204467773, 20.45677947998047, 20.874738693237305, 21.30430793762207, 21.733877182006836, 22.1634464263916, 22.593015670776367, 23.022584915161133, 23.4521541595459, 23.870113372802734, 24.2996826171875, 24.729251861572266, 25.17043113708496, 25.588390350341797, 26.017959594726562, 26.447526931762695, 26.88870620727539, 27.306665420532227, 27.736234664916992, 28.165803909301758, 28.583763122558594, 29.01333236694336, 29.442901611328125, 29.87247085571289, 30.302040100097656, 30.731609344482422, 31.161178588867188, 31.590747833251953, 32.02031707763672, 32.449886322021484, 32.87945556640625, 33.309024810791016, 33.73859405517578, 34.179771423339844, 34.59773254394531, 35.015689849853516, 35.44525909423828, 35.87482833862305, 36.30439758300781, 36.73396682739258, 37.163536071777344, 37.59310531616211, 38.022674560546875, 38.45224380493164, 38.89342498779297], "rhythm.bpm_histogram": [0.0, 0.0, 0.0, 0.0, 0.0, 0.0, 0.0, 0.0, 0.0, 0.0, 0.0, 0.0, 0.0, 0.0, 0.0, 0.0, 0.0, 0.0, 0.0, 0.0, 0.0, 0.0, 0.0, 0.0, 0.0, 0.0, 0.0, 0.0, 0.0, 0.0, 0.0, 0.0, 0.0, 0.0, 0.0, 0.0, 0.0, 0.0, 0.0, 0.0, 0.0, 0.0, 0.0, 0.0, 0.0, 0.0, 0.0, 0.0, 0.0, 0.0, 0.0, 0.0, 0.0, 0.0, 0.0, 0.0, 0.0, 0.0, 0.0, 0.0, 0.0, 0.0, 0.0, 0.0, 0.0, 0.0, 0.0, 0.0, 0.0, 0.0, 0.0, 0.0, 0.0, 0.0, 0.0, 0.0, 0.0, 0.0, 0.0, 0.0, 0.0, 0.0, 0.0, 0.0, 0.0, 0.0, 0.0, 0.0, 0.0, 0.0, 0.0, 0.0, 0.0, 0.0, 0.0, 0.0, 0.0, 0.0, 0.0, 0.0, 0.0, 0.0, 0.0, 0.0, 0.0, 0.0, 0.0, 0.0, 0.0, 0.0, 0.0, 0.0, 0.0, 0.0, 0.0, 0.0, 0.0, 0.0, 0.0, 0.0, 0.0, 0.0, 0.0, 0.0, 0.0, 0.0, 0.0, 0.0, 0.0, 0.0, 0.0, 0.0, 0.0, 0.0, 0.0, 0.0, 0.10000000149011612, 0.0, 0.0, 0.0, 0.7111111283302307, 0.0, 0.0, 0.0, 0.1666666716337204, 0.0, 0.0, 0.0, 0.011111111380159855, 0.0, 0.0, 0.0, 0.0, 0.0, 0.0, 0.0, 0.0, 0.011111111380159855, 0.0, 0.0, 0.0, 0.0, 0.0, 0.0, 0.0, 0.0, 0.0, 0.0, 0.0, 0.0, 0.0, 0.0, 0.0, 0.0, 0.0, 0.0, 0.0, 0.0, 0.0, 0.0, 0.0, 0.0, 0.0, 0.0, 0.0, 0.0, 0.0, 0.0, 0.0, 0.0, 0.0, 0.0, 0.0, 0.0, 0.0, 0.0, 0.0, 0.0, 0.0, 0.0, 0.0, 0.0, 0.0, 0.0, 0.0, 0.0, 0.0, 0.0, 0.0, 0.0, 0.0, 0.0, 0.0, 0.0, 0.0, 0.0, 0.0, 0.0, 0.0, 0.0, 0.0, 0.0, 0.0, 0.0, 0.0, 0.0, 0.0, 0.0, 0.0, 0.0, 0.0, 0.0, 0.0, 0.0, 0.0, 0.0, 0.0, 0.0, 0.0, 0.0, 0.0, 0.0, 0.0, 0.0, 0.0, 0.0, 0.0, 0.0, 0.0, 0.0], "tonal.chords_histogram": [10.979928970336914, 3.7780401706695557, 34.592681884765625, 1.8890200853347778, 0.0, 5.312869071960449, 0.23612751066684723, 34.238487243652344, 0.0, 7.438016414642334, 0.0, 0.8264462947845459, 0.0, 0.0, 0.0, 0.0, 0.0, 0.0, 0.0, 0.0, 0.23612751066684723, 0.0, 0.47225502133369446, 0.0], "tonal.thpcp": [1.0, 0.8044461607933044, 0.15689504146575928, 0.044835906475782394, 0.039030324667692184, 0.048591248691082, 0.05937863886356354, 0.08694536983966827, 0.36159223318099976, 0.468624085187912, 0.18828603625297546, 0.03865475952625275, 0.028619932010769844, 0.029462631791830063, 0.22237898409366608, 0.4367552697658539, 0.2528771460056305, 0.03619658946990967, 0.027083005756139755, 0.031362224370241165, 0.04907785728573799, 0.0756373256444931, 0.054843463003635406, 0.01737004891037941, 0.014536450617015362, 0.014296140521764755, 0.01720704324543476, 0.021983526647090912, 0.02078578993678093, 0.04529851675033569, 0.07479920238256454, 0.0466536208987236, 0.013327695429325104, 0.01651035062968731, 0.038238056004047394, 0.35533320903778076], "lowlevel.gfcc.cov": [[5140.21240234375, -1191.8453369140625, -130.06639099121094, 206.8603057861328, -145.8251495361328, 767.6881713867188, -136.70213317871094, 792.0580444335938, 185.447998046875, 713.3941040039062, 216.17672729492188, 531.202880859375, -122.83279418945312], [-1191.8453369140625, 2032.5970458984375, 401.52813720703125, 429.62603759765625, 1058.283447265625, -89.93196105957031, 554.6557006835938, -206.08047485351562, 397.7039489746094, -191.55259704589844, 298.7102355957031, -89.33875274658203, 259.0340576171875], [-130.06639099121094, 401.52813720703125, 1509.8983154296875, 582.6533813476562, 505.1314697265625, 304.4412536621094, 467.5384521484375, 256.58270263671875, 313.6444396972656, 276.2901611328125, 183.37991333007812, 158.0383758544922, 132.3008575439453], [206.8603057861328, 429.62603759765625, 582.6533813476562, 747.5264282226562, 604.7505493164062, 220.72877502441406, 369.4013671875, 66.6327133178711, 319.2041931152344, 183.46656799316406, 174.4248809814453, 63.643741607666016, 197.06484985351562], [-145.8251495361328, 1058.283447265625, 505.1314697265625, 604.7505493164062, 1237.683837890625, 236.39572143554688, 532.7789306640625, 26.395334243774414, 432.1890563964844, 149.79579162597656, 234.3242645263672, 119.89044189453125, 211.5028839111328], [767.6881713867188, -89.93196105957031, 304.4412536621094, 220.72877502441406, 236.39572143554688, 352.26287841796875, 177.69879150390625, 227.21400451660156, 148.6259765625, 204.31492614746094, 112.50970458984375, 127.51765441894531, 23.8709716796875], [-136.70213317871094, 554.6557006835938, 467.5384521484375, 369.4013671875, 532.7789306640625, 177.69879150390625, 468.1388244628906, 72.56303405761719, 265.2957763671875, 118.39728546142578, 182.65223693847656, 92.1400375366211, 114.54451751708984], [792.0580444335938, -206.08047485351562, 256.58270263671875, 66.6327133178711, 26.395334243774414, 227.21400451660156, 72.56303405761719, 329.4313659667969, 128.93157958984375, 193.8907470703125, 114.1400375366211, 129.72476196289062, -10.812044143676758], [185.447998046875, 397.7039489746094, 313.6444396972656, 319.2041931152344, 432.1890563964844, 148.6259765625, 265.2957763671875, 128.93157958984375, 328.380615234375, 161.0389404296875, 194.1710662841797, 97.40841674804688, 119.75865936279297], [713.3941040039062, -191.55259704589844, 276.2901611328125, 183.46656799316406, 149.79579162597656, 204.31492614746094, 118.39728546142578, 193.8907470703125, 161.0389404296875, 302.732666015625, 104.45382690429688, 163.33706665039062, 45.34815979003906], [216.17672729492188, 298.7102355957031, 183.37991333007812, 174.4248809814453, 234.3242645263672, 112.50970458984375, 182.65223693847656, 114.1400375366211, 194.1710662841797, 104.45382690429688, 217.48658752441406, 83.6717758178711, 73.87150573730469], [531.202880859375, -89.33875274658203, 158.0383758544922, 63.643741607666016, 119.89044189453125, 127.51765441894531, 92.1400375366211, 129.72476196289062, 97.40841674804688, 163.33706665039062, 83.6717758178711, 184.76629638671875, 10.285568237304688], [-122.83279418945312, 259.0340576171875, 132.3008575439453, 197.06484985351562, 211.5028839111328, 23.8709716796875, 114.54451751708984, -10.812044143676758, 119.75865936279297, 45.34815979003906, 73.87150573730469, 10.285568237304688, 148.6980438232422]], "lowlevel.gfcc.icov": [[0.0008749286644160748, -0.0007680626004002988, 0.0008004626142792404, -0.0011936520459130406, 0.000631961680483073, -0.001320635317824781, 0.0011300545884296298, -0.0013107454869896173, 0.0006662251544184983, -0.0012972878757864237, 0.0006205629324540496, -0.0018408257747069001, 0.0009558593737892807], [-0.0007680626004002988, 0.0036379622761160135, -0.00129150680731982, 0.002169606974348426, -0.0024672856088727713, 0.0023777310270816088, -0.002052431693300605, 0.0020715263672173023, -0.0018118928419426084, 0.0038959914818406105, -0.0035861104261130095, 0.003100048517808318, -0.0020005260594189167], [0.0008004626142792404, -0.00129150680731982, 0.0021196494344621897, -0.002047797664999962, 0.0010421808110550046, -0.0010970968287438154, 0.00017267890507355332, -0.002368135377764702, 0.0011762476060539484, -0.0019759463611990213, 0.0017104444559663534, -0.002083856612443924, 0.0010772552341222763], [-0.0011936520459130406, 0.002169606974348426, -0.002047797664999962, 0.006117795128375292, -0.002013192046433687, 0.0006489551742561162, -0.002249444369226694, 0.003583003068342805, -0.0029003771487623453, 0.0017667333595454693, -0.0018342668190598488, 0.004605116322636604, -0.003908806946128607], [0.000631961680483073, -0.0024672856088727713, 0.0010421808110550046, -0.002013192046433687, 0.0040863011963665485, -0.002811672165989876, 0.00034705910366028547, -0.00021249873680062592, -0.0010471586138010025, -0.0018159027677029371, 0.003077083732932806, -0.0032350358087569475, 0.0010094664758071303], [-0.001320635317824781, 0.0023777310270816088, -0.0010970968287438154, 0.0006489551742561162, -0.002811672165989876, 0.01080659031867981, -0.0036430563777685165, -0.0025103427469730377, 0.001174910576082766, 0.0007816817960701883, -0.0022717039100825787, 0.0033538902644068003, -0.0005167713388800621], [0.0011300545884296298, -0.002052431693300605, 0.00017267890507355332, -0.002249444369226694, 0.00034705910366028547, -0.0036430563777685165, 0.00847961287945509, -0.00039892608765512705, -0.00036700066993944347, -0.0015506442869082093, -0.00022461891057901084, -0.0037192003801465034, 0.0020038504153490067], [-0.0013107454869896173, 0.0020715263672173023, -0.002368135377764702, 0.003583003068342805, -0.00021249873680062592, -0.0025103427469730377, -0.00039892608765512705, 0.012001837603747845, -0.004994761664420366, 0.00139388139359653, -0.003978651948273182, 0.0024092260282486677, -4.0106351661961526e-05], [0.0006662251544184983, -0.0018118928419426084, 0.0011762476060539484, -0.0029003771487623453, -0.0010471586138010025, 0.001174910576082766, -0.00036700066993944347, -0.004994761664420366, 0.014790820889174938, -0.004925641231238842, -0.0035413310397416353, -0.0010321032023057342, -0.000855126534588635], [-0.0012972878757864237, 0.0038959914818406105, -0.0019759463611990213, 0.0017667333595454693, -0.0018159027677029371, 0.0007816817960701883, -0.0015506442869082093, 0.00139388139359653, -0.004925641231238842, 0.014751297421753407, -0.002225385047495365, -0.002086356747895479, -0.00397040881216526], [0.0006205629324540496, -0.0035861104261130095, 0.0017104444559663534, -0.0018342668190598488, 0.003077083732932806, -0.0022717039100825787, -0.00022461891057901084, -0.003978651948273182, -0.0035413310397416353, -0.002225385047495365, 0.01525992900133133, -0.00493952352553606, -0.00016807384963613003], [-0.0018408257747069001, 0.003100048517808318, -0.002083856612443924, 0.004605116322636604, -0.0032350358087569475, 0.0033538902644068003, -0.0037192003801465034, 0.0024092260282486677, -0.0010321032023057342, -0.002086356747895479, -0.00493952352553606, 0.017046432942152023, -0.0013244791189208627], [0.0009558593737892807, -0.0020005260594189167, 0.0010772552341222763, -0.003908806946128607, 0.0010094664758071303, -0.0005167713388800621, 0.0020038504153490067, -4.0106351661961526e-05, -0.000855126534588635, -0.00397040881216526, -0.00016807384963613003, -0.0013244791189208627, 0.014396607875823975]], "lowlevel.mfcc.cov": [[5261.6435546875, -1266.10791015625, -137.76739501953125, -427.5492248535156, 183.77072143554688, 10.117010116577148, 51.70308303833008, 137.0401153564453, 104.74360656738281, 200.35926818847656, 244.3117218017578, 533.0223388671875, 341.9006652832031], [-1266.10791015625, 1847.4791259765625, -55.288002014160156, 676.1151733398438, 477.9104919433594, 412.12255859375, 255.88938903808594, 323.0635070800781, 138.10464477539062, 122.89473724365234, 154.5828094482422, 57.10734176635742, 148.33438110351562], [-137.76739501953125, -55.288002014160156, 1185.162109375, 337.15496826171875, 147.26419067382812, 165.62982177734375, 225.6515350341797, 128.06822204589844, 228.3670196533203, 165.58920288085938, 207.76309204101562, 165.27145385742188, 122.12574768066406], [-427.5492248535156, 676.1151733398438, 337.15496826171875, 871.2886352539062, 482.99407958984375, 531.4579467773438, 267.0426025390625, 212.9768524169922, 306.54156494140625, 149.86083984375, 226.10601806640625, 118.65296173095703, 207.45655822753906], [183.77072143554688, 477.9104919433594, 147.26419067382812, 482.99407958984375, 609.9531860351562, 391.8657531738281, 236.85385131835938, 184.910400390625, 279.71807861328125, 145.71438598632812, 199.5407257080078, 170.86659240722656, 212.7371826171875], [10.117010116577148, 412.12255859375, 165.62982177734375, 531.4579467773438, 391.8657531738281, 543.0112915039062, 256.033935546875, 194.281005859375, 265.75372314453125, 85.59967803955078, 241.4896697998047, 118.1224594116211, 190.7876739501953], [51.70308303833008, 255.88938903808594, 225.6515350341797, 267.0426025390625, 236.85385131835938, 256.033935546875, 270.4078674316406, 154.4617462158203, 173.95440673828125, 83.47769165039062, 167.9518280029297, 112.66024017333984, 112.4295654296875], [137.0401153564453, 323.0635070800781, 128.06822204589844, 212.9768524169922, 184.910400390625, 194.281005859375, 154.4617462158203, 275.7492980957031, 76.86820983886719, 141.55233764648438, 135.7045135498047, 126.92010498046875, 108.30171966552734], [104.74360656738281, 138.10464477539062, 228.3670196533203, 306.54156494140625, 279.71807861328125, 265.75372314453125, 173.95440673828125, 76.86820983886719, 292.51806640625, 68.03429412841797, 159.77378845214844, 113.67704010009766, 140.90184020996094], [200.35926818847656, 122.89473724365234, 165.58920288085938, 149.86083984375, 145.71438598632812, 85.59967803955078, 83.47769165039062, 141.55233764648438, 68.03429412841797, 209.31875610351562, 82.89397430419922, 136.87057495117188, 70.0833511352539], [244.3117218017578, 154.5828094482422, 207.76309204101562, 226.10601806640625, 199.5407257080078, 241.4896697998047, 167.9518280029297, 135.7045135498047, 159.77378845214844, 82.89397430419922, 241.5587921142578, 136.04034423828125, 152.3640594482422], [533.0223388671875, 57.10734176635742, 165.27145385742188, 118.65296173095703, 170.86659240722656, 118.1224594116211, 112.66024017333984, 126.92010498046875, 113.67704010009766, 136.87057495117188, 136.04034423828125, 234.36558532714844, 137.47454833984375], [341.9006652832031, 148.33438110351562, 122.12574768066406, 207.45655822753906, 212.7371826171875, 190.7876739501953, 112.4295654296875, 108.30171966552734, 140.90184020996094, 70.0833511352539, 152.3640594482422, 137.47454833984375, 205.54664611816406]], "lowlevel.mfcc.icov": [[0.0004277091647963971, 0.00037720747059211135, 0.00019889570830855519, 0.0002261954068671912, -0.00022245223226491362, -5.175353362574242e-05, -1.271352721232688e-05, -0.00019543229427654296, 0.00016963569214567542, 9.215956197294872e-06, -7.205693691503257e-05, -0.0007797186262905598, -0.00048644712660461664], [0.00037720747059211135, 0.0013607549481093884, 0.0004550581215880811, -0.0006624475354328752, -0.000645711028482765, 0.0004203150456305593, -0.0004533436440397054, -0.001088530058041215, 0.0006351511692628264, 0.0003220344369765371, -9.834155935095623e-05, -0.0003377555403858423, -0.00035793057759292424], [0.00019889570830855519, 0.0004550581215880811, 0.0014991823118180037, -0.0007508492562919855, 0.0003791175549849868, 0.000985087943263352, -0.0009221238433383405, -0.00013626852887682617, -0.0005831250455230474, -0.0005170538206584752, -0.0008348519913852215, -0.00038578142994083464, -6.981199840083718e-05], [0.0002261954068671912, -0.0006624475354328752, -0.0007508492562919855, 0.004650169983506203, -0.0006989272078499198, -0.003439789405092597, 0.0006285931449383497, 0.0005451799370348454, -0.0007623807759955525, -0.0016306397737935185, 0.001069636084139347, 0.0008332076831720769, -0.001131905592046678], [-0.00022245223226491362, -0.000645711028482765, 0.0003791175549849868, -0.0006989272078499198, 0.005047689191997051, -0.0009268047288060188, -0.0008953204960562289, 0.00047516211634501815, -0.0022364407777786255, -0.0014267998049035668, 0.0010513517772778869, -0.00010278912668582052, -0.0014995025703683496], [-5.175353362574242e-05, 0.0004203150456305593, 0.000985087943263352, -0.003439789405092597, -0.0009268047288060188, 0.00869904924184084, -0.0018835209775716066, -0.0020107016898691654, -0.0016679411055520177, 0.0019139047944918275, -0.0034976336173713207, 0.0010575948981568217, 1.9822240574285388e-05], [-1.271352721232688e-05, -0.0004533436440397054, -0.0009221238433383405, 0.0006285931449383497, -0.0008953204960562289, -0.0018835209775716066, 0.010463387705385685, -0.0026709488593041897, -0.002361044054850936, 0.0011946146842092276, -0.002331446623429656, -0.0010271082865074277, 0.0022470811381936073], [-0.00019543229427654296, -0.001088530058041215, -0.00013626852887682617, 0.0005451799370348454, 0.00047516211634501815, -0.0020107016898691654, -0.0026709488593041897, 0.009808405302464962, 0.0027029910124838352, -0.004438292700797319, -0.0008720832993276417, -0.0003815016243606806, -0.00112918671220541], [0.00016963569214567542, 0.0006351511692628264, -0.0005831250455230474, -0.0007623807759955525, -0.0022364407777786255, -0.0016679411055520177, -0.002361044054850936, 0.0027029910124838352, 0.010367171838879585, 0.00019389625231269747, -0.0009917098795995116, -0.0013150874292477965, -0.0014526095474138856], [9.215956197294872e-06, 0.0003220344369765371, -0.0005170538206584752, -0.0016306397737935185, -0.0014267998049035668, 0.0019139047944918275, 0.0011946146842092276, -0.004438292700797319, 0.00019389625231269747, 0.011422376148402691, -4.9451558879809454e-05, -0.005286280997097492, 0.002635345561429858], [-7.205693691503257e-05, -9.834155935095623e-05, -0.0008348519913852215, 0.001069636084139347, 0.0010513517772778869, -0.0034976336173713207, -0.002331446623429656, -0.0008720832993276417, -0.0009917098795995116, -4.9451558879809454e-05, 0.013145986944437027, -0.0017153038643300533, -0.004400328267365694], [-0.0007797186262905598, -0.0003377555403858423, -0.00038578142994083464, 0.0008332076831720769, -0.00010278912668582052, 0.0010575948981568217, -0.0010271082865074277, -0.0003815016243606806, -0.0013150874292477965, -0.005286280997097492, -0.0017153038643300533, 0.013370239175856113, -0.00415042694658041], [-0.00048644712660461664, -0.00035793057759292424, -6.981199840083718e-05, -0.001131905592046678, -0.0014995025703683496, 1.9822240574285388e-05, 0.0022470811381936073, -0.00112918671220541, -0.0014526095474138856, 0.002635345561429858, -0.004400328267365694, -0.00415042694658041, 0.014150760136544704]], "metadata.audio_properties.analysis.downmix": "mix", "metadata.audio_prope