{"song_id": "1183665441596518460", "download": "https://cdn.discordapp.com/attachments/1135903449314238464/1183665441596518460/chirp.mp4?ex=65892958&amp", "lyrics": "(Intro)\n(Verse 1)\n\uc0c8\ubcbd\ubd80\ud130 \ub0b4\ub9b0 \uaca8\uc6b8\ube44\n\ud558\ub298\uc740 \ud68c\uc0c9\uc73c\ub85c \ubb3c\ub4e4\uc5b4\n\uac70\ub9ac\uc5d4 \uc0ac\ub78c\ub4e4\ub3c4  \ub4dc\ubb3c\uc5b4\n\uc138\uc0c1\uc740 \uace0\uc694\ud558\uae30\ub9cc \ud574", "style": ["pop</span><span>, emotional</span><span>,"], "essentia_features": {"lowlevel.average_loudness": 0.8568692803382874, "lowlevel.barkbands_crest.mean": 12.338144302368164, "lowlevel.barkbands_crest.stdev": 3.8715057373046875, "lowlevel.barkbands_flatness_db.mean": 0.2061326652765274, "lowlevel.barkbands_flatness_db.stdev": 0.05596250668168068, "lowlevel.barkbands_kurtosis.mean": 11.83619213104248, "lowlevel.barkbands_kurtosis.stdev": 11.050703048706055, "lowlevel.barkbands_skewness.mean": 2.6519017219543457, "lowlevel.barkbands_skewness.stdev": 1.137018084526062, "lowlevel.barkbands_spread.mean": 9.339180946350098, "lowlevel.barkbands_spread.stdev": 8.950995445251465, "lowlevel.dissonance.mean": 0.4182407855987549, "lowlevel.dissonance.stdev": 0.03873550146818161, "lowlevel.dynamic_complexity": 3.1752891540527344, "lowlevel.erbbands_crest.mean": 10.128396034240723, "lowlevel.erbbands_crest.stdev": 4.204237937927246, "lowlevel.erbbands_flatness_db.mean": 0.19443300366401672, "lowlevel.erbbands_flatness_db.stdev": 0.057289768010377884, "lowlevel.erbbands_kurtosis.mean": 2.461439847946167, "lowlevel.erbbands_kurtosis.stdev": 2.871859550476074, "lowlevel.erbbands_skewness.mean": 1.2498102188110352, "lowlevel.erbbands_skewness.stdev": 0.6236932277679443, "lowlevel.erbbands_spread.mean": 31.09319496154785, "lowlevel.erbbands_spread.stdev": 19.975669860839844, "lowlevel.hfc.mean": 11.356776237487793, "lowlevel.hfc.stdev": 12.590970039367676, "lowlevel.loudness_ebu128.integrated": -17.082300186157227, "lowlevel.loudness_ebu128.loudness_range": 7.651323318481445, "lowlevel.loudness_ebu128.momentary.mean": -18.426862716674805, "lowlevel.loudness_ebu128.momentary.stdev": 3.599231004714966, "lowlevel.loudness_ebu128.short_term.mean": -17.993555068969727, "lowlevel.loudness_ebu128.short_term.stdev": 3.020944118499756, "lowlevel.melbands_crest.mean": 16.65106773376465, "lowlevel.melbands_crest.stdev": 5.7869110107421875, "lowlevel.melbands_flatness_db.mean": 0.2653307318687439, "lowlevel.melbands_flatness_db.stdev": 0.0659356638789177, "lowlevel.melbands_kurtosis.mean": 20.037216186523438, "lowlevel.melbands_kurtosis.stdev": 22.140605926513672, "lowlevel.melbands_skewness.mean": 3.0505475997924805, "lowlevel.melbands_skewness.stdev": 1.5998561382293701, "lowlevel.melbands_spread.mean": 9.53344440460205, "lowlevel.melbands_spread.stdev": 8.884881973266602, "lowlevel.pitch_salience.mean": 0.5281688570976257, "lowlevel.pitch_salience.stdev": 0.12104763835668564, "lowlevel.silence_rate_20dB.mean": 1.0, "lowlevel.silence_rate_20dB.stdev": 0.0, "lowlevel.silence_rate_30dB.mean": 0.9504950642585754, "lowlevel.silence_rate_30dB.stdev": 0.21691936254501343, "lowlevel.silence_rate_60dB.mean": 0.0342034213244915, "lowlevel.silence_rate_60dB.stdev": 0.1817535012960434, "lowlevel.spectral_centroid.mean": 642.557373046875, "lowlevel.spectral_centroid.stdev": 347.8946838378906, "lowlevel.spectral_complexity.mean": 11.774077415466309, "lowlevel.spectral_complexity.stdev": 6.504879474639893, "lowlevel.spectral_decrease.mean": -7.518435651832078e-09, "lowlevel.spectral_decrease.stdev": 9.855036786632354e-09, "lowlevel.spectral_energy.mean": 0.029406419023871422, "lowlevel.spectral_energy.stdev": 0.037884801626205444, "lowlevel.spectral_energyband_high.mean": 0.0004635895893443376, "lowlevel.spectral_energyband_high.stdev": 0.001019257353618741, "lowlevel.spectral_energyband_low.mean": 0.010902943089604378, "lowlevel.spectral_energyband_low.stdev": 0.03190534934401512, "lowlevel.spectral_energyband_middle_high.mean": 0.0017267623916268349, "lowlevel.spectral_energyband_middle_high.stdev": 0.0023720969911664724, "lowlevel.spectral_energyband_middle_low.mean": 0.0168256014585495, "lowlevel.spectral_energyband_middle_low.stdev": 0.01638678088784218, "lowlevel.spectral_entropy.mean": 7.010831832885742, "lowlevel.spectral_entropy.stdev": 0.5057944655418396, "lowlevel.spectral_flux.mean": 0.06072226166725159, "lowlevel.spectral_flux.stdev": 0.07385802268981934, "lowlevel.spectral_kurtosis.mean": 7.430596351623535, "lowlevel.spectral_kurtosis.stdev": 8.42647933959961, "lowlevel.spectral_rms.mean": 0.004633248317986727, "lowlevel.spectral_rms.stdev": 0.0026874137111008167, "lowlevel.spectral_rolloff.mean": 694.7793579101562, "lowlevel.spectral_rolloff.stdev": 845.3952026367188, "lowlevel.spectral_skewness.mean": 2.0657172203063965, "lowlevel.spectral_skewness.stdev": 0.7794255018234253, "lowlevel.spectral_spread.mean": 4369571.5, "lowlevel.spectral_spread.stdev": 1355192.25, "lowlevel.spectral_strongpeak.mean": 0.7650765776634216, "lowlevel.spectral_strongpeak.stdev": 0.5450790524482727, "lowlevel.zerocrossingrate.mean": 0.035396214574575424, "lowlevel.zerocrossingrate.stdev": 0.0238094013184309, "metadata.audio_properties.analysis.equal_loudness": 0.0, "metadata.audio_properties.analysis.length": 25.769615173339844, "metadata.audio_properties.analysis.sample_rate": 44100.0, "metadata.audio_properties.analysis.start_time": 0.0, "metadata.audio_properties.bit_rate": 114858.0, "metadata.audio_properties.length": 25.770666122436523, "metadata.audio_properties.lossless": 0.0, "metadata.audio_properties.number_channels": 1.0, "metadata.audio_properties.replay_gain": -10.861869812011719, "metadata.audio_properties.sample_rate": 48000.0, "rhythm.beats_count": 34.0, "rhythm.beats_loudness.mean": 0.04739219695329666, "rhythm.beats_loudness.stdev": 0.038027215749025345, "rhythm.bpm": 81.1815185546875, "rhythm.bpm_histogram_first_peak_bpm": 81.0, "rhythm.bpm_histogram_first_peak_weight": 0.06060600280761719, "rhythm.bpm_histogram_second_peak_bpm": 0.0, "rhythm.bpm_histogram_second_peak_spread": 0.0, "rhythm.bpm_histogram_second_peak_weight": 0.0, "rhythm.danceability": 1.044134259223938, "rhythm.onset_rate": 2.6758956909179688, "tonal.chords_changes_rate": 0.057553958147764206, "tonal.chords_number_rate": 0.016187049448490143, "tonal.chords_strength.mean": 0.5733773708343506, "tonal.chords_strength.stdev": 0.08322940021753311, "tonal.hpcp_crest.mean": 15.529603958129883, "tonal.hpcp_crest.stdev": 5.988311290740967, "tonal.hpcp_entropy.mean": 1.6532840728759766, "tonal.hpcp_entropy.stdev": 0.5533729791641235, "tonal.key_edma.strength": 0.5934282541275024, "tonal.key_krumhansl.strength": 0.5985518097877502, "tonal.key_temperley.strength": 0.60922771692276, "tonal.tuning_diatonic_strength": 0.48419344425201416, "tonal.tuning_equal_tempered_deviation": 0.20425018668174744, "tonal.tuning_frequency": 434.193115234375, "tonal.tuning_nontempered_energy_ratio": 0.9927990436553955, "lowlevel.barkbands.mean": [0.0020259160082787275, 0.007058626040816307, 0.0013487880351021886, 0.001661905669607222, 0.008501896634697914, 0.0018664657836779952, 0.0022707057651132345, 0.0015018567210063338, 0.0009460861328989267, 0.0006904605543240905, 0.00016272721404675394, 0.0003128662647213787, 0.0001251681096618995, 6.527592631755397e-05, 7.392676343442872e-05, 6.075040437281132e-05, 0.00010785188351292163, 6.441737787099555e-05, 5.649513695971109e-05, 7.761531014693901e-05, 9.317546209786087e-05, 0.00016281458374578506, 8.523194992449135e-05, 4.7241977881640196e-05, 2.5902429115376435e-05, 1.1695893590513151e-05, 5.605403998742986e-07], "lowlevel.barkbands.stdev": [0.006116636097431183, 0.023803070187568665, 0.007505358196794987, 0.00465325778350234, 0.01047053374350071, 0.002501383889466524, 0.0031425650231540203, 0.003243720391765237, 0.0018017229158431292, 0.0016428392846137285, 0.0003649670979939401, 0.0004412089183460921, 0.0003216793411411345, 0.00010196309449383989, 0.00013401871547102928, 0.00011491245822981, 0.00016359974688384682, 0.00014238373842090368, 0.00013096957991365343, 0.00016204714484047145, 0.00022570118017029017, 0.0004194607899989933, 0.00020803921506740153, 0.0001264727907255292, 6.300536915659904e-05, 2.6815150704351254e-05, 1.8982243545906385e-06], "lowlevel.erbbands.mean": [0.32733067870140076, 1.08543062210083, 1.7273253202438354, 3.819711685180664, 18.250499725341797, 30.28536033630371, 19.216796875, 15.844514846801758, 34.21611404418945, 24.324115753173828, 36.0120964050293, 24.16316032409668, 16.138397216796875, 17.324607849121094, 10.86732006072998, 9.525497436523438, 6.248918056488037, 3.9873600006103516, 3.9738199710845947, 3.2578799724578857, 4.155721664428711, 6.274183750152588, 3.9229443073272705, 2.582890748977661, 3.379340410232544, 3.5299131870269775, 3.647709369659424, 3.92633318901062, 5.981399059295654, 4.205349445343018, 2.173388719558716, 1.189577341079712, 0.7045827507972717, 0.3407937288284302, 0.15836210548877716, 0.06500968337059021, 0.018599405884742737, 0.0029060705564916134, 8.304484799737111e-05, 3.5781864426098764e-05], "lowlevel.erbbands.stdev": [0.9875379800796509, 5.004689693450928, 9.617796897888184, 9.998464584350586, 31.661218643188477, 41.261112213134766, 39.85307693481445, 19.43531036376953, 51.94395446777344, 32.470603942871094, 71.29264831542969, 47.05766296386719, 30.376934051513672, 43.41526794433594, 13.984024047851562, 13.744893074035645, 14.715987205505371, 7.207359790802002, 6.58482027053833, 6.4490509033203125, 7.229503154754639, 9.882284164428711, 7.8609747886657715, 6.17950963973999, 6.889284133911133, 7.564647674560547, 8.731679916381836, 9.367918014526367, 15.219456672668457, 11.157291412353516, 5.400536060333252, 3.2795963287353516, 1.8847123384475708, 0.8334498405456543, 0.3880656063556671, 0.17398710548877716, 0.03951451554894447, 0.007246417459100485, 0.00018625918892212212, 4.458074545254931e-05], "lowlevel.gfcc.mean": [-52.69740295410156, 111.73739624023438, -112.58476257324219, 8.135261535644531, -88.18489837646484, -6.077280044555664, -51.944183349609375, -4.911859035491943, -30.135942459106445, -9.138232231140137, -20.935340881347656, -0.3993046283721924, -11.254521369934082], "lowlevel.melbands.mean": [0.002477869391441345, 0.0010638827225193381, 0.0010284546297043562, 0.0019383522449061275, 0.0007925081299617887, 0.00036698192707262933, 0.0004990635788999498, 0.0002780498471111059, 0.0002835999766830355, 0.00012902243179269135, 8.262114715762436e-05, 7.95107553130947e-05, 3.1313196814153343e-05, 3.9312242734013125e-05, 1.4237162758945487e-05, 1.1820528015960008e-05, 6.792325621063355e-06, 6.251764261833159e-06, 4.6574823500122875e-06, 3.819916855718475e-06, 5.036941729485989e-06, 6.751938599336427e-06, 5.446408067655284e-06, 2.2114095372671727e-06, 2.02654700842686e-06, 2.157844846806256e-06, 2.7803791908809217e-06, 2.207621264460613e-06, 2.2062431526137516e-06, 2.236649379483424e-06, 2.3336663161899196e-06, 3.473609012871748e-06, 3.1662993933423422e-06, 1.9952447019022657e-06, 1.3107114682497922e-06, 9.014362944981258e-07, 6.620559815928573e-07, 5.264312790131953e-07, 3.6335922004582244e-07, 2.5935264602594543e-07], "lowlevel.melbands.stdev": [0.007454153150320053, 0.00529880914837122, 0.00213516503572464, 0.002421461744233966, 0.0014894511550664902, 0.0004326876369304955, 0.000713926216121763, 0.00043327375897206366, 0.0005110132042318583, 0.0002565518661867827, 0.0001687870972091332, 0.0002040250546997413, 5.2649924327852204e-05, 5.866672290721908e-05, 2.660526479303371e-05, 2.989452150359284e-05, 1.2024747775285505e-05, 1.0629178177623544e-05, 8.82292806636542e-06, 7.399228707072325e-06, 9.056003364094067e-06, 1.1004903171851765e-05, 1.0606941032165196e-05, 5.371457064029528e-06, 5.065930054115597e-06, 4.862992227572249e-06, 5.419365152192768e-06, 5.151397544977954e-06, 5.553673418035032e-06, 5.47617992197047e-06, 5.858373697265051e-06, 8.865667041391134e-06, 9.380570190842263e-06, 5.007962499803398e-06, 3.2425159588456154e-06, 2.5565163923602086e-06, 1.8801571286530816e-06, 1.443252585886512e-06, 9.492091521678958e-07, 6.404046644092887e-07], "lowlevel.melbands128.mean": [0.0018097891006618738, 0.0032254888210445642, 0.0024478763807564974, 0.0016513316659256816, 0.0009903206955641508, 0.0006266274722293019, 0.0006522003095597029, 0.0009148960816673934, 0.0018601574702188373, 0.002541751367971301, 0.001625729608349502, 0.0010118456557393074, 0.0006384191801771522, 0.00039854366332292557, 0.00030171446269378066, 0.00034227786818519235, 0.0005555403186008334, 0.0006343597779050469, 0.00027287224656902254, 0.0002308115508640185, 0.00027065217727795243, 0.00044738000724464655, 0.0002169416839024052, 0.0002199465670855716, 0.00021839045803062618, 4.013889338239096e-05, 6.574482540600002e-05, 5.589031570707448e-05, 0.00013710063649341464, 0.0001277429109904915, 3.5717803257284686e-05, 2.7158568627783097e-05, 3.452905366430059e-05, 1.8454529708833434e-05, 7.337592251133174e-05, 3.088683297391981e-05, 1.4652316167484969e-05, 1.2163218343630433e-05, 1.6154050172190182e-05, 1.4914841813151725e-05, 9.521500032860786e-06, 9.304824743594509e-06, 7.336613180086715e-06, 4.493673259275965e-06, 5.90283389101387e-06, 6.967071840335848e-06, 7.253132025653031e-06, 3.2334023671864998e-06, 4.3887257561436854e-06, 5.1580591389210895e-06, 3.022764076376916e-06, 2.786411641864106e-06, 6.1552909755846485e-06, 4.770245141116902e-06, 5.844592578796437e-06, 8.874008017301094e-06, 4.9280938583251555e-06, 6.489632141892798e-06, 6.124347692093579e-06, 2.2978342713031452e-06, 2.1051087060186546e-06, 1.784701112228504e-06, 2.03320041691768e-06, 2.1752175598521717e-06, 1.907921614474617e-06, 1.8928027429865324e-06, 2.5217268557753414e-06, 2.7606572530203266e-06, 2.9157490644138306e-06, 2.7443568342278013e-06, 1.8805127410814748e-06, 2.269942342536524e-06, 2.1059561277070316e-06, 2.257799906146829e-06, 2.08180108529632e-06, 2.7461026093078544e-06, 1.9782164599746466e-06, 1.666052412474528e-06, 2.459122924847179e-06, 2.688596623556805e-06, 3.8125151604617713e-06, 3.5539558211894473e-06, 3.3939645618374925e-06, 3.4390820928820176e-06, 2.6638153940439224e-06, 2.2223971427592915e-06, 1.7519805624033324e-06, 1.5301910707421484e-06, 1.3519203321266104e-06, 1.0910935088759288e-06, 9.925844324243371e-07, 8.882953466127219e-07, 6.691835210403951e-07, 6.975993755986565e-07, 6.03880550897884e-07, 5.901902113691904e-07, 5.007240133636515e-07, 4.628872147804941e-07, 3.584560488434363e-07, 3.191858866102848e-07, 3.0445215770669165e-07, 2.3577950969411177e-07, 2.3070295185334544e-07, 1.9788937777320825e-07, 1.8290964476364024e-07, 1.480171931689256e-07, 1.4750172283584106e-07, 1.246328764636928e-07, 1.0402667527387166e-07, 1.0533600658391151e-07, 8.752277125267938e-08, 6.172510325086478e-08, 5.3666052934886466e-08, 4.5953296279321876e-08, 4.303658940330024e-08, 3.0726170052730595e-08, 1.9667337980422417e-08, 4.0127554612467975e-09, 2.384230868290871e-10, 4.943827899145381e-12, 4.780540980436898e-12, 4.6802895760367225e-12, 4.584012856800879e-12, 4.4980087363089005e-12, 4.401232850392844e-12, 4.27563626864691e-12, 4.2023489722764484e-12, 4.1740651733623846e-12], "lowlevel.melbands128.stdev": [0.005520949140191078, 0.009927069768309593, 0.009100244380533695, 0.008547591976821423, 0.0060311248525977135, 0.0032245160546153784, 0.0020500521641224623, 0.002734508365392685, 0.00385782727971673, 0.003560212440788746, 0.0028905030339956284, 0.002501403447240591, 0.00178091274574399, 0.0006585661903955042, 0.0005418109358288348, 0.0005181211745366454, 0.001091757440008223, 0.0010519830975681543, 0.0003805709711741656, 0.0004748009087052196, 0.0007208835450001061, 0.0010960286017507315, 0.0005890857428312302, 0.00047979861847124994, 0.0005522249266505241, 9.583253267919645e-05, 0.00019795606203842908, 0.00013073647278361022, 0.0004272498481441289, 0.00042232483974657953, 0.00011126390018034726, 7.403633935609832e-05, 8.913364581530914e-05, 4.1831455746432766e-05, 0.00012341997353360057, 6.425389437936246e-05, 3.416295658098534e-05, 2.079801561194472e-05, 6.362562999129295e-05, 4.3712938349926844e-05, 3.3168806112371385e-05, 3.5836466850014403e-05, 1.2326687283348292e-05, 9.66363677434856e-06, 1.2881622751592658e-05, 1.4770603229408152e-05, 1.6928985132835805e-05, 8.087290552794002e-06, 1.3649465472553857e-05, 1.1182361959072296e-05, 8.778972187428735e-06, 6.943194421182852e-06, 1.455825986340642e-05, 1.1946162885578815e-05, 1.21633038361324e-05, 1.8032882508123294e-05, 1.0308737728337292e-05, 1.4420086699828971e-05, 1.6508240150869824e-05, 6.282891263253987e-06, 6.301872872427339e-06, 4.845061994274147e-06, 5.365567176340846e-06, 5.948357284069061e-06, 5.824090749229072e-06, 4.548101514956215e-06, 6.15820044913562e-06, 5.738188065151917e-06, 6.090579972806154e-06, 6.223951459105592e-06, 4.939801783621078e-06, 6.600595042982604e-06, 5.902133580093505e-06, 6.416476480808342e-06, 5.307802439347142e-06, 7.550292593805352e-06, 5.195904577703914e-06, 4.468091901799198e-06, 7.306869065359933e-06, 6.90692468197085e-06, 1.094510116672609e-05, 9.545397915644571e-06, 1.0062181900138967e-05, 1.2133398740843404e-05, 8.348296432814095e-06, 6.354142897180282e-06, 4.438848918653093e-06, 3.7150839489186183e-06, 3.5632169783639256e-06, 2.9491313853213796e-06, 2.8827089408878237e-06, 2.9490770430129487e-06, 1.8297848782822257e-06, 2.2121503207017668e-06, 1.7525424027553527e-06, 1.7289629568040255e-06, 1.4888314581185114e-06, 1.3087000070299837e-06, 9.934393574440037e-07, 8.969903433353466e-07, 7.967835244926391e-07, 6.142381039353495e-07, 6.187357257658732e-07, 4.919479579257313e-07, 5.092008450446883e-07, 3.970284865317808e-07, 4.350136748598743e-07, 3.4890234701379086e-07, 3.2401484872934816e-07, 3.302354230072524e-07, 2.412724313671788e-07, 1.3834318224326125e-07, 1.2614418665179983e-07, 1.1659352594506345e-07, 1.2490417589106073e-07, 9.04806896073751e-08, 6.19260163148283e-08, 2.293413636778041e-08, 3.3569793611576415e-09, 9.061402669874319e-12, 8.799969433703758e-12, 8.610256604923983e-12, 8.437558811358326e-12, 8.295633277533021e-12, 8.176959109817972e-12, 8.078347019102594e-12, 8.008774199375068e-12, 7.965622952910145e-12], "lowlevel.mfcc.mean": [-695.9292602539062, 143.6278533935547, 16.483474731445312, 6.440298557281494, -15.79725456237793, -11.27032470703125, -20.405075073242188, -5.523895263671875, -11.31323528289795, -15.144195556640625, -10.386335372924805, -6.490094184875488, -4.692835330963135], "lowlevel.spectral_contrast_coeffs.mean": [-0.5517326593399048, -0.6988555192947388, -0.7272723913192749, -0.8102966547012329, -0.7981855869293213, -0.7690218091011047], "lowlevel.spectral_contrast_coeffs.stdev": [0.09727568179368973, 0.05429892614483833, 0.05745690315961838, 0.03540812432765961, 0.03446720913052559, 0.04350597783923149], "lowlevel.spectral_contrast_valleys.mean": [-7.708094120025635, -6.7120842933654785, -7.946225643157959, -8.430584907531738, -8.506877899169922, -10.90347957611084], "lowlevel.spectral_contrast_valleys.stdev": [1.0970457792282104, 0.6530171036720276, 0.6811769008636475, 0.708988606929779, 0.948841392993927, 1.2629978656768799], "rhythm.beats_loudness_band_ratio.mean": [0.31340932846069336, 0.4450422525405884, 0.24676494300365448, 0.059416264295578, 0.026138797402381897, 0.025733407586812973], "rhythm.beats_loudness_band_ratio.stdev": [0.2933817207813263, 0.20267072319984436, 0.14624692499637604, 0.04222264140844345, 0.014327900484204292, 0.032872218638658524], "tonal.hpcp.mean": [0.3103950619697571, 0.35795241594314575, 0.08153654634952545, 0.014357613399624825, 0.011742455884814262, 0.0201247688382864, 0.19167356193065643, 0.23902113735675812, 0.07496540248394012, 0.027770308777689934, 0.03646951541304588, 0.04352272301912308, 0.13545648753643036, 0.16325196623802185, 0.07352380454540253, 0.15881234407424927, 0.1682019680738449, 0.04570937156677246, 0.03338558226823807, 0.03588895872235298, 0.0327957421541214, 0.14788445830345154, 0.16466130316257477, 0.047358181327581406, 0.02278115786612034, 0.022464368492364883, 0.022584138438105583, 0.0835205614566803, 0.09344255924224854, 0.03362129256129265, 0.12988100945949554, 0.13828454911708832, 0.037329938262701035, 0.1590903401374817, 0.18681253492832184, 0.06900360435247421], "tonal.hpcp.stdev": [0.37704935669898987, 0.43718674778938293, 0.13435913622379303, 0.08979643881320953, 0.07559844106435776, 0.1097385510802269, 0.28522318601608276, 0.357308030128479, 0.1550949066877365, 0.1269463300704956, 0.15812000632286072, 0.1643320769071579, 0.22691242396831512, 0.2623116672039032, 0.15893428027629852, 0.29428544640541077, 0.31173795461654663, 0.12353534996509552, 0.10686754435300827, 0.09801872819662094, 0.1127394586801529, 0.214040145277977, 0.21640373766422272, 0.10236158221960068, 0.11374173313379288, 0.1169963851571083, 0.11189290881156921, 0.1587425172328949, 0.16245727241039276, 0.1057579293847084, 0.2781665325164795, 0.3020077347755432, 0.10257510840892792, 0.29028818011283875, 0.3327288329601288, 0.14328327775001526], "rhythm.beats_position": [0.6965986490249634, 1.4164172410964966, 2.14784574508667, 2.879274368286133, 3.6107029914855957, 4.353741645812988, 5.085169792175293, 5.8282084465026855, 6.571247100830078, 7.314285755157471, 8.057324409484863, 8.788752555847168, 9.520181655883789, 10.263219833374023, 11.006258010864258, 11.749297142028809, 12.492335319519043, 13.235373497009277, 14.001632690429688, 14.733060836791992, 15.464489936828613, 16.20752716064453, 16.9505672454834, 17.693605422973633, 18.436643600463867, 19.1796817779541, 19.911109924316406, 20.642539978027344, 21.385578155517578, 22.128616333007812, 22.871654510498047, 23.61469268798828, 24.35773277282715, 25.089160919189453], "rhythm.bpm_histogram": [0.0, 0.0, 0.0, 0.0, 0.0, 0.0, 0.0, 0.0, 0.0, 0.0, 0.0, 0.0, 0.0, 0.0, 0.0, 0.0, 0.0, 0.0, 0.0, 0.0, 0.0, 0.0, 0.0, 0.0, 0.0, 0.0, 0.0, 0.0, 0.0, 0.0, 0.0, 0.0, 0.0, 0.0, 0.0, 0.0, 0.0, 0.0, 0.0, 0.0, 0.0, 0.0, 0.0, 0.0, 0.0, 0.0, 0.0, 0.0, 0.0, 0.0, 0.0, 0.0, 0.0, 0.0, 0.0, 0.0, 0.0, 0.0, 0.0, 0.0, 0.0, 0.0, 0.0, 0.0, 0.0, 0.0, 0.0, 0.0, 0.0, 0.0, 0.0, 0.0, 0.0, 0.0, 0.0, 0.0, 0.0, 0.0, 0.03030303120613098, 0.0, 0.0, 0.6060606241226196, 0.3333333432674408, 0.03030303120613098, 0.0, 0.0, 0.0, 0.0, 0.0, 0.0, 0.0, 0.0, 0.0, 0.0, 0.0, 0.0, 0.0, 0.0, 0.0, 0.0, 0.0, 0.0, 0.0, 0.0, 0.0, 0.0, 0.0, 0.0, 0.0, 0.0, 0.0, 0.0, 0.0, 0.0, 0.0, 0.0, 0.0, 0.0, 0.0, 0.0, 0.0, 0.0, 0.0, 0.0, 0.0, 0.0, 0.0, 0.0, 0.0, 0.0, 0.0, 0.0, 0.0, 0.0, 0.0, 0.0, 0.0, 0.0, 0.0, 0.0, 0.0, 0.0, 0.0, 0.0, 0.0, 0.0, 0.0, 0.0, 0.0, 0.0, 0.0, 0.0, 0.0, 0.0, 0.0, 0.0, 0.0, 0.0, 0.0, 0.0, 0.0, 0.0, 0.0, 0.0, 0.0, 0.0, 0.0, 0.0, 0.0, 0.0, 0.0, 0.0, 0.0, 0.0, 0.0, 0.0, 0.0, 0.0, 0.0, 0.0, 0.0, 0.0, 0.0, 0.0, 0.0, 0.0, 0.0, 0.0, 0.0, 0.0, 0.0, 0.0, 0.0, 0.0, 0.0, 0.0, 0.0, 0.0, 0.0, 0.0, 0.0, 0.0, 0.0, 0.0, 0.0, 0.0, 0.0, 0.0, 0.0, 0.0, 0.0, 0.0, 0.0, 0.0, 0.0, 0.0, 0.0, 0.0, 0.0, 0.0, 0.0, 0.0, 0.0, 0.0, 0.0, 0.0, 0.0, 0.0, 0.0, 0.0, 0.0, 0.0, 0.0, 0.0, 0.0, 0.0, 0.0, 0.0, 0.0, 0.0, 0.0, 0.0, 0.0, 0.0, 0.0, 0.0, 0.0, 0.0, 0.0, 0.0], "tonal.chords_histogram": [8.812949180603027, 12.050359725952148, 24.640287399291992, 7.014388561248779, 22.30215835571289, 0.0, 0.0, 0.0, 0.0, 0.0, 1.7985610961914062, 0.0, 0.0, 0.0, 0.0, 1.2589927911758423, 0.0, 2.5179855823516846, 0.0, 0.0, 0.0, 0.7194244861602783, 18.884891510009766, 0.0], "tonal.thpcp": [1.0, 0.22778598964214325, 0.04011039808392525, 0.03280451521277428, 0.05622190982103348, 0.5354721546173096, 0.6677455902099609, 0.20942839980125427, 0.0775810033082962, 0.10188369452953339, 0.12158801406621933, 0.3784203827381134, 0.4560717046260834, 0.20540106296539307, 0.4436688721179962, 0.46990036964416504, 0.12769678235054016, 0.09326821565628052, 0.10026181489229202, 0.09162039309740067, 0.4131399989128113, 0.4600089192390442, 0.13230301439762115, 0.06364297866821289, 0.06275797635316849, 0.06309257447719574, 0.2333286702632904, 0.2610474228858948, 0.09392671287059784, 0.3628443479537964, 0.3863210380077362, 0.10428743064403534, 0.44444549083709717, 0.5218920707702637, 0.19277311861515045, 0.8671405911445618], "lowlevel.gfcc.cov": [[6331.36376953125, -2201.43505859375, 1119.0928955078125, 1359.5748291015625, -467.0797119140625, 1070.0654296875, 184.9186248779297, 240.79786682128906, 28.87028694152832, 394.6627197265625, -151.39071655273438, 401.5890197753906, -121.3780288696289], [-2201.43505859375, 1478.4693603515625, -404.7132873535156, -441.8244323730469, 508.8027648925781, -444.98931884765625, 169.47891235351562, -33.571197509765625, 116.5351333618164, -133.48446655273438, 164.67381286621094, -227.94032287597656, 127.51948547363281], [1119.0928955078125, -404.7132873535156, 741.6508178710938, 462.0872802734375, 1.5617241859436035, 415.13330078125, 222.30184936523438, 174.3466033935547, 89.6168212890625, 147.6965789794922, 35.32699966430664, 160.2317352294922, -1.3518171310424805], [1359.5748291015625, -441.8244323730469, 462.0872802734375, 613.0747680664062, 59.224830627441406, 327.62164306640625, 168.1829071044922, 104.45648193359375, 96.79773712158203, 130.28036499023438, 34.24453353881836, 100.14832305908203, 7.258215427398682], [-467.0797119140625, 508.8027648925781, 1.5617241859436035, 59.224830627441406, 425.078369140625, -123.0022964477539, 186.70657348632812, 36.78749465942383, 98.68310546875, 32.807212829589844, 97.01045989990234, -45.14507293701172, 59.359535217285156], [1070.0654296875, -444.98931884765625, 415.13330078125, 327.62164306640625, -123.0022964477539, 472.6200866699219, 71.23530578613281, 132.28524780273438, 50.020263671875, 97.77059936523438, 14.539241790771484, 125.97276306152344, -11.07941722869873], [184.9186248779297, 169.47891235351562, 222.30184936523438, 168.1829071044922, 186.70657348632812, 71.23530578613281, 313.00421142578125, 123.38156127929688, 115.10913848876953, 85.11982727050781, 77.6679458618164, 20.396408081054688, 59.12098693847656], [240.79786682128906, -33.571197509765625, 174.3466033935547, 104.45648193359375, 36.78749465942383, 132.28524780273438, 123.38156127929688, 156.97325134277344, 70.8424301147461, 55.22236251831055, 34.570220947265625, 47.77174758911133, 21.449180603027344], [28.87028694152832, 116.5351333618164, 89.6168212890625, 96.79773712158203, 98.68310546875, 50.020263671875, 115.10913848876953, 70.8424301147461, 135.01467895507812, 64.0853500366211, 53.38942337036133, 8.49911880493164, 35.87155532836914], [394.6627197265625, -133.48446655273438, 147.6965789794922, 130.28036499023438, 32.807212829589844, 97.77059936523438, 85.11982727050781, 55.22236251831055, 64.0853500366211, 118.38267517089844, 31.238819122314453, 59.37456512451172, 7.516116619110107], [-151.39071655273438, 164.67381286621094, 35.32699966430664, 34.24453353881836, 97.01045989990234, 14.539241790771484, 77.6679458618164, 34.570220947265625, 53.38942337036133, 31.238819122314453, 93.79581451416016, 15.707270622253418, 37.52569580078125], [401.5890197753906, -227.94032287597656, 160.2317352294922, 100.14832305908203, -45.14507293701172, 125.97276306152344, 20.396408081054688, 47.77174758911133, 8.49911880493164, 59.37456512451172, 15.707270622253418, 123.89445495605469, 15.69605827331543], [-121.3780288696289, 127.51948547363281, -1.3518171310424805, 7.258215427398682, 59.359535217285156, -11.07941722869873, 59.12098693847656, 21.449180603027344, 35.87155532836914, 7.516116619110107, 37.52569580078125, 15.69605827331543, 80.91844940185547]], "lowlevel.gfcc.icov": [[0.0005804651882499456, 0.00024631901760585606, 0.0003514538402669132, -0.000954902614466846, 0.00024147388467099518, -0.0004287651681806892, -0.00045838727965019643, 5.983152277622139e-06, 0.0004761295858770609, -0.0007781292079016566, 0.0008809715509414673, -0.00030864198924973607, 0.00018405390437692404], [0.00024631901760585606, 0.006884952541440725, -0.0010441017802804708, 0.004790111444890499, -0.005162999965250492, -0.0003415346727706492, -0.001399064902216196, 0.00145107158459723, -0.004333116579800844, 0.006199682131409645, -0.006247404497116804, 0.006042530760169029, -0.003479250241070986], [0.0003514538402669132, -0.0010441017802804708, 0.005051766987890005, -0.0029004421085119247, 0.0009336738148704171, -0.0021762719843536615, -0.0024488260969519615, -0.0006879409775137901, 0.0012815170921385288, -0.0012837318936362863, 0.002527619246393442, -0.0041618128307163715, 0.0026920160744339228], [-0.000954902614466846, 0.004790111444890499, -0.0029004421085119247, 0.009440497495234013, -0.005413396749645472, -0.0012654708698391914, -0.0004901214851997793, 0.002635718323290348, -0.0051085385493934155, 0.005230954382568598, -0.005567224696278572, 0.005348210223019123, -0.0030959241557866335], [0.00024147388467099518, -0.005162999965250492, 0.0009336738148704171, -0.005413396749645472, 0.009248197078704834, 0.002179386094212532, -0.0009630704298615456, -0.0013066636165603995, 0.002886652946472168, -0.005463982466608286, 0.0022424941416829824, -0.003467871807515621, 0.0024245232343673706], [-0.0004287651681806892, -0.0003415346727706492, -0.0021762719843536615, -0.0012654708698391914, 0.002179386094212532, 0.006979378405958414, 0.0016455691074952483, -0.0030520299915224314, -0.00048185751074925065, 0.00013251918426249176, -0.002156486501917243, -0.0005863412516191602, 0.0002509269688744098], [-0.00045838727965019643, -0.001399064902216196, -0.0024488260969519615, -0.0004901214851997793, -0.0009630704298615456, 0.0016455691074952483, 0.009730380959808826, -0.004348014015704393, 8.353542943950742e-05, -0.0034731768537312746, -0.0009128344827331603, 0.002721114084124565, -0.0033235913142561913], [5.983152277622139e-06, 0.00145107158459723, -0.0006879409775137901, 0.002635718323290348, -0.0013066636165603995, -0.0030520299915224314, -0.004348014015704393, 0.013944355770945549, -0.00524273281916976, 0.002896347315981984, -0.0007538486970588565, -0.0015834523364901543, 0.00020732212578877807], [0.0004761295858770609, -0.004333116579800844, 0.0012815170921385288, -0.0051085385493934155, 0.002886652946472168, -0.00048185751074925065, 8.353542943950742e-05, -0.00524273281916976, 0.020007282495498657, -0.012149582616984844, 0.001860142918303609, 0.000925063737668097, -0.0016153715550899506], [-0.0007781292079016566, 0.006199682131409645, -0.0012837318936362863, 0.005230954382568598, -0.005463982466608286, 0.00013251918426249176, -0.0034731768537312746, 0.002896347315981984, -0.012149582616984844, 0.02615153044462204, -0.008173206821084023, -0.002168183447793126, 0.001536038937047124], [0.0008809715509414673, -0.006247404497116804, 0.002527619246393442, -0.005567224696278572, 0.0022424941416829824, -0.002156486501917243, -0.0009128344827331603, -0.0007538486970588565, 0.001860142918303609, -0.008173206821084023, 0.026330826804041862, -0.009235451929271221, 0.00014996121171861887], [-0.00030864198924973607, 0.006042530760169029, -0.0041618128307163715, 0.005348210223019123, -0.003467871807515621, -0.0005863412516191602, 0.002721114084124565, -0.0015834523364901543, 0.000925063737668097, -0.002168183447793126, -0.009235451929271221, 0.024189196527004242, -0.010257227346301079], [0.00018405390437692404, -0.003479250241070986, 0.0026920160744339228, -0.0030959241557866335, 0.0024245232343673706, 0.0002509269688744098, -0.0033235913142561913, 0.00020732212578877807, -0.0016153715550899506, 0.001536038937047124, 0.00014996121171861887, -0.010257227346301079, 0.021562479436397552]], "lowlevel.mfcc.cov": [[5769.9892578125, -2083.34912109375, 963.1203002929688, 597.1795654296875, -136.155517578125, 791.5445556640625, 188.71453857421875, 296.2499694824219, 213.7501678466797, 165.44740295410156, 171.13645935058594, 87.12815856933594, 116.43142700195312], [-2083.34912109375, 1376.392578125, -507.9466857910156, -152.2396697998047, 149.515625, -299.5490417480469, 40.17231369018555, -69.62078857421875, -14.11569881439209, 58.054141998291016, -17.250946044921875, 4.103200912475586, -17.768985748291016], [963.1203002929688, -507.9466857910156, 655.5369262695312, 180.74888610839844, -25.480695724487305, 298.20526123046875, 133.8756866455078, 221.10189819335938, 112.2847900390625, 110.39080047607422, 104.84335327148438, 25.715797424316406, 91.83014678955078], [597.1795654296875, -152.2396697998047, 180.74888610839844, 366.23858642578125, 115.53646087646484, 173.19725036621094, 140.81138610839844, 83.93936157226562, 93.7457504272461, 126.6574478149414, 63.370426177978516, 71.30708312988281, 56.562042236328125], [-136.155517578125, 149.515625, -25.480695724487305, 115.53646087646484, 169.64561462402344, 48.38516616821289, 55.894283294677734, 25.49094009399414, 31.409406661987305, 37.91627883911133, 26.10270118713379, 51.6320686340332, 22.484207153320312], [791.5445556640625, -299.5490417480469, 298.20526123046875, 173.19725036621094, 48.38516616821289, 274.9964294433594, 103.788330078125, 108.57798767089844, 78.62804412841797, 82.95343017578125, 78.57853698730469, 45.173370361328125, 58.83549880981445], [188.71453857421875, 40.17231369018555, 133.8756866455078, 140.81138610839844, 55.894283294677734, 103.788330078125, 181.70143127441406, 107.44465637207031, 70.99552154541016, 107.12139129638672, 55.272647857666016, 31.22205352783203, 44.22422409057617], [296.2499694824219, -69.62078857421875, 221.10189819335938, 83.93936157226562, 25.49094009399414, 108.57798767089844, 107.44465637207031, 171.913818359375, 87.90205383300781, 81.82260131835938, 66.16020965576172, 30.231664657592773, 61.22456359863281], [213.7501678466797, -14.11569881439209, 112.2847900390625, 93.7457504272461, 31.409406661987305, 78.62804412841797, 70.99552154541016, 87.90205383300781, 119.43898010253906, 92.53398132324219, 52.73545837402344, 31.55875587463379, 37.285030364990234], [165.44740295410156, 58.054141998291016, 110.39080047607422, 126.6574478149414, 37.91627883911133, 82.95343017578125, 107.12139129638672, 81.82260131835938, 92.53398132324219, 184.80093383789062, 79.0577392578125, 24.027685165405273, 46.63059997558594], [171.13645935058594, -17.250946044921875, 104.84335327148438, 63.370426177978516, 26.10270118713379, 78.57853698730469, 55.272647857666016, 66.16020965576172, 52.73545837402344, 79.0577392578125, 105.2376937866211, 47.139190673828125, 36.71809005737305], [87.12815856933594, 4.103200912475586, 25.715797424316406, 71.30708312988281, 51.6320686340332, 45.173370361328125, 31.22205352783203, 30.231664657592773, 31.55875587463379, 24.027685165405273, 47.139190673828125, 86.99182891845703, 38.851295471191406], [116.43142700195312, -17.768985748291016, 91.83014678955078, 56.562042236328125, 22.484207153320312, 58.83549880981445, 44.22422409057617, 61.22456359863281, 37.285030364990234, 46.63059997558594, 36.71809005737305, 38.851295471191406, 75.76701354980469]], "lowlevel.mfcc.icov": [[0.0005716921878047287, 0.0006924983463250101, 0.000493680068757385, -0.00041398333269171417, 0.0006294944905675948, -0.0010322467423975468, 2.4053444576566108e-05, -0.000526288989931345, -0.00010104863031301647, -0.0001983058755286038, 4.3129428377142176e-05, -0.00010855398431885988, 0.0002271275589009747], [0.0006924983463250101, 0.002730469685047865, 0.001392007921822369, 0.0007975534535944462, -0.0013676396338269114, 0.0006339367246255279, -0.001537667470984161, -0.00037693497142754495, -0.0004268285119906068, -0.0013500576606020331, -0.0003248857392463833, 0.00020333637075964361, -0.0004965311381965876], [0.000493680068757385, 0.001392007921822369, 0.005970448721200228, -0.001004143850877881, 0.0022411716636270285, -0.004163235425949097, 0.00045563565799966455, -0.005307935643941164, 0.0006093352567404509, -0.0001631173654459417, -0.0008921744301915169, 0.0017648395150899887, -0.0009998449822887778], [-0.00041398333269171417, 0.0007975534535944462, -0.001004143850877881, 0.007610513363033533, -0.00436382507905364, 0.0004003308422397822, -0.0034043833147734404, 0.00295652006752789, -0.0013193782651796937, -0.002950272522866726, 0.0021157818846404552, -0.002746660728007555, -0.00021097784338053316], [0.0006294944905675948, -0.0013676396338269114, 0.0022411716636270285, -0.00436382507905364, 0.012853773310780525, -0.005000086035579443, 0.0010520645882934332, -0.0029337212909013033, 0.0006725137936882675, 0.001196648576296866, 0.0009188312105834484, -0.0037879380397498608, 0.0015078249853104353], [-0.0010322467423975468, 0.0006339367246255279, -0.004163235425949097, 0.0004003308422397822, -0.005000086035579443, 0.01371635403484106, -0.0031181045342236757, 0.003624847624450922, -0.0015903075691312551, 0.0006362121202982962, -0.0031836493872106075, 0.0007370762759819627, -0.0022386163473129272], [2.4053444576566108e-05, -0.001537667470984161, 0.00045563565799966455, -0.0034043833147734404, 0.0010520645882934332, -0.0031181045342236757, 0.014263063669204712, -0.007366496603935957, 0.0023305423092097044, -0.0035271942615509033, 0.001529420493170619, -0.0003625134704634547, 0.0017968242755159736], [-0.000526288989931345, -0.00037693497142754495, -0.005307935643941164, 0.00295652006752789, -0.0029337212909013033, 0.003624847624450922, -0.007366496603935957, 0.02087325043976307, -0.007998906075954437, 0.0026316395960748196, -0.003475153585895896, 0.0019228230230510235, -0.006550126243382692], [-0.00010104863031301647, -0.0004268285119906068, 0.0006093352567404509, -0.0013193782651796937, 0.0006725137936882675, -0.0015903075691312551, 0.0023305423092097044, -0.007998906075954437, 0.01919916458427906, -0.006775925401598215, 0.0013180323876440525, -0.0034357483964413404, 0.002285594353452325], [-0.0001983058755286038, -0.0013500576606020331, -0.0001631173654459417, -0.002950272522866726, 0.001196648576296866, 0.0006362121202982962, -0.0035271942615509033, 0.0026316395960748196, -0.006775925401598215, 0.015654388815164566, -0.008401014842092991, 0.006568845361471176, -0.004125681705772877], [4.3129428377142176e-05, -0.0003248857392463833, -0.0008921744301915169, 0.0021157818846404552, 0.0009188312105834484, -0.0031836493872106075, 0.001529420493170619, -0.003475153585895896, 0.0013180323876440525, -0.008401014842092991, 0.022157469764351845, -0.011247520335018635, 0.003025630721822381], [-0.00010855398431885988, 0.00020333637075964361, 0.0017648395150899887, -0.002746660728007555, -0.0037879380397498608, 0.0007370762759819627, -0.0003625134704634547, 0.0019228230230510235, -0.0034357483964413404, 0.006568845361471176, -0.011247520335018635, 0.024762021377682686, -0.01026307512074709], [0.0002271275589009747, -0.0004965311381965876, -0.0009998449822887778, -0.00021097784338053316, 0.0015078249853104353, -0.0022386163473129272, 0.0017968242755159736, -0.006550126243382692, 0.002285594353452325, -0.004125681705772877, 0.003025630721822381, -0.01026307512074709, 0.024847988039255142]], "metadata.audio_properties.analysis.downmix": "mix", "metadata.audio_properties.codec": "mp3", "metadata.audio_properties.md5_encoded": "b377bd5170da58c1df2573777983e63e", "metadata.tags.file_name": "1183665441596518460.mp3", "metadata.version.essentia": "2.1-beta6-dev", "metadata.version.essentia_git_sha": "v2.1_beta5-1110-g77a6a954", "metadata.version.extractor": "music 2.0", "tonal.chords_key": "A", "tonal.chords_scale": "major", "tonal.key_edma.key": "D", "tonal.key_edma.scale": "major", "tonal.key_krumhansl.key": "D", "tonal.key_krumhansl.scale": "major", "tonal.key_temperley.key": "D", "tonal.key_temperley.scale": "major", "metadata.tags.encoding": ["Lavf58.45.100"]}, "essentia_models": [{"model_name": "genre_dortmund", "activations": {"alternative": "0.2945098", "blues": "0.009489117", "electronic": "0.01307518", "folkcountry": "0.12117111", "funksoulrnb": "0.014618848", "jazz": "0.052138373", "pop": "0.08107268", "raphiphop": "0.013149277", "rock": "0.2990272"}}, {"model_name": "genre_rosamerica", "activations": {"classic": "0.2065772", "dance": "0.0044671968", "hip hop": "0.0060711596", "jazz": "0.01729691", "pop": "0.19964378", "rhythm and blues": "0.09604964", "rock": "0.39181626", "speech": "0.0021808534"}}, {"model_name": "genre_tzanetakis", "activations": {"blues": "0.042876635", "classic": "0.15983324", "country": "0.025748044", "disco": "0.0