{"song_id": "1183709817211211836", "download": "https://cdn.discordapp.com/attachments/1135911532732108921/1183709817211211836/chirp.mp4?ex=658952ac&amp", "lyrics": "[Verse]\nIn the realm of elements, a tale to tell\nAtoms unite, energy entwined, we dwell\nFire burns bright, with passion fierce and free\nWater flows gentle, reflecting what could be\n\n[Chorus]\nEarth and air dance in harmony\nElements bound, creating life's symphony\nFrom the soil to the sky, we'll forever strive\nIn this cosmic journey, we'll continue to thrive", "style": ["pop"], "essentia_features": {"lowlevel.average_loudness": 0.9209948778152466, "lowlevel.barkbands_crest.mean": 14.107723236083984, "lowlevel.barkbands_crest.stdev": 4.875400066375732, "lowlevel.barkbands_flatness_db.mean": 0.2558898329734802, "lowlevel.barkbands_flatness_db.stdev": 0.08996336907148361, "lowlevel.barkbands_kurtosis.mean": 20.0346736907959, "lowlevel.barkbands_kurtosis.stdev": 31.349470138549805, "lowlevel.barkbands_skewness.mean": 2.9163577556610107, "lowlevel.barkbands_skewness.stdev": 2.048475503921509, "lowlevel.barkbands_spread.mean": 13.236725807189941, "lowlevel.barkbands_spread.stdev": 19.01129150390625, "lowlevel.dissonance.mean": 0.4074830412864685, "lowlevel.dissonance.stdev": 0.05665884539484978, "lowlevel.dynamic_complexity": 3.2804126739501953, "lowlevel.erbbands_crest.mean": 14.377330780029297, "lowlevel.erbbands_crest.stdev": 5.863083362579346, "lowlevel.erbbands_flatness_db.mean": 0.19417650997638702, "lowlevel.erbbands_flatness_db.stdev": 0.06433510780334473, "lowlevel.erbbands_kurtosis.mean": 6.988082408905029, "lowlevel.erbbands_kurtosis.stdev": 8.713763236999512, "lowlevel.erbbands_skewness.mean": 1.5848928689956665, "lowlevel.erbbands_skewness.stdev": 1.4251803159713745, "lowlevel.erbbands_spread.mean": 32.97736740112305, "lowlevel.erbbands_spread.stdev": 29.415081024169922, "lowlevel.hfc.mean": 13.23280143737793, "lowlevel.hfc.stdev": 14.3519868850708, "lowlevel.loudness_ebu128.integrated": -17.70508575439453, "lowlevel.loudness_ebu128.loudness_range": 3.0304088592529297, "lowlevel.loudness_ebu128.momentary.mean": -18.61189079284668, "lowlevel.loudness_ebu128.momentary.stdev": 2.902597665786743, "lowlevel.loudness_ebu128.short_term.mean": -17.813920974731445, "lowlevel.loudness_ebu128.short_term.stdev": 1.2240639925003052, "lowlevel.melbands_crest.mean": 18.66692352294922, "lowlevel.melbands_crest.stdev": 6.0976152420043945, "lowlevel.melbands_flatness_db.mean": 0.3449893593788147, "lowlevel.melbands_flatness_db.stdev": 0.1103527620434761, "lowlevel.melbands_kurtosis.mean": 34.12550354003906, "lowlevel.melbands_kurtosis.stdev": 51.15629196166992, "lowlevel.melbands_skewness.mean": 3.459120035171509, "lowlevel.melbands_skewness.stdev": 2.54203200340271, "lowlevel.melbands_spread.mean": 9.851638793945312, "lowlevel.melbands_spread.stdev": 15.788670539855957, "lowlevel.pitch_salience.mean": 0.46104317903518677, "lowlevel.pitch_salience.stdev": 0.13887029886245728, "lowlevel.silence_rate_20dB.mean": 0.9965075850486755, "lowlevel.silence_rate_20dB.stdev": 0.058994222432374954, "lowlevel.silence_rate_30dB.mean": 0.8952270150184631, "lowlevel.silence_rate_30dB.stdev": 0.30625712871551514, "lowlevel.silence_rate_60dB.mean": 0.036088474094867706, "lowlevel.silence_rate_60dB.stdev": 0.1865074634552002, "lowlevel.spectral_centroid.mean": 659.1519775390625, "lowlevel.spectral_centroid.stdev": 645.6226806640625, "lowlevel.spectral_complexity.mean": 7.367869853973389, "lowlevel.spectral_complexity.stdev": 4.455411911010742, "lowlevel.spectral_decrease.mean": -1.1380166142771486e-08, "lowlevel.spectral_decrease.stdev": 1.6116436185598104e-08, "lowlevel.spectral_energy.mean": 0.04415160045027733, "lowlevel.spectral_energy.stdev": 0.0615517683327198, "lowlevel.spectral_energyband_high.mean": 0.000443031924078241, "lowlevel.spectral_energyband_high.stdev": 0.0011258694576099515, "lowlevel.spectral_energyband_low.mean": 0.02733629010617733, "lowlevel.spectral_energyband_low.stdev": 0.050296295434236526, "lowlevel.spectral_energyband_middle_high.mean": 0.001550631714053452, "lowlevel.spectral_energyband_middle_high.stdev": 0.003182201413437724, "lowlevel.spectral_energyband_middle_low.mean": 0.017272159457206726, "lowlevel.spectral_energyband_middle_low.stdev": 0.035380393266677856, "lowlevel.spectral_entropy.mean": 6.7777557373046875, "lowlevel.spectral_entropy.stdev": 0.8701608777046204, "lowlevel.spectral_flux.mean": 0.0831998959183693, "lowlevel.spectral_flux.stdev": 0.1041160374879837, "lowlevel.spectral_kurtosis.mean": 12.044719696044922, "lowlevel.spectral_kurtosis.stdev": 22.783668518066406, "lowlevel.spectral_rms.mean": 0.005641191266477108, "lowlevel.spectral_rms.stdev": 0.0033543703611940145, "lowlevel.spectral_rolloff.mean": 872.2332153320312, "lowlevel.spectral_rolloff.stdev": 1929.0989990234375, "lowlevel.spectral_skewness.mean": 2.579991340637207, "lowlevel.spectral_skewness.stdev": 1.6270803213119507, "lowlevel.spectral_spread.mean": 5987185.0, "lowlevel.spectral_spread.stdev": 3048098.75, "lowlevel.spectral_strongpeak.mean": 0.7794508337974548, "lowlevel.spectral_strongpeak.stdev": 0.804428219795227, "lowlevel.zerocrossingrate.mean": 0.041125331073999405, "lowlevel.zerocrossingrate.stdev": 0.043796081095933914, "metadata.audio_properties.analysis.equal_loudness": 0.0, "metadata.audio_properties.analysis.length": 39.849613189697266, "metadata.audio_properties.analysis.sample_rate": 44100.0, "metadata.audio_properties.analysis.start_time": 0.0, "metadata.audio_properties.bit_rate": 119576.0, "metadata.audio_properties.length": 39.85066604614258, "metadata.audio_properties.lossless": 0.0, "metadata.audio_properties.number_channels": 1.0, "metadata.audio_properties.replay_gain": -8.771953582763672, "metadata.audio_properties.sample_rate": 48000.0, "rhythm.beats_count": 98.0, "rhythm.beats_loudness.mean": 0.08834219723939896, "rhythm.beats_loudness.stdev": 0.09326886385679245, "rhythm.bpm": 150.1441192626953, "rhythm.bpm_histogram_first_peak_bpm": 152.0, "rhythm.bpm_histogram_first_peak_weight": 0.46341460943222046, "rhythm.bpm_histogram_second_peak_bpm": 129.0, "rhythm.bpm_histogram_second_peak_spread": 0.1428571343421936, "rhythm.bpm_histogram_second_peak_weight": 0.06185567006468773, "rhythm.danceability": 1.4983832836151123, "rhythm.onset_rate": 4.564988613128662, "tonal.chords_changes_rate": 0.06279069930315018, "tonal.chords_number_rate": 0.011627906933426857, "tonal.chords_strength.mean": 0.518573522567749, "tonal.chords_strength.stdev": 0.08946359157562256, "tonal.hpcp_crest.mean": 13.675719261169434, "tonal.hpcp_crest.stdev": 6.515502452850342, "tonal.hpcp_entropy.mean": 1.9946635961532593, "tonal.hpcp_entropy.stdev": 0.7773212194442749, "tonal.key_edma.strength": 0.6026836037635803, "tonal.key_krumhansl.strength": 0.5906631946563721, "tonal.key_temperley.strength": 0.5635117888450623, "tonal.tuning_diatonic_strength": 0.623633861541748, "tonal.tuning_equal_tempered_deviation": 0.2082870751619339, "tonal.tuning_frequency": 434.193115234375, "tonal.tuning_nontempered_energy_ratio": 0.9480432271957397, "lowlevel.barkbands.mean": [0.0006926284986548126, 0.01857248693704605, 0.005822013597935438, 0.003745223628357053, 0.005680777132511139, 0.003406044328585267, 0.002304731635376811, 0.0008432117756456137, 0.0007864401559345424, 0.000848076306283474, 0.00026946491561830044, 0.00015477706620004028, 6.582948844879866e-05, 0.00017841640510596335, 0.00014396010374184698, 5.529299232875928e-05, 7.611602632096037e-05, 2.8651938919210806e-05, 2.434335146972444e-05, 2.359379686822649e-05, 2.756512549240142e-05, 4.224501390126534e-05, 5.726721792598255e-05, 0.0001264481252292171, 0.0001276603143196553, 4.831470869248733e-05, 1.1247387732282732e-07], "lowlevel.barkbands.stdev": [0.0020138216204941273, 0.03362884745001793, 0.02223793976008892, 0.021101636812090874, 0.017293183133006096, 0.00415136618539691, 0.005157006438821554, 0.002764882054179907, 0.0021195458248257637, 0.0025402051396667957, 0.0015955431153997779, 0.0005077638779766858, 0.00020401840447448194, 0.0007319205906242132, 0.000536317762453109, 0.0001449167320970446, 0.00021675589960068464, 6.504922930616885e-05, 5.836824857397005e-05, 9.44595449254848e-05, 8.080508268903941e-05, 0.0001517206837888807, 0.00023371944553218782, 0.00038985288119874895, 0.00032446999102830887, 0.00014200840087141842, 5.976257284601161e-07], "lowlevel.erbbands.mean": [0.6743216514587402, 3.6251330375671387, 6.106261730194092, 11.474906921386719, 12.226859092712402, 20.429935455322266, 33.852195739746094, 20.966941833496094, 30.90798568725586, 32.20783615112305, 19.191194534301758, 16.967552185058594, 31.71811294555664, 17.029117584228516, 9.684250831604004, 6.926766395568848, 3.5020883083343506, 9.89517593383789, 6.494253158569336, 6.252923965454102, 3.9210965633392334, 3.7852284908294678, 1.7623580694198608, 1.5566083192825317, 1.0140208005905151, 1.1640005111694336, 1.0589114427566528, 1.2471423149108887, 1.689823031425476, 1.0111178159713745, 1.8788468837738037, 2.8183650970458984, 1.8463488817214966, 1.329392910003662, 0.9724395275115967, 0.36020898818969727, 0.05643291771411896, 0.0031741566490381956, 0.00010302183363819495, 5.5501277529401705e-05], "lowlevel.erbbands.stdev": [1.3768842220306396, 6.673947811126709, 20.86687469482422, 53.702823638916016, 56.084049224853516, 62.34086227416992, 47.55265808105469, 39.20456314086914, 61.58680725097656, 102.8210220336914, 67.30183410644531, 42.017452239990234, 96.42632293701172, 55.61895751953125, 48.331932067871094, 24.929203033447266, 9.615030288696289, 40.62842559814453, 16.400432586669922, 31.093416213989258, 10.234650611877441, 9.612483978271484, 4.054018020629883, 3.3444314002990723, 2.7663190364837646, 4.919885635375977, 3.5446481704711914, 3.826447010040283, 5.967926025390625, 3.4598474502563477, 7.872007369995117, 9.311849594116211, 5.800045490264893, 3.418097734451294, 2.5054094791412354, 1.0123800039291382, 0.18581052124500275, 0.01222076267004013, 0.00026429499848745763, 6.81216552038677e-05], "lowlevel.gfcc.mean": [-65.31961822509766, 111.42528533935547, -57.15591049194336, 23.744626998901367, -60.320457458496094, 21.108556747436523, -52.65095520019531, 15.951883316040039, -22.04880714416504, 7.775303840637207, -10.27869987487793, 3.1367502212524414, 4.87911319732666], "lowlevel.melbands.mean": [0.0055683571845293045, 0.0036956474650651217, 0.001959744608029723, 0.0011173469247296453, 0.0011260060127824545, 0.0005097676767036319, 0.00048655024147592485, 0.00030325763509608805, 0.0001410010299878195, 0.000111854933493305, 0.00015610179980285466, 6.687938002869487e-05, 3.9088921766960993e-05, 1.768680158420466e-05, 1.0924477464868687e-05, 7.493338671338279e-06, 2.0232624592608772e-05, 9.590827175998129e-06, 9.502361535851378e-06, 5.426297320809681e-06, 4.750111202156404e-06, 4.375131084088935e-06, 2.3214411157823633e-06, 1.2256157333467854e-06, 1.2861833056376781e-06, 7.877423513491522e-07, 6.818591486990044e-07, 7.927706633381604e-07, 6.362694762174215e-07, 6.338148068607552e-07, 7.751881980766484e-07, 1.0502801615075441e-06, 6.638537115577492e-07, 5.05861635247129e-07, 9.092252071241091e-07, 1.5078866226758691e-06, 1.8878268974731327e-06, 1.4233139609132195e-06, 9.185254157273448e-07, 1.2062843097737641e-06], "lowlevel.melbands.stdev": [0.010392529889941216, 0.009159913286566734, 0.008755309507250786, 0.003929017577320337, 0.0019147321581840515, 0.0008533030049875379, 0.0009398437105119228, 0.0009547752561047673, 0.0005030542961321771, 0.0002817027852870524, 0.0004761546733789146, 0.00023707194486632943, 0.00023241124290507287, 5.634337503579445e-05, 3.443876266828738e-05, 2.1597554223262705e-05, 9.073694673134014e-05, 2.5801933588809334e-05, 3.9800095692044124e-05, 2.2574355170945637e-05, 1.4607771845476236e-05, 1.1660730706353206e-05, 6.949353064555908e-06, 2.667043872861541e-06, 2.8556419238157105e-06, 2.0534803297778126e-06, 2.246098574687494e-06, 3.6958947475795867e-06, 2.1904086224822095e-06, 1.9662559225253062e-06, 2.702807023524656e-06, 4.024933787150076e-06, 2.3540731035609497e-06, 1.9101241832686355e-06, 4.03773492507753e-06, 6.042924724170007e-06, 5.859834345756099e-06, 4.544314833765384e-06, 2.933785935965716e-06, 3.0073972538957605e-06], "lowlevel.melbands128.mean": [0.0006757195806130767, 0.0054255640134215355, 0.008086475543677807, 0.005124332848936319, 0.0030067150946706533, 0.0030049884226173162, 0.0024960506707429886, 0.0016451437259092927, 0.0011236286954954267, 0.0010314078535884619, 0.0011580701684579253, 0.0011918190866708755, 0.0014885716373100877, 0.0005655274726450443, 0.00029620243003591895, 0.0006619388586841524, 0.00048802574747242033, 0.0004824275674764067, 0.00038737058639526367, 0.0004849817487411201, 0.0001244324230356142, 0.00016164174303412437, 0.00016484934894833714, 9.036251140059903e-05, 0.00010141129314433783, 8.583426824770868e-05, 0.00021950367954559624, 0.00020752853015437722, 4.509572318056598e-05, 9.940882591763511e-05, 5.0188828026875854e-05, 5.043817509431392e-05, 5.9091060393257067e-05, 1.1778074622270651e-05, 1.2571901606861502e-05, 2.305862471985165e-05, 2.2820824597147293e-05, 7.495874342566822e-06, 6.545221367559861e-06, 6.112985829531681e-06, 5.867235358891776e-06, 1.214204075949965e-05, 2.7131271053804085e-05, 2.194542139477562e-05, 4.847487161896424e-06, 1.0983843822032213e-05, 1.0192084118898492e-05, 7.1909416874405e-06, 1.1678103874146473e-05, 9.435797437618021e-06, 3.13174314214848e-06, 2.6663506105251145e-06, 4.863433332502609e-06, 5.4028682825446595e-06, 5.465253707370721e-06, 4.576123046717839e-06, 2.8477768410084536e-06, 3.397965201656916e-06, 1.8301086583960569e-06, 1.0430239854031242e-06, 1.1352714182066848e-06, 1.2714610875264043e-06, 1.601521148586471e-06, 1.2492331507019117e-06, 8.762393690631143e-07, 8.387240200136148e-07, 6.756033030796971e-07, 5.863814180884219e-07, 6.597163633159653e-07, 8.730492595532269e-07, 8.321061386595829e-07, 7.333949838539411e-07, 6.60876708025171e-07, 5.849516924172349e-07, 6.554989226970065e-07, 7.046735959193029e-07, 5.643420308842906e-07, 5.864786203346739e-07, 8.160223501363362e-07, 9.055747796082869e-07, 1.0887870303122327e-06, 1.2443290415831143e-06, 7.791505254317599e-07, 6.140886625871644e-07, 5.148789909981133e-07, 4.6817058318993077e-07, 4.7539703018628643e-07, 6.273354529184871e-07, 7.951265388328466e-07, 1.1977490430581383e-06, 1.513199322289438e-06, 1.5554351193713956e-06, 1.604104568286857e-06, 1.926816139530274e-06, 2.1159439711482264e-06, 1.696694084785122e-06, 1.2307646102271974e-06, 1.0766707418952137e-06, 8.822007089293038e-07, 8.212294346776616e-07, 1.0140352060261648e-06, 1.2526970749604516e-06, 1.4697002370667178e-06, 1.5022254729046836e-06, 1.1763114571294864e-06, 7.800289836268348e-07, 8.086367984105891e-07, 7.803562311892165e-07, 6.949525754862407e-07, 4.804670652447385e-07, 2.782693684366677e-07, 1.9364428283097368e-07, 1.572684737993768e-07, 9.18930425086728e-08, 4.078782822602989e-08, 2.030865076108057e-08, 4.504840944719035e-09, 6.936957674952282e-10, 3.756389990727804e-11, 1.0057978755417807e-11, 7.998013709653584e-12, 6.463357626884658e-12, 5.4996710310839525e-12, 5.401130931392828e-12, 5.2642170136896205e-12, 5.087576627343937e-12, 4.984463796570138e-12, 4.948599689746924e-12], "lowlevel.melbands128.stdev": [0.0019759342540055513, 0.012358523905277252, 0.01494898647069931, 0.010683034546673298, 0.010546019300818443, 0.011689344421029091, 0.012296359054744244, 0.009543981403112411, 0.005766322370618582, 0.003912115003913641, 0.0037927913945168257, 0.0030096617992967367, 0.0019383252365514636, 0.0007629821775481105, 0.0007949972641654313, 0.0016812598332762718, 0.0010564718395471573, 0.0015788113232702017, 0.001069475314579904, 0.0019524756353348494, 0.00048431713366881013, 0.0007005258812569082, 0.0007629923638887703, 0.0003393899532966316, 0.0004017240717075765, 0.0003090924583375454, 0.0007301984587684274, 0.0008401658851653337, 0.00013276493700686842, 0.00043685678974725306, 0.00021958247816655785, 0.0003187144175171852, 0.00042224093340337276, 3.8089714507805184e-05, 3.661286973510869e-05, 9.716388740343973e-05, 0.00010914553422480822, 2.7240450435783714e-05, 2.658984885783866e-05, 2.2038668248569593e-05, 2.0244300685590133e-05, 4.379043821245432e-05, 0.00014150871720630676, 0.00011660790187306702, 1.977744796022307e-05, 4.019055995740928e-05, 3.8803751522209495e-05, 4.3577216274570674e-05, 8.79273793543689e-05, 5.7624456530902535e-05, 9.665413926995825e-06, 6.810103513998911e-06, 1.9476428860798478e-05, 2.2104210074758157e-05, 2.0851688532275148e-05, 1.6847972801770084e-05, 1.0419958925922401e-05, 1.5309504306060262e-05, 7.3785436143225525e-06, 2.7223609322390985e-06, 2.9493598958652e-06, 3.140514309052378e-06, 4.119401637581177e-06, 3.1778131415194366e-06, 2.17774049815489e-06, 2.392520400462672e-06, 1.9832134512398625e-06, 2.087276243400993e-06, 2.2732165234629065e-06, 3.946983724745223e-06, 5.018055162508972e-06, 3.2879888749448583e-06, 2.3902905468276003e-06, 2.089091367452056e-06, 2.356996901653474e-06, 2.349124542888603e-06, 1.731593556542066e-06, 2.050740704362397e-06, 2.955662921522162e-06, 4.567312771541765e-06, 5.544098712562118e-06, 4.049080416734796e-06, 3.352931798872305e-06, 2.2702063233737135e-06, 1.9429862732067704e-06, 1.5808708440090413e-06, 2.098614459100645e-06, 3.3216258543689037e-06, 3.6859769352304284e-06, 6.179850515763974e-06, 7.051720331219258e-06, 6.104794465500163e-06, 6.200202278705547e-06, 6.763180408597691e-06, 5.9555300140345935e-06, 5.495629920915235e-06, 4.381718099466525e-06, 4.1064067772822455e-06, 3.1417910122399917e-06, 2.814679419316235e-06, 2.6259579044562997e-06, 3.352399744471768e-06, 3.7464938031916972e-06, 3.606990730986581e-06, 3.581063538149465e-06, 2.3328304905589903e-06, 2.2982037535257405e-06, 2.149615511370939e-06, 2.020827650994761e-06, 1.609501737220853e-06, 1.1285434311503195e-06, 7.57246937155287e-07, 5.873885697837977e-07, 3.890083348778717e-07, 2.200689834808145e-07, 1.1729671456350843e-07, 2.0887823026782826e-08, 6.293428889136976e-09, 6.172530819803512e-10, 1.7095631854591176e-10, 9.308792625617457e-11, 3.6653874380121465e-11, 1.2251722206202409e-11, 1.2046529572484754e-11, 1.1877062701393104e-11, 1.173521869957117e-11, 1.163511995083688e-11, 1.1572979553842178e-11], "lowlevel.mfcc.mean": [-731.3607177734375, 150.20335388183594, 52.30004119873047, 14.266437530517578, 22.672483444213867, -1.163737177848816, -0.0733456164598465, -5.858769416809082, 4.396605968475342, -1.601206660270691, -5.467357158660889, 1.5376538038253784, -5.880056858062744], "lowlevel.spectral_contrast_coeffs.mean": [-0.6769792437553406, -0.7012804746627808, -0.7679905891418457, -0.8143585324287415, -0.8218498826026917, -0.7940036058425903], "lowlevel.spectral_contrast_coeffs.stdev": [0.09253882616758347, 0.11684881895780563, 0.10147395730018616, 0.06432051211595535, 0.05216868221759796, 0.04637207090854645], "lowlevel.spectral_contrast_valleys.mean": [-6.63514518737793, -7.46630859375, -8.29979133605957, -8.733394622802734, -9.047332763671875, -10.942818641662598], "lowlevel.spectral_contrast_valleys.stdev": [0.8786876797676086, 0.8148943185806274, 0.8927385210990906, 0.9562984704971313, 1.1455199718475342, 1.2011094093322754], "rhythm.beats_loudness_band_ratio.mean": [0.607550859451294, 0.21008320152759552, 0.13470005989074707, 0.036899786442518234, 0.01129602175205946, 0.03226306661963463], "rhythm.beats_loudness_band_ratio.stdev": [0.3110118508338928, 0.2001940906047821, 0.17039425671100616, 0.0832509994506836, 0.023717911913990974, 0.09798337519168854], "tonal.hpcp.mean": [0.17627492547035217, 0.17418059706687927, 0.053446654230356216, 0.022689213976264, 0.02377992682158947, 0.053627390414476395, 0.28935548663139343, 0.4498971998691559, 0.23659691214561462, 0.09063851088285446, 0.07354633510112762, 0.028186887502670288, 0.017049826681613922, 0.013172928243875504, 0.023501219227910042, 0.28814801573753357, 0.3367233872413635, 0.07505346834659576, 0.01229774858802557, 0.009293108247220516, 0.0168607160449028, 0.06415216624736786, 0.08100394904613495, 0.03661814704537392, 0.01722111739218235, 0.014766553416848183, 0.018497059121727943, 0.058960795402526855, 0.0765417069196701, 0.07449601590633392, 0.15374061465263367, 0.14969320595264435, 0.06279795616865158, 0.043243806809186935, 0.04278768226504326, 0.06520525366067886], "tonal.hpcp.stdev": [0.3290172219276428, 0.32207223773002625, 0.1550746113061905, 0.1085314229130745, 0.1127830222249031, 0.14147180318832397, 0.2992923855781555, 0.4160612225532532, 0.2784380614757538, 0.22409109771251678, 0.21318943798542023, 0.1145707294344902, 0.0934152901172638, 0.07704059034585953, 0.09707906097173691, 0.32154393196105957, 0.3641373813152313, 0.14781826734542847, 0.07022984325885773, 0.06136462092399597, 0.07752899825572968, 0.15345381200313568, 0.20531441271305084, 0.11546226590871811, 0.08943738788366318, 0.08706836402416229, 0.08775709569454193, 0.17354290187358856, 0.2054658681154251, 0.172999769449234, 0.2869558334350586, 0.27768412232398987, 0.18092142045497894, 0.16785979270935059, 0.1687314212322235, 0.1808272898197174], "rhythm.beats_position": [0.3482993245124817, 0.7314285635948181, 1.1145577430725098, 1.5209070444107056, 1.9156461954116821, 2.321995496749878, 2.7167346477508545, 3.111473798751831, 3.5062131881713867, 3.9009523391723633, 4.3073015213012695, 4.713650703430176, 5.119999885559082, 5.514739036560059, 5.921088218688965, 6.315827369689941, 6.710566997528076, 7.116916179656982, 7.523265361785889, 7.918004512786865, 8.312743186950684, 8.707483291625977, 9.113832473754883, 9.520181655883789, 9.914920806884766, 10.309659957885742, 10.716009140014648, 11.122358322143555, 11.517097473144531, 11.911836624145508, 12.306575775146484, 12.71292495727539, 13.119274139404297, 13.514013290405273, 13.92036247253418, 14.326711654663086, 14.721450805664062, 15.116189956665039, 15.510929107666016, 15.917278289794922, 16.323627471923828, 16.718366622924805, 17.11310577392578, 17.519454956054688, 17.925804138183594, 18.32054328918457, 18.715282440185547, 19.110021591186523, 19.51637077331543, 19.911109924316406, 20.317459106445312, 20.71219825744629, 21.1069393157959, 21.513288497924805, 21.91963768005371, 22.314376831054688, 22.709115982055664, 23.11546516418457, 23.521814346313477, 23.916553497314453, 24.31129264831543, 24.717641830444336, 25.123991012573242, 25.51873016357422, 25.913469314575195, 26.3198184967041, 26.726167678833008, 27.120906829833984, 27.51564598083496, 27.921995162963867, 28.386394500732422, 28.839183807373047, 29.3035831451416, 29.767980575561523, 30.232379913330078, 30.696779251098633, 31.161178588867188, 31.521087646484375, 31.892606735229492, 32.26412582397461, 32.63564682006836, 33.0303840637207, 33.42512512207031, 33.83147430419922, 34.22621154785156, 34.62095260620117, 35.015689849853516, 35.410430908203125, 35.81678009033203, 36.22312927246094, 36.64108657836914, 37.05904769897461, 37.465396881103516, 37.87174606323242, 38.266483306884766, 38.661224365234375, 39.06757354736328, 39.47392272949219], "rhythm.bpm_histogram": [0.0, 0.0, 0.0, 0.0, 0.0, 0.0, 0.0, 0.0, 0.0, 0.0, 0.0, 0.0, 0.0, 0.0, 0.0, 0.0, 0.0, 0.0, 0.0, 0.0, 0.0, 0.0, 0.0, 0.0, 0.0, 0.0, 0.0, 0.0, 0.0, 0.0, 0.0, 0.0, 0.0, 0.0, 0.0, 0.0, 0.0, 0.0, 0.0, 0.0, 0.0, 0.0, 0.0, 0.0, 0.0, 0.0, 0.0, 0.0, 0.0, 0.0, 0.0, 0.0, 0.0, 0.0, 0.0, 0.0, 0.0, 0.0, 0.0, 0.0, 0.0, 0.0, 0.0, 0.0, 0.0, 0.0, 0.0, 0.0, 0.0, 0.0, 0.0, 0.0, 0.0, 0.0, 0.0, 0.0, 0.0, 0.0, 0.0, 0.0, 0.0, 0.0, 0.0, 0.0, 0.0, 0.0, 0.0, 0.0, 0.0, 0.0, 0.0, 0.0, 0.0, 0.0, 0.0, 0.0, 0.0, 0.0, 0.0, 0.0, 0.0, 0.0, 0.0, 0.0, 0.0, 0.0, 0.0, 0.0, 0.0, 0.0, 0.0, 0.0, 0.0, 0.0, 0.0, 0.0, 0.0, 0.0, 0.0, 0.0, 0.0, 0.0, 0.0, 0.0, 0.0, 0.0, 0.0, 0.0, 0.0, 0.06185567006468773, 0.0, 0.0, 0.0, 0.010309278033673763, 0.0, 0.0, 0.0, 0.0, 0.0, 0.0, 0.0, 0.0, 0.0, 0.0, 0.020618556067347527, 0.0, 0.0, 0.0, 0.39175257086753845, 0.0, 0.0, 0.0, 0.4536082446575165, 0.0, 0.0, 0.0, 0.0, 0.020618556067347527, 0.0, 0.0, 0.0, 0.030927835032343864, 0.0, 0.0, 0.0, 0.0, 0.0, 0.010309278033673763, 0.0, 0.0, 0.0, 0.0, 0.0, 0.0, 0.0, 0.0, 0.0, 0.0, 0.0, 0.0, 0.0, 0.0, 0.0, 0.0, 0.0, 0.0, 0.0, 0.0, 0.0, 0.0, 0.0, 0.0, 0.0, 0.0, 0.0, 0.0, 0.0, 0.0, 0.0, 0.0, 0.0, 0.0, 0.0, 0.0, 0.0, 0.0, 0.0, 0.0, 0.0, 0.0, 0.0, 0.0, 0.0, 0.0, 0.0, 0.0, 0.0, 0.0, 0.0, 0.0, 0.0, 0.0, 0.0, 0.0, 0.0, 0.0, 0.0, 0.0, 0.0, 0.0, 0.0, 0.0, 0.0, 0.0, 0.0, 0.0, 0.0, 0.0, 0.0, 0.0, 0.0, 0.0, 0.0, 0.0, 0.0, 0.0, 0.0, 0.0, 0.0, 0.0], "tonal.chords_histogram": [50.11627960205078, 21.279069900512695, 7.906976699829102, 0.0, 2.5581395626068115, 0.0, 2.4418604373931885, 0.0, 0.0, 0.0, 0.0, 0.0, 0.0, 0.0, 0.0, 0.0, 0.0, 1.1627906560897827, 0.0, 4.883720874786377, 0.0, 3.720930337905884, 3.0232558250427246, 2.9069766998291016], "tonal.thpcp": [1.0, 0.5258910655975342, 0.2014649361371994, 0.16347365081310272, 0.06265184283256531, 0.03789716213941574, 0.029279863461852074, 0.05223686620593071, 0.6404752135276794, 0.7484451532363892, 0.1668235957622528, 0.02733457460999489, 0.020656069740653038, 0.03747681900858879, 0.14259293675422668, 0.18004991114139557, 0.08139225095510483, 0.038277894258499146, 0.03282206133008003, 0.041113968938589096, 0.13105392456054688, 0.17013154923915863, 0.165584534406662, 0.34172388911247253, 0.3327275812625885, 0.13958290219306946, 0.09611930698156357, 0.09510546177625656, 0.14493367075920105, 0.3918115496635437, 0.3871564269065857, 0.11879748106002808, 0.0504319965839386, 0.05285635590553284, 0.11919920891523361, 0.6431590914726257], "lowlevel.gfcc.cov": [[6839.8330078125, -1934.81201171875, -989.7298583984375, -124.9103012084961, -388.7846984863281, 576.3233642578125, -274.12493896484375, 794.1105346679688, -129.33914184570312, 415.5981140136719, -328.3589782714844, 128.10035705566406, -158.4137725830078], [-1934.81201171875, 2296.92919921875, 215.50048828125, -294.5075378417969, 489.7989196777344, -327.1430969238281, 403.9450988769531, -325.6564636230469, 152.475830078125, -291.2895202636719, 260.5273132324219, -217.3807373046875, 106.20669555664062], [-989.7298583984375, 215.50048828125, 1111.685791015625, 204.66439819335938, 108.1231460571289, 73.43878173828125, 79.13755798339844, -68.27786254882812, 152.47378540039062, 14.338037490844727, 80.52420043945312, 26.952852249145508, 3.006027936935425], [-124.9103012084961, -294.5075378417969, 204.66439819335938, 765.8217163085938, 152.1481475830078, -16.288145065307617, 98.25176239013672, -38.321563720703125, 69.01548767089844, -11.928425788879395, 32.85797119140625, 101.2676010131836, -2.090275526046753], [-388.7846984863281, 489.7989196777344, 108.1231460571289, 152.1481475830078, 451.4639892578125, 54.51774978637695, 228.54061889648438, 17.900209426879883, 132.8666229248047, 9.480743408203125, 137.17918395996094, 29.34400749206543, 88.6160888671875], [576.3233642578125, -327.1430969238281, 73.43878173828125, -16.288145065307617, 54.51774978637695, 439.9184875488281, 165.39120483398438, 86.86360931396484, 79.87933349609375, 160.37469482421875, 34.51812744140625, 72.45536804199219, 52.5600700378418], [-274.12493896484375, 403.9450988769531, 79.13755798339844, 98.25176239013672, 228.54061889648438, 165.39120483398438, 422.52618408203125, -73.68885040283203, 99.57567596435547, 11.790409088134766, 131.64112854003906, 35.44009780883789, 53.36827850341797], [794.1105346679688, -325.6564636230469, -68.27786254882812, -38.321563720703125, 17.900209426879883, 86.86360931396484, -73.68885040283203, 410.4495849609375, 100.10733795166016, 124.81854248046875, 18.634952545166016, 70.67797088623047, 72.46949768066406], [-129.33914184570312, 152.475830078125, 152.47378540039062, 69.01548767089844, 132.8666229248047, 79.87933349609375, 99.57567596435547, 100.10733795166016, 247.6262969970703, 78.58319091796875, 95.26651763916016, 60.06291961669922, 92.38199615478516], [415.5981140136719, -291.2895202636719, 14.338037490844727, -11.928425788879395, 9.480743408203125, 160.37469482421875, 11.790409088134766, 124.81854248046875, 78.58319091796875, 197.4226531982422, 46.70071029663086, 75.4236068725586, 37.80504608154297], [-328.3589782714844, 260.5273132324219, 80.52420043945312, 32.85797119140625, 137.17918395996094, 34.51812744140625, 131.64112854003906, 18.634952545166016, 95.26651763916016, 46.70071029663086, 174.70404052734375, 46.38450622558594, 66.74752807617188], [128.10035705566406, -217.3807373046875, 26.952852249145508, 101.2676010131836, 29.34400749206543, 72.45536804199219, 35.44009780883789, 70.67797088623047, 60.06291961669922, 75.4236068725586, 46.38450622558594, 140.4676513671875, 43.14865493774414], [-158.4137725830078, 106.20669555664062, 3.006027936935425, -2.090275526046753, 88.6160888671875, 52.5600700378418, 53.36827850341797, 72.46949768066406, 92.38199615478516, 37.80504608154297, 66.74752807617188, 43.14865493774414, 142.6142120361328]], "lowlevel.gfcc.icov": [[0.0003572480636648834, -0.0001717249833745882, 0.0002962658181786537, -0.00020668923389166594, 0.0001918741181725636, -0.0005375444306991994, 8.085738227237016e-05, -0.0007046798709779978, 0.00018720726075116545, -0.0004534152685664594, 0.0006006228504702449, -0.00017588099581189454, 0.0006931798416189849], [-0.0001717249833745882, 0.0030681982170790434, -0.0005137460539117455, 0.001997708110138774, -0.0020628042984753847, 0.002595012541860342, -0.0019517824985086918, 0.0015461354050785303, -0.001849911641329527, 0.0026338743045926094, -0.002602120628580451, 0.003024596255272627, -0.0013625908177345991], [0.0002962658181786537, -0.0005137460539117455, 0.0014099344843998551, -0.0006430557114072144, 0.000363306695362553, -0.0011238929582759738, 0.0006650160066783428, -0.0003888558712787926, -0.000516085943672806, -0.0003682154347188771, 0.00028699537506327033, -0.0003935789573006332, 0.0012264101533219218], [-0.00020668923389166594, 0.001997708110138774, -0.0006430557114072144, 0.003090768354013562, -0.0019686727318912745, 0.0021260851062834263, -0.0014689796371385455, 0.001362301642075181, -0.0014733676798641682, 0.002083324594423175, -0.0012007222976535559, 0.00022580899531021714, -0.000465479155536741], [0.0001918741181725636, -0.0020628042984753847, 0.000363306695362553, -0.0019686727318912745, 0.005340983159840107, -0.0016447306843474507, -0.0001838384341681376, -0.001603065524250269, 0.0006490168743766844, -0.0014298043679445982, 0.00040045706555247307, -0.001067272387444973, -2.226431570306886e-05], [-0.0005375444306991994, 0.002595012541860342, -0.0011238929582759738, 0.0021260851062834263, -0.0016447306843474507, 0.007244846783578396, -0.004116326570510864, 0.0016918976325541735, -0.0011734920553863049, -0.00114813435357064, -0.0005417526117525995, 0.002130515407770872, -0.002768747741356492], [8.085738227237016e-05, -0.0019517824985086918, 0.0006650160066783428, -0.0014689796371385455, -0.0001838384341681376, -0.004116326570510864, 0.006579990033060312, 0.00035000668140128255, 0.00021868188923690468, 0.00028169105644337833, -0.001201305422000587, -0.002144226338714361, 0.0014935581712052226], [-0.0007046798709779978, 0.0015461354050785303, -0.0003888558712787926, 0.001362301642075181, -0.001603065524250269, 0.0016918976325541735, 0.00035000668140128255, 0.00568062299862504, -0.0022736487444490194, 0.0005074505461379886, -0.0017399785574525595, 0.0007215245859697461, -0.0026166955940425396], [0.00018720726075116545, -0.001849911641329527, -0.000516085943672806, -0.0014733676798641682, 0.0006490168743766844, -0.0011734920553863049, 0.00021868188923690468, -0.0022736487444490194, 0.008839563466608524, -0.0034286531154066324, 0.0007627859013155103, -0.001915516098961234, -0.0019170069135725498], [-0.0004534152685664594, 0.0026338743045926094, -0.0003682154347188771, 0.002083324594423175, -0.0014298043679445982, -0.00114813435357064, 0.00028169105644337833, 0.0005074505461379886, -0.0034286531154066324, 0.01354342419654131, -0.005523167550563812, -0.0003072765248361975, -0.00016973518359009176], [0.0006006228504702449, -0.002602120628580451, 0.00028699537506327033, -0.0012007222976535559, 0.00040045706555247307, -0.0005417526117525995, -0.001201305422000587, -0.0017399785574525595, 0.0007627859013155103, -0.005523167550563812, 0.014078554697334766, -0.0042561739683151245, -0.0004655429220292717], [-0.00017588099581189454, 0.003024596255272627, -0.0003935789573006332, 0.00022580899531021714, -0.001067272387444973, 0.002130515407770872, -0.002144226338714361, 0.0007215245859697461, -0.001915516098961234, -0.0003072765248361975, -0.0042561739683151245, 0.014550577849149704, -0.00321054644882679], [0.0006931798416189849, -0.0013625908177345991, 0.0012264101533219218, -0.000465479155536741, -2.226431570306886e-05, -0.002768747741356492, 0.0014935581712052226, -0.0026166955940425396, -0.0019170069135725498, -0.00016973518359009176, -0.0004655429220292717, -0.00321054644882679, 0.013045016676187515]], "lowlevel.mfcc.cov": [[6858.06396484375, -1907.2672119140625, -973.390869140625, -532.9674072265625, -119.6319351196289, -325.86944580078125, 67.50892639160156, 11.584840774536133, 306.308349609375, 184.67556762695312, 52.691898345947266, 162.86756896972656, -146.7105712890625], [-1907.2672119140625, 2348.423095703125, -80.43306732177734, 16.295711517333984, 27.417524337768555, -2.4994661808013916, 165.0672149658203, 17.027677536010742, -63.63423156738281, 19.986164093017578, 39.51909255981445, -3.316301107406616, -28.69939613342285], [-973.390869140625, -80.43306732177734, 963.7113647460938, 92.01929473876953, 67.00080108642578, 191.26348876953125, -77.17362976074219, 38.66420364379883, -1.5023025274276733, -6.023901462554932, 42.67916488647461, 50.66850662231445, 96.03465270996094], [-532.9674072265625, 16.295711517333984, 92.01929473876953, 685.1554565429688, 122.11207580566406, 88.17283630371094, 0.48183488845825195, 133.80374145507812, -45.796016693115234, -77.225341796875, 36.54435348510742, 3.237757682800293, 142.5574188232422], [-119.6319351196289, 27.417524337768555, 67.00080108642578, 122.11207580566406, 324.95379638671875, -51.059600830078125, 26.928842544555664, 23.530330657958984, 128.0036163330078, 34.65179443359375, 32.11351013183594, 117.68927764892578, 25.72979736328125], [-325.86944580078125, -2.4994661808013916, 191.26348876953125, 88.17283630371094, -51.059600830078125, 551.5211181640625, 109.34770965576172, 132.8557891845703, -42.8000373840332, 86.8148193359375, 72.48661041259766, -71.0059585571289, 92.1047134399414], [67.50892639160156, 165.0672149658203, -77.17362976074219, 0.48183488845825195, 26.928842544555664, 109.34770965576172, 256.01751708984375, 69.90025329589844, 36.324649810791016, 76.31265258789062, 57.897911071777344, 17.605663299560547, 0.6979509592056274], [11.584840774536133, 17.027677536010742, 38.66420364379883, 133.80374145507812, 23.530330657958984, 132.8557891845703, 69.90025329589844, 195.44155883789062, 41.242332458496094, 30.973709106445312, 51.66225051879883, 24.759780883789062, 64.9383544921875], [306.308349609375, -63.63423156738281, -1.5023025274276733, -45.796016693115234, 128.0036163330078, -42.8000373840332, 36.324649810791016, 41.242332458496094, 225.9297332763672, 83.97740173339844, 20.99124526977539, 103.04585266113281, 1.6874284744262695], [184.67556762695312, 19.986164093017578, -6.023901462554932, -77.225341796875, 34.65179443359375, 86.8148193359375, 76.31265258789062, 30.973709106445312, 83.97740173339844, 152.1166534423828, 52.770057678222656, 28.274686813354492, 6.913883209228516], [52.691898345947266, 39.51909255981445, 42.67916488647461, 36.54435348510742, 32.11351013183594, 72.48661041259766, 57.897911071777344, 51.66225051879883, 20.99124526977539, 52.770057678222656, 120.65738677978516, 56.47394561767578, 34.2307243347168], [162.86756896972656, -3.316301107406616, 50.66850662231445, 3.237757682800293, 117.68927764892578, -71.0059585571289, 17.605663299560547, 24.759780883789062, 103.04585266113281, 28.274686813354492, 56.47394561767578, 187.9136505126953, 21.461029052734375], [-146.7105712890625, -28.69939613342285, 96.03465270996094, 142.5574188232422, 25.72979736328125, 92.1047134399414, 0.6979509592056274, 64.9383544921875, 1.6874284744262695, 6.913883209228516, 34.2307243347168, 21.461029052734375, 131.37100219726562]], "lowlevel.mfcc.icov": [[0.00029780453769490123, 0.0002542491420172155, 0.0002840157540049404, 0.0001307688362430781, 0.0001903970551211387, 0.00012186268577352166, -4.850179539062083e-05, -0.0001594176865182817, -0.0001764411135809496, -0.00016860525647643954, -0.00021226712851785123, -0.00020502453844528645, 9.486996714258566e-05], [0.0002542491420172155, 0.0006779401446692646, 0.00023826968390494585, 0.00011176302359672263, 5.753248478868045e-05, 0.00019723892910405993, -0.00036722607910633087, -0.00017977245443034917, 0.00014704304339829832, -0.00021229489357210696, -0.0002316837344551459, -0.00017719242896419019, 0.00017644156469032168], [0.0002840157540049404, 0.00023826968390494585, 0.0015812591882422566, 0.0002185058401664719, -0.00012103919289074838, -0.0005420831730589271, 0.0005900038522668183, -7.180469310696935e-06, -0.0001210941409226507, 0.00017980679695028812, -0.0003820836718659848, -0.0006531556136906147, -0.0004212817584630102], [0.0001307688362430781, 0.00011176302359672263, 0.0002185058401664719, 0.002725394442677498, -0.0013492925791069865, 0.0001114552651415579, -2.631924689922016e-05, -0.001445012167096138, 0.0006119604222476482, 0.0016113313613459468, -0.000623283558525145, 0.0007110651349648833, -0.002092608017846942], [0.0001903970551211387, 5.753248478868045e-05, -0.00012103919289074838, -0.0013492925791069865, 0.005451762117445469, 0.00026704970514401793, -0.0004172993067186326, 0.0009600055636838078, -0.002476712688803673, -0.0005973210209049284, 9.672561282059178e-05, -0.002140102442353964, 0.0004382073529995978], [0.00012186268577352166, 0.00019723892910405993, -0.0005420831730589271, 0.0001114552651415579, 0.00026704970514401793, 0.003550522727891803, -0.0009290180169045925, -0.0015680267242714763, 0.0008855469641275704, -0.0019109415588900447, -0.0007942680385895073, 0.0016978749772533774, -0.0012882628943771124], [-4.850179539062083e-05, -0.00036722607910633087, 0.0005900038522668183, -2.631924689922016e-05, -0.0004172993067186326, -0.0009290180169045925, 0.0058836909011006355, -0.001318552065640688, 8.696469740243629e-05, -0.0015812721103429794, -0.0012489432701840997, -0.00016760638391133398, 0.001251368666999042], [-0.0001594176865182817, -0.00017977245443034917, -7.180469310696935e-06, -0.001445012167096138, 0.0009600055636838078, -0.0015680267242714763, -0.001318552065640688, 0.008879763074219227, -0.0024685594253242016, 0.000948298373259604, -0.0012673300225287676, -0.0002859454252757132, -0.0017563120927661657], [-0.0001764411135809496, 0.00014704304339829832, -0.0001210941409226507, 0.0006119604222476482, -0.002476712688803673, 0.0008855469641275704, 8.696469740243629e-05, -0.0024685594253242016, 0.009787398390471935, -0.0047907037660479546, 0.002821556758135557, -0.0031420420855283737, 0.0002480312541592866], [-0.00016860525647643954, -0.00021229489357210696, 0.00017980679695028812, 0.0016113313613459468, -0.0005973210209049284, -0.0019109415588900447, -0.0015812721103429794, 0.000948298373259604, -0.0047907037660479546, 0.013308808207511902, -0.004298900254070759, 0.001763508073054254, -0.0009250842267647386], [-0.00021226712851785123, -0.0002316837344551459, -0.0003820836718659848, -0.000623283558525145, 9.672561282059178e-05, -0.0007942680385895073, -0.0012489432701840997, -0.0012673300225287676, 0.002821556758135557, -0.004298900254070759, 0.014302140101790428, -0.004878854379057884, -0.0009006050531752408], [-0.00020502453844528645, -0.00017719242896419019, -0.0006531556136906147, 0.0007110651349648833, -0.002140102442353964, 0.0016978749772533774, -0.00016760638391133398, -0.0002859454252757132, -0.0031420420855283737, 0.001763508073054254, -0.004878854379057884, 0.010817836038768291, -0.0017392316367477179], [9.486996714258566e-05, 0.00017644156469032168, -0.0004212817584630102, -0.002092608017846942, 0.000438207352999