{"song_id": "1183673064211361792", "download": "https://cdn.discordapp.com/attachments/1135903449314238464/1183673064211361792/chirp.mp4?ex=65893072&amp", "lyrics": "[verse]\nIn the age of Christofascist madness\nWhere macho minds breed nothing but sadness\nDrowning in a sea of misguided pride\nA storm of intolerance we cannot hide\n\n[chorus]\nBreak the chains, rise above the hate\nIn this world, let's radiate\nLove and acceptance, let it show\nTogether we'll conquer, let freedom grow", "style": ["in the style of prince"], "essentia_features": {"lowlevel.average_loudness": 0.9704089760780334, "lowlevel.barkbands_crest.mean": 11.719451904296875, "lowlevel.barkbands_crest.stdev": 4.409580707550049, "lowlevel.barkbands_flatness_db.mean": 0.14081253111362457, "lowlevel.barkbands_flatness_db.stdev": 0.03993848338723183, "lowlevel.barkbands_kurtosis.mean": 7.427640914916992, "lowlevel.barkbands_kurtosis.stdev": 8.651723861694336, "lowlevel.barkbands_skewness.mean": 2.513411283493042, "lowlevel.barkbands_skewness.stdev": 1.2786918878555298, "lowlevel.barkbands_spread.mean": 27.25269889831543, "lowlevel.barkbands_spread.stdev": 12.709183692932129, "lowlevel.dissonance.mean": 0.48682960867881775, "lowlevel.dissonance.stdev": 0.014660743065178394, "lowlevel.dynamic_complexity": 1.6552255153656006, "lowlevel.erbbands_crest.mean": 7.006258487701416, "lowlevel.erbbands_crest.stdev": 3.3117456436157227, "lowlevel.erbbands_flatness_db.mean": 0.09891168773174286, "lowlevel.erbbands_flatness_db.stdev": 0.020660188049077988, "lowlevel.erbbands_kurtosis.mean": -0.6084181070327759, "lowlevel.erbbands_kurtosis.stdev": 0.944175124168396, "lowlevel.erbbands_skewness.mean": -0.22745804488658905, "lowlevel.erbbands_skewness.stdev": 0.5153807997703552, "lowlevel.erbbands_spread.mean": 70.63727569580078, "lowlevel.erbbands_spread.stdev": 22.9549617767334, "lowlevel.hfc.mean": 22.35361099243164, "lowlevel.hfc.stdev": 10.804635047912598, "lowlevel.loudness_ebu128.integrated": -14.107702255249023, "lowlevel.loudness_ebu128.loudness_range": 0.9416790008544922, "lowlevel.loudness_ebu128.momentary.mean": -14.188125610351562, "lowlevel.loudness_ebu128.momentary.stdev": 0.8463688492774963, "lowlevel.loudness_ebu128.short_term.mean": -14.122203826904297, "lowlevel.loudness_ebu128.short_term.stdev": 0.331523597240448, "lowlevel.melbands_crest.mean": 18.07766342163086, "lowlevel.melbands_crest.stdev": 4.982710361480713, "lowlevel.melbands_flatness_db.mean": 0.2088252156972885, "lowlevel.melbands_flatness_db.stdev": 0.05117051675915718, "lowlevel.melbands_kurtosis.mean": 39.697174072265625, "lowlevel.melbands_kurtosis.stdev": 36.389244079589844, "lowlevel.melbands_skewness.mean": 5.232784271240234, "lowlevel.melbands_skewness.stdev": 2.369443655014038, "lowlevel.melbands_spread.mean": 17.558652877807617, "lowlevel.melbands_spread.stdev": 12.628921508789062, "lowlevel.pitch_salience.mean": 0.5212542414665222, "lowlevel.pitch_salience.stdev": 0.12442648410797119, "lowlevel.silence_rate_20dB.mean": 1.0, "lowlevel.silence_rate_20dB.stdev": 0.0, "lowlevel.silence_rate_30dB.mean": 0.9914865493774414, "lowlevel.silence_rate_30dB.stdev": 0.0918746292591095, "lowlevel.silence_rate_60dB.mean": 0.0019646366126835346, "lowlevel.silence_rate_60dB.stdev": 0.04428059980273247, "lowlevel.spectral_centroid.mean": 1581.9329833984375, "lowlevel.spectral_centroid.stdev": 523.5466918945312, "lowlevel.spectral_complexity.mean": 21.065488815307617, "lowlevel.spectral_complexity.stdev": 9.432528495788574, "lowlevel.spectral_decrease.mean": -1.0432049890596318e-08, "lowlevel.spectral_decrease.stdev": 7.847567040641934e-09, "lowlevel.spectral_energy.mean": 0.04140052571892738, "lowlevel.spectral_energy.stdev": 0.03018997423350811, "lowlevel.spectral_energyband_high.mean": 0.00153741252142936, "lowlevel.spectral_energyband_high.stdev": 0.0008752660942263901, "lowlevel.spectral_energyband_low.mean": 0.0235911775380373, "lowlevel.spectral_energyband_low.stdev": 0.02476534992456436, "lowlevel.spectral_energyband_middle_high.mean": 0.0034345206804573536, "lowlevel.spectral_energyband_middle_high.stdev": 0.003028162056580186, "lowlevel.spectral_energyband_middle_low.mean": 0.01508690882474184, "lowlevel.spectral_energyband_middle_low.stdev": 0.02008429355919361, "lowlevel.spectral_entropy.mean": 7.951852798461914, "lowlevel.spectral_entropy.stdev": 0.17085963487625122, "lowlevel.spectral_flux.mean": 0.11796402186155319, "lowlevel.spectral_flux.stdev": 0.06294050067663193, "lowlevel.spectral_kurtosis.mean": 2.6679935455322266, "lowlevel.spectral_kurtosis.stdev": 0.9155150651931763, "lowlevel.spectral_rms.mean": 0.005998621229082346, "lowlevel.spectral_rms.stdev": 0.002099356148391962, "lowlevel.spectral_rolloff.mean": 1011.4126586914062, "lowlevel.spectral_rolloff.stdev": 1144.505859375, "lowlevel.spectral_skewness.mean": 1.1676284074783325, "lowlevel.spectral_skewness.stdev": 0.2544578015804291, "lowlevel.spectral_spread.mean": 5687904.0, "lowlevel.spectral_spread.stdev": 836074.6875, "lowlevel.spectral_strongpeak.mean": 0.5105187296867371, "lowlevel.spectral_strongpeak.stdev": 0.4459417164325714, "lowlevel.zerocrossingrate.mean": 0.06797917187213898, "lowlevel.zerocrossingrate.stdev": 0.023612074553966522, "metadata.audio_properties.analysis.equal_loudness": 0.0, "metadata.audio_properties.analysis.length": 35.412288665771484, "metadata.audio_properties.analysis.sample_rate": 44100.0, "metadata.audio_properties.analysis.start_time": 0.0, "metadata.audio_properties.bit_rate": 114362.0, "metadata.audio_properties.length": 35.413333892822266, "metadata.audio_properties.lossless": 0.0, "metadata.audio_properties.number_channels": 1.0, "metadata.audio_properties.replay_gain": -12.092321395874023, "metadata.audio_properties.sample_rate": 48000.0, "rhythm.beats_count": 86.0, "rhythm.beats_loudness.mean": 0.050818897783756256, "rhythm.beats_loudness.stdev": 0.018842151388525963, "rhythm.bpm": 146.75149536132812, "rhythm.bpm_histogram_first_peak_bpm": 148.0, "rhythm.bpm_histogram_first_peak_weight": 0.4166666865348816, "rhythm.bpm_histogram_second_peak_bpm": 161.0, "rhythm.bpm_histogram_second_peak_spread": 0.0, "rhythm.bpm_histogram_second_peak_weight": 0.0117647061124444, "rhythm.danceability": 1.5215150117874146, "rhythm.onset_rate": 3.7252724170684814, "tonal.chords_changes_rate": 0.11518324911594391, "tonal.chords_number_rate": 0.013089004904031754, "tonal.chords_strength.mean": 0.5437395572662354, "tonal.chords_strength.stdev": 0.0933581218123436, "tonal.hpcp_crest.mean": 8.763575553894043, "tonal.hpcp_crest.stdev": 3.8805549144744873, "tonal.hpcp_entropy.mean": 2.971449851989746, "tonal.hpcp_entropy.stdev": 0.6784668564796448, "tonal.key_edma.strength": 0.46105143427848816, "tonal.key_krumhansl.strength": 0.45019781589508057, "tonal.key_temperley.strength": 0.45755448937416077, "tonal.tuning_diatonic_strength": 0.5696876049041748, "tonal.tuning_equal_tempered_deviation": 0.2231243997812271, "tonal.tuning_frequency": 434.193115234375, "tonal.tuning_nontempered_energy_ratio": 0.8865004777908325, "lowlevel.barkbands.mean": [0.0011638484429568052, 0.01339010614901781, 0.006820735055953264, 0.0056371502578258514, 0.007384059950709343, 0.0013715332606807351, 0.00019604334374889731, 0.0002215708082076162, 0.0002229391975561157, 0.00018665885727386922, 0.00040005287155508995, 0.0005212525720708072, 0.00039839482633396983, 0.00026328559033572674, 0.0002866955765057355, 0.0003827445034403354, 0.0002780395734589547, 0.0001955105981323868, 0.00036122783785685897, 0.00035843331716023386, 0.00042955446406267583, 0.00034471057006157935, 0.00017107407620642334, 0.00010775976261356845, 0.00011421936505939811, 0.00019271241035312414, 2.1846453535090404e-07], "lowlevel.barkbands.stdev": [0.0015616664895787835, 0.019825637340545654, 0.008975625969469547, 0.00746908038854599, 0.014120461419224739, 0.0015294658951461315, 0.00024857503012754023, 0.0005089429905638099, 0.0005369791761040688, 0.00037679148954339325, 0.0009955178247764707, 0.0010885222582146525, 0.0007610794855281711, 0.0004501807561609894, 0.0006488828803412616, 0.0006646054098382592, 0.0002475371875334531, 0.00013602209219243377, 0.0002512585197109729, 0.00022022616758476943, 0.00027647672686725855, 0.0003264128172304481, 0.00014329819532576948, 8.245299977716058e-05, 7.841348997317255e-05, 0.00012171761045465246, 1.7669797216512961e-06], "lowlevel.erbbands.mean": [0.46661177277565, 2.6995222568511963, 7.806517124176025, 13.501668930053711, 35.823890686035156, 12.485998153686523, 4.966800212860107, 13.28633975982666, 5.5643110275268555, 3.6584010124206543, 5.164620399475098, 5.019371509552002, 5.481728553771973, 9.69349479675293, 19.833322525024414, 19.930919647216797, 18.855186462402344, 13.73031234741211, 13.958807945251465, 17.11503791809082, 21.070148468017578, 15.882927894592285, 11.12125015258789, 16.003650665283203, 18.443588256835938, 15.938102722167969, 21.004961013793945, 12.26096248626709, 12.97014331817627, 9.069238662719727, 4.103200435638428, 1.7864011526107788, 2.1943764686584473, 1.0762919187545776, 0.9037283062934875, 0.7672783732414246, 0.3982560336589813, 0.03661879524588585, 0.0006675004260614514, 7.697838736930862e-05], "lowlevel.erbbands.stdev": [0.7090615630149841, 4.280815124511719, 10.120372772216797, 13.673273086547852, 65.43457794189453, 23.152711868286133, 5.66403865814209, 16.274356842041016, 5.981964588165283, 5.523946285247803, 12.561994552612305, 12.69478988647461, 10.118460655212402, 20.68781852722168, 42.606327056884766, 39.35049057006836, 34.42460250854492, 24.083656311035156, 27.326791763305664, 36.667728424072266, 31.21485710144043, 13.466081619262695, 7.623346328735352, 10.852621078491211, 12.513662338256836, 9.636774063110352, 13.768204689025879, 8.213507652282715, 11.963334083557129, 8.958179473876953, 3.2975103855133057, 1.5399469137191772, 1.6279784440994263, 0.8137875199317932, 0.6430197358131409, 0.5326182842254639, 0.24789606034755707, 0.026029231026768684, 0.0004504525859374553, 4.18043346144259e-05], "lowlevel.gfcc.mean": [40.432796478271484, 52.70224380493164, -85.5604248046875, 58.38625717163086, -39.120174407958984, 19.775550842285156, -34.496307373046875, 3.741318702697754, -39.39128875732422, 10.776030540466309, -26.073617935180664, 10.52553939819336, -19.660316467285156], "lowlevel.melbands.mean": [0.003873345674946904, 0.003814682364463806, 0.0031023144256323576, 0.001853838679380715, 0.00016054627485573292, 0.00028063307399861515, 8.343286026502028e-05, 4.1289928049081936e-05, 4.096818156540394e-05, 3.1764782761456445e-05, 2.666537147888448e-05, 3.598300099838525e-05, 6.211597064975649e-05, 6.278975342866033e-05, 4.844240174861625e-05, 3.336805457365699e-05, 2.479603426763788e-05, 2.1734811525675468e-05, 2.23768347495934e-05, 2.449394014547579e-05, 2.4055834728642367e-05, 1.657269604038447e-05, 1.2514873560576234e-05, 8.631905984657351e-06, 1.3393560038821306e-05, 1.3620732715935446e-05, 1.3129534636391327e-05, 9.688338650448713e-06, 1.3277832294988912e-05, 1.1396121408324689e-05, 5.473857981996844e-06, 6.974805273785023e-06, 7.333114808716346e-06, 4.252955932315672e-06, 2.5190311134792864e-06, 1.3895760275772773e-06, 1.031074475577043e-06, 1.6032001894927816e-06, 1.419653017364908e-06, 7.045131269478588e-07], "lowlevel.melbands.stdev": [0.0057364413514733315, 0.004755193833261728, 0.003726863069459796, 0.0034787871409207582, 0.00019563479872886091, 0.0003334134235046804, 8.913385681807995e-05, 6.921551539562643e-05, 0.00010051902063423768, 8.172595698852092e-05, 5.0153037591371685e-05, 7.881578494561836e-05, 0.00014712355914525688, 0.00013280956773087382, 9.842149302130565e-05, 6.106241926318035e-05, 4.55449589935597e-05, 4.297853593016043e-05, 5.1190909289289266e-05, 5.0722159357974306e-05, 3.3818112569861114e-05, 1.6042686183936894e-05, 9.449657227378339e-06, 6.2704239098820835e-06, 9.649256753618829e-06, 1.0418187230243348e-05, 8.75582372827921e-06, 6.489387487818021e-06, 9.245582987205125e-06, 8.111753231787588e-06, 3.838221800833708e-06, 6.4378500610473566e-06, 8.027347575989552e-06, 4.1990974750660826e-06, 2.01330408344802e-06, 1.3491505796991987e-06, 9.62474928201118e-07, 1.3077817584417062e-06, 1.0162368653254816e-06, 6.568462254108454e-07], "lowlevel.melbands128.mean": [0.0009660320938564837, 0.003999421838670969, 0.004771014675498009, 0.004282709211111069, 0.004236510489135981, 0.003039001952856779, 0.0024390846956521273, 0.00305226375348866, 0.004469677805900574, 0.0018392036436125636, 0.0002846725401468575, 0.00011158223787788302, 0.00014728801033925265, 0.0001843318750616163, 0.000294429570203647, 0.0004022642970085144, 9.829217015067115e-05, 3.3275857276748866e-05, 3.9877337258076295e-05, 3.8444068195531145e-05, 4.205929872114211e-05, 4.9778944230638444e-05, 4.16040129493922e-05, 3.221679799025878e-05, 2.9944119887659326e-05, 3.369953628862277e-05, 3.0252518627094105e-05, 2.6018606149591506e-05, 2.2587528292206116e-05, 2.7503547244123183e-05, 3.806793029070832e-05, 5.781857908004895e-05, 6.231067527551204e-05, 6.377104728017002e-05, 7.872783316997811e-05, 6.079886952647939e-05, 4.076785990037024e-05, 4.8379912186646834e-05, 5.340232019079849e-05, 4.382347469800152e-05, 2.5734763767104596e-05, 2.338786725886166e-05, 2.521925125620328e-05, 2.6740372049971484e-05, 2.1284136892063543e-05, 1.881826938188169e-05, 2.493629108357709e-05, 2.143627716577612e-05, 2.146622136933729e-05, 2.4717324777157046e-05, 2.1122516045579687e-05, 2.9364169677137397e-05, 2.859659434761852e-05, 1.9839844753732905e-05, 1.800594327505678e-05, 1.5959443771862425e-05, 1.614748725842219e-05, 1.4715211364091374e-05, 1.0801124517456628e-05, 8.826120392768644e-06, 7.431512131006457e-06, 8.919761057768483e-06, 1.2945168236910831e-05, 1.5269348295987584e-05, 1.2941880413563922e-05, 1.4874329281155951e-05, 1.2249343853909522e-05, 1.3535128346120473e-05, 1.5247203009494115e-05, 1.0389284398115706e-05, 7.804321285220794e-06, 1.0132258466910571e-05, 1.1813424862339161e-05, 1.4421795640373603e-05, 1.4420052139030304e-05, 1.2273712854948826e-05, 1.101803263736656e-05, 5.875401257071644e-06, 4.373215688247001e-06, 4.90483216708526e-06, 6.229482551134424e-06, 8.062356755544897e-06, 8.664675988256931e-06, 8.155090654327068e-06, 5.085331395093817e-06, 4.917345449939603e-06, 3.7094596336828545e-06, 3.3869416711240774e-06, 2.397716343693901e-06, 2.041852667389321e-06, 1.8041376961264177e-06, 1.289753868150001e-06, 5.404613148130011e-07, 6.620620069952565e-07, 1.656705762798083e-06, 1.6113745004986413e-06, 1.5518876352871303e-06, 1.619933868823864e-06, 1.5352381979027996e-06, 1.4645645478594815e-06, 6.203009661476244e-07, 7.418549330395763e-07, 4.250814242823253e-07, 7.675815822949517e-07, 8.535388928976317e-07, 1.6555806041651522e-06, 1.1008960427716374e-06, 8.230587127400213e-07, 1.2777042002198868e-06, 1.8226779729957343e-06, 1.6624259160380461e-06, 1.2225445971125737e-06, 1.2146961125836242e-06, 1.4815361737419153e-06, 1.090266891878855e-06, 1.2238642455031368e-07, 9.44933553626015e-09, 7.447021888040695e-10, 5.837042654777136e-12, 5.579955768275635e-12, 5.398779513721141e-12, 5.262540403450089e-12, 5.123911711590878e-12, 5.019797511690571e-12, 4.912868289269623e-12, 4.787605208111945e-12, 4.713374222170552e-12, 4.680686827712721e-12], "lowlevel.melbands128.stdev": [0.0014219963923096657, 0.006250133737921715, 0.00823128316551447, 0.007226596120744944, 0.0060149896889925, 0.003970468882471323, 0.0026152802165597677, 0.004729307722300291, 0.008676707744598389, 0.0037550420965999365, 0.0006332436460070312, 0.00019264979346189648, 0.00020393970771692693, 0.00027468270855024457, 0.0003785510780289769, 0.0005791077855974436, 0.00012785465514753014, 4.918224658467807e-05, 7.568908768007532e-05, 6.74259354127571e-05, 0.00010034365550382063, 0.0001393367419950664, 0.00013318679702933878, 9.845816384768113e-05, 0.00010007543460233137, 0.00011255714343860745, 6.99231241014786e-05, 5.787545887869783e-05, 4.7552879550494254e-05, 8.115623495541513e-05, 9.576035517966375e-05, 0.00019172531028743833, 0.00019373973191250116, 0.0001542943064123392, 0.0002116289542755112, 0.00014557504619006068, 0.00012251758016645908, 0.00011396072659408674, 0.00013780902372673154, 9.067215432878584e-05, 5.8289511798648164e-05, 5.5405922466889024e-05, 5.953201252850704e-05, 5.190237061469816e-05, 3.772874697460793e-05, 5.530896669370122e-05, 7.010187255218625e-05, 4.997350333724171e-05, 6.763623241567984e-05, 6.959779420867562e-05, 5.9361584135331213e-05, 6.980286707403138e-05, 5.0704773457255214e-05, 2.5650995667092502e-05, 2.529137236706447e-05, 2.0084136849618517e-05, 1.5976238501025364e-05, 1.3959284842712805e-05, 1.0327326890546829e-05, 8.104840162559412e-06, 7.097496109054191e-06, 8.224459634220693e-06, 1.090696514438605e-05, 1.3499035048880614e-05, 1.2503608559200075e-05, 1.4233022739063017e-05, 1.1718475434463471e-05, 1.2100396816094872e-05, 1.2103512744943146e-05, 8.982735380413942e-06, 6.678194040432572e-06, 8.7896241893759e-06, 1.0833222404471599e-05, 1.221391084982315e-05, 1.2599690307979472e-05, 1.0340153494325932e-05, 1.0361243766965345e-05, 4.814968633581884e-06, 3.673223318401142e-06, 4.621427251549903e-06, 6.3632323872298e-06, 8.778732080827467e-06, 1.0330963959859218e-05, 1.0347115676268004e-05, 6.232022769836476e-06, 5.943533324170858e-06, 4.0071986404655036e-06, 3.1062775178725133e-06, 2.0519942154351156e-06, 2.0882234821328893e-06, 1.9873650671797805e-06, 1.4260243688113405e-06, 7.797205512360961e-07, 8.106893005788152e-07, 1.7511314354123897e-06, 1.5971446600815398e-06, 1.4516249393636826e-06, 1.4323447885544738e-06, 1.2021477004964254e-06, 1.245233306690352e-06, 6.973981498958892e-07, 9.028785257214622e-07, 5.501165674104413e-07, 8.146481604853761e-07, 7.278645171027165e-07, 1.3501714875019388e-06, 9.95729010355717e-07, 8.374678373002098e-07, 1.1307336080790265e-06, 1.4323065897769993e-06, 1.2403316986819846e-06, 1.0251885669276817e-06, 8.682445695740171e-07, 1.0859516805794556e-06, 8.709295684639073e-07, 2.116622255243783e-07, 6.979137623375209e-08, 1.1226069851488774e-08, 8.190794396900625e-12, 7.911276668493006e-12, 7.679194086174235e-12, 7.484674338642527e-12, 7.314327962748557e-12, 7.173335276472459e-12, 7.057906776380962e-12, 6.9676833747145395e-12, 6.901982891466263e-12, 6.861533043134305e-12], "lowlevel.mfcc.mean": [-613.0132446289062, 86.87081146240234, 13.843218803405762, 47.438621520996094, 13.888425827026367, 25.141077041625977, 11.58788776397705, 3.2419729232788086, -1.0117807388305664, -6.295149326324463, -3.169329881668091, -0.46917712688446045, 3.440930128097534], "lowlevel.spectral_contrast_coeffs.mean": [-0.6734462380409241, -0.7754725813865662, -0.8233793377876282, -0.8210995197296143, -0.816642165184021, -0.7035881876945496], "lowlevel.spectral_contrast_coeffs.stdev": [0.08377029746770859, 0.06777720898389816, 0.04308019578456879, 0.03713979199528694, 0.017673084512352943, 0.04324915632605553], "lowlevel.spectral_contrast_valleys.mean": [-6.305139064788818, -7.059808254241943, -7.285158634185791, -7.255794048309326, -6.823714733123779, -9.893174171447754], "lowlevel.spectral_contrast_valleys.stdev": [0.5811969637870789, 0.5827429890632629, 0.6052190661430359, 0.4935263693332672, 0.4267706573009491, 0.6522719264030457], "rhythm.beats_loudness_band_ratio.mean": [0.7523046731948853, 0.21164444088935852, 0.021110232919454575, 0.04810810089111328, 0.042052704840898514, 0.06612280011177063], "rhythm.beats_loudness_band_ratio.stdev": [0.15054753422737122, 0.1634892076253891, 0.026387909427285194, 0.06251984089612961, 0.045816779136657715, 0.03780806437134743], "tonal.hpcp.mean": [0.10008988529443741, 0.07282350212335587, 0.07722391933202744, 0.09843128174543381, 0.12746135890483856, 0.10218200832605362, 0.05313516780734062, 0.04901145398616791, 0.06364208459854126, 0.05941581726074219, 0.043763305991888046, 0.0418708436191082, 0.049918800592422485, 0.053501520305871964, 0.04863627627491951, 0.050363969057798386, 0.06865070760250092, 0.0995105654001236, 0.17693285644054413, 0.2412257194519043, 0.19950084388256073, 0.11987043172121048, 0.0810585543513298, 0.07895656675100327, 0.0849354937672615, 0.08077271282672882, 0.0790397897362709, 0.14541645348072052, 0.17622411251068115, 0.23260696232318878, 0.32409271597862244, 0.23134072124958038, 0.12972623109817505, 0.14473894238471985, 0.18048088252544403, 0.16247324645519257], "tonal.hpcp.stdev": [0.2083972841501236, 0.1952521800994873, 0.1930048018693924, 0.21431125700473785, 0.2528473138809204, 0.21442937850952148, 0.13394024968147278, 0.1437956988811493, 0.1797371804714203, 0.15779918432235718, 0.11912105977535248, 0.1100735142827034, 0.119239941239357, 0.1322004795074463, 0.12698176503181458, 0.14080451428890228, 0.17138251662254333, 0.1884685903787613, 0.25290846824645996, 0.3020715117454529, 0.28240662813186646, 0.2177569568157196, 0.19504672288894653, 0.19330048561096191, 0.21119314432144165, 0.20964838564395905, 0.1919507384300232, 0.24493512511253357, 0.2641522288322449, 0.3015115559101105, 0.38075801730155945, 0.3058578670024872, 0.2443314492702484, 0.2612709105014801, 0.30244773626327515, 0.28253403306007385], "rhythm.beats_position": [0.3599092960357666, 0.7314285635948181, 1.1261677742004395, 1.5325169563293457, 1.9504761695861816, 2.356825351715088, 2.763174533843994, 3.18113374710083, 3.5874829292297363, 3.9938321113586426, 4.400181293487549, 4.806530475616455, 5.224489688873291, 5.630838871002197, 6.0371880531311035, 6.44353723526001, 6.849886417388916, 7.256235599517822, 7.6625847816467285, 8.080544471740723, 8.498503684997559, 8.916461944580078, 9.3228120803833, 9.729161262512207, 10.147119522094727, 10.55346965789795, 10.959818840026855, 11.366168022155762, 11.772517204284668, 12.190476417541504, 12.608434677124023, 13.014784812927246, 13.421133995056152, 13.839092254638672, 14.257051467895508, 14.663400650024414, 15.06974983215332, 15.476099014282227, 15.88244915008545, 16.30040740966797, 16.718366622924805, 17.12471580505371, 17.531064987182617, 17.949024200439453, 18.36698341369629, 18.773332595825195, 19.1796817779541, 19.574420928955078, 19.980770111083984, 20.38711929321289, 20.781858444213867, 21.199817657470703, 21.61777687072754, 22.024126052856445, 22.43047523498535, 22.836824417114258, 23.243173599243164, 23.6611328125, 24.079092025756836, 24.485441207885742, 24.89179039001465, 25.298139572143555, 25.70448875427246, 26.110837936401367, 26.517187118530273, 26.93514633178711, 27.341495513916016, 27.747844696044922, 28.1425838470459, 28.548933029174805, 28.95528221130371, 29.350021362304688, 29.744760513305664, 30.15110969543457, 30.557458877563477, 30.952198028564453, 31.37015724182129, 31.788116455078125, 32.206077575683594, 32.60081481933594, 33.018775939941406, 33.42512512207031, 33.843082427978516, 34.24943161010742, 34.66739273071289, 35.085350036621094], "rhythm.bpm_histogram": [0.0, 0.0, 0.0, 0.0, 0.0, 0.0, 0.0, 0.0, 0.0, 0.0, 0.0, 0.0, 0.0, 0.0, 0.0, 0.0, 0.0, 0.0, 0.0, 0.0, 0.0, 0.0, 0.0, 0.0, 0.0, 0.0, 0.0, 0.0, 0.0, 0.0, 0.0, 0.0, 0.0, 0.0, 0.0, 0.0, 0.0, 0.0, 0.0, 0.0, 0.0, 0.0, 0.0, 0.0, 0.0, 0.0, 0.0, 0.0, 0.0, 0.0, 0.0, 0.0, 0.0, 0.0, 0.0, 0.0, 0.0, 0.0, 0.0, 0.0, 0.0, 0.0, 0.0, 0.0, 0.0, 0.0, 0.0, 0.0, 0.0, 0.0, 0.0, 0.0, 0.0, 0.0, 0.0, 0.0, 0.0, 0.0, 0.0, 0.0, 0.0, 0.0, 0.0, 0.0, 0.0, 0.0, 0.0, 0.0, 0.0, 0.0, 0.0, 0.0, 0.0, 0.0, 0.0, 0.0, 0.0, 0.0, 0.0, 0.0, 0.0, 0.0, 0.0, 0.0, 0.0, 0.0, 0.0, 0.0, 0.0, 0.0, 0.0, 0.0, 0.0, 0.0, 0.0, 0.0, 0.0, 0.0, 0.0, 0.0, 0.0, 0.0, 0.0, 0.0, 0.0, 0.0, 0.0, 0.0, 0.0, 0.0, 0.0, 0.0, 0.0, 0.0, 0.0, 0.0, 0.0, 0.0, 0.0, 0.0, 0.0, 0.0, 0.0, 0.0, 0.3176470696926117, 0.0, 0.0, 0.0, 0.5764706134796143, 0.0, 0.0, 0.0, 0.0941176488995552, 0.0, 0.0, 0.0, 0.0, 0.0, 0.0, 0.0, 0.0, 0.0117647061124444, 0.0, 0.0, 0.0, 0.0, 0.0, 0.0, 0.0, 0.0, 0.0, 0.0, 0.0, 0.0, 0.0, 0.0, 0.0, 0.0, 0.0, 0.0, 0.0, 0.0, 0.0, 0.0, 0.0, 0.0, 0.0, 0.0, 0.0, 0.0, 0.0, 0.0, 0.0, 0.0, 0.0, 0.0, 0.0, 0.0, 0.0, 0.0, 0.0, 0.0, 0.0, 0.0, 0.0, 0.0, 0.0, 0.0, 0.0, 0.0, 0.0, 0.0, 0.0, 0.0, 0.0, 0.0, 0.0, 0.0, 0.0, 0.0, 0.0, 0.0, 0.0, 0.0, 0.0, 0.0, 0.0, 0.0, 0.0, 0.0, 0.0, 0.0, 0.0, 0.0, 0.0, 0.0, 0.0, 0.0, 0.0, 0.0, 0.0, 0.0, 0.0, 0.0, 0.0, 0.0, 0.0, 0.0, 0.0, 0.0], "tonal.chords_histogram": [1.5706806182861328, 0.5235602259635925, 2.225130796432495, 1.7015706300735474, 0.0, 0.0, 0.0, 24.083768844604492, 31.54450225830078, 1.1780104637145996, 2.225130796432495, 0.0, 0.0, 0.0, 0.0, 9.685863494873047, 0.13089005649089813, 2.7486910820007324, 0.0, 0.0, 0.9162303805351257, 0.9162303805351257, 20.54973793029785, 0.0], "tonal.thpcp": [1.0, 0.7138103246688843, 0.4002750515937805, 0.4465973377227783, 0.5568804144859314, 0.5013172030448914, 0.30883103609085083, 0.22469960153102875, 0.23827724158763885, 0.3037133514881134, 0.39328670501708984, 0.3152863383293152, 0.16395051777362823, 0.15122663974761963, 0.1963699907064438, 0.18332968652248383, 0.13503329455852509, 0.12919402122497559, 0.15402629971504211, 0.16508090496063232, 0.15006901323795319, 0.1553998738527298, 0.21182428300380707, 0.30704352259635925, 0.5459328293800354, 0.7443108558654785, 0.6155672073364258, 0.3698646128177643, 0.25010916590690613, 0.24362339079380035, 0.2620715796947479, 0.24922718107700348, 0.24388018250465393, 0.4486878216266632, 0.5437459945678711, 0.7177173495292664], "lowlevel.gfcc.cov": [[1999.5, 45.20229721069336, 1.4086933135986328, -128.322509765625, 7.115352153778076, 89.72370910644531, -30.201885223388672, 92.70213317871094, -50.84031295776367, 4.525967597961426, -33.09699630737305, 0.1402026265859604, -17.033843994140625], [45.20229721069336, 224.92066955566406, -19.26003646850586, -0.3293197751045227, 22.210113525390625, -6.198556423187256, 64.1227035522461, 0.804193377494812, 23.22112274169922, -0.1951790750026703, 15.340039253234863, 4.3659186363220215, 8.443124771118164], [1.4086933135986328, -19.26003646850586, 288.7388000488281, 118.67094421386719, 69.30350494384766, 18.145645141601562, -17.203018188476562, 39.069236755371094, 15.378318786621094, 43.2011604309082, 57.66318893432617, 38.23167037963867, 37.32908630371094], [-128.322509765625, -0.3293197751045227, 118.67094421386719, 244.74261474609375, 49.32548141479492, -28.38332176208496, -20.982065200805664, -51.458274841308594, 24.364835739135742, -6.6056132316589355, 9.488966941833496, -12.569108963012695, 3.3642971515655518], [7.115352153778076, 22.210113525390625, 69.30350494384766, 49.32548141479492, 151.86346435546875, 59.850040435791016, 35.585994720458984, 38.5704231262207, 37.212066650390625, 59.18456268310547, 38.025657653808594, 30.95451545715332, 30.41463851928711], [89.72370910644531, -6.198556423187256, 18.145645141601562, -28.38332176208496, 59.850040435791016, 121.7728042602539, 80.68226623535156, 50.57716369628906, 5.641319274902344, 19.406970977783203, 28.644254684448242, 13.005828857421875, 13.005743026733398], [-30.201885223388672, 64.1227035522461, -17.203018188476562, -20.982065200805664, 35.585994720458984, 80.68226623535156, 149.70217895507812, 59.35634231567383, 16.565385818481445, 4.009361267089844, 22.004165649414062, 19.76125717163086, -2.3031163215637207], [92.70213317871094, 0.804193377494812, 39.069236755371094, -51.458274841308594, 38.5704231262207, 50.57716369628906, 59.35634231567383, 138.68685913085938, 64.69709777832031, 53.69975662231445, 30.02685546875, 30.211654663085938, 27.665979385375977], [-50.84031295776367, 23.22112274169922, 15.378318786621094, 24.364835739135742, 37.212066650390625, 5.641319274902344, 16.565385818481445, 64.69709777832031, 100.16209411621094, 64.01585388183594, 21.66958999633789, 10.418831825256348, 20.767141342163086], [4.525967597961426, -0.1951790750026703, 43.2011604309082, -6.6056132316589355, 59.18456268310547, 19.406970977783203, 4.009361267089844, 53.69975662231445, 64.01585388183594, 111.13107299804688, 65.91539001464844, 46.09623336791992, 28.83761215209961], [-33.09699630737305, 15.340039253234863, 57.66318893432617, 9.488966941833496, 38.025657653808594, 28.644254684448242, 22.004165649414062, 30.02685546875, 21.66958999633789, 65.91539001464844, 90.86182403564453, 61.628475189208984, 27.78045654296875], [0.1402026265859604, 4.3659186363220215, 38.23167037963867, -12.569108963012695, 30.95451545715332, 13.005828857421875, 19.76125717163086, 30.211654663085938, 10.418831825256348, 46.09623336791992, 61.628475189208984, 81.87042999267578, 36.33359146118164], [-17.033843994140625, 8.443124771118164, 37.32908630371094, 3.3642971515655518, 30.41463851928711, 13.005743026733398, -2.3031163215637207, 27.665979385375977, 20.767141342163086, 28.83761215209961, 27.78045654296875, 36.33359146118164, 55.1088981628418]], "lowlevel.gfcc.icov": [[0.0007943689124658704, -0.001223994535394013, 0.0002931960334535688, -0.0007342523895204067, 0.0006512445397675037, -0.0021503425668925047, 0.002157991984859109, -0.0019516575848683715, 0.0018469388596713543, -0.0013006560038775206, 0.002041290048509836, -0.001599305309355259, 0.0015073384856805205], [-0.001223994535394013, 0.009480074048042297, -0.001203338848426938, 0.004132261034101248, -0.0039898999966681, 0.009476371109485626, -0.009993636049330235, 0.007041058503091335, -0.0069835796020925045, 0.005930174607783556, -0.008642181754112244, 0.0073127541691064835, -0.006191042251884937], [0.0002931960334535688, -0.001203338848426938, 0.007227087393403053, -0.005359144415706396, 2.2795627955929376e-05, -0.0021136479917913675, 0.0041183531284332275, -0.006769566331058741, 0.006170044653117657, -0.0021591607946902514, -0.000928115623537451, -0.0010544536635279655, -0.00026859951321966946], [-0.0007342523895204067, 0.004132261034101248, -0.005359144415706396, 0.0123399393633008, -0.005788259208202362, 0.0075137498788535595, -0.006444982253015041, 0.01123352162539959, -0.012435856275260448, 0.009712273254990578, -0.00844643171876669, 0.006273738574236631, -0.0027452355716377497], [0.0006512445397675037, -0.0039898999966681, 2.2795627955929376e-05, -0.005788259208202362, 0.015154230408370495, -0.01068090833723545, 0.0035543953999876976, -0.0030538407154381275, 0.004686542320996523, -0.011299697682261467, 0.009932688437402248, -0.006283238530158997, 0.0002715986338444054], [-0.0021503425668925047, 0.009476371109485626, -0.0021136479917913675, 0.0075137498788535595, -0.01068090833723545, 0.030662013217806816, -0.01990201696753502, 0.006089193746447563, -0.0036060332786291838, 0.007491356693208218, -0.01729396916925907, 0.01797911711037159, -0.01207065675407648], [0.002157991984859109, -0.009993636049330235, 0.0041183531284332275, -0.006444982253015041, 0.0035543953999876976, -0.01990201696753502, 0.02680426836013794, -0.014136316254734993, 0.005927383434027433, -0.0004201616393402219, 0.007983543910086155, -0.014757050201296806, 0.014445215463638306], [-0.0019516575848683715, 0.007041058503091335, -0.006769566331058741, 0.01123352162539959, -0.0030538407154381275, 0.006089193746447563, -0.014136316254734993, 0.028507934883236885, -0.021444877609610558, 0.006631414406001568, -0.005641693249344826, 0.004305888433009386, -0.007820142433047295], [0.0018469388596713543, -0.0069835796020925045, 0.006170044653117657, -0.012435856275260448, 0.004686542320996523, -0.0036060332786291838, 0.005927383434027433, -0.021444877609610558, 0.03959822654724121, -0.02540840208530426, 0.012639502994716167, 0.001182135078124702, -0.0012786064762622118], [-0.0013006560038775206, 0.005930174607783556, -0.0021591607946902514, 0.009712273254990578, -0.011299697682261467, 0.007491356693208218, -0.0004201616393402219, 0.006631414406001568, -0.02540840208530426, 0.041225615888834, -0.026808694005012512, 0.0030379712115973234, 0.00019420376338530332], [0.002041290048509836, -0.008642181754112244, -0.000928115623537451, -0.00844643171876669, 0.009932688437402248, -0.01729396916925907, 0.007983543910086155, -0.005641693249344826, 0.012639502994716167, -0.026808694005012512, 0.049053844064474106, -0.02826637029647827, 0.00803835317492485], [-0.001599305309355259, 0.0073127541691064835, -0.0010544536635279655, 0.006273738574236631, -0.006283238530158997, 0.01797911711037159, -0.014757050201296806, 0.004305888433009386, 0.001182135078124702, 0.0030379712115973234, -0.02826637029647827, 0.043706655502319336, -0.0214393213391304], [0.0015073384856805205, -0.006191042251884937, -0.00026859951321966946, -0.0027452355716377497, 0.0002715986338444054, -0.01207065675407648, 0.014445215463638306, -0.007820142433047295, -0.0012786064762622118, 0.00019420376338530332, 0.00803835317492485, -0.0214393213391304, 0.037601351737976074]], "lowlevel.mfcc.cov": [[1298.358642578125, 59.04346466064453, -47.83680725097656, -151.3806610107422, 0.8272361159324646, -32.19987487792969, 31.550048828125, 43.217227935791016, 25.084701538085938, 37.04987716674805, -2.0146875381469727, -28.334625244140625, -36.471580505371094], [59.04346466064453, 241.43814086914062, -59.55746841430664, -35.385860443115234, -35.08040237426758, 0.0788942202925682, 33.7647705078125, 27.77228546142578, 27.51527976989746, 13.617966651916504, 19.768293380737305, 20.59914779663086, 28.616321563720703], [-47.83680725097656, -59.55746841430664, 224.5207061767578, 86.4206771850586, 64.69127655029297, -8.386816024780273, 8.80976676940918, -4.824455738067627, -15.003057479858398, -4.305455207824707, 0.29482564330101013, 7.774328231811523, 2.939063787460327], [-151.3806610107422, -35.385860443115234, 86.4206771850586, 222.1824188232422, 68.44463348388672, 40.24991989135742, -36.67763137817383, -23.11724090576172, -14.880881309509277, -9.848419189453125, 3.5273287296295166, -6.115777015686035, 20.714046478271484], [0.8272361159324646, -35.08040237426758, 64.69127655029297, 68.44463348388672, 153.85711669921875, 24.123905181884766, -2.9878921508789062, -32.5885009765625, 11.887434005737305, 25.140378952026367, 4.299312591552734, 3.4546589851379395, 31.947267532348633], [-32.19987487792969, 0.0788942202925682, -8.386816024780273, 40.24991989135742, 24.123905181884766, 105.11296081542969, 44.958168029785156, 10.22870922088623, -11.064505577087402, 0.8157203793525696, 10.080277442932129, 1.6791964769363403, -3.0193068981170654], [31.550048828125, 33.7647705078125, 8.80976676940918, -36.67763137817383, -2.9878921508789062, 44.958168029785156, 118.85892486572266, 59.19388961791992, 8.898743629455566, 0.5346381664276123, 16.424633026123047, 23.62543487548828, 3.9351117610931396], [43.217227935791016, 27.77228546142578, -4.824455738067627, -23.11724090576172, -32.5885009765625, 10.22870922088623, 59.19388961791992, 90.98695373535156, 36.18175506591797, 11.975470542907715, 10.912449836730957, 17.25257110595703, -2.8744099140167236], [25.084701538085938, 27.51527976989746, -15.003057479858398, -14.880881309509277, 11.887434005737305, -11.064505577087402, 8.898743629455566, 36.18175506591797, 83.08413696289062, 47.264320373535156, 19.221914291381836, 7.287325859069824, 12.318453788757324], [37.04987716674805, 13.617966651916504, -4.305455207824707, -9.848419189453125, 25.140378952026367, 0.8157203793525696, 0.5346381664276123, 11.975470542907715, 47.264320373535156, 77.43795776367188, 32.073055267333984, 13.014195442199707, 6.269563674926758], [-2.0146875381469727, 19.768293380737305, 0.29482564330101013, 3.5273287296295166, 4.299312591552734, 10.080277442932129, 16.424633026123047, 10.912449836730957, 19.221914291381836, 32.073055267333984, 63.1619873046875, 31.390851974487305, 16.404314041137695], [-28.334625244140625, 20.59914779663086, 7.774328231811523, -6.115777015686035, 3.4546589851379395, 1.6791964769363403, 23.62543487548828, 17.25257110595703, 7.287325859069824, 13.014195442199707, 31.390851974487305, 64.70675659179688, 38.855918884277344], [-36.471580505371094, 28.616321563720703, 2.939063787460327, 20.714046478271484, 31.947267532348633, -3.0193068981170654, 3.9351117610931396, -2.8744099140167236, 12.318453788757324, 6.269563674926758, 16.404314041137695, 38.855918884277344, 81.88372039794922]], "lowlevel.mfcc.icov": [[0.0009131553233601153, -0.0002429996384307742, 2.827050229825545e-05, 0.0006968032685108483, -0.0006226450786925852, 0.00023739186872262508, 0.00019199901726096869, -0.000845782516989857, 0.0005781499785371125, -0.0003689797595143318, -0.00023586346651427448, 0.0007496649050153792, 0.00015992019325494766], [-0.0002429996384307742, 0.005260180681943893, 0.0011039355304092169, -0.0004644814762286842, 0.0016005844809114933, 0.0004317931889090687, -0.001956767635419965, 0.0007375552086159587, -0.0012310741003602743, -0.00037247437285259366, -0.00038375143776647747, 0.00014598696725443006, -0.002135960618034005], [2.827050229825545e-05, 0.0011039355304092169, 0.007123193237930536, -0.003195594996213913, -0.002555758925154805, 0.004016240127384663, -0.003090804209932685, -0.0004744242469314486, 0.0018257721094414592, -0.00040355228702537715, 0.00014383321104105562, -0.0015592381823807955, 0.001923935255035758], [0.0006968032685108483, -0.0004644814762286842, -0.003195594996213913, 0.009059094823896885, -0.0025635811034590006, -0.005122448783367872, 0.006435446906834841, -0.003517023753374815, 0.0008730952395126224, 0.0023894805926829576, -0.002575675258412957, 0.0026523605920374393, -0.002382616512477398], [-0.0006226450786925852, 0.0016005844809114933, -0.002555758925154805, -0.0025635811034590006, 0.0129684554412961, -0.002453835913911462, -0.003605444449931383, 0.007855555973947048, -0.004081928636878729, -0.004338895436376333, 0.0031353726517409086, 0.0005272002308629453, -0.004729610867798328], [0.00023739186872262508, 0.0004317931889090687, 0.004016240127384663, -0.005122448783367872, -0.002453835913911462, 0.016966024413704872, -0.00925698783248663, 0.000603766180574894, 0.004135461989790201, -0.0023867932613939047, -0.001324462820775807, 0.001085094641894102, 0.0024665750097483397], [0.00019199901726096869, -0.001956767635419965, -0.003090804209932685, 0.006435446906834841, -0.003605444449931383, -0.00925698783248663, 0.021741705015301704, -0.013317250646650791, 0.002526003634557128, 0.004238270688802004, -0.0034339737612754107, -0.0014150585047900677, -0.0005397425848059356], [-0.000845782516989857, 0.0007375552086159587, -0.0004744242469314486, -0.003517023753374815, 0.007855555973947048, 0.000603766180574894, -0.013317250646650791, 0.02772599272429943, -0.013439766131341457, 0.0002996827242895961, 0.00424752663820982, -0.006219967734068632, 0.0029424193780869246], [0.0005781499785371125, -0.0012310741003602743, 0.0018257721094414592, 0.0008730952395126224, -0.004081928636878729, 0.004135461989790201, 0.002526003634557128, -0.013439766131341457, 0.027499698102474213, -0.013129554688930511, -0.0021574017591774464, 0.006375163793563843, -0.004171460401266813], [-0.0003689797595143318, -0.00037247437285259366, -0.00040355228702537715, 0.0023894805926829576, -0.004338895436376333, -0.0023867932613939047, 0.004238270688802004, 0.0002996827242895961, -0.013129554688930511, 0.027061229571700096, -0.009989108890295029, -0.0025690351612865925, 0.003910972271114588], [-0.00023586346651427448, -0.00038375143776647747, 0.00014383321104105562, -0.002575675258412957, 0.0031353726517409086, -0.001324462820775807, -0.0034339737612754107, 0.00424752663820982, -0.0021574017591774464, -0.009989108890295029, 0.027695411816239357, -0.012013139203190804, 0.000958998454734683], [0.0007496649050153792, 0.00014598696725443006, -0.0015592381823807955, 0.0026523605920374393, 0.0005272002308629453, 0.001085094641894102, -0.0014150585047900677, -0.006219967734068632, 0.006375163793563843, -0.0025690351612865925, -0.012013139203190804, 0.03261491283774376, -0.014480434358119965], [0.00015992019325494766, -0.002135960618034005, 0.001923935255035758, -0.002382616512477398, -0.004729610867798328, 0.0024665750097483397, -0.0005397425848059356, 0.0029424193780869246, -0.004171460401266813, 0.003910972271114588, 0.000958998454734683, -0.014480434358119965, 0.022636573761701584]], "metadata.audio_properties.analysis.downmix": "mix", "metadata.audio_properties.codec": "mp3", "metadata.audio_properties.md5_encoded": "562be5d7e8ec84561e5f22f17f0937d5", "metadata.tags.file_name": "1183673064211361792.mp3", "metadata.version.ess