{"song_id": "1183654545058975764", "download": "https://cdn.discordapp.com/attachments/1135903449314238464/1183654545058975764/chirp.mp4?ex=65891f32&amp", "lyrics": "The horngus of a dongfish is attached by a scungle to a kind of dillsack (the nutte sac).", "style": ["sea shanty"], "essentia_features": {"lowlevel.average_loudness": 0.9850443601608276, "lowlevel.barkbands_crest.mean": 13.087263107299805, "lowlevel.barkbands_crest.stdev": 4.097837924957275, "lowlevel.barkbands_flatness_db.mean": 0.188020259141922, "lowlevel.barkbands_flatness_db.stdev": 0.07888878881931305, "lowlevel.barkbands_kurtosis.mean": 37.726016998291016, "lowlevel.barkbands_kurtosis.stdev": 55.11380386352539, "lowlevel.barkbands_skewness.mean": 4.340985298156738, "lowlevel.barkbands_skewness.stdev": 3.183271646499634, "lowlevel.barkbands_spread.mean": 19.277740478515625, "lowlevel.barkbands_spread.stdev": 18.98046875, "lowlevel.dissonance.mean": 0.46284282207489014, "lowlevel.dissonance.stdev": 0.041634734719991684, "lowlevel.dynamic_complexity": 2.4788436889648438, "lowlevel.erbbands_crest.mean": 9.875018119812012, "lowlevel.erbbands_crest.stdev": 5.264244556427002, "lowlevel.erbbands_flatness_db.mean": 0.12016957998275757, "lowlevel.erbbands_flatness_db.stdev": 0.04143676534295082, "lowlevel.erbbands_kurtosis.mean": 1.3638701438903809, "lowlevel.erbbands_kurtosis.stdev": 5.05066442489624, "lowlevel.erbbands_skewness.mean": 0.7315242290496826, "lowlevel.erbbands_skewness.stdev": 1.2145458459854126, "lowlevel.erbbands_spread.mean": 79.78621673583984, "lowlevel.erbbands_spread.stdev": 35.89756393432617, "lowlevel.hfc.mean": 19.27246856689453, "lowlevel.hfc.stdev": 17.056392669677734, "lowlevel.loudness_ebu128.integrated": -15.480061531066895, "lowlevel.loudness_ebu128.loudness_range": 0.5155267715454102, "lowlevel.loudness_ebu128.momentary.mean": -15.632184982299805, "lowlevel.loudness_ebu128.momentary.stdev": 1.1779885292053223, "lowlevel.loudness_ebu128.short_term.mean": -15.4185209274292, "lowlevel.loudness_ebu128.short_term.stdev": 0.19974978268146515, "lowlevel.melbands_crest.mean": 18.536767959594727, "lowlevel.melbands_crest.stdev": 4.893919944763184, "lowlevel.melbands_flatness_db.mean": 0.27604296803474426, "lowlevel.melbands_flatness_db.stdev": 0.09547653794288635, "lowlevel.melbands_kurtosis.mean": 121.75043487548828, "lowlevel.melbands_kurtosis.stdev": 136.9688262939453, "lowlevel.melbands_skewness.mean": 7.369645595550537, "lowlevel.melbands_skewness.stdev": 4.355834484100342, "lowlevel.melbands_spread.mean": 12.129388809204102, "lowlevel.melbands_spread.stdev": 15.72273063659668, "lowlevel.pitch_salience.mean": 0.479091614484787, "lowlevel.pitch_salience.stdev": 0.13604618608951569, "lowlevel.silence_rate_20dB.mean": 1.0, "lowlevel.silence_rate_20dB.stdev": 0.0, "lowlevel.silence_rate_30dB.mean": 0.8377723693847656, "lowlevel.silence_rate_30dB.stdev": 0.36865922808647156, "lowlevel.silence_rate_60dB.mean": 0.021791767328977585, "lowlevel.silence_rate_60dB.stdev": 0.14600315690040588, "lowlevel.spectral_centroid.mean": 940.64013671875, "lowlevel.spectral_centroid.stdev": 686.5599975585938, "lowlevel.spectral_complexity.mean": 8.675544738769531, "lowlevel.spectral_complexity.stdev": 7.114511489868164, "lowlevel.spectral_decrease.mean": -1.373682589900227e-08, "lowlevel.spectral_decrease.stdev": 1.661287996057581e-08, "lowlevel.spectral_energy.mean": 0.05359402671456337, "lowlevel.spectral_energy.stdev": 0.06344252079725266, "lowlevel.spectral_energyband_high.mean": 0.0012879932764917612, "lowlevel.spectral_energyband_high.stdev": 0.0015118973096832633, "lowlevel.spectral_energyband_low.mean": 0.037986502051353455, "lowlevel.spectral_energyband_low.stdev": 0.061401043087244034, "lowlevel.spectral_energyband_middle_high.mean": 0.0018813194474205375, "lowlevel.spectral_energyband_middle_high.stdev": 0.004743232391774654, "lowlevel.spectral_energyband_middle_low.mean": 0.014678840525448322, "lowlevel.spectral_energyband_middle_low.stdev": 0.01797378621995449, "lowlevel.spectral_entropy.mean": 7.63838005065918, "lowlevel.spectral_entropy.stdev": 0.5222566723823547, "lowlevel.spectral_flux.mean": 0.1335400491952896, "lowlevel.spectral_flux.stdev": 0.10832951217889786, "lowlevel.spectral_kurtosis.mean": 1.7848091125488281, "lowlevel.spectral_kurtosis.stdev": 2.0237996578216553, "lowlevel.spectral_rms.mean": 0.0063308109529316425, "lowlevel.spectral_rms.stdev": 0.0034939448814839125, "lowlevel.spectral_rolloff.mean": 993.603271484375, "lowlevel.spectral_rolloff.stdev": 1811.4161376953125, "lowlevel.spectral_skewness.mean": 1.1656224727630615, "lowlevel.spectral_skewness.stdev": 0.46061447262763977, "lowlevel.spectral_spread.mean": 7047912.5, "lowlevel.spectral_spread.stdev": 1234716.0, "lowlevel.spectral_strongpeak.mean": 0.7130101919174194, "lowlevel.spectral_strongpeak.stdev": 0.7281314134597778, "lowlevel.zerocrossingrate.mean": 0.056295398622751236, "lowlevel.zerocrossingrate.stdev": 0.04335079714655876, "metadata.audio_properties.analysis.equal_loudness": 0.0, "metadata.audio_properties.analysis.length": 9.556281089782715, "metadata.audio_properties.analysis.sample_rate": 44100.0, "metadata.audio_properties.analysis.start_time": 0.0, "metadata.audio_properties.bit_rate": 119680.0, "metadata.audio_properties.length": 9.557332992553711, "metadata.audio_properties.lossless": 0.0, "metadata.audio_properties.number_channels": 1.0, "metadata.audio_properties.replay_gain": -10.057699203491211, "metadata.audio_properties.sample_rate": 48000.0, "rhythm.beats_count": 17.0, "rhythm.beats_loudness.mean": 0.10292119532823563, "rhythm.beats_loudness.stdev": 0.04944963753223419, "rhythm.bpm": 109.58328247070312, "rhythm.bpm_histogram_first_peak_bpm": 110.0, "rhythm.bpm_histogram_first_peak_weight": 0.3333333134651184, "rhythm.bpm_histogram_second_peak_bpm": 101.0, "rhythm.bpm_histogram_second_peak_spread": 0.5, "rhythm.bpm_histogram_second_peak_weight": 0.125, "rhythm.danceability": 1.907999873161316, "rhythm.onset_rate": 4.489346981048584, "tonal.chords_changes_rate": 0.009661835618317127, "tonal.chords_number_rate": 0.009661835618317127, "tonal.chords_strength.mean": 0.6616093516349792, "tonal.chords_strength.stdev": 0.0835505872964859, "tonal.hpcp_crest.mean": 11.802103042602539, "tonal.hpcp_crest.stdev": 6.082017421722412, "tonal.hpcp_entropy.mean": 2.3305094242095947, "tonal.hpcp_entropy.stdev": 0.8065650463104248, "tonal.key_edma.strength": 0.7037532329559326, "tonal.key_krumhansl.strength": 0.7131447792053223, "tonal.key_temperley.strength": 0.6945726275444031, "tonal.tuning_diatonic_strength": 0.6881301999092102, "tonal.tuning_equal_tempered_deviation": 0.14921559393405914, "tonal.tuning_frequency": 438.7310485839844, "tonal.tuning_nontempered_energy_ratio": 0.7901619672775269, "lowlevel.barkbands.mean": [0.0010650857584550977, 0.021393461152911186, 0.013439076952636242, 0.003029772313311696, 0.00638899952173233, 0.0013923104852437973, 0.0017222082242369652, 0.0009358012466691434, 0.0009130949038080871, 0.0008824461838230491, 0.00027718223282136023, 0.0001952247112058103, 8.44224778120406e-05, 0.00013199675595387816, 8.73836106620729e-05, 5.163473906577565e-05, 5.933575812377967e-05, 7.129443110898137e-05, 0.00011521569831529632, 0.00016467900422867388, 0.00022354495013132691, 0.0003305097343400121, 0.00025723842554725707, 0.0001785452477633953, 0.00014364137314260006, 5.7390210713492706e-05, 2.5601566449040547e-06], "lowlevel.barkbands.stdev": [0.0017252927646040916, 0.04453203082084656, 0.019661905243992805, 0.004922489635646343, 0.012457631528377533, 0.00417700270190835, 0.006466479040682316, 0.003661948721855879, 0.002500094473361969, 0.003644694108515978, 0.0010049272095784545, 0.0011241232277825475, 0.00022321194410324097, 0.000615724828094244, 0.0003624136734288186, 9.184751979773864e-05, 0.00011403492680983618, 0.0001155016798293218, 0.0001994745689444244, 0.00032675007241778076, 0.0003150214033666998, 0.00042729932465590537, 0.00031989411218091846, 0.00019963447994086891, 0.0001660487469052896, 7.148828444769606e-05, 4.341878593550064e-06], "lowlevel.erbbands.mean": [0.48738303780555725, 5.245075702667236, 14.570460319519043, 15.179037094116211, 16.885147094726562, 21.078460693359375, 13.112793922424316, 9.243700981140137, 18.677217483520508, 27.604429244995117, 19.806169509887695, 23.227184295654297, 28.277997970581055, 17.538728713989258, 10.307428359985352, 8.130314826965332, 4.635666847229004, 6.637379169464111, 6.085724830627441, 3.0525479316711426, 2.916468381881714, 3.534029483795166, 3.6692216396331787, 5.179462909698486, 6.500155448913574, 7.406691551208496, 9.19546127319336, 8.962665557861328, 12.678817749023438, 9.718082427978516, 6.7586798667907715, 4.132692337036133, 2.8644204139709473, 2.0060367584228516, 0.728119432926178, 0.27275341749191284, 0.10361314564943314, 0.017280127853155136, 0.0003830346977338195, 7.380254101008177e-05], "lowlevel.erbbands.stdev": [1.0237303972244263, 10.988306999206543, 22.763118743896484, 20.853601455688477, 30.264501571655273, 41.60454559326172, 40.992523193359375, 22.13850975036621, 68.69812774658203, 115.19671630859375, 70.2712173461914, 66.12162017822266, 95.17811584472656, 66.58529663085938, 40.133583068847656, 45.38592529296875, 16.70176124572754, 30.952970504760742, 26.375158309936523, 5.409182071685791, 5.455094337463379, 6.746270656585693, 5.789534091949463, 8.773571014404297, 13.775529861450195, 13.218052864074707, 14.025810241699219, 12.649147987365723, 16.665164947509766, 12.550537109375, 8.55809211730957, 4.728700160980225, 3.315547466278076, 2.3888630867004395, 0.8466518521308899, 0.3505081236362457, 0.12942379713058472, 0.022894734516739845, 0.00046886474592611194, 7.294734677998349e-05], "lowlevel.gfcc.mean": [-10.570062637329102, 66.09000396728516, -58.24155044555664, 61.89895248413086, -62.40172576904297, 27.17677116394043, -28.37907600402832, 12.018129348754883, -25.489643096923828, 0.7173376679420471, -25.50023078918457, -1.3916658163070679, -15.236721992492676], "lowlevel.melbands.mean": [0.005295999813824892, 0.007438989356160164, 0.002576014492660761, 0.0015852716751396656, 0.0004765678895637393, 0.00022319736308418214, 0.00031113362638279796, 0.0002776967885438353, 0.00014999484119471163, 0.00014677134458906949, 0.000143687822856009, 7.800904859323055e-05, 3.401573485461995e-05, 2.2391852326109074e-05, 1.732590317260474e-05, 8.252025509136729e-06, 1.3121472875354812e-05, 1.067607900040457e-05, 4.811452072317479e-06, 3.6168448787066154e-06, 3.3066803553083446e-06, 3.579711346901604e-06, 3.5157643196725985e-06, 3.2096302220452344e-06, 4.263847131369403e-06, 4.496318979363423e-06, 4.925175289827166e-06, 4.886623628408415e-06, 5.866402716492303e-06, 5.480419531522784e-06, 4.861984052695334e-06, 7.3743540269788355e-06, 6.200769803399453e-06, 5.190555384615436e-06, 4.005367827630835e-06, 2.992654572153697e-06, 2.447503675284679e-06, 2.0559098174999235e-06, 2.018877921727835e-06, 1.5652541378585738e-06], "lowlevel.melbands.stdev": [0.011020949110388756, 0.012144571170210838, 0.0031001202296465635, 0.0031367463525384665, 0.0012193846050649881, 0.0005696061998605728, 0.001143819186836481, 0.001151114935055375, 0.0005354101886041462, 0.00043319680844433606, 0.000509736652020365, 0.0003345042350701988, 0.00012754173076245934, 8.142990554915741e-05, 0.0001360201567877084, 2.0745734218508005e-05, 6.924055924173445e-05, 4.830628677154891e-05, 1.0816287613124587e-05, 6.218680482561467e-06, 6.3986062741605565e-06, 7.325561909965472e-06, 5.661727300321218e-06, 5.703223450836958e-06, 7.3558612712076865e-06, 8.155613613780588e-06, 1.3298352314450312e-05, 8.17677573650144e-06, 9.954215784091502e-06, 7.888625987106934e-06, 7.04392914485652e-06, 1.0082449989567976e-05, 8.195143891498446e-06, 6.804187250963878e-06, 5.20067351317266e-06, 3.835868938040221e-06, 2.89373110717861e-06, 2.5559577352396445e-06, 2.3890015654615127e-06, 1.9249655451858416e-06], "lowlevel.melbands128.mean": [0.0009106493671424687, 0.003183335531502962, 0.007210504729300737, 0.009213922545313835, 0.007883225567638874, 0.006539790891110897, 0.003307133913040161, 0.0010937867918983102, 0.0015777432126924396, 0.00243964116089046, 0.000943257356993854, 0.00042310121352784336, 0.0004895192105323076, 0.0003393868973944336, 0.00016754702664911747, 0.00018258829368278384, 0.00023205584147945046, 0.00033356776111759245, 0.00042087247129529715, 0.00034274873905815184, 0.00017596704128663987, 0.00014730107795912772, 0.00018589527462609112, 9.064196638064459e-05, 0.0001569016312714666, 0.00017013706383295357, 0.00011082656419603154, 0.0001466110406909138, 0.00017596292309463024, 9.745276474859565e-05, 4.336676647653803e-05, 3.678329449030571e-05, 2.819738983816933e-05, 4.4106483983341604e-05, 1.560568853165023e-05, 1.8991560864378698e-05, 2.4754486730671488e-05, 2.2910189727554098e-05, 7.597248895763187e-06, 8.037897714530118e-06, 9.431491889699828e-06, 6.627249149460113e-06, 1.2945311937073711e-05, 1.925716242112685e-05, 7.935699613881297e-06, 1.3532459888665471e-05, 6.982346803852124e-06, 4.376143351692008e-06, 4.099884336028481e-06, 3.497325224088854e-06, 3.674114850582555e-06, 3.5100474633509293e-06, 3.375969527041889e-06, 3.1540719191980315e-06, 3.2311793347616913e-06, 3.698952241393272e-06, 3.8776465771661606e-06, 3.4927463730127783e-06, 3.6379071843839483e-06, 3.015750507984194e-06, 2.9567031560873147e-06, 3.3702197015372803e-06, 4.39350924352766e-06, 4.599611656885827e-06, 3.81712379748933e-06, 4.770738087245263e-06, 4.32284969065222e-06, 5.344423243514029e-06, 5.009432697988814e-06, 4.5883743950980715e-06, 4.374325726530515e-06, 5.231263912719442e-06, 6.193139597598929e-06, 6.118563305790303e-06, 5.335680725693237e-06, 5.172863893676549e-06, 6.127487267804099e-06, 4.989623903384199e-06, 4.311685188440606e-06, 4.6024961193325e-06, 7.581624231534079e-06, 8.654984412714839e-06, 7.176170129241655e-06, 5.978992703603581e-06, 5.1914712457801215e-06, 5.5301088650594465e-06, 5.216777481109602e-06, 4.490904757403769e-06, 3.7121014884178294e-06, 3.9313222259806935e-06, 3.6315711895440472e-06, 2.5618405743443873e-06, 2.1734908841608558e-06, 2.3864156446506968e-06, 2.607842361612711e-06, 2.7714818315871526e-06, 1.5800387700437568e-06, 1.5153408412516e-06, 2.1957571334496606e-06, 2.343805817872635e-06, 1.6881334659046843e-06, 1.5422750720972545e-06, 1.2091378494005767e-06, 9.88325041362259e-07, 6.242294716685137e-07, 7.10085430455365e-07, 6.915408903296338e-07, 5.705674084310886e-07, 4.1910135450962116e-07, 3.572267814888619e-07, 3.3915901553882577e-07, 3.3701147117426444e-07, 3.463553355231852e-07, 3.378498547590425e-07, 2.580105444849323e-07, 2.0489596863626502e-07, 1.0491187651950895e-07, 5.820486759233745e-09, 7.67083965791393e-12, 7.197937124808762e-12, 6.9899658977634616e-12, 6.840761897913827e-12, 6.676074623679362e-12, 6.551153283046451e-12, 6.4067830901626266e-12, 6.240432649795569e-12, 6.139352047573876e-12, 6.09802616388655e-12], "lowlevel.melbands128.stdev": [0.0015073793474584818, 0.006635110825300217, 0.017066365107893944, 0.019375786185264587, 0.013622656464576721, 0.009088815189898014, 0.004866058472543955, 0.0017378651537001133, 0.003144976682960987, 0.00529444357380271, 0.002099666278809309, 0.0010445340303704143, 0.0018319312948733568, 0.0014063536655157804, 0.0004585214192047715, 0.0007133563631214201, 0.001006924081593752, 0.0016345065087080002, 0.001980719156563282, 0.0017762159695848823, 0.0010062608635053039, 0.0006804305594414473, 0.00082576455315575, 0.0002932781644631177, 0.0006180081982165575, 0.0006337259546853602, 0.00046967712114565074, 0.0006503644399344921, 0.0010270134080201387, 0.000543390226084739, 0.0001608875609235838, 0.00019318026897963136, 0.0001353443367406726, 0.000247976160608232, 7.635582005605102e-05, 7.793026452418417e-05, 0.00019899012113455683, 0.00025113040464930236, 3.474439654382877e-05, 2.397819480393082e-05, 3.0050174245843664e-05, 1.747860551404301e-05, 7.982784154592082e-05, 0.00013689538172911853, 3.061065581277944e-05, 0.00010023035429185256, 2.9605766030726954e-05, 8.380336112168152e-06, 9.422421499039046e-06, 6.914338428032352e-06, 6.53960842100787e-06, 8.12298367236508e-06, 7.345509857259458e-06, 7.051062311802525e-06, 7.354208264587214e-06, 8.856873137119692e-06, 8.891930519894231e-06, 6.4624828155501746e-06, 6.359510734910145e-06, 5.634989975078497e-06, 6.6249426708964165e-06, 7.96430504124146e-06, 8.730014087632298e-06, 9.091099855140783e-06, 7.566387012047926e-06, 9.08309539227048e-06, 8.294668077724054e-06, 2.3474816771340556e-05, 1.1227130016777664e-05, 9.92879085970344e-06, 9.853461961029097e-06, 8.699834324943367e-06, 1.411449284205446e-05, 1.0357869541621767e-05, 1.0491568900761195e-05, 7.94107745605288e-06, 9.926464372256305e-06, 9.076069545699283e-06, 6.890596068842569e-06, 6.949000635358971e-06, 1.2156092452642042e-05, 1.2587209312187042e-05, 1.0222658602287993e-05, 8.719399374967907e-06, 7.555947831860976e-06, 8.235868335759733e-06, 7.079100214468781e-06, 6.416829819499981e-06, 5.311184395395685e-06, 6.198217761266278e-06, 5.152568519406486e-06, 3.881061729771318e-06, 2.6381546831544256e-06, 3.280650389569928e-06, 3.5421583106653998e-06, 3.798087618633872e-06, 2.4887981453503016e-06, 1.9965218598372303e-06, 2.7529433737072395e-06, 3.111094883934129e-06, 2.3342408894677646e-06, 2.0680399757111445e-06, 1.6369807553928695e-06, 1.446275405214692e-06, 8.176528467629396e-07, 9.791247066459619e-07, 9.219118624059774e-07, 8.20210800611676e-07, 6.476691964962811e-07, 6.60919567962992e-07, 5.358841121960722e-07, 4.723862900846143e-07, 4.883330007032782e-07, 4.377414200007479e-07, 3.9476555002693203e-07, 3.1203367711896135e-07, 1.7521512063467526e-07, 1.3431109557870968e-08, 1.4223893764209183e-11, 1.3718028449294373e-11, 1.3373556602414016e-11, 1.3092023125327312e-11, 1.281046709683542e-11, 1.2587396402974349e-11, 1.2403056012799674e-11, 1.2257050409358872e-11, 1.2149490614954406e-11, 1.2083853882793871e-11], "lowlevel.mfcc.mean": [-666.5496826171875, 89.88457489013672, 57.2265625, 40.697845458984375, 7.082760334014893, 18.295103073120117, 7.889990329742432, 12.232786178588867, 7.835845470428467, 4.662136077880859, 0.08794063329696655, -3.586064100265503, -2.5822198390960693], "lowlevel.spectral_contrast_coeffs.mean": [-0.6627986431121826, -0.7914214134216309, -0.8028526306152344, -0.8444629907608032, -0.8309313654899597, -0.763163149356842], "lowlevel.spectral_contrast_coeffs.stdev": [0.06614449620246887, 0.09274829924106598, 0.07608145475387573, 0.0396655835211277, 0.028958629816770554, 0.030356215313076973], "lowlevel.spectral_contrast_valleys.mean": [-6.4358086585998535, -7.17272424697876, -7.950205326080322, -8.310826301574707, -7.741988658905029, -9.676326751708984], "lowlevel.spectral_contrast_valleys.stdev": [0.6952662467956543, 0.7914074659347534, 0.7859368920326233, 0.7086406946182251, 0.7541899085044861, 0.8433330059051514], "rhythm.beats_loudness_band_ratio.mean": [0.8210962414741516, 0.0751064196228981, 0.08275671303272247, 0.014351354911923409, 0.0041390107944607735, 0.02519628219306469], "rhythm.beats_loudness_band_ratio.stdev": [0.23241347074508667, 0.11217205971479416, 0.16082023084163666, 0.019950944930315018, 0.010659974999725819, 0.059222470968961716], "tonal.hpcp.mean": [0.05391211807727814, 0.03963180631399155, 0.053402241319417953, 0.07622551172971725, 0.07557781785726547, 0.09341853857040405, 0.09660239517688751, 0.12487149983644485, 0.3123902678489685, 0.36296147108078003, 0.17475327849388123, 0.053303297609090805, 0.02975631318986416, 0.042426228523254395, 0.0554920956492424, 0.07007326185703278, 0.0703195109963417, 0.06845695525407791, 0.06449855864048004, 0.03917362540960312, 0.03658623620867729, 0.0461544468998909, 0.10138539224863052, 0.28640756011009216, 0.3638668358325958, 0.1938103586435318, 0.05559639632701874, 0.025527043268084526, 0.026385586708784103, 0.053767502307891846, 0.07417567074298859, 0.0706934779882431, 0.0663081556558609, 0.13848964869976044, 0.2675979733467102, 0.19321498274803162], "tonal.hpcp.stdev": [0.14876602590084076, 0.14565588533878326, 0.17151951789855957, 0.21613487601280212, 0.20808298885822296, 0.2316659539937973, 0.2196003794670105, 0.22989462316036224, 0.32057422399520874, 0.3502153754234314, 0.2290445864200592, 0.15361158549785614, 0.10443733632564545, 0.14598608016967773, 0.163420170545578, 0.21056783199310303, 0.18973499536514282, 0.19296686351299286, 0.19593095779418945, 0.1318248063325882, 0.1347290277481079, 0.16623307764530182, 0.21489769220352173, 0.3213377892971039, 0.36770638823509216, 0.2614293098449707, 0.15220321714878082, 0.08823525160551071, 0.09215539693832397, 0.172116219997406, 0.19292351603507996, 0.19016647338867188, 0.17931756377220154, 0.24775376915931702, 0.3854762017726898, 0.3085693120956421], "rhythm.beats_position": [0.5572788715362549, 1.1377778053283691, 1.729886531829834, 2.321995496749878, 2.902494192123413, 3.459773063659668, 4.017052173614502, 4.562720775604248, 5.108389854431152, 5.654058933258057, 6.199728012084961, 6.745396614074707, 7.291065692901611, 7.848344326019287, 8.382403373718262, 8.928071975708008, 9.47374153137207], "rhythm.bpm_histogram": [0.0, 0.0, 0.0, 0.0, 0.0, 0.0, 0.0, 0.0, 0.0, 0.0, 0.0, 0.0, 0.0, 0.0, 0.0, 0.0, 0.0, 0.0, 0.0, 0.0, 0.0, 0.0, 0.0, 0.0, 0.0, 0.0, 0.0, 0.0, 0.0, 0.0, 0.0, 0.0, 0.0, 0.0, 0.0, 0.0, 0.0, 0.0, 0.0, 0.0, 0.0, 0.0, 0.0, 0.0, 0.0, 0.0, 0.0, 0.0, 0.0, 0.0, 0.0, 0.0, 0.0, 0.0, 0.0, 0.0, 0.0, 0.0, 0.0, 0.0, 0.0, 0.0, 0.0, 0.0, 0.0, 0.0, 0.0, 0.0, 0.0, 0.0, 0.0, 0.0, 0.0, 0.0, 0.0, 0.0, 0.0, 0.0, 0.0, 0.0, 0.0, 0.0, 0.0, 0.0, 0.0, 0.0, 0.0, 0.0, 0.0, 0.0, 0.0, 0.0, 0.0, 0.0, 0.0, 0.0, 0.0, 0.0, 0.0, 0.0, 0.0, 0.125, 0.0, 0.125, 0.0, 0.0, 0.0, 0.0, 0.1875, 0.0, 0.5, 0.0, 0.0625, 0.0, 0.0, 0.0, 0.0, 0.0, 0.0, 0.0, 0.0, 0.0, 0.0, 0.0, 0.0, 0.0, 0.0, 0.0, 0.0, 0.0, 0.0, 0.0, 0.0, 0.0, 0.0, 0.0, 0.0, 0.0, 0.0, 0.0, 0.0, 0.0, 0.0, 0.0, 0.0, 0.0, 0.0, 0.0, 0.0, 0.0, 0.0, 0.0, 0.0, 0.0, 0.0, 0.0, 0.0, 0.0, 0.0, 0.0, 0.0, 0.0, 0.0, 0.0, 0.0, 0.0, 0.0, 0.0, 0.0, 0.0, 0.0, 0.0, 0.0, 0.0, 0.0, 0.0, 0.0, 0.0, 0.0, 0.0, 0.0, 0.0, 0.0, 0.0, 0.0, 0.0, 0.0, 0.0, 0.0, 0.0, 0.0, 0.0, 0.0, 0.0, 0.0, 0.0, 0.0, 0.0, 0.0, 0.0, 0.0, 0.0, 0.0, 0.0, 0.0, 0.0, 0.0, 0.0, 0.0, 0.0, 0.0, 0.0, 0.0, 0.0, 0.0, 0.0, 0.0, 0.0, 0.0, 0.0, 0.0, 0.0, 0.0, 0.0, 0.0, 0.0, 0.0, 0.0, 0.0, 0.0, 0.0, 0.0, 0.0, 0.0, 0.0, 0.0, 0.0, 0.0, 0.0, 0.0, 0.0, 0.0, 0.0, 0.0, 0.0, 0.0, 0.0, 0.0, 0.0, 0.0], "tonal.chords_histogram": [92.2705307006836, 0.966183602809906, 6.763285160064697, 0.0, 0.0, 0.0, 0.0, 0.0, 0.0, 0.0, 0.0, 0.0, 0.0, 0.0, 0.0, 0.0, 0.0, 0.0, 0.0, 0.0, 0.0, 0.0, 0.0, 0.0], "tonal.thpcp": [1.0, 0.5326408743858337, 0.15279324352741241, 0.07015490531921387, 0.07251440733671188, 0.14776697754859924, 0.20385389029979706, 0.19428393244743347, 0.18223193287849426, 0.3806053102016449, 0.7354283332824707, 0.5310046672821045, 0.14816442131996155, 0.1089184358716011, 0.1467631459236145, 0.20948737859725952, 0.20770736038684845, 0.2567382752895355, 0.26548832654953003, 0.3431791067123413, 0.8585290908813477, 0.9975118041038513, 0.48026713728904724, 0.14649122953414917, 0.08177802711725235, 0.1165982261300087, 0.15250660479068756, 0.19257941842079163, 0.1932561695575714, 0.18813738226890564, 0.1772586852312088, 0.1076592355966568, 0.10054842382669449, 0.12684433162212372, 0.2786332368850708, 0.7871218919754028], "lowlevel.gfcc.cov": [[5376.9384765625, -452.7794189453125, -372.1982727050781, -448.66546630859375, -580.027099609375, -171.89602661132812, -191.50193786621094, -87.74069213867188, -218.9850311279297, 64.15287780761719, -125.81640625, 104.51742553710938, -58.521175384521484], [-452.7794189453125, 987.0021362304688, 95.50440979003906, -153.49794006347656, 91.87117004394531, 23.72007179260254, 218.48779296875, -7.1899237632751465, 171.24478149414062, -51.099849700927734, 123.44190979003906, -123.47173309326172, 49.60453796386719], [-372.1982727050781, 95.50440979003906, 442.6443786621094, 256.6017761230469, 170.24598693847656, 49.22456741333008, 99.87965393066406, 70.95965576171875, 93.21854400634766, 19.742782592773438, 4.39591121673584, -8.360859870910645, -14.094916343688965], [-448.66546630859375, -153.49794006347656, 256.6017761230469, 603.1217651367188, 298.1077880859375, 34.37350082397461, -34.240055084228516, -4.628582000732422, 35.3756103515625, -41.863616943359375, 5.939128875732422, -34.20670700073242, 8.431117057800293], [-580.027099609375, 91.87117004394531, 170.24598693847656, 298.1077880859375, 333.0533752441406, 122.07862091064453, 75.38201141357422, 0.030350176617503166, 35.88946533203125, -41.26478958129883, 11.459844589233398, -38.48835372924805, 9.35496997833252], [-171.89602661132812, 23.72007179260254, 49.22456741333008, 34.37350082397461, 122.07862091064453, 165.29356384277344, 107.06809997558594, 17.16964340209961, -13.54457950592041, -25.841018676757812, -3.7929587364196777, -17.264657974243164, -1.5621716976165771], [-191.50193786621094, 218.48779296875, 99.87965393066406, -34.240055084228516, 75.38201141357422, 107.06809997558594, 218.3937530517578, 75.4405746459961, 67.32048034667969, -4.364133834838867, 36.789337158203125, -25.641815185546875, -6.991779327392578], [-87.74069213867188, -7.1899237632751465, 70.95965576171875, -4.628582000732422, 0.030350176617503166, 17.16964340209961, 75.4405746459961, 105.20352935791016, 60.3006477355957, 32.056217193603516, -6.577622890472412, 1.5275774002075195, -14.97054386138916], [-218.9850311279297, 171.24478149414062, 93.21854400634766, 35.3756103515625, 35.88946533203125, -13.54457950592041, 67.32048034667969, 60.3006477355957, 141.36444091796875, 44.045196533203125, 42.940345764160156, -27.50684356689453, 1.5666908025741577], [64.15287780761719, -51.099849700927734, 19.742782592773438, -41.863616943359375, -41.26478958129883, -25.841018676757812, -4.364133834838867, 32.056217193603516, 44.045196533203125, 84.44621276855469, 22.012189865112305, 21.90254020690918, -15.171363830566406], [-125.81640625, 123.44190979003906, 4.39591121673584, 5.939128875732422, 11.459844589233398, -3.7929587364196777, 36.789337158203125, -6.577622890472412, 42.940345764160156, 22.012189865112305, 84.4001235961914, -1.3235130310058594, 7.847691059112549], [104.51742553710938, -123.47173309326172, -8.360859870910645, -34.20670700073242, -38.48835372924805, -17.264657974243164, -25.641815185546875, 1.5275774002075195, -27.50684356689453, 21.90254020690918, -1.3235130310058594, 61.967403411865234, 5.987461090087891], [-58.521175384521484, 49.60453796386719, -14.094916343688965, 8.431117057800293, 9.35496997833252, -1.5621716976165771, -6.991779327392578, -14.97054386138916, 1.5666908025741577, -15.171363830566406, 7.847691059112549, 5.987461090087891, 55.989356994628906]], "lowlevel.gfcc.icov": [[0.0002623733307700604, -0.00014072132762521505, 0.0001762574102031067, -0.0003183486114721745, 0.0006297658546827734, -8.50806463859044e-05, -0.00031897248118184507, 0.00044421592610888183, 0.00021540642774198204, -0.0005381029914133251, 0.0006958221783861518, -0.0003741601249203086, 0.00025321307475678623], [-0.00014072132762521505, 0.005710309837013483, -0.0026989136822521687, 0.005124643910676241, -0.003553059184923768, 0.003898024559020996, -0.002243867376819253, 0.0025336984544992447, -0.0035142386332154274, 0.005553089082241058, -0.0060974913649261, 0.008704787120223045, -0.004030841402709484], [0.0001762574102031067, -0.0026989136822521687, 0.0058481949381530285, -0.004613344091922045, 0.001624718657694757, -0.0013052880531176925, -0.0019847704097628593, -0.00018286115664523095, -0.00042429420864209533, -0.004118018783628941, 0.005717615596950054, -0.0064973486587405205, 0.0029271107632666826], [-0.0003183486114721745, 0.005124643910676241, -0.004613344091922045, 0.009784876368939877, -0.0078101251274347305, 0.004252591636031866, 0.0025510829873383045, -0.0010794540867209435, -0.0023910938762128353, 0.007729887031018734, -0.008674368262290955, 0.009319118224084377, -0.0036735476460307837], [0.0006297658546827734, -0.003553059184923768, 0.001624718657694757, -0.0078101251274347305, 0.013174643740057945, -0.008243931457400322, -0.000917398021556437, 0.0032681417651474476, -0.0010407972149550915, -0.0031906203366816044, 0.006108047440648079, -0.006272520869970322, 0.0026984161231666803], [-8.50806463859044e-05, 0.003898024559020996, -0.0013052880531176925, 0.004252591636031866, -0.008243931457400322, 0.01842936873435974, -0.009770095348358154, 0.0014915852807462215, 0.004967072978615761, 0.0003225341497454792, -0.0018300602678209543, 0.008468360640108585, -0.004141689278185368], [-0.00031897248118184507, -0.002243867376819253, -0.0019847704097628593, 0.0025510829873383045, -0.000917398021556437, -0.009770095348358154, 0.019105153158307076, -0.012256938964128494, -0.0015874567907303572, 0.006621106062084436, -0.008075539954006672, -0.0013719836715608835, 0.002877129940316081], [0.00044421592610888183, 0.0025336984544992447, -0.00018286115664523095, -0.0010794540867209435, 0.0032681417651474476, 0.0014915852807462215, -0.012256938964128494, 0.027111399918794632, -0.010870754718780518, -0.004234248772263527, 0.01056844275444746, -0.0028672420885413885, 0.001532245078124106], [0.00021540642774198204, -0.0035142386332154274, -0.00042429420864209533, -0.0023910938762128353, -0.0010407972149550915, 0.004967072978615761, -0.0015874567907303572, -0.010870754718780518, 0.025447851046919823, -0.01361208688467741, -0.003035120666027069, 0.008038229309022427, -0.004035226535052061], [-0.0005381029914133251, 0.005553089082241058, -0.004118018783628941, 0.007729887031018734, -0.0031906203366816044, 0.0003225341497454792, 0.006621106062084436, -0.004234248772263527, -0.01361208688467741, 0.032808054238557816, -0.014048936776816845, -0.0016864974750205874, 0.00397416902706027], [0.0006958221783861518, -0.0060974913649261, 0.005717615596950054, -0.008674368262290955, 0.006108047440648079, -0.0018300602678209543, -0.008075539954006672, 0.01056844275444746, -0.003035120666027069, -0.014048936776816845, 0.030251452699303627, -0.01369550172239542, 0.0031233038753271103], [-0.0003741601249203086, 0.008704787120223045, -0.0064973486587405205, 0.009319118224084377, -0.006272520869970322, 0.008468360640108585, -0.0013719836715608835, -0.0028672420885413885, 0.008038229309022427, -0.0016864974750205874, -0.01369550172239542, 0.041571930050849915, -0.014003804884850979], [0.00025321307475678623, -0.004030841402709484, 0.0029271107632666826, -0.0036735476460307837, 0.0026984161231666803, -0.004141689278185368, 0.002877129940316081, 0.001532245078124106, -0.004035226535052061, 0.00397416902706027, 0.0031233038753271103, -0.014003804884850979, 0.025438567623496056]], "lowlevel.mfcc.cov": [[5538.32958984375, -398.5204772949219, -194.7488250732422, -408.4582824707031, -464.19775390625, -252.13906860351562, -202.76438903808594, -250.71104431152344, -197.10374450683594, -150.80322265625, -83.18287658691406, -158.58580017089844, -157.80140686035156], [-398.5204772949219, 973.4570922851562, 28.326669692993164, -171.92559814453125, -140.30615234375, 14.049498558044434, 48.122779846191406, 69.57130432128906, 29.416004180908203, 115.43988037109375, 51.34013366699219, 43.051666259765625, -15.050028800964355], [-194.7488250732422, 28.326669692993164, 274.51544189453125, 148.36253356933594, 54.00362014770508, 25.477272033691406, 17.39122772216797, 41.262794494628906, 62.61445236206055, 36.0243034362793, 38.92563247680664, 51.07910919189453, 42.242183685302734], [-408.4582824707031, -171.92559814453125, 148.36253356933594, 423.8559265136719, 267.1088562011719, 86.33832550048828, 19.375699996948242, 35.193138122558594, 54.86551284790039, 1.2068426609039307, 15.372897148132324, 49.70391082763672, 62.20906448364258], [-464.19775390625, -140.30615234375, 54.00362014770508, 267.1088562011719, 290.221435546875, 130.4254150390625, 42.726837158203125, 32.517303466796875, 41.71394348144531, -11.819356918334961, -0.31162533164024353, 16.165830612182617, 19.58281135559082], [-252.13906860351562, 14.049498558044434, 25.477272033691406, 86.33832550048828, 130.4254150390625, 162.5513458251953, 103.91991424560547, 63.61041259765625, 20.33473777770996, 13.731305122375488, 1.6449016332626343, 3.8014328479766846, -7.8936944007873535], [-202.76438903808594, 48.122779846191406, 17.39122772216797, 19.375699996948242, 42.726837158203125, 103.91991424560547, 146.56228637695312, 91.83187866210938, 24.65773582458496, 28.927030563354492, 5.325900554656982, 6.069336414337158, -11.797652244567871], [-250.71104431152344, 69.57130432128906, 41.262794494628906, 35.193138122558594, 32.517303466796875, 63.61041259765625, 91.83187866210938, 115.9252700805664, 55.459205627441406, 41.79713439941406, 11.431949615478516, 14.199469566345215, 1.3732267618179321], [-197.10374450683594, 29.416004180908203, 62.61445236206055, 54.86551284790039, 41.71394348144531, 20.33473777770996, 24.65773582458496, 55.459205627441406, 101.01641845703125, 52.8184928894043, 23.056180953979492, 17.08809471130371, 16.06340980529785], [-150.80322265625, 115.43988037109375, 36.0243034362793, 1.2068426609039307, -11.819356918334961, 13.731305122375488, 28.927030563354492, 41.79713439941406, 52.8184928894043, 86.92583465576172, 47.34799575805664, 28.96196174621582, 12.353214263916016], [-83.18287658691406, 51.34013366699219, 38.92563247680664, 15.372897148132324, -0.31162533164024353, 1.6449016332626343, 5.325900554656982, 11.431949615478516, 23.056180953979492, 47.34799575805664, 68.20994567871094, 43.34395217895508, 23.880048751831055], [-158.58580017089844, 43.051666259765625, 51.07910919189453, 49.70391082763672, 16.165830612182617, 3.8014328479766846, 6.069336414337158, 14.199469566345215, 17.08809471130371, 28.96196174621582, 43.34395217895508, 76.91278839111328, 48.7502326965332], [-157.80140686035156, -15.050028800964355, 42.242183685302734, 62.20906448364258, 19.58281135559082, -7.8936944007873535, -11.797652244567871, 1.3732267618179321, 16.06340980529785, 12.353214263916016, 23.880048751831055, 48.7502326965332, 62.51540756225586]], "lowlevel.mfcc.icov": [[0.0002661733014974743, 0.00014387897681444883, 2.20736583287362e-05, -0.00021942844614386559, 0.0007323686149902642, -0.00027162363403476775, 0.00014666772040072829, 0.0003464685578364879, -9.830032649915665e-05, 0.00026452954625710845, -0.0001673599035711959, -9.84764628810808e-05, 0.0007800168241374195], [0.00014387897681444883, 0.0015487486962229013, -0.0002411771274637431, 0.0003834509989246726, 0.0008239849121309817, -0.00085217080777511, 0.0007946238038130105, -0.0005340329953469336, 0.0005609223735518754, -0.0018942990573123097, 0.0006486555212177336, -0.0014185786712914705, 0.0014020309317857027], [2.20736583287362e-05, -0.0002411771274637431, 0.005818015430122614, -0.00297038396820426, 0.0026978913228958845, -0.0013198115630075336, 0.0003394037776160985, -8.993185474537313e-05, -0.003097336273640394, 0.0017955716466531157, -0.0017943677958101034, -0.0014777443138882518, 0.0003553123970050365], [-0.00021942844614386559, 0.0003834509989246726, -0.00297038396820426, 0.009020720608532429, -0.009085743688046932, 0.002933803014457226, 4.1110200982075185e-05, -0.0018104352056980133, 0.0020585909951478243, -0.0021818834356963634, 0.001804579165764153, 0.00011682964395731688, -0.005045153200626373], [0.0007323686149902642, 0.0008239849121309817, 0.0026978913228958845, -0.009085743688046932, 0.018258096650242805, -0.011866964399814606, 0.0034619795624166727, 0.0027404390275478363, -0.006166912615299225, 0.005937553476542234, -0.0023037849459797144, -0.001900481409393251, 0.005414003971964121], [-0.00027162363403476775, -0.00085217080777511, -0.0013198115630075336, 0.002933803014457226, -0.011866964399814606, 0.021586846560239792, -0.012080864049494267, -0.0005729225231334567, 0.0038672774098813534, -0.0027096939738839865, 0.0006546684307977557, 0.00163751607760787, -0.0007279295823536813], [0.00014666772040072829, 0.0007946238038130105, 0.0003394037776160985, 4.1110200982075185e-05, 0.0034619795624166727, -0.012080864049494267, 0.022893110290169716, -0.013535508885979652, 0.0032490557059645653, -0.0016096360050141811, 0.0005246828077360988, -0.0024649181868880987, 0.00350397452712059], [0.0003464685578364879, -0.0005340329953469336, -8.993185474537313e-05, -0.0018104352056980133, 0.0027404390275478363, -0.0005729225231334567, -0.013535508885979652, 0.02566485106945038, -0.009979800321161747, -0.0010505153331905603, 0.0029085217975080013, -0.002255459316074848, 0.001979143125936389], [-9.830032649915665e-05, 0.0005609223735518754, -0.003097336273640394, 0.0020585909951478243, -0.006166912615299225, 0.0038672774098813534, 0.0032490557059645653, -0.009979800321161747, 0.023414088413119316, -0.01380977500230074, 0.002582311863079667, 0.0042214831337332726, -0.0043820468708872795], [0.00026452954625710845, -0.0018942990573123097, 0.0017955716466531157, -0.0021818834356963634, 0.005937553476542234, -0.0027096939738839865, -0.0016096360050141811, -0.0010505153331905603, -0.01380977500230074, 0.03398164361715317, -0.01815360225737095, -4.578652078635059e-05, 0.0024905491154640913], [-0.0001673599035711959, 0.0006486555212177336, -0.0017943677958101034, 0.001804579165764153, -0.0023037849459797144, 0.0006546684307977557, 0.0005246828077360988, 0.0029085217975080013, 0.002582311863079667, -0.01815360225737095, 0.03483962267637253, -0.015012593939900398, 0.0013122843811288476], [-9.84764628810808e-05, -0.0014185786712914705, -0.0014777443138882518, 0.00011682964395731688, -0.001900481409393251, 0.00163751607760787, -0.0024649181868880987, -0.002255459316074848, 0.0042214831337332726, -4.578652078635059e-05, -0.015012593939900398, 0.038725562393665314, -0.024861052632331848], [0.0007800168241374195, 0.0014020309317857027, 0.0003553123970050365, -0.005045153200626373, 0.005414003971964121, -0.0007279295823536813, 0.00350397452712059, 0.001979143125936389, -0.0043820468708872795, 0.0024905491154640913, 0.0013122843811288476, -0.024861052632331848, 0.04143228009343147]], "metadata.audio_properties.analysis.downmix": "mix", "metadata.audio_properties.codec": "mp3", "metadata.audio_properties.md5_encoded": "f7c539c3db8289b344d1b472b12c4a25", "metadata.tags.file_name": "1183654545058975764.mp3", "metadata.version.essentia": "2.1-beta6-dev", "metadata.version.essentia_git_sha": "v2.1_beta5-1110-g77a6a954", "metadata.version.extractor": "music 2.0", "tonal.chords_key": "F", "tonal.chords_scale": "minor", "tonal.key_edma.key": "F", "tonal.key_edma.scale": "minor", "tonal.key_krumhansl.key": "F", "tonal.key_krumhansl.scale": "minor", "tonal.key_temperley.key": "F", "tonal.key_temperley.scale": "minor", "metadata.tags.encoding": ["Lavf58.45.100"]}, "essentia_models": [{"model_name": "genre_dortmund", "activations": {"alternative": "0.009139263", "blues": "0.052695494", "electronic": "0.0027301472", "folkcountry": "0.0071941935", "funksoulrnb": "0.06252151", "jazz": "0.057261873", "pop": "0.007146362", "raphiphop": "0.03044813", "rock": "0.35431194"}}, {"model_name": "genre_rosamerica", "activations": {"classic": "0.012185211", "dance": "0.00023311039", "hip hop": "0.061210673", "jazz": "0.008313262", "pop": "0.24930815", "rhythm and blues": "0.08406066", "rock": "0.25677583", "speech": "0.0020739126"}}, {"model_name": "genre_tzanetakis", "activations": {"blues": "0.08776181", "classic": "0.00062462274", "country": "0.0010835691", "disco": "0.00335335", "hip hop": "0.26508406", "jazz": "0.003332378", "metal": "0.04849948", "pop": "0.065704204", "reggae": "0.010119817", "rock": "0.08614234"}}, {"model_name": "genre_electronic", "activations": {"ambient": "0.31039196", "dnb": "0.53446525", "house": "0.28846434", "techno": "0.5453119", "trance": "0.010564643"}}, {"model_name": "mood_acoustic", "activations": {"acoustic": "0.015681757", "not acoustic": "0.95329833"}}, {"model_name": "mood_electronic", "activations": {"electronic": "0.61240345", "not electronic": "0.55212253"}}, {"model_name": "mood_aggressive", "activations": {"aggressive": "0.09945341", "not aggressive": "0.9898889"}}, {"model_name": "mood_relaxed"