{"song_id": "1183666168570069052", "download": "https://cdn.discordapp.com/attachments/1135903449314238464/1183666168570069052/chirp.mp4?ex=65892a06&amp", "lyrics": "(Chorus)\n\uaca8\uc6b8\ube44\uc758 \ub178\ub798\uac00 \ub4e4\ub824\uc640\n\ub0b4 \ub9c8\uc74c\uc744 \uc801\uc2dc\ub124\n\uc774\ubcc4\uc758 \uc544\ud514\ub3c4 \uc124\ub818\ub3c4\n\ubaa8\ub450 \ub2e4 \uc53b\uaca8 \ub0b4\ub824\uac00", "style": ["POP</span><span>, Acoustic</span><span>, Classic</span><span>, Symphony</span><span>,"], "essentia_features": {"lowlevel.average_loudness": 0.9835097193717957, "lowlevel.barkbands_crest.mean": 20.564361572265625, "lowlevel.barkbands_crest.stdev": 4.600435256958008, "lowlevel.barkbands_flatness_db.mean": 0.2928875684738159, "lowlevel.barkbands_flatness_db.stdev": 0.08827270567417145, "lowlevel.barkbands_kurtosis.mean": 39.56086730957031, "lowlevel.barkbands_kurtosis.stdev": 54.31180953979492, "lowlevel.barkbands_skewness.mean": 4.615998268127441, "lowlevel.barkbands_skewness.stdev": 2.5245118141174316, "lowlevel.barkbands_spread.mean": 6.135194778442383, "lowlevel.barkbands_spread.stdev": 7.787446022033691, "lowlevel.dissonance.mean": 0.4323929250240326, "lowlevel.dissonance.stdev": 0.042507026344537735, "lowlevel.dynamic_complexity": 1.168514609336853, "lowlevel.erbbands_crest.mean": 10.080170631408691, "lowlevel.erbbands_crest.stdev": 3.97489595413208, "lowlevel.erbbands_flatness_db.mean": 0.1679193079471588, "lowlevel.erbbands_flatness_db.stdev": 0.04623332619667053, "lowlevel.erbbands_kurtosis.mean": 1.813066005706787, "lowlevel.erbbands_kurtosis.stdev": 2.8464348316192627, "lowlevel.erbbands_skewness.mean": 0.8365364074707031, "lowlevel.erbbands_skewness.stdev": 0.8561481833457947, "lowlevel.erbbands_spread.mean": 36.88877868652344, "lowlevel.erbbands_spread.stdev": 25.515090942382812, "lowlevel.hfc.mean": 19.808692932128906, "lowlevel.hfc.stdev": 12.4190092086792, "lowlevel.loudness_ebu128.integrated": -9.944334983825684, "lowlevel.loudness_ebu128.loudness_range": 0.7891635894775391, "lowlevel.loudness_ebu128.momentary.mean": -9.995774269104004, "lowlevel.loudness_ebu128.momentary.stdev": 0.6853755116462708, "lowlevel.loudness_ebu128.short_term.mean": -9.913561820983887, "lowlevel.loudness_ebu128.short_term.stdev": 0.27061960101127625, "lowlevel.melbands_crest.mean": 22.727296829223633, "lowlevel.melbands_crest.stdev": 4.510370254516602, "lowlevel.melbands_flatness_db.mean": 0.398354709148407, "lowlevel.melbands_flatness_db.stdev": 0.10262657701969147, "lowlevel.melbands_kurtosis.mean": 60.90732192993164, "lowlevel.melbands_kurtosis.stdev": 69.46025848388672, "lowlevel.melbands_skewness.mean": 5.290389060974121, "lowlevel.melbands_skewness.stdev": 2.553605079650879, "lowlevel.melbands_spread.mean": 4.702693939208984, "lowlevel.melbands_spread.stdev": 8.172224044799805, "lowlevel.pitch_salience.mean": 0.30084553360939026, "lowlevel.pitch_salience.stdev": 0.1402217149734497, "lowlevel.silence_rate_20dB.mean": 1.0, "lowlevel.silence_rate_20dB.stdev": 0.0, "lowlevel.silence_rate_30dB.mean": 0.2309027761220932, "lowlevel.silence_rate_30dB.stdev": 0.4214085340499878, "lowlevel.silence_rate_60dB.mean": 0.0052083334885537624, "lowlevel.silence_rate_60dB.stdev": 0.07198069244623184, "lowlevel.spectral_centroid.mean": 540.5274047851562, "lowlevel.spectral_centroid.stdev": 467.7224426269531, "lowlevel.spectral_complexity.mean": 12.473958015441895, "lowlevel.spectral_complexity.stdev": 6.791486740112305, "lowlevel.spectral_decrease.mean": -3.2630481427986524e-08, "lowlevel.spectral_decrease.stdev": 1.3025093892338191e-08, "lowlevel.spectral_energy.mean": 0.12495157122612, "lowlevel.spectral_energy.stdev": 0.049468621611595154, "lowlevel.spectral_energyband_high.mean": 0.0004678404366131872, "lowlevel.spectral_energyband_high.stdev": 0.0010726365726441145, "lowlevel.spectral_energyband_low.mean": 0.10535324364900589, "lowlevel.spectral_energyband_low.stdev": 0.05046851933002472, "lowlevel.spectral_energyband_middle_high.mean": 0.0023039390798658133, "lowlevel.spectral_energyband_middle_high.stdev": 0.0033430075272917747, "lowlevel.spectral_energyband_middle_low.mean": 0.018439795821905136, "lowlevel.spectral_energyband_middle_low.stdev": 0.01798212341964245, "lowlevel.spectral_entropy.mean": 6.794676780700684, "lowlevel.spectral_entropy.stdev": 0.6635714173316956, "lowlevel.spectral_flux.mean": 0.10067445039749146, "lowlevel.spectral_flux.stdev": 0.09538208693265915, "lowlevel.spectral_kurtosis.mean": 11.818004608154297, "lowlevel.spectral_kurtosis.stdev": 13.876821517944336, "lowlevel.spectral_rms.mean": 0.010794460773468018, "lowlevel.spectral_rms.stdev": 0.002320270985364914, "lowlevel.spectral_rolloff.mean": 265.5013122558594, "lowlevel.spectral_rolloff.stdev": 784.0910034179688, "lowlevel.spectral_skewness.mean": 2.643681764602661, "lowlevel.spectral_skewness.stdev": 1.2541656494140625, "lowlevel.spectral_spread.mean": 4585326.5, "lowlevel.spectral_spread.stdev": 2204508.75, "lowlevel.spectral_strongpeak.mean": 0.8328447937965393, "lowlevel.spectral_strongpeak.stdev": 0.30976244807243347, "lowlevel.zerocrossingrate.mean": 0.0150739885866642, "lowlevel.zerocrossingrate.stdev": 0.015016615390777588, "metadata.audio_properties.analysis.equal_loudness": 0.0, "metadata.audio_properties.analysis.length": 13.333311080932617, "metadata.audio_properties.analysis.sample_rate": 44100.0, "metadata.audio_properties.analysis.start_time": 0.0, "metadata.audio_properties.bit_rate": 121465.0, "metadata.audio_properties.length": 13.333333015441895, "metadata.audio_properties.lossless": 0.0, "metadata.audio_properties.number_channels": 1.0, "metadata.audio_properties.replay_gain": -12.823968887329102, "metadata.audio_properties.sample_rate": 48000.0, "rhythm.beats_count": 30.0, "rhythm.beats_loudness.mean": 0.15440692007541656, "rhythm.beats_loudness.stdev": 0.061467528343200684, "rhythm.bpm": 138.5006561279297, "rhythm.bpm_histogram_first_peak_bpm": 140.0, "rhythm.bpm_histogram_first_peak_weight": 0.3928571343421936, "rhythm.bpm_histogram_second_peak_bpm": 129.0, "rhythm.bpm_histogram_second_peak_spread": 0.0, "rhythm.bpm_histogram_second_peak_weight": 0.03448275849223137, "rhythm.danceability": 1.5903575420379639, "rhythm.onset_rate": 4.41898775100708, "tonal.chords_changes_rate": 0.07266435772180557, "tonal.chords_number_rate": 0.024221453815698624, "tonal.chords_strength.mean": 0.42456045746803284, "tonal.chords_strength.stdev": 0.06708856672048569, "tonal.hpcp_crest.mean": 14.647677421569824, "tonal.hpcp_crest.stdev": 6.246480464935303, "tonal.hpcp_entropy.mean": 1.7341030836105347, "tonal.hpcp_entropy.stdev": 0.6129982471466064, "tonal.key_edma.strength": 0.6539715528488159, "tonal.key_krumhansl.strength": 0.6484197378158569, "tonal.key_temperley.strength": 0.6371832489967346, "tonal.tuning_diatonic_strength": 0.5903533101081848, "tonal.tuning_equal_tempered_deviation": 0.12137578427791595, "tonal.tuning_frequency": 437.2131652832031, "tonal.tuning_nontempered_energy_ratio": 0.7760316133499146, "lowlevel.barkbands.mean": [0.0008012845064513385, 0.09571509063243866, 0.00735839968547225, 0.003763628425076604, 0.008427122607827187, 0.0019251552876085043, 0.0009436097461730242, 0.001629440113902092, 0.0014672341058030725, 0.0007977551431395113, 0.00031109453993849456, 0.00022262574930209666, 0.00022099244233686477, 0.0002369984140386805, 0.00013562552339863032, 0.00016278153634630144, 0.00012373052595648915, 0.0001114382830564864, 7.135269697755575e-05, 9.781418339116499e-05, 8.272923878394067e-05, 6.485415360657498e-05, 0.00010145557462237775, 8.778077608440071e-05, 6.328104791464284e-05, 2.764295641100034e-05, 7.929932053230004e-07], "lowlevel.barkbands.stdev": [0.00095046975184232, 0.04684971272945404, 0.01767834648489952, 0.009416590444743633, 0.009897807613015175, 0.0018635980086401105, 0.0014969689073041081, 0.002535979961976409, 0.002828148892149329, 0.0014242430916056037, 0.0007250231574289501, 0.0005613691755570471, 0.00045933775254525244, 0.0006386929890140891, 0.00034986305399797857, 0.0004054961900692433, 0.00024770197342149913, 0.00031681545078754425, 0.00022829099907539785, 0.0004973980830982327, 0.0002503159048501402, 0.0001616280060261488, 0.00022563208767678589, 0.00023859589418862015, 0.00013590480375569314, 5.8708985307021067e-05, 3.0183325634425273e-06], "lowlevel.erbbands.mean": [2.459411382675171, 22.09494972229004, 16.38774871826172, 10.078202247619629, 26.0687255859375, 26.422386169433594, 13.3049955368042, 18.085081100463867, 14.139639854431152, 19.167484283447266, 38.167022705078125, 42.73436737060547, 20.56736946105957, 22.093151092529297, 13.586926460266113, 9.998172760009766, 11.60922622680664, 13.968121528625488, 7.09532356262207, 8.11085319519043, 8.493070602416992, 7.003113269805908, 6.367722988128662, 4.398427486419678, 4.064248085021973, 4.698101043701172, 3.210702657699585, 3.247384548187256, 2.30907940864563, 2.613523483276367, 2.834280490875244, 1.9943773746490479, 1.4177078008651733, 0.8289969563484192, 0.37972119450569153, 0.1528802067041397, 0.04517842084169388, 0.005912386812269688, 0.00019294522644486278, 0.00014194189861882478], "lowlevel.erbbands.stdev": [1.653590202331543, 11.062542915344238, 21.480724334716797, 27.09282112121582, 37.19503402709961, 32.64707946777344, 12.22213077545166, 19.0789852142334, 17.374332427978516, 23.179649353027344, 67.09127044677734, 78.85901641845703, 28.74481773376465, 50.2244873046875, 30.657522201538086, 25.94957160949707, 23.20082664489746, 35.34999084472656, 18.97225570678711, 19.616607666015625, 19.71463966369629, 14.378976821899414, 16.502817153930664, 13.596403121948242, 12.920092582702637, 24.464859008789062, 11.253421783447266, 9.377416610717773, 5.77386474609375, 5.663095951080322, 6.4105448722839355, 5.119752883911133, 3.9887478351593018, 1.911963939666748, 0.8023613095283508, 0.30706992745399475, 0.10404538363218307, 0.016741236671805382, 0.00040349457412958145, 5.619557123281993e-05], "lowlevel.gfcc.mean": [-17.44826889038086, 133.14866638183594, -53.09933090209961, 32.10779571533203, -46.373023986816406, 26.468225479125977, -27.686279296875, 18.594284057617188, -9.65463924407959, 0.9715076088905334, -9.055989265441895, 3.765639305114746, -4.147218704223633], "lowlevel.melbands.mean": [0.025576479732990265, 0.015591555275022984, 0.0022068009711802006, 0.0020553194917738438, 0.0005645196652039886, 0.00038415860035456717, 0.00021509095677174628, 0.0002277533640153706, 0.00031832035165280104, 0.00024392369959969074, 9.471840894548222e-05, 9.183007205137983e-05, 4.3260224629193544e-05, 2.917888923548162e-05, 2.300754567841068e-05, 2.3275941202882677e-05, 2.7226928068557754e-05, 1.0181884135818109e-05, 9.984363714465871e-06, 1.192445051856339e-05, 9.068587132787798e-06, 7.423938313877443e-06, 6.498160473711323e-06, 4.881761924480088e-06, 3.4021816190943355e-06, 2.633212716318667e-06, 3.5993843994219787e-06, 2.890396672228235e-06, 1.8605124978421372e-06, 2.075388920275145e-06, 1.7765544271242106e-06, 1.2813615057893912e-06, 1.2504643791544368e-06, 1.598258222657023e-06, 1.6908096540646511e-06, 1.4793263289902825e-06, 1.1281282468189602e-06, 1.0321975878468947e-06, 8.155504929163726e-07, 6.652686579400324e-07], "lowlevel.melbands.stdev": [0.013697507791221142, 0.01056249812245369, 0.004560098052024841, 0.0024876396637409925, 0.0005415623891167343, 0.00039275037124753, 0.00028824390028603375, 0.00026990461628884077, 0.0005374786560423672, 0.000490575039293617, 0.00013898315955884755, 0.00021985836792737246, 9.878870332613587e-05, 6.47757260594517e-05, 5.5489057558588684e-05, 5.114345549372956e-05, 7.486352842533961e-05, 3.0689032428199425e-05, 2.669615059858188e-05, 3.0391140171559528e-05, 2.1783716874779202e-05, 1.6702239008736797e-05, 1.492392948421184e-05, 1.4381551409314852e-05, 1.094553681468824e-05, 8.516731213603634e-06, 1.6013153071980923e-05, 1.5752364561194554e-05, 7.212976015580352e-06, 6.335085345199332e-06, 5.005371349398047e-06, 3.3768244520615553e-06, 3.124638396911905e-06, 3.480480017969967e-06, 3.837195436062757e-06, 3.7407253330457024e-06, 3.0450585200014757e-06, 3.0482626698358217e-06, 2.0973418486391893e-06, 1.5070050949361757e-06], "lowlevel.melbands128.mean": [0.0006645021494477987, 0.014525524340569973, 0.042834535241127014, 0.034682683646678925, 0.01234184019267559, 0.0029848224949091673, 0.0017146015306934714, 0.002035920973867178, 0.002849753713235259, 0.0024772470351308584, 0.0013470028061419725, 0.0006162126665003598, 0.0003668305289465934, 0.00041485659312456846, 0.0005237046862021089, 0.00028535418095998466, 0.00018848382751457393, 0.00023139832774177194, 0.00021997769363224506, 0.00018073696992360055, 0.0002473106433171779, 0.0002833933976944536, 0.0003856802068185061, 0.00023928038717713207, 0.0003682390961330384, 0.0002061763807432726, 5.931450505158864e-05, 0.00011848981375806034, 5.3073064918862656e-05, 0.0001543050748296082, 7.264988380484283e-05, 3.9797767385607585e-05, 4.124478800804354e-05, 5.494563083630055e-05, 2.4774773919489235e-05, 2.3849621356930584e-05, 3.117493542958982e-05, 1.5483070455957204e-05, 2.372816379647702e-05, 3.344802826177329e-05, 2.079445584968198e-05, 9.312641850556247e-06, 4.3063919292762876e-05, 2.5812918465817347e-05, 7.2327657107962295e-06, 9.484525435254909e-06, 1.1111221283499617e-05, 9.556535587762482e-06, 8.669234375702217e-06, 1.2796645933121908e-05, 1.2237267583259381e-05, 1.0846733857761137e-05, 1.2149644135206472e-05, 5.9728167798311915e-06, 7.935086614452302e-06, 8.653139047964942e-06, 5.280117420625174e-06, 7.175399787229253e-06, 6.574381131940754e-06, 6.374131316988496e-06, 4.164728579780785e-06, 4.489980256039416e-06, 4.222461029712576e-06, 2.8201748136780225e-06, 2.65277458311175e-06, 2.50488983510877e-06, 2.6396012344775954e-06, 3.0175108349794755e-06, 3.787966988966218e-06, 4.63448623122531e-06, 3.0020719350432046e-06, 1.9725061974895652e-06, 1.8259777334606042e-06, 1.8454692281011376e-06, 1.9597591744968668e-06, 1.8862787101170397e-06, 2.3623958895768737e-06, 2.0468928596528713e-06, 1.7350525922665838e-06, 1.4347131127578905e-06, 1.3366633311306941e-06, 1.2147214647484361e-06, 1.13307464744139e-06, 1.333309342044231e-06, 1.2582535191540956e-06, 1.2694958968495484e-06, 1.7529869182908442e-06, 2.1881278371438384e-06, 1.521252215752611e-06, 1.4358399766933871e-06, 1.8317766716791084e-06, 1.3705040373679367e-06, 1.1828066135421977e-06, 1.1127139032396371e-06, 1.1231651342313853e-06, 1.0366948117734864e-06, 1.025617621053243e-06, 1.014851932268357e-06, 7.598598585900618e-07, 7.771939749545709e-07, 7.401029051834485e-07, 6.594098636014678e-07, 5.510196956493019e-07, 4.608832568919752e-07, 4.1637005665506877e-07, 3.8299867810565047e-07, 3.46484881674769e-07, 3.087927780143218e-07, 2.640323089053709e-07, 2.075508689358685e-07, 1.90578631986682e-07, 1.5235485761877499e-07, 1.4961541694447078e-07, 1.1447145453757912e-07, 8.654674132912987e-08, 6.877308322827957e-08, 2.679399457861109e-08, 7.616039354729764e-09, 7.24766746618144e-10, 2.8025550630195184e-11, 2.6508659850543737e-11, 2.444703640913648e-11, 2.2699153320870913e-11, 2.1659986304545242e-11, 1.9479784105214115e-11, 1.6513354919589496e-11, 1.5002117603746257e-11, 1.4726142180676582e-11], "lowlevel.melbands128.stdev": [0.0008608069038018584, 0.013380292803049088, 0.02474391460418701, 0.019780270755290985, 0.014164646156132221, 0.00786017719656229, 0.006079431157559156, 0.00427071750164032, 0.004632294178009033, 0.00345350313000381, 0.0019535189494490623, 0.0007944419630803168, 0.00043486105278134346, 0.0005184186156839132, 0.0006441259756684303, 0.0003592000575736165, 0.00027509109349921346, 0.00044342363253235817, 0.0005328113329596817, 0.0002458500675857067, 0.0004318576247896999, 0.0006040268344804645, 0.0009396480163559318, 0.0005191579693928361, 0.0007839526515454054, 0.0007238956168293953, 0.0001204618311021477, 0.00023836026957724243, 9.793994831852615e-05, 0.0004266828182153404, 0.00020636682165786624, 0.00010850658145500347, 0.00011488707968965173, 0.00016930959827732295, 6.67362692183815e-05, 7.572779577458277e-05, 0.00010897504398599267, 5.8594341680873185e-05, 6.219837814569473e-05, 8.034815255086869e-05, 6.357701204251498e-05, 3.005673352163285e-05, 0.00013838337326887995, 7.359342998825014e-05, 3.368942270753905e-05, 3.11312687699683e-05, 3.504800406517461e-05, 3.911038947990164e-05, 2.2686617739964277e-05, 4.672845534514636e-05, 4.3549996917136014e-05, 2.8648850275203586e-05, 4.3529165850486606e-05, 1.4371965335158166e-05, 2.063234569504857e-05, 2.614286495372653e-05, 1.1667492799460888e-05, 1.579053969180677e-05, 2.148854582628701e-05, 1.8004699086304754e-05, 1.386513849865878e-05, 1.5478859495487995e-05, 1.4178333913150709e-05, 1.0107037269335706e-05, 1.034625165630132e-05, 9.474541002418846e-06, 8.887516742106527e-06, 1.0735569048847537e-05, 1.9091541616944596e-05, 2.8473546990426257e-05, 1.7517299056635238e-05, 9.058428076968994e-06, 1.0192712579737417e-05, 7.247347184602404e-06, 6.9309489845181815e-06, 5.980461537546944e-06, 7.976574124768376e-06, 6.862374448246555e-06, 5.011005214328179e-06, 4.2716578718682285e-06, 3.969667432102142e-06, 3.238509862057981e-06, 3.1563183711114107e-06, 3.5951945847045863e-06, 3.2572679629083723e-06, 3.159679636155488e-06, 4.087864908797201e-06, 6.093558113207109e-06, 3.490712742859614e-06, 3.5814084640151123e-06, 5.438370862975717e-06, 3.508588861222961e-06, 3.654356078186538e-06, 3.350025735926465e-06, 3.1119975574256387e-06, 3.260617631895002e-06, 3.3596502362343017e-06, 3.2325644951924914e-06, 2.02194541998324e-06, 1.9350329694134416e-06, 1.8372022623225348e-06, 1.6011496200007969e-06, 1.2373931213005562e-06, 1.0689351483961218e-06, 1.036564754031133e-06, 8.91273657543934e-07, 8.499688988194976e-07, 6.592863996957021e-07, 5.485553629114293e-07, 4.81286861031549e-07, 5.334401294021518e-07, 3.934770802516141e-07, 3.816502669451438e-07, 3.3754236028471496e-07, 2.508072043383436e-07, 2.5756642685337283e-07, 8.968454068281062e-08, 6.252131612427547e-08, 6.076365188789623e-09, 1.1572547781169007e-10, 1.090250251190028e-10, 9.943760398423152e-11, 9.344418988588288e-11, 8.509776910914368e-11, 6.121504692035984e-11, 2.9039303947597794e-11, 2.0096847797024253e-11, 1.9902052228459866e-11], "lowlevel.mfcc.mean": [-681.2172241210938, 167.17555236816406, 52.5795783996582, 24.231735229492188, 19.227998733520508, 10.832266807556152, 4.9528961181640625, 17.59669303894043, 8.97542953491211, 5.548974990844727, 6.6183295249938965, 5.497936725616455, 1.7927513122558594], "lowlevel.spectral_contrast_coeffs.mean": [-0.7006360292434692, -0.7100813388824463, -0.7474868297576904, -0.7912150025367737, -0.8024353384971619, -0.7957051992416382], "lowlevel.spectral_contrast_coeffs.stdev": [0.07402180880308151, 0.060294002294540405, 0.06299927830696106, 0.056276123970746994, 0.0458081029355526, 0.04256894066929817], "lowlevel.spectral_contrast_valleys.mean": [-5.81108283996582, -6.748079299926758, -7.84384822845459, -8.459351539611816, -8.678119659423828, -10.646451950073242], "lowlevel.spectral_contrast_valleys.stdev": [0.7166632413864136, 0.745320200920105, 0.8547653555870056, 0.9181427955627441, 1.1143887042999268, 1.1229761838912964], "rhythm.beats_loudness_band_ratio.mean": [0.8958014845848083, 0.056297700852155685, 0.02627173811197281, 0.01544366404414177, 0.009610569104552269, 0.011206434108316898], "rhythm.beats_loudness_band_ratio.stdev": [0.09479515254497528, 0.058570992201566696, 0.02736005187034607, 0.03298652544617653, 0.013014039024710655, 0.018123140558600426], "tonal.hpcp.mean": [0.05962797626852989, 0.0781923308968544, 0.1388479322195053, 0.1756800413131714, 0.08886217325925827, 0.025272052735090256, 0.0468023307621479, 0.05290956050157547, 0.11471882462501526, 0.24596518278121948, 0.17412419617176056, 0.03771006315946579, 0.01674725115299225, 0.016234394162893295, 0.03964032605290413, 0.2291094809770584, 0.2576301097869873, 0.07532304525375366, 0.02373996004462242, 0.0059110200963914394, 0.010547335259616375, 0.032722510397434235, 0.032673973590135574, 0.061888501048088074, 0.13083213567733765, 0.08851563930511475, 0.015862688422203064, 0.009601039811968803, 0.016396760940551758, 0.0363876149058342, 0.04538159444928169, 0.026066681370139122, 0.015794025734066963, 0.016895780339837074, 0.016123563051223755, 0.029968205839395523], "tonal.hpcp.stdev": [0.16931822896003723, 0.20776909589767456, 0.28533032536506653, 0.3502606451511383, 0.21412990987300873, 0.11746028065681458, 0.19227291643619537, 0.20621903240680695, 0.203036367893219, 0.40890446305274963, 0.2807941138744354, 0.16657792031764984, 0.09960435330867767, 0.09404411166906357, 0.15274839103221893, 0.3649113178253174, 0.4104172885417938, 0.1803831309080124, 0.13476261496543884, 0.04014665260910988, 0.06613035500049591, 0.12077396363019943, 0.11988191306591034, 0.14779213070869446, 0.29019895195961, 0.18821145594120026, 0.09257210046052933, 0.06437110155820847, 0.10618793964385986, 0.13567428290843964, 0.11848185956478119, 0.05898589640855789, 0.08846253901720047, 0.0934099555015564, 0.09835810214281082, 0.12057817727327347], "rhythm.beats_position": [0.4876190423965454, 0.952018141746521, 1.381587266921997, 1.8111563920974731, 2.252335548400879, 2.693514585494995, 3.1230838298797607, 3.5526530742645264, 3.982222080230713, 4.4117913246154785, 4.852970600128174, 5.294149398803711, 5.723718643188477, 6.153287887573242, 6.582857131958008, 7.012426376342773, 7.4536051750183105, 7.894784450531006, 8.324353218078613, 8.753922462463379, 9.195101737976074, 9.61306095123291, 10.054240226745605, 10.483809471130371, 10.913378715515137, 11.354557991027832, 11.784127235412598, 12.213695526123047, 12.654874801635742, 13.084444046020508], "rhythm.bpm_histogram": [0.0, 0.0, 0.0, 0.0, 0.0, 0.0, 0.0, 0.0, 0.0, 0.0, 0.0, 0.0, 0.0, 0.0, 0.0, 0.0, 0.0, 0.0, 0.0, 0.0, 0.0, 0.0, 0.0, 0.0, 0.0, 0.0, 0.0, 0.0, 0.0, 0.0, 0.0, 0.0, 0.0, 0.0, 0.0, 0.0, 0.0, 0.0, 0.0, 0.0, 0.0, 0.0, 0.0, 0.0, 0.0, 0.0, 0.0, 0.0, 0.0, 0.0, 0.0, 0.0, 0.0, 0.0, 0.0, 0.0, 0.0, 0.0, 0.0, 0.0, 0.0, 0.0, 0.0, 0.0, 0.0, 0.0, 0.0, 0.0, 0.0, 0.0, 0.0, 0.0, 0.0, 0.0, 0.0, 0.0, 0.0, 0.0, 0.0, 0.0, 0.0, 0.0, 0.0, 0.0, 0.0, 0.0, 0.0, 0.0, 0.0, 0.0, 0.0, 0.0, 0.0, 0.0, 0.0, 0.0, 0.0, 0.0, 0.0, 0.0, 0.0, 0.0, 0.0, 0.0, 0.0, 0.0, 0.0, 0.0, 0.0, 0.0, 0.0, 0.0, 0.0, 0.0, 0.0, 0.0, 0.0, 0.0, 0.0, 0.0, 0.0, 0.0, 0.0, 0.0, 0.0, 0.0, 0.0, 0.0, 0.0, 0.03448275849223137, 0.0, 0.0, 0.0, 0.0, 0.0, 0.0, 0.3448275923728943, 0.0, 0.0, 0.0, 0.5862069129943848, 0.0, 0.0, 0.0, 0.03448275849223137, 0.0, 0.0, 0.0, 0.0, 0.0, 0.0, 0.0, 0.0, 0.0, 0.0, 0.0, 0.0, 0.0, 0.0, 0.0, 0.0, 0.0, 0.0, 0.0, 0.0, 0.0, 0.0, 0.0, 0.0, 0.0, 0.0, 0.0, 0.0, 0.0, 0.0, 0.0, 0.0, 0.0, 0.0, 0.0, 0.0, 0.0, 0.0, 0.0, 0.0, 0.0, 0.0, 0.0, 0.0, 0.0, 0.0, 0.0, 0.0, 0.0, 0.0, 0.0, 0.0, 0.0, 0.0, 0.0, 0.0, 0.0, 0.0, 0.0, 0.0, 0.0, 0.0, 0.0, 0.0, 0.0, 0.0, 0.0, 0.0, 0.0, 0.0, 0.0, 0.0, 0.0, 0.0, 0.0, 0.0, 0.0, 0.0, 0.0, 0.0, 0.0, 0.0, 0.0, 0.0, 0.0, 0.0, 0.0, 0.0, 0.0, 0.0, 0.0, 0.0, 0.0, 0.0, 0.0, 0.0, 0.0, 0.0, 0.0, 0.0, 0.0, 0.0, 0.0, 0.0, 0.0], "tonal.chords_histogram": [0.34602075815200806, 0.0, 0.0, 0.0, 0.0, 0.0, 0.0, 0.0, 0.0, 0.0, 0.0, 8.996540069580078, 0.0, 0.0, 9.688581466674805, 1.3840830326080322, 29.41176414489746, 18.339099884033203, 15.224913597106934, 0.0, 16.608997344970703, 0.0, 0.0, 0.0], "tonal.thpcp": [1.0, 0.29236894845962524, 0.09214746206998825, 0.022943824529647827, 0.04093983769416809, 0.12701353430747986, 0.12682513892650604, 0.24022231996059418, 0.5078293681144714, 0.34357646107673645, 0.06157156080007553, 0.03726676106452942, 0.06364458054304123, 0.14123976230621338, 0.17615020275115967, 0.10117870569229126, 0.06130504608154297, 0.0655815452337265, 0.06258415430784225, 0.1163226068019867, 0.2314480096101761, 0.30350619554519653, 0.5389429330825806, 0.6819080114364624, 0.3449215292930603, 0.09809432923793793, 0.18166483938694, 0.2053702473640442, 0.44528499245643616, 0.9547221660614014, 0.6758689880371094, 0.14637288451194763, 0.06500501930713654, 0.06301435083150864, 0.1538652628660202, 0.8892962336540222], "lowlevel.gfcc.cov": [[7240.03564453125, -1389.7396240234375, -881.1170043945312, 462.43701171875, -489.12213134765625, 319.0121154785156, -220.205078125, 263.1336364746094, -426.7017517089844, 270.3977355957031, -424.7006530761719, 97.1655044555664, -375.8126525878906], [-1389.7396240234375, 1583.6683349609375, 166.24273681640625, -494.4784240722656, 354.4785461425781, -159.97268676757812, 184.81117248535156, -126.4779052734375, 182.1251678466797, -195.8609161376953, 232.12464904785156, -105.56320190429688, 218.1378631591797], [-881.1170043945312, 166.24273681640625, 812.4580078125, 25.128076553344727, -38.21147918701172, 36.133602142333984, 3.251680612564087, -91.1688232421875, 88.56957244873047, -30.298311233520508, 60.77043533325195, 61.474220275878906, 50.695167541503906], [462.43701171875, -494.4784240722656, 25.128076553344727, 463.1172180175781, -76.18156433105469, -79.03601837158203, -87.04817199707031, 36.10532760620117, -20.97265625, 38.02108383178711, -47.965660095214844, 45.2209358215332, 24.208711624145508], [-489.12213134765625, 354.4785461425781, -38.21147918701172, -76.18156433105469, 258.4250793457031, -72.67628479003906, 7.087062358856201, -2.6475956439971924, 96.47557830810547, -53.43130874633789, 50.67880630493164, -29.846969604492188, 52.31119155883789], [319.0121154785156, -159.97268676757812, 36.133602142333984, -79.03601837158203, -72.67628479003906, 217.9283447265625, 36.32472229003906, -47.49075698852539, -61.43180847167969, 62.40601348876953, -5.329849720001221, -16.207027435302734, -73.82752227783203], [-220.205078125, 184.81117248535156, 3.251680612564087, -87.04817199707031, 7.087062358856201, 36.32472229003906, 219.36509704589844, 8.103866577148438, -23.556474685668945, 12.083881378173828, 79.3443603515625, -22.54719352722168, 17.088350296020508], [263.1336364746094, -126.4779052734375, -91.1688232421875, 36.10532760620117, -2.6475956439971924, -47.49075698852539, 8.103866577148438, 144.07298278808594, 35.128204345703125, -2.00026535987854, -40.376136779785156, 17.352005004882812, -9.893197059631348], [-426.7017517089844, 182.1251678466797, 88.56957244873047, -20.97265625, 96.47557830810547, -61.43180847167969, -23.556474685668945, 35.128204345703125, 179.81021118164062, -35.81370162963867, 5.062677383422852, 10.425358772277832, 74.23226165771484], [270.3977355957031, -195.8609161376953, -30.298311233520508, 38.02108383178711, -53.43130874633789, 62.40601348876953, 12.083881378173828, -2.00026535987854, -35.81370162963867, 100.29795837402344, -2.9843900203704834, -0.4740883409976959, -38.511356353759766], [-424.7006530761719, 232.12464904785156, 60.77043533325195, -47.965660095214844, 50.67880630493164, -5.329849720001221, 79.3443603515625, -40.376136779785156, 5.062677383422852, -2.9843900203704834, 127.82259368896484, -0.9617806077003479, 43.2158203125], [97.1655044555664, -105.56320190429688, 61.474220275878906, 45.2209358215332, -29.846969604492188, -16.207027435302734, -22.54719352722168, 17.352005004882812, 10.425358772277832, -0.4740883409976959, -0.9617806077003479, 95.02445220947266, 16.985410690307617], [-375.8126525878906, 218.1378631591797, 50.695167541503906, 24.208711624145508, 52.31119155883789, -73.82752227783203, 17.088350296020508, -9.893197059631348, 74.23226165771484, -38.511356353759766, 43.2158203125, 16.985410690307617, 147.945068359375]], "lowlevel.gfcc.icov": [[0.000520050642080605, -0.0013554756296798587, 0.0006104404455982149, -0.0015251883305609226, 0.0006137721939012408, -0.0017843417590484023, 0.0006945772911421955, -0.0015044629108160734, 0.0009883939055725932, -0.0012001405702903867, 0.0017000316875055432, -0.0016467650420963764, 0.0009558802703395486], [-0.0013554756296798587, 0.007900973781943321, -0.0022141083609312773, 0.0077349538914859295, -0.003295404836535454, 0.007691773120313883, -0.003243011888116598, 0.0063556768000125885, -0.003324209013953805, 0.006043539848178625, -0.007112522143870592, 0.007539396174252033, -0.005343511700630188], [0.0006104404455982149, -0.0022141083609312773, 0.0026373034343123436, -0.00273564993403852, 0.0018397263484075665, -0.0030382017139345407, 0.0007101963274180889, -0.0005740854539908469, -0.0006175794987939298, -0.0007330573280341923, 0.0015497172717005014, -0.003457052865996957, 0.0021354127675294876], [-0.0015251883305609226, 0.0077349538914859295, -0.00273564993403852, 0.010922782123088837, -0.0028256454970687628, 0.009417754597961903, -0.0021527104545384645, 0.0057060071267187595, -0.002260632114484906, 0.003756417892873287, -0.006601767614483833, 0.0072687240317463875, -0.006594064179807901], [0.0006137721939012408, -0.003295404836535454, 0.0018397263484075665, -0.0028256454970687628, 0.008256767876446247, -0.0021114633418619633, 0.0017589019844308496, -0.0018144078785553575, -0.0023339446634054184, -0.0006470643565990031, 8.11235440778546e-05, -0.001452102093026042, 0.003098020562902093], [-0.0017843417590484023, 0.007691773120313883, -0.0030382017139345407, 0.009417754597961903, -0.0021114633418619633, 0.016838999465107918, -0.004805774427950382, 0.009582865051925182, -0.0038284005131572485, 0.0019572500605136156, -0.006195221096277237, 0.008023065514862537, -0.0027093051467090845], [0.0006945772911421955, -0.003243011888116598, 0.0007101963274180889, -0.0021527104545384645, 0.0017589019844308496, -0.004805774427950382, 0.009243791922926903, -0.00653054378926754, 0.0036509339697659016, -0.0031903653871268034, -0.0019272011704742908, -0.0010931914439424872, 0.00015653901209589094], [-0.0015044629108160734, 0.0063556768000125885, -0.0005740854539908469, 0.0057060071267187595, -0.0018144078785553575, 0.009582865051925182, -0.00653054378926754, 0.01773933134973049, -0.007856500335037708, 0.005112241487950087, -0.0025715501978993416, 0.0035619083791971207, -0.0009506052010692656], [0.0009883939055725932, -0.003324209013953805, -0.0006175794987939298, -0.002260632114484906, -0.0023339446634054184, -0.0038284005131572485, 0.0036509339697659016, -0.007856500335037708, 0.013810168951749802, -0.0040940046310424805, 0.005191987846046686, -0.0032279917504638433, -0.0031796609982848167], [-0.0012001405702903867, 0.006043539848178625, -0.0007330573280341923, 0.003756417892873287, -0.0006470643565990031, 0.0019572500605136156, -0.0031903653871268034, 0.005112241487950087, -0.0040940046310424805, 0.020063010975718498, -0.008115318603813648, 0.005789393093436956, -0.0014245177153497934], [0.0017000316875055432, -0.007112522143870592, 0.0015497172717005014, -0.006601767614483833, 8.11235440778546e-05, -0.006195221096277237, -0.0019272011704742908, -0.0025715501978993416, 0.005191987846046686, -0.008115318603813648, 0.022061796858906746, -0.00929778441786766, 0.002190639264881611], [-0.0016467650420963764, 0.007539396174252033, -0.003457052865996957, 0.0072687240317463875, -0.001452102093026042, 0.008023065514862537, -0.0010931914439424872, 0.0035619083791971207, -0.0032279917504638433, 0.005789393093436956, -0.00929778441786766, 0.02089940756559372, -0.006979650817811489], [0.0009558802703395486, -0.005343511700630188, 0.0021354127675294876, -0.006594064179807901, 0.003098020562902093, -0.0027093051467090845, 0.00015653901209589094, -0.0009506052010692656, -0.0031796609982848167, -0.0014245177153497934, 0.002190639264881611, -0.006979650817811489, 0.016270404681563377]], "lowlevel.mfcc.cov": [[6317.83642578125, -1953.158447265625, -585.6503295898438, 52.22515106201172, -298.5262756347656, 16.23983383178711, 58.15353775024414, -26.961212158203125, -35.28494644165039, 78.61128234863281, 74.78385162353516, -56.9809455871582, -169.13668823242188], [-1953.158447265625, 1925.775390625, -52.78091812133789, -243.22021484375, 122.19548797607422, -35.95219421386719, 60.127376556396484, 62.459754943847656, 21.90404510498047, -37.1412467956543, 64.23746490478516, 9.619790077209473, -17.897008895874023], [-585.6503295898438, -52.78091812133789, 750.1614990234375, 26.10386848449707, 0.8060156106948853, 108.79036712646484, -38.850914001464844, 3.487955093383789, -24.772747039794922, -38.851158142089844, -59.502235412597656, 35.082916259765625, 79.02836608886719], [52.22515106201172, -243.22021484375, 26.10386848449707, 411.20745849609375, 67.10298156738281, -89.41717529296875, -66.77269744873047, 1.6742693185806274, 45.566917419433594, -17.02874755859375, -86.7271957397461, 6.078158378601074, 102.94257354736328], [-298.5262756347656, 122.19548797607422, 0.8060156106948853, 67.10298156738281, 248.00692749023438, -23.61181640625, -136.08265686035156, 8.845574378967285, 27.566572189331055, 16.7271671295166, -55.200408935546875, -8.37643814086914, 39.78270721435547], [16.23983383178711, -35.95219421386719, 108.79036712646484, -89.41717529296875, -23.61181640625, 177.0458984375, 61.353797912597656, -45.32513427734375, -48.12823486328125, -0.9107643961906433, 35.66015625, 2.8563034534454346, -39.574886322021484], [58.15353775024414, 60.127376556396484, -38.850914001464844, -66.77269744873047, -136.08265686035156, 61.353797912597656, 225.4974822998047, -19.177108764648438, -55.039283752441406, -8.222846984863281, 81.56431579589844, 16.04877471923828, -60.97087097167969], [-26.961212158203125, 62.459754943847656, 3.487955093383789, 1.6742693185806274, 8.845574378967285, -45.32513427734375, -19.177108764648438, 109.33787536621094, 20.305316925048828, 2.153566598892212, 0.070909783244133, 2.3946869373321533, 19.899349212646484], [-35.28494644165039, 21.90404510498047, -24.772747039794922, 45.566917419433594, 27.566572189331055, -48.12823486328125, -55.039283752441406, 20.305316925048828, 120.11492919921875, 27.637325286865234, -28.912187576293945, 0.2635113596916199, 38.02396774291992], [78.61128234863281, -37.1412467956543, -38.851158142089844, -17.02874755859375, 16.7271671295166, -0.9107643961906433, -8.222846984863281, 2.153566598892212, 27.637325286865234, 80.56126403808594, 18.60541534423828, -2.0060603618621826, -10.892349243164062], [74.78385162353516, 64.23746490478516, -59.502235412597656, -86.7271957397461, -55.200408935546875, 35.66015625, 81.56431579589844, 0.070909783244133, -28.912187576293945, 18.60541534423828, 124.0806655883789, 19.589561462402344, -65.46760559082031], [-56.9809455871582, 9.619790077209473, 35.082916259765625, 6.078158378601074, -8.37643814086914, 2.8563034534454346, 16.04877471923828, 2.3946869373321533, 0.2635113596916199, -2.0060603618621826, 19.589561462402344, 67.83485412597656, 20.396360397338867], [-169.13668823242188, -17.897008895874023, 79.02836608886719, 102.94257354736328, 39.78270721435547, -39.574886322021484, -60.97087097167969, 19.899349212646484, 38.02396774291992, -10.892349243164062, -65.46760559082031, 20.396360397338867, 122.27204132080078]], "lowlevel.mfcc.icov": [[0.0002835272462107241, 0.0002864849811885506, 0.00023288294323720038, 1.6384765331167728e-05, 0.0002065354201477021, -0.0001043218799168244, 9.729150769999251e-05, -0.00018475521937943995, -1.6596624845988117e-05, -1.5543799236183986e-05, -1.7360636775265448e-05, 2.200772905780468e-05, 0.00023824541131034493], [0.0002864849811885506, 0.001017871662043035, 0.0001695885875960812, 0.0006628888077102602, -0.0007288194028660655, 0.00039675316656939685, -0.0006565506337210536, -0.00032707437640056014, -0.0005034939385950565, 0.0007845026557333767, -0.0004775378038175404, 0.0002006136201089248, -9.373333887197077e-05], [0.00023288294323720038, 0.0001695885875960812, 0.002057457808405161, -0.00011646872735582292, 0.0006912554963491857, -0.0018649575067684054, 0.0007572595495730639, -0.0007349364459514618, 0.0004407167434692383, 0.00028537464095279574, 0.0008369843126274645, -0.0008863669936545193, -0.0007317216950468719], [1.6384765331167728e-05, 0.0006628888077102602, -0.00011646872735582292, 0.004088281653821468, -0.0014671724056825042, 0.0019052950665354729, -0.0012940592132508755, 0.0007878848700784147, -0.000692215166054666, 0.0010817094007506967, 0.00046336237573996186, 0.00025595497572794557, -0.002409459324553609], [0.0002065354201477021, -0.0007288194028660655, 0.0006912554963491857, -0.0014671724056825042, 0.007792152464389801, -0.0018850320484489202, 0.004961911588907242, -0.00037765142042189837, 0.00138777494430542, -0.002377569442614913, 0.0014139190316200256, -0.000730643339920789, 0.0005933596403338015], [-0.0001043218799168244, 0.00039675316656939685, -0.0018649575067684054, 0.0019052950665354729, -0.0018850320484489202, 0.009976220317184925, -0.0026193733792752028, 0.0033482329454272985, 0.0010241734562441707, -2.7364927518647164e-05, -0.001428063027560711, 0.0008208767976611853, 0.00028375216061249375], [9.729150769999251e-05, -0.0006565506337210536, 0.0007572595495730639, -0.0012940592132508755, 0.004961911588907242, -0.0026193733792752028, 0.009860306978225708, 9.367359439238498e-07, 0.002257204381749034, -0.00047325348714366555, -0.002185629913583398, -0.0015336028300225735, 0.0014344776282086968], [-0.00018475521937943995, -0.00032707437640056014, -0.0007349364459514618, 0.0007878848700784147, -0.00037765142042189837, 0.0033482329454272985, 9.367359439238498e-07, 0.011233221739530563, -0.0007875384180806577, 0.00015332858311012387, -0.0021374679636210203, 0.0008866122807376087, -0.002146676182746887], [-1.6596624845988117e-05, -0.0005034939385950565, 0.0004407167434692383, -0.000692215166054666, 0.00138777494430542, 0.0010241734562441707, 0.002257204381749034, -0.0007875384180806577, 0.012156191281974316, -0.0049587092362344265, 0.0014009637525305152, -0.00046568288234993815, -0.0020592946093529463], [-1.5543799236183986e-05, 0.0007845026557333767, 0.00028537464095279574, 0.0010817094007506967, -0.002377569442614913, -2.7364927518647164e-05, -0.00047325348714366555, 0.00015332858311012387, -0.0049587092362344265, 0.01624704711139202, -0.0038460076320916414, 0.0009746556170284748, 0.0002694968425203115], [-1.7360636775265448e-05, -0.0004775378038175404, 0.0008369843126274645, 0.00046336237573996186, 0.0014139190316200256, -0.001428063027560711, -0.002185629913583398, -0.0021374679636210203, 0.0014009637525305152, -0.0038460076320916414, 0.017051493749022484, -0.006674638483673334, 0.006775694899260998], [2.200772905780468e-05, 0.0002006136201089248, -0.0008863669936545193, 0.00025595497572794557, -0.000730643339920789, 0.0008208767976611853, -0.0015336028300225735, 0.0008866122807376087, -0.00046568288234993815, 0.0009746556170284748, -0.006674638483673334, 0.019301611930131912, -0.006550268270075321], [0.00023824541131034493, -9.373333887197077e-05, -0.0007317216950468719, -0.002409459324553609, 0.0005933596403338015, 0.00028375216061249375, 0.0014344776282086968, -0.002146676182746887, -0.0020592946093529463, 0.0002694968425203115, 0.006775694899260998, -0.006550268270075321, 0.017344212159514427]], "metadata.audio_properties.analysis.downmix": "mix", "metadata.audio_properties.codec": "mp3", "metadata.audio_properties.md5_encoded": "6b544af75ec6190db1b1051c37e114a0", "metadata.tags.file_name": "1183666168570069052.mp3", "metadata.version.essentia": "2.1-beta6-dev", "metadata.version.essentia_git_sha": "v2.1_beta5-1110-g77a6a954", "metadata.version.extractor": "music 2.0", "tonal.chords_key": "F", "tonal.chords_scale": "major", "tonal.key_edma.key": "A", "tonal.key_edma.scale": "major", "tonal.key_krumhansl.key": "A", "tonal.key_krumhansl.scale": "major", "tonal.key_temperley.key": "A", "tonal.key_temperley.scale": "major", "metadata.tags.encoding": ["Lavf58.45.100"]}, "essentia_models": [{"model_name": "genre_dortmund", "activations": {"alternative": "0.02641773", "blues": "0.00043387423", "electronic": "0.0049424097", "folkcountry": "0.0015383831", "funksoulrnb": "0.0143477395", "jazz": "0.0013341916", "pop": "0.05960182", "raphiphop": "0.78592676", "rock": "0.015529217"}}, {"model_name": "genre_rosamerica", "activations": {"classic": "0.00026704965", "dance": "0.00021314979", "hip hop": "0.13219543", "jazz": "0.0010698512", "pop": "0.15463018", "rhythm and blues": "0.502933", "rock": "0.0015622014", "speech": "0.0052746655"}}, {"model_name": "genre_tzanetakis", "activations": {"blues": "0.0047221743", "classic":