{"song_id": "1183683301488197733", "download": "https://cdn.discordapp.com/attachments/1135903449314238464/1183683301488197733/chirp.mp4?ex=658939fa&amp", "lyrics": "istedi\u011fin neyse s\u00f6yle bana\noynayal\u0131m i\u015fte hafta sonunda\nhafta sonunda R\u0131fk\u0131 oyunda\nnefes al\u0131yorsak her \u015fey yolunda\n\nher hafta videolar kendi g\u00fcn\u00fcnde\ncumartesi bekleriz saat onbirde\n\narad\u0131\u011f\u0131n oyunsa ders aras\u0131nda \nseni bekliyoruz R\u0131fk\u0131 oyunda\narad\u0131\u011f\u0131n oyunsa hafta sonunda \nseni bekliyoruz R\u0131fk\u0131 oyunda\nR\u0131fk\u0131 oyunda \nhafta sonunda \nR\u0131fk\u0131 oyunda \nher \u015fey yolunda", "style": ["rap hip hop kids"], "essentia_features": {"lowlevel.average_loudness": 0.9805885553359985, "lowlevel.barkbands_crest.mean": 10.588674545288086, "lowlevel.barkbands_crest.stdev": 4.919305324554443, "lowlevel.barkbands_flatness_db.mean": 0.13298623263835907, "lowlevel.barkbands_flatness_db.stdev": 0.048894088715314865, "lowlevel.barkbands_kurtosis.mean": 3.6206202507019043, "lowlevel.barkbands_kurtosis.stdev": 9.593879699707031, "lowlevel.barkbands_skewness.mean": 1.1347846984863281, "lowlevel.barkbands_skewness.stdev": 1.6938291788101196, "lowlevel.barkbands_spread.mean": 26.33957862854004, "lowlevel.barkbands_spread.stdev": 15.357366561889648, "lowlevel.dissonance.mean": 0.4769357442855835, "lowlevel.dissonance.stdev": 0.019149957224726677, "lowlevel.dynamic_complexity": 4.0001115798950195, "lowlevel.erbbands_crest.mean": 7.74835205078125, "lowlevel.erbbands_crest.stdev": 3.9379167556762695, "lowlevel.erbbands_flatness_db.mean": 0.16870732605457306, "lowlevel.erbbands_flatness_db.stdev": 0.0591757670044899, "lowlevel.erbbands_kurtosis.mean": 0.555188000202179, "lowlevel.erbbands_kurtosis.stdev": 2.6601243019104004, "lowlevel.erbbands_skewness.mean": -0.23663727939128876, "lowlevel.erbbands_skewness.stdev": 0.7683489322662354, "lowlevel.erbbands_spread.mean": 42.60459899902344, "lowlevel.erbbands_spread.stdev": 24.94735336303711, "lowlevel.hfc.mean": 14.750332832336426, "lowlevel.hfc.stdev": 15.758147239685059, "lowlevel.loudness_ebu128.integrated": -13.564508438110352, "lowlevel.loudness_ebu128.loudness_range": 1.3991518020629883, "lowlevel.loudness_ebu128.momentary.mean": -13.738636016845703, "lowlevel.loudness_ebu128.momentary.stdev": 1.2535252571105957, "lowlevel.loudness_ebu128.short_term.mean": -13.548151016235352, "lowlevel.loudness_ebu128.short_term.stdev": 0.5067598223686218, "lowlevel.melbands_crest.mean": 15.930859565734863, "lowlevel.melbands_crest.stdev": 7.34990119934082, "lowlevel.melbands_flatness_db.mean": 0.17058049142360687, "lowlevel.melbands_flatness_db.stdev": 0.06328612565994263, "lowlevel.melbands_kurtosis.mean": 16.876075744628906, "lowlevel.melbands_kurtosis.stdev": 35.959720611572266, "lowlevel.melbands_skewness.mean": 2.6496434211730957, "lowlevel.melbands_skewness.stdev": 2.666330337524414, "lowlevel.melbands_spread.mean": 34.78582763671875, "lowlevel.melbands_spread.stdev": 28.535369873046875, "lowlevel.pitch_salience.mean": 0.5104334950447083, "lowlevel.pitch_salience.stdev": 0.1605653315782547, "lowlevel.silence_rate_20dB.mean": 1.0, "lowlevel.silence_rate_20dB.stdev": 0.0, "lowlevel.silence_rate_30dB.mean": 0.9831981658935547, "lowlevel.silence_rate_30dB.stdev": 0.12852835655212402, "lowlevel.silence_rate_60dB.mean": 0.2717265486717224, "lowlevel.silence_rate_60dB.stdev": 0.4448460340499878, "lowlevel.spectral_centroid.mean": 1683.760009765625, "lowlevel.spectral_centroid.stdev": 760.5841674804688, "lowlevel.spectral_complexity.mean": 15.819814682006836, "lowlevel.spectral_complexity.stdev": 11.886560440063477, "lowlevel.spectral_decrease.mean": -5.379746870204372e-09, "lowlevel.spectral_decrease.stdev": 7.666297818786916e-09, "lowlevel.spectral_energy.mean": 0.02164231799542904, "lowlevel.spectral_energy.stdev": 0.0298302099108696, "lowlevel.spectral_energyband_high.mean": 0.0009613299043849111, "lowlevel.spectral_energyband_high.stdev": 0.0013653765199705958, "lowlevel.spectral_energyband_low.mean": 0.010475358925759792, "lowlevel.spectral_energyband_low.stdev": 0.02476724423468113, "lowlevel.spectral_energyband_middle_high.mean": 0.0028317340184003115, "lowlevel.spectral_energyband_middle_high.stdev": 0.003095185151323676, "lowlevel.spectral_energyband_middle_low.mean": 0.008977705612778664, "lowlevel.spectral_energyband_middle_low.stdev": 0.01544335950165987, "lowlevel.spectral_entropy.mean": 7.776848316192627, "lowlevel.spectral_entropy.stdev": 0.33436471223831177, "lowlevel.spectral_flux.mean": 0.07975258678197861, "lowlevel.spectral_flux.stdev": 0.06930495798587799, "lowlevel.spectral_kurtosis.mean": 3.6352102756500244, "lowlevel.spectral_kurtosis.stdev": 3.004305362701416, "lowlevel.spectral_rms.mean": 0.003665306605398655, "lowlevel.spectral_rms.stdev": 0.002771284431219101, "lowlevel.spectral_rolloff.mean": 2259.593994140625, "lowlevel.spectral_rolloff.stdev": 2086.018310546875, "lowlevel.spectral_skewness.mean": 1.2422914505004883, "lowlevel.spectral_skewness.stdev": 0.4166886806488037, "lowlevel.spectral_spread.mean": 4444592.0, "lowlevel.spectral_spread.stdev": 1790533.75, "lowlevel.spectral_strongpeak.mean": 0.7291042804718018, "lowlevel.spectral_strongpeak.stdev": 0.7679298520088196, "lowlevel.zerocrossingrate.mean": 0.0790729895234108, "lowlevel.zerocrossingrate.stdev": 0.05451681837439537, "metadata.audio_properties.analysis.equal_loudness": 0.0, "metadata.audio_properties.analysis.length": 40.04265213012695, "metadata.audio_properties.analysis.sample_rate": 44100.0, "metadata.audio_properties.analysis.start_time": 0.0, "metadata.audio_properties.bit_rate": 125811.0, "metadata.audio_properties.length": 40.042667388916016, "metadata.audio_properties.lossless": 0.0, "metadata.audio_properties.number_channels": 1.0, "metadata.audio_properties.replay_gain": -14.738031387329102, "metadata.audio_properties.sample_rate": 48000.0, "rhythm.beats_count": 66.0, "rhythm.beats_loudness.mean": 0.056318290531635284, "rhythm.beats_loudness.stdev": 0.030034499242901802, "rhythm.bpm": 99.98363494873047, "rhythm.bpm_histogram_first_peak_bpm": 99.0, "rhythm.bpm_histogram_first_peak_weight": 0.307692289352417, "rhythm.bpm_histogram_second_peak_bpm": 0.0, "rhythm.bpm_histogram_second_peak_spread": 0.0, "rhythm.bpm_histogram_second_peak_weight": 0.0, "rhythm.danceability": 2.660346031188965, "rhythm.onset_rate": 4.044497489929199, "tonal.chords_changes_rate": 0.054398149251937866, "tonal.chords_number_rate": 0.0034722222480922937, "tonal.chords_strength.mean": 0.4947400391101837, "tonal.chords_strength.stdev": 0.10750346630811691, "tonal.hpcp_crest.mean": 13.412712097167969, "tonal.hpcp_crest.stdev": 6.455867767333984, "tonal.hpcp_entropy.mean": 2.127668857574463, "tonal.hpcp_entropy.stdev": 0.7830724120140076, "tonal.key_edma.strength": 0.7361419796943665, "tonal.key_krumhansl.strength": 0.7463501691818237, "tonal.key_temperley.strength": 0.754974365234375, "tonal.tuning_diatonic_strength": 0.6357069611549377, "tonal.tuning_equal_tempered_deviation": 0.27623358368873596, "tonal.tuning_frequency": 431.6923522949219, "tonal.tuning_nontempered_energy_ratio": 0.9437471032142639, "lowlevel.barkbands.mean": [2.810256410157308e-05, 0.0035071722231805325, 0.0053776903077960014, 0.00479116290807724, 0.002231469377875328, 0.0002621110761538148, 0.0007970976876094937, 0.00019113416783511639, 0.0006208480335772038, 0.0003372588544152677, 0.0003659572685137391, 0.00025690262555144727, 0.00027614276041276753, 0.0003236512129660696, 0.00022296671522781253, 0.00023259580484591424, 0.000265731563558802, 0.0002711852721404284, 0.00022451735276263207, 0.0002142598241334781, 0.00028675873181782663, 0.00016945470997598022, 0.00013404864876065403, 0.00014089018804952502, 7.92361461208202e-05, 3.255346746300347e-05, 1.4312923894976848e-06], "lowlevel.barkbands.stdev": [6.438239506678656e-05, 0.010429092682898045, 0.016233129426836967, 0.011585749685764313, 0.003663052571937442, 0.0005051401094533503, 0.002364321378991008, 0.0004257189284544438, 0.00225619412958622, 0.0009480490116402507, 0.0007669820333831012, 0.0006805998855270445, 0.0004913524026051164, 0.0006861083675175905, 0.00029030945734120905, 0.0002665970823727548, 0.00034470250830054283, 0.00045676346053369343, 0.0004092146991752088, 0.00037959186010994017, 0.0004602310073096305, 0.0002702961501199752, 0.0002024256536969915, 0.00033268320839852095, 0.0002412917383480817, 6.711731111863628e-05, 3.682514488900779e-06], "lowlevel.erbbands.mean": [0.04058482497930527, 1.0675948858261108, 6.188424587249756, 9.524373054504395, 15.028707504272461, 6.065816879272461, 2.268404722213745, 2.3736164569854736, 7.704916954040527, 10.643355369567871, 5.1323442459106445, 16.738889694213867, 9.46756649017334, 16.852609634399414, 11.359594345092773, 11.054291725158691, 12.97790241241455, 14.925246238708496, 15.144198417663574, 11.947810173034668, 12.257278442382812, 14.846487045288086, 14.357318878173828, 13.783275604248047, 10.74611759185791, 9.163008689880371, 12.700823783874512, 9.577874183654785, 6.3714799880981445, 4.841189384460449, 3.5656328201293945, 3.0998401641845703, 2.203843593597412, 1.1519590616226196, 0.408471018075943, 0.16027872264385223, 0.057201020419597626, 0.009062306024134159, 0.0002069330948870629, 3.3095529943238944e-05], "lowlevel.erbbands.stdev": [0.13336828351020813, 3.043515205383301, 17.671567916870117, 19.855009078979492, 34.322792053222656, 8.397195816040039, 4.144232273101807, 4.856585502624512, 24.56989288330078, 31.847314834594727, 9.205199241638184, 60.34906768798828, 23.254318237304688, 48.82096862792969, 25.99416160583496, 24.51406478881836, 21.749755859375, 25.095138549804688, 24.76647186279297, 12.399173736572266, 13.698060035705566, 19.673458099365234, 23.637611389160156, 23.225502014160156, 20.451671600341797, 15.621674537658691, 20.913799285888672, 15.662399291992188, 10.128318786621094, 7.644258975982666, 5.394660472869873, 5.7717156410217285, 6.696316242218018, 3.661372423171997, 1.1762583255767822, 0.3654090166091919, 0.12160258740186691, 0.019336039200425148, 0.00040574820013716817, 4.082192754140124e-05], "lowlevel.gfcc.mean": [-48.6369514465332, 70.46888732910156, -144.05494689941406, 34.04537582397461, -60.29492950439453, 12.261948585510254, -43.71393585205078, -5.40147590637207, -30.458637237548828, -9.204817771911621, -24.154943466186523, -7.126198768615723, -14.620580673217773], "lowlevel.melbands.mean": [0.0006541130715049803, 0.002533917548134923, 0.0020200933795422316, 0.000700197706464678, 0.00010358108556829393, 5.157721898285672e-05, 0.0001388532982673496, 0.00010029329860117286, 4.170150714344345e-05, 0.0001081672016880475, 4.2994670366169885e-05, 6.611105345655233e-05, 4.051612631883472e-05, 3.255041519878432e-05, 2.1134037524461746e-05, 3.1517141906078905e-05, 2.8683634809567593e-05, 2.6435754989506677e-05, 1.5979650925146416e-05, 1.843610698415432e-05, 1.326165147474967e-05, 1.5571818948956206e-05, 1.3824189409206156e-05, 1.2398078069963958e-05, 1.1078638635808602e-05, 8.16719784779707e-06, 7.107281362550566e-06, 5.767899892816786e-06, 8.145620995492209e-06, 7.272131369973067e-06, 4.908757546218112e-06, 3.811628630501218e-06, 2.82106611848576e-06, 2.623778755150852e-06, 1.9866508864652133e-06, 1.985868493648013e-06, 1.8761727460514521e-06, 1.6538075442440459e-06, 1.283807364416134e-06, 8.633283528070024e-07], "lowlevel.melbands.stdev": [0.0020112607162445784, 0.0068058473989367485, 0.004172988701611757, 0.0012249427381902933, 0.00016592007887084037, 0.00010480889613972977, 0.0004164390848018229, 0.000289511022856459, 8.828527643345296e-05, 0.00040115401498042047, 0.0001126854112953879, 0.0001978275104193017, 8.36087201605551e-05, 9.27853980101645e-05, 4.508445636020042e-05, 5.436490391730331e-05, 5.48990756215062e-05, 5.290762419463135e-05, 2.071451672236435e-05, 2.204124757554382e-05, 1.65372639457928e-05, 2.0794006559299305e-05, 2.252477679576259e-05, 2.091516762448009e-05, 1.907011574076023e-05, 1.6305542885675095e-05, 1.3799823136650957e-05, 1.017136855807621e-05, 1.4118353647063486e-05, 1.2186249477963429e-05, 8.23984737507999e-06, 6.318092346191406e-06, 4.613861619873205e-06, 4.248389814165421e-06, 3.0782041449128883e-06, 3.3468038509454345e-06, 3.7905690533079905e-06, 4.918417289445642e-06, 4.412330326886149e-06, 2.7460507681098534e-06], "lowlevel.melbands128.mean": [1.6410102034569718e-05, 0.00015793464262969792, 0.000674212584272027, 0.002037037629634142, 0.0034307141322642565, 0.002220355672761798, 0.001567984465509653, 0.0028704714495688677, 0.0014356342144310474, 0.0004365411296021193, 0.00032634229864925146, 0.00011012750474037603, 6.55833282507956e-05, 5.2252198656788096e-05, 5.2021958254044876e-05, 4.758634167956188e-05, 6.175978342071176e-05, 0.00015860804705880582, 0.00024866743478924036, 0.00010872920393012464, 3.545558502082713e-05, 3.271320747444406e-05, 3.9022270357236266e-05, 4.496425754041411e-05, 0.00013219578249845654, 0.00014081053086556494, 4.0190974686993286e-05, 3.804264997597784e-05, 3.0672897992189974e-05, 5.594639151240699e-05, 9.626274550100788e-05, 5.539401900023222e-05, 3.06500332953874e-05, 3.706711868289858e-05, 2.537808904889971e-05, 4.0688159060664475e-05, 2.7397391022532247e-05, 1.7975766240851954e-05, 1.3309894711710513e-05, 3.817037941189483e-05, 3.9291051507461816e-05, 1.6032719940994866e-05, 2.259001303173136e-05, 3.7705922295572236e-05, 4.023279689135961e-05, 1.8710670701693743e-05, 2.0303839846746996e-05, 1.8418688341625966e-05, 1.266610070160823e-05, 1.188528403872624e-05, 2.6804864319274202e-05, 1.583829907758627e-05, 9.265897460863926e-06, 1.5463014278793707e-05, 1.4170647773426026e-05, 1.572562541696243e-05, 1.667153810558375e-05, 1.3520292668545153e-05, 1.3368960935622454e-05, 1.3446813682094216e-05, 1.1062462363042869e-05, 1.2434866221155971e-05, 1.390749639540445e-05, 9.916646376950666e-06, 8.363181223103311e-06, 8.845338015817106e-06, 6.9257662289601285e-06, 7.878953510953579e-06, 7.778529834467918e-06, 5.351280378818046e-06, 4.237738266965607e-06, 6.873134680063231e-06, 8.227665603044443e-06, 8.291410267702304e-06, 8.031366633076686e-06, 7.742271918687038e-06, 7.190187261585379e-06, 5.5328005146293435e-06, 4.626278951036511e-06, 3.957186891057063e-06, 4.457147042558063e-06, 3.54502344634966e-06, 2.7611968107521534e-06, 2.8691986244666623e-06, 2.6996549422619864e-06, 2.793443172777188e-06, 2.6815721412276616e-06, 2.1037003534729593e-06, 1.8342657313041855e-06, 1.956342885023332e-06, 2.1429043499665568e-06, 1.8591312027638196e-06, 1.9888859696948202e-06, 1.7616433751754812e-06, 1.971014398804982e-06, 1.894142428682244e-06, 1.5605537555529736e-06, 1.2683457271123189e-06, 1.424598963239987e-06, 1.265056994270708e-06, 9.314826456829906e-07, 8.613212116870272e-07, 6.754401056241477e-07, 4.980315111424716e-07, 3.9928954720380716e-07, 3.876277503422898e-07, 3.682724809550564e-07, 3.3554235301380686e-07, 2.764588487025321e-07, 2.031318899753387e-07, 1.8934080969756906e-07, 1.9134296280753915e-07, 1.9015143948308832e-07, 1.8094239351285069e-07, 1.3434890888675e-07, 9.852025328882519e-08, 5.817091874860125e-08, 5.646521916702341e-09, 2.380111906175042e-11, 1.8681143437726533e-11, 1.7519935155418942e-11, 6.963962392858569e-12, 5.05668120223679e-12, 4.705652100617241e-12, 3.947418780736456e-12, 2.916126975310851e-12, 2.4010036580451866e-12, 2.3191598381294698e-12], "lowlevel.melbands128.stdev": [5.2010876970598474e-05, 0.0006293710321187973, 0.0024016406387090683, 0.005967314355075359, 0.009955035522580147, 0.0068614305928349495, 0.0035862361546605825, 0.007216930855065584, 0.00342937302775681, 0.0007038490730337799, 0.0005249690148048103, 0.00022320891730487347, 0.00015241853543557227, 0.00011273232667008415, 0.00013455598673317581, 0.00010613409540383145, 0.00027301476802676916, 0.0005999116110615432, 0.000786107499152422, 0.0004124007828067988, 0.0001224182196892798, 6.827191828051582e-05, 8.865037671057507e-05, 0.0001628585741855204, 0.000538279244210571, 0.0006500164745375514, 0.00019971138681285083, 7.942426600493491e-05, 9.954586857929826e-05, 0.00021430299966596067, 0.00033750804141163826, 0.00013108321581967175, 7.811476098140702e-05, 0.00014017641660757363, 0.00014054751954972744, 0.000124139609397389, 6.674723408650607e-05, 5.696593507309444e-05, 5.68358700547833e-05, 7.6342883403413e-05, 7.548944995505735e-05, 4.440627890289761e-05, 6.6357220930513e-05, 7.33159831725061e-05, 0.00014999682025518268, 3.223238672944717e-05, 4.2435844079591334e-05, 3.132600977551192e-05, 1.9815046471194364e-05, 1.647988574404735e-05, 4.050981078762561e-05, 2.447293263685424e-05, 1.906116995087359e-05, 2.271184894198086e-05, 2.1677020413335413e-05, 2.850893906725105e-05, 2.412880894553382e-05, 2.6654497560230084e-05, 2.7624122594716027e-05, 2.6403271476738155e-05, 2.2331638319883496e-05, 2.363369094382506e-05, 2.7934451281907968e-05, 1.9333401723997667e-05, 1.7684415070107207e-05, 2.0766094166901894e-05, 1.5434367014677264e-05, 1.7155716705019586e-05, 1.6953219528659247e-05, 1.0170899258810095e-05, 8.446562787867151e-06, 1.3902755199524108e-05, 1.695245191513095e-05, 1.586035796208307e-05, 1.4744653526577167e-05, 1.4072249541641213e-05, 1.3904842489864677e-05, 1.0575930900813546e-05, 8.312315003422555e-06, 7.402089977404103e-06, 8.22022593638394e-06, 6.179425781738246e-06, 4.941686711390503e-06, 5.079825314169284e-06, 4.764663117384771e-06, 5.037124083173694e-06, 4.714071110356599e-06, 3.5043979096371913e-06, 3.124780960206408e-06, 3.438920202825102e-06, 3.73408602172276e-06, 3.669425041152863e-06, 4.012449153378839e-06, 3.7071361020935e-06, 4.5820861487300135e-06, 5.060911917098565e-06, 5.525224878510926e-06, 5.584498921962222e-06, 4.924896984448424e-06, 4.366004304756643e-06, 3.0258688639150932e-06, 2.770829041764955e-06, 2.5622096018196316e-06, 1.7723017435855581e-06, 1.3650866321768262e-06, 1.1081325510531315e-06, 9.86922714218963e-07, 7.563694452983327e-07, 7.306371117010713e-07, 5.075253284303471e-07, 4.6109693130347296e-07, 4.078688107256312e-07, 4.569196221382299e-07, 4.624903624517174e-07, 3.4259224435118085e-07, 2.2925122777905926e-07, 1.4595701713915332e-07, 1.8156331549334936e-08, 3.779522250724199e-10, 3.290722139226432e-10, 3.23079563102624e-10, 7.518943107021059e-11, 4.8842777045088326e-11, 4.4275715038732955e-11, 3.124651926089683e-11, 1.2415474030802454e-11, 4.931956319037534e-12, 4.673422673157068e-12], "lowlevel.mfcc.mean": [-679.43310546875, 96.6031723022461, -21.46181869506836, 18.207164764404297, 1.2923543453216553, 10.072558403015137, -4.845438480377197, 0.28168410062789917, -5.215420722961426, -5.183474540710449, -10.144062995910645, -4.753716945648193, -11.693171501159668], "lowlevel.spectral_contrast_coeffs.mean": [-0.6187910437583923, -0.7822973132133484, -0.7881616950035095, -0.8014808297157288, -0.8061659932136536, -0.728987991809845], "lowlevel.spectral_contrast_coeffs.stdev": [0.09611083567142487, 0.07406795769929886, 0.056268367916345596, 0.04075384885072708, 0.02781251259148121, 0.05476704239845276], "lowlevel.spectral_contrast_valleys.mean": [-8.055618286132812, -7.486481666564941, -7.665345191955566, -7.623447418212891, -7.608748435974121, -10.774256706237793], "lowlevel.spectral_contrast_valleys.stdev": [1.37826669216156, 0.8162617683410645, 0.7634111046791077, 0.6375911831855774, 0.8695037364959717, 1.5451098680496216], "rhythm.beats_loudness_band_ratio.mean": [0.6682475805282593, 0.07119181752204895, 0.07461237907409668, 0.11057058721780777, 0.058998703956604004, 0.05444267764687538], "rhythm.beats_loudness_band_ratio.stdev": [0.29134178161621094, 0.07745731621980667, 0.12735386192798615, 0.1759263426065445, 0.04657142609357834, 0.037866171449422836], "tonal.hpcp.mean": [0.09325207769870758, 0.11602941900491714, 0.10317789763212204, 0.22123099863529205, 0.3517763912677765, 0.2215169072151184, 0.0880194753408432, 0.05855068191885948, 0.033753592520952225, 0.10090827941894531, 0.13299649953842163, 0.06596096605062485, 0.030412519350647926, 0.027928121387958527, 0.030780969187617302, 0.11293281614780426, 0.16043449938297272, 0.08333882689476013, 0.07347474992275238, 0.09641183167695999, 0.06977593153715134, 0.057078976184129715, 0.05890514329075813, 0.15345001220703125, 0.33951377868652344, 0.31151193380355835, 0.13594020903110504, 0.08416637033224106, 0.07077526301145554, 0.06121373921632767, 0.18432578444480896, 0.24919916689395905, 0.14225128293037415, 0.12401667982339859, 0.14896658062934875, 0.10308735817670822], "tonal.hpcp.stdev": [0.18324290215969086, 0.20851688086986542, 0.19587098062038422, 0.2749694585800171, 0.38433173298835754, 0.2773953080177307, 0.16450135409832, 0.11289679259061813, 0.0714007243514061, 0.1844731718301773, 0.2355036437511444, 0.11855331808328629, 0.06916393339633942, 0.07865835726261139, 0.07614587247371674, 0.17059068381786346, 0.25102952122688293, 0.14632751047611237, 0.15873050689697266, 0.20394770801067352, 0.13275045156478882, 0.11859329789876938, 0.14573927223682404, 0.24921385943889618, 0.3766635060310364, 0.3380759060382843, 0.22397246956825256, 0.1814257800579071, 0.16909818351268768, 0.1468212753534317, 0.2611507773399353, 0.3318476378917694, 0.1965571939945221, 0.1976977288722992, 0.26832640171051025, 0.2148100584745407], "rhythm.beats_position": [0.6269387602806091, 1.2306575775146484, 1.834376335144043, 2.4380950927734375, 3.041814088821411, 3.633922815322876, 4.22603178024292, 4.8297505378723145, 5.433469295501709, 6.0371880531311035, 6.640906810760498, 7.233015537261963, 7.825124740600586, 8.42884349822998, 9.032562255859375, 9.63628101348877, 10.239999771118164, 10.843718528747559, 11.435827255249023, 12.027935981750488, 12.631654739379883, 13.235373497009277, 13.839092254638672, 14.442811965942383, 15.046530723571777, 15.638639450073242, 16.23074722290039, 16.8344669342041, 17.43818473815918, 18.03029441833496, 18.622404098510742, 19.22612190246582, 19.82984161376953, 20.43355941772461, 21.03727912902832, 21.6409969329834, 22.23310661315918, 22.836824417114258, 23.42893409729004, 24.032651901245117, 24.636371612548828, 25.240089416503906, 25.843809127807617, 26.4359188079834, 27.028026580810547, 27.631746292114258, 28.235464096069336, 28.839183807373047, 29.431291580200195, 30.023401260375977, 30.627119064331055, 31.230838775634766, 31.834556579589844, 32.43827438354492, 33.041996002197266, 33.645713806152344, 34.237823486328125, 34.8415412902832, 35.433650970458984, 36.03736877441406, 36.629478454589844, 37.23319625854492, 37.8253059387207, 38.42902374267578, 39.03274154663086, 39.6364631652832], "rhythm.bpm_histogram": [0.0, 0.0, 0.0, 0.0, 0.0, 0.0, 0.0, 0.0, 0.0, 0.0, 0.0, 0.0, 0.0, 0.0, 0.0, 0.0, 0.0, 0.0, 0.0, 0.0, 0.0, 0.0, 0.0, 0.0, 0.0, 0.0, 0.0, 0.0, 0.0, 0.0, 0.0, 0.0, 0.0, 0.0, 0.0, 0.0, 0.0, 0.0, 0.0, 0.0, 0.0, 0.0, 0.0, 0.0, 0.0, 0.0, 0.0, 0.0, 0.0, 0.0, 0.0, 0.0, 0.0, 0.0, 0.0, 0.0, 0.0, 0.0, 0.0, 0.0, 0.0, 0.0, 0.0, 0.0, 0.0, 0.0, 0.0, 0.0, 0.0, 0.0, 0.0, 0.0, 0.0, 0.0, 0.0, 0.0, 0.0, 0.0, 0.0, 0.0, 0.0, 0.0, 0.0, 0.0, 0.0, 0.0, 0.0, 0.0, 0.0, 0.0, 0.0, 0.0, 0.0, 0.0, 0.0, 0.0, 0.0, 0.0, 0.0, 0.692307710647583, 0.0, 0.3076923191547394, 0.0, 0.0, 0.0, 0.0, 0.0, 0.0, 0.0, 0.0, 0.0, 0.0, 0.0, 0.0, 0.0, 0.0, 0.0, 0.0, 0.0, 0.0, 0.0, 0.0, 0.0, 0.0, 0.0, 0.0, 0.0, 0.0, 0.0, 0.0, 0.0, 0.0, 0.0, 0.0, 0.0, 0.0, 0.0, 0.0, 0.0, 0.0, 0.0, 0.0, 0.0, 0.0, 0.0, 0.0, 0.0, 0.0, 0.0, 0.0, 0.0, 0.0, 0.0, 0.0, 0.0, 0.0, 0.0, 0.0, 0.0, 0.0, 0.0, 0.0, 0.0, 0.0, 0.0, 0.0, 0.0, 0.0, 0.0, 0.0, 0.0, 0.0, 0.0, 0.0, 0.0, 0.0, 0.0, 0.0, 0.0, 0.0, 0.0, 0.0, 0.0, 0.0, 0.0, 0.0, 0.0, 0.0, 0.0, 0.0, 0.0, 0.0, 0.0, 0.0, 0.0, 0.0, 0.0, 0.0, 0.0, 0.0, 0.0, 0.0, 0.0, 0.0, 0.0, 0.0, 0.0, 0.0, 0.0, 0.0, 0.0, 0.0, 0.0, 0.0, 0.0, 0.0, 0.0, 0.0, 0.0, 0.0, 0.0, 0.0, 0.0, 0.0, 0.0, 0.0, 0.0, 0.0, 0.0, 0.0, 0.0, 0.0, 0.0, 0.0, 0.0, 0.0, 0.0, 0.0, 0.0, 0.0, 0.0, 0.0, 0.0, 0.0, 0.0, 0.0, 0.0, 0.0, 0.0, 0.0], "tonal.chords_histogram": [56.48147964477539, 0.0, 0.0, 0.0, 0.0, 0.0, 0.0, 0.0, 0.0, 0.0, 0.0, 0.0, 0.0, 0.0, 0.0, 0.0, 0.0, 0.0, 0.0, 23.61111068725586, 0.0, 0.0, 0.8101851940155029, 19.09722137451172], "tonal.thpcp": [1.0, 0.6297094225883484, 0.25021427869796753, 0.1664429008960724, 0.09595184028148651, 0.28685346245765686, 0.378071129322052, 0.187508225440979, 0.0864541232585907, 0.07939168810844421, 0.08750151842832565, 0.32103580236434937, 0.45606955885887146, 0.23690852522850037, 0.20886777341365814, 0.2740713655948639, 0.19835308194160461, 0.16225925087928772, 0.16745053231716156, 0.4362146556377411, 0.9651408791542053, 0.8855396509170532, 0.3864392638206482, 0.23926100134849548, 0.2011938989162445, 0.17401321232318878, 0.5239856839179993, 0.7084022164344788, 0.40437984466552734, 0.35254406929016113, 0.42346951365470886, 0.2930479645729065, 0.2650890648365021, 0.3298385739326477, 0.29330533742904663, 0.6288966536521912], "lowlevel.gfcc.cov": [[8793.4375, -1581.9788818359375, 2978.05517578125, 1035.6356201171875, 102.89488983154297, 898.7915649414062, 143.87164306640625, 1003.7962036132812, -209.04653930664062, 372.927001953125, -472.08282470703125, 215.23789978027344, -507.44415283203125], [-1581.9788818359375, 2141.811767578125, -1067.1712646484375, -289.5926818847656, 267.6741027832031, -286.8570251464844, 204.7720947265625, -259.80560302734375, 323.82275390625, -162.0671844482422, 259.54901123046875, -122.91317749023438, 366.33319091796875], [2978.05517578125, -1067.1712646484375, 1947.7244873046875, 607.7904052734375, 148.48927307128906, 656.0155029296875, 16.25934410095215, 635.8035278320312, -41.01356887817383, 319.3254699707031, -182.6542205810547, 148.9073944091797, -262.8218688964844], [1035.6356201171875, -289.5926818847656, 607.7904052734375, 528.0173950195312, 158.63992309570312, 178.3048553466797, 70.62887573242188, 135.1155548095703, -4.619315147399902, 49.250526428222656, -54.39910888671875, 24.928014755249023, -109.94054412841797], [102.89488983154297, 267.6741027832031, 148.48927307128906, 158.63992309570312, 350.684814453125, 182.38368225097656, 106.9063949584961, 47.30635070800781, 65.40455627441406, 5.374825477600098, 4.284219264984131, 22.923328399658203, 20.6994686126709], [898.7915649414062, -286.8570251464844, 656.0155029296875, 178.3048553466797, 182.38368225097656, 504.4956970214844, 87.71339416503906, 297.40399169921875, 52.534847259521484, 124.855224609375, -26.741193771362305, 46.695701599121094, -39.85702133178711], [143.87164306640625, 204.7720947265625, 16.25934410095215, 70.62887573242188, 106.9063949584961, 87.71339416503906, 183.1704864501953, 60.996803283691406, 66.9796142578125, 5.512249946594238, 14.614319801330566, -7.671845436096191, 16.62541961669922], [1003.7962036132812, -259.80560302734375, 635.8035278320312, 135.1155548095703, 47.30635070800781, 297.40399169921875, 60.996803283691406, 365.5931396484375, 58.61515808105469, 154.26634216308594, -32.84355163574219, 59.00273513793945, -39.75570297241211], [-209.04653930664062, 323.82275390625, -41.01356887817383, -4.619315147399902, 65.40455627441406, 52.534847259521484, 66.9796142578125, 58.61515808105469, 173.66836547851562, 52.20164108276367, 79.87567901611328, -7.998032569885254, 83.66844177246094], [372.927001953125, -162.0671844482422, 319.3254699707031, 49.250526428222656, 5.374825477600098, 124.855224609375, 5.512249946594238, 154.26634216308594, 52.20164108276367, 153.13233947753906, 14.817890167236328, 47.564208984375, -19.862674713134766], [-472.08282470703125, 259.54901123046875, -182.6542205810547, -54.39910888671875, 4.284219264984131, -26.741193771362305, 14.614319801330566, -32.84355163574219, 79.87567901611328, 14.817890167236328, 125.9243392944336, 3.0871193408966064, 79.8876724243164], [215.23789978027344, -122.91317749023438, 148.9073944091797, 24.928014755249023, 22.923328399658203, 46.695701599121094, -7.671845436096191, 59.00273513793945, -7.998032569885254, 47.564208984375, 3.0871193408966064, 87.15252685546875, -7.08596658706665], [-507.44415283203125, 366.33319091796875, -262.8218688964844, -109.94054412841797, 20.6994686126709, -39.85702133178711, 16.62541961669922, -39.75570297241211, 83.66844177246094, -19.862674713134766, 79.8876724243164, -7.08596658706665, 148.67514038085938]], "lowlevel.gfcc.icov": [[0.00030287253321148455, -0.00020374858286231756, -0.00033275532769039273, -0.00021916731202509254, 0.00040714870556257665, -0.00011601198639255017, -0.0002026450092671439, -0.00017138555995188653, 0.0002684972423594445, 5.202152897254564e-05, 0.0006454389076679945, -0.00036395975621417165, 0.00016620659152977169], [-0.00020374858286231756, 0.002070334041491151, -0.00017705989012029022, 0.0010860648471862078, -0.0022259640973061323, 0.001831148169003427, -0.0010578060755506158, -9.86723680398427e-05, -0.001788904657587409, 0.0013525683898478746, -0.0020391717553138733, 0.0019973500166088343, -0.0020355344749987125], [-0.00033275532769039273, -0.00017705989012029022, 0.004016791936010122, -0.002261258428916335, 3.422853478696197e-05, -0.0018044047756120563, 0.0022547757253050804, -0.002791371662169695, 0.0007397906738333404, -0.0026958270464092493, 0.0014109909534454346, -0.0009738875087350607, 0.0016610275488346815], [-0.00021916731202509254, 0.0010860648471862078, -0.002261258428916335, 0.005073931068181992, -0.002573692472651601, 0.00200082641094923, -0.001881980337202549, 0.0012376188533380628, -0.0016941636567935348, 0.0024186244700104, -0.0027213003486394882, 0.0017554470105096698, 0.0005890950560569763], [0.00040714870556257665, -0.0022259640973061323, 3.422853478696197e-05, -0.002573692472651601, 0.007998018525540829, -0.00438733072951436, -0.0007273750379681587, 0.0021990882232785225, -4.3319654650986195e-05, -0.00027394085191190243, 0.004045453388243914, -0.0046892957761883736, 0.001001945580355823], [-0.00011601198639255017, 0.001831148169003427, -0.0018044047756120563, 0.00200082641094923, -0.00438733072951436, 0.007455100305378437, -0.0018680223729461432, -0.002727686893194914, -0.0007290808134712279, 0.001511314301751554, -0.003238239325582981, 0.003280213801190257, -0.0020206288900226355], [-0.0002026450092671439, -0.0010578060755506158, 0.0022547757253050804, -0.001881980337202549, -0.0007273750379681587, -0.0018680223729461432, 0.009845872409641743, -0.0028899284079670906, -0.0015812314813956618, 0.0003117738524451852, 0.0008948126924224198, -0.0004203263088129461, 0.002666386542841792], [-0.00017138555995188653, -9.86723680398427e-05, -0.002791371662169695, 0.0012376188533380628, 0.0021990882232785225, -0.002727686893194914, -0.0028899284079670906, 0.011939654126763344, -0.0027880368288606405, -0.0030910628847777843, 0.00230814958922565, -0.001571797882206738, -0.0020418274216353893], [0.0002684972423594445, -0.001788904657587409, 0.0007397906738333404, -0.0016941636567935348, -4.3319654650986195e-05, -0.0007290808134712279, -0.0015812314813956618, -0.0027880368288606405, 0.017078591510653496, -0.007212330587208271, -0.003124264068901539, 0.0034649332519620657, -0.0041096871718764305], [5.202152897254564e-05, 0.0013525683898478746, -0.0026958270464092493, 0.0024186244700104, -0.00027394085191190243, 0.001511314301751554, 0.0003117738524451852, -0.0030910628847777843, -0.007212330587208271, 0.01897398941218853, -0.005252770148217678, -0.0035359738394618034, 0.002697293646633625], [0.0006454389076679945, -0.0020391717553138733, 0.0014109909534454346, -0.0027213003486394882, 0.004045453388243914, -0.003238239325582981, 0.0008948126924224198, 0.00230814958922565, -0.003124264068901539, -0.005252770148217678, 0.019747331738471985, -0.005279491189867258, -0.0030108042992651463], [-0.00036395975621417165, 0.0019973500166088343, -0.0009738875087350607, 0.0017554470105096698, -0.0046892957761883736, 0.003280213801190257, -0.0004203263088129461, -0.001571797882206738, 0.0034649332519620657, -0.0035359738394618034, -0.005279491189867258, 0.018955357372760773, -0.004110300447791815], [0.00016620659152977169, -0.0020355344749987125, 0.0016610275488346815, 0.0005890950560569763, 0.001001945580355823, -0.0020206288900226355, 0.002666386542841792, -0.0020418274216353893, -0.0041096871718764305, 0.002697293646633625, -0.0030108042992651463, -0.004110300447791815, 0.018250470981001854]], "lowlevel.mfcc.cov": [[7053.64013671875, -1183.126708984375, 2056.430908203125, 491.408203125, 458.7929382324219, 142.0680389404297, 449.7423095703125, 443.31060791015625, 416.477294921875, 221.1439666748047, 110.29430389404297, 225.85069274902344, -17.796762466430664], [-1183.126708984375, 1751.183349609375, -917.6357421875, -93.02588653564453, -113.73534393310547, -12.069332122802734, -127.37353515625, -50.4173583984375, 26.242307662963867, 12.818618774414062, -25.401973724365234, -19.475875854492188, 23.42057228088379], [2056.430908203125, -917.6357421875, 1512.0018310546875, 158.65869140625, 425.15234375, 92.75962829589844, 275.35052490234375, 220.56683349609375, 260.21728515625, 214.2596435546875, 140.19874572753906, 211.0509490966797, 62.752994537353516], [491.408203125, -93.02588653564453, 158.65869140625, 419.8312683105469, 71.59799194335938, 79.78153228759766, 32.89729309082031, 52.28074645996094, -0.6179187297821045, -3.7142436504364014, -1.3651974201202393, 16.95120620727539, 19.4912109375], [458.7929382324219, -113.73534393310547, 425.15234375, 71.59799194335938, 361.28521728515625, 146.35731506347656, 137.7176971435547, 127.5047607421875, 131.24684143066406, 97.17242431640625, 58.892608642578125, 65.4861068725586, 59.1422004699707], [142.0680389404297, -12.069332122802734, 92.75962829589844, 79.78153228759766, 146.35731506347656, 207.45025634765625, 98.62967681884766, 94.9080810546875, 51.20722198486328, 52.32376480102539, 30.579355239868164, 16.24810028076172, 27.110939025878906], [449.7423095703125, -127.37353515625, 275.35052490234375, 32.89729309082031, 137.7176971435547, 98.62967681884766, 184.36859130859375, 120.64493560791016, 98.81290435791016, 72.36204528808594, 46.84688949584961, 49.028106689453125, 20.80961036682129], [443.31060791015625, -50.4173583984375, 220.56683349609375, 52.28074645996094, 127.5047607421875, 94.9080810546875, 120.64493560791016, 166.88638305664062, 104.7278823852539, 74.11036682128906, 39.322750091552734, 40.1208610534668, 31.516752243041992], [416.477294921875, 26.242307662963867, 260.21728515625, -0.6179187297821045, 131.24684143066406, 51.20722198486328, 98.81290435791016, 104.7278823852539, 188.6343231201172, 113.0561294555664, 57.51658248901367, 70.78546905517578, 33.2773323059082], [221.1439666748047, 12.818618774414062, 214.2596435546875, -3.7142436504364014, 97.17242431640625, 52.32376480102539, 72.36204528808594, 74.11036682128906, 113.0561294555664, 143.26254272460938, 62.26502227783203, 72.8179702758789, 19.162769317626953], [110.29430389404297, -25.401973724365234, 140.19874572753906, -1.3651974201202393, 58.892608642578125, 30.579355239868164, 46.84688949584961, 39.322750091552734, 57.51658248901367, 62.26502227783203, 81.63906860351562, 52.46818923950195, 27.050331115722656], [225.85069274902344, -19.475875854492188, 211.0509490966797, 16.95120620727539, 65.4861068725586, 16.24810028076172, 49.028106689453125, 40.1208610534668, 70.78546905517578, 72.8179702758789, 52.46818923950195, 134.87832641601562, 45.38201141357422], [-17.796762466430664, 23.42057228088379, 62.752994537353516, 19.4912109375, 59.1422004699707, 27.110939025878906, 20.80961036682129, 31.516752243041992, 33.2773323059082, 19.162769317626953, 27.050331115722656, 45.38201141357422, 92.57353973388672]], "lowlevel.mfcc.icov": [[0.00029205638566054404, -4.127263673581183e-05, -0.0004370188689790666, -0.00018847879255190492, 0.00024622358614578843, -1.258314227925439e-06, -5.600310760200955e-05, -0.00038424169179052114, -0.0003144426445942372, 0.0003833043447230011, 0.00019570397853385657, -1.5865300156292506e-05, 0.00037326381425373256], [-4.127263673581183e-05, 0.0011783589143306017, 0.0012169890105724335, -0.00010892192949540913, -0.0005851697642356157, 0.00032030983129516244, 0.0003455021360423416, -4.0116934542311355e-05, -0.0009402529103681445, -0.0006951288669370115, 0.00010493965964997187, -0.0006505250930786133, -0.00012192400026833639], [-0.0004370188689790666, 0.0012169890105724335, 0.0032888108398765326, -0.00030182398040778935, -0.0023138837423175573, 0.0016369320219382644, -0.0007224722648970783, 0.0002323337976122275, -0.0005688144010491669, -0.0015413997462019324, -0.0006738052470609546, -0.0017173697706311941, 8.676246943650767e-05], [-0.00018847879255190492, -0.00010892192949540913, -0.00030182398040778935, 0.00300200330093503, 2.6155399609706365e-05, -0.0013257504906505346, 0.0007139146910049021, -0.0006150714471004903, 0.0008731784764677286, 0.0006099847960285842, 0.0004365859495010227, -0.0003542057238519192, -0.00040975716547109187], [0.00024622358614578843, -0.0005851697642356157, -0.0023138837423175573, 2.6155399609706365e-05, 0.007067341357469559, -0.003542471444234252, -0.00047925146645866334, -0.00019032906857319176, -0.0014874135376885533, 0.0005314908921718597, 0.0005007438594475389, 0.001284287660382688, -0.001897983020171523], [-1.258314227925439e-06, 0.00032030983129516244, 0.0016369320219382644, -0.0013257504906505346, -0.003542471444234252, 0.009936223737895489, -0.003118970198556781, -0.0023732001427561045, 0.0018806132720783353, -0.0023951285984367132, -0.0008387521957047284, 0.0007705342723056674, -0.0003623193479143083], [-5.600310760200955e-05, 0.0003455021360423416, -0.0007224722648970783, 0.0007139146910049021, -0.00047925146645866334, -0.003118970198556781, 0.013526824302971363, -0.005776929669082165, -0.0017316428711637855, 0.0011425964767113328, -0.0015586410881951451, -0.0011026635766029358, 0.0017688642255961895], [-0.00038424169179052114, -4.0116934542311355e-05, 0.0002323337976122275, -0.0006150714471004903, -0.00019032906857319176, -0.0023732001427561045, -0.005776929669082165, 0.015557561069726944, -0.0035335118882358074, -0.0019280114211142063, 0.0006725390558131039, 0.0017259527230635285, -0.002646431792527437], [-0.0003144426445942372, -0.0009402529103681445, -0.0005688144010491669, 0.0008731784764677286, -0.0014874135376885533, 0.0018806132720783353, -0.0017316428711637855, -0.0035335118882358074, 0.014784482307732105, -0.006702553015202284, -0.0006052389508113265, -0.00011221232853131369, -0.0013243552530184388], [0.0003833043447230011, -0.0006951288669370115, -0.0015413997462019324, 0.0006099847960285842, 0.0005314908921718597, -0.0023951285984367132, 0.0011425964767113328, -0.0019280114211142063, -0.006702553015202284, 0.01906989887356758, -0.00583243602886796, -0.004109614994376898, 0.004108206834644079], [0.00019570397853385657, 0.00010493965964997187, -0.0006738052470609546, 0.0004365859495010227, 0.0005007438594475389, -0.0008387521957047284, -0.0015586410881951451, 0.0006725390558131039, -0.0006052389508113265, -0.00583243602886796, 0.02147737704217434, -0.0029784434009343386, -0.002967742970213294], [-1.5865300156292506e-05, -0.0006505250930786133, -0.0017173697706311941, -0.0003542057238519192, 0.001284287660382688, 0.0007705342723056674, -0.0011026635766029358, 0.0017259527230635285, -0.00011221232853131369, -0.004109614994376898, -0.0029784434009343386, 0.014476023614406586, -0.005320808384567499], [0.00037326381425373256, -0.00012192400026833639, 8.676246943650767e-05, -0.00040975716547109187, -0.001897983020171523, -0.0003623193479143083, 0.0017688642255961895, -0.002646431792527437, -0.0013243552530184388, 0.004108206834644079, -0.002967742970213294, -0.005320808384567499, 0.015855561941862106]], "metadata.audio_properties.analysis.downmix": "mix", "metadata.audio_properties.codec": "mp3", "metadata.audio_properties.md5_encoded": "50ba08fe81189fed7aa5c1a0f13b3c78", "metadata.tags.file_name": "1183683301488197733.mp3", "metadata.version.essentia": "2.1-beta6-dev", "metadata.version.essentia_git_sha": "v2.1_beta5-1110-g77a6a954", "metadata.version.extractor": "music 2.0", "tonal.chords_key": "Bb", "tonal.chords_scale": "major", "tonal.key_edma.key": "Bb", "tonal.key_edma.scale": "major", "tonal.key_krumhansl.key": "Bb", "tonal.key_krumhansl.scale": "major", "ton