{"song_id": "1183673363101659186", "download": "https://cdn.discordapp.com/attachments/1135911532732108921/1183673363101659186/chirp.mp4?ex=658930b9&amp", "lyrics": "love song", "style": ["random"], "essentia_features": {"lowlevel.average_loudness": 0.9725173115730286, "lowlevel.barkbands_crest.mean": 16.56621742248535, "lowlevel.barkbands_crest.stdev": 5.446142196655273, "lowlevel.barkbands_flatness_db.mean": 0.3144535720348358, "lowlevel.barkbands_flatness_db.stdev": 0.10623772442340851, "lowlevel.barkbands_kurtosis.mean": 40.239315032958984, "lowlevel.barkbands_kurtosis.stdev": 147.4432830810547, "lowlevel.barkbands_skewness.mean": 3.1368744373321533, "lowlevel.barkbands_skewness.stdev": 3.558197021484375, "lowlevel.barkbands_spread.mean": 10.279494285583496, "lowlevel.barkbands_spread.stdev": 20.299240112304688, "lowlevel.dissonance.mean": 0.40922409296035767, "lowlevel.dissonance.stdev": 0.06695038825273514, "lowlevel.dynamic_complexity": 9.051849365234375, "lowlevel.erbbands_crest.mean": 13.730887413024902, "lowlevel.erbbands_crest.stdev": 6.288278102874756, "lowlevel.erbbands_flatness_db.mean": 0.2342698872089386, "lowlevel.erbbands_flatness_db.stdev": 0.07383982837200165, "lowlevel.erbbands_kurtosis.mean": 8.08908462524414, "lowlevel.erbbands_kurtosis.stdev": 14.132865905761719, "lowlevel.erbbands_skewness.mean": 1.3826881647109985, "lowlevel.erbbands_skewness.stdev": 1.5429242849349976, "lowlevel.erbbands_spread.mean": 22.44692039489746, "lowlevel.erbbands_spread.stdev": 19.560253143310547, "lowlevel.hfc.mean": 10.811089515686035, "lowlevel.hfc.stdev": 14.775458335876465, "lowlevel.loudness_ebu128.integrated": -12.575974464416504, "lowlevel.loudness_ebu128.loudness_range": 1.745469093322754, "lowlevel.loudness_ebu128.momentary.mean": -16.457490921020508, "lowlevel.loudness_ebu128.momentary.stdev": 10.136563301086426, "lowlevel.loudness_ebu128.short_term.mean": -12.342611312866211, "lowlevel.loudness_ebu128.short_term.stdev": 0.6848021745681763, "lowlevel.melbands_crest.mean": 24.45631980895996, "lowlevel.melbands_crest.stdev": 8.197265625, "lowlevel.melbands_flatness_db.mean": 0.39519092440605164, "lowlevel.melbands_flatness_db.stdev": 0.12304794043302536, "lowlevel.melbands_kurtosis.mean": 35.51496124267578, "lowlevel.melbands_kurtosis.stdev": 50.188720703125, "lowlevel.melbands_skewness.mean": 3.425389289855957, "lowlevel.melbands_skewness.stdev": 2.5929365158081055, "lowlevel.melbands_spread.mean": 9.628606796264648, "lowlevel.melbands_spread.stdev": 18.427148818969727, "lowlevel.pitch_salience.mean": 0.37591636180877686, "lowlevel.pitch_salience.stdev": 0.1794423758983612, "lowlevel.silence_rate_20dB.mean": 1.0, "lowlevel.silence_rate_20dB.stdev": 0.0, "lowlevel.silence_rate_30dB.mean": 0.8467742204666138, "lowlevel.silence_rate_30dB.stdev": 0.3602047860622406, "lowlevel.silence_rate_60dB.mean": 0.12903225421905518, "lowlevel.silence_rate_60dB.stdev": 0.3352356255054474, "lowlevel.spectral_centroid.mean": 786.5645751953125, "lowlevel.spectral_centroid.stdev": 899.321044921875, "lowlevel.spectral_complexity.mean": 6.97580623626709, "lowlevel.spectral_complexity.stdev": 7.4232258796691895, "lowlevel.spectral_decrease.mean": -1.3325718306589351e-08, "lowlevel.spectral_decrease.stdev": 2.0997775962428022e-08, "lowlevel.spectral_energy.mean": 0.051274918019771576, "lowlevel.spectral_energy.stdev": 0.07986626029014587, "lowlevel.spectral_energyband_high.mean": 0.00028495132573880255, "lowlevel.spectral_energyband_high.stdev": 0.0008355124737136066, "lowlevel.spectral_energyband_low.mean": 0.03819288685917854, "lowlevel.spectral_energyband_low.stdev": 0.07738127559423447, "lowlevel.spectral_energyband_middle_high.mean": 0.00139646977186203, "lowlevel.spectral_energyband_middle_high.stdev": 0.004721059463918209, "lowlevel.spectral_energyband_middle_low.mean": 0.012828030623495579, "lowlevel.spectral_energyband_middle_low.stdev": 0.01967044174671173, "lowlevel.spectral_entropy.mean": 6.556603908538818, "lowlevel.spectral_entropy.stdev": 0.8124529719352722, "lowlevel.spectral_flux.mean": 0.11614810675382614, "lowlevel.spectral_flux.stdev": 0.13634999096393585, "lowlevel.spectral_kurtosis.mean": 17.131759643554688, "lowlevel.spectral_kurtosis.stdev": 57.88351821899414, "lowlevel.spectral_rms.mean": 0.005543276201933622, "lowlevel.spectral_rms.stdev": 0.004392766859382391, "lowlevel.spectral_rolloff.mean": 768.1616821289062, "lowlevel.spectral_rolloff.stdev": 2049.92041015625, "lowlevel.spectral_skewness.mean": 2.7580370903015137, "lowlevel.spectral_skewness.stdev": 2.2377705574035645, "lowlevel.spectral_spread.mean": 3891560.25, "lowlevel.spectral_spread.stdev": 2828295.5, "lowlevel.spectral_strongpeak.mean": 0.6417571902275085, "lowlevel.spectral_strongpeak.stdev": 0.986719012260437, "lowlevel.zerocrossingrate.mean": 0.029481949284672737, "lowlevel.zerocrossingrate.stdev": 0.055557381361722946, "metadata.audio_properties.analysis.equal_loudness": 0.0, "metadata.audio_properties.analysis.length": 5.716281414031982, "metadata.audio_properties.analysis.sample_rate": 44100.0, "metadata.audio_properties.analysis.start_time": 0.0, "metadata.audio_properties.bit_rate": 109733.0, "metadata.audio_properties.length": 5.7173333168029785, "metadata.audio_properties.lossless": 0.0, "metadata.audio_properties.number_channels": 1.0, "metadata.audio_properties.replay_gain": -13.346439361572266, "metadata.audio_properties.sample_rate": 48000.0, "rhythm.beats_count": 10.0, "rhythm.beats_loudness.mean": 0.09948268532752991, "rhythm.beats_loudness.stdev": 0.08878778666257858, "rhythm.bpm": 114.87212371826172, "rhythm.bpm_histogram_first_peak_bpm": 115.0, "rhythm.bpm_histogram_first_peak_weight": 0.5, "rhythm.bpm_histogram_second_peak_bpm": 120.0, "rhythm.bpm_histogram_second_peak_spread": 0.0, "rhythm.bpm_histogram_second_peak_weight": 0.1111111119389534, "rhythm.danceability": 1.1619638204574585, "rhythm.onset_rate": 3.1384425163269043, "tonal.chords_changes_rate": 0.1679999977350235, "tonal.chords_number_rate": 0.07199999690055847, "tonal.chords_strength.mean": 0.38268086314201355, "tonal.chords_strength.stdev": 0.10507670044898987, "tonal.hpcp_crest.mean": 13.202651023864746, "tonal.hpcp_crest.stdev": 5.02631139755249, "tonal.hpcp_entropy.mean": 1.9018865823745728, "tonal.hpcp_entropy.stdev": 0.754931628704071, "tonal.key_edma.strength": 0.5868812799453735, "tonal.key_krumhansl.strength": 0.5917132496833801, "tonal.key_temperley.strength": 0.6118243932723999, "tonal.tuning_diatonic_strength": 0.3418663740158081, "tonal.tuning_equal_tempered_deviation": 0.16810186207294464, "tonal.tuning_frequency": 434.193115234375, "tonal.tuning_nontempered_energy_ratio": 0.8881686329841614, "lowlevel.barkbands.mean": [0.001643385854549706, 0.030530469492077827, 0.004845441319048405, 0.0021996095310896635, 0.004951516166329384, 0.0012761305551975965, 0.0020198074635118246, 0.00029505640850402415, 0.0015029305359348655, 0.000725232413969934, 0.00020918338850606233, 0.00025156987248919904, 0.00011153697414556518, 0.000147144659422338, 6.296025821939111e-05, 3.926761564798653e-05, 4.00154349335935e-05, 4.346430432633497e-05, 6.90731467329897e-05, 7.01409371686168e-05, 9.511611278867349e-05, 2.0477313228184357e-05, 1.0633620149747003e-05, 2.860515633074101e-05, 6.486029451480135e-05, 2.106652937072795e-05, 2.714090499011945e-07], "lowlevel.barkbands.stdev": [0.001547201187349856, 0.0684000700712204, 0.018852531909942627, 0.008128593675792217, 0.008175699040293694, 0.00439167907461524, 0.004074734635651112, 0.001390201854519546, 0.005621778313070536, 0.004034934565424919, 0.001273696543648839, 0.0009477175772190094, 0.0004338759754318744, 0.0005888331215828657, 0.00027123012114316225, 0.00022824334155302495, 0.00022087845718488097, 0.0002838233485817909, 0.0003452972450759262, 0.0002790846338029951, 0.00027828526799567044, 0.00010069486597785726, 3.0765437259105965e-05, 0.0001595689682289958, 0.00036480126436799765, 0.00012024393072351813, 2.0140780634392286e-06], "lowlevel.erbbands.mean": [1.0677324533462524, 6.006638526916504, 6.725061416625977, 7.062899589538574, 10.667108535766602, 20.945247650146484, 10.284385681152344, 11.615477561950684, 22.35793685913086, 21.318645477294922, 12.466402053833008, 33.0117073059082, 37.384246826171875, 8.135161399841309, 10.235980987548828, 9.486534118652344, 5.557647705078125, 8.071892738342285, 3.766556739807129, 2.8888750076293945, 2.421398639678955, 2.440955638885498, 2.038647413253784, 3.325324773788452, 3.192274332046509, 3.332791328430176, 5.903164386749268, 1.5123943090438843, 0.7567986249923706, 0.5196763277053833, 0.29965096712112427, 0.344280481338501, 0.6614782810211182, 0.7737525105476379, 0.4232918620109558, 0.13311593234539032, 0.027052000164985657, 0.0036665694788098335, 9.916846465785056e-05, 5.9903199144173414e-05], "lowlevel.erbbands.stdev": [2.047697067260742, 15.432724952697754, 22.279802322387695, 26.189197540283203, 22.285308837890625, 36.432472229003906, 24.6739559173584, 44.098087310791016, 41.66537857055664, 44.78865051269531, 72.02649688720703, 123.28855895996094, 174.15858459472656, 23.322711944580078, 53.69552230834961, 37.59367370605469, 21.872968673706055, 31.40111541748047, 15.214181900024414, 13.49630069732666, 14.80492115020752, 14.037392616271973, 11.839828491210938, 17.598323822021484, 15.517742156982422, 13.718234062194824, 17.984506607055664, 5.023263454437256, 3.7426016330718994, 2.1776161193847656, 0.8734837174415588, 1.2427029609680176, 4.146071434020996, 4.369300842285156, 2.4763293266296387, 0.7771146297454834, 0.15516886115074158, 0.023515421897172928, 0.0004625139117706567, 8.752947178436443e-05], "lowlevel.gfcc.mean": [-174.66213989257812, 140.91864013671875, -77.48114013671875, 26.628416061401367, -64.98145294189453, 19.19452476501465, -13.123339653015137, 6.210581302642822, -10.623530387878418, 5.239391803741455, 3.923410654067993, -12.978445053100586, 9.484089851379395], "lowlevel.melbands.mean": [0.009056207723915577, 0.004910646937787533, 0.001277491799555719, 0.0012079726438969374, 0.00045671386760659516, 0.00024693607701919973, 0.00039085870957933366, 0.00019310797506477684, 0.00012425660679582506, 0.0002162690507248044, 0.00018044147873297334, 2.7489293643156998e-05, 3.187752372468822e-05, 3.3381995308445767e-05, 1.403321493853582e-05, 1.1662807992252056e-05, 1.556476127007045e-05, 5.9701856116589624e-06, 4.8717347453930415e-06, 2.8224308152857702e-06, 2.7850621791003505e-06, 2.657840468600625e-06, 1.9739679828489898e-06, 1.7667852034719544e-06, 2.7932367174798856e-06, 2.616694018797716e-06, 1.9589863313740352e-06, 2.1894918518228224e-06, 3.953813120460836e-06, 2.239231207568082e-06, 4.970646045876492e-07, 4.067967722676258e-07, 4.107531310637569e-07, 2.352585823928166e-07, 1.6469014951780991e-07, 1.61268289389227e-07, 2.2125283294371911e-07, 3.9120126871239336e-07, 6.098113090047264e-07, 6.922049919921847e-07], "lowlevel.melbands.stdev": [0.019087068736553192, 0.0130104199051857, 0.004243719391524792, 0.0019981965888291597, 0.0009234669269062579, 0.0009159111650660634, 0.0007538222707808018, 0.0004031021671835333, 0.0007797327125445008, 0.0007804353372193873, 0.0008667041547596455, 7.701257709413767e-05, 0.0001922452647704631, 0.00013049456174485385, 5.1924162107752636e-05, 4.5594617404276505e-05, 6.256681081140414e-05, 2.6686209821491502e-05, 2.1770900275441818e-05, 1.5063071259646676e-05, 1.7358368495479226e-05, 1.5382560377474874e-05, 1.1010139132849872e-05, 1.1176141015312169e-05, 1.478685317124473e-05, 1.3794975529890507e-05, 9.622193829272874e-06, 9.467370546190068e-06, 1.2044399227306712e-05, 6.5024241848732345e-06, 2.3876605155237485e-06, 2.0546417545119766e-06, 2.1412477053672774e-06, 8.323149813804775e-07, 4.788168439517904e-07, 4.770785722030269e-07, 8.642930424684891e-07, 2.315074652869953e-06, 4.427502062753774e-06, 3.8030270843592007e-06], "lowlevel.melbands128.mean": [0.0015404558507725596, 0.008545015007257462, 0.012915708124637604, 0.008934386074543, 0.004142383113503456, 0.002224323572590947, 0.0014514601789414883, 0.0009976474102586508, 0.0009062396711669862, 0.0015036248369142413, 0.0013187611475586891, 0.00046818595728836954, 0.00031280663097277284, 0.00025977930636145175, 0.0002897104131989181, 0.0002196320128859952, 0.0001708502823021263, 0.0004838524619117379, 0.000645817955955863, 0.0001519459910923615, 3.800189369940199e-05, 4.299466309021227e-05, 0.0001237870310433209, 0.00021448222105391324, 0.00023513681662734598, 0.00018716418708208948, 0.00025056020240299404, 0.00024414033396169543, 5.5049626098480076e-05, 2.037581907643471e-05, 2.275206679769326e-05, 2.66949809883954e-05, 3.54529547621496e-05, 3.067532816203311e-05, 3.770933108171448e-05, 3.881524025928229e-05, 1.9796261767623946e-05, 1.0565235243120696e-05, 1.2388682080199942e-05, 1.1802591870946344e-05, 1.0651432603481226e-05, 1.1020196325262077e-05, 2.218551526311785e-05, 1.4059736713534221e-05, 6.977233169891406e-06, 4.5069386942486744e-06, 4.406218067742884e-06, 5.644736120302696e-06, 5.137833340995712e-06, 3.022117653017631e-06, 2.2176529910211684e-06, 2.6382967917015776e-06, 3.3677974897727836e-06, 2.3129173314373475e-06, 2.890403493438498e-06, 3.1980525818653405e-06, 2.0557934021780966e-06, 1.5819634882063838e-06, 2.500710024833097e-06, 1.4312505527414032e-06, 1.5573288010273245e-06, 1.800737777557515e-06, 2.9916354833403602e-06, 2.8395452318363823e-06, 3.150025122522493e-06, 2.817832182699931e-06, 1.989316160688759e-06, 2.275518681926769e-06, 1.793065962374385e-06, 1.9147882994730026e-06, 2.0249904082447756e-06, 2.154108187824022e-06, 3.17167700814025e-06, 4.546800028037978e-06, 4.9678105824568775e-06, 2.4882835987227736e-06, 1.0314205383110675e-06, 5.065655273028824e-07, 4.947691536472121e-07, 3.976019797846675e-07, 4.22138356270807e-07, 3.6228243516234215e-07, 4.598201144290215e-07, 4.553080259483977e-07, 3.566369457530527e-07, 2.42500959757308e-07, 2.1179026532536227e-07, 1.6760087362399645e-07, 1.4628378153247468e-07, 1.9046689203605638e-07, 1.4266632319959172e-07, 1.4899131883794325e-07, 1.8622220920860855e-07, 2.2544497824128484e-07, 2.2521223286275927e-07, 3.028043522590451e-07, 3.8708935790054966e-07, 5.83779979024257e-07, 6.393802323145792e-07, 6.34353114037367e-07, 5.565197511714359e-07, 7.92071659816429e-07, 7.210117587419518e-07, 6.741896640960476e-07, 4.6935102204770374e-07, 2.877525560052163e-07, 3.258277274653665e-07, 4.679640426275e-07, 2.1090743018703506e-07, 6.735088931009159e-08, 5.839898875592553e-08, 7.511058441878049e-08, 1.0911638526067691e-07, 8.563993247889812e-08, 3.373708779008666e-08, 5.6600960363084596e-08, 1.4160196570855987e-08, 3.47916244425317e-11, 6.71998264326068e-12, 6.520275205174064e-12, 6.365120236440092e-12, 6.247893695465745e-12, 6.08953165670556e-12, 5.986264435542399e-12, 5.87916737862515e-12, 5.763967428351613e-12, 5.692528046163936e-12, 5.658199169616962e-12], "lowlevel.melbands128.stdev": [0.0014807276893407106, 0.014485111460089684, 0.03178679943084717, 0.024516578763723373, 0.013742592185735703, 0.008721561171114445, 0.005816005636006594, 0.0035150116309523582, 0.00213991547934711, 0.0025400985032320023, 0.002479478484019637, 0.0010765419574454427, 0.0009055453701876104, 0.0009209128911606967, 0.0013244271976873279, 0.0009244779357686639, 0.00043425080366432667, 0.0009934796253219247, 0.0015497790882363915, 0.0003282024117652327, 0.00011670133244479075, 0.0001492863375460729, 0.0010475540766492486, 0.0013848423259332776, 0.001197327859699726, 0.0009789143223315477, 0.001221558777615428, 0.0015509440563619137, 0.0002718113537412137, 6.633315206272528e-05, 5.977394539513625e-05, 0.00017643209139350802, 0.00028072891291230917, 0.00015600289043504745, 0.00014027462748344988, 0.0001632046769373119, 9.545164357405156e-05, 3.7769568734802306e-05, 5.4802912927698344e-05, 6.328783638309687e-05, 4.569952579913661e-05, 5.2024573960807174e-05, 0.00011190740042366087, 6.181313074193895e-05, 4.596945291268639e-05, 2.114948620146606e-05, 2.012187360378448e-05, 2.7128788133268245e-05, 2.6652389351511374e-05, 1.425078880856745e-05, 1.4604482203139924e-05, 1.667368269409053e-05, 2.4579037926741876e-05, 1.4080427717999555e-05, 1.750839510350488e-05, 2.0757568563567474e-05, 1.2078738109266851e-05, 7.932855623948853e-06, 1.4833178283879533e-05, 8.817299203656148e-06, 9.413149200554471e-06, 1.3840579413226806e-05, 1.8386206647846848e-05, 1.5185953998297919e-05, 2.0938294255756773e-05, 1.647015415073838e-05, 9.592634341970552e-06, 1.3600667443824932e-05, 8.502301170665305e-06, 8.949992661655415e-06, 1.0709960406529717e-05, 1.0025692063209135e-05, 1.1159968380525243e-05, 1.352841172774788e-05, 1.80329370778054e-05, 7.2582679422339424e-06, 3.3304195312666707e-06, 2.619859060359886e-06, 2.7262765343039064e-06, 1.959748487934121e-06, 2.168060063922894e-06, 1.711922209324257e-06, 2.7019973458664026e-06, 2.550808630985557e-06, 1.8404928141535493e-06, 8.91693048288289e-07, 7.159069923545758e-07, 5.289540467856568e-07, 4.233479273807461e-07, 6.783757839912141e-07, 4.45796501935547e-07, 4.41449884647227e-07, 7.218131941044703e-07, 9.407018524143496e-07, 9.52564732870087e-07, 1.3947052366347634e-06, 2.525518766560708e-06, 4.406198513606796e-06, 5.6886797210609075e-06, 4.423301561473636e-06, 3.102800747001311e-06, 4.4776033973903395e-06, 4.374177478894126e-06, 4.471650299819885e-06, 3.0396818146982696e-06, 1.6241449429799104e-06, 1.8114885733666597e-06, 3.024985971933347e-06, 1.3417268291959772e-06, 4.0545089063925843e-07, 4.913045472676458e-07, 4.249689595781092e-07, 6.527536129397049e-07, 6.019096190357232e-07, 2.3943064775266976e-07, 3.9597154000148294e-07, 9.293041358660048e-08, 2.2324628257130996e-10, 1.1850011423508722e-11, 1.1547208501883066e-11, 1.1279485158388614e-11, 1.1054469839510972e-11, 1.0820180688930758e-11, 1.0641276922129794e-11, 1.0488367986616343e-11, 1.036321462671852e-11, 1.0273774019020632e-11, 1.0219074718376131e-11], "lowlevel.mfcc.mean": [-808.9159545898438, 155.63844299316406, 45.46070861816406, 22.433622360229492, -4.035171985626221, 9.06425666809082, 13.677861213684082, -0.5765591263771057, 5.741454601287842, 12.904336929321289, 2.9173312187194824, 5.7522077560424805, 0.8155547380447388], "lowlevel.spectral_contrast_coeffs.mean": [-0.7351025938987732, -0.76360684633255, -0.794506311416626, -0.8316755890846252, -0.8331713676452637, -0.799241840839386], "lowlevel.spectral_contrast_coeffs.stdev": [0.09828915446996689, 0.09116663038730621, 0.08727569133043289, 0.05312088504433632, 0.06101817265152931, 0.06468287855386734], "lowlevel.spectral_contrast_valleys.mean": [-7.466942310333252, -7.722707271575928, -8.741432189941406, -9.620102882385254, -9.723976135253906, -12.259117126464844], "lowlevel.spectral_contrast_valleys.stdev": [2.4530625343322754, 2.103693723678589, 1.7989732027053833, 2.004240036010742, 2.169820547103882, 2.011542558670044], "rhythm.beats_loudness_band_ratio.mean": [0.7245174050331116, 0.09135100245475769, 0.13336417078971863, 0.028177866712212563, 0.022061526775360107, 0.02001420594751835], "rhythm.beats_loudness_band_ratio.stdev": [0.31845971941947937, 0.1322217434644699, 0.23596584796905518, 0.04729118570685387, 0.04877118021249771, 0.033531442284584045], "tonal.hpcp.mean": [0.09405091404914856, 0.0821089968085289, 0.10253230482339859, 0.14894981682300568, 0.1163397803902626, 0.06050364300608635, 0.03853737935423851, 0.04969657585024834, 0.053790703415870667, 0.06274493783712387, 0.04898751154541969, 0.028015200048685074, 0.040055014193058014, 0.04341365396976471, 0.044696737080812454, 0.036835167557001114, 0.03580014780163765, 0.03738006204366684, 0.03548058494925499, 0.035033032298088074, 0.022627679631114006, 0.0255595576018095, 0.043418239802122116, 0.11323501169681549, 0.19770163297653198, 0.20703549683094025, 0.2885700762271881, 0.30972710251808167, 0.15551351010799408, 0.08667907863855362, 0.09137004613876343, 0.0704634040594101, 0.052587661892175674, 0.0491781011223793, 0.05020298436284065, 0.06570430099964142], "tonal.hpcp.stdev": [0.2469685822725296, 0.1868622601032257, 0.2442413866519928, 0.30456459522247314, 0.26138412952423096, 0.17361144721508026, 0.13959838449954987, 0.17807939648628235, 0.1879810243844986, 0.2073536217212677, 0.1693175584077835, 0.094741590321064, 0.13396520912647247, 0.11007660627365112, 0.15302544832229614, 0.1406956911087036, 0.14888985455036163, 0.13306470215320587, 0.12766598165035248, 0.14031870663166046, 0.07649487257003784, 0.06195263937115669, 0.11145175248384476, 0.21514452993869781, 0.3301311433315277, 0.3048745393753052, 0.3745152950286865, 0.3926185965538025, 0.27071553468704224, 0.22741515934467316, 0.24108773469924927, 0.19887231290340424, 0.16751064360141754, 0.15999466180801392, 0.16916978359222412, 0.178965225815773], "rhythm.beats_position": [0.4411791265010834, 0.9636281132698059, 1.4628571271896362, 1.9969160556793213, 2.5077550411224365, 3.0302040576934814, 3.5526530742645264, 4.086711883544922, 4.597550868988037, 5.119999885559082], "rhythm.bpm_histogram": [0.0, 0.0, 0.0, 0.0, 0.0, 0.0, 0.0, 0.0, 0.0, 0.0, 0.0, 0.0, 0.0, 0.0, 0.0, 0.0, 0.0, 0.0, 0.0, 0.0, 0.0, 0.0, 0.0, 0.0, 0.0, 0.0, 0.0, 0.0, 0.0, 0.0, 0.0, 0.0, 0.0, 0.0, 0.0, 0.0, 0.0, 0.0, 0.0, 0.0, 0.0, 0.0, 0.0, 0.0, 0.0, 0.0, 0.0, 0.0, 0.0, 0.0, 0.0, 0.0, 0.0, 0.0, 0.0, 0.0, 0.0, 0.0, 0.0, 0.0, 0.0, 0.0, 0.0, 0.0, 0.0, 0.0, 0.0, 0.0, 0.0, 0.0, 0.0, 0.0, 0.0, 0.0, 0.0, 0.0, 0.0, 0.0, 0.0, 0.0, 0.0, 0.0, 0.0, 0.0, 0.0, 0.0, 0.0, 0.0, 0.0, 0.0, 0.0, 0.0, 0.0, 0.0, 0.0, 0.0, 0.0, 0.0, 0.0, 0.0, 0.0, 0.0, 0.0, 0.0, 0.0, 0.0, 0.0, 0.0, 0.0, 0.0, 0.0, 0.0, 0.2222222238779068, 0.0, 0.0, 0.4444444477558136, 0.0, 0.2222222238779068, 0.0, 0.0, 0.1111111119389534, 0.0, 0.0, 0.0, 0.0, 0.0, 0.0, 0.0, 0.0, 0.0, 0.0, 0.0, 0.0, 0.0, 0.0, 0.0, 0.0, 0.0, 0.0, 0.0, 0.0, 0.0, 0.0, 0.0, 0.0, 0.0, 0.0, 0.0, 0.0, 0.0, 0.0, 0.0, 0.0, 0.0, 0.0, 0.0, 0.0, 0.0, 0.0, 0.0, 0.0, 0.0, 0.0, 0.0, 0.0, 0.0, 0.0, 0.0, 0.0, 0.0, 0.0, 0.0, 0.0, 0.0, 0.0, 0.0, 0.0, 0.0, 0.0, 0.0, 0.0, 0.0, 0.0, 0.0, 0.0, 0.0, 0.0, 0.0, 0.0, 0.0, 0.0, 0.0, 0.0, 0.0, 0.0, 0.0, 0.0, 0.0, 0.0, 0.0, 0.0, 0.0, 0.0, 0.0, 0.0, 0.0, 0.0, 0.0, 0.0, 0.0, 0.0, 0.0, 0.0, 0.0, 0.0, 0.0, 0.0, 0.0, 0.0, 0.0, 0.0, 0.0, 0.0, 0.0, 0.0, 0.0, 0.0, 0.0, 0.0, 0.0, 0.0, 0.0, 0.0, 0.0, 0.0, 0.0, 0.0, 0.0, 0.0, 0.0, 0.0, 0.0, 0.0, 0.0, 0.0, 0.0, 0.0, 0.0, 0.0, 0.0], "tonal.chords_histogram": [10.399999618530273, 0.0, 0.0, 0.0, 0.0, 0.0, 0.0, 12.800000190734863, 0.0, 0.0, 5.599999904632568, 22.399999618530273, 0.0, 0.0, 0.0, 18.399999618530273, 4.800000190734863, 17.600000381469727, 2.4000000953674316, 0.0, 0.0, 0.0, 0.0, 5.599999904632568], "tonal.thpcp": [1.0, 0.5020985007286072, 0.27985629439353943, 0.2950017750263214, 0.22750157117843628, 0.16978707909584045, 0.1587788164615631, 0.1620877981185913, 0.21213610470294952, 0.3036573529243469, 0.2651011049747467, 0.33104079961776733, 0.4809066355228424, 0.3756202757358551, 0.19534501433372498, 0.12442366033792496, 0.16045278310775757, 0.17367129027843475, 0.20258136093616486, 0.15816345810890198, 0.09045124053955078, 0.1293235719203949, 0.14016743004322052, 0.14431005716323853, 0.11892781406641006, 0.11558610200881958, 0.1206870898604393, 0.11455434560775757, 0.11310935020446777, 0.07305682450532913, 0.08252283185720444, 0.1401822417974472, 0.36559605598449707, 0.638309121131897, 0.6684448719024658, 0.9316914081573486], "lowlevel.gfcc.cov": [[44894.22265625, 2887.6669921875, 592.653076171875, 5647.12451171875, -1013.7334594726562, -258.6741027832031, -1331.05517578125, -292.0014343261719, -608.1202392578125, 281.3580322265625, 1021.7044067382812, 182.50694274902344, 855.3973999023438], [2887.6669921875, 2574.268798828125, 835.0475463867188, 738.369140625, 243.33786010742188, -395.5101623535156, -104.65003967285156, -477.106689453125, 275.3213195800781, -370.33795166015625, 381.1531066894531, -183.77005004882812, 124.43578338623047], [592.653076171875, 835.0475463867188, 1738.3724365234375, 355.5290222167969, 192.197998046875, -62.86009216308594, -117.06473541259766, 23.196413040161133, 114.6728286743164, -96.1234359741211, 88.06889343261719, -136.16476440429688, -13.074034690856934], [5647.12451171875, 738.369140625, 355.5290222167969, 1888.7711181640625, 144.9434814453125, -230.9109344482422, -103.23082733154297, -302.2348327636719, 256.6987609863281, -95.00798034667969, 318.5571594238281, -16.081655502319336, 257.3835144042969], [-1013.7334594726562, 243.33786010742188, 192.197998046875, 144.9434814453125, 521.8385009765625, 1.970477819442749, 126.99093627929688, -105.33157348632812, 83.35537719726562, -66.24956512451172, 9.007975578308105, -4.486749172210693, -16.59563636779785], [-258.6741027832031, -395.5101623535156, -62.86009216308594, -230.9109344482422, 1.970477819442749, 245.85693359375, 124.41118621826172, 152.36424255371094, -68.73870849609375, 57.24934768676758, -85.26114654541016, -26.918556213378906, -28.621747970581055], [-1331.05517578125, -104.65003967285156, -117.06473541259766, -103.23082733154297, 126.99093627929688, 124.41118621826172, 263.24542236328125, 34.01762008666992, 88.49925994873047, -30.519729614257812, -25.07189178466797, -42.31608963012695, -8.675155639648438], [-292.0014343261719, -477.106689453125, 23.196413040161133, -302.2348327636719, -105.33157348632812, 152.36424255371094, 34.01762008666992, 255.8905487060547, -67.96422576904297, 96.93878936767578, -76.67658233642578, 23.965999603271484, -45.39276885986328], [-608.1202392578125, 275.3213195800781, 114.6728286743164, 256.6987609863281, 83.35537719726562, -68.73870849609375, 88.49925994873047, -67.96422576904297, 296.1282043457031, -86.33223724365234, 80.25759887695312, -21.456899642944336, 74.8343505859375], [281.3580322265625, -370.33795166015625, -96.1234359741211, -95.00798034667969, -66.24956512451172, 57.24934768676758, -30.519729614257812, 96.93878936767578, -86.33223724365234, 162.4302520751953, -12.425455093383789, 44.003299713134766, -3.573615789413452], [1021.7044067382812, 381.1531066894531, 88.06889343261719, 318.5571594238281, 9.007975578308105, -85.26114654541016, -25.07189178466797, -76.67658233642578, 80.25759887695312, -12.425455093383789, 169.1568145751953, 0.27732259035110474, 68.80337524414062], [182.50694274902344, -183.77005004882812, -136.16476440429688, -16.081655502319336, -4.486749172210693, -26.918556213378906, -42.31608963012695, 23.965999603271484, -21.456899642944336, 44.003299713134766, 0.27732259035110474, 110.17456817626953, 12.4169282913208], [855.3973999023438, 124.43578338623047, -13.074034690856934, 257.3835144042969, -16.59563636779785, -28.621747970581055, -8.675155639648438, -45.39276885986328, 74.8343505859375, -3.573615789413452, 68.80337524414062, 12.4169282913208, 111.04936218261719]], "lowlevel.gfcc.icov": [[0.00010950907017104328, -0.0003500572929624468, 0.00011541090498212725, -0.0004584125126712024, 0.0002147349005099386, -0.0005427665892057121, 0.00030298344790935516, -0.0003530940448399633, 0.00032386337989009917, -0.00032613842631690204, 0.0003554401046130806, -0.0004272764490451664, -4.860675289819483e-06], [-0.0003500572929624468, 0.0028227982111275196, -0.0007998632499948144, 0.0019262207206338644, -0.001080720336176455, 0.0025006060022860765, -0.0005617985152639449, 0.00210215849801898, -0.00048247320228256285, 0.0035681731533259153, -0.004421431105583906, 0.003067196346819401, -0.0008904802380129695], [0.00011541090498212725, -0.0007998632499948144, 0.0012519998708739877, -0.0007168581360019743, -0.0004653009818866849, -0.0005870556924492121, 0.0015423328150063753, -0.0020323062781244516, -0.0001949681609403342, -0.00046011037193238735, 0.0007079558563418686, 0.0008811097941361368, 0.00046452003880403936], [-0.0004584125126712024, 0.0019262207206338644, -0.0007168581360019743, 0.003117895219475031, -0.0012555239954963326, 0.002359438221901655, -0.0007523714448325336, 0.002298869425430894, -0.0013545623514801264, 0.002059418009594083, -0.0033368149306625128, 0.0024093929678201675, -0.0018597007729113102], [0.0002147349005099386, -0.001080720336176455, -0.0004653009818866849, -0.0012555239954963326, 0.003967368043959141, -0.0022325499448925257, -0.0018203463405370712, 0.0019793077372014523, 0.00028324322192929685, -0.0015340044628828764, 0.0019402214093133807, -0.00400422140955925, 0.0021018446423113346], [-0.0005427665892057121, 0.0025006060022860765, -0.0005870556924492121, 0.002359438221901655, -0.0022325499448925257, 0.01613382250070572, -0.006718558259308338, -0.004332203883677721, 0.0024206023663282394, 0.0015847308095544577, -0.00027084839530289173, 0.007288429420441389, -0.004857233725488186], [0.00030298344790935516, -0.0005617985152639449, 0.0015423328150063753, -0.0007523714448325336, -0.0018203463405370712, -0.006718558259308338, 0.01114419661462307, -0.0015393809881061316, -0.0029984170105308294, 0.0010630710748955607, -0.0012035575928166509, 0.0021363627165555954, 0.0010203449055552483], [-0.0003530940448399633, 0.00210215849801898, -0.0020323062781244516, 0.002298869425430894, 0.0019793077372014523, -0.004332203883677721, -0.0015393809881061316, 0.013906912878155708, -0.002554802456870675, -0.0013678109971806407, -0.002141110599040985, -0.002948950044810772, 0.0028743387665599585], [0.00032386337989009917, -0.00048247320228256285, -0.0001949681609403342, -0.0013545623514801264, 0.00028324322192929685, 0.0024206023663282394, -0.0029984170105308294, -0.002554802456870675, 0.00845443643629551, 0.0021230655256658792, -0.0005657043075188994, -0.0004455891903489828, -0.004678467288613319], [-0.00032613842631690204, 0.0035681731533259153, -0.00046011037193238735, 0.002059418009594083, -0.0015340044628828764, 0.0015847308095544577, 0.0010630710748955607, -0.0013678109971806407, 0.0021230655256658792, 0.015594382770359516, -0.00803289469331503, 0.0017708911327645183, -0.002760225674137473], [0.0003554401046130806, -0.004421431105583906, 0.0007079558563418686, -0.0033368149306625128, 0.0019402214093133807, -0.00027084839530289173, -0.0012035575928166509, -0.002141110599040985, -0.0005657043075188994, -0.00803289469331503, 0.018604999408125877, -0.004323743749409914, -0.0016363693866878748], [-0.0004272764490451664, 0.003067196346819401, 0.0008811097941361368, 0.0024093929678201675, -0.00400422140955925, 0.007288429420441389, 0.0021363627165555954, -0.002948950044810772, -0.0004455891903489828, 0.0017708911327645183, -0.004323743749409914, 0.019143452867865562, -0.004489082843065262], [-4.860675289819483e-06, -0.0008904802380129695, 0.00046452003880403936, -0.0018597007729113102, 0.0021018446423113346, -0.004857233725488186, 0.0010203449055552483, 0.0028743387665599585, -0.004678467288613319, -0.002760225674137473, -0.0016363693866878748, -0.004489082843065262, 0.01930181309580803]], "lowlevel.mfcc.cov": [[27509.146484375, 3751.628662109375, 383.6781921386719, 1329.1478271484375, 79.10975646972656, 399.0093078613281, 664.9970092773438, -896.1478881835938, -718.1815185546875, -172.2211456298828, -425.0514221191406, 682.1196899414062, 569.0057373046875], [3751.628662109375, 3015.394775390625, 970.5753784179688, 385.58099365234375, 333.4425354003906, 92.15950775146484, 1.5158207416534424, -143.48866271972656, -301.03314208984375, -181.48626708984375, 49.89851379394531, 169.0154266357422, 240.15811157226562], [383.6781921386719, 970.5753784179688, 1296.0284423828125, 243.68174743652344, 239.21774291992188, -14.442961692810059, 7.631984710693359, -43.43916320800781, 32.647518157958984, -28.129514694213867, 149.93943786621094, 86.78863525390625, 98.49072265625], [1329.1478271484375, 385.58099365234375, 243.68174743652344, 814.5328369140625, 212.85592651367188, 267.42791748046875, -122.72184753417969, -17.90164566040039, -42.76356887817383, -19.98178482055664, -53.768924713134766, 109.77625274658203, 158.53262329101562], [79.10975646972656, 333.4425354003906, 239.21774291992188, 212.85592651367188, 249.3211669921875, 93.5176773071289, 4.330538749694824, 9.882634162902832, -0.6597148180007935, -21.181013107299805, 21.424108505249023, 22.218111038208008, 44.694541931152344], [399.0093078613281, 92.15950775146484, -14.442961692810059, 267.42791748046875, 93.5176773071289, 261.67694091796875, 17.28722381591797, 34.13951110839844, 26.465566635131836, 36.856807708740234, -17.850048065185547, 21.955942153930664, 24.085289001464844], [664.9970092773438, 1.5158207416534424, 7.631984710693359, -122.72184753417969, 4.330538749694824, 17.28722381591797, 235.25872802734375, 4.038664817810059, 17.397113800048828, 37.52192687988281, -0.8159174919128418, 42.96995544433594, -33.90425491333008], [-896.1478881835938, -143.48866271972656, -43.43916320800781, -17.90164566040039, 9.882634162902832, 34.13951110839844, 4.038664817810059, 170.0528564453125, 79.19828796386719, 39.63982009887695, 57.76972579956055, -65.085693359375, -42.20625686645508], [-718.1815185546875, -301.03314208984375, 32.647518157958984, -42.76356887817383, -0.6597148180007935, 26.465566635131836, 17.397113800048828, 79.19828796386719, 145.78736877441406, 75.91462707519531, 53.42914581298828, -38.2500114440918, -44.489768981933594], [-172.2211456298828, -181.48626708984375, -28.129514694213867, -19.98178482055664, -21.181013107299805, 36.856807708740234, 37.52192687988281, 39.63982009887695, 75.91462707519531, 102.71888732910156, 37.84504318237305, -16.47414779663086, -34.80607986450195], [-425.0514221191406, 49.89851379394531, 149.93943786621094, -53.768924713134766, 21.424108505249023, -17.850048065185547, -0.8159174919128418, 57.76972579956055, 53.42914581298828, 37.84504318237305, 120.5683364868164, -14.601045608520508, -12.905538558959961], [682.1196899414062, 169.0154266357422, 86.78863525390625, 109.77625274658203, 22.218111038208008, 21.955942153930664, 42.96995544433594, -65.085693359375, -38.2500114440918, -16.47414779663086, -14.601045608520508, 141.1896209716797, 79.12191772460938], [569.0057373046875, 240.15811157226562, 98.49072265625, 158.53262329101562, 44.694541931152344, 24.085289001464844, -33.90425491333008, -42.20625686645508, -44.489768981933594, -34.80607986450195, -12.905538558959961, 79.12191772460938, 135.91867065429688]], "lowlevel.mfcc.icov": [[7.824183558113873e-05, -0.00010750460933195427, 8.825132681522518e-05, -0.00025491559063084424, 0.00022931385319679976, 6.853266677353531e-05, -0.0004247033502906561, 0.00041124975541606545, -7.015723531367257e-05, 1.4788168300583493e-05, -9.489347576163709e-05, 0.00020573800429701805, -0.00011795797036029398], [-0.00010750460933195427, 0.0009110444225370884, -0.00065659882966429, 0.000590688141528517, -0.0006834538653492928, -0.0006540709873661399, 0.0005354671739041805, -0.0008010942256078124, 0.002111935056746006, -5.86748355999589e-05, -0.000245993840508163, -0.00019721848366316408, -0.00037969736149534583], [8.825132681522518e-05, -0.00065659882966429, 0.0018983774352818727, -0.0011547530302777886, -0.00023691770911682397, 0.0012033284874632955, -0.0011093267239630222, 0.0018396716332063079, -0.0025078344624489546, 0.0012123370543122292, -0.0021874690428376198, 0.00036868726601824164, -1.156090456788661e-05], [-0.00025491559063084424, 0.000590688141528517, -0.0011547530302777886, 0.004868709947913885, -0.002477650297805667, -0.0032334087882190943, 0.004213650245219469, -0.0029177542310208082, 0.002146471757441759, -0.0020803813822567463, 0.0030732078012079, -0.0030376408249139786, -0.00105583225376904], [0.00022931385319679976, -0.0006834538653492928, -0.00023691770911682397, -0.002477650297805667, 0.007937242276966572, -0.0010228607570752501, -0.0029869244899600744, 0.0016805914929136634, -0.0018406400922685862, 0.003373526269569993, -0.0021289449650794268, 0.0024480114225298166, -0.0007085982942953706], [6.853266677353531e-05, -0.0006540709873661399, 0.0012033284874632955, -0.0032334087882190943, -0.0010228607570752501, 0.008328576572239399, -0.00202164170332253, -0.00016491554561071098, -0.0023656864650547504, -0.002036147052422166, 0.0008649162482470274, 0.0005351075669750571, 0.0005480542313307524], [-0.0004247033502906561, 0.0005354671739041805, -0.0011093267239630222, 0.004213650245219469, -0.0029869244899600744, -0.00202164170332253, 0.010188317857682705, -0.004369155503809452, 0.0018306169658899307, -0.003978489898145199, 0.003881142009049654, -0.006871147081255913, 0.0031948997639119625], [0.00041124975541606545, -0.0008010942256078124, 0.0018396716332063079, -0.0029177542310208082, 0.0016805914929136634, -0.00016491554561071098, -0.004369155503809452, 0.01394104864448309, -0.005815356038510799, 0.0032891156151890755, -0.0066315894946455956, 0.006214221008121967, -0.0008286441443488002], [-7.015723531367257e-05, 0.002111935056746006, -0.0025078344624489546, 0.002146471757441759, -0.0018406400922685862, -0.0023656864650547504, 0.0018306169658899307, -0.005815356038510799, 0.02047351934015751, -0.009674465283751488, -0.00036598785663954914, -0.0005514711374416947, 6.137821765150875e-05], [1.4788168300583493e-05, -5.86748355999589e-05, 0.0012123370543122292, -0.0020803813822567463, 0.003373526269569993, -0.002036147052422166, -0.003978489898145199, 0.0032891156151890755, -0.009674465283751488, 0.021755963563919067, -0.007028328254818916, 0.001652548206038773, 0.0016454362776130438], [-9.489347576163709e-05, -0.000245993840508163, -0.0021874690428376198, 0.0030732078012079, -0.0021289449650794268, 0.0008649162482470274, 0.003881142009049654, -0.0066315894946455956, -0.00036598785663954914, -0.007028328254818916, 0.01782066375017166, -0.0034419179428368807, 6.424658931791782e-05], [0.00020573800429701805, -0.00019721848366316408, 0.00036868726601824164, -0.0030376408249139786, 0.0024480114225298166, 0.0005351075669750571, -0.006871147081255913, 0.006214221008121967, -0.0005514711374416947, 0.001652548206038773, -0.0034419179428368807, 0.017093032598495483, -0.007955508306622505], [-0.00011795797036029398, -0.00037969736149534583, -1.156090456788661e-05, -0.00105583225376904, -0.0007085982942953706, 0.0005480542313307524, 0.0031948997639119625, -0.0008286441443488002, 6.137821765150875e-05, 0.0016454362776130438, 6.424658931791782e-05, -0.007955508306622505, 0.015516131184995174]], "metadata.audio_properties.analysis.downmix": "mix", "metadata.audio_properties.codec": "mp3", "metadata.audio_properties.md5_encoded": "ec532ce9b25d85582822fd9689e37971", "metadata.tags.file_name": "1183673363101659186.mp3", "metadata.version.essentia": "2.1-beta6-dev", "metadata.version.essentia_git_sha": "v2.1_beta5-1110-g77a6a954", "metadata.version.extractor": "music 2.0", "tonal.chords_key": "C", "tonal.chords_scale": "major", "tonal.key_edma.key": "Bb", "tonal.key_edma.scale": "minor", "tonal.key_krumhansl.key": "Bb", "tonal.key_krumhansl.scale": "minor", "tonal.key_temperley.key": "Bb", "tonal.key_temperley.scale": "minor", "metadata.tags.encoding": ["Lavf58.45.100"]}, "essentia_models": [{"model_name": "genre_dortmund", "activations": {"alternative": "0.0007501699", "blues": "0.00013561295", "electronic": "0.004949686", "folkcountry": "3.0148401e-05", "funksoulrnb": "0.017902909", "jazz": "0.00016197475", "pop": "0.034846976", "raphiphop": "0.95505977", "rock": "0.00042170752"}}, {"model_name": "genre_rosamerica", "activations": {"classic": "1.281724e-05", "dance": "6.1578685e-05", "hip hop": "0.019770253", "jazz": "0.00033938428", "pop": "0.009033049", "rhythm and blues": "0.92320305", "rock": "2.5108227e-05", "speech": "0.0003320764"}}, {"model_name": "genre_tzanetakis", "activations": {"blues": "1.6337255e-05", "classic": "3.3515636e-05", "country": "1.6473492e-05", "disco": "0.00020675812", "hip hop": "0.028711002", "jazz": "0.000103606726", "metal": "3.3689232e-06", "pop": "0.94694084", "reggae": "0.012873149", "rock": "0.0038689224"}}, {"model_name": "genre_electronic", "activations": {"ambient": "0.12732977", "dnb": "0.3018916", "house": "0.45345435", "techno": "0.69654065", "trance": "0.011279068"}}, {"model_name": "mood_acoustic", "activations": {"acoustic": "9.138335e-05", "not acoustic": "0.9859899"}}, {"model_name": "mood_electronic", "activations": {"electronic": "0.1307295", "not electronic": "0.33081144"}}, {"model_name": "mood_aggressive", "activations": {"aggressiv