{"song_id": "1183686087751761940", "download": "https://cdn.discordapp.com/attachments/1135911532732108921/1183686087751761940/chirp.mp4?ex=65893c93&amp", "lyrics": "-", "style": ["lo</span><span>-fi"], "essentia_features": {"lowlevel.average_loudness": 0.9427347183227539, "lowlevel.barkbands_crest.mean": 15.077566146850586, "lowlevel.barkbands_crest.stdev": 4.018555164337158, "lowlevel.barkbands_flatness_db.mean": 0.3095446825027466, "lowlevel.barkbands_flatness_db.stdev": 0.06451482325792313, "lowlevel.barkbands_kurtosis.mean": 47.840274810791016, "lowlevel.barkbands_kurtosis.stdev": 57.287437438964844, "lowlevel.barkbands_skewness.mean": 4.1840128898620605, "lowlevel.barkbands_skewness.stdev": 2.8905465602874756, "lowlevel.barkbands_spread.mean": 3.5333316326141357, "lowlevel.barkbands_spread.stdev": 4.470300674438477, "lowlevel.dissonance.mean": 0.4154324233531952, "lowlevel.dissonance.stdev": 0.07159221917390823, "lowlevel.dynamic_complexity": 3.4212427139282227, "lowlevel.erbbands_crest.mean": 13.867947578430176, "lowlevel.erbbands_crest.stdev": 4.923910617828369, "lowlevel.erbbands_flatness_db.mean": 0.22176510095596313, "lowlevel.erbbands_flatness_db.stdev": 0.05558474734425545, "lowlevel.erbbands_kurtosis.mean": 4.503779888153076, "lowlevel.erbbands_kurtosis.stdev": 5.685473442077637, "lowlevel.erbbands_skewness.mean": 1.5133678913116455, "lowlevel.erbbands_skewness.stdev": 1.22223961353302, "lowlevel.erbbands_spread.mean": 23.59502601623535, "lowlevel.erbbands_spread.stdev": 19.31571388244629, "lowlevel.hfc.mean": 7.610301971435547, "lowlevel.hfc.stdev": 10.690739631652832, "lowlevel.loudness_ebu128.integrated": -21.085660934448242, "lowlevel.loudness_ebu128.loudness_range": 2.7700023651123047, "lowlevel.loudness_ebu128.momentary.mean": -21.85970115661621, "lowlevel.loudness_ebu128.momentary.stdev": 2.7181901931762695, "lowlevel.loudness_ebu128.short_term.mean": -21.243093490600586, "lowlevel.loudness_ebu128.short_term.stdev": 0.9851059317588806, "lowlevel.melbands_crest.mean": 18.592927932739258, "lowlevel.melbands_crest.stdev": 4.673608303070068, "lowlevel.melbands_flatness_db.mean": 0.42215245962142944, "lowlevel.melbands_flatness_db.stdev": 0.07639974355697632, "lowlevel.melbands_kurtosis.mean": 59.19050216674805, "lowlevel.melbands_kurtosis.stdev": 68.57525634765625, "lowlevel.melbands_skewness.mean": 4.209317207336426, "lowlevel.melbands_skewness.stdev": 2.8478446006774902, "lowlevel.melbands_spread.mean": 3.8562660217285156, "lowlevel.melbands_spread.stdev": 5.101029872894287, "lowlevel.pitch_salience.mean": 0.3770264685153961, "lowlevel.pitch_salience.stdev": 0.11832500994205475, "lowlevel.silence_rate_20dB.mean": 1.0, "lowlevel.silence_rate_20dB.stdev": 0.0, "lowlevel.silence_rate_30dB.mean": 0.9814600348472595, "lowlevel.silence_rate_30dB.stdev": 0.13489274680614471, "lowlevel.silence_rate_60dB.mean": 0.06952491402626038, "lowlevel.silence_rate_60dB.stdev": 0.25434669852256775, "lowlevel.spectral_centroid.mean": 342.41802978515625, "lowlevel.spectral_centroid.stdev": 298.28570556640625, "lowlevel.spectral_complexity.mean": 5.041135787963867, "lowlevel.spectral_complexity.stdev": 4.3101019859313965, "lowlevel.spectral_decrease.mean": -8.807169216140665e-09, "lowlevel.spectral_decrease.stdev": 7.2257910765927136e-09, "lowlevel.spectral_energy.mean": 0.033930517733097076, "lowlevel.spectral_energy.stdev": 0.027910767123103142, "lowlevel.spectral_energyband_high.mean": 2.346112705708947e-05, "lowlevel.spectral_energyband_high.stdev": 0.00011433015606598929, "lowlevel.spectral_energyband_low.mean": 0.022155998274683952, "lowlevel.spectral_energyband_low.stdev": 0.023931613191962242, "lowlevel.spectral_energyband_middle_high.mean": 0.0012028763303533196, "lowlevel.spectral_energyband_middle_high.stdev": 0.004907139111310244, "lowlevel.spectral_energyband_middle_low.mean": 0.01401476003229618, "lowlevel.spectral_energyband_middle_low.stdev": 0.018765032291412354, "lowlevel.spectral_entropy.mean": 6.149896144866943, "lowlevel.spectral_entropy.stdev": 0.6523768901824951, "lowlevel.spectral_flux.mean": 0.04243137687444687, "lowlevel.spectral_flux.stdev": 0.04608339071273804, "lowlevel.spectral_kurtosis.mean": 17.062572479248047, "lowlevel.spectral_kurtosis.stdev": 11.399188995361328, "lowlevel.spectral_rms.mean": 0.005262698046863079, "lowlevel.spectral_rms.stdev": 0.002325279638171196, "lowlevel.spectral_rolloff.mean": 308.55938720703125, "lowlevel.spectral_rolloff.stdev": 399.397216796875, "lowlevel.spectral_skewness.mean": 3.171004295349121, "lowlevel.spectral_skewness.stdev": 1.128280520439148, "lowlevel.spectral_spread.mean": 3095441.0, "lowlevel.spectral_spread.stdev": 1037080.0625, "lowlevel.spectral_strongpeak.mean": 0.780015230178833, "lowlevel.spectral_strongpeak.stdev": 0.7818298935890198, "lowlevel.zerocrossingrate.mean": 0.013865659944713116, "lowlevel.zerocrossingrate.stdev": 0.010172353126108646, "metadata.audio_properties.analysis.equal_loudness": 0.0, "metadata.audio_properties.analysis.length": 40.04265213012695, "metadata.audio_properties.analysis.sample_rate": 44100.0, "metadata.audio_properties.analysis.start_time": 0.0, "metadata.audio_properties.bit_rate": 118496.0, "metadata.audio_properties.length": 40.042667388916016, "metadata.audio_properties.lossless": 0.0, "metadata.audio_properties.number_channels": 1.0, "metadata.audio_properties.replay_gain": -6.145009994506836, "metadata.audio_properties.sample_rate": 48000.0, "rhythm.beats_count": 64.0, "rhythm.beats_loudness.mean": 0.04298655688762665, "rhythm.beats_loudness.stdev": 0.030335132032632828, "rhythm.bpm": 85.89054107666016, "rhythm.bpm_histogram_first_peak_bpm": 86.0, "rhythm.bpm_histogram_first_peak_weight": 0.06250005960464478, "rhythm.bpm_histogram_second_peak_bpm": 112.0, "rhythm.bpm_histogram_second_peak_spread": 0.5185185074806213, "rhythm.bpm_histogram_second_peak_weight": 0.2063492089509964, "rhythm.danceability": 1.1227658987045288, "rhythm.onset_rate": 3.1207542419433594, "tonal.chords_changes_rate": 0.05324074253439903, "tonal.chords_number_rate": 0.011574073694646358, "tonal.chords_strength.mean": 0.5036311149597168, "tonal.chords_strength.stdev": 0.08503983914852142, "tonal.hpcp_crest.mean": 17.77637481689453, "tonal.hpcp_crest.stdev": 9.314106941223145, "tonal.hpcp_entropy.mean": 1.671791911125183, "tonal.hpcp_entropy.stdev": 1.0255002975463867, "tonal.key_edma.strength": 0.7556310296058655, "tonal.key_krumhansl.strength": 0.7389467358589172, "tonal.key_temperley.strength": 0.7163058519363403, "tonal.tuning_diatonic_strength": 0.5788738131523132, "tonal.tuning_equal_tempered_deviation": 0.09372804313898087, "tonal.tuning_frequency": 437.9714660644531, "tonal.tuning_nontempered_energy_ratio": 0.6800992488861084, "lowlevel.barkbands.mean": [4.85128111904487e-05, 0.009114029817283154, 0.009716669097542763, 0.005036734044551849, 0.002774918219074607, 0.00278071453794837, 0.0013189241290092468, 0.0012314043706282973, 0.00046977345482446253, 0.0006232768064364791, 0.000280841370113194, 0.0001470191200496629, 8.869553857948631e-05, 7.270082278409973e-05, 7.058828487060964e-05, 5.890975444344804e-05, 4.8828584112925455e-05, 1.303068347624503e-05, 6.890792519698152e-06, 1.0286474207532592e-05, 1.191525279864436e-05, 2.3855766357883113e-06, 1.1751396868930897e-06, 9.076378546524211e-07, 6.518217219309008e-07, 7.064888336572039e-07, 8.691846886677013e-08], "lowlevel.barkbands.stdev": [8.770461863605306e-05, 0.013944011181592941, 0.013042272999882698, 0.0075518898665905, 0.0064933751709759235, 0.0070246681571006775, 0.0036254955921322107, 0.0041863201186060905, 0.0028368947096168995, 0.0026761910412460566, 0.0014955454971641302, 0.0007044227095320821, 0.0003920518793165684, 0.0002675058785825968, 0.0004254710511304438, 0.0003790387709159404, 0.0003304565907455981, 8.223536860896274e-05, 2.8177777494420297e-05, 5.572601003223099e-05, 8.152171358233318e-05, 9.853893061517738e-06, 2.03988224711793e-06, 5.783997494290816e-07, 4.792440790879482e-07, 4.05818212811937e-07, 7.402291402058836e-08], "lowlevel.erbbands.mean": [0.18194858729839325, 2.3876547813415527, 8.4677095413208, 18.230606079101562, 12.935836791992188, 7.1924920082092285, 8.653719902038574, 24.33641815185547, 30.73444938659668, 15.359763145446777, 26.37996482849121, 14.266206741333008, 21.05729866027832, 10.206400871276855, 12.026847839355469, 5.845193386077881, 4.039044380187988, 4.372052192687988, 3.260460615158081, 3.939645290374756, 3.1371939182281494, 2.6133618354797363, 0.8597893714904785, 0.48273128271102905, 0.3518311083316803, 0.4841555058956146, 0.5755036473274231, 0.30857160687446594, 0.10034246742725372, 0.04731879383325577, 0.0302154328674078, 0.020998084917664528, 0.013779858127236366, 0.006890405900776386, 0.004996107425540686, 0.002701955148950219, 0.0013230564072728157, 0.000356324395397678, 2.3577540559927e-05, 3.742361150216311e-05], "lowlevel.erbbands.stdev": [0.31346914172172546, 3.521991491317749, 10.266858100891113, 21.937816619873047, 29.92427635192871, 16.705060958862305, 21.073047637939453, 66.65097045898438, 90.55939483642578, 47.99092102050781, 100.84752655029297, 71.52864074707031, 84.69120025634766, 51.536346435546875, 68.32806396484375, 22.001230239868164, 17.569374084472656, 16.844409942626953, 18.105239868164062, 23.251571655273438, 18.666067123413086, 19.047300338745117, 5.387114524841309, 2.516183853149414, 1.4581612348556519, 2.503382444381714, 4.06289005279541, 1.8583532571792603, 0.4284816384315491, 0.11328219622373581, 0.045681897550821304, 0.015718959271907806, 0.008575654588639736, 0.006167142651975155, 0.003373477840796113, 0.0019350089132785797, 0.0008601525914855301, 0.00024217655300162733, 1.3395010682870634e-05, 3.072330218856223e-05], "lowlevel.gfcc.mean": [-122.75047302246094, 141.5067138671875, -66.19561004638672, 20.970848083496094, -30.150489807128906, 18.990497589111328, -27.629657745361328, -3.718094825744629, -25.37250328063965, -4.786224365234375, -17.96688461303711, -8.555932998657227, -16.5345401763916], "lowlevel.melbands.mean": [0.002176267560571432, 0.00421314500272274, 0.002947733039036393, 0.0006676338380202651, 0.00030443791183643043, 0.0005837727221660316, 0.0004297896521165967, 0.00017594774544704705, 0.0002017993974732235, 7.657683454453945e-05, 0.00010313551319995895, 3.9557155105285347e-05, 3.8587859307881445e-05, 2.2778031052439474e-05, 9.129832506005187e-06, 9.214066267304588e-06, 7.932562766654883e-06, 4.987128704669885e-06, 4.915310455544386e-06, 5.2384580158104654e-06, 3.43086276188842e-06, 3.208775297025568e-06, 1.0401379313407233e-06, 5.660014608110941e-07, 3.719916037425719e-07, 2.1923226256603812e-07, 3.150744589675014e-07, 3.148936684738146e-07, 3.725951387423265e-07, 3.206054941529146e-07, 1.2349696021374257e-07, 6.18416891029483e-08, 2.9517090993635975e-08, 2.485994876622044e-08, 1.7808348573566946e-08, 1.3773812312933842e-08, 1.260854620710461e-08, 1.1092841312176915e-08, 5.942347502951861e-09, 5.7289351040878955e-09], "lowlevel.melbands.stdev": [0.0034862523898482323, 0.004708337131887674, 0.003455469850450754, 0.0015409687766805291, 0.0006821001879870892, 0.0015865892637521029, 0.0012453933013603091, 0.0005813298048451543, 0.000769415230024606, 0.00042232853593304753, 0.0004268640768714249, 0.0002275067090522498, 0.00020383138325996697, 0.00011538387479959056, 3.4689852327574044e-05, 4.232808350934647e-05, 2.960130586870946e-05, 2.6081734176841564e-05, 3.0468861950794235e-05, 3.312370245112106e-05, 1.9867853552568704e-05, 2.367421802773606e-05, 6.8877798184985295e-06, 3.5630455386126414e-06, 1.934940428327536e-06, 7.934223162919807e-07, 1.8825824099621968e-06, 1.6849692201503785e-06, 2.919704456871841e-06, 2.0897348349535605e-06, 7.275626785485656e-07, 2.825277363172063e-07, 8.108072080403872e-08, 5.82115831093688e-08, 3.1373595277273125e-08, 1.1965281210279954e-08, 9.494112163110913e-09, 6.867185486925109e-09, 5.590464091653757e-09, 5.312529527401466e-09], "lowlevel.melbands128.mean": [4.405580693855882e-05, 0.0008998439298011363, 0.003404787741601467, 0.004015950486063957, 0.0035081026144325733, 0.005498587153851986, 0.004106100648641586, 0.0020773664582520723, 0.001289069070480764, 0.0005382057279348373, 0.000316726160235703, 0.0003507009241729975, 0.00025103322695940733, 0.00032132267369888723, 0.00037592239095829427, 0.00096013123402372, 0.0008027582662180066, 0.0002274232538184151, 0.00011528715549502522, 0.00016005181532818824, 0.00019303345470689237, 0.00023300507746171206, 0.00025376459234394133, 9.295136260334402e-05, 0.00010528656275710091, 4.057475962326862e-05, 7.375579298241064e-05, 0.00016911547572817653, 5.9627196606015787e-05, 4.407143933349289e-05, 3.1114050216274336e-05, 3.0342123864102177e-05, 3.718378866324201e-05, 5.475024227052927e-05, 2.2355639885063283e-05, 1.7184669559355825e-05, 1.3894036783312913e-05, 6.525918252009433e-06, 8.356220860150643e-06, 8.569360034016427e-06, 9.499371117271949e-06, 1.0366031347075477e-05, 7.625666512467433e-06, 7.708384146098979e-06, 4.463252935238415e-06, 4.33520290243905e-06, 6.192864020704292e-06, 3.4582287753437413e-06, 5.358057933335658e-06, 6.078106707718689e-06, 5.502246949617984e-06, 4.515968612395227e-06, 2.4261219095933484e-06, 3.539279077813262e-06, 4.029545380035415e-06, 3.8458356357296e-06, 1.8873831777455052e-06, 1.057155714079272e-06, 8.473201091874216e-07, 6.793094939894218e-07, 5.575413410952024e-07, 4.611583790392615e-07, 4.825488417736779e-07, 3.264522661083902e-07, 2.3480745880988252e-07, 2.145030890687849e-07, 1.9939224671361444e-07, 2.474778568739566e-07, 4.1790369209593337e-07, 2.9307580007298384e-07, 3.124741283500043e-07, 3.166718443026184e-07, 3.189874462350417e-07, 4.809032247976575e-07, 2.8841077437391505e-07, 3.442521006036259e-07, 3.7109637673893303e-07, 1.3817088984069414e-07, 9.930478483965999e-08, 8.111646110364745e-08, 7.518429612218824e-08, 5.226740995567525e-08, 3.305195761527102e-08, 2.8808551988390718e-08, 2.3278255767422706e-08, 2.6338433656292182e-08, 2.6342242165355856e-08, 1.9948066309893875e-08, 1.7329307766544844e-08, 1.6252329260169063e-08, 1.5057100455351247e-08, 1.2345692468329617e-08, 1.2757162437537772e-08, 1.2106291080726805e-08, 1.2972274809897044e-08, 1.3353465000420783e-08, 1.1143461264850885e-08, 7.428356152416882e-09, 5.682735615408774e-09, 5.346203924005977e-09, 4.9448951600084e-09, 5.930536506326689e-09, 6.488357850997772e-09, 6.265786556269859e-09, 5.726042306974932e-09, 5.1271622503179515e-09, 5.080924125877573e-09, 4.811451237429765e-09, 4.577521028892306e-09, 4.497357153354642e-09, 4.142645781968213e-09, 4.346454307579961e-09, 4.613425641508684e-09, 3.703257256404413e-09, 3.751680743846464e-09, 4.649276963419879e-09, 3.320568042752825e-09, 4.727223057443553e-10, 3.028307205693581e-12, 2.921196270988524e-12, 2.8441884264429618e-12, 2.806651829348472e-12, 2.7569942856464635e-12, 2.6993177658363177e-12, 2.5540288200315286e-12, 2.3252784246696745e-12, 2.2003705281437025e-12, 2.1738364146955957e-12], "lowlevel.melbands128.stdev": [8.419885853072628e-05, 0.0017263047629967332, 0.006117074750363827, 0.006258936133235693, 0.004730131011456251, 0.007692718878388405, 0.005246018059551716, 0.004098613280802965, 0.00389071530662477, 0.001690060249529779, 0.001073123887181282, 0.0009324949351139367, 0.00093350640963763, 0.0010019582696259022, 0.0014985925517976284, 0.0031949684489518404, 0.00280951545573771, 0.0009541083127260208, 0.0005301631172187626, 0.0006458237185142934, 0.0009031370282173157, 0.0009905900806188583, 0.0011609430657699704, 0.000610684510320425, 0.0006527387886308134, 0.0003436925180722028, 0.00029803442885167897, 0.0006533264531753957, 0.00048194994451478124, 0.00030197101295925677, 0.00020357672474347055, 0.00018200883641839027, 0.00021578768792096525, 0.0004463606746867299, 0.0001585551508469507, 7.00152522767894e-05, 4.868453834205866e-05, 3.323400960653089e-05, 4.21254662796855e-05, 4.862280184170231e-05, 5.1961666031274945e-05, 5.4256805015029386e-05, 3.127248783130199e-05, 2.9361573979258537e-05, 2.424484227958601e-05, 2.63538422586862e-05, 5.128797056386247e-05, 2.4400518668699078e-05, 3.995976294390857e-05, 3.7783018342452124e-05, 3.892396853188984e-05, 3.7634672480635345e-05, 1.8441634892951697e-05, 2.072684765153099e-05, 2.550087265262846e-05, 3.5414450394455343e-05, 1.6727262845961377e-05, 7.177728093665792e-06, 6.659927748842165e-06, 4.748738319904078e-06, 3.697537977132015e-06, 2.928207777586067e-06, 3.1550882795272628e-06, 1.5398904906760436e-06, 1.0006264119510888e-06, 8.696262625562667e-07, 7.095936780388001e-07, 1.4505224044114584e-06, 3.0323833470902173e-06, 1.6149780321939033e-06, 1.7662831623965758e-06, 2.11106475944689e-06, 2.366598891967442e-06, 4.966708274878329e-06, 1.92925836017821e-06, 2.3861032332206378e-06, 2.5292961254308466e-06, 8.541146598872729e-07, 6.22905815816921e-07, 5.083971359454154e-07, 3.628131537425361e-07, 2.380378418820328e-07, 1.0828329521928026e-07, 8.580511945410763e-08, 5.2603144951035574e-08, 6.835316668230007e-08, 7.089346354405279e-08, 4.0476461293792454e-08, 4.059730684957685e-08, 2.1176907338826823e-08, 1.5523621499369256e-08, 1.2924400216718368e-08, 1.1785496134564255e-08, 1.0680697215548207e-08, 1.2690149375771398e-08, 9.822769264644649e-09, 7.778824695492403e-09, 6.034897914730664e-09, 6.883801972890069e-09, 6.294041732246569e-09, 6.835416677120065e-09, 6.252614426216496e-09, 5.589355644985972e-09, 4.751847360040529e-09, 4.908210726739526e-09, 5.220821996942959e-09, 4.261665242921708e-09, 4.030454636705372e-09, 4.8329811264125055e-09, 4.562885180803278e-09, 3.645060031587377e-09, 3.5753309202135597e-09, 4.652574769892226e-09, 2.9077145136113813e-09, 2.9754867458819945e-09, 3.792310021566436e-09, 2.7746092090552565e-09, 4.957699806240612e-10, 4.559590552344339e-12, 4.3994322074247805e-12, 4.292877685274643e-12, 4.1975567986740625e-12, 4.1180448807909276e-12, 4.048151570901215e-12, 3.98596867318135e-12, 3.940148120967768e-12, 3.905041220941818e-12, 3.884051500563368e-12], "lowlevel.mfcc.mean": [-789.5446166992188, 181.20448303222656, 25.403486251831055, 23.927589416503906, 19.307844161987305, 22.97206687927246, 10.835792541503906, 5.5082526206970215, -1.8591594696044922, 2.321286916732788, -5.018850803375244, -1.3085256814956665, -4.169274806976318], "lowlevel.spectral_contrast_coeffs.mean": [-0.5850980281829834, -0.7220690846443176, -0.7942776679992676, -0.8320072889328003, -0.8430491089820862, -0.8044038414955139], "lowlevel.spectral_contrast_coeffs.stdev": [0.09495013952255249, 0.13859039545059204, 0.0903182402253151, 0.046732403337955475, 0.036722201853990555, 0.04631408676505089], "lowlevel.spectral_contrast_valleys.mean": [-7.357428550720215, -8.015888214111328, -8.367890357971191, -8.828781127929688, -9.37220287322998, -12.116300582885742], "lowlevel.spectral_contrast_valleys.stdev": [0.7914994359016418, 0.8159478902816772, 0.6138579249382019, 0.5894099473953247, 0.5471532344818115, 0.33836790919303894], "rhythm.beats_loudness_band_ratio.mean": [0.6459929347038269, 0.18292884528636932, 0.12263838946819305, 0.06590017676353455, 0.03858920931816101, 0.003469643648713827], "rhythm.beats_loudness_band_ratio.stdev": [0.30915334820747375, 0.21543553471565247, 0.1567898839712143, 0.10064692050218582, 0.07945138216018677, 0.005565844476222992], "tonal.hpcp.mean": [0.11429044604301453, 0.07141361385583878, 0.017445122823119164, 0.011927918531000614, 0.010659835301339626, 0.03488995507359505, 0.07023946195840836, 0.055136825889348984, 0.2166425883769989, 0.45860615372657776, 0.27358630299568176, 0.02419400028884411, 0.012551458552479744, 0.010440392419695854, 0.024954063817858696, 0.061879608780145645, 0.055740728974342346, 0.0413116030395031, 0.047747284173965454, 0.02601446956396103, 0.08558158576488495, 0.2040199637413025, 0.14544881880283356, 0.08981756865978241, 0.1327376365661621, 0.07081489264965057, 0.018004441633820534, 0.020895855501294136, 0.012778066098690033, 0.05586089938879013, 0.14745762944221497, 0.09928090125322342, 0.011493038386106491, 0.013383042067289352, 0.016610965132713318, 0.0640810877084732], "tonal.hpcp.stdev": [0.2905696630477905, 0.19937542080879211, 0.09241893887519836, 0.07084374129772186, 0.061857182532548904, 0.12557218968868256, 0.21435880661010742, 0.15286554396152496, 0.23739279806613922, 0.44341346621513367, 0.28546616435050964, 0.10872431844472885, 0.07808846980333328, 0.07158492505550385, 0.09865524619817734, 0.20971328020095825, 0.18353500962257385, 0.15323308110237122, 0.18568795919418335, 0.11388632655143738, 0.18508058786392212, 0.3616158366203308, 0.2630501687526703, 0.1974978893995285, 0.300014853477478, 0.17683088779449463, 0.0917150229215622, 0.11268091946840286, 0.07581046968698502, 0.12988999485969543, 0.3171478807926178, 0.21640095114707947, 0.06914011389017105, 0.0830199345946312, 0.08931123465299606, 0.18469732999801636], "rhythm.beats_position": [0.5108389854431152, 1.0448979139328003, 1.5789568424224854, 2.11301589012146, 2.6470746994018555, 3.18113374710083, 3.703582763671875, 4.22603178024292, 4.7600908279418945, 5.27092981338501, 5.804988384246826, 6.339047431945801, 6.884716510772705, 7.430385589599609, 7.9760541915893555, 8.521722793579102, 9.055782318115234, 9.60145092010498, 10.147119522094727, 10.657958984375, 11.192017555236816, 11.72607707977295, 12.260135650634766, 12.805805206298828, 13.351473808288574, 13.89714241027832, 14.442811965942383, 14.988480567932129, 15.534149169921875, 16.068208694458008, 16.718366622924805, 17.380136489868164, 18.09995460510254, 18.831382751464844, 19.53959083557129, 20.247800827026367, 20.944398880004883, 21.6409969329834, 22.337596893310547, 23.034194946289062, 23.730792999267578, 24.427391052246094, 25.123991012573242, 25.820589065551758, 26.517187118530273, 27.213787078857422, 27.910385131835938, 28.606983184814453, 29.3035831451416, 30.000181198120117, 30.696779251098633, 31.404987335205078, 32.113197326660156, 32.80979537963867, 33.50639343261719, 34.2029914855957, 34.89958953857422, 35.59619140625, 36.292789459228516, 36.98938751220703, 37.68598556518555, 38.38258361816406, 39.07918167114258, 39.775779724121094], "rhythm.bpm_histogram": [0.0, 0.0, 0.0, 0.0, 0.0, 0.0, 0.0, 0.0, 0.0, 0.0, 0.0, 0.0, 0.0, 0.0, 0.0, 0.0, 0.0, 0.0, 0.0, 0.0, 0.0, 0.0, 0.0, 0.0, 0.0, 0.0, 0.0, 0.0, 0.0, 0.0, 0.0, 0.0, 0.0, 0.0, 0.0, 0.0, 0.0, 0.0, 0.0, 0.0, 0.0, 0.0, 0.0, 0.0, 0.0, 0.0, 0.0, 0.0, 0.0, 0.0, 0.0, 0.0, 0.0, 0.0, 0.0, 0.0, 0.0, 0.0, 0.0, 0.0, 0.0, 0.0, 0.0, 0.0, 0.0, 0.0, 0.0, 0.0, 0.0, 0.0, 0.0, 0.0, 0.0, 0.0, 0.0, 0.0, 0.0, 0.0, 0.0, 0.0, 0.0, 0.0, 0.01587301678955555, 0.01587301678955555, 0.0, 0.0634920671582222, 0.4126984179019928, 0.0, 0.0, 0.0, 0.0, 0.01587301678955555, 0.01587301678955555, 0.0, 0.0, 0.0, 0.0, 0.0, 0.0, 0.0, 0.0, 0.0, 0.0, 0.0, 0.0, 0.0, 0.0, 0.0, 0.0, 0.0, 0.190476194024086, 0.0, 0.2063492089509964, 0.0, 0.0, 0.0317460335791111, 0.0, 0.0317460335791111, 0.0, 0.0, 0.0, 0.0, 0.0, 0.0, 0.0, 0.0, 0.0, 0.0, 0.0, 0.0, 0.0, 0.0, 0.0, 0.0, 0.0, 0.0, 0.0, 0.0, 0.0, 0.0, 0.0, 0.0, 0.0, 0.0, 0.0, 0.0, 0.0, 0.0, 0.0, 0.0, 0.0, 0.0, 0.0, 0.0, 0.0, 0.0, 0.0, 0.0, 0.0, 0.0, 0.0, 0.0, 0.0, 0.0, 0.0, 0.0, 0.0, 0.0, 0.0, 0.0, 0.0, 0.0, 0.0, 0.0, 0.0, 0.0, 0.0, 0.0, 0.0, 0.0, 0.0, 0.0, 0.0, 0.0, 0.0, 0.0, 0.0, 0.0, 0.0, 0.0, 0.0, 0.0, 0.0, 0.0, 0.0, 0.0, 0.0, 0.0, 0.0, 0.0, 0.0, 0.0, 0.0, 0.0, 0.0, 0.0, 0.0, 0.0, 0.0, 0.0, 0.0, 0.0, 0.0, 0.0, 0.0, 0.0, 0.0, 0.0, 0.0, 0.0, 0.0, 0.0, 0.0, 0.0, 0.0, 0.0, 0.0, 0.0, 0.0, 0.0, 0.0, 0.0, 0.0, 0.0, 0.0, 0.0, 0.0, 0.0, 0.0, 0.0, 0.0, 0.0, 0.0, 0.0, 0.0, 0.0, 0.0, 0.0, 0.0, 0.0], "tonal.chords_histogram": [18.75, 21.875, 28.125, 2.1990740299224854, 1.2731481790542603, 0.0, 0.0, 0.0, 0.8101851940155029, 0.0, 1.0416666269302368, 0.0, 0.0, 0.0, 0.0, 0.0, 0.0, 17.36111068725586, 0.0, 4.166666507720947, 0.0, 3.2407407760620117, 0.0, 1.1574074029922485], "tonal.thpcp": [1.0, 0.5965604782104492, 0.052755508571863174, 0.027368709444999695, 0.02276548743247986, 0.054412841796875, 0.13492974638938904, 0.12154378741979599, 0.09008079022169113, 0.10411392152309418, 0.05672507733106613, 0.18661238253116608, 0.44486966729164124, 0.31715407967567444, 0.19584903120994568, 0.28943711519241333, 0.15441331267356873, 0.03925905004143715, 0.04556383565068245, 0.027862831950187683, 0.1218058243393898, 0.32153433561325073, 0.21648401021957397, 0.025060802698135376, 0.02918199449777603, 0.03622054681181908, 0.13973011076450348, 0.24921263754367828, 0.1557188332080841, 0.0380394421517849, 0.02600906789302826, 0.023243986070156097, 0.07607825100421906, 0.15315857529640198, 0.12022696435451508, 0.47239354252815247], "lowlevel.gfcc.cov": [[2334.631103515625, 912.2479248046875, -624.8565063476562, -592.0736694335938, -398.092529296875, -518.6074829101562, -229.11660766601562, -68.3973617553711, 170.78994750976562, -67.49115753173828, -5.148812770843506, -42.201358795166016, 147.78262329101562], [912.2479248046875, 747.919189453125, -126.94912719726562, -606.400634765625, -348.01214599609375, -368.1949157714844, -266.85369873046875, -34.64839172363281, 112.10270690917969, -66.92232513427734, 14.393926620483398, -29.028886795043945, 69.18772888183594], [-624.8565063476562, -126.94912719726562, 880.1966552734375, 410.0875244140625, 291.5851745605469, 216.79713439941406, 164.0563201904297, -22.094871520996094, -51.18024826049805, 17.598112106323242, 26.082857131958008, -25.180898666381836, -105.96236419677734], [-592.0736694335938, -606.400634765625, 410.0875244140625, 1111.8515625, 679.4762573242188, 519.7380981445312, 540.4173583984375, 31.8524112701416, -35.95158004760742, 97.53042602539062, 77.7568588256836, 21.687713623046875, -19.875425338745117], [-398.092529296875, -348.01214599609375, 291.5851745605469, 679.4762573242188, 664.2489624023438, 477.9369812011719, 395.95135498046875, 69.72920227050781, 31.723398208618164, 52.750404357910156, 68.09204864501953, 25.895490646362305, -7.4446282386779785], [-518.6074829101562, -368.1949157714844, 216.79713439941406, 519.7380981445312, 477.9369812011719, 451.356201171875, 327.27459716796875, 87.25613403320312, 6.129251003265381, 54.43532180786133, 45.692806243896484, 20.670549392700195, -13.448891639709473], [-229.11660766601562, -266.85369873046875, 164.0563201904297, 540.4173583984375, 395.95135498046875, 327.27459716796875, 388.8854064941406, 77.7095718383789, 37.989646911621094, 64.61851501464844, 54.90244674682617, 17.714984893798828, 1.0046234130859375], [-68.3973617553711, -34.64839172363281, -22.094871520996094, 31.8524112701416, 69.72920227050781, 87.25613403320312, 77.7095718383789, 99.25717163085938, 49.55147933959961, 31.262826919555664, 16.653520584106445, 21.208845138549805, 11.309538841247559], [170.78994750976562, 112.10270690917969, -51.18024826049805, -35.95158004760742, 31.723398208618164, 6.129251003265381, 37.989646911621094, 49.55147933959961, 107.64884185791016, 32.83238983154297, 36.309776306152344, 12.404863357543945, 32.24910354614258], [-67.49115753173828, -66.92232513427734, 17.598112106323242, 97.53042602539062, 52.750404357910156, 54.43532180786133, 64.61851501464844, 31.262826919555664, 32.83238983154297, 88.59949493408203, 45.90147018432617, 34.39521789550781, -1.1421780586242676], [-5.148812770843506, 14.393926620483398, 26.082857131958008, 77.7568588256836, 68.09204864501953, 45.692806243896484, 54.90244674682617, 16.653520584106445, 36.309776306152344, 45.90147018432617, 80.1588134765625, 42.13655471801758, 20.76032066345215], [-42.201358795166016, -29.028886795043945, -25.180898666381836, 21.687713623046875, 25.895490646362305, 20.670549392700195, 17.714984893798828, 21.208845138549805, 12.404863357543945, 34.39521789550781, 42.13655471801758, 77.42462158203125, 33.37998962402344], [147.78262329101562, 69.18772888183594, -105.96236419677734, -19.875425338745117, -7.4446282386779785, -13.448891639709473, 1.0046234130859375, 11.309538841247559, 32.24910354614258, -1.1421780586242676, 20.76032066345215, 33.37998962402344, 97.1794204711914]], "lowlevel.gfcc.icov": [[0.0015403979923576117, -0.002455414505675435, 0.0011922457488253713, -0.0008321881759911776, -0.0005491781630553305, 0.0010251724161207676, -0.0006594758597202599, 0.0007257898105308414, 5.64566689718049e-05, -0.0008732934365980327, 0.0016781330341473222, -0.0002415594644844532, 0.0002530711062718183], [-0.002455414505675435, 0.010423123836517334, -0.0033828529994934797, 0.005107794422656298, -0.0011861776001751423, 0.0035015565808862448, -0.0009790498297661543, -0.0004906112444587052, -0.003868081606924534, 0.004166840575635433, -0.008216073736548424, 0.005045589525252581, -0.004515138454735279], [0.0011922457488253713, -0.0033828529994934797, 0.002952493727207184, -0.0020643321331590414, -0.00021528213983401656, -0.0006211632862687111, 0.00044569981400854886, 0.0007410736870951951, 0.0008595655090175569, -0.0007482279324904084, 0.001676623709499836, -0.0011304011568427086, 0.0029352668207138777], [-0.0008321881759911776, 0.005107794422656298, -0.0020643321331590414, 0.008501552976667881, -0.00418576505035162, 0.0034466551151126623, -0.006610007956624031, 0.0025683993007987738, 0.0029955666977912188, -0.0021356435026973486, -0.0042489636689424515, 0.0044624218717217445, -0.004601666238158941], [-0.0005491781630553305, -0.0011861776001751423, -0.00021528213983401656, -0.00418576505035162, 0.011673389002680779, -0.010775206610560417, 0.0012957474682480097, 0.0027906768955290318, -0.006075643002986908, 0.004818615037947893, 0.0006723299738951027, -0.004631491377949715, 0.0031737976241856813], [0.0010251724161207676, 0.0035015565808862448, -0.0006211632862687111, 0.0034466551151126623, -0.010775206610560417, 0.019312748685479164, -0.00540477829053998, -0.006639041937887669, 0.005039945710450411, -0.0016966665862128139, -0.003897382877767086, 0.006135191768407822, -0.004315780475735664], [-0.0006594758597202599, -0.0009790498297661543, 0.00044569981400854886, -0.006610007956624031, 0.0012957474682480097, -0.00540477829053998, 0.014944816008210182, -0.004923911765217781, -0.00390829099342227, 0.0009458003332838416, 0.000155590518261306, -0.0005630582454614341, 0.0020720770116895437], [0.0007257898105308414, -0.0004906112444587052, 0.0007410736870951951, 0.0025683993007987738, 0.0027906768955290318, -0.006639041937887669, -0.004923911765217781, 0.023145992308855057, -0.009809339419007301, -0.001993347192183137, 0.005704372189939022, -0.005825643427670002, 0.0012453672243282199], [5.64566689718049e-05, -0.003868081606924534, 0.0008595655090175569, 0.0029955666977912188, -0.006075643002986908, 0.005039945710450411, -0.00390829099342227, -0.009809339419007301, 0.027307361364364624, -0.010105296969413757, -0.004438366740942001, 0.006971933413296938, -0.004995344206690788], [-0.0008732934365980327, 0.004166840575635433, -0.0007482279324904084, -0.0021356435026973486, 0.004818615037947893, -0.0016966665862128139, 0.0009458003332838416, -0.001993347192183137, -0.010105296969413757, 0.025980787351727486, -0.010406598448753357, -0.005974936299026012, 0.005399597808718681], [0.0016781330341473222, -0.008216073736548424, 0.001676623709499836, -0.0042489636689424515, 0.0006723299738951027, -0.003897382877767086, 0.000155590518261306, 0.005704372189939022, -0.004438366740942001, -0.010406598448753357, 0.03321761637926102, -0.015045469626784325, 0.002525614108890295], [-0.0002415594644844532, 0.005045589525252581, -0.0011304011568427086, 0.0044624218717217445, -0.004631491377949715, 0.006135191768407822, -0.0005630582454614341, -0.005825643427670002, 0.006971933413296938, -0.005974936299026012, -0.015045469626784325, 0.029441798105835915, -0.011649384163320065], [0.0002530711062718183, -0.004515138454735279, 0.0029352668207138777, -0.004601666238158941, 0.0031737976241856813, -0.004315780475735664, 0.0020720770116895437, 0.0012453672243282199, -0.004995344206690788, 0.005399597808718681, 0.002525614108890295, -0.011649384163320065, 0.02004195936024189]], "lowlevel.mfcc.cov": [[2314.434814453125, 796.3615112304688, -607.6506958007812, -258.5917663574219, -390.1068420410156, -463.6324768066406, -494.6172180175781, -234.9104766845703, -9.64917278289795, -124.90301513671875, -130.26654052734375, -66.80187225341797, 40.52339553833008], [796.3615112304688, 1020.930419921875, 5.7115349769592285, -475.5604248046875, -207.7583465576172, -522.8963012695312, -486.4317626953125, -231.8240966796875, -131.0625762939453, -118.51658630371094, -106.86058807373047, -106.2924575805664, 10.596089363098145], [-607.6506958007812, 5.7115349769592285, 567.427490234375, 179.67518615722656, 111.27863311767578, 106.5506820678711, 118.89595794677734, 13.471796035766602, -42.952640533447266, 23.23869514465332, 49.42469787597656, 23.442581176757812, -12.710552215576172], [-258.5917663574219, -475.5604248046875, 179.67518615722656, 570.8630981445312, 203.660888671875, 439.3476867675781, 384.3465270996094, 182.11302185058594, 108.23876953125, 108.81230926513672, 108.0824966430664, 130.8417510986328, 30.194778442382812], [-390.1068420410156, -207.7583465576172, 111.27863311767578, 203.660888671875, 299.9593811035156, 298.2178955078125, 255.40106201171875, 161.19247436523438, 80.345703125, 89.83673858642578, 78.23308563232422, 63.283382415771484, 17.30219268798828], [-463.6324768066406, -522.8963012695312, 106.5506820678711, 439.3476867675781, 298.2178955078125, 544.2622680664062, 458.2452392578125, 251.2041473388672, 144.61956787109375, 143.98452758789062, 126.28860473632812, 139.4988250732422, 30.247480392456055], [-494.6172180175781, -486.4317626953125, 118.89595794677734, 384.3465270996094, 255.40106201171875, 458.2452392578125, 455.9347839355469, 247.30001831054688, 131.1491241455078, 129.90310668945312, 124.22933197021484, 125.16181182861328, 26.32341957092285], [-234.9104766845703, -231.8240966796875, 13.471796035766602, 182.11302185058594, 161.19247436523438, 251.2041473388672, 247.30001831054688, 202.308837890625, 109.7765884399414, 90.0660629272461, 73.89031219482422, 73.55677795410156, 23.202096939086914], [-9.64917278289795, -131.0625762939453, -42.952640533447266, 108.23876953125, 80.345703125, 144.61956787109375, 131.1491241455078, 109.7765884399414, 130.58981323242188, 77.30864715576172, 43.57952117919922, 47.13789367675781, 27.77008819580078], [-124.90301513671875, -118.51658630371094, 23.23869514465332, 108.81230926513672, 89.83673858642578, 143.98452758789062, 129.90310668945312, 90.0660629272461, 77.30864715576172, 99.27901458740234, 65.9579086303711, 56.024818420410156, 20.641063690185547], [-130.26654052734375, -106.86058807373047, 49.42469787597656, 108.0824966430664, 78.23308563232422, 126.28860473632812, 124.22933197021484, 73.89031219482422, 43.57952117919922, 65.9579086303711, 103.18746948242188, 77.09772491455078, 25.734682083129883], [-66.80187225341797, -106.2924575805664, 23.442581176757812, 130.8417510986328, 63.283382415771484, 139.4988250732422, 125.16181182861328, 73.55677795410156, 47.13789367675781, 56.024818420410156, 77.09772491455078, 117.69309997558594, 58.51057815551758], [40.52339553833008, 10.596089363098145, -12.710552215576172, 30.194778442382812, 17.30219268798828, 30.247480392456055, 26.32341957092285, 23.202096939086914, 27.77008819580078, 20.641063690185547, 25.734682083129883, 58.51057815551758, 87.67017364501953]], "lowlevel.mfcc.icov": [[0.0020108926109969616, -0.002415127819404006, 0.0025520434137433767, -0.0024706325493752956, 0.0015210992423817515, -0.0006347107701003551, 0.0003337638918310404, 0.0012298638466745615, -0.0017052143812179565, 0.0012633908772841096, -0.0007517453050240874, 0.0004714089154731482, 0.00022515478485729545], [-0.002415127819404006, 0.005604545585811138, -0.003903679782524705, 0.003627587342634797, -0.00290711154229939, 0.002157273469492793, 0.002250947989523411, -0.0024309142027050257, 0.0017242914764210582, -0.001682732836343348, 0.0012400129344314337, -0.001637095119804144, -0.0010008708341047168], [0.0025520434137433767, -0.003903679782524705, 0.006066812202334404, -0.004465455189347267, 0.0009731258032843471, 0.0002742260112427175, -0.0017152315704151988, 0.0028954865410923958, -0.00010395819845143706, 0.000667307642288506, -0.0016871140105649829, 0.001357685774564743, 0.000636717421002686], [-0.0024706325493752956, 0.003627587342634797, -0.004465455189347267, 0.00891038402915001, -0.0005924593424424529, -0.003231613663956523, -0.0012197430478408933, -0.00022617376816924661, 0.0007647285819984972, -0.0005907718441449106, 0.0013211414916440845, -0.002286767354235053, -0.00031951870187185705], [0.0015210992423817515, -0.00290711154229939, 0.0009731258032843471, -0.0005924593424424529, 0.010939630679786205, -0.007265288382768631, 0.0006948041263967752, -0.0021643764339387417, -5.8654633903643116e-05, 0.00016382629110012203, -0.0027047311887145042, 0.004530895967036486, -0.0015447107143700123], [-0.0006347107701003551, 0.002157273469492793, 0.0002742260112427175, -0.003231613663956523, -0.007265288382768631, 0.020180784165859222, -0.01100541278719902, 0.0009115493739955127, -0.0003783782303798944, -0.003661299357190728, 0.004446894861757755, -0.005947939585894346, 0.002365934196859598], [0.0003337638918310404, 0.002250947989523411, -0.0017152315704151988, -0.0012197430478408933, 0.0006948041263967752, -0.01100541278719902, 0.02354789339005947, -0.011091165244579315, 0.0005310538108460605, 0.001554547343403101, -0.0039517926052212715, 0.0002519469999242574, -0.00027244098600931466], [0.0012298638466745615, -0.0024309142027050257, 0.0028954865410923958, -0.00022617376816924661, -0.0021643764339387417, 0.0009115493739955127, -0.011091165244579315, 0.022877750918269157, -0.008746044710278511, 9.735781350173056e-05, -0.000492895778734237, -0.0010676460806280375, 0.0012158799218013883], [-0.0017052143812179565, 0.0017242914764210582, -0.00010395819845143706, 0.0007647285819984972, -5.8654633903643116e-05, -0.0003783782303798944, 0.0005310538108460605, -0.008746044710278511, 0.022716807201504707, -0.013363465666770935, 0.0033165982458740473, 0.0021503670141100883, -0.0038594307843595743], [0.0012633908772841096, -0.001682732836343348, 0.000667307642288506, -0.0005907718441449106, 0.00016382629110012203, -0.003661299357190728, 0.001554547343403101, 9.735781350173056e-05, -0.013363465666770935, 0.031424809247255325, -0.012281790375709534, 0.00022733437072020024, 0.000945746956858784], [-0.0007517453050240874, 0.0012400129344314337, -0.0016871140105649829, 0.0013211414916440845, -0.0027047311887145042, 0.004446894861757755, -0.0039517926052212715, -0.000492895778734237, 0.0033165982458740473, -0.012281790375709534, 0.028439601883292198, -0.01575874723494053, 0.0038247425109148026], [0.0004714089154731482, -0.001637095119804144, 0.001357685774564743, -0.002286767354235053, 0.004530895967036486, -0.005947939585894346, 0.0002519469999242574, -0.0010676460806280375, 0.0021503670141100883, 0.00022733437072020024, -0.01575874723494053, 0.03117564134299755, -0.014586060307919979], [0.00022515478485729545, -0.0010008708341047168, 0.000636717421002686, -0.00031951870187185705, -0.0015447107143700123, 0.002365934196859598, -0.00027244098600931466, 0.0012158799218013883, -0.0038594307843595743, 0.000945746956858784, 0.0038247425109148026, -0.014586060307919979, 0.020486008375883102]], "metadata.audio_properties.analysis.downmix": "mix", "metadata.audio_properties.codec": "mp3", "metadata.audio_properties.md5_encoded": "2d5b4b36761c7f2407f8ddee3a5565af", "metadata.tags.file_name": "1183686087751761940.mp3", "metadata.version.essentia": "2.1-beta6-dev", "metadata.version.essentia_git_sha": "v2.1_beta5-1110-g77a6a954", "metadata.version.extractor": "music 2.0", "tonal.chords_key": "C", "tonal.chords_scale": "major", "tonal.key_edma.key": "F", "tonal.key_edma.scale": "major", "tonal.key_krumhansl.key": "F", "tonal.key_krumhansl.scale": "major", "tonal.key_temperley.key": "F", "tonal.key_temperley.scale": "major", "metadata.tags.encoding": ["Lavf58.45.100"]}, "essentia_models": [{"model_name": "genre_dortmund", "activations": {"alternative": "0.031471886", "blues": "0.0069516627", "electronic": "0.2753331", "folkcountry": "0.011951438", "funksoulrnb": "0.012364054", "ja