{"song_id": "1183715570298916926", "download": "https://cdn.discordapp.com/attachments/1135903449314238464/1183715570298916926/chirp.mp4?ex=65895808&amp", "lyrics": "[Verse] Bella e Duda, a dupla mais querida Todas as noites \u00e9 s\u00f3 duelos e disputa (disputa) O Gebona e o Bonde na ajudabriga entre a gente, a parada \u00e9 bruta (ooh yeah) A galera toda vibra, ningu\u00e9m aguenta a press\u00e3o", "style": ["rap"], "essentia_features": {"lowlevel.average_loudness": 0.9797301292419434, "lowlevel.barkbands_crest.mean": 13.547069549560547, "lowlevel.barkbands_crest.stdev": 5.7727508544921875, "lowlevel.barkbands_flatness_db.mean": 0.14270704984664917, "lowlevel.barkbands_flatness_db.stdev": 0.07064653933048248, "lowlevel.barkbands_kurtosis.mean": 16.08073616027832, "lowlevel.barkbands_kurtosis.stdev": 119.479248046875, "lowlevel.barkbands_skewness.mean": 2.3595705032348633, "lowlevel.barkbands_skewness.stdev": 2.807681083679199, "lowlevel.barkbands_spread.mean": 25.011445999145508, "lowlevel.barkbands_spread.stdev": 18.06771469116211, "lowlevel.dissonance.mean": 0.4316263496875763, "lowlevel.dissonance.stdev": 0.044184088706970215, "lowlevel.dynamic_complexity": 2.291030168533325, "lowlevel.erbbands_crest.mean": 13.461202621459961, "lowlevel.erbbands_crest.stdev": 6.041698455810547, "lowlevel.erbbands_flatness_db.mean": 0.15153935551643372, "lowlevel.erbbands_flatness_db.stdev": 0.05286506190896034, "lowlevel.erbbands_kurtosis.mean": 4.199505805969238, "lowlevel.erbbands_kurtosis.stdev": 23.432397842407227, "lowlevel.erbbands_skewness.mean": 1.2495683431625366, "lowlevel.erbbands_skewness.stdev": 1.545264482498169, "lowlevel.erbbands_spread.mean": 44.833316802978516, "lowlevel.erbbands_spread.stdev": 26.630685806274414, "lowlevel.hfc.mean": 32.079891204833984, "lowlevel.hfc.stdev": 24.740739822387695, "lowlevel.loudness_ebu128.integrated": -12.31495475769043, "lowlevel.loudness_ebu128.loudness_range": 0.9967613220214844, "lowlevel.loudness_ebu128.momentary.mean": -12.4325590133667, "lowlevel.loudness_ebu128.momentary.stdev": 1.0495483875274658, "lowlevel.loudness_ebu128.short_term.mean": -12.327439308166504, "lowlevel.loudness_ebu128.short_term.stdev": 0.34198063611984253, "lowlevel.melbands_crest.mean": 17.35942268371582, "lowlevel.melbands_crest.stdev": 6.89949369430542, "lowlevel.melbands_flatness_db.mean": 0.21262705326080322, "lowlevel.melbands_flatness_db.stdev": 0.08025191724300385, "lowlevel.melbands_kurtosis.mean": 34.525474548339844, "lowlevel.melbands_kurtosis.stdev": 104.06378173828125, "lowlevel.melbands_skewness.mean": 3.3880550861358643, "lowlevel.melbands_skewness.stdev": 3.1020843982696533, "lowlevel.melbands_spread.mean": 17.996469497680664, "lowlevel.melbands_spread.stdev": 14.089019775390625, "lowlevel.pitch_salience.mean": 0.49641960859298706, "lowlevel.pitch_salience.stdev": 0.15935973823070526, "lowlevel.silence_rate_20dB.mean": 1.0, "lowlevel.silence_rate_20dB.stdev": 0.0, "lowlevel.silence_rate_30dB.mean": 0.8998599648475647, "lowlevel.silence_rate_30dB.stdev": 0.30018508434295654, "lowlevel.silence_rate_60dB.mean": 0.017507003620266914, "lowlevel.silence_rate_60dB.stdev": 0.1311517059803009, "lowlevel.spectral_centroid.mean": 1329.52197265625, "lowlevel.spectral_centroid.stdev": 624.8011474609375, "lowlevel.spectral_complexity.mean": 14.955182075500488, "lowlevel.spectral_complexity.stdev": 7.97927713394165, "lowlevel.spectral_decrease.mean": -1.0151265605884419e-08, "lowlevel.spectral_decrease.stdev": 1.1901783558698753e-08, "lowlevel.spectral_energy.mean": 0.04122298210859299, "lowlevel.spectral_energy.stdev": 0.045489657670259476, "lowlevel.spectral_energyband_high.mean": 0.001999052707105875, "lowlevel.spectral_energyband_high.stdev": 0.0021710393484681845, "lowlevel.spectral_energyband_low.mean": 0.018627267330884933, "lowlevel.spectral_energyband_low.stdev": 0.045453544706106186, "lowlevel.spectral_energyband_middle_high.mean": 0.006067314650863409, "lowlevel.spectral_energyband_middle_high.stdev": 0.007926424965262413, "lowlevel.spectral_energyband_middle_low.mean": 0.015026191249489784, "lowlevel.spectral_energyband_middle_low.stdev": 0.014698336832225323, "lowlevel.spectral_entropy.mean": 7.498067378997803, "lowlevel.spectral_entropy.stdev": 0.5298854112625122, "lowlevel.spectral_flux.mean": 0.09580754488706589, "lowlevel.spectral_flux.stdev": 0.06947788596153259, "lowlevel.spectral_kurtosis.mean": 3.192993402481079, "lowlevel.spectral_kurtosis.stdev": 1.8560625314712524, "lowlevel.spectral_rms.mean": 0.005645828787237406, "lowlevel.spectral_rms.stdev": 0.0028882743790745735, "lowlevel.spectral_rolloff.mean": 1939.815185546875, "lowlevel.spectral_rolloff.stdev": 2676.9931640625, "lowlevel.spectral_skewness.mean": 1.4805411100387573, "lowlevel.spectral_skewness.stdev": 0.4167875647544861, "lowlevel.spectral_spread.mean": 6818266.0, "lowlevel.spectral_spread.stdev": 2292720.0, "lowlevel.spectral_strongpeak.mean": 1.852792739868164, "lowlevel.spectral_strongpeak.stdev": 1.5013210773468018, "lowlevel.zerocrossingrate.mean": 0.08733498305082321, "lowlevel.zerocrossingrate.stdev": 0.05603567138314247, "metadata.audio_properties.analysis.equal_loudness": 0.0, "metadata.audio_properties.analysis.length": 33.13065719604492, "metadata.audio_properties.analysis.sample_rate": 44100.0, "metadata.audio_properties.analysis.start_time": 0.0, "metadata.audio_properties.bit_rate": 125476.0, "metadata.audio_properties.length": 33.13066482543945, "metadata.audio_properties.lossless": 0.0, "metadata.audio_properties.number_channels": 1.0, "metadata.audio_properties.replay_gain": -13.808481216430664, "metadata.audio_properties.sample_rate": 48000.0, "rhythm.beats_count": 58.0, "rhythm.beats_loudness.mean": 0.07404588907957077, "rhythm.beats_loudness.stdev": 0.06345783174037933, "rhythm.bpm": 106.6505355834961, "rhythm.bpm_histogram_first_peak_bpm": 108.0, "rhythm.bpm_histogram_first_peak_weight": 0.37735849618911743, "rhythm.bpm_histogram_second_peak_bpm": 103.0, "rhythm.bpm_histogram_second_peak_spread": 0.25, "rhythm.bpm_histogram_second_peak_weight": 0.05263157933950424, "rhythm.danceability": 1.9129931926727295, "rhythm.onset_rate": 5.219256401062012, "tonal.chords_changes_rate": 0.03776223957538605, "tonal.chords_number_rate": 0.002797202905640006, "tonal.chords_strength.mean": 0.5672125816345215, "tonal.chords_strength.stdev": 0.1006060391664505, "tonal.hpcp_crest.mean": 18.488433837890625, "tonal.hpcp_crest.stdev": 8.108258247375488, "tonal.hpcp_entropy.mean": 1.3863675594329834, "tonal.hpcp_entropy.stdev": 0.6693922281265259, "tonal.key_edma.strength": 0.6595504879951477, "tonal.key_krumhansl.strength": 0.6673875451087952, "tonal.key_temperley.strength": 0.6655793190002441, "tonal.tuning_diatonic_strength": 0.5648329854011536, "tonal.tuning_equal_tempered_deviation": 0.06938153505325317, "tonal.tuning_frequency": 440.5086364746094, "tonal.tuning_nontempered_energy_ratio": 0.6662358045578003, "lowlevel.barkbands.mean": [0.0004315365804359317, 0.01722526177763939, 0.0007134160841815174, 0.0005968979676254094, 0.0019105691462755203, 0.0034474616404622793, 0.00269043049775064, 0.0034634533803910017, 0.002452502027153969, 0.003756611840799451, 0.0006330694886855781, 0.00035626423778012395, 0.00039604620542377234, 0.00016653772036079317, 0.00021891359938308597, 0.00015134191198740155, 0.00019029233953915536, 0.00011842019739560783, 0.00016067647084128112, 0.00040465782512910664, 0.00042557381675578654, 0.0002511506318114698, 0.00015242560766637325, 0.00012860799324698746, 0.0002859995001927018, 0.0004517288180068135, 4.3139549234183505e-05], "lowlevel.barkbands.stdev": [0.0009600328048691154, 0.044479481875896454, 0.0013433658750727773, 0.0009755388018675148, 0.0037235268391668797, 0.00864371657371521, 0.005317317321896553, 0.008021457120776176, 0.005614941474050283, 0.007528573274612427, 0.0015340980608016253, 0.0008216255228035152, 0.0009575390722602606, 0.000329251546645537, 0.0003937446454074234, 0.0002034954959526658, 0.000305583409499377, 0.00022027964587323368, 0.0002761199721135199, 0.0006087758229114115, 0.0005698252934962511, 0.0005203268956393003, 0.0002819643705151975, 0.00019767714547924697, 0.0004218743706587702, 0.0006964889471419156, 8.321258792420849e-05], "lowlevel.erbbands.mean": [0.6421804428100586, 3.2879858016967773, 1.431780457496643, 1.636547327041626, 3.51442551612854, 7.452539443969727, 11.858243942260742, 36.57906723022461, 42.70210266113281, 60.33230972290039, 54.17839813232422, 70.13079071044922, 50.18128967285156, 126.22515869140625, 27.28061866760254, 18.601736068725586, 19.481327056884766, 11.073055267333984, 13.19802188873291, 6.656426906585693, 9.70976448059082, 8.445399284362793, 7.292903900146484, 7.502800941467285, 9.858342170715332, 19.086082458496094, 18.694538116455078, 14.971864700317383, 9.752378463745117, 6.335404872894287, 4.012079238891602, 2.4692797660827637, 2.3751134872436523, 2.141209363937378, 2.6170358657836914, 1.7977638244628906, 0.8913174867630005, 0.17340591549873352, 0.0048814807087183, 0.00016504491213709116], "lowlevel.erbbands.stdev": [1.6783372163772583, 8.503534317016602, 2.952547788619995, 2.2935075759887695, 5.746964454650879, 17.939321517944336, 33.1784782409668, 97.16107177734375, 79.85250854492188, 122.27903747558594, 108.74134826660156, 154.2500457763672, 99.7616958618164, 258.2996520996094, 40.53752136230469, 41.2050666809082, 44.72931671142578, 18.961963653564453, 22.95062255859375, 10.221704483032227, 12.19415283203125, 11.258278846740723, 13.566629409790039, 13.678824424743652, 15.811847686767578, 27.707687377929688, 23.839929580688477, 24.568775177001953, 19.463760375976562, 11.752196311950684, 7.631192684173584, 3.9563825130462646, 3.6674482822418213, 3.2816555500030518, 3.994743585586548, 2.9601666927337646, 1.3740886449813843, 0.2783041298389435, 0.00838051550090313, 0.00019180098024662584], "lowlevel.gfcc.mean": [19.978425979614258, 49.7230339050293, -88.860595703125, 10.000333786010742, -72.84378051757812, 4.824655532836914, -30.1717472076416, 14.119282722473145, -30.20961570739746, 17.676137924194336, -26.109167098999023, 9.128774642944336, -8.197428703308105], "lowlevel.melbands.mean": [0.005329282488673925, 0.0018468688940629363, 0.0003139434556942433, 0.0004244675801601261, 0.00039420140092261136, 0.0007565927226096392, 0.0006338757229968905, 0.00072429736610502, 0.0004244044830556959, 0.00041225439053960145, 0.0002550788631197065, 0.0005533790681511164, 7.6483134762384e-05, 5.3627954912371933e-05, 4.335039557190612e-05, 3.4241766115883365e-05, 1.923618037835695e-05, 2.0075467546121217e-05, 1.0655956430127844e-05, 1.0846660188690294e-05, 1.1664350495266262e-05, 9.353433597425465e-06, 8.040927241381723e-06, 5.451820015878184e-06, 5.93540880799992e-06, 6.287872565735597e-06, 8.505092409905046e-06, 1.4031569662620313e-05, 1.2286776836845092e-05, 1.031305600918131e-05, 8.516788511769846e-06, 5.867962045158492e-06, 4.1213265831174795e-06, 3.262361360611976e-06, 2.4306430077558616e-06, 1.7435781956010032e-06, 1.4164335198074696e-06, 1.6135444411702338e-06, 1.7064289750123862e-06, 1.8044037233266863e-06], "lowlevel.melbands.stdev": [0.013844680972397327, 0.0043275440111756325, 0.0003872206143569201, 0.000908413901925087, 0.0009416282409802079, 0.0019542414229363203, 0.0012037621345371008, 0.0015994827263057232, 0.0008311611018143594, 0.0009052162640728056, 0.0005251535912975669, 0.0011599294375628233, 0.00013794403639622033, 9.968889207812026e-05, 9.76149458438158e-05, 7.972717139637098e-05, 3.903894321410917e-05, 3.4529199183452874e-05, 1.8762626496027224e-05, 1.639403126318939e-05, 1.755524499458261e-05, 1.472776239097584e-05, 1.4027001270733308e-05, 9.37544882617658e-06, 1.2077061910531484e-05, 1.180532944999868e-05, 1.3481867426889949e-05, 2.21028985833982e-05, 1.7992248103837483e-05, 1.5214968698273879e-05, 1.5158003407123033e-05, 1.2919681466883048e-05, 8.192224413505755e-06, 6.11952100371127e-06, 5.038595645601163e-06, 3.0677797440148424e-06, 2.3691297883488005e-06, 2.686182597244624e-06, 2.603030452519306e-06, 3.0089363463048358e-06], "lowlevel.melbands128.mean": [0.00036002154229208827, 0.004925060551613569, 0.008531829342246056, 0.004212524276226759, 0.0009291471797041595, 0.00034823210444301367, 0.0003305583377368748, 0.0002810364530887455, 0.00028835731791332364, 0.0005670281243510544, 0.0004114655021112412, 0.0002696060109883547, 0.00036187490331940353, 0.0004981164820492268, 0.0010589679004624486, 0.0007209661998786032, 0.0005125263123773038, 0.0008460850804112852, 0.00045348028652369976, 0.0005944074946455657, 0.0010793141555041075, 0.00046693749027326703, 0.00028390888473950326, 0.0003725304559338838, 0.0006126753287389874, 0.0003794364456553012, 9.298666554968804e-05, 0.00019689447071868926, 0.0002371902810409665, 0.0011059376411139965, 0.00040671229362487793, 6.396983371814713e-05, 4.9697460781317204e-05, 0.00011663516488624737, 3.0055694878683425e-05, 5.404188414104283e-05, 5.602990495390259e-05, 1.683501250226982e-05, 6.848527846159413e-05, 4.359859667601995e-05, 3.0291086659417488e-05, 7.796779755153693e-06, 2.388914981565904e-05, 2.4616843802505173e-05, 5.016537215851713e-06, 2.7043781301472336e-05, 2.9731068934779614e-05, 5.9274325394653715e-06, 5.515954853763105e-06, 6.4787368501129095e-06, 1.3997487258166075e-05, 1.24068719742354e-05, 9.25766107684467e-06, 1.2628742297238205e-05, 1.4816066141065676e-05, 7.199530500656692e-06, 4.663651452574413e-06, 1.24816142488271e-05, 6.453214155044407e-06, 7.120051122910809e-06, 3.966722488257801e-06, 4.237595476297429e-06, 9.999740541388746e-06, 4.5447850425262e-06, 3.3268361221416853e-06, 6.989288976910757e-06, 7.848893801565282e-06, 5.686996701115277e-06, 8.700255420990288e-06, 1.2623576367332134e-05, 1.1282152627245523e-05, 1.8522136087995023e-05, 1.4501819350698497e-05, 1.0147470675292425e-05, 1.0194323294854257e-05, 1.205366243084427e-05, 1.042642725224141e-05, 5.799604423373239e-06, 1.063110994437011e-05, 8.036476174311247e-06, 6.212935204530368e-06, 4.681965492636664e-06, 5.0026283133775e-06, 3.855484465020709e-06, 3.825768999377033e-06, 3.3760459245968377e-06, 3.2237196592177497e-06, 2.680762236195733e-06, 2.5392787392775062e-06, 1.999512960537686e-06, 2.0624324861273635e-06, 1.5734569842607016e-06, 1.4725288792760693e-06, 1.1644896176221664e-06, 1.6618254221612005e-06, 1.5488950566577842e-06, 1.525293555459939e-06, 1.790877036000893e-06, 1.7642202010392793e-06, 1.6552836541450233e-06, 1.5494163108087378e-06, 1.7436227608413901e-06, 2.296498905707267e-06, 2.187357722505112e-06, 3.3454730328230653e-06, 3.630411811172962e-06, 3.0717717436345993e-06, 2.7960293209616793e-06, 3.4259639960509958e-06, 3.208300313417567e-06, 2.7971138933935435e-06, 2.7324051643518033e-06, 3.3277642614848446e-06, 2.881578893720871e-06, 2.128810592694208e-06, 1.7976545905185048e-06, 1.2009634247078793e-06, 6.462822739194962e-07, 7.902831811179567e-08, 1.762608670130561e-10, 1.1201408550709502e-10, 5.102825800795685e-11, 2.3107678964739975e-11, 2.0122134861133567e-11, 1.5902409597479128e-11, 9.254707243611104e-12, 5.9980288964756046e-12, 5.445939272458178e-12], "lowlevel.melbands128.stdev": [0.0009080996969714761, 0.012931914068758488, 0.022480813786387444, 0.010880179703235626, 0.0022824276238679886, 0.0005590741639025509, 0.0005489001632668078, 0.00045886292355135083, 0.0005452467012219131, 0.0013482562499120831, 0.0012307644356042147, 0.0006087517831474543, 0.0015130876563489437, 0.001357212313450873, 0.003028672654181719, 0.002407931489869952, 0.0012795483926311135, 0.002016176003962755, 0.001249290769919753, 0.0013593040639534593, 0.0030438818503171206, 0.0012449536006897688, 0.0009539775783196092, 0.0013301311992108822, 0.0016438151942566037, 0.001011078362353146, 0.000280636886600405, 0.0008546814788132906, 0.0005741636268794537, 0.002535486128181219, 0.0008563731098547578, 0.0002716472081374377, 0.00011621816520346329, 0.00025783272576518357, 6.76178970024921e-05, 0.0001736781414365396, 0.00016833744302857667, 7.310189539566636e-05, 0.00023505778517574072, 0.0001171704861917533, 0.00010400663450127468, 2.146698534488678e-05, 5.4211373935686424e-05, 5.898108793189749e-05, 1.5681782315368764e-05, 5.278638127492741e-05, 6.862753070890903e-05, 2.2860260287416168e-05, 1.4410010408028029e-05, 2.225657954113558e-05, 2.5832467144937254e-05, 2.4364388082176447e-05, 1.5675421309424564e-05, 3.0365239581442438e-05, 3.7627152778441086e-05, 1.6478999896207824e-05, 7.5350712904764805e-06, 2.8254926291992888e-05, 1.752316347847227e-05, 2.4217913960455917e-05, 9.077518370759208e-06, 9.487723218626343e-06, 2.4732144083827734e-05, 1.0327644304197747e-05, 7.352119610004593e-06, 1.4277656191552524e-05, 1.7354157535010017e-05, 1.2635590792342555e-05, 1.7301144907833077e-05, 2.1663847292074934e-05, 2.276997474837117e-05, 3.811207352555357e-05, 2.9721424652962014e-05, 1.7141799617093056e-05, 1.6812633475637995e-05, 1.7611395378480665e-05, 2.1680749341612682e-05, 1.4647818716184702e-05, 1.938607238116674e-05, 1.5954965419950895e-05, 2.0007955754408613e-05, 1.1091284250142053e-05, 1.1915361938008573e-05, 8.943765351432376e-06, 9.077464710571803e-06, 6.772652341169305e-06, 6.845538337074686e-06, 6.476803719124291e-06, 6.058704457245767e-06, 4.221099970891373e-06, 4.32254728366388e-06, 2.9928248750366038e-06, 2.479340309946565e-06, 2.2956824068387505e-06, 3.029321078429348e-06, 2.9628574793605367e-06, 2.850649252650328e-06, 2.8887652661069296e-06, 2.8560123155330075e-06, 3.033045459233108e-06, 2.779384658424533e-06, 3.3526785045978613e-06, 4.4521780182549264e-06, 4.012837507616496e-06, 5.665860498993425e-06, 6.331915301416302e-06, 5.7288211792183574e-06, 4.997558789909817e-06, 6.5551821535336785e-06, 6.332419161481084e-06, 5.511648851097561e-06, 4.739133146358654e-06, 5.480819254444214e-06, 4.835424078919459e-06, 3.581631517590722e-06, 3.2581438063061796e-06, 2.2258670924202306e-06, 1.516108227406221e-06, 3.092256690706563e-07, 3.54854057249554e-09, 2.6893465232546987e-09, 7.437022664369408e-10, 1.824318196508301e-10, 1.6149136194965052e-10, 1.1974427005512212e-10, 4.276472231889983e-11, 1.0691393083350764e-11, 8.673339824127879e-12], "lowlevel.mfcc.mean": [-641.4703979492188, 101.75030517578125, 20.902698516845703, 15.476127624511719, -18.320205688476562, -1.982999563217163, -1.5224404335021973, -6.01167106628418, 9.490187644958496, -1.1366491317749023, -5.816901206970215, 1.321501612663269, 2.733259677886963], "lowlevel.spectral_contrast_coeffs.mean": [-0.6903463006019592, -0.6600046753883362, -0.690423846244812, -0.7735241055488586, -0.7684258818626404, -0.7246623039245605], "lowlevel.spectral_contrast_coeffs.stdev": [0.08468642830848694, 0.0823574885725975, 0.09289205074310303, 0.05759553238749504, 0.051857538521289825, 0.060678012669086456], "lowlevel.spectral_contrast_valleys.mean": [-7.179418087005615, -6.885626792907715, -7.802380084991455, -8.190014839172363, -7.837353229522705, -10.220746994018555], "lowlevel.spectral_contrast_valleys.stdev": [1.0442970991134644, 0.9477193355560303, 0.9256693720817566, 0.8981214761734009, 0.962665319442749, 1.1092431545257568], "rhythm.beats_loudness_band_ratio.mean": [0.34002646803855896, 0.19840684533119202, 0.2618156373500824, 0.12067868560552597, 0.025391582399606705, 0.08422986418008804], "rhythm.beats_loudness_band_ratio.stdev": [0.3854750692844391, 0.25774386525154114, 0.23199471831321716, 0.1720220148563385, 0.02511502429842949, 0.08398862183094025], "tonal.hpcp.mean": [0.37238577008247375, 0.21864540874958038, 0.1230878084897995, 0.10734575241804123, 0.07227243483066559, 0.049444638192653656, 0.045213405042886734, 0.04017524793744087, 0.1275227963924408, 0.23290151357650757, 0.15391625463962555, 0.0413191132247448, 0.020047513768076897, 0.011963529512286186, 0.09562002122402191, 0.1737057864665985, 0.09650491923093796, 0.025644714012742043, 0.015920674428343773, 0.012418540194630623, 0.059166938066482544, 0.08499310910701752, 0.05638837069272995, 0.16527725756168365, 0.2437775731086731, 0.11739245057106018, 0.02400406450033188, 0.015944911167025566, 0.016934745013713837, 0.06070719286799431, 0.09406819194555283, 0.047404222190380096, 0.010638320818543434, 0.013908698223531246, 0.04417765513062477, 0.25245505571365356], "tonal.hpcp.stdev": [0.4001336097717285, 0.27892038226127625, 0.26846763491630554, 0.25368958711624146, 0.1930825412273407, 0.17310713231563568, 0.16606709361076355, 0.14790205657482147, 0.21984773874282837, 0.33796849846839905, 0.2669839859008789, 0.13302817940711975, 0.09375044703483582, 0.05030711740255356, 0.17971718311309814, 0.3190291225910187, 0.18904979526996613, 0.11190000921487808, 0.0873940959572792, 0.06934802979230881, 0.16840197145938873, 0.22497031092643738, 0.14733117818832397, 0.24045522511005402, 0.31107673048973083, 0.19555465877056122, 0.10765811055898666, 0.0823959931731224, 0.09697225689888, 0.1539561003446579, 0.22743216156959534, 0.11864860355854034, 0.045764483511447906, 0.061942338943481445, 0.14763717353343964, 0.3015778064727783], "rhythm.beats_position": [0.5921088457107544, 1.1842176914215088, 1.7647165060043335, 2.321995496749878, 2.8908843994140625, 3.459773063659668, 4.017052173614502, 4.574330806732178, 5.131609916687012, 5.700498580932617, 6.269387722015381, 6.826666355133057, 7.383945465087891, 7.952834129333496, 8.521722793579102, 9.079002380371094, 9.63628101348877, 10.193559646606445, 10.77405834197998, 11.331337928771973, 11.888616561889648, 12.457505226135254, 13.02639389038086, 13.583673477172852, 14.140952110290527, 14.698230743408203, 15.255510330200195, 15.812788963317871, 16.381677627563477, 16.9505672454834, 17.507844924926758, 18.06512451171875, 18.6456241607666, 19.20290184020996, 19.760181427001953, 20.317459106445312, 20.886348724365234, 21.455238342285156, 22.012516021728516, 22.569795608520508, 23.13868522644043, 23.70757293701172, 24.26485252380371, 24.82213020324707, 25.391019821166992, 25.959909439086914, 26.517187118530273, 27.074466705322266, 27.643356323242188, 28.212244033813477, 28.76952362060547, 29.326801300048828, 29.88408088684082, 30.452970504760742, 31.02185821533203, 31.579137802124023, 32.136417388916016, 32.693695068359375], "rhythm.bpm_histogram": [0.0, 0.0, 0.0, 0.0, 0.0, 0.0, 0.0, 0.0, 0.0, 0.0, 0.0, 0.0, 0.0, 0.0, 0.0, 0.0, 0.0, 0.0, 0.0, 0.0, 0.0, 0.0, 0.0, 0.0, 0.0, 0.0, 0.0, 0.0, 0.0, 0.0, 0.0, 0.0, 0.0, 0.0, 0.0, 0.0, 0.0, 0.0, 0.0, 0.0, 0.0, 0.0, 0.0, 0.0, 0.0, 0.0, 0.0, 0.0, 0.0, 0.0, 0.0, 0.0, 0.0, 0.0, 0.0, 0.0, 0.0, 0.0, 0.0, 0.0, 0.0, 0.0, 0.0, 0.0, 0.0, 0.0, 0.0, 0.0, 0.0, 0.0, 0.0, 0.0, 0.0, 0.0, 0.0, 0.0, 0.0, 0.0, 0.0, 0.0, 0.0, 0.0, 0.0, 0.0, 0.0, 0.0, 0.0, 0.0, 0.0, 0.0, 0.0, 0.0, 0.0, 0.0, 0.0, 0.0, 0.0, 0.0, 0.0, 0.0, 0.0, 0.017543859779834747, 0.0, 0.05263157933950424, 0.0, 0.35087719559669495, 0.0, 0.0, 0.5789473652839661, 0.0, 0.0, 0.0, 0.0, 0.0, 0.0, 0.0, 0.0, 0.0, 0.0, 0.0, 0.0, 0.0, 0.0, 0.0, 0.0, 0.0, 0.0, 0.0, 0.0, 0.0, 0.0, 0.0, 0.0, 0.0, 0.0, 0.0, 0.0, 0.0, 0.0, 0.0, 0.0, 0.0, 0.0, 0.0, 0.0, 0.0, 0.0, 0.0, 0.0, 0.0, 0.0, 0.0, 0.0, 0.0, 0.0, 0.0, 0.0, 0.0, 0.0, 0.0, 0.0, 0.0, 0.0, 0.0, 0.0, 0.0, 0.0, 0.0, 0.0, 0.0, 0.0, 0.0, 0.0, 0.0, 0.0, 0.0, 0.0, 0.0, 0.0, 0.0, 0.0, 0.0, 0.0, 0.0, 0.0, 0.0, 0.0, 0.0, 0.0, 0.0, 0.0, 0.0, 0.0, 0.0, 0.0, 0.0, 0.0, 0.0, 0.0, 0.0, 0.0, 0.0, 0.0, 0.0, 0.0, 0.0, 0.0, 0.0, 0.0, 0.0, 0.0, 0.0, 0.0, 0.0, 0.0, 0.0, 0.0, 0.0, 0.0, 0.0, 0.0, 0.0, 0.0, 0.0, 0.0, 0.0, 0.0, 0.0, 0.0, 0.0, 0.0, 0.0, 0.0, 0.0, 0.0, 0.0, 0.0, 0.0, 0.0, 0.0, 0.0, 0.0, 0.0, 0.0, 0.0, 0.0, 0.0, 0.0, 0.0, 0.0], "tonal.chords_histogram": [55.244754791259766, 0.0, 0.0, 0.0, 0.0, 0.0, 0.0, 0.279720276594162, 0.9790209531784058, 0.0, 0.0, 0.0, 0.0, 0.0, 0.0, 0.9790209531784058, 0.0, 0.0, 0.0, 0.0, 0.0, 0.0, 0.4195804297924042, 42.097900390625], "tonal.thpcp": [1.0, 0.58714759349823, 0.33053842186927795, 0.2882649004459381, 0.1940794736146927, 0.13277800381183624, 0.12141550332307816, 0.10788609832525253, 0.34244808554649353, 0.6254307627677917, 0.4133247435092926, 0.11095781624317169, 0.05383533611893654, 0.03212670981884003, 0.2567767798900604, 0.4664672911167145, 0.2591530680656433, 0.06886598467826843, 0.042753174901008606, 0.03334859013557434, 0.1588861346244812, 0.22823941707611084, 0.1514246165752411, 0.44383344054222107, 0.6546371579170227, 0.315244197845459, 0.06446021050214767, 0.042818259447813034, 0.04547634720802307, 0.16302232444286346, 0.252609521150589, 0.12729869782924652, 0.02856801077723503, 0.03735024109482765, 0.11863411217927933, 0.6779395937919617], "lowlevel.gfcc.cov": [[5307.92236328125, -408.2608642578125, -230.4962921142578, -107.34331512451172, -46.60176086425781, -11.706673622131348, 147.74896240234375, 141.67623901367188, -23.236778259277344, 131.02061462402344, -180.60789489746094, 8.172833442687988, -187.40928649902344], [-408.2608642578125, 1117.25390625, -200.05194091796875, 298.7249450683594, 183.94830322265625, 162.12350463867188, 172.92820739746094, -30.47144317626953, 69.0079574584961, -54.769752502441406, 70.7930679321289, -51.595062255859375, 156.0275115966797], [-230.4962921142578, -200.05194091796875, 931.3505859375, 277.88299560546875, 199.72125244140625, 34.4149169921875, -89.3798599243164, 21.084922790527344, 24.100915908813477, 52.07674026489258, 51.415069580078125, 60.26861572265625, 42.86402130126953], [-107.34331512451172, 298.7249450683594, 277.88299560546875, 864.6058959960938, 270.9915466308594, 196.626708984375, 121.86758422851562, 70.96881866455078, 234.20782470703125, 33.172061920166016, 95.32382202148438, 33.52638626098633, 80.74608612060547], [-46.60176086425781, 183.94830322265625, 199.72125244140625, 270.9915466308594, 414.9947814941406, 195.25830078125, 143.48680114746094, 67.01554107666016, 84.7230453491211, 42.21684265136719, 10.424844741821289, 42.231895446777344, 12.541315078735352], [-11.706673622131348, 162.12350463867188, 34.4149169921875, 196.626708984375, 195.25830078125, 349.5640869140625, 272.4148864746094, 97.47686004638672, 85.18170928955078, 10.887504577636719, 38.60798645019531, 0.781236469745636, 9.757685661315918], [147.74896240234375, 172.92820739746094, -89.3798599243164, 121.86758422851562, 143.48680114746094, 272.4148864746094, 400.51470947265625, 156.16184997558594, 103.60074615478516, 30.89738655090332, 40.91520690917969, -6.736645698547363, 5.017359733581543], [141.67623901367188, -30.47144317626953, 21.084922790527344, 70.96881866455078, 67.01554107666016, 97.47686004638672, 156.16184997558594, 199.95492553710938, 133.1526641845703, 74.8895492553711, 46.85786819458008, 1.023759365081787, 2.2038278579711914], [-23.236778259277344, 69.0079574584961, 24.100915908813477, 234.20782470703125, 84.7230453491211, 85.18170928955078, 103.60074615478516, 133.1526641845703, 253.7646484375, 115.19417572021484, 75.1514892578125, 6.9202799797058105, -13.542170524597168], [131.02061462402344, -54.769752502441406, 52.07674026489258, 33.172061920166016, 42.21684265136719, 10.887504577636719, 30.89738655090332, 74.8895492553711, 115.19417572021484, 166.31314086914062, 52.93070602416992, -15.889150619506836, -35.11765670776367], [-180.60789489746094, 70.7930679321289, 51.415069580078125, 95.32382202148438, 10.424844741821289, 38.60798645019531, 40.91520690917969, 46.85786819458008, 75.1514892578125, 52.93070602416992, 127.04387664794922, 30.496904373168945, 18.054275512695312], [8.172833442687988, -51.595062255859375, 60.26861572265625, 33.52638626098633, 42.231895446777344, 0.781236469745636, -6.736645698547363, 1.023759365081787, 6.9202799797058105, -15.889150619506836, 30.496904373168945, 151.39723205566406, 30.764007568359375], [-187.40928649902344, 156.0275115966797, 42.86402130126953, 80.74608612060547, 12.541315078735352, 9.757685661315918, 5.017359733581543, 2.2038278579711914, -13.542170524597168, -35.11765670776367, 18.054275512695312, 30.764007568359375, 159.62457275390625]], "lowlevel.gfcc.icov": [[0.00024433989892713726, -2.3692529794061556e-05, 5.6757020502118394e-05, -0.00017073361959774047, 0.00017362037033308297, 2.9593342333100736e-05, -0.00010098631173605099, -0.00034202379174530506, 0.00040549327968619764, -0.0004976561176590621, 0.0006012551602907479, -0.00030757850618101656, 0.00028979004127904773], [-2.3692529794061556e-05, 0.0018769082380458713, 0.0006074176053516567, -4.7737685235915706e-05, -0.0012412862852215767, 0.00026603598962537944, -0.0006672726012766361, 0.0017066183499991894, -0.0009510907693766057, 0.0010530469007790089, -0.001672015874646604, 0.0015879053389653563, -0.0018886536126956344], [5.6757020502118394e-05, 0.0006074176053516567, 0.001758837723173201, -0.0005848270375281572, -0.000948714092373848, -0.00023257127031683922, 0.0008205152116715908, -0.00034161563962697983, 0.0008687858353368938, -0.0004934751777909696, -0.0007726310868747532, 0.00012553365377243608, -0.0006075441488064826], [-0.00017073361959774047, -4.7737685235915706e-05, -0.0005848270375281572, 0.002667980967089534, -0.0010664664441719651, -0.00038351770490407944, 5.120274727232754e-05, 0.0015359936514869332, -0.0033358328510075808, 0.00188423169311136, -0.0011894929921254516, 0.0007477821200154722, -0.001139977597631514], [0.00017362037033308297, -0.0012412862852215767, -0.000948714092373848, -0.0010664664441719651, 0.00545962480828166, -0.0020644860342144966, 1.0238996765110642e-05, -0.001400080625899136, 0.0013307988410815597, -0.0026323171332478523, 0.003546727355569601, -0.0026933960616588593, 0.0015793722122907639], [2.9593342333100736e-05, 0.00026603598962537944, -0.00023257127031683922, -0.00038351770490407944, -0.0020644860342144966, 0.007900502532720566, -0.004872649908065796, 0.0008373753516934812, -0.00046239286893978715, 0.0016271350905299187, -0.0013627742882817984, 0.0010195401264354587, 0.00012839448754675686], [-0.00010098631173605099, -0.0006672726012766361, 0.0008205152116715908, 5.120274727232754e-05, 1.0238996765110642e-05, -0.004872649908065796, 0.007783730514347553, -0.004403508268296719, 0.0008979725535027683, -8.168168278643861e-05, -4.227299359627068e-05, -0.0003089177480433136, 0.0005231592804193497], [-0.00034202379174530506, 0.0017066183499991894, -0.00034161563962697983, 0.0015359936514869332, -0.001400080625899136, 0.0008373753516934812, -0.004403508268296719, 0.013289525173604488, -0.006687677465379238, 0.0006694069015793502, -0.00241767056286335, 0.0020254275295883417, -0.0032782219350337982], [0.00040549327968619764, -0.0009510907693766057, 0.0008687858353368938, -0.0033358328510075808, 0.0013307988410815597, -0.00046239286893978715, 0.0008979725535027683, -0.006687677465379238, 0.013114559464156628, -0.006573041435331106, 0.0005726772942580283, -0.0022263885475695133, 0.0028785255271941423], [-0.0004976561176590621, 0.0010530469007790089, -0.0004934751777909696, 0.00188423169311136, -0.0026323171332478523, 0.0016271350905299187, -8.168168278643861e-05, 0.0006694069015793502, -0.006573041435331106, 0.013512556441128254, -0.005646404344588518, 0.0037386934272944927, -3.185090236001997e-07], [0.0006012551602907479, -0.001672015874646604, -0.0007726310868747532, -0.0011894929921254516, 0.003546727355569601, -0.0013627742882817984, -4.227299359627068e-05, -0.00241767056286335, 0.0005726772942580283, -0.005646404344588518, 0.014917800202965736, -0.0048341304063797, 0.0010395474964752793], [-0.00030757850618101656, 0.0015879053389653563, 0.00012553365377243608, 0.0007477821200154722, -0.0026933960616588593, 0.0010195401264354587, -0.0003089177480433136, 0.0020254275295883417, -0.0022263885475695133, 0.0037386934272944927, -0.0048341304063797, 0.009720529429614544, -0.00288718962110579], [0.00028979004127904773, -0.0018886536126956344, -0.0006075441488064826, -0.001139977597631514, 0.0015793722122907639, 0.00012839448754675686, 0.0005231592804193497, -0.0032782219350337982, 0.0028785255271941423, -3.185090236001997e-07, 0.0010395474964752793, -0.00288718962110579, 0.009770706295967102]], "lowlevel.mfcc.cov": [[4377.0048828125, -170.78282165527344, -382.5527648925781, -29.610361099243164, -271.3084716796875, -26.798051834106445, 6.809975624084473, 57.266441345214844, 121.94280242919922, 132.04965209960938, 127.42129516601562, 39.964271545410156, -40.52694320678711], [-170.78282165527344, 761.62939453125, -142.4593048095703, -20.769990921020508, 15.134000778198242, 75.34969329833984, 108.14865112304688, -5.694445610046387, 49.509368896484375, -34.70327377319336, -66.42729187011719, -0.18794165551662445, -27.873300552368164], [-382.5527648925781, -142.4593048095703, 610.3610229492188, 217.04945373535156, 221.27345275878906, 48.767662048339844, 7.325201988220215, -9.969650268554688, -16.273134231567383, 18.96323013305664, -18.006011962890625, -6.4603352546691895, 58.92927169799805], [-29.610361099243164, -20.769990921020508, 217.04945373535156, 508.7253112792969, 258.4839172363281, 166.16268920898438, -5.867011070251465, 85.14054870605469, 70.47138977050781, 39.91072463989258, 25.442218780517578, 76.72113800048828, 49.07340621948242], [-271.3084716796875, 15.134000778198242, 221.27345275878906, 258.4839172363281, 358.51123046875, 128.3749542236328, 6.470818996429443, 32.44536590576172, 33.75689697265625, 19.460100173950195, -7.123019695281982, 31.855451583862305, 38.37095260620117], [-26.798051834106445, 75.34969329833984, 48.767662048339844, 166.16268920898438, 128.3749542236328, 320.6018371582031, 135.1188201904297, 156.3997802734375, 87.66120147705078, 51.622432708740234, 84.31192779541016, 48.722591400146484, 3.540093183517456], [6.809975624084473, 108.14865112304688, 7.325201988220215, -5.867011070251465, 6.470818996429443, 135.1188201904297, 270.9452209472656, 129.18850708007812, 90.48926544189453, 65.26832580566406, 41.65293884277344, 8.055853843688965, -7.171996116638184], [57.266441345214844, -5.694445610046387, -9.969650268554688, 85.14054870605469, 32.44536590576172, 156.3997802734375, 129.18850708007812, 272.33782958984375, 98.32185363769531, 41.261112213134766, 87.18740844726562, 41.2035026550293, -3.976638078689575], [121.94280242919922, 49.509368896484375, -16.273134231567383, 70.47138977050781, 33.75689697265625, 87.66120147705078, 90.48926544189453, 98.32185363769531, 192.52944946289062, 104.3253402709961, 51.90325164794922, 44.682621002197266, 30.556686401367188], [132.04965209960938, -34.70327377319336, 18.96323013305664, 39.91072463989258, 19.460100173950195, 51.622432708740234, 65.26832580566406, 41.261112213134766, 104.3253402709961, 218.24176025390625, 137.1425018310547, 42.11701965332031, 49.46281433105469], [127.42129516601562, -66.42729187011719, -18.006011962890625, 25.442218780517578, -7.123019695281982, 84.31192779541016, 41.65293884277344, 87.18740844726562, 51.90325164794922, 137.1425018310547, 240.54306030273438, 86.66033172607422, 55.7224006652832], [39.964271545410156, -0.18794165551662445, -6.4603352546691895, 76.72113800048828, 31.855451583862305, 48.722591400146484, 8.055853843688965, 41.2035026550293, 44.682621002197266, 42.11701965332031, 86.66033172607422, 147.60203552246094, 64.8341064453125], [-40.52694320678711, -27.873300552368164, 58.92927169799805, 49.07340621948242, 38.37095260620117, 3.540093183517456, -7.171996116638184, -3.976638078689575, 30.556686401367188, 49.46281433105469, 55.7224006652832, 64.8341064453125, 131.923095703125]], "lowlevel.mfcc.icov": [[0.00026518807862885296, 8.358790364582092e-05, 0.00014729630493093282, -0.00014157006808090955, 0.00020310754189267755, 1.7340489648631774e-05, -1.736021204123972e-06, 4.9070822569774464e-05, -0.00014942590496502817, -8.635305857751518e-05, -5.29331446159631e-05, -6.814726020820672e-06, 0.00012053142563672736], [8.358790364582092e-05, 0.0016860587056726217, 0.0005570458597503603, -1.7559155821800232e-05, -0.00020203152962494642, -0.00039146069320850074, -0.0008066055015660822, 0.0006807319005019963, -0.0004670826892834157, 0.00036575403646565974, 0.0004413819406181574, -0.0002157461567549035, 7.620415999554098e-05], [0.00014729630493093282, 0.0005570458597503603, 0.002664556261152029, -0.0007805815548636019, -0.0010776944691315293, 0.0001798691664589569, -0.0007650429615750909, 0.0003147817915305495, 0.0006180981290526688, -0.0002286863891640678, 0.00022326287580654025, 0.0007986171985976398, -0.0010046156821772456], [-0.00014157006808090955, -1.7559155821800232e-05, -0.0007805815548636019, 0.004041761159896851, -0.0018380588153377175, -0.0012409971095621586, 0.0013281642459332943, -0.0008009120938368142, -0.00045291255810298026, -0.00044200592674314976, 0.0008758826879784465, -0.0013891294365748763, -2.650800070114201e-06], [0.00020310754189267755, -0.00020203152962494642, -0.0010776944691315293, -0.0018380588153377175, 0.005569205619394779, -0.001532759633846581, 0.0005612390232272446, 0.0002444733981974423, -3.586516686482355e-05, -0.0004953882889822125, 0.0009098047157749534, -0.00010701077553676441, -0.0004936509067192674], [1.7340489648631774e-05, -0.00039146069320850074, 0.0001798691664589569, -0.0012409971095621586, -0.001532759633846581, 0.006593184545636177, -0.0021251640282571316, -0.0014671821845695376, -0.0005546695319935679, 0.000980270910076797, -0.002111215377226472, -1.615015025890898e-05, 0.001073653344064951], [-1.736021204123972e-06, -0.0008066055015660822, -0.0007650429615750909, 0.0013281642459332943, 0.0005612390232272446, -0.0021251640282571316, 0.006760150194168091, -0.0023069879971444607, -0.0008678364683873951, -0.0017980069387704134, 0.001115154824219644, 0.00016873124695848674, 0.00018969034135807306], [4.9070822569774464e-05, 0.0006807319005019963, 0.0003147817915305495, -0.0008009120938368142, 0.0002444733981974423, -0.0014671821845695376, -0.0023069879971444607, 0.007289696019142866, -0.002755859401077032, 0.0024948082864284515, -0.002566879615187645, 7.332875247811899e-05, 0.0011299067409709096], [-0.00014942590496502817, -0.0004670826892834157, 0.0006180981290526688, -0.00045291255810298026, -3.586516686482355e-05, -0.0005546695319935679, -0.0008678364683873951, -0.002755859401077032, 0.010300393216311932, -0.0052719637751579285, 0.0030121998861432076, -0.0015011318027973175, -0.0013008989626541734], [-8.635305857751518e-05, 0.00036575403646565974, -0.0002286863891640678, -0.00044200592674314976, -0.0004953882889822125, 0.000980270910076797, -0.0017980069387704134, 0.0024948082864284515, -0.0052719637751579285, 0.011052299290895462, -0.006488156039267778, 0.0020137925166636705, -0.0007594179478473961], [-5.29331446159631e-05, 0.0004413819406181574, 0.00022326287580654025, 0.0008758826879784465, 0.0009098047157749534, -0.002111215377226472, 0.001115154824219644, -0.002566879615187645, 0.0030121998861432076, -0.006488156039267778, 0.010506669990718365, -0.003908182494342327, -0.0013554963516071439], [-6.814726020820672e-06, -0.0002157461567549035, 0.0007986171985976398, -0.0013891294365748763, -0.00010701077553676441, -1.615015025890898e-05, 0.00016873124695848674, 7.332875247811899e-05, -0.0015011318027973175, 0.0020137925166636705, -0.003908182494342327, 0.011595426127314568, -0.00429993961006403], [0.00012053142563672736, 7.620415999554098e-05, -0.0010046156821772456, -2.650800070114201e-06, -0.0004936509067192674, 0.001073653344064951, 0.00018969034135807306, 0.0011299067409709096, -0.0013008989626541734, -0.0007594179478473961, -0.0013554963516071439, -0.00429993961006403, 0.01151400525122881]], "metadata.audio_properties.analysis.downmix": "mix", "metadata.audio_properties.codec": "mp3", "metadata.audio_properties.md5_encoded": "0f1163abf043b365993553402b4e8852", "metadata.tags.file_name": "1183715570298916926.mp3", "metadata.version.essentia": "2.1-beta6-dev", "metadata.version.essentia_git_sha": "v2.1_beta5-1110-g77a6a954", "metadata.version.extractor": "music 2.0", "tonal.chords_key": "F", "tonal.chords_scale": "major", "tonal.key_edma.key": "F", "tonal.key_edma.scale": "major", "tonal.key_krumhansl.key": "F", "tonal.key_krumhansl.scale": "major", "tonal.key_temperley.key": "F", "tonal.key_temperley.scale": "major", "metadata.tags.encoding": ["Lavf58.45.100"]}, "essentia_models": [{"model_name": "genre_dortmund", "activations": {"alternative": "0.06609876", "blues": "0.046250764", "electronic": "0.042156484", "folkc