{"song_id": "1183689929113468949", "download": "https://cdn.discordapp.com/attachments/1135911532732108921/1183689929113468949/chirp.mp4?ex=65894026&amp", "lyrics": "[Chorus]\nJe m'appelle Thierry, roi du rire d\u00e9faillant,\nMon humour, c'est du sol au plafond, c'est effrayant.\nFlops \u00e0 gogo, je suis un comique perdant,\nThierry le triste, sans g\u00e9nie, c'est d\u00e9primant!\"\n\n[Verse]\nMes blagues, c'est du vent, comme un ballon d\u00e9gonfl\u00e9,\nJe r\u00eave d'intelligence, mais je suis largu\u00e9.\nImagination, o\u00f9 es-tu pass\u00e9e ?\nThierry le nul, un talent bien \u00e9clips\u00e9.", "style": ["rap"], "essentia_features": {"lowlevel.average_loudness": 0.9741643071174622, "lowlevel.barkbands_crest.mean": 17.54854965209961, "lowlevel.barkbands_crest.stdev": 5.97204065322876, "lowlevel.barkbands_flatness_db.mean": 0.29641270637512207, "lowlevel.barkbands_flatness_db.stdev": 0.1186198964715004, "lowlevel.barkbands_kurtosis.mean": 111.31513214111328, "lowlevel.barkbands_kurtosis.stdev": 211.43801879882812, "lowlevel.barkbands_skewness.mean": 6.255613327026367, "lowlevel.barkbands_skewness.stdev": 5.696187496185303, "lowlevel.barkbands_spread.mean": 11.695908546447754, "lowlevel.barkbands_spread.stdev": 15.398736953735352, "lowlevel.dissonance.mean": 0.47220954298973083, "lowlevel.dissonance.stdev": 0.027545444667339325, "lowlevel.dynamic_complexity": 1.7563093900680542, "lowlevel.erbbands_crest.mean": 9.922798156738281, "lowlevel.erbbands_crest.stdev": 4.561190128326416, "lowlevel.erbbands_flatness_db.mean": 0.1657399833202362, "lowlevel.erbbands_flatness_db.stdev": 0.04473237320780754, "lowlevel.erbbands_kurtosis.mean": 1.7603816986083984, "lowlevel.erbbands_kurtosis.stdev": 4.878042221069336, "lowlevel.erbbands_skewness.mean": 0.058388836681842804, "lowlevel.erbbands_skewness.stdev": 1.4170552492141724, "lowlevel.erbbands_spread.mean": 52.742591857910156, "lowlevel.erbbands_spread.stdev": 30.43041229248047, "lowlevel.hfc.mean": 36.87858581542969, "lowlevel.hfc.stdev": 42.499122619628906, "lowlevel.loudness_ebu128.integrated": -13.202143669128418, "lowlevel.loudness_ebu128.loudness_range": 1.133255958557129, "lowlevel.loudness_ebu128.momentary.mean": -13.608569145202637, "lowlevel.loudness_ebu128.momentary.stdev": 2.0433735847473145, "lowlevel.loudness_ebu128.short_term.mean": -13.193656921386719, "lowlevel.loudness_ebu128.short_term.stdev": 0.4224022924900055, "lowlevel.melbands_crest.mean": 28.251434326171875, "lowlevel.melbands_crest.stdev": 10.826627731323242, "lowlevel.melbands_flatness_db.mean": 0.3669976592063904, "lowlevel.melbands_flatness_db.stdev": 0.15106426179409027, "lowlevel.melbands_kurtosis.mean": 266.0431823730469, "lowlevel.melbands_kurtosis.stdev": 410.8397216796875, "lowlevel.melbands_skewness.mean": 10.1483736038208, "lowlevel.melbands_skewness.stdev": 8.067380905151367, "lowlevel.melbands_spread.mean": 14.198220252990723, "lowlevel.melbands_spread.stdev": 30.370466232299805, "lowlevel.pitch_salience.mean": 0.28390902280807495, "lowlevel.pitch_salience.stdev": 0.25276899337768555, "lowlevel.silence_rate_20dB.mean": 0.7928571701049805, "lowlevel.silence_rate_20dB.stdev": 0.4052585959434509, "lowlevel.silence_rate_30dB.mean": 0.2809523940086365, "lowlevel.silence_rate_30dB.stdev": 0.44946375489234924, "lowlevel.silence_rate_60dB.mean": 0.0535714291036129, "lowlevel.silence_rate_60dB.stdev": 0.22517000138759613, "lowlevel.spectral_centroid.mean": 1418.51806640625, "lowlevel.spectral_centroid.stdev": 1138.4658203125, "lowlevel.spectral_complexity.mean": 15.323809623718262, "lowlevel.spectral_complexity.stdev": 11.531004905700684, "lowlevel.spectral_decrease.mean": -5.516892542800633e-08, "lowlevel.spectral_decrease.stdev": 3.6955523086135145e-08, "lowlevel.spectral_energy.mean": 0.21156521141529083, "lowlevel.spectral_energy.stdev": 0.1394362449645996, "lowlevel.spectral_energyband_high.mean": 0.002190770348533988, "lowlevel.spectral_energyband_high.stdev": 0.0053681680001318455, "lowlevel.spectral_energyband_low.mean": 0.19668030738830566, "lowlevel.spectral_energyband_low.stdev": 0.14231173694133759, "lowlevel.spectral_energyband_middle_high.mean": 0.004110728856176138, "lowlevel.spectral_energyband_middle_high.stdev": 0.005927771795541048, "lowlevel.spectral_energyband_middle_low.mean": 0.008233307860791683, "lowlevel.spectral_energyband_middle_low.stdev": 0.011853824369609356, "lowlevel.spectral_entropy.mean": 7.473324775695801, "lowlevel.spectral_entropy.stdev": 0.5856598019599915, "lowlevel.spectral_flux.mean": 0.13400723040103912, "lowlevel.spectral_flux.stdev": 0.10963448137044907, "lowlevel.spectral_kurtosis.mean": 4.619204998016357, "lowlevel.spectral_kurtosis.stdev": 4.175293445587158, "lowlevel.spectral_rms.mean": 0.01297003123909235, "lowlevel.spectral_rms.stdev": 0.006179278716444969, "lowlevel.spectral_rolloff.mean": 886.5809326171875, "lowlevel.spectral_rolloff.stdev": 1973.314208984375, "lowlevel.spectral_skewness.mean": 1.5820188522338867, "lowlevel.spectral_skewness.stdev": 0.6983612775802612, "lowlevel.spectral_spread.mean": 4816173.0, "lowlevel.spectral_spread.stdev": 1751547.625, "lowlevel.spectral_strongpeak.mean": 0.9626968502998352, "lowlevel.spectral_strongpeak.stdev": 1.0443960428237915, "lowlevel.zerocrossingrate.mean": 0.0389811210334301, "lowlevel.zerocrossingrate.stdev": 0.06018966808915138, "metadata.audio_properties.analysis.equal_loudness": 0.0, "metadata.audio_properties.analysis.length": 19.477323532104492, "metadata.audio_properties.analysis.sample_rate": 44100.0, "metadata.audio_properties.analysis.start_time": 0.0, "metadata.audio_properties.bit_rate": 119734.0, "metadata.audio_properties.length": 19.477333068847656, "metadata.audio_properties.lossless": 0.0, "metadata.audio_properties.number_channels": 1.0, "metadata.audio_properties.replay_gain": -9.196550369262695, "metadata.audio_properties.sample_rate": 48000.0, "rhythm.beats_count": 32.0, "rhythm.beats_loudness.mean": 0.21634294092655182, "rhythm.beats_loudness.stdev": 0.09184446185827255, "rhythm.bpm": 100.0880126953125, "rhythm.bpm_histogram_first_peak_bpm": 99.0, "rhythm.bpm_histogram_first_peak_weight": 0.3928571939468384, "rhythm.bpm_histogram_second_peak_bpm": 105.0, "rhythm.bpm_histogram_second_peak_spread": 0.0, "rhythm.bpm_histogram_second_peak_weight": 0.09677419066429138, "rhythm.danceability": 1.403918743133545, "rhythm.onset_rate": 4.924806118011475, "tonal.chords_changes_rate": 0.08551068603992462, "tonal.chords_number_rate": 0.01425178162753582, "tonal.chords_strength.mean": 0.48912596702575684, "tonal.chords_strength.stdev": 0.09058045595884323, "tonal.hpcp_crest.mean": 13.256490707397461, "tonal.hpcp_crest.stdev": 8.179723739624023, "tonal.hpcp_entropy.mean": 2.246588945388794, "tonal.hpcp_entropy.stdev": 0.9522721171379089, "tonal.key_edma.strength": 0.600658655166626, "tonal.key_krumhansl.strength": 0.5984444618225098, "tonal.key_temperley.strength": 0.5932656526565552, "tonal.tuning_diatonic_strength": 0.38343870639801025, "tonal.tuning_equal_tempered_deviation": 0.23261097073554993, "tonal.tuning_frequency": 434.193115234375, "tonal.tuning_nontempered_energy_ratio": 0.9452248811721802, "lowlevel.barkbands.mean": [0.03252106532454491, 0.1599229872226715, 0.004644258413463831, 0.002023018430918455, 0.0026695558335632086, 0.001499779406003654, 0.000718842085916549, 0.0004782166797667742, 0.0007316622068174183, 0.00027415272779762745, 0.000338205776643008, 0.0004611691110767424, 0.0002548561606090516, 0.0001646246964810416, 0.00030508264899253845, 0.00044144198182038963, 0.0007233828073367476, 0.0006699596415273845, 0.0004597270453814417, 0.00013925760868005455, 0.00022073193395044655, 0.000285719201201573, 0.0008742705686017871, 0.0005503499414771795, 0.00013339731958694756, 5.982963557471521e-05, 6.260919338529902e-09], "lowlevel.barkbands.stdev": [0.03141677752137184, 0.12306871265172958, 0.018184758722782135, 0.006012693978846073, 0.00464498158544302, 0.00321607431396842, 0.0015210515120998025, 0.0013657233212143183, 0.0019152924651280046, 0.0006099132006056607, 0.000980569515377283, 0.0013183339033275843, 0.000639118836261332, 0.0004132780886720866, 0.0007084948592819273, 0.0008694358984939754, 0.0013130679726600647, 0.0013517985353246331, 0.0009022909798659384, 0.00035883396049030125, 0.0007380714523606002, 0.000839078682474792, 0.0024147930089384317, 0.0016267439350485802, 0.00035770106478594244, 0.00016879604663699865, 3.326482556076371e-08], "lowlevel.erbbands.mean": [9.077895164489746, 17.85573387145996, 7.919882297515869, 5.990666389465332, 8.491358757019043, 7.48931360244751, 11.804619789123535, 13.069015502929688, 10.992384910583496, 10.131019592285156, 12.250741004943848, 18.387235641479492, 9.924741744995117, 8.931744575500488, 16.448589324951172, 18.477510452270508, 12.086645126342773, 8.572416305541992, 12.610539436340332, 17.434926986694336, 31.415672302246094, 40.895591735839844, 31.893136978149414, 37.25382614135742, 14.36841869354248, 6.643470764160156, 7.805515289306641, 9.005352973937988, 10.362526893615723, 15.684589385986328, 25.838891983032227, 17.07373809814453, 6.513913631439209, 1.8470818996429443, 0.8125410676002502, 0.491218626499176, 0.05310636758804321, 0.001302838558331132, 0.00016169250011444092, 0.0002418750082142651], "lowlevel.erbbands.stdev": [6.956626892089844, 20.335697174072266, 23.47195053100586, 19.889272689819336, 18.824810028076172, 13.555415153503418, 23.03182029724121, 26.811647415161133, 22.604623794555664, 21.38042449951172, 32.42178726196289, 51.82094955444336, 19.23908233642578, 23.633331298828125, 46.91661071777344, 52.008304595947266, 29.022605895996094, 20.24175262451172, 28.65152931213379, 35.072574615478516, 57.989234924316406, 75.33464050292969, 63.924720764160156, 69.38662719726562, 31.361886978149414, 16.876379013061523, 25.103069305419922, 30.82627296447754, 32.0046272277832, 39.01727294921875, 74.97669982910156, 51.9382209777832, 18.94158363342285, 5.252963542938232, 2.234142541885376, 1.3756890296936035, 0.1539292335510254, 0.0033700342755764723, 0.00017845180991571397, 0.0001499802601756528], "lowlevel.gfcc.mean": [-22.61079978942871, 91.28771209716797, -86.1130599975586, 58.89889144897461, -42.11905288696289, 29.993558883666992, -35.88304138183594, 24.150264739990234, 1.2668681144714355, -8.685195922851562, 2.994293689727783, 8.403227806091309, -4.838733673095703], "lowlevel.melbands.mean": [0.06004621833562851, 0.009221700020134449, 0.0011489859316498041, 0.0005331843276508152, 0.00042495233356021345, 0.000286538852378726, 0.00016540278738830239, 0.00010881447087740526, 0.00011140367860207334, 0.00010556987399468198, 4.636031007976271e-05, 3.393288352526724e-05, 5.1728173275478184e-05, 5.526309905690141e-05, 3.822358848992735e-05, 2.0945872165611945e-05, 1.5209585399134085e-05, 1.852983950811904e-05, 2.3749511456117034e-05, 2.399211189185735e-05, 4.003028880106285e-05, 4.845179137191735e-05, 2.3613994926563464e-05, 3.39496364176739e-05, 3.0810359021415934e-05, 1.3532288903661538e-05, 5.932797193963779e-06, 3.908938197128009e-06, 4.188249477010686e-06, 6.0335296439006925e-06, 4.807619461644208e-06, 5.734347723773681e-06, 5.863416390639031e-06, 1.0299965651938692e-05, 1.4702957741974387e-05, 1.4524093785439618e-05, 9.276492164644878e-06, 5.20534695169772e-06, 1.991095814446453e-06, 1.4059356772122555e-06], "lowlevel.melbands.stdev": [0.044894155114889145, 0.01468145102262497, 0.003184857778251171, 0.001025236095301807, 0.0007638747920282185, 0.0005899454117752612, 0.00033976303529925644, 0.00024034087255131453, 0.00027000129921361804, 0.0002891104086302221, 9.35668358579278e-05, 9.306278661824763e-05, 0.0001458520710002631, 0.00016809915541671216, 0.00010508000559639186, 5.016518844058737e-05, 3.874894537148066e-05, 4.3136635213159025e-05, 5.5694526963634416e-05, 4.737866765935905e-05, 7.548872963525355e-05, 9.107697405852377e-05, 5.201221210882068e-05, 6.8160894443281e-05, 5.842626705998555e-05, 3.180679050274193e-05, 1.4195509720593691e-05, 1.0886641575780232e-05, 1.3423049495031592e-05, 2.154687899746932e-05, 1.6993566532619298e-05, 1.9325889297761023e-05, 1.6247640814981423e-05, 2.6780309781315736e-05, 4.261646245140582e-05, 4.483807060751133e-05, 2.9417326004477218e-05, 1.5106635146366898e-05, 6.380547802109504e-06, 4.01104944103281e-06], "lowlevel.melbands128.mean": [0.031229982152581215, 0.09250608086585999, 0.06094898656010628, 0.02008301019668579, 0.004747780971229076, 0.002057543722912669, 0.0010927632683888078, 0.0010857785819098353, 0.0009395545348525047, 0.0003547924861777574, 0.000371418398572132, 0.0005532862851396203, 0.00040906990761868656, 0.00031472931732423604, 0.00032312030089087784, 0.0002617838035803288, 0.00018057154375128448, 0.00015503590111620724, 0.000136552844196558, 0.00010722752631409094, 9.766866423888132e-05, 0.00010119981016032398, 8.641958265798166e-05, 0.00014990096678957343, 0.00017194209794979542, 5.1626248023239896e-05, 5.209190567256883e-05, 5.223859625402838e-05, 3.6338413337944075e-05, 3.069491503993049e-05, 2.9346048904699273e-05, 4.573640035232529e-05, 5.783941742265597e-05, 5.0897750043077394e-05, 5.710972982342355e-05, 6.09877060924191e-05, 4.519138019531965e-05, 3.948229277739301e-05, 3.406679752515629e-05, 2.205048622272443e-05, 1.967410025827121e-05, 1.6234556824201718e-05, 1.3195262908993755e-05, 1.6052936189225875e-05, 1.6382475223508663e-05, 1.621824048925191e-05, 2.5117240511463024e-05, 2.3936423531267792e-05, 2.383100218139589e-05, 2.266357660118956e-05, 2.027475966315251e-05, 2.8881111575174145e-05, 3.670321893878281e-05, 4.262023503542878e-05, 5.430216697277501e-05, 6.055373523849994e-05, 3.244494291720912e-05, 2.016099460888654e-05, 2.164373654522933e-05, 2.6222802262054756e-05, 3.4472446714062244e-05, 3.976641528424807e-05, 3.8502872484968975e-05, 2.7899608539883047e-05, 1.952569255081471e-05, 1.4131158422969747e-05, 8.863644325174391e-06, 6.872634912724607e-06, 5.449783657240914e-06, 4.510235612542601e-06, 3.460203743088641e-06, 4.0294721657119226e-06, 3.724890120793134e-06, 3.964148163504433e-06, 4.761417130794143e-06, 6.98492522133165e-06, 6.105691682023462e-06, 5.0516177907411475e-06, 4.6180898607417475e-06, 4.399575573188486e-06, 5.754884568887064e-06, 6.591892997676041e-06, 5.151194272912107e-06, 6.168974323372822e-06, 5.5687683016003575e-06, 7.764411748212297e-06, 1.2396952115523163e-05, 1.4741235645487905e-05, 1.2554271961562335e-05, 1.712338053039275e-05, 1.773073927324731e-05, 1.3452948223857675e-05, 9.766872608452104e-06, 1.0196201401413418e-05, 8.18350599729456e-06, 6.1613950492755976e-06, 4.812634415429784e-06, 3.641330295067746e-06, 1.4986549103923608e-06, 1.5968007573974319e-06, 1.3669323379872367e-06, 1.6958991864157724e-06, 9.835243872657884e-07, 5.756819518865086e-07, 6.629146014347498e-07, 1.2198665899632033e-06, 1.0477820069354493e-06, 8.537770668226585e-07, 9.740639370647841e-07, 8.934800916904351e-07, 5.040877795181586e-07, 1.6771950583915896e-07, 3.4800933690348756e-08, 8.308981058746667e-09, 3.7369853878033155e-09, 5.899810084919466e-10, 8.845148224967403e-11, 2.1644920231156384e-11, 2.083489630821944e-11, 2.016775288438133e-11, 1.96951743108853e-11, 1.931830910517629e-11, 1.875619624891467e-11, 1.8447424143808178e-11, 1.8119205788535986e-11, 1.777082647702599e-11, 1.756154943688415e-11, 1.74562413135515e-11], "lowlevel.melbands128.stdev": [0.030048314481973648, 0.07369241863489151, 0.05323006585240364, 0.030435310676693916, 0.01572461426258087, 0.007924026809632778, 0.004506304860115051, 0.0027802912518382072, 0.0021798184607177973, 0.000902209896594286, 0.0007670661434531212, 0.001049442682415247, 0.0008746585226617754, 0.000984234269708395, 0.000754095206502825, 0.0006147745298221707, 0.0004654077929444611, 0.0003871255903504789, 0.00037180824438109994, 0.0002576531551312655, 0.00028585505788214505, 0.000430923217209056, 0.00026411956059746444, 0.00042988694622181356, 0.0005974607192911208, 0.0001210422778967768, 0.00015760747191961855, 0.00011536714737303555, 8.841230737743899e-05, 9.9624739959836e-05, 0.00010407721856608987, 0.00013435936125461012, 0.0001719934371067211, 0.00019752142543438822, 0.00019836725550703704, 0.0002352146984776482, 0.0001474347955081612, 0.00012701048399321735, 0.0001035281311487779, 5.815505573991686e-05, 5.331561987986788e-05, 4.268969496479258e-05, 3.854887108900584e-05, 4.839504254050553e-05, 4.880204869550653e-05, 4.144745980738662e-05, 7.44849385228008e-05, 6.747330917278305e-05, 6.367816968122497e-05, 5.3255647799232975e-05, 4.7026387619553134e-05, 6.669278809567913e-05, 8.562255243305117e-05, 9.197111648973078e-05, 0.00010879235924221575, 0.00013370238593779504, 7.05604106769897e-05, 4.730697037302889e-05, 6.167956598801538e-05, 6.37588236713782e-05, 7.695090607739985e-05, 8.432125468971208e-05, 8.848644210956991e-05, 5.7407050917390734e-05, 4.572037505568005e-05, 4.226509918225929e-05, 2.2810663722339086e-05, 1.808373781386763e-05, 1.4268362974689808e-05, 1.2778572454408277e-05, 9.839464837568812e-06, 1.3671603483089712e-05, 1.1790484677476343e-05, 1.4936963452782948e-05, 1.6469924958073534e-05, 2.7578726076171733e-05, 2.2830094167147763e-05, 2.222557486675214e-05, 1.698468804534059e-05, 1.487677036493551e-05, 2.2433734557125717e-05, 2.282401328557171e-05, 1.5630781490472145e-05, 1.8705424736253917e-05, 1.570513632032089e-05, 2.1796198780066334e-05, 3.3636544685577974e-05, 4.735495531349443e-05, 3.7877536669839174e-05, 5.790662544313818e-05, 5.65667032788042e-05, 4.353711847215891e-05, 3.302239201730117e-05, 3.791041672229767e-05, 2.5543349693180062e-05, 1.8447271941113286e-05, 1.4629968063673005e-05, 1.3598329132946674e-05, 5.447478997666622e-06, 5.1754182095464785e-06, 4.142304078413872e-06, 5.221043920755619e-06, 3.0802259516349295e-06, 1.64305481575866e-06, 2.506581040506717e-06, 3.570983835743391e-06, 2.9946193080832018e-06, 2.510592821636237e-06, 2.8743718303303467e-06, 2.7127746307087364e-06, 1.826234324653342e-06, 6.22296511210152e-07, 1.5536890884959575e-07, 4.5479286114868955e-08, 1.9466556366865007e-08, 4.251747398598127e-09, 1.2175873642661372e-09, 3.72035804940829e-11, 3.593606315299702e-11, 3.493064518189648e-11, 3.4098477513788694e-11, 3.337049039875417e-11, 3.2664464882925515e-11, 3.2108843361911e-11, 3.1639336983690924e-11, 3.12572016880619e-11, 3.0984770305053644e-11, 3.0816627027974164e-11], "lowlevel.mfcc.mean": [-671.097412109375, 113.74251556396484, 28.160057067871094, 34.12975311279297, 32.71753692626953, 9.644707679748535, -4.351988792419434, 34.4069709777832, -3.2292933464050293, 13.188098907470703, 5.748529434204102, 6.1516828536987305, 6.519215106964111], "lowlevel.spectral_contrast_coeffs.mean": [-0.7180047035217285, -0.7829110026359558, -0.8125768899917603, -0.8050488233566284, -0.7424532175064087, -0.7588000297546387], "lowlevel.spectral_contrast_coeffs.stdev": [0.07285481691360474, 0.06869374960660934, 0.05750453099608421, 0.059256382286548615, 0.07725948095321655, 0.051988713443279266], "lowlevel.spectral_contrast_valleys.mean": [-6.534782409667969, -7.054378986358643, -7.8177337646484375, -7.952281475067139, -8.138108253479004, -10.394704818725586], "lowlevel.spectral_contrast_valleys.stdev": [1.0332460403442383, 0.8653232455253601, 0.9748080372810364, 0.8952504992485046, 1.1193124055862427, 1.2834702730178833], "rhythm.beats_loudness_band_ratio.mean": [0.8608376383781433, 0.030798347666859627, 0.03606925532221794, 0.019787393510341644, 0.03405839204788208, 0.025262560695409775], "rhythm.beats_loudness_band_ratio.stdev": [0.16649474203586578, 0.030496520921587944, 0.06942307204008102, 0.03576113283634186, 0.04210273548960686, 0.0378139354288578], "tonal.hpcp.mean": [0.09293188899755478, 0.07332926243543625, 0.03328366205096245, 0.029292786493897438, 0.03330596163868904, 0.03316809609532356, 0.04556865245103836, 0.05567781254649162, 0.050791263580322266, 0.05502663180232048, 0.050006575882434845, 0.04299147054553032, 0.03639607131481171, 0.02593768760561943, 0.02867976389825344, 0.03750789538025856, 0.04235997796058655, 0.0457630380988121, 0.047238100320100784, 0.04458240047097206, 0.06871629506349564, 0.263785183429718, 0.4565705955028534, 0.2917320728302002, 0.11752638220787048, 0.12258043140172958, 0.11044222116470337, 0.10736741125583649, 0.08742833882570267, 0.07140401005744934, 0.08265051990747452, 0.07817378640174866, 0.05991167202591896, 0.04423021525144577, 0.05180615931749344, 0.07306370884180069], "tonal.hpcp.stdev": [0.24685180187225342, 0.21820901334285736, 0.12325529009103775, 0.12182953208684921, 0.13275408744812012, 0.130900040268898, 0.13319571316242218, 0.1699432134628296, 0.14741681516170502, 0.18233324587345123, 0.14936557412147522, 0.13582001626491547, 0.1278502196073532, 0.09053578972816467, 0.09969715774059296, 0.12042663991451263, 0.12860490381717682, 0.136978879570961, 0.1483704149723053, 0.13273070752620697, 0.190728098154068, 0.31700125336647034, 0.46349141001701355, 0.32933199405670166, 0.26797524094581604, 0.2687915861606598, 0.24946807324886322, 0.25131291151046753, 0.21441489458084106, 0.1966669261455536, 0.21445557475090027, 0.20219208300113678, 0.1810772866010666, 0.14155226945877075, 0.16376256942749023, 0.2049683928489685], "rhythm.beats_position": [0.54566890001297, 1.1145577430725098, 1.6834466457366943, 2.252335548400879, 2.8444442749023438, 3.4365532398223877, 4.040272235870361, 4.643990993499756, 5.236099720001221, 5.8282084465026855, 6.42031717300415, 7.035645961761475, 7.616145133972168, 8.219863891601562, 8.811972618103027, 9.427301406860352, 10.031020164489746, 10.63473892211914, 11.226847648620605, 11.81895637512207, 12.422675132751465, 13.02639389038086, 13.63011360168457, 14.233832359313965, 14.83755111694336, 15.429659843444824, 16.02176856994629, 16.625486373901367, 17.229206085205078, 17.832923889160156, 18.436643600463867, 19.040363311767578], "rhythm.bpm_histogram": [0.0, 0.0, 0.0, 0.0, 0.0, 0.0, 0.0, 0.0, 0.0, 0.0, 0.0, 0.0, 0.0, 0.0, 0.0, 0.0, 0.0, 0.0, 0.0, 0.0, 0.0, 0.0, 0.0, 0.0, 0.0, 0.0, 0.0, 0.0, 0.0, 0.0, 0.0, 0.0, 0.0, 0.0, 0.0, 0.0, 0.0, 0.0, 0.0, 0.0, 0.0, 0.0, 0.0, 0.0, 0.0, 0.0, 0.0, 0.0, 0.0, 0.0, 0.0, 0.0, 0.0, 0.0, 0.0, 0.0, 0.0, 0.0, 0.0, 0.0, 0.0, 0.0, 0.0, 0.0, 0.0, 0.0, 0.0, 0.0, 0.0, 0.0, 0.0, 0.0, 0.0, 0.0, 0.0, 0.0, 0.0, 0.0, 0.0, 0.0, 0.0, 0.0, 0.0, 0.0, 0.0, 0.0, 0.0, 0.0, 0.0, 0.0, 0.0, 0.0, 0.0, 0.0, 0.0, 0.0, 0.0, 0.0, 0.06451612710952759, 0.4838709533214569, 0.0, 0.32258063554763794, 0.0, 0.032258063554763794, 0.0, 0.09677419066429138, 0.0, 0.0, 0.0, 0.0, 0.0, 0.0, 0.0, 0.0, 0.0, 0.0, 0.0, 0.0, 0.0, 0.0, 0.0, 0.0, 0.0, 0.0, 0.0, 0.0, 0.0, 0.0, 0.0, 0.0, 0.0, 0.0, 0.0, 0.0, 0.0, 0.0, 0.0, 0.0, 0.0, 0.0, 0.0, 0.0, 0.0, 0.0, 0.0, 0.0, 0.0, 0.0, 0.0, 0.0, 0.0, 0.0, 0.0, 0.0, 0.0, 0.0, 0.0, 0.0, 0.0, 0.0, 0.0, 0.0, 0.0, 0.0, 0.0, 0.0, 0.0, 0.0, 0.0, 0.0, 0.0, 0.0, 0.0, 0.0, 0.0, 0.0, 0.0, 0.0, 0.0, 0.0, 0.0, 0.0, 0.0, 0.0, 0.0, 0.0, 0.0, 0.0, 0.0, 0.0, 0.0, 0.0, 0.0, 0.0, 0.0, 0.0, 0.0, 0.0, 0.0, 0.0, 0.0, 0.0, 0.0, 0.0, 0.0, 0.0, 0.0, 0.0, 0.0, 0.0, 0.0, 0.0, 0.0, 0.0, 0.0, 0.0, 0.0, 0.0, 0.0, 0.0, 0.0, 0.0, 0.0, 0.0, 0.0, 0.0, 0.0, 0.0, 0.0, 0.0, 0.0, 0.0, 0.0, 0.0, 0.0, 0.0, 0.0, 0.0, 0.0, 0.0, 0.0, 0.0, 0.0, 0.0, 0.0, 0.0, 0.0, 0.0, 0.0, 0.0], "tonal.chords_histogram": [0.4750593900680542, 47.50593948364258, 23.277910232543945, 0.0, 0.0, 0.0, 0.0, 4.750593662261963, 18.052255630493164, 1.1876484155654907, 0.0, 0.0, 0.0, 0.0, 0.0, 0.0, 0.0, 0.0, 0.0, 0.0, 0.0, 0.0, 4.750593662261963, 0.0], "tonal.thpcp": [1.0, 0.6389637589454651, 0.2574111819267273, 0.2684807777404785, 0.2418951690196991, 0.23516058921813965, 0.19148920476436615, 0.15639205276966095, 0.18102462589740753, 0.17121949791908264, 0.13122104108333588, 0.09687486290931702, 0.11346801370382309, 0.16002719104290009, 0.2035433053970337, 0.16060881316661835, 0.07289926707744598, 0.06415828317403793, 0.07294810563325882, 0.07264614850282669, 0.09980636835098267, 0.12194786965847015, 0.11124514788389206, 0.12052162736654282, 0.10952649265527725, 0.09416171908378601, 0.07971619814634323, 0.05680980905890465, 0.06281561404466629, 0.08215136080980301, 0.09277859330177307, 0.10023211687803268, 0.10346285998821259, 0.09764623641967773, 0.15050530433654785, 0.5777533054351807], "lowlevel.gfcc.cov": [[6497.7890625, -1249.8067626953125, -448.637451171875, 796.2293090820312, -119.74987030029297, 123.7568359375, -475.20208740234375, 349.2004699707031, -303.1639099121094, 386.8955993652344, -64.21591186523438, 243.80348205566406, -155.0834197998047], [-1249.8067626953125, 2882.3251953125, 156.5799560546875, -654.2796020507812, 715.4502563476562, -219.40225219726562, 257.0101013183594, -193.90304565429688, 409.8842468261719, -419.8516540527344, 292.4195861816406, -63.141239166259766, 181.7130889892578], [-448.637451171875, 156.5799560546875, 1297.205810546875, 375.9848327636719, 520.787841796875, 279.88946533203125, 265.0913391113281, 89.14950561523438, 217.87037658691406, 36.175418853759766, 59.84758758544922, -34.69889450073242, 112.42694854736328], [796.2293090820312, -654.2796020507812, 375.9848327636719, 804.9611206054688, 311.94049072265625, 106.05284118652344, -78.15648651123047, 86.45491027832031, 118.46405792236328, 141.49386596679688, 50.740787506103516, 30.53955841064453, 68.32317352294922], [-119.74987030029297, 715.4502563476562, 520.787841796875, 311.94049072265625, 872.3056640625, 102.73206329345703, 164.082275390625, 56.95296859741211, 353.9974670410156, -3.365490198135376, 223.97564697265625, -1.2997575998306274, 147.51992797851562], [123.7568359375, -219.40225219726562, 279.88946533203125, 106.05284118652344, 102.73206329345703, 340.47552490234375, 253.982421875, 87.89449310302734, 38.65688705444336, 117.041748046875, 51.00886535644531, -22.93929672241211, 26.429468154907227], [-475.20208740234375, 257.0101013183594, 265.0913391113281, -78.15648651123047, 164.082275390625, 253.982421875, 654.7470092773438, 95.59030151367188, 162.04566955566406, 96.23200988769531, 133.66114807128906, -42.1058464050293, 111.33757019042969], [349.2004699707031, -193.90304565429688, 89.14950561523438, 86.45491027832031, 56.95296859741211, 87.89449310302734, 95.59030151367188, 202.53756713867188, 39.885536193847656, 74.39405059814453, 38.227874755859375, 23.059524536132812, -7.010589122772217], [-303.1639099121094, 409.8842468261719, 217.87037658691406, 118.46405792236328, 353.9974670410156, 38.65688705444336, 162.04566955566406, 39.885536193847656, 361.6895446777344, 6.451338768005371, 172.66554260253906, 0.5924719572067261, 111.35127258300781], [386.8955993652344, -419.8516540527344, 36.175418853759766, 141.49386596679688, -3.365490198135376, 117.041748046875, 96.23200988769531, 74.39405059814453, 6.451338768005371, 252.9102325439453, 17.930740356445312, 14.117631912231445, 19.61219024658203], [-64.21591186523438, 292.4195861816406, 59.84758758544922, 50.740787506103516, 223.97564697265625, 51.00886535644531, 133.66114807128906, 38.227874755859375, 172.66554260253906, 17.930740356445312, 217.6632537841797, 23.334726333618164, 60.833831787109375], [243.80348205566406, -63.141239166259766, -34.69889450073242, 30.53955841064453, -1.2997575998306274, -22.93929672241211, -42.1058464050293, 23.059524536132812, 0.5924719572067261, 14.117631912231445, 23.334726333618164, 118.44176483154297, 8.208415985107422], [-155.0834197998047, 181.7130889892578, 112.42694854736328, 68.32317352294922, 147.51992797851562, 26.429468154907227, 111.33757019042969, -7.010589122772217, 111.35127258300781, 19.61219024658203, 60.833831787109375, 8.208415985107422, 154.41250610351562]], "lowlevel.gfcc.icov": [[0.0002970273490063846, -0.00025542970979586244, 0.0002114441158482805, -0.000516667787451297, 0.00013549000141210854, -0.00032238688436336815, 0.00022423647169489413, -0.0005161044537089765, 0.0003060129820369184, -0.0004132395260967314, 0.0001624570577405393, -0.00043165270471945405, 0.00020494518685154617], [-0.00025542970979586244, 0.001797076198272407, -0.0003319385286886245, 0.002033989178016782, -0.0015236064791679382, 0.0011469712480902672, -0.0004520246002357453, 0.001158952945843339, -0.0005448877927847207, 0.0016751389484852552, -0.001051609986461699, 0.0007494541932828724, -0.0008371845469810069], [0.0002114441158482805, -0.0003319385286886245, 0.0015629911795258522, -0.0009272283059544861, -0.00040856885607354343, -0.0011879183584824204, -0.00010407334775663912, -0.0004950336879119277, -5.727360985474661e-05, 7.835772703401744e-05, 0.0011915629729628563, -0.0003412393562030047, 0.00010152810136787593], [-0.000516667787451297, 0.002033989178016782, -0.0009272283059544861, 0.004605451598763466, -0.0021238389890640974, 0.0010405773064121604, 0.0004118167271371931, 0.0011355270398780704, -0.0009817812824621797, 0.0009016047115437686, -0.001151794451288879, 0.0010328663047403097, -0.0016772989183664322], [0.00013549000141210854, -0.0015236064791679382, -0.00040856885607354343, -0.0021238389890640974, 0.0039779189974069595, -0.0009344679419882596, 0.000551773002371192, -0.0009532094118185341, -0.0008841472445055842, -0.000864797446411103, -0.000576688558794558, -0.00020254218543414026, 7.012916466919705e-05], [-0.00032238688436336815, 0.0011469712480902672, -0.0011879183584824204, 0.0010405773064121604, -0.0009344679419882596, 0.006658942438662052, -0.0022042933851480484, 0.00028522167121991515, 0.000638125347904861, -0.00035693153040483594, -0.0015328939771279693, 0.0014265323989093304, 0.00019952333241235465], [0.00022423647169489413, -0.0004520246002357453, -0.00010407334775663912, 0.0004118167271371931, 0.000551773002371192, -0.0022042933851480484, 0.003552802139893174, -0.001358244800940156, -0.0002905016881413758, -0.0010935229947790504, -0.0007096120389178395, 0.0006449217326007783, -0.0015288576250895858], [-0.0005161044537089765, 0.001158952945843339, -0.0004950336879119277, 0.0011355270398780704, -0.0009532094118185341, 0.00028522167121991515, -0.001358244800940156, 0.007898281328380108, -0.0012000997085124254, 0.00021969134104438126, -0.0008577696862630546, -0.0006807410973124206, 0.0013872177805751562], [0.0003060129820369184, -0.0005448877927847207, -5.727360985474661e-05, -0.0009817812824621797, -0.0008841472445055842, 0.000638125347904861, -0.0002905016881413758, -0.0012000997085124254, 0.006845386698842049, -0.0005354306777007878, -0.0027850361075252295, 0.00024031220527831465, -0.001468838658183813], [-0.0004132395260967314, 0.0016751389484852552, 7.835772703401744e-05, 0.0009016047115437686, -0.000864797446411103, -0.00035693153040483594, -0.0010935229947790504, 0.00021969134104438126, -0.0005354306777007878, 0.007517433725297451, -0.0008387392153963447, 0.00039398614899255335, -0.001415787497535348], [0.0001624570577405393, -0.001051609986461699, 0.0011915629729628563, -0.001151794451288879, -0.000576688558794558, -0.0015328939771279693, -0.0007096120389178395, -0.0008577696862630546, -0.0027850361075252295, -0.0008387392153963447, 0.009893358685076237, -0.002519784029573202, 0.000679965247400105], [-0.00043165270471945405, 0.0007494541932828724, -0.0003412393562030047, 0.0010328663047403097, -0.00020254218543414026, 0.0014265323989093304, 0.0006449217326007783, -0.0006807410973124206, 0.00024031220527831465, 0.00039398614899255335, -0.002519784029573202, 0.010578024201095104, -0.0018635706510394812], [0.00020494518685154617, -0.0008371845469810069, 0.00010152810136787593, -0.0016772989183664322, 7.012916466919705e-05, 0.00019952333241235465, -0.0015288576250895858, 0.0013872177805751562, -0.001468838658183813, -0.001415787497535348, 0.000679965247400105, -0.0018635706510394812, 0.010469854809343815]], "lowlevel.mfcc.cov": [[7164.05712890625, -1770.2559814453125, -532.2252807617188, 316.4809265136719, 51.12801742553711, -161.71774291992188, -82.52842712402344, -186.92633056640625, -182.0338897705078, -199.07620239257812, 84.78668212890625, 184.74205017089844, -2.9152143001556396], [-1770.2559814453125, 3226.621337890625, -232.31985473632812, -223.00062561035156, 287.0838317871094, -3.639326572418213, -40.01807403564453, 332.6289978027344, -3.9830174446105957, -32.46489334106445, 34.847084045410156, -45.79121017456055, 151.88719177246094], [-532.2252807617188, -232.31985473632812, 809.0619506835938, 156.33474731445312, 152.18849182128906, 195.68748474121094, 168.9282684326172, 76.72283172607422, 136.08963012695312, 155.08644104003906, 2.352437973022461, -3.51775860786438, -9.989509582519531], [316.4809265136719, -223.00062561035156, 156.33474731445312, 608.6144409179688, 420.8934631347656, 148.93472290039062, -22.172264099121094, 51.669979095458984, 68.99211883544922, 94.53131866455078, 41.66895294189453, 35.500030517578125, 24.753538131713867], [51.12801742553711, 287.0838317871094, 152.18849182128906, 420.8934631347656, 811.9945068359375, 122.31358337402344, -92.83096313476562, 128.20297241210938, -13.043455123901367, 103.33555603027344, 30.252567291259766, 6.14691686630249, 48.573524475097656], [-161.71774291992188, -3.639326572418213, 195.68748474121094, 148.93472290039062, 122.31358337402344, 345.6391906738281, 182.85687255859375, 40.380767822265625, 145.18087768554688, 135.62986755371094, 61.058589935302734, 83.97905731201172, 42.976905822753906], [-82.52842712402344, -40.01807403564453, 168.9282684326172, -22.172264099121094, -92.83096313476562, 182.85687255859375, 398.3210754394531, 62.22163009643555, 150.92518615722656, 119.244384765625, 80.79620361328125, 98.885498046875, 40.44573211669922], [-186.92633056640625, 332.6289978027344, 76.72283172607422, 51.669979095458984, 128.20297241210938, 40.380767822265625, 62.22163009643555, 263.739990234375, 33.24680709838867, 57.06808853149414, 57.299068450927734, 39.02198791503906, 66.64456939697266], [-182.0338897705078, -3.9830174446105957, 136.08963012695312, 68.99211883544922, -13.043455123901367, 145.18087768554688, 150.92518615722656, 33.24680709838867, 225.39309692382812, 110.22474670410156, 55.82670593261719, 40.370880126953125, 19.851701736450195], [-199.07620239257812, -32.46489334106445, 155.08644104003906, 94.53131866455078, 103.33555603027344, 135.62986755371094, 119.244384765625, 57.06808853149414, 110.22474670410156, 240.27337646484375, 83.3719711303711, 52.515377044677734, 26.31922149658203], [84.78668212890625, 34.847084045410156, 2.352437973022461, 41.66895294189453, 30.252567291259766, 61.058589935302734, 80.79620361328125, 57.299068450927734, 55.82670593261719, 83.3719711303711, 156.53689575195312, 82.0897216796875, 34.42856979370117], [184.74205017089844, -45.79121017456055, -3.51775860786438, 35.500030517578125, 6.14691686630249, 83.97905731201172, 98.885498046875, 39.02198791503906, 40.370880126953125, 52.515377044677734, 82.0897216796875, 163.81103515625, 63.85715103149414], [-2.9152143001556396, 151.88719177246094, -9.989509582519531, 24.753538131713867, 48.573524475097656, 42.976905822753906, 40.44573211669922, 66.64456939697266, 19.851701736450195, 26.31922149658203, 34.42856979370117, 63.85715103149414, 119.15737915039062]], "lowlevel.mfcc.icov": [[0.00019857010920532048, 0.00012001216964563355, 0.00014235384878702462, -8.432313188677654e-05, -7.998384535312653e-05, 8.068222814472392e-05, -8.57959093991667e-05, 1.8507133063394576e-05, 6.535711145261303e-05, 0.00020383183436933905, -0.00013198290253058076, -0.00016540395154152066, -2.5527002435410395e-05], [0.00012001216964563355, 0.0005302068893797696, 0.00026789875118993223, 0.0003518142329994589, -0.0003446938644628972, -0.00010290912905475125, 4.164623419455893e-07, -0.0004921757499687374, -0.0001668469194555655, 0.0002933436189778149, -0.0001652811624808237, 0.00032400997588410974, -0.00043365228339098394], [0.00014235384878702462, 0.00026789875118993223, 0.0019090662244707346, -8.284557407023385e-05, -0.0003183643857482821, -0.0004590019234456122, -0.0005512367351911962, -0.0005817292840220034, -0.0003274133778177202, -0.000445876969024539, 0.0006279966910369694, 0.0004546319250948727, 0.0003749924071598798], [-8.432313188677654e-05, 0.0003518142329994589, -8.284557407023385e-05, 0.003288388717919588, -0.0016225293511524796, -0.0006858036504127085, 0.0006373599171638489, -0.00019656993390526623, -0.0010616554645821452, 0.00014303228817880154, -0.0002143491874448955, -9.120805043494329e-05, -8.212692773668095e-05], [-7.998384535312653e-05, -0.0003446938644628972, -0.0003183643857482821, -0.0016225293511524796, 0.002667101565748453, -0.0006246750126592815, 0.0007621421245858073, -0.0005374539759941399, 0.001134239137172699, -0.0008925586589612067, 5.497516758623533e-05, 0.0002995556278619915, -0.00024046427279245108], [8.068222814472392e-05, -0.00010290912905475125, -0.0004590019234456122, -0.0006858036504127085, -0.0006246750126592815, 0.005826078820973635, -0.0015508809592574835, 0.0008523815195076168, -0.0017236358253285289, -0.0008171869558282197, 0.0004887591348960996, -0.0016288149636238813, -0.00036051959614269435], [-8.57959093991667e-05, 4.164623419455893e-07, -0.0005512367351911962, 0.0006373599171638489, 0.0007621421245858073, -0.0015508809592574835, 0.0048950957134366035, -0.0007241122075356543, -0.0014351765858009458, -0.0005896221846342087, -0.0003970552352257073, -0.0013304796302691102, 7.951313818921335e-06], [1.8507133063394576e-05, -0.0004921757499687374, -0.0005817292840220034, -0.00019656993390526623, -0.0005374539759941399, 0.0008523815195076168, -0.0007241122075356543, 0.005765886045992374, 7.780694431858137e-05, -0.00023357104510068893, -0.0012597267050296068, 3.2651707897457527e-06, -0.002046669367700815], [6.535711145261303e-05, -0.0001668469194555655, -0.0003274133778177202, -0.0010616554645821452, 0.001134239137172699, -0.0017236358253285289, -0.0014351765858009458, 7.780694431858137e-05, 0.00805735494941473, -0.001707018818706274, -0.0009392784559167922, 0.0008854595944285393, -0.00015814667858649045], [0.00020383183436933905, 0.0002933436189778149, -0.000445876969024539, 0.00014303228817880154, -0.0008925586589612067, -0.0008171869558282197, -0.0005896221846342087, -0.00023357104510068893, -0.001707018818706274, 0.00752247404307127, -0.0027572966646403074, 9.731137834023684e-05, -7.930208084871992e-05], [-0.00013198290253058076, -0.0001652811624808237, 0.0006279966910369694, -0.0002143491874448955, 5.497516758623533e-05, 0.0004887591348960996, -0.0003970552352257073, -0.0012597267050296068, -0.0009392784559167922, -0.0027572966646403074, 0.010823209770023823, -0.004179633688181639, 0.0008234831038862467], [-0.00016540395154152066, 0.00032400997588410974, 0.0004546319250948727, -9.120805043494329e-05, 0.0002995556278619915, -0.0016288149636238813, -0.0013304796302691102, 3.2651707897457527e-06, 0.0008854595944285393, 9.731137834023684e-05, -0.004179633688181639, 0.011706864461302757, -0.004680008627474308], [-2.5527002435410395e-05, -0.00043365228339098394, 0.0003749924071598798, -8.212692773668095e-05, -0.00024046427279245108, -0.00036051959614269435, 7.951313818921335e-06, -0.002046669367700815, -0.00015814667858649045, -7.930208084871992e-05, 0.0008234831038862467, -0.004680008627474308, 0.012676932848989964]], "metadata.audio_properties.analysis.downmix": "mix", "metadata.audio_properties.codec": "mp3", "metadata.audio_properties.md5_encoded": "61b4ae3ecb3a50ff3cd240d19325f92b", "metadata.tags.file_name": "1183689929113468949.mp3", "metadata.version.essentia": "2.1-beta6-dev", "metadata.version.essentia_git_sha": "v2.1_beta5-1110-g77a6a954", "metadata.version.extractor": "music 2.0", "tonal.chords_key": "C", "tonal.chords_scale": "major", "tonal.key_edma.key": "A", "tonal.key_edma.scale": "minor", "tonal.key_krumhansl.key": "A", "tonal.key_krumhansl.scale": "minor", "tonal.key_temperley.key": "A", "tonal.key_temperley.scale": "minor", "metadata.tags.encoding": ["Lavf58.45.100"]}, "essentia_models": [{"model_name": "genre_dortmund", "activations": {"alternative": "0.0014321273", "blues": "8.117695e-05", "electronic": "0.00869175", "folkcountry": "0.00014898872", "funksoulrnb": "0.004061312", "jazz": "0.00035226057", "pop": "0.0018574395", "raphiphop": "0.9891618", "rock": "0.0024401788"}}, {"model_name": "genre_rosamerica", "activations": {"classic": "0.00021053781", "dance": "0