{"song_id": "1183672652087439391", "download": "https://cdn.discordapp.com/attachments/1135903449314238464/1183672652087439391/chirp.mp4?ex=6589300f&amp", "lyrics": "[Verse]\nIn this game of life, I face my strife\nStruggles cut deep, like a sharp-edged knife\nEvery step forward, met with resistance\nBut I won't back down, gotta go the distance\n\n[Chorus]\nThrough the struggle, I rise, I'm ready to fight\nNo matter what comes my way, I'll make it alright\nI won't let it break me, nah, that ain't right\nI'll keep pushing through, shining in the darkest nights", "style": ["hip hop"], "essentia_features": {"lowlevel.average_loudness": 0.985093891620636, "lowlevel.barkbands_crest.mean": 19.14018440246582, "lowlevel.barkbands_crest.stdev": 4.406460285186768, "lowlevel.barkbands_flatness_db.mean": 0.3163568377494812, "lowlevel.barkbands_flatness_db.stdev": 0.1089891567826271, "lowlevel.barkbands_kurtosis.mean": 77.22248840332031, "lowlevel.barkbands_kurtosis.stdev": 108.0916976928711, "lowlevel.barkbands_skewness.mean": 5.852721214294434, "lowlevel.barkbands_skewness.stdev": 3.7653427124023438, "lowlevel.barkbands_spread.mean": 8.82505989074707, "lowlevel.barkbands_spread.stdev": 12.399739265441895, "lowlevel.dissonance.mean": 0.45387786626815796, "lowlevel.dissonance.stdev": 0.037389516830444336, "lowlevel.dynamic_complexity": 1.9496723413467407, "lowlevel.erbbands_crest.mean": 10.498922348022461, "lowlevel.erbbands_crest.stdev": 4.248174667358398, "lowlevel.erbbands_flatness_db.mean": 0.1682603657245636, "lowlevel.erbbands_flatness_db.stdev": 0.05195203423500061, "lowlevel.erbbands_kurtosis.mean": 1.859644889831543, "lowlevel.erbbands_kurtosis.stdev": 3.9424028396606445, "lowlevel.erbbands_skewness.mean": 0.4964059293270111, "lowlevel.erbbands_skewness.stdev": 1.237102746963501, "lowlevel.erbbands_spread.mean": 47.70876693725586, "lowlevel.erbbands_spread.stdev": 32.996978759765625, "lowlevel.hfc.mean": 22.029226303100586, "lowlevel.hfc.stdev": 21.074432373046875, "lowlevel.loudness_ebu128.integrated": -10.460400581359863, "lowlevel.loudness_ebu128.loudness_range": 1.090240478515625, "lowlevel.loudness_ebu128.momentary.mean": -10.620250701904297, "lowlevel.loudness_ebu128.momentary.stdev": 1.2162537574768066, "lowlevel.loudness_ebu128.short_term.mean": -10.422797203063965, "lowlevel.loudness_ebu128.short_term.stdev": 0.36463919281959534, "lowlevel.melbands_crest.mean": 32.383262634277344, "lowlevel.melbands_crest.stdev": 4.872302055358887, "lowlevel.melbands_flatness_db.mean": 0.4074860215187073, "lowlevel.melbands_flatness_db.stdev": 0.12668123841285706, "lowlevel.melbands_kurtosis.mean": 191.9051971435547, "lowlevel.melbands_kurtosis.stdev": 280.3576354980469, "lowlevel.melbands_skewness.mean": 9.041431427001953, "lowlevel.melbands_skewness.stdev": 6.211814880371094, "lowlevel.melbands_spread.mean": 5.956672191619873, "lowlevel.melbands_spread.stdev": 9.396614074707031, "lowlevel.pitch_salience.mean": 0.22894598543643951, "lowlevel.pitch_salience.stdev": 0.12128112465143204, "lowlevel.silence_rate_20dB.mean": 1.0, "lowlevel.silence_rate_20dB.stdev": 0.0, "lowlevel.silence_rate_30dB.mean": 0.21214953064918518, "lowlevel.silence_rate_30dB.stdev": 0.40883132815361023, "lowlevel.silence_rate_60dB.mean": 0.0018691589357331395, "lowlevel.silence_rate_60dB.stdev": 0.04319360852241516, "lowlevel.spectral_centroid.mean": 993.1273193359375, "lowlevel.spectral_centroid.stdev": 919.9520874023438, "lowlevel.spectral_complexity.mean": 11.741121292114258, "lowlevel.spectral_complexity.stdev": 10.772200584411621, "lowlevel.spectral_decrease.mean": -3.4573616858324385e-08, "lowlevel.spectral_decrease.stdev": 1.3616384464398834e-08, "lowlevel.spectral_energy.mean": 0.1324869990348816, "lowlevel.spectral_energy.stdev": 0.05127711594104767, "lowlevel.spectral_energyband_high.mean": 0.0010586519492790103, "lowlevel.spectral_energyband_high.stdev": 0.0021702051162719727, "lowlevel.spectral_energyband_low.mean": 0.11872275173664093, "lowlevel.spectral_energyband_low.stdev": 0.05219365656375885, "lowlevel.spectral_energyband_middle_high.mean": 0.003232800168916583, "lowlevel.spectral_energyband_middle_high.stdev": 0.004803084302693605, "lowlevel.spectral_energyband_middle_low.mean": 0.009473557583987713, "lowlevel.spectral_energyband_middle_low.stdev": 0.019227758049964905, "lowlevel.spectral_entropy.mean": 7.3019866943359375, "lowlevel.spectral_entropy.stdev": 0.7346639037132263, "lowlevel.spectral_flux.mean": 0.10553991049528122, "lowlevel.spectral_flux.stdev": 0.09957252442836761, "lowlevel.spectral_kurtosis.mean": 7.906373023986816, "lowlevel.spectral_kurtosis.stdev": 14.871997833251953, "lowlevel.spectral_rms.mean": 0.011149595491588116, "lowlevel.spectral_rms.stdev": 0.0022230418398976326, "lowlevel.spectral_rolloff.mean": 268.39886474609375, "lowlevel.spectral_rolloff.stdev": 753.7965698242188, "lowlevel.spectral_skewness.mean": 1.9012640714645386, "lowlevel.spectral_skewness.stdev": 1.2143397331237793, "lowlevel.spectral_spread.mean": 4922655.0, "lowlevel.spectral_spread.stdev": 2412113.0, "lowlevel.spectral_strongpeak.mean": 0.6290321946144104, "lowlevel.spectral_strongpeak.stdev": 0.2828383445739746, "lowlevel.zerocrossingrate.mean": 0.01680873893201351, "lowlevel.zerocrossingrate.stdev": 0.02727128192782402, "metadata.audio_properties.analysis.equal_loudness": 0.0, "metadata.audio_properties.analysis.length": 24.810657501220703, "metadata.audio_properties.analysis.sample_rate": 44100.0, "metadata.audio_properties.analysis.start_time": 0.0, "metadata.audio_properties.bit_rate": 126562.0, "metadata.audio_properties.length": 24.810667037963867, "metadata.audio_properties.lossless": 0.0, "metadata.audio_properties.number_channels": 1.0, "metadata.audio_properties.replay_gain": -13.700016021728516, "metadata.audio_properties.sample_rate": 48000.0, "rhythm.beats_count": 33.0, "rhythm.beats_loudness.mean": 0.14781154692173004, "rhythm.beats_loudness.stdev": 0.07072953134775162, "rhythm.bpm": 80.80160522460938, "rhythm.bpm_histogram_first_peak_bpm": 81.0, "rhythm.bpm_histogram_first_peak_weight": 0.0625, "rhythm.bpm_histogram_second_peak_bpm": 0.0, "rhythm.bpm_histogram_second_peak_spread": 0.0, "rhythm.bpm_histogram_second_peak_weight": 0.0, "rhythm.danceability": 1.5917651653289795, "rhythm.onset_rate": 4.429457187652588, "tonal.chords_changes_rate": 0.0746268630027771, "tonal.chords_number_rate": 0.016791045665740967, "tonal.chords_strength.mean": 0.5416090488433838, "tonal.chords_strength.stdev": 0.10335606336593628, "tonal.hpcp_crest.mean": 11.540170669555664, "tonal.hpcp_crest.stdev": 4.613182067871094, "tonal.hpcp_entropy.mean": 2.291748523712158, "tonal.hpcp_entropy.stdev": 0.7319631576538086, "tonal.key_edma.strength": 0.5739637613296509, "tonal.key_krumhansl.strength": 0.5710188746452332, "tonal.key_temperley.strength": 0.5479727387428284, "tonal.tuning_diatonic_strength": 0.36332204937934875, "tonal.tuning_equal_tempered_deviation": 0.3171754777431488, "tonal.tuning_frequency": 434.193115234375, "tonal.tuning_nontempered_energy_ratio": 0.9496960043907166, "lowlevel.barkbands.mean": [0.01960735023021698, 0.0950465053319931, 0.004098226316273212, 0.0022257124073803425, 0.0031042946502566338, 0.001538572832942009, 0.0012663791421800852, 0.0007630857289768755, 0.0004829585086554289, 0.00023544124269392341, 0.00032321325852535665, 0.0006415164680220187, 0.0005452421028167009, 0.00038688749191351235, 0.0002459876995999366, 0.00032312754774466157, 0.00017025572014972568, 0.00015558705490548164, 0.000217781140236184, 0.00010750693763839081, 0.00015999337483663112, 0.00014701130567118526, 0.00029834380256943405, 0.0002870562602765858, 8.358361083082855e-05, 2.456963193253614e-05, 8.001969717952306e-07], "lowlevel.barkbands.stdev": [0.01759607531130314, 0.05312338471412659, 0.014040956273674965, 0.009397746995091438, 0.007717073429375887, 0.0032317345030605793, 0.0026476241182535887, 0.0019622298423200846, 0.0013058498734608293, 0.000672604888677597, 0.0007912579458206892, 0.0016435410361737013, 0.0014167443150654435, 0.0010294000385329127, 0.0005648107617162168, 0.0005907868035137653, 0.00046667680726386607, 0.0005425332929007709, 0.000581299711484462, 0.00033860531402751803, 0.00041679956484586, 0.0003963903000112623, 0.0007498877239413559, 0.0005871222238056362, 0.00019103132945019752, 7.51560291973874e-05, 4.1550028981873766e-06], "lowlevel.erbbands.mean": [5.198856830596924, 11.520503044128418, 5.892637729644775, 6.957078456878662, 6.504674434661865, 9.983378410339355, 20.502866744995117, 9.265170097351074, 19.3824405670166, 11.300867080688477, 18.206680297851562, 10.438091278076172, 10.718990325927734, 8.090106010437012, 19.043371200561523, 25.148473739624023, 24.19291114807129, 22.1198673248291, 16.193065643310547, 12.448410034179688, 18.54315757751465, 9.828930854797363, 7.93338680267334, 12.024528503417969, 8.168347358703613, 5.174713134765625, 5.805238723754883, 6.538461208343506, 5.58968448638916, 5.25903844833374, 9.138627052307129, 7.888636112213135, 3.6920907497406006, 1.297310471534729, 0.40394890308380127, 0.1476253867149353, 0.03720162436366081, 0.004522219300270081, 0.00017329039110336453, 0.0001513486640760675], "lowlevel.erbbands.stdev": [2.1782302856445312, 12.31449031829834, 16.53270721435547, 25.408206939697266, 27.93460464477539, 25.343523025512695, 34.80039978027344, 20.295621871948242, 40.33967590332031, 23.462650299072266, 48.7491569519043, 25.206602096557617, 38.69424819946289, 16.69305992126465, 44.0798225402832, 59.957252502441406, 59.89240646362305, 61.188232421875, 35.528560638427734, 24.775386810302734, 33.382102966308594, 26.888813018798828, 27.665983200073242, 32.658321380615234, 23.86956024169922, 16.097042083740234, 16.79150390625, 15.891091346740723, 15.26973819732666, 13.679755210876465, 23.62337303161621, 16.780961990356445, 7.638592720031738, 2.900855779647827, 1.0084906816482544, 0.43358945846557617, 0.11768342554569244, 0.01656971126794815, 0.0004280919674783945, 5.478241655509919e-05], "lowlevel.gfcc.mean": [-38.98152542114258, 116.70659637451172, -77.74202728271484, 53.1630973815918, -36.736244201660156, 37.64928436279297, -21.99794578552246, 8.790719985961914, 0.5533639788627625, 1.5002857446670532, 9.71053695678711, -0.8812031149864197, 5.642055511474609], "lowlevel.melbands.mean": [0.0353274866938591, 0.006320440210402012, 0.0011688440572470427, 0.0005423313705250621, 0.0006932562682777643, 0.00023274970590136945, 0.00028292357455939054, 0.0001264625898329541, 0.0001356856373604387, 6.640445644734427e-05, 5.2644783863797784e-05, 2.9966387955937535e-05, 5.317863542586565e-05, 7.816548168193549e-05, 5.3427669627126306e-05, 5.327449252945371e-05, 3.905267658410594e-05, 2.7254818633082323e-05, 1.7278900486417115e-05, 1.8296925190952606e-05, 2.2108482880867086e-05, 1.0474008377059363e-05, 6.901588676555548e-06, 7.431535323121352e-06, 1.0239541552437004e-05, 7.40300674806349e-06, 4.005054961453425e-06, 3.259954382883734e-06, 3.38192080562294e-06, 3.893449502356816e-06, 3.7833651731489226e-06, 3.3056467145797797e-06, 2.533727638365235e-06, 3.136136001558043e-06, 4.989331500837579e-06, 5.916334885114338e-06, 4.5075589696352836e-06, 2.8913414098497014e-06, 1.573750409988861e-06, 8.98657162906602e-07], "lowlevel.melbands.stdev": [0.01594599150121212, 0.009503282606601715, 0.004385739099234343, 0.001795547897927463, 0.0011449799640104175, 0.0004836886946577579, 0.0005876639042980969, 0.0002605282352305949, 0.00035407106042839587, 0.00017472052422817796, 0.00018946758063975722, 6.510740786325186e-05, 0.0001258145784959197, 0.00021014193771407008, 0.0001399742905050516, 0.0001443485962226987, 0.0001069714198820293, 6.321304681478068e-05, 3.814450610661879e-05, 3.744410787476227e-05, 4.0343787986785173e-05, 2.891464828280732e-05, 2.4505136025254615e-05, 2.7299984139972366e-05, 2.7145910280523822e-05, 2.1205121811362915e-05, 1.2532363143691327e-05, 1.0484141057531815e-05, 1.0375508281867951e-05, 1.0472771464264952e-05, 9.18800196814118e-06, 9.196181053994223e-06, 7.359003575402312e-06, 8.481434633722529e-06, 1.4130841009318829e-05, 1.3138803296897095e-05, 9.73671194515191e-06, 5.900790256418986e-06, 3.6495757740340196e-06, 2.0822737951675663e-06], "lowlevel.melbands128.mean": [0.018253829330205917, 0.05192945897579193, 0.03780961036682129, 0.013089938089251518, 0.003256390802562237, 0.0019849815871566534, 0.0014740474289283156, 0.000990706612356007, 0.0005961806164123118, 0.00043415697291493416, 0.0005059060640633106, 0.0008342499495483935, 0.0008499305113218725, 0.00040328112663701177, 0.00014943646965548396, 0.0001446219248464331, 0.0003116763546131551, 0.0003646403201855719, 0.00018697092309594154, 7.607498992001638e-05, 0.00011141150025650859, 0.000208777142688632, 0.00014772420399822295, 5.6950470025185496e-05, 5.1279261242598295e-05, 7.265655585797504e-05, 9.25063795875758e-05, 4.28868479502853e-05, 2.9541810363298282e-05, 2.9091223041177727e-05, 2.7025655072066e-05, 3.750570249394514e-05, 5.021659308113158e-05, 6.593993020942435e-05, 8.44835230964236e-05, 8.841488306643441e-05, 5.751264325226657e-05, 4.516138506005518e-05, 5.8258461649529636e-05, 5.191337550058961e-05, 4.993400216335431e-05, 6.165933882584795e-05, 3.404287781449966e-05, 3.260043740738183e-05, 3.238927820348181e-05, 2.5366025511175394e-05, 2.3217557099997066e-05, 1.7412232409697026e-05, 1.5015115423011594e-05, 1.4550126252288464e-05, 1.732302007440012e-05, 2.2895286747370847e-05, 2.7195983420824632e-05, 2.1163001292734407e-05, 1.2299909030843992e-05, 1.030669500323711e-05, 7.781483873259276e-06, 6.668170954071684e-06, 7.021836154308403e-06, 6.241703431442147e-06, 7.286654636118328e-06, 7.91822822066024e-06, 1.0024767107097432e-05, 1.1549432201718446e-05, 9.989308637159411e-06, 7.455207651219098e-06, 5.963311650702963e-06, 4.3064601413789205e-06, 3.6093661037739366e-06, 3.35513755089778e-06, 3.185464493071777e-06, 3.289940195827512e-06, 3.1821632546780165e-06, 3.3448595786467195e-06, 3.5965294955531135e-06, 4.159772743150825e-06, 3.831532012554817e-06, 3.8277044041024055e-06, 3.917595222446835e-06, 3.5291270705783973e-06, 3.5685011425812263e-06, 3.1541510452370858e-06, 2.7868775305250892e-06, 2.5535559871059377e-06, 2.18965215026401e-06, 2.386844698776258e-06, 3.5473563002597075e-06, 4.526936663751258e-06, 4.50391507911263e-06, 5.9389958551037125e-06, 6.329187272058334e-06, 6.072622454666998e-06, 4.863048616243759e-06, 4.6867330638633575e-06, 4.173109118710272e-06, 3.467480837571202e-06, 2.685336085050949e-06, 1.965207275134162e-06, 1.5080819366630749e-06, 1.511281539023912e-06, 1.0827393452927936e-06, 7.488270057365298e-07, 7.400010986202687e-07, 5.400083296080993e-07, 4.1523725258230115e-07, 3.1208097084345354e-07, 3.150727536649356e-07, 3.076768848586653e-07, 2.598967512312811e-07, 2.0358223196126346e-07, 1.7368893168168142e-07, 1.297801759392314e-07, 1.1209414907398241e-07, 8.506626869575484e-08, 6.332411572884666e-08, 4.2436361979980575e-08, 2.853546554604236e-08, 4.99299668277331e-09, 4.68537153519577e-10, 4.7554245263814465e-11, 4.2283229001460754e-11, 3.940421947068451e-11, 3.721094959940885e-11, 3.4916375346583095e-11, 2.8183219646926716e-11, 1.9566853345920343e-11, 1.5172871639657082e-11, 1.4473953285909502e-11], "lowlevel.melbands128.stdev": [0.015404265373945236, 0.02157589979469776, 0.02818392775952816, 0.018857870250940323, 0.010409167967736721, 0.006529227830469608, 0.005517104174941778, 0.004334730561822653, 0.0027753578033298254, 0.0017503488343209028, 0.00143445935100317, 0.0015405339654535055, 0.0015124236233532429, 0.001088064513169229, 0.0004991801688447595, 0.0004203712451271713, 0.0007232489879243076, 0.0009059067815542221, 0.0005686734220944345, 0.000254975282587111, 0.00029798230389133096, 0.0006517902947962284, 0.0004734722897410393, 0.00019107684784103185, 0.00017814569582697004, 0.0002556777326390147, 0.00043573896982707083, 0.00020885415142402053, 9.600858174962923e-05, 7.607830775668845e-05, 6.860236317152157e-05, 0.00012079058797098696, 0.0001522104867035523, 0.00019835142302326858, 0.0002957482647616416, 0.0003067199722863734, 0.0001599407842149958, 0.00019364811305422336, 0.00020857981871813536, 0.00017530251352582127, 0.00014661834575235844, 0.00031748489709571004, 0.00011109551269328222, 8.806408004602417e-05, 9.503582259640098e-05, 7.697292312514037e-05, 6.805836892453954e-05, 4.7063251258805394e-05, 3.962841583415866e-05, 3.55883312295191e-05, 4.511966835707426e-05, 5.1565642934292555e-05, 5.434317426988855e-05, 4.5160519221099094e-05, 3.47800123563502e-05, 3.3614403946558014e-05, 3.0126337151159532e-05, 2.5341212676721625e-05, 2.7439824407338165e-05, 2.4435348677798174e-05, 3.1785471946932375e-05, 2.913723437814042e-05, 3.257050775573589e-05, 2.9864262614864856e-05, 2.93217981379712e-05, 2.3305768991122022e-05, 1.9845438146148808e-05, 1.4805517821514513e-05, 1.2464891369745601e-05, 1.0861497685255017e-05, 1.0862737326533534e-05, 1.1909654858754948e-05, 1.1074614121753257e-05, 1.1045352039218415e-05, 1.1067816558352206e-05, 1.2891716323792934e-05, 1.0296386790287215e-05, 1.0366374226578046e-05, 1.030016483127838e-05, 9.007427252072375e-06, 1.062276351149194e-05, 9.882002814265434e-06, 9.00666509551229e-06, 8.06483058113372e-06, 6.6809329837269615e-06, 6.694690910080681e-06, 1.0363968613091856e-05, 1.4704653040098492e-05, 1.4387979717866983e-05, 1.801491634978447e-05, 1.5148359125305433e-05, 1.2800389413314406e-05, 1.0911275239777751e-05, 1.221205366164213e-05, 8.64843877934618e-06, 7.617379651492229e-06, 5.718109150620876e-06, 4.957821602147305e-06, 3.802862011070829e-06, 3.7150939533603378e-06, 2.6149095901928376e-06, 1.8514642761147115e-06, 1.9115477698505856e-06, 1.5297778190870304e-06, 1.2278802614673623e-06, 9.63902266448713e-07, 8.84558232883137e-07, 8.871980980984517e-07, 8.672187732372549e-07, 7.391512895082997e-07, 6.458748771365208e-07, 4.333897152264399e-07, 3.750161567950272e-07, 3.064952238673868e-07, 2.386820767696918e-07, 1.6228837296239362e-07, 1.36976836984104e-07, 5.051142792922292e-08, 8.468701295782921e-09, 4.4237496998889014e-10, 4.0367470477420397e-10, 3.711966567454539e-10, 3.2740027355870893e-10, 2.8685431807673467e-10, 1.8634185861010621e-10, 7.072233770832881e-11, 2.2341090782918016e-11, 2.064945957280795e-11], "lowlevel.mfcc.mean": [-688.7977905273438, 137.63308715820312, 35.29487991333008, 28.33560562133789, 27.076618194580078, 26.74863624572754, 11.756099700927734, 14.847451210021973, 4.274857997894287, 13.779732704162598, 2.496309995651245, 14.648674964904785, 3.7577996253967285], "lowlevel.spectral_contrast_coeffs.mean": [-0.7259750366210938, -0.7756651639938354, -0.8118541240692139, -0.8107877969741821, -0.8157281875610352, -0.7651758193969727], "lowlevel.spectral_contrast_coeffs.stdev": [0.0649976059794426, 0.08420112729072571, 0.0627652108669281, 0.050912320613861084, 0.03779252618551254, 0.04868652671575546], "lowlevel.spectral_contrast_valleys.mean": [-6.334772109985352, -7.227005958557129, -7.697390556335449, -7.972275733947754, -8.352277755737305, -10.713200569152832], "lowlevel.spectral_contrast_valleys.stdev": [0.7343108654022217, 0.8483257293701172, 0.8577796816825867, 1.0053915977478027, 1.139586329460144, 1.6249721050262451], "rhythm.beats_loudness_band_ratio.mean": [0.8253514766693115, 0.019138216972351074, 0.028186548501253128, 0.044018931686878204, 0.044657688587903976, 0.042868077754974365], "rhythm.beats_loudness_band_ratio.stdev": [0.166607066988945, 0.017519749701023102, 0.04409099370241165, 0.04998243972659111, 0.05167064070701599, 0.05350146070122719], "tonal.hpcp.mean": [0.10838878154754639, 0.12446045875549316, 0.03997771069407463, 0.019155237823724747, 0.019211772829294205, 0.018320996314287186, 0.020676909014582634, 0.02424630895256996, 0.022992243990302086, 0.07067129760980606, 0.10526665300130844, 0.06658940762281418, 0.036140043288469315, 0.026264559477567673, 0.028255349025130272, 0.026663318276405334, 0.019902467727661133, 0.02256321720778942, 0.019424622878432274, 0.014381999149918556, 0.021586205810308456, 0.07057767361402512, 0.38851872086524963, 0.3978152275085449, 0.0748390331864357, 0.014534803107380867, 0.017894264310598373, 0.020560365170240402, 0.013001194223761559, 0.007877927273511887, 0.04349099099636078, 0.14895687997341156, 0.1323705017566681, 0.038930490612983704, 0.025671856477856636, 0.025038892403244972], "tonal.hpcp.stdev": [0.2786247134208679, 0.3142080008983612, 0.1335654854774475, 0.10594115406274796, 0.10540539026260376, 0.1018381342291832, 0.11068210005760193, 0.08991554379463196, 0.10279848426580429, 0.211064875125885, 0.2863295078277588, 0.19491887092590332, 0.13864128291606903, 0.11390919238328934, 0.10778297483921051, 0.11796486377716064, 0.06917808204889297, 0.10649480670690536, 0.09855490922927856, 0.0692068412899971, 0.12237769365310669, 0.1691993623971939, 0.4468745291233063, 0.4514791965484619, 0.18354730308055878, 0.08867078274488449, 0.10456497222185135, 0.11537854373455048, 0.07467623054981232, 0.052790720015764236, 0.1294373869895935, 0.3402872681617737, 0.2933419942855835, 0.15557529032230377, 0.1224992647767067, 0.11170914024114609], "rhythm.beats_position": [0.7778684496879578, 1.5557368993759155, 2.321995496749878, 3.0650339126586914, 3.808072566986084, 4.551111221313477, 5.294149398803711, 6.025578022003174, 6.757006645202637, 7.500045299530029, 8.243083953857422, 8.986122131347656, 9.729161262512207, 10.472199440002441, 11.215237617492676, 11.958276748657227, 12.701314926147461, 13.432743072509766, 14.175782203674316, 14.91882038116455, 15.650249481201172, 16.393287658691406, 17.13632583618164, 17.879364013671875, 18.622404098510742, 19.353832244873047, 20.09687042236328, 20.839908599853516, 21.57133674621582, 22.314376831054688, 23.057415008544922, 23.788843154907227, 24.54349136352539], "rhythm.bpm_histogram": [0.0, 0.0, 0.0, 0.0, 0.0, 0.0, 0.0, 0.0, 0.0, 0.0, 0.0, 0.0, 0.0, 0.0, 0.0, 0.0, 0.0, 0.0, 0.0, 0.0, 0.0, 0.0, 0.0, 0.0, 0.0, 0.0, 0.0, 0.0, 0.0, 0.0, 0.0, 0.0, 0.0, 0.0, 0.0, 0.0, 0.0, 0.0, 0.0, 0.0, 0.0, 0.0, 0.0, 0.0, 0.0, 0.0, 0.0, 0.0, 0.0, 0.0, 0.0, 0.0, 0.0, 0.0, 0.0, 0.0, 0.0, 0.0, 0.0, 0.0, 0.0, 0.0, 0.0, 0.0, 0.0, 0.0, 0.0, 0.0, 0.0, 0.0, 0.0, 0.0, 0.0, 0.0, 0.0, 0.0, 0.0, 0.03125, 0.03125, 0.0, 0.03125, 0.6875, 0.21875, 0.0, 0.0, 0.0, 0.0, 0.0, 0.0, 0.0, 0.0, 0.0, 0.0, 0.0, 0.0, 0.0, 0.0, 0.0, 0.0, 0.0, 0.0, 0.0, 0.0, 0.0, 0.0, 0.0, 0.0, 0.0, 0.0, 0.0, 0.0, 0.0, 0.0, 0.0, 0.0, 0.0, 0.0, 0.0, 0.0, 0.0, 0.0, 0.0, 0.0, 0.0, 0.0, 0.0, 0.0, 0.0, 0.0, 0.0, 0.0, 0.0, 0.0, 0.0, 0.0, 0.0, 0.0, 0.0, 0.0, 0.0, 0.0, 0.0, 0.0, 0.0, 0.0, 0.0, 0.0, 0.0, 0.0, 0.0, 0.0, 0.0, 0.0, 0.0, 0.0, 0.0, 0.0, 0.0, 0.0, 0.0, 0.0, 0.0, 0.0, 0.0, 0.0, 0.0, 0.0, 0.0, 0.0, 0.0, 0.0, 0.0, 0.0, 0.0, 0.0, 0.0, 0.0, 0.0, 0.0, 0.0, 0.0, 0.0, 0.0, 0.0, 0.0, 0.0, 0.0, 0.0, 0.0, 0.0, 0.0, 0.0, 0.0, 0.0, 0.0, 0.0, 0.0, 0.0, 0.0, 0.0, 0.0, 0.0, 0.0, 0.0, 0.0, 0.0, 0.0, 0.0, 0.0, 0.0, 0.0, 0.0, 0.0, 0.0, 0.0, 0.0, 0.0, 0.0, 0.0, 0.0, 0.0, 0.0, 0.0, 0.0, 0.0, 0.0, 0.0, 0.0, 0.0, 0.0, 0.0, 0.0, 0.0, 0.0, 0.0, 0.0, 0.0, 0.0, 0.0, 0.0, 0.0, 0.0, 0.0, 0.0, 0.0, 0.0, 0.0, 0.0, 0.0, 0.0], "tonal.chords_histogram": [12.686567306518555, 45.335819244384766, 0.0, 5.970149040222168, 0.0, 4.104477405548096, 1.3059701919555664, 18.65671730041504, 5.223880767822266, 0.0, 0.0, 0.0, 0.0, 0.0, 0.0, 2.611940383911133, 0.0, 0.0, 0.9328358173370361, 0.0, 0.0, 0.0, 3.1716418266296387, 0.0], "tonal.thpcp": [1.0, 0.1881251037120819, 0.0365365669131279, 0.044981345534324646, 0.051683202385902405, 0.03268149122595787, 0.01980298012495041, 0.10932460427284241, 0.3744373619556427, 0.33274367451667786, 0.09786073863506317, 0.06453210860490799, 0.06294100731611252, 0.27246010303497314, 0.3128599524497986, 0.1004931628704071, 0.04815109074115753, 0.048293206840753555, 0.04605403542518616, 0.05197616294026375, 0.06094866991043091, 0.05779628828167915, 0.17764854431152344, 0.2646119296550751, 0.16738778352737427, 0.09084630757570267, 0.06602200865745544, 0.07102631032466888, 0.06702437996864319, 0.05002942681312561, 0.05671783164143562, 0.048828255385160446, 0.03615245968103409, 0.054261889308691025, 0.1774131953716278, 0.9766311049461365], "lowlevel.gfcc.cov": [[7956.23486328125, -2707.889404296875, -1431.20751953125, 697.8450927734375, -1291.1444091796875, 596.9118041992188, -954.6592407226562, 669.5337524414062, -113.3664779663086, 509.858642578125, -39.06984329223633, 240.17153930664062, -329.6168518066406], [-2707.889404296875, 3063.95654296875, 43.72195816040039, -890.2774658203125, 507.069580078125, -754.7733154296875, 420.2740783691406, -635.6519165039062, 202.4241485595703, -399.5771789550781, 236.24560546875, -178.66067504882812, 344.44287109375], [-1431.20751953125, 43.72195816040039, 1022.9019165039062, 138.1671905517578, 216.2454071044922, 61.02647399902344, 142.1514129638672, -13.0462064743042, -93.7153549194336, -81.26374053955078, -91.67442321777344, -7.32080602645874, -10.5202054977417], [697.8450927734375, -890.2774658203125, 138.1671905517578, 652.6996459960938, -73.16900634765625, 158.54331970214844, -199.30711364746094, 105.41900634765625, 29.67706871032715, 49.455284118652344, -51.9707145690918, 21.405317306518555, -34.38346862792969], [-1291.1444091796875, 507.069580078125, 216.2454071044922, -73.16900634765625, 561.3259887695312, -97.43994903564453, 175.0183563232422, -143.28076171875, 11.854479789733887, -52.87824630737305, -15.5181884765625, -61.98438262939453, 45.09165573120117], [596.9118041992188, -754.7733154296875, 61.02647399902344, 158.54331970214844, -97.43994903564453, 414.4186706542969, -20.34028434753418, 184.4232940673828, -42.46762466430664, 89.08634185791016, -22.796354293823242, -35.81523513793945, -105.60074615478516], [-954.6592407226562, 420.2740783691406, 142.1514129638672, -199.30711364746094, 175.0183563232422, -20.34028434753418, 401.15582275390625, -35.985137939453125, -43.952884674072266, -100.07037353515625, -23.41811752319336, -13.36446762084961, 12.41781997680664], [669.5337524414062, -635.6519165039062, -13.0462064743042, 105.41900634765625, -143.28076171875, 184.4232940673828, -35.985137939453125, 293.93450927734375, 0.966616690158844, 96.53430938720703, -40.556766510009766, -0.4361855983734131, -96.51908111572266], [-113.3664779663086, 202.4241485595703, -93.7153549194336, 29.67706871032715, 11.854479789733887, -42.46762466430664, -43.952884674072266, 0.966616690158844, 242.71400451660156, 29.340320587158203, 86.91378021240234, -85.88432312011719, 36.36845016479492], [509.858642578125, -399.5771789550781, -81.26374053955078, 49.455284118652344, -52.87824630737305, 89.08634185791016, -100.07037353515625, 96.53430938720703, 29.340320587158203, 183.19830322265625, 1.2667511701583862, 9.629100799560547, -60.15199279785156], [-39.06984329223633, 236.24560546875, -91.67442321777344, -51.9707145690918, -15.5181884765625, -22.796354293823242, -23.41811752319336, -40.556766510009766, 86.91378021240234, 1.2667511701583862, 144.81455993652344, -24.283546447753906, 44.27767562866211], [240.17153930664062, -178.66067504882812, -7.32080602645874, 21.405317306518555, -61.98438262939453, -35.81523513793945, -13.36446762084961, -0.4361855983734131, -85.88432312011719, 9.629100799560547, -24.283546447753906, 181.3186492919922, 23.875226974487305], [-329.6168518066406, 344.44287109375, -10.5202054977417, -34.38346862792969, 45.09165573120117, -105.60074615478516, 12.41781997680664, -96.51908111572266, 36.36845016479492, -60.15199279785156, 44.27767562866211, 23.875226974487305, 160.1095428466797]], "lowlevel.gfcc.icov": [[0.0006680201622657478, -0.001195817720144987, 0.000990737578831613, -0.0014121865388005972, 0.0008274733554571867, -0.0013260854175314307, 0.001010760199278593, -0.0013628567103296518, 0.0010987687855958939, -0.0013089795829728246, 0.0007837112061679363, -0.0011906730942428112, 0.0009214693563990295], [-0.001195817720144987, 0.00752575509250164, -0.002685743849724531, 0.007096830289810896, -0.0022161772940307856, 0.0069325570948421955, -0.003145921044051647, 0.00635403161868453, -0.004388401284813881, 0.006639156956225634, -0.0048098075203597546, 0.005911989603191614, -0.0040937927551567554], [0.000990737578831613, -0.002685743849724531, 0.0028907442465424538, -0.003248525783419609, 0.0009173728176392615, -0.002914306242018938, 0.0014282973716035485, -0.002726126927882433, 0.002363587962463498, -0.0022485137451440096, 0.0020902068354189396, -0.0023351339623332024, 0.0017636431148275733], [-0.0014121865388005972, 0.007096830289810896, -0.003248525783419609, 0.009317462332546711, -0.002583098132163286, 0.005610925145447254, -0.0017967247404158115, 0.005945737939327955, -0.005572717636823654, 0.0071979304775595665, -0.0033650738187134266, 0.004800194874405861, -0.004050515126436949], [0.0008274733554571867, -0.0022161772940307856, 0.0009173728176392615, -0.002583098132163286, 0.0038959262892603874, -0.0018567112274467945, 0.00022123406233731657, -0.0009325171704404056, 0.001662971917539835, -0.003280064556747675, 0.0019534442108124495, -0.000874121964443475, 0.0010557001223787665], [-0.0013260854175314307, 0.0069325570948421955, -0.002914306242018938, 0.005610925145447254, -0.0018567112274467945, 0.01097015105187893, -0.003922910429537296, 0.004201831761747599, -0.0023286466021090746, 0.004756262060254812, -0.00586570193991065, 0.007339593954384327, -0.003191462717950344], [0.001010760199278593, -0.003145921044051647, 0.0014282973716035485, -0.0017967247404158115, 0.00022123406233731657, -0.003922910429537296, 0.0061829183250665665, -0.003770942334085703, 0.0018765244167298079, -0.0006043678731657565, 0.002613141667097807, -0.0034524882212281227, 0.0022930712439119816], [-0.0013628567103296518, 0.00635403161868453, -0.002726126927882433, 0.005945737939327955, -0.0009325171704404056, 0.004201831761747599, -0.003770942334085703, 0.012140851467847824, -0.005303525365889072, 0.004005991853773594, -0.002398503478616476, 0.004742585122585297, -0.0020662760362029076], [0.0010987687855958939, -0.004388401284813881, 0.002363587962463498, -0.005572717636823654, 0.001662971917539835, -0.0023286466021090746, 0.0018765244167298079, -0.005303525365889072, 0.01095494069159031, -0.0061765555292367935, -0.0010821506148204207, 0.0004834762366954237, 0.0007327564526349306], [-0.0013089795829728246, 0.006639156956225634, -0.0022485137451440096, 0.0071979304775595665, -0.003280064556747675, 0.004756262060254812, -0.0006043678731657565, 0.004005991853773594, -0.0061765555292367935, 0.015428484417498112, -0.0041846418753266335, 0.0029634444508701563, -0.0011422804091125727], [0.0007837112061679363, -0.0048098075203597546, 0.0020902068354189396, -0.0033650738187134266, 0.0019534442108124495, -0.00586570193991065, 0.002613141667097807, -0.002398503478616476, -0.0010821506148204207, -0.0041846418753266335, 0.013876532204449177, -0.004131747875362635, 0.0007602596888318658], [-0.0011906730942428112, 0.005911989603191614, -0.0023351339623332024, 0.004800194874405861, -0.000874121964443475, 0.007339593954384327, -0.0034524882212281227, 0.004742585122585297, 0.0004834762366954237, 0.0029634444508701563, -0.004131747875362635, 0.013464994728565216, -0.005940211471170187], [0.0009214693563990295, -0.0040937927551567554, 0.0017636431148275733, -0.004050515126436949, 0.0010557001223787665, -0.003191462717950344, 0.0022930712439119816, -0.0020662760362029076, 0.0007327564526349306, -0.0011422804091125727, 0.0007602596888318658, -0.005940211471170187, 0.012449977919459343]], "lowlevel.mfcc.cov": [[8622.3671875, -3658.222900390625, -421.939697265625, -561.2359619140625, -160.7098846435547, -474.6025390625, -528.8090209960938, -175.44102478027344, -245.905517578125, 232.24925231933594, 106.80738067626953, 237.44418334960938, 105.76722717285156], [-3658.222900390625, 3666.5673828125, -420.392578125, 31.515134811401367, -233.99583435058594, -0.6594032645225525, 46.028709411621094, -114.73068237304688, -22.12974739074707, -282.8704833984375, -158.0385284423828, -74.09933471679688, -56.9521598815918], [-421.939697265625, -420.392578125, 766.8594970703125, 91.56037902832031, 81.96055603027344, 49.80014419555664, 55.8704948425293, 94.52734375, 14.022137641906738, 40.24388885498047, -12.830849647521973, -21.687957763671875, -6.2796549797058105], [-561.2359619140625, 31.515134811401367, 91.56037902832031, 445.11492919921875, 118.96977233886719, 70.3756332397461, -53.06707000732422, 30.320344924926758, 10.599153518676758, -53.315086364746094, -55.04322052001953, -72.96376037597656, -7.745662689208984], [-160.7098846435547, -233.99583435058594, 81.96055603027344, 118.96977233886719, 369.3072204589844, 81.95946502685547, -26.75237274169922, -55.0042839050293, -3.1676480770111084, 104.36808013916016, 18.660066604614258, -33.89194107055664, -5.591282844543457], [-474.6025390625, -0.6594032645225525, 49.80014419555664, 70.3756332397461, 81.95946502685547, 229.37440490722656, 92.8654556274414, 25.14461326599121, 18.128047943115234, -7.399064064025879, 6.97078275680542, -7.946464538574219, -8.650652885437012], [-528.8090209960938, 46.028709411621094, 55.8704948425293, -53.06707000732422, -26.75237274169922, 92.8654556274414, 302.9413146972656, 104.59532165527344, 67.81681060791016, -22.79224395751953, 27.067054748535156, -8.070697784423828, -16.430828094482422], [-175.44102478027344, -114.73068237304688, 94.52734375, 30.320344924926758, -55.0042839050293, 25.14461326599121, 104.59532165527344, 192.90362548828125, 48.268795013427734, -24.327041625976562, 8.545894622802734, -0.3738655149936676, 1.819666862487793], [-245.905517578125, -22.12974739074707, 14.022137641906738, 10.599153518676758, -3.1676480770111084, 18.128047943115234, 67.81681060791016, 48.268795013427734, 137.78285217285156, 34.502750396728516, 21.532772064208984, 5.660529613494873, -16.438636779785156], [232.24925231933594, -282.8704833984375, 40.24388885498047, -53.315086364746094, 104.36808013916016, -7.399064064025879, -22.79224395751953, -24.327041625976562, 34.502750396728516, 233.48489379882812, 100.8033218383789, 40.48443603515625, 1.0374886989593506], [106.80738067626953, -158.0385284423828, -12.830849647521973, -55.04322052001953, 18.660066604614258, 6.97078275680542, 27.067054748535156, 8.545894622802734, 21.532772064208984, 100.8033218383789, 147.0772247314453, 40.87326431274414, 0.11453612148761749], [237.44418334960938, -74.09933471679688, -21.687957763671875, -72.96376037597656, -33.89194107055664, -7.946464538574219, -8.070697784423828, -0.3738655149936676, 5.660529613494873, 40.48443603515625, 40.87326431274414, 116.91587829589844, 15.93824577331543], [105.76722717285156, -56.9521598815918, -6.2796549797058105, -7.745662689208984, -5.591282844543457, -8.650652885437012, -16.430828094482422, 1.819666862487793, -16.438636779785156, 1.0374886989593506, 0.11453612148761749, 15.93824577331543, 80.57914733886719]], "lowlevel.mfcc.icov": [[0.0004434495058376342, 0.0005077343084849417, 0.0003713002661243081, 0.0003232508315704763, 0.0002438670926494524, 0.0004248103068675846, 0.00039423705311492085, 0.00013456909800879657, 0.0005066371522843838, 1.1810015166702215e-05, 0.0002511186758056283, -0.0003167799150105566, 0.00014218423166312277], [0.0005077343084849417, 0.0009242492378689349, 0.0005718691390939057, 0.00029702679603360593, 0.00046934999409131706, 0.00045134531683288515, 0.00030296467593871057, 0.0004670713096857071, 0.0005349279381334782, 0.00023668422363698483, 0.0004589867312461138, -0.0002812627062667161, 0.00035323147312738], [0.0003713002661243081, 0.0005718691390939057, 0.00188640842679888, 3.9277230825973675e-05, 3.794842996285297e-05, 0.0002728253894019872, 9.222101652994752e-05, -0.0006098439334891737, 0.0007339144358411431, -0.00047748323413543403, 0.0007928641862235963, -0.00017441441013943404, 0.0003213519521523267], [0.0003232508315704763, 0.00029702679603360593, 3.9277230825973675e-05, 0.003635070053860545, -0.0009515814599581063, -0.0006283840630203485, 0.0018079446163028479, -0.0010515650501474738, -0.0004788629594258964, 0.001051852130331099, 0.0003608819970395416, 0.001134979771450162, 6.079263403080404e-05], [0.0002438670926494524, 0.00046934999409131706, 3.794842996285297e-05, -0.0009515814599581063, 0.004664819687604904, -0.0011817404301837087, 4.4082076783524826e-05, 0.001581064541824162, 0.0007404009811580181, -0.002395153511315584, 0.0005713463178835809, 0.0010809507220983505, 6.048772775102407e-05], [0.0004248103068675846, 0.00045134531683288515, 0.0002728253894019872, -0.0006283840630203485, -0.0011817404301837087, 0.006421846803277731, -0.0017776372842490673, 0.00032630510395392776, 0.0006753070629201829, 0.00068379141157493, -0.00010921412467723712, -0.0012223732192069292, 0.00033073913073167205], [0.00039423705311492085, 0.00030296467593871057, 9.222101652994752e-05, 0.0018079446163028479, 4.4082076783524826e-05, -0.0017776372842490673, 0.006151366513222456, -0.0023239064030349255, -0.0014805292012169957, 0.0011630257358774543, -0.0009951043175533414, 0.0007912411238066852, 0.0005245523643679917], [0.00013456909800879657, 0.0004670713096857071, -0.0006098439334891737, -0.0010515650501474738, 0.001581064541824162, 0.00032630510395392776, -0.0023239064030349255, 0.008199639618396759, -0.001455740537494421, 0.0007143851835280657, -0.0005001202807761729, -0.0002993837697431445, -0.0007556665223091841], [0.0005066371522843838, 0.0005349279381334782, 0.0007339144358411431, -0.0004788629594258964, 0.0007404009811580181, 0.0006753070629201829, -0.0014805292012169957, -0.001455740537494421, 0.01011242438107729, -0.002347951987758279, 0.0006914437981322408, -0.0008684861822985113, 0.0018431193893775344], [1.1810015166702215e-05, 0.00023668422363698483, -0.00047748323413543403, 0.001051852130331099, -0.002395153511315584, 0.00068379141157493, 0.0011630257358774543, 0.0007143851835280657, -0.002347951987758279, 0.008741463534533978, -0.004719016142189503, -0.0011325686937198043, -1.690789395070169e-05], [0.0002511186758056283, 0.0004589867312461138, 0.0007928641862235963, 0.0003608819970395416, 0.0005713463178835809, -0.00010921412467723712, -0.0009951043175533414, -0.0005001202807761729, 0.0006914437981322408, -0.004719016142189503, 0.01118716411292553, -0.0021425446029752493, 0.0005372752784751356], [-0.0003167799150105566, -0.0002812627062667161, -0.00017441441013943404, 0.001134979771450162, 0.0010809507220983505, -0.0012223732192069292, 0.0007912411238066852, -0.0002993837697431445, -0.0008684861822985113, -0.0011325686937198043, -0.0021425446029752493, 0.01143356692045927, -0.001996668754145503], [0.00014218423166312277, 0.00035323147312738, 0.0003213519521523267, 6.079263403080404e-05, 6.048772775102407e-05, 0.00033073913073167205, 0.0005245523643679917, -0.0007556665223091841, 0.0018431193893775344, -1.690789395070169e-05, 0.0005372752784751356, -0.001996668754145503, 0.013438199646770954]], "metadata.audio_properties.analysis.downmix": "mix", "metadata.audio_properties.codec": "mp3", "metadata.audio_properties.md5_encoded": "bbcb841750e81b477447740bc5b32dcc", "metadata.tags.file_name": "1183672652087439391.mp3", "metadata.version.essentia": "2.1-beta6-dev", "metadata.version.essentia_git_sha": "v2.1_beta5-1110-g77a6a954", "metadata.version.extractor": "music 2.0", "tonal.chords_key": "C", "tonal.chords_scale": "major", "tonal.key_edma.key": "A", "tonal.key_edma.scale": "minor", "tonal.key_krumhansl.key": "A", "tonal.key_krumhansl.scale": "minor", "tonal.key_temperley.key": "A", "tonal.key_temperley.scale": "minor", "metadata.tags.encoding": ["Lavf58.45.100"]}, "essentia_models": [{"model_name": "genre_dortmund", "activations": {"alternative": "0.002902935", "blues": "7.7282886e-05", "electronic": "0.0029921178", "folkcountry": "6.8922316e-05", "funksoulrnb": "0.0013570447", "jazz": "0.00021235118", "pop": "0.0009941469", "raphiphop": "0.99257505", "rock": "0.0018047964"}}, {"model_name": "genre_rosamerica", "activations": {"classic": "0.00031450277", "dance": "8.205986e-05", "hip hop": "0.9630014", "jazz": "7.90838e-05", "pop": "0.0023569467", "rhythm and blues": "0.009856338", "rock": "0.00051276095", "speech": "0.025135681"}}, {"model_name": "genre