{"song_id": "1183684784493436959", "download": "https://cdn.discordapp.com/attachments/1135903449314238464/1183684784493436959/chirp.mp4?ex=65893b5c&amp", "lyrics": "(Chorus)\n I love you, when I see you Every glance..\n a promise so true In your eyes, \na universe unfolds.\nA love story that never grows old..\n\n(Bridge) \nThrough the storms and the calm seas.\n You and I,\n a timeless decree..\n Hand in hand,\n we'll face the unknown Our love.., \na melody that's eternally sown", "style": ["english rock"], "essentia_features": {"lowlevel.average_loudness": 0.9334392547607422, "lowlevel.barkbands_crest.mean": 13.789748191833496, "lowlevel.barkbands_crest.stdev": 4.690084934234619, "lowlevel.barkbands_flatness_db.mean": 0.20429326593875885, "lowlevel.barkbands_flatness_db.stdev": 0.05755249038338661, "lowlevel.barkbands_kurtosis.mean": 12.280447006225586, "lowlevel.barkbands_kurtosis.stdev": 22.25965690612793, "lowlevel.barkbands_skewness.mean": 2.2844154834747314, "lowlevel.barkbands_skewness.stdev": 1.873063564300537, "lowlevel.barkbands_spread.mean": 14.335583686828613, "lowlevel.barkbands_spread.stdev": 14.033102035522461, "lowlevel.dissonance.mean": 0.40364134311676025, "lowlevel.dissonance.stdev": 0.045378707349300385, "lowlevel.dynamic_complexity": 3.5316162109375, "lowlevel.erbbands_crest.mean": 14.478541374206543, "lowlevel.erbbands_crest.stdev": 5.2057647705078125, "lowlevel.erbbands_flatness_db.mean": 0.19497469067573547, "lowlevel.erbbands_flatness_db.stdev": 0.05410777032375336, "lowlevel.erbbands_kurtosis.mean": 2.586108922958374, "lowlevel.erbbands_kurtosis.stdev": 3.916970729827881, "lowlevel.erbbands_skewness.mean": 0.9537628293037415, "lowlevel.erbbands_skewness.stdev": 0.9068552255630493, "lowlevel.erbbands_spread.mean": 31.83924674987793, "lowlevel.erbbands_spread.stdev": 26.671642303466797, "lowlevel.hfc.mean": 16.568395614624023, "lowlevel.hfc.stdev": 17.639219284057617, "lowlevel.loudness_ebu128.integrated": -18.28685188293457, "lowlevel.loudness_ebu128.loudness_range": 3.7032508850097656, "lowlevel.loudness_ebu128.momentary.mean": -18.95557403564453, "lowlevel.loudness_ebu128.momentary.stdev": 2.534045696258545, "lowlevel.loudness_ebu128.short_term.mean": -18.471717834472656, "lowlevel.loudness_ebu128.short_term.stdev": 1.2395799160003662, "lowlevel.melbands_crest.mean": 17.976810455322266, "lowlevel.melbands_crest.stdev": 5.389370441436768, "lowlevel.melbands_flatness_db.mean": 0.28795719146728516, "lowlevel.melbands_flatness_db.stdev": 0.07067167013883591, "lowlevel.melbands_kurtosis.mean": 23.187408447265625, "lowlevel.melbands_kurtosis.stdev": 41.44080352783203, "lowlevel.melbands_skewness.mean": 2.9365007877349854, "lowlevel.melbands_skewness.stdev": 2.4009721279144287, "lowlevel.melbands_spread.mean": 15.322253227233887, "lowlevel.melbands_spread.stdev": 20.391807556152344, "lowlevel.pitch_salience.mean": 0.43525445461273193, "lowlevel.pitch_salience.stdev": 0.13064485788345337, "lowlevel.silence_rate_20dB.mean": 1.0, "lowlevel.silence_rate_20dB.stdev": 0.0, "lowlevel.silence_rate_30dB.mean": 0.9434850811958313, "lowlevel.silence_rate_30dB.stdev": 0.23091280460357666, "lowlevel.silence_rate_60dB.mean": 0.09576138108968735, "lowlevel.silence_rate_60dB.stdev": 0.2942642271518707, "lowlevel.spectral_centroid.mean": 809.3693237304688, "lowlevel.spectral_centroid.stdev": 451.79632568359375, "lowlevel.spectral_complexity.mean": 8.347723960876465, "lowlevel.spectral_complexity.stdev": 3.6431241035461426, "lowlevel.spectral_decrease.mean": -8.30885404923265e-09, "lowlevel.spectral_decrease.stdev": 9.934207234607584e-09, "lowlevel.spectral_energy.mean": 0.03286232799291611, "lowlevel.spectral_energy.stdev": 0.03855079412460327, "lowlevel.spectral_energyband_high.mean": 0.00031049997778609395, "lowlevel.spectral_energyband_high.stdev": 0.0005594448884949088, "lowlevel.spectral_energyband_low.mean": 0.016213901340961456, "lowlevel.spectral_energyband_low.stdev": 0.03161283954977989, "lowlevel.spectral_energyband_middle_high.mean": 0.005349128507077694, "lowlevel.spectral_energyband_middle_high.stdev": 0.011379145085811615, "lowlevel.spectral_energyband_middle_low.mean": 0.012006189674139023, "lowlevel.spectral_energyband_middle_low.stdev": 0.01069167535752058, "lowlevel.spectral_entropy.mean": 6.777493953704834, "lowlevel.spectral_entropy.stdev": 0.5700494050979614, "lowlevel.spectral_flux.mean": 0.0673612505197525, "lowlevel.spectral_flux.stdev": 0.06320303678512573, "lowlevel.spectral_kurtosis.mean": 6.853442192077637, "lowlevel.spectral_kurtosis.stdev": 3.736302375793457, "lowlevel.spectral_rms.mean": 0.0049308305606245995, "lowlevel.spectral_rms.stdev": 0.00278348452411592, "lowlevel.spectral_rolloff.mean": 1168.3035888671875, "lowlevel.spectral_rolloff.stdev": 2078.841796875, "lowlevel.spectral_skewness.mean": 2.1256532669067383, "lowlevel.spectral_skewness.stdev": 0.5951910614967346, "lowlevel.spectral_spread.mean": 5263131.5, "lowlevel.spectral_spread.stdev": 2563749.5, "lowlevel.spectral_strongpeak.mean": 1.3063081502914429, "lowlevel.spectral_strongpeak.stdev": 1.5181424617767334, "lowlevel.zerocrossingrate.mean": 0.04904428869485855, "lowlevel.zerocrossingrate.stdev": 0.052275292575359344, "metadata.audio_properties.analysis.equal_loudness": 0.0, "metadata.audio_properties.analysis.length": 29.54664421081543, "metadata.audio_properties.analysis.sample_rate": 44100.0, "metadata.audio_properties.analysis.start_time": 0.0, "metadata.audio_properties.bit_rate": 122018.0, "metadata.audio_properties.length": 29.546667098999023, "metadata.audio_properties.lossless": 0.0, "metadata.audio_properties.number_channels": 1.0, "metadata.audio_properties.replay_gain": -8.585054397583008, "metadata.audio_properties.sample_rate": 48000.0, "rhythm.beats_count": 46.0, "rhythm.beats_loudness.mean": 0.09289459884166718, "rhythm.beats_loudness.stdev": 0.052571482956409454, "rhythm.bpm": 94.71875762939453, "rhythm.bpm_histogram_first_peak_bpm": 94.0, "rhythm.bpm_histogram_first_peak_weight": 0.5, "rhythm.bpm_histogram_second_peak_bpm": 88.0, "rhythm.bpm_histogram_second_peak_spread": 0.0, "rhythm.bpm_histogram_second_peak_weight": 0.02222222276031971, "rhythm.danceability": 1.5006489753723145, "rhythm.onset_rate": 4.803951263427734, "tonal.chords_changes_rate": 0.03291536122560501, "tonal.chords_number_rate": 0.007836990989744663, "tonal.chords_strength.mean": 0.5493618249893188, "tonal.chords_strength.stdev": 0.06033282354474068, "tonal.hpcp_crest.mean": 22.371498107910156, "tonal.hpcp_crest.stdev": 8.958654403686523, "tonal.hpcp_entropy.mean": 1.0413570404052734, "tonal.hpcp_entropy.stdev": 0.6586154103279114, "tonal.key_edma.strength": 0.722284197807312, "tonal.key_krumhansl.strength": 0.7065263390541077, "tonal.key_temperley.strength": 0.6823154091835022, "tonal.tuning_diatonic_strength": 0.5991633534431458, "tonal.tuning_equal_tempered_deviation": 0.017065763473510742, "tonal.tuning_frequency": 440.2542419433594, "tonal.tuning_nontempered_energy_ratio": 0.6381533741950989, "lowlevel.barkbands.mean": [4.830247053178027e-05, 0.01034273486584425, 0.005112641025334597, 0.0009512057295069098, 0.0011780662462115288, 0.00352446804754436, 0.0020959917455911636, 0.00047551101306453347, 0.0031457876320928335, 0.0023737361188977957, 0.00040770077612251043, 0.0003706859424710274, 0.0006233195890672505, 0.000331497605657205, 0.001096495776437223, 0.00014379117055796087, 8.623530447948724e-05, 0.00013520107313524932, 9.507452341495082e-05, 3.2324624044122174e-05, 7.303458551177755e-05, 1.3803593901684508e-05, 1.9774002794292755e-05, 7.0482179580722e-05, 6.834672240074724e-05, 4.013828220195137e-05, 6.010481683915714e-06], "lowlevel.barkbands.stdev": [0.00018734992772806436, 0.02329489402472973, 0.01040339283645153, 0.002367584267631173, 0.0025270741898566484, 0.004455457907170057, 0.006331589538604021, 0.0015276987105607986, 0.006591183133423328, 0.007506204769015312, 0.0010232733329758048, 0.0023070420138537884, 0.0019066937966272235, 0.0015179228503257036, 0.0032707464415580034, 0.0006170821143314242, 0.000288005277980119, 0.0003864754980895668, 0.00017861909873317927, 5.968133336864412e-05, 9.711367601994425e-05, 3.904110781149939e-05, 7.128877768991515e-05, 0.0001974752958631143, 0.00018755624478217214, 0.00010637869127094746, 1.6270070773316547e-05], "lowlevel.erbbands.mean": [0.09757477045059204, 2.9124977588653564, 7.279018402099609, 4.305555820465088, 1.4586447477340698, 4.84564733505249, 13.150680541992188, 38.36613845825195, 35.596290588378906, 16.321269989013672, 13.00561237335205, 88.2230453491211, 54.863914489746094, 65.78787231445312, 23.15229606628418, 20.160797119140625, 29.041175842285156, 22.515439987182617, 67.91712951660156, 15.070220947265625, 7.78270959854126, 4.519338607788086, 5.106005668640137, 10.057765007019043, 2.493633270263672, 1.646478295326233, 3.7028675079345703, 1.4898991584777832, 0.4622373580932617, 0.7235029339790344, 0.4751782715320587, 0.4901777505874634, 1.7536057233810425, 1.2352558374404907, 0.19834698736667633, 0.03841881826519966, 0.09788273274898529, 0.03179953619837761, 0.0006736151990480721, 5.369096470531076e-05], "lowlevel.erbbands.stdev": [0.22274401783943176, 6.504096984863281, 14.877629280090332, 8.5287446975708, 2.8124167919158936, 11.354254722595215, 23.502742767333984, 50.915523529052734, 94.45035552978516, 40.09127426147461, 32.74126052856445, 184.78868103027344, 134.09751892089844, 250.93748474121094, 52.872520446777344, 115.83099365234375, 88.90607452392578, 71.95610809326172, 201.0032196044922, 46.926902770996094, 30.000202178955078, 14.43217658996582, 14.565643310546875, 23.45643424987793, 6.057697296142578, 2.8498759269714355, 5.10697078704834, 2.2860803604125977, 1.1408817768096924, 2.345510482788086, 1.7846344709396362, 1.6693012714385986, 4.948802471160889, 3.303041934967041, 0.6012641787528992, 0.14407894015312195, 0.26201462745666504, 0.0815950483083725, 0.0016738297417759895, 6.127863161964342e-05], "lowlevel.gfcc.mean": [-45.668148040771484, 89.90299224853516, -89.39325714111328, -1.0709577798843384, -54.386234283447266, 9.029420852661133, -32.724178314208984, 8.66746711730957, -29.1334171295166, 13.172896385192871, -11.33275318145752, -7.0255537033081055, -4.3999738693237305], "lowlevel.melbands.mean": [0.0018988235387951136, 0.0039283656515181065, 0.0006550963735207915, 0.00018339950474910438, 0.0004489505954552442, 0.0007799461600370705, 0.0005246933433227241, 0.00015344172425102443, 0.00010652098717400804, 0.0005895949434489012, 0.00026112244813703, 0.00028323897277005017, 5.8658562920754775e-05, 5.447272633318789e-05, 5.2299747039796785e-05, 6.105539796408266e-05, 3.601374555728398e-05, 0.00010498951451154426, 4.210554470773786e-05, 1.3267830581753515e-05, 7.49464243199327e-06, 4.597608494805172e-06, 4.583193913276773e-06, 5.534818683372578e-06, 8.844123840390239e-06, 1.9234892079111887e-06, 9.430029308532539e-07, 1.000297970676911e-06, 2.377702003286686e-06, 1.988922804230242e-06, 4.470986709748104e-07, 2.1965362861919857e-07, 3.0135299766698154e-07, 4.54796605708907e-07, 2.7408626124270086e-07, 2.133095335921098e-07, 3.179054033353168e-07, 1.090531895897584e-06, 1.718250473459193e-06, 7.978329676916474e-07], "lowlevel.melbands.stdev": [0.004262663424015045, 0.00799326691776514, 0.0012499132426455617, 0.000417017174186185, 0.0007243376458063722, 0.0010083176894113421, 0.0014491821639239788, 0.00039260389166884124, 0.000324841879773885, 0.0012467112392187119, 0.0006736785871908069, 0.0011230407981202006, 0.0001440605119569227, 0.000254427723120898, 0.00022944313241168857, 0.0001566905266372487, 0.0001586059370310977, 0.00030668769613839686, 0.0001252978399861604, 5.3680214477935806e-05, 3.1914263672661036e-05, 1.5454204913112335e-05, 1.685223469394259e-05, 1.4081369954510592e-05, 2.0698620573966764e-05, 5.248580691841198e-06, 2.0386298729135888e-06, 1.7991216054724646e-06, 3.7821221212652745e-06, 2.857956815205398e-06, 7.843546541153046e-07, 5.777691853836586e-07, 9.718178262119181e-07, 1.5398215964523843e-06, 1.0411539506094414e-06, 8.576068921684055e-07, 1.1800088941527065e-06, 3.731109700311208e-06, 4.189301307633286e-06, 2.343221012779395e-06], "lowlevel.melbands128.mean": [2.882593616959639e-05, 0.00018658963381312788, 0.0021396572701632977, 0.006110170390456915, 0.004827240481972694, 0.0020818496122956276, 0.0009072397951968014, 0.0003287064319010824, 8.043269190238789e-05, 0.00010275996464770287, 0.00028551011928357184, 0.0004142546094954014, 0.00036665465449914336, 0.0005823098472319543, 0.0012188777327537537, 0.0005968517507426441, 0.00039771790034137666, 0.0007618892122991383, 0.0003421043511480093, 0.00010402467887615785, 0.00011705513315973803, 6.27156623522751e-05, 8.863554830895737e-05, 0.00013251033669803292, 0.000617257202975452, 0.0009393648942932487, 0.0001386637450195849, 0.0002635864948388189, 0.00013650440087076277, 0.0005612741806544363, 0.00020796750322915614, 1.5771212929394096e-05, 3.959492460126057e-05, 0.00012853684893343598, 2.3183903977042064e-05, 5.197163045522757e-05, 6.632583972532302e-05, 2.203912845288869e-05, 8.197888382710516e-05, 6.393453077180311e-05, 7.517948688473552e-05, 1.4931627447367646e-05, 3.799248952418566e-05, 5.0289610953768715e-05, 1.6871041225385852e-05, 0.00015790136239957064, 0.00017272589320782572, 4.590091521095019e-06, 1.3857205885869917e-05, 1.2223486919538118e-05, 1.4174720490700565e-05, 1.2127608897571918e-05, 1.055052416631952e-05, 3.387105152796721e-06, 5.553955816139933e-06, 4.657426870835479e-06, 3.144634092677734e-06, 5.896358743484598e-06, 4.279243512428366e-06, 4.678900495491689e-06, 1.1972184665864916e-06, 7.390043265331769e-06, 2.0112851416342892e-05, 4.422771326062502e-06, 1.0745536656031618e-06, 2.1350258521124488e-06, 2.6092266125488095e-06, 3.980671579029149e-07, 7.29786165720725e-07, 1.3424588587440667e-06, 5.972515850771742e-07, 1.0299802397639723e-06, 1.8231376088806428e-06, 3.0320238693093415e-06, 2.504621988919098e-06, 1.981136620088364e-06, 2.3279562810785137e-06, 4.4361379991642025e-07, 2.6140764930460136e-07, 1.7731092327721854e-07, 2.109823498130936e-07, 2.4532204179195105e-07, 2.2661153309400106e-07, 2.770372020677314e-07, 4.1019569607669837e-07, 4.0736512119110557e-07, 5.681154675585276e-07, 3.4758213018903916e-07, 2.2437689040089026e-07, 2.296990402328447e-07, 2.794830891161837e-07, 1.973705252567015e-07, 1.2951154815254995e-07, 1.2211364719405537e-07, 4.845667262998177e-07, 1.1260082146691275e-06, 1.019161913973221e-06, 1.217069325321063e-06, 2.2319802610581974e-06, 1.7518999584353878e-06, 1.0969305321850698e-06, 6.49424862331216e-07, 3.506543748699187e-07, 3.6290771276981104e-07, 1.7893887616082793e-07, 7.658601930415898e-08, 4.526761543388602e-08, 4.2699877411678244e-08, 4.885194471171417e-08, 3.3171161817335815e-08, 7.485761699399518e-08, 1.7666411622485612e-07, 4.0052000827017764e-07, 5.019867899136443e-07, 4.2002278632935486e-07, 4.367270491911768e-07, 2.431804375646607e-07, 2.3701916873619666e-08, 4.3835185481455596e-10, 4.250199150956924e-12, 4.25909611398434e-12, 4.015233458221079e-12, 3.885893343213986e-12, 3.805214823793257e-12, 3.687633098187204e-12, 3.5252718712935893e-12, 3.431342666601611e-12, 3.402823162135249e-12], "lowlevel.melbands128.stdev": [0.00010584850679151714, 0.0005873690824955702, 0.004983069375157356, 0.013905812986195087, 0.010403670370578766, 0.004164480604231358, 0.002008195500820875, 0.0007869107066653669, 0.0001865500962594524, 0.0004209013713989407, 0.0007680943235754967, 0.001005658763460815, 0.001095459097996354, 0.0009816791862249374, 0.0018666867399588227, 0.001024845289066434, 0.0010895471787080169, 0.002696372102946043, 0.0011605246691033244, 0.00037643758696503937, 0.0005120443529449403, 0.00025361203006468713, 0.000399607524741441, 0.0006942248437553644, 0.0014153876109048724, 0.002203076845034957, 0.0004810872778762132, 0.0012309681624174118, 0.0005245115025900304, 0.0023823236115276814, 0.0008285641088150442, 7.933732558740303e-05, 0.00014249386731535196, 0.0003749439783859998, 8.643593901069835e-05, 0.00044020009227097034, 0.0005271765403449535, 0.00018498071585781872, 0.000486738164909184, 0.0001907295809360221, 0.00022749965137336403, 9.45260762819089e-05, 0.0002212264807894826, 0.00025235142675228417, 0.00019148016872350127, 0.0004808441735804081, 0.0006027066265232861, 1.6523403246537782e-05, 0.00010643051791703328, 8.084184082690626e-05, 8.029500168049708e-05, 6.278571527218446e-05, 7.775978156132624e-05, 1.5226955838443246e-05, 2.275534461659845e-05, 2.381236117798835e-05, 2.616949859657325e-05, 3.6564026231644675e-05, 1.6652846170472912e-05, 2.4210157789639197e-05, 4.622389042197028e-06, 2.8189051590743475e-05, 5.707879608962685e-05, 1.019339106278494e-05, 4.179189545538975e-06, 6.187018698255997e-06, 9.777524610399269e-06, 9.540713108435739e-07, 1.621957380848471e-06, 4.03521653424832e-06, 1.4450214393946226e-06, 2.2268718566920143e-06, 4.336089205025928e-06, 6.628934443142498e-06, 4.369923317426583e-06, 3.8804023461125325e-06, 5.121705271449173e-06, 9.215569889420294e-07, 5.619832563752425e-07, 4.811855092157202e-07, 5.990542035760882e-07, 7.76096612753463e-07, 6.900099265294557e-07, 1.0736717968029552e-06, 1.5647589179934585e-06, 1.4232223293220159e-06, 1.9869003153871745e-06, 1.3009114354645135e-06, 9.94898755379836e-07, 1.0288105158906546e-06, 1.376109366901801e-06, 7.601152560710034e-07, 4.6455315327875724e-07, 5.718402462662198e-07, 2.1615571768052178e-06, 4.612548764271196e-06, 4.3591262510744855e-06, 3.269979742981377e-06, 5.266449534246931e-06, 5.050264462624909e-06, 3.47925038113317e-06, 2.0826303170906613e-06, 1.19276364785037e-06, 1.490407953497197e-06, 5.707709647140291e-07, 3.344699734952883e-07, 2.4347909288735536e-07, 2.1621559653794975e-07, 2.82062700307506e-07, 2.2444720571002108e-07, 4.254216605659167e-07, 7.226237812574254e-07, 1.1792214991146466e-06, 1.2833344271712122e-06, 1.1811840749942348e-06, 1.2169604133305256e-06, 6.694351100122731e-07, 9.839609305117847e-08, 1.1436057434366376e-08, 7.323057091279672e-12, 8.706545900905027e-12, 7.070135275843992e-12, 6.8332050087716034e-12, 6.715574710908223e-12, 6.6213094035427744e-12, 6.5432889141681105e-12, 6.4865994520157955e-12, 6.45210751146208e-12], "lowlevel.mfcc.mean": [-711.94677734375, 140.16470336914062, 17.51915740966797, 3.786829948425293, 6.168267250061035, -5.75531005859375, 15.365025520324707, -19.02570152282715, 8.307334899902344, -2.853318214416504, 4.275907516479492, -2.12846302986145, -10.133777618408203], "lowlevel.spectral_contrast_coeffs.mean": [-0.6544756889343262, -0.6270771622657776, -0.6748316287994385, -0.7376013994216919, -0.7755640745162964, -0.7376574873924255], "lowlevel.spectral_contrast_coeffs.stdev": [0.07700375467538834, 0.09454774111509323, 0.09423412382602692, 0.07899729907512665, 0.05885870009660721, 0.04892193153500557], "lowlevel.spectral_contrast_valleys.mean": [-7.531243801116943, -7.642228603363037, -8.470399856567383, -8.71245288848877, -8.847286224365234, -11.533157348632812], "lowlevel.spectral_contrast_valleys.stdev": [0.9512818455696106, 0.6422182321548462, 0.6138203144073486, 0.6071715950965881, 0.701793909072876, 0.9455625414848328], "rhythm.beats_loudness_band_ratio.mean": [0.6970996856689453, 0.09105737507343292, 0.12385628372430801, 0.07002531737089157, 0.02466040849685669, 0.0064858682453632355], "rhythm.beats_loudness_band_ratio.stdev": [0.21111559867858887, 0.13007421791553497, 0.12741869688034058, 0.09111252427101135, 0.03643316775560379, 0.014236525632441044], "tonal.hpcp.mean": [0.1412792205810547, 0.0841217190027237, 0.07926510274410248, 0.14618995785713196, 0.09192532300949097, 0.016223285347223282, 0.011926374398171902, 0.014639192260801792, 0.08870664983987808, 0.1407943218946457, 0.07177833467721939, 0.015167362056672573, 0.01573443040251732, 0.025571703910827637, 0.07687390595674515, 0.13999861478805542, 0.08947236835956573, 0.02085193246603012, 0.0247220266610384, 0.026194078847765923, 0.03449396789073944, 0.07359902560710907, 0.09002570807933807, 0.3447323441505432, 0.5337029099464417, 0.250702828168869, 0.029221653938293457, 0.012705832719802856, 0.014742206782102585, 0.048875726759433746, 0.08167913556098938, 0.05223231017589569, 0.015578551217913628, 0.013156917877495289, 0.01958400197327137, 0.08495499193668365], "tonal.hpcp.stdev": [0.2964760661125183, 0.1848004162311554, 0.18038374185562134, 0.3005640208721161, 0.2062314748764038, 0.07970891892910004, 0.06528721004724503, 0.07540202140808105, 0.19943535327911377, 0.27296409010887146, 0.15423111617565155, 0.08198937028646469, 0.08377935737371445, 0.12130922824144363, 0.18966691195964813, 0.2928310036659241, 0.20920825004577637, 0.09057754278182983, 0.12738940119743347, 0.1295350044965744, 0.11361277848482132, 0.21403740346431732, 0.21692466735839844, 0.3364461362361908, 0.43650752305984497, 0.29056161642074585, 0.1098116934299469, 0.07170988619327545, 0.07692988961935043, 0.14982518553733826, 0.22605851292610168, 0.1566513627767563, 0.08218689262866974, 0.08015156537294388, 0.11012226343154907, 0.185487300157547], "rhythm.beats_position": [0.6733786463737488, 1.3583673238754272, 2.008526086807251, 2.6470746994018555, 3.2740135192871094, 3.9009523391723633, 4.539501190185547, 5.178049564361572, 5.816598415374756, 6.44353723526001, 7.082086086273193, 7.709024906158447, 8.335963249206543, 8.974512100219727, 9.61306095123291, 10.239999771118164, 10.866938591003418, 11.493877410888672, 12.144036293029785, 12.770975112915039, 13.397913932800293, 14.036462783813477, 14.663400650024414, 15.301949501037598, 15.928888320922852, 16.56743812561035, 17.20598602294922, 17.832923889160156, 18.459863662719727, 19.086801528930664, 19.725351333618164, 20.36389923095703, 20.9908390045166, 21.62938690185547, 22.26793670654297, 22.906484603881836, 23.521814346313477, 24.160362243652344, 24.787302017211914, 25.42584991455078, 26.05278778076172, 26.69133758544922, 27.329885482788086, 27.956825256347656, 28.595373153686523, 29.233922958374023], "rhythm.bpm_histogram": [0.0, 0.0, 0.0, 0.0, 0.0, 0.0, 0.0, 0.0, 0.0, 0.0, 0.0, 0.0, 0.0, 0.0, 0.0, 0.0, 0.0, 0.0, 0.0, 0.0, 0.0, 0.0, 0.0, 0.0, 0.0, 0.0, 0.0, 0.0, 0.0, 0.0, 0.0, 0.0, 0.0, 0.0, 0.0, 0.0, 0.0, 0.0, 0.0, 0.0, 0.0, 0.0, 0.0, 0.0, 0.0, 0.0, 0.0, 0.0, 0.0, 0.0, 0.0, 0.0, 0.0, 0.0, 0.0, 0.0, 0.0, 0.0, 0.0, 0.0, 0.0, 0.0, 0.0, 0.0, 0.0, 0.0, 0.0, 0.0, 0.0, 0.0, 0.0, 0.0, 0.0, 0.0, 0.0, 0.0, 0.0, 0.0, 0.0, 0.0, 0.0, 0.0, 0.0, 0.0, 0.0, 0.0, 0.0, 0.0, 0.02222222276031971, 0.0, 0.0, 0.0, 0.04444444552063942, 0.0, 0.4888888895511627, 0.0, 0.42222222685813904, 0.0, 0.02222222276031971, 0.0, 0.0, 0.0, 0.0, 0.0, 0.0, 0.0, 0.0, 0.0, 0.0, 0.0, 0.0, 0.0, 0.0, 0.0, 0.0, 0.0, 0.0, 0.0, 0.0, 0.0, 0.0, 0.0, 0.0, 0.0, 0.0, 0.0, 0.0, 0.0, 0.0, 0.0, 0.0, 0.0, 0.0, 0.0, 0.0, 0.0, 0.0, 0.0, 0.0, 0.0, 0.0, 0.0, 0.0, 0.0, 0.0, 0.0, 0.0, 0.0, 0.0, 0.0, 0.0, 0.0, 0.0, 0.0, 0.0, 0.0, 0.0, 0.0, 0.0, 0.0, 0.0, 0.0, 0.0, 0.0, 0.0, 0.0, 0.0, 0.0, 0.0, 0.0, 0.0, 0.0, 0.0, 0.0, 0.0, 0.0, 0.0, 0.0, 0.0, 0.0, 0.0, 0.0, 0.0, 0.0, 0.0, 0.0, 0.0, 0.0, 0.0, 0.0, 0.0, 0.0, 0.0, 0.0, 0.0, 0.0, 0.0, 0.0, 0.0, 0.0, 0.0, 0.0, 0.0, 0.0, 0.0, 0.0, 0.0, 0.0, 0.0, 0.0, 0.0, 0.0, 0.0, 0.0, 0.0, 0.0, 0.0, 0.0, 0.0, 0.0, 0.0, 0.0, 0.0, 0.0, 0.0, 0.0, 0.0, 0.0, 0.0, 0.0, 0.0, 0.0, 0.0, 0.0, 0.0, 0.0, 0.0, 0.0, 0.0, 0.0, 0.0, 0.0, 0.0, 0.0, 0.0, 0.0, 0.0, 0.0, 0.0, 0.0], "tonal.chords_histogram": [46.081504821777344, 20.06269645690918, 20.06269645690918, 0.0, 7.993730545043945, 0.0, 0.0, 0.0, 0.0, 0.0, 0.0, 0.0, 0.0, 0.0, 0.0, 0.0, 0.0, 0.0, 0.0, 5.799373149871826, 0.0, 0.0, 0.0, 0.0], "tonal.thpcp": [1.0, 0.4697422981262207, 0.0547526590526104, 0.023806938901543617, 0.027622496709227562, 0.09157852828502655, 0.15304233133792877, 0.09786776453256607, 0.02918955683708191, 0.024652138352394104, 0.03669457510113716, 0.15918029844760895, 0.2647151052951813, 0.15761899948120117, 0.1485191434621811, 0.2739163637161255, 0.17224062979221344, 0.030397595837712288, 0.022346466779708862, 0.027429478242993355, 0.16620978713035583, 0.26380655169487, 0.1344911754131317, 0.02841911092400551, 0.02948162704706192, 0.04791374132037163, 0.14403876662254333, 0.26231563091278076, 0.16764451563358307, 0.03907030075788498, 0.046321701258420944, 0.04907988756895065, 0.0646314024925232, 0.1379026174545288, 0.1686813086271286, 0.6459255218505859], "lowlevel.gfcc.cov": [[3976.292724609375, 85.70652770996094, -367.3024597167969, 271.7532958984375, 472.32354736328125, 197.8026123046875, 244.34033203125, 557.1622924804688, 218.9247283935547, 28.328859329223633, 147.5132293701172, -106.75947570800781, 84.00556945800781], [85.70652770996094, 1270.4522705078125, 136.27938842773438, 245.34121704101562, 387.4250183105469, 42.297630310058594, 382.166748046875, 60.88629150390625, -5.313629150390625, -4.218227386474609, 71.6026611328125, -169.48402404785156, 19.644784927368164], [-367.3024597167969, 136.27938842773438, 1195.698974609375, 459.58050537109375, 49.74209213256836, 280.5705261230469, 97.5545425415039, -62.527305603027344, 74.26309967041016, -84.8786849975586, -126.09812927246094, 77.93305969238281, -206.47007751464844], [271.7532958984375, 245.34121704101562, 459.58050537109375, 614.5081787109375, 296.310791015625, 96.60980224609375, 98.7468490600586, 130.25975036621094, 148.49891662597656, -44.4446907043457, -63.1788330078125, 38.574649810791016, -68.60518646240234], [472.32354736328125, 387.4250183105469, 49.74209213256836, 296.310791015625, 507.1174011230469, 161.21017456054688, 186.99688720703125, 209.3211212158203, 131.96934509277344, 40.55665969848633, 40.8481330871582, -35.34974670410156, 48.726741790771484], [197.8026123046875, 42.297630310058594, 280.5705261230469, 96.60980224609375, 161.21017456054688, 457.3713684082031, 239.08653259277344, 26.090044021606445, 37.22199249267578, 42.02286148071289, 16.518474578857422, -39.70264434814453, -63.41364669799805], [244.34033203125, 382.166748046875, 97.5545425415039, 98.7468490600586, 186.99688720703125, 239.08653259277344, 371.6081237792969, 98.05014038085938, -8.76278018951416, 35.30229187011719, 59.38654327392578, -73.29547882080078, -10.554011344909668], [557.1622924804688, 60.88629150390625, -62.527305603027344, 130.25975036621094, 209.3211212158203, 26.090044021606445, 98.05014038085938, 273.19097900390625, 102.43023681640625, 15.339707374572754, 58.73358154296875, 9.485169410705566, 63.74386978149414], [218.9247283935547, -5.313629150390625, 74.26309967041016, 148.49891662597656, 131.96934509277344, 37.22199249267578, -8.76278018951416, 102.43023681640625, 184.52005004882812, 38.76759338378906, 9.706729888916016, 48.73820877075195, 19.63286590576172], [28.328859329223633, -4.218227386474609, -84.8786849975586, -44.4446907043457, 40.55665969848633, 42.02286148071289, 35.30229187011719, 15.339707374572754, 38.76759338378906, 132.63917541503906, 80.48281860351562, 17.972225189208984, 28.793397903442383], [147.5132293701172, 71.6026611328125, -126.09812927246094, -63.1788330078125, 40.8481330871582, 16.518474578857422, 59.38654327392578, 58.73358154296875, 9.706729888916016, 80.48281860351562, 184.49249267578125, 42.35334396362305, 46.310546875], [-106.75947570800781, -169.48402404785156, 77.93305969238281, 38.574649810791016, -35.34974670410156, -39.70264434814453, -73.29547882080078, 9.485169410705566, 48.73820877075195, 17.972225189208984, 42.35334396362305, 163.717529296875, 24.312105178833008], [84.00556945800781, 19.644784927368164, -206.47007751464844, -68.60518646240234, 48.726741790771484, -63.41364669799805, -10.554011344909668, 63.74386978149414, 19.63286590576172, 28.793397903442383, 46.310546875, 24.312105178833008, 141.0775909423828]], "lowlevel.gfcc.icov": [[0.00040129857370629907, 4.822383198188618e-05, 0.0001945606927620247, -0.0001828458480304107, 6.582190690096468e-05, -0.0002263711066916585, 7.544826803496107e-05, -0.000690782442688942, -0.0001668297336436808, 0.00022695385268889368, -0.0002804508258122951, 0.0003704309347085655, 0.0001485544053139165], [4.822383198188618e-05, 0.002953618997707963, -0.0008986160391941667, -0.00012280857481528074, -0.0022620519157499075, 0.0028758279513567686, -0.0034807270858436823, 0.0027600706089287996, -0.0009991693077608943, 0.0013920546043664217, -0.0022993299644440413, 0.0029462818056344986, -0.001146415015682578], [0.0001945606927620247, -0.0008986160391941667, 0.002436114940792322, -0.001315566012635827, 0.0012125998036935925, -0.00201416970230639, 0.0007888109539635479, -0.0006469341460615396, -3.163151632179506e-05, 0.0003902908356394619, 0.0011101594427600503, -0.0020892180036753416, 0.0018823319114744663], [-0.0001828458480304107, -0.00012280857481528074, -0.001315566012635827, 0.004800137132406235, -0.0025045296642929316, 0.001322383526712656, -0.0007787078502587974, -0.0002751259598881006, -0.0015153393615037203, 0.0008308368269354105, 0.0013023283099755645, -0.0015696887858211994, 0.0019447061931714416], [6.582190690096468e-05, -0.0022620519157499075, 0.0012125998036935925, -0.0025045296642929316, 0.0070565021596848965, -0.0035451967269182205, 0.002239939756691456, -0.0037819643039256334, -0.00025200447998940945, -0.0016532095614820719, 0.001148442504927516, -0.0002501260314602405, -0.001283277291804552], [-0.0002263711066916585, 0.0028758279513567686, -0.00201416970230639, 0.001322383526712656, -0.0035451967269182205, 0.0076164365746080875, -0.006053491495549679, 0.0038735182024538517, -0.002042601117864251, 0.0003916248388122767, -0.0017550355987623334, 0.002612438751384616, 0.0002048302412731573], [7.544826803496107e-05, -0.0034807270858436823, 0.0007888109539635479, -0.0007787078502587974, 0.002239939756691456, -0.006053491495549679, 0.010416020639240742, -0.005338586401194334, 0.0038493615575134754, -0.002493620850145817, 0.0008712425478734076, -0.0009694395121186972, 0.0007665551966056228], [-0.000690782442688942, 0.0027600706089287996, -0.0006469341460615396, -0.0002751259598881006, -0.0037819643039256334, 0.0038735182024538517, -0.005338586401194334, 0.011653047986328602, -0.004195559769868851, 0.0035029726568609476, -0.003591282293200493, 0.0020732772536575794, -0.0029803412035107613], [-0.0001668297336436808, -0.0009991693077608943, -3.163151632179506e-05, -0.0015153393615037203, -0.00025200447998940945, -0.002042601117864251, 0.0038493615575134754, -0.004195559769868851, 0.011589393019676208, -0.004827875643968582, 0.002515212632715702, -0.002903707791119814, -0.00014486855070572346], [0.00022695385268889368, 0.0013920546043664217, 0.0003902908356394619, 0.0008308368269354105, -0.0016532095614820719, 0.0003916248388122767, -0.002493620850145817, 0.0035029726568609476, -0.004827875643968582, 0.013743872754275799, -0.005983009003102779, 0.0012145574437454343, -0.0007545461994595826], [-0.0002804508258122951, -0.0022993299644440413, 0.0011101594427600503, 0.0013023283099755645, 0.001148442504927516, -0.0017550355987623334, 0.0008712425478734076, -0.003591282293200493, 0.002515212632715702, -0.005983009003102779, 0.012143200263381004, -0.006394749507308006, 0.0012344738934189081], [0.0003704309347085655, 0.0029462818056344986, -0.0020892180036753416, -0.0015696887858211994, -0.0002501260314602405, 0.002612438751384616, -0.0009694395121186972, 0.0020732772536575794, -0.002903707791119814, 0.0012145574437454343, -0.006394749507308006, 0.01381729543209076, -0.004326211754232645], [0.0001485544053139165, -0.001146415015682578, 0.0018823319114744663, 0.0019447061931714416, -0.001283277291804552, 0.0002048302412731573, 0.0007665551966056228, -0.0029803412035107613, -0.00014486855070572346, -0.0007545461994595826, 0.0012344738934189081, -0.004326211754232645, 0.013313749805092812]], "lowlevel.mfcc.cov": [[4066.225830078125, -120.8307876586914, -564.8399047851562, 239.8296661376953, 330.5010681152344, -233.5956573486328, 287.16357421875, 203.31727600097656, 295.8987731933594, 338.5988464355469, 109.82760620117188, -72.21839141845703, 220.3882293701172], [-120.8307876586914, 1038.930419921875, -47.252872467041016, 226.34202575683594, 35.025390625, 91.34909057617188, 344.56219482421875, -3.415163040161133, 117.52690124511719, 64.86417388916016, 73.93374633789062, 61.191280364990234, -68.6851806640625], [-564.8399047851562, -47.252872467041016, 1056.6121826171875, 99.93975830078125, 26.14081573486328, 367.77215576171875, -69.72998046875, 237.6063995361328, -79.44912719726562, -31.0458984375, 66.6502914428711, 79.78453063964844, -20.81310272216797], [239.8296661376953, 226.34202575683594, 99.93975830078125, 552.7139892578125, 249.11878967285156, 29.421894073486328, 28.093608856201172, 163.0673828125, 166.4607696533203, -5.131978511810303, 64.73387145996094, 97.15322875976562, 40.64272689819336], [330.5010681152344, 35.025390625, 26.14081573486328, 249.11878967285156, 388.4449157714844, 52.69718933105469, 16.756383895874023, 147.1004180908203, 160.92710876464844, 65.05856323242188, 55.445411682128906, 53.421329498291016, 51.39314270019531], [-233.5956573486328, 91.34909057617188, 367.77215576171875, 29.421894073486328, 52.69718933105469, 434.017333984375, 105.92739868164062, 139.54208374023438, -3.031126022338867, 112.83329010009766, 71.53923034667969, 13.414687156677246, -3.4068005084991455], [287.16357421875, 344.56219482421875, -69.72998046875, 28.093608856201172, 16.756383895874023, 105.92739868164062, 428.5187072753906, 64.42935943603516, 72.62296295166016, 154.63836669921875, 70.43641662597656, 2.934875726699829, 9.748613357543945], [203.31727600097656, -3.415163040161133, 237.6063995361328, 163.0673828125, 147.1004180908203, 139.54208374023438, 64.42935943603516, 266.4507141113281, 93.36930084228516, 64.14273071289062, 54.56903076171875, 54.965232849121094, 34.49045944213867], [295.8987731933594, 117.52690124511719, -79.44912719726562, 166.4607696533203, 160.92710876464844, -3.031126022338867, 72.62296295166016, 93.36930084228516, 225.28790283203125, 62.80453872680664, 32.13771438598633, 18.917152404785156, 20.679292678833008], [338.5988464355469, 64.86417388916016, -31.0458984375, -5.131978511810303, 65.05856323242188, 112.83329010009766, 154.63836669921875, 64.14273071289062, 62.80453872680664, 234.70448303222656, 43.321964263916016, -35.46528625488281, 14.203934669494629], [109.82760620117188, 73.93374633789062, 66.6502914428711, 64.73387145996094, 55.445411682128906, 71.53923034667969, 70.43641662597656, 54.56903076171875, 32.13771438598633, 43.321964263916016, 122.50679016113281, 46.70991516113281, 26.5676212310791], [-72.21839141845703, 61.191280364990234, 79.78453063964844, 97.15322875976562, 53.421329498291016, 13.414687156677246, 2.934875726699829, 54.965232849121094, 18.917152404785156, -35.46528625488281, 46.70991516113281, 170.42344665527344, 18.818580627441406], [220.3882293701172, -68.6851806640625, -20.81310272216797, 40.64272689819336, 51.39314270019531, -3.4068005084991455, 9.748613357543945, 34.49045944213867, 20.679292678833008, 14.203934669494629, 26.5676212310791, 18.818580627441406, 150.1043243408203]], "lowlevel.mfcc.icov": [[0.00039659833419136703, 0.00011389811697881669, 0.00012913308455608785, -0.00011048197484342381, -7.818414451321587e-05, 0.00038048415444791317, -0.00015756675566080958, -0.00029955641366541386, -4.765359335578978e-05, -0.00045106065226718783, -0.00025158716016449034, 0.00023751518165227026, -0.0003038928844034672], [0.00011389811697881669, 0.0018707155250012875, -2.1459010895341635e-05, -0.0009148675599135458, 0.00020191863586660475, -0.0002450164465699345, -0.001584510551765561, 0.0010980924125760794, -0.0006198360933922231, 0.000193913554539904, -0.00020572547509800643, -0.0003923672193195671, 0.000862058368511498], [0.00012913308455608785, -2.1459010895341635e-05, 0.0020541688427329063, -0.00020218724966980517, 0.00026582874124869704, -0.0012950401287525892, 0.0005690413527190685, -0.0018087889766320586, 0.0009676498011685908, 0.0005538442055694759, -0.00048313636216335, -8.564704330638051e-05, 0.00030893899383954704], [-0.00011048197484342381, -0.0009148675599135458, -0.00020218724966980517, 0.0036355615593492985, -0.0013170641614124179, 0.00026725060888566077, 0.0006151041598059237, -0.0011663376353681087, -0.0010306735057383776, 0.000898414000403136, -0.0003206983092240989, -0.0005046286969445646, -0.0004067662521265447], [-7.818414451321587e-05, 0.00020191863586660475, 0.00026582874124869704, -0.0013170641614124179, 0.004982391372323036, -0.0004380617756396532, 0.0007876199670135975, -0.0009367273305542767, -0.0019966522231698036, -0.0008007391588762403, -0.00044105196138843894, -0.0004912823787890375, -0.0004605847643688321], [0.00038048415444791317, -0.0002450164465699345, -0.0012950401287525892, 0.00026725060888566077, -0.0004380617756396532, 0.004893805831670761, -0.0004695002280641347, -0.0011118807597085834, 0.0006834976957179606, -0.0021278676576912403, -0.001163311768323183, 0.0006378317484632134, -0.00014252618711907417], [-0.00015756675566080958, -0.001584510551765561, 0.0005690413527190685, 0.0006151041598059237, 0.0007876199670135975, -0.0004695002280641347, 0.004929156508296728, -0.0014149305643513799, -8.209486986743286e-05, -0.0018539755837991834, -0.0010443318169564009, 9.86279428616399e-06, -0.0004863277717959136], [-0.00029955641366541386, 0.0010980924125760794, -0.0018087889766320586, -0.0011663376353681087, -0.0009367273305542767, -0.0011118807597085834, -0.0014149305643513799, 0.008928441442549229, -0.002331385388970375, -0.000527907395735383, 0.0005103538278490305, -0.0014531677588820457, -0.0001938890345627442], [-4.765359335578978e-05, -0.0006198360933922231, 0.0009676498011685908, -0.0010306735057383776, -0.0019966522231698036, 0.0006834976957179606, -8.209486986743286e-05, -0.002331385388970375, 0.008568030782043934, -0.0009418384288437665, -0.0001565324200782925, 0.0005238765152171254, 0.00031050824327394366], [-0.00045106065226718783, 0.000193913554539904, 0.0005538442055694759, 0.000898414000403136, -0.0008007391588762403, -0.0021278676576912403, -0.0018539755837991834, -0.000527907395735383, -0.0009418384288437665, 0.008207898586988449, -0.0009341973927803338, 0.0016165170818567276, 0.0003678531793411821], [-0.00025158716016449034, -0.00020572547509800643, -0.00048313636216335, -0.0003206983092240989, -0.00044105196138843894, -0.001163311768323183, -0.0010443318169564009, 0.0005103538278490305, -0.0001565324200782925, -0.0009341973927803338, 0.011930087581276894, -0.0028466570656746626, -0.0012744495179504156], [0.00023751518165227026, -0.0003923672193195671, -8.564704330638051e-05, -0.0005046286969445646, -0.0004912823787890375, 0.0006378317484632134, 9.86279428616399e-06, -0.0014531677588820457, 0.0005238765152171254, 0.0016165170818567276, -0.0028466570656746626, 0.008137260563671589, -0.0006290275487117469], [-0.0003038928844034672, 0.000862058368511498, 0.00030893899383954704, -0.0004067662521265447, -0.0004605847643688321, -0.00014252618711907417, -0.0004863277717959136, -0.0001938890345627442, 0.00031050824327394366, 0.0003678531793411821, -0.0012744495179504156, -0.0006290275487117469, 0.00811309926211834]], "metadata.audio_properties.analysis.downmix": "mix", "metadata.audio_properties.codec": "mp3", "metadata.audio_properties.md5_encoded": "5587e8927d0ffad4d174d482350629f6", "metadata.tags.file_name": "1183684784493436959.mp3", "metadata.version.essentia": "2.1-beta6-dev", "metadata.version.essentia_git_sha": "v2.1_beta5-1110-g77a6a954", "metadata.version.extractor": "music 2.0", "tonal.chords_key": "Bb", "tonal.chords_scale": "major", "tonal.key_edma.key": "Bb", "tonal.key_edma.scale": "major", "tonal.key_krumhansl.key": "Bb", "tonal.key_krumhansl.scale": "major", "tonal.key_temperley.key": "Bb", "tonal.key_temperley.scale": "major", "metadata.tags.encoding": ["Lavf58.45.100"]}, "essentia_models": [{"model_name": "genre_dortmund", "activations": {"alternative": "0.019379811", "blues": "0.007028435", "electronic": "0.0036428033", "folkcountry": "0.52253896", "funksoulrnb": "0.0054275775", "jazz": "0.17733568", "pop": "0.34724063", "raphiphop": "0.0059422906", "rock": "0.0088122"}}, {"model_name": "genre_rosamerica", "activations": {"classic": "0.0015293877", "dance"