{"song_id": "1183663827192139776", "download": "https://cdn.discordapp.com/attachments/1135903449314238464/1183663827192139776/chirp.mp4?ex=658927d7&amp", "lyrics": "(Chorus) I love you, when I see you Every glance, a promise so true In your eyes, a universe unfolds A love story that never grows old\n\n(Outro) So let the melody play on Our love's refrain, a bond never gone In every moment, our hearts renew I love you, when I see you.", "style": ["country"], "essentia_features": {"lowlevel.average_loudness": 0.9600993394851685, "lowlevel.barkbands_crest.mean": 13.59473705291748, "lowlevel.barkbands_crest.stdev": 4.901013374328613, "lowlevel.barkbands_flatness_db.mean": 0.19534099102020264, "lowlevel.barkbands_flatness_db.stdev": 0.062004636973142624, "lowlevel.barkbands_kurtosis.mean": 13.86092472076416, "lowlevel.barkbands_kurtosis.stdev": 24.611791610717773, "lowlevel.barkbands_skewness.mean": 2.402466058731079, "lowlevel.barkbands_skewness.stdev": 1.969826340675354, "lowlevel.barkbands_spread.mean": 13.366060256958008, "lowlevel.barkbands_spread.stdev": 14.392260551452637, "lowlevel.dissonance.mean": 0.40984225273132324, "lowlevel.dissonance.stdev": 0.042628515511751175, "lowlevel.dynamic_complexity": 3.9875426292419434, "lowlevel.erbbands_crest.mean": 13.503050804138184, "lowlevel.erbbands_crest.stdev": 5.3074750900268555, "lowlevel.erbbands_flatness_db.mean": 0.1816815882921219, "lowlevel.erbbands_flatness_db.stdev": 0.04847973585128784, "lowlevel.erbbands_kurtosis.mean": 2.552938222885132, "lowlevel.erbbands_kurtosis.stdev": 3.7481272220611572, "lowlevel.erbbands_skewness.mean": 0.9975826740264893, "lowlevel.erbbands_skewness.stdev": 0.8764297962188721, "lowlevel.erbbands_spread.mean": 31.10939598083496, "lowlevel.erbbands_spread.stdev": 20.92353057861328, "lowlevel.hfc.mean": 14.554746627807617, "lowlevel.hfc.stdev": 18.12332534790039, "lowlevel.loudness_ebu128.integrated": -18.6509952545166, "lowlevel.loudness_ebu128.loudness_range": 3.6342201232910156, "lowlevel.loudness_ebu128.momentary.mean": -19.35191535949707, "lowlevel.loudness_ebu128.momentary.stdev": 2.637913227081299, "lowlevel.loudness_ebu128.short_term.mean": -18.755159378051758, "lowlevel.loudness_ebu128.short_term.stdev": 1.3444058895111084, "lowlevel.melbands_crest.mean": 17.556575775146484, "lowlevel.melbands_crest.stdev": 5.74775505065918, "lowlevel.melbands_flatness_db.mean": 0.2797692120075226, "lowlevel.melbands_flatness_db.stdev": 0.07611598074436188, "lowlevel.melbands_kurtosis.mean": 23.470821380615234, "lowlevel.melbands_kurtosis.stdev": 37.67116928100586, "lowlevel.melbands_skewness.mean": 2.9450809955596924, "lowlevel.melbands_skewness.stdev": 2.216717004776001, "lowlevel.melbands_spread.mean": 14.882669448852539, "lowlevel.melbands_spread.stdev": 22.330595016479492, "lowlevel.pitch_salience.mean": 0.44970402121543884, "lowlevel.pitch_salience.stdev": 0.15007686614990234, "lowlevel.silence_rate_20dB.mean": 1.0, "lowlevel.silence_rate_20dB.stdev": 0.0, "lowlevel.silence_rate_30dB.mean": 0.9473264217376709, "lowlevel.silence_rate_30dB.stdev": 0.22337976098060608, "lowlevel.silence_rate_60dB.mean": 0.1428571492433548, "lowlevel.silence_rate_60dB.stdev": 0.3499271869659424, "lowlevel.spectral_centroid.mean": 805.6630859375, "lowlevel.spectral_centroid.stdev": 590.2857666015625, "lowlevel.spectral_complexity.mean": 8.782122611999512, "lowlevel.spectral_complexity.stdev": 3.967700958251953, "lowlevel.spectral_decrease.mean": -7.933920187497279e-09, "lowlevel.spectral_decrease.stdev": 9.841315318226407e-09, "lowlevel.spectral_energy.mean": 0.031264595687389374, "lowlevel.spectral_energy.stdev": 0.038066234439611435, "lowlevel.spectral_energyband_high.mean": 0.000340457510901615, "lowlevel.spectral_energyband_high.stdev": 0.0009252580348402262, "lowlevel.spectral_energyband_low.mean": 0.01619640178978443, "lowlevel.spectral_energyband_low.stdev": 0.03150134161114693, "lowlevel.spectral_energyband_middle_high.mean": 0.003462886204943061, "lowlevel.spectral_energyband_middle_high.stdev": 0.007934149354696274, "lowlevel.spectral_energyband_middle_low.mean": 0.011936361901462078, "lowlevel.spectral_energyband_middle_low.stdev": 0.013211723417043686, "lowlevel.spectral_entropy.mean": 6.9251556396484375, "lowlevel.spectral_entropy.stdev": 0.5411883592605591, "lowlevel.spectral_flux.mean": 0.06686519086360931, "lowlevel.spectral_flux.stdev": 0.06487639993429184, "lowlevel.spectral_kurtosis.mean": 6.317409515380859, "lowlevel.spectral_kurtosis.stdev": 3.461893081665039, "lowlevel.spectral_rms.mean": 0.004739650525152683, "lowlevel.spectral_rms.stdev": 0.0028350886423140764, "lowlevel.spectral_rolloff.mean": 1080.909912109375, "lowlevel.spectral_rolloff.stdev": 2048.85107421875, "lowlevel.spectral_skewness.mean": 2.038649320602417, "lowlevel.spectral_skewness.stdev": 0.5600847601890564, "lowlevel.spectral_spread.mean": 5167012.0, "lowlevel.spectral_spread.stdev": 2354817.5, "lowlevel.spectral_strongpeak.mean": 1.1820768117904663, "lowlevel.spectral_strongpeak.stdev": 1.4276148080825806, "lowlevel.zerocrossingrate.mean": 0.04765087366104126, "lowlevel.zerocrossingrate.stdev": 0.05580433830618858, "metadata.audio_properties.analysis.equal_loudness": 0.0, "metadata.audio_properties.analysis.length": 29.055986404418945, "metadata.audio_properties.analysis.sample_rate": 44100.0, "metadata.audio_properties.analysis.start_time": 0.0, "metadata.audio_properties.bit_rate": 121452.0, "metadata.audio_properties.length": 29.055999755859375, "metadata.audio_properties.lossless": 0.0, "metadata.audio_properties.number_channels": 1.0, "metadata.audio_properties.replay_gain": -8.528162002563477, "metadata.audio_properties.sample_rate": 48000.0, "rhythm.beats_count": 45.0, "rhythm.beats_loudness.mean": 0.0859002098441124, "rhythm.beats_loudness.stdev": 0.045935098081827164, "rhythm.bpm": 94.53825378417969, "rhythm.bpm_histogram_first_peak_bpm": 94.0, "rhythm.bpm_histogram_first_peak_weight": 0.4651162624359131, "rhythm.bpm_histogram_second_peak_bpm": 86.0, "rhythm.bpm_histogram_second_peak_spread": 0.0, "rhythm.bpm_histogram_second_peak_weight": 0.022727273404598236, "rhythm.danceability": 1.5626301765441895, "rhythm.onset_rate": 5.297305583953857, "tonal.chords_changes_rate": 0.06060606241226196, "tonal.chords_number_rate": 0.007974481210112572, "tonal.chords_strength.mean": 0.5365242958068848, "tonal.chords_strength.stdev": 0.051506780087947845, "tonal.hpcp_crest.mean": 19.734031677246094, "tonal.hpcp_crest.stdev": 8.229881286621094, "tonal.hpcp_entropy.mean": 1.3020590543746948, "tonal.hpcp_entropy.stdev": 0.6573126912117004, "tonal.key_edma.strength": 0.7324274778366089, "tonal.key_krumhansl.strength": 0.7343904972076416, "tonal.key_temperley.strength": 0.7237395644187927, "tonal.tuning_diatonic_strength": 0.6390662789344788, "tonal.tuning_equal_tempered_deviation": 0.09732852876186371, "tonal.tuning_frequency": 437.4657897949219, "tonal.tuning_nontempered_energy_ratio": 0.7168005704879761, "lowlevel.barkbands.mean": [3.675391781143844e-05, 0.00911516509950161, 0.006556607782840729, 0.00072613445809111, 0.00179307721555233, 0.003131785662844777, 0.0019344408065080643, 0.0007637869566679001, 0.0031576547771692276, 0.00079166772775352, 0.0005079084658063948, 0.00048493678332306445, 0.0008295646985061467, 0.0003722437541000545, 0.0003614031884353608, 0.00015488702047150582, 4.581748362397775e-05, 6.563337228726596e-05, 7.596323121106252e-05, 4.252116923453286e-05, 7.474905578419566e-05, 1.1952113709412515e-05, 2.1453901354107074e-05, 6.98792064213194e-05, 9.494136611465365e-05, 3.8231490179896355e-05, 5.46674618817633e-06], "lowlevel.barkbands.stdev": [0.00014528186875395477, 0.022869272157549858, 0.012137125246226788, 0.0018898560665547848, 0.0028732633218169212, 0.0058283498510718346, 0.004562163259834051, 0.003092141356319189, 0.008785002864897251, 0.0032204692251980305, 0.001430562580935657, 0.002504607429727912, 0.0027697018813341856, 0.002400124678388238, 0.001090200268663466, 0.0007392614497803152, 0.0001407023664796725, 0.00018868273764383048, 0.0001627405872568488, 9.875551768345758e-05, 0.00010580341768218204, 3.743730849237181e-05, 9.69382090261206e-05, 0.0002927634341176599, 0.00040156321483664215, 0.00015063962200656533, 2.380685691605322e-05], "lowlevel.erbbands.mean": [0.08767713606357574, 2.613698720932007, 8.335299491882324, 4.504061698913574, 2.7384939193725586, 8.511610984802246, 9.087990760803223, 36.7798957824707, 22.628421783447266, 28.782203674316406, 15.942752838134766, 88.70581817626953, 39.961029052734375, 19.745014190673828, 23.47723960876465, 24.41487693786621, 37.09645080566406, 28.257015228271484, 22.817922592163086, 9.797449111938477, 5.695723056793213, 2.7902090549468994, 3.379735231399536, 4.71653938293457, 2.6340866088867188, 2.111966848373413, 4.021805286407471, 1.4642484188079834, 0.44590380787849426, 0.6348626017570496, 0.5591443777084351, 0.5433502197265625, 1.7953524589538574, 1.581903100013733, 0.3270988166332245, 0.06926815956830978, 0.08915200084447861, 0.02682306058704853, 0.0006101145991124213, 5.031198088545352e-05], "lowlevel.erbbands.stdev": [0.21979552507400513, 6.391667366027832, 15.813271522521973, 8.083146095275879, 4.880833148956299, 14.28266716003418, 17.498994827270508, 70.26303100585938, 41.681968688964844, 63.097373962402344, 64.08719635009766, 250.33541870117188, 117.42874908447266, 80.50377655029297, 67.22239685058594, 120.53047180175781, 114.35620880126953, 140.65032958984375, 66.92884826660156, 35.45835494995117, 22.80710220336914, 8.382336616516113, 10.669840812683105, 10.234821319580078, 6.780775547027588, 4.630733966827393, 6.4101715087890625, 2.141218900680542, 1.1078367233276367, 2.589284658432007, 2.6558568477630615, 2.5644614696502686, 7.556879997253418, 6.649288177490234, 1.4898751974105835, 0.38034430146217346, 0.3531191945075989, 0.10399419069290161, 0.002342094434425235, 7.014708535280079e-05], "lowlevel.gfcc.mean": [-50.4146728515625, 97.5825424194336, -86.01253509521484, 5.000344276428223, -56.36177444458008, 9.820639610290527, -32.39004898071289, 5.613922119140625, -30.146146774291992, 16.20652198791504, -13.431073188781738, -9.816587448120117, -8.44523811340332], "lowlevel.melbands.mean": [0.0016700125997886062, 0.004071253351867199, 0.0007381411851383746, 0.0004056207253597677, 0.0003518941521178931, 0.00072371622081846, 0.00038249194039963186, 0.00029126842855475843, 0.00011087233724538237, 0.0005998813430778682, 0.0001770270464476198, 7.444572838721797e-05, 6.598491017939523e-05, 6.824505544500425e-05, 5.479597166413441e-05, 9.24024498090148e-05, 4.59603252238594e-05, 3.5239270800957456e-05, 1.619568865862675e-05, 1.539062213851139e-05, 4.267103577149101e-06, 3.1550064250041032e-06, 2.6653542590793222e-06, 2.7873393264599144e-06, 4.058407739648828e-06, 2.2345702745951712e-06, 1.2271137848074432e-06, 1.3268103202790371e-06, 2.62280832430406e-06, 1.8744394765235484e-06, 4.960861588187981e-07, 2.2502061369777948e-07, 2.4247574970104324e-07, 4.106535129722033e-07, 3.267479655733041e-07, 2.809927934777079e-07, 3.188774257978366e-07, 1.0734908073573024e-06, 1.8791450884236838e-06, 1.126973415921384e-06], "lowlevel.melbands.stdev": [0.004179355222731829, 0.008068051189184189, 0.0012581420596688986, 0.0007045587990432978, 0.0005383273819461465, 0.0013660953845828772, 0.0007785566849634051, 0.0006659411592409015, 0.0005202228203415871, 0.0016928380355238914, 0.0005626925267279148, 0.0003460242587607354, 0.00019619315571617335, 0.0002805526601150632, 0.00022775369870942086, 0.0003092748229391873, 0.00028778091655112803, 0.00010863051284104586, 5.00190508319065e-05, 7.292397640412673e-05, 1.5595478544128127e-05, 1.0960729923681356e-05, 9.755278369993903e-06, 7.1178651523950975e-06, 9.379618859384209e-06, 6.364841738104587e-06, 3.0540243187715532e-06, 3.0159785637806635e-06, 4.574213562591467e-06, 2.709807858991553e-06, 9.002521892398363e-07, 5.976644956717792e-07, 9.186211968881253e-07, 1.7623418671064428e-06, 1.547202828078298e-06, 1.5403687712023384e-06, 1.5510701132370741e-06, 5.116872671351302e-06, 7.5196867328486405e-06, 4.940955477650277e-06], "lowlevel.melbands128.mean": [2.3165992388385348e-05, 0.00018942703900393099, 0.0018475365359336138, 0.005389418452978134, 0.0051756352186203, 0.0027450434863567352, 0.0008916264050640166, 0.0002830600715242326, 0.00017182283045258373, 0.0004677498945966363, 0.0005634143017232418, 0.00027585605857893825, 0.00017656573618296534, 0.0004783619660884142, 0.001269719796255231, 0.0005072630592621863, 0.00016518861229997128, 0.00040698223165236413, 0.0006391269853338599, 0.00024986013886518776, 0.00020438837236724794, 0.00011242005712119862, 9.315104398410767e-05, 6.994161958573386e-05, 0.0006183115765452385, 0.0009842425351962447, 0.00014536934031639248, 0.00017624450265429914, 4.8342597438022494e-05, 0.00010150890739168972, 7.981283852132037e-05, 3.4133940062019974e-05, 4.7173893108265474e-05, 0.00012819914263673127, 3.64660081686452e-05, 7.455016748281196e-05, 7.607219595229253e-05, 2.4412991479039192e-05, 7.316815754165873e-05, 8.460263052256778e-05, 0.000131093809613958, 3.193523298250511e-05, 6.056749407434836e-05, 4.522884410107508e-05, 9.07391313376138e-06, 5.3049960115458816e-05, 4.197836824459955e-05, 1.0739747267507482e-05, 8.713152055861428e-06, 7.049117357382784e-06, 2.584238609415479e-05, 1.2754700037476141e-05, 1.4948611806175904e-06, 2.611876425362425e-06, 3.568202373571694e-06, 4.55718372904812e-06, 1.159754560831061e-06, 1.2013528021270758e-06, 4.092282779311063e-06, 4.1374760257895105e-06, 1.1253898719587596e-06, 2.1495741293620085e-06, 7.504847872041864e-06, 3.3646881547610974e-06, 1.124919663197943e-06, 2.8999852474953514e-06, 2.5682566047180444e-06, 6.189580403770378e-07, 1.1653787623799872e-06, 1.7247022014998947e-06, 7.563749022665434e-07, 1.6175397377082845e-06, 1.8632631508808117e-06, 3.1324407245847397e-06, 3.2272162115987157e-06, 1.6280661156997667e-06, 1.911712615765282e-06, 5.292425271363754e-07, 3.974938067585754e-07, 1.9694260799951735e-07, 2.4328602421519463e-07, 2.2015740341885248e-07, 2.119563191627094e-07, 2.098240372561122e-07, 3.152578358367464e-07, 3.526641307871614e-07, 5.190712499825167e-07, 3.7354959658841835e-07, 3.0589745847464656e-07, 2.892426209655241e-07, 3.1381662779494945e-07, 2.6998557700608217e-07, 2.4310386947945517e-07, 1.602526253918768e-07, 3.588219499306433e-07, 1.0924454727501143e-06, 9.863972536550136e-07, 1.3460412446875125e-06, 2.122914793289965e-06, 2.1601390471914783e-06, 1.5424145658471389e-06, 9.100627949010232e-07, 6.342717142615584e-07, 5.177057005312236e-07, 3.0795345651313255e-07, 1.9510402182731923e-07, 1.305172645515995e-07, 1.2137780913690221e-07, 1.0187916643644712e-07, 5.010613435274536e-08, 1.1109848685464385e-07, 1.8342845464758284e-07, 3.8732724760848214e-07, 3.97410445884816e-07, 3.266417820668721e-07, 3.553525971256022e-07, 2.1042961861894582e-07, 3.946195192838786e-08, 7.080662722813713e-10, 4.176025410890238e-12, 3.918110193928959e-12, 3.828057228844051e-12, 3.74308049833072e-12, 3.667386273137341e-12, 3.5492112721025038e-12, 3.3880123099377935e-12, 3.2951794504826326e-12, 3.267434066367425e-12], "lowlevel.melbands128.stdev": [9.541452891426161e-05, 0.0006544941570609808, 0.004947170615196228, 0.013689362443983555, 0.010612783022224903, 0.0050316196866333485, 0.0017730206018313766, 0.0007002641796134412, 0.0004131087043788284, 0.0010591966565698385, 0.0010238498216494918, 0.0006340114050544798, 0.0006822205614298582, 0.0011206940980628133, 0.002562782960012555, 0.0010665555018931627, 0.0005626168567687273, 0.0009815699886530638, 0.0018283240497112274, 0.0005774853052571416, 0.0009376341477036476, 0.0006849415949545801, 0.0007569437730126083, 0.0005964827723801136, 0.00190739578101784, 0.0029059904627501965, 0.0006181940552778542, 0.0009826351888477802, 0.00021986982028465718, 0.0005960615235380828, 0.00039661035407334566, 0.00017182680312544107, 0.00022943624935578555, 0.0004098968638572842, 0.00024204443616326898, 0.000438193092122674, 0.0005658955778926611, 0.00015940263983793557, 0.00046169766574166715, 0.0003172986034769565, 0.0005733531434088945, 0.0002472407359164208, 0.0004895462188869715, 0.00032213848317041993, 4.418502430780791e-05, 0.0002036865771515295, 0.00014771841233596206, 6.393910007318482e-05, 6.553558341693133e-05, 5.4100168199511245e-05, 0.00014502028352580965, 6.65352854412049e-05, 7.1952522375795525e-06, 1.063973377313232e-05, 1.26398208522005e-05, 2.0548603060888126e-05, 3.7769459595438093e-06, 4.539443580142688e-06, 1.8922299204859883e-05, 1.8271330191055313e-05, 3.757092599698808e-06, 6.8941039899073076e-06, 2.0610614228644408e-05, 9.491302989772521e-06, 4.66531719212071e-06, 9.591865818947554e-06, 8.961654202721547e-06, 2.0731447420985205e-06, 3.33454613610229e-06, 6.6139841692347545e-06, 2.105739440594334e-06, 4.056056241097394e-06, 5.597208200924797e-06, 6.183375717228046e-06, 6.766548722225707e-06, 2.8471356472437037e-06, 3.462775339357904e-06, 1.0737148841144517e-06, 9.477878393227002e-07, 6.181976459629368e-07, 7.115430094017938e-07, 6.083785137889208e-07, 7.255403602357546e-07, 7.921070732663793e-07, 1.7269429690713878e-06, 1.5415082543768222e-06, 2.4933945041993866e-06, 1.610013441677438e-06, 1.6562538576181396e-06, 1.5173048950600787e-06, 1.785883341653971e-06, 1.583861944709497e-06, 1.4221405990610947e-06, 1.0099739711222355e-06, 1.740429638630303e-06, 6.739760465279687e-06, 4.845163857680745e-06, 6.536718501592986e-06, 8.226397767430171e-06, 9.916750059346668e-06, 6.848104021628387e-06, 4.2090068745892495e-06, 3.2700568226573523e-06, 2.6423936105857138e-06, 1.4296247172751464e-06, 1.513621214144223e-06, 8.710285896995629e-07, 7.544066988884879e-07, 7.918779942883702e-07, 3.0106423309916863e-07, 8.132426501106238e-07, 8.927356134336151e-07, 1.6594381122558843e-06, 1.5225842844301951e-06, 1.2586149296112126e-06, 1.7272210470764549e-06, 8.382212399737909e-07, 3.1557584634356317e-07, 1.0824047436130968e-08, 7.734574265783056e-12, 7.184745853816565e-12, 7.028422982502391e-12, 6.886512627507502e-12, 6.768006727969622e-12, 6.665370078789978e-12, 6.586039005829214e-12, 6.5290004305773586e-12, 6.493687965819506e-12], "lowlevel.mfcc.mean": [-713.2299194335938, 145.0975341796875, 21.434965133666992, 7.91502571105957, 2.419900417327881, -0.6207921504974365, 14.830522537231445, -21.00718879699707, 6.2729949951171875, -1.3810659646987915, 3.3685123920440674, 1.711986780166626, -7.154223442077637], "lowlevel.spectral_contrast_coeffs.mean": [-0.6594771146774292, -0.6406477689743042, -0.7165942192077637, -0.7532743811607361, -0.7935713529586792, -0.7486194968223572], "lowlevel.spectral_contrast_coeffs.stdev": [0.08100652694702148, 0.09184646606445312, 0.08433821052312851, 0.06878640502691269, 0.049647778272628784, 0.043538134545087814], "lowlevel.spectral_contrast_valleys.mean": [-7.379284381866455, -7.535860061645508, -8.267558097839355, -8.663936614990234, -8.752245903015137, -11.404223442077637], "lowlevel.spectral_contrast_valleys.stdev": [0.8783583641052246, 0.7401665449142456, 0.7223522663116455, 0.6780866384506226, 0.7585002779960632, 0.8854929208755493], "rhythm.beats_loudness_band_ratio.mean": [0.7038456797599792, 0.11799589544534683, 0.12600484490394592, 0.04626346006989479, 0.016421062871813774, 0.004757361952215433], "rhythm.beats_loudness_band_ratio.stdev": [0.22435574233531952, 0.15374717116355896, 0.13258753716945648, 0.06974813342094421, 0.025739973410964012, 0.004842396825551987], "tonal.hpcp.mean": [0.10076987743377686, 0.0801989808678627, 0.10691142082214355, 0.32716694474220276, 0.29445940256118774, 0.057891737669706345, 0.014507906511425972, 0.015144304372370243, 0.056001946330070496, 0.1272890716791153, 0.0933723971247673, 0.02264855057001114, 0.01562899351119995, 0.014048065058887005, 0.03492093086242676, 0.08151009678840637, 0.07012055069208145, 0.021445386111736298, 0.012230671010911465, 0.012288653291761875, 0.017499616369605064, 0.02546888031065464, 0.026747412979602814, 0.21796603500843048, 0.552737832069397, 0.3902592658996582, 0.05303433537483215, 0.018921611830592155, 0.018398448824882507, 0.03292839601635933, 0.05159584805369377, 0.038036689162254333, 0.021302437409758568, 0.023621374741196632, 0.025838341563940048, 0.059244148433208466], "tonal.hpcp.stdev": [0.2348957508802414, 0.19436216354370117, 0.20301833748817444, 0.3985004425048828, 0.3731878995895386, 0.13835251331329346, 0.07649160921573639, 0.08828882873058319, 0.1652413159608841, 0.24576500058174133, 0.18734210729599, 0.09812439978122711, 0.08286828547716141, 0.07728981226682663, 0.11832564324140549, 0.2139761596918106, 0.1900968849658966, 0.08731160312891006, 0.06504166126251221, 0.07839041203260422, 0.07532816380262375, 0.10769813507795334, 0.09902431815862656, 0.2403983473777771, 0.42561012506484985, 0.33210840821266174, 0.1448267549276352, 0.09317587316036224, 0.09429028630256653, 0.11639434844255447, 0.17357510328292847, 0.13611280918121338, 0.1006261333823204, 0.11069415509700775, 0.11583425849676132, 0.15998882055282593], "rhythm.beats_position": [0.6617686748504639, 1.3583673238754272, 2.0201361179351807, 2.670294761657715, 3.2972335815429688, 3.9241721630096436, 4.551111221313477, 5.201269626617432, 5.8282084465026855, 6.466757297515869, 7.105306148529053, 7.743854522705078, 8.382403373718262, 9.009342193603516, 9.63628101348877, 10.263219833374023, 10.901768684387207, 11.54031753540039, 12.178866386413574, 12.817414283752441, 13.432743072509766, 14.07129192352295, 14.698230743408203, 15.325169563293457, 15.96371841430664, 16.59065818786621, 17.229206085205078, 17.867753982543945, 18.494693756103516, 19.133241653442383, 19.771791458129883, 20.41033935546875, 21.04888916015625, 21.687437057495117, 22.314376831054688, 22.941314697265625, 23.568254470825195, 24.206802368164062, 24.84535026550293, 25.48390007019043, 26.122447967529297, 26.749387741088867, 27.376325607299805, 28.014875411987305, 28.653423309326172], "rhythm.bpm_histogram": [0.0, 0.0, 0.0, 0.0, 0.0, 0.0, 0.0, 0.0, 0.0, 0.0, 0.0, 0.0, 0.0, 0.0, 0.0, 0.0, 0.0, 0.0, 0.0, 0.0, 0.0, 0.0, 0.0, 0.0, 0.0, 0.0, 0.0, 0.0, 0.0, 0.0, 0.0, 0.0, 0.0, 0.0, 0.0, 0.0, 0.0, 0.0, 0.0, 0.0, 0.0, 0.0, 0.0, 0.0, 0.0, 0.0, 0.0, 0.0, 0.0, 0.0, 0.0, 0.0, 0.0, 0.0, 0.0, 0.0, 0.0, 0.0, 0.0, 0.0, 0.0, 0.0, 0.0, 0.0, 0.0, 0.0, 0.0, 0.0, 0.0, 0.0, 0.0, 0.0, 0.0, 0.0, 0.0, 0.0, 0.0, 0.0, 0.0, 0.0, 0.0, 0.0, 0.0, 0.0, 0.0, 0.0, 0.022727273404598236, 0.0, 0.0, 0.0, 0.0, 0.022727273404598236, 0.04545454680919647, 0.0, 0.5227272510528564, 0.0, 0.3636363744735718, 0.0, 0.022727273404598236, 0.0, 0.0, 0.0, 0.0, 0.0, 0.0, 0.0, 0.0, 0.0, 0.0, 0.0, 0.0, 0.0, 0.0, 0.0, 0.0, 0.0, 0.0, 0.0, 0.0, 0.0, 0.0, 0.0, 0.0, 0.0, 0.0, 0.0, 0.0, 0.0, 0.0, 0.0, 0.0, 0.0, 0.0, 0.0, 0.0, 0.0, 0.0, 0.0, 0.0, 0.0, 0.0, 0.0, 0.0, 0.0, 0.0, 0.0, 0.0, 0.0, 0.0, 0.0, 0.0, 0.0, 0.0, 0.0, 0.0, 0.0, 0.0, 0.0, 0.0, 0.0, 0.0, 0.0, 0.0, 0.0, 0.0, 0.0, 0.0, 0.0, 0.0, 0.0, 0.0, 0.0, 0.0, 0.0, 0.0, 0.0, 0.0, 0.0, 0.0, 0.0, 0.0, 0.0, 0.0, 0.0, 0.0, 0.0, 0.0, 0.0, 0.0, 0.0, 0.0, 0.0, 0.0, 0.0, 0.0, 0.0, 0.0, 0.0, 0.0, 0.0, 0.0, 0.0, 0.0, 0.0, 0.0, 0.0, 0.0, 0.0, 0.0, 0.0, 0.0, 0.0, 0.0, 0.0, 0.0, 0.0, 0.0, 0.0, 0.0, 0.0, 0.0, 0.0, 0.0, 0.0, 0.0, 0.0, 0.0, 0.0, 0.0, 0.0, 0.0, 0.0, 0.0, 0.0, 0.0, 0.0, 0.0, 0.0, 0.0, 0.0, 0.0, 0.0, 0.0, 0.0, 0.0, 0.0, 0.0, 0.0, 0.0, 0.0], "tonal.chords_histogram": [18.022329330444336, 0.0, 2.7113237380981445, 0.0, 0.0, 0.0, 0.0, 49.44178771972656, 7.017543792724609, 22.807018280029297, 0.0, 0.0, 0.0, 0.0, 0.0, 0.0, 0.0, 0.0, 0.0, 0.0, 0.0, 0.0, 0.0, 0.0], "tonal.thpcp": [1.0, 0.7060476541519165, 0.09594844281673431, 0.034232527017593384, 0.03328603133559227, 0.05957326292991638, 0.09334596991539001, 0.06881506741046906, 0.03853985667228699, 0.04273522272706032, 0.04674610495567322, 0.10718309134244919, 0.18231044709682465, 0.14509406685829163, 0.19342157244682312, 0.5919025540351868, 0.5327288508415222, 0.1047363430261612, 0.026247356086969376, 0.027398711070418358, 0.1013173758983612, 0.2302883267402649, 0.16892710328102112, 0.040975213050842285, 0.02827559970319271, 0.02541542239487171, 0.06317810714244843, 0.14746610820293427, 0.12686040997505188, 0.03879847750067711, 0.022127436473965645, 0.022232336923480034, 0.03165988624095917, 0.04607768729329109, 0.04839077591896057, 0.3943389058113098], "lowlevel.gfcc.cov": [[4766.802734375, 154.45291137695312, -119.95328521728516, -27.955053329467773, 155.07655334472656, -42.611759185791016, 27.30862808227539, 350.3863220214844, -83.94522857666016, -111.50143432617188, 155.37583923339844, -164.39820861816406, 44.91703414916992], [154.45291137695312, 1239.0501708984375, 45.126277923583984, 187.48951721191406, 307.2213134765625, -47.18367004394531, 268.3658752441406, -23.878541946411133, 90.34359741210938, 20.62738609313965, 85.27367401123047, -145.97349548339844, 45.05776596069336], [-119.95328521728516, 45.126277923583984, 896.6923217773438, 359.1247253417969, 90.21928405761719, 214.58624267578125, 34.6008186340332, 25.419998168945312, 195.12461853027344, 21.39516830444336, -46.71028518676758, 82.27826690673828, -105.52537536621094], [-27.955053329467773, 187.48951721191406, 359.1247253417969, 464.7084655761719, 185.16305541992188, 52.15442657470703, 49.278526306152344, 56.46453094482422, 176.72906494140625, 9.544203758239746, -35.86666488647461, 45.948848724365234, -9.274202346801758], [155.07655334472656, 307.2213134765625, 90.21928405761719, 185.16305541992188, 291.1127624511719, 50.066062927246094, 98.8040771484375, 75.5848617553711, 99.68651580810547, 17.6743221282959, 7.208161354064941, -23.386354446411133, 45.45180892944336], [-42.611759185791016, -47.18367004394531, 214.58624267578125, 52.15442657470703, 50.066062927246094, 324.42919921875, 192.2725830078125, 23.09830093383789, 35.9717903137207, 31.160322189331055, 7.727578163146973, -12.21763801574707, -54.109493255615234], [27.30862808227539, 268.3658752441406, 34.6008186340332, 49.278526306152344, 98.8040771484375, 192.2725830078125, 330.65478515625, 58.42695999145508, 8.390348434448242, 25.857975006103516, 46.03664779663086, -57.511898040771484, -19.038869857788086], [350.3863220214844, -23.878541946411133, 25.419998168945312, 56.46453094482422, 75.5848617553711, 23.09830093383789, 58.42695999145508, 189.5554962158203, 54.29219436645508, -13.439064979553223, -5.750532150268555, -10.53754997253418, 25.12028694152832], [-83.94522857666016, 90.34359741210938, 195.12461853027344, 176.72906494140625, 99.68651580810547, 35.9717903137207, 8.390348434448242, 54.29219436645508, 228.58013916015625, 44.117225646972656, -41.21241760253906, 30.80614471435547, 19.540803909301758], [-111.50143432617188, 20.62738609313965, 21.39516830444336, 9.544203758239746, 17.6743221282959, 31.160322189331055, 25.857975006103516, -13.439064979553223, 44.117225646972656, 116.76207733154297, 39.4766731262207, 4.520742893218994, 16.38775062561035], [155.37583923339844, 85.27367401123047, -46.71028518676758, -35.86666488647461, 7.208161354064941, 7.727578163146973, 46.03664779663086, -5.750532150268555, -41.21241760253906, 39.4766731262207, 193.369384765625, 23.176498413085938, 24.34899139404297], [-164.39820861816406, -145.97349548339844, 82.27826690673828, 45.948848724365234, -23.386354446411133, -12.21763801574707, -57.511898040771484, -10.53754997253418, 30.80614471435547, 4.520742893218994, 23.176498413085938, 135.53053283691406, 16.786890029907227], [44.91703414916992, 45.05776596069336, -105.52537536621094, -9.274202346801758, 45.45180892944336, -54.109493255615234, -19.038869857788086, 25.12028694152832, 19.540803909301758, 16.38775062561035, 24.34899139404297, 16.786890029907227, 113.73377227783203]], "lowlevel.gfcc.icov": [[0.0002877114457078278, -4.2122817831113935e-05, -1.5278199498425238e-05, -8.607426934759133e-06, -4.671900023822673e-05, -8.829548460198566e-05, 0.00028273530188016593, -0.0006051508826203644, 0.00014508955064229667, 0.0002358574711252004, -0.00036311664734967053, 0.0003931511892005801, 6.634023520746268e-06], [-4.2122817831113935e-05, 0.0025763034354895353, -0.0007154869381338358, 8.84842302184552e-05, -0.0019339589634910226, 0.0027706751134246588, -0.002968105487525463, 0.0024358935188502073, -0.0012453331146389246, 0.0009910902008414268, -0.0012055484112352133, 0.0025101632345467806, -0.000645724474452436], [-1.5278199498425238e-05, -0.0007154869381338358, 0.0027105703484266996, -0.0014376010512933135, 0.000620177248492837, -0.0023150385823100805, 0.0016477343160659075, -0.0006692595779895782, -0.0006125678773969412, -0.0002607024507597089, 0.0002188223588746041, -0.0015497038839384913, 0.002086311811581254], [-8.607426934759133e-06, 8.84842302184552e-05, -0.0014376010512933135, 0.004906051326543093, -0.002373954514041543, 0.00128318986389786, -0.0009412379586137831, 0.00023314803547691554, -0.001741187646985054, 0.0005736657767556608, 0.000361345533747226, -0.001152033219113946, 0.0006938680890016258], [-4.671900023822673e-05, -0.0019339589634910226, 0.000620177248492837, -0.002373954514041543, 0.007893405854701996, -0.00241510896012187, 0.0011795689351856709, -0.002421760931611061, -0.00010244148143101484, -0.00048083989531733096, 0.00042801114614121616, 1.0019660294346977e-05, -0.0024108828511089087], [-8.829548460198566e-05, 0.0027706751134246588, -0.0023150385823100805, 0.00128318986389786, -0.00241510896012187, 0.009456438012421131, -0.006975099444389343, 0.0028097922913730145, -0.0014249972300603986, 4.327676651882939e-05, -0.0006388709298335016, 0.001890987390652299, 0.0006660520448349416], [0.00028273530188016593, -0.002968105487525463, 0.0016477343160659075, -0.0009412379586137831, 0.0011795689351856709, -0.006975099444389343, 0.009932378306984901, -0.004408303182572126, 0.0020037887152284384, -0.0012545977951958776, -0.00037212567985989153, -0.000607770518399775, 0.0013686298625543714], [-0.0006051508826203644, 0.0024358935188502073, -0.0006692595779895782, 0.00023314803547691554, -0.002421760931611061, 0.0028097922913730145, -0.004408303182572126, 0.010100667364895344, -0.0030525322072207928, 0.002375807613134384, -0.0004930769209749997, 0.0019118757918477058, -0.001986750168725848], [0.00014508955064229667, -0.0012453331146389246, -0.0006125678773969412, -0.001741187646985054, -0.00010244148143101484, -0.0014249972300603986, 0.0020037887152284384, -0.0030525322072207928, 0.009326259605586529, -0.003957004752010107, 0.002644325839355588, -0.0020276224240660667, -0.0012006936594843864], [0.0002358574711252004, 0.0009910902008414268, -0.0002607024507597089, 0.0005736657767556608, -0.00048083989531733096, 4.327676651882939e-05, -0.0012545977951958776, 0.002375807613134384, -0.003957004752010107, 0.012093083001673222, -0.0035448921844363213, 0.002220040187239647, -0.001834279508329928], [-0.00036311664734967053, -0.0012055484112352133, 0.0002188223588746041, 0.000361345533747226, 0.00042801114614121616, -0.0006388709298335016, -0.00037212567985989153, -0.0004930769209749997, 0.002644325839355588, -0.0035448921844363213, 0.008041773922741413, -0.003950867801904678, -0.0006569313700310886], [0.0003931511892005801, 0.0025101632345467806, -0.0015497038839384913, -0.001152033219113946, 1.0019660294346977e-05, 0.001890987390652299, -0.000607770518399775, 0.0019118757918477058, -0.0020276224240660667, 0.002220040187239647, -0.003950867801904678, 0.013439139351248741, -0.0034191585145890713], [6.634023520746268e-06, -0.000645724474452436, 0.002086311811581254, 0.0006938680890016258, -0.0024108828511089087, 0.0006660520448349416, 0.0013686298625543714, -0.001986750168725848, -0.0012006936594843864, -0.001834279508329928, -0.0006569313700310886, -0.0034191585145890713, 0.01410213764756918]], "lowlevel.mfcc.cov": [[4220.99658203125, 105.15144348144531, -310.4844665527344, 17.399166107177734, 181.62045288085938, -426.78594970703125, 319.3398742675781, 23.216083526611328, 30.889183044433594, 117.94361877441406, -5.141022682189941, -118.17127227783203, 144.22332763671875], [105.15144348144531, 990.930419921875, -115.15664672851562, 198.94508361816406, 44.06542205810547, 69.83141326904297, 195.31007385253906, -48.9718017578125, 88.65045166015625, 53.94782257080078, 37.0853157043457, 83.9449234008789, -15.65672779083252], [-310.4844665527344, -115.15664672851562, 768.51025390625, 104.10132598876953, 120.85050201416016, 255.6575927734375, -86.1966781616211, 176.20912170410156, 31.910598754882812, 22.446199417114258, 84.99951934814453, 108.72798156738281, 75.92830657958984], [17.399166107177734, 198.94508361816406, 104.10132598876953, 430.9696044921875, 192.20899963378906, 43.22711944580078, -63.18231964111328, 71.2358169555664, 125.85796356201172, -5.324584484100342, 9.47609806060791, 111.29815673828125, 22.957433700561523], [181.62045288085938, 44.06542205810547, 120.85050201416016, 192.20899963378906, 294.4405822753906, 10.83570384979248, -70.75310516357422, 49.88796615600586, 101.70165252685547, 15.978132247924805, 5.28750467300415, 48.52878189086914, 48.01892852783203], [-426.78594970703125, 69.83141326904297, 255.6575927734375, 43.22711944580078, 10.83570384979248, 351.9414367675781, 26.893978118896484, 98.41339111328125, 47.02399444580078, 67.38304901123047, 75.88101196289062, 43.487674713134766, 6.0505900382995605], [319.3398742675781, 195.31007385253906, -86.1966781616211, -63.18231964111328, -70.75310516357422, 26.893978118896484, 369.0495910644531, 23.371841430664062, -10.902406692504883, 69.06222534179688, 47.07200241088867, -0.6134730577468872, 26.435422897338867], [23.216083526611328, -48.9718017578125, 176.20912170410156, 71.2358169555664, 49.88796615600586, 98.41339111328125, 23.371841430664062, 225.59786987304688, 80.39740753173828, 36.135658264160156, 35.766563415527344, 45.255001068115234, 24.779512405395508], [30.889183044433594, 88.65045166015625, 31.910598754882812, 125.85796356201172, 101.70165252685547, 47.02399444580078, -10.902406692504883, 80.39740753173828, 242.92434692382812, 70.01634216308594, 24.880184173583984, 36.46792221069336, -5.366652011871338], [117.94361877441406, 53.94782257080078, 22.446199417114258, -5.324584484100342, 15.978132247924805, 67.38304901123047, 69.06222534179688, 36.135658264160156, 70.01634216308594, 159.84007263183594, 54.62728500366211, -7.1251420974731445, -1.1629704236984253], [-5.141022682189941, 37.0853157043457, 84.99951934814453, 9.47609806060791, 5.28750467300415, 75.88101196289062, 47.07200241088867, 35.766563415527344, 24.880184173583984, 54.62728500366211, 110.88915252685547, 30.819822311401367, 2.354008436203003], [-118.17127227783203, 83.9449234008789, 108.72798156738281, 111.29815673828125, 48.52878189086914, 43.487674713134766, -0.6134730577468872, 45.255001068115234, 36.46792221069336, -7.1251420974731445, 30.819822311401367, 154.0611572265625, 26.163835525512695], [144.22332763671875, -15.65672779083252, 75.92830657958984, 22.957433700561523, 48.01892852783203, 6.0505900382995605, 26.435422897338867, 24.779512405395508, -5.366652011871338, -1.1629704236984253, 2.354008436203003, 26.163835525512695, 133.5502471923828]], "lowlevel.mfcc.icov": [[0.0003540479519870132, -2.6046611310448498e-05, 1.8532216927269474e-05, -4.784553311765194e-05, -0.00026503438130021095, 0.0005432455218397081, -0.0002839180233422667, -0.00018931836530100554, 7.665230805287138e-05, -0.0002681007026694715, -0.0001352837134618312, 0.0003374128427822143, -0.0002886707370635122], [-2.6046611310448498e-05, 0.0015424538869410753, 0.0002347854751860723, -0.0007720369612798095, -1.0172617294301745e-05, -0.0004864507354795933, -0.000927444314584136, 0.0009045946062542498, -0.0003245767729822546, -6.213010055944324e-05, 6.591499550268054e-05, -0.0005962419672869146, 0.00035168681642971933], [1.8532216927269474e-05, 0.0002347854751860723, 0.002488564234226942, 0.0001075788022717461, -0.0006752502522431314, -0.0013665496371686459, 0.0006632144213654101, -0.0010928181000053883, 0.0006219844217412174, 0.0001663054572418332, -0.0009272245806641877, -0.0008365179528482258, -0.0008429638692177832], [-4.784553311765194e-05, -0.0007720369612798095, 0.0001075788022717461, 0.004542380105704069, -0.002024604706093669, -0.00019288291514385492, 0.0006970781250856817, -0.0007122207898646593, -0.0008919670945033431, 0.0007836474687792361, 0.00028917513554915786, -0.0019121437799185514, 0.00019051485287491232], [-0.00026503438130021095, -1.0172617294301745e-05, -0.0006752502522431314, -0.002024604706093669, 0.006066454574465752, 0.00031411403324455023, 0.0009781927801668644, 0.00029196805553510785, -0.001435361453332007, -0.00043633763561956584, 0.00018109458324033767, 0.00020331837004050612, -0.0015308110741898417], [0.0005432455218397081, -0.0004864507354795933, -0.0013665496371686459, -0.00019288291514385492, 0.00031411403324455023, 0.005447608884423971, -0.0003702977846842259, -0.0011209157528355718, 1.4784838640480302e-05, -0.0014419876970350742, -0.0014602226438000798, 0.0007047518156468868, -3.636254041339271e-05], [-0.0002839180233422667, -0.000927444314584136, 0.0006632144213654101, 0.0006970781250856817, 0.0009781927801668644, -0.0003702977846842259, 0.004448206163942814, -0.0010956054320558906, 0.0005916361697018147, -0.0010725681204348803, -0.001090581645257771, -0.000313080963678658, -0.001216167933307588], [-0.00018931836530100554, 0.0009045946062542498, -0.0010928181000053883, -0.0007122207898646593, 0.00029196805553510785, -0.0011209157528355718, -0.0010956054320558906, 0.007107722572982311, -0.0020240996964275837, 7.864356302889064e-05, 0.00014006839774083346, -0.0007592255133204162, -3.626975740189664e-05], [7.665230805287138e-05, -0.0003245767729822546, 0.0006219844217412174, -0.0008919670945033431, -0.001435361453332007, 1.4784838640480302e-05, 0.0005916361697018147, -0.0020240996964275837, 0.006751589011400938, -0.002724893158301711, 9.04729895410128e-05, -0.00038790577673353255, 0.0007747337804175913], [-0.0002681007026694715, -6.213010055944324e-05, 0.0001663054572418332, 0.0007836474687792361, -0.00043633763561956584, -0.0014419876970350742, -0.0010725681204348803, 7.864356302889064e-05, -0.002724893158301711, 0.010021613910794258, -0.0034754634834825993, 0.0014260881580412388, 0.0002325626410311088], [-0.0001352837134618312, 6.591499550268054e-05, -0.0009272245806641877, 0.00028917513554915786, 0.00018109458324033767, -0.0014602226438000798, -0.001090581645257771, 0.00014006839774083346, 9.04729895410128e-05, -0.0034754634834825993, 0.013429010286927223, -0.0024288927670568228, 0.0010347130009904504], [0.0003374128427822143, -0.0005962419672869146, -0.0008365179528482258, -0.0019121437799185514, 0.00020331837004050612, 0.0007047518156468868, -0.000313080963678658, -0.0007592255133204162, -0.00038790577673353255, 0.0014260881580412388, -0.0024288927670568228, 0.009891770780086517, -0.0014304325450211763], [-0.0002886707370635122, 0.00035168681642971933, -0.0008429638692177832, 0.00019051485287491232, -0.0015308110741898417, -3.636254041339271e-05, -0.001216167933307588, -3.626975740189664e-05, 0.0007747337804175913, 0.0002325626410311088, 0.0010347130009904504, -0.0014304325450211763, 0.009381975047290325]], "metadata.audio_properties.analysis.downmix": "mix", "metadata.audio_properties.codec": "mp3", "metadata.audio_properties.md5_encoded": "377b64389a40534e40b41ad1e6f20c44", "metadata.tags.file_name": "1183663827192139776.mp3", "metadata.version.essentia": "2.1-beta6-dev", "metadata.version.essentia_git_sha": "v2.1_beta5-1110-g77a6a954", "metadata.version.extractor": "music 2.0", "tonal.chords_key": "Bb", "tonal.chords_scale": "major", "tonal.key_edma.key": "Bb", "tonal.key_edma.scale": "minor", "tonal.key_krumhansl.key": "Bb", "tonal.key_krumhansl.scale": "minor", "tonal.key_temperley.key": "Bb", "tonal.key_temperley.scale": "minor", "metadata.tags.encoding": ["Lavf58.45.100"]}, "essentia_models": [{"model_name": "genre_dortmund", "activations": {"alternative": "0.013866037", "blues": "0.012340452", "electronic": "0.0018415791", "folkcountry": "0.6986582", "funksoulrnb": "0.0065087494", "jazz": "0.11847493", "pop": "0.34826517", "raphiphop": "0.0046092677", "rock": "0.00450574"}}, {"model_name": "genre_rosamer