{"song_id": "1183702940830158898", "download": "https://cdn.discordapp.com/attachments/1128313332273782784/1183702940830158898/chirp.mp4?ex=65894c45&amp", "lyrics": "chanson\n\n[verse]\n\u0417\u0430\u0433\u0430\u0434\u043e\u0447\u043d\u0430\u044f \u0434\u0443\u0448\u0430 \u0443 \u043a\u043e\u0441\u0442\u0440\u0430 \u0433\u043e\u0440\u0438\u0442\n\u0412 \u043f\u0435\u0447\u0430\u043b\u0438 \u043c\u043e\u044f \u0433\u0438\u0442\u0430\u0440\u0430 \u043f\u043e\u044d\u0442\u0430\n\u041f\u043e \u0433\u0440\u0443\u0441\u0442\u043d\u044b\u043c \u0442\u0440\u043e\u043f\u0438\u043d\u043a\u0430\u043c \u043c\u0430\u043d\u0438\u0442 \u043e\u043d\u0430\n\u0422\u0443\u0434\u0430, \u0433\u0434\u0435 \u0437\u0430\u0436\u0438\u0433\u0430\u0435\u0442 \u0441\u043b\u0435\u0437\u044b \u0448\u0430\u043d\u0441\u043e\u043d\n\n[chorus]\n\u041e\u043e\u043e\u043e, \u0448\u0430\u043d\u0441\u043e\u043d \u043f\u0440\u043e\u0448\u0435\u043f\u0442\u0430\u043b \u0432 \u0437\u043d\u043e\u0439\u043d\u043e\u0439 \u0442\u0438\u0448\u0438\u043d\u0435\n\u041e\u043e\u043e\u043e, \u0441\u0435\u0440\u0434\u0446\u0435 \u0442\u0440\u0435\u0432\u043e\u0433\u043e\u0439 \u043e\u043a\u0443\u0442\u0430\u043b\u043e \u0441\u0435\u0431\u0435\n\u041e\u043e\u043e\u043e, \u0437\u0430\u0436\u0433\u043b\u0438 \u0432 \u0434\u0443\u0448\u0435 \u0442\u043e\u0441\u043a\u0443 \u0438 \u0441\u0432\u0435\u0442 \u0437\u0432\u0435\u0437\u0434\u044b\n\u041e\u043e\u043e\u043e, \u0448\u0430\u043d\u0441\u043e\u043d \u0433\u043e\u0440\u044c\u043a\u043e\u0439 \u0441\u043b\u0430\u0434\u043e\u0441\u0442\u044c\u044e \u043e\u0432\u0435\u044f\u043b", "style": ["new orleans dark rap"], "essentia_features": {"lowlevel.average_loudness": 0.9763628244400024, "lowlevel.barkbands_crest.mean": 13.288636207580566, "lowlevel.barkbands_crest.stdev": 6.019768238067627, "lowlevel.barkbands_flatness_db.mean": 0.15707652270793915, "lowlevel.barkbands_flatness_db.stdev": 0.07294059544801712, "lowlevel.barkbands_kurtosis.mean": 10.141261100769043, "lowlevel.barkbands_kurtosis.stdev": 25.828289031982422, "lowlevel.barkbands_skewness.mean": 2.0789308547973633, "lowlevel.barkbands_skewness.stdev": 2.3343746662139893, "lowlevel.barkbands_spread.mean": 25.507062911987305, "lowlevel.barkbands_spread.stdev": 15.878313064575195, "lowlevel.dissonance.mean": 0.4606699049472809, "lowlevel.dissonance.stdev": 0.034752435982227325, "lowlevel.dynamic_complexity": 3.2480406761169434, "lowlevel.erbbands_crest.mean": 9.728832244873047, "lowlevel.erbbands_crest.stdev": 4.834280014038086, "lowlevel.erbbands_flatness_db.mean": 0.1449584811925888, "lowlevel.erbbands_flatness_db.stdev": 0.057777684181928635, "lowlevel.erbbands_kurtosis.mean": 1.6748504638671875, "lowlevel.erbbands_kurtosis.stdev": 3.1927077770233154, "lowlevel.erbbands_skewness.mean": 0.13887548446655273, "lowlevel.erbbands_skewness.stdev": 0.7620887160301208, "lowlevel.erbbands_spread.mean": 39.990535736083984, "lowlevel.erbbands_spread.stdev": 25.92091941833496, "lowlevel.hfc.mean": 25.555152893066406, "lowlevel.hfc.stdev": 20.366592407226562, "lowlevel.loudness_ebu128.integrated": -19.374711990356445, "lowlevel.loudness_ebu128.loudness_range": 1.011331558227539, "lowlevel.loudness_ebu128.momentary.mean": -19.86136245727539, "lowlevel.loudness_ebu128.momentary.stdev": 2.7501111030578613, "lowlevel.loudness_ebu128.short_term.mean": -19.4588680267334, "lowlevel.loudness_ebu128.short_term.stdev": 0.35501229763031006, "lowlevel.melbands_crest.mean": 20.58907127380371, "lowlevel.melbands_crest.stdev": 7.900043964385986, "lowlevel.melbands_flatness_db.mean": 0.2264024317264557, "lowlevel.melbands_flatness_db.stdev": 0.08024124056100845, "lowlevel.melbands_kurtosis.mean": 37.004913330078125, "lowlevel.melbands_kurtosis.stdev": 80.60174560546875, "lowlevel.melbands_skewness.mean": 3.884732484817505, "lowlevel.melbands_skewness.stdev": 3.861844301223755, "lowlevel.melbands_spread.mean": 23.40096092224121, "lowlevel.melbands_spread.stdev": 16.286048889160156, "lowlevel.pitch_salience.mean": 0.4111666977405548, "lowlevel.pitch_salience.stdev": 0.16842982172966003, "lowlevel.silence_rate_20dB.mean": 1.0, "lowlevel.silence_rate_20dB.stdev": 0.0, "lowlevel.silence_rate_30dB.mean": 0.9727693796157837, "lowlevel.silence_rate_30dB.stdev": 0.16275478899478912, "lowlevel.silence_rate_60dB.mean": 0.02954808808863163, "lowlevel.silence_rate_60dB.stdev": 0.16933827102184296, "lowlevel.spectral_centroid.mean": 1487.0587158203125, "lowlevel.spectral_centroid.stdev": 572.879638671875, "lowlevel.spectral_complexity.mean": 13.959444046020508, "lowlevel.spectral_complexity.stdev": 8.243231773376465, "lowlevel.spectral_decrease.mean": -1.0334202826811634e-08, "lowlevel.spectral_decrease.stdev": 8.006792562298415e-09, "lowlevel.spectral_energy.mean": 0.041321564465761185, "lowlevel.spectral_energy.stdev": 0.031313877552747726, "lowlevel.spectral_energyband_high.mean": 0.0009798301616683602, "lowlevel.spectral_energyband_high.stdev": 0.001226255320943892, "lowlevel.spectral_energyband_low.mean": 0.02404092065989971, "lowlevel.spectral_energyband_low.stdev": 0.02434151992201805, "lowlevel.spectral_energyband_middle_high.mean": 0.008949732407927513, "lowlevel.spectral_energyband_middle_high.stdev": 0.010158146731555462, "lowlevel.spectral_energyband_middle_low.mean": 0.008885648101568222, "lowlevel.spectral_energyband_middle_low.stdev": 0.016927987337112427, "lowlevel.spectral_entropy.mean": 7.728147983551025, "lowlevel.spectral_entropy.stdev": 0.4643162786960602, "lowlevel.spectral_flux.mean": 0.10201679915189743, "lowlevel.spectral_flux.stdev": 0.07287872582674026, "lowlevel.spectral_kurtosis.mean": 3.788149833679199, "lowlevel.spectral_kurtosis.stdev": 2.5662035942077637, "lowlevel.spectral_rms.mean": 0.005838981829583645, "lowlevel.spectral_rms.stdev": 0.002493989886716008, "lowlevel.spectral_rolloff.mean": 1323.6346435546875, "lowlevel.spectral_rolloff.stdev": 1453.825927734375, "lowlevel.spectral_skewness.mean": 1.560727834701538, "lowlevel.spectral_skewness.stdev": 0.460950642824173, "lowlevel.spectral_spread.mean": 5655295.5, "lowlevel.spectral_spread.stdev": 1723347.0, "lowlevel.spectral_strongpeak.mean": 1.0082231760025024, "lowlevel.spectral_strongpeak.stdev": 1.5600521564483643, "lowlevel.zerocrossingrate.mean": 0.06014459580183029, "lowlevel.zerocrossingrate.stdev": 0.03696484491229057, "metadata.audio_properties.analysis.equal_loudness": 0.0, "metadata.audio_properties.analysis.length": 40.04265213012695, "metadata.audio_properties.analysis.sample_rate": 44100.0, "metadata.audio_properties.analysis.start_time": 0.0, "metadata.audio_properties.bit_rate": 119760.0, "metadata.audio_properties.length": 40.042667388916016, "metadata.audio_properties.lossless": 0.0, "metadata.audio_properties.number_channels": 1.0, "metadata.audio_properties.replay_gain": -6.788515090942383, "metadata.audio_properties.sample_rate": 48000.0, "rhythm.beats_count": 75.0, "rhythm.beats_loudness.mean": 0.0800611823797226, "rhythm.beats_loudness.stdev": 0.025667551904916763, "rhythm.bpm": 112.07006072998047, "rhythm.bpm_histogram_first_peak_bpm": 112.0, "rhythm.bpm_histogram_first_peak_weight": 0.11594200134277344, "rhythm.bpm_histogram_second_peak_bpm": 123.0, "rhythm.bpm_histogram_second_peak_spread": 0.25, "rhythm.bpm_histogram_second_peak_weight": 0.04054053872823715, "rhythm.danceability": 1.9170624017715454, "rhythm.onset_rate": 3.844769239425659, "tonal.chords_changes_rate": 0.07175926119089127, "tonal.chords_number_rate": 0.009259259328246117, "tonal.chords_strength.mean": 0.5390927195549011, "tonal.chords_strength.stdev": 0.10829618573188782, "tonal.hpcp_crest.mean": 13.78104305267334, "tonal.hpcp_crest.stdev": 6.115451812744141, "tonal.hpcp_entropy.mean": 1.9204024076461792, "tonal.hpcp_entropy.stdev": 0.7576592564582825, "tonal.key_edma.strength": 0.7236635088920593, "tonal.key_krumhansl.strength": 0.7361458539962769, "tonal.key_temperley.strength": 0.735238254070282, "tonal.tuning_diatonic_strength": 0.6211385726928711, "tonal.tuning_equal_tempered_deviation": 0.2620103359222412, "tonal.tuning_frequency": 434.193115234375, "tonal.tuning_nontempered_energy_ratio": 0.9525396823883057, "lowlevel.barkbands.mean": [0.0010322171729058027, 0.018363958224654198, 0.003355541732162237, 0.002546192379668355, 0.0018401991110295057, 0.0006902855820953846, 0.00031113409204408526, 0.0011481838300824165, 0.001876304391771555, 0.0009882311569526792, 0.0017938585951924324, 0.001699391519650817, 0.0017974073998630047, 0.001077278982847929, 0.0005018452648073435, 0.00025401823222637177, 0.0004554589104373008, 0.00038256976404227316, 0.0001665091112954542, 0.00013011647388339043, 0.0001277286501135677, 0.00016572077583987266, 0.0002142142620868981, 0.00015020475257188082, 0.00013406049401964992, 0.00011517231178004295, 3.7486906876438297e-06], "lowlevel.barkbands.stdev": [0.0020696998108178377, 0.022435558959841728, 0.00651999656111002, 0.01033777929842472, 0.00571761978790164, 0.001514726784080267, 0.0009192138095386326, 0.0024812277406454086, 0.004059812985360622, 0.0023793831933289766, 0.0041113924235105515, 0.004080649930983782, 0.00459287827834487, 0.002152711385861039, 0.0010023441864177585, 0.00046458482393063605, 0.0008569633937440813, 0.0005646342760883272, 0.00024429187760688365, 0.00018809427274391055, 0.000181551615241915, 0.0002553384692873806, 0.00033081381116062403, 0.00021947310597170144, 0.00020439516811165959, 0.00017656123964115977, 9.543332453176845e-06], "lowlevel.erbbands.mean": [0.7245952486991882, 3.309931516647339, 4.367739677429199, 6.4722185134887695, 7.6315693855285645, 5.276711940765381, 7.148286819458008, 4.228605270385742, 3.767367362976074, 10.246312141418457, 38.17793273925781, 39.65586471557617, 31.764558792114258, 45.436729431152344, 68.0393295288086, 74.99822998046875, 85.81379699707031, 70.3570785522461, 30.179956436157227, 19.891450881958008, 17.141963958740234, 23.8748836517334, 23.3076229095459, 12.454215049743652, 7.001579761505127, 6.010334014892578, 5.394463539123535, 5.058774948120117, 5.80540657043457, 7.106382846832275, 5.449023723602295, 3.427987575531006, 2.412770986557007, 1.5972756147384644, 0.8924294710159302, 0.48524877429008484, 0.21379677951335907, 0.03337513655424118, 0.0006961357430554926, 7.103315147105604e-05], "lowlevel.erbbands.stdev": [1.0362731218338013, 4.099782466888428, 7.288950443267822, 21.280132293701172, 31.774375915527344, 14.023796081542969, 16.462459564208984, 9.186095237731934, 10.829167366027832, 22.180540084838867, 84.84766387939453, 85.41419219970703, 74.21855926513672, 110.5057601928711, 161.1820068359375, 180.126953125, 199.98355102539062, 121.4704818725586, 49.85960006713867, 35.61063003540039, 28.652050018310547, 38.776153564453125, 34.27763366699219, 17.228836059570312, 9.136100769042969, 8.552483558654785, 7.7845354080200195, 7.322213172912598, 8.932961463928223, 11.837982177734375, 8.034218788146973, 5.082503795623779, 3.5969841480255127, 2.5773651599884033, 1.3480454683303833, 0.7494949102401733, 0.33643782138824463, 0.0569421723484993, 0.0012491161469370127, 5.640852032229304e-05], "lowlevel.gfcc.mean": [7.551525115966797, 61.92888259887695, -108.22404479980469, 29.47157859802246, -41.257625579833984, 44.181175231933594, -25.084211349487305, 21.622432708740234, -18.195966720581055, 8.154633522033691, -13.377620697021484, 9.025473594665527, -17.13687515258789], "lowlevel.melbands.mean": [0.005666816141456366, 0.002883490640670061, 0.0011693446431308985, 0.00043570302659645677, 0.0002459664538037032, 0.0001026006939355284, 5.858440272277221e-05, 0.0001239064586116001, 0.00035648755147121847, 0.00023979773686733097, 0.00014998209371697158, 0.0001676695392234251, 0.00021999295859131962, 0.0001683106820564717, 0.00022895372239872813, 0.00017610790382605046, 0.00012686991249211133, 4.627238376997411e-05, 3.871500302921049e-05, 1.9896546291420236e-05, 2.0134972146479413e-05, 2.5740380806382746e-05, 2.420933378743939e-05, 1.6391899407608435e-05, 9.541029612591956e-06, 5.302665613271529e-06, 4.405854269862175e-06, 3.894584551744629e-06, 3.374284460733179e-06, 3.1657120871386724e-06, 2.8491119792306563e-06, 3.3249659736611648e-06, 3.228861032766872e-06, 4.340519353718264e-06, 3.2977307000692235e-06, 2.4568460048612906e-06, 1.9622511899797246e-06, 1.747359874570975e-06, 1.4889702697473695e-06, 1.300541271120892e-06], "lowlevel.melbands.stdev": [0.00736888125538826, 0.0036108640488237143, 0.0039254119619727135, 0.0015188180841505527, 0.0005417363718152046, 0.0002202734031016007, 0.00017420420772396028, 0.0002714463334996253, 0.0008211518288590014, 0.0005489187897183001, 0.0003748496528714895, 0.0004308756906539202, 0.0005075322696939111, 0.00037275886279530823, 0.0005768476985394955, 0.0005359603674151003, 0.00024369574384763837, 8.63325985847041e-05, 8.526479359716177e-05, 3.853305315715261e-05, 3.887543425662443e-05, 4.639287362806499e-05, 4.367493238532916e-05, 2.2555317627848126e-05, 1.4815145732427482e-05, 7.484279194613919e-06, 6.193018634803593e-06, 5.947785666648997e-06, 5.311906079441542e-06, 4.594860911311116e-06, 4.367764177004574e-06, 5.252577011560788e-06, 5.274776412989013e-06, 7.601112884003669e-06, 4.970755071553867e-06, 3.6962330796086462e-06, 3.0434005111601437e-06, 2.66432198259281e-06, 2.402697646175511e-06, 2.179911007260671e-06], "lowlevel.melbands128.mean": [0.0009660854120738804, 0.006232953630387783, 0.007655962370336056, 0.004693802446126938, 0.0025379229336977005, 0.0014901160029694438, 0.0013201701221987605, 0.0012255898909643292, 0.0007622413104400039, 0.0003431164368521422, 0.0002604865876492113, 0.0002638852456584573, 0.0002720854536164552, 0.0001960420049726963, 8.432108006672934e-05, 6.412550283130258e-05, 5.548040280700661e-05, 5.151747973286547e-05, 7.049676059978083e-05, 0.0001096401028917171, 0.00014515905058942735, 0.00017419994401279837, 0.0004749066720250994, 0.0004545648698695004, 0.00019138386414851993, 0.0002324762608623132, 0.00011659006850095466, 0.00020652275998145342, 8.78601786098443e-05, 0.00010554465552559122, 0.00023227375640999526, 0.00022849305241834372, 0.0001540810044389218, 0.0003369151090737432, 0.0001075023174053058, 0.0001305887708440423, 0.00020898111688438803, 0.00031968223629519343, 0.00016035039152484387, 0.00016960789798758924, 0.00022787197667639703, 9.470792429056019e-05, 0.00013841039617545903, 0.0001566314895171672, 3.596670285332948e-05, 3.3540938602527604e-05, 3.919722803402692e-05, 5.673776104231365e-05, 2.6784780857269652e-05, 1.5467017874470912e-05, 2.3034624973661266e-05, 2.0913590560667217e-05, 1.2975030585948844e-05, 2.2438780433731154e-05, 3.103367635048926e-05, 2.5849774829111993e-05, 2.018889608734753e-05, 2.528280674596317e-05, 2.4440822016913444e-05, 2.637167926877737e-05, 1.4409569303097669e-05, 9.486472663411405e-06, 1.5025838365545496e-05, 7.644690413144417e-06, 4.772684405907057e-06, 6.108964953455143e-06, 4.723155143437907e-06, 4.476099093153607e-06, 4.4918906496604905e-06, 4.129019089305075e-06, 3.7610504932672484e-06, 3.8960511119512375e-06, 3.7853735648241127e-06, 3.0638327643828234e-06, 3.0598289413319435e-06, 3.58757347385108e-06, 3.1019269499665825e-06, 2.5332526547572343e-06, 2.91245282824093e-06, 2.8168456083221827e-06, 3.7112099562364165e-06, 3.32496870214527e-06, 2.9342372727114707e-06, 3.0947733193897875e-06, 3.4976931146957213e-06, 4.369797807157738e-06, 4.7944158723112196e-06, 4.033139248349471e-06, 3.1770923669682816e-06, 2.822296892190934e-06, 2.6468169380677864e-06, 2.418747044430347e-06, 1.973716734937625e-06, 1.9660124053189065e-06, 1.9113203961751424e-06, 1.954299023054773e-06, 1.6667961517669028e-06, 1.5036612239782698e-06, 1.5695364936618716e-06, 1.4330992144095944e-06, 1.3631926094603841e-06, 1.3599563999378006e-06, 1.1194381386303576e-06, 9.897709105644026e-07, 9.810103165364126e-07, 9.891805348161142e-07, 9.624081940273754e-07, 8.60267675761861e-07, 7.657748142264609e-07, 8.778359870120767e-07, 7.656331035832409e-07, 7.599921900691697e-07, 6.689733709208667e-07, 6.654450999121764e-07, 5.621322429760767e-07, 4.0754179053692496e-07, 1.532225581968305e-07, 1.7486923908904828e-08, 7.048103212170531e-10, 2.9013458302529216e-10, 3.3364899731935793e-10, 2.650670134773936e-11, 5.9040094861628756e-12, 5.729197064680003e-12, 5.538500647689348e-12, 5.29261920748092e-12, 5.149879654664513e-12, 5.105527112192476e-12], "lowlevel.melbands128.stdev": [0.0017593977972865105, 0.009636498987674713, 0.010593940503895283, 0.006369485054165125, 0.004468510393053293, 0.003157480154186487, 0.0045354124158620834, 0.00528284627944231, 0.0034110331907868385, 0.0013170801103115082, 0.0007046997197903693, 0.0006979964673519135, 0.000692143861670047, 0.0005255424766801298, 0.00021710329747293144, 0.00020066164142917842, 0.00018468621419742703, 0.00021033392113167793, 0.000257766165304929, 0.00030558291473425925, 0.0003884657344315201, 0.0006041956366971135, 0.0012516867136582732, 0.0013040564954280853, 0.0005758327897638083, 0.0009302516118623316, 0.0003446599585004151, 0.0006687708664685488, 0.0003357450186740607, 0.0004022007342427969, 0.0007130226003937423, 0.0008409271249547601, 0.0005429532029666007, 0.0010906714014708996, 0.0004050866118632257, 0.00045876295189373195, 0.0008632662356831133, 0.0010419324971735477, 0.0005709934048354626, 0.0006272749742493033, 0.0009183902875520289, 0.0003437985142227262, 0.00031261733965948224, 0.00041072789463214576, 0.0001371332909911871, 0.00010202867997577414, 0.00012018310371786356, 0.00017093861242756248, 6.945369386812672e-05, 4.760595038533211e-05, 6.342038977891207e-05, 4.796421490027569e-05, 3.3137421269202605e-05, 5.8052963140653446e-05, 9.798608516575769e-05, 6.232890154933557e-05, 3.885856131091714e-05, 6.990037945797667e-05, 6.241293158382177e-05, 5.028829400544055e-05, 3.029361141670961e-05, 1.7272197510465048e-05, 2.7151658287039027e-05, 1.7259952073800378e-05, 8.374698154511862e-06, 1.0193527486990206e-05, 8.405125299759675e-06, 7.946206096676178e-06, 7.827515219105408e-06, 8.180258191714529e-06, 6.893565569043858e-06, 7.892328540037852e-06, 7.889133485150523e-06, 5.515010343515314e-06, 4.8404012886749115e-06, 5.6924327509477735e-06, 5.768038136011455e-06, 4.324160727264825e-06, 5.2009440878464375e-06, 4.969016572431428e-06, 7.077676400513155e-06, 5.843648068548646e-06, 5.323626282915939e-06, 5.81945778321824e-06, 5.96356676396681e-06, 8.834399523038883e-06, 9.65807066677371e-06, 6.6624247665458824e-06, 5.25877976542688e-06, 4.844367595069343e-06, 4.2862170630542096e-06, 3.952691258746199e-06, 3.4630304526217515e-06, 3.295013584647677e-06, 3.4019954000541475e-06, 3.2622374419588596e-06, 2.8176179966976633e-06, 2.695933972063358e-06, 2.7250823677604785e-06, 2.6215177513222443e-06, 2.545858706071158e-06, 2.3970667371031595e-06, 2.0769300590472994e-06, 1.8095563518727431e-06, 1.7268973806494614e-06, 1.6985005686365184e-06, 1.5566956790280528e-06, 1.4153864640320535e-06, 1.3556640396927833e-06, 1.640027448956971e-06, 1.4229281077859923e-06, 1.313239863520721e-06, 1.1067853620261303e-06, 1.1734591680578887e-06, 9.91773845271382e-07, 7.583989258819201e-07, 3.5280362453704583e-07, 9.065249173545453e-08, 1.2843620389446642e-08, 1.1347021100505117e-08, 1.3477787774718308e-08, 7.332109919211405e-10, 8.718734935408978e-12, 8.315887908838526e-12, 8.17748993520162e-12, 8.067304636816264e-12, 7.988258492186429e-12, 7.939901340570099e-12], "lowlevel.mfcc.mean": [-641.79296875, 97.83573150634766, 1.564150333404541, 7.313512802124023, 15.16624641418457, 21.935823440551758, 12.78913688659668, 21.679433822631836, 4.731831073760986, 6.824667453765869, 10.893135070800781, 7.96129846572876, -0.271907776594162], "lowlevel.spectral_contrast_coeffs.mean": [-0.7128762602806091, -0.7421305179595947, -0.7322133183479309, -0.7639532089233398, -0.7836373448371887, -0.7681980133056641], "lowlevel.spectral_contrast_coeffs.stdev": [0.07980369031429291, 0.09563042968511581, 0.10256147384643555, 0.07768718898296356, 0.05857056751847267, 0.04179823771119118], "lowlevel.spectral_contrast_valleys.mean": [-7.02786922454834, -7.412126541137695, -7.506500244140625, -7.655925750732422, -7.711980819702148, -9.94472885131836], "lowlevel.spectral_contrast_valleys.stdev": [0.881761908531189, 0.8459053039550781, 0.8114860653877258, 0.7326163053512573, 0.7566947340965271, 0.8874256014823914], "rhythm.beats_loudness_band_ratio.mean": [0.72383713722229, 0.03631124645471573, 0.06191343441605568, 0.1231708899140358, 0.04046200215816498, 0.03134697303175926], "rhythm.beats_loudness_band_ratio.stdev": [0.21415522694587708, 0.03751621022820473, 0.07459960132837296, 0.15628363192081451, 0.03581487387418747, 0.035116150975227356], "tonal.hpcp.mean": [0.06441190838813782, 0.06554605066776276, 0.0636608898639679, 0.08504240959882736, 0.09813285619020462, 0.06130128726363182, 0.040380336344242096, 0.043952710926532745, 0.056211039423942566, 0.16370859742164612, 0.18951211869716644, 0.07890021055936813, 0.032716769725084305, 0.03574303537607193, 0.044101785868406296, 0.08035093545913696, 0.0999656692147255, 0.07664740830659866, 0.12497416138648987, 0.15856130421161652, 0.09359946101903915, 0.05633145198225975, 0.051383040845394135, 0.053488168865442276, 0.09617342054843903, 0.1187569722533226, 0.08827853202819824, 0.06837636232376099, 0.07868046313524246, 0.09512060880661011, 0.2293122261762619, 0.2732449173927307, 0.14411313831806183, 0.12181088328361511, 0.1474762260913849, 0.10620061308145523], "tonal.hpcp.stdev": [0.1760200411081314, 0.18475797772407532, 0.18056152760982513, 0.2014385163784027, 0.21801011264324188, 0.1526631861925125, 0.13976140320301056, 0.14993470907211304, 0.15741509199142456, 0.2893289625644684, 0.3229510486125946, 0.16063682734966278, 0.10536663234233856, 0.12591691315174103, 0.1360645741224289, 0.19225981831550598, 0.21805340051651, 0.17984668910503387, 0.2418091893196106, 0.30162733793258667, 0.20209597051143646, 0.1607077717781067, 0.14834986627101898, 0.15721280872821808, 0.22020038962364197, 0.25140273571014404, 0.20463068783283234, 0.18289656937122345, 0.21358396112918854, 0.22517138719558716, 0.3238392174243927, 0.37549230456352234, 0.2484651803970337, 0.24412597715854645, 0.305966854095459, 0.23681524395942688], "rhythm.beats_position": [0.4760090708732605, 0.9636281132698059, 1.4512470960617065, 1.9504761695861816, 2.4380950927734375, 2.9489340782165527, 3.4829931259155273, 4.017052173614502, 4.551111221313477, 5.085169792175293, 5.619228839874268, 6.153287887573242, 6.687346935272217, 7.221405982971191, 7.755464553833008, 8.28952407836914, 8.823582649230957, 9.369251251220703, 9.914920806884766, 10.448979377746582, 10.983037948608398, 11.517097473144531, 12.051156044006348, 12.58521556854248, 13.119274139404297, 13.653332710266113, 14.187392234802246, 14.721450805664062, 15.255510330200195, 15.789568901062012, 16.323627471923828, 16.85768699645996, 17.391746520996094, 17.925804138183594, 18.459863662719727, 19.00553321838379, 19.55120086669922, 20.08526039123535, 20.619319915771484, 21.153377532958984, 21.687437057495117, 22.22149658203125, 22.75555419921875, 23.289613723754883, 23.823673248291016, 24.35773277282715, 24.89179039001465, 25.42584991455078, 25.959909439086914, 26.493967056274414, 27.028026580810547, 27.56208610534668, 28.09614372253418, 28.641813278198242, 29.187482833862305, 29.721542358398438, 30.255599975585938, 30.78965950012207, 31.323719024658203, 31.857776641845703, 32.3918342590332, 32.92589569091797, 33.45995330810547, 33.994014739990234, 34.528072357177734, 35.062129974365234, 35.59619140625, 36.1302490234375, 36.664306640625, 37.198368072509766, 37.732425689697266, 38.27809524536133, 38.82376480102539, 39.35782241821289, 39.89188003540039], "rhythm.bpm_histogram": [0.0, 0.0, 0.0, 0.0, 0.0, 0.0, 0.0, 0.0, 0.0, 0.0, 0.0, 0.0, 0.0, 0.0, 0.0, 0.0, 0.0, 0.0, 0.0, 0.0, 0.0, 0.0, 0.0, 0.0, 0.0, 0.0, 0.0, 0.0, 0.0, 0.0, 0.0, 0.0, 0.0, 0.0, 0.0, 0.0, 0.0, 0.0, 0.0, 0.0, 0.0, 0.0, 0.0, 0.0, 0.0, 0.0, 0.0, 0.0, 0.0, 0.0, 0.0, 0.0, 0.0, 0.0, 0.0, 0.0, 0.0, 0.0, 0.0, 0.0, 0.0, 0.0, 0.0, 0.0, 0.0, 0.0, 0.0, 0.0, 0.0, 0.0, 0.0, 0.0, 0.0, 0.0, 0.0, 0.0, 0.0, 0.0, 0.0, 0.0, 0.0, 0.0, 0.0, 0.0, 0.0, 0.0, 0.0, 0.0, 0.0, 0.0, 0.0, 0.0, 0.0, 0.0, 0.0, 0.0, 0.0, 0.0, 0.0, 0.0, 0.0, 0.0, 0.0, 0.0, 0.0, 0.0, 0.0, 0.0, 0.0, 0.0, 0.10810811072587967, 0.0, 0.8243243098258972, 0.0, 0.0, 0.0, 0.0, 0.013513513840734959, 0.0, 0.0, 0.013513513840734959, 0.0, 0.0, 0.04054053872823715, 0.0, 0.0, 0.0, 0.0, 0.0, 0.0, 0.0, 0.0, 0.0, 0.0, 0.0, 0.0, 0.0, 0.0, 0.0, 0.0, 0.0, 0.0, 0.0, 0.0, 0.0, 0.0, 0.0, 0.0, 0.0, 0.0, 0.0, 0.0, 0.0, 0.0, 0.0, 0.0, 0.0, 0.0, 0.0, 0.0, 0.0, 0.0, 0.0, 0.0, 0.0, 0.0, 0.0, 0.0, 0.0, 0.0, 0.0, 0.0, 0.0, 0.0, 0.0, 0.0, 0.0, 0.0, 0.0, 0.0, 0.0, 0.0, 0.0, 0.0, 0.0, 0.0, 0.0, 0.0, 0.0, 0.0, 0.0, 0.0, 0.0, 0.0, 0.0, 0.0, 0.0, 0.0, 0.0, 0.0, 0.0, 0.0, 0.0, 0.0, 0.0, 0.0, 0.0, 0.0, 0.0, 0.0, 0.0, 0.0, 0.0, 0.0, 0.0, 0.0, 0.0, 0.0, 0.0, 0.0, 0.0, 0.0, 0.0, 0.0, 0.0, 0.0, 0.0, 0.0, 0.0, 0.0, 0.0, 0.0, 0.0, 0.0, 0.0, 0.0, 0.0, 0.0, 0.0, 0.0, 0.0, 0.0, 0.0, 0.0, 0.0, 0.0, 0.0, 0.0, 0.0, 0.0], "tonal.chords_histogram": [54.86111068725586, 6.134259223937988, 4.513888835906982, 6.712963104248047, 0.0, 0.23148147761821747, 0.0, 5.55555534362793, 0.0, 0.8101851940155029, 0.0, 0.0, 0.0, 0.0, 0.0, 0.0, 0.0, 0.23148147761821747, 0.11574073880910873, 0.0, 0.0, 1.0416666269302368, 9.722222328186035, 10.06944465637207], "tonal.thpcp": [1.0, 0.5274137854576111, 0.4457937777042389, 0.5397217273712158, 0.3886645436286926, 0.23572957515716553, 0.23988021910190582, 0.23298105597496033, 0.31123143434524536, 0.3591388165950775, 0.22434556484222412, 0.14778074622154236, 0.16085463762283325, 0.20571668446063995, 0.5991277098655701, 0.6935613751411438, 0.2887527048587799, 0.11973422765731812, 0.13080951571464539, 0.1614001989364624, 0.29406195878982544, 0.3658463954925537, 0.2805080711841583, 0.45737048983573914, 0.5802900195121765, 0.34254786372184753, 0.2061573714017868, 0.18804755806922913, 0.19575174152851105, 0.35196784138679504, 0.4346173107624054, 0.3230747580528259, 0.2502383589744568, 0.28794848918914795, 0.34811481833457947, 0.8392186164855957], "lowlevel.gfcc.cov": [[6224.6962890625, -192.29847717285156, -59.51661682128906, -367.9360656738281, -119.13304138183594, -126.19656372070312, -240.07188415527344, -147.85565185546875, -303.7250061035156, -59.1064567565918, -297.8866882324219, 9.505202293395996, -311.7288818359375], [-192.29847717285156, 745.440673828125, -213.97413635253906, -169.75433349609375, 134.875, 3.943791151046753, 91.95609283447266, 3.809624433517456, 103.77790832519531, -42.657772064208984, 97.77765655517578, 18.163681030273438, 76.8577651977539], [-59.51661682128906, -213.97413635253906, 873.3535766601562, 212.6308135986328, 107.69208526611328, -36.512168884277344, -120.30267333984375, 16.482866287231445, -118.19872283935547, 8.548484802246094, -190.34400939941406, -22.120779037475586, -118.47409057617188], [-367.9360656738281, -169.75433349609375, 212.6308135986328, 596.821044921875, 161.8113555908203, 30.997201919555664, 6.004271984100342, 50.18818664550781, 103.8597640991211, 40.579307556152344, 25.698287963867188, -19.412185668945312, 83.30227661132812], [-119.13304138183594, 134.875, 107.69208526611328, 161.8113555908203, 361.98638916015625, 133.64540100097656, 116.66976165771484, 76.32501983642578, 89.35783386230469, 20.54039764404297, 27.242233276367188, 18.750389099121094, 15.261665344238281], [-126.19656372070312, 3.943791151046753, -36.512168884277344, 30.997201919555664, 133.64540100097656, 320.7127990722656, 248.3734588623047, 79.5762710571289, 61.97751235961914, 32.34618377685547, 104.74251556396484, 9.615351676940918, 37.49689483642578], [-240.07188415527344, 91.95609283447266, -120.30267333984375, 6.004271984100342, 116.66976165771484, 248.3734588623047, 321.5816345214844, 101.0222396850586, 86.85152435302734, 43.29690933227539, 127.22164916992188, 17.672632217407227, 52.98976135253906], [-147.85565185546875, 3.809624433517456, 16.482866287231445, 50.18818664550781, 76.32501983642578, 79.5762710571289, 101.0222396850586, 136.86151123046875, 102.94007873535156, 28.525924682617188, 35.77200698852539, 15.03815746307373, 23.35593032836914], [-303.7250061035156, 103.77790832519531, -118.19872283935547, 103.8597640991211, 89.35783386230469, 61.97751235961914, 86.85152435302734, 102.94007873535156, 210.9386749267578, 70.48656463623047, 83.07040405273438, 5.7845940589904785, 82.54629516601562], [-59.1064567565918, -42.657772064208984, 8.548484802246094, 40.579307556152344, 20.54039764404297, 32.34618377685547, 43.29690933227539, 28.525924682617188, 70.48656463623047, 117.0682144165039, 34.48189163208008, 4.252317905426025, 32.89178466796875], [-297.8866882324219, 97.77765655517578, -190.34400939941406, 25.698287963867188, 27.242233276367188, 104.74251556396484, 127.22164916992188, 35.77200698852539, 83.07040405273438, 34.48189163208008, 190.32911682128906, 64.4743423461914, 93.9068374633789], [9.505202293395996, 18.163681030273438, -22.120779037475586, -19.412185668945312, 18.750389099121094, 9.615351676940918, 17.672632217407227, 15.03815746307373, 5.7845940589904785, 4.252317905426025, 64.4743423461914, 94.64987182617188, 45.956077575683594], [-311.7288818359375, 76.8577651977539, -118.47409057617188, 83.30227661132812, 15.261665344238281, 37.49689483642578, 52.98976135253906, 23.35593032836914, 82.54629516601562, 32.89178466796875, 93.9068374633789, 45.956077575683594, 154.53582763671875]], "lowlevel.gfcc.icov": [[0.00022059436014387757, -0.00012000816786894575, 0.0002611290547065437, -0.00013991768355481327, 7.957415073178709e-05, -0.00030503913876600564, 0.0002043005806626752, -7.940157956909388e-05, 0.00029252824606373906, -0.00037342114956118166, 0.0006247847341001034, -0.0006603085203096271, 0.0005283106584101915], [-0.00012000816786894575, 0.0031792207155376673, -0.0008356957114301622, 0.002185588935390115, -0.0021293931640684605, 0.0023746995721012354, -0.001609921338967979, 0.0022676335647702217, -0.002798437373712659, 0.0030933034140616655, -0.0023817250039428473, 0.0025313119404017925, -0.0022677090018987656], [0.0002611290547065437, -0.0008356957114301622, 0.002942597260698676, -0.001750994473695755, 7.538349746027961e-05, -0.0015737509820610285, 0.001519442885182798, -0.0023836703039705753, 0.0031435678247362375, -0.002676967531442642, 0.003305977676063776, -0.002596969250589609, 0.002009797375649214], [-0.00013991768355481327, 0.002185588935390115, -0.001750994473695755, 0.004388507921248674, -0.002495301654562354, 0.002010614611208439, -0.0005306415841914713, 0.0015005917521193624, -0.002658204874023795, 0.002512929029762745, -0.003259415505453944, 0.0043463874608278275, -0.003790355985984206], [7.957415073178709e-05, -0.0021293931640684605, 7.538349746027961e-05, -0.002495301654562354, 0.00606914795935154, -0.002982174977660179, -0.0001501875085523352, -0.00041364398202858865, -0.000967805739492178, -0.0009958019945770502, 0.0032317768782377243, -0.004424935672432184, 0.002941627986729145], [-0.00030503913876600564, 0.0023746995721012354, -0.0015737509820610285, 0.002010614611208439, -0.002982174977660179, 0.010704074054956436, -0.007077659014612436, 0.0012110928073525429, -0.001159888575784862, 0.0026869240682572126, -0.004814632702618837, 0.0047345454804599285, -0.0025801644660532475], [0.0002043005806626752, -0.001609921338967979, 0.001519442885182798, -0.0005306415841914713, -0.0001501875085523352, -0.007077659014612436, 0.011706632561981678, -0.006346413865685463, 0.004198614042252302, -0.003420067485421896, -0.0018328404985368252, 0.0009294016635976732, 0.0006634925957769156], [-7.940157956909388e-05, 0.0022676335647702217, -0.0023836703039705753, 0.0015005917521193624, -0.00041364398202858865, 0.0012110928073525429, -0.006346413865685463, 0.019745787605643272, -0.013126122765243053, 0.004973622038960457, 0.0015864603919908404, -0.0037089467514306307, 0.0011062949197366834], [0.00029252824606373906, -0.002798437373712659, 0.0031435678247362375, -0.002658204874023795, -0.000967805739492178, -0.001159888575784862, 0.004198614042252302, -0.013126122765243053, 0.01901261694729328, -0.008784892968833447, -0.0010185121791437268, 0.0031345875468105078, -0.0018532240064814687], [-0.00037342114956118166, 0.0030933034140616655, -0.002676967531442642, 0.002512929029762745, -0.0009958019945770502, 0.0026869240682572126, -0.003420067485421896, 0.004973622038960457, -0.008784892968833447, 0.015400964766740799, -0.0035820368211716413, 0.0028972276486456394, -0.0031015174463391304], [0.0006247847341001034, -0.0023817250039428473, 0.003305977676063776, -0.003259415505453944, 0.0032317768782377243, -0.004814632702618837, -0.0018328404985368252, 0.0015864603919908404, -0.0010185121791437268, -0.0035820368211716413, 0.019059497863054276, -0.01309594139456749, 0.0015931706875562668], [-0.0006603085203096271, 0.0025313119404017925, -0.002596969250589609, 0.0043463874608278275, -0.004424935672432184, 0.0047345454804599285, 0.0009294016635976732, -0.0037089467514306307, 0.0031345875468105078, 0.0028972276486456394, -0.01309594139456749, 0.024169383570551872, -0.008915231563150883], [0.0005283106584101915, -0.0022677090018987656, 0.002009797375649214, -0.003790355985984206, 0.002941627986729145, -0.0025801644660532475, 0.0006634925957769156, 0.0011062949197366834, -0.0018532240064814687, -0.0031015174463391304, 0.0015931706875562668, -0.008915231563150883, 0.015522502362728119]], "lowlevel.mfcc.cov": [[5527.35400390625, 8.78941535949707, -251.32339477539062, -164.54891967773438, -130.83682250976562, -73.141845703125, -143.02720642089844, -108.27985382080078, -171.25709533691406, -154.66139221191406, -69.69817352294922, -136.71939086914062, -113.61272430419922], [8.78941535949707, 847.7146606445312, -184.99783325195312, -192.72401428222656, 1.4064127206802368, -13.943194389343262, 2.666879415512085, 65.31745147705078, -26.824718475341797, -37.56970977783203, 28.276880264282227, -0.6350255012512207, -63.064815521240234], [-251.32339477539062, -184.99783325195312, 550.396484375, 146.09571838378906, 82.99205780029297, -26.182476043701172, 1.9901694059371948, -68.20098114013672, 20.794557571411133, -12.221088409423828, -70.24024200439453, -40.808372497558594, 12.895891189575195], [-164.54891967773438, -192.72401428222656, 146.09571838378906, 431.3802185058594, 202.09414672851562, 14.827851295471191, -54.16645812988281, -36.18752670288086, 72.0750732421875, 47.06782531738281, -44.6013298034668, -7.429680824279785, 81.95492553710938], [-130.83682250976562, 1.4064127206802368, 82.99205780029297, 202.09414672851562, 283.2947998046875, 55.43703079223633, -13.29574966430664, 38.29157638549805, 64.36511993408203, 39.25062561035156, -2.7425854206085205, 2.522207260131836, 32.03236770629883], [-73.141845703125, -13.943194389343262, -26.182476043701172, 14.827851295471191, 55.43703079223633, 202.94369506835938, 149.83978271484375, 75.55742645263672, 53.032169342041016, 75.50653839111328, 50.851829528808594, 39.51576232910156, 35.72000503540039], [-143.02720642089844, 2.666879415512085, 1.9901694059371948, -54.16645812988281, -13.29574966430664, 149.83978271484375, 245.69149780273438, 129.37191772460938, 28.749649047851562, 49.18397521972656, 61.68031692504883, 42.33948516845703, 21.218717575073242], [-108.27985382080078, 65.31745147705078, -68.20098114013672, -36.18752670288086, 38.29157638549805, 75.55742645263672, 129.37191772460938, 205.9422149658203, 45.36196517944336, 40.18659591674805, 72.94807434082031, 54.877235412597656, 11.468064308166504], [-171.25709533691406, -26.824718475341797, 20.794557571411133, 72.0750732421875, 64.36511993408203, 53.032169342041016, 28.749649047851562, 45.36196517944336, 152.6421356201172, 96.70502471923828, 20.38067054748535, 29.12362289428711, 55.086856842041016], [-154.66139221191406, -37.56970977783203, -12.221088409423828, 47.06782531738281, 39.25062561035156, 75.50653839111328, 49.18397521972656, 40.18659591674805, 96.70502471923828, 154.28211975097656, 57.6316032409668, 28.515230178833008, 44.78475570678711], [-69.69817352294922, 28.276880264282227, -70.24024200439453, -44.6013298034668, -2.7425854206085205, 50.851829528808594, 61.68031692504883, 72.94807434082031, 20.38067054748535, 57.6316032409668, 113.71784210205078, 62.36600112915039, 6.003298282623291], [-136.71939086914062, -0.6350255012512207, -40.808372497558594, -7.429680824279785, 2.522207260131836, 39.51576232910156, 42.33948516845703, 54.877235412597656, 29.12362289428711, 28.515230178833008, 62.36600112915039, 98.10299682617188, 36.35794448852539], [-113.61272430419922, -63.064815521240234, 12.895891189575195, 81.95492553710938, 32.03236770629883, 35.72000503540039, 21.218717575073242, 11.468064308166504, 55.086856842041016, 44.78475570678711, 6.003298282623291, 36.35794448852539, 115.54630279541016]], "lowlevel.mfcc.icov": [[0.00020189431961625814, 3.6782057577511296e-05, 9.344655700260773e-05, 3.393424049136229e-05, 3.913620093953796e-05, -0.00014947877207305282, 0.00015298655489459634, -1.6522260921192355e-05, 6.55408002785407e-05, 0.000156278649228625, -7.915333844721317e-05, 0.0003077716683037579, 8.44871192384744e-06], [3.6782057577511296e-05, 0.0015090233646333218, 0.0004243315779604018, 0.0008120134007185698, -0.0007453504949808121, 0.00022492218704428524, 2.0165720343356952e-05, -0.00021985379862599075, -0.00018030969658866525, 0.00031792843947187066, -1.8242753867525607e-05, 0.00020703018526546657, 0.00029023655224591494], [9.344655700260773e-05, 0.0004243315779604018, 0.0025834094267338514, -0.0002690406981855631, -0.000968030421063304, 0.0012665250105783343, -0.0017794643063098192, 0.0012522670440375805, -0.0005365627002902329, 0.0002122890728060156, 0.0008979852427728474, 0.00015395955415442586, 0.0003837211988866329], [3.393424049136229e-05, 0.0008120134007185698, -0.0002690406981855631, 0.005043383687734604, -0.003261315170675516, 0.0003889795334544033, 0.00043266391730867326, 0.0005835705087520182, -6.321246473817155e-05, -0.0008106022141873837, 0.0013455490116029978, -7.667317549930885e-05, -0.002125561237335205], [3.913620093953796e-05, -0.0007453504949808121, -0.000968030421063304, -0.003261315170675516, 0.007361209485679865, -0.0034055043943226337, 0.0031370362266898155, -0.0027188765816390514, -0.0009283052640967071, 0.0007728347554802895, -0.0007639771210961044, 0.0010609700111672282, 0.000607612484600395], [-0.00014947877207305282, 0.00022492218704428524, 0.0012665250105783343, 0.0003889795334544033, -0.0034055043943226337, 0.012726970948278904, -0.008490742184221745, 0.0026030021253973246, -0.00039324903627857566, -0.0029850450810045004, 0.0004789961385540664, -0.0016985380789265037, -0.00027687978581525385], [0.00015298655489459634, 2.0165720343356952e-05, -0.0017794643063098192, 0.00043266391730867326, 0.0031370362266898155, -0.008490742184221745, 0.012783989310264587, -0.006239651702344418, 0.0012690265430137515, 0.0004491911386139691, -0.001055610948242247, 0.0013820449821650982, -0.0010791640961542726], [-1.6522260921192355e-05, -0.00021985379862599075, 0.0012522670440375805, 0.0005835705087520182, -0.0027188765816390514, 0.0026030021253973246, -0.006239651702344418, 0.010695832781493664, -0.002675283933058381, 0.0013370626838877797, -0.0029390999116003513, -0.0017522977432236075, 0.0008046918082982302], [6.55408002785407e-05, -0.00018030969658866525, -0.0005365627002902329, -6.321246473817155e-05, -0.0009283052640967071, -0.00039324903627857566, 0.0012690265430137515, -0.002675283933058381, 0.013836555182933807, -0.008377598598599434, 0.004146980121731758, -0.0024599279277026653, -0.002308773808181286], [0.000156278649228625, 0.00031792843947187066, 0.0002122890728060156, -0.0008106022141873837, 0.0007728347554802895, -0.0029850450810045004, 0.0004491911386139691, 0.0013370626838877797, -0.008377598598599434, 0.01605963334441185, -0.009075062349438667, 0.004776224959641695, -0.0018901403527706861], [-7.915333844721317e-05, -1.8242753867525607e-05, 0.0008979852427728474, 0.0013455490116029978, -0.0007639771210961044, 0.0004789961385540664, -0.001055610948242247, -0.0029390999116003513, 0.004146980121731758