{"song_id": "1183707350729764935", "download": "https://cdn.discordapp.com/attachments/1135911532732108921/1183707350729764935/chirp.mp4?ex=65895060&amp", "lyrics": "[Chorus]\nE enquanto o ano velho se vai na calmaria, No meu cora\u00e7\u00e3o, a esperan\u00e7a se anuncia. Bem-vindo, novo amanhecer radiante, Com sonhos a realizar, num futuro vibrante.", "style": ["MPB</span><span>, voz masculina"], "essentia_features": {"lowlevel.average_loudness": 0.9730110764503479, "lowlevel.barkbands_crest.mean": 14.333720207214355, "lowlevel.barkbands_crest.stdev": 4.6202850341796875, "lowlevel.barkbands_flatness_db.mean": 0.3288944363594055, "lowlevel.barkbands_flatness_db.stdev": 0.11086984723806381, "lowlevel.barkbands_kurtosis.mean": 28.80498504638672, "lowlevel.barkbands_kurtosis.stdev": 34.872230529785156, "lowlevel.barkbands_skewness.mean": 3.5370543003082275, "lowlevel.barkbands_skewness.stdev": 2.2142581939697266, "lowlevel.barkbands_spread.mean": 9.160942077636719, "lowlevel.barkbands_spread.stdev": 11.426424026489258, "lowlevel.dissonance.mean": 0.4116719365119934, "lowlevel.dissonance.stdev": 0.06017999351024628, "lowlevel.dynamic_complexity": 1.8682609796524048, "lowlevel.erbbands_crest.mean": 13.517782211303711, "lowlevel.erbbands_crest.stdev": 4.427445411682129, "lowlevel.erbbands_flatness_db.mean": 0.22850418090820312, "lowlevel.erbbands_flatness_db.stdev": 0.0777076855301857, "lowlevel.erbbands_kurtosis.mean": 4.507719993591309, "lowlevel.erbbands_kurtosis.stdev": 7.007566452026367, "lowlevel.erbbands_skewness.mean": 1.237478256225586, "lowlevel.erbbands_skewness.stdev": 1.4724886417388916, "lowlevel.erbbands_spread.mean": 41.93527603149414, "lowlevel.erbbands_spread.stdev": 41.310611724853516, "lowlevel.hfc.mean": 15.998017311096191, "lowlevel.hfc.stdev": 13.999120712280273, "lowlevel.loudness_ebu128.integrated": -14.51016902923584, "lowlevel.loudness_ebu128.loudness_range": 2.258493423461914, "lowlevel.loudness_ebu128.momentary.mean": -14.887137413024902, "lowlevel.loudness_ebu128.momentary.stdev": 2.074157238006592, "lowlevel.loudness_ebu128.short_term.mean": -14.38724422454834, "lowlevel.loudness_ebu128.short_term.stdev": 0.9046101570129395, "lowlevel.melbands_crest.mean": 21.349258422851562, "lowlevel.melbands_crest.stdev": 7.04348611831665, "lowlevel.melbands_flatness_db.mean": 0.42385610938072205, "lowlevel.melbands_flatness_db.stdev": 0.1312382072210312, "lowlevel.melbands_kurtosis.mean": 69.36614227294922, "lowlevel.melbands_kurtosis.stdev": 95.95266723632812, "lowlevel.melbands_skewness.mean": 5.192452430725098, "lowlevel.melbands_skewness.stdev": 3.585143804550171, "lowlevel.melbands_spread.mean": 6.769843578338623, "lowlevel.melbands_spread.stdev": 10.451114654541016, "lowlevel.pitch_salience.mean": 0.3762170672416687, "lowlevel.pitch_salience.stdev": 0.14150121808052063, "lowlevel.silence_rate_20dB.mean": 1.0, "lowlevel.silence_rate_20dB.stdev": 0.0, "lowlevel.silence_rate_30dB.mean": 0.9713740348815918, "lowlevel.silence_rate_30dB.stdev": 0.1667529046535492, "lowlevel.silence_rate_60dB.mean": 0.003816793905571103, "lowlevel.silence_rate_60dB.stdev": 0.06166199594736099, "lowlevel.spectral_centroid.mean": 532.1870727539062, "lowlevel.spectral_centroid.stdev": 483.8377685546875, "lowlevel.spectral_complexity.mean": 7.177480697631836, "lowlevel.spectral_complexity.stdev": 4.461132526397705, "lowlevel.spectral_decrease.mean": -1.3750641514320705e-08, "lowlevel.spectral_decrease.stdev": 6.215356229688496e-09, "lowlevel.spectral_energy.mean": 0.053349122405052185, "lowlevel.spectral_energy.stdev": 0.024066589772701263, "lowlevel.spectral_energyband_high.mean": 0.0004569642769638449, "lowlevel.spectral_energyband_high.stdev": 0.0010464073857292533, "lowlevel.spectral_energyband_low.mean": 0.04051938280463219, "lowlevel.spectral_energyband_low.stdev": 0.020108813419938087, "lowlevel.spectral_energyband_middle_high.mean": 0.0034612780436873436, "lowlevel.spectral_energyband_middle_high.stdev": 0.007117364089936018, "lowlevel.spectral_energyband_middle_low.mean": 0.013790035620331764, "lowlevel.spectral_energyband_middle_low.stdev": 0.01156584732234478, "lowlevel.spectral_entropy.mean": 6.228131294250488, "lowlevel.spectral_entropy.stdev": 1.0038795471191406, "lowlevel.spectral_flux.mean": 0.06424342840909958, "lowlevel.spectral_flux.stdev": 0.041186992079019547, "lowlevel.spectral_kurtosis.mean": 19.816253662109375, "lowlevel.spectral_kurtosis.stdev": 31.660079956054688, "lowlevel.spectral_rms.mean": 0.006989085581153631, "lowlevel.spectral_rms.stdev": 0.0017890229355543852, "lowlevel.spectral_rolloff.mean": 467.85504150390625, "lowlevel.spectral_rolloff.stdev": 1126.3173828125, "lowlevel.spectral_skewness.mean": 2.9323770999908447, "lowlevel.spectral_skewness.stdev": 2.0618209838867188, "lowlevel.spectral_spread.mean": 4385291.0, "lowlevel.spectral_spread.stdev": 3086681.25, "lowlevel.spectral_strongpeak.mean": 0.9555259943008423, "lowlevel.spectral_strongpeak.stdev": 0.7423734664916992, "lowlevel.zerocrossingrate.mean": 0.026235798373818398, "lowlevel.zerocrossingrate.stdev": 0.03758716955780983, "metadata.audio_properties.analysis.equal_loudness": 0.0, "metadata.audio_properties.analysis.length": 12.138662338256836, "metadata.audio_properties.analysis.sample_rate": 44100.0, "metadata.audio_properties.analysis.start_time": 0.0, "metadata.audio_properties.bit_rate": 114809.0, "metadata.audio_properties.length": 12.138667106628418, "metadata.audio_properties.lossless": 0.0, "metadata.audio_properties.number_channels": 1.0, "metadata.audio_properties.replay_gain": -10.580923080444336, "metadata.audio_properties.sample_rate": 48000.0, "rhythm.beats_count": 16.0, "rhythm.beats_loudness.mean": 0.05308185890316963, "rhythm.beats_loudness.stdev": 0.01677674427628517, "rhythm.bpm": 80.12836456298828, "rhythm.bpm_histogram_first_peak_bpm": 88.0, "rhythm.bpm_histogram_first_peak_weight": 0.1111111044883728, "rhythm.bpm_histogram_second_peak_bpm": 80.0, "rhythm.bpm_histogram_second_peak_spread": 0.0, "rhythm.bpm_histogram_second_peak_weight": 0.4000000059604645, "rhythm.danceability": 1.060426115989685, "rhythm.onset_rate": 4.524646282196045, "tonal.chords_changes_rate": 0.04942965880036354, "tonal.chords_number_rate": 0.026615969836711884, "tonal.chords_strength.mean": 0.5504739284515381, "tonal.chords_strength.stdev": 0.0960027426481247, "tonal.hpcp_crest.mean": 15.625309944152832, "tonal.hpcp_crest.stdev": 6.922410011291504, "tonal.hpcp_entropy.mean": 1.696350336074829, "tonal.hpcp_entropy.stdev": 0.6910695433616638, "tonal.key_edma.strength": 0.6010840535163879, "tonal.key_krumhansl.strength": 0.596797525882721, "tonal.key_temperley.strength": 0.577512264251709, "tonal.tuning_diatonic_strength": 0.5144396424293518, "tonal.tuning_equal_tempered_deviation": 0.10810007154941559, "tonal.tuning_frequency": 437.2131652832031, "tonal.tuning_nontempered_energy_ratio": 0.7126878499984741, "lowlevel.barkbands.mean": [6.871869845781475e-05, 0.011092289350926876, 0.024581633508205414, 0.005932001397013664, 0.0039814733900129795, 0.0019312817603349686, 0.0009672322194091976, 0.0005060176481492817, 0.00028792841476388276, 0.0008088304311968386, 0.0007633615168742836, 0.00010763952013803646, 0.00023057615908328444, 0.0003230355214327574, 0.00042851537000387907, 0.0002894993231166154, 0.0002638590813148767, 0.0002539961424190551, 5.025591599405743e-05, 8.313303260365501e-05, 8.448571315966547e-05, 5.024751590099186e-05, 6.81775200064294e-05, 5.625391349894926e-05, 0.00012160863116150722, 1.7138196199084632e-05, 8.916490656929454e-09], "lowlevel.barkbands.stdev": [0.00013364251935854554, 0.009485741145908833, 0.0169991385191679, 0.007475218269973993, 0.005193451885133982, 0.0030240206979215145, 0.003426602575927973, 0.0017166658071801066, 0.0009997839806601405, 0.0029933538753539324, 0.003862095298245549, 0.0005706017254851758, 0.0008764069643802941, 0.0016059840563684702, 0.0011919258395209908, 0.001003443030640483, 0.001063635223545134, 0.0008162527228705585, 0.00022473599528893828, 0.00017839050269685686, 0.0003029136569239199, 0.00019322663138154894, 0.0002864811394829303, 0.00016869819955900311, 0.00032122511765919626, 5.505541412276216e-05, 6.066918700753376e-08], "lowlevel.erbbands.mean": [0.14414222538471222, 3.485105514526367, 24.994739532470703, 26.798683166503906, 9.305184364318848, 16.550865173339844, 19.6068115234375, 13.288473129272461, 12.125873565673828, 14.43150806427002, 8.867298126220703, 7.7341179847717285, 14.728691101074219, 30.187883377075195, 25.75699234008789, 7.050024032592773, 11.265466690063477, 11.533479690551758, 21.799053192138672, 24.975051879882812, 12.49094295501709, 15.039762496948242, 12.733229637145996, 7.594349384307861, 1.882555603981018, 4.12618350982666, 4.976306438446045, 2.156968832015991, 1.8700604438781738, 1.6535307168960571, 2.044240713119507, 0.9018439054489136, 1.3496814966201782, 1.7402173280715942, 0.5740246772766113, 0.14072106778621674, 0.023825984448194504, 0.001349748927168548, 6.129888060968369e-05, 6.281469541136175e-05], "lowlevel.erbbands.stdev": [0.11475745588541031, 2.858482599258423, 19.452259063720703, 20.379281997680664, 8.38768196105957, 23.142866134643555, 34.65179443359375, 19.933866500854492, 45.77389907836914, 46.13595962524414, 30.524227142333984, 27.114534378051758, 61.18885803222656, 103.40314483642578, 126.01869201660156, 29.062679290771484, 43.35327911376953, 49.084266662597656, 65.69918060302734, 83.83421325683594, 32.96065902709961, 64.91619110107422, 37.69709396362305, 29.581003189086914, 4.213860988616943, 9.581635475158691, 14.832550048828125, 8.96469497680664, 7.535966873168945, 5.517138957977295, 9.046365737915039, 3.354421854019165, 3.8000192642211914, 4.709345817565918, 1.6464916467666626, 0.44509297609329224, 0.0775514543056488, 0.004593538586050272, 0.00010851154365809634, 2.788108031381853e-05], "lowlevel.gfcc.mean": [-86.22270202636719, 136.72792053222656, -59.658939361572266, 52.86141586303711, -23.29334831237793, 15.988945007324219, -40.19709014892578, 0.8398941159248352, -36.89026641845703, -3.274183988571167, -6.72585916519165, -9.540956497192383, 6.330265522003174], "lowlevel.melbands.mean": [0.002154858084395528, 0.00990115012973547, 0.004013984929770231, 0.0008698445162735879, 0.0007270353962667286, 0.00030674180015921593, 0.00018744051340036094, 0.00014980380365159363, 6.6494605562184e-05, 4.3952386477030814e-05, 7.431305130012333e-05, 0.00012168426474090666, 0.00011116642417619005, 1.465439981984673e-05, 2.462999509589281e-05, 1.6878901078598574e-05, 2.3857399355620146e-05, 3.690820813062601e-05, 3.166515671182424e-05, 2.7003716240869835e-05, 1.2975621757504996e-05, 1.415576298313681e-05, 1.6768224668339826e-05, 9.995368600357324e-06, 5.807426987303188e-06, 1.2458481251087505e-06, 1.3758024124399526e-06, 2.9759869448753307e-06, 3.6599187751562567e-06, 1.8732600892690243e-06, 9.934021818480687e-07, 1.0803424856931088e-06, 9.254572432837449e-07, 9.269620022678282e-07, 1.263310764443304e-06, 8.370249702238652e-07, 4.4701366164190404e-07, 8.323833640133671e-07, 1.2809738336727605e-06, 1.5680340084145428e-06], "lowlevel.melbands.stdev": [0.0016213558847084641, 0.0067756446078419685, 0.0026185682509094477, 0.0011053893249481916, 0.001108973752707243, 0.00045095919631421566, 0.0007200564723461866, 0.000474473083158955, 0.00022601339151151478, 0.0001580784737598151, 0.0003226050757803023, 0.00043777309474535286, 0.0005794339231215417, 6.237522757146508e-05, 8.977726974990219e-05, 6.047858187230304e-05, 0.0001164976492873393, 0.00013347502681426704, 9.309236338594928e-05, 9.723883704282343e-05, 4.000448461738415e-05, 6.738426600350067e-05, 5.9715410316130146e-05, 3.034486508113332e-05, 2.5388326321262866e-05, 2.9061934583296534e-06, 3.3522096600790974e-06, 6.879037755425088e-06, 9.950884304998908e-06, 8.06817024567863e-06, 4.43187036580639e-06, 4.686161446443293e-06, 3.362808456586208e-06, 3.316396032460034e-06, 5.767262791778194e-06, 3.737909310075338e-06, 1.5615382835676428e-06, 2.6993702704203315e-06, 3.0058197353355354e-06, 4.630230705515714e-06], "lowlevel.melbands128.mean": [4.091909431735985e-05, 0.0005789489368908107, 0.002447687089443207, 0.006207355763763189, 0.012684112414717674, 0.011205006390810013, 0.006081452593207359, 0.0019031724659726024, 0.000505334697663784, 0.0009952575201168656, 0.0009503248147666454, 0.0008130375645123422, 0.0006332958582788706, 0.0006885077455081046, 0.0003572895366232842, 5.2425450121518224e-05, 0.00010551369632594287, 0.00028330410714261234, 0.00018847614410333335, 0.00017125613521784544, 0.00012601906200870872, 7.753715181024745e-05, 5.7883153203874826e-05, 5.085508382762782e-05, 6.687355198664591e-05, 1.9358762074261904e-05, 4.413433271110989e-05, 8.581460133427754e-05, 7.699775596847758e-05, 0.00016220805991906673, 9.985910583054647e-05, 0.0001137491999543272, 0.0001895860186778009, 3.5645323805511e-05, 6.840346486569615e-06, 1.5177501154539641e-05, 1.843100289988797e-05, 1.0718931662268005e-05, 4.7879639168968424e-05, 2.582764318503905e-05, 4.967434961145045e-06, 1.0590941201371606e-05, 1.4435951925406698e-05, 3.46122142218519e-05, 4.7981586249079555e-05, 3.185669265803881e-05, 3.51181261066813e-05, 2.3324622816289775e-05, 2.9247590646264143e-05, 5.3925668908050284e-05, 2.029459210461937e-05, 1.1306648048048373e-05, 1.1259055099799298e-05, 1.55821780936094e-05, 1.293939112656517e-05, 1.1233744771743659e-05, 1.7898886653711088e-05, 2.1334104530978948e-05, 1.6573927496210672e-05, 6.350019702949794e-06, 8.679708116687834e-06, 1.4142133295536041e-05, 9.396549103257712e-06, 2.4629530344100203e-06, 1.4620877664128784e-06, 1.096891196539218e-06, 1.3385960073719616e-06, 7.57623865865753e-07, 8.424092357017798e-07, 2.9672471555386437e-06, 3.100246658505057e-06, 2.648942654559505e-06, 4.138281838095281e-06, 4.180988526059082e-06, 2.7472460715216585e-06, 1.8468417692929506e-06, 1.6997310012811795e-06, 1.1519852023411659e-06, 7.552884540018567e-07, 9.229141824107501e-07, 1.1230379186599748e-06, 1.1751752708732965e-06, 9.596352583685075e-07, 9.714916586744948e-07, 8.105560027615866e-07, 7.874659786466509e-07, 9.888647127809236e-07, 1.1283956382612814e-06, 1.2978938457308686e-06, 1.4008933248987887e-06, 1.1184392860741355e-06, 6.79949721416051e-07, 3.392226801679499e-07, 4.0006148083193693e-07, 4.729498641609098e-07, 7.309395186894108e-07, 9.378725849273906e-07, 9.504143463345827e-07, 1.1431831126174075e-06, 1.5165020386120887e-06, 1.7421118627680698e-06, 1.791817908269877e-06, 1.0631795248627895e-06, 7.766410590193118e-07, 4.822152845918026e-07, 4.943817089042568e-07, 5.164868639440101e-07, 2.9122847422513587e-07, 2.1612632394862885e-07, 1.214136062799298e-07, 9.585104265852351e-08, 8.584373034636883e-08, 8.119576477838564e-08, 4.431169742247221e-08, 2.2273495048352743e-08, 5.677117442814961e-09, 5.122494650677822e-10, 7.638375175422762e-12, 5.567390732458266e-12, 5.399493786112375e-12, 5.26965884123376e-12, 5.1685535192025345e-12, 5.042234425128855e-12, 4.954703747978018e-12, 4.844280792476452e-12, 4.713070645562256e-12, 4.6327208562402244e-12, 4.601645887253314e-12], "lowlevel.melbands128.stdev": [7.45005818316713e-05, 0.000645105610601604, 0.002583347959443927, 0.006495579145848751, 0.01214366964995861, 0.007064502220600843, 0.005531918723136187, 0.0023724581114947796, 0.0006028510979376733, 0.0017993295332416892, 0.001549813081510365, 0.0016910291742533445, 0.0016370811499655247, 0.00104868586640805, 0.0006674197502434254, 0.0002534753584768623, 0.00043757676030509174, 0.0012785065919160843, 0.0007586050778627396, 0.0007320995791815221, 0.0005111611681059003, 0.0003592340217437595, 0.0003139213949907571, 0.00020459204097278416, 0.00031380189466290176, 0.00010574422776699066, 0.00023256860731635243, 0.0004818631277885288, 0.0005139604327268898, 0.000739648996386677, 0.00048511516069993377, 0.0006479602889157832, 0.001121124136261642, 0.0001558115181978792, 3.839552300632931e-05, 0.00010368236689828336, 0.00013052420399617404, 5.1403076213318855e-05, 0.00021532819664571434, 0.00012256181798875332, 2.6725112547865137e-05, 6.456788105424494e-05, 9.155589941656217e-05, 0.00021900194406043738, 0.00032532340264879167, 0.0001503255043644458, 0.00013545675028581172, 0.00011971904314123094, 0.00013113401655573398, 0.000261373003013432, 9.399883128935471e-05, 5.6663240684429184e-05, 4.419341348693706e-05, 6.42559680272825e-05, 6.911497621331364e-05, 8.067556336754933e-05, 0.0001288681523874402, 9.499256702838466e-05, 7.908952102297917e-05, 2.360952930757776e-05, 3.176791869918816e-05, 6.744521670043468e-05, 6.22363222646527e-05, 1.0076924809254706e-05, 5.3781795941176824e-06, 3.5301250136399176e-06, 4.2566980482661165e-06, 1.734437887535023e-06, 2.26618772103393e-06, 1.1359270501998253e-05, 1.0070845746668056e-05, 7.316417850233847e-06, 1.045237422658829e-05, 1.2131848052376881e-05, 1.2656534636334982e-05, 8.304836228489876e-06, 8.115184755297378e-06, 6.083202606532723e-06, 3.855203431157861e-06, 4.430298758961726e-06, 4.780816198035609e-06, 6.484034202003386e-06, 3.834196377283661e-06, 3.676602318591904e-06, 3.0833027722110273e-06, 2.779645228656591e-06, 4.372234343463788e-06, 4.82187624584185e-06, 6.6920279095938895e-06, 7.394245585601311e-06, 4.783159965882078e-06, 3.3947899282793514e-06, 1.6803811604404473e-06, 1.5819509826542344e-06, 1.6326678178302245e-06, 2.9390680538199376e-06, 3.1706547360954573e-06, 2.7411067549110157e-06, 2.7942458018515026e-06, 3.6128913052380085e-06, 4.9669092732074205e-06, 6.26370183454128e-06, 3.2753223422332667e-06, 2.4429671157122357e-06, 1.7102206584240776e-06, 1.7812499208957888e-06, 1.7335444226773689e-06, 9.227596819982864e-07, 7.995404871508072e-07, 4.651228664442897e-07, 4.3280275008328317e-07, 3.4252605018991744e-07, 2.7214588271817775e-07, 1.6527029345070332e-07, 9.106060616659306e-08, 4.25134132342464e-08, 3.814472293584004e-09, 2.5270707401658932e-11, 8.57182207159024e-12, 8.352974562031434e-12, 8.152606194300471e-12, 7.982435892839312e-12, 7.82339557720002e-12, 7.693246213691385e-12, 7.580549903074552e-12, 7.489730190213262e-12, 7.423946873919007e-12, 7.383879098432633e-12], "lowlevel.mfcc.mean": [-751.634033203125, 163.74209594726562, 36.7065315246582, 48.277198791503906, 43.66605758666992, 14.908581733703613, 25.683664321899414, -6.497635841369629, 3.1839418411254883, -9.991238594055176, -12.814674377441406, -0.9829022288322449, 1.2291620969772339], "lowlevel.spectral_contrast_coeffs.mean": [-0.621475100517273, -0.6805052161216736, -0.751495897769928, -0.7815397381782532, -0.786152184009552, -0.7820402383804321], "lowlevel.spectral_contrast_coeffs.stdev": [0.06311452388763428, 0.08308043330907822, 0.09682445228099823, 0.08674073219299316, 0.0698714628815651, 0.04748521000146866], "lowlevel.spectral_contrast_valleys.mean": [-6.3758625984191895, -8.31587028503418, -8.851334571838379, -8.966479301452637, -8.989319801330566, -11.788274765014648], "lowlevel.spectral_contrast_valleys.stdev": [0.7999261021614075, 0.9664957523345947, 0.8674865961074829, 1.040771722793579, 1.2389500141143799, 1.6548434495925903], "rhythm.beats_loudness_band_ratio.mean": [0.8301362991333008, 0.07550044357776642, 0.028962936252355576, 0.018403997644782066, 0.03184305876493454, 0.022065484896302223], "rhythm.beats_loudness_band_ratio.stdev": [0.12928184866905212, 0.03938858211040497, 0.043656304478645325, 0.05042983219027519, 0.04321586340665817, 0.03560565412044525], "tonal.hpcp.mean": [0.40024474263191223, 0.21129140257835388, 0.020124774426221848, 0.008157448843121529, 0.007615941576659679, 0.011889047920703888, 0.027953393757343292, 0.03866223245859146, 0.10486464202404022, 0.206899031996727, 0.1335304230451584, 0.01716729626059532, 0.007912937551736832, 0.00925456639379263, 0.040622152388095856, 0.1872176080942154, 0.17265106737613678, 0.02381940558552742, 0.006354651413857937, 0.009992965497076511, 0.0486660897731781, 0.11843883246183395, 0.09228651225566864, 0.019283264875411987, 0.004663268569856882, 0.002617357764393091, 0.0014443895779550076, 0.0019547997508198023, 0.002570637036114931, 0.042274292558431625, 0.11177656054496765, 0.0768856480717659, 0.008707907050848007, 0.008808384649455547, 0.033000875264406204, 0.23037764430046082], "tonal.hpcp.stdev": [0.4572998881340027, 0.25743788480758667, 0.08352233469486237, 0.04171400144696236, 0.045806169509887695, 0.06807772070169449, 0.09420473128557205, 0.1306733936071396, 0.20045451819896698, 0.39302828907966614, 0.2542138695716858, 0.07850677520036697, 0.043479740619659424, 0.07427887618541718, 0.10355798155069351, 0.3724811375141144, 0.3494899868965149, 0.08518899977207184, 0.03871071711182594, 0.06882746517658234, 0.12587684392929077, 0.2608698606491089, 0.19959931075572968, 0.0661231204867363, 0.030623264610767365, 0.029856789857149124, 0.00540810776874423, 0.005893448833376169, 0.00925583764910698, 0.12353348731994629, 0.307158499956131, 0.20927393436431885, 0.0551534928381443, 0.04129646718502045, 0.13408786058425903, 0.28955116868019104], "rhythm.beats_position": [0.6617686748504639, 1.3351473808288574, 2.0201361179351807, 2.705124616622925, 3.390113353729248, 4.086711883544922, 4.771700382232666, 5.456689357757568, 6.130067825317383, 6.8034467697143555, 7.5580949783325195, 8.30113410949707, 9.055782318115234, 9.798820495605469, 10.54185962677002, 11.296507835388184], "rhythm.bpm_histogram": [0.0, 0.0, 0.0, 0.0, 0.0, 0.0, 0.0, 0.0, 0.0, 0.0, 0.0, 0.0, 0.0, 0.0, 0.0, 0.0, 0.0, 0.0, 0.0, 0.0, 0.0, 0.0, 0.0, 0.0, 0.0, 0.0, 0.0, 0.0, 0.0, 0.0, 0.0, 0.0, 0.0, 0.0, 0.0, 0.0, 0.0, 0.0, 0.0, 0.0, 0.0, 0.0, 0.0, 0.0, 0.0, 0.0, 0.0, 0.0, 0.0, 0.0, 0.0, 0.0, 0.0, 0.0, 0.0, 0.0, 0.0, 0.0, 0.0, 0.0, 0.0, 0.0, 0.0, 0.0, 0.0, 0.0, 0.0, 0.0, 0.0, 0.0, 0.0, 0.0, 0.0, 0.0, 0.0, 0.0, 0.0, 0.0, 0.0, 0.0, 0.20000000298023224, 0.20000000298023224, 0.0, 0.0, 0.0, 0.0, 0.06666667014360428, 0.0, 0.3333333432674408, 0.20000000298023224, 0.0, 0.0, 0.0, 0.0, 0.0, 0.0, 0.0, 0.0, 0.0, 0.0, 0.0, 0.0, 0.0, 0.0, 0.0, 0.0, 0.0, 0.0, 0.0, 0.0, 0.0, 0.0, 0.0, 0.0, 0.0, 0.0, 0.0, 0.0, 0.0, 0.0, 0.0, 0.0, 0.0, 0.0, 0.0, 0.0, 0.0, 0.0, 0.0, 0.0, 0.0, 0.0, 0.0, 0.0, 0.0, 0.0, 0.0, 0.0, 0.0, 0.0, 0.0, 0.0, 0.0, 0.0, 0.0, 0.0, 0.0, 0.0, 0.0, 0.0, 0.0, 0.0, 0.0, 0.0, 0.0, 0.0, 0.0, 0.0, 0.0, 0.0, 0.0, 0.0, 0.0, 0.0, 0.0, 0.0, 0.0, 0.0, 0.0, 0.0, 0.0, 0.0, 0.0, 0.0, 0.0, 0.0, 0.0, 0.0, 0.0, 0.0, 0.0, 0.0, 0.0, 0.0, 0.0, 0.0, 0.0, 0.0, 0.0, 0.0, 0.0, 0.0, 0.0, 0.0, 0.0, 0.0, 0.0, 0.0, 0.0, 0.0, 0.0, 0.0, 0.0, 0.0, 0.0, 0.0, 0.0, 0.0, 0.0, 0.0, 0.0, 0.0, 0.0, 0.0, 0.0, 0.0, 0.0, 0.0, 0.0, 0.0, 0.0, 0.0, 0.0, 0.0, 0.0, 0.0, 0.0, 0.0, 0.0, 0.0, 0.0, 0.0, 0.0, 0.0, 0.0, 0.0, 0.0, 0.0, 0.0, 0.0, 0.0, 0.0, 0.0, 0.0, 0.0, 0.0, 0.0, 0.0, 0.0, 0.0], "tonal.chords_histogram": [16.349809646606445, 0.0, 52.09125518798828, 12.547528266906738, 0.3802281320095062, 3.422053337097168, 0.0, 4.942965984344482, 0.0, 6.844106674194336, 0.0, 0.0, 0.0, 0.0, 0.0, 0.0, 0.0, 0.0, 0.0, 0.0, 3.422053337097168, 0.0, 0.0, 0.0], "tonal.thpcp": [1.0, 0.5279055237770081, 0.05028117075562477, 0.020381152629852295, 0.019028211012482643, 0.029704444110393524, 0.06984075158834457, 0.09659647941589355, 0.26200130581855774, 0.5169312953948975, 0.33362191915512085, 0.04289199784398079, 0.019770247861742973, 0.023122267797589302, 0.10149328410625458, 0.46775782108306885, 0.4313637316226959, 0.059512101113796234, 0.01587691344320774, 0.024967137724161148, 0.12159083038568497, 0.29591602087020874, 0.23057520389556885, 0.04817868396639824, 0.011651042848825455, 0.006539393216371536, 0.0036087660118937492, 0.00488401111215353, 0.006422662641853094, 0.1056211069226265, 0.2792705297470093, 0.19209659099578857, 0.021756455302238464, 0.022007497027516365, 0.08245173841714859, 0.5755919218063354], "lowlevel.gfcc.cov": [[12835.6806640625, -3519.20556640625, -1999.8895263671875, 185.76319885253906, -1368.0732421875, 1004.30126953125, -1307.2503662109375, 2031.774169921875, -304.3993225097656, 553.806640625, -984.1080322265625, -567.4354248046875, -156.997314453125], [-3519.20556640625, 3059.4169921875, 104.32970428466797, -704.0506591796875, 775.2605590820312, -735.4473876953125, 627.728271484375, -717.360595703125, 82.85110473632812, -325.35809326171875, 578.7289428710938, -75.37896728515625, 294.1934509277344], [-1999.8895263671875, 104.32970428466797, 1207.774169921875, 316.7994079589844, 43.663368225097656, 44.297698974609375, 196.00796508789062, -496.3735656738281, 54.42667770385742, -51.868534088134766, 80.49921417236328, 268.5047912597656, -123.3637924194336], [185.76319885253906, -704.0506591796875, 316.7994079589844, 738.0796508789062, -49.69200134277344, -2.1414806842803955, -76.33171081542969, -55.55649185180664, 25.031654357910156, 22.50972557067871, -76.48104858398438, 159.83541870117188, -45.99420166015625], [-1368.0732421875, 775.2605590820312, 43.663368225097656, -49.69200134277344, 493.2108154296875, -260.8223876953125, 114.22862243652344, -208.45559692382812, 52.740440368652344, -102.69588470458984, 152.44552612304688, 21.989076614379883, 98.19987487792969], [1004.30126953125, -735.4473876953125, 44.297698974609375, -2.1414806842803955, -260.8223876953125, 481.946533203125, -107.491455078125, 97.82579803466797, -3.3241682052612305, 92.42961120605469, -174.10394287109375, -29.618785858154297, -102.29508972167969], [-1307.2503662109375, 627.728271484375, 196.00796508789062, -76.33171081542969, 114.22862243652344, -107.491455078125, 410.6458740234375, -291.05950927734375, -40.72357177734375, -27.193384170532227, 158.2338409423828, 39.22432327270508, 44.681514739990234], [2031.774169921875, -717.360595703125, -496.3735656738281, -55.55649185180664, -208.45559692382812, 97.82579803466797, -291.05950927734375, 565.7555541992188, -27.007537841796875, 85.39093780517578, -181.84193420410156, -126.88585662841797, -18.134912490844727], [-304.3993225097656, 82.85110473632812, 54.42667770385742, 25.031654357910156, 52.740440368652344, -3.3241682052612305, -40.72357177734375, -27.007537841796875, 152.39559936523438, -13.919322967529297, -5.705134868621826, 6.1222991943359375, -20.884441375732422], [553.806640625, -325.35809326171875, -51.868534088134766, 22.50972557067871, -102.69588470458984, 92.42961120605469, -27.193384170532227, 85.39093780517578, -13.919322967529297, 157.09817504882812, -59.37151336669922, -37.741207122802734, -34.087188720703125], [-984.1080322265625, 578.7289428710938, 80.49921417236328, -76.48104858398438, 152.44552612304688, -174.10394287109375, 158.2338409423828, -181.84193420410156, -5.705134868621826, -59.37151336669922, 236.00958251953125, 45.19670104980469, 34.42196273803711], [-567.4354248046875, -75.37896728515625, 268.5047912597656, 159.83541870117188, 21.989076614379883, -29.618785858154297, 39.22432327270508, -126.88585662841797, 6.1222991943359375, -37.741207122802734, 45.19670104980469, 192.5003204345703, -33.743228912353516], [-156.997314453125, 294.1934509277344, -123.3637924194336, -45.99420166015625, 98.19987487792969, -102.29508972167969, 44.681514739990234, -18.134912490844727, -20.884441375732422, -34.087188720703125, 34.42196273803711, -33.743228912353516, 130.94581604003906]], "lowlevel.gfcc.icov": [[0.000611029623541981, -0.0015903679886832833, 0.0006094299023970962, -0.0015602967469021678, 0.000917395984288305, -0.0016869057435542345, 0.0012829822953790426, -0.001988707110285759, 0.001837958232499659, -0.0014835747424513102, 0.0011732700513675809, -0.0007595265051349998, 0.001015538931824267], [-0.0015903679886832833, 0.008749324828386307, -0.0020648459903895855, 0.007383211515843868, -0.0034951057750731707, 0.007798541337251663, -0.005229787901043892, 0.008151145651936531, -0.007568635977804661, 0.006980547681450844, -0.005837104748934507, 0.005501335486769676, -0.005726913455873728], [0.0006094299023970962, -0.0020648459903895855, 0.0026696447748690844, -0.0022384163457900286, 0.001139336614869535, -0.002169982763007283, 0.0012837513349950314, -0.000733196793589741, 0.0019176118075847626, -0.0016837659059092402, 0.0018952025566250086, -0.00244017387740314, 0.0027498863637447357], [-0.0015602967469021678, 0.007383211515843868, -0.0022384163457900286, 0.008410904556512833, -0.002970090601593256, 0.0073212310671806335, -0.004131772089749575, 0.007438952103257179, -0.006790857762098312, 0.005341742187738419, -0.003933631349354982, 0.002928946865722537, -0.005129887256771326], [0.000917395984288305, -0.0034951057750731707, 0.001139336614869535, -0.002970090601593256, 0.005485307425260544, -0.0020799904596060514, 0.0027099631261080503, -0.002565527567639947, 0.002165111480280757, -0.0023791745770722628, 0.001870565116405487, -0.0018241910729557276, 0.0007281395955942571], [-0.0016869057435542345, 0.007798541337251663, -0.002169982763007283, 0.0073212310671806335, -0.0020799904596060514, 0.011185595765709877, -0.004595685750246048, 0.008557407185435295, -0.007071624509990215, 0.005614632740616798, -0.0029616663232445717, 0.004959204234182835, -0.003574610222131014], [0.0012829822953790426, -0.005229787901043892, 0.0012837513349950314, -0.004131772089749575, 0.0027099631261080503, -0.004595685750246048, 0.008380982093513012, -0.0031312282662838697, 0.00629825284704566, -0.005468885879963636, 0.0021789686288684607, -0.002773592248558998, 0.002423548838123679], [-0.001988707110285759, 0.008151145651936531, -0.000733196793589741, 0.007438952103257179, -0.002565527567639947, 0.008557407185435295, -0.0031312282662838697, 0.013787662610411644, -0.007093231193721294, 0.00597976753488183, -0.003915251232683659, 0.005051907617598772, -0.004431921988725662], [0.001837958232499659, -0.007568635977804661, 0.0019176118075847626, -0.006790857762098312, 0.002165111480280757, -0.007071624509990215, 0.00629825284704566, -0.007093231193721294, 0.015040826052427292, -0.005973969120532274, 0.00564098684117198, -0.0036643201019614935, 0.006766374222934246], [-0.0014835747424513102, 0.006980547681450844, -0.0016837659059092402, 0.005341742187738419, -0.0023791745770722628, 0.005614632740616798, -0.005468885879963636, 0.00597976753488183, -0.005973969120532274, 0.014332850463688374, -0.004312512930482626, 0.00597721990197897, -0.0028550063725560904], [0.0011732700513675809, -0.005837104748934507, 0.0018952025566250086, -0.003933631349354982, 0.001870565116405487, -0.0029616663232445717, 0.0021789686288684607, -0.003915251232683659, 0.00564098684117198, -0.004312512930482626, 0.012950587086379528, -0.005090664140880108, 0.004983322229236364], [-0.0007595265051349998, 0.005501335486769676, -0.00244017387740314, 0.002928946865722537, -0.0018241910729557276, 0.004959204234182835, -0.002773592248558998, 0.005051907617598772, -0.0036643201019614935, 0.00597721990197897, -0.005090664140880108, 0.013086611405014992, -0.0019702708814293146], [0.001015538931824267, -0.005726913455873728, 0.0027498863637447357, -0.005129887256771326, 0.0007281395955942571, -0.003574610222131014, 0.002423548838123679, -0.004431921988725662, 0.006766374222934246, -0.0028550063725560904, 0.004983322229236364, -0.0019702708814293146, 0.016248658299446106]], "lowlevel.mfcc.cov": [[12427.01171875, -4057.4267578125, -988.6674194335938, -1135.4910888671875, 271.3254699707031, -1581.95068359375, -190.0315704345703, -311.8117370605469, 1063.7869873046875, 703.8116455078125, 389.7799987792969, 6.562973976135254, -371.7095031738281], [-4057.4267578125, 3342.421142578125, -460.64013671875, 118.34074401855469, -33.59538650512695, 103.24295043945312, 304.2217712402344, -84.01194763183594, -349.30242919921875, -108.73239135742188, -240.2406005859375, 46.67988967895508, 18.55227279663086], [-988.6674194335938, -460.64013671875, 1072.17724609375, 127.23175811767578, -158.08599853515625, 496.8069763183594, -109.83203887939453, 158.87802124023438, -155.23606872558594, -139.9185028076172, 53.72669982910156, 0.6240766644477844, 67.718017578125], [-1135.4910888671875, 118.34074401855469, 127.23175811767578, 728.0504760742188, 38.77648162841797, 143.28367614746094, -10.066143035888672, 44.48386001586914, -87.92349243164062, -226.65643310546875, -62.72727966308594, 40.90868377685547, 134.8343505859375], [271.3254699707031, -33.59538650512695, -158.08599853515625, 38.77648162841797, 375.394287109375, -130.19247436523438, -101.49874877929688, 8.905028343200684, 40.31026077270508, 7.118471145629883, -13.858338356018066, 24.66498565673828, -28.35002326965332], [-1581.95068359375, 103.24295043945312, 496.8069763183594, 143.28367614746094, -130.19247436523438, 692.6478271484375, -13.009503364562988, 84.9158935546875, -157.83740234375, -83.19705200195312, -6.597616672515869, -76.03466033935547, 60.63314437866211], [-190.0315704345703, 304.2217712402344, -109.83203887939453, -10.066143035888672, -101.49874877929688, -13.009503364562988, 253.5323486328125, -55.80167007446289, -37.30038833618164, 7.306829452514648, -45.34938430786133, -12.753975868225098, 4.820709705352783], [-311.8117370605469, -84.01194763183594, 158.87802124023438, 44.48386001586914, 8.905028343200684, 84.9158935546875, -55.80167007446289, 163.39378356933594, -41.990360260009766, -64.49337768554688, -2.938891887664795, 4.221662998199463, 27.776405334472656], [1063.7869873046875, -349.30242919921875, -155.23606872558594, -87.92349243164062, 40.31026077270508, -157.83740234375, -37.30038833618164, -41.990360260009766, 248.70916748046875, 71.05465698242188, 29.852508544921875, -9.47701358795166, -53.20327377319336], [703.8116455078125, -108.73239135742188, -139.9185028076172, -226.65643310546875, 7.118471145629883, -83.19705200195312, 7.306829452514648, -64.49337768554688, 71.05465698242188, 245.3970947265625, 31.110637664794922, -52.89409255981445, -74.31549072265625], [389.7799987792969, -240.2406005859375, 53.72669982910156, -62.72727966308594, -13.858338356018066, -6.597616672515869, -45.34938430786133, -2.938891887664795, 29.852508544921875, 31.110637664794922, 130.0272979736328, 27.054458618164062, -12.372171401977539], [6.562973976135254, 46.67988967895508, 0.6240766644477844, 40.90868377685547, 24.66498565673828, -76.03466033935547, -12.753975868225098, 4.221662998199463, -9.47701358795166, -52.89409255981445, 27.054458618164062, 135.8555145263672, 8.065979957580566], [-371.7095031738281, 18.55227279663086, 67.718017578125, 134.8343505859375, -28.35002326965332, 60.63314437866211, 4.820709705352783, 27.776405334472656, -53.20327377319336, -74.31549072265625, -12.372171401977539, 8.065979957580566, 134.40826416015625]], "lowlevel.mfcc.icov": [[0.00034299364779144526, 0.00036958089913241565, 0.00011385188554413617, 0.00021841378475073725, -3.4669948945520446e-05, 0.00043255352647975087, -0.00016716314712539315, 0.00019273112411610782, -0.0004190097388345748, -0.00019076284661423415, -0.0001583759585628286, -6.119924364611506e-05, 0.00010256265522912145], [0.00036958089913241565, 0.0009051741799339652, 0.0004748418868985027, 0.00028786147595383227, -8.951376003096811e-06, 0.00022847700165584683, -0.0004074752505403012, 0.0003765168657992035, 0.00025402658502571285, -6.307286093942821e-05, 0.0004684602899942547, -0.00045834077172912657, 0.0003372881037648767], [0.00011385188554413617, 0.0004748418868985027, 0.0020702106412500143, 0.00013100817159283906, 0.0005832863971590996, -0.0010097044287249446, 0.00048046992742456496, -0.0006180920754559338, 0.0006911891978234053, 0.0004397704906295985, -0.00020635697001125664, -0.0005813781754113734, 0.00029653660021722317], [0.00021841378475073725, 0.00028786147595383227, 0.00013100817159283906, 0.00237322598695755, -0.0004341922758612782, -8.587785123381764e-05, -5.2268023864598945e-05, 0.0005837185890413821, -0.00027400252292864025, 0.0014586938777938485, 0.000567201292142272, -0.00030478238477371633, -0.0012854891829192638], [-3.4669948945520446e-05, -8.951376003096811e-06, 0.0005832863971590996, -0.0004341922758612782, 0.003660135669633746, 0.00028412413666956127, 0.0017618079436942935, -0.000377333170035854, 0.00023945873545017093, -0.0001545501290820539, 0.0007999098743312061, -0.0004467340186238289, 0.000815454579424113], [0.00043255352647975087, 0.00022847700165584683, -0.0010097044287249446, -8.587785123381764e-05, 0.00028412413666956127, 0.003382106777280569, -0.00010838567686732858, 2.7367257644073106e-05, 0.00011660403833957389, -0.0001753096585161984, -0.0006943828193470836, 0.0018355327192693949, 6.717256474075839e-05], [-0.00016716314712539315, -0.0004074752505403012, 0.00048046992742456496, -5.2268023864598945e-05, 0.0017618079436942935, -0.00010838567686732858, 0.005923044867813587, 0.0013412721455097198, 0.0009484814945608377, 0.00014980192645452917, 0.001516743446700275, 0.00012231404252815992, -7.426380761899054e-05], [0.00019273112411610782, 0.0003765168657992035, -0.0006180920754559338, 0.0005837185890413821, -0.000377333170035854, 2.7367257644073106e-05, 0.0013412721455097198, 0.008482514880597591, 0.0005889025051146746, 0.0016560289077460766, 0.0006517651490867138, 0.0002197117282776162, -0.0004905898822471499], [-0.0004190097388345748, 0.00025402658502571285, 0.0006911891978234053, -0.00027400252292864025, 0.00023945873545017093, 0.00011660403833957389, 0.0009484814945608377, 0.0005889025051146746, 0.00706538837403059, 0.00010289384954376146, 5.672371116816066e-05, 0.0005432592588476837, 0.0014012027531862259], [-0.00019076284661423415, -6.307286093942821e-05, 0.0004397704906295985, 0.0014586938777938485, -0.0001545501290820539, -0.0001753096585161984, 0.00014980192645452917, 0.0016560289077460766, 0.00010289384954376146, 0.007733597420156002, -0.001238545635715127, 0.00265565887093544, 0.001538470503874123], [-0.0001583759585628286, 0.0004684602899942547, -0.00020635697001125664, 0.000567201292142272, 0.0007999098743312061, -0.0006943828193470836, 0.001516743446700275, 0.0006517651490867138, 5.672371116816066e-05, -0.001238545635715127, 0.0109600480645895, -0.003388314973562956, -0.00012496221461333334], [-6.119924364611506e-05, -0.00045834077172912657, -0.0005813781754113734, -0.00030478238477371633, -0.0004467340186238289, 0.0018355327192693949, 0.00012231404252815992, 0.0002197117282776162, 0.0005432592588476837, 0.00265565887093544, -0.003388314973562956, 0.010459616780281067, 0.0002644200867507607], [0.00010256265522912145, 0.0003372881037648767, 0.00029653660021722317, -0.0012854891829192638, 0.000815454579424113, 6.717256474075839e-05, -7.426380761899054e-05, -0.0004905898822471499, 0.0014012027531862259, 0.001538470503874123, -0.00012496221461333334, 0.0002644200867507607, 0.010440914891660213]], "metadata.audio_properties.analysis.downmix": "mix", "metadata.audio_properties.codec": "mp3", "metadata.audio_properties.md5_encoded": "e9103159127691ad4cd44d954aa609bb", "metadata.tags.file_name": "1183707350729764935.mp3", "metadata.version.essentia": "2.1-beta6-dev", "metadata.version.essentia_git_sha": "v2.1_beta5-1110-g77a6a954", "metadata.version.extractor": "music 2.0", "tonal.chords_key": "A", "tonal.chords_scale": "minor", "tonal.key_edma.key": "D", "tonal.key_edma.scale": "minor", "tonal.key_krumhansl.key": "D", "tonal.key_krumhansl.scale": "minor", "tonal.key_temperley.key": "D", "tonal.key_temperley.scale": "minor", "metadata.tags.encoding": ["Lavf58.45.100"]}, "essentia_models": [{"model_name": "genre_dortmund", "activations": {"alternative": "0.08036188", "blues": "0.006892845", "electronic": "0.053385817", "folkcountry": "0.26091915", "funksoulrnb": "0.010512011", "jazz": "0.13400851", "pop": "0.31736583", "raphiphop": "0.029552042", "rock": "0.06430733"}}, {"model_name": "genre_rosamerica", "activations": {"classic": "0.08997319", "dance": "0.007314132", "hip hop": "0.002645415", "jazz": "0.051497955", "pop": "0.25870734", "rhythm and blues": "0.038980193", "rock": "0.123204246", "speech": "0.16257568"}}, {"model_name": "genre_tzanetakis", "activations": {"blues": "0.110721305", "classic": "0.044297706", "country": "0.08736962", "disco": "0.024834625", "hip hop": "0.004792456", "jazz": "0.027051594", "metal": "0.04621192", "pop": "0.12538733", "reggae": "0.0012626826", "rock": "0.15158783"}}, {"model_name": "genre_electronic", "activations": {"ambient": "0.3665307", "dnb": "0.25326863", "house": "0.2515012", "techno": "0