{"song_id": "1183696921219584020", "download": "https://cdn.discordapp.com/attachments/1135911532732108921/1183696921219584020/chirp.mp4?ex=658946aa&amp", "lyrics": "[Verse]\nAnurag's a poet, sensitive and deep\nWords flow through his veins, emotions on repeat\nBut he's got addictions, a battle he can't win\nFood and gambling, his demons from within\n\n[Chorus]\nAnurag, oh Anurag, lost among his rhymes\nSearching for solace in his vices, every time\nAnurag, oh Anurag, can't you break free\nFrom the chains that bind you, let your spirit roam wild and free", "style": ["Instrumental Rap"], "essentia_features": {"lowlevel.average_loudness": 0.3846878111362457, "lowlevel.barkbands_crest.mean": 13.079136848449707, "lowlevel.barkbands_crest.stdev": 5.135104179382324, "lowlevel.barkbands_flatness_db.mean": 0.24984681606292725, "lowlevel.barkbands_flatness_db.stdev": 0.10594014823436737, "lowlevel.barkbands_kurtosis.mean": 17.996488571166992, "lowlevel.barkbands_kurtosis.stdev": 38.01604080200195, "lowlevel.barkbands_skewness.mean": 1.6205402612686157, "lowlevel.barkbands_skewness.stdev": 2.4770395755767822, "lowlevel.barkbands_spread.mean": 14.936564445495605, "lowlevel.barkbands_spread.stdev": 15.554308891296387, "lowlevel.dissonance.mean": 0.4177553653717041, "lowlevel.dissonance.stdev": 0.06383385509252548, "lowlevel.dynamic_complexity": 4.868869304656982, "lowlevel.erbbands_crest.mean": 13.937596321105957, "lowlevel.erbbands_crest.stdev": 5.649016380310059, "lowlevel.erbbands_flatness_db.mean": 0.2564365863800049, "lowlevel.erbbands_flatness_db.stdev": 0.1096298098564148, "lowlevel.erbbands_kurtosis.mean": 7.56242036819458, "lowlevel.erbbands_kurtosis.stdev": 13.784440994262695, "lowlevel.erbbands_skewness.mean": 0.5006265044212341, "lowlevel.erbbands_skewness.stdev": 1.6800270080566406, "lowlevel.erbbands_spread.mean": 25.30697250366211, "lowlevel.erbbands_spread.stdev": 22.781211853027344, "lowlevel.hfc.mean": 22.65374183654785, "lowlevel.hfc.stdev": 33.20640182495117, "lowlevel.loudness_ebu128.integrated": -16.64525604248047, "lowlevel.loudness_ebu128.loudness_range": 6.097440719604492, "lowlevel.loudness_ebu128.momentary.mean": -18.6442928314209, "lowlevel.loudness_ebu128.momentary.stdev": 4.341764450073242, "lowlevel.loudness_ebu128.short_term.mean": -17.68878746032715, "lowlevel.loudness_ebu128.short_term.stdev": 2.5427606105804443, "lowlevel.melbands_crest.mean": 19.246471405029297, "lowlevel.melbands_crest.stdev": 9.658753395080566, "lowlevel.melbands_flatness_db.mean": 0.2909586429595947, "lowlevel.melbands_flatness_db.stdev": 0.12418782711029053, "lowlevel.melbands_kurtosis.mean": 30.160987854003906, "lowlevel.melbands_kurtosis.stdev": 75.90360260009766, "lowlevel.melbands_skewness.mean": 2.5273385047912598, "lowlevel.melbands_skewness.stdev": 3.8224129676818848, "lowlevel.melbands_spread.mean": 25.55186653137207, "lowlevel.melbands_spread.stdev": 40.486019134521484, "lowlevel.pitch_salience.mean": 0.445876806974411, "lowlevel.pitch_salience.stdev": 0.18682903051376343, "lowlevel.silence_rate_20dB.mean": 1.0, "lowlevel.silence_rate_20dB.stdev": 0.0, "lowlevel.silence_rate_30dB.mean": 0.920895516872406, "lowlevel.silence_rate_30dB.stdev": 0.26990118622779846, "lowlevel.silence_rate_60dB.mean": 0.25597015023231506, "lowlevel.silence_rate_60dB.stdev": 0.4364047646522522, "lowlevel.spectral_centroid.mean": 1384.101318359375, "lowlevel.spectral_centroid.stdev": 1125.3160400390625, "lowlevel.spectral_complexity.mean": 9.0820894241333, "lowlevel.spectral_complexity.stdev": 7.353917121887207, "lowlevel.spectral_decrease.mean": -7.802090529196448e-09, "lowlevel.spectral_decrease.stdev": 1.0134818317908412e-08, "lowlevel.spectral_energy.mean": 0.0315016433596611, "lowlevel.spectral_energy.stdev": 0.039271723479032516, "lowlevel.spectral_energyband_high.mean": 0.0013766331830993295, "lowlevel.spectral_energyband_high.stdev": 0.004073573276400566, "lowlevel.spectral_energyband_low.mean": 0.016850149258971214, "lowlevel.spectral_energyband_low.stdev": 0.03324170783162117, "lowlevel.spectral_energyband_middle_high.mean": 0.006656257435679436, "lowlevel.spectral_energyband_middle_high.stdev": 0.012720001861453056, "lowlevel.spectral_energyband_middle_low.mean": 0.006512680556625128, "lowlevel.spectral_energyband_middle_low.stdev": 0.009459170512855053, "lowlevel.spectral_entropy.mean": 7.00698184967041, "lowlevel.spectral_entropy.stdev": 0.9617003798484802, "lowlevel.spectral_flux.mean": 0.0708179622888565, "lowlevel.spectral_flux.stdev": 0.054520197212696075, "lowlevel.spectral_kurtosis.mean": 12.059432983398438, "lowlevel.spectral_kurtosis.stdev": 19.93023109436035, "lowlevel.spectral_rms.mean": 0.004511462990194559, "lowlevel.spectral_rms.stdev": 0.0032218019478023052, "lowlevel.spectral_rolloff.mean": 1726.81591796875, "lowlevel.spectral_rolloff.stdev": 2239.327392578125, "lowlevel.spectral_skewness.mean": 2.2056949138641357, "lowlevel.spectral_skewness.stdev": 1.6537832021713257, "lowlevel.spectral_spread.mean": 4338074.5, "lowlevel.spectral_spread.stdev": 2293346.75, "lowlevel.spectral_strongpeak.mean": 1.390536904335022, "lowlevel.spectral_strongpeak.stdev": 1.9011272192001343, "lowlevel.zerocrossingrate.mean": 0.06366968899965286, "lowlevel.zerocrossingrate.stdev": 0.0659881979227066, "metadata.audio_properties.analysis.equal_loudness": 0.0, "metadata.audio_properties.analysis.length": 31.082653045654297, "metadata.audio_properties.analysis.sample_rate": 44100.0, "metadata.audio_properties.analysis.start_time": 0.0, "metadata.audio_properties.bit_rate": 120981.0, "metadata.audio_properties.length": 31.082666397094727, "metadata.audio_properties.lossless": 0.0, "metadata.audio_properties.number_channels": 1.0, "metadata.audio_properties.replay_gain": -11.105155944824219, "metadata.audio_properties.sample_rate": 48000.0, "rhythm.beats_count": 71.0, "rhythm.beats_loudness.mean": 0.04223288968205452, "rhythm.beats_loudness.stdev": 0.04531744867563248, "rhythm.bpm": 144.22547912597656, "rhythm.bpm_histogram_first_peak_bpm": 144.0, "rhythm.bpm_histogram_first_peak_weight": 0.5128204822540283, "rhythm.bpm_histogram_second_peak_bpm": 133.0, "rhythm.bpm_histogram_second_peak_spread": 0.6190476417541504, "rhythm.bpm_histogram_second_peak_weight": 0.11428571492433548, "rhythm.danceability": 1.1231417655944824, "rhythm.onset_rate": 3.9867372512817383, "tonal.chords_changes_rate": 0.05216095224022865, "tonal.chords_number_rate": 0.007451565004885197, "tonal.chords_strength.mean": 0.5057143568992615, "tonal.chords_strength.stdev": 0.062182486057281494, "tonal.hpcp_crest.mean": 17.19864273071289, "tonal.hpcp_crest.stdev": 7.440601825714111, "tonal.hpcp_entropy.mean": 1.509881854057312, "tonal.hpcp_entropy.stdev": 0.6407656669616699, "tonal.key_edma.strength": 0.7531827092170715, "tonal.key_krumhansl.strength": 0.7634620666503906, "tonal.key_temperley.strength": 0.7716348767280579, "tonal.tuning_diatonic_strength": 0.6496688723564148, "tonal.tuning_equal_tempered_deviation": 0.20629480481147766, "tonal.tuning_frequency": 434.193115234375, "tonal.tuning_nontempered_energy_ratio": 0.9176870584487915, "lowlevel.barkbands.mean": [0.006192702800035477, 0.010574846528470516, 0.0004324774199631065, 0.0003547924570739269, 0.0006782457930967212, 0.0010089209536090493, 0.0009867883054539561, 0.0014774645678699017, 0.0015108601655811071, 0.0016079244669526815, 0.0006489169900305569, 0.0015629502013325691, 0.0007901107310317457, 0.0006938627338968217, 0.00035028913407586515, 0.0005766154499724507, 0.00044147117296233773, 0.00010776027920655906, 7.392022962449118e-05, 9.20041638892144e-05, 9.736961510498077e-05, 0.0005814447067677975, 0.0004188514139968902, 0.00011283963249297813, 8.586436888435856e-05, 4.1467483242740855e-05, 9.228267572325421e-07], "lowlevel.barkbands.stdev": [0.012311186641454697, 0.02302461490035057, 0.001076946035027504, 0.0006957267178222537, 0.0014734313590452075, 0.002410643268376589, 0.003055536188185215, 0.00547579862177372, 0.004037309903651476, 0.004118202719837427, 0.0032202175352722406, 0.005876717623323202, 0.003612685250118375, 0.0027275411412119865, 0.0014838076895102859, 0.002193767111748457, 0.0012488182401284575, 0.00030344308470375836, 0.0002464913995936513, 0.00024335496709682047, 0.00037346783210523427, 0.001898193615488708, 0.0014105173759162426, 0.0003181789652444422, 0.00027702137595042586, 0.00012278165377210826, 4.630024250218412e-06], "lowlevel.erbbands.mean": [0.7366366982460022, 0.70542973279953, 0.4469337463378906, 1.083188772201538, 1.810315489768982, 1.9535819292068481, 3.4161627292633057, 10.267477989196777, 14.358622550964355, 20.49106216430664, 30.134754180908203, 28.35895538330078, 61.0352897644043, 27.976341247558594, 50.463069915771484, 46.68578338623047, 31.07270622253418, 42.41989517211914, 22.09339141845703, 19.38089942932129, 33.13689422607422, 27.45323944091797, 8.79422664642334, 3.3181028366088867, 4.800131320953369, 4.187127590179443, 3.2436017990112305, 5.565138816833496, 19.371124267578125, 22.223352432250977, 9.366305351257324, 3.305196523666382, 1.6220686435699463, 1.061896800994873, 0.5315184593200684, 0.240572988986969, 0.06469675153493881, 0.0072633251547813416, 0.00018367564189247787, 4.5343524107011035e-05], "lowlevel.erbbands.stdev": [1.528111219406128, 2.3113389015197754, 1.431884527206421, 2.0187785625457764, 4.394418716430664, 4.93425178527832, 8.82370376586914, 25.1205997467041, 43.21372604370117, 59.43501663208008, 104.6782455444336, 71.6261215209961, 153.34603881835938, 73.72660064697266, 178.66844177246094, 181.53184509277344, 125.72239685058594, 175.82989501953125, 79.73478698730469, 60.972965240478516, 130.32162475585938, 79.9719467163086, 22.84861183166504, 9.009278297424316, 17.19124412536621, 10.775323867797852, 9.917978286743164, 21.37641143798828, 63.23971939086914, 77.3024673461914, 28.887279510498047, 9.14327621459961, 4.8488311767578125, 3.5977602005004883, 1.648115634918213, 0.7354936003684998, 0.20019496977329254, 0.0254016425460577, 0.000589582952670753, 5.243180930847302e-05], "lowlevel.gfcc.mean": [-105.24867248535156, 84.03736114501953, -125.77723693847656, 1.6043355464935303, -85.29568481445312, 13.174904823303223, -27.329614639282227, 11.177213668823242, -9.36395263671875, -12.208388328552246, -24.28616714477539, 1.2933459281921387, -8.926312446594238], "lowlevel.melbands.mean": [0.004827924072742462, 0.00037777505349367857, 0.0001987100695259869, 0.00014292031119111925, 0.00011220964370295405, 0.0002292618592036888, 0.00021165031648706645, 0.00026433778111822903, 0.00022399696172215044, 0.00020006867998745292, 0.00031709307222627103, 0.0001236059470102191, 0.0001323656179010868, 0.00019540452922228724, 6.809060869272798e-05, 8.967248140834272e-05, 7.317876588786021e-05, 3.582688805181533e-05, 2.8590318834176287e-05, 2.9652326702489518e-05, 3.874861795338802e-05, 2.959093762910925e-05, 1.4717808880959637e-05, 4.131539299123688e-06, 2.33453852160892e-06, 3.0567198336939327e-06, 3.9447841118089855e-06, 2.476687086527818e-06, 1.7908813561007264e-06, 2.2438298401539214e-06, 3.3426799745939206e-06, 9.59683984547155e-06, 1.408421576343244e-05, 1.1902891856152564e-05, 5.895348294870928e-06, 2.941496177299996e-06, 1.593856268300442e-06, 1.0992481520588626e-06, 1.0216946293439833e-06, 8.48487104576634e-07], "lowlevel.melbands.stdev": [0.009943044744431973, 0.0012777001829817891, 0.00033639499451965094, 0.0003482363827060908, 0.0002807781274896115, 0.0005408312426880002, 0.000622715160716325, 0.0008297751192003489, 0.000736463931389153, 0.000534737715497613, 0.0007758732535876334, 0.0003253039321862161, 0.0005336942267604172, 0.0007776377606205642, 0.00037069828249514103, 0.0004278571286704391, 0.0002984036400448531, 0.00014667189680039883, 0.0001261445868294686, 0.00010634869977366179, 0.00017968707834370434, 8.941048145061359e-05, 4.144489503232762e-05, 1.1771300705731846e-05, 6.9903626354062e-06, 1.1885738786077127e-05, 1.3152925930626225e-05, 6.443738584493985e-06, 5.381719347496983e-06, 8.450797395198606e-06, 1.390530087519437e-05, 3.227293200325221e-05, 4.703107333625667e-05, 4.401519618113525e-05, 1.8849565094569698e-05, 8.21412140794564e-06, 4.55710187452496e-06, 3.3035394153557718e-06, 3.4495722047722666e-06, 2.971663207063102e-06], "lowlevel.melbands128.mean": [0.005616049747914076, 0.008217288181185722, 0.0032835882157087326, 0.0006440108409151435, 0.00018144275236409158, 0.0002381480735493824, 0.00023801175120752305, 0.0001488536800025031, 0.00019616128702182323, 0.0001697540865279734, 8.479999814881012e-05, 9.813997894525528e-05, 9.775731450645253e-05, 0.0001523760292911902, 0.00022512362920679152, 0.00027687937836162746, 0.0002763084485195577, 0.00018521353194955736, 0.00014340660709422082, 0.00019614127813838422, 0.0003649978607427329, 0.0003920159360859543, 0.00015308715228457004, 0.00013541649968829006, 0.0001230495108757168, 0.00023402823717333376, 0.0003695887280628085, 0.00028240392566658556, 0.00038023662636987865, 0.00012756440264638513, 4.035168967675418e-05, 7.274800009327009e-05, 0.00011361363431205973, 0.0001588726881891489, 0.0003283009573351592, 0.00016365083865821362, 6.113079871283844e-05, 9.077385766431689e-05, 4.85462587676011e-05, 3.750076939468272e-05, 0.00010289662895957008, 0.00016767674242146313, 5.901410986552946e-05, 3.523089981172234e-05, 5.665426579071209e-05, 2.430501626804471e-05, 2.8724902222165838e-05, 3.8782221963629127e-05, 2.3727667212369852e-05, 1.6064728697529063e-05, 3.1063264032127336e-05, 3.920618473784998e-05, 5.1074563089059666e-05, 3.511297836666927e-05, 1.9271055862191133e-05, 3.560621917131357e-05, 3.215105243725702e-05, 1.7906455468619242e-05, 9.07269713934511e-06, 5.73886700294679e-06, 4.095895747013856e-06, 2.7694570690073306e-06, 2.154349886041018e-06, 2.170396101064398e-06, 2.6566008273221087e-06, 2.9067439299979014e-06, 3.144689117107191e-06, 4.517039087659214e-06, 4.2581759771564975e-06, 3.132437768726959e-06, 2.4883954665710917e-06, 2.238649358332623e-06, 1.6246350469373283e-06, 1.6972953744698316e-06, 1.912814013849129e-06, 2.403312009846559e-06, 2.2665203687211033e-06, 2.2141489353089128e-06, 3.28620194522955e-06, 4.101745162188308e-06, 7.82733150117565e-06, 1.2118429367546923e-05, 1.4248625120671932e-05, 1.4752089555258863e-05, 1.332963347522309e-05, 1.3364421647565905e-05, 1.1702862138918135e-05, 8.421183338214178e-06, 5.757400231232168e-06, 3.744549530892982e-06, 3.536202029863489e-06, 2.748482074821368e-06, 1.933401790665812e-06, 1.6687182551322621e-06, 1.3057936030236306e-06, 1.0515133226363105e-06, 1.084614837054687e-06, 1.1275293445578427e-06, 9.902355486701708e-07, 9.660844852987793e-07, 1.0170417681365507e-06, 7.839277600396599e-07, 7.653438842680771e-07, 5.688551709681633e-07, 6.027133281349961e-07, 5.472961106534058e-07, 5.80185030685243e-07, 4.688760384397028e-07, 3.68084585034012e-07, 3.992482504600048e-07, 3.368690499883087e-07, 2.1826087959198048e-07, 1.9263791273260722e-07, 1.5260771135672258e-07, 1.0049333099004798e-07, 7.814254132654241e-08, 3.3538601229565757e-08, 7.819873637515684e-09, 1.1578131509093481e-10, 5.43430925259436e-12, 5.130815043663528e-12, 5.006760631087737e-12, 4.896268286647132e-12, 4.799037035818632e-12, 4.688805767261162e-12, 4.5651811324265434e-12, 4.488868478313979e-12, 4.4579179757364695e-12], "lowlevel.melbands128.stdev": [0.011138076893985271, 0.016873635351657867, 0.008092782460153103, 0.0028268087189644575, 0.0009408010519109666, 0.0005282667698338628, 0.0004837052256334573, 0.00034128030529245734, 0.0005460304673761129, 0.0005452013574540615, 0.00028032634872943163, 0.0003100952599197626, 0.0003174488665536046, 0.0005374539759941399, 0.0006656165351159871, 0.0008783616358414292, 0.000920382677577436, 0.0008387411362491548, 0.0006355237565003335, 0.0007506842957809567, 0.0014611076330766082, 0.0017915840726345778, 0.0006461027078330517, 0.0006121579208411276, 0.0005292922724038363, 0.0008043299894779921, 0.0013182037509977818, 0.0011617644922807813, 0.0008412438910454512, 0.0005506037850864232, 0.0002371471346123144, 0.0004743994795717299, 0.000779222056735307, 0.0007721376023255289, 0.001404414651915431, 0.0010234609944745898, 0.0003750913019757718, 0.0006447476916946471, 0.0003835792886093259, 0.00020022196986246854, 0.0007176357903517783, 0.000979454955086112, 0.00030436512315645814, 0.00019996963965240866, 0.00034734635846689343, 0.00013873098941985518, 0.00017155465320684016, 0.00023806182434782386, 0.00010310698417015374, 7.111424929462373e-05, 0.00016883161151781678, 0.00020250632951501757, 0.000246651703491807, 0.00028447533259168267, 6.645852408837527e-05, 0.00013536323967855424, 0.00012091443932149559, 6.538604793604463e-05, 2.944650077552069e-05, 2.017370570683852e-05, 1.3926591236668173e-05, 9.234498975274619e-06, 8.393260941375047e-06, 7.601125162182143e-06, 9.946926184056792e-06, 1.4589268175768666e-05, 1.3802547982777469e-05, 1.912251354951877e-05, 1.5682311641285196e-05, 9.76001683739014e-06, 7.3949208854173776e-06, 7.312376510526519e-06, 4.8962833716359455e-06, 5.7316688071296085e-06, 7.396469300147146e-06, 9.797535312827677e-06, 9.635130481910892e-06, 9.783432687981986e-06, 1.8852708308259025e-05, 1.5130986867006868e-05, 2.9752911359537393e-05, 4.2627005313988775e-05, 4.710456414613873e-05, 5.1604121836135164e-05, 5.0154678319813684e-05, 5.430516102933325e-05, 4.910492498311214e-05, 2.9258349968586117e-05, 2.05167834792519e-05, 1.1119946975668427e-05, 1.0427779670862947e-05, 8.217516551667359e-06, 6.138494882179657e-06, 5.191043783270288e-06, 4.2392912291688845e-06, 3.3649453143880237e-06, 3.5912707971874624e-06, 3.931386800104519e-06, 3.562980282367789e-06, 3.6476519653660944e-06, 3.7376580621639732e-06, 2.782983301585773e-06, 3.0718574635102414e-06, 1.7615980141272303e-06, 2.159742962248856e-06, 1.8285101077708532e-06, 1.8798112932927324e-06, 1.5525821481787716e-06, 1.334389139628911e-06, 1.2694257520706742e-06, 1.0583147513898439e-06, 6.831417636021797e-07, 7.348609187829425e-07, 6.244607106964395e-07, 3.5413569321463e-07, 3.1021014024190663e-07, 1.5582909895783814e-07, 7.049072081599661e-08, 1.702614493837018e-09, 1.1171864648662488e-11, 1.025105608037924e-11, 1.0019633560343078e-11, 9.799316740000119e-12, 9.628351935186963e-12, 9.48140264217523e-12, 9.362803067569647e-12, 9.278062693129918e-12, 9.226102520853985e-12], "lowlevel.mfcc.mean": [-749.27978515625, 118.7040023803711, 5.010618209838867, -7.825868606567383, -23.290184020996094, -4.4914326667785645, -18.65414810180664, 18.8195858001709, 6.403308868408203, 2.3253533840179443, -1.9363702535629272, -8.746580123901367, -1.620719313621521], "lowlevel.spectral_contrast_coeffs.mean": [-0.6904803514480591, -0.7097693681716919, -0.6832275390625, -0.793178379535675, -0.7901302576065063, -0.7475187182426453], "lowlevel.spectral_contrast_coeffs.stdev": [0.11725866049528122, 0.08894708007574081, 0.09692560136318207, 0.07808343321084976, 0.06666011363267899, 0.0629519522190094], "lowlevel.spectral_contrast_valleys.mean": [-8.60258674621582, -7.638100624084473, -8.173425674438477, -8.804039001464844, -8.972208976745605, -11.326581001281738], "lowlevel.spectral_contrast_valleys.stdev": [1.656444787979126, 0.9782098531723022, 1.0450342893600464, 1.2847518920898438, 1.2996009588241577, 1.7699874639511108], "rhythm.beats_loudness_band_ratio.mean": [0.2575843036174774, 0.08950912952423096, 0.24929234385490417, 0.25086134672164917, 0.07464458048343658, 0.12185454368591309], "rhythm.beats_loudness_band_ratio.stdev": [0.32059788703918457, 0.15461234748363495, 0.2434735745191574, 0.2745532989501953, 0.1088232472538948, 0.2533874809741974], "tonal.hpcp.mean": [0.041743215173482895, 0.02720584161579609, 0.023415805771946907, 0.021735450252890587, 0.02064565196633339, 0.028247827664017677, 0.05766373872756958, 0.05799716338515282, 0.030323736369609833, 0.02696515992283821, 0.038460347801446915, 0.1736234426498413, 0.41067227721214294, 0.34972861409187317, 0.11385834217071533, 0.042643845081329346, 0.0364418625831604, 0.04096559062600136, 0.06457524001598358, 0.06898824870586395, 0.04860108345746994, 0.07130490243434906, 0.07449588924646378, 0.0430578775703907, 0.03953234851360321, 0.03842783719301224, 0.04455672577023506, 0.11403028666973114, 0.13833224773406982, 0.07867442816495895, 0.06096300110220909, 0.07054101675748825, 0.07406926900148392, 0.25138747692108154, 0.3276404142379761, 0.14046610891819], "tonal.hpcp.stdev": [0.16000959277153015, 0.11071858555078506, 0.11342380940914154, 0.0988079085946083, 0.0933179035782814, 0.11028478294610977, 0.16246941685676575, 0.16250739991664886, 0.09715719521045685, 0.09657862782478333, 0.1237025186419487, 0.2845090925693512, 0.4053148031234741, 0.3720158338546753, 0.19480746984481812, 0.145896777510643, 0.13316331803798676, 0.13616816699504852, 0.17477856576442719, 0.1809142380952835, 0.14503806829452515, 0.19245274364948273, 0.21893781423568726, 0.12212911248207092, 0.1407773345708847, 0.12883807718753815, 0.14752113819122314, 0.2314452975988388, 0.2736569046974182, 0.17942291498184204, 0.18440265953540802, 0.20427481830120087, 0.1874334216117859, 0.31724289059638977, 0.3927072286605835, 0.23042839765548706], "rhythm.beats_position": [0.4876190423965454, 0.9636281132698059, 1.4280271530151367, 1.904036283493042, 2.3800454139709473, 2.8560543060302734, 3.3320634365081787, 3.808072566986084, 4.28408145904541, 4.736870765686035, 5.189659595489502, 5.642448902130127, 6.072018146514893, 6.51319694519043, 6.965986251831055, 7.430385589599609, 7.894784450531006, 8.359183311462402, 8.823582649230957, 9.287981986999512, 9.729161262512207, 10.170339584350586, 10.611518859863281, 11.064308166503906, 11.517097473144531, 11.958276748657227, 12.376235961914062, 12.805805206298828, 13.235373497009277, 13.653332710266113, 14.05968189239502, 14.466031074523926, 14.883990287780762, 15.290339469909668, 15.696688652038574, 16.114648818969727, 16.532608032226562, 16.9505672454834, 17.368526458740234, 17.78648567199707, 18.169614791870117, 18.541133880615234, 18.93587303161621, 19.342222213745117, 19.760181427001953, 20.17814064025879, 20.596099853515625, 21.02566909790039, 21.455238342285156, 21.884807586669922, 22.337596893310547, 22.77877426147461, 23.231563568115234, 23.67274284362793, 24.102312088012695, 24.52027130126953, 24.926620483398438, 25.332969665527344, 25.75092887878418, 26.168888092041016, 26.58684730529785, 26.993196487426758, 27.399545669555664, 27.80589485168457, 28.212244033813477, 28.630203247070312, 29.04816246032715, 29.466121673583984, 29.87247085571289, 30.278820037841797, 30.696779251098633], "rhythm.bpm_histogram": [0.0, 0.0, 0.0, 0.0, 0.0, 0.0, 0.0, 0.0, 0.0, 0.0, 0.0, 0.0, 0.0, 0.0, 0.0, 0.0, 0.0, 0.0, 0.0, 0.0, 0.0, 0.0, 0.0, 0.0, 0.0, 0.0, 0.0, 0.0, 0.0, 0.0, 0.0, 0.0, 0.0, 0.0, 0.0, 0.0, 0.0, 0.0, 0.0, 0.0, 0.0, 0.0, 0.0, 0.0, 0.0, 0.0, 0.0, 0.0, 0.0, 0.0, 0.0, 0.0, 0.0, 0.0, 0.0, 0.0, 0.0, 0.0, 0.0, 0.0, 0.0, 0.0, 0.0, 0.0, 0.0, 0.0, 0.0, 0.0, 0.0, 0.0, 0.0, 0.0, 0.0, 0.0, 0.0, 0.0, 0.0, 0.0, 0.0, 0.0, 0.0, 0.0, 0.0, 0.0, 0.0, 0.0, 0.0, 0.0, 0.0, 0.0, 0.0, 0.0, 0.0, 0.0, 0.0, 0.0, 0.0, 0.0, 0.0, 0.0, 0.0, 0.0, 0.0, 0.0, 0.0, 0.0, 0.0, 0.0, 0.0, 0.0, 0.0, 0.0, 0.0, 0.0, 0.0, 0.0, 0.0, 0.0, 0.0, 0.0, 0.0, 0.0, 0.0, 0.0, 0.0, 0.0, 0.10000000149011612, 0.0, 0.0, 0.08571428805589676, 0.0, 0.0, 0.0, 0.11428571492433548, 0.0, 0.0, 0.10000000149011612, 0.0, 0.0, 0.0, 0.10000000149011612, 0.0, 0.0, 0.0, 0.27142858505249023, 0.0, 0.0, 0.0, 0.18571428954601288, 0.0, 0.0, 0.0, 0.014285714365541935, 0.0, 0.0, 0.0, 0.0, 0.014285714365541935, 0.0, 0.0, 0.0, 0.014285714365541935, 0.0, 0.0, 0.0, 0.0, 0.0, 0.0, 0.0, 0.0, 0.0, 0.0, 0.0, 0.0, 0.0, 0.0, 0.0, 0.0, 0.0, 0.0, 0.0, 0.0, 0.0, 0.0, 0.0, 0.0, 0.0, 0.0, 0.0, 0.0, 0.0, 0.0, 0.0, 0.0, 0.0, 0.0, 0.0, 0.0, 0.0, 0.0, 0.0, 0.0, 0.0, 0.0, 0.0, 0.0, 0.0, 0.0, 0.0, 0.0, 0.0, 0.0, 0.0, 0.0, 0.0, 0.0, 0.0, 0.0, 0.0, 0.0, 0.0, 0.0, 0.0, 0.0, 0.0, 0.0, 0.0, 0.0, 0.0, 0.0, 0.0, 0.0, 0.0, 0.0, 0.0, 0.0, 0.0, 0.0, 0.0, 0.0, 0.0, 0.0, 0.0, 0.0, 0.0, 0.0, 0.0, 0.0, 0.0, 0.0], "tonal.chords_histogram": [17.734724044799805, 0.0, 0.0, 0.0, 0.0, 0.0, 0.0, 0.0, 0.0, 0.0, 0.0, 0.0, 0.0, 0.0, 0.0, 4.023845195770264, 0.0, 47.98807907104492, 0.14903129637241364, 15.201191902160645, 0.0, 0.0, 14.903129577636719, 0.0], "tonal.thpcp": [1.0, 0.8516002297401428, 0.27724868059158325, 0.10383911430835724, 0.08873709291219711, 0.0997525081038475, 0.1572427600622177, 0.16798856854438782, 0.11834517866373062, 0.17362970113754272, 0.1813998520374298, 0.10484729707241058, 0.09626252204179764, 0.09357300400733948, 0.10849703848361969, 0.277667373418808, 0.3368434011936188, 0.19157472252845764, 0.14844684302806854, 0.17176960408687592, 0.18036101758480072, 0.6121364831924438, 0.7978147864341736, 0.34203943610191345, 0.1016460508108139, 0.06624708324670792, 0.0570182278752327, 0.05292651057243347, 0.05027281492948532, 0.06878435611724854, 0.14041303098201752, 0.1412249356508255, 0.07383925467729568, 0.06566102057695389, 0.0936521664261818, 0.42277857661247253], "lowlevel.gfcc.cov": [[15835.27734375, -2737.630615234375, 1555.2049560546875, 3682.731201171875, 907.8743286132812, 1972.0582275390625, -1241.8275146484375, -318.581787109375, 7.286524295806885, 1316.6431884765625, 170.19110107421875, 895.7784423828125, -816.3377685546875], [-2737.630615234375, 3486.865966796875, -502.76611328125, -749.0675659179688, 646.5194091796875, -454.72027587890625, 209.3607177734375, -214.31690979003906, 441.22930908203125, -366.9688720703125, 357.9706726074219, -167.54405212402344, 306.37255859375], [1555.2049560546875, -502.76611328125, 1945.71337890625, 1025.912109375, 229.693359375, 679.4435424804688, 106.2409439086914, 121.14217376708984, 38.07450485229492, 373.2308044433594, -21.50675392150879, 283.8501892089844, -69.17304229736328], [3682.731201171875, -749.0675659179688, 1025.912109375, 1831.8131103515625, 433.9853820800781, 617.3385620117188, -277.3407897949219, 52.31944274902344, 165.2698974609375, 372.05517578125, 8.859034538269043, 262.87396240234375, -97.6709976196289], [907.8743286132812, 646.5194091796875, 229.693359375, 433.9853820800781, 885.279296875, 305.19512939453125, 83.74449920654297, 95.16301727294922, 374.8287353515625, 197.95803833007812, 216.83871459960938, 143.7000274658203, 106.30423736572266], [1972.0582275390625, -454.72027587890625, 679.4435424804688, 617.3385620117188, 305.19512939453125, 934.15087890625, 197.09877014160156, -41.06674575805664, 174.78529357910156, 401.2293701171875, 43.05410385131836, 148.7994384765625, -112.48442077636719], [-1241.8275146484375, 209.3607177734375, 106.2409439086914, -277.3407897949219, 83.74449920654297, 197.09877014160156, 637.0169677734375, 143.27024841308594, 222.5234832763672, 66.875732421875, 114.97992706298828, -7.988898277282715, 84.27884674072266], [-318.581787109375, -214.31690979003906, 121.14217376708984, 52.31944274902344, 95.16301727294922, -41.06674575805664, 143.27024841308594, 307.187255859375, 144.98147583007812, 43.78936004638672, 40.18719482421875, 59.3231201171875, 81.37262725830078], [7.286524295806885, 441.22930908203125, 38.07450485229492, 165.2698974609375, 374.8287353515625, 174.78529357910156, 222.5234832763672, 144.98147583007812, 517.285400390625, 190.3117218017578, 177.96937561035156, 52.64915084838867, 112.23570251464844], [1316.6431884765625, -366.9688720703125, 373.2308044433594, 372.05517578125, 197.95803833007812, 401.2293701171875, 66.875732421875, 43.78936004638672, 190.3117218017578, 402.61700439453125, 111.47315216064453, 107.78792572021484, -96.70372772216797], [170.19110107421875, 357.9706726074219, -21.50675392150879, 8.859034538269043, 216.83871459960938, 43.05410385131836, 114.97992706298828, 40.18719482421875, 177.96937561035156, 111.47315216064453, 243.73550415039062, 81.46688079833984, 49.56354522705078], [895.7784423828125, -167.54405212402344, 283.8501892089844, 262.87396240234375, 143.7000274658203, 148.7994384765625, -7.988898277282715, 59.3231201171875, 52.64915084838867, 107.78792572021484, 81.46688079833984, 230.00657653808594, 39.811279296875], [-816.3377685546875, 306.37255859375, -69.17304229736328, -97.6709976196289, 106.30423736572266, -112.48442077636719, 84.27884674072266, 81.37262725830078, 112.23570251464844, -96.70372772216797, 49.56354522705078, 39.811279296875, 237.96495056152344]], "lowlevel.gfcc.icov": [[0.0003031201777048409, 3.929075683117844e-05, 0.00021194282453507185, -0.0003538361343089491, -5.313551446306519e-05, -0.00035491169546730816, 0.0004196896916255355, 7.161256507970393e-05, 7.411125989165157e-05, -0.0001399420143570751, -0.000215597334317863, -0.000740352610591799, 0.0006654323078691959], [3.929075683117844e-05, 0.001191326999105513, -0.0005331618012860417, 0.0004199072136543691, -0.0008880977984517813, 0.00037964960210956633, 0.0001387867087032646, 0.0016715392703190446, -0.001371440477669239, 0.0018438150873407722, -0.0015880799619480968, 0.0007580349920317531, 0.0001738775463309139], [0.00021194282453507185, -0.0005331618012860417, 0.001441389205865562, -0.0009005723986774683, 0.00034421603777445853, -0.0006281827809289098, -0.00020678210421465337, -0.0009349064785055816, 0.001220058766193688, -0.0015010423958301544, 0.0011155024403706193, -0.001551746274344623, 0.00024691669386811554], [-0.0003538361343089491, 0.0004199072136543691, -0.0009005723986774683, 0.0018653480801731348, -0.0004991043824702501, 4.227253157296218e-05, 0.0005222201580181718, 0.0002472934138495475, -0.001113077043555677, 0.0009872333612293005, -0.00019590290321502835, 0.0008418376091867685, -0.00045105276512913406], [-5.313551446306519e-05, -0.0008880977984517813, 0.00034421603777445853, -0.0004991043824702501, 0.0028529074043035507, -0.0009772478369995952, 0.0003985549265053123, -0.0014970749616622925, -2.7323119866196066e-05, -0.0007867613458074629, -0.00024158773885574192, -0.0004649482143577188, -0.0006880316650494933], [-0.00035491169546730816, 0.00037964960210956633, -0.0006281827809289098, 4.227253157296218e-05, -0.0009772478369995952, 0.004004138056188822, -0.0022250732872635126, 0.002353731542825699, -0.0005174108082428575, -0.0016650522593408823, 0.001633065170608461, 0.00010218287206953391, -0.0003489331866148859], [0.0004196896916255355, 0.0001387867087032646, -0.00020678210421465337, 0.0005222201580181718, 0.0003985549265053123, -0.0022250732872635126, 0.004105979111045599, -0.0014020121889188886, -0.0009790093172341585, 0.0010879174806177616, -0.0021613421849906445, 0.00020769319962710142, 0.0005299726035445929], [7.161256507970393e-05, 0.0016715392703190446, -0.0009349064785055816, 0.0002472934138495475, -0.0014970749616622925, 0.002353731542825699, -0.0014020121889188886, 0.007682650815695524, -0.002831774763762951, 0.0012381226988509297, -0.0005441340035758913, -0.00047891560825519264, -0.0003936371940653771], [7.411125989165157e-05, -0.001371440477669239, 0.001220058766193688, -0.001113077043555677, -2.7323119866196066e-05, -0.0005174108082428575, -0.0009790093172341585, -0.002831774763762951, 0.006625099573284388, -0.004510906524956226, 0.0007395031279884279, 0.00023477678769268095, -0.002150733955204487], [-0.0001399420143570751, 0.0018438150873407722, -0.0015010423958301544, 0.0009872333612293005, -0.0007867613458074629, -0.0016650522593408823, 0.0010879174806177616, 0.0012381226988509297, -0.004510906524956226, 0.010932688601315022, -0.005254161544144154, 0.0010891827987506986, 0.0033531561493873596], [-0.000215597334317863, -0.0015880799619480968, 0.0011155024403706193, -0.00019590290321502835, -0.00024158773885574192, 0.001633065170608461, -0.0021613421849906445, -0.0005441340035758913, 0.0007395031279884279, -0.005254161544144154, 0.011010464280843735, -0.0037848218344151974, -0.000763780262786895], [-0.000740352610591799, 0.0007580349920317531, -0.001551746274344623, 0.0008418376091867685, -0.0004649482143577188, 0.00010218287206953391, 0.00020769319962710142, -0.00047891560825519264, 0.00023477678769268095, 0.0010891827987506986, -0.0037848218344151974, 0.010545981116592884, -0.003919192589819431], [0.0006654323078691959, 0.0001738775463309139, 0.00024691669386811554, -0.00045105276512913406, -0.0006880316650494933, -0.0003489331866148859, 0.0005299726035445929, -0.0003936371940653771, -0.002150733955204487, 0.0033531561493873596, -0.000763780262786895, -0.003919192589819431, 0.009428967721760273]], "lowlevel.mfcc.cov": [[15955.294921875, -3340.559326171875, 950.1605834960938, 1578.6826171875, 1843.448974609375, 2323.400390625, -204.3972930908203, 30.543603897094727, -776.0125122070312, -110.92623138427734, 396.77398681640625, 655.0256958007812, 1053.086669921875], [-3340.559326171875, 3466.698974609375, -853.2064819335938, -385.8453674316406, 37.10348129272461, -358.8247375488281, -81.92699432373047, 60.428550720214844, 1.05350923538208, -15.299189567565918, -34.95629119873047, 9.71325397491455, -33.50783920288086], [950.1605834960938, -853.2064819335938, 1663.7430419921875, 473.4016418457031, 161.7802276611328, 650.6316528320312, 210.1240692138672, 95.12398529052734, 105.54802703857422, 28.726985931396484, 119.94644927978516, 93.03146362304688, 126.70360565185547], [1578.6826171875, -385.8453674316406, 473.4016418457031, 902.66064453125, 540.5391845703125, 267.60430908203125, -29.93280029296875, 122.54619598388672, 29.731691360473633, 5.54616641998291, -1.5557529926300049, 119.3070068359375, 201.20675659179688], [1843.448974609375, 37.10348129272461, 161.7802276611328, 540.5391845703125, 893.9161987304688, 455.3149719238281, -35.98006057739258, 84.80010223388672, 40.680538177490234, 83.00601196289062, 46.824161529541016, 173.0703582763672, 264.1510314941406], [2323.400390625, -358.8247375488281, 650.6316528320312, 267.60430908203125, 455.3149719238281, 1149.10107421875, 213.6060333251953, 108.13385772705078, 86.27851104736328, 162.19586181640625, 290.0021057128906, 257.55084228515625, 281.82122802734375], [-204.3972930908203, -81.92699432373047, 210.1240692138672, -29.93280029296875, -35.98006057739258, 213.6060333251953, 320.42315673828125, 97.06748962402344, 83.98919677734375, 87.016357421875, 129.71022033691406, 55.50381088256836, 30.92272186279297], [30.543603897094727, 60.428550720214844, 95.12398529052734, 122.54619598388672, 84.80010223388672, 108.13385772705078, 97.06748962402344, 253.95130920410156, 146.4020538330078, 79.04840087890625, 77.3564453125, 93.956298828125, 86.48201751708984], [-776.0125122070312, 1.05350923538208, 105.54802703857422, 29.731691360473633, 40.680538177490234, 86.27851104736328, 83.98919677734375, 146.4020538330078, 366.95916748046875, 194.97711181640625, 85.45635223388672, 91.74356842041016, 23.649765014648438], [-110.92623138427734, -15.299189567565918, 28.726985931396484, 5.54616641998291, 83.00601196289062, 162.19586181640625, 87.016357421875, 79.04840087890625, 194.97711181640625, 294.84600830078125, 195.12698364257812, 118.03729248046875, 90.89075469970703], [396.77398681640625, -34.95629119873047, 119.94644927978516, -1.5557529926300049, 46.824161529541016, 290.0021057128906, 129.71022033691406, 77.3564453125, 85.45635223388672, 195.12698364257812, 298.09161376953125, 172.75926208496094, 123.23858642578125], [655.0256958007812, 9.71325397491455, 93.03146362304688, 119.3070068359375, 173.0703582763672, 257.55084228515625, 55.50381088256836, 93.956298828125, 91.74356842041016, 118.03729248046875, 172.75926208496094, 255.91233825683594, 185.15057373046875], [1053.086669921875, -33.50783920288086, 126.70360565185547, 201.20675659179688, 264.1510314941406, 281.82122802734375, 30.92272186279297, 86.48201751708984, 23.649765014648438, 90.89075469970703, 123.23858642578125, 185.15057373046875, 272.4843444824219]], "lowlevel.mfcc.icov": [[0.0002671298570930958, 0.0002523508737795055, 0.0001479817583458498, -8.244441414717585e-05, -0.00020882517856080085, -0.0004253004735801369, 0.0003416520485188812, -0.00023812662402633578, 0.000690923654474318, 0.00010648564784787595, -8.301851630676538e-05, -0.00016929108824115247, -0.0002730834821704775], [0.0002523508737795055, 0.0005964550073258579, 0.00025926309172064066, 0.0001320003648288548, -0.00039277979522012174, -0.00029977125814184546, 0.00033651493140496314, -0.0004314279358368367, 0.0006409051711671054, 0.00023534688807558268, -0.00015500134031753987, -0.00023586559109389782, -0.00023416308977175504], [0.0001479817583458498, 0.00025926309172064066, 0.0011692134430631995, -0.0006748645100742579, 0.00027771390159614384, -0.0008195055415853858, -0.00017646797641646117, 6.589914119103923e-05, -7.97756074462086e-05, 0.0005348550039343536, -0.00019338254060130566, 0.0002575618855189532, -0.00026693407562561333], [-8.244441414717585e-05, 0.0001320003648288548, -0.0006748645100742579, 0.0025121564976871014, -0.0013392828404903412, 0.0005968671757727861, 0.00027311808662489057, -0.0008494580979458988, 2.4966889213828836e-06, 0.00019519816851243377, 0.00025838572764769197, -0.00017355747695546597, -0.000350993184838444], [-0.00020882517856080085, -0.00039277979522012174, 0.00027771390159614384, -0.0013392828404903412, 0.00296165538020432, -0.0007192614139057696, 7.041816570563242e-05, 0.00044025754323229194, -0.0005029661697335541, -0.0009589421097189188, 0.0013646509032696486, -4.6000048314454034e-05, -0.0008787461556494236], [-0.0004253004735801369, -0.00029977125814184546, -0.0008195055415853858, 0.0005968671757727861, -0.0007192614139057696, 0.0027951302472501993, -0.0011629733489826322, 0.0006379709811881185, -0.001200917991809547, 0.000407042185543105, -0.0012765361461788416, 7.752369856461883e-05, -0.0002238658198621124], [0.0003416520485188812, 0.00033651493140496314, -0.00017646797641646117, 0.00027311808662489057, 7.041816570563242e-05, -0.0011629733489826322, 0.005249356850981712, -0.001909453421831131, 0.0008095055818557739, 3.254987677792087e-05, -0.0015334801282733679, 0.00040399827412329614, 8.415691991103813e-05], [-0.00023812662402633578, -0.0004314279358368367, 6.589914119103923e-05, -0.0008494580979458988, 0.00044025754323229194, 0.0006379709811881185, -0.001909453421831131, 0.0070778802037239075, -0.0035102746915072203, 0.0013432976556941867, -0.0007890229462645948, 0.00016973481979221106, -0.0015543567715212703], [0.000690923654474318, 0.0006409051711671054, -7.97756074462086e-05, 2.4966889213828836e-06, -0.0005029661697335541, -0.001200917991809547, 0.0008095055818557739, -0.0035102746915072203, 0.008427034132182598, -0.005014043767005205, 0.002895189682021737, -0.0032276837155222893, 0.002020542975515127], [0.00010648564784787595, 0.00023534688807558268, 0.0005348550039343536, 0.00019519816851243377, -0.0009589421097189188, 0.000407042185543105, 3.254987677792087e-05, 0.0013432976556941867, -0.005014043767005205, 0.010742730461061, -0.00695640966296196, 0.002391643589362502, -0.002323917346075177], [-8.301851630676538e-05, -0.00015500134031753987, -0.00019338254060130566, 0.00025838572764769197, 0.0013646509032696486, -0.0012765361461788416, -0.0015334801282733679, -0.0007890229462645948, 0.002895189682021737, -0.00695640966296196, 0.011875553987920284, -0.005420010536909103, 0.0010036403546109796], [-0.00016929108824115247, -0.00023586559109389782, 0.0002575618855189532, -0.00017355747695546597, -4.6000048314454034e-05, 7.752369856461883e-05, 0.00040399827412329614, 0.00016973481979221106, -0.0032276837155222893, 0.002391643589362502, -0.005420010536909103, 0.01198594644665718, -0.0057122609578073025], [-0.0002730834821704775, -0.00023416308977175504, -0.00026693407562561333, -0.000350993184838444, -0.0008787461556494236, -0.0002238658198621124, 8.415691991103813e-05, -0.0015543567715212703, 0.002020542975515127, -0.002323917346075177, 0.0010036403546109796, -0.0057122609578073025, 0.010674336925148964]], "metadata.audio_properties.analysis.downmix": "mix", "metadata.audio_properties.codec": "mp3", "metadata.audio_properties.md5_encoded": "8fcdaf5dd02e3b15b0345b2b8a04e4d6", "metadata.tags.file_name": "1183696921219584020.mp3", "metadata.version.essentia": "2.1-beta6-dev", "metadata.version.essentia_git_sha": "v2.1_beta5-1110-g77a6a954", "metadata.version.extractor": "music 2.0", "tonal.chords_key": "C#", "tonal.chords