{"song_id": "1183701556915359795", "download": "https://cdn.discordapp.com/attachments/1128313332273782784/1183701556915359795/chirp.mp4?ex=65894afb&amp", "lyrics": "[Verse]\nI saw you standing there, in aisle number nine\nEyes locked in a gaze, I knew you were mine\nWe danced through the aisles, like a dream come true\nIn this supermarket love, I found solace in you\n\n[Chorus]\nSupermarket love, a serenade of aisles\nOur hearts intertwined, can't help but smile\nIn this ordinary place, our love does ignite\nSupermarket love, a sweet rendezvous in plain sight", "style": ["random"], "essentia_features": {"lowlevel.average_loudness": 0.9707616567611694, "lowlevel.barkbands_crest.mean": 15.211492538452148, "lowlevel.barkbands_crest.stdev": 5.872844696044922, "lowlevel.barkbands_flatness_db.mean": 0.21597234904766083, "lowlevel.barkbands_flatness_db.stdev": 0.08088292926549911, "lowlevel.barkbands_kurtosis.mean": 21.4121150970459, "lowlevel.barkbands_kurtosis.stdev": 49.844242095947266, "lowlevel.barkbands_skewness.mean": 2.901350498199463, "lowlevel.barkbands_skewness.stdev": 2.7853243350982666, "lowlevel.barkbands_spread.mean": 17.042400360107422, "lowlevel.barkbands_spread.stdev": 17.212095260620117, "lowlevel.dissonance.mean": 0.4464077055454254, "lowlevel.dissonance.stdev": 0.041434817016124725, "lowlevel.dynamic_complexity": 3.196636438369751, "lowlevel.erbbands_crest.mean": 10.292099952697754, "lowlevel.erbbands_crest.stdev": 4.938595771789551, "lowlevel.erbbands_flatness_db.mean": 0.17134308815002441, "lowlevel.erbbands_flatness_db.stdev": 0.0549454465508461, "lowlevel.erbbands_kurtosis.mean": 1.8091363906860352, "lowlevel.erbbands_kurtosis.stdev": 6.9078497886657715, "lowlevel.erbbands_skewness.mean": 0.5539147257804871, "lowlevel.erbbands_skewness.stdev": 1.1176444292068481, "lowlevel.erbbands_spread.mean": 40.304439544677734, "lowlevel.erbbands_spread.stdev": 24.847137451171875, "lowlevel.hfc.mean": 22.670677185058594, "lowlevel.hfc.stdev": 30.672040939331055, "lowlevel.loudness_ebu128.integrated": -14.521121978759766, "lowlevel.loudness_ebu128.loudness_range": 2.371318817138672, "lowlevel.loudness_ebu128.momentary.mean": -15.171052932739258, "lowlevel.loudness_ebu128.momentary.stdev": 2.671377420425415, "lowlevel.loudness_ebu128.short_term.mean": -14.576618194580078, "lowlevel.loudness_ebu128.short_term.stdev": 0.7215114235877991, "lowlevel.melbands_crest.mean": 21.04172706604004, "lowlevel.melbands_crest.stdev": 8.148900032043457, "lowlevel.melbands_flatness_db.mean": 0.27710503339767456, "lowlevel.melbands_flatness_db.stdev": 0.10537222772836685, "lowlevel.melbands_kurtosis.mean": 46.978782653808594, "lowlevel.melbands_kurtosis.stdev": 86.0037841796875, "lowlevel.melbands_skewness.mean": 4.2711005210876465, "lowlevel.melbands_skewness.stdev": 3.5825388431549072, "lowlevel.melbands_spread.mean": 17.30381202697754, "lowlevel.melbands_spread.stdev": 21.41876792907715, "lowlevel.pitch_salience.mean": 0.4045383930206299, "lowlevel.pitch_salience.stdev": 0.17064885795116425, "lowlevel.silence_rate_20dB.mean": 0.9993979334831238, "lowlevel.silence_rate_20dB.stdev": 0.02452920749783516, "lowlevel.silence_rate_30dB.mean": 0.840457558631897, "lowlevel.silence_rate_30dB.stdev": 0.3661803603172302, "lowlevel.silence_rate_60dB.mean": 0.036724865436553955, "lowlevel.silence_rate_60dB.stdev": 0.1880887746810913, "lowlevel.spectral_centroid.mean": 1101.2406005859375, "lowlevel.spectral_centroid.stdev": 792.4075317382812, "lowlevel.spectral_complexity.mean": 13.552679061889648, "lowlevel.spectral_complexity.stdev": 10.515807151794434, "lowlevel.spectral_decrease.mean": -1.442918229344059e-08, "lowlevel.spectral_decrease.stdev": 1.6839774019672404e-08, "lowlevel.spectral_energy.mean": 0.05651536211371422, "lowlevel.spectral_energy.stdev": 0.0641116201877594, "lowlevel.spectral_energyband_high.mean": 0.0012812735512852669, "lowlevel.spectral_energyband_high.stdev": 0.003047675359994173, "lowlevel.spectral_energyband_low.mean": 0.040275901556015015, "lowlevel.spectral_energyband_low.stdev": 0.062250904738903046, "lowlevel.spectral_energyband_middle_high.mean": 0.004591360688209534, "lowlevel.spectral_energyband_middle_high.stdev": 0.0064187063835561275, "lowlevel.spectral_energyband_middle_low.mean": 0.011823246255517006, "lowlevel.spectral_energyband_middle_low.stdev": 0.015461781993508339, "lowlevel.spectral_entropy.mean": 7.412927627563477, "lowlevel.spectral_entropy.stdev": 0.6090158224105835, "lowlevel.spectral_flux.mean": 0.1023319885134697, "lowlevel.spectral_flux.stdev": 0.09460091590881348, "lowlevel.spectral_kurtosis.mean": 4.12197732925415, "lowlevel.spectral_kurtosis.stdev": 4.3979034423828125, "lowlevel.spectral_rms.mean": 0.006501557771116495, "lowlevel.spectral_rms.stdev": 0.0035870096180588007, "lowlevel.spectral_rolloff.mean": 1090.09375, "lowlevel.spectral_rolloff.stdev": 1677.648681640625, "lowlevel.spectral_skewness.mean": 1.5803519487380981, "lowlevel.spectral_skewness.stdev": 0.6523855924606323, "lowlevel.spectral_spread.mean": 5045731.5, "lowlevel.spectral_spread.stdev": 1729192.25, "lowlevel.spectral_strongpeak.mean": 0.7751671075820923, "lowlevel.spectral_strongpeak.stdev": 0.9020125865936279, "lowlevel.zerocrossingrate.mean": 0.043986763805150986, "lowlevel.zerocrossingrate.stdev": 0.0440145805478096, "metadata.audio_properties.analysis.equal_loudness": 0.0, "metadata.audio_properties.analysis.length": 38.52798080444336, "metadata.audio_properties.analysis.sample_rate": 44100.0, "metadata.audio_properties.analysis.start_time": 0.0, "metadata.audio_properties.bit_rate": 118014.0, "metadata.audio_properties.length": 38.52799987792969, "metadata.audio_properties.lossless": 0.0, "metadata.audio_properties.number_channels": 1.0, "metadata.audio_properties.replay_gain": -11.217098236083984, "metadata.audio_properties.sample_rate": 48000.0, "rhythm.beats_count": 52.0, "rhythm.beats_loudness.mean": 0.1322704255580902, "rhythm.beats_loudness.stdev": 0.0966467335820198, "rhythm.bpm": 81.93045806884766, "rhythm.bpm_histogram_first_peak_bpm": 82.0, "rhythm.bpm_histogram_first_peak_weight": 0.0, "rhythm.bpm_histogram_second_peak_bpm": 76.0, "rhythm.bpm_histogram_second_peak_spread": 0.0, "rhythm.bpm_histogram_second_peak_weight": 0.05882352963089943, "rhythm.danceability": 1.4046831130981445, "rhythm.onset_rate": 3.7358810901641846, "tonal.chords_changes_rate": 0.06618531793355942, "tonal.chords_number_rate": 0.009626955725252628, "tonal.chords_strength.mean": 0.5200692415237427, "tonal.chords_strength.stdev": 0.10622972249984741, "tonal.hpcp_crest.mean": 14.180027961730957, "tonal.hpcp_crest.stdev": 6.244060516357422, "tonal.hpcp_entropy.mean": 1.8652065992355347, "tonal.hpcp_entropy.stdev": 0.719782292842865, "tonal.key_edma.strength": 0.6757250428199768, "tonal.key_krumhansl.strength": 0.6727293729782104, "tonal.key_temperley.strength": 0.6618585586547852, "tonal.tuning_diatonic_strength": 0.5419814586639404, "tonal.tuning_equal_tempered_deviation": 0.2179972231388092, "tonal.tuning_frequency": 434.193115234375, "tonal.tuning_nontempered_energy_ratio": 0.955916166305542, "lowlevel.barkbands.mean": [0.0025850695092231035, 0.033622872084379196, 0.002724637743085623, 0.002533027669414878, 0.0027986883651465178, 0.0016074684681370854, 0.003104418981820345, 0.0005905907601118088, 0.0009617097093723714, 0.0006737349322065711, 0.0005332484724931419, 0.0006399134290404618, 0.0006875181570649147, 0.0006636803154833615, 0.0005268310778774321, 0.0003474176046438515, 0.00032762426417320967, 0.00012743246043100953, 0.0001263049925910309, 0.00010646565351635218, 0.00020872338791377842, 0.0003196056932210922, 0.0003204923414159566, 0.00021365091379266232, 0.00012743928527925164, 3.660165020846762e-05, 1.8320460526410898e-07], "lowlevel.barkbands.stdev": [0.004988750908523798, 0.05497150123119354, 0.009714106097817421, 0.009982507675886154, 0.004866626113653183, 0.0039749122224748135, 0.007211941760033369, 0.0013534104218706489, 0.0022597622592002153, 0.0017410697182640433, 0.0010327445343136787, 0.0015363984275609255, 0.0014494146453216672, 0.0014528298052027822, 0.0014541670680046082, 0.000886784284375608, 0.0006072911201044917, 0.00033079556305892766, 0.0003162147186230868, 0.00031518551986664534, 0.000507504038978368, 0.0006813571089878678, 0.0008473151247017086, 0.0006390716880559921, 0.000359732803190127, 0.00012627465184777975, 1.426703306606214e-06], "lowlevel.erbbands.mean": [1.3929494619369507, 5.739856243133545, 4.255828380584717, 6.684868335723877, 9.182618141174316, 9.086281776428223, 6.626211643218994, 18.22760581970215, 42.99699783325195, 29.105844497680664, 13.13386058807373, 22.780466079711914, 21.653362274169922, 22.735179901123047, 18.87871742248535, 27.039709091186523, 30.799699783325195, 34.94669723510742, 29.930143356323242, 23.609474182128906, 20.23977279663086, 17.563566207885742, 7.959506988525391, 6.746419429779053, 5.887300968170166, 4.842994213104248, 7.641429424285889, 8.503532409667969, 11.693697929382324, 11.462843894958496, 8.132826805114746, 4.848945140838623, 3.4838409423828125, 1.869555115699768, 0.6483946442604065, 0.2375752478837967, 0.052568890154361725, 0.0039315493777394295, 0.00011795620957855135, 7.089114660630003e-05], "lowlevel.erbbands.stdev": [2.427593946456909, 10.029938697814941, 11.413241386413574, 26.073734283447266, 22.22853660583496, 18.300220489501953, 13.6415376663208, 44.91872787475586, 94.68643951416016, 78.8077392578125, 25.019237518310547, 54.46095657348633, 46.84455871582031, 55.76354217529297, 35.17627716064453, 66.57115173339844, 60.39159393310547, 68.01012420654297, 70.90790557861328, 59.119266510009766, 45.1905632019043, 32.56271743774414, 18.801612854003906, 17.007272720336914, 15.23808765411377, 14.320344924926758, 20.570358276367188, 19.07545280456543, 25.34432601928711, 26.896808624267578, 22.190813064575195, 14.222219467163086, 10.724847793579102, 5.4090752601623535, 1.8487728834152222, 0.7745193243026733, 0.19783104956150055, 0.016160644590854645, 0.00033849867759272456, 7.483457011403516e-05], "lowlevel.gfcc.mean": [-27.37557601928711, 101.7468490600586, -107.14469146728516, 38.67330551147461, -61.581180572509766, 31.73480224609375, -35.131446838378906, 4.929947853088379, -4.054405212402344, 9.797696113586426, -5.984899520874023, 5.527895927429199, -4.1420183181762695], "lowlevel.melbands.mean": [0.010708191432058811, 0.0039183106273412704, 0.0012021916918456554, 0.0006677116616629064, 0.00026642062584869564, 0.00041000681812874973, 0.000653839495498687, 0.0002696281298995018, 0.00010588784061837941, 0.0001481414947193116, 0.0001065239412127994, 9.160278568742797e-05, 6.156679592095315e-05, 6.640177889494225e-05, 6.663296517217532e-05, 7.466043462045491e-05, 6.521114119095728e-05, 4.877724495599978e-05, 4.313448880566284e-05, 2.4661358111188747e-05, 2.344433232792653e-05, 2.0074598069186322e-05, 9.912771929521114e-06, 5.461166438180953e-06, 5.451021479530027e-06, 4.655112206819467e-06, 3.7330007671698695e-06, 2.9940845251985593e-06, 4.205988261674065e-06, 5.541516657103784e-06, 4.659081241698004e-06, 6.719773864460876e-06, 6.197123184392694e-06, 6.663731255684979e-06, 4.8792367124406155e-06, 3.672615321193007e-06, 2.7046182822232367e-06, 2.550050339777954e-06, 2.0201816823828267e-06, 1.4445055285250419e-06], "lowlevel.melbands.stdev": [0.017756076529622078, 0.007433684077113867, 0.004202450159937143, 0.0012383540160953999, 0.0005438157822936773, 0.0009621314820833504, 0.0014421218074858189, 0.000724750105291605, 0.00023323784989770502, 0.00036898357211612165, 0.0002421949029667303, 0.00023660396982450038, 0.00011140997230540961, 0.00017577203107066453, 0.00014347086835186929, 0.00016828899970278144, 0.00014018638466950506, 0.00011871157767018303, 0.00012366895680315793, 6.589170516235754e-05, 5.281341873342171e-05, 3.81816498702392e-05, 2.2091819118941203e-05, 1.4749434740224387e-05, 1.4084894246479962e-05, 1.178218280983856e-05, 1.0832995940290857e-05, 9.340805263491347e-06, 1.2106389476684853e-05, 1.3923308870289475e-05, 1.0477876458026003e-05, 1.5013548363640439e-05, 1.3549397408496588e-05, 1.685913412075024e-05, 1.3406722246145364e-05, 1.1051063665945549e-05, 8.130366040859371e-06, 8.018527296371758e-06, 6.216772362677148e-06, 4.186492333246861e-06], "lowlevel.melbands128.mean": [0.0024901966098695993, 0.012254144065082073, 0.014169652946293354, 0.00799727626144886, 0.002660265890881419, 0.0013414545683190227, 0.0014048368902876973, 0.001167293288744986, 0.0009117647423408926, 0.0007061811629682779, 0.0004779037262778729, 0.00033216914744116366, 0.00018137709412258118, 0.0001916692272061482, 0.00040387982153333724, 0.0004504606476984918, 0.0007387937512248755, 0.0006939514423720539, 0.0006176182068884373, 0.0002637578290887177, 0.00015355326468124986, 7.25744102965109e-05, 0.00011000961239915341, 0.0001239490375155583, 0.00013545707042794675, 0.00019506529497448355, 8.550353231839836e-05, 0.0001099996516131796, 0.00010728427150752395, 7.78052635723725e-05, 0.00010723416198743507, 7.920114876469597e-05, 4.16761395172216e-05, 7.010139233898371e-05, 4.9917442083824426e-05, 7.458389882231131e-05, 7.187252776930109e-05, 8.665764471516013e-05, 3.8686703192070127e-05, 6.546035001520067e-05, 0.00010320783621864393, 5.370243525248952e-05, 5.317485920386389e-05, 8.351927681360394e-05, 6.267909338930622e-05, 3.4119089832529426e-05, 4.0518949390389025e-05, 6.156622112030163e-05, 3.276051938883029e-05, 2.1749707229901105e-05, 2.6992092898581177e-05, 2.3869670258136466e-05, 2.191938074247446e-05, 2.5058756364160217e-05, 2.3257940483745188e-05, 2.0414712707861327e-05, 1.746949965308886e-05, 1.0347851457481738e-05, 8.416855962423142e-06, 6.031692464603111e-06, 5.0653356993279886e-06, 4.9669652071315795e-06, 5.617851002170937e-06, 5.7700758588907775e-06, 5.004998911317671e-06, 4.961514605383854e-06, 4.023042492917739e-06, 4.044822617288446e-06, 3.7639008496626047e-06, 3.2445664146507625e-06, 2.5806361918512266e-06, 3.111302021352458e-06, 3.5157872844138183e-06, 4.157976945862174e-06, 5.095447249914287e-06, 6.617174221901223e-06, 5.212033101997804e-06, 4.269240434950916e-06, 4.538720986602129e-06, 4.69353653897997e-06, 7.053145964164287e-06, 7.627847935509635e-06, 6.094287982705282e-06, 6.359696271829307e-06, 5.775012596132001e-06, 6.364876753650606e-06, 7.638013812538702e-06, 5.992109890939901e-06, 4.5011147449258715e-06, 4.173356046521803e-06, 4.267201802576892e-06, 3.5174480217392556e-06, 2.7525318273546873e-06, 2.6422642349643866e-06, 2.655690423125634e-06, 2.6925940801447723e-06, 2.5883039143081987e-06, 2.2897836515767267e-06, 2.12897316487215e-06, 1.811136030482885e-06, 1.6120513919304358e-06, 1.4811701021244517e-06, 1.13633348064468e-06, 8.204659707189421e-07, 6.137566401775985e-07, 5.867858590136166e-07, 5.603845352197823e-07, 5.219968670644448e-07, 4.07511350886125e-07, 3.1524575661023846e-07, 2.420810574221832e-07, 1.5217122495414515e-07, 1.8336118046136107e-07, 1.236032858287217e-07, 6.883063008444879e-08, 2.6714042533626525e-08, 6.85672763012235e-09, 2.042107177802066e-10, 1.3228395809306015e-11, 9.036992508482111e-12, 7.91745401879096e-12, 6.795936643294587e-12, 6.278803865722438e-12, 6.1532320037860355e-12, 5.943843941341731e-12, 5.65781622940964e-12, 5.495943110334078e-12, 5.4485057958408856e-12], "lowlevel.melbands128.stdev": [0.004851308651268482, 0.022573864087462425, 0.024765267968177795, 0.014776407741010189, 0.006985057611018419, 0.004900414030998945, 0.005921733099967241, 0.004360579419881105, 0.002261060755699873, 0.001505426480434835, 0.0012506790226325393, 0.000935588323045522, 0.0005000066594220698, 0.0004727741179522127, 0.0012496672570705414, 0.0014043431729078293, 0.0019664268475025892, 0.0019622831605374813, 0.0022779160644859076, 0.0008951073396019638, 0.0004565272247418761, 0.00019537046318873763, 0.0003287858853582293, 0.00041379587491974235, 0.00042223953641951084, 0.0006508384249173105, 0.0003386788011994213, 0.00034441406023688614, 0.0003717393847182393, 0.0003598665934987366, 0.0003376648819539696, 0.000212286293390207, 0.00010644759458955377, 0.0001831750851124525, 0.00020141068671364337, 0.0002982693840749562, 0.00027172171394340694, 0.00025308443582616746, 0.0001260485441889614, 0.00018902485317084938, 0.0002774086606223136, 0.00018485767941456288, 0.0001408319512847811, 0.00024718561326153576, 0.00019231527403462678, 0.00010973423923132941, 0.0001432803546776995, 0.0002089225745294243, 9.878622950054705e-05, 8.162664016708732e-05, 8.907877054298297e-05, 6.823681178502738e-05, 7.21198957762681e-05, 6.384646985679865e-05, 5.830767986481078e-05, 4.945765977026895e-05, 4.0214832552010193e-05, 2.6806554160430096e-05, 2.518984729249496e-05, 1.6314263120875694e-05, 1.6259693438769318e-05, 1.5380437616840936e-05, 1.6698728359187953e-05, 1.634831278352067e-05, 1.3300835234986152e-05, 1.3896408745495137e-05, 1.179583341581747e-05, 1.3708255210076459e-05, 1.1894638191733975e-05, 1.1682736840157304e-05, 8.880217137630098e-06, 1.0304158422513865e-05, 1.2013153536827303e-05, 1.3150623090041336e-05, 1.52780776261352e-05, 1.9712146240635775e-05, 1.231398982781684e-05, 1.0872662642213982e-05, 1.145197165897116e-05, 1.1740267837012652e-05, 1.6546344340895303e-05, 1.918970338010695e-05, 1.3736094842897728e-05, 1.5558776794932783e-05, 1.3410232895694207e-05, 1.5695950423832983e-05, 2.244250754301902e-05, 1.7107660823967308e-05, 1.3091726032143924e-05, 1.2743667866743635e-05, 1.4041605936654378e-05, 1.1521397027536295e-05, 8.648223229101859e-06, 8.494665962643921e-06, 8.725316547497641e-06, 8.813542081043124e-06, 8.638122380943969e-06, 7.808404916431755e-06, 6.860807388875401e-06, 5.785330813523615e-06, 4.860649369220482e-06, 4.534569143288536e-06, 3.715397269843379e-06, 2.555906121415319e-06, 2.0274885628168704e-06, 1.8280950371263316e-06, 1.7331983599433443e-06, 1.7001046899167704e-06, 1.5233086969601572e-06, 1.294565777243406e-06, 9.996191465688753e-07, 5.994621119498333e-07, 8.476837933812931e-07, 5.37098344466358e-07, 3.3434216106797976e-07, 1.7964590881547338e-07, 4.985717794170341e-08, 2.7571582794649885e-09, 1.2823903050573904e-10, 5.482959225533435e-11, 3.36846973925109e-11, 1.696437261500261e-11, 1.4708480960967663e-11, 1.4249565936930164e-11, 1.2904556763448927e-11, 1.1512626789389468e-11, 1.1200229979579923e-11, 1.113754227732855e-11], "lowlevel.mfcc.mean": [-669.3529052734375, 122.96141815185547, 18.16480827331543, 14.64156436920166, 7.280338287353516, 23.18477439880371, -8.621831893920898, 6.768486499786377, 3.1936612129211426, 0.6595528721809387, 9.344268798828125, 6.219146728515625, 7.0332465171813965], "lowlevel.spectral_contrast_coeffs.mean": [-0.7056083679199219, -0.6995180249214172, -0.756993293762207, -0.7777771353721619, -0.8006588816642761, -0.7445911765098572], "lowlevel.spectral_contrast_coeffs.stdev": [0.09965284168720245, 0.09189318865537643, 0.07835981249809265, 0.06177924573421478, 0.048445358872413635, 0.0509905070066452], "lowlevel.spectral_contrast_valleys.mean": [-7.023477077484131, -7.140036582946777, -7.817541599273682, -7.937686443328857, -8.236048698425293, -10.456032752990723], "lowlevel.spectral_contrast_valleys.stdev": [1.2146703004837036, 0.8924741744995117, 0.9480316042900085, 0.9735488891601562, 1.0328930616378784, 1.3587613105773926], "rhythm.beats_loudness_band_ratio.mean": [0.5966715216636658, 0.06489110738039017, 0.04337841272354126, 0.08369795978069305, 0.13969482481479645, 0.09708340466022491], "rhythm.beats_loudness_band_ratio.stdev": [0.39483344554901123, 0.07965724915266037, 0.0475260466337204, 0.08877670764923096, 0.1575632393360138, 0.10591747611761093], "tonal.hpcp.mean": [0.06312494724988937, 0.04914803057909012, 0.06777188181877136, 0.16696622967720032, 0.17433643341064453, 0.07704109698534012, 0.04498545452952385, 0.04869358614087105, 0.058678027242422104, 0.1528085470199585, 0.16704288125038147, 0.07156462222337723, 0.08640605211257935, 0.10538281500339508, 0.06577301770448685, 0.04803997278213501, 0.053648266941308975, 0.05254179611802101, 0.08229968696832657, 0.09764190763235092, 0.06305060535669327, 0.04013115540146828, 0.04034530371427536, 0.07564046233892441, 0.21039696037769318, 0.2546238303184509, 0.14559289813041687, 0.09188879281282425, 0.07270887494087219, 0.060833774507045746, 0.08103016763925552, 0.08940788358449936, 0.08973719924688339, 0.13564516603946686, 0.13351388275623322, 0.08244283497333527], "tonal.hpcp.stdev": [0.19153474271297455, 0.15713642537593842, 0.1831655651330948, 0.2991340160369873, 0.3143858313560486, 0.18347547948360443, 0.14982996881008148, 0.1691409796476364, 0.17411315441131592, 0.2885351777076721, 0.30603525042533875, 0.15862540900707245, 0.21319182217121124, 0.25095534324645996, 0.1737835705280304, 0.13519656658172607, 0.15962782502174377, 0.1581343561410904, 0.1900610327720642, 0.23079504072666168, 0.16485415399074554, 0.14019514620304108, 0.13768276572227478, 0.19526681303977966, 0.32129064202308655, 0.35521551966667175, 0.2701914608478546, 0.23224522173404694, 0.20411543548107147, 0.17442944645881653, 0.20555220544338226, 0.2122284322977066, 0.21322205662727356, 0.25028300285339355, 0.2363356649875641, 0.20214104652404785], "rhythm.beats_position": [0.7662584781646729, 1.5557368993759155, 2.345215320587158, 3.1346938610076904, 3.877732276916504, 4.6207709312438965, 5.363809585571289, 6.083628177642822, 6.826666355133057, 7.54648494720459, 8.277914047241211, 9.009342193603516, 9.75238037109375, 10.483809471130371, 11.215237617492676, 11.946666717529297, 12.678094863891602, 13.409523963928223, 14.140952110290527, 14.872380256652832, 15.603809356689453, 16.335237503051758, 17.066665649414062, 17.798095703125, 18.529523849487305, 19.27256202697754, 19.992380142211914, 20.72380828857422, 21.455238342285156, 22.19827651977539, 22.918094635009766, 23.63791275024414, 24.380952835083008, 25.123991012573242, 25.855419158935547, 26.58684730529785, 27.318275451660156, 28.038095474243164, 28.76952362060547, 29.512561798095703, 30.243989944458008, 30.975418090820312, 31.70684814453125, 32.43827438354492, 33.16970443725586, 33.9011344909668, 34.63256072998047, 35.363990783691406, 36.09541702270508, 36.81523895263672, 37.55827713012695, 38.289703369140625], "rhythm.bpm_histogram": [0.0, 0.0, 0.0, 0.0, 0.0, 0.0, 0.0, 0.0, 0.0, 0.0, 0.0, 0.0, 0.0, 0.0, 0.0, 0.0, 0.0, 0.0, 0.0, 0.0, 0.0, 0.0, 0.0, 0.0, 0.0, 0.0, 0.0, 0.0, 0.0, 0.0, 0.0, 0.0, 0.0, 0.0, 0.0, 0.0, 0.0, 0.0, 0.0, 0.0, 0.0, 0.0, 0.0, 0.0, 0.0, 0.0, 0.0, 0.0, 0.0, 0.0, 0.0, 0.0, 0.0, 0.0, 0.0, 0.0, 0.0, 0.0, 0.0, 0.0, 0.0, 0.0, 0.0, 0.0, 0.0, 0.0, 0.0, 0.0, 0.0, 0.0, 0.0, 0.0, 0.0, 0.0, 0.0, 0.0, 0.05882352963089943, 0.0, 0.0, 0.0, 0.0, 0.21568627655506134, 0.5882353186607361, 0.13725490868091583, 0.0, 0.0, 0.0, 0.0, 0.0, 0.0, 0.0, 0.0, 0.0, 0.0, 0.0, 0.0, 0.0, 0.0, 0.0, 0.0, 0.0, 0.0, 0.0, 0.0, 0.0, 0.0, 0.0, 0.0, 0.0, 0.0, 0.0, 0.0, 0.0, 0.0, 0.0, 0.0, 0.0, 0.0, 0.0, 0.0, 0.0, 0.0, 0.0, 0.0, 0.0, 0.0, 0.0, 0.0, 0.0, 0.0, 0.0, 0.0, 0.0, 0.0, 0.0, 0.0, 0.0, 0.0, 0.0, 0.0, 0.0, 0.0, 0.0, 0.0, 0.0, 0.0, 0.0, 0.0, 0.0, 0.0, 0.0, 0.0, 0.0, 0.0, 0.0, 0.0, 0.0, 0.0, 0.0, 0.0, 0.0, 0.0, 0.0, 0.0, 0.0, 0.0, 0.0, 0.0, 0.0, 0.0, 0.0, 0.0, 0.0, 0.0, 0.0, 0.0, 0.0, 0.0, 0.0, 0.0, 0.0, 0.0, 0.0, 0.0, 0.0, 0.0, 0.0, 0.0, 0.0, 0.0, 0.0, 0.0, 0.0, 0.0, 0.0, 0.0, 0.0, 0.0, 0.0, 0.0, 0.0, 0.0, 0.0, 0.0, 0.0, 0.0, 0.0, 0.0, 0.0, 0.0, 0.0, 0.0, 0.0, 0.0, 0.0, 0.0, 0.0, 0.0, 0.0, 0.0, 0.0, 0.0, 0.0, 0.0, 0.0, 0.0, 0.0, 0.0, 0.0, 0.0, 0.0, 0.0, 0.0, 0.0, 0.0, 0.0, 0.0, 0.0, 0.0, 0.0, 0.0, 0.0, 0.0, 0.0, 0.0, 0.0, 0.0, 0.0, 0.0, 0.0], "tonal.chords_histogram": [16.486162185668945, 4.211792945861816, 51.98556137084961, 10.589651107788086, 4.45246696472168, 4.693140983581543, 0.6016846895217896, 1.9253910779953003, 0.0, 3.730445146560669, 0.0, 0.0, 0.0, 0.0, 0.0, 0.0, 0.0, 0.0, 0.0, 0.0, 0.4813477694988251, 0.0, 0.8423585891723633, 0.0], "tonal.thpcp": [1.0, 0.5717960596084595, 0.360880583524704, 0.28555408120155334, 0.23891626298427582, 0.31823480129241943, 0.3511371314525604, 0.3524304926395416, 0.5327277183532715, 0.5243573784828186, 0.32378286123275757, 0.24791452288627625, 0.19302211701869965, 0.26616472005844116, 0.6557368636131287, 0.684682309627533, 0.3025682866573334, 0.17667417228221893, 0.19123734533786774, 0.2304498702287674, 0.6001344919204712, 0.6560378670692444, 0.28106018900871277, 0.33934786915779114, 0.413876473903656, 0.25831446051597595, 0.18867036700248718, 0.21069617569446564, 0.2063506692647934, 0.3232206702232361, 0.383475124835968, 0.2476225644350052, 0.15760958194732666, 0.15845061838626862, 0.2970674932003021, 0.826305091381073], "lowlevel.gfcc.cov": [[7638.9423828125, -1571.5777587890625, -134.42413330078125, 554.8424682617188, -182.67530822753906, 538.39404296875, -179.8272247314453, 369.2789611816406, -347.8623046875, 193.12710571289062, -342.294189453125, 344.6934509277344, -131.99667358398438], [-1571.5777587890625, 2126.3134765625, 156.18099975585938, -198.04690551757812, 439.8828430175781, -178.2216339111328, 390.9666442871094, -165.88369750976562, 284.2041320800781, -278.55072021484375, 214.17942810058594, -153.94332885742188, 105.83041381835938], [-134.42413330078125, 156.18099975585938, 1516.830078125, 524.812744140625, 317.10260009765625, 314.2153015136719, 203.7427215576172, 215.11276245117188, 47.07716369628906, 207.20504760742188, 103.71749114990234, 99.2406234741211, 2.3722381591796875], [554.8424682617188, -198.04690551757812, 524.812744140625, 613.9519653320312, 184.22691345214844, 137.71731567382812, 52.752254486083984, 120.25859069824219, 54.85346984863281, 80.49964904785156, 57.18387985229492, 30.96944808959961, 38.42057418823242], [-182.67530822753906, 439.8828430175781, 317.10260009765625, 184.22691345214844, 519.102294921875, 96.96788024902344, 205.74087524414062, 83.0080795288086, 108.5727767944336, 46.0601921081543, 79.87879943847656, -2.129924774169922, 45.339256286621094], [538.39404296875, -178.2216339111328, 314.2153015136719, 137.71731567382812, 96.96788024902344, 420.7797546386719, 202.2289581298828, 127.84765625, 11.252742767333984, 103.3257064819336, 7.529918670654297, 57.41493606567383, 10.404093742370605], [-179.8272247314453, 390.9666442871094, 203.7427215576172, 52.752254486083984, 205.74087524414062, 202.2289581298828, 428.6575622558594, 91.20668029785156, 109.86283111572266, 28.526491165161133, 104.56538391113281, 11.935354232788086, 44.24797439575195], [369.2789611816406, -165.88369750976562, 215.11276245117188, 120.25859069824219, 83.0080795288086, 127.84765625, 91.20668029785156, 218.8692626953125, 58.12955856323242, 135.17311096191406, 46.464054107666016, 61.226497650146484, 0.16416695713996887], [-347.8623046875, 284.2041320800781, 47.07716369628906, 54.85346984863281, 108.5727767944336, 11.252742767333984, 109.86283111572266, 58.12955856323242, 237.9217071533203, 67.2259521484375, 137.66131591796875, 7.080447673797607, 57.09830856323242], [193.12710571289062, -278.55072021484375, 207.20504760742188, 80.49964904785156, 46.0601921081543, 103.3257064819336, 28.526491165161133, 135.17311096191406, 67.2259521484375, 250.37037658691406, 90.9935531616211, 79.59242248535156, 1.1561843156814575], [-342.294189453125, 214.17942810058594, 103.71749114990234, 57.18387985229492, 79.87879943847656, 7.529918670654297, 104.56538391113281, 46.464054107666016, 137.66131591796875, 90.9935531616211, 224.5609588623047, 25.193368911743164, 57.632972717285156], [344.6934509277344, -153.94332885742188, 99.2406234741211, 30.96944808959961, -2.129924774169922, 57.41493606567383, 11.935354232788086, 61.226497650146484, 7.080447673797607, 79.59242248535156, 25.193368911743164, 139.72694396972656, 24.59345817565918], [-131.99667358398438, 105.83041381835938, 2.3722381591796875, 38.42057418823242, 45.339256286621094, 10.404093742370605, 44.24797439575195, 0.16416695713996887, 57.09830856323242, 1.1561843156814575, 57.632972717285156, 24.59345817565918, 111.10430145263672]], "lowlevel.gfcc.icov": [[0.0002695937582757324, -0.0002031052572419867, 0.00035247416235506535, -0.0005241052131168544, 0.0001385876239510253, -0.00039707712130621076, 0.0002067107561742887, -0.0004275251994840801, 0.00046813045628368855, -0.00024033627414610237, 0.00033561777672730386, -0.0006930601666681468, 0.0003276416682638228], [-0.0002031052572419867, 0.002218658570200205, -0.0011643312172964215, 0.0018057212000712752, -0.0013503477675840259, 0.0012006553588435054, -0.0012117266887798905, 0.0012167266104370356, -0.0022547172848135233, 0.0030095549300312996, -0.0014581414870917797, 0.0011633222457021475, -0.0004085254913661629], [0.00035247416235506535, -0.0011643312172964215, 0.0020340571645647287, -0.002078746212646365, 0.00036777337663806975, -0.0012389980256557465, 0.0005548918852582574, -0.0009952858090400696, 0.001812619506381452, -0.0019084409577772021, 0.0006655289325863123, -0.0015394752845168114, 0.0010335213737562299], [-0.0005241052131168544, 0.0018057212000712752, -0.002078746212646365, 0.00462700380012393, -0.0015661518555134535, 0.0009584635845385492, -0.00032048451248556376, 0.0005442032706923783, -0.0023944582790136337, 0.0028489718679338694, -0.001692353398539126, 0.0021948174107819796, -0.0016291968058794737], [0.0001385876239510253, -0.0013503477675840259, 0.00036777337663806975, -0.0015661518555134535, 0.0036862834822386503, -0.0004112095048185438, -0.0003945249191019684, -0.0009685980621725321, 0.0007828131201677024, -0.0019549739081412554, 0.0012224753154441714, -0.00015325080312322825, -0.000304768473142758], [-0.00039707712130621076, 0.0012006553588435054, -0.0012389980256557465, 0.0009584635845385492, -0.0004112095048185438, 0.005314623471349478, -0.0030010617338120937, 0.00033438613172620535, -0.0008543746662326157, 0.00015063383034430444, 0.0005109771154820919, 0.0009473654790781438, -0.0010928206611424685], [0.0002067107561742887, -0.0012117266887798905, 0.0005548918852582574, -0.00032048451248556376, -0.0003945249191019684, -0.0030010617338120937, 0.005407934542745352, -0.0019068500259891152, 0.0004524214891716838, 0.00027981301536783576, -0.0009564823703840375, -0.0006097857258282602, 0.00018558124429546297], [-0.0004275251994840801, 0.0012167266104370356, -0.0009952858090400696, 0.0005442032706923783, -0.0009685980621725321, 0.00033438613172620535, -0.0019068500259891152, 0.00982527993619442, -0.002717348514124751, -0.001907990430481732, -3.3814081689342856e-05, -0.00021566434588748962, 0.0007566438871435821], [0.00046813045628368855, -0.0022547172848135233, 0.001812619506381452, -0.0023944582790136337, 0.0007828131201677024, -0.0008543746662326157, 0.0004524214891716838, -0.002717348514124751, 0.010231338441371918, -0.003939144778996706, -0.0015591188566759229, -0.0006657943013124168, -0.0011833643075078726], [-0.00024033627414610237, 0.0030095549300312996, -0.0019084409577772021, 0.0028489718679338694, -0.0019549739081412554, 0.00015063383034430444, 0.00027981301536783576, -0.001907990430481732, -0.003939144778996706, 0.012706772424280643, -0.005089568439871073, -0.0010022773640230298, 0.001332509913481772], [0.00033561777672730386, -0.0014581414870917797, 0.0006655289325863123, -0.001692353398539126, 0.0012224753154441714, 0.0005109771154820919, -0.0009564823703840375, -3.3814081689342856e-05, -0.0015591188566759229, -0.005089568439871073, 0.01012615580111742, -0.0011302934726700187, -0.0019553788006305695], [-0.0006930601666681468, 0.0011633222457021475, -0.0015394752845168114, 0.0021948174107819796, -0.00015325080312322825, 0.0009473654790781438, -0.0006097857258282602, -0.00021566434588748962, -0.0006657943013124168, -0.0010022773640230298, -0.0011302934726700187, 0.012052479200065136, -0.0041695693507790565], [0.0003276416682638228, -0.0004085254913661629, 0.0010335213737562299, -0.0016291968058794737, -0.000304768473142758, -0.0010928206611424685, 0.00018558124429546297, 0.0007566438871435821, -0.0011833643075078726, 0.001332509913481772, -0.0019553788006305695, -0.0041695693507790565, 0.013003482483327389]], "lowlevel.mfcc.cov": [[7364.4794921875, -1807.9796142578125, -223.05010986328125, -100.43714904785156, 6.898802280426025, 99.86100006103516, 58.28578186035156, 164.02439880371094, 114.04969787597656, -82.92887878417969, -63.23910903930664, -72.85221099853516, -130.26492309570312], [-1807.9796142578125, 2100.9345703125, -113.85345458984375, 79.23770141601562, 32.575496673583984, 74.48560333251953, 83.44449615478516, 181.9072723388672, 50.55573272705078, -13.882635116577148, 110.50536346435547, 21.896808624267578, -7.2107343673706055], [-223.05010986328125, -113.85345458984375, 1123.1944580078125, 286.8280944824219, 233.3308868408203, 194.19554138183594, 223.47584533691406, 85.02154541015625, 106.58180236816406, 63.78879928588867, 113.321044921875, 151.4025421142578, 141.47235107421875], [-100.43714904785156, 79.23770141601562, 286.8280944824219, 509.3116455078125, 254.95201110839844, 57.54164123535156, 96.04763793945312, 50.695674896240234, 56.32582473754883, 62.212684631347656, 43.93817138671875, 51.992855072021484, 94.88733673095703], [6.898802280426025, 32.575496673583984, 233.3308868408203, 254.95201110839844, 382.4563293457031, 84.05396270751953, 73.66556549072266, 17.48781967163086, 63.997650146484375, 80.08293151855469, 38.11546325683594, 34.200172424316406, 84.58098602294922], [99.86100006103516, 74.48560333251953, 194.19554138183594, 57.54164123535156, 84.05396270751953, 275.8711853027344, 170.68637084960938, 114.61714935302734, 107.89371490478516, 55.33084487915039, 63.21900939941406, 56.76023483276367, 10.929581642150879], [58.28578186035156, 83.44449615478516, 223.47584533691406, 96.04763793945312, 73.66556549072266, 170.68637084960938, 329.1421813964844, 130.23391723632812, 106.82241821289062, 96.59354400634766, 64.58389282226562, 101.09552764892578, 43.45918273925781], [164.02439880371094, 181.9072723388672, 85.02154541015625, 50.695674896240234, 17.48781967163086, 114.61714935302734, 130.23391723632812, 205.5651092529297, 97.14749908447266, 23.993778228759766, 56.72935485839844, 34.97874450683594, 9.134267807006836], [114.04969787597656, 50.55573272705078, 106.58180236816406, 56.32582473754883, 63.997650146484375, 107.89371490478516, 106.82241821289062, 97.14749908447266, 153.4246826171875, 70.44361114501953, 53.01798629760742, 54.17394256591797, 28.05632781982422], [-82.92887878417969, -13.882635116577148, 63.78879928588867, 62.212684631347656, 80.08293151855469, 55.33084487915039, 96.59354400634766, 23.993778228759766, 70.44361114501953, 161.0738525390625, 68.40745544433594, 64.81737518310547, 48.52057647705078], [-63.23910903930664, 110.50536346435547, 113.321044921875, 43.93817138671875, 38.11546325683594, 63.21900939941406, 64.58389282226562, 56.72935485839844, 53.01798629760742, 68.40745544433594, 160.15841674804688, 101.23751831054688, 56.81380081176758], [-72.85221099853516, 21.896808624267578, 151.4025421142578, 51.992855072021484, 34.200172424316406, 56.76023483276367, 101.09552764892578, 34.97874450683594, 54.17394256591797, 64.81737518310547, 101.23751831054688, 174.9009552001953, 106.16022491455078], [-130.26492309570312, -7.2107343673706055, 141.47235107421875, 94.88733673095703, 84.58098602294922, 10.929581642150879, 43.45918273925781, 9.134267807006836, 28.05632781982422, 48.52057647705078, 56.81380081176758, 106.16022491455078, 192.75595092773438]], "lowlevel.mfcc.icov": [[0.00021078244026284665, 0.0002314271841896698, 0.00011776982864830643, 1.579485433467198e-05, -0.00013473417493514717, 4.889665433438495e-06, -6.43142411718145e-05, -0.00031518968171440065, -0.0001441899366909638, 0.00030320556834340096, -0.00012710553710348904, 8.637260179966688e-06, 0.0001225442683789879], [0.0002314271841896698, 0.0008089663460850716, 0.00028053417918272316, -6.891110388096422e-05, -0.0002441234391881153, 2.897509330068715e-05, -0.00016323743329849094, -0.0007920487551018596, -5.0621489208424464e-05, 0.0006276331259869039, -0.0006355209625326097, 0.00011184622417204082, 0.00016959989443421364], [0.00011776982864830643, 0.00028053417918272316, 0.0014323584036901593, -0.00041366301593370736, -0.0004268403572496027, -0.0004658879479393363, -0.000585774949286133, 4.996989082428627e-05, -0.00021082990861032158, 0.0009423300507478416, -0.0005723770009353757, -0.00032754705171100795, -0.0002715563168749213], [1.579485433467198e-05, -6.891110388096422e-05, -0.00041366301593370736, 0.003273793961852789, -0.0018808285240083933, 0.0005765349487774074, -0.00028679403476417065, -0.0006554023129865527, 0.00014918747183401138, -9.904437320074067e-05, 0.0001229936460731551, 0.00010029169061454013, -0.000499814806971699], [-0.00013473417493514717, -0.0002441234391881153, -0.0004268403572496027, -0.0018808285240083933, 0.004882365930825472, -0.001059113536030054, 0.00026717857690528035, 0.0012753992341458797, -0.0007204884896054864, -0.0014925494324415922, 7.626115984749049e-05, 0.0014758717734366655, -0.0014187750639393926], [4.889665433438495e-06, 2.897509330068715e-05, -0.0004658879479393363, 0.0005765349487774074, -0.001059113536030054, 0.006883412599563599, -0.0021603498607873917, -0.0011644682381302118, -0.0022285422310233116, 0.0006404842133633792, -0.0009758551605045795, 2.5606937924749218e-05, 0.0011158855631947517], [-6.43142411718145e-05, -0.00016323743329849094, -0.000585774949286133, -0.00028679403476417065, 0.00026717857690528035, -0.0021603498607873917, 0.00675694365054369, -0.0026212302036583424, 0.00045673942076973617, -0.0029645157046616077, 0.0023065642453730106, -0.0029966647271066904, 0.0007778846775181592], [-0.00031518968171440065, -0.0007920487551018596, 4.996989082428627e-05, -0.0006554023129865527, 0.0012753992341458797, -0.0011644682381302118, -0.0026212302036583424, 0.01039181463420391, -0.004544737283140421, 0.0021628437098115683, -0.0024036001414060593, 0.0020949840545654297, -0.0006800410337746143], [-0.0001441899366909638, -5.0621489208424464e-05, -0.00021082990861032158, 0.00014918747183401138, -0.0007204884896054864, -0.0022285422310233116, 0.00045673942076973617, -0.004544737283140421, 0.013291150331497192, -0.004126948304474354, 0.0008882569381967187, -0.0016994522884488106, 0.00031528310501016676], [0.00030320556834340096, 0.0006276331259869039, 0.0009423300507478416, -9.904437320074067e-05, -0.0014925494324415922, 0.0006404842133633792, -0.0029645157046616077, 0.0021628437098115683, -0.004126948304474354, 0.011621164157986641, -0.003965431824326515, 0.0001913999585667625, -0.0004911843570880592], [-0.00012710553710348904, -0.0006355209625326097, -0.0005723770009353757, 0.0001229936460731551, 7.626115984749049e-05, -0.0009758551605045795, 0.0023065642453730106, -0.0024036001414060593, 0.0008882569381967187, -0.003965431824326515, 0.012609067372977734, -0.0065483227372169495, 0.0006245221593417227], [8.637260179966688e-06, 0.00011184622417204082, -0.00032754705171100795, 0.00010029169061454013, 0.0014758717734366655, 2.5606937924749218e-05, -0.0029966647271066904, 0.0020949840545654297, -0.0016994522884488106, 0.0001913999585667625, -0.0065483227372169495, 0.014800109900534153, -0.00589353684335947], [0.0001225442683789879, 0.00016959989443421364, -0.0002715563168749213, -0.000499814806971699, -0.0014187750639393926, 0.0011158855631947517, 0.0007778846775181592, -0.0006800410337746143, 0.00031528310501016676, -0.0004911843570880592, 0.0006245221593417227, -0.00589353684335947, 0.00927808042615652]], "metadata.audio_properties.analysis.downmix": "mix", "metadata.audio_properties.codec": "mp3", "metadata.audio_properties.md5_encoded": "c98df8a46d05e7d1c56474a534a78c86", "metadata.tags.file_name": "1183701556915359795.mp3", "metadata.version.essentia": "2.1-beta6-dev", "metadata.version.essentia_git_sha": "v2.1_beta5-1110-g77a6a954", "metadata.version.extractor": "music 2.0", "tonal.chords_key": "F", "tonal.chords_scale": "minor", "tonal.key_edma.key": "Bb", "tonal.key_edma.scale": "minor", "tonal.key_krumhansl.key": "Bb", "tonal.key_krumhansl.scale": "minor", "tonal.key_temperley.key": "Bb", "tonal.key_temperley.scale": "minor", "metadata.tags.encoding": ["Lavf58.45.100"]}, "essentia_models": [{"model_name": "genre_dortmund", "activations": {"alt