{"song_id": "1183711090006310912", "download": "https://cdn.discordapp.com/attachments/1135911532732108921/1183711090006310912/chirp.mp4?ex=658953dc&amp", "lyrics": "[Chorus]\nCelebremos a chegada do que est\u00e1 por nascer, Com cora\u00e7\u00f5es repletos de f\u00e9, prontos para florescer. Que o novo ano traga, em cada novo amanhecer, Amor, paz e felicidade, em tudo que vamos viver.", "style": ["MPB</span><span>, voz masculina"], "essentia_features": {"lowlevel.average_loudness": 0.9799174666404724, "lowlevel.barkbands_crest.mean": 12.794358253479004, "lowlevel.barkbands_crest.stdev": 3.5300557613372803, "lowlevel.barkbands_flatness_db.mean": 0.3518803119659424, "lowlevel.barkbands_flatness_db.stdev": 0.0858331173658371, "lowlevel.barkbands_kurtosis.mean": 39.2149543762207, "lowlevel.barkbands_kurtosis.stdev": 43.31044006347656, "lowlevel.barkbands_skewness.mean": 4.195252895355225, "lowlevel.barkbands_skewness.stdev": 2.344080686569214, "lowlevel.barkbands_spread.mean": 6.20474910736084, "lowlevel.barkbands_spread.stdev": 8.458951950073242, "lowlevel.dissonance.mean": 0.44960862398147583, "lowlevel.dissonance.stdev": 0.03560955822467804, "lowlevel.dynamic_complexity": 0.8272123336791992, "lowlevel.erbbands_crest.mean": 12.988523483276367, "lowlevel.erbbands_crest.stdev": 4.363855838775635, "lowlevel.erbbands_flatness_db.mean": 0.23603585362434387, "lowlevel.erbbands_flatness_db.stdev": 0.06165824458003044, "lowlevel.erbbands_kurtosis.mean": 9.052260398864746, "lowlevel.erbbands_kurtosis.stdev": 15.28568172454834, "lowlevel.erbbands_skewness.mean": 1.9663453102111816, "lowlevel.erbbands_skewness.stdev": 2.0147879123687744, "lowlevel.erbbands_spread.mean": 44.73208999633789, "lowlevel.erbbands_spread.stdev": 41.21330261230469, "lowlevel.hfc.mean": 18.391023635864258, "lowlevel.hfc.stdev": 13.123830795288086, "lowlevel.loudness_ebu128.integrated": -14.29126262664795, "lowlevel.loudness_ebu128.loudness_range": 1.0354690551757812, "lowlevel.loudness_ebu128.momentary.mean": -14.343823432922363, "lowlevel.loudness_ebu128.momentary.stdev": 0.7129973769187927, "lowlevel.loudness_ebu128.short_term.mean": -14.295647621154785, "lowlevel.loudness_ebu128.short_term.stdev": 0.313362181186676, "lowlevel.melbands_crest.mean": 20.974105834960938, "lowlevel.melbands_crest.stdev": 3.606050968170166, "lowlevel.melbands_flatness_db.mean": 0.45278874039649963, "lowlevel.melbands_flatness_db.stdev": 0.09818428009748459, "lowlevel.melbands_kurtosis.mean": 110.47747039794922, "lowlevel.melbands_kurtosis.stdev": 116.77879333496094, "lowlevel.melbands_skewness.mean": 6.654301166534424, "lowlevel.melbands_skewness.stdev": 3.8270208835601807, "lowlevel.melbands_spread.mean": 3.578482151031494, "lowlevel.melbands_spread.stdev": 6.887208461761475, "lowlevel.pitch_salience.mean": 0.37598496675491333, "lowlevel.pitch_salience.stdev": 0.10823854804039001, "lowlevel.silence_rate_20dB.mean": 1.0, "lowlevel.silence_rate_20dB.stdev": 0.0, "lowlevel.silence_rate_30dB.mean": 0.8252149224281311, "lowlevel.silence_rate_30dB.stdev": 0.37978196144104004, "lowlevel.silence_rate_60dB.mean": 0.004297994077205658, "lowlevel.silence_rate_60dB.stdev": 0.06541808694601059, "lowlevel.spectral_centroid.mean": 389.43914794921875, "lowlevel.spectral_centroid.stdev": 366.1802978515625, "lowlevel.spectral_complexity.mean": 7.051576137542725, "lowlevel.spectral_complexity.stdev": 4.390686511993408, "lowlevel.spectral_decrease.mean": -2.1694917862191687e-08, "lowlevel.spectral_decrease.stdev": 6.232479865531104e-09, "lowlevel.spectral_energy.mean": 0.08354967087507248, "lowlevel.spectral_energy.stdev": 0.023777490481734276, "lowlevel.spectral_energyband_high.mean": 0.000579014653339982, "lowlevel.spectral_energyband_high.stdev": 0.0016994138713926077, "lowlevel.spectral_energyband_low.mean": 0.06554092466831207, "lowlevel.spectral_energyband_low.stdev": 0.02372106909751892, "lowlevel.spectral_energyband_middle_high.mean": 0.0016382834874093533, "lowlevel.spectral_energyband_middle_high.stdev": 0.0027208386454731226, "lowlevel.spectral_energyband_middle_low.mean": 0.027852147817611694, "lowlevel.spectral_energyband_middle_low.stdev": 0.013957478106021881, "lowlevel.spectral_entropy.mean": 6.059782981872559, "lowlevel.spectral_entropy.stdev": 0.9179478287696838, "lowlevel.spectral_flux.mean": 0.06806888431310654, "lowlevel.spectral_flux.stdev": 0.036137230694293976, "lowlevel.spectral_kurtosis.mean": 14.054313659667969, "lowlevel.spectral_kurtosis.stdev": 16.433616638183594, "lowlevel.spectral_rms.mean": 0.008917608298361301, "lowlevel.spectral_rms.stdev": 0.0014099763939157128, "lowlevel.spectral_rolloff.mean": 250.68597412109375, "lowlevel.spectral_rolloff.stdev": 738.02685546875, "lowlevel.spectral_skewness.mean": 2.761530637741089, "lowlevel.spectral_skewness.stdev": 1.466691255569458, "lowlevel.spectral_spread.mean": 4652098.5, "lowlevel.spectral_spread.stdev": 2818477.5, "lowlevel.spectral_strongpeak.mean": 0.9276808500289917, "lowlevel.spectral_strongpeak.stdev": 0.4034884572029114, "lowlevel.zerocrossingrate.mean": 0.020974408835172653, "lowlevel.zerocrossingrate.stdev": 0.032691869884729385, "metadata.audio_properties.analysis.equal_loudness": 0.0, "metadata.audio_properties.analysis.length": 16.170658111572266, "metadata.audio_properties.analysis.sample_rate": 44100.0, "metadata.audio_properties.analysis.start_time": 0.0, "metadata.audio_properties.bit_rate": 115271.0, "metadata.audio_properties.length": 16.170665740966797, "metadata.audio_properties.lossless": 0.0, "metadata.audio_properties.number_channels": 1.0, "metadata.audio_properties.replay_gain": -8.96609115600586, "metadata.audio_properties.sample_rate": 48000.0, "rhythm.beats_count": 28.0, "rhythm.beats_loudness.mean": 0.0999056026339531, "rhythm.beats_loudness.stdev": 0.029392408207058907, "rhythm.bpm": 108.09735870361328, "rhythm.bpm_histogram_first_peak_bpm": 108.0, "rhythm.bpm_histogram_first_peak_weight": 0.2222222089767456, "rhythm.bpm_histogram_second_peak_bpm": 0.0, "rhythm.bpm_histogram_second_peak_spread": 0.0, "rhythm.bpm_histogram_second_peak_weight": 0.0, "rhythm.danceability": 1.061888575553894, "rhythm.onset_rate": 5.128424167633057, "tonal.chords_changes_rate": 0.022857142612338066, "tonal.chords_number_rate": 0.0057142856530845165, "tonal.chords_strength.mean": 0.509261965751648, "tonal.chords_strength.stdev": 0.060384031385183334, "tonal.hpcp_crest.mean": 14.652862548828125, "tonal.hpcp_crest.stdev": 5.6695027351379395, "tonal.hpcp_entropy.mean": 1.7243685722351074, "tonal.hpcp_entropy.stdev": 0.6789793968200684, "tonal.key_edma.strength": 0.7537378072738647, "tonal.key_krumhansl.strength": 0.7450643181800842, "tonal.key_temperley.strength": 0.7250043153762817, "tonal.tuning_diatonic_strength": 0.5537522435188293, "tonal.tuning_equal_tempered_deviation": 0.07651624083518982, "tonal.tuning_frequency": 438.7310485839844, "tonal.tuning_nontempered_energy_ratio": 0.6545045375823975, "lowlevel.barkbands.mean": [4.5737320760963485e-05, 0.016336441040039062, 0.037103474140167236, 0.01515898760408163, 0.011643513105809689, 0.00011662865290418267, 0.0006251101731322706, 0.00016194122144952416, 0.00013734154345002025, 6.637853221036494e-05, 0.0001299393188674003, 0.00020096040680073202, 0.00013023360224906355, 0.0002935461816377938, 0.00029108370654284954, 0.00021579513850156218, 0.0001380113244522363, 0.00011952524801017717, 2.190181112382561e-05, 9.870323992799968e-05, 9.105222125072032e-05, 7.686883327551186e-05, 9.714334737509489e-05, 6.636483158217743e-05, 0.000158670314704068, 2.4403132556471974e-05, 7.741244090198052e-09], "lowlevel.barkbands.stdev": [9.136843436863273e-05, 0.013104328885674477, 0.016848629340529442, 0.00984260905534029, 0.009415796957910061, 0.00017657020362094045, 0.00125246646348387, 0.0007584941340610385, 0.00041151157347485423, 0.00022371785598807037, 0.0004946209373883903, 0.00045464106369763613, 0.00048400109517388046, 0.0008715715957805514, 0.0007949600694701076, 0.0006556376465596259, 0.00031937958556227386, 0.00028963727527298033, 6.219565693754703e-05, 0.0004648483300115913, 0.00047550396993756294, 0.00034398699062876403, 0.00042533574742265046, 0.00023425731342285872, 0.00041501515079289675, 8.708996756467968e-05, 5.8402317648642565e-08], "lowlevel.erbbands.mean": [0.07969782501459122, 5.3226237297058105, 37.61845016479492, 57.34864807128906, 47.98921203613281, 29.396209716796875, 5.45421028137207, 0.9010363817214966, 5.360262870788574, 11.155387878417969, 2.020946979522705, 2.9112284183502197, 2.1662333011627197, 4.655703067779541, 5.5915608406066895, 7.537935733795166, 5.879347801208496, 12.502942085266113, 18.01534652709961, 14.088634490966797, 11.76904582977295, 8.849783897399902, 7.387540817260742, 1.4806002378463745, 1.7263988256454468, 4.50079870223999, 5.063263416290283, 2.682406187057495, 2.6448116302490234, 3.180680513381958, 2.5653414726257324, 1.2598320245742798, 1.4658362865447998, 2.2253215312957764, 0.7823827266693115, 0.22033125162124634, 0.023203108459711075, 0.0007726744515821338, 7.105512486305088e-05, 9.611394489184022e-05], "lowlevel.erbbands.stdev": [0.05661306530237198, 3.9190707206726074, 16.32818603515625, 33.38782501220703, 36.270626068115234, 28.758777618408203, 6.559298515319824, 1.3276258707046509, 12.333040237426758, 29.30695915222168, 7.6345415115356445, 9.603483200073242, 6.780238628387451, 14.091924667358398, 13.626864433288574, 16.45534324645996, 18.519248962402344, 37.72052001953125, 55.243045806884766, 42.979618072509766, 30.669475555419922, 18.90647315979004, 16.166969299316406, 2.7049388885498047, 6.384188652038574, 21.838485717773438, 23.421375274658203, 15.735982894897461, 13.071417808532715, 13.077680587768555, 11.357818603515625, 5.9628472328186035, 4.352778911590576, 5.580275535583496, 2.28045916557312, 0.7640103101730347, 0.09034307301044464, 0.0028404274489730597, 0.00010437204036861658, 2.8594360628630966e-05], "lowlevel.gfcc.mean": [-74.80158996582031, 121.39057922363281, -53.602325439453125, 65.31958770751953, -14.539093017578125, 22.910520553588867, -45.913543701171875, -0.3054564297199249, -44.24188995361328, -11.88487720489502, -17.772430419921875, -18.021461486816406, -4.008482456207275], "lowlevel.melbands.mean": [0.002373533556237817, 0.01561422273516655, 0.009174032136797905, 0.002825929084792733, 0.00033606396755203605, 1.774931479303632e-05, 9.577773744240403e-05, 0.00010545638360781595, 1.1478058695502114e-05, 1.9732377040782012e-05, 1.028054794005584e-05, 1.8012337022810243e-05, 1.9305010937387124e-05, 2.1582176486845128e-05, 1.4739259313500952e-05, 1.4072062185732648e-05, 2.3468825020245276e-05, 3.084774289163761e-05, 1.8073820683639497e-05, 1.6027650417527184e-05, 1.2795602742698975e-05, 8.344048183062114e-06, 1.0433218449179549e-05, 3.5234402275818866e-06, 8.538676183889038e-07, 8.559323987356038e-07, 1.9794695163000142e-06, 3.2279513106914237e-06, 3.6273356727178907e-06, 2.2084350348450243e-06, 1.2954232033735025e-06, 1.4996771824371535e-06, 1.5116175973162171e-06, 1.8647823480932857e-06, 1.53206167397002e-06, 1.1059962616855046e-06, 6.534964995807968e-07, 8.172448815457756e-07, 1.563698901918542e-06, 2.0225331809342606e-06], "lowlevel.melbands.stdev": [0.0018928484059870243, 0.0065798708237707615, 0.004577222280204296, 0.002265166025608778, 0.00044756269198842347, 3.31773808284197e-05, 0.00020315426809247583, 0.000292573036858812, 4.809519668924622e-05, 6.142901111161336e-05, 3.357755849719979e-05, 5.5260639783227816e-05, 5.976939064566977e-05, 4.9293081247014925e-05, 4.092058588867076e-05, 5.336387039278634e-05, 7.352756801992655e-05, 0.00010442081838846207, 5.24860224686563e-05, 5.4840988013893366e-05, 3.4806009352905676e-05, 1.9459494069451466e-05, 2.2688745957566425e-05, 7.823511623428203e-06, 1.662209115238511e-06, 2.7382698135625105e-06, 9.235030120180454e-06, 1.567770777910482e-05, 1.6529789718333632e-05, 1.2084481568308547e-05, 8.067423550528474e-06, 8.738230462768115e-06, 6.001756901241606e-06, 8.041830369620584e-06, 6.738643151038559e-06, 5.6000817494350486e-06, 3.1402657896251185e-06, 2.7155888346896973e-06, 3.971425030613318e-06, 5.170845724933315e-06], "lowlevel.melbands128.mean": [2.108748049067799e-05, 3.502008621580899e-05, 0.0008515496156178415, 0.011268718168139458, 0.018870994448661804, 0.017772717401385307, 0.013285917229950428, 0.004977883771061897, 0.0054184021428227425, 0.0030107812490314245, 0.0013304027961567044, 0.0005427802097983658, 9.285184933105484e-05, 2.2097801775089465e-05, 6.979259978834307e-06, 1.756415622367058e-05, 4.2613184632500634e-05, 0.00011534380610100925, 0.0001434351142961532, 0.00017068466695491225, 5.324778248905204e-05, 1.1094613910245243e-05, 4.5595079427585006e-06, 1.2117381629650481e-05, 1.9889041141141206e-05, 2.272213350806851e-05, 2.2934355001780204e-05, 4.301814442442264e-06, 2.7586877422436373e-06, 1.6223659258685075e-05, 1.861419150372967e-05, 3.15574106934946e-05, 1.683071423030924e-05, 1.0346358976676129e-05, 2.7988324291072786e-05, 1.9412664187257178e-05, 2.3729751774226315e-05, 1.2542755030153785e-05, 1.2306164535402786e-05, 1.045733461069176e-05, 1.1450189049355686e-05, 2.40944282268174e-05, 2.81676730082836e-05, 1.7003199900500476e-05, 2.6355224690632895e-05, 4.3424704927019775e-05, 2.4066472178674303e-05, 8.151148904289585e-06, 2.1489981008926407e-05, 2.5683715648483485e-05, 8.903612069843803e-06, 1.3131437299307436e-05, 2.158003735530656e-05, 6.435739123844542e-06, 7.573737548227655e-06, 1.0332177225791384e-05, 6.613512596231885e-06, 1.100211011362262e-05, 1.430161137250252e-05, 4.511653060035314e-06, 3.481118255876936e-06, 1.7193103758472716e-06, 8.667999509270885e-07, 6.941149877093267e-07, 5.786648102912295e-07, 8.399781563639408e-07, 9.263116567126417e-07, 1.3762048638454871e-06, 2.070038817691966e-06, 3.139593445666833e-06, 2.751566853476106e-06, 3.482899955997709e-06, 4.5488181967812125e-06, 3.5863490666088182e-06, 2.6517602691455977e-06, 2.5455169634369668e-06, 1.906749503177707e-06, 1.4554908602804062e-06, 1.0574949556030333e-06, 1.168011294794269e-06, 1.7902049194162828e-06, 1.449566184419382e-06, 1.375510692014359e-06, 1.3629789918923052e-06, 1.7542282648719265e-06, 2.053614934993675e-06, 1.8174292790718027e-06, 1.7014119748637313e-06, 1.4168873576636543e-06, 1.4863244359730743e-06, 1.537715661470429e-06, 9.233106084138853e-07, 5.404669991548872e-07, 7.215723485387571e-07, 5.89349497204239e-07, 7.13550946329633e-07, 7.985129286680603e-07, 1.0952721822832245e-06, 1.334231910732342e-06, 1.8981504581461195e-06, 2.335151066290564e-06, 2.19206071960798e-06, 1.5288535450963536e-06, 9.890305818771594e-07, 6.920313353475649e-07, 7.033046358628781e-07, 6.639798471042013e-07, 4.979065124643967e-07, 3.8452847661574197e-07, 2.098604880984567e-07, 1.4375146406564454e-07, 7.702288939981372e-08, 5.1958586766431836e-08, 1.7394464535414045e-08, 4.4623940098631465e-09, 5.772610167653625e-10, 1.5417607468481975e-10, 5.879457337654159e-11, 2.8569462767746856e-11, 1.337613787094627e-11, 1.3253982113214935e-11, 1.2382906332264465e-11, 1.2039647924455554e-11, 1.1830335322482455e-11, 1.160663665872308e-11, 1.135465853285833e-11, 1.1201003666250209e-11, 1.1131692789767555e-11], "lowlevel.melbands128.stdev": [4.440229167812504e-05, 6.635064346482977e-05, 0.0007067625410854816, 0.00906739104539156, 0.01177168544381857, 0.010664625093340874, 0.008637763559818268, 0.0035093422047793865, 0.005039897747337818, 0.0029832986183464527, 0.0019018473103642464, 0.0008497100207023323, 0.00014232093235477805, 3.377942994120531e-05, 1.4806806575506926e-05, 6.351510091917589e-05, 0.00011393312161089852, 0.0003481722669675946, 0.00031540868803858757, 0.0005236421711742878, 0.000278568739304319, 9.211210999637842e-05, 1.5618916222592816e-05, 5.3719744755653664e-05, 0.00010212345659965649, 7.384433411061764e-05, 9.82505371212028e-05, 2.015403879340738e-05, 9.501823114987928e-06, 6.346707232296467e-05, 7.404798088828102e-05, 0.0001454567682230845, 7.117345376173034e-05, 2.9683007596759126e-05, 9.894264076137915e-05, 5.507842797669582e-05, 7.065507816150784e-05, 5.956445966148749e-05, 5.195616904529743e-05, 6.0415339248720556e-05, 6.159520125947893e-05, 0.0001304326724493876, 0.00011444843403296545, 7.842012564651668e-05, 0.0001222516584675759, 0.00017918604135047644, 0.00011064471618738025, 4.162225013715215e-05, 8.750983397476375e-05, 0.00011137263209093362, 7.440599438268691e-05, 4.911717041977681e-05, 6.838962872279808e-05, 2.3767677703290246e-05, 2.3172198780230246e-05, 2.867829789465759e-05, 1.9734727175091393e-05, 2.7805786885437556e-05, 4.272087971912697e-05, 1.1571512004593387e-05, 1.0067201401398052e-05, 5.064812285127118e-06, 1.838479988691688e-06, 1.629075086384546e-06, 1.7266640952584567e-06, 2.7107191726827295e-06, 3.6747214835486375e-06, 5.794302069261903e-06, 1.0123638276127167e-05, 1.9144328689435497e-05, 1.556240749778226e-05, 1.3513168596546166e-05, 2.1859543267055415e-05, 1.8959692170028575e-05, 1.2393192264426034e-05, 1.411550329066813e-05, 1.2165518455731217e-05, 1.1070642358390614e-05, 6.411733465938596e-06, 7.483802164642839e-06, 1.3673065950570162e-05, 7.204345365607878e-06, 6.183370715007186e-06, 5.560842510021757e-06, 7.206464033515658e-06, 9.720484740682878e-06, 8.541371244064067e-06, 7.97027132648509e-06, 6.407264208974084e-06, 6.7718860918830615e-06, 8.922067536332179e-06, 4.538321718428051e-06, 3.065551027248148e-06, 4.096778411621926e-06, 2.336488478249521e-06, 3.0203266305761645e-06, 2.793107569232234e-06, 3.743462002603337e-06, 3.681858061099774e-06, 4.718270702142036e-06, 6.341824246192118e-06, 5.61836532142479e-06, 4.793865628016647e-06, 3.039445573449484e-06, 2.2792294203100028e-06, 2.3312625216931337e-06, 2.331338009753381e-06, 1.7783784187486162e-06, 1.4999227460066322e-06, 9.036306778398284e-07, 6.687903351121349e-07, 3.4749601240946504e-07, 2.591612826563505e-07, 7.913367738865418e-08, 2.9311099325468604e-08, 5.790075530143213e-09, 1.3518014485569552e-09, 1.1464943439065678e-09, 3.9789813111035244e-10, 1.780757659386456e-11, 2.0751426618725866e-11, 1.545254028900711e-11, 1.509832536772393e-11, 1.483822439918292e-11, 1.4616379287457626e-11, 1.444013224966012e-11, 1.43134080976548e-11, 1.423451547605259e-11], "lowlevel.mfcc.mean": [-742.4041137695312, 147.49758911132812, 37.385616302490234, 54.38286209106445, 52.80039978027344, 20.204322814941406, 27.508895874023438, -1.7198423147201538, 6.896406173706055, -16.813127517700195, -12.242106437683105, 1.960092306137085, 4.0701470375061035], "lowlevel.spectral_contrast_coeffs.mean": [-0.5216724276542664, -0.7464187741279602, -0.7484604120254517, -0.7740298509597778, -0.791462779045105, -0.7804797887802124], "lowlevel.spectral_contrast_coeffs.stdev": [0.08337882906198502, 0.08722314238548279, 0.06318333745002747, 0.07998590916395187, 0.05535289645195007, 0.04733163118362427], "lowlevel.spectral_contrast_valleys.mean": [-6.587236404418945, -8.461715698242188, -8.977039337158203, -8.980635643005371, -8.697183609008789, -11.4337739944458], "lowlevel.spectral_contrast_valleys.stdev": [0.8931664824485779, 0.9466245770454407, 0.8996264338493347, 0.99027019739151, 0.8953794240951538, 1.2796814441680908], "rhythm.beats_loudness_band_ratio.mean": [0.8899750113487244, 0.09871329367160797, 0.019509196281433105, 0.011201064102351665, 0.026264792308211327, 0.002734056208282709], "rhythm.beats_loudness_band_ratio.stdev": [0.08433135598897934, 0.06830921024084091, 0.024027450010180473, 0.018173372372984886, 0.03420054912567139, 0.003388318233191967], "tonal.hpcp.mean": [0.023579204455018044, 0.027969036251306534, 0.012843061238527298, 0.007426685653626919, 0.01196359470486641, 0.033910419791936874, 0.06485942751169205, 0.04548947885632515, 0.12448857724666595, 0.2521897554397583, 0.1495170146226883, 0.015074353665113449, 0.004513580352067947, 0.010072039440274239, 0.06071106344461441, 0.20441073179244995, 0.15624982118606567, 0.009527349844574928, 0.005143674556165934, 0.000974541122559458, 0.0010277647525072098, 0.0017119506374001503, 0.0019114481983706355, 0.0023599870037287474, 0.0030988939106464386, 0.0028503325302153826, 0.0068221744149923325, 0.019364798441529274, 0.021923217922449112, 0.348509818315506, 0.7183022499084473, 0.38619646430015564, 0.012980381026864052, 0.00846035871654749, 0.006918495055288076, 0.010355220176279545], "tonal.hpcp.stdev": [0.08842691034078598, 0.11472733318805695, 0.07125017046928406, 0.05796724930405617, 0.07254418730735779, 0.09736821800470352, 0.17643199861049652, 0.13065417110919952, 0.24402350187301636, 0.42119523882865906, 0.2818259596824646, 0.07833019644021988, 0.018553396686911583, 0.05546565353870392, 0.1172100380063057, 0.24870836734771729, 0.20124056935310364, 0.06405948847532272, 0.049248985946178436, 0.006586055271327496, 0.003146031405776739, 0.006309091113507748, 0.00520149152725935, 0.01098099909722805, 0.03506213426589966, 0.026350291445851326, 0.04080432280898094, 0.1085701733827591, 0.11331023275852203, 0.22949367761611938, 0.40430521965026855, 0.2531619071960449, 0.07709190249443054, 0.07755956798791885, 0.04158622398972511, 0.039813026785850525], "rhythm.beats_position": [0.54566890001297, 1.1029478311538696, 1.6602267026901245, 2.2291154861450195, 2.7863945960998535, 3.3436734676361084, 3.9009523391723633, 4.446621417999268, 5.003900051116943, 5.549569129943848, 6.083628177642822, 6.640906810760498, 7.198185920715332, 7.755464553833008, 8.312743186950684, 8.870022773742676, 9.427301406860352, 9.984580039978027, 10.54185962677002, 11.099138259887695, 11.656416893005371, 12.202085494995117, 12.75936508178711, 13.305033683776855, 13.862312316894531, 14.419591903686523, 14.9768705368042, 15.534149169921875], "rhythm.bpm_histogram": [0.0, 0.0, 0.0, 0.0, 0.0, 0.0, 0.0, 0.0, 0.0, 0.0, 0.0, 0.0, 0.0, 0.0, 0.0, 0.0, 0.0, 0.0, 0.0, 0.0, 0.0, 0.0, 0.0, 0.0, 0.0, 0.0, 0.0, 0.0, 0.0, 0.0, 0.0, 0.0, 0.0, 0.0, 0.0, 0.0, 0.0, 0.0, 0.0, 0.0, 0.0, 0.0, 0.0, 0.0, 0.0, 0.0, 0.0, 0.0, 0.0, 0.0, 0.0, 0.0, 0.0, 0.0, 0.0, 0.0, 0.0, 0.0, 0.0, 0.0, 0.0, 0.0, 0.0, 0.0, 0.0, 0.0, 0.0, 0.0, 0.0, 0.0, 0.0, 0.0, 0.0, 0.0, 0.0, 0.0, 0.0, 0.0, 0.0, 0.0, 0.0, 0.0, 0.0, 0.0, 0.0, 0.0, 0.0, 0.0, 0.0, 0.0, 0.0, 0.0, 0.0, 0.0, 0.0, 0.0, 0.0, 0.0, 0.0, 0.0, 0.0, 0.0, 0.0, 0.0, 0.0, 0.03703703731298447, 0.0, 0.0, 0.7777777910232544, 0.0, 0.14814814925193787, 0.0, 0.03703703731298447, 0.0, 0.0, 0.0, 0.0, 0.0, 0.0, 0.0, 0.0, 0.0, 0.0, 0.0, 0.0, 0.0, 0.0, 0.0, 0.0, 0.0, 0.0, 0.0, 0.0, 0.0, 0.0, 0.0, 0.0, 0.0, 0.0, 0.0, 0.0, 0.0, 0.0, 0.0, 0.0, 0.0, 0.0, 0.0, 0.0, 0.0, 0.0, 0.0, 0.0, 0.0, 0.0, 0.0, 0.0, 0.0, 0.0, 0.0, 0.0, 0.0, 0.0, 0.0, 0.0, 0.0, 0.0, 0.0, 0.0, 0.0, 0.0, 0.0, 0.0, 0.0, 0.0, 0.0, 0.0, 0.0, 0.0, 0.0, 0.0, 0.0, 0.0, 0.0, 0.0, 0.0, 0.0, 0.0, 0.0, 0.0, 0.0, 0.0, 0.0, 0.0, 0.0, 0.0, 0.0, 0.0, 0.0, 0.0, 0.0, 0.0, 0.0, 0.0, 0.0, 0.0, 0.0, 0.0, 0.0, 0.0, 0.0, 0.0, 0.0, 0.0, 0.0, 0.0, 0.0, 0.0, 0.0, 0.0, 0.0, 0.0, 0.0, 0.0, 0.0, 0.0, 0.0, 0.0, 0.0, 0.0, 0.0, 0.0, 0.0, 0.0, 0.0, 0.0, 0.0, 0.0, 0.0, 0.0, 0.0, 0.0, 0.0, 0.0, 0.0, 0.0, 0.0, 0.0, 0.0, 0.0], "tonal.chords_histogram": [0.0, 0.0, 0.0, 0.0, 0.0, 0.0, 0.0, 32.85714340209961, 0.0, 67.14286041259766, 0.0, 0.0, 0.0, 0.0, 0.0, 0.0, 0.0, 0.0, 0.0, 0.0, 0.0, 0.0, 0.0, 0.0], "tonal.thpcp": [1.0, 0.537651777267456, 0.018070917576551437, 0.011778270825743675, 0.009631732478737831, 0.014416243880987167, 0.03282630071043968, 0.03893769904971123, 0.017879744991660118, 0.010339220985770226, 0.01665537618100643, 0.04720912501215935, 0.0902954563498497, 0.06332916021347046, 0.17330946028232574, 0.3510914146900177, 0.20815333724021912, 0.02098608762025833, 0.006283678580075502, 0.014022007584571838, 0.08452022075653076, 0.28457480669021606, 0.21752656996250153, 0.013263706117868423, 0.00716087780892849, 0.0013567284913733602, 0.0014308248646557331, 0.0023833289742469788, 0.002661063801497221, 0.003285506973043084, 0.004314192105084658, 0.003968152217566967, 0.00949763786047697, 0.026959123089909554, 0.030520882457494736, 0.4851854741573334], "lowlevel.gfcc.cov": [[6570.32421875, -1198.30615234375, -1117.17431640625, -166.61029052734375, -660.7423095703125, 214.78936767578125, -811.0144653320312, 1039.6466064453125, -184.56492614746094, 533.3978881835938, -460.927734375, -336.9189758300781, 7.56535005569458], [-1198.30615234375, 2191.7998046875, -414.7452392578125, -842.3880615234375, 582.51513671875, -394.471923828125, 304.1414489746094, -135.11837768554688, 179.5419921875, -202.19618225097656, 290.39776611328125, -203.74517822265625, 176.50772094726562], [-1117.17431640625, -414.7452392578125, 989.0321655273438, 513.2499389648438, -144.49815368652344, 99.47264099121094, 154.0371856689453, -303.4350891113281, -26.341054916381836, -94.9544906616211, 99.2530746459961, 268.7351989746094, -128.5474395751953], [-166.61029052734375, -842.3880615234375, 513.2499389648438, 938.9281005859375, -111.47261810302734, 86.00824737548828, 48.84646224975586, -243.66319274902344, 11.045208930969238, -62.62628936767578, -27.328203201293945, 226.8264923095703, -51.948631286621094], [-660.7423095703125, 582.51513671875, -144.49815368652344, -111.47261810302734, 486.41143798828125, -47.00469207763672, 90.2725830078125, -105.92682647705078, 61.284175872802734, -91.22541046142578, 61.42829895019531, -30.27395248413086, 95.72716522216797], [214.78936767578125, -394.471923828125, 99.47264099121094, 86.00824737548828, -47.00469207763672, 336.70599365234375, 61.58838653564453, -102.9364242553711, -89.70075988769531, 19.817609786987305, -44.854469299316406, 42.58115768432617, -38.65400695800781], [-811.0144653320312, 304.1414489746094, 154.0371856689453, 48.84646224975586, 90.2725830078125, 61.58838653564453, 340.33526611328125, -244.87977600097656, -38.868839263916016, -104.74911499023438, 98.2422103881836, 46.1669807434082, 4.037776470184326], [1039.6466064453125, -135.11837768554688, -303.4350891113281, -243.66319274902344, -105.92682647705078, -102.9364242553711, -244.87977600097656, 491.8556823730469, 19.959693908691406, 139.95266723632812, -67.53036499023438, -128.49942016601562, 41.734073638916016], [-184.56492614746094, 179.5419921875, -26.341054916381836, 11.045208930969238, 61.284175872802734, -89.70075988769531, -38.868839263916016, 19.959693908691406, 187.72874450683594, 14.385458946228027, -7.418582439422607, -17.53257179260254, 23.859731674194336], [533.3978881835938, -202.19618225097656, -94.9544906616211, -62.62628936767578, -91.22541046142578, 19.817609786987305, -104.74911499023438, 139.95266723632812, 14.385458946228027, 191.33253479003906, -40.15809631347656, -54.06436538696289, -15.488179206848145], [-460.927734375, 290.39776611328125, 99.2530746459961, -27.328203201293945, 61.42829895019531, -44.854469299316406, 98.2422103881836, -67.53036499023438, -7.418582439422607, -40.15809631347656, 165.6027374267578, 27.745901107788086, -6.512969017028809], [-336.9189758300781, -203.74517822265625, 268.7351989746094, 226.8264923095703, -30.27395248413086, 42.58115768432617, 46.1669807434082, -128.49942016601562, -17.53257179260254, -54.06436538696289, 27.745901107788086, 158.42330932617188, -38.96831512451172], [7.56535005569458, 176.50772094726562, -128.5474395751953, -51.948631286621094, 95.72716522216797, -38.65400695800781, 4.037776470184326, 41.734073638916016, 23.859731674194336, -15.488179206848145, -6.512969017028809, -38.96831512451172, 95.30327606201172]], "lowlevel.gfcc.icov": [[0.0012527831131592393, -0.003470633877441287, 0.0012711742892861366, -0.003646619850769639, 0.0020595097448676825, -0.0035464982502162457, 0.0027234451845288277, -0.003060714341700077, 0.0033786622807383537, -0.002287421841174364, 0.0034951709676533937, -0.0011066424194723368, 0.0023418418131768703], [-0.003470633877441287, 0.015266584232449532, -0.003492367919534445, 0.01463056355714798, -0.007561934646219015, 0.013790722005069256, -0.010033958591520786, 0.011250861920416355, -0.013025808148086071, 0.008850092999637127, -0.014647315256297588, 0.005819213576614857, -0.00996984913945198], [0.0012711742892861366, -0.003492367919534445, 0.0037467910442501307, -0.004220728762447834, 0.0025516573805361986, -0.003751016454771161, 0.0023624298628419638, -0.002908450784161687, 0.0029794699512422085, -0.0021117518190294504, 0.002536106389015913, -0.0035415631718933582, 0.0038455382455140352], [-0.003646619850769639, 0.01463056355714798, -0.004220728762447834, 0.016209235414862633, -0.007139839697629213, 0.013519903644919395, -0.00969643797725439, 0.011726516298949718, -0.013093117624521255, 0.008487866260111332, -0.013291418552398682, 0.0035343561321496964, -0.010539855808019638], [0.0020595097448676825, -0.007561934646219015, 0.0025516573805361986, -0.007139839697629213, 0.0074879564344882965, -0.007393755484372377, 0.005514648277312517, -0.004809123929589987, 0.00572449853643775, -0.0036789425648748875, 0.0061765024438500404, -0.002749822335317731, 0.0020105044823139906], [-0.0035464982502162457, 0.013790722005069256, -0.003751016454771161, 0.013519903644919395, -0.007393755484372377, 0.017238302156329155, -0.010338449850678444, 0.011364332400262356, -0.010175726376473904, 0.006719245109707117, -0.01130053959786892, 0.004469359293580055, -0.008375179953873158], [0.0027234451845288277, -0.010033958591520786, 0.0023624298628419638, -0.00969643797725439, 0.005514648277312517, -0.010338449850678444, 0.01303790882229805, -0.005329173058271408, 0.009556564502418041, -0.004925856366753578, 0.00720225041732192, -0.0022564521059393883, 0.004693889524787664], [-0.003060714341700077, 0.011250861920416355, -0.002908450784161687, 0.011726516298949718, -0.004809123929589987, 0.011364332400262356, -0.005329173058271408, 0.013811036013066769, -0.009551994502544403, 0.005339738447219133, -0.011307612992823124, 0.00519733177497983, -0.009896219708025455], [0.0033786622807383537, -0.013025808148086071, 0.0029794699512422085, -0.013093117624521255, 0.00572449853643775, -0.010175726376473904, 0.009556564502418041, -0.009551994502544403, 0.018411768600344658, -0.009064074605703354, 0.01347149908542633, -0.0040716067887842655, 0.007812452968209982], [-0.002287421841174364, 0.008850092999637127, -0.0021117518190294504, 0.008487866260111332, -0.0036789425648748875, 0.006719245109707117, -0.004925856366753578, 0.005339738447219133, -0.009064074605703354, 0.013612973503768444, -0.00911212433129549, 0.005445338319987059, -0.00405479921028018], [0.0034951709676533937, -0.014647315256297588, 0.002536106389015913, -0.013291418552398682, 0.0061765024438500404, -0.01130053959786892, 0.00720225041732192, -0.011307612992823124, 0.01347149908542633, -0.00911212433129549, 0.023460786789655685, -0.006785285659134388, 0.010860634967684746], [-0.0011066424194723368, 0.005819213576614857, -0.0035415631718933582, 0.0035343561321496964, -0.002749822335317731, 0.004469359293580055, -0.0022564521059393883, 0.00519733177497983, -0.0040716067887842655, 0.005445338319987059, -0.006785285659134388, 0.0175058301538229, -0.0025471861008554697], [0.0023418418131768703, -0.00996984913945198, 0.0038455382455140352, -0.010539855808019638, 0.0020105044823139906, -0.008375179953873158, 0.004693889524787664, -0.009896219708025455, 0.007812452968209982, -0.00405479921028018, 0.010860634967684746, -0.0025471861008554697, 0.024017799645662308]], "lowlevel.mfcc.cov": [[5716.9814453125, -1247.649169921875, -763.1265869140625, -694.1482543945312, 57.3006477355957, -902.3414916992188, -103.5569076538086, -447.11187744140625, 500.95050048828125, 457.83917236328125, 148.61354064941406, -181.38182067871094, -39.07763671875], [-1247.649169921875, 2910.238037109375, -1060.715087890625, -432.8549499511719, 87.38931274414062, -357.87591552734375, 179.3153533935547, -122.16279602050781, 58.017547607421875, 46.718711853027344, 110.03628540039062, 81.37200164794922, -119.11380004882812], [-763.1265869140625, -1060.715087890625, 1251.9459228515625, 427.1338806152344, -163.38734436035156, 385.755859375, -60.79152297973633, 222.13134765625, -217.20433044433594, -169.75396728515625, -58.37215805053711, 80.73544311523438, 168.67510986328125], [-694.1482543945312, -432.8549499511719, 427.1338806152344, 700.8673095703125, 61.33924865722656, 266.7792053222656, -73.73944091796875, 156.77752685546875, -78.41503143310547, -120.421630859375, -57.343650817871094, 81.7991943359375, 99.86599731445312], [57.3006477355957, 87.38931274414062, -163.38734436035156, 61.33924865722656, 344.5500793457031, -74.2291030883789, -55.813846588134766, 1.0368311405181885, 79.05885314941406, 30.45242691040039, -6.5595479011535645, 37.83725357055664, 31.688079833984375], [-902.3414916992188, -357.87591552734375, 385.755859375, 266.7792053222656, -74.2291030883789, 791.6278686523438, 57.416847229003906, 169.72671508789062, -161.45970153808594, -91.78318786621094, -50.10391616821289, -25.074785232543945, -65.22110748291016], [-103.5569076538086, 179.3153533935547, -60.79152297973633, -73.73944091796875, -55.813846588134766, 57.416847229003906, 275.8460693359375, 28.050600051879883, -56.43019104003906, -2.927147626876831, -7.629319667816162, -25.756359100341797, -29.024717330932617], [-447.11187744140625, -122.16279602050781, 222.13134765625, 156.77752685546875, 1.0368311405181885, 169.72671508789062, 28.050600051879883, 210.22996520996094, -49.604248046875, -71.49099731445312, -55.844547271728516, 24.9816951751709, 24.949480056762695], [500.95050048828125, 58.017547607421875, -217.20433044433594, -78.41503143310547, 79.05885314941406, -161.45970153808594, -56.43019104003906, -49.604248046875, 203.34925842285156, 93.98462677001953, -0.8832101225852966, -21.872020721435547, -6.684964179992676], [457.83917236328125, 46.718711853027344, -169.75396728515625, -120.421630859375, 30.45242691040039, -91.78318786621094, -2.927147626876831, -71.49099731445312, 93.98462677001953, 190.70872497558594, 49.36056900024414, -26.75755500793457, -28.057140350341797], [148.61354064941406, 110.03628540039062, -58.37215805053711, -57.343650817871094, -6.5595479011535645, -50.10391616821289, -7.629319667816162, -55.844547271728516, -0.8832101225852966, 49.36056900024414, 122.85436248779297, 7.192234516143799, -7.911567211151123], [-181.38182067871094, 81.37200164794922, 80.73544311523438, 81.7991943359375, 37.83725357055664, -25.074785232543945, -25.756359100341797, 24.9816951751709, -21.872020721435547, -26.75755500793457, 7.192234516143799, 110.91876220703125, 53.90010070800781], [-39.07763671875, -119.11380004882812, 168.67510986328125, 99.86599731445312, 31.688079833984375, -65.22110748291016, -29.024717330932617, 24.949480056762695, -6.684964179992676, -28.057140350341797, -7.911567211151123, 53.90010070800781, 155.29510498046875]], "lowlevel.mfcc.icov": [[0.00048707457608543336, 0.0004543254035525024, 0.0003308802843093872, 0.0002434132620692253, 0.00012229800631757826, 0.0003091807011514902, -0.00019024003995582461, 0.00024015989038161933, -0.000578583509195596, -0.0002592182718217373, -0.0003897587885148823, -0.00015303125837817788, -5.260676334728487e-05], [0.0004543254035525024, 0.0010617360239848495, 0.0009354222565889359, 0.00039384845877066255, 0.00021814020874444395, 0.0003162234206683934, -0.0004264717281330377, -3.272665344411507e-05, -0.00037713642814196646, 4.8073441575979814e-05, -0.0007277759141288698, -0.0011270847171545029, 1.9813485778286122e-05], [0.0003308802843093872, 0.0009354222565889359, 0.0026091784238815308, -1.716030419629533e-05, 0.0010454215807840228, -0.0002340122009627521, 0.0003042370080947876, -0.0009688901482149959, 0.0007821364561095834, -1.8706679838942364e-05, -0.0004990391316823661, -0.001132875680923462, -0.0017232134705409408], [0.0002434132620692253, 0.00039384845877066255, -1.716030419629533e-05, 0.002570756943896413, -0.0004219934926368296, -0.00047497297055087984, 0.00032724509947001934, -0.0005217106663621962, -0.0003681314119603485, 0.0005068276659585536, -8.030122990021482e-05, -0.0011087401071563363, -0.0007831432158127427], [0.00012229800631757826, 0.00021814020874444395, 0.0010454215807840228, -0.0004219934926368296, 0.003965534269809723, -4.240170164848678e-05, 0.0004541496164165437, -0.0005057364469394088, -0.0009745670831762254, -0.00040636840276420116, 0.0001252001675311476, -0.001387303345836699, -0.0009543608175590634], [0.0003091807011514902, 0.0003162234206683934, -0.0002340122009627521, -0.00047497297055087984, -4.240170164848678e-05, 0.0024819851387292147, -0.000323135987855494, -0.0008032692712731659, 0.0007395708817057312, -0.00041578884702175856, -0.0001239957200596109, 0.0006996019510552287, 0.0017072431510314345], [-0.00019024003995582461, -0.0004264717281330377, 0.0003042370080947876, 0.00032724509947001934, 0.0004541496164165437, -0.000323135987855494, 0.004759503062814474, -0.0012258905917406082, 0.002056390978395939, -0.0006915948470123112, 0.000740625080652535, 0.001095091924071312, -0.00043653565808199346], [0.00024015989038161933, -3.272665344411507e-05, -0.0009688901482149959, -0.0005217106663621962, -0.0005057364469394088, -0.0008032692712731659, -0.0012258905917406082, 0.008127907291054726, -0.0011084111174568534, 0.0009012467344291508, 0.001987020717933774, -0.0008235726272687316, 0.000156288399011828], [-0.000578583509195596, -0.00037713642814196646, 0.0007821364561095834, -0.0003681314119603485, -0.0009745670831762254, 0.0007395708817057312, 0.002056390978395939, -0.0011084111174568534, 0.010153286159038544, -0.0034266929142177105, 0.002432629931718111, 0.0015561874024569988, -0.0005739931366406381], [-0.0002592182718217373, 4.8073441575979814e-05, -1.8706679838942364e-05, 0.0005068276659585536, -0.00040636840276420116, -0.00041578884702175856, -0.0006915948470123112, 0.0009012467344291508, -0.0034266929142177105, 0.00890636071562767, -0.002911804709583521, 0.0002709175751078874, 0.0005195089615881443], [-0.0003897587885148823, -0.0007277759141288698, -0.0004990391316823661, -8.030122990021482e-05, 0.0001252001675311476, -0.0001239957200596109, 0.000740625080652535, 0.001987020717933774, 0.002432629931718111, -0.002911804709583521, 0.011156457476317883, -0.001069189514964819, 0.00019705879094544798], [-0.00015303125837817788, -0.0011270847171545029, -0.001132875680923462, -0.0011087401071563363, -0.001387303345836699, 0.0006996019510552287, 0.001095091924071312, -0.0008235726272687316, 0.0015561874024569988, 0.0002709175751078874, -0.001069189514964819, 0.014155026525259018, -0.0028971158899366856], [-5.260676334728487e-05, 1.9813485778286122e-05, -0.0017232134705409408, -0.0007831432158127427, -0.0009543608175590634, 0.0017072431510314345, -0.00043653565808199346, 0.000156288399011828, -0.0005739931366406381, 0.0005195089615881443, 0.00019705879094544798, -0.0028971158899366856, 0.01070639118552208]], "metadata.audio_properties.analysis.downmix": "mix", "metadata.audio_properties.codec": "mp3", "metadata.audio_properties.md5_encoded": "b0fc8be11086ae6471005937d599a625", "metadata.tags.file_name": "1183711090006310912.mp3", "metadata.version.essentia": "2.1-beta6-dev", "metadata.version.essentia_git_sha": "v2.1_beta5-1110-g77a6a954", "metadata.version.extractor": "music 2.0", "tonal.chords_key": "G", "tonal.chords_scale": "major", "tonal.key_edma.key": "C", "tonal.key_edma.scale": "minor", "tonal.key_krumhansl.key": "C", "tonal.key_krumhansl.scale": "minor", "tonal.key_temperley.key": "C", "tonal.key_temperley.scale": "minor", "metadata.tags.encoding": ["Lavf58.45.100"]}, "essentia_models": [{"model_name": "genre_dortmund", "activations": {"alternative": "0.28390378", "blues": "0.007936553", "electronic": "0.023043346", "folkcountry": "0.36016726", "funksoulrnb": "0.027981788", "jazz": "0.053996347", "pop": "0.09770397", "raphiphop": "0.04975865", "rock": "0.17106853"}}, {"model_name": "genre_rosamerica", "activations": {"classic": "0.021073824", "dance": "0.003919857", "hip hop": "0.032478757", "jazz": "0.054202754", "pop": "0.07405932", "rhythm and blues": "0.101553395", "rock": "0.25491852", "speech": "0.26409143"}}, {"model_name": "genre_tzanetakis", "activations": {"blues": "0.7118877", "classic": "0.004095", "country": "0.04151486", "disco": "0.03941297", "hip hop": "0.050916523", "jazz": "0.011693312", "metal": "0.048674274