{"song_id": "1183704217031024670", "download": "https://cdn.discordapp.com/attachments/1128313332273782784/1183704217031024670/chirp.mp4?ex=65894d75&amp", "lyrics": "[verse]\nToday is a special day, it's Nadya's birthday\nLet's celebrate and make it the best in every way\nWith laughter and joy, let's sing a sweet melody\nGathering together, creating memories so heavenly\n\n[chorus]\nHappy Birthday to Nadya, our shining star\nMay your dreams come true, no matter how far\nWe raise our glasses, toast to your happiness\nWishing you love and success, endless and limitless", "style": ["happy song for kids"], "essentia_features": {"lowlevel.average_loudness": 0.9513000845909119, "lowlevel.barkbands_crest.mean": 11.646440505981445, "lowlevel.barkbands_crest.stdev": 4.560745716094971, "lowlevel.barkbands_flatness_db.mean": 0.22779640555381775, "lowlevel.barkbands_flatness_db.stdev": 0.05586159974336624, "lowlevel.barkbands_kurtosis.mean": 2.668853998184204, "lowlevel.barkbands_kurtosis.stdev": 5.061344146728516, "lowlevel.barkbands_skewness.mean": 0.9548636078834534, "lowlevel.barkbands_skewness.stdev": 1.1486793756484985, "lowlevel.barkbands_spread.mean": 16.386722564697266, "lowlevel.barkbands_spread.stdev": 14.462510108947754, "lowlevel.dissonance.mean": 0.42103591561317444, "lowlevel.dissonance.stdev": 0.04684247821569443, "lowlevel.dynamic_complexity": 4.261889457702637, "lowlevel.erbbands_crest.mean": 13.2781982421875, "lowlevel.erbbands_crest.stdev": 5.205812454223633, "lowlevel.erbbands_flatness_db.mean": 0.26463741064071655, "lowlevel.erbbands_flatness_db.stdev": 0.05099828913807869, "lowlevel.erbbands_kurtosis.mean": 1.1652264595031738, "lowlevel.erbbands_kurtosis.stdev": 3.114145040512085, "lowlevel.erbbands_skewness.mean": 0.36467158794403076, "lowlevel.erbbands_skewness.stdev": 1.0356459617614746, "lowlevel.erbbands_spread.mean": 24.461389541625977, "lowlevel.erbbands_spread.stdev": 16.247364044189453, "lowlevel.hfc.mean": 16.535341262817383, "lowlevel.hfc.stdev": 16.71293067932129, "lowlevel.loudness_ebu128.integrated": -22.23249626159668, "lowlevel.loudness_ebu128.loudness_range": 2.992277145385742, "lowlevel.loudness_ebu128.momentary.mean": -23.373397827148438, "lowlevel.loudness_ebu128.momentary.stdev": 3.6864306926727295, "lowlevel.loudness_ebu128.short_term.mean": -22.3254337310791, "lowlevel.loudness_ebu128.short_term.stdev": 1.0311938524246216, "lowlevel.melbands_crest.mean": 14.510665893554688, "lowlevel.melbands_crest.stdev": 5.6566901206970215, "lowlevel.melbands_flatness_db.mean": 0.27700820565223694, "lowlevel.melbands_flatness_db.stdev": 0.076661117374897, "lowlevel.melbands_kurtosis.mean": 6.005178928375244, "lowlevel.melbands_kurtosis.stdev": 9.242924690246582, "lowlevel.melbands_skewness.mean": 1.585253357887268, "lowlevel.melbands_skewness.stdev": 1.3135701417922974, "lowlevel.melbands_spread.mean": 26.23989486694336, "lowlevel.melbands_spread.stdev": 34.5008544921875, "lowlevel.pitch_salience.mean": 0.542371928691864, "lowlevel.pitch_salience.stdev": 0.1266700178384781, "lowlevel.silence_rate_20dB.mean": 1.0, "lowlevel.silence_rate_20dB.stdev": 0.0, "lowlevel.silence_rate_30dB.mean": 0.9984894394874573, "lowlevel.silence_rate_30dB.stdev": 0.03883671760559082, "lowlevel.silence_rate_60dB.mean": 0.17824773490428925, "lowlevel.silence_rate_60dB.stdev": 0.38271862268447876, "lowlevel.spectral_centroid.mean": 1227.21630859375, "lowlevel.spectral_centroid.stdev": 883.490966796875, "lowlevel.spectral_complexity.mean": 10.936555862426758, "lowlevel.spectral_complexity.stdev": 5.1206488609313965, "lowlevel.spectral_decrease.mean": -4.9838302373927945e-09, "lowlevel.spectral_decrease.stdev": 4.883744519901256e-09, "lowlevel.spectral_energy.mean": 0.020309921354055405, "lowlevel.spectral_energy.stdev": 0.019690988585352898, "lowlevel.spectral_energyband_high.mean": 0.000356355361873284, "lowlevel.spectral_energyband_high.stdev": 0.0010925829410552979, "lowlevel.spectral_energyband_low.mean": 0.0026928759180009365, "lowlevel.spectral_energyband_low.stdev": 0.00663886358961463, "lowlevel.spectral_energyband_middle_high.mean": 0.006566466763615608, "lowlevel.spectral_energyband_middle_high.stdev": 0.011447545140981674, "lowlevel.spectral_energyband_middle_low.mean": 0.011159571819007397, "lowlevel.spectral_energyband_middle_low.stdev": 0.011332939378917217, "lowlevel.spectral_entropy.mean": 6.833787441253662, "lowlevel.spectral_entropy.stdev": 0.5947299003601074, "lowlevel.spectral_flux.mean": 0.055075470358133316, "lowlevel.spectral_flux.stdev": 0.041296206414699554, "lowlevel.spectral_kurtosis.mean": 13.907356262207031, "lowlevel.spectral_kurtosis.stdev": 16.338939666748047, "lowlevel.spectral_rms.mean": 0.0038941868115216494, "lowlevel.spectral_rms.stdev": 0.002156354021281004, "lowlevel.spectral_rolloff.mean": 1631.8839111328125, "lowlevel.spectral_rolloff.stdev": 1660.095458984375, "lowlevel.spectral_skewness.mean": 2.1431148052215576, "lowlevel.spectral_skewness.stdev": 1.4354411363601685, "lowlevel.spectral_spread.mean": 2776908.0, "lowlevel.spectral_spread.stdev": 1514634.5, "lowlevel.spectral_strongpeak.mean": 1.6638447046279907, "lowlevel.spectral_strongpeak.stdev": 1.8071352243423462, "lowlevel.zerocrossingrate.mean": 0.055938445031642914, "lowlevel.zerocrossingrate.stdev": 0.04693806543946266, "metadata.audio_properties.analysis.equal_loudness": 0.0, "metadata.audio_properties.analysis.length": 30.718955993652344, "metadata.audio_properties.analysis.sample_rate": 44100.0, "metadata.audio_properties.analysis.start_time": 0.0, "metadata.audio_properties.bit_rate": 113399.0, "metadata.audio_properties.length": 30.719999313354492, "metadata.audio_properties.lossless": 0.0, "metadata.audio_properties.number_channels": 1.0, "metadata.audio_properties.replay_gain": -5.723186492919922, "metadata.audio_properties.sample_rate": 48000.0, "rhythm.beats_count": 66.0, "rhythm.beats_loudness.mean": 0.03424578905105591, "rhythm.beats_loudness.stdev": 0.02687317691743374, "rhythm.bpm": 132.62942504882812, "rhythm.bpm_histogram_first_peak_bpm": 133.0, "rhythm.bpm_histogram_first_peak_weight": 0.5510203838348389, "rhythm.bpm_histogram_second_peak_bpm": 140.0, "rhythm.bpm_histogram_second_peak_spread": 0.0, "rhythm.bpm_histogram_second_peak_weight": 0.0923076942563057, "rhythm.danceability": 1.38259756565094, "rhythm.onset_rate": 3.937314033508301, "tonal.chords_changes_rate": 0.04675716534256935, "tonal.chords_number_rate": 0.010558069683611393, "tonal.chords_strength.mean": 0.5009027123451233, "tonal.chords_strength.stdev": 0.07003453373908997, "tonal.hpcp_crest.mean": 20.406524658203125, "tonal.hpcp_crest.stdev": 8.750568389892578, "tonal.hpcp_entropy.mean": 1.2470917701721191, "tonal.hpcp_entropy.stdev": 0.7103302478790283, "tonal.key_edma.strength": 0.7996848821640015, "tonal.key_krumhansl.strength": 0.8104931116104126, "tonal.key_temperley.strength": 0.8237419724464417, "tonal.tuning_diatonic_strength": 0.5995722413063049, "tonal.tuning_equal_tempered_deviation": 0.009402484633028507, "tonal.tuning_frequency": 439.4919738769531, "tonal.tuning_nontempered_energy_ratio": 0.6189592480659485, "lowlevel.barkbands.mean": [1.7434605297239614e-06, 0.0017409960273653269, 0.0008670931565575302, 0.00014128588372841477, 0.0024681740906089544, 0.001448645256459713, 0.0010115944314748049, 0.002931538037955761, 0.002373735886067152, 0.002470223233103752, 0.0017456073546782136, 0.0003088388475589454, 0.00019148178398609161, 0.00036248541437089443, 0.0004981885431334376, 0.0006650754949077964, 0.00042799938819371164, 0.0001775720011210069, 0.00011059921962441877, 2.7533265892998315e-05, 8.016252832021564e-05, 9.696720371721312e-05, 0.000157989576109685, 1.7991740151046542e-06, 1.2240959677001229e-06, 1.3918848935645656e-06, 4.676576903506202e-09], "lowlevel.barkbands.stdev": [6.8957183430029545e-06, 0.005187658593058586, 0.0017955376533791423, 0.0003743706038221717, 0.0037760287523269653, 0.0024558810982853174, 0.0025663331616669893, 0.006642306689172983, 0.005281731020659208, 0.007153880782425404, 0.006275975611060858, 0.0008204997866414487, 0.00047768690274097025, 0.0009472745005041361, 0.0013821726897731423, 0.0019722287543118, 0.0010515948524698615, 0.0004142129037063569, 0.0002732489665504545, 7.787586946506053e-05, 0.0001888959523057565, 0.0003689648292493075, 0.0006670852890238166, 1.0043771908385679e-05, 5.393461378844222e-06, 4.2381575440231245e-06, 3.9259060002905244e-08], "lowlevel.erbbands.mean": [0.013162905350327492, 0.49783846735954285, 1.2793091535568237, 0.6349054574966431, 1.4339679479599, 9.749344825744629, 18.08360481262207, 8.961723327636719, 11.793136596679688, 38.507469177246094, 60.788177490234375, 63.81167221069336, 56.948585510253906, 83.107177734375, 54.34375, 15.287543296813965, 8.790857315063477, 18.990516662597656, 22.417177200317383, 37.38957214355469, 32.34698486328125, 17.848703384399414, 10.77241039276123, 9.211453437805176, 2.641737222671509, 1.361683964729309, 2.073136806488037, 3.9014480113983154, 3.867213726043701, 3.240402936935425, 5.213043689727783, 0.5221389532089233, 0.019693806767463684, 0.008828074671328068, 0.010971314273774624, 0.010190239176154137, 0.001706909155473113, 7.305347389774397e-05, 1.3695196685148403e-05, 2.4486684196745045e-05], "lowlevel.erbbands.stdev": [0.042324889451265335, 1.453579306602478, 3.0064098834991455, 1.2120345830917358, 2.436694860458374, 16.484060287475586, 30.173036575317383, 16.289779663085938, 26.653003692626953, 96.5817642211914, 139.2778778076172, 140.00692749023438, 174.11386108398438, 227.40438842773438, 177.97227478027344, 38.093387603759766, 20.727367401123047, 50.17083740234375, 53.4289665222168, 108.78475189208984, 73.75870513916016, 37.34285354614258, 24.39274787902832, 23.30331039428711, 4.531244277954102, 3.5719950199127197, 5.36321496963501, 10.437981605529785, 14.759941101074219, 12.230566024780273, 23.477859497070312, 2.3027448654174805, 0.08593712002038956, 0.04538801684975624, 0.04237726330757141, 0.030208155512809753, 0.006377970799803734, 0.00031429113005287945, 1.3876341654395219e-05, 2.2781559891882353e-05], "lowlevel.gfcc.mean": [-95.57502746582031, 138.00714111328125, -154.82760620117188, 5.807780742645264, -63.36619186401367, -10.07602310180664, -29.349090576171875, -9.469679832458496, -13.245317459106445, -7.210313320159912, -29.271991729736328, 5.210564136505127, -8.578336715698242], "lowlevel.melbands.mean": [0.00030037606484256685, 0.0006837989785708487, 0.0001228138862643391, 0.0003652928862720728, 0.0006456334376707673, 0.0002122019650414586, 0.00018342204566579312, 0.0004743254685308784, 0.000511770776938647, 0.0003538650053087622, 0.00027773581678047776, 0.0003399276756681502, 0.00023755035363137722, 4.1140297980746254e-05, 2.4736340492381714e-05, 1.895767854875885e-05, 3.7850779335713014e-05, 3.504179767332971e-05, 3.240376463509165e-05, 6.0257352743064985e-05, 3.596207170630805e-05, 2.2736798200639896e-05, 8.585401701566298e-06, 1.028128644975368e-05, 7.389974143734435e-06, 2.2552624159288825e-06, 9.99505346044316e-07, 8.813244107841456e-07, 1.0290965519743622e-06, 1.8783892983265105e-06, 2.416724328213604e-06, 2.2868896394356852e-06, 1.6595071201663814e-06, 1.8571660120869637e-06, 3.720703716680873e-06, 1.1107763384643476e-06, 3.396026215796155e-08, 3.375083768020204e-09, 3.0596645217428886e-09, 7.601797413769873e-09], "lowlevel.melbands.stdev": [0.0009173483122140169, 0.0017031223978847265, 0.00018960989837069064, 0.0005742225330322981, 0.0009844775777310133, 0.00036395483766682446, 0.0004444514343049377, 0.0011619465658441186, 0.0010824563214555383, 0.0007832245901226997, 0.0008976300014182925, 0.0009713522158563137, 0.0008713178103789687, 9.894290997181088e-05, 5.835906267748214e-05, 4.973507020622492e-05, 0.00010597059008432552, 8.6055020801723e-05, 9.388377657160163e-05, 0.00019795908883679658, 8.9124652731698e-05, 5.203364707995206e-05, 2.4119126464938745e-05, 2.4269047571578994e-05, 2.0788436813745648e-05, 4.357453690317925e-06, 2.0062286694155773e-06, 2.6991892809746787e-06, 3.438964313318138e-06, 4.3086033656436484e-06, 7.422484486596659e-06, 8.864222763804719e-06, 6.941893843759317e-06, 7.135306987038348e-06, 1.7098287571570836e-05, 4.993149559595622e-06, 1.8511858002057124e-07, 2.6358980775853524e-08, 2.5620497723366498e-08, 4.012381538132104e-08], "lowlevel.melbands128.mean": [1.07838093299506e-06, 8.93257401912706e-06, 0.00029866473050788045, 0.0010786470957100391, 0.0008683216292411089, 0.0003394305531401187, 0.00011563565931282938, 6.30889626336284e-05, 0.000100963945442345, 0.0002774481545202434, 0.0005635409615933895, 0.0008518195245414972, 0.000698661373462528, 0.00038495773333124816, 0.00019259689725004137, 0.0001228435430675745, 0.00013267646136227995, 0.00021736302005592734, 0.00019691638590302318, 0.0004696388205047697, 0.0005988460034132004, 0.0004974714829586446, 0.00048639808665029705, 0.0004905835376121104, 0.0006048829527571797, 0.0001235232048202306, 0.00023835571482777596, 0.00034195755142718554, 0.00020509558089543134, 0.00046917409054003656, 0.00026692464598454535, 0.0003265750128775835, 0.00035506111453287303, 7.652350177522749e-05, 2.726022466958966e-05, 4.3112067942274734e-05, 4.4902655645273626e-05, 1.6363381291739643e-05, 2.1417818061308935e-05, 1.4957560779293999e-05, 1.3820161257172003e-05, 3.304004712845199e-05, 3.736603321158327e-05, 4.466183963813819e-05, 2.7364629204384983e-05, 3.9238300814758986e-05, 3.93699920095969e-05, 1.5551329852314666e-05, 3.0690884159412235e-05, 7.249247573781759e-05, 8.158673881553113e-05, 2.4456663595628925e-05, 2.6446767151355743e-05, 4.874675869359635e-05, 4.4567939767148346e-05, 1.6182471881620586e-05, 5.805673936265521e-06, 1.318888917012373e-05, 5.0191783884656616e-06, 9.33655883272877e-06, 1.4073905731493142e-05, 5.805195996799739e-06, 1.2259416507731657e-05, 6.353869594022399e-06, 3.023891167686088e-06, 2.069087258860236e-06, 1.9771985080296872e-06, 1.1303787914584973e-06, 8.474664241475693e-07, 6.623533295169182e-07, 7.650141355952655e-07, 1.1567695992198423e-06, 9.043983482115436e-07, 8.799540296422492e-07, 1.1881858199558337e-06, 2.0633265194192063e-06, 1.986883034987841e-06, 2.168168748539756e-06, 2.9085420010233065e-06, 2.0238633169356035e-06, 2.3382774543279083e-06, 2.546296855143737e-06, 1.8930592204924324e-06, 1.690139129095769e-06, 1.2676482583628967e-06, 1.3504877642844804e-06, 2.0093907551199663e-06, 2.8718304747599177e-06, 4.8294027692463715e-06, 3.7576344311673893e-06, 1.4239445818020613e-06, 5.157718874215789e-07, 5.32788924090255e-08, 2.3298481366396118e-08, 1.04971427106193e-08, 4.525420482792697e-09, 2.0180146442783098e-09, 1.1995034965295304e-09, 1.7730293899731464e-09, 4.544571385878271e-09, 6.8434191646815634e-09, 8.270519380459973e-09, 8.230269799014422e-09, 9.458926086836072e-09, 9.45934708340701e-09, 1.4629946143429606e-08, 2.2114676312412485e-08, 1.2535442905914351e-08, 2.225543305200972e-08, 2.217455019604131e-08, 1.0663960381407378e-08, 7.84245646201498e-09, 2.893246975332886e-09, 1.1717987691284293e-09, 6.720953793504236e-10, 3.3604044546997613e-10, 1.5861190139077053e-10, 8.13488512663163e-12, 3.3125767753827695e-12, 3.231896521238564e-12, 3.135985611815717e-12, 3.0853256147850283e-12, 3.046743196274959e-12, 2.9779616272929132e-12, 2.81231201521015e-12, 2.5649838156227567e-12, 2.4264386073308275e-12, 2.3965809805431837e-12], "lowlevel.melbands128.stdev": [5.05903699377086e-06, 5.033394700149074e-05, 0.0010058085899800062, 0.0031661048997193575, 0.0022371571976691484, 0.0006228400743566453, 0.0002923552819993347, 0.00014003260002937168, 0.0002043193089775741, 0.0006277567008510232, 0.0010838923044502735, 0.0016271728090941906, 0.0014439462684094906, 0.0007854467839933932, 0.0005436651990748942, 0.0002542704751249403, 0.0002581937878858298, 0.0007445701630786061, 0.0007238848484121263, 0.0014094874495640397, 0.0018265533726662397, 0.0014258511364459991, 0.0016405668575316668, 0.0012451342772692442, 0.0016659353859722614, 0.0004130028246436268, 0.0009425374446436763, 0.001476034871302545, 0.001181917148642242, 0.0016720688436180353, 0.0011469986056908965, 0.0013459299225360155, 0.0015474538085982203, 0.00023416304611600935, 0.00011820397048722953, 0.00015458205598406494, 0.00015637720935046673, 7.058339542709291e-05, 6.716368807246909e-05, 7.676828681724146e-05, 4.780157541972585e-05, 0.00012166677333880216, 0.00016730114293750376, 0.00013877816672902554, 0.00011626398918451741, 0.00014633563114330173, 0.00012637411418836564, 0.00010015168663812801, 0.0001542139216326177, 0.0002562824811320752, 0.00037682370748370886, 0.00010897619358729571, 0.00010568661673460156, 0.00016817660070955753, 0.00012745762069243938, 5.943651922279969e-05, 1.7744112483342178e-05, 5.108965342515148e-05, 2.0868594219791703e-05, 3.304511483293027e-05, 3.886046397383325e-05, 1.4758155884919688e-05, 4.9820671847555786e-05, 1.631253689993173e-05, 9.013506314659026e-06, 4.40277381130727e-06, 4.60332739748992e-06, 2.704359758354258e-06, 2.340630771868746e-06, 1.936767603183398e-06, 2.510095100660692e-06, 4.538687790045515e-06, 4.332579464971786e-06, 3.2813782127050217e-06, 3.891780579579063e-06, 5.032025001128204e-06, 6.4167743403231725e-06, 5.558133125305176e-06, 1.0722189472289756e-05, 7.789308256178629e-06, 9.25648600968998e-06, 1.1419825568736997e-05, 9.317750482296105e-06, 7.307583473448176e-06, 5.686013992090011e-06, 5.617815077130217e-06, 8.389544746023603e-06, 1.2578160749399103e-05, 2.4332148313988e-05, 1.837323907238897e-05, 6.184480298543349e-06, 2.7242415399086894e-06, 2.8710968535961e-07, 1.7906498328557063e-07, 9.558588232039256e-08, 3.849218899176776e-08, 1.8705199167357023e-08, 1.1764202945130364e-08, 1.734069066117172e-08, 4.336787995384839e-08, 4.8929489793181347e-08, 4.247151252911863e-08, 3.24388018668742e-08, 6.453676348883164e-08, 3.830071193533513e-08, 5.564190885820608e-08, 9.340571693883248e-08, 3.644413837378124e-08, 5.897160093581988e-08, 7.438471527621004e-08, 3.645074997393749e-08, 3.1707159564575704e-08, 1.7390084039448084e-08, 8.307239340865635e-09, 4.517387353075719e-09, 2.6308482059533844e-09, 1.495706669629726e-09, 6.917819789231672e-11, 5.1725108571321066e-12, 5.028569140946848e-12, 4.906033045093405e-12, 4.799750007167258e-12, 4.7095326770330015e-12, 4.623424473132465e-12, 4.5605437828943884e-12, 4.504396855509185e-12, 4.4637557539140005e-12, 4.439246713283662e-12], "lowlevel.mfcc.mean": [-740.1406860351562, 180.9501495361328, -46.1341438293457, 25.859333038330078, -29.65255355834961, 12.81214714050293, -31.369394302368164, 9.181735038757324, -2.3744914531707764, -3.451706647872925, -8.696144104003906, -10.604883193969727, -4.617365837097168], "lowlevel.spectral_contrast_coeffs.mean": [-0.6071609854698181, -0.6679456830024719, -0.6975476145744324, -0.7536427974700928, -0.765664279460907, -0.6220595240592957], "lowlevel.spectral_contrast_coeffs.stdev": [0.09625248610973358, 0.09454251825809479, 0.08595480024814606, 0.06935419887304306, 0.0623357854783535, 0.09813477098941803], "lowlevel.spectral_contrast_valleys.mean": [-8.118995666503906, -7.47271728515625, -8.019857406616211, -8.350212097167969, -8.815424919128418, -13.481046676635742], "lowlevel.spectral_contrast_valleys.stdev": [0.8734907507896423, 0.8298566937446594, 0.7682231068611145, 0.7789276838302612, 1.035035252571106, 0.8434175848960876], "rhythm.beats_loudness_band_ratio.mean": [0.13504675030708313, 0.23009830713272095, 0.34247204661369324, 0.183701753616333, 0.1064540222287178, 0.0441381111741066], "rhythm.beats_loudness_band_ratio.stdev": [0.1651523858308792, 0.19137302041053772, 0.2274531126022339, 0.19441065192222595, 0.08639497309923172, 0.14557111263275146], "tonal.hpcp.mean": [0.1899307817220688, 0.11880146712064743, 0.039920248091220856, 0.038392774760723114, 0.032978564500808716, 0.10097436606884003, 0.19084253907203674, 0.12933053076267242, 0.15464767813682556, 0.26643678545951843, 0.1508551836013794, 0.032253921031951904, 0.030679898336529732, 0.02854255400598049, 0.12583409249782562, 0.22634536027908325, 0.13599687814712524, 0.0340496264398098, 0.020718857645988464, 0.018465034663677216, 0.11519224941730499, 0.2526704668998718, 0.16928358376026154, 0.11808229982852936, 0.16065292060375214, 0.07347533106803894, 0.03167528659105301, 0.044815562665462494, 0.029863780364394188, 0.10661542415618896, 0.2447773963212967, 0.1548452228307724, 0.0225356575101614, 0.025321917608380318, 0.022622153162956238, 0.0995890274643898], "tonal.hpcp.stdev": [0.3263252079486847, 0.22623959183692932, 0.14031656086444855, 0.14807243645191193, 0.12962566316127777, 0.20195625722408295, 0.32716718316078186, 0.22809410095214844, 0.23164255917072296, 0.36209821701049805, 0.23052948713302612, 0.11475518345832825, 0.11446443945169449, 0.1028951033949852, 0.2264452874660492, 0.3517219126224518, 0.22389717400074005, 0.10098405182361603, 0.06818739324808121, 0.07917672395706177, 0.19674822688102722, 0.35966023802757263, 0.25604546070098877, 0.21266326308250427, 0.31007352471351624, 0.14471076428890228, 0.09293954819440842, 0.148686945438385, 0.09879971295595169, 0.15890231728553772, 0.317292183637619, 0.20209772884845734, 0.0710318312048912, 0.09444210678339005, 0.08993607014417648, 0.18994468450546265], "rhythm.beats_position": [0.4760090708732605, 0.9752380847930908, 1.4744670391082764, 1.9853061437606812, 2.4845352172851562, 2.972154140472412, 3.4481632709503174, 3.9009523391723633, 4.353741645812988, 4.806530475616455, 5.27092981338501, 5.735328674316406, 6.188117980957031, 6.640906810760498, 7.105306148529053, 7.54648494720459, 7.999274253845215, 8.45206356048584, 8.893242835998535, 9.3228120803833, 9.77560043334961, 10.228389739990234, 10.68117904663086, 11.145578384399414, 11.598366737365723, 12.039546012878418, 12.469115257263184, 12.910294532775879, 13.351473808288574, 13.8042631149292, 14.245442390441895, 14.686620712280273, 15.151020050048828, 15.603809356689453, 16.03337860107422, 16.474557876586914, 16.92734718322754, 17.368526458740234, 17.80970573425293, 18.27410316467285, 18.738502502441406, 19.20290184020996, 19.655691146850586, 20.12009048461914, 20.572879791259766, 21.00244903564453, 21.432018280029297, 21.861587524414062, 22.325986862182617, 22.77877426147461, 23.219953536987305, 23.67274284362793, 24.125532150268555, 24.56671142578125, 25.007890701293945, 25.44906997680664, 25.913469314575195, 26.37786865234375, 26.830657958984375, 27.283445358276367, 27.736234664916992, 28.200634002685547, 28.67664337158203, 29.152652740478516, 29.64027214050293, 30.116281509399414], "rhythm.bpm_histogram": [0.0, 0.0, 0.0, 0.0, 0.0, 0.0, 0.0, 0.0, 0.0, 0.0, 0.0, 0.0, 0.0, 0.0, 0.0, 0.0, 0.0, 0.0, 0.0, 0.0, 0.0, 0.0, 0.0, 0.0, 0.0, 0.0, 0.0, 0.0, 0.0, 0.0, 0.0, 0.0, 0.0, 0.0, 0.0, 0.0, 0.0, 0.0, 0.0, 0.0, 0.0, 0.0, 0.0, 0.0, 0.0, 0.0, 0.0, 0.0, 0.0, 0.0, 0.0, 0.0, 0.0, 0.0, 0.0, 0.0, 0.0, 0.0, 0.0, 0.0, 0.0, 0.0, 0.0, 0.0, 0.0, 0.0, 0.0, 0.0, 0.0, 0.0, 0.0, 0.0, 0.0, 0.0, 0.0, 0.0, 0.0, 0.0, 0.0, 0.0, 0.0, 0.0, 0.0, 0.0, 0.0, 0.0, 0.0, 0.0, 0.0, 0.0, 0.0, 0.0, 0.0, 0.0, 0.0, 0.0, 0.0, 0.0, 0.0, 0.0, 0.0, 0.0, 0.0, 0.0, 0.0, 0.0, 0.0, 0.0, 0.0, 0.0, 0.0, 0.0, 0.0, 0.0, 0.0, 0.0, 0.0, 0.015384615398943424, 0.0, 0.0, 0.04615384712815285, 0.0, 0.0, 0.03076923079788685, 0.0, 0.0, 0.0615384615957737, 0.0, 0.0, 0.20000000298023224, 0.0, 0.0, 0.0, 0.3384615480899811, 0.0, 0.0, 0.2153846174478531, 0.0, 0.0, 0.0, 0.0923076942563057, 0.0, 0.0, 0.0, 0.0, 0.0, 0.0, 0.0, 0.0, 0.0, 0.0, 0.0, 0.0, 0.0, 0.0, 0.0, 0.0, 0.0, 0.0, 0.0, 0.0, 0.0, 0.0, 0.0, 0.0, 0.0, 0.0, 0.0, 0.0, 0.0, 0.0, 0.0, 0.0, 0.0, 0.0, 0.0, 0.0, 0.0, 0.0, 0.0, 0.0, 0.0, 0.0, 0.0, 0.0, 0.0, 0.0, 0.0, 0.0, 0.0, 0.0, 0.0, 0.0, 0.0, 0.0, 0.0, 0.0, 0.0, 0.0, 0.0, 0.0, 0.0, 0.0, 0.0, 0.0, 0.0, 0.0, 0.0, 0.0, 0.0, 0.0, 0.0, 0.0, 0.0, 0.0, 0.0, 0.0, 0.0, 0.0, 0.0, 0.0, 0.0, 0.0, 0.0, 0.0, 0.0, 0.0, 0.0, 0.0, 0.0, 0.0, 0.0, 0.0, 0.0, 0.0, 0.0, 0.0, 0.0, 0.0, 0.0, 0.0, 0.0, 0.0, 0.0, 0.0, 0.0, 0.0, 0.0, 0.0, 0.0], "tonal.chords_histogram": [29.562593460083008, 12.971342086791992, 6.334841728210449, 0.0, 0.0, 0.0, 0.4524886906147003, 0.0, 0.0, 0.0, 0.0, 0.0, 0.0, 0.0, 0.0, 1.6591252088546753, 0.0, 0.0, 0.0, 0.0, 0.0, 11.46304702758789, 19.306184768676758, 18.250377655029297], "tonal.thpcp": [1.0, 0.566195011138916, 0.12105656415224075, 0.1151488870382309, 0.10712692886590958, 0.4722849726676941, 0.8495274186134338, 0.5104283094406128, 0.1277962625026703, 0.07776275277137756, 0.06930362433195114, 0.43234363198280334, 0.9483317732810974, 0.6353611350059509, 0.44319066405296326, 0.6029682159423828, 0.2757702171802521, 0.11888480931520462, 0.16820335388183594, 0.11208579689264297, 0.4001528024673462, 0.9187071919441223, 0.5811705589294434, 0.08458162844181061, 0.09503912180662155, 0.08490626513957977, 0.37378108501434326, 0.7128549218177795, 0.4458898901939392, 0.14983008801937103, 0.14409711956977844, 0.12377631664276123, 0.3789805769920349, 0.716277003288269, 0.4854079484939575, 0.5804291367530823], "lowlevel.gfcc.cov": [[6246.2607421875, -937.8182373046875, -632.3285522460938, 509.25775146484375, -148.47268676757812, -237.154296875, 381.6175231933594, 218.5560302734375, 27.258831024169922, 104.46068572998047, -394.9149475097656, 205.13893127441406, -140.5456085205078], [-937.8182373046875, 2010.8592529296875, 161.47964477539062, -796.2012329101562, 804.9031372070312, -198.2157440185547, 33.0252685546875, 66.40771484375, 110.2728271484375, 64.4658203125, 141.43104553222656, -174.06675720214844, 223.39996337890625], [-632.3285522460938, 161.47964477539062, 749.8784790039062, 201.0931854248047, -16.107662200927734, 284.3839416503906, -2.1729021072387695, 0.35712480545043945, 113.4551773071289, 39.2033805847168, 115.00672912597656, 20.340728759765625, -58.72072219848633], [509.25775146484375, -796.2012329101562, 201.0931854248047, 1059.095458984375, -186.6453094482422, 166.91908264160156, 147.5752716064453, 57.92609786987305, 53.18365478515625, -50.083343505859375, 80.47785949707031, 151.03651428222656, -145.66598510742188], [-148.47268676757812, 804.9031372070312, -16.107662200927734, -186.6453094482422, 755.2057495117188, -11.825963973999023, 114.28508758544922, 209.77499389648438, 42.38615417480469, 87.978759765625, 10.390819549560547, 30.904510498046875, 175.7735137939453], [-237.154296875, -198.2157440185547, 284.3839416503906, 166.91908264160156, -11.825963973999023, 620.8455810546875, 136.1895751953125, -84.68659210205078, 130.78756713867188, 52.22780227661133, -16.87289047241211, 17.04576873779297, 32.27561569213867], [381.6175231933594, 33.0252685546875, -2.1729021072387695, 147.5752716064453, 114.28508758544922, 136.1895751953125, 253.3146514892578, 32.152549743652344, 49.43486785888672, 49.907596588134766, -6.066908359527588, 44.690555572509766, 15.805883407592773], [218.5560302734375, 66.40771484375, 0.35712480545043945, 57.92609786987305, 209.77499389648438, -84.68659210205078, 32.152549743652344, 294.5924377441406, 25.819326400756836, 23.20392608642578, -19.856929779052734, 55.76005554199219, 9.200631141662598], [27.258831024169922, 110.2728271484375, 113.4551773071289, 53.18365478515625, 42.38615417480469, 130.78756713867188, 49.43486785888672, 25.819326400756836, 208.12701416015625, 44.77187728881836, 1.9238307476043701, 3.1494243144989014, 24.039045333862305], [104.46068572998047, 64.4658203125, 39.2033805847168, -50.083343505859375, 87.978759765625, 52.22780227661133, 49.907596588134766, 23.20392608642578, 44.77187728881836, 130.603271484375, -4.366877555847168, 12.249616622924805, 10.406868934631348], [-394.9149475097656, 141.43104553222656, 115.00672912597656, 80.47785949707031, 10.390819549560547, -16.87289047241211, -6.066908359527588, -19.856929779052734, 1.9238307476043701, -4.366877555847168, 169.5858917236328, -3.2224292755126953, -35.475799560546875], [205.13893127441406, -174.06675720214844, 20.340728759765625, 151.03651428222656, 30.904510498046875, 17.04576873779297, 44.690555572509766, 55.76005554199219, 3.1494243144989014, 12.249616622924805, -3.2224292755126953, 141.32302856445312, 14.04617977142334], [-140.5456085205078, 223.39996337890625, -58.72072219848633, -145.66598510742188, 175.7735137939453, 32.27561569213867, 15.805883407592773, 9.200631141662598, 24.039045333862305, 10.406868934631348, -35.475799560546875, 14.04617977142334, 173.1540985107422]], "lowlevel.gfcc.icov": [[0.0002764351083897054, -4.8846097342902794e-05, 0.00016937858890742064, -0.00014036426728125662, 0.00010702525469241664, 0.00017385909450240433, -0.00035655873944051564, -4.42743330495432e-05, -9.28944064071402e-05, -0.0002463463169988245, 0.0006835568929091096, -0.00024154152197297662, 0.00030794768827036023], [-4.8846097342902794e-05, 0.0037660025991499424, -0.001923886826261878, 0.0023190740030258894, -0.0035515963099896908, 0.002216352615505457, -0.0020765603985637426, 0.0014423067914322019, -0.0022758827544748783, 0.002173851942643523, -0.0025624758563935757, 0.0029959247913211584, -0.0008775868336670101], [0.00016937858890742064, -0.001923886826261878, 0.0032400591298937798, -0.0013514359015971422, 0.0017134395893663168, -0.002159966854378581, 0.0018020124407485127, -0.0010507036931812763, 0.0004900836502201855, -0.0015579524915665388, 0.0002695131697691977, -0.0019130923319607973, 0.0013721236027777195], [-0.00014036426728125662, 0.0023190740030258894, -0.0013514359015971422, 0.0032355973962694407, -0.0018563939956948161, 0.000947907567024231, -0.0020409091375768185, 0.0004762647149618715, -0.0017019707011058927, 0.002612469717860222, -0.002476863795891404, 0.00024327385472133756, 0.0005785479443147779], [0.00010702525469241664, -0.0035515963099896908, 0.0017134395893663168, -0.0018563939956948161, 0.00621398352086544, -0.001951127778738737, 0.0007642872515134513, -0.0033491794019937515, 0.0025020474568009377, -0.0030998517759144306, 0.0014568481128662825, -0.0024097266141325235, -0.0018147591035813093], [0.00017385909450240433, 0.002216352615505457, -0.002159966854378581, 0.000947907567024231, -0.001951127778738737, 0.0043935333378612995, -0.002819645218551159, 0.0019708590116351843, -0.0022530618589371443, 0.0007574837654829025, 8.642754255561158e-05, 0.001892662257887423, -0.001207644701935351], [-0.00035655873944051564, -0.0020765603985637426, 0.0018020124407485127, -0.0020409091375768185, 0.0007642872515134513, -0.002819645218551159, 0.007832198403775692, -0.0005632624961435795, 0.0009963471675291657, -0.002474422100931406, 0.0005544965388253331, -0.0020585302263498306, 0.0006396180251613259], [-4.42743330495432e-05, 0.0014423067914322019, -0.0010507036931812763, 0.0004762647149618715, -0.0033491794019937515, 0.0019708590116351843, -0.0005632624961435795, 0.006191042717546225, -0.0018575474387034774, 0.0010027434909716249, 0.0005879662348888814, -0.00044394968426786363, 0.0012565914075821638], [-9.28944064071402e-05, -0.0022758827544748783, 0.0004900836502201855, -0.0017019707011058927, 0.0025020474568009377, -0.0022530618589371443, 0.0009963471675291657, -0.0018575474387034774, 0.007853962481021881, -0.0029468799475580454, 0.0011831364827230573, -0.000556554296053946, -0.0011425717966631055], [-0.0002463463169988245, 0.002173851942643523, -0.0015579524915665388, 0.002612469717860222, -0.0030998517759144306, 0.0007574837654829025, -0.002474422100931406, 0.0010027434909716249, -0.0029468799475580454, 0.01163056492805481, -0.001689559081569314, 0.0003425117756705731, 0.00117908651009202], [0.0006835568929091096, -0.0025624758563935757, 0.0002695131697691977, -0.002476863795891404, 0.0014568481128662825, 8.642754255561158e-05, 0.0005544965388253331, 0.0005879662348888814, 0.0011831364827230573, -0.001689559081569314, 0.011088020168244839, -0.00216957600787282, 0.0026767633389681578], [-0.00024154152197297662, 0.0029959247913211584, -0.0019130923319607973, 0.00024327385472133756, -0.0024097266141325235, 0.001892662257887423, -0.0020585302263498306, -0.00044394968426786363, -0.000556554296053946, 0.0003425117756705731, -0.00216957600787282, 0.012548506259918213, -0.0036063208244740963], [0.00030794768827036023, -0.0008775868336670101, 0.0013721236027777195, 0.0005785479443147779, -0.0018147591035813093, -0.001207644701935351, 0.0006396180251613259, 0.0012565914075821638, -0.0011425717966631055, 0.00117908651009202, 0.0026767633389681578, -0.0036063208244740963, 0.010980302467942238]], "lowlevel.mfcc.cov": [[5893.9609375, -890.847900390625, -927.6775512695312, 863.6680908203125, -776.7312622070312, 215.48431396484375, -283.7668151855469, 371.7071533203125, 117.08680725097656, 127.81441497802734, -120.82704162597656, 37.83555221557617, 3.6154491901397705], [-890.847900390625, 2503.869140625, -464.8202819824219, -460.37860107421875, 558.0673828125, -336.7649841308594, 241.1162567138672, -307.8589782714844, 286.5636901855469, 40.532859802246094, 30.42119598388672, 99.7637939453125, -23.17534637451172], [-927.6775512695312, -464.8202819824219, 1100.730712890625, -125.4051742553711, 34.385013580322266, 274.5187683105469, -38.472286224365234, 77.10026550292969, -138.86590576171875, 18.447542190551758, 148.67239379882812, 1.3246808052062988, 55.31896209716797], [863.6680908203125, -460.37860107421875, -125.4051742553711, 839.40673828125, -68.91141510009766, -33.13984680175781, 25.816890716552734, 253.7034149169922, -42.08299255371094, -45.7503776550293, 100.63825225830078, 87.53662109375, 43.082908630371094], [-776.7312622070312, 558.0673828125, 34.385013580322266, -68.91141510009766, 529.7800903320312, -59.3362922668457, 169.15756225585938, 2.389521598815918, 166.0520477294922, 17.49810218811035, 9.921377182006836, 93.67092895507812, 58.95714569091797], [215.48431396484375, -336.7649841308594, 274.5187683105469, -33.13984680175781, -59.3362922668457, 620.4432983398438, 17.349538803100586, 148.8466033935547, 69.00487518310547, 148.69332885742188, -19.503467559814453, 7.122846603393555, 105.67133331298828], [-283.7668151855469, 241.1162567138672, -38.472286224365234, 25.816890716552734, 169.15756225585938, 17.349538803100586, 272.2206726074219, 19.90178871154785, 47.12331008911133, 16.62474250793457, 13.52713680267334, 25.703996658325195, 13.704022407531738], [371.7071533203125, -307.8589782714844, 77.10026550292969, 253.7034149169922, 2.389521598815918, 148.8466033935547, 19.90178871154785, 291.43194580078125, 60.36513137817383, 38.66998291015625, 29.955129623413086, 59.29091262817383, 62.384151458740234], [117.08680725097656, 286.5636901855469, -138.86590576171875, -42.08299255371094, 166.0520477294922, 69.00487518310547, 47.12331008911133, 60.36513137817383, 300.2406311035156, 84.88196563720703, -52.31632614135742, 47.281558990478516, 58.584590911865234], [127.81441497802734, 40.532859802246094, 18.447542190551758, -45.7503776550293, 17.49810218811035, 148.69332885742188, 16.62474250793457, 38.66998291015625, 84.88196563720703, 166.0201416015625, -8.924270629882812, 10.045777320861816, 30.678253173828125], [-120.82704162597656, 30.42119598388672, 148.67239379882812, 100.63825225830078, 9.921377182006836, -19.503467559814453, 13.52713680267334, 29.955129623413086, -52.31632614135742, -8.924270629882812, 238.7471160888672, 68.82317352294922, -2.6802966594696045], [37.83555221557617, 99.7637939453125, 1.3246808052062988, 87.53662109375, 93.67092895507812, 7.122846603393555, 25.703996658325195, 59.29091262817383, 47.281558990478516, 10.045777320861816, 68.82317352294922, 156.1270294189453, 32.27128219604492], [3.6154491901397705, -23.17534637451172, 55.31896209716797, 43.082908630371094, 58.95714569091797, 105.67133331298828, 13.704022407531738, 62.384151458740234, 58.584590911865234, 30.678253173828125, -2.6802966594696045, 32.27128219604492, 130.415771484375]], "lowlevel.mfcc.icov": [[0.0003445951151661575, -9.59977933234768e-06, 0.00024638857576064765, -0.0002599682193249464, 0.0004776785208377987, -0.00010459280747454613, 0.00020285823848098516, -0.0001802153274184093, -0.00019665207946673036, -0.0001950432633748278, 0.00011606475891312584, -0.00017694699636194855, 8.419341611443087e-05], [-9.59977933234768e-06, 0.0008595854742452502, 0.0003192518197465688, 0.00036043496220372617, -0.0005684838397428393, 0.0002305136586073786, -0.00033401494147256017, 0.0006529204547405243, -0.00042982876766473055, -0.00019350134243723005, -0.0005185817135497928, -0.0002384781400905922, -2.152149136236403e-05], [0.00024638857576064765, 0.0003192518197465688, 0.0018144522327929735, 0.00043533960706554353, -0.0005138145061209798, -0.0006933187250979245, 0.0005019977688789368, -0.0005468811723403633, 0.0008037653169594705, -2.8441367248888128e-05, -0.0011277251178398728, 0.0002598126884549856, -0.0003024935140274465], [-0.0002599682193249464, 0.00036043496220372617, 0.00043533960706554353, 0.0024883663281798363, -0.0002976024989038706, 0.0005078188260085881, -0.0005188147188164294, -0.0016754686366766691, 0.0006512644467875361, 0.000536543142516166, -0.0009460278088226914, -0.00035788860986940563, -0.0007060451316647232], [0.0004776785208377987, -0.0005684838397428393, -0.0005138145061209798, -0.0002976024989038706, 0.004699520766735077, 0.000676056370139122, -0.001510567613877356, -0.0002672783739399165, -0.001820751465857029, 0.00011340694618411362, 0.0008242784533649683, -0.0017035494092851877, -0.0009540105238556862], [-0.00010459280747454613, 0.0002305136586073786, -0.0006933187250979245, 0.0005078188260085881, 0.000676056370139122, 0.003167646937072277, -0.0007787475478835404, -0.0008023232803680003, -0.0002973933005705476, -0.0019230972975492477, 0.00039841109537519515, -0.0001479463535360992, -0.001605677418410778], [0.00020285823848098516, -0.00033401494147256017, 0.0005019977688789368, -0.0005188147188164294, -0.001510567613877356, -0.0007787475478835404, 0.005178328603506088, -0.000534490158315748, 0.0005298845935612917, -0.0002377375785727054, -0.00022829663066659123, 0.0005768040427938104, 0.0005893592024222016], [-0.0001802153274184093, 0.0006529204547405243, -0.0005468811723403633, -0.0016754686366766691, -0.0002672783739399165, -0.0008023232803680003, -0.000534490158315748, 0.007161661516875029, -0.001720165484584868, -0.00023867152049206197, -0.00010802901670103893, -0.0011608146596699953, -0.0005783053929917514], [-0.00019665207946673036, -0.00042982876766473055, 0.0008037653169594705, 0.0006512644467875361, -0.001820751465857029, -0.0002973933005705476, 0.0005298845935612917, -0.001720165484584868, 0.006620930507779121, -0.0019389876397326589, 0.0008998714038170874, -0.0004077875055372715, -0.0011944760335609317], [-0.0001950432633748278, -0.00019350134243723005, -2.8441367248888128e-05, 0.000536543142516166, 0.00011340694618411362, -0.0019230972975492477, -0.0002377375785727054, -0.00023867152049206197, -0.0019389876397326589, 0.009087411686778069, -0.0005550151108764112, 0.00024345717974938452, 0.00011363816156517714], [0.00011606475891312584, -0.0005185817135497928, -0.0011277251178398728, -0.0009460278088226914, 0.0008242784533649683, 0.00039841109537519515, -0.00022829663066659123, -0.00010802901670103893, 0.0008998714038170874, -0.0005550151108764112, 0.006426825653761625, -0.002789802383631468, 0.0006244567921385169], [-0.00017694699636194855, -0.0002384781400905922, 0.0002598126884549856, -0.00035788860986940563, -0.0017035494092851877, -0.0001479463535360992, 0.0005768040427938104, -0.0011608146596699953, -0.0004077875055372715, 0.00024345717974938452, -0.002789802383631468, 0.009713600389659405, -0.0009798306273296475], [8.419341611443087e-05, -2.152149136236403e-05, -0.0003024935140274465, -0.0007060451316647232, -0.0009540105238556862, -0.001605677418410778, 0.0005893592024222016, -0.0005783053929917514, -0.0011944760335609317, 0.00011363816156517714, 0.0006244567921385169, -0.0009798306273296475, 0.010735319927334785]], "metadata.audio_properties.analysis.downmix": "mix", "metadata.audio_properties.codec": "mp3", "metadata.audio_properties.md5_encoded": "653383510478a80fd06a6446f0ec8510", "metadata.tags.file_name": "1183704217031024670.mp3", "metadata.version.essentia": "2.1-beta6-dev", "metadata.version.essentia_git_sha": "v2.1_beta5-1110-g77a6a954", "metadata.version.extractor": "music 2.0", "tonal.chords_key