{"song_id": "1183654650583470090", "download": "https://cdn.discordapp.com/attachments/1135903449314238464/1183654650583470090/chirp.mp4?ex=65891f4b&amp", "lyrics": "severmiyim bilmem seni\nso\u011futtun art\u0131k d\u00f6nmem geri\ng\u00f6nderdim k\u00f6t\u00fc hisleri\nvazgetim istemem al geri\n\nsevermiyim bilmem seni\nso\u011futtun art\u0131k d\u00f6nmem geri\ng\u00f6nderdim k\u00f6t\u00fc hisleri\nvazgetim istemem al geri\n\nkabusum oldun b\u0131rakmad\u0131n\nfarkl\u0131ym\u0131\u015fs\u0131n \u015fimdi anlad\u0131m\ndersimi ald\u0131m hadi bakal\u0131m", "style": ["pop drum"], "essentia_features": {"lowlevel.average_loudness": 0.7158600687980652, "lowlevel.barkbands_crest.mean": 13.725902557373047, "lowlevel.barkbands_crest.stdev": 8.070009231567383, "lowlevel.barkbands_flatness_db.mean": 0.25410497188568115, "lowlevel.barkbands_flatness_db.stdev": 0.12086518853902817, "lowlevel.barkbands_kurtosis.mean": 100.40765380859375, "lowlevel.barkbands_kurtosis.stdev": 284.8839416503906, "lowlevel.barkbands_skewness.mean": 3.7287046909332275, "lowlevel.barkbands_skewness.stdev": 8.612676620483398, "lowlevel.barkbands_spread.mean": 36.5872917175293, "lowlevel.barkbands_spread.stdev": 36.146785736083984, "lowlevel.dissonance.mean": 0.49408185482025146, "lowlevel.dissonance.stdev": 0.01014050841331482, "lowlevel.dynamic_complexity": 9.348932266235352, "lowlevel.erbbands_crest.mean": 9.71323013305664, "lowlevel.erbbands_crest.stdev": 5.028000354766846, "lowlevel.erbbands_flatness_db.mean": 0.18272222578525543, "lowlevel.erbbands_flatness_db.stdev": 0.06040900573134422, "lowlevel.erbbands_kurtosis.mean": 4.141256809234619, "lowlevel.erbbands_kurtosis.stdev": 5.328125953674316, "lowlevel.erbbands_skewness.mean": -0.5739542245864868, "lowlevel.erbbands_skewness.stdev": 1.7298098802566528, "lowlevel.erbbands_spread.mean": 56.545265197753906, "lowlevel.erbbands_spread.stdev": 52.66300964355469, "lowlevel.hfc.mean": 20.941619873046875, "lowlevel.hfc.stdev": 25.34449005126953, "lowlevel.loudness_ebu128.integrated": -24.674707412719727, "lowlevel.loudness_ebu128.loudness_range": 21.0030517578125, "lowlevel.loudness_ebu128.momentary.mean": -29.897239685058594, "lowlevel.loudness_ebu128.momentary.stdev": 10.152948379516602, "lowlevel.loudness_ebu128.short_term.mean": -28.00265884399414, "lowlevel.loudness_ebu128.short_term.stdev": 6.902723789215088, "lowlevel.melbands_crest.mean": 20.240488052368164, "lowlevel.melbands_crest.stdev": 9.636638641357422, "lowlevel.melbands_flatness_db.mean": 0.26340627670288086, "lowlevel.melbands_flatness_db.stdev": 0.1764003038406372, "lowlevel.melbands_kurtosis.mean": 242.61203002929688, "lowlevel.melbands_kurtosis.stdev": 460.4807434082031, "lowlevel.melbands_skewness.mean": 7.231027126312256, "lowlevel.melbands_skewness.stdev": 9.483914375305176, "lowlevel.melbands_spread.mean": 66.90789794921875, "lowlevel.melbands_spread.stdev": 74.6347427368164, "lowlevel.pitch_salience.mean": 0.4345247447490692, "lowlevel.pitch_salience.stdev": 0.26739969849586487, "lowlevel.silence_rate_20dB.mean": 0.8754345178604126, "lowlevel.silence_rate_20dB.stdev": 0.3302270174026489, "lowlevel.silence_rate_30dB.mean": 0.7792584300041199, "lowlevel.silence_rate_30dB.stdev": 0.41474539041519165, "lowlevel.silence_rate_60dB.mean": 0.4588644206523895, "lowlevel.silence_rate_60dB.stdev": 0.4983081519603729, "lowlevel.spectral_centroid.mean": 2864.69287109375, "lowlevel.spectral_centroid.stdev": 1739.004638671875, "lowlevel.spectral_complexity.mean": 4.484936237335205, "lowlevel.spectral_complexity.stdev": 8.13907241821289, "lowlevel.spectral_decrease.mean": -2.4604181803056235e-08, "lowlevel.spectral_decrease.stdev": 5.501983579847547e-08, "lowlevel.spectral_energy.mean": 0.09476126730442047, "lowlevel.spectral_energy.stdev": 0.20929671823978424, "lowlevel.spectral_energyband_high.mean": 0.001299369614571333, "lowlevel.spectral_energyband_high.stdev": 0.0015331460162997246, "lowlevel.spectral_energyband_low.mean": 0.08979929238557816, "lowlevel.spectral_energyband_low.stdev": 0.20670005679130554, "lowlevel.spectral_energyband_middle_high.mean": 0.0018261790974065661, "lowlevel.spectral_energyband_middle_high.stdev": 0.005097410641610622, "lowlevel.spectral_energyband_middle_low.mean": 0.0030042503494769335, "lowlevel.spectral_energyband_middle_low.stdev": 0.011104482226073742, "lowlevel.spectral_entropy.mean": 8.21855354309082, "lowlevel.spectral_entropy.stdev": 0.589707612991333, "lowlevel.spectral_flux.mean": 0.1396966278553009, "lowlevel.spectral_flux.stdev": 0.2009638249874115, "lowlevel.spectral_kurtosis.mean": 1.021974802017212, "lowlevel.spectral_kurtosis.stdev": 1.4422974586486816, "lowlevel.spectral_rms.mean": 0.0055276136845350266, "lowlevel.spectral_rms.stdev": 0.00786737073212862, "lowlevel.spectral_rolloff.mean": 6124.15771484375, "lowlevel.spectral_rolloff.stdev": 5305.0107421875, "lowlevel.spectral_skewness.mean": 0.9358283877372742, "lowlevel.spectral_skewness.stdev": 0.4450090825557709, "lowlevel.spectral_spread.mean": 8427053.0, "lowlevel.spectral_spread.stdev": 2015622.75, "lowlevel.spectral_strongpeak.mean": 0.6515321731567383, "lowlevel.spectral_strongpeak.stdev": 0.7624616622924805, "lowlevel.zerocrossingrate.mean": 0.20153822004795074, "lowlevel.zerocrossingrate.stdev": 0.14263159036636353, "metadata.audio_properties.analysis.equal_loudness": 0.0, "metadata.audio_properties.analysis.length": 40.04265213012695, "metadata.audio_properties.analysis.sample_rate": 44100.0, "metadata.audio_properties.analysis.start_time": 0.0, "metadata.audio_properties.bit_rate": 126965.0, "metadata.audio_properties.length": 40.042667388916016, "metadata.audio_properties.lossless": 0.0, "metadata.audio_properties.number_channels": 1.0, "metadata.audio_properties.replay_gain": 1.2295970916748047, "metadata.audio_properties.sample_rate": 48000.0, "rhythm.beats_count": 82.0, "rhythm.beats_loudness.mean": 0.2690705358982086, "rhythm.beats_loudness.stdev": 0.2999449670314789, "rhythm.bpm": 123.49990844726562, "rhythm.bpm_histogram_first_peak_bpm": 123.0, "rhythm.bpm_histogram_first_peak_weight": 0.5964912176132202, "rhythm.bpm_histogram_second_peak_bpm": 129.0, "rhythm.bpm_histogram_second_peak_spread": 0.04545450210571289, "rhythm.bpm_histogram_second_peak_weight": 0.25925925374031067, "rhythm.danceability": 1.6745684146881104, "rhythm.onset_rate": 4.219259738922119, "tonal.chords_changes_rate": 0.0763888880610466, "tonal.chords_number_rate": 0.0069444444961845875, "tonal.chords_strength.mean": 0.4262966513633728, "tonal.chords_strength.stdev": 0.0933857262134552, "tonal.hpcp_crest.mean": 8.594502449035645, "tonal.hpcp_crest.stdev": 4.2901082038879395, "tonal.hpcp_entropy.mean": 3.0771942138671875, "tonal.hpcp_entropy.stdev": 0.7486749887466431, "tonal.key_edma.strength": 0.3592626452445984, "tonal.key_krumhansl.strength": 0.3584219217300415, "tonal.key_temperley.strength": 0.35289350152015686, "tonal.tuning_diatonic_strength": 0.31619536876678467, "tonal.tuning_equal_tempered_deviation": 0.1551293432712555, "tonal.tuning_frequency": 432.94091796875, "tonal.tuning_nontempered_energy_ratio": 0.8669670820236206, "lowlevel.barkbands.mean": [0.0021389639005064964, 0.07712934166193008, 0.009365575388073921, 0.0021130733657628298, 0.0008403588435612619, 2.9903809263487346e-05, 8.719733159523457e-06, 4.965944299328839e-06, 5.430003056972055e-06, 1.1486052244435996e-05, 8.026135037653148e-05, 0.00016213534399867058, 0.00047516636550426483, 0.0004711365618277341, 0.0002296869788551703, 0.000122462137369439, 0.00012780253018718213, 6.782253331039101e-05, 5.55514452571515e-05, 6.468947685789317e-05, 0.00012170193076599389, 0.00012447722838260233, 0.0003294505877420306, 0.00020904648408759385, 0.00020230223890393972, 0.0002698259777389467, 2.0631834019013695e-08], "lowlevel.barkbands.stdev": [0.0059143840335309505, 0.1809346228837967, 0.04189009964466095, 0.008224797435104847, 0.003389000426977873, 0.0001922106312122196, 5.233821866568178e-05, 3.978770109824836e-05, 3.223410021746531e-05, 4.951439768774435e-05, 0.0003385459422133863, 0.0005639169830828905, 0.0017479369416832924, 0.001607619458809495, 0.0006748609011992812, 0.000362467864761129, 0.000375201489077881, 0.00014343135990202427, 0.00010490110435057431, 0.00013691656931769103, 0.00020866071281488985, 0.000172639440279454, 0.00044319251901470125, 0.00027280973154120147, 0.00022848711523693055, 0.00035160264815203846, 2.2184644876688253e-07], "lowlevel.erbbands.mean": [2.759204626083374, 15.02743911743164, 14.082844734191895, 8.458163261413574, 5.817698001861572, 1.5688672065734863, 0.47505295276641846, 0.21451854705810547, 0.1359805166721344, 0.11907168477773666, 0.10828050225973129, 0.12670660018920898, 0.21693816781044006, 1.0740458965301514, 5.093505382537842, 7.126607418060303, 19.98432159423828, 26.318994522094727, 15.782443046569824, 9.551908493041992, 6.889505863189697, 7.069447040557861, 3.8998916149139404, 3.6505768299102783, 2.299342632293701, 2.9797182083129883, 5.298151969909668, 3.8887734413146973, 3.7931571006774902, 7.260386943817139, 9.563814163208008, 4.712915897369385, 3.6758666038513184, 1.544449806213379, 1.7957088947296143, 1.6927485466003418, 0.41116270422935486, 0.011590613052248955, 0.000378727592760697, 0.0001310973020736128], "lowlevel.erbbands.stdev": [6.796046733856201, 36.57027053833008, 54.57659149169922, 35.30086135864258, 21.015213012695312, 7.2334794998168945, 3.0974276065826416, 1.2757079601287842, 0.7769985198974609, 0.8417046666145325, 0.7888237833976746, 0.7557328939437866, 1.0421558618545532, 3.5552730560302734, 20.70814323425293, 25.029373168945312, 72.70745086669922, 92.51158905029297, 47.65773391723633, 28.431631088256836, 20.406803131103516, 20.081396102905273, 8.649163246154785, 6.837361812591553, 4.220426082611084, 6.045533657073975, 10.647174835205078, 5.75357723236084, 5.41547966003418, 9.854722023010254, 13.108778953552246, 5.871668338775635, 5.107529640197754, 1.803984522819519, 2.181070566177368, 2.132460594177246, 0.5748714208602905, 0.0201033353805542, 0.0005115557578392327, 0.0002363411185797304], "lowlevel.gfcc.mean": [-160.018310546875, -49.685699462890625, -75.62401580810547, 74.25345611572266, -22.224538803100586, 63.83811569213867, -31.310762405395508, 17.949138641357422, -29.85991096496582, 9.498361587524414, -23.32857322692871, 9.235980987548828, -18.675947189331055], "lowlevel.melbands.mean": [0.023058731108903885, 0.011068793013691902, 0.0014270237879827619, 0.00023967470042407513, 2.0239926016074605e-05, 4.761694981425535e-06, 1.973284270206932e-06, 1.2394860959830112e-06, 8.516853995388374e-07, 7.961373853504483e-07, 1.0161637646888266e-06, 3.481861085674609e-06, 1.393513593939133e-05, 1.7525469957035966e-05, 2.791415863612201e-05, 5.2374500228324905e-05, 4.834435094380751e-05, 2.6785199224832468e-05, 1.651348065934144e-05, 9.40558220463572e-06, 7.904551239334978e-06, 7.893568181316368e-06, 4.6558002395613585e-06, 2.9489101507351734e-06, 3.0375472306332085e-06, 1.6955809769569896e-06, 1.567609615449328e-06, 2.0737161321449094e-06, 3.080863280047197e-06, 3.5049135931330966e-06, 1.8254993392474717e-06, 1.8614448435982922e-06, 2.8867777928098803e-06, 4.57313763035927e-06, 5.7389343055547215e-06, 4.64823460788466e-06, 2.2289896151050925e-06, 2.757055654001306e-06, 1.7173963442473905e-06, 1.218138891090348e-06], "lowlevel.melbands.stdev": [0.0547855906188488, 0.03161650896072388, 0.005664616357535124, 0.0009299860103055835, 0.0001300566946156323, 2.9080449166940525e-05, 1.1371028449502774e-05, 9.193192454404198e-06, 6.0774636949645355e-06, 4.6943350753281265e-06, 5.199707629799377e-06, 1.171830081148073e-05, 5.732736099162139e-05, 6.414963718270883e-05, 0.00010390423267381266, 0.00019283019355498254, 0.0001706109760561958, 8.545226592104882e-05, 4.981100937584415e-05, 2.903271342802327e-05, 2.4904766178224236e-05, 2.4414783183601685e-05, 1.1792403711297084e-05, 5.960790531389648e-06, 5.860717919858871e-06, 3.2805794489831896e-06, 2.98813165500178e-06, 4.507913217821624e-06, 7.0046030486992095e-06, 5.973705356154824e-06, 2.735957423283253e-06, 2.8206220576976193e-06, 4.09850372307119e-06, 6.434731403714977e-06, 8.250535756815225e-06, 6.008700893289642e-06, 2.9482951049430994e-06, 3.941554041375639e-06, 2.3405141291732434e-06, 1.4936558727640659e-06], "lowlevel.melbands128.mean": [0.002093922346830368, 0.021701203659176826, 0.03460519015789032, 0.02119985781610012, 0.00900528859347105, 0.0039457352831959724, 0.0016533987363800406, 0.000967569591011852, 0.0005894061177968979, 0.0001632238127058372, 5.2788360335398465e-05, 2.639987360453233e-05, 1.4001058843859937e-05, 7.949837709020358e-06, 4.764529876410961e-06, 3.033065013369196e-06, 2.277874727951712e-06, 1.817590032260341e-06, 1.53755843257386e-06, 1.3351947245610063e-06, 1.0786991424538428e-06, 9.630518889025552e-07, 8.295147608805564e-07, 7.1726151418261e-07, 8.017538561944093e-07, 8.347353173121519e-07, 7.691199925830006e-07, 9.304205264015764e-07, 1.2198222520964919e-06, 2.0755408058903413e-06, 3.795369366343948e-06, 7.1830199885880575e-06, 1.1738210559997242e-05, 2.1553740225499496e-05, 2.1762763935839757e-05, 1.3583395229943562e-05, 1.4761731108592357e-05, 2.4752909666858613e-05, 3.758460661629215e-05, 4.614598219632171e-05, 5.667832010658458e-05, 6.161374767543748e-05, 4.871384226134978e-05, 4.430205808603205e-05, 3.373434083187021e-05, 2.1596841179416515e-05, 2.125160062860232e-05, 1.8720103980740532e-05, 1.3505447896022815e-05, 1.1515603546286002e-05, 8.766654900682624e-06, 7.4805748226935975e-06, 7.190347332652891e-06, 8.45519571157638e-06, 8.675058779772371e-06, 8.30589488032274e-06, 6.982354079809738e-06, 5.335634341463447e-06, 3.932305844500661e-06, 2.857153049262706e-06, 2.7426349333836697e-06, 3.0087962841207627e-06, 3.646330924311769e-06, 3.173325239913538e-06, 1.8404988395559485e-06, 1.710340939098387e-06, 1.4568064443665207e-06, 1.559422003083455e-06, 1.6604063830527593e-06, 1.5126908010643092e-06, 1.606081582394836e-06, 2.796485205180943e-06, 2.71741646429291e-06, 2.855836100934539e-06, 3.766721420106478e-06, 4.237522716721287e-06, 3.265893838033662e-06, 1.8792004539136542e-06, 1.5648078033336787e-06, 1.7553220459376462e-06, 1.811367155823973e-06, 1.8010689473157981e-06, 2.253165575893945e-06, 2.894626959459856e-06, 3.5325169847055804e-06, 3.883262706949608e-06, 4.943916337651899e-06, 5.896573384234216e-06, 5.629077804769622e-06, 5.885594418941764e-06, 5.831289399793604e-06, 4.393178642203566e-06, 2.4675371150806313e-06, 1.8469589804226416e-06, 2.2684989744448103e-06, 2.5048182124010054e-06, 2.916345920311869e-06, 3.2567754715273622e-06, 1.5479830608455813e-06, 1.2529731066024397e-06, 7.12608425601502e-07, 1.6689406265868456e-06, 1.1475013934614253e-06, 7.335544864872645e-07, 1.3445991271510138e-06, 3.8126599974930286e-06, 2.9415894005069276e-06, 2.1121700228832196e-06, 3.0498024443659233e-06, 3.617371476138942e-06, 3.410362069189432e-06, 2.397214757365873e-06, 6.278168598328193e-07, 1.9204075840661972e-07, 1.1190088855528302e-07, 6.4941034771948125e-09, 1.579284897301747e-10, 1.3806718268671858e-10, 9.407390144655636e-11, 8.460167288948384e-11, 9.031748265941886e-11, 7.337472990309735e-11, 7.143971525458426e-11, 6.642537214718303e-11, 6.34222674378293e-11, 6.152668652337212e-11, 5.05801962813468e-11, 4.9572766031014126e-11], "lowlevel.melbands128.stdev": [0.005805755965411663, 0.05601156875491142, 0.08397917449474335, 0.055853281170129776, 0.034566134214401245, 0.017678195610642433, 0.007363337557762861, 0.0035413233563303947, 0.0022075229790061712, 0.000753651896957308, 0.0002993762609548867, 0.00017652440874371678, 0.00010505202226340771, 5.4644133342662826e-05, 3.0079101634328254e-05, 1.7343420040560886e-05, 1.3525465874408837e-05, 1.0730949725257233e-05, 9.389115803060122e-06, 1.0015039151767269e-05, 9.500622581981588e-06, 7.558636752946768e-06, 5.9055955716758035e-06, 4.796060693479376e-06, 5.139322638569865e-06, 4.728487056127051e-06, 4.250518941262271e-06, 5.00553733218112e-06, 6.556645530508831e-06, 8.937829989008605e-06, 1.3159342415747233e-05, 2.6380006602266803e-05, 5.774746750830673e-05, 0.00010039297922048718, 8.629738294985145e-05, 6.230243161553517e-05, 6.131055124569684e-05, 9.019944263854995e-05, 0.00016178998339455575, 0.0001928655692609027, 0.00023382066865451634, 0.0002776153269223869, 0.00018820152035914361, 0.00016326035256497562, 0.0001337192370556295, 7.208251190604642e-05, 7.84579970058985e-05, 6.507327634608373e-05, 4.604887726600282e-05, 4.065273969899863e-05, 3.093087798333727e-05, 2.428651714581065e-05, 2.4610591935925186e-05, 2.9884069590480067e-05, 3.243560786359012e-05, 3.0843817512504756e-05, 1.9449351384537295e-05, 1.4602754163206555e-05, 1.1821104635600932e-05, 7.464338068530196e-06, 6.527217465190915e-06, 6.178029707371024e-06, 7.511597686971072e-06, 7.054006346152164e-06, 3.885977548634401e-06, 3.825319254247006e-06, 3.0219769087125314e-06, 3.323930286569521e-06, 3.4489123663661303e-06, 3.0696680823893985e-06, 3.64682887266099e-06, 6.73322119837394e-06, 7.76908655097941e-06, 7.286907475645421e-06, 8.180529221135657e-06, 7.933373126434162e-06, 5.665920525643742e-06, 2.9875707241444616e-06, 2.675917130545713e-06, 3.074519781876006e-06, 3.0541418709617574e-06, 3.030530251635355e-06, 3.844744696834823e-06, 4.568983968056273e-06, 5.318417152011534e-06, 5.906371825403767e-06, 7.714087587373797e-06, 9.212647455569822e-06, 9.06008790479973e-06, 9.257870260626078e-06, 7.979017027537338e-06, 6.181252501846757e-06, 3.755425950657809e-06, 2.8863864827144425e-06, 3.5769019177678274e-06, 3.870072305289796e-06, 4.446178536454681e-06, 5.240394784777891e-06, 2.3607767616340425e-06, 1.7958908529180917e-06, 1.0585847576294327e-06, 2.2907304355612723e-06, 1.6535192344235838e-06, 1.1714328138623387e-06, 1.955261950570275e-06, 5.367878202378051e-06, 3.809771442320198e-06, 2.827407115546521e-06, 4.219888069201261e-06, 5.0638100219657645e-06, 4.976531272404827e-06, 3.665115400508512e-06, 1.26803979583201e-06, 6.821997544648184e-07, 4.751585436224559e-07, 3.760103695071848e-08, 1.990282383346198e-09, 1.813815209139591e-09, 1.0398120142696143e-09, 8.809947771304394e-10, 1.113349412662501e-09, 8.805431939151731e-10, 8.259384287612193e-10, 7.347279451508371e-10, 7.371012689105783e-10, 7.288465386778853e-10, 5.664758107037926e-10, 5.100705413596529e-10], "lowlevel.mfcc.mean": [-815.122802734375, -10.394411087036133, 20.62767791748047, 29.620817184448242, 41.09433364868164, 46.40591812133789, 23.45255470275879, 24.834457397460938, 7.211522579193115, 8.72194766998291, 3.598682403564453, 6.0543904304504395, -0.6272882223129272], "lowlevel.spectral_contrast_coeffs.mean": [-0.6815828680992126, -0.8492757678031921, -0.8340208530426025, -0.856853723526001, -0.8436800241470337, -0.7911421060562134], "lowlevel.spectral_contrast_coeffs.stdev": [0.12897208333015442, 0.07182278484106064, 0.0759192407131195, 0.04192769154906273, 0.030907219275832176, 0.04385489970445633], "lowlevel.spectral_contrast_valleys.mean": [-9.569866180419922, -10.67332649230957, -10.000022888183594, -9.05113697052002, -8.541390419006348, -10.072671890258789], "lowlevel.spectral_contrast_valleys.stdev": [2.0589489936828613, 1.8812861442565918, 1.82583487033844, 1.8157252073287964, 1.4716733694076538, 1.2923412322998047], "rhythm.beats_loudness_band_ratio.mean": [0.7732865214347839, 0.036109283566474915, 0.0010383842745795846, 0.009950485080480576, 0.01664867252111435, 0.19520306587219238], "rhythm.beats_loudness_band_ratio.stdev": [0.2650057375431061, 0.05595774948596954, 0.0015604622894898057, 0.020278597250580788, 0.023685097694396973, 0.2375449538230896], "tonal.hpcp.mean": [0.14642660319805145, 0.14226090908050537, 0.11307619512081146, 0.09634432196617126, 0.09407784044742584, 0.10865210741758347, 0.1367337852716446, 0.15710601210594177, 0.1625705510377884, 0.13094471395015717, 0.0780724436044693, 0.06069767847657204, 0.055317122489213943, 0.05024358630180359, 0.052124835550785065, 0.05195038765668869, 0.05319548025727272, 0.05826717987656593, 0.06669057160615921, 0.07052092999219894, 0.07652973383665085, 0.08287626504898071, 0.07995200902223587, 0.09363165497779846, 0.11776493489742279, 0.15567821264266968, 0.2777863144874573, 0.287119060754776, 0.16335904598236084, 0.1377185583114624, 0.15074250102043152, 0.14785610139369965, 0.13078850507736206, 0.11367611587047577, 0.10836619883775711, 0.11803039908409119], "tonal.hpcp.stdev": [0.2695651054382324, 0.2682018280029297, 0.23784001171588898, 0.21850134432315826, 0.21016459167003632, 0.2349652498960495, 0.261517196893692, 0.2943725287914276, 0.28812655806541443, 0.2659205198287964, 0.16764257848262787, 0.15299458801746368, 0.128871887922287, 0.11591237783432007, 0.11720754206180573, 0.12303745746612549, 0.12554436922073364, 0.1353234201669693, 0.14132553339004517, 0.15269991755485535, 0.16626648604869843, 0.17751924693584442, 0.17094160616397858, 0.195655956864357, 0.2368728667497635, 0.2575308680534363, 0.3783414959907532, 0.3810267746448517, 0.27018043398857117, 0.24763360619544983, 0.2658124268054962, 0.27049630880355835, 0.24623115360736847, 0.21740494668483734, 0.2212054282426834, 0.22110338509082794], "rhythm.beats_position": [0.5340589284896851, 1.0797278881072998, 1.590566873550415, 2.0897958278656006, 2.589024782180786, 3.088253974914551, 3.5874829292297363, 4.086711883544922, 4.585940837860107, 5.085169792175293, 5.572789192199707, 6.072018146514893, 6.559637069702148, 7.058866024017334, 7.54648494720459, 8.034104347229004, 8.521722793579102, 9.009342193603516, 9.50857162475586, 10.007800102233887, 10.4954195022583, 10.994647979736328, 11.493877410888672, 11.981496810913086, 12.469115257263184, 12.956734657287598, 13.444353103637695, 13.93197250366211, 14.419591903686523, 14.895600318908691, 15.371609687805176, 15.85922908782959, 16.323627471923828, 16.811246871948242, 17.287256240844727, 17.76326560974121, 18.250883102416992, 18.726892471313477, 19.20290184020996, 19.667301177978516, 20.15492057800293, 20.630929946899414, 21.1069393157959, 21.59455680847168, 22.082176208496094, 22.54657554626465, 23.010974884033203, 23.463764190673828, 23.928163528442383, 24.404170989990234, 24.88018035888672, 25.344579696655273, 25.820589065551758, 26.284988403320312, 26.749387741088867, 27.213787078857422, 27.701404571533203, 28.165803909301758, 28.641813278198242, 29.117822647094727, 29.60544204711914, 30.069841384887695, 30.545848846435547, 31.02185821533203, 31.486257553100586, 31.95065689086914, 32.426666259765625, 32.90267562866211, 33.36707305908203, 33.85469436645508, 34.319091796875, 34.80671310424805, 35.27111053466797, 35.74711990356445, 36.22312927246094, 36.68752670288086, 37.163536071777344, 37.63954544067383, 38.103946685791016, 38.56834411621094, 39.03274154663086, 39.49714279174805], "rhythm.bpm_histogram": [0.0, 0.0, 0.0, 0.0, 0.0, 0.0, 0.0, 0.0, 0.0, 0.0, 0.0, 0.0, 0.0, 0.0, 0.0, 0.0, 0.0, 0.0, 0.0, 0.0, 0.0, 0.0, 0.0, 0.0, 0.0, 0.0, 0.0, 0.0, 0.0, 0.0, 0.0, 0.0, 0.0, 0.0, 0.0, 0.0, 0.0, 0.0, 0.0, 0.0, 0.0, 0.0, 0.0, 0.0, 0.0, 0.0, 0.0, 0.0, 0.0, 0.0, 0.0, 0.0, 0.0, 0.0, 0.0, 0.0, 0.0, 0.0, 0.0, 0.0, 0.0, 0.0, 0.0, 0.0, 0.0, 0.0, 0.0, 0.0, 0.0, 0.0, 0.0, 0.0, 0.0, 0.0, 0.0, 0.0, 0.0, 0.0, 0.0, 0.0, 0.0, 0.0, 0.0, 0.0, 0.0, 0.0, 0.0, 0.0, 0.0, 0.0, 0.0, 0.0, 0.0, 0.0, 0.0, 0.0, 0.0, 0.0, 0.0, 0.0, 0.0, 0.0, 0.0, 0.0, 0.0, 0.0, 0.0, 0.0, 0.0, 0.0, 0.012345679104328156, 0.0, 0.0, 0.0, 0.0, 0.0, 0.0, 0.012345679104328156, 0.0, 0.0, 0.16049382090568542, 0.0, 0.0, 0.2839506268501282, 0.0, 0.0, 0.25925925374031067, 0.0, 0.0, 0.25925925374031067, 0.0, 0.0, 0.0, 0.012345679104328156, 0.0, 0.0, 0.0, 0.0, 0.0, 0.0, 0.0, 0.0, 0.0, 0.0, 0.0, 0.0, 0.0, 0.0, 0.0, 0.0, 0.0, 0.0, 0.0, 0.0, 0.0, 0.0, 0.0, 0.0, 0.0, 0.0, 0.0, 0.0, 0.0, 0.0, 0.0, 0.0, 0.0, 0.0, 0.0, 0.0, 0.0, 0.0, 0.0, 0.0, 0.0, 0.0, 0.0, 0.0, 0.0, 0.0, 0.0, 0.0, 0.0, 0.0, 0.0, 0.0, 0.0, 0.0, 0.0, 0.0, 0.0, 0.0, 0.0, 0.0, 0.0, 0.0, 0.0, 0.0, 0.0, 0.0, 0.0, 0.0, 0.0, 0.0, 0.0, 0.0, 0.0, 0.0, 0.0, 0.0, 0.0, 0.0, 0.0, 0.0, 0.0, 0.0, 0.0, 0.0, 0.0, 0.0, 0.0, 0.0, 0.0, 0.0, 0.0, 0.0, 0.0, 0.0, 0.0, 0.0, 0.0, 0.0, 0.0, 0.0, 0.0, 0.0, 0.0, 0.0, 0.0, 0.0, 0.0, 0.0, 0.0, 0.0, 0.0, 0.0, 0.0, 0.0, 0.0, 0.0], "tonal.chords_histogram": [56.59722137451172, 1.9675925970077515, 0.0, 0.6944444179534912, 0.0, 0.0, 0.0, 0.6944444179534912, 0.0, 0.11574073880910873, 0.0, 0.0, 0.0, 12.384259223937988, 20.370370864868164, 0.0, 0.46296295523643494, 3.5879628658294678, 0.0, 0.0, 0.5787037014961243, 0.0, 0.0, 2.5462963581085205], "tonal.thpcp": [1.0, 0.5689592361450195, 0.4796566069126129, 0.5250173807144165, 0.5149644017219543, 0.4555200934410095, 0.3959197700023651, 0.37742599844932556, 0.41108521819114685, 0.5099856853485107, 0.4954770505428314, 0.3938303291797638, 0.3355552852153778, 0.3276614248752594, 0.3784217834472656, 0.4762267768383026, 0.547180712223053, 0.5662130117416382, 0.4560641646385193, 0.27191662788391113, 0.21140247583389282, 0.19266265630722046, 0.1749921590089798, 0.18154431879520416, 0.18093673884868622, 0.18527324497699738, 0.20293734967708588, 0.23227496445178986, 0.2456156313419342, 0.26654353737831116, 0.28864774107933044, 0.2784629166126251, 0.3261074125766754, 0.410160630941391, 0.5422078371047974, 0.9674952030181885], "lowlevel.gfcc.cov": [[25089.73046875, 2897.812255859375, -185.9298553466797, 464.6077880859375, 1597.069091796875, 912.449951171875, -159.94583129882812, -850.3089599609375, -639.7559204101562, -217.16893005371094, -211.60842895507812, -110.27201843261719, -253.59539794921875], [2897.812255859375, 4245.3212890625, 1526.50048828125, 338.88336181640625, 401.6906433105469, -305.359130859375, 47.927635192871094, -70.41493225097656, 332.75927734375, 121.90155792236328, 257.553955078125, -40.507469177246094, 75.7469711303711], [-185.9298553466797, 1526.50048828125, 2882.588623046875, 1265.620849609375, 358.787109375, -149.36705017089844, 234.267333984375, 266.6656799316406, 411.176025390625, 173.13623046875, 202.8488006591797, 161.13905334472656, 86.68744659423828], [464.6077880859375, 338.88336181640625, 1265.620849609375, 947.3729858398438, 387.8647155761719, 116.19609832763672, 128.6007537841797, 106.82725524902344, 123.88504791259766, 48.65709686279297, 80.03107452392578, 79.39086151123047, 47.18170166015625], [1597.069091796875, 401.6906433105469, 358.787109375, 387.8647155761719, 718.5122680664062, 443.8735656738281, 314.552978515625, 163.0361785888672, 147.72549438476562, 113.8277359008789, 149.9222869873047, 90.80325317382812, 60.022987365722656], [912.449951171875, -305.359130859375, -149.36705017089844, 116.19609832763672, 443.8735656738281, 530.951904296875, 340.4530944824219, 254.8350830078125, 141.68348693847656, 129.183349609375, 116.80706787109375, 84.62592315673828, 47.67188262939453], [-159.94583129882812, 47.927635192871094, 234.267333984375, 128.6007537841797, 314.552978515625, 340.4530944824219, 448.61199951171875, 403.6471252441406, 309.3004455566406, 188.37493896484375, 160.26998901367188, 77.02727508544922, 60.67349624633789], [-850.3089599609375, -70.41493225097656, 266.6656799316406, 106.82725524902344, 163.0361785888672, 254.8350830078125, 403.6471252441406, 525.4047241210938, 397.7773132324219, 251.34646606445312, 179.22463989257812, 92.50286865234375, 54.74214553833008], [-639.7559204101562, 332.75927734375, 411.176025390625, 123.88504791259766, 147.72549438476562, 141.68348693847656, 309.3004455566406, 397.7773132324219, 416.75714111328125, 264.0834655761719, 207.44754028320312, 76.24566650390625, 53.262115478515625], [-217.16893005371094, 121.90155792236328, 173.13623046875, 48.65709686279297, 113.8277359008789, 129.183349609375, 188.37493896484375, 251.34646606445312, 264.0834655761719, 242.0606689453125, 179.60081481933594, 82.30290985107422, 36.219783782958984], [-211.60842895507812, 257.553955078125, 202.8488006591797, 80.03107452392578, 149.9222869873047, 116.80706787109375, 160.26998901367188, 179.22463989257812, 207.44754028320312, 179.60081481933594, 196.966064453125, 92.92660522460938, 57.322025299072266], [-110.27201843261719, -40.507469177246094, 161.13905334472656, 79.39086151123047, 90.80325317382812, 84.62592315673828, 77.02727508544922, 92.50286865234375, 76.24566650390625, 82.30290985107422, 92.92660522460938, 109.2750015258789, 48.052406311035156], [-253.59539794921875, 75.7469711303711, 86.68744659423828, 47.18170166015625, 60.022987365722656, 47.67188262939453, 60.67349624633789, 54.74214553833008, 53.262115478515625, 36.219783782958984, 57.322025299072266, 48.052406311035156, 69.29972076416016]], "lowlevel.gfcc.icov": [[7.803733751643449e-05, -0.00010832768748514354, 2.8470938559621572e-05, -3.9749033021507785e-05, -4.7714755055494606e-05, -0.000277810642728582, 4.665521555580199e-05, 0.00013069360284134746, 0.00013450020924210548, -0.0003050572413485497, 0.00038964793202467263, -0.00022204098058864474, 0.00037150003481656313], [-0.00010832768748514354, 0.0007483672234229743, -0.0004911530413664877, 0.0007016264135017991, -0.000768889847677201, 0.0008998749544844031, 0.00021903644665144384, 0.00022898128372617066, -0.0008447768050245941, 0.000976335781160742, -0.0017394062597304583, 0.0017739007016643882, -0.0010556947672739625], [2.8470938559621572e-05, -0.0004911530413664877, 0.0020896850619465113, -0.002575039165094495, 0.00039439930696971714, 0.0016980782384052873, -0.0019116699695587158, 0.000992370885796845, -0.0015081927413120866, -4.918878767057322e-05, 0.0018444759771227837, -0.003538181772455573, 0.0012728548608720303], [-3.9749033021507785e-05, 0.0007016264135017991, -0.002575039165094495, 0.004837331362068653, -0.002098783850669861, -0.0011290755355730653, 0.002991719404235482, -0.0016710557974874973, 0.0008589299395680428, 0.001026646583341062, -0.0018662256188690662, 0.003384052310138941, -0.0016889824764803052], [-4.7714755055494606e-05, -0.000768889847677201, 0.00039439930696971714, -0.002098783850669861, 0.0064696515910327435, -0.004481690935790539, -0.0027581548783928156, 0.002938218880444765, -0.00047812177217565477, 0.00027495843823999166, -0.0005350491264835, -0.0017074085772037506, 0.001024866127409041], [-0.000277810642728582, 0.0008998749544844031, 0.0016980782384052873, -0.0011290755355730653, -0.004481690935790539, 0.011873340234160423, -0.005746533162891865, -0.0013111697044223547, 0.00205641589127481, -0.0012778743403032422, -0.0005092986393719912, -0.0015416776295751333, -0.0009970536921173334], [4.665521555580199e-05, 0.00021903644665144384, -0.0019116699695587158, 0.002991719404235482, -0.0027581548783928156, -0.005746533162891865, 0.01692499779164791, -0.009233787655830383, -0.0016316809924319386, 0.004188352730125189, -0.003094051033258438, 0.005318944808095694, -0.0029602195136249065], [0.00013069360284134746, 0.00022898128372617066, 0.000992370885796845, -0.0016710557974874973, 0.002938218880444765, -0.0013111697044223547, -0.009233787655830383, 0.017501188442111015, -0.012078152038156986, -0.0016336353728547692, 0.006197115406394005, -0.006313432473689318, 0.0021295459009706974], [0.00013450020924210548, -0.0008447768050245941, -0.0015081927413120866, 0.0008589299395680428, -0.00047812177217565477, 0.00205641589127481, -0.0016316809924319386, -0.012078152038156986, 0.026255546137690544, -0.012740015052258968, -0.005502365529537201, 0.008520284667611122, -0.0021910113282501698], [-0.0003050572413485497, 0.000976335781160742, -4.918878767057322e-05, 0.001026646583341062, 0.00027495843823999166, -0.0012778743403032422, 0.004188352730125189, -0.0016336353728547692, -0.012740015052258968, 0.027635859325528145, -0.01548737846314907, -0.0025411935057491064, 0.005363726522773504], [0.00038964793202467263, -0.0017394062597304583, 0.0018444759771227837, -0.0018662256188690662, -0.0005350491264835, -0.0005092986393719912, -0.003094051033258438, 0.006197115406394005, -0.005502365529537201, -0.01548737846314907, 0.031586695462465286, -0.013713880442082882, -0.003376734908670187], [-0.00022204098058864474, 0.0017739007016643882, -0.003538181772455573, 0.003384052310138941, -0.0017074085772037506, -0.0015416776295751333, 0.005318944808095694, -0.006313432473689318, 0.008520284667611122, -0.0025411935057491064, -0.013713880442082882, 0.029499802738428116, -0.012091698125004768], [0.00037150003481656313, -0.0010556947672739625, 0.0012728548608720303, -0.0016889824764803052, 0.001024866127409041, -0.0009970536921173334, -0.0029602195136249065, 0.0021295459009706974, -0.0021910113282501698, 0.005363726522773504, -0.003376734908670187, -0.012091698125004768, 0.027266966179013252]], "lowlevel.mfcc.cov": [[23088.1640625, 1984.5811767578125, -1407.39794921875, -112.7542495727539, 1049.3804931640625, 1523.139892578125, 640.1375122070312, -44.772029876708984, -393.3806457519531, -204.1112823486328, -493.3786926269531, -39.27116775512695, -354.97021484375], [1984.5811767578125, 3485.139892578125, 931.1820068359375, 584.6677856445312, 271.5426940917969, 29.496553421020508, -96.92394256591797, -83.70160675048828, 7.0644707679748535, 49.57170104980469, 155.5098876953125, 152.84075927734375, 125.2845687866211], [-1407.39794921875, 931.1820068359375, 2170.868408203125, 1250.802734375, 358.1514892578125, -34.68317794799805, -96.97831726074219, 130.4500274658203, 109.03076934814453, 155.16641235351562, 173.32913208007812, 94.02936553955078, 154.39048767089844], [-112.7542495727539, 584.6677856445312, 1250.802734375, 997.3387451171875, 419.77935791015625, 145.38897705078125, 24.78022575378418, 103.6346435546875, 43.66423797607422, 74.04492950439453, 68.95375061035156, 31.686100006103516, 58.30683517456055], [1049.3804931640625, 271.5426940917969, 358.1514892578125, 419.77935791015625, 459.4225769042969, 324.620361328125, 205.9107666015625, 151.29017639160156, 73.1301040649414, 72.82118225097656, 70.68862915039062, 78.28300476074219, 69.1596450805664], [1523.139892578125, 29.496553421020508, -34.68317794799805, 145.38897705078125, 324.620361328125, 394.0074157714844, 255.0873565673828, 142.5000762939453, 44.62005615234375, 34.835838317871094, 5.067063331604004, 51.65098571777344, 24.393625259399414], [640.1375122070312, -96.92394256591797, -96.97831726074219, 24.78022575378418, 205.9107666015625, 255.0873565673828, 310.92608642578125, 227.81826782226562, 157.93869018554688, 119.24798583984375, 99.53706359863281, 94.02108764648438, 66.3174057006836], [-44.772029876708984, -83.70160675048828, 130.4500274658203, 103.6346435546875, 151.29017639160156, 142.5000762939453, 227.81826782226562, 294.3770751953125, 222.0225067138672, 183.68746948242188, 158.3944854736328, 113.66239166259766, 84.81465911865234], [-393.3806457519531, 7.0644707679748535, 109.03076934814453, 43.66423797607422, 73.1301040649414, 44.62005615234375, 157.93869018554688, 222.0225067138672, 266.8980712890625, 221.27511596679688, 207.50779724121094, 137.60345458984375, 101.55854797363281], [-204.1112823486328, 49.57170104980469, 155.16641235351562, 74.04492950439453, 72.82118225097656, 34.835838317871094, 119.24798583984375, 183.68746948242188, 221.27511596679688, 252.24911499023438, 227.65582275390625, 156.46807861328125, 110.37281036376953], [-493.3786926269531, 155.5098876953125, 173.32913208007812, 68.95375061035156, 70.68862915039062, 5.067063331604004, 99.53706359863281, 158.3944854736328, 207.50779724121094, 227.65582275390625, 284.1734924316406, 196.3480224609375, 153.43040466308594], [-39.27116775512695, 152.84075927734375, 94.02936553955078, 31.686100006103516, 78.28300476074219, 51.65098571777344, 94.02108764648438, 113.66239166259766, 137.60345458984375, 156.46807861328125, 196.3480224609375, 204.0447998046875, 150.4376678466797], [-354.97021484375, 125.2845687866211, 154.39048767089844, 58.30683517456055, 69.1596450805664, 24.393625259399414, 66.3174057006836, 84.81465911865234, 101.55854797363281, 110.37281036376953, 153.43040466308594, 150.4376678466797, 166.6219024658203]], "lowlevel.mfcc.icov": [[8.357026672456414e-05, -6.48511850158684e-05, 3.7887341022724286e-05, 6.12717994954437e-05, -9.023292659549043e-05, -0.0002679387980606407, 1.579943454999011e-05, 3.0655697628390044e-05, 0.00022437002917286009, -0.0003469036892056465, 0.00027846559532918036, -0.0002480745024513453, 0.0002856356150005013], [-6.48511850158684e-05, 0.00042026903247460723, -0.00017923209816217422, -2.9933422410977073e-05, -0.0001313517859671265, 0.0001611821644473821, 4.484465534915216e-05, 0.00044559111120179296, -0.0004238986875861883, 0.0005831097951158881, -0.0004823272174689919, -0.00020151931676082313, 6.843051323812688e-06], [3.7887341022724286e-05, -0.00017923209816217422, 0.0026298894081264734, -0.0034400545991957188, 0.0009105601347982883, 0.00034461423638276756, 0.0012634550221264362, -0.001211115624755621, -4.15018766943831e-05, -0.0003491568495519459, 0.0004790554230567068, 0.000217828230233863, -0.001713552395813167], [6.12717994954437e-05, -2.9933422410977073e-05, -0.0034400545991957188, 0.007216579746454954, -0.004862459376454353, 0.0003291312023065984, 0.00035561827826313674, 1.6694317309884354e-05, 0.001132850768044591, -0.0010829800739884377, 4.227451063343324e-05, 0.0005970611236989498, 0.002084164647385478], [-9.023292659549043e-05, -0.0001313517859671265, 0.0009105601347982883, -0.004862459376454353, 0.01213023066520691, -0.007711826823651791, -0.0002667098306119442, 4.501994408201426e-05, -0.0008174371905624866, 0.0021040835417807102, -0.0030942962039262056, 0.001622011768631637, -0.0025689490139484406], [-0.0002679387980606407, 0.0001611821644473821, 0.00034461423638276756, 0.0003291312023065984, -0.007711826823651791, 0.015500971116125584, -0.008551519364118576, 5.117441833135672e-05, 0.003127233125269413, -0.0017158519476652145, 0.004716379102319479, -0.004020747262984514, 0.001700370223261416], [1.579943454999011e-05, 4.484465534915216e-05, 0.0012634550221264362, 0.00035561827826313674, -0.0002667098306119442, -0.008551519364118576, 0.01848350465297699, -0.0086456798017025, -0.0036772051826119423, 0.002483562333509326, -0.00138254021294415, 0.0016606024000793695, -0.002518393797799945], [3.0655697628390044e-05, 0.00044559111120179296, -0.001211115624755621, 1.6694317309884354e-05, 4.501994408201426e-05, 5.117441833135672e-05, -0.0086456798017025, 0.017484139651060104, -0.008613890036940575, -0.0017529549077153206, 0.0011401664232835174, -0.00010584994743112475, 0.000818822009023279], [0.00022437002917286009, -0.0004238986875861883, -4.15018766943831e-05, 0.001132850768044591, -0.0008174371905624866, 0.003127233125269413, -0.0036772051826119423, -0.008613890036940575, 0.024080201983451843, -0.012274207547307014, -0.0022313811350613832, 0.0009058219729922712, 0.0008587315096519887], [-0.0003469036892056465, 0.0005831097951158881, -0.0003491568495519459, -0.0010829800739884377, 0.0021040835417807102, -0.0017158519476652145, 0.002483562333509326, -0.0017529549077153206, -0.012274207547307014, 0.026698118075728416, -0.013196535408496857, -0.0022981292568147182, 0.002829441800713539], [0.00027846559532918036, -0.0004823272174689919, 0.0004790554230567068, 4.227451063343324e-05, -0.0030942962039262056, 0.004716379102319479, -0.00138254021294415, 0.0011401664232835174, -0.0022313811350613832, -0.013196535408496857, 0.02571568638086319, -0.011096593923866749, -0.0024983801413327456], [-0.0002480745024513453, -0.00020151931676082313, 0.000217828230233863, 0.0005970611236989498, 0.001622011768631637, -0.004020747262984514, 0.0016606024000793695, -0.00010584994743112475, 0.0009058219729922712, -0.0022981292568147182, -0.011096593923866749, 0.02743224799633026, -0.015058843418955803], [0.0002856356150005013, 6.843051323812688e-06, -0.001713552395813167, 0.002084164647385478, -0.0025689490139484406, 0.001700370223261416, -0.002518393797799945, 0.000818822009023279, 0.0008587315096519887, 0.002829441800713539, -0.0024983801413327456, -0.015058843418955803, 0.022365393117070198]], "metadata.audio_properties.analysis.downmix": "mix", "metadata.audio_properties.codec": "mp3", "metadata.audio_properties.md5_encoded": "fa459fe6f3002797601318a67aa1d784", "metadata.tags.file_name": "1183654650583470090.mp3", "metadata.version.essentia": "2.1-beta6-dev", "