{"song_id": "1183707990998655046", "download": "https://cdn.discordapp.com/attachments/1135911532732108921/1183707990998655046/chirp.mp4?ex=658950f9&amp", "lyrics": "[Verse]\nCada desafio foi um degrau para ascender, Cada adeus, uma li\u00e7\u00e3o para aprender. Gratid\u00e3o pelos abra\u00e7os, pelo amor compartilhado, Pelos caminhos que juntos, temos trilhado.", "style": ["MPB</span><span>, voz masculina"], "essentia_features": {"lowlevel.average_loudness": 0.947044849395752, "lowlevel.barkbands_crest.mean": 15.346623420715332, "lowlevel.barkbands_crest.stdev": 4.233551502227783, "lowlevel.barkbands_flatness_db.mean": 0.3846266567707062, "lowlevel.barkbands_flatness_db.stdev": 0.09543652087450027, "lowlevel.barkbands_kurtosis.mean": 48.59386444091797, "lowlevel.barkbands_kurtosis.stdev": 50.879844665527344, "lowlevel.barkbands_skewness.mean": 4.22470760345459, "lowlevel.barkbands_skewness.stdev": 2.522360324859619, "lowlevel.barkbands_spread.mean": 4.331409454345703, "lowlevel.barkbands_spread.stdev": 9.61484146118164, "lowlevel.dissonance.mean": 0.4125019907951355, "lowlevel.dissonance.stdev": 0.05402069166302681, "lowlevel.dynamic_complexity": 1.4568618535995483, "lowlevel.erbbands_crest.mean": 13.794742584228516, "lowlevel.erbbands_crest.stdev": 4.998761177062988, "lowlevel.erbbands_flatness_db.mean": 0.2555127441883087, "lowlevel.erbbands_flatness_db.stdev": 0.07031410187482834, "lowlevel.erbbands_kurtosis.mean": 12.522844314575195, "lowlevel.erbbands_kurtosis.stdev": 13.84291934967041, "lowlevel.erbbands_skewness.mean": 2.5052855014801025, "lowlevel.erbbands_skewness.stdev": 1.7158353328704834, "lowlevel.erbbands_spread.mean": 29.754159927368164, "lowlevel.erbbands_spread.stdev": 33.85970687866211, "lowlevel.hfc.mean": 13.696385383605957, "lowlevel.hfc.stdev": 10.134895324707031, "lowlevel.loudness_ebu128.integrated": -15.342506408691406, "lowlevel.loudness_ebu128.loudness_range": 2.8565454483032227, "lowlevel.loudness_ebu128.momentary.mean": -15.661651611328125, "lowlevel.loudness_ebu128.momentary.stdev": 1.6768969297409058, "lowlevel.loudness_ebu128.short_term.mean": -15.374834060668945, "lowlevel.loudness_ebu128.short_term.stdev": 1.037563443183899, "lowlevel.melbands_crest.mean": 22.728559494018555, "lowlevel.melbands_crest.stdev": 6.1363749504089355, "lowlevel.melbands_flatness_db.mean": 0.4837874472141266, "lowlevel.melbands_flatness_db.stdev": 0.11213558167219162, "lowlevel.melbands_kurtosis.mean": 88.81362915039062, "lowlevel.melbands_kurtosis.stdev": 98.99640655517578, "lowlevel.melbands_skewness.mean": 5.21545934677124, "lowlevel.melbands_skewness.stdev": 3.5294687747955322, "lowlevel.melbands_spread.mean": 2.7419159412384033, "lowlevel.melbands_spread.stdev": 6.152604579925537, "lowlevel.pitch_salience.mean": 0.36798545718193054, "lowlevel.pitch_salience.stdev": 0.1570381373167038, "lowlevel.silence_rate_20dB.mean": 1.0, "lowlevel.silence_rate_20dB.stdev": 0.0, "lowlevel.silence_rate_30dB.mean": 0.7567812204360962, "lowlevel.silence_rate_30dB.stdev": 0.42902815341949463, "lowlevel.silence_rate_60dB.mean": 0.0027124774642288685, "lowlevel.silence_rate_60dB.stdev": 0.05201089754700661, "lowlevel.spectral_centroid.mean": 332.87335205078125, "lowlevel.spectral_centroid.stdev": 377.70587158203125, "lowlevel.spectral_complexity.mean": 6.15280294418335, "lowlevel.spectral_complexity.stdev": 3.9813294410705566, "lowlevel.spectral_decrease.mean": -2.0827306101978138e-08, "lowlevel.spectral_decrease.stdev": 1.1182963000067048e-08, "lowlevel.spectral_energy.mean": 0.07984932512044907, "lowlevel.spectral_energy.stdev": 0.042618438601493835, "lowlevel.spectral_energyband_high.mean": 0.0003195907920598984, "lowlevel.spectral_energyband_high.stdev": 0.001138098887167871, "lowlevel.spectral_energyband_low.mean": 0.06420063227415085, "lowlevel.spectral_energyband_low.stdev": 0.04366302117705345, "lowlevel.spectral_energyband_middle_high.mean": 0.0007329875370487571, "lowlevel.spectral_energyband_middle_high.stdev": 0.0023400995414704084, "lowlevel.spectral_energyband_middle_low.mean": 0.017542054876685143, "lowlevel.spectral_energyband_middle_low.stdev": 0.014983921311795712, "lowlevel.spectral_entropy.mean": 5.822099685668945, "lowlevel.spectral_entropy.stdev": 0.9120250940322876, "lowlevel.spectral_flux.mean": 0.059813860803842545, "lowlevel.spectral_flux.stdev": 0.043957263231277466, "lowlevel.spectral_kurtosis.mean": 22.703275680541992, "lowlevel.spectral_kurtosis.stdev": 31.067502975463867, "lowlevel.spectral_rms.mean": 0.008500651456415653, "lowlevel.spectral_rms.stdev": 0.0023750292602926493, "lowlevel.spectral_rolloff.mean": 293.0340576171875, "lowlevel.spectral_rolloff.stdev": 885.0787963867188, "lowlevel.spectral_skewness.mean": 3.302171230316162, "lowlevel.spectral_skewness.stdev": 1.9891244173049927, "lowlevel.spectral_spread.mean": 3723623.75, "lowlevel.spectral_spread.stdev": 2330722.75, "lowlevel.spectral_strongpeak.mean": 1.021201252937317, "lowlevel.spectral_strongpeak.stdev": 0.485744833946228, "lowlevel.zerocrossingrate.mean": 0.01451864093542099, "lowlevel.zerocrossingrate.stdev": 0.02522396482527256, "metadata.audio_properties.analysis.equal_loudness": 0.0, "metadata.audio_properties.analysis.length": 25.64265251159668, "metadata.audio_properties.analysis.sample_rate": 44100.0, "metadata.audio_properties.analysis.start_time": 0.0, "metadata.audio_properties.bit_rate": 111955.0, "metadata.audio_properties.length": 25.64266586303711, "metadata.audio_properties.lossless": 0.0, "metadata.audio_properties.number_channels": 1.0, "metadata.audio_properties.replay_gain": -8.373159408569336, "metadata.audio_properties.sample_rate": 48000.0, "rhythm.beats_count": 43.0, "rhythm.beats_loudness.mean": 0.10177716612815857, "rhythm.beats_loudness.stdev": 0.05178256332874298, "rhythm.bpm": 103.56405639648438, "rhythm.bpm_histogram_first_peak_bpm": 103.0, "rhythm.bpm_histogram_first_peak_weight": 0.5945945978164673, "rhythm.bpm_histogram_second_peak_bpm": 108.0, "rhythm.bpm_histogram_second_peak_spread": 0.0, "rhythm.bpm_histogram_second_peak_weight": 0.095238097012043, "rhythm.danceability": 0.911939799785614, "rhythm.onset_rate": 3.8974123001098633, "tonal.chords_changes_rate": 0.045126352459192276, "tonal.chords_number_rate": 0.018050542101264, "tonal.chords_strength.mean": 0.5318964123725891, "tonal.chords_strength.stdev": 0.10157424956560135, "tonal.hpcp_crest.mean": 13.858601570129395, "tonal.hpcp_crest.stdev": 5.819709777832031, "tonal.hpcp_entropy.mean": 1.9302302598953247, "tonal.hpcp_entropy.stdev": 0.6574982404708862, "tonal.key_edma.strength": 0.5541369915008545, "tonal.key_krumhansl.strength": 0.5487775206565857, "tonal.key_temperley.strength": 0.543463408946991, "tonal.tuning_diatonic_strength": 0.4150976538658142, "tonal.tuning_equal_tempered_deviation": 0.08168540894985199, "tonal.tuning_frequency": 437.7185363769531, "tonal.tuning_nontempered_energy_ratio": 0.7216888666152954, "lowlevel.barkbands.mean": [2.791874430840835e-05, 0.02258341573178768, 0.038665905594825745, 0.008205641061067581, 0.006735821720212698, 0.001892180647701025, 0.0002493404026608914, 0.0003351738560013473, 7.997370266821235e-05, 0.00010780023148981854, 6.352720083668828e-05, 6.33854724583216e-05, 3.430946162552573e-05, 9.098149894271046e-05, 0.00015318136138375849, 7.85784432082437e-05, 7.8896242484916e-05, 4.5084037992637604e-05, 1.9323069864185527e-05, 8.355755562661216e-05, 5.5488144425908104e-05, 4.575596176437102e-05, 3.160943015245721e-05, 3.52694041794166e-05, 7.912595174275339e-05, 8.17957152321469e-06, 8.199388723539869e-09], "lowlevel.barkbands.stdev": [7.439874752890319e-05, 0.023707471787929535, 0.03175676241517067, 0.010551217943429947, 0.008263102732598782, 0.0023747305385768414, 0.0007463660440407693, 0.0015579250175505877, 0.00031156852492131293, 0.000566028174944222, 0.00022005740902386606, 0.0002158543939003721, 0.0001957867352757603, 0.0005146015901118517, 0.0008620274602435529, 0.0004237842804286629, 0.00038691554800607264, 0.00013460872287396342, 7.037329487502575e-05, 0.0005272873095236719, 0.0002316328464075923, 0.00021448926418088377, 0.0002001794782700017, 0.00015126953076105565, 0.00031274830689653754, 5.2771534683415666e-05, 6.503260863155447e-08], "lowlevel.erbbands.mean": [0.1541534960269928, 7.285583972930908, 45.053401947021484, 27.74127197265625, 26.62171173095703, 24.847408294677734, 17.023279190063477, 16.529783248901367, 3.1641368865966797, 8.532736778259277, 3.5290327072143555, 1.9345908164978027, 3.2962300777435303, 2.319390296936035, 3.1140925884246826, 2.491812229156494, 1.6896229982376099, 3.435342311859131, 7.916256904602051, 6.333483695983887, 4.219926357269287, 4.568181037902832, 3.175319194793701, 1.2716354131698608, 1.0887941122055054, 4.024493217468262, 3.306941032409668, 1.7557694911956787, 1.8104389905929565, 1.1255195140838623, 0.8597930669784546, 0.47973352670669556, 0.8903113603591919, 1.1608961820602417, 0.3548078238964081, 0.07896077632904053, 0.0072633870877325535, 0.0003210506110917777, 4.9576297897147015e-05, 8.90441588126123e-05], "lowlevel.erbbands.stdev": [0.17807620763778687, 6.862583160400391, 36.234004974365234, 18.96422576904297, 27.448808670043945, 37.35349655151367, 25.71120262145996, 20.760448455810547, 8.39001750946045, 26.456130981445312, 21.84086799621582, 7.255271911621094, 15.17276668548584, 11.623699188232422, 10.733346939086914, 8.658979415893555, 7.505582332611084, 15.160077095031738, 41.17079544067383, 40.440032958984375, 21.427888870239258, 22.867008209228516, 10.229535102844238, 4.451934337615967, 4.679802894592285, 25.497468948364258, 16.52207374572754, 7.163991451263428, 8.518970489501953, 6.110583305358887, 5.473588466644287, 2.35286808013916, 4.043023586273193, 4.917322158813477, 1.3240090608596802, 0.43105390667915344, 0.03585338592529297, 0.0015466578770428896, 5.734591468353756e-05, 4.648346657631919e-05], "lowlevel.gfcc.mean": [-107.85791015625, 154.1486358642578, -48.067604064941406, 63.3262939453125, -26.501861572265625, 7.285830497741699, -34.6712646484375, -8.255424499511719, -29.58708381652832, -11.152587890625, -6.018253803253174, -14.788119316101074, 5.728761672973633], "lowlevel.melbands.mean": [0.0036490049678832293, 0.017909348011016846, 0.005332804750651121, 0.0016982592642307281, 0.0007880413322709501, 0.00035800793557427824, 4.187434387858957e-05, 9.572296403348446e-05, 2.1986179490340874e-05, 1.1956190974160563e-05, 1.669219091127161e-05, 9.573605893820059e-06, 9.882450285658706e-06, 7.209399882412981e-06, 5.8345772231405135e-06, 3.124187969660852e-06, 6.6095190049964e-06, 1.3002527339267544e-05, 1.0077883416670375e-05, 6.199176823429298e-06, 4.683822680817684e-06, 4.845046078116866e-06, 4.096668362763012e-06, 1.7733918866724707e-06, 9.542059160594363e-07, 5.711019639420556e-07, 1.1649163980109734e-06, 3.192879830749007e-06, 2.4980079160741298e-06, 1.3077088851787266e-06, 8.845225352160924e-07, 1.0749289458544808e-06, 7.952434657454432e-07, 5.835507295159914e-07, 5.199768224883883e-07, 3.707047540046915e-07, 2.5011635784721875e-07, 5.29189605913416e-07, 8.871217005435028e-07, 1.029207282954303e-06], "lowlevel.melbands.stdev": [0.003973471932113171, 0.01345047727227211, 0.003531427588313818, 0.0016540721990168095, 0.0013076859759166837, 0.000452584819868207, 0.00013200622925069183, 0.0003237271448597312, 0.00014451278548222035, 4.329071089159697e-05, 7.978610665304586e-05, 5.428263466455974e-05, 3.4690190659603104e-05, 2.2149986762087792e-05, 2.90106181637384e-05, 1.5850788258831017e-05, 3.0615792638855055e-05, 7.296159310499206e-05, 6.755803769920021e-05, 3.2619311241433024e-05, 2.5785924663068727e-05, 2.677838710951619e-05, 1.534516559331678e-05, 5.2689902076963335e-06, 3.949111487600021e-06, 2.185176981583936e-06, 6.414898507500766e-06, 2.0962175767635927e-05, 1.3877011042495724e-05, 5.55066617380362e-06, 3.771300271182554e-06, 5.126394171384163e-06, 4.010903467133176e-06, 3.534450797815225e-06, 3.5245850540377432e-06, 2.182422576879617e-06, 1.162797843790031e-06, 2.505695647414541e-06, 4.126337444176897e-06, 4.276570962247206e-06], "lowlevel.melbands128.mean": [1.6116480765049346e-05, 0.00012944670743308961, 0.002752938074991107, 0.014622234739363194, 0.026053519919514656, 0.015304858796298504, 0.0046768710017204285, 0.00477778073400259, 0.002394796349108219, 0.001169530674815178, 0.0015009230701252818, 0.0011817628983408213, 0.00029887212440371513, 0.0007416789885610342, 0.0005157118430361152, 5.8849476772593334e-05, 2.7810932806460187e-05, 4.137360519962385e-05, 4.782743417308666e-05, 0.00012012245133519173, 0.00011765005911001936, 3.065788769163191e-05, 8.730155968805775e-06, 1.0809241757669952e-05, 1.2826727470383048e-05, 1.042412895913003e-05, 1.4825601283519063e-05, 2.0082834453205578e-05, 1.5148663806030527e-05, 1.379555669700494e-05, 4.903906301478855e-06, 6.342535471048905e-06, 1.1705005817930214e-05, 1.1957889000768773e-05, 7.5326643127482384e-06, 5.573071575781796e-06, 6.588508313143393e-06, 7.591020221298095e-06, 4.161271135671996e-06, 2.275932502016076e-06, 2.6458621960046003e-06, 4.641942723537795e-06, 5.862723810423631e-06, 7.17195098332013e-06, 1.1092834029113874e-05, 1.7572008800925687e-05, 1.0968331480398774e-05, 8.659004379296675e-06, 1.1454078958195169e-05, 7.981647286214866e-06, 4.982628979632864e-06, 5.075742137705674e-06, 4.283491307432996e-06, 5.4369170356949326e-06, 3.442205297687906e-06, 6.1730947891192045e-06, 3.6386506963026477e-06, 5.371740826376481e-06, 3.593612973418203e-06, 3.279239763287478e-06, 1.3846236015524482e-06, 8.977660286291211e-07, 1.42060696362023e-06, 8.240403985837474e-07, 5.058575993643899e-07, 5.665464755111316e-07, 5.268084919407556e-07, 8.04215687821852e-07, 1.0583119092189008e-06, 2.0053848857060075e-06, 2.888586323024356e-06, 4.54395376436878e-06, 3.194425062247319e-06, 2.18266791307542e-06, 1.4111000155025977e-06, 1.3934881053501158e-06, 1.3133818583810353e-06, 8.609509336565679e-07, 7.960559287312208e-07, 8.599052421232045e-07, 1.118002501243609e-06, 1.168149310615263e-06, 1.0355872746004025e-06, 7.475614438590128e-07, 6.282161848503165e-07, 5.121800654706021e-07, 6.0023819514754e-07, 6.350332455440366e-07, 4.7480858711423934e-07, 5.026984695177816e-07, 4.4490334971669654e-07, 3.447533742928499e-07, 2.1141781303413154e-07, 2.414844288978202e-07, 2.3745126043195341e-07, 3.9495867554251163e-07, 6.142748247839336e-07, 7.08470679455786e-07, 7.167925559770083e-07, 1.1281416618658113e-06, 1.163836373052618e-06, 1.104488319469965e-06, 7.244864264066564e-07, 5.531340434572485e-07, 2.5670053105386614e-07, 2.808738202020322e-07, 2.799463061364804e-07, 1.8514073474307224e-07, 1.2318612618855695e-07, 6.186573386912642e-08, 2.9999572603855995e-08, 2.2561076562510607e-08, 1.681238792627937e-08, 9.244444321154788e-09, 3.395795200589191e-09, 4.875631565148808e-10, 2.098028556440923e-10, 3.8777793476274525e-11, 2.07198321000579e-11, 1.5744058834421537e-11, 1.20701643124832e-11, 1.0747706544189661e-11, 1.0414058504437662e-11, 1.0231994071463468e-11, 1.002724726167914e-11, 9.782630434884698e-12, 9.635666396723419e-12, 9.574881686125192e-12], "lowlevel.melbands128.stdev": [4.4416996388463303e-05, 0.0002716164744924754, 0.004598455037921667, 0.015296319499611855, 0.02169136144220829, 0.012296031229197979, 0.003796442411839962, 0.006015507970005274, 0.002962252590805292, 0.001917287241667509, 0.002604118548333645, 0.0028749725315719843, 0.0006284502451308072, 0.0009721418027766049, 0.0006922368193045259, 0.00014264196215663105, 0.00010965942783514038, 0.000219750712858513, 0.00017282836779486388, 0.0003936729917768389, 0.0005132955848239362, 0.0003463129687588662, 7.379627641057596e-05, 9.147274977294728e-05, 6.209084676811472e-05, 4.758512295666151e-05, 6.376755482051522e-05, 0.00010920296335825697, 0.00014066619041841477, 0.00010071631550090387, 2.707011481106747e-05, 2.497853165550623e-05, 5.004610284231603e-05, 5.6086748372763395e-05, 2.8595859475899488e-05, 2.31190806516679e-05, 2.843072979885619e-05, 5.1604460168164223e-05, 2.445719474053476e-05, 1.1598957826208789e-05, 1.811934453144204e-05, 3.254921466577798e-05, 3.099543391726911e-05, 4.0224651456810534e-05, 8.408335997955874e-05, 0.0001189252725453116, 5.306840830598958e-05, 5.869897358934395e-05, 0.00012854061787948012, 4.811769395018928e-05, 3.1366897019324824e-05, 2.92168915621005e-05, 2.3557367967441678e-05, 4.09125532314647e-05, 1.877390968729742e-05, 4.6041041059652343e-05, 2.0170329662505537e-05, 2.5803192329476587e-05, 1.2748213521263096e-05, 1.2391439668135718e-05, 4.718260697700316e-06, 3.035606823686976e-06, 8.098188118310645e-06, 3.555529019649839e-06, 2.231098733318504e-06, 2.393191834926256e-06, 2.540646164561622e-06, 3.1279428185371216e-06, 6.959664915484609e-06, 1.2178157703601755e-05, 2.2328171326080337e-05, 3.195761746610515e-05, 2.2430276658269577e-05, 1.0390859642939176e-05, 6.385021606547525e-06, 7.302223366423277e-06, 5.751220214733621e-06, 3.931301762349904e-06, 3.815993750322377e-06, 4.153182999289129e-06, 5.747773684561253e-06, 5.997746939101489e-06, 6.0887628023920115e-06, 3.970931629737606e-06, 3.3484852792753372e-06, 3.1509355267189676e-06, 4.0883587644202635e-06, 4.86875342176063e-06, 3.370198555785464e-06, 3.3541355151101016e-06, 2.7297658107272582e-06, 2.4523378669982776e-06, 1.1528732102306094e-06, 1.4322832839752664e-06, 1.040099277815898e-06, 1.8572209228295833e-06, 3.252284614063683e-06, 3.57480507773289e-06, 3.345855475345161e-06, 5.902194516238524e-06, 5.14070507051656e-06, 4.6253994696598966e-06, 2.984077582368627e-06, 2.2901917873241473e-06, 1.136416017288866e-06, 1.2987701438760269e-06, 1.6549531665077666e-06, 1.3124612223691656e-06, 7.821477083780337e-07, 3.538685007242748e-07, 1.6830796312206076e-07, 1.661312154510597e-07, 8.220779079692875e-08, 5.5595659631535455e-08, 2.802816467806224e-08, 4.461488511964262e-09, 2.227155126988123e-09, 5.171241213020039e-10, 2.1000180761010512e-10, 1.4227638511776775e-10, 3.9947302410414665e-11, 1.651594833118608e-11, 1.6021715204539433e-11, 1.575096129913245e-11, 1.552467703003213e-11, 1.534311913631292e-11, 1.521138597027072e-11, 1.5129860905793713e-11], "lowlevel.mfcc.mean": [-772.3753051757812, 176.05841064453125, 49.12651824951172, 62.62359619140625, 36.30815124511719, 19.29795265197754, 19.04473114013672, -3.4175026416778564, 2.5850815773010254, -9.462677955627441, -14.052874565124512, -1.3930001258850098, 0.4457339644432068], "lowlevel.spectral_contrast_coeffs.mean": [-0.588394820690155, -0.6864665150642395, -0.7897031903266907, -0.8143050074577332, -0.8026293516159058, -0.7788713574409485], "lowlevel.spectral_contrast_coeffs.stdev": [0.07916578650474548, 0.07073064148426056, 0.06354321539402008, 0.05023003742098808, 0.05620022118091583, 0.05120432749390602], "lowlevel.spectral_contrast_valleys.mean": [-6.283891677856445, -8.289308547973633, -8.95123291015625, -9.225250244140625, -9.159621238708496, -12.003829956054688], "lowlevel.spectral_contrast_valleys.stdev": [0.7273605465888977, 0.8087926506996155, 0.8595681190490723, 0.9441438913345337, 0.950856626033783, 1.4754557609558105], "rhythm.beats_loudness_band_ratio.mean": [0.8664359450340271, 0.11457280069589615, 0.017940327525138855, 0.007418664172291756, 0.008801236748695374, 0.0020183674059808254], "rhythm.beats_loudness_band_ratio.stdev": [0.1895749866962433, 0.14506776630878448, 0.046844106167554855, 0.017921578139066696, 0.02242385409772396, 0.004454310983419418], "tonal.hpcp.mean": [0.33829453587532043, 0.16725052893161774, 0.04089229926466942, 0.158125638961792, 0.1380888819694519, 0.030732344835996628, 0.0497715063393116, 0.03368080034852028, 0.0367291159927845, 0.07231385260820389, 0.04078352823853493, 0.002230861224234104, 0.001578551484271884, 0.0010200367541983724, 0.0010205795988440514, 0.0011718469904735684, 0.0015443330630660057, 0.002377816243097186, 0.002383170649409294, 0.005006958730518818, 0.07102271914482117, 0.23176367580890656, 0.1914971023797989, 0.11227909475564957, 0.1699763536453247, 0.10537451505661011, 0.03604963794350624, 0.018987618386745453, 0.009904764592647552, 0.08378142863512039, 0.17754408717155457, 0.10432719439268112, 0.009606770239770412, 0.01564207673072815, 0.03629423305392265, 0.2069166898727417], "tonal.hpcp.stdev": [0.44943007826805115, 0.2489335983991623, 0.13514181971549988, 0.34607070684432983, 0.3102748990058899, 0.0928971990942955, 0.14264486730098724, 0.10800065100193024, 0.11995331943035126, 0.21399952471256256, 0.12299587577581406, 0.025396600365638733, 0.014883424155414104, 0.0065757944248616695, 0.00430930545553565, 0.004556682892143726, 0.010961784981191158, 0.02002144604921341, 0.02533240243792534, 0.050249531865119934, 0.1481463760137558, 0.3782320022583008, 0.3079427182674408, 0.20517104864120483, 0.2972802519798279, 0.211443230509758, 0.1398891806602478, 0.10379595309495926, 0.07399886846542358, 0.18954692780971527, 0.3745483458042145, 0.22614653408527374, 0.07592074573040009, 0.10327954590320587, 0.15321244299411774, 0.29793229699134827], "rhythm.beats_position": [0.5572788715362549, 1.1377778053283691, 1.7182766199111938, 2.2987754344940186, 2.879274368286133, 3.459773063659668, 4.028662204742432, 4.597550868988037, 5.166440010070801, 5.723718643188477, 6.315827369689941, 6.919546127319336, 7.511655330657959, 8.115373611450195, 8.707483291625977, 9.311202049255371, 9.938140869140625, 10.51863956451416, 11.110748291015625, 11.69124698638916, 12.260135650634766, 12.817414283752441, 13.374693870544434, 13.943582534790039, 14.524081230163574, 15.10457992553711, 15.673469543457031, 16.24235725402832, 16.811246871948242, 17.391746520996094, 17.983854293823242, 18.575963973999023, 19.1796817779541, 19.783401489257812, 20.36389923095703, 20.944398880004883, 21.5248966217041, 22.105396270751953, 22.674285888671875, 23.231563568115234, 23.812063217163086, 24.380952835083008, 24.949840545654297], "rhythm.bpm_histogram": [0.0, 0.0, 0.0, 0.0, 0.0, 0.0, 0.0, 0.0, 0.0, 0.0, 0.0, 0.0, 0.0, 0.0, 0.0, 0.0, 0.0, 0.0, 0.0, 0.0, 0.0, 0.0, 0.0, 0.0, 0.0, 0.0, 0.0, 0.0, 0.0, 0.0, 0.0, 0.0, 0.0, 0.0, 0.0, 0.0, 0.0, 0.0, 0.0, 0.0, 0.0, 0.0, 0.0, 0.0, 0.0, 0.0, 0.0, 0.0, 0.0, 0.0, 0.0, 0.0, 0.0, 0.0, 0.0, 0.0, 0.0, 0.0, 0.0, 0.0, 0.0, 0.0, 0.0, 0.0, 0.0, 0.0, 0.0, 0.0, 0.0, 0.0, 0.0, 0.0, 0.0, 0.0, 0.0, 0.0, 0.0, 0.0, 0.0, 0.0, 0.0, 0.0, 0.0, 0.0, 0.0, 0.0, 0.0, 0.0, 0.0, 0.0, 0.0, 0.0, 0.0, 0.0, 0.0, 0.0, 0.02380952425301075, 0.0, 0.0, 0.1190476194024086, 0.0, 0.1428571492433548, 0.0, 0.3571428656578064, 0.0, 0.261904776096344, 0.0, 0.0, 0.095238097012043, 0.0, 0.0, 0.0, 0.0, 0.0, 0.0, 0.0, 0.0, 0.0, 0.0, 0.0, 0.0, 0.0, 0.0, 0.0, 0.0, 0.0, 0.0, 0.0, 0.0, 0.0, 0.0, 0.0, 0.0, 0.0, 0.0, 0.0, 0.0, 0.0, 0.0, 0.0, 0.0, 0.0, 0.0, 0.0, 0.0, 0.0, 0.0, 0.0, 0.0, 0.0, 0.0, 0.0, 0.0, 0.0, 0.0, 0.0, 0.0, 0.0, 0.0, 0.0, 0.0, 0.0, 0.0, 0.0, 0.0, 0.0, 0.0, 0.0, 0.0, 0.0, 0.0, 0.0, 0.0, 0.0, 0.0, 0.0, 0.0, 0.0, 0.0, 0.0, 0.0, 0.0, 0.0, 0.0, 0.0, 0.0, 0.0, 0.0, 0.0, 0.0, 0.0, 0.0, 0.0, 0.0, 0.0, 0.0, 0.0, 0.0, 0.0, 0.0, 0.0, 0.0, 0.0, 0.0, 0.0, 0.0, 0.0, 0.0, 0.0, 0.0, 0.0, 0.0, 0.0, 0.0, 0.0, 0.0, 0.0, 0.0, 0.0, 0.0, 0.0, 0.0, 0.0, 0.0, 0.0, 0.0, 0.0, 0.0, 0.0, 0.0, 0.0, 0.0, 0.0, 0.0, 0.0, 0.0, 0.0, 0.0, 0.0, 0.0, 0.0, 0.0, 0.0, 0.0, 0.0, 0.0, 0.0, 0.0, 0.0, 0.0], "tonal.chords_histogram": [0.0, 32.851985931396484, 4.15162467956543, 2.8880865573883057, 6.6787004470825195, 11.7328519821167, 0.0, 0.0, 0.0, 20.397111892700195, 0.3610108196735382, 3.068592071533203, 0.0, 0.0, 0.0, 0.0, 3.068592071533203, 0.0, 0.0, 0.0, 0.0, 1.6245487928390503, 0.0, 13.176895141601562], "tonal.thpcp": [1.0, 0.4943932294845581, 0.12087780237197876, 0.4674200117588043, 0.4081912934780121, 0.09084493666887283, 0.1471247673034668, 0.09956058114767075, 0.10857141017913818, 0.21376003324985504, 0.12055627256631851, 0.006594434846192598, 0.004666204564273357, 0.003015232738107443, 0.0030168374069035053, 0.003463984467089176, 0.004565054550766945, 0.00702883442863822, 0.007044661790132523, 0.014800590462982655, 0.20994344353675842, 0.6850943565368652, 0.5660662055015564, 0.33189746737480164, 0.5024507641792297, 0.31148749589920044, 0.10656287521123886, 0.05612747743725777, 0.029278524219989777, 0.24765823781490326, 0.5248210430145264, 0.30839160084724426, 0.02839765138924122, 0.046238042414188385, 0.10728589445352554, 0.6116465330123901], "lowlevel.gfcc.cov": [[6407.767578125, -2338.301513671875, -990.07373046875, 334.84344482421875, -1046.3468017578125, 892.9423828125, -872.7731323242188, 823.0331420898438, -295.58905029296875, 367.50885009765625, -423.1105651855469, -136.17897033691406, -143.82662963867188], [-2338.301513671875, 2517.5478515625, -55.494903564453125, -625.21875, 593.3999633789062, -826.2132568359375, 595.1671142578125, -456.33306884765625, 320.3549499511719, -349.4229431152344, 369.4382629394531, -48.80364227294922, 110.39205169677734], [-990.07373046875, -55.494903564453125, 867.9942016601562, 45.8187141418457, 183.83302307128906, 106.89862060546875, 41.82655715942383, 5.361650466918945, -56.143733978271484, 29.601293563842773, 42.111785888671875, 99.3534164428711, 14.662501335144043], [334.84344482421875, -625.21875, 45.8187141418457, 638.7089233398438, -189.29954528808594, 17.804279327392578, -9.288797378540039, -102.51730346679688, -43.08888626098633, 18.812488555908203, -11.131383895874023, 80.72486114501953, 20.294185638427734], [-1046.3468017578125, 593.3999633789062, 183.83302307128906, -189.29954528808594, 603.017578125, -122.32086944580078, 87.82786560058594, -54.75242233276367, 90.18730926513672, -43.86882400512695, 41.57830047607422, 49.87387466430664, 42.50376892089844], [892.9423828125, -826.2132568359375, 106.89862060546875, 17.804279327392578, -122.32086944580078, 567.6715698242188, -213.7945556640625, 194.1247100830078, -125.48444366455078, 140.9932861328125, -122.78734588623047, -29.07455062866211, -29.94015121459961], [-872.7731323242188, 595.1671142578125, 41.82655715942383, -9.288797378540039, 87.82786560058594, -213.7945556640625, 406.8056335449219, -217.20901489257812, 87.21868133544922, -90.56177520751953, 93.45599365234375, -8.355552673339844, 20.842487335205078], [823.0331420898438, -456.33306884765625, 5.361650466918945, -102.51730346679688, -54.75242233276367, 194.1247100830078, -217.20901489257812, 412.3532409667969, -27.376785278320312, 72.46391296386719, -84.28865814208984, -30.069698333740234, -30.826215744018555], [-295.58905029296875, 320.3549499511719, -56.143733978271484, -43.08888626098633, 90.18730926513672, -125.48444366455078, 87.21868133544922, -27.376785278320312, 174.7469482421875, -51.56846618652344, 29.0546875, 8.679526329040527, -1.1727479696273804], [367.50885009765625, -349.4229431152344, 29.601293563842773, 18.812488555908203, -43.86882400512695, 140.9932861328125, -90.56177520751953, 72.46391296386719, -51.56846618652344, 151.4712677001953, -58.626041412353516, -8.22245979309082, -18.459606170654297], [-423.1105651855469, 369.4382629394531, 42.111785888671875, -11.131383895874023, 41.57830047607422, -122.78734588623047, 93.45599365234375, -84.28865814208984, 29.0546875, -58.626041412353516, 164.85537719726562, 14.018598556518555, 24.796531677246094], [-136.17897033691406, -48.80364227294922, 99.3534164428711, 80.72486114501953, 49.87387466430664, -29.07455062866211, -8.355552673339844, -30.069698333740234, 8.679526329040527, -8.22245979309082, 14.018598556518555, 129.2491912841797, -2.717787742614746], [-143.82662963867188, 110.39205169677734, 14.662501335144043, 20.294185638427734, 42.50376892089844, -29.94015121459961, 20.842487335205078, -30.826215744018555, -1.1727479696273804, -18.459606170654297, 24.796531677246094, -2.717787742614746, 76.17422485351562]], "lowlevel.gfcc.icov": [[0.0009273937903344631, -0.0022485118824988604, 0.0010935970349237323, -0.002328339498490095, 0.0014571212232112885, -0.002074865624308586, 0.001194329233840108, -0.002250166144222021, 0.0014542476274073124, -0.0017441848758608103, 0.0022568306885659695, -0.0011580786667764187, 0.0013771894155070186], [-0.0022485118824988604, 0.013990488834679127, -0.002863476984202862, 0.012918040156364441, -0.006162186618894339, 0.010476168245077133, -0.005573702976107597, 0.009665586985647678, -0.007768566254526377, 0.008936462923884392, -0.012821503914892673, 0.005982337985187769, -0.007985271513462067], [0.0010935970349237323, -0.002863476984202862, 0.0028749648481607437, -0.003060203045606613, 0.0012236370239406824, -0.003068060614168644, 0.0009133363491855562, -0.003067413344979286, 0.0025521847419440746, -0.0024038024712353945, 0.002257728483527899, -0.002577470149844885, 0.0017264930065721273], [-0.002328339498490095, 0.012918040156364441, -0.003060203045606613, 0.01425198931246996, -0.004956151824444532, 0.009829149581491947, -0.0052114431746304035, 0.009896932169795036, -0.007279565557837486, 0.008094619028270245, -0.011493969708681107, 0.004035842139273882, -0.008530143648386002], [0.0014571212232112885, -0.006162186618894339, 0.0012236370239406824, -0.004956151824444532, 0.005620751995593309, -0.004675606265664101, 0.0027047963812947273, -0.004538340959697962, 0.0025155895855277777, -0.004311046563088894, 0.006185655016452074, -0.003809141693636775, 0.002060242462903261], [-0.002074865624308586, 0.010476168245077133, -0.003068060614168644, 0.009829149581491947, -0.004675606265664101, 0.011256267316639423, -0.003769485978409648, 0.00717032328248024, -0.004987350665032864, 0.005572033580392599, -0.008692217990756035, 0.005258546676486731, -0.0058709364384412766], [0.001194329233840108, -0.005573702976107597, 0.0009133363491855562, -0.0052114431746304035, 0.0027047963812947273, -0.003769485978409648, 0.006831057835370302, -0.002354214433580637, 0.0017837517661973834, -0.0030369136948138475, 0.004571313504129648, -0.0010263788281008601, 0.0034993162844330072], [-0.002250166144222021, 0.009665586985647678, -0.003067413344979286, 0.009896932169795036, -0.004538340959697962, 0.00717032328248024, -0.002354214433580637, 0.011592229828238487, -0.006608849391341209, 0.006287474650889635, -0.008472034707665443, 0.0050165094435215, -0.0052576567977666855], [0.0014542476274073124, -0.007768566254526377, 0.0025521847419440746, -0.007279565557837486, 0.0025155895855277777, -0.004987350665032864, 0.0017837517661973834, -0.006608849391341209, 0.01253439113497734, -0.00394233176484704, 0.007138020824640989, -0.004078240599483252, 0.005694250110536814], [-0.0017441848758608103, 0.008936462923884392, -0.0024038024712353945, 0.008094619028270245, -0.004311046563088894, 0.005572033580392599, -0.0030369136948138475, 0.006287474650889635, -0.00394233176484704, 0.015456457622349262, -0.006762157194316387, 0.004411174450069666, -0.003923374693840742], [0.0022568306885659695, -0.012821503914892673, 0.002257728483527899, -0.011493969708681107, 0.006185655016452074, -0.008692217990756035, 0.004571313504129648, -0.008472034707665443, 0.007138020824640989, -0.006762157194316387, 0.020292673259973526, -0.006031240336596966, 0.005572853144258261], [-0.0011580786667764187, 0.005982337985187769, -0.002577470149844885, 0.004035842139273882, -0.003809141693636775, 0.005258546676486731, -0.0010263788281008601, 0.0050165094435215, -0.004078240599483252, 0.004411174450069666, -0.006031240336596966, 0.013167102821171284, -0.001492830691859126], [0.0013771894155070186, -0.007985271513462067, 0.0017264930065721273, -0.008530143648386002, 0.002060242462903261, -0.0058709364384412766, 0.0034993162844330072, -0.0052576567977666855, 0.005694250110536814, -0.003923374693840742, 0.005572853144258261, -0.001492830691859126, 0.019967922940850258]], "lowlevel.mfcc.cov": [[6651.404296875, -2934.263916015625, -214.8192596435547, -863.175537109375, -91.46904754638672, -349.9045715332031, -206.93545532226562, -204.38975524902344, 285.2645568847656, 150.23060607910156, 211.50286865234375, 22.300811767578125, -303.2984313964844], [-2934.263916015625, 2995.112548828125, -547.087158203125, 187.68240356445312, -44.596527099609375, -155.27748107910156, 50.163578033447266, 118.36335754394531, -153.5964813232422, 82.7764892578125, -81.69188690185547, 34.872318267822266, 84.35950469970703], [-214.8192596435547, -547.087158203125, 734.7130737304688, 4.454237461090088, 26.356712341308594, 114.9443588256836, 101.91060638427734, 14.97605037689209, 4.014279842376709, -85.95770263671875, 10.500283241271973, 44.38389587402344, 23.167551040649414], [-863.175537109375, 187.68240356445312, 4.454237461090088, 711.0970458984375, -157.58651733398438, 112.59161376953125, -76.0033187866211, 68.78643798828125, -141.64625549316406, -54.484703063964844, -77.98789978027344, -89.18826293945312, 131.8234405517578], [-91.46904754638672, -44.596527099609375, 26.356712341308594, -157.58651733398438, 499.171142578125, -61.27178192138672, 43.31336975097656, 1.037416696548462, 120.1158218383789, -80.13450622558594, 12.337791442871094, 111.61558532714844, 14.447372436523438], [-349.9045715332031, -155.27748107910156, 114.9443588256836, 112.59161376953125, -61.27178192138672, 397.5789489746094, 24.038074493408203, -0.7992876768112183, -58.429954528808594, -9.12354564666748, -29.972274780273438, -81.18257141113281, 25.66670799255371], [-206.93545532226562, 50.163578033447266, 101.91060638427734, -76.0033187866211, 43.31336975097656, 24.038074493408203, 216.6966552734375, -26.269439697265625, 30.355634689331055, -15.285924911499023, 0.7878211140632629, 31.49781608581543, -9.428226470947266], [-204.38975524902344, 118.36335754394531, 14.97605037689209, 68.78643798828125, 1.037416696548462, -0.7992876768112183, -26.269439697265625, 174.71380615234375, -11.298917770385742, 4.738022327423096, 2.878002166748047, 11.677072525024414, 9.034072875976562], [285.2645568847656, -153.5964813232422, 4.014279842376709, -141.64625549316406, 120.1158218383789, -58.429954528808594, 30.355634689331055, -11.298917770385742, 194.3121337890625, 23.517498016357422, 33.288108825683594, 49.022071838378906, -24.270967483520508], [150.23060607910156, 82.7764892578125, -85.95770263671875, -54.484703063964844, -80.13450622558594, -9.12354564666748, -15.285924911499023, 4.738022327423096, 23.517498016357422, 142.15098571777344, 15.40404987335205, -23.647056579589844, -30.725427627563477], [211.50286865234375, -81.69188690185547, 10.500283241271973, -77.98789978027344, 12.337791442871094, -29.972274780273438, 0.7878211140632629, 2.878002166748047, 33.288108825683594, 15.40404987335205, 108.0415267944336, 42.66900634765625, -13.925960540771484], [22.300811767578125, 34.872318267822266, 44.38389587402344, -89.18826293945312, 111.61558532714844, -81.18257141113281, 31.49781608581543, 11.677072525024414, 49.022071838378906, -23.647056579589844, 42.66900634765625, 137.8499298095703, 0.2747192680835724], [-303.2984313964844, 84.35950469970703, 23.167551040649414, 131.8234405517578, 14.447372436523438, 25.66670799255371, -9.428226470947266, 9.034072875976562, -24.270967483520508, -30.725427627563477, -13.925960540771484, 0.2747192680835724, 100.44169616699219]], "lowlevel.mfcc.icov": [[0.0005522941937670112, 0.0006246017292141914, 0.0004898338811472058, 0.0004154902999289334, 0.0002852057514246553, 0.0004379422462079674, 0.00021509129146579653, 5.908280945732258e-05, 3.102977279922925e-05, -0.00024382902483921498, -0.00014406497939489782, -0.00017220248992089182, 0.0002601992164272815], [0.0006246017292141914, 0.0012081445893272758, 0.0009575937292538583, 0.00044090181472711265, 0.00030750184669159353, 0.0006454294780269265, -0.00018686149269342422, -0.0002727107785176486, 0.0005300703342072666, -0.0006599525804631412, 0.00021417567040771246, -0.0006004708120599389, -0.00017278894665651023], [0.0004898338811472058, 0.0009575937292538583, 0.002453155117109418, 0.0004248331533744931, 0.0005175350233912468, -5.034882269683294e-05, -0.0007694463711231947, -0.00048438218072988093, 0.00021687871776521206, 0.0005078463582322001, 1.7478909285273403e-05, -0.001063091796822846, -0.00032569176983088255], [0.0004154902999289334, 0.00044090181472711265, 0.0004248331533744931, 0.0028964760713279247, 0.0008803706150501966, 0.00012088155199307948, 0.000597276957705617, -0.0007998261135071516, 0.0005282851052470505, 0.0006256072083488107, 0.0007102863164618611, 0.0005529422196559608, -0.0026286260690540075], [0.0002852057514246553, 0.00030750184669159353, 0.0005175350233912468, 0.0008803706150501966, 0.0034441323950886726, 3.04936220345553e-05, 0.00013234815560281277, -0.0002729817642830312, -0.0017066685250028968, 0.0018493045354261994, 0.0007418328314088285, -0.0018025166355073452, -0.0008769768755882978], [0.0004379422462079674, 0.0006454294780269265, -5.034882269683294e-05, 0.00012088155199307948, 3.04936220345553e-05, 0.003639569040387869, -0.0004943394451402128, -6.871157529531047e-05, 0.0006904960027895868, -0.0004916684702038765, -0.00017347850371152163, 0.001822301303036511, -0.0003539364552125335], [0.00021509129146579653, -0.00018686149269342422, -0.0007694463711231947, 0.000597276957705617, 0.00013234815560281277, -0.0004943394451402128, 0.005908514838665724, 0.001043318654410541, -0.0008960820268839598, 0.00039690639823675156, 0.0004010268021374941, -0.0009289100999012589, 0.0007311214576475322], [5.908280945732258e-05, -0.0002727107785176486, -0.00048438218072988093, -0.0007998261135071516, -0.0002729817642830312, -6.871157529531047e-05, 0.001043318654410541, 0.0065308609046041965, -1.999684354814235e-05, -0.0006734952912665904, -0.00046016561100259423, -0.0008808497223071754, 0.0008640041924081743], [3.102977279922925e-05, 0.0005300703342072666, 0.00021687871776521206, 0.0005282851052470505, -0.0017066685250028968, 0.0006904960027895868, -0.0008960820268839598, -1.999684354814235e-05, 0.007932253181934357, -0.002418078947812319, -0.0006497085560113192, -0.0009067038190551102, -1.867331775429193e-05], [-0.00024382902483921498, -0.0006599525804631412, 0.0005078463582322001, 0.0006256072083488107, 0.0018493045354261994, -0.0004916684702038765, 0.00039690639823675156, -0.0006734952912665904, -0.002418078947812319, 0.010368028655648232, -0.0011640592711046338, 0.0016233667265623808, 0.001258739037439227], [-0.00014406497939489782, 0.00021417567040771246, 1.7478909285273403e-05, 0.0007102863164618611, 0.0007418328314088285, -0.00017347850371152163, 0.0004010268021374941, -0.00046016561100259423, -0.0006497085560113192, -0.0011640592711046338, 0.011989286169409752, -0.004011382814496756, -0.0003743214183486998], [-0.00017220248992089182, -0.0006004708120599389, -0.001063091796822846, 0.0005529422196559608, -0.0018025166355073452, 0.001822301303036511, -0.0009289100999012589, -0.0008808497223071754, -0.0009067038190551102, 0.0016233667265623808, -0.004011382814496756, 0.012798207812011242, -0.0010241982527077198], [0.0002601992164272815, -0.00017278894665651023, -0.00032569176983088255, -0.0026286260690540075, -0.0008769768755882978, -0.0003539364552125335, 0.0007311214576475322, 0.0008640041924081743, -1.867331775429193e-05, 0.001258739037439227, -0.0003743214183486998, -0.0010241982527077198, 0.014950834214687347]], "metadata.audio_properties.analysis.downmix": "mix", "metadata.audio_properties.codec": "mp3", "metadata.audio_properties.md5_encoded": "a1045e93aa819addc3e6f366a3eed48d", "metadata.tags.file_name": "1183707990998655046.mp3", "metadata.version.essentia": "2.1-beta6-dev", "metadata.version.essentia_git_sha": "v2.1_beta5-1110-g77a6a954", "metadata.version.extractor": "music 2.0", "tonal.chords_key": "F", "tonal.chords_scale": "major", "tonal.key_edma.key": "D", "tonal.key_edma.scale": "minor", "tonal.key_krumhansl.key": "D", "tonal.key_krumhansl.scale": "minor", "tonal.key_temperley.key": "D", "tonal.key_temperley.scale": "minor", "metadata.tags.encoding": ["Lavf58.45.100"]}, "essentia_models": [{"model_name": "genre_dortmund", "activations": {"alternative": "0.20282283", "blues": "0.0076450673", "electronic": "0.021867035", "folkcountry": "0.46054906", "funksoulrnb": "0.010388574", "jazz": "0.048666194", "pop": "0.1071613", "raphiphop": "0.019151628", "rock": "0.1218732"}}, {"model_name": "genre_rosamerica", "activations": {"classic": "0.031449687", "dance": "0.006397283", "hip hop": "0.00462978