{"song_id": "1183659928553001050", "download": "https://cdn.discordapp.com/attachments/1135903449314238464/1183659928553001050/chirp.mp4?ex=65892436&amp", "lyrics": "haydi \u015fimdi de s\u00f6yle\nseviyorum de \nne de olsa yan\u0131 ba\u015f\u0131nda\n\u015fak\u015fak\u00e7\u0131lar hep haz\u0131rd\u0131r orda\nge\u00e7mi\u015fe d\u00f6n\u00fcp bakt\u0131m bir anda\nsenin hi\u00e7 su\u00e7un yok asl\u0131nda\ntek mal benim burda", "style": ["pop</span><span>, house music"], "essentia_features": {"lowlevel.average_loudness": 0.9777135848999023, "lowlevel.barkbands_crest.mean": 15.081032752990723, "lowlevel.barkbands_crest.stdev": 7.525201320648193, "lowlevel.barkbands_flatness_db.mean": 0.19630974531173706, "lowlevel.barkbands_flatness_db.stdev": 0.11087068170309067, "lowlevel.barkbands_kurtosis.mean": 49.45885467529297, "lowlevel.barkbands_kurtosis.stdev": 85.90159606933594, "lowlevel.barkbands_skewness.mean": 4.323514938354492, "lowlevel.barkbands_skewness.stdev": 4.285460948944092, "lowlevel.barkbands_spread.mean": 24.413808822631836, "lowlevel.barkbands_spread.stdev": 25.227325439453125, "lowlevel.dissonance.mean": 0.46991539001464844, "lowlevel.dissonance.stdev": 0.026552824303507805, "lowlevel.dynamic_complexity": 3.3203911781311035, "lowlevel.erbbands_crest.mean": 7.415377140045166, "lowlevel.erbbands_crest.stdev": 3.1427948474884033, "lowlevel.erbbands_flatness_db.mean": 0.12339738011360168, "lowlevel.erbbands_flatness_db.stdev": 0.04200617969036102, "lowlevel.erbbands_kurtosis.mean": 0.4601372480392456, "lowlevel.erbbands_kurtosis.stdev": 2.0588607788085938, "lowlevel.erbbands_skewness.mean": 0.28732678294181824, "lowlevel.erbbands_skewness.stdev": 1.0126267671585083, "lowlevel.erbbands_spread.mean": 62.25364303588867, "lowlevel.erbbands_spread.stdev": 29.520288467407227, "lowlevel.hfc.mean": 24.546297073364258, "lowlevel.hfc.stdev": 30.17112922668457, "lowlevel.loudness_ebu128.integrated": -14.42027473449707, "lowlevel.loudness_ebu128.loudness_range": 2.9886207580566406, "lowlevel.loudness_ebu128.momentary.mean": -14.792682647705078, "lowlevel.loudness_ebu128.momentary.stdev": 2.00048828125, "lowlevel.loudness_ebu128.short_term.mean": -14.453415870666504, "lowlevel.loudness_ebu128.short_term.stdev": 1.0882933139801025, "lowlevel.melbands_crest.mean": 21.98908233642578, "lowlevel.melbands_crest.stdev": 9.766181945800781, "lowlevel.melbands_flatness_db.mean": 0.2670268714427948, "lowlevel.melbands_flatness_db.stdev": 0.14516934752464294, "lowlevel.melbands_kurtosis.mean": 116.12300872802734, "lowlevel.melbands_kurtosis.stdev": 186.63877868652344, "lowlevel.melbands_skewness.mean": 6.761260032653809, "lowlevel.melbands_skewness.stdev": 5.413794994354248, "lowlevel.melbands_spread.mean": 22.09218406677246, "lowlevel.melbands_spread.stdev": 29.402822494506836, "lowlevel.pitch_salience.mean": 0.40654340386390686, "lowlevel.pitch_salience.stdev": 0.2147897630929947, "lowlevel.silence_rate_20dB.mean": 0.9990601539611816, "lowlevel.silence_rate_20dB.stdev": 0.030642623081803322, "lowlevel.silence_rate_30dB.mean": 0.768796980381012, "lowlevel.silence_rate_30dB.stdev": 0.4215998947620392, "lowlevel.silence_rate_60dB.mean": 0.07424812018871307, "lowlevel.silence_rate_60dB.stdev": 0.2621743977069855, "lowlevel.spectral_centroid.mean": 1490.1260986328125, "lowlevel.spectral_centroid.stdev": 1030.2242431640625, "lowlevel.spectral_complexity.mean": 12.128759384155273, "lowlevel.spectral_complexity.stdev": 12.201761245727539, "lowlevel.spectral_decrease.mean": -1.7893244219635562e-08, "lowlevel.spectral_decrease.stdev": 2.2497784968322776e-08, "lowlevel.spectral_energy.mean": 0.06975967437028885, "lowlevel.spectral_energy.stdev": 0.08521110564470291, "lowlevel.spectral_energyband_high.mean": 0.0018068725476041436, "lowlevel.spectral_energyband_high.stdev": 0.003060483606532216, "lowlevel.spectral_energyband_low.mean": 0.05997614935040474, "lowlevel.spectral_energyband_low.stdev": 0.0843518078327179, "lowlevel.spectral_energyband_middle_high.mean": 0.002298191888257861, "lowlevel.spectral_energyband_middle_high.stdev": 0.004346671048551798, "lowlevel.spectral_energyband_middle_low.mean": 0.006732282228767872, "lowlevel.spectral_energyband_middle_low.stdev": 0.013894127681851387, "lowlevel.spectral_entropy.mean": 7.771255970001221, "lowlevel.spectral_entropy.stdev": 0.5985473990440369, "lowlevel.spectral_flux.mean": 0.1010536178946495, "lowlevel.spectral_flux.stdev": 0.10538601130247116, "lowlevel.spectral_kurtosis.mean": 3.7688236236572266, "lowlevel.spectral_kurtosis.stdev": 7.929675579071045, "lowlevel.spectral_rms.mean": 0.006747189909219742, "lowlevel.spectral_rms.stdev": 0.004746959079056978, "lowlevel.spectral_rolloff.mean": 2367.3916015625, "lowlevel.spectral_rolloff.stdev": 3332.853271484375, "lowlevel.spectral_skewness.mean": 1.4314326047897339, "lowlevel.spectral_skewness.stdev": 0.7180963754653931, "lowlevel.spectral_spread.mean": 6540921.0, "lowlevel.spectral_spread.stdev": 2209715.5, "lowlevel.spectral_strongpeak.mean": 0.6458039879798889, "lowlevel.spectral_strongpeak.stdev": 0.5745279788970947, "lowlevel.zerocrossingrate.mean": 0.08353372663259506, "lowlevel.zerocrossingrate.stdev": 0.07897014915943146, "metadata.audio_properties.analysis.equal_loudness": 0.0, "metadata.audio_properties.analysis.length": 24.682653427124023, "metadata.audio_properties.analysis.sample_rate": 44100.0, "metadata.audio_properties.analysis.start_time": 0.0, "metadata.audio_properties.bit_rate": 125383.0, "metadata.audio_properties.length": 24.682666778564453, "metadata.audio_properties.lossless": 0.0, "metadata.audio_properties.number_channels": 1.0, "metadata.audio_properties.replay_gain": -11.118221282958984, "metadata.audio_properties.sample_rate": 48000.0, "rhythm.beats_count": 50.0, "rhythm.beats_loudness.mean": 0.19333520531654358, "rhythm.beats_loudness.stdev": 0.08838232606649399, "rhythm.bpm": 123.520751953125, "rhythm.bpm_histogram_first_peak_bpm": 123.0, "rhythm.bpm_histogram_first_peak_weight": 0.15789473056793213, "rhythm.bpm_histogram_second_peak_bpm": 129.0, "rhythm.bpm_histogram_second_peak_spread": 0.19999998807907104, "rhythm.bpm_histogram_second_peak_weight": 0.08163265138864517, "rhythm.danceability": 1.95088529586792, "rhythm.onset_rate": 5.466821670532227, "tonal.chords_changes_rate": 0.024390242993831635, "tonal.chords_number_rate": 0.007504690438508987, "tonal.chords_strength.mean": 0.5888459086418152, "tonal.chords_strength.stdev": 0.08435790985822678, "tonal.hpcp_crest.mean": 12.425614356994629, "tonal.hpcp_crest.stdev": 4.840925693511963, "tonal.hpcp_entropy.mean": 2.1504650115966797, "tonal.hpcp_entropy.stdev": 0.7784401774406433, "tonal.key_edma.strength": 0.649470329284668, "tonal.key_krumhansl.strength": 0.660245954990387, "tonal.key_temperley.strength": 0.6537145972251892, "tonal.tuning_diatonic_strength": 0.6729962825775146, "tonal.tuning_equal_tempered_deviation": 0.2607670724391937, "tonal.tuning_frequency": 434.193115234375, "tonal.tuning_nontempered_energy_ratio": 0.9535842537879944, "lowlevel.barkbands.mean": [0.0029465733096003532, 0.05175746977329254, 0.004244641400873661, 0.0025359750725328922, 0.0028173045720905066, 0.0008092694915831089, 6.452749948948622e-05, 0.0003097128646913916, 0.00015225166862364858, 0.0002235836291220039, 0.00039027605089358985, 0.0003100131289102137, 0.00025671126786619425, 0.00020679307635873556, 0.000138434799737297, 0.00015632314898539335, 0.0001504766260040924, 0.0001369708770653233, 0.00021960114827379584, 0.0002562971494626254, 0.00022888361127115786, 0.0002451955806463957, 0.000259394699241966, 0.00036003737477585673, 0.00028199292137287557, 0.00028548555565066636, 1.5433864973601885e-05], "lowlevel.barkbands.stdev": [0.005180834326893091, 0.07813531160354614, 0.01887681894004345, 0.009529195725917816, 0.004563900642096996, 0.0009059092844836414, 0.00015574024291709065, 0.0004506940604187548, 0.0002844365662895143, 0.00043469222146086395, 0.001149928430095315, 0.0008175926632247865, 0.0005078232497908175, 0.0004001612542197108, 0.00031129957642406225, 0.00037779787089675665, 0.00034465501084923744, 0.0002724992227740586, 0.0003782186540775001, 0.00046104195644147694, 0.0004186865990050137, 0.0004584004345815629, 0.000487242970848456, 0.0006968080415390432, 0.0005933590582571924, 0.00048701869673095644, 3.0061301004025154e-05], "lowlevel.erbbands.mean": [2.1167690753936768, 9.025971412658691, 6.630215167999268, 6.7570414543151855, 11.679884910583496, 7.663206577301025, 2.5632898807525635, 9.05558967590332, 3.455162763595581, 2.701834201812744, 6.251691818237305, 3.158719062805176, 5.937674522399902, 10.966928482055664, 16.57634925842285, 11.288241386413574, 11.34041976928711, 11.639640808105469, 7.919809818267822, 8.040482521057129, 8.736074447631836, 8.565258979797363, 7.13653564453125, 10.188322067260742, 11.674190521240234, 11.889394760131836, 10.267661094665527, 8.099625587463379, 8.610636711120605, 8.825241088867188, 7.074911117553711, 7.411896705627441, 5.734134674072266, 3.5114073753356934, 1.7461321353912354, 1.0364530086517334, 0.5618665814399719, 0.1055525466799736, 0.0021139734890311956, 0.0001426451635779813], "lowlevel.erbbands.stdev": [3.107982635498047, 15.653692245483398, 21.91551399230957, 27.418746948242188, 25.696022033691406, 12.0718412399292, 4.042714595794678, 10.230822563171387, 3.76143217086792, 4.105066299438477, 9.041999816894531, 6.016001224517822, 10.343676567077637, 26.84258270263672, 48.07028579711914, 27.450149536132812, 22.049049377441406, 21.7775821685791, 17.238731384277344, 18.19388771057129, 20.690277099609375, 18.486297607421875, 14.166966438293457, 18.100372314453125, 20.65433692932129, 21.08847999572754, 20.625621795654297, 14.501175880432129, 16.480897903442383, 15.548205375671387, 13.658890724182129, 14.288874626159668, 11.521490097045898, 7.987735748291016, 3.491375207901001, 1.9694205522537231, 0.9178651571273804, 0.18201367557048798, 0.003538966877385974, 0.0001375720021314919], "lowlevel.gfcc.mean": [-20.567163467407227, 43.73568344116211, -81.08628845214844, 31.681224822998047, -51.78617858886719, 20.87322235107422, -33.220279693603516, 8.732779502868652, -32.96962356567383, 4.913074493408203, -15.912542343139648, 1.4450033903121948, -13.380156517028809], "lowlevel.melbands.mean": [0.016401050612330437, 0.005984951741993427, 0.0013440472539514303, 0.0007387302466668189, 0.00010928417759714648, 0.000182849689736031, 5.143581802258268e-05, 4.353827898739837e-05, 4.372914190753363e-05, 2.0821898942813277e-05, 2.9885504773119465e-05, 4.224241274641827e-05, 5.610045627690852e-05, 3.864266545861028e-05, 2.4545430278521962e-05, 2.6388306650915183e-05, 2.0531884729280137e-05, 1.2911966223327909e-05, 1.057939061865909e-05, 1.06381839941605e-05, 1.013970177154988e-05, 9.257133569917642e-06, 6.783305707358522e-06, 6.3942084125301335e-06, 8.411124326812569e-06, 8.285920557682402e-06, 8.835072549118195e-06, 7.596971499879146e-06, 6.638942522840807e-06, 5.781176241725916e-06, 4.240375801600749e-06, 4.642325166059891e-06, 5.112512099003652e-06, 4.939847258356167e-06, 4.035527581436327e-06, 3.898555405612569e-06, 4.956120392307639e-06, 4.233156687405426e-06, 3.651748556876555e-06, 2.694596560104401e-06], "lowlevel.melbands.stdev": [0.02416386269032955, 0.012261705473065376, 0.004608736373484135, 0.0013005264336243272, 0.00016742000298108906, 0.000205456351977773, 5.6171746109612286e-05, 6.329864845611155e-05, 6.306517752818763e-05, 4.162012555752881e-05, 5.130165664013475e-05, 0.00010137164645129815, 0.00016335977124981582, 0.00010371015378041193, 5.573087037191726e-05, 5.151710502104834e-05, 3.930290404241532e-05, 2.9012411687290296e-05, 2.390253939665854e-05, 2.605172267067246e-05, 2.4548515284550376e-05, 2.1632933567161672e-05, 1.4211082998372149e-05, 1.282737957808422e-05, 1.528896245872602e-05, 1.5897339835646562e-05, 1.554545269755181e-05, 1.3857358680979814e-05, 1.477956357121002e-05, 1.0085208486998454e-05, 8.442872967862058e-06, 9.410878192284144e-06, 9.388378202856984e-06, 8.94759978109505e-06, 7.807018846506253e-06, 8.261407856480218e-06, 9.48117121879477e-06, 8.506832273269538e-06, 8.06964817456901e-06, 6.403695351764327e-06], "lowlevel.melbands128.mean": [0.0028257607482373714, 0.018138011917471886, 0.022868884727358818, 0.012111363932490349, 0.004169465973973274, 0.0019008192466571927, 0.0012630668934434652, 0.0013372160028666258, 0.0012369122123345733, 0.0008342227665707469, 0.00034853164106607437, 0.00011500035179778934, 7.725301111349836e-05, 2.9555612854892388e-05, 0.00019780565344262868, 0.00032293848926201463, 6.113094423199072e-05, 1.2474998584366404e-05, 1.186932513519423e-05, 1.1851170711452141e-05, 7.328610081458464e-05, 0.0001048553385771811, 1.9793880710494705e-05, 1.4625125913880765e-05, 1.5271247320924886e-05, 2.363639578106813e-05, 3.3503372833365574e-05, 2.4283028324134648e-05, 3.600354102673009e-05, 3.294272755738348e-05, 4.639273538487032e-05, 5.652297841152176e-05, 5.7775039749685675e-05, 5.504759246832691e-05, 5.124174276716076e-05, 3.072761683142744e-05, 2.3409378627547994e-05, 2.5560124413459562e-05, 2.4424469302175567e-05, 2.2866573999635875e-05, 2.75690654234495e-05, 3.043721881113015e-05, 2.1050707800895907e-05, 1.502934901509434e-05, 1.624713149794843e-05, 1.1531579730217345e-05, 1.0817973816301674e-05, 9.843774023465812e-06, 1.1143170013383497e-05, 1.1230425116082188e-05, 1.0212250344920903e-05, 1.0450444278831128e-05, 1.053237519954564e-05, 9.45746523939306e-06, 1.0225313417322468e-05, 9.846176908467896e-06, 7.936382644402329e-06, 7.2645802902115975e-06, 6.31582679488929e-06, 5.945449629507493e-06, 5.731290912081022e-06, 6.957202003832208e-06, 9.00399754755199e-06, 8.538072506780736e-06, 8.141700163832866e-06, 8.328248441102915e-06, 8.226200407079887e-06, 8.469351087114774e-06, 9.474636499362532e-06, 8.849212463246658e-06, 7.141439255065052e-06, 7.32468333808356e-06, 7.256818662426667e-06, 7.028335858194623e-06, 5.071871328254929e-06, 6.191069132910343e-06, 6.370133178279502e-06, 3.794387566813384e-06, 4.385053671285277e-06, 3.817623564827954e-06, 4.44049373982125e-06, 5.0646549425437115e-06, 5.098504971101647e-06, 5.292783953336766e-06, 4.978932793164859e-06, 4.682398866862059e-06, 5.08676930621732e-06, 5.080485607322771e-06, 3.522017323120963e-06, 3.702753019751981e-06, 4.083804014953785e-06, 3.7502009035961237e-06, 3.945818207284901e-06, 5.079092716187006e-06, 5.535313448490342e-06, 5.2616728680732194e-06, 3.5509790450305445e-06, 3.191109954059357e-06, 3.996829946117941e-06, 4.076684035680955e-06, 2.5671142793726176e-06, 2.7976309411315015e-06, 2.1298737920005806e-06, 2.3874476937635336e-06, 1.6498458990099607e-06, 1.780629531822342e-06, 1.93736877918127e-06, 1.821436171667301e-06, 1.7358859167870833e-06, 1.6525173123227432e-06, 1.9341371171321953e-06, 2.043075028268504e-06, 1.9128908661514288e-06, 1.6560283029321e-06, 1.5009351272965432e-06, 1.4353637425301713e-06, 6.556104494848114e-07, 1.6664467139548833e-08, 6.300487215282757e-11, 8.160978837157273e-11, 1.6144750467073088e-11, 1.2217917649826049e-11, 1.1838310713663258e-11, 1.1575773326000238e-11, 1.1213962050615756e-11, 1.0757836461927628e-11, 1.0492923370464258e-11, 1.0405607799024441e-11], "lowlevel.melbands128.stdev": [0.004895184189081192, 0.02686363086104393, 0.03756934031844139, 0.02365708351135254, 0.013464667834341526, 0.00855502113699913, 0.005955288652330637, 0.004388955421745777, 0.002592767123132944, 0.0013861502520740032, 0.0005704539362341166, 0.00023474251793231815, 0.00014863123942632228, 5.65996379009448e-05, 0.00023030961165204644, 0.0003629892598837614, 6.813312938902527e-05, 3.575250229914673e-05, 3.607693361118436e-05, 3.531416950863786e-05, 0.00010566543642198667, 0.00015326234279200435, 4.813495615962893e-05, 3.517553341225721e-05, 3.803176150540821e-05, 5.64404072065372e-05, 6.917334394529462e-05, 5.34069913555868e-05, 6.274097540881485e-05, 8.231363608501852e-05, 0.00012879168207291514, 0.00018670369172468781, 0.0001862853387137875, 0.000201954782824032, 0.00015437554975505918, 8.605523908045143e-05, 6.44178144284524e-05, 6.93894035066478e-05, 5.6389268138445914e-05, 5.0848389946622774e-05, 6.96838615112938e-05, 6.084260894567706e-05, 4.696399628301151e-05, 3.4924520150525495e-05, 3.893915709340945e-05, 2.984826460306067e-05, 2.9768691092613153e-05, 2.399830918875523e-05, 3.0054134185775183e-05, 2.8761509383912198e-05, 2.947997381852474e-05, 3.2683132303645834e-05, 2.589623909443617e-05, 2.456265974615235e-05, 3.484154512989335e-05, 2.453627712384332e-05, 1.6924095689319074e-05, 1.7571321222931147e-05, 1.4966963135520928e-05, 1.3389739251579158e-05, 1.2973247976333369e-05, 1.491096099925926e-05, 2.0045072233187966e-05, 1.62663018272724e-05, 1.538762080599554e-05, 1.882199285319075e-05, 2.0137944375164807e-05, 1.6523435988347046e-05, 1.8493552488507703e-05, 1.843001155066304e-05, 1.5011237337603234e-05, 1.383022481604712e-05, 1.5784502465976402e-05, 2.071380367851816e-05, 1.2057044841640163e-05, 1.162680837296648e-05, 1.2184967999928631e-05, 7.800559615134262e-06, 1.0243136784993112e-05, 8.49933348945342e-06, 1.1105002158728894e-05, 1.1347773579473142e-05, 1.0227784514427185e-05, 1.0384894267190248e-05, 9.968225640477613e-06, 8.913703823054675e-06, 1.0613722224661615e-05, 1.0040711458714213e-05, 7.819661732355598e-06, 7.935661415103823e-06, 9.72615453065373e-06, 8.633665856905282e-06, 8.321942914335523e-06, 1.0273274710925762e-05, 1.1643170182651374e-05, 1.0189931344939396e-05, 8.209348379750736e-06, 7.783170985931065e-06, 8.509565304848365e-06, 1.0545733857725281e-05, 6.801418749091681e-06, 6.7710925577557646e-06, 5.831824182678247e-06, 5.652005256706616e-06, 3.5565874441090273e-06, 3.548063432390336e-06, 3.958355591748841e-06, 4.102472757949727e-06, 3.741146883839974e-06, 3.5105790630041156e-06, 4.223702944727847e-06, 3.5748757909459528e-06, 3.3554745186847867e-06, 2.8446702344808728e-06, 2.7147450509801274e-06, 2.768638523775735e-06, 1.2432111589077977e-06, 4.078423287978694e-08, 1.121700177186824e-09, 1.9402648376853904e-09, 8.060115075370078e-11, 2.47944390713295e-11, 2.4381907950954407e-11, 2.3740537313798882e-11, 2.2246572639605944e-11, 2.0757907545632115e-11, 2.035999840943603e-11, 2.0245449414146854e-11], "lowlevel.mfcc.mean": [-677.19921875, 88.2755126953125, 24.284503936767578, 19.972217559814453, 8.166437149047852, 9.69382095336914, 13.4935884475708, 2.1676008701324463, -2.9345242977142334, 3.544182062149048, -4.753247261047363, 0.9939653277397156, -2.957000255584717], "lowlevel.spectral_contrast_coeffs.mean": [-0.6181038022041321, -0.7481922507286072, -0.8127322196960449, -0.8297848701477051, -0.8169434666633606, -0.7718262076377869], "lowlevel.spectral_contrast_coeffs.stdev": [0.10363221168518066, 0.08020344376564026, 0.04230668768286705, 0.034146133810281754, 0.030217722058296204, 0.037334591150283813], "lowlevel.spectral_contrast_valleys.mean": [-7.774010181427002, -7.6416215896606445, -7.719455718994141, -7.981342315673828, -7.748002052307129, -10.049875259399414], "lowlevel.spectral_contrast_valleys.stdev": [1.3286594152450562, 0.7200140953063965, 0.8387572169303894, 0.8387316465377808, 0.931058943271637, 1.2997069358825684], "rhythm.beats_loudness_band_ratio.mean": [0.8565513491630554, 0.01043152716010809, 0.0056298281997442245, 0.021069146692752838, 0.010996123775839806, 0.09974922239780426], "rhythm.beats_loudness_band_ratio.stdev": [0.28684964776039124, 0.00920634251087904, 0.01936907134950161, 0.08202426880598068, 0.018764952197670937, 0.2403331696987152], "tonal.hpcp.mean": [0.21169514954090118, 0.1982361376285553, 0.11819161474704742, 0.05325625464320183, 0.04439167678356171, 0.04084596410393715, 0.041513070464134216, 0.03999452292919159, 0.05070769041776657, 0.054043423384428024, 0.05171854421496391, 0.05616667494177818, 0.09533992409706116, 0.11327223479747772, 0.07765482366085052, 0.07288758456707001, 0.08175195753574371, 0.06187013164162636, 0.04340853542089462, 0.048551950603723526, 0.056415196508169174, 0.05092491954565048, 0.05274170637130737, 0.054575078189373016, 0.053130824118852615, 0.05919827148318291, 0.12853945791721344, 0.4335830807685852, 0.41524189710617065, 0.10530106723308563, 0.048817649483680725, 0.04674181342124939, 0.05430303141474724, 0.0629265159368515, 0.147092804312706, 0.22027991712093353], "tonal.hpcp.stdev": [0.30444809794425964, 0.3268386125564575, 0.219468891620636, 0.15729376673698425, 0.13747620582580566, 0.12884999811649323, 0.13055409491062164, 0.1267402470111847, 0.15320736169815063, 0.16251429915428162, 0.16132745146751404, 0.17404331266880035, 0.16434988379478455, 0.17529256641864777, 0.16384142637252808, 0.20509950816631317, 0.22465837001800537, 0.18067467212677002, 0.1281915307044983, 0.15305589139461517, 0.15649384260177612, 0.1435168981552124, 0.15930506587028503, 0.16565950214862823, 0.1537129282951355, 0.1657220423221588, 0.237911194562912, 0.4096522331237793, 0.4088939130306244, 0.17348836362361908, 0.14153771102428436, 0.1310393363237381, 0.1585000455379486, 0.1505015343427658, 0.2621924877166748, 0.3632682263851166], "rhythm.beats_position": [0.40634921193122864, 0.847528338432312, 1.300317406654358, 1.7647165060043335, 2.252335548400879, 2.739954710006714, 3.2275736331939697, 3.6919727325439453, 4.179591655731201, 4.667210578918457, 5.154829978942871, 5.619228839874268, 6.106847763061523, 6.5944671630859375, 7.082086086273193, 7.569705009460449, 8.057324409484863, 8.544942855834961, 9.032562255859375, 9.49696159362793, 9.984580039978027, 10.472199440002441, 10.959818840026855, 11.435827255249023, 11.911836624145508, 12.399456024169922, 12.88707447052002, 13.374693870544434, 13.862312316894531, 14.338321685791016, 14.82594108581543, 15.301949501037598, 15.789568901062012, 16.27718734741211, 16.764806747436523, 17.252426147460938, 17.76326560974121, 18.29732322692871, 18.842992782592773, 19.388662338256836, 19.899499893188477, 20.38711929321289, 20.874738693237305, 21.36235809326172, 21.838367462158203, 22.314376831054688, 22.80199432373047, 23.289613723754883, 23.777233123779297, 24.26485252380371], "rhythm.bpm_histogram": [0.0, 0.0, 0.0, 0.0, 0.0, 0.0, 0.0, 0.0, 0.0, 0.0, 0.0, 0.0, 0.0, 0.0, 0.0, 0.0, 0.0, 0.0, 0.0, 0.0, 0.0, 0.0, 0.0, 0.0, 0.0, 0.0, 0.0, 0.0, 0.0, 0.0, 0.0, 0.0, 0.0, 0.0, 0.0, 0.0, 0.0, 0.0, 0.0, 0.0, 0.0, 0.0, 0.0, 0.0, 0.0, 0.0, 0.0, 0.0, 0.0, 0.0, 0.0, 0.0, 0.0, 0.0, 0.0, 0.0, 0.0, 0.0, 0.0, 0.0, 0.0, 0.0, 0.0, 0.0, 0.0, 0.0, 0.0, 0.0, 0.0, 0.0, 0.0, 0.0, 0.0, 0.0, 0.0, 0.0, 0.0, 0.0, 0.0, 0.0, 0.0, 0.0, 0.0, 0.0, 0.0, 0.0, 0.0, 0.0, 0.0, 0.0, 0.0, 0.0, 0.0, 0.0, 0.0, 0.0, 0.0, 0.0, 0.0, 0.0, 0.0, 0.0, 0.0, 0.0, 0.0, 0.0, 0.0, 0.0, 0.0, 0.0, 0.040816325694322586, 0.0, 0.020408162847161293, 0.0, 0.0, 0.0, 0.0, 0.040816325694322586, 0.0, 0.0, 0.0, 0.0, 0.0, 0.6530612111091614, 0.0, 0.0, 0.12244898080825806, 0.0, 0.0, 0.08163265138864517, 0.0, 0.0, 0.0, 0.020408162847161293, 0.0, 0.0, 0.020408162847161293, 0.0, 0.0, 0.0, 0.0, 0.0, 0.0, 0.0, 0.0, 0.0, 0.0, 0.0, 0.0, 0.0, 0.0, 0.0, 0.0, 0.0, 0.0, 0.0, 0.0, 0.0, 0.0, 0.0, 0.0, 0.0, 0.0, 0.0, 0.0, 0.0, 0.0, 0.0, 0.0, 0.0, 0.0, 0.0, 0.0, 0.0, 0.0, 0.0, 0.0, 0.0, 0.0, 0.0, 0.0, 0.0, 0.0, 0.0, 0.0, 0.0, 0.0, 0.0, 0.0, 0.0, 0.0, 0.0, 0.0, 0.0, 0.0, 0.0, 0.0, 0.0, 0.0, 0.0, 0.0, 0.0, 0.0, 0.0, 0.0, 0.0, 0.0, 0.0, 0.0, 0.0, 0.0, 0.0, 0.0, 0.0, 0.0, 0.0, 0.0, 0.0, 0.0, 0.0, 0.0, 0.0, 0.0, 0.0, 0.0, 0.0, 0.0, 0.0, 0.0, 0.0, 0.0, 0.0, 0.0, 0.0, 0.0, 0.0, 0.0, 0.0, 0.0, 0.0, 0.0, 0.0, 0.0, 0.0, 0.0, 0.0, 0.0, 0.0, 0.0, 0.0], "tonal.chords_histogram": [82.36397552490234, 0.0, 0.0, 0.0, 0.0, 7.129456043243408, 0.0, 2.2514071464538574, 0.0, 0.0, 0.0, 0.0, 0.0, 0.0, 0.0, 0.0, 0.0, 0.0, 0.0, 0.0, 0.0, 0.0, 8.06754207611084, 0.1876172572374344], "tonal.thpcp": [1.0, 0.9576985836029053, 0.2428624927997589, 0.1125912219285965, 0.1078035905957222, 0.12524250149726868, 0.14513139426708221, 0.3392494022846222, 0.5080454349517822, 0.4882458746433258, 0.4572044909000397, 0.27259278297424316, 0.12282826006412506, 0.1023833230137825, 0.09420562535524368, 0.09574421495199203, 0.09224189072847366, 0.11695034056901932, 0.12464375793933868, 0.11928173899650574, 0.12954074144363403, 0.21988847851753235, 0.2612468898296356, 0.17910021543502808, 0.16810522973537445, 0.1885496973991394, 0.14269497990608215, 0.10011584311723709, 0.1119784265756607, 0.13011392951011658, 0.11745135486125946, 0.12164152413606644, 0.12586994469165802, 0.1225389689207077, 0.1365327090024948, 0.2964586615562439], "lowlevel.gfcc.cov": [[5982.21826171875, -1500.6265869140625, 302.1404724121094, 472.61431884765625, -196.9079132080078, 200.70513916015625, -112.82441711425781, -47.044090270996094, -111.88056945800781, 171.72129821777344, -247.35195922851562, 442.7076721191406, -225.93246459960938], [-1500.6265869140625, 3375.11474609375, 1112.2373046875, 556.9898071289062, 1021.7413940429688, 26.855348587036133, 513.890869140625, 158.6368408203125, 573.340576171875, 162.0321807861328, 536.31201171875, -124.6020278930664, 371.1618957519531], [302.1404724121094, 1112.2373046875, 1484.0914306640625, 711.318115234375, 311.9884033203125, 109.30027770996094, 159.62989807128906, 19.428159713745117, 314.43353271484375, 184.24118041992188, 168.14161682128906, 136.80096435546875, 102.45024108886719], [472.61431884765625, 556.9898071289062, 711.318115234375, 866.8734130859375, 545.9185180664062, 299.48492431640625, 345.7834167480469, 241.6928253173828, 334.73150634765625, 169.29898071289062, 225.09664916992188, 123.68499755859375, 142.48614501953125], [-196.9079132080078, 1021.7413940429688, 311.9884033203125, 545.9185180664062, 1086.35791015625, 500.3603515625, 651.9833374023438, 408.99505615234375, 433.9936828613281, 190.01901245117188, 332.685546875, -1.961043357849121, 215.18621826171875], [200.70513916015625, 26.855348587036133, 109.30027770996094, 299.48492431640625, 500.3603515625, 505.9924011230469, 420.396240234375, 260.3519592285156, 220.31326293945312, 117.19400787353516, 142.08799743652344, 50.44466781616211, 84.1536865234375], [-112.82441711425781, 513.890869140625, 159.62989807128906, 345.7834167480469, 651.9833374023438, 420.396240234375, 563.1028442382812, 307.3478088378906, 291.49969482421875, 128.60691833496094, 235.79800415039062, 19.333576202392578, 146.9329071044922], [-47.044090270996094, 158.6368408203125, 19.428159713745117, 241.6928253173828, 408.99505615234375, 260.3519592285156, 307.3478088378906, 287.51422119140625, 177.2435302734375, 97.24646759033203, 151.9593505859375, 1.6206634044647217, 87.46648406982422], [-111.88056945800781, 573.340576171875, 314.43353271484375, 334.73150634765625, 433.9936828613281, 220.31326293945312, 291.49969482421875, 177.2435302734375, 357.3032531738281, 157.16162109375, 186.3566436767578, 51.198734283447266, 117.97306823730469], [171.72129821777344, 162.0321807861328, 184.24118041992188, 169.29898071289062, 190.01901245117188, 117.19400787353516, 128.60691833496094, 97.24646759033203, 157.16162109375, 143.4641876220703, 99.27657318115234, 46.247581481933594, 41.98652267456055], [-247.35195922851562, 536.31201171875, 168.14161682128906, 225.09664916992188, 332.685546875, 142.08799743652344, 235.79800415039062, 151.9593505859375, 186.3566436767578, 99.27657318115234, 246.6342010498047, 16.001819610595703, 133.23898315429688], [442.7076721191406, -124.6020278930664, 136.80096435546875, 123.68499755859375, -1.961043357849121, 50.44466781616211, 19.333576202392578, 1.6206634044647217, 51.198734283447266, 46.247581481933594, 16.001819610595703, 163.91368103027344, 23.30516242980957], [-225.93246459960938, 371.1618957519531, 102.45024108886719, 142.48614501953125, 215.18621826171875, 84.1536865234375, 146.9329071044922, 87.46648406982422, 117.97306823730469, 41.98652267456055, 133.23898315429688, 23.30516242980957, 130.57919311523438]], "lowlevel.gfcc.icov": [[0.000294517376460135, 1.4777766409679316e-05, 6.811261846451089e-05, -0.00027493888046592474, -0.00010434776777401567, -5.9335761761758476e-05, -2.4463563022436574e-05, 0.00014079232641961426, 0.0004431055567692965, -0.0006157085881568491, 0.0002607210190035403, -0.0006777649978175759, 0.000510146317537874], [1.4777766409679316e-05, 0.0015875085955485702, -0.001041565090417862, 0.0006583083886653185, -0.0014562575379386544, 0.0017952031921595335, -0.0006314426427707076, 0.0013088237028568983, -0.0012254648609086871, 0.0012618325417861342, -0.0016242354176938534, 0.0013869793619960546, -0.0012000416172668338], [6.811261846451089e-05, -0.001041565090417862, 0.0022182310931384563, -0.0018529922235757113, 0.000920603983104229, -0.0010201508412137628, 0.00020052870968356729, 0.0009027755004353821, 0.0005557198892347515, -0.0020735037978738546, 0.0011220235610380769, -0.0009568727109581232, 0.0008605419425293803], [-0.00027493888046592474, 0.0006583083886653185, -0.0018529922235757113, 0.0039700851775705814, -0.001155422767624259, 0.0005088296020403504, 0.0004329557705204934, -0.0016668415628373623, -0.00158158247359097, 0.00217828038148582, -0.0014300328912213445, -0.00028104669763706625, -0.000781893904786557], [-0.00010434776777401567, -0.0014562575379386544, 0.000920603983104229, -0.001155422767624259, 0.0055808392353355885, -0.0021053024102002382, -0.0019124827813357115, -0.002269674325361848, -0.00040668307337909937, -0.0009761420078575611, 0.0012767539592459798, 0.0005749528063461185, -0.00039460003608837724], [-5.9335761761758476e-05, 0.0017952031921595335, -0.0010201508412137628, 0.0005088296020403504, -0.0021053024102002382, 0.008452379144728184, -0.004837698303163052, -6.0359914641594514e-05, -0.001154592027887702, 0.00047173534403555095, -0.0002348600683035329, 0.00023962992418091744, -0.0003657665802165866], [-2.4463563022436574e-05, -0.0006314426427707076, 0.00020052870968356729, 0.0004329557705204934, -0.0019124827813357115, -0.004837698303163052, 0.010432625189423561, -0.0031250466126948595, -0.0009693749016150832, 0.001738261547870934, -0.0017979132244363427, -0.0006559066823683679, 1.4639535947935656e-05], [0.00014079232641961426, 0.0013088237028568983, 0.0009027755004353821, -0.0016668415628373623, -0.002269674325361848, -6.0359914641594514e-05, -0.0031250466126948595, 0.013274738565087318, -0.00014154519885778427, -0.002778394380584359, -0.0022266076412051916, 0.0025531654246151447, -0.00112484535202384], [0.0004431055567692965, -0.0012254648609086871, 0.0005557198892347515, -0.00158158247359097, -0.00040668307337909937, -0.001154592027887702, -0.0009693749016150832, -0.00014154519885778427, 0.011146554723381996, -0.008050144650042057, 0.0017708513187244534, -0.002208342542871833, -0.000755168090108782], [-0.0006157085881568491, 0.0012618325417861342, -0.0020735037978738546, 0.00217828038148582, -0.0009761420078575611, 0.00047173534403555095, 0.001738261547870934, -0.002778394380584359, -0.008050144650042057, 0.02034757100045681, -0.00690930150449276, -0.000705463404301554, 0.003714004997164011], [0.0002607210190035403, -0.0016242354176938534, 0.0011220235610380769, -0.0014300328912213445, 0.0012767539592459798, -0.0002348600683035329, -0.0017979132244363427, -0.0022266076412051916, 0.0017708513187244534, -0.00690930150449276, 0.01567717455327511, -0.0004741227603517473, -0.00798027589917183], [-0.0006777649978175759, 0.0013869793619960546, -0.0009568727109581232, -0.00028104669763706625, 0.0005749528063461185, 0.00023962992418091744, -0.0006559066823683679, 0.0025531654246151447, -0.002208342542871833, -0.000705463404301554, -0.0004741227603517473, 0.011700700037181377, -0.005514246411621571], [0.000510146317537874, -0.0012000416172668338, 0.0008605419425293803, -0.000781893904786557, -0.00039460003608837724, -0.0003657665802165866, 1.4639535947935656e-05, -0.00112484535202384, -0.000755168090108782, 0.003714004997164011, -0.00798027589917183, -0.005514246411621571, 0.022367948666214943]], "lowlevel.mfcc.cov": [[6133.45458984375, -1869.069580078125, 85.9643325805664, 33.44840621948242, -168.0838623046875, 249.56265258789062, -233.47341918945312, 131.3015899658203, -82.44485473632812, -244.4353485107422, 24.244352340698242, -118.14666748046875, 135.55909729003906], [-1869.069580078125, 2864.16357421875, 438.0518798828125, 702.05810546875, 556.9989013671875, 214.1945343017578, 289.0320739746094, 71.33879852294922, 187.82037353515625, 346.7718200683594, 158.81976318359375, 287.8017272949219, 118.74634552001953], [85.9643325805664, 438.0518798828125, 1273.093505859375, 552.52392578125, 138.4352569580078, 212.4715576171875, -214.98997497558594, 1.3425904512405396, -47.834373474121094, -37.90953063964844, 75.39508819580078, 22.061744689941406, 140.3151092529297], [33.44840621948242, 702.05810546875, 552.52392578125, 792.1740112304688, 427.31451416015625, 284.2623291015625, 154.10963439941406, 202.18963623046875, 177.78131103515625, 185.46115112304688, 181.703369140625, 194.72032165527344, 167.29795837402344], [-168.0838623046875, 556.9989013671875, 138.4352569580078, 427.31451416015625, 496.3644714355469, 287.1271057128906, 311.67919921875, 234.70887756347656, 248.16738891601562, 257.40203857421875, 184.03514099121094, 205.67593383789062, 130.02157592773438], [249.56265258789062, 214.1945343017578, 212.4715576171875, 284.2623291015625, 287.1271057128906, 428.0660705566406, 207.70606994628906, 272.04144287109375, 224.22531127929688, 177.47943115234375, 175.1380157470703, 153.9239501953125, 155.60968017578125], [-233.47341918945312, 289.0320739746094, -214.98997497558594, 154.10963439941406, 311.67919921875, 207.70606994628906, 556.0572509765625, 267.23870849609375, 256.73297119140625, 267.8906555175781, 143.63160705566406, 189.91616821289062, 54.81650161743164], [131.3015899658203, 71.33879852294922, 1.3425904512405396, 202.18963623046875, 234.70887756347656, 272.04144287109375, 267.23870849609375, 317.1833801269531, 221.6821746826172, 164.581787109375, 136.89382934570312, 135.68392944335938, 130.42703247070312], [-82.44485473632812, 187.82037353515625, -47.834373474121094, 177.78131103515625, 248.16738891601562, 224.22531127929688, 256.73297119140625, 221.6821746826172, 264.2194519042969, 202.96253967285156, 146.29229736328125, 149.9980926513672, 91.31625366210938], [-244.4353485107422, 346.7718200683594, -37.90953063964844, 185.46115112304688, 257.40203857421875, 177.47943115234375, 267.8906555175781, 164.581787109375, 202.96253967285156, 265.74578857421875, 155.0917205810547, 166.16973876953125, 59.9305534362793], [24.244352340698242, 158.81976318359375, 75.39508819580078, 181.703369140625, 184.03514099121094, 175.1380157470703, 143.63160705566406, 136.89382934570312, 146.29229736328125, 155.0917205810547, 174.57110595703125, 134.2471466064453, 82.42901611328125], [-118.14666748046875, 287.8017272949219, 22.061744689941406, 194.72032165527344, 205.67593383789062, 153.9239501953125, 189.91616821289062, 135.68392944335938, 149.9980926513672, 166.16973876953125, 134.2471466064453, 193.08399963378906, 86.3767318725586], [135.55909729003906, 118.74634552001953, 140.3151092529297, 167.29795837402344, 130.02157592773438, 155.60968017578125, 54.81650161743164, 130.42703247070312, 91.31625366210938, 59.9305534362793, 82.42901611328125, 86.3767318725586, 145.90684509277344]], "lowlevel.mfcc.icov": [[0.0002478479582350701, 0.00018553025438450277, 0.00010765090701170266, -0.00022028553939890116, 4.3667780118994415e-05, -0.0003389757184777409, -2.6356697162555065e-06, 0.0001030124694807455, 0.00024589800159446895, 0.0001436991587979719, -0.00011628143693087623, 9.685962868388742e-05, -0.00020526591106317937], [0.00018553025438450277, 0.0007282818551175296, 5.2957861953473184e-06, -0.00046646574628539383, -0.00029004397219978273, -0.0002999462594743818, -9.829257032833993e-05, 0.000757565547246486, 0.00032094912603497505, -0.0006692783208563924, 0.000672592839691788, -0.00035496774944476783, -0.0003930299135390669], [0.00010765090701170266, 5.2957861953473184e-06, 0.0018287892453372478, -0.0014654867118224502, 0.0003993166028521955, -0.0013583158142864704, 0.0004340671584941447, 0.0008348365081474185, 0.001016502152197063, 0.00020790410053450614, -0.0006079024169594049, 0.0008075467776507139, -0.0008554439409635961], [-0.00022028553939890116, -0.00046646574628539383, -0.0014654867118224502, 0.004323750268667936, -0.0027707060799002647, 0.0011499817483127117, 0.0005502393469214439, -0.0016076192259788513, -1.6176581993931904e-05, 0.000568155781365931, -0.0004898829502053559, -0.00129132519941777, 0.0003268834261689335], [4.3667780118994415e-05, -0.00029004397219978273, 0.0003993166028521955, -0.0027707060799002647, 0.00817170087248087, -0.0015211798017844558, -0.0016023311764001846, 0.0011078902753069997, -0.0016173649346455932, -0.002221291419118643, 0.00015756854554638267, 0.0001622961281100288, -0.001320145558565855], [-0.0003389757184777409, -0.0002999462594743818, -0.0013583158142864704, 0.0011499817483127117, -0.0015211798017844558, 0.00828639604151249, 0.0004534265026450157, -0.004273152910172939, -0.002084848005324602, 9.035704715643078e-05, -0.0020609665662050247, 0.00022208069276530296, -0.0009851506911218166], [-2.6356697162555065e-06, -9.829257032833993e-05, 0.0004340671584941447, 0.0005502393469214439, -0.0016023311764001846, 0.0004534265026450157, 0.00577012961730361, -0.003935663960874081, -0.0001810776157071814, -0.002305048517882824, 0.0014112666249275208, -0.002166611608117819, 0.0028741727583110332], [0.0001030124694807455, 0.000757565547246486, 0.0008348365081474185, -0.0016076192259788513, 0.0011078902753069997, -0.004273152910172939, -0.003935663960874081, 0.014926273375749588, -0.0049912454560399055, 0.0006129568791948259, 0.0003995600563939661, 0.0020675805862993, -0.006543532945215702], [0.00024589800159446895, 0.00032094912603497505, 0.001016502152197063, -1.6176581993931904e-05, -0.0016173649346455932, -0.002084848005324602, -0.0001810776157071814, -0.0049912454560399055, 0.01699582301080227, -0.005255101248621941, -0.0018323295516893268, -0.0006149488035589457, -0.0003333274507895112], [0.0001436991587979719, -0.0006692783208563924, 0.00020790410053450614, 0.000568155781365931, -0.002221291419118643, 9.035704715643078e-05, -0.002305048517882824, 0.0006129568791948259, -0.005255101248621941, 0.017850829288363457, -0.006949073169380426, -0.0034882233012467623, 0.0037085844669491053], [-0.00011628143693087623, 0.000672592839691788, -0.0006079024169594049, -0.0004898829502053559, 0.00015756854554638267, -0.0020609665662050247, 0.0014112666249275208, 0.0003995600563939661, -0.0018323295516893268, -0.006949073169380426, 0.01950708217918873, -0.006206173449754715, -0.001468081260100007], [9.685962868388742e-05, -0.00035496774944476783, 0.0008075467776507139, -0.00129132519941777, 0.0001622961281100288, 0.00022208069276530296, -0.002166611608117819, 0.0020675805862993, -0.0006149488035589457, -0.0034882233012467623, -0.006206173449754715, 0.017612580209970474, -0.00561562879011035], [-0.00020526591106317937, -0.0003930299135390669, -0.0008554439409635961, 0.0003268834261689335, -0.001320145558565855, -0.0009851506911218166, 0.0028741727583110332, -0.006543532945215702, -0.0003333274507895112, 0.0037085844669491053, -0.001468081260100007, -0.00561562879011035, 0.017647849395871162]], "metadata.audio_properties.analysis.downmix": "mix", "metadata.audio_properties.codec": "mp3", "metadata.audio_properties.md5_encoded": "a12d2c4be1861438fb7f9061618712c2", "metadata.tags.file_name": "1183659928553001050.mp3", "metadata.version.essentia": "2.1-beta6-dev", "metadata.version.essentia_git_sha": "v2.1_beta5-1110-g77a6a954", "metadata.version.extractor": "music 2.0", "tonal.chords_key": "F#", "tonal.chords_scale": "minor", "tonal.key_edma.key": "F#", "tonal.key_edma.scale": "minor", "tonal.key_krumhansl.key": "F#", "tonal.key_krumhansl.scale": "minor", "tonal.key_temperley.key": "F#", "tonal.key_temperley.scale": "minor", "metadata.tags.encoding": ["Lavf58.45.100"]}, "essentia_models": [{"model_name": "genre_dortmund", "activations": {"alternative": "0.04315406", "blues": "0.0037746886", "electronic": "0.5573364", "folkcountry": "0.007752844", "funksoulrnb": "0.02644104", "jazz": "0.03925957", "pop": "0.12820175", "raphiphop": "0.1795