{"song_id": "1183657972430286898", "download": "https://cdn.discordapp.com/attachments/1135903449314238464/1183657972430286898/chirp.mp4?ex=65892263&amp", "lyrics": "[Verse 1]\n\u0924\u0947\u0930\u0940 \u092f\u093e\u0926\u094b\u0902 \u092e\u0947\u0902 \u091c\u0940 \u0930\u0939\u093e \u0939\u0942\u0901\n\u092f\u0947 \u0905\u0932\u0935\u093f\u0926\u093e \u092e\u0948\u0902 \u0915\u0939 \u0930\u0939\u093e \u0939\u0942\u0901\n\u0905\u092a\u0928\u0940 \u0916\u0941\u0936\u093f\u092f\u094b\u0902 \u0915\u094b \u0924\u0942 \u0928\u093e \u091a\u093e\u0939\u0947\n\u0924\u0947\u0930\u0947 \u092c\u093f\u0928\u093e \u091c\u0940\u0928\u093e \u092f\u0939\u093e\u0901 \u092e\u0941\u0936\u094d\u0915\u093f\u0932 \u0938\u0947 \u0939\u0948\n\n[Chorus]\n\u092f\u0947 \u0916\u094d\u0935\u093e\u0939\u093f\u0936 \u0939\u0948 \u0926\u093f\u0932 \u0915\u0940\n\u092f\u0947 \u0926\u093e\u0938\u094d\u0924\u093e\u0928 \u0939\u0948 \u0905\u0926\u092c \u0915\u0940\n\u0939\u092e\u0947\u0936\u093e \u092f\u093e\u0926 \u0906\u090f\u0917\u093e\n\u0924\u0947\u0930\u0947 \u092c\u093f\u0928\u093e \u0939\u094b\u0928\u093e \u0928", "style": ["Bollywood"], "essentia_features": {"lowlevel.average_loudness": 0.9744254350662231, "lowlevel.barkbands_crest.mean": 13.591790199279785, "lowlevel.barkbands_crest.stdev": 4.577058792114258, "lowlevel.barkbands_flatness_db.mean": 0.16477365791797638, "lowlevel.barkbands_flatness_db.stdev": 0.04280143976211548, "lowlevel.barkbands_kurtosis.mean": 11.0722074508667, "lowlevel.barkbands_kurtosis.stdev": 10.26657485961914, "lowlevel.barkbands_skewness.mean": 2.4258642196655273, "lowlevel.barkbands_skewness.stdev": 1.256801962852478, "lowlevel.barkbands_spread.mean": 16.027141571044922, "lowlevel.barkbands_spread.stdev": 15.879600524902344, "lowlevel.dissonance.mean": 0.4074172377586365, "lowlevel.dissonance.stdev": 0.0528651587665081, "lowlevel.dynamic_complexity": 2.3441898822784424, "lowlevel.erbbands_crest.mean": 15.29589557647705, "lowlevel.erbbands_crest.stdev": 6.837803363800049, "lowlevel.erbbands_flatness_db.mean": 0.1681017428636551, "lowlevel.erbbands_flatness_db.stdev": 0.04956071078777313, "lowlevel.erbbands_kurtosis.mean": 4.76945686340332, "lowlevel.erbbands_kurtosis.stdev": 6.236500263214111, "lowlevel.erbbands_skewness.mean": 1.4952547550201416, "lowlevel.erbbands_skewness.stdev": 1.1304367780685425, "lowlevel.erbbands_spread.mean": 34.40377426147461, "lowlevel.erbbands_spread.stdev": 24.437307357788086, "lowlevel.hfc.mean": 24.13097381591797, "lowlevel.hfc.stdev": 15.86841106414795, "lowlevel.loudness_ebu128.integrated": -12.047355651855469, "lowlevel.loudness_ebu128.loudness_range": 1.968088150024414, "lowlevel.loudness_ebu128.momentary.mean": -12.411893844604492, "lowlevel.loudness_ebu128.momentary.stdev": 1.9615883827209473, "lowlevel.loudness_ebu128.short_term.mean": -12.137373924255371, "lowlevel.loudness_ebu128.short_term.stdev": 0.6488224864006042, "lowlevel.melbands_crest.mean": 17.96881866455078, "lowlevel.melbands_crest.stdev": 5.830493450164795, "lowlevel.melbands_flatness_db.mean": 0.2452029287815094, "lowlevel.melbands_flatness_db.stdev": 0.05128464102745056, "lowlevel.melbands_kurtosis.mean": 21.64105796813965, "lowlevel.melbands_kurtosis.stdev": 22.983484268188477, "lowlevel.melbands_skewness.mean": 2.8695194721221924, "lowlevel.melbands_skewness.stdev": 1.9384416341781616, "lowlevel.melbands_spread.mean": 13.879020690917969, "lowlevel.melbands_spread.stdev": 14.49260425567627, "lowlevel.pitch_salience.mean": 0.4706861972808838, "lowlevel.pitch_salience.stdev": 0.12310561537742615, "lowlevel.silence_rate_20dB.mean": 1.0, "lowlevel.silence_rate_20dB.stdev": 0.0, "lowlevel.silence_rate_30dB.mean": 0.9973661303520203, "lowlevel.silence_rate_30dB.stdev": 0.05125374719500542, "lowlevel.silence_rate_60dB.mean": 0.01404741033911705, "lowlevel.silence_rate_60dB.stdev": 0.11768664419651031, "lowlevel.spectral_centroid.mean": 765.0590209960938, "lowlevel.spectral_centroid.stdev": 450.6661682128906, "lowlevel.spectral_complexity.mean": 10.743635177612305, "lowlevel.spectral_complexity.stdev": 3.553318977355957, "lowlevel.spectral_decrease.mean": -8.69317950957793e-09, "lowlevel.spectral_decrease.stdev": 5.39764144491528e-09, "lowlevel.spectral_energy.mean": 0.034998852759599686, "lowlevel.spectral_energy.stdev": 0.021205924451351166, "lowlevel.spectral_energyband_high.mean": 0.0009000381687656045, "lowlevel.spectral_energyband_high.stdev": 0.001301138079725206, "lowlevel.spectral_energyband_low.mean": 0.006686123553663492, "lowlevel.spectral_energyband_low.stdev": 0.014540712349116802, "lowlevel.spectral_energyband_middle_high.mean": 0.0036677622701972723, "lowlevel.spectral_energyband_middle_high.stdev": 0.005063344724476337, "lowlevel.spectral_energyband_middle_low.mean": 0.024296658113598824, "lowlevel.spectral_energyband_middle_low.stdev": 0.01585504598915577, "lowlevel.spectral_entropy.mean": 7.161533832550049, "lowlevel.spectral_entropy.stdev": 0.5377072095870972, "lowlevel.spectral_flux.mean": 0.07791092246770859, "lowlevel.spectral_flux.stdev": 0.04805658385157585, "lowlevel.spectral_kurtosis.mean": 4.270319938659668, "lowlevel.spectral_kurtosis.stdev": 2.7497270107269287, "lowlevel.spectral_rms.mean": 0.005541571415960789, "lowlevel.spectral_rms.stdev": 0.0018536823336035013, "lowlevel.spectral_rolloff.mean": 1090.5589599609375, "lowlevel.spectral_rolloff.stdev": 1743.632080078125, "lowlevel.spectral_skewness.mean": 1.8828791379928589, "lowlevel.spectral_skewness.stdev": 0.5459798574447632, "lowlevel.spectral_spread.mean": 6860441.0, "lowlevel.spectral_spread.stdev": 1594373.875, "lowlevel.spectral_strongpeak.mean": 1.9881389141082764, "lowlevel.spectral_strongpeak.stdev": 1.6737314462661743, "lowlevel.zerocrossingrate.mean": 0.05957074090838432, "lowlevel.zerocrossingrate.stdev": 0.03978683054447174, "metadata.audio_properties.analysis.equal_loudness": 0.0, "metadata.audio_properties.analysis.length": 26.41065788269043, "metadata.audio_properties.analysis.sample_rate": 44100.0, "metadata.audio_properties.analysis.start_time": 0.0, "metadata.audio_properties.bit_rate": 121278.0, "metadata.audio_properties.length": 26.410667419433594, "metadata.audio_properties.lossless": 0.0, "metadata.audio_properties.number_channels": 1.0, "metadata.audio_properties.replay_gain": -14.244037628173828, "metadata.audio_properties.sample_rate": 48000.0, "rhythm.beats_count": 76.0, "rhythm.beats_loudness.mean": 0.0455346442759037, "rhythm.beats_loudness.stdev": 0.025164740160107613, "rhythm.bpm": 172.2655487060547, "rhythm.bpm_histogram_first_peak_bpm": 172.0, "rhythm.bpm_histogram_first_peak_weight": 0.0, "rhythm.bpm_histogram_second_peak_bpm": 178.0, "rhythm.bpm_histogram_second_peak_spread": 0.0, "rhythm.bpm_histogram_second_peak_weight": 0.3466666638851166, "rhythm.danceability": 1.1402385234832764, "rhythm.onset_rate": 3.8600821495056152, "tonal.chords_changes_rate": 0.06842105090618134, "tonal.chords_number_rate": 0.012280701659619808, "tonal.chords_strength.mean": 0.4640921652317047, "tonal.chords_strength.stdev": 0.10607896745204926, "tonal.hpcp_crest.mean": 19.610179901123047, "tonal.hpcp_crest.stdev": 9.40667724609375, "tonal.hpcp_entropy.mean": 1.3626896142959595, "tonal.hpcp_entropy.stdev": 0.8008254766464233, "tonal.key_edma.strength": 0.6616801619529724, "tonal.key_krumhansl.strength": 0.6670881509780884, "tonal.key_temperley.strength": 0.6767334938049316, "tonal.tuning_diatonic_strength": 0.5386386513710022, "tonal.tuning_equal_tempered_deviation": 0.21241702139377594, "tonal.tuning_frequency": 434.193115234375, "tonal.tuning_nontempered_energy_ratio": 0.9549277424812317, "lowlevel.barkbands.mean": [0.00031421371386386454, 0.004299957770854235, 0.0016733878292143345, 0.0009757137740962207, 0.0058346102014184, 0.004695654846727848, 0.0013112913584336638, 0.006165092345327139, 0.004895785823464394, 0.0008976893732324243, 0.0005848287837579846, 0.0005719688488170505, 0.00043171682045795023, 0.00036275398451834917, 0.0004983647959306836, 0.000282024935586378, 0.00019076938042417169, 7.287720654858276e-05, 2.1182509954087436e-05, 4.679390258388594e-05, 8.861884998623282e-05, 0.00018153779092244804, 9.806936577660963e-05, 0.00020195060642436147, 0.00016413039702456445, 0.0001279523130506277, 9.8958362286794e-06], "lowlevel.barkbands.stdev": [0.0011806896654888988, 0.012463770806789398, 0.0030735707841813564, 0.0015010276110842824, 0.005622474942356348, 0.007763803005218506, 0.00348023883998394, 0.011295348405838013, 0.010633034631609917, 0.0036933182273060083, 0.0018246987601742148, 0.002016001846641302, 0.0012971339747309685, 0.0011184830218553543, 0.001202343963086605, 0.000607976340688765, 0.00038807187229394913, 0.00012713840987998992, 4.224502117722295e-05, 0.00010808707884280011, 0.00015676787006668746, 0.00027775808121077716, 0.00020821098587475717, 0.00038616079837083817, 0.00024639052571728826, 0.0001734281686367467, 1.8676855688681826e-05], "lowlevel.erbbands.mean": [0.16566133499145508, 0.7893187403678894, 1.8867279291152954, 2.779825448989868, 9.85776424407959, 18.07135772705078, 47.46520233154297, 28.107587814331055, 15.654300689697266, 70.39402770996094, 130.27645874023438, 130.75643920898438, 47.334014892578125, 25.885395050048828, 25.038572311401367, 26.14256477355957, 18.808345794677734, 25.735862731933594, 29.965055465698242, 15.335797309875488, 12.76424503326416, 9.211838722229004, 5.231240272521973, 1.3934118747711182, 1.2528839111328125, 2.2318813800811768, 2.733569860458374, 4.320518493652344, 7.007270812988281, 4.265340805053711, 2.703176975250244, 3.618391275405884, 3.5340969562530518, 1.9334970712661743, 1.1272717714309692, 0.5566904544830322, 0.2436869889497757, 0.04397409409284592, 0.0011658654548227787, 7.204178837127984e-05], "lowlevel.erbbands.stdev": [0.6021934747695923, 2.0707221031188965, 3.5748980045318604, 4.053470611572266, 9.515146255493164, 22.87152671813965, 75.86865997314453, 55.500736236572266, 42.274330139160156, 175.28469848632812, 253.72909545898438, 285.04022216796875, 151.01560974121094, 95.22213745117188, 89.12971496582031, 89.96813201904297, 51.560306549072266, 66.1089096069336, 70.73729705810547, 38.17135238647461, 24.728883743286133, 14.914159774780273, 8.002116203308105, 2.1382033824920654, 2.6017515659332275, 5.1675190925598145, 5.354694843292236, 7.153610706329346, 10.309009552001953, 7.612020015716553, 6.028662204742432, 7.647386074066162, 6.496219635009766, 3.2642884254455566, 1.627925157546997, 0.7673652768135071, 0.3529221713542938, 0.06510792672634125, 0.0019266876624897122, 5.389075886341743e-05], "lowlevel.gfcc.mean": [7.6758222579956055, 69.68209838867188, -75.94910430908203, 3.079902410507202, -68.22335052490234, 17.87787628173828, -52.84122085571289, 4.768553733825684, -23.906126022338867, 4.935252666473389, -33.907684326171875, 4.109522819519043, -13.827278137207031], "lowlevel.melbands.mean": [0.0012859003618359566, 0.000982290250249207, 0.0006857814150862396, 0.000951494846958667, 0.0015130898682400584, 0.0006714051123708487, 0.00023806063109077513, 0.0008771802531555295, 0.0010046310489997268, 0.000819656066596508, 0.00020681050955317914, 9.935358684742823e-05, 7.22451732144691e-05, 7.460313645424321e-05, 4.4321361201582476e-05, 5.014760245103389e-05, 4.500358772929758e-05, 4.5922653953311965e-05, 2.3415010218741372e-05, 2.5158398784697056e-05, 1.2407915164658334e-05, 1.0460480552865192e-05, 7.308169188036118e-06, 2.4373728138016304e-06, 9.522403274786484e-07, 7.740108003417845e-07, 1.160191573035263e-06, 1.5519512999162544e-06, 1.5932639598759124e-06, 1.8948352362713194e-06, 2.7140365546074463e-06, 4.142391389905242e-06, 3.421953579163528e-06, 1.9508577224769397e-06, 1.418991814716719e-06, 1.724172420836112e-06, 2.473376298439689e-06, 2.7775131457019597e-06, 1.8865367792386678e-06, 1.520390924270032e-06], "lowlevel.melbands.stdev": [0.004171728156507015, 0.0018704538233578205, 0.000742491742130369, 0.0009031827212311327, 0.0021348807495087385, 0.0012218562187626958, 0.0006536816945299506, 0.0020664480980485678, 0.002017935737967491, 0.0019489016849547625, 0.000724649231415242, 0.0004153303452767432, 0.00024355450295843184, 0.0002584453031886369, 0.00013190932804718614, 0.00015912813250906765, 0.00013627820590045303, 0.0001115418563131243, 5.4893938795430586e-05, 5.993523518554866e-05, 2.8121135983383283e-05, 1.9492401406751014e-05, 1.2931303899677005e-05, 3.608174210967263e-06, 1.6906745941014378e-06, 1.7077320535463514e-06, 2.8965102956135524e-06, 3.6504739000520203e-06, 3.2786515475891065e-06, 3.9579936128575355e-06, 4.505800461629406e-06, 6.11064115219051e-06, 5.86574969929643e-06, 3.721975872394978e-06, 3.2340653888240922e-06, 4.091477876499994e-06, 5.09351002619951e-06, 5.138522283232305e-06, 3.5410869259067113e-06, 2.56819794230978e-06], "lowlevel.melbands128.mean": [0.00028918692260049284, 0.0014886967837810516, 0.0015358318341895938, 0.0012313739862293005, 0.001022622687742114, 0.0007790120434947312, 0.0004954801988787949, 0.0005250097601674497, 0.0012097395956516266, 0.0007621214026585221, 0.0008953950018621981, 0.001509563298895955, 0.0019840740133076906, 0.001193241449072957, 0.0006177054019644856, 0.0004314265097491443, 0.00022533306037075818, 0.00015574284770991653, 0.00029020244255661964, 0.000889963994268328, 0.0010886923409998417, 0.000979931210167706, 0.0013579069636762142, 0.000514259678311646, 0.0007717438274994493, 0.0012079409789294004, 0.00019918342877645046, 0.00017124100122600794, 6.11609939369373e-05, 0.00013039699115324765, 0.00011120340059278533, 5.0136412028223276e-05, 4.68846810690593e-05, 0.00013348432548809797, 3.7141853681532666e-05, 8.581420115660876e-05, 8.11302597867325e-05, 4.0872302633943036e-05, 1.9915263692382723e-05, 3.534619099809788e-05, 6.706096610287204e-05, 5.398425128078088e-05, 5.355410758056678e-05, 3.8806752854725346e-05, 1.113887810788583e-05, 6.942188338143751e-05, 6.213718734215945e-05, 1.4804752936470322e-05, 1.0972758900607005e-05, 1.551569948787801e-05, 3.88928601751104e-05, 2.1268184354994446e-05, 6.662998657702701e-06, 1.2661042092076968e-05, 1.4950598597351927e-05, 9.719763511384372e-06, 6.39546851743944e-06, 9.188765034195967e-06, 7.333677785936743e-06, 4.801468094228767e-06, 1.7406808865416679e-06, 9.955547284334898e-07, 1.2900142110083834e-06, 8.167051532836922e-07, 6.712016897836293e-07, 8.043334673857316e-07, 8.175212542482768e-07, 7.673356208215409e-07, 1.3884556437915307e-06, 1.5130369774851715e-06, 1.383713424729649e-06, 1.7856140175354085e-06, 1.5094096852408256e-06, 1.5680644764870522e-06, 1.592395506122557e-06, 1.8757079942588462e-06, 2.097210881402134e-06, 1.940504716912983e-06, 3.0755127227166668e-06, 2.8666256639553467e-06, 4.414266186358873e-06, 4.331851869210368e-06, 4.255867224856047e-06, 3.5024675071326783e-06, 2.685832214410766e-06, 2.1057369394839043e-06, 1.7334023141302168e-06, 1.4951378943806048e-06, 1.3031828984821914e-06, 1.449324372515548e-06, 1.5782851505719009e-06, 1.8475058141120826e-06, 1.8686073417484295e-06, 2.1361347535275854e-06, 3.251711632401566e-06, 3.1370061606139643e-06, 2.6800432806339813e-06, 2.140057404176332e-06, 1.9470296592771774e-06, 1.6638595070617157e-06, 1.7607808331376873e-06, 1.4774070677958662e-06, 1.3157690545995138e-06, 1.1668849992929609e-06, 1.3769680435871123e-06, 1.2972410559086711e-06, 1.1502938832563814e-06, 9.212592431140365e-07, 9.232109050572035e-07, 9.378515528624121e-07, 8.948309186962433e-07, 8.199713761314342e-07, 8.561827939956856e-07, 7.136025033105398e-07, 5.348133527149912e-07, 4.6898964001229615e-07, 3.166768749451876e-07, 1.280538555192834e-07, 9.223354524579008e-09, 1.0055654225959998e-11, 8.45641265345698e-12, 8.061943473913757e-12, 7.707055479921898e-12, 7.265406158640797e-12, 6.4001382318878974e-12, 5.2938309118288895e-12, 4.744663863187615e-12, 4.646449024148236e-12], "lowlevel.melbands128.stdev": [0.0011410571169108152, 0.005780886858701706, 0.005317116156220436, 0.003128593787550926, 0.0021639205515384674, 0.0014039191883057356, 0.0008957033860497177, 0.000813883903902024, 0.0012504206970334053, 0.000987561303190887, 0.001554632093757391, 0.0023604054003953934, 0.0036447520833462477, 0.0025458678137511015, 0.0017134284134954214, 0.0014362788060680032, 0.0009857212426140904, 0.0007239598198793828, 0.001037653535604477, 0.0027135086711496115, 0.003034809371456504, 0.0024800957180559635, 0.0033293894957751036, 0.0017037937650457025, 0.002071633469313383, 0.003469048533588648, 0.0011689156526699662, 0.0010344203328713775, 0.0004028729163110256, 0.0007598569500260055, 0.0004855992447119206, 0.00020574894733726978, 0.00019357958808541298, 0.0006273607723414898, 0.00024758404470048845, 0.0004255467210896313, 0.00033514449023641646, 0.0001893456792458892, 9.552750270813704e-05, 0.00016058214532677084, 0.00027420258265919983, 0.00019397020514588803, 0.00022174324840307236, 0.0001681795110926032, 4.7434303269255906e-05, 0.00020716125436592847, 0.00018944949260912836, 5.611922824755311e-05, 5.6209548347396776e-05, 0.00010198800737271085, 0.00010366124479332939, 5.752098513767123e-05, 3.335539440740831e-05, 4.4644457375397906e-05, 4.751528103952296e-05, 2.3906424758024514e-05, 1.481347771914443e-05, 2.16055032069562e-05, 1.8118886146112345e-05, 1.0255102097289637e-05, 3.2429577458970016e-06, 2.006592239922611e-06, 2.374156338191824e-06, 1.7902527815749636e-06, 1.6204678559006425e-06, 2.0228133053024067e-06, 1.9969297682109755e-06, 1.9770761809922988e-06, 4.11506334785372e-06, 4.591076049109688e-06, 3.7598933886329178e-06, 4.426517989486456e-06, 3.4688250707404222e-06, 3.776969833779731e-06, 3.563013478924404e-06, 4.5830033741367515e-06, 4.688133230956737e-06, 3.846263098239433e-06, 5.987875738355797e-06, 4.996993993700016e-06, 7.4316258178441785e-06, 6.65009110889514e-06, 7.529704816988669e-06, 6.732689143973403e-06, 5.4163697313924786e-06, 4.483752491069026e-06, 3.405699544600793e-06, 3.560871846275404e-06, 3.0695669011038262e-06, 3.8546240830328315e-06, 3.989570814155741e-06, 4.546041054709349e-06, 4.981257916369941e-06, 5.222928848525044e-06, 6.4133978412428405e-06, 5.861046247446211e-06, 5.3585408750223e-06, 4.5200399654277135e-06, 3.820634447038174e-06, 3.285457069068798e-06, 3.484415174170863e-06, 2.6761333629110595e-06, 2.1897135411563795e-06, 2.0010065782116726e-06, 2.257888581880252e-06, 2.0758604932780145e-06, 1.8602517002364038e-06, 1.4930070619811886e-06, 1.4072894600758445e-06, 1.4527726079904824e-06, 1.4524370044455281e-06, 1.3375343996813172e-06, 1.4079861330174026e-06, 1.227034204021038e-06, 9.339654525319929e-07, 7.574319056402601e-07, 5.129818987370527e-07, 3.9413225749740377e-07, 6.015464038000573e-08, 9.243948662085444e-11, 8.50642264960122e-11, 7.777548743925777e-11, 7.096537940620706e-11, 6.124295515164135e-11, 4.0968721470857616e-11, 1.5973262643131925e-11, 7.291373234352694e-12, 6.980857298471976e-12], "lowlevel.mfcc.mean": [-657.5225830078125, 119.2904281616211, 34.992034912109375, -2.815903425216675, 8.018489837646484, 6.08693265914917, -15.300856590270996, -4.192518711090088, 7.80084228515625, -9.603876113891602, -1.987280249595642, -0.8286852240562439, -9.874283790588379], "lowlevel.spectral_contrast_coeffs.mean": [-0.6355417966842651, -0.6502288579940796, -0.7177199125289917, -0.755922794342041, -0.7913413047790527, -0.7709899544715881], "lowlevel.spectral_contrast_coeffs.stdev": [0.08254987746477127, 0.10999881476163864, 0.09068121016025543, 0.06731405109167099, 0.044290341436862946, 0.04106974974274635], "lowlevel.spectral_contrast_valleys.mean": [-6.820637226104736, -7.090277194976807, -7.900796890258789, -8.196866989135742, -8.464205741882324, -9.992718696594238], "lowlevel.spectral_contrast_valleys.stdev": [0.7338765263557434, 0.5275387763977051, 0.5426722764968872, 0.5586662888526917, 0.6691814661026001, 0.7472079396247864], "rhythm.beats_loudness_band_ratio.mean": [0.34031686186790466, 0.2946721017360687, 0.30395546555519104, 0.0506337471306324, 0.030176345258951187, 0.03252881020307541], "rhythm.beats_loudness_band_ratio.stdev": [0.28285253047943115, 0.23753474652767181, 0.2613925337791443, 0.06949029862880707, 0.04075887054204941, 0.0465666837990284], "tonal.hpcp.mean": [0.03870776295661926, 0.037642430514097214, 0.030466189607977867, 0.07034900039434433, 0.09003256261348724, 0.04604286327958107, 0.01872783713042736, 0.019960900768637657, 0.06984483450651169, 0.25447994470596313, 0.24360771477222443, 0.05963953956961632, 0.02147585153579712, 0.02449263446033001, 0.05255714803934097, 0.17920874059200287, 0.21145577728748322, 0.10553330928087234, 0.10019417107105255, 0.0980721116065979, 0.040884170681238174, 0.01687062531709671, 0.017300721257925034, 0.037555817514657974, 0.1867266446352005, 0.23543712496757507, 0.09733586758375168, 0.03912656754255295, 0.03872619941830635, 0.06081479415297508, 0.26636987924575806, 0.28631722927093506, 0.07369866222143173, 0.023653322830796242, 0.023936040699481964, 0.026850828900933266], "tonal.hpcp.stdev": [0.13018883764743805, 0.11328727751970291, 0.1092342734336853, 0.16030919551849365, 0.19243907928466797, 0.1314104050397873, 0.08870439976453781, 0.09383197128772736, 0.1678183674812317, 0.3409479856491089, 0.3188283443450928, 0.14272086322307587, 0.09597782045602798, 0.12673255801200867, 0.16082926094532013, 0.31505003571510315, 0.33656278252601624, 0.2364482879638672, 0.24955351650714874, 0.2588099241256714, 0.13863901793956757, 0.08340541273355484, 0.08707822114229202, 0.13427835702896118, 0.3106752634048462, 0.3704056739807129, 0.1999180018901825, 0.15011541545391083, 0.15009669959545135, 0.17361314594745636, 0.3221234381198883, 0.33937615156173706, 0.13702397048473358, 0.113596610724926, 0.1218743771314621, 0.1188284158706665], "rhythm.beats_position": [0.3250793516635895, 0.6617686748504639, 1.0100680589675903, 1.3583673238754272, 1.7066665887832642, 2.043355941772461, 2.3800454139709473, 2.7167346477508545, 3.0650339126586914, 3.4133331775665283, 3.7616326808929443, 4.109931945800781, 4.458230972290039, 4.806530475616455, 5.154829978942871, 5.491518974304199, 5.8282084465026855, 6.176507949829102, 6.524806976318359, 6.873106479644775, 7.209795951843262, 7.5580949783325195, 7.9063944816589355, 8.254693984985352, 8.59138298034668, 8.928071975708008, 9.264761924743652, 9.61306095123291, 9.961359977722168, 10.309659957885742, 10.657958984375, 11.006258010864258, 11.354557991027832, 11.69124698638916, 12.039546012878418, 12.387845993041992, 12.72453498840332, 13.072834014892578, 13.421133995056152, 13.76943302154541, 14.117732048034668, 14.454421043395996, 14.79111099243164, 15.139410018920898, 15.476099014282227, 15.812788963317871, 16.161088943481445, 16.509387969970703, 16.84607696533203, 17.19437599182129, 17.531064987182617, 17.879364013671875, 18.227664947509766, 18.575963973999023, 18.92426300048828, 19.27256202697754, 19.620861053466797, 19.957550048828125, 20.294239044189453, 20.642539978027344, 20.9908390045166, 21.33913803100586, 21.675827026367188, 22.012516021728516, 22.360815048217773, 22.709115982055664, 23.045804977416992, 23.39410400390625, 23.730792999267578, 24.079092025756836, 24.427391052246094, 24.775691986083984, 25.112380981445312, 25.46068000793457, 25.7973690032959, 26.145668029785156], "rhythm.bpm_histogram": [0.0, 0.0, 0.0, 0.0, 0.0, 0.0, 0.0, 0.0, 0.0, 0.0, 0.0, 0.0, 0.0, 0.0, 0.0, 0.0, 0.0, 0.0, 0.0, 0.0, 0.0, 0.0, 0.0, 0.0, 0.0, 0.0, 0.0, 0.0, 0.0, 0.0, 0.0, 0.0, 0.0, 0.0, 0.0, 0.0, 0.0, 0.0, 0.0, 0.0, 0.0, 0.0, 0.0, 0.0, 0.0, 0.0, 0.0, 0.0, 0.0, 0.0, 0.0, 0.0, 0.0, 0.0, 0.0, 0.0, 0.0, 0.0, 0.0, 0.0, 0.0, 0.0, 0.0, 0.0, 0.0, 0.0, 0.0, 0.0, 0.0, 0.0, 0.0, 0.0, 0.0, 0.0, 0.0, 0.0, 0.0, 0.0, 0.0, 0.0, 0.0, 0.0, 0.0, 0.0, 0.0, 0.0, 0.0, 0.0, 0.0, 0.0, 0.0, 0.0, 0.0, 0.0, 0.0, 0.0, 0.0, 0.0, 0.0, 0.0, 0.0, 0.0, 0.0, 0.0, 0.0, 0.0, 0.0, 0.0, 0.0, 0.0, 0.0, 0.0, 0.0, 0.0, 0.0, 0.0, 0.0, 0.0, 0.0, 0.0, 0.0, 0.0, 0.0, 0.0, 0.0, 0.0, 0.0, 0.0, 0.0, 0.0, 0.0, 0.0, 0.0, 0.0, 0.0, 0.0, 0.0, 0.0, 0.0, 0.0, 0.0, 0.0, 0.0, 0.0, 0.0, 0.0, 0.0, 0.0, 0.0, 0.0, 0.0, 0.0, 0.0, 0.0, 0.0, 0.0, 0.0, 0.0, 0.0, 0.0, 0.0, 0.0, 0.0, 0.0, 0.0, 0.0, 0.0, 0.0, 0.0, 0.0, 0.0, 0.0, 0.653333306312561, 0.0, 0.0, 0.0, 0.0, 0.0, 0.3466666638851166, 0.0, 0.0, 0.0, 0.0, 0.0, 0.0, 0.0, 0.0, 0.0, 0.0, 0.0, 0.0, 0.0, 0.0, 0.0, 0.0, 0.0, 0.0, 0.0, 0.0, 0.0, 0.0, 0.0, 0.0, 0.0, 0.0, 0.0, 0.0, 0.0, 0.0, 0.0, 0.0, 0.0, 0.0, 0.0, 0.0, 0.0, 0.0, 0.0, 0.0, 0.0, 0.0, 0.0, 0.0, 0.0, 0.0, 0.0, 0.0, 0.0, 0.0, 0.0, 0.0, 0.0, 0.0, 0.0, 0.0, 0.0, 0.0, 0.0, 0.0, 0.0, 0.0, 0.0, 0.0, 0.0, 0.0, 0.0, 0.0, 0.0, 0.0, 0.0], "tonal.chords_histogram": [33.157894134521484, 0.0, 20.0, 14.561403274536133, 0.8771929740905762, 6.491228103637695, 0.0, 13.333333015441895, 0.0, 5.087719440460205, 0.0, 0.0, 0.0, 0.0, 0.0, 0.0, 0.0, 0.0, 0.0, 0.0, 0.0, 0.0, 6.491228103637695, 0.0], "tonal.thpcp": [1.0, 0.25740212202072144, 0.0826122909784317, 0.08359972387552261, 0.09377999603748322, 0.13519187271595, 0.13147106766700745, 0.10640711337327957, 0.24570299685001373, 0.31445038318634033, 0.1608106642961502, 0.06540939956903458, 0.06971602886915207, 0.24394212663173676, 0.8888041377067566, 0.8508315086364746, 0.20829881727695465, 0.07500719279050827, 0.08554369956254959, 0.18356265127658844, 0.6259097456932068, 0.7385366559028625, 0.36858874559402466, 0.34994110465049744, 0.3425295352935791, 0.14279325306415558, 0.058922842144966125, 0.060425009578466415, 0.13116855919361115, 0.6521669626235962, 0.8222946524620056, 0.339958131313324, 0.13665460050106049, 0.13525626063346863, 0.2124035507440567, 0.930331289768219], "lowlevel.gfcc.cov": [[2776.037353515625, -423.21466064453125, -220.52926635742188, 73.00230407714844, -51.382930755615234, 97.17178344726562, 75.67831420898438, 116.6351318359375, 188.4403076171875, 146.6815643310547, -80.1236343383789, 16.34785270690918, 6.782077312469482], [-423.21466064453125, 877.8923950195312, 110.9700698852539, -136.22251892089844, 163.11178588867188, 34.58366394042969, 107.0250473022461, 51.84335708618164, 42.542022705078125, -3.5753164291381836, 37.999366760253906, -38.2523078918457, -0.5473502278327942], [-220.52926635742188, 110.9700698852539, 412.7901611328125, 259.3827819824219, 78.73847198486328, 30.228302001953125, 11.529184341430664, 18.79126739501953, -29.40003776550293, 5.5895514488220215, 77.84271240234375, 25.963735580444336, 1.4713629484176636], [73.00230407714844, -136.22251892089844, 259.3827819824219, 528.6047973632812, 102.01046752929688, -46.021644592285156, -83.2030029296875, 27.284948348999023, 48.624637603759766, 2.8994171619415283, 57.68717575073242, 45.69123840332031, 70.81788635253906], [-51.382930755615234, 163.11178588867188, 78.73847198486328, 102.01046752929688, 265.8194885253906, 97.87577056884766, 70.50504302978516, 65.17752075195312, 5.897089004516602, -0.08925450593233109, 2.746959924697876, -14.57839298248291, 25.313940048217773], [97.17178344726562, 34.58366394042969, 30.228302001953125, -46.021644592285156, 97.87577056884766, 256.1094970703125, 187.63426208496094, 39.943809509277344, -26.367870330810547, 39.508262634277344, 33.06477737426758, -8.242775917053223, -42.39790725708008], [75.67831420898438, 107.0250473022461, 11.529184341430664, -83.2030029296875, 70.50504302978516, 187.63426208496094, 294.2922668457031, 80.73217010498047, -49.791751861572266, 33.0821418762207, 42.44078826904297, -5.610667705535889, -54.46607971191406], [116.6351318359375, 51.84335708618164, 18.79126739501953, 27.284948348999023, 65.17752075195312, 39.943809509277344, 80.73217010498047, 141.38807678222656, 74.97230529785156, 18.73027992248535, -9.742780685424805, -8.593338012695312, 22.67539405822754], [188.4403076171875, 42.542022705078125, -29.40003776550293, 48.624637603759766, 5.897089004516602, -26.367870330810547, -49.791751861572266, 74.97230529785156, 229.27413940429688, 61.44812774658203, -66.04873657226562, -31.898805618286133, 27.43968391418457], [146.6815643310547, -3.5753164291381836, 5.5895514488220215, 2.8994171619415283, -0.08925450593233109, 39.508262634277344, 33.0821418762207, 18.73027992248535, 61.44812774658203, 114.9422607421875, 49.22832107543945, 10.50684928894043, -20.961280822753906], [-80.1236343383789, 37.999366760253906, 77.84271240234375, 57.68717575073242, 2.746959924697876, 33.06477737426758, 42.44078826904297, -9.742780685424805, -66.04873657226562, 49.22832107543945, 192.09555053710938, 101.19734954833984, -9.332917213439941], [16.34785270690918, -38.2523078918457, 25.963735580444336, 45.69123840332031, -14.57839298248291, -8.242775917053223, -5.610667705535889, -8.593338012695312, -31.898805618286133, 10.50684928894043, 101.19734954833984, 136.5238037109375, 41.286155700683594], [6.782077312469482, -0.5473502278327942, 1.4713629484176636, 70.81788635253906, 25.313940048217773, -42.39790725708008, -54.46607971191406, 22.67539405822754, 27.43968391418457, -20.961280822753906, -9.332917213439941, 41.286155700683594, 125.44527435302734]], "lowlevel.gfcc.icov": [[0.0004929333226755261, 9.053738176589832e-05, 0.0003634513122960925, -0.00031636585481464863, 0.00020178951672278345, -0.00025001715403050184, -2.886046058847569e-05, -0.00037798681296408176, 5.981983485980891e-05, -0.0007037760806269944, 0.0005968385958112776, -0.0004301981534808874, 0.0001339613227173686], [9.053738176589832e-05, 0.002435203641653061, -0.0014652761165052652, 0.0020410858560353518, -0.0020894110202789307, 0.0016161485109478235, -0.0016678250394761562, 0.0015360156539827585, -0.0026512211188673973, 0.001827079220674932, -0.0025244776625186205, 0.0015788443852216005, -0.0009854993550106883], [0.0003634513122960925, -0.0014652761165052652, 0.005227482877671719, -0.0035699200816452503, 0.0013144094264134765, -0.0017360715428367257, 0.0012647369876503944, -0.0019516091560944915, 0.0025147462729364634, -0.0015754572814330459, 0.0010837031295523047, -0.0008437889628112316, 0.0015228892443701625], [-0.00031636585481464863, 0.0020410858560353518, -0.0035699200816452503, 0.005607532802969217, -0.003043726086616516, 0.0021486792247742414, -0.0007735832477919757, 0.0018148533999919891, -0.0034771643113344908, 0.0025849929079413414, -0.003630515420809388, 0.0015904047759249806, -0.002022271975874901], [0.00020178951672278345, -0.0020894110202789307, 0.0013144094264134765, -0.003043726086616516, 0.007686940487474203, -0.003982515074312687, 0.0017364253289997578, -0.0035964958369731903, 0.0031187692657113075, -0.0016521478537470102, 0.0024971517268568277, -0.0002603491011541337, -0.0004971043090336025], [-0.00025001715403050184, 0.0016161485109478235, -0.0017360715428367257, 0.0021486792247742414, -0.003982515074312687, 0.009995660744607449, -0.006358733866363764, 0.0033122235909104347, -0.002412565518170595, 0.00022683959105052054, -0.002007534960284829, 0.0012282291427254677, -0.00033762500970624387], [-2.886046058847569e-05, -0.0016678250394761562, 0.0012647369876503944, -0.0007735832477919757, 0.0017364253289997578, -0.006358733866363764, 0.010991844348609447, -0.007640992756932974, 0.005479501560330391, -0.0028047773521393538, 0.0017777362372726202, -0.0014009198639541864, 0.0029963699635118246], [-0.00037798681296408176, 0.0015360156539827585, -0.0019516091560944915, 0.0018148533999919891, -0.0035964958369731903, 0.0033122235909104347, -0.007640992756932974, 0.01627677120268345, -0.00848385225981474, 0.004147256258875132, -0.0036018581595271826, 0.0023035129997879267, -0.0038664317689836025], [5.981983485980891e-05, -0.0026512211188673973, 0.0025147462729364634, -0.0034771643113344908, 0.0031187692657113075, -0.002412565518170595, 0.005479501560330391, -0.00848385225981474, 0.014032864011824131, -0.01009037159383297, 0.008017662912607193, -0.0023792812135070562, 0.0010105534456670284], [-0.0007037760806269944, 0.001827079220674932, -0.0015754572814330459, 0.0025849929079413414, -0.0016521478537470102, 0.00022683959105052054, -0.0028047773521393538, 0.004147256258875132, -0.01009037159383297, 0.019276225939393044, -0.01027748640626669, 0.0036350113805383444, 0.0005149485659785569], [0.0005968385958112776, -0.0025244776625186205, 0.0010837031295523047, -0.003630515420809388, 0.0024971517268568277, -0.002007534960284829, 0.0017777362372726202, -0.0036018581595271826, 0.008017662912607193, -0.01027748640626669, 0.018105577677488327, -0.011735712178051472, 0.00397242559120059], [-0.0004301981534808874, 0.0015788443852216005, -0.0008437889628112316, 0.0015904047759249806, -0.0002603491011541337, 0.0012282291427254677, -0.0014009198639541864, 0.0023035129997879267, -0.0023792812135070562, 0.0036350113805383444, -0.011735712178051472, 0.017540527507662773, -0.006932942196726799], [0.0001339613227173686, -0.0009854993550106883, 0.0015228892443701625, -0.002022271975874901, -0.0004971043090336025, -0.00033762500970624387, 0.0029963699635118246, -0.0038664317689836025, 0.0010105534456670284, 0.0005149485659785569, 0.00397242559120059, -0.006932942196726799, 0.01351219043135643]], "lowlevel.mfcc.cov": [[2678.021484375, -582.1204223632812, -166.13571166992188, 0.41308528184890747, -70.99598693847656, 55.93803024291992, -136.13804626464844, 13.368839263916016, 152.49368286132812, 101.19926452636719, 87.72183227539062, 24.478086471557617, 23.281341552734375], [-582.1204223632812, 952.2828369140625, -71.18327331542969, -141.89231872558594, 4.623284816741943, 19.981475830078125, 110.5533447265625, 50.695465087890625, 38.092376708984375, 29.065946578979492, 108.7208251953125, 23.37064552307129, -57.20206069946289], [-166.13571166992188, -71.18327331542969, 352.41546630859375, 166.80154418945312, 62.053279876708984, 21.2623233795166, 29.55031394958496, 10.952595710754395, -53.46321487426758, -19.435134887695312, -33.83399200439453, 69.01956939697266, 77.69678497314453], [0.41308528184890747, -141.89231872558594, 166.80154418945312, 376.9378967285156, 172.04788208007812, -29.07539176940918, -18.55147933959961, -0.6287508010864258, 28.666643142700195, -9.367100715637207, -104.07771301269531, 64.2701187133789, 89.53239440917969], [-70.99598693847656, 4.623284816741943, 62.053279876708984, 172.04788208007812, 274.19189453125, 5.456428527832031, -41.413734436035156, -6.321557998657227, 87.5741958618164, 15.774532318115234, -65.25202178955078, 23.2598934173584, 18.15604591369629], [55.93803024291992, 19.981475830078125, 21.2623233795166, -29.07539176940918, 5.456428527832031, 177.31814575195312, 113.98338317871094, 40.21819305419922, -9.69048023223877, 48.77199935913086, 72.25931549072266, 3.1863479614257812, -6.7114057540893555], [-136.13804626464844, 110.5533447265625, 29.55031394958496, -18.55147933959961, -41.413734436035156, 113.98338317871094, 365.66754150390625, 113.18687438964844, -76.42891693115234, 26.4539794921875, 55.280582427978516, -11.246702194213867, 4.98186731338501], [13.368839263916016, 50.695465087890625, 10.952595710754395, -0.6287508010864258, -6.321557998657227, 40.21819305419922, 113.18687438964844, 138.39678955078125, 24.421489715576172, 18.987220764160156, 36.50101852416992, 5.433488845825195, 10.977441787719727], [152.49368286132812, 38.092376708984375, -53.46321487426758, 28.666643142700195, 87.5741958618164, -9.69048023223877, -76.42891693115234, 24.421489715576172, 272.8283996582031, 80.71223449707031, 2.441720724105835, -8.211967468261719, -55.48476791381836], [101.19926452636719, 29.065946578979492, -19.435134887695312, -9.367100715637207, 15.774532318115234, 48.77199935913086, 26.4539794921875, 18.987220764160156, 80.71223449707031, 140.5839080810547, 78.93061065673828, 4.233537673950195, -20.985992431640625], [87.72183227539062, 108.7208251953125, -33.83399200439453, -104.07771301269531, -65.25202178955078, 72.25931549072266, 55.280582427978516, 36.50101852416992, 2.441720724105835, 78.93061065673828, 192.8365020751953, 19.005245208740234, -23.804563522338867], [24.478086471557617, 23.37064552307129, 69.01956939697266, 64.2701187133789, 23.2598934173584, 3.1863479614257812, -11.246702194213867, 5.433488845825195, -8.211967468261719, 4.233537673950195, 19.005245208740234, 118.10420227050781, 66.9434814453125], [23.281341552734375, -57.20206069946289, 77.69678497314453, 89.53239440917969, 18.15604591369629, -6.7114057540893555, 4.98186731338501, 10.977441787719727, -55.48476791381836, -20.985992431640625, -23.804563522338867, 66.9434814453125, 160.32534790039062]], "lowlevel.mfcc.icov": [[0.0005244273925200105, 0.0003646229743026197, 0.00033640331821516156, -9.637406037654728e-05, 0.00020572396169882268, -0.0002397597854724154, 0.00016143203538376838, -0.00011118174734292552, -0.000304255576338619, -5.5403506848961115e-05, -0.0002706811937969178, -0.00023428877466358244, -0.0001409174146829173], [0.0003646229743026197, 0.0015811016783118248, 0.00030893716029822826, 0.0005774427554570138, -0.00045992934610694647, 0.0003748248564079404, -0.0005060541443526745, -8.229704690165818e-05, -0.00045622442848980427, 0.00031312162172980607, -0.0008265729411505163, -0.0009090236853808165, 0.0002680509933270514], [0.00033640331821516156, 0.00030893716029822826, 0.004341045394539833, -0.0016128042479977012, 7.544842083007097e-05, -0.0008898263913579285, 6.547922384925187e-05, -0.00034376163966953754, 0.0006356730009429157, 0.0001517141645308584, 2.119376767950598e-05, -0.0015725301345810294, -0.00026641038130037487], [-9.637406037654728e-05, 0.0005774427554570138, -0.0016128042479977012, 0.0059625995345413685, -0.0027410145848989487, 0.0011432399041950703, -0.000750226725358516, -5.241382314125076e-05, -0.0003313403285574168, -0.000807307951617986, 0.001856039511039853, -0.0015449783531948924, -0.0012426474131643772], [0.00020572396169882268, -0.00045992934610694647, 7.544842083007097e-05, -0.0027410145848989487, 0.006443621125072241, -0.001783503801561892, 0.000751535058952868, 0.0002607812930364162, -0.0015565172070637345, -0.0004377518780529499, 0.001501441583968699, -6.002673035254702e-05, 0.00010660643602022901], [-0.0002397597854724154, 0.0003748248564079404, -0.0008898263913579285, 0.0011432399041950703, -0.001783503801561892, 0.008997872471809387, -0.0025737928226590157, 7.888227264629677e-05, 0.0003920213785022497, -0.00127125671133399, -0.002359936712309718, 7.002422353252769e-05, 0.00020418575149960816], [0.00016143203538376838, -0.0005060541443526745, 6.547922384925187e-05, -0.000750226725358516, 0.000751535058952868, -0.0025737928226590157, 0.005480465479195118, -0.003976610954850912, 0.002112527145072818, -0.0013065554667264223, 0.0006781273405067623, 0.0009440986905246973, 0.00035891239531338215], [-0.00011118174734292552, -8.229704690165818e-05, -0.00034376163966953754, -5.241382314125076e-05, 0.0002607812930364162, 7.888227264629677e-05, -0.003976610954850912, 0.011456884443759918, -0.0030473016668111086, 0.0017222207970917225, -0.0018764325650408864, 0.00032970524625852704, -0.0017499071545898914], [-0.000304255576338619, -0.00045622442848980427, 0.0006356730009429157, -0.0003313403285574168, -0.0015565172070637345, 0.0003920213785022497, 0.002112527145072818, -0.0030473016668111086, 0.007138692773878574, -0.004184333607554436, 0.0015822991263121367, -0.0003735478676389903, 0.0024077899288386106], [-5.5403506848961115e-05, 0.00031312162172980607, 0.0001517141645308584, -0.000807307951617986, -0.0004377518780529499, -0.00127125671133399, -0.0013065554667264223, 0.0017222207970917225, -0.004184333607554436, 0.013006441295146942, -0.0055605461820960045, 0.0005798125639557838, -0.00039720311178825796], [-0.0002706811937969178, -0.0008265729411505163, 2.119376767950598e-05, 0.001856039511039853, 0.001501441583968699, -0.002359936712309718, 0.0006781273405067623, -0.0018764325650408864, 0.0015822991263121367, -0.0055605461820960045, 0.01105140894651413, -0.0030800984241068363, 0.0012829259503632784], [-0.00023428877466358244, -0.0009090236853808165, -0.0015725301345810294, -0.0015449783531948924, -6.002673035254702e-05, 7.002422353252769e-05, 0.0009440986905246973, 0.00032970524625852704, -0.0003735478676389903, 0.0005798125639557838, -0.0030800984241068363, 0.01381552405655384, -0.004986973013728857], [-0.0001409174146829173, 0.0002680509933270514, -0.00026641038130037487, -0.0012426474131643772, 0.00010660643602022901, 0.00020418575149960816, 0.0003