{"song_id": "1183718458643464243", "download": "https://cdn.discordapp.com/attachments/1135903449314238464/1183718458643464243/chirp.mp4?ex=65895ab8&amp", "lyrics": "\u5218\u80dc\u7537\u4f60\u5728\u5e72\u4ec0\u4e48\n\u5218\u80dc\u7537\u4f60\u5728\u5e72\u4ec0\u4e48\n\u5218\u80dc\u7537\u4f60\u5728\u5e72\u4ec0\u4e48\n\u5218\u80dc\u7537\u4f60\u5728\u5e72\u4ec0\u4e48", "style": ["rock"], "essentia_features": {"lowlevel.average_loudness": 0.9113795161247253, "lowlevel.barkbands_crest.mean": 11.211942672729492, "lowlevel.barkbands_crest.stdev": 4.478741645812988, "lowlevel.barkbands_flatness_db.mean": 0.1458955556154251, "lowlevel.barkbands_flatness_db.stdev": 0.04618039354681969, "lowlevel.barkbands_kurtosis.mean": 3.317394971847534, "lowlevel.barkbands_kurtosis.stdev": 7.290528774261475, "lowlevel.barkbands_skewness.mean": 1.2957371473312378, "lowlevel.barkbands_skewness.stdev": 1.3619273900985718, "lowlevel.barkbands_spread.mean": 25.154312133789062, "lowlevel.barkbands_spread.stdev": 13.991658210754395, "lowlevel.dissonance.mean": 0.4602959156036377, "lowlevel.dissonance.stdev": 0.030234964564442635, "lowlevel.dynamic_complexity": 3.597691774368286, "lowlevel.erbbands_crest.mean": 10.8961820602417, "lowlevel.erbbands_crest.stdev": 4.364590644836426, "lowlevel.erbbands_flatness_db.mean": 0.16295289993286133, "lowlevel.erbbands_flatness_db.stdev": 0.04125886410474777, "lowlevel.erbbands_kurtosis.mean": 0.566659152507782, "lowlevel.erbbands_kurtosis.stdev": 2.149019479751587, "lowlevel.erbbands_skewness.mean": 0.010555004701018333, "lowlevel.erbbands_skewness.stdev": 0.959214985370636, "lowlevel.erbbands_spread.mean": 37.763248443603516, "lowlevel.erbbands_spread.stdev": 18.75970458984375, "lowlevel.hfc.mean": 21.36245346069336, "lowlevel.hfc.stdev": 17.626813888549805, "lowlevel.loudness_ebu128.integrated": -22.20567512512207, "lowlevel.loudness_ebu128.loudness_range": 4.839925765991211, "lowlevel.loudness_ebu128.momentary.mean": -23.004634857177734, "lowlevel.loudness_ebu128.momentary.stdev": 2.743677854537964, "lowlevel.loudness_ebu128.short_term.mean": -22.588531494140625, "lowlevel.loudness_ebu128.short_term.stdev": 1.7510418891906738, "lowlevel.melbands_crest.mean": 14.284242630004883, "lowlevel.melbands_crest.stdev": 4.932679176330566, "lowlevel.melbands_flatness_db.mean": 0.19072461128234863, "lowlevel.melbands_flatness_db.stdev": 0.06132299825549126, "lowlevel.melbands_kurtosis.mean": 12.707491874694824, "lowlevel.melbands_kurtosis.stdev": 20.77878189086914, "lowlevel.melbands_skewness.mean": 2.4743192195892334, "lowlevel.melbands_skewness.stdev": 1.9752315282821655, "lowlevel.melbands_spread.mean": 29.848424911499023, "lowlevel.melbands_spread.stdev": 23.566219329833984, "lowlevel.pitch_salience.mean": 0.5276508927345276, "lowlevel.pitch_salience.stdev": 0.1121598333120346, "lowlevel.silence_rate_20dB.mean": 1.0, "lowlevel.silence_rate_20dB.stdev": 0.0, "lowlevel.silence_rate_30dB.mean": 1.0, "lowlevel.silence_rate_30dB.stdev": 0.0, "lowlevel.silence_rate_60dB.mean": 0.04330708831548691, "lowlevel.silence_rate_60dB.stdev": 0.20354823768138885, "lowlevel.spectral_centroid.mean": 1641.5413818359375, "lowlevel.spectral_centroid.stdev": 643.6129760742188, "lowlevel.spectral_complexity.mean": 14.758858680725098, "lowlevel.spectral_complexity.stdev": 7.723947048187256, "lowlevel.spectral_decrease.mean": -5.372781330947873e-09, "lowlevel.spectral_decrease.stdev": 3.7722753809532605e-09, "lowlevel.spectral_energy.mean": 0.022215742617845535, "lowlevel.spectral_energy.stdev": 0.015448909252882004, "lowlevel.spectral_energyband_high.mean": 0.0006242521340027452, "lowlevel.spectral_energyband_high.stdev": 0.0012010278878733516, "lowlevel.spectral_energyband_low.mean": 0.004619510378688574, "lowlevel.spectral_energyband_low.stdev": 0.005169149488210678, "lowlevel.spectral_energyband_middle_high.mean": 0.007616240996867418, "lowlevel.spectral_energyband_middle_high.stdev": 0.008555110543966293, "lowlevel.spectral_energyband_middle_low.mean": 0.010280436836183071, "lowlevel.spectral_energyband_middle_low.stdev": 0.010017482563853264, "lowlevel.spectral_entropy.mean": 7.5234375, "lowlevel.spectral_entropy.stdev": 0.3891361355781555, "lowlevel.spectral_flux.mean": 0.06569573283195496, "lowlevel.spectral_flux.stdev": 0.033658429980278015, "lowlevel.spectral_kurtosis.mean": 4.70908260345459, "lowlevel.spectral_kurtosis.stdev": 1.8111528158187866, "lowlevel.spectral_rms.mean": 0.004354820586740971, "lowlevel.spectral_rms.stdev": 0.0016460235929116607, "lowlevel.spectral_rolloff.mean": 1857.1522216796875, "lowlevel.spectral_rolloff.stdev": 1720.0435791015625, "lowlevel.spectral_skewness.mean": 1.5317187309265137, "lowlevel.spectral_skewness.stdev": 0.28644856810569763, "lowlevel.spectral_spread.mean": 4542993.5, "lowlevel.spectral_spread.stdev": 1415194.125, "lowlevel.spectral_strongpeak.mean": 1.7070989608764648, "lowlevel.spectral_strongpeak.stdev": 1.9655483961105347, "lowlevel.zerocrossingrate.mean": 0.07306725531816483, "lowlevel.zerocrossingrate.stdev": 0.04263700544834137, "metadata.audio_properties.analysis.equal_loudness": 0.0, "metadata.audio_properties.analysis.length": 23.550952911376953, "metadata.audio_properties.analysis.sample_rate": 44100.0, "metadata.audio_properties.analysis.start_time": 0.0, "metadata.audio_properties.bit_rate": 117900.0, "metadata.audio_properties.length": 23.552000045776367, "metadata.audio_properties.lossless": 0.0, "metadata.audio_properties.number_channels": 1.0, "metadata.audio_properties.replay_gain": -5.307111740112305, "metadata.audio_properties.sample_rate": 48000.0, "rhythm.beats_count": 44.0, "rhythm.beats_loudness.mean": 0.03212697058916092, "rhythm.beats_loudness.stdev": 0.01578923501074314, "rhythm.bpm": 114.3141860961914, "rhythm.bpm_histogram_first_peak_bpm": 115.0, "rhythm.bpm_histogram_first_peak_weight": 0.3095238208770752, "rhythm.bpm_histogram_second_peak_bpm": 105.0, "rhythm.bpm_histogram_second_peak_spread": 0.0, "rhythm.bpm_histogram_second_peak_weight": 0.023255813866853714, "rhythm.danceability": 0.937190055847168, "rhythm.onset_rate": 3.351966619491577, "tonal.chords_changes_rate": 0.045186638832092285, "tonal.chords_number_rate": 0.009823182597756386, "tonal.chords_strength.mean": 0.5954684615135193, "tonal.chords_strength.stdev": 0.07277051359415054, "tonal.hpcp_crest.mean": 17.355083465576172, "tonal.hpcp_crest.stdev": 8.492558479309082, "tonal.hpcp_entropy.mean": 1.6625784635543823, "tonal.hpcp_entropy.stdev": 0.8379918336868286, "tonal.key_edma.strength": 0.782278299331665, "tonal.key_krumhansl.strength": 0.7719311714172363, "tonal.key_temperley.strength": 0.7565664649009705, "tonal.tuning_diatonic_strength": 0.6868360638618469, "tonal.tuning_equal_tempered_deviation": 0.0541318841278553, "tonal.tuning_frequency": 439.74591064453125, "tonal.tuning_nontempered_energy_ratio": 0.7040402889251709, "lowlevel.barkbands.mean": [7.647716847714037e-05, 0.002379803452640772, 0.0013058740878477693, 0.0016555963084101677, 0.0017667540814727545, 0.0029925252310931683, 0.0008147891494445503, 0.00017181370640173554, 0.0027467734180390835, 0.0007878823089413345, 0.002975564682856202, 0.00012058596621500328, 0.00020473459153436124, 0.000394720264011994, 0.0010306378826498985, 0.00041464230162091553, 0.00056075380416587, 0.0004555145569611341, 0.0006654337630607188, 0.0001507434353698045, 0.0001724412286421284, 9.0065470431e-05, 0.00010828107042470947, 6.237307388801128e-05, 6.068296352168545e-05, 4.906559843220748e-05, 1.2211033890707768e-06], "lowlevel.barkbands.stdev": [0.000164030643645674, 0.0028665605932474136, 0.0025178194046020508, 0.002891591750085354, 0.0034863478504121304, 0.00642828643321991, 0.0019888083916157484, 0.0009192269644699991, 0.004898612387478352, 0.002513054059818387, 0.005772859789431095, 0.0003344510914757848, 0.0005012660403735936, 0.0007954348693601787, 0.0020522966515272856, 0.0006604540394619107, 0.001496677054092288, 0.0007189341704361141, 0.0006842089933343232, 0.00021936681878287345, 0.00057530018966645, 0.0001803274208214134, 0.00022360976436175406, 0.00011693103442667052, 9.492712706560269e-05, 6.75469491397962e-05, 4.218725734972395e-06], "lowlevel.erbbands.mean": [0.07236333936452866, 0.5223228335380554, 1.4146682024002075, 3.842193126678467, 4.714132785797119, 7.817874908447266, 14.534708023071289, 24.12352752685547, 13.089515686035156, 7.41897439956665, 16.21347999572754, 75.13438415527344, 16.106107711791992, 57.20298767089844, 93.47550964355469, 8.815841674804688, 9.668935775756836, 10.423296928405762, 23.078859329223633, 78.19425964355469, 19.217079162597656, 28.228137969970703, 29.827770233154297, 38.50088119506836, 17.954620361328125, 7.486369609832764, 7.72902250289917, 5.496474266052246, 3.2171459197998047, 3.6024372577667236, 2.883331060409546, 1.4858109951019287, 1.0121212005615234, 0.6791129112243652, 0.42072832584381104, 0.21937039494514465, 0.09079572558403015, 0.013147080317139626, 0.00027158649754710495, 3.6423385608941317e-05], "lowlevel.erbbands.stdev": [0.10224750638008118, 0.653348982334137, 2.3050613403320312, 6.51325798034668, 6.678075313568115, 17.257076263427734, 32.31295394897461, 52.2387809753418, 32.46181106567383, 17.858604431152344, 32.920780181884766, 136.41270446777344, 57.72756576538086, 93.34741973876953, 178.23583984375, 15.026616096496582, 20.872882843017578, 15.960281372070312, 34.34145736694336, 160.0712127685547, 22.320310592651367, 63.077980041503906, 59.482486724853516, 39.75264358520508, 15.436986923217773, 10.369487762451172, 21.359344482421875, 18.761552810668945, 7.157286643981934, 6.665526390075684, 6.131457805633545, 3.3418619632720947, 1.6439546346664429, 1.223163366317749, 0.6265355348587036, 0.308243066072464, 0.127708300948143, 0.022473422810435295, 0.00046167027903720737, 2.655334901646711e-05], "lowlevel.gfcc.mean": [-2.8998537063598633, 68.00676727294922, -118.88967895507812, 34.62948226928711, -50.32378005981445, 10.221166610717773, -40.03761291503906, 22.759441375732422, -30.60541534423828, -3.401954174041748, -21.5701847076416, 4.528710842132568, -12.06899642944336], "lowlevel.melbands.mean": [0.0006540965405292809, 0.0007350146188400686, 0.0006857604603283107, 0.00043996836757287383, 0.0004918425111100078, 0.0005520388949662447, 0.0001890402054414153, 6.547546945512295e-05, 0.00023770488041918725, 0.0004115600895602256, 6.379799742717296e-05, 0.00021181750344112515, 0.0004382113984320313, 1.752115167619195e-05, 2.373807546973694e-05, 1.3389356354309712e-05, 2.3259815861820243e-05, 3.937707515433431e-05, 7.186954462667927e-05, 7.467201066901907e-05, 1.7059965102816932e-05, 2.3268901713890955e-05, 4.305272159399465e-05, 1.8655200619832613e-05, 3.3914217056008056e-05, 1.961999441846274e-05, 6.40693406239734e-06, 4.548890956357354e-06, 4.587882813211763e-06, 4.89800913783256e-06, 2.4981161459436407e-06, 1.7939694316737587e-06, 1.728212509988225e-06, 2.1254886632959824e-06, 1.8025200461124768e-06, 1.135669094765035e-06, 8.38871756059234e-07, 7.657465062038682e-07, 5.484564553626115e-07, 5.806605258840136e-07], "lowlevel.melbands.stdev": [0.0008146119653247297, 0.0009793222416192293, 0.0010854382999241352, 0.0007656265515834093, 0.0009864295134320855, 0.0011794912861660123, 0.00047645249287597835, 0.00016456139564979821, 0.0004278245323803276, 0.0007415966829285026, 0.0002930666378233582, 0.0003743430715985596, 0.0008566579781472683, 4.525611802819185e-05, 6.485459016403183e-05, 2.3316721126320772e-05, 4.116749551030807e-05, 6.930487143108621e-05, 0.00014192063827067614, 0.00014525963342748582, 2.4471664801239967e-05, 4.365465065347962e-05, 0.00013538960774894804, 2.2009176973369904e-05, 3.741427281056531e-05, 1.9208942831028253e-05, 7.329238542297389e-06, 7.199594620033167e-06, 1.1146951692353468e-05, 1.672952203080058e-05, 8.736980817047879e-06, 3.9326641854131594e-06, 3.5077180200460134e-06, 4.030287072964711e-06, 3.909760835085763e-06, 2.8201675377204083e-06, 1.7678478343441384e-06, 1.3068100770396995e-06, 8.34008744732273e-07, 1.152160734818608e-06], "lowlevel.melbands128.mean": [7.09451487637125e-05, 0.0005466947914101183, 0.0009264691616408527, 0.0008193956455215812, 0.0007034350419417024, 0.0006392272189259529, 0.000798826920799911, 0.0008075145888142288, 0.00035394926089793444, 0.0004612041520886123, 0.00048270702245645225, 0.00025008904049173, 0.0002822985115926713, 0.0011059049284085631, 0.0006733437767252326, 0.00019520682690199465, 0.0001962305250344798, 0.00021457491675391793, 0.00014867493882775307, 7.033310976112261e-05, 2.3394903109874576e-05, 3.5948043660027906e-05, 5.6753189710434526e-05, 0.0006616878090426326, 0.0008590025827288628, 8.0715304648038e-05, 4.041086140205152e-05, 5.784530731034465e-05, 6.408707122318447e-05, 0.00019807614444289356, 9.55467185121961e-05, 0.000545441173017025, 0.0007834823918528855, 6.42957747913897e-05, 1.637314744584728e-05, 1.195182903757086e-05, 1.2093309123883955e-05, 1.7535399820189923e-05, 4.3454776459839195e-05, 1.7885573470266536e-05, 5.732583304052241e-06, 5.935996341577265e-06, 7.357785307249287e-06, 2.6763143978314474e-05, 8.884915587259457e-05, 2.212963045167271e-05, 2.003490226343274e-05, 8.657236321596429e-06, 0.00010767473577288911, 0.00022381902090273798, 1.6562233213335276e-05, 9.24012692848919e-06, 1.3026267879467923e-05, 2.6100515242433175e-05, 1.595837420609314e-05, 1.3646857951243874e-05, 2.8652626497205347e-05, 7.287861808435991e-05, 3.480942905298434e-05, 1.6892468920559622e-05, 1.800626705517061e-05, 1.8028036720352247e-05, 2.3087512090569362e-05, 4.507210906012915e-05, 4.469552732189186e-05, 1.2009675629087724e-05, 1.132664237957215e-05, 7.73376268625725e-06, 4.887505838269135e-06, 5.148680429556407e-06, 4.150319909967948e-06, 4.417329819261795e-06, 4.898854513157858e-06, 3.859857770294184e-06, 5.4223260121943895e-06, 5.305322247295408e-06, 4.961496415489819e-06, 3.2639763958286494e-06, 2.064825821435079e-06, 1.6956930721789831e-06, 1.949230181708117e-06, 1.7717634364089463e-06, 1.5243434745570994e-06, 1.66025665748748e-06, 1.966791387530975e-06, 2.115099277943955e-06, 2.2487249680125387e-06, 1.996442733798176e-06, 1.8753094082057942e-06, 1.620479110897577e-06, 1.3138346730556805e-06, 9.77329818852013e-07, 8.192430982489896e-07, 8.198854857255355e-07, 8.256581054411072e-07, 9.38286518703535e-07, 7.10938138581696e-07, 6.453359446823015e-07, 4.7614460640943435e-07, 5.426159077615011e-07, 5.992721412440005e-07, 6.26456653662899e-07, 5.045375246481854e-07, 5.059710588284361e-07, 4.657004240016249e-07, 4.355281078005646e-07, 4.928411954097101e-07, 3.838630959762668e-07, 3.3255733455916925e-07, 4.1215923829440726e-07, 3.237209682538378e-07, 2.7671202929013816e-07, 3.13133796225884e-07, 2.866525505851314e-07, 2.2836795210423588e-07, 1.5748483406241576e-07, 5.192602614556563e-08, 4.6257064845178775e-09, 2.6126903418521863e-10, 1.5402606273751118e-11, 1.6511372130656454e-11, 5.230230311348283e-12, 3.349329494306552e-12, 3.282876791591005e-12, 3.100020023669159e-12, 2.818701652293476e-12, 2.6645029498756356e-12, 2.6306660842745355e-12], "lowlevel.melbands128.stdev": [0.00015792003250680864, 0.0009327674051746726, 0.0012151547707617283, 0.0011298065073788166, 0.0010955851757898927, 0.0013036256423220038, 0.0014427147107198834, 0.0014283028431236744, 0.0005602120072580874, 0.0009480547741986811, 0.001241929130628705, 0.0009724681731313467, 0.0009882438462227583, 0.002625943161547184, 0.0016469541005790234, 0.0009131358820013702, 0.0008129962952807546, 0.0006077469442971051, 0.0005139931454323232, 0.0002095856034429744, 6.536181172123179e-05, 0.00025959889171645045, 0.00029227128834463656, 0.0012368087191134691, 0.0016354586696252227, 0.00020770101400557905, 0.00021111429668962955, 0.0005467499722726643, 0.0002404015976935625, 0.0006689478177577257, 0.00031986975227482617, 0.001093729748390615, 0.0016055804444476962, 0.0001744371111271903, 6.647583359153941e-05, 4.417257514433004e-05, 4.6987785026431084e-05, 7.360087329288945e-05, 0.00012813573994208127, 3.4351996873738244e-05, 1.3701087482331786e-05, 1.1031493158952799e-05, 1.1546144378371537e-05, 5.201615931582637e-05, 0.00021474117238540202, 4.05230930482503e-05, 5.5847453040769324e-05, 2.532018697820604e-05, 0.0002564805035945028, 0.0004846457450184971, 4.023097426397726e-05, 1.6176583812921308e-05, 2.5011893740156665e-05, 4.509571590460837e-05, 5.232483454165049e-05, 2.3071441319189034e-05, 8.224976772908121e-05, 0.0002973030786961317, 0.00010429717076476663, 3.3902473660418764e-05, 2.5293889848398976e-05, 2.4716404368518852e-05, 3.857464253087528e-05, 6.237176421564072e-05, 6.765469152014703e-05, 1.4666215975012165e-05, 1.2675133802986238e-05, 1.0500936696189456e-05, 7.803781954862643e-06, 7.4067770583496895e-06, 7.1411841418012045e-06, 8.97724567039404e-06, 9.493473044130951e-06, 1.0092715456266887e-05, 1.8983819245477207e-05, 2.1037800252088346e-05, 1.4768804248888046e-05, 1.5187797544058412e-05, 8.154007446137257e-06, 4.076160166732734e-06, 4.5898163989477325e-06, 3.93138179788366e-06, 3.995982297055889e-06, 3.990366622019792e-06, 3.7045047065475956e-06, 4.218008598400047e-06, 4.568733857013285e-06, 4.60269120594603e-06, 4.7043122322065756e-06, 3.1485715226153843e-06, 3.85952216674923e-06, 2.5214510515070288e-06, 2.682575768631068e-06, 1.8308749076823005e-06, 1.4659259477411979e-06, 1.7520610526844393e-06, 1.449250021323678e-06, 1.1061315490223933e-06, 7.595483566547045e-07, 8.98763346413034e-07, 1.2768197166224127e-06, 1.4467041182797402e-06, 9.575870763001149e-07, 8.998518978842185e-07, 7.672664423807873e-07, 6.953637239348609e-07, 6.717957603541436e-07, 5.992927185616281e-07, 5.355279881769093e-07, 6.975570272516052e-07, 5.283835662339698e-07, 4.418812693529617e-07, 4.630613830158836e-07, 4.623682912097138e-07, 4.00705260972245e-07, 3.032069741948362e-07, 1.6895138799100096e-07, 2.493316664242684e-08, 3.738046761014857e-09, 3.2883556988494433e-10, 3.502892143014691e-10, 5.509095263311892e-11, 4.637018633651957e-12, 4.564735742174086e-12, 4.488377117889408e-12, 4.4291198313117786e-12, 4.387026766167201e-12, 4.362062360624419e-12], "lowlevel.mfcc.mean": [-649.972900390625, 100.3565902709961, -8.752884864807129, 29.25179672241211, 12.298542022705078, -5.460720539093018, 2.9948596954345703, 12.633484840393066, 0.023228248581290245, 3.4339847564697266, -4.061307907104492, -10.871512413024902, -4.4154462814331055], "lowlevel.spectral_contrast_coeffs.mean": [-0.678945004940033, -0.6883107423782349, -0.7259163856506348, -0.7761544585227966, -0.7639521956443787, -0.7666304111480713], "lowlevel.spectral_contrast_coeffs.stdev": [0.0850701779127121, 0.10980812460184097, 0.10863262414932251, 0.07277484238147736, 0.042221229523420334, 0.04186703637242317], "lowlevel.spectral_contrast_valleys.mean": [-7.155711650848389, -7.456044673919678, -7.921752452850342, -7.768444538116455, -7.403263568878174, -10.279001235961914], "lowlevel.spectral_contrast_valleys.stdev": [0.8036739826202393, 0.626105010509491, 0.6227455735206604, 0.5281872749328613, 0.6099346280097961, 0.7029485106468201], "rhythm.beats_loudness_band_ratio.mean": [0.35412171483039856, 0.13667652010917664, 0.15138906240463257, 0.17058581113815308, 0.1356293261051178, 0.07903563231229782], "rhythm.beats_loudness_band_ratio.stdev": [0.25669384002685547, 0.14751632511615753, 0.14659562706947327, 0.16165195405483246, 0.1033574789762497, 0.0656144991517067], "tonal.hpcp.mean": [0.2503032684326172, 0.15316729247570038, 0.06560588628053665, 0.046851422637701035, 0.05638660490512848, 0.17509351670742035, 0.3050508499145508, 0.20002692937850952, 0.09501995891332626, 0.08730112761259079, 0.04926955699920654, 0.03538953512907028, 0.0278116874396801, 0.03985048085451126, 0.0712498277425766, 0.08187588304281235, 0.05175658315420151, 0.0372052863240242, 0.053758565336465836, 0.09321366250514984, 0.3109825551509857, 0.4842309355735779, 0.28157949447631836, 0.07269058376550674, 0.04592118412256241, 0.0366101898252964, 0.03162747994065285, 0.033428680151700974, 0.03686002269387245, 0.06633951514959335, 0.1118239164352417, 0.09251337498426437, 0.07321305572986603, 0.0753057450056076, 0.07262854278087616, 0.17975477874279022], "tonal.hpcp.stdev": [0.3616068959236145, 0.26267069578170776, 0.17717371881008148, 0.15156275033950806, 0.16193832457065582, 0.23922184109687805, 0.39249953627586365, 0.2724946141242981, 0.23156686127185822, 0.22602427005767822, 0.1502191573381424, 0.12151981890201569, 0.08895280212163925, 0.1214522272348404, 0.18501152098178864, 0.21065612137317657, 0.1289646476507187, 0.12833622097969055, 0.1503821611404419, 0.19283552467823029, 0.3025420010089874, 0.39125683903694153, 0.292136013507843, 0.17089878022670746, 0.13629846274852753, 0.11181642860174179, 0.08123128116130829, 0.07861077040433884, 0.09553979337215424, 0.1523120254278183, 0.23563124239444733, 0.19660063087940216, 0.11715675890445709, 0.12927377223968506, 0.1372682899236679, 0.27945640683174133], "rhythm.beats_position": [0.5688889026641846, 1.1377778053283691, 1.6718367338180542, 2.18267560005188, 2.705124616622925, 3.2275736331939697, 3.7500226497650146, 4.2724714279174805, 4.806530475616455, 5.34058952331543, 5.863038539886475, 6.3854875564575195, 6.9079365730285645, 7.430385589599609, 7.952834129333496, 8.4752836227417, 8.997732162475586, 9.520181655883789, 10.054240226745605, 10.588298797607422, 11.110748291015625, 11.633196830749512, 12.155646324157715, 12.678094863891602, 13.212154388427734, 13.734602928161621, 14.257051467895508, 14.779500961303711, 15.301949501037598, 15.83600902557373, 16.358457565307617, 16.88090705871582, 17.403356552124023, 17.925804138183594, 18.459863662719727, 18.99392318725586, 19.5047607421875, 20.027210235595703, 20.549659729003906, 21.08371925354004, 21.60616683959961, 22.128616333007812, 22.662675857543945, 23.185123443603516], "rhythm.bpm_histogram": [0.0, 0.0, 0.0, 0.0, 0.0, 0.0, 0.0, 0.0, 0.0, 0.0, 0.0, 0.0, 0.0, 0.0, 0.0, 0.0, 0.0, 0.0, 0.0, 0.0, 0.0, 0.0, 0.0, 0.0, 0.0, 0.0, 0.0, 0.0, 0.0, 0.0, 0.0, 0.0, 0.0, 0.0, 0.0, 0.0, 0.0, 0.0, 0.0, 0.0, 0.0, 0.0, 0.0, 0.0, 0.0, 0.0, 0.0, 0.0, 0.0, 0.0, 0.0, 0.0, 0.0, 0.0, 0.0, 0.0, 0.0, 0.0, 0.0, 0.0, 0.0, 0.0, 0.0, 0.0, 0.0, 0.0, 0.0, 0.0, 0.0, 0.0, 0.0, 0.0, 0.0, 0.0, 0.0, 0.0, 0.0, 0.0, 0.0, 0.0, 0.0, 0.0, 0.0, 0.0, 0.0, 0.0, 0.0, 0.0, 0.0, 0.0, 0.0, 0.0, 0.0, 0.0, 0.0, 0.0, 0.0, 0.0, 0.0, 0.0, 0.0, 0.0, 0.0, 0.0, 0.0, 0.023255813866853714, 0.0, 0.0, 0.0, 0.0, 0.0, 0.0, 0.25581395626068115, 0.0, 0.0, 0.6744186282157898, 0.0, 0.04651162773370743, 0.0, 0.0, 0.0, 0.0, 0.0, 0.0, 0.0, 0.0, 0.0, 0.0, 0.0, 0.0, 0.0, 0.0, 0.0, 0.0, 0.0, 0.0, 0.0, 0.0, 0.0, 0.0, 0.0, 0.0, 0.0, 0.0, 0.0, 0.0, 0.0, 0.0, 0.0, 0.0, 0.0, 0.0, 0.0, 0.0, 0.0, 0.0, 0.0, 0.0, 0.0, 0.0, 0.0, 0.0, 0.0, 0.0, 0.0, 0.0, 0.0, 0.0, 0.0, 0.0, 0.0, 0.0, 0.0, 0.0, 0.0, 0.0, 0.0, 0.0, 0.0, 0.0, 0.0, 0.0, 0.0, 0.0, 0.0, 0.0, 0.0, 0.0, 0.0, 0.0, 0.0, 0.0, 0.0, 0.0, 0.0, 0.0, 0.0, 0.0, 0.0, 0.0, 0.0, 0.0, 0.0, 0.0, 0.0, 0.0, 0.0, 0.0, 0.0, 0.0, 0.0, 0.0, 0.0, 0.0, 0.0, 0.0, 0.0, 0.0, 0.0, 0.0, 0.0, 0.0, 0.0, 0.0, 0.0, 0.0, 0.0, 0.0, 0.0, 0.0, 0.0, 0.0, 0.0, 0.0, 0.0, 0.0, 0.0, 0.0, 0.0, 0.0, 0.0, 0.0, 0.0, 0.0, 0.0, 0.0, 0.0, 0.0, 0.0, 0.0], "tonal.chords_histogram": [32.61296844482422, 11.001964569091797, 39.09626770019531, 0.0, 0.0, 0.0, 0.0, 5.697445869445801, 0.1964636594057083, 10.805500984191895, 0.5893909335136414, 0.0, 0.0, 0.0, 0.0, 0.0, 0.0, 0.0, 0.0, 0.0, 0.0, 0.0, 0.0, 0.0], "tonal.thpcp": [1.0, 0.581498384475708, 0.15011553466320038, 0.09483323246240616, 0.07560481131076813, 0.0653148666024208, 0.06903458386659622, 0.07612074911594391, 0.13699974119663239, 0.23093096911907196, 0.19105218350887299, 0.1511944979429245, 0.15551617741584778, 0.14998741447925568, 0.3712170422077179, 0.5169088840484619, 0.31631043553352356, 0.1354847103357315, 0.0967542976140976, 0.11644569039344788, 0.3615909218788147, 0.6299697756767273, 0.41308167576789856, 0.19622859358787537, 0.18028821051120758, 0.10174805670976639, 0.07308400422334671, 0.05743476003408432, 0.08229643851518631, 0.14714017510414124, 0.169084370136261, 0.10688409209251404, 0.07683376222848892, 0.11101844161748886, 0.1924983561038971, 0.6422194838523865], "lowlevel.gfcc.cov": [[3491.49169921875, -176.23306274414062, -364.06494140625, -468.84039306640625, -342.0174255371094, -89.69291687011719, 75.59705352783203, -143.0927276611328, -54.704315185546875, 39.22690963745117, -167.25050354003906, 142.12216186523438, 132.57545471191406], [-176.23306274414062, 1159.182373046875, -26.460859298706055, 189.9256134033203, 315.0552062988281, 126.6541976928711, 240.0459747314453, 104.2677230834961, 91.33604431152344, -89.26278686523438, 175.5718994140625, -119.42860412597656, 138.24966430664062], [-364.06494140625, -26.460859298706055, 778.2354736328125, 301.9323425292969, 146.55743408203125, -52.6088981628418, -152.41976928710938, 10.887616157531738, -56.016056060791016, 31.700885772705078, 37.179378509521484, 40.664188385009766, -191.24374389648438], [-468.84039306640625, 189.9256134033203, 301.9323425292969, 561.951904296875, 206.39111328125, -11.157007217407227, -37.995826721191406, 37.40964126586914, 30.747976303100586, -35.0168571472168, 69.65478515625, -27.891780853271484, -67.89749908447266], [-342.0174255371094, 315.0552062988281, 146.55743408203125, 206.39111328125, 368.21392822265625, 167.84307861328125, 127.26206970214844, 93.81582641601562, 51.35634994506836, -21.191308975219727, 48.95284652709961, -25.04498863220215, 1.0274864435195923], [-89.69291687011719, 126.6541976928711, -52.6088981628418, -11.157007217407227, 167.84307861328125, 308.385986328125, 219.5235137939453, 46.32493591308594, 25.300926208496094, 1.4584254026412964, 0.7991805672645569, -45.16364669799805, 33.88029098510742], [75.59705352783203, 240.0459747314453, -152.41976928710938, -37.995826721191406, 127.26206970214844, 219.5235137939453, 287.7784423828125, 85.45336151123047, 48.91923522949219, 10.137414932250977, 34.18019485473633, -37.70248794555664, 70.47289276123047], [-143.0927276611328, 104.2677230834961, 10.887616157531738, 37.40964126586914, 93.81582641601562, 46.32493591308594, 85.45336151123047, 137.01364135742188, 66.34624481201172, 12.749465942382812, 41.576229095458984, 0.5413813591003418, 1.3206140995025635], [-54.704315185546875, 91.33604431152344, -56.016056060791016, 30.747976303100586, 51.35634994506836, 25.300926208496094, 48.91923522949219, 66.34624481201172, 125.21086883544922, 38.576690673828125, 31.898452758789062, -3.7469427585601807, 58.815067291259766], [39.22690963745117, -89.26278686523438, 31.700885772705078, -35.0168571472168, -21.191308975219727, 1.4584254026412964, 10.137414932250977, 12.749465942382812, 38.576690673828125, 99.84252166748047, 40.49250793457031, 38.844825744628906, 16.242387771606445], [-167.25050354003906, 175.5718994140625, 37.179378509521484, 69.65478515625, 48.95284652709961, 0.7991805672645569, 34.18019485473633, 41.576229095458984, 31.898452758789062, 40.49250793457031, 141.7010955810547, 38.86543273925781, 29.335485458374023], [142.12216186523438, -119.42860412597656, 40.664188385009766, -27.891780853271484, -25.04498863220215, -45.16364669799805, -37.70248794555664, 0.5413813591003418, -3.7469427585601807, 38.844825744628906, 38.86543273925781, 116.01323699951172, 14.011954307556152], [132.57545471191406, 138.24966430664062, -191.24374389648438, -67.89749908447266, 1.0274864435195923, 33.88029098510742, 70.47289276123047, 1.3206140995025635, 58.815067291259766, 16.242387771606445, 29.335485458374023, 14.011954307556152, 165.38372802734375]], "lowlevel.gfcc.icov": [[0.0004731639055535197, -0.00037793017691001296, 7.885337254265323e-05, 1.7204383766511455e-05, 0.0004148471634835005, 0.00024412525817751884, -0.0006147173116914928, 0.00042500742711126804, 1.1690466635627672e-05, -0.0005189707735553384, 0.0013473372673615813, -0.001305834506638348, 0.00015928864013403654], [-0.00037793017691001296, 0.0036167961079627275, -0.0011745619121938944, 0.000774386222474277, -0.0021548420190811157, 0.0019391088280826807, -0.002197260968387127, 0.0009136814624071121, -0.0013315645046532154, 0.005091505125164986, -0.005971458274871111, 0.004922200925648212, -0.0025999187491834164], [7.885337254265323e-05, -0.0011745619121938944, 0.003390037687495351, -0.001230197143740952, -0.0006377536337822676, -0.001064080628566444, 0.002523680217564106, -0.0008678603335283697, 0.0019511141581460834, -0.004020162858068943, 0.0017833415186032653, -0.0020738933235406876, 0.0030475363600999117], [1.7204383766511455e-05, 0.000774386222474277, -0.001230197143740952, 0.003583901794627309, -0.0018989256350323558, 0.0012443747837096453, -0.0005867996951565146, 0.0015106721548363566, -0.0023218742571771145, 0.00313613866455853, -0.0029476669151335955, 0.0017751759150996804, 0.00027270583086647093], [0.0004148471634835005, -0.0021548420190811157, -0.0006377536337822676, -0.0018989256350323558, 0.007905500940978527, -0.004033844918012619, 0.0005189739167690277, -0.0024693324230611324, -0.00043390350765548646, -0.00034883388434536755, 0.003267589956521988, -0.0036891440395265818, 0.0004490355495363474], [0.00024412525817751884, 0.0019391088280826807, -0.001064080628566444, 0.0012443747837096453, -0.004033844918012619, 0.011011497117578983, -0.00906915683299303, 0.0037757260724902153, -0.0009442040463909507, 0.0016570735024288297, -0.0008424411644227803, 0.002617607358843088, -0.0008319155313074589], [-0.0006147173116914928, -0.002197260968387127, 0.002523680217564106, -0.0005867996951565146, 0.0005189739167690277, -0.00906915683299303, 0.015356657095253468, -0.007454661652445793, 0.003952896222472191, -0.00500381039455533, 0.0004369915113784373, 0.0008115735254250467, -0.0006832300568930805], [0.00042500742711126804, 0.0009136814624071121, -0.0008678603335283697, 0.0015106721548363566, -0.0024693324230611324, 0.0037757260724902153, -0.007454661652445793, 0.01702595129609108, -0.009918124414980412, 0.004481951240450144, -0.002998681738972664, -0.0018463826272636652, 0.0045699444599449635], [1.1690466635627672e-05, -0.0013315645046532154, 0.0019511141581460834, -0.0023218742571771145, -0.00043390350765548646, -0.0009442040463909507, 0.003952896222472191, -0.009918124414980412, 0.019598839804530144, -0.01073642447590828, 0.0037238826043903828, 0.0019161737291142344, -0.005740733817219734], [-0.0005189707735553384, 0.005091505125164986, -0.004020162858068943, 0.00313613866455853, -0.00034883388434536755, 0.0016570735024288297, -0.00500381039455533, 0.004481951240450144, -0.01073642447590828, 0.025593359023332596, -0.012549449689686298, 0.0025074882432818413, -0.0021240608766674995], [0.0013473372673615813, -0.005971458274871111, 0.0017833415186032653, -0.0029476669151335955, 0.003267589956521988, -0.0008424411644227803, 0.0004369915113784373, -0.002998681738972664, 0.0037238826043903828, -0.012549449689686298, 0.02235475741326809, -0.011971578933298588, 0.001710935845039785], [-0.001305834506638348, 0.004922200925648212, -0.0020738933235406876, 0.0017751759150996804, -0.0036891440395265818, 0.002617607358843088, 0.0008115735254250467, -0.0018463826272636652, 0.0019161737291142344, 0.0025074882432818413, -0.011971578933298588, 0.0209118090569973, -0.006157565861940384], [0.00015928864013403654, -0.0025999187491834164, 0.0030475363600999117, 0.00027270583086647093, 0.0004490355495363474, -0.0008319155313074589, -0.0006832300568930805, 0.0045699444599449635, -0.005740733817219734, -0.0021240608766674995, 0.001710935845039785, -0.006157565861940384, 0.01461889035999775]], "lowlevel.mfcc.cov": [[3373.42529296875, -127.84107971191406, -326.4397888183594, -281.65130615234375, -447.21197509765625, -11.517877578735352, -166.73272705078125, -138.6829833984375, 58.098567962646484, -20.770158767700195, -216.89303588867188, -209.2025909423828, -99.71525573730469], [-127.84107971191406, 838.3770751953125, -31.87234878540039, 74.06951904296875, 139.6426239013672, 48.594482421875, 214.23171997070312, 128.51397705078125, 62.05927276611328, 90.48727416992188, 47.137611389160156, 0.2398896962404251, 41.14988327026367], [-326.4397888183594, -31.87234878540039, 486.8034362792969, 207.20445251464844, 131.9381561279297, -21.30314826965332, -18.645814895629883, -7.515903949737549, -115.81407928466797, -86.81453704833984, 65.86639404296875, 104.2406005859375, 2.243565320968628], [-281.65130615234375, 74.06951904296875, 207.20445251464844, 449.8526916503906, 213.71514892578125, -21.36191177368164, -2.875229835510254, 54.93731689453125, -55.929447174072266, -52.74839782714844, 75.75916290283203, 96.53616333007812, -6.440717697143555], [-447.21197509765625, 139.6426239013672, 131.9381561279297, 213.71514892578125, 293.5307312011719, 53.211605072021484, 49.75160217285156, 73.68025970458984, 9.623587608337402, 1.0708422660827637, 58.193660736083984, 53.40336608886719, 16.127561569213867], [-11.517877578735352, 48.594482421875, -21.30314826965332, -21.36191177368164, 53.211605072021484, 216.93272399902344, 127.69503021240234, 50.683929443359375, 70.73223114013672, 63.589630126953125, 0.13399581611156464, -16.287147521972656, 9.140595436096191], [-166.73272705078125, 214.23171997070312, -18.645814895629883, -2.875229835510254, 49.75160217285156, 127.69503021240234, 232.2480926513672, 117.37879943847656, 49.427921295166016, 71.28065490722656, 44.08440399169922, 19.14557647705078, 42.52156066894531], [-138.6829833984375, 128.51397705078125, -7.515903949737549, 54.93731689453125, 73.68025970458984, 50.683929443359375, 117.37879943847656, 158.84054565429688, 53.672847747802734, 29.41159439086914, 60.17020797729492, 40.63124465942383, 16.249067306518555], [58.098567962646484, 62.05927276611328, -115.81407928466797, -55.929447174072266, 9.623587608337402, 70.73223114013672, 49.427921295166016, 53.672847747802734, 160.90847778320312, 104.3586654663086, -14.244735717773438, -43.34241485595703, 7.560718536376953], [-20.770158767700195, 90.48727416992188, -86.81453704833984, -52.74839782714844, 1.0708422660827637, 63.589630126953125, 71.28065490722656, 29.41159439086914, 104.3586654663086, 151.71218872070312, 15.843402862548828, -31.848834991455078, 24.760345458984375], [-216.89303588867188, 47.137611389160156, 65.86639404296875, 75.75916290283203, 58.193660736083984, 0.13399581611156464, 44.08440399169922, 60.17020797729492, -14.244735717773438, 15.843402862548828, 119.60103607177734, 73.50470733642578, 16.443710327148438], [-209.2025909423828, 0.2398896962404251, 104.2406005859375, 96.53616333007812, 53.40336608886719, -16.287147521972656, 19.14557647705078, 40.63124465942383, -43.34241485595703, -31.848834991455078, 73.50470733642578, 119.1159896850586, 32.118621826171875], [-99.71525573730469, 41.14988327026367, 2.243565320968628, -6.440717697143555, 16.127561569213867, 9.140595436096191, 42.52156066894531, 16.249067306518555, 7.560718536376953, 24.760345458984375, 16.443710327148438, 32.118621826171875, 87.33824920654297]], "lowlevel.mfcc.icov": [[0.00043771156924776733, -0.00014123339497018605, 6.157874304335564e-05, -0.00018843413272406906, 0.0007778202998451889, -0.000382503611035645, 0.0004793877014890313, -0.00021035502140875906, -9.239093196811154e-05, 0.00017523103451821953, 0.00026007971609942615, 0.00030029640765860677, 5.1869086746592075e-05], [-0.00014123339497018605, 0.0019233551574870944, 0.00012122951739002019, -7.923754310468212e-05, -0.0011154130334034562, 0.0013855301076546311, -0.0023387917317450047, 8.567819168092683e-05, -1.1012775047447576e-07, -0.0005032301414757967, 3.763484346563928e-05, 0.0005762559594586492, 3.095422653132118e-05], [6.157874304335564e-05, 0.00012122951739002019, 0.0033830658067017794, -0.0006400659331120551, -0.0008755550952628255, -0.000334338954417035, -0.00022431285469792783, 0.000990617205388844, 0.0013160313246771693, 0.000448366830823943, -0.00037932509439997375, -0.0015658651245757937, 0.00040688220178708434], [-0.00018843413272406906, -7.923754310468212e-05, -0.0006400659331120551, 0.004418081138283014, -0.00294787110760808, 0.0006733717164024711, 0.00033931792131625116, -0.0005769392591901124, 0.000691581575665623, -0.00020102989219594747, -4.9325233703712e-05, -0.001915095723234117, 0.0012911398662254214], [0.0007778202998451889, -0.0011154130334034562, -0.0008755550952628255, -0.00294787110760808, 0.008243140764534473, -0.0028800193686038256, 0.002503555966541171, -0.0019670012407004833, -0.0010600044624879956, 0.0008849881123751402, -0.000586062902584672, 0.0012865636963397264, -0.001376899890601635], [-0.000382503611035645, 0.0013855301076546311, -0.000334338954417035, 0.0006733717164024711, -0.0028800193686038256, 0.009705090895295143, -0.007323622703552246, 0.0025149176362901926, -0.0029064947739243507, -0.0003740167012438178, 0.0009251079172827303, -0.00021632049174513668, 0.0018455502577126026], [0.0004793877014890313, -0.0023387917317450047, -0.00022431285469792783, 0.00033931792131625116, 0.002503555966541171, -0.007323622703552246, 0.015398676507174969, -0.008901773020625114, 0.004673184361308813, -0.0035311635583639145, 0.00038479926297441125, 0.000691553927026689, -0.0035868745762854815], [-0.00021035502140875906, 8.567819168092683e-05, 0.000990617205388844, -0.0005769392591901124, -0.0019670012407004833, 0.0025149176362901926, -0.008901773020625114, 0.01732126995921135, -0.008323591202497482, 0.00538357999175787, -0.005268970038741827, -0.002932330360636115, 0.002127533545717597], [-9.239093196811154e-05, -1.1012775047447576e-07, 0.0013160313246771693, 0.000691581575665623, -0.0010600044624879956, -0.0029064947739243507, 0.004673184361308813, -0.008323591202497482, 0.017912032082676888, -0.01095544919371605, 0.004596910905092955, 0.0010458094766363502, -9.755731298355386e-06], [0.00017523103451821953, -0.0005032301414757967, 0.000448366830823943, -0.00020102989219594747, 0.0008849881123751402, -0.0003740167012438178, -0.0035311635583639145, 0.00538357999175787, -0.01095544919371605, 0.01770462840795517, -0.007472587749361992, 0.0046277460642158985, -0.003361672395840287], [0.00026007971609942615, 3.763484346563928e-05, -0.00037932509439997375, -4.9325233703712e-05, -0.000586062902584672, 0.0009251079172827303, 0.00038479926297441125, -0.005268970038741827, 0.004596910905092955, -0.007472587749361992, 0.01909678988158703, -0.009929209016263485, 0.0028661699034273624], [0.00030029640765860677, 0.0005762559594586492, -0.0015658651245757937, -0.001915095723234117, 0.0012865636963397264, -0.00021632049174513668, 0.000691553927026689, -0.002932330360636115, 0.0010458094766363502, 0.0046277460642158985, -0.009929209016263485, 0.021929873153567314, -0.007633497007191181], [5.1869086746592075e-05, 3.095422653132118e-05, 0.00040688220178708434, 0.0012911398662254214, -0.001376899890601635, 0.0018455502577126026, -0.0035868745762854815, 0.002127533545717597, -9.755731298355386e-06, -0.003361672395840287, 0.0028661699034273624, -0.007633497007191181, 0.016212185844779015]], "metadata.audio_properties.analysis.downmix": "mix", "metadata.audio_properties.codec": "mp3", "metadata.audio_properties.md5_encoded": "be41666ca5e95fabf9f1269f10019de0", "metadata.tags.file_name": "1183718458643464243.mp3", "metadata.version.essentia": "2.1-beta6-dev", "metadata.version.essentia_git_sha": "v2.1_beta5-1110-g77a6a954", "metadata.version.extractor": "music 2.0", "tonal.chords_key": "E", "tonal.chords_scale": "minor", "tonal.key_edma.key": "A", "tonal.key_edma.scale": "minor", "tonal.key_krumhansl.key": "A", "tonal.key_krumhansl.scale": "minor", "tonal.key_temperley.key": "A", "tonal.key_temperley.scale": "minor", "metadata.tags.encoding": ["Lavf58.45.100"]}, "essentia_models": [{"model_name": "genre_dortmund", "activations": {"alternative": "0.2078483", "blues": "0.02187194", "electronic": "0.10569937", "folkcountry": "0.07839257", "funksoulrnb": "0.06326003", "jazz": "0.1133253", "pop": "0.20566818", "raphiphop": "0.0072970307", "rock": "0.35886595"}}, {"model_name": "genre_rosamerica", "activations": {"classic": "0.07850462", "dance": "0.014385127", "hip hop": "0.018966809", "jazz": "0.048557438", "pop": "0.11775542", "rhythm and blues": "0.027962787", "rock": "0.58692026", "speech": "0.007