{"song_id": "1183705902449184818", "download": "https://cdn.discordapp.com/attachments/1135911532732108921/1183705902449184818/chirp.mp4?ex=65894f07&amp", "lyrics": "Five Nights at Freddy's", "style": ["Hard Rock"], "essentia_features": {"lowlevel.average_loudness": 0.9739277362823486, "lowlevel.barkbands_crest.mean": 10.249444961547852, "lowlevel.barkbands_crest.stdev": 4.502780914306641, "lowlevel.barkbands_flatness_db.mean": 0.09633951634168625, "lowlevel.barkbands_flatness_db.stdev": 0.03443842753767967, "lowlevel.barkbands_kurtosis.mean": 1.6911191940307617, "lowlevel.barkbands_kurtosis.stdev": 4.161098480224609, "lowlevel.barkbands_skewness.mean": 1.2356194257736206, "lowlevel.barkbands_skewness.stdev": 1.0144243240356445, "lowlevel.barkbands_spread.mean": 35.848228454589844, "lowlevel.barkbands_spread.stdev": 14.857998847961426, "lowlevel.dissonance.mean": 0.4809124171733856, "lowlevel.dissonance.stdev": 0.013035211712121964, "lowlevel.dynamic_complexity": 2.5175118446350098, "lowlevel.erbbands_crest.mean": 8.69088077545166, "lowlevel.erbbands_crest.stdev": 4.342780113220215, "lowlevel.erbbands_flatness_db.mean": 0.12256626039743423, "lowlevel.erbbands_flatness_db.stdev": 0.03450571373105049, "lowlevel.erbbands_kurtosis.mean": -0.08111045509576797, "lowlevel.erbbands_kurtosis.stdev": 0.823899507522583, "lowlevel.erbbands_skewness.mean": -0.001646586344577372, "lowlevel.erbbands_skewness.stdev": 0.4326150417327881, "lowlevel.erbbands_spread.mean": 44.00459671020508, "lowlevel.erbbands_spread.stdev": 17.48262596130371, "lowlevel.hfc.mean": 27.747888565063477, "lowlevel.hfc.stdev": 14.743219375610352, "lowlevel.loudness_ebu128.integrated": -14.540964126586914, "lowlevel.loudness_ebu128.loudness_range": 1.0342845916748047, "lowlevel.loudness_ebu128.momentary.mean": -16.033668518066406, "lowlevel.loudness_ebu128.momentary.stdev": 4.358602523803711, "lowlevel.loudness_ebu128.short_term.mean": -14.516986846923828, "lowlevel.loudness_ebu128.short_term.stdev": 0.45964697003364563, "lowlevel.melbands_crest.mean": 14.798874855041504, "lowlevel.melbands_crest.stdev": 5.083302021026611, "lowlevel.melbands_flatness_db.mean": 0.15336823463439941, "lowlevel.melbands_flatness_db.stdev": 0.048535626381635666, "lowlevel.melbands_kurtosis.mean": 12.478123664855957, "lowlevel.melbands_kurtosis.stdev": 17.095809936523438, "lowlevel.melbands_skewness.mean": 2.7662932872772217, "lowlevel.melbands_skewness.stdev": 1.7910592555999756, "lowlevel.melbands_spread.mean": 32.938262939453125, "lowlevel.melbands_spread.stdev": 16.797954559326172, "lowlevel.pitch_salience.mean": 0.5219930410385132, "lowlevel.pitch_salience.stdev": 0.11667240411043167, "lowlevel.silence_rate_20dB.mean": 1.0, "lowlevel.silence_rate_20dB.stdev": 0.0, "lowlevel.silence_rate_30dB.mean": 0.9969325065612793, "lowlevel.silence_rate_30dB.stdev": 0.055299896746873856, "lowlevel.silence_rate_60dB.mean": 0.11656441539525986, "lowlevel.silence_rate_60dB.stdev": 0.320900559425354, "lowlevel.spectral_centroid.mean": 2003.4703369140625, "lowlevel.spectral_centroid.stdev": 476.5054016113281, "lowlevel.spectral_complexity.mean": 26.63496971130371, "lowlevel.spectral_complexity.stdev": 11.050296783447266, "lowlevel.spectral_decrease.mean": -8.542557772273085e-09, "lowlevel.spectral_decrease.stdev": 7.32597094099674e-09, "lowlevel.spectral_energy.mean": 0.03475840389728546, "lowlevel.spectral_energy.stdev": 0.02841360494494438, "lowlevel.spectral_energyband_high.mean": 0.001814848044887185, "lowlevel.spectral_energyband_high.stdev": 0.0012507208157330751, "lowlevel.spectral_energyband_low.mean": 0.017611496150493622, "lowlevel.spectral_energyband_low.stdev": 0.0231586042791605, "lowlevel.spectral_energyband_middle_high.mean": 0.005268868058919907, "lowlevel.spectral_energyband_middle_high.stdev": 0.0033421742264181376, "lowlevel.spectral_energyband_middle_low.mean": 0.01085805706679821, "lowlevel.spectral_energyband_middle_low.stdev": 0.016469869762659073, "lowlevel.spectral_entropy.mean": 8.074213981628418, "lowlevel.spectral_entropy.stdev": 0.19005490839481354, "lowlevel.spectral_flux.mean": 0.10576917231082916, "lowlevel.spectral_flux.stdev": 0.07006511092185974, "lowlevel.spectral_kurtosis.mean": 2.6434290409088135, "lowlevel.spectral_kurtosis.stdev": 1.2406550645828247, "lowlevel.spectral_rms.mean": 0.005314177367836237, "lowlevel.spectral_rms.stdev": 0.002381211146712303, "lowlevel.spectral_rolloff.mean": 2050.013916015625, "lowlevel.spectral_rolloff.stdev": 1430.8165283203125, "lowlevel.spectral_skewness.mean": 1.2301921844482422, "lowlevel.spectral_skewness.stdev": 0.20978765189647675, "lowlevel.spectral_spread.mean": 5415437.5, "lowlevel.spectral_spread.stdev": 1137243.25, "lowlevel.spectral_strongpeak.mean": 0.6844577193260193, "lowlevel.spectral_strongpeak.stdev": 0.8742375373840332, "lowlevel.zerocrossingrate.mean": 0.08757758885622025, "lowlevel.zerocrossingrate.stdev": 0.030107440426945686, "metadata.audio_properties.analysis.equal_loudness": 0.0, "metadata.audio_properties.analysis.length": 7.530657768249512, "metadata.audio_properties.analysis.sample_rate": 44100.0, "metadata.audio_properties.analysis.start_time": 0.0, "metadata.audio_properties.bit_rate": 118527.0, "metadata.audio_properties.length": 7.530666828155518, "metadata.audio_properties.lossless": 0.0, "metadata.audio_properties.number_channels": 1.0, "metadata.audio_properties.replay_gain": -11.39642333984375, "metadata.audio_properties.sample_rate": 48000.0, "rhythm.beats_count": 12.0, "rhythm.beats_loudness.mean": 0.04097649082541466, "rhythm.beats_loudness.stdev": 0.014685139991343021, "rhythm.bpm": 104.90145874023438, "rhythm.bpm_histogram_first_peak_bpm": 105.0, "rhythm.bpm_histogram_first_peak_weight": 0.45454543828964233, "rhythm.bpm_histogram_second_peak_bpm": 0.0, "rhythm.bpm_histogram_second_peak_spread": 0.0, "rhythm.bpm_histogram_second_peak_weight": 0.0, "rhythm.danceability": 1.0194835662841797, "rhythm.onset_rate": 2.517728328704834, "tonal.chords_changes_rate": 0.0731707289814949, "tonal.chords_number_rate": 0.03658536449074745, "tonal.chords_strength.mean": 0.4931764006614685, "tonal.chords_strength.stdev": 0.05235569179058075, "tonal.hpcp_crest.mean": 15.30736255645752, "tonal.hpcp_crest.stdev": 7.100799083709717, "tonal.hpcp_entropy.mean": 1.7154604196548462, "tonal.hpcp_entropy.stdev": 0.726737916469574, "tonal.key_edma.strength": 0.8275042772293091, "tonal.key_krumhansl.strength": 0.8193405866622925, "tonal.key_temperley.strength": 0.7931839227676392, "tonal.tuning_diatonic_strength": 0.5781034827232361, "tonal.tuning_equal_tempered_deviation": 0.0803135335445404, "tonal.tuning_frequency": 439.2381896972656, "tonal.tuning_nontempered_energy_ratio": 0.6368991732597351, "lowlevel.barkbands.mean": [0.0005040080868639052, 0.01220864336937666, 0.004144341219216585, 0.002494505140930414, 0.00471101189032197, 0.0003681188391055912, 0.0002453453780617565, 0.00026657062699086964, 0.0027136097196489573, 0.00026904340484179556, 0.000921378843486309, 0.0005154382670298219, 0.00039836394716985524, 0.0003801910497713834, 0.0003452915698289871, 0.0008973360527306795, 0.0005365692195482552, 0.00040514639113098383, 0.00044468813575804234, 0.0003681430243887007, 0.0003743665001820773, 0.000405990140279755, 0.000292950397124514, 0.00024043871962931007, 0.00019203193369321525, 0.00010971234587486833, 5.200121904636035e-06], "lowlevel.barkbands.stdev": [0.0004929539281874895, 0.019591795280575752, 0.005363836418837309, 0.0036563482135534286, 0.012177497148513794, 0.000643413164652884, 0.00036739360075443983, 0.0005669448291882873, 0.003989748656749725, 0.0004025694215670228, 0.0017003455432131886, 0.0005928684840910137, 0.0004149994347244501, 0.0007769732037559152, 0.00029285519849509, 0.0008852900355122983, 0.00042430704343132675, 0.0002552466467022896, 0.00031564090750180185, 0.0002693182905204594, 0.0003357889945618808, 0.0003379111585672945, 0.0002347967674722895, 0.00018841811106540263, 0.00016138944192789495, 0.00013380715972743928, 1.4053528502699919e-05], "lowlevel.erbbands.mean": [0.3393683433532715, 2.7695071697235107, 4.929903984069824, 6.764256954193115, 19.37952423095703, 10.002352714538574, 2.967057228088379, 3.7088444232940674, 3.2831687927246094, 5.289253234863281, 8.476251602172852, 77.65171813964844, 19.648183822631836, 14.562201499938965, 40.73643112182617, 23.859323501586914, 19.790447235107422, 21.467844009399414, 18.28302574157715, 29.814279556274414, 41.91265106201172, 31.18573570251465, 24.281641006469727, 22.80910873413086, 20.55269432067871, 17.458423614501953, 15.702537536621094, 14.273750305175781, 15.524304389953613, 11.165225982666016, 7.840761661529541, 5.429425239562988, 3.777709484100342, 2.423630714416504, 1.21613609790802, 0.5836486220359802, 0.18068799376487732, 0.02476768009364605, 0.0006555995205417275, 6.358008249662817e-05], "lowlevel.erbbands.stdev": [0.49818938970565796, 4.70558500289917, 7.119245529174805, 7.393039226531982, 49.39142608642578, 23.836410522460938, 6.389998435974121, 6.309365749359131, 5.061058044433594, 7.851226329803467, 14.766033172607422, 115.69389343261719, 22.745954513549805, 22.82839012145996, 80.91681671142578, 28.19093132019043, 18.400028228759766, 41.59864044189453, 16.119434356689453, 27.640886306762695, 30.969839096069336, 22.96734619140625, 14.952861785888672, 16.551355361938477, 14.480846405029297, 12.966389656066895, 13.647313117980957, 12.033203125, 13.046090126037598, 9.631084442138672, 6.3724751472473145, 4.314830303192139, 2.9098169803619385, 1.922587513923645, 1.1825720071792603, 0.6241336464881897, 0.255912184715271, 0.04399484395980835, 0.001361554372124374, 4.872243516729213e-05], "lowlevel.gfcc.mean": [32.54328918457031, 48.995182037353516, -117.11753845214844, 48.13823318481445, -47.3757438659668, 34.144737243652344, -31.465478897094727, 21.450199127197266, -27.009092330932617, 1.743155837059021, -27.937946319580078, 0.8880269527435303, -15.388568878173828], "lowlevel.melbands.mean": [0.003306592581793666, 0.0029150783084332943, 0.0015891072107478976, 0.001174005214124918, 0.0001236146199516952, 7.770222146064043e-05, 4.9302714614896104e-05, 5.9371341194491833e-05, 7.321414886973798e-05, 0.0005142537411302328, 7.649454346392304e-05, 5.070914266980253e-05, 0.00012003073788946494, 8.151668589562178e-05, 4.192941196379252e-05, 4.6450535592157394e-05, 3.964192364946939e-05, 2.8401418603607453e-05, 2.3912036340334453e-05, 6.664822285529226e-05, 4.2938743717968464e-05, 3.23292042594403e-05, 2.6686539058573544e-05, 1.782160506991204e-05, 1.8633421859703958e-05, 1.5993722627172247e-05, 1.308324408455519e-05, 1.1258547601755708e-05, 9.755561222846154e-06, 9.337325536762364e-06, 7.814996934030205e-06, 9.142169801634736e-06, 7.3113742473651655e-06, 5.860266810486792e-06, 4.6843338168400805e-06, 3.6644469219027087e-06, 3.261056235714932e-06, 2.7596036034083227e-06, 2.286779817950446e-06, 1.949981651705457e-06], "lowlevel.melbands.stdev": [0.005082419142127037, 0.004285759292542934, 0.0023652000818401575, 0.0030086091719567776, 0.000270393502432853, 0.0001290889922529459, 7.578720396850258e-05, 0.00010209682659478858, 0.00016906271048355848, 0.0007714007515460253, 8.702871127752587e-05, 8.631717355456203e-05, 0.00023201432486530393, 0.00011271012772340328, 3.7456269637914374e-05, 5.288657121127471e-05, 9.326148574473336e-05, 2.6944317141897045e-05, 2.038628917944152e-05, 8.384617831325158e-05, 2.8474993087002076e-05, 2.5181037926813588e-05, 2.0458295693970285e-05, 1.1754715160350315e-05, 1.4583754818886518e-05, 1.1868753063026816e-05, 9.905143997457344e-06, 8.83323355083121e-06, 9.344721547677182e-06, 8.13558199297404e-06, 6.598284016945399e-06, 7.801981155353133e-06, 6.778433544241125e-06, 5.055931978859007e-06, 4.096756583749084e-06, 2.8902857138746185e-06, 2.847741143341409e-06, 2.250315446872264e-06, 1.7414213289157487e-06, 1.6422598037024727e-06], "lowlevel.melbands128.mean": [0.0002829447330441326, 0.002295776968821883, 0.005088005680590868, 0.004353186581283808, 0.002784362528473139, 0.001956696854904294, 0.001190493581816554, 0.0014043026603758335, 0.0023511836770921946, 0.001371718943119049, 0.00031483470229431987, 0.0001405104121658951, 8.089789480436593e-05, 7.216214726213366e-05, 0.0001106928611989133, 5.368572965380736e-05, 5.0786380597855896e-05, 4.801271279575303e-05, 5.0320959417149425e-05, 5.83271830691956e-05, 7.240514969453216e-05, 3.6666788219008595e-05, 4.6779809053987265e-05, 0.00010722204024204984, 0.0006027527269907296, 0.000783836527261883, 3.737595761776902e-05, 3.246425694669597e-05, 4.6079505409579724e-05, 3.9728492993162945e-05, 6.270159792620689e-05, 5.549708293983713e-05, 9.817671525524929e-05, 0.00023613712983205914, 4.6921199100324884e-05, 6.427720654755831e-05, 6.977906014071777e-05, 3.8522186514455825e-05, 2.400632183707785e-05, 4.81606439279858e-05, 6.393222429323941e-05, 1.8087048374582082e-05, 4.410190740600228e-05, 5.1773244194919243e-05, 2.206112549174577e-05, 2.9108121452736668e-05, 2.930536720668897e-05, 1.9649971363833174e-05, 2.6048595827887766e-05, 2.4108025172608905e-05, 0.0001059590867953375, 6.741104880347848e-05, 4.016246384708211e-05, 3.814791125478223e-05, 2.8852808100054972e-05, 3.36088050971739e-05, 3.238713543396443e-05, 2.923611828009598e-05, 2.470179424562957e-05, 2.309588307980448e-05, 1.530241388536524e-05, 1.4847184502286837e-05, 2.0019520889036357e-05, 1.9923438230762258e-05, 1.6936663087108172e-05, 1.582680306455586e-05, 1.58952043420868e-05, 1.3118341485096607e-05, 1.316381440119585e-05, 1.1966483725700527e-05, 1.0670413757907227e-05, 1.1807556802523322e-05, 9.862397746474016e-06, 9.694242180557922e-06, 8.638879080535844e-06, 1.0578654837445356e-05, 8.982106919575017e-06, 7.72652947489405e-06, 7.815216122253332e-06, 7.102078143361723e-06, 1.0038635082310066e-05, 9.464665708946995e-06, 8.683643500262406e-06, 7.047506642265944e-06, 6.281520199991064e-06, 5.942282314208569e-06, 5.834127478010487e-06, 5.431551471701823e-06, 4.610613814293174e-06, 4.211301529721823e-06, 3.8802022572781425e-06, 3.686725676743663e-06, 3.029485924344044e-06, 2.987935204146197e-06, 3.838705652015051e-06, 2.904566144934506e-06, 2.5300778361270204e-06, 2.4130074507411337e-06, 2.2784940938436193e-06, 2.205368218710646e-06, 2.2722465473634657e-06, 1.815740120036935e-06, 1.773504095581302e-06, 1.420327293999435e-06, 1.3112074839227716e-06, 1.2910280702271848e-06, 1.1517726079546264e-06, 1.1984309367107926e-06, 9.860220870905323e-07, 9.209273912347271e-07, 7.748497523607512e-07, 6.228615347936284e-07, 5.938820208939433e-07, 4.680446750171541e-07, 3.016487539753143e-07, 2.370868514844915e-07, 1.718110809179052e-07, 5.375723688416656e-08, 5.639226863252134e-09, 5.08516926484015e-12, 4.588939905153522e-12, 4.461252981619035e-12, 4.3501365704079475e-12, 4.236160033865843e-12, 4.072534844079545e-12, 3.846411470581623e-12, 3.719532060825204e-12, 3.683076846977551e-12], "lowlevel.melbands128.stdev": [0.00039000873221084476, 0.0033226057421416044, 0.00831030122935772, 0.00798695720732212, 0.004713564645498991, 0.0023318538442254066, 0.0014421583618968725, 0.00248470576480031, 0.006405072286725044, 0.0037754117511212826, 0.0007549974252469838, 0.00034950178815051913, 0.00020819297060370445, 0.00015001918654888868, 0.00020878444775007665, 9.022156154969707e-05, 9.171356941806152e-05, 9.194801532430574e-05, 9.11647075554356e-05, 8.531182538717985e-05, 0.0001680744026089087, 0.00012397764658089727, 0.00013601247337646782, 0.0004551009915303439, 0.0009233824093826115, 0.0012455511605367064, 5.0608115998329595e-05, 5.8332640037406236e-05, 8.68020360940136e-05, 6.703140388708562e-05, 0.00015785300638526678, 0.00013790166121907532, 0.00023307226365432143, 0.0005361952353268862, 8.449285087408498e-05, 0.0001113141406676732, 0.00010659143299562857, 3.693062535603531e-05, 3.2460047805216163e-05, 5.713812061003409e-05, 8.624525798950344e-05, 1.8350794562138617e-05, 0.00012443815649021417, 0.00014309455582406372, 2.6007899577962235e-05, 3.602305514505133e-05, 3.3910564525285736e-05, 2.0681798559962772e-05, 3.469729199423455e-05, 2.1736206690547988e-05, 0.0001729642681311816, 7.833306153770536e-05, 4.3104399082949385e-05, 3.63635117537342e-05, 2.615662924654316e-05, 3.676141204778105e-05, 3.801182901952416e-05, 3.5977365769213066e-05, 2.049699287454132e-05, 1.984821938094683e-05, 1.496016193414107e-05, 1.2682732631219551e-05, 1.7616983313928358e-05, 2.153333480237052e-05, 1.7268892406718805e-05, 1.5613240975653753e-05, 1.471214181947289e-05, 1.2567173143906984e-05, 1.16605224320665e-05, 1.0499365998839494e-05, 1.0669311450328678e-05, 1.1188180906174239e-05, 1.0021438356488943e-05, 1.3236375707492698e-05, 7.511715011787601e-06, 1.0296146683685947e-05, 9.581413905834779e-06, 8.88795966602629e-06, 7.12535620550625e-06, 6.1274181462067645e-06, 9.798858627618756e-06, 1.0089808711200021e-05, 8.234401320805773e-06, 7.483938134100754e-06, 7.096862191247055e-06, 5.926737230765866e-06, 5.543316547118593e-06, 5.18987508257851e-06, 5.121079084347002e-06, 3.8438220144598745e-06, 3.376582071723533e-06, 3.391567133803619e-06, 2.8557958557939855e-06, 2.929633865278447e-06, 4.14058467868017e-06, 2.568852551121381e-06, 2.401460278633749e-06, 2.073448740702588e-06, 2.1111516161909094e-06, 1.7811663610700634e-06, 2.192465444750269e-06, 1.5970842923707096e-06, 1.796849574020598e-06, 1.6056685581133934e-06, 1.5718153463240014e-06, 1.6089069276858936e-06, 1.1465081115602516e-06, 1.2926359431730816e-06, 1.2039497505611507e-06, 1.4682857454317855e-06, 9.72906263996265e-07, 9.199513328894682e-07, 1.0328798225600622e-06, 8.996894393931143e-07, 4.906752337774378e-07, 4.842536895921512e-07, 3.914663011528319e-07, 2.272978036899076e-07, 4.557861288390086e-08, 8.434447584804161e-12, 7.720515199372002e-12, 7.513325898933498e-12, 7.397190499025541e-12, 7.088210227101932e-12, 6.524229507337553e-12, 5.906148400208755e-12, 5.757394127420268e-12, 5.720347372867307e-12], "lowlevel.mfcc.mean": [-607.267822265625, 76.21536254882812, -3.129528522491455, 23.97765350341797, 12.82575511932373, 15.377645492553711, 10.26638126373291, 16.242002487182617, 11.048648834228516, 3.4401042461395264, -0.4088555872440338, 0.6297431588172913, -1.2716976404190063], "lowlevel.spectral_contrast_coeffs.mean": [-0.7125419974327087, -0.7593485116958618, -0.757587194442749, -0.7916361689567566, -0.8118179440498352, -0.7556999325752258], "lowlevel.spectral_contrast_coeffs.stdev": [0.06768570095300674, 0.06969092041254044, 0.047217901796102524, 0.03863777592778206, 0.019536852836608887, 0.02810918167233467], "lowlevel.spectral_contrast_valleys.mean": [-6.828420162200928, -7.202030658721924, -7.249810695648193, -7.161931991577148, -6.842554569244385, -9.362313270568848], "lowlevel.spectral_contrast_valleys.stdev": [1.4161418676376343, 1.059962272644043, 0.8848865628242493, 0.8213520050048828, 0.8246716260910034, 1.0522409677505493], "rhythm.beats_loudness_band_ratio.mean": [0.6373451352119446, 0.17940664291381836, 0.08045385032892227, 0.07342267036437988, 0.0808592438697815, 0.06726410984992981], "rhythm.beats_loudness_band_ratio.stdev": [0.20912140607833862, 0.16775386035442352, 0.07102818787097931, 0.056526776403188705, 0.0723424181342125, 0.04005683958530426], "tonal.hpcp.mean": [0.12285126745700836, 0.11703314632177353, 0.17513293027877808, 0.26773273944854736, 0.19653667509555817, 0.08577559888362885, 0.06894127279520035, 0.06649891287088394, 0.15991564095020294, 0.22072090208530426, 0.15413004159927368, 0.13979628682136536, 0.20041829347610474, 0.16675646603107452, 0.08121216297149658, 0.05297453701496124, 0.061311088502407074, 0.10443036258220673, 0.08858396857976913, 0.03252234682440758, 0.032320454716682434, 0.035032398998737335, 0.04373592138290405, 0.24209129810333252, 0.42284300923347473, 0.23799166083335876, 0.06846103817224503, 0.06668485701084137, 0.03924574702978134, 0.058079782873392105, 0.12350013852119446, 0.13077513873577118, 0.09924502670764923, 0.08265018463134766, 0.06316854804754257, 0.09400661289691925], "tonal.hpcp.stdev": [0.23355324566364288, 0.23251578211784363, 0.2815246284008026, 0.37354061007499695, 0.2836461365222931, 0.19201816618442535, 0.186174213886261, 0.18671265244483948, 0.2530141770839691, 0.26684248447418213, 0.21558818221092224, 0.24573326110839844, 0.3249167799949646, 0.26396554708480835, 0.15042006969451904, 0.10154622048139572, 0.13047723472118378, 0.22782082855701447, 0.18411774933338165, 0.1052996888756752, 0.056979481130838394, 0.060548681765794754, 0.10705257207155228, 0.22331875562667847, 0.3541187644004822, 0.23594966530799866, 0.1644335389137268, 0.18563178181648254, 0.12415587902069092, 0.14258436858654022, 0.24177220463752747, 0.22708894312381744, 0.21337908506393433, 0.16382212936878204, 0.16146253049373627, 0.18845203518867493], "rhythm.beats_position": [0.5804988741874695, 1.160997748374939, 1.729886531829834, 2.2987754344940186, 2.879274368286133, 3.4481632709503174, 4.028662204742432, 4.597550868988037, 5.166440010070801, 5.735328674316406, 6.29260778427124, 6.873106479644775], "rhythm.bpm_histogram": [0.0, 0.0, 0.0, 0.0, 0.0, 0.0, 0.0, 0.0, 0.0, 0.0, 0.0, 0.0, 0.0, 0.0, 0.0, 0.0, 0.0, 0.0, 0.0, 0.0, 0.0, 0.0, 0.0, 0.0, 0.0, 0.0, 0.0, 0.0, 0.0, 0.0, 0.0, 0.0, 0.0, 0.0, 0.0, 0.0, 0.0, 0.0, 0.0, 0.0, 0.0, 0.0, 0.0, 0.0, 0.0, 0.0, 0.0, 0.0, 0.0, 0.0, 0.0, 0.0, 0.0, 0.0, 0.0, 0.0, 0.0, 0.0, 0.0, 0.0, 0.0, 0.0, 0.0, 0.0, 0.0, 0.0, 0.0, 0.0, 0.0, 0.0, 0.0, 0.0, 0.0, 0.0, 0.0, 0.0, 0.0, 0.0, 0.0, 0.0, 0.0, 0.0, 0.0, 0.0, 0.0, 0.0, 0.0, 0.0, 0.0, 0.0, 0.0, 0.0, 0.0, 0.0, 0.0, 0.0, 0.0, 0.0, 0.0, 0.0, 0.0, 0.0, 0.0, 0.3636363744735718, 0.0, 0.5454545617103577, 0.0, 0.0, 0.09090909361839294, 0.0, 0.0, 0.0, 0.0, 0.0, 0.0, 0.0, 0.0, 0.0, 0.0, 0.0, 0.0, 0.0, 0.0, 0.0, 0.0, 0.0, 0.0, 0.0, 0.0, 0.0, 0.0, 0.0, 0.0, 0.0, 0.0, 0.0, 0.0, 0.0, 0.0, 0.0, 0.0, 0.0, 0.0, 0.0, 0.0, 0.0, 0.0, 0.0, 0.0, 0.0, 0.0, 0.0, 0.0, 0.0, 0.0, 0.0, 0.0, 0.0, 0.0, 0.0, 0.0, 0.0, 0.0, 0.0, 0.0, 0.0, 0.0, 0.0, 0.0, 0.0, 0.0, 0.0, 0.0, 0.0, 0.0, 0.0, 0.0, 0.0, 0.0, 0.0, 0.0, 0.0, 0.0, 0.0, 0.0, 0.0, 0.0, 0.0, 0.0, 0.0, 0.0, 0.0, 0.0, 0.0, 0.0, 0.0, 0.0, 0.0, 0.0, 0.0, 0.0, 0.0, 0.0, 0.0, 0.0, 0.0, 0.0, 0.0, 0.0, 0.0, 0.0, 0.0, 0.0, 0.0, 0.0, 0.0, 0.0, 0.0, 0.0, 0.0, 0.0, 0.0, 0.0, 0.0, 0.0, 0.0, 0.0, 0.0, 0.0, 0.0, 0.0, 0.0, 0.0, 0.0, 0.0, 0.0, 0.0, 0.0, 0.0, 0.0, 0.0, 0.0, 0.0, 0.0, 0.0, 0.0, 0.0, 0.0, 0.0, 0.0], "tonal.chords_histogram": [46.95121765136719, 15.853658676147461, 6.707316875457764, 0.0, 0.0, 0.0, 1.8292683362960815, 21.341463088989258, 0.0, 7.317073345184326, 0.0, 0.0, 0.0, 0.0, 0.0, 0.0, 0.0, 0.0, 0.0, 0.0, 0.0, 0.0, 0.0, 0.0], "tonal.thpcp": [1.0, 0.5628369450569153, 0.16190651059150696, 0.15770594775676727, 0.09281399101018906, 0.13735543191432953, 0.2920708954334259, 0.30927586555480957, 0.23470892012119293, 0.19546304643154144, 0.1493900716304779, 0.22232036292552948, 0.2905363440513611, 0.27677682042121887, 0.41417956352233887, 0.6331729292869568, 0.4647982120513916, 0.2028544843196869, 0.16304224729537964, 0.15726619958877563, 0.3781915307044983, 0.521992564201355, 0.36450889706611633, 0.33061036467552185, 0.4739780128002167, 0.3943696916103363, 0.19206221401691437, 0.12528181076049805, 0.14499728381633759, 0.2469719499349594, 0.20949611067771912, 0.07691352814435959, 0.07643606513738632, 0.0828496590256691, 0.10343299806118011, 0.5725323557853699], "lowlevel.gfcc.cov": [[10001.291015625, 898.2744140625, 1615.841552734375, 953.3522338867188, 183.96612548828125, 674.5346069335938, 234.42613220214844, 386.6267395019531, 221.43064880371094, 69.70892333984375, -102.04869842529297, 137.22274780273438, -23.072439193725586], [898.2744140625, 444.2669677734375, 35.58742904663086, 180.25634765625, -84.88353729248047, 0.44370192289352417, 24.36594581604004, 32.42818832397461, 54.58351135253906, -40.662994384765625, -0.8575165271759033, -67.13199615478516, 56.87140655517578], [1615.841552734375, 35.58742904663086, 826.798095703125, 335.15533447265625, 155.57821655273438, 226.64019775390625, 119.73462677001953, 164.73110961914062, 115.2490234375, 42.09107208251953, -23.214860916137695, 70.1690673828125, 19.791709899902344], [953.3522338867188, 180.25634765625, 335.15533447265625, 321.49676513671875, 43.41239929199219, 129.392822265625, 62.71691131591797, 74.168212890625, 70.78971099853516, 4.249063014984131, 23.489452362060547, 13.65847396850586, 48.48335266113281], [183.96612548828125, -84.88353729248047, 155.57821655273438, 43.41239929199219, 215.4915313720703, 132.72300720214844, 92.91796112060547, 63.876953125, 58.058345794677734, 49.0609130859375, 29.908798217773438, 48.35688400268555, -6.841548442840576], [674.5346069335938, 0.44370192289352417, 226.64019775390625, 129.392822265625, 132.72300720214844, 207.547119140625, 101.08512878417969, 91.63908386230469, 56.90338897705078, 41.06198501586914, 37.77479553222656, 50.63290786743164, 5.795166969299316], [234.42613220214844, 24.36594581604004, 119.73462677001953, 62.71691131591797, 92.91796112060547, 101.08512878417969, 121.98301696777344, 104.25718688964844, 78.19456481933594, 15.629010200500488, 0.07746309787034988, 6.789609909057617, 17.485183715820312], [386.6267395019531, 32.42818832397461, 164.73110961914062, 74.168212890625, 63.876953125, 91.63908386230469, 104.25718688964844, 165.38873291015625, 111.9631118774414, 9.85246753692627, -35.49087905883789, -9.096338272094727, 23.662391662597656], [221.43064880371094, 54.58351135253906, 115.2490234375, 70.78971099853516, 58.058345794677734, 56.90338897705078, 78.19456481933594, 111.9631118774414, 119.42851257324219, 26.499038696289062, -14.333958625793457, -13.369297981262207, 22.625484466552734], [69.70892333984375, -40.662994384765625, 42.09107208251953, 4.249063014984131, 49.0609130859375, 41.06198501586914, 15.629010200500488, 9.85246753692627, 26.499038696289062, 64.40972137451172, 42.03166961669922, 32.76318359375, -9.131600379943848], [-102.04869842529297, -0.8575165271759033, -23.214860916137695, 23.489452362060547, 29.908798217773438, 37.77479553222656, 0.07746309787034988, -35.49087905883789, -14.333958625793457, 42.03166961669922, 92.74008178710938, 47.11006164550781, 1.462411642074585], [137.22274780273438, -67.13199615478516, 70.1690673828125, 13.65847396850586, 48.35688400268555, 50.63290786743164, 6.789609909057617, -9.096338272094727, -13.369297981262207, 32.76318359375, 47.11006164550781, 75.33479309082031, 3.5904979705810547], [-23.072439193725586, 56.87140655517578, 19.791709899902344, 48.48335266113281, -6.841548442840576, 5.795166969299316, 17.485183715820312, 23.662391662597656, 22.625484466552734, -9.131600379943848, 1.462411642074585, 3.5904979705810547, 56.09891891479492]], "lowlevel.gfcc.icov": [[0.0003963361377827823, -0.0013538285857066512, -0.0001187534217024222, -0.00043005941552110016, 5.261109254206531e-05, -0.0008451752946712077, 0.00046292817569337785, -0.0005066815065219998, 0.0008223378681577742, -0.0012894602259621024, 0.002442858647555113, -0.0022078470792621374, 0.0016482776263728738], [-0.0013538285857066512, 0.00960382167249918, 0.0005460494430735707, -0.0008532042265869677, 0.002023817738518119, 0.0023864377290010452, -0.0027514502871781588, 0.003396055893972516, -0.005528041161596775, 0.006827280856668949, -0.011219742707908154, 0.011846138164401054, -0.0074475593864917755], [-0.0001187534217024222, 0.0005460494430735707, 0.003986577037721872, -0.004255038220435381, -0.0006391819915734231, 0.00011680780880851671, -0.00022587674902752042, -0.0011703550117090344, 0.00039295220631174743, -0.0021276818588376045, 0.004727344028651714, -0.0040737902745604515, 0.001775248907506466], [-0.00043005941552110016, -0.0008532042265869677, -0.004255038220435381, 0.012191166169941425, 0.0008361404179595411, -0.004087687004357576, 0.0022132806479930878, 0.00307732867076993, -0.005387275014072657, 0.0069004809483885765, -0.009059703908860683, 0.0061851986683905125, -0.006674242205917835], [5.261109254206531e-05, 0.002023817738518119, -0.0006391819915734231, 0.0008361404179595411, 0.011930148117244244, -0.0048674410209059715, -0.006450244225561619, 0.005610344465821981, -0.005949144251644611, -5.319460342434468e-06, 0.00017577270045876503, -0.00221642991527915, 0.0016103823436424136], [-0.0008451752946712077, 0.0023864377290010452, 0.00011680780880851671, -0.004087687004357576, -0.0048674410209059715, 0.019583290442824364, -0.007499768398702145, -0.007340724114328623, 0.006866674870252609, -0.0011700533796101809, -0.007782800123095512, 0.0006091238465160131, 0.0007459242478944361], [0.00046292817569337785, -0.0027514502871781588, -0.00022587674902752042, 0.0022132806479930878, -0.006450244225561619, -0.007499768398702145, 0.029928704723715782, -0.011526862159371376, -0.003913650289177895, 0.004814374726265669, -0.002386581152677536, 0.00035430252319201827, -0.0009299795492552221], [-0.0005066815065219998, 0.003396055893972516, -0.0011703550117090344, 0.00307732867076993, 0.005610344465821981, -0.007340724114328623, -0.011526862159371376, 0.03332126885652542, -0.024432970210909843, 0.007313404232263565, 0.005147022660821676, 0.00033286341931670904, -0.004028303548693657], [0.0008223378681577742, -0.005528041161596775, 0.00039295220631174743, -0.005387275014072657, -0.005949144251644611, 0.006866674870252609, -0.003913650289177895, -0.024432970210909843, 0.0453207790851593, -0.026721129193902016, 0.008606546558439732, 0.005200290586799383, -0.002634879667311907], [-0.0012894602259621024, 0.006827280856668949, -0.0021276818588376045, 0.0069004809483885765, -5.319460342434468e-06, -0.0011700533796101809, 0.004814374726265669, 0.007313404232263565, -0.026721129193902016, 0.04921934753656387, -0.027526941150426865, 0.0013593671610578895, 0.002289530588313937], [0.002442858647555113, -0.011219742707908154, 0.004727344028651714, -0.009059703908860683, 0.00017577270045876503, -0.007782800123095512, -0.002386581152677536, 0.005147022660821676, 0.008606546558439732, -0.027526941150426865, 0.05083278566598892, -0.030047347769141197, 0.010585340671241283], [-0.0022078470792621374, 0.011846138164401054, -0.0040737902745604515, 0.0061851986683905125, -0.00221642991527915, 0.0006091238465160131, 0.00035430252319201827, 0.00033286341931670904, 0.005200290586799383, 0.0013593671610578895, -0.030047347769141197, 0.05170772597193718, -0.021811913698911667], [0.0016482776263728738, -0.0074475593864917755, 0.001775248907506466, -0.006674242205917835, 0.0016103823436424136, 0.0007459242478944361, -0.0009299795492552221, -0.004028303548693657, -0.002634879667311907, 0.002289530588313937, 0.010585340671241283, -0.021811913698911667, 0.03585934266448021]], "lowlevel.mfcc.cov": [[6715.88330078125, 468.1752014160156, 1389.0107421875, 595.1629028320312, 417.9979248046875, 375.0168151855469, 177.2404327392578, 434.50225830078125, 334.3585205078125, 300.12969970703125, 247.82838439941406, -44.58993911743164, 74.60869598388672], [468.1752014160156, 208.65016174316406, 23.4383602142334, 50.34487533569336, -23.154102325439453, -22.487743377685547, -17.035869598388672, 5.5149431228637695, 29.142248153686523, 28.86991310119629, 13.270877838134766, -21.915119171142578, -22.48552703857422], [1389.0107421875, 23.4383602142334, 657.0811767578125, 227.29478454589844, 164.7517547607422, 111.56070709228516, 57.52122116088867, 148.75274658203125, 106.02571868896484, 115.87481689453125, 82.20732879638672, -28.893579483032227, 3.1840100288391113], [595.1629028320312, 50.34487533569336, 227.29478454589844, 170.67568969726562, 69.38902282714844, 41.9063720703125, 11.245026588439941, 54.17054748535156, 51.82126235961914, 50.08550262451172, 33.360565185546875, -17.933137893676758, -12.776625633239746], [417.9979248046875, -23.154102325439453, 164.7517547607422, 69.38902282714844, 151.45724487304688, 97.15363311767578, 64.43901824951172, 74.3385238647461, 53.748046875, 47.06462478637695, 45.76805877685547, 35.90999221801758, 39.44304275512695], [375.0168151855469, -22.487743377685547, 111.56070709228516, 41.9063720703125, 97.15363311767578, 125.76509857177734, 71.55641174316406, 43.67507553100586, 7.581310749053955, 13.621969223022461, 32.62042236328125, 38.71068572998047, 51.07596206665039], [177.2404327392578, -17.035869598388672, 57.52122116088867, 11.245026588439941, 64.43901824951172, 71.55641174316406, 88.5403823852539, 59.32046890258789, 26.867891311645508, 18.748762130737305, 22.523595809936523, 33.323577880859375, 38.40378189086914], [434.50225830078125, 5.5149431228637695, 148.75274658203125, 54.17054748535156, 74.3385238647461, 43.67507553100586, 59.32046890258789, 132.24998474121094, 107.476318359375, 77.89469909667969, 38.797874450683594, 6.668414115905762, 14.893865585327148], [334.3585205078125, 29.142248153686523, 106.02571868896484, 51.82126235961914, 53.748046875, 7.581310749053955, 26.867891311645508, 107.476318359375, 162.76260375976562, 102.45995330810547, 45.87797927856445, -3.0693962574005127, -8.5667724609375], [300.12969970703125, 28.86991310119629, 115.87481689453125, 50.08550262451172, 47.06462478637695, 13.621969223022461, 18.748762130737305, 77.89469909667969, 102.45995330810547, 102.93611907958984, 51.13389587402344, 2.402833938598633, -4.772702217102051], [247.82838439941406, 13.270877838134766, 82.20732879638672, 33.360565185546875, 45.76805877685547, 32.62042236328125, 22.523595809936523, 38.797874450683594, 45.87797927856445, 51.13389587402344, 62.315185546875, 27.160491943359375, 15.265254974365234], [-44.58993911743164, -21.915119171142578, -28.893579483032227, -17.933137893676758, 35.90999221801758, 38.71068572998047, 33.323577880859375, 6.668414115905762, -3.0693962574005127, 2.402833938598633, 27.160491943359375, 71.44154357910156, 49.109310150146484], [74.60869598388672, -22.48552703857422, 3.1840100288391113, -12.776625633239746, 39.44304275512695, 51.07596206665039, 38.40378189086914, 14.893865585327148, -8.5667724609375, -4.772702217102051, 15.265254974365234, 49.109310150146484, 75.52075958251953]], "lowlevel.mfcc.icov": [[0.00042919896077364683, -0.0009438055567443371, -0.0006092635449022055, -3.61494930984918e-05, 7.649863255210221e-05, -0.0009547628578729928, 0.0006496611167676747, -0.0007665463490411639, -0.0001791798131307587, 0.0006598506006412208, -0.0004819913883693516, 0.00039769880822859704, -0.00039868682506494224], [-0.0009438055567443371, 0.008103807456791401, 0.001974894432350993, -0.0027226246893405914, 0.0018635921878740191, 0.002479624468833208, -0.002156829461455345, 0.0025455665308982134, -1.7251410099561326e-05, -0.002809937810525298, -0.00062032591085881, 0.0006408569170162082, 0.0002749067498371005], [-0.0006092635449022055, 0.001974894432350993, 0.005086313467472792, -0.003474828554317355, -0.0015740863746032119, 0.0004876764432992786, -0.000243056783801876, -0.0016758303390815854, 0.002432233188301325, -0.002304991241544485, -0.0021264459937810898, 0.0034279068931937218, -0.0003350402694195509], [-3.61494930984918e-05, -0.0027226246893405914, -0.003474828554317355, 0.013575761578977108, -0.0031455708667635918, -0.002504973206669092, 0.003216720186173916, -0.00023151474306359887, -0.0009214151068590581, 0.0006924876943230629, -0.00022474894649349153, 0.0005239423480816185, 0.003059216309338808], [7.649863255210221e-05, 0.0018635921878740191, -0.0015740863746032119, -0.0031455708667635918, 0.019830375909805298, -0.009989880956709385, -0.0005649719387292862, -0.0018398131942376494, -0.002904040040448308, -0.0006510719540528953, -7.894104783190414e-05, -0.004948235582560301, -7.396946602966636e-05], [-0.0009547628578729928, 0.002479624468833208, 0.0004876764432992786, -0.002504973206669092, -0.009989880956709385, 0.029098723083734512, -0.01515232864767313, 0.004634487442672253, 0.0039022613782435656, 0.0002732852881308645, -0.0035124521236866713, 0.0013289905618876219, -0.006128309294581413], [0.0006496611167676747, -0.002156829461455345, -0.000243056783801876, 0.003216720186173916, -0.0005649719387292862, -0.01515232864767313, 0.03359990194439888, -0.01636967621743679, 0.001149537623859942, 0.004590620286762714, 0.0006612050929106772, -0.005371802020817995, -0.00026452491874806583], [-0.0007665463490411639, 0.0025455665308982134, -0.0016758303390815854, -0.00023151474306359887, -0.0018398131942376494, 0.004634487442672253, -0.01636967621743679, 0.03258487209677696, -0.012554760091006756, -0.008090837858617306, 0.00489065982401371, 0.002863884437829256, -0.003515093121677637], [-0.0001791798131307587, -1.7251410099561326e-05, 0.002432233188301325, -0.0009214151068590581, -0.002904040040448308, 0.0039022613782435656, 0.001149537623859942, -0.012554760091006756, 0.023864170536398888, -0.014992769807577133, -0.0007306857733055949, 0.0011634525144472718, 0.0018331253668293357], [0.0006598506006412208, -0.002809937810525298, -0.002304991241544485, 0.0006924876943230629, -0.0006510719540528953, 0.0002732852881308645, 0.004590620286762714, -0.008090837858617306, -0.014992769807577133, 0.04101661592721939, -0.019445674493908882, 0.0016565346159040928, 0.001887086546048522], [-0.0004819913883693516, -0.00062032591085881, -0.0021264459937810898, -0.00022474894649349153, -7.894104783190414e-05, -0.0035124521236866713, 0.0006612050929106772, 0.00489065982401371, -0.0007306857733055949, -0.019445674493908882, 0.04331808537244797, -0.018368683755397797, 0.0033359997905790806], [0.00039769880822859704, 0.0006408569170162082, 0.0034279068931937218, 0.0005239423480816185, -0.004948235582560301, 0.0013289905618876219, -0.005371802020817995, 0.002863884437829256, 0.0011634525144472718, 0.0016565346159040928, -0.018368683755397797, 0.03934457525610924, -0.018040787428617477], [-0.00039868682506494224, 0.0002749067498371005, -0.0003350402694195509, 0.003059216309338808, -7.396946602966636e-05, -0.006128309294581413, -0.00026452491874806583, -0.003515093121677637, 0.0018331253668293357, 0.001887086546048522, 0.0033359997905790806, -0.018040787428617477, 0.03064422681927681]], "metadata.audio_properties.analysis.downmix": "mix", "metadata.audio_properties.codec": "mp3", "metadata.audio_properties.md5_encoded": "7f6532089acc9a1a0c437d9fa67a9ad4", "metadata.tags.file_name": "1183705902449184818.mp3", "metadata.version.essentia": "2.1-beta6-dev", "metadata.version.essentia_git_sha": "v2.1_beta5-1110-g77a6a954", "metadata.version.extractor": "music 2.0", "tonal.chords_key": "Bb", "tonal.chords_scale": "minor", "tonal.key_edma.key": "Bb", "tonal.key_edma.scale": "minor", "tonal.key_krumhansl.key": "Bb", "tonal.key_krumhansl.scale": "minor", "tonal.key_temperley.key": "Bb", "tonal.key_temperley.scale": "minor", "metadata.tags.encoding": ["Lavf58.45.100"]}, "essentia_models": [{"model_name": "genre_dortmund", "activations": {"alternative": "0.022339532", "blues": "0.00041211664", "electronic": "0.0035818387", "folkcountry": "0.0008448392", "funksoulrnb": "0.0019587348", "jazz": "0.00984406", "pop": "0.002912112", "raphiphop": "0.0003209405", "rock": "0.96664417"}}, {"model_name": "genre_rosamerica", "activations": {"classic": "0.00051622343", "dance": "0.00010692224", "hip hop": "0.00035978522", "jazz": "0.002249942", "pop": "0.0033096324", "rhythm and blues": "0.0010946571", "rock": "0.9945611", "speech": "1.9981726e-05"}}, {"model_name": "genre_tzanetakis", "activations": {"blues": "4.31123e-06", "classic": "3.9234777e-07", "country": "0.00067448197", "disco": "0.00018716112", "hip hop": "0.0002929875", "jazz": "5.8693204e-05", "metal": "0.9956963", "pop": "0.0009003081", "reggae": "0.0002631998", "rock": "0.022530034"}}, {"model_name": "genre_electronic", "activations": {"ambient": "0.30730742", "dnb": "0.7563962", "house": "0.16004625", "techno": "0.20431718", "trance": "0.13426273"}}, {"model_name": "mood_acoustic", "activations": {"acoustic": "4.3284515e-05", "not acoustic": "0.9921328"}}, {"model_name": "mood_electronic", "activations": {"electronic": "0.17661679", "not electronic": "0.73986113"}}, {"model_name": "mood_aggressive", "activations": {"aggressive": "0.99927574", "not aggressive": "0.03175602"}}, {"model_name": "mood_relaxed", "activations": {"not relaxed": "0.8572058", "relaxed": "0.22978815"}}, {"model_name": "mood_happy", "activati