{"song_id": "1183657887378190416", "download": "https://cdn.discordapp.com/attachments/1135903449314238464/1183657887378190416/chirp.mp4?ex=6589224f&amp", "lyrics": "[Verse]\nIn the darkness, I embark on a journey\nA brand new chapter, an intro to my story\nHeart beats faster, as the rhythm takes control\nSurrounded by melodies, igniting my soul\n\n[Chorus]\nOh, this is the intro, let me take you higher\nFeel the groove, let the music be our fire\nTogether we dance, love and lose control\nThis is the intro, let the rhythm unfold", "style": ["pop</span><span>, house music"], "essentia_features": {"lowlevel.average_loudness": 0.9829989075660706, "lowlevel.barkbands_crest.mean": 15.167861938476562, "lowlevel.barkbands_crest.stdev": 7.046895980834961, "lowlevel.barkbands_flatness_db.mean": 0.19414478540420532, "lowlevel.barkbands_flatness_db.stdev": 0.10912302881479263, "lowlevel.barkbands_kurtosis.mean": 37.144351959228516, "lowlevel.barkbands_kurtosis.stdev": 69.40364074707031, "lowlevel.barkbands_skewness.mean": 4.023219585418701, "lowlevel.barkbands_skewness.stdev": 3.573244094848633, "lowlevel.barkbands_spread.mean": 21.234619140625, "lowlevel.barkbands_spread.stdev": 21.86781120300293, "lowlevel.dissonance.mean": 0.457843542098999, "lowlevel.dissonance.stdev": 0.0297500379383564, "lowlevel.dynamic_complexity": 2.6053004264831543, "lowlevel.erbbands_crest.mean": 8.150745391845703, "lowlevel.erbbands_crest.stdev": 3.6547722816467285, "lowlevel.erbbands_flatness_db.mean": 0.12978363037109375, "lowlevel.erbbands_flatness_db.stdev": 0.04554722085595131, "lowlevel.erbbands_kurtosis.mean": 0.2009514421224594, "lowlevel.erbbands_kurtosis.stdev": 1.9071182012557983, "lowlevel.erbbands_skewness.mean": 0.6176662445068359, "lowlevel.erbbands_skewness.stdev": 0.7548964023590088, "lowlevel.erbbands_spread.mean": 59.45245361328125, "lowlevel.erbbands_spread.stdev": 25.944259643554688, "lowlevel.hfc.mean": 19.814809799194336, "lowlevel.hfc.stdev": 18.14010238647461, "lowlevel.loudness_ebu128.integrated": -13.866936683654785, "lowlevel.loudness_ebu128.loudness_range": 0.7402811050415039, "lowlevel.loudness_ebu128.momentary.mean": -14.001618385314941, "lowlevel.loudness_ebu128.momentary.stdev": 1.1278685331344604, "lowlevel.loudness_ebu128.short_term.mean": -13.845382690429688, "lowlevel.loudness_ebu128.short_term.stdev": 0.25421208143234253, "lowlevel.melbands_crest.mean": 20.030597686767578, "lowlevel.melbands_crest.stdev": 8.35524845123291, "lowlevel.melbands_flatness_db.mean": 0.27091217041015625, "lowlevel.melbands_flatness_db.stdev": 0.1334141194820404, "lowlevel.melbands_kurtosis.mean": 70.98696899414062, "lowlevel.melbands_kurtosis.stdev": 96.6456298828125, "lowlevel.melbands_skewness.mean": 5.593237400054932, "lowlevel.melbands_skewness.stdev": 3.6344943046569824, "lowlevel.melbands_spread.mean": 15.6379976272583, "lowlevel.melbands_spread.stdev": 18.16466522216797, "lowlevel.pitch_salience.mean": 0.43132922053337097, "lowlevel.pitch_salience.stdev": 0.19484521448612213, "lowlevel.silence_rate_20dB.mean": 1.0, "lowlevel.silence_rate_20dB.stdev": 0.0, "lowlevel.silence_rate_30dB.mean": 0.7194076180458069, "lowlevel.silence_rate_30dB.stdev": 0.44929057359695435, "lowlevel.silence_rate_60dB.mean": 0.013250194489955902, "lowlevel.silence_rate_60dB.stdev": 0.11434393376111984, "lowlevel.spectral_centroid.mean": 1040.901123046875, "lowlevel.spectral_centroid.stdev": 600.2239379882812, "lowlevel.spectral_complexity.mean": 12.964146614074707, "lowlevel.spectral_complexity.stdev": 10.793620109558105, "lowlevel.spectral_decrease.mean": -1.813635819303272e-08, "lowlevel.spectral_decrease.stdev": 2.2022808465749222e-08, "lowlevel.spectral_energy.mean": 0.07024812698364258, "lowlevel.spectral_energy.stdev": 0.08347303420305252, "lowlevel.spectral_energyband_high.mean": 0.001055349363014102, "lowlevel.spectral_energyband_high.stdev": 0.0014035017229616642, "lowlevel.spectral_energyband_low.mean": 0.057672835886478424, "lowlevel.spectral_energyband_low.stdev": 0.08263362944126129, "lowlevel.spectral_energyband_middle_high.mean": 0.0023628759663552046, "lowlevel.spectral_energyband_middle_high.stdev": 0.0035052672028541565, "lowlevel.spectral_energyband_middle_low.mean": 0.010403184220194817, "lowlevel.spectral_energyband_middle_low.stdev": 0.015586244873702526, "lowlevel.spectral_entropy.mean": 7.557133674621582, "lowlevel.spectral_entropy.stdev": 0.6165379881858826, "lowlevel.spectral_flux.mean": 0.10922384262084961, "lowlevel.spectral_flux.stdev": 0.1076836958527565, "lowlevel.spectral_kurtosis.mean": 5.93563985824585, "lowlevel.spectral_kurtosis.stdev": 23.915388107299805, "lowlevel.spectral_rms.mean": 0.006856916937977076, "lowlevel.spectral_rms.stdev": 0.00463869096711278, "lowlevel.spectral_rolloff.mean": 1659.6375732421875, "lowlevel.spectral_rolloff.stdev": 2677.557861328125, "lowlevel.spectral_skewness.mean": 1.604769229888916, "lowlevel.spectral_skewness.stdev": 1.1340042352676392, "lowlevel.spectral_spread.mean": 6081877.0, "lowlevel.spectral_spread.stdev": 2385219.5, "lowlevel.spectral_strongpeak.mean": 0.6879233717918396, "lowlevel.spectral_strongpeak.stdev": 0.46451953053474426, "lowlevel.zerocrossingrate.mean": 0.06371366232633591, "lowlevel.zerocrossingrate.stdev": 0.054193004965782166, "metadata.audio_properties.analysis.equal_loudness": 0.0, "metadata.audio_properties.analysis.length": 29.759977340698242, "metadata.audio_properties.analysis.sample_rate": 44100.0, "metadata.audio_properties.analysis.start_time": 0.0, "metadata.audio_properties.bit_rate": 129289.0, "metadata.audio_properties.length": 29.760000228881836, "metadata.audio_properties.lossless": 0.0, "metadata.audio_properties.number_channels": 1.0, "metadata.audio_properties.replay_gain": -11.42354965209961, "metadata.audio_properties.sample_rate": 48000.0, "rhythm.beats_count": 60.0, "rhythm.beats_loudness.mean": 0.20727859437465668, "rhythm.beats_loudness.stdev": 0.05322912707924843, "rhythm.bpm": 123.41439819335938, "rhythm.bpm_histogram_first_peak_bpm": 123.0, "rhythm.bpm_histogram_first_peak_weight": 0.12244892120361328, "rhythm.bpm_histogram_second_peak_bpm": 129.0, "rhythm.bpm_histogram_second_peak_spread": 0.0, "rhythm.bpm_histogram_second_peak_weight": 0.10169491171836853, "rhythm.danceability": 3.5121655464172363, "rhythm.onset_rate": 6.346628189086914, "tonal.chords_changes_rate": 0.010903426446020603, "tonal.chords_number_rate": 0.004672897048294544, "tonal.chords_strength.mean": 0.6305301189422607, "tonal.chords_strength.stdev": 0.06685581803321838, "tonal.hpcp_crest.mean": 13.489916801452637, "tonal.hpcp_crest.stdev": 5.539211750030518, "tonal.hpcp_entropy.mean": 1.9804364442825317, "tonal.hpcp_entropy.stdev": 0.7533150911331177, "tonal.key_edma.strength": 0.7028958797454834, "tonal.key_krumhansl.strength": 0.7100043892860413, "tonal.key_temperley.strength": 0.6882686018943787, "tonal.tuning_diatonic_strength": 0.6127449870109558, "tonal.tuning_equal_tempered_deviation": 0.3360426723957062, "tonal.tuning_frequency": 449.7646484375, "tonal.tuning_nontempered_energy_ratio": 0.9730185270309448, "lowlevel.barkbands.mean": [0.0013128508580848575, 0.05034434795379639, 0.004813286475837231, 0.0028642762918025255, 0.004467699211090803, 0.0015576444566249847, 0.00023919592786114663, 0.0004867360694333911, 0.0007172130863182247, 0.00046461744932457805, 0.00030282296938821673, 0.00024657233734615147, 0.00026016650372184813, 0.00019380250887479633, 0.0001515469775767997, 0.00016118308121804148, 0.00013897355529479682, 0.0002166036720154807, 0.00018720619846135378, 0.00013786452473141253, 0.00012597300519701093, 0.00012757070362567902, 0.000137934330268763, 0.00022493029246106744, 0.00014504569116979837, 0.00020590981876011938, 1.611549305380322e-05], "lowlevel.barkbands.stdev": [0.0023245413322001696, 0.07656461745500565, 0.019413240253925323, 0.010057375766336918, 0.006081999745219946, 0.0021295107435435057, 0.0005245549837127328, 0.0009379974799230695, 0.001811835216358304, 0.0008752000285312533, 0.0007533245370723307, 0.0005903433775529265, 0.0004488107515498996, 0.0003532860428094864, 0.00028866127831861377, 0.0003263791440986097, 0.00027928591589443386, 0.0003481061721686274, 0.00030495706596411765, 0.00024149625096470118, 0.00019788945792242885, 0.00018295836343895644, 0.0002052178606390953, 0.00033800856908783317, 0.0002446669968776405, 0.00033523974707350135, 3.448194547672756e-05], "lowlevel.erbbands.mean": [1.8676164150238037, 9.538110733032227, 7.522961616516113, 7.496711254119873, 15.322382926940918, 13.245179176330566, 7.261972904205322, 16.189380645751953, 7.46515417098999, 4.965784549713135, 12.32019329071045, 16.43903923034668, 13.457460403442383, 14.303516387939453, 12.518574714660645, 9.11722183227539, 11.186830520629883, 11.500831604003906, 7.45104455947876, 8.972981452941895, 8.824300765991211, 8.170583724975586, 9.004462242126465, 13.910222053527832, 7.576284408569336, 6.4175872802734375, 5.412158966064453, 4.698788166046143, 4.587590217590332, 4.508089065551758, 3.729992628097534, 4.622149467468262, 3.4535770416259766, 1.6613221168518066, 0.9847914576530457, 0.6800878047943115, 0.42891815304756165, 0.086294025182724, 0.0017806123942136765, 0.0001280005817534402], "lowlevel.erbbands.stdev": [2.9976401329040527, 15.325973510742188, 22.473413467407227, 28.6058406829834, 29.495643615722656, 17.928184509277344, 11.259921073913574, 20.283802032470703, 8.73200798034668, 7.56442403793335, 19.96657371520996, 41.9838752746582, 25.71312713623047, 25.96457862854004, 30.12481117248535, 21.40550422668457, 19.047712326049805, 20.461977005004883, 14.269499778747559, 17.338438034057617, 17.288061141967773, 16.080528259277344, 15.605077743530273, 20.61760139465332, 12.514751434326172, 11.436631202697754, 8.688480377197266, 7.634948253631592, 6.559270858764648, 6.3840861320495605, 5.499073028564453, 6.918518543243408, 5.39753532409668, 2.81901478767395, 1.738450527191162, 1.2072513103485107, 0.7118203043937683, 0.142510324716568, 0.0029442855156958103, 0.00011258180893491954], "lowlevel.gfcc.mean": [-9.838171005249023, 71.38453674316406, -82.50241088867188, 26.069801330566406, -58.9012451171875, 8.26351547241211, -37.42485809326172, 3.2973473072052, -28.845470428466797, -0.9514590501785278, -15.119192123413086, 2.8096389770507812, -12.670804977416992], "lowlevel.melbands.mean": [0.015270018950104713, 0.006558714900165796, 0.0015557503793388605, 0.0011179338907822967, 0.00028299185214564204, 0.000332622294081375, 0.00011043665290344507, 7.260790152940899e-05, 0.00010978003410855308, 9.649163257563487e-05, 6.808187026763335e-05, 6.10438291914761e-05, 4.262856600689702e-05, 3.120337350992486e-05, 2.035056058957707e-05, 2.732340362854302e-05, 2.002091787289828e-05, 1.1693937267409638e-05, 1.174872613773914e-05, 1.1489072676340584e-05, 9.94606307358481e-06, 8.482005796395242e-06, 6.880628461658489e-06, 1.0572191058599856e-05, 1.1694873137457762e-05, 5.923818662267877e-06, 4.862205059907865e-06, 4.0978034121508244e-06, 3.4873257845902117e-06, 3.1120544008444995e-06, 2.5440979243285256e-06, 2.537943373681628e-06, 2.5578517579560867e-06, 2.570967581050354e-06, 2.1008281692047603e-06, 2.167246293538483e-06, 3.222171699235332e-06, 2.7383021006244235e-06, 1.849701902756351e-06, 1.215474185300991e-06], "lowlevel.melbands.stdev": [0.023578885942697525, 0.012256775982677937, 0.004893327131867409, 0.0016862689517438412, 0.00038938061334192753, 0.0004289653152227402, 0.00013335247058421373, 0.00012545392382889986, 0.00019349082140251994, 0.00024006706371437758, 0.00013562924868892878, 0.00010997630306519568, 0.00010424796346342191, 7.477027247659862e-05, 4.477851325646043e-05, 4.643064676201902e-05, 3.670379373943433e-05, 2.3935141143738292e-05, 2.272759229526855e-05, 2.357427183596883e-05, 1.9838165826513432e-05, 1.7201813534484245e-05, 1.5039115169201978e-05, 1.6908643374335952e-05, 1.774148768163286e-05, 1.0261698662361596e-05, 8.194449037546292e-06, 7.786725291225594e-06, 5.909940227866173e-06, 5.272669568512356e-06, 4.3220452425885014e-06, 3.7295108086254913e-06, 3.8112179936433677e-06, 3.854780061374186e-06, 3.2166597065952374e-06, 3.382494924153434e-06, 4.939183781971224e-06, 4.5278702600626275e-06, 2.9855668799427804e-06, 2.2685590010951273e-06], "lowlevel.melbands128.mean": [0.0012810297776013613, 0.014930103905498981, 0.022881755605340004, 0.013138395734131336, 0.004780805669724941, 0.0021240641362965107, 0.0013621605467051268, 0.001546597108244896, 0.001586599857546389, 0.0013735434040427208, 0.0006233047461137176, 0.0002950772177428007, 0.00022905651712790132, 0.00017449437291361392, 0.00036837649531662464, 0.0004944572574459016, 0.00010912722063949332, 7.923485100036487e-05, 3.9283499063458294e-05, 2.10964626603527e-05, 0.0001159107341663912, 0.00015583456843160093, 4.473965964280069e-05, 0.00015611197159159929, 0.00013844165368936956, 5.097493340144865e-05, 6.788305472582579e-05, 5.0900212954729795e-05, 9.883645543595776e-05, 6.545106589328498e-05, 4.804700438398868e-05, 4.8082085413625464e-05, 4.3502172047737986e-05, 3.5528217267710716e-05, 4.342093598097563e-05, 2.659525125636719e-05, 1.819734097807668e-05, 1.7576378013473004e-05, 2.3905646230559796e-05, 2.497581772331614e-05, 2.637602483446244e-05, 3.430833385209553e-05, 1.9824217815767042e-05, 1.325660377915483e-05, 1.4616947737522423e-05, 9.91174420050811e-06, 1.062665251083672e-05, 1.1185890798515175e-05, 1.2532329492387362e-05, 1.3549910363508388e-05, 1.0134193871635944e-05, 1.0836087312782183e-05, 1.1669876585074235e-05, 8.618324500275776e-06, 8.197349416150246e-06, 8.937894563132431e-06, 8.441559657512698e-06, 7.229374205053318e-06, 6.274020506680245e-06, 6.0060374380555e-06, 8.848170182318427e-06, 1.6279360352200456e-05, 1.440764572180342e-05, 1.0067899893329013e-05, 7.975770131452009e-06, 5.39959046363947e-06, 5.019283889851067e-06, 4.7359744712593965e-06, 5.3018820835859515e-06, 4.352314135758206e-06, 4.012093995697796e-06, 4.010640623164363e-06, 3.893208941008197e-06, 3.567280600691447e-06, 2.6799505121744005e-06, 3.2299924441758776e-06, 3.4650670386326965e-06, 2.3932789190439507e-06, 2.652068815223174e-06, 2.2443191483034752e-06, 2.5676358745840844e-06, 2.6438913209858583e-06, 2.529797029637848e-06, 2.7523744847712805e-06, 2.3327145299845142e-06, 2.391609768892522e-06, 2.717338929869584e-06, 2.8187564566906076e-06, 1.7337403050987632e-06, 1.9049037973672966e-06, 2.164519855796243e-06, 2.09500558412401e-06, 2.397712250967743e-06, 3.302969616925111e-06, 3.598830062401248e-06, 3.860859123960836e-06, 2.236399041066761e-06, 1.5561207646896946e-06, 2.2184240151545964e-06, 1.9166909623891115e-06, 1.094112576538464e-06, 1.206910837936448e-06, 1.0896909543589572e-06, 1.224732955051877e-06, 9.271196290683292e-07, 1.137064145950717e-06, 1.259056602975761e-06, 1.0592227681627264e-06, 1.0479092225068598e-06, 1.2253781278559472e-06, 1.3534892104871687e-06, 1.8156382566303364e-06, 1.434480509487912e-06, 1.1809844409071957e-06, 1.0527918448133278e-06, 1.1835729765152792e-06, 6.49280309517053e-07, 1.7279836228567547e-08, 3.734279829803455e-10, 2.319838349196246e-10, 8.459025840901191e-11, 2.188391308444171e-11, 1.1823152699930173e-11, 1.157881256153015e-11, 1.1365092027204593e-11, 1.1146952284823985e-11, 1.1010751338469404e-11, 1.0941672047570794e-11], "lowlevel.melbands128.stdev": [0.002301939995959401, 0.02524956688284874, 0.03697468340396881, 0.02324611321091652, 0.013774226419627666, 0.00879650004208088, 0.006151191890239716, 0.004695689305663109, 0.0029921962413936853, 0.0019856069702655077, 0.0009004514431580901, 0.000504436728078872, 0.00039685744559392333, 0.0007567587308585644, 0.0005492810159921646, 0.0005451812176033854, 0.00010790517262648791, 0.00021491471852641553, 9.835921082412824e-05, 5.892473564017564e-05, 0.0002444871061015874, 0.0003163155051879585, 0.00010599106462905183, 0.0005308070103637874, 0.00043026101775467396, 0.00017749580729287118, 0.00027300900546833873, 0.00012197611067676917, 0.00023463812249246985, 0.00015677222108934075, 0.0001140732565545477, 0.00013137265341356397, 0.00012208399130031466, 0.00011743572395062074, 0.00010870191181311384, 7.447037205565721e-05, 5.6306933402083814e-05, 4.710058419732377e-05, 5.176543345442042e-05, 4.875619924860075e-05, 5.400644295150414e-05, 8.372591400984675e-05, 4.256137981428765e-05, 3.1610095902578905e-05, 3.56287055183202e-05, 2.2654905478702858e-05, 2.4264565581688657e-05, 2.63984729826916e-05, 2.7813652195618488e-05, 3.0550370865967125e-05, 2.586286973382812e-05, 2.711398155952338e-05, 2.5454253773204982e-05, 1.993357000174001e-05, 1.8391203411738388e-05, 2.0304050849517807e-05, 1.9295081074233167e-05, 1.785131280485075e-05, 1.5782707123435102e-05, 1.3620547179016285e-05, 1.6458812751807272e-05, 2.979429336846806e-05, 2.524656338209752e-05, 1.866790626081638e-05, 1.4186267435434274e-05, 1.1685160643537529e-05, 1.070545749826124e-05, 8.584123861510307e-06, 9.611519089958165e-06, 8.633994184492622e-06, 9.285922715207562e-06, 8.07607557362644e-06, 8.024569979170337e-06, 6.677733836113475e-06, 4.959616944688605e-06, 5.746070200984832e-06, 6.927147296664771e-06, 4.738707048090873e-06, 4.93966945214197e-06, 4.112259375688154e-06, 4.219870788801927e-06, 4.098133103980217e-06, 4.25430425821105e-06, 4.5427341319737025e-06, 3.7682200400013244e-06, 3.7654704101441894e-06, 4.782112227985635e-06, 5.27246129422565e-06, 2.9938619263703004e-06, 3.170553554809885e-06, 3.850327175314305e-06, 3.6635440210375236e-06, 4.1037674236577e-06, 5.781978870800231e-06, 5.841455276822671e-06, 6.7802047851728275e-06, 4.4598677959584165e-06, 2.9061534405627754e-06, 3.694140559673542e-06, 3.3869403068820247e-06, 2.45559908762516e-06, 2.499096126484801e-06, 2.5058077426365344e-06, 2.6373359105491545e-06, 1.947257260326296e-06, 2.232884526165435e-06, 2.526055368434754e-06, 2.249085810035467e-06, 2.077586941595655e-06, 2.4098724225041224e-06, 2.669471996341599e-06, 3.59850264430861e-06, 2.6056156912090955e-06, 2.0178686099825427e-06, 1.7179600035888143e-06, 2.025107050940278e-06, 1.32906257022114e-06, 5.894290566743621e-08, 7.848917071839878e-09, 4.655156704558294e-09, 1.4272090176348229e-09, 1.788437314909075e-10, 2.0043277801362613e-11, 1.9705603468422872e-11, 1.9419426136590978e-11, 1.91833545576392e-11, 1.901708131246682e-11, 1.8914333640984715e-11], "lowlevel.mfcc.mean": [-665.90966796875, 113.55431365966797, 26.1705379486084, 22.8516788482666, 2.8727598190307617, 3.874356746673584, 1.2989202737808228, 2.469882011413574, -8.711241722106934, 1.1662787199020386, -4.496682643890381, -3.5837974548339844, -9.948432922363281], "lowlevel.spectral_contrast_coeffs.mean": [-0.5879978537559509, -0.7226283550262451, -0.7823188900947571, -0.8236241936683655, -0.8078486919403076, -0.7569823265075684], "lowlevel.spectral_contrast_coeffs.stdev": [0.09144137054681778, 0.0680825486779213, 0.058150310069322586, 0.036444541066884995, 0.03824606165289879, 0.046476636081933975], "lowlevel.spectral_contrast_valleys.mean": [-7.439999580383301, -7.107315540313721, -7.706025123596191, -7.923938274383545, -7.855841159820557, -10.377511978149414], "lowlevel.spectral_contrast_valleys.stdev": [1.1987172365188599, 0.5584956407546997, 0.7657560110092163, 0.817837119102478, 0.9301660060882568, 1.3172975778579712], "rhythm.beats_loudness_band_ratio.mean": [0.9373690485954285, 0.033613551408052444, 0.00653574476018548, 0.013269682414829731, 0.009533613920211792, 0.012720301747322083], "rhythm.beats_loudness_band_ratio.stdev": [0.12993787229061127, 0.07157576829195023, 0.010717060416936874, 0.03426182270050049, 0.026912428438663483, 0.03130415827035904], "tonal.hpcp.mean": [0.16276158392429352, 0.045639775693416595, 0.0319744348526001, 0.02984585054218769, 0.03360363095998764, 0.03296776860952377, 0.027806982398033142, 0.024574244394898415, 0.028700483962893486, 0.04513337463140488, 0.10887215286493301, 0.15003076195716858, 0.09043391793966293, 0.04339456558227539, 0.0574268214404583, 0.062475305050611496, 0.04000343009829521, 0.02400824800133705, 0.03871094062924385, 0.0705389454960823, 0.06391502916812897, 0.03571769967675209, 0.03602606803178787, 0.03620011731982231, 0.038960110396146774, 0.3018990159034729, 0.40021321177482605, 0.13895007967948914, 0.03407822176814079, 0.02693941816687584, 0.02491709217429161, 0.052278630435466766, 0.1529797613620758, 0.2663460969924927, 0.2823282480239868, 0.26677194237709045], "tonal.hpcp.stdev": [0.2663412392139435, 0.1351069062948227, 0.12022396177053452, 0.119807168841362, 0.12473879009485245, 0.12435992062091827, 0.11152833700180054, 0.10787787288427353, 0.11875613033771515, 0.15919071435928345, 0.21030806005001068, 0.24716036021709442, 0.18578997254371643, 0.14691346883773804, 0.19315801560878754, 0.20621457695960999, 0.15247660875320435, 0.10170034319162369, 0.12933765351772308, 0.18178632855415344, 0.16984021663665771, 0.11452635377645493, 0.13535214960575104, 0.1281682699918747, 0.12110183387994766, 0.31730416417121887, 0.4086664915084839, 0.16832990944385529, 0.10906273871660233, 0.1031356155872345, 0.08976129442453384, 0.1435021013021469, 0.25700122117996216, 0.3864882290363312, 0.344755619764328, 0.34749484062194824], "rhythm.beats_position": [0.5224489569664001, 1.05650794506073, 1.590566873550415, 2.1362357139587402, 2.6470746994018555, 3.1346938610076904, 3.6223127841949463, 4.109931945800781, 4.574330806732178, 5.061950206756592, 5.549569129943848, 6.0371880531311035, 6.524806976318359, 7.012426376342773, 7.4884352684021, 7.964444160461426, 8.45206356048584, 8.939682006835938, 9.427301406860352, 9.914920806884766, 10.379319190979004, 10.866938591003418, 11.354557991027832, 11.84217643737793, 12.329795837402344, 12.817414283752441, 13.293423652648926, 13.78104305267334, 14.257051467895508, 14.744670867919922, 15.232290267944336, 15.719908714294434, 16.184309005737305, 16.671926498413086, 17.1595458984375, 17.647165298461914, 18.134784698486328, 18.622404098510742, 19.110021591186523, 19.597640991210938, 20.062040328979492, 20.549659729003906, 21.03727912902832, 21.5248966217041, 22.012516021728516, 22.488525390625, 22.964534759521484, 23.4521541595459, 23.939773559570312, 24.427391052246094, 24.915010452270508, 25.402629852294922, 25.867029190063477, 26.35464859008789, 26.842267990112305, 27.329885482788086, 27.8175048828125, 28.305124282836914, 28.76952362060547, 29.257143020629883], "rhythm.bpm_histogram": [0.0, 0.0, 0.0, 0.0, 0.0, 0.0, 0.0, 0.0, 0.0, 0.0, 0.0, 0.0, 0.0, 0.0, 0.0, 0.0, 0.0, 0.0, 0.0, 0.0, 0.0, 0.0, 0.0, 0.0, 0.0, 0.0, 0.0, 0.0, 0.0, 0.0, 0.0, 0.0, 0.0, 0.0, 0.0, 0.0, 0.0, 0.0, 0.0, 0.0, 0.0, 0.0, 0.0, 0.0, 0.0, 0.0, 0.0, 0.0, 0.0, 0.0, 0.0, 0.0, 0.0, 0.0, 0.0, 0.0, 0.0, 0.0, 0.0, 0.0, 0.0, 0.0, 0.0, 0.0, 0.0, 0.0, 0.0, 0.0, 0.0, 0.0, 0.0, 0.0, 0.0, 0.0, 0.0, 0.0, 0.0, 0.0, 0.0, 0.0, 0.0, 0.0, 0.0, 0.0, 0.0, 0.0, 0.0, 0.0, 0.0, 0.0, 0.0, 0.0, 0.0, 0.0, 0.0, 0.0, 0.0, 0.0, 0.0, 0.0, 0.0, 0.0, 0.0, 0.0, 0.0, 0.0, 0.0, 0.0, 0.0, 0.0, 0.016949152573943138, 0.0, 0.033898305147886276, 0.0, 0.0, 0.0, 0.0, 0.016949152573943138, 0.0, 0.0, 0.0, 0.0, 0.0, 0.7288135886192322, 0.0, 0.0, 0.10169491171836853, 0.0, 0.0, 0.10169491171836853, 0.0, 0.0, 0.0, 0.0, 0.0, 0.0, 0.0, 0.0, 0.0, 0.0, 0.0, 0.0, 0.0, 0.0, 0.0, 0.0, 0.0, 0.0, 0.0, 0.0, 0.0, 0.0, 0.0, 0.0, 0.0, 0.0, 0.0, 0.0, 0.0, 0.0, 0.0, 0.0, 0.0, 0.0, 0.0, 0.0, 0.0, 0.0, 0.0, 0.0, 0.0, 0.0, 0.0, 0.0, 0.0, 0.0, 0.0, 0.0, 0.0, 0.0, 0.0, 0.0, 0.0, 0.0, 0.0, 0.0, 0.0, 0.0, 0.0, 0.0, 0.0, 0.0, 0.0, 0.0, 0.0, 0.0, 0.0, 0.0, 0.0, 0.0, 0.0, 0.0, 0.0, 0.0, 0.0, 0.0, 0.0, 0.0, 0.0, 0.0, 0.0, 0.0, 0.0, 0.0, 0.0, 0.0, 0.0, 0.0, 0.0, 0.0, 0.0, 0.0, 0.0, 0.0, 0.0, 0.0, 0.0, 0.0, 0.0, 0.0, 0.0, 0.0, 0.0, 0.0, 0.0, 0.0, 0.0, 0.0, 0.0, 0.0, 0.0, 0.0, 0.0, 0.0, 0.0, 0.0, 0.0, 0.0, 0.0, 0.0], "tonal.chords_histogram": [0.0, 0.0, 0.0, 0.0, 0.0, 0.0, 0.0, 0.0, 0.0, 0.0, 84.42367553710938, 14.330218315124512, 1.2461059093475342, 0.0, 0.0, 0.0, 0.0, 0.0, 0.0, 0.0, 0.0, 0.0, 0.0, 0.0], "tonal.thpcp": [1.0, 0.34719014167785645, 0.08515016734600067, 0.06731266528367996, 0.06225954368710518, 0.13062694668769836, 0.38224565982818604, 0.6655105352401733, 0.7054445743560791, 0.6665745377540588, 0.4066871702671051, 0.11403865367174149, 0.07989349961280823, 0.07457487285137177, 0.08396432548761368, 0.08237551152706146, 0.06948041915893555, 0.061402879655361176, 0.07171298563480377, 0.11277332156896591, 0.2720353901386261, 0.37487709522247314, 0.22596435248851776, 0.10842861980199814, 0.14349056780338287, 0.15610505640506744, 0.09995529800653458, 0.05998864397406578, 0.09672579169273376, 0.17625340819358826, 0.15970245003700256, 0.08924667537212372, 0.09001718461513519, 0.09045208245515823, 0.09734838455915451, 0.7543454766273499], "lowlevel.gfcc.cov": [[4619.7001953125, -2084.1728515625, -244.30320739746094, 101.22369384765625, 94.14207458496094, 332.49871826171875, -180.6771240234375, 307.3158874511719, -347.6179504394531, 171.9635772705078, -385.7030334472656, 185.6934814453125, -302.1875305175781], [-2084.1728515625, 3168.151611328125, 260.2297058105469, 689.740966796875, 1056.1368408203125, 112.9579849243164, 957.5341186523438, 121.11129760742188, 783.7138061523438, -28.318220138549805, 734.046875, -136.37509155273438, 527.2872924804688], [-244.30320739746094, 260.2297058105469, 900.1195678710938, 180.37026977539062, 332.16326904296875, 282.7103271484375, 182.50192260742188, 102.08297729492188, 120.75867462158203, 205.15866088867188, 72.3061294555664, 84.96636962890625, 38.13245391845703], [101.22369384765625, 689.740966796875, 180.37026977539062, 681.1112060546875, 552.8901977539062, 244.48544311523438, 414.2738952636719, 196.82664489746094, 346.8573913574219, 78.54263305664062, 305.264404296875, 18.144336700439453, 194.5113525390625], [94.14207458496094, 1056.1368408203125, 332.16326904296875, 552.8901977539062, 1016.3419189453125, 358.5191345214844, 611.2183837890625, 259.2754821777344, 396.6390075683594, 176.7049102783203, 292.87384033203125, 64.41336059570312, 220.33531188964844], [332.49871826171875, 112.9579849243164, 282.7103271484375, 244.48544311523438, 358.5191345214844, 380.5684814453125, 278.9839782714844, 134.95614624023438, 145.09983825683594, 133.6837921142578, 89.37208557128906, 73.24479675292969, 81.87213134765625], [-180.6771240234375, 957.5341186523438, 182.50192260742188, 414.2738952636719, 611.2183837890625, 278.9839782714844, 605.9518432617188, 195.11170959472656, 354.071533203125, 83.3167495727539, 315.8017272949219, 24.048385620117188, 203.96499633789062], [307.3158874511719, 121.11129760742188, 102.08297729492188, 196.82664489746094, 259.2754821777344, 134.95614624023438, 195.11170959472656, 198.42494201660156, 126.75923919677734, 79.59317016601562, 83.60848236083984, 44.322696685791016, 34.64347457885742], [-347.6179504394531, 783.7138061523438, 120.75867462158203, 346.8573913574219, 396.6390075683594, 145.09983825683594, 354.071533203125, 126.75923919677734, 361.6737060546875, 65.36772918701172, 264.79193115234375, -5.014713287353516, 188.0243682861328], [171.9635772705078, -28.318220138549805, 205.15866088867188, 78.54263305664062, 176.7049102783203, 133.6837921142578, 83.3167495727539, 79.59317016601562, 65.36772918701172, 164.83668518066406, 37.50448989868164, 61.1452522277832, 10.28084659576416], [-385.7030334472656, 734.046875, 72.3061294555664, 305.264404296875, 292.87384033203125, 89.37208557128906, 315.8017272949219, 83.60848236083984, 264.79193115234375, 37.50448989868164, 329.5076599121094, 18.576745986938477, 163.20716857910156], [185.6934814453125, -136.37509155273438, 84.96636962890625, 18.144336700439453, 64.41336059570312, 73.24479675292969, 24.048385620117188, 44.322696685791016, -5.014713287353516, 61.1452522277832, 18.576745986938477, 121.40151977539062, 11.156111717224121], [-302.1875305175781, 527.2872924804688, 38.13245391845703, 194.5113525390625, 220.33531188964844, 81.87213134765625, 203.96499633789062, 34.64347457885742, 188.0243682861328, 10.28084659576416, 163.20716857910156, 11.156111717224121, 190.80604553222656]], "lowlevel.gfcc.icov": [[0.0005354311433620751, 0.0004178040544502437, 0.0003099680761806667, -0.0002683167112991214, -0.0003882551391143352, -0.00025250858743675053, -4.2335781472502276e-05, -0.0005767575348727405, 0.0004136856005061418, -3.725658098119311e-05, 7.829210517229512e-05, 6.224537355592474e-05, 0.0001353839907096699], [0.0004178040544502437, 0.0025765858590602875, -0.0005909373285248876, 0.000779360590968281, -0.0019196546636521816, 0.0016525279497727752, -0.0014745078515261412, 0.0008378823986276984, -0.0010784302139654756, 0.0016162596875801682, -0.0020169576164335012, 0.002159827621653676, -0.0016287349862977862], [0.0003099680761806667, -0.0005909373285248876, 0.002205264288932085, -0.0005810067523270845, 0.00018566481594461948, -0.0016287348698824644, 0.0006451366352848709, -0.0002797509077936411, 0.00056594202760607, -0.0021053992677479982, 0.0007653398206457496, -0.0008679674356244504, 0.0010730101494118571], [-0.0002683167112991214, 0.000779360590968281, -0.0005810067523270845, 0.004985718987882137, -0.001853377791121602, -0.0007395852589979768, 0.0011488399468362331, -0.0013246751623228192, -0.0018601648043841124, 0.002290191128849983, -0.003677626606076956, 0.0020887574646621943, -0.001341910334303975], [-0.0003882551391143352, -0.0019196546636521816, 0.00018566481594461948, -0.001853377791121602, 0.0050494796596467495, -0.0006293602054938674, -0.001973442267626524, -0.0006893159588798881, 0.00027732818853110075, -0.0029380107298493385, 0.003263352205976844, -0.0021203607320785522, 0.0004337492282502353], [-0.00025250858743675053, 0.0016525279497727752, -0.0016287348698824644, -0.0007395852589979768, -0.0006293602054938674, 0.008722750470042229, -0.0049455068074166775, 0.0016108903801068664, -0.0006721909157931805, -0.0015757486689835787, 0.0015496596461161971, -0.000288403156446293, -0.0024704819079488516], [-4.2335781472502276e-05, -0.0014745078515261412, 0.0006451366352848709, 0.0011488399468362331, -0.001973442267626524, -0.0049455068074166775, 0.01040777936577797, -0.003791638184338808, -0.0006262992974370718, 0.0019940997008234262, -0.0038754993584007025, 0.0006593754515051842, 0.0004575096827466041], [-0.0005767575348727405, 0.0008378823986276984, -0.0002797509077936411, -0.0013246751623228192, -0.0006893159588798881, 0.0016108903801068664, -0.003791638184338808, 0.012974701821804047, -0.00418400764465332, -0.0011088281171396375, 0.0013175529893487692, -0.002483069198206067, 0.0031805436592549086], [0.0004136856005061418, -0.0010784302139654756, 0.00056594202760607, -0.0018601648043841124, 0.00027732818853110075, -0.0006721909157931805, -0.0006262992974370718, -0.00418400764465332, 0.01480118464678526, -0.004025335423648357, -0.002963918959721923, 0.003520047292113304, -0.005223214626312256], [-3.725658098119311e-05, 0.0016162596875801682, -0.0021053992677479982, 0.002290191128849983, -0.0029380107298493385, -0.0015757486689835787, 0.0019940997008234262, -0.0011088281171396375, -0.004025335423648357, 0.014689081348478794, -0.0029969005845487118, -0.00172420556191355, 0.0015385508304461837], [7.829210517229512e-05, -0.0020169576164335012, 0.0007653398206457496, -0.003677626606076956, 0.003263352205976844, 0.0015496596461161971, -0.0038754993584007025, 0.0013175529893487692, -0.002963918959721923, -0.0029969005845487118, 0.013749278150498867, -0.00550560699775815, 0.00040767513564787805], [6.224537355592474e-05, 0.002159827621653676, -0.0008679674356244504, 0.0020887574646621943, -0.0021203607320785522, -0.000288403156446293, 0.0006593754515051842, -0.002483069198206067, 0.003520047292113304, -0.00172420556191355, -0.00550560699775815, 0.015260249376296997, -0.005066468846052885], [0.0001353839907096699, -0.0016287349862977862, 0.0010730101494118571, -0.001341910334303975, 0.0004337492282502353, -0.0024704819079488516, 0.0004575096827466041, 0.0031805436592549086, -0.005223214626312256, 0.0015385508304461837, 0.00040767513564787805, -0.005066468846052885, 0.015614158473908901]], "lowlevel.mfcc.cov": [[4801.71826171875, -1938.2862548828125, -567.9527587890625, -202.4051971435547, 104.61454010009766, -55.451393127441406, 112.48645782470703, 70.98998260498047, 79.3504867553711, -80.29509735107422, 8.148828506469727, -87.3510513305664, -27.680517196655273], [-1938.2862548828125, 2339.380859375, 16.020172119140625, 730.8765869140625, 336.9627380371094, 411.5941467285156, 370.7239990234375, 353.16949462890625, 244.77015686035156, 384.01470947265625, 184.65196228027344, 330.8161926269531, 149.332763671875], [-567.9527587890625, 16.020172119140625, 649.6491088867188, -32.84682083129883, 47.784828186035156, 81.05960845947266, 14.1447172164917, -34.535770416259766, 12.918522834777832, 12.357419967651367, 38.274105072021484, 36.54804229736328, 50.48860549926758], [-202.4051971435547, 730.8765869140625, -32.84682083129883, 635.8917236328125, 325.74810791015625, 265.584716796875, 270.2745666503906, 273.91925048828125, 177.39031982421875, 265.49169921875, 161.81015014648438, 225.8500213623047, 97.93751525878906], [104.61454010009766, 336.9627380371094, 47.784828186035156, 325.74810791015625, 383.5912170410156, 263.25830078125, 213.94044494628906, 170.3599090576172, 198.88055419921875, 163.63485717773438, 111.80250549316406, 156.1686248779297, 116.5148696899414], [-55.451393127441406, 411.5941467285156, 81.05960845947266, 265.584716796875, 263.25830078125, 406.5895690917969, 267.4343566894531, 205.26806640625, 205.7484893798828, 186.3448944091797, 87.04901123046875, 185.3732147216797, 139.24627685546875], [112.48645782470703, 370.7239990234375, 14.1447172164917, 270.2745666503906, 213.94044494628906, 267.4343566894531, 331.68035888671875, 229.8083038330078, 171.7502899169922, 170.4730987548828, 121.88921356201172, 160.47842407226562, 113.29281616210938], [70.98998260498047, 353.16949462890625, -34.535770416259766, 273.91925048828125, 170.3599090576172, 205.26806640625, 229.8083038330078, 277.98541259765625, 147.59432983398438, 156.25164794921875, 101.49816131591797, 149.7015838623047, 92.32679748535156], [79.3504867553711, 244.77015686035156, 12.918522834777832, 177.39031982421875, 198.88055419921875, 205.7484893798828, 171.7502899169922, 147.59432983398438, 228.08766174316406, 145.50390625, 68.96650695800781, 107.90747833251953, 87.46764373779297], [-80.29509735107422, 384.01470947265625, 12.357419967651367, 265.49169921875, 163.63485717773438, 186.3448944091797, 170.4730987548828, 156.25164794921875, 145.50390625, 225.09121704101562, 117.91961669921875, 137.79319763183594, 58.460784912109375], [8.148828506469727, 184.65196228027344, 38.274105072021484, 161.81015014648438, 111.80250549316406, 87.04901123046875, 121.88921356201172, 101.49816131591797, 68.96650695800781, 117.91961669921875, 151.4283905029297, 101.75454711914062, 47.070457458496094], [-87.3510513305664, 330.8161926269531, 36.54804229736328, 225.8500213623047, 156.1686248779297, 185.3732147216797, 160.47842407226562, 149.7015838623047, 107.90747833251953, 137.79319763183594, 101.75454711914062, 186.9270477294922, 88.98748779296875], [-27.680517196655273, 149.332763671875, 50.48860549926758, 97.93751525878906, 116.5148696899414, 139.24627685546875, 113.29281616210938, 92.32679748535156, 87.46764373779297, 58.460784912109375, 47.070457458496094, 88.98748779296875, 123.06280517578125]], "lowlevel.mfcc.icov": [[0.0005335139576345682, 0.0006063163746148348, 0.00046136596938595176, 3.747512892005034e-05, -0.00039221197948791087, 0.00010447978274896741, -0.0005303910002112389, -0.00019771700317505747, -8.6459462181665e-05, -0.00011804571113316342, -1.9887600501533598e-05, -9.059312287718058e-05, 0.00024553717230446637], [0.0006063163746148348, 0.001423832611180842, 0.0004873834259342402, -0.0006693332106806338, -9.873429371509701e-05, -1.2170587979198899e-05, -0.0006975943106226623, -0.00011572232324397191, -7.808913505868986e-05, -0.0006341161206364632, 0.00035277282586321235, -0.0004895086749456823, 0.00015338027151301503], [0.00046136596938595176, 0.0004873834259342402, 0.0021857470273971558, 0.0003602652286645025, -0.00048499161493964493, -0.0005989998462609947, -0.0002228316880064085, 0.0005790905561298132, 0.0002224338095402345, -6.219684291863814e-05, -0.0008484283462166786, -0.0002034362987615168, -0.00042038591345772147], [3.747512892005034e-05, -0.0006693332106806338, 0.0003602652286645025, 0.005950285121798515, -0.0036737213376909494, 0.0010665199952200055, -0.0002899951650761068, -0.0023167019244283438, 0.0023314945865422487, -0.0033386938739567995, 0.0005584562895819545, -0.0016726870089769363, 0.0011387788690626621], [-0.00039221197948791087, -9.873429371509701e-05, -0.00048499161493964493, -0.0036737213376909494, 0.00874953530728817, -0.002470454666763544, 0.00038808403769508004, 0.0019380678422749043, -0.004334971308708191, 0.0026231245137751102, -0.0022641613613814116, 0.0004099857760593295, -0.0017411555163562298], [0.00010447978274896741, -1.2170587979198899e-05, -0.0005989998462609947, 0.0010665199952200055, -0.002470454666763544, 0.009543659165501595, -0.003909699618816376, -9.654404129832983e-05, -0.0010560770751908422, -0.003267162013798952, 0.004654656630009413, -0.0034827985800802708, -0.0023119733668863773], [-0.0005303910002112389, -0.0006975943106226623, -0.0002228316880064085, -0.0002899951650761068, 0.00038808403769508004, -0.003909699618816376, 0.01140195969492197, -0.004325102549046278, -0.0008514047367498279, 0.0007854985306039453, -0.0036499786656349897, 0.0011508445022627711, -0.001350162667222321], [-0.00019771700317505747, -0.00011572232324397191, 0.0005790905561298132, -0.0023167019244283438, 0.0019380678422749043, -9.654404129832983e-05, -0.004325102549046278, 0.011476824060082436, -0.002183242468163371, 3.7663579860236496e-05, -0.00024894243688322604, -0.0021288245916366577, -0.001483836444094777], [-8.6459462181665e-05, -7.808913505868986e-05, 0.0002224338095402345, 0.0023314945865422487, -0.004334971308708191, -0.0010560770751908422, -0.0008514047367498279, -0.002183242468163371, 0.013042858801782131, -0.006364878267049789, 0.0023082077968865633, 0.0013741786824539304, -0.0022735977545380592], [-0.00011804571113316342, -0.0006341161206364632, -6.219684291863814e-05, -0.0033386938739567995, 0.0026231245137751102, -0.003267162013798952, 0.0007854985306039453, 3.7663579860236496e-05, -0.006364878267049789, 0.017523398622870445, -0.007124046795070171, -0.001900827744975686, 0.004186155740171671], [-1.9887600501533598e-05, 0.00035277282586321235, -0.0008484283462166786, 0.0005584562895819545, -0.0022641613613814116, 0.004654656630009413, -0.0036499786656349897, -0.00024894243688322604, 0.0023082077968865633, -0.007124046795070171, 0.015934903174638748, -0.004830572754144669, -0.000963267229963094], [-9.059312287718058e-05, -0.0004895086749456823, -0.0002034362987615168, -0.0016726870089769363, 0.0004099857760593295, -0.0034827985800802708, 0.0011508445022627711, -0.0021288245916366577, 0.0013741786824539304, -0.001900827744975686, -0.004830572754144669, 0.01763119362294674, -0.004896736703813076], [0.00024553717230446637, 0.00015338027151301503, -0.00042038591345772147, 0.0011387788690626621, -0.0017411555163562298, -0.0023119733668863773, -0.001350162667222321, -0.001483836444094777, -0.0022735977545380592, 0.004186155740171671, -0.000963267229963094, -0.004896736703813076, 0.01741861179471016]], "metadata.audio_properties.analysis.downmix": "mix", "metadata.audio_properties.codec": "mp3", "metadata.audio_properties.md5_encoded": "7752f795e56fba40a8e2589f99d332ca", "metadata.tags.file_name": "1183657887378190416.mp3", "metadata.version.essentia": "2.1-beta6-dev", "metadata.version.essentia_git_sha": "v2.1_beta5-1110-g77a6a954", "metadata.version.extractor": "music 2.0", "tonal.chords_key": "F", "tonal.chords_scale": "minor", "tonal.key_edma.key": "F#", "tonal.key_edma.scale": "minor", "tonal.key_krumhansl.key": "F#", "tonal.key_krumhansl.scale": "minor", "tonal.key_temperley.key": "F#", "tonal.key_temperley.scale": "minor", "metadata.tags.encoding": ["Lavf58.45.100"]}, "essentia_models": [{"model_name": "genre_dortmund", "activations": {"alternative