{"song_id": "1183687168909119519", "download": "https://cdn.discordapp.com/attachments/1135903449314238464/1183687168909119519/chirp.mp4?ex=65893d94&amp", "lyrics": "[Verse]\nImagine a world, where love is the key\nA place of harmony, where all can be free\nNo walls dividing, just unity within\nDreams of peace and compassion, let the healing begin\n\n[Chorus]\nImagine, imagine, let your heart take flight\nImagine, imagine, a world filled with light", "style": ["English rock"], "essentia_features": {"lowlevel.average_loudness": 0.9827527403831482, "lowlevel.barkbands_crest.mean": 10.897684097290039, "lowlevel.barkbands_crest.stdev": 3.627781391143799, "lowlevel.barkbands_flatness_db.mean": 0.12584106624126434, "lowlevel.barkbands_flatness_db.stdev": 0.04155578464269638, "lowlevel.barkbands_kurtosis.mean": 5.321796417236328, "lowlevel.barkbands_kurtosis.stdev": 11.331904411315918, "lowlevel.barkbands_skewness.mean": 1.937972903251648, "lowlevel.barkbands_skewness.stdev": 1.4091709852218628, "lowlevel.barkbands_spread.mean": 27.341798782348633, "lowlevel.barkbands_spread.stdev": 12.929671287536621, "lowlevel.dissonance.mean": 0.479038268327713, "lowlevel.dissonance.stdev": 0.019582748413085938, "lowlevel.dynamic_complexity": 1.0550854206085205, "lowlevel.erbbands_crest.mean": 8.893818855285645, "lowlevel.erbbands_crest.stdev": 4.341493606567383, "lowlevel.erbbands_flatness_db.mean": 0.13617441058158875, "lowlevel.erbbands_flatness_db.stdev": 0.029209738597273827, "lowlevel.erbbands_kurtosis.mean": 0.02758627198636532, "lowlevel.erbbands_kurtosis.stdev": 1.2560834884643555, "lowlevel.erbbands_skewness.mean": -0.16186179220676422, "lowlevel.erbbands_skewness.stdev": 0.6367372274398804, "lowlevel.erbbands_spread.mean": 50.73163604736328, "lowlevel.erbbands_spread.stdev": 22.728090286254883, "lowlevel.hfc.mean": 29.51108741760254, "lowlevel.hfc.stdev": 13.056888580322266, "lowlevel.loudness_ebu128.integrated": -11.977906227111816, "lowlevel.loudness_ebu128.loudness_range": 0.5542964935302734, "lowlevel.loudness_ebu128.momentary.mean": -12.017782211303711, "lowlevel.loudness_ebu128.momentary.stdev": 0.6047500371932983, "lowlevel.loudness_ebu128.short_term.mean": -11.981257438659668, "lowlevel.loudness_ebu128.short_term.stdev": 0.19814833998680115, "lowlevel.melbands_crest.mean": 18.322555541992188, "lowlevel.melbands_crest.stdev": 4.766408920288086, "lowlevel.melbands_flatness_db.mean": 0.19837383925914764, "lowlevel.melbands_flatness_db.stdev": 0.05463094636797905, "lowlevel.melbands_kurtosis.mean": 26.075342178344727, "lowlevel.melbands_kurtosis.stdev": 40.64011764526367, "lowlevel.melbands_skewness.mean": 3.922116756439209, "lowlevel.melbands_skewness.stdev": 2.4338579177856445, "lowlevel.melbands_spread.mean": 22.550745010375977, "lowlevel.melbands_spread.stdev": 12.88174819946289, "lowlevel.pitch_salience.mean": 0.47341591119766235, "lowlevel.pitch_salience.stdev": 0.12025994062423706, "lowlevel.silence_rate_20dB.mean": 1.0, "lowlevel.silence_rate_20dB.stdev": 0.0, "lowlevel.silence_rate_30dB.mean": 0.9719387888908386, "lowlevel.silence_rate_30dB.stdev": 0.16514812409877777, "lowlevel.silence_rate_60dB.mean": 0.001700680237263441, "lowlevel.silence_rate_60dB.stdev": 0.041204556822776794, "lowlevel.spectral_centroid.mean": 1604.0760498046875, "lowlevel.spectral_centroid.stdev": 500.4584655761719, "lowlevel.spectral_complexity.mean": 27.671768188476562, "lowlevel.spectral_complexity.stdev": 10.259622573852539, "lowlevel.spectral_decrease.mean": -1.2119137693389348e-08, "lowlevel.spectral_decrease.stdev": 6.9607990482722926e-09, "lowlevel.spectral_energy.mean": 0.04841720312833786, "lowlevel.spectral_energy.stdev": 0.026527397334575653, "lowlevel.spectral_energyband_high.mean": 0.0015867582987993956, "lowlevel.spectral_energyband_high.stdev": 0.0014836402842774987, "lowlevel.spectral_energyband_low.mean": 0.029585685580968857, "lowlevel.spectral_energyband_low.stdev": 0.026505984365940094, "lowlevel.spectral_energyband_middle_high.mean": 0.007447699084877968, "lowlevel.spectral_energyband_middle_high.stdev": 0.005279425531625748, "lowlevel.spectral_energyband_middle_low.mean": 0.012753091752529144, "lowlevel.spectral_energyband_middle_low.stdev": 0.013832835480570793, "lowlevel.spectral_entropy.mean": 7.858977317810059, "lowlevel.spectral_entropy.stdev": 0.20002251863479614, "lowlevel.spectral_flux.mean": 0.11532030999660492, "lowlevel.spectral_flux.stdev": 0.05849677324295044, "lowlevel.spectral_kurtosis.mean": 2.4378719329833984, "lowlevel.spectral_kurtosis.stdev": 1.1444302797317505, "lowlevel.spectral_rms.mean": 0.006669968366622925, "lowlevel.spectral_rms.stdev": 0.001657656510360539, "lowlevel.spectral_rolloff.mean": 1354.540771484375, "lowlevel.spectral_rolloff.stdev": 1170.0855712890625, "lowlevel.spectral_skewness.mean": 1.0932506322860718, "lowlevel.spectral_skewness.stdev": 0.2332325279712677, "lowlevel.spectral_spread.mean": 4693115.0, "lowlevel.spectral_spread.stdev": 941967.625, "lowlevel.spectral_strongpeak.mean": 0.7522681951522827, "lowlevel.spectral_strongpeak.stdev": 0.7312443852424622, "lowlevel.zerocrossingrate.mean": 0.057955577969551086, "lowlevel.zerocrossingrate.stdev": 0.023099385201931, "metadata.audio_properties.analysis.equal_loudness": 0.0, "metadata.audio_properties.analysis.length": 27.26399040222168, "metadata.audio_properties.analysis.sample_rate": 44100.0, "metadata.audio_properties.analysis.start_time": 0.0, "metadata.audio_properties.bit_rate": 125017.0, "metadata.audio_properties.length": 27.263999938964844, "metadata.audio_properties.lossless": 0.0, "metadata.audio_properties.number_channels": 1.0, "metadata.audio_properties.replay_gain": -13.046836853027344, "metadata.audio_properties.sample_rate": 48000.0, "rhythm.beats_count": 71.0, "rhythm.beats_loudness.mean": 0.05134844034910202, "rhythm.beats_loudness.stdev": 0.022228535264730453, "rhythm.bpm": 161.4989776611328, "rhythm.bpm_histogram_first_peak_bpm": 161.0, "rhythm.bpm_histogram_first_peak_weight": 0.45588237047195435, "rhythm.bpm_histogram_second_peak_bpm": 148.0, "rhythm.bpm_histogram_second_peak_spread": 0.5, "rhythm.bpm_histogram_second_peak_weight": 0.014285714365541935, "rhythm.danceability": 1.6370184421539307, "rhythm.onset_rate": 3.188746690750122, "tonal.chords_changes_rate": 0.08319184929132462, "tonal.chords_number_rate": 0.016977928578853607, "tonal.chords_strength.mean": 0.533846914768219, "tonal.chords_strength.stdev": 0.10057588666677475, "tonal.hpcp_crest.mean": 13.418720245361328, "tonal.hpcp_crest.stdev": 5.982428550720215, "tonal.hpcp_entropy.mean": 2.028698444366455, "tonal.hpcp_entropy.stdev": 0.7766730785369873, "tonal.key_edma.strength": 0.8925865888595581, "tonal.key_krumhansl.strength": 0.8968913555145264, "tonal.key_temperley.strength": 0.9004614949226379, "tonal.tuning_diatonic_strength": 0.8421730399131775, "tonal.tuning_equal_tempered_deviation": 0.05064542219042778, "tonal.tuning_frequency": 439.74591064453125, "tonal.tuning_nontempered_energy_ratio": 0.7623414993286133, "lowlevel.barkbands.mean": [0.0006288895383477211, 0.012230819091200829, 0.014166549779474735, 0.004550030454993248, 0.004263602197170258, 0.0007317035342566669, 0.00031042410410009325, 0.0007764622569084167, 0.0013061950448900461, 0.0012141600018367171, 0.0014916020445525646, 0.0006267501157708466, 0.00045498425606638193, 0.0004569741722662002, 0.0007295733084902167, 0.00103890267200768, 0.0006316012004390359, 0.0005270681576803327, 0.0003798725956585258, 0.0005656075081788003, 0.00033685064408928156, 0.0003892411768902093, 0.000292604643618688, 0.00022861080651637167, 6.509115337394178e-05, 2.0949857571395114e-05, 2.0834197584918e-06], "lowlevel.barkbands.stdev": [0.0006797619862481952, 0.016166966408491135, 0.013617775402963161, 0.0047266217879951, 0.01035891380161047, 0.0018737599020823836, 0.0007421234040521085, 0.0016449099639430642, 0.002349489601328969, 0.0024204414803534746, 0.0032747089862823486, 0.0015041644219309092, 0.0006151956040412188, 0.0006061959429644048, 0.0010135108605027199, 0.0012324360432103276, 0.0007528241840191185, 0.00040827205521054566, 0.0002695605217013508, 0.00035068803117610514, 0.00028952735010534525, 0.0004382238257676363, 0.000496066699270159, 0.0003141704073641449, 7.075119356159121e-05, 2.2036541849956848e-05, 2.55716349784052e-06], "lowlevel.erbbands.mean": [0.20001205801963806, 3.344050645828247, 15.428845405578613, 16.91380500793457, 16.923254013061523, 11.20989990234375, 7.693068504333496, 5.3868584632873535, 3.8924922943115234, 10.931739807128906, 17.792203903198242, 35.3060417175293, 43.82610321044922, 30.710121154785156, 56.661617279052734, 27.31675148010254, 21.440942764282227, 22.909557342529297, 28.499248504638672, 59.603912353515625, 44.663719177246094, 34.364219665527344, 29.629053115844727, 23.103740692138672, 21.16596794128418, 26.96743392944336, 15.783673286437988, 13.11166000366211, 14.580181121826172, 11.329288482666016, 7.602486610412598, 6.080712795257568, 2.852811336517334, 1.052453637123108, 0.28656235337257385, 0.11286292970180511, 0.03151210770010948, 0.008036183193325996, 0.0002291915734531358, 6.366267189150676e-05], "lowlevel.erbbands.stdev": [0.310213178396225, 4.491732120513916, 16.25943374633789, 14.063605308532715, 34.557334899902344, 28.103885650634766, 16.23813819885254, 16.420059204101562, 9.618790626525879, 21.948923110961914, 37.034912109375, 66.0273666381836, 88.63278198242188, 59.23048782348633, 117.27098846435547, 56.66292190551758, 27.79366683959961, 27.969341278076172, 34.992210388183594, 76.69551849365234, 42.93140411376953, 34.07062911987305, 23.821508407592773, 16.577991485595703, 12.69938850402832, 17.876245498657227, 11.890129089355469, 12.68172550201416, 15.95681095123291, 16.624040603637695, 13.073558807373047, 8.946928977966309, 3.7324976921081543, 1.2119154930114746, 0.32120200991630554, 0.138560950756073, 0.03406606242060661, 0.00814060214906931, 0.00022845801140647382, 2.973986011056695e-05], "lowlevel.gfcc.mean": [45.14849853515625, 69.59300231933594, -117.12638092041016, 58.8117561340332, -45.1384162902832, 31.498489379882812, -25.890426635742188, 12.805411338806152, -21.825273513793945, -6.251190662384033, -25.472522735595703, -7.4923577308654785, -15.955513000488281], "lowlevel.melbands.mean": [0.0025452827103435993, 0.006794634275138378, 0.002935844473540783, 0.0010294236708432436, 0.0002948191831819713, 0.00012205028906464577, 5.854740447830409e-05, 0.00013237624079920352, 0.0001637261884752661, 0.00021105670020915568, 0.00021021380962338299, 0.00010940394713543355, 0.0002148117928300053, 8.654106932226568e-05, 4.833507409784943e-05, 4.661623825086281e-05, 4.240909038344398e-05, 4.326478665461764e-05, 5.594875256065279e-05, 9.420833521289751e-05, 4.393101698951796e-05, 3.609724444686435e-05, 3.0584618798457086e-05, 2.440836760797538e-05, 1.8094546248903498e-05, 1.3125722034601495e-05, 1.9897746824426576e-05, 1.6985382899292745e-05, 1.0395584467914887e-05, 7.68299196352018e-06, 7.479741270799423e-06, 8.780153621046338e-06, 6.826268418080872e-06, 6.135773674031952e-06, 4.4087842070439365e-06, 3.8081159345892956e-06, 3.7416102713905275e-06, 2.2496594738186104e-06, 1.2718414836854208e-06, 7.300258175746421e-07], "lowlevel.melbands.stdev": [0.0032836718019098043, 0.007142260205000639, 0.0023666422348469496, 0.0025412808172404766, 0.0005974536179564893, 0.0003471699310466647, 0.00014250587264541537, 0.00026650814106687903, 0.00030656016315333545, 0.0003860603319481015, 0.000439886876847595, 0.00023137565585784614, 0.00047341559547930956, 0.00019893360149580985, 7.695186650380492e-05, 6.640623905695975e-05, 5.802468876936473e-05, 5.662855983246118e-05, 7.436309533659369e-05, 0.00012451372458599508, 4.5295590098248795e-05, 3.9703474612906575e-05, 3.23473614116665e-05, 1.9139986761729233e-05, 1.4123887012829073e-05, 1.0004883733927272e-05, 1.2767651242029388e-05, 1.2068956493749283e-05, 8.510993211530149e-06, 6.446381121349987e-06, 8.107401299639605e-06, 9.57947031565709e-06, 8.902437002689112e-06, 1.0217126146017108e-05, 8.03270268079359e-06, 6.3150996538752224e-06, 5.44354361409205e-06, 3.0474914183287183e-06, 1.6925777117648977e-06, 8.227613648159604e-07], "lowlevel.melbands128.mean": [0.0003340020193718374, 0.001242165919393301, 0.002660833764821291, 0.006479610688984394, 0.008370268158614635, 0.0064550540409982204, 0.003566136583685875, 0.0019401306053623557, 0.0018219781341031194, 0.0010786964558064938, 0.0004916858160868287, 0.00035339247551746666, 0.0002611007948871702, 0.00019269708718638867, 0.00013282989675644785, 7.666002784390002e-05, 5.9604320995276794e-05, 5.059528848505579e-05, 5.83454457228072e-05, 0.0001322620373684913, 0.00017280869360547513, 0.00012435487587936223, 0.00013416474394034594, 0.00021188368555158377, 0.0003229125286452472, 0.00012441485887393355, 0.00017526483861729503, 0.0003413711383473128, 9.960008173948154e-05, 8.078254177235067e-05, 7.667654426768422e-05, 0.00022302063007373363, 0.00029672132222913206, 0.00016293287626467645, 7.229074981296435e-05, 8.326699753524736e-05, 7.492996519431472e-05, 3.203209053026512e-05, 4.6093588025541976e-05, 4.933610398438759e-05, 4.7853092837613076e-05, 4.0896222344599664e-05, 3.8140573451528326e-05, 4.5509357732953504e-05, 4.630303737940267e-05, 3.763182394322939e-05, 5.030221655033529e-05, 3.6309091228758916e-05, 6.213330925675109e-05, 0.00010538500646362081, 0.00012015323591185734, 6.022705929353833e-05, 3.5402703360887244e-05, 4.371559771243483e-05, 4.283617818146013e-05, 3.288453444838524e-05, 3.237681448808871e-05, 3.4813190723070875e-05, 2.938490615633782e-05, 2.4199271138058975e-05, 2.5899842512444593e-05, 2.2341837393469177e-05, 2.0970566765754484e-05, 1.7134012523456477e-05, 1.3060608580417465e-05, 1.2371637239994016e-05, 1.2982594853383489e-05, 1.543104008305818e-05, 2.2972732040216215e-05, 2.50975808739895e-05, 1.7256874343729578e-05, 1.2646990398934577e-05, 1.1989214726781938e-05, 1.0437393029860687e-05, 7.917801667645108e-06, 7.960357834235765e-06, 7.307399300771067e-06, 7.316780738619855e-06, 7.347284736169968e-06, 7.21267224434996e-06, 1.0438656318001449e-05, 8.709140274731908e-06, 6.979229965509148e-06, 7.0379351200244855e-06, 6.0887309700774495e-06, 6.604208920180099e-06, 6.217422651388915e-06, 5.02180910189054e-06, 4.229472324368544e-06, 4.109280325792497e-06, 3.728688852788764e-06, 3.71563373846584e-06, 3.91024696000386e-06, 3.913895852747373e-06, 3.574788252080907e-06, 3.0790399705438176e-06, 1.779203444129962e-06, 1.323441210843157e-06, 1.4040172118257033e-06, 1.2154123396612704e-06, 8.73534361289785e-07, 7.064891747177171e-07, 4.674182036978891e-07, 3.346581820551364e-07, 2.5109827106462035e-07, 2.4784841912151023e-07, 2.992402130530536e-07, 2.5553239879627654e-07, 1.7118782125180587e-07, 1.570811321016663e-07, 1.1904973717946632e-07, 9.958519342490035e-08, 8.651883831589657e-08, 9.495031605410986e-08, 7.542104896174351e-08, 9.975743608947596e-08, 7.681934022230053e-08, 1.5629742833311866e-08, 2.9412827728947377e-10, 7.435518867282553e-11, 8.936498069322951e-11, 3.085242131217747e-11, 1.1245972035556218e-11, 1.0912899056636505e-11, 9.632771143242014e-12, 7.488159398105765e-12, 6.335517614003416e-12, 6.10511467769026e-12], "lowlevel.melbands128.stdev": [0.0005544161540456116, 0.002631700597703457, 0.004075112286955118, 0.009575874544680119, 0.010251091793179512, 0.00593737093731761, 0.003391029080376029, 0.0023485785350203514, 0.004273786675184965, 0.003425405127927661, 0.00130085286218673, 0.0007915003807283938, 0.0006351267802529037, 0.0005595007678493857, 0.0005308240070007741, 0.0002336789038963616, 0.00018113658006768674, 0.00017116636445280164, 0.00017341053171548992, 0.0003107425582129508, 0.0004258223343640566, 0.00039520798600278795, 0.0004419725446496159, 0.00047661058488301933, 0.0007644167053513229, 0.00034160312497988343, 0.00040721549885347486, 0.0008293540449813008, 0.0002485071017872542, 0.0003073837433476001, 0.00025962412473745644, 0.0006177606410346925, 0.0007755594560876489, 0.0004492585139814764, 0.00030863654683344066, 0.0002455776557326317, 0.00021809978352393955, 6.82892496115528e-05, 9.671484440332279e-05, 8.468714077025652e-05, 9.539907478028908e-05, 6.732743349857628e-05, 7.578651275252923e-05, 8.133574010571465e-05, 9.675447654444724e-05, 6.118603050708771e-05, 0.0001079173234757036, 6.338388629956171e-05, 0.00012270025035832077, 0.000195192958926782, 0.00021420263510663062, 9.481605957262218e-05, 4.214158980175853e-05, 6.214236782398075e-05, 8.341549983015284e-05, 4.471372812986374e-05, 4.28630955866538e-05, 5.86447749810759e-05, 3.6054421798326075e-05, 2.6770288968691602e-05, 2.6254361728206277e-05, 2.1689855202566832e-05, 2.12639024539385e-05, 1.6404914276790805e-05, 1.2841202988056466e-05, 1.2352900739642791e-05, 1.1711112165357918e-05, 1.3227151612227317e-05, 1.9453969798632897e-05, 2.3226037228596397e-05, 1.8028891645371914e-05, 1.0712996299844235e-05, 1.099660039471928e-05, 1.0908616786764469e-05, 7.543033007095801e-06, 7.378471764241112e-06, 7.389243819488911e-06, 9.090102139452938e-06, 9.566512744640931e-06, 8.999150850286242e-06, 1.2160191545262933e-05, 1.1501999324536882e-05, 9.531763680570293e-06, 1.0151667083846405e-05, 9.339075404568575e-06, 1.0483053301868495e-05, 1.2798544048564509e-05, 1.1866750355693512e-05, 7.70644055592129e-06, 8.123549378069583e-06, 7.0586384026682936e-06, 6.4249093156831805e-06, 6.364281489368295e-06, 6.228860456758412e-06, 5.472410975926323e-06, 4.614250883605564e-06, 2.5547192308295052e-06, 2.0834199858654756e-06, 2.171349251511856e-06, 1.6603459016550914e-06, 1.1944327980017988e-06, 8.954875738709234e-07, 5.709920287699788e-07, 4.6866730940564594e-07, 4.2245241616001294e-07, 3.28485270983947e-07, 3.794619090058404e-07, 3.524059479786956e-07, 2.8612947744477424e-07, 2.185904151019713e-07, 1.630846213629411e-07, 1.1568591418154028e-07, 1.2852075315095135e-07, 1.3626751638184942e-07, 1.0271132566685992e-07, 1.020719082589494e-07, 9.191956706899873e-08, 2.8397986184813817e-08, 4.136588405145858e-09, 1.849887021343477e-09, 2.4836501744118777e-09, 6.433655275195349e-10, 1.1017746437413933e-10, 1.0491669338863474e-10, 7.84425580047099e-11, 3.590428648836408e-11, 1.861542343883915e-11, 1.6402743746590787e-11], "lowlevel.mfcc.mean": [-592.3564453125, 88.11375427246094, 0.0056793056428432465, 33.60971450805664, 13.332889556884766, 20.697269439697266, 9.976822853088379, 17.725183486938477, 9.920868873596191, 9.561460494995117, -3.594656467437744, -0.6667912006378174, -3.367932081222534], "lowlevel.spectral_contrast_coeffs.mean": [-0.6509068608283997, -0.7741816639900208, -0.769983172416687, -0.7907271385192871, -0.8006442189216614, -0.7165058851242065], "lowlevel.spectral_contrast_coeffs.stdev": [0.07409603893756866, 0.07817375659942627, 0.07185940444469452, 0.04485774412751198, 0.02499210834503174, 0.03419962152838707], "lowlevel.spectral_contrast_valleys.mean": [-6.499964237213135, -6.938586235046387, -7.0630574226379395, -6.995132923126221, -6.722066402435303, -9.699983596801758], "lowlevel.spectral_contrast_valleys.stdev": [0.6119494438171387, 0.5107035040855408, 0.5004486441612244, 0.45984360575675964, 0.4034390151500702, 0.514832615852356], "rhythm.beats_loudness_band_ratio.mean": [0.6809379458427429, 0.14612187445163727, 0.0766291618347168, 0.07707151025533676, 0.07914365082979202, 0.04945029690861702], "rhythm.beats_loudness_band_ratio.stdev": [0.18218907713890076, 0.12879808247089386, 0.09534531086683273, 0.08905959874391556, 0.06068331003189087, 0.03596939891576767], "tonal.hpcp.mean": [0.14981351792812347, 0.07697630673646927, 0.031488776206970215, 0.037585899233818054, 0.05466198921203613, 0.11223490536212921, 0.1830889731645584, 0.16753876209259033, 0.17413732409477234, 0.2050561159849167, 0.12391843646764755, 0.04582059010863304, 0.030712487176060677, 0.030814826488494873, 0.06041783466935158, 0.12401098012924194, 0.1016259491443634, 0.029779719188809395, 0.018672404810786247, 0.024933286011219025, 0.0768599733710289, 0.14812299609184265, 0.14166976511478424, 0.10653283447027206, 0.11123178899288177, 0.09445299208164215, 0.06673689931631088, 0.06144222617149353, 0.08904038369655609, 0.2631150186061859, 0.3594203293323517, 0.19293786585330963, 0.06241921707987785, 0.0508849211037159, 0.06010842323303223, 0.12378393113613129], "tonal.hpcp.stdev": [0.30700626969337463, 0.18219982087612152, 0.08959387987852097, 0.1200425997376442, 0.16215911507606506, 0.21610651910305023, 0.2915181517601013, 0.26550883054733276, 0.2645684480667114, 0.32615694403648376, 0.22357749938964844, 0.1359066516160965, 0.10221391916275024, 0.09073583036661148, 0.1277024894952774, 0.2210075557231903, 0.18108054995536804, 0.069044329226017, 0.035597868263721466, 0.06344202160835266, 0.1525893360376358, 0.24975179135799408, 0.2437562644481659, 0.20976589620113373, 0.24332734942436218, 0.21400763094425201, 0.17390792071819305, 0.16823473572731018, 0.20439958572387695, 0.3301335275173187, 0.40982022881507874, 0.2830650508403778, 0.16354060173034668, 0.14282096922397614, 0.16734112799167633, 0.25526174902915955], "rhythm.beats_position": [0.41795918345451355, 0.8243083953857422, 1.2190475463867188, 1.6021767854690552, 1.9853061437606812, 2.3684353828430176, 2.739954710006714, 3.1230838298797607, 3.5062131881713867, 3.877732276916504, 4.249251842498779, 4.6207709312438965, 5.003900051116943, 5.38702917098999, 5.758548736572266, 6.130067825317383, 6.51319694519043, 6.884716510772705, 7.267845630645752, 7.639364719390869, 8.010884284973145, 8.382403373718262, 8.753922462463379, 9.137051582336426, 9.520181655883789, 9.891700744628906, 10.274829864501953, 10.64634895324707, 11.029478073120117, 11.400997161865234, 11.772517204284668, 12.155646324157715, 12.527165412902832, 12.89868450164795, 13.281813621520996, 13.653332710266113, 14.036462783813477, 14.407981872558594, 14.79111099243164, 15.174240112304688, 15.557369232177734, 15.928888320922852, 16.30040740966797, 16.671926498413086, 17.055055618286133, 17.43818473815918, 17.80970573425293, 18.181224822998047, 18.564353942871094, 18.94748306274414, 19.319002151489258, 19.690521240234375, 20.062040328979492, 20.43355941772461, 20.816688537597656, 21.188207626342773, 21.57133674621582, 21.954465866088867, 22.337596893310547, 22.709115982055664, 23.08063507080078, 23.4521541595459, 23.823673248291016, 24.195192337036133, 24.57832145690918, 24.961450576782227, 25.332969665527344, 25.70448875427246, 26.087617874145508, 26.470746994018555, 26.842267990112305], "rhythm.bpm_histogram": [0.0, 0.0, 0.0, 0.0, 0.0, 0.0, 0.0, 0.0, 0.0, 0.0, 0.0, 0.0, 0.0, 0.0, 0.0, 0.0, 0.0, 0.0, 0.0, 0.0, 0.0, 0.0, 0.0, 0.0, 0.0, 0.0, 0.0, 0.0, 0.0, 0.0, 0.0, 0.0, 0.0, 0.0, 0.0, 0.0, 0.0, 0.0, 0.0, 0.0, 0.0, 0.0, 0.0, 0.0, 0.0, 0.0, 0.0, 0.0, 0.0, 0.0, 0.0, 0.0, 0.0, 0.0, 0.0, 0.0, 0.0, 0.0, 0.0, 0.0, 0.0, 0.0, 0.0, 0.0, 0.0, 0.0, 0.0, 0.0, 0.0, 0.0, 0.0, 0.0, 0.0, 0.0, 0.0, 0.0, 0.0, 0.0, 0.0, 0.0, 0.0, 0.0, 0.0, 0.0, 0.0, 0.0, 0.0, 0.0, 0.0, 0.0, 0.0, 0.0, 0.0, 0.0, 0.0, 0.0, 0.0, 0.0, 0.0, 0.0, 0.0, 0.0, 0.0, 0.0, 0.0, 0.0, 0.0, 0.0, 0.0, 0.0, 0.0, 0.0, 0.0, 0.0, 0.0, 0.0, 0.0, 0.0, 0.0, 0.0, 0.0, 0.0, 0.0, 0.0, 0.0, 0.0, 0.0, 0.0, 0.0, 0.0, 0.0, 0.0, 0.0, 0.0, 0.0, 0.0, 0.0, 0.0, 0.0, 0.0, 0.0, 0.0, 0.0, 0.0, 0.0, 0.0, 0.0, 0.0, 0.014285714365541935, 0.0, 0.0, 0.0, 0.014285714365541935, 0.0, 0.0, 0.0, 0.0, 0.44285714626312256, 0.0, 0.0, 0.0, 0.5285714268684387, 0.0, 0.0, 0.0, 0.0, 0.0, 0.0, 0.0, 0.0, 0.0, 0.0, 0.0, 0.0, 0.0, 0.0, 0.0, 0.0, 0.0, 0.0, 0.0, 0.0, 0.0, 0.0, 0.0, 0.0, 0.0, 0.0, 0.0, 0.0, 0.0, 0.0, 0.0, 0.0, 0.0, 0.0, 0.0, 0.0, 0.0, 0.0, 0.0, 0.0, 0.0, 0.0, 0.0, 0.0, 0.0, 0.0, 0.0, 0.0, 0.0, 0.0, 0.0, 0.0, 0.0, 0.0, 0.0, 0.0, 0.0, 0.0, 0.0, 0.0, 0.0, 0.0, 0.0, 0.0, 0.0, 0.0, 0.0, 0.0, 0.0, 0.0, 0.0, 0.0, 0.0, 0.0, 0.0, 0.0, 0.0, 0.0, 0.0, 0.0, 0.0, 0.0, 0.0, 0.0, 0.0, 0.0, 0.0, 0.0], "tonal.chords_histogram": [38.03055953979492, 22.071308135986328, 8.658743858337402, 3.395585775375366, 0.0, 0.0, 0.0, 0.0, 5.602716445922852, 0.33955857157707214, 0.0, 0.0, 0.0, 0.0, 0.0, 0.0, 0.0, 4.584040641784668, 0.0, 5.263157844543457, 0.0, 4.753819942474365, 3.5653650760650635, 3.7351443767547607], "tonal.thpcp": [1.0, 0.5368028879165649, 0.1736663579940796, 0.14157496392726898, 0.16723713278770447, 0.3443987965583801, 0.41681981086730957, 0.21416792273521423, 0.08760989457368851, 0.10457365959882736, 0.15208373963832855, 0.31226643919944763, 0.5094007253646851, 0.46613600850105286, 0.4844949245452881, 0.570518970489502, 0.3447730243206024, 0.12748469412326813, 0.08545005321502686, 0.0857347920536995, 0.16809798777103424, 0.3450305163860321, 0.28274959325790405, 0.08285485208034515, 0.051951441913843155, 0.0693708285689354, 0.21384425461292267, 0.4121163487434387, 0.39416179060935974, 0.2964017987251282, 0.30947551131248474, 0.26279255747795105, 0.18567925691604614, 0.1709481030702591, 0.24773329496383667, 0.732053816318512], "lowlevel.gfcc.cov": [[995.2891235351562, -19.866167068481445, -89.3767318725586, 6.422539710998535, -111.4633560180664, -43.873443603515625, -111.44397735595703, -50.39948654174805, -59.65669631958008, -48.59799575805664, -77.38031005859375, -9.439152717590332, -9.742603302001953], [-19.866167068481445, 438.390625, 126.86700439453125, 46.99165725708008, 83.28712463378906, -47.57048034667969, 57.35990524291992, -10.75763988494873, 25.834548950195312, 22.70459747314453, 26.107711791992188, -54.92868423461914, 7.945277690887451], [-89.3767318725586, 126.86700439453125, 574.3684692382812, 253.49398803710938, 31.385780334472656, -45.06185531616211, -79.22179412841797, -99.56028747558594, -56.0909423828125, 6.272554874420166, 27.636863708496094, -28.127464294433594, -70.39874267578125], [6.422539710998535, 46.99165725708008, 253.49398803710938, 289.8585510253906, 88.27589416503906, -13.22728443145752, -50.971927642822266, -32.803226470947266, 13.315196990966797, -20.621538162231445, 11.822789192199707, -9.454849243164062, -9.400949478149414], [-111.4633560180664, 83.28712463378906, 31.385780334472656, 88.27589416503906, 197.9412841796875, 78.03009796142578, 87.96614074707031, 45.67688751220703, 26.813203811645508, -5.914450168609619, 5.217045783996582, 0.8932326436042786, 29.267688751220703], [-43.873443603515625, -47.57048034667969, -45.06185531616211, -13.22728443145752, 78.03009796142578, 178.4061279296875, 128.7036590576172, 42.834495544433594, -6.3657331466674805, -19.2788028717041, 7.369847774505615, -3.1047468185424805, -2.2768044471740723], [-111.44397735595703, 57.35990524291992, -79.22179412841797, -50.971927642822266, 87.96614074707031, 128.7036590576172, 216.58970642089844, 92.3936767578125, 41.70380783081055, 0.708683967590332, 20.34819221496582, -5.9970784187316895, 9.841429710388184], [-50.39948654174805, -10.75763988494873, -99.56028747558594, -32.803226470947266, 45.67688751220703, 42.834495544433594, 92.3936767578125, 146.68966674804688, 83.98381042480469, 5.605963706970215, -21.74286460876465, -13.564546585083008, 21.534706115722656], [-59.65669631958008, 25.834548950195312, -56.0909423828125, 13.315196990966797, 26.813203811645508, -6.3657331466674805, 41.70380783081055, 83.98381042480469, 144.3008270263672, 44.81522750854492, 8.844908714294434, -20.076162338256836, 7.439175605773926], [-48.59799575805664, 22.70459747314453, 6.272554874420166, -20.621538162231445, -5.914450168609619, -19.2788028717041, 0.708683967590332, 5.605963706970215, 44.81522750854492, 91.44963073730469, 55.065406799316406, 3.9568264484405518, -15.045902252197266], [-77.38031005859375, 26.107711791992188, 27.636863708496094, 11.822789192199707, 5.217045783996582, 7.369847774505615, 20.34819221496582, -21.74286460876465, 8.844908714294434, 55.065406799316406, 103.07948303222656, 38.672664642333984, -3.4742836952209473], [-9.439152717590332, -54.92868423461914, -28.127464294433594, -9.454849243164062, 0.8932326436042786, -3.1047468185424805, -5.9970784187316895, -13.564546585083008, -20.076162338256836, 3.9568264484405518, 38.672664642333984, 76.65055084228516, 34.3752326965332], [-9.742603302001953, 7.945277690887451, -70.39874267578125, -9.400949478149414, 29.267688751220703, -2.2768044471740723, 9.841429710388184, 21.534706115722656, 7.439175605773926, -15.045902252197266, -3.4742836952209473, 34.3752326965332, 80.92276763916016]], "lowlevel.gfcc.icov": [[0.0013837508158758283, -0.0007662991993129253, 0.0008191452943719923, -0.0011475044302642345, 0.00133135833311826, -0.000893544580321759, 0.0006223047967068851, -0.00010896578169194981, 0.0006333413766697049, -0.0007368488586507738, 0.0018367869779467583, -0.0012757359072566032, 0.0006933534168638289], [-0.0007662991993129253, 0.005427035037428141, -0.0015938361175358295, 0.0018102206522598863, -0.003412485122680664, 0.005000511184334755, -0.0035891167353838682, 0.001988011645153165, -0.0002809539146255702, 0.0013865509536117315, -0.004413939081132412, 0.00743525568395853, -0.003583314595744014], [0.0008191452943719923, -0.0015938361175358295, 0.004727039020508528, -0.004708182532340288, 0.0016075472813099623, -0.0004430670815054327, 0.0001580253301654011, 2.7454974770080298e-05, 0.002813996048644185, -0.0025363462045788765, 0.0019869974348694086, -0.0014666958013549447, 0.0031781152356415987], [-0.0011475044302642345, 0.0018102206522598863, -0.004708182532340288, 0.01102854311466217, -0.006306410767138004, 0.0010847453959286213, 0.002988646738231182, 0.0011233396362513304, -0.005388724151998758, 0.007549720350652933, -0.0062661850824952126, 0.0032519048545509577, -0.0012328883167356253], [0.00133135833311826, -0.003412485122680664, 0.0016075472813099623, -0.006306410767138004, 0.012767515145242214, -0.00568146537989378, -0.0013188411248847842, -0.0016377536812797189, 0.0015880351420491934, -0.004664959851652384, 0.005926139187067747, -0.00479287002235651, -0.0017430622829124331], [-0.000893544580321759, 0.005000511184334755, -0.0004430670815054327, 0.0010847453959286213, -0.00568146537989378, 0.01653338223695755, -0.009563620202243328, 0.0012884646421298385, 0.0025739192496985197, 0.003204980166628957, -0.005234529264271259, 0.00696288188919425, -0.0003409787605050951], [0.0006223047967068851, -0.0035891167353838682, 0.0001580253301654011, 0.002988646738231182, -0.0013188411248847842, -0.009563620202243328, 0.01613418385386467, -0.006520566530525684, -0.0016967400442808867, 0.003617667593061924, -0.0036841826513409615, -0.0022308076731860638, 0.002511015860363841], [-0.00010896578169194981, 0.001988011645153165, 2.7454974770080298e-05, 0.0011233396362513304, -0.0016377536812797189, 0.0012884646421298385, -0.006520566530525684, 0.01735580712556839, -0.008226913399994373, -0.0004609059833455831, 0.004733733367174864, 0.0009130550315603614, -0.002764991717413068], [0.0006333413766697049, -0.0002809539146255702, 0.002813996048644185, -0.005388724151998758, 0.0015880351420491934, 0.0025739192496985197, -0.0016967400442808867, -0.008226913399994373, 0.017297539860010147, -0.008997133933007717, 0.0005470847245305777, 0.003953706938773394, -0.0010994223412126303], [-0.0007368488586507738, 0.0013865509536117315, -0.0025363462045788765, 0.007549720350652933, -0.004664959851652384, 0.003204980166628957, 0.003617667593061924, -0.0004609059833455831, -0.008997133933007717, 0.027871359139680862, -0.017855912446975708, 0.005180756561458111, 0.0029476319905370474], [0.0018367869779467583, -0.004413939081132412, 0.0019869974348694086, -0.0062661850824952126, 0.005926139187067747, -0.005234529264271259, -0.0036841826513409615, 0.004733733367174864, 0.0005470847245305777, -0.017855912446975708, 0.03116622008383274, -0.019532259553670883, 0.004817838314920664], [-0.0012757359072566032, 0.00743525568395853, -0.0014666958013549447, 0.0032519048545509577, -0.00479287002235651, 0.00696288188919425, -0.0022308076731860638, 0.0009130550315603614, 0.003953706938773394, 0.005180756561458111, -0.019532259553670883, 0.03589409962296486, -0.01531036663800478], [0.0006933534168638289, -0.003583314595744014, 0.0031781152356415987, -0.0012328883167356253, -0.0017430622829124331, -0.0003409787605050951, 0.002511015860363841, -0.002764991717413068, -0.0010994223412126303, 0.0029476319905370474, 0.004817838314920664, -0.01531036663800478, 0.023825252428650856]], "lowlevel.mfcc.cov": [[1147.069580078125, -108.85357666015625, -138.60426330566406, -68.31415557861328, -69.20720672607422, -54.48617172241211, -99.97634887695312, -24.921159744262695, -8.008813858032227, -51.92958068847656, -63.000946044921875, -60.668663024902344, -25.718347549438477], [-108.85357666015625, 407.731689453125, 21.829517364501953, 60.96939468383789, -5.875504493713379, 5.923949718475342, 44.44527053833008, -34.58024215698242, 14.78829288482666, 35.47142791748047, 34.84202575683594, 5.85723876953125, -6.483737468719482], [-138.60426330566406, 21.829517364501953, 493.61383056640625, 206.0110321044922, 94.27442169189453, 46.646305084228516, -18.115537643432617, -74.37528991699219, -118.98441314697266, -41.385765075683594, 9.331655502319336, 15.76290512084961, -24.37041473388672], [-68.31415557861328, 60.96939468383789, 206.0110321044922, 273.89215087890625, 134.53884887695312, 19.095365524291992, -32.987510681152344, -24.736980438232422, -21.04022216796875, -14.036324501037598, -6.146490097045898, 19.60306167602539, 0.7959672808647156], [-69.20720672607422, -5.875504493713379, 94.27442169189453, 134.53884887695312, 157.61175537109375, 40.859798431396484, 2.39756441116333, 5.36315393447876, 9.50682544708252, -5.177836894989014, -16.620094299316406, 6.50897741317749, 6.708243370056152], [-54.48617172241211, 5.923949718475342, 46.646305084228516, 19.095365524291992, 40.859798431396484, 123.8364486694336, 84.01934814453125, 24.826858520507812, -10.984929084777832, -4.968216419219971, 7.969675064086914, 7.441340446472168, 11.882583618164062], [-99.97634887695312, 44.44527053833008, -18.115537643432617, -32.987510681152344, 2.39756441116333, 84.01934814453125, 168.8397674560547, 74.39290618896484, 25.574541091918945, 3.4855799674987793, 7.530698299407959, 7.473580360412598, 15.291266441345215], [-24.921159744262695, -34.58024215698242, -74.37528991699219, -24.736980438232422, 5.36315393447876, 24.826858520507812, 74.39290618896484, 137.04937744140625, 88.4007797241211, 35.50485610961914, -3.015918731689453, 0.5286482572555542, 8.06161117553711], [-8.008813858032227, 14.78829288482666, -118.98441314697266, -21.04022216796875, 9.50682544708252, -10.984929084777832, 25.574541091918945, 88.4007797241211, 137.42576599121094, 75.35844421386719, 8.485639572143555, -10.784098625183105, -0.07532792538404465], [-51.92958068847656, 35.47142791748047, -41.385765075683594, -14.036324501037598, -5.177836894989014, -4.968216419219971, 3.4855799674987793, 35.50485610961914, 75.35844421386719, 119.46391296386719, 55.076778411865234, 11.698542594909668, -3.8185558319091797], [-63.000946044921875, 34.84202575683594, 9.331655502319336, -6.146490097045898, -16.620094299316406, 7.969675064086914, 7.530698299407959, -3.015918731689453, 8.485639572143555, 55.076778411865234, 94.46430206298828, 48.880767822265625, 9.605076789855957], [-60.668663024902344, 5.85723876953125, 15.76290512084961, 19.60306167602539, 6.50897741317749, 7.441340446472168, 7.473580360412598, 0.5286482572555542, -10.784098625183105, 11.698542594909668, 48.880767822265625, 86.94312286376953, 40.104732513427734], [-25.718347549438477, -6.483737468719482, -24.37041473388672, 0.7959672808647156, 6.708243370056152, 11.882583618164062, 15.291266441345215, 8.06161117553711, -0.07532792538404465, -3.8185558319091797, 9.605076789855957, 40.104732513427734, 70.15846252441406]], "lowlevel.mfcc.icov": [[0.0010455386945977807, 0.00016672714264132082, 0.00031079945620149374, -0.00016757825505919755, 0.0005204303888604045, -0.00033338702633045614, 0.0007119446527212858, -1.646034979785327e-05, -0.00011955746595049277, 0.0004338175349403173, 0.00020731191034428775, 0.0003718369407579303, 0.00014451018068939447], [0.00016672714264132082, 0.0035002136137336493, 0.00035817053867504, -0.001983580645173788, 0.0014520937111228704, 0.0005810720613226295, -0.002647724701091647, 0.003144520800560713, -0.0015127682127058506, -0.0006812799256294966, -0.0005051298066973686, 0.00034168869024142623, 0.000345141306752339], [0.00031079945620149374, 0.00035817053867504, 0.004406181164085865, -0.0030411609914153814, -0.00020285771461203694, -0.000469277030788362, -0.0004613079654518515, -0.0002104429731843993, 0.004192392807453871, -0.0010790488449856639, -0.000661082798615098, 0.000411681568948552, 0.0017366253305226564], [-0.00016757825505919755, -0.001983580645173788, -0.0030411609914153814, 0.0099332882091403, -0.006648669950664043, 0.0002848102885764092, 0.0028051272965967655, -0.001426358358003199, -0.000864725501742214, 0.0012012748047709465, 0.0004684858722612262, -0.001868093037046492, -0.0002056607190752402], [0.0005204303888604045, 0.0014520937111228704, -0.00020285771461203694, -0.006648669950664043, 0.014236126095056534, -0.004623100161552429, 0.00033425234141759574, 0.0022559824865311384, -0.004565483890473843, 0.00014158770500216633, 0.003327425103634596, -0.001209939713589847, -0.00034142888034693897], [-0.00033338702633045614, 0.0005810720613226295, -0.000469277030788362, 0.0002848102885764092, -0.004623100161552429, 0.015820788219571114, -0.008347992785274982, -0.0005361055373214185, 0.004068166483193636, -0.001264373306185007, -0.0025298797991126776, 0.0023110555484890938, -0.0016303342999890447], [0.0007119446527212858, -0.002647724701091647, -0.0004613079654518515, 0.0028051272965967655, 0.00033425234141759574, -0.008347992785274982, 0.015223375521600246, -0.008072278462350368, 0.0005225070053711534, 0.002821538830175996, -0.000650959846097976, 5.637147114612162e-05, -0.00097326107788831], [-1.646034979785327e-05, 0.003144520800560713, -0.0002104429731843993, -0.001426358358003199, 0.0022559824865311384, -0.0005361055373214185, -0.008072278462350368, 0.02066728100180626, -0.01336649339646101, 0.0003305066202301532, 0.0031346515752375126, -0.0033278295304626226, 0.0009641090873628855], [-0.00011955746595049277, -0.0015127682127058506, 0.004192392807453871, -0.000864725501742214, -0.004565483890473843, 0.004068166483193636, 0.0005225070053711534, -0.01336649339646101, 0.027110382914543152, -0.012332570739090443, 0.0009993095882236958, 0.004307685419917107, -0.0007893603178672493], [0.0004338175349403173, -0.0006812799256294966, -0.0010790488449856639, 0.0012012748047709465, 0.00014158770500216633, -0.001264373306185007, 0.002821538830175996, 0.0003305066202301532, -0.012332570739090443, 0.021359961479902267, -0.011796672828495502, 0.001933086197823286, 0.0009146288502961397], [0.00020731191034428775, -0.0005051298066973686, -0.000661082798615098, 0.0004684858722612262, 0.003327425103634596, -0.0025298797991126776, -0.000650959846097976, 0.0031346515752375126, 0.0009993095882236958, -0.011796672828495502, 0.025753427296876907, -0.014265253208577633, 0.003674059174954891], [0.0003718369407579303, 0.00034168869024142623, 0.000411681568948552, -0.001868093037046492, -0.001209939713589847, 0.0023110555484890938, 5.637147114612162e-05, -0.0033278295304626226, 0.004307685419917107, 0.001933086197823286, -0.014265253208577633, 0.025992825627326965, -0.012369017116725445], [0.00014451018068939447, 0.000345141306752339, 0.0017366253305226564, -0.0002056607190752402, -0.00034142888034693897, -0.0016303342999890447, -0.00097326107788831, 0.0009641090873628855, -0.0007893603178672493, 0.0009146288502961397, 0.003674059174954891, -0.012369017116725445, 0.02197045087814331]], "metadata.audio_properties.analysis.downmix": "mix", "metadata.audio_properties.codec": "mp3", "metadata.audio_properties.md5_encoded": "3dc5502e2166bd3757453b3b6b009ebc", "metadata.tags.file_name": "1183687168909119519.mp3", "metadata.version.essentia": "2.1-beta6-dev", "metadata.version.essentia_git_sha": "v2.1_beta5-1110-g77a6a954", "metadata.version.extractor": "music 2.0", "tonal.chords_key": "C", "tonal.chords_scale": "major", "tonal.key_edma.key": "C", "tonal.key_edma.scale": "major", "tonal.key_krumhansl.key": "C", "t