{"song_id": "1183706198470578196", "download": "https://cdn.discordapp.com/attachments/1128313332273782784/1183706198470578196/chirp.mp4?ex=65894f4d&amp", "lyrics": "\u041e\u043e\u043e\u043e, \u0441\u0435\u0440\u0434\u0446\u0435 \u0442\u0440\u0435\u0432\u043e\u0433\u043e\u0439 \u043e\u043a\u0443\u0442\u0430\u043b \u043f\u0435\u0440\u0435\u0441\u0442\u0440\u043e\u0439 2024 \u0433\u043e\u0434\u0430\n\u041e\u043e\u043e\u043e, \u0437\u0430\u0436\u0433\u043b\u0438 \u0432 \u0434\u0443\u0448\u0435 \u0442\u043e\u0441\u043a\u0443 \u0438 \u0441\u0432\u0435\u0442 \u0437\u0432\u0435\u0437\u0434\u044b\n\u041e\u043e\u043e\u043e, \u0441\u0442\u0430\u043b\u043a\u0440\u0430\u0444\u0442 \u0433\u043e\u0440\u044c\u043a\u043e\u0439 \u0441\u043b\u0430\u0434\u043e\u0441\u0442\u044c\u044e \u043e\u0432\u0435\u044f\u043b\n\n[Verse]\nSchanson, the genre with soul and flair\nFrench melodies floating in the air\nLyrics that intoxicate, emotions they share\nA rhythmic journey, beyond compare\n\n[Chorus]\nSchanson, Schanson, let your voice ignite\nExpress your stories through the darkest nights\nPassion and elegance, so pure and bright\nSchanson, Schanson, take us to new heights", "style": ["K</span><span>-Pop"], "essentia_features": {"lowlevel.average_loudness": 0.8930434584617615, "lowlevel.barkbands_crest.mean": 13.251970291137695, "lowlevel.barkbands_crest.stdev": 4.939204216003418, "lowlevel.barkbands_flatness_db.mean": 0.2567337453365326, "lowlevel.barkbands_flatness_db.stdev": 0.09706198424100876, "lowlevel.barkbands_kurtosis.mean": 29.87338638305664, "lowlevel.barkbands_kurtosis.stdev": 71.77992248535156, "lowlevel.barkbands_skewness.mean": 3.1977641582489014, "lowlevel.barkbands_skewness.stdev": 3.0044214725494385, "lowlevel.barkbands_spread.mean": 18.66269302368164, "lowlevel.barkbands_spread.stdev": 20.40253257751465, "lowlevel.dissonance.mean": 0.42334985733032227, "lowlevel.dissonance.stdev": 0.05721490830183029, "lowlevel.dynamic_complexity": 3.0676283836364746, "lowlevel.erbbands_crest.mean": 11.260985374450684, "lowlevel.erbbands_crest.stdev": 4.851674556732178, "lowlevel.erbbands_flatness_db.mean": 0.18858538568019867, "lowlevel.erbbands_flatness_db.stdev": 0.05783736705780029, "lowlevel.erbbands_kurtosis.mean": 4.764181613922119, "lowlevel.erbbands_kurtosis.stdev": 9.142879486083984, "lowlevel.erbbands_skewness.mean": 0.8659354448318481, "lowlevel.erbbands_skewness.stdev": 1.6978703737258911, "lowlevel.erbbands_spread.mean": 50.49705505371094, "lowlevel.erbbands_spread.stdev": 39.90079116821289, "lowlevel.hfc.mean": 17.588369369506836, "lowlevel.hfc.stdev": 28.03500747680664, "lowlevel.loudness_ebu128.integrated": -14.139582633972168, "lowlevel.loudness_ebu128.loudness_range": 5.454534530639648, "lowlevel.loudness_ebu128.momentary.mean": -14.976651191711426, "lowlevel.loudness_ebu128.momentary.stdev": 2.9122376441955566, "lowlevel.loudness_ebu128.short_term.mean": -14.511548042297363, "lowlevel.loudness_ebu128.short_term.stdev": 1.8546065092086792, "lowlevel.melbands_crest.mean": 17.962337493896484, "lowlevel.melbands_crest.stdev": 6.370859622955322, "lowlevel.melbands_flatness_db.mean": 0.3406398892402649, "lowlevel.melbands_flatness_db.stdev": 0.12558352947235107, "lowlevel.melbands_kurtosis.mean": 65.31246185302734, "lowlevel.melbands_kurtosis.stdev": 125.08714294433594, "lowlevel.melbands_skewness.mean": 4.864549160003662, "lowlevel.melbands_skewness.stdev": 3.915207862854004, "lowlevel.melbands_spread.mean": 16.556848526000977, "lowlevel.melbands_spread.stdev": 28.149799346923828, "lowlevel.pitch_salience.mean": 0.49298933148384094, "lowlevel.pitch_salience.stdev": 0.1547621488571167, "lowlevel.silence_rate_20dB.mean": 1.0, "lowlevel.silence_rate_20dB.stdev": 0.0, "lowlevel.silence_rate_30dB.mean": 0.8644264340400696, "lowlevel.silence_rate_30dB.stdev": 0.342337042093277, "lowlevel.silence_rate_60dB.mean": 0.05619930475950241, "lowlevel.silence_rate_60dB.stdev": 0.23030667006969452, "lowlevel.spectral_centroid.mean": 908.9216918945312, "lowlevel.spectral_centroid.stdev": 951.0850830078125, "lowlevel.spectral_complexity.mean": 9.596176147460938, "lowlevel.spectral_complexity.stdev": 9.15893268585205, "lowlevel.spectral_decrease.mean": -1.1523609622088316e-08, "lowlevel.spectral_decrease.stdev": 1.7523541728792225e-08, "lowlevel.spectral_energy.mean": 0.04508804902434349, "lowlevel.spectral_energy.stdev": 0.06659819185733795, "lowlevel.spectral_energyband_high.mean": 0.001377605483867228, "lowlevel.spectral_energyband_high.stdev": 0.003417994361370802, "lowlevel.spectral_energyband_low.mean": 0.033767219632864, "lowlevel.spectral_energyband_low.stdev": 0.06427566707134247, "lowlevel.spectral_energyband_middle_high.mean": 0.001677159103564918, "lowlevel.spectral_energyband_middle_high.stdev": 0.0033888546749949455, "lowlevel.spectral_energyband_middle_low.mean": 0.009973312728106976, "lowlevel.spectral_energyband_middle_low.stdev": 0.016157731413841248, "lowlevel.spectral_entropy.mean": 7.016652584075928, "lowlevel.spectral_entropy.stdev": 0.861554741859436, "lowlevel.spectral_flux.mean": 0.09361952543258667, "lowlevel.spectral_flux.stdev": 0.1049032136797905, "lowlevel.spectral_kurtosis.mean": 7.123483180999756, "lowlevel.spectral_kurtosis.stdev": 13.000093460083008, "lowlevel.spectral_rms.mean": 0.00552265765145421, "lowlevel.spectral_rms.stdev": 0.003672674298286438, "lowlevel.spectral_rolloff.mean": 1346.3822021484375, "lowlevel.spectral_rolloff.stdev": 2266.124267578125, "lowlevel.spectral_skewness.mean": 1.9555613994598389, "lowlevel.spectral_skewness.stdev": 1.4062691926956177, "lowlevel.spectral_spread.mean": 6408971.0, "lowlevel.spectral_spread.stdev": 2882203.0, "lowlevel.spectral_strongpeak.mean": 0.5440110564231873, "lowlevel.spectral_strongpeak.stdev": 0.48346030712127686, "lowlevel.zerocrossingrate.mean": 0.05427418649196625, "lowlevel.zerocrossingrate.stdev": 0.04955363646149635, "metadata.audio_properties.analysis.equal_loudness": 0.0, "metadata.audio_properties.analysis.length": 40.04265213012695, "metadata.audio_properties.analysis.sample_rate": 44100.0, "metadata.audio_properties.analysis.start_time": 0.0, "metadata.audio_properties.bit_rate": 133246.0, "metadata.audio_properties.length": 40.042667388916016, "metadata.audio_properties.lossless": 0.0, "metadata.audio_properties.number_channels": 1.0, "metadata.audio_properties.replay_gain": -12.401727676391602, "metadata.audio_properties.sample_rate": 48000.0, "rhythm.beats_count": 101.0, "rhythm.beats_loudness.mean": 0.06703805178403854, "rhythm.beats_loudness.stdev": 0.0805560052394867, "rhythm.bpm": 153.74728393554688, "rhythm.bpm_histogram_first_peak_bpm": 152.0, "rhythm.bpm_histogram_first_peak_weight": 0.017241358757019043, "rhythm.bpm_histogram_second_peak_bpm": 157.0, "rhythm.bpm_histogram_second_peak_spread": 0.026315748691558838, "rhythm.bpm_histogram_second_peak_weight": 0.3700000047683716, "rhythm.danceability": 1.2338249683380127, "rhythm.onset_rate": 5.941915988922119, "tonal.chords_changes_rate": 0.06018518656492233, "tonal.chords_number_rate": 0.010416666977107525, "tonal.chords_strength.mean": 0.530009925365448, "tonal.chords_strength.stdev": 0.08571161329746246, "tonal.hpcp_crest.mean": 12.895771026611328, "tonal.hpcp_crest.stdev": 5.0968403816223145, "tonal.hpcp_entropy.mean": 1.982930064201355, "tonal.hpcp_entropy.stdev": 0.6745514869689941, "tonal.key_edma.strength": 0.5580646395683289, "tonal.key_krumhansl.strength": 0.5466410517692566, "tonal.key_temperley.strength": 0.5224034786224365, "tonal.tuning_diatonic_strength": 0.6223737001419067, "tonal.tuning_equal_tempered_deviation": 0.24636392295360565, "tonal.tuning_frequency": 434.193115234375, "tonal.tuning_nontempered_energy_ratio": 0.9285781979560852, "lowlevel.barkbands.mean": [0.0011271910043433309, 0.025538291782140732, 0.0054213181138038635, 0.004056029487401247, 0.0017425472615286708, 0.0012899551074951887, 0.0017372982110828161, 0.0008113639778457582, 0.00028764724265784025, 0.00018960298621095717, 0.0002182757598347962, 0.00033016549423336983, 0.00027077231789007783, 0.00016548250277992338, 9.311518806498498e-05, 8.648123184684664e-05, 0.00010275920067215338, 9.979854803532362e-05, 0.00010246633610222489, 9.689387661637738e-05, 0.00021082461171317846, 0.00025204024859704077, 0.00046128808753564954, 0.0002948391193058342, 7.001374615356326e-05, 3.120628389297053e-05, 4.0263492451231286e-07], "lowlevel.barkbands.stdev": [0.0035825828090310097, 0.05331655219197273, 0.018611442297697067, 0.010267247445881367, 0.00385504518635571, 0.0030208926182240248, 0.003001237055286765, 0.002078407444059849, 0.0009072727989405394, 0.0005082805291749537, 0.0005958923138678074, 0.0012072225799784064, 0.0009253343450836837, 0.0004929001443088055, 0.00025975334574468434, 0.00024496589321643114, 0.00032958536758087575, 0.000445852754637599, 0.0004541935632005334, 0.00042822418618015945, 0.0007156443898566067, 0.0009178529144264758, 0.0011381349759176373, 0.000610911229159683, 0.00013946807303000242, 6.221046351129189e-05, 1.3769313227385283e-06], "lowlevel.erbbands.mean": [0.8453047871589661, 5.104320526123047, 7.843645095825195, 9.244648933410645, 11.155795097351074, 4.643435001373291, 5.377437591552734, 13.76327133178711, 24.158466339111328, 22.551719665527344, 13.223979949951172, 7.140536785125732, 4.571268558502197, 7.201223373413086, 10.865256309509277, 13.792374610900879, 12.591559410095215, 9.64037036895752, 6.0781707763671875, 4.4410505294799805, 5.323748588562012, 5.734311580657959, 5.121315956115723, 5.442705154418945, 4.988386154174805, 4.663310527801514, 7.582301616668701, 8.651286125183105, 9.673480033874512, 9.897632598876953, 13.194509506225586, 8.546651840209961, 3.612879753112793, 1.0766152143478394, 0.3772636353969574, 0.15207450091838837, 0.05930003151297569, 0.005819249432533979, 0.00014466984430328012, 5.835531192133203e-05], "lowlevel.erbbands.stdev": [2.3509936332702637, 9.802404403686523, 19.95039176940918, 30.8911075592041, 22.444908142089844, 10.50709342956543, 13.549434661865234, 32.0211296081543, 42.332740783691406, 41.604156494140625, 39.97749710083008, 21.58180046081543, 9.424920082092285, 19.840303421020508, 28.465496063232422, 51.255943298339844, 41.00819396972656, 29.713443756103516, 16.18973159790039, 13.281091690063477, 14.902885437011719, 18.067699432373047, 21.723724365234375, 23.558448791503906, 22.828699111938477, 20.282428741455078, 28.453842163085938, 28.604717254638672, 35.93625259399414, 29.3330078125, 32.117034912109375, 18.93385124206543, 7.237016201019287, 2.1855971813201904, 0.7768504619598389, 0.3249838054180145, 0.12096264958381653, 0.012037084437906742, 0.0002464911958668381, 7.362582255154848e-05], "lowlevel.gfcc.mean": [-72.7138900756836, 91.8470458984375, -42.570064544677734, 35.551822662353516, -74.54267883300781, 30.316816329956055, -39.531558990478516, 6.797396183013916, -13.25235366821289, 4.771793842315674, -12.682064056396484, -1.2356336116790771, -16.478361129760742], "lowlevel.melbands.mean": [0.007169514428824186, 0.004967214539647102, 0.0017661071615293622, 0.0005076572415418923, 0.00019316938414704055, 0.00029065593844279647, 0.0003678009961731732, 0.00023529583995696157, 9.73427522694692e-05, 3.9108319469960406e-05, 2.2301357603282668e-05, 2.8679598472081125e-05, 3.1642608519177884e-05, 3.9342790842056274e-05, 3.294444104540162e-05, 2.464570388838183e-05, 1.688708653091453e-05, 1.0213154382654466e-05, 6.4331443354603834e-06, 5.358812359190779e-06, 6.5512090259289835e-06, 6.124146239017136e-06, 4.983958660886856e-06, 4.609059942595195e-06, 4.385566171549726e-06, 3.861000095639611e-06, 3.0737583074369468e-06, 3.0249780138547067e-06, 4.303937657823553e-06, 5.271868303680094e-06, 4.929223905492108e-06, 5.687175871571526e-06, 4.446260845725192e-06, 6.403995939763263e-06, 7.792734322720207e-06, 7.17008379069739e-06, 4.568302756524645e-06, 2.8966253466933267e-06, 1.3258377293823287e-06, 7.38897142582573e-07], "lowlevel.melbands.stdev": [0.0171333160251379, 0.009827448055148125, 0.004939485806971788, 0.0010488107800483704, 0.000440619041910395, 0.0006520038587041199, 0.0006348410388454795, 0.00045636866707354784, 0.00029931217432022095, 0.00012020545545965433, 4.868411269853823e-05, 8.364536915905774e-05, 8.50496071507223e-05, 0.0001376964501105249, 0.00013056391617283225, 8.436192729277536e-05, 5.3238109103403986e-05, 2.8467999072745442e-05, 1.896804133139085e-05, 1.6313739251927473e-05, 1.8768398149404675e-05, 1.9055656593991444e-05, 1.992474790313281e-05, 2.1573716367129236e-05, 1.9158916984451935e-05, 1.775949749571737e-05, 1.4127436770650093e-05, 1.3480015695677139e-05, 1.726027585391421e-05, 1.83742286026245e-05, 1.6563450117246248e-05, 2.200949347752612e-05, 1.586994039826095e-05, 1.834665636124555e-05, 1.934881765919272e-05, 1.8115366401616484e-05, 9.697407222120091e-06, 5.866746960236924e-06, 2.867014245566679e-06, 1.5578187912979047e-06], "lowlevel.melbands128.mean": [0.001088760793209076, 0.007014742586761713, 0.009260481223464012, 0.00842650793492794, 0.005024856887757778, 0.0022761807776987553, 0.0017021099338307977, 0.002206742297858, 0.001049275859259069, 0.000291159056359902, 0.00023130394401960075, 0.00017586875765118748, 0.00013602637045551091, 0.00025664488202892244, 0.0003926254285033792, 0.000214976622373797, 0.0002917370875366032, 0.000508099386934191, 0.0003118865133728832, 0.00023086964210961014, 0.00023434970353264362, 0.00011584746243897825, 8.248713857028633e-05, 7.036580063868314e-05, 4.9968941311817616e-05, 2.421416502329521e-05, 1.697611514828168e-05, 2.2338608687277883e-05, 2.3358668840955943e-05, 3.5211040085414425e-05, 2.5778532290132716e-05, 2.7270039936411195e-05, 2.6547344532446004e-05, 4.268392876838334e-05, 3.7776448152726516e-05, 4.093968163942918e-05, 3.5764802305493504e-05, 3.27824309351854e-05, 3.213794479961507e-05, 2.674875213415362e-05, 2.2795320546720177e-05, 2.2215965145733207e-05, 1.7328300600638613e-05, 1.4930044017091859e-05, 1.1107354112027679e-05, 1.0150994967261795e-05, 7.934278073662426e-06, 6.118697001511464e-06, 5.958956535323523e-06, 6.081871561036678e-06, 4.835745130549185e-06, 4.9987716010946315e-06, 6.772232609364437e-06, 6.861787824163912e-06, 6.851966645626817e-06, 6.353545359161217e-06, 5.113530733069638e-06, 5.437465461000102e-06, 5.057318958279211e-06, 3.961090442317072e-06, 4.135707513341913e-06, 5.787213012808934e-06, 4.398720193421468e-06, 4.079427981196204e-06, 4.09283529734239e-06, 3.6654300856753252e-06, 4.104846993868705e-06, 3.3046605949493824e-06, 2.6319048629375175e-06, 3.0246983442339115e-06, 2.8609174478333443e-06, 3.0073181278567063e-06, 3.677782160593779e-06, 4.5061215132591315e-06, 4.921249001199612e-06, 5.9987391978211235e-06, 4.956632437824737e-06, 4.772785359818954e-06, 4.957597411703318e-06, 4.855823590332875e-06, 5.785009307146538e-06, 6.302950168901589e-06, 5.083465111965779e-06, 4.233918843965512e-06, 3.874692538374802e-06, 4.222968073008815e-06, 7.587802429043222e-06, 1.0270858183503151e-05, 6.464931175287347e-06, 6.6753536884789355e-06, 1.0008086974266917e-05, 5.993894319544779e-06, 5.553072696784511e-06, 4.666989752877271e-06, 3.892419954354409e-06, 3.6200012800691184e-06, 2.7042021883971756e-06, 1.8562695913715288e-06, 1.308256742049707e-06, 1.099654355130042e-06, 8.834634854792967e-07, 6.09491678460472e-07, 6.771354605916713e-07, 4.6092836214484123e-07, 3.909782719802024e-07, 3.605727272315562e-07, 2.888369010634051e-07, 2.5233231326637906e-07, 2.6047527512673696e-07, 2.393947795553686e-07, 2.553240960878611e-07, 1.9779452031798428e-07, 2.235617841961357e-07, 1.517918377658134e-07, 1.0124664129307348e-07, 5.4941565963417816e-08, 1.6418539416918065e-08, 1.4317009799924563e-09, 4.849273066431792e-11, 1.904571292343782e-11, 1.527617962682193e-11, 1.2564894437405716e-11, 1.1476373670826767e-11, 1.0483297389896062e-11, 8.328340621310826e-12, 6.012632232377246e-12, 4.9864955914413756e-12, 4.824763418648237e-12], "lowlevel.melbands128.stdev": [0.0034917211160063744, 0.02153806760907173, 0.02381671592593193, 0.015030504204332829, 0.011277840472757816, 0.008911545388400555, 0.006967676803469658, 0.004453579429537058, 0.002142877783626318, 0.00088633963605389, 0.0005417860811576247, 0.000443935306975618, 0.00045597119606100023, 0.000755083397962153, 0.0010946402326226234, 0.0005470596952363849, 0.0006686510751023889, 0.0009965553181245923, 0.0006970063550397754, 0.0005832443130202591, 0.0005930400802753866, 0.0005269920220598578, 0.00036681024357676506, 0.0002675056748557836, 0.0001914328895509243, 7.792092219460756e-05, 5.050914842286147e-05, 5.305145896272734e-05, 7.959624781506136e-05, 0.0001303213502978906, 9.547937952447683e-05, 0.00010573186591500416, 9.502156171947718e-05, 0.00013326949556358159, 0.00014903521514497697, 0.0001936812768690288, 0.00019703333964571357, 0.00018155689758714288, 0.00013815559213981032, 0.00011219779116800055, 0.00010053876758320257, 0.0001016545866150409, 6.428883352782577e-05, 5.2990482799941674e-05, 3.652121813502163e-05, 3.285171260358766e-05, 2.6822097424883395e-05, 2.181250056310091e-05, 2.076182863675058e-05, 2.382673483225517e-05, 1.665004310780205e-05, 1.5885043467278592e-05, 2.027491973422002e-05, 2.2074076696299016e-05, 2.3303691705223173e-05, 2.1248957636998966e-05, 1.783038351277355e-05, 2.3460550437448546e-05, 2.366212720517069e-05, 1.9561772205634043e-05, 2.0990866687498055e-05, 2.9960918254801072e-05, 1.98483066924382e-05, 1.9310500647407025e-05, 1.9767696358030662e-05, 1.8061609807773493e-05, 2.1355366698116995e-05, 1.768546826497186e-05, 1.2725322449114174e-05, 1.4944163012842182e-05, 1.3889748515794054e-05, 1.5342804545070976e-05, 1.769441951182671e-05, 1.903459087770898e-05, 1.962958231160883e-05, 2.5474600988673046e-05, 1.6645091818645597e-05, 1.735460500640329e-05, 1.735361001919955e-05, 1.829608117986936e-05, 2.5004090275615454e-05, 2.6146566597162746e-05, 2.065521402982995e-05, 1.5238990272337105e-05, 1.4380399989022408e-05, 1.504101419413928e-05, 2.2961345166550018e-05, 2.8258500606170855e-05, 1.7256035789614543e-05, 1.7878237486002035e-05, 2.7315079933032393e-05, 1.7324267901130952e-05, 1.4700899555464275e-05, 1.0853799722099211e-05, 8.17832005850505e-06, 8.11413428891683e-06, 5.779202183475718e-06, 4.297048690204974e-06, 3.644546723080566e-06, 2.2636497760686325e-06, 1.8970715700561414e-06, 1.4267342294260743e-06, 1.782813569661812e-06, 1.1455381354608107e-06, 8.819532126835838e-07, 7.98908786237007e-07, 7.410865805468347e-07, 7.230802339108777e-07, 6.969513037802244e-07, 5.015808142161404e-07, 6.188957968333852e-07, 5.220134084993333e-07, 4.932416572955844e-07, 3.1597264182892104e-07, 2.3051018160913372e-07, 1.547675054780484e-07, 4.714016910156715e-08, 1.626142775990047e-08, 5.462019725399614e-10, 2.0511935205913545e-10, 1.7000741092676463e-10, 1.4062571940254287e-10, 1.2190067011363936e-10, 1.0074300421658577e-10, 6.333760599330773e-11, 2.397845984269953e-11, 1.2538749552537531e-11, 1.2260837310706929e-11], "lowlevel.mfcc.mean": [-738.2586059570312, 124.44589233398438, 79.28526306152344, 13.616144180297852, 8.941141128540039, 14.432680130004883, -4.831136703491211, 5.121294021606445, 1.3712756633758545, 3.5881388187408447, -3.489579677581787, 19.866941452026367, -1.4856245517730713], "lowlevel.spectral_contrast_coeffs.mean": [-0.6587043404579163, -0.7231104969978333, -0.7995021343231201, -0.8163796067237854, -0.7994853258132935, -0.7784579992294312], "lowlevel.spectral_contrast_coeffs.stdev": [0.06203373149037361, 0.07617019861936569, 0.07072905451059341, 0.05831442028284073, 0.06648093461990356, 0.05075782164931297], "lowlevel.spectral_contrast_valleys.mean": [-7.093409538269043, -7.246057510375977, -8.443982124328613, -9.18275260925293, -9.388191223144531, -10.531577110290527], "lowlevel.spectral_contrast_valleys.stdev": [1.2219496965408325, 0.8795996904373169, 1.1127235889434814, 1.4318393468856812, 1.495131015777588, 1.4302997589111328], "rhythm.beats_loudness_band_ratio.mean": [0.5393568277359009, 0.07960209250450134, 0.14446543157100677, 0.07645061612129211, 0.054013654589653015, 0.12110826373100281], "rhythm.beats_loudness_band_ratio.stdev": [0.3544035851955414, 0.11688514053821564, 0.18791615962982178, 0.09446665644645691, 0.08325023204088211, 0.18120406568050385], "tonal.hpcp.mean": [0.09309984743595123, 0.08673468232154846, 0.04965033382177353, 0.070860855281353, 0.06789902597665787, 0.03936665132641792, 0.07026100903749466, 0.06895628571510315, 0.03776739165186882, 0.06184961274266243, 0.07086757570505142, 0.04098381847143173, 0.022092660889029503, 0.022639665752649307, 0.025687023997306824, 0.035288985818624496, 0.039876263588666916, 0.03136931359767914, 0.02577788010239601, 0.024497488513588905, 0.034623902291059494, 0.11038737744092941, 0.14510014653205872, 0.12873013317584991, 0.5367477536201477, 0.5206220746040344, 0.07845965772867203, 0.04238586127758026, 0.0399487167596817, 0.041996438056230545, 0.06282642483711243, 0.06730864197015762, 0.05029093846678734, 0.04825616255402565, 0.053501468151807785, 0.06224417686462402], "tonal.hpcp.stdev": [0.20558856427669525, 0.2126348912715912, 0.1432289481163025, 0.21376171708106995, 0.2083912193775177, 0.1283276528120041, 0.2018757313489914, 0.20167556405067444, 0.11748328059911728, 0.15693369507789612, 0.16192273795604706, 0.11569466441869736, 0.08658649772405624, 0.09470043331384659, 0.09885209053754807, 0.11116205900907516, 0.12468009442090988, 0.09752053022384644, 0.09131511300802231, 0.08928759396076202, 0.11412418633699417, 0.24314545094966888, 0.318185031414032, 0.1869775354862213, 0.45307719707489014, 0.4462740421295166, 0.15090692043304443, 0.14773418009281158, 0.14213037490844727, 0.14954249560832977, 0.19233696162700653, 0.20319263637065887, 0.16227136552333832, 0.1588142216205597, 0.16690489649772644, 0.17257268726825714], "rhythm.beats_position": [0.39473921060562134, 0.7894784212112427, 1.1842176914215088, 1.590566873550415, 2.0201361179351807, 2.4380950927734375, 2.867664337158203, 3.2972335815429688, 3.6919727325439453, 4.086711883544922, 4.481451034545898, 4.876190185546875, 5.27092981338501, 5.665668964385986, 6.048798084259033, 6.43192720413208, 6.826666355133057, 7.209795951843262, 7.592925071716309, 7.987664222717285, 8.370793342590332, 8.753922462463379, 9.148661613464355, 9.543400764465332, 9.938140869140625, 10.332880020141602, 10.716009140014648, 11.099138259887695, 11.482267379760742, 11.877006530761719, 12.271745681762695, 12.666484832763672, 13.049613952636719, 13.444353103637695, 13.839092254638672, 14.233832359313965, 14.605351448059082, 15.000090599060059, 15.394829750061035, 15.789568901062012, 16.172698974609375, 16.555828094482422, 16.9505672454834, 17.345306396484375, 17.728435516357422, 18.11156463623047, 18.506303787231445, 18.901042938232422, 19.28417205810547, 19.678911209106445, 20.062040328979492, 20.45677947998047, 20.839908599853516, 21.223037719726562, 21.61777687072754, 22.012516021728516, 22.407255172729492, 22.80199432373047, 23.185123443603516, 23.568254470825195, 23.962993621826172, 24.35773277282715, 24.752471923828125, 25.1472110748291, 25.53034019470215, 25.913469314575195, 26.308208465576172, 26.70294761657715, 27.086076736450195, 27.469205856323242, 27.86394500732422, 28.258684158325195, 28.641813278198242, 29.02494239807129, 29.419681549072266, 29.814420700073242, 30.19754981994629, 30.580678939819336, 30.975418090820312, 31.37015724182129, 31.7648983001709, 32.14802551269531, 32.53115463256836, 32.92589569091797, 33.309024810791016, 33.69215393066406, 34.086891174316406, 34.481632232666016, 34.87636947631836, 35.27111053466797, 35.654239654541016, 36.03736877441406, 36.42049789428711, 36.803627014160156, 37.198368072509766, 37.59310531616211, 37.98784637451172, 38.38258361816406, 38.77732467651367, 39.172061920166016, 39.55519104003906], "rhythm.bpm_histogram": [0.0, 0.0, 0.0, 0.0, 0.0, 0.0, 0.0, 0.0, 0.0, 0.0, 0.0, 0.0, 0.0, 0.0, 0.0, 0.0, 0.0, 0.0, 0.0, 0.0, 0.0, 0.0, 0.0, 0.0, 0.0, 0.0, 0.0, 0.0, 0.0, 0.0, 0.0, 0.0, 0.0, 0.0, 0.0, 0.0, 0.0, 0.0, 0.0, 0.0, 0.0, 0.0, 0.0, 0.0, 0.0, 0.0, 0.0, 0.0, 0.0, 0.0, 0.0, 0.0, 0.0, 0.0, 0.0, 0.0, 0.0, 0.0, 0.0, 0.0, 0.0, 0.0, 0.0, 0.0, 0.0, 0.0, 0.0, 0.0, 0.0, 0.0, 0.0, 0.0, 0.0, 0.0, 0.0, 0.0, 0.0, 0.0, 0.0, 0.0, 0.0, 0.0, 0.0, 0.0, 0.0, 0.0, 0.0, 0.0, 0.0, 0.0, 0.0, 0.0, 0.0, 0.0, 0.0, 0.0, 0.0, 0.0, 0.0, 0.0, 0.0, 0.0, 0.0, 0.0, 0.0, 0.0, 0.0, 0.0, 0.0, 0.0, 0.0, 0.0, 0.0, 0.0, 0.0, 0.0, 0.0, 0.0, 0.0, 0.0, 0.0, 0.0, 0.0, 0.0, 0.0, 0.0, 0.0, 0.0, 0.0, 0.0, 0.0, 0.0, 0.0, 0.0, 0.0, 0.0, 0.0, 0.0, 0.0, 0.0, 0.029999999329447746, 0.0, 0.0, 0.0, 0.009999999776482582, 0.0, 0.0, 0.0, 0.009999999776482582, 0.0, 0.0, 0.0, 0.5699999928474426, 0.0, 0.0, 0.0, 0.0, 0.3700000047683716, 0.0, 0.0, 0.0, 0.009999999776482582, 0.0, 0.0, 0.0, 0.0, 0.0, 0.0, 0.0, 0.0, 0.0, 0.0, 0.0, 0.0, 0.0, 0.0, 0.0, 0.0, 0.0, 0.0, 0.0, 0.0, 0.0, 0.0, 0.0, 0.0, 0.0, 0.0, 0.0, 0.0, 0.0, 0.0, 0.0, 0.0, 0.0, 0.0, 0.0, 0.0, 0.0, 0.0, 0.0, 0.0, 0.0, 0.0, 0.0, 0.0, 0.0, 0.0, 0.0, 0.0, 0.0, 0.0, 0.0, 0.0, 0.0, 0.0, 0.0, 0.0, 0.0, 0.0, 0.0, 0.0, 0.0, 0.0, 0.0, 0.0, 0.0, 0.0, 0.0, 0.0, 0.0, 0.0, 0.0, 0.0, 0.0, 0.0, 0.0, 0.0, 0.0, 0.0, 0.0, 0.0, 0.0, 0.0, 0.0, 0.0, 0.0, 0.0, 0.0, 0.0], "tonal.chords_histogram": [0.0, 0.0, 41.89814758300781, 0.0, 0.0, 0.0, 3.0092592239379883, 2.5462963581085205, 0.9259259104728699, 25.115739822387695, 8.333333015441895, 3.819444417953491, 3.819444417953491, 0.0, 5.671296119689941, 0.0, 0.0, 4.398148059844971, 0.23148147761821747, 0.23148147761821747, 0.0, 0.0, 0.0, 0.0], "tonal.thpcp": [1.0, 0.9699566960334778, 0.1461760401725769, 0.07896793633699417, 0.07442735880613327, 0.07824241369962692, 0.1170501857995987, 0.12540088593959808, 0.09369566291570663, 0.08990473300218582, 0.09967711567878723, 0.11596541851758957, 0.173451766371727, 0.1615930050611496, 0.0925021767616272, 0.13201890885829926, 0.12650081515312195, 0.07334292680025101, 0.13090135157108307, 0.1284705549478531, 0.07036338746547699, 0.11523031443357468, 0.13203144073486328, 0.07635582983493805, 0.041160229593515396, 0.04217933863401413, 0.04785678908228874, 0.06574594229459763, 0.0742923691868782, 0.058443307876586914, 0.048026058822870255, 0.045640598982572556, 0.06450684368610382, 0.2056596875190735, 0.27033209800720215, 0.23983357846736908], "lowlevel.gfcc.cov": [[8423.25, -1384.4580078125, -757.965576171875, 1026.230224609375, 418.7221984863281, 796.6759643554688, -193.81529235839844, 309.1749267578125, -37.37470626831055, 11.1754789352417, -105.49642181396484, 166.92271423339844, -342.7296447753906], [-1384.4580078125, 3102.859130859375, 407.2418518066406, -690.4168701171875, 936.5612182617188, -141.10552978515625, 453.2402648925781, 94.75477600097656, 239.71670532226562, -253.87054443359375, 188.45643615722656, -209.61959838867188, 244.5958709716797], [-757.965576171875, 407.2418518066406, 1976.131103515625, 176.6929473876953, -162.2167205810547, 172.6548614501953, 319.834716796875, 32.879756927490234, -27.610881805419922, -36.30429458618164, -77.57119750976562, 78.00174713134766, 81.925537109375], [1026.230224609375, -690.4168701171875, 176.6929473876953, 1393.9488525390625, 517.640869140625, 145.5490264892578, -45.367759704589844, 52.75636291503906, 200.4591064453125, 49.03783416748047, -70.3501968383789, -140.58909606933594, -73.99093627929688], [418.7221984863281, 936.5612182617188, -162.2167205810547, 517.640869140625, 1339.33984375, 102.31623840332031, -25.308151245117188, 144.4767608642578, 351.0369567871094, 17.7764835357666, 86.93531799316406, -284.0561828613281, 8.023908615112305], [796.6759643554688, -141.10552978515625, 172.6548614501953, 145.5490264892578, 102.31623840332031, 403.7349853515625, 82.56942749023438, -14.079078674316406, 43.07795333862305, 36.994102478027344, 6.24348783493042, -46.3213996887207, -93.0739517211914], [-193.81529235839844, 453.2402648925781, 319.834716796875, -45.367759704589844, -25.308151245117188, 82.56942749023438, 501.2772521972656, 24.10890007019043, -55.64258575439453, -54.26114273071289, 18.543716430664062, 38.4751091003418, 49.931640625], [309.1749267578125, 94.75477600097656, 32.879756927490234, 52.75636291503906, 144.4767608642578, -14.079078674316406, 24.10890007019043, 190.5310821533203, 46.985435485839844, -24.501201629638672, -0.5136191844940186, 4.3578081130981445, 14.323099136352539], [-37.37470626831055, 239.71670532226562, -27.610881805419922, 200.4591064453125, 351.0369567871094, 43.07795333862305, -55.64258575439453, 46.985435485839844, 325.11370849609375, 27.507768630981445, 32.991634368896484, -157.23487854003906, -7.641931056976318], [11.1754789352417, -253.87054443359375, -36.30429458618164, 49.03783416748047, 17.7764835357666, 36.994102478027344, -54.26114273071289, -24.501201629638672, 27.507768630981445, 171.4984130859375, 1.7041800022125244, -47.64653015136719, -40.45785140991211], [-105.49642181396484, 188.45643615722656, -77.57119750976562, -70.3501968383789, 86.93531799316406, 6.24348783493042, 18.543716430664062, -0.5136191844940186, 32.991634368896484, 1.7041800022125244, 137.51394653320312, -6.727663993835449, 26.604249954223633], [166.92271423339844, -209.61959838867188, 78.00174713134766, -140.58909606933594, -284.0561828613281, -46.3213996887207, 38.4751091003418, 4.3578081130981445, -157.23487854003906, -47.64653015136719, -6.727663993835449, 225.9462432861328, 48.40814208984375], [-342.7296447753906, 244.5958709716797, 81.925537109375, -73.99093627929688, 8.023908615112305, -93.0739517211914, 49.931640625, 14.323099136352539, -7.641931056976318, -40.45785140991211, 26.604249954223633, 48.40814208984375, 177.05157470703125]], "lowlevel.gfcc.icov": [[0.0002478814567439258, -0.00010895486775552854, 0.00019555423932615668, -0.00024336756905540824, 5.606643026112579e-05, -0.0006198154878802598, 0.00019590607553254813, -0.00046898674918338656, 0.00012278053327463567, -7.043084042379633e-05, 0.0001949797006091103, -0.0005511614144779742, 0.00020309025421738625], [-0.00010895486775552854, 0.0018553793197497725, -0.000633725430816412, 0.001585468533448875, -0.0016795432893559337, 0.001184253254905343, -0.0013418635353446007, 0.0008572022779844701, -0.00045898338430561125, 0.002150736516341567, -0.0006876631523482502, 0.0016087114345282316, -0.0006754055502824485], [0.00019555423932615668, -0.000633725430816412, 0.0009665412362664938, -0.0007410472608171403, 0.0006793075008317828, -0.0010805950732901692, 0.00019870843971148133, -0.0006654440658167005, 8.75473560881801e-05, -0.0007185899303294718, 0.0007376806461252272, -0.0009601957281120121, -0.00011268252274021506], [-0.00024336756905540824, 0.001585468533448875, -0.0007410472608171403, 0.0024154535494744778, -0.001787714660167694, 0.0012107430957257748, -0.001154247554950416, 0.0010535942856222391, -0.0007542704697698355, 0.0016649846220389009, 7.071088475640863e-06, 0.0015017827972769737, -0.00041507193236611784], [5.606643026112579e-05, -0.0016795432893559337, 0.0006793075008317828, -0.001787714660167694, 0.003027030499652028, -0.0012386871967464685, 0.0011880432721227407, -0.0016109368298202753, -0.00010443845530971885, -0.001718361978419125, -0.00016500125639140606, -6.884288723085774e-06, 3.8172388485691044e-06], [-0.0006198154878802598, 0.001184253254905343, -0.0010805950732901692, 0.0012107430957257748, -0.0012386871967464685, 0.005412756465375423, -0.0017754051368683577, 0.0019940692000091076, -0.0007849778048694134, 0.000845756905619055, -0.0012821556301787496, 0.0018221673090010881, 0.001264913589693606], [0.00019590607553254813, -0.0013418635353446007, 0.00019870843971148133, -0.001154247554950416, 0.0011880432721227407, -0.0017754051368683577, 0.003568547312170267, -0.0011799611384049058, 0.0010110309813171625, -0.0009003462619148195, 9.273280738852918e-05, -0.00109010748565197, -0.00011738021566998214], [-0.00046898674918338656, 0.0008572022779844701, -0.0006654440658167005, 0.0010535942856222391, -0.0016109368298202753, 0.0019940692000091076, -0.0011799611384049058, 0.007476126309484243, -0.0014186236076056957, 0.0014201744925230742, 9.648548439145088e-05, -0.0001751207310007885, -0.00019794219406321645], [0.00012278053327463567, -0.00045898338430561125, 8.75473560881801e-05, -0.0007542704697698355, -0.00010443845530971885, -0.0007849778048694134, 0.0010110309813171625, -0.0014186236076056957, 0.00587495369836688, -0.00048293668078258634, -0.0008299852488562465, 0.0026179850101470947, -0.0005101065034978092], [-7.043084042379633e-05, 0.002150736516341567, -0.0007185899303294718, 0.0016649846220389009, -0.001718361978419125, 0.000845756905619055, -0.0009003462619148195, 0.0014201744925230742, -0.00048293668078258634, 0.00924619659781456, -0.0012358672684058547, 0.003041274379938841, 2.842435787897557e-05], [0.0001949797006091103, -0.0006876631523482502, 0.0007376806461252272, 7.071088475640863e-06, -0.00016500125639140606, -0.0012821556301787496, 9.273280738852918e-05, 9.648548439145088e-05, -0.0008299852488562465, -0.0012358672684058547, 0.009230085648596287, -0.0018908519996330142, -0.0008996278047561646], [-0.0005511614144779742, 0.0016087114345282316, -0.0009601957281120121, 0.0015017827972769737, -6.884288723085774e-06, 0.0018221673090010881, -0.00109010748565197, -0.0001751207310007885, 0.0026179850101470947, 0.003041274379938841, -0.0018908519996330142, 0.011173630133271217, -0.002900567837059498], [0.00020309025421738625, -0.0006754055502824485, -0.00011268252274021506, -0.00041507193236611784, 3.8172388485691044e-06, 0.001264913589693606, -0.00011738021566998214, -0.00019794219406321645, -0.0005101065034978092, 2.842435787897557e-05, -0.0008996278047561646, -0.002900567837059498, 0.008479558862745762]], "lowlevel.mfcc.cov": [[9570.5654296875, -2315.23486328125, -1202.283203125, 271.2873840332031, 703.5220947265625, 438.7075500488281, 66.78643035888672, 441.8409118652344, -174.41053771972656, 337.1247863769531, 179.0943603515625, -152.65101623535156, 68.43831634521484], [-2315.23486328125, 3772.36328125, -128.2677764892578, -334.3899230957031, 216.27166748046875, -240.63601684570312, 362.7872009277344, 140.8310546875, 301.5052185058594, -25.845680236816406, -147.007080078125, 264.02996826171875, 0.721611738204956], [-1202.283203125, -128.2677764892578, 2060.31640625, -12.67026424407959, -490.76458740234375, 163.40586853027344, 70.2052230834961, 146.3627471923828, 122.38912200927734, -144.64646911621094, -181.02105712890625, 54.31243133544922, -11.331416130065918], [271.2873840332031, -334.3899230957031, -12.67026424407959, 1043.2825927734375, 518.9228515625, 199.41090393066406, 70.98861694335938, 117.1706771850586, 121.28861236572266, 201.14151000976562, 173.06369018554688, -162.34739685058594, -13.770146369934082], [703.5220947265625, 216.27166748046875, -490.76458740234375, 518.9228515625, 1187.8406982421875, 197.32769775390625, -18.838300704956055, 9.738746643066406, 70.02228546142578, 445.3764343261719, 169.2026824951172, -58.0147819519043, 27.989652633666992], [438.7075500488281, -240.63601684570312, 163.40586853027344, 199.41090393066406, 197.32769775390625, 478.2576904296875, 101.22993469238281, 54.05649185180664, 33.79171371459961, 146.38653564453125, 169.33668518066406, -22.696134567260742, -0.08204401284456253], [66.78643035888672, 362.7872009277344, 70.2052230834961, 70.98861694335938, -18.838300704956055, 101.22993469238281, 333.1809997558594, 113.30249786376953, 61.16266632080078, -18.612215042114258, 17.140920639038086, 55.10187530517578, -3.118936538696289], [441.8409118652344, 140.8310546875, 146.3627471923828, 117.1706771850586, 9.738746643066406, 54.05649185180664, 113.30249786376953, 305.9712219238281, 58.802371978759766, 5.920244216918945, -9.635346412658691, 0.35125112533569336, 43.8399543762207], [-174.41053771972656, 301.5052185058594, 122.38912200927734, 121.28861236572266, 70.02228546142578, 33.79171371459961, 61.16266632080078, 58.802371978759766, 232.67041015625, 34.1411018371582, -1.9103288650512695, 37.16373825073242, -23.916738510131836], [337.1247863769531, -25.845680236816406, -144.64646911621094, 201.14151000976562, 445.3764343261719, 146.38653564453125, -18.612215042114258, 5.920244216918945, 34.1411018371582, 368.56805419921875, 166.10227966308594, -45.63412857055664, 1.0207043886184692], [179.0943603515625, -147.007080078125, -181.02105712890625, 173.06369018554688, 169.2026824951172, 169.33668518066406, 17.140920639038086, -9.635346412658691, -1.9103288650512695, 166.10227966308594, 296.51519775390625, -30.63128089904785, -24.751924514770508], [-152.65101623535156, 264.02996826171875, 54.31243133544922, -162.34739685058594, -58.0147819519043, -22.696134567260742, 55.10187530517578, 0.35125112533569336, 37.16373825073242, -45.63412857055664, -30.63128089904785, 175.44326782226562, 3.5077431201934814], [68.43831634521484, 0.721611738204956, -11.331416130065918, -13.770146369934082, 27.989652633666992, -0.08204401284456253, -3.118936538696289, 43.8399543762207, -23.916738510131836, 1.0207043886184692, -24.751924514770508, 3.5077431201934814, 105.85940551757812]], "lowlevel.mfcc.icov": [[0.00019252178026363254, 0.00016908848192542791, 0.0001465186505811289, 0.00013020938786212355, -0.0001296020782319829, -0.00010816576104843989, -0.00011633279063971713, -0.00042523376760073006, -4.5688472027904936e-07, -4.581350367516279e-05, 0.00014559290139004588, -2.0662258975789882e-05, 0.00014892808394506574], [0.00016908848192542791, 0.0005737359169870615, 0.0001265622122446075, 0.0003801643324550241, -0.00037744143628515303, 0.00024054966343101114, -0.000588607566896826, -0.0004479257040657103, -0.0004980432568117976, 4.433349386090413e-05, 9.975805005524307e-05, -0.0001798701414372772, 0.00013425000361166894], [0.0001465186505811289, 0.0001265622122446075, 0.0008237739093601704, -9.435888932785019e-05, 0.00038504492840729654, -0.000617253128439188, 9.831691568251699e-05, -0.0005270102992653847, -0.00022749562049284577, -0.00034432465326972306, 0.0008248283411376178, -0.0002900976105593145, 0.00025357582489959896], [0.00013020938786212355, 0.0003801643324550241, -9.435888932785019e-05, 0.002095611533150077, -0.0011312190908938646, 0.00016278417024295777, -0.0007318546413443983, -0.0007087327539920807, -0.0010901049245148897, 0.0006618563202209771, -0.0007851606351323426, 0.0016487010288983583, 0.0002560115826781839], [-0.0001296020782319829, -0.00037744143628515303, 0.00038504492840729654, -0.0011312190908938646, 0.0024766286369413137, -0.0005810013390146196, 0.0006194222951307893, 0.0005157071864232421, 0.00023180089192464948, -0.0023914494086056948, 0.0009118755697272718, -0.0006632386357523501, -0.0005595542606897652], [-0.00010816576104843989, 0.00024054966343101114, -0.000617253128439188, 0.00016278417024295777, -0.0005810013390146196, 0.0036957040429115295, -0.0012590609258040786, 0.00017942632257472724, -0.0003214766620658338, -0.00010804919293150306, -0.0019394465489313006, 0.0002773315354716033, -0.0004657843674067408], [-0.00011633279063971713, -0.000588607566896826, 9.831691568251699e-05, -0.0007318546413443983, 0.0006194222951307893, -0.0012590609258040786, 0.00475803017616272, -0.0010036212624982, 0.00022744220041204244, 0.00029399400227703154, 6.263016985030845e-05, -0.0013441117480397224, 0.000493345782160759], [-0.00042523376760073006, -0.0004479257040657103, -0.0005270102992653847, -0.0007087327539920807, 0.0005157071864232421, 0.00017942632257472724, -0.0010036212624982, 0.005422024056315422, -0.000693625072017312, -0.00010269702033838257, -0.0001433884899597615, 0.00045441160909831524, -0.0024861693382263184], [-4.5688472027904936e-07, -0.0004980432568117976, -0.00022749562049284577, -0.0010901049245148897, 0.00023180089192464948, -0.0003214766620658338, 0.00022744220041204244, -0.000693625072017312, 0.006285423878580332, -0.000772378349211067, 0.0007108192075975239, -0.001666757045313716, 0.0017188958590850234], [-4.581350367516279e-05, 4.433349386090413e-05, -0.00034432465326972306, 0.0006618563202209771, -0.0023914494086056948, -0.00010804919293150306, 0.00029399400227703154, -0.00010269702033838257, -0.000772378349211067, 0.006677805446088314, -0.0027832919731736183, 0.001133482437580824, -0.00016526538820