{"song_id": "1183704156599484426", "download": "https://cdn.discordapp.com/attachments/1128313332273782784/1183704156599484426/chirp.mp4?ex=65894d67&amp", "lyrics": "In the night's soft glow, our hearts in sync,\nWhispers of love, in every blink.\nUnder the moon, our shadows dance,\nIn this rhythm, we find romance.\n\nYour voice, a melody, so sweet and true,\nIn every word, I feel something new.\nIn the warmth of your embrace, I find my peace,\nIn this love song, our hearts never cease.", "style": ["lyric"], "essentia_features": {"lowlevel.average_loudness": 0.8822595477104187, "lowlevel.barkbands_crest.mean": 15.992280960083008, "lowlevel.barkbands_crest.stdev": 5.127950191497803, "lowlevel.barkbands_flatness_db.mean": 0.33316582441329956, "lowlevel.barkbands_flatness_db.stdev": 0.12274018675088882, "lowlevel.barkbands_kurtosis.mean": 35.24175262451172, "lowlevel.barkbands_kurtosis.stdev": 75.05995178222656, "lowlevel.barkbands_skewness.mean": 3.670022487640381, "lowlevel.barkbands_skewness.stdev": 2.884532928466797, "lowlevel.barkbands_spread.mean": 8.97289752960205, "lowlevel.barkbands_spread.stdev": 13.834268569946289, "lowlevel.dissonance.mean": 0.38453254103660583, "lowlevel.dissonance.stdev": 0.07369846105575562, "lowlevel.dynamic_complexity": 3.8288090229034424, "lowlevel.erbbands_crest.mean": 12.583968162536621, "lowlevel.erbbands_crest.stdev": 4.639791011810303, "lowlevel.erbbands_flatness_db.mean": 0.2244775891304016, "lowlevel.erbbands_flatness_db.stdev": 0.08443061262369156, "lowlevel.erbbands_kurtosis.mean": 4.732131004333496, "lowlevel.erbbands_kurtosis.stdev": 7.679631233215332, "lowlevel.erbbands_skewness.mean": 1.1172001361846924, "lowlevel.erbbands_skewness.stdev": 1.3081510066986084, "lowlevel.erbbands_spread.mean": 32.70414352416992, "lowlevel.erbbands_spread.stdev": 31.958969116210938, "lowlevel.hfc.mean": 9.915106773376465, "lowlevel.hfc.stdev": 14.121334075927734, "lowlevel.loudness_ebu128.integrated": -23.239774703979492, "lowlevel.loudness_ebu128.loudness_range": 3.377504348754883, "lowlevel.loudness_ebu128.momentary.mean": -24.991302490234375, "lowlevel.loudness_ebu128.momentary.stdev": 4.030210494995117, "lowlevel.loudness_ebu128.short_term.mean": -23.378326416015625, "lowlevel.loudness_ebu128.short_term.stdev": 1.1296837329864502, "lowlevel.melbands_crest.mean": 21.824138641357422, "lowlevel.melbands_crest.stdev": 6.432543754577637, "lowlevel.melbands_flatness_db.mean": 0.4420435130596161, "lowlevel.melbands_flatness_db.stdev": 0.1492006629705429, "lowlevel.melbands_kurtosis.mean": 49.88601303100586, "lowlevel.melbands_kurtosis.stdev": 80.61094665527344, "lowlevel.melbands_skewness.mean": 4.25882625579834, "lowlevel.melbands_skewness.stdev": 2.942432165145874, "lowlevel.melbands_spread.mean": 7.1408562660217285, "lowlevel.melbands_spread.stdev": 11.004780769348145, "lowlevel.pitch_salience.mean": 0.3649219572544098, "lowlevel.pitch_salience.stdev": 0.14190325140953064, "lowlevel.silence_rate_20dB.mean": 0.949795663356781, "lowlevel.silence_rate_20dB.stdev": 0.2183658629655838, "lowlevel.silence_rate_30dB.mean": 0.8739054203033447, "lowlevel.silence_rate_30dB.stdev": 0.33195605874061584, "lowlevel.silence_rate_60dB.mean": 0.03327495604753494, "lowlevel.silence_rate_60dB.stdev": 0.17935477197170258, "lowlevel.spectral_centroid.mean": 571.2396850585938, "lowlevel.spectral_centroid.stdev": 498.75604248046875, "lowlevel.spectral_complexity.mean": 6.745475769042969, "lowlevel.spectral_complexity.stdev": 4.167332649230957, "lowlevel.spectral_decrease.mean": -1.564596630032611e-08, "lowlevel.spectral_decrease.stdev": 3.0505191261909204e-08, "lowlevel.spectral_energy.mean": 0.059950727969408035, "lowlevel.spectral_energy.stdev": 0.11602295190095901, "lowlevel.spectral_energyband_high.mean": 0.0002929208567366004, "lowlevel.spectral_energyband_high.stdev": 0.0009461996960453689, "lowlevel.spectral_energyband_low.mean": 0.05118706822395325, "lowlevel.spectral_energyband_low.stdev": 0.10980986058712006, "lowlevel.spectral_energyband_middle_high.mean": 0.0012647374533116817, "lowlevel.spectral_energyband_middle_high.stdev": 0.003189465031027794, "lowlevel.spectral_energyband_middle_low.mean": 0.008992619812488556, "lowlevel.spectral_energyband_middle_low.stdev": 0.0237409807741642, "lowlevel.spectral_entropy.mean": 6.3357415199279785, "lowlevel.spectral_entropy.stdev": 0.9344798922538757, "lowlevel.spectral_flux.mean": 0.08639109134674072, "lowlevel.spectral_flux.stdev": 0.12985508143901825, "lowlevel.spectral_kurtosis.mean": 30.44291114807129, "lowlevel.spectral_kurtosis.stdev": 66.8298110961914, "lowlevel.spectral_rms.mean": 0.006082299631088972, "lowlevel.spectral_rms.stdev": 0.0046361880376935005, "lowlevel.spectral_rolloff.mean": 519.9767456054688, "lowlevel.spectral_rolloff.stdev": 1185.1397705078125, "lowlevel.spectral_skewness.mean": 3.4434962272644043, "lowlevel.spectral_skewness.stdev": 3.2249348163604736, "lowlevel.spectral_spread.mean": 4695981.0, "lowlevel.spectral_spread.stdev": 3086131.0, "lowlevel.spectral_strongpeak.mean": 0.520168662071228, "lowlevel.spectral_strongpeak.stdev": 0.5106592774391174, "lowlevel.zerocrossingrate.mean": 0.023640736937522888, "lowlevel.zerocrossingrate.stdev": 0.028082365170121193, "metadata.audio_properties.analysis.equal_loudness": 0.0, "metadata.audio_properties.analysis.length": 39.74399185180664, "metadata.audio_properties.analysis.sample_rate": 44100.0, "metadata.audio_properties.analysis.start_time": 0.0, "metadata.audio_properties.bit_rate": 118817.0, "metadata.audio_properties.length": 39.74399948120117, "metadata.audio_properties.lossless": 0.0, "metadata.audio_properties.number_channels": 1.0, "metadata.audio_properties.replay_gain": -2.7478675842285156, "metadata.audio_properties.sample_rate": 48000.0, "rhythm.beats_count": 55.0, "rhythm.beats_loudness.mean": 0.13769550621509552, "rhythm.beats_loudness.stdev": 0.19668054580688477, "rhythm.bpm": 83.94557189941406, "rhythm.bpm_histogram_first_peak_bpm": 83.0, "rhythm.bpm_histogram_first_peak_weight": 0.29629629850387573, "rhythm.bpm_histogram_second_peak_bpm": 0.0, "rhythm.bpm_histogram_second_peak_spread": 0.0, "rhythm.bpm_histogram_second_peak_weight": 0.0, "rhythm.danceability": 1.341109275817871, "rhythm.onset_rate": 4.325501918792725, "tonal.chords_changes_rate": 0.08634772151708603, "tonal.chords_number_rate": 0.011668611317873001, "tonal.chords_strength.mean": 0.4819050133228302, "tonal.chords_strength.stdev": 0.07725784927606583, "tonal.hpcp_crest.mean": 13.857589721679688, "tonal.hpcp_crest.stdev": 5.021378040313721, "tonal.hpcp_entropy.mean": 1.7912873029708862, "tonal.hpcp_entropy.stdev": 0.5904091596603394, "tonal.key_edma.strength": 0.4369611144065857, "tonal.key_krumhansl.strength": 0.4375554323196411, "tonal.key_temperley.strength": 0.43754133582115173, "tonal.tuning_diatonic_strength": 0.6082277297973633, "tonal.tuning_equal_tempered_deviation": 0.23268474638462067, "tonal.tuning_frequency": 434.193115234375, "tonal.tuning_nontempered_energy_ratio": 0.9594958424568176, "lowlevel.barkbands.mean": [0.0014411795418709517, 0.04067687690258026, 0.007296802010387182, 0.0036767874844372272, 0.0027580575551837683, 0.0010297636035829782, 0.0005551371723413467, 0.0005498335813172162, 0.0003963578783441335, 0.00024735956685617566, 0.00022999457723926753, 0.000300787971355021, 0.00016148516442626715, 0.00011453147453721613, 6.291155295912176e-05, 2.761914765869733e-05, 3.7958256143610924e-05, 1.873721157608088e-05, 3.55411357304547e-05, 5.161087028682232e-05, 2.0847613996011205e-05, 7.873696449678391e-05, 6.857798871351406e-05, 4.0716902731219307e-05, 4.3422776798252016e-05, 2.878808845707681e-05, 4.1979345155596093e-07], "lowlevel.barkbands.stdev": [0.0028003137558698654, 0.09340494126081467, 0.0233222134411335, 0.01678319089114666, 0.007254472468048334, 0.0014314567670226097, 0.0008704430656507611, 0.0013934958260506392, 0.001189966918900609, 0.0013397757429629564, 0.0011113227810710669, 0.000983112258836627, 0.0007871636189520359, 0.0006149933906272054, 0.00033165275817736983, 0.00010691552597563714, 0.0001288551138713956, 0.00012113335105823353, 0.00013939433847554028, 0.00014689004456158727, 9.771973418537527e-05, 0.0002522911236155778, 0.000302957312669605, 0.00014454949996434152, 0.000151077241753228, 0.00012098910519853234, 4.024392637802521e-06], "lowlevel.erbbands.mean": [1.3749951124191284, 8.12073040008545, 11.011604309082031, 9.455730438232422, 12.152414321899414, 8.042037010192871, 5.661123275756836, 10.080643653869629, 5.732077598571777, 13.794017791748047, 12.884980201721191, 8.435588836669922, 7.145308971405029, 10.34705924987793, 9.251944541931152, 9.863741874694824, 7.652697563171387, 6.984828948974609, 4.392308235168457, 2.1657445430755615, 1.6850470304489136, 2.262183666229248, 1.2141331434249878, 0.9695284366607666, 2.9667224884033203, 2.1959402561187744, 0.7393737435340881, 1.1591252088546753, 3.0158727169036865, 2.573477268218994, 1.6882740259170532, 0.9168945550918579, 0.707358181476593, 0.5531798005104065, 0.2586561143398285, 0.13070428371429443, 0.054471954703330994, 0.006182000506669283, 0.00014689360978081822, 7.059197378112003e-05], "lowlevel.erbbands.stdev": [2.9803431034088135, 20.84123992919922, 32.550865173339844, 38.66484451293945, 45.29329299926758, 17.80398178100586, 10.864622116088867, 14.739874839782715, 9.101592063903809, 20.418838500976562, 33.934574127197266, 25.145978927612305, 25.853425979614258, 47.2175178527832, 29.11061668395996, 34.20481491088867, 31.60028076171875, 35.8537483215332, 21.5687198638916, 7.811129570007324, 5.956490516662598, 7.3724446296691895, 7.267258644104004, 5.882375240325928, 8.699509620666504, 6.314700603485107, 3.24642014503479, 5.04461669921875, 9.437508583068848, 10.415857315063477, 7.251854419708252, 3.457571506500244, 2.6065051555633545, 1.9937269687652588, 0.9529051780700684, 0.5219685435295105, 0.24129633605480194, 0.03205817565321922, 0.0006175836897455156, 0.000127613588119857], "lowlevel.gfcc.mean": [-122.51822662353516, 134.85948181152344, -33.2043342590332, 38.26177215576172, -58.103519439697266, 12.325150489807129, -24.629430770874023, 9.44666862487793, -12.685297966003418, 10.639174461364746, -9.378405570983887, -0.5077588558197021, -7.390913009643555], "lowlevel.melbands.mean": [0.011656723916530609, 0.007246829103678465, 0.0017787802498787642, 0.0006982824415899813, 0.00022496949532069266, 0.00021122628822922707, 0.00010031252168118954, 0.00014797772746533155, 9.78915486484766e-05, 5.149336357135326e-05, 3.6577399441739544e-05, 4.305124093662016e-05, 2.9532393455156125e-05, 3.4785134630510584e-05, 1.792581497284118e-05, 1.740705920383334e-05, 1.2304311894695275e-05, 7.121492217265768e-06, 4.201767751510488e-06, 2.0143647816439625e-06, 1.83057454705704e-06, 2.470381559760426e-06, 1.609464220564405e-06, 7.281952889570675e-07, 7.114088589332823e-07, 1.474252371735929e-06, 2.9009709123783978e-06, 1.0735202522482723e-06, 3.9916614014146035e-07, 5.17086391482735e-07, 6.69628320792981e-07, 1.6953035810729489e-06, 1.5914212099232827e-06, 1.469879862270318e-06, 1.0264902812195942e-06, 7.17887132850592e-07, 5.191368472878821e-07, 4.896789391750644e-07, 5.08836308199534e-07, 4.513699991548492e-07], "lowlevel.melbands.stdev": [0.02623763494193554, 0.01910868100821972, 0.006922360043972731, 0.002022107597440481, 0.00042035820661112666, 0.0003037720744032413, 0.00014272906992118806, 0.00023480708478018641, 0.0002789420250337571, 0.0001594245550222695, 0.0001487445115344599, 0.00019916958990506828, 0.0001067649936885573, 0.0001165288922493346, 8.781861106399447e-05, 9.045244223671034e-05, 6.936947465874255e-05, 3.6688867112388834e-05, 1.910891296574846e-05, 8.074684046732727e-06, 6.723296792188194e-06, 8.031101060623769e-06, 8.657370926812291e-06, 4.830092166230315e-06, 4.854173312196508e-06, 5.539495759876445e-06, 7.74833642935846e-06, 3.634024096754729e-06, 1.8293046650796896e-06, 2.6591565074340906e-06, 3.010671434822143e-06, 5.36438392373384e-06, 5.213495114730904e-06, 6.726984338456532e-06, 4.682504368247464e-06, 2.9836858175258385e-06, 1.9625501863629324e-06, 1.8763521438813768e-06, 1.8794528386933962e-06, 1.671369091127417e-06], "lowlevel.melbands128.mean": [0.0014091015327721834, 0.011095188558101654, 0.01611904427409172, 0.012663742527365685, 0.007183928042650223, 0.0028554373420774937, 0.0017826955299824476, 0.0018581148469820619, 0.0012309118174016476, 0.0005787356058135629, 0.0004173039924353361, 0.00029261497547850013, 0.00017734170251060277, 0.00013095185568090528, 0.00022138866188470274, 0.0003024446777999401, 8.353309385711327e-05, 3.815011223196052e-05, 0.00012672363664023578, 0.00020642105664592236, 0.00011017410724889487, 0.00013884941290598363, 9.10660601221025e-05, 7.628770254086703e-05, 4.067705958732404e-05, 5.859277007402852e-05, 3.131285120616667e-05, 2.0259536540834233e-05, 6.136148294899613e-05, 3.341700721648522e-05, 4.622553024091758e-05, 4.3828007619595155e-05, 1.5939514923957177e-05, 2.523856528569013e-05, 5.306510502123274e-05, 2.933806536020711e-05, 2.0065303033334203e-05, 2.3381744540529326e-05, 9.165693882096093e-06, 1.8323014955967665e-05, 2.0851559384027496e-05, 1.3494158338289708e-05, 1.394970968249254e-05, 1.0360256965213921e-05, 8.201039236155339e-06, 6.000186658638995e-06, 7.42767633710173e-06, 4.23270194005454e-06, 3.053092541449587e-06, 2.363258772675181e-06, 1.4539086805598345e-06, 2.175444933527615e-06, 2.2287604224402457e-06, 1.3511273664335022e-06, 1.7436520920455223e-06, 3.2708894650568254e-06, 2.346784640394617e-06, 1.8052206769425538e-06, 1.4367791436598054e-06, 1.000204861156817e-06, 6.019777174515184e-07, 5.849300919180678e-07, 6.733552595505898e-07, 7.958207106639748e-07, 6.925142201907875e-07, 1.0287847089784918e-06, 2.064663249257137e-06, 3.356610477567301e-06, 3.2695568279450526e-06, 2.2388614979718113e-06, 9.426721589989029e-07, 5.47822423868638e-07, 4.6637470063615183e-07, 3.715764762546314e-07, 3.16259757937587e-07, 4.639946666884498e-07, 6.882542038511019e-07, 5.148633590579266e-07, 5.987464533063758e-07, 7.881445753810112e-07, 1.5221452258629142e-06, 2.174716428271495e-06, 2.0259215034457156e-06, 1.482001835029223e-06, 1.2774490869560395e-06, 1.3286016837810166e-06, 1.6033978909035795e-06, 1.637630703044124e-06, 7.537076385233377e-07, 8.180290365089604e-07, 9.68521021604829e-07, 6.322423473648087e-07, 4.1997418520622887e-07, 5.332472596819571e-07, 5.628430699289311e-07, 5.201284238864901e-07, 4.713330383765424e-07, 4.3499110802258656e-07, 5.144873966855812e-07, 5.685727160198439e-07, 4.805021944775945e-07, 4.887697855338047e-07, 3.1476778872274735e-07, 3.1239068221111665e-07, 3.0417731977649964e-07, 2.5118606572505087e-07, 2.4316142344105174e-07, 1.981409667450862e-07, 2.1671797867384157e-07, 2.4593845182607765e-07, 2.2753930295493774e-07, 2.189080561265655e-07, 1.6886143328065373e-07, 1.4093453160057834e-07, 1.1727023263574665e-07, 6.662352802777605e-08, 1.898654922172227e-08, 4.448532098244584e-10, 1.2007340434438962e-11, 1.1506926488047409e-11, 1.0986362861120647e-11, 1.0350152158944415e-11, 9.969915518159844e-12, 9.69779465065379e-12, 9.320236422916128e-12, 8.81897072729787e-12, 8.513830265788336e-12, 8.411455559853565e-12], "lowlevel.melbands128.stdev": [0.002738028299063444, 0.023167070001363754, 0.04155198112130165, 0.03465423360466957, 0.021619470790028572, 0.009618217125535011, 0.008027855306863785, 0.00826425850391388, 0.004638892598450184, 0.0016130977310240269, 0.0009314866620115936, 0.0006455900147557259, 0.00042466900777071714, 0.00027432452770881355, 0.0003549691755324602, 0.0004781699972227216, 0.00019365125626791269, 0.0001229719491675496, 0.00022272537171375006, 0.00033827705192379653, 0.00029517352231778204, 0.0004918084014207125, 0.0003550531400833279, 0.0003731841570697725, 0.0001931525330292061, 0.00024756931816227734, 0.00011947948951274157, 9.004759340314195e-05, 0.0004163899284321815, 0.00023095468350220472, 0.0002938740362878889, 0.000271670869551599, 8.69120194693096e-05, 0.00013543236127588898, 0.00021649652626365423, 0.00013390311505645514, 0.00013645961007568985, 0.00016004752251319587, 5.949016849626787e-05, 0.0001113374819396995, 0.00013118761125952005, 0.00013860402395948768, 0.00010614428174449131, 7.329692016355693e-05, 6.483052857220173e-05, 3.969692988903262e-05, 6.666099216090515e-05, 2.6671565137803555e-05, 1.4224188817024697e-05, 1.2885567230114248e-05, 9.022527592605911e-06, 1.1139885828015395e-05, 1.0492268302186858e-05, 6.824759566370631e-06, 8.848051038512494e-06, 1.1653086403384805e-05, 8.475109098071698e-06, 1.0541227311477996e-05, 9.704930562293157e-06, 7.843741514079738e-06, 4.3279446799715515e-06, 4.5268006942933425e-06, 5.074010005046148e-06, 6.452346951846266e-06, 4.109041583433282e-06, 6.681584636680782e-06, 8.504085599270184e-06, 1.0919760825345293e-05, 1.1560223356354982e-05, 6.923430646565976e-06, 4.219885795464506e-06, 2.58537284025806e-06, 2.354581738472916e-06, 1.8298943587069516e-06, 1.6197719787669485e-06, 2.4764487989159534e-06, 3.925485543732066e-06, 2.8681649837380974e-06, 2.74683384304808e-06, 3.911096882802667e-06, 5.865597358933883e-06, 6.958164249226684e-06, 7.0466148827108555e-06, 4.931252988171764e-06, 4.950369657308329e-06, 6.350552212097682e-06, 8.046871698752511e-06, 9.02378906175727e-06, 3.7466227240656735e-06, 3.823481165454723e-06, 4.4035650716978125e-06, 2.89469562630984e-06, 1.6708543171262136e-06, 2.2960834940022323e-06, 2.328413074792479e-06, 2.0298693925724365e-06, 1.993264731936506e-06, 1.983205947908573e-06, 2.035575107584009e-06, 2.123985950674978e-06, 1.9025861774935038e-06, 1.8558233705334715e-06, 1.3379727761275717e-06, 1.3006349490751745e-06, 1.3303680361786974e-06, 1.0006865522882435e-06, 1.0885760275414214e-06, 8.046602033573436e-07, 8.737272878533986e-07, 1.23369250104588e-06, 1.112428890337469e-06, 1.0714082918639178e-06, 8.452419137938705e-07, 6.821531997047714e-07, 6.133888064141502e-07, 4.075686490523367e-07, 1.6422566773144354e-07, 7.85966403071825e-09, 3.6043633355742344e-11, 3.664846551232337e-11, 3.2441428016172225e-11, 2.200982625322201e-11, 2.0796290037261578e-11, 1.9816807916850365e-11, 1.9496893682857674e-11, 1.961249912474372e-11, 1.9439524642783645e-11, 1.9145277377341507e-11], "lowlevel.mfcc.mean": [-795.3729858398438, 166.65579223632812, 75.13996124267578, 38.76302719116211, 5.871569633483887, 12.169992446899414, 2.491185188293457, 0.6101030111312866, 6.802770137786865, 0.9431157112121582, 7.381666660308838, 5.005733966827393, 14.26587963104248], "lowlevel.spectral_contrast_coeffs.mean": [-0.7087230682373047, -0.6736007332801819, -0.7727510333061218, -0.8114549517631531, -0.7970882058143616, -0.7808903455734253], "lowlevel.spectral_contrast_coeffs.stdev": [0.07991120964288712, 0.08364354819059372, 0.08936510980129242, 0.07572879642248154, 0.07861118763685226, 0.06680705398321152], "lowlevel.spectral_contrast_valleys.mean": [-6.646554470062256, -7.826361656188965, -9.118200302124023, -9.925668716430664, -9.96780014038086, -11.797406196594238], "lowlevel.spectral_contrast_valleys.stdev": [0.8002415895462036, 0.8273303508758545, 1.107010006904602, 1.264497995376587, 1.3565764427185059, 1.497704267501831], "rhythm.beats_loudness_band_ratio.mean": [0.7707483172416687, 0.08442845195531845, 0.05910436436533928, 0.03778766840696335, 0.011128206737339497, 0.05274536460638046], "rhythm.beats_loudness_band_ratio.stdev": [0.23889823257923126, 0.10688468813896179, 0.08186802268028259, 0.07801210880279541, 0.020486077293753624, 0.0668899342417717], "tonal.hpcp.mean": [0.07947296649217606, 0.0593377910554409, 0.030118703842163086, 0.027331653982400894, 0.027193276211619377, 0.022773023694753647, 0.0686555802822113, 0.08119547367095947, 0.03052271343767643, 0.019120007753372192, 0.017648303881287575, 0.020051902160048485, 0.04379088059067726, 0.05609776824712753, 0.03403491526842117, 0.014155665412545204, 0.013849562034010887, 0.03633604943752289, 0.08769972622394562, 0.08844397217035294, 0.049619197845458984, 0.08754236251115799, 0.0868930071592331, 0.04287342727184296, 0.08167847245931625, 0.08020452409982681, 0.071384958922863, 0.24764996767044067, 0.271441251039505, 0.0906979963183403, 0.027636131271719933, 0.023811975494027138, 0.037016481161117554, 0.20070144534111023, 0.37727582454681396, 0.23760704696178436], "tonal.hpcp.stdev": [0.23512636125087738, 0.2073088139295578, 0.14112387597560883, 0.1133972629904747, 0.10863479226827621, 0.10255846381187439, 0.15091004967689514, 0.17942483723163605, 0.09459495544433594, 0.10698212683200836, 0.09123233705759048, 0.08734047412872314, 0.14020799100399017, 0.1726694107055664, 0.12403851002454758, 0.07854294776916504, 0.07261050492525101, 0.133684441447258, 0.23440705239772797, 0.22132016718387604, 0.14701466262340546, 0.2523360550403595, 0.25257232785224915, 0.13969780504703522, 0.24791157245635986, 0.23708829283714294, 0.178595632314682, 0.345210999250412, 0.3765665590763092, 0.18656405806541443, 0.1265081912279129, 0.11449810862541199, 0.14248281717300415, 0.27530917525291443, 0.45384737849235535, 0.3109729290008545], "rhythm.beats_position": [0.7314285635948181, 1.4628571271896362, 2.18267560005188, 2.902494192123413, 3.6223127841949463, 4.342131614685059, 5.038730144500732, 5.746938705444336, 6.466757297515869, 7.186575889587402, 7.894784450531006, 8.614603042602539, 9.334421157836914, 10.054240226745605, 10.750839233398438, 11.470657348632812, 12.190476417541504, 12.910294532775879, 13.606893539428711, 14.326711654663086, 15.046530723571777, 15.766348838806152, 16.462947845458984, 17.18276596069336, 17.902584075927734, 18.622404098510742, 19.319002151489258, 20.038820266723633, 20.758638381958008, 21.478458404541016, 22.17505645751953, 22.894874572753906, 23.61469268798828, 24.33451271057129, 25.031110763549805, 25.75092887878418, 26.470746994018555, 27.190567016601562, 27.887165069580078, 28.606983184814453, 29.338411331176758, 30.058231353759766, 30.75482940673828, 31.463037490844727, 32.182857513427734, 32.90267562866211, 33.61088562011719, 34.319091796875, 35.038909912109375, 35.75872802734375, 36.46693801879883, 37.175148010253906, 37.89496612548828, 38.614784240722656, 39.33460235595703], "rhythm.bpm_histogram": [0.0, 0.0, 0.0, 0.0, 0.0, 0.0, 0.0, 0.0, 0.0, 0.0, 0.0, 0.0, 0.0, 0.0, 0.0, 0.0, 0.0, 0.0, 0.0, 0.0, 0.0, 0.0, 0.0, 0.0, 0.0, 0.0, 0.0, 0.0, 0.0, 0.0, 0.0, 0.0, 0.0, 0.0, 0.0, 0.0, 0.0, 0.0, 0.0, 0.0, 0.0, 0.0, 0.0, 0.0, 0.0, 0.0, 0.0, 0.0, 0.0, 0.0, 0.0, 0.0, 0.0, 0.0, 0.0, 0.0, 0.0, 0.0, 0.0, 0.0, 0.0, 0.0, 0.0, 0.0, 0.0, 0.0, 0.0, 0.0, 0.0, 0.0, 0.0, 0.0, 0.0, 0.0, 0.0, 0.0, 0.0, 0.0, 0.0, 0.0, 0.0, 0.0, 0.03703703731298447, 0.6666666865348816, 0.0, 0.12962962687015533, 0.1666666716337204, 0.0, 0.0, 0.0, 0.0, 0.0, 0.0, 0.0, 0.0, 0.0, 0.0, 0.0, 0.0, 0.0, 0.0, 0.0, 0.0, 0.0, 0.0, 0.0, 0.0, 0.0, 0.0, 0.0, 0.0, 0.0, 0.0, 0.0, 0.0, 0.0, 0.0, 0.0, 0.0, 0.0, 0.0, 0.0, 0.0, 0.0, 0.0, 0.0, 0.0, 0.0, 0.0, 0.0, 0.0, 0.0, 0.0, 0.0, 0.0, 0.0, 0.0, 0.0, 0.0, 0.0, 0.0, 0.0, 0.0, 0.0, 0.0, 0.0, 0.0, 0.0, 0.0, 0.0, 0.0, 0.0, 0.0, 0.0, 0.0, 0.0, 0.0, 0.0, 0.0, 0.0, 0.0, 0.0, 0.0, 0.0, 0.0, 0.0, 0.0, 0.0, 0.0, 0.0, 0.0, 0.0, 0.0, 0.0, 0.0, 0.0, 0.0, 0.0, 0.0, 0.0, 0.0, 0.0, 0.0, 0.0, 0.0, 0.0, 0.0, 0.0, 0.0, 0.0, 0.0, 0.0, 0.0, 0.0, 0.0, 0.0, 0.0, 0.0, 0.0, 0.0, 0.0, 0.0, 0.0, 0.0, 0.0, 0.0, 0.0, 0.0, 0.0, 0.0, 0.0, 0.0, 0.0, 0.0, 0.0, 0.0, 0.0, 0.0, 0.0, 0.0, 0.0, 0.0, 0.0, 0.0, 0.0, 0.0, 0.0, 0.0, 0.0, 0.0, 0.0, 0.0, 0.0, 0.0, 0.0, 0.0, 0.0, 0.0, 0.0, 0.0, 0.0, 0.0, 0.0, 0.0, 0.0, 0.0, 0.0, 0.0, 0.0, 0.0], "tonal.chords_histogram": [7.7012834548950195, 0.23337222635746002, 8.751458168029785, 11.31855297088623, 3.7339556217193604, 9.218202590942383, 1.0501750707626343, 29.054841995239258, 0.35005834698677063, 5.017502784729004, 0.0, 0.0, 0.0, 0.0, 0.0, 0.0, 0.0, 0.0, 0.0, 0.0, 0.0, 0.0, 17.619604110717773, 5.950991630554199], "tonal.thpcp": [1.0, 0.6297966241836548, 0.2106495052576065, 0.1572795957326889, 0.0798320546746254, 0.07244475185871124, 0.07207797467708588, 0.06036173552274704, 0.18197715282440186, 0.21521514654159546, 0.08090291172266006, 0.05067912116646767, 0.046778254210948944, 0.053149182349443436, 0.11607126146554947, 0.14869165420532227, 0.09021228551864624, 0.03752073273062706, 0.03670937940478325, 0.09631162881851196, 0.23245519399642944, 0.23442788422107697, 0.13151969015598297, 0.23203809559345245, 0.2303169220685959, 0.1136394739151001, 0.21649537980556488, 0.21258856356143951, 0.18921159207820892, 0.6564162373542786, 0.7194769382476807, 0.24040235579013824, 0.07325179129838943, 0.06311555951833725, 0.09811516851186752, 0.5319753885269165], "lowlevel.gfcc.cov": [[10838.376953125, -3865.820068359375, -3136.7294921875, 960.2711181640625, -294.3631286621094, 1257.1170654296875, -94.9232177734375, 329.3994140625, -806.4223022460938, 301.7371520996094, -540.392333984375, 465.0346374511719, -232.7457275390625], [-3865.820068359375, 2997.861083984375, 626.6982421875, -832.9385375976562, 687.5313110351562, -421.1654357910156, 541.1153564453125, -164.27223205566406, 369.1552734375, -293.7387390136719, 343.8309631347656, -353.7702941894531, 237.73289489746094], [-3136.7294921875, 626.6982421875, 2352.92236328125, 40.06682586669922, -85.32794952392578, -289.6005554199219, -63.90699768066406, 7.626930236816406, 335.7129211425781, -18.67723274230957, 188.32540893554688, 2.543212652206421, 20.59461212158203], [960.2711181640625, -832.9385375976562, 40.06682586669922, 821.4259643554688, -27.905799865722656, -17.066238403320312, -203.4568634033203, 96.6137466430664, 20.58207893371582, 37.86323928833008, -60.54606628417969, 97.73171997070312, 76.42904663085938], [-294.3631286621094, 687.5313110351562, -85.32794952392578, -27.905799865722656, 566.4110717773438, -12.022712707519531, 207.82456970214844, 73.1124496459961, 145.8937225341797, -81.01377868652344, 69.61973571777344, -81.45799255371094, 141.76556396484375], [1257.1170654296875, -421.1654357910156, -289.6005554199219, -17.066238403320312, -12.022712707519531, 458.4891662597656, 186.1424102783203, 59.97331619262695, -64.50995635986328, 60.97174835205078, 1.179114818572998, 51.98988342285156, -50.526058197021484], [-94.9232177734375, 541.1153564453125, -63.90699768066406, -203.4568634033203, 207.82456970214844, 186.1424102783203, 512.9979858398438, 99.46377563476562, 66.63460540771484, -26.277456283569336, 134.15650939941406, -26.465835571289062, 30.264263153076172], [329.3994140625, -164.27223205566406, 7.626930236816406, 96.6137466430664, 73.1124496459961, 59.97331619262695, 99.46377563476562, 229.22216796875, 76.40851593017578, 46.97520446777344, -8.528216361999512, 46.76115798950195, 30.09638214111328], [-806.4223022460938, 369.1552734375, 335.7129211425781, 20.58207893371582, 145.8937225341797, -64.50995635986328, 66.63460540771484, 76.40851593017578, 327.9509582519531, 54.870670318603516, 69.97797393798828, -56.62846755981445, 62.799800872802734], [301.7371520996094, -293.7387390136719, -18.67723274230957, 37.86323928833008, -81.01377868652344, 60.97174835205078, -26.277456283569336, 46.97520446777344, 54.870670318603516, 207.6765899658203, 17.71880340576172, 38.46919631958008, -46.92295837402344], [-540.392333984375, 343.8309631347656, 188.32540893554688, -60.54606628417969, 69.61973571777344, 1.179114818572998, 134.15650939941406, -8.528216361999512, 69.97797393798828, 17.71880340576172, 206.1837615966797, 11.758682250976562, 24.62629508972168], [465.0346374511719, -353.7702941894531, 2.543212652206421, 97.73171997070312, -81.45799255371094, 51.98988342285156, -26.465835571289062, 46.76115798950195, -56.62846755981445, 38.46919631958008, 11.758682250976562, 160.8944549560547, -2.7941789627075195], [-232.7457275390625, 237.73289489746094, 20.59461212158203, 76.42904663085938, 141.76556396484375, -50.526058197021484, 30.264263153076172, 30.09638214111328, 62.799800872802734, -46.92295837402344, 24.62629508972168, -2.7941789627075195, 167.52442932128906]], "lowlevel.gfcc.icov": [[0.00043642998207360506, 0.00025250535691156983, 0.00035975920036435127, -0.00024707536795176566, -0.0002458099334035069, -0.0005911706830374897, -7.153617480071262e-05, -0.00010851020488189533, 0.0003192903532180935, -0.00011634277325356379, 0.0003519695019349456, -0.00035807586391456425, 0.0001686493051238358], [0.00025250535691156983, 0.003573222318664193, -0.00015963691112119704, 0.0022210741881281137, -0.001788377994671464, 0.0023395929019898176, -0.002396167255938053, 0.002029548631981015, -0.0011233787517994642, 0.0016213750932365656, -0.001896703033708036, 0.0024516633711755276, -0.0022313527297228575], [0.00035975920036435127, -0.00015963691112119704, 0.0009662579977884889, -0.00047381356125697494, 0.00028933692374266684, -0.0005310378037393093, 0.000311236857669428, -0.0003856502880807966, -0.0003914626140613109, 0.0002207860816270113, -4.101655213162303e-05, -0.0008135079406201839, 0.0006328363670036197], [-0.00024707536795176566, 0.0022210741881281137, -0.00047381356125697494, 0.003466771449893713, -0.0010320099536329508, 0.0019182576797902584, -0.0006358755053952336, 0.0007341843447647989, -0.0011817136546596885, 0.0012291570892557502, -0.0016004362842068076, 0.0014022180112078786, -0.0025377837009727955], [-0.0002458099334035069, -0.001788377994671464, 0.00028933692374266684, -0.0010320099536329508, 0.004138126503676176, -0.0009070758242160082, 0.000500547990668565, -0.001599788898602128, -0.0005262211780063808, 0.00030109338695183396, 0.0002198125293944031, 5.0615584768820554e-05, -0.0006966794026084244], [-0.0005911706830374897, 0.0023395929019898176, -0.0005310378037393093, 0.0019182576797902584, -0.0009070758242160082, 0.006292448379099369, -0.0034653160255402327, 0.0018732654862105846, -0.0009963462362065911, 0.0004983150283806026, -0.0014536264352500439, 0.0017039846861734986, -0.0012412031646817923], [-7.153617480071262e-05, -0.002396167255938053, 0.000311236857669428, -0.0006358755053952336, 0.000500547990668565, -0.0034653160255402327, 0.006128072272986174, -0.0036158100701868534, 0.0007595421629957855, 9.22044346225448e-05, -0.0013497028267011046, -0.0008776111644692719, 0.0015514930710196495], [-0.00010851020488189533, 0.002029548631981015, -0.0003856502880807966, 0.0007341843447647989, -0.001599788898602128, 0.0018732654862105846, -0.0036158100701868534, 0.008660756051540375, -0.002488389378413558, -0.00035649785422720015, 0.0012776317307725549, -0.0011038966476917267, -0.0016756110126152635], [0.0003192903532180935, -0.0011233787517994642, -0.0003914626140613109, -0.0011817136546596885, -0.0005262211780063808, -0.0009963462362065911, 0.0007595421629957855, -0.002488389378413558, 0.006874650251120329, -0.0033255841117352247, 0.00023070226598065346, 0.0014250220265239477, -0.0004390555259305984], [-0.00011634277325356379, 0.0016213750932365656, 0.0002207860816270113, 0.0012291570892557502, 0.00030109338695183396, 0.0004983150283806026, 9.22044346225448e-05, -0.00035649785422720015, -0.0033255841117352247, 0.008397546596825123, -0.0027462290599942207, 0.00029942128458060324, 0.0008999229758046567], [0.0003519695019349456, -0.001896703033708036, -4.101655213162303e-05, -0.0016004362842068076, 0.0002198125293944031, -0.0014536264352500439, -0.0013497028267011046, 0.0012776317307725549, 0.00023070226598065346, -0.0027462290599942207, 0.00964918453246355, -0.004177939146757126, 0.0009618513868190348], [-0.00035807586391456425, 0.0024516633711755276, -0.0008135079406201839, 0.0014022180112078786, 5.0615584768820554e-05, 0.0017039846861734986, -0.0008776111644692719, -0.0011038966476917267, 0.0014250220265239477, 0.00029942128458060324, -0.004177939146757126, 0.012131054885685444, -0.003322215285152197], [0.0001686493051238358, -0.0022313527297228575, 0.0006328363670036197, -0.0025377837009727955, -0.0006966794026084244, -0.0012412031646817923, 0.0015514930710196495, -0.0016756110126152635, -0.0004390555259305984, 0.0008999229758046567, 0.0009618513868190348, -0.003322215285152197, 0.010905887931585312]], "lowlevel.mfcc.cov": [[12160.3740234375, -3935.150390625, -2797.97900390625, -690.0812377929688, -291.29949951171875, 655.6547241210938, 454.18988037109375, 258.7919921875, 198.1940155029297, -137.90213012695312, 12.572393417358398, -532.4022827148438, 119.21240997314453], [-3935.150390625, 3113.283935546875, 55.78242111206055, -21.982351303100586, 37.43608474731445, -125.89045715332031, 226.11097717285156, 77.80380249023438, 50.39897918701172, 148.52528381347656, 84.0295181274414, 77.48595428466797, -57.2386360168457], [-2797.97900390625, 55.78242111206055, 1964.0380859375, 251.25575256347656, 86.53958892822266, -123.74168395996094, -237.8361053466797, -34.709007263183594, -110.84148406982422, 1.8961923122406006, -14.798321723937988, 256.4173889160156, 3.599245548248291], [-690.0812377929688, -21.982351303100586, 251.25575256347656, 582.9766235351562, 251.89828491210938, -118.42530822753906, -118.55198669433594, -18.847131729125977, 93.18843841552734, -29.621240615844727, -77.20698547363281, 91.35052490234375, 22.267738342285156], [-291.29949951171875, 37.43608474731445, 86.53958892822266, 251.89828491210938, 385.5757141113281, -25.43244743347168, -98.71527099609375, -9.498438835144043, 81.92037200927734, 55.0789794921875, -89.18444061279297, 66.50215911865234, -16.678571701049805], [655.6547241210938, -125.89045715332031, -123.74168395996094, -118.42530822753906, -25.43244743347168, 247.0594940185547, 107.94303131103516, 42.84965896606445, 18.300064086914062, 46.363895416259766, 58.2578125, -7.52148962020874, 18.034135818481445], [454.18988037109375, 226.11097717285156, -237.8361053466797, -118.55198669433594, -98.71527099609375, 107.94303131103516, 374.1921691894531, 170.58197021484375, 36.86307144165039, 1.6247248649597168, 79.84054565429688, -22.402191162109375, 28.711881637573242], [258.7919921875, 77.80380249023438, -34.709007263183594, -18.847131729125977, -9.498438835144043, 42.84965896606445, 170.58197021484375, 253.64047241210938, 82.35027313232422, 23.476179122924805, 28.47412109375, 14.483877182006836, 31.46224021911621], [198.1940155029297, 50.39897918701172, -110.84148406982422, 93.18843841552734, 81.92037200927734, 18.300064086914062, 36.86307144165039, 82.35027313232422, 260.1678466796875, 96.83011627197266, -16.850496292114258, 19.73942756652832, 45.37790298461914], [-137.90213012695312, 148.52528381347656, 1.8961923122406006, -29.621240615844727, 55.0789794921875, 46.363895416259766, 1.6247248649597168, 23.476179122924805, 96.83011627197266, 219.8079376220703, 59.434818267822266, 30.564903259277344, 19.787860870361328], [12.572393417358398, 84.0295181274414, -14.798321723937988, -77.20698547363281, -89.18444061279297, 58.2578125, 79.84054565429688, 28.47412109375, -16.850496292114258, 59.434818267822266, 226.9270477294922, 35.30849838256836, 41.522735595703125], [-532.4022827148438, 77.48595428466797, 256.4173889160156, 91.35052490234375, 66.50215911865234, -7.52148962020874, -22.402191162109375, 14.483877182006836, 19.73942756652832, 30.564903259277344, 35.30849838256836, 167.876708984375, 51.43149185180664], [119.21240997314453, -57.2386360168457, 3.599245548248291, 22.267738342285156, -16.678571701049805, 18.034135818481445, 28.711881637573242, 31.46224021911621, 45.37790298461914, 19.787860870361328, 41.522735595703125, 51.43149185180664, 165.86480712890625]], "lowlevel.mfcc.icov": [[0.0004128975560888648, 0.0005116479587741196, 0.0004411040572449565, 0.00022786756744608283, -0.00011997873662039638, -0.0003636700566858053, -0.00021615746663883328, -0.0002505527518223971, -0.00019230264297220856, 0.00013193489576224238, -3.415362516534515e-05, 0.00033824017737060785, -0.00010740097059169784], [0.0005116479587741196, 0.001031298073939979, 0.0005362326628528535, 0.0003351908817421645, -0.00022049380640964955, -1.1314886251057032e-05, -0.0007210938492789865, -0.00018670308054424822, -0.0002300320047652349, -0.0001630671031307429, -9.355763177154586e-05, 0.00019248909666202962, 0.00011693746637320146], [0.0004411040572449565, 0.0005362326628528535, 0.0012358586536720395, -9.838405276241247e-06, 0.00015413225628435612, -0.0003337507077958435, 0.00021790761093143374, -0.0006070563686080277, 0.0003058085567317903, -7.43666896596551e-05, 0.00014824785466771573, -0.0008133912342600524, 0.00011204530164832249], [0.00022786756744608283, 0.0003351908817421645, -9.838405276241247e-06, 0.0033313927706331015, -0.0019322115695104003, 0.0008883080445230007, -4.901531428913586e-05, 0.0001483993255533278, -0.001390716410242021, 0.0014370833523571491, -0.000344821804901585, -0.0003460656735114753, -0.00040301732951775193], [-0.00011997873662039638, -0.00022049380640964955, 0.00015413225628435612, -0.0019322115695104003, 0.004875626880675554, -0.0007019448676146567, 0.0008263721247203648, -0.00027997951838187873, 3.9218699384946376e-05, -0.0015921964077278972, 0.0017812467413023114, -0.0016866347286850214, 0.0009991471888497472], [-0.0003636700566858053, -1.1314886251057032e-05, -0.0003337507077958435, 0.0008883080445230007, -0.0007019448676146567, 0.006121320184320211, -0.0015777432126924396, 0.0005937048699706793, 5.1484744290064555e-06, -0.001003348850645125, -0.0007250492926687002, -0.0005045777070336044, 2.6076790163642727e-05], [-0.00021615746663883328, -0.0007210938492789865, 0.00021790761093143374, -4.901531428913586e-05, 0.0008263721247203648, -0.0015777432126924396, 0.0057732234708964825, -0.0031031512189656496, 3.27264606312383e-05, 0.0009881540900096297, -0.0008660619496367872, 3.09018578263931e-05, -0.0001673487713560462], [-0.0002505527518223971, -0.00018670308054424822, -0.0006070563686080277, 0.0001483993255533278, -0.00027997951838187873, 0.0005937048699706793, -0.0031031512189656496, 0.00674376729875803, -0.001693153870292008, 5.866150604560971e-05, 3.6611010727938265e-05, -0.0005019375239498913, -0.00012313848128542304], [-0.00019230264297220856, -0.0002300320047652349, 0.0003058085567317903, -0.001390716410242021, 3.9218699384946376e-05, 5.1484744290064555e-06, 3.27264606312383e-05, -0.001693153870292008, 0.006681469269096851, -0.003179963445290923, 0.0014378728810697794, -0.0002262763009639457, -0.0011805726680904627], [0.00013193489576224238, -0.0001630671031307429, -7.43666896596551e-05, 0.0014370833523571491, -0.0015921964077278972, -0.001003348850645125, 0.0009881540900096297, 5.866150604560971e-05, -0.003179963445290923, 0.007582171820104122, -0.002411235822364688, 4.469184568733908e-05, -2.0412435333128087e-05], [-3.415362516534515e-05, -9.355763177154586e-05, 0.00014824785466771573, -0.000344821804901585, 0.0017812467413023114, -0.0007250492926687002, -0.0008660619496367872, 3.6611010727938265e-05, 0.0014378728810697794, -0.002411235822364688, 0.00669034942984581, -0.0018631035927683115, -0.0007666119490750134], [0.00033824017737060785, 0.00019248909666202962, -0.0008133912342600524, -0.0003460656735114753, -0.0016866347286850214, -0.0005045777070336044, 3.09018578263931e-05, -0.0005019375239498913, -0.0002262763009639457, 4.469184568733908e-05, -0.0018631035927683115, 0.010338610038161278, -0.0028202638495713472], [-0.00010740097059169784, 0.00011693746637320146, 0.00011204530164832249, -0.00040301732951775193, 0.0009991471888497472, 2.6076790163642727e-05, -0.0001673487713560462, -0.00012313848128542304, -0.0011805726680904627, -2.0412435333128087e-05, -0.0007666119490750134, -0.0028202638495713472, 0.007740033324807882]], "metadata.audio_properties.analysis.downmix": "mix", "metadata.audio_properties.codec": "mp3", "metadata.audio_properties.md5_encoded": "f25f8405b46b82e58d0126740164b600", "metadata.tags.file_name": "1183704156599484426.mp3", "metadata.version.essentia": "2.1-beta6-dev", "metadata.version.essentia_git_sha": "v2.1_beta5-1110-g77a6a954", "metadata.version.extractor": "music 2.0", "tonal.chords_key": "C#", "tonal.chords_scale": "major", "tonal.key_edma.key": "C#", "tonal.key_edma.scale": "minor", "tonal.key_krumhansl.key": "C#", "tonal.key_krumhansl.scale": "minor", "tonal.key_temperley.key": "C#", "tonal.key_temperley.scale": "minor", "metadata.tags.encoding": ["Lavf58.45.100"]}, "essentia_models": [{"model_name": "genre_dort