{"song_id": "1183713042266071050", "download": "https://cdn.discordapp.com/attachments/1135911532732108921/1183713042266071050/chirp.mp4?ex=658955ad&amp", "lyrics": "-", "style": ["MPB</span><span>, voz masculina"], "essentia_features": {"lowlevel.average_loudness": 0.9738782048225403, "lowlevel.barkbands_crest.mean": 12.570219039916992, "lowlevel.barkbands_crest.stdev": 3.3181874752044678, "lowlevel.barkbands_flatness_db.mean": 0.4324083924293518, "lowlevel.barkbands_flatness_db.stdev": 0.11089372634887695, "lowlevel.barkbands_kurtosis.mean": 42.88095474243164, "lowlevel.barkbands_kurtosis.stdev": 41.536865234375, "lowlevel.barkbands_skewness.mean": 4.0527262687683105, "lowlevel.barkbands_skewness.stdev": 2.505646228790283, "lowlevel.barkbands_spread.mean": 3.5808706283569336, "lowlevel.barkbands_spread.stdev": 5.913615703582764, "lowlevel.dissonance.mean": 0.4447188377380371, "lowlevel.dissonance.stdev": 0.050135910511016846, "lowlevel.dynamic_complexity": 1.1834834814071655, "lowlevel.erbbands_crest.mean": 14.615887641906738, "lowlevel.erbbands_crest.stdev": 3.816195249557495, "lowlevel.erbbands_flatness_db.mean": 0.28588762879371643, "lowlevel.erbbands_flatness_db.stdev": 0.08998581022024155, "lowlevel.erbbands_kurtosis.mean": 14.556275367736816, "lowlevel.erbbands_kurtosis.stdev": 15.82856273651123, "lowlevel.erbbands_skewness.mean": 3.003499746322632, "lowlevel.erbbands_skewness.stdev": 1.8364931344985962, "lowlevel.erbbands_spread.mean": 38.210350036621094, "lowlevel.erbbands_spread.stdev": 45.019142150878906, "lowlevel.hfc.mean": 13.909649848937988, "lowlevel.hfc.stdev": 9.38871955871582, "lowlevel.loudness_ebu128.integrated": -13.48770809173584, "lowlevel.loudness_ebu128.loudness_range": 1.354635238647461, "lowlevel.loudness_ebu128.momentary.mean": -13.622735977172852, "lowlevel.loudness_ebu128.momentary.stdev": 1.0806937217712402, "lowlevel.loudness_ebu128.short_term.mean": -13.464384078979492, "lowlevel.loudness_ebu128.short_term.stdev": 0.4802394211292267, "lowlevel.melbands_crest.mean": 21.341238021850586, "lowlevel.melbands_crest.stdev": 3.1952202320098877, "lowlevel.melbands_flatness_db.mean": 0.5408109426498413, "lowlevel.melbands_flatness_db.stdev": 0.13188016414642334, "lowlevel.melbands_kurtosis.mean": 125.6479263305664, "lowlevel.melbands_kurtosis.stdev": 109.23363494873047, "lowlevel.melbands_skewness.mean": 6.539761543273926, "lowlevel.melbands_skewness.stdev": 4.4077863693237305, "lowlevel.melbands_spread.mean": 1.6877366304397583, "lowlevel.melbands_spread.stdev": 3.52764630317688, "lowlevel.pitch_salience.mean": 0.35275357961654663, "lowlevel.pitch_salience.stdev": 0.09423709660768509, "lowlevel.silence_rate_20dB.mean": 0.9938223958015442, "lowlevel.silence_rate_20dB.stdev": 0.07835450768470764, "lowlevel.silence_rate_30dB.mean": 0.8486486673355103, "lowlevel.silence_rate_30dB.stdev": 0.3583887815475464, "lowlevel.silence_rate_60dB.mean": 0.00154440151527524, "lowlevel.silence_rate_60dB.stdev": 0.039268504828214645, "lowlevel.spectral_centroid.mean": 264.6474304199219, "lowlevel.spectral_centroid.stdev": 224.77964782714844, "lowlevel.spectral_complexity.mean": 4.9374518394470215, "lowlevel.spectral_complexity.stdev": 3.3917906284332275, "lowlevel.spectral_decrease.mean": -2.1059470611817233e-08, "lowlevel.spectral_decrease.stdev": 1.119696513285362e-08, "lowlevel.spectral_energy.mean": 0.08074476569890976, "lowlevel.spectral_energy.stdev": 0.042646195739507675, "lowlevel.spectral_energyband_high.mean": 0.0003900800074916333, "lowlevel.spectral_energyband_high.stdev": 0.0009820597479119897, "lowlevel.spectral_energyband_low.mean": 0.06832283735275269, "lowlevel.spectral_energyband_low.stdev": 0.04153912886977196, "lowlevel.spectral_energyband_middle_high.mean": 0.000463687174487859, "lowlevel.spectral_energyband_middle_high.stdev": 0.0008698571473360062, "lowlevel.spectral_energyband_middle_low.mean": 0.02476905845105648, "lowlevel.spectral_energyband_middle_low.stdev": 0.013821366243064404, "lowlevel.spectral_entropy.mean": 5.425939083099365, "lowlevel.spectral_entropy.stdev": 1.2509301900863647, "lowlevel.spectral_flux.mean": 0.05710780993103981, "lowlevel.spectral_flux.stdev": 0.06184975057840347, "lowlevel.spectral_kurtosis.mean": 27.386947631835938, "lowlevel.spectral_kurtosis.stdev": 33.82576370239258, "lowlevel.spectral_rms.mean": 0.00868302583694458, "lowlevel.spectral_rms.stdev": 0.0018386241281405091, "lowlevel.spectral_rolloff.mean": 181.7938995361328, "lowlevel.spectral_rolloff.stdev": 329.534912109375, "lowlevel.spectral_skewness.mean": 3.693775177001953, "lowlevel.spectral_skewness.stdev": 2.5472304821014404, "lowlevel.spectral_spread.mean": 4347712.0, "lowlevel.spectral_spread.stdev": 2957554.75, "lowlevel.spectral_strongpeak.mean": 0.8386517763137817, "lowlevel.spectral_strongpeak.stdev": 0.4625278115272522, "lowlevel.zerocrossingrate.mean": 0.015356162562966347, "lowlevel.zerocrossingrate.stdev": 0.018043769523501396, "metadata.audio_properties.analysis.equal_loudness": 0.0, "metadata.audio_properties.analysis.length": 30.03628158569336, "metadata.audio_properties.analysis.sample_rate": 44100.0, "metadata.audio_properties.analysis.start_time": 0.0, "metadata.audio_properties.bit_rate": 117465.0, "metadata.audio_properties.length": 30.03733253479004, "metadata.audio_properties.lossless": 0.0, "metadata.audio_properties.number_channels": 1.0, "metadata.audio_properties.replay_gain": -10.134855270385742, "metadata.audio_properties.sample_rate": 48000.0, "rhythm.beats_count": 53.0, "rhythm.beats_loudness.mean": 0.1110740527510643, "rhythm.beats_loudness.stdev": 0.08059104532003403, "rhythm.bpm": 108.23080444335938, "rhythm.bpm_histogram_first_peak_bpm": 108.0, "rhythm.bpm_histogram_first_peak_weight": 0.3265306353569031, "rhythm.bpm_histogram_second_peak_bpm": 99.0, "rhythm.bpm_histogram_second_peak_spread": 0.3333333730697632, "rhythm.bpm_histogram_second_peak_weight": 0.03846153989434242, "rhythm.danceability": 1.2044724225997925, "rhythm.onset_rate": 3.6595633029937744, "tonal.chords_changes_rate": 0.03086419776082039, "tonal.chords_number_rate": 0.004629629664123058, "tonal.chords_strength.mean": 0.4932946562767029, "tonal.chords_strength.stdev": 0.06960336118936539, "tonal.hpcp_crest.mean": 16.324113845825195, "tonal.hpcp_crest.stdev": 3.4717705249786377, "tonal.hpcp_entropy.mean": 1.3611211776733398, "tonal.hpcp_entropy.stdev": 0.5404475331306458, "tonal.key_edma.strength": 0.7303436398506165, "tonal.key_krumhansl.strength": 0.7168967127799988, "tonal.key_temperley.strength": 0.6940963864326477, "tonal.tuning_diatonic_strength": 0.5624328851699829, "tonal.tuning_equal_tempered_deviation": 0.07366827130317688, "tonal.tuning_frequency": 438.98455810546875, "tonal.tuning_nontempered_energy_ratio": 0.6402230262756348, "lowlevel.barkbands.mean": [0.00018299146904610097, 0.018807100132107735, 0.03613675385713577, 0.01660720258951187, 0.007837221957743168, 0.0001250500208698213, 0.00014795284369029105, 2.0681698515545577e-05, 2.3466178390663117e-05, 3.905593621311709e-05, 3.109372846665792e-05, 0.00010927998664556071, 1.6939215129241347e-05, 1.805364081519656e-05, 5.625956328003667e-05, 8.10448982520029e-05, 5.5184809752972797e-05, 2.930156551883556e-05, 1.6076086467364803e-05, 4.187639206065796e-05, 4.7600613470422104e-05, 6.411223148461431e-05, 8.72512609930709e-05, 5.468581730383448e-05, 8.959687693277374e-05, 1.9095763491350226e-05, 2.0275283674209277e-08], "lowlevel.barkbands.stdev": [0.0013188202865421772, 0.03312155604362488, 0.021587597206234932, 0.010277828201651573, 0.007167957257479429, 0.0006304923444986343, 0.0004636008234228939, 8.194312249543145e-05, 0.00011244645429542288, 0.0001329129299847409, 0.00018287212878931314, 0.00011342336074449122, 6.5943859226536e-05, 7.552938041044399e-05, 0.0002928009198512882, 0.00032050220761448145, 0.00018206480308435857, 8.357236947631463e-05, 5.2626994147431105e-05, 0.00010701141582103446, 0.0001271353685297072, 0.0002051733754342422, 0.0002682945050764829, 0.000144370918860659, 0.0002734880254138261, 6.149905675556511e-05, 2.0550891122184112e-07], "lowlevel.erbbands.mean": [0.19357313215732574, 5.685070514678955, 36.14257049560547, 60.8984489440918, 43.8830451965332, 11.680195808410645, 1.9732577800750732, 0.7597487568855286, 2.304137945175171, 0.9496212601661682, 0.5229450464248657, 0.5423020720481873, 0.7967981696128845, 1.765891432762146, 1.4321167469024658, 5.258565425872803, 1.0728073120117188, 0.8421595692634583, 1.8402304649353027, 4.0566182136535645, 4.187475681304932, 3.4052085876464844, 2.007063388824463, 0.7272971868515015, 1.016219139099121, 1.88860285282135, 2.298300266265869, 1.6009756326675415, 1.9073137044906616, 3.3732101917266846, 2.0957415103912354, 1.0350483655929565, 1.1232026815414429, 1.2304190397262573, 0.46540531516075134, 0.1603635549545288, 0.01965637505054474, 0.0008563915034756064, 6.431587826227769e-05, 9.124579810304567e-05], "lowlevel.erbbands.stdev": [0.9682957530021667, 7.556548595428467, 15.610673904418945, 42.01714324951172, 33.25822067260742, 11.125213623046875, 8.565896034240723, 2.515305280685425, 6.962972164154053, 2.8482470512390137, 1.9143824577331543, 2.47971773147583, 3.124987840652466, 9.106428146362305, 3.937378168106079, 4.913661956787109, 2.8440961837768555, 3.018333911895752, 9.86697769165039, 19.351234436035156, 16.349090576171875, 10.57884693145752, 5.367262363433838, 1.7164264917373657, 3.462618112564087, 4.809509754180908, 5.746513843536377, 4.534538745880127, 5.946278095245361, 10.81796932220459, 6.436281681060791, 3.0200250148773193, 2.9601521492004395, 3.7187230587005615, 1.4650336503982544, 0.524917721748352, 0.06724533438682556, 0.0030635842122137547, 8.888900629244745e-05, 4.713220914709382e-05], "lowlevel.gfcc.mean": [-133.66802978515625, 119.63525390625, -27.155330657958984, 77.5743408203125, -11.704276084899902, 40.2635498046875, -27.724040985107422, -20.040298461914062, -45.92815017700195, -21.51677131652832, -12.432852745056152, -9.85523796081543, -9.64416217803955], "lowlevel.melbands.mean": [0.0032595370430499315, 0.015392630361020565, 0.009534955956041813, 0.0019652736373245716, 6.18390622548759e-05, 1.8186252418672666e-05, 3.476766141830012e-05, 8.372679076273926e-06, 4.096784323337488e-06, 3.388627192180138e-06, 3.921185452782083e-06, 7.101724349922733e-06, 3.8105531530163717e-06, 1.2355933904473204e-05, 7.044434823910706e-06, 1.3559149465436349e-06, 1.460779458284378e-06, 2.6585471459839027e-06, 4.381869075587019e-06, 5.8977707340091e-06, 4.288521267881151e-06, 3.277072892160504e-06, 3.2354189443140058e-06, 8.583763815295242e-07, 5.259756790110259e-07, 6.537844683407457e-07, 9.153492896984972e-07, 1.3544787407226977e-06, 1.4968653658797848e-06, 1.2787056675733766e-06, 7.71511281527637e-07, 9.007532639770943e-07, 1.5971312450346886e-06, 2.02044247998856e-06, 1.2959814057467156e-06, 8.014774834919081e-07, 5.676178034264012e-07, 7.133304507078719e-07, 9.517168564343592e-07, 1.0858052519324701e-06], "lowlevel.melbands.stdev": [0.00894744973629713, 0.007378593552857637, 0.006094343028962612, 0.0016972897574305534, 0.0002555696410126984, 6.741863762727007e-05, 0.00010524579556658864, 2.537276850489434e-05, 1.562188845127821e-05, 1.6196456272155046e-05, 1.5839957995922305e-05, 3.52215938619338e-05, 1.520826481282711e-05, 1.3600651982415002e-05, 9.469436918152496e-06, 4.521642949839588e-06, 5.326096925273305e-06, 1.6327905541402288e-05, 2.3911175958346575e-05, 2.433941699564457e-05, 1.662962131376844e-05, 1.1565376553335227e-05, 9.467022209719289e-06, 2.033845248661237e-06, 1.3585024589701788e-06, 2.3171178327174857e-06, 3.0247097129176836e-06, 3.405387133170734e-06, 3.7321974559745286e-06, 3.55114093508746e-06, 2.3149466414906783e-06, 2.7872638383996673e-06, 5.512376901606331e-06, 6.548677902173949e-06, 4.1580074139346834e-06, 2.417812765997951e-06, 1.730705321278947e-06, 1.932996610776172e-06, 2.7297514861857053e-06, 3.380629550520098e-06], "lowlevel.melbands128.mean": [0.00015437486581504345, 0.000936737866140902, 0.0023705025669187307, 0.011578378267586231, 0.017770489677786827, 0.017700137570500374, 0.014264583587646484, 0.005458885803818703, 0.004959413781762123, 0.001972953323274851, 0.00012822358985431492, 6.500942254206166e-05, 6.520729948533699e-05, 2.586332630016841e-05, 9.008565029944293e-06, 1.7480972019257024e-05, 2.845885683200322e-05, 5.1867511501768604e-05, 2.4904134988901205e-05, 4.789186277776025e-06, 3.6005096717417473e-06, 4.320177595218411e-06, 4.5266565393831115e-06, 3.327212425574544e-06, 3.4689776384766446e-06, 3.227050228815642e-06, 3.517216327963979e-06, 3.7248009903123602e-06, 4.113105660508154e-06, 7.127179287635954e-06, 9.514154953649268e-06, 4.759197054227116e-06, 2.5932381504389923e-06, 3.5635368931252742e-06, 4.418542175699258e-06, 1.9139393771183677e-05, 2.121205034200102e-05, 2.2434619495470542e-06, 2.7838100322696846e-06, 1.443837390979752e-06, 8.890653475646104e-07, 1.2660610764214653e-06, 1.7499244222562993e-06, 1.3719997014050023e-06, 1.391813270856801e-06, 4.122408881812589e-06, 2.3920572402857943e-06, 2.456337824696675e-06, 6.672087693004869e-06, 6.648745511483867e-06, 3.750526730073034e-06, 8.046914445003495e-06, 5.656341272697318e-06, 2.1337791622499935e-06, 2.354186108277645e-06, 3.3459898531873478e-06, 4.33105242336751e-06, 3.668477575047291e-06, 3.359312813699944e-06, 1.2565984661705443e-06, 6.85696875279973e-07, 4.7665866986790206e-07, 5.09499898271315e-07, 5.210213771533745e-07, 5.868600396752299e-07, 6.74222576435568e-07, 6.927713229742949e-07, 6.541077368638071e-07, 1.0576583235888393e-06, 1.1457298114692094e-06, 1.1286213066341588e-06, 1.6132704558913247e-06, 1.7559752905071946e-06, 1.3356484487303533e-06, 1.4318128478407743e-06, 1.318066097155679e-06, 1.3150884115020745e-06, 9.000555678539968e-07, 6.250255637496593e-07, 6.533375085382431e-07, 9.013248245537397e-07, 9.579802053849562e-07, 1.068478127308481e-06, 1.7314603155682562e-06, 1.9469916878733784e-06, 2.0442751065274933e-06, 2.131083192580263e-06, 1.7912243492901325e-06, 1.1650125770756858e-06, 1.0373854593126453e-06, 9.658455155658885e-07, 7.536781936323678e-07, 4.832143076782813e-07, 5.647497687277792e-07, 5.853862035110069e-07, 6.294609988799493e-07, 7.233822429952852e-07, 8.956662895798218e-07, 7.82526967668673e-07, 1.0964237162625068e-06, 1.2575335404108046e-06, 1.1627325875451788e-06, 7.940540740491997e-07, 5.443055783871387e-07, 3.580234135824867e-07, 5.19877289661963e-07, 5.050299023423577e-07, 3.552154623776005e-07, 2.702196013615321e-07, 1.795794588588251e-07, 1.0839308117738256e-07, 5.7670039410595564e-08, 5.7776009754206825e-08, 1.910722069453641e-08, 1.149833206426365e-08, 2.3331783172153564e-09, 6.465966650992527e-10, 1.9958184410695523e-11, 1.2158414899876568e-11, 1.1800741807344028e-11, 1.152102111628972e-11, 1.1275994894754948e-11, 1.1015214781973093e-11, 1.0822218989015031e-11, 1.0629118245286673e-11, 1.0413816510512763e-11, 1.0281066796513638e-11, 1.0219008798884044e-11], "lowlevel.melbands128.stdev": [0.0012264767428860068, 0.007283583749085665, 0.014099414460361004, 0.013236151076853275, 0.009673327207565308, 0.014354039914906025, 0.010411220602691174, 0.0039530531503260136, 0.004431431647390127, 0.0018703483510762453, 0.000372272013919428, 0.0002730876731220633, 0.00041615701047703624, 0.00017251171811949462, 4.8308495024684817e-05, 5.730045086238533e-05, 9.095502173295245e-05, 0.00018491219088900834, 9.353751374874264e-05, 1.8582988559501246e-05, 1.934008287207689e-05, 2.0121158740948886e-05, 1.8712938981479965e-05, 1.6157349818968214e-05, 1.772022915247362e-05, 1.7507843949715607e-05, 1.9776207409449853e-05, 1.698123014648445e-05, 1.914429958560504e-05, 2.7331823730492033e-05, 7.07956132828258e-05, 3.212107185390778e-05, 1.2568233614729252e-05, 1.8472019291948527e-05, 1.8034575987257995e-05, 1.9088165572611615e-05, 1.9861912733176723e-05, 8.55235612107208e-06, 1.5840128980926238e-05, 4.674138835980557e-06, 3.388963250472443e-06, 5.07971026308951e-06, 8.213361070374958e-06, 4.9657555791782215e-06, 6.621095508307917e-06, 3.3614451240282506e-05, 1.5062863894854672e-05, 1.732309283397626e-05, 4.606188667821698e-05, 4.1515479097142816e-05, 2.0133735233685002e-05, 4.4939359213458374e-05, 2.622116335260216e-05, 9.053313078766223e-06, 1.2122570296924096e-05, 1.6873889762791805e-05, 1.5133991837501526e-05, 1.4050569916435052e-05, 1.235982017533388e-05, 3.67324287253723e-06, 2.1406783616839675e-06, 1.1090531870650011e-06, 1.2616148978850106e-06, 1.5690472991991555e-06, 2.252637614219566e-06, 2.4355501864192775e-06, 3.1886447686702013e-06, 2.7862261049449444e-06, 3.857796855299966e-06, 3.544653054632363e-06, 3.2916821055550827e-06, 4.30939417128684e-06, 4.701230864156969e-06, 3.706342567966203e-06, 4.29439933213871e-06, 3.886405011144234e-06, 4.042271939397324e-06, 3.224667352696997e-06, 1.9563922251109034e-06, 2.078237912428449e-06, 3.4048500765493372e-06, 3.0464070732705295e-06, 3.9702540561847854e-06, 6.763893907191232e-06, 6.712174126732862e-06, 7.211071078927489e-06, 7.28482928025187e-06, 6.484177447418915e-06, 4.275864284863928e-06, 3.521002781781135e-06, 3.0186374715412967e-06, 2.5207593807863304e-06, 1.614291704754578e-06, 2.0059439975739224e-06, 1.8043477894025273e-06, 1.861673581515788e-06, 2.2054941837268416e-06, 2.533750148359104e-06, 2.3931054329295876e-06, 3.4924003102787538e-06, 4.196539521217346e-06, 3.7789907310070703e-06, 2.589808673292282e-06, 1.6711560419935267e-06, 1.302046484852326e-06, 2.060575752693694e-06, 1.8292962522536982e-06, 1.223488197865663e-06, 9.316005957771267e-07, 6.158732048788806e-07, 4.250655933901726e-07, 2.461479766679986e-07, 2.540231491821032e-07, 8.276351337599408e-08, 6.020003695539344e-08, 1.9359335468038807e-08, 6.93021018349782e-09, 1.0386389664995832e-10, 1.5590176719038062e-11, 1.5060740848893417e-11, 1.4724468172522265e-11, 1.4356391943304292e-11, 1.4055949112967703e-11, 1.3816780185249566e-11, 1.3613005687973523e-11, 1.3451862887481347e-11, 1.3334394352582102e-11, 1.3262139650360716e-11], "lowlevel.mfcc.mean": [-810.59228515625, 137.50973510742188, 66.23135375976562, 61.899173736572266, 47.991153717041016, 49.101070404052734, 35.12086868286133, 14.716094017028809, 0.4621758759021759, -20.603052139282227, -15.640157699584961, 5.954641342163086, 11.65041732788086], "lowlevel.spectral_contrast_coeffs.mean": [-0.4603192210197449, -0.7999576926231384, -0.7294458150863647, -0.8206075429916382, -0.8274290561676025, -0.7926547527313232], "lowlevel.spectral_contrast_coeffs.stdev": [0.057933155447244644, 0.07315266132354736, 0.05769940838217735, 0.06256187707185745, 0.05384161323308945, 0.04936638101935387], "lowlevel.spectral_contrast_valleys.mean": [-7.198534965515137, -9.186452865600586, -9.575644493103027, -9.880537986755371, -9.42861270904541, -11.569061279296875], "lowlevel.spectral_contrast_valleys.stdev": [0.5810679197311401, 0.9841742515563965, 1.0703366994857788, 1.1967424154281616, 1.2468783855438232, 1.4419420957565308], "rhythm.beats_loudness_band_ratio.mean": [0.9606949687004089, 0.07395247370004654, 0.004312755540013313, 0.007365498226135969, 0.005800458136945963, 0.007548963185399771], "rhythm.beats_loudness_band_ratio.stdev": [0.03450625389814377, 0.06946201622486115, 0.008093992248177528, 0.012828661128878593, 0.011394050903618336, 0.012000548653304577], "tonal.hpcp.mean": [0.005376052111387253, 0.0033140797168016434, 0.0013209101743996143, 0.0022271438501775265, 0.0029155800584703684, 0.0021404512226581573, 0.0029334225691854954, 0.009976624511182308, 0.12470623105764389, 0.23558470606803894, 0.12244047969579697, 0.0063111986964941025, 0.004946722649037838, 0.005769659765064716, 0.07431235164403915, 0.27574002742767334, 0.21528568863868713, 0.011209347285330296, 0.001033106935210526, 0.001059186179190874, 0.002121696947142482, 0.0014052604092285037, 0.0011266785440966487, 0.001969204982742667, 0.0014940432738512754, 0.001509297639131546, 0.003765944391489029, 0.006937258876860142, 0.01605733297765255, 0.4187697470188141, 0.7779178023338318, 0.3787171244621277, 0.01023143995553255, 0.0029388985130935907, 0.0015169003745540977, 0.003922984004020691], "tonal.hpcp.stdev": [0.053682565689086914, 0.03688332810997963, 0.006262095179408789, 0.029815884307026863, 0.0409543551504612, 0.021846424788236618, 0.027125002816319466, 0.08488297462463379, 0.23527079820632935, 0.4182841181755066, 0.23341284692287445, 0.054728105664253235, 0.05323980003595352, 0.05104057863354683, 0.10220959037542343, 0.25022318959236145, 0.20794054865837097, 0.0639636218547821, 0.011918059550225735, 0.01020917296409607, 0.02545703575015068, 0.01589841954410076, 0.010084422305226326, 0.0164019875228405, 0.013918912969529629, 0.019187571480870247, 0.04250973463058472, 0.06200326234102249, 0.09192894399166107, 0.2365356832742691, 0.3696874976158142, 0.2119486927986145, 0.06578497588634491, 0.027081340551376343, 0.014332743361592293, 0.049756456166505814], "rhythm.beats_position": [0.5921088457107544, 1.1842176914215088, 1.7879364490509033, 2.391655206680298, 2.9605441093444824, 3.529433012008667, 4.086711883544922, 4.643990993499756, 5.201269626617432, 5.758548736572266, 6.315827369689941, 6.873106479644775, 7.41877555847168, 7.964444160461426, 8.521722793579102, 9.079002380371094, 9.63628101348877, 10.181949615478516, 10.739229202270508, 11.296507835388184, 11.84217643737793, 12.399456024169922, 12.945124626159668, 13.490793228149414, 14.04807186126709, 14.605351448059082, 15.162630081176758, 15.719908714294434, 16.27718734741211, 16.822856903076172, 17.368526458740234, 17.925804138183594, 18.483083724975586, 19.040363311767578, 19.597640991210938, 20.143310546875, 20.688980102539062, 21.246257781982422, 21.803537368774414, 22.360815048217773, 22.918094635009766, 23.475374221801758, 24.032651901245117, 24.58993148803711, 25.135601043701172, 25.6812686920166, 26.238548278808594, 26.795827865600586, 27.341495513916016, 27.887165069580078, 28.44444465637207, 29.00172233581543, 29.559001922607422], "rhythm.bpm_histogram": [0.0, 0.0, 0.0, 0.0, 0.0, 0.0, 0.0, 0.0, 0.0, 0.0, 0.0, 0.0, 0.0, 0.0, 0.0, 0.0, 0.0, 0.0, 0.0, 0.0, 0.0, 0.0, 0.0, 0.0, 0.0, 0.0, 0.0, 0.0, 0.0, 0.0, 0.0, 0.0, 0.0, 0.0, 0.0, 0.0, 0.0, 0.0, 0.0, 0.0, 0.0, 0.0, 0.0, 0.0, 0.0, 0.0, 0.0, 0.0, 0.0, 0.0, 0.0, 0.0, 0.0, 0.0, 0.0, 0.0, 0.0, 0.0, 0.0, 0.0, 0.0, 0.0, 0.0, 0.0, 0.0, 0.0, 0.0, 0.0, 0.0, 0.0, 0.0, 0.0, 0.0, 0.0, 0.0, 0.0, 0.0, 0.0, 0.0, 0.0, 0.0, 0.0, 0.0, 0.0, 0.0, 0.0, 0.0, 0.0, 0.0, 0.0, 0.0, 0.0, 0.0, 0.0, 0.0, 0.0, 0.0, 0.0, 0.0, 0.03846153989434242, 0.0, 0.01923076994717121, 0.0, 0.0, 0.0, 0.03846153989434242, 0.0, 0.0, 0.6346153616905212, 0.0, 0.26923078298568726, 0.0, 0.0, 0.0, 0.0, 0.0, 0.0, 0.0, 0.0, 0.0, 0.0, 0.0, 0.0, 0.0, 0.0, 0.0, 0.0, 0.0, 0.0, 0.0, 0.0, 0.0, 0.0, 0.0, 0.0, 0.0, 0.0, 0.0, 0.0, 0.0, 0.0, 0.0, 0.0, 0.0, 0.0, 0.0, 0.0, 0.0, 0.0, 0.0, 0.0, 0.0, 0.0, 0.0, 0.0, 0.0, 0.0, 0.0, 0.0, 0.0, 0.0, 0.0, 0.0, 0.0, 0.0, 0.0, 0.0, 0.0, 0.0, 0.0, 0.0, 0.0, 0.0, 0.0, 0.0, 0.0, 0.0, 0.0, 0.0, 0.0, 0.0, 0.0, 0.0, 0.0, 0.0, 0.0, 0.0, 0.0, 0.0, 0.0, 0.0, 0.0, 0.0, 0.0, 0.0, 0.0, 0.0, 0.0, 0.0, 0.0, 0.0, 0.0, 0.0, 0.0, 0.0, 0.0, 0.0, 0.0, 0.0, 0.0, 0.0, 0.0, 0.0, 0.0, 0.0, 0.0, 0.0, 0.0, 0.0, 0.0, 0.0, 0.0, 0.0, 0.0, 0.0, 0.0, 0.0, 0.0, 0.0, 0.0, 0.0, 0.0, 0.0, 0.0, 0.0, 0.0, 0.0, 0.0, 0.0, 0.0, 0.0, 0.0, 0.0, 0.0, 0.0, 0.0, 0.0, 0.0, 0.0, 0.0], "tonal.chords_histogram": [3.8580245971679688, 0.0, 49.074073791503906, 0.0, 0.0, 0.0, 0.0, 0.0, 0.0, 47.067901611328125, 0.0, 0.0, 0.0, 0.0, 0.0, 0.0, 0.0, 0.0, 0.0, 0.0, 0.0, 0.0, 0.0, 0.0], "tonal.thpcp": [1.0, 0.4868343770503998, 0.013152340427041054, 0.00377790373750031, 0.0019499494228512049, 0.005042928736656904, 0.006910822819918394, 0.00426019262522459, 0.0016980073414742947, 0.0028629552107304335, 0.003747928189113736, 0.002751513384282589, 0.003770864335820079, 0.012824779376387596, 0.16030772030353546, 0.30284011363983154, 0.157395139336586, 0.008112938143312931, 0.0063589271157979965, 0.007416798733174801, 0.09552725404500961, 0.35445907711982727, 0.27674606442451477, 0.014409423805773258, 0.001328041311353445, 0.0013615656644105911, 0.0027274051681160927, 0.0018064382020384073, 0.0014483259292319417, 0.0025313792284578085, 0.0019205670105293393, 0.0019401762401685119, 0.004841057118028402, 0.008917727507650852, 0.020641425624489784, 0.538321316242218], "lowlevel.gfcc.cov": [[8095.986328125, -3009.2685546875, -1863.7158203125, 680.17822265625, -1656.728759765625, -116.94367980957031, -1163.1407470703125, 1483.5238037109375, 38.2532844543457, 421.99053955078125, -757.4520263671875, -251.35443115234375, 43.96458435058594], [-3009.2685546875, 2325.2490234375, 259.0549011230469, -833.6143798828125, 848.443603515625, -212.54351806640625, 430.6968078613281, -486.3990478515625, 163.07838439941406, -262.8498840332031, 376.2314758300781, -100.43982696533203, 163.00772094726562], [-1863.7158203125, 259.0549011230469, 1163.1279296875, -0.6198379397392273, 235.32803344726562, 183.455810546875, 292.7773742675781, -412.7773742675781, -180.42918395996094, -28.574655532836914, 195.48101806640625, 202.26637268066406, -121.60308074951172], [680.17822265625, -833.6143798828125, -0.6198379397392273, 697.7451171875, -157.08377075195312, 115.36285400390625, 31.317209243774414, -64.90333557128906, -22.325979232788086, 35.23653793334961, -73.88736724853516, 111.50369262695312, -89.39457702636719], [-1656.728759765625, 848.443603515625, 235.32803344726562, -157.08377075195312, 704.397705078125, -28.34803581237793, 170.84523010253906, -273.53692626953125, 53.53553009033203, -92.05594635009766, 153.80804443359375, 32.513492584228516, 31.669822692871094], [-116.94367980957031, -212.54351806640625, 183.455810546875, 115.36285400390625, -28.34803581237793, 244.89190673828125, 142.94863891601562, -121.34266662597656, -22.05243682861328, 7.237914562225342, -3.535139560699463, 51.48377227783203, -62.07102966308594], [-1163.1407470703125, 430.6968078613281, 292.7773742675781, 31.317209243774414, 170.84523010253906, 142.94863891601562, 436.174560546875, -334.5280456542969, 14.893360137939453, -82.11270904541016, 134.35816955566406, 56.82486343383789, -47.098514556884766], [1483.5238037109375, -486.3990478515625, -412.7773742675781, -64.90333557128906, -273.53692626953125, -121.34266662597656, -334.5280456542969, 491.7694091796875, 26.041467666625977, 101.06580352783203, -139.28018188476562, -91.10791015625, 42.90592575073242], [38.2532844543457, 163.07838439941406, -180.42918395996094, -22.325979232788086, 53.53553009033203, -22.05243682861328, 14.893360137939453, 26.041467666625977, 145.7277374267578, -7.367946147918701, -7.02545166015625, -38.27824020385742, 30.691757202148438], [421.99053955078125, -262.8498840332031, -28.574655532836914, 35.23653793334961, -92.05594635009766, 7.237914562225342, -82.11270904541016, 101.06580352783203, -7.367946147918701, 139.31198120117188, -51.86338806152344, -15.695165634155273, 8.499813079833984], [-757.4520263671875, 376.2314758300781, 195.48101806640625, -73.88736724853516, 153.80804443359375, -3.535139560699463, 134.35816955566406, -139.28018188476562, -7.02545166015625, -51.86338806152344, 146.4368438720703, 20.909259796142578, -10.571023941040039], [-251.35443115234375, -100.43982696533203, 202.26637268066406, 111.50369262695312, 32.513492584228516, 51.48377227783203, 56.82486343383789, -91.10791015625, -38.27824020385742, -15.695165634155273, 20.909259796142578, 114.98815155029297, -49.58083724975586], [43.96458435058594, 163.00772094726562, -121.60308074951172, -89.39457702636719, 31.669822692871094, -62.07102966308594, -47.098514556884766, 42.90592575073242, 30.691757202148438, 8.499813079833984, -10.571023941040039, -49.58083724975586, 92.6324691772461]], "lowlevel.gfcc.icov": [[0.001112873898819089, -0.002118620090186596, 0.0009244394022971392, -0.002506110118702054, 0.0018841230776160955, -0.0022434196434915066, 0.0017539628315716982, -0.002718526404350996, 0.0016860195901244879, -0.001407471252605319, 0.0022433169651776552, -0.0005391250015236437, 0.001536560244858265], [-0.002118620090186596, 0.019542070105671883, -0.0022207419387996197, 0.01747535727918148, -0.009282690472900867, 0.015099559910595417, -0.010183921083807945, 0.014332998543977737, -0.013134656473994255, 0.010240687057375908, -0.015067750588059425, 0.005725023802369833, -0.013202186673879623], [0.0009244394022971392, -0.0022207419387996197, 0.003279217053204775, -0.0018026711186394095, 0.001572866109199822, -0.0029564984142780304, 0.0017526163719594479, -0.0014963264111429453, 0.003583429381251335, -0.0027762630488723516, 0.0002810936712194234, -0.0033000775147229433, 0.002432816196233034], [-0.002506110118702054, 0.01747535727918148, -0.0018026711186394095, 0.01838679052889347, -0.0085078040137887, 0.013661399483680725, -0.009485671296715736, 0.014529111795127392, -0.012041016481816769, 0.008507922291755676, -0.013086867518723011, 0.002589744981378317, -0.010572890751063824], [0.0018841230776160955, -0.009282690472900867, 0.001572866109199822, -0.0085078040137887, 0.007733913604170084, -0.007419515401124954, 0.005966304335743189, -0.00667152414098382, 0.005180478096008301, -0.00492908526211977, 0.006459695752710104, -0.003368775360286236, 0.005472918041050434], [-0.0022434196434915066, 0.015099559910595417, -0.0029564984142780304, 0.013661399483680725, -0.007419515401124954, 0.01931101828813553, -0.010774058289825916, 0.012486954219639301, -0.010593056678771973, 0.007078293710947037, -0.008753725327551365, 0.004644951317459345, -0.0076413266360759735], [0.0017539628315716982, -0.010183921083807945, 0.0017526163719594479, -0.009485671296715736, 0.005966304335743189, -0.010774058289825916, 0.012380233965814114, -0.0050890264101326466, 0.005201083142310381, -0.004967539571225643, 0.004780648276209831, -0.0025160773657262325, 0.007559042423963547], [-0.002718526404350996, 0.014332998543977737, -0.0014963264111429453, 0.014529111795127392, -0.00667152414098382, 0.012486954219639301, -0.0050890264101326466, 0.018620233982801437, -0.010761273093521595, 0.005872004199773073, -0.011538050137460232, 0.004387941677123308, -0.008380262181162834], [0.0016860195901244879, -0.013134656473994255, 0.003583429381251335, -0.012041016481816769, 0.005180478096008301, -0.010593056678771973, 0.005201083142310381, -0.010761273093521595, 0.01919696480035782, -0.007269405294209719, 0.010291097685694695, -0.0033159584272652864, 0.007862881757318974], [-0.001407471252605319, 0.010240687057375908, -0.0027762630488723516, 0.008507922291755676, -0.00492908526211977, 0.007078293710947037, -0.004967539571225643, 0.005872004199773073, -0.007269405294209719, 0.01560196839272976, -0.006256193853914738, 0.004928345326334238, -0.008703269064426422], [0.0022433169651776552, -0.015067750588059425, 0.0002810936712194234, -0.013086867518723011, 0.006459695752710104, -0.008753725327551365, 0.004780648276209831, -0.011538050137460232, 0.010291097685694695, -0.006256193853914738, 0.027335871011018753, -0.0028491534758359194, 0.011649602092802525], [-0.0005391250015236437, 0.005725023802369833, -0.0033000775147229433, 0.002589744981378317, -0.003368775360286236, 0.004644951317459345, -0.0025160773657262325, 0.004387941677123308, -0.0033159584272652864, 0.004928345326334238, -0.0028491534758359194, 0.019523266702890396, 7.1963484515436e-05], [0.001536560244858265, -0.013202186673879623, 0.002432816196233034, -0.010572890751063824, 0.005472918041050434, -0.0076413266360759735, 0.007559042423963547, -0.008380262181162834, 0.007862881757318974, -0.008703269064426422, 0.011649602092802525, 7.1963484515436e-05, 0.026583561673760414]], "lowlevel.mfcc.cov": [[10568.3427734375, -3909.652587890625, -1138.7933349609375, -604.1309204101562, -472.3591003417969, -1598.33349609375, -802.1797485351562, -465.8353576660156, 639.7892456054688, 412.8735656738281, 104.54248809814453, -407.2049865722656, -346.78680419921875], [-3909.652587890625, 3107.60107421875, -341.6860046386719, -220.46820068359375, 281.9483337402344, 143.82785034179688, 246.06411743164062, -6.869597434997559, -71.58184814453125, -101.56049346923828, 3.4766135215759277, 82.92142486572266, 66.26607513427734], [-1138.7933349609375, -341.6860046386719, 998.4088134765625, 174.77439880371094, -150.899169921875, 370.90557861328125, 159.87879943847656, 120.66980743408203, -201.4750213623047, -119.72504425048828, -63.099571228027344, 91.39862060546875, 111.2602310180664], [-604.1309204101562, -220.46820068359375, 174.77439880371094, 470.504150390625, 62.197818756103516, 292.5632019042969, 46.08582305908203, 109.11468505859375, -85.62020874023438, -60.6879997253418, -12.090377807617188, 94.06651306152344, 73.0969009399414], [-472.3591003417969, 281.9483337402344, -150.899169921875, 62.197818756103516, 349.6523132324219, -38.96662902832031, -3.809267044067383, -30.750295639038086, 26.913042068481445, -52.03288650512695, 3.7013540267944336, 51.98546600341797, 44.62786102294922], [-1598.33349609375, 143.82785034179688, 370.90557861328125, 292.5632019042969, -38.96662902832031, 797.2130126953125, 163.01307678222656, 239.62294006347656, -176.50772094726562, 25.005958557128906, 24.867183685302734, 36.132545471191406, 34.312564849853516], [-802.1797485351562, 246.06411743164062, 159.87879943847656, 46.08582305908203, -3.809267044067383, 163.01307678222656, 189.1094512939453, 54.82975387573242, -76.41915893554688, -13.756461143493652, -1.602336049079895, 16.757862091064453, 36.712406158447266], [-465.8353576660156, -6.869597434997559, 120.66980743408203, 109.11468505859375, -30.750295639038086, 239.62294006347656, 54.82975387573242, 236.40252685546875, -82.53560638427734, 8.216989517211914, 21.665180206298828, 15.697972297668457, -22.16781234741211], [639.7892456054688, -71.58184814453125, -201.4750213623047, -85.62020874023438, 26.913042068481445, -176.50772094726562, -76.41915893554688, -82.53560638427734, 170.86923217773438, 44.221675872802734, 11.279367446899414, -38.28789138793945, 4.804853916168213], [412.8735656738281, -101.56049346923828, -119.72504425048828, -60.6879997253418, -52.03288650512695, 25.005958557128906, -13.756461143493652, 8.216989517211914, 44.221675872802734, 148.96066284179688, 49.58983612060547, -53.10807800292969, -25.202064514160156], [104.54248809814453, 3.4766135215759277, -63.099571228027344, -12.090377807617188, 3.7013540267944336, 24.867183685302734, -1.602336049079895, 21.665180206298828, 11.279367446899414, 49.58983612060547, 110.7982177734375, -5.188222408294678, -15.843268394470215], [-407.2049865722656, 82.92142486572266, 91.39862060546875, 94.06651306152344, 51.98546600341797, 36.132545471191406, 16.757862091064453, 15.697972297668457, -38.28789138793945, -53.10807800292969, -5.188222408294678, 103.0222396850586, 33.467628479003906], [-346.78680419921875, 66.26607513427734, 111.2602310180664, 73.0969009399414, 44.62786102294922, 34.312564849853516, 36.712406158447266, -22.16781234741211, 4.804853916168213, -25.202064514160156, -15.843268394470215, 33.467628479003906, 125.21533203125]], "lowlevel.mfcc.icov": [[0.0007046164246276021, 0.0008174845133908093, 0.0005583422025665641, 0.0002744930097833276, 0.0004744384787045419, 0.0006967630470171571, 0.0005107576143927872, 0.00014183062012307346, -0.00035840561031363904, -0.0003743233100976795, -0.0002876951766666025, 0.0003954122948925942, 0.00017412535089533776], [0.0008174845133908093, 0.0015528210205957294, 0.0012528657680377364, 0.0011314930161461234, 0.0003956032742280513, 0.00036091700894758105, -0.00018922799790743738, 0.0001639368711039424, -0.00017121175187639892, 0.0002939178957603872, -0.000294221070362255, -0.000286615890217945, -0.0003817914694081992], [0.0005583422025665641, 0.0012528657680377364, 0.003147146664559841, 0.0013649124884977937, 0.0014303772477433085, -0.0005176757113076746, -0.0006576651940122247, -6.76287745591253e-05, 0.0010688577312976122, 0.0017193204257637262, 0.00019102540682069957, -0.0012434031814336777, -0.0022354419343173504], [0.0002744930097833276, 0.0011314930161461234, 0.0013649124884977937, 0.004982532933354378, -0.00011324635124765337, -0.001607918064109981, -1.1278654710622504e-05, -0.0007484309026040137, 0.0004869929689448327, 0.0017092565540224314, 0.00023191490618046373, -0.002976855728775263, -0.0024579185992479324], [0.0004744384787045419, 0.0003956032742280513, 0.0014303772477433085, -0.00011324635124765337, 0.004486808553338051, 0.00028131951694376767, 0.0002526089083403349, 0.0002352531155338511, -0.0007221993873827159, 0.0013833867851644754, -0.000696899660397321, -0.0012286296114325523, -0.0012625299859791994], [0.0006967630470171571, 0.00036091700894758105, -0.0005176757113076746, -0.001607918064109981, 0.00028131951694376767, 0.00391853041946888, 9.351166954729706e-05, -0.0012707601999863982, 0.0006167269311845303, -0.0025038232561200857, -0.0005457724910229445, 0.0017544343136250973, 0.0006452989764511585], [0.0005107576143927872, -0.00018922799790743738, -0.0006576651940122247, -1.1278654710622504e-05, 0.0002526089083403349, 9.351166954729706e-05, 0.00915368739515543, -0.000322333158692345, 0.0020141799468547106, -0.0012102791806682944, -0.0004959703073836863, 0.0017882916145026684, -0.0016124906251206994], [0.00014183062012307346, 0.0001639368711039424, -6.76287745591253e-05, -0.0007484309026040137, 0.0002352531155338511, -0.0012707601999863982, -0.000322333158692345, 0.006963768508285284, 0.0010416090954095125, -0.00041168087045662105, -0.0009632504661567509, -8.953997894423082e-05, 0.0021740063093602657], [-0.00035840561031363904, -0.00017121175187639892, 0.0010688577312976122, 0.0004869929689448327, -0.0007221993873827159, 0.0006167269311845303, 0.0020141799468547106, 0.0010416090954095125, 0.011719729751348495, -0.0017733873100951314, -0.00013746893091592938, 0.0016309649217873812, -0.0037137416657060385], [-0.0003743233100976795, 0.0002939178957603872, 0.0017193204257637262, 0.0017092565540224314, 0.0013833867851644754, -0.0025038232561200857, -0.0012102791806682944, -0.00041168087045662105, -0.0017733873100951314, 0.013065453618764877, -0.003706280142068863, 0.0020330080296844244, -0.0015573299024254084], [-0.0002876951766666025, -0.000294221070362255, 0.00019102540682069957, 0.00023191490618046373, -0.000696899660397321, -0.0005457724910229445, -0.0004959703073836863, -0.0009632504661567509, -0.00013746893091592938, -0.003706280142068863, 0.011440765112638474, -0.002124382648617029, 0.0007013283320702612], [0.0003954122948925942, -0.000286615890217945, -0.0012434031814336777, -0.002976855728775263, -0.0012286296114325523, 0.0017544343136250973, 0.0017882916145026684, -8.953997894423082e-05, 0.0016309649217873812, 0.0020330080296844244, -0.002124382648617029, 0.016898971050977707, -0.0009325908031314611], [0.00017412535089533776, -0.0003817914694081992, -0.0022354419343173504, -0.0024579185992479324, -0.0012625299859791994, 0.0006452989764511585, -0.0016124906251206994, 0.0021740063093602657, -0.0037137416657060385, -0.0015573299024254084, 0.0007013283320702612, -0.0009325908031314611, 0.013389564119279385]], "metadata.audio_properties.analysis.downmix": "mix", "metadata.audio_properties.codec": "mp3", "metadata.audio_properties.md5_encoded": "3d0fc2807e0e3bd5ab25c8984a1ab0c0", "metadata.tags.file_name": "1183713042266071050.mp3", "metadata.version.essentia": "2.1-beta6-dev", "metadata.version.essentia_git_sha": "v2.1_beta5-1110-g77a6a954", "metadata.version.extractor": "music 2.0", "tonal.chords_key": "G", "tonal.chords_scale": "minor", "tonal.key_edma.key": "C", "tonal.key_edma.scale": "minor", "tonal.key_krumhansl.key": "C", "tonal.key_krumhansl.scale": "minor", "tonal.key_temperley.key": "C", "tonal.key_temperley.scale": "minor", "metadata.tags.encoding": ["Lavf58.45.100"]}, "essentia_models": [{"model_name": "genre_dortmund", "activations": {"alternative": "0.381403", "blues": "0.0038455706", "electronic": "0.12993543", "folkcountry": "0.051352274", "funksoulrnb": "0.012667197", "jazz": "0.03536764", "pop": "0.0333368", "raphiphop": "0.06373477", "rock": "0.21951108"}}, {"model_name": "genre_rosamerica", "activations": {"classic": "0.030578008", "dance": "0.0061407853", "hi