{"song_id": "1183701128215543808", "download": "https://cdn.discordapp.com/attachments/1128313332273782784/1183701128215543808/chirp.mp4?ex=65894a95&amp", "lyrics": "Fakirlik yolda\u015f\u0131m, her an yan\u0131mda,\nZenginlere selam, gelin bir bak\u0131n da.\n\nParam yok cebimde, ama d\u00fc\u015flerim zengin,\nSizin l\u00fcks hayat\u0131n\u0131z, beni g\u00fcl\u00fcn\u00e7 bulur belki de.\n\nAlt\u0131n ka\u015f\u0131kla do\u011fdunuz, benim ka\u015f\u0131\u011f\u0131m yok,\nAma y\u00fcre\u011fim zengin, vicdan\u0131m p\u0131r\u0131l p\u0131r\u0131l parl\u0131yor.\n\nKre\u015fte de\u011fil sokakta b\u00fcy\u00fcd\u00fcm ben,\nZengin sofras\u0131nda yer bulamam, sadece a\u00e7 kal\u0131r\u0131m.", "style": ["rap"], "essentia_features": {"lowlevel.average_loudness": 0.943753719329834, "lowlevel.barkbands_crest.mean": 9.55844497680664, "lowlevel.barkbands_crest.stdev": 2.7839267253875732, "lowlevel.barkbands_flatness_db.mean": 0.2380216270685196, "lowlevel.barkbands_flatness_db.stdev": 0.06744085252285004, "lowlevel.barkbands_kurtosis.mean": 6.641703128814697, "lowlevel.barkbands_kurtosis.stdev": 8.079439163208008, "lowlevel.barkbands_skewness.mean": 1.5694493055343628, "lowlevel.barkbands_skewness.stdev": 1.1896889209747314, "lowlevel.barkbands_spread.mean": 12.48590087890625, "lowlevel.barkbands_spread.stdev": 13.295561790466309, "lowlevel.dissonance.mean": 0.42058664560317993, "lowlevel.dissonance.stdev": 0.057019416242837906, "lowlevel.dynamic_complexity": 3.572915554046631, "lowlevel.erbbands_crest.mean": 11.273378372192383, "lowlevel.erbbands_crest.stdev": 3.6451196670532227, "lowlevel.erbbands_flatness_db.mean": 0.2577017843723297, "lowlevel.erbbands_flatness_db.stdev": 0.0631704032421112, "lowlevel.erbbands_kurtosis.mean": 3.135286569595337, "lowlevel.erbbands_kurtosis.stdev": 4.585527420043945, "lowlevel.erbbands_skewness.mean": 0.8656330108642578, "lowlevel.erbbands_skewness.stdev": 1.0180895328521729, "lowlevel.erbbands_spread.mean": 24.433286666870117, "lowlevel.erbbands_spread.stdev": 20.38404083251953, "lowlevel.hfc.mean": 12.089350700378418, "lowlevel.hfc.stdev": 16.22547149658203, "lowlevel.loudness_ebu128.integrated": -22.32591438293457, "lowlevel.loudness_ebu128.loudness_range": 2.6355457305908203, "lowlevel.loudness_ebu128.momentary.mean": -23.16802978515625, "lowlevel.loudness_ebu128.momentary.stdev": 2.7203269004821777, "lowlevel.loudness_ebu128.short_term.mean": -22.437742233276367, "lowlevel.loudness_ebu128.short_term.stdev": 0.9052721858024597, "lowlevel.melbands_crest.mean": 12.02155590057373, "lowlevel.melbands_crest.stdev": 3.801780939102173, "lowlevel.melbands_flatness_db.mean": 0.2881685197353363, "lowlevel.melbands_flatness_db.stdev": 0.08477877825498581, "lowlevel.melbands_kurtosis.mean": 9.02722454071045, "lowlevel.melbands_kurtosis.stdev": 10.442178726196289, "lowlevel.melbands_skewness.mean": 1.8800864219665527, "lowlevel.melbands_skewness.stdev": 1.2911505699157715, "lowlevel.melbands_spread.mean": 17.088680267333984, "lowlevel.melbands_spread.stdev": 23.151836395263672, "lowlevel.pitch_salience.mean": 0.6503415107727051, "lowlevel.pitch_salience.stdev": 0.08356700092554092, "lowlevel.silence_rate_20dB.mean": 1.0, "lowlevel.silence_rate_20dB.stdev": 0.0, "lowlevel.silence_rate_30dB.mean": 0.997032642364502, "lowlevel.silence_rate_30dB.stdev": 0.05439272150397301, "lowlevel.silence_rate_60dB.mean": 0.15059347450733185, "lowlevel.silence_rate_60dB.stdev": 0.35765281319618225, "lowlevel.spectral_centroid.mean": 1004.8342895507812, "lowlevel.spectral_centroid.stdev": 737.9020385742188, "lowlevel.spectral_complexity.mean": 11.322700500488281, "lowlevel.spectral_complexity.stdev": 6.719179153442383, "lowlevel.spectral_decrease.mean": -3.465541409397588e-09, "lowlevel.spectral_decrease.stdev": 3.924689906398271e-09, "lowlevel.spectral_energy.mean": 0.014176297932863235, "lowlevel.spectral_energy.stdev": 0.016002200543880463, "lowlevel.spectral_energyband_high.mean": 0.0003404451417736709, "lowlevel.spectral_energyband_high.stdev": 0.0008334938320331275, "lowlevel.spectral_energyband_low.mean": 0.0006403814186342061, "lowlevel.spectral_energyband_low.stdev": 0.001870088861323893, "lowlevel.spectral_energyband_middle_high.mean": 0.003258718177676201, "lowlevel.spectral_energyband_middle_high.stdev": 0.0064808982424438, "lowlevel.spectral_energyband_middle_low.mean": 0.010262690484523773, "lowlevel.spectral_energyband_middle_low.stdev": 0.011549795046448708, "lowlevel.spectral_entropy.mean": 6.66747522354126, "lowlevel.spectral_entropy.stdev": 0.7204599976539612, "lowlevel.spectral_flux.mean": 0.04681142792105675, "lowlevel.spectral_flux.stdev": 0.0393499992787838, "lowlevel.spectral_kurtosis.mean": 17.407817840576172, "lowlevel.spectral_kurtosis.stdev": 19.21824073791504, "lowlevel.spectral_rms.mean": 0.0032879700884222984, "lowlevel.spectral_rms.stdev": 0.0017377579351887107, "lowlevel.spectral_rolloff.mean": 1400.405517578125, "lowlevel.spectral_rolloff.stdev": 1857.85546875, "lowlevel.spectral_skewness.mean": 2.8842670917510986, "lowlevel.spectral_skewness.stdev": 1.7060245275497437, "lowlevel.spectral_spread.mean": 3395424.75, "lowlevel.spectral_spread.stdev": 2196904.25, "lowlevel.spectral_strongpeak.mean": 1.055254578590393, "lowlevel.spectral_strongpeak.stdev": 1.0261459350585938, "lowlevel.zerocrossingrate.mean": 0.05087361857295036, "lowlevel.zerocrossingrate.stdev": 0.05360618978738785, "metadata.audio_properties.analysis.equal_loudness": 0.0, "metadata.audio_properties.analysis.length": 31.274648666381836, "metadata.audio_properties.analysis.sample_rate": 44100.0, "metadata.audio_properties.analysis.start_time": 0.0, "metadata.audio_properties.bit_rate": 112110.0, "metadata.audio_properties.length": 31.27466583251953, "metadata.audio_properties.lossless": 0.0, "metadata.audio_properties.number_channels": 1.0, "metadata.audio_properties.replay_gain": -7.187257766723633, "metadata.audio_properties.sample_rate": 48000.0, "rhythm.beats_count": 66.0, "rhythm.beats_loudness.mean": 0.024000592529773712, "rhythm.beats_loudness.stdev": 0.022082636132836342, "rhythm.bpm": 112.37213897705078, "rhythm.bpm_histogram_first_peak_bpm": 112.0, "rhythm.bpm_histogram_first_peak_weight": 0.4705882668495178, "rhythm.bpm_histogram_second_peak_bpm": 133.0, "rhythm.bpm_histogram_second_peak_spread": 0.4375, "rhythm.bpm_histogram_second_peak_weight": 0.13846154510974884, "rhythm.danceability": 1.4668402671813965, "rhythm.onset_rate": 3.931107997894287, "tonal.chords_changes_rate": 0.02370370365679264, "tonal.chords_number_rate": 0.004444444552063942, "tonal.chords_strength.mean": 0.5282837152481079, "tonal.chords_strength.stdev": 0.0789736807346344, "tonal.hpcp_crest.mean": 16.65716552734375, "tonal.hpcp_crest.stdev": 7.355472087860107, "tonal.hpcp_entropy.mean": 1.5618265867233276, "tonal.hpcp_entropy.stdev": 0.6173262596130371, "tonal.key_edma.strength": 0.6179023385047913, "tonal.key_krumhansl.strength": 0.6193193197250366, "tonal.key_temperley.strength": 0.6113440990447998, "tonal.tuning_diatonic_strength": 0.46794334053993225, "tonal.tuning_equal_tempered_deviation": 0.012419701553881168, "tonal.tuning_frequency": 440.76312255859375, "tonal.tuning_nontempered_energy_ratio": 0.5936164259910583, "lowlevel.barkbands.mean": [3.547953156157746e-06, 0.00011439876834629104, 0.00027873378712683916, 0.00036135170375928283, 0.0014950401382520795, 0.0024061519652605057, 0.0026841145008802414, 0.002248981734737754, 0.0009155316511169076, 0.00040518384776078165, 0.0002586338378023356, 0.0003689076693262905, 0.0006145778461359441, 0.00041679517016746104, 0.0003092534898314625, 0.00028615459450520575, 0.0003207777044735849, 9.199368651024997e-05, 5.5396227253368124e-05, 0.00039073740481399, 1.0210291293333285e-05, 3.871540320687927e-05, 4.251065183780156e-05, 1.1354879461578093e-05, 3.363323412486352e-05, 1.3596770259027835e-05, 2.4430237388628484e-08], "lowlevel.barkbands.stdev": [2.4505583496647887e-05, 0.0008328361436724663, 0.0010792703833431005, 0.0007220070692710578, 0.001745146350003779, 0.0032725566998124123, 0.0044164196588099, 0.003566539380699396, 0.0034979472402483225, 0.0010425470536574721, 0.0007054964080452919, 0.0018023664597421885, 0.00261991866864264, 0.0016926900716498494, 0.001195453922264278, 0.0009959600865840912, 0.000804711424279958, 0.0002369751309743151, 0.0002516023814678192, 0.0008828011923469603, 4.095573603990488e-05, 0.00020526512525975704, 0.00017589455819688737, 4.1655093809822574e-05, 0.0001837284944485873, 8.010408782865852e-05, 4.336824304118636e-07], "lowlevel.erbbands.mean": [0.004202436190098524, 0.02646428905427456, 0.23812870681285858, 0.9802260398864746, 1.568691372871399, 5.506223201751709, 17.99479103088379, 17.269207000732422, 29.388526916503906, 52.65748596191406, 43.551368713378906, 25.622297286987305, 11.47679615020752, 11.709094047546387, 13.131575584411621, 17.26575469970703, 27.135400772094727, 24.258346557617188, 18.087875366210938, 14.588519096374512, 17.799297332763672, 16.98837661743164, 7.4886064529418945, 1.770308256149292, 7.650237560272217, 19.795917510986328, 2.9527854919433594, 0.3533073365688324, 0.972393810749054, 2.4191746711730957, 0.7792822122573853, 0.20394527912139893, 0.2398563027381897, 0.32760119438171387, 0.2703954875469208, 0.10555285215377808, 0.015354464761912823, 0.0007872696733102202, 2.8832906536990777e-05, 1.861842247308232e-05], "lowlevel.erbbands.stdev": [0.03248072788119316, 0.17813453078269958, 1.126622200012207, 1.4986008405685425, 2.5570363998413086, 6.458915710449219, 26.851139068603516, 25.46065330505371, 41.546112060546875, 97.91985321044922, 67.77041625976562, 95.23490905761719, 37.12813186645508, 26.005062103271484, 41.201541900634766, 75.23694610595703, 115.52750396728516, 84.82077026367188, 74.6200942993164, 47.391212463378906, 57.34664535522461, 41.88050079345703, 17.012861251831055, 4.723883152008057, 22.639892578125, 46.99247360229492, 7.4699883460998535, 1.6065571308135986, 5.917577266693115, 10.422778129577637, 3.2110769748687744, 0.6826879382133484, 0.9804108142852783, 1.5639196634292603, 1.7545782327651978, 0.6183469891548157, 0.09107163548469543, 0.00548485666513443, 0.0001332337415078655, 2.114732524205465e-05], "lowlevel.gfcc.mean": [-109.93761444091797, 112.68341064453125, -125.23450469970703, -8.240802764892578, -92.77342224121094, -22.83580207824707, -65.92501068115234, -2.266134023666382, -30.920106887817383, 0.04138123616576195, -15.917112350463867, -10.613286018371582, -11.186593055725098], "lowlevel.melbands.mean": [3.3209049433935434e-05, 0.00010130259033758193, 0.00016665241855662316, 0.0002517748507671058, 0.0005501281120814383, 0.0003993605787400156, 0.00047660060226917267, 0.0005534604424610734, 0.00033598608570173383, 0.00013204490824136883, 5.220676030148752e-05, 4.6569555706810206e-05, 4.037656253785826e-05, 4.374864147393964e-05, 4.8847759899217635e-05, 6.165593367768452e-05, 4.242382783559151e-05, 2.9408260161289945e-05, 2.2101243303040974e-05, 1.839098877098877e-05, 2.1047018890385516e-05, 1.8912985979113728e-05, 1.189794420497492e-05, 3.059045866393717e-06, 1.0012382745117065e-06, 2.4740597837080713e-06, 1.1387992344680242e-05, 1.3882071471016388e-05, 2.0986656181776198e-06, 1.9287296026959666e-07, 1.4317524232865253e-07, 3.870264038141613e-07, 1.0713035862863762e-06, 1.4569760651284014e-06, 4.971015528099088e-07, 1.5737066405563382e-07, 1.0564274788293915e-07, 1.5043836754102813e-07, 2.008590058721893e-07, 3.0569972864213923e-07], "lowlevel.melbands.stdev": [0.0002496967208571732, 0.0004207340825814754, 0.0002659088058862835, 0.0003282406833022833, 0.0007610955508425832, 0.0005711115663871169, 0.0006947197252884507, 0.0009912316454574466, 0.0005809352151118219, 0.0005197321297600865, 0.00017554521036799997, 0.00010559843212831765, 0.00011698838352458552, 0.0002056074154097587, 0.00021195142471697181, 0.00025535031454637647, 0.00015630164125468582, 0.00013102058437652886, 8.218606672016904e-05, 6.377202225849032e-05, 6.992729322519153e-05, 5.0340386223979294e-05, 2.673902599781286e-05, 7.911446118669119e-06, 3.337185944474186e-06, 1.1490621545817703e-05, 2.7962934836978093e-05, 3.571776323951781e-05, 5.835260253661545e-06, 8.872845000951202e-07, 9.102022318074887e-07, 2.5240501599910203e-06, 5.664613127009943e-06, 6.171637778606964e-06, 2.1836094674654305e-06, 5.809629328723531e-07, 3.7680337072742986e-07, 6.240532570700452e-07, 8.535606070836366e-07, 1.521808371762745e-06], "lowlevel.melbands128.mean": [3.1254276109393686e-06, 3.481408566585742e-05, 4.43126518803183e-05, 3.3649052056716755e-05, 8.335902384715155e-05, 0.00015280954539775848, 0.00022513512521982193, 0.00014399777865037322, 9.803489228943363e-05, 0.00030691694701090455, 0.00027600975590758026, 0.00038719235453754663, 0.000694332062266767, 0.0006692080060020089, 0.000423658755607903, 0.00021724228281527758, 0.0002977629192173481, 0.0006198793998919427, 0.0005188316572457552, 0.000727497274056077, 0.0004626487789209932, 0.0003270611632615328, 0.00039255659794434905, 0.0002233653503935784, 0.0002226580836577341, 3.936318535124883e-05, 5.468569361255504e-05, 6.625639070989564e-05, 3.0225590307964012e-05, 6.732365000061691e-05, 4.189196988590993e-05, 2.6169855118496343e-05, 4.9513153498992324e-05, 4.234188963891938e-05, 3.530863978085108e-05, 5.124148810864426e-05, 4.833778439206071e-05, 2.745924393821042e-05, 7.20770112820901e-05, 6.443149322876707e-05, 4.98798253829591e-05, 7.516510231653228e-05, 3.551518602762371e-05, 3.2406180253019556e-05, 3.727115108631551e-05, 2.2455746147898026e-05, 3.298213050584309e-05, 1.8227347027277574e-05, 2.2061585696064867e-05, 1.7633381503401324e-05, 1.5748471923870966e-05, 2.0529925677692518e-05, 2.302708162460476e-05, 2.0416691768332385e-05, 2.078599027299788e-05, 2.0176814359729178e-05, 1.4455951713898685e-05, 1.6647658412694e-05, 9.837753168540075e-06, 5.756371137977112e-06, 2.409334001640673e-06, 1.2993443760933587e-06, 9.1298647930671e-07, 9.082903034141054e-07, 1.0742147651399137e-06, 1.78196739852865e-06, 3.463073880993761e-06, 6.1419777921400964e-06, 1.541209530842025e-05, 1.592147964402102e-05, 1.6496389434905723e-05, 1.2640681234188378e-05, 2.740176796578453e-06, 6.378937200679502e-07, 3.101142738159979e-07, 2.06397800184277e-07, 1.4510759172026155e-07, 9.809246392933346e-08, 1.3055168324171973e-07, 1.8907083187968965e-07, 2.7718192541215103e-07, 4.938922870678653e-07, 6.19968716364383e-07, 1.0336989362258464e-06, 1.533925455987628e-06, 1.746980501593498e-06, 1.3888927696825704e-06, 9.326005283583072e-07, 4.1222531876883295e-07, 2.280421966815993e-07, 2.0610909245988296e-07, 1.3482180349910777e-07, 8.094144732240238e-08, 9.691452618199037e-08, 1.2371532420729636e-07, 1.3162600964733429e-07, 1.4518077762204484e-07, 1.927426893644224e-07, 2.0123805200000788e-07, 1.7853656686384056e-07, 2.9198611173342215e-07, 3.6201106468070066e-07, 2.8390718398441095e-07, 2.7560830062611785e-07, 3.865212363507453e-07, 3.0568506304007315e-07, 2.4011256982703344e-07, 1.976234784706321e-07, 2.128780209886827e-07, 1.4746254350939125e-07, 8.27704482730951e-08, 5.847357442689827e-08, 3.427788541898735e-08, 2.1521785242839542e-08, 9.360386243884022e-09, 4.829848521126223e-09, 1.2223596579374885e-09, 4.708881722048641e-12, 2.8336044448351583e-12, 2.536766803562518e-12, 2.3950776258108153e-12, 2.3070191590424116e-12, 2.277683250340168e-12, 2.230212325579628e-12, 2.1132173701893242e-12, 1.930294682775391e-12, 1.832799970818977e-12, 1.810186007165926e-12], "lowlevel.melbands128.stdev": [2.3934966520755552e-05, 0.0002770989667624235, 0.00034352464717812836, 0.00024672309518791735, 0.0005999880959279835, 0.0004607246082741767, 0.00033540482399985194, 0.00039797689532861114, 0.00021209036640357226, 0.0005508741014637053, 0.0003773371281567961, 0.0005559691344387829, 0.001291888183914125, 0.0010438994504511356, 0.0007717985427007079, 0.0004527284763753414, 0.000531396537553519, 0.0010509691201150417, 0.0010103937238454819, 0.0017080469988286495, 0.0011048641754314303, 0.0005840964731760323, 0.0008021643152460456, 0.000911249837372452, 0.0011022360995411873, 0.00016763777239248157, 0.000245907052885741, 0.00028543101507239044, 0.0001289218635065481, 0.00017268420197069645, 0.00012164065992692485, 8.378713391721249e-05, 0.00015992455882951617, 0.00016760431753937155, 0.00026970540056936443, 0.0002917638630606234, 0.00028112984728068113, 0.00017657811986282468, 0.0004180044634267688, 0.0003566154045984149, 0.00028348059277050197, 0.00032408550032414496, 0.00019589453586377203, 0.00015771920152474195, 0.00022422257461585104, 0.00011543485015863553, 0.00019972011796198785, 7.807849760865793e-05, 9.474152466282248e-05, 8.776699542067945e-05, 5.9759469877462834e-05, 0.00010536762420088053, 8.285310468636453e-05, 8.365966641576961e-05, 7.371700485236943e-05, 5.932282510912046e-05, 4.374715717858635e-05, 4.1082141251536086e-05, 2.7762471290770918e-05, 1.732836062728893e-05, 6.710130946885329e-06, 4.873351826972794e-06, 3.3586138670216314e-06, 3.8082296214270173e-06, 3.16199930239236e-06, 7.859921424824279e-06, 2.4514294636901468e-05, 2.2658305169898085e-05, 4.3279163946863264e-05, 4.198225724394433e-05, 5.080577830085531e-05, 3.800895137828775e-05, 8.266690201708116e-06, 2.171537516915123e-06, 1.2649493328353856e-06, 1.037493348121643e-06, 8.647720619592292e-07, 5.211166467233852e-07, 8.924511689656356e-07, 1.4035348385732505e-06, 1.7634204141359078e-06, 3.0379324016394094e-06, 5.345759291230934e-06, 6.63491709929076e-06, 6.702204700559378e-06, 7.151157205953496e-06, 6.570273399120197e-06, 4.351775260147406e-06, 1.941576783792698e-06, 1.0305142268407508e-06, 8.377380140700552e-07, 5.391912054619752e-07, 3.2470236988046963e-07, 4.7160523308775737e-07, 4.7229519850588986e-07, 5.015324973101087e-07, 7.016168979134818e-07, 1.0229956615148694e-06, 9.382204666508187e-07, 8.262693427241175e-07, 1.5937545185806812e-06, 1.9032077034353279e-06, 1.6902138213481521e-06, 1.9058221596424119e-06, 3.0296559998532757e-06, 2.1957066564937122e-06, 1.138598804573121e-06, 1.1380438991182018e-06, 1.5455188986379653e-06, 9.28427766666573e-07, 5.949703449914523e-07, 3.568419515431742e-07, 2.3688295414103777e-07, 1.6248769441062905e-07, 8.592770939230832e-08, 5.118206658494273e-08, 1.9402341067120688e-08, 2.5687963908782585e-11, 9.321204398615723e-12, 5.7138039959159226e-12, 5.029455584643072e-12, 4.6820785096213235e-12, 4.5864930776906565e-12, 4.5146920056582385e-12, 4.453690888306383e-12, 4.4081847547228215e-12, 4.3769207008770294e-12, 4.3494647987418755e-12], "lowlevel.mfcc.mean": [-760.1131591796875, 158.95779418945312, -0.6414423584938049, -1.6279840469360352, -13.250929832458496, -31.776647567749023, -27.84246826171875, -22.634443283081055, -22.932266235351562, -3.391535520553589, -13.904470443725586, -11.498690605163574, 11.794504165649414], "lowlevel.spectral_contrast_coeffs.mean": [-0.5515148043632507, -0.7078219056129456, -0.7598980069160461, -0.7764053344726562, -0.7646374702453613, -0.7892122864723206], "lowlevel.spectral_contrast_coeffs.stdev": [0.08166220039129257, 0.06331290304660797, 0.06332403421401978, 0.06961488723754883, 0.0746573880314827, 0.056401368230581284], "lowlevel.spectral_contrast_valleys.mean": [-8.525843620300293, -6.7085280418396, -8.471759796142578, -8.726961135864258, -9.085769653320312, -11.968914031982422], "lowlevel.spectral_contrast_valleys.stdev": [0.9289876818656921, 0.7786790728569031, 0.9851751923561096, 1.0403624773025513, 1.2224901914596558, 1.009239912033081], "rhythm.beats_loudness_band_ratio.mean": [0.03990491107106209, 0.2600688934326172, 0.4173929691314697, 0.1286868155002594, 0.10485003888607025, 0.08026478439569473], "rhythm.beats_loudness_band_ratio.stdev": [0.058434680104255676, 0.18606610596179962, 0.1779690533876419, 0.17074915766716003, 0.1436326503753662, 0.14372067153453827], "tonal.hpcp.mean": [0.43423688411712646, 0.24789376556873322, 0.04340892285108566, 0.030502263456583023, 0.029266029596328735, 0.11939968168735504, 0.2081109881401062, 0.11871272325515747, 0.15792891383171082, 0.26513370871543884, 0.1465528905391693, 0.04820787161588669, 0.04607180878520012, 0.045414216816425323, 0.2889745533466339, 0.49826741218566895, 0.26699593663215637, 0.059305381029844284, 0.04407733678817749, 0.04396280273795128, 0.16774022579193115, 0.2872539460659027, 0.16314366459846497, 0.08883701264858246, 0.12513795495033264, 0.06495064496994019, 0.034503743052482605, 0.03632061928510666, 0.02491222880780697, 0.0692613422870636, 0.10721210390329361, 0.06599880754947662, 0.02942846156656742, 0.023880567401647568, 0.02712618187069893, 0.23152540624141693], "tonal.hpcp.stdev": [0.3746106028556824, 0.2350856512784958, 0.13267582654953003, 0.11406008154153824, 0.10148698836565018, 0.1981680989265442, 0.35901692509651184, 0.19262313842773438, 0.21937985718250275, 0.3561217486858368, 0.21392224729061127, 0.14138074219226837, 0.13589850068092346, 0.13824361562728882, 0.2616887092590332, 0.40006133913993835, 0.2455121874809265, 0.1637415885925293, 0.1297723650932312, 0.13126860558986664, 0.21307875216007233, 0.32173123955726624, 0.1884322166442871, 0.1648695021867752, 0.2258663773536682, 0.12386197596788406, 0.1090579703450203, 0.11550155282020569, 0.08989685028791428, 0.14038638770580292, 0.2048948109149933, 0.1365620642900467, 0.10183558613061905, 0.08650541305541992, 0.0893140584230423, 0.2252972573041916], "rhythm.beats_position": [0.4411791265010834, 0.8823582530021667, 1.3235373497009277, 1.7763265371322632, 2.2291154861450195, 2.693514585494995, 3.1579136848449707, 3.599092960357666, 4.017052173614502, 4.446621417999268, 4.876190185546875, 5.305759429931641, 5.735328674316406, 6.234557628631592, 6.722176551818848, 7.221405982971191, 7.732244968414307, 8.231473922729492, 8.73070240020752, 9.229931831359863, 9.729161262512207, 10.228389739990234, 10.77405834197998, 11.308117866516113, 11.85378646850586, 12.399456024169922, 12.933514595031738, 13.467573165893555, 14.001632690429688, 14.535691261291504, 15.06974983215332, 15.592199325561523, 16.126258850097656, 16.648706436157227, 17.18276596069336, 17.705215454101562, 18.227664947509766, 18.773332595825195, 19.307392120361328, 19.760181427001953, 20.224580764770508, 20.677370071411133, 21.153377532958984, 21.62938690185547, 22.082176208496094, 22.54657554626465, 22.976144790649414, 23.42893409729004, 23.881723403930664, 24.33451271057129, 24.787302017211914, 25.20526123046875, 25.600000381469727, 25.983129501342773, 26.37786865234375, 26.772607803344727, 27.178956985473633, 27.58530616760254, 27.991655349731445, 28.39800453186035, 28.792743682861328, 29.187482833862305, 29.58222198486328, 29.976961135864258, 30.371700286865234, 30.76643943786621], "rhythm.bpm_histogram": [0.0, 0.0, 0.0, 0.0, 0.0, 0.0, 0.0, 0.0, 0.0, 0.0, 0.0, 0.0, 0.0, 0.0, 0.0, 0.0, 0.0, 0.0, 0.0, 0.0, 0.0, 0.0, 0.0, 0.0, 0.0, 0.0, 0.0, 0.0, 0.0, 0.0, 0.0, 0.0, 0.0, 0.0, 0.0, 0.0, 0.0, 0.0, 0.0, 0.0, 0.0, 0.0, 0.0, 0.0, 0.0, 0.0, 0.0, 0.0, 0.0, 0.0, 0.0, 0.0, 0.0, 0.0, 0.0, 0.0, 0.0, 0.0, 0.0, 0.0, 0.0, 0.0, 0.0, 0.0, 0.0, 0.0, 0.0, 0.0, 0.0, 0.0, 0.0, 0.0, 0.0, 0.0, 0.0, 0.0, 0.0, 0.0, 0.0, 0.0, 0.0, 0.0, 0.0, 0.0, 0.0, 0.0, 0.0, 0.0, 0.0, 0.0, 0.0, 0.0, 0.0, 0.0, 0.0, 0.0, 0.0, 0.0, 0.0, 0.0, 0.0, 0.0, 0.0, 0.0, 0.0, 0.0, 0.0, 0.0, 0.0, 0.0, 0.0615384615957737, 0.0, 0.13846154510974884, 0.0, 0.0, 0.0615384615957737, 0.0, 0.015384615398943424, 0.0, 0.0, 0.10769230872392654, 0.0, 0.0, 0.015384615398943424, 0.0, 0.0, 0.03076923079788685, 0.0, 0.0, 0.0615384615957737, 0.0, 0.0, 0.0, 0.13846154510974884, 0.0, 0.0, 0.04615384712815285, 0.0, 0.0, 0.0, 0.07692307978868484, 0.0, 0.0, 0.0, 0.03076923079788685, 0.0, 0.0, 0.0, 0.0615384615957737, 0.0, 0.0, 0.0, 0.13846154510974884, 0.0, 0.0, 0.0, 0.0, 0.015384615398943424, 0.0, 0.0, 0.0, 0.0, 0.0, 0.0, 0.0, 0.0, 0.0, 0.0, 0.0, 0.0, 0.0, 0.0, 0.0, 0.0, 0.0, 0.0, 0.0, 0.0, 0.0, 0.0, 0.0, 0.0, 0.0, 0.0, 0.0, 0.0, 0.0, 0.0, 0.0, 0.0, 0.0, 0.0, 0.0, 0.0, 0.0, 0.0, 0.0, 0.0, 0.0, 0.0, 0.0, 0.0, 0.0, 0.0, 0.0, 0.0, 0.0, 0.0, 0.0, 0.0, 0.0, 0.0, 0.0, 0.0, 0.0, 0.0, 0.0, 0.0, 0.0, 0.0, 0.0, 0.0, 0.0, 0.0, 0.0, 0.0, 0.0, 0.0, 0.0, 0.0, 0.0, 0.0, 0.0, 0.0, 0.0, 0.0, 0.0, 0.0, 0.0, 0.0, 0.0, 0.0, 0.0, 0.0, 0.0, 0.0, 0.0, 0.0, 0.0, 0.0], "tonal.chords_histogram": [0.29629629850387573, 0.0, 0.0, 0.0, 0.0, 0.0, 0.0, 0.0, 0.0, 0.0, 0.0, 0.0, 0.0, 0.0, 0.0, 0.0, 0.0, 44.296295166015625, 0.0, 29.33333396911621, 0.0, 0.14814814925193787, 25.77777862548828, 0.14814814925193787], "tonal.thpcp": [1.0, 0.5358486771583557, 0.11902319639921188, 0.08846120536327362, 0.08823134005069733, 0.33664700388908386, 0.5765056014060974, 0.3274219036102295, 0.17829184234142303, 0.2511461675167084, 0.13035298883914948, 0.06924743950366974, 0.07289382815361023, 0.049997709691524506, 0.13900436460971832, 0.21516980230808258, 0.13245660066604614, 0.05906158313155174, 0.047927211970090866, 0.05444101244211197, 0.4646609425544739, 0.8714936375617981, 0.49751150608062744, 0.08711972832679749, 0.061216652393341064, 0.05873558670282364, 0.23962971568107605, 0.41766926646232605, 0.23825103044509888, 0.31695613265037537, 0.5321112871170044, 0.294124960899353, 0.09675100445747375, 0.09246402233839035, 0.09114426374435425, 0.5799587368965149], "lowlevel.gfcc.cov": [[7462.83056640625, -1809.647216796875, -1562.5250244140625, 1139.0462646484375, 509.65460205078125, 60.1976203918457, -195.99769592285156, 546.2384033203125, -252.36648559570312, 159.1835174560547, -236.27554321289062, -95.08769989013672, -323.5658874511719], [-1809.647216796875, 2353.302734375, 271.5281982421875, -882.3878784179688, 35.794464111328125, -17.890968322753906, 309.613525390625, -293.0489196777344, 183.4349822998047, -235.47708129882812, 313.1004333496094, -155.53924560546875, 208.2808074951172], [-1562.5250244140625, 271.5281982421875, 953.1464233398438, -128.49668884277344, -236.10678100585938, 45.9477653503418, -13.588086128234863, -98.44281005859375, 91.6861343383789, -35.92177200317383, -26.05509376525879, 118.8186264038086, 52.47707748413086], [1139.0462646484375, -882.3878784179688, -128.49668884277344, 1052.6953125, 324.54925537109375, -54.55060958862305, -194.31849670410156, 270.5588684082031, -5.907066822052002, 18.53461265563965, -184.60784912109375, 71.45893096923828, -70.72605895996094], [509.65460205078125, 35.794464111328125, -236.10678100585938, 324.54925537109375, 457.7022399902344, 66.6024169921875, -61.51058578491211, 116.9754867553711, 25.063743591308594, 4.438178062438965, -77.02151489257812, -59.95730209350586, -10.459046363830566], [60.1976203918457, -17.890968322753906, 45.9477653503418, -54.55060958862305, 66.6024169921875, 271.5071716308594, 57.75593948364258, -13.106881141662598, 4.064249038696289, 7.674418926239014, -15.62989330291748, -1.0541822910308838, -44.299652099609375], [-195.99769592285156, 309.613525390625, -13.588086128234863, -194.31849670410156, -61.51058578491211, 57.75593948364258, 253.9158935546875, -26.234519958496094, -60.99658203125, -43.47889709472656, 101.43338012695312, 1.4893277883529663, -18.6715030670166], [546.2384033203125, -293.0489196777344, -98.44281005859375, 270.5588684082031, 116.9754867553711, -13.106881141662598, -26.234519958496094, 208.3907012939453, 14.277997970581055, -13.627665519714355, -78.73294830322266, 12.291701316833496, 0.06231819838285446], [-252.36648559570312, 183.4349822998047, 91.6861343383789, -5.907066822052002, 25.063743591308594, 4.064249038696289, -60.99658203125, 14.277997970581055, 221.75640869140625, -7.556253433227539, -31.426576614379883, -18.22614860534668, 88.79143524169922], [159.1835174560547, -235.47708129882812, -35.92177200317383, 18.53461265563965, 4.438178062438965, 7.674418926239014, -43.47889709472656, -13.627665519714355, -7.556253433227539, 133.64698791503906, -27.58030891418457, -21.054800033569336, -30.4832706451416], [-236.27554321289062, 313.1004333496094, -26.05509376525879, -184.60784912109375, -77.02151489257812, -15.62989330291748, 101.43338012695312, -78.73294830322266, -31.426576614379883, -27.58030891418457, 163.96156311035156, 4.032867908477783, -16.30872344970703], [-95.08769989013672, -155.53924560546875, 118.8186264038086, 71.45893096923828, -59.95730209350586, -1.0541822910308838, 1.4893277883529663, 12.291701316833496, -18.22614860534668, -21.054800033569336, 4.032867908477783, 109.42378997802734, -17.995365142822266], [-323.5658874511719, 208.2808074951172, 52.47707748413086, -70.72605895996094, -10.459046363830566, -44.299652099609375, -18.6715030670166, 0.06231819838285446, 88.79143524169922, -30.4832706451416, -16.30872344970703, -17.995365142822266, 157.02223205566406]], "lowlevel.gfcc.icov": [[0.00031200103694573045, -0.0001598419330548495, 0.0005477350787259638, -0.00025623716646805406, 0.00040525331860408187, -0.00033506847103126347, 0.00030284590320661664, -0.0005870575550943613, 0.00020989010226912796, -0.0002842303365468979, 0.0002736879978328943, -7.157547224778682e-05, 0.000371538451872766], [-0.0001598419330548495, 0.003276979550719261, -0.0018122171750292182, 0.0018124498892575502, -0.003664296353235841, 0.0020151836797595024, -0.0024596676230430603, 0.0026264311745762825, -0.0021585964132100344, 0.004152732435613871, -0.0033962451852858067, 0.003427902702242136, -0.001156236743554473], [0.0005477350787259638, -0.0018122171750292182, 0.0033432471100240946, -0.0012772922636941075, 0.0030051632784307003, -0.0018360555404797196, 0.0015395301161333919, -0.0012019365094602108, 0.00062580342637375, -0.0020728379022330046, 0.0029918134678155184, -0.003415149636566639, 0.0008686314686201513], [-0.00025623716646805406, 0.0018124498892575502, -0.0012772922636941075, 0.0034589676652103662, -0.0034599730279296637, 0.001999589381739497, -0.0005788694834336638, -4.401253318064846e-05, -0.0011699130991473794, 0.0022609552834182978, -0.0010489524574950337, -5.3384865168482065e-05, 0.00030300734215416014], [0.00040525331860408187, -0.003664296353235841, 0.0030051632784307003, -0.0034599730279296637, 0.008431434631347656, -0.004005523398518562, 0.0032853453885763884, -0.003789926413446665, 0.0022653427440673113, -0.004046394489705563, 0.0037874376866966486, -0.001251128502190113, 0.0011399639770388603], [-0.00033506847103126347, 0.0020151836797595024, -0.0018360555404797196, 0.001999589381739497, -0.004005523398518562, 0.006638381164520979, -0.0035243919119238853, 0.002677834127098322, -0.002397292060777545, 0.002368268324062228, -0.00011688657104969025, 0.0011472851037979126, 0.001271384535357356], [0.00030284590320661664, -0.0024596676230430603, 0.0015395301161333919, -0.0005788694834336638, 0.0032853453885763884, -0.0035243919119238853, 0.009071167558431625, -0.004442888777703047, 0.003501509316265583, -0.0018358658999204636, -0.0013293809024617076, -0.0019885702058672905, 0.0007139727240428329], [-0.0005870575550943613, 0.0026264311745762825, -0.0012019365094602108, -4.401253318064846e-05, -0.003789926413446665, 0.002677834127098322, -0.004442888777703047, 0.012038656510412693, -0.00295441341586411, 0.004654062911868095, 0.0009352430352009833, 0.001333723426796496, -0.0015175692969933152], [0.00020989010226912796, -0.0021585964132100344, 0.00062580342637375, -0.0011699130991473794, 0.0022653427440673113, -0.002397292060777545, 0.003501509316265583, -0.00295441341586411, 0.008305610157549381, -0.0028681461699306965, 0.0013147216523066163, -0.0009725869167596102, -0.002776534529402852], [-0.0002842303365468979, 0.004152732435613871, -0.0020728379022330046, 0.0022609552834182978, -0.004046394489705563, 0.002368268324062228, -0.0018358658999204636, 0.004654062911868095, -0.0028681461699306965, 0.014590890146791935, -0.0026081500109285116, 0.006278798449784517, 0.0006986617227084935], [0.0002736879978328943, -0.0033962451852858067, 0.0029918134678155184, -0.0010489524574950337, 0.0037874376866966486, -0.00011688657104969025, -0.0013293809024617076, 0.0009352430352009833, 0.0013147216523066163, -0.0026081500109285116, 0.015598776750266552, -0.005464569665491581, 0.0034015073906630278], [-7.157547224778682e-05, 0.003427902702242136, -0.003415149636566639, -5.3384865168482065e-05, -0.001251128502190113, 0.0011472851037979126, -0.0019885702058672905, 0.001333723426796496, -0.0009725869167596102, 0.006278798449784517, -0.005464569665491581, 0.018093518912792206, -0.00029883242677897215], [0.000371538451872766, -0.001156236743554473, 0.0008686314686201513, 0.00030300734215416014, 0.0011399639770388603, 0.001271384535357356, 0.0007139727240428329, -0.0015175692969933152, -0.002776534529402852, 0.0006986617227084935, 0.0034015073906630278, -0.00029883242677897215, 0.011058837175369263]], "lowlevel.mfcc.cov": [[7399.74853515625, -2022.446044921875, -1673.66552734375, 598.812744140625, 705.5625, -319.3830261230469, 318.91375732421875, 271.4071044921875, -53.33590316772461, 385.55377197265625, -61.76247024536133, -73.4544906616211, 595.421142578125], [-2022.446044921875, 2543.186279296875, 155.524169921875, -692.1929931640625, -374.44305419921875, 77.63470458984375, 100.75189208984375, -90.1700439453125, -97.42383575439453, -31.96392250061035, 4.9961981773376465, 74.65489959716797, -151.67575073242188], [-1673.66552734375, 155.524169921875, 1039.3468017578125, -78.13175964355469, -268.158203125, 132.2575225830078, -193.01821899414062, -9.833060264587402, 63.07322311401367, -178.00247192382812, 66.06330871582031, 30.818790435791016, -254.59547424316406], [598.812744140625, -692.1929931640625, -78.13175964355469, 707.4786987304688, 329.7029113769531, -107.01544189453125, -55.34688186645508, 97.61497497558594, 84.61796569824219, -5.81990385055542, -71.6982650756836, -19.710451126098633, 132.2792205810547], [705.5625, -374.44305419921875, -268.158203125, 329.7029113769531, 605.1980590820312, -21.497028350830078, -63.83805847167969, 59.09775161743164, 146.52235412597656, 128.6307373046875, -119.66896057128906, 7.345840930938721, 120.47735595703125], [-319.3830261230469, 77.63470458984375, 132.2575225830078, -107.01544189453125, -21.497028350830078, 274.826416015625, 15.08996295928955, -23.243982315063477, 22.069303512573242, -34.36977767944336, 83.4011459350586, 21.621335983276367, -101.01573944091797], [318.91375732421875, 100.75189208984375, -193.01821899414062, -55.34688186645508, -63.83805847167969, 15.08996295928955, 296.0887756347656, 72.16437530517578, -95.04583740234375, -7.852199077606201, 29.107507705688477, 15.627714157104492, 66.37525177001953], [271.4071044921875, -90.1700439453125, -9.833060264587402, 97.61497497558594, 59.09775161743164, -23.243982315063477, 72.16437530517578, 230.0927734375, 13.029463768005371, -15.325937271118164, -10.411309242248535, 18.655202865600586, 38.244895935058594], [-53.33590316772461, -97.42383575439453, 63.07322311401367, 84.61796569824219, 146.52235412597656, 22.069303512573242, -95.04583740234375, 13.029463768005371, 282.9112548828125, 41.47206497192383, -56.09724044799805, 25.34681510925293, -39.207275390625], [385.55377197265625, -31.96392250061035, -178.00247192382812, -5.81990385055542, 128.6307373046875, -34.36977767944336, -7.852199077606201, -15.325937271118164, 41.47206497192383, 174.8607635498047, -45.84088897705078, 3.850410223007202, 52.65185546875], [-61.76247024536133, 4.9961981773376465, 66.06330871582031, -71.6982650756836, -119.66896057128906, 83.4011459350586, 29.107507705688477, -10.411309242248535, -56.09724044799805, -45.84088897705078, 188.1230926513672, -4.004312038421631, -67.64578247070312], [-73.4544906616211, 74.65489959716797, 30.818790435791016, -19.710451126098633, 7.345840930938721, 21.621335983276367, 15.627714157104492, 18.655202865600586, 25.34681510925293, 3.850410223007202, -4.004312038421631, 109.50202178955078, -14.078571319580078], [595.421142578125, -151.67575073242188, -254.59547424316406, 132.2792205810547, 120.47735595703125, -101.01573944091797, 66.37525177001953, 38.244895935058594, -39.207275390625, 52.65185546875, -67.64578247070312, -14.078571319580078, 239.3380126953125]], "lowlevel.mfcc.icov": [[0.00032288249349221587, 0.00022108532721176744, 0.0003851506335195154, 4.964761683368124e-05, -2.3592929210281e-05, 9.019153367262334e-05, -5.096764289191924e-05, -0.00026591733330860734, 1.489548412791919e-05, -0.00027307370328344405, -0.00020168487390037626, -2.0327381207607687e-05, -0.0001700057473499328], [0.00022108532721176744, 0.0007171676843427122, 0.00022417721629608423, 0.0005474265199154615, 1.6571260857745074e-05, 0.00012466959015000612, -0.00019220141984988004, -0.00011570812057470903, 7.054976595100015e-05, -8.94585027708672e-05, 0.00016096667968668044, -0.00028899440076202154, 1.6192660041269846e-05], [0.0003851506335195154, 0.00022417721629608423, 0.0023561727721244097, -0.00020930630853399634, 0.0007944441749714315, -0.000502943410538137, 0.0012025191681459546, -0.0008453924092464149, -0.0001701773435343057, 0.0007149113225750625, 0.00011615491530392319, -0.0004534043837338686, 0.0008163786260411143], [4.964761683368124e-05, 0.0005474265199154615, -0.00020930630853399634, 0.002939512487500906, -0.0014121942222118378, 0.0009251369046978652, 7.822992483852431e-05, -0.0004377217555884272, -0.00030157744185999036, 0.0013338257558643818, -0.0002255226281704381, 0.00012594234431162477, -0.0008734544389881194], [-2.3592929210281e-05, 1.6571260857745074e-05, 0.0007944441749714315, -0.0014121942222118378, 0.003811721922829747, -0.0014403858222067356, 0.0010338359279558063, -0.0006932998076081276, -0.0007868435350246727, -0.0016330417711287737, 0.0012418718542903662, -0.00027760278317146003, -0.0004427833773661405], [9.019153367262334e-05, 0.00012466959015000612, -0.000502943410538137, 0.0009251369046978652, -0.0014403858222067356, 0.0056168679147958755, -0.0012619883054867387, 0.0006723821279592812, -0.0005701059126295149, 0.000706084945704788, -0.002175114117562771, -0.0004743188910651952, 0.0012551931431517005], [-5.096764289191924e-05, -0.00019220141984988004, 0.0012025191681459546, 7.822992483852431e-05, 0.0010338359279558063, -0.0012619883054867387, 0.005725052207708359, -0.001960425404831767, 0.0010352481622248888, 0.000444660458015278, -0.00018801885016728193, -0.0009372949716635048, -0.0011230758391320705], [-0.00026591733330860734, -0.00011570812057470903, -0.0008453924092464149, -0.0004377217555884272, -0.0006932998076081276, 0.0006723821279592812, -0.001960425404831767, 0.005792158655822277, -0.0004986105486750603, 0.0009155093575827777, -6.680050864815712e-05, -0.0006733621703460813, -0.0001598106318851933], [1.489548412791919e-05, 7.054976595100015e-05, -0.0001701773435343057, -0.00030157744185999036, -0.0007868435350246727, -0.0005701059126295149, 0.0010352481622248888, -0.0004986105486750603, 0.005172403994947672, -0.0010054876329377294, 0.001263476675376296, -0.0008886310388334095, 0.0013146850978955626], [-0.00027307370328344405, -8.94585027708672e-05, 0.0007149113225750625, 0.0013338257558643818, -0.0016330417711287737, 0.000706084945704788, 0.000444660458015278, 0.0009155093575827777, -0.0010054876329377294, 0.009062292985618114, 0.0005014388589188457, -0.00047062229714356363, -0.0005478915409184992], [-0.00020168487390037626, 0.00016096667968668044, 0.00011615491530392319, -0.0002255226281704381, 0.0012418718542903662, -0.002175114117562771, -0.00018801885016728193, -6.680050864815712e-05, 0.001263476675376296, 0.0005014388589188457, 0.008034063503146172, 0.0002754291344899684, 0.0017552038189023733], [-2.0327381207607687e-05, -0.00028899440076202154, -0.0004534043837338686, 0.00012594234431162477, -0.00027760278317146003, -0.0004743188910651952, -0.0009372949716635048, -0.0006733621703460813, -0.0008886310388334095, -0.00047062229714356363, 0.0002754291344899684, 0.010091397911310196, 0.0002520080015528947], [-0.0001700057473499328, 1.6192660041269846e-05, 0.0008163786260411143, -0.0008734544389881194, -0.0004427833773661405, 0.0012551931431517005, -0.0011230758391320705, -0.0001598106318851933, 0.0013146850978955626, -0.0005478915409184992, 0.0017552038189023733, 0.0002520080015528947, 0.007899020798504353]], "metadata.audio_properties.analysis.downmix": "mix", "metadata.audio_properties.codec": "mp3", "metadata.audio_properties.m