{"song_id": "1183672831347806218", "download": "https://cdn.discordapp.com/attachments/1135903449314238464/1183672831347806218/chirp.mp4?ex=6589303a&amp", "lyrics": "(Outro)\n\uaca8\uc6b8\ube44\uc758 \ub178\ub798\uac00\n\ub0b4 \uacc1\uc5d0 \uba38\ubb3c\ub7ec \uc8fc\uae38\n\uadf8\ub300\uc640 \ud568\uaed8 \ud560 \ub0a0\uc744\n\uae30\ub2e4\ub9ac\uba70\n\n\uadf8\ub300\uc640 \ud568\uaed8 \ud560 \ub0a0\uc744\n\uae30\ub2e4\ub9ac\uba70", "style": ["POP</span><span>, Acoustic</span><span>, Classic</span><span>, Symphony</span><span>,"], "essentia_features": {"lowlevel.average_loudness": 0.9514306783676147, "lowlevel.barkbands_crest.mean": 14.675148963928223, "lowlevel.barkbands_crest.stdev": 4.2434773445129395, "lowlevel.barkbands_flatness_db.mean": 0.26648852229118347, "lowlevel.barkbands_flatness_db.stdev": 0.07020904868841171, "lowlevel.barkbands_kurtosis.mean": 18.49609375, "lowlevel.barkbands_kurtosis.stdev": 21.966163635253906, "lowlevel.barkbands_skewness.mean": 2.8619985580444336, "lowlevel.barkbands_skewness.stdev": 1.9213268756866455, "lowlevel.barkbands_spread.mean": 7.877260684967041, "lowlevel.barkbands_spread.stdev": 8.316882133483887, "lowlevel.dissonance.mean": 0.41264602541923523, "lowlevel.dissonance.stdev": 0.05525471270084381, "lowlevel.dynamic_complexity": 2.7140958309173584, "lowlevel.erbbands_crest.mean": 14.962630271911621, "lowlevel.erbbands_crest.stdev": 5.698720455169678, "lowlevel.erbbands_flatness_db.mean": 0.24156586825847626, "lowlevel.erbbands_flatness_db.stdev": 0.05989823117852211, "lowlevel.erbbands_kurtosis.mean": 4.989317893981934, "lowlevel.erbbands_kurtosis.stdev": 8.39926815032959, "lowlevel.erbbands_skewness.mean": 1.2990686893463135, "lowlevel.erbbands_skewness.stdev": 1.4284871816635132, "lowlevel.erbbands_spread.mean": 25.236482620239258, "lowlevel.erbbands_spread.stdev": 17.633407592773438, "lowlevel.hfc.mean": 13.109894752502441, "lowlevel.hfc.stdev": 10.637194633483887, "lowlevel.loudness_ebu128.integrated": -12.614086151123047, "lowlevel.loudness_ebu128.loudness_range": 1.6542682647705078, "lowlevel.loudness_ebu128.momentary.mean": -13.266247749328613, "lowlevel.loudness_ebu128.momentary.stdev": 2.519698143005371, "lowlevel.loudness_ebu128.short_term.mean": -12.621322631835938, "lowlevel.loudness_ebu128.short_term.stdev": 0.4941801130771637, "lowlevel.melbands_crest.mean": 17.531618118286133, "lowlevel.melbands_crest.stdev": 4.5665483474731445, "lowlevel.melbands_flatness_db.mean": 0.3495961129665375, "lowlevel.melbands_flatness_db.stdev": 0.07911259680986404, "lowlevel.melbands_kurtosis.mean": 25.961597442626953, "lowlevel.melbands_kurtosis.stdev": 31.4984073638916, "lowlevel.melbands_skewness.mean": 3.2560665607452393, "lowlevel.melbands_skewness.stdev": 2.1882576942443848, "lowlevel.melbands_spread.mean": 8.881195068359375, "lowlevel.melbands_spread.stdev": 11.261877059936523, "lowlevel.pitch_salience.mean": 0.4778491258621216, "lowlevel.pitch_salience.stdev": 0.12861795723438263, "lowlevel.silence_rate_20dB.mean": 1.0, "lowlevel.silence_rate_20dB.stdev": 0.0, "lowlevel.silence_rate_30dB.mean": 1.0, "lowlevel.silence_rate_30dB.stdev": 0.0, "lowlevel.silence_rate_60dB.mean": 0.0034762455616146326, "lowlevel.silence_rate_60dB.stdev": 0.05885709077119827, "lowlevel.spectral_centroid.mean": 489.4671325683594, "lowlevel.spectral_centroid.stdev": 334.5513000488281, "lowlevel.spectral_complexity.mean": 9.466975212097168, "lowlevel.spectral_complexity.stdev": 5.254672050476074, "lowlevel.spectral_decrease.mean": -8.325639733186563e-09, "lowlevel.spectral_decrease.stdev": 5.980853146070331e-09, "lowlevel.spectral_energy.mean": 0.03261196240782738, "lowlevel.spectral_energy.stdev": 0.02319263480603695, "lowlevel.spectral_energyband_high.mean": 0.00020143759320490062, "lowlevel.spectral_energyband_high.stdev": 0.0003957683511544019, "lowlevel.spectral_energyband_low.mean": 0.005006081890314817, "lowlevel.spectral_energyband_low.stdev": 0.012987210415303707, "lowlevel.spectral_energyband_middle_high.mean": 0.0035708185750991106, "lowlevel.spectral_energyband_middle_high.stdev": 0.0053806607611477375, "lowlevel.spectral_energyband_middle_low.mean": 0.024380119517445564, "lowlevel.spectral_energyband_middle_low.stdev": 0.018894050270318985, "lowlevel.spectral_entropy.mean": 6.344070911407471, "lowlevel.spectral_entropy.stdev": 0.6803568005561829, "lowlevel.spectral_flux.mean": 0.07220274955034256, "lowlevel.spectral_flux.stdev": 0.053398944437503815, "lowlevel.spectral_kurtosis.mean": 17.678010940551758, "lowlevel.spectral_kurtosis.stdev": 17.51698875427246, "lowlevel.spectral_rms.mean": 0.005258636549115181, "lowlevel.spectral_rms.stdev": 0.0020404106471687555, "lowlevel.spectral_rolloff.mean": 634.3682861328125, "lowlevel.spectral_rolloff.stdev": 772.199462890625, "lowlevel.spectral_skewness.mean": 3.250110387802124, "lowlevel.spectral_skewness.stdev": 1.2579901218414307, "lowlevel.spectral_spread.mean": 3817581.5, "lowlevel.spectral_spread.stdev": 1947574.0, "lowlevel.spectral_strongpeak.mean": 1.0022934675216675, "lowlevel.spectral_strongpeak.stdev": 0.5602314472198486, "lowlevel.zerocrossingrate.mean": 0.028085507452487946, "lowlevel.zerocrossingrate.stdev": 0.020378997549414635, "metadata.audio_properties.analysis.equal_loudness": 0.0, "metadata.audio_properties.analysis.length": 20.010658264160156, "metadata.audio_properties.analysis.sample_rate": 44100.0, "metadata.audio_properties.analysis.start_time": 0.0, "metadata.audio_properties.bit_rate": 113782.0, "metadata.audio_properties.length": 20.010665893554688, "metadata.audio_properties.lossless": 0.0, "metadata.audio_properties.number_channels": 1.0, "metadata.audio_properties.replay_gain": -14.157329559326172, "metadata.audio_properties.sample_rate": 48000.0, "rhythm.beats_count": 45.0, "rhythm.beats_loudness.mean": 0.037018027156591415, "rhythm.beats_loudness.stdev": 0.016771366819739342, "rhythm.bpm": 137.98599243164062, "rhythm.bpm_histogram_first_peak_bpm": 140.0, "rhythm.bpm_histogram_first_peak_weight": 0.45945948362350464, "rhythm.bpm_histogram_second_peak_bpm": 133.0, "rhythm.bpm_histogram_second_peak_spread": 0.25, "rhythm.bpm_histogram_second_peak_weight": 0.06818182021379471, "rhythm.danceability": 1.1037458181381226, "rhythm.onset_rate": 3.8947012424468994, "tonal.chords_changes_rate": 0.06018518656492233, "tonal.chords_number_rate": 0.023148147389292717, "tonal.chords_strength.mean": 0.4673078954219818, "tonal.chords_strength.stdev": 0.10919517278671265, "tonal.hpcp_crest.mean": 16.108722686767578, "tonal.hpcp_crest.stdev": 6.868244647979736, "tonal.hpcp_entropy.mean": 1.7005788087844849, "tonal.hpcp_entropy.stdev": 0.6708141565322876, "tonal.key_edma.strength": 0.5608989596366882, "tonal.key_krumhansl.strength": 0.56768798828125, "tonal.key_temperley.strength": 0.5810437798500061, "tonal.tuning_diatonic_strength": 0.5157233476638794, "tonal.tuning_equal_tempered_deviation": 0.06276240199804306, "tonal.tuning_frequency": 438.2245178222656, "tonal.tuning_nontempered_energy_ratio": 0.6527965068817139, "lowlevel.barkbands.mean": [0.0002357824705541134, 0.0032447227276861668, 0.001049428479745984, 0.003552268259227276, 0.01481853611767292, 0.004436378367245197, 0.0007442351779900491, 0.0003936707216780633, 0.0002860652457457036, 0.00040924185304902494, 0.0006851484649814665, 0.0009803044376894832, 0.0004231290949974209, 0.00029547023586928844, 0.0003936394932679832, 0.00015072264068294317, 0.00019706036255229264, 7.609795284224674e-05, 3.1390136427944526e-05, 1.1253112461417913e-05, 6.940306320757372e-06, 5.64004949410446e-05, 3.0012470233486965e-05, 1.753098149492871e-05, 7.469020783901215e-05, 1.1765876479330473e-05, 9.38386861548679e-08], "lowlevel.barkbands.stdev": [0.0007100981310941279, 0.009586789645254612, 0.0035203422885388136, 0.006162628065794706, 0.015985049307346344, 0.003135218285024166, 0.0016872856067493558, 0.0010751186637207866, 0.0008356024045497179, 0.000952265050727874, 0.0017721597105264664, 0.0025741634890437126, 0.0014266055077314377, 0.0009978730231523514, 0.0010264471638947725, 0.0003659930662252009, 0.000406756647862494, 0.00023325822257902473, 0.00018472093506716192, 4.433049980434589e-05, 2.4093251340673305e-05, 0.00013138916983734816, 0.00012743477418553084, 4.258265471435152e-05, 0.00012784286809619516, 2.3728427549940534e-05, 9.133416938311711e-07], "lowlevel.erbbands.mean": [0.0978589579463005, 0.698426365852356, 1.423277497291565, 5.858892440795898, 53.854393005371094, 33.108280181884766, 17.67930793762207, 49.58123016357422, 15.921232223510742, 5.4321746826171875, 10.930963516235352, 8.172212600708008, 9.499451637268066, 17.60572624206543, 28.2418212890625, 47.38569259643555, 22.168657302856445, 14.834376335144043, 24.10802459716797, 11.197731971740723, 9.65910530090332, 11.393614768981934, 5.361764907836914, 2.115018844604492, 1.1304357051849365, 0.5440508127212524, 0.30439355969429016, 0.32583045959472656, 1.3751710653305054, 2.572751760482788, 0.5989022254943848, 0.12016898393630981, 0.5281824469566345, 1.023057460784912, 0.40267589688301086, 0.0934079959988594, 0.0137097779661417, 0.0009939064038917422, 4.425180668476969e-05, 3.880123404087499e-05], "lowlevel.erbbands.stdev": [0.266751766204834, 2.219630718231201, 4.4795355796813965, 8.43094253540039, 61.91754150390625, 46.466670989990234, 18.2320499420166, 36.506797790527344, 25.83557891845703, 11.490503311157227, 30.171873092651367, 20.86370086669922, 19.027816772460938, 47.49251174926758, 72.56390380859375, 126.2090072631836, 63.90030288696289, 41.812015533447266, 60.724205017089844, 31.76749038696289, 21.403228759765625, 23.003345489501953, 14.128671646118164, 11.27908706665039, 5.916383266448975, 2.206843852996826, 1.1740368604660034, 1.0809142589569092, 3.4128010272979736, 6.84244966506958, 2.9588489532470703, 0.465730220079422, 1.1375428438186646, 1.8444321155548096, 0.7097212076187134, 0.17240244150161743, 0.033891092985868454, 0.0030903436709195375, 0.00011218120926059783, 2.7034224331146106e-05], "lowlevel.gfcc.mean": [-77.90567779541016, 133.92941284179688, -92.12736511230469, 5.243226528167725, -57.09634017944336, 7.7910027503967285, -66.97437286376953, -13.297774314880371, -33.388938903808594, -9.402071952819824, -18.423297882080078, 5.773695945739746, -0.4118410050868988], "lowlevel.melbands.mean": [0.0008951804484240711, 0.0007885871455073357, 0.002526988508179784, 0.0035766384098678827, 0.0006570423720404506, 0.0009868104243651032, 0.00021453347289934754, 5.4059750254964456e-05, 8.876174251781777e-05, 4.568457370623946e-05, 4.637375968741253e-05, 6.799898983445019e-05, 9.53078706515953e-05, 0.00011805198300862685, 7.088883285177872e-05, 4.201940828352235e-05, 2.55915383604588e-05, 3.9003309211693704e-05, 2.3392030925606377e-05, 1.018368038785411e-05, 1.1281779734417796e-05, 1.2512648936535697e-05, 7.833367817511316e-06, 2.5721426482050447e-06, 1.6504581026310916e-06, 9.372748763780692e-07, 5.865769026058842e-07, 2.9522595923481276e-07, 1.8958795067192113e-07, 1.5062381919506151e-07, 1.8270570478762238e-07, 5.506602178684261e-07, 1.5327968867495656e-06, 1.2921786947117653e-06, 3.8912000377422373e-07, 7.49861186477574e-08, 5.128531910258971e-08, 2.4439799517494976e-07, 6.775338761144667e-07, 9.508727316642762e-07], "lowlevel.melbands.stdev": [0.002512826584279537, 0.0024512331001460552, 0.002968668472021818, 0.004047680180519819, 0.0006612039287574589, 0.0007133113103918731, 0.00038321144529618323, 0.000107403306174092, 0.00024040135031100363, 0.00012030332436552271, 9.548979141982272e-05, 0.00018963770708069205, 0.0002411666209809482, 0.00030313036404550076, 0.0001746091147651896, 0.00014485398423857987, 8.079649705905467e-05, 0.00010672978532966226, 6.781498086638749e-05, 2.8027168809785508e-05, 2.6485959097044542e-05, 2.608239446999505e-05, 1.799116398615297e-05, 9.877454431261867e-06, 9.794239304028451e-06, 4.681648988480447e-06, 2.9621141948155127e-06, 1.1692925454553915e-06, 7.947235189931234e-07, 5.148444301994459e-07, 6.630457392020617e-07, 1.6437268186564324e-06, 3.4636573218449485e-06, 3.8691755435138475e-06, 2.2397027805709513e-06, 3.17760338930384e-07, 2.4776039708740427e-07, 6.422616820600524e-07, 1.2476029951358214e-06, 1.7388290416420205e-06], "lowlevel.melbands128.mean": [0.00021057795675005764, 0.0007680817507207394, 0.0011748637771233916, 0.001162552973255515, 0.0008188409265130758, 0.00045720062917098403, 0.0004643212887458503, 0.0025130631402134895, 0.006816170644015074, 0.004403530154377222, 0.0011211165692657232, 0.0005191540694795549, 0.00043080662726424634, 0.0007685244781896472, 0.0017500946996733546, 0.0005873477784916759, 0.0001980625675059855, 0.0002324534289073199, 0.00011419241491239518, 2.7727812266675755e-05, 2.9973070923006162e-05, 8.877769869286567e-05, 0.00011994069063803181, 5.642204996547662e-05, 5.86275382374879e-05, 3.435015969444066e-05, 2.6030440494650975e-05, 6.277143256738782e-05, 3.810951966443099e-05, 6.828132609371096e-05, 5.1936985983047634e-05, 0.00011987652396783233, 0.00010946625843644142, 8.115071250358596e-05, 4.730249202111736e-05, 0.0001776281133061275, 0.00017065588326659054, 2.8255601137061603e-05, 3.854617170873098e-05, 6.074538760003634e-05, 4.2895124352071434e-05, 1.5198039363895077e-05, 2.3508777303504758e-05, 3.2744039344834164e-05, 2.844057416950818e-05, 4.323256871430203e-05, 5.096294989925809e-05, 2.0047036741743796e-05, 1.5760906535433605e-05, 1.1336312127241399e-05, 7.256160188262584e-06, 1.1535668818396516e-05, 1.2028960554744117e-05, 1.0655192454578355e-05, 1.1137270121253096e-05, 1.4120245396043174e-05, 1.3093434063193854e-05, 7.483934496121947e-06, 7.909008672868367e-06, 4.247663582646055e-06, 1.816927237996424e-06, 1.442683242203202e-06, 2.0059967482666252e-06, 1.7235117866221117e-06, 1.1119257123937132e-06, 8.912221574064461e-07, 9.078588618649519e-07, 6.075103442526597e-07, 5.492740910995053e-07, 4.825465680369234e-07, 3.007351665473834e-07, 1.9687486485508998e-07, 1.8211659380540368e-07, 2.0125813193772046e-07, 1.8221366815396323e-07, 1.503773887634452e-07, 1.338967479114217e-07, 1.458188307879027e-07, 1.7001548258122057e-07, 2.0678336909440986e-07, 4.2908391151286196e-07, 6.215390158104128e-07, 1.044133227878774e-06, 1.4299798749561887e-06, 2.2955591703066602e-06, 1.6811491150292568e-06, 8.417254093728843e-07, 6.736455020472931e-07, 4.083837268353818e-07, 1.5465367653177964e-07, 8.72657253125908e-08, 5.7655700658187925e-08, 4.084688498551259e-08, 4.338623682542675e-08, 5.373232170313713e-08, 1.0181154408428483e-07, 2.493923147994792e-07, 4.993329980607086e-07, 6.20945172613574e-07, 7.286138270501397e-07, 1.1078899433414335e-06, 9.877410320768831e-07, 7.977020572980109e-07, 6.550117745973694e-07, 4.00824717416981e-07, 2.8178303068671084e-07, 2.386130120157759e-07, 2.2523309439748118e-07, 1.6324729301686602e-07, 7.443254190775406e-08, 6.60089511939077e-08, 5.087472487730338e-08, 3.867311093586068e-08, 2.0706202974452026e-08, 1.4380796109492167e-08, 6.905019667158285e-09, 3.072103238466184e-09, 1.375743741149904e-09, 5.0375672383529135e-11, 3.5190075679814026e-12, 3.4262863813500077e-12, 3.3499238539375087e-12, 3.2781516216828788e-12, 3.219569142537404e-12, 3.1625810911067864e-12, 3.082913264951248e-12, 3.0386251240882567e-12, 3.019164996134749e-12], "lowlevel.melbands128.stdev": [0.0006460908334702253, 0.0020999072585254908, 0.003520540427416563, 0.0038890871219336987, 0.002806685632094741, 0.0015221147332340479, 0.0011292288545519114, 0.004310468211770058, 0.008475281298160553, 0.006273397710174322, 0.002629013964906335, 0.0008583307499065995, 0.0008590888464823365, 0.0006088006193749607, 0.0013620923273265362, 0.0005097797838971019, 0.0004696386749856174, 0.0006202877848409116, 0.00037834406248293817, 8.289275865536183e-05, 6.120817852206528e-05, 0.0002966818865388632, 0.0003735679783858359, 0.00026134870131500065, 0.00020118850807193667, 0.00010966894478769973, 6.694874900858849e-05, 0.0001676003448665142, 0.00011211878154426813, 0.0002532303042244166, 0.00030691231950186193, 0.0003335656365379691, 0.0003083565388806164, 0.00041189746116288006, 0.0002190321683883667, 0.0005395856569521129, 0.0005116130923852324, 0.00014013753389008343, 0.00020977227541152388, 0.00022274187358561903, 0.00019784185860771686, 8.389720460399985e-05, 8.911827171687037e-05, 0.00013337057316675782, 0.00016120825603138655, 0.0001370148966088891, 0.00014830028521828353, 8.186633931472898e-05, 6.553419370902702e-05, 4.13463385484647e-05, 2.9013986932113767e-05, 3.0311844966490753e-05, 3.347546953591518e-05, 3.196060788468458e-05, 2.787109224300366e-05, 3.6201665352564305e-05, 3.422287409193814e-05, 2.1707348423660733e-05, 2.155792390112765e-05, 1.5595267541357316e-05, 8.373745913559105e-06, 9.616271199774928e-06, 1.247292402695166e-05, 1.377195349050453e-05, 4.817966782866279e-06, 4.355518740339903e-06, 5.4525703490071464e-06, 3.837521035165992e-06, 2.7653941288008355e-06, 2.0739369119837647e-06, 1.3101093827572186e-06, 6.9045779582666e-07, 8.447939876532473e-07, 9.440866506338352e-07, 8.215813522838289e-07, 5.454610345623223e-07, 4.7324243723778636e-07, 5.574304964284238e-07, 6.097565119489445e-07, 7.468200919902301e-07, 2.1383796138252364e-06, 1.8004545836447505e-06, 2.523345756344497e-06, 3.431200639170129e-06, 5.785862867924152e-06, 4.750090283778263e-06, 3.3523353977216175e-06, 3.305630571048823e-06, 2.984692628160701e-06, 9.356281793770904e-07, 3.5466547387841274e-07, 2.2579341418804688e-07, 1.9816486940271716e-07, 2.680051522929716e-07, 2.9314864491425396e-07, 4.311308998694585e-07, 7.103867005753273e-07, 1.365177354273328e-06, 1.2252219221409177e-06, 1.337689241154294e-06, 2.3419083845510613e-06, 1.8342607290833257e-06, 1.6788254697530647e-06, 1.2956438695255201e-06, 9.434755270376627e-07, 4.791074843524257e-07, 4.3779868974525016e-07, 3.9193434986373177e-07, 3.6296756888987147e-07, 2.0685176593815413e-07, 2.987182483593642e-07, 1.3726425152071897e-07, 9.46781852917411e-08, 6.80389575791196e-08, 3.996763808800097e-08, 2.8420737763212855e-08, 1.7625392700892917e-08, 2.579681179781801e-08, 8.097476023039007e-10, 5.719131331710647e-12, 5.572404083303839e-12, 5.441955913676466e-12, 5.329746626675513e-12, 5.2345150783339456e-12, 5.156523645577504e-12, 5.0905360655939536e-12, 5.044400661069481e-12, 5.016078698238946e-12], "lowlevel.mfcc.mean": [-737.7125854492188, 178.39981079101562, 14.248627662658691, 4.823169231414795, 17.514862060546875, 4.837186813354492, -15.28497314453125, -10.593323707580566, -8.151178359985352, -31.951812744140625, -3.1936941146850586, -25.166963577270508, 7.689972400665283], "lowlevel.spectral_contrast_coeffs.mean": [-0.541115403175354, -0.6439128518104553, -0.7629538774490356, -0.7842971682548523, -0.7876011729240417, -0.7547252178192139], "lowlevel.spectral_contrast_coeffs.stdev": [0.12475385516881943, 0.06463851779699326, 0.07738955318927765, 0.058600492775440216, 0.05951191484928131, 0.06208964064717293], "lowlevel.spectral_contrast_valleys.mean": [-7.420022010803223, -7.4247050285339355, -7.99423360824585, -8.38727855682373, -9.264958381652832, -11.889114379882812], "lowlevel.spectral_contrast_valleys.stdev": [1.0310524702072144, 0.7027034163475037, 0.8651764392852783, 0.9295995831489563, 0.9578503370285034, 1.1609126329421997], "rhythm.beats_loudness_band_ratio.mean": [0.5727275013923645, 0.4380107820034027, 0.050370845943689346, 0.05705271661281586, 0.021921265870332718, 0.004528967663645744], "rhythm.beats_loudness_band_ratio.stdev": [0.21539203822612762, 0.19470594823360443, 0.06019451096653938, 0.0848592221736908, 0.030741650611162186, 0.005678160116076469], "tonal.hpcp.mean": [0.15135854482650757, 0.10625813901424408, 0.05743354931473732, 0.07498995214700699, 0.05757499113678932, 0.03527076914906502, 0.027844157069921494, 0.018173830583691597, 0.06010204181075096, 0.13185779750347137, 0.0870143249630928, 0.015976963564753532, 0.01913958042860031, 0.01838628575205803, 0.08263040333986282, 0.16642600297927856, 0.11163005977869034, 0.03776223957538605, 0.028452251106500626, 0.02026543952524662, 0.03176421672105789, 0.04662935808300972, 0.04291831701993942, 0.23535965383052826, 0.4758016765117645, 0.2791317403316498, 0.04213285446166992, 0.052429668605327606, 0.06251941621303558, 0.20459461212158203, 0.3537347912788391, 0.22352583706378937, 0.0774432048201561, 0.060181111097335815, 0.05580778792500496, 0.09808284044265747], "tonal.hpcp.stdev": [0.2724616229534149, 0.20260949432849884, 0.16375674307346344, 0.20869863033294678, 0.15345442295074463, 0.09479323029518127, 0.07643009722232819, 0.06046019494533539, 0.13381053507328033, 0.2580600678920746, 0.175767183303833, 0.07144749164581299, 0.09368519484996796, 0.076578788459301, 0.14033010601997375, 0.25689560174942017, 0.17818886041641235, 0.11345401406288147, 0.10003689676523209, 0.07308194041252136, 0.0971098244190216, 0.1297423392534256, 0.1220485270023346, 0.23646816611289978, 0.3944862186908722, 0.25820285081863403, 0.14630065858364105, 0.17978116869926453, 0.19104568660259247, 0.2951291501522064, 0.43210479617118835, 0.31036755442619324, 0.22111496329307556, 0.1924402117729187, 0.17606420814990997, 0.21785663068294525], "rhythm.beats_position": [0.42956915497779846, 0.8823582530021667, 1.3351473808288574, 1.8111563920974731, 2.2755556106567383, 2.763174533843994, 3.2391836643218994, 3.6919727325439453, 4.121541976928711, 4.551111221313477, 4.992290019989014, 5.433469295501709, 5.874648571014404, 6.315827369689941, 6.745396614074707, 7.174965858459473, 7.604535102844238, 8.034104347229004, 8.46367359161377, 8.893242835998535, 9.334421157836914, 9.77560043334961, 10.216779708862305, 10.657958984375, 11.087528228759766, 11.517097473144531, 11.946666717529297, 12.387845993041992, 12.829024314880371, 13.258593559265137, 13.699772834777832, 14.140952110290527, 14.570521354675293, 15.000090599060059, 15.429659843444824, 15.87083911895752, 16.3120174407959, 16.741586685180664, 17.18276596069336, 17.612335205078125, 18.04190444946289, 18.483083724975586, 18.92426300048828, 19.353832244873047, 19.783401489257812], "rhythm.bpm_histogram": [0.0, 0.0, 0.0, 0.0, 0.0, 0.0, 0.0, 0.0, 0.0, 0.0, 0.0, 0.0, 0.0, 0.0, 0.0, 0.0, 0.0, 0.0, 0.0, 0.0, 0.0, 0.0, 0.0, 0.0, 0.0, 0.0, 0.0, 0.0, 0.0, 0.0, 0.0, 0.0, 0.0, 0.0, 0.0, 0.0, 0.0, 0.0, 0.0, 0.0, 0.0, 0.0, 0.0, 0.0, 0.0, 0.0, 0.0, 0.0, 0.0, 0.0, 0.0, 0.0, 0.0, 0.0, 0.0, 0.0, 0.0, 0.0, 0.0, 0.0, 0.0, 0.0, 0.0, 0.0, 0.0, 0.0, 0.0, 0.0, 0.0, 0.0, 0.0, 0.0, 0.0, 0.0, 0.0, 0.0, 0.0, 0.0, 0.0, 0.0, 0.0, 0.0, 0.0, 0.0, 0.0, 0.0, 0.0, 0.0, 0.0, 0.0, 0.0, 0.0, 0.0, 0.0, 0.0, 0.0, 0.0, 0.0, 0.0, 0.0, 0.0, 0.0, 0.0, 0.0, 0.0, 0.0, 0.0, 0.0, 0.0, 0.0, 0.0, 0.0, 0.0, 0.0, 0.0, 0.0, 0.0, 0.0, 0.0, 0.0, 0.0, 0.0, 0.0, 0.022727273404598236, 0.0, 0.0, 0.04545454680919647, 0.0, 0.0, 0.022727273404598236, 0.0, 0.0, 0.0, 0.06818182021379471, 0.0, 0.0, 0.3863636255264282, 0.0, 0.0, 0.0, 0.4545454680919647, 0.0, 0.0, 0.0, 0.0, 0.0, 0.0, 0.0, 0.0, 0.0, 0.0, 0.0, 0.0, 0.0, 0.0, 0.0, 0.0, 0.0, 0.0, 0.0, 0.0, 0.0, 0.0, 0.0, 0.0, 0.0, 0.0, 0.0, 0.0, 0.0, 0.0, 0.0, 0.0, 0.0, 0.0, 0.0, 0.0, 0.0, 0.0, 0.0, 0.0, 0.0, 0.0, 0.0, 0.0, 0.0, 0.0, 0.0, 0.0, 0.0, 0.0, 0.0, 0.0, 0.0, 0.0, 0.0, 0.0, 0.0, 0.0, 0.0, 0.0, 0.0, 0.0, 0.0, 0.0, 0.0, 0.0, 0.0, 0.0, 0.0, 0.0, 0.0, 0.0, 0.0, 0.0, 0.0, 0.0, 0.0, 0.0, 0.0, 0.0, 0.0, 0.0, 0.0, 0.0, 0.0, 0.0, 0.0, 0.0, 0.0, 0.0, 0.0, 0.0, 0.0, 0.0, 0.0, 0.0, 0.0, 0.0, 0.0, 0.0, 0.0, 0.0, 0.0, 0.0, 0.0, 0.0, 0.0, 0.0, 0.0], "tonal.chords_histogram": [26.157407760620117, 2.5462963581085205, 1.1574074029922485, 1.6203703880310059, 14.120369911193848, 0.0, 0.0, 0.0, 1.8518518209457397, 0.0, 0.0, 0.0, 0.0, 0.0, 0.0, 0.0, 0.0, 1.8518518209457397, 0.0, 0.0, 0.0, 4.166666507720947, 2.0833332538604736, 44.44444274902344], "tonal.thpcp": [1.0, 0.5866556763648987, 0.08855129778385162, 0.11019227653741837, 0.1313980519771576, 0.42999976873397827, 0.7434500455856323, 0.4697878360748291, 0.16276362538337708, 0.12648360431194305, 0.117292121052742, 0.20614227652549744, 0.31811267137527466, 0.22332443296909332, 0.12070900946855545, 0.15760758519172668, 0.12100628018379211, 0.0741291418671608, 0.05852051079273224, 0.03819623216986656, 0.12631742656230927, 0.2771276533603668, 0.18287940323352814, 0.03357904031872749, 0.04022596403956413, 0.038642752915620804, 0.17366564273834229, 0.34978020191192627, 0.23461468517780304, 0.07936550676822662, 0.059798549860715866, 0.04259219765663147, 0.06675936281681061, 0.09800166636705399, 0.09020211547613144, 0.4946591556072235], "lowlevel.gfcc.cov": [[8038.93603515625, -2736.169189453125, -276.5235595703125, 79.63256072998047, -100.40583038330078, 1027.043701171875, -731.1033935546875, 850.892333984375, -525.9607543945312, -18.95948028564453, -956.1231689453125, 368.5667419433594, -635.7982177734375], [-2736.169189453125, 2077.915283203125, 310.08416748046875, -108.08416748046875, 274.7618103027344, -246.84519958496094, 538.4249267578125, -353.34027099609375, 356.2149658203125, 29.04291343688965, 515.05810546875, -184.2783660888672, 362.8341064453125], [-276.5235595703125, 310.08416748046875, 493.6913757324219, 200.88397216796875, 105.17074584960938, 89.67285919189453, 187.43643188476562, 75.82987213134766, 36.572391510009766, 38.95174789428711, 95.57965087890625, 12.05757999420166, 55.49601745605469], [79.63256072998047, -108.08416748046875, 200.88397216796875, 741.4808349609375, 125.23563385009766, -131.80599975585938, -0.14019067585468292, 145.84454345703125, 240.4405059814453, 118.34375762939453, 144.70703125, -19.450714111328125, 108.21908569335938], [-100.40583038330078, 274.7618103027344, 105.17074584960938, 125.23563385009766, 275.7299499511719, 88.98054504394531, 82.3018798828125, 46.841190338134766, 89.4093246459961, 57.66983413696289, 75.6122055053711, 4.323009967803955, 50.49108123779297], [1027.043701171875, -246.84519958496094, 89.67285919189453, -131.80599975585938, 88.98054504394531, 469.1667175292969, 65.95449829101562, 152.90065002441406, -132.86412048339844, 30.335060119628906, -119.93624114990234, 89.54561614990234, -120.26837921142578], [-731.1033935546875, 538.4249267578125, 187.43643188476562, -0.14019067585468292, 82.3018798828125, 65.95449829101562, 380.1659240722656, -39.54461669921875, 38.08899688720703, 50.52360916137695, 176.31053161621094, 15.112835884094238, 61.71857833862305], [850.892333984375, -353.34027099609375, 75.82987213134766, 145.84454345703125, 46.841190338134766, 152.90065002441406, -39.54461669921875, 261.42315673828125, 12.818659782409668, 48.0113525390625, -76.12283325195312, 68.00972747802734, -56.288475036621094], [-525.9607543945312, 356.2149658203125, 36.572391510009766, 240.4405059814453, 89.4093246459961, -132.86412048339844, 38.08899688720703, 12.818659782409668, 317.6421813964844, 122.5714340209961, 163.86398315429688, -56.12579345703125, 138.70262145996094], [-18.95948028564453, 29.04291343688965, 38.95174789428711, 118.34375762939453, 57.66983413696289, 30.335060119628906, 50.52360916137695, 48.0113525390625, 122.5714340209961, 172.05409240722656, 91.09040832519531, 34.644527435302734, 46.26996994018555], [-956.1231689453125, 515.05810546875, 95.57965087890625, 144.70703125, 75.6122055053711, -119.93624114990234, 176.31053161621094, -76.12283325195312, 163.86398315429688, 91.09040832519531, 296.73944091796875, -4.511603355407715, 151.67449951171875], [368.5667419433594, -184.2783660888672, 12.05757999420166, -19.450714111328125, 4.323009967803955, 89.54561614990234, 15.112835884094238, 68.00972747802734, -56.12579345703125, 34.644527435302734, -4.511603355407715, 153.0238800048828, -20.109912872314453], [-635.7982177734375, 362.8341064453125, 55.49601745605469, 108.21908569335938, 50.49108123779297, -120.26837921142578, 61.71857833862305, -56.288475036621094, 138.70262145996094, 46.26996994018555, 151.67449951171875, -20.109912872314453, 162.16847229003906]], "lowlevel.gfcc.icov": [[0.0004930999130010605, -0.0005079501424916089, 0.0005094755906611681, -0.0007737301639281213, 0.0005448085139505565, -0.0008798623457551003, 0.0008530877530574799, -0.0008101586136035621, 0.0006097814766690135, -0.000451562023954466, 0.0009547676891088486, -0.0007286627660505474, 0.0006076325080357492], [-0.0005079501424916089, 0.006022545974701643, -0.0029071683529764414, 0.004676662851125002, -0.004294749349355698, 0.0018881253199651837, -0.004777797032147646, 0.0034767810720950365, -0.005572470836341381, 0.004363593645393848, -0.0038936869241297245, 0.0035404886584728956, -0.004227775614708662], [0.0005094755906611681, -0.0029071683529764414, 0.004872227553278208, -0.0034267387818545103, 0.0020251604728400707, -0.001965905539691448, 0.0010757057461887598, -0.002832468831911683, 0.003721898887306452, -0.0018031795043498278, 0.0022192196920514107, -0.00136749935336411, 0.0007262460421770811], [-0.0007737301639281213, 0.004676662851125002, -0.0034267387818545103, 0.006711071357131004, -0.00413462333381176, 0.0033015829976648092, -0.0034124255180358887, 0.0012030034558847547, -0.0051068877801299095, 0.0028921847697347403, -0.0044099027290940285, 0.0035210498608648777, -0.0032467881683260202], [0.0005448085139505565, -0.004294749349355698, 0.0020251604728400707, -0.00413462333381176, 0.008441957645118237, -0.0036226361989974976, 0.0033554821275174618, -0.0026012342423200607, 0.002872625133022666, -0.0026769370306283236, 0.0024695233441889286, -0.0024668967816978693, 0.0020073431078344584], [-0.0008798623457551003, 0.0018881253199651837, -0.001965905539691448, 0.0033015829976648092, -0.0036226361989974976, 0.006990915164351463, -0.003352947300300002, -0.00029858388006687164, -0.0005141068832017481, -0.0006020603468641639, -0.0008711933041922748, 0.0013483078218996525, -0.00012603527284227312], [0.0008530877530574799, -0.004777797032147646, 0.0010757057461887598, -0.0034124255180358887, 0.0033554821275174618, -0.003352947300300002, 0.00949458871036768, -0.002681143581867218, 0.004714511800557375, -0.0034814670216292143, -6.469489017035812e-05, -0.003098138840869069, 0.004505361430346966], [-0.0008101586136035621, 0.0034767810720950365, -0.002832468831911683, 0.0012030034558847547, -0.0026012342423200607, -0.00029858388006687164, -0.002681143581867218, 0.011369065381586552, -0.006049917079508305, 0.0025485169608145952, -0.000506468815729022, -0.0008920526597648859, -0.00042324981768615544], [0.0006097814766690135, -0.005572470836341381, 0.003721898887306452, -0.0051068877801299095, 0.002872625133022666, -0.0005141068832017481, 0.004714511800557375, -0.006049917079508305, 0.015223623253405094, -0.008978419937193394, 0.002383771352469921, 0.0009089119266718626, -0.0007529088761657476], [-0.000451562023954466, 0.004363593645393848, -0.0018031795043498278, 0.0028921847697347403, -0.0026769370306283236, -0.0006020603468641639, -0.0034814670216292143, 0.0025485169608145952, -0.008978419937193394, 0.014539552852511406, -0.005258365999907255, -0.0004933173768222332, -0.0018621510826051235], [0.0009547676891088486, -0.0038936869241297245, 0.0022192196920514107, -0.0044099027290940285, 0.0024695233441889286, -0.0008711933041922748, -6.469489017035812e-05, -0.000506468815729022, 0.002383771352469921, -0.005258365999907255, 0.014733427204191685, -0.004795196931809187, -0.0018409781623631716], [-0.0007286627660505474, 0.0035404886584728956, -0.00136749935336411, 0.0035210498608648777, -0.0024668967816978693, 0.0013483078218996525, -0.003098138840869069, -0.0008920526597648859, 0.0009089119266718626, -0.0004933173768222332, -0.004795196931809187, 0.012792777270078659, -0.0045878398232162], [0.0006076325080357492, -0.004227775614708662, 0.0007262460421770811, -0.0032467881683260202, 0.0020073431078344584, -0.00012603527284227312, 0.004505361430346966, -0.00042324981768615544, -0.0007529088761657476, -0.0018621510826051235, -0.0018409781623631716, -0.0045878398232162, 0.01967419683933258]], "lowlevel.mfcc.cov": [[6937.111328125, -2313.772216796875, -407.3636779785156, -536.3696899414062, 475.36279296875, -148.58119201660156, -52.36205291748047, 414.8451232910156, 434.80023193359375, -438.0600280761719, 577.7178955078125, -726.8087158203125, 381.50469970703125], [-2313.772216796875, 1883.8912353515625, 120.37477111816406, -81.44940185546875, -181.92294311523438, 267.432373046875, 179.59646606445312, -34.99100112915039, -58.369083404541016, 135.69178771972656, -120.1627426147461, 230.5518035888672, -8.187729835510254], [-407.3636779785156, 120.37477111816406, 451.1674499511719, 233.9770050048828, 25.103620529174805, 45.01734161376953, 107.0525131225586, 51.846649169921875, 7.7981038093566895, 142.5891876220703, -54.98072814941406, 155.6953125, -2.56257700920105], [-536.3696899414062, -81.44940185546875, 233.9770050048828, 709.29931640625, 152.30250549316406, -39.239009857177734, -60.832176208496094, -70.19573974609375, 26.62225914001465, 216.15087890625, -60.210205078125, 241.0851287841797, -21.8907527923584], [475.36279296875, -181.92294311523438, 25.103620529174805, 152.30250549316406, 355.97198486328125, -8.036201477050781, -44.90420150756836, 1.4266585111618042, 118.93335723876953, 62.30866622924805, 72.0572738647461, -13.4556884765625, 50.99614334106445], [-148.58119201660156, 267.432373046875, 45.01734161376953, -39.239009857177734, -8.036201477050781, 254.8278045654297, 148.3726043701172, 61.8248176574707, 10.002159118652344, 56.57820510864258, 51.690311431884766, 42.7443733215332, 39.50447082519531], [-52.36205291748047, 179.59646606445312, 107.0525131225586, -60.832176208496094, -44.90420150756836, 148.3726043701172, 281.6288146972656, 146.19752502441406, -4.786029815673828, -6.105632305145264, 33.822532653808594, 52.42799758911133, 37.6307487487793], [414.8451232910156, -34.99100112915039, 51.846649169921875, -70.19573974609375, 1.4266585111618042, 61.8248176574707, 146.19752502441406, 210.87425231933594, 40.198570251464844, -40.91809844970703, 66.60494232177734, -25.855188369750977, 62.039005279541016], [434.80023193359375, -58.369083404541016, 7.7981038093566895, 26.62225914001465, 118.93335723876953, 10.002159118652344, -4.786029815673828, 40.198570251464844, 185.0529327392578, 26.001680374145508, 83.0780258178711, -50.69964599609375, 93.995361328125], [-438.0600280761719, 135.69178771972656, 142.5891876220703, 216.15087890625, 62.30866622924805, 56.57820510864258, -6.105632305145264, -40.91809844970703, 26.001680374145508, 278.9161682128906, -14.2025785446167, 186.4628448486328, -47.66244888305664], [577.7178955078125, -120.1627426147461, -54.98072814941406, -60.210205078125, 72.0572738647461, 51.690311431884766, 33.822532653808594, 66.60494232177734, 83.0780258178711, -14.2025785446167, 207.99652099609375, -79.80176544189453, 86.96056365966797], [-726.8087158203125, 230.5518035888672, 155.6953125, 241.0851287841797, -13.4556884765625, 42.7443733215332, 52.42799758911133, -25.855188369750977, -50.69964599609375, 186.4628448486328, -79.80176544189453, 282.3404541015625, -65.60132598876953], [381.50469970703125, -8.187729835510254, -2.56257700920105, -21.8907527923584, 50.99614334106445, 39.50447082519531, 37.6307487487793, 62.039005279541016, 93.995361328125, -47.66244888305664, 86.96056365966797, -65.60132598876953, 198.57484436035156]], "lowlevel.mfcc.icov": [[0.000476753426482901, 0.0004939115606248379, 7.080902287270874e-05, 0.0002916552184615284, -0.0002744775265455246, -0.00010712460789363831, 0.00014114295481704175, -0.0005489196628332138, -0.0004348733345977962, 0.0001427905517630279, -0.00034221159876324236, 0.00015010777860879898, -0.00018639485642779619], [0.0004939115606248379, 0.0013155441265553236, 2.743081859080121e-05, 0.0006293010083027184, -3.632327207014896e-05, -0.0008570716599933803, 2.6515886929701082e-05, -0.00011413453466957435, -0.0007398377056233585, 0.00017209452926181257, 0.00011965745943598449, -0.0005624649929814041, -0.0004611800832208246], [7.080902287270874e-05, 2.743081859080121e-05, 0.0037002721801400185, -0.0008729699766263366, -2.146450788131915e-05, 0.000487020006403327, -0.0015461368020623922, -0.0008964022854343057, -4.267479744157754e-05, -0.0015495469560846686, 0.0011740179033949971, 0.00022821404854767025, -0.0004921765066683292], [0.0002916552184615284, 0.0006293010083027184, -0.0008729699766263366, 0.0031441361643373966, -0.0010293356608599424, 0.00010948213457595557, 0.0009050199296325445, 0.0001675551029620692, -0.0005350934225134552, -2.357238918193616e-05, -6.88067520968616e-05, -0.0024501460138708353, -0.0007120026857592165], [-0.0002744775265455246, -3.632327207014896e-05, -2.146450788131915e-05, -0.0010293356608599424, 0.004417896270751953, -0.00019466715457383543, 0.00025148948770947754, 0.0004199330578558147, -0.001833661925047636, -0.0005851060268469155, -0.00044934943434782326, 0.0004225421871524304, 0.00020128852338530123], [-0.00010712460789363831, -0.0008570716599933803, 0.000487020006403327, 0.00010948213457595557, -0.00019466715457383543, 0.007585895713418722, -0.0038934731855988503, 0.0005399177316576242, 0.0011470450554043055, -0.002618617843836546, -0.0012170980917289853, 0.0010363809997215867, -0.000997279305011034], [0.00014114295481704175, 2.6515886929701082e-05, -0.0015461368020623922, 0.0009050199296325445, 0.00025148948770947754, -0.0038934731855988503, 0.009641749784350395, -0.004819459747523069, 2.0908250007778406e-05, 0.002581173088401556, -0.0007301666191779077, -0.0030913304071873426, 0.00010642220877343789], [-0.0005489196628332138, -0.00011413453466957435, -0.0008964022854343057, 0.0001675551029620692, 0.0004199330578558147, 0.0005399177316576242, -0.004819459747523069, 0.00997890904545784, -0.0008810526924207807, 0.0008392254239879549, -0.000948509608861059, -0.0003017094568349421, -0.00042860061512328684], [-0.0004348733345977962, -0.0007398377056233585, -4.267479744157754e-05, -0.0005350934225134552, -0.001833661925047636, 0.0011470450554043055, 2.0908250007778406e-05, -0.0008810526924207807, 0.010917703621089458, -0.0033051359932869673, -0.0008679594611749053, 0.002722262404859066, -0.0034223231486976147], [0.0001427905517630279, 0.00017209452926181257, -0.0015495469560846686, -2.357238918193616e-05, -0.0005851060268469155, -0.002618617843836546, 0.002581173088401556, 0.0008392254239879549, -0.0033051359932869673, 0.010158846154808998, -0.001934695988893509, -0.006217980291694403, 0.0024259542115032673], [-0.00034221159876324236, 0.00011965745943598449, 0.0011740179033949971, -6.88067520968616e-05, -0.00044934943434782326, -0.0012170980917289853, -0.0007301666191779077, -0.000948509608861059, -0.0008679594611749053, -0.001934695988893509, 0.00864842813462019, 0.0017957058735191822, -0.0017854484030976892], [0.00015010777860879898, -0.0005624649929814041, 0.00022821404854767025, -0.0024501460138708353, 0.0004225421871524304, 0.0010363809997215867, -0.0030913304071873426, -0.0003017094568349421, 0.002722262404859066, -0.006217980291694403, 0.0017957058735191822, 0.01190138142555952, 0.00015098035510163754], [-0.00018639485642779619, -0.0004611800832208246, -0.0004921765066683292, -0.0007120026857592165, 0.00020128852338530123, -0.000997279305011034, 0.00010642220877343789, -0.00042860061512328684, -0.0034223231486976147, 0.0024259542115032673, -0.0017854484030976892, 0.00015098035510163754, 0.008584580384194851]], "metadata.audio_properties.analysis.downmix": "mix", "metadata.audio_properties.codec": "mp3", "metadata.audio_properties.md5_encoded": "2fe88665932ab9b4d1bf8324e9a2a58e", "metadata.tags.file_name": "1183672831347806218.mp3", "metadata.version.essentia": "2.1-beta6-dev", "metadata.version.essentia_git_sha": "v2.1_beta5-1110-g77a6a954", "metadata.version.extractor": "music 2.0", "tonal.chords_key": "D", "tonal.chords_scale": "minor", "tonal.key_edma.key": "Bb", "tonal.key_edma.scale": "major", "tonal.key_krumhansl.key": "F", "tonal.key_krumhansl.scale": "major", "tonal.key_temperley.key": "F", "tonal.key_temperley.scale": "major", "metadata.tags.encoding": ["Lavf58.45.100"]}, "essentia_models": [{"model_name": "genre_dortmund", "activations": {"alternative": "0.4165659", "blues": "0.013088707", "electronic": "0.0035163823", "folkcountry": "0.3242818", "funksoulrnb": "0.015782777", "jazz": "0.03049466", "pop": "0.10726873", "raph