{"song_id": "1183681393197318144", "download": "https://cdn.discordapp.com/attachments/1135911532732108921/1183681393197318144/chirp.mp4?ex=65893833&amp", "lyrics": "[Verse]\nIn the realm of QA, we rise\nWith eagle eyes, we scrutinize\nBugs and errors, we'll neutralize\nImproving systems, reaching the skies\n\n[Chorus]\nQuality Assurance, our guiding light\nWe ensure perfection, with all our might\nTesting and debugging, both day and night\nQA warriors, we strive for what's right", "style": ["random"], "essentia_features": {"lowlevel.average_loudness": 0.9553442597389221, "lowlevel.barkbands_crest.mean": 22.829214096069336, "lowlevel.barkbands_crest.stdev": 3.2312228679656982, "lowlevel.barkbands_flatness_db.mean": 0.3117973506450653, "lowlevel.barkbands_flatness_db.stdev": 0.07172805070877075, "lowlevel.barkbands_kurtosis.mean": 68.77041625976562, "lowlevel.barkbands_kurtosis.stdev": 83.4244155883789, "lowlevel.barkbands_skewness.mean": 6.6914191246032715, "lowlevel.barkbands_skewness.stdev": 3.9078590869903564, "lowlevel.barkbands_spread.mean": 12.40911865234375, "lowlevel.barkbands_spread.stdev": 14.270981788635254, "lowlevel.dissonance.mean": 0.48190656304359436, "lowlevel.dissonance.stdev": 0.014148145914077759, "lowlevel.dynamic_complexity": 1.4810315370559692, "lowlevel.erbbands_crest.mean": 11.181073188781738, "lowlevel.erbbands_crest.stdev": 4.1442108154296875, "lowlevel.erbbands_flatness_db.mean": 0.1616726666688919, "lowlevel.erbbands_flatness_db.stdev": 0.02970089577138424, "lowlevel.erbbands_kurtosis.mean": 0.2845553457736969, "lowlevel.erbbands_kurtosis.stdev": 2.327723503112793, "lowlevel.erbbands_skewness.mean": -0.2322646975517273, "lowlevel.erbbands_skewness.stdev": 1.035374641418457, "lowlevel.erbbands_spread.mean": 77.7676010131836, "lowlevel.erbbands_spread.stdev": 28.4010009765625, "lowlevel.hfc.mean": 56.4130973815918, "lowlevel.hfc.stdev": 46.91864776611328, "lowlevel.loudness_ebu128.integrated": -11.89494514465332, "lowlevel.loudness_ebu128.loudness_range": 3.338200569152832, "lowlevel.loudness_ebu128.momentary.mean": -12.208317756652832, "lowlevel.loudness_ebu128.momentary.stdev": 1.7198525667190552, "lowlevel.loudness_ebu128.short_term.mean": -11.988678932189941, "lowlevel.loudness_ebu128.short_term.stdev": 1.1926246881484985, "lowlevel.melbands_crest.mean": 28.211997985839844, "lowlevel.melbands_crest.stdev": 4.773828983306885, "lowlevel.melbands_flatness_db.mean": 0.40198975801467896, "lowlevel.melbands_flatness_db.stdev": 0.07696517556905746, "lowlevel.melbands_kurtosis.mean": 196.0009307861328, "lowlevel.melbands_kurtosis.stdev": 149.38455200195312, "lowlevel.melbands_skewness.mean": 11.106528282165527, "lowlevel.melbands_skewness.stdev": 4.225712299346924, "lowlevel.melbands_spread.mean": 5.755358695983887, "lowlevel.melbands_spread.stdev": 7.860873222351074, "lowlevel.pitch_salience.mean": 0.1891728937625885, "lowlevel.pitch_salience.stdev": 0.12451552599668503, "lowlevel.silence_rate_20dB.mean": 0.7355223894119263, "lowlevel.silence_rate_20dB.stdev": 0.4410540759563446, "lowlevel.silence_rate_30dB.mean": 0.08835820853710175, "lowlevel.silence_rate_30dB.stdev": 0.28381505608558655, "lowlevel.silence_rate_60dB.mean": 0.0017910447204485536, "lowlevel.silence_rate_60dB.stdev": 0.04228295013308525, "lowlevel.spectral_centroid.mean": 1098.1229248046875, "lowlevel.spectral_centroid.stdev": 798.1279907226562, "lowlevel.spectral_complexity.mean": 14.202984809875488, "lowlevel.spectral_complexity.stdev": 5.799171447753906, "lowlevel.spectral_decrease.mean": -6.548109610093888e-08, "lowlevel.spectral_decrease.stdev": 2.8194623524768758e-08, "lowlevel.spectral_energy.mean": 0.25225770473480225, "lowlevel.spectral_energy.stdev": 0.10676919668912888, "lowlevel.spectral_energyband_high.mean": 0.004397734068334103, "lowlevel.spectral_energyband_high.stdev": 0.006479993462562561, "lowlevel.spectral_energyband_low.mean": 0.23508495092391968, "lowlevel.spectral_energyband_low.stdev": 0.10846661776304245, "lowlevel.spectral_energyband_middle_high.mean": 0.004238117951899767, "lowlevel.spectral_energyband_middle_high.stdev": 0.004267354495823383, "lowlevel.spectral_energyband_middle_low.mean": 0.00884018000215292, "lowlevel.spectral_energyband_middle_low.stdev": 0.012612043879926205, "lowlevel.spectral_entropy.mean": 7.42716121673584, "lowlevel.spectral_entropy.stdev": 0.44105857610702515, "lowlevel.spectral_flux.mean": 0.11111335456371307, "lowlevel.spectral_flux.stdev": 0.07988516986370087, "lowlevel.spectral_kurtosis.mean": 2.417583465576172, "lowlevel.spectral_kurtosis.stdev": 3.7072699069976807, "lowlevel.spectral_rms.mean": 0.015264792367815971, "lowlevel.spectral_rms.stdev": 0.0036181968171149492, "lowlevel.spectral_rolloff.mean": 269.50164794921875, "lowlevel.spectral_rolloff.stdev": 960.1671142578125, "lowlevel.spectral_skewness.mean": 1.325988531112671, "lowlevel.spectral_skewness.stdev": 0.563172459602356, "lowlevel.spectral_spread.mean": 6274964.0, "lowlevel.spectral_spread.stdev": 2068212.5, "lowlevel.spectral_strongpeak.mean": 1.2153232097625732, "lowlevel.spectral_strongpeak.stdev": 0.4483141303062439, "lowlevel.zerocrossingrate.mean": 0.027331506833434105, "lowlevel.zerocrossingrate.stdev": 0.027756905183196068, "metadata.audio_properties.analysis.equal_loudness": 0.0, "metadata.audio_properties.analysis.length": 38.84798049926758, "metadata.audio_properties.analysis.sample_rate": 44100.0, "metadata.audio_properties.analysis.start_time": 0.0, "metadata.audio_properties.bit_rate": 119240.0, "metadata.audio_properties.length": 38.847999572753906, "metadata.audio_properties.lossless": 0.0, "metadata.audio_properties.number_channels": 1.0, "metadata.audio_properties.replay_gain": -8.341827392578125, "metadata.audio_properties.sample_rate": 48000.0, "rhythm.beats_count": 69.0, "rhythm.beats_loudness.mean": 0.27218228578567505, "rhythm.beats_loudness.stdev": 0.09914495050907135, "rhythm.bpm": 108.30573272705078, "rhythm.bpm_histogram_first_peak_bpm": 108.0, "rhythm.bpm_histogram_first_peak_weight": 0.5076923370361328, "rhythm.bpm_histogram_second_peak_bpm": 103.0, "rhythm.bpm_histogram_second_peak_spread": 0.0, "rhythm.bpm_histogram_second_peak_weight": 0.04411764815449715, "rhythm.danceability": 0.8659831285476685, "rhythm.onset_rate": 2.727024555206299, "tonal.chords_changes_rate": 0.05966586992144585, "tonal.chords_number_rate": 0.013126491568982601, "tonal.chords_strength.mean": 0.5205428600311279, "tonal.chords_strength.stdev": 0.09027393907308578, "tonal.hpcp_crest.mean": 10.588336944580078, "tonal.hpcp_crest.stdev": 4.212352752685547, "tonal.hpcp_entropy.mean": 2.469163656234741, "tonal.hpcp_entropy.stdev": 0.6837029457092285, "tonal.key_edma.strength": 0.6775105595588684, "tonal.key_krumhansl.strength": 0.6855018734931946, "tonal.key_temperley.strength": 0.6921489238739014, "tonal.tuning_diatonic_strength": 0.6401258707046509, "tonal.tuning_equal_tempered_deviation": 0.21407204866409302, "tonal.tuning_frequency": 444.0853271484375, "tonal.tuning_nontempered_energy_ratio": 0.906120777130127, "lowlevel.barkbands.mean": [0.0057398234494030476, 0.2197042554616928, 0.009355812333524227, 0.001034812885336578, 0.007015834096819162, 0.00022442683984991163, 0.00020291961845941842, 9.818506805459037e-05, 0.00023078381491359323, 0.00016249001782853156, 0.0003443914756644517, 0.0004253363877069205, 0.0004389440000522882, 0.00041362238698638976, 0.0008003702969290316, 0.0011692749103531241, 0.00036735093453899026, 7.141102105379105e-05, 4.3129428377142176e-05, 3.730206299223937e-05, 5.308446634444408e-05, 3.0163288101903163e-05, 0.0037020219024270773, 0.0004469931882340461, 9.701251110527664e-05, 4.678063123719767e-05, 1.3176460242902976e-06], "lowlevel.barkbands.stdev": [0.006499066017568111, 0.10476841777563095, 0.016317760571837425, 0.003617727430537343, 0.011345675215125084, 0.0005273406277410686, 0.0004291333316359669, 0.00023430027067661285, 0.0007742304587736726, 0.0005273316637612879, 0.0009197969920933247, 0.0010065995156764984, 0.0010332624660804868, 0.0008916741935536265, 0.0018802507547661662, 0.001711336080916226, 0.0004682222206611186, 0.00016027265519369394, 9.075743582798168e-05, 4.6171357098501176e-05, 7.936492329463363e-05, 0.0001249181805178523, 0.005858293734490871, 0.0006468454957939684, 0.00020666523778345436, 0.0001058861380442977, 3.453498948147171e-06], "lowlevel.erbbands.mean": [7.594142913818359, 42.98211669921875, 26.097707748413086, 5.016196250915527, 10.429786682128906, 33.538822174072266, 7.8561577796936035, 2.033393383026123, 2.32492995262146, 3.0842244625091553, 2.7959861755371094, 5.320103645324707, 4.448901653289795, 9.466662406921387, 14.48093318939209, 16.73850440979004, 20.362010955810547, 21.469947814941406, 32.478607177734375, 41.94461441040039, 69.83135986328125, 21.322986602783203, 4.537835597991943, 3.044909715652466, 1.8374444246292114, 1.783328890800476, 2.288268804550171, 1.5995473861694336, 2.0490503311157227, 57.63323211669922, 109.81555938720703, 15.608760833740234, 7.5844268798828125, 1.8302507400512695, 0.3291514813899994, 0.11203346401453018, 0.11784515529870987, 0.018165385350584984, 0.00046380318235605955, 0.0002980082936119288], "lowlevel.erbbands.stdev": [4.979701519012451, 24.016374588012695, 34.4187126159668, 12.52878475189209, 24.496463775634766, 51.2188720703125, 12.21599006652832, 3.496743679046631, 5.3911662101745605, 6.331667900085449, 7.246582984924316, 19.243940353393555, 12.369300842285156, 24.785720825195312, 31.467363357543945, 39.15374755859375, 47.37549591064453, 43.003719329833984, 67.85820770263672, 93.84258270263672, 89.65751647949219, 22.374841690063477, 8.356785774230957, 7.036211967468262, 3.060582399368286, 2.1896212100982666, 3.2374019622802734, 2.9277381896972656, 5.3144330978393555, 93.53694152832031, 179.00537109375, 22.80604362487793, 11.364458084106445, 3.4925081729888916, 0.915858268737793, 0.3815125823020935, 0.2511025369167328, 0.0362827405333519, 0.0006684218533337116, 0.00011831098527181894], "lowlevel.gfcc.mean": [12.190628051757812, 82.88793182373047, -74.83976745605469, 63.3390998840332, -16.63552474975586, 62.07059097290039, -35.92167663574219, 2.3762176036834717, 12.167134284973145, -13.364285469055176, -1.4810819625854492, 9.27129077911377, -4.213165760040283], "lowlevel.melbands.mean": [0.06430206447839737, 0.027571510523557663, 0.0009282060782425106, 0.0016670026816427708, 0.0005455356440506876, 4.147462823311798e-05, 3.730984099092893e-05, 3.023047793249134e-05, 2.5372650270583108e-05, 3.362348070368171e-05, 2.1568728698184714e-05, 3.628001650213264e-05, 4.949066715198569e-05, 4.2870757170021534e-05, 4.712874942924827e-05, 4.2751369619509205e-05, 3.96147916035261e-05, 4.6472348913084716e-05, 6.332121847663075e-05, 5.7817444030661136e-05, 8.586304466007277e-05, 2.479750219208654e-05, 4.6679560909979045e-06, 3.2355112580262357e-06, 2.4134203613357386e-06, 1.36428957375756e-06, 1.2369729347483371e-06, 1.129048769143992e-06, 1.4083134374232031e-06, 1.4490323110294412e-06, 6.558226459674188e-07, 3.257720209148829e-07, 1.3854453300155e-06, 5.1055714720860124e-05, 8.123597945086658e-05, 2.095304080285132e-05, 5.528272595256567e-06, 6.539707555930363e-06, 2.592336159068509e-06, 1.045314320435864e-06], "lowlevel.melbands.stdev": [0.03374362364411354, 0.022391777485609055, 0.002033932600170374, 0.0027982161846011877, 0.0008485469152219594, 8.388751302845776e-05, 8.094884833553806e-05, 6.21518847765401e-05, 7.826184446457773e-05, 0.00011712648847606033, 6.300058157648891e-05, 9.927495557349175e-05, 0.00012209922715555876, 9.895739640342072e-05, 0.00013357156421989202, 9.691560990177095e-05, 8.641998283565044e-05, 9.941466123564169e-05, 0.0001587655278854072, 0.00011283320054644719, 0.00010391982505097985, 3.0446555683738552e-05, 8.117754077829886e-06, 8.067483577178791e-06, 5.846970907441573e-06, 2.590550366221578e-06, 1.7152874534076545e-06, 1.4398408438864863e-06, 2.0617990230675787e-06, 2.2211715986486524e-06, 1.5142081792873796e-06, 2.3329741907218704e-06, 3.525705324136652e-06, 8.33231388241984e-05, 0.00013275844685267657, 3.611297870520502e-05, 8.467464795103297e-06, 1.023289678414585e-05, 4.6713653318875e-06, 2.3716199848422548e-06], "lowlevel.melbands128.mean": [0.005428746342658997, 0.059640999883413315, 0.09489999711513519, 0.063923180103302, 0.020592639222741127, 0.003134404541924596, 0.0006835735985077918, 0.00047202614950947464, 0.0008282922208309174, 0.001994118560105562, 0.0022677418310195208, 0.0008717653108760715, 0.0001102320893551223, 5.458117084344849e-05, 4.089761205250397e-05, 3.394756276975386e-05, 3.562755955499597e-05, 3.339726754347794e-05, 4.609109237208031e-05, 3.9264359656954184e-05, 1.826031439122744e-05, 1.564357808092609e-05, 2.5940466002793983e-05, 3.516308424877934e-05, 3.690117955557071e-05, 3.512498005875386e-05, 2.2296329916571267e-05, 1.734832585498225e-05, 2.3284723283722997e-05, 2.5903122150339186e-05, 3.724314592545852e-05, 6.424382445402443e-05, 4.606192305800505e-05, 4.371962495497428e-05, 5.0233757065143436e-05, 3.312016269774176e-05, 4.6629313146695495e-05, 5.505111766979098e-05, 3.842306978185661e-05, 4.777152571477927e-05, 4.789231388713233e-05, 3.07815644191578e-05, 3.687938806251623e-05, 4.944232932757586e-05, 3.4017579309875146e-05, 3.8465506804641336e-05, 6.952050898689777e-05, 6.881691660964862e-05, 6.258072971832007e-05, 4.726218685391359e-05, 3.550669862306677e-05, 9.361509000882506e-05, 0.00010989599832100794, 7.667861063964665e-05, 4.487905971473083e-05, 1.9806731870630756e-05, 8.678558515384793e-06, 4.333222022978589e-06, 4.006327344541205e-06, 3.2456869121233467e-06, 3.0957214676163858e-06, 3.570229182514595e-06, 2.4410514924966265e-06, 2.4312814730365062e-06, 1.6063085013229284e-06, 1.2590122651090496e-06, 1.2015919992336421e-06, 1.3357221178011969e-06, 1.1847040468637715e-06, 1.2321103213253082e-06, 1.1280541230007657e-06, 1.0117597639691667e-06, 1.2895657164335717e-06, 1.696563799669093e-06, 1.2181913007225376e-06, 1.517993268862483e-06, 1.688879251560138e-06, 9.174926276500628e-07, 5.877021180822339e-07, 2.53483563028567e-07, 2.49464676471689e-07, 4.3876190147784655e-07, 3.08686736616437e-07, 4.01746035549877e-07, 1.3512384384739562e-06, 1.931168844748754e-05, 6.912224489497021e-05, 0.00011555348464753479, 7.74600775912404e-05, 7.580886449432e-05, 2.389505425526295e-05, 8.291868653031997e-06, 5.213630629441468e-06, 4.28655584983062e-06, 6.155322807899211e-06, 8.657945727463812e-06, 7.067457318044035e-06, 3.0330395475175465e-06, 2.5641820684541017e-06, 2.4409903289779322e-06, 1.5580123999825446e-06, 7.937568966553954e-07, 3.4522304304118734e-07, 5.156032329978188e-07, 2.8838152843491116e-07, 2.273344534842181e-07, 2.413798654288257e-07, 1.7273565333653096e-07, 1.719247393339174e-07, 1.2873333332663606e-07, 1.683508088490271e-07, 3.703342770222662e-07, 5.518364787349128e-07, 4.0185324223784846e-07, 3.462402560217015e-07, 2.2211693817553169e-07, 5.5959073819167315e-08, 1.5900178396144327e-10, 4.293370173269473e-11, 4.172137288427358e-11, 4.075837237160762e-11, 4.0011931268235656e-11, 3.901016315532857e-11, 3.835815692854183e-11, 3.773711551580128e-11, 3.7130635371918075e-11, 3.674115178764481e-11, 3.6530806157841766e-11], "lowlevel.melbands128.stdev": [0.005939051974564791, 0.04667600244283676, 0.05516309663653374, 0.048730023205280304, 0.02865307591855526, 0.005861540324985981, 0.002850630786269903, 0.001458641025237739, 0.0026170506607741117, 0.004234290216118097, 0.0036151509266346693, 0.0015656292671337724, 0.0002630245580803603, 0.0001793329429347068, 7.625912985531613e-05, 8.418053766945377e-05, 0.00012411418720148504, 8.188412175513804e-05, 0.00011156860273331404, 9.113043051911518e-05, 5.732622230425477e-05, 4.173745765001513e-05, 8.852461178321391e-05, 0.00017522150301374495, 0.00018074808758683503, 0.00011848029680550098, 7.238165562739596e-05, 6.676001794403419e-05, 8.482850535074249e-05, 0.00010733670205809176, 0.00010357822611695156, 0.00022968203120399266, 0.00014907259901519865, 0.00010979472426697612, 0.0001468097179895267, 0.00010561131784925237, 0.00012726806744467467, 0.00020673393737524748, 0.0001409652322763577, 0.00014218580326996744, 0.0001321497547905892, 8.2130340160802e-05, 9.651951404521242e-05, 0.00013066217070445418, 8.654379053041339e-05, 0.00010950933210551739, 0.00018779600213747472, 0.00020800145284738392, 0.00021300606022123247, 0.00015283543325494975, 8.444629202131182e-05, 0.0001949420548044145, 0.00016034849977586418, 0.00011569709022296593, 6.713499897159636e-05, 3.19534883601591e-05, 1.5782799891894683e-05, 7.601507149956888e-06, 8.968505426310003e-06, 8.581046131439507e-06, 8.354433703061659e-06, 1.2681205589615274e-05, 5.823615083500044e-06, 6.6611546571948566e-06, 3.485590013951878e-06, 2.688185304577928e-06, 2.3193570086732507e-06, 2.3093894014891703e-06, 1.6871690604602918e-06, 1.913282403620542e-06, 1.4665957905890536e-06, 1.640213326936646e-06, 2.1693037979275687e-06, 2.8437930268410128e-06, 2.153821924366639e-06, 2.689493385332753e-06, 2.8062866022082744e-06, 1.933771727635758e-06, 1.6069843695731834e-06, 1.493855506851105e-06, 2.0092231807211647e-06, 4.074069693160709e-06, 2.688279209905886e-06, 2.2333904325932963e-06, 5.279459401208442e-06, 3.8569294702028856e-05, 0.00012035654071951285, 0.00019592266471590847, 0.00013674535148311406, 0.00014417078637052327, 4.604819696396589e-05, 1.6196854630834423e-05, 1.0527669473958667e-05, 8.000115485629067e-06, 1.1426170203776564e-05, 1.2912411875731777e-05, 1.3593177754955832e-05, 5.723088179365732e-06, 5.339609742804896e-06, 4.771083695231937e-06, 3.6156379792373627e-06, 2.1538571672863327e-06, 1.1383228866179707e-06, 1.8345217540627345e-06, 9.03059913071047e-07, 8.201300829568936e-07, 8.953273322731548e-07, 7.524530474256608e-07, 7.665287284908118e-07, 6.024641265867103e-07, 6.357972779369447e-07, 1.03621312064206e-06, 1.1309907677059527e-06, 8.598183285357663e-07, 7.009305136307376e-07, 5.211782649894303e-07, 1.3842746682257712e-07, 6.249230022348229e-10, 5.0325518058391694e-11, 4.895546121264083e-11, 4.775965387060488e-11, 4.670771061587864e-11, 4.5750625510265763e-11, 4.495720809516435e-11, 4.42924932841926e-11, 4.376369058811669e-11, 4.337768338968928e-11, 4.314069934618914e-11], "lowlevel.mfcc.mean": [-645.3742065429688, 111.58877563476562, 30.550527572631836, 15.404520988464355, 65.4341049194336, 40.39446258544922, 3.6955931186676025, 34.70608901977539, -2.683001756668091, 29.208026885986328, -19.1248779296875, 15.10523509979248, 13.464765548706055], "lowlevel.spectral_contrast_coeffs.mean": [-0.6396152973175049, -0.8275384306907654, -0.8174161314964294, -0.7856584787368774, -0.799011766910553, -0.6554269194602966], "lowlevel.spectral_contrast_coeffs.stdev": [0.07936873286962509, 0.04855750501155853, 0.048517998307943344, 0.05131315067410469, 0.031532466411590576, 0.06660567969083786], "lowlevel.spectral_contrast_valleys.mean": [-6.313373565673828, -7.433390140533447, -7.5088911056518555, -7.130089282989502, -7.998600959777832, -10.897391319274902], "lowlevel.spectral_contrast_valleys.stdev": [0.7271905541419983, 0.7252019047737122, 0.6597299575805664, 0.6121302843093872, 0.6358639597892761, 1.1809556484222412], "rhythm.beats_loudness_band_ratio.mean": [0.9051603078842163, 0.06087391451001167, 0.0036456398665905, 0.01340005174279213, 0.014682373963296413, 0.020493973046541214], "rhythm.beats_loudness_band_ratio.stdev": [0.07437927275896072, 0.07042624056339264, 0.0056330617517232895, 0.018943149596452713, 0.01788104698061943, 0.03543633967638016], "tonal.hpcp.mean": [0.4049264192581177, 0.05072396621108055, 0.022035976871848106, 0.01878323405981064, 0.02035699225962162, 0.0749061331152916, 0.12233954668045044, 0.06413985788822174, 0.011800545267760754, 0.00978508684784174, 0.010802129283547401, 0.01099276915192604, 0.009320734068751335, 0.008803446777164936, 0.01013141218572855, 0.01196582242846489, 0.01327246893197298, 0.014004476368427277, 0.009968123398721218, 0.011153188534080982, 0.13698117434978485, 0.21808108687400818, 0.10117341578006744, 0.016887154430150986, 0.010043964721262455, 0.009342438541352749, 0.008205476216971874, 0.005963968578726053, 0.004804965574294329, 0.01869049109518528, 0.04057510942220688, 0.03475935384631157, 0.023205798119306564, 0.03455290570855141, 0.15382394194602966, 0.5002328753471375], "tonal.hpcp.stdev": [0.4069729447364807, 0.16903406381607056, 0.10342445224523544, 0.08521361649036407, 0.08003964275121689, 0.18649359047412872, 0.31395068764686584, 0.1775452196598053, 0.07893846929073334, 0.07526843249797821, 0.06530115008354187, 0.07789779454469681, 0.06316632777452469, 0.06579416990280151, 0.07049965113401413, 0.08845403790473938, 0.08985289186239243, 0.09988623112440109, 0.07944992929697037, 0.07326652854681015, 0.26642799377441406, 0.40360599756240845, 0.20319733023643494, 0.09795105457305908, 0.07338834553956985, 0.07379563897848129, 0.07327742129564285, 0.05448608100414276, 0.04546068236231804, 0.10563746094703674, 0.18364427983760834, 0.1551516056060791, 0.11558382958173752, 0.14730936288833618, 0.2277781069278717, 0.4808264970779419], "rhythm.beats_position": [0.5108389854431152, 1.0448979139328003, 1.5789568424224854, 2.1246259212493896, 2.658684730529785, 3.1927437782287598, 3.738412618637085, 4.28408145904541, 4.8297505378723145, 5.375419616699219, 5.921088218688965, 6.466757297515869, 7.012426376342773, 7.569705009460449, 8.126983642578125, 8.684263229370117, 9.229931831359863, 9.798820495605469, 10.356099128723145, 10.901768684387207, 11.447437286376953, 12.004715919494629, 12.561995506286621, 13.119274139404297, 13.676552772521973, 14.233832359313965, 14.8143310546875, 15.383219718933105, 15.952108383178711, 16.486167907714844, 17.020225524902344, 17.577505111694336, 18.134784698486328, 18.692062377929688, 19.24934196472168, 19.783401489257812, 20.340679168701172, 20.909568786621094, 21.466848373413086, 22.024126052856445, 22.569795608520508, 23.1270751953125, 23.68435287475586, 24.24163246154785, 24.798912048339844, 25.344579696655273, 25.890249252319336, 26.447526931762695, 27.004806518554688, 27.56208610534668, 28.11936378479004, 28.67664337158203, 29.233922958374023, 29.802810668945312, 30.371700286865234, 30.917369842529297, 31.463037490844727, 32.02031707763672, 32.57759475708008, 33.12326431274414, 33.6689338684082, 34.22621154785156, 34.78349304199219, 35.34077072143555, 35.898048400878906, 36.46693801879883, 37.03582763671875, 37.61632537841797, 38.19682312011719], "rhythm.bpm_histogram": [0.0, 0.0, 0.0, 0.0, 0.0, 0.0, 0.0, 0.0, 0.0, 0.0, 0.0, 0.0, 0.0, 0.0, 0.0, 0.0, 0.0, 0.0, 0.0, 0.0, 0.0, 0.0, 0.0, 0.0, 0.0, 0.0, 0.0, 0.0, 0.0, 0.0, 0.0, 0.0, 0.0, 0.0, 0.0, 0.0, 0.0, 0.0, 0.0, 0.0, 0.0, 0.0, 0.0, 0.0, 0.0, 0.0, 0.0, 0.0, 0.0, 0.0, 0.0, 0.0, 0.0, 0.0, 0.0, 0.0, 0.0, 0.0, 0.0, 0.0, 0.0, 0.0, 0.0, 0.0, 0.0, 0.0, 0.0, 0.0, 0.0, 0.0, 0.0, 0.0, 0.0, 0.0, 0.0, 0.0, 0.0, 0.0, 0.0, 0.0, 0.0, 0.0, 0.0, 0.0, 0.0, 0.0, 0.0, 0.0, 0.0, 0.0, 0.0, 0.0, 0.0, 0.0, 0.0, 0.0, 0.0, 0.0, 0.0, 0.0, 0.0, 0.0, 0.0, 0.04411764815449715, 0.0, 0.11764705926179886, 0.0, 0.0, 0.47058823704719543, 0.0, 0.2647058963775635, 0.0, 0.10294117778539658, 0.0, 0.0, 0.0, 0.0, 0.0, 0.0, 0.0, 0.0, 0.0, 0.0, 0.0, 0.0, 0.0, 0.0, 0.0, 0.0, 0.0, 0.0, 0.0, 0.0, 0.0, 0.0, 0.0, 0.0, 0.0, 0.0, 0.0, 0.0, 0.0, 0.0, 0.0, 0.0, 0.0, 0.0, 0.0, 0.0, 0.0, 0.0, 0.0, 0.0, 0.0, 0.0, 0.0, 0.0, 0.0, 0.0, 0.0, 0.0, 0.0, 0.0, 0.0, 0.0, 0.0, 0.0, 0.0, 0.0, 0.0, 0.0, 0.0, 0.0, 0.0, 0.0, 0.0, 0.0, 0.0, 0.0, 0.0, 0.0, 0.0, 0.0, 0.0, 0.0, 0.0, 0.0, 0.0, 0.0, 0.0, 0.0, 0.0, 0.0, 0.0, 0.0, 0.0, 0.0, 0.0, 0.0, 0.0, 0.0, 0.0, 0.0, 0.0, 0.0, 0.0, 0.0, 0.0, 0.0, 0.0, 0.0, 0.0, 0.0, 0.0, 0.0, 0.0, 0.0, 0.0, 0.0, 0.0, 0.0, 0.0, 0.0, 0.0, 0.0, 0.0, 0.0, 0.0, 0.0, 0.0, 0.0, 0.0, 0.0, 0.0, 0.0, 0.0, 0.0, 0.0, 0.0, 0.0, 0.0, 0.0, 0.0, 0.0, 0.0, 0.0, 0.0, 0.0, 0.0, 0.0], "tonal.chords_histogram": [27.446300506591797, 12.649165153503418, 0.0, 0.0, 0.0, 0.0, 0.0, 0.0, 9.427207946777344, 6.801909446716309, 15.035799980163574, 0.4773269593715668, 0.0, 3.221956968307495, 0.1193317398428917, 3.460620641708374, 0.0, 0.2386634796857834, 0.3579952120780945, 0.0, 3.9379475116729736, 6.08591890335083, 2.1479713916778564, 8.591885566711426], "tonal.thpcp": [1.0, 0.809475839138031, 0.1014007031917572, 0.04405143857002258, 0.03754897788167, 0.040695030242204666, 0.14974252879619598, 0.2445651888847351, 0.12821999192237854, 0.023590102791786194, 0.01956106349825859, 0.021594200283288956, 0.021975303068757057, 0.018632790073752403, 0.017598696053028107, 0.020253391936421394, 0.02392050437629223, 0.026532581076025963, 0.027995914220809937, 0.01992696523666382, 0.022295992821455002, 0.27383482456207275, 0.435959130525589, 0.20225262641906738, 0.033758584409952164, 0.02007857710123062, 0.01867617852985859, 0.016403311863541603, 0.011922384612262249, 0.009605457074940205, 0.037363581359386444, 0.08111243695020676, 0.0694863423705101, 0.04638998955488205, 0.0690736398100853, 0.30750465393066406], "lowlevel.gfcc.cov": [[3683.927001953125, -1023.7824096679688, 132.6843719482422, 7.778127670288086, -569.5565795898438, 497.95660400390625, -352.1277160644531, 166.5480194091797, -96.02702331542969, 84.45440673828125, -175.58602905273438, 126.12020111083984, -202.00131225585938], [-1023.7824096679688, 1577.75, -235.65895080566406, -193.740966796875, 261.0205078125, -471.17791748046875, 168.4182586669922, -208.27589416503906, -7.547854900360107, -189.9613800048828, 181.3450927734375, -158.84791564941406, 272.9992980957031], [132.6843719482422, -235.65895080566406, 279.5743408203125, 56.10283660888672, -62.0020751953125, 64.05144500732422, -48.964134216308594, 8.322027206420898, -30.71486473083496, -10.515290260314941, -56.52023696899414, 46.755428314208984, -44.2673225402832], [7.778127670288086, -193.740966796875, 56.10283660888672, 275.82843017578125, 82.510986328125, 11.802019119262695, 0.7347649931907654, -60.145286560058594, 21.457515716552734, -0.1834164708852768, -11.080144882202148, 11.050813674926758, -19.045074462890625], [-569.5565795898438, 261.0205078125, -62.0020751953125, 82.510986328125, 324.19085693359375, -95.93169403076172, 77.22974395751953, -58.20005416870117, 47.07594680786133, 20.716711044311523, 26.13409996032715, -65.82746124267578, 37.59220886230469], [497.95660400390625, -471.17791748046875, 64.05144500732422, 11.802019119262695, -95.93169403076172, 262.2849426269531, -32.4754753112793, 87.4190444946289, 41.883148193359375, 32.26072311401367, -38.98447799682617, 31.695301055908203, -87.47911071777344], [-352.1277160644531, 168.4182586669922, -48.964134216308594, 0.7347649931907654, 77.22974395751953, -32.4754753112793, 237.2728271484375, 74.53823852539062, 11.34737777709961, -34.117252349853516, 58.688289642333984, -53.46198272705078, -7.545174598693848], [166.5480194091797, -208.27589416503906, 8.322027206420898, -60.145286560058594, -58.20005416870117, 87.4190444946289, 74.53823852539062, 193.13519287109375, -2.4190874099731445, 21.263477325439453, -17.186983108520508, -15.871243476867676, -48.98835754394531], [-96.02702331542969, -7.547854900360107, -30.71486473083496, 21.457515716552734, 47.07594680786133, 41.883148193359375, 11.34737777709961, -2.4190874099731445, 177.53543090820312, 8.349520683288574, 36.144161224365234, 14.878870010375977, 5.603496551513672], [84.45440673828125, -189.9613800048828, -10.515290260314941, -0.1834164708852768, 20.716711044311523, 32.26072311401367, -34.117252349853516, 21.263477325439453, 8.349520683288574, 123.01665496826172, -25.054391860961914, -11.203266143798828, -59.19808578491211], [-175.58602905273438, 181.3450927734375, -56.52023696899414, -11.080144882202148, 26.13409996032715, -38.98447799682617, 58.688289642333984, -17.186983108520508, 36.144161224365234, -25.054391860961914, 122.81446075439453, 21.077510833740234, 35.121986389160156], [126.12020111083984, -158.84791564941406, 46.755428314208984, 11.050813674926758, -65.82746124267578, 31.695301055908203, -53.46198272705078, -15.871243476867676, 14.878870010375977, -11.203266143798828, 21.077510833740234, 134.2304229736328, 8.741053581237793], [-202.00131225585938, 272.9992980957031, -44.2673225402832, -19.045074462890625, 37.59220886230469, -87.47911071777344, -7.545174598693848, -48.98835754394531, 5.603496551513672, -59.19808578491211, 35.121986389160156, 8.741053581237793, 128.6544647216797]], "lowlevel.gfcc.icov": [[0.0006716079660691321, -0.0010508985724300146, 0.00036356947384774685, -0.001235857722349465, 0.001064520445652306, -0.0018142821500077844, 0.001046681310981512, -0.001091337064281106, 0.0005471728509292006, -0.0008901512483134866, 0.0007157748914323747, -0.000958364165853709, 0.0007640542462468147], [-0.0010508985724300146, 0.008452520705759525, -0.0006806643214076757, 0.00750282546505332, -0.0036229377146810293, 0.009144619107246399, -0.003095505526289344, 0.0065038506872951984, -0.001906155375763774, 0.007457926869392395, -0.0055501218885183334, 0.008218757808208466, -0.004666556604206562], [0.00036356947384774685, -0.0006806643214076757, 0.005163056310266256, -0.0016169262817129493, 0.0006451986264437437, -0.0013732516672462225, 0.0010587520664557815, -0.0009240044746547937, 0.0009470072109252214, 0.0010472973808646202, 0.002282880013808608, -0.0023733049165457487, 0.00211899122223258], [-0.001235857722349465, 0.00750282546505332, -0.0016169262817129493, 0.011668569408357143, -0.005015507806092501, 0.007815464399755001, -0.0037476508878171444, 0.007823399268090725, -0.0021187833044677973, 0.007106607314199209, -0.004263146314769983, 0.00646688649430871, -0.003064593067392707], [0.001064520445652306, -0.0036229377146810293, 0.0006451986264437437, -0.005015507806092501, 0.007789478171616793, -0.0037265869323164225, -0.00015873239317443222, -0.0015324358828365803, -0.00023076242359820753, -0.005911389831453562, 0.002851729281246662, -0.0015629467088729143, 5.3605799621436745e-05], [-0.0018142821500077844, 0.009144619107246399, -0.0013732516672462225, 0.007815464399755001, -0.0037265869323164225, 0.017849937081336975, -0.002648937050253153, 0.004481647629290819, -0.004708291031420231, 0.008894812315702438, -0.005398247856646776, 0.00800757110118866, -0.0015639999182894826], [0.001046681310981512, -0.003095505526289344, 0.0010587520664557815, -0.0037476508878171444, -0.00015873239317443222, -0.002648937050253153, 0.011112337931990623, -0.007649172097444534, 0.0012182598002254963, 0.001695220242254436, -0.002435894450172782, -0.0006030381773598492, 0.005438693333417177], [-0.001091337064281106, 0.0065038506872951984, -0.0009240044746547937, 0.007823399268090725, -0.0015324358828365803, 0.004481647629290819, -0.007649172097444534, 0.01495625264942646, -0.0014952531782910228, 0.003332163905724883, -0.002164943376556039, 0.006367664318531752, -0.004176028072834015], [0.0005471728509292006, -0.001906155375763774, 0.0009470072109252214, -0.0021187833044677973, -0.00023076242359820753, -0.004708291031420231, 0.0012182598002254963, -0.0014952531782910228, 0.007804808206856251, -0.0021233169827610254, -0.0007879301556386054, -0.0025601061061024666, 0.00035629328340291977], [-0.0008901512483134866, 0.007457926869392395, 0.0010472973808646202, 0.007106607314199209, -0.005911389831453562, 0.008894812315702438, 0.001695220242254436, 0.003332163905724883, -0.0021233169827610254, 0.020501384511590004, -0.004923783242702484, 0.007260139100253582, 0.0037096217274665833], [0.0007157748914323747, -0.0055501218885183334, 0.002282880013808608, -0.004263146314769983, 0.002851729281246662, -0.005398247856646776, -0.002435894450172782, -0.002164943376556039, -0.0007879301556386054, -0.004923783242702484, 0.017010530456900597, -0.009319832548499107, 0.0013424881035462022], [-0.000958364165853709, 0.008218757808208466, -0.0023733049165457487, 0.00646688649430871, -0.0015629467088729143, 0.00800757110118866, -0.0006030381773598492, 0.006367664318531752, -0.0025601061061024666, 0.007260139100253582, -0.009319832548499107, 0.018957290798425674, -0.005804741755127907], [0.0007640542462468147, -0.004666556604206562, 0.00211899122223258, -0.003064593067392707, 5.3605799621436745e-05, -0.0015639999182894826, 0.005438693333417177, -0.004176028072834015, 0.00035629328340291977, 0.0037096217274665833, 0.0013424881035462022, -0.005804741755127907, 0.018519097939133644]], "lowlevel.mfcc.cov": [[2777.783203125, -975.6386108398438, 522.5239868164062, -512.4456176757812, -17.759469985961914, -41.97438430786133, -76.46633911132812, -12.194371223449707, -30.254854202270508, 36.58382034301758, -58.36223220825195, 24.954965591430664, 36.65029525756836], [-975.6386108398438, 1504.609375, -384.6211853027344, 191.10877990722656, -86.47137451171875, -127.45710754394531, 40.529666900634766, -97.70628356933594, -4.053757190704346, -129.05784606933594, -90.82148742675781, 8.584465980529785, -60.312889099121094], [522.5239868164062, -384.6211853027344, 406.2843933105469, -159.39842224121094, -0.84427809715271, -20.574634552001953, -36.76185607910156, 55.08345031738281, -26.084383010864258, -4.913597106933594, -65.10308074951172, -10.406975746154785, 6.591483116149902], [-512.4456176757812, 191.10877990722656, -159.39842224121094, 437.885009765625, -9.399764060974121, 112.88993072509766, 1.9650001525878906, -26.536907196044922, 1.6139687299728394, -89.32968139648438, 79.1288070678711, -92.47657012939453, -47.81945037841797], [-17.759469985961914, -86.47137451171875, -0.84427809715271, -9.399764060974121, 217.58203125, 65.91384887695312, -63.981597900390625, -15.477226257324219, -20.431682586669922, 83.6799087524414, -44.61958694458008, -24.024982452392578, 18.414443969726562], [-41.97438430786133, -127.45710754394531, -20.574634552001953, 112.88993072509766, 65.91384887695312, 193.76568603515625, -50.62055206298828, -18.68305206298828, -14.317137718200684, 12.160677909851074, 48.716468811035156, -64.26860046386719, -0.07615816593170166], [-76.46633911132812, 40.529666900634766, -36.76185607910156, 1.9650001525878906, -63.981597900390625, -50.62055206298828, 180.51907348632812, 43.86016082763672, 40.24837112426758, -17.5938663482666, 44.620052337646484, 48.82381820678711, -15.794137001037598], [-12.194371223449707, -97.70628356933594, 55.08345031738281, -26.536907196044922, -15.477226257324219, -18.68305206298828, 43.86016082763672, 163.20028686523438, 11.535135269165039, 26.762393951416016, -15.069315910339355, 50.72225570678711, 23.083030700683594], [-30.254854202270508, -4.053757190704346, -26.084383010864258, 1.6139687299728394, -20.431682586669922, -14.317137718200684, 40.24837112426758, 11.535135269165039, 124.1103515625, 24.671913146972656, 32.80451965332031, -2.8357276916503906, -10.206703186035156], [36.58382034301758, -129.05784606933594, -4.913597106933594, -89.32968139648438, 83.6799087524414, 12.160677909851074, -17.5938663482666, 26.762393951416016, 24.671913146972656, 167.63729858398438, 10.625140190124512, 33.29758834838867, 25.165271759033203], [-58.36223220825195, -90.82148742675781, -65.10308074951172, 79.1288070678711, -44.61958694458008, 48.716468811035156, 44.620052337646484, -15.069315910339355, 32.80451965332031, 10.625140190124512, 174.57972717285156, 3.985219717025757, -7.335070610046387], [24.954965591430664, 8.584465980529785, -10.406975746154785, -92.47657012939453, -24.024982452392578, -64.26860046386719, 48.82381820678711, 50.72225570678711, -2.8357276916503906, 33.29758834838867, 3.985219717025757, 139.01316833496094, 37.05562210083008], [36.65029525756836, -60.312889099121094, 6.591483116149902, -47.81945037841797, 18.414443969726562, -0.07615816593170166, -15.794137001037598, 23.083030700683594, -10.206703186035156, 25.165271759033203, -7.335070610046387, 37.05562210083008, 79.09136199951172]], "lowlevel.mfcc.icov": [[0.0006424475577659905, 0.0003119952161796391, -0.0003396179527044296, 0.0005853598704561591, 0.00017301696061622351, -7.185512367868796e-05, 0.00012224340753164142, 0.0003806976892519742, -2.141927143384237e-05, 0.0002635623677633703, 4.620623803930357e-05, -5.805292312288657e-05, 0.00014024387928657234], [0.0003119952161796391, 0.0014109833864495158, 0.0010277959518134594, -0.00012075257109245285, 0.0004109435249119997, 0.0006582423229701817, 0.00010678945545805618, 0.0006389650516211987, 2.1997603028012236e-07, 0.00054238858865574, 0.0012274988694116473, -0.00037470439565367997, 0.0006293805781751871], [-0.0003396179527044296, 0.0010277959518134594, 0.004849549848586321, 0.0010777430143207312, 0.0002640518359839916, 0.00044171017361804843, 0.0007115421467460692, -0.0015885133761912584, 0.000510368321556598, 0.001229134970344603, 0.0012142397463321686, 0.001066031283698976, 0.0010211823973804712], [0.0005853598704561591, -0.00012075257109245285, 0.0010777430143207312, 0.005240469705313444, -0.0005565941100940108, -0.0017923422856256366, 0.0003657600318547338, -0.0013218199601396918, 9.91007691482082e-05, 0.002778096357360482, -0.0018649286357685924, 0.0019270761404186487, 0.0013550001895055175], [0.00017301696061622351, 0.0004109435249119997, 0.0002640518359839916, -0.0005565941100940108, 0.008315714076161385, -0.002304726978763938, 0.00023557260283268988, 0.0014862918760627508, 0.0009291059686802328, -0.004555597435683012, 0.0035141510888934135, 0.0005679621244780719, -0.00082118168938905], [-7.185512367868796e-05, 0.0006582423229701817, 0.00044171017361804843, -0.0017923422856256366, -0.002304726978763938, 0.009516426362097263, 0.0014556320384144783, -0.0006531528197228909, 0.0011518814135342836, -0.00013604512787424028, -0.0026945057325065136, 0.002939495025202632, -0.0009933171095326543], [0.00012224340753164142, 0.00010678945545805618, 0.0007115421467460692, 0.0003657600318547338, 0.00023557260283268988, 0.0014556320384144783, 0.008759730495512486, -0.0022740839049220085, -0.0018676264444366097, 0.0018201364437118173, -0.0021797847002744675, -0.0023801203351467848, 0.002638977486640215], [0.0003806976892519742, 0.0006389650516211987, -0.0015885133761912584, -0.0013218199601396918, 0.0014862918760627508, -0.0006531528197228909, -0.0022740839049220085, 0.009301290847361088, -0.0006732532056048512, -0.00199535908177495, 0.0026545871514827013, -0.002900057705119252, -0.0017184426542371511], [-2.141927143384237e-05, 2.1997603028012236e-07, 0.000510368321556598, 9.91007691482082e-05, 0.0009291059686802328, 0.0011518814135342836, -0.0018676264444366097, -0.0006732532056048512, 0.010048997588455677, -0.002512328326702118, -0.0012968701776117086, 0.0024191089905798435, 0.00047832552809268236], [0.0002635623677633703, 0.00054238858865574, 0.001229134970344603, 0.002778096357360482, -0.004555597435683012, -0.00013604512787424028, 0.0018201364437118173, -0.00199535908177495, -0.002512328326702118, 0.011425768956542015, -0.0023554852232337, -0.001761903171427548, 0.0005224217311479151], [4.620623803930357e-05, 0.0012274988694116473, 0.0012142397463321686, -0.0018649286357685924, 0.0035141510888934135, -0.0026945057325065136, -0.0021797847002744675, 0.0026545871514827013, -0.0012968701776117086, -0.0023554852232337, 0.01054979208856821, -0.0018635466694831848, 8.86941998032853e-05], [-5.805292312288657e-05, -0.00037470439565367997, 0.001066031283698976, 0.0019270761404186487, 0.0005679621244780719, 0.002939495025202632, -0.0023801203351467848, -0.002900057705119252, 0.0024191089905798435, -0.001761903171427548, -0.0018635466694831848, 0.013707994483411312, -0.004663330037146807], [0.00014024387928657234, 0.0006293805781751871, 0.0010211823973804712, 0.0013550001895055175, -0.00082118168938905, -0.0009933171095326543, 0.002638977486640215, -0.0017184426542371511, 0.00047832552809268236, 0.0005224217311479151, 8.86941998032853e-05, -0.004663330037146807, 0.01710004173219204]], "metadata.audio_properties.analysis.downmix": "mix", "metadata.audio_properties.codec": "mp3", "metadata.audio_properties.md5_encoded": "830098af0f15183155ef8f4a7792e492", "metadata.tags.file_name": "1183681393197318144.mp3", "metadata.version.essentia": "2.1-beta6-dev", "metadata.version.essentia_git_sha": "v2.1_beta5-1110-g77a6a954", "metadata.version.extractor": "music 2.0", "tonal.chords_key": "A", "tonal.chords