{"song_id": "1183662274800525463", "download": "https://cdn.discordapp.com/attachments/1135903449314238464/1183662274800525463/chirp.mp4?ex=65892665&amp", "lyrics": "(\u4e3b\u6b4c)\n\u5728\u6536\u5bb9\u6240\u7684\u89d2\u843d\uff0c\u5b64\u7368\u7684\u773c\u7738\n\u6bdb\u8338\u8338\u7684\u5922\uff0c\u7b49\u5f85\u4e00\u500b\u5bb6\u7684\u547c\u559a\n\u8f15\u8f15\u54fc\u8457\u6b4c\uff0c\u5e0c\u671b\u6709\u4e00\u5929\n\u8e0f\u4e0a\u65b0\u7684\u65c5\u7a0b\uff0c\u627e\u5230\u611b\u7684\u65b9\u5411\n\n(\u526f\u6b4c)\n\u7246\u5916\u7684\u967d\u5149\uff0c\u662f\u81ea\u7531\u7684\u7d04\u5b9a\n\u6536\u5bb9\u6240\u7684\u65e5\u5b50\uff0c\u4e0d\u518d\u7121\u5948\n\u5e0c\u671b\u7684\u7a2e\u5b50\uff0c\u5728\u5fc3\u4e2d\u6084\u7136\u767c\u82bd\n\u771f\u6b63\u7684\u5bb6\u5712\uff0c\u7b49\u5f85\u8457\u6211\u5011\u7684\u6b78\u5bb6", "style": ["country"], "essentia_features": {"lowlevel.average_loudness": 0.9340547919273376, "lowlevel.barkbands_crest.mean": 12.116890907287598, "lowlevel.barkbands_crest.stdev": 3.597395420074463, "lowlevel.barkbands_flatness_db.mean": 0.2814605236053467, "lowlevel.barkbands_flatness_db.stdev": 0.07257939875125885, "lowlevel.barkbands_kurtosis.mean": 16.68844985961914, "lowlevel.barkbands_kurtosis.stdev": 16.992013931274414, "lowlevel.barkbands_skewness.mean": 2.516441583633423, "lowlevel.barkbands_skewness.stdev": 1.5021460056304932, "lowlevel.barkbands_spread.mean": 8.850963592529297, "lowlevel.barkbands_spread.stdev": 14.48979663848877, "lowlevel.dissonance.mean": 0.39971989393234253, "lowlevel.dissonance.stdev": 0.05907650664448738, "lowlevel.dynamic_complexity": 3.0004069805145264, "lowlevel.erbbands_crest.mean": 12.681488037109375, "lowlevel.erbbands_crest.stdev": 4.479448318481445, "lowlevel.erbbands_flatness_db.mean": 0.2246876060962677, "lowlevel.erbbands_flatness_db.stdev": 0.05176715925335884, "lowlevel.erbbands_kurtosis.mean": 6.071630001068115, "lowlevel.erbbands_kurtosis.stdev": 6.029573440551758, "lowlevel.erbbands_skewness.mean": 1.4622584581375122, "lowlevel.erbbands_skewness.stdev": 1.1971173286437988, "lowlevel.erbbands_spread.mean": 23.590303421020508, "lowlevel.erbbands_spread.stdev": 20.27075958251953, "lowlevel.hfc.mean": 12.378098487854004, "lowlevel.hfc.stdev": 11.974544525146484, "lowlevel.loudness_ebu128.integrated": -14.945731163024902, "lowlevel.loudness_ebu128.loudness_range": 2.8427419662475586, "lowlevel.loudness_ebu128.momentary.mean": -15.792339324951172, "lowlevel.loudness_ebu128.momentary.stdev": 2.8726260662078857, "lowlevel.loudness_ebu128.short_term.mean": -15.006462097167969, "lowlevel.loudness_ebu128.short_term.stdev": 0.9766499400138855, "lowlevel.melbands_crest.mean": 17.276628494262695, "lowlevel.melbands_crest.stdev": 6.268830299377441, "lowlevel.melbands_flatness_db.mean": 0.37478965520858765, "lowlevel.melbands_flatness_db.stdev": 0.09239592403173447, "lowlevel.melbands_kurtosis.mean": 25.030170440673828, "lowlevel.melbands_kurtosis.stdev": 30.292245864868164, "lowlevel.melbands_skewness.mean": 2.927910566329956, "lowlevel.melbands_skewness.stdev": 1.8084949254989624, "lowlevel.melbands_spread.mean": 8.873061180114746, "lowlevel.melbands_spread.stdev": 18.102785110473633, "lowlevel.pitch_salience.mean": 0.4747370183467865, "lowlevel.pitch_salience.stdev": 0.12353517860174179, "lowlevel.silence_rate_20dB.mean": 1.0, "lowlevel.silence_rate_20dB.stdev": 0.0, "lowlevel.silence_rate_30dB.mean": 0.9325581192970276, "lowlevel.silence_rate_30dB.stdev": 0.25078490376472473, "lowlevel.silence_rate_60dB.mean": 0.010852713137865067, "lowlevel.silence_rate_60dB.stdev": 0.10361050069332123, "lowlevel.spectral_centroid.mean": 527.9974365234375, "lowlevel.spectral_centroid.stdev": 633.9573364257812, "lowlevel.spectral_complexity.mean": 8.070542335510254, "lowlevel.spectral_complexity.stdev": 3.420034170150757, "lowlevel.spectral_decrease.mean": -1.0076700363015334e-08, "lowlevel.spectral_decrease.stdev": 9.687248336831544e-09, "lowlevel.spectral_energy.mean": 0.039154477417469025, "lowlevel.spectral_energy.stdev": 0.03701985999941826, "lowlevel.spectral_energyband_high.mean": 0.0003456257691141218, "lowlevel.spectral_energyband_high.stdev": 0.001270750188268721, "lowlevel.spectral_energyband_low.mean": 0.021145561710000038, "lowlevel.spectral_energyband_low.stdev": 0.030444353818893433, "lowlevel.spectral_energyband_middle_high.mean": 0.0025763323064893484, "lowlevel.spectral_energyband_middle_high.stdev": 0.004876165185123682, "lowlevel.spectral_energyband_middle_low.mean": 0.0172731950879097, "lowlevel.spectral_energyband_middle_low.stdev": 0.014956450089812279, "lowlevel.spectral_entropy.mean": 6.279821872711182, "lowlevel.spectral_entropy.stdev": 0.7410392165184021, "lowlevel.spectral_flux.mean": 0.06027098000049591, "lowlevel.spectral_flux.stdev": 0.05238983780145645, "lowlevel.spectral_kurtosis.mean": 15.977314949035645, "lowlevel.spectral_kurtosis.stdev": 17.812992095947266, "lowlevel.spectral_rms.mean": 0.005621206481009722, "lowlevel.spectral_rms.stdev": 0.0025693573988974094, "lowlevel.spectral_rolloff.mean": 704.5846557617188, "lowlevel.spectral_rolloff.stdev": 1407.421142578125, "lowlevel.spectral_skewness.mean": 3.1952853202819824, "lowlevel.spectral_skewness.stdev": 1.495329737663269, "lowlevel.spectral_spread.mean": 4492615.0, "lowlevel.spectral_spread.stdev": 1903608.25, "lowlevel.spectral_strongpeak.mean": 0.9132475852966309, "lowlevel.spectral_strongpeak.stdev": 0.9156829714775085, "lowlevel.zerocrossingrate.mean": 0.030607284978032112, "lowlevel.zerocrossingrate.stdev": 0.034879300743341446, "metadata.audio_properties.analysis.equal_loudness": 0.0, "metadata.audio_properties.analysis.length": 29.909318923950195, "metadata.audio_properties.analysis.sample_rate": 44100.0, "metadata.audio_properties.analysis.start_time": 0.0, "metadata.audio_properties.bit_rate": 114744.0, "metadata.audio_properties.length": 29.909334182739258, "metadata.audio_properties.lossless": 0.0, "metadata.audio_properties.number_channels": 1.0, "metadata.audio_properties.replay_gain": -11.355752944946289, "metadata.audio_properties.sample_rate": 48000.0, "rhythm.beats_count": 34.0, "rhythm.beats_loudness.mean": 0.07928992807865143, "rhythm.beats_loudness.stdev": 0.05883822962641716, "rhythm.bpm": 69.44607543945312, "rhythm.bpm_histogram_first_peak_bpm": 69.0, "rhythm.bpm_histogram_first_peak_weight": 0.15625, "rhythm.bpm_histogram_second_peak_bpm": 74.0, "rhythm.bpm_histogram_second_peak_spread": 0.0, "rhythm.bpm_histogram_second_peak_weight": 0.03030303120613098, "rhythm.danceability": 1.1997464895248413, "rhythm.onset_rate": 2.338749885559082, "tonal.chords_changes_rate": 0.038699690252542496, "tonal.chords_number_rate": 0.007739937864243984, "tonal.chords_strength.mean": 0.5822967290878296, "tonal.chords_strength.stdev": 0.10119915008544922, "tonal.hpcp_crest.mean": 17.052711486816406, "tonal.hpcp_crest.stdev": 7.196767807006836, "tonal.hpcp_entropy.mean": 1.5169214010238647, "tonal.hpcp_entropy.stdev": 0.634774386882782, "tonal.key_edma.strength": 0.763073742389679, "tonal.key_krumhansl.strength": 0.7454902529716492, "tonal.key_temperley.strength": 0.7197803258895874, "tonal.tuning_diatonic_strength": 0.6328114867210388, "tonal.tuning_equal_tempered_deviation": 0.06926850229501724, "tonal.tuning_frequency": 439.2381896972656, "tonal.tuning_nontempered_energy_ratio": 0.6711475849151611, "lowlevel.barkbands.mean": [1.287277427763911e-05, 0.005156563129276037, 0.013876733370125294, 0.003290888387709856, 0.007101497147232294, 0.004473963286727667, 0.0011263411724939942, 0.00033160182647407055, 0.0008332024444825947, 0.0011066481238231063, 0.0007312780944630504, 0.00029719845042563975, 0.00019798291032202542, 0.00011578576231840998, 4.0480874304194e-05, 1.3550699804909527e-05, 1.3898517863708548e-05, 1.4518694115395192e-05, 4.7263070882763714e-05, 6.836656393716112e-05, 6.891886732773855e-05, 3.5349188692634925e-05, 4.610035102814436e-05, 5.831546150147915e-05, 8.181667362805456e-05, 1.3170859347155783e-05, 2.0890415441954246e-07], "lowlevel.barkbands.stdev": [2.8585740437847562e-05, 0.006843867711722851, 0.023059474304318428, 0.006288633216172457, 0.008749808184802532, 0.005161392968147993, 0.002645831322297454, 0.0011234731646254659, 0.0027763056568801403, 0.0035679491702467203, 0.002066640183329582, 0.001214865711517632, 0.0007421588525176048, 0.0003941153991036117, 0.0001222986466018483, 4.2367017158539966e-05, 4.867117604590021e-05, 5.042890552431345e-05, 0.00022748063202016056, 0.0003364254371263087, 0.00031725477310828865, 0.0001747019268805161, 0.00025211262982338667, 0.00025979900965467095, 0.00021774519700556993, 6.559472240041941e-05, 1.1600998277572216e-06], "lowlevel.erbbands.mean": [0.02962891012430191, 1.793613314628601, 15.161382675170898, 12.881390571594238, 14.662382125854492, 23.00763702392578, 37.19826126098633, 37.87629699707031, 20.807586669921875, 7.9846930503845215, 10.788787841796875, 18.250879287719727, 27.960906982421875, 31.6875057220459, 21.676877975463867, 11.660889625549316, 9.469552040100098, 5.39687442779541, 4.597950458526611, 1.5030940771102905, 0.7045303583145142, 0.8969494700431824, 0.8211094737052917, 1.7882636785507202, 2.5112667083740234, 3.1258163452148438, 3.5788633823394775, 2.0070037841796875, 1.357766032218933, 1.221573829650879, 1.2637501955032349, 1.0050705671310425, 1.2086060047149658, 1.1630393266677856, 0.41155022382736206, 0.08979522436857224, 0.017478154972195625, 0.0018220882629975677, 6.43495368422009e-05, 4.640752013074234e-05], "lowlevel.erbbands.stdev": [0.03983854502439499, 2.430692434310913, 23.808345794677734, 21.049968719482422, 25.93627166748047, 26.104454040527344, 33.75579071044922, 51.702999114990234, 43.78202819824219, 24.10065269470215, 29.17867088317871, 66.73036193847656, 78.63188934326172, 75.01387023925781, 80.802978515625, 46.595252990722656, 29.58326530456543, 15.2951078414917, 15.779773712158203, 4.2387166023254395, 1.9460340738296509, 3.2963738441467285, 2.4231836795806885, 8.04188346862793, 12.743910789489746, 15.380303382873535, 17.322704315185547, 9.04780101776123, 6.557689666748047, 6.513402462005615, 7.112740516662598, 5.4572553634643555, 4.703978538513184, 2.9174816608428955, 1.3125663995742798, 0.4531053900718689, 0.07664187252521515, 0.006680195219814777, 0.00016553312889300287, 4.1067269194172695e-05], "lowlevel.gfcc.mean": [-79.31204223632812, 136.39224243164062, -54.99094009399414, 16.191600799560547, -58.13860321044922, 15.631841659545898, -45.517364501953125, 6.248686790466309, -47.67641830444336, 2.7394657135009766, -8.951735496520996, -9.49616813659668, 7.341730117797852], "lowlevel.melbands.mean": [0.0007650865009054542, 0.005745283327996731, 0.002286695409566164, 0.0013949841959401965, 0.0013113744789734483, 0.0008344268426299095, 0.0002726842067204416, 7.404714415315539e-05, 0.00010686004679882899, 0.00011126164463348687, 0.00014913103950675577, 0.00014155589451547712, 7.81712296884507e-05, 3.2842082873685285e-05, 3.7200974475126714e-05, 1.5651003195671365e-05, 9.484252586844377e-06, 8.851701750245411e-06, 3.0453786621364998e-06, 1.1493025340314489e-06, 6.539395940308168e-07, 9.200918498208921e-07, 7.686270464546396e-07, 6.592604222532827e-07, 1.5247359215209144e-06, 1.8391821186014568e-06, 1.8429208239467698e-06, 2.1339844806789188e-06, 2.3836889795347815e-06, 1.8020305105892476e-06, 9.583823157299776e-07, 8.09540608770476e-07, 5.74660020902229e-07, 7.441223033310962e-07, 7.246692348417128e-07, 6.946773396521166e-07, 5.766437993770523e-07, 7.836435997887747e-07, 9.930681699188426e-07, 9.913518397297594e-07], "lowlevel.melbands.stdev": [0.0009906600462272763, 0.008636721409857273, 0.0035226778127253056, 0.001982043031603098, 0.001117465551942587, 0.0010427699889987707, 0.000588931143283844, 0.0002679959870874882, 0.00031724103610031307, 0.00045201292959973216, 0.0004433173453435302, 0.0003560344921424985, 0.0002381687518209219, 0.00014909265155438334, 0.0001534598704893142, 7.866173837101087e-05, 2.741174102993682e-05, 3.475730773061514e-05, 1.0495787137188017e-05, 3.675381549328449e-06, 1.8737378013611306e-06, 3.4841934848373057e-06, 2.178621343773557e-06, 2.2785470719099976e-06, 7.080584509822074e-06, 9.675667570263613e-06, 9.214433703164104e-06, 1.0985829248966184e-05, 1.2353247257124167e-05, 8.687776244187262e-06, 4.370848273538286e-06, 3.980143446824513e-06, 3.1019787911645835e-06, 4.060810624650912e-06, 4.030600848636823e-06, 4.407106189319165e-06, 3.057107733184239e-06, 3.459119170656777e-06, 2.896260184570565e-06, 2.4455305265291827e-06], "lowlevel.melbands128.mean": [7.539089438068913e-06, 3.672702223411761e-05, 0.0003141772758681327, 0.003513558767735958, 0.008254400454461575, 0.005771582014858723, 0.002631271257996559, 0.0013799575390294194, 0.0013904627412557602, 0.001633986597880721, 0.0010392956901341677, 0.0015795555664226413, 0.0012442992301657796, 0.0012155326548963785, 0.0010782824829220772, 0.00040577168692834675, 0.0004198499955236912, 0.00025484751677140594, 0.00010085922258440405, 6.517584552057087e-05, 8.512489876011387e-05, 2.8720052796415985e-05, 0.0001192613854072988, 0.00018461127183400095, 9.446743206353858e-05, 0.00012994058488402516, 2.62456524069421e-05, 0.00011397709022276103, 0.00033449556212872267, 0.00010543497774051502, 0.000111678775283508, 0.0001239799748873338, 3.6076438846066594e-05, 0.00010593674232950434, 3.1136081815930083e-05, 9.514862540527247e-06, 2.4097253117361106e-05, 6.855417450424284e-05, 1.7654831026447937e-05, 1.1007503417204134e-05, 2.5281116904807277e-05, 4.814549356524367e-06, 7.0810001489007846e-06, 1.162203807325568e-05, 1.5245662325469311e-05, 7.35297498977161e-06, 3.0727428566024173e-06, 4.0660252125235274e-06, 2.627245066832984e-06, 7.635363203917223e-07, 1.2504590358730638e-06, 1.1901578318429529e-06, 7.191254098870559e-07, 4.175777519321855e-07, 4.573309126953973e-07, 1.1962429198320024e-06, 1.1378913313819794e-06, 5.997891321385396e-07, 7.262799499585526e-07, 8.869139378475666e-07, 4.5267699988471577e-07, 5.368308961806179e-07, 1.5069301753101172e-06, 1.670241999818245e-06, 1.7851327811513329e-06, 1.9798460471065482e-06, 1.7715791500449996e-06, 1.7405081962351687e-06, 1.8533023649069946e-06, 2.050365765171591e-06, 1.9925262222386664e-06, 2.124354296029196e-06, 2.715025402721949e-06, 2.4388143629039405e-06, 2.0354675598355243e-06, 2.1408229713415494e-06, 1.6083830587376724e-06, 8.930265380513447e-07, 9.382646908306924e-07, 9.248294645658461e-07, 8.499126806782442e-07, 7.887521746852144e-07, 6.63715354676242e-07, 5.08105699736916e-07, 5.018022193326033e-07, 7.087037374731153e-07, 8.772279898039415e-07, 7.69407733969274e-07, 6.786165158700896e-07, 6.920144528521632e-07, 8.058494813667494e-07, 6.734923658768821e-07, 5.612830022982962e-07, 5.195039989303041e-07, 6.427062544389628e-07, 6.418645170924719e-07, 8.478975246362097e-07, 9.429005558558856e-07, 9.071325735021674e-07, 1.0504802503419342e-06, 1.159499788627727e-06, 9.432077945348283e-07, 8.773009199103399e-07, 7.315371703953133e-07, 4.039472116801335e-07, 2.3808465243746468e-07, 1.9945949247812678e-07, 2.434811108287249e-07, 1.417907782297334e-07, 7.097712284576119e-08, 7.160664239336256e-08, 5.9058628210095776e-08, 5.4341267485824574e-08, 4.1690420005124906e-08, 3.078838517467375e-08, 1.5731577818201004e-08, 6.790821238666922e-09, 2.1202051225799323e-09, 2.1118740090031451e-10, 6.358592038319122e-12, 5.376963197606388e-12, 4.898381613521741e-12, 4.694356882384287e-12, 4.609060962751377e-12, 4.5117720323673005e-12, 4.3944049787914e-12, 4.323299530872848e-12, 4.2947151911165715e-12], "lowlevel.melbands128.stdev": [1.8350609025219455e-05, 0.000124493264593184, 0.0005763532826676965, 0.004763009492307901, 0.01276156771928072, 0.010193821042776108, 0.0046613081358373165, 0.0027821685653179884, 0.0029267766512930393, 0.0028932394925504923, 0.0012469817884266376, 0.0018253769958391786, 0.0012927756179124117, 0.0018070652149617672, 0.0018522220198065042, 0.0007895697490312159, 0.0010798298753798008, 0.0006856893887743354, 0.0005447411676868796, 0.00024985536583699286, 0.00043487548828125, 0.00012038215936627239, 0.0004188952734693885, 0.0006454976391978562, 0.00042752266745083034, 0.000855513266287744, 0.00016483759100083262, 0.0003487153444439173, 0.0011884751729667187, 0.000499279354698956, 0.0003583830257412046, 0.00043369963532313704, 0.00014834947069175541, 0.0005925403675064445, 0.0001836784795159474, 0.00014485344581771642, 0.00018536619609221816, 0.00029646861366927624, 7.829541573300958e-05, 4.7398440074175596e-05, 0.00015624200750607997, 3.596377428038977e-05, 3.3504671591799706e-05, 4.1608371248003095e-05, 7.538525096606463e-05, 3.270976594649255e-05, 1.4752230526937637e-05, 1.7423770259483717e-05, 1.149724812421482e-05, 2.7932505872740876e-06, 6.015774488332681e-06, 4.685292424255749e-06, 3.355275111971423e-06, 1.0749793091235915e-06, 1.2888036735603237e-06, 4.678225195675623e-06, 6.849022611277178e-06, 2.121513716701884e-06, 2.524479896237608e-06, 3.040520823560655e-06, 1.8209196923635318e-06, 2.9660893687832868e-06, 6.953413503651973e-06, 8.768962288741022e-06, 1.0255855158902705e-05, 1.1079529031121638e-05, 1.0509525964153e-05, 9.493988727626856e-06, 9.340166798210703e-06, 1.0831748113560025e-05, 1.13745300041046e-05, 1.2509421139839105e-05, 1.580756543262396e-05, 1.3567791029345244e-05, 9.635540664021391e-06, 1.0983969332301058e-05, 9.025360668601934e-06, 3.9333367567451205e-06, 4.445887952897465e-06, 4.873428224527743e-06, 4.547427579382202e-06, 4.188088951195823e-06, 3.557521495167748e-06, 3.2670770906406688e-06, 2.8569545520440442e-06, 4.23354867962189e-06, 4.976475793228019e-06, 4.359273589216173e-06, 3.9773190110281575e-06, 4.168504347035196e-06, 5.829837846249575e-06, 4.448396339284955e-06, 3.3392807381460443e-06, 2.9335508315853076e-06, 3.3999060633504996e-06, 3.200992296115146e-06, 3.9958158595254645e-06, 3.925788860215107e-06, 2.7022292670153547e-06, 2.857868594219326e-06, 2.692719135666266e-06, 2.5178881060128333e-06, 2.66476308752317e-06, 2.059557346001384e-06, 1.570590370647551e-06, 9.957969950846746e-07, 9.304156947109732e-07, 1.5053689139676862e-06, 8.034824077185476e-07, 3.6729466046381276e-07, 4.659115973026928e-07, 3.829528907317581e-07, 2.5889329435813124e-07, 1.6272768732505938e-07, 1.2478413680128142e-07, 7.639644650225819e-08, 3.35658931760463e-08, 2.080763117362494e-08, 3.648510382703307e-09, 3.3713247471478525e-11, 1.5000160835665355e-11, 8.79747663606878e-12, 8.073338872427449e-12, 7.933266890636226e-12, 7.817993648295829e-12, 7.723684539162612e-12, 7.655880270018844e-12, 7.614384817111741e-12], "lowlevel.mfcc.mean": [-749.296630859375, 176.77810668945312, 51.73335647583008, 17.7687931060791, 15.331928253173828, -1.3382121324539185, 25.608247756958008, -17.517898559570312, 2.6669952869415283, -16.26975440979004, -6.890773296356201, -11.35770320892334, -0.9325078129768372], "lowlevel.spectral_contrast_coeffs.mean": [-0.6462074518203735, -0.6632477045059204, -0.7187190055847168, -0.8023280501365662, -0.8259519338607788, -0.7683885097503662], "lowlevel.spectral_contrast_coeffs.stdev": [0.06243656948208809, 0.08451396226882935, 0.08775560557842255, 0.0593523308634758, 0.04675710201263428, 0.05864601954817772], "lowlevel.spectral_contrast_valleys.mean": [-6.412703514099121, -7.6632184982299805, -8.444232940673828, -9.09736156463623, -9.133427619934082, -11.69684886932373], "lowlevel.spectral_contrast_valleys.stdev": [0.8438879251480103, 0.7246613502502441, 0.8447347283363342, 0.811129093170166, 0.9373101592063904, 1.1677318811416626], "rhythm.beats_loudness_band_ratio.mean": [0.6366643309593201, 0.3175434172153473, 0.06112470477819443, 0.0403963103890419, 0.004926041699945927, 0.02863208018243313], "rhythm.beats_loudness_band_ratio.stdev": [0.20358873903751373, 0.14652806520462036, 0.08684598654508591, 0.06798277050256729, 0.008426418527960777, 0.08388762176036835], "tonal.hpcp.mean": [0.07009413093328476, 0.04017692431807518, 0.032485853880643845, 0.07655230909585953, 0.06988857686519623, 0.027082830667495728, 0.01950119063258171, 0.017039189115166664, 0.07008206844329834, 0.19052952527999878, 0.15263070166110992, 0.07924453914165497, 0.14943742752075195, 0.09880691021680832, 0.005456216633319855, 0.004039590712636709, 0.010951271280646324, 0.10122170299291611, 0.22580768167972565, 0.15797507762908936, 0.033769115805625916, 0.01595390774309635, 0.01855555921792984, 0.09583157300949097, 0.21198178827762604, 0.14242330193519592, 0.0205893162637949, 0.009156581945717335, 0.006302790716290474, 0.009061366319656372, 0.016153555363416672, 0.029086505994200706, 0.28086280822753906, 0.5945854187011719, 0.37301933765411377, 0.07880190014839172], "tonal.hpcp.stdev": [0.20443344116210938, 0.12920965254306793, 0.11490108072757721, 0.2169187068939209, 0.1991214007139206, 0.11725514382123947, 0.11460898071527481, 0.09828886389732361, 0.14036300778388977, 0.2705104351043701, 0.22726936638355255, 0.1706005334854126, 0.3033822178840637, 0.20933805406093597, 0.036104120314121246, 0.02759467251598835, 0.06966757774353027, 0.19066618382930756, 0.3394182026386261, 0.25580930709838867, 0.13109464943408966, 0.08703180402517319, 0.0981731042265892, 0.18142792582511902, 0.3306552767753601, 0.24206514656543732, 0.09926024079322815, 0.07128410786390305, 0.05348644033074379, 0.0527421236038208, 0.07264851033687592, 0.11208276450634003, 0.2562275826931, 0.39918068051338196, 0.2963974177837372, 0.21025513112545013], "rhythm.beats_position": [0.7894784212112427, 1.6021767854690552, 2.426485300064087, 3.250793695449829, 4.098321914672852, 4.945850372314453, 5.804988384246826, 6.675736904144287, 7.53487491607666, 8.405623435974121, 9.276371955871582, 10.147119522094727, 10.994647979736328, 11.865396499633789, 12.72453498840332, 13.606893539428711, 14.477641105651855, 15.348389625549316, 16.21913719177246, 17.089885711669922, 17.972244262695312, 18.854602813720703, 19.725351333618164, 20.596099853515625, 21.455238342285156, 22.314376831054688, 23.173513412475586, 24.032651901245117, 24.915010452270508, 25.7973690032959, 26.65650749206543, 27.51564598083496, 28.386394500732422, 29.257143020629883], "rhythm.bpm_histogram": [0.0, 0.0, 0.0, 0.0, 0.0, 0.0, 0.0, 0.0, 0.0, 0.0, 0.0, 0.0, 0.0, 0.0, 0.0, 0.0, 0.0, 0.0, 0.0, 0.0, 0.0, 0.0, 0.0, 0.0, 0.0, 0.0, 0.0, 0.0, 0.0, 0.0, 0.0, 0.0, 0.0, 0.0, 0.0, 0.0, 0.0, 0.0, 0.0, 0.0, 0.0, 0.0, 0.0, 0.0, 0.0, 0.0, 0.0, 0.0, 0.0, 0.0, 0.0, 0.0, 0.0, 0.0, 0.0, 0.0, 0.0, 0.0, 0.0, 0.0, 0.0, 0.0, 0.0, 0.0, 0.0, 0.0, 0.0, 0.0, 0.1515151560306549, 0.39393940567970276, 0.27272728085517883, 0.09090909361839294, 0.0, 0.06060606241226196, 0.03030303120613098, 0.0, 0.0, 0.0, 0.0, 0.0, 0.0, 0.0, 0.0, 0.0, 0.0, 0.0, 0.0, 0.0, 0.0, 0.0, 0.0, 0.0, 0.0, 0.0, 0.0, 0.0, 0.0, 0.0, 0.0, 0.0, 0.0, 0.0, 0.0, 0.0, 0.0, 0.0, 0.0, 0.0, 0.0, 0.0, 0.0, 0.0, 0.0, 0.0, 0.0, 0.0, 0.0, 0.0, 0.0, 0.0, 0.0, 0.0, 0.0, 0.0, 0.0, 0.0, 0.0, 0.0, 0.0, 0.0, 0.0, 0.0, 0.0, 0.0, 0.0, 0.0, 0.0, 0.0, 0.0, 0.0, 0.0, 0.0, 0.0, 0.0, 0.0, 0.0, 0.0, 0.0, 0.0, 0.0, 0.0, 0.0, 0.0, 0.0, 0.0, 0.0, 0.0, 0.0, 0.0, 0.0, 0.0, 0.0, 0.0, 0.0, 0.0, 0.0, 0.0, 0.0, 0.0, 0.0, 0.0, 0.0, 0.0, 0.0, 0.0, 0.0, 0.0, 0.0, 0.0, 0.0, 0.0, 0.0, 0.0, 0.0, 0.0, 0.0, 0.0, 0.0, 0.0, 0.0, 0.0, 0.0, 0.0, 0.0, 0.0, 0.0, 0.0, 0.0, 0.0, 0.0, 0.0, 0.0, 0.0, 0.0, 0.0, 0.0, 0.0, 0.0, 0.0, 0.0, 0.0, 0.0, 0.0, 0.0, 0.0, 0.0, 0.0, 0.0, 0.0, 0.0, 0.0, 0.0, 0.0, 0.0, 0.0, 0.0, 0.0, 0.0, 0.0, 0.0, 0.0, 0.0, 0.0, 0.0, 0.0, 0.0, 0.0, 0.0, 0.0, 0.0, 0.0, 0.0, 0.0, 0.0, 0.0, 0.0, 0.0, 0.0, 0.0, 0.0], "tonal.chords_histogram": [28.947368621826172, 13.46749210357666, 50.15480041503906, 0.0, 0.0, 0.0, 4.024767875671387, 0.0, 0.0, 0.0, 0.0, 0.0, 0.0, 0.0, 0.0, 0.0, 0.0, 0.0, 0.6191950440406799, 2.7863776683807373, 0.0, 0.0, 0.0, 0.0], "tonal.thpcp": [1.0, 0.6273604035377502, 0.1325325071811676, 0.11788740009069443, 0.06757132709026337, 0.054636143147945404, 0.1287490576505661, 0.11754169315099716, 0.045549098402261734, 0.03279796242713928, 0.028657259419560432, 0.117867112159729, 0.32044097781181335, 0.2567010521888733, 0.13327696919441223, 0.2513304650783539, 0.16617782413959503, 0.009176505729556084, 0.006793961860239506, 0.0184183306992054, 0.17023912072181702, 0.3797733187675476, 0.2656894624233246, 0.056794390082359314, 0.026831986382603645, 0.031207557767629623, 0.1611737757921219, 0.35652032494544983, 0.23953379690647125, 0.03462802246212959, 0.01539994403719902, 0.010600311681628227, 0.015239805914461613, 0.02716776169836521, 0.04891896992921829, 0.47236746549606323], "lowlevel.gfcc.cov": [[5425.0693359375, -1331.8359375, -869.8104858398438, 46.91063690185547, -391.5973815917969, 217.96615600585938, -5.179314613342285, 320.17852783203125, -481.9521484375, 235.91824340820312, -217.67962646484375, -45.01423645019531, 33.18973922729492], [-1331.8359375, 2303.8154296875, 314.70477294921875, -836.4072875976562, 565.170654296875, 75.6367416381836, 72.1845703125, -230.770751953125, 84.60332489013672, -264.8569030761719, 149.05824279785156, -202.99819946289062, 191.24147033691406], [-869.8104858398438, 314.70477294921875, 584.43994140625, 191.6782989501953, 92.45454406738281, -19.634260177612305, 31.60976219177246, -69.49465942382812, 125.39160919189453, -122.92811584472656, 33.45640563964844, 55.157588958740234, -51.28573989868164], [46.91063690185547, -836.4072875976562, 191.6782989501953, 884.8538818359375, -127.88687896728516, -157.24649047851562, 23.963682174682617, 3.8568224906921387, 176.8726043701172, -17.689369201660156, -49.66768264770508, 108.42778778076172, -181.48040771484375], [-391.5973815917969, 565.170654296875, 92.45454406738281, -127.88687896728516, 324.9804382324219, 35.78307342529297, -15.635995864868164, -82.68742370605469, 66.72804260253906, -72.28614807128906, 25.23790168762207, -41.50275802612305, 18.450664520263672], [217.96615600585938, 75.6367416381836, -19.634260177612305, -157.24649047851562, 35.78307342529297, 200.5127716064453, 8.523666381835938, -12.941104888916016, -76.10868072509766, 8.857767105102539, -11.129829406738281, -37.57685089111328, 44.73274230957031], [-5.179314613342285, 72.1845703125, 31.60976219177246, 23.963682174682617, -15.635995864868164, 8.523666381835938, 209.7420196533203, 27.064624786376953, 34.12247848510742, -25.944108963012695, 19.312150955200195, 2.793982744216919, -47.46054458618164], [320.17852783203125, -230.770751953125, -69.49465942382812, 3.8568224906921387, -82.68742370605469, -12.941104888916016, 27.064624786376953, 171.98446655273438, -35.52866744995117, 20.61590576171875, -2.892869472503662, 15.729969024658203, 39.37046813964844], [-481.9521484375, 84.60332489013672, 125.39160919189453, 176.8726043701172, 66.72804260253906, -76.10868072509766, 34.12247848510742, -35.52866744995117, 218.27154541015625, -47.76018524169922, 18.684194564819336, 20.16777801513672, -75.03028869628906], [235.91824340820312, -264.8569030761719, -122.92811584472656, -17.689369201660156, -72.28614807128906, 8.857767105102539, -25.944108963012695, 20.61590576171875, -47.76018524169922, 162.7898406982422, -8.479244232177734, -9.9280366897583, -9.810235023498535], [-217.67962646484375, 149.05824279785156, 33.45640563964844, -49.66768264770508, 25.23790168762207, -11.129829406738281, 19.312150955200195, -2.892869472503662, 18.684194564819336, -8.479244232177734, 111.68665313720703, 2.0775697231292725, -5.206024646759033], [-45.01423645019531, -202.99819946289062, 55.157588958740234, 108.42778778076172, -41.50275802612305, -37.57685089111328, 2.793982744216919, 15.729969024658203, 20.16777801513672, -9.9280366897583, 2.0775697231292725, 112.74158477783203, -22.81880760192871], [33.18973922729492, 191.24147033691406, -51.28573989868164, -181.48040771484375, 18.450664520263672, 44.73274230957031, -47.46054458618164, 39.37046813964844, -75.03028869628906, -9.810235023498535, -5.206024646759033, -22.81880760192871, 183.07965087890625]], "lowlevel.gfcc.icov": [[0.00037129479460418224, -0.00022170861484482884, 0.0005450203316286206, -0.00041294159018434584, 0.00016196887008845806, -0.0005131092038936913, 0.00010969800496241078, -0.0006632943404838443, 0.0006894100806675851, -8.916752267396078e-05, 0.00045139199937693775, -0.00018948657088913023, 0.0004547230200842023], [-0.00022170861484482884, 0.004488467238843441, -0.002380623249337077, 0.0038958792574703693, -0.003315157722681761, 0.0030827787704765797, -0.0024934757966548204, 0.004007878713309765, -0.0015802538255229592, 0.0032133532222360373, -0.002119246404618025, 0.004650150425732136, -0.0033369194716215134], [0.0005450203316286206, -0.002380623249337077, 0.004290028475224972, -0.002805163851007819, 0.001438740873709321, -0.0025712919887155294, 0.0012181892525404692, -0.0020219727884978056, 0.0009570336551405489, -0.000256566476309672, 0.000839699583593756, -0.0033440333791077137, 0.002028467832133174], [-0.00041294159018434584, 0.0038958792574703693, -0.002805163851007819, 0.005639452952891588, -0.002068435540422797, 0.0035210903733968735, -0.0018547284416854382, 0.0034571834839880466, -0.0028677135705947876, 0.002792827785015106, -0.000875428959261626, 0.00320173567160964, -0.0017178812995553017], [0.00016196887008845806, -0.003315157722681761, 0.001438740873709321, -0.002068435540422797, 0.00732240779325366, -0.0030137933790683746, 0.002439269097521901, -0.0015135647263377905, -0.0007957840571179986, -0.0009570733527652919, 0.0011751970741897821, -0.0023137975949794054, 0.002110119676217437], [-0.0005131092038936913, 0.0030827787704765797, -0.0025712919887155294, 0.0035210903733968735, -0.0030137933790683746, 0.00935383141040802, -0.0027663391083478928, 0.003890867345035076, 0.0005080089322291315, 0.0015968413790687919, -0.0007721086731180549, 0.0041881138458848, -0.0030989274382591248], [0.00010969800496241078, -0.0024934757966548204, 0.0012181892525404692, -0.0018547284416854382, 0.002439269097521901, -0.0027663391083478928, 0.007274279836565256, -0.003838049480691552, -5.5854481615824625e-05, -0.0005126282339915633, 0.00036129035288468003, -0.002175868721678853, 0.003917372785508633], [-0.0006632943404838443, 0.004007878713309765, -0.0020219727884978056, 0.0034571834839880466, -0.0015135647263377905, 0.003890867345035076, -0.003838049480691552, 0.012039572931826115, -0.0018271764274686575, 0.0024764372501522303, -0.002632950199767947, 0.003173571778461337, -0.005883324425667524], [0.0006894100806675851, -0.0015802538255229592, 0.0009570336551405489, -0.0028677135705947876, -0.0007957840571179986, 0.0005080089322291315, -5.5854481615824625e-05, -0.0018271764274686575, 0.009677265770733356, -0.00033959478605538607, 0.0006068851216696203, -0.0012945503694936633, 0.0030893494840711355], [-8.916752267396078e-05, 0.0032133532222360373, -0.000256566476309672, 0.002792827785015106, -0.0009570733527652919, 0.0015968413790687919, -0.0005126282339915633, 0.0024764372501522303, -0.00033959478605538607, 0.010701899416744709, -0.001853198162280023, 0.003926019184291363, -0.0007321111625060439], [0.00045139199937693775, -0.002119246404618025, 0.000839699583593756, -0.000875428959261626, 0.0011751970741897821, -0.0007721086731180549, 0.00036129035288468003, -0.002632950199767947, 0.0006068851216696203, -0.001853198162280023, 0.011465810239315033, -0.002673847833648324, 0.002371602924540639], [-0.00018948657088913023, 0.004650150425732136, -0.0033440333791077137, 0.00320173567160964, -0.0023137975949794054, 0.0041881138458848, -0.002175868721678853, 0.003173571778461337, -0.0012945503694936633, 0.003926019184291363, -0.002673847833648324, 0.01589076966047287, -0.003038328606635332], [0.0004547230200842023, -0.0033369194716215134, 0.002028467832133174, -0.0017178812995553017, 0.002110119676217437, -0.0030989274382591248, 0.003917372785508633, -0.005883324425667524, 0.0030893494840711355, -0.0007321111625060439, 0.002371602924540639, -0.003038328606635332, 0.011471528559923172]], "lowlevel.mfcc.cov": [[5477.646484375, -1751.4208984375, -595.6338500976562, -92.80587768554688, -383.6119079589844, -179.1849822998047, 332.005859375, -212.6672821044922, 152.4148406982422, -10.814453125, 36.507598876953125, -206.01292419433594, -84.77117919921875], [-1751.4208984375, 2988.041259765625, -195.50453186035156, -683.5948486328125, 339.75518798828125, 96.73369598388672, 218.7948455810547, -81.23017120361328, 112.27706909179688, -244.76219177246094, 59.76414489746094, -64.6801528930664, 29.99019432067871], [-595.6338500976562, -195.50453186035156, 538.7263793945312, 249.65576171875, 12.300121307373047, 62.36355209350586, -117.53559875488281, 170.7154541015625, -69.29039764404297, 39.26164245605469, -26.663867950439453, 102.92318725585938, 20.601545333862305], [-92.80587768554688, -683.5948486328125, 249.65576171875, 608.0853271484375, -31.62613296508789, 30.57992172241211, -209.1726837158203, 179.82737731933594, -69.94434356689453, 107.69075775146484, 17.05059051513672, 109.6286849975586, 3.8337528705596924], [-383.6119079589844, 339.75518798828125, 12.300121307373047, -31.62613296508789, 280.84521484375, 44.070770263671875, -48.49736785888672, 21.666542053222656, 11.108341217041016, -27.317420959472656, -30.61960220336914, -3.5398266315460205, -5.4059906005859375], [-179.1849822998047, 96.73369598388672, 62.36355209350586, 30.57992172241211, 44.070770263671875, 233.02845764160156, -43.551910400390625, 40.83626937866211, -23.707294464111328, 11.4829740524292, 20.380586624145508, -0.0017346329987049103, 16.904111862182617], [332.005859375, 218.7948455810547, -117.53559875488281, -209.1726837158203, -48.49736785888672, -43.551910400390625, 254.34979248046875, -88.0067367553711, 61.40871047973633, -63.3204460144043, 17.54718017578125, -67.90103912353516, 28.80579376220703], [-212.6672821044922, -81.23017120361328, 170.7154541015625, 179.82737731933594, 21.666542053222656, 40.83626937866211, -88.0067367553711, 261.2371520996094, -42.08574295043945, 62.68300247192383, -34.37342071533203, 89.72364044189453, 12.86721134185791], [152.4148406982422, 112.27706909179688, -69.29039764404297, -69.94434356689453, 11.108341217041016, -23.707294464111328, 61.40871047973633, -42.08574295043945, 149.43548583984375, -39.09553909301758, -1.1116222143173218, -65.47616577148438, -6.681967258453369], [-10.814453125, -244.76219177246094, 39.26164245605469, 107.69075775146484, -27.317420959472656, 11.4829740524292, -63.3204460144043, 62.68300247192383, -39.09553909301758, 189.09646606445312, -2.060042381286621, 51.810821533203125, -4.032761096954346], [36.507598876953125, 59.76414489746094, -26.663867950439453, 17.05059051513672, -30.61960220336914, 20.380586624145508, 17.54718017578125, -34.37342071533203, -1.1116222143173218, -2.060042381286621, 143.06964111328125, -8.779398918151855, -13.608844757080078], [-206.01292419433594, -64.6801528930664, 102.92318725585938, 109.6286849975586, -3.5398266315460205, -0.0017346329987049103, -67.90103912353516, 89.72364044189453, -65.47616577148438, 51.810821533203125, -8.779398918151855, 147.08157348632812, 7.141392230987549], [-84.77117919921875, 29.99019432067871, 20.601545333862305, 3.8337528705596924, -5.4059906005859375, 16.904111862182617, 28.80579376220703, 12.86721134185791, -6.681967258453369, -4.032761096954346, -13.608844757080078, 7.141392230987549, 116.7151870727539]], "lowlevel.mfcc.icov": [[0.00035131777985952795, 0.00028540240600705147, 0.00035979427048005164, 6.950212264200673e-05, 8.765226084506139e-05, -6.272638711379841e-05, -0.00046055472921580076, -0.0001665353192947805, -0.00017273964476771653, 0.00014466432912740856, -7.829868263797835e-05, 6.074031989555806e-05, 0.00024347369617316872], [0.00028540240600705147, 0.000863453431520611, 0.00029578336398117244, 0.0007912827422842383, -0.0005907368613407016, -0.0002290095726493746, -0.0004653727519325912, -0.00046340777771547437, -0.0003830077184829861, 0.0005646772333420813, -0.0006360543193295598, -0.00037228147266432643, 2.517301618354395e-05], [0.00035979427048005164, 0.00029578336398117244, 0.003104675328359008, -0.0006227755802683532, 0.00011675810674205422, -0.0005306816310621798, -0.00034556048922240734, -0.0011143481824547052, 0.0001647399039939046, 0.0006437627016566694, 0.00028617173666134477, -0.0006903278408572078, 5.5450629588449374e-05], [6.950212264200673e-05, 0.0007912827422842383, -0.0006227755802683532, 0.003948410041630268, -0.00016532177687622607, 0.00014032672333996743, 0.0018321428215131164, -0.001453263801522553, -0.0005613589892163873, 1.2048257076457958e-06, -0.0016730844508856535, -0.0006506724748760462, -0.0006799192051403224], [8.765226084506139e-05, -0.0005907368613407016, 0.00011675810674205422, -0.00016532177687622607, 0.004883941728621721, -0.0005486563313752413, 0.001283163670450449, -0.00010758426651591435, -0.00036391938920132816, 0.00033334697945974767, 0.0012659186031669378, 0.00046108008245937526, 0.00031119774212129414], [-6.272638711379841e-05, -0.0002290095726493746, -0.0005306816310621798, 0.00014032672333996743, -0.0005486563313752413, 0.005134964361786842, 0.0009789220057427883, -0.0006590691045857966, 0.0007756634731777012, -0.00036495013046078384, -0.0011433223262429237, 0.0013742251321673393, -0.0010213128989562392], [-0.00046055472921580076, -0.0004653727519325912, -0.00034556048922240734, 0.0018321428215131164, 0.001283163670450449, 0.0009789220057427883, 0.007734877988696098, 0.00017537554958835244, -0.0011414530454203486, 0.000514291983563453, -0.0009202858782373369, 0.0008951963391155005, -0.0024344483390450478], [-0.0001665353192947805, -0.00046340777771547437, -0.0011143481824547052, -0.001453263801522553, -0.00010758426651591435, -0.0006590691045857966, 0.00017537554958835244, 0.006646694615483284, -0.00019817023712676018, -0.0011105696903541684, 0.0016833196859806776, -0.002138841664418578, -0.00016560242511332035], [-0.00017273964476771653, -0.0003830077184829861, 0.0001647399039939046, -0.0005613589892163873, -0.00036391938920132816, 0.0007756634731777012, -0.0011414530454203486, -0.00019817023712676018, 0.009155882522463799, 0.00032994651701301336, 0.0005428610602393746, 0.0034445461351424456, 0.0005247921799309552], [0.00014466432912740856, 0.0005646772333420813, 0.0006437627016566694, 1.2048257076457958e-06, 0.00033334697945974767, -0.00036495013046078384, 0.000514291983563453, -0.0011105696903541684, 0.00032994651701301336, 0.0069601088762283325, -0.0003226479166187346, -0.0014122513821348548, 0.00021827284945175052], [-7.829868263797835e-05, -0.0006360543193295598, 0.00028617173666134477, -0.0016730844508856535, 0.0012659186031669378, -0.0011433223262429237, -0.0009202858782373369, 0.0016833196859806776, 0.0005428610602393746, -0.0003226479166187346, 0.008614047430455685, 3.7726276786997914e-05, 0.0013987973798066378], [6.074031989555806e-05, -0.00037228147266432643, -0.0006903278408572078, -0.0006506724748760462, 0.00046108008245937526, 0.0013742251321673393, 0.0008951963391155005, -0.002138841664418578, 0.0034445461351424456, -0.0014122513821348548, 3.7726276786997914e-05, 0.011471464298665524, -0.0004289155185688287], [0.00024347369617316872, 2.517301618354395e-05, 5.5450629588449374e-05, -0.0006799192051403224, 0.00031119774212129414, -0.0010213128989562392, -0.0024344483390450478, -0.00016560242511332035, 0.0005247921799309552, 0.00021827284945175052, 0.0013987973798066378, -0.0004289155185688287, 0.009759129025042057]], "metadata.audio_properties.analysis.downmix": "mix", "metadata.audio_properties.codec": "mp3", "metadata.audio_properties.md5_encoded": "4e2b2bd78102088b60064900db2fa42b", "metadata.tags.file_name": "1183662274800525463.mp3", "metadata.version.essentia": "2.1-beta6-dev", "metadata.version.essentia_git_sha": "v2.1_beta5-1110-g77a6a954", "metadata.version.extractor": "music 2.0", "tonal.chords_key": "Ab", "tonal.chords_scale": "major", "tonal.key_edma.key": "C#", "tonal.key_edma.scale": "major", "tonal.key_krumhansl.key": "C#", "tonal.key_krumhansl.scale": "major", "tonal.key_temperley.key": "C#", "tonal.key_temperley.scale": "major", "metadata.tags.encoding": ["Lavf58.45.100"]}, "essentia_models": [{"model_name": "genre_dortmund", "activations": {"alternative": "0.12157313", "blues": "0.0053624385", "electronic": "0.0139684