{"song_id": "1183710637793226762", "download": "https://cdn.discordapp.com/attachments/1135903449314238464/1183710637793226762/chirp.mp4?ex=65895370&amp", "lyrics": "\u0430 \u044f \u0442\u0435\u0431\u044f \u0442\u0430\u043f\u043e\u0440\u0438\u043a\u043e\u043c\n\u0431\u0430\u043c \u0431\u0430\u043c \u0431\u0430\u043c\n\u0430 \u044f \u0442\u0435\u0431\u044f \u0442\u0430\u043f\u043e\u0440\u0438\u043a\u043e\u043c\n\u043f\u043e \u043a\u0443\u0441\u043a\u0430\u043c\n\u0430 \u044f \u0442\u0435\u0431\u044f \u0442\u0430\u043f\u043e\u0440\u0438\u043a\u043e\u043c\n\u0442\u044b\u0449 \u0442\u044b\u0449 \u0442\u044b\u0449\n\u0430 \u044f \u0442\u0435\u0431\u044f \u0442\u0430\u043f\u043e\u0440\u0438\u043a\u043e\u043c\n\u043e\u0442 \u0442\u0435\u0431\u044f \u043e\u0441\u0442\u0430\u043d\u0435\u0442\u0441\u044f \u0442\u043e\u043b\u044c\u043a\u043e \u043f\u0440\u044b\u0449", "style": ["death metal"], "essentia_features": {"lowlevel.average_loudness": 0.9655608534812927, "lowlevel.barkbands_crest.mean": 9.836734771728516, "lowlevel.barkbands_crest.stdev": 4.248727798461914, "lowlevel.barkbands_flatness_db.mean": 0.1660752296447754, "lowlevel.barkbands_flatness_db.stdev": 0.05390651896595955, "lowlevel.barkbands_kurtosis.mean": 2.817746162414551, "lowlevel.barkbands_kurtosis.stdev": 7.7774834632873535, "lowlevel.barkbands_skewness.mean": 0.9002834558486938, "lowlevel.barkbands_skewness.stdev": 1.371870756149292, "lowlevel.barkbands_spread.mean": 28.317075729370117, "lowlevel.barkbands_spread.stdev": 18.256446838378906, "lowlevel.dissonance.mean": 0.46843674778938293, "lowlevel.dissonance.stdev": 0.031503185629844666, "lowlevel.dynamic_complexity": 2.9532392024993896, "lowlevel.erbbands_crest.mean": 11.11114501953125, "lowlevel.erbbands_crest.stdev": 5.332374572753906, "lowlevel.erbbands_flatness_db.mean": 0.19379331171512604, "lowlevel.erbbands_flatness_db.stdev": 0.05329159274697304, "lowlevel.erbbands_kurtosis.mean": 1.366553783416748, "lowlevel.erbbands_kurtosis.stdev": 3.9678635597229004, "lowlevel.erbbands_skewness.mean": 0.03882100433111191, "lowlevel.erbbands_skewness.stdev": 1.0280790328979492, "lowlevel.erbbands_spread.mean": 34.480560302734375, "lowlevel.erbbands_spread.stdev": 19.237638473510742, "lowlevel.hfc.mean": 23.926616668701172, "lowlevel.hfc.stdev": 20.793344497680664, "lowlevel.loudness_ebu128.integrated": -16.88336181640625, "lowlevel.loudness_ebu128.loudness_range": 3.8486289978027344, "lowlevel.loudness_ebu128.momentary.mean": -17.393537521362305, "lowlevel.loudness_ebu128.momentary.stdev": 2.219017267227173, "lowlevel.loudness_ebu128.short_term.mean": -17.156457901000977, "lowlevel.loudness_ebu128.short_term.stdev": 1.5677409172058105, "lowlevel.melbands_crest.mean": 14.40482234954834, "lowlevel.melbands_crest.stdev": 5.682968616485596, "lowlevel.melbands_flatness_db.mean": 0.17994080483913422, "lowlevel.melbands_flatness_db.stdev": 0.07729245722293854, "lowlevel.melbands_kurtosis.mean": 9.205822944641113, "lowlevel.melbands_kurtosis.stdev": 19.963285446166992, "lowlevel.melbands_skewness.mean": 1.9505183696746826, "lowlevel.melbands_skewness.stdev": 1.797476053237915, "lowlevel.melbands_spread.mean": 38.96320724487305, "lowlevel.melbands_spread.stdev": 29.290931701660156, "lowlevel.pitch_salience.mean": 0.538701057434082, "lowlevel.pitch_salience.stdev": 0.11806140094995499, "lowlevel.silence_rate_20dB.mean": 1.0, "lowlevel.silence_rate_20dB.stdev": 0.0, "lowlevel.silence_rate_30dB.mean": 1.0, "lowlevel.silence_rate_30dB.stdev": 0.0, "lowlevel.silence_rate_60dB.mean": 0.0595528818666935, "lowlevel.silence_rate_60dB.stdev": 0.23664672672748566, "lowlevel.spectral_centroid.mean": 1899.4105224609375, "lowlevel.spectral_centroid.stdev": 1026.109130859375, "lowlevel.spectral_complexity.mean": 18.095247268676758, "lowlevel.spectral_complexity.stdev": 9.839702606201172, "lowlevel.spectral_decrease.mean": -4.711179446559299e-09, "lowlevel.spectral_decrease.stdev": 4.692793265093087e-09, "lowlevel.spectral_energy.mean": 0.01995132304728031, "lowlevel.spectral_energy.stdev": 0.0185992531478405, "lowlevel.spectral_energyband_high.mean": 0.002342391526326537, "lowlevel.spectral_energyband_high.stdev": 0.0030484935268759727, "lowlevel.spectral_energyband_low.mean": 0.006308944430202246, "lowlevel.spectral_energyband_low.stdev": 0.0146901560947299, "lowlevel.spectral_energyband_middle_high.mean": 0.0062911310233175755, "lowlevel.spectral_energyband_middle_high.stdev": 0.007333540357649326, "lowlevel.spectral_energyband_middle_low.mean": 0.00628879526630044, "lowlevel.spectral_energyband_middle_low.stdev": 0.0075460802763700485, "lowlevel.spectral_entropy.mean": 7.5508503913879395, "lowlevel.spectral_entropy.stdev": 0.5136255621910095, "lowlevel.spectral_flux.mean": 0.08499282598495483, "lowlevel.spectral_flux.stdev": 0.059150975197553635, "lowlevel.spectral_kurtosis.mean": 4.375423431396484, "lowlevel.spectral_kurtosis.stdev": 5.490378379821777, "lowlevel.spectral_rms.mean": 0.004027541261166334, "lowlevel.spectral_rms.stdev": 0.0018009986961260438, "lowlevel.spectral_rolloff.mean": 2469.30712890625, "lowlevel.spectral_rolloff.stdev": 1879.9036865234375, "lowlevel.spectral_skewness.mean": 1.4063801765441895, "lowlevel.spectral_skewness.stdev": 0.7462764978408813, "lowlevel.spectral_spread.mean": 4475820.5, "lowlevel.spectral_spread.stdev": 1408054.875, "lowlevel.spectral_strongpeak.mean": 1.5177265405654907, "lowlevel.spectral_strongpeak.stdev": 2.1364784240722656, "lowlevel.zerocrossingrate.mean": 0.0825066864490509, "lowlevel.zerocrossingrate.stdev": 0.04708731174468994, "metadata.audio_properties.analysis.equal_loudness": 0.0, "metadata.audio_properties.analysis.length": 123.56160736083984, "metadata.audio_properties.analysis.sample_rate": 44100.0, "metadata.audio_properties.analysis.start_time": 0.0, "metadata.audio_properties.bit_rate": 104134.0, "metadata.audio_properties.length": 123.56266784667969, "metadata.audio_properties.lossless": 0.0, "metadata.audio_properties.number_channels": 1.0, "metadata.audio_properties.replay_gain": -10.921640396118164, "metadata.audio_properties.sample_rate": 48000.0, "rhythm.beats_count": 264.0, "rhythm.beats_loudness.mean": 0.02729329653084278, "rhythm.beats_loudness.stdev": 0.013378526084125042, "rhythm.bpm": 128.5574188232422, "rhythm.bpm_histogram_first_peak_bpm": 129.0, "rhythm.bpm_histogram_first_peak_weight": 0.34262949228286743, "rhythm.bpm_histogram_second_peak_bpm": 123.0, "rhythm.bpm_histogram_second_peak_spread": 0.0, "rhythm.bpm_histogram_second_peak_weight": 0.034220531582832336, "rhythm.danceability": 1.4362787008285522, "rhythm.onset_rate": 3.8033089637756348, "tonal.chords_changes_rate": 0.056724268943071365, "tonal.chords_number_rate": 0.00413223123177886, "tonal.chords_strength.mean": 0.5789324641227722, "tonal.chords_strength.stdev": 0.09633731096982956, "tonal.hpcp_crest.mean": 12.946932792663574, "tonal.hpcp_crest.stdev": 6.478251934051514, "tonal.hpcp_entropy.mean": 2.114497661590576, "tonal.hpcp_entropy.stdev": 0.735684871673584, "tonal.key_edma.strength": 0.8594214916229248, "tonal.key_krumhansl.strength": 0.8612860441207886, "tonal.key_temperley.strength": 0.8613486886024475, "tonal.tuning_diatonic_strength": 0.7654139995574951, "tonal.tuning_equal_tempered_deviation": 0.2698308527469635, "tonal.tuning_frequency": 434.193115234375, "tonal.tuning_nontempered_energy_ratio": 0.9439668655395508, "lowlevel.barkbands.mean": [0.0001617985253687948, 0.002178934868425131, 0.002765602432191372, 0.0017161354189738631, 0.0010678167454898357, 0.00154025515075773, 0.0007263286388479173, 0.0005160211003385484, 0.0005929054459556937, 0.0009660741197876632, 0.0008934783400036395, 0.0011342515936121345, 0.0012426705798134208, 0.0005741023924201727, 0.00031880359165370464, 0.0004609418974723667, 0.00027560009039007127, 0.0002573003002908081, 0.00012515088019426912, 0.001198471407406032, 0.000752675230614841, 0.00010527092672418803, 0.00014129510964266956, 0.00013079344353172928, 0.00010851230035768822, 1.5479005810448143e-07, 1.030926122247422e-09], "lowlevel.barkbands.stdev": [0.00033774159965105355, 0.005018920172005892, 0.008951102383434772, 0.0032692672684788704, 0.0018534553237259388, 0.0035329838283360004, 0.0028949349652975798, 0.0017358151962980628, 0.002001919550821185, 0.002484133467078209, 0.0029681515879929066, 0.0025964046362787485, 0.002855542115867138, 0.0012975786812603474, 0.0008800791692920029, 0.001098163891583681, 0.0006106424843892455, 0.00040298482053913176, 0.0001884569792309776, 0.0018872700165957212, 0.0013196830404922366, 0.00015181675553321838, 0.0002032873744610697, 0.00015917485870886594, 0.00013934835442341864, 5.007102572562872e-07, 1.2379279823448996e-08], "lowlevel.erbbands.mean": [0.07146967947483063, 0.4801407754421234, 2.666872024536133, 5.416086196899414, 3.0259804725646973, 3.9279842376708984, 9.518866539001465, 12.469822883605957, 12.192172050476074, 7.763245105743408, 14.025248527526855, 13.447931289672852, 17.903541564941406, 38.97053909301758, 42.740116119384766, 47.822967529296875, 58.75758361816406, 37.84890365600586, 21.5046443939209, 12.272330284118652, 29.267608642578125, 16.075485229492188, 12.182281494140625, 10.611900329589844, 7.329288959503174, 48.527191162109375, 69.0028076171875, 9.372306823730469, 4.043140411376953, 4.110935688018799, 3.8507471084594727, 3.1154139041900635, 1.9816787242889404, 1.4872790575027466, 0.6055717468261719, 0.03061743825674057, 0.0008993346709758043, 7.423452916555107e-05, 2.3031880118651316e-05, 2.7822206902783364e-05], "lowlevel.erbbands.stdev": [0.144325852394104, 1.3755264282226562, 8.67522144317627, 12.218140602111816, 5.085333347320557, 6.7185797691345215, 28.36496925354004, 29.87225914001465, 44.38541030883789, 35.4189453125, 45.35742950439453, 47.40564727783203, 47.74489974975586, 109.43599700927734, 104.52669525146484, 97.09856414794922, 134.2927703857422, 79.24781799316406, 50.641517639160156, 31.4774169921875, 64.58484649658203, 31.47713279724121, 17.870635986328125, 15.264873504638672, 10.62744140625, 69.60941314697266, 116.80619812011719, 11.950010299682617, 5.743724346160889, 6.036848545074463, 5.418839454650879, 3.845299482345581, 2.4869894981384277, 1.994738221168518, 0.7647222280502319, 0.04080979526042938, 0.0011334038572385907, 8.889260789146647e-05, 1.799012352421414e-05, 2.2567828636965714e-05], "lowlevel.gfcc.mean": [-28.590238571166992, 92.31786346435547, -141.43936157226562, 44.60999298095703, -73.60501098632812, 29.512319564819336, -40.597137451171875, 1.4415618181228638, -34.321956634521484, -3.31901478767395, -2.6803786754608154, -15.675660133361816, 4.750703811645508], "lowlevel.melbands.mean": [0.00059904606314376, 0.001146483002230525, 0.0008303950307890773, 0.0002267689269501716, 0.00029701431049034, 0.00028286961605772376, 0.00017723820928949863, 8.299418550450355e-05, 0.00011756653839256614, 8.103714208118618e-05, 9.040417353389785e-05, 0.00015702545351814479, 0.0001372625702060759, 0.00014524406287819147, 0.000116757582873106, 0.00011713835556292906, 6.186336395330727e-05, 3.390870915609412e-05, 1.9228955352446064e-05, 1.8182980056735687e-05, 3.8498306821566075e-05, 1.718334351608064e-05, 1.080393667507451e-05, 1.2267616511962842e-05, 8.273985258711036e-06, 4.271938905731076e-06, 6.029250926076202e-06, 4.163916310062632e-05, 5.962387513136491e-05, 1.2549918210424948e-05, 2.9226507649582345e-06, 2.1220887447270798e-06, 2.193899717894965e-06, 2.464919134581578e-06, 2.4456576284137554e-06, 1.754402433107316e-06, 1.947478722286178e-06, 1.3816534192301333e-06, 1.2213313311804086e-06, 1.2753021110256668e-06], "lowlevel.melbands.stdev": [0.0012262717355042696, 0.00351020903326571, 0.0018170005641877651, 0.0003295906353741884, 0.0008018462103791535, 0.0006509079248644412, 0.0006426678155548871, 0.0003584238002076745, 0.0003919073787983507, 0.0002883505658246577, 0.0002481933915987611, 0.0004479119088500738, 0.0004050221759825945, 0.0003489562659524381, 0.000263916386757046, 0.0002458955568727106, 0.00013998111535329372, 8.488893217872828e-05, 5.803554449812509e-05, 6.264405237743631e-05, 9.011318616103381e-05, 3.945457501686178e-05, 2.008637056860607e-05, 1.9618400983745232e-05, 1.243470615008846e-05, 7.217935035441769e-06, 9.892843991110567e-06, 6.36904442217201e-05, 0.00010363692126702517, 1.990611599467229e-05, 4.472610726224957e-06, 3.2701796044420917e-06, 3.3251515105803264e-06, 3.7847557905479334e-06, 3.5811146972264396e-06, 2.398218612142955e-06, 2.4391838451265357e-06, 1.8136033759219572e-06, 1.545310738038097e-06, 1.8278575453223311e-06], "lowlevel.melbands128.mean": [0.0001523015962447971, 0.0006223081727512181, 0.000667877378873527, 0.0007778633735142648, 0.0012290333397686481, 0.0013743790332227945, 0.0012516755377873778, 0.000653399620205164, 0.0002054117212537676, 0.00022615784837398678, 0.00020697558647952974, 0.00022383495524991304, 0.0003596350143197924, 0.00034009540104307234, 0.0002851942554116249, 0.0002601431333459914, 0.00020779334590770304, 0.0001874385925475508, 0.00010089267743751407, 7.662331336177886e-05, 6.492699321825057e-05, 0.00011933111090911552, 0.00013523013330996037, 0.00010318912973161787, 9.262296225642785e-05, 5.84665649512317e-05, 8.244650962296873e-05, 6.884946924401447e-05, 0.00011253496631979942, 0.00020112795755267143, 0.00015759891539346427, 0.00010322871821699664, 0.00018152763368561864, 9.724488336360082e-05, 0.00015269641880877316, 0.00018448047921992838, 9.589317050995305e-05, 6.93103575031273e-05, 0.00017744929937180132, 0.00014630792429670691, 7.607937732245773e-05, 0.0001234540541190654, 6.930688687134534e-05, 2.7774656700785272e-05, 2.931171729869675e-05, 3.8965994463069364e-05, 3.713927071657963e-05, 1.6979662177618593e-05, 1.32631548694917e-05, 1.2546616744657513e-05, 1.372430233459454e-05, 2.967224281746894e-05, 4.451218046597205e-05, 4.17466762883123e-05, 2.3643680833629332e-05, 1.53818546095863e-05, 1.1098491086158901e-05, 1.1996778084721882e-05, 1.0143284271180164e-05, 8.833580068312585e-06, 1.1128672667837236e-05, 1.8255304894410074e-05, 9.685625627753325e-06, 5.831494945596205e-06, 4.0866962081054226e-06, 4.1372140913154e-06, 4.7157118387985975e-06, 3.4851304917538073e-06, 5.043170858698431e-06, 1.0581630704109557e-05, 2.443294033582788e-05, 6.640024366788566e-05, 8.77115671755746e-05, 6.039584695827216e-05, 2.9687818823731504e-05, 1.1025639651052188e-05, 6.083907919673948e-06, 2.359289283049293e-06, 3.4449587928975234e-06, 2.043375161520089e-06, 2.2500951217807597e-06, 2.227794084319612e-06, 1.5681199556638603e-06, 3.027325647053658e-06, 1.5814581502127112e-06, 1.9835633793263696e-06, 2.621120529511245e-06, 3.7370211884990567e-06, 2.2776478090236196e-06, 1.7832453522714786e-06, 1.7942362546818913e-06, 1.527561266811972e-06, 2.0538282115012407e-06, 2.3821480681363028e-06, 1.5275378473234014e-06, 1.375277520310192e-06, 1.4391735021490604e-06, 1.3192644701121026e-06, 1.0300155963705038e-06, 1.2775386721841642e-06, 1.4349974435390322e-06, 1.355178596895712e-06, 8.556514217161748e-07, 1.2931333230881137e-06, 7.084429967108008e-07, 4.2140189293604635e-07, 9.604639217286604e-08, 1.0432376740254767e-08, 1.4492622379957965e-10, 3.8687934800218926e-11, 2.8741361721151826e-11, 2.2073100292008263e-11, 1.462278909070136e-11, 1.2579888519770321e-11, 1.1585281345372067e-11, 1.0940541007864457e-11, 1.1042720557408181e-11, 9.345806246952026e-12, 4.529331337072007e-12, 3.654079643033992e-12, 3.437311633242013e-12, 2.925518985050224e-12, 2.7155346114110523e-12, 2.657191740945697e-12, 2.5733091872648384e-12, 2.463597034707554e-12, 2.3959261224310024e-12, 2.3728768516056986e-12], "lowlevel.melbands128.stdev": [0.0003254158073104918, 0.0013334661489352584, 0.0015385706210508943, 0.002548250136896968, 0.004271968267858028, 0.004363872576504946, 0.0028485299553722143, 0.0012052912497892976, 0.0004297980631235987, 0.00039063411531969905, 0.0004339460574556142, 0.0006530472892336547, 0.0013160738162696362, 0.0010509475832805037, 0.0008036536164581776, 0.0008594678365625441, 0.000826261646579951, 0.0009343232377432287, 0.0005372204468585551, 0.0005542017170228064, 0.00032574086799286306, 0.00042884424328804016, 0.0005990283680148423, 0.0005224928609095514, 0.00046099862083792686, 0.00031765096355229616, 0.00035196426324546337, 0.00031027334625832736, 0.00039445931906811893, 0.0006288249860517681, 0.0006618970073759556, 0.0005443309200927615, 0.0007110817823559046, 0.00031820687581785023, 0.0005088407779112458, 0.0005553601076826453, 0.0003068049263674766, 0.0002603175526019186, 0.0005978514673188329, 0.000477907044114545, 0.00025521949282847345, 0.00036627385998144746, 0.00020489135931711644, 0.00010141891107195988, 0.0001073721723514609, 0.0001236886455444619, 0.00013490300625562668, 8.106831228360534e-05, 7.044793892418966e-05, 5.062650961917825e-05, 9.540478640701622e-05, 0.0001198507088702172, 0.00011445700511103496, 0.00014131465286482126, 7.557388016721234e-05, 4.58105314464774e-05, 2.7937572667724453e-05, 2.879420389945153e-05, 2.4880808268790133e-05, 1.7570124327903613e-05, 2.064804721157998e-05, 4.276343315723352e-05, 1.6664031136315316e-05, 1.1135319255117793e-05, 8.075769983406644e-06, 7.173292033257894e-06, 1.197113306261599e-05, 7.881494639150333e-06, 1.1006387467205059e-05, 1.91653634828981e-05, 5.171732482267544e-05, 0.00011399576760595664, 0.00018143403576686978, 0.00012760097160935402, 6.532438419526443e-05, 1.834909744502511e-05, 9.71998815657571e-06, 4.185684701951686e-06, 6.032280907675158e-06, 3.4861827771237586e-06, 3.830213699984597e-06, 3.718052539625205e-06, 2.5973010906454874e-06, 5.023458470532205e-06, 2.6220889139949577e-06, 3.4729418985079974e-06, 4.266885753168026e-06, 6.243849838938331e-06, 3.569576620066073e-06, 2.717799134188681e-06, 2.9118712063791463e-06, 2.2576405172003433e-06, 2.730186452026828e-06, 3.28808459926222e-06, 2.104786744894227e-06, 1.9677693217090564e-06, 2.0529848825390218e-06, 1.913146888909978e-06, 1.3362181334741763e-06, 1.7996324004343478e-06, 2.0859683900198434e-06, 2.3159059310273733e-06, 1.1599772733461577e-06, 1.8011946849583182e-06, 9.185288831758953e-07, 6.234593570297875e-07, 1.6949009307154483e-07, 2.434743784363036e-08, 1.8141770308233163e-09, 5.265322067238287e-10, 4.692293220642796e-10, 3.918040614170337e-10, 2.7307317518321383e-10, 2.425585010623621e-10, 2.36214103832566e-10, 2.307412177993129e-10, 2.636257601107417e-10, 2.568762702548355e-10, 5.015941134667301e-11, 3.3455082454336704e-11, 2.830153819632919e-11, 9.106354559307306e-12, 5.292574104670544e-12, 5.069618769920625e-12, 4.789399779547843e-12, 4.477133507679865e-12, 4.296537084447216e-12, 4.242248913266522e-12], "lowlevel.mfcc.mean": [-655.8324584960938, 103.78104400634766, -2.0603792667388916, 11.420937538146973, -0.5550409555435181, 9.745108604431152, 12.934965133666992, -5.656492710113525, -5.162825107574463, -4.152565002441406, -11.775121688842773, 7.062811374664307, -0.612088680267334], "lowlevel.spectral_contrast_coeffs.mean": [-0.6791097521781921, -0.7625201344490051, -0.7653767466545105, -0.7776646018028259, -0.7815728187561035, -0.7940635681152344], "lowlevel.spectral_contrast_coeffs.stdev": [0.0781388208270073, 0.07966941595077515, 0.07866215705871582, 0.06759686768054962, 0.05951804295182228, 0.030766937881708145], "lowlevel.spectral_contrast_valleys.mean": [-7.267874240875244, -7.120032787322998, -7.324954986572266, -7.6833977699279785, -7.573406219482422, -9.995463371276855], "lowlevel.spectral_contrast_valleys.stdev": [0.727153480052948, 0.5344874858856201, 0.5716246366500854, 0.7113592028617859, 0.9569461345672607, 1.2008371353149414], "rhythm.beats_loudness_band_ratio.mean": [0.49910852313041687, 0.08252366632223129, 0.09361124038696289, 0.16271375119686127, 0.06587642431259155, 0.1145036369562149], "rhythm.beats_loudness_band_ratio.stdev": [0.268656462430954, 0.07884091883897781, 0.09731998294591904, 0.15411990880966187, 0.07137471437454224, 0.1199469268321991], "tonal.hpcp.mean": [0.25197628140449524, 0.26733654737472534, 0.13004812598228455, 0.06904537975788116, 0.05538448691368103, 0.0540049746632576, 0.10716872662305832, 0.13213437795639038, 0.09580052644014359, 0.0652393102645874, 0.041266221553087234, 0.05369192361831665, 0.10357684642076492, 0.15836863219738007, 0.1652887463569641, 0.25393977761268616, 0.3388710021972656, 0.20946235954761505, 0.0884697288274765, 0.07207977026700974, 0.0788353681564331, 0.19820280373096466, 0.2526368796825409, 0.15762187540531158, 0.0962693989276886, 0.08767205476760864, 0.10785841941833496, 0.1563873440027237, 0.1666659265756607, 0.11907156556844711, 0.10073993355035782, 0.09473910927772522, 0.0845116600394249, 0.089939184486866, 0.09587397426366806, 0.122305728495121], "tonal.hpcp.stdev": [0.31328627467155457, 0.3214260935783386, 0.21192725002765656, 0.17987579107284546, 0.16238708794116974, 0.15009565651416779, 0.21905551850795746, 0.25169265270233154, 0.2034330517053604, 0.15486091375350952, 0.1114315390586853, 0.11576633155345917, 0.18915759027004242, 0.24226389825344086, 0.25055795907974243, 0.29238250851631165, 0.38362038135528564, 0.279316782951355, 0.177452951669693, 0.1573493629693985, 0.1629182994365692, 0.28683629631996155, 0.3391702175140381, 0.24207985401153564, 0.2018355280160904, 0.1924671232700348, 0.19933196902275085, 0.23919779062271118, 0.2413197010755539, 0.21019704639911652, 0.19238457083702087, 0.20214448869228363, 0.17942354083061218, 0.19234243035316467, 0.20049555599689484, 0.22061283886432648], "rhythm.beats_position": [0.41795918345451355, 0.8591383099555969, 1.3235373497009277, 1.799546480178833, 2.2755556106567383, 2.763174533843994, 3.2275736331939697, 3.7151927947998047, 4.191201686859131, 4.667210578918457, 5.131609916687012, 5.619228839874268, 6.083628177642822, 6.559637069702148, 7.035645961761475, 7.511655330657959, 7.987664222717285, 8.45206356048584, 8.916461944580078, 9.392471313476562, 9.868480682373047, 10.344490051269531, 10.8204984664917, 11.284897804260254, 11.760907173156738, 12.236915588378906, 12.701314926147461, 13.177324295043945, 13.653332710266113, 14.117732048034668, 14.593741416931152, 15.06974983215332, 15.545759201049805, 16.02176856994629, 16.486167907714844, 16.962177276611328, 17.43818473815918, 17.914194107055664, 18.39020347595215, 18.854602813720703, 19.330612182617188, 19.806621551513672, 20.271020889282227, 20.747028350830078, 21.223037719726562, 21.687437057495117, 22.151836395263672, 22.627845764160156, 23.10385513305664, 23.568254470825195, 24.032651901245117, 24.497051239013672, 24.973060607910156, 25.44906997680664, 25.913469314575195, 26.38947868347168, 26.86548614501953, 27.329885482788086, 27.79428482055664, 28.258684158325195, 28.72308349609375, 29.199092864990234, 29.67510223388672, 30.13949966430664, 30.603899002075195, 31.06829833984375, 31.532697677612305, 32.02031707763672, 32.48471450805664, 32.97233581542969, 33.43673324584961, 33.9011344909668, 34.36553192138672, 34.8415412902832, 35.31755065917969, 35.78194808959961, 36.2463493347168, 36.73396682739258, 37.198368072509766, 37.66276550292969, 38.12716293334961, 38.603172302246094, 39.07918167114258, 39.543582916259766, 40.00798034667969, 40.48398971557617, 40.94839096069336, 41.42439651489258, 41.888797760009766, 42.35319519042969, 42.817596435546875, 43.305213928222656, 43.769615173339844, 44.234012603759766, 44.69841003417969, 45.17441940307617, 45.650428771972656, 46.114830017089844, 46.579227447509766, 47.04362869262695, 47.508026123046875, 47.9724235534668, 48.44843292236328, 48.924442291259766, 49.38884353637695, 49.86485290527344, 50.34086227416992, 50.805259704589844, 51.28126907348633, 51.75727844238281, 52.221675872802734, 52.70929718017578, 53.1736946105957, 53.63809585571289, 54.10249328613281, 54.5785026550293, 55.05451202392578, 55.5189094543457, 55.98331069946289, 56.44770812988281, 56.912109375, 57.37650680541992, 57.840904235839844, 58.30530548095703, 58.76970291137695, 59.23410415649414, 59.69850158691406, 60.16290283203125, 60.62730026245117, 61.091697692871094, 61.55609893798828, 62.0204963684082, 62.48489761352539, 62.94929504394531, 63.4136962890625, 63.87809371948242, 64.34249114990234, 64.80689239501953, 65.27129364013672, 65.73568725585938, 66.20008850097656, 66.66448974609375, 67.14049530029297, 67.61650848388672, 68.08090209960938, 68.54530334472656, 69.00970458984375, 69.47410583496094, 69.92689514160156, 70.39128875732422, 70.86730194091797, 71.33169555664062, 71.80770874023438, 72.260498046875, 72.72489929199219, 73.18929290771484, 73.65369415283203, 74.11809539794922, 74.5824966430664, 75.04689025878906, 75.51129150390625, 75.97569274902344, 76.4400863647461, 76.90448760986328, 77.36888885498047, 77.83329010009766, 78.29768371582031, 78.7620849609375, 79.22648620605469, 79.69087982177734, 80.15528106689453, 80.61968231201172, 81.0840835571289, 81.54847717285156, 82.01287841796875, 82.46566772460938, 82.91845703125, 83.38285827636719, 83.8588638305664, 84.33487701416016, 84.79927062988281, 85.263671875, 85.72807312011719, 86.19246673583984, 86.65686798095703, 87.12126922607422, 87.5856704711914, 88.05006408691406, 88.51446533203125, 88.97886657714844, 89.4432601928711, 89.90766143798828, 90.37206268310547, 90.83646392822266, 91.30085754394531, 91.7652587890625, 92.22966003417969, 92.69405364990234, 93.15845489501953, 93.61124420166016, 94.0872573852539, 94.55165100097656, 95.01605224609375, 95.48045349121094, 95.95645904541016, 96.42086029052734, 96.87364959716797, 97.33805084228516, 97.80244445800781, 98.2436294555664, 98.70802307128906, 99.18403625488281, 99.66004180908203, 100.12444305419922, 100.60044860839844, 101.05323791503906, 101.51763916015625, 101.97042846679688, 102.4232177734375, 102.88761901855469, 103.35201263427734, 103.8280258178711, 104.30403137207031, 104.7452163696289, 105.22122192382812, 105.69723510742188, 106.16162872314453, 106.61441802978516, 107.06720733642578, 107.53160858154297, 108.01922607421875, 108.47201538085938, 108.9248046875, 109.38920593261719, 109.85360717773438, 110.30638885498047, 110.7591781616211, 111.22357940673828, 111.68798065185547, 112.16398620605469, 112.63999938964844, 113.10440063476562, 113.56879425048828, 114.03319549560547, 114.49759674072266, 114.96199035644531, 115.4263916015625, 115.89079284667969, 116.34358215332031, 116.79637145996094, 117.2607650756836, 117.72516632080078, 118.18956756591797, 118.65396881103516, 119.11836242675781, 119.582763671875, 120.04716491699219, 120.51156616210938, 120.97595977783203, 121.44036102294922, 121.9047622680664, 122.36915588378906, 122.83355712890625, 123.29795837402344], "rhythm.bpm_histogram": [0.0, 0.0, 0.0, 0.0, 0.0, 0.0, 0.0, 0.0, 0.0, 0.0, 0.0, 0.0, 0.0, 0.0, 0.0, 0.0, 0.0, 0.0, 0.0, 0.0, 0.0, 0.0, 0.0, 0.0, 0.0, 0.0, 0.0, 0.0, 0.0, 0.0, 0.0, 0.0, 0.0, 0.0, 0.0, 0.0, 0.0, 0.0, 0.0, 0.0, 0.0, 0.0, 0.0, 0.0, 0.0, 0.0, 0.0, 0.0, 0.0, 0.0, 0.0, 0.0, 0.0, 0.0, 0.0, 0.0, 0.0, 0.0, 0.0, 0.0, 0.0, 0.0, 0.0, 0.0, 0.0, 0.0, 0.0, 0.0, 0.0, 0.0, 0.0, 0.0, 0.0, 0.0, 0.0, 0.0, 0.0, 0.0, 0.0, 0.0, 0.0, 0.0, 0.0, 0.0, 0.0, 0.0, 0.0, 0.0, 0.0, 0.0, 0.0, 0.0, 0.0, 0.0, 0.0, 0.0, 0.0, 0.0, 0.0, 0.0, 0.0, 0.0, 0.0, 0.0, 0.0, 0.0, 0.0, 0.0, 0.0, 0.0, 0.0, 0.0, 0.0, 0.0, 0.0, 0.0, 0.0, 0.0, 0.0, 0.0, 0.0, 0.0, 0.0, 0.034220531582832336, 0.0, 0.0, 0.2623574137687683, 0.0, 0.0, 0.6273764371871948, 0.0, 0.0, 0.0, 0.06463878601789474, 0.0, 0.0, 0.011406844481825829, 0.0, 0.0, 0.0, 0.0, 0.0, 0.0, 0.0, 0.0, 0.0, 0.0, 0.0, 0.0, 0.0, 0.0, 0.0, 0.0, 0.0, 0.0, 0.0, 0.0, 0.0, 0.0, 0.0, 0.0, 0.0, 0.0, 0.0, 0.0, 0.0, 0.0, 0.0, 0.0, 0.0, 0.0, 0.0, 0.0, 0.0, 0.0, 0.0, 0.0, 0.0, 0.0, 0.0, 0.0, 0.0, 0.0, 0.0, 0.0, 0.0, 0.0, 0.0, 0.0, 0.0, 0.0, 0.0, 0.0, 0.0, 0.0, 0.0, 0.0, 0.0, 0.0, 0.0, 0.0, 0.0, 0.0, 0.0, 0.0, 0.0, 0.0, 0.0, 0.0, 0.0, 0.0, 0.0, 0.0, 0.0, 0.0, 0.0, 0.0, 0.0, 0.0, 0.0, 0.0, 0.0, 0.0, 0.0, 0.0, 0.0, 0.0, 0.0, 0.0, 0.0, 0.0, 0.0, 0.0, 0.0, 0.0, 0.0, 0.0, 0.0, 0.0, 0.0, 0.0, 0.0, 0.0, 0.0, 0.0, 0.0, 0.0, 0.0, 0.0, 0.0], "tonal.chords_histogram": [34.93613815307617, 3.080390691757202, 30.20285415649414, 0.7888805270195007, 4.996243476867676, 2.4417731761932373, 2.2915101051330566, 0.0, 0.0, 0.0, 0.0, 0.0, 0.0, 0.0, 0.0, 1.2772351503372192, 0.0, 5.785123825073242, 0.7888805270195007, 0.6010518670082092, 0.0, 2.704733371734619, 4.395191669464111, 5.709992408752441], "tonal.thpcp": [1.0, 0.6181182861328125, 0.2610720098018646, 0.21270562708377838, 0.23264123499393463, 0.5848916172981262, 0.7455252408981323, 0.4651382863521576, 0.2840886414051056, 0.2587180733680725, 0.31828755140304565, 0.46149522066116333, 0.4918270409107208, 0.3513772785663605, 0.29728105664253235, 0.2795727849006653, 0.2493918389081955, 0.26540833711624146, 0.2829217314720154, 0.3609212040901184, 0.7435758113861084, 0.7889035940170288, 0.38376882672309875, 0.20375122129917145, 0.16343826055526733, 0.15936735272407532, 0.31625229120254517, 0.3899253010749817, 0.28270500898361206, 0.19251960515975952, 0.12177560478448868, 0.15844354033470154, 0.3056527376174927, 0.46734192967414856, 0.48776301741600037, 0.7493700385093689], "lowlevel.gfcc.cov": [[4519.7373046875, -2077.9453125, -582.1268310546875, 923.3945922851562, -127.69135284423828, 486.4060974121094, 172.35121154785156, 293.8706970214844, -284.87689208984375, 162.96002197265625, -340.6402587890625, -244.88812255859375, -242.412109375], [-2077.9453125, 1908.6796875, 310.7435302734375, -596.5556030273438, 245.2542724609375, -405.1437072753906, 54.347225189208984, -168.22372436523438, 272.3536376953125, -120.3296890258789, 301.0097961425781, 81.66336059570312, 222.77804565429688], [-582.1268310546875, 310.7435302734375, 678.59716796875, 141.1990509033203, -17.738821029663086, 46.73877716064453, -28.413925170898438, 46.72454833984375, 78.58051300048828, 15.353896141052246, 5.548652172088623, 114.7874984741211, 7.886696815490723], [923.3945922851562, -596.5556030273438, 141.1990509033203, 609.9573974609375, 37.41484069824219, 134.3738555908203, 31.626644134521484, 137.40760803222656, -16.414995193481445, 53.17675018310547, -121.4368667602539, 2.8144543170928955, -66.03925323486328], [-127.69135284423828, 245.2542724609375, -17.738821029663086, 37.41484069824219, 301.7449645996094, 75.97557830810547, 76.57588958740234, -7.592256546020508, 56.78903579711914, 22.917646408081055, 46.21983337402344, -10.345182418823242, 31.72562599182129], [486.4060974121094, -405.1437072753906, 46.73877716064453, 134.3738555908203, 75.97557830810547, 428.3169250488281, 170.55426025390625, 53.99088668823242, -84.82139587402344, 60.547767639160156, -73.77808380126953, -35.33319854736328, -92.03739929199219], [172.35121154785156, 54.347225189208984, -28.413925170898438, 31.626644134521484, 76.57588958740234, 170.55426025390625, 289.259521484375, 84.74339294433594, -28.438312530517578, -15.337812423706055, 15.14739990234375, -48.39738464355469, -11.438699722290039], [293.8706970214844, -168.22372436523438, 46.72454833984375, 137.40760803222656, -7.592256546020508, 53.99088668823242, 84.74339294433594, 200.4344024658203, 46.08815002441406, 30.66525650024414, -19.500314712524414, 5.955629825592041, 15.390572547912598], [-284.87689208984375, 272.3536376953125, 78.58051300048828, -16.414995193481445, 56.78903579711914, -84.82139587402344, -28.438312530517578, 46.08815002441406, 192.59878540039062, 38.63613510131836, 55.96360778808594, 41.924163818359375, 59.01697540283203], [162.96002197265625, -120.3296890258789, 15.353896141052246, 53.17675018310547, 22.917646408081055, 60.547767639160156, -15.337812423706055, 30.66525650024414, 38.63613510131836, 129.75502014160156, 23.246915817260742, 21.11703109741211, 5.643008708953857], [-340.6402587890625, 301.0097961425781, 5.548652172088623, -121.4368667602539, 46.21983337402344, -73.77808380126953, 15.14739990234375, -19.500314712524414, 55.96360778808594, 23.246915817260742, 161.21749877929688, 63.22456359863281, 66.70581817626953], [-244.88812255859375, 81.66336059570312, 114.7874984741211, 2.8144543170928955, -10.345182418823242, -35.33319854736328, -48.39738464355469, 5.955629825592041, 41.924163818359375, 21.11703109741211, 63.22456359863281, 134.8014678955078, 56.24329376220703], [-242.412109375, 222.77804565429688, 7.886696815490723, -66.03925323486328, 31.72562599182129, -92.03739929199219, -11.438699722290039, 15.390572547912598, 59.01697540283203, 5.643008708953857, 66.70581817626953, 56.24329376220703, 138.19529724121094]], "lowlevel.gfcc.icov": [[0.0006720746168866754, 1.3881095583201386e-05, 0.0007162241381593049, -0.0009910549269989133, 0.0005121862632222474, -0.0004522454983089119, 0.0001480486971559003, -0.000415455229813233, 0.0003703178372234106, -0.00047176587395370007, -7.332826498895884e-05, 0.0006436172407120466, -8.362433436559513e-05], [1.3881095583201386e-05, 0.00651723425835371, -0.004862227011471987, 0.0048998380079865456, -0.004985426086932421, 0.006057019345462322, -0.005815543234348297, 0.004421037156134844, -0.004360457882285118, 0.0023466753773391247, -0.001730621443130076, 0.0015391709748655558, -0.001682810252532363], [0.0007162241381593049, -0.004862227011471987, 0.006423225626349449, -0.00516578508540988, 0.0046332115307450294, -0.00561584671959281, 0.004622242413461208, -0.0036242546048015356, 0.0025388947688043118, -0.001542760175652802, 0.0012916817795485258, -0.002185856457799673, 0.0014866901328787208], [-0.0009910549269989133, 0.0048998380079865456, -0.00516578508540988, 0.008053096011281013, -0.005696147680282593, 0.005844942759722471, -0.004761964548379183, 0.0021203544456511736, -0.002948370762169361, 0.001148564973846078, 0.0012653464218601584, -0.0011664456687867641, 0.00015214511950034648], [0.0005121862632222474, -0.004985426086932421, 0.0046332115307450294, -0.005696147680282593, 0.009338749572634697, -0.006800575647503138, 0.003975795581936836, -0.0017041467363014817, 0.0011725743534043431, -0.0014420707011595368, -0.0007507628761231899, 0.0010760899167507887, -0.0007228355389088392], [-0.0004522454983089119, 0.006057019345462322, -0.00561584671959281, 0.005844942759722471, -0.006800575647503138, 0.012103413231670856, -0.00919478852301836, 0.004246959462761879, -0.0018560561584308743, -0.001738202408887446, 0.0020588980987668037, -0.0013549418654292822, 0.0013653029454872012], [0.0001480486971559003, -0.005815543234348297, 0.004622242413461208, -0.004761964548379183, 0.003975795581936836, -0.00919478852301836, 0.013122498989105225, -0.0075101288966834545, 0.004572813864797354, 0.0014964854344725609, -0.0030087176710367203, 0.002476335968822241, 0.00041193279321305454], [-0.000415455229813233, 0.004421037156134844, -0.0036242546048015356, 0.0021203544456511736, -0.0017041467363014817, 0.004246959462761879, -0.0075101288966834545, 0.012291984632611275, -0.006246426608413458, 0.0005726909730583429, 0.00047577288933098316, 0.00027707082335837185, -0.0031047414522618055], [0.0003703178372234106, -0.004360457882285118, 0.0025388947688043118, -0.002948370762169361, 0.0011725743534043431, -0.0018560561584308743, 0.004572813864797354, -0.006246426608413458, 0.012349914759397507, -0.00460026366636157, 0.0007442418718710542, -0.0010091610020026565, 0.0006591109558939934], [-0.00047176587395370007, 0.0023466753773391247, -0.001542760175652802, 0.001148564973846078, -0.0014420707011595368, -0.001738202408887446, 0.0014964854344725609, 0.0005726909730583429, -0.00460026366636157, 0.013447054661810398, -0.005205639638006687, 0.0012783156707882881, -0.0013321402948349714], [-7.332826498895884e-05, -0.001730621443130076, 0.0012916817795485258, 0.0012653464218601584, -0.0007507628761231899, 0.0020588980987668037, -0.0030087176710367203, 0.00047577288933098316, 0.0007442418718710542, -0.005205639638006687, 0.015024485066533089, -0.007315393071621656, 5.350285573513247e-05], [0.0006436172407120466, 0.0015391709748655558, -0.002185856457799673, -0.0011664456687867641, 0.0010760899167507887, -0.0013549418654292822, 0.002476335968822241, 0.00027707082335837185, -0.0010091610020026565, 0.0012783156707882881, -0.007315393071621656, 0.015912016853690147, -0.005326294805854559], [-8.362433436559513e-05, -0.001682810252532363, 0.0014866901328787208, 0.00015214511950034648, -0.0007228355389088392, 0.0013653029454872012, 0.00041193279321305454, -0.0031047414522618055, 0.0006591109558939934, -0.0013321402948349714, 5.350285573513247e-05, -0.005326294805854559, 0.01315999310463667]], "lowlevel.mfcc.cov": [[5235.76904296875, -2626.67919921875, -386.72662353515625, 247.50579833984375, -89.12586212158203, 254.48175048828125, 378.6187438964844, 52.49270248413086, 280.5430603027344, 174.8962860107422, -108.4526596069336, 323.97637939453125, -141.76719665527344], [-2626.67919921875, 2278.42138671875, -3.282031774520874, -141.0377655029297, 31.920564651489258, -210.28553771972656, -172.26271057128906, -51.20513153076172, -172.00965881347656, -14.961874008178711, 78.92143249511719, -207.6444549560547, 69.0138168334961], [-386.72662353515625, -3.282031774520874, 603.852294921875, 124.83821868896484, 16.93310546875, 37.79438781738281, -61.36796569824219, 85.97113037109375, 26.311986923217773, -36.04823303222656, 63.35248565673828, -31.46426773071289, 40.18830871582031], [247.50579833984375, -141.0377655029297, 124.83821868896484, 367.3006896972656, 106.33924102783203, -37.08390426635742, -42.72739791870117, 37.96662902832031, 71.82054138183594, -12.49341869354248, -11.07597541809082, 70.49829864501953, 41.19036102294922], [-89.12586212158203, 31.920564651489258, 16.93310546875, 106.33924102783203, 223.72335815429688, 51.97434616088867, -41.42288589477539, -14.129477500915527, 38.892189025878906, 2.266648769378662, 15.899611473083496, 34.86370086669922, 32.036094665527344], [254.48175048828125, -210.28553771972656, 37.79438781738281, -37.08390426635742, 51.97434616088867, 312.2622985839844, 141.74769592285156, 44.201663970947266, 43.37112808227539, 12.378178596496582, 76.94474792480469, -2.8988404273986816, 9.541090965270996], [378.6187438964844, -172.26271057128906, -61.36796569824219, -42.72739791870117, -41.42288589477539, 141.74769592285156, 310.31585693359375, 100.16926574707031, 43.02093505859375, 68.30333709716797, 16.170597076416016, 35.72842788696289, -26.459701538085938], [52.49270248413086, -51.20513153076172, 85.97113037109375, 37.96662902832031, -14.129477500915527, 44.201663970947266, 100.16926574707031, 166.38140869140625, 68.4778060913086, 23.253156661987305, 32.3130989074707, 7.223589897155762, 13.63578987121582], [280.5430603027344, -172.00965881347656, 26.311986923217773, 71.82054138183594, 38.892189025878906, 43.37112808227539, 43.02093505859375, 68.4778060913086, 157.28782653808594, 64.08323669433594, 13.111844062805176, 40.250732421875, -1.7348049879074097], [174.8962860107422, -14.961874008178711, -36.04823303222656, -12.49341869354248, 2.266648769378662, 12.378178596496582, 68.30333709716797, 23.253156661987305, 64.08323669433594, 150.33314514160156, 36.136661529541016, 0.7954853177070618, -21.663639068603516], [-108.4526596069336, 78.92143249511719, 63.35248565673828, -11.07597541809082, 15.899611473083496, 76.94474792480469, 16.170597076416016, 32.3130989074707, 13.111844062805176, 36.136661529541016, 127.65775299072266, 4.625795364379883, 23.615907669067383], [323.97637939453125, -207.6444549560547, -31.46426773071289, 70.49829864501953, 34.86370086669922, -2.8988404273986816, 35.72842788696289, 7.223589897155762, 40.250732421875, 0.7954853177070618, 4.625795364379883, 157.2989959716797, 31.16604995727539], [-141.76719665527344, 69.0138168334961, 40.18830871582031, 41.19036102294922, 32.036094665527344, 9.541090965270996, -26.459701538085938, 13.63578987121582, -1.7348049879074097, -21.663639068603516, 23.615907669067383, 31.16604995727539, 103.27027893066406]], "lowlevel.mfcc.icov": [[0.0006222183001227677, 0.0006043714820407331, 0.00040015610284172, -0.0004657292156480253, 0.0004205204313620925, -0.00025543331867083907, -9.549262176733464e-05, 0.00012332430924288929, -7.918578194221482e-05, -0.0005162443267181516, 0.0001099166547646746, -0.0003152682038489729, 0.00029309350065886974], [0.0006043714820407331, 0.0012891845544800162, 0.0004596751241479069, -0.0002147402