{"song_id": "1183680755637952512", "download": "https://cdn.discordapp.com/attachments/1135903449314238464/1183680755637952512/chirp.mp4?ex=6589379b&amp", "lyrics": "istedi\u011fin neyse s\u00f6yle bana\noynayal\u0131m i\u015fte hafta sonunda\nhafta sonunda R\u0131fk\u0131 oyunda\nnefes al\u0131yorsak her \u015fey yolunda\n\nher hafta videolar kendi g\u00fcn\u00fcnde\ncumartesi bekleriz saat onbirde\n\narad\u0131\u011f\u0131n oyunsa ders aras\u0131nda \nseni bekliyoruz R\u0131fk\u0131 oyunda\narad\u0131\u011f\u0131n oyunsa hafta sonunda \nseni bekliyoruz R\u0131fk\u0131 oyunda\nR\u0131fk\u0131 oyunda \nhafta sonunda \nR\u0131fk\u0131 oyunda \nher \u015fey yolunda", "style": ["rap </span><span>- g</span><span>-funk"], "essentia_features": {"lowlevel.average_loudness": 0.968210756778717, "lowlevel.barkbands_crest.mean": 15.542044639587402, "lowlevel.barkbands_crest.stdev": 6.411260604858398, "lowlevel.barkbands_flatness_db.mean": 0.2355763167142868, "lowlevel.barkbands_flatness_db.stdev": 0.09633932262659073, "lowlevel.barkbands_kurtosis.mean": 29.256248474121094, "lowlevel.barkbands_kurtosis.stdev": 61.80016326904297, "lowlevel.barkbands_skewness.mean": 3.194408893585205, "lowlevel.barkbands_skewness.stdev": 3.7207248210906982, "lowlevel.barkbands_spread.mean": 15.602564811706543, "lowlevel.barkbands_spread.stdev": 17.49877166748047, "lowlevel.dissonance.mean": 0.4537492096424103, "lowlevel.dissonance.stdev": 0.04131799936294556, "lowlevel.dynamic_complexity": 3.544377565383911, "lowlevel.erbbands_crest.mean": 11.312100410461426, "lowlevel.erbbands_crest.stdev": 5.055219650268555, "lowlevel.erbbands_flatness_db.mean": 0.19981145858764648, "lowlevel.erbbands_flatness_db.stdev": 0.06840725988149643, "lowlevel.erbbands_kurtosis.mean": 1.5417160987854004, "lowlevel.erbbands_kurtosis.stdev": 3.1603612899780273, "lowlevel.erbbands_skewness.mean": 0.34921813011169434, "lowlevel.erbbands_skewness.stdev": 1.0970627069473267, "lowlevel.erbbands_spread.mean": 40.39980697631836, "lowlevel.erbbands_spread.stdev": 31.701284408569336, "lowlevel.hfc.mean": 21.99684715270996, "lowlevel.hfc.stdev": 30.075937271118164, "lowlevel.loudness_ebu128.integrated": -15.421060562133789, "lowlevel.loudness_ebu128.loudness_range": 1.612788200378418, "lowlevel.loudness_ebu128.momentary.mean": -16.375898361206055, "lowlevel.loudness_ebu128.momentary.stdev": 3.12258243560791, "lowlevel.loudness_ebu128.short_term.mean": -15.508255958557129, "lowlevel.loudness_ebu128.short_term.stdev": 0.5183641314506531, "lowlevel.melbands_crest.mean": 21.682050704956055, "lowlevel.melbands_crest.stdev": 10.22533893585205, "lowlevel.melbands_flatness_db.mean": 0.2905447483062744, "lowlevel.melbands_flatness_db.stdev": 0.13468582928180695, "lowlevel.melbands_kurtosis.mean": 79.42097473144531, "lowlevel.melbands_kurtosis.stdev": 164.92982482910156, "lowlevel.melbands_skewness.mean": 5.14388370513916, "lowlevel.melbands_skewness.stdev": 5.514415740966797, "lowlevel.melbands_spread.mean": 20.404294967651367, "lowlevel.melbands_spread.stdev": 33.79411697387695, "lowlevel.pitch_salience.mean": 0.41813862323760986, "lowlevel.pitch_salience.stdev": 0.24112804234027863, "lowlevel.silence_rate_20dB.mean": 1.0, "lowlevel.silence_rate_20dB.stdev": 0.0, "lowlevel.silence_rate_30dB.mean": 0.8047379851341248, "lowlevel.silence_rate_30dB.stdev": 0.39640313386917114, "lowlevel.silence_rate_60dB.mean": 0.1184493899345398, "lowlevel.silence_rate_60dB.stdev": 0.32313886284828186, "lowlevel.spectral_centroid.mean": 1298.2276611328125, "lowlevel.spectral_centroid.stdev": 989.2417602539062, "lowlevel.spectral_complexity.mean": 9.593682289123535, "lowlevel.spectral_complexity.stdev": 7.8496994972229, "lowlevel.spectral_decrease.mean": -1.4049377661251583e-08, "lowlevel.spectral_decrease.stdev": 1.9214631663544424e-08, "lowlevel.spectral_energy.mean": 0.055020760744810104, "lowlevel.spectral_energy.stdev": 0.07330601662397385, "lowlevel.spectral_energyband_high.mean": 0.0013069820124655962, "lowlevel.spectral_energyband_high.stdev": 0.0029624172020703554, "lowlevel.spectral_energyband_low.mean": 0.041224218904972076, "lowlevel.spectral_energyband_low.stdev": 0.07194389402866364, "lowlevel.spectral_energyband_middle_high.mean": 0.0029151029884815216, "lowlevel.spectral_energyband_middle_high.stdev": 0.004217784386128187, "lowlevel.spectral_energyband_middle_low.mean": 0.010325171984732151, "lowlevel.spectral_energyband_middle_low.stdev": 0.02424503304064274, "lowlevel.spectral_entropy.mean": 7.4093828201293945, "lowlevel.spectral_entropy.stdev": 0.639752984046936, "lowlevel.spectral_flux.mean": 0.10407022386789322, "lowlevel.spectral_flux.stdev": 0.10853855311870575, "lowlevel.spectral_kurtosis.mean": 7.5649871826171875, "lowlevel.spectral_kurtosis.stdev": 6.155602931976318, "lowlevel.spectral_rms.mean": 0.0058591533452272415, "lowlevel.spectral_rms.stdev": 0.004398766905069351, "lowlevel.spectral_rolloff.mean": 2113.44921875, "lowlevel.spectral_rolloff.stdev": 3394.173095703125, "lowlevel.spectral_skewness.mean": 2.006340980529785, "lowlevel.spectral_skewness.stdev": 0.8212670087814331, "lowlevel.spectral_spread.mean": 5526262.5, "lowlevel.spectral_spread.stdev": 3551394.75, "lowlevel.spectral_strongpeak.mean": 1.0353360176086426, "lowlevel.spectral_strongpeak.stdev": 0.9109604358673096, "lowlevel.zerocrossingrate.mean": 0.07407538592815399, "lowlevel.zerocrossingrate.stdev": 0.08837085962295532, "metadata.audio_properties.analysis.equal_loudness": 0.0, "metadata.audio_properties.analysis.length": 32.319976806640625, "metadata.audio_properties.analysis.sample_rate": 44100.0, "metadata.audio_properties.analysis.start_time": 0.0, "metadata.audio_properties.bit_rate": 122599.0, "metadata.audio_properties.length": 32.31999969482422, "metadata.audio_properties.lossless": 0.0, "metadata.audio_properties.number_channels": 1.0, "metadata.audio_properties.replay_gain": -10.791158676147461, "metadata.audio_properties.sample_rate": 48000.0, "rhythm.beats_count": 50.0, "rhythm.beats_loudness.mean": 0.0968303456902504, "rhythm.beats_loudness.stdev": 0.0799914002418518, "rhythm.bpm": 93.96305847167969, "rhythm.bpm_histogram_first_peak_bpm": 94.0, "rhythm.bpm_histogram_first_peak_weight": 0.0, "rhythm.bpm_histogram_second_peak_bpm": 0.0, "rhythm.bpm_histogram_second_peak_spread": 0.0, "rhythm.bpm_histogram_second_peak_weight": 0.0, "rhythm.danceability": 1.778615117073059, "rhythm.onset_rate": 5.103021144866943, "tonal.chords_changes_rate": 0.18507890403270721, "tonal.chords_number_rate": 0.02725968509912491, "tonal.chords_strength.mean": 0.41914618015289307, "tonal.chords_strength.stdev": 0.08649327605962753, "tonal.hpcp_crest.mean": 13.906950950622559, "tonal.hpcp_crest.stdev": 6.695988178253174, "tonal.hpcp_entropy.mean": 1.981494665145874, "tonal.hpcp_entropy.stdev": 0.838044285774231, "tonal.key_edma.strength": 0.5257257223129272, "tonal.key_krumhansl.strength": 0.5121473670005798, "tonal.key_temperley.strength": 0.4908933937549591, "tonal.tuning_diatonic_strength": 0.35912004113197327, "tonal.tuning_equal_tempered_deviation": 0.2948761284351349, "tonal.tuning_frequency": 434.193115234375, "tonal.tuning_nontempered_energy_ratio": 0.9203652143478394, "lowlevel.barkbands.mean": [0.0028727815952152014, 0.03404029458761215, 0.0036534732207655907, 0.0016446157824248075, 0.004122362472116947, 0.00041825140942819417, 0.0013727196492254734, 0.0018565391656011343, 0.0007587848231196404, 0.00045618420699611306, 0.0003003461752086878, 0.0005535055533982813, 0.0007215033983811736, 0.00023587114992551506, 0.00015649529814254493, 0.00019263391732238233, 0.0001239694538526237, 6.6505373979453e-05, 8.358387276530266e-05, 0.00017147324979305267, 9.967115329345688e-05, 0.0001296959671890363, 0.0002194872358813882, 0.00022743236331734806, 0.0002787074772641063, 0.0002601851592771709, 3.68174301002e-06], "lowlevel.barkbands.stdev": [0.005073391366750002, 0.06141110137104988, 0.016779810190200806, 0.007140116300433874, 0.01662852056324482, 0.0012275406625121832, 0.0034992776345461607, 0.006276131607592106, 0.0024435159284621477, 0.0015583927743136883, 0.0006958471494726837, 0.0014878518413752317, 0.001943610142916441, 0.0006118809105828404, 0.00037033052649348974, 0.0005576186231337488, 0.00022527620603796095, 0.00016797520220279694, 0.0002538720436859876, 0.00045319797936826944, 0.00035327678779140115, 0.00047069022548384964, 0.0006391005008481443, 0.000572814024053514, 0.0005995550891384482, 0.0005482479464262724, 1.241388417838607e-05], "lowlevel.erbbands.mean": [1.5842057466506958, 5.111969470977783, 5.21397590637207, 4.699545383453369, 13.744635581970215, 10.269104957580566, 5.975108623504639, 3.5639052391052246, 12.284072875976562, 37.061527252197266, 32.819923400878906, 19.479360580444336, 13.369095802307129, 12.793124198913574, 14.680949211120605, 25.283784866333008, 34.2906608581543, 13.982728004455566, 9.926249504089355, 8.624897956848145, 11.03847599029541, 7.2798542976379395, 3.8830087184906006, 3.6180386543273926, 5.470861434936523, 8.247414588928223, 5.128847599029541, 3.4507672786712646, 4.3682146072387695, 6.53712272644043, 5.801042556762695, 4.263878345489502, 4.1562299728393555, 3.0500357151031494, 2.014540672302246, 1.2470248937606812, 0.4717351198196411, 0.04911379888653755, 0.0009906222112476826, 0.00010240608389722183], "lowlevel.erbbands.stdev": [2.82641863822937, 11.559892654418945, 22.368206024169922, 19.75758171081543, 65.3304672241211, 34.355140686035156, 15.782398223876953, 11.188203811645508, 32.64583969116211, 101.34736633300781, 105.28844451904297, 66.03340911865234, 42.381160736083984, 38.77766418457031, 30.314537048339844, 69.19158172607422, 88.05947875976562, 31.21874237060547, 24.350479125976562, 20.37410545349121, 30.1842041015625, 13.081440925598145, 8.32276725769043, 10.930307388305664, 15.546524047851562, 21.22260284423828, 16.768714904785156, 12.496634483337402, 15.881668090820312, 21.509361267089844, 16.454517364501953, 11.507261276245117, 10.496355056762695, 7.135997295379639, 4.255672454833984, 2.6966474056243896, 1.0002350807189941, 0.10558050125837326, 0.0020755338482558727, 0.0001261050347238779], "lowlevel.gfcc.mean": [-67.50873565673828, 60.7504768371582, -118.07347869873047, -6.103036880493164, -53.06903839111328, 16.592729568481445, -44.09932327270508, 15.580435752868652, -25.776283264160156, 7.99009895324707, -7.7781476974487305, -1.9162102937698364, -17.084150314331055], "lowlevel.melbands.mean": [0.011227378621697426, 0.0038223324809223413, 0.0010965379187837243, 0.0009475884726271033, 0.00024116001441143453, 8.005786366993561e-05, 0.00021490977087523788, 0.000428924395237118, 0.00024376944929827005, 0.00011004858242813498, 6.460583244916052e-05, 5.242650877335109e-05, 4.385938518680632e-05, 5.616940325126052e-05, 8.482600969728082e-05, 6.0533377109095454e-05, 2.1967583961668424e-05, 1.695383616606705e-05, 1.1475000064820051e-05, 1.1833521057269536e-05, 1.2956267710251268e-05, 7.876771633164026e-06, 4.7527209972031415e-06, 2.697710442589596e-06, 2.858923380699707e-06, 3.353047077325755e-06, 5.238159246800933e-06, 5.535860054806108e-06, 3.39580742547696e-06, 2.5007996100612218e-06, 1.7517065771244233e-06, 2.339172851861804e-06, 2.801536084007239e-06, 4.149937467445852e-06, 3.6077808545087464e-06, 2.6653831355361035e-06, 2.5400759113836102e-06, 2.9423608793877065e-06, 2.750253543126746e-06, 2.4966975615825504e-06], "lowlevel.melbands.stdev": [0.019701192155480385, 0.011903015896677971, 0.004201543517410755, 0.00409470871090889, 0.0006005603936500847, 0.0002447142614983022, 0.0005608263309113681, 0.0012419559061527252, 0.0007859871257096529, 0.00039540851139463484, 0.00021661724895238876, 0.00017329170077573508, 9.575066360412166e-05, 0.00014498016389552504, 0.00023766131198499352, 0.00018574114073999226, 5.353413871489465e-05, 4.7475696192122996e-05, 2.7502495868247934e-05, 3.2914558687480167e-05, 3.595226735342294e-05, 1.5363226339104585e-05, 9.195701750286389e-06, 7.423107945214724e-06, 8.985975000541657e-06, 1.0546496014285367e-05, 1.4003265278006438e-05, 1.4605998330807779e-05, 1.120474098570412e-05, 9.285695341532119e-06, 6.375084467435954e-06, 8.700958460394759e-06, 1.0260343515255954e-05, 1.3340506484382786e-05, 1.0327617928851396e-05, 7.679716873099096e-06, 6.833974566688994e-06, 7.797023499733768e-06, 6.747136467311066e-06, 5.9258704823150765e-06], "lowlevel.melbands128.mean": [0.002828187309205532, 0.014962876215577126, 0.013359692879021168, 0.006937516387552023, 0.003216521581634879, 0.001542665297165513, 0.0008166425977833569, 0.0008917311788536608, 0.001647241530008614, 0.0011059646494686604, 0.0004044516244903207, 0.0003564127255231142, 0.00020962240523658693, 7.729850040050223e-05, 6.516327994177118e-05, 7.730600191280246e-05, 0.00012932436948176473, 0.00021248628036119044, 0.0003577990282792598, 0.0004406060616020113, 0.0004933858872391284, 0.00033010891638696194, 0.0002123418526025489, 0.00014851969899609685, 0.00014291370462160558, 8.464002166874707e-05, 4.63666656287387e-05, 7.387440564343706e-05, 6.676249904558063e-05, 6.13051452091895e-05, 4.399699537316337e-05, 4.047834227094427e-05, 4.028031980851665e-05, 5.1153707318007946e-05, 4.951799564878456e-05, 5.688570308848284e-05, 6.600549386348575e-05, 8.914200589060783e-05, 9.614168084226549e-05, 8.265261567430571e-05, 5.4294258006848395e-05, 2.4079656213871203e-05, 2.1043746528448537e-05, 1.9971175788668916e-05, 2.275663791806437e-05, 1.5722318494226784e-05, 1.1711860679497477e-05, 1.0364877198298927e-05, 1.2992812116863206e-05, 1.0379748346167617e-05, 1.0418910278531257e-05, 1.471652285545133e-05, 1.513110055384459e-05, 1.1920518772967625e-05, 8.283486749860458e-06, 8.586204785387963e-06, 6.381908406183356e-06, 5.205203706282191e-06, 4.5933088586025406e-06, 2.8142662813479546e-06, 2.3251645870914217e-06, 2.8232036584086018e-06, 2.8403328542481177e-06, 2.826589479809627e-06, 2.892375960072968e-06, 3.4826573482860113e-06, 3.2815037229738664e-06, 4.288431227905676e-06, 5.780299488833407e-06, 6.638637842115713e-06, 5.811305072711548e-06, 4.972687747795135e-06, 4.0406553125649225e-06, 3.0476094252662733e-06, 2.7302835405862425e-06, 2.590639724076027e-06, 2.5626932256272994e-06, 1.7876200217870064e-06, 1.5509598370044841e-06, 1.6339940884790849e-06, 2.413983338556136e-06, 2.6547770630713785e-06, 2.3022498680802528e-06, 2.811699005178525e-06, 3.105046289419988e-06, 3.666749307740247e-06, 4.5109995880920906e-06, 5.171907559997635e-06, 3.315740968901082e-06, 2.859844698832603e-06, 2.7247449452261208e-06, 2.6217308004561346e-06, 2.515944288461469e-06, 2.549014197938959e-06, 2.429005235171644e-06, 2.9033910777798155e-06, 3.048329062949051e-06, 3.0627231808466604e-06, 2.60702358900744e-06, 2.785883680189727e-06, 2.6724746930995025e-06, 2.5025699414982228e-06, 2.146638962585712e-06, 2.261434019601438e-06, 2.096503067150479e-06, 2.509314754206571e-06, 2.3048407911119284e-06, 2.0492409475991735e-06, 2.219366706412984e-06, 2.211103492300026e-06, 2.174381052100216e-06, 1.632735006751318e-06, 1.6560138647037093e-06, 1.180492176899861e-06, 7.705848474870436e-07, 5.466852144309087e-07, 1.6289781967770978e-07, 2.3769597401468445e-09, 2.949962149556562e-11, 7.979242266920039e-12, 7.302875318360158e-12, 6.968992223577164e-12, 6.7897363079105766e-12, 6.657400759141341e-12, 6.303809037266905e-12, 5.772713470436619e-12, 5.469463857515899e-12, 5.399099570202459e-12], "lowlevel.melbands128.stdev": [0.00502030411735177, 0.02723664976656437, 0.025458725169301033, 0.020180268213152885, 0.014867336489260197, 0.007083327509462833, 0.004164744634181261, 0.003960366826504469, 0.008226152509450912, 0.005190401803702116, 0.00110456848051399, 0.0009745066636241972, 0.0006330888136290014, 0.0002631953975651413, 0.00031488764216192067, 0.00026761696790345013, 0.0004739507276099175, 0.0007536181365139782, 0.001158971688710153, 0.0014005376724526286, 0.002045180881395936, 0.0015092918183654547, 0.001025112927891314, 0.0005842644604854286, 0.0006780847324989736, 0.0003877042618114501, 0.00016816568677313626, 0.000371721776900813, 0.00027632041019387543, 0.00030338141368702054, 0.00015599287871737033, 0.00013546885747928172, 0.00011617022391874343, 0.0001623779535293579, 0.00014287169324234128, 0.0002103803271893412, 0.0002884592395275831, 0.00036343492683954537, 0.00033925246680155396, 0.0002785740070976317, 0.00026151290512643754, 8.785344107309356e-05, 7.433844439219683e-05, 5.483386485138908e-05, 9.205537207890302e-05, 5.390917795011774e-05, 3.2486866984982044e-05, 3.0144017728161998e-05, 4.0792347135720775e-05, 2.8733871658914723e-05, 3.735760401468724e-05, 5.6001899793045595e-05, 4.862943751504645e-05, 4.2687559471232817e-05, 1.897498623293359e-05, 2.0297016817494296e-05, 1.34227457238012e-05, 1.1107178579550236e-05, 1.1119587725261226e-05, 6.956559900572756e-06, 7.0150927058421075e-06, 1.0077459592139348e-05, 9.963573575078044e-06, 9.13714393391274e-06, 9.827520443650428e-06, 1.2536382200778462e-05, 1.0405289685877506e-05, 1.4417827514989767e-05, 1.7420163203496486e-05, 1.7644533727434464e-05, 1.5988867744454183e-05, 1.5093039110070094e-05, 1.4962975001253653e-05, 1.0851260412891861e-05, 1.0713984920585062e-05, 9.952605978469364e-06, 1.0383799235569313e-05, 7.590593668282963e-06, 5.703977421944728e-06, 6.3602910813642666e-06, 9.681099982117303e-06, 1.0556234883551951e-05, 8.947047717811074e-06, 1.079109642887488e-05, 1.2146807421231642e-05, 1.3197531188779976e-05, 1.507646175014088e-05, 1.5643534425180405e-05, 1.0073122211906593e-05, 9.117929948843084e-06, 7.948104212118778e-06, 8.158448508766014e-06, 7.849911526136566e-06, 7.313119112950517e-06, 6.691899216093589e-06, 8.133098162943497e-06, 8.821802111924626e-06, 8.412831448367797e-06, 6.7353694248595275e-06, 7.263044153660303e-06, 6.794308774260571e-06, 6.364059572661063e-06, 5.291879006108502e-06, 5.685548330802703e-06, 4.876778348261723e-06, 5.7368474699615035e-06, 5.126229098095791e-06, 4.784440534422174e-06, 5.482190317707136e-06, 5.2320610848255455e-06, 5.1595811783045065e-06, 3.83400629289099e-06, 3.8470138861157466e-06, 2.6140855879930314e-06, 1.7016847095874255e-06, 1.3054745977569837e-06, 5.027551424063859e-07, 1.24464429873683e-08, 3.4768157797238075e-10, 2.9881059432357304e-11, 2.700524005805338e-11, 2.657617702295223e-11, 2.6813400458292058e-11, 2.5949138671155225e-11, 2.0343211490359003e-11, 1.267785355862916e-11, 1.057200074011666e-11, 1.0446454465351529e-11], "lowlevel.mfcc.mean": [-721.4451904296875, 115.8264389038086, -12.503252983093262, -12.814727783203125, 9.891441345214844, -7.2760539054870605, 3.988790512084961, -0.004318879451602697, -11.201262474060059, 9.295307159423828, -3.2763166427612305, 7.67534875869751, 10.861621856689453], "lowlevel.spectral_contrast_coeffs.mean": [-0.6343165040016174, -0.7212150692939758, -0.7884305715560913, -0.7987757921218872, -0.7878281474113464, -0.8110994100570679], "lowlevel.spectral_contrast_coeffs.stdev": [0.11081130057573318, 0.10690893977880478, 0.0677027702331543, 0.0561593733727932, 0.04233982414007187, 0.03753519430756569], "lowlevel.spectral_contrast_valleys.mean": [-8.50503921508789, -7.506411075592041, -7.724427700042725, -7.896387100219727, -8.42721176147461, -10.926977157592773], "lowlevel.spectral_contrast_valleys.stdev": [1.426187515258789, 0.8046088218688965, 0.6776719689369202, 0.6873334050178528, 0.8794299364089966, 1.4911948442459106], "rhythm.beats_loudness_band_ratio.mean": [0.501251220703125, 0.27168241143226624, 0.05584048107266426, 0.09018029272556305, 0.11479151993989944, 0.14369353652000427], "rhythm.beats_loudness_band_ratio.stdev": [0.363790363073349, 0.2667771577835083, 0.10637131333351135, 0.14373143017292023, 0.18884870409965515, 0.15514931082725525], "tonal.hpcp.mean": [0.09497514367103577, 0.09597370028495789, 0.09502315521240234, 0.0894617959856987, 0.10234112292528152, 0.1060071736574173, 0.09450802206993103, 0.09432091563940048, 0.1047978475689888, 0.12968294322490692, 0.13580431044101715, 0.12357380986213684, 0.1109333485364914, 0.11188506335020065, 0.10524934530258179, 0.08699255436658859, 0.08619468659162521, 0.08518201112747192, 0.08601120859384537, 0.08668350428342819, 0.0756102129817009, 0.06322604417800903, 0.07229122519493103, 0.0827556848526001, 0.08426076918840408, 0.08174451440572739, 0.07770659774541855, 0.19464728236198425, 0.26963499188423157, 0.1599707305431366, 0.09191881120204926, 0.11667679250240326, 0.14538617432117462, 0.12946277856826782, 0.09673626720905304, 0.09113655239343643], "tonal.hpcp.stdev": [0.22069789469242096, 0.21563689410686493, 0.22750547528266907, 0.2117031216621399, 0.23405171930789948, 0.23934388160705566, 0.20577076077461243, 0.2075463831424713, 0.2221585214138031, 0.2572519779205322, 0.26297107338905334, 0.2513839602470398, 0.23358580470085144, 0.23782655596733093, 0.22801558673381805, 0.19082726538181305, 0.19901198148727417, 0.18794970214366913, 0.19051820039749146, 0.19390030205249786, 0.17699234187602997, 0.15091346204280853, 0.16931600868701935, 0.1867719292640686, 0.1874506026506424, 0.1893378496170044, 0.1698862910270691, 0.3087612986564636, 0.39457935094833374, 0.26968106627464294, 0.20502407848834991, 0.24864183366298676, 0.2733073830604553, 0.2582269608974457, 0.20667007565498352, 0.2036343812942505], "rhythm.beats_position": [0.6153287887573242, 1.2538775205612183, 1.8924262523651123, 2.530975103378296, 3.1695237159729004, 3.808072566986084, 4.446621417999268, 5.085169792175293, 5.723718643188477, 6.36226749420166, 7.000816345214844, 7.639364719390869, 8.277914047241211, 8.916461944580078, 9.555010795593262, 10.193559646606445, 10.832108497619629, 11.470657348632812, 12.109206199645996, 12.74775505065918, 13.386303901672363, 14.024852752685547, 14.663400650024414, 15.301949501037598, 15.940498352050781, 16.57904815673828, 17.21759605407715, 17.856143951416016, 18.494693756103516, 19.133241653442383, 19.771791458129883, 20.41033935546875, 21.04888916015625, 21.687437057495117, 22.325986862182617, 22.964534759521484, 23.60308265686035, 24.24163246154785, 24.88018035888672, 25.51873016357422, 26.157278060913086, 26.795827865600586, 27.434375762939453, 28.072925567626953, 28.71147346496582, 29.350021362304688, 29.988571166992188, 30.627119064331055, 31.265668869018555, 31.904216766357422], "rhythm.bpm_histogram": [0.0, 0.0, 0.0, 0.0, 0.0, 0.0, 0.0, 0.0, 0.0, 0.0, 0.0, 0.0, 0.0, 0.0, 0.0, 0.0, 0.0, 0.0, 0.0, 0.0, 0.0, 0.0, 0.0, 0.0, 0.0, 0.0, 0.0, 0.0, 0.0, 0.0, 0.0, 0.0, 0.0, 0.0, 0.0, 0.0, 0.0, 0.0, 0.0, 0.0, 0.0, 0.0, 0.0, 0.0, 0.0, 0.0, 0.0, 0.0, 0.0, 0.0, 0.0, 0.0, 0.0, 0.0, 0.0, 0.0, 0.0, 0.0, 0.0, 0.0, 0.0, 0.0, 0.0, 0.0, 0.0, 0.0, 0.0, 0.0, 0.0, 0.0, 0.0, 0.0, 0.0, 0.0, 0.0, 0.0, 0.0, 0.0, 0.0, 0.0, 0.0, 0.0, 0.0, 0.0, 0.0, 0.0, 0.0, 0.0, 0.0, 0.0, 0.0, 0.0, 0.0, 0.0, 1.0, 0.0, 0.0, 0.0, 0.0, 0.0, 0.0, 0.0, 0.0, 0.0, 0.0, 0.0, 0.0, 0.0, 0.0, 0.0, 0.0, 0.0, 0.0, 0.0, 0.0, 0.0, 0.0, 0.0, 0.0, 0.0, 0.0, 0.0, 0.0, 0.0, 0.0, 0.0, 0.0, 0.0, 0.0, 0.0, 0.0, 0.0, 0.0, 0.0, 0.0, 0.0, 0.0, 0.0, 0.0, 0.0, 0.0, 0.0, 0.0, 0.0, 0.0, 0.0, 0.0, 0.0, 0.0, 0.0, 0.0, 0.0, 0.0, 0.0, 0.0, 0.0, 0.0, 0.0, 0.0, 0.0, 0.0, 0.0, 0.0, 0.0, 0.0, 0.0, 0.0, 0.0, 0.0, 0.0, 0.0, 0.0, 0.0, 0.0, 0.0, 0.0, 0.0, 0.0, 0.0, 0.0, 0.0, 0.0, 0.0, 0.0, 0.0, 0.0, 0.0, 0.0, 0.0, 0.0, 0.0, 0.0, 0.0, 0.0, 0.0, 0.0, 0.0, 0.0, 0.0, 0.0, 0.0, 0.0, 0.0, 0.0, 0.0, 0.0, 0.0, 0.0, 0.0, 0.0, 0.0, 0.0, 0.0, 0.0, 0.0, 0.0, 0.0, 0.0, 0.0, 0.0, 0.0, 0.0, 0.0, 0.0, 0.0, 0.0, 0.0, 0.0, 0.0, 0.0, 0.0, 0.0, 0.0, 0.0, 0.0, 0.0, 0.0, 0.0, 0.0, 0.0, 0.0, 0.0, 0.0, 0.0, 0.0, 0.0, 0.0, 0.0, 0.0, 0.0], "tonal.chords_histogram": [5.595408916473389, 1.4347202777862549, 5.451936721801758, 0.5738880634307861, 0.860832154750824, 3.0129125118255615, 1.1477761268615723, 3.8737447261810303, 1.2912482023239136, 13.19942569732666, 1.8651362657546997, 7.60401725769043, 8.75179386138916, 10.473457336425781, 10.186513900756836, 0.0, 1.1477761268615723, 0.5738880634307861, 0.0, 5.308465003967285, 2.8694405555725098, 6.456241130828857, 1.8651362657546997, 6.456241130828857], "tonal.thpcp": [1.0, 0.5932862162590027, 0.34090089797973633, 0.43272125720977783, 0.539196252822876, 0.4801408648490906, 0.35876747965812683, 0.33799973130226135, 0.35223597288131714, 0.3559393286705017, 0.3524140417575836, 0.3317885100841522, 0.37955430150032043, 0.39315065741539, 0.3505035638809204, 0.3498096168041229, 0.3886656165122986, 0.48095738887786865, 0.5036598443984985, 0.4583003520965576, 0.41142043471336365, 0.41495007276535034, 0.39034008979797363, 0.32263079285621643, 0.31967175006866455, 0.3159160017967224, 0.3189912736415863, 0.32148462533950806, 0.28041690587997437, 0.23448753356933594, 0.26810774207115173, 0.3069174587726593, 0.31249937415122986, 0.30316731333732605, 0.2881918251514435, 0.7218917608261108], "lowlevel.gfcc.cov": [[6936.47607421875, -1241.80810546875, 2037.79345703125, 1205.851318359375, -291.5165100097656, 248.26882934570312, -63.945613861083984, 47.38202667236328, -240.70130920410156, 141.8389892578125, -362.2591552734375, 104.59603881835938, -190.61441040039062], [-1241.80810546875, 3802.4228515625, -261.9391174316406, 84.49004364013672, 972.8251342773438, -10.962953567504883, 852.907958984375, 332.26788330078125, 626.692138671875, -63.178802490234375, 670.4280395507812, -253.90492248535156, 337.2929992675781], [2037.79345703125, -261.9391174316406, 2387.40625, 1169.955810546875, 628.8704223632812, 761.1289672851562, 496.6850891113281, 375.5964050292969, 325.367919921875, 307.56329345703125, -49.008907318115234, 252.6338653564453, 36.49507141113281], [1205.851318359375, 84.49004364013672, 1169.955810546875, 1296.8642578125, 522.7017211914062, 434.3677673339844, 397.1279602050781, 223.1985626220703, 327.24554443359375, 177.1868896484375, 24.67227554321289, 86.553955078125, 156.13540649414062], [-291.5165100097656, 972.8251342773438, 628.8704223632812, 522.7017211914062, 1269.0240478515625, 658.5386352539062, 678.83349609375, 457.348876953125, 565.4574584960938, 218.59559631347656, 220.8624267578125, 121.55807495117188, 233.0530242919922], [248.26882934570312, -10.962953567504883, 761.1289672851562, 434.3677673339844, 658.5386352539062, 793.8054809570312, 669.9603271484375, 417.2196044921875, 368.63836669921875, 232.32830810546875, 109.39778900146484, 122.42061614990234, 115.8448486328125], [-63.945613861083984, 852.907958984375, 496.6850891113281, 397.1279602050781, 678.83349609375, 669.9603271484375, 1147.46142578125, 567.4244995117188, 514.12158203125, 243.70274353027344, 323.8352966308594, 22.582500457763672, 213.64686584472656], [47.38202667236328, 332.26788330078125, 375.5964050292969, 223.1985626220703, 457.348876953125, 417.2196044921875, 567.4244995117188, 418.6181640625, 351.1883239746094, 194.6085662841797, 160.80734252929688, 51.84516525268555, 117.06400299072266], [-240.70130920410156, 626.692138671875, 325.367919921875, 327.24554443359375, 565.4574584960938, 368.63836669921875, 514.12158203125, 351.1883239746094, 537.9724731445312, 226.702880859375, 233.68893432617188, 25.25600242614746, 163.53378295898438], [141.8389892578125, -63.178802490234375, 307.56329345703125, 177.1868896484375, 218.59559631347656, 232.32830810546875, 243.70274353027344, 194.6085662841797, 226.702880859375, 240.25994873046875, 86.51024627685547, 58.04543685913086, 43.1202392578125], [-362.2591552734375, 670.4280395507812, -49.008907318115234, 24.67227554321289, 220.8624267578125, 109.39778900146484, 323.8352966308594, 160.80734252929688, 233.68893432617188, 86.51024627685547, 272.9321594238281, -22.309051513671875, 101.9627456665039], [104.59603881835938, -253.90492248535156, 252.6338653564453, 86.553955078125, 121.55807495117188, 122.42061614990234, 22.582500457763672, 51.84516525268555, 25.25600242614746, 58.04543685913086, -22.309051513671875, 149.94619750976562, 14.398149490356445], [-190.61441040039062, 337.2929992675781, 36.49507141113281, 156.13540649414062, 233.0530242919922, 115.8448486328125, 213.64686584472656, 117.06400299072266, 163.53378295898438, 43.1202392578125, 101.9627456665039, 14.398149490356445, 157.97105407714844]], "lowlevel.gfcc.icov": [[0.00025170561275444925, -6.4460850808245596e-06, -0.00017533070058561862, -0.0001907981204567477, 0.00010859410394914448, 5.548171975533478e-05, 4.030508716823533e-05, -0.00027708595735020936, 0.0002966537431348115, -0.0001353448024019599, 8.659531886223704e-05, 0.00017592929361853749, 0.00015441373398061842], [-6.4460850808245596e-06, 0.0013173875631764531, -0.0004498305497691035, 0.0003381259448360652, -0.001289986539632082, 0.0016304758610203862, -0.000773329462390393, 0.00032880925573408604, -0.000477555237011984, 0.001651130267418921, -0.0021128798834979534, 0.0016696953680366278, -0.000285980524495244], [-0.00017533070058561862, -0.0004498305497691035, 0.001457139733247459, -0.0009135977597907186, 0.0003834794042631984, -0.0011034776689484715, 0.00030566746136173606, -0.00034496854641474783, 9.247841080650687e-05, -0.0006890072836540639, 0.0007634749636054039, -0.0016495698364451528, 0.0011508559109643102], [-0.0001907981204567477, 0.0003381259448360652, -0.0009135977597907186, 0.0021311596501618624, -0.0005408267606981099, 0.000475936132716015, -0.0005926594603806734, 0.0014000461669638753, -0.001029767794534564, 0.0002855045022442937, 0.00026564407744444907, 0.0009551451075822115, -0.0019050323171541095], [0.00010859410394914448, -0.001289986539632082, 0.0003834794042631984, -0.0005408267606981099, 0.0034618941135704517, -0.0026441558729857206, 0.0010416852310299873, -0.0008299294859170914, -0.0009544717613607645, -0.0006076656864024699, 0.0019520784262567759, -0.002375259529799223, -0.0005202833563089371], [5.548171975533478e-05, 0.0016304758610203862, -0.0011034776689484715, 0.000475936132716015, -0.0026441558729857206, 0.006722711957991123, -0.002817951375618577, -0.0004955249023623765, -0.00044942376553080976, 0.0011488416930660605, -0.0010977548081427813, 0.000997224124148488, 0.00028872143593616784], [4.030508716823533e-05, -0.000773329462390393, 0.00030566746136173606, -0.0005926594603806734, 0.0010416852310299873, -0.002817951375618577, 0.004645411390811205, -0.004051779396831989, 0.001009449828416109, -0.00033563535544089973, -0.0012129193637520075, 0.0004986061831004918, -0.0007513692253269255], [-0.00027708595735020936, 0.00032880925573408604, -0.00034496854641474783, 0.0014000461669638753, -0.0008299294859170914, -0.0004955249023623765, -0.004051779396831989, 0.012286207638680935, -0.0034543017391115427, -0.0016955656465142965, 0.0008266318473033607, -0.0005976499523967505, -0.000817884923890233], [0.0002966537431348115, -0.000477555237011984, 9.247841080650687e-05, -0.001029767794534564, -0.0009544717613607645, -0.00044942376553080976, 0.001009449828416109, -0.0034543017391115427, 0.008735035546123981, -0.0042366390116512775, -0.0020015500485897064, 0.0016148218419402838, -0.0014351377030834556], [-0.0001353448024019599, 0.001651130267418921, -0.0006890072836540639, 0.0002855045022442937, -0.0006076656864024699, 0.0011488416930660605, -0.00033563535544089973, -0.0016955656465142965, -0.0042366390116512775, 0.011623924598097801, -0.003620383096858859, -0.0003946701472159475, 0.001538361655548215], [8.659531886223704e-05, -0.0021128798834979534, 0.0007634749636054039, 0.00026564407744444907, 0.0019520784262567759, -0.0010977548081427813, -0.0012129193637520075, 0.0008266318473033607, -0.0020015500485897064, -0.003620383096858859, 0.012109626084566116, -0.0021899775601923466, -0.0014264691853895783], [0.00017592929361853749, 0.0016696953680366278, -0.0016495698364451528, 0.0009551451075822115, -0.002375259529799223, 0.000997224124148488, 0.0004986061831004918, -0.0005976499523967505, 0.0016148218419402838, -0.0003946701472159475, -0.0021899775601923466, 0.012656643986701965, -0.0026782923378050327], [0.00015441373398061842, -0.000285980524495244, 0.0011508559109643102, -0.0019050323171541095, -0.0005202833563089371, 0.00028872143593616784, -0.0007513692253269255, -0.000817884923890233, -0.0014351377030834556, 0.001538361655548215, -0.0014264691853895783, -0.0026782923378050327, 0.01315293274819851]], "lowlevel.mfcc.cov": [[6171.99951171875, -1496.281494140625, 1602.6702880859375, 767.4009399414062, 8.412041664123535, 165.32052612304688, -7.874402046203613, -95.7380599975586, 0.9476795196533203, -72.25962829589844, -76.89965057373047, -193.02577209472656, -181.77609252929688], [-1496.281494140625, 3293.032958984375, -730.5870361328125, 95.88145446777344, 286.4250793457031, -75.0403060913086, 457.6876220703125, 404.9107971191406, 116.92094421386719, 480.5459289550781, 183.90966796875, 302.80780029296875, 342.8050842285156], [1602.6702880859375, -730.5870361328125, 1820.853271484375, 706.2835693359375, 267.75054931640625, 502.7098693847656, 233.06761169433594, 222.20864868164062, 345.8167724609375, 76.90998840332031, 264.7293701171875, 78.26499938964844, -21.84099006652832], [767.4009399414062, 95.88145446777344, 706.2835693359375, 931.266357421875, 381.09869384765625, 395.0414733886719, 169.42198181152344, 206.4071044921875, 322.7152099609375, 153.09571838378906, 189.21389770507812, 82.97510528564453, 52.65277099609375], [8.412041664123535, 286.4250793457031, 267.75054931640625, 381.09869384765625, 706.4061889648438, 393.42919921875, 118.62549591064453, 208.9351806640625, 292.47772216796875, 141.5889129638672, 164.3226318359375, 102.137451171875, 84.55669403076172], [165.32052612304688, -75.0403060913086, 502.7098693847656, 395.0414733886719, 393.42919921875, 614.5216064453125, 337.3222961425781, 353.75811767578125, 463.7767028808594, 206.18008422851562, 326.3321533203125, 189.1966094970703, 63.54863739013672], [-7.874402046203613, 457.6876220703125, 233.06761169433594, 169.42198181152344, 118.62549591064453, 337.3222961425781, 576.2636108398438, 427.74188232421875, 373.5511474609375, 321.5645446777344, 287.4198303222656, 229.41140747070312, 129.42462158203125], [-95.7380599975586, 404.9107971191406, 222.20864868164062, 206.4071044921875, 208.9351806640625, 353.75811767578125, 427.74188232421875, 477.26922607421875, 395.2386474609375, 285.9222412109375, 283.8883361816406, 201.76901245117188, 123.69498443603516], [0.9476795196533203, 116.92094421386719, 345.8167724609375, 322.7152099609375, 292.47772216796875, 463.7767028808594, 373.5511474609375, 395.2386474609375, 575.8087768554688, 316.57012939453125, 355.29656982421875, 226.98304748535156, 111.7347640991211], [-72.25962829589844, 480.5459289550781, 76.90998840332031, 153.09571838378906, 141.5889129638672, 206.18008422851562, 321.5645446777344, 285.9222412109375, 316.57012939453125, 413.2747497558594, 265.8760681152344, 220.59536743164062, 151.76609802246094], [-76.89965057373047, 183.90966796875, 264.7293701171875, 189.21389770507812, 164.3226318359375, 326.3321533203125, 287.4198303222656, 283.8883361816406, 355.29656982421875, 265.8760681152344, 376.6864318847656, 233.5607452392578, 113.3788833618164], [-193.02577209472656, 302.80780029296875, 78.26499938964844, 82.97510528564453, 102.137451171875, 189.1966094970703, 229.41140747070312, 201.76901245117188, 226.98304748535156, 220.59536743164062, 233.5607452392578, 244.61817932128906, 126.50102996826172], [-181.77609252929688, 342.8050842285156, -21.84099006652832, 52.65277099609375, 84.55669403076172, 63.54863739013672, 129.42462158203125, 123.69498443603516, 111.7347640991211, 151.76609802246094, 113.3788833618164, 126.50102996826172, 169.98117065429688]], "lowlevel.mfcc.icov": [[0.00025591306621208787, 0.00010378692240919918, -0.00017473551270086318, -0.00016907161625567824, -8.207550308725331e-06, 0.00011385883408365771, -0.00014667223149444908, 4.347553476691246e-05, 0.0001471140276407823, -0.00023578338732477278, 0.00012008741032332182, 0.00012607983080670238, 7.57211892050691e-05], [0.00010378692240919918, 0.0006876983679831028, 0.0002221368922619149, -0.00036073217052035034, -0.00046417242265306413, 0.0007772314129397273, -0.0005292488494887948, -0.0004648411995731294, 0.0005982284201309085, -0.0003462100576143712, -7.063987868605182e-05, -0.0002717397583182901, -0.0002888411981984973], [-0.00017473551270086318, 0.0002221368922619149, 0.0011773393489420414, -0.000598963291849941, -4.242169961798936e-05, -0.00020191473595332354, -0.000334462383762002, -8.581638394389302e-05, 0.00023676954151596874, 0.0003580735938157886, -0.0006825668970122933, 5.1409140723990276e-05, 5.733959551434964e-05], [-0.00016907161625567824, -0.00036073217052035034, -0.000598963291849941, 0.002234035637229681, -0.0002660486788954586, -0.0009315546485595405, 0.0005169189535081387, 0.0003126529627479613, -0.0007090872968547046, -0.00023180247808340937, 0.00030303842504508793, 0.0005813463940285146, -0.0003244624531362206], [-8.207550308725331e-06, -0.00046417242265306413, -4.242169961798936e-05, -0.0002660486788954586, 0.0031663307454437017, -0.0027841313276439905, 0.0016191424801945686, -0.00022937900212127715, -0.0003942802140954882, -0.00036146241473034024, 0.0010470490669831634, 0.0003810380876529962, -0.000995890237390995], [0.00011385883408365771, 0.0007772314129397273, -0.00020191473595332354, -0.0009315546485595405, -0.0027841313276439905, 0.008723237551748753, -0.0022560465149581432, -0.0010752954985946417, -0.0023031476885080338, 0.0020292969420552254, -0.002615862525999546, -0.0011830214643850923, 0.0017682001926004887], [-0.00014667223149444908, -0.0005292488494887948, -0.000334462383762002, 0.0005169189535081387, 0.0016191424801945686, -0.0022560465149581432, 0.007097458466887474, -0.00420632166787982, -2.442046388750896e-05, -0.0016580375377088785, 0.0011796910548582673, -0.0012940018204972148, 7.484857633244246e-05], [4.347553476691246e-05, -0.0004648411995731294, -8.581638394389302e-05, 0.0003126529627479613, -0.00022937900212127715, -0.0010752954985946417, -0.00420632166787982, 0.009394552558660507, -0.0026440867222845554, -1.9797129425569437e-05, -0.0007096717599779367, 0.001316452631726861, -0.0009921208256855607], [0.0001471140276407823, 0.0005982284201309085, 0.00023676954151596874, -0.0007090872968547046, -0.0003942802140954882, -0.0023031476885080338, -2.442046388750896e-05, -0.0026440867222845554, 0.008382122032344341, -0.0024933116510510445, -0.002189885824918747, 9.151926496997476e-05, 0.00030962153687141836], [-0.00023578338732477278, -0.0003462100576143712, 0.0003580735938157886, -0.00023180247808340937, -0.00036146241473034024, 0.0020292969420552254, -0.0016580375377088785, -1.9797129425569437e-05, -0.0024933116510510445, 0.007924388162791729, -0.002040129154920578, -0.00174009520560503, -0.0015186341479420662], [0.00012008741032332182, -7.063987868605182e-05, -0.0006825668970122933, 0.00030303842504508793, 0.0010470490669831634, -0.002615862525999546, 0.0011796910548582673, -0.0007096717599779367, -0.002189885824918747, -0.002040129154920578, 0.0116336140781641, -0.005903999321162701, 5.96944555582013e-05], [0.00012607983080670238, -0.0002717397583182901, 5.1409140723990276e-05, 0.0005813463940285146, 0.0003810380876529962, -0.0011830214643850923, -0.0012940018204972148, 0.001316452631726861, 9.151926496997476e-05, -0.00174009520560503, -0.005903999321162701, 0.014790354296565056, -0.004786189179867506], [7.57211892050691e-05, -0.0002888411981984973, 5.733959551434964e-05, -0.0003244624531362206, -0.000995890237390995, 0.0017682001926004887, 7.484857633244246e-05, -0.0009921208256855607, 0.00030962153687141836, -0.0015186341479420662, 5.96944555582013e-05, -0.004786189179867506, 0.011828156188130379]], "metadata.audio_properties.analysis.downmix": "mix", "metadata.audio_properties.codec": "mp3", "metadata.audio_properties.md5_encoded": "fbd5cc219fb27fd7ee011230359652f2", "metadata.tags.file_name": "1183680755637952512.mp3", "metadata.version.essentia": "2.1-beta6-dev", "metadata.version.essentia_git_sha": "v2.1_beta5-1110-g77a6a954", "metadata.version.extractor": "music 2.0", "tonal.chords_key": "F#", "tonal.chords_scale": "major", "tonal.key_edma.key": "B", "tonal.key_edma.scale": "minor", "tonal.key_krumhansl.key": "B", "tonal.key_krumhansl.scale": "minor", "tonal.key_temperley.key": "B", "tonal.key_temperley.scale": "minor", "metadata.tags.encodi