{"song_id": "1183656705821778051", "download": "https://cdn.discordapp.com/attachments/1135903449314238464/1183656705821778051/chirp.mp4?ex=65892135&amp", "lyrics": "Verse \nIn the silence of the night, I reach for you,\nBut you're an echo in the distance, never in view.\nEvery step I take, you're a world away,\nIn this life, it seems, you'll never be my stay.\n\nChorus\nI can't hold you close, though I wish I could,\nOur love's a tale misunderstood.\nThrough the endless years, I'll hold onto this truth,\nIn this lifetime, I can't have you.\n\nYet in the symphony of life's grand view,\nOur love, immortal, will forever renew.\nThough I can't possess, my heart still finds its way,\nIn this lifetime, forever, in my heart, you'll stay.", "style": ["blues"], "essentia_features": {"lowlevel.average_loudness": 0.9238431453704834, "lowlevel.barkbands_crest.mean": 12.5714750289917, "lowlevel.barkbands_crest.stdev": 4.077665328979492, "lowlevel.barkbands_flatness_db.mean": 0.27151501178741455, "lowlevel.barkbands_flatness_db.stdev": 0.060048237442970276, "lowlevel.barkbands_kurtosis.mean": 17.112579345703125, "lowlevel.barkbands_kurtosis.stdev": 19.455047607421875, "lowlevel.barkbands_skewness.mean": 2.5724213123321533, "lowlevel.barkbands_skewness.stdev": 1.8416298627853394, "lowlevel.barkbands_spread.mean": 11.049786567687988, "lowlevel.barkbands_spread.stdev": 17.907411575317383, "lowlevel.dissonance.mean": 0.3759250044822693, "lowlevel.dissonance.stdev": 0.057701051235198975, "lowlevel.dynamic_complexity": 4.422369003295898, "lowlevel.erbbands_crest.mean": 15.149941444396973, "lowlevel.erbbands_crest.stdev": 5.190492153167725, "lowlevel.erbbands_flatness_db.mean": 0.26662713289260864, "lowlevel.erbbands_flatness_db.stdev": 0.0552583672106266, "lowlevel.erbbands_kurtosis.mean": 6.597667217254639, "lowlevel.erbbands_kurtosis.stdev": 8.777974128723145, "lowlevel.erbbands_skewness.mean": 1.5222077369689941, "lowlevel.erbbands_skewness.stdev": 1.575834035873413, "lowlevel.erbbands_spread.mean": 24.647289276123047, "lowlevel.erbbands_spread.stdev": 25.208189010620117, "lowlevel.hfc.mean": 15.206334114074707, "lowlevel.hfc.stdev": 29.66332244873047, "lowlevel.loudness_ebu128.integrated": -19.066490173339844, "lowlevel.loudness_ebu128.loudness_range": 3.9355239868164062, "lowlevel.loudness_ebu128.momentary.mean": -20.75912094116211, "lowlevel.loudness_ebu128.momentary.stdev": 4.46909761428833, "lowlevel.loudness_ebu128.short_term.mean": -19.60236930847168, "lowlevel.loudness_ebu128.short_term.stdev": 2.603363275527954, "lowlevel.melbands_crest.mean": 15.168702125549316, "lowlevel.melbands_crest.stdev": 4.643202781677246, "lowlevel.melbands_flatness_db.mean": 0.32029569149017334, "lowlevel.melbands_flatness_db.stdev": 0.08749865740537643, "lowlevel.melbands_kurtosis.mean": 20.521543502807617, "lowlevel.melbands_kurtosis.stdev": 20.829490661621094, "lowlevel.melbands_skewness.mean": 2.6794915199279785, "lowlevel.melbands_skewness.stdev": 1.6487990617752075, "lowlevel.melbands_spread.mean": 18.525489807128906, "lowlevel.melbands_spread.stdev": 42.39860916137695, "lowlevel.pitch_salience.mean": 0.5466344952583313, "lowlevel.pitch_salience.stdev": 0.11949194222688675, "lowlevel.silence_rate_20dB.mean": 1.0, "lowlevel.silence_rate_20dB.stdev": 0.0, "lowlevel.silence_rate_30dB.mean": 0.9936268925666809, "lowlevel.silence_rate_30dB.stdev": 0.07957689464092255, "lowlevel.silence_rate_60dB.mean": 0.16048666834831238, "lowlevel.silence_rate_60dB.stdev": 0.367058128118515, "lowlevel.spectral_centroid.mean": 747.8582153320312, "lowlevel.spectral_centroid.stdev": 914.5200805664062, "lowlevel.spectral_complexity.mean": 6.809385776519775, "lowlevel.spectral_complexity.stdev": 3.469299793243408, "lowlevel.spectral_decrease.mean": -4.325698466089989e-09, "lowlevel.spectral_decrease.stdev": 5.0025432685174565e-09, "lowlevel.spectral_energy.mean": 0.01770545169711113, "lowlevel.spectral_energy.stdev": 0.019856363534927368, "lowlevel.spectral_energyband_high.mean": 0.001020909403450787, "lowlevel.spectral_energyband_high.stdev": 0.003764084540307522, "lowlevel.spectral_energyband_low.mean": 0.0005490698385983706, "lowlevel.spectral_energyband_low.stdev": 0.0009177695610560477, "lowlevel.spectral_energyband_middle_high.mean": 0.001262154197320342, "lowlevel.spectral_energyband_middle_high.stdev": 0.0034292615018785, "lowlevel.spectral_energyband_middle_low.mean": 0.015060251578688622, "lowlevel.spectral_energyband_middle_low.stdev": 0.01834954507648945, "lowlevel.spectral_entropy.mean": 6.446133136749268, "lowlevel.spectral_entropy.stdev": 0.8391605019569397, "lowlevel.spectral_flux.mean": 0.05115514248609543, "lowlevel.spectral_flux.stdev": 0.04233838617801666, "lowlevel.spectral_kurtosis.mean": 14.897970199584961, "lowlevel.spectral_kurtosis.stdev": 16.14105796813965, "lowlevel.spectral_rms.mean": 0.0036271519493311644, "lowlevel.spectral_rms.stdev": 0.002029133727774024, "lowlevel.spectral_rolloff.mean": 1283.4852294921875, "lowlevel.spectral_rolloff.stdev": 2328.8017578125, "lowlevel.spectral_skewness.mean": 2.659292459487915, "lowlevel.spectral_skewness.stdev": 1.5801646709442139, "lowlevel.spectral_spread.mean": 3946898.5, "lowlevel.spectral_spread.stdev": 2340922.25, "lowlevel.spectral_strongpeak.mean": 1.225243330001831, "lowlevel.spectral_strongpeak.stdev": 1.5258185863494873, "lowlevel.zerocrossingrate.mean": 0.04732056334614754, "lowlevel.zerocrossingrate.stdev": 0.06536561995744705, "metadata.audio_properties.analysis.equal_loudness": 0.0, "metadata.audio_properties.analysis.length": 40.04265213012695, "metadata.audio_properties.analysis.sample_rate": 44100.0, "metadata.audio_properties.analysis.start_time": 0.0, "metadata.audio_properties.bit_rate": 113638.0, "metadata.audio_properties.length": 40.042667388916016, "metadata.audio_properties.lossless": 0.0, "metadata.audio_properties.number_channels": 1.0, "metadata.audio_properties.replay_gain": -9.595361709594727, "metadata.audio_properties.sample_rate": 48000.0, "rhythm.beats_count": 69.0, "rhythm.beats_loudness.mean": 0.02217290736734867, "rhythm.beats_loudness.stdev": 0.021305663511157036, "rhythm.bpm": 124.04725646972656, "rhythm.bpm_histogram_first_peak_bpm": 123.0, "rhythm.bpm_histogram_first_peak_weight": 0.3333333730697632, "rhythm.bpm_histogram_second_peak_bpm": 99.0, "rhythm.bpm_histogram_second_peak_spread": 0.23076921701431274, "rhythm.bpm_histogram_second_peak_weight": 0.14705882966518402, "rhythm.danceability": 1.1873975992202759, "rhythm.onset_rate": 3.9196672439575195, "tonal.chords_changes_rate": 0.05671296268701553, "tonal.chords_number_rate": 0.0069444444961845875, "tonal.chords_strength.mean": 0.5259633660316467, "tonal.chords_strength.stdev": 0.09252209216356277, "tonal.hpcp_crest.mean": 17.453271865844727, "tonal.hpcp_crest.stdev": 7.798813343048096, "tonal.hpcp_entropy.mean": 1.5080655813217163, "tonal.hpcp_entropy.stdev": 0.6986015439033508, "tonal.key_edma.strength": 0.6367504000663757, "tonal.key_krumhansl.strength": 0.6179584264755249, "tonal.key_temperley.strength": 0.6197591423988342, "tonal.tuning_diatonic_strength": 0.6504665613174438, "tonal.tuning_equal_tempered_deviation": 0.07868397980928421, "tonal.tuning_frequency": 447.9497375488281, "tonal.tuning_nontempered_energy_ratio": 0.6803910136222839, "lowlevel.barkbands.mean": [1.1923114016099134e-06, 0.0001666665484663099, 0.0002646856883075088, 0.0005903839482925832, 0.004003601614385843, 0.003877184120938182, 0.004149653483182192, 0.0014464566484093666, 0.0008572511724196374, 0.00030029049958102405, 0.00017883771215565503, 9.512724500382319e-05, 0.000193163868971169, 0.00017578611732460558, 0.00020378392946440727, 5.486121153808199e-05, 7.04644771758467e-05, 2.8555090466397814e-05, 1.6239317119470797e-05, 1.6844824131112546e-05, 5.038544622948393e-05, 0.00022637004440184683, 0.00020625581964850426, 0.0004947375273332, 3.5193803341826424e-05, 1.4968903769840836e-06, 8.427218367579314e-10], "lowlevel.barkbands.stdev": [2.9625978186231805e-06, 0.0003375961969140917, 0.0004992067697457969, 0.0010673506185412407, 0.005484436172991991, 0.007069608196616173, 0.009543124586343765, 0.005163078662008047, 0.004337342455983162, 0.0008970277267508209, 0.0007937414920888841, 0.0004913603188470006, 0.0012276888592168689, 0.0009011718793772161, 0.0008338973857462406, 0.00023281696485355496, 0.000185620243428275, 8.152011287165806e-05, 7.569112494820729e-05, 5.804489046568051e-05, 0.00016495810996275395, 0.0008798802737146616, 0.000999224022962153, 0.001971188699826598, 0.00014939896936994046, 8.652673386677634e-06, 2.9311473248583297e-09], "lowlevel.erbbands.mean": [0.0008335235761478543, 0.05416363850235939, 0.3436312675476074, 1.1176676750183105, 12.105452537536621, 10.355152130126953, 12.120265007019043, 33.36005783081055, 67.63369750976562, 39.80079650878906, 35.86349105834961, 20.781084060668945, 14.409130096435547, 9.252854347229004, 5.560487270355225, 4.3950018882751465, 7.817104339599609, 11.442517280578613, 11.629944801330566, 6.146668910980225, 2.910217046737671, 4.050691604614258, 2.113051176071167, 0.6407526135444641, 0.9974408149719238, 0.8265331387519836, 0.8592801690101624, 3.9821577072143555, 8.371889114379883, 6.532569408416748, 5.690932750701904, 10.436031341552734, 7.451511859893799, 0.9118863344192505, 0.09070530533790588, 0.0156919714063406, 0.0014108583563938737, 8.684304339112714e-05, 2.0593739463947713e-05, 2.432915243844036e-05], "lowlevel.erbbands.stdev": [0.0015181737253442407, 0.10876902937889099, 0.6422039270401001, 1.748352289199829, 18.045711517333984, 19.31293296813965, 19.681432723999023, 68.4488296508789, 144.7398681640625, 140.1412353515625, 134.53582763671875, 99.16381072998047, 69.14994049072266, 35.65781784057617, 20.529033660888672, 19.961963653564453, 44.709171295166016, 64.4007797241211, 47.6576042175293, 25.26068115234375, 9.941887855529785, 10.78274917602539, 5.65713357925415, 2.2438876628875732, 4.362618923187256, 2.988783121109009, 2.8086860179901123, 13.320998191833496, 32.320068359375, 28.62246322631836, 26.70462989807129, 42.72791290283203, 30.68867301940918, 3.7395682334899902, 0.3658771514892578, 0.07544834911823273, 0.00843703281134367, 0.00041973014594987035, 4.7497302148258314e-05, 2.8960746931261383e-05], "lowlevel.gfcc.mean": [-129.44175720214844, 132.51768493652344, -111.14894104003906, 16.240591049194336, -92.50680541992188, -5.377921104431152, -62.72896194458008, -17.94074249267578, -14.23510456085205, -21.799570083618164, -10.44405460357666, -12.037071228027344, 2.4996402263641357], "lowlevel.melbands.mean": [2.4119366571540013e-05, 0.00013653479982167482, 0.0005140970461070538, 0.0009046799968928099, 0.000381973892217502, 0.0008491699118167162, 0.0009796692756935954, 0.000369211717043072, 0.0002744098601397127, 0.00012117245933040977, 6.868914351798594e-05, 3.5822642530547455e-05, 2.35077222896507e-05, 9.511121788818855e-06, 1.1519302461238112e-05, 2.2495501980301924e-05, 1.9856204744428396e-05, 1.8424618247081526e-05, 1.0938364539470058e-05, 5.63232924832846e-06, 2.8485744678619085e-06, 4.0734948925091885e-06, 3.6637959510699147e-06, 8.285794024232018e-07, 4.4054726799913624e-07, 6.741336733284697e-07, 7.518917186644103e-07, 4.755769680286903e-07, 3.584613921248092e-07, 9.240968097401492e-07, 2.8497518087533535e-06, 5.108179720991757e-06, 3.955332431360148e-06, 3.5249177017249167e-06, 2.827412799888407e-06, 4.344218723417725e-06, 7.3657943175930995e-06, 6.458378720708424e-06, 1.9242268081143266e-06, 3.4797761827576323e-07], "lowlevel.melbands.stdev": [4.826855365536176e-05, 0.00025442082551307976, 0.0007249455666169524, 0.0012932479148730636, 0.0006349770119413733, 0.001661378308199346, 0.002033361466601491, 0.0012990281684324145, 0.0010460859630256891, 0.0006410482455976307, 0.00034763634903356433, 0.00014080078108236194, 9.462133311899379e-05, 5.6623222917551175e-05, 5.812943709315732e-05, 0.0001417530293110758, 0.00011047234875150025, 7.790802192175761e-05, 4.120911762584001e-05, 2.4809069145703688e-05, 9.306951142207254e-06, 1.1004173757100943e-05, 1.0165303137910087e-05, 2.7838495952892117e-06, 1.7756246961653233e-06, 3.416263552935561e-06, 2.9218122108432e-06, 1.747910800986574e-06, 1.2981342933926499e-06, 3.2418640785181196e-06, 9.644775673223194e-06, 1.9339326172485016e-05, 1.7766704331734218e-05, 1.7470256352680735e-05, 1.4711246876686346e-05, 1.8025157260126434e-05, 3.050570740015246e-05, 2.6576391974231228e-05, 8.632635399408173e-06, 1.392632839269936e-06], "lowlevel.melbands128.mean": [5.537928586818452e-07, 7.492296276723209e-07, 7.635466317879036e-06, 0.00011532827920746058, 0.00019756521214731038, 9.818279067985713e-05, 9.931065142154694e-05, 0.0003981067566201091, 0.0015449976781383157, 0.0010983048705384135, 0.0004297576379030943, 0.00029193414957262576, 0.0004319655417930335, 0.00041694712126627564, 0.0003807932953350246, 0.0013801202876493335, 0.0016915960004553199, 0.0006123989005573094, 0.0005381475202739239, 0.0005316383903846145, 0.00014868042489979416, 0.0002734531299211085, 0.00039721978828310966, 0.00012575453729368746, 0.00012746125867124647, 0.00010606557043502107, 0.000125498219858855, 6.34084572084248e-05, 2.2621314201387577e-05, 3.595590897020884e-05, 4.009921394754201e-05, 3.4428263461450115e-05, 3.063682743231766e-05, 7.852279850339983e-06, 6.839552952442318e-06, 9.50382491282653e-06, 1.5321351384045556e-05, 9.09547452465631e-06, 1.0096431651618332e-05, 1.85862481885124e-05, 2.246418262075167e-05, 3.5062508686678484e-05, 2.0274617781979032e-05, 1.405978764523752e-05, 8.770288332016207e-06, 2.5676610675873235e-05, 2.243262315460015e-05, 6.588226824533194e-06, 9.40583868214162e-06, 8.648567927593831e-06, 3.87022328141029e-06, 4.2993706301786005e-06, 2.9219766020105453e-06, 1.7832176126830745e-06, 3.5854395719070453e-06, 3.883604222210124e-06, 5.249369678494986e-06, 4.681565314967884e-06, 3.2130760700965766e-06, 1.2772808304362115e-06, 7.218519044727145e-07, 4.3220222778472817e-07, 3.300958439922397e-07, 4.977359253643954e-07, 5.094409516459564e-07, 6.149562068458181e-07, 8.580929033996654e-07, 7.543965239165118e-07, 7.095447926985798e-07, 7.974246614139702e-07, 4.811601570509083e-07, 3.146413689592009e-07, 3.1537888389721047e-07, 3.4758463129946904e-07, 4.068990335781564e-07, 7.308022986762808e-07, 1.0802322094605188e-06, 1.7843575506049092e-06, 2.6651896405383013e-06, 4.287102910893736e-06, 5.506832621904323e-06, 5.683461495209485e-06, 4.041718057123944e-06, 4.007331426691962e-06, 3.3125520531029906e-06, 3.987347554357257e-06, 3.3575606721569784e-06, 3.1593619951308938e-06, 2.4522146304661874e-06, 2.8456595373427263e-06, 3.7346644603530876e-06, 4.419720880832756e-06, 5.751926892116899e-06, 7.952125088195316e-06, 8.253955456893891e-06, 7.145719337131595e-06, 7.009167802607408e-06, 4.139307748118881e-06, 1.6279361716442509e-06, 9.913338772093994e-07, 4.263508799340343e-07, 2.838519037595688e-07, 1.6890409426650876e-07, 9.940901435356864e-08, 5.863664753746889e-08, 4.624535421271503e-08, 4.983171919548113e-08, 3.286785599243558e-08, 2.1743531419815554e-08, 1.2281724970364394e-08, 8.816564367464252e-09, 2.7116489054179738e-09, 1.9565662423559615e-09, 1.4404384351962563e-09, 5.301293848347655e-10, 9.760280084147865e-11, 1.0549293209816124e-11, 4.5501458503793835e-12, 3.007531723664414e-12, 2.846965935568435e-12, 2.7631109206227578e-12, 2.7010869669413795e-12, 2.65346707280234e-12, 2.5984167074943887e-12, 2.5116863883872798e-12, 2.388430599131741e-12, 2.318495655878605e-12, 2.2981597094101636e-12], "lowlevel.melbands128.stdev": [1.1125601986350375e-06, 1.5327610753956833e-06, 1.5338375305873342e-05, 0.00023490353487432003, 0.0004023289366159588, 0.00017741571355145425, 0.00029143207939341664, 0.0006945930072106421, 0.0024660341441631317, 0.0017532968195155263, 0.001321685966104269, 0.0008323770598508418, 0.0007857042946852744, 0.0012275069020688534, 0.001210272777825594, 0.003347493475303054, 0.00395238259807229, 0.0022884353529661894, 0.002289589960128069, 0.0023577185347676277, 0.0007129249279387295, 0.001302164513617754, 0.001734613673761487, 0.0006637596525251865, 0.0010180664248764515, 0.0007251151255331933, 0.0010568483266979456, 0.00026167414034716785, 8.443696424365044e-05, 0.00014487249427475035, 0.00024248764384537935, 0.00020102248527109623, 0.00013038488395977765, 5.192203025217168e-05, 6.775587098672986e-05, 8.246640209108591e-05, 8.103524305624887e-05, 6.578093598363921e-05, 8.29766649985686e-05, 0.00015221281500998884, 0.00017554477381054312, 0.00036209492827765644, 0.00013081738143227994, 7.344338519033045e-05, 4.345152046880685e-05, 0.000145912345033139, 0.000111815745185595, 3.729732634383254e-05, 5.620099909720011e-05, 4.90815109515097e-05, 2.547500844229944e-05, 2.2877373339724727e-05, 1.1608406566665508e-05, 8.033751328184735e-06, 1.0412464689579792e-05, 1.40855290737818e-05, 1.890035673568491e-05, 1.623679963813629e-05, 1.0365395610278938e-05, 5.736793355026748e-06, 3.4593144846439827e-06, 1.5670940456402604e-06, 1.0772408813863876e-06, 2.4048888462857576e-06, 3.1736390155856498e-06, 3.5580110306909773e-06, 4.688131411967333e-06, 3.2091331831907155e-06, 2.8832203042838955e-06, 3.259086952311918e-06, 2.1664836822310463e-06, 1.088778731173079e-06, 1.0729244195317733e-06, 1.4016418390383478e-06, 1.8252593463330413e-06, 2.855304728655028e-06, 3.7957850054226583e-06, 7.261769951583119e-06, 9.193237929139286e-06, 1.6221023543039337e-05, 2.109147135342937e-05, 2.339721322641708e-05, 1.8363305571256205e-05, 2.1116862626513466e-05, 1.476946818002034e-05, 1.878895636764355e-05, 2.0388542907312512e-05, 1.9274059013696387e-05, 1.2351498298812658e-05, 1.5517183783231303e-05, 1.7480517271906137e-05, 1.8691593140829355e-05, 2.45521696342621e-05, 3.8664351450279355e-05, 3.365093289176002e-05, 2.9548265956691466e-05, 3.0938899726606905e-05, 1.9132701709168032e-05, 8.19670549390139e-06, 4.884962891082978e-06, 1.7550063375892933e-06, 1.2620382676686859e-06, 7.222903377623879e-07, 4.775494062414509e-07, 3.119347411484341e-07, 2.5783660362321825e-07, 2.468111404141382e-07, 1.7351332814996567e-07, 1.2766726342761103e-07, 8.325378786366855e-08, 6.498321170056442e-08, 2.3491047329571302e-08, 1.767295110255418e-08, 1.9478935797678787e-08, 4.004996778661507e-09, 8.120549788159792e-10, 1.038759425697755e-10, 2.5147975715733573e-11, 5.57520219227059e-12, 5.245321971908412e-12, 5.106109979280404e-12, 4.9915041717973896e-12, 4.891555476643772e-12, 4.804575140515688e-12, 4.7305536224340194e-12, 4.673144683720043e-12, 4.630951438294728e-12, 4.605153931802608e-12], "lowlevel.mfcc.mean": [-772.1903076171875, 152.23680114746094, 26.163410186767578, 5.860275745391846, -3.9157891273498535, -6.945703029632568, -33.30188751220703, -10.348226547241211, -12.890271186828613, -13.980743408203125, -19.200458526611328, -7.850698471069336, -15.71143913269043], "lowlevel.spectral_contrast_coeffs.mean": [-0.5593840479850769, -0.62070631980896, -0.7287321090698242, -0.7892482280731201, -0.7847905158996582, -0.7641481161117554], "lowlevel.spectral_contrast_coeffs.stdev": [0.09960982203483582, 0.09930868446826935, 0.06697613000869751, 0.06011752784252167, 0.050264108926057816, 0.056612804532051086], "lowlevel.spectral_contrast_valleys.mean": [-8.27321720123291, -7.7638115882873535, -8.794687271118164, -9.175713539123535, -9.639248847961426, -11.718823432922363], "lowlevel.spectral_contrast_valleys.stdev": [0.8788616061210632, 0.8350861668586731, 0.7981249690055847, 0.9465586543083191, 1.0174750089645386, 1.5822043418884277], "rhythm.beats_loudness_band_ratio.mean": [0.22029508650302887, 0.527765691280365, 0.33367618918418884, 0.03767221048474312, 0.022458959370851517, 0.10689733922481537], "rhythm.beats_loudness_band_ratio.stdev": [0.19885633885860443, 0.24226193130016327, 0.2445211112499237, 0.044735703617334366, 0.04037799313664436, 0.2362436205148697], "tonal.hpcp.mean": [0.0717739462852478, 0.05352972447872162, 0.027576055377721786, 0.02799176797270775, 0.04962068423628807, 0.07216709852218628, 0.05692286044359207, 0.028890350833535194, 0.01820503920316696, 0.013948208652436733, 0.011172862723469734, 0.014425127767026424, 0.021150121465325356, 0.03617960587143898, 0.133827343583107, 0.2137191742658615, 0.11741580069065094, 0.02164890430867672, 0.020461199805140495, 0.042692795395851135, 0.05484931915998459, 0.035799216479063034, 0.027460847049951553, 0.02752740867435932, 0.024363307282328606, 0.026812240481376648, 0.034852977842092514, 0.04349912703037262, 0.09755521267652512, 0.4630966782569885, 0.6494280695915222, 0.28920796513557434, 0.03941776603460312, 0.028254378587007523, 0.04387953504920006, 0.060543570667505264], "tonal.hpcp.stdev": [0.17704972624778748, 0.16556958854198456, 0.12188973277807236, 0.12335080653429031, 0.16404983401298523, 0.20669025182724, 0.1683615744113922, 0.12769104540348053, 0.09815565496683121, 0.08714780956506729, 0.06770706921815872, 0.087782122194767, 0.11064685136079788, 0.14220595359802246, 0.22171805799007416, 0.3192528188228607, 0.19974035024642944, 0.11230719089508057, 0.09558875113725662, 0.1643708199262619, 0.18074585497379303, 0.1289496272802353, 0.11340872943401337, 0.11682518571615219, 0.11794460564851761, 0.11902828514575958, 0.14762775599956512, 0.156230628490448, 0.21346619725227356, 0.3153490126132965, 0.4042065739631653, 0.27390995621681213, 0.13611510396003723, 0.1195250079035759, 0.1652224361896515, 0.17760732769966125], "rhythm.beats_position": [0.4760090708732605, 0.9636281132698059, 1.4512470960617065, 1.938866138458252, 2.426485300064087, 2.9141042232513428, 3.5178229808807373, 4.109931945800781, 4.713650703430176, 5.31736946105957, 5.921088218688965, 6.524806976318359, 7.128525733947754, 7.790294647216797, 8.46367359161377, 9.137051582336426, 9.822040557861328, 10.472199440002441, 11.133968353271484, 11.795736312866211, 12.469115257263184, 13.142494201660156, 13.79265308380127, 14.442811965942383, 15.011700630187988, 15.592199325561523, 16.161088943481445, 16.718366622924805, 17.287256240844727, 17.856143951416016, 18.413423538208008, 18.95909309387207, 19.5047607421875, 20.038820266723633, 20.572879791259766, 21.223037719726562, 21.884807586669922, 22.53496551513672, 23.196733474731445, 23.846893310546875, 24.5086612701416, 25.15882110595703, 25.75092887878418, 26.35464859008789, 26.95836639404297, 27.56208610534668, 28.165803909301758, 28.71147346496582, 29.257143020629883, 29.744760513305664, 30.232379913330078, 30.708389282226562, 31.184398651123047, 31.66040802001953, 32.136417388916016, 32.6124267578125, 33.088436126708984, 33.576053619384766, 34.06367111206055, 34.551292419433594, 35.038909912109375, 35.52653121948242, 36.06058883666992, 36.59464645385742, 37.12870788574219, 37.65115737915039, 38.17360305786133, 38.707664489746094, 39.276554107666016], "rhythm.bpm_histogram": [0.0, 0.0, 0.0, 0.0, 0.0, 0.0, 0.0, 0.0, 0.0, 0.0, 0.0, 0.0, 0.0, 0.0, 0.0, 0.0, 0.0, 0.0, 0.0, 0.0, 0.0, 0.0, 0.0, 0.0, 0.0, 0.0, 0.0, 0.0, 0.0, 0.0, 0.0, 0.0, 0.0, 0.0, 0.0, 0.0, 0.0, 0.0, 0.0, 0.0, 0.0, 0.0, 0.0, 0.0, 0.0, 0.0, 0.0, 0.0, 0.0, 0.0, 0.0, 0.0, 0.0, 0.0, 0.0, 0.0, 0.0, 0.0, 0.0, 0.0, 0.0, 0.0, 0.0, 0.0, 0.0, 0.0, 0.0, 0.0, 0.0, 0.0, 0.0, 0.0, 0.0, 0.0, 0.0, 0.0, 0.0, 0.0, 0.0, 0.0, 0.0, 0.0, 0.0, 0.0, 0.0, 0.0, 0.0, 0.0, 0.014705882407724857, 0.05882352963089943, 0.0, 0.0882352963089943, 0.10294117778539658, 0.0, 0.0, 0.0, 0.0, 0.0, 0.0, 0.14705882966518402, 0.0, 0.029411764815449715, 0.0, 0.014705882407724857, 0.0, 0.07352941483259201, 0.0, 0.0, 0.029411764815449715, 0.0, 0.05882352963089943, 0.0, 0.0882352963089943, 0.0, 0.0, 0.029411764815449715, 0.0, 0.0, 0.0, 0.0, 0.0, 0.0, 0.0, 0.1764705926179886, 0.0, 0.0, 0.0882352963089943, 0.0, 0.0, 0.0, 0.0, 0.0, 0.0, 0.0, 0.0, 0.0, 0.0, 0.0, 0.0, 0.0, 0.0, 0.0, 0.0, 0.0, 0.0, 0.0, 0.0, 0.0, 0.0, 0.0, 0.0, 0.0, 0.0, 0.0, 0.0, 0.0, 0.0, 0.0, 0.0, 0.0, 0.0, 0.0, 0.0, 0.0, 0.0, 0.0, 0.0, 0.0, 0.0, 0.0, 0.0, 0.0, 0.0, 0.0, 0.0, 0.0, 0.0, 0.0, 0.0, 0.0, 0.0, 0.0, 0.0, 0.0, 0.0, 0.0, 0.0, 0.0, 0.0, 0.0, 0.0, 0.0, 0.0, 0.0, 0.0, 0.0, 0.0, 0.0, 0.0, 0.0, 0.0, 0.0, 0.0, 0.0, 0.0, 0.0, 0.0, 0.0, 0.0, 0.0, 0.0, 0.0, 0.0, 0.0, 0.0, 0.0, 0.0, 0.0, 0.0, 0.0, 0.0, 0.0, 0.0, 0.0, 0.0, 0.0, 0.0, 0.0, 0.0, 0.0, 0.0, 0.0, 0.0, 0.0, 0.0, 0.0, 0.0, 0.0, 0.0, 0.0, 0.0, 0.0, 0.0, 0.0, 0.0, 0.0, 0.0, 0.0, 0.0, 0.0], "tonal.chords_histogram": [62.38425827026367, 0.0, 6.134259223937988, 6.018518447875977, 0.11574073880910873, 0.0, 0.0, 0.46296295523643494, 0.0, 0.0, 4.166666507720947, 0.0, 0.0, 0.0, 0.0, 0.0, 0.0, 19.675926208496094, 0.0, 0.0, 0.0, 0.0, 0.0, 1.0416666269302368], "tonal.thpcp": [1.0, 0.44532716274261475, 0.06069612130522728, 0.04350655525922775, 0.06756642460823059, 0.09322598576545715, 0.11051870137453079, 0.08242595195770264, 0.0424620620906353, 0.04310218244791031, 0.07640674710273743, 0.11112408339977264, 0.08765075355768204, 0.04448583722114563, 0.028032418340444565, 0.021477680653333664, 0.017204158008098602, 0.02221204899251461, 0.032567303627729416, 0.055709950625896454, 0.20606954395771027, 0.3290883004665375, 0.18079878389835358, 0.03333533927798271, 0.0315064899623394, 0.06573906540870667, 0.0844578817486763, 0.05512421950697899, 0.04228466376662254, 0.04238715395331383, 0.03751502186059952, 0.0412859283387661, 0.05366718769073486, 0.06698066741228104, 0.15021711587905884, 0.7130838632583618], "lowlevel.gfcc.cov": [[7882.7734375, -2593.2724609375, -864.5120239257812, 986.76806640625, -1623.4329833984375, 848.1885375976562, -433.4637451171875, -272.78253173828125, 428.4275817871094, 59.875484466552734, 10.620698928833008, -552.5267333984375, -223.32884216308594], [-2593.2724609375, 2818.7109375, -183.12155151367188, -826.97412109375, 1167.0423583984375, -692.5635986328125, 329.7076721191406, 58.84513854980469, 73.57674407958984, -159.42576599121094, 176.16566467285156, 71.7833251953125, 21.207172393798828], [-864.5120239257812, -183.12155151367188, 875.2987060546875, 244.9691619873047, 55.32599639892578, 198.49697875976562, 84.6115951538086, 27.238149642944336, -115.67529296875, 92.1660385131836, -17.26993179321289, 161.065673828125, 40.97616958618164], [986.76806640625, -826.97412109375, 244.9691619873047, 748.4004516601562, -242.25733947753906, 268.5882873535156, -47.31133270263672, -33.918575286865234, 53.059532165527344, 73.44673919677734, -14.432389259338379, -8.1851806640625, 23.974414825439453], [-1623.4329833984375, 1167.0423583984375, 55.32599639892578, -242.25733947753906, 776.8799438476562, -256.2744445800781, 133.15431213378906, 125.41699981689453, -16.959476470947266, -8.156598091125488, 25.742053985595703, 81.51509857177734, 24.502683639526367], [848.1885375976562, -692.5635986328125, 198.49697875976562, 268.5882873535156, -256.2744445800781, 507.45904541015625, 31.83039665222168, -1.807671308517456, 7.179542541503906, 114.35834503173828, -46.30219650268555, -35.08971405029297, -47.9239501953125], [-433.4637451171875, 329.7076721191406, 84.6115951538086, -47.31133270263672, 133.15431213378906, 31.83039665222168, 283.8625183105469, 81.53189849853516, 1.1384671926498413, 42.049930572509766, 37.222991943359375, 57.13215255737305, -41.77137756347656], [-272.78253173828125, 58.84513854980469, 27.238149642944336, -33.918575286865234, 125.41699981689453, -1.807671308517456, 81.53189849853516, 226.4644317626953, -3.891162157058716, 54.77872848510742, -19.316631317138672, 16.964506149291992, -18.324644088745117], [428.4275817871094, 73.57674407958984, -115.67529296875, 53.059532165527344, -16.959476470947266, 7.179542541503906, 1.1384671926498413, -3.891162157058716, 190.52247619628906, 36.106842041015625, 35.43865203857422, -44.324424743652344, -30.069473266601562], [59.875484466552734, -159.42576599121094, 92.1660385131836, 73.44673919677734, -8.156598091125488, 114.35834503173828, 42.049930572509766, 54.77872848510742, 36.106842041015625, 162.76173400878906, 7.0192413330078125, 9.545531272888184, -35.85316848754883], [10.620698928833008, 176.16566467285156, -17.26993179321289, -14.432389259338379, 25.742053985595703, -46.30219650268555, 37.222991943359375, -19.316631317138672, 35.43865203857422, 7.0192413330078125, 134.86087036132812, 21.49744415283203, -21.40668296813965], [-552.5267333984375, 71.7833251953125, 161.065673828125, -8.1851806640625, 81.51509857177734, -35.08971405029297, 57.13215255737305, 16.964506149291992, -44.324424743652344, 9.545531272888184, 21.49744415283203, 150.17630004882812, 41.21145248413086], [-223.32884216308594, 21.207172393798828, 40.97616958618164, 23.974414825439453, 24.502683639526367, -47.9239501953125, -41.77137756347656, -18.324644088745117, -30.069473266601562, -35.85316848754883, -21.40668296813965, 41.21145248413086, 119.38070678710938]], "lowlevel.gfcc.icov": [[0.0004868425603490323, -0.0001307673956034705, 0.00045350598520599306, -0.0004776818968821317, 0.000743375567253679, -0.0005545899039134383, 0.0003990096738561988, -0.00014160740829538554, -0.000366584601579234, 0.00016553016030229628, -0.0002571484073996544, 0.0004921503132209182, 0.0003582881763577461], [-0.0001307673956034705, 0.003918434493243694, -0.0008703373023308814, 0.0025121415965259075, -0.004620303399860859, 0.0018605398945510387, -0.003487229347229004, 0.0020619966089725494, -0.002456230577081442, 0.00202189851552248, -0.0023362438660115004, 0.002705350751057267, -0.0017192275263369083], [0.00045350598520599306, -0.0008703373023308814, 0.0025783670134842396, -0.0014670800883322954, 0.0011962546268478036, -0.0014924723654985428, 0.0009327161824330688, -0.00031347916228696704, 0.00119808129966259, -0.0008834840264171362, 0.00035738947917707264, -0.0018834011862054467, 0.000596890109591186], [-0.0004776818968821317, 0.0025121415965259075, -0.0014670800883322954, 0.0039480519481003284, -0.0030669509433209896, 0.0008808347629383206, -0.002176812617108226, 0.0013451924314722419, -0.0020653794053941965, 0.0009663364035077393, -0.0014283806085586548, 0.0015173463616520166, -0.0022112177684903145], [0.000743375567253679, -0.004620303399860859, 0.0011962546268478036, -0.0030669509433209896, 0.008176758885383606, -0.001795473974198103, 0.0037540909834206104, -0.0032567705493420362, 0.002103825332596898, -0.002277813386172056, 0.002409981098026037, -0.0025500343181192875, 0.001989611890166998], [-0.0005545899039134383, 0.0018605398945510387, -0.0014924723654985428, 0.0008808347629383206, -0.001795473974198103, 0.005224153399467468, -0.0028636616189032793, 0.0013635432114824653, -0.0004430870176292956, -0.0011108265025541186, 0.0004675760574173182, 0.0018181420164182782, -0.0003486335335765034], [0.0003990096738561988, -0.003487229347229004, 0.0009327161824330688, -0.002176812617108226, 0.0037540909834206104, -0.0028636616189032793, 0.008454961702227592, -0.003169469768181443, 0.001696116873063147, -0.001410577679052949, 0.0007632027845829725, -0.0040488773956894875, 0.003572867251932621], [-0.00014160740829538554, 0.0020619966089725494, -0.00031347916228696704, 0.0013451924314722419, -0.0032567705493420362, 0.0013635432114824653, -0.003169469768181443, 0.00703505938872695, -0.0008777573821134865, -0.0010396118741482496, 0.00039025151636451483, 0.0012933212565258145, -0.0005168679635971785], [-0.000366584601579234, -0.002456230577081442, 0.00119808129966259, -0.0020653794053941965, 0.002103825332596898, -0.0004430870176292956, 0.001696116873063147, -0.0008777573821134865, 0.009139969944953918, -0.003477368736639619, 0.00010722170554799959, -0.000775451771914959, 0.0011479000095278025], [0.00016553016030229628, 0.00202189851552248, -0.0008834840264171362, 0.0009663364035077393, -0.002277813386172056, -0.0011108265025541186, -0.001410577679052949, -0.0010396118741482496, -0.003477368736639619, 0.010600312612950802, -0.0018957554129883647, 0.0005102165159769356, 0.0012197276810184121], [-0.0002571484073996544, -0.0023362438660115004, 0.00035738947917707264, -0.0014283806085586548, 0.002409981098026037, 0.0004675760574173182, 0.0007632027845829725, 0.00039025151636451483, 0.00010722170554799959, -0.0018957554129883647, 0.011119515635073185, -0.00408078683540225, 0.0029784319922327995], [0.0004921503132209182, 0.002705350751057267, -0.0018834011862054467, 0.0015173463616520166, -0.0025500343181192875, 0.0018181420164182782, -0.0040488773956894875, 0.0012933212565258145, -0.000775451771914959, 0.0005102165159769356, -0.00408078683540225, 0.014132085256278515, -0.004835464060306549], [0.0003582881763577461, -0.0017192275263369083, 0.000596890109591186, -0.0022112177684903145, 0.001989611890166998, -0.0003486335335765034, 0.003572867251932621, -0.0005168679635971785, 0.0011479000095278025, 0.0012197276810184121, 0.0029784319922327995, -0.004835464060306549, 0.013072686269879341]], "lowlevel.mfcc.cov": [[9412.7978515625, -3860.916748046875, 534.1943969726562, -682.2911376953125, -609.4400024414062, 343.86181640625, -696.3978271484375, -235.113037109375, -120.64885711669922, 360.084228515625, 224.1203155517578, 348.50244140625, -395.94256591796875], [-3860.916748046875, 3807.101806640625, -1220.1256103515625, 249.06512451171875, 334.3385009765625, -350.2991943359375, 273.28216552734375, 190.91453552246094, -9.54362678527832, -114.87065887451172, 107.95487213134766, -40.68986892700195, 182.2093963623047], [534.1943969726562, -1220.1256103515625, 1119.4373779296875, 24.111238479614258, -52.399879455566406, 339.31353759765625, 67.50614166259766, 8.62090015411377, 57.055320739746094, 16.518342971801758, -27.955894470214844, 27.70354461669922, 42.13087844848633], [-682.2911376953125, 249.06512451171875, 24.111238479614258, 507.8875732421875, 166.8967742919922, 10.543006896972656, 73.32073211669922, 71.78944396972656, 44.376182556152344, 10.370330810546875, -54.172767639160156, -11.578211784362793, 122.9962158203125], [-609.4400024414062, 334.3385009765625, -52.399879455566406, 166.8967742919922, 345.13873291015625, 16.431032180786133, 50.9114990234375, 2.6202473640441895, 55.72624206542969, 28.892051696777344, -35.42964553833008, -29.684720993041992, 37.41624450683594], [343.86181640625, -350.2991943359375, 339.31353759765625, 10.543006896972656, 16.431032180786133, 364.2880554199219, 57.55146789550781, 25.253870010375977, 45.919002532958984, 30.390880584716797, 65.77526092529297, 85.79049682617188, 37.82884216308594], [-696.3978271484375, 273.28216552734375, 67.50614166259766, 73.32073211669922, 50.9114990234375, 57.55146789550781, 299.0062255859375, 93.1226806640625, 57.05116271972656, 17.35269546508789, 70.0822525024414, 31.74584197998047, 60.607975006103516], [-235.113037109375, 190.91453552246094, 8.62090015411377, 71.78944396972656, 2.6202473640441895, 25.253870010375977, 93.1226806640625, 175.9944610595703, 34.063392639160156, 16.606494903564453, 62.83268737792969, 35.08366394042969, 51.66370391845703], [-120.64885711669922, -9.54362678527832, 57.055320739746094, 44.376182556152344, 55.72624206542969, 45.919002532958984, 57.05116271972656, 34.063392639160156, 188.90615844726562, 59.42320251464844, 38.88352966308594, 11.11817455291748, 29.34601593017578], [360.084228515625, -114.87065887451172, 16.518342971801758, 10.370330810546875, 28.892051696777344, 30.390880584716797, 17.35269546508789, 16.606494903564453, 59.42320251464844, 164.4245147705078, 88.51725006103516, 46.651119232177734, 13.334139823913574], [224.1203155517578, 107.95487213134766, -27.955894470214844, -54.172767639160156, -35.42964553833008, 65.77526092529297, 70.0822525024414, 62.83268737792969, 38.88352966308594, 88.51725006103516, 246.25877380371094, 104.90586853027344, 26.60426139831543], [348.50244140625, -40.68986892700195, 27.70354461669922, -11.578211784362793, -29.684720993041992, 85.79049682617188, 31.74584197998047, 35.08366394042969, 11.11817455291748, 46.651119232177734, 104.90586853027344, 182.13986206054688, 48.586631774902344], [-395.94256591796875, 182.2093963623047, 42.13087844848633, 122.9962158203125, 37.41624450683594, 37.82884216308594, 60.607975006103516, 51.66370391845703, 29.34601593017578, 13.334139823913574, 26.60426139831543, 48.586631774902344, 162.25779724121094]], "lowlevel.mfcc.icov": [[0.00032510593882761896, 0.0002987068146467209, 0.00018650954007171094, 5.983608207316138e-05, 0.0001353347470285371, -0.00015694007743149996, 0.0004667468601837754, -0.00011178516433574259, 0.0001635666994843632, -0.0004382148035801947, -0.00015028785855975002, -0.00046162173384800553, 0.0004000337503384799], [0.0002987068146467209, 0.0009143053321167827, 0.0008304261136800051, 7.167576404754072e-05, -0.0003617911133915186, -2.1111249225214124e-05, -1.2380450243654195e-05, -0.00041511948802508414, 0.00023434552713297307, 0.00028069832478649914, -0.0005407507414929569, -0.0001581085816724226, -0.0002720732882153243], [0.00018650954007171094, 0.0008304261136800051, 0.0021759620867669582, 2.651682370924391e-05, 7.988170546013862e-05, -0.001372518134303391, -0.0004326639464125037, -0.0002964984450954944, -6.1403793552017305e-06, 0.00013154034968465567, 0.00018034329696092755, 0.0003253582108300179, -0.0006416196119971573], [5.983608207316138e-05, 7.167576404754072e-05, 2.651682370924391e-05, 0.0030918095726519823, -0.0010961785446852446, 4.0136637835530564e-05, -4.0180770156439394e-05, -0.001025603385642171, 2.802332346618641e-05, -0.000416088878409937, 0.0009923871839419007, 0.00013415965077001601, -0.001873822882771492], [0.0001353347470285371, -0.0003617911133915186, 7.988170546013862e-05, -0.0010961785446852446, 0.004391956143081188, -0.0008359903004020452, -8.657886792207137e-05, 0.0008545111049897969, -0.0007199080428108573, -0.001564093166962266, 0.000960826815571636, 0.0002957568212877959, 0.0005017411313019693], [-0.00015694007743149996, -2.1111249225214124e-05, -0.001372518134303391, 4.0136637835530564e-05, -0.0008359903004020452, 0.00475420244038105, -0.00039873787318356335, 8.72583914315328e-05, -0.00045868687448091805, 0.0008333775331266224, -0.0008874068153090775, -0.0014260879252105951, -0.00024076332920230925], [0.0004667468601837754, -1.2380450243654195e-05, -0.0004326639464125037, -4.0180770156439394e-05, -8.657886792207137e-05, -0.00039873787318356335, 0.005517330951988697, -0.0016492115100845695, -0.0004781871393788606, -0.0004060145001858473, -0.0010745368199422956, -0.0006475325208157301, 0.00036275715683586895], [-0.00011178516433574259, -0.00041511948802508414, -0.0002964984450954944, -0.001025603385642171, 0.0008545111049897969, 8.72583914315328e-05, -0.0016492115100845695, 0.008097894489765167, -0.0006917635328136384, 0.00030792984762229025, -0.001332780346274376, -0.00013597770885098726, -0.0007729135686531663], [0.0001635666994843632, 0.00023434552713297307, -6.1403793552017305e-06, 2.802332346618641e-05, -0.0007199080428108573, -0.00045868687448091805, -0.0004781871393788606, -0.0006917635328136384, 0.006804254371672869, -0.0022455023135989904, -0.00036619120510295033, 0.000522655202075839, -0.0003543981001712382], [-0.0004382148035801947, 0.00028069832478649914, 0.00013154034968465567, -0.000416088878409937, -0.001564093166962266, 0.0008333775331266224, -0.0004060145001858473, 0.00030792984762229025, -0.0022455023135989904, 0.010092630982398987, -0.0033646775409579277, -9.770867472980171e-05, -0.0007256385870277882], [-0.00015028785855975002, -0.0005407507414929569, 0.00018034329696092755, 0.0009923871839419007, 0.000960826815571636, -0.0008874068153090775, -0.0010745368199422956, -0.001332780346274376, -0.00036619120510295033, -0.0033646775409579277, 0.008037162013351917, -0.002533608814701438, 3.608836777857505e-05], [-0.00046162173384800553, -0.0001581085816724226, 0.0003253582108300179, 0.00013415965077001601, 0.0002957568212877959, -0.0014260879252105951, -0.0006475325208157301, -0.00013597770885098726, 0.000522655202075839, -9.770867472980171e-05, -0.002533608814701438, 0.009430364705622196, -0.0030805515125393867], [0.0004000337503384799, -0.0002720732882153243, -0.0006416196119971573, -0.001873822882771492, 0.0005017411313019693, -0.00024076332920230925, 0.00036275715683586895, -0.0007729135686531663, -0.0003543981001712382, -0.0007256385870277882, 3.608836777857505e-05, -0.0030805515125393867, 0.010123022831976414]], "metadata.audio_properties.analysis.downmix"