{"song_id": "1183711300904300554", "download": "https://cdn.discordapp.com/attachments/1135911532732108921/1183711300904300554/chirp.mp4?ex=6589540e&amp", "lyrics": "[Ponte] \nNum brinde ao tempo, eterno companheiro, Renovamos votos, com o cora\u00e7\u00e3o verdadeiro. Por dias melhores, por um amor mais intenso, Caminhamos lado a lado, com o cora\u00e7\u00e3o imenso.", "style": ["romantic"], "essentia_features": {"lowlevel.average_loudness": 0.984052836894989, "lowlevel.barkbands_crest.mean": 13.643972396850586, "lowlevel.barkbands_crest.stdev": 3.7087299823760986, "lowlevel.barkbands_flatness_db.mean": 0.3161953389644623, "lowlevel.barkbands_flatness_db.stdev": 0.0841590017080307, "lowlevel.barkbands_kurtosis.mean": 32.70442581176758, "lowlevel.barkbands_kurtosis.stdev": 42.12108612060547, "lowlevel.barkbands_skewness.mean": 3.7793564796447754, "lowlevel.barkbands_skewness.stdev": 2.2076261043548584, "lowlevel.barkbands_spread.mean": 10.300634384155273, "lowlevel.barkbands_spread.stdev": 10.834834098815918, "lowlevel.dissonance.mean": 0.43058323860168457, "lowlevel.dissonance.stdev": 0.050155434757471085, "lowlevel.dynamic_complexity": 1.062153935432434, "lowlevel.erbbands_crest.mean": 12.993622779846191, "lowlevel.erbbands_crest.stdev": 4.441367149353027, "lowlevel.erbbands_flatness_db.mean": 0.2221202254295349, "lowlevel.erbbands_flatness_db.stdev": 0.05081331729888916, "lowlevel.erbbands_kurtosis.mean": 5.867680549621582, "lowlevel.erbbands_kurtosis.stdev": 12.388976097106934, "lowlevel.erbbands_skewness.mean": 1.1489207744598389, "lowlevel.erbbands_skewness.stdev": 1.983498454093933, "lowlevel.erbbands_spread.mean": 41.824581146240234, "lowlevel.erbbands_spread.stdev": 33.685569763183594, "lowlevel.hfc.mean": 20.98724365234375, "lowlevel.hfc.stdev": 14.540711402893066, "lowlevel.loudness_ebu128.integrated": -13.783782958984375, "lowlevel.loudness_ebu128.loudness_range": 0.9134235382080078, "lowlevel.loudness_ebu128.momentary.mean": -13.837443351745605, "lowlevel.loudness_ebu128.momentary.stdev": 0.6813843250274658, "lowlevel.loudness_ebu128.short_term.mean": -13.759085655212402, "lowlevel.loudness_ebu128.short_term.stdev": 0.31630218029022217, "lowlevel.melbands_crest.mean": 21.266265869140625, "lowlevel.melbands_crest.stdev": 4.778534889221191, "lowlevel.melbands_flatness_db.mean": 0.40411314368247986, "lowlevel.melbands_flatness_db.stdev": 0.09970508515834808, "lowlevel.melbands_kurtosis.mean": 75.62923431396484, "lowlevel.melbands_kurtosis.stdev": 94.91094970703125, "lowlevel.melbands_skewness.mean": 5.543827056884766, "lowlevel.melbands_skewness.stdev": 3.168896198272705, "lowlevel.melbands_spread.mean": 7.092085838317871, "lowlevel.melbands_spread.stdev": 7.555640697479248, "lowlevel.pitch_salience.mean": 0.32290053367614746, "lowlevel.pitch_salience.stdev": 0.10503004491329193, "lowlevel.silence_rate_20dB.mean": 1.0, "lowlevel.silence_rate_20dB.stdev": 0.0, "lowlevel.silence_rate_30dB.mean": 0.9527458548545837, "lowlevel.silence_rate_30dB.stdev": 0.21218204498291016, "lowlevel.silence_rate_60dB.mean": 0.0012771391775459051, "lowlevel.silence_rate_60dB.stdev": 0.03571395203471184, "lowlevel.spectral_centroid.mean": 631.0847778320312, "lowlevel.spectral_centroid.stdev": 513.2131958007812, "lowlevel.spectral_complexity.mean": 8.697318077087402, "lowlevel.spectral_complexity.stdev": 4.90513277053833, "lowlevel.spectral_decrease.mean": -1.796750837002037e-08, "lowlevel.spectral_decrease.stdev": 5.159610516614066e-09, "lowlevel.spectral_energy.mean": 0.06971707940101624, "lowlevel.spectral_energy.stdev": 0.01995021104812622, "lowlevel.spectral_energyband_high.mean": 0.0007064260425977409, "lowlevel.spectral_energyband_high.stdev": 0.0015036921249702573, "lowlevel.spectral_energyband_low.mean": 0.053968094289302826, "lowlevel.spectral_energyband_low.stdev": 0.018539996817708015, "lowlevel.spectral_energyband_middle_high.mean": 0.0038688380736857653, "lowlevel.spectral_energyband_middle_high.stdev": 0.005028140265494585, "lowlevel.spectral_energyband_middle_low.mean": 0.017888616770505905, "lowlevel.spectral_energyband_middle_low.stdev": 0.00958455540239811, "lowlevel.spectral_entropy.mean": 6.244068145751953, "lowlevel.spectral_entropy.stdev": 0.802970290184021, "lowlevel.spectral_flux.mean": 0.06036045774817467, "lowlevel.spectral_flux.stdev": 0.03484703227877617, "lowlevel.spectral_kurtosis.mean": 10.405718803405762, "lowlevel.spectral_kurtosis.stdev": 12.049992561340332, "lowlevel.spectral_rms.mean": 0.008152475580573082, "lowlevel.spectral_rms.stdev": 0.0012465111212804914, "lowlevel.spectral_rolloff.mean": 472.35577392578125, "lowlevel.spectral_rolloff.stdev": 692.4400634765625, "lowlevel.spectral_skewness.mean": 2.393853187561035, "lowlevel.spectral_skewness.stdev": 1.1988784074783325, "lowlevel.spectral_spread.mean": 4595684.5, "lowlevel.spectral_spread.stdev": 2141890.75, "lowlevel.spectral_strongpeak.mean": 0.9729900360107422, "lowlevel.spectral_strongpeak.stdev": 0.4548971354961395, "lowlevel.zerocrossingrate.mean": 0.02260623686015606, "lowlevel.zerocrossingrate.stdev": 0.018575962632894516, "metadata.audio_properties.analysis.equal_loudness": 0.0, "metadata.audio_properties.analysis.length": 18.154647827148438, "metadata.audio_properties.analysis.sample_rate": 44100.0, "metadata.audio_properties.analysis.start_time": 0.0, "metadata.audio_properties.bit_rate": 113551.0, "metadata.audio_properties.length": 18.154666900634766, "metadata.audio_properties.lossless": 0.0, "metadata.audio_properties.number_channels": 1.0, "metadata.audio_properties.replay_gain": -10.061700820922852, "metadata.audio_properties.sample_rate": 48000.0, "rhythm.beats_count": 31.0, "rhythm.beats_loudness.mean": 0.07436379790306091, "rhythm.beats_loudness.stdev": 0.023348074406385422, "rhythm.bpm": 106.3670883178711, "rhythm.bpm_histogram_first_peak_bpm": 105.0, "rhythm.bpm_histogram_first_peak_weight": 0.5833333134651184, "rhythm.bpm_histogram_second_peak_bpm": 110.0, "rhythm.bpm_histogram_second_peak_spread": 0.0, "rhythm.bpm_histogram_second_peak_weight": 0.13333334028720856, "rhythm.danceability": 1.2928416728973389, "rhythm.onset_rate": 3.852585792541504, "tonal.chords_changes_rate": 0.0535714291036129, "tonal.chords_number_rate": 0.01785714365541935, "tonal.chords_strength.mean": 0.4777369201183319, "tonal.chords_strength.stdev": 0.08307475596666336, "tonal.hpcp_crest.mean": 15.414281845092773, "tonal.hpcp_crest.stdev": 5.486022472381592, "tonal.hpcp_entropy.mean": 1.571913480758667, "tonal.hpcp_entropy.stdev": 0.552113950252533, "tonal.key_edma.strength": 0.8125447630882263, "tonal.key_krumhansl.strength": 0.8092463612556458, "tonal.key_temperley.strength": 0.8003085851669312, "tonal.tuning_diatonic_strength": 0.6081986427307129, "tonal.tuning_equal_tempered_deviation": 0.04709027707576752, "tonal.tuning_frequency": 438.7310485839844, "tonal.tuning_nontempered_energy_ratio": 0.6382958889007568, "lowlevel.barkbands.mean": [3.216429104213603e-05, 0.012885769829154015, 0.03439640626311302, 0.0077859340235590935, 0.006503603886812925, 0.001514393137767911, 0.00020911857427563518, 0.0006369382608681917, 0.0010462391655892134, 0.0006613534060306847, 0.000335199962137267, 0.0005194339319132268, 0.00022383844770956784, 0.0002666738582774997, 0.00046396529069170356, 0.0003579703043214977, 0.0008620463777333498, 0.00024861868587322533, 3.661353912320919e-05, 0.00015631118731107563, 0.0001822067570174113, 7.198058301582932e-05, 0.00013180838141124696, 6.904856127221137e-05, 0.00010464007209520787, 1.4894715604896192e-05, 3.0499565095709613e-09], "lowlevel.barkbands.stdev": [5.154742393642664e-05, 0.013590301387012005, 0.013431145809590816, 0.00598944304510951, 0.006117288023233414, 0.0025338081177324057, 0.0007432947168126702, 0.0015680233482271433, 0.0031058478634804487, 0.002153039211407304, 0.0010126514825969934, 0.0015693778404965997, 0.0008316352614201605, 0.0009522944455966353, 0.001489562331698835, 0.0011209076037630439, 0.002438515657559037, 0.0005490373587235808, 9.917223360389471e-05, 0.0002701827615965158, 0.00043305690633133054, 0.0003399771230760962, 0.0005509367911145091, 0.00019106284889858216, 0.00020687974756583571, 5.606669947155751e-05, 9.5295709101606e-09], "lowlevel.erbbands.mean": [0.06303363293409348, 4.302099227905273, 33.6112060546875, 39.67008972167969, 19.07068634033203, 20.787771224975586, 22.77432632446289, 7.038875579833984, 2.174677610397339, 6.19199800491333, 19.259174346923828, 24.415639877319336, 18.337940216064453, 22.217775344848633, 14.35275936126709, 23.213863372802734, 10.10280704498291, 15.54486083984375, 24.090591430664062, 18.74009132385254, 31.464683532714844, 32.29203414916992, 19.69976806640625, 5.001105785369873, 1.7418218851089478, 6.993378639221191, 11.789839744567871, 3.2007548809051514, 2.6102232933044434, 3.8302371501922607, 3.4207727909088135, 1.3233853578567505, 1.4687095880508423, 1.6182441711425781, 0.4362362027168274, 0.12212038785219193, 0.018235381692647934, 0.0007964467513374984, 5.8763427659869194e-05, 8.062800770858303e-05], "lowlevel.erbbands.stdev": [0.05772533640265465, 4.05849552154541, 15.359731674194336, 26.160295486450195, 19.140064239501953, 24.35315704345703, 31.857200622558594, 13.858497619628906, 9.305059432983398, 18.67535400390625, 43.626060485839844, 79.35482788085938, 69.27020263671875, 60.09967041015625, 33.20567321777344, 68.39479064941406, 31.50983238220215, 52.71495819091797, 85.29440307617188, 51.67453384399414, 83.1565933227539, 84.1019515991211, 46.2462158203125, 10.286812782287598, 3.421407461166382, 10.94678020477295, 21.21983528137207, 13.043219566345215, 12.579727172851562, 17.05666160583496, 14.272310256958008, 4.87594747543335, 3.53153657913208, 2.874770164489746, 1.1696455478668213, 0.42636212706565857, 0.07494595646858215, 0.0033784806728363037, 9.002216393128037e-05, 2.405839040875435e-05], "lowlevel.gfcc.mean": [-51.65399932861328, 123.22811126708984, -71.0553207397461, 56.131858825683594, -33.511783599853516, 22.78636932373047, -39.78058624267578, 8.340203285217285, -41.472713470458984, -16.439289093017578, -17.375629425048828, -22.481334686279297, 4.782204627990723], "lowlevel.melbands.mean": [0.0018652171129360795, 0.013551244512200356, 0.00606385525316, 0.001309464918449521, 0.000851579534355551, 0.00017972651403397322, 3.349582038936205e-05, 7.260750862769783e-05, 0.00017436541384086013, 0.00014422486128751189, 8.793787128524855e-05, 9.118555317400023e-05, 5.0761638703988865e-05, 5.864771082997322e-05, 4.1862804209813476e-05, 2.0757404854521155e-05, 2.6568382963887416e-05, 3.783903594012372e-05, 2.6636758775566705e-05, 2.2983278540777974e-05, 4.6033957914914936e-05, 3.671154991025105e-05, 2.8918209864059463e-05, 1.3034207768214401e-05, 2.663630084498436e-06, 9.873846238406259e-07, 1.4625494486608659e-06, 5.583218353422126e-06, 9.131646038440522e-06, 4.051927589898696e-06, 1.0631124496285338e-06, 1.483841174376721e-06, 1.397345158693497e-06, 2.525513991713524e-06, 2.176915131713031e-06, 1.2028481251036283e-06, 6.627050765928288e-07, 8.831958666633e-07, 1.3550012454288662e-06, 1.4017163039170555e-06], "lowlevel.melbands.stdev": [0.001960869412869215, 0.006152704823762178, 0.0034499058965593576, 0.0013106086989864707, 0.0010090888245031238, 0.0003346337180119008, 0.00013476934691425413, 0.00019852495461236686, 0.0003977275046054274, 0.00044892780715599656, 0.0003429563366807997, 0.00026561610866338015, 0.0001434540463378653, 0.0002024107234319672, 0.0001452956348657608, 6.155661685625091e-05, 0.00010208735329797491, 0.00014829506108071655, 9.78103416855447e-05, 8.263120980700478e-05, 0.00013535059406422079, 0.0001007511091302149, 9.137235610978678e-05, 2.860316635633353e-05, 6.784860033803852e-06, 2.3964112187968567e-06, 2.9920552151452284e-06, 9.322837286163121e-06, 1.5574512872262858e-05, 1.3687415048480034e-05, 5.81861104365089e-06, 7.755325896141585e-06, 6.288450549618574e-06, 1.1757771062548272e-05, 9.268676876672544e-06, 4.930934665026143e-06, 2.4597532046755077e-06, 2.3347429305431433e-06, 2.698209527807194e-06, 2.5135216219496215e-06], "lowlevel.melbands128.mean": [1.42394774229615e-05, 2.099058656312991e-05, 0.0006487015634775162, 0.008905906230211258, 0.016535654664039612, 0.01667429693043232, 0.0091086495667696, 0.0022866486106067896, 0.0019937099423259497, 0.0011036080541089177, 0.0011557887773960829, 0.001108652213588357, 0.0008758766925893724, 0.00043361782445572317, 0.00012982331099919975, 6.385298183886334e-05, 4.1503957618260756e-05, 8.345206879312173e-06, 4.269150667823851e-05, 8.788683771854267e-05, 4.694167000707239e-05, 0.0001420558983227238, 0.0001924864191096276, 0.00019516050815582275, 0.00021032284712418914, 6.254665640881285e-05, 0.0001514496107120067, 8.027882722672075e-05, 2.7501771910465322e-05, 0.0001545107807032764, 6.572453276021406e-05, 6.649240822298452e-05, 7.550918235210702e-05, 1.2849868653574958e-05, 3.7624566175509244e-05, 9.259580838261172e-05, 6.338502134894952e-05, 4.130754678044468e-05, 3.086224751314148e-05, 7.0552259785472415e-06, 1.0947977898467798e-05, 5.341344149201177e-05, 3.0214192520361394e-05, 1.216010787175037e-05, 1.2353111742413603e-05, 6.891012890264392e-05, 3.0774670449318364e-05, 2.7177045922144316e-05, 2.124289676430635e-05, 2.41827146965079e-05, 3.155749072902836e-05, 9.707013305160217e-06, 1.586121470609214e-05, 8.879292727215216e-05, 6.559358007507399e-05, 1.481778144807322e-05, 1.6101233995868824e-05, 6.197456968948245e-05, 1.4839377399766818e-05, 7.865014595154207e-06, 2.287782626808621e-05, 6.548304554598872e-06, 2.5869640012388118e-06, 2.5238020953111118e-06, 9.311199278272397e-07, 9.253931239072699e-07, 9.724006986289169e-07, 8.742090358282439e-07, 1.6720114217605442e-06, 2.1042271782789612e-06, 3.751127451323555e-06, 8.170462933776435e-06, 1.1302305210847408e-05, 9.56813346419949e-06, 5.861603312951047e-06, 5.747536761191441e-06, 2.356899358346709e-06, 1.257724079550826e-06, 7.131129677873105e-07, 9.494858659309102e-07, 1.6472841934955795e-06, 1.7199149624502752e-06, 1.213427367474651e-06, 1.1984708407908329e-06, 1.6180240436369786e-06, 2.3345942281594034e-06, 3.05244270748517e-06, 2.5471845219726674e-06, 2.043913809757214e-06, 2.085150072161923e-06, 1.5290746659957222e-06, 9.393897926202044e-07, 6.264281182666309e-07, 6.712661502206174e-07, 6.06309185968712e-07, 7.673166351196414e-07, 8.844905323712737e-07, 1.170325958810281e-06, 1.2543824823296745e-06, 1.5232794794428628e-06, 1.639374886508449e-06, 1.5739908576506423e-06, 8.980850907391869e-07, 4.6616730742243817e-07, 3.7705706290580565e-07, 3.630279934441205e-07, 3.740041449873388e-07, 2.42396822613955e-07, 2.0110418574859068e-07, 1.5100413008894975e-07, 9.128419975468205e-08, 6.147088527086453e-08, 5.4336108945562955e-08, 2.62610146961606e-08, 1.069451904811558e-08, 1.024821449924218e-09, 9.522924809823863e-11, 1.226235432638667e-11, 1.0947922256254738e-11, 1.0345351311724649e-11, 1.0089131786961136e-11, 9.848543855439651e-12, 9.626209551694132e-12, 9.45355686093885e-12, 9.277230893223187e-12, 9.081920111786435e-12, 8.958807654058099e-12, 8.903553241901285e-12], "lowlevel.melbands128.stdev": [2.2331254513119347e-05, 2.830083940352779e-05, 0.0007030840497463942, 0.009406957775354385, 0.012164846062660217, 0.00859683658927679, 0.006905057933181524, 0.0018198387697339058, 0.002665958134457469, 0.0013766629854217172, 0.0017940130783244967, 0.0015099664451554418, 0.0015704305842518806, 0.0008360228384844959, 0.0004115942574571818, 0.0002740688214544207, 0.0002916462835855782, 5.1151706429664046e-05, 0.00020572567882481962, 0.00030920945573598146, 0.00022905162768438458, 0.00037102188798598945, 0.0005686799995601177, 0.0007609009626321495, 0.0009183822548948228, 0.0002776563342195004, 0.0005741717177443206, 0.0005713732680305839, 9.874148236121982e-05, 0.0005520593840628862, 0.00021089811343699694, 0.00022830806847196072, 0.00024713503080420196, 5.0394173740642145e-05, 0.00021828328317496926, 0.0003795397933572531, 0.00022500535123981535, 0.00023949578462634236, 0.0001689557102508843, 4.073892705491744e-05, 5.3118885261937976e-05, 0.0001988653530133888, 0.00015197608445305377, 9.848242916632444e-05, 5.8436504332348704e-05, 0.00033059969427995384, 0.00012516796414274722, 0.00018545125203672796, 0.0001071062361006625, 8.545773016521707e-05, 0.00015187195094767958, 6.592347199330106e-05, 7.899944466771558e-05, 0.000299723818898201, 0.00024162510817404836, 9.516651334706694e-05, 6.535188731504604e-05, 0.0002308396069565788, 5.683092967956327e-05, 2.7068132112617604e-05, 5.699875327991322e-05, 1.7160133211291395e-05, 9.749448508955538e-06, 7.364746579696657e-06, 3.1210040560836205e-06, 2.658177891134983e-06, 2.4314833808603e-06, 2.129609811163391e-06, 4.9658319767331704e-06, 4.638483460439602e-06, 8.72422333486611e-06, 1.528205757495016e-05, 2.4528550056857057e-05, 1.8970915334648453e-05, 1.3455728549160995e-05, 1.9928274923586287e-05, 1.4688900591863785e-05, 7.473902769561391e-06, 4.257361069903709e-06, 5.826956567034358e-06, 9.783539098862093e-06, 8.635605809104163e-06, 5.934648470429238e-06, 5.884427082492039e-06, 7.79670153860934e-06, 1.1354238267813344e-05, 1.5982062905095518e-05, 1.1790818462031893e-05, 8.982327926787548e-06, 9.766253242560197e-06, 6.684498657705262e-06, 3.998216016043443e-06, 2.4339167339348933e-06, 3.02920170724974e-06, 2.1633736650983337e-06, 2.3226216399052646e-06, 2.502592224118416e-06, 3.116723291896051e-06, 2.831553729265579e-06, 2.9396517220448004e-06, 2.8778363230230752e-06, 2.9863374493288575e-06, 2.042674395852373e-06, 1.3673655985257938e-06, 1.398897893523099e-06, 1.3647185141962836e-06, 1.2304516303629498e-06, 8.04635533313558e-07, 7.676646305299073e-07, 7.694048917983309e-07, 5.041508188696753e-07, 2.611596698898211e-07, 2.39755820530263e-07, 1.2426266948750708e-07, 6.358642679060722e-08, 9.38541955264327e-09, 1.170047392307083e-09, 2.2120607429121364e-11, 1.526160448017677e-11, 1.3718817748475942e-11, 1.3387714548063201e-11, 1.3083137871683359e-11, 1.2819206633707392e-11, 1.2600651425054288e-11, 1.241470815038781e-11, 1.22676886010753e-11, 1.2161022189260962e-11, 1.2094644730176185e-11], "lowlevel.mfcc.mean": [-716.0099487304688, 146.9214324951172, 33.99300765991211, 39.48586654663086, 41.11528396606445, 4.988006114959717, 28.915016174316406, -0.13433869183063507, 9.077461242675781, -6.996752738952637, -22.650882720947266, 5.247631072998047, -7.2038044929504395], "lowlevel.spectral_contrast_coeffs.mean": [-0.5607626438140869, -0.7200683951377869, -0.7105780839920044, -0.7570613026618958, -0.7489648461341858, -0.7711189985275269], "lowlevel.spectral_contrast_coeffs.stdev": [0.0806223526597023, 0.0968775674700737, 0.09165649861097336, 0.08444809913635254, 0.07057183235883713, 0.05012698099017143], "lowlevel.spectral_contrast_valleys.mean": [-6.503698825836182, -8.187052726745605, -8.719379425048828, -8.992417335510254, -8.691365242004395, -11.388739585876465], "lowlevel.spectral_contrast_valleys.stdev": [0.6580514907836914, 0.6288343071937561, 0.6694154739379883, 0.7680651545524597, 0.9120277762413025, 1.126611590385437], "rhythm.beats_loudness_band_ratio.mean": [0.793802797794342, 0.0960383266210556, 0.047868791967630386, 0.036827389150857925, 0.035559240728616714, 0.011250493116676807], "rhythm.beats_loudness_band_ratio.stdev": [0.09188585728406906, 0.07536674290895462, 0.054648224264383316, 0.03881775215268135, 0.04624571278691292, 0.013533438555896282], "tonal.hpcp.mean": [0.041242919862270355, 0.02422582171857357, 0.0032569486647844315, 0.004693439230322838, 0.00948169082403183, 0.05310416221618652, 0.10972791910171509, 0.07375527173280716, 0.2105562686920166, 0.37163209915161133, 0.17333248257637024, 0.0020357312168926, 0.003938667476177216, 0.007547298911958933, 0.05377616733312607, 0.1447979211807251, 0.10422537475824356, 0.011385948397219181, 0.004856227897107601, 0.004851756151765585, 0.01453201100230217, 0.029505716636776924, 0.018847310915589333, 0.003719682339578867, 0.0030106166377663612, 0.0015171498525887728, 0.006255361717194319, 0.015114513225853443, 0.021856509149074554, 0.2600620687007904, 0.5293055176734924, 0.2872314751148224, 0.008150875568389893, 0.004563542548567057, 0.005371749401092529, 0.021981023252010345], "tonal.hpcp.stdev": [0.1655282825231552, 0.10258624702692032, 0.02743689902126789, 0.05155691131949425, 0.06755056977272034, 0.1516237109899521, 0.25869300961494446, 0.16867674887180328, 0.2767316997051239, 0.4755229353904724, 0.24075065553188324, 0.010028434917330742, 0.022022007033228874, 0.03825576230883598, 0.09208643436431885, 0.2259264886379242, 0.1842607706785202, 0.06389794498682022, 0.02814801223576069, 0.05183423310518265, 0.06706482917070389, 0.10266883671283722, 0.06471239030361176, 0.027813972905278206, 0.0345144085586071, 0.00891337264329195, 0.022760018706321716, 0.04454875364899635, 0.09909836947917938, 0.25649499893188477, 0.4630115330219269, 0.2750360071659088, 0.06568844616413116, 0.04812397435307503, 0.055885251611471176, 0.09501964598894119], "rhythm.beats_position": [0.6037188172340393, 1.2190475463867188, 1.8227664232254028, 2.4148752689361572, 2.9953742027282715, 3.564262866973877, 4.121541976928711, 4.678820610046387, 5.224489688873291, 5.781768798828125, 6.327437400817871, 6.873106479644775, 7.4536051750183105, 8.022494316101074, 8.59138298034668, 9.148661613464355, 9.705941200256348, 10.263219833374023, 10.832108497619629, 11.377777099609375, 11.935056686401367, 12.503945350646973, 13.072834014892578, 13.63011360168457, 14.187392234802246, 14.756280899047852, 15.325169563293457, 15.894058227539062, 16.462947845458984, 17.043445587158203, 17.623945236206055], "rhythm.bpm_histogram": [0.0, 0.0, 0.0, 0.0, 0.0, 0.0, 0.0, 0.0, 0.0, 0.0, 0.0, 0.0, 0.0, 0.0, 0.0, 0.0, 0.0, 0.0, 0.0, 0.0, 0.0, 0.0, 0.0, 0.0, 0.0, 0.0, 0.0, 0.0, 0.0, 0.0, 0.0, 0.0, 0.0, 0.0, 0.0, 0.0, 0.0, 0.0, 0.0, 0.0, 0.0, 0.0, 0.0, 0.0, 0.0, 0.0, 0.0, 0.0, 0.0, 0.0, 0.0, 0.0, 0.0, 0.0, 0.0, 0.0, 0.0, 0.0, 0.0, 0.0, 0.0, 0.0, 0.0, 0.0, 0.0, 0.0, 0.0, 0.0, 0.0, 0.0, 0.0, 0.0, 0.0, 0.0, 0.0, 0.0, 0.0, 0.0, 0.0, 0.0, 0.0, 0.0, 0.0, 0.0, 0.0, 0.0, 0.0, 0.0, 0.0, 0.0, 0.0, 0.0, 0.0, 0.0, 0.0, 0.0, 0.0, 0.0, 0.03333333507180214, 0.03333333507180214, 0.0, 0.03333333507180214, 0.0, 0.13333334028720856, 0.0, 0.3333333432674408, 0.0, 0.0, 0.30000001192092896, 0.0, 0.13333334028720856, 0.0, 0.0, 0.0, 0.0, 0.0, 0.0, 0.0, 0.0, 0.0, 0.0, 0.0, 0.0, 0.0, 0.0, 0.0, 0.0, 0.0, 0.0, 0.0, 0.0, 0.0, 0.0, 0.0, 0.0, 0.0, 0.0, 0.0, 0.0, 0.0, 0.0, 0.0, 0.0, 0.0, 0.0, 0.0, 0.0, 0.0, 0.0, 0.0, 0.0, 0.0, 0.0, 0.0, 0.0, 0.0, 0.0, 0.0, 0.0, 0.0, 0.0, 0.0, 0.0, 0.0, 0.0, 0.0, 0.0, 0.0, 0.0, 0.0, 0.0, 0.0, 0.0, 0.0, 0.0, 0.0, 0.0, 0.0, 0.0, 0.0, 0.0, 0.0, 0.0, 0.0, 0.0, 0.0, 0.0, 0.0, 0.0, 0.0, 0.0, 0.0, 0.0, 0.0, 0.0, 0.0, 0.0, 0.0, 0.0, 0.0, 0.0, 0.0, 0.0, 0.0, 0.0, 0.0, 0.0, 0.0, 0.0, 0.0, 0.0, 0.0, 0.0, 0.0, 0.0, 0.0, 0.0, 0.0, 0.0, 0.0, 0.0, 0.0, 0.0, 0.0, 0.0, 0.0, 0.0, 0.0, 0.0, 0.0, 0.0, 0.0, 0.0, 0.0, 0.0, 0.0, 0.0, 0.0, 0.0, 0.0, 0.0, 0.0, 0.0, 0.0, 0.0, 0.0, 0.0, 0.0, 0.0, 0.0], "tonal.chords_histogram": [17.346939086914062, 0.0, 44.8979606628418, 3.31632661819458, 0.0, 0.0, 0.0, 0.0, 0.0, 0.0, 0.0, 0.0, 0.0, 0.0, 0.0, 0.0, 0.0, 11.479591369628906, 0.0, 10.204081535339355, 0.0, 0.0, 2.040816307067871, 10.714285850524902], "tonal.thpcp": [1.0, 0.5426572561264038, 0.015399188734591007, 0.008621755056083202, 0.010148674249649048, 0.04152804613113403, 0.07791893184185028, 0.04576906934380531, 0.006153249181807041, 0.008867165073752403, 0.0179134551435709, 0.1003279983997345, 0.207305446267128, 0.1393434852361679, 0.39779722690582275, 0.7021126747131348, 0.327471524477005, 0.0038460418581962585, 0.007441198453307152, 0.014258870854973793, 0.10159759223461151, 0.27356207370758057, 0.19690966606140137, 0.021511107683181763, 0.009174715727567673, 0.009166267700493336, 0.027454864233732224, 0.05574420839548111, 0.03560762107372284, 0.007027477025985718, 0.005687861703336239, 0.002866302849724889, 0.0118180550634861, 0.02855536714196205, 0.04129280522465706, 0.4913269579410553], "lowlevel.gfcc.cov": [[5236.51171875, -1454.685791015625, -1497.26611328125, -215.55506896972656, -629.6886596679688, 138.19432067871094, -583.1227416992188, 1115.0037841796875, -175.5157012939453, 376.2137145996094, -288.5506286621094, -296.669921875, 79.41548156738281], [-1454.685791015625, 1693.43017578125, -103.29134368896484, -716.8994750976562, 314.9847717285156, -203.9535369873047, 320.2754211425781, -147.32608032226562, 40.01021194458008, -212.11280822753906, 325.57196044921875, -173.15052795410156, 211.9814453125], [-1497.26611328125, -103.29134368896484, 1219.302001953125, 370.67950439453125, -53.17042541503906, 86.09579467773438, 124.91972351074219, -395.9355773925781, 22.505308151245117, -54.301849365234375, 29.026872634887695, 298.4101867675781, -119.33171844482422], [-215.55506896972656, -716.8994750976562, 370.67950439453125, 868.3793334960938, 45.43757629394531, -74.05928802490234, -128.46109008789062, -163.50067138671875, 137.74029541015625, -27.21403694152832, -119.29948425292969, 224.82225036621094, -65.19330596923828], [-629.6886596679688, 314.9847717285156, -53.17042541503906, 45.43757629394531, 565.3101806640625, -0.7004644870758057, -6.9125800132751465, -115.221923828125, 124.0111083984375, 1.1454623937606812, 23.529781341552734, 1.9388360977172852, 7.204922676086426], [138.19432067871094, -203.9535369873047, 86.09579467773438, -74.05928802490234, -0.7004644870758057, 396.4039306640625, 139.47262573242188, -126.69293212890625, -32.3396110534668, 101.79236602783203, 2.792055606842041, 19.00640869140625, -79.96336364746094], [-583.1227416992188, 320.2754211425781, 124.91972351074219, -128.46109008789062, -6.9125800132751465, 139.47262573242188, 376.5657043457031, -175.79248046875, -42.795101165771484, -35.93095779418945, 71.98544311523438, 5.906262397766113, -5.912385940551758], [1115.0037841796875, -147.32608032226562, -395.9355773925781, -163.50067138671875, -115.221923828125, -126.69293212890625, -175.79248046875, 508.3654479980469, 9.329459190368652, 32.5129280090332, -52.79270935058594, -96.7093276977539, 104.5700912475586], [-175.5157012939453, 40.01021194458008, 22.505308151245117, 137.74029541015625, 124.0111083984375, -32.3396110534668, -42.795101165771484, 9.329459190368652, 203.80636596679688, -15.094290733337402, -17.65216064453125, 36.131553649902344, 31.489450454711914], [376.2137145996094, -212.11280822753906, -54.301849365234375, -27.21403694152832, 1.1454623937606812, 101.79236602783203, -35.93095779418945, 32.5129280090332, -15.094290733337402, 169.10629272460938, -32.809608459472656, -17.78980827331543, -50.926605224609375], [-288.5506286621094, 325.57196044921875, 29.026872634887695, -119.29948425292969, 23.529781341552734, 2.792055606842041, 71.98544311523438, -52.79270935058594, -17.65216064453125, -32.809608459472656, 170.21470642089844, -10.167229652404785, 17.459091186523438], [-296.669921875, -173.15052795410156, 298.4101867675781, 224.82225036621094, 1.9388360977172852, 19.00640869140625, 5.906262397766113, -96.7093276977539, 36.131553649902344, -17.78980827331543, -10.167229652404785, 178.02899169921875, -32.231544494628906], [79.41548156738281, 211.9814453125, -119.33171844482422, -65.19330596923828, 7.204922676086426, -79.96336364746094, -5.912385940551758, 104.5700912475586, 31.489450454711914, -50.926605224609375, 17.459091186523438, -32.231544494628906, 158.63311767578125]], "lowlevel.gfcc.icov": [[0.001274568377994001, -0.000758861773647368, 0.0012933063553646207, -0.001265264698304236, 0.0013392306864261627, -0.001980301458388567, 0.001368465251289308, -0.002134270966053009, 0.0012196851894259453, -0.0013448260724544525, 0.000914498174097389, -0.0004564870323520154, 0.0003604970988817513], [-0.000758861773647368, 0.018067287281155586, -0.0030316396150738, 0.015567419119179249, -0.007599145174026489, 0.014338678680360317, -0.008855188265442848, 0.010143112391233444, -0.009715856984257698, 0.006629023235291243, -0.014845576137304306, 0.005654369480907917, -0.012250058352947235], [0.0012933063553646207, -0.0030316396150738, 0.003368555335327983, -0.0031294573564082384, 0.002618982922285795, -0.0035949600860476494, 0.002317392732948065, -0.0023997535463422537, 0.002248031785711646, -0.0019884498324245214, 0.0025958858896046877, -0.0036057615652680397, 0.002285855356603861], [-0.001265264698304236, 0.015567419119179249, -0.0031294573564082384, 0.01616242527961731, -0.006872802507132292, 0.013585338369011879, -0.007434292230755091, 0.010445233434438705, -0.009849044494330883, 0.00632060319185257, -0.011562289670109749, 0.0025527027901262045, -0.010108089074492455], [0.0013392306864261627, -0.007599145174026489, 0.002618982922285795, -0.006872802507132292, 0.006404085084795952, -0.007026669103652239, 0.004796873778104782, -0.004619330167770386, 0.003166424809023738, -0.004005450755357742, 0.00620679697021842, -0.002662369981408119, 0.004882376175373793], [-0.001980301458388567, 0.014338678680360317, -0.0035949600860476494, 0.013585338369011879, -0.007026669103652239, 0.017093345522880554, -0.00952321756631136, 0.01065831258893013, -0.008867649361491203, 0.003836549585685134, -0.011685573495924473, 0.0038167040329426527, -0.008682342246174812], [0.001368465251289308, -0.008855188265442848, 0.002317392732948065, -0.007434292230755091, 0.004796873778104782, -0.00952321756631136, 0.009457027539610863, -0.004974311217665672, 0.005608891136944294, -0.002892001299187541, 0.006931010168045759, -0.0029995001386851072, 0.00503520667552948], [-0.002134270966053009, 0.010143112391233444, -0.0023997535463422537, 0.010445233434438705, -0.004619330167770386, 0.01065831258893013, -0.004974311217665672, 0.012308650650084019, -0.007283602841198444, 0.004138763062655926, -0.007820905186235905, 0.002808747347444296, -0.008509126491844654], [0.0012196851894259453, -0.009715856984257698, 0.002248031785711646, -0.009849044494330883, 0.003166424809023738, -0.008867649361491203, 0.005608891136944294, -0.007283602841198444, 0.012740569189190865, -0.003997501917183399, 0.008268957957625389, -0.003592864377424121, 0.004960202611982822], [-0.0013448260724544525, 0.006629023235291243, -0.0019884498324245214, 0.00632060319185257, -0.004005450755357742, 0.003836549585685134, -0.002892001299187541, 0.004138763062655926, -0.003997501917183399, 0.012342655099928379, -0.004855348728597164, 0.002956810873001814, -0.0019124626414850354], [0.000914498174097389, -0.014845576137304306, 0.0025958858896046877, -0.011562289670109749, 0.00620679697021842, -0.011685573495924473, 0.006931010168045759, -0.007820905186235905, 0.008268957957625389, -0.004855348728597164, 0.019896486774086952, -0.005296269431710243, 0.009356750175356865], [-0.0004564870323520154, 0.005654369480907917, -0.0036057615652680397, 0.0025527027901262045, -0.002662369981408119, 0.0038167040329426527, -0.0029995001386851072, 0.002808747347444296, -0.003592864377424121, 0.002956810873001814, -0.005296269431710243, 0.01447090320289135, -0.0037236427888274193], [0.0003604970988817513, -0.012250058352947235, 0.002285855356603861, -0.010108089074492455, 0.004882376175373793, -0.008682342246174812, 0.00503520667552948, -0.008509126491844654, 0.004960202611982822, -0.0019124626414850354, 0.009356750175356865, -0.0037236427888274193, 0.017872098833322525]], "lowlevel.mfcc.cov": [[6063.43994140625, -1618.220458984375, -1150.0572509765625, -641.4473876953125, 129.8083038330078, -1136.122314453125, 66.94554138183594, -322.1762390136719, 315.9250793457031, 573.3797607421875, -47.20811462402344, 128.36959838867188, -267.4438171386719], [-1618.220458984375, 2210.232421875, -443.1474609375, -459.9926452636719, -14.050139427185059, -217.05563354492188, 349.2255859375, -47.60554504394531, -67.99095916748047, 78.74342346191406, -73.2283935546875, 54.1188850402832, 30.105363845825195], [-1150.0572509765625, -443.1474609375, 1232.700439453125, 274.0932922363281, -246.31077575683594, 446.6307067871094, -119.19403076171875, 170.49928283691406, -84.84174346923828, -272.402587890625, 38.7264518737793, -49.97360610961914, 162.47486877441406], [-641.4473876953125, -459.9926452636719, 274.0932922363281, 717.1030883789062, 144.6366729736328, 171.70924377441406, -244.35813903808594, 116.36774444580078, 66.6756591796875, -244.4329376220703, 29.531871795654297, 71.64370727539062, 44.161441802978516], [129.8083038330078, -14.050139427185059, -246.31077575683594, 144.6366729736328, 499.93115234375, -109.43047332763672, -123.16374206542969, -5.650210380554199, 103.05711364746094, 8.686298370361328, 28.49737548828125, 112.22718048095703, 8.857755661010742], [-1136.122314453125, -217.05563354492188, 446.6307067871094, 171.70924377441406, -109.43047332763672, 1018.4417114257812, -39.24448013305664, 131.61761474609375, -149.58001708984375, -53.749900817871094, 134.47412109375, -175.7086181640625, 158.79296875], [66.94554138183594, 349.2255859375, -119.19403076171875, -244.35813903808594, -123.16374206542969, -39.24448013305664, 311.10015869140625, -13.742013931274414, -58.333534240722656, 102.16093444824219, -7.0494704246521, -23.45796775817871, 13.12307071685791], [-322.1762390136719, -47.60554504394531, 170.49928283691406, 116.36774444580078, -5.650210380554199, 131.61761474609375, -13.742013931274414, 196.01718139648438, 13.866405487060547, -29.238805770874023, 5.33635950088501, 0.9713533520698547, 60.27912139892578], [315.9250793457031, -67.99095916748047, -84.84174346923828, 66.6756591796875, 103.05711364746094, -149.58001708984375, -58.333534240722656, 13.866405487060547, 247.77484130859375, 11.39332389831543, -18.616548538208008, 65.37773895263672, 0.12203909456729889], [573.3797607421875, 78.74342346191406, -272.402587890625, -244.4329376220703, 8.686298370361328, -53.749900817871094, 102.16093444824219, -29.238805770874023, 11.39332389831543, 308.5766906738281, 6.312385559082031, -46.97506332397461, -29.707775115966797], [-47.20811462402344, -73.2283935546875, 38.7264518737793, 29.531871795654297, 28.49737548828125, 134.47412109375, -7.0494704246521, 5.33635950088501, -18.616548538208008, 6.312385559082031, 155.97296142578125, -8.506691932678223, 27.797607421875], [128.36959838867188, 54.1188850402832, -49.97360610961914, 71.64370727539062, 112.22718048095703, -175.7086181640625, -23.45796775817871, 0.9713533520698547, 65.37773895263672, -46.97506332397461, -8.506691932678223, 199.3165740966797, 0.714852511882782], [-267.4438171386719, 30.105363845825195, 162.47486877441406, 44.161441802978516, 8.857755661010742, 158.79296875, 13.12307071685791, 60.27912139892578, 0.12203909456729889, -29.707775115966797, 27.797607421875, 0.714852511882782, 175.56509399414062]], "lowlevel.mfcc.icov": [[0.0008261139737442136, 0.0010135335614904761, 0.0006040725274942815, 0.0007921869400888681, 0.00019115842587780207, 0.0006180400378070772, -0.00022545574756804854, 0.0002547538315411657, -0.0004022332141175866, -0.0005307874525897205, -0.00014903458941262215, -0.0005292902933433652, -0.00037669227458536625], [0.0010135335614904761, 0.0019007966620847583, 0.0009749216260388494, 0.0013317420380190015, 0.0001312997774221003, 0.0007427431410178542, -0.0008020054665394127, 0.0001572406617924571, -0.0003599101910367608, -0.00023463716206606477, 5.0266546168131754e-05, -0.0008499051909893751, -0.0007356139249168336], [0.0006040725274942815, 0.0009749216260388494, 0.0021010059863328934, 0.0006924532353878021, 0.0009576472220942378, 0.00018334378546569496, 0.00026991902268491685, -0.0005846875137649477, -6.231514271348715e-05, 0.0006951538962312043, -0.00015426077879965305, -0.0005366682889871299, -0.0012547970982268453], [0.0007921869400888681, 0.0013317420380190015, 0.0006924532353878021, 0.00379007076844573, -0.00031557324109598994, 0.00018915622786153108, 0.0007774822297506034, -0.0009747628937475383, -0.0007403811905533075, 0.001340887974947691, -0.00022189292940311134, -0.0010696069803088903, -0.00022747671755496413], [0.00019115842587780207, 0.0001312997774221003, 0.0009576472220942378, -0.00031557324109598994, 0.0033475530799478292, 0.0001947504497366026, 0.001304549048654735, 2.81094489764655e-05, -0.000426597980549559, -0.0005560619756579399, -0.0007117592613212764, -0.0013830584939569235, -0.0009658551425673068], [0.0006180400378070772, 0.0007427431410178542, 0.00018334378546569496, 0.00018915622786153108, 0.0001947504497366026, 0.0023656762205064297, 1.0131646376976278e-05, -0.00033952613011933863, 0.0004667236062232405, -0.0006237518391571939, -0.0012317675864323974, 0.0010091048898175359, -0.0013517752522602677], [-0.00022545574756804854, -0.0008020054665394127, 0.00026991902268491685, 0.0007774822297506034, 0.001304549048654735, 1.0131646376976278e-05, 0.005778358783572912, -0.0006814086809754372, 0.0009194279555231333, -0.0007141942041926086, -0.0003263274556957185, -0.00037131214048713446, -0.0009925318881869316], [0.0002547538315411657, 0.0001572406617924571, -0.0005846875137649477, -0.0009747628937475383, 2.81094489764655e-05, -0.00033952613011933863, -0.0006814086809754372, 0.007071753032505512, -0.0007833922863937914, -0.001129640731960535, 0.0006418089033104479, -0.0004103131068404764, -0.001214591902680695], [-0.0004022332141175866, -0.0003599101910367608, -6.231514271348715e-05, -0.0007403811905533075, -0.000426597980549559, 0.0004667236062232405, 0.0009194279555231333, -0.0007833922863937914, 0.0055362265557050705, -0.00044235141831450164, 0.0003731921315193176, -0.0005309994448907673, -0.0006431063520722091], [-0.0005307874525897205, -0.00023463716206606477, 0.0006951538962312043, 0.001340887974947691, -0.0005560619756579399, -0.0006237518391571939, -0.0007141942041926086, -0.001129640731960535, -0.00044235141831450164, 0.006272308528423309, -0.00035307175130583346, 0.0013894179137423635, 0.0003964233910664916], [-0.00014903458941262215, 5.0266546168131754e-05, -0.00015426077879965305, -0.00022189292940311134, -0.0007117592613212764, -0.0012317675864323974, -0.0003263274556957185, 0.0006418089033104479, 0.0003731921315193176, -0.00035307175130583346, 0.007723118644207716, -0.00047792380792088807, -0.00036391508183442056], [-0.0005292902933433652, -0.0008499051909893751, -0.0005366682889871299, -0.0010696069803088903, -0.0013830584939569235, 0.0010091048898175359, -0.00037131214048713446, -0.0004103131068404764, -0.0005309994448907673, 0.0013894179137423635, -0.00047792380792088807, 0.00794761348515749, -0.00029034828185103834], [-0.00037669227458536625, -0.0007356139249168336, -0.0012547970982268453, -0.00022747671755496413, -0.0009658551425673068, -0.0013517752522602677, -0.0009925318881869316, -0.001214591902680695, -0.0006431063520722091, 0.0003964233910664916, -0.00036391508183442056, -0.00029034828185103834, 0.008355571888387203]], "metadata.audio_properties.analysis.downmix": "mix", "metadata.audio_properties.codec": "mp3", "metadata.audio_properties.md5_encoded": "e5681a4cf4b05a80ebb1f85a1133aca8", "metadata.tags.file_name": "1183711300904300554.mp3", "metadata.version.essentia": "2.1-beta6-dev", "metadata.version.essentia_git_sha": "v2.1_beta5-1110-g77a6a954", "metadata.version.extractor": "music 2.0", "tonal.chords_key": "G", "tonal.chords_scale": "major", "tonal.key_edma.key": "C", "tonal.key_edma.scale": "major", "tonal.key_krumhansl.key": "C", "tonal.key_krumhansl.scale": "major", "tonal.key_temperley.key": "C", "tonal.key_temperley.scale": "major", "metadata.tags.encoding": ["Lavf58.45.100"]}, "essentia_models": [{"model_name": "genre_dortmund", "activations": {"alternative": "0.1676567", "blues": "0.0034088783", "electronic": "0.013737687", "folkcountry": "0.44497207", "funksoulrnb": "0.0035919156", "jazz": "0.15420447", "pop": "0.28822994", "raphiphop": "0.0061901887", "rock": "0.03225235"}}, {"model_name": "genre_rosamerica", "activations": {"classic": "0.00244993", "dance": "0.001270061", "hip hop": "0.00093326275", "jazz": "0.15004319", "pop": "0.2596266", "rhythm and blues": "0.018732788", "rock": "0.014285761", "speech": "0.13346814"}}, {"model_name": "genre_tzanetakis", "activations": {"blues": "0.3885913", "classic": "0.000558115", "country": "0.07885534", "disco": "0.035282