{"song_id": "1183699572166496266", "download": "https://cdn.discordapp.com/attachments/1135903449314238464/1183699572166496266/chirp.mp4?ex=65894922&amp", "lyrics": "(Verse 1)\nI am Ismail Haniyeh, living in luxury,\nIn my Qatar villa, that's the life for me.\nWhile Gaza's kids hungry, and their futures fade,\nI'm dining on caviar, in my golden parade.\n\n(Chorus)\nHaniyeh, Haniyeh, let me make it clear,\nI live without guilt, have no reason to fear.\nAs Gaza's young ones starve and cry,\nI'm in opulence, under the desert sky.\n\n(Verse 2)\nI count my riches, while they count their tears,\nIn their darkest hours, I feed on their fears.\nI say I'm a leader, a guiding star,\nBut in reality, I've strayed very far.\nStyle of Music\nhip hop, rap, middle eastern", "style": ["hip hop</span><span>, rap</span><span>, middle eastern"], "essentia_features": {"lowlevel.average_loudness": 0.9726614356040955, "lowlevel.barkbands_crest.mean": 17.07851791381836, "lowlevel.barkbands_crest.stdev": 5.945475101470947, "lowlevel.barkbands_flatness_db.mean": 0.24290452897548676, "lowlevel.barkbands_flatness_db.stdev": 0.10154366493225098, "lowlevel.barkbands_kurtosis.mean": 59.969852447509766, "lowlevel.barkbands_kurtosis.stdev": 154.66867065429688, "lowlevel.barkbands_skewness.mean": 4.174242973327637, "lowlevel.barkbands_skewness.stdev": 4.829360485076904, "lowlevel.barkbands_spread.mean": 25.60176658630371, "lowlevel.barkbands_spread.stdev": 26.92662811279297, "lowlevel.dissonance.mean": 0.4574911296367645, "lowlevel.dissonance.stdev": 0.04171287268400192, "lowlevel.dynamic_complexity": 2.8773646354675293, "lowlevel.erbbands_crest.mean": 10.816874504089355, "lowlevel.erbbands_crest.stdev": 5.727072238922119, "lowlevel.erbbands_flatness_db.mean": 0.1579376757144928, "lowlevel.erbbands_flatness_db.stdev": 0.05178366228938103, "lowlevel.erbbands_kurtosis.mean": 2.4391493797302246, "lowlevel.erbbands_kurtosis.stdev": 6.015477657318115, "lowlevel.erbbands_skewness.mean": 0.2818106412887573, "lowlevel.erbbands_skewness.stdev": 1.5419847965240479, "lowlevel.erbbands_spread.mean": 59.685081481933594, "lowlevel.erbbands_spread.stdev": 37.748992919921875, "lowlevel.hfc.mean": 35.10259246826172, "lowlevel.hfc.stdev": 38.206825256347656, "lowlevel.loudness_ebu128.integrated": -14.84891128540039, "lowlevel.loudness_ebu128.loudness_range": 1.0565376281738281, "lowlevel.loudness_ebu128.momentary.mean": -15.23486614227295, "lowlevel.loudness_ebu128.momentary.stdev": 2.0280163288116455, "lowlevel.loudness_ebu128.short_term.mean": -14.792141914367676, "lowlevel.loudness_ebu128.short_term.stdev": 0.4699522852897644, "lowlevel.melbands_crest.mean": 25.009822845458984, "lowlevel.melbands_crest.stdev": 7.823098659515381, "lowlevel.melbands_flatness_db.mean": 0.2954615354537964, "lowlevel.melbands_flatness_db.stdev": 0.13048312067985535, "lowlevel.melbands_kurtosis.mean": 147.38006591796875, "lowlevel.melbands_kurtosis.stdev": 301.8760986328125, "lowlevel.melbands_skewness.mean": 7.131000995635986, "lowlevel.melbands_skewness.stdev": 6.498247146606445, "lowlevel.melbands_spread.mean": 20.119388580322266, "lowlevel.melbands_spread.stdev": 30.92009735107422, "lowlevel.pitch_salience.mean": 0.3396625220775604, "lowlevel.pitch_salience.stdev": 0.19019116461277008, "lowlevel.silence_rate_20dB.mean": 1.0, "lowlevel.silence_rate_20dB.stdev": 0.0, "lowlevel.silence_rate_30dB.mean": 0.8032393455505371, "lowlevel.silence_rate_30dB.stdev": 0.39754751324653625, "lowlevel.silence_rate_60dB.mean": 0.028794242069125175, "lowlevel.silence_rate_60dB.stdev": 0.16722740232944489, "lowlevel.spectral_centroid.mean": 1594.6080322265625, "lowlevel.spectral_centroid.stdev": 1256.5474853515625, "lowlevel.spectral_complexity.mean": 10.017396926879883, "lowlevel.spectral_complexity.stdev": 9.725269317626953, "lowlevel.spectral_decrease.mean": -1.684875705620925e-08, "lowlevel.spectral_decrease.stdev": 1.729279475171097e-08, "lowlevel.spectral_energy.mean": 0.06677500158548355, "lowlevel.spectral_energy.stdev": 0.06588719040155411, "lowlevel.spectral_energyband_high.mean": 0.0028605074621737003, "lowlevel.spectral_energyband_high.stdev": 0.00422310084104538, "lowlevel.spectral_energyband_low.mean": 0.05106864124536514, "lowlevel.spectral_energyband_low.stdev": 0.06444898247718811, "lowlevel.spectral_energyband_middle_high.mean": 0.003064581425860524, "lowlevel.spectral_energyband_middle_high.stdev": 0.005398691166192293, "lowlevel.spectral_energyband_middle_low.mean": 0.010076291859149933, "lowlevel.spectral_energyband_middle_low.stdev": 0.01496119610965252, "lowlevel.spectral_entropy.mean": 7.808399200439453, "lowlevel.spectral_entropy.stdev": 0.620229959487915, "lowlevel.spectral_flux.mean": 0.1168651357293129, "lowlevel.spectral_flux.stdev": 0.08573876321315765, "lowlevel.spectral_kurtosis.mean": 1.932684063911438, "lowlevel.spectral_kurtosis.stdev": 2.523658275604248, "lowlevel.spectral_rms.mean": 0.00712484261021018, "lowlevel.spectral_rms.stdev": 0.003792477073147893, "lowlevel.spectral_rolloff.mean": 1808.6241455078125, "lowlevel.spectral_rolloff.stdev": 3060.319091796875, "lowlevel.spectral_skewness.mean": 1.13614022731781, "lowlevel.spectral_skewness.stdev": 0.5677238702774048, "lowlevel.spectral_spread.mean": 7142385.5, "lowlevel.spectral_spread.stdev": 2457528.0, "lowlevel.spectral_strongpeak.mean": 0.8005093336105347, "lowlevel.spectral_strongpeak.stdev": 0.9603900909423828, "lowlevel.zerocrossingrate.mean": 0.06950318813323975, "lowlevel.zerocrossingrate.stdev": 0.0670986995100975, "metadata.audio_properties.analysis.equal_loudness": 0.0, "metadata.audio_properties.analysis.length": 38.67732238769531, "metadata.audio_properties.analysis.sample_rate": 44100.0, "metadata.audio_properties.analysis.start_time": 0.0, "metadata.audio_properties.bit_rate": 118765.0, "metadata.audio_properties.length": 38.67733383178711, "metadata.audio_properties.lossless": 0.0, "metadata.audio_properties.number_channels": 1.0, "metadata.audio_properties.replay_gain": -10.503183364868164, "metadata.audio_properties.sample_rate": 48000.0, "rhythm.beats_count": 72.0, "rhythm.beats_loudness.mean": 0.09444805234670639, "rhythm.beats_loudness.stdev": 0.08430973440408707, "rhythm.bpm": 113.33329010009766, "rhythm.bpm_histogram_first_peak_bpm": 112.0, "rhythm.bpm_histogram_first_peak_weight": 0.422535240650177, "rhythm.bpm_histogram_second_peak_bpm": 0.0, "rhythm.bpm_histogram_second_peak_spread": 0.0, "rhythm.bpm_histogram_second_peak_weight": 0.0, "rhythm.danceability": 1.6115264892578125, "rhythm.onset_rate": 6.4089226722717285, "tonal.chords_changes_rate": 0.11870503425598145, "tonal.chords_number_rate": 0.016786571592092514, "tonal.chords_strength.mean": 0.4662717580795288, "tonal.chords_strength.stdev": 0.09979608654975891, "tonal.hpcp_crest.mean": 11.847367286682129, "tonal.hpcp_crest.stdev": 5.4408159255981445, "tonal.hpcp_entropy.mean": 2.328946352005005, "tonal.hpcp_entropy.stdev": 0.7645742297172546, "tonal.key_edma.strength": 0.4844142496585846, "tonal.key_krumhansl.strength": 0.4982476830482483, "tonal.key_temperley.strength": 0.523543655872345, "tonal.tuning_diatonic_strength": 0.3687044382095337, "tonal.tuning_equal_tempered_deviation": 0.23127152025699615, "tonal.tuning_frequency": 434.193115234375, "tonal.tuning_nontempered_energy_ratio": 0.8822237253189087, "lowlevel.barkbands.mean": [0.0038530740421265364, 0.04379074275493622, 0.0031656031496822834, 0.000707807601429522, 0.0013684268342331052, 0.00047755957348272204, 0.005911309737712145, 0.00032147433375939727, 0.0012340795947238803, 0.00046261295210570097, 0.00024000630946829915, 0.0007390657556243241, 0.0005695898435078561, 0.00023900765518192202, 0.00018719029321800917, 0.00011812797310994938, 0.000123689926113002, 0.000169798600836657, 0.00013931444846093655, 0.0002154052199330181, 0.00031499104807153344, 0.0004513760795816779, 0.000580195221118629, 0.00045064190635457635, 0.0007744223694317043, 0.0001694837847026065, 6.904996574519373e-09], "lowlevel.barkbands.stdev": [0.005189730320125818, 0.05820013955235481, 0.009568619541823864, 0.003566916799172759, 0.0026207100600004196, 0.0020772884599864483, 0.012721831910312176, 0.0012732517207041383, 0.003378033172339201, 0.001537497853860259, 0.0008848517900332808, 0.0028684488497674465, 0.0018505932530388236, 0.0006240230286493897, 0.00040307387826032937, 0.00022798861027695239, 0.00023910150048322976, 0.00035003561060875654, 0.0003603071963880211, 0.0005444270791485906, 0.0006868290365673602, 0.0008129833731800318, 0.001061348128132522, 0.0008064123685471714, 0.0011443864786997437, 0.00035266109625808895, 6.99431055295463e-08], "lowlevel.erbbands.mean": [1.9762624502182007, 6.837985515594482, 5.371645450592041, 2.6318323612213135, 3.236715316772461, 5.7917046546936035, 2.0530686378479004, 6.921150207519531, 71.8893814086914, 50.1568603515625, 11.110482215881348, 32.713783264160156, 11.348583221435547, 19.184072494506836, 14.42540168762207, 29.0010986328125, 28.455495834350586, 14.897079467773438, 11.159255981445312, 7.180004596710205, 6.652531147003174, 7.7040114402771, 9.465555191040039, 6.68074369430542, 8.27159595489502, 10.215096473693848, 11.622293472290039, 13.10111141204834, 15.743746757507324, 19.104883193969727, 14.946168899536133, 10.583985328674316, 7.164539813995361, 6.990103244781494, 6.469589710235596, 1.8514690399169922, 0.060555603355169296, 0.0019306741887703538, 0.00018628398538567126, 0.00010101723455591127], "lowlevel.erbbands.stdev": [2.6111228466033936, 10.413983345031738, 12.32584285736084, 11.653387069702148, 8.728797912597656, 11.15691089630127, 6.578313827514648, 22.35674476623535, 163.94442749023438, 120.23234558105469, 31.221820831298828, 91.74345397949219, 33.867340087890625, 58.311981201171875, 41.70262145996094, 111.96390533447266, 87.31045532226562, 39.1858024597168, 22.228288650512695, 13.548643112182617, 12.532454490661621, 14.36187744140625, 18.439849853515625, 17.261234283447266, 20.525115966796875, 25.919944763183594, 28.40744972229004, 27.085718154907227, 29.35039520263672, 34.013145446777344, 28.126523971557617, 19.55063819885254, 12.50412368774414, 10.831928253173828, 9.84792709350586, 3.433823585510254, 0.12249501049518585, 0.0034468630328774452, 0.00025426733191125095, 8.409387373831123e-05], "lowlevel.gfcc.mean": [-29.502355575561523, 58.399959564208984, -88.81119537353516, 56.49918746948242, -61.5999870300293, 42.16426086425781, -33.06265640258789, 20.12278938293457, -10.396098136901855, 21.081811904907227, -1.50603187084198, 3.4141974449157715, -2.8774139881134033], "lowlevel.melbands.mean": [0.014383465982973576, 0.004577365703880787, 0.0004657020326703787, 0.00035393639700487256, 9.717873035697266e-05, 0.0001504058309365064, 0.0011805457761511207, 0.00043476014980114996, 9.86327650025487e-05, 0.00019871666154358536, 4.964096660842188e-05, 7.921323413029313e-05, 3.5152774216840044e-05, 9.648389823269099e-05, 5.180153311812319e-05, 5.569947825279087e-05, 2.4922797820181586e-05, 1.763664658938069e-05, 1.3028377907176036e-05, 7.972147614054848e-06, 7.44655471862643e-06, 7.190078576968517e-06, 9.969630809791852e-06, 7.076589099597186e-06, 5.0892076615127735e-06, 5.47881154489005e-06, 6.686473625450162e-06, 6.749283329554601e-06, 6.892003966640914e-06, 7.544218533439562e-06, 7.604422535223421e-06, 8.735090887057595e-06, 9.307710570283234e-06, 1.1708983947755769e-05, 9.502180546405725e-06, 6.43057774141198e-06, 6.370602932292968e-06, 5.004430477129063e-06, 4.271709258318879e-06, 6.5414037635491695e-06], "lowlevel.melbands.stdev": [0.018724991008639336, 0.007837487384676933, 0.0019125484395772219, 0.0006739898817613721, 0.00025950290728360415, 0.0005091273342259228, 0.0026034116744995117, 0.0010737876873463392, 0.00031019860762171447, 0.0005746418028138578, 0.0001726265181787312, 0.00024646177189424634, 0.00010192299669142812, 0.00039709435077384114, 0.00016424330533482134, 0.00018901887233369052, 7.12932160240598e-05, 3.673555693239905e-05, 2.938031502708327e-05, 1.6037991372286342e-05, 1.468844129703939e-05, 1.459889881516574e-05, 1.807762419048231e-05, 1.612507003301289e-05, 1.4000586816109717e-05, 1.451968273613602e-05, 1.6641752154100686e-05, 1.8020376955973916e-05, 1.8465616449248046e-05, 1.5893323507043533e-05, 1.6398469597334042e-05, 1.671567042649258e-05, 1.7388550986652263e-05, 2.1504183678189293e-05, 1.8611044652061537e-05, 1.2403063919919077e-05, 1.199052348965779e-05, 9.22394701774465e-06, 7.189682492025895e-06, 1.0316525731468573e-05], "lowlevel.melbands128.mean": [0.0036968456115573645, 0.01824956014752388, 0.017851928249001503, 0.009234380908310413, 0.0035816801246255636, 0.0012227804400026798, 0.0004925216780975461, 0.0003183669759891927, 0.00025881765759550035, 0.0004777112044394016, 0.0003522972983773798, 9.357021190226078e-05, 5.003688784199767e-05, 5.38446256541647e-05, 8.581738802604377e-05, 0.00015419870032928884, 0.000622662715613842, 0.0017769357655197382, 0.0014322494389489293, 0.00037342807627283037, 7.206098962342367e-05, 4.211128907627426e-05, 7.098964124452323e-05, 0.00017888897855300456, 0.00029896426713094115, 0.0001793514529708773, 4.4172229536343366e-05, 2.9850134524167515e-05, 5.2029463404323906e-05, 9.38719094847329e-05, 9.507227514404804e-05, 4.082271334482357e-05, 1.8130960597773083e-05, 2.8314385417615995e-05, 0.00010243548604194075, 0.00013765755284111947, 5.502672502188943e-05, 2.6438561690156348e-05, 5.904612407903187e-05, 9.201554348692298e-05, 4.7250036004697904e-05, 1.953095124918036e-05, 2.7347598006599583e-05, 2.727470564423129e-05, 1.6117988707264885e-05, 1.4607839148084167e-05, 2.1569449017988518e-05, 1.4495246432488784e-05, 8.966747373051476e-06, 7.874256880313624e-06, 7.437194653903134e-06, 8.570199497626163e-06, 8.487297236570157e-06, 6.646476776950294e-06, 5.625548510579392e-06, 7.687878678552806e-06, 7.681739589315839e-06, 9.678345122665633e-06, 1.1945949154323898e-05, 8.28206157166278e-06, 7.142290996853262e-06, 5.58731426281156e-06, 5.531068381969817e-06, 4.743164936371613e-06, 4.661521870730212e-06, 5.555129519052571e-06, 5.71868076804094e-06, 6.5260956034762785e-06, 7.002957318036351e-06, 6.927374670340214e-06, 6.410254627553513e-06, 7.197603736130986e-06, 6.441870027629193e-06, 6.7715814111579675e-06, 7.214739980554441e-06, 8.217156391765457e-06, 7.3218202487623785e-06, 6.829219728388125e-06, 8.352763870789204e-06, 7.024776095931884e-06, 9.250131370208692e-06, 9.607196261640638e-06, 7.3473379416100215e-06, 1.0269433914800175e-05, 9.594170478521846e-06, 1.0001172086049337e-05, 1.2247292033862323e-05, 1.5536872524535283e-05, 8.149205314111896e-06, 6.569514425791567e-06, 7.306575298571261e-06, 5.248755769571289e-06, 7.0733062784711365e-06, 7.632668712176383e-06, 4.914306373393629e-06, 4.697253189078765e-06, 5.482047527038958e-06, 5.0447047215129714e-06, 3.2351704248867463e-06, 4.5331535147852264e-06, 5.642255928250961e-06, 7.559283858427079e-06, 6.553496859851293e-06, 5.9471426538948435e-06, 8.106004315777682e-06, 9.812257303565275e-06, 5.4258784984995145e-06, 5.3863941502640955e-06, 3.115530262221e-06, 9.404071761309751e-07, 5.903009991925501e-08, 9.953432744680413e-09, 2.1822217366462837e-09, 6.797499230160042e-10, 4.87464790754899e-10, 3.101520706927374e-10, 1.7168375054943397e-10, 3.8446728439778255e-11, 1.8285319439148573e-11, 1.7118893108625244e-11, 1.262492194120668e-11, 1.1494804240397283e-11, 9.382002987001758e-12, 9.148803242764458e-12, 8.827431841051947e-12, 8.461182275654178e-12, 8.259446945824145e-12, 8.19268958229813e-12], "lowlevel.melbands128.stdev": [0.004992037545889616, 0.024586349725723267, 0.02513241581618786, 0.015860484912991524, 0.008054908365011215, 0.004133056383579969, 0.0025227784644812346, 0.0015369908651337028, 0.0007905274396762252, 0.0009141982882283628, 0.0007284346502274275, 0.00036376353818923235, 0.00019838551816064864, 0.0003025290207006037, 0.0004822565533686429, 0.0006742256227880716, 0.0018758607329800725, 0.004356161691248417, 0.003481069812551141, 0.0013590033631771803, 0.00034524197690188885, 0.00022353009262587875, 0.00037715976941399276, 0.0006219371571205556, 0.0009173748549073935, 0.0007689239573664963, 0.00024853539071045816, 0.00014753885625395924, 0.000312206509988755, 0.00035411224234849215, 0.00034214783227071166, 0.00023494080232921988, 7.340210868278518e-05, 0.00011149823694722727, 0.0004476549511309713, 0.0007108045392669737, 0.0003191697469446808, 0.00014492179616354406, 0.0002744797384366393, 0.0003312770277261734, 0.00027507104096002877, 8.66593181854114e-05, 0.00010612636833684519, 9.449636127101257e-05, 4.7481975343544036e-05, 4.6509601816069335e-05, 6.121728074504063e-05, 4.907942275167443e-05, 2.6988240279024467e-05, 1.723748937365599e-05, 2.0746319933095947e-05, 2.168243190681096e-05, 1.9666278603835963e-05, 1.5784569768584333e-05, 1.3179842426325195e-05, 1.8284961697645485e-05, 1.8928447389043868e-05, 1.9976188923465088e-05, 2.486351331754122e-05, 2.0781228158739395e-05, 1.7687454601400532e-05, 1.7639331417740323e-05, 1.5916471966193058e-05, 1.4230868146114517e-05, 1.591693944646977e-05, 1.6082771253422834e-05, 1.504358442616649e-05, 1.9763587260968052e-05, 1.8977340005221777e-05, 1.729511859593913e-05, 1.8976004866999574e-05, 2.390424197074026e-05, 1.886996324174106e-05, 1.967987191164866e-05, 2.206031422247179e-05, 1.7893853510031477e-05, 1.5038149285828695e-05, 1.6762631275923923e-05, 2.1674255549442023e-05, 1.3722175026487093e-05, 1.792508555809036e-05, 2.1387519154814072e-05, 1.5887264453340322e-05, 2.0847024643444456e-05, 1.9620212697191164e-05, 2.0949950339854695e-05, 2.458776543790009e-05, 3.3571821404621005e-05, 1.817332667997107e-05, 1.3556566045735963e-05, 1.6039904949138872e-05, 1.0782352546812035e-05, 1.3981056326883845e-05, 1.5178861758613493e-05, 1.0127445420948789e-05, 9.678078640718013e-06, 1.0679542356228922e-05, 9.344604222860653e-06, 6.057147402316332e-06, 8.32101795822382e-06, 1.026611789711751e-05, 1.3168651094019879e-05, 1.064106709236512e-05, 9.481972483627032e-06, 1.4132041542325169e-05, 1.6572717868257314e-05, 9.507486538495868e-06, 1.122169487643987e-05, 7.227700734802056e-06, 2.9260586416057777e-06, 2.528433356019377e-07, 1.164443830248274e-07, 1.585717335217396e-08, 6.750268788380254e-09, 5.119447088475226e-09, 3.490559841168306e-09, 2.533796061854332e-09, 4.645311912909733e-10, 2.0470765360602883e-10, 2.2059641613392245e-10, 8.378724797308834e-11, 7.20013423882726e-11, 1.9639019577244454e-11, 1.8412330687889167e-11, 1.6516307418945608e-11, 1.5176266493499568e-11, 1.4897074893105433e-11, 1.4813542753566722e-11], "lowlevel.mfcc.mean": [-676.3533935546875, 80.3187484741211, 33.27312469482422, 23.99711799621582, 11.666224479675293, 23.374053955078125, 5.615321636199951, 6.351747512817383, 6.4437665939331055, 6.834896564483643, 14.891925811767578, 12.458842277526855, 11.975723266601562], "lowlevel.spectral_contrast_coeffs.mean": [-0.6917744278907776, -0.7111228108406067, -0.8043524026870728, -0.8057152628898621, -0.8175288438796997, -0.7673525214195251], "lowlevel.spectral_contrast_coeffs.stdev": [0.085810087621212, 0.12664976716041565, 0.07687798887491226, 0.058252718299627304, 0.03673802316188812, 0.04437222704291344], "lowlevel.spectral_contrast_valleys.mean": [-7.4286065101623535, -7.624756336212158, -8.115150451660156, -8.121600151062012, -7.9081878662109375, -9.728119850158691], "lowlevel.spectral_contrast_valleys.stdev": [1.0920718908309937, 1.1007368564605713, 0.9781842231750488, 0.8411309123039246, 0.971271812915802, 1.370064377784729], "rhythm.beats_loudness_band_ratio.mean": [0.5804636478424072, 0.05603637918829918, 0.17265509068965912, 0.04278528317809105, 0.022923283278942108, 0.14314304292201996], "rhythm.beats_loudness_band_ratio.stdev": [0.34301257133483887, 0.10295425355434418, 0.22212561964988708, 0.07581395655870438, 0.030174389481544495, 0.16182172298431396], "tonal.hpcp.mean": [0.10868915915489197, 0.13629312813282013, 0.13762907683849335, 0.12733705341815948, 0.10100515186786652, 0.060870226472616196, 0.03453359380364418, 0.023883739486336708, 0.024578241631388664, 0.03537037968635559, 0.04743584245443344, 0.03914293274283409, 0.02193819172680378, 0.019387265667319298, 0.02475452423095703, 0.03055405244231224, 0.024051066488027573, 0.03711272031068802, 0.08803995698690414, 0.09739138185977936, 0.06422648578882217, 0.048781588673591614, 0.047010477632284164, 0.055445596575737, 0.05810513347387314, 0.046819306910037994, 0.050904519855976105, 0.07690029591321945, 0.09821400046348572, 0.1563660353422165, 0.3162246346473694, 0.2968480587005615, 0.12962494790554047, 0.0860452726483345, 0.08243951201438904, 0.08485535532236099], "tonal.hpcp.stdev": [0.24664118885993958, 0.2712031304836273, 0.26759034395217896, 0.2598552405834198, 0.24184182286262512, 0.18695785105228424, 0.14001215994358063, 0.11494797468185425, 0.1147468164563179, 0.1456722915172577, 0.1785019189119339, 0.15936565399169922, 0.09333214908838272, 0.0707758218050003, 0.09466218203306198, 0.11730901896953583, 0.10173895955085754, 0.11136290431022644, 0.23838743567466736, 0.2584865987300873, 0.18753570318222046, 0.16067290306091309, 0.14741432666778564, 0.1610938459634781, 0.1696448028087616, 0.15189602971076965, 0.16671434044837952, 0.21776409447193146, 0.24208182096481323, 0.2682861387729645, 0.4091789126396179, 0.38831645250320435, 0.26335710287094116, 0.23073473572731018, 0.22820064425468445, 0.220929816365242], "rhythm.beats_position": [0.5340589284896851, 1.0681178569793701, 1.6021767854690552, 2.1362357139587402, 2.670294761657715, 3.1927437782287598, 3.7151927947998047, 4.249251842498779, 4.783310413360596, 5.305759429931641, 5.8282084465026855, 6.36226749420166, 6.884716510772705, 7.41877555847168, 7.941224575042725, 8.4752836227417, 9.009342193603516, 9.543400764465332, 10.065850257873535, 10.588298797607422, 11.122358322143555, 11.656416893005371, 12.190476417541504, 12.72453498840332, 13.246983528137207, 13.76943302154541, 14.303491592407227, 14.83755111694336, 15.359999656677246, 15.88244915008545, 16.416507720947266, 16.9505672454834, 17.4846248626709, 18.01868438720703, 18.541133880615234, 19.063581466674805, 19.597640991210938, 20.13170051574707, 20.654150009155273, 21.176597595214844, 21.710657119750977, 22.24471664428711, 22.77877426147461, 23.301223754882812, 23.823673248291016, 24.35773277282715, 24.89179039001465, 25.41423988342285, 25.959909439086914, 26.493967056274414, 27.016416549682617, 27.53886604309082, 28.072925567626953, 28.595373153686523, 29.117822647094727, 29.65188217163086, 30.18593978881836, 30.708389282226562, 31.242448806762695, 31.7648983001709, 32.29895782470703, 32.83301544189453, 33.36707305908203, 33.889522552490234, 34.41197204589844, 34.94602966308594, 35.4800910949707, 36.0141487121582, 36.5482063293457, 37.070655822753906, 37.59310531616211, 38.12716293334961], "rhythm.bpm_histogram": [0.0, 0.0, 0.0, 0.0, 0.0, 0.0, 0.0, 0.0, 0.0, 0.0, 0.0, 0.0, 0.0, 0.0, 0.0, 0.0, 0.0, 0.0, 0.0, 0.0, 0.0, 0.0, 0.0, 0.0, 0.0, 0.0, 0.0, 0.0, 0.0, 0.0, 0.0, 0.0, 0.0, 0.0, 0.0, 0.0, 0.0, 0.0, 0.0, 0.0, 0.0, 0.0, 0.0, 0.0, 0.0, 0.0, 0.0, 0.0, 0.0, 0.0, 0.0, 0.0, 0.0, 0.0, 0.0, 0.0, 0.0, 0.0, 0.0, 0.0, 0.0, 0.0, 0.0, 0.0, 0.0, 0.0, 0.0, 0.0, 0.0, 0.0, 0.0, 0.0, 0.0, 0.0, 0.0, 0.0, 0.0, 0.0, 0.0, 0.0, 0.0, 0.0, 0.0, 0.0, 0.0, 0.0, 0.0, 0.0, 0.0, 0.0, 0.0, 0.0, 0.0, 0.0, 0.0, 0.0, 0.0, 0.0, 0.0, 0.0, 0.0, 0.0, 0.0, 0.0, 0.0, 0.0, 0.0, 0.0, 0.0, 0.0, 0.014084506779909134, 0.0, 0.577464759349823, 0.0, 0.0, 0.4084506928920746, 0.0, 0.0, 0.0, 0.0, 0.0, 0.0, 0.0, 0.0, 0.0, 0.0, 0.0, 0.0, 0.0, 0.0, 0.0, 0.0, 0.0, 0.0, 0.0, 0.0, 0.0, 0.0, 0.0, 0.0, 0.0, 0.0, 0.0, 0.0, 0.0, 0.0, 0.0, 0.0, 0.0, 0.0, 0.0, 0.0, 0.0, 0.0, 0.0, 0.0, 0.0, 0.0, 0.0, 0.0, 0.0, 0.0, 0.0, 0.0, 0.0, 0.0, 0.0, 0.0, 0.0, 0.0, 0.0, 0.0, 0.0, 0.0, 0.0, 0.0, 0.0, 0.0, 0.0, 0.0, 0.0, 0.0, 0.0, 0.0, 0.0, 0.0, 0.0, 0.0, 0.0, 0.0, 0.0, 0.0, 0.0, 0.0, 0.0, 0.0, 0.0, 0.0, 0.0, 0.0, 0.0, 0.0, 0.0, 0.0, 0.0, 0.0, 0.0, 0.0, 0.0, 0.0, 0.0, 0.0, 0.0, 0.0, 0.0, 0.0, 0.0, 0.0, 0.0, 0.0, 0.0, 0.0, 0.0, 0.0, 0.0, 0.0, 0.0, 0.0, 0.0, 0.0, 0.0, 0.0, 0.0, 0.0, 0.0, 0.0, 0.0, 0.0, 0.0, 0.0, 0.0, 0.0, 0.0, 0.0, 0.0, 0.0, 0.0, 0.0, 0.0, 0.0], "tonal.chords_histogram": [15.22781753540039, 4.0767388343811035, 1.678657054901123, 2.3980815410614014, 11.27098274230957, 22.90167808532715, 0.0, 0.0, 0.0, 1.918465256690979, 2.0383694171905518, 19.664268493652344, 2.6378896236419678, 0.0, 0.0, 0.0, 0.11990407854318619, 0.0, 3.237410068511963, 5.395683288574219, 0.0, 0.8393285274505615, 1.5587530136108398, 5.035971164703369], "tonal.thpcp": [1.0, 0.9387252926826477, 0.40991413593292236, 0.2721017301082611, 0.26069921255111694, 0.2683388590812683, 0.34370869398117065, 0.4310009777545929, 0.4352256655693054, 0.40267911553382874, 0.31940948963165283, 0.19249045848846436, 0.10920589417219162, 0.07552776485681534, 0.07772399485111237, 0.11185207217931747, 0.15000678598880768, 0.12378204613924026, 0.06937534362077713, 0.06130852550268173, 0.0782814547419548, 0.09662135690450668, 0.07605690509080887, 0.1173618882894516, 0.27840954065322876, 0.3079816401004791, 0.20310398936271667, 0.1542624533176422, 0.14866165816783905, 0.1753361076116562, 0.18374638259410858, 0.14805711805820465, 0.16097581386566162, 0.2431824952363968, 0.3105830252170563, 0.4944777190685272], "lowlevel.gfcc.cov": [[8240.369140625, -1145.851318359375, -218.903076171875, -469.585693359375, -1368.852294921875, -220.6687774658203, -616.5745239257812, 676.0872802734375, -348.2133483886719, 419.97412109375, -390.8094177246094, 187.4862823486328, -411.79888916015625], [-1145.851318359375, 2720.9716796875, -420.6852111816406, -318.0095520019531, 543.4573364257812, -262.33416748046875, 520.4212036132812, -253.50193786621094, 383.47491455078125, -184.09242248535156, 280.46002197265625, -213.00637817382812, 231.25091552734375], [-218.903076171875, -420.6852111816406, 1432.058349609375, 644.7329711914062, 493.5543518066406, 428.8416748046875, 146.4777374267578, 206.7513885498047, 64.48355865478516, 161.3934326171875, 4.240609169006348, 111.34034729003906, -19.50922966003418], [-469.585693359375, -318.0095520019531, 644.7329711914062, 928.021484375, 509.9107666015625, 210.5829315185547, 113.23451232910156, 76.89142608642578, 137.563720703125, 1.0757920742034912, 48.80568313598633, 38.682064056396484, 98.30318450927734], [-1368.852294921875, 543.4573364257812, 493.5543518066406, 509.9107666015625, 932.8007202148438, 416.7387390136719, 480.3772277832031, 65.65518951416016, 255.11561584472656, -32.32728958129883, 131.78152465820312, -18.999666213989258, 157.39244079589844], [-220.6687774658203, -262.33416748046875, 428.8416748046875, 210.5829315185547, 416.7387390136719, 682.2337646484375, 423.61334228515625, 221.57188415527344, 35.4562873840332, 43.11913299560547, 53.73466873168945, 38.14460754394531, 17.682130813598633], [-616.5745239257812, 520.4212036132812, 146.4777374267578, 113.23451232910156, 480.3772277832031, 423.61334228515625, 658.794921875, 139.13076782226562, 164.7836456298828, -36.275814056396484, 155.27902221679688, -23.712352752685547, 102.08580017089844], [676.0872802734375, -253.50193786621094, 206.7513885498047, 76.89142608642578, 65.65518951416016, 221.57188415527344, 139.13076782226562, 288.3815002441406, 49.051353454589844, 116.40178680419922, -9.382966995239258, 60.89707946777344, -21.97084617614746], [-348.2133483886719, 383.47491455078125, 64.48355865478516, 137.563720703125, 255.11561584472656, 35.4562873840332, 164.7836456298828, 49.051353454589844, 292.7610168457031, 58.07056427001953, 108.77153015136719, -9.638118743896484, 86.09210205078125], [419.97412109375, -184.09242248535156, 161.3934326171875, 1.0757920742034912, -32.32728958129883, 43.11913299560547, -36.275814056396484, 116.40178680419922, 58.07056427001953, 205.85330200195312, 36.61614990234375, 63.5887336730957, -41.62507629394531], [-390.8094177246094, 280.46002197265625, 4.240609169006348, 48.80568313598633, 131.78152465820312, 53.73466873168945, 155.27902221679688, -9.382966995239258, 108.77153015136719, 36.61614990234375, 180.327392578125, 10.486241340637207, 45.3236198425293], [187.4862823486328, -213.00637817382812, 111.34034729003906, 38.682064056396484, -18.999666213989258, 38.14460754394531, -23.712352752685547, 60.89707946777344, -9.638118743896484, 63.5887336730957, 10.486241340637207, 109.46849060058594, 2.4088752269744873], [-411.79888916015625, 231.25091552734375, -19.50922966003418, 98.30318450927734, 157.39244079589844, 17.682130813598633, 102.08580017089844, -21.97084617614746, 86.09210205078125, -41.62507629394531, 45.3236198425293, 2.4088752269744873, 121.39511108398438]], "lowlevel.gfcc.icov": [[0.0003366426390130073, -0.00035556466900743544, 0.0001617068046471104, -0.0004338556609582156, 0.000696783943567425, -0.00027701424551196396, 0.00017942670092452317, -0.0008727626409381628, 0.00017236775602214038, -0.0003670640289783478, 0.0006238053319975734, -0.0003812400682363659, 0.0005512741045095026], [-0.00035556466900743544, 0.0017807289259508252, -0.00046015254338271916, 0.0016370888333767653, -0.0018128601368516684, 0.0018661096692085266, -0.0011037066578865051, 0.0010179136879742146, -0.0006726071587763727, 0.0008669292437843978, -0.0017180073773488402, 0.001826434745453298, -0.0014275278663262725], [0.0001617068046471104, -0.00046015254338271916, 0.0016723262378945947, -0.0012744771083816886, 2.1562839265243383e-06, -0.0008589556673541665, 0.00024286181724164635, -0.00021064546308480203, 0.0003834422677755356, -0.0013150438899174333, 0.0011449283920228481, -0.0012980527244508266, 0.0014813175657764077], [-0.0004338556609582156, 0.0016370888333767653, -0.0012744771083816886, 0.0038373812567442656, -0.0027717414777725935, 0.001699242158792913, 0.00012973108096048236, 0.00029644317692145705, -0.0008014682098291814, 0.0020423727110028267, -0.002486477605998516, 0.0016939584165811539, -0.0024484219029545784], [0.000696783943567425, -0.0018128601368516684, 2.1562839265243383e-06, -0.0027717414777725935, 0.005949954967945814, -0.002922857878729701, -0.00032298575388267636, -0.000496329739689827, -0.0009924679761752486, -0.0009856299730017781, 0.0026360058691352606, -0.0012616500025615096, 0.0003618591872509569], [-0.00027701424551196396, 0.0018661096692085266, -0.0008589556673541665, 0.001699242158792913, -0.002922857878729701, 0.0061052581295371056, -0.0031603726092725992, -0.0008461871184408665, 0.0011025586863979697, 0.00045651389518752694, -0.0016317209228873253, 0.001532724010758102, -0.0006503433687612414], [0.00017942670092452317, -0.0011037066578865051, 0.00024286181724164635, 0.00012973108096048236, -0.00032298575388267636, -0.0031603726092725992, 0.006314706057310104, -0.0032687822822481394, -8.887064905138686e-05, 0.002289877273142338, -0.002664160681888461, 0.00041284249164164066, -0.0005429697339423001], [-0.0008727626409381628, 0.0010179136879742146, -0.00021064546308480203, 0.00029644317692145705, -0.000496329739689827, -0.0008461871184408665, -0.0032687822822481394, 0.01087984163314104, -0.002287133364006877, -0.0030971840023994446, 0.0025614621117711067, -0.0016132858581840992, -5.3176878282101825e-05], [0.00017236775602214038, -0.0006726071587763727, 0.0003834422677755356, -0.0008014682098291814, -0.0009924679761752486, 0.0011025586863979697, -8.887064905138686e-05, -0.002287133364006877, 0.008316856808960438, -0.00373818795196712, -0.0015768286539241672, 0.0021125664934515953, -0.003269624663516879], [-0.0003670640289783478, 0.0008669292437843978, -0.0013150438899174333, 0.0020423727110028267, -0.0009856299730017781, 0.00045651389518752694, 0.002289877273142338, -0.0030971840023994446, -0.00373818795196712, 0.012593329884111881, -0.005102326162159443, -0.0023989183828234673, 0.002885175868868828], [0.0006238053319975734, -0.0017180073773488402, 0.0011449283920228481, -0.002486477605998516, 0.0026360058691352606, -0.0016317209228873253, -0.002664160681888461, 0.0025614621117711067, -0.0015768286539241672, -0.005102326162159443, 0.01300102099776268, -0.004131066147238016, 0.001706983894109726], [-0.0003812400682363659, 0.001826434745453298, -0.0012980527244508266, 0.0016939584165811539, -0.0012616500025615096, 0.001532724010758102, 0.00041284249164164066, -0.0016132858581840992, 0.0021125664934515953, -0.0023989183828234673, -0.004131066147238016, 0.016419721767306328, -0.006683723535388708], [0.0005512741045095026, -0.0014275278663262725, 0.0014813175657764077, -0.0024484219029545784, 0.0003618591872509569, -0.0006503433687612414, -0.0005429697339423001, -5.3176878282101825e-05, -0.003269624663516879, 0.002885175868868828, 0.001706983894109726, -0.006683723535388708, 0.017923645675182343]], "lowlevel.mfcc.cov": [[8540.103515625, -1022.3109741210938, 34.12361526489258, -623.3626098632812, -837.359619140625, -1032.119140625, -479.9898681640625, -291.22674560546875, -128.2581329345703, -85.08324432373047, 66.67871856689453, 18.836984634399414, -107.55067443847656], [-1022.3109741210938, 2523.173828125, -574.0787353515625, -34.2117919921875, -125.08843231201172, 105.64091491699219, 81.93852233886719, 28.561668395996094, 130.37339782714844, 11.317856788635254, 98.91494750976562, 111.53105926513672, 32.22658920288086], [34.12361526489258, -574.0787353515625, 919.116455078125, 259.893310546875, 299.12969970703125, 164.3007049560547, 128.3236083984375, 91.88501739501953, 44.69361114501953, 82.50135040283203, 42.62239456176758, 47.60153579711914, 81.5339584350586], [-623.3626098632812, -34.2117919921875, 259.893310546875, 728.9227905273438, 414.9574279785156, 187.35397338867188, 19.9753360748291, 60.89985275268555, 99.29388427734375, 39.11732864379883, -13.126208305358887, 20.004552841186523, 84.40754699707031], [-837.359619140625, -125.08843231201172, 299.12969970703125, 414.9574279785156, 569.5867309570312, 316.3392333984375, 131.03787231445312, 139.4153594970703, 137.71487426757812, 133.3271942138672, 17.155067443847656, 23.671314239501953, 70.26780700683594], [-1032.119140625, 105.64091491699219, 164.3007049560547, 187.35397338867188, 316.3392333984375, 462.39794921875, 330.1385192871094, 248.3728485107422, 161.01576232910156, 151.65774536132812, 73.15542602539062, 50.1646842956543, 52.71004104614258], [-479.9898681640625, 81.93852233886719, 128.3236083984375, 19.9753360748291, 131.03787231445312, 330.1385192871094, 496.6392517089844, 315.2869567871094, 162.32798767089844, 155.58677673339844, 99.43495178222656, 70.32026672363281, 31.25969123840332], [-291.22674560546875, 28.561668395996094, 91.88501739501953, 60.89985275268555, 139.4153594970703, 248.3728485107422, 315.2869567871094, 325.49591064453125, 190.25205993652344, 136.0895538330078, 64.18632507324219, 51.42594528198242, 43.912635803222656], [-128.2581329345703, 130.37339782714844, 44.69361114501953, 99.29388427734375, 137.71487426757812, 161.01576232910156, 162.32798767089844, 190.25205993652344, 242.657958984375, 134.0911407470703, 66.44107055664062, 57.46083450317383, 42.74219512939453], [-85.08324432373047, 11.317856788635254, 82.50135040283203, 39.11732864379883, 133.3271942138672, 151.65774536132812, 155.58677673339844, 136.0895538330078, 134.0911407470703, 195.7559814453125, 96.48651123046875, 53.40625, 32.78682327270508], [66.67871856689453, 98.91494750976562, 42.62239456176758, -13.126208305358887, 17.155067443847656, 73.15542602539062, 99.43495178222656, 64.18632507324219, 66.44107055664062, 96.48651123046875, 154.9481964111328, 87.95097351074219, 46.500755310058594], [18.836984634399414, 111.53105926513672, 47.60153579711914, 20.004552841186523, 23.671314239501953, 50.1646842956543, 70.32026672363281, 51.42594528198242, 57.46083450317383, 53.40625, 87.95097351074219, 135.8423614501953, 82.31842803955078], [-107.55067443847656, 32.22658920288086, 81.5339584350586, 84.40754699707031, 70.26780700683594, 52.71004104614258, 31.25969123840332, 43.912635803222656, 42.74219512939453, 32.78682327270508, 46.500755310058594, 82.31842803955078, 137.3232879638672]], "lowlevel.mfcc.icov": [[0.00019986221741419286, 6.639576167799532e-05, -7.697839464526623e-05, 1.2860474271292333e-05, 0.00012524750491138548, 0.0005342309013940394, 9.129718819167465e-06, -0.0001027622347464785, -0.00015648468979634345, -0.00012395191879477352, -0.00017884928092826158, -9.325958671979606e-05, 0.0001351519167656079], [6.639576167799532e-05, 0.0005694665014743805, 0.00034604864777065814, -9.171830606646836e-05, 0.00021653164003510028, -0.00016569071158301085, -9.47612279560417e-05, 0.00035068896249867976, -0.0005072164931334555, 0.000254196347668767, -0.0002574244572315365, -0.0003955935244448483, 5.299292388372123e-05], [-7.697839464526623e-05, 0.00034604864777065814, 0.0016956451581791043, -0.00025279325200244784, -0.0006500036106444895, -0.00010126633424079046, -0.0004740350414067507, 0.00022071476269047707, 0.00030491341021843255, 8.565707685193047e-05, -0.0002558409469202161, -0.00022546417312696576, -0.0004776493879035115], [1.2860474271292333e-05, -9.171830606646836e-05, -0.00025279325200244784, 0.0026607972104102373, -0.0019366174237802625, 8.128101035254076e-05, 0.0002498342073522508, 0.00017587684851605445, -0.0007851855480112135, 0.0011053851339966059, 4.825449286727235e-05, 0.0002163764147553593, -0.0007727296906523407], [0.00012524750491138548, 0.00021653164003510028, -0.0006500036106444895, -0.0019366174237802625, 0.005678913556039333, -0.0028893188573420048, 0.001211515860632062, 0.0002912862109951675, -0.0004963881801813841, -0.0024258694611489773, 0.0014247533399611712, 0.0001183395434054546, -0.0003618973132688552], [0.0005342309013940394, -0.00016569071158301085, -0.00010126633424079046, 8.128101035254076e-05, -0.0028893188573420048, 0.008788050152361393, -0.00332084484398365, -0.0013292256044223905, -9.871124348137528e-05, -0.000500307185575366, -0.0012247901177033782, 0.0006349229370243847, -6.197881884872913e-05], [9.129718819167465e-06, -9.47612279560417e-05, -0.0004740350414067507, 0.0002498342073522508, 0.001211515860632062, -0.00332084484398365, 0.007707611192017794, -0.005839579738676548, 0.0016928724944591522, -0.0008225939818657935, -0.0007615782669745386, -0.001529943197965622, 0.001769346883520484], [-0.0001027622347464785, 0.00035068896249867976, 0.00022071476269047707, 0.00017587684851605445, 0.0002912862109951675, -0.0013292256044223905, -0.005839579738676548, 0.012768562883138657, -0.005925023928284645, -0.00023688387591391802, 0.0014877794310450554, 0.0011548923794180155, -0.0020899123046547174], [-0.00015648468979634345, -0.0005072164931334555, 0.00030491341021843255, -0.0007851855480112135, -0.0004963881801813841, -9.871124348137528e-05, 0.0016928724944591522, -0.005925023928284645, 0.01089850440621376, -0.004110309295356274, 0.0003482186293695122, -0.001606124802492559, 0.0005333235021680593], [-0.00012395191879477352, 0.000254196347668767, 8.565707685193047e-05, 0.0011053851339966059, -0.0024258694611489773, -0.000500307185575366, -0.0008225939818657935, -0.00023688387591391802, -0.004110309295356274, 0.013054704293608665, -0.005927396472543478, 0.0009255703189410269, 0.00042408256558701396], [-0.00017884928092826158, -0.0002574244572315365, -0.0002558409469202161, 4.825449286727235e-05, 0.0014247533399611712, -0.0012247901177033782, -0.0007615782669745386, 0.0014877794310450554, 0.0003482186293695122, -0.005927396472543478, 0.014487255364656448, -0.006828115321695805, -2.4508972273906693e-05], [-9.325958671979606e-05, -0.0003955935244448483, -0.00022546417312696576, 0.0002163764147553593, 0.0001183395434054546, 0.0006349229370243847, -0.001529943197965622, 0.0011548923794180155, -0.001606124802492559, 0.0009255703189410269, -0.006828115321695805, 0.01758456975221634, -0.008254624903202057], [0.0001351519167656079, 5.299292388372123e-05, -0.0004776493879035115, -0.0007727296906523407, -0.0003618973132688552, -6.197881884872913e-05, 0.001769346883520484, -0.0020899123046547174, 0.0005333235021680593, 0.00042408256558701396, -2.4508972273906693e-05, -0.008254624903202057, 0.013297856785356998]], "metadata.audio_properties.analysis.downmix": "mix", "metadata.audio_properties.codec": "mp3", "metadata.audio_properties.md5_encoded": "2260bc5efc9