{"song_id": "1183686428257960018", "download": "https://cdn.discordapp.com/attachments/1135911532732108921/1183686428257960018/chirp.mp4?ex=65893ce4&amp", "lyrics": "[verse 1]\n\u041d\u0430 \u0413\u0430\u0433\u0430\u0440\u0438\u043d\u0430, \u0432 \u0441\u0435\u0440\u0434\u0446\u0435 \u0433\u043e\u0440\u043e\u0434\u0430,\n\u0422\u0430\u043c \u0440\u0430\u0431\u043e\u0442\u0430\u0435\u0442 \u042e\u0440\u043a\u0430 \u041a\u0430\u0440\u0435\u0432.\n\u041c\u0430\u0442\u0451\u0440\u044b\u0439 \u043f\u0430\u0440\u0435\u043d\u044c,  \u0441 \u0440\u0443\u043a\u0430\u043c\u0438 \u0437\u043e\u043b\u043e\u0442\u044b\u043c\u0438, (\u043e\u0443\u0443\u0443-\u0435\u0435\u0435\u0435) \n\u041c\u0430\u0448\u0438\u043d\u044b \u0447\u0438\u043d\u0438\u0442, \u0438 \u043c\u0430\u0441\u043b\u0430 \u043f\u0440\u043e\u0434\u0430\u0451\u0442. \n[chorus]\n\u042e\u0440\u043a\u0430 \u041a\u0430\u0440\u0435\u0432, \u043f\u0430\u0440\u0435\u043d\u044c \u043d\u0430\u0448 \u0437\u043e\u043b\u043e\u0442\u043e\u0439,\n\u0421\u043a\u043e\u0440\u043e \u0434\u043d\u044e\u0445\u0430, \u043e\u043d \u043d\u0435\u043c\u043d\u043e\u0433\u043e \u043f\u043e\u0432\u0437\u0440\u043e\u0441\u043b\u0435\u043b.\n\u0421\u043c\u0435\u043b\u044b\u0439 \u0438 \u0441\u043c\u0435\u0448\u043d\u043e\u0439, \u0432\u0441\u0435\u0433\u0434\u0430 \u043d\u0430 \u043f\u043e\u0434\u044a\u0451\u043c\u0435,\n\u0412\u0441\u0435\u0445 \u0441\u0432\u043e\u0438\u0445 \u0434\u0440\u0443\u0437\u0435\u0439 \u043e\u043d \u043e\u0431\u043e\u0433\u0440\u0435\u0432\u0430\u0435\u0442.", "style": ["old school rap"], "essentia_features": {"lowlevel.average_loudness": 0.9663330316543579, "lowlevel.barkbands_crest.mean": 15.414751052856445, "lowlevel.barkbands_crest.stdev": 6.024642467498779, "lowlevel.barkbands_flatness_db.mean": 0.19411221146583557, "lowlevel.barkbands_flatness_db.stdev": 0.08780808001756668, "lowlevel.barkbands_kurtosis.mean": 38.60438537597656, "lowlevel.barkbands_kurtosis.stdev": 170.28160095214844, "lowlevel.barkbands_skewness.mean": 3.4873275756835938, "lowlevel.barkbands_skewness.stdev": 3.9286224842071533, "lowlevel.barkbands_spread.mean": 24.218006134033203, "lowlevel.barkbands_spread.stdev": 21.8975887298584, "lowlevel.dissonance.mean": 0.4680671691894531, "lowlevel.dissonance.stdev": 0.03168777748942375, "lowlevel.dynamic_complexity": 3.6666340827941895, "lowlevel.erbbands_crest.mean": 8.990517616271973, "lowlevel.erbbands_crest.stdev": 4.613542556762695, "lowlevel.erbbands_flatness_db.mean": 0.12932249903678894, "lowlevel.erbbands_flatness_db.stdev": 0.04561750218272209, "lowlevel.erbbands_kurtosis.mean": 0.6250041127204895, "lowlevel.erbbands_kurtosis.stdev": 4.149946212768555, "lowlevel.erbbands_skewness.mean": 0.07939736545085907, "lowlevel.erbbands_skewness.stdev": 0.9956198930740356, "lowlevel.erbbands_spread.mean": 57.75993347167969, "lowlevel.erbbands_spread.stdev": 33.48676300048828, "lowlevel.hfc.mean": 26.27362632751465, "lowlevel.hfc.stdev": 30.30695915222168, "lowlevel.loudness_ebu128.integrated": -12.23126220703125, "lowlevel.loudness_ebu128.loudness_range": 3.9116077423095703, "lowlevel.loudness_ebu128.momentary.mean": -12.867779731750488, "lowlevel.loudness_ebu128.momentary.stdev": 2.6106371879577637, "lowlevel.loudness_ebu128.short_term.mean": -12.467621803283691, "lowlevel.loudness_ebu128.short_term.stdev": 1.5558868646621704, "lowlevel.melbands_crest.mean": 20.823259353637695, "lowlevel.melbands_crest.stdev": 7.26668119430542, "lowlevel.melbands_flatness_db.mean": 0.26323455572128296, "lowlevel.melbands_flatness_db.stdev": 0.11346172541379929, "lowlevel.melbands_kurtosis.mean": 88.57748413085938, "lowlevel.melbands_kurtosis.stdev": 182.331787109375, "lowlevel.melbands_skewness.mean": 5.947836399078369, "lowlevel.melbands_skewness.stdev": 4.829432010650635, "lowlevel.melbands_spread.mean": 20.03032684326172, "lowlevel.melbands_spread.stdev": 29.397199630737305, "lowlevel.pitch_salience.mean": 0.3871462345123291, "lowlevel.pitch_salience.stdev": 0.18414463102817535, "lowlevel.silence_rate_20dB.mean": 1.0, "lowlevel.silence_rate_20dB.stdev": 0.0, "lowlevel.silence_rate_30dB.mean": 0.9263502359390259, "lowlevel.silence_rate_30dB.stdev": 0.2612002491950989, "lowlevel.silence_rate_60dB.mean": 0.10147299617528915, "lowlevel.silence_rate_60dB.stdev": 0.3019578754901886, "lowlevel.spectral_centroid.mean": 1544.630126953125, "lowlevel.spectral_centroid.stdev": 945.72607421875, "lowlevel.spectral_complexity.mean": 13.0703763961792, "lowlevel.spectral_complexity.stdev": 11.154022216796875, "lowlevel.spectral_decrease.mean": -1.2552940908960863e-08, "lowlevel.spectral_decrease.stdev": 1.0236518299677755e-08, "lowlevel.spectral_energy.mean": 0.04976079240441322, "lowlevel.spectral_energy.stdev": 0.039482928812503815, "lowlevel.spectral_energyband_high.mean": 0.0015869253547862172, "lowlevel.spectral_energyband_high.stdev": 0.0026456185150891542, "lowlevel.spectral_energyband_low.mean": 0.03731420636177063, "lowlevel.spectral_energyband_low.stdev": 0.03825745731592178, "lowlevel.spectral_energyband_middle_high.mean": 0.003666973439976573, "lowlevel.spectral_energyband_middle_high.stdev": 0.005489405710250139, "lowlevel.spectral_energyband_middle_low.mean": 0.008269792422652245, "lowlevel.spectral_energyband_middle_low.stdev": 0.011432337574660778, "lowlevel.spectral_entropy.mean": 7.76943302154541, "lowlevel.spectral_entropy.stdev": 0.5318779349327087, "lowlevel.spectral_flux.mean": 0.11078063398599625, "lowlevel.spectral_flux.stdev": 0.07509426027536392, "lowlevel.spectral_kurtosis.mean": 3.516031265258789, "lowlevel.spectral_kurtosis.stdev": 2.6120989322662354, "lowlevel.spectral_rms.mean": 0.006248256657272577, "lowlevel.spectral_rms.stdev": 0.0030832558404654264, "lowlevel.spectral_rolloff.mean": 1590.58349609375, "lowlevel.spectral_rolloff.stdev": 2687.5126953125, "lowlevel.spectral_skewness.mean": 1.433301568031311, "lowlevel.spectral_skewness.stdev": 0.4819813370704651, "lowlevel.spectral_spread.mean": 6226981.5, "lowlevel.spectral_spread.stdev": 2486015.5, "lowlevel.spectral_strongpeak.mean": 0.6274856925010681, "lowlevel.spectral_strongpeak.stdev": 0.7812958359718323, "lowlevel.zerocrossingrate.mean": 0.06603144854307175, "lowlevel.zerocrossingrate.stdev": 0.06442303210496902, "metadata.audio_properties.analysis.equal_loudness": 0.0, "metadata.audio_properties.analysis.length": 28.329614639282227, "metadata.audio_properties.analysis.sample_rate": 44100.0, "metadata.audio_properties.analysis.start_time": 0.0, "metadata.audio_properties.bit_rate": 117956.0, "metadata.audio_properties.length": 28.33066749572754, "metadata.audio_properties.lossless": 0.0, "metadata.audio_properties.number_channels": 1.0, "metadata.audio_properties.replay_gain": -13.694013595581055, "metadata.audio_properties.sample_rate": 48000.0, "rhythm.beats_count": 44.0, "rhythm.beats_loudness.mean": 0.0734582170844078, "rhythm.beats_loudness.stdev": 0.039868567138910294, "rhythm.bpm": 94.49633026123047, "rhythm.bpm_histogram_first_peak_bpm": 94.0, "rhythm.bpm_histogram_first_peak_weight": 0.5348837375640869, "rhythm.bpm_histogram_second_peak_bpm": 0.0, "rhythm.bpm_histogram_second_peak_spread": 0.0, "rhythm.bpm_histogram_second_peak_weight": 0.0, "rhythm.danceability": 1.283653974533081, "rhythm.onset_rate": 4.479470729827881, "tonal.chords_changes_rate": 0.0882352963089943, "tonal.chords_number_rate": 0.02124183066189289, "tonal.chords_strength.mean": 0.49080145359039307, "tonal.chords_strength.stdev": 0.09669606387615204, "tonal.hpcp_crest.mean": 13.096986770629883, "tonal.hpcp_crest.stdev": 6.529240131378174, "tonal.hpcp_entropy.mean": 2.111417293548584, "tonal.hpcp_entropy.stdev": 0.8243093490600586, "tonal.key_edma.strength": 0.5354434847831726, "tonal.key_krumhansl.strength": 0.5393708348274231, "tonal.key_temperley.strength": 0.5335320234298706, "tonal.tuning_diatonic_strength": 0.41097334027290344, "tonal.tuning_equal_tempered_deviation": 0.23811745643615723, "tonal.tuning_frequency": 434.193115234375, "tonal.tuning_nontempered_energy_ratio": 0.9290538430213928, "lowlevel.barkbands.mean": [0.001986854709684849, 0.029401997104287148, 0.004901275038719177, 0.0019424778874963522, 0.0021868273615837097, 0.001144535024650395, 0.0005902737029828131, 0.0016574597684666514, 0.0006396585959009826, 0.0003853632078971714, 0.0002067518071271479, 0.0005659228190779686, 0.0004720801371149719, 0.00047684067976661026, 0.00033207828528247774, 0.00040233074105344713, 0.00024655088782310486, 0.00018959295994136482, 0.00025579784414730966, 0.0002823905670084059, 0.00019864350906573236, 0.00021742601529695094, 0.00016322394367307425, 0.00016222464910242707, 0.0004230926570016891, 0.0003288972657173872, 2.625613149120909e-07], "lowlevel.barkbands.stdev": [0.0031538528855890036, 0.032272592186927795, 0.011721108108758926, 0.004072783514857292, 0.006626904476433992, 0.002351245377212763, 0.0016144643304869533, 0.0053489976562559605, 0.001649353071115911, 0.0008709273533895612, 0.0006285469280555844, 0.0021781488321721554, 0.001678446657024324, 0.0012180436169728637, 0.0009006895706988871, 0.0012323769042268395, 0.0004923781962133944, 0.0004096871707588434, 0.0005656659486703575, 0.0004452613939065486, 0.00036987478961236775, 0.00044504160177893937, 0.0002914702636189759, 0.0003099942987319082, 0.0008798290509730577, 0.0006437581032514572, 1.4626255051553017e-06], "lowlevel.erbbands.mean": [0.904938280582428, 6.0945587158203125, 7.759059906005859, 6.427450656890869, 4.853837966918945, 9.17353343963623, 11.262752532958984, 7.741785526275635, 6.027848243713379, 14.619795799255371, 42.00756072998047, 15.326555252075195, 11.557093620300293, 12.016484260559082, 10.922857284545898, 24.864667892456055, 22.707015991210938, 27.073978424072266, 18.713462829589844, 22.44887351989746, 17.796667098999023, 14.190723419189453, 11.086822509765625, 8.937172889709473, 17.37091636657715, 12.738954544067383, 8.110245704650879, 7.7072224617004395, 7.920263767242432, 6.704458713531494, 4.2066264152526855, 2.5262200832366943, 3.475679397583008, 4.206149578094482, 3.284017562866211, 1.9271529912948608, 0.5214598774909973, 0.030055897310376167, 0.0006687235436402261, 9.619646152714267e-05], "lowlevel.erbbands.stdev": [1.1592659950256348, 7.037543773651123, 13.099756240844727, 13.625361442565918, 11.314804077148438, 32.97157669067383, 22.211366653442383, 19.20069122314453, 13.076104164123535, 38.37112808227539, 142.765380859375, 35.62289810180664, 31.879310607910156, 25.099756240844727, 36.76858901977539, 95.38190460205078, 75.09357452392578, 70.12281036376953, 43.04106903076172, 75.22834777832031, 40.49046325683594, 27.67597770690918, 22.565176010131836, 23.132549285888672, 33.13361740112305, 19.97566795349121, 14.474555015563965, 15.428426742553711, 16.697755813598633, 12.453939437866211, 7.590673923492432, 4.633168697357178, 7.005656719207764, 9.370277404785156, 6.806282997131348, 3.8503241539001465, 1.0222671031951904, 0.06204817816615105, 0.0012894198298454285, 9.677685739006847e-05], "lowlevel.gfcc.mean": [-17.687416076660156, 62.969547271728516, -87.64408111572266, 46.16907501220703, -42.35939025878906, 29.102527618408203, -30.25374984741211, 24.229217529296875, -22.64028549194336, 19.459375381469727, -18.238779067993164, 3.179377794265747, -10.338714599609375], "lowlevel.melbands.mean": [0.008136176504194736, 0.005479317624121904, 0.001035974477417767, 0.00048113835509866476, 0.00040105520747601986, 0.00017676592688076198, 0.00010198683594353497, 0.00018721041851677, 0.00032941673998720944, 8.227760554291308e-05, 5.661201066686772e-05, 4.932571027893573e-05, 3.084982017753646e-05, 5.912790584261529e-05, 5.179936852073297e-05, 5.3864270739723e-05, 4.8796573537401855e-05, 3.0137603971525095e-05, 2.2856422219774686e-05, 3.441916123847477e-05, 1.778206933522597e-05, 1.4715359611727763e-05, 1.2824924851884134e-05, 7.724211172899231e-06, 6.704858606099151e-06, 1.0557218047324568e-05, 1.4334365005197469e-05, 6.881064109620638e-06, 4.724261998489965e-06, 4.954385985911358e-06, 4.3062955228379e-06, 4.556180556392064e-06, 4.067642748850631e-06, 3.6208693927619606e-06, 2.555470018705819e-06, 1.740136440275819e-06, 1.4366285085998243e-06, 2.1301111701177433e-06, 3.0037376745895017e-06, 3.7892650652793236e-06], "lowlevel.melbands.stdev": [0.00935285072773695, 0.006849330849945545, 0.0020869504660367966, 0.0015242820372805, 0.0008370650466531515, 0.00040995492599904537, 0.00024183814821299165, 0.0004865060036536306, 0.0011377014452591538, 0.00019727100152522326, 0.00016049318946897984, 0.00010581141395960003, 0.00010625761933624744, 0.00022374953550752252, 0.0001818275632103905, 0.00018459696730133146, 0.0001274512760573998, 7.755602564429864e-05, 6.248452700674534e-05, 0.00012830397463403642, 3.94288326788228e-05, 3.025706610060297e-05, 2.679421959328465e-05, 1.7947391825146042e-05, 1.9464448996586725e-05, 2.296022285008803e-05, 2.518698420317378e-05, 1.178096226794878e-05, 8.943455213739071e-06, 9.103842785407323e-06, 9.347319064545445e-06, 9.99314033833798e-06, 8.1615189628792e-06, 6.757047231076285e-06, 4.766349320561858e-06, 3.1047252377902623e-06, 2.7847427190863527e-06, 4.292653557058657e-06, 6.402225608326262e-06, 8.808305210550316e-06], "lowlevel.melbands128.mean": [0.001756273559294641, 0.0072462297976017, 0.010584649629890919, 0.010359521955251694, 0.005268930923193693, 0.0021259570494294167, 0.0013619334204122424, 0.0008073948556557298, 0.00036063752486370504, 0.0004794756241608411, 0.0005744648515246809, 0.00038746933569200337, 0.0004212401108816266, 0.00032256299164146185, 0.00019943150982726365, 7.995536725502461e-05, 4.984689803677611e-05, 0.00010979220678564161, 0.00016416495782323182, 0.00013523022062145174, 0.00018255767645314336, 0.00037842890014871955, 0.0004614265635609627, 0.00013813948316965252, 5.9238620451651514e-05, 7.232675852719694e-05, 7.094493048498407e-05, 5.140041685081087e-05, 4.4309068471193314e-05, 6.619909981964156e-05, 4.6498294977936894e-05, 2.6678331778384745e-05, 2.9477712814696133e-05, 3.192377698724158e-05, 4.020317646791227e-05, 7.03104306012392e-05, 9.115376451518387e-05, 3.8040801882743835e-05, 3.9105969335651025e-05, 5.193202377995476e-05, 5.5939119192771614e-05, 5.9329209761926904e-05, 5.865782804903574e-05, 3.6826404539169744e-05, 2.9938892112113535e-05, 3.12243755615782e-05, 2.9471249945345335e-05, 1.3864480024494696e-05, 2.1355683202273212e-05, 4.0834576793713495e-05, 4.12795998272486e-05, 2.3169186533777975e-05, 1.7712458429741673e-05, 1.6012316336855292e-05, 1.506416538177291e-05, 1.557167161081452e-05, 1.3099958778184373e-05, 1.3859206774213817e-05, 1.3562476851802785e-05, 9.314111593994312e-06, 7.0709547799197026e-06, 6.456062237703009e-06, 7.109957550710533e-06, 6.448390649893554e-06, 6.707971351715969e-06, 9.1704168880824e-06, 1.379664900014177e-05, 1.57813719852129e-05, 1.5736099157948047e-05, 1.1048955457226839e-05, 6.43220892015961e-06, 4.950983566232026e-06, 4.454371719475603e-06, 4.536189862847095e-06, 5.215990313445218e-06, 5.254400093690492e-06, 4.8665601752873044e-06, 4.139072188991122e-06, 4.3363602344470564e-06, 4.205367986287456e-06, 4.557656211545691e-06, 4.898232873529196e-06, 4.225563770887675e-06, 3.901012405549409e-06, 4.04961610911414e-06, 3.765989276871551e-06, 3.4899865113402484e-06, 3.2364705475629307e-06, 2.3701593363512075e-06, 2.3009565666143317e-06, 1.9374779185454827e-06, 1.5995783542166464e-06, 1.3499673059413908e-06, 1.3741620250584674e-06, 1.46790978305944e-06, 1.7205976519107935e-06, 2.102499365719268e-06, 3.034237579413457e-06, 2.889753886847757e-06, 3.0094770409050398e-06, 3.5229563764005434e-06, 4.383715804578969e-06, 3.4359732126176823e-06, 3.657363095044275e-06, 3.505677568682586e-06, 4.13666020904202e-06, 3.676553205878008e-06, 3.517869799907203e-06, 3.6874816942145117e-06, 3.0996432087704306e-06, 2.6774569050758146e-06, 2.1825562726007774e-06, 1.577027319399349e-06, 1.0026346899394412e-06, 5.589548095485952e-07, 1.407559580002271e-07, 1.6112201350892974e-08, 1.9779783366757897e-10, 1.5147470083798353e-11, 1.4767560438389005e-11, 1.4452641340645389e-11, 1.4213011843844381e-11, 1.3959440374466947e-11, 1.3475634670634395e-11, 1.1450611292485036e-11, 8.144830296319405e-12, 6.3465864508227554e-12, 6.04547792035226e-12], "lowlevel.melbands128.stdev": [0.0029047925490885973, 0.010469081811606884, 0.01339572574943304, 0.012299707159399986, 0.007925004698336124, 0.005430799908936024, 0.0031529562547802925, 0.0018803681014105678, 0.0010680535342544317, 0.0018167676171287894, 0.0023262491449713707, 0.0011172592639923096, 0.0009241747902706265, 0.0007977445493452251, 0.000645030930172652, 0.0002303301153006032, 0.0001367557852063328, 0.0003106031217612326, 0.0005283018690533936, 0.0005547094624489546, 0.0007076517795212567, 0.0013795581180602312, 0.0019385580671951175, 0.0005261049373075366, 0.0001679951383266598, 0.00026048990548588336, 0.0003327532613184303, 0.00018445486784912646, 0.00017252274847123772, 0.00016124850662890822, 0.00014074523642193526, 8.757150499150157e-05, 0.00015815245569683611, 0.0001341314346063882, 0.0002936359669547528, 0.0003195471363142133, 0.0004699486307799816, 0.0002024682326009497, 0.00019052989955525845, 0.00025873639970086515, 0.0003135467413812876, 0.0002305688103660941, 0.00022234924836084247, 7.801654282957315e-05, 0.0001105383998947218, 0.00010279980051564053, 9.66590887401253e-05, 3.882123564835638e-05, 8.24100206955336e-05, 0.0001999069208977744, 0.00024365905846934766, 6.58158678561449e-05, 4.637503661797382e-05, 4.40827316197101e-05, 3.728010051418096e-05, 3.9932529034558684e-05, 3.201632353011519e-05, 3.585516242310405e-05, 3.480214945739135e-05, 2.5215113055310212e-05, 1.986907227546908e-05, 1.8840186385205016e-05, 2.403001781203784e-05, 2.1123496480868198e-05, 2.146301994798705e-05, 2.367634624533821e-05, 3.5082270187558606e-05, 4.3045070924563333e-05, 2.9964658097014762e-05, 2.02216087927809e-05, 1.4533852663589641e-05, 1.0544345968810376e-05, 9.262892490369268e-06, 1.019750015984755e-05, 1.0680727427825332e-05, 9.679450158728287e-06, 1.0125374501512852e-05, 9.30167061596876e-06, 1.0581468814052641e-05, 1.0662362910807133e-05, 1.0617724910844117e-05, 1.1374940186215099e-05, 9.882033737085294e-06, 8.247001460404135e-06, 8.645113666716497e-06, 7.317949894058984e-06, 7.168030151660787e-06, 6.564087925653439e-06, 4.768944563693367e-06, 4.658473244489869e-06, 3.5980103803012753e-06, 3.0614335173595464e-06, 2.7711027996701887e-06, 3.0419353151955875e-06, 3.2062002901511732e-06, 3.7004285786679247e-06, 4.6156105781847145e-06, 7.308588919840986e-06, 6.523693173221545e-06, 6.529426173074171e-06, 9.565255822963081e-06, 1.0923636182269547e-05, 8.257014997070655e-06, 8.659257218823768e-06, 8.265464202850126e-06, 8.782859367784113e-06, 7.587158506794367e-06, 7.361938969552284e-06, 8.09762150311144e-06, 6.6075717768399045e-06, 5.825709195050877e-06, 4.653871656046249e-06, 3.232849394407822e-06, 2.1661674054485047e-06, 1.3639278222399298e-06, 4.742310011351947e-07, 6.953261788567033e-08, 2.3284663086542423e-09, 1.5543055731370714e-10, 1.555457568302998e-10, 1.555871126379671e-10, 1.554643913603826e-10, 1.5482796988930403e-10, 1.4699907957549385e-10, 1.0690503343679936e-10, 4.1800913425094066e-11, 1.1465045926528639e-11, 1.010354473696129e-11], "lowlevel.mfcc.mean": [-671.7538452148438, 98.85984802246094, 16.715717315673828, 31.69158172607422, 15.88839340209961, 15.46766185760498, 11.910931587219238, 5.500216007232666, 11.085861206054688, 10.21630859375, 9.882100105285645, 0.384709894657135, 7.297770023345947], "lowlevel.spectral_contrast_coeffs.mean": [-0.6939301490783691, -0.7627260088920593, -0.7957181334495544, -0.8023329377174377, -0.8011321425437927, -0.7654386758804321], "lowlevel.spectral_contrast_coeffs.stdev": [0.0795770213007927, 0.09362230449914932, 0.0653630942106247, 0.057749297469854355, 0.04841187596321106, 0.03942607343196869], "lowlevel.spectral_contrast_valleys.mean": [-7.016915798187256, -7.422486305236816, -7.922754764556885, -7.8912577629089355, -7.731899261474609, -10.186294555664062], "lowlevel.spectral_contrast_valleys.stdev": [1.111882209777832, 0.9651442766189575, 1.0086560249328613, 0.9752457141876221, 0.9181891679763794, 1.2231025695800781], "rhythm.beats_loudness_band_ratio.mean": [0.6343526244163513, 0.10663096606731415, 0.04662402719259262, 0.06804250925779343, 0.05443442240357399, 0.09652617573738098], "rhythm.beats_loudness_band_ratio.stdev": [0.3051188588142395, 0.127584770321846, 0.07627314329147339, 0.08779272437095642, 0.0527166984975338, 0.08822908252477646], "tonal.hpcp.mean": [0.06635832041501999, 0.06035630404949188, 0.06227990239858627, 0.09015535563230515, 0.08762452751398087, 0.05118826776742935, 0.03905460610985756, 0.04565040022134781, 0.04582817852497101, 0.047025807201862335, 0.047858476638793945, 0.05640876293182373, 0.06742887943983078, 0.07369077950716019, 0.10053738951683044, 0.21485592424869537, 0.2749277353286743, 0.16298332810401917, 0.07456520944833755, 0.05858083441853523, 0.050306763499975204, 0.08504331856966019, 0.12488309293985367, 0.118630051612854, 0.2053012251853943, 0.2340625375509262, 0.1441107988357544, 0.12335916608572006, 0.1253734827041626, 0.11001814901828766, 0.08301142603158951, 0.06263548135757446, 0.05669648200273514, 0.06006363779306412, 0.06064046546816826, 0.062079135328531265], "tonal.hpcp.stdev": [0.1669268161058426, 0.15898185968399048, 0.1584874987602234, 0.21997655928134918, 0.21697071194648743, 0.1524202823638916, 0.12823361158370972, 0.1448562741279602, 0.14653557538986206, 0.1336214244365692, 0.13195118308067322, 0.15910938382148743, 0.18993708491325378, 0.18679334223270416, 0.2070665806531906, 0.31340962648391724, 0.38717222213745117, 0.25568893551826477, 0.17941708862781525, 0.1601300984621048, 0.1457764059305191, 0.1999211311340332, 0.2776198983192444, 0.22709126770496368, 0.3306237757205963, 0.36172106862068176, 0.25959041714668274, 0.2680146098136902, 0.2636525630950928, 0.24921180307865143, 0.2164766639471054, 0.17406998574733734, 0.17166176438331604, 0.17765362560749054, 0.17861318588256836, 0.18179689347743988], "rhythm.beats_position": [0.650158703327179, 1.300317406654358, 1.9272562265396118, 2.5774149894714355, 3.2043535709381104, 3.8312923908233643, 4.481451034545898, 5.108389854431152, 5.746938705444336, 6.3854875564575195, 7.012426376342773, 7.639364719390869, 8.277914047241211, 8.916461944580078, 9.555010795593262, 10.193559646606445, 10.8204984664917, 11.459047317504883, 12.097596168518066, 12.72453498840332, 13.363083839416504, 14.001632690429688, 14.628571510314941, 15.278729438781738, 15.905668258666992, 16.532608032226562, 17.17115592956543, 17.80970573425293, 18.436643600463867, 19.086801528930664, 19.713741302490234, 20.3522891998291, 20.979228973388672, 21.61777687072754, 22.24471664428711, 22.883264541625977, 23.521814346313477, 24.148752212524414, 24.787302017211914, 25.42584991455078, 26.06439781188965, 26.69133758544922, 27.329885482788086, 27.956825256347656], "rhythm.bpm_histogram": [0.0, 0.0, 0.0, 0.0, 0.0, 0.0, 0.0, 0.0, 0.0, 0.0, 0.0, 0.0, 0.0, 0.0, 0.0, 0.0, 0.0, 0.0, 0.0, 0.0, 0.0, 0.0, 0.0, 0.0, 0.0, 0.0, 0.0, 0.0, 0.0, 0.0, 0.0, 0.0, 0.0, 0.0, 0.0, 0.0, 0.0, 0.0, 0.0, 0.0, 0.0, 0.0, 0.0, 0.0, 0.0, 0.0, 0.0, 0.0, 0.0, 0.0, 0.0, 0.0, 0.0, 0.0, 0.0, 0.0, 0.0, 0.0, 0.0, 0.0, 0.0, 0.0, 0.0, 0.0, 0.0, 0.0, 0.0, 0.0, 0.0, 0.0, 0.0, 0.0, 0.0, 0.0, 0.0, 0.0, 0.0, 0.0, 0.0, 0.0, 0.0, 0.0, 0.0, 0.0, 0.0, 0.0, 0.0, 0.0, 0.0, 0.0, 0.0, 0.0, 0.11627907305955887, 0.0, 0.4651162922382355, 0.0, 0.41860464215278625, 0.0, 0.0, 0.0, 0.0, 0.0, 0.0, 0.0, 0.0, 0.0, 0.0, 0.0, 0.0, 0.0, 0.0, 0.0, 0.0, 0.0, 0.0, 0.0, 0.0, 0.0, 0.0, 0.0, 0.0, 0.0, 0.0, 0.0, 0.0, 0.0, 0.0, 0.0, 0.0, 0.0, 0.0, 0.0, 0.0, 0.0, 0.0, 0.0, 0.0, 0.0, 0.0, 0.0, 0.0, 0.0, 0.0, 0.0, 0.0, 0.0, 0.0, 0.0, 0.0, 0.0, 0.0, 0.0, 0.0, 0.0, 0.0, 0.0, 0.0, 0.0, 0.0, 0.0, 0.0, 0.0, 0.0, 0.0, 0.0, 0.0, 0.0, 0.0, 0.0, 0.0, 0.0, 0.0, 0.0, 0.0, 0.0, 0.0, 0.0, 0.0, 0.0, 0.0, 0.0, 0.0, 0.0, 0.0, 0.0, 0.0, 0.0, 0.0, 0.0, 0.0, 0.0, 0.0, 0.0, 0.0, 0.0, 0.0, 0.0, 0.0, 0.0, 0.0, 0.0, 0.0, 0.0, 0.0, 0.0, 0.0, 0.0, 0.0, 0.0, 0.0, 0.0, 0.0, 0.0, 0.0, 0.0, 0.0, 0.0, 0.0, 0.0, 0.0, 0.0, 0.0, 0.0, 0.0, 0.0, 0.0, 0.0, 0.0, 0.0, 0.0, 0.0, 0.0, 0.0, 0.0, 0.0, 0.0, 0.0, 0.0, 0.0, 0.0, 0.0, 0.0, 0.0, 0.0, 0.0, 0.0, 0.0, 0.0, 0.0, 0.0], "tonal.chords_histogram": [42.156864166259766, 1.1437908411026, 0.0, 0.0, 4.901960849761963, 2.6143791675567627, 8.006535530090332, 2.777777671813965, 0.0, 5.718954086303711, 3.1045751571655273, 0.0, 0.0, 0.0, 0.0, 0.0, 7.352941036224365, 4.5751633644104, 0.32679739594459534, 1.1437908411026, 2.2875816822052, 0.0, 0.4901960790157318, 13.398693084716797], "tonal.thpcp": [1.0, 0.5928224325180054, 0.2712174952030182, 0.21307720243930817, 0.18298177421092987, 0.30932971835136414, 0.45423969626426697, 0.43149539828300476, 0.7467461228370667, 0.8513602018356323, 0.5241770148277283, 0.44869670271873474, 0.4560233950614929, 0.400171160697937, 0.30193907022476196, 0.22782525420188904, 0.20622321963310242, 0.21847063302993774, 0.22056874632835388, 0.22580164670944214, 0.2413664162158966, 0.21953515708446503, 0.22653190791606903, 0.32792383432388306, 0.31871840357780457, 0.18618808686733246, 0.14205408096313477, 0.16604508459568024, 0.16669172048568726, 0.1710478812456131, 0.17407657206058502, 0.2051766961812973, 0.24526037275791168, 0.2680369019508362, 0.3656865954399109, 0.7814996242523193], "lowlevel.gfcc.cov": [[9929.482421875, -584.3348999023438, 155.45889282226562, -579.9113159179688, 37.28189468383789, 143.4105682373047, -323.2233581542969, 146.25738525390625, -386.3009338378906, 318.4828796386719, -288.21502685546875, 167.0184326171875, -278.7153015136719], [-584.3348999023438, 2076.898681640625, -184.46751403808594, -107.31818389892578, 325.7303161621094, -278.892578125, 68.91563415527344, -78.3201675415039, 187.2672576904297, -127.92259216308594, 232.5877685546875, -178.7216033935547, 133.76113891601562], [155.45889282226562, -184.46751403808594, 1014.5799560546875, 355.46624755859375, 286.2835388183594, 197.34605407714844, 45.31401824951172, 12.28415584564209, 50.623779296875, -5.5477190017700195, -3.878775119781494, 93.79508972167969, -14.168370246887207], [-579.9113159179688, -107.31818389892578, 355.46624755859375, 564.9529418945312, 181.55323791503906, 39.650550842285156, 57.72542190551758, 24.729093551635742, 101.35317993164062, -78.06804656982422, 37.026248931884766, 14.49178409576416, 50.98466873168945], [37.28189468383789, 325.7303161621094, 286.2835388183594, 181.55323791503906, 439.50469970703125, 136.4307861328125, 156.36036682128906, 92.37467193603516, 144.85733032226562, 20.198257446289062, 53.60063171386719, -3.307307004928589, 61.165802001953125], [143.4105682373047, -278.892578125, 197.34605407714844, 39.650550842285156, 136.4307861328125, 361.1382141113281, 254.08078002929688, 81.79268646240234, 33.258907318115234, 87.6795883178711, 2.989882707595825, 26.812639236450195, -11.932321548461914], [-323.2233581542969, 68.91563415527344, 45.31401824951172, 57.72542190551758, 156.36036682128906, 254.08078002929688, 408.65447998046875, 131.3737335205078, 102.55179595947266, 56.56045150756836, 90.70419311523438, -14.075836181640625, 19.30219841003418], [146.25738525390625, -78.3201675415039, 12.28415584564209, 24.729093551635742, 92.37467193603516, 81.79268646240234, 131.3737335205078, 195.30116271972656, 111.12228393554688, 59.22151565551758, 13.928863525390625, 12.14957046508789, 12.762395858764648], [-386.3009338378906, 187.2672576904297, 50.623779296875, 101.35317993164062, 144.85733032226562, 33.258907318115234, 102.55179595947266, 111.12228393554688, 208.88003540039062, 37.672367095947266, 63.39496994018555, -21.516178131103516, 58.1684455871582], [318.4828796386719, -127.92259216308594, -5.5477190017700195, -78.06804656982422, 20.198257446289062, 87.6795883178711, 56.56045150756836, 59.22151565551758, 37.672367095947266, 149.75181579589844, 28.932676315307617, 24.223148345947266, -18.010055541992188], [-288.21502685546875, 232.5877685546875, -3.878775119781494, 37.026248931884766, 53.60063171386719, 2.989882707595825, 90.70419311523438, 13.928863525390625, 63.39496994018555, 28.932676315307617, 145.69239807128906, 22.38068962097168, 34.77694320678711], [167.0184326171875, -178.7216033935547, 93.79508972167969, 14.49178409576416, -3.307307004928589, 26.812639236450195, -14.075836181640625, 12.14957046508789, -21.516178131103516, 24.223148345947266, 22.38068962097168, 130.7240447998047, 33.18098068237305], [-278.7153015136719, 133.76113891601562, -14.168370246887207, 50.98466873168945, 61.165802001953125, -11.932321548461914, 19.30219841003418, 12.762395858764648, 58.1684455871582, -18.010055541992188, 34.77694320678711, 33.18098068237305, 111.96835327148438]], "lowlevel.gfcc.icov": [[0.00015973110566847026, -0.00010491642024135217, 6.655254765064456e-07, 1.0214159374299925e-05, -0.00011459476809250191, -0.00010842924530152231, 0.00023837231856305152, -0.0003974962455686182, 0.00047019991325214505, -0.00037852025707252324, 0.00025959406048059464, -0.00022899509349372238, 0.00025571236619725823], [-0.00010491642024135217, 0.0017925938591361046, -0.00017538269457872957, 0.0013561475789174438, -0.0016008431557565928, 0.0016776276752352715, -0.0007066997932270169, 0.0012744730338454247, -0.0008640885935164988, 0.0016570081934332848, -0.0025678551755845547, 0.0022690061014145613, -0.0011719261528924108], [6.655254765064456e-07, -0.00017538269457872957, 0.002034431556239724, -0.0010105390101671219, -0.0009269437287002802, -0.0012208218686282635, 0.0006777264061383903, 0.0006815493106842041, -0.0007188611198216677, 0.000372010690625757, 0.0005609575309790671, -0.002143919700756669, 0.002004902111366391], [1.0214159374299925e-05, 0.0013561475789174438, -0.0010105390101671219, 0.004020702559500933, -0.0015397581737488508, 0.0011427539866417646, -0.0004378462035674602, 0.000744820456020534, -0.0016009341925382614, 0.0030943744350224733, -0.0023678913712501526, 0.0015516707208007574, -0.000994809321127832], [-0.00011459476809250191, -0.0016008431557565928, -0.0009269437287002802, -0.0015397581737488508, 0.005969412624835968, -0.0022214013151824474, 0.0001513547613285482, -0.001514043309725821, -0.0007854916620999575, -0.00112763827200979, 0.001516006770543754, -0.00029331681434996426, -0.001297460519708693], [-0.00010842924530152231, 0.0016776276752352715, -0.0012208218686282635, 0.0011427539866417646, -0.0022214013151824474, 0.01018383726477623, -0.006781267002224922, 0.0026874090544879436, 5.092062110634288e-06, -0.002523320261389017, 0.0020180155988782644, 0.0004197616071905941, -0.0009471062803640962], [0.00023837231856305152, -0.0007066997932270169, 0.0006777264061383903, -0.0004378462035674602, 0.0001513547613285482, -0.006781267002224922, 0.00892079621553421, -0.0047550201416015625, 0.0014902848051860929, 0.00139170465990901, -0.004546928685158491, 0.0017904413398355246, 0.0002528392360545695], [-0.0003974962455686182, 0.0012744730338454247, 0.0006815493106842041, 0.000744820456020534, -0.001514043309725821, 0.0026874090544879436, -0.0047550201416015625, 0.013048537075519562, -0.007957587018609047, -0.00024841103004291654, 0.002747886348515749, -0.0028154426254332066, 0.0017559232655912638], [0.00047019991325214505, -0.0008640885935164988, -0.0007188611198216677, -0.0016009341925382614, -0.0007854916620999575, 5.092062110634288e-06, 0.0014902848051860929, -0.007957587018609047, 0.014926783740520477, -0.004662639927119017, -0.0022219272796064615, 0.004844289738684893, -0.005329534411430359], [-0.00037852025707252324, 0.0016570081934332848, 0.000372010690625757, 0.0030943744350224733, -0.00112763827200979, -0.002523320261389017, 0.00139170465990901, -0.00024841103004291654, -0.004662639927119017, 0.014389228075742722, -0.00593485776335001, -0.00025295515661127865, 0.002506891032680869], [0.00025959406048059464, -0.0025678551755845547, 0.0005609575309790671, -0.0023678913712501526, 0.001516006770543754, 0.0020180155988782644, -0.004546928685158491, 0.002747886348515749, -0.0022219272796064615, -0.00593485776335001, 0.016932282596826553, -0.007765910122543573, 0.001962522976100445], [-0.00022899509349372238, 0.0022690061014145613, -0.002143919700756669, 0.0015516707208007574, -0.00029331681434996426, 0.0004197616071905941, 0.0017904413398355246, -0.0028154426254332066, 0.004844289738684893, -0.00025295515661127865, -0.007765910122543573, 0.017310047522187233, -0.009316246956586838], [0.00025571236619725823, -0.0011719261528924108, 0.002004902111366391, -0.000994809321127832, -0.001297460519708693, -0.0009471062803640962, 0.0002528392360545695, 0.0017559232655912638, -0.005329534411430359, 0.002506891032680869, 0.001962522976100445, -0.009316246956586838, 0.017361653968691826]], "lowlevel.mfcc.cov": [[8693.3779296875, -192.0598602294922, -261.0122985839844, -483.77252197265625, 32.45842742919922, -142.8670654296875, 5.573057174682617, -258.4808349609375, -38.28776931762695, -141.7360076904297, -10.95211410522461, -83.89620208740234, 110.47959899902344], [-192.0598602294922, 1863.6265869140625, -292.54638671875, 60.00370407104492, 134.91050720214844, -99.04723358154297, -22.408933639526367, -51.89260482788086, -53.76399230957031, 51.69845199584961, -3.621602773666382, 16.95013427734375, 138.95704650878906], [-261.0122985839844, -292.54638671875, 668.3926391601562, 196.52598571777344, 191.83200073242188, 150.4856719970703, 40.805145263671875, 84.62751770019531, 17.764690399169922, -51.579505920410156, -22.799331665039062, 53.2301025390625, -4.6370530128479], [-483.77252197265625, 60.00370407104492, 196.52598571777344, 456.861328125, 234.5764923095703, 19.3668155670166, -24.329187393188477, 88.07421112060547, 26.750022888183594, 3.3800296783447266, -40.71122360229492, 18.99745750427246, 37.94839859008789], [32.45842742919922, 134.91050720214844, 191.83200073242188, 234.5764923095703, 367.1550598144531, 65.96758270263672, -27.60477066040039, 53.2838020324707, 75.25167846679688, 8.150552749633789, -21.510507583618164, 19.60672378540039, 44.08949661254883], [-142.8670654296875, -99.04723358154297, 150.4856719970703, 19.3668155670166, 65.96758270263672, 273.98040771484375, 174.66465759277344, 82.90230560302734, 80.27179718017578, 56.34288024902344, 57.827598571777344, 43.384559631347656, -8.210740089416504], [5.573057174682617, -22.408933639526367, 40.805145263671875, -24.329187393188477, -27.60477066040039, 174.66465759277344, 258.3305358886719, 122.82489013671875, 73.56854248046875, 77.20323944091797, 80.02948760986328, 51.58769226074219, 13.625082969665527], [-258.4808349609375, -51.89260482788086, 84.62751770019531, 88.07421112060547, 53.2838020324707, 82.90230560302734, 122.82489013671875, 192.1902313232422, 105.00505828857422, 70.94577026367188, 33.80659866333008, 47.149871826171875, 19.63766860961914], [-38.28776931762695, -53.76399230957031, 17.764690399169922, 26.750022888183594, 75.25167846679688, 80.27179718017578, 73.56854248046875, 105.00505828857422, 186.81813049316406, 110.50472259521484, 49.58323669433594, 21.457727432250977, 21.54487419128418], [-141.7360076904297, 51.69845199584961, -51.579505920410156, 3.3800296783447266, 8.150552749633789, 56.34288024902344, 77.20323944091797, 70.94577026367188, 110.50472259521484, 182.89181518554688, 93.50900268554688, 36.91994094848633, 24.55371856689453], [-10.95211410522461, -3.621602773666382, -22.799331665039062, -40.71122360229492, -21.510507583618164, 57.827598571777344, 80.02948760986328, 33.80659866333008, 49.58323669433594, 93.50900268554688, 135.59005737304688, 49.028472900390625, 31.334110260009766], [-83.89620208740234, 16.95013427734375, 53.2301025390625, 18.99745750427246, 19.60672378540039, 43.384559631347656, 51.58769226074219, 47.149871826171875, 21.457727432250977, 36.91994094848633, 49.028472900390625, 107.01969146728516, 52.08808517456055], [110.47959899902344, 138.95704650878906, -4.6370530128479, 37.94839859008789, 44.08949661254883, -8.210740089416504, 13.625082969665527, 19.63766860961914, 21.54487419128418, 24.55371856689453, 31.334110260009766, 52.08808517456055, 120.12969970703125]], "lowlevel.mfcc.icov": [[0.00014694682613480836, 5.855649942532182e-05, 3.146403469145298e-05, 0.00020491085888352245, -0.00024738669162616134, 0.00020550067711155862, -0.00031303626019507647, 0.00026576584787108004, -5.673156556440517e-05, 0.00010478069452801719, 2.9760560209979303e-05, 0.00013062376820016652, -0.0002451346954330802], [5.855649942532182e-05, 0.0007666959427297115, 0.0003993526624981314, 0.0001337793655693531, -0.0007212727214209735, 0.0002811396261677146, -0.0005211136303842068, 0.00026231654919683933, 0.0006961966282688081, -0.0005379418144002557, 0.00040594255551695824, 0.00012615814921446145, -0.0008428916917182505], [3.146403469145298e-05, 0.0003993526624981314, 0.0025763451121747494, -0.00042812706669792533, -0.000994269154034555, -0.001217311481013894, 0.00032737822039052844, -0.0006684656254947186, 0.0006187226390466094, 0.0009400615817867219, 0.00010132103489013389, -0.001031242311000824, 0.00021527617354877293], [0.00020491085888352245, 0.0001337793655693531, -0.00042812706669792533, 0.00430562486872077, -0.002558363601565361, 0.0005162276793271303, 0.0001615190994925797, -0.001857825554907322, 0.0016581431264057755, -0.0010181444231420755, 0.001103422837331891, 0.0006451237131841481, -0.0011170420330017805], [-0.00024738669162616134, -0.0007212727214209735, -0.000994269154034555, -0.002558363601565361, 0.006457920651882887, -0.0022801458835601807, 0.002759935101494193, -0.0001731379161356017, -0.0028801560401916504, 0.0009224897366948426, 3.1939383916324005e-05, -9.931871318258345e-05, -0.0006163792568258941], [0.00020550067711155862, 0.0002811396261677146, -0.001217311481013894, 0.0005162276793271303, -0.0022801458835601807, 0.009489446878433228, -0.006950423587113619, 0.002745394827798009, -0.0018193585565313697, 6.032178134773858e-05, -0.0004670800408348441, -0.001074602478183806, 0.0020024552941322327], [-0.00031303626019507647, -0.0005211136303842068, 0.00032737822039052844, 0.0001615190994925797, 0.002759935101494193, -0.006950423587113619, 0.012409662827849388, -0.006642372813075781, 0.0011882090475410223, -1.8998531231773086e-05, -0.0025318036787211895, 9.720538218971342e-05, -0.0005483556305989623], [0.00026576584787108004, 0.00026231654919683933, -0.0006684656254947186, -0.001857825554907322, -0.0001731379161356017, 0.002745394827798009, -0.006642372813075781, 0.013384409248828888, -0.005604614038020372, -0.00035327320802025497, 0.0019357370911166072, -0.002911883872002363, 0.0006648952257819474], [-5.673156556440517e-05, 0.0006961966282688081, 0.0006187226390466094, 0.0016581431264057755, -0.0028801560401916504, -0.0018193585565313697, 0.0011882090475410223, -0.005604614038020372, 0.013439513742923737, -0.006471347529441118, 0.0006981096230447292, 0.002555839018896222, -0.0019168491708114743], [0.00010478069452801719, -0.0005379418144002557, 0.0009400615817867219, -0.0010181444231420755, 0.0009224897366948426, 6.032178134773858e-05, -1.8998531231773086e-05, -0.00035327320802025497, -0.006471347529441118, 0.013490338809788227, -0.006795922759920359, -0.000980186858214438, 0.0012101660249754786], [2.9760560209979303e-05, 0.00040594255551695824, 0.00010132103489013389, 0.001103422837331891, 3.1939383916324005e-05, -0.0004670800408348441, -0.0025318036787211895, 0.0019357370911166072, 0.0006981096230447292, -0.006795922759920359, 0.015110868960618973, -0.0034297879319638014, -0.0021049787756055593], [0.00013062376820016652, 0.00012615814921446145, -0.001031242311000824, 0.0006451237131841481, -9.931871318258345e-05, -0.001074602478183806, 9.720538218971342e-05, -0.002911883872002363, 0.002555839018896222, -0.000980186858214438, -0.0034297879319638014, 0.016023170202970505, -0.006392726209014654], [-0.0002451346954330802, -0.0008428916917182505, 0.00021527617354877293, -0.0011170420330017805, -0.0006163792568258941, 0.0020024552941322327, -0.0005483556305989623, 0.0006648952257819474, -0.0019168491708114743, 0.0012101660249754786, -0.0021049787756055593, -0.006392726209014654,