{"song_id": "1183689239607640145", "download": "https://cdn.discordapp.com/attachments/1135903449314238464/1183689239607640145/chirp.mp4?ex=65893f82&amp", "lyrics": "istedi\u011fin neyse s\u00f6yle bana\noynayal\u0131m i\u015fte hafta sonunda\nhafta sonunda R\u0131fk\u0131 oyunda\nnefes al\u0131yorsak her \u015fey yolunda\n\nher hafta videolar kendi g\u00fcn\u00fcnde\ncumartesi bekleriz saat onbirde\n\narad\u0131\u011f\u0131n oyunsa ders aras\u0131nda \nseni bekliyoruz R\u0131fk\u0131 oyunda\narad\u0131\u011f\u0131n oyunsa hafta sonunda \nseni bekliyoruz R\u0131fk\u0131 oyunda\nR\u0131fk\u0131 oyunda \nhafta sonunda \nR\u0131fk\u0131 oyunda \nher \u015fey yolunda", "style": ["random"], "essentia_features": {"lowlevel.average_loudness": 0.9837498664855957, "lowlevel.barkbands_crest.mean": 14.170555114746094, "lowlevel.barkbands_crest.stdev": 5.230834484100342, "lowlevel.barkbands_flatness_db.mean": 0.22682446241378784, "lowlevel.barkbands_flatness_db.stdev": 0.0848374217748642, "lowlevel.barkbands_kurtosis.mean": 23.8075008392334, "lowlevel.barkbands_kurtosis.stdev": 40.44565200805664, "lowlevel.barkbands_skewness.mean": 3.396433115005493, "lowlevel.barkbands_skewness.stdev": 2.458258628845215, "lowlevel.barkbands_spread.mean": 12.679031372070312, "lowlevel.barkbands_spread.stdev": 12.970683097839355, "lowlevel.dissonance.mean": 0.456791490316391, "lowlevel.dissonance.stdev": 0.028406543657183647, "lowlevel.dynamic_complexity": 2.8197741508483887, "lowlevel.erbbands_crest.mean": 8.693107604980469, "lowlevel.erbbands_crest.stdev": 3.9328484535217285, "lowlevel.erbbands_flatness_db.mean": 0.16081959009170532, "lowlevel.erbbands_flatness_db.stdev": 0.04358202591538429, "lowlevel.erbbands_kurtosis.mean": 0.20463129878044128, "lowlevel.erbbands_kurtosis.stdev": 1.5867091417312622, "lowlevel.erbbands_skewness.mean": 0.26815107464790344, "lowlevel.erbbands_skewness.stdev": 0.6880738735198975, "lowlevel.erbbands_spread.mean": 41.115623474121094, "lowlevel.erbbands_spread.stdev": 20.282562255859375, "lowlevel.hfc.mean": 14.376545906066895, "lowlevel.hfc.stdev": 12.99867057800293, "lowlevel.loudness_ebu128.integrated": -15.342164039611816, "lowlevel.loudness_ebu128.loudness_range": 2.0190372467041016, "lowlevel.loudness_ebu128.momentary.mean": -15.682266235351562, "lowlevel.loudness_ebu128.momentary.stdev": 1.8653831481933594, "lowlevel.loudness_ebu128.short_term.mean": -15.437113761901855, "lowlevel.loudness_ebu128.short_term.stdev": 0.7333700656890869, "lowlevel.melbands_crest.mean": 23.843650817871094, "lowlevel.melbands_crest.stdev": 7.995128154754639, "lowlevel.melbands_flatness_db.mean": 0.3169829547405243, "lowlevel.melbands_flatness_db.stdev": 0.10023008286952972, "lowlevel.melbands_kurtosis.mean": 51.0264778137207, "lowlevel.melbands_kurtosis.stdev": 81.50988006591797, "lowlevel.melbands_skewness.mean": 4.894117832183838, "lowlevel.melbands_skewness.stdev": 3.1982619762420654, "lowlevel.melbands_spread.mean": 11.385503768920898, "lowlevel.melbands_spread.stdev": 14.95071792602539, "lowlevel.pitch_salience.mean": 0.3978784680366516, "lowlevel.pitch_salience.stdev": 0.1651211380958557, "lowlevel.silence_rate_20dB.mean": 1.0, "lowlevel.silence_rate_20dB.stdev": 0.0, "lowlevel.silence_rate_30dB.mean": 0.8030887842178345, "lowlevel.silence_rate_30dB.stdev": 0.39766407012939453, "lowlevel.silence_rate_60dB.mean": 0.019305018708109856, "lowlevel.silence_rate_60dB.stdev": 0.13759435713291168, "lowlevel.spectral_centroid.mean": 931.8253173828125, "lowlevel.spectral_centroid.stdev": 609.3280029296875, "lowlevel.spectral_complexity.mean": 14.038610458374023, "lowlevel.spectral_complexity.stdev": 8.42618465423584, "lowlevel.spectral_decrease.mean": -1.631832446946646e-08, "lowlevel.spectral_decrease.stdev": 1.508792557558536e-08, "lowlevel.spectral_energy.mean": 0.06289312243461609, "lowlevel.spectral_energy.stdev": 0.05738672986626625, "lowlevel.spectral_energyband_high.mean": 0.0004842529888264835, "lowlevel.spectral_energyband_high.stdev": 0.0010505601530894637, "lowlevel.spectral_energyband_low.mean": 0.0480324923992157, "lowlevel.spectral_energyband_low.stdev": 0.05527530238032341, "lowlevel.spectral_energyband_middle_high.mean": 0.002853418467566371, "lowlevel.spectral_energyband_middle_high.stdev": 0.0032775227446109056, "lowlevel.spectral_energyband_middle_low.mean": 0.01314225047826767, "lowlevel.spectral_energyband_middle_low.stdev": 0.019741835072636604, "lowlevel.spectral_entropy.mean": 7.276009559631348, "lowlevel.spectral_entropy.stdev": 0.4564972519874573, "lowlevel.spectral_flux.mean": 0.11639349907636642, "lowlevel.spectral_flux.stdev": 0.0930975005030632, "lowlevel.spectral_kurtosis.mean": 7.083087921142578, "lowlevel.spectral_kurtosis.stdev": 4.405387878417969, "lowlevel.spectral_rms.mean": 0.007109952624887228, "lowlevel.spectral_rms.stdev": 0.003287514904513955, "lowlevel.spectral_rolloff.mean": 629.6192016601562, "lowlevel.spectral_rolloff.stdev": 1265.799072265625, "lowlevel.spectral_skewness.mean": 1.9567090272903442, "lowlevel.spectral_skewness.stdev": 0.5720690488815308, "lowlevel.spectral_spread.mean": 3985401.25, "lowlevel.spectral_spread.stdev": 1672649.25, "lowlevel.spectral_strongpeak.mean": 0.4784623682498932, "lowlevel.spectral_strongpeak.stdev": 0.4709399938583374, "lowlevel.zerocrossingrate.mean": 0.031101064756512642, "lowlevel.zerocrossingrate.stdev": 0.03485078364610672, "metadata.audio_properties.analysis.equal_loudness": 0.0, "metadata.audio_properties.analysis.length": 30.03628158569336, "metadata.audio_properties.analysis.sample_rate": 44100.0, "metadata.audio_properties.analysis.start_time": 0.0, "metadata.audio_properties.bit_rate": 115716.0, "metadata.audio_properties.length": 30.03733253479004, "metadata.audio_properties.lossless": 0.0, "metadata.audio_properties.number_channels": 1.0, "metadata.audio_properties.replay_gain": -10.80377197265625, "metadata.audio_properties.sample_rate": 48000.0, "rhythm.beats_count": 48.0, "rhythm.beats_loudness.mean": 0.149314746260643, "rhythm.beats_loudness.stdev": 0.04574533551931381, "rhythm.bpm": 96.86003875732422, "rhythm.bpm_histogram_first_peak_bpm": 98.0, "rhythm.bpm_histogram_first_peak_weight": 0.4318181872367859, "rhythm.bpm_histogram_second_peak_bpm": 92.0, "rhythm.bpm_histogram_second_peak_spread": 0.3333333730697632, "rhythm.bpm_histogram_second_peak_weight": 0.042553190141916275, "rhythm.danceability": 1.8523273468017578, "rhythm.onset_rate": 4.058788299560547, "tonal.chords_changes_rate": 0.04475308582186699, "tonal.chords_number_rate": 0.004629629664123058, "tonal.chords_strength.mean": 0.5449912548065186, "tonal.chords_strength.stdev": 0.07482198625802994, "tonal.hpcp_crest.mean": 13.70469856262207, "tonal.hpcp_crest.stdev": 5.885149002075195, "tonal.hpcp_entropy.mean": 1.939925193786621, "tonal.hpcp_entropy.stdev": 0.6820709109306335, "tonal.key_edma.strength": 0.7188357710838318, "tonal.key_krumhansl.strength": 0.7150749564170837, "tonal.key_temperley.strength": 0.7107862234115601, "tonal.tuning_diatonic_strength": 0.5905452370643616, "tonal.tuning_equal_tempered_deviation": 0.1937445104122162, "tonal.tuning_frequency": 434.193115234375, "tonal.tuning_nontempered_energy_ratio": 0.9187750220298767, "lowlevel.barkbands.mean": [0.00687214033678174, 0.035271719098091125, 0.004393449053168297, 0.005305277183651924, 0.004007674753665924, 0.0011808377457782626, 0.0006472120294347405, 0.0011685224017128348, 0.0005415547639131546, 0.00041115182102657855, 0.0006068962975405157, 0.00036174635170027614, 0.0003493906697258353, 0.0003051621897611767, 0.00030623693601228297, 0.00018333927437197417, 0.0001801943581085652, 0.00011055151117034256, 9.370029874844477e-05, 0.00019992691522929817, 9.703753312351182e-05, 6.373415817506611e-05, 5.96580357523635e-05, 7.673987420275807e-05, 6.483773177023977e-05, 3.371515413164161e-05, 7.27486565210711e-07], "lowlevel.barkbands.stdev": [0.006439739838242531, 0.04593706876039505, 0.016568921506404877, 0.012506646104156971, 0.007518596947193146, 0.0016920508351176977, 0.0012307058786973357, 0.002138579962775111, 0.0010601106332615018, 0.0010554698528721929, 0.0014880610397085547, 0.0005914043285883963, 0.0006386726745404303, 0.0006091942195780575, 0.0007149985758587718, 0.00040486091165803373, 0.0002550570643506944, 0.00021833744540344924, 0.00023444312682840973, 0.0003490505332592875, 0.0002379378565819934, 0.0001881957723526284, 0.00015383826394099742, 0.00019601031090132892, 0.00020779695478267968, 8.775780588621274e-05, 3.2611237656965386e-06], "lowlevel.erbbands.mean": [1.6916046142578125, 5.173879146575928, 5.964942455291748, 10.978902816772461, 17.739294052124023, 11.74050235748291, 8.977806091308594, 10.80489730834961, 10.767695426940918, 14.742802619934082, 26.34516716003418, 12.692928314208984, 15.346452713012695, 13.783265113830566, 22.977031707763672, 15.846935272216797, 17.712432861328125, 17.439697265625, 13.89727783203125, 14.335661888122559, 10.668257713317871, 10.007955551147461, 6.7256011962890625, 4.769244194030762, 6.312742710113525, 9.217552185058594, 5.237977504730225, 3.0306718349456787, 2.3962242603302, 2.0575032234191895, 1.5753788948059082, 1.3860294818878174, 1.3852027654647827, 0.8476225137710571, 0.3842502236366272, 0.1485980749130249, 0.06293231248855591, 0.009347579441964626, 0.0002050565672107041, 7.628642924828455e-05], "lowlevel.erbbands.stdev": [2.112133264541626, 8.964860916137695, 18.931583404541016, 26.658227920532227, 42.66354751586914, 20.893245697021484, 11.426620483398438, 16.047466278076172, 19.571836471557617, 21.945091247558594, 54.122398376464844, 23.493379592895508, 40.76427459716797, 40.48662185668945, 58.3716926574707, 24.934284210205078, 30.158361434936523, 31.96868133544922, 31.105785369873047, 33.139888763427734, 21.834308624267578, 13.629271507263184, 11.35279369354248, 13.550856590270996, 13.465002059936523, 15.747986793518066, 10.954763412475586, 7.954659461975098, 7.07932186126709, 5.9624762535095215, 4.006315231323242, 3.2594573497772217, 4.098620414733887, 2.8799655437469482, 1.127484917640686, 0.4009524881839752, 0.16419856250286102, 0.026339426636695862, 0.0004920065402984619, 6.415363895939663e-05], "lowlevel.gfcc.mean": [-31.981325149536133, 125.35255432128906, -96.1364974975586, 32.812110900878906, -35.421775817871094, 18.860200881958008, -35.55543899536133, 14.782812118530273, -23.18480682373047, 5.64354133605957, 0.5462199449539185, -8.242456436157227, 0.8741944432258606], "lowlevel.melbands.mean": [0.012251763604581356, 0.004175221547484398, 0.0022415441926568747, 0.0009733636397868395, 0.00039484642911702394, 0.00024136224237736315, 0.00016229841276071966, 0.00017601381114218384, 0.0002087011089315638, 7.231663767015561e-05, 7.282030128408223e-05, 4.825635551242158e-05, 7.411466503981501e-05, 4.7210680349962786e-05, 3.918083893950097e-05, 3.6262947105569765e-05, 3.263650432927534e-05, 2.1142994228284806e-05, 2.2021904442226514e-05, 1.4947914678486995e-05, 1.2210000022605527e-05, 1.0603203008940909e-05, 8.408514986513183e-06, 4.378206085675629e-06, 3.7440972846525256e-06, 3.5116895560349803e-06, 6.846546966698952e-06, 5.858960776095046e-06, 3.5015657431358704e-06, 2.4420580757578136e-06, 1.4784417317059706e-06, 1.3691429785467335e-06, 1.19029618872446e-06, 1.155583390755055e-06, 9.212492955157359e-07, 8.032533855839574e-07, 8.683831538291997e-07, 9.927583732860512e-07, 9.443241424378357e-07, 6.362311637531093e-07], "lowlevel.melbands.stdev": [0.014751868322491646, 0.009405178017914295, 0.00512970145791769, 0.0020192519295960665, 0.0005336229223757982, 0.00036017625825479627, 0.00029430221184156835, 0.00026623046142049134, 0.0004259644774720073, 0.00014551938511431217, 0.00019978565978817642, 0.00015067362983245403, 0.0001760456507327035, 8.482450357405469e-05, 6.281485548242927e-05, 7.141462265281007e-05, 6.53765382594429e-05, 4.9532929551787674e-05, 5.294798029353842e-05, 3.168538387399167e-05, 2.7419622711022384e-05, 1.4910896425135434e-05, 1.3645367289427668e-05, 9.282534847443458e-06, 1.162406442745123e-05, 8.24511607788736e-06, 1.4356931387737859e-05, 9.897107702272478e-06, 7.1867848419060465e-06, 6.3097481870499905e-06, 4.068001999257831e-06, 4.114014245715225e-06, 3.6651094887929503e-06, 3.34796868628473e-06, 2.4379085061809747e-06, 1.9915059965569526e-06, 2.0902425603708252e-06, 2.8656509130087215e-06, 3.320407131468528e-06, 2.1742955595982494e-06], "lowlevel.melbands128.mean": [0.006279004737734795, 0.016409549862146378, 0.013336962088942528, 0.007166468538343906, 0.003503884421661496, 0.0019766760524362326, 0.0019760620780289173, 0.0029789067339152098, 0.001805059495382011, 0.0005867674481123686, 0.0006195708992891014, 0.0006876318948343396, 0.00024882538127712905, 0.00016933910956140608, 0.00022330514912027866, 0.00032470264704898, 0.00022606886341236532, 9.592420246917754e-05, 0.0001402408379362896, 0.00015498502762056887, 0.000200363589101471, 0.0002034290664596483, 0.00027857706299982965, 0.00012703811808023602, 5.281153789837845e-05, 6.023901005391963e-05, 6.859300629002973e-05, 0.00011730415280908346, 2.432586370559875e-05, 2.465874422341585e-05, 7.396945147775114e-05, 6.461893644882366e-05, 5.7943721913034096e-05, 0.00011518092651385814, 3.5202821891289204e-05, 3.472421667538583e-05, 4.402960985316895e-05, 4.240421549184248e-05, 2.8759226552210748e-05, 4.910689312964678e-05, 3.8628986658295617e-05, 1.6637679436826147e-05, 3.764474968193099e-05, 4.267360418452881e-05, 1.3324735846254043e-05, 2.2079242626205087e-05, 2.1847235984751023e-05, 1.98740071937209e-05, 2.7016116291633807e-05, 1.6571601008763537e-05, 1.3014779142395128e-05, 1.3157988178136293e-05, 1.0944597306661308e-05, 1.338471338385716e-05, 1.1202513633179478e-05, 1.0327965355827473e-05, 1.0032521458924748e-05, 9.360470357933082e-06, 8.456202522211242e-06, 5.347992100723786e-06, 3.9391002246702556e-06, 3.542986860338715e-06, 4.185607394902036e-06, 3.6216356420482043e-06, 3.4468589547032025e-06, 3.383089961062069e-06, 3.2398597795690876e-06, 4.9809518714027945e-06, 8.847260687616654e-06, 8.217944923671894e-06, 5.389979833125835e-06, 5.252685241430299e-06, 4.019730113213882e-06, 3.208229600204504e-06, 2.792598706946592e-06, 2.602191671030596e-06, 2.3871116354712285e-06, 1.6206355439862818e-06, 1.3599287740362342e-06, 1.2422805184542085e-06, 1.4352151538332691e-06, 1.4112858934822725e-06, 1.2631610388780246e-06, 1.2335384553807671e-06, 1.0234194860458956e-06, 1.1722830777216586e-06, 1.1950613725275616e-06, 1.1225627076782985e-06, 8.800971613709407e-07, 8.111490501505614e-07, 8.245459639510955e-07, 7.903807386355766e-07, 7.854847581256763e-07, 8.152732107191696e-07, 9.478074503022071e-07, 1.0758886901385267e-06, 9.575029480402009e-07, 9.011499741973239e-07, 1.0533829026826425e-06, 1.0007771606979077e-06, 6.08410687163996e-07, 6.902403129060986e-07, 4.379163272005826e-07, 4.89405920234276e-07, 3.910154759978468e-07, 4.7586465257154487e-07, 3.123765281998203e-07, 2.73106905979148e-07, 2.2873913962939696e-07, 2.0677266832080932e-07, 2.45411712285204e-07, 2.2534059951340168e-07, 2.0302735492805368e-07, 1.8340362828439538e-07, 1.627697798767258e-07, 1.2720305164748424e-07, 3.0642230086641575e-08, 2.898300766052131e-10, 9.458755827196352e-12, 8.240185443708636e-12, 8.02364945318157e-12, 7.865113074712049e-12, 7.674928401146808e-12, 7.542948904371016e-12, 7.397814132115155e-12, 7.22973330508081e-12, 7.129370444697303e-12, 7.084700881510031e-12], "lowlevel.melbands128.stdev": [0.0060038440860807896, 0.020800631493330002, 0.01953900419175625, 0.014886775054037571, 0.011332050897181034, 0.007536699529737234, 0.00541133526712656, 0.007187962997704744, 0.00459650531411171, 0.001760280691087246, 0.0011693412670865655, 0.0010529879946261644, 0.00035584293073043227, 0.00028401310555636883, 0.00040054615237750113, 0.0006471499218605459, 0.0005167849594727159, 0.00023508162121288478, 0.0003887058701366186, 0.00026528630405664444, 0.00040410656947642565, 0.0005510940100066364, 0.000661990256048739, 0.0003293190384283662, 0.0001498453930253163, 0.00020707817748188972, 0.00017182643932756037, 0.0003796785313170403, 6.022913657943718e-05, 6.103570194682106e-05, 0.00031210549059323967, 0.00020170060452073812, 0.0001607300655450672, 0.00038349206442944705, 7.078103226376697e-05, 8.431571768596768e-05, 8.85607223608531e-05, 9.612286521587521e-05, 6.303360714809969e-05, 0.00011317780445097014, 9.209839481627569e-05, 4.490055289352313e-05, 7.971585000632331e-05, 0.00011132720101159066, 3.177934559062123e-05, 7.599509262945503e-05, 6.74472248647362e-05, 6.441758159780875e-05, 8.319414337165654e-05, 4.6067532821325585e-05, 3.2484564144397154e-05, 2.8345231839921325e-05, 3.242194725316949e-05, 3.565973383956589e-05, 2.1726913473685272e-05, 1.6853889974299818e-05, 1.7837783161667176e-05, 1.7262391338590533e-05, 1.736419835651759e-05, 1.1243090739299078e-05, 9.026808584167156e-06, 1.1047059160773642e-05, 1.924212119774893e-05, 1.1901594007213134e-05, 1.0879377441597171e-05, 8.48096806294052e-06, 7.599946457048645e-06, 1.3206979019741993e-05, 2.1297193598002195e-05, 1.6231266272370704e-05, 1.086380234482931e-05, 1.0055492566607427e-05, 8.307811185659375e-06, 7.77771037974162e-06, 7.427881428156979e-06, 7.113341325748479e-06, 6.859140285087051e-06, 5.081819381302921e-06, 4.134118626097916e-06, 3.641955572675215e-06, 4.434022230270784e-06, 4.720928700407967e-06, 4.342008651292417e-06, 4.1492994569125585e-06, 3.2921432193688815e-06, 3.7858449104533065e-06, 3.5905316053685965e-06, 3.2599259611743037e-06, 2.488410927981022e-06, 2.268589014420286e-06, 2.392370106463204e-06, 2.08944993573823e-06, 2.056681523754378e-06, 2.2818705929239513e-06, 2.4626012873341097e-06, 2.876058260881109e-06, 3.2243685836874647e-06, 3.5201874197809957e-06, 3.549609118635999e-06, 4.070052000315627e-06, 2.2848166736366693e-06, 2.312062861165032e-06, 1.6386477454943815e-06, 1.823263687583676e-06, 1.2535958830994787e-06, 1.3918950116931228e-06, 9.520978210275644e-07, 8.120371717268426e-07, 6.998239427957742e-07, 6.896212312312855e-07, 7.291491783689708e-07, 6.413808364413853e-07, 5.441505663839052e-07, 5.214095608607749e-07, 4.63117999061069e-07, 4.0511318388780637e-07, 1.1994087856237456e-07, 4.143444698456733e-09, 2.8790877668050108e-11, 1.3526620795678568e-11, 1.3204988318082922e-11, 1.2929823010876529e-11, 1.265757464119499e-11, 1.2443896607594596e-11, 1.2264736101719187e-11, 1.2116029533826289e-11, 1.201038574150104e-11, 1.1945386520217927e-11], "lowlevel.mfcc.mean": [-684.0995483398438, 158.80503845214844, 8.696661949157715, 24.63381576538086, 27.46967887878418, 2.6860105991363525, 18.625965118408203, -1.7610423564910889, -1.013805866241455, 12.352412223815918, -8.964225769042969, 11.89128589630127, 5.81778621673584], "lowlevel.spectral_contrast_coeffs.mean": [-0.7054058909416199, -0.7405582666397095, -0.7846407294273376, -0.8081993460655212, -0.8018446564674377, -0.7899528741836548], "lowlevel.spectral_contrast_coeffs.stdev": [0.07925739139318466, 0.07136900722980499, 0.061054546386003494, 0.044887907803058624, 0.04046684131026268, 0.03993380442261696], "lowlevel.spectral_contrast_valleys.mean": [-6.4247517585754395, -6.9843621253967285, -7.572352886199951, -7.74906587600708, -8.010354995727539, -11.180052757263184], "lowlevel.spectral_contrast_valleys.stdev": [0.7312172055244446, 0.6677191257476807, 0.6604717373847961, 0.6826642155647278, 0.8366585373878479, 1.2644392251968384], "rhythm.beats_loudness_band_ratio.mean": [0.9229509830474854, 0.024876952171325684, 0.027961699292063713, 0.01696491427719593, 0.006735134404152632, 0.010705678723752499], "rhythm.beats_loudness_band_ratio.stdev": [0.12025950103998184, 0.033074673265218735, 0.050044164061546326, 0.035410694777965546, 0.011782605201005936, 0.026957670226693153], "tonal.hpcp.mean": [0.03134144842624664, 0.03575317561626434, 0.0355256050825119, 0.040312509983778, 0.03621284291148186, 0.025765657424926758, 0.02408750168979168, 0.0357947014272213, 0.09900747984647751, 0.2702263295650482, 0.2867027223110199, 0.1334390640258789, 0.07580836862325668, 0.04904826357960701, 0.04118452966213226, 0.0611078180372715, 0.0546671487390995, 0.0516812726855278, 0.10844037681818008, 0.1282709836959839, 0.08069262653589249, 0.05160268768668175, 0.05876592919230461, 0.11244214326143265, 0.25464263558387756, 0.2597752511501312, 0.12409376353025436, 0.06807881593704224, 0.059179794043302536, 0.07964097708463669, 0.12507906556129456, 0.11899722367525101, 0.06543786823749542, 0.041181210428476334, 0.030143460258841515, 0.027895132079720497], "tonal.hpcp.stdev": [0.12235812097787857, 0.141535222530365, 0.1375877559185028, 0.12291023135185242, 0.11045563966035843, 0.1011035367846489, 0.08633659780025482, 0.13438087701797485, 0.2084895521402359, 0.34888777136802673, 0.362990140914917, 0.26414570212364197, 0.21137700974941254, 0.17619852721691132, 0.14760592579841614, 0.1799987554550171, 0.16020292043685913, 0.14030297100543976, 0.23719936609268188, 0.26734015345573425, 0.2084120810031891, 0.16668641567230225, 0.17974229156970978, 0.22903291881084442, 0.3467056453227997, 0.35718098282814026, 0.25672149658203125, 0.20283132791519165, 0.19002415239810944, 0.21096305549144745, 0.23948167264461517, 0.2305355668067932, 0.19261327385902405, 0.15700016915798187, 0.13397307693958282, 0.1202344223856926], "rhythm.beats_position": [0.6153287887573242, 1.2538775205612183, 1.904036283493042, 2.554194927215576, 3.2275736331939697, 3.8545124530792236, 4.481451034545898, 5.108389854431152, 5.723718643188477, 6.339047431945801, 6.965986251831055, 7.581315040588379, 8.208253860473633, 8.823582649230957, 9.438911437988281, 10.054240226745605, 10.66956901550293, 11.284897804260254, 11.911836624145508, 12.515555381774902, 13.142494201660156, 13.75782299041748, 14.373151779174805, 15.000090599060059, 15.627029418945312, 16.23074722290039, 16.85768699645996, 17.47301483154297, 18.08834457397461, 18.715282440185547, 19.330612182617188, 19.945940017700195, 20.561269760131836, 21.176597595214844, 21.803537368774414, 22.418865203857422, 23.034194946289062, 23.6611328125, 24.28807258605957, 24.903400421142578, 25.51873016357422, 26.122447967529297, 26.749387741088867, 27.376325607299805, 27.980045318603516, 28.606983184814453, 29.233922958374023, 29.84925079345703], "rhythm.bpm_histogram": [0.0, 0.0, 0.0, 0.0, 0.0, 0.0, 0.0, 0.0, 0.0, 0.0, 0.0, 0.0, 0.0, 0.0, 0.0, 0.0, 0.0, 0.0, 0.0, 0.0, 0.0, 0.0, 0.0, 0.0, 0.0, 0.0, 0.0, 0.0, 0.0, 0.0, 0.0, 0.0, 0.0, 0.0, 0.0, 0.0, 0.0, 0.0, 0.0, 0.0, 0.0, 0.0, 0.0, 0.0, 0.0, 0.0, 0.0, 0.0, 0.0, 0.0, 0.0, 0.0, 0.0, 0.0, 0.0, 0.0, 0.0, 0.0, 0.0, 0.0, 0.0, 0.0, 0.0, 0.0, 0.0, 0.0, 0.0, 0.0, 0.0, 0.0, 0.0, 0.0, 0.0, 0.0, 0.0, 0.0, 0.0, 0.0, 0.0, 0.0, 0.0, 0.0, 0.0, 0.0, 0.0, 0.0, 0.0, 0.0, 0.0, 0.021276595070958138, 0.0, 0.0, 0.042553190141916275, 0.0, 0.021276595070958138, 0.0, 0.38297873735427856, 0.0, 0.44680851697921753, 0.08510638028383255, 0.0, 0.0, 0.0, 0.0, 0.0, 0.0, 0.0, 0.0, 0.0, 0.0, 0.0, 0.0, 0.0, 0.0, 0.0, 0.0, 0.0, 0.0, 0.0, 0.0, 0.0, 0.0, 0.0, 0.0, 0.0, 0.0, 0.0, 0.0, 0.0, 0.0, 0.0, 0.0, 0.0, 0.0, 0.0, 0.0, 0.0, 0.0, 0.0, 0.0, 0.0, 0.0, 0.0, 0.0, 0.0, 0.0, 0.0, 0.0, 0.0, 0.0, 0.0, 0.0, 0.0, 0.0, 0.0, 0.0, 0.0, 0.0, 0.0, 0.0, 0.0, 0.0, 0.0, 0.0, 0.0, 0.0, 0.0, 0.0, 0.0, 0.0, 0.0, 0.0, 0.0, 0.0, 0.0, 0.0, 0.0, 0.0, 0.0, 0.0, 0.0, 0.0, 0.0, 0.0, 0.0, 0.0, 0.0, 0.0, 0.0, 0.0, 0.0, 0.0, 0.0, 0.0, 0.0, 0.0, 0.0, 0.0, 0.0, 0.0, 0.0, 0.0, 0.0, 0.0, 0.0, 0.0, 0.0, 0.0, 0.0, 0.0, 0.0, 0.0, 0.0, 0.0, 0.0, 0.0, 0.0, 0.0, 0.0, 0.0, 0.0, 0.0, 0.0, 0.0, 0.0, 0.0, 0.0, 0.0, 0.0, 0.0, 0.0, 0.0, 0.0, 0.0, 0.0, 0.0, 0.0, 0.0, 0.0, 0.0, 0.0, 0.0, 0.0, 0.0, 0.0, 0.0, 0.0, 0.0, 0.0, 0.0], "tonal.chords_histogram": [0.0, 0.0, 0.0, 0.0, 0.0, 0.0, 0.0, 0.0, 0.0, 0.0, 0.0, 0.0, 0.0, 0.0, 16.04938316345215, 0.0, 55.55555725097656, 0.0, 0.0, 0.0, 0.0, 27.77777862548828, 0.0, 0.6172839403152466], "tonal.thpcp": [1.0, 0.46542656421661377, 0.26441454887390137, 0.17107707262039185, 0.1436488926410675, 0.21313999593257904, 0.19067537784576416, 0.18026083707809448, 0.37823280692100525, 0.44740065932273865, 0.2814505100250244, 0.17998674511909485, 0.20497164130210876, 0.39219069480895996, 0.8881765604019165, 0.9060787558555603, 0.4328307807445526, 0.2374543696641922, 0.20641517639160156, 0.2777824103832245, 0.4362674355506897, 0.4150543808937073, 0.2282429188489914, 0.14363731443881989, 0.1051383838057518, 0.09729636460542679, 0.109316885471344, 0.12470469623804092, 0.12391094118356705, 0.14060735702514648, 0.12630797922611237, 0.08986889570951462, 0.08401560038328171, 0.12484953552484512, 0.34533149003982544, 0.9425314664840698], "lowlevel.gfcc.cov": [[5330.06201171875, -1954.266845703125, 122.9321060180664, 324.044189453125, -548.6524658203125, 259.7796936035156, -149.55587768554688, 294.8119812011719, -298.7138671875, 139.18798828125, -477.91082763671875, 214.095947265625, -517.5663452148438], [-1954.266845703125, 2081.36376953125, -169.8365020751953, -312.1372985839844, 488.71435546875, -77.42174530029297, 252.4236602783203, -81.76341247558594, 312.5953674316406, -203.0336151123047, 382.95025634765625, -274.58660888671875, 322.0190734863281], [122.9321060180664, -169.8365020751953, 544.5982666015625, 262.7987976074219, 83.45948791503906, 122.06370544433594, 159.43072509765625, 12.813820838928223, 75.83668518066406, 53.91990661621094, -35.7396125793457, 105.76324462890625, -8.322148323059082], [324.044189453125, -312.1372985839844, 262.7987976074219, 447.4134826660156, 60.09290313720703, 20.85418701171875, 39.62973403930664, -85.93999481201172, 64.63522338867188, 32.181793212890625, -77.1969223022461, 84.06700134277344, -8.7506742477417], [-548.6524658203125, 488.71435546875, 83.45948791503906, 60.09290313720703, 378.45855712890625, 33.99216079711914, 80.90655517578125, -38.02256393432617, 157.2915802001953, 3.867246627807617, 99.17037963867188, -34.42502212524414, 112.8768081665039], [259.7796936035156, -77.42174530029297, 122.06370544433594, 20.85418701171875, 33.99216079711914, 180.0084686279297, 114.27530670166016, 59.40696716308594, 19.23584747314453, 9.586138725280762, -3.4692330360412598, 16.554597854614258, -21.827144622802734], [-149.55587768554688, 252.4236602783203, 159.43072509765625, 39.62973403930664, 80.90655517578125, 114.27530670166016, 302.68212890625, 30.304847717285156, 102.40979766845703, -27.236530303955078, 41.26399612426758, 5.368654251098633, 18.67667579650879], [294.8119812011719, -81.76341247558594, 12.813820838928223, -85.93999481201172, -38.02256393432617, 59.40696716308594, 30.304847717285156, 246.3489227294922, -0.7833725810050964, 26.713850021362305, 60.700599670410156, -31.7238826751709, 6.039222717285156], [-298.7138671875, 312.5953674316406, 75.83668518066406, 64.63522338867188, 157.2915802001953, 19.23584747314453, 102.40979766845703, -0.7833725810050964, 206.01565551757812, 31.03357696533203, 74.9524154663086, -14.611678123474121, 63.11636734008789], [139.18798828125, -203.0336151123047, 53.91990661621094, 32.181793212890625, 3.867246627807617, 9.586138725280762, -27.236530303955078, 26.713850021362305, 31.03357696533203, 139.83273315429688, -1.3711227178573608, 35.792179107666016, -17.50053596496582], [-477.91082763671875, 382.95025634765625, -35.7396125793457, -77.1969223022461, 99.17037963867188, -3.4692330360412598, 41.26399612426758, 60.700599670410156, 74.9524154663086, -1.3711227178573608, 195.048095703125, -51.683685302734375, 107.61428833007812], [214.095947265625, -274.58660888671875, 105.76324462890625, 84.06700134277344, -34.42502212524414, 16.554597854614258, 5.368654251098633, -31.7238826751709, -14.611678123474121, 35.792179107666016, -51.683685302734375, 143.4994354248047, -22.197675704956055], [-517.5663452148438, 322.0190734863281, -8.322148323059082, -8.7506742477417, 112.8768081665039, -21.827144622802734, 18.67667579650879, 6.039222717285156, 63.11636734008789, -17.50053596496582, 107.61428833007812, -22.197675704956055, 171.95433044433594]], "lowlevel.gfcc.icov": [[0.0004511790757533163, -0.0001737499696901068, 0.0003392691141925752, -0.0006407711189240217, 0.00026389354025013745, -0.0007039233460091054, 0.00034655712079256773, -0.0008926569717004895, 0.00018602579075377434, -0.00020304818463046104, 0.000637843448203057, -0.0005162680754438043, 0.000843553920276463], [-0.0001737499696901068, 0.003609901526942849, -0.000787115131970495, 0.002915989374741912, -0.0020027211867272854, 0.002250526798889041, -0.001969008008018136, 0.002658093348145485, -0.0027242926880717278, 0.003501782426610589, -0.0028192619793117046, 0.003502931911498308, -0.0018791764741763473], [0.0003392691141925752, -0.000787115131970495, 0.004114917945116758, -0.002711519366130233, 2.711266824917402e-05, -0.0019426260842010379, -0.0006893986719660461, -0.0017456102650612593, 0.0008646277128718793, -0.0015290677547454834, 0.0011949451873078942, -0.0025505018420517445, 0.0008780998177826405], [-0.0006407711189240217, 0.002915989374741912, -0.002711519366130233, 0.0068187108263373375, -0.0018796203657984734, 0.002792512299492955, -0.0013858755119144917, 0.003888189559802413, -0.0035132807679474354, 0.0029373210854828358, -0.00140898406971246, 0.0026533850468695164, -0.002758564194664359], [0.00026389354025013745, -0.0020027211867272854, 2.711266824917402e-05, -0.0018796203657984734, 0.006128950975835323, -0.0028964004013687372, 0.001669465797021985, -0.00032654954702593386, -0.0011811761651188135, -0.0019110840512439609, 0.0009502334869466722, -0.0008656883146613836, -0.0005777025362476707], [-0.0007039233460091054, 0.002250526798889041, -0.0019426260842010379, 0.002792512299492955, -0.0028964004013687372, 0.011458287946879864, -0.004637276288121939, 0.0005671409307979047, -0.0003925063065253198, 0.0017711076652631164, -0.0017596825491636992, 0.0022053418215364218, -0.0007354202680289745], [0.00034655712079256773, -0.001969008008018136, -0.0006893986719660461, -0.0013858755119144917, 0.001669465797021985, -0.004637276288121939, 0.007545896340161562, -0.0017474633641541004, -0.001645531039685011, 0.000680177821777761, 0.0010029695695266128, -0.002376478398218751, 0.0019225780852138996], [-0.0008926569717004895, 0.002658093348145485, -0.0017456102650612593, 0.003888189559802413, -0.00032654954702593386, 0.0005671409307979047, -0.0017474633641541004, 0.009228850714862347, -0.001992423553019762, 0.0012364090653136373, -0.004928054753690958, 0.004660651553422213, -0.002856288570910692], [0.00018602579075377434, -0.0027242926880717278, 0.0008646277128718793, -0.0035132807679474354, -0.0011811761651188135, -0.0003925063065253198, -0.001645531039685011, -0.001992423553019762, 0.012047428637742996, -0.005647632293403149, 0.00045905145816504955, -0.001732486765831709, 0.000991242821328342], [-0.00020304818463046104, 0.003501782426610589, -0.0015290677547454834, 0.0029373210854828358, -0.0019110840512439609, 0.0017711076652631164, 0.000680177821777761, 0.0012364090653136373, -0.005647632293403149, 0.01317696925252676, -0.0035237972624599934, 0.000863943831063807, -5.689033173439384e-07], [0.000637843448203057, -0.0028192619793117046, 0.0011949451873078942, -0.00140898406971246, 0.0009502334869466722, -0.0017596825491636992, 0.0010029695695266128, -0.004928054753690958, 0.00045905145816504955, -0.0035237972624599934, 0.01362327579408884, -0.001709413481876254, -0.0028710379265248775], [-0.0005162680754438043, 0.003502931911498308, -0.0025505018420517445, 0.0026533850468695164, -0.0008656883146613836, 0.0022053418215364218, -0.002376478398218751, 0.004660651553422213, -0.001732486765831709, 0.000863943831063807, -0.001709413481876254, 0.01386351604014635, -0.0035763406194746494], [0.000843553920276463, -0.0018791764741763473, 0.0008780998177826405, -0.002758564194664359, -0.0005777025362476707, -0.0007354202680289745, 0.0019225780852138996, -0.002856288570910692, 0.000991242821328342, -5.689033173439384e-07, -0.0028710379265248775, -0.0035763406194746494, 0.01292435172945261]], "lowlevel.mfcc.cov": [[5242.19189453125, -2021.43359375, 277.68408203125, -74.10375213623047, -312.5193786621094, -47.42232894897461, -105.31815338134766, 102.61837005615234, 20.58526039123535, -131.4183807373047, 123.08585357666016, -67.85015106201172, -111.65168762207031], [-2021.43359375, 2058.39404296875, -399.8724060058594, -162.90838623046875, 236.43319702148438, -104.9571304321289, 191.166748046875, 34.40638732910156, -2.7940900325775146, 223.2429962158203, -66.62910461425781, 124.0994644165039, 39.6070671081543], [277.68408203125, -399.8724060058594, 470.3774719238281, 169.79910278320312, -71.22382354736328, 154.5169219970703, 12.87382698059082, 103.41679382324219, 82.70677185058594, -54.78426742553711, 84.09686279296875, -0.8261401653289795, 22.853527069091797], [-74.10375213623047, -162.90838623046875, 169.79910278320312, 389.9991455078125, 44.00444412231445, 234.5203094482422, -105.71558380126953, 30.982126235961914, 66.33147430419922, -66.28893280029297, 54.49895095825195, -46.54970932006836, 47.40190124511719], [-312.5193786621094, 236.43319702148438, -71.22382354736328, 44.00444412231445, 311.3643493652344, -35.74605941772461, 21.90760612487793, -44.66594696044922, 2.710683822631836, 93.03971099853516, -76.70420837402344, 52.71213150024414, 55.61212158203125], [-47.42232894897461, -104.9571304321289, 154.5169219970703, 234.5203094482422, -35.74605941772461, 436.94879150390625, -88.25606536865234, 79.66902923583984, 80.33419036865234, -93.30768585205078, 135.93710327148438, -94.9935302734375, 27.666000366210938], [-105.31815338134766, 191.166748046875, 12.87382698059082, -105.71558380126953, 21.90760612487793, -88.25606536865234, 226.1943359375, 66.07767486572266, 17.91813850402832, 80.77799224853516, -19.706623077392578, 68.7392807006836, -25.018695831298828], [102.61837005615234, 34.40638732910156, 103.41679382324219, 30.982126235961914, -44.66594696044922, 79.66902923583984, 66.07767486572266, 183.35089111328125, 54.769248962402344, 2.7613773345947266, 59.08856201171875, 4.462283134460449, -12.821887016296387], [20.58526039123535, -2.7940900325775146, 82.70677185058594, 66.33147430419922, 2.710683822631836, 80.33419036865234, 17.91813850402832, 54.769248962402344, 131.0433349609375, 21.051855087280273, 51.66328811645508, 3.1532905101776123, 12.824539184570312], [-131.4183807373047, 223.2429962158203, -54.78426742553711, -66.28893280029297, 93.03971099853516, -93.30768585205078, 80.77799224853516, 2.7613773345947266, 21.051855087280273, 167.5768280029297, -0.3226306438446045, 70.65415954589844, 8.586947441101074], [123.08585357666016, -66.62910461425781, 84.09686279296875, 54.49895095825195, -76.70420837402344, 135.93710327148438, -19.706623077392578, 59.08856201171875, 51.66328811645508, -0.3226306438446045, 179.92974853515625, -3.2617595195770264, 0.666992723941803], [-67.85015106201172, 124.0994644165039, -0.8261401653289795, -46.54970932006836, 52.71213150024414, -94.9935302734375, 68.7392807006836, 4.462283134460449, 3.1532905101776123, 70.65415954589844, -3.2617595195770264, 126.4695816040039, 19.029531478881836], [-111.65168762207031, 39.6070671081543, 22.853527069091797, 47.40190124511719, 55.61212158203125, 27.666000366210938, -25.018695831298828, -12.821887016296387, 12.824539184570312, 8.586947441101074, 0.666992723941803, 19.029531478881836, 108.50269317626953]], "lowlevel.mfcc.icov": [[0.00035031908191740513, 0.00039331309380941093, 0.00013574972399510443, 0.00016683228022884578, 4.314673788030632e-06, 9.557300654705614e-05, 0.00011646783968899399, -0.0003859155694954097, -7.466207898687571e-05, -0.0001023923687171191, -0.00011932673078263178, -7.45914876461029e-05, 0.00010085117537528276], [0.00039331309380941093, 0.0012092520482838154, 0.0009034099639393389, 0.00020665030751843005, -0.0001642530842218548, -0.00023648346541449428, -0.00029546659789048135, -0.0008099822443909943, -7.558633660664782e-05, -0.0006034296820871532, 4.952441668137908e-05, -0.0004428558750078082, -0.00020255688286852092], [0.00013574972399510443, 0.0009034099639393389, 0.004067319445312023, -0.0011747801909223199, 0.0005615439731627703, -0.00038916681660339236, -0.0011538753751665354, -0.001312806154601276, -0.000918601406738162, 0.00047959506628103554, -0.00021917902631685138, -0.0011933333007618785, -0.0008620655862614512], [0.00016683228022884578, 0.00020665030751843005, -0.0011747801909223199, 0.005226213485002518, -0.001425693859346211, -0.0017662933096289635, 0.0018975785933434963, -0.00040750650805421174, -0.001108066295273602, 0.0007040447671897709, 0.00031232708715833724, -0.00026699970476329327, -0.0002488676691427827], [4.314673788030632e-06, -0.0001642530842218548, 0.0005615439731627703, -0.001425693859346211, 0.005990751087665558, -0.0010604079579934478, -7.592365727759898e-05, 0.0008452913025394082, 4.709879794972949e-05, -0.0033634714782238007, 0.0031353223603218794, -0.0014316047308966517, -0.0016563485842198133], [9.557300654705614e-05, -0.00023648346541449428, -0.00038916681660339236, -0.0017662933096289635, -0.0010604079579934478, 0.0060720983892679214, 5.706013325834647e-05, -0.0010540676303207874, -0.0010401445906609297, 0.0022396985441446304, -0.0037558134645223618, 0.0034242835827171803, -0.0007096608751453459], [0.00011646783968899399, -0.00029546659789048135, -0.0011538753751665354, 0.0018975785933434963, -7.592365727759898e-05, 5.706013325834647e-05, 0.008455055765807629, -0.002884077141061425, -0.0007196817314252257, -0.0020685913041234016, 0.0017244581831619143, -0.00245019793510437, 0.001942761824466288], [-0.0003859155694954097, -0.0008099822443909943, -0.001312806154601276, -0.00040750650805421174, 0.0008452913025394082, -0.0010540676303207874, -0.002884077141061425, 0.009143471717834473, -0.0014536302769556642, 0.00043328196625225246, -0.0010418514721095562, 0.00018987542716786265, 0.0007147202850319445], [-7.466207898687571e-05, -7.558633660664782e-05, -0.000918601406738162, -0.001108066295273602, 4.709879794972949e-05, -0.0010401445906609297, -0.0007196817314252257, -0.0014536302769556642, 0.011035235598683357, -0.0024689517449587584, -0.001170228817500174, 0.0004330119991209358, -0.000645989493932575], [-0.0001023923687171191, -0.0006034296820871532, 0.00047959506628103554, 0.0007040447671897709, -0.0033634714782238007, 0.0022396985441446304, -0.0020685913041234016, 0.00043328196625225246, -0.0024689517449587584, 0.0123508395627141, -0.0033903082367032766, -0.0019498375477269292, 0.00011055564391426742], [-0.00011932673078263178, 4.952441668137908e-05, -0.00021917902631685138, 0.00031232708715833724, 0.0031353223603218794, -0.0037558134645223618, 0.0017244581831619143, -0.0010418514721095562, -0.001170228817500174, -0.0033903082367032766, 0.010647759772837162, -0.0028653962071985006, 0.000237748768995516], [-7.45914876461029e-05, -0.0004428558750078082, -0.0011933333007618785, -0.00026699970476329327, -0.0014316047308966517, 0.0034242835827171803, -0.00245019793510437, 0.00018987542716786265, 0.0004330119991209358, -0.0019498375477269292, -0.0028653962071985006, 0.014081787317991257, -0.0025779670104384422], [0.00010085117537528276, -0.00020255688286852092, -0.0008620655862614512, -0.0002488676691427827, -0.0016563485842198133, -0.0007096608751453459, 0.001942761824466288, 0.0007147202850319445, -0.000645989493932575, 0.00011055564391426742, 0.000237748768995516, -0.0025779670104384422, 0.011764970608055592]], "metadata.audio_properties.analysis.downmix": "mix", "metadata.audio_properties.codec": "mp3", "metadata.audio_properties.md5_encoded": "31f9f2a2d7c96b53cdf31ae9537df01a", "metadata.tags.file_name": "1183689239607640145.mp3", "metadata.version.essentia": "2.1-beta6-dev", "metadata.version.essentia_git_sha": "v2.1_beta5-1110-g77a6a954", "metadata.version.extractor": "music 2.0", "tonal.chords_key": "C", "tonal.chords_scale": "minor", "tonal.key_edma.key": "F", "tonal.key_edma.scale": "minor", "tonal.key_krumhansl.key": "F", "tonal.key_krumhansl.scale": "minor", "tonal.key_temperley.key": "E", "tonal.key_temperley.scale": "minor", "metadata.tags.encoding": ["Lavf58.45.100"]}, "essentia_models": [{"model_name": "genre_dortmund", "activations": {"alternative": "0.05156626", "blues": "0.00