{"song_id": "1183654544635330571", "download": "https://cdn.discordapp.com/attachments/1135903449314238464/1183654544635330571/chirp.mp4?ex=65891f32&amp", "lyrics": "The horngus of a dongfish is attached by a scungle to a kind of dillsack (the nutte sac).", "style": ["sea shanty"], "essentia_features": {"lowlevel.average_loudness": 0.8490391969680786, "lowlevel.barkbands_crest.mean": 12.735912322998047, "lowlevel.barkbands_crest.stdev": 4.933788776397705, "lowlevel.barkbands_flatness_db.mean": 0.1600320190191269, "lowlevel.barkbands_flatness_db.stdev": 0.05849003419280052, "lowlevel.barkbands_kurtosis.mean": 13.24148178100586, "lowlevel.barkbands_kurtosis.stdev": 30.0059871673584, "lowlevel.barkbands_skewness.mean": 2.266590118408203, "lowlevel.barkbands_skewness.stdev": 2.53248929977417, "lowlevel.barkbands_spread.mean": 21.25332260131836, "lowlevel.barkbands_spread.stdev": 17.21945571899414, "lowlevel.dissonance.mean": 0.4589632451534271, "lowlevel.dissonance.stdev": 0.038371458649635315, "lowlevel.dynamic_complexity": 2.2522530555725098, "lowlevel.erbbands_crest.mean": 10.379323959350586, "lowlevel.erbbands_crest.stdev": 5.394612789154053, "lowlevel.erbbands_flatness_db.mean": 0.15536805987358093, "lowlevel.erbbands_flatness_db.stdev": 0.06420410424470901, "lowlevel.erbbands_kurtosis.mean": 1.4803426265716553, "lowlevel.erbbands_kurtosis.stdev": 4.269259929656982, "lowlevel.erbbands_skewness.mean": 0.1619461625814438, "lowlevel.erbbands_skewness.stdev": 1.1788389682769775, "lowlevel.erbbands_spread.mean": 45.48318099975586, "lowlevel.erbbands_spread.stdev": 30.953950881958008, "lowlevel.hfc.mean": 33.6905632019043, "lowlevel.hfc.stdev": 20.1138858795166, "lowlevel.loudness_ebu128.integrated": -13.753339767456055, "lowlevel.loudness_ebu128.loudness_range": 4.253589630126953, "lowlevel.loudness_ebu128.momentary.mean": -14.376617431640625, "lowlevel.loudness_ebu128.momentary.stdev": 2.3648858070373535, "lowlevel.loudness_ebu128.short_term.mean": -14.693544387817383, "lowlevel.loudness_ebu128.short_term.stdev": 1.4258968830108643, "lowlevel.melbands_crest.mean": 19.8031063079834, "lowlevel.melbands_crest.stdev": 7.149952411651611, "lowlevel.melbands_flatness_db.mean": 0.22142131626605988, "lowlevel.melbands_flatness_db.stdev": 0.08089268207550049, "lowlevel.melbands_kurtosis.mean": 44.03940963745117, "lowlevel.melbands_kurtosis.stdev": 79.63768005371094, "lowlevel.melbands_skewness.mean": 4.149942398071289, "lowlevel.melbands_skewness.stdev": 3.866487979888916, "lowlevel.melbands_spread.mean": 26.93059730529785, "lowlevel.melbands_spread.stdev": 39.747352600097656, "lowlevel.pitch_salience.mean": 0.45427876710891724, "lowlevel.pitch_salience.stdev": 0.16060452163219452, "lowlevel.silence_rate_20dB.mean": 0.9923664331436157, "lowlevel.silence_rate_20dB.stdev": 0.08703626692295074, "lowlevel.silence_rate_30dB.mean": 0.7302799224853516, "lowlevel.silence_rate_30dB.stdev": 0.44381457567214966, "lowlevel.silence_rate_60dB.mean": 0.038167938590049744, "lowlevel.silence_rate_60dB.stdev": 0.19160206615924835, "lowlevel.spectral_centroid.mean": 1640.5806884765625, "lowlevel.spectral_centroid.stdev": 1036.4072265625, "lowlevel.spectral_complexity.mean": 16.6386775970459, "lowlevel.spectral_complexity.stdev": 10.175398826599121, "lowlevel.spectral_decrease.mean": -1.9173663545757336e-08, "lowlevel.spectral_decrease.stdev": 2.3630567724808316e-08, "lowlevel.spectral_energy.mean": 0.07542168349027634, "lowlevel.spectral_energy.stdev": 0.0898348018527031, "lowlevel.spectral_energyband_high.mean": 0.001593319931998849, "lowlevel.spectral_energyband_high.stdev": 0.002119517419487238, "lowlevel.spectral_energyband_low.mean": 0.055620498955249786, "lowlevel.spectral_energyband_low.stdev": 0.08959090709686279, "lowlevel.spectral_energyband_middle_high.mean": 0.008519977331161499, "lowlevel.spectral_energyband_middle_high.stdev": 0.008570480160415173, "lowlevel.spectral_energyband_middle_low.mean": 0.010336616076529026, "lowlevel.spectral_energyband_middle_low.stdev": 0.010288444347679615, "lowlevel.spectral_entropy.mean": 7.680171966552734, "lowlevel.spectral_entropy.stdev": 0.4819170832633972, "lowlevel.spectral_flux.mean": 0.14601419866085052, "lowlevel.spectral_flux.stdev": 0.11231237649917603, "lowlevel.spectral_kurtosis.mean": 3.190572500228882, "lowlevel.spectral_kurtosis.stdev": 1.9635320901870728, "lowlevel.spectral_rms.mean": 0.0073888180777430534, "lowlevel.spectral_rms.stdev": 0.004357468336820602, "lowlevel.spectral_rolloff.mean": 1647.81201171875, "lowlevel.spectral_rolloff.stdev": 2277.079833984375, "lowlevel.spectral_skewness.mean": 1.2912087440490723, "lowlevel.spectral_skewness.stdev": 0.40673375129699707, "lowlevel.spectral_spread.mean": 5366633.0, "lowlevel.spectral_spread.stdev": 1879309.125, "lowlevel.spectral_strongpeak.mean": 1.4164119958877563, "lowlevel.spectral_strongpeak.stdev": 1.502588152885437, "lowlevel.zerocrossingrate.mean": 0.06931233406066895, "lowlevel.zerocrossingrate.stdev": 0.06483208388090134, "metadata.audio_properties.analysis.equal_loudness": 0.0, "metadata.audio_properties.analysis.length": 9.087982177734375, "metadata.audio_properties.analysis.sample_rate": 44100.0, "metadata.audio_properties.analysis.start_time": 0.0, "metadata.audio_properties.bit_rate": 121726.0, "metadata.audio_properties.length": 9.088000297546387, "metadata.audio_properties.lossless": 0.0, "metadata.audio_properties.number_channels": 1.0, "metadata.audio_properties.replay_gain": -10.475738525390625, "metadata.audio_properties.sample_rate": 48000.0, "rhythm.beats_count": 18.0, "rhythm.beats_loudness.mean": 0.09816721081733704, "rhythm.beats_loudness.stdev": 0.06481897085905075, "rhythm.bpm": 120.2082748413086, "rhythm.bpm_histogram_first_peak_bpm": 120.0, "rhythm.bpm_histogram_first_peak_weight": 0.3529411554336548, "rhythm.bpm_histogram_second_peak_bpm": 0.0, "rhythm.bpm_histogram_second_peak_spread": 0.0, "rhythm.bpm_histogram_second_peak_weight": 0.0, "rhythm.danceability": 0.941066563129425, "rhythm.onset_rate": 5.0537109375, "tonal.chords_changes_rate": 0.11675126850605011, "tonal.chords_number_rate": 0.04568528011441231, "tonal.chords_strength.mean": 0.4965643584728241, "tonal.chords_strength.stdev": 0.08621086180210114, "tonal.hpcp_crest.mean": 13.646907806396484, "tonal.hpcp_crest.stdev": 6.054980278015137, "tonal.hpcp_entropy.mean": 1.9755196571350098, "tonal.hpcp_entropy.stdev": 0.7826995849609375, "tonal.key_edma.strength": 0.6603466868400574, "tonal.key_krumhansl.strength": 0.6607826948165894, "tonal.key_temperley.strength": 0.6576688885688782, "tonal.tuning_diatonic_strength": 0.6320295929908752, "tonal.tuning_equal_tempered_deviation": 0.20565520226955414, "tonal.tuning_frequency": 434.193115234375, "tonal.tuning_nontempered_energy_ratio": 0.9032294750213623, "lowlevel.barkbands.mean": [0.002868303097784519, 0.038431499153375626, 0.013838570564985275, 0.0011788957053795457, 0.002821543486788869, 0.0007905316888354719, 0.0009121582261286676, 0.00183861143887043, 0.0024178181774914265, 0.002668210305273533, 0.0007441050838679075, 0.0009998074965551496, 0.0010781106539070606, 0.0006780295516364276, 0.0007949750288389623, 0.00034191092709079385, 0.0004212601052131504, 0.0004016273596789688, 0.00036899573751725256, 0.00034239108208566904, 0.00022843171609565616, 0.00030467467149719596, 0.0003454200632404536, 0.0002893339260481298, 0.00018223380902782083, 0.00012506138591561466, 9.21365699468879e-06], "lowlevel.barkbands.stdev": [0.006445486564189196, 0.07462011277675629, 0.021997015923261642, 0.0022927408572286367, 0.004741112235933542, 0.0016840205062180758, 0.002357723191380501, 0.004030399490147829, 0.005968077573925257, 0.005924636498093605, 0.001618482288904488, 0.0021905614994466305, 0.0024197709280997515, 0.0013249447802081704, 0.00122133269906044, 0.0007129018777050078, 0.0005936701199971139, 0.0005624466575682163, 0.0004831503611057997, 0.00040971016278490424, 0.0002414416812825948, 0.00034882803447544575, 0.0007306852494366467, 0.0006080603925511241, 0.00036543552414514124, 0.00023727813095320016, 2.3016054910840467e-05], "lowlevel.erbbands.mean": [1.1528618335723877, 8.223273277282715, 19.5727596282959, 6.711269378662109, 5.94966459274292, 9.539280891418457, 11.919455528259277, 4.270223617553711, 4.855374336242676, 35.0399055480957, 37.432308197021484, 51.846458435058594, 57.700626373291016, 92.39445495605469, 29.925479888916016, 47.142642974853516, 45.26911544799805, 45.75243377685547, 48.41977310180664, 26.576366424560547, 15.54953670501709, 22.941604614257812, 24.455957412719727, 16.1083984375, 21.6103458404541, 15.094518661499023, 8.937037467956543, 10.011795997619629, 11.23071002960205, 9.850542068481445, 9.419906616210938, 7.562485218048096, 4.094178676605225, 2.479609489440918, 0.9874264597892761, 0.5129765868186951, 0.24121370911598206, 0.04616411402821541, 0.0010621924884617329, 0.00011684395576594397], "lowlevel.erbbands.stdev": [2.705814838409424, 15.774768829345703, 30.65904426574707, 10.345911979675293, 10.405152320861816, 18.09119987487793, 23.97455406188965, 11.075695991516113, 8.817170143127441, 87.65621948242188, 80.95281982421875, 139.64833068847656, 133.3576202392578, 198.8549041748047, 45.27423095703125, 92.96089935302734, 114.2173080444336, 72.75315856933594, 77.85108947753906, 51.46622085571289, 22.60770034790039, 30.801807403564453, 30.517786026000977, 21.031436920166016, 26.135242462158203, 17.48446273803711, 9.859350204467773, 10.73195743560791, 12.879202842712402, 14.957283020019531, 20.877710342407227, 16.140993118286133, 8.775267601013184, 5.499303817749023, 1.918493390083313, 1.0378904342651367, 0.4531788229942322, 0.08947566896677017, 0.0021185569930821657, 0.00012010334467049688], "lowlevel.gfcc.mean": [19.394336700439453, 53.69404983520508, -111.93635559082031, 36.081233978271484, -51.36670684814453, 27.91297721862793, -26.037931442260742, 14.189884185791016, -21.644466400146484, 4.174795150756836, -18.626178741455078, 2.068791389465332, -17.287517547607422], "lowlevel.melbands.mean": [0.010320780798792839, 0.010073786601424217, 0.0012068416690453887, 0.0005442755063995719, 0.00043341179843991995, 0.0001029346531140618, 9.69193788478151e-05, 0.00039236689917743206, 0.00029562521376647055, 0.000346790358889848, 0.00029143839492462575, 0.00039540205034427345, 0.0001054794411174953, 9.380238043377176e-05, 0.00012553323176689446, 0.00010274745727656409, 7.612368790432811e-05, 7.574743358418345e-05, 4.4615811930270866e-05, 3.052637111977674e-05, 1.543759208288975e-05, 2.0916990251862444e-05, 3.095501961070113e-05, 1.682241963862907e-05, 1.190649072668748e-05, 1.5396391972899437e-05, 1.6424541172455065e-05, 8.134328709274996e-06, 5.6132594181690365e-06, 5.241962753643747e-06, 5.897027222090401e-06, 6.928018592589069e-06, 5.043974397267448e-06, 5.659514954459155e-06, 5.20755793331773e-06, 5.506544312083861e-06, 4.403415459819371e-06, 2.9647969768120674e-06, 2.602771473902976e-06, 1.849616978688573e-06], "lowlevel.melbands.stdev": [0.02191816084086895, 0.015778258442878723, 0.0017299298197031021, 0.0009661203948780894, 0.0008191451779566705, 0.00025261251721531153, 0.00020107753516640514, 0.0009462748421356082, 0.0006755680660717189, 0.0009251742740161717, 0.0006831022328697145, 0.0008836681954562664, 0.00020365735690575093, 0.00017335815937258303, 0.0003259626973886043, 0.00018294135225005448, 0.00012710575538221747, 0.00013387804210651666, 7.225653826026246e-05, 6.870527431601658e-05, 2.313499317097012e-05, 3.190813367837109e-05, 4.333241668064147e-05, 2.0793104340555146e-05, 1.8349830497754738e-05, 2.2655794964521192e-05, 2.1431120330817066e-05, 9.867030712484848e-06, 7.07263097865507e-06, 5.624717232421972e-06, 6.774524081265554e-06, 8.15779003460193e-06, 6.467892944783671e-06, 9.884190149023198e-06, 1.1763535439968109e-05, 1.2977179721929133e-05, 9.514455996395554e-06, 6.317345651041251e-06, 6.055589892639546e-06, 4.093326879228698e-06], "lowlevel.melbands128.mean": [0.002544224029406905, 0.00959857925772667, 0.012129127979278564, 0.014450288377702236, 0.012761639431118965, 0.004943182226270437, 0.0011520134285092354, 0.00046414928510785103, 0.0006389275076799095, 0.0005186917260289192, 0.0005315570742823184, 0.0005486109293997288, 0.0004839682951569557, 0.00019305295427329838, 8.304878429044038e-05, 5.9946665714960545e-05, 4.785051351063885e-05, 4.1686314943945035e-05, 0.0001957830390892923, 0.0005380795919336379, 0.00038418069016188383, 0.0002941656857728958, 0.00031629318254999816, 0.00023295140999834985, 0.0003231841546948999, 0.00038961306563578546, 0.0004266425676178187, 0.00018475166871212423, 0.00019210677419323474, 0.0006892710225656629, 0.0003210989525541663, 0.0001331020175712183, 0.00013501646753866225, 4.650830669561401e-05, 4.785592318512499e-05, 0.0001176664954982698, 0.00015948644431773573, 0.00011920306133106351, 0.00013003537605982274, 6.653490709140897e-05, 7.719075074419379e-05, 0.0001940149231813848, 6.132085400167853e-05, 3.292553446954116e-05, 4.570676537696272e-05, 9.964435594156384e-05, 9.917565330397338e-05, 3.117790765827522e-05, 2.816051164700184e-05, 3.781906343647279e-05, 3.732934419531375e-05, 1.4906865544617176e-05, 1.4295103937911335e-05, 1.5866879039094783e-05, 1.733020690153353e-05, 1.933255589392502e-05, 2.1051542717032135e-05, 4.3499559978954494e-05, 3.2126092264661565e-05, 1.429218718840275e-05, 1.9988525309599936e-05, 1.4296326298790518e-05, 9.069303814612795e-06, 1.4067254596739076e-05, 1.04873142845463e-05, 1.7710475731291808e-05, 1.6653908460284583e-05, 1.2535055248008575e-05, 2.2916734451428056e-05, 1.2487068488553632e-05, 6.695504907838767e-06, 6.29039777777507e-06, 5.749021511292085e-06, 6.204666533449199e-06, 4.219878064759541e-06, 4.887228897132445e-06, 6.095827757235384e-06, 5.5856426115497015e-06, 5.450942353490973e-06, 6.483424840553198e-06, 7.720222129137255e-06, 7.272809398273239e-06, 4.796640496351756e-06, 4.666735094360774e-06, 5.224868800723925e-06, 5.7737242968869396e-06, 5.814211363031063e-06, 5.514793429028941e-06, 4.598963187163463e-06, 5.27096835867269e-06, 6.658994152530795e-06, 5.099216195958434e-06, 4.55857389169978e-06, 4.747278580907732e-06, 3.898635895893676e-06, 3.9422325244231615e-06, 2.498004960216349e-06, 1.9053021560466732e-06, 2.9069969968986697e-06, 2.875272684832453e-06, 2.224252966698259e-06, 1.8435671336192172e-06, 1.1108646731372573e-06, 1.1825599131043418e-06, 1.0184471648244653e-06, 1.0042008398158941e-06, 1.0888602446357254e-06, 9.03765624116204e-07, 8.248140943578619e-07, 8.866883831615269e-07, 7.829767127986997e-07, 7.973093829605205e-07, 8.099556225715787e-07, 8.035767677938566e-07, 5.93510890212201e-07, 5.271385248306615e-07, 3.5523316910257563e-07, 5.238666744844522e-08, 1.4268642690995481e-11, 1.3045430187486051e-11, 1.2535634856536415e-11, 1.2288919014336042e-11, 1.2203212398920193e-11, 1.2248199850184438e-11, 1.2002626323392995e-11, 1.1444152049622236e-11, 1.1112399195267741e-11, 1.1021227333540828e-11], "lowlevel.melbands128.stdev": [0.005969556979835033, 0.023667121306061745, 0.0314498171210289, 0.026351597160100937, 0.020254509523510933, 0.0077863894402980804, 0.0020754763390868902, 0.0008387949783354998, 0.001234719529747963, 0.0011928149033337831, 0.0011632159585133195, 0.0010974614415317774, 0.0010882066562771797, 0.0004587908915709704, 0.0003017653652932495, 0.00018393108621239662, 0.0001258956326637417, 0.00010582638788037002, 0.0005384254036471248, 0.0015281880041584373, 0.001213591080158949, 0.0007678786059841514, 0.0010353195248171687, 0.0009174778824672103, 0.0013382178731262684, 0.0013081207871437073, 0.0014379502972587943, 0.0008653193362988532, 0.000788502162322402, 0.0017713616834953427, 0.0008217936265282333, 0.00036672246642410755, 0.0003342026611790061, 0.0001124501068261452, 0.0001287539635086432, 0.0002896910300478339, 0.00038409355329349637, 0.0005065847071819007, 0.0006279163062572479, 0.0002738857874646783, 0.00015813426580280066, 0.00038493776810355484, 0.000163280448759906, 8.465784776490182e-05, 0.00019642121333163232, 0.00020762253552675247, 0.00019843678455799818, 9.84553262242116e-05, 7.676706445636228e-05, 0.0001545442792121321, 9.868131746770814e-05, 3.118893801001832e-05, 2.5321267457911745e-05, 2.9808228646288626e-05, 4.17445226048585e-05, 4.269086639396846e-05, 4.7799818275962025e-05, 7.236801320686936e-05, 7.141600508475676e-05, 2.9374588848440908e-05, 3.0134391636238433e-05, 2.8294211006141268e-05, 1.3561719242716208e-05, 3.179477425874211e-05, 2.522883369238116e-05, 3.7430963857332245e-05, 2.637040597619489e-05, 2.3736165530863218e-05, 4.050895950058475e-05, 1.8613065549288876e-05, 1.2578905625559855e-05, 9.13589792617131e-06, 1.1125211131002288e-05, 8.450006134808064e-06, 6.101517101342324e-06, 5.740700999012915e-06, 7.63415482651908e-06, 7.5281418503436726e-06, 7.541365903307451e-06, 1.0271505743730813e-05, 9.65785511652939e-06, 1.0217112503596582e-05, 6.7309997575648595e-06, 6.361671239574207e-06, 7.880827979533933e-06, 9.64650735113537e-06, 1.2851884093834087e-05, 1.2805428013962228e-05, 1.1191091289219912e-05, 1.2344944479991682e-05, 1.7909771486301906e-05, 1.2473750757635571e-05, 9.775706530490424e-06, 1.1227571121708024e-05, 8.849214282236062e-06, 8.52555785968434e-06, 6.0601209952437785e-06, 4.763962351717055e-06, 7.201882453955477e-06, 6.805873454140965e-06, 6.05199102210463e-06, 4.056432771903928e-06, 2.1943667434243253e-06, 2.5644001198088517e-06, 2.38651477957319e-06, 2.0903196400468005e-06, 2.5447104690101696e-06, 2.265139301016461e-06, 1.826079142119852e-06, 2.0368224795674905e-06, 1.7393460893799784e-06, 1.7421132270101225e-06, 1.5330555243053823e-06, 1.6398149682572694e-06, 1.2360842447378673e-06, 9.704931471787859e-07, 8.440767942374805e-07, 1.958276243385626e-07, 2.3245454172649005e-11, 2.1104326619614255e-11, 2.020842174155213e-11, 1.9794317226984326e-11, 2.0216037177611668e-11, 2.1924795312600054e-11, 2.147560601573062e-11, 1.8915825503174055e-11, 1.8235576243474938e-11, 1.8116471864337846e-11], "lowlevel.mfcc.mean": [-627.0217895507812, 86.3439712524414, 1.3856353759765625, 19.12311553955078, 5.07572078704834, 16.041908264160156, 7.475802898406982, 13.091292381286621, 2.166792631149292, 7.639785289764404, 5.41108512878418, 0.7242159247398376, -4.61567497253418], "lowlevel.spectral_contrast_coeffs.mean": [-0.6931835412979126, -0.7290621399879456, -0.730972945690155, -0.7688226699829102, -0.7717311382293701, -0.7286134958267212], "lowlevel.spectral_contrast_coeffs.stdev": [0.09526608139276505, 0.10809000581502914, 0.11565069854259491, 0.07393183559179306, 0.056490860879421234, 0.04966709390282631], "lowlevel.spectral_contrast_valleys.mean": [-7.010612487792969, -7.380960464477539, -7.586204528808594, -7.6572184562683105, -7.431771278381348, -9.941473960876465], "lowlevel.spectral_contrast_valleys.stdev": [1.4143584966659546, 0.936286985874176, 0.8727861046791077, 0.8028568029403687, 0.6933380365371704, 0.9507237076759338], "rhythm.beats_loudness_band_ratio.mean": [0.4782504439353943, 0.08926460146903992, 0.2064005732536316, 0.13108573853969574, 0.07337561249732971, 0.03705423325300217], "rhythm.beats_loudness_band_ratio.stdev": [0.3942990303039551, 0.15432968735694885, 0.2440049946308136, 0.18382549285888672, 0.09941976517438889, 0.03580896928906441], "tonal.hpcp.mean": [0.1081114262342453, 0.1118198111653328, 0.052869267761707306, 0.035932380706071854, 0.04584963992238045, 0.05424600839614868, 0.09804347157478333, 0.13069462776184082, 0.11159996688365936, 0.0984579399228096, 0.09661602228879929, 0.08497636765241623, 0.07065874338150024, 0.05250101909041405, 0.047571294009685516, 0.09667552262544632, 0.12027353048324585, 0.08483605831861496, 0.06987877935171127, 0.07119514048099518, 0.07607408612966537, 0.10280963778495789, 0.12375582009553909, 0.11699505895376205, 0.12329696863889694, 0.11970597505569458, 0.10458282381296158, 0.13007576763629913, 0.1451939195394516, 0.1558699756860733, 0.27679258584976196, 0.25517579913139343, 0.09091755747795105, 0.04856804385781288, 0.059868957847356796, 0.07141964137554169], "tonal.hpcp.stdev": [0.21042481064796448, 0.2468528151512146, 0.13005331158638, 0.1276273876428604, 0.14402611553668976, 0.1681501418352127, 0.18526841700077057, 0.25466111302375793, 0.21864338219165802, 0.22114060819149017, 0.22659491002559662, 0.21588541567325592, 0.2080700695514679, 0.1432788074016571, 0.1402360200881958, 0.20944829285144806, 0.23501038551330566, 0.19436825811862946, 0.17100511491298676, 0.16936179995536804, 0.19081659615039825, 0.2120065987110138, 0.2629602551460266, 0.2364405393600464, 0.2587360739707947, 0.25930818915367126, 0.2332645207643509, 0.24795779585838318, 0.2602997422218323, 0.2692529857158661, 0.38015297055244446, 0.3701673150062561, 0.18723711371421814, 0.1463412344455719, 0.168598011136055, 0.1719697117805481], "rhythm.beats_position": [0.4527890980243683, 0.9404081702232361, 1.4396371841430664, 1.938866138458252, 2.4380950927734375, 2.937324285507202, 3.4481632709503174, 3.947392225265503, 4.435011386871338, 4.934240341186523, 5.433469295501709, 5.9326982498168945, 6.43192720413208, 6.942766189575195, 7.441995143890381, 7.941224575042725, 8.42884349822998, 8.939682006835938], "rhythm.bpm_histogram": [0.0, 0.0, 0.0, 0.0, 0.0, 0.0, 0.0, 0.0, 0.0, 0.0, 0.0, 0.0, 0.0, 0.0, 0.0, 0.0, 0.0, 0.0, 0.0, 0.0, 0.0, 0.0, 0.0, 0.0, 0.0, 0.0, 0.0, 0.0, 0.0, 0.0, 0.0, 0.0, 0.0, 0.0, 0.0, 0.0, 0.0, 0.0, 0.0, 0.0, 0.0, 0.0, 0.0, 0.0, 0.0, 0.0, 0.0, 0.0, 0.0, 0.0, 0.0, 0.0, 0.0, 0.0, 0.0, 0.0, 0.0, 0.0, 0.0, 0.0, 0.0, 0.0, 0.0, 0.0, 0.0, 0.0, 0.0, 0.0, 0.0, 0.0, 0.0, 0.0, 0.0, 0.0, 0.0, 0.0, 0.0, 0.0, 0.0, 0.0, 0.0, 0.0, 0.0, 0.0, 0.0, 0.0, 0.0, 0.0, 0.0, 0.0, 0.0, 0.0, 0.0, 0.0, 0.0, 0.0, 0.0, 0.0, 0.0, 0.0, 0.0, 0.0, 0.0, 0.0, 0.0, 0.0, 0.0, 0.0, 0.0, 0.0, 0.0, 0.0, 0.0, 0.0, 0.0, 0.0, 0.0, 0.1764705926179886, 0.0, 0.0, 0.6470588445663452, 0.0, 0.0, 0.1764705926179886, 0.0, 0.0, 0.0, 0.0, 0.0, 0.0, 0.0, 0.0, 0.0, 0.0, 0.0, 0.0, 0.0, 0.0, 0.0, 0.0, 0.0, 0.0, 0.0, 0.0, 0.0, 0.0, 0.0, 0.0, 0.0, 0.0, 0.0, 0.0, 0.0, 0.0, 0.0, 0.0, 0.0, 0.0, 0.0, 0.0, 0.0, 0.0, 0.0, 0.0, 0.0, 0.0, 0.0, 0.0, 0.0, 0.0, 0.0, 0.0, 0.0, 0.0, 0.0, 0.0, 0.0, 0.0, 0.0, 0.0, 0.0, 0.0, 0.0, 0.0, 0.0, 0.0, 0.0, 0.0, 0.0, 0.0, 0.0, 0.0, 0.0, 0.0, 0.0, 0.0, 0.0, 0.0, 0.0, 0.0, 0.0, 0.0, 0.0, 0.0, 0.0, 0.0, 0.0, 0.0, 0.0, 0.0, 0.0, 0.0, 0.0, 0.0, 0.0, 0.0, 0.0, 0.0, 0.0, 0.0, 0.0, 0.0, 0.0, 0.0, 0.0, 0.0, 0.0, 0.0, 0.0, 0.0, 0.0, 0.0, 0.0, 0.0, 0.0, 0.0, 0.0, 0.0, 0.0, 0.0, 0.0, 0.0, 0.0, 0.0, 0.0, 0.0, 0.0, 0.0, 0.0, 0.0], "tonal.chords_histogram": [0.0, 0.5076141953468323, 12.69035530090332, 30.456851959228516, 4.060913562774658, 0.0, 1.0152283906936646, 0.5076141953468323, 8.121827125549316, 0.0, 14.213197708129883, 0.0, 0.0, 0.0, 0.0, 0.0, 0.0, 11.675127029418945, 0.0, 0.0, 0.0, 8.629441261291504, 0.0, 8.121827125549316], "tonal.thpcp": [1.0, 0.921902596950531, 0.3284681737422943, 0.17546728253364563, 0.21629537642002106, 0.2580258548259735, 0.3905864357948303, 0.4039841294288635, 0.19100680947303772, 0.12981699407100677, 0.16564619541168213, 0.1959807127714157, 0.35421279072761536, 0.47217532992362976, 0.40318986773490906, 0.3557101786136627, 0.349055677652359, 0.30700376629829407, 0.2552768588066101, 0.18967638909816742, 0.17186620831489563, 0.34927064180374146, 0.43452584743499756, 0.30649685859680176, 0.25245898962020874, 0.25721475481987, 0.2748414874076843, 0.37143203616142273, 0.4471066892147064, 0.4226813316345215, 0.44544896483421326, 0.43247535824775696, 0.37783825397491455, 0.4699395000934601, 0.5245585441589355, 0.563129186630249], "lowlevel.gfcc.cov": [[5687.119140625, 904.6958618164062, 693.9354248046875, 377.1474304199219, 653.4430541992188, 423.0957336425781, 234.08250427246094, 95.5738296508789, 93.25065612792969, 271.547607421875, -58.184326171875, -86.92774200439453, 11.662572860717773], [904.6958618164062, 1728.5360107421875, -56.874908447265625, 81.40697479248047, 404.4372863769531, 8.861106872558594, 263.6084289550781, 1.4935028553009033, 10.154440879821777, -69.52325439453125, 66.63829040527344, -71.9987564086914, 88.26991271972656], [693.9354248046875, -56.874908447265625, 1795.088134765625, 824.8262329101562, 464.038818359375, 386.2673645019531, -110.1968002319336, -76.24239349365234, 66.51386260986328, 162.45986938476562, -72.61399841308594, 40.544464111328125, -36.9676513671875], [377.1474304199219, 81.40697479248047, 824.8262329101562, 738.4722290039062, 487.6975402832031, 295.29095458984375, 15.693718910217285, -15.7291841506958, 125.05817413330078, 133.81268310546875, -17.295257568359375, -28.290700912475586, 41.62191390991211], [653.4430541992188, 404.4372863769531, 464.038818359375, 487.6975402832031, 629.0060424804688, 368.464599609375, 182.79702758789062, 40.020660400390625, 106.0364990234375, 119.02937316894531, -13.996667861938477, -18.186996459960938, 67.00296783447266], [423.0957336425781, 8.861106872558594, 386.2673645019531, 295.29095458984375, 368.464599609375, 528.9102172851562, 281.96649169921875, 90.00836181640625, 46.801658630371094, 74.21565246582031, 12.201104164123535, 7.377231597900391, 36.185569763183594], [234.08250427246094, 263.6084289550781, -110.1968002319336, 15.693718910217285, 182.79702758789062, 281.96649169921875, 458.53485107421875, 162.85670471191406, 14.850679397583008, -5.8765740394592285, 52.227935791015625, 14.482553482055664, 48.44143295288086], [95.5738296508789, 1.4935028553009033, -76.24239349365234, -15.7291841506958, 40.020660400390625, 90.00836181640625, 162.85670471191406, 196.0658416748047, 89.1163101196289, 30.328725814819336, 15.433853149414062, -18.465566635131836, 6.508390426635742], [93.25065612792969, 10.154440879821777, 66.51386260986328, 125.05817413330078, 106.0364990234375, 46.801658630371094, 14.850679397583008, 89.1163101196289, 192.60659790039062, 86.17753601074219, 11.502086639404297, -36.351619720458984, 6.066623210906982], [271.547607421875, -69.52325439453125, 162.45986938476562, 133.81268310546875, 119.02937316894531, 74.21565246582031, -5.8765740394592285, 30.328725814819336, 86.17753601074219, 149.8529052734375, 6.387573719024658, -9.289949417114258, 4.861967086791992], [-58.184326171875, 66.63829040527344, -72.61399841308594, -17.295257568359375, -13.996667861938477, 12.201104164123535, 52.227935791015625, 15.433853149414062, 11.502086639404297, 6.387573719024658, 95.6902084350586, 16.256275177001953, 9.155410766601562], [-86.92774200439453, -71.9987564086914, 40.544464111328125, -28.290700912475586, -18.186996459960938, 7.377231597900391, 14.482553482055664, -18.465566635131836, -36.351619720458984, -9.289949417114258, 16.256275177001953, 91.77639770507812, 27.60841178894043], [11.662572860717773, 88.26991271972656, -36.9676513671875, 41.62191390991211, 67.00296783447266, 36.185569763183594, 48.44143295288086, 6.508390426635742, 6.066623210906982, 4.861967086791992, 9.155410766601562, 27.60841178894043, 103.11857604980469]], "lowlevel.gfcc.icov": [[0.000243096481426619, -0.000155653411638923, -6.715937342960387e-05, 0.0001247689506271854, -5.99237646383699e-05, -0.00012370925105642527, 3.218615529476665e-05, -0.00010175495845032856, 0.0001823854399845004, -0.0005306648672558367, 0.0002222522016381845, 0.00010659618419595063, 7.097714842529967e-05], [-0.000155653411638923, 0.0015627278480678797, -0.0005775564350187778, 0.0011938634561374784, -0.0021883617155253887, 0.001784758409485221, -0.0012444539461284876, 0.0008562708972021937, -0.0002706694067455828, 0.0016050984850153327, -0.0017496980726718903, 0.0022133472375571728, -0.0011798416962847114], [-6.715937342960387e-05, -0.0005775564350187778, 0.0020022927783429623, -0.002589646028354764, 0.0013327014166861773, -0.0014966613380238414, 0.0011859048390761018, -0.0005174260004423559, 0.00046676472993567586, -0.0007489772979170084, 0.0015226064715534449, -0.00288194278255105, 0.0020441424567252398], [0.0001247689506271854, 0.0011938634561374784, -0.002589646028354764, 0.007002315483987331, -0.004659399855881929, 0.001393590704537928, -0.0006722419057041407, 0.001656541833654046, -0.0015600599581375718, 0.0009209077688865364, -0.002582650166004896, 0.004594622179865837, -0.0029935408383607864], [-5.99237646383699e-05, -0.0021883617155253887, 0.0013327014166861773, -0.004659399855881929, 0.008565793745219707, -0.004102862905710936, 0.0004164917045272887, 8.04730225354433e-05, -0.0006020460277795792, -0.003006258048117161, 0.003959130495786667, -0.003247450804337859, 0.0006068272632546723], [-0.00012370925105642527, 0.001784758409485221, -0.0014966613380238414, 0.001393590704537928, -0.004102862905710936, 0.007116800639778376, -0.004082022700458765, 0.0006879249704070389, 0.00034819068969227374, 0.000959745142608881, -0.0020481410901993513, 0.0027250968851149082, -0.0011836083140224218], [3.218615529476665e-05, -0.0012444539461284876, 0.0011859048390761018, -0.0006722419057041407, 0.0004164917045272887, -0.004082022700458765, 0.007445462513715029, -0.0051672616973519325, 0.0020211676601320505, 0.00040753884240984917, -0.0008487261366099119, -0.0026038382202386856, 0.0003827979671768844], [-0.00010175495845032856, 0.0008562708972021937, -0.0005174260004423559, 0.001656541833654046, 8.04730225354433e-05, 0.0006879249704070389, -0.0051672616973519325, 0.011863970197737217, -0.005851847119629383, 0.00015692078159190714, 0.00043791666394099593, 0.002246847143396735, -0.0004942520172335207], [0.0001823854399845004, -0.0002706694067455828, 0.00046676472993567586, -0.0015600599581375718, -0.0006020460277795792, 0.00034819068969227374, 0.0020211676601320505, -0.005851847119629383, 0.011077268980443478, -0.004195692948997021, -0.0012741346145048738, 0.0018609546823427081, -0.00014202168677002192], [-0.0005306648672558367, 0.0016050984850153327, -0.0007489772979170084, 0.0009209077688865364, -0.003006258048117161, 0.000959745142608881, 0.00040753884240984917, 0.00015692078159190714, -0.004195692948997021, 0.012912597507238388, -0.0031149196438491344, 0.0011424791300669312, -0.0009302421240136027], [0.0002222522016381845, -0.0017496980726718903, 0.0015226064715534449, -0.002582650166004896, 0.003959130495786667, -0.0020481410901993513, -0.0008487261366099119, 0.00043791666394099593, -0.0012741346145048738, -0.0031149196438491344, 0.014833103865385056, -0.005494874436408281, 0.001954203238710761], [0.00010659618419595063, 0.0022133472375571728, -0.00288194278255105, 0.004594622179865837, -0.003247450804337859, 0.0027250968851149082, -0.0026038382202386856, 0.002246847143396735, 0.0018609546823427081, 0.0011424791300669312, -0.005494874436408281, 0.019491400569677353, -0.007453205995261669], [7.097714842529967e-05, -0.0011798416962847114, 0.0020441424567252398, -0.0029935408383607864, 0.0006068272632546723, -0.0011836083140224218, 0.0003827979671768844, -0.0004942520172335207, -0.00014202168677002192, -0.0009302421240136027, 0.001954203238710761, -0.007453205995261669, 0.014387210831046104]], "lowlevel.mfcc.cov": [[5077.96044921875, 914.8641357421875, 42.14584732055664, 249.7826385498047, 294.058837890625, 383.2381896972656, 301.6944274902344, 17.207990646362305, 245.4336395263672, 226.31521606445312, 132.7081756591797, 35.72565460205078, 106.35332489013672], [914.8641357421875, 1450.556884765625, -200.6732177734375, 169.54823303222656, 29.85944175720215, 76.21318054199219, 188.46009826660156, 90.77265167236328, 75.03716278076172, -41.6843147277832, 40.88504409790039, -8.245586395263672, 15.246305465698242], [42.14584732055664, -200.6732177734375, 1248.2227783203125, 365.26055908203125, 482.45404052734375, 317.0340270996094, 46.18316650390625, -23.789621353149414, 69.31266021728516, 35.70576477050781, -29.501821517944336, 61.66437530517578, 155.43331909179688], [249.7826385498047, 169.54823303222656, 365.26055908203125, 494.3376770019531, 373.6225280761719, 241.33692932128906, 46.8509407043457, -26.095409393310547, 112.66275787353516, 81.25995635986328, -0.38858529925346375, 36.233150482177734, 101.63501739501953], [294.058837890625, 29.85944175720215, 482.45404052734375, 373.6225280761719, 606.2763671875, 359.58294677734375, 48.2838249206543, -35.1341667175293, 158.9812774658203, 122.33759307861328, 4.591858863830566, 62.107357025146484, 112.74629211425781], [383.2381896972656, 76.21318054199219, 317.0340270996094, 241.33692932128906, 359.58294677734375, 499.7969665527344, 260.2191162109375, 91.60248565673828, 159.489501953125, 106.97066497802734, 21.2283992767334, 72.5441665649414, 57.3010139465332], [301.6944274902344, 188.46009826660156, 46.18316650390625, 46.8509407043457, 48.2838249206543, 260.2191162109375, 369.86993408203125, 190.0811767578125, 122.59365844726562, 74.90386962890625, 36.402565002441406, 55.60322570800781, 28.775314331054688], [17.207990646362305, 90.77265167236328, -23.789621353149414, -26.095409393310547, -35.1341667175293, 91.60248565673828, 190.0811767578125, 223.2623291015625, 85.95516967773438, 39.91025161743164, 35.35359191894531, 49.2678337097168, -7.092086315155029], [245.4336395263672, 75.03716278076172, 69.31266021728516, 112.66275787353516, 158.9812774658203, 159.489501953125, 122.59365844726562, 85.95516967773438, 210.72869873046875, 122.07620239257812, 44.904361724853516, 36.57606506347656, 50.03472137451172], [226.31521606445312, -41.6843147277832, 35.70576477050781, 81.25995635986328, 122.33759307861328, 106.97066497802734, 74.90386962890625, 39.91025161743164, 122.07620239257812, 184.9633331298828, 78.91786193847656, 46.560699462890625, 27.420217514038086], [132.7081756591797, 40.88504409790039, -29.501821517944336, -0.38858529925346375, 4.591858863830566, 21.2283992767334, 36.402565002441406, 35.35359191894531, 44.904361724853516, 78.91786193847656, 123.85006713867188, 59.62472152709961, -6.196588516235352], [35.72565460205078, -8.245586395263672, 61.66437530517578, 36.233150482177734, 62.107357025146484, 72.5441665649414, 55.60322570800781, 49.2678337097168, 36.57606506347656, 46.560699462890625, 59.62472152709961, 121.38748931884766, 30.78997230529785], [106.35332489013672, 15.246305465698242, 155.43331909179688, 101.63501739501953, 112.74629211425781, 57.3010139465332, 28.775314331054688, -7.092086315155029, 50.03472137451172, 27.420217514038086, -6.196588516235352, 30.78997230529785, 110.3828353881836]], "lowlevel.mfcc.icov": [[0.000257137551670894, -0.0001695926475804299, -3.4273141409357777e-06, 8.0898440501187e-05, 4.1196111851604655e-05, -0.00016741952276788652, -7.174457277869806e-05, 0.0002469691971782595, -4.5719843910774216e-05, -0.00026487765717320144, -0.00012363606947474182, 0.00012089942174497992, -0.00016872728883754462], [-0.0001695926475804299, 0.0010951417498290539, 0.0003312507760711014, -0.0006866786861792207, -0.0003159396001137793, 0.0004987930878996849, -0.0007683829753659666, -0.00018011548672802746, -0.0002547790063545108, 0.001406619674526155, -0.0009070307132788002, 0.0004255604580976069, 2.6909034204436466e-05], [-3.4273141409357777e-06, 0.0003312507760711014, 0.001456220867112279, -0.00045039530959911644, -0.0008441933314315975, -0.0002938898396678269, 5.438872449303744e-06, -0.0004439981421455741, 0.0006129441317170858, 0.0007087968406267464, -0.00041896995389834046, 0.0002686997759155929, -0.0012457913253456354], [8.0898440501187e-05, -0.0006866786861792207, -0.00045039530959911644, 0.0045034876093268394, -0.0015400998527184129, -0.0007437312160618603, 0.0005583061720244586, 0.00040260780951939523, -0.00010942547669401392, -0.000970509834587574, 0.00046741479309275746, 0.0001535615010652691, -0.0013819016749039292], [4.1196111851604655e-05, -0.0003159396001137793, -0.0008441933314315975, -0.0015400998527184129, 0.006532161962240934, -0.00394370686262846, 0.0028480272740125656, 0.0010175672359764576, -0.001688250806182623, -0.0017057317309081554, 0.0013003299245610833, -0.0010343269677832723, -0.0011406505946069956], [-0.00016741952276788652, 0.0004987930878996849, -0.0002938898396678269, -0.0007437312160618603, -0.00394370686262846, 0.008157266303896904, -0.005768080707639456, 0.0011715337168425322, -0.0010141379898414016, 0.0009395966189913452, 0.0006764624267816544, -0.0014425480039790273, 0.003230229252949357], [-7.174457277869806e-05, -0.0007683829753659666, 5.438872449303744e-06, 0.0005583061720244586, 0.0028480272740125656, -0.005768080707639456, 0.009853438474237919, -0.005242813844233751, 0.00021825433941558003, -0.0017797481268644333, 0.0004642585990950465, 0.000540563662070781, -0.00294824643060565], [0.0002469691971782595, -0.00018011548672802746, -0.0004439981421455741, 0.00040260780951939523, 0.0010175672359764576, 0.0011715337168425322, -0.005242813844233751, 0.010838757269084454, -0.00406436575576663, 0.0008029183372855186, 0.0006402681465260684, -0.0033763812389224768, 0.003077639266848564], [-4.5719843910774216e-05, -0.0002547790063545108, 0.0006129441317170858, -0.00010942547669401392, -0.001688250806182623, -0.0010141379898414016, 0.00021825433941558003, -0.00406436575576663, 0.011926274746656418, -0.005218229256570339, -0.0007255204836837947, 0.0024073882959783077, -0.0035722549073398113], [-0.00026487765717320144, 0.001406619674526155, 0.0007087968406267464, -0.000970509834587574, -0.0017057317309081554, 0.0009395966189913452, -0.0017797481268644333, 0.0008029183372855186, -0.005218229256570339, 0.013704907149076462, -0.006938847713172436, 0.0005940166302025318, 0.00013216224033385515], [-0.00012363606947474182, -0.0009070307132788002, -0.00041896995389834046, 0.00046741479309275746, 0.0013003299245610833, 0.0006764624267816544, 0.0004642585990950465, 0.0006402681465260684, -0.0007255204836837947, -0.006938847713172436, 0.016488224267959595, -0.007666877470910549, 0.0037615092005580664], [0.00012089942174497992, 0.0004255604580976069, 0.0002686997759155929, 0.0001535615010652691, -0.0010343269677832723, -0.0014425480039790273, 0.000540563662070781, -0.0033763812389224768, 0.0024073882959783077, 0.0005940166302025318, -0.007666877470910549, 0.014644505456089973, -0.00500165019184351], [-0.00016872728883754462, 2.6909034204436466e-05, -0.0012457913253456354, -0.0013819016749039292, -0.0011406505946069956, 0.003230229252949357, -0.00294824643060565, 0.003077639266848564, -0.0035722549073398113, 0.00013216224033385515, 0.0037615092005580664, -0.00500165019184351, 0.015892107039690018]], "metadata.audio_properties.analysis.downmix": "mix", "metadata.audio_properties.codec": "mp3", "metadata.audio_properties.md5_encoded": "873852c085d34e5576c9623a0a464c51", "metadata.tags.file_name": "1183654544635330571.mp3", "metadata.version.essentia": "2.1-beta6-dev", "metadata.version.essentia_git_sha": "v2.1_beta5-1110-g77a6a954", "metadata.version.extractor": "music 2.0", "tonal.chords_key": "B", "tonal.chords_scale": "minor", "tonal.key_edma.key": "C", "tonal.key_edma.scale": "major", "tonal.key_krumhansl.key": "C", "tonal.key_krumhansl.scale": "major", "tonal.key_temperley.key": "C", "tonal.key_temperley.scale": "major", "metadata.tags.encoding": ["Lavf58.45.100"]}, "essentia_models": [{"model_name": "genre_dortmund", "activations": {"alternative": "0.026905715", "blues": "0.008103453", "electronic": "0.015985122", "folkcountry": "0.0051486907", "funksoulrnb": "0.034719534", "jazz": "0.021894552", "pop": "0.008759507", "raphiphop": "0.6154839", "rock": "0.33591476"}}, {"model_name": "genre_rosamerica", "activations": {"classic": "0.012567434", "dance": "0.0014790312", "hip hop": "0.6016041", "jazz": "0.011478066", "pop": "0.087234266", "rhythm and blues": "0.04177924", "rock": "0.29843384", "speech": "0.0073856227"}}, {"model_name": "genre_tzanetakis", "activations": {"blues": "0.049815025", "classic": "0.0004086184", "country": "0.0010987237", "disco": "0.0066853096", "hip hop": "0.6511691", "jazz": "0.001990165", "metal": "0.041856408", "pop": "0.008555862", "reggae": "0.00694653", "rock": "0.02157312"}}, {"model_name": "genre_electronic", "activations": {"ambient": "0.23456365", "dnb": "0.48612761", "house": "0.41631606", "techno": "0.503611", "trance": "0.020384504"}}, {"model_name": "mood_acoustic", "activations": {"acoustic": "0.0054976842", "not acoustic": "0.9681253"}}, {"model_name": "mood_electronic", "activations": {"elec