{"song_id": "1183709075637289020", "download": "https://cdn.discordapp.com/attachments/1128313332273782784/1183709075637289020/chirp.mp4?ex=658951fb&amp", "lyrics": "\u0421 \u0414\u043d\u0451\u043c \u0420\u043e\u0436\u0434\u0435\u043d\u0438\u044f \u0442\u0435\u0431\u044f \u041d\u0430\u0434\u044f!\n\u041f\u0443\u0441\u0442\u044c \u0440\u0430\u0434\u043e\u0441\u0442\u044c \u0432\u0441\u0435\u0433\u0434\u0430 \u043f\u043e\u0431\u0435\u0436\u0434\u0430\u0435\u0442 \u0433\u0440\u0443\u0441\u0442\u044c,\n\u041f\u043b\u044b\u0432\u0438 \u043f\u043e \u0436\u0438\u0437\u043d\u0438 \u043d\u0430\u0437\u0430\u0434 \u043d\u0435 \u0433\u043b\u044f\u0434\u044f, \n\u0418 \u043f\u0430\u0440\u0443\u0441 \u0442\u0432\u043e\u0439 \u0440\u0430\u0437\u0432\u0438\u0432\u0430\u0435\u0442\u0441\u044f \u043f\u0443\u0441\u0442\u044c!  (\u041f\u0443\u0443\u0443\u0441\u0442\u044c)\n\u041f\u0443\u0441\u0442\u044c \u0431\u0443\u0434\u0443\u0442 \u0441\u0447\u0430\u0441\u0442\u044c\u044f \u0448\u0438\u0440\u043e\u043a\u0438\u0435 \u0440\u0435\u043a\u0438, \n\u0418 \u0432\u043e\u043b\u043d\u044b \u043b\u044e\u0431\u0432\u0438 \u0443 \u043c\u043e\u0440\u0441\u043a\u0438\u0445 \u0431\u0435\u0440\u0435\u0433\u043e\u0432,\n\u0412\u043f\u0435\u0440\u0451\u0434 \u043f\u043e\u043d\u0435\u0441\u0451\u0442 \u0432\u043e\u0434\u043e\u043f\u0430\u0434 \u0442\u0435\u0431\u044f \u043d\u0435\u043a\u0438\u0439\n\u0421\u043a\u0432\u043e\u0437\u044c \u0434\u0436\u0443\u043d\u0433\u043b\u0438 \u0441\u0430\u043c\u044b\u0445 \u043f\u0440\u0435\u043a\u0440\u0430\u0441\u043d\u044b\u0445 \u0446\u0432\u0435\u0442\u043e\u0432! \n\u0421 \u0414\u043d\u0451\u043c \u0420\u043e\u0436\u0434\u0435\u043d\u0438\u044f, \u0442\u0435\u0431\u044f\u044f\u044f\u044f, \u041d\u0430\u0434\u044f\u044f\u044f!\n\u0421 \u0414\u043d\u0451\u043c \u0440\u043e\u0436\u0434\u0435\u043d\u0438\u044f, \u0442\u0435\u0431\u044f, \u0423\u0420\u0410\u0410\u0410!!!", "style": ["indian pop"], "essentia_features": {"lowlevel.average_loudness": 0.9812560081481934, "lowlevel.barkbands_crest.mean": 10.209222793579102, "lowlevel.barkbands_crest.stdev": 4.428102016448975, "lowlevel.barkbands_flatness_db.mean": 0.12325899302959442, "lowlevel.barkbands_flatness_db.stdev": 0.029703935608267784, "lowlevel.barkbands_kurtosis.mean": -0.1776917278766632, "lowlevel.barkbands_kurtosis.stdev": 2.069281816482544, "lowlevel.barkbands_skewness.mean": 0.07893036305904388, "lowlevel.barkbands_skewness.stdev": 1.13939368724823, "lowlevel.barkbands_spread.mean": 40.72533416748047, "lowlevel.barkbands_spread.stdev": 11.20063591003418, "lowlevel.dissonance.mean": 0.4925304651260376, "lowlevel.dissonance.stdev": 0.007887902669608593, "lowlevel.dynamic_complexity": 1.2373124361038208, "lowlevel.erbbands_crest.mean": 10.014780044555664, "lowlevel.erbbands_crest.stdev": 3.9903628826141357, "lowlevel.erbbands_flatness_db.mean": 0.19684188067913055, "lowlevel.erbbands_flatness_db.stdev": 0.04201658070087433, "lowlevel.erbbands_kurtosis.mean": 4.46203088760376, "lowlevel.erbbands_kurtosis.stdev": 5.175985813140869, "lowlevel.erbbands_skewness.mean": -1.5159889459609985, "lowlevel.erbbands_skewness.stdev": 0.7731878161430359, "lowlevel.erbbands_spread.mean": 27.616456985473633, "lowlevel.erbbands_spread.stdev": 17.192665100097656, "lowlevel.hfc.mean": 27.457359313964844, "lowlevel.hfc.stdev": 11.94312858581543, "lowlevel.loudness_ebu128.integrated": -14.11386489868164, "lowlevel.loudness_ebu128.loudness_range": 1.1880254745483398, "lowlevel.loudness_ebu128.momentary.mean": -14.177417755126953, "lowlevel.loudness_ebu128.momentary.stdev": 0.7558484673500061, "lowlevel.loudness_ebu128.short_term.mean": -14.133992195129395, "lowlevel.loudness_ebu128.short_term.stdev": 0.46663832664489746, "lowlevel.melbands_crest.mean": 16.53302574157715, "lowlevel.melbands_crest.stdev": 7.123273849487305, "lowlevel.melbands_flatness_db.mean": 0.16670455038547516, "lowlevel.melbands_flatness_db.stdev": 0.044779665768146515, "lowlevel.melbands_kurtosis.mean": 4.194766044616699, "lowlevel.melbands_kurtosis.stdev": 9.292998313903809, "lowlevel.melbands_skewness.mean": 1.667227864265442, "lowlevel.melbands_skewness.stdev": 1.6069459915161133, "lowlevel.melbands_spread.mean": 66.08682250976562, "lowlevel.melbands_spread.stdev": 30.73714256286621, "lowlevel.pitch_salience.mean": 0.5533511638641357, "lowlevel.pitch_salience.stdev": 0.1346142590045929, "lowlevel.silence_rate_20dB.mean": 1.0, "lowlevel.silence_rate_20dB.stdev": 0.0, "lowlevel.silence_rate_30dB.mean": 1.0, "lowlevel.silence_rate_30dB.stdev": 0.0, "lowlevel.silence_rate_60dB.mean": 0.0034762455616146326, "lowlevel.silence_rate_60dB.stdev": 0.0588570199906826, "lowlevel.spectral_centroid.mean": 2826.7822265625, "lowlevel.spectral_centroid.stdev": 552.7377319335938, "lowlevel.spectral_complexity.mean": 28.692352294921875, "lowlevel.spectral_complexity.stdev": 7.520676612854004, "lowlevel.spectral_decrease.mean": -4.636729222795566e-09, "lowlevel.spectral_decrease.stdev": 3.753288346786121e-09, "lowlevel.spectral_energy.mean": 0.01999056339263916, "lowlevel.spectral_energy.stdev": 0.014667190611362457, "lowlevel.spectral_energyband_high.mean": 0.0018528951331973076, "lowlevel.spectral_energyband_high.stdev": 0.001173604978248477, "lowlevel.spectral_energyband_low.mean": 0.007243823260068893, "lowlevel.spectral_energyband_low.stdev": 0.010533900931477547, "lowlevel.spectral_energyband_middle_high.mean": 0.006689751986414194, "lowlevel.spectral_energyband_middle_high.stdev": 0.0032286520581692457, "lowlevel.spectral_energyband_middle_low.mean": 0.006682674866169691, "lowlevel.spectral_energyband_middle_low.stdev": 0.010558820329606533, "lowlevel.spectral_entropy.mean": 7.629424095153809, "lowlevel.spectral_entropy.stdev": 0.16817086935043335, "lowlevel.spectral_flux.mean": 0.0833408385515213, "lowlevel.spectral_flux.stdev": 0.038029517978429794, "lowlevel.spectral_kurtosis.mean": 5.741248607635498, "lowlevel.spectral_kurtosis.stdev": 3.0431485176086426, "lowlevel.spectral_rms.mean": 0.004165516700595617, "lowlevel.spectral_rms.stdev": 0.0014667697250843048, "lowlevel.spectral_rolloff.mean": 3303.796142578125, "lowlevel.spectral_rolloff.stdev": 1068.8094482421875, "lowlevel.spectral_skewness.mean": 0.7899060845375061, "lowlevel.spectral_skewness.stdev": 0.39955687522888184, "lowlevel.spectral_spread.mean": 2748246.0, "lowlevel.spectral_spread.stdev": 1269916.375, "lowlevel.spectral_strongpeak.mean": 1.0255529880523682, "lowlevel.spectral_strongpeak.stdev": 1.4644312858581543, "lowlevel.zerocrossingrate.mean": 0.10168414562940598, "lowlevel.zerocrossingrate.stdev": 0.029662923887372017, "metadata.audio_properties.analysis.equal_loudness": 0.0, "metadata.audio_properties.analysis.length": 40.04265213012695, "metadata.audio_properties.analysis.sample_rate": 44100.0, "metadata.audio_properties.analysis.start_time": 0.0, "metadata.audio_properties.bit_rate": 129916.0, "metadata.audio_properties.length": 40.042667388916016, "metadata.audio_properties.lossless": 0.0, "metadata.audio_properties.number_channels": 1.0, "metadata.audio_properties.replay_gain": -13.263565063476562, "metadata.audio_properties.sample_rate": 48000.0, "rhythm.beats_count": 102.0, "rhythm.beats_loudness.mean": 0.040681030601263046, "rhythm.beats_loudness.stdev": 0.007210328709334135, "rhythm.bpm": 153.70852661132812, "rhythm.bpm_histogram_first_peak_bpm": 152.0, "rhythm.bpm_histogram_first_peak_weight": 0.0, "rhythm.bpm_histogram_second_peak_bpm": 157.0, "rhythm.bpm_histogram_second_peak_spread": 0.07692307233810425, "rhythm.bpm_histogram_second_peak_weight": 0.3564356565475464, "rhythm.danceability": 2.1696438789367676, "rhythm.onset_rate": 4.99320650100708, "tonal.chords_changes_rate": 0.1041666641831398, "tonal.chords_number_rate": 0.011574073694646358, "tonal.chords_strength.mean": 0.5270522832870483, "tonal.chords_strength.stdev": 0.1137469932436943, "tonal.hpcp_crest.mean": 10.980549812316895, "tonal.hpcp_crest.stdev": 5.003105640411377, "tonal.hpcp_entropy.mean": 2.479738473892212, "tonal.hpcp_entropy.stdev": 0.80186927318573, "tonal.key_edma.strength": 0.7487693428993225, "tonal.key_krumhansl.strength": 0.7451762557029724, "tonal.key_temperley.strength": 0.7251745462417603, "tonal.tuning_diatonic_strength": 0.6358744502067566, "tonal.tuning_equal_tempered_deviation": 0.22992423176765442, "tonal.tuning_frequency": 434.193115234375, "tonal.tuning_nontempered_energy_ratio": 0.8770004510879517, "lowlevel.barkbands.mean": [0.00032302591716870666, 0.002957267453894019, 0.0015526481438428164, 0.005079378839582205, 0.0008564298041164875, 0.00016565849364269525, 0.00030803537811152637, 0.00013604489504359663, 0.00012296678323764354, 5.7997262047138065e-05, 0.00014589136117137969, 0.0005171243101358414, 0.0002445194113533944, 0.00035175791708752513, 0.000388502812711522, 0.000891892530489713, 0.0012636916944757104, 0.0009946908103302121, 0.0008541809511370957, 0.0020353677682578564, 0.00047428140533156693, 0.00014538763207383454, 5.6510703871026635e-05, 1.9701066776178777e-05, 7.70194674259983e-06, 2.7575837520998903e-05, 1.2329714081715792e-05], "lowlevel.barkbands.stdev": [0.0010151922469958663, 0.008423620834946632, 0.0018697571940720081, 0.009406426921486855, 0.0015626088716089725, 0.0003280480159446597, 0.0007130494923330843, 0.0002744991215877235, 0.00026268791407346725, 0.00010948351700790226, 0.00029994649230502546, 0.0011563566513359547, 0.0004874311853200197, 0.0007009992841631174, 0.0007924888632260263, 0.0014888517325744033, 0.0020433657336980104, 0.0008288585231639445, 0.000676242052577436, 0.0014941960107535124, 0.00029033306054770947, 0.00010505059617571533, 5.389122088672593e-05, 1.987158611882478e-05, 9.021443474921398e-06, 3.496604404062964e-05, 2.131994733645115e-05], "lowlevel.erbbands.mean": [0.13421331346035004, 0.4841763973236084, 1.468831181526184, 10.097736358642578, 9.570974349975586, 2.6211466789245605, 1.3601607084274292, 1.4280189275741577, 1.8718408346176147, 7.435424327850342, 2.3607332706451416, 2.7431137561798096, 1.6292033195495605, 3.3823366165161133, 9.931610107421875, 18.40867042541504, 13.379201889038086, 16.044342041015625, 20.726547241210938, 24.657255172729492, 62.143009185791016, 71.44906616210938, 51.51014709472656, 54.254119873046875, 50.73113250732422, 96.06228637695312, 41.75121307373047, 10.869872093200684, 5.900116443634033, 3.1429355144500732, 1.269979476928711, 0.5514287948608398, 0.2602904438972473, 0.09983175992965698, 0.04717043787240982, 0.03903347626328468, 0.05438986048102379, 0.036383308470249176, 0.0009658188791945577, 4.467739927349612e-05], "lowlevel.erbbands.stdev": [0.40431541204452515, 1.3243364095687866, 1.7078953981399536, 17.121383666992188, 17.769180297851562, 3.664216995239258, 1.9440782070159912, 2.7489819526672363, 4.473374843597412, 18.003427505493164, 3.435680866241455, 6.025925159454346, 3.107062339782715, 5.880052089691162, 22.286190032958984, 39.585105895996094, 25.379135131835938, 29.653263092041016, 40.32789993286133, 40.10980987548828, 92.6006851196289, 109.4988784790039, 43.334449768066406, 41.86506271362305, 37.08906173706055, 73.00728607177734, 29.0957088470459, 6.5095391273498535, 4.116890907287598, 2.7428853511810303, 1.2332525253295898, 0.567118227481842, 0.264408141374588, 0.11612360179424286, 0.06245461478829384, 0.05537129193544388, 0.07018209993839264, 0.05320153012871742, 0.0014905271818861365, 3.485842535155825e-05], "lowlevel.gfcc.mean": [-8.89901065826416, 53.401302337646484, -142.25686645507812, 67.89958953857422, -26.100370407104492, -12.799433708190918, -19.63127899169922, -5.212909698486328, -30.113649368286133, -1.4090558290481567, -25.19298553466797, -3.4412496089935303, -27.258441925048828], "lowlevel.melbands.mean": [0.0009777614613994956, 0.0007910595741122961, 0.001792329945601523, 0.000353059935150668, 6.22930092504248e-05, 3.141687557217665e-05, 3.698704676935449e-05, 7.181229739217088e-05, 1.8538061340223067e-05, 1.5971914763213135e-05, 7.5544412538874894e-06, 1.2221044926263858e-05, 2.6192263248958625e-05, 4.640355473384261e-05, 5.10412864969112e-05, 2.2781223378842697e-05, 3.060620656469837e-05, 3.344868673593737e-05, 2.7906682589673437e-05, 4.407335654832423e-05, 7.998477667570114e-05, 8.47552582854405e-05, 4.270339559298009e-05, 4.813893974642269e-05, 4.442709177965298e-05, 2.7026837415178306e-05, 5.5907355999806896e-05, 6.655372999375686e-05, 3.261711754021235e-05, 1.0552644198469352e-05, 4.52651192972553e-06, 3.6532908325170865e-06, 2.1341263618523953e-06, 1.5761169152028742e-06, 7.730018296570051e-07, 4.187871240901586e-07, 3.050675729809882e-07, 1.983481325851244e-07, 1.3251433017558156e-07, 6.473498359582663e-08], "lowlevel.melbands.stdev": [0.0028541001956909895, 0.0010167403379455209, 0.003054628614336252, 0.000598049140535295, 7.744880713289604e-05, 6.12614894635044e-05, 8.157289266819134e-05, 0.00016856389993336052, 3.425838804105297e-05, 3.339228715049103e-05, 1.549141961731948e-05, 2.260447945445776e-05, 5.472873090184294e-05, 0.00010503496741876006, 0.0001491883595008403, 4.3591160647338256e-05, 6.174613372422755e-05, 6.668936839560047e-05, 5.4217376600718126e-05, 8.462079131277278e-05, 0.00012938895088154823, 0.00015196020831353962, 3.7762700230814517e-05, 4.220055416226387e-05, 3.707278665388003e-05, 2.2253776478464715e-05, 4.489157799980603e-05, 5.3991527238395065e-05, 2.651714748935774e-05, 7.0121091084729414e-06, 3.248962002544431e-06, 2.7677544949256117e-06, 1.81471546056855e-06, 1.49055699694145e-06, 7.786904916429194e-07, 4.818963930119935e-07, 3.266542876190215e-07, 2.122191773423765e-07, 1.5363762884135213e-07, 8.7335173759584e-08], "lowlevel.melbands128.mean": [0.00028470397228375077, 0.0012382091954350471, 0.0012036554981023073, 0.000623981119133532, 0.0005011040484532714, 0.0008753162692300975, 0.0020719822496175766, 0.0025919985491782427, 0.0007222557323984802, 0.00011765846284106374, 0.00014372052100952715, 8.62193264765665e-05, 2.7897636755369604e-05, 5.118637636769563e-05, 3.7410900404211134e-05, 1.7144393495982513e-05, 1.69981340150116e-05, 2.5260078473365866e-05, 7.171666948124766e-05, 0.0001262815057998523, 3.989474498666823e-05, 1.1051462934119627e-05, 1.352867366222199e-05, 3.0059984055696987e-05, 2.1387253582361154e-05, 8.28583688416984e-06, 8.945623449108098e-06, 7.17774264558102e-06, 6.816790119046345e-06, 8.521419658791274e-06, 1.4963812645873986e-05, 1.7799056877265684e-05, 2.0747869712067768e-05, 3.344846481923014e-05, 5.549475099542178e-05, 4.2957966797985137e-05, 3.8711874367436394e-05, 8.606882329331711e-05, 2.583876448625233e-05, 2.0457997379708104e-05, 2.1035613826825283e-05, 2.8056114388164133e-05, 2.7532925741979852e-05, 3.565619408618659e-05, 3.3625023206695914e-05, 3.080358510487713e-05, 3.75890958821401e-05, 2.5649715098552406e-05, 2.4055509129539132e-05, 3.084171112277545e-05, 4.117177377338521e-05, 6.443390884669498e-05, 7.303506572498009e-05, 8.413593604927883e-05, 0.00010201308032264933, 0.00010395619028713554, 5.2111008699284866e-05, 3.489041773718782e-05, 4.4292315578786656e-05, 4.535186235443689e-05, 4.865437585976906e-05, 4.896473546978086e-05, 5.300742850522511e-05, 4.507403718889691e-05, 2.650438000273425e-05, 2.4732386009418406e-05, 2.4943561584223062e-05, 3.956238288083114e-05, 6.682724779238924e-05, 7.41040421416983e-05, 7.198458479251713e-05, 6.0073845816077664e-05, 5.057084126747213e-05, 2.5712288334034383e-05, 1.5093638467078563e-05, 1.2149241229053587e-05, 8.046667062444612e-06, 4.868468295171624e-06, 4.272973455954343e-06, 3.543454795362777e-06, 4.542474925983697e-06, 3.4510537716414547e-06, 2.2801598333899165e-06, 2.1059172468085308e-06, 1.844175699261541e-06, 1.8209489098808262e-06, 1.4690775742565165e-06, 1.085498638531135e-06, 6.986054472690739e-07, 6.07867548296781e-07, 4.825203063774097e-07, 3.4638605939107947e-07, 3.366293697126821e-07, 3.046457095479127e-07, 2.920911299497675e-07, 2.6868048053074745e-07, 1.5419931287397048e-07, 1.2619459255347465e-07, 1.648380134611216e-07, 1.2453457998162776e-07, 6.697779753039868e-08, 6.555835341259808e-08, 4.2236884212343284e-08, 4.0577695870069874e-08, 4.942964437759656e-08, 5.4109147384906464e-08, 7.371949806156408e-08, 5.435603611658735e-08, 4.200409975396724e-08, 8.771970527732265e-08, 8.462968281719441e-08, 1.0391120497388329e-07, 1.6964426663435006e-07, 2.5537789838381286e-07, 2.2767862617456558e-07, 4.541026044080354e-07, 4.67602632170383e-07, 9.88280532965291e-08, 1.9431346809373196e-10, 3.764060677730052e-12, 3.5776223563516174e-12, 3.4465238822611877e-12, 3.3389426206537065e-12, 3.233720582973554e-12, 3.0786068139221356e-12, 2.8922023196514823e-12, 2.7923652973216306e-12, 2.7656334253972625e-12], "lowlevel.melbands128.stdev": [0.0009680814109742641, 0.003875929629430175, 0.0035476856864988804, 0.0018074585823342204, 0.0008179494761861861, 0.001062678056769073, 0.003549208166077733, 0.004808556754142046, 0.0014420629013329744, 0.0003111108671873808, 0.0002002369292313233, 0.00011222123430343345, 5.40102701052092e-05, 0.00012759647506754845, 8.573800005251542e-05, 3.269725857535377e-05, 6.173583824420348e-05, 9.63313941610977e-05, 0.00017929681052919477, 0.0003413240483496338, 9.806701564230025e-05, 2.36761370615568e-05, 2.940974081866443e-05, 8.7726853962522e-05, 6.0953101638006046e-05, 1.6011439583962783e-05, 1.93257237697253e-05, 2.6320889446651563e-05, 1.1685655408655293e-05, 1.6653504644636996e-05, 3.86026622436475e-05, 3.971216210629791e-05, 5.4542135330848396e-05, 0.00010749664943432435, 0.00017628756177145988, 0.00012302910909056664, 0.00010698135884013027, 0.0003218906349502504, 8.196361886803061e-05, 5.0716844270937145e-05, 5.2447026973823085e-05, 6.891861994517967e-05, 6.056712300051004e-05, 0.00010201462282566354, 8.236172288889065e-05, 7.735332474112511e-05, 0.0001134305857704021, 6.36961922282353e-05, 6.401004793588072e-05, 7.524912507506087e-05, 0.00010441937047289684, 0.00016179574595298618, 0.0001469517155783251, 0.00018331098544877023, 0.0002277228340972215, 0.0002500242553651333, 7.263706356752664e-05, 3.3781536330934614e-05, 5.682186019839719e-05, 6.0877850046381354e-05, 5.555875031859614e-05, 5.268066161079332e-05, 5.19851382705383e-05, 4.6147626562742516e-05, 2.634961492731236e-05, 2.4268412744277157e-05, 2.7106731067760848e-05, 3.859464777633548e-05, 6.939363811397925e-05, 7.013644062681124e-05, 7.773017568979412e-05, 5.747046452597715e-05, 5.658909140038304e-05, 2.2501319108414464e-05, 1.1714056199707557e-05, 1.0484204722160939e-05, 6.9510915636783466e-06, 4.5559913814940955e-06, 3.905674475390697e-06, 3.0077887913648738e-06, 4.294657628634013e-06, 3.0181429337972077e-06, 2.1356909201131202e-06, 2.2439446638600202e-06, 2.034080353041645e-06, 2.090073621729971e-06, 1.575999021952157e-06, 1.1566269222385017e-06, 8.164213340933202e-07, 7.508306225645356e-07, 6.715629865539086e-07, 4.818026013708732e-07, 4.067044301336864e-07, 3.757629940537299e-07, 3.58799411515065e-07, 3.3376895203218737e-07, 1.9396676975702576e-07, 1.6283112813653133e-07, 2.1577214681656187e-07, 1.6872729702299694e-07, 1.0664550842420795e-07, 1.0975019648640227e-07, 7.671897606087441e-08, 6.429478105474118e-08, 8.417057983933773e-08, 9.550849000561357e-08, 1.325973641996825e-07, 1.108411851191704e-07, 8.166716014557096e-08, 1.5338589776092704e-07, 1.4326613495541096e-07, 1.6211826903145266e-07, 2.598324329028401e-07, 3.814847104877117e-07, 3.3253292031076853e-07, 6.909332910254307e-07, 7.867944304962293e-07, 2.1037635633547325e-07, 4.445981360845508e-09, 1.777584676676547e-11, 1.6218627135744512e-11, 1.472048177797447e-11, 1.3487664977940295e-11, 1.1882011000108328e-11, 8.71932474139081e-12, 5.419325144889742e-12, 4.566119184146178e-12, 4.495804770132672e-12], "lowlevel.mfcc.mean": [-644.784912109375, 80.78778839111328, -43.65003204345703, 74.2871322631836, 2.523362159729004, 15.64571762084961, 6.589588642120361, 3.0851001739501953, -4.5734639167785645, 0.08979376405477524, -7.46347188949585, 2.904130697250366, -1.186286211013794], "lowlevel.spectral_contrast_coeffs.mean": [-0.6575974822044373, -0.8009518980979919, -0.812109649181366, -0.7810065150260925, -0.7751916646957397, -0.6372514367103577], "lowlevel.spectral_contrast_coeffs.stdev": [0.08728829771280289, 0.06781071424484253, 0.06398794800043106, 0.05699332430958748, 0.03163246437907219, 0.05262328311800957], "lowlevel.spectral_contrast_valleys.mean": [-7.429098606109619, -7.538763046264648, -7.795989513397217, -7.338456630706787, -6.3541951179504395, -11.224328994750977], "lowlevel.spectral_contrast_valleys.stdev": [0.8515987992286682, 0.701085090637207, 0.6936532258987427, 0.6428367495536804, 0.6485833525657654, 0.8955733776092529], "rhythm.beats_loudness_band_ratio.mean": [0.7188764214515686, 0.016860824078321457, 0.013464468531310558, 0.02566392719745636, 0.12041766941547394, 0.11292751878499985], "rhythm.beats_loudness_band_ratio.stdev": [0.10185981541872025, 0.011899097822606564, 0.027426911517977715, 0.031242337077856064, 0.07386969029903412, 0.061156630516052246], "tonal.hpcp.mean": [0.08353113383054733, 0.07273402810096741, 0.06226779520511627, 0.05312611535191536, 0.04359057545661926, 0.0718793049454689, 0.261986643075943, 0.3536438047885895, 0.18382756412029266, 0.07639069855213165, 0.074326291680336, 0.08096224069595337, 0.08114109188318253, 0.0909750908613205, 0.1049625426530838, 0.10093045979738235, 0.10519856959581375, 0.12024030089378357, 0.14865100383758545, 0.1576147973537445, 0.254151314496994, 0.4374336004257202, 0.3547586500644684, 0.1525673270225525, 0.09212333709001541, 0.07670498639345169, 0.07955819368362427, 0.09538092464208603, 0.10973084717988968, 0.10857520252466202, 0.10459546744823456, 0.10909251868724823, 0.11212392151355743, 0.10522838681936264, 0.08499319106340408, 0.07803776860237122], "tonal.hpcp.stdev": [0.17150110006332397, 0.18077997863292694, 0.15981346368789673, 0.14469416439533234, 0.12108152359724045, 0.14991307258605957, 0.31819412112236023, 0.3843325674533844, 0.24575364589691162, 0.16295590996742249, 0.15734414756298065, 0.16188661754131317, 0.1448298841714859, 0.15894176065921783, 0.18464691936969757, 0.17857059836387634, 0.18703660368919373, 0.21506603062152863, 0.23462408781051636, 0.23494309186935425, 0.2948894500732422, 0.39986804127693176, 0.36523640155792236, 0.22431103885173798, 0.15909253060817719, 0.1272294521331787, 0.12450176477432251, 0.14674943685531616, 0.17789918184280396, 0.16245833039283752, 0.1631876826286316, 0.15665596723556519, 0.17324623465538025, 0.17998875677585602, 0.16134192049503326, 0.14388519525527954], "rhythm.beats_position": [0.3250793516635895, 0.6733786463737488, 1.0448979139328003, 1.4396371841430664, 1.834376335144043, 2.2291154861450195, 2.6122448444366455, 2.9953742027282715, 3.390113353729248, 3.7848525047302246, 4.1679816246032715, 4.551111221313477, 4.945850372314453, 5.34058952331543, 5.735328674316406, 6.118457794189453, 6.501587390899658, 6.896326541900635, 7.291065692901611, 7.685804843902588, 8.080544471740723, 8.46367359161377, 8.846802711486816, 9.241541862487793, 9.62467098236084, 10.019410133361816, 10.402539253234863, 10.79727840423584, 11.192017555236816, 11.586756706237793, 11.958276748657227, 12.353015899658203, 12.74775505065918, 13.142494201660156, 13.537233352661133, 13.92036247253418, 14.303491592407227, 14.698230743408203, 15.09296989440918, 15.476099014282227, 15.87083911895752, 16.25396728515625, 16.648706436157227, 17.043445587158203, 17.43818473815918, 17.82131576538086, 18.204444885253906, 18.599184036254883, 18.99392318725586, 19.388662338256836, 19.771791458129883, 20.15492057800293, 20.549659729003906, 20.944398880004883, 21.33913803100586, 21.710657119750977, 22.105396270751953, 22.50013542175293, 22.894874572753906, 23.278003692626953, 23.6611328125, 24.055871963500977, 24.450611114501953, 24.84535026550293, 25.228479385375977, 25.611610412597656, 26.006349563598633, 26.40108871459961, 26.795827865600586, 27.190567016601562, 27.57369613647461, 27.956825256347656, 28.351564407348633, 28.73469352722168, 29.117822647094727, 29.512561798095703, 29.90730094909668, 30.302040100097656, 30.685169219970703, 31.06829833984375, 31.463037490844727, 31.857776641845703, 32.25251770019531, 32.647254943847656, 33.0303840637207, 33.41351318359375, 33.80825424194336, 34.2029914855957, 34.59773254394531, 34.98086166381836, 35.363990783691406, 35.75872802734375, 36.15346908569336, 36.536598205566406, 36.91972732543945, 37.3144645690918, 37.709205627441406, 38.103946685791016, 38.49868392944336, 38.881813049316406, 39.26494216918945, 39.65968322753906], "rhythm.bpm_histogram": [0.0, 0.0, 0.0, 0.0, 0.0, 0.0, 0.0, 0.0, 0.0, 0.0, 0.0, 0.0, 0.0, 0.0, 0.0, 0.0, 0.0, 0.0, 0.0, 0.0, 0.0, 0.0, 0.0, 0.0, 0.0, 0.0, 0.0, 0.0, 0.0, 0.0, 0.0, 0.0, 0.0, 0.0, 0.0, 0.0, 0.0, 0.0, 0.0, 0.0, 0.0, 0.0, 0.0, 0.0, 0.0, 0.0, 0.0, 0.0, 0.0, 0.0, 0.0, 0.0, 0.0, 0.0, 0.0, 0.0, 0.0, 0.0, 0.0, 0.0, 0.0, 0.0, 0.0, 0.0, 0.0, 0.0, 0.0, 0.0, 0.0, 0.0, 0.0, 0.0, 0.0, 0.0, 0.0, 0.0, 0.0, 0.0, 0.0, 0.0, 0.0, 0.0, 0.0, 0.0, 0.0, 0.0, 0.0, 0.0, 0.0, 0.0, 0.0, 0.0, 0.0, 0.0, 0.0, 0.0, 0.0, 0.0, 0.0, 0.0, 0.0, 0.0, 0.0, 0.0, 0.0, 0.0, 0.0, 0.0, 0.0, 0.0, 0.0, 0.0, 0.0, 0.0, 0.0, 0.0, 0.0, 0.0, 0.0, 0.0, 0.0, 0.0, 0.0, 0.0, 0.0, 0.0, 0.0, 0.0, 0.0, 0.0, 0.0, 0.0, 0.0, 0.0, 0.0, 0.0, 0.0, 0.0, 0.0, 0.0, 0.0, 0.0, 0.0, 0.0, 0.0, 0.0, 0.0, 0.0, 0.0, 0.0, 0.0, 0.0, 0.603960394859314, 0.0, 0.0, 0.0, 0.0, 0.3564356565475464, 0.0, 0.0, 0.0, 0.029702970758080482, 0.0, 0.0, 0.0, 0.0, 0.0, 0.0, 0.0, 0.0, 0.0, 0.0, 0.009900989942252636, 0.0, 0.0, 0.0, 0.0, 0.0, 0.0, 0.0, 0.0, 0.0, 0.0, 0.0, 0.0, 0.0, 0.0, 0.0, 0.0, 0.0, 0.0, 0.0, 0.0, 0.0, 0.0, 0.0, 0.0, 0.0, 0.0, 0.0, 0.0, 0.0, 0.0, 0.0, 0.0, 0.0, 0.0, 0.0, 0.0, 0.0, 0.0, 0.0, 0.0, 0.0, 0.0, 0.0, 0.0, 0.0, 0.0, 0.0, 0.0, 0.0, 0.0, 0.0, 0.0, 0.0, 0.0, 0.0, 0.0, 0.0, 0.0, 0.0, 0.0, 0.0, 0.0, 0.0, 0.0, 0.0, 0.0, 0.0, 0.0, 0.0, 0.0, 0.0, 0.0, 0.0, 0.0, 0.0, 0.0, 0.0], "tonal.chords_histogram": [29.51388931274414, 4.976851940155029, 3.819444417953491, 0.0, 0.0, 2.430555582046509, 18.05555534362793, 8.796296119689941, 5.439815044403076, 9.375, 0.0, 0.0, 0.0, 0.0, 0.0, 0.0, 0.0, 0.0, 0.0, 0.0, 0.0, 0.0, 6.828703880310059, 10.76388931274414], "tonal.thpcp": [1.0, 0.8109999895095825, 0.34877824783325195, 0.21059958636760712, 0.1753522902727127, 0.18187490105628967, 0.218046635389328, 0.25085142254829407, 0.24820956587791443, 0.23911164700984955, 0.24939218163490295, 0.25632214546203613, 0.24055853486061096, 0.1942996382713318, 0.17839911580085754, 0.19095729291439056, 0.16627444326877594, 0.14234799146652222, 0.1214495524764061, 0.09965072572231293, 0.16432049870491028, 0.5989174842834473, 0.8084514141082764, 0.4202410578727722, 0.17463381588459015, 0.16991445422172546, 0.18508464097976685, 0.18549349904060364, 0.2079746276140213, 0.23995080590248108, 0.2307332158088684, 0.2404903769493103, 0.2748766839504242, 0.339825302362442, 0.36031708121299744, 0.5810054540634155], "lowlevel.gfcc.cov": [[2431.951904296875, -160.7936553955078, 412.5708923339844, -77.15444946289062, 40.6492805480957, 95.24961853027344, -53.89120101928711, 71.3609390258789, -145.47254943847656, -0.82350093126297, -64.62203979492188, -8.657706260681152, -117.0426025390625], [-160.7936553955078, 613.0238647460938, -247.53050231933594, 56.030277252197266, -27.734140396118164, 8.627071380615234, 176.404052734375, -50.181396484375, 77.19873046875, 47.852012634277344, 124.67154693603516, 5.936608791351318, 48.17460250854492], [412.5708923339844, -247.53050231933594, 563.6995849609375, 10.810685157775879, 39.53928756713867, 110.18817138671875, -129.53150939941406, 111.37621307373047, -59.890380859375, 30.368881225585938, -30.8057918548584, 40.05756378173828, -23.863283157348633], [-77.15444946289062, 56.030277252197266, 10.810685157775879, 284.2890319824219, 74.37551879882812, -3.933600902557373, -33.55633544921875, 9.620360374450684, 84.83358764648438, -33.70267868041992, -3.0636978149414062, 6.087448596954346, 75.63581085205078], [40.6492805480957, -27.734140396118164, 39.53928756713867, 74.37551879882812, 310.3371276855469, -33.48958206176758, 126.11822509765625, 45.949737548828125, 90.22979736328125, 68.69051361083984, -25.179420471191406, 73.85087585449219, 64.37569427490234], [95.24961853027344, 8.627071380615234, 110.18817138671875, -3.933600902557373, -33.48958206176758, 229.3824462890625, -10.076050758361816, 47.68280792236328, -39.94084548950195, 12.66120433807373, 28.45754623413086, -26.005599975585938, 6.725870609283447], [-53.89120101928711, 176.404052734375, -129.53150939941406, -33.55633544921875, 126.11822509765625, -10.076050758361816, 359.82879638671875, 44.30683135986328, 22.628345489501953, 63.55628204345703, 79.38502502441406, 57.734130859375, 0.7611510753631592], [71.3609390258789, -50.181396484375, 111.37621307373047, 9.620360374450684, 45.949737548828125, 47.68280792236328, 44.30683135986328, 152.4827880859375, 41.485008239746094, 54.792442321777344, 32.165836334228516, 46.94828414916992, 25.234310150146484], [-145.47254943847656, 77.19873046875, -59.890380859375, 84.83358764648438, 90.22979736328125, -39.94084548950195, 22.628345489501953, 41.485008239746094, 171.9378204345703, 66.76824188232422, 26.395681381225586, 31.675825119018555, 45.98229217529297], [-0.82350093126297, 47.852012634277344, 30.368881225585938, -33.70267868041992, 68.69051361083984, 12.66120433807373, 63.55628204345703, 54.792442321777344, 66.76824188232422, 159.82656860351562, 73.82453155517578, 42.70702362060547, 6.985374927520752], [-64.62203979492188, 124.67154693603516, -30.8057918548584, -3.0636978149414062, -25.179420471191406, 28.45754623413086, 79.38502502441406, 32.165836334228516, 26.395681381225586, 73.82453155517578, 139.30905151367188, 38.60078811645508, 4.962667942047119], [-8.657706260681152, 5.936608791351318, 40.05756378173828, 6.087448596954346, 73.85087585449219, -26.005599975585938, 57.734130859375, 46.94828414916992, 31.675825119018555, 42.70702362060547, 38.60078811645508, 102.40272521972656, 44.9562873840332], [-117.0426025390625, 48.17460250854492, -23.863283157348633, 75.63581085205078, 64.37569427490234, 6.725870609283447, 0.7611510753631592, 25.234310150146484, 45.98229217529297, 6.985374927520752, 4.962667942047119, 44.9562873840332, 111.76325988769531]], "lowlevel.gfcc.icov": [[0.0005265645449981093, -0.00021366596047300845, -0.0002272831043228507, -2.271533594466746e-05, -0.0003265886043664068, -4.349495065980591e-05, 0.00019627486472018063, -0.0003508539230097085, 0.0004981806850992143, -2.1111674868734553e-05, 0.0002293610741617158, -0.00012378612882457674, 0.0007149568409658968], [-0.00021366596047300845, 0.0033354326151311398, 0.00025154146715067327, -0.00042562189628370106, 0.0015502054011449218, -0.0004331626114435494, -0.0020514552015811205, 0.0023793831933289766, -0.0017468540463596582, -0.00040572474244982004, -0.0016663451679050922, 0.0008761457866057754, -0.0022442019544541836], [-0.0002272831043228507, 0.00025154146715067327, 0.0042573451064527035, -0.0012993100099265575, -0.0010779788717627525, -0.001587831531651318, 0.002277590334415436, -0.002580360509455204, 0.0024998884182423353, -0.0013856848236173391, 0.0010736766271293163, -0.003292419482022524, 0.0030602156184613705], [-2.271533594466746e-05, -0.00042562189628370106, -0.0012993100099265575, 0.006602656561881304, -0.0019099741475656629, 0.0004338109283708036, 0.0006227950216270983, 0.00030684348894283175, -0.0034415344707667828, 0.004365942440927029, -0.0030177158769220114, 0.003071452025324106, -0.003544006496667862], [-0.0003265886043664068, 0.0015502054011449218, -0.0010779788717627525, -0.0019099741475656629, 0.009115594439208508, -0.00011413852189434692, -0.004788694903254509, 0.0027699850033968687, -0.0031486584339290857, -0.003978196997195482, 0.005518178455531597, -0.0027122111059725285, -0.003394299652427435], [-4.349495065980591e-05, -0.0004331626114435494, -0.001587831531651318, 0.0004338109283708036, -0.00011413852189434692, 0.006912326440215111, -0.0002402902173344046, -0.002127228304743767, 0.0018750554881989956, -8.897939551388845e-05, -0.002452476415783167, 0.005335347261279821, -0.0031628627330064774], [0.00019627486472018063, -0.0020514552015811205, 0.002277590334415436, 0.0006227950216270983, -0.004788694903254509, -0.0002402902173344046, 0.0073222992941737175, -0.003845367580652237, 0.0032408840488642454, 0.0008974020602181554, -0.0022971092257648706, -0.002179150702431798, 0.004334819968789816], [-0.0003508539230097085, 0.0023793831933289766, -0.002580360509455204, 0.00030684348894283175, 0.0027699850033968687, -0.002127228304743767, -0.003845367580652237, 0.013439632020890713, -0.005256535951048136, -0.0011510101612657309, -0.0006063237669877708, -0.0017691500252112746, -0.0036542322486639023], [0.0004981806850992143, -0.0017468540463596582, 0.0024998884182423353, -0.0034415344707667828, -0.0031486584339290857, 0.0018750554881989956, 0.0032408840488642454, -0.005256535951048136, 0.014019531197845936, -0.00512389512732625, 0.0008459949167445302, -0.0005891821929253638, 0.0017547477036714554], [-2.1111674868734553e-05, -0.00040572474244982004, -0.0013856848236173391, 0.004365942440927029, -0.003978196997195482, -8.897939551388845e-05, 0.0008974020602181554, -0.0011510101612657309, -0.00512389512732625, 0.014784314669668674, -0.00808667577803135, 0.0014605106553062797, 0.000408474646974355], [0.0002293610741617158, -0.0016663451679050922, 0.0010736766271293163, -0.0030177158769220114, 0.005518178455531597, -0.002452476415783167, -0.0022971092257648706, -0.0006063237669877708, 0.0008459949167445302, -0.00808667577803135, 0.01819007657468319, -0.008220360614359379, 0.0030078731942921877], [-0.00012378612882457674, 0.0008761457866057754, -0.003292419482022524, 0.003071452025324106, -0.0027122111059725285, 0.005335347261279821, -0.002179150702431798, -0.0017691500252112746, -0.0005891821929253638, 0.0014605106553062797, -0.008220360614359379, 0.02346634864807129, -0.010556543245911598], [0.0007149568409658968, -0.0022442019544541836, 0.0030602156184613705, -0.003544006496667862, -0.003394299652427435, -0.0031628627330064774, 0.004334819968789816, -0.0036542322486639023, 0.0017547477036714554, 0.000408474646974355, 0.0030078731942921877, -0.010556543245911598, 0.020021658390760422]], "lowlevel.mfcc.cov": [[1515.634521484375, 20.62289810180664, 218.1308135986328, -73.77085876464844, 73.03599548339844, -7.222142219543457, 76.21806335449219, 23.27891731262207, -41.66862487792969, 8.678409576416016, -1.5013974905014038, -42.189239501953125, -50.599266052246094], [20.62289810180664, 456.71258544921875, -190.75637817382812, 54.13479995727539, -161.26637268066406, 75.65650177001953, 73.30978393554688, 9.183618545532227, -1.9679194688796997, 36.71232986450195, 78.9294662475586, 33.45887756347656, 60.24574661254883], [218.1308135986328, -190.75637817382812, 543.1961059570312, -148.53543090820312, 167.44520568847656, -54.7156867980957, 2.580980062484741, -1.4439665079116821, -59.30802917480469, -32.389530181884766, -8.028371810913086, -4.107983589172363, -34.156585693359375], [-73.77085876464844, 54.13479995727539, -148.53543090820312, 327.03350830078125, 33.2573356628418, 27.817346572875977, -36.90155029296875, 38.37257385253906, 77.11412811279297, 13.662956237792969, -22.6356201171875, 43.08261489868164, 51.566314697265625], [73.03599548339844, -161.26637268066406, 167.44520568847656, 33.2573356628418, 284.0880126953125, 7.204547882080078, -73.38983917236328, -10.761363983154297, 65.17150115966797, 15.003251075744629, -17.14401626586914, -32.08995819091797, -26.492509841918945], [-7.222142219543457, 75.65650177001953, -54.7156867980957, 27.817346572875977, 7.204547882080078, 133.86013793945312, 44.361717224121094, 7.1006951332092285, 17.946821212768555, 32.732173919677734, 28.07583999633789, -25.85997772216797, -29.738534927368164], [76.21806335449219, 73.30978393554688, 2.580980062484741, -36.90155029296875, -73.38983917236328, 44.361717224121094, 210.1577911376953, 59.25889587402344, -6.695198059082031, 22.429454803466797, 47.92832946777344, 14.636324882507324, 9.778136253356934], [23.27891731262207, 9.183618545532227, -1.4439665079116821, 38.37257385253906, -10.761363983154297, 7.1006951332092285, 59.25889587402344, 116.3676528930664, 38.59176254272461, 10.901341438293457, -6.677343845367432, 20.117860794067383, 11.650343894958496], [-41.66862487792969, -1.9679194688796997, -59.30802917480469, 77.11412811279297, 65.17150115966797, 17.946821212768555, -6.695198059082031, 38.59176254272461, 127.47650146484375, 36.959320068359375, 3.332637071609497, -10.942262649536133, 17.479406356811523], [8.678409576416016, 36.71232986450195, -32.389530181884766, 13.662956237792969, 15.003251075744629, 32.732173919677734, 22.429454803466797, 10.901341438293457, 36.959320068359375, 104.47396850585938, 50.96098709106445, 6.661353588104248, -4.023184776306152], [-1.5013974905014038, 78.9294662475586, -8.028371810913086, -22.6356201171875, -17.14401626586914, 28.07583999633789, 47.92832946777344, -6.677343845367432, 3.332637071609497, 50.96098709106445, 114.95032501220703, 42.57952880859375, 27.387428283691406], [-42.189239501953125, 33.45887756347656, -4.107983589172363, 43.08261489868164, -32.08995819091797, -25.85997772216797, 14.636324882507324, 20.117860794067383, -10.942262649536133, 6.661353588104248, 42.57952880859375, 145.4183807373047, 89.50251770019531], [-50.599266052246094, 60.24574661254883, -34.156585693359375, 51.566314697265625, -26.492509841918945, -29.738534927368164, 9.778136253356934, 11.650343894958496, 17.479406356811523, -4.023184776306152, 27.387428283691406, 89.50251770019531, 136.45571899414062]], "lowlevel.mfcc.icov": [[0.000755796383600682, -0.00029112742049619555, -0.00023102822888176888, -1.4844525139778852e-05, -0.0003435841354075819, 0.00029776094015687704, -0.00034349309862591326, -0.00013891098205931485, 0.0003438265121076256, -0.00019196953508071601, 0.0001632935891393572, 0.00018760678358376026, 0.00018570302927400917], [-0.00029112742049619555, 0.003989777993410826, 0.000390989996958524, -0.0005736610037274659, 0.0020761198829859495, -0.0019742597360163927, 0.00025817047571763396, -3.640327850007452e-05, 0.00017734596622176468, -0.00012466689804568887, -0.0020323223434388638, 0.0010517158079892397, -0.0019057054305449128], [-0.00023102822888176888, 0.000390989996958524, 0.00371859734877944, 0.0012847032630816102, -0.0029372037388384342, 0.0010085499379783869, -0.0006522265612147748, -0.0011528556933626533, 0.0023249771911650896, 0.000664125254843384, -0.0004532152379397303, -0.0004569841257762164, 9.421201684745029e-05], [-1.4844525139778852e-05, -0.0005736610037274659, 0.0012847032630816102, 0.005039304960519075, -0.0013213169295340776, -0.0011490525212138891, 0.0007912548026069999, -0.001035804278217256, -0.0014009589795023203, -1.9684548533405177e-05, 0.0021502727176994085, -0.002055524382740259, -0.0007146680145524442], [-0.0003435841354075819, 0.0020761198829859495, -0.0029372037388384342, -0.0013213169295340776, 0.008521382696926594, -0.0023796840105205774, 0.002283327979966998, 0.0015477100387215614, -0.004736585542559624, -0.0005878325900994241, -0.0007393298437818885, 0.0007514419849030674, -0.00019497399625834078], [0.00029776094015687704, -0.0019742597360163927, 0.0010085499379783869, -0.0011490525212138891, -0.0023796840105205774, 0.011795872822403908, -0.0027388758026063442, 0.00019799091387540102, 0.000541570654604584, -0.0009436534019187093, -0.001742617692798376, 0.0012306004064157605, 0.003402217524126172], [-0.00034349309862591326, 0.00025817047571763396, -0.0006522265612147748, 0.0007912548026069999, 0.002283327979966998, -0.0027388758026063442, 0.008185025304555893, -0.004351240117102861, 0.00040399908903054893, -2.499194670235738e-05, -0.002802957547828555, 0.0009748945012688637, -0.0012016055407002568], [-0.00013891098205931485, -3.640327850007452e-05, -0.0011528556933626533, -0.001035804278217256, 0.0015477100387215614, 0.00019799091387540102, -0.004351240117102861, 0.0138762341812253, -0.005678677000105381, -0.0005617550341412425, 0.0038197131361812353, -0.0034613797906786203, 0.001752686453