{"song_id": "1183679269319221409", "download": "https://cdn.discordapp.com/attachments/1135911532732108921/1183679269319221409/chirp.mp4?ex=65893639&amp", "lyrics": "[verse]\nEu vim l\u00e1 de baixo, sem dinheiro no bolso\nUma hist\u00f3ria de supera\u00e7\u00e3o, nunca fui omisso\nLutei todos os dias, enfrentei obst\u00e1culos\nAgora ostento luxo, vivo no para\u00edso\n\n[chorus]\nCart\u00e3o Black, s\u00f3 carro de luxo\nAs notas na minha m\u00e3o, n\u00e3o conhe\u00e7o o fracasso\nDe volta pra minha quebrada, eu n\u00e3o volto mais\nVim pra ficar, o jogo agora \u00e9 de classe", "style": ["Trap ostenta\u00e7\u00e3o com melodia estilo CARTAO BLACK do mc caverinha e kayblack"], "essentia_features": {"lowlevel.average_loudness": 0.7327884435653687, "lowlevel.barkbands_crest.mean": 15.643746376037598, "lowlevel.barkbands_crest.stdev": 6.1591596603393555, "lowlevel.barkbands_flatness_db.mean": 0.2499929517507553, "lowlevel.barkbands_flatness_db.stdev": 0.11101477593183517, "lowlevel.barkbands_kurtosis.mean": 47.069496154785156, "lowlevel.barkbands_kurtosis.stdev": 87.07267761230469, "lowlevel.barkbands_skewness.mean": 3.6409912109375, "lowlevel.barkbands_skewness.stdev": 4.247297286987305, "lowlevel.barkbands_spread.mean": 16.992284774780273, "lowlevel.barkbands_spread.stdev": 18.086225509643555, "lowlevel.dissonance.mean": 0.4691316783428192, "lowlevel.dissonance.stdev": 0.032507359981536865, "lowlevel.dynamic_complexity": 5.665931701660156, "lowlevel.erbbands_crest.mean": 11.6732816696167, "lowlevel.erbbands_crest.stdev": 6.5698652267456055, "lowlevel.erbbands_flatness_db.mean": 0.1932208240032196, "lowlevel.erbbands_flatness_db.stdev": 0.07810258865356445, "lowlevel.erbbands_kurtosis.mean": 1.4550498723983765, "lowlevel.erbbands_kurtosis.stdev": 4.283495903015137, "lowlevel.erbbands_skewness.mean": 0.15168820321559906, "lowlevel.erbbands_skewness.stdev": 1.3016455173492432, "lowlevel.erbbands_spread.mean": 47.87836837768555, "lowlevel.erbbands_spread.stdev": 32.63883972167969, "lowlevel.hfc.mean": 31.90342903137207, "lowlevel.hfc.stdev": 48.94694900512695, "lowlevel.loudness_ebu128.integrated": -14.755021095275879, "lowlevel.loudness_ebu128.loudness_range": 6.224634170532227, "lowlevel.loudness_ebu128.momentary.mean": -18.687732696533203, "lowlevel.loudness_ebu128.momentary.stdev": 8.284089088439941, "lowlevel.loudness_ebu128.short_term.mean": -16.150917053222656, "lowlevel.loudness_ebu128.short_term.stdev": 2.675842523574829, "lowlevel.melbands_crest.mean": 23.858644485473633, "lowlevel.melbands_crest.stdev": 10.268956184387207, "lowlevel.melbands_flatness_db.mean": 0.29639357328414917, "lowlevel.melbands_flatness_db.stdev": 0.15802191197872162, "lowlevel.melbands_kurtosis.mean": 129.70367431640625, "lowlevel.melbands_kurtosis.stdev": 218.5349884033203, "lowlevel.melbands_skewness.mean": 6.377501964569092, "lowlevel.melbands_skewness.stdev": 6.308558464050293, "lowlevel.melbands_spread.mean": 23.948877334594727, "lowlevel.melbands_spread.stdev": 32.70246505737305, "lowlevel.pitch_salience.mean": 0.41817957162857056, "lowlevel.pitch_salience.stdev": 0.20546495914459229, "lowlevel.silence_rate_20dB.mean": 0.9705138802528381, "lowlevel.silence_rate_20dB.stdev": 0.16916468739509583, "lowlevel.silence_rate_30dB.mean": 0.6116259694099426, "lowlevel.silence_rate_30dB.stdev": 0.48737919330596924, "lowlevel.silence_rate_60dB.mean": 0.21145746111869812, "lowlevel.silence_rate_60dB.stdev": 0.4083386957645416, "lowlevel.spectral_centroid.mean": 1883.5433349609375, "lowlevel.spectral_centroid.stdev": 1184.0394287109375, "lowlevel.spectral_complexity.mean": 10.921650886535645, "lowlevel.spectral_complexity.stdev": 10.23381233215332, "lowlevel.spectral_decrease.mean": -2.8239425020615272e-08, "lowlevel.spectral_decrease.stdev": 3.275699000937493e-08, "lowlevel.spectral_energy.mean": 0.10947588831186295, "lowlevel.spectral_energy.stdev": 0.12425751984119415, "lowlevel.spectral_energyband_high.mean": 0.00246568419970572, "lowlevel.spectral_energyband_high.stdev": 0.0059522176161408424, "lowlevel.spectral_energyband_low.mean": 0.09857406467199326, "lowlevel.spectral_energyband_low.stdev": 0.12311100214719772, "lowlevel.spectral_energyband_middle_high.mean": 0.0031028147786855698, "lowlevel.spectral_energyband_middle_high.stdev": 0.005460643209517002, "lowlevel.spectral_energyband_middle_low.mean": 0.006135560572147369, "lowlevel.spectral_energyband_middle_low.stdev": 0.00974121131002903, "lowlevel.spectral_entropy.mean": 7.454303741455078, "lowlevel.spectral_entropy.stdev": 0.7099849581718445, "lowlevel.spectral_flux.mean": 0.07481604069471359, "lowlevel.spectral_flux.stdev": 0.06985868513584137, "lowlevel.spectral_kurtosis.mean": 3.651890754699707, "lowlevel.spectral_kurtosis.stdev": 2.929608106613159, "lowlevel.spectral_rms.mean": 0.00797155499458313, "lowlevel.spectral_rms.stdev": 0.006577226333320141, "lowlevel.spectral_rolloff.mean": 2246.06689453125, "lowlevel.spectral_rolloff.stdev": 3122.69287109375, "lowlevel.spectral_skewness.mean": 1.3705763816833496, "lowlevel.spectral_skewness.stdev": 0.5518491864204407, "lowlevel.spectral_spread.mean": 5478533.5, "lowlevel.spectral_spread.stdev": 2304954.0, "lowlevel.spectral_strongpeak.mean": 0.9829246401786804, "lowlevel.spectral_strongpeak.stdev": 1.2403931617736816, "lowlevel.zerocrossingrate.mean": 0.08023855090141296, "lowlevel.zerocrossingrate.stdev": 0.0862748771905899, "metadata.audio_properties.analysis.equal_loudness": 0.0, "metadata.audio_properties.analysis.length": 27.519977569580078, "metadata.audio_properties.analysis.sample_rate": 44100.0, "metadata.audio_properties.analysis.start_time": 0.0, "metadata.audio_properties.bit_rate": 124739.0, "metadata.audio_properties.length": 27.520000457763672, "metadata.audio_properties.lossless": 0.0, "metadata.audio_properties.number_channels": 1.0, "metadata.audio_properties.replay_gain": -9.391443252563477, "metadata.audio_properties.sample_rate": 48000.0, "rhythm.beats_count": 50.0, "rhythm.beats_loudness.mean": 0.11528603732585907, "rhythm.beats_loudness.stdev": 0.11896272748708725, "rhythm.bpm": 111.14600372314453, "rhythm.bpm_histogram_first_peak_bpm": 112.0, "rhythm.bpm_histogram_first_peak_weight": 0.5862069129943848, "rhythm.bpm_histogram_second_peak_bpm": 103.0, "rhythm.bpm_histogram_second_peak_spread": 0.38461536169052124, "rhythm.bpm_histogram_second_peak_weight": 0.16326530277729034, "rhythm.danceability": 0.8854548335075378, "rhythm.onset_rate": 4.502727031707764, "tonal.chords_changes_rate": 0.06734006851911545, "tonal.chords_number_rate": 0.021885521709918976, "tonal.chords_strength.mean": 0.5323074460029602, "tonal.chords_strength.stdev": 0.11758408695459366, "tonal.hpcp_crest.mean": 12.512561798095703, "tonal.hpcp_crest.stdev": 4.890590667724609, "tonal.hpcp_entropy.mean": 2.087026357650757, "tonal.hpcp_entropy.stdev": 0.7060642242431641, "tonal.key_edma.strength": 0.5368055105209351, "tonal.key_krumhansl.strength": 0.534462571144104, "tonal.key_temperley.strength": 0.5478482842445374, "tonal.tuning_diatonic_strength": 0.39535975456237793, "tonal.tuning_equal_tempered_deviation": 0.20652151107788086, "tonal.tuning_frequency": 434.193115234375, "tonal.tuning_nontempered_energy_ratio": 0.8839487433433533, "lowlevel.barkbands.mean": [0.014648034237325191, 0.07908381521701813, 0.004109436646103859, 0.0020197301637381315, 0.0007119861547835171, 0.0013192440383136272, 0.0006551422411575913, 0.0006498590810224414, 0.0006450888467952609, 0.0004058706690557301, 0.00040520966285839677, 0.0004103223909623921, 0.00014458435180131346, 0.00012675025209318846, 8.768014959059656e-05, 0.00010528018174227327, 0.0001347375800833106, 0.0005130478530190885, 0.0006456187111325562, 0.0004426001396495849, 0.000380667916033417, 0.00032407534308731556, 0.0005073860520496964, 0.000505013158544898, 0.000347677618265152, 0.00014486319560091943, 2.1155567537789466e-06], "lowlevel.barkbands.stdev": [0.022426409646868706, 0.10092446208000183, 0.008008739911019802, 0.0050475397147238255, 0.002175584202632308, 0.0029284406919032335, 0.002280113985762, 0.002203708980232477, 0.0023806854151189327, 0.0015592558775097132, 0.0010467959800735116, 0.0012530378298833966, 0.0006002502632327378, 0.0004968563443981111, 0.000297157937893644, 0.000353224080754444, 0.00038102216785773635, 0.0014941015979275107, 0.002111338311806321, 0.001368710887618363, 0.0012237721821293235, 0.0009313137270510197, 0.0015059636207297444, 0.001505595282651484, 0.00094612967222929, 0.0003461962623987347, 9.52258506004e-06], "lowlevel.erbbands.mean": [4.532736778259277, 8.747953414916992, 4.438223361968994, 7.2319183349609375, 4.336504936218262, 1.691985845565796, 5.833001613616943, 11.998080253601074, 7.212467670440674, 15.559694290161133, 14.012133598327637, 14.40343952178955, 13.145825386047363, 13.836220741271973, 17.53670883178711, 15.972347259521484, 7.850621223449707, 6.25006103515625, 5.606160640716553, 4.9894819259643555, 5.965799808502197, 8.536023139953613, 21.80486488342285, 43.9965934753418, 22.360013961791992, 20.951004028320312, 19.471506118774414, 11.830893516540527, 11.587550163269043, 13.664880752563477, 14.14948558807373, 11.052343368530273, 8.205901145935059, 4.620041370391846, 2.0020647048950195, 0.8062106370925903, 0.24151870608329773, 0.026214182376861572, 0.0005956045351922512, 0.00014921612455509603], "lowlevel.erbbands.stdev": [5.804070949554443, 13.449493408203125, 8.27932357788086, 13.452980041503906, 12.5543851852417, 5.740108966827393, 13.92979621887207, 30.562482833862305, 19.682464599609375, 57.9525032043457, 49.86676025390625, 55.14573669433594, 49.242488861083984, 50.919708251953125, 41.5660514831543, 46.485137939453125, 27.720096588134766, 22.729894638061523, 20.254718780517578, 16.873273849487305, 18.256662368774414, 21.335657119750977, 49.301029205322266, 179.5560760498047, 56.186859130859375, 64.80708312988281, 63.223270416259766, 36.13080596923828, 33.67063903808594, 40.749427795410156, 42.57290267944336, 33.55410385131836, 24.670909881591797, 13.16275405883789, 5.200911998748779, 1.9475212097167969, 0.6030898094177246, 0.07161996513605118, 0.0014400824438780546, 0.00015581489424221218], "lowlevel.gfcc.mean": [-82.50806427001953, 35.649349212646484, -104.45555877685547, 39.610801696777344, -62.849266052246094, 21.668718338012695, -21.40903663635254, 19.023473739624023, -35.59978103637695, -0.5420897006988525, 2.6362392902374268, 8.43124008178711, -19.892242431640625], "lowlevel.melbands.mean": [0.029772162437438965, 0.004682116210460663, 0.0011579664424061775, 0.00018365676805842668, 0.0001742288877721876, 0.0002585129695944488, 0.00011733764404198155, 0.00016660612891428173, 0.0001144576381193474, 8.816223999019712e-05, 6.404619489330798e-05, 5.4495252697961405e-05, 5.685283394996077e-05, 4.7587240260327235e-05, 3.109459430561401e-05, 1.291402440983802e-05, 1.1442985851317644e-05, 9.52413938648533e-06, 6.52381368126953e-06, 7.185898084571818e-06, 6.754237801942509e-06, 7.686831850151066e-06, 1.3745438991463743e-05, 2.4580351237091236e-05, 3.8854650483699515e-05, 1.7530865079606883e-05, 1.366978631267557e-05, 1.3964958270662464e-05, 1.2774135029758327e-05, 9.75381499301875e-06, 5.8282048485125415e-06, 6.540348749695113e-06, 6.249537818803219e-06, 8.410200280195568e-06, 8.301787602249533e-06, 7.431307039951207e-06, 6.5795907175925095e-06, 6.254258096305421e-06, 4.430879926076159e-06, 3.7304487250366947e-06], "lowlevel.melbands.stdev": [0.03764794394373894, 0.007231877651065588, 0.0021979573648422956, 0.0005762380897067487, 0.00041043449891731143, 0.0006256235064938664, 0.0003185557434335351, 0.0005801288061775267, 0.00041901026270352304, 0.00033642968628555536, 0.00024487858172506094, 0.0002135553804691881, 0.0001390735706081614, 0.00014541391283273697, 9.967864752979949e-05, 5.356720430427231e-05, 4.31794578616973e-05, 3.735944483196363e-05, 2.2996206098468974e-05, 2.638620208017528e-05, 2.1766409190604463e-05, 2.2405871277442202e-05, 3.3249187254114076e-05, 6.970383401494473e-05, 0.000170428873389028, 4.553091275738552e-05, 4.024877125630155e-05, 4.6119381295284256e-05, 4.298306521377526e-05, 3.3652406273176894e-05, 1.785129825293552e-05, 1.9665139916469343e-05, 1.8212856957688928e-05, 2.579033753136173e-05, 2.5465951694059186e-05, 2.2789081413066015e-05, 2.046793633780908e-05, 1.998595143959392e-05, 1.2774133210768923e-05, 1.0842260962817818e-05], "lowlevel.melbands128.mean": [0.014144505374133587, 0.04590031877160072, 0.03126697987318039, 0.009062501601874828, 0.0018746053101494908, 0.0022702969145029783, 0.0015896797413006425, 0.0008789991843514144, 0.00038832222344353795, 0.00011812842421932146, 6.136616138974205e-05, 9.39378805924207e-05, 0.00018656020984053612, 0.00029383035143837333, 0.00032955288770608604, 0.00021414495131466538, 0.00010000569454859942, 8.3969505794812e-05, 0.0001412787678418681, 0.00022039198665879667, 0.00014681898755952716, 0.00011309071123832837, 0.00010934331658063456, 0.00011914387141587213, 9.842412691796198e-05, 6.868407217552885e-05, 7.900387572590262e-05, 6.381922867149115e-05, 5.1373990572756156e-05, 5.738616528105922e-05, 5.3689098422182724e-05, 5.295398659654893e-05, 5.609619984170422e-05, 6.430842040572315e-05, 4.927971531287767e-05, 3.949352685594931e-05, 4.83577859995421e-05, 3.6659959732787684e-05, 1.6621559552731924e-05, 1.393713137076702e-05, 1.2111295291106217e-05, 1.1040454410249367e-05, 1.1916234143427573e-05, 1.081927530321991e-05, 1.2348798918537796e-05, 8.558665285818279e-06, 7.454903879988706e-06, 6.747070528945187e-06, 5.652159870805917e-06, 6.8578237915062346e-06, 7.260854545165785e-06, 8.030953722482082e-06, 6.5520298448973335e-06, 6.232041869225213e-06, 7.0128976403793786e-06, 7.873404683778062e-06, 7.879853910708334e-06, 1.0150706657441333e-05, 1.6292837244691327e-05, 2.0342802599770948e-05, 1.8945955162052996e-05, 2.9188100597821176e-05, 5.284525468596257e-05, 3.971756450482644e-05, 2.05788564926479e-05, 1.7752683561411686e-05, 1.470195365982363e-05, 1.304216402786551e-05, 1.375004922010703e-05, 1.411713947163662e-05, 1.3310555004864e-05, 1.4696171092509758e-05, 1.3933133232058026e-05, 1.2020274880342185e-05, 1.2056048944941722e-05, 1.1078331226599403e-05, 8.488402272632811e-06, 5.79735797145986e-06, 5.608565970760537e-06, 5.346281341189751e-06, 6.777544967917493e-06, 7.058435130602447e-06, 6.159999429655727e-06, 5.996521849738201e-06, 6.259289875742979e-06, 7.499907951569185e-06, 9.648392733652145e-06, 9.591922207619064e-06, 7.559536697954172e-06, 7.751232260488905e-06, 8.73944372870028e-06, 6.720492820022628e-06, 6.549044428538764e-06, 6.691517228318844e-06, 6.264389867283171e-06, 7.173604899435304e-06, 6.273272902035387e-06, 5.03060209666728e-06, 4.318927040003473e-06, 4.288508080207976e-06, 3.969378212786978e-06, 3.849127551802667e-06, 3.1570309602102498e-06, 2.570722244854551e-06, 2.0458178369153757e-06, 1.8511482267058454e-06, 1.9691231045726454e-06, 1.5443664551639813e-06, 1.338648530690989e-06, 1.1760110965042259e-06, 1.0591205636956147e-06, 8.544165552848426e-07, 7.787999720676453e-07, 6.045494842510379e-07, 4.4662974119091814e-07, 2.8326459755589894e-07, 8.378339089176734e-08, 7.29667926080424e-09, 3.283605887194341e-10, 6.284776865594921e-11, 2.1770085734118538e-11, 1.721995115944175e-11, 1.599566486210069e-11, 1.544264889574709e-11, 1.3516339956998191e-11, 1.0491712533478026e-11, 8.86523666976391e-12, 8.587436317597508e-12], "lowlevel.melbands128.stdev": [0.02161145769059658, 0.060163069516420364, 0.04253774136304855, 0.01590046100318432, 0.004623115994036198, 0.004210393410176039, 0.003040434094145894, 0.0025028050877153873, 0.0012468588538467884, 0.0005032296758145094, 0.0002770070277620107, 0.00035313883563503623, 0.0005600599106401205, 0.0007432513521052897, 0.0009458902641199529, 0.0007548945141024888, 0.00038612191565334797, 0.000337858684360981, 0.0005969113553874195, 0.001026115962304175, 0.0005527444300241768, 0.0005298199248500168, 0.0005510867922566831, 0.0005835467018187046, 0.0004924388485960662, 0.00037323476863093674, 0.0004338327271398157, 0.0002863658592104912, 0.00023672280076425523, 0.0003423410526011139, 0.00025369395734742284, 0.00021949877555016428, 0.0001703521702438593, 0.00018548936350271106, 0.00022976641776040196, 0.000153831992065534, 0.00018993129197042435, 0.0001312583190156147, 0.00010318317799828947, 7.529173308284953e-05, 5.594041431322694e-05, 4.721270306617953e-05, 6.181624485179782e-05, 4.634451033780351e-05, 6.135294097475708e-05, 4.3833286326844245e-05, 3.1378465791931376e-05, 3.206654582754709e-05, 2.4101847884594463e-05, 3.074955748161301e-05, 3.313499109935947e-05, 3.549123357515782e-05, 2.4556102289352566e-05, 2.3329430405283347e-05, 3.0503710149787366e-05, 2.587907511042431e-05, 2.2603400793741457e-05, 2.8013926566927694e-05, 4.364670530776493e-05, 5.731163764721714e-05, 4.654316944652237e-05, 0.00011993907537544146, 0.00030533302924595773, 0.00017289094103034586, 6.014236714690924e-05, 5.314736336003989e-05, 4.100891237612814e-05, 4.316471313359216e-05, 4.473128865356557e-05, 5.3218645916786045e-05, 4.6332697820616886e-05, 6.121298793004826e-05, 5.5606553360121325e-05, 4.1552855691406876e-05, 4.957004057359882e-05, 4.0489565435564145e-05, 3.050744089705404e-05, 1.8943906979984604e-05, 1.8524651750340126e-05, 1.6859114111866802e-05, 2.1997344447299838e-05, 2.338757440156769e-05, 1.9599036022555083e-05, 1.839103970269207e-05, 2.0874109395663254e-05, 2.339695129194297e-05, 3.191030918969773e-05, 3.0646064260508865e-05, 2.4815617507556453e-05, 2.5119456040556543e-05, 2.8524082154035568e-05, 2.1923702661297284e-05, 2.174016844946891e-05, 2.1608342649415135e-05, 1.9901897758245468e-05, 2.4745380869717337e-05, 2.2531454305863008e-05, 1.466798312321771e-05, 1.3211933946877252e-05, 1.3838553059031256e-05, 1.1966309102717787e-05, 1.2228502782818396e-05, 9.295788913732395e-06, 7.828714842617046e-06, 6.060989107936621e-06, 4.791987066710135e-06, 4.926079327560728e-06, 4.0396621443505865e-06, 3.5627635952550918e-06, 3.1976094305719016e-06, 2.877460246963892e-06, 2.3277796117326943e-06, 2.2593228550249478e-06, 1.7332484958387795e-06, 1.3804497029923368e-06, 9.298612440034049e-07, 3.4217353572785214e-07, 5.413448533886367e-08, 4.040634493662765e-09, 1.1831339241652472e-09, 2.611737770497058e-10, 2.3132520898805353e-10, 2.2909810160065547e-10, 2.159903506049332e-10, 1.5700711564203829e-10, 6.300875099451986e-11, 2.2343859401585675e-11, 2.071495579236693e-11], "lowlevel.mfcc.mean": [-731.93115234375, 71.11555480957031, 16.021371841430664, 21.683515548706055, -5.820054054260254, 1.9286375045776367, 22.104156494140625, 18.973318099975586, -15.62656021118164, -1.458578109741211, 6.3366899490356445, 5.9754815101623535, 4.095785617828369], "lowlevel.spectral_contrast_coeffs.mean": [-0.6699221730232239, -0.7754381895065308, -0.7627421617507935, -0.8141310811042786, -0.756263792514801, -0.7743507623672485], "lowlevel.spectral_contrast_coeffs.stdev": [0.10427599400281906, 0.10413169860839844, 0.07180928438901901, 0.05434786155819893, 0.07012885808944702, 0.04425031319260597], "lowlevel.spectral_contrast_valleys.mean": [-8.493631362915039, -8.073017120361328, -8.254901885986328, -9.007898330688477, -8.276548385620117, -10.448904037475586], "lowlevel.spectral_contrast_valleys.stdev": [2.4126217365264893, 1.4354312419891357, 1.2286982536315918, 1.3965935707092285, 1.7443571090698242, 1.7112985849380493], "rhythm.beats_loudness_band_ratio.mean": [0.49670132994651794, 0.06288886815309525, 0.05715500935912132, 0.11207845062017441, 0.09446024149656296, 0.2023983895778656], "rhythm.beats_loudness_band_ratio.stdev": [0.42346829175949097, 0.11858310550451279, 0.12134966999292374, 0.21775202453136444, 0.1600542515516281, 0.28115057945251465], "tonal.hpcp.mean": [0.12700989842414856, 0.11175985634326935, 0.040700770914554596, 0.028417954221367836, 0.02677728421986103, 0.036357443779706955, 0.07217228412628174, 0.10033799707889557, 0.08599749952554703, 0.08404452353715897, 0.09316390752792358, 0.06481847167015076, 0.038112036883831024, 0.04349470138549805, 0.06139993667602539, 0.07654407620429993, 0.07423491030931473, 0.1240389496088028, 0.16344869136810303, 0.10994607210159302, 0.08717413991689682, 0.1848904937505722, 0.3121509850025177, 0.24454587697982788, 0.12718576192855835, 0.10843922942876816, 0.10060359537601471, 0.11401287466287613, 0.10668066889047623, 0.09785058349370956, 0.10837414860725403, 0.12143506854772568, 0.1099231094121933, 0.07258503139019012, 0.05736927688121796, 0.06896017491817474], "tonal.hpcp.stdev": [0.2716086208820343, 0.27403920888900757, 0.12237724661827087, 0.09549089521169662, 0.09692928940057755, 0.09940683841705322, 0.16780473291873932, 0.22181279957294464, 0.19614510238170624, 0.19650574028491974, 0.22315244376659393, 0.16297632455825806, 0.1073441207408905, 0.11650505661964417, 0.16912133991718292, 0.20824621617794037, 0.18946686387062073, 0.24774213135242462, 0.31426799297332764, 0.2184348851442337, 0.1957133710384369, 0.30054792761802673, 0.4067794978618622, 0.3457212746143341, 0.2507108449935913, 0.23542062938213348, 0.2158815562725067, 0.24859431385993958, 0.23116037249565125, 0.20260225236415863, 0.21502535045146942, 0.23679138720035553, 0.23611409962177277, 0.15775364637374878, 0.1402185559272766, 0.15693040192127228], "rhythm.beats_position": [0.4760090708732605, 0.9868480563163757, 1.5092970132827759, 2.043355941772461, 2.589024782180786, 3.1579136848449707, 3.7268025875091553, 4.29569149017334, 4.818140506744385, 5.34058952331543, 5.851428508758545, 6.3854875564575195, 6.942766189575195, 7.523265361785889, 8.103763580322266, 8.684263229370117, 9.195101737976074, 9.694331169128418, 10.193559646606445, 10.727619171142578, 11.284897804260254, 11.81895637512207, 12.353015899658203, 12.88707447052002, 13.421133995056152, 13.93197250366211, 14.477641105651855, 15.000090599060059, 15.534149169921875, 16.04498863220215, 16.57904815673828, 17.11310577392578, 17.658775329589844, 18.204444885253906, 18.761722564697266, 19.342222213745117, 19.887889862060547, 20.43355941772461, 20.9908390045166, 21.54811668395996, 22.105396270751953, 22.639455795288086, 23.173513412475586, 23.71918296813965, 24.31129264831543, 24.89179039001465, 25.49551010131836, 26.076007843017578, 26.65650749206543, 27.23700714111328], "rhythm.bpm_histogram": [0.0, 0.0, 0.0, 0.0, 0.0, 0.0, 0.0, 0.0, 0.0, 0.0, 0.0, 0.0, 0.0, 0.0, 0.0, 0.0, 0.0, 0.0, 0.0, 0.0, 0.0, 0.0, 0.0, 0.0, 0.0, 0.0, 0.0, 0.0, 0.0, 0.0, 0.0, 0.0, 0.0, 0.0, 0.0, 0.0, 0.0, 0.0, 0.0, 0.0, 0.0, 0.0, 0.0, 0.0, 0.0, 0.0, 0.0, 0.0, 0.0, 0.0, 0.0, 0.0, 0.0, 0.0, 0.0, 0.0, 0.0, 0.0, 0.0, 0.0, 0.0, 0.0, 0.0, 0.0, 0.0, 0.0, 0.0, 0.0, 0.0, 0.0, 0.0, 0.0, 0.0, 0.0, 0.0, 0.0, 0.0, 0.0, 0.0, 0.0, 0.0, 0.0, 0.0, 0.0, 0.0, 0.0, 0.0, 0.0, 0.0, 0.0, 0.0, 0.0, 0.0, 0.0, 0.0, 0.0, 0.0, 0.0, 0.0, 0.020408162847161293, 0.0, 0.020408162847161293, 0.0, 0.16326530277729034, 0.0, 0.06122449040412903, 0.0, 0.0, 0.12244898080825806, 0.0, 0.1428571492433548, 0.0, 0.2448979616165161, 0.0, 0.0, 0.08163265138864517, 0.0, 0.10204081982374191, 0.0, 0.0, 0.040816325694322586, 0.0, 0.0, 0.0, 0.0, 0.0, 0.0, 0.0, 0.0, 0.0, 0.0, 0.0, 0.0, 0.0, 0.0, 0.0, 0.0, 0.0, 0.0, 0.0, 0.0, 0.0, 0.0, 0.0, 0.0, 0.0, 0.0, 0.0, 0.0, 0.0, 0.0, 0.0, 0.0, 0.0, 0.0, 0.0, 0.0, 0.0, 0.0, 0.0, 0.0, 0.0, 0.0, 0.0, 0.0, 0.0, 0.0, 0.0, 0.0, 0.0, 0.0, 0.0, 0.0, 0.0, 0.0, 0.0, 0.0, 0.0, 0.0, 0.0, 0.0, 0.0, 0.0, 0.0, 0.0, 0.0, 0.0, 0.0, 0.0, 0.0, 0.0, 0.0, 0.0, 0.0, 0.0, 0.0, 0.0, 0.0, 0.0, 0.0, 0.0, 0.0, 0.0, 0.0, 0.0, 0.0, 0.0, 0.0, 0.0, 0.0, 0.0, 0.0, 0.0, 0.0, 0.0, 0.0, 0.0, 0.0, 0.0, 0.0, 0.0, 0.0, 0.0, 0.0, 0.0, 0.0, 0.0, 0.0, 0.0, 0.0, 0.0, 0.0, 0.0, 0.0, 0.0, 0.0, 0.0, 0.0, 0.0, 0.0, 0.0, 0.0, 0.0, 0.0, 0.0, 0.0, 0.0, 0.0, 0.0, 0.0], "tonal.chords_histogram": [11.616161346435547, 3.535353422164917, 0.0, 4.040403842926025, 6.060606002807617, 0.0, 0.5050504803657532, 1.8518518209457397, 13.13131332397461, 4.37710428237915, 0.0, 0.0, 0.0, 0.0, 3.3670034408569336, 0.0, 7.070706844329834, 2.3569023609161377, 0.0, 0.0, 1.1784511804580688, 14.478114128112793, 0.0, 26.43097686767578], "tonal.thpcp": [1.0, 0.7834217548370361, 0.40744948387145996, 0.3473935127258301, 0.32229146361351013, 0.3652491271495819, 0.3417598307132721, 0.3134719729423523, 0.34718501567840576, 0.3890267014503479, 0.35214725136756897, 0.23253180086612701, 0.18378694355487823, 0.22091929614543915, 0.40688610076904297, 0.35803139209747314, 0.13038809597492218, 0.09103912860155106, 0.08578311651945114, 0.11647390574216843, 0.23120953142642975, 0.32144057750701904, 0.27549970149993896, 0.26924318075180054, 0.2984578311443329, 0.2076510190963745, 0.12209487706422806, 0.1393386572599411, 0.19669948518276215, 0.24521490931510925, 0.23781731724739075, 0.3973684310913086, 0.52362060546875, 0.3522208034992218, 0.27926915884017944, 0.5923110842704773], "lowlevel.gfcc.cov": [[22239.298828125, 2294.098388671875, 4331.32177734375, 3114.33349609375, 783.140625, 208.9188690185547, -436.0146789550781, 656.7677612304688, 1092.128173828125, -7.068924427032471, -1086.7474365234375, -290.4606018066406, 1076.493408203125], [2294.098388671875, 5072.89453125, 2013.9525146484375, 981.2957153320312, 1222.8028564453125, 108.18482971191406, 707.9307250976562, -26.336223602294922, 615.325927734375, -169.3304901123047, 267.77783203125, -447.94647216796875, 236.53530883789062], [4331.32177734375, 2013.9525146484375, 3733.177490234375, 1802.0855712890625, 1544.1776123046875, 825.9476318359375, 738.8755493164062, 299.8006591796875, 562.52099609375, 128.42636108398438, -21.812335968017578, 50.68822479248047, 249.1756134033203], [3114.33349609375, 981.2957153320312, 1802.0855712890625, 1559.5718994140625, 961.0614624023438, 486.9097900390625, 365.1190185546875, 191.64205932617188, 414.3328552246094, 30.193580627441406, -22.82991600036621, 11.47608757019043, 226.69187927246094], [783.140625, 1222.8028564453125, 1544.1776123046875, 961.0614624023438, 1350.323486328125, 681.043701171875, 680.7899780273438, 245.70330810546875, 390.021484375, 78.92704772949219, 153.72117614746094, 18.75401496887207, 18.800933837890625], [208.9188690185547, 108.18482971191406, 825.9476318359375, 486.9097900390625, 681.043701171875, 714.2493896484375, 515.7182006835938, 209.24098205566406, 220.97930908203125, 126.14261627197266, 62.864585876464844, 28.29356575012207, -12.843950271606445], [-436.0146789550781, 707.9307250976562, 738.8755493164062, 365.1190185546875, 680.7899780273438, 515.7182006835938, 763.7575073242188, 220.81590270996094, 216.90660095214844, 105.13158416748047, 214.40318298339844, -34.480247497558594, -62.790550231933594], [656.7677612304688, -26.336223602294922, 299.8006591796875, 191.64205932617188, 245.70330810546875, 209.24098205566406, 220.81590270996094, 305.4868469238281, 175.7969207763672, 93.96839904785156, 32.41294479370117, 26.73402214050293, 15.15263843536377], [1092.128173828125, 615.325927734375, 562.52099609375, 414.3328552246094, 390.021484375, 220.97930908203125, 216.90660095214844, 175.7969207763672, 377.1700744628906, 84.08495330810547, 23.779338836669922, -76.95111846923828, 122.88298034667969], [-7.068924427032471, -169.3304901123047, 128.42636108398438, 30.193580627441406, 78.92704772949219, 126.14261627197266, 105.13158416748047, 93.96839904785156, 84.08495330810547, 183.3458251953125, 40.38157653808594, 21.98451805114746, 0.4621312916278839], [-1086.7474365234375, 267.77783203125, -21.812335968017578, -22.82991600036621, 153.72117614746094, 62.864585876464844, 214.40318298339844, 32.41294479370117, 23.779338836669922, 40.38157653808594, 292.1374816894531, 63.68709945678711, -84.14291381835938], [-290.4606018066406, -447.94647216796875, 50.68822479248047, 11.47608757019043, 18.75401496887207, 28.29356575012207, -34.480247497558594, 26.73402214050293, -76.95111846923828, 21.98451805114746, 63.68709945678711, 234.57008361816406, -18.88763999938965], [1076.493408203125, 236.53530883789062, 249.1756134033203, 226.69187927246094, 18.800933837890625, -12.843950271606445, -62.790550231933594, 15.15263843536377, 122.88298034667969, 0.4621312916278839, -84.14291381835938, -18.88763999938965, 271.27178955078125]], "lowlevel.gfcc.icov": [[0.00011645597987808287, -5.458536543301307e-05, -7.899055344751105e-05, -0.0001839960750658065, 0.0001572095789015293, 7.1777731136535294e-06, 0.00015552477270830423, -0.00030953643727116287, -4.102595630683936e-05, -1.0346294402552303e-05, 0.00028970345738343894, 1.6707015674910508e-05, -3.58654506271705e-05], [-5.458536543301307e-05, 0.0007638873066753149, -0.0003513207193464041, 0.000349158130120486, -0.0006012553349137306, 0.0008313553407788277, -0.00042497541289776564, 0.0006398763507604599, -0.0006113662966527045, 0.000845110509544611, -0.000974735536146909, 0.001213948824442923, -0.0004139280063100159], [-7.899055344751105e-05, -0.0003513207193464041, 0.0010440556798130274, -0.0005864672129973769, -0.00025785359321162105, -0.0003022615856025368, -0.0003099519817624241, 0.0001768823276506737, 0.00030012690695002675, -0.0007493383600376546, 0.0008026690920814872, -0.0010141369421035051, 0.00011648886720649898], [-0.0001839960750658065, 0.000349158130120486, -0.0005864672129973769, 0.002329966751858592, -0.00108008598908782, 2.484189099050127e-05, 4.464334779186174e-05, 0.0006133717834018171, -0.0007794509874656796, 0.0009447310585528612, -0.0007591393077746034, 0.00026947507285512984, -0.0007957921479828656], [0.0001572095789015293, -0.0006012553349137306, -0.00025785359321162105, -0.00108008598908782, 0.0035713259130716324, -0.0016175135970115662, -0.0004392859700601548, -0.00047653750516474247, -0.0009218602208420634, 0.00034626011620275676, 0.0005178514984436333, -0.0013304755557328463, 0.0011256745783612132], [7.1777731136535294e-06, 0.0008313553407788277, -0.0003022615856025368, 2.484189099050127e-05, -0.0016175135970115662, 0.005150440614670515, -0.002603275701403618, 0.0005850547458976507, -0.0009843033039942384, -0.00045341180521063507, 0.0009266778943128884, 0.00018499628640711308, -2.8824359105783515e-05], [0.00015552477270830423, -0.00042497541289776564, -0.0003099519817624241, 4.464334779186174e-05, -0.0004392859700601548, -0.002603275701403618, 0.005365372635424137, -0.002369331195950508, 0.0012375280493870378, -0.0003360307600814849, -0.0023792355787009, 0.00194674008525908, 0.0001197659075842239], [-0.00030953643727116287, 0.0006398763507604599, 0.0001768823276506737, 0.0006133717834018171, -0.00047653750516474247, 0.0005850547458976507, -0.002369331195950508, 0.0073278215713799, -0.0033815219067037106, -0.0005595864495262504, 0.0002288483374286443, -0.001516452757641673, 0.0005964850424788892], [-4.102595630683936e-05, -0.0006113662966527045, 0.00030012690695002675, -0.0007794509874656796, -0.0009218602208420634, -0.0009843033039942384, 0.0012375280493870378, -0.0033815219067037106, 0.008550893515348434, -0.0025424310006201267, -0.001099900109693408, 0.0026586009189486504, -0.002461001044139266], [-1.0346294402552303e-05, 0.000845110509544611, -0.0007493383600376546, 0.0009447310585528612, 0.00034626011620275676, -0.00045341180521063507, -0.0003360307600814849, -0.0005595864495262504, -0.0025424310006201267, 0.008734755218029022, -0.0017702324548736215, 0.0005649892264045775, -0.0002619404112920165], [0.00028970345738343894, -0.000974735536146909, 0.0008026690920814872, -0.0007591393077746034, 0.0005178514984436333, 0.0009266778943128884, -0.0023792355787009, 0.0002288483374286443, -0.001099900109693408, -0.0017702324548736215, 0.008500597439706326, -0.004520668648183346, 0.0018650776473805308], [1.6707015674910508e-05, 0.001213948824442923, -0.0010141369421035051, 0.00026947507285512984, -0.0013304755557328463, 0.00018499628640711308, 0.00194674008525908, -0.001516452757641673, 0.0026586009189486504, 0.0005649892264045775, -0.004520668648183346, 0.009257104247808456, -0.0017451363382861018], [-3.58654506271705e-05, -0.0004139280063100159, 0.00011648886720649898, -0.0007957921479828656, 0.0011256745783612132, -2.8824359105783515e-05, 0.0001197659075842239, 0.0005964850424788892, -0.002461001044139266, -0.0002619404112920165, 0.0018650776473805308, -0.0017451363382861018, 0.006234878208488226]], "lowlevel.mfcc.cov": [[20527.888671875, 488.001953125, 2537.6396484375, 2525.046142578125, 1565.6656494140625, -204.61483764648438, -714.2548217773438, -116.45377349853516, 1386.59912109375, 836.7256469726562, -1442.7384033203125, -388.69049072265625, 500.440185546875], [488.001953125, 4054.312744140625, 1009.3055419921875, 900.61181640625, 631.3883666992188, 464.25970458984375, 423.05816650390625, 305.8017883300781, 181.75485229492188, 420.6199645996094, 253.39620971679688, 53.533504486083984, -0.5417605042457581], [2537.6396484375, 1009.3055419921875, 2023.001220703125, 1196.7882080078125, 912.7875366210938, 714.6672973632812, 424.36883544921875, 382.34796142578125, 535.9564208984375, 249.5229034423828, 57.72795104980469, 131.74510192871094, 207.26220703125], [2525.046142578125, 900.61181640625, 1196.7882080078125, 1303.612060546875, 850.62939453125, 505.2875671386719, 254.0378875732422, 319.1322937011719, 402.72052001953125, 204.8089599609375, -14.471503257751465, 69.7539291381836, 196.18894958496094], [1565.6656494140625, 631.3883666992188, 912.7875366210938, 850.62939453125, 971.6710815429688, 577.1103515625, 263.94219970703125, 370.1562805175781, 415.1199951171875, 237.70547485351562, 90.16655731201172, 101.54331970214844, 140.15232849121094], [-204.61483764648438, 464.25970458984375, 714.6672973632812, 505.2875671386719, 577.1103515625, 829.0630493164062, 479.30206298828125, 394.2672424316406, 335.80169677734375, 188.9292755126953, 335.0469055175781, 152.2023468017578, 57.5887451171875], [-714.2548217773438, 423.05816650390625, 424.36883544921875, 254.0378875732422, 263.94219970703125, 479.30206298828125, 570.9727783203125, 371.3661193847656, 177.83984375, 194.5291748046875, 326.2579345703125, 153.28089904785156, 49.7064094543457], [-116.45377349853516, 305.8017883300781, 382.34796142578125, 319.1322937011719, 370.1562805175781, 394.2672424316406, 371.3661193847656, 474.6640625, 186.62864685058594, 180.7075653076172, 268.2109680175781, 111.20994567871094, 86.2551040649414], [1386.59912109375, 181.75485229492188, 535.9564208984375, 402.72052001953125, 415.1199951171875, 335.80169677734375, 177.83984375, 186.62864685058594, 525.0900268554688, 267.989013671875, 29.41814613342285, 92.17676544189453, 55.68653106689453], [836.7256469726562, 420.6199645996094, 249.5229034423828, 204.8089599609375, 237.70547485351562, 188.9292755126953, 194.5291748046875, 180.7075653076172, 267.989013671875, 403.5677185058594, 161.98342895507812, 83.41140747070312, 34.82307434082031], [-1442.7384033203125, 253.39620971679688, 57.72795104980469, -14.471503257751465, 90.16655731201172, 335.0469055175781, 326.2579345703125, 268.2109680175781, 29.41814613342285, 161.98342895507812, 501.7115173339844, 157.27749633789062, -9.254583358764648], [-388.69049072265625, 53.533504486083984, 131.74510192871094, 69.7539291381836, 101.54331970214844, 152.2023468017578, 153.28089904785156, 111.20994567871094, 92.17676544189453, 83.41140747070312, 157.27749633789062, 187.29013061523438, 53.964454650878906], [500.440185546875, -0.5417605042457581, 207.26220703125, 196.18894958496094, 140.15232849121094, 57.5887451171875, 49.7064094543457, 86.2551040649414, 55.68653106689453, 34.82307434082031, -9.254583358764648, 53.964454650878906, 161.97525024414062]], "lowlevel.mfcc.icov": [[0.00013408903032541275, 3.971901969634928e-05, -8.666593203088269e-05, -0.00017592271615285426, 8.958419130067341e-06, 8.176282426575199e-05, 0.0001808831439120695, -1.2347909432719462e-05, -0.00011579840065678582, -0.0003629214479587972, 0.00025671414914540946, 0.00021787500008940697, -0.00011601013829931617], [3.971901969634928e-05, 0.0003811672213487327, -0.0001290524669457227, -0.0002888664312195033, -7.29196981410496e-05, 7.416417793137953e-05, -0.00010560709051787853, 9.818857506616041e-05, 0.00033583538606762886, -0.0005291427951306105, 2.8804523026337847e-05, 0.00011856225319206715, 0.0003708704316522926], [-8.666593203088269e-05, -0.0001290524669457227, 0.0014034906635060906, -0.0006291026365943253, -0.00014044811541680247, -0.0004065760294906795, -0.000542971829418093, 0.00028530010604299605, -0.00040881457971408963, 0.0004945786204189062, 3.756639489438385e-05, -0.000149907820741646, -0.00039948939229361713], [-0.00017592271615285426, -0.0002888664312195033, -0.0006291026365943253, 0.0029492618050426245, -0.0013671729248017073, -0.00010288470366504043, -0.0002706146624404937, -7.748945790808648e-05, -2.7565927666728385e-05, 0.0006313617923296988, 6.618767656618729e-05, 0.00013252088683657348, -0.0010474332375451922], [8.958419130067341e-06, -7.29196981410496e-05, -0.00014044811541680247, -0.0013671729248017073, 0.003983238246291876, -0.0018256261246278882, 0.0015698493225499988, -0.0016693033976480365, -0.000343662453815341, -0.0006403311854228377, 0.0007971841259859502, -0.0005047097220085561, -0.00011303844075882807], [8.176282426575199e-05, 7.416417793137953e-05, -0.0004065760294906795, -0.00010288470366504043, -0.0018256261246278882, 0.005022937897592783, -0.0022494096774607897, 0.0004566306888591498, -0.001759549486450851, 0.0014928010059520602, -0.002204182790592313, 0.0008568105986341834, 0.0005060221301391721], [0.0001808831439120695, -0.00010560709051787853, -0.000542971829418093, -0.0002706146624404937, 0.0015698493225499988, -0.0022494096774607897, 0.006246951874345541, -0.0029752966947853565, 0.0003855691466014832, -0.0014406392583623528, 0.00021916034165769815, -0.0012658159248530865, 0.00018353511404711753], [-1.2347909432719462e-05, 9.818857506616041e-05, 0.00028530010604299605, -7.748945790808648e-05, -0.0016693033976480365, 0.0004566306888591498, -0.0029752966947853565, 0.00650507677346468, -0.0005219542072154582, 0.0001687037292867899, -0.0021886173635721207, 0.001468996866606176, -0.0019730105996131897], [-0.00011579840065678582, 0.00033583538606762886, -0.00040881457971408963, -2.7565927666728385e-05, -0.000343662453815341, -0.001759549486450851, 0.0003855691466014832, -0.0005219542072154582, 0.005637899041175842, -0.003079778514802456, 0.0021539288572967052, -0.002083196770399809, 0.0015389262698590755], [-0.0003629214479587972, -0.0005291427951306105, 0.0004945786204189062, 0.0006313617923296988, -0.0006403311854228377, 0.0014928010059520602, -0.0014406392583623528, 0.0001687037292867899, -0.003079778514802456, 0.006665726657956839, -0.0028693422209471464, 0.00012338113447185606, -0.0004817940352950245], [0.00025671414914540946, 2.8804523026337847e-05, 3.756639489438385e-05, 6.618767656618729e-05, 0.0007971841259859502, -0.002204182790592313, 0.00021916034165769815, -0.0021886173635721207, 0.0021539288572967052, -0.0028693422209471464, 0.006847681477665901, -0.00302543374709785, 0.0015464191092178226], [0.00021787500008940697, 0.00011856225319206715, -0.000149907820741646, 0.00013252088683657348, -0.0005047097220085561, 0.0008568105986341834, -0.0012658159248530865, 0.001468996866606176, -0.002083196770399809, 0.00012338113447185606, -0.00302543374709785, 0.010151483118534088, -0.003768493654206395], [-0.00011601013829931617, 0.0003708704316522926, -0.00039948939229361713, -0.0010474332375451922, -0.00011303844075882807, 0.0005060221301391721, 0.00018353511404711753, -0.0019730105996131897, 0.0015389262698590755, -0.0004817940352950245, 0.0015464191092178226, -0.003768493654206395, 0.01014394499361515]], "metadata.audio_properties.analysis.downmix": "mix", "metadata.audio_properties.codec": "mp3", "metadata.audio_properties.md5_encoded": "6af707f570d71783bf01837dff8bd135", "metadata.tags.file_name": "1183679269319221409.mp3", "metadata.version.essentia": "2.1-beta6-dev", "metadata.version.essentia_git_sha": "v2.1_beta5-1110-g77a6a954", "metadata.version.extractor": "music 2.0", "tonal.chords_key": "C", "tonal.chords_scale": "major", "tonal.key_edma.key": "A", "tonal.key_edma.scale": "minor", "tonal.key_krumhansl.key": "A", "tonal.key_krumhansl.scale": "minor", "tonal.key_temperley.key": "E", "tonal.key_tempe