{"song_id": "1183717044374478848", "download": "https://cdn.discordapp.com/attachments/1135903449314238464/1183717044374478848/chirp.mp4?ex=65895967&amp", "lyrics": "[Verse] Bella e Duda, a dupla mais querida Todas as noites \u00e9 s\u00f3 duelos e disputa (disputa) O Gebona e o Bonde na ajuda Na briga entre a gente, a parada \u00e9 bruta (ooh yeah) A galera toda vibra, ningu\u00e9m aguenta a press\u00e3o [Chorus] Noite ap\u00f3s noite, \u00e9 pura emo\u00e7\u00e3o (emo\u00e7\u00e3o) Bella e Duda, nessa competi\u00e7\u00e3o (competi\u00e7\u00e3o) Com o Gebona e o Bonde, n\u00e3o tem pra ningu\u00e9m (pra ningu\u00e9m) Vamos  at\u00e9 o amanhecer (amanhecer)", "style": ["sabaton</span><span>-like"], "essentia_features": {"lowlevel.average_loudness": 0.97893887758255, "lowlevel.barkbands_crest.mean": 13.01168441772461, "lowlevel.barkbands_crest.stdev": 5.557131767272949, "lowlevel.barkbands_flatness_db.mean": 0.15276284515857697, "lowlevel.barkbands_flatness_db.stdev": 0.05511323735117912, "lowlevel.barkbands_kurtosis.mean": 13.625544548034668, "lowlevel.barkbands_kurtosis.stdev": 28.328704833984375, "lowlevel.barkbands_skewness.mean": 2.6377975940704346, "lowlevel.barkbands_skewness.stdev": 2.1082894802093506, "lowlevel.barkbands_spread.mean": 19.270479202270508, "lowlevel.barkbands_spread.stdev": 16.72698211669922, "lowlevel.dissonance.mean": 0.44088175892829895, "lowlevel.dissonance.stdev": 0.03763284534215927, "lowlevel.dynamic_complexity": 2.483384847640991, "lowlevel.erbbands_crest.mean": 10.545402526855469, "lowlevel.erbbands_crest.stdev": 4.826111793518066, "lowlevel.erbbands_flatness_db.mean": 0.14855721592903137, "lowlevel.erbbands_flatness_db.stdev": 0.04276607930660248, "lowlevel.erbbands_kurtosis.mean": 1.333406925201416, "lowlevel.erbbands_kurtosis.stdev": 2.8230111598968506, "lowlevel.erbbands_skewness.mean": 0.8707646727561951, "lowlevel.erbbands_skewness.stdev": 0.9404280781745911, "lowlevel.erbbands_spread.mean": 48.8319091796875, "lowlevel.erbbands_spread.stdev": 24.87574005126953, "lowlevel.hfc.mean": 14.80384635925293, "lowlevel.hfc.stdev": 13.167210578918457, "lowlevel.loudness_ebu128.integrated": -11.586450576782227, "lowlevel.loudness_ebu128.loudness_range": 1.1712474822998047, "lowlevel.loudness_ebu128.momentary.mean": -11.715031623840332, "lowlevel.loudness_ebu128.momentary.stdev": 1.0982941389083862, "lowlevel.loudness_ebu128.short_term.mean": -11.563660621643066, "lowlevel.loudness_ebu128.short_term.stdev": 0.4699740707874298, "lowlevel.melbands_crest.mean": 16.75568199157715, "lowlevel.melbands_crest.stdev": 6.719854354858398, "lowlevel.melbands_flatness_db.mean": 0.22047220170497894, "lowlevel.melbands_flatness_db.stdev": 0.06884697824716568, "lowlevel.melbands_kurtosis.mean": 37.88935852050781, "lowlevel.melbands_kurtosis.stdev": 62.37844467163086, "lowlevel.melbands_skewness.mean": 4.0477681159973145, "lowlevel.melbands_skewness.stdev": 3.0166351795196533, "lowlevel.melbands_spread.mean": 17.520992279052734, "lowlevel.melbands_spread.stdev": 20.533048629760742, "lowlevel.pitch_salience.mean": 0.5061525106430054, "lowlevel.pitch_salience.stdev": 0.16459272801876068, "lowlevel.silence_rate_20dB.mean": 1.0, "lowlevel.silence_rate_20dB.stdev": 0.0, "lowlevel.silence_rate_30dB.mean": 0.9861003756523132, "lowlevel.silence_rate_30dB.stdev": 0.11707492917776108, "lowlevel.silence_rate_60dB.mean": 0.06872586905956268, "lowlevel.silence_rate_60dB.stdev": 0.25298625230789185, "lowlevel.spectral_centroid.mean": 1074.69140625, "lowlevel.spectral_centroid.stdev": 644.3786010742188, "lowlevel.spectral_complexity.mean": 10.722780227661133, "lowlevel.spectral_complexity.stdev": 5.33043098449707, "lowlevel.spectral_decrease.mean": -6.882925784879035e-09, "lowlevel.spectral_decrease.stdev": 7.2984360777184065e-09, "lowlevel.spectral_energy.mean": 0.02732054330408573, "lowlevel.spectral_energy.stdev": 0.02807704731822014, "lowlevel.spectral_energyband_high.mean": 0.0008557322435081005, "lowlevel.spectral_energyband_high.stdev": 0.0013994559412822127, "lowlevel.spectral_energyband_low.mean": 0.010624127462506294, "lowlevel.spectral_energyband_low.stdev": 0.024336226284503937, "lowlevel.spectral_energyband_middle_high.mean": 0.00258440594188869, "lowlevel.spectral_energyband_middle_high.stdev": 0.004084096755832434, "lowlevel.spectral_energyband_middle_low.mean": 0.014012021943926811, "lowlevel.spectral_energyband_middle_low.stdev": 0.018371809273958206, "lowlevel.spectral_entropy.mean": 7.566649913787842, "lowlevel.spectral_entropy.stdev": 0.4135272204875946, "lowlevel.spectral_flux.mean": 0.09514860808849335, "lowlevel.spectral_flux.stdev": 0.06461356580257416, "lowlevel.spectral_kurtosis.mean": 2.628847360610962, "lowlevel.spectral_kurtosis.stdev": 1.8216556310653687, "lowlevel.spectral_rms.mean": 0.004584339912980795, "lowlevel.spectral_rms.stdev": 0.0023744457866996527, "lowlevel.spectral_rolloff.mean": 1238.4984130859375, "lowlevel.spectral_rolloff.stdev": 1714.5941162109375, "lowlevel.spectral_skewness.mean": 1.3096778392791748, "lowlevel.spectral_skewness.stdev": 0.43958520889282227, "lowlevel.spectral_spread.mean": 5807831.0, "lowlevel.spectral_spread.stdev": 1349484.375, "lowlevel.spectral_strongpeak.mean": 1.0299497842788696, "lowlevel.spectral_strongpeak.stdev": 1.0149799585342407, "lowlevel.zerocrossingrate.mean": 0.05905073508620262, "lowlevel.zerocrossingrate.stdev": 0.03981030732393265, "metadata.audio_properties.analysis.equal_loudness": 0.0, "metadata.audio_properties.analysis.length": 30.03628158569336, "metadata.audio_properties.analysis.sample_rate": 44100.0, "metadata.audio_properties.analysis.start_time": 0.0, "metadata.audio_properties.bit_rate": 124642.0, "metadata.audio_properties.length": 30.03733253479004, "metadata.audio_properties.lossless": 0.0, "metadata.audio_properties.number_channels": 1.0, "metadata.audio_properties.replay_gain": -16.284931182861328, "metadata.audio_properties.sample_rate": 48000.0, "rhythm.beats_count": 81.0, "rhythm.beats_loudness.mean": 0.06191176548600197, "rhythm.beats_loudness.stdev": 0.03801565244793892, "rhythm.bpm": 163.9667510986328, "rhythm.bpm_histogram_first_peak_bpm": 161.0, "rhythm.bpm_histogram_first_peak_weight": 0.0, "rhythm.bpm_histogram_second_peak_bpm": 167.0, "rhythm.bpm_histogram_second_peak_spread": 0.0, "rhythm.bpm_histogram_second_peak_weight": 0.44999998807907104, "rhythm.danceability": 1.867336392402649, "rhythm.onset_rate": 5.256463527679443, "tonal.chords_changes_rate": 0.06481481343507767, "tonal.chords_number_rate": 0.010802469216287136, "tonal.chords_strength.mean": 0.5957131385803223, "tonal.chords_strength.stdev": 0.05557966232299805, "tonal.hpcp_crest.mean": 15.283509254455566, "tonal.hpcp_crest.stdev": 6.772101879119873, "tonal.hpcp_entropy.mean": 1.747492790222168, "tonal.hpcp_entropy.stdev": 0.679596483707428, "tonal.key_edma.strength": 0.7827060222625732, "tonal.key_krumhansl.strength": 0.7684400081634521, "tonal.key_temperley.strength": 0.7630082964897156, "tonal.tuning_diatonic_strength": 0.6693893671035767, "tonal.tuning_equal_tempered_deviation": 0.1118534505367279, "tonal.tuning_frequency": 441.7826843261719, "tonal.tuning_nontempered_energy_ratio": 0.7662619352340698, "lowlevel.barkbands.mean": [0.0003485223278403282, 0.008682566694915295, 0.0009222394437529147, 0.0017130356281995773, 0.006073400843888521, 0.0023749845568090677, 0.0015068142674863338, 0.000788551231380552, 0.0014105307636782527, 0.0009308391599915922, 0.0005004361155442894, 0.00020235333067830652, 0.00023518342641182244, 0.00021584282512776554, 0.00018249443382956088, 9.144597424892709e-05, 9.764287824509665e-05, 7.079383794916794e-05, 7.335521513596177e-05, 0.00010554521577432752, 0.00020650109217967838, 0.00015666357649024576, 0.00021388019376900047, 0.00011765616363845766, 4.956460907123983e-05, 4.498585622059181e-05, 4.709578661277192e-06], "lowlevel.barkbands.stdev": [0.0009664287208579481, 0.023120420053601265, 0.002316312864422798, 0.0035018748603761196, 0.014954771846532822, 0.004538349807262421, 0.002909208880737424, 0.0018342760158702731, 0.002804761752486229, 0.002725234953686595, 0.0014781292993575335, 0.0005184917827136815, 0.0005495063960552216, 0.0005745312664657831, 0.0005313573055900633, 0.00018759358499664813, 0.00016085758397821337, 0.00010204844875261188, 0.00011744064249796793, 0.0001512533926870674, 0.00040901880129240453, 0.0003364346921443939, 0.00042030439362861216, 0.0002004677226068452, 8.644953777547926e-05, 7.708407065365463e-05, 1.2956118553120177e-05], "lowlevel.erbbands.mean": [0.2966667711734772, 1.7302227020263672, 1.5240422487258911, 3.410567283630371, 7.008852481842041, 20.118568420410156, 37.09952926635742, 18.37619972229004, 16.131502151489258, 26.909658432006836, 20.83754539489746, 26.72926902770996, 30.657407760620117, 25.061107635498047, 16.538888931274414, 8.657952308654785, 10.615488052368164, 11.98077392578125, 8.291641235351562, 9.070509910583496, 5.458017826080322, 5.7744317054748535, 4.115865230560303, 3.2972207069396973, 4.236884593963623, 4.737664699554443, 8.50113296508789, 7.09850549697876, 5.645565986633301, 6.282261848449707, 5.824704170227051, 3.3901865482330322, 1.5076689720153809, 0.631769061088562, 0.3104698359966278, 0.14787615835666656, 0.09421798586845398, 0.021021664142608643, 0.0005582307348959148, 4.5463722926797345e-05], "lowlevel.erbbands.stdev": [0.8954068422317505, 4.520246982574463, 3.510402202606201, 6.661060810089111, 10.440662384033203, 50.07438659667969, 103.55712127685547, 34.745975494384766, 31.447956085205078, 59.917762756347656, 43.662872314453125, 52.5430908203125, 74.22686767578125, 71.37720489501953, 43.308292388916016, 21.027355194091797, 23.42706871032715, 34.056053161621094, 25.05502700805664, 25.545576095581055, 10.707962989807129, 8.910021781921387, 5.684149265289307, 4.829891204833984, 6.935746192932129, 6.696804523468018, 14.049299240112305, 16.519187927246094, 13.007216453552246, 12.364969253540039, 11.419849395751953, 6.347970008850098, 2.5053482055664062, 1.1011083126068115, 0.5646799206733704, 0.2704828977584839, 0.16343572735786438, 0.04124164208769798, 0.0012831990607082844, 4.4992415496381e-05], "lowlevel.gfcc.mean": [-17.895618438720703, 71.02259063720703, -95.65594482421875, 27.282535552978516, -81.05072021484375, 7.845747470855713, -38.23808670043945, 1.3776434659957886, -25.582489013671875, 2.0410373210906982, -20.25904655456543, 3.8935234546661377, -12.608973503112793], "lowlevel.melbands.mean": [0.002550704637542367, 0.0012904678005725145, 0.0007080606301315129, 0.0008660670719109476, 0.0013915731105953455, 0.0004059218626935035, 0.00025653131888248026, 0.00026913793408311903, 0.0001862872450146824, 0.00016870276886038482, 0.00015745163545943797, 0.00010939886851701885, 6.688913708785549e-05, 2.087096254399512e-05, 2.751688771240879e-05, 2.366332228120882e-05, 2.0891176973236725e-05, 1.3304742424224969e-05, 1.313130633207038e-05, 8.398194040637463e-06, 6.032282271917211e-06, 6.2017365962674376e-06, 4.7416183406312484e-06, 3.0530313779308926e-06, 2.531023483243189e-06, 2.957467586384155e-06, 3.118304903182434e-06, 3.0343107937369496e-06, 5.237455297901761e-06, 5.248037268756889e-06, 3.65162804882857e-06, 3.1883669180388097e-06, 2.964777195302304e-06, 3.7972147310938453e-06, 3.5051921258855145e-06, 2.7632509045361076e-06, 1.8119690139428712e-06, 1.1581723811104894e-06, 6.764012709936651e-07, 4.7034293970682484e-07], "lowlevel.melbands.stdev": [0.007132498547434807, 0.00289801019243896, 0.0012139950413256884, 0.001523108803667128, 0.0039193881675601006, 0.0007569926092401147, 0.00048444097046740353, 0.0005844880943186581, 0.0004173618508502841, 0.0003344039723742753, 0.0003951456455979496, 0.0003144382208120078, 0.00019381656602490693, 4.358575097285211e-05, 7.954781176522374e-05, 5.780122955911793e-05, 5.965380842098966e-05, 4.3347299651941285e-05, 3.5070814192295074e-05, 2.340159517189022e-05, 1.247540240001399e-05, 1.0643302630342077e-05, 7.263331553986063e-06, 4.8245483412756585e-06, 3.910538907803129e-06, 5.001018962502712e-06, 5.166104983800324e-06, 4.503257969190599e-06, 7.904780431999825e-06, 1.1464079761935864e-05, 9.012230293592438e-06, 7.691050086577889e-06, 6.206173111422686e-06, 7.988141078385524e-06, 7.1507211032439955e-06, 5.6972512538777664e-06, 3.2954719699773705e-06, 1.959632072612294e-06, 1.2281922181500704e-06, 8.447144068668422e-07], "lowlevel.melbands128.mean": [0.00029961965628899634, 0.002300746040418744, 0.003787194611504674, 0.0025515316519886255, 0.0009749595774337649, 0.00042039647814817727, 0.0006255651824176311, 0.0009356026421301067, 0.0006542621413245797, 0.0005231508985161781, 0.001050177146680653, 0.002153947716578841, 0.0013549685245379806, 0.0006709665176458657, 0.0004384131170809269, 0.00023074842465575784, 0.00023064413107931614, 0.0002453027409501374, 0.0002769775746855885, 0.0003988999524153769, 0.00018569533131085336, 0.00014384061796590686, 0.00015801865083631128, 0.0002870266616810113, 0.0001618446403881535, 0.00012036804400850087, 0.00018921091395895928, 0.000112242138129659, 0.00021521067537833005, 0.00011296635784674436, 7.40637187846005e-05, 8.359993080375716e-05, 9.120381582761183e-05, 3.2897234632400796e-05, 2.1663581719622016e-05, 1.6144171240739524e-05, 1.8930348232970573e-05, 3.442804154474288e-05, 3.0352181056514382e-05, 1.6258856703643687e-05, 1.5559828170808032e-05, 4.6071072574704885e-05, 1.9721142962225713e-05, 8.43378347781254e-06, 1.8304484910913743e-05, 1.3858052625437267e-05, 8.596215593570378e-06, 1.2911395970149897e-05, 1.425444679625798e-05, 1.5842060747672804e-05, 4.388434263091767e-06, 5.508813956112135e-06, 7.044382073218003e-06, 5.933123702561716e-06, 4.879620973952115e-06, 8.048196832532994e-06, 4.682612598116975e-06, 5.7487031881464645e-06, 4.7547678150294814e-06, 2.8829206257796613e-06, 3.3019109650922474e-06, 2.721318878684542e-06, 2.4520613806089386e-06, 2.4933488020906225e-06, 2.5820161226874916e-06, 3.0565463475795696e-06, 2.954229557872168e-06, 3.5108027987007517e-06, 2.9990233088028617e-06, 2.9619884571729926e-06, 2.369400817769929e-06, 3.350047791172983e-06, 4.6258114707598e-06, 5.880833668925334e-06, 5.498569407791365e-06, 5.612664608634077e-06, 5.014621365262428e-06, 4.383267423690995e-06, 3.3467144930909853e-06, 3.0006001452420605e-06, 3.3924554827535758e-06, 3.163785095239291e-06, 2.990176881212392e-06, 2.7853654955833917e-06, 3.106057874902035e-06, 3.4859256174968323e-06, 4.38795359514188e-06, 3.7533188788074767e-06, 3.448320740062627e-06, 3.313620254630223e-06, 3.100210733464337e-06, 2.6149255063501187e-06, 2.217324436060153e-06, 1.7909494545165217e-06, 1.6236589317486505e-06, 1.3051758287474513e-06, 1.1144262543894001e-06, 8.355227691936307e-07, 6.493761475212523e-07, 6.287957603490213e-07, 5.424100777418062e-07, 4.0981987581290014e-07, 4.3835453311658057e-07, 3.904171990143368e-07, 3.7304789657355286e-07, 2.885257117668516e-07, 2.8473334623413393e-07, 2.262912204287204e-07, 2.3434428442214994e-07, 2.570259027834254e-07, 2.6452156021150586e-07, 2.867185457944288e-07, 3.3250088904424047e-07, 3.402437016575277e-07, 2.9384645472418924e-07, 2.352086596602021e-07, 1.449900395300574e-07, 5.533435043503232e-08, 8.80202755126902e-09, 1.0246184456441654e-10, 4.8107656747120586e-11, 3.481500157609396e-11, 2.7680132491658682e-11, 2.7375993832956524e-11, 2.201076647334599e-11, 1.0707484378313925e-11, 4.317208916748694e-12, 3.4125614660485137e-12], "lowlevel.melbands128.stdev": [0.0009241516818292439, 0.007465712260454893, 0.010947694070637226, 0.0066281394101679325, 0.0025806042831391096, 0.0010643105488270521, 0.0014296647859737277, 0.0019104954553768039, 0.0012104238849133253, 0.0009715678752399981, 0.0026709954254329205, 0.006916555110365152, 0.004239154513925314, 0.001365473959594965, 0.0009340664837509394, 0.0008920658146962523, 0.0005231773247942328, 0.0007023757789283991, 0.0007137020002119243, 0.0010735247051343322, 0.0005071603809483349, 0.0005514313234016299, 0.0005001265089958906, 0.0008146484615281224, 0.0004752350505441427, 0.0003958111337851733, 0.0006826603203080595, 0.00037470171810127795, 0.000795953266788274, 0.00043638565693981946, 0.0004265557217877358, 0.0002996535040438175, 0.00032630556961521506, 0.0001322764001088217, 5.7803899835562333e-05, 4.2559331632219255e-05, 7.122709939721972e-05, 0.00014911824837327003, 9.37059085117653e-05, 5.506341767613776e-05, 5.274750219541602e-05, 0.0001662374852458015, 8.785014506429434e-05, 2.526530261093285e-05, 5.5290602176683024e-05, 8.312937279697508e-05, 3.854415990645066e-05, 5.260007310425863e-05, 4.6288856538012624e-05, 6.51111186016351e-05, 1.2024139323330019e-05, 1.730342955852393e-05, 1.8930559235741384e-05, 1.5801764675416052e-05, 1.3335790754354093e-05, 1.723043533274904e-05, 9.10145081434166e-06, 1.1559071936062537e-05, 9.213300472765695e-06, 5.2661744120996445e-06, 6.7584878706838936e-06, 4.834607807424618e-06, 4.4402936509868596e-06, 4.568154963635607e-06, 4.349967184680281e-06, 6.276477051869733e-06, 5.835416232002899e-06, 7.335856935242191e-06, 5.441818757390138e-06, 4.861599791183835e-06, 4.07599372920231e-06, 6.1400710364978295e-06, 8.16532065073261e-06, 1.0283216397510841e-05, 1.0469999324413948e-05, 1.4282702977652662e-05, 1.1961186828557402e-05, 1.3503512491297442e-05, 9.029347893374506e-06, 7.68716745369602e-06, 8.789014827925712e-06, 9.246677109331358e-06, 8.578981578466482e-06, 6.229729478945956e-06, 6.88300906404038e-06, 6.95246308168862e-06, 1.1842471394629683e-05, 8.390400580537971e-06, 7.699247362324968e-06, 7.133487997634802e-06, 6.895585102029145e-06, 6.020721684762975e-06, 5.121207777847303e-06, 3.5568882594816387e-06, 2.8375836791383335e-06, 2.225543539680075e-06, 2.246085841761669e-06, 1.6834782172736595e-06, 1.2837772374041378e-06, 1.2684699868259486e-06, 1.0468045275047189e-06, 7.843052571843145e-07, 9.62429226092354e-07, 8.680953555995075e-07, 7.99914630533749e-07, 5.68633936381957e-07, 5.462327408167766e-07, 4.760261447245284e-07, 5.774007831860217e-07, 5.082974894321524e-07, 5.003209935239283e-07, 5.422905360319419e-07, 6.673081998087582e-07, 6.49363585125684e-07, 5.738225468121527e-07, 4.842752900913183e-07, 3.442656009156053e-07, 2.2613356520650996e-07, 5.0148582175779666e-08, 1.4778268608850453e-09, 4.069583836585622e-10, 3.134918435954148e-10, 2.2243447361791624e-10, 2.2201358806928084e-10, 1.7244437822139247e-10, 7.027160797701271e-11, 1.0385153674519199e-11, 5.3308538139340556e-12], "lowlevel.mfcc.mean": [-666.0090942382812, 104.86062622070312, 28.058671951293945, 18.735265731811523, -13.873244285583496, 3.6979258060455322, -8.815444946289062, 0.0891110748052597, -5.732543468475342, 0.2221243679523468, -9.796712875366211, 1.3365510702133179, -6.756134510040283], "lowlevel.spectral_contrast_coeffs.mean": [-0.6285202503204346, -0.7276762127876282, -0.748394787311554, -0.8008097410202026, -0.8140543103218079, -0.7481667399406433], "lowlevel.spectral_contrast_coeffs.stdev": [0.1154029369354248, 0.08228619396686554, 0.07949565351009369, 0.0573156513273716, 0.032397300004959106, 0.03561639413237572], "lowlevel.spectral_contrast_valleys.mean": [-7.311690330505371, -6.95703125, -7.887889862060547, -8.243695259094238, -7.852682113647461, -10.218353271484375], "lowlevel.spectral_contrast_valleys.stdev": [0.95292067527771, 0.6780406832695007, 0.6984994411468506, 0.6497853994369507, 0.6202473640441895, 0.8421998023986816], "rhythm.beats_loudness_band_ratio.mean": [0.49197638034820557, 0.27573007345199585, 0.13213799893856049, 0.0703311637043953, 0.01751386560499668, 0.030935078859329224], "rhythm.beats_loudness_band_ratio.stdev": [0.4127786457538605, 0.32836857438087463, 0.1786976307630539, 0.1349363625049591, 0.03188653662800789, 0.048104189336299896], "tonal.hpcp.mean": [0.12378077208995819, 0.07494230568408966, 0.05673418939113617, 0.04142158851027489, 0.042732834815979004, 0.1387680023908615, 0.1742582470178604, 0.08464328944683075, 0.04128389060497284, 0.05085720866918564, 0.12754830718040466, 0.18990182876586914, 0.14437296986579895, 0.07449933886528015, 0.04406426101922989, 0.035671696066856384, 0.030902374535799026, 0.05989091098308563, 0.08199582993984222, 0.10029435902833939, 0.26408064365386963, 0.3192443251609802, 0.15362103283405304, 0.06360680609941483, 0.04428814351558685, 0.046534277498722076, 0.10358411073684692, 0.12340650707483292, 0.06454160809516907, 0.023568330332636833, 0.022530626505613327, 0.04995135962963104, 0.1309598982334137, 0.15923689305782318, 0.11116772145032883, 0.1260077804327011], "tonal.hpcp.stdev": [0.2520361840724945, 0.1932765245437622, 0.18035754561424255, 0.14535389840602875, 0.12556575238704681, 0.24195311963558197, 0.28614312410354614, 0.17276707291603088, 0.1425579935312271, 0.14913690090179443, 0.277253121137619, 0.3198949694633484, 0.2580258250236511, 0.17098024487495422, 0.14995375275611877, 0.13028375804424286, 0.10573295503854752, 0.1597256064414978, 0.21142880618572235, 0.20137323439121246, 0.3321581780910492, 0.3738703727722168, 0.2432183474302292, 0.18945252895355225, 0.1540631204843521, 0.15230858325958252, 0.22310227155685425, 0.26078227162361145, 0.16669385135173798, 0.08704274892807007, 0.09381642937660217, 0.1523858606815338, 0.24236942827701569, 0.2782624363899231, 0.2223050892353058, 0.24593691527843475], "rhythm.beats_position": [0.42956915497779846, 0.8359183669090271, 1.2074376344680786, 1.5557368993759155, 1.9272562265396118, 2.2987754344940186, 2.670294761657715, 3.0302040576934814, 3.390113353729248, 3.7616326808929443, 4.133152008056641, 4.493061065673828, 4.852970600128174, 5.224489688873291, 5.584399223327637, 5.955918312072754, 6.315827369689941, 6.687346935272217, 7.047255992889404, 7.40716552734375, 7.778684616088867, 8.150203704833984, 8.510112762451172, 8.870022773742676, 9.241541862487793, 9.61306095123291, 9.972970008850098, 10.332880020141602, 10.704399108886719, 11.064308166503906, 11.424217224121094, 11.795736312866211, 12.167256355285645, 12.527165412902832, 12.88707447052002, 13.258593559265137, 13.63011360168457, 13.978412628173828, 14.349931716918945, 14.721450805664062, 15.06974983215332, 15.441269874572754, 15.812788963317871, 16.184309005737305, 16.555828094482422, 16.91573715209961, 17.275646209716797, 17.647165298461914, 18.0070743560791, 18.36698341369629, 18.738502502441406, 19.110021591186523, 19.469932556152344, 19.82984161376953, 20.20136070251465, 20.561269760131836, 20.921178817749023, 21.29269790649414, 21.664216995239258, 22.024126052856445, 22.384035110473633, 22.75555419921875, 23.11546516418457, 23.475374221801758, 23.846893310546875, 24.218412399291992, 24.57832145690918, 24.949840545654297, 25.309749603271484, 25.6812686920166, 26.04117774963379, 26.40108871459961, 26.772607803344727, 27.132516860961914, 27.4924259185791, 27.86394500732422, 28.235464096069336, 28.595373153686523, 28.96689224243164, 29.326801300048828, 29.698322296142578], "rhythm.bpm_histogram": [0.0, 0.0, 0.0, 0.0, 0.0, 0.0, 0.0, 0.0, 0.0, 0.0, 0.0, 0.0, 0.0, 0.0, 0.0, 0.0, 0.0, 0.0, 0.0, 0.0, 0.0, 0.0, 0.0, 0.0, 0.0, 0.0, 0.0, 0.0, 0.0, 0.0, 0.0, 0.0, 0.0, 0.0, 0.0, 0.0, 0.0, 0.0, 0.0, 0.0, 0.0, 0.0, 0.0, 0.0, 0.0, 0.0, 0.0, 0.0, 0.0, 0.0, 0.0, 0.0, 0.0, 0.0, 0.0, 0.0, 0.0, 0.0, 0.0, 0.0, 0.0, 0.0, 0.0, 0.0, 0.0, 0.0, 0.0, 0.0, 0.0, 0.0, 0.0, 0.0, 0.0, 0.0, 0.0, 0.0, 0.0, 0.0, 0.0, 0.0, 0.0, 0.0, 0.0, 0.0, 0.0, 0.0, 0.0, 0.0, 0.0, 0.0, 0.0, 0.0, 0.0, 0.0, 0.0, 0.0, 0.0, 0.0, 0.0, 0.0, 0.0, 0.0, 0.0, 0.0, 0.0, 0.0, 0.0, 0.0, 0.0, 0.0, 0.0, 0.0, 0.0, 0.0, 0.0, 0.0, 0.0, 0.0, 0.0, 0.0, 0.0, 0.0, 0.0, 0.0, 0.0, 0.0, 0.0, 0.0, 0.0, 0.0, 0.0, 0.0, 0.0, 0.0, 0.0, 0.0, 0.0, 0.0, 0.0, 0.0, 0.0, 0.0, 0.0, 0.0, 0.0, 0.0, 0.0, 0.0, 0.012500000186264515, 0.0, 0.0, 0.0, 0.0, 0.0, 0.0, 0.0, 0.0, 0.0, 0.0, 0.0, 0.0, 0.5, 0.0, 0.0, 0.0, 0.0, 0.0, 0.44999998807907104, 0.0, 0.0, 0.0, 0.0, 0.03750000149011612, 0.0, 0.0, 0.0, 0.0, 0.0, 0.0, 0.0, 0.0, 0.0, 0.0, 0.0, 0.0, 0.0, 0.0, 0.0, 0.0, 0.0, 0.0, 0.0, 0.0, 0.0, 0.0, 0.0, 0.0, 0.0, 0.0, 0.0, 0.0, 0.0, 0.0, 0.0, 0.0, 0.0, 0.0, 0.0, 0.0, 0.0, 0.0, 0.0, 0.0, 0.0, 0.0, 0.0, 0.0, 0.0, 0.0, 0.0, 0.0, 0.0, 0.0, 0.0, 0.0, 0.0, 0.0, 0.0, 0.0, 0.0, 0.0, 0.0, 0.0, 0.0, 0.0, 0.0, 0.0, 0.0, 0.0, 0.0, 0.0, 0.0, 0.0, 0.0, 0.0, 0.0, 0.0, 0.0, 0.0, 0.0], "tonal.chords_histogram": [33.179012298583984, 6.94444465637207, 8.024691581726074, 0.0, 0.0, 0.0, 0.0, 0.0, 0.46296295523643494, 5.4012346267700195, 0.0, 0.0, 0.0, 0.0, 0.0, 0.0, 0.0, 0.0, 0.0, 0.0, 0.0, 11.419753074645996, 11.882716178894043, 22.685184478759766], "tonal.thpcp": [1.0, 0.48120206594467163, 0.1992417722940445, 0.1387280523777008, 0.1457638293504715, 0.3244665563106537, 0.3865581750869751, 0.20216993987560272, 0.07382536679506302, 0.07057487219572067, 0.1564674973487854, 0.41021841764450073, 0.49879318475723267, 0.34822145104408264, 0.3947063982486725, 0.38773053884506226, 0.23474906384944916, 0.177714005112648, 0.1297488659620285, 0.13385620713233948, 0.43467649817466736, 0.5458460450172424, 0.26513639092445374, 0.1293175369501114, 0.15930497646331787, 0.3995319604873657, 0.5948479175567627, 0.4522334635257721, 0.23336151242256165, 0.13802675902843475, 0.11173791438341141, 0.09679850935935974, 0.18760211765766144, 0.2568435072898865, 0.3141617476940155, 0.8272054195404053], "lowlevel.gfcc.cov": [[3364.10498046875, -386.3959045410156, 36.08654022216797, -184.81768798828125, 56.08195877075195, -46.24571990966797, 8.482706069946289, 56.16026306152344, -22.53205680847168, -5.5702738761901855, -168.33511352539062, 11.109134674072266, -35.225093841552734], [-386.3959045410156, 1024.255859375, 9.862446784973145, 74.48516845703125, 339.964111328125, 78.15703582763672, 235.23135375976562, 135.59066772460938, 154.61026000976562, -21.93811798095703, 76.62718963623047, -111.90885925292969, -7.926600933074951], [36.08654022216797, 9.862446784973145, 728.4227294921875, 364.94842529296875, 174.34605407714844, 103.67927551269531, 109.87357330322266, 60.22781753540039, 65.7755355834961, 121.097900390625, 64.89068603515625, 112.41553497314453, 10.207165718078613], [-184.81768798828125, 74.48516845703125, 364.94842529296875, 598.751708984375, 224.81236267089844, 164.93954467773438, 71.6600570678711, 83.8825454711914, 179.79013061523438, 72.4156494140625, 61.52184295654297, 0.9152812361717224, 63.29862594604492], [56.08195877075195, 339.964111328125, 174.34605407714844, 224.81236267089844, 500.9992370605469, 203.08065795898438, 244.5430908203125, 177.37022399902344, 169.0588836669922, 100.11888885498047, 40.96950912475586, -18.1627197265625, 8.526284217834473], [-46.24571990966797, 78.15703582763672, 103.67927551269531, 164.93954467773438, 203.08065795898438, 328.9976501464844, 241.20399475097656, 106.81488037109375, 89.48772430419922, 67.63554382324219, 75.66744232177734, 1.0780609846115112, 7.547813892364502], [8.482706069946289, 235.23135375976562, 109.87357330322266, 71.6600570678711, 244.5430908203125, 241.20399475097656, 381.55731201171875, 157.06146240234375, 77.9085464477539, 71.73045349121094, 79.8560562133789, 21.336959838867188, -15.80187702178955], [56.16026306152344, 135.59066772460938, 60.22781753540039, 83.8825454711914, 177.37022399902344, 106.81488037109375, 157.06146240234375, 195.22171020507812, 143.50091552734375, 68.64581298828125, 20.99605369567871, -11.690668106079102, 2.08225417137146], [-22.53205680847168, 154.61026000976562, 65.7755355834961, 179.79013061523438, 169.0588836669922, 89.48772430419922, 77.9085464477539, 143.50091552734375, 257.2620849609375, 92.52266693115234, 42.23906707763672, -27.42561149597168, 40.13943099975586], [-5.5702738761901855, -21.93811798095703, 121.097900390625, 72.4156494140625, 100.11888885498047, 67.63554382324219, 71.73045349121094, 68.64581298828125, 92.52266693115234, 164.75933837890625, 79.65226745605469, 51.8073844909668, 9.41343879699707], [-168.33511352539062, 76.62718963623047, 64.89068603515625, 61.52184295654297, 40.96950912475586, 75.66744232177734, 79.8560562133789, 20.99605369567871, 42.23906707763672, 79.65226745605469, 151.4823760986328, 79.65806579589844, 35.173011779785156], [11.109134674072266, -111.90885925292969, 112.41553497314453, 0.9152812361717224, -18.1627197265625, 1.0780609846115112, 21.336959838867188, -11.690668106079102, -27.42561149597168, 51.8073844909668, 79.65806579589844, 145.27821350097656, 47.28778076171875], [-35.225093841552734, -7.926600933074951, 10.207165718078613, 63.29862594604492, 8.526284217834473, 7.547813892364502, -15.80187702178955, 2.08225417137146, 40.13943099975586, 9.41343879699707, 35.173011779785156, 47.28778076171875, 109.29546356201172]], "lowlevel.gfcc.icov": [[0.0003560509067028761, 0.00021005523740313947, -0.00010028484393842518, 0.00022062247444409877, -0.0002129961212631315, 9.104156924877316e-05, -0.00011142379662487656, -4.673174044000916e-05, -0.0001517004711786285, 0.00011741449270630255, 0.00033270783023908734, -4.5410597522277385e-05, -3.513498813845217e-05], [0.00021005523740313947, 0.002682302612811327, -0.0007127834833227098, 0.0009179542539641261, -0.001887813676148653, 0.0019258838146924973, -0.0014052307233214378, 7.969345460878685e-05, -0.0009067247156053782, 0.002657556440681219, -0.003896148409694433, 0.0037964757066220045, -0.0006778814131394029], [-0.00010028484393842518, -0.0007127834833227098, 0.003150447504594922, -0.0023386357352137566, 0.0003371517814230174, -0.0001498877099948004, -0.0002051452174782753, 0.0002001832181122154, 0.0005870815366506577, -0.0018621322233229876, 0.0024187052622437477, -0.00402319710701704, 0.001833834801800549], [0.00022062247444409877, 0.0009179542539641261, -0.0023386357352137566, 0.004462087526917458, -0.0014306543162092566, -0.0008118206751532853, 0.000783863477408886, 0.00046433022362180054, -0.002021772088482976, 0.0019738359842449427, -0.002342261839658022, 0.003055107779800892, -0.0019515249878168106], [-0.0002129961212631315, -0.001887813676148653, 0.0003371517814230174, -0.0014306543162092566, 0.0054340241476893425, -0.001663325005210936, -0.0007395364227704704, -0.001126280170865357, 0.00014720419130753726, -0.0029038407374173403, 0.003512654220685363, -0.0018655125750228763, 6.975277210585773e-05], [9.104156924877316e-05, 0.0019258838146924973, -0.0001498877099948004, -0.0008118206751532853, -0.001663325005210936, 0.008389023132622242, -0.004982089623808861, 0.000420708442106843, -0.00018491270020604134, 0.0011348191183060408, -0.004217402543872595, 0.004311865661293268, -0.0010628944728523493], [-0.00011142379662487656, -0.0014052307233214378, -0.0002051452174782753, 0.000783863477408886, -0.0007395364227704704, -0.004982089623808861, 0.008825229480862617, -0.0045212940312922, 0.001951876562088728, 5.44698050362058e-05, -0.0006442565354518592, -0.0025066861417144537, 0.0017615370452404022], [-4.673174044000916e-05, 7.969345460878685e-05, 0.0002001832181122154, 0.00046433022362180054, -0.001126280170865357, 0.000420708442106843, -0.0045212940312922, 0.014217660762369633, -0.006818450056016445, -0.0010801086900755763, 0.00308451266027987, -0.0013568467693403363, 0.0010289133060723543], [-0.0001517004711786285, -0.0009067247156053782, 0.0005870815366506577, -0.002021772088482976, 0.00014720419130753726, -0.00018491270020604134, 0.001951876562088728, -0.006818450056016445, 0.011728267185389996, -0.004735441412776709, -0.001056176726706326, 0.0037664142437279224, -0.0037742822896689177], [0.00011741449270630255, 0.002657556440681219, -0.0018621322233229876, 0.0019738359842449427, -0.0029038407374173403, 0.0011348191183060408, 5.44698050362058e-05, -0.0010801086900755763, -0.004735441412776709, 0.015009904280304909, -0.00826859101653099, 0.0005341782816685736, 0.0023141393903642893], [0.00033270783023908734, -0.003896148409694433, 0.0024187052622437477, -0.002342261839658022, 0.003512654220685363, -0.004217402543872595, -0.0006442565354518592, 0.00308451266027987, -0.001056176726706326, -0.00826859101653099, 0.02137836068868637, -0.013302122242748737, 0.0007960625807754695], [-4.5410597522277385e-05, 0.0037964757066220045, -0.00402319710701704, 0.003055107779800892, -0.0018655125750228763, 0.004311865661293268, -0.0025066861417144537, -0.0013568467693403363, 0.0037664142437279224, 0.0005341782816685736, -0.013302122242748737, 0.023642417043447495, -0.008999288082122803], [-3.513498813845217e-05, -0.0006778814131394029, 0.001833834801800549, -0.0019515249878168106, 6.975277210585773e-05, -0.0010628944728523493, 0.0017615370452404022, 0.0010289133060723543, -0.0037742822896689177, 0.0023141393903642893, 0.0007960625807754695, -0.008999288082122803, 0.015175292268395424]], "lowlevel.mfcc.cov": [[3145.040283203125, -290.23828125, -209.63929748535156, -151.70689392089844, -55.60530471801758, -84.54509735107422, -78.1338119506836, -25.99091911315918, 60.172607421875, 20.01468849182129, -32.372779846191406, -140.12503051757812, -79.87102508544922], [-290.23828125, 952.8552856445312, -195.02029418945312, 40.64832305908203, 57.8701171875, 6.101753234863281, 163.1704559326172, 113.63809967041016, 80.9275894165039, 95.82200622558594, 69.400390625, 100.26263427734375, 19.162311553955078], [-209.63929748535156, -195.02029418945312, 574.7158813476562, 223.9912109375, 77.60639953613281, 100.132568359375, 11.80958080291748, 14.828849792480469, 8.249423027038574, -29.03876304626465, 17.231651306152344, 35.0944709777832, 109.59127807617188], [-151.70689392089844, 40.64832305908203, 223.9912109375, 404.54571533203125, 228.03248596191406, 101.01806640625, 20.027585983276367, 47.940025329589844, 104.38356018066406, 73.46727752685547, 33.90289306640625, 51.60820388793945, 100.84689331054688], [-55.60530471801758, 57.8701171875, 77.60639953613281, 228.03248596191406, 324.1823425292969, 116.58695220947266, 14.69085693359375, 47.03251647949219, 128.3377227783203, 118.15558624267578, 44.60066223144531, 40.852806091308594, 71.86404418945312], [-84.54509735107422, 6.101753234863281, 100.132568359375, 101.01806640625, 116.58695220947266, 254.28770446777344, 167.28028869628906, 97.63386535644531, 72.06932830810547, 78.37506866455078, 89.23040008544922, 60.13932800292969, 47.147491455078125], [-78.1338119506836, 163.1704559326172, 11.80958080291748, 20.027585983276367, 14.69085693359375, 167.28028869628906, 298.27972412109375, 143.8153076171875, 60.64456558227539, 44.82427215576172, 107.55921936035156, 68.19853973388672, 30.024850845336914], [-25.99091911315918, 113.63809967041016, 14.828849792480469, 47.940025329589844, 47.03251647949219, 97.63386535644531, 143.8153076171875, 176.72283935546875, 103.92253875732422, 76.00152587890625, 61.95084762573242, 49.98346710205078, 31.91623878479004], [60.172607421875, 80.9275894165039, 8.249423027038574, 104.38356018066406, 128.3377227783203, 72.06932830810547, 60.64456558227539, 103.92253875732422, 200.38916015625, 139.06419372558594, 69.16515350341797, 36.11574172973633, 42.64866638183594], [20.01468849182129, 95.82200622558594, -29.03876304626465, 73.46727752685547, 118.15558624267578, 78.37506866455078, 44.82427215576172, 76.00152587890625, 139.06419372558594, 198.21194458007812, 101.84884643554688, 52.09894943237305, 26.265954971313477], [-32.372779846191406, 69.400390625, 17.231651306152344, 33.90289306640625, 44.60066223144531, 89.23040008544922, 107.55921936035156, 61.95084762573242, 69.16515350341797, 101.84884643554688, 164.102294921875, 80.93419647216797, 36.9877815246582], [-140.12503051757812, 100.26263427734375, 35.0944709777832, 51.60820388793945, 40.852806091308594, 60.13932800292969, 68.19853973388672, 49.98346710205078, 36.11574172973633, 52.09894943237305, 80.93419647216797, 133.030517578125, 70.40339660644531], [-79.87102508544922, 19.162311553955078, 109.59127807617188, 100.84689331054688, 71.86404418945312, 47.147491455078125, 30.024850845336914, 31.91623878479004, 42.64866638183594, 26.265954971313477, 36.9877815246582, 70.40339660644531, 137.80599975585938]], "lowlevel.mfcc.icov": [[0.00036165022174827754, 0.00012743221304845065, 0.0001332911488134414, 6.61049853079021e-05, 1.7404425307177007e-05, 7.454956357832998e-05, -1.572189103171695e-05, 2.531535528760287e-06, -0.0002505214069969952, 3.923732947441749e-06, -0.00010451371053932235, 0.00036138176801614463, -7.401932816719636e-05], [0.00012743221304845065, 0.0015819905092939734, 0.0005730282282456756, -0.00034372281515970826, -0.00030055930255912244, 0.0011302110506221652, -0.0012397903483361006, -0.000249842822086066, 0.0001334898261120543, -0.0005630212253890932, 0.00046718408702872694, -0.0009595890296623111, 0.00017860421212390065], [0.0001332911488134414, 0.0005730282282456756, 0.0030507659539580345, -0.0016541393706575036, 0.000646171742118895, -0.0009661756921559572, 0.0005014853086322546, -0.00037659890949726105, 0.00013011829287279397, 0.0011340196942910552, -0.0006349565810523927, 0.0003840735589619726, -0.0015287292189896107], [6.61049853079021e-05, -0.00034372281515970826, -0.0016541393706575036, 0.005525108892470598, -0.002958828816190362, -2.2155625629238784e-05, 0.00015048020577523857, 6.765300349798054e-05, -0.0008989482303149998, 0.00013977300841361284, 0.0004652772331610322, -0.0001644254953134805, -0.0009289117297157645], [1.7404425307177007e-05, -0.00030055930255912244, 0.000646171742118895, -0.002958828816190362, 0.007400894071906805, -0.002945752814412117, 0.0015002501895651221, 0.001095556071959436, -0.0020642243325710297, -0.001573954476043582, 0.0007623354904353619, 0.00046584554365836084, -0.0012327262666076422], [7.454956357832998e-05, 0.0011302110506221652, -0.0009661756921559572, -2.2155625629238784e-05, -0.002945752814412117, 0.00988796167075634, -0.005472294520586729, -0.0006042744498699903, 0.0014677883591502905, -0.002218264155089855, -8.231904939748347e-05, -0.0008225188357755542, 0.0005669294041581452], [-1.572189103171695e-05, -0.0012397903483361006, 0.0005014853086322546, 0.00015048020577523857, 0.0015002501895651221, -0.005472294520586729, 0.010497446171939373, -0.00534145487472415, -0.00021564713097177446, 0.0038431137800216675, -0.0044739930890500546, 0.0007123955874703825, -0.0001347149518551305], [2.531535528760287e-06, -0.000249842822086066, -0.00037659890949726105, 6.765300349798054e-05, 0.001095556071959436, -0.0006042744498699903, -0.00534145487472415, 0.013621367514133453, -0.005440562963485718, -0.0014321573544293642, 0.002537321299314499, -0.0017331866547465324, 9.182266512652859e-05], [-0.0002505214069969952, 0.0001334898261120543, 0.00013011829287279397, -0.0008989482303149998, -0.0020642243325710297, 0.0014677883591502905, -0.00021564713097177446, -0.005440562963485718, 0.014065553434193134, -0.006980457343161106, -0.00017380314238835126, 0.002012696349993348, -0.0017322455532848835], [3.923732947441749e-06, -0.0005630212253890932, 0.0011340196942910552, 0.00013977300841361284, -0.001573954476043582, -0.002218264155089855, 0.0038431137800216675, -0.0014321573544293642, -0.006980457343161106, 0.015302643179893494, -0.006852220743894577, -0.00062038644682616, 0.0015502860769629478], [-0.00010451371053932235, 0.00046718408702872694, -0.0006349565810523927, 0.0004652772331610322, 0.0007623354904353619, -8.231904939748347e-05, -0.0044739930890500546, 0.002537321299314499, -0.00017380314238835126, -0.006852220743894577, 0.014748083427548409, -0.005795284640043974, 0.00041878645424731076], [0.00036138176801614463, -0.0009595890296623111, 0.0003840735589619726, -0.0001644254953134805, 0.00046584554365836084, -0.0008225188357755542, 0.0007123955874703825, -0.0017331866547465324, 0.002012696349993348, -0.00062038644682616, -0.005795284640043974, 0.015802981331944466, -0.0065802703611552715], [-7.401932816719636e-05, 0.00017860421212390065, -0.0015287292189896107, -0.0009289117297157645, -0.0012327262666076422, 0.0005669294041581452, -0.0001347149518551305, 9.182266512652859e-05, -0.0017322455532848835, 0.0015502860769629478, 0.00041878645424731076, -0.0065802703611552715, 0.01303131878376007]], "metadata.audio_properties.analysis.downmix": "mix", "metadata.audio_properties.codec": "mp3", "metadata.audio_properties.md5_encoded": "e3c84bb193bd0ece58e3aab3e47b9b3a", "metadata.tags.file_name": "1183717044374478848.mp3", "metadata.version.essentia": "2.1-beta6-dev",