{"song_id": "1183709397902438491", "download": "https://cdn.discordapp.com/attachments/1135911532732108921/1183709397902438491/chirp.mp4?ex=65895248&amp", "lyrics": "(\u041a\u0443\u043f\u043b\u0435\u0442 1)\n\u041c\u043e\u0433\u0443\u0447\u0438\u0435 \u0441\u044b\u0440\u043d\u044b\u0435 \u043e\u043b\u0435\u043d\u0438,\n\u0411\u0435\u0433\u0443\u0442 \u043f\u043e \u043b\u0435\u0441\u0430\u043c \u0438 \u043f\u043e\u043b\u044f\u043c.\n\u0418\u0445 \u0440\u043e\u0433\u0430 \u0431\u043b\u0435\u0441\u0442\u044f\u0442 \u043d\u0430 \u0441\u043e\u043b\u043d\u0446\u0435,\n\u0418\u0445 \u0448\u043a\u0443\u0440\u0430 \u043f\u043e\u043a\u0440\u044b\u0442\u0430 \u043c\u0435\u0445\u043e\u043c.\n\n(\u041f\u0440\u0438\u043f\u0435\u0432)\n\u041e\u043b\u0435\u043d\u0438, \u043e\u043b\u0435\u043d\u0438, \u0441\u044b\u0440\u043d\u044b\u0435 \u043e\u043b\u0435\u043d\u0438,\n\u0421\u0438\u043b\u0430 \u0438 \u0433\u0440\u0430\u0446\u0438\u044f \u0432 \u043a\u0430\u0436\u0434\u043e\u043c \u0434\u0432\u0438\u0436\u0435\u043d\u0438\u0438.\n\u041e\u043b\u0435\u043d\u0438, \u043e\u043b\u0435\u043d\u0438, \u043c\u043e\u0433\u0443\u0447\u0438\u0435 \u043e\u043b\u0435\u043d\u0438,\n\u0412\u0441\u0435\u0433\u0434\u0430 \u043d\u0430 \u0441\u0442\u0440\u0430\u0436\u0435 \u0441\u0432\u043e\u0435\u0439 \u0442\u0435\u0440\u0440\u0438\u0442\u043e\u0440\u0438\u0438.\n\n(\u041a\u0443\u043f\u043b\u0435\u0442 2)\n\u041e\u043d\u0438 \u0437\u043d\u0430\u044e\u0442 \u043a\u0430\u0436\u0434\u044b\u0439 \u0443\u0433\u043e\u043b\u043e\u043a,\n\u0421\u0432\u043e\u0435\u0433\u043e \u043b\u0435\u0441\u0430 \u0438 \u0441\u0432\u043e\u0438\u0445 \u043f\u043e\u043b\u0435\u0439.\n\u0418 \u0432\u0441\u0435\u0433\u0434\u0430 \u0433\u043e\u0442\u043e\u0432\u044b \u0437\u0430\u0449\u0438\u0449\u0430\u0442\u044c\n\u0421\u0432\u043e\u0438\u0445 \u0431\u0440\u0430\u0442\u044c\u0435\u0432 \u0438 \u0441\u0432\u043e\u0438\u0445 \u0434\u0435\u0442\u0435\u0439.\n\n(\u041f\u0440\u0438\u043f\u0435\u0432)\n\u041e\u043b\u0435\u043d\u0438, \u043e\u043b\u0435\u043d\u0438, \u0441\u044b\u0440\u043d\u044b\u0435 \u043e\u043b\u0435\u043d\u0438,\n\u0421\u0438\u043b\u0430 \u0438 \u0433\u0440\u0430\u0446\u0438\u044f \u0432 \u043a\u0430\u0436\u0434\u043e\u043c \u0434\u0432\u0438\u0436\u0435\u043d\u0438\u0438.\n\u041e\u043b\u0435\u043d\u0438, \u043e\u043b\u0435\u043d\u0438, \u043c\u043e\u0433\u0443\u0447\u0438\u0435 \u043e\u043b\u0435\u043d\u0438,\n\u0412\u0441\u0435\u0433\u0434\u0430 \u043d\u0430 \u0441\u0442\u0440\u0430\u0436\u0435 \u0441\u0432\u043e\u0435\u0439 \u0442\u0435\u0440\u0440\u0438\u0442\u043e\u0440\u0438\u0438.\n\n(\u041c\u043e\u0441\u0442)\n\u0418 \u043f\u0443\u0441\u0442\u044c \u0434\u0438\u043a\u0430\u044f \u043f\u0440\u0438\u0440\u043e\u0434\u0430\n\u0418\u0445 \u043e\u043a\u0440\u0443\u0436\u0430\u0435\u0442 \u0441\u043e \u0432\u0441\u0435\u0445 \u0441\u0442\u043e\u0440\u043e\u043d,\n\u041e\u043d\u0438 \u0432\u0441\u0435\u0433\u0434\u0430 \u0431\u0443\u0434\u0443\u0442 \u0432\u043c\u0435\u0441\u0442\u0435,\n\u0421\u0438\u043b\u044c\u043d\u044b\u0435 \u0438 \u043c\u043e\u0433\u0443\u0447\u0438\u0435 \u043e\u043b\u0435\u043d\u0438.\n\n(\u041f\u0440\u0438\u043f\u0435\u0432)\n\u041e\u043b\u0435\u043d\u0438, \u043e\u043b\u0435\u043d\u0438, \u0441\u044b\u0440\u043d\u044b\u0435 \u043e\u043b\u0435\u043d\u0438,\n\u0421\u0438\u043b\u0430 \u0438 \u0433\u0440\u0430\u0446\u0438\u044f \u0432 \u043a\u0430\u0436\u0434\u043e\u043c \u0434\u0432\u0438\u0436\u0435\u043d\u0438\u0438.\n\u041e\u043b\u0435\u043d\u0438, \u043e\u043b\u0435\u043d\u0438, \u043c\u043e\u0433\u0443\u0447\u0438\u0435 \u043e\u043b\u0435\u043d\u0438,\n\u0412\u0441\u0435\u0433\u0434\u0430 \u043d\u0430 \u0441\u0442\u0440\u0430\u0436\u0435 \u0441\u0432\u043e\u0435\u0439 \u0442\u0435\u0440\u0440\u0438\u0442\u043e\u0440\u0438\u0438.", "style": ["indie"], "essentia_features": {"lowlevel.average_loudness": 0.9180704355239868, "lowlevel.barkbands_crest.mean": 17.491579055786133, "lowlevel.barkbands_crest.stdev": 5.105847358703613, "lowlevel.barkbands_flatness_db.mean": 0.20610935986042023, "lowlevel.barkbands_flatness_db.stdev": 0.06296832114458084, "lowlevel.barkbands_kurtosis.mean": 25.138877868652344, "lowlevel.barkbands_kurtosis.stdev": 22.84906768798828, "lowlevel.barkbands_skewness.mean": 4.0324554443359375, "lowlevel.barkbands_skewness.stdev": 1.9234273433685303, "lowlevel.barkbands_spread.mean": 9.396183967590332, "lowlevel.barkbands_spread.stdev": 7.8198065757751465, "lowlevel.dissonance.mean": 0.4470292627811432, "lowlevel.dissonance.stdev": 0.030665498226881027, "lowlevel.dynamic_complexity": 2.7394800186157227, "lowlevel.erbbands_crest.mean": 15.603461265563965, "lowlevel.erbbands_crest.stdev": 5.78463888168335, "lowlevel.erbbands_flatness_db.mean": 0.180696502327919, "lowlevel.erbbands_flatness_db.stdev": 0.06754201650619507, "lowlevel.erbbands_kurtosis.mean": 2.9603843688964844, "lowlevel.erbbands_kurtosis.stdev": 4.556272983551025, "lowlevel.erbbands_skewness.mean": 1.4609414339065552, "lowlevel.erbbands_skewness.stdev": 1.1076865196228027, "lowlevel.erbbands_spread.mean": 36.9376335144043, "lowlevel.erbbands_spread.stdev": 18.21648406982422, "lowlevel.hfc.mean": 12.948031425476074, "lowlevel.hfc.stdev": 9.465598106384277, "lowlevel.loudness_ebu128.integrated": -13.093669891357422, "lowlevel.loudness_ebu128.loudness_range": 4.358987808227539, "lowlevel.loudness_ebu128.momentary.mean": -14.541183471679688, "lowlevel.loudness_ebu128.momentary.stdev": 4.049546241760254, "lowlevel.loudness_ebu128.short_term.mean": -13.994173049926758, "lowlevel.loudness_ebu128.short_term.stdev": 2.958796739578247, "lowlevel.melbands_crest.mean": 17.409090042114258, "lowlevel.melbands_crest.stdev": 3.8046152591705322, "lowlevel.melbands_flatness_db.mean": 0.29338544607162476, "lowlevel.melbands_flatness_db.stdev": 0.06348443031311035, "lowlevel.melbands_kurtosis.mean": 51.37761306762695, "lowlevel.melbands_kurtosis.stdev": 44.46931457519531, "lowlevel.melbands_skewness.mean": 5.042349338531494, "lowlevel.melbands_skewness.stdev": 2.2161672115325928, "lowlevel.melbands_spread.mean": 7.0827531814575195, "lowlevel.melbands_spread.stdev": 9.242652893066406, "lowlevel.pitch_salience.mean": 0.47422483563423157, "lowlevel.pitch_salience.stdev": 0.12392179667949677, "lowlevel.silence_rate_20dB.mean": 1.0, "lowlevel.silence_rate_20dB.stdev": 0.0, "lowlevel.silence_rate_30dB.mean": 0.997682511806488, "lowlevel.silence_rate_30dB.stdev": 0.04808511212468147, "lowlevel.silence_rate_60dB.mean": 0.10081112384796143, "lowlevel.silence_rate_60dB.stdev": 0.3010777533054352, "lowlevel.spectral_centroid.mean": 507.1029968261719, "lowlevel.spectral_centroid.stdev": 373.63604736328125, "lowlevel.spectral_complexity.mean": 10.852259635925293, "lowlevel.spectral_complexity.stdev": 5.865296840667725, "lowlevel.spectral_decrease.mean": -8.289000597017093e-09, "lowlevel.spectral_decrease.stdev": 5.754817067327167e-09, "lowlevel.spectral_energy.mean": 0.03245900571346283, "lowlevel.spectral_energy.stdev": 0.02233547903597355, "lowlevel.spectral_energyband_high.mean": 0.0003143275389447808, "lowlevel.spectral_energyband_high.stdev": 0.0004423536011017859, "lowlevel.spectral_energyband_low.mean": 0.006768916267901659, "lowlevel.spectral_energyband_low.stdev": 0.013982653617858887, "lowlevel.spectral_energyband_middle_high.mean": 0.002316100522875786, "lowlevel.spectral_energyband_middle_high.stdev": 0.0038882200606167316, "lowlevel.spectral_energyband_middle_low.mean": 0.023759791627526283, "lowlevel.spectral_energyband_middle_low.stdev": 0.01626037247478962, "lowlevel.spectral_entropy.mean": 7.001504421234131, "lowlevel.spectral_entropy.stdev": 0.5634841322898865, "lowlevel.spectral_flux.mean": 0.0653536394238472, "lowlevel.spectral_flux.stdev": 0.05338747799396515, "lowlevel.spectral_kurtosis.mean": 8.655110359191895, "lowlevel.spectral_kurtosis.stdev": 8.701445579528809, "lowlevel.spectral_rms.mean": 0.005241434555500746, "lowlevel.spectral_rms.stdev": 0.0020480891689658165, "lowlevel.spectral_rolloff.mean": 505.5657653808594, "lowlevel.spectral_rolloff.stdev": 985.4341430664062, "lowlevel.spectral_skewness.mean": 2.1903936862945557, "lowlevel.spectral_skewness.stdev": 0.7600315809249878, "lowlevel.spectral_spread.mean": 5166718.0, "lowlevel.spectral_spread.stdev": 2510140.0, "lowlevel.spectral_strongpeak.mean": 1.1697555780410767, "lowlevel.spectral_strongpeak.stdev": 0.7179127931594849, "lowlevel.zerocrossingrate.mean": 0.03788366541266441, "lowlevel.zerocrossingrate.stdev": 0.03920093923807144, "metadata.audio_properties.analysis.equal_loudness": 0.0, "metadata.audio_properties.analysis.length": 40.04265213012695, "metadata.audio_properties.analysis.sample_rate": 44100.0, "metadata.audio_properties.analysis.start_time": 0.0, "metadata.audio_properties.bit_rate": 122381.0, "metadata.audio_properties.length": 40.042667388916016, "metadata.audio_properties.lossless": 0.0, "metadata.audio_properties.number_channels": 1.0, "metadata.audio_properties.replay_gain": -13.419193267822266, "metadata.audio_properties.sample_rate": 48000.0, "rhythm.beats_count": 60.0, "rhythm.beats_loudness.mean": 0.03909313306212425, "rhythm.beats_loudness.stdev": 0.022218016907572746, "rhythm.bpm": 90.77505493164062, "rhythm.bpm_histogram_first_peak_bpm": 89.0, "rhythm.bpm_histogram_first_peak_weight": 0.5818182229995728, "rhythm.bpm_histogram_second_peak_bpm": 94.0, "rhythm.bpm_histogram_second_peak_spread": 0.25, "rhythm.bpm_histogram_second_peak_weight": 0.050847455859184265, "rhythm.danceability": 0.9822875261306763, "rhythm.onset_rate": 3.9446332454681396, "tonal.chords_changes_rate": 0.032407406717538834, "tonal.chords_number_rate": 0.005787036847323179, "tonal.chords_strength.mean": 0.464216947555542, "tonal.chords_strength.stdev": 0.05895969271659851, "tonal.hpcp_crest.mean": 13.608392715454102, "tonal.hpcp_crest.stdev": 5.834657669067383, "tonal.hpcp_entropy.mean": 2.0174813270568848, "tonal.hpcp_entropy.stdev": 0.7196716666221619, "tonal.key_edma.strength": 0.6050081253051758, "tonal.key_krumhansl.strength": 0.5959551930427551, "tonal.key_temperley.strength": 0.5761125087738037, "tonal.tuning_diatonic_strength": 0.5348828434944153, "tonal.tuning_equal_tempered_deviation": 0.05111232027411461, "tonal.tuning_frequency": 442.5489196777344, "tonal.tuning_nontempered_energy_ratio": 0.6587779521942139, "lowlevel.barkbands.mean": [0.0001542032405268401, 0.003523404011502862, 0.0024396409280598164, 0.0016716999234631658, 0.02016894891858101, 0.0007410590187646449, 0.000462921365397051, 0.0004299936117604375, 0.0001902614312712103, 0.00048355618491768837, 0.00018760430975817144, 0.000442405987996608, 0.00034062634222209454, 0.0002936229866463691, 0.00017426270642317832, 0.00016799644799903035, 0.00012146602239226922, 7.77634049882181e-05, 4.7383142373291776e-05, 4.986444037058391e-05, 3.424427268328145e-05, 4.219523907522671e-05, 3.140975604765117e-05, 4.8483710997970775e-05, 5.537815377465449e-05, 6.437770935008302e-05, 1.425963273504749e-05], "lowlevel.barkbands.stdev": [0.0004868620017077774, 0.012273154221475124, 0.003321545897051692, 0.0018717319471761584, 0.015365452505648136, 0.0011185321491211653, 0.0010027950629591942, 0.0014300214825198054, 0.0007595022325403988, 0.0012687904527410865, 0.0006213728920556605, 0.0016630471218377352, 0.001346113858744502, 0.0012766122817993164, 0.0005807319539599121, 0.0004604788846336305, 0.00021254646708257496, 0.00012202033394714817, 8.291836275020614e-05, 8.269617683254182e-05, 6.72449532430619e-05, 8.951776544563472e-05, 6.107733497628942e-05, 8.610577788203955e-05, 8.266040094895288e-05, 8.916549995774403e-05, 2.1878093320992775e-05], "lowlevel.erbbands.mean": [0.1082194522023201, 0.7912964224815369, 2.52490234375, 4.2601213455200195, 11.140307426452637, 113.70427703857422, 39.972251892089844, 7.488896369934082, 4.972198963165283, 11.18956470489502, 6.863905429840088, 3.5766544342041016, 12.207717895507812, 12.106703758239746, 12.69371509552002, 15.433974266052246, 15.06985855102539, 18.52644157409668, 9.461803436279297, 11.64675235748291, 6.645665645599365, 7.482158184051514, 4.8520731925964355, 2.838592290878296, 2.2326529026031494, 2.367191791534424, 1.6084294319152832, 1.297601580619812, 1.578980565071106, 1.1693631410598755, 0.8637071251869202, 0.8807481527328491, 0.8785573840141296, 0.6368098855018616, 0.3761323392391205, 0.22987377643585205, 0.13275223970413208, 0.03701137751340866, 0.0014259134186431766, 6.316114740911871e-05], "lowlevel.erbbands.stdev": [0.39897504448890686, 2.5665338039398193, 3.792445182800293, 3.6099605560302734, 9.083426475524902, 88.7278060913086, 30.43560791015625, 8.69947338104248, 6.689031600952148, 36.825740814208984, 27.746110916137695, 12.446250915527344, 32.99665832519531, 29.063209533691406, 49.456687927246094, 49.56119155883789, 55.403926849365234, 78.64016723632812, 27.215618133544922, 37.176185607910156, 12.065840721130371, 13.354785919189453, 7.208236217498779, 4.810673713684082, 3.8226816654205322, 3.9718048572540283, 3.0039689540863037, 2.6961820125579834, 3.3834846019744873, 2.454319715499878, 1.6244831085205078, 1.5531744956970215, 1.6101055145263672, 1.0488842725753784, 0.5389567017555237, 0.3416936695575714, 0.18509510159492493, 0.05137036740779877, 0.002156361471861601, 4.8105648602359e-05], "lowlevel.gfcc.mean": [-44.069725036621094, 103.98151397705078, -89.49195098876953, 18.283411026000977, -48.454078674316406, 1.6400811672210693, -50.25221252441406, -14.460925102233887, -42.88751983642578, -15.601837158203125, -21.208072662353516, 1.5717713832855225, -4.7305684089660645], "lowlevel.melbands.mean": [0.0009858037810772657, 0.0011958274990320206, 0.000833932776004076, 0.004001718945801258, 0.002708591055124998, 0.0001403930364176631, 7.451970304828137e-05, 0.00011921989062102512, 4.5481785491574556e-05, 2.4332130124093965e-05, 6.467293860623613e-05, 5.316890019457787e-05, 3.314305286039598e-05, 5.665214848704636e-05, 2.364351530559361e-05, 4.235421511111781e-05, 3.163690780638717e-05, 1.4886318240314722e-05, 1.3327698070497718e-05, 1.4595947504858486e-05, 6.428707820305135e-06, 7.768663635943085e-06, 6.1586433730553836e-06, 3.0487094591080677e-06, 2.2391905076801777e-06, 1.6070549690994085e-06, 1.7332406514469767e-06, 1.5067740832819254e-06, 1.0766525520011783e-06, 7.78660421474342e-07, 7.463070801350113e-07, 9.118032266997034e-07, 7.963819825818064e-07, 5.994962180011498e-07, 4.999891984880378e-07, 4.631010881439579e-07, 5.706497745450179e-07, 6.268306265155843e-07, 5.683839390258072e-07, 5.27645511283481e-07], "lowlevel.melbands.stdev": [0.0035486016422510147, 0.0020883490797132254, 0.0007104862597770989, 0.003028649603947997, 0.0020805008243769407, 0.0001915140892378986, 0.00010913441656157374, 0.00038433558074757457, 0.00020749462419189513, 0.000100032462796662, 0.00017388620472047478, 0.00013659827527590096, 0.00011287837696727365, 0.00023327191593125463, 6.346843292703852e-05, 0.0001651204947847873, 0.00013917718024458736, 4.771931344293989e-05, 4.3471289245644584e-05, 4.5578704884974286e-05, 1.121998138842173e-05, 1.5002979125711136e-05, 1.015847738017328e-05, 4.570747933030361e-06, 4.075885044585448e-06, 2.895240868383553e-06, 2.958171535283327e-06, 2.6364957648183918e-06, 2.0928091544192284e-06, 1.5641966228940873e-06, 1.6337079387085396e-06, 1.949749730556505e-06, 1.811349989111477e-06, 1.2752643669955432e-06, 9.723693210617057e-07, 8.680064524924092e-07, 1.027421035360021e-06, 1.2015399306619656e-06, 1.0030809107774985e-06, 8.942822660173988e-07], "lowlevel.melbands128.mean": [0.00013006960216443986, 0.0007992161554284394, 0.0014415434561669827, 0.001182581065222621, 0.0012592219281941652, 0.0011615600669756532, 0.0007818008889444172, 0.0009283701074309647, 0.0005371974548324943, 0.002291689394041896, 0.008625959977507591, 0.0055110822431743145, 0.0004960967344231904, 0.000219070483581163, 0.00017557294631842524, 6.858708366053179e-05, 8.02719805506058e-05, 6.518564623547718e-05, 6.521055183839053e-05, 0.0001780163438525051, 0.00010446272790431976, 7.048630504868925e-05, 4.306241680751555e-05, 1.5267880371538922e-05, 1.1858241123263724e-05, 2.5337676561321132e-05, 5.8140503824688494e-05, 5.4464355343952775e-05, 9.147638047579676e-05, 7.515701145166531e-05, 3.400901914574206e-05, 1.8965143681271002e-05, 3.1274754292098805e-05, 3.739691601367667e-05, 7.179063686635345e-05, 6.63001774228178e-05, 2.5406881832168438e-05, 2.2709356926498003e-05, 1.51172553159995e-05, 3.751114854821935e-05, 4.609169263858348e-05, 5.6229051551781595e-05, 3.564158396329731e-05, 1.7344518710160628e-05, 1.6543855963391252e-05, 1.4470350834017154e-05, 1.3319041499926243e-05, 1.0267694051435683e-05, 1.1874773917952552e-05, 2.455887988617178e-05, 1.4252513210522011e-05, 6.644581389991799e-06, 6.969218702579383e-06, 6.113763447501697e-06, 5.188470368011622e-06, 9.52612936089281e-06, 8.417960998485796e-06, 6.282048616412794e-06, 6.189188752614427e-06, 4.098463250556961e-06, 2.5523488602630096e-06, 2.619020278871176e-06, 2.2118670131021645e-06, 2.366640046602697e-06, 1.7989199250223464e-06, 1.5984376204869477e-06, 1.4406839454750298e-06, 1.4685244877910009e-06, 1.9354397409188095e-06, 1.960322151717264e-06, 1.4987264194132877e-06, 1.2706035477094701e-06, 1.2702644198725466e-06, 1.0651692718965933e-06, 8.085370382104884e-07, 8.497283943142975e-07, 7.297273896256229e-07, 6.322363788058283e-07, 7.757847129141737e-07, 7.885728336987086e-07, 9.366049766867945e-07, 9.789973773877136e-07, 8.724840654394939e-07, 8.403920901400852e-07, 6.419590476980375e-07, 6.275766395447135e-07, 5.742506345995935e-07, 5.655428481077251e-07, 4.968946427652554e-07, 4.726243787445128e-07, 4.103003448108211e-07, 4.728209717086429e-07, 5.072769226899254e-07, 5.599255246124812e-07, 6.062086299607472e-07, 6.710952789035218e-07, 5.801200018140662e-07, 6.744512006662262e-07, 5.319481601873122e-07, 5.418353339337045e-07, 5.834120884173899e-07, 5.660920123773394e-07, 4.043518231355847e-07, 3.965166115449392e-07, 4.314609611810738e-07, 4.4435341806092765e-07, 4.220020741740882e-07, 2.70069563157449e-07, 3.413295530663163e-07, 5.351764116312552e-07, 4.5017563365945534e-07, 4.010949510302453e-07, 4.42427136704282e-07, 4.626391216788761e-07, 3.593162603010569e-07, 2.9970235004839196e-07, 3.2064272659226845e-07, 2.897299111737084e-07, 3.75975979238774e-08, 1.515591471767941e-11, 1.0716694892609624e-11, 8.257798958521967e-12, 6.286921504228271e-12, 6.147608897638657e-12, 5.946591743327678e-12, 5.672478979590334e-12, 5.518618548250309e-12, 5.472333090145165e-12], "lowlevel.melbands128.stdev": [0.00044758833246305585, 0.0029968649614602327, 0.005476020742207766, 0.003914014436304569, 0.002254018560051918, 0.0014283000491559505, 0.0007132580503821373, 0.0010862136259675026, 0.0008103519794531167, 0.002051957882940769, 0.0068177273496985435, 0.004432080313563347, 0.0005566880572587252, 0.00037249934393912554, 0.00026866907137446105, 0.00015595383592881262, 0.0001410866534570232, 0.00011160277063027024, 0.0002204153424827382, 0.0006778351380489767, 0.00038336587022058666, 0.00032153743086382747, 0.00030718662310391665, 9.132520062848926e-05, 3.1392301025334746e-05, 0.00019271776545792818, 0.00023039098596200347, 0.00024496435071341693, 0.00027983932523056865, 0.00026916235219687223, 9.461979061597958e-05, 5.240849714027718e-05, 6.45585241727531e-05, 0.000297648279229179, 0.0004183212004136294, 0.0002968497865367681, 0.00010125376866199076, 7.043599180178717e-05, 7.975906191859394e-05, 0.00023144193983171135, 0.00022854044800624251, 0.00032994404318742454, 0.00022594534675590694, 8.335413440363482e-05, 6.7372020566836e-05, 7.19311210559681e-05, 5.3797848522663116e-05, 6.217607733560726e-05, 5.4842541430843994e-05, 0.0001077180786523968, 5.452415643958375e-05, 1.4825569451204501e-05, 1.5160703696892597e-05, 1.3487873729900457e-05, 1.053583218890708e-05, 2.496941488061566e-05, 1.857135612226557e-05, 1.3665205187862739e-05, 1.2942598914378323e-05, 7.2359821388090495e-06, 4.42151349488995e-06, 5.029549811297329e-06, 4.688342869485496e-06, 5.059253453509882e-06, 3.5533353184291627e-06, 3.1677948300057324e-06, 3.159247171424795e-06, 3.0587987112085102e-06, 3.548645736373146e-06, 3.603742470659199e-06, 2.9939271826151526e-06, 2.5999984245572705e-06, 2.546704763517482e-06, 2.3727900497760857e-06, 1.805913598218467e-06, 1.7490897334937472e-06, 1.7125094018410891e-06, 1.5975386986610829e-06, 1.8937511185868061e-06, 1.756175265654747e-06, 2.025407184191863e-06, 2.3912093638500664e-06, 2.0480415514612105e-06, 2.1482787815330084e-06, 1.5477680790354498e-06, 1.5149662431213073e-06, 1.3480831739798305e-06, 1.2428183708834695e-06, 1.0319018883819808e-06, 9.515778174318257e-07, 8.194730867217004e-07, 1.007979676614923e-06, 1.0005809372160002e-06, 1.0755793482530862e-06, 1.2146510925958864e-06, 1.2948437415616354e-06, 1.2946852621098515e-06, 1.354537857878313e-06, 1.0219821433565812e-06, 1.0402779935247963e-06, 1.0578269211691804e-06, 1.0707839237511507e-06, 6.895306796650402e-07, 6.627814741477778e-07, 6.794952582822589e-07, 7.090348503879795e-07, 7.318308234971482e-07, 5.239925258138101e-07, 5.930055522185285e-07, 8.713727766007651e-07, 7.133734811759496e-07, 6.301573876044131e-07, 7.043612413326628e-07, 6.953485467420251e-07, 5.695500249203178e-07, 4.760010767768108e-07, 4.726683187072922e-07, 5.366404138840153e-07, 9.188809713123192e-08, 1.0394252125678349e-10, 1.173318386893385e-10, 6.179629030711453e-11, 1.1687172930818779e-11, 1.1116766361618513e-11, 9.42745707888104e-12, 7.617992174580035e-12, 7.2500386770479874e-12, 7.208533249480897e-12], "lowlevel.mfcc.mean": [-698.427734375, 144.8915252685547, 12.958261489868164, 20.201644897460938, 13.849686622619629, 6.726372241973877, 1.1449984312057495, -3.6503846645355225, -11.431020736694336, -19.15694236755371, -20.118371963500977, -14.61152172088623, -11.14814567565918], "lowlevel.spectral_contrast_coeffs.mean": [-0.5687282681465149, -0.7619785666465759, -0.7923412919044495, -0.8259868025779724, -0.820297360420227, -0.787447452545166], "lowlevel.spectral_contrast_coeffs.stdev": [0.08518070727586746, 0.06316202133893967, 0.0579754114151001, 0.05394051596522331, 0.038396622985601425, 0.04718318581581116], "lowlevel.spectral_contrast_valleys.mean": [-6.857076644897461, -7.432237148284912, -7.547166347503662, -7.980457782745361, -8.256385803222656, -10.961771011352539], "lowlevel.spectral_contrast_valleys.stdev": [1.0597132444381714, 0.9062797427177429, 0.961766242980957, 0.9980525374412537, 1.0879746675491333, 1.5443192720413208], "rhythm.beats_loudness_band_ratio.mean": [0.18903137743473053, 0.6687690019607544, 0.040122441947460175, 0.043544650077819824, 0.03390121832489967, 0.04495857656002045], "rhythm.beats_loudness_band_ratio.stdev": [0.14098235964775085, 0.1747024804353714, 0.03560415282845497, 0.028103100135922432, 0.031140951439738274, 0.02824658527970314], "tonal.hpcp.mean": [0.17122791707515717, 0.07647376507520676, 0.020850634202361107, 0.01673884131014347, 0.02623569965362549, 0.4089711904525757, 0.8354787230491638, 0.4698482155799866, 0.03787379711866379, 0.018208784982562065, 0.017441503703594208, 0.022468077018857002, 0.0239848829805851, 0.019301628693938255, 0.040017396211624146, 0.057349395006895065, 0.031422048807144165, 0.011430678889155388, 0.010033936239778996, 0.012089057825505733, 0.08255463093519211, 0.1609688401222229, 0.10039334744215012, 0.020756619051098824, 0.012484492734074593, 0.010749087668955326, 0.021447349339723587, 0.03663152828812599, 0.024389417842030525, 0.008657335303723812, 0.00690181739628315, 0.006645686458796263, 0.017459148541092873, 0.02498016320168972, 0.027920421212911606, 0.12584787607192993], "tonal.hpcp.stdev": [0.29621660709381104, 0.16494275629520416, 0.08333761245012283, 0.0872025340795517, 0.11200571805238724, 0.23956991732120514, 0.332126647233963, 0.25672459602355957, 0.1277584284543991, 0.08887867629528046, 0.08686252683401108, 0.09536819159984589, 0.08557439595460892, 0.06919591873884201, 0.13117851316928864, 0.1967715322971344, 0.12655413150787354, 0.05659664794802666, 0.03526107594370842, 0.052766092121601105, 0.14584094285964966, 0.24521248042583466, 0.14920765161514282, 0.07263794541358948, 0.06641856580972672, 0.05840294808149338, 0.08087323606014252, 0.12644581496715546, 0.0779227539896965, 0.03446607664227486, 0.03299756720662117, 0.021048521623015404, 0.03589366748929024, 0.049016814678907394, 0.075640007853508, 0.23178064823150635], "rhythm.beats_position": [0.6153287887573242, 1.2422676086425781, 1.8808163404464722, 2.519365072250366, 3.1695237159729004, 3.808072566986084, 4.458230972290039, 5.108389854431152, 5.758548736572266, 6.408707141876221, 7.058866024017334, 7.709024906158447, 8.359183311462402, 9.009342193603516, 9.659501075744629, 10.309659957885742, 10.983037948608398, 11.633196830749512, 12.294965744018555, 12.956734657287598, 13.606893539428711, 14.268661499023438, 14.93043041229248, 15.603809356689453, 16.25396728515625, 16.90412712097168, 17.565895080566406, 18.227664947509766, 18.877822875976562, 19.52798080444336, 20.20136070251465, 20.851518630981445, 21.5248966217041, 22.18666648864746, 22.848434448242188, 23.521814346313477, 24.183582305908203, 24.84535026550293, 25.51873016357422, 26.168888092041016, 26.842267990112305, 27.51564598083496, 28.189023971557617, 28.862403869628906, 29.535781860351562, 30.18593978881836, 30.85931968688965, 31.532697677612305, 32.206077575683594, 32.87945556640625, 33.552833557128906, 34.22621154785156, 34.89958953857422, 35.57297134399414, 36.234737396240234, 36.896507263183594, 37.56988525390625, 38.243263244628906, 38.91664505004883, 39.590023040771484], "rhythm.bpm_histogram": [0.0, 0.0, 0.0, 0.0, 0.0, 0.0, 0.0, 0.0, 0.0, 0.0, 0.0, 0.0, 0.0, 0.0, 0.0, 0.0, 0.0, 0.0, 0.0, 0.0, 0.0, 0.0, 0.0, 0.0, 0.0, 0.0, 0.0, 0.0, 0.0, 0.0, 0.0, 0.0, 0.0, 0.0, 0.0, 0.0, 0.0, 0.0, 0.0, 0.0, 0.0, 0.0, 0.0, 0.0, 0.0, 0.0, 0.0, 0.0, 0.0, 0.0, 0.0, 0.0, 0.0, 0.0, 0.0, 0.0, 0.0, 0.0, 0.0, 0.0, 0.0, 0.0, 0.0, 0.0, 0.0, 0.0, 0.0, 0.0, 0.0, 0.0, 0.0, 0.0, 0.0, 0.0, 0.0, 0.0, 0.0, 0.0, 0.0, 0.0, 0.0, 0.0, 0.0, 0.0, 0.0, 0.0, 0.0, 0.0, 0.0, 0.38983049988746643, 0.0, 0.20338982343673706, 0.33898305892944336, 0.0, 0.050847455859184265, 0.0, 0.016949152573943138, 0.0, 0.0, 0.0, 0.0, 0.0, 0.0, 0.0, 0.0, 0.0, 0.0, 0.0, 0.0, 0.0, 0.0, 0.0, 0.0, 0.0, 0.0, 0.0, 0.0, 0.0, 0.0, 0.0, 0.0, 0.0, 0.0, 0.0, 0.0, 0.0, 0.0, 0.0, 0.0, 0.0, 0.0, 0.0, 0.0, 0.0, 0.0, 0.0, 0.0, 0.0, 0.0, 0.0, 0.0, 0.0, 0.0, 0.0, 0.0, 0.0, 0.0, 0.0, 0.0, 0.0, 0.0, 0.0, 0.0, 0.0, 0.0, 0.0, 0.0, 0.0, 0.0, 0.0, 0.0, 0.0, 0.0, 0.0, 0.0, 0.0, 0.0, 0.0, 0.0, 0.0, 0.0, 0.0, 0.0, 0.0, 0.0, 0.0, 0.0, 0.0, 0.0, 0.0, 0.0, 0.0, 0.0, 0.0, 0.0, 0.0, 0.0, 0.0, 0.0, 0.0, 0.0, 0.0, 0.0, 0.0, 0.0, 0.0, 0.0, 0.0, 0.0, 0.0, 0.0, 0.0, 0.0, 0.0, 0.0, 0.0, 0.0, 0.0, 0.0, 0.0, 0.0, 0.0, 0.0, 0.0, 0.0, 0.0, 0.0, 0.0, 0.0, 0.0, 0.0, 0.0, 0.0, 0.0, 0.0, 0.0, 0.0, 0.0, 0.0, 0.0, 0.0, 0.0, 0.0, 0.0, 0.0, 0.0, 0.0, 0.0, 0.0, 0.0, 0.0, 0.0, 0.0, 0.0, 0.0, 0.0, 0.0, 0.0, 0.0, 0.0], "tonal.chords_histogram": [0.5787037014961243, 0.0, 15.740740776062012, 0.0, 2.430555582046509, 13.657407760620117, 0.0, 62.84722137451172, 0.6944444179534912, 4.0509257316589355, 0.0, 0.0, 0.0, 0.0, 0.0, 0.0, 0.0, 0.0, 0.0, 0.0, 0.0, 0.0, 0.0, 0.0], "tonal.thpcp": [1.0, 0.5623700618743896, 0.04533185064792633, 0.021794432774186134, 0.02087605930864811, 0.026892459020018578, 0.028707951307296753, 0.023102477192878723, 0.047897566109895706, 0.06864255666732788, 0.037609633058309555, 0.013681591488420963, 0.01200980506837368, 0.01446961797773838, 0.09881117194890976, 0.19266659021377563, 0.12016265839338303, 0.024843983352184296, 0.01494292076677084, 0.012865782715380192, 0.0256707314401865, 0.043844956904649734, 0.02919214777648449, 0.010362125001847744, 0.00826091319322586, 0.00795434508472681, 0.02089717984199524, 0.029899220913648605, 0.03341846913099289, 0.1506296545267105, 0.2049458771944046, 0.0915328711271286, 0.024956511333584785, 0.02003503032028675, 0.031401995569467545, 0.48950520157814026], "lowlevel.gfcc.cov": [[10269.16796875, -2222.8388671875, 760.3943481445312, 406.08917236328125, -30.397390365600586, 695.39892578125, -353.7320556640625, 382.8080749511719, -336.431640625, 257.02862548828125, -338.876220703125, 430.7376708984375, -321.6319274902344], [-2222.8388671875, 2708.702392578125, -1399.1334228515625, 184.96188354492188, 144.50579833984375, -385.2080383300781, 368.27276611328125, -385.2108459472656, 451.5493469238281, -388.98394775390625, 380.0207214355469, -471.3846740722656, 350.7445373535156], [760.3943481445312, -1399.1334228515625, 1431.7061767578125, -163.3288116455078, 13.050734519958496, 253.30784606933594, -126.13301086425781, 305.2933044433594, -325.05804443359375, 294.01165771484375, -220.52880859375, 366.81915283203125, -191.82833862304688], [406.08917236328125, 184.96188354492188, -163.3288116455078, 379.2239990234375, 79.99497985839844, 53.242435455322266, 96.85087585449219, 3.0530550479888916, 116.06993865966797, -45.39772033691406, 77.61505126953125, -43.72924041748047, 67.87849426269531], [-30.397390365600586, 144.50579833984375, 13.050734519958496, 79.99497985839844, 212.24261474609375, 14.230367660522461, 100.20925903320312, 52.874446868896484, 32.03169631958008, 33.72050094604492, 27.747060775756836, 19.703575134277344, 31.81852149963379], [695.39892578125, -385.2080383300781, 253.30784606933594, 53.242435455322266, 14.230367660522461, 241.64344787597656, 19.261503219604492, 84.32262420654297, -36.598289489746094, 52.493431091308594, -23.086576461791992, 71.4014663696289, -51.179107666015625], [-353.7320556640625, 368.27276611328125, -126.13301086425781, 96.85087585449219, 100.20925903320312, 19.261503219604492, 228.71795654296875, 1.8890860080718994, 58.29393005371094, -29.227508544921875, 84.27481079101562, -31.84458351135254, 57.146759033203125], [382.8080749511719, -385.2108459472656, 305.2933044433594, 3.0530550479888916, 52.874446868896484, 84.32262420654297, 1.8890860080718994, 186.17478942871094, -20.92624855041504, 124.26449584960938, -58.38359451293945, 92.29446411132812, -62.89275360107422], [-336.431640625, 451.5493469238281, -325.05804443359375, 116.06993865966797, 32.03169631958008, -36.598289489746094, 58.29393005371094, -20.92624855041504, 218.8460693359375, -33.951786041259766, 77.00273895263672, -111.6722640991211, 48.09136962890625], [257.02862548828125, -388.98394775390625, 294.01165771484375, -45.39772033691406, 33.72050094604492, 52.493431091308594, -29.227508544921875, 124.26449584960938, -33.951786041259766, 167.87457275390625, -49.44995880126953, 99.80082702636719, -75.47847747802734], [-338.876220703125, 380.0207214355469, -220.52880859375, 77.61505126953125, 27.747060775756836, -23.086576461791992, 84.27481079101562, -58.38359451293945, 77.00273895263672, -49.44995880126953, 116.85539245605469, -57.53620529174805, 67.79678344726562], [430.7376708984375, -471.3846740722656, 366.81915283203125, -43.72924041748047, 19.703575134277344, 71.4014663696289, -31.84458351135254, 92.29446411132812, -111.6722640991211, 99.80082702636719, -57.53620529174805, 159.15969848632812, -46.492881774902344], [-321.6319274902344, 350.7445373535156, -191.82833862304688, 67.87849426269531, 31.81852149963379, -51.179107666015625, 57.146759033203125, -62.89275360107422, 48.09136962890625, -75.47847747802734, 67.79678344726562, -46.492881774902344, 105.83670043945312]], "lowlevel.gfcc.icov": [[0.00019425328355282545, -0.0001446654205210507, 0.0003027650236617774, -0.00042922861757688224, 5.3543728427030146e-05, -0.0005525558954104781, 0.0004289410717319697, -0.0002694631984923035, 0.00043443069444037974, -3.576430754037574e-05, 0.00045296354801394045, -0.0006761946715414524, 0.000408653897466138], [-0.0001446654205210507, 0.0026888735592365265, -0.00048425630666315556, 0.0014599818969145417, -0.0013369692023843527, 0.0021790144965052605, -0.0021861970890313387, 0.0015049651265144348, -0.002578077604994178, 0.0014553624205291271, -0.0027037514373660088, 0.003410216886550188, -0.0021948718931525946], [0.0003027650236617774, -0.00048425630666315556, 0.003045610385015607, -0.0007335286354646087, 0.0004211866471450776, -0.001968358876183629, 0.0009669850114732981, -0.001932688057422638, 0.0025349860079586506, -0.0012985537759959698, 0.002029692055657506, -0.0037915846332907677, 0.000722714641597122], [-0.00042922861757688224, 0.0014599818969145417, -0.0007335286354646087, 0.005544186569750309, -0.0014930396573618054, 0.0006294983322732151, -0.0018025659956037998, 0.00033487906330265105, -0.00372607191093266, 0.002052945550531149, -0.0028984248638153076, 0.0021835139486938715, -0.0031294843647629023], [5.3543728427030146e-05, -0.0013369692023843527, 0.0004211866471450776, -0.0014930396573618054, 0.00808374211192131, -0.0006754925707355142, -0.001761785475537181, -0.0021402076818048954, 0.0012056241976097226, -0.0030939369462430477, 0.002426120452582836, -0.0022309536579996347, -0.0020514868665486574], [-0.0005525558954104781, 0.0021790144965052605, -0.001968358876183629, 0.0006294983322732151, -0.0006754925707355142, 0.009384091943502426, -0.0033736235927790403, 0.00021177307644393295, -0.00303866108879447, 0.003314797068014741, -0.004617861472070217, 0.002301582833752036, 0.0015303994296118617], [0.0004289410717319697, -0.0021861970890313387, 0.0009669850114732981, -0.0018025659956037998, -0.001761785475537181, -0.0033736235927790403, 0.010269918479025364, -0.003839934943243861, 0.003374822437763214, 0.0004573010955937207, -0.002593648387119174, -0.00267499266192317, 0.0018074974650517106], [-0.0002694631984923035, 0.0015049651265144348, -0.001932688057422638, 0.00033487906330265105, -0.0021402076818048954, 0.00021177307644393295, -0.003839934943243861, 0.016908666118979454, -0.005522726569324732, -0.005998179316520691, 0.003995585720986128, 0.0004271757206879556, -0.000797057175077498], [0.00043443069444037974, -0.002578077604994178, 0.0025349860079586506, -0.00372607191093266, 0.0012056241976097226, -0.00303866108879447, 0.003374822437763214, -0.005522726569324732, 0.015014797449111938, -0.005436903331428766, -0.00010771355300676078, 0.003567379666492343, 0.0008485523285344243], [-3.576430754037574e-05, 0.0014553624205291271, -0.0012985537759959698, 0.002052945550531149, -0.0030939369462430477, 0.003314797068014741, 0.0004573010955937207, -0.005998179316520691, -0.005436903331428766, 0.021128622815012932, -0.00637919083237648, -0.006319965701550245, 0.00896837841719389], [0.00045296354801394045, -0.0027037514373660088, 0.002029692055657506, -0.0028984248638153076, 0.002426120452582836, -0.004617861472070217, -0.002593648387119174, 0.003995585720986128, -0.00010771355300676078, -0.00637919083237648, 0.025550635531544685, -0.0043968819081783295, -0.006112256087362766], [-0.0006761946715414524, 0.003410216886550188, -0.0037915846332907677, 0.0021835139486938715, -0.0022309536579996347, 0.002301582833752036, -0.00267499266192317, 0.0004271757206879556, 0.003567379666492343, -0.006319965701550245, -0.0043968819081783295, 0.02824477106332779, -0.009051132947206497], [0.000408653897466138, -0.0021948718931525946, 0.000722714641597122, -0.0031294843647629023, -0.0020514868665486574, 0.0015303994296118617, 0.0018074974650517106, -0.000797057175077498, 0.0008485523285344243, 0.00896837841719389, -0.006112256087362766, -0.009051132947206497, 0.027138080447912216]], "lowlevel.mfcc.cov": [[7231.22802734375, -1752.0889892578125, 385.4798278808594, 23.570240020751953, 349.3700256347656, 286.5800476074219, 113.76753997802734, 252.11727905273438, 49.95431900024414, -17.090084075927734, 191.1746368408203, -5.829899311065674, -91.12953186035156], [-1752.0889892578125, 1653.37841796875, -673.8409423828125, 196.16744995117188, -164.1522216796875, -18.78949546813965, -55.74213790893555, -41.426910400390625, -5.018021583557129, 54.70549011230469, -47.67476272583008, 31.462656021118164, 23.779338836669922], [385.4798278808594, -673.8409423828125, 836.3110961914062, -141.27865600585938, 110.93392181396484, 2.679408073425293, 112.48356628417969, 33.82536315917969, 13.706904411315918, -41.87661361694336, -2.731576681137085, -7.393348693847656, 19.764617919921875], [23.570240020751953, 196.16744995117188, -141.27865600585938, 295.6519470214844, 21.773448944091797, 44.55918884277344, 34.4742546081543, 50.28501892089844, 40.83119583129883, 49.18352508544922, -8.97878646850586, 22.998031616210938, 42.38280487060547], [349.3700256347656, -164.1522216796875, 110.93392181396484, 21.773448944091797, 155.71377563476562, 23.53336524963379, 15.662010192871094, 21.724533081054688, 37.469730377197266, 17.432458877563477, 25.029613494873047, 6.75948429107666, 11.437299728393555], [286.5800476074219, -18.78949546813965, 2.679408073425293, 44.55918884277344, 23.53336524963379, 133.14450073242188, 62.81868362426758, 61.966514587402344, 5.488239288330078, 15.714134216308594, 27.21285057067871, 6.5754876136779785, -15.883481979370117], [113.76753997802734, -55.74213790893555, 112.48356628417969, 34.4742546081543, 15.662010192871094, 62.81868362426758, 188.1548614501953, 67.74165344238281, 15.329740524291992, 1.8202420473098755, -5.7141432762146, 18.00075912475586, 3.194094657897949], [252.11727905273438, -41.426910400390625, 33.82536315917969, 50.28501892089844, 21.724533081054688, 61.966514587402344, 67.74165344238281, 104.15360260009766, 36.10789489746094, 19.810190200805664, 22.301698684692383, 7.761919021606445, -1.6258375644683838], [49.95431900024414, -5.018021583557129, 13.706904411315918, 40.83119583129883, 37.469730377197266, 5.488239288330078, 15.329740524291992, 36.10789489746094, 83.70096588134766, 46.162052154541016, 31.66631507873535, 20.594797134399414, 25.577905654907227], [-17.090084075927734, 54.70549011230469, -41.87661361694336, 49.18352508544922, 17.432458877563477, 15.714134216308594, 1.8202420473098755, 19.810190200805664, 46.162052154541016, 78.77751159667969, 48.51610565185547, 30.45917510986328, 19.226259231567383], [191.1746368408203, -47.67476272583008, -2.731576681137085, -8.97878646850586, 25.029613494873047, 27.21285057067871, -5.7141432762146, 22.301698684692383, 31.66631507873535, 48.51610565185547, 104.23930358886719, 40.553863525390625, 8.7611665725708], [-5.829899311065674, 31.462656021118164, -7.393348693847656, 22.998031616210938, 6.75948429107666, 6.5754876136779785, 18.00075912475586, 7.761919021606445, 20.594797134399414, 30.45917510986328, 40.553863525390625, 65.76691436767578, 35.06655502319336], [-91.12953186035156, 23.779338836669922, 19.764617919921875, 42.38280487060547, 11.437299728393555, -15.883481979370117, 3.194094657897949, -1.6258375644683838, 25.577905654907227, 19.226259231567383, 8.7611665725708, 35.06655502319336, 74.68997955322266]], "lowlevel.mfcc.icov": [[0.00023887962743174285, 0.0002666145737748593, 0.00013220570690464228, -0.00012126714136684313, -0.00027792324544861913, -0.0002333262236788869, 8.632872777525336e-05, -0.0003331205516587943, 7.082540832925588e-05, 0.0003137294261250645, -0.0002708938263822347, -8.202884055208415e-05, 0.00018767495930660516], [0.0002666145737748593, 0.0013257419923320413, 0.000833663041703403, -0.00036687811370939016, 0.00029787904350087047, -0.00032628970802761614, -1.630978294997476e-05, -6.609374395338818e-05, -4.8215406422968954e-05, -0.00023200776195153594, 0.00047839683247730136, -0.0005836468189954758, 6.918775761732832e-05], [0.00013220570690464228, 0.000833663041703403, 0.0023460183292627335, 0.0009251873707398772, -0.001066682394593954, 0.00016450678231194615, -0.0012003539595752954, -0.0004820586764253676, -3.8770529499743134e-05, 0.0005112157668918371, 0.0002848813310265541, 0.00033517085830681026, -0.001319847535341978], [-0.00012126714136684313, -0.00036687811370939016, 0.0009251873707398772, 0.005804813466966152, -0.0010442185448482633, -0.0012002064613625407, -0.00023568478354718536, -0.0020375389140099287, 2.9162358259782195e-05, -0.003158255247399211, 0.0033418878447264433, -0.00011006467684637755, -0.003236862365156412], [-0.00027792324544861913, 0.00029787904350087047, -0.001066682394593954, -0.0010442185448482633, 0.00922236498445272