{"song_id": "1183714084831633488", "download": "https://cdn.discordapp.com/attachments/1135903449314238464/1183714084831633488/chirp.mp4?ex=658956a6&amp", "lyrics": "Yo, I'm the vegetable, the lyrical genius\nSpittin' rhymes so fresh, you won't believe this\nI don't lie, I keep it real, that's my foundation\nMy flow so artistic, it's a lyrical sensation\nI address the issues, speak truth in every line\nSippin' on liquor, gettin' high, feelin' fine\nI climb the mount of success, slowly but surely\nBringin' the heat, my rhymes are pure and pure-y\nI give my utmost, never settle for less\nRappin' with passion, I'm the best, I confess", "style": ["brazilian phonk</span><span>, bollywood"], "essentia_features": {"lowlevel.average_loudness": 0.9774231910705566, "lowlevel.barkbands_crest.mean": 11.49620532989502, "lowlevel.barkbands_crest.stdev": 4.89367151260376, "lowlevel.barkbands_flatness_db.mean": 0.1779155284166336, "lowlevel.barkbands_flatness_db.stdev": 0.06996698677539825, "lowlevel.barkbands_kurtosis.mean": 12.343321800231934, "lowlevel.barkbands_kurtosis.stdev": 37.65116500854492, "lowlevel.barkbands_skewness.mean": 1.895979881286621, "lowlevel.barkbands_skewness.stdev": 2.3807735443115234, "lowlevel.barkbands_spread.mean": 25.679027557373047, "lowlevel.barkbands_spread.stdev": 23.307058334350586, "lowlevel.dissonance.mean": 0.4510168433189392, "lowlevel.dissonance.stdev": 0.044517673552036285, "lowlevel.dynamic_complexity": 2.6939504146575928, "lowlevel.erbbands_crest.mean": 10.671126365661621, "lowlevel.erbbands_crest.stdev": 5.079118728637695, "lowlevel.erbbands_flatness_db.mean": 0.1653154194355011, "lowlevel.erbbands_flatness_db.stdev": 0.05425376072525978, "lowlevel.erbbands_kurtosis.mean": 1.7928780317306519, "lowlevel.erbbands_kurtosis.stdev": 4.1092658042907715, "lowlevel.erbbands_skewness.mean": 0.23172707855701447, "lowlevel.erbbands_skewness.stdev": 1.1911633014678955, "lowlevel.erbbands_spread.mean": 37.81950759887695, "lowlevel.erbbands_spread.stdev": 23.207286834716797, "lowlevel.hfc.mean": 20.265764236450195, "lowlevel.hfc.stdev": 21.700162887573242, "lowlevel.loudness_ebu128.integrated": -16.492979049682617, "lowlevel.loudness_ebu128.loudness_range": 1.1930923461914062, "lowlevel.loudness_ebu128.momentary.mean": -16.658239364624023, "lowlevel.loudness_ebu128.momentary.stdev": 1.2537223100662231, "lowlevel.loudness_ebu128.short_term.mean": -16.517845153808594, "lowlevel.loudness_ebu128.short_term.stdev": 0.34983739256858826, "lowlevel.melbands_crest.mean": 20.399127960205078, "lowlevel.melbands_crest.stdev": 8.97591495513916, "lowlevel.melbands_flatness_db.mean": 0.22885526716709137, "lowlevel.melbands_flatness_db.stdev": 0.09655695408582687, "lowlevel.melbands_kurtosis.mean": 32.41484069824219, "lowlevel.melbands_kurtosis.stdev": 86.95800018310547, "lowlevel.melbands_skewness.mean": 3.256746292114258, "lowlevel.melbands_skewness.stdev": 3.38871431350708, "lowlevel.melbands_spread.mean": 31.910402297973633, "lowlevel.melbands_spread.stdev": 41.917179107666016, "lowlevel.pitch_salience.mean": 0.48141390085220337, "lowlevel.pitch_salience.stdev": 0.16822925209999084, "lowlevel.silence_rate_20dB.mean": 1.0, "lowlevel.silence_rate_20dB.stdev": 0.0, "lowlevel.silence_rate_30dB.mean": 0.9290717840194702, "lowlevel.silence_rate_30dB.stdev": 0.25670474767684937, "lowlevel.silence_rate_60dB.mean": 0.055166374891996384, "lowlevel.silence_rate_60dB.stdev": 0.22830572724342346, "lowlevel.spectral_centroid.mean": 1495.7255859375, "lowlevel.spectral_centroid.stdev": 1046.147216796875, "lowlevel.spectral_complexity.mean": 11.7854642868042, "lowlevel.spectral_complexity.stdev": 10.558835983276367, "lowlevel.spectral_decrease.mean": -8.825891129049523e-09, "lowlevel.spectral_decrease.stdev": 1.2681203642728178e-08, "lowlevel.spectral_energy.mean": 0.035149093717336655, "lowlevel.spectral_energy.stdev": 0.048315711319446564, "lowlevel.spectral_energyband_high.mean": 0.0011178255081176758, "lowlevel.spectral_energyband_high.stdev": 0.002131042303517461, "lowlevel.spectral_energyband_low.mean": 0.019881596788764, "lowlevel.spectral_energyband_low.stdev": 0.04443531110882759, "lowlevel.spectral_energyband_middle_high.mean": 0.004786424804478884, "lowlevel.spectral_energyband_middle_high.stdev": 0.006904868874698877, "lowlevel.spectral_energyband_middle_low.mean": 0.009452669881284237, "lowlevel.spectral_energyband_middle_low.stdev": 0.012094165198504925, "lowlevel.spectral_entropy.mean": 7.584737777709961, "lowlevel.spectral_entropy.stdev": 0.5660104751586914, "lowlevel.spectral_flux.mean": 0.11619608104228973, "lowlevel.spectral_flux.stdev": 0.09161532670259476, "lowlevel.spectral_kurtosis.mean": 4.653724670410156, "lowlevel.spectral_kurtosis.stdev": 3.5340938568115234, "lowlevel.spectral_rms.mean": 0.005019086878746748, "lowlevel.spectral_rms.stdev": 0.0030167163349688053, "lowlevel.spectral_rolloff.mean": 1846.50390625, "lowlevel.spectral_rolloff.stdev": 2474.258056640625, "lowlevel.spectral_skewness.mean": 1.6120117902755737, "lowlevel.spectral_skewness.stdev": 0.6589129567146301, "lowlevel.spectral_spread.mean": 5084040.5, "lowlevel.spectral_spread.stdev": 2027333.625, "lowlevel.spectral_strongpeak.mean": 0.8053239583969116, "lowlevel.spectral_strongpeak.stdev": 1.1252435445785522, "lowlevel.zerocrossingrate.mean": 0.06790829449892044, "lowlevel.zerocrossingrate.stdev": 0.06454217433929443, "metadata.audio_properties.analysis.equal_loudness": 0.0, "metadata.audio_properties.analysis.length": 26.47464942932129, "metadata.audio_properties.analysis.sample_rate": 44100.0, "metadata.audio_properties.analysis.start_time": 0.0, "metadata.audio_properties.bit_rate": 117575.0, "metadata.audio_properties.length": 26.474666595458984, "metadata.audio_properties.lossless": 0.0, "metadata.audio_properties.number_channels": 1.0, "metadata.audio_properties.replay_gain": -11.045005798339844, "metadata.audio_properties.sample_rate": 48000.0, "rhythm.beats_count": 40.0, "rhythm.beats_loudness.mean": 0.05165726691484451, "rhythm.beats_loudness.stdev": 0.03557160124182701, "rhythm.bpm": 92.28511810302734, "rhythm.bpm_histogram_first_peak_bpm": 92.0, "rhythm.bpm_histogram_first_peak_weight": 0.0, "rhythm.bpm_histogram_second_peak_bpm": 0.0, "rhythm.bpm_histogram_second_peak_spread": 0.0, "rhythm.bpm_histogram_second_peak_weight": 0.0, "rhythm.danceability": 2.0071611404418945, "rhythm.onset_rate": 5.397454738616943, "tonal.chords_changes_rate": 0.11538461595773697, "tonal.chords_number_rate": 0.0139860138297081, "tonal.chords_strength.mean": 0.5393654108047485, "tonal.chords_strength.stdev": 0.10690368711948395, "tonal.hpcp_crest.mean": 13.094918251037598, "tonal.hpcp_crest.stdev": 6.4204607009887695, "tonal.hpcp_entropy.mean": 2.0802001953125, "tonal.hpcp_entropy.stdev": 0.7770269513130188, "tonal.key_edma.strength": 0.6648063659667969, "tonal.key_krumhansl.strength": 0.6693987846374512, "tonal.key_temperley.strength": 0.6553199887275696, "tonal.tuning_diatonic_strength": 0.6667712926864624, "tonal.tuning_equal_tempered_deviation": 0.29370665550231934, "tonal.tuning_frequency": 434.193115234375, "tonal.tuning_nontempered_energy_ratio": 0.9158584475517273, "lowlevel.barkbands.mean": [0.004207426682114601, 0.01391640305519104, 0.0017460252856835723, 0.0009151332778856158, 0.00238323793746531, 0.0014831720618531108, 0.0029465830884873867, 0.0006800502887926996, 0.0009226314723491669, 0.0006151178386062384, 0.0006717783398926258, 0.000724520068615675, 0.0005966370808891952, 0.000441269512521103, 0.0004519911599345505, 0.00040154895395971835, 0.0003719968954101205, 0.00019653141498565674, 0.0002624221961013973, 0.00019604674889706075, 0.0002261821209685877, 0.0002474190550856292, 0.00024085931363515556, 0.0001535012706881389, 0.00010146672138944268, 4.90251331939362e-05, 1.3276539334583504e-07], "lowlevel.barkbands.stdev": [0.00712583726271987, 0.03446760028600693, 0.009373240172863007, 0.0035758749581873417, 0.004780871327966452, 0.003374152584001422, 0.00730246864259243, 0.002465592697262764, 0.0032192447688430548, 0.0018486485350877047, 0.00232140626758337, 0.0024612578563392162, 0.0016051444690674543, 0.001261325553059578, 0.0011303365463390946, 0.0010540962684899569, 0.0008983362349681556, 0.000522454094607383, 0.0007097952184267342, 0.0006102251936681569, 0.0006280759698711336, 0.0005126610049046576, 0.0005506110028363764, 0.0003196016768924892, 0.00020774883159901947, 9.711638267617673e-05, 6.270816470532736e-07], "lowlevel.erbbands.mean": [0.7575559616088867, 1.727461576461792, 2.109805107116699, 2.6564371585845947, 5.6666717529296875, 9.245686531066895, 4.339879035949707, 16.12112808227539, 34.11786651611328, 38.8489875793457, 15.12939739227295, 22.55159568786621, 17.24383544921875, 26.96302604675293, 26.11772346496582, 30.977779388427734, 28.05391502380371, 22.575502395629883, 24.04039192199707, 22.41624641418457, 23.60793113708496, 20.628816604614258, 11.937365531921387, 12.234745025634766, 12.255600929260254, 8.790444374084473, 10.369938850402832, 7.666616916656494, 9.098793029785156, 8.27578067779541, 6.2720255851745605, 3.1810250282287598, 2.777791976928711, 1.4463468790054321, 0.5355064868927002, 0.2506006360054016, 0.09246978908777237, 0.007800320163369179, 0.00016944744857028127, 4.939897553413175e-05], "lowlevel.erbbands.stdev": [1.78887140750885, 5.242481708526611, 10.784749031066895, 11.8287992477417, 13.264410972595215, 22.236570358276367, 10.494706153869629, 37.053062438964844, 71.68505859375, 124.84324645996094, 42.756195068359375, 83.30774688720703, 45.781002044677734, 78.60370635986328, 92.67599487304688, 102.60380554199219, 72.85320281982422, 55.300811767578125, 56.656028747558594, 55.6256217956543, 61.50661849975586, 47.198673248291016, 30.661609649658203, 32.216896057128906, 34.3880729675293, 27.25436019897461, 29.576534271240234, 20.022499084472656, 19.328941345214844, 17.040218353271484, 14.724919319152832, 7.215168476104736, 5.683671474456787, 3.0185742378234863, 1.1327638626098633, 0.5243302583694458, 0.182867169380188, 0.016456959769129753, 0.00030718909692950547, 5.456299550132826e-05], "lowlevel.gfcc.mean": [-27.643203735351562, 73.84039306640625, -106.95026397705078, 32.371150970458984, -58.02166748046875, 21.247461318969727, -43.16017150878906, 12.874217987060547, -14.28937816619873, 13.582429885864258, -4.880283355712891, 15.706082344055176, -4.695777893066406], "lowlevel.melbands.mean": [0.005279986187815666, 0.0013788222568109632, 0.0005416636122390628, 0.0005626612692140043, 0.00020054614287801087, 0.00035410095006227493, 0.0005685180076397955, 0.00036442093551158905, 0.000111764959001448, 0.00014397746417671442, 8.392633753828704e-05, 0.00010702658619266003, 9.020978177431971e-05, 8.377865015063435e-05, 6.615588063141331e-05, 5.8467361668590456e-05, 3.9997226849664e-05, 3.9416128856828436e-05, 3.3053736842703074e-05, 2.772536208794918e-05, 2.7371488613425754e-05, 2.3107535525923595e-05, 1.3933897207607515e-05, 8.371069270651788e-06, 9.986662917071953e-06, 1.0212275810772553e-05, 7.260428446898004e-06, 5.38552421858185e-06, 6.784957804484293e-06, 5.396294454840245e-06, 4.090134098078124e-06, 5.213117674429668e-06, 4.7601629376003984e-06, 4.725023245555349e-06, 3.898112026945455e-06, 2.49007712227467e-06, 1.8288274077349342e-06, 2.1938965346635086e-06, 1.4839266668786877e-06, 1.0944463610940147e-06], "lowlevel.melbands.stdev": [0.012236661277711391, 0.005512495990842581, 0.0020490249153226614, 0.001113484613597393, 0.0005340698407962918, 0.0008002350805327296, 0.0012041757581755519, 0.0011713141575455666, 0.00034145909012295306, 0.0005393977044150233, 0.00023655471159145236, 0.00031719854450784624, 0.00032618982368148863, 0.0002804857795126736, 0.0001941918017109856, 0.0001601905096322298, 0.00011125030869152397, 0.0001030695202643983, 8.519990660715848e-05, 7.78302492108196e-05, 7.207754970295355e-05, 5.709027391276322e-05, 3.551765621523373e-05, 2.208771911682561e-05, 2.7234957087785006e-05, 2.837726060533896e-05, 2.2884245481691323e-05, 1.708148374746088e-05, 1.9917864847229794e-05, 1.571398024680093e-05, 1.0621648470987566e-05, 1.1556233403098304e-05, 9.997745110013057e-06, 1.025340588967083e-05, 9.37185268412577e-06, 6.333778401312884e-06, 4.170734882791294e-06, 4.685864951170515e-06, 3.0731262086192146e-06, 2.3539930680271937e-06], "lowlevel.melbands128.mean": [0.003769907634705305, 0.007717080879956484, 0.0051230802200734615, 0.0021755213383585215, 0.0011594064999371767, 0.0007970084552653134, 0.0005122314323671162, 0.00046237203059718013, 0.0005693326820619404, 0.0006373062497004867, 0.0005633978289552033, 0.00026722444454208016, 0.00010322849993826821, 9.184289956465364e-05, 0.0002986318722832948, 0.0005654108244925737, 0.0004946687258780003, 0.0005281619960442185, 0.0007397275767289102, 0.0004663839645218104, 0.00014967162860557437, 0.000122963945614174, 0.000102588688605465, 0.00010281513095833361, 0.00015323531988542527, 0.00018260318029206246, 7.987238495843485e-05, 6.759071402484551e-05, 8.64791072672233e-05, 9.775238140719011e-05, 0.00012393275392241776, 0.00010704794840421528, 9.290761954616755e-05, 7.148349686758593e-05, 7.34165805624798e-05, 9.391739149577916e-05, 9.52853515627794e-05, 5.052606502431445e-05, 6.132113048806787e-05, 6.776985537726432e-05, 5.924427750869654e-05, 4.419879769557156e-05, 3.29849062836729e-05, 4.298898056731559e-05, 4.515540422289632e-05, 3.602862125262618e-05, 3.717936124303378e-05, 3.271087916800752e-05, 3.292486144346185e-05, 2.8936166927451268e-05, 2.2821590391686186e-05, 3.240496153011918e-05, 2.801037953759078e-05, 2.4158132873708382e-05, 2.846512506948784e-05, 2.4197583115892485e-05, 1.7984260921366513e-05, 1.546848943689838e-05, 1.3092450899421237e-05, 9.47875469137216e-06, 8.095677912933752e-06, 7.060950792947551e-06, 8.68601546244463e-06, 1.1339837328705471e-05, 1.1491028089949396e-05, 1.1080596777901519e-05, 8.754274858802091e-06, 7.633690984221175e-06, 7.84126496000681e-06, 5.333633907866897e-06, 4.523664301814279e-06, 5.992201295157429e-06, 6.258943358261604e-06, 7.826446562830824e-06, 6.083429980208166e-06, 5.7050815485126805e-06, 5.2703562687383965e-06, 3.6397341318661347e-06, 3.969705630879616e-06, 4.137177711527329e-06, 5.4163820095709525e-06, 5.570644134422764e-06, 5.125381449033739e-06, 4.826580152439419e-06, 4.220717983116629e-06, 4.4298762986727525e-06, 4.8639326450938825e-06, 5.49352944290149e-06, 3.263129201513948e-06, 3.498494152154308e-06, 3.218807933080825e-06, 2.204949169026804e-06, 1.2469412240534439e-06, 1.6272064158329158e-06, 2.2101617105363403e-06, 2.5754668513400247e-06, 2.28483509090438e-06, 1.5483909692193265e-06, 1.4004253898747265e-06, 1.4943785799914622e-06, 1.4862158650430501e-06, 1.1038512184313731e-06, 4.878891104453942e-07, 5.77988316763367e-07, 4.930512886858196e-07, 7.172638447627833e-07, 5.484999974214588e-07, 4.193838663013594e-07, 4.3648461200973543e-07, 3.9498843307228526e-07, 3.432496384903061e-07, 3.182957755143434e-07, 3.274662674357387e-07, 2.6761799176711065e-07, 1.9131827855289885e-07, 4.217280036300508e-08, 6.183899614597976e-09, 4.082505514202417e-11, 1.577928933349515e-11, 9.41059383197107e-12, 9.367154621409135e-12, 6.510938923426357e-12, 5.855781571445506e-12, 5.750816489680233e-12, 5.629570160731179e-12, 5.493205283008118e-12, 5.4097720227075374e-12, 5.374506395483536e-12], "lowlevel.melbands128.stdev": [0.00636534346267581, 0.01765383966267109, 0.014243653044104576, 0.00756651908159256, 0.006122826598584652, 0.0042578792199492455, 0.002480883151292801, 0.0016559167997911572, 0.0014430758310481906, 0.0013695796951651573, 0.0015925054904073477, 0.0010189753957092762, 0.00033119373256340623, 0.0002788345445878804, 0.0008633596007712185, 0.0014452384784817696, 0.001331217703409493, 0.0015340241370722651, 0.002436961280182004, 0.0019267749739810824, 0.0007334458059631288, 0.000558278348762542, 0.0003786624001804739, 0.0005358660710044205, 0.0007352912216447294, 0.0008284547948278487, 0.00031404232140630484, 0.00028831130475737154, 0.0003736332873813808, 0.00038233655504882336, 0.0004900709027424455, 0.00046354811638593674, 0.0005027076113037765, 0.00040846169576980174, 0.00038161739939823747, 0.0003751938056666404, 0.0004945549299009144, 0.00018756906501948833, 0.0002620201266836375, 0.00024056855181697756, 0.00023727293591946363, 0.00015373398491647094, 0.00011126382014481351, 0.0002207610959885642, 0.00018053986423183233, 0.00012681764201261103, 0.00012441942817531526, 0.00011767868272727355, 0.0001232396170962602, 0.00010015848238253966, 9.037899872055277e-05, 0.00013909779954701662, 8.037587394937873e-05, 7.430278492392972e-05, 9.738132212078199e-05, 7.082180673023686e-05, 5.1014634664170444e-05, 4.601707405527122e-05, 4.359431841294281e-05, 3.2893931347643957e-05, 2.3858710846980102e-05, 1.8584029021440074e-05, 2.6708819859777577e-05, 3.492537507554516e-05, 3.27520610881038e-05, 3.370779086253606e-05, 2.6761113986140117e-05, 2.4949020371423103e-05, 2.7541118470253423e-05, 2.09468744287733e-05, 1.5772611732245423e-05, 2.0684063201770186e-05, 1.9875973521266133e-05, 2.4274166207760572e-05, 1.859795520431362e-05, 1.9045222870772704e-05, 1.722502383927349e-05, 1.0925896276603453e-05, 1.2259322829777375e-05, 1.0214647772954777e-05, 1.3811610187985934e-05, 1.290984801016748e-05, 1.1658340554276947e-05, 1.0933249541267287e-05, 9.465258699492551e-06, 9.536479410598986e-06, 1.1693140550050884e-05, 1.5548559531453066e-05, 7.996841304702684e-06, 9.252818017557729e-06, 9.577000128047075e-06, 5.597178642346989e-06, 3.692698555823881e-06, 4.370654096419457e-06, 4.917501428280957e-06, 5.990511454001535e-06, 5.376250555855222e-06, 3.5556447528506396e-06, 3.140830358461244e-06, 3.4102299650839996e-06, 3.6164449284115108e-06, 2.4205078261729795e-06, 1.2391867585392902e-06, 1.5773298400745261e-06, 1.1648378404061077e-06, 1.622099944142974e-06, 1.2179275472590234e-06, 9.92236550700909e-07, 1.0711208915381576e-06, 9.548115258439793e-07, 7.26622829461121e-07, 6.929585083526035e-07, 7.16244642262609e-07, 6.080072694203409e-07, 4.722828919057065e-07, 1.2968726537110342e-07, 2.7703714877702623e-08, 6.623486759060881e-10, 3.132117065707263e-10, 1.0584005200042768e-10, 1.0973647684986432e-10, 2.0652885651673003e-11, 1.0787719675886542e-11, 1.0605191204382525e-11, 1.0450229223635255e-11, 1.032352849039686e-11, 1.0233232664025316e-11, 1.0177693757218442e-11], "lowlevel.mfcc.mean": [-672.887939453125, 106.26103973388672, 10.334063529968262, 16.396326065063477, 11.698272705078125, 8.83651065826416, -5.472583770751953, 4.135529041290283, -1.7177677154541016, -1.4377485513687134, 4.444046974182129, 5.613504409790039, 12.197704315185547], "lowlevel.spectral_contrast_coeffs.mean": [-0.7220242619514465, -0.7033201456069946, -0.7740246653556824, -0.7955816388130188, -0.7958547472953796, -0.7634042501449585], "lowlevel.spectral_contrast_coeffs.stdev": [0.09977958351373672, 0.0963430181145668, 0.079036645591259, 0.06506124883890152, 0.04806031659245491, 0.04418010264635086], "lowlevel.spectral_contrast_valleys.mean": [-7.371038913726807, -7.248945713043213, -7.802182674407959, -7.833279609680176, -7.95150899887085, -10.330452919006348], "lowlevel.spectral_contrast_valleys.stdev": [0.77329421043396, 0.6996592283248901, 0.7623103857040405, 0.7520123720169067, 0.8416483402252197, 0.9977267384529114], "rhythm.beats_loudness_band_ratio.mean": [0.3181111216545105, 0.11429236084222794, 0.1924019604921341, 0.10192959010601044, 0.1171749010682106, 0.18478728830814362], "rhythm.beats_loudness_band_ratio.stdev": [0.31432580947875977, 0.1639203280210495, 0.18572358787059784, 0.12535113096237183, 0.08800366520881653, 0.17611196637153625], "tonal.hpcp.mean": [0.09835910052061081, 0.09903669357299805, 0.10065264254808426, 0.10837637633085251, 0.11597510427236557, 0.11195532232522964, 0.09860068559646606, 0.09690587222576141, 0.09281235188245773, 0.09042690694332123, 0.10837829858064651, 0.1687180995941162, 0.20820575952529907, 0.21182194352149963, 0.175605908036232, 0.12017734348773956, 0.10096219927072525, 0.08774968981742859, 0.06865344196557999, 0.06508619338274002, 0.06621026247739792, 0.06638390570878983, 0.07306049764156342, 0.0708746537566185, 0.06986916065216064, 0.07712183147668839, 0.07293742895126343, 0.09433925151824951, 0.1590305119752884, 0.14612558484077454, 0.08879531919956207, 0.0813906267285347, 0.08851500600576401, 0.09240692108869553, 0.08612924069166183, 0.08385566622018814], "tonal.hpcp.stdev": [0.21526886522769928, 0.20802922546863556, 0.21549354493618011, 0.23543600738048553, 0.254639208316803, 0.24942989647388458, 0.2243804633617401, 0.22979217767715454, 0.21437200903892517, 0.22224406898021698, 0.23857960104942322, 0.2938941717147827, 0.31722119450569153, 0.31026965379714966, 0.290583074092865, 0.23665815591812134, 0.21113361418247223, 0.20582877099514008, 0.17278499901294708, 0.17104701697826385, 0.18627460300922394, 0.1708311140537262, 0.19113630056381226, 0.17253261804580688, 0.16514766216278076, 0.18517176806926727, 0.1765153408050537, 0.19392023980617523, 0.274877667427063, 0.2555956244468689, 0.19855816662311554, 0.189384326338768, 0.2069660872220993, 0.20945394039154053, 0.19640053808689117, 0.18557988107204437], "rhythm.beats_position": [0.650158703327179, 1.300317406654358, 1.9504761695861816, 2.600634813308716, 3.250793695449829, 3.9009523391723633, 4.551111221313477, 5.201269626617432, 5.851428508758545, 6.501587390899658, 7.151745796203613, 7.801904678344727, 8.45206356048584, 9.102222442626953, 9.75238037109375, 10.402539253234863, 11.052698135375977, 11.70285701751709, 12.353015899658203, 13.003174781799316, 13.653332710266113, 14.303491592407227, 14.95365047454834, 15.603809356689453, 16.25396728515625, 16.90412712097168, 17.554285049438477, 18.204444885253906, 18.854602813720703, 19.5047607421875, 20.15492057800293, 20.805078506469727, 21.455238342285156, 22.105396270751953, 22.75555419921875, 23.40571403503418, 24.055871963500977, 24.706031799316406, 25.356189727783203, 26.006349563598633], "rhythm.bpm_histogram": [0.0, 0.0, 0.0, 0.0, 0.0, 0.0, 0.0, 0.0, 0.0, 0.0, 0.0, 0.0, 0.0, 0.0, 0.0, 0.0, 0.0, 0.0, 0.0, 0.0, 0.0, 0.0, 0.0, 0.0, 0.0, 0.0, 0.0, 0.0, 0.0, 0.0, 0.0, 0.0, 0.0, 0.0, 0.0, 0.0, 0.0, 0.0, 0.0, 0.0, 0.0, 0.0, 0.0, 0.0, 0.0, 0.0, 0.0, 0.0, 0.0, 0.0, 0.0, 0.0, 0.0, 0.0, 0.0, 0.0, 0.0, 0.0, 0.0, 0.0, 0.0, 0.0, 0.0, 0.0, 0.0, 0.0, 0.0, 0.0, 0.0, 0.0, 0.0, 0.0, 0.0, 0.0, 0.0, 0.0, 0.0, 0.0, 0.0, 0.0, 0.0, 0.0, 0.0, 0.0, 0.0, 0.0, 0.0, 0.0, 0.0, 0.0, 0.0, 0.0, 1.0, 0.0, 0.0, 0.0, 0.0, 0.0, 0.0, 0.0, 0.0, 0.0, 0.0, 0.0, 0.0, 0.0, 0.0, 0.0, 0.0, 0.0, 0.0, 0.0, 0.0, 0.0, 0.0, 0.0, 0.0, 0.0, 0.0, 0.0, 0.0, 0.0, 0.0, 0.0, 0.0, 0.0, 0.0, 0.0, 0.0, 0.0, 0.0, 0.0, 0.0, 0.0, 0.0, 0.0, 0.0, 0.0, 0.0, 0.0, 0.0, 0.0, 0.0, 0.0, 0.0, 0.0, 0.0, 0.0, 0.0, 0.0, 0.0, 0.0, 0.0, 0.0, 0.0, 0.0, 0.0, 0.0, 0.0, 0.0, 0.0, 0.0, 0.0, 0.0, 0.0, 0.0, 0.0, 0.0, 0.0, 0.0, 0.0, 0.0, 0.0, 0.0, 0.0, 0.0, 0.0, 0.0, 0.0, 0.0, 0.0, 0.0, 0.0, 0.0, 0.0, 0.0, 0.0, 0.0, 0.0, 0.0, 0.0, 0.0, 0.0, 0.0, 0.0, 0.0, 0.0, 0.0, 0.0, 0.0, 0.0, 0.0, 0.0, 0.0, 0.0, 0.0, 0.0, 0.0, 0.0, 0.0, 0.0, 0.0, 0.0, 0.0, 0.0, 0.0, 0.0, 0.0, 0.0, 0.0, 0.0, 0.0, 0.0, 0.0, 0.0, 0.0, 0.0, 0.0, 0.0, 0.0, 0.0, 0.0, 0.0, 0.0, 0.0, 0.0, 0.0, 0.0, 0.0, 0.0, 0.0, 0.0, 0.0, 0.0, 0.0, 0.0, 0.0, 0.0, 0.0, 0.0], "tonal.chords_histogram": [47.55244827270508, 1.573426604270935, 2.7972028255462646, 0.0, 0.0, 0.0, 0.0, 33.21678161621094, 2.7972028255462646, 7.692307472229004, 0.0, 0.3496503531932831, 0.0, 0.0, 0.0, 0.0, 0.0, 0.0, 0.0, 0.0, 0.0, 0.0, 1.2237762212753296, 2.7972028255462646], "tonal.thpcp": [1.0, 0.8290260434150696, 0.5673507452011108, 0.4766371250152588, 0.4142615795135498, 0.32410919666290283, 0.3072684109210968, 0.312575101852417, 0.31339484453201294, 0.34491467475891113, 0.3345954418182373, 0.3298485577106476, 0.3640880286693573, 0.344333678483963, 0.44537052512168884, 0.7507745027542114, 0.6898510456085205, 0.4191979169845581, 0.3842407763004303, 0.4178745746612549, 0.4362480938434601, 0.40661150217056274, 0.3958780765533447, 0.4643480181694031, 0.46754691004753113, 0.4751757085323334, 0.5116390585899353, 0.5475122332572937, 0.5285350680351257, 0.4654885232448578, 0.45748740434646606, 0.4381621181964874, 0.42690056562423706, 0.5116481184959412, 0.7965090870857239, 0.9829282164573669], "lowlevel.gfcc.cov": [[4175.1123046875, -834.5206298828125, -324.72503662109375, 91.64271545410156, -254.5933074951172, 100.10913848876953, -80.92252349853516, 108.61408233642578, 22.270891189575195, 78.73141479492188, -201.5235595703125, -73.85279846191406, -162.2877197265625], [-834.5206298828125, 2024.1361083984375, -238.49913024902344, -468.5838623046875, 348.3187561035156, -127.78421783447266, 153.06689453125, -54.53831481933594, 146.6190643310547, -247.10418701171875, 61.605594635009766, -197.09190368652344, 87.14456939697266], [-324.72503662109375, -238.49913024902344, 1031.481201171875, 356.7491455078125, 115.52840423583984, 39.0390739440918, 6.884127616882324, 21.917104721069336, -65.41401672363281, 68.25421905517578, 3.828537940979004, 69.96284484863281, -62.886741638183594], [91.64271545410156, -468.5838623046875, 356.7491455078125, 724.2146606445312, 66.48377990722656, -53.38325881958008, -41.3914909362793, -30.47364616394043, -21.15635871887207, 16.1260929107666, 13.853800773620605, 66.82371520996094, 21.662811279296875], [-254.5933074951172, 348.3187561035156, 115.52840423583984, 66.48377990722656, 412.98175048828125, 79.99232482910156, 37.52186584472656, -1.8456380367279053, 87.12937927246094, 0.013478298671543598, 9.450485229492188, -19.34342384338379, 34.234779357910156], [100.10913848876953, -127.78421783447266, 39.0390739440918, -53.38325881958008, 79.99232482910156, 295.1849365234375, 151.92861938476562, 13.199387550354004, 23.4935245513916, 48.60732650756836, 16.39492416381836, 4.832517623901367, 6.273116588592529], [-80.92252349853516, 153.06689453125, 6.884127616882324, -41.3914909362793, 37.52186584472656, 151.92861938476562, 369.92291259765625, 98.03153991699219, -9.100046157836914, -14.389077186584473, 40.44853210449219, 1.8516737222671509, 40.740535736083984], [108.61408233642578, -54.53831481933594, 21.917104721069336, -30.47364616394043, -1.8456380367279053, 13.199387550354004, 98.03153991699219, 172.85694885253906, 69.57843017578125, 30.00490951538086, 1.9074294567108154, 7.063534259796143, 9.07427978515625], [22.270891189575195, 146.6190643310547, -65.41401672363281, -21.15635871887207, 87.12937927246094, 23.4935245513916, -9.100046157836914, 69.57843017578125, 225.9838409423828, 54.675315856933594, 24.33113670349121, -24.335384368896484, 32.504642486572266], [78.73141479492188, -247.10418701171875, 68.25421905517578, 16.1260929107666, 0.013478298671543598, 48.60732650756836, -14.389077186584473, 30.00490951538086, 54.675315856933594, 176.0467071533203, 39.193626403808594, 24.43794059753418, -20.92570686340332], [-201.5235595703125, 61.605594635009766, 3.828537940979004, 13.853800773620605, 9.450485229492188, 16.39492416381836, 40.44853210449219, 1.9074294567108154, 24.33113670349121, 39.193626403808594, 133.42364501953125, 46.593605041503906, 18.181255340576172], [-73.85279846191406, -197.09190368652344, 69.96284484863281, 66.82371520996094, -19.34342384338379, 4.832517623901367, 1.8516737222671509, 7.063534259796143, -24.335384368896484, 24.43794059753418, 46.593605041503906, 121.40544128417969, 25.16949462890625], [-162.2877197265625, 87.14456939697266, -62.886741638183594, 21.662811279296875, 34.234779357910156, 6.273116588592529, 40.740535736083984, 9.07427978515625, 32.504642486572266, -20.92570686340332, 18.181255340576172, 25.16949462890625, 105.16622924804688]], "lowlevel.gfcc.icov": [[0.00033561309101060033, -1.3207589290686883e-05, 0.00021846211166121066, -0.000224871895625256, 0.00018583060591481626, -0.0003058802685700357, 0.00012226328544784337, -0.0003279423399362713, -2.899524952226784e-05, -0.00011189562792424113, 0.0005025879945605993, -5.20009380124975e-05, 0.0005567418993450701], [-1.3207589290686883e-05, 0.0023719200398772955, -0.0005559748387895525, 0.0018550188979133964, -0.0018336153589189053, 0.0025709010660648346, -0.0018172269919887185, 0.0021836382802575827, -0.0018100474262610078, 0.0027225418016314507, -0.002281773369759321, 0.0028030031826347113, -0.0009164980729110539], [0.00021846211166121066, -0.0005559748387895525, 0.0017017414793372154, -0.0012172161368653178, 3.032435961358715e-05, -0.000953018490690738, 0.0005202347529120743, -0.001217612880282104, 0.000976954703219235, -0.001065852353349328, 0.0010003584902733564, -0.0012878150446340442, 0.001637886743992567], [-0.000224871895625256, 0.0018550188979133964, -0.0012172161368653178, 0.003434009850025177, -0.0017086508451029658, 0.0027311155572533607, -0.0015832472126930952, 0.002468293299898505, -0.0015415283851325512, 0.0020491736941039562, -0.0019206914585083723, 0.0015495967818424106, -0.001680326065979898], [0.00018583060591481626, -0.0018336153589189053, 3.032435961358715e-05, -0.0017086508451029658, 0.004672598093748093, -0.0028965692035853863, 0.0013487233081832528, -0.0011566352332010865, -7.373431435553357e-05, -0.0015855954261496663, 0.0019188759615644813, -0.001494971918873489, 0.00013862832565791905], [-0.0003058802685700357, 0.0025709010660648346, -0.000953018490690738, 0.0027311155572533607, -0.0028965692035853863, 0.008465458638966084, -0.00496699707582593, 0.004644899163395166, -0.0028028127271682024, 0.0011977438116446137, -0.0017536173108965158, 0.0020901828538626432, -0.000865931564476341], [0.00012226328544784337, -0.0018172269919887185, 0.0005202347529120743, -0.0015832472126930952, 0.0013487233081832528, -0.00496699707582593, 0.006961890030652285, -0.005775354336947203, 0.0035993868950754404, -0.0008331990102306008, -0.0004738098359666765, -0.0003583533107303083, -0.0011203208705410361], [-0.0003279423399362713, 0.0021836382802575827, -0.001217612880282104, 0.002468293299898505, -0.0011566352332010865, 0.004644899163395166, -0.005775354336947203, 0.012280144728720188, -0.005796263460069895, 0.0013408814556896687, -5.557500116992742e-05, 0.00034245982533320785, -0.000288905983325094], [-2.899524952226784e-05, -0.0018100474262610078, 0.000976954703219235, -0.0015415283851325512, -7.373431435553357e-05, -0.0028028127271682024, 0.0035993868950754404, -0.005796263460069895, 0.009407754056155682, -0.003957987297326326, -0.00032735313288867474, 0.0009797598468139768, -0.002219377551227808], [-0.00011189562792424113, 0.0027225418016314507, -0.001065852353349328, 0.0020491736941039562, -0.0015855954261496663, 0.0011977438116446137, -0.0008331990102306008, 0.0013408814556896687, -0.003957987297326326, 0.011290574446320534, -0.004860423505306244, 0.0020688530057668686, 0.0009787013987079263], [0.0005025879945605993, -0.002281773369759321, 0.0010003584902733564, -0.0019206914585083723, 0.0019188759615644813, -0.0017536173108965158, -0.0004738098359666765, -5.557500116992742e-05, -0.00032735313288867474, -0.004860423505306244, 0.013437831774353981, -0.007160519249737263, 0.0018530996749177575], [-5.20009380124975e-05, 0.0028030031826347113, -0.0012878150446340442, 0.0015495967818424106, -0.001494971918873489, 0.0020901828538626432, -0.0003583533107303083, 0.00034245982533320785, 0.0009797598468139768, 0.0020688530057668686, -0.007160519249737263, 0.015976907685399055, -0.005497950594872236], [0.0005567418993450701, -0.0009164980729110539, 0.001637886743992567, -0.001680326065979898, 0.00013862832565791905, -0.000865931564476341, -0.0011203208705410361, -0.000288905983325094, -0.002219377551227808, 0.0009787013987079263, 0.0018530996749177575, -0.005497950594872236, 0.014794496819376945]], "lowlevel.mfcc.cov": [[4101.806640625, -1005.6758422851562, -356.8332824707031, -171.598876953125, -192.98452758789062, -15.34654712677002, -143.16099548339844, -23.989023208618164, 54.393821716308594, 115.5801773071289, 36.37012481689453, -56.66608428955078, -124.20564270019531], [-1005.6758422851562, 2145.524658203125, -400.0713195800781, -297.80914306640625, 84.62443542480469, -60.094810485839844, 53.19108200073242, 95.2251968383789, 77.90089416503906, 27.40937042236328, 24.393503189086914, -47.631404876708984, -5.1171979904174805], [-356.8332824707031, -400.0713195800781, 774.9249267578125, 295.9324951171875, 67.26660919189453, 55.81065368652344, 56.83586883544922, 9.236433029174805, -45.211490631103516, -18.980009078979492, -15.288148880004883, 42.950653076171875, 37.49483108520508], [-171.598876953125, -297.80914306640625, 295.9324951171875, 636.4021606445312, 156.77552795410156, 4.986329078674316, -6.712098598480225, 14.139141082763672, -23.315732955932617, -40.89460372924805, -52.98430252075195, 9.407468795776367, -1.8023717403411865], [-192.98452758789062, 84.62443542480469, 67.26660919189453, 156.77552795410156, 398.013916015625, 85.50216674804688, -94.51671600341797, -30.33065414428711, 12.490525245666504, 24.997196197509766, 6.199304103851318, 6.9256205558776855, 11.009986877441406], [-15.34654712677002, -60.094810485839844, 55.81065368652344, 4.986329078674316, 85.50216674804688, 258.31646728515625, 100.19225311279297, 13.364775657653809, 21.88836097717285, 30.46272087097168, 19.802087783813477, 11.0442533493042, 19.319721221923828], [-143.16099548339844, 53.19108200073242, 56.83586883544922, -6.712098598480225, -94.51671600341797, 100.19225311279297, 277.7266540527344, 97.55257415771484, 31.585506439208984, 6.910336494445801, 14.957087516784668, 7.814000129699707, 18.93448257446289], [-23.989023208618164, 95.2251968383789, 9.236433029174805, 14.139141082763672, -30.33065414428711, 13.364775657653809, 97.55257415771484, 176.9818115234375, 68.55783081054688, 6.847064018249512, 4.8182878494262695, 1.5952097177505493, 15.911893844604492], [54.393821716308594, 77.90089416503906, -45.211490631103516, -23.315732955932617, 12.490525245666504, 21.88836097717285, 31.585506439208984, 68.55783081054688, 174.2686309814453, 82.60037994384766, 21.688825607299805, -6.3273797035217285, 9.562912940979004], [115.5801773071289, 27.40937042236328, -18.980009078979492, -40.89460372924805, 24.997196197509766, 30.46272087097168, 6.910336494445801, 6.847064018249512, 82.60037994384766, 148.88192749023438, 71.03418731689453, 15.529630661010742, 5.5505571365356445], [36.37012481689453, 24.393503189086914, -15.288148880004883, -52.98430252075195, 6.199304103851318, 19.802087783813477, 14.957087516784668, 4.8182878494262695, 21.688825607299805, 71.03418731689453, 121.27086639404297, 48.58268356323242, 21.1315860748291], [-56.66608428955078, -47.631404876708984, 42.950653076171875, 9.407468795776367, 6.9256205558776855, 11.0442533493042, 7.814000129699707, 1.5952097177505493, -6.3273797035217285, 15.529630661010742, 48.58268356323242, 90.96741485595703, 44.99797058105469], [-124.20564270019531, -5.1171979904174805, 37.49483108520508, -1.8023717403411865, 11.009986877441406, 19.319721221923828, 18.93448257446289, 15.911893844604492, 9.562912940979004, 5.5505571365356445, 21.1315860748291, 44.99797058105469, 98.51449584960938]], "lowlevel.mfcc.icov": [[0.0003478035214357078, 0.0002094398660119623, 0.0001996926439460367, 4.959071156918071e-05, 0.00013766127813141793, -9.472158126300201e-05, 0.000234147475566715, -0.0002073300420306623, 2.758540358627215e-05, -0.00028829844086430967, -5.737325409427285e-05, 0.0001284148747799918, 0.0003331808256916702], [0.0002094398660119623, 0.000732290034648031, 0.00035593131906352937, 0.0003120596520602703, -0.0003925769997294992, 0.00033729104325175285, -0.0002279359323438257, -0.00038311484968289733, 4.013122065771313e-07, -0.00013315962860360742, -0.00010229861800326034, 0.0003425403847359121, 0.0001287014747504145], [0.0001996926439460367, 0.00035593131906352937, 0.0019052422139793634, -0.0006184649537317455, -0.00010706377361202613, -0.00010839194874279201, -0.00032875308534130454, -0.0002181367890443653, 0.0005442151450552046, -0.00047151721082627773, 0.0002866191789507866, -0.0003840825520455837, -0.0002468609600327909], [4.959071156918071e-05, 0.0003120596520602703, -0.0006184649537317455, 0.00240601459518075, -0.0011785413371399045, 0.0006190352141857147, -0.00040111993439495564, -0.0004253865627106279, 3.0289074857137166e-06, 0.00018947484204545617, 0.0009126751683652401, -0.00048797193448990583, 0.0005304066580720246], [0.00013766127813141793, -0.0003925769997294992, -0.00010706377361202613, -0.0011785413371399045, 0.0042815012857317924, -0.0023111323826014996, 0.002501453272998333, 9.744102499098517e-06, -0.00025668341550044715, -0.00042329015559516847, -0.00037257137591950595, 0.00019092170987278223, -0.0002937836979981512], [-9.472158126300201e-05, 0.00033729104325175285, -0.00010839194874279201, 0.0006190352141857147, -0.0023111323826014996, 0.00605083629488945, -0.0032833260484039783, 0.0008249676320701838, -0.00011303652718197554, -0.0005504025612026453, 0.00011501969129312783, 8.672958938404918e-05, -0.0005021591787226498], [0.000234147475566715, -0.0002279359323438257, -0.00032875308534130454, -0.00040111993439495564, 0.002501453272998333, -0.0032833260484039783, 0.006918512750416994, -0.0029609412886202335, 0.00013496600149665028, 9.116069122683257e-06, -0.0007110299775376916, 0.00032352510606870055, -9.487666102359071e-05], [-0.0002073300420306623, -0.00038311484968289733, -0.0002181367890443653, -0.0004253865627106279, 9.744102499098517e-06, 0.0008249676320701838, -0.0029609412886202335, 0.008940236642956734, -0.0038352233823388815, 0.0020690879318863153, -0.0005369867430999875, -0.00011303146311547607, -0.0008213257533498108], [2.758540358627215e-05, 4.013122065771313e-07, 0.0005442151450552046, 3.0289074857137166e-06, -0.00025668341550044715, -0.00011303652718197554, 0.00013496600149665028, -0.0038352233823388815, 0.010293333791196346, -0.006385581102222204, 0.0018298830837011337, 0.0012334855273365974, -0.0011232336983084679], [-0.00028829844086430967, -0.00013315962860360742, -0.00047151721082627773, 0.00018947484204545617, -0.00042329015559516847, -0.0005504025612026453, 9.116069122683257e-06, 0.0020690879318863153, -0.006385581102222204, 0.01396215707063675, -0.007287669461220503, 0.0007382531766779721, 0.0006910325028002262], [-5.737325409427285e-05, -0.00010229861800326034, 0.0002866191789507866, 0.0009126751683652401, -0.00037257137591950595, 0.00011501969129312783, -0.0007110299775376916, -0.0005369867430999875, 0.0018298830837011337, -0.007287669461220503, 0.015675267204642296, -0.007392481435090303, 0.0003196589241269976], [0.0001284148747799918, 0.0003425403847359121, -0.0003840825520455837, -0.00048797193448990583, 0.00019092170987278223, 8.672958938404918e-05, 0.00032352510606870055, -0.00011303146311547607, 0.0012334855273365974, 0.0007382531766779721, -0.007392481435090303, 0.018758852034807205, -0.006909332238137722], [0.0003331808256916702, 0.0001287014747504145, -0.0002468609600327909, 0.0005304066580720246, -0.0002937836979981512, -0.0005021591787226498, -9.487666102359071e-05, -0.0008213257533498108, -0.0011232336983084679, 0.0006910325028002262, 0.0003196589241269976, -0.006909332238137722, 0.014120884239673615]], "metadata.audio_properties.analysis.downmix": "mix", "metadata.audio_properties.codec": "mp3", "metadata.audio_properties.md5_encoded": "88154d5f20e58457255b807e9b9e5bb2", "metadata.tags.file_name": "1183714084831633488.mp3", "metadata.version.essentia": "2.1-beta6-dev", "metadata.version.essentia_git_sha": "v2.1_beta5-1110-g77a6a954", "metadata.version.extractor": "music 2.0", "tonal.chords_key": "F#", "tonal.chords_scale": "minor", "tonal.key_edma.key": "F#", "tonal.key_edma.scale": "minor", "tonal.key_krumhansl.key": "F#", "tonal.key_krumhansl.scale": "minor", "tonal.key_temperley.key": "F#", "tonal.key_temperley.scale": "minor", "metadata.tags.encoding": ["Lavf58.45.100"]}, "essentia_models": [{"model_name": "genre_dortmund", "activations": {"alternative": "5.4792206e-05", "blues": "3.7791582e-05", "electronic": "8.394061e-05", "folkcountry": "1.540651e-05", "funksoulrnb": "0.00033174732", "jazz": "1.6467835e-05", "pop": "0.00014669106", "raphiphop": "0.9997088", "rock": "0.00018714964"}}, {"model_nam