{"song_id": "1183673535219126362", "download": "https://cdn.discordapp.com/attachments/1135911532732108921/1183673535219126362/chirp.mp4?ex=658930e2&amp", "lyrics": "[Chorus]\n\u5728\u9713\u8679\u4e0b\u7684\u7f57\u51ef\uff0c\u591c\u8272\u4e2d\u821e\u6b65\u8f7b\u6447\uff0c\n\u6bcf\u4e2a\u591c\u665a\u90fd\u662f\u4ed6\u7684\u821e\u53f0\uff0c\u59b9\u5b50\u56f4\u7ed5\u5728\u4ed6\u8eab\u8fb9\u3002\n\u7f57\u51ef\uff0c\u7f57\u51ef\uff0c\u591c\u573a\u7684\u738b\u8005\uff0c\u65e0\u4eba\u80fd\u6321\uff0c\n\u6bcf\u4e2a\u591c\u665a\uff0c\u90fd\u662f\u4ed6\u7684\u72c2\u6b22\u6d3e\u5bf9\uff0c\u76f4\u5230\u9ece\u660e\u5230\u6765\u3002\n\n[Verse]\n\u591c\u5e55\u964d\u4e34\uff0c\u7f57\u51ef\u7684\u6545\u4e8b\u5f00\u59cb\uff0c\n\u6bcf\u4e2a\u89d2\u843d\uff0c\u90fd\u7559\u4e0b\u4ed6\u7684\u8db3\u8ff9\u3002\n\u97f3\u4e50\u8d77\uff0c\u706f\u5149\u95ea\uff0c\u4ed6\u662f\u8fd9\u591c\u665a\u7684\u4e3b\u5bb0\uff0c\n\u6bcf\u4e2a\u773c\u795e\uff0c\u90fd\u5728\u5bfb\u627e\uff0c\u7f57\u51ef\u7684\u8eab\u5f71\u3002", "style": ["random"], "essentia_features": {"lowlevel.average_loudness": 0.014516270719468594, "lowlevel.barkbands_crest.mean": 17.02707862854004, "lowlevel.barkbands_crest.stdev": 4.697841167449951, "lowlevel.barkbands_flatness_db.mean": 0.49131959676742554, "lowlevel.barkbands_flatness_db.stdev": 0.1718364953994751, "lowlevel.barkbands_kurtosis.mean": 30.43533706665039, "lowlevel.barkbands_kurtosis.stdev": 70.55736541748047, "lowlevel.barkbands_skewness.mean": 1.948424220085144, "lowlevel.barkbands_skewness.stdev": 3.1554229259490967, "lowlevel.barkbands_spread.mean": 4.060853004455566, "lowlevel.barkbands_spread.stdev": 10.443943977355957, "lowlevel.dissonance.mean": 0.2632046043872833, "lowlevel.dissonance.stdev": 0.13644884526729584, "lowlevel.dynamic_complexity": 2.8677473068237305, "lowlevel.erbbands_crest.mean": 17.441572189331055, "lowlevel.erbbands_crest.stdev": 5.156684875488281, "lowlevel.erbbands_flatness_db.mean": 0.45651644468307495, "lowlevel.erbbands_flatness_db.stdev": 0.15255527198314667, "lowlevel.erbbands_kurtosis.mean": 13.70684814453125, "lowlevel.erbbands_kurtosis.stdev": 26.479631423950195, "lowlevel.erbbands_skewness.mean": 1.6140179634094238, "lowlevel.erbbands_skewness.stdev": 2.0724077224731445, "lowlevel.erbbands_spread.mean": 11.62055492401123, "lowlevel.erbbands_spread.stdev": 23.16305923461914, "lowlevel.hfc.mean": 10.957529067993164, "lowlevel.hfc.stdev": 13.032106399536133, "lowlevel.loudness_ebu128.integrated": -19.567428588867188, "lowlevel.loudness_ebu128.loudness_range": 3.5373783111572266, "lowlevel.loudness_ebu128.momentary.mean": -20.823694229125977, "lowlevel.loudness_ebu128.momentary.stdev": 3.4404568672180176, "lowlevel.loudness_ebu128.short_term.mean": -20.303159713745117, "lowlevel.loudness_ebu128.short_term.stdev": 1.3729329109191895, "lowlevel.melbands_crest.mean": 18.62327003479004, "lowlevel.melbands_crest.stdev": 5.29962682723999, "lowlevel.melbands_flatness_db.mean": 0.5904626846313477, "lowlevel.melbands_flatness_db.stdev": 0.19855791330337524, "lowlevel.melbands_kurtosis.mean": 29.10590362548828, "lowlevel.melbands_kurtosis.stdev": 70.83245849609375, "lowlevel.melbands_skewness.mean": 2.015476942062378, "lowlevel.melbands_skewness.stdev": 3.157501459121704, "lowlevel.melbands_spread.mean": 4.304202079772949, "lowlevel.melbands_spread.stdev": 12.412973403930664, "lowlevel.pitch_salience.mean": 0.5178697109222412, "lowlevel.pitch_salience.stdev": 0.17667442560195923, "lowlevel.silence_rate_20dB.mean": 0.9698725342750549, "lowlevel.silence_rate_20dB.stdev": 0.1709379255771637, "lowlevel.silence_rate_30dB.mean": 0.9600231647491455, "lowlevel.silence_rate_30dB.stdev": 0.19590508937835693, "lowlevel.silence_rate_60dB.mean": 0.05040556192398071, "lowlevel.silence_rate_60dB.stdev": 0.21878014504909515, "lowlevel.spectral_centroid.mean": 455.2528991699219, "lowlevel.spectral_centroid.stdev": 360.6859130859375, "lowlevel.spectral_complexity.mean": 5.944380283355713, "lowlevel.spectral_complexity.stdev": 6.3913750648498535, "lowlevel.spectral_decrease.mean": -9.160870284574685e-09, "lowlevel.spectral_decrease.stdev": 1.9079530844123838e-08, "lowlevel.spectral_energy.mean": 0.03556910529732704, "lowlevel.spectral_energy.stdev": 0.07241564244031906, "lowlevel.spectral_energyband_high.mean": 0.0002812531020026654, "lowlevel.spectral_energyband_high.stdev": 0.001198046957142651, "lowlevel.spectral_energyband_low.mean": 0.013620235957205296, "lowlevel.spectral_energyband_low.stdev": 0.07130932807922363, "lowlevel.spectral_energyband_middle_high.mean": 0.00047764848568476737, "lowlevel.spectral_energyband_middle_high.stdev": 0.00192119216080755, "lowlevel.spectral_energyband_middle_low.mean": 0.021255875006318092, "lowlevel.spectral_energyband_middle_low.stdev": 0.016793955117464066, "lowlevel.spectral_entropy.mean": 4.896132946014404, "lowlevel.spectral_entropy.stdev": 1.3269890546798706, "lowlevel.spectral_flux.mean": 0.03197510540485382, "lowlevel.spectral_flux.stdev": 0.03400462865829468, "lowlevel.spectral_kurtosis.mean": 226.6593475341797, "lowlevel.spectral_kurtosis.stdev": 310.62286376953125, "lowlevel.spectral_rms.mean": 0.004879287909716368, "lowlevel.spectral_rms.stdev": 0.0033006242010742426, "lowlevel.spectral_rolloff.mean": 626.048583984375, "lowlevel.spectral_rolloff.stdev": 1180.239501953125, "lowlevel.spectral_skewness.mean": 10.649068832397461, "lowlevel.spectral_skewness.stdev": 8.0173978805542, "lowlevel.spectral_spread.mean": 2295693.0, "lowlevel.spectral_spread.stdev": 2669277.5, "lowlevel.spectral_strongpeak.mean": 1.4031018018722534, "lowlevel.spectral_strongpeak.stdev": 0.6941794157028198, "lowlevel.zerocrossingrate.mean": 0.024734867736697197, "lowlevel.zerocrossingrate.stdev": 0.03555701673030853, "metadata.audio_properties.analysis.equal_loudness": 0.0, "metadata.audio_properties.analysis.length": 40.04265213012695, "metadata.audio_properties.analysis.sample_rate": 44100.0, "metadata.audio_properties.analysis.start_time": 0.0, "metadata.audio_properties.bit_rate": 115430.0, "metadata.audio_properties.length": 40.042667388916016, "metadata.audio_properties.lossless": 0.0, "metadata.audio_properties.number_channels": 1.0, "metadata.audio_properties.replay_gain": -7.9280548095703125, "metadata.audio_properties.sample_rate": 48000.0, "rhythm.beats_count": 101.0, "rhythm.beats_loudness.mean": 0.04413078725337982, "rhythm.beats_loudness.stdev": 0.06945952028036118, "rhythm.bpm": 144.3181915283203, "rhythm.bpm_histogram_first_peak_bpm": 144.0, "rhythm.bpm_histogram_first_peak_weight": 0.2957746982574463, "rhythm.bpm_histogram_second_peak_bpm": 172.0, "rhythm.bpm_histogram_second_peak_spread": 0.0, "rhythm.bpm_histogram_second_peak_weight": 0.09000000357627869, "rhythm.danceability": 1.0633814334869385, "rhythm.onset_rate": 3.3454484939575195, "tonal.chords_changes_rate": 0.0381944440305233, "tonal.chords_number_rate": 0.010416666977107525, "tonal.chords_strength.mean": 0.5214958786964417, "tonal.chords_strength.stdev": 0.10014728456735611, "tonal.hpcp_crest.mean": 19.38282012939453, "tonal.hpcp_crest.stdev": 9.202535629272461, "tonal.hpcp_entropy.mean": 1.3245196342468262, "tonal.hpcp_entropy.stdev": 0.7581421732902527, "tonal.key_edma.strength": 0.6626385450363159, "tonal.key_krumhansl.strength": 0.6641538739204407, "tonal.key_temperley.strength": 0.662390947341919, "tonal.tuning_diatonic_strength": 0.47890037298202515, "tonal.tuning_equal_tempered_deviation": 0.2808435559272766, "tonal.tuning_frequency": 434.193115234375, "tonal.tuning_nontempered_energy_ratio": 0.9986705780029297, "lowlevel.barkbands.mean": [0.00237436150200665, 0.011024723760783672, 0.0001595432113390416, 0.0005262013291940093, 0.002374796662479639, 0.01111563853919506, 0.0062989904545247555, 0.000773377891164273, 0.00016049097757786512, 4.074741082149558e-05, 4.7832480049692094e-05, 8.931953925639391e-05, 5.530812995857559e-05, 3.6171230021864176e-05, 3.579934855224565e-05, 4.485910540097393e-05, 4.2093983211088926e-05, 3.3145141060231254e-05, 3.690221637953073e-05, 3.63126237061806e-05, 3.1222240068018436e-05, 4.4912139856023714e-05, 0.00011323507351335138, 4.3639698560582474e-05, 1.8526796338846907e-05, 1.0816188478202093e-05, 1.857185907283565e-07], "lowlevel.barkbands.stdev": [0.012808751314878464, 0.05826059356331825, 0.0009156010346487164, 0.0009178731124848127, 0.003398698754608631, 0.008608324453234673, 0.009236208163201809, 0.0020488027948886156, 0.0003832202637568116, 0.00015817700477782637, 0.00023529669851996005, 0.00048685900401324034, 0.00028577452758327127, 0.00018334381456952542, 0.0001764510670909658, 0.00023680648882873356, 0.00016817108553368598, 0.00019728916231542826, 0.00017481547547504306, 0.00017793943698052317, 0.00016278466500807554, 0.0002129926870111376, 0.0005829599685966969, 0.000205006857868284, 8.26742107165046e-05, 4.7989906306611374e-05, 2.17645560951496e-06], "lowlevel.erbbands.mean": [0.7009481191635132, 0.9220667481422424, 0.2509724199771881, 0.8320920467376709, 3.549872398376465, 9.157146453857422, 76.83134460449219, 69.70988464355469, 99.45370483398438, 39.11431884765625, 9.379780769348145, 3.062648057937622, 1.236904263496399, 1.4793509244918823, 2.5095763206481934, 3.505643129348755, 2.5919971466064453, 2.0185158252716064, 1.872482180595398, 2.078543186187744, 2.481029748916626, 2.4389891624450684, 1.901953935623169, 1.7034178972244263, 1.9821529388427734, 1.7673797607421875, 1.3600966930389404, 1.1892706155776978, 1.5587387084960938, 2.767580986022949, 2.993368148803711, 1.3896994590759277, 0.5259378552436829, 0.25150376558303833, 0.11111908406019211, 0.056642718613147736, 0.018942568451166153, 0.0017477140063419938, 5.4231386457104236e-05, 4.1478077037027106e-05], "lowlevel.erbbands.stdev": [3.7415010929107666, 4.799415111541748, 1.4836968183517456, 1.6186884641647339, 5.408548831939697, 14.684859275817871, 61.87096405029297, 63.12427520751953, 152.43695068359375, 69.92218017578125, 18.56300926208496, 6.866806507110596, 4.445828914642334, 6.1870269775390625, 13.308147430419922, 18.71894645690918, 13.149942398071289, 9.636842727661133, 9.20268726348877, 10.052886009216309, 12.866220474243164, 9.666257858276367, 10.420405387878418, 9.481664657592773, 8.425183296203613, 9.05655288696289, 7.0336198806762695, 6.109295845031738, 7.536367893218994, 13.899984359741211, 15.178726196289062, 6.704573631286621, 2.4856481552124023, 1.195426106452942, 0.4693659245967865, 0.24053294956684113, 0.09074383974075317, 0.008895478211343288, 0.00019475010049063712, 7.88979887147434e-05], "lowlevel.gfcc.mean": [-251.7097930908203, 169.43011474609375, -28.26639747619629, -21.415058135986328, -94.27336883544922, -58.282447814941406, -64.62374114990234, -15.767354965209961, -15.83768367767334, -5.915742874145508, 2.364917039871216, 0.3483910858631134, -0.3193134069442749], "lowlevel.melbands.mean": [0.004335539415478706, 0.00038045545807108283, 0.00023460833472199738, 0.00039854872738942504, 0.0021384607534855604, 0.0018343842821195722, 0.0013504738453775644, 0.00034159686765633523, 6.162132194731385e-05, 1.610697290743701e-05, 5.9843723647645675e-06, 6.003521320963046e-06, 7.01186718288227e-06, 1.0264523552905302e-05, 7.814894161128905e-06, 4.8748106564744376e-06, 3.5565478810895e-06, 2.9813502351316856e-06, 2.7221065010962775e-06, 2.8293450213823235e-06, 2.9237414764793357e-06, 2.588954430393642e-06, 1.9783717561949743e-06, 1.5507790749325068e-06, 1.334436888100754e-06, 1.4263248431234388e-06, 1.3684408486369648e-06, 1.1343067853886168e-06, 8.400756996707059e-07, 7.413406137857237e-07, 6.808715511397168e-07, 8.281933219222992e-07, 9.634086381993257e-07, 1.92490324479877e-06, 1.914408358061337e-06, 1.2439666079444578e-06, 7.147659744077828e-07, 3.864728057578759e-07, 2.4351029992430995e-07, 2.013250934851385e-07], "lowlevel.melbands.stdev": [0.023040330037474632, 0.0019135256297886372, 0.0003666213888209313, 0.0007703617447987199, 0.0016281834105029702, 0.0015328597510233521, 0.002009278628975153, 0.000670162437018007, 0.0001255961979040876, 4.079211794305593e-05, 2.3457452698494308e-05, 2.465960096742492e-05, 3.633641972555779e-05, 5.8844045270234346e-05, 4.2482177377678454e-05, 2.4446646420983598e-05, 1.7404558093403466e-05, 1.5016719771665521e-05, 1.3251626114652026e-05, 1.4790154637012165e-05, 1.5613361028954387e-05, 1.0309428034815937e-05, 9.125927135755774e-06, 9.799950930755585e-06, 7.661677955184132e-06, 6.459260021074442e-06, 5.8043051467393525e-06, 6.357234269671608e-06, 4.372841431177221e-06, 3.9770470721123274e-06, 3.574664560801466e-06, 4.204179276712239e-06, 4.634202923625708e-06, 1.0230042789771687e-05, 9.808147297007963e-06, 6.475729151134146e-06, 3.4837187286029803e-06, 1.8769020471154363e-06, 1.1722042927431175e-06, 9.92782929642999e-07], "lowlevel.melbands128.mean": [0.002317780628800392, 0.0074366913177073, 0.003927440382540226, 0.0008309598197229207, 0.00010244164877803996, 7.31723484932445e-05, 0.00010385277710156515, 0.0003468703362159431, 0.00032810450647957623, 0.0003950795216951519, 0.00037612931919284165, 0.000657769211102277, 0.0027435787487775087, 0.00415734713897109, 0.0013775269035249949, 0.00042513737571425736, 0.002160018775612116, 0.001422734116204083, 0.000666764157358557, 0.00032219363492913544, 0.00028404072509147227, 4.651639756048098e-05, 4.502663796301931e-05, 5.2760755352210253e-05, 1.239778703165939e-05, 7.524173270212486e-06, 4.8179394980252255e-06, 4.171411092102062e-06, 9.615207090973854e-06, 5.23244807482115e-06, 5.557151780521963e-06, 5.738776053476613e-06, 5.364352546166629e-06, 9.609414519218262e-06, 1.0471118002897128e-05, 1.1304643521725666e-05, 8.076383892330341e-06, 9.477773346588947e-06, 5.801019142381847e-06, 5.193158813199261e-06, 4.882967914454639e-06, 4.178879862593021e-06, 3.6213114071870223e-06, 3.2271673262584955e-06, 3.0474479899567086e-06, 2.9801740311086178e-06, 2.8705246677418472e-06, 2.5552394617989194e-06, 2.703417976590572e-06, 2.9501004519261187e-06, 2.813772880472243e-06, 2.7598455289989943e-06, 3.0474150207737694e-06, 3.0115197660052218e-06, 2.5239799015253084e-06, 2.7903306545340456e-06, 2.346490191484918e-06, 2.233285158581566e-06, 1.7666519624981447e-06, 1.6172551795534673e-06, 1.5507662283198442e-06, 1.628307700229925e-06, 1.1178758541063871e-06, 1.478668195886712e-06, 1.2168442253823741e-06, 1.3737910649069818e-06, 1.6160331597347977e-06, 1.4082864936426631e-06, 1.3879511016057222e-06, 1.1921819123017485e-06, 1.2517430150182918e-06, 1.0391696605438483e-06, 8.101379194158653e-07, 8.235491577579523e-07, 8.182630040209915e-07, 8.476325774608995e-07, 6.742604909959482e-07, 5.444129556053667e-07, 7.423179795296164e-07, 7.144064397834882e-07, 7.789565756866068e-07, 8.778892492955492e-07, 9.403829608345404e-07, 9.226824317920546e-07, 9.905872957460815e-07, 1.4062064792597084e-06, 2.32145225709246e-06, 2.8934514375578146e-06, 1.6277119812002638e-06, 1.4550796549883671e-06, 1.7165768895210931e-06, 1.02982517091732e-06, 7.893463589425664e-07, 8.087803848866315e-07, 6.069357709748147e-07, 4.105512516616727e-07, 3.8180397154974344e-07, 2.683415800674993e-07, 2.56968490930376e-07, 2.1301279673480167e-07, 2.131266825244893e-07, 2.217215353539359e-07, 1.5804714337264159e-07, 1.2816859396025393e-07, 1.2144869288022164e-07, 1.1715663816858068e-07, 9.237982112608734e-08, 8.295739206687358e-08, 1.0508505710049576e-07, 1.030506879828863e-07, 1.0194873567570539e-07, 7.477578378711769e-08, 5.750093734491202e-08, 3.945025994767093e-08, 2.812131683072039e-08, 1.5845365908262465e-08, 7.355919873219818e-09, 2.3668336734949946e-10, 3.275682156078652e-11, 8.8825570163098e-12, 6.022891387014173e-12, 5.290068296609496e-12, 4.450552339857472e-12, 4.366606035088871e-12, 4.231337936283497e-12, 4.04658858504936e-12, 3.941221914799398e-12, 3.909678136793104e-12], "lowlevel.melbands128.stdev": [0.01251120027154684, 0.03981543704867363, 0.020760834217071533, 0.004371019080281258, 0.0009449992794543505, 0.0003822665603365749, 0.0002737694594543427, 0.0005817925557494164, 0.0004911631694994867, 0.0012126168003305793, 0.0009020855068229139, 0.0008238449227064848, 0.0024931319057941437, 0.003640485694631934, 0.0019910030532628298, 0.000669989618472755, 0.003836347721517086, 0.002147998893633485, 0.0018963526235893369, 0.0006868137279525399, 0.0007944636745378375, 0.00012598407920449972, 0.00010562378884060308, 0.0001200139886350371, 3.741363252629526e-05, 3.802861101576127e-05, 2.9217802875791676e-05, 1.581793731020298e-05, 4.512624582275748e-05, 2.304354711668566e-05, 3.0193195925676264e-05, 3.345542791066691e-05, 3.4033579140668735e-05, 5.674368003383279e-05, 6.941323954379186e-05, 7.64819560572505e-05, 4.743926183436997e-05, 5.516482633538544e-05, 3.7411573430290446e-05, 3.073969128308818e-05, 2.5579700377420522e-05, 2.133184898411855e-05, 2.117348412866704e-05, 1.8886079487856477e-05, 1.7088685126509517e-05, 1.6651971236569807e-05, 1.7158936316263862e-05, 1.3609150300908368e-05, 1.3226393093646038e-05, 1.6913458239287138e-05, 1.644991061766632e-05, 1.6468206013087183e-05, 1.8389637261861935e-05, 1.7011316231219098e-05, 1.2177549251646269e-05, 1.1655685739242472e-05, 9.151724043476861e-06, 1.046690158545971e-05, 9.877516276901588e-06, 1.058151428878773e-05, 1.0658421160769649e-05, 1.1660846212180331e-05, 6.358021437335992e-06, 9.603530088497791e-06, 6.9391799115692265e-06, 6.496443802461727e-06, 7.5526513683144e-06, 6.2263497966341674e-06, 6.542230948980432e-06, 6.1686646404268686e-06, 8.07892229204299e-06, 6.4311266214645e-06, 4.453960627870401e-06, 4.565315521176672e-06, 4.4661119318334386e-06, 5.204293756833067e-06, 3.892551831086166e-06, 3.3319188332825433e-06, 4.177371920377482e-06, 3.874974026985001e-06, 4.1863645492412616e-06, 4.7344365157186985e-06, 4.97669179821969e-06, 4.67611562271486e-06, 4.994266419089399e-06, 8.466718099953141e-06, 1.3261616913951002e-05, 1.6442494597868063e-05, 8.846559467201587e-06, 7.663182259420864e-06, 1.0197374649578705e-05, 5.263373623165535e-06, 4.067082045366988e-06, 4.156099748797715e-06, 3.0853257158014458e-06, 2.0955174022674328e-06, 2.208002342740656e-06, 1.377284661430167e-06, 1.3363951438805088e-06, 1.08192318748479e-06, 1.0760318218672182e-06, 1.2089968777218019e-06, 7.792374390191981e-07, 6.001462224958232e-07, 5.551804065362376e-07, 5.09098072143388e-07, 4.1468189238003106e-07, 3.744893035673158e-07, 4.877688866145036e-07, 4.94466576128616e-07, 5.302107410898316e-07, 4.007063694189128e-07, 2.9917154620306974e-07, 2.0557895652473235e-07, 1.5715906442892447e-07, 9.272988421571426e-08, 8.183135946637776e-08, 3.2156619589329694e-09, 8.096652792666248e-10, 1.6441528694066676e-10, 5.183211151948974e-11, 3.140569054815856e-11, 7.427802296844366e-12, 7.308720469112462e-12, 7.2028424891179554e-12, 7.118283393281466e-12, 7.057866444060146e-12, 7.020441086108553e-12], "lowlevel.mfcc.mean": [-921.3799438476562, 206.3892364501953, 83.57367706298828, 24.548917770385742, -13.688580513000488, -42.7901496887207, -41.663028717041016, -28.934247970581055, -30.354354858398438, -18.216583251953125, -13.030802726745605, -2.960831880569458, 4.269152641296387], "lowlevel.spectral_contrast_coeffs.mean": [-0.4576666057109833, -0.5843178033828735, -0.8158478140830994, -0.8672419786453247, -0.8469113707542419, -0.8718660473823547], "lowlevel.spectral_contrast_coeffs.stdev": [0.11010436713695526, 0.09467504173517227, 0.06327126175165176, 0.06426708400249481, 0.07694900035858154, 0.06628584861755371], "lowlevel.spectral_contrast_valleys.mean": [-8.644210815429688, -7.739317893981934, -10.105111122131348, -10.969682693481445, -11.29743766784668, -13.017043113708496], "lowlevel.spectral_contrast_valleys.stdev": [1.2405891418457031, 1.112964391708374, 1.497003436088562, 1.7552571296691895, 2.011070966720581, 1.823254942893982], "rhythm.beats_loudness_band_ratio.mean": [0.08666621893644333, 0.6373609900474548, 0.2626601755619049, 0.02652091160416603, 0.021367954090237617, 0.029194645583629608], "rhythm.beats_loudness_band_ratio.stdev": [0.18502186238765717, 0.23172789812088013, 0.21631553769111633, 0.06149658188223839, 0.047942180186510086, 0.05925312265753746], "tonal.hpcp.mean": [0.030802594497799873, 0.043360836803913116, 0.02194042131304741, 0.07293686270713806, 0.08738450706005096, 0.019559655338525772, 0.00466661574319005, 0.003471323288977146, 0.0037986605893820524, 0.07340309768915176, 0.09877337515354156, 0.0303200613707304, 0.04957069829106331, 0.07315937429666519, 0.029565157368779182, 0.0061150044202804565, 0.0039041992276906967, 0.004231248516589403, 0.4086661636829376, 0.5907834768295288, 0.18973799049854279, 0.08461698889732361, 0.1227172464132309, 0.04994113743305206, 0.17914356291294098, 0.21142008900642395, 0.04468192160129547, 0.008964233100414276, 0.008438135497272015, 0.00982442032545805, 0.010841187089681625, 0.010204155929386616, 0.008808938786387444, 0.22033816576004028, 0.31471729278564453, 0.10550812631845474], "tonal.hpcp.stdev": [0.1235213503241539, 0.16486497223377228, 0.07964073121547699, 0.18770337104797363, 0.22448962926864624, 0.06591104716062546, 0.0427468977868557, 0.023499099537730217, 0.021917201578617096, 0.13169515132904053, 0.17468520998954773, 0.06640297174453735, 0.12742410600185394, 0.18411719799041748, 0.07319969683885574, 0.049020376056432724, 0.03603542596101761, 0.028945520520210266, 0.3252616822719574, 0.4601287245750427, 0.15714582800865173, 0.21755386888980865, 0.3176600933074951, 0.11630065739154816, 0.31049299240112305, 0.3686372935771942, 0.0995643362402916, 0.06114283949136734, 0.0638442412018776, 0.07285839319229126, 0.07789542526006699, 0.07550246268510818, 0.054222431033849716, 0.241155743598938, 0.3359214961528778, 0.13398708403110504], "rhythm.beats_position": [0.3366893231868744, 0.6733786463737488, 1.0100680589675903, 1.3467572927474976, 1.695056676864624, 2.043355941772461, 2.391655206680298, 2.739954710006714, 3.088253974914551, 3.4133331775665283, 3.7616326808929443, 4.109931945800781, 4.458230972290039, 4.806530475616455, 5.166440010070801, 5.526349067687988, 5.863038539886475, 6.199728012084961, 6.524806976318359, 6.849886417388916, 7.174965858459473, 7.511655330657959, 7.848344326019287, 8.185033798217773, 8.510112762451172, 8.916461944580078, 9.3228120803833, 9.729161262512207, 10.135510444641113, 10.54185962677002, 10.936598777770996, 11.342947959899902, 11.749297142028809, 12.109206199645996, 12.469115257263184, 12.829024314880371, 13.188934326171875, 13.606893539428711, 14.024852752685547, 14.442811965942383, 14.860771179199219, 15.278729438781738, 15.696688652038574, 16.114648818969727, 16.532608032226562, 16.9505672454834, 17.368526458740234, 17.78648567199707, 18.204444885253906, 18.622404098510742, 19.051973342895508, 19.458322525024414, 19.86467170715332, 20.271020889282227, 20.688980102539062, 21.1069393157959, 21.5248966217041, 21.954465866088867, 22.372425079345703, 22.77877426147461, 23.196733474731445, 23.61469268798828, 24.032651901245117, 24.450611114501953, 24.85696029663086, 25.263309478759766, 25.69287872314453, 26.122447967529297, 26.540407180786133, 26.95836639404297, 27.376325607299805, 27.78267478942871, 28.189023971557617, 28.606983184814453, 29.02494239807129, 29.442901611328125, 29.86086082458496, 30.278820037841797, 30.696779251098633, 31.11473846435547, 31.532697677612305, 31.93904685974121, 32.35700607299805, 32.774967193603516, 33.18131637573242, 33.599273681640625, 34.017234802246094, 34.4351921081543, 34.8531494140625, 35.27111053466797, 35.68906784057617, 36.10702896118164, 36.524986267089844, 36.94294738769531, 37.360904693603516, 37.778865814208984, 38.19682312011719, 38.614784240722656, 39.03274154663086, 39.45070266723633, 39.86865997314453], "rhythm.bpm_histogram": [0.0, 0.0, 0.0, 0.0, 0.0, 0.0, 0.0, 0.0, 0.0, 0.0, 0.0, 0.0, 0.0, 0.0, 0.0, 0.0, 0.0, 0.0, 0.0, 0.0, 0.0, 0.0, 0.0, 0.0, 0.0, 0.0, 0.0, 0.0, 0.0, 0.0, 0.0, 0.0, 0.0, 0.0, 0.0, 0.0, 0.0, 0.0, 0.0, 0.0, 0.0, 0.0, 0.0, 0.0, 0.0, 0.0, 0.0, 0.0, 0.0, 0.0, 0.0, 0.0, 0.0, 0.0, 0.0, 0.0, 0.0, 0.0, 0.0, 0.0, 0.0, 0.0, 0.0, 0.0, 0.0, 0.0, 0.0, 0.0, 0.0, 0.0, 0.0, 0.0, 0.0, 0.0, 0.0, 0.0, 0.0, 0.0, 0.0, 0.0, 0.0, 0.0, 0.0, 0.0, 0.0, 0.0, 0.0, 0.0, 0.0, 0.0, 0.0, 0.0, 0.0, 0.0, 0.0, 0.0, 0.0, 0.0, 0.0, 0.0, 0.0, 0.0, 0.0, 0.0, 0.0, 0.0, 0.0, 0.0, 0.0, 0.0, 0.0, 0.0, 0.0, 0.0, 0.0, 0.0, 0.0, 0.0, 0.0, 0.0, 0.0, 0.0, 0.0, 0.0, 0.0, 0.0, 0.0, 0.0, 0.0, 0.0, 0.0, 0.0, 0.0, 0.0, 0.0, 0.0, 0.0, 0.0, 0.0, 0.0, 0.03999999910593033, 0.0, 0.0, 0.0, 0.5, 0.0, 0.0, 0.0, 0.17000000178813934, 0.0, 0.0, 0.0, 0.009999999776482582, 0.0, 0.0, 0.0, 0.0, 0.0, 0.0, 0.0, 0.0, 0.0, 0.0, 0.0, 0.0, 0.0, 0.0, 0.05999999865889549, 0.0, 0.0, 0.0, 0.0, 0.09000000357627869, 0.0, 0.0, 0.0, 0.0, 0.0, 0.07999999821186066, 0.0, 0.0, 0.0, 0.0, 0.0, 0.0, 0.05000000074505806, 0.0, 0.0, 0.0, 0.0, 0.0, 0.0, 0.0, 0.0, 0.0, 0.0, 0.0, 0.0, 0.0, 0.0, 0.0, 0.0, 0.0, 0.0, 0.0, 0.0, 0.0, 0.0, 0.0, 0.0, 0.0, 0.0, 0.0, 0.0, 0.0, 0.0, 0.0, 0.0, 0.0, 0.0, 0.0, 0.0, 0.0, 0.0, 0.0, 0.0, 0.0, 0.0, 0.0, 0.0, 0.0, 0.0, 0.0, 0.0, 0.0, 0.0, 0.0, 0.0, 0.0, 0.0, 0.0, 0.0, 0.0, 0.0, 0.0, 0.0, 0.0, 0.0, 0.0, 0.0], "tonal.chords_histogram": [58.217594146728516, 0.0, 6.25, 0.0, 0.0, 0.0, 1.2731481790542603, 2.1990740299224854, 1.3888888359069824, 0.0, 0.0, 0.0, 0.0, 0.0, 0.0, 6.94444465637207, 0.23148147761821747, 0.0, 0.0, 3.2407407760620117, 0.0, 0.0, 2.430555582046509, 17.824073791503906], "tonal.thpcp": [1.0, 0.3211633265018463, 0.1432284265756607, 0.20771948993206024, 0.08453374356031418, 0.30323049426078796, 0.3578639030456543, 0.07563164085149765, 0.015173465944826603, 0.014282957650721073, 0.016629477962851524, 0.018350524827837944, 0.01727224327623844, 0.014910604804754257, 0.3729592561721802, 0.5327117443084717, 0.17859017848968506, 0.052138552069664, 0.07339548319578171, 0.03713783994317055, 0.12345785647630692, 0.1479129195213318, 0.03310799226164818, 0.007899029180407524, 0.00587579607963562, 0.006429869215935469, 0.12424703687429428, 0.16719047725200653, 0.05132178217172623, 0.08390671014785767, 0.12383449822664261, 0.0500439815223217, 0.010350669734179974, 0.006608511321246624, 0.007162096910178661, 0.6917359232902527], "lowlevel.gfcc.cov": [[19401.607421875, -6412.72705078125, -4783.92041015625, 3804.409912109375, 566.5671997070312, 2635.930419921875, -990.6696166992188, 1395.8292236328125, -742.9298095703125, 621.7234497070312, -305.1768493652344, 330.1591796875, -1053.447998046875], [-6412.72705078125, 5050.8818359375, 1513.7861328125, -2292.4921875, 685.1117553710938, -1092.5322265625, 760.8134765625, -385.08270263671875, 329.74627685546875, -512.7845458984375, 262.20391845703125, -510.6474914550781, 428.46307373046875], [-4783.92041015625, 1513.7861328125, 2750.755859375, -807.9407958984375, -670.7504272460938, -760.7290649414062, 315.35272216796875, -379.6481628417969, 419.92132568359375, -124.11580657958984, -45.41200256347656, -23.91771697998047, 181.78663635253906], [3804.409912109375, -2292.4921875, -807.9407958984375, 1911.176513671875, 299.39886474609375, 699.5492553710938, -423.2572937011719, 352.0799560546875, -79.72413635253906, 239.69049072265625, -109.9771728515625, 121.02801513671875, -261.48455810546875], [566.5671997070312, 685.1117553710938, -670.7504272460938, 299.39886474609375, 1094.631103515625, 283.2664794921875, 28.742738723754883, 194.72853088378906, -19.99651336669922, -40.387088775634766, 113.75765228271484, -162.58116149902344, 19.725004196166992], [2635.930419921875, -1092.5322265625, -760.7290649414062, 699.5492553710938, 283.2664794921875, 761.6065063476562, -56.82235336303711, 241.93728637695312, -132.8860626220703, 144.76417541503906, -25.581090927124023, 103.1486587524414, -157.05380249023438], [-990.6696166992188, 760.8134765625, 315.35272216796875, -423.2572937011719, 28.742738723754883, -56.82235336303711, 369.7437438964844, -18.20707130432129, 46.02166748046875, -50.78056716918945, 73.90010070800781, -15.582122802734375, 62.39297103881836], [1395.8292236328125, -385.08270263671875, -379.6481628417969, 352.0799560546875, 194.72853088378906, 241.93728637695312, -18.20707130432129, 316.30615234375, 11.008554458618164, 33.293548583984375, 1.7990682125091553, 2.270935535430908, -63.537109375], [-742.9298095703125, 329.74627685546875, 419.92132568359375, -79.72413635253906, -19.99651336669922, -132.8860626220703, 46.02166748046875, 11.008554458618164, 225.30503845214844, 25.018779754638672, -0.06839451193809509, -32.32138442993164, 58.71942901611328], [621.7234497070312, -512.7845458984375, -124.11580657958984, 239.69049072265625, -40.387088775634766, 144.76417541503906, -50.78056716918945, 33.293548583984375, 25.018779754638672, 170.7015380859375, -10.438018798828125, 35.95403289794922, -33.11151123046875], [-305.1768493652344, 262.20391845703125, -45.41200256347656, -109.9771728515625, 113.75765228271484, -25.581090927124023, 73.90010070800781, 1.7990682125091553, -0.06839451193809509, -10.438018798828125, 151.3306884765625, 37.76982498168945, 44.038658142089844], [330.1591796875, -510.6474914550781, -23.91771697998047, 121.02801513671875, -162.58116149902344, 103.1486587524414, -15.582122802734375, 2.270935535430908, -32.32138442993164, 35.95403289794922, 37.76982498168945, 183.77197265625, 3.1510536670684814], [-1053.447998046875, 428.46307373046875, 181.78663635253906, -261.48455810546875, 19.725004196166992, -157.05380249023438, 62.39297103881836, -63.537109375, 58.71942901611328, -33.11151123046875, 44.038658142089844, 3.1510536670684814, 165.63613891601562]], "lowlevel.gfcc.icov": [[0.0002267426170874387, -0.00016780993610154837, 0.0002652580151334405, -0.00021404196741059422, 0.0002935988886747509, -0.0003081655013374984, 0.0002100886922562495, -0.00045230903197079897, 9.2301081167534e-05, -0.0002012322365771979, 0.00018686498515307903, -0.0002342688967473805, 0.0005491709453053772], [-0.00016780993610154837, 0.003998353146016598, -0.001072691404260695, 0.0027146413922309875, -0.0031308240722864866, 0.0010068302508443594, -0.002404620870947838, 0.0017721974290907383, -0.0022494588047266006, 0.004281920846551657, -0.0027393726631999016, 0.005266136955469847, -0.0007526252884417772], [0.0002652580151334405, -0.001072691404260695, 0.0015042043523862958, -0.0010541558731347322, 0.0013739628484472632, -0.00020993672660551965, -6.911379023222253e-05, 7.791246753185987e-05, -0.0011428252328187227, -0.0003956254222430289, 0.0011608978966251016, -0.0016181078972294927, 0.0008882412221282721], [-0.00021404196741059422, 0.0027146413922309875, -0.0010541558731347322, 0.003440508618950844, -0.0028762496076524258, 0.00045246415538713336, -0.0003243243554607034, 0.0004913162556476891, -0.0014188878703862429, 0.0018109239172190428, -0.0011324912775307894, 0.002314453013241291, 0.00040916440775617957], [0.0002935988886747509, -0.0031308240722864866, 0.0013739628484472632, -0.0028762496076524258, 0.005201522260904312, -0.0025040244217962027, 0.0018219652120023966, -0.0014667882351204753, 0.000980475335381925, -0.0015168915269896388, -0.0006500150193460286, -0.0003577607567422092, -0.0007964183459989727], [-0.0003081655013374984, 0.0010068302508443594, -0.00020993672660551965, 0.00045246415538713336, -0.0025040244217962027, 0.005076653324067593, -0.0021990244276821613, -0.000269494135864079, 0.0008365329704247415, -0.0014620795845985413, 0.0018162288470193744, -0.0021823060233145952, 0.0011868812143802643], [0.0002100886922562495, -0.002404620870947838, -6.911379023222253e-05, -0.0003243243554607034, 0.0018219652120023966, -0.0021990244276821613, 0.006632049567997456, -0.002312295837327838, 0.0016248539322987199, -0.002477663569152355, -0.0002822676033247262, -0.002597305690869689, 0.0004861190391238779], [-0.00045230903197079897, 0.0017721974290907383, 7.791246753185987e-05, 0.0004913162556476891, -0.0014667882351204753, -0.000269494135864079, -0.002312295837327838, 0.007475642021745443, -0.004141319077461958, 0.003875450696796179, -0.0018324515549466014, 0.0028863013722002506, -0.00043792545329779387], [9.2301081167534e-05, -0.0022494588047266006, -0.0011428252328187227, -0.0014188878703862429, 0.000980475335381925, 0.0008365329704247415, 0.0016248539322987199, -0.004141319077461958, 0.010979346930980682, -0.006482195574790239, 0.0020015656482428312, -0.0022254486102610826, -0.0017819704953581095], [-0.0002012322365771979, 0.004281920846551657, -0.0003956254222430289, 0.0018109239172190428, -0.0015168915269896388, -0.0014620795845985413, -0.002477663569152355, 0.003875450696796179, -0.006482195574790239, 0.0148648452013731, -0.004944159183651209, 0.007228171918541193, -0.0014023463008925319], [0.00018686498515307903, -0.0027393726631999016, 0.0011608978966251016, -0.0011324912775307894, -0.0006500150193460286, 0.0018162288470193744, -0.0002822676033247262, -0.0018324515549466014, 0.0020015656482428312, -0.004944159183651209, 0.014088675379753113, -0.010242725722491741, 0.0011666994541883469], [-0.0002342688967473805, 0.005266136955469847, -0.0016181078972294927, 0.002314453013241291, -0.0003577607567422092, -0.0021823060233145952, -0.002597305690869689, 0.0028863013722002506, -0.0022254486102610826, 0.007228171918541193, -0.010242725722491741, 0.019799139350652695, -0.005043178331106901], [0.0005491709453053772, -0.0007526252884417772, 0.0008882412221282721, 0.00040916440775617957, -0.0007964183459989727, 0.0011868812143802643, 0.0004861190391238779, -0.00043792545329779387, -0.0017819704953581095, -0.0014023463008925319, 0.0011666994541883469, -0.005043178331106901, 0.01215427741408348]], "lowlevel.mfcc.cov": [[19633.568359375, -6090.017578125, -4637.83544921875, 262.2884216308594, 1764.7242431640625, 1258.5306396484375, 1093.9248046875, 1160.9970703125, -86.29961395263672, 774.18115234375, 231.52488708496094, 300.38775634765625, 478.06402587890625], [-6090.017578125, 5521.4765625, 551.1900634765625, -561.6437377929688, -308.9566955566406, -591.35205078125, 172.0904541015625, -114.68547058105469, 250.06275939941406, -159.86642456054688, 39.100162506103516, -73.14857482910156, -117.05326080322266], [-4637.83544921875, 551.1900634765625, 2769.576171875, 175.56597900390625, -881.2477416992188, -272.007080078125, -616.1883544921875, -265.7675476074219, 30.279644012451172, -168.5301055908203, -68.16807556152344, -40.28791046142578, -131.93711853027344], [262.2884216308594, -561.6437377929688, 175.56597900390625, 641.6517333984375, 361.88275146484375, 86.99647521972656, -41.75384521484375, 24.635269165039062, 35.2485237121582, 91.3075942993164, 46.88443374633789, 34.99728775024414, 22.81711196899414], [1764.7242431640625, -308.9566955566406, -881.2477416992188, 361.88275146484375, 965.4064331054688, 276.4088439941406, 249.4481201171875, 190.2437286376953, 74.7224349975586, 175.82591247558594, 68.25411987304688, 68.49344635009766, 101.4994125366211], [1258.5306396484375, -591.35205078125, -272.007080078125, 86.99647521972656, 276.4088439941406, 464.85260009765625, 195.77883911132812, 82.08899688720703, 31.1411075592041, 45.33346939086914, 45.95113754272461, 71.41118621826172, 18.215652465820312], [1093.9248046875, 172.0904541015625, -616.1883544921875, -41.75384521484375, 249.4481201171875, 195.77883911132812, 441.4494934082031, 226.86085510253906, 23.955917358398438, 56.4416389465332, 50.76034927368164, 34.08472442626953, 58.054847717285156], [1160.9970703125, -114.68547058105469, -265.7675476074219, 24.635269165039062, 190.2437286376953, 82.08899688720703, 226.86085510253906, 312.9984130859375, 49.56557846069336, 58.02369689941406, 40.11195755004883, 46.49845886230469, 90.93741607666016], [-86.29961395263672, 250.06275939941406, 30.279644012451172, 35.2485237121582, 74.7224349975586, 31.1411075592041, 23.955917358398438, 49.56557846069336, 204.1006317138672, 89.81472778320312, 30.815631866455078, 26.912006378173828, 0.3688948452472687], [774.18115234375, -159.86642456054688, -168.5301055908203, 91.3075942993164, 175.82591247558594, 45.33346939086914, 56.4416389465332, 58.02369689941406, 89.81472778320312, 198.8666229248047, 82.70370483398438, 41.28970718383789, 34.43009567260742], [231.52488708496094, 39.100162506103516, -68.16807556152344, 46.88443374633789, 68.25411987304688, 45.95113754272461, 50.76034927368164, 40.11195755004883, 30.815631866455078, 82.70370483398438, 135.19284057617188, 63.020408630371094, 9.351500511169434], [300.38775634765625, -73.14857482910156, -40.28791046142578, 34.99728775024414, 68.49344635009766, 71.41118621826172, 34.08472442626953, 46.49845886230469, 26.912006378173828, 41.28970718383789, 63.020408630371094, 113.94969177246094, 64.2122573852539], [478.06402587890625, -117.05326080322266, -131.93711853027344, 22.81711196899414, 101.4994125366211, 18.215652465820312, 58.054847717285156, 90.93741607666016, 0.3688948452472687, 34.43009567260742, 9.351500511169434, 64.2122573852539, 140.45404052734375]], "lowlevel.mfcc.icov": [[0.00022821160382591188, 0.0001320273004239425, 0.0003530978865455836, -2.5034270947799087e-05, 0.00018852237553801388, -0.00031895117717795074, 0.00031536974711343646, -0.0007250897469930351, 0.00027957683778367937, -0.0006760658579878509, 0.00027318400680087507, -0.00013765152834821492, 0.0001229907647939399], [0.0001320273004239425, 0.0005524404696188867, -0.00013237213715910912, 0.0005448649171739817, -0.0004612995544448495, 0.0008404551190324128, -0.0009551183320581913, 0.00038443217636086047, -0.0007681644055992365, 0.000519639695994556, -0.0005554415402002633, -9.823875006986782e-05, 0.0001249310007551685], [0.0003530978865455836, -0.00013237213715910912, 0.0016509704291820526, -0.0011107897153124213, 0.0016097361221909523, -0.0014270697720348835, 0.002171850763261318, -0.002048847498372197, 0.0006156921735964715, -0.0013292303774505854, 0.0009077088325284421, -0.0002947416505776346, 0.0002683117054402828], [-2.5034270947799087e-05, 0.0005448649171739817, -0.0011107897153124213, 0.0034419104922562838, -0.0023584882728755474, 0.0012187472311779857, -0.0010417229495942593, 0.0010491632856428623, -0.0006373494979925454, 0.0005853067268617451, -0.001260048826225102, 5.277810123516247e-05, 0.00015228046686388552], [0.00018852237553801388, -0.0004612995544448495, 0.0016097361221909523, -0.0023584882728755474, 0.003814473981037736, -0.0023734059650450945, 0.0018668053671717644, -0.002105403458699584, 0.0008517111418768764, -0.002314915182068944, 0.0014213230460882187, 0.00018707725394051522, -0.0006029802607372403], [-0.00031895117717795074, 0.0008404551190324128, -0.0014270697720348835, 0.0012187472311779857, -0.0023734059650450945, 0.0060974895022809505, -0.004564058966934681, 0.0032410998828709126, -0.0022823780309408903, 0.003005626145750284, -0.0011748450342565775, -0.002591707045212388, 0.001492212526500225], [0.00031536974711343646, -0.0009551183320581913, 0.002171850763261318, -0.0010417229495942593, 0.0018668053671717644, -0.004564058966934681, 0.008979332633316517, -0.006203732453286648, 0.002562744077295065, -0.002766840858384967, 0.0008276085718534887, 0.0011886778520420194, -3.904763434547931e-05], [-0.0007250897469930351, 0.00038443217636086047, -0.002048847498372197, 0.0010491632856428623, -0.002105403458699584, 0.0032410998828709126, -0.006203732453286648, 0.01017757784575224, -0.003586879000067711, 0.00403418205678463, -0.0028553567826747894, 0.0009631128632463515, -0.003460511565208435], [0.00027957683778367937, -0.0007681644055992365, 0.0006156921735964715, -0.0006373494979925454, 0.0008517111418768764, -0.0022823780309408903, 0.002562744077295065, -0.003586879000067711, 0.009130269289016724, -0.006268832832574844, 0.003380070673301816, -0.002289938973262906, 0.002368275076150894], [-0.0006760658579878509, 0.000519639695994556, -0.0013292303774505854, 0.0005853067268617451, -0.002314915182068944, 0.003005626145750284, -0.002766840858384967, 0.00403418205678463, -0.006268832832574844, 0.013688398525118828, -0.007831325754523277, 0.002580412430688739, -0.0027920720167458057], [0.00027318400680087507, -0.0005554415402002633, 0.0009077088325284421, -0.001260048826225102, 0.0014213230460882187, -0.0011748450342565775, 0.0008276085718534887, -0.0028553567826747894, 0.003380070673301816, -0.007831325754523277, 0.01636640913784504, -0.0097136823460459