{"song_id": "1183686088431255562", "download": "https://cdn.discordapp.com/attachments/1135911532732108921/1183686088431255562/chirp.mp4?ex=65893c93&amp", "lyrics": "-", "style": ["lo</span><span>-fi"], "essentia_features": {"lowlevel.average_loudness": 0.9217615127563477, "lowlevel.barkbands_crest.mean": 13.180290222167969, "lowlevel.barkbands_crest.stdev": 4.102380752563477, "lowlevel.barkbands_flatness_db.mean": 0.40415579080581665, "lowlevel.barkbands_flatness_db.stdev": 0.11007019877433777, "lowlevel.barkbands_kurtosis.mean": 24.08460807800293, "lowlevel.barkbands_kurtosis.stdev": 75.2020492553711, "lowlevel.barkbands_skewness.mean": 1.8302861452102661, "lowlevel.barkbands_skewness.stdev": 2.4487624168395996, "lowlevel.barkbands_spread.mean": 3.353370428085327, "lowlevel.barkbands_spread.stdev": 3.899735689163208, "lowlevel.dissonance.mean": 0.37242868542671204, "lowlevel.dissonance.stdev": 0.08161424100399017, "lowlevel.dynamic_complexity": 4.355842113494873, "lowlevel.erbbands_crest.mean": 14.589065551757812, "lowlevel.erbbands_crest.stdev": 4.310110092163086, "lowlevel.erbbands_flatness_db.mean": 0.32157808542251587, "lowlevel.erbbands_flatness_db.stdev": 0.07772793620824814, "lowlevel.erbbands_kurtosis.mean": 19.04729652404785, "lowlevel.erbbands_kurtosis.stdev": 18.85201072692871, "lowlevel.erbbands_skewness.mean": 2.0638885498046875, "lowlevel.erbbands_skewness.stdev": 1.757704496383667, "lowlevel.erbbands_spread.mean": 13.497191429138184, "lowlevel.erbbands_spread.stdev": 17.98856544494629, "lowlevel.hfc.mean": 7.008870601654053, "lowlevel.hfc.stdev": 12.118664741516113, "lowlevel.loudness_ebu128.integrated": -18.910682678222656, "lowlevel.loudness_ebu128.loudness_range": 1.738138198852539, "lowlevel.loudness_ebu128.momentary.mean": -20.1599063873291, "lowlevel.loudness_ebu128.momentary.stdev": 3.538606643676758, "lowlevel.loudness_ebu128.short_term.mean": -18.915847778320312, "lowlevel.loudness_ebu128.short_term.stdev": 0.6085447072982788, "lowlevel.melbands_crest.mean": 16.79402732849121, "lowlevel.melbands_crest.stdev": 7.925558090209961, "lowlevel.melbands_flatness_db.mean": 0.49320632219314575, "lowlevel.melbands_flatness_db.stdev": 0.13317584991455078, "lowlevel.melbands_kurtosis.mean": 54.1702995300293, "lowlevel.melbands_kurtosis.stdev": 317.74017333984375, "lowlevel.melbands_skewness.mean": 2.3034610748291016, "lowlevel.melbands_skewness.stdev": 4.250112533569336, "lowlevel.melbands_spread.mean": 3.794772148132324, "lowlevel.melbands_spread.stdev": 4.840446949005127, "lowlevel.pitch_salience.mean": 0.49531590938568115, "lowlevel.pitch_salience.stdev": 0.1786690056324005, "lowlevel.silence_rate_20dB.mean": 0.9571263194084167, "lowlevel.silence_rate_20dB.stdev": 0.20257322490215302, "lowlevel.silence_rate_30dB.mean": 0.8794901371002197, "lowlevel.silence_rate_30dB.stdev": 0.3255597949028015, "lowlevel.silence_rate_60dB.mean": 0.10370799899101257, "lowlevel.silence_rate_60dB.stdev": 0.3048830032348633, "lowlevel.spectral_centroid.mean": 376.2604675292969, "lowlevel.spectral_centroid.stdev": 221.78009033203125, "lowlevel.spectral_complexity.mean": 5.480301380157471, "lowlevel.spectral_complexity.stdev": 4.099205493927002, "lowlevel.spectral_decrease.mean": -1.2877249488951747e-08, "lowlevel.spectral_decrease.stdev": 2.8199194090916535e-08, "lowlevel.spectral_energy.mean": 0.04923737049102783, "lowlevel.spectral_energy.stdev": 0.10726723074913025, "lowlevel.spectral_energyband_high.mean": 1.9483604773995467e-05, "lowlevel.spectral_energyband_high.stdev": 4.332718162913807e-05, "lowlevel.spectral_energyband_low.mean": 0.037102341651916504, "lowlevel.spectral_energyband_low.stdev": 0.10293584316968918, "lowlevel.spectral_energyband_middle_high.mean": 0.00045355374459177256, "lowlevel.spectral_energyband_middle_high.stdev": 0.002888880204409361, "lowlevel.spectral_energyband_middle_low.mean": 0.0121383648365736, "lowlevel.spectral_energyband_middle_low.stdev": 0.01883361116051674, "lowlevel.spectral_entropy.mean": 5.602363109588623, "lowlevel.spectral_entropy.stdev": 0.9105747938156128, "lowlevel.spectral_flux.mean": 0.0837947428226471, "lowlevel.spectral_flux.stdev": 0.14841969311237335, "lowlevel.spectral_kurtosis.mean": 34.458885192871094, "lowlevel.spectral_kurtosis.stdev": 38.77139663696289, "lowlevel.spectral_rms.mean": 0.005109900608658791, "lowlevel.spectral_rms.stdev": 0.004682456608861685, "lowlevel.spectral_rolloff.mean": 358.1171569824219, "lowlevel.spectral_rolloff.stdev": 496.2828063964844, "lowlevel.spectral_skewness.mean": 4.242176532745361, "lowlevel.spectral_skewness.stdev": 2.606818675994873, "lowlevel.spectral_spread.mean": 2947908.0, "lowlevel.spectral_spread.stdev": 1758984.5, "lowlevel.spectral_strongpeak.mean": 0.6151503324508667, "lowlevel.spectral_strongpeak.stdev": 0.5156062245368958, "lowlevel.zerocrossingrate.mean": 0.015814824029803276, "lowlevel.zerocrossingrate.stdev": 0.011904430575668812, "metadata.audio_properties.analysis.equal_loudness": 0.0, "metadata.audio_properties.analysis.length": 40.04265213012695, "metadata.audio_properties.analysis.sample_rate": 44100.0, "metadata.audio_properties.analysis.start_time": 0.0, "metadata.audio_properties.bit_rate": 110984.0, "metadata.audio_properties.length": 40.042667388916016, "metadata.audio_properties.lossless": 0.0, "metadata.audio_properties.number_channels": 1.0, "metadata.audio_properties.replay_gain": -8.085966110229492, "metadata.audio_properties.sample_rate": 48000.0, "rhythm.beats_count": 51.0, "rhythm.beats_loudness.mean": 0.08617547154426575, "rhythm.beats_loudness.stdev": 0.11457262933254242, "rhythm.bpm": 77.9845962524414, "rhythm.bpm_histogram_first_peak_bpm": 78.0, "rhythm.bpm_histogram_first_peak_weight": 0.2200000286102295, "rhythm.bpm_histogram_second_peak_bpm": 0.0, "rhythm.bpm_histogram_second_peak_spread": 0.0, "rhythm.bpm_histogram_second_peak_weight": 0.0, "rhythm.danceability": 1.651920199394226, "rhythm.onset_rate": 5.0431389808654785, "tonal.chords_changes_rate": 0.05671296268701553, "tonal.chords_number_rate": 0.008101851679384708, "tonal.chords_strength.mean": 0.4421736001968384, "tonal.chords_strength.stdev": 0.06703731417655945, "tonal.hpcp_crest.mean": 15.135695457458496, "tonal.hpcp_crest.stdev": 6.9079694747924805, "tonal.hpcp_entropy.mean": 1.7738789319992065, "tonal.hpcp_entropy.stdev": 0.6737313866615295, "tonal.key_edma.strength": 0.7381163239479065, "tonal.key_krumhansl.strength": 0.735031008720398, "tonal.key_temperley.strength": 0.7305905222892761, "tonal.tuning_diatonic_strength": 0.4807369112968445, "tonal.tuning_equal_tempered_deviation": 0.22939015924930573, "tonal.tuning_frequency": 434.193115234375, "tonal.tuning_nontempered_energy_ratio": 0.992771327495575, "lowlevel.barkbands.mean": [0.004930148832499981, 0.02477506920695305, 0.006944760680198669, 0.001745713292621076, 0.003387723583728075, 0.004647950641810894, 0.001528357621282339, 0.000572786433622241, 0.00020963548740837723, 0.00014740337792318314, 0.0001301174343097955, 5.31529585714452e-05, 2.7488198611536063e-05, 1.910969331220258e-05, 2.260429937450681e-05, 2.1948266294202767e-05, 2.1853053112863563e-05, 1.6227933883783408e-05, 1.1004409316228703e-05, 1.1828841707028914e-05, 5.703803253709339e-06, 2.111224830514402e-06, 2.232265842394554e-06, 1.6365700048481813e-06, 7.752417445772153e-07, 1.103414319914009e-07, 2.7329190022129524e-09], "lowlevel.barkbands.stdev": [0.014946443028748035, 0.08089414238929749, 0.02528989128768444, 0.007984774187207222, 0.0063002449460327625, 0.006080785766243935, 0.0039027342572808266, 0.0028904047794640064, 0.001146575901657343, 0.0011870503658428788, 0.0009637985494919121, 0.0003913039399776608, 0.00017085009312722832, 0.00011831474694190547, 0.00016562129894737154, 0.00015262741362676024, 0.00014838375500403345, 9.766357106855139e-05, 4.325148620409891e-05, 3.4812466765288264e-05, 1.3575721823144704e-05, 5.0068420023308136e-06, 5.307056198944338e-06, 4.167178303760011e-06, 2.0247996417310787e-06, 5.723931622014788e-07, 3.20931086150722e-08], "lowlevel.erbbands.mean": [0.9008220434188843, 4.80397367477417, 8.514692306518555, 7.438785552978516, 5.721542835235596, 12.363056182861328, 30.945337295532227, 36.34159851074219, 22.245695114135742, 22.561368942260742, 8.5769624710083, 4.621099472045898, 4.407428741455078, 5.319606304168701, 4.210734844207764, 2.0347254276275635, 1.3605049848556519, 0.9835759997367859, 1.121582269668579, 1.1437115669250488, 1.2633107900619507, 1.2788801193237305, 0.9563997387886047, 0.6798849701881409, 0.4666105806827545, 0.5529829263687134, 0.37276923656463623, 0.15243107080459595, 0.08321782201528549, 0.06282222270965576, 0.06235723942518234, 0.0392642468214035, 0.02484201453626156, 0.012374592944979668, 0.0035631938371807337, 0.0010105984983965755, 0.0001168941889773123, 7.739486136415508e-06, 2.2463174900622107e-05, 5.3573887271340936e-05], "lowlevel.erbbands.stdev": [2.6797778606414795, 18.735454559326172, 32.075286865234375, 28.881216049194336, 20.731943130493164, 20.811063766479492, 40.82128143310547, 50.443241119384766, 38.478363037109375, 83.83912658691406, 43.92170715332031, 25.23685073852539, 32.70110321044922, 45.18842315673828, 30.768144607543945, 14.223941802978516, 8.585189819335938, 5.819179058074951, 8.592367172241211, 7.181737422943115, 8.94860553741455, 8.657334327697754, 5.912380695343018, 3.0619935989379883, 1.6468486785888672, 1.6119463443756104, 1.0482356548309326, 0.346921443939209, 0.18889623880386353, 0.14492855966091156, 0.15222838521003723, 0.10260036587715149, 0.06307894736528397, 0.03236279636621475, 0.00923319160938263, 0.0038628852926194668, 0.0007767436909489334, 0.0001065350224962458, 4.762628304888494e-05, 0.00011590559734031558], "lowlevel.gfcc.mean": [-203.7405548095703, 161.8751983642578, -26.40866470336914, 59.89349365234375, -75.7132339477539, -23.806941986083984, -41.92138671875, -9.920048713684082, -12.666518211364746, -3.5605664253234863, 6.678876876831055, -11.001867294311523, 5.192254543304443], "lowlevel.melbands.mean": [0.007754980586469173, 0.004999655298888683, 0.0012303696712478995, 0.0005765043315477669, 0.0010194064816460013, 0.0008215992129407823, 0.00034398504067212343, 0.0002272655110573396, 5.958816836937331e-05, 2.7407997549744323e-05, 2.1638417820213363e-05, 2.13060193345882e-05, 1.62806645676028e-05, 6.882317393319681e-06, 4.0390291360381525e-06, 2.3947552563186036e-06, 1.7184846683448995e-06, 1.7695593896860373e-06, 1.638133767301042e-06, 1.4632921647717012e-06, 1.459917370993935e-06, 1.3543730119636166e-06, 1.0878952707571443e-06, 6.853722993582778e-07, 5.417769557425345e-07, 3.9308218902078806e-07, 3.123996066278778e-07, 3.904408458765829e-07, 2.7335335062161903e-07, 1.3480521943165513e-07, 7.017424508148906e-08, 4.862651437065324e-08, 3.525878966570417e-08, 3.641737933435252e-08, 3.886165345079462e-08, 2.7874079933098983e-08, 2.2928738019345474e-08, 1.852856357231758e-08, 1.2434872687094867e-08, 1.0001159012062999e-08], "lowlevel.melbands.stdev": [0.022866254672408104, 0.018457595258951187, 0.004666018299758434, 0.0013182684779167175, 0.00129210134036839, 0.00109466805588454, 0.0006513244588859379, 0.0008909180178306997, 0.0003120928886346519, 0.00015561199688818306, 0.00016279068950098008, 0.00018383986025583, 0.00012070299271726981, 5.195520498091355e-05, 2.621920248202514e-05, 1.5085185623320285e-05, 1.0380975254520308e-05, 1.3746994227403775e-05, 1.163966408057604e-05, 9.812025382416323e-06, 1.0968153219437227e-05, 9.93068351817783e-06, 6.959395705052884e-06, 4.055390036228346e-06, 2.3919121758808615e-06, 1.5390304497486795e-06, 9.8467046427686e-07, 1.191502178699011e-06, 8.713496413292887e-07, 3.2649759873493167e-07, 1.6301433447551972e-07, 1.1168178559728403e-07, 1.0310578346661714e-07, 8.417411123673446e-08, 9.49625089674555e-08, 7.584091576973151e-08, 6.189484480501051e-08, 4.897120220448414e-08, 3.061607145582457e-08, 2.771800211576192e-08], "lowlevel.melbands128.mean": [0.004232484381645918, 0.007836379110813141, 0.009289577603340149, 0.0075874412432312965, 0.004989266395568848, 0.0031731294002383947, 0.0015701692318543792, 0.0007126443088054657, 0.0005518323159776628, 0.00040605233516544104, 0.0006670295260846615, 0.0010157969081774354, 0.0011023038532584906, 0.001097746193408966, 0.0009259915677830577, 0.0006338783423416317, 0.00039696021121926606, 0.0002235432039014995, 0.0004020612977910787, 0.0002371848386246711, 0.00017916766228154302, 6.639142520725727e-05, 4.94503510708455e-05, 4.333413380663842e-05, 2.44893799390411e-05, 2.545402094256133e-05, 2.0180808860459365e-05, 2.293032594025135e-05, 2.0917990696034394e-05, 1.903631527966354e-05, 2.299672632943839e-05, 2.2658710804535076e-05, 1.6442896594526246e-05, 1.2010495993308723e-05, 8.072246600931976e-06, 5.450544449558947e-06, 4.592516688717296e-06, 4.277014795661671e-06, 3.519626943671028e-06, 2.8859012672910467e-06, 1.985673407034483e-06, 1.8860702084566583e-06, 1.8331263618165394e-06, 1.5519088947257842e-06, 1.6472201878059423e-06, 1.813051767385332e-06, 1.937774641191936e-06, 1.5767491277074441e-06, 1.571942902955925e-06, 1.5548291685263393e-06, 1.2938543250129442e-06, 1.579249669703131e-06, 1.6408972669523791e-06, 1.2130004733990063e-06, 1.4121933418209665e-06, 1.5163119542194181e-06, 1.1691986401274335e-06, 1.1928950698347762e-06, 1.058512339113804e-06, 8.515456215718586e-07, 6.360823476825317e-07, 6.179527645144844e-07, 5.403763339018042e-07, 4.9853406380862e-07, 5.749177489633439e-07, 4.2551334900053916e-07, 2.7207616426494496e-07, 2.1971266050968552e-07, 3.798857335368666e-07, 3.6984170037612785e-07, 3.5768107409239747e-07, 4.25238170009834e-07, 3.5959610045210866e-07, 2.492363080364157e-07, 1.804213525247178e-07, 1.4293566152900894e-07, 1.1652303300024869e-07, 8.32854354371193e-08, 6.488446757657584e-08, 5.366553779140304e-08, 5.433624039596907e-08, 4.658110341893007e-08, 3.6696036431749235e-08, 3.854076169318432e-08, 2.7253534540250257e-08, 3.122744729466831e-08, 3.7193132129687e-08, 5.1189434913112564e-08, 3.75731303847715e-08, 3.2787102810516444e-08, 3.243986057555048e-08, 2.5141163817465895e-08, 2.290428291473745e-08, 2.340435756309489e-08, 2.303987756135939e-08, 1.9344529533782406e-08, 1.7739576918529565e-08, 1.7869657753522006e-08, 1.1004275712878098e-08, 1.0869783295675006e-08, 1.1012901701690225e-08, 1.1428468837948458e-08, 6.60686794162757e-09, 4.49970327665028e-09, 2.7706521521508876e-09, 3.3447531411212594e-09, 2.811180177531014e-09, 2.072683136233877e-09, 1.785048331370831e-09, 1.0112791715144454e-09, 6.983286726658378e-10, 4.711989687322671e-10, 1.1095534907523685e-10, 4.585341481511129e-11, 4.331052877448727e-11, 4.578038642621962e-11, 2.8860006398567783e-11, 2.8857447681440718e-11, 1.3594206489664362e-11, 7.81153874224172e-12, 7.568075506558802e-12, 7.378929064993933e-12, 7.1844366393569725e-12, 7.0551108358185566e-12, 6.8747854631290295e-12, 6.6611009243155994e-12, 6.536345683455513e-12, 6.491674385544766e-12], "lowlevel.melbands128.stdev": [0.01306540984660387, 0.024792984127998352, 0.032487429678440094, 0.03239648789167404, 0.02020999789237976, 0.011150973848998547, 0.006252123974263668, 0.003294560592621565, 0.0020886261481791735, 0.0012014750391244888, 0.0011532240314409137, 0.0016362237511202693, 0.001554715447127819, 0.0018737202044576406, 0.001590216183103621, 0.0008251510444097221, 0.0007077949121594429, 0.0005621694726869464, 0.0012296524364501238, 0.001120176399126649, 0.0008849102887324989, 0.0004428397223819047, 0.00026061307289637625, 0.00022017571609467268, 0.00014512782217934728, 0.00016600676462985575, 0.0001705599861452356, 0.00018664107483346015, 0.00015963531041052192, 0.00018439177074469626, 0.00022700894623994827, 0.00017950629990082234, 0.00013839821622241288, 9.289638546761125e-05, 7.087377889547497e-05, 4.378099401947111e-05, 3.6317323974799365e-05, 2.755467539827805e-05, 2.4321059754583985e-05, 2.1922647647443227e-05, 1.2824863915739115e-05, 1.2217362382216379e-05, 1.0866846423596144e-05, 1.1683002412610222e-05, 1.2226472790644038e-05, 1.6317986592184752e-05, 1.6550171494600363e-05, 1.327213703916641e-05, 1.0802231372508686e-05, 1.015850284602493e-05, 1.0551726518315263e-05, 1.1819346582342405e-05, 1.2597271961567458e-05, 1.0690224371501245e-05, 1.1132920917589217e-05, 1.3380998098000418e-05, 7.777020073262975e-06, 8.236336725531146e-06, 7.253745025082026e-06, 6.514493634313112e-06, 4.139511020184727e-06, 3.5329223919688957e-06, 2.845337803591974e-06, 2.074232497761841e-06, 2.7967430469288956e-06, 1.691723696239933e-06, 1.147681246038701e-06, 9.056318504008232e-07, 1.1745661367967841e-06, 1.194315132124757e-06, 1.1325823834340554e-06, 1.5968530533427838e-06, 1.5115170981516712e-06, 8.019438269002421e-07, 4.799788939635619e-07, 3.934646315428836e-07, 2.9949441682219913e-07, 2.180043026100975e-07, 1.702995149344133e-07, 1.3793115272164869e-07, 1.4566325035048067e-07, 1.1704249658350818e-07, 1.0131856242878712e-07, 1.524364847682591e-07, 6.927016471536263e-08, 7.944622382183297e-08, 9.195198202860411e-08, 1.419654012124738e-07, 9.565700054281479e-08, 9.16093227942838e-08, 9.704923087383577e-08, 7.217744979470808e-08, 6.49829487997522e-08, 6.716152967101152e-08, 6.80149412346509e-08, 5.728746188538025e-08, 5.104498868035989e-08, 4.741163905919166e-08, 2.723789016556566e-08, 3.242206503273337e-08, 3.1223731156160284e-08, 3.431566497624772e-08, 1.8184794114972647e-08, 1.3035614365719539e-08, 7.79962761043862e-09, 9.703363446078583e-09, 9.685558133298855e-09, 8.622764724464105e-09, 7.405497992607479e-09, 6.1520211147580994e-09, 4.280864107641946e-09, 4.016623034175382e-09, 2.1467898569937915e-09, 1.1191183535430582e-09, 1.0495152524825357e-09, 1.3021770328691673e-09, 5.77805803203546e-10, 7.709383686993476e-10, 2.263035731031593e-10, 1.9835291395486898e-11, 1.916712795424491e-11, 1.8678662783155886e-11, 1.8221779987670494e-11, 1.7915042713201323e-11, 1.7635892746170612e-11, 1.7413735384219642e-11, 1.726121502676481e-11, 1.7168670998768398e-11], "lowlevel.mfcc.mean": [-868.8714599609375, 176.22047424316406, 89.33623504638672, 70.89125061035156, 5.634968280792236, -4.467855930328369, -11.13038444519043, -15.002464294433594, -15.61392593383789, -3.4601168632507324, -9.028807640075684, -1.7963323593139648, 2.1354901790618896], "lowlevel.spectral_contrast_coeffs.mean": [-0.6397154927253723, -0.6075319051742554, -0.8188503384590149, -0.8823533654212952, -0.8530027866363525, -0.813116729259491], "lowlevel.spectral_contrast_coeffs.stdev": [0.09158369153738022, 0.09911604970693588, 0.05318586528301239, 0.02837822213768959, 0.0373384989798069, 0.04573758691549301], "lowlevel.spectral_contrast_valleys.mean": [-7.022552490234375, -8.341808319091797, -10.103278160095215, -10.469991683959961, -9.958498001098633, -12.379565238952637], "lowlevel.spectral_contrast_valleys.stdev": [0.8705800771713257, 1.3341370820999146, 1.3914552927017212, 1.2890621423721313, 1.0841821432113647, 0.84206622838974], "rhythm.beats_loudness_band_ratio.mean": [0.4118821620941162, 0.3849215805530548, 0.14580342173576355, 0.05253764986991882, 0.05371762439608574, 0.0077827866189181805], "rhythm.beats_loudness_band_ratio.stdev": [0.33850038051605225, 0.24170786142349243, 0.14237432181835175, 0.06850466877222061, 0.08337811380624771, 0.012214458547532558], "tonal.hpcp.mean": [0.022002087906003, 0.02435813657939434, 0.018666403368115425, 0.29638755321502686, 0.5045410990715027, 0.2486608475446701, 0.05944450572133064, 0.0540001206099987, 0.04985930025577545, 0.26291292905807495, 0.28157225251197815, 0.055357981473207474, 0.020306596532464027, 0.019105829298496246, 0.016824625432491302, 0.11201420426368713, 0.16203109920024872, 0.06888366490602493, 0.21549533307552338, 0.2738289535045624, 0.08209749311208725, 0.025680657476186752, 0.027631687000393867, 0.023108361288905144, 0.2040749490261078, 0.24020636081695557, 0.052876200526952744, 0.008848673664033413, 0.007159018889069557, 0.011681818403303623, 0.15824393928050995, 0.1862928420305252, 0.04000306501984596, 0.02733856439590454, 0.03142863139510155, 0.015590219758450985], "tonal.hpcp.stdev": [0.08926274627447128, 0.09342847019433975, 0.08639678359031677, 0.28270649909973145, 0.4393129348754883, 0.24352866411209106, 0.19982239603996277, 0.18630164861679077, 0.1760134994983673, 0.29341331124305725, 0.31117600202560425, 0.13727301359176636, 0.10087531059980392, 0.11850801110267639, 0.09935151785612106, 0.20300815999507904, 0.30545520782470703, 0.16845010221004486, 0.3133261501789093, 0.39170408248901367, 0.1476277858018875, 0.12124741822481155, 0.12946806848049164, 0.09992111474275589, 0.2890712320804596, 0.3330380916595459, 0.11726943403482437, 0.06585684418678284, 0.0580047108232975, 0.062331415712833405, 0.20846201479434967, 0.2409469485282898, 0.08962235599756241, 0.0829007476568222, 0.1008591577410698, 0.08253858238458633], "rhythm.beats_position": [0.7662584781646729, 1.5441269874572754, 2.2987754344940186, 3.041814088821411, 3.8312923908233643, 4.609160900115967, 5.375419616699219, 6.153287887573242, 6.919546127319336, 7.685804843902588, 8.45206356048584, 9.206711769104004, 9.984580039978027, 10.76244831085205, 11.528707504272461, 12.306575775146484, 13.084444046020508, 13.862312316894531, 14.628571510314941, 15.383219718933105, 16.161088943481445, 16.9505672454834, 17.728435516357422, 18.483083724975586, 19.24934196472168, 20.015600204467773, 20.781858444213867, 21.54811668395996, 22.314376831054688, 23.09224510192871, 23.858503341674805, 24.636371612548828, 25.41423988342285, 26.192108154296875, 26.94675636291504, 27.701404571533203, 28.47927474975586, 29.245532989501953, 30.000181198120117, 30.78965950012207, 31.555917739868164, 32.32217788696289, 33.088436126708984, 33.85469436645508, 34.62095260620117, 35.387210845947266, 36.15346908569336, 36.91972732543945, 37.69759750366211, 38.4754638671875, 39.241722106933594], "rhythm.bpm_histogram": [0.0, 0.0, 0.0, 0.0, 0.0, 0.0, 0.0, 0.0, 0.0, 0.0, 0.0, 0.0, 0.0, 0.0, 0.0, 0.0, 0.0, 0.0, 0.0, 0.0, 0.0, 0.0, 0.0, 0.0, 0.0, 0.0, 0.0, 0.0, 0.0, 0.0, 0.0, 0.0, 0.0, 0.0, 0.0, 0.0, 0.0, 0.0, 0.0, 0.0, 0.0, 0.0, 0.0, 0.0, 0.0, 0.0, 0.0, 0.0, 0.0, 0.0, 0.0, 0.0, 0.0, 0.0, 0.0, 0.0, 0.0, 0.0, 0.0, 0.0, 0.0, 0.0, 0.0, 0.0, 0.0, 0.0, 0.0, 0.0, 0.0, 0.0, 0.0, 0.0, 0.0, 0.0, 0.0, 0.0, 0.05999999865889549, 0.3400000035762787, 0.4399999976158142, 0.0, 0.14000000059604645, 0.019999999552965164, 0.0, 0.0, 0.0, 0.0, 0.0, 0.0, 0.0, 0.0, 0.0, 0.0, 0.0, 0.0, 0.0, 0.0, 0.0, 0.0, 0.0, 0.0, 0.0, 0.0, 0.0, 0.0, 0.0, 0.0, 0.0, 0.0, 0.0, 0.0, 0.0, 0.0, 0.0, 0.0, 0.0, 0.0, 0.0, 0.0, 0.0, 0.0, 0.0, 0.0, 0.0, 0.0, 0.0, 0.0, 0.0, 0.0, 0.0, 0.0, 0.0, 0.0, 0.0, 0.0, 0.0, 0.0, 0.0, 0.0, 0.0, 0.0, 0.0, 0.0, 0.0, 0.0, 0.0, 0.0, 0.0, 0.0, 0.0, 0.0, 0.0, 0.0, 0.0, 0.0, 0.0, 0.0, 0.0, 0.0, 0.0, 0.0, 0.0, 0.0, 0.0, 0.0, 0.0, 0.0, 0.0, 0.0, 0.0, 0.0, 0.0, 0.0, 0.0, 0.0, 0.0, 0.0, 0.0, 0.0, 0.0, 0.0, 0.0, 0.0, 0.0, 0.0, 0.0, 0.0, 0.0, 0.0, 0.0, 0.0, 0.0, 0.0, 0.0, 0.0, 0.0, 0.0, 0.0, 0.0, 0.0, 0.0, 0.0, 0.0, 0.0, 0.0, 0.0, 0.0, 0.0, 0.0, 0.0, 0.0, 0.0, 0.0, 0.0, 0.0, 0.0, 0.0, 0.0, 0.0, 0.0, 0.0, 0.0, 0.0, 0.0, 0.0, 0.0, 0.0, 0.0, 0.0, 0.0, 0.0, 0.0, 0.0, 0.0, 0.0, 0.0, 0.0, 0.0, 0.0, 0.0, 0.0, 0.0, 0.0, 0.0, 0.0, 0.0, 0.0, 0.0, 0.0, 0.0, 0.0], "tonal.chords_histogram": [28.703702926635742, 1.2731481790542603, 4.282407283782959, 0.0, 8.217592239379883, 0.0, 0.0, 0.0, 0.0, 0.0, 0.0, 0.0, 0.0, 0.0, 0.0, 0.0, 0.0, 0.0, 0.0, 0.23148147761821747, 0.0, 29.16666603088379, 4.745370388031006, 23.379629135131836], "tonal.thpcp": [1.0, 0.4928455650806427, 0.11781895905733109, 0.10702818632125854, 0.09882108867168427, 0.5210931897163391, 0.5580759644508362, 0.10971947014331818, 0.040247656404972076, 0.03786773607134819, 0.03334639221429825, 0.22201205790042877, 0.32114550471305847, 0.13652735948562622, 0.42711156606674194, 0.5427287220954895, 0.16271716356277466, 0.05089903995394707, 0.0547659769654274, 0.04580075293779373, 0.4044763743877411, 0.4760887920856476, 0.10480058193206787, 0.01753806322813034, 0.014189168810844421, 0.023153353482484818, 0.3136393427848816, 0.3692322373390198, 0.07928603887557983, 0.054185010492801666, 0.06229151785373688, 0.03089980222284794, 0.04360811784863472, 0.048277802765369415, 0.03699679300189018, 0.5874398350715637], "lowlevel.gfcc.cov": [[6145.83642578125, 49.331302642822266, -2807.55078125, -518.8092041015625, -78.21852111816406, 317.74267578125, 370.1923522949219, -23.646987915039062, -103.96662902832031, -117.6865234375, -97.78882598876953, -282.2081604003906, -33.769779205322266], [49.331302642822266, 1383.623046875, 269.3521423339844, -847.0548095703125, 81.66626739501953, -265.5520935058594, 320.5945739746094, -45.83991241455078, 224.6336669921875, -141.68113708496094, -27.29486846923828, -131.84039306640625, -34.439964294433594], [-2807.55078125, 269.3521423339844, 2900.991943359375, 215.05836486816406, -6.263104438781738, -200.64561462402344, -92.45777130126953, 147.2305145263672, 224.4600372314453, 128.55458068847656, 15.982564926147461, 160.05096435546875, -54.71891403198242], [-518.8092041015625, -847.0548095703125, 215.05836486816406, 878.7098388671875, 64.3001708984375, 112.71784210205078, -161.03085327148438, 1.8199408054351807, -109.93875885009766, 84.15184020996094, 71.97626495361328, 88.87982940673828, 66.60140991210938], [-78.21852111816406, 81.66626739501953, -6.263104438781738, 64.3001708984375, 560.7546997070312, 171.3148956298828, 298.4116516113281, 23.07630157470703, 107.2045669555664, 11.672182083129883, 95.34884643554688, 93.47156524658203, 92.58621215820312], [317.74267578125, -265.5520935058594, -200.64561462402344, 112.71784210205078, 171.3148956298828, 274.63519287109375, 96.2729721069336, 38.74688720703125, -30.03685188293457, 48.6114616394043, 25.672813415527344, 42.63619613647461, 53.92543411254883], [370.1923522949219, 320.5945739746094, -92.45777130126953, -161.03085327148438, 298.4116516113281, 96.2729721069336, 430.8225402832031, 64.86332702636719, 153.52418518066406, -7.6774373054504395, 50.457576751708984, -22.69561767578125, 74.87786865234375], [-23.646987915039062, -45.83991241455078, 147.2305145263672, 1.8199408054351807, 23.07630157470703, 38.74688720703125, 64.86332702636719, 117.7613296508789, 65.57172393798828, 28.864030838012695, -10.577131271362305, 28.002948760986328, -1.5595126152038574], [-103.96662902832031, 224.6336669921875, 224.4600372314453, -109.93875885009766, 107.2045669555664, -30.03685188293457, 153.52418518066406, 65.57172393798828, 163.86074829101562, 18.25857925415039, 34.787376403808594, 6.901630401611328, 13.330190658569336], [-117.6865234375, -141.68113708496094, 128.55458068847656, 84.15184020996094, 11.672182083129883, 48.6114616394043, -7.6774373054504395, 28.864030838012695, 18.25857925415039, 95.88330841064453, 38.920196533203125, 20.659812927246094, 7.178760528564453], [-97.78882598876953, -27.29486846923828, 15.982564926147461, 71.97626495361328, 95.34884643554688, 25.672813415527344, 50.457576751708984, -10.577131271362305, 34.787376403808594, 38.920196533203125, 85.13623046875, 23.859769821166992, 36.413185119628906], [-282.2081604003906, -131.84039306640625, 160.05096435546875, 88.87982940673828, 93.47156524658203, 42.63619613647461, -22.69561767578125, 28.002948760986328, 6.901630401611328, 20.659812927246094, 23.859769821166992, 108.20844268798828, 22.0927677154541], [-33.769779205322266, -34.439964294433594, -54.71891403198242, 66.60140991210938, 92.58621215820312, 53.92543411254883, 74.87786865234375, -1.5595126152038574, 13.330190658569336, 7.178760528564453, 36.413185119628906, 22.0927677154541, 89.81522369384766]], "lowlevel.gfcc.icov": [[0.00037803532904945314, -0.00010890328849200159, 0.00036520519643090665, -9.956841677194461e-05, 0.00031400384614244103, -0.00047884025843814015, -0.0003593627188820392, 5.38292333658319e-05, -0.0002618199505377561, -7.135221676435322e-05, 0.00030577555298805237, 7.066444959491491e-05, 0.0005642581963911653], [-0.00010890328849200159, 0.006083743181079626, -0.0013207042356953025, 0.004743008408695459, -0.001678521279245615, 0.0031823806930333376, -0.0016709647607058287, 0.0027160397730767727, -0.0014486226718872786, 0.004245748743414879, -0.0016900930786505342, 0.004238705616444349, -0.0012518311850726604], [0.00036520519643090665, -0.0013207042356953025, 0.0011514811776578426, -0.0012955941492691636, 0.0006802057032473385, -0.000598129176069051, 1.4415392797673121e-05, -0.00026608267216943204, -0.0010016957530751824, -0.0017288958188146353, 0.0014892959734424949, -0.0017226709751412272, 0.0010412391275167465], [-9.956841677194461e-05, 0.004743008408695459, -0.0012955941492691636, 0.0057371025905013084, -0.002119737910106778, 0.0025194149930030107, -3.118756285402924e-05, 0.0001476905745221302, 0.001326288445852697, 0.002993844449520111, -0.0035174780059605837, 0.004166214726865292, -0.0025961617939174175], [0.00031400384614244103, -0.001678521279245615, 0.0006802057032473385, -0.002119737910106778, 0.0065241968259215355, -0.003641283605247736, -0.003607160644605756, 0.003421392757445574, -0.002653067000210285, 0.0005027339793741703, -0.0003545964718796313, -0.006613933015614748, 0.002112354151904583], [-0.00047884025843814015, 0.0031823806930333376, -0.000598129176069051, 0.0025194149930030107, -0.003641283605247736, 0.010683334432542324, -0.002066196408122778, -0.0026238844729959965, 0.005651362240314484, -0.00285879778675735, 0.00017828759155236185, 0.0014268388040363789, -0.003209602553397417], [-0.0003593627188820392, -0.0016709647607058287, 1.4415392797673121e-05, -3.118756285402924e-05, -0.003607160644605756, -0.002066196408122778, 0.009943604469299316, -0.005132633727043867, -0.0028801525477319956, 0.0013726662145927548, -0.001915937988087535, 0.0056284642778337, -0.004453900270164013], [5.38292333658319e-05, 0.0027160397730767727, -0.00026608267216943204, 0.0001476905745221302, 0.003421392757445574, -0.0026238844729959965, -0.005132633727043867, 0.023114213719964027, -0.012294609099626541, -0.0029152457136660814, 0.010775798931717873, -0.006885611452162266, 0.002901604399085045], [-0.0002618199505377561, -0.0014486226718872786, -0.0010016957530751824, 0.001326288445852697, -0.002653067000210285, 0.005651362240314484, -0.0028801525477319956, -0.012294609099626541, 0.02265000529587269, -0.0025334605015814304, -0.008446089923381805, 0.0016645353753119707, -0.0008625721675343812], [-7.135221676435322e-05, 0.004245748743414879, -0.0017288958188146353, 0.002993844449520111, 0.0005027339793741703, -0.00285879778675735, 0.0013726662145927548, -0.0029152457136660814, -0.0025334605015814304, 0.023371202871203423, -0.013334975577890873, 0.005265273153781891, 0.0009502066532149911], [0.00030577555298805237, -0.0016900930786505342, 0.0014892959734424949, -0.0035174780059605837, -0.0003545964718796313, 0.00017828759155236185, -0.001915937988087535, 0.010775798931717873, -0.008446089923381805, -0.013334975577890873, 0.029743943363428116, -0.006360581610351801, -0.003149450058117509], [7.066444959491491e-05, 0.004238705616444349, -0.0017226709751412272, 0.004166214726865292, -0.006613933015614748, 0.0014268388040363789, 0.0056284642778337, -0.006885611452162266, 0.0016645353753119707, 0.005265273153781891, -0.006360581610351801, 0.023167002946138382, -0.005125430412590504], [0.0005642581963911653, -0.0012518311850726604, 0.0010412391275167465, -0.0025961617939174175, 0.002112354151904583, -0.003209602553397417, -0.004453900270164013, 0.002901604399085045, -0.0008625721675343812, 0.0009502066532149911, -0.003149450058117509, -0.005125430412590504, 0.01952839083969593]], "lowlevel.mfcc.cov": [[8103.8291015625, -570.7145385742188, -3134.897705078125, -1046.310546875, -854.949462890625, 56.925132751464844, 258.40289306640625, 33.16012191772461, 116.26460266113281, 203.340087890625, -153.4093475341797, 24.5250186920166, -52.16931915283203], [-570.7145385742188, 2273.883544921875, 169.29132080078125, -456.04608154296875, -306.5086975097656, -217.69932556152344, -113.16065216064453, 136.02882385253906, 197.3191680908203, 108.0609130859375, 151.2149200439453, 84.06035614013672, 1.9510655403137207], [-3134.897705078125, 169.29132080078125, 2195.07470703125, 518.2533569335938, 298.01312255859375, -142.2194061279297, -224.7758026123047, -73.16143798828125, -48.24571990966797, -25.450265884399414, 124.9000473022461, 18.020761489868164, 20.142004013061523], [-1046.310546875, -456.04608154296875, 518.2533569335938, 550.3331298828125, 253.4916229248047, 82.44457244873047, 24.864717483520508, 9.359739303588867, -40.52604293823242, -15.587067604064941, 27.78142738342285, -7.891689300537109, 16.41383171081543], [-854.949462890625, -306.5086975097656, 298.01312255859375, 253.4916229248047, 338.5268249511719, 144.7190399169922, 53.38203048706055, 36.7579460144043, -32.977176666259766, -52.39611053466797, 18.673189163208008, 7.278925895690918, 36.115936279296875], [56.925132751464844, -217.69932556152344, -142.2194061279297, 82.44457244873047, 144.7190399169922, 239.0986785888672, 182.80288696289062, 61.40085220336914, 37.812034606933594, 23.768367767333984, -7.286787986755371, 24.816181182861328, 46.918758392333984], [258.40289306640625, -113.16065216064453, -224.7758026123047, 24.864717483520508, 53.38203048706055, 182.80288696289062, 221.3794403076172, 79.55906677246094, 78.53951263427734, 63.84243392944336, 0.5833210945129395, 28.601045608520508, 39.934059143066406], [33.16012191772461, 136.02882385253906, -73.16143798828125, 9.359739303588867, 36.7579460144043, 61.40085220336914, 79.55906677246094, 184.51832580566406, 110.56037139892578, 53.1844367980957, 65.32138061523438, 21.376548767089844, -0.5710695385932922], [116.26460266113281, 197.3191680908203, -48.24571990966797, -40.52604293823242, -32.977176666259766, 37.812034606933594, 78.53951263427734, 110.56037139892578, 155.22113037109375, 104.98774719238281, 62.249610900878906, 36.66302490234375, 9.970098495483398], [203.340087890625, 108.0609130859375, -25.450265884399414, -15.587067604064941, -52.39611053466797, 23.768367767333984, 63.84243392944336, 53.1844367980957, 104.98774719238281, 125.45023345947266, 58.72366714477539, 37.31782913208008, 13.89223861694336], [-153.4093475341797, 151.2149200439453, 124.9000473022461, 27.78142738342285, 18.673189163208008, -7.286787986755371, 0.5833210945129395, 65.32138061523438, 62.249610900878906, 58.72366714477539, 103.9405288696289, 46.25053787231445, 13.687232971191406], [24.5250186920166, 84.06035614013672, 18.020761489868164, -7.891689300537109, 7.278925895690918, 24.816181182861328, 28.601045608520508, 21.376548767089844, 36.66302490234375, 37.31782913208008, 46.25053787231445, 75.98079681396484, 44.69831466674805], [-52.16931915283203, 1.9510655403137207, 20.142004013061523, 16.41383171081543, 36.115936279296875, 46.918758392333984, 39.934059143066406, -0.5710695385932922, 9.970098495483398, 13.89223861694336, 13.687232971191406, 44.69831466674805, 70.67539978027344]], "lowlevel.mfcc.icov": [[0.00043919688323512673, 0.0002651135146152228, 0.000422665907535702, 0.0003409271885175258, 0.0007762606837786734, -0.000298511324217543, 0.00025742145953699946, -0.00029956354410387576, 0.0004302354354877025, -0.0006762297125533223, -1.162731132353656e-05, -0.00042488769395276904, 0.00011406085832277313], [0.0002651135146152228, 0.0009353085770271719, 2.9466631531249732e-05, 0.0008120308048091829, 0.00096831627888605, -4.7182029447867535e-06, 0.00029671480297110975, -0.0005978231783956289, -0.00045574645628221333, 0.00021830524201504886, -0.0006605472299270332, -0.00038872225559316576, -0.0002961345890071243], [0.000422665907535702, 2.9466631531249732e-05, 0.0013350030640140176, -0.00045507532195188105, -0.0001778222795110196, 0.0003359905967954546, 0.0008513652719557285, 0.0005662710755132139, -0.00018076378910336643, -0.0008379038772545755, -0.0005146136390976608, -0.00020269012020435184, -0.00015420364798046649], [0.0003409271885175258, 0.0008120308048091829, -0.00045507532195188105, 0.004247751552611589, -0.001157741411589086, 8.179763972293586e-05, -0.0005012598121538758, -0.0010555462213233113, 0.0020016080234199762, -0.0021710009314119816, -0.000598100246861577, 0.0004992308677174151, 0.0001289115025429055], [0.0007762606837786734, 0.00096831627888605, -0.0001778222795110196, -0.001157741411589086, 0.011007052846252918, -0.007346238475292921, 0.0023275353014469147, -0.001927733886986971, 0.0004512826562859118, 0.00492870295420289, -0.004075692035257816, 0.0004938457859680057, -0.0017682138131931424], [-0.000298511324217543, -4.7182029447867535e-06, 0.0003359905967954546, 8.179763972293586e-05, -0.007346238475292921, 0.019459811970591545, -0.013052157126367092, -0.00018486246699467301, 0.00048534225788898766, -0.0006521090981550515, 0.0028894750867038965, -0.0012491537490859628, -0.001836020266637206], [0.00025742145953699946, 0.00029671480297110975, 0.0008513652719557285, -0.0005012598121538758, 0.0023275353014469147, -0.013052157126367092, 0.019584190100431442, -0.003121864516288042, -0.0022060039918869734, -0.005647381767630577, 0.004688230808824301, -0.0005452126497402787, -0.0027017758693546057], [-0.00029956354410387576, -0.0005978231783956289, 0.0005662710755132139, -0.0010555462213233113, -0.001927733886986971, -0.00018486246699467301, -0.003121864516288042, 0.01527729257941246, -0.01149442046880722, 0.007683522999286652, -0.008294195868074894, 0.002796989167109132, 0.0028229018207639456], [0.0004302354354877025, -0.00045574645628221333, -0.00018076378910336643, 0.0020016080234199762, 0.0004512826562859118, 0.00048534225788898766, -0.0022060039918869734, -0.01149442046880722, 0.028295109048485756, -0.0182411540299654, 0.00243135797791183, -0.002363551640883088, 0.0011355472961440682], [-0.0006762297125533223, 0.00021830524201504886, -0.0008379038772545755, -0.0021710009314119816, 0.00492870295420289, -0.0006521090981550515, -0.005647381767630577, 0.007683522999286652, -0.0182411540299654, 0.031096946448087692, -0.012497427873313427, 0.0009915587725117803, -0.00034094820148311555], [-1.162731132353656e-05, -0.0006605472299270332, -0.0005146136390976608, -0.000598100246861577, -0.004075692035257816, 0.0028894750867038965, 0.004688230808824301, -0.008294195868074894, 0.00243135797791183, -0.012497427873313427, 0.028589539229869843, -0.013196867890655994, 0.002666802378371358], [-0.00042488769395276904, -0.00038872225559316576, -0.00020269012020435184, 0.0004992308677174151, 0.0004938457859680057, -0.0012491537490859628, -0.0005452126497402787, 0.002796989167109132, -0.002363551640883088, 0.0009915587725117803, -0.013196867890655994, 0.0324670784175396, -0.017292886972427368], [0.00011406085832277313, -0.0002961345890071243, -0.00015420364798046649, 0.0001289115025429055, -0.0017682138131931424, -0.001836020266637206, -0.0027017758693546057, 0.0028229018207639456, 0.0011355472961440682, -0.00034094820148311555, 0.002666802378371358, -0.017292886972427368, 0.028254590928554535]], "metadata.audio_properties.analysis.downmix": "mix", "metadata.audio_properties.codec": "mp3", "metadata.audio_properties.md5_encoded": "1fc05d143b7d8aaa48a90ff523d11df4", "metadata.tags.file_name": "1183686088431255562.mp3", "metadata.version.essentia": "2.1-beta6-dev", "metadata.version.essentia_git_sha": "v2.1_beta5-1110-g77a6a954", "metadata.version.extractor": "music 2.0", "tonal.chords_key": "F", "tonal.chords_scale": "minor", "tonal.key_edma.key": "Eb", "tonal.key_edma.scale": "major", "tonal.key_krumhansl.key": "Eb", "tonal.key_krumhansl.scale": "major", "tonal.key_temperley.key": "Eb", "tonal.key_temperley.scale": "major", "metadata.tags.encoding": ["Lavf58.45.100"]}, "essentia_models": [{"model_name": "genre_dortmund", "activations": {"alternative": "0.0038550699", "blues": "0.00043339276", "electronic": "0.12965947", "folkcountry": "0.0009285419", "funksoulrnb": "0.005161358", "jazz": "0.019933531", "pop": "0.0064815795", "raphiphop": "0.728144", "rock": "0.00017825271"}}, {"model_name": "genre_rosamerica", "activations": {"classic": "0.006221751", "dance": "4.3955864e-05", "hip hop": "0.027122544", "jazz": "0.013770678", "pop": "0.012590567", "rhythm and blues": "0.2830268", 