{"song_id": "1183711013607047208", "download": "https://cdn.discordapp.com/attachments/1128313332273782784/1183711013607047208/chirp.mp4?ex=658953c9&amp", "lyrics": "\u53ef\u6190\u82b1\u306b\u5fc3\u52b1\u307e\u3055\u308c\u3000\n\u305f\u3060\u512a\u3057\u304f\u62b1\u304d\u3057\u3081\u305f\u3044\n\u3042\u306a\u305f\u306e\u305d\u306e\u4e0d\u5b89\u3092\u3000\n\u7b11\u9854\u306b\u3057\u305f\u3044\u304b\u3089\u3002\u3002\u3002\n\n\u3053\u306e\u6b4c\u3092\u98a8\u306b\u4e57\u305b\u3066\u3000\u3000\n\u3053\u306e\u611b\u3092\u5c4a\u3051\u305f\u304f\u3066\n\u3042\u306a\u305f\u3078\u306e\u52df\u308b\u601d\u3044\u306f\u3000\n\u65e5\u306b\u65e5\u306b\u5897\u3059\u3070\u304b\u308a", "style": ["indian tabla"], "essentia_features": {"lowlevel.average_loudness": 0.6976408362388611, "lowlevel.barkbands_crest.mean": 13.728812217712402, "lowlevel.barkbands_crest.stdev": 4.7792816162109375, "lowlevel.barkbands_flatness_db.mean": 0.24917368590831757, "lowlevel.barkbands_flatness_db.stdev": 0.0652570053935051, "lowlevel.barkbands_kurtosis.mean": 10.292945861816406, "lowlevel.barkbands_kurtosis.stdev": 26.847442626953125, "lowlevel.barkbands_skewness.mean": 2.0843982696533203, "lowlevel.barkbands_skewness.stdev": 1.848525047302246, "lowlevel.barkbands_spread.mean": 13.546855926513672, "lowlevel.barkbands_spread.stdev": 12.827430725097656, "lowlevel.dissonance.mean": 0.4111829698085785, "lowlevel.dissonance.stdev": 0.05186382681131363, "lowlevel.dynamic_complexity": 4.548249244689941, "lowlevel.erbbands_crest.mean": 13.629587173461914, "lowlevel.erbbands_crest.stdev": 6.029202461242676, "lowlevel.erbbands_flatness_db.mean": 0.25382766127586365, "lowlevel.erbbands_flatness_db.stdev": 0.06438541412353516, "lowlevel.erbbands_kurtosis.mean": 2.752964735031128, "lowlevel.erbbands_kurtosis.stdev": 6.430558681488037, "lowlevel.erbbands_skewness.mean": 1.0211368799209595, "lowlevel.erbbands_skewness.stdev": 1.0988582372665405, "lowlevel.erbbands_spread.mean": 27.688743591308594, "lowlevel.erbbands_spread.stdev": 17.431241989135742, "lowlevel.hfc.mean": 16.47416877746582, "lowlevel.hfc.stdev": 18.581390380859375, "lowlevel.loudness_ebu128.integrated": -18.453718185424805, "lowlevel.loudness_ebu128.loudness_range": 5.005245208740234, "lowlevel.loudness_ebu128.momentary.mean": -20.319236755371094, "lowlevel.loudness_ebu128.momentary.stdev": 4.600730895996094, "lowlevel.loudness_ebu128.short_term.mean": -18.85826301574707, "lowlevel.loudness_ebu128.short_term.stdev": 1.6398892402648926, "lowlevel.melbands_crest.mean": 16.85735511779785, "lowlevel.melbands_crest.stdev": 5.3728461265563965, "lowlevel.melbands_flatness_db.mean": 0.307569682598114, "lowlevel.melbands_flatness_db.stdev": 0.07870551943778992, "lowlevel.melbands_kurtosis.mean": 17.19756507873535, "lowlevel.melbands_kurtosis.stdev": 32.592708587646484, "lowlevel.melbands_skewness.mean": 2.6176652908325195, "lowlevel.melbands_skewness.stdev": 2.017775297164917, "lowlevel.melbands_spread.mean": 16.93975830078125, "lowlevel.melbands_spread.stdev": 20.4385929107666, "lowlevel.pitch_salience.mean": 0.5166047811508179, "lowlevel.pitch_salience.stdev": 0.14407002925872803, "lowlevel.silence_rate_20dB.mean": 1.0, "lowlevel.silence_rate_20dB.stdev": 0.0, "lowlevel.silence_rate_30dB.mean": 1.0, "lowlevel.silence_rate_30dB.stdev": 0.0, "lowlevel.silence_rate_60dB.mean": 0.22539488971233368, "lowlevel.silence_rate_60dB.stdev": 0.4178396463394165, "lowlevel.spectral_centroid.mean": 1100.005126953125, "lowlevel.spectral_centroid.stdev": 704.1953125, "lowlevel.spectral_complexity.mean": 7.773997783660889, "lowlevel.spectral_complexity.stdev": 3.49047589302063, "lowlevel.spectral_decrease.mean": -4.24833279666359e-09, "lowlevel.spectral_decrease.stdev": 3.639951451361867e-09, "lowlevel.spectral_energy.mean": 0.017528437077999115, "lowlevel.spectral_energy.stdev": 0.015255688689649105, "lowlevel.spectral_energyband_high.mean": 0.0005125578609295189, "lowlevel.spectral_energyband_high.stdev": 0.0009825177257880569, "lowlevel.spectral_energyband_low.mean": 0.0003306209109723568, "lowlevel.spectral_energyband_low.stdev": 0.0005364876706153154, "lowlevel.spectral_energyband_middle_high.mean": 0.008222061209380627, "lowlevel.spectral_energyband_middle_high.stdev": 0.012527118436992168, "lowlevel.spectral_energyband_middle_low.mean": 0.009236998856067657, "lowlevel.spectral_energyband_middle_low.stdev": 0.00837780348956585, "lowlevel.spectral_entropy.mean": 6.615537643432617, "lowlevel.spectral_entropy.stdev": 0.6420737504959106, "lowlevel.spectral_flux.mean": 0.04306258633732796, "lowlevel.spectral_flux.stdev": 0.03214641287922859, "lowlevel.spectral_kurtosis.mean": 8.978221893310547, "lowlevel.spectral_kurtosis.stdev": 10.767049789428711, "lowlevel.spectral_rms.mean": 0.003669401165097952, "lowlevel.spectral_rms.stdev": 0.0019069371046498418, "lowlevel.spectral_rolloff.mean": 1417.5443115234375, "lowlevel.spectral_rolloff.stdev": 1745.931884765625, "lowlevel.spectral_skewness.mean": 2.160034418106079, "lowlevel.spectral_skewness.stdev": 0.955680787563324, "lowlevel.spectral_spread.mean": 4498191.0, "lowlevel.spectral_spread.stdev": 1818409.75, "lowlevel.spectral_strongpeak.mean": 1.8650174140930176, "lowlevel.spectral_strongpeak.stdev": 1.9077540636062622, "lowlevel.zerocrossingrate.mean": 0.05554569885134697, "lowlevel.zerocrossingrate.stdev": 0.048661984503269196, "metadata.audio_properties.analysis.equal_loudness": 0.0, "metadata.audio_properties.analysis.length": 38.1866455078125, "metadata.audio_properties.analysis.sample_rate": 44100.0, "metadata.audio_properties.analysis.start_time": 0.0, "metadata.audio_properties.bit_rate": 116349.0, "metadata.audio_properties.length": 38.186668395996094, "metadata.audio_properties.lossless": 0.0, "metadata.audio_properties.number_channels": 1.0, "metadata.audio_properties.replay_gain": -9.924858093261719, "metadata.audio_properties.sample_rate": 48000.0, "rhythm.beats_count": 66.0, "rhythm.beats_loudness.mean": 0.020292185246944427, "rhythm.beats_loudness.stdev": 0.015080484561622143, "rhythm.bpm": 116.7423095703125, "rhythm.bpm_histogram_first_peak_bpm": 117.0, "rhythm.bpm_histogram_first_peak_weight": 0.5, "rhythm.bpm_histogram_second_peak_bpm": 105.0, "rhythm.bpm_histogram_second_peak_spread": 0.5384615659713745, "rhythm.bpm_histogram_second_peak_weight": 0.0923076942563057, "rhythm.danceability": 1.040709137916565, "rhythm.onset_rate": 2.9051177501678467, "tonal.chords_changes_rate": 0.04126213490962982, "tonal.chords_number_rate": 0.009708737954497337, "tonal.chords_strength.mean": 0.5223181843757629, "tonal.chords_strength.stdev": 0.09021628648042679, "tonal.hpcp_crest.mean": 23.61366844177246, "tonal.hpcp_crest.stdev": 9.298420906066895, "tonal.hpcp_entropy.mean": 1.0051426887512207, "tonal.hpcp_entropy.stdev": 0.7315071821212769, "tonal.key_edma.strength": 0.8289544582366943, "tonal.key_krumhansl.strength": 0.8313507437705994, "tonal.key_temperley.strength": 0.8300836086273193, "tonal.tuning_diatonic_strength": 0.6920576095581055, "tonal.tuning_equal_tempered_deviation": 0.028302187100052834, "tonal.tuning_frequency": 440.0, "tonal.tuning_nontempered_energy_ratio": 0.6459578275680542, "lowlevel.barkbands.mean": [1.946426209542551e-06, 4.4757653085980564e-05, 0.0001246178726432845, 0.000250519864493981, 0.0011174528626725078, 0.003814952215179801, 0.00174899457488209, 0.0004059865023009479, 0.0007211934425868094, 0.00451546348631382, 0.0015467895427718759, 0.0008317493484355509, 0.000443412980530411, 0.00020866816339548677, 0.0004902215441688895, 0.00011869353329529986, 0.0001030039056786336, 9.370852058054879e-05, 0.00016460414917673916, 0.000352912989910692, 0.000329852249706164, 9.313004738942254e-06, 8.653939403302502e-06, 9.074152330867946e-06, 5.930988481850363e-05, 1.2598705325217452e-05, 7.032872950674118e-09], "lowlevel.barkbands.stdev": [3.824450232059462e-06, 0.00014536859816871583, 0.0002878018422052264, 0.0004586763388942927, 0.0019746311008930206, 0.005763742607086897, 0.0028699818067252636, 0.002497459063306451, 0.0017949184402823448, 0.008741256780922413, 0.005797917954623699, 0.002031509531661868, 0.0012934249825775623, 0.0005227696965448558, 0.001302642049267888, 0.0003310444881208241, 0.0003964251955039799, 0.00045433142804540694, 0.0004305073816794902, 0.0009834807133302093, 0.000649099878501147, 6.382278661476448e-05, 5.453922858578153e-05, 4.432040805113502e-05, 0.00010713766096159816, 3.3048658224288374e-05, 6.849880662684882e-08], "lowlevel.erbbands.mean": [0.000933624105527997, 0.012921016663312912, 0.10083364695310593, 0.6667860746383667, 2.477858781814575, 3.3756837844848633, 18.248977661132812, 30.432117462158203, 33.52443313598633, 11.196113586425781, 8.546876907348633, 18.43756866455078, 98.46424102783203, 115.65609741210938, 54.59981155395508, 37.8449821472168, 25.917707443237305, 9.644466400146484, 27.905763626098633, 13.150463104248047, 5.583988666534424, 6.855648517608643, 6.308594703674316, 6.704273700714111, 10.509387016296387, 18.6489200592041, 14.90956974029541, 7.6027374267578125, 0.6100476980209351, 0.2307691127061844, 0.24391885101795197, 0.12384986132383347, 0.25493741035461426, 0.7430191040039062, 0.37238532304763794, 0.10245198756456375, 0.011256689205765724, 0.0007240842678584158, 2.9380542400758713e-05, 2.294955265824683e-05], "lowlevel.erbbands.stdev": [0.0031788263004273176, 0.03668026253581047, 0.1976802796125412, 1.0961763858795166, 4.137611389160156, 6.527989864349365, 35.82795333862305, 53.89836120605469, 52.738155364990234, 34.980098724365234, 37.06596374511719, 45.39205551147461, 200.64866638183594, 281.7633056640625, 215.77682495117188, 83.49147033691406, 62.22658920288086, 17.155807495117188, 71.21427917480469, 33.29813766479492, 12.436460494995117, 26.34271240234375, 31.14630126953125, 25.29816246032715, 17.148597717285156, 57.94781494140625, 33.70845413208008, 15.028359413146973, 2.6284046173095703, 1.4875890016555786, 1.5327733755111694, 0.7725226283073425, 0.9685412049293518, 1.4435176849365234, 0.7017443180084229, 0.23125815391540527, 0.04278238117694855, 0.003248436376452446, 6.661583756795153e-05, 1.9356644770596176e-05], "lowlevel.gfcc.mean": [-97.23075866699219, 94.39066314697266, -135.2176513671875, -13.036449432373047, -70.01548767089844, -13.671052932739258, -44.752159118652344, 6.188622951507568, -65.81224060058594, 22.199169158935547, -23.583967208862305, -9.77915096282959, 17.786039352416992], "lowlevel.melbands.mean": [1.0974780707329046e-05, 4.761425225296989e-05, 0.00015201562200672925, 0.00023168297775555402, 0.0005064739380031824, 0.0007240166305564344, 0.00045735444291494787, 0.00010688366455724463, 7.025540980976075e-05, 0.00012069102376699448, 0.0005144336610101163, 0.0005035819485783577, 0.00017429971194360405, 9.53384442254901e-05, 0.0001068705678335391, 3.139143154839985e-05, 1.6036172382882796e-05, 4.373936099000275e-05, 2.776496512524318e-05, 1.2499595868575852e-05, 4.486382294999203e-06, 8.095455086731818e-06, 5.1888760026486125e-06, 3.7999377582309535e-06, 5.506591605808353e-06, 6.673680672975024e-06, 1.1786904906330165e-05, 1.1232450560783036e-05, 7.207322596514132e-06, 1.1438041838118806e-05, 1.9077597244177014e-06, 2.3943539417814463e-07, 1.2946965455284953e-07, 1.287262705318426e-07, 1.471680377562734e-07, 1.0668197347740715e-07, 6.385845097156562e-08, 1.3431018430765107e-07, 3.017038920916093e-07, 7.683307217121182e-07], "lowlevel.melbands.stdev": [3.749165261979215e-05, 8.45106114866212e-05, 0.00019987502309959382, 0.000406127015594393, 0.0009666639380156994, 0.0011163782328367233, 0.0007051119464449584, 0.0004681867139879614, 0.00026627129409462214, 0.0003181560314260423, 0.001048219040967524, 0.0012223694939166307, 0.0006781270494684577, 0.0002738122420851141, 0.0002568510244600475, 0.00012031263759126887, 3.402847141842358e-05, 0.00011019333032891154, 8.035010250750929e-05, 3.567812018445693e-05, 1.2605454685399309e-05, 3.441643275436945e-05, 2.4672097424627282e-05, 1.7013244359986857e-05, 2.3219638023874722e-05, 1.3618127013614867e-05, 2.7177469746675342e-05, 3.8201218558242545e-05, 2.0110544937779196e-05, 2.3982851416803896e-05, 3.737233782885596e-06, 1.6155632920344942e-06, 1.078907757801062e-06, 8.711864438737393e-07, 9.407067409483716e-07, 6.812452966187266e-07, 4.3345269773453765e-07, 6.728975563419226e-07, 7.882487693677831e-07, 1.4463055322266882e-06], "lowlevel.melbands128.mean": [8.232635764215956e-07, 4.281470410205657e-06, 1.7707632650854066e-05, 1.9308710761833936e-05, 2.7351125027053058e-05, 7.513055606978014e-05, 0.00014278622984420508, 0.00010493328591110185, 0.00025978442863561213, 0.0003462579334154725, 0.00010302582086296752, 0.00016354114632122219, 0.0006561993504874408, 0.0009117545560002327, 0.0006690698210150003, 0.0006174931768327951, 0.0007618958479724824, 0.0003957750159315765, 0.0001571243192302063, 8.114223601296544e-05, 0.00012180222984170541, 5.663417687173933e-05, 6.442936137318611e-05, 8.305654773721471e-05, 8.663527842145413e-05, 0.0001276731345569715, 0.00020050627063028514, 0.0006105339271016419, 0.0007084582466632128, 0.0006888238131068647, 0.0004225584852974862, 0.00015430669009219855, 0.00012282335956115276, 0.0002714053262025118, 4.7495537728536874e-05, 6.192187720444053e-05, 0.00010886637755902484, 0.00015008033369667828, 7.749744690954685e-05, 4.105853076907806e-05, 2.56000039371429e-05, 4.043746685056249e-06, 1.2192171197966672e-05, 2.1155155991436914e-05, 3.102637856500223e-05, 5.3186897275736555e-05, 5.831424641655758e-05, 2.6134464860660955e-05, 1.684989911154844e-05, 1.1390604413463734e-05, 1.6516078176209703e-05, 7.6230076047068e-06, 4.826222721021622e-06, 2.6987561341229593e-06, 4.256416104908567e-06, 1.4899635971232783e-05, 4.0912022996053565e-06, 1.3726202041652869e-06, 7.3191404226236045e-06, 9.594309631211217e-06, 2.3071606847224757e-06, 6.857825951556151e-07, 2.388331267866306e-06, 8.918883395381272e-06, 8.353088560397737e-06, 5.443383088277187e-06, 5.728244559577433e-06, 8.176358278433327e-06, 7.685632226639427e-06, 2.719819349294994e-05, 9.614938790036831e-06, 7.108672434696928e-06, 3.930234925064724e-06, 5.467282790050376e-06, 1.3238542123872321e-05, 1.2941622117068619e-05, 1.2599280125868972e-05, 2.472582764312392e-06, 7.489385325243347e-07, 3.1059101956998347e-07, 2.7392621859689825e-07, 2.0155242452801758e-07, 1.7324528300832753e-07, 1.362471095944784e-07, 7.382701028291194e-08, 9.358682007132302e-08, 1.6323799911788228e-07, 1.6648677103603404e-07, 1.3144854449365084e-07, 1.501405080261975e-07, 1.4520217916924594e-07, 9.264054057211979e-08, 4.6146350740627895e-08, 4.2477058315171234e-08, 8.594498268621464e-08, 1.1448197767549573e-07, 1.3042560453868646e-07, 1.8818853675384162e-07, 2.2201015781320166e-07, 3.094973237693921e-07, 7.78749040364346e-07, 9.612059557184693e-07, 6.118448254710529e-07, 5.506516345121781e-07, 4.0651144672665396e-07, 2.9646670895999705e-07, 2.6582523560136906e-07, 2.9233328291411453e-07, 1.8972802706684888e-07, 6.483528380840653e-08, 3.169505191635835e-08, 3.298635320447829e-08, 3.484095856265412e-08, 2.1288801832497484e-08, 1.434687302293014e-08, 3.3343183769574125e-09, 3.058518160958812e-10, 5.651826662927961e-12, 3.232261463689823e-12, 2.7806912588496102e-12, 2.7059964512188284e-12, 2.6451464716498174e-12, 2.5986699771218813e-12, 2.547806800604069e-12, 2.462831804814214e-12, 2.3519094657920014e-12, 2.2862909482279647e-12, 2.2669893306320743e-12], "lowlevel.melbands128.stdev": [1.6341833770638914e-06, 1.4300500879471656e-05, 6.811733328504488e-05, 5.804758984595537e-05, 5.932616477366537e-05, 0.00017899628437589854, 0.00026316966977901757, 0.00018864400044549257, 0.00046417638077400625, 0.0006892125820741057, 0.00034083600621670485, 0.0006512865074910223, 0.0014861199306324124, 0.0018476248951628804, 0.0018552216934040189, 0.001402702066116035, 0.0014898903900757432, 0.0007423933129757643, 0.0005215454148128629, 0.0004063284723088145, 0.0008797558257356286, 0.0006272961618378758, 0.00021375234064180404, 0.00029798343894071877, 0.00033570860978215933, 0.0005090432241559029, 0.000740698364097625, 0.0016408091178163886, 0.001891495892778039, 0.002263250993564725, 0.0014738551108166575, 0.0008432676550000906, 0.0007856091833673418, 0.0013718362897634506, 0.00025011523393914104, 0.0002781155926641077, 0.0003391193749848753, 0.0005067833117209375, 0.0002668766537681222, 0.00015632793656550348, 0.00018410407938063145, 1.4603480849473272e-05, 3.436147017055191e-05, 5.8000114222522825e-05, 0.00011928877211175859, 0.0001733485551085323, 0.00020766437228303403, 0.0001489879796281457, 7.201374683063477e-05, 5.811340452055447e-05, 6.471625238191336e-05, 2.32077254622709e-05, 2.500552545825485e-05, 1.4028913938091137e-05, 1.9872419215971604e-05, 7.164220733102411e-05, 2.1402729544206522e-05, 7.1926483542483766e-06, 4.254587474861182e-05, 6.012027370161377e-05, 1.3785887858830392e-05, 3.097785793215735e-06, 1.2400609193718992e-05, 5.2459959988482296e-05, 3.603272853069939e-05, 1.5065960724314209e-05, 1.5923904356895946e-05, 2.48489341174718e-05, 2.2040187104721554e-05, 0.00010900263441726565, 3.6469085898716e-05, 6.008030686643906e-05, 1.5444577002199367e-05, 1.926865297718905e-05, 4.164642814430408e-05, 3.262110840296373e-05, 3.708254735101946e-05, 5.707739546778612e-06, 2.423777914373204e-06, 1.5650806517442106e-06, 2.129198946931865e-06, 1.5860881603657617e-06, 1.538105266263301e-06, 1.3085935961498762e-06, 5.781603249488398e-07, 6.650892032666889e-07, 1.2162704479123931e-06, 1.2010862064926187e-06, 8.422275072916818e-07, 1.0306553122063633e-06, 9.529638873573276e-07, 6.206802822816826e-07, 3.8998462059680605e-07, 3.6215138266015856e-07, 6.367395712914004e-07, 6.467441835411591e-07, 7.184075911936816e-07, 9.487189913670591e-07, 7.394167482743796e-07, 8.443300316685054e-07, 1.8587995782581856e-06, 1.7934368088390329e-06, 1.066150275619293e-06, 1.1997558431176003e-06, 9.738535027281614e-07, 7.187305186562298e-07, 5.335341484169476e-07, 6.626063395742676e-07, 4.955045369570144e-07, 2.563771204222576e-07, 1.6513003231466428e-07, 1.425098190566132e-07, 1.6517434175966628e-07, 1.187971392369036e-07, 8.909611892704561e-08, 2.01131413746225e-08, 2.7713034089771327e-09, 5.288653889823358e-11, 1.1132815155856512e-11, 4.575517048577282e-12, 4.4615079859700035e-12, 4.359139351567398e-12, 4.2701116080567925e-12, 4.194370111648693e-12, 4.128481410903273e-12, 4.079398277512247e-12, 4.042707574952731e-12, 4.020059458931247e-12], "lowlevel.mfcc.mean": [-766.3419799804688, 155.97300720214844, -32.648101806640625, 13.397549629211426, -16.582359313964844, -25.49319839477539, 28.5914306640625, -52.332454681396484, 14.591228485107422, -27.816593170166016, -13.783483505249023, -15.771738052368164, -2.305366039276123], "lowlevel.spectral_contrast_coeffs.mean": [-0.6190933585166931, -0.6315781474113464, -0.6408216953277588, -0.7435485124588013, -0.7519263625144958, -0.6593357920646667], "lowlevel.spectral_contrast_coeffs.stdev": [0.11503098905086517, 0.10155347734689713, 0.11960092186927795, 0.07867588847875595, 0.07911766320466995, 0.0992114394903183], "lowlevel.spectral_contrast_valleys.mean": [-8.515756607055664, -8.109174728393555, -8.571647644042969, -8.964028358459473, -8.884587287902832, -12.944334030151367], "lowlevel.spectral_contrast_valleys.stdev": [0.8756665587425232, 0.6269846558570862, 0.6538551449775696, 0.7435519099235535, 0.8869094848632812, 1.1855900287628174], "rhythm.beats_loudness_band_ratio.mean": [0.11024343967437744, 0.37972161173820496, 0.24997881054878235, 0.2688385844230652, 0.05929897725582123, 0.0463932529091835], "rhythm.beats_loudness_band_ratio.stdev": [0.15999269485473633, 0.2828556001186371, 0.22025175392627716, 0.2608258128166199, 0.07089686393737793, 0.07048613578081131], "tonal.hpcp.mean": [0.07790675759315491, 0.0427275225520134, 0.06147705763578415, 0.10727915912866592, 0.05733647570014, 0.011454586870968342, 0.009752136655151844, 0.010610566474497318, 0.07360933721065521, 0.11920037120580673, 0.06369390338659286, 0.04034910351037979, 0.05410263314843178, 0.03190438821911812, 0.015764109790325165, 0.022681523114442825, 0.037798766046762466, 0.21921098232269287, 0.3686879575252533, 0.18939684331417084, 0.026027044281363487, 0.019255710765719414, 0.015784410759806633, 0.08185916393995285, 0.13767340779304504, 0.07087544351816177, 0.016829194501042366, 0.015644986182451248, 0.024815747514367104, 0.08414633572101593, 0.11842789500951767, 0.08033701777458191, 0.22457315027713776, 0.3284601867198944, 0.1441076397895813, 0.052973672747612], "tonal.hpcp.stdev": [0.24942921102046967, 0.1430472731590271, 0.14997169375419617, 0.2411540150642395, 0.129428431391716, 0.05106928572058678, 0.0418652705848217, 0.05284274369478226, 0.1696639209985733, 0.25340506434440613, 0.14635193347930908, 0.1337650865316391, 0.1816985309123993, 0.12471309304237366, 0.064472496509552, 0.07462065666913986, 0.13048864901065826, 0.28336241841316223, 0.42258399724960327, 0.26256313920021057, 0.10417773574590683, 0.08992602676153183, 0.0667601078748703, 0.20752888917922974, 0.3040868639945984, 0.17638777196407318, 0.0883287787437439, 0.08709245920181274, 0.12553352117538452, 0.21631386876106262, 0.27745285630226135, 0.19152645766735077, 0.3012269139289856, 0.3998536765575409, 0.22976748645305634, 0.1541590392589569], "rhythm.beats_position": [0.638548731803894, 1.2887074947357178, 1.9272562265396118, 2.565804958343506, 3.2043535709381104, 3.8312923908233643, 4.446621417999268, 5.061950206756592, 5.6888885498046875, 6.327437400817871, 6.954376220703125, 7.650974750518799, 8.335963249206543, 9.055782318115234, 9.77560043334961, 10.472199440002441, 11.180407524108887, 11.877006530761719, 12.492335319519043, 13.107664108276367, 13.676552772521973, 14.233832359313965, 14.80272102355957, 15.394829750061035, 15.97532844543457, 16.544218063354492, 17.11310577392578, 17.681995391845703, 18.181224822998047, 18.692062377929688, 19.20290184020996, 19.713741302490234, 20.224580764770508, 20.73541831970215, 21.33913803100586, 21.942855834960938, 22.54657554626465, 23.15029525756836, 23.765623092651367, 24.35773277282715, 24.938230514526367, 25.50712013244629, 26.087617874145508, 26.66811752319336, 27.213787078857422, 27.747844696044922, 28.270294189453125, 28.792743682861328, 29.3151912689209, 29.779590606689453, 30.243989944458008, 30.696779251098633, 31.161178588867188, 31.613967895507812, 32.078365325927734, 32.54276657104492, 33.065216064453125, 33.58766555786133, 34.110111236572266, 34.62095260620117, 35.13179016113281, 35.64263153076172, 36.1418571472168, 36.664306640625, 37.175148010253906, 37.709205627441406], "rhythm.bpm_histogram": [0.0, 0.0, 0.0, 0.0, 0.0, 0.0, 0.0, 0.0, 0.0, 0.0, 0.0, 0.0, 0.0, 0.0, 0.0, 0.0, 0.0, 0.0, 0.0, 0.0, 0.0, 0.0, 0.0, 0.0, 0.0, 0.0, 0.0, 0.0, 0.0, 0.0, 0.0, 0.0, 0.0, 0.0, 0.0, 0.0, 0.0, 0.0, 0.0, 0.0, 0.0, 0.0, 0.0, 0.0, 0.0, 0.0, 0.0, 0.0, 0.0, 0.0, 0.0, 0.0, 0.0, 0.0, 0.0, 0.0, 0.0, 0.0, 0.0, 0.0, 0.0, 0.0, 0.0, 0.0, 0.0, 0.0, 0.0, 0.0, 0.0, 0.0, 0.0, 0.0, 0.0, 0.0, 0.0, 0.0, 0.0, 0.0, 0.0, 0.0, 0.0, 0.0, 0.0, 0.03076923079788685, 0.0, 0.015384615398943424, 0.04615384712815285, 0.0, 0.015384615398943424, 0.0, 0.0, 0.0, 0.015384615398943424, 0.0, 0.0615384615957737, 0.0, 0.04615384712815285, 0.0, 0.07692307978868484, 0.0615384615957737, 0.0, 0.03076923079788685, 0.0, 0.0615384615957737, 0.0, 0.0923076942563057, 0.0, 0.0, 0.015384615398943424, 0.0, 0.015384615398943424, 0.0, 0.03076923079788685, 0.0, 0.0, 0.10769230872392654, 0.0, 0.13846154510974884, 0.0, 0.0, 0.03076923079788685, 0.0, 0.0, 0.0, 0.0, 0.0, 0.0, 0.0, 0.0, 0.07692307978868484, 0.0, 0.0, 0.0, 0.03076923079788685, 0.0, 0.0, 0.0, 0.0, 0.0, 0.0, 0.0, 0.0, 0.0, 0.0, 0.0, 0.0, 0.0, 0.0, 0.0, 0.0, 0.0, 0.0, 0.0, 0.0, 0.0, 0.0, 0.0, 0.0, 0.0, 0.0, 0.0, 0.0, 0.0, 0.0, 0.0, 0.0, 0.0, 0.0, 0.0, 0.0, 0.0, 0.0, 0.0, 0.0, 0.0, 0.0, 0.0, 0.0, 0.0, 0.0, 0.0, 0.0, 0.0, 0.0, 0.0, 0.0, 0.0, 0.0, 0.0, 0.0, 0.0, 0.0, 0.0, 0.0, 0.0, 0.0, 0.0, 0.0, 0.0, 0.0, 0.0, 0.0, 0.0, 0.0, 0.0, 0.0, 0.0, 0.0, 0.0, 0.0, 0.0, 0.0, 0.0, 0.0, 0.0, 0.0, 0.0, 0.0, 0.0, 0.0, 0.0, 0.0, 0.0, 0.0, 0.0, 0.0, 0.0, 0.0, 0.0, 0.0, 0.0, 0.0, 0.0, 0.0, 0.0, 0.0, 0.0, 0.0, 0.0, 0.0, 0.0, 0.0, 0.0, 0.0, 0.0, 0.0, 0.0, 0.0, 0.0, 0.0], "tonal.chords_histogram": [30.582523345947266, 11.771844863891602, 29.854368209838867, 0.0, 0.0, 1.8203883171081543, 4.004854202270508, 1.334951400756836, 0.12135922163724899, 0.0, 0.0, 0.0, 0.12135922163724899, 0.0, 0.0, 0.0, 0.0, 0.0, 0.0, 0.3640776574611664, 0.0, 0.0, 8.73786449432373, 11.286407470703125], "tonal.thpcp": [1.0, 0.5137050151824951, 0.0705936923623085, 0.05222766473889351, 0.04281238466501236, 0.22202831506729126, 0.37341442704200745, 0.19223693013191223, 0.045646172016859055, 0.042434219270944595, 0.06730826944112778, 0.22823184728622437, 0.3212144374847412, 0.21789975464344025, 0.609114408493042, 0.8908894062042236, 0.39086613059043884, 0.1436815857887268, 0.21130812168121338, 0.1158907487988472, 0.16674549877643585, 0.2909754812717438, 0.1555149108171463, 0.03106851316988468, 0.026450922712683678, 0.02877925895154476, 0.19965213537216187, 0.32330963015556335, 0.1727582961320877, 0.10943970829248428, 0.14674369990825653, 0.08653493225574493, 0.042757321149110794, 0.0615195669233799, 0.10252238065004349, 0.594570517539978], "lowlevel.gfcc.cov": [[5982.28759765625, -1921.52734375, -1339.1522216796875, -51.87984085083008, -220.5581817626953, -98.64348602294922, 424.98895263671875, 453.3162536621094, -515.1279907226562, 764.2075805664062, -395.9648132324219, -147.3045196533203, 390.94659423828125], [-1921.52734375, 2138.59228515625, 528.3974609375, -101.1390380859375, 460.5865173339844, -44.53606414794922, 55.53753662109375, -296.1104736328125, -41.91048049926758, -266.6063537597656, 92.21809387207031, -244.93702697753906, -39.940284729003906], [-1339.1522216796875, 528.3974609375, 1226.8948974609375, 335.7689208984375, 50.7672119140625, 229.2963409423828, -312.4241943359375, -146.63369750976562, 114.56072235107422, -390.45068359375, 45.4366340637207, 72.48320007324219, -309.8893127441406], [-51.87984085083008, -101.1390380859375, 335.7689208984375, 709.7463989257812, 102.42086791992188, -22.276004791259766, -218.8767547607422, 47.50672149658203, 153.82559204101562, -306.670166015625, -71.63372802734375, 51.96626663208008, -230.38052368164062], [-220.5581817626953, 460.5865173339844, 50.7672119140625, 102.42086791992188, 342.4913024902344, 22.646617889404297, 3.2804312705993652, -31.87104606628418, 18.053058624267578, -57.764808654785156, -69.0593032836914, -83.98389434814453, -83.9061279296875], [-98.64348602294922, -44.53606414794922, 229.2963409423828, -22.276004791259766, 22.646617889404297, 457.89593505859375, 123.88610076904297, -156.9753875732422, 16.5168514251709, 63.93313980102539, -24.227170944213867, -44.70889663696289, -100.98169708251953], [424.98895263671875, 55.53753662109375, -312.4241943359375, -218.8767547607422, 3.2804312705993652, 123.88610076904297, 467.68560791015625, 33.092742919921875, -134.2860870361328, 271.0141296386719, 22.933061599731445, -95.7423095703125, 99.08818054199219], [453.3162536621094, -296.1104736328125, -146.63369750976562, 47.50672149658203, -31.87104606628418, -156.9753875732422, 33.092742919921875, 346.4688720703125, 47.70831298828125, 38.60719680786133, 25.061601638793945, 64.08918762207031, 46.639984130859375], [-515.1279907226562, -41.91048049926758, 114.56072235107422, 153.82559204101562, 18.053058624267578, 16.5168514251709, -134.2860870361328, 47.70831298828125, 271.7649230957031, -117.02063751220703, 36.05278778076172, 77.44376373291016, -92.3133544921875], [764.2075805664062, -266.6063537597656, -390.45068359375, -306.670166015625, -57.764808654785156, 63.93313980102539, 271.0141296386719, 38.60719680786133, -117.02063751220703, 427.6080627441406, 2.426102638244629, -51.77745056152344, 197.6086883544922], [-395.9648132324219, 92.21809387207031, 45.4366340637207, -71.63372802734375, -69.0593032836914, -24.227170944213867, 22.933061599731445, 25.061601638793945, 36.05278778076172, 2.426102638244629, 192.27491760253906, 41.6959114074707, 19.356857299804688], [-147.3045196533203, -244.93702697753906, 72.48320007324219, 51.96626663208008, -83.98389434814453, -44.70889663696289, -95.7423095703125, 64.08918762207031, 77.44376373291016, -51.77745056152344, 41.6959114074707, 156.65049743652344, 10.805994987487793], [390.94659423828125, -39.940284729003906, -309.8893127441406, -230.38052368164062, -83.9061279296875, -100.98169708251953, 99.08818054199219, 46.639984130859375, -92.3133544921875, 197.6086883544922, 19.356857299804688, 10.805994987487793, 353.798828125]], "lowlevel.gfcc.icov": [[0.0005564033635891974, 0.00031998450867831707, 0.0002407577121630311, -0.0004001470224466175, 6.165893864817917e-05, -0.0001570507447468117, 0.00020911554747726768, -0.000588954659178853, 0.0009062231401912868, -0.0005074837245047092, 0.0005530574708245695, 0.0006506213103421032, -0.0001697452535154298], [0.00031998450867831707, 0.003089519450441003, -0.001938675413839519, 0.0010773653630167246, -0.003360293572768569, 0.0023677556309849024, -0.002289661206305027, 0.001760641229338944, -0.000881027604918927, 0.0021013806108385324, -0.001353064551949501, 0.004065542947500944, -0.0021669981069862843], [0.0002407577121630311, -0.001938675413839519, 0.003385944990441203, -0.0013205899158492684, 0.002257192274555564, -0.0031721543055027723, 0.0027659970801323652, -0.0018114906270056963, 0.002187584061175585, -0.0009085102938115597, 0.0004800742899533361, -0.0028344844467937946, 0.0018534763948991895], [-0.0004001470224466175, 0.0010773653630167246, -0.0013205899158492684, 0.003431946039199829, -0.0018302432727068663, 0.0013096841285005212, -0.0012457702541723847, 0.0007861052872613072, -0.0018692840822041035, 0.0025695390067994595, -5.8669094869401306e-05, 0.0008877025684341788, -0.00011993848602287471], [6.165893864817917e-05, -0.003360293572768569, 0.002257192274555564, -0.0018302432727068663, 0.007947441190481186, -0.0025140035431832075, 0.0023985672742128372, -0.0024521141313016415, 0.0008703999919816852, -0.0025679958052933216, 0.0031062872149050236, -0.001913525746203959, 0.0027064415626227856], [-0.0001570507447468117, 0.0023677556309849024, -0.0031721543055027723, 0.0013096841285005212, -0.0025140035431832075, 0.006759856827557087, -0.004153748042881489, 0.0038799415342509747, -0.0030939271673560143, 0.0005528921028599143, -0.0002635143755469471, 0.002873216522857547, -0.0006891756784170866], [0.00020911554747726768, -0.002289661206305027, 0.0027659970801323652, -0.0012457702541723847, 0.0023985672742128372, -0.004153748042881489, 0.007159995846450329, -0.003277493640780449, 0.003264389466494322, -0.003576837945729494, -0.00014323534560389817, -0.0013167900033295155, 0.0018295851768925786], [-0.000588954659178853, 0.001760641229338944, -0.0018114906270056963, 0.0007861052872613072, -0.0024521141313016415, 0.0038799415342509747, -0.003277493640780449, 0.006609013304114342, -0.0030582237523049116, 0.001366421114653349, -0.0015996688744053245, 0.00032990871113725007, -0.001136373495683074], [0.0009062231401912868, -0.000881027604918927, 0.002187584061175585, -0.0018692840822041035, 0.0008703999919816852, -0.0030939271673560143, 0.003264389466494322, -0.0030582237523049116, 0.008361519314348698, -0.0014670827658846974, -8.881140092853457e-05, -0.002786113414913416, 0.0015013557858765125], [-0.0005074837245047092, 0.0021013806108385324, -0.0009085102938115597, 0.0025695390067994595, -0.0025679958052933216, 0.0005528921028599143, -0.003576837945729494, 0.001366421114653349, -0.0014670827658846974, 0.00868015456944704, -0.0015729564474895597, 0.0026447076816111803, -0.003179828869178891], [0.0005530574708245695, -0.001353064551949501, 0.0004800742899533361, -5.8669094869401306e-05, 0.0031062872149050236, -0.0002635143755469471, -0.00014323534560389817, -0.0015996688744053245, -8.881140092853457e-05, -0.0015729564474895597, 0.00863718893378973, -0.002484425436705351, 0.0009895823895931244], [0.0006506213103421032, 0.004065542947500944, -0.0028344844467937946, 0.0008877025684341788, -0.001913525746203959, 0.002873216522857547, -0.0013167900033295155, 0.00032990871113725007, -0.002786113414913416, 0.0026447076816111803, -0.002484425436705351, 0.016415387392044067, -0.004042624495923519], [-0.0001697452535154298, -0.0021669981069862843, 0.0018534763948991895, -0.00011993848602287471, 0.0027064415626227856, -0.0006891756784170866, 0.0018295851768925786, -0.001136373495683074, 0.0015013557858765125, -0.003179828869178891, 0.0009895823895931244, -0.004042624495923519, 0.006634395103901625]], "lowlevel.mfcc.cov": [[5072.38720703125, -1414.123046875, -1254.96484375, 392.6483154296875, -339.44464111328125, -352.7501220703125, 576.4265747070312, -715.4774780273438, 708.6355590820312, 19.275432586669922, -72.61486053466797, -101.8505630493164, 112.31780242919922], [-1414.123046875, 2141.025634765625, -86.59602355957031, -59.60335922241211, 23.306554794311523, 133.75149536132812, 345.4888916015625, -236.78231811523438, 37.70798873901367, -97.52180480957031, 15.384364128112793, -30.427125930786133, -117.35917663574219], [-1254.96484375, -86.59602355957031, 1516.3717041015625, -119.19071197509766, 394.41387939453125, 321.4075927734375, -498.71661376953125, 654.1664428710938, -504.03143310546875, 32.27274703979492, 13.340974807739258, 18.37835121154785, -174.90716552734375], [392.6483154296875, -59.60335922241211, -119.19071197509766, 549.1355590820312, 143.7438201904297, -253.519287109375, 14.398597717285156, 82.46299743652344, 56.79792404174805, -75.23175811767578, 33.99890899658203, -1.1478351354599, -75.2295913696289], [-339.44464111328125, 23.306554794311523, 394.41387939453125, 143.7438201904297, 477.219970703125, 24.718467712402344, -325.4700927734375, 334.1517028808594, -192.0885467529297, 3.688795328140259, 28.16771697998047, -16.523773193359375, -152.4492950439453], [-352.7501220703125, 133.75149536132812, 321.4075927734375, -253.519287109375, 24.718467712402344, 642.1585083007812, -5.373795032501221, 68.22332763671875, -126.81967163085938, 179.8266143798828, -57.62354278564453, -28.383975982666016, -9.280842781066895], [576.4265747070312, 345.4888916015625, -498.71661376953125, 14.398597717285156, -325.4700927734375, -5.373795032501221, 684.33349609375, -422.77935791015625, 292.9524841308594, -5.636296272277832, -12.231788635253906, 60.97040557861328, 99.19937133789062], [-715.4774780273438, -236.78231811523438, 654.1664428710938, 82.46299743652344, 334.1517028808594, 68.22332763671875, -422.77935791015625, 643.435546875, -317.9588623046875, 63.02365493774414, 56.57917022705078, 34.73099899291992, -81.03446960449219], [708.6355590820312, 37.70798873901367, -504.03143310546875, 56.79792404174805, -192.0885467529297, -126.81967163085938, 292.9524841308594, -317.9588623046875, 443.797119140625, -20.181686401367188, -2.4943771362304688, -24.563770294189453, 124.74031066894531], [19.275432586669922, -97.52180480957031, 32.27274703979492, -75.23175811767578, 3.688795328140259, 179.8266143798828, -5.636296272277832, 63.02365493774414, -20.181686401367188, 227.96380615234375, 11.45858383178711, 40.54341125488281, 7.230436325073242], [-72.61486053466797, 15.384364128112793, 13.340974807739258, 33.99890899658203, 28.16771697998047, -57.62354278564453, -12.231788635253906, 56.57917022705078, -2.4943771362304688, 11.45858383178711, 164.93865966796875, 34.57509994506836, 20.205482482910156], [-101.8505630493164, -30.427125930786133, 18.37835121154785, -1.1478351354599, -16.523773193359375, -28.383975982666016, 60.97040557861328, 34.73099899291992, -24.563770294189453, 40.54341125488281, 34.57509994506836, 169.21202087402344, 25.504011154174805], [112.31780242919922, -117.35917663574219, -174.90716552734375, -75.2295913696289, -152.4492950439453, -9.280842781066895, 99.19937133789062, -81.03446960449219, 124.74031066894531, 7.230436325073242, 20.205482482910156, 25.504011154174805, 216.7554168701172]], "lowlevel.mfcc.icov": [[0.0004932403680868447, 0.0004508864658419043, 0.0001301150768995285, -0.00019996464834548533, -0.0002455656649544835, -1.0962879059661645e-05, -0.0003700738598126918, 0.000364281062502414, -0.0003324442950543016, -0.00012844659795518965, -1.2906211850349791e-05, 0.00033304031239822507, 0.00031412363750860095], [0.0004508864658419043, 0.0010385323548689485, 0.0001565485872561112, 1.821862861106638e-05, -0.0005697666783817112, -0.00020695255079772323, -0.0008312448626384139, 0.00043719078530557454, -0.00023871802841313183, 0.00032073596958070993, -0.00029807555256411433, 0.00040420866571366787, 0.000702490215189755], [0.0001301150768995285, 0.0001565485872561112, 0.0017222230089828372, 0.00041076060733757913, -0.0002284879592480138, -0.0007064462988637388, -6.37275370536372e-05, -0.0012579129543155432, 0.00035127945011481643, 0.0009016082040034235, -6.592527643078938e-05, -0.00019673317729029804, 0.0007146241259761155], [-0.00019996464834548533, 1.821862861106638e-05, 0.00041076060733757913, 0.003228448797017336, -0.001000529038719833, 0.0008823176031000912, -0.0008809866267256439, -0.0013495873427018523, -0.0004480267525650561, 0.0006081567844375968, -0.00012100958701921627, 0.0001640183327253908, 0.0010276937391608953], [-0.0002455656649544835, -0.0005697666783817112, -0.0002284879592480138, -0.001000529038719833, 0.005189343821257353, -0.0005067014135420322, 0.001838139840401709, -0.0014882737305015326, -0.0004017199098598212, 0.0002641136816237122, -0.0003940881579183042, -0.00048478893586434424, 0.001833742717280984], [-1.0962879059661645e-05, -0.00020695255079772323, -0.0007064462988637388, 0.0008823176031000912, -0.0005067014135420322, 0.0032877286430448294, -0.0008140376885421574, 0.000260510336374864, 0.0007281845319084823, -0.002587128197774291, 0.0009550836402922869, 0.0014173616655170918, -0.0007044246303848922], [-0.0003700738598126918, -0.0008312448626384139, -6.37275370536372e-05, -0.0008809866267256439, 0.001838139840401709, -0.0008140376885421574, 0.004286451730877161, 0.0010728152701631188, -0.0008690936374478042, 0.00014150436618365347, -8.746472303755581e-05, -0.0022119528148323298, -0.00015433224325533956], [0.000364281062502414, 0.00043719078530557454, -0.0012579129543155432, -0.0013495873427018523, -0.0014882737305015326, 0.000260510336374864, 0.0010728152701631188, 0.005676833912730217, 0.0012088167713955045, -0.0015931619564071298, -0.0006558957393281162, -0.00032842386281117797, -0.0013825066853314638], [-0.0003324442950543016, -0.00023871802841313183, 0.00035127945011481643, -0.0004480267525650561, -0.0004017199098598212, 0.0007281845319084823, -0.0008690936374478042, 0.0012088167713955045, 0.00546454219147563, -0.0008519272669218481, -2.982030673592817e-05, 0.0012425945606082678, -0.0024905111640691757], [-0.00012844659795518965, 0.00032073596958070993, 0.0009016082040034235, 0.0006081567844375968, 0.0002641136816237122, -0.002587128197774291, 0.00014150436618365347, -0.0015931619564071298, -0.0008519272669218481, 0.007400687783956528, -0.0008996865362860262, -0.002135298913344741, 0.0011719617759808898], [-1.2906211850349791e-05, -0.00029807555256411433, -6.592527643078938e-05, -0.00012100958701921627, -0.0003940881579183042, 0.0009550836402922869, -8.746472303755581e-05, -0.0006558957393281162, -2.982030673592817e-05, -0.0008996865362860262, 0.007118637207895517, -0.0008280546753667295, -0.0012103350600227714], [0.00033304031239822507, 0.00040420866571366787, -0.00019673317729029804, 0.0001640183327253908, -0.00048478893586434424, 0.0014173616655170918, -0.0022119528148323298, -0.00032842386281117797, 0.0012425945606082678, -0.002135298913344741, -0.0008280546753667295, 0.008270017802715302, -0.0009860439458861947], [0.00031412363750860095, 0.000702490215189755, 0.0007146241259761155, 0.0010276937391608953, 0.001833742717280984, -0.0007044246303848922, -0.00015433224325533956, -0.0013825066853314638, -0.0024905111640691757, 0.0011719617759808898, -0.0012103350600227714, -0.0009860439458861947, 0.008200758136808872]], "metadata.audio_properties.analysis.downmix": "mix", "metadata.audio_properti