{"song_id": "1183691714402209832", "download": "https://cdn.discordapp.com/attachments/1135903449314238464/1183691714402209832/chirp.mp4?ex=658941d0&amp", "lyrics": "\u5c71\u4e0d\u5728\u9ad8\u6709\u4ed9\u5219\u540d\u3002\u6c34\u4e0d\u5728\u6df1\u6709\u9f99\u5219\u7075\u3002\u65af\u662f\u964b\u5ba4\u60df\u543e\u5fb7\u99a8\u3002\u82d4\u75d5\u4e0a\u9636\u7eff\u8349\u8272\u5165\u5e18\u9752", "style": ["random"], "essentia_features": {"lowlevel.average_loudness": 0.3690337538719177, "lowlevel.barkbands_crest.mean": 11.786617279052734, "lowlevel.barkbands_crest.stdev": 4.500794887542725, "lowlevel.barkbands_flatness_db.mean": 0.20269082486629486, "lowlevel.barkbands_flatness_db.stdev": 0.06513074040412903, "lowlevel.barkbands_kurtosis.mean": 10.290385246276855, "lowlevel.barkbands_kurtosis.stdev": 28.829160690307617, "lowlevel.barkbands_skewness.mean": 1.2101091146469116, "lowlevel.barkbands_skewness.stdev": 2.740166187286377, "lowlevel.barkbands_spread.mean": 25.18250274658203, "lowlevel.barkbands_spread.stdev": 15.839764595031738, "lowlevel.dissonance.mean": 0.45196327567100525, "lowlevel.dissonance.stdev": 0.037838470190763474, "lowlevel.dynamic_complexity": 9.568943977355957, "lowlevel.erbbands_crest.mean": 13.298628807067871, "lowlevel.erbbands_crest.stdev": 6.522622108459473, "lowlevel.erbbands_flatness_db.mean": 0.22261275351047516, "lowlevel.erbbands_flatness_db.stdev": 0.08566398918628693, "lowlevel.erbbands_kurtosis.mean": -0.1643095314502716, "lowlevel.erbbands_kurtosis.stdev": 1.6735433340072632, "lowlevel.erbbands_skewness.mean": 0.1407553255558014, "lowlevel.erbbands_skewness.stdev": 0.8419287204742432, "lowlevel.erbbands_spread.mean": 36.97861862182617, "lowlevel.erbbands_spread.stdev": 22.94098472595215, "lowlevel.hfc.mean": 15.450385093688965, "lowlevel.hfc.stdev": 15.886784553527832, "lowlevel.loudness_ebu128.integrated": -45.234222412109375, "lowlevel.loudness_ebu128.loudness_range": 10.158271789550781, "lowlevel.loudness_ebu128.momentary.mean": -72.22384643554688, "lowlevel.loudness_ebu128.momentary.stdev": 66.3221435546875, "lowlevel.loudness_ebu128.short_term.mean": -53.00412368774414, "lowlevel.loudness_ebu128.short_term.stdev": 15.696184158325195, "lowlevel.melbands_crest.mean": 17.234901428222656, "lowlevel.melbands_crest.stdev": 8.40324878692627, "lowlevel.melbands_flatness_db.mean": 0.22655338048934937, "lowlevel.melbands_flatness_db.stdev": 0.10380133986473083, "lowlevel.melbands_kurtosis.mean": 34.87183380126953, "lowlevel.melbands_kurtosis.stdev": 95.987060546875, "lowlevel.melbands_skewness.mean": 2.7036640644073486, "lowlevel.melbands_skewness.stdev": 4.150808811187744, "lowlevel.melbands_spread.mean": 46.234867095947266, "lowlevel.melbands_spread.stdev": 39.95430374145508, "lowlevel.pitch_salience.mean": 0.47539612650871277, "lowlevel.pitch_salience.stdev": 0.15312190353870392, "lowlevel.silence_rate_20dB.mean": 1.0, "lowlevel.silence_rate_20dB.stdev": 0.0, "lowlevel.silence_rate_30dB.mean": 1.0, "lowlevel.silence_rate_30dB.stdev": 0.0, "lowlevel.silence_rate_60dB.mean": 0.3462069034576416, "lowlevel.silence_rate_60dB.stdev": 0.47576066851615906, "lowlevel.spectral_centroid.mean": 2984.2548828125, "lowlevel.spectral_centroid.stdev": 2754.792724609375, "lowlevel.spectral_complexity.mean": 7.241379261016846, "lowlevel.spectral_complexity.stdev": 5.866177558898926, "lowlevel.spectral_decrease.mean": -2.9284739078150324e-09, "lowlevel.spectral_decrease.stdev": 3.409310833646373e-09, "lowlevel.spectral_energy.mean": 0.012454135343432426, "lowlevel.spectral_energy.stdev": 0.014173934236168861, "lowlevel.spectral_energyband_high.mean": 0.0006666900590062141, "lowlevel.spectral_energyband_high.stdev": 0.0008795465691946447, "lowlevel.spectral_energyband_low.mean": 0.0005168774514459074, "lowlevel.spectral_energyband_low.stdev": 0.0005591099616140127, "lowlevel.spectral_energyband_middle_high.mean": 0.005578009411692619, "lowlevel.spectral_energyband_middle_high.stdev": 0.007087537553161383, "lowlevel.spectral_energyband_middle_low.mean": 0.005993406288325787, "lowlevel.spectral_energyband_middle_low.stdev": 0.010366261005401611, "lowlevel.spectral_entropy.mean": 7.099157333374023, "lowlevel.spectral_entropy.stdev": 1.1132237911224365, "lowlevel.spectral_flux.mean": 0.0330166257917881, "lowlevel.spectral_flux.stdev": 0.02599579654633999, "lowlevel.spectral_kurtosis.mean": 3.7668285369873047, "lowlevel.spectral_kurtosis.stdev": 2.67386531829834, "lowlevel.spectral_rms.mean": 0.0027664494700729847, "lowlevel.spectral_rms.stdev": 0.0021206389646977186, "lowlevel.spectral_rolloff.mean": 3979.541259765625, "lowlevel.spectral_rolloff.stdev": 5208.12353515625, "lowlevel.spectral_skewness.mean": 1.021328091621399, "lowlevel.spectral_skewness.stdev": 0.48839566111564636, "lowlevel.spectral_spread.mean": 7690909.0, "lowlevel.spectral_spread.stdev": 10871587.0, "lowlevel.spectral_strongpeak.mean": 1.683810830116272, "lowlevel.spectral_strongpeak.stdev": 1.8782258033752441, "lowlevel.zerocrossingrate.mean": 0.12204370647668839, "lowlevel.zerocrossingrate.stdev": 0.1398913413286209, "metadata.audio_properties.analysis.equal_loudness": 0.0, "metadata.audio_properties.analysis.length": 33.64265441894531, "metadata.audio_properties.analysis.sample_rate": 44100.0, "metadata.audio_properties.analysis.start_time": 0.0, "metadata.audio_properties.bit_rate": 100938.0, "metadata.audio_properties.length": 33.64266586303711, "metadata.audio_properties.lossless": 0.0, "metadata.audio_properties.number_channels": 1.0, "metadata.audio_properties.replay_gain": 17.346467971801758, "metadata.audio_properties.sample_rate": 48000.0, "rhythm.beats_count": 73.0, "rhythm.beats_loudness.mean": 0.013624142855405807, "rhythm.beats_loudness.stdev": 0.015667526051402092, "rhythm.bpm": 120.38038635253906, "rhythm.bpm_histogram_first_peak_bpm": 120.0, "rhythm.bpm_histogram_first_peak_weight": 0.6111111044883728, "rhythm.bpm_histogram_second_peak_bpm": 129.0, "rhythm.bpm_histogram_second_peak_spread": 0.5, "rhythm.bpm_histogram_second_peak_weight": 0.0972222238779068, "rhythm.danceability": 0.8397233486175537, "rhythm.onset_rate": 1.0101813077926636, "tonal.chords_changes_rate": 0.03443526104092598, "tonal.chords_number_rate": 0.013774104416370392, "tonal.chords_strength.mean": 0.47109851241111755, "tonal.chords_strength.stdev": 0.16896167397499084, "tonal.hpcp_crest.mean": 13.926530838012695, "tonal.hpcp_crest.stdev": 7.122796535491943, "tonal.hpcp_entropy.mean": 1.44601309299469, "tonal.hpcp_entropy.stdev": 0.7429365515708923, "tonal.key_edma.strength": 0.6463301777839661, "tonal.key_krumhansl.strength": 0.6467979550361633, "tonal.key_temperley.strength": 0.6043794751167297, "tonal.tuning_diatonic_strength": 0.4175375998020172, "tonal.tuning_equal_tempered_deviation": 0.10933921486139297, "tonal.tuning_frequency": 442.0379333496094, "tonal.tuning_nontempered_energy_ratio": 0.7641258239746094, "lowlevel.barkbands.mean": [7.989884034032002e-05, 0.0004546862910501659, 6.621039574383758e-06, 1.811612150959263e-06, 6.999597826506943e-05, 0.0014680661261081696, 0.0019279300468042493, 0.0010599195957183838, 0.0012552108382806182, 0.0007423029164783657, 0.001415794133208692, 0.00011451241152826697, 0.0006029097712598741, 0.000700385426171124, 0.00020505962311290205, 0.00026887122658081353, 0.0005805079126730561, 0.00020643370226025581, 0.0002462920674588531, 0.000776188971940428, 0.00017280109750572592, 7.089515565894544e-05, 1.4271839063439984e-05, 7.673989784962032e-06, 3.642200226749992e-06, 1.4316344731923891e-06, 2.9855243610654725e-08], "lowlevel.barkbands.stdev": [0.00011246309441048652, 0.000520165718626231, 1.0689080227166414e-05, 2.905877863668138e-06, 0.0002394702605670318, 0.002490432932972908, 0.005363797303289175, 0.003524402156472206, 0.003532137954607606, 0.002059602877125144, 0.004644527565687895, 0.000631663016974926, 0.0017136747483164072, 0.001996319741010666, 0.00043508774251677096, 0.0005237621371634305, 0.001379634253680706, 0.00034149319981224835, 0.00045331422006711364, 0.001090507721528411, 0.00026540280668996274, 0.0001104254843085073, 2.1204366930760443e-05, 1.1285974323982373e-05, 5.842456630489323e-06, 2.951044507426559e-06, 5.1438554748983734e-08], "lowlevel.erbbands.mean": [0.02458043396472931, 0.05629776418209076, 0.014123890548944473, 0.006299411412328482, 0.012129729613661766, 0.18425814807415009, 3.8563618659973145, 15.590481758117676, 11.244686126708984, 51.020423889160156, 19.261764526367188, 37.98469543457031, 15.386787414550781, 33.46222686767578, 51.15598678588867, 10.809167861938477, 33.47879409790039, 32.95818328857422, 15.887805938720703, 18.672121047973633, 11.69965648651123, 25.60125732421875, 17.412927627563477, 13.399908065795898, 14.374659538269043, 52.59497833251953, 9.198807716369629, 5.738042831420898, 2.328526735305786, 1.3635601997375488, 0.38987213373184204, 0.20055386424064636, 0.10367479920387268, 0.04224307835102081, 0.024713393300771713, 0.010061095468699932, 0.001883527496829629, 0.0001694990787655115, 1.4826227925368585e-05, 1.632658313610591e-05], "lowlevel.erbbands.stdev": [0.028096631169319153, 0.06441021710634232, 0.01502072624862194, 0.007186966948211193, 0.01866290345788002, 0.4805285930633545, 6.556526184082031, 27.571474075317383, 29.284175872802734, 152.95321655273438, 71.79556274414062, 105.1106948852539, 32.85780715942383, 81.64408874511719, 163.89459228515625, 33.75531005859375, 89.86483764648438, 93.73149108886719, 41.12240219116211, 31.32005500793457, 27.808204650878906, 53.682762145996094, 38.0819206237793, 20.128358840942383, 25.160017013549805, 74.46235656738281, 13.871284484863281, 10.973017692565918, 3.6080515384674072, 2.0603389739990234, 0.5287836194038391, 0.3151768147945404, 0.1557236909866333, 0.06445050239562988, 0.040219854563474655, 0.017715299502015114, 0.004864766262471676, 0.0004680877609644085, 1.466367939428892e-05, 1.7609836504561827e-05], "lowlevel.gfcc.mean": [-244.20457458496094, 48.50436782836914, -138.64918518066406, 35.32817459106445, -50.152374267578125, 12.760942459106445, -4.869758129119873, 17.700546264648438, -13.085041999816895, 14.794408798217773, 4.430819511413574, 15.743633270263672, 13.579313278198242], "lowlevel.melbands.mean": [0.00016490722191520035, 2.482849777152296e-05, 1.1266772617091192e-06, 3.4867014164774446e-06, 0.00011400177754694596, 0.0003232876188121736, 0.00021964516781736165, 0.0004900673520751297, 0.00015347691078204662, 0.00021716440096497536, 6.732145993737504e-05, 0.00012233748566359282, 0.00022427368094213307, 1.5443656593561172e-05, 5.501416671904735e-05, 5.5005446483846754e-05, 6.547235534526408e-05, 2.9365932277869433e-05, 1.590811734786257e-05, 2.38790235016495e-05, 1.1167931916133966e-05, 2.3564953153254464e-05, 3.257957359892316e-05, 1.0481981007615104e-05, 1.0196676157647744e-05, 1.0473366273799911e-05, 1.668188997427933e-05, 3.581965938792564e-05, 3.601038315537153e-06, 5.08808761878754e-06, 2.340678520340589e-06, 9.699741667645867e-07, 1.8759368458631798e-06, 3.573184983451938e-07, 2.356275388137874e-07, 1.291615063792051e-07, 1.0948556905532314e-07, 8.235209492113427e-08, 4.322588154082041e-08, 3.256966607523282e-08], "lowlevel.melbands.stdev": [0.0001850434928201139, 2.5670366085250862e-05, 1.3510189091903158e-06, 9.988883903133683e-06, 0.00018614732834976166, 0.0005799276405014098, 0.0005342657677829266, 0.0014506597071886063, 0.0005755776073783636, 0.0005874450434930623, 0.0001649124315008521, 0.000334095791913569, 0.0007383529446087778, 6.372134521370754e-05, 0.00014595089305657893, 0.00012832762149628252, 0.00020827629487030208, 8.68507195264101e-05, 2.6653411623556167e-05, 4.1353501728735864e-05, 3.239518264308572e-05, 4.733285459224135e-05, 0.00010313675738871098, 2.098428740282543e-05, 1.783164407243021e-05, 2.5963916414184496e-05, 2.2080017515690997e-05, 5.153957681613974e-05, 6.788038717786549e-06, 8.722317943465896e-06, 5.078028152638581e-06, 1.4263612229115097e-06, 4.083717612957116e-06, 6.448041176554398e-07, 3.2858173426575377e-07, 2.5206804821209516e-07, 1.724512372902609e-07, 1.33948077518653e-07, 6.850626022014694e-08, 5.424904259143659e-08], "lowlevel.melbands128.mean": [5.4650590755045414e-05, 0.0002391691814409569, 0.00019489388796500862, 5.7940520491683856e-05, 7.5619109338731505e-06, 2.5489075596851762e-06, 1.0622098898238619e-06, 8.977176548796706e-07, 9.034014283315628e-07, 7.716603818153089e-07, 1.8738176095212111e-06, 3.105640280409716e-05, 9.032979869516566e-05, 0.000254171114647761, 0.000489005702547729, 0.00026194090605713427, 0.0001446762471459806, 8.237492147600278e-05, 0.0003800252452492714, 0.0009359783143736422, 0.00025344171444885433, 8.966616587713361e-05, 0.0001365241623716429, 0.00017559176194481552, 0.00039461374399252236, 0.0001566811406519264, 2.607563692436088e-05, 8.974092634161934e-05, 3.238475619582459e-05, 0.00016568039427511394, 8.784753299551085e-05, 0.00015627799439243972, 0.0004508484562393278, 5.1736802561208606e-05, 1.470018673899176e-06, 1.563026489748154e-05, 2.9431052098516375e-05, 3.7846700706722913e-06, 0.00013262112042866647, 9.407665493199602e-05, 3.369338173797587e-06, 5.2881703595630825e-05, 5.956127279205248e-05, 9.630401473259553e-05, 3.783037027460523e-05, 1.451573280064622e-05, 2.0647414203267545e-05, 6.329821644612821e-07, 1.0643721907399595e-05, 5.9311059885658324e-05, 1.1701024050125852e-05, 1.0506313628866337e-05, 1.694176171440631e-05, 4.273787908459781e-06, 1.586815960763488e-05, 2.7968148060608655e-05, 9.753949598234612e-06, 8.027724834391847e-05, 1.3988638784212526e-05, 1.2919621212859056e-06, 1.098364737117663e-05, 1.7510763427708298e-05, 1.2908584722026717e-05, 6.911475793458521e-06, 7.073364031384699e-06, 1.320858336839592e-05, 1.257694839296164e-05, 9.460638921154896e-07, 8.055594094003027e-07, 5.943168798694387e-05, 6.609058618778363e-05, 3.930462753487518e-06, 1.5706890508226934e-06, 3.95588767787558e-06, 4.775350134877954e-06, 5.701318968931446e-06, 4.530655587586807e-06, 5.6696303545322735e-06, 4.808704829883936e-07, 1.3655393331646337e-06, 9.638727078709053e-07, 3.0126449246381526e-07, 1.9991855424450478e-06, 3.237680402889964e-06, 3.4612327226568596e-07, 4.962233788319281e-07, 3.462135396148369e-07, 1.644667122491228e-07, 3.0601151479459077e-07, 2.0487159702042845e-07, 1.0962865815145051e-07, 8.941472628976044e-08, 1.8832469095286797e-07, 1.0092022506569265e-07, 6.01418079781979e-08, 1.23957846653866e-07, 7.987504346829155e-08, 4.763323602219316e-08, 5.1335710793409817e-08, 2.872013737942325e-08, 3.68025254715576e-08, 2.6610861070253122e-08, 4.1115150395398814e-08, 3.43152990467388e-08, 2.6321091084469117e-08, 1.8996278328131666e-08, 3.394178804683179e-08, 1.2393726933623839e-08, 1.4465187270218394e-08, 1.87461441925052e-08, 1.960492035379957e-08, 3.902074219297447e-09, 3.034881235208786e-09, 2.6105033690271284e-09, 3.5930167729958384e-09, 1.372918445596838e-09, 3.892756950119036e-10, 2.6732277502716784e-10, 1.1611344524764533e-10, 9.393417294001338e-11, 8.994380934490565e-11, 9.0049571965789e-11, 9.246561849529655e-11, 8.810845802953438e-11, 6.535806618135354e-11, 2.5809082301875286e-11, 4.5747485660774245e-12, 1.5820511133773918e-12], "lowlevel.melbands128.stdev": [6.18804115219973e-05, 0.0002721180208027363, 0.00022703377180732787, 6.495011621154845e-05, 9.227867849403992e-06, 3.833010396192549e-06, 1.4557230088030337e-06, 1.560877421979967e-06, 1.7636097027207143e-06, 1.4711024505231762e-06, 4.381634880701313e-06, 0.00010937506885966286, 0.00029053795151412487, 0.000413965608458966, 0.0009205538663081825, 0.0008294301223941147, 0.0008017157670110464, 0.00032101807300932705, 0.0011328175896778703, 0.002964123385027051, 0.0009604425285942852, 0.0005118552362546325, 0.0009521238971501589, 0.0006191590218804777, 0.0012591180857270956, 0.0003887879429385066, 7.559410732937977e-05, 0.00032055104384198785, 8.47354531288147e-05, 0.0006330342148430645, 0.00030296415206976235, 0.0005309538100846112, 0.001515581039711833, 0.0001544887199997902, 4.563539278024109e-06, 9.043161117006093e-05, 0.00017283378110732883, 1.0835165085154586e-05, 0.00039915452362038195, 0.0002785845717880875, 1.1671295396809e-05, 0.00018678118067327887, 0.000191770275705494, 0.0004509039572440088, 0.00020808623230550438, 4.9487847718410194e-05, 8.54315803735517e-05, 1.7740649127517827e-06, 2.458702692820225e-05, 0.00011362912482582033, 3.7869303923798725e-05, 5.063528078608215e-05, 7.880122575443238e-05, 1.2122945008741226e-05, 5.5286796850850806e-05, 8.531874482287094e-05, 2.5854624254861847e-05, 0.00028492932324297726, 3.662400195025839e-05, 4.070228897035122e-06, 3.251271846238524e-05, 3.30742695950903e-05, 3.409404962440021e-05, 1.9619983504526317e-05, 2.5916218874044716e-05, 4.634721699403599e-05, 3.529738023644313e-05, 3.6790479498449713e-06, 2.0016948383272393e-06, 8.74532779562287e-05, 0.0001028569822665304, 2.1145218852325343e-05, 3.5217899494455196e-06, 1.0876521628233604e-05, 1.5598088793922216e-05, 1.4502385056403e-05, 1.0589746125333477e-05, 1.6971080185612664e-05, 1.1388466418793541e-06, 3.296451950518531e-06, 2.6234142751491163e-06, 6.486181405307434e-07, 4.906096819468075e-06, 7.65429012972163e-06, 8.52865753131482e-07, 1.343386998087226e-06, 8.390671268898586e-07, 3.024530315087759e-07, 4.890957256975526e-07, 4.885224598183413e-07, 2.0419324187059829e-07, 4.6698784217369393e-07, 2.7236089295001875e-07, 1.7755736791968957e-07, 1.6388055712468486e-07, 2.9645633503605495e-07, 1.4863840647194593e-07, 7.275548341567628e-08, 1.0267272188002607e-07, 6.183303469242674e-08, 6.193630497364211e-08, 4.772253348050981e-08, 1.2926335557494895e-07, 5.4491845702386854e-08, 4.9482530073419184e-08, 4.0197978279366e-08, 6.463188384486784e-08, 2.4623677319368653e-08, 3.246838531367757e-08, 3.626979250270779e-08, 7.174697458367518e-08, 1.0871777256227233e-08, 1.5084374638263398e-08, 1.2453098108267113e-08, 1.4199443398865697e-08, 5.37749977880253e-09, 1.4950966020776946e-09, 9.492564512214585e-10, 9.668389699957203e-11, 4.034506756456224e-11, 3.764514047710499e-11, 3.829305275648842e-11, 3.8971902094342425e-11, 3.683424745770658e-11, 2.7839439087351536e-11, 1.1130780325219192e-11, 3.4386285052007137e-12, 2.9826781235836597e-12], "lowlevel.mfcc.mean": [-829.6419677734375, 74.76268005371094, -20.404550552368164, 28.536861419677734, -16.534360885620117, 6.45938777923584, 11.736627578735352, 7.642829895019531, 7.3161396980285645, 9.153753280639648, -3.4582536220550537, 1.0236634016036987, 16.84885025024414], "lowlevel.spectral_contrast_coeffs.mean": [-0.764643132686615, -0.7245756387710571, -0.680458128452301, -0.7390211820602417, -0.7225980758666992, -0.7290198802947998], "lowlevel.spectral_contrast_coeffs.stdev": [0.10590369254350662, 0.1711157262325287, 0.14602060616016388, 0.12124335765838623, 0.12622907757759094, 0.12078805267810822], "lowlevel.spectral_contrast_valleys.mean": [-10.860430717468262, -10.650848388671875, -11.133177757263184, -11.326047897338867, -10.886540412902832, -13.653339385986328], "lowlevel.spectral_contrast_valleys.stdev": [5.395267486572266, 5.581915855407715, 5.3598246574401855, 5.350407123565674, 5.489604473114014, 4.497376441955566], "rhythm.beats_loudness_band_ratio.mean": [0.23320437967777252, 0.09455812722444534, 0.1996026188135147, 0.23951232433319092, 0.07431300729513168, 0.11667144298553467], "rhythm.beats_loudness_band_ratio.stdev": [0.33939334750175476, 0.1391100138425827, 0.2561238408088684, 0.23082679510116577, 0.07198667526245117, 0.14649586379528046], "tonal.hpcp.mean": [0.0970073863863945, 0.050107192248106, 0.00495065888389945, 0.005012709181755781, 0.003534115618094802, 0.1134084165096283, 0.4134689271450043, 0.3121143877506256, 0.016404293477535248, 0.02645397186279297, 0.02233792468905449, 0.008706612512469292, 0.009682671166956425, 0.004419239237904549, 0.03078198805451393, 0.06454980373382568, 0.03834684193134308, 0.01443270593881607, 0.017397472634911537, 0.009018649347126484, 0.08827810734510422, 0.22732041776180267, 0.16586971282958984, 0.11564510315656662, 0.13415810465812683, 0.043671950697898865, 0.011420509777963161, 0.045892227441072464, 0.04321552440524101, 0.0668298527598381, 0.272518515586853, 0.3658424913883209, 0.18866503238677979, 0.04625425487756729, 0.016538288444280624, 0.054896268993616104], "tonal.hpcp.stdev": [0.2668045461177826, 0.14767864346504211, 0.042279861867427826, 0.04238969832658768, 0.023673774674534798, 0.18545113503932953, 0.4347021281719208, 0.351203054189682, 0.06044544279575348, 0.14105761051177979, 0.12431976944208145, 0.037208251655101776, 0.04269549250602722, 0.03881378471851349, 0.09750831127166748, 0.18940469622612, 0.12140534073114395, 0.05033901706337929, 0.06450369209051132, 0.053063880652189255, 0.15124157071113586, 0.3744983673095703, 0.2525292634963989, 0.21824738383293152, 0.2382926344871521, 0.09161614626646042, 0.03773602470755577, 0.12032285332679749, 0.10739799588918686, 0.13319487869739532, 0.34543606638908386, 0.3989946246147156, 0.2717590034008026, 0.12163460999727249, 0.06679318100214005, 0.14920976758003235], "rhythm.beats_position": [0.3250793516635895, 0.650158703327179, 0.9868480563163757, 1.3119274377822876, 1.6370067596435547, 1.9620860815048218, 2.2987754344940186, 2.623854875564575, 2.983764171600342, 3.3436734676361084, 3.703582763671875, 4.051881790161133, 4.4117913246154785, 4.852970600128174, 5.294149398803711, 5.735328674316406, 6.2461676597595215, 6.745396614074707, 7.244625568389893, 7.743854522705078, 8.231473922729492, 8.73070240020752, 9.229931831359863, 9.729161262512207, 10.205169677734375, 10.692789077758789, 11.168798446655273, 11.656416893005371, 12.097596168518066, 12.561995506286621, 13.02639389038086, 13.479183197021484, 13.93197250366211, 14.373151779174805, 14.8143310546875, 15.255510330200195, 15.708298683166504, 16.161088943481445, 16.59065818786621, 17.008617401123047, 17.414966583251953, 17.80970573425293, 18.216054916381836, 18.622404098510742, 19.02875328063965, 19.423492431640625, 19.82984161376953, 20.224580764770508, 20.619319915771484, 21.08371925354004, 21.54811668395996, 22.012516021728516, 22.50013542175293, 22.987754821777344, 23.475374221801758, 23.951383590698242, 24.415781021118164, 24.88018035888672, 25.379409790039062, 25.890249252319336, 26.40108871459961, 26.91192626953125, 27.422765731811523, 27.945215225219727, 28.514102935791016, 29.082992553710938, 29.65188217163086, 30.243989944458008, 30.83609962463379, 31.428207397460938, 32.02031707763672, 32.6124267578125, 33.20453643798828], "rhythm.bpm_histogram": [0.0, 0.0, 0.0, 0.0, 0.0, 0.0, 0.0, 0.0, 0.0, 0.0, 0.0, 0.0, 0.0, 0.0, 0.0, 0.0, 0.0, 0.0, 0.0, 0.0, 0.0, 0.0, 0.0, 0.0, 0.0, 0.0, 0.0, 0.0, 0.0, 0.0, 0.0, 0.0, 0.0, 0.0, 0.0, 0.0, 0.0, 0.0, 0.0, 0.0, 0.0, 0.0, 0.0, 0.0, 0.0, 0.0, 0.0, 0.0, 0.0, 0.0, 0.0, 0.0, 0.0, 0.0, 0.0, 0.0, 0.0, 0.0, 0.0, 0.0, 0.0, 0.0, 0.0, 0.0, 0.0, 0.0, 0.0, 0.0, 0.0, 0.0, 0.0, 0.0, 0.0, 0.0, 0.0, 0.0, 0.0, 0.0, 0.0, 0.0, 0.0, 0.0, 0.0, 0.0, 0.0, 0.0, 0.0, 0.0, 0.0, 0.0, 0.0, 0.0, 0.0, 0.0, 0.0, 0.0, 0.0, 0.0, 0.0, 0.0, 0.0, 0.0833333358168602, 0.0, 0.0, 0.0, 0.0416666679084301, 0.0, 0.0, 0.0, 0.0, 0.0, 0.0, 0.0, 0.0, 0.0, 0.013888888992369175, 0.0, 0.0694444477558136, 0.0, 0.0, 0.0972222238779068, 0.0, 0.0, 0.0833333358168602, 0.0, 0.0, 0.0416666679084301, 0.0, 0.0, 0.0972222238779068, 0.0, 0.0, 0.0, 0.0555555559694767, 0.0, 0.0, 0.0972222238779068, 0.0, 0.0, 0.0, 0.013888888992369175, 0.0, 0.0, 0.0, 0.013888888992369175, 0.0, 0.0, 0.0, 0.0694444477558136, 0.0, 0.0, 0.0, 0.0555555559694767, 0.0, 0.0, 0.0, 0.0, 0.0, 0.0, 0.0, 0.0, 0.0, 0.0, 0.0, 0.0, 0.0, 0.0, 0.0555555559694767, 0.0, 0.0, 0.0, 0.0, 0.013888888992369175, 0.0, 0.0, 0.0, 0.0, 0.0, 0.02777777798473835, 0.0, 0.0, 0.0, 0.0, 0.0, 0.0, 0.0694444477558136, 0.0, 0.0, 0.0, 0.0, 0.0, 0.0, 0.0, 0.0, 0.0, 0.0, 0.0, 0.0, 0.0, 0.0, 0.0, 0.0, 0.0, 0.0, 0.0, 0.0, 0.0, 0.0, 0.0, 0.0, 0.0, 0.0, 0.0, 0.0, 0.0, 0.0, 0.0, 0.0, 0.0, 0.0, 0.0, 0.0, 0.0, 0.0, 0.0, 0.0, 0.0, 0.0, 0.0, 0.0, 0.0, 0.0, 0.0, 0.0, 0.0, 0.0, 0.0, 0.0, 0.0, 0.0, 0.0, 0.0, 0.0, 0.0, 0.0, 0.0, 0.0, 0.0, 0.0, 0.0], "tonal.chords_histogram": [48.8980712890625, 9.779614448547363, 3.443526268005371, 0.0, 0.0, 0.0, 0.0, 1.6528925895690918, 0.0, 3.3057851791381836, 0.13774104416370392, 0.0, 0.0, 0.0, 0.0, 0.0, 0.5509641766548157, 0.0, 0.0, 1.5151515007019043, 6.060606002807617, 6.060606002807617, 7.02479362487793, 11.570247650146484], "tonal.thpcp": [1.0, 0.7548677921295166, 0.0396747924387455, 0.06398055702447891, 0.054025642573833466, 0.021057477220892906, 0.023418135941028595, 0.010688201524317265, 0.0744481310248375, 0.15611766278743744, 0.09274419397115707, 0.03490638732910156, 0.04207685589790344, 0.021812157705426216, 0.21350602805614471, 0.5497884154319763, 0.40116608142852783, 0.2796947956085205, 0.3244696259498596, 0.10562329739332199, 0.027621204033493996, 0.1109931692481041, 0.10451939702033997, 0.16163210570812225, 0.6591027975082397, 0.8848125338554382, 0.45629796385765076, 0.11186875402927399, 0.039998866617679596, 0.13277000188827515, 0.23461832106113434, 0.12118732184171677, 0.011973472312092781, 0.012123544700443745, 0.008547475561499596, 0.274285227060318], "lowlevel.gfcc.cov": [[132138.90625, 8197.625, -21700.79296875, 2955.64501953125, -8287.701171875, -954.574462890625, -2282.032958984375, 1579.3167724609375, -859.1876220703125, 2597.1943359375, 1785.678955078125, 1864.182861328125, 2386.66796875], [8197.625, 1248.0631103515625, -1473.46826171875, -228.4424591064453, -731.92431640625, -517.6610717773438, -589.6226806640625, 33.13794708251953, 186.36380004882812, 245.63961791992188, 225.73675537109375, -75.6327896118164, 31.669200897216797], [-21700.79296875, -1473.46826171875, 4799.34814453125, -266.0818176269531, 1625.494140625, 598.7573852539062, 500.3143005371094, -74.93659210205078, 63.28676986694336, -473.90142822265625, -579.8140258789062, -317.11370849609375, -639.5833740234375], [2955.64501953125, -228.4424591064453, -266.0818176269531, 831.0985107421875, 110.15855407714844, 505.3987121582031, 559.4214477539062, 35.62773895263672, -269.267578125, -130.93780517578125, -55.83977127075195, 253.56924438476562, 270.2787780761719], [-8287.701171875, -731.92431640625, 1625.494140625, 110.15855407714844, 854.3614501953125, 469.0924377441406, 468.21337890625, -34.65680694580078, -87.32257843017578, -263.98193359375, -240.166259765625, -31.6374568939209, -110.47686004638672], [-954.574462890625, -517.6610717773438, 598.7573852539062, 505.3987121582031, 469.0924377441406, 731.222412109375, 649.1275634765625, 81.81669616699219, -276.1432800292969, -189.21426391601562, -208.06773376464844, 165.46310424804688, 92.83840942382812], [-2282.032958984375, -589.6226806640625, 500.3143005371094, 559.4214477539062, 468.21337890625, 649.1275634765625, 885.680908203125, 43.91434860229492, -315.3904113769531, -252.7315216064453, -144.09320068359375, 182.43185424804688, 156.23341369628906], [1579.3167724609375, 33.13794708251953, -74.93659210205078, 35.62773895263672, -34.65680694580078, 81.81669616699219, 43.91434860229492, 155.25218200683594, -6.12725305557251, 39.8175163269043, -41.31940841674805, -16.54210090637207, -61.32402038574219], [-859.1876220703125, 186.36380004882812, 63.28676986694336, -269.267578125, -87.32257843017578, -276.1432800292969, -315.3904113769531, -6.12725305557251, 235.0168914794922, 103.18879699707031, 32.7556037902832, -156.16787719726562, -144.1283721923828], [2597.1943359375, 245.63961791992188, -473.90142822265625, -130.93780517578125, -263.98193359375, -189.21426391601562, -252.7315216064453, 39.8175163269043, 103.18879699707031, 193.6102294921875, 79.929443359375, -46.06224060058594, -34.020572662353516], [1785.678955078125, 225.73675537109375, -579.8140258789062, -55.83977127075195, -240.166259765625, -208.06773376464844, -144.09320068359375, -41.31940841674805, 32.7556037902832, 79.929443359375, 180.8382110595703, 38.07361602783203, 83.72252655029297], [1864.182861328125, -75.6327896118164, -317.11370849609375, 253.56924438476562, -31.6374568939209, 165.46310424804688, 182.43185424804688, -16.54210090637207, -156.16787719726562, -46.06224060058594, 38.07361602783203, 227.55857849121094, 188.55380249023438], [2386.66796875, 31.669200897216797, -639.5833740234375, 270.2787780761719, -110.47686004638672, 92.83840942382812, 156.23341369628906, -61.32402038574219, -144.1283721923828, -34.020572662353516, 83.72252655029297, 188.55380249023438, 294.18548583984375]], "lowlevel.gfcc.icov": [[0.00039123668102547526, -0.000986405648291111, 0.0011398448841646314, -0.0010800311574712396, 0.0013545711990445852, -0.0015067391796037555, 0.00123498251195997, -0.0011181936133652925, 0.0014160146238282323, -0.0010088121052831411, 0.001233141403645277, -0.0012091700918972492, 0.0014989039627835155], [-0.000986405648291111, 0.004561308771371841, -0.0025179076474159956, 0.002652057446539402, -0.002337861806154251, 0.00322394329123199, -0.0022505056113004684, 0.0024514428805559874, -0.004293288104236126, 0.0037655425257980824, -0.003841083962470293, 0.0039840033277869225, -0.00371662899851799], [0.0011398448841646314, -0.0025179076474159956, 0.004550485871732235, -0.0031366783659905195, 0.002563225105404854, -0.004355106968432665, 0.003778769401833415, -0.0022739297710359097, 0.003958505112677813, -0.0021332637406885624, 0.004380011931061745, -0.003957446198910475, 0.0066374014131724834], [-0.0010800311574712396, 0.002652057446539402, -0.0031366783659905195, 0.006551429163664579, -0.00262472708709538, 0.002143598161637783, -0.004592972807586193, 0.003068043850362301, -0.005245531443506479, 0.0033609108068048954, -0.0030018710531294346, 0.002477996749803424, -0.00586042832583189], [0.0013545711990445852, -0.002337861806154251, 0.002563225105404854, -0.00262472708709538, 0.012325515039265156, -0.00920827966183424, 0.0034938687458634377, -0.0025726284366101027, 0.0017310020048171282, -3.925174678443e-05, 0.0033434389624744654, -0.0026135544758290052, 0.003956345841288567], [-0.0015067391796037555, 0.00322394329123199, -0.004355106968432665, 0.002143598161637783, -0.00920827966183424, 0.016111725941300392, -0.007249823771417141, 0.0016890453407540917, -0.0011257682926952839, -0.00018959816952701658, 0.0011395186884328723, 0.0018584702629595995, -0.005990139674395323], [0.00123498251195997, -0.0022505056113004684, 0.003778769401833415, -0.004592972807586193, 0.0034938687458634377, -0.007249823771417141, 0.009417269378900528, -0.0051035755313932896, 0.0065639750100672245, -0.0003208590787835419, 0.001351604238152504, -0.0019325584871694446, 0.004225770477205515], [-0.0011181936133652925, 0.0024514428805559874, -0.0022739297710359097, 0.003068043850362301, -0.0025726284366101027, 0.0016890453407540917, -0.0051035755313932896, 0.016097720712423325, -0.004135517869144678, 0.00029592899954877794, -0.0012215457390993834, 0.002562858397141099, 0.0023253527469933033], [0.0014160146238282323, -0.004293288104236126, 0.003958505112677813, -0.005245531443506479, 0.0017310020048171282, -0.0011257682926952839, 0.0065639750100672245, -0.004135517869144678, 0.021542320027947426, -0.008650930598378181, 0.004234611988067627, 4.0221173549070954e-05, 0.007379776798188686], [-0.0010088121052831411, 0.0037655425257980824, -0.0021332637406885624, 0.0033609108068048954, -3.925174678443e-05, -0.00018959816952701658, -0.0003208590787835419, 0.00029592899954877794, -0.008650930598378181, 0.018510231748223305, -0.007408488541841507, 0.004213694017380476, -0.002359598409384489], [0.001233141403645277, -0.003841083962470293, 0.004380011931061745, -0.0030018710531294346, 0.0033434389624744654, 0.0011395186884328723, 0.001351604238152504, -0.0012215457390993834, 0.004234611988067627, -0.007408488541841507, 0.0205521397292614, -0.008159559220075607, 0.0032119224779307842], [-0.0012091700918972492, 0.0039840033277869225, -0.003957446198910475, 0.002477996749803424, -0.0026135544758290052, 0.0018584702629595995, -0.0019325584871694446, 0.002562858397141099, 4.0221173549070954e-05, 0.004213694017380476, -0.008159559220075607, 0.018167663365602493, -0.010322137735784054], [0.0014989039627835155, -0.00371662899851799, 0.0066374014131724834, -0.00586042832583189, 0.003956345841288567, -0.005990139674395323, 0.004225770477205515, 0.0023253527469933033, 0.007379776798188686, -0.002359598409384489, 0.0032119224779307842, -0.010322137735784054, 0.022114479914307594]], "lowlevel.mfcc.cov": [[45918.4765625, 4975.4404296875, -5816.2001953125, 697.2437133789062, -3072.930908203125, -2272.076171875, -2126.12255859375, -2024.0697021484375, -1148.5308837890625, 268.8502502441406, 170.9225311279297, 577.7105712890625, 389.619140625], [4975.4404296875, 1396.91650390625, -457.9342346191406, -24.722200393676758, -86.69815063476562, -471.818359375, -471.6167907714844, -290.70379638671875, -149.04046630859375, 121.28510284423828, 228.79347229003906, 201.96792602539062, -100.12210083007812], [-5816.2001953125, -457.9342346191406, 1396.5775146484375, 153.29356384277344, 454.5200500488281, 596.0692749023438, 565.8873901367188, 498.69281005859375, 302.09332275390625, 0.040404874831438065, -67.41252136230469, -161.12266540527344, 51.219627380371094], [697.2437133789062, -24.722200393676758, 153.29356384277344, 349.1858825683594, -95.40000915527344, 279.66302490234375, 308.58026123046875, 209.9190673828125, 119.07833862304688, -6.451408386230469, -162.39022827148438, -121.38169860839844, 213.6368865966797], [-3072.930908203125, -86.69815063476562, 454.5200500488281, -95.40000915527344, 459.5689697265625, 109.9277114868164, 35.67338562011719, 109.99806213378906, 90.32447052001953, 32.86884307861328, 82.05633544921875, 4.175450325012207, -134.519775390625], [-2272.076171875, -471.818359375, 596.0692749023438, 279.66302490234375, 109.9277114868164, 762.0689086914062, 732.2439575195312, 491.3326110839844, 298.762451171875, -14.217174530029297, -276.8279113769531, -264.77001953125, 224.86737060546875], [-2126.12255859375, -471.6167907714844, 565.8873901367188, 308.58026123046875, 35.67338562011719, 732.2439575195312, 880.562744140625, 567.0433349609375, 327.67694091796875, -7.651222229003906, -308.4433898925781, -232.63589477539062, 290.2643737792969], [-2024.0697021484375, -290.70379638671875, 498.69281005859375, 209.9190673828125, 109.99806213378906, 491.3326110839844, 567.0433349609375, 464.6679992675781, 261.6493225097656, -8.461417198181152, -195.29991149902344, -159.3272247314453, 189.36627197265625], [-1148.5308837890625, -149.04046630859375, 302.09332275390625, 119.07833862304688, 90.32447052001953, 298.762451171875, 327.67694091796875, 261.6493225097656, 223.1009979248047, 27.105867385864258, -94.275146484375, -85.26537322998047, 88.10653686523438], [268.8502502441406, 121.28510284423828, 0.040404874831438065, -6.451408386230469, 32.86884307861328, -14.217174530029297, -7.651222229003906, -8.461417198181152, 27.105867385864258, 154.09886169433594, 90.1341552734375, 52.30973815917969, -16.83649253845215], [170.9225311279297, 228.79347229003906, -67.41252136230469, -162.39022827148438, 82.05633544921875, -276.8279113769531, -308.4433898925781, -195.29991149902344, -94.275146484375, 90.1341552734375, 284.14453125, 185.3014373779297, -155.61434936523438], [577.7105712890625, 201.96792602539062, -161.12266540527344, -121.38169860839844, 4.175450325012207, -264.77001953125, -232.63589477539062, -159.3272247314453, -85.26537322998047, 52.30973815917969, 185.3014373779297, 225.40574645996094, -88.39347839355469], [389.619140625, -100.12210083007812, 51.219627380371094, 213.6368865966797, -134.519775390625, 224.86737060546875, 290.2643737792969, 189.36627197265625, 88.10653686523438, -16.83649253845215, -155.61434936523438, -88.39347839355469, 277.2070617675781]], "lowlevel.mfcc.icov": [[0.00016288897313643247, -0.00041822579805739224, 0.0004102071397937834, -0.0004550259036477655, 0.0005904959398321807, -0.0002594241814222187, 9.96237649815157e-05, 0.0002029301249422133, -9.74844879237935e-05, -5.9506888646865264e-05, -1.855077425716445e-05, -7.685988748562522e-06, 0.0001634388172533363], [-0.00041822579805739224, 0.0021998591255396605, -0.0008353671291843057, 0.00029691241797991097, -0.0016093500889837742, 0.0012012239312753081, 0.0001342842442682013, -0.0008885871502570808, 0.00018831058696378022, -0.0004696985415648669, -0.00021442475554067641, -0.00011780721979448572, -0.00022739812266081572], [0.0004102071397937834, -0.0008353671291843057, 0.003044095356017351, -0.0018327162833884358, 0.00019525173411238939, -0.0011304912623018026, 2.041152947640512e-05, -0.0008671738905832171, -0.00010447114618727937, 0.000639017263893038, -0.0018048783531412482, 0.0005705591174773872, 0.0007952603627927601], [-0.0004550259036477655, 0.00029691241797991097, -0.0018327162833884358, 0.008540601469576359, -0.0003469242947176099, -0.0007989949081093073, 0.00044461473589763045, -0.0006993495626375079, -0.0005041483673267066, -0.00032130166073329747, 0.0011578714475035667, 0.0005728348041884601, -0.004031280986964703], [0.0005904959398321807, -0.0016093500889837742, 0.00019525173411238939, -0.0003469242947176099, 0.007574225775897503, -0.0026003522798419, 0.0027348739095032215, -0.001889224979095161, -0.000939823454245925, -0.0006888391217216849, -0.00042404746636748314, -0.0005451287142932415, 0.0028768565971404314], [-0.0002594241814222187, 0.0012012239312753081, -0.0011304912623018026, -0.0007989949081093073, -0.0026003522798419, 0.010846261866390705, -0.0069100274704396725, 0.0010838600574061275, -0.001486325403675437, -0.0002561332657933235, -0.0005825581029057503, 0.004615936893969774, -0.0003402878937777132], [9.96237649815157e-05, 0.0001342842442682013, 2.041152947640512e-05, 0.00044461473589763045, 0.0027348739095032215, -0.0069100274704396725, 0.012032928876578808, -0.0073674642480909824, -9.527743532089517e-05, -0.0019925753585994244, 0.0031177846249192953, -0.003410777309909463, -0.0005004233680665493], [0.0002029301249422133, -0.0008885871502570808, -0.0008671738905832171, -0.0006993495626375079, -0.001889224979095161, 0.0010838600574061275, -0.0073674642480909824, 0.01816396787762642, -0.007495650090277195, 0.0016848020022735, 0.0009143443312495947, 0.0005854435730725527, -0.003211990697309375], [-9.74844879237935e-05, 0.00018831058696378022, -0.00010447114618727937, -0.0005041483673267066, -0.000939823454245925, -0.001486325403675437, -9.527743532089517e-05, -0.007495650090277195, 0.0155582120642066, -0.003028194885700941, 0.0005698281456716359, -0.0006571574485860765, 0.0015641463687643409], [-5.9506888646865264e-05, -0.0004696985415648669, 0.000639017263893038, -0.00032130166073329747, -0.0006888391217216849, -0.0002561332657933235, -0.0019925753585994244, 0.0016848020022735, -0.003028194885700941, 0.010721001774072647, -0.005799918435513973, 0.0006037317216396332, -0.000597188132815063], [-1.855077425716445e-05, -0.00021442475554067641, -0.0018048783531412482, 0.0011578714475035667, -0.00042404746636748314, -0.0005825581029057503, 0.0031177846249192953, 0.0009143443312495947, 0.0005698281456716359, -0.005799918435513973, 0.01533909235149622, -0.007748969364911318, 0.0013738342095166445], [-7.685988748562522e-06, -0.00011780721979448572, 0.0005705591174773872, 0.0005728348041884601, -0.0005451287142932415, 0.004615936893969774, -0.003410777309909463, 0.0005854435730725527, -0.0006571574485860765, 0.0006037317216396332, -0.007748969364911318, 0.013052677735686302, -0.0013583992840722203], [0.0001634388172533363, -0.00022739812266081572, 0.0007952603627927601, -0.004031280986964703, 0.0028768565971404314, -0.0003402878937777132, -0.0005004233680665493, -0.003211990697309375, 0.0015641463687643409, -0.000597188132815063, 0.0013738342095166445, -0.0013583992840722203, 0.010450351051986217]], "metadata.audio_properties.analysis.downmix": "mix", "metadata.audio_properties.codec": "mp3", "metadata.audio_properties.md5_encoded": "6df6c9a9aff62ad11496f5be5fad5188", "metadata.tags.file_name": "1183691714402209832.mp3", "metadata.version.essentia": "2.1-beta6-dev", "metadata.version.essentia_git_sha": "v2.1_beta5-1110-g77a6a954", "metadata.version.extractor": "music 2.0", "tonal.chords_key": "