{"song_id": "1183705756835528735", "download": "https://cdn.discordapp.com/attachments/1128313332273782784/1183705756835528735/chirp.mp4?ex=65894ee4&amp", "lyrics": "They told him, \"Don't you ever come around here\"\n\"Don't wanna see your face, you better disappear\"\nThe fire's in their eyes and their words are really clear\nSo beat it, just beat it\nYou better run, you better do what you can\nDon't wanna see no blood, don't be a macho man\nYou wanna be tough, better do what you can\nSo beat it, but you wanna be bad", "style": ["Opera"], "essentia_features": {"lowlevel.average_loudness": 0.9834373593330383, "lowlevel.barkbands_crest.mean": 10.047870635986328, "lowlevel.barkbands_crest.stdev": 4.410903453826904, "lowlevel.barkbands_flatness_db.mean": 0.13369880616664886, "lowlevel.barkbands_flatness_db.stdev": 0.049261994659900665, "lowlevel.barkbands_kurtosis.mean": 5.874821662902832, "lowlevel.barkbands_kurtosis.stdev": 15.545890808105469, "lowlevel.barkbands_skewness.mean": 1.7308557033538818, "lowlevel.barkbands_skewness.stdev": 1.652626633644104, "lowlevel.barkbands_spread.mean": 32.8639030456543, "lowlevel.barkbands_spread.stdev": 19.67008399963379, "lowlevel.dissonance.mean": 0.4713139235973358, "lowlevel.dissonance.stdev": 0.021930042654275894, "lowlevel.dynamic_complexity": 2.672971487045288, "lowlevel.erbbands_crest.mean": 7.2260565757751465, "lowlevel.erbbands_crest.stdev": 3.6541788578033447, "lowlevel.erbbands_flatness_db.mean": 0.1351488083600998, "lowlevel.erbbands_flatness_db.stdev": 0.028691720217466354, "lowlevel.erbbands_kurtosis.mean": -0.10203809291124344, "lowlevel.erbbands_kurtosis.stdev": 1.8834925889968872, "lowlevel.erbbands_skewness.mean": 0.07284917682409286, "lowlevel.erbbands_skewness.stdev": 0.8136467337608337, "lowlevel.erbbands_spread.mean": 58.16303253173828, "lowlevel.erbbands_spread.stdev": 22.055362701416016, "lowlevel.hfc.mean": 19.46324920654297, "lowlevel.hfc.stdev": 19.471067428588867, "lowlevel.loudness_ebu128.integrated": -16.28113555908203, "lowlevel.loudness_ebu128.loudness_range": 1.2731971740722656, "lowlevel.loudness_ebu128.momentary.mean": -16.43218994140625, "lowlevel.loudness_ebu128.momentary.stdev": 1.1978236436843872, "lowlevel.loudness_ebu128.short_term.mean": -16.325550079345703, "lowlevel.loudness_ebu128.short_term.stdev": 0.47955554723739624, "lowlevel.melbands_crest.mean": 15.539833068847656, "lowlevel.melbands_crest.stdev": 5.332518100738525, "lowlevel.melbands_flatness_db.mean": 0.16967281699180603, "lowlevel.melbands_flatness_db.stdev": 0.07519062608480453, "lowlevel.melbands_kurtosis.mean": 21.469467163085938, "lowlevel.melbands_kurtosis.stdev": 32.484413146972656, "lowlevel.melbands_skewness.mean": 3.449164867401123, "lowlevel.melbands_skewness.stdev": 2.037882089614868, "lowlevel.melbands_spread.mean": 31.898115158081055, "lowlevel.melbands_spread.stdev": 30.3998966217041, "lowlevel.pitch_salience.mean": 0.5470044016838074, "lowlevel.pitch_salience.stdev": 0.12525010108947754, "lowlevel.silence_rate_20dB.mean": 1.0, "lowlevel.silence_rate_20dB.stdev": 0.0, "lowlevel.silence_rate_30dB.mean": 0.9356435537338257, "lowlevel.silence_rate_30dB.stdev": 0.24538742005825043, "lowlevel.silence_rate_60dB.mean": 0.07260726392269135, "lowlevel.silence_rate_60dB.stdev": 0.25949087738990784, "lowlevel.spectral_centroid.mean": 1661.927490234375, "lowlevel.spectral_centroid.stdev": 803.97265625, "lowlevel.spectral_complexity.mean": 15.894389152526855, "lowlevel.spectral_complexity.stdev": 11.337106704711914, "lowlevel.spectral_decrease.mean": -6.6125562803165394e-09, "lowlevel.spectral_decrease.stdev": 1.0538133032866881e-08, "lowlevel.spectral_energy.mean": 0.026722680777311325, "lowlevel.spectral_energy.stdev": 0.0407123826444149, "lowlevel.spectral_energyband_high.mean": 0.0013704781886190176, "lowlevel.spectral_energyband_high.stdev": 0.0016599365044385195, "lowlevel.spectral_energyband_low.mean": 0.013953163288533688, "lowlevel.spectral_energyband_low.stdev": 0.034581318497657776, "lowlevel.spectral_energyband_middle_high.mean": 0.0028029209934175014, "lowlevel.spectral_energyband_middle_high.stdev": 0.003665157360956073, "lowlevel.spectral_energyband_middle_low.mean": 0.010747399181127548, "lowlevel.spectral_energyband_middle_low.stdev": 0.015186493285000324, "lowlevel.spectral_entropy.mean": 7.881631851196289, "lowlevel.spectral_entropy.stdev": 0.37519222497940063, "lowlevel.spectral_flux.mean": 0.0965883731842041, "lowlevel.spectral_flux.stdev": 0.08568983525037766, "lowlevel.spectral_kurtosis.mean": 2.4374606609344482, "lowlevel.spectral_kurtosis.stdev": 1.8400839567184448, "lowlevel.spectral_rms.mean": 0.004233094863593578, "lowlevel.spectral_rms.stdev": 0.0028551414143294096, "lowlevel.spectral_rolloff.mean": 2711.24609375, "lowlevel.spectral_rolloff.stdev": 2621.3955078125, "lowlevel.spectral_skewness.mean": 1.2390056848526, "lowlevel.spectral_skewness.stdev": 0.3694112002849579, "lowlevel.spectral_spread.mean": 6050122.0, "lowlevel.spectral_spread.stdev": 1766144.25, "lowlevel.spectral_strongpeak.mean": 0.5958351492881775, "lowlevel.spectral_strongpeak.stdev": 0.5991553664207458, "lowlevel.zerocrossingrate.mean": 0.09908080846071243, "lowlevel.zerocrossingrate.stdev": 0.061406832188367844, "metadata.audio_properties.analysis.equal_loudness": 0.0, "metadata.audio_properties.analysis.length": 28.117324829101562, "metadata.audio_properties.analysis.sample_rate": 44100.0, "metadata.audio_properties.analysis.start_time": 0.0, "metadata.audio_properties.bit_rate": 105848.0, "metadata.audio_properties.length": 28.117332458496094, "metadata.audio_properties.lossless": 0.0, "metadata.audio_properties.number_channels": 1.0, "metadata.audio_properties.replay_gain": -11.281166076660156, "metadata.audio_properties.sample_rate": 48000.0, "rhythm.beats_count": 57.0, "rhythm.beats_loudness.mean": 0.05481978878378868, "rhythm.beats_loudness.stdev": 0.03807099536061287, "rhythm.bpm": 125.16824340820312, "rhythm.bpm_histogram_first_peak_bpm": 126.0, "rhythm.bpm_histogram_first_peak_weight": 0.3333333730697632, "rhythm.bpm_histogram_second_peak_bpm": 112.0, "rhythm.bpm_histogram_second_peak_spread": 0.3333333730697632, "rhythm.bpm_histogram_second_peak_weight": 0.0357142873108387, "rhythm.danceability": 2.578068256378174, "rhythm.onset_rate": 5.118912220001221, "tonal.chords_changes_rate": 0.06260296702384949, "tonal.chords_number_rate": 0.00988467875868082, "tonal.chords_strength.mean": 0.5699223875999451, "tonal.chords_strength.stdev": 0.0823553204536438, "tonal.hpcp_crest.mean": 13.021754264831543, "tonal.hpcp_crest.stdev": 6.892198085784912, "tonal.hpcp_entropy.mean": 2.170205593109131, "tonal.hpcp_entropy.stdev": 0.814254879951477, "tonal.key_edma.strength": 0.7832216620445251, "tonal.key_krumhansl.strength": 0.7728884220123291, "tonal.key_temperley.strength": 0.7620320320129395, "tonal.tuning_diatonic_strength": 0.5687920451164246, "tonal.tuning_equal_tempered_deviation": 0.14317917823791504, "tonal.tuning_frequency": 435.7005310058594, "tonal.tuning_nontempered_energy_ratio": 0.7641191482543945, "lowlevel.barkbands.mean": [0.00010107322304975241, 0.007000498939305544, 0.004785967990756035, 0.0048595936968922615, 0.0023330957628786564, 0.0013581126695498824, 0.0005135016399435699, 0.0006575097795575857, 0.0008546718745492399, 0.00037185082328505814, 0.00037086536758579314, 0.000221987662371248, 0.0002167648490285501, 0.00033413805067539215, 0.00023365888046100736, 0.0002080307313008234, 0.00017770577687770128, 0.00025694258511066437, 0.0003624244127422571, 0.0003285009879618883, 0.0002563520392868668, 0.00017590013158041984, 0.0002022013795794919, 0.0002078974066535011, 0.0002889133174903691, 4.454193913261406e-05, 8.289737229993932e-10], "lowlevel.barkbands.stdev": [0.0003105946525465697, 0.021434947848320007, 0.015088723041117191, 0.00952012836933136, 0.004626503214240074, 0.0019506743410602212, 0.0009566290536895394, 0.0012996530858799815, 0.001789382193237543, 0.0008261472685262561, 0.0006612688302993774, 0.0004434080619830638, 0.00044119657832197845, 0.0006290930905379355, 0.0005211622919887304, 0.00038383499486371875, 0.00030636193696409464, 0.00046858718269504607, 0.0005076084053143859, 0.0004908520495519042, 0.0003600830095820129, 0.00033788246219046414, 0.0003755165671464056, 0.0002726549282670021, 0.00038004369707778096, 6.90737142576836e-05, 1.5869313640948235e-09], "lowlevel.erbbands.mean": [0.156778484582901, 1.7470922470092773, 5.618575572967529, 10.504258155822754, 12.724936485290527, 6.956297397613525, 11.653193473815918, 8.953452110290527, 6.161035060882568, 11.361639976501465, 17.78081703186035, 17.886188507080078, 13.82445240020752, 11.79866886138916, 13.49944019317627, 9.138381958007812, 10.094271659851074, 15.944831848144531, 13.538991928100586, 10.832535743713379, 12.167878150939941, 10.73572826385498, 12.200650215148926, 19.191286087036133, 16.59130859375, 15.542431831359863, 13.802844047546387, 7.411978721618652, 6.140953063964844, 6.558467864990234, 5.641775608062744, 4.705621719360352, 3.318352460861206, 2.7578961849212646, 2.3178014755249023, 0.5200998783111572, 0.015319962985813618, 0.0005395484040491283, 6.197314360179007e-05, 3.9794340409571305e-05], "lowlevel.erbbands.stdev": [0.4830550253391266, 5.537684917449951, 18.101545333862305, 20.3387393951416, 31.344825744628906, 11.424051284790039, 16.366262435913086, 12.873383522033691, 11.5597505569458, 21.136083602905273, 35.02388381958008, 38.35651779174805, 30.5319766998291, 22.581167221069336, 24.632648468017578, 16.306537628173828, 19.04557228088379, 30.085433959960938, 27.76433563232422, 21.202632904052734, 21.082908630371094, 18.166521072387695, 22.138980865478516, 29.184534072875977, 24.798097610473633, 23.590038299560547, 18.55225944519043, 11.719865798950195, 11.931163787841797, 13.295592308044434, 9.671252250671387, 6.21125602722168, 4.469775676727295, 3.644451379776001, 3.1967484951019287, 0.7210190892219543, 0.028252102434635162, 0.0007862927159294486, 6.839821435278282e-05, 4.822718619834632e-05], "lowlevel.gfcc.mean": [-8.734970092773438, 63.452423095703125, -115.60559844970703, 44.755184173583984, -80.45848083496094, 16.769899368286133, -55.88815689086914, 12.131978034973145, -43.06691360473633, -1.0282585620880127, -20.75663948059082, -15.500235557556152, -10.774236679077148], "lowlevel.melbands.mean": [0.0016840801108628511, 0.0027159559540450573, 0.0020049046725034714, 0.000622266496066004, 0.0003928706282749772, 0.00021321144595276564, 9.516525460639969e-05, 0.00012555457942653447, 0.00016264089208561927, 0.0001050417049555108, 6.61839876556769e-05, 4.533600076683797e-05, 4.9018293793778867e-05, 2.7758273063227534e-05, 2.348779707972426e-05, 2.0966555894119665e-05, 3.153998113702983e-05, 2.232879342045635e-05, 1.807067201298196e-05, 1.2721933671855368e-05, 1.4034643754712306e-05, 1.07327796285972e-05, 1.069942027243087e-05, 1.1641292076092213e-05, 1.6138506907736883e-05, 1.3089053027215414e-05, 1.0133559044334106e-05, 1.0584775736788288e-05, 9.470166332903318e-06, 6.107745775807416e-06, 3.737862698471872e-06, 3.3202002214238746e-06, 3.6984683902119286e-06, 3.6510377867671195e-06, 3.4053568924719e-06, 2.800840547934058e-06, 2.85172245639842e-06, 2.272954588988796e-06, 2.043293534370605e-06, 2.4484202185703907e-06], "lowlevel.melbands.stdev": [0.005026577040553093, 0.008214130066335201, 0.003957361914217472, 0.0012938163708895445, 0.0005180677399039268, 0.00030123069882392883, 0.00017928685701917857, 0.00024134624982252717, 0.0003402697329875082, 0.00022031953267287463, 0.00015184459334705025, 9.175522427540272e-05, 8.863765106070787e-05, 5.772348595201038e-05, 4.7580833779647946e-05, 4.123448161408305e-05, 6.14568853052333e-05, 4.553830876830034e-05, 4.1783172491705045e-05, 2.5057956008822657e-05, 2.473104359523859e-05, 1.8928978533949703e-05, 2.0107814634684473e-05, 2.154222056560684e-05, 2.538302396715153e-05, 1.940163565450348e-05, 1.66116988111753e-05, 1.654795414651744e-05, 1.3220475921116304e-05, 8.342274668393657e-06, 6.732355814165203e-06, 6.661470251856372e-06, 7.513235232181614e-06, 7.963780262798537e-06, 6.501624284283025e-06, 3.925732926290948e-06, 3.883419140038313e-06, 3.198585773134255e-06, 2.6887626063398784e-06, 3.290861059213057e-06], "lowlevel.melbands128.mean": [8.6065789218992e-05, 0.0010059027699753642, 0.0023267206270247698, 0.0030386405996978283, 0.0031104893423616886, 0.0021101452875882387, 0.0019819645676761866, 0.0026316421572118998, 0.0011533554643392563, 0.00034390532528050244, 0.00036280430504120886, 0.0003703467664308846, 0.00039913252112455666, 0.00045449796016328037, 0.00020443278481252491, 9.345968283014372e-05, 8.050171891227365e-05, 9.962977492250502e-05, 0.00010048840340459719, 0.00014435246703214943, 0.0001255874230992049, 0.0001053747400874272, 0.00017677663709037006, 0.0002211626706412062, 0.00011319781333440915, 5.6647440942469984e-05, 7.790962263243273e-05, 7.92456412455067e-05, 4.671035276260227e-05, 3.4364940802333876e-05, 4.755407280754298e-05, 6.006335388519801e-05, 5.189518560655415e-05, 4.174367495579645e-05, 3.0156210414133966e-05, 2.5459004973527044e-05, 1.890236853796523e-05, 2.4306727937073447e-05, 2.688980930543039e-05, 1.9637747755041346e-05, 1.7791351638152264e-05, 2.5008692318806425e-05, 3.068397199967876e-05, 3.947040386265144e-05, 2.6029101718449965e-05, 1.6762078303145245e-05, 2.011996548390016e-05, 2.1933956304565072e-05, 1.5274350516847335e-05, 1.1889543202414643e-05, 1.0534836292208638e-05, 1.5519903172389604e-05, 1.727985181787517e-05, 1.2554589375213254e-05, 9.109865459322464e-06, 1.1667395483527798e-05, 1.0747924534371123e-05, 1.0223523531749379e-05, 1.1306565284030512e-05, 1.0123868378286716e-05, 1.0078425475512631e-05, 1.274705118703423e-05, 1.961352063517552e-05, 1.6424357454525307e-05, 1.2199188859085552e-05, 1.4505663784802891e-05, 1.2375045116641559e-05, 1.0296253094566055e-05, 1.0189756721956655e-05, 9.062488061317708e-06, 9.753003723744769e-06, 1.270369830308482e-05, 1.0126311281055678e-05, 9.136824701272417e-06, 8.01022815721808e-06, 7.374921551672742e-06, 4.650036771636223e-06, 3.5454017961455975e-06, 4.0886670831241645e-06, 3.2155264761968283e-06, 3.414703542148345e-06, 3.440625960138277e-06, 2.8785166250600014e-06, 4.391729817143641e-06, 3.4944187063956633e-06, 3.6605069908546284e-06, 3.4329261779930675e-06, 4.093776624358725e-06, 3.4727515867416514e-06, 2.9436680506478297e-06, 2.8039730750606395e-06, 2.481835508660879e-06, 3.2807877232698957e-06, 3.3609387628530385e-06, 2.179402144975029e-06, 2.0028626295243157e-06, 2.441092874505557e-06, 2.580036607469083e-06, 1.6535982467758004e-06, 2.136418743248214e-06, 2.1363275664043613e-06, 2.5893989459291333e-06, 2.5544582058500964e-06, 2.7996691187581746e-06, 3.0107871680229437e-06, 2.9563839234469924e-06, 1.714929112495156e-06, 1.6030662663979456e-06, 7.325364776988863e-07, 1.3788333319553203e-07, 1.9030879983006344e-08, 1.5174858036814953e-09, 5.585023329229832e-12, 5.029474666601308e-12, 4.5860420495869025e-12, 4.363290544845411e-12, 4.1262093568306124e-12, 3.943020823043986e-12, 3.8076551460430874e-12, 3.68779009066178e-12, 3.5828813874094756e-12, 3.5005921772413018e-12, 3.4175006574654887e-12, 3.350061764453849e-12, 3.262899716041656e-12, 3.157003521450652e-12, 3.0946894352679166e-12, 3.0713394067599653e-12], "lowlevel.melbands128.stdev": [0.00029612056096084416, 0.003414207138121128, 0.00724038016051054, 0.010503639467060566, 0.010968782939016819, 0.006351263727992773, 0.003993669059127569, 0.0055327522568404675, 0.003370835678651929, 0.0008338332991115749, 0.0006748166051693261, 0.0006887014606036246, 0.0006643155356869102, 0.0007768988143652678, 0.0003697195206768811, 0.00016048313409555703, 0.00016884489741642028, 0.0002638529986143112, 0.00024188564566429704, 0.00031532527646049857, 0.00032139255199581385, 0.0003123870410490781, 0.0004765168996527791, 0.0006215295288711786, 0.0003321142285130918, 0.00016633214545436203, 0.0002256254811072722, 0.00022925587836652994, 0.0001311165397055447, 0.00010190365719608963, 0.00012289760343264788, 0.00012819106632377952, 0.00011860912491101772, 0.00010231194755760953, 8.4596591477748e-05, 6.195885362103581e-05, 4.758545401273295e-05, 6.313543417491019e-05, 8.019217057153583e-05, 4.5825207052985206e-05, 4.5165332267060876e-05, 6.383824074873701e-05, 7.046513201203197e-05, 9.874062379822135e-05, 5.845217310707085e-05, 4.1865845560096204e-05, 6.406640022760257e-05, 6.426939216908067e-05, 3.658579953480512e-05, 2.8372747692628764e-05, 2.6211808290099725e-05, 3.485709021333605e-05, 3.6837587686022744e-05, 2.8074895453755744e-05, 1.859205985965673e-05, 2.4314247639267705e-05, 2.0415604012669064e-05, 2.1143552658031695e-05, 2.5479446776444092e-05, 2.232805491075851e-05, 2.2484478904516436e-05, 2.7199012038181536e-05, 3.715892307809554e-05, 3.1401072192238644e-05, 2.142856283171568e-05, 2.3971453629201278e-05, 2.479688737366814e-05, 1.9550236174836755e-05, 1.818148848542478e-05, 1.629635335120838e-05, 1.823239836085122e-05, 2.167693128285464e-05, 1.5378134776256047e-05, 1.5257878658303525e-05, 1.1410182196414098e-05, 1.0802215001604054e-05, 7.515279321523849e-06, 7.190852556959726e-06, 8.253429768956266e-06, 6.497034519270528e-06, 7.217004167614505e-06, 8.117131983453874e-06, 6.706835847580805e-06, 9.503185538051184e-06, 7.420006113534328e-06, 7.933837878226768e-06, 8.746937055548187e-06, 1.1350475688232109e-05, 6.681096692773281e-06, 4.631596766557777e-06, 4.796191660716431e-06, 3.85822977477801e-06, 4.753726443595951e-06, 4.928402631776407e-06, 3.382773456905852e-06, 2.967798764075269e-06, 3.8909847717150114e-06, 3.762284450203879e-06, 2.316950713066035e-06, 3.007463192261639e-06, 3.4801782931026537e-06, 3.8957109609327745e-06, 3.355728495080257e-06, 4.063653250341304e-06, 4.95849099024781e-06, 4.609396910382202e-06, 2.4515441054973053e-06, 2.415761855445453e-06, 1.239371044903237e-06, 4.995481504010968e-07, 2.5410326998098753e-07, 5.08324902170898e-08, 1.277840940699937e-11, 1.1079699657745579e-11, 8.659141979838747e-12, 8.382562005637695e-12, 7.772933338645593e-12, 7.462304212058068e-12, 7.240217973769614e-12, 7.036437838642273e-12, 6.8572851390225065e-12, 6.698547966310642e-12, 6.555376901029586e-12, 6.440555120473812e-12, 6.340566526680247e-12, 6.2619059243429476e-12, 6.204984442925721e-12, 6.1702088750836825e-12], "lowlevel.mfcc.mean": [-645.9599609375, 85.2894287109375, 14.487003326416016, 21.309608459472656, 1.1442726850509644, -4.716269493103027, 3.1618006229400635, -7.308278560638428, -7.759655952453613, 0.09885084629058838, -8.374910354614258, -7.894628047943115, -8.241744995117188], "lowlevel.spectral_contrast_coeffs.mean": [-0.6326591968536377, -0.7646860480308533, -0.8029111623764038, -0.8217471837997437, -0.8071692585945129, -0.7942158579826355], "lowlevel.spectral_contrast_coeffs.stdev": [0.0847073644399643, 0.06636206805706024, 0.058185793459415436, 0.04162054881453514, 0.03159648925065994, 0.03148798272013664], "lowlevel.spectral_contrast_valleys.mean": [-7.254639625549316, -6.987137317657471, -7.571493625640869, -7.698596000671387, -7.288287162780762, -9.581355094909668], "lowlevel.spectral_contrast_valleys.stdev": [1.012641191482544, 0.6572954654693604, 0.7268959283828735, 0.6834725737571716, 0.6632769703865051, 0.8174684643745422], "rhythm.beats_loudness_band_ratio.mean": [0.5626188516616821, 0.13749806582927704, 0.10519090294837952, 0.060285747051239014, 0.06045559421181679, 0.1024993509054184], "rhythm.beats_loudness_band_ratio.stdev": [0.2666689157485962, 0.14205767214298248, 0.09763380140066147, 0.0752057433128357, 0.04689852148294449, 0.1035718098282814], "tonal.hpcp.mean": [0.1602836549282074, 0.11839182674884796, 0.06738056242465973, 0.07139652222394943, 0.08196621388196945, 0.15238557755947113, 0.25445783138275146, 0.19518138468265533, 0.10189782828092575, 0.09558356553316116, 0.07383369654417038, 0.06023498252034187, 0.06643936783075333, 0.06697261333465576, 0.0613524354994297, 0.10356421023607254, 0.11989434063434601, 0.09198730438947678, 0.11316920816898346, 0.1538219153881073, 0.27925434708595276, 0.4833430349826813, 0.3437665104866028, 0.10793857276439667, 0.08411367237567902, 0.05465136468410492, 0.05805233493447304, 0.08520433306694031, 0.08455049991607666, 0.08389803022146225, 0.09564865380525589, 0.08416972309350967, 0.06998416781425476, 0.062822625041008, 0.05756869539618492, 0.10206642746925354], "tonal.hpcp.stdev": [0.27725911140441895, 0.21767845749855042, 0.16997268795967102, 0.17062607407569885, 0.1952761858701706, 0.22842609882354736, 0.3317587673664093, 0.2549588084220886, 0.21173617243766785, 0.21594354510307312, 0.17874452471733093, 0.15529559552669525, 0.15989477932453156, 0.1699957698583603, 0.1382133513689041, 0.20854416489601135, 0.25208720564842224, 0.19259965419769287, 0.2158445566892624, 0.26858949661254883, 0.2955836355686188, 0.39536306262016296, 0.3169623613357544, 0.21852287650108337, 0.21135543286800385, 0.13844427466392517, 0.135232076048851, 0.1736462414264679, 0.15635180473327637, 0.18096795678138733, 0.1784195452928543, 0.16586121916770935, 0.13495108485221863, 0.11972002685070038, 0.11767441034317017, 0.186028391122818], "rhythm.beats_position": [0.4876190423965454, 0.9752380847930908, 1.4744670391082764, 1.9853061437606812, 2.5077550411224365, 3.041814088821411, 3.5758728981018066, 4.0634918212890625, 4.551111221313477, 5.027120113372803, 5.503129005432129, 5.979138374328613, 6.4551472663879395, 6.942766189575195, 7.430385589599609, 7.9063944816589355, 8.382403373718262, 8.858412742614746, 9.334421157836914, 9.822040557861328, 10.298049926757812, 10.77405834197998, 11.261677742004395, 11.737687110900879, 12.213695526123047, 12.701314926147461, 13.177324295043945, 13.653332710266113, 14.129342079162598, 14.605351448059082, 15.09296989440918, 15.568979263305664, 16.04498863220215, 16.520998001098633, 16.997007369995117, 17.4846248626709, 17.960634231567383, 18.436643600463867, 18.92426300048828, 19.400272369384766, 19.87628173828125, 20.3522891998291, 20.828298568725586, 21.31591796875, 21.791927337646484, 22.26793670654297, 22.75555419921875, 23.231563568115234, 23.70757293701172, 24.183582305908203, 24.659591674804688, 25.1472110748291, 25.623218536376953, 26.099227905273438, 26.58684730529785, 27.074466705322266, 27.53886604309082], "rhythm.bpm_histogram": [0.0, 0.0, 0.0, 0.0, 0.0, 0.0, 0.0, 0.0, 0.0, 0.0, 0.0, 0.0, 0.0, 0.0, 0.0, 0.0, 0.0, 0.0, 0.0, 0.0, 0.0, 0.0, 0.0, 0.0, 0.0, 0.0, 0.0, 0.0, 0.0, 0.0, 0.0, 0.0, 0.0, 0.0, 0.0, 0.0, 0.0, 0.0, 0.0, 0.0, 0.0, 0.0, 0.0, 0.0, 0.0, 0.0, 0.0, 0.0, 0.0, 0.0, 0.0, 0.0, 0.0, 0.0, 0.0, 0.0, 0.0, 0.0, 0.0, 0.0, 0.0, 0.0, 0.0, 0.0, 0.0, 0.0, 0.0, 0.0, 0.0, 0.0, 0.0, 0.0, 0.0, 0.0, 0.0, 0.0, 0.0, 0.0, 0.0, 0.0, 0.0, 0.0, 0.0, 0.0, 0.0, 0.0, 0.0, 0.0, 0.0, 0.0, 0.0, 0.0, 0.0, 0.0, 0.0, 0.0, 0.0, 0.0, 0.0, 0.0, 0.0, 0.0, 0.0, 0.0, 0.0, 0.0, 0.0, 0.0, 0.0, 0.0, 0.0, 0.0, 0.0357142873108387, 0.0, 0.0, 0.01785714365541935, 0.0, 0.01785714365541935, 0.0, 0.0, 0.01785714365541935, 0.0, 0.0, 0.2857142984867096, 0.0, 0.0, 0.6071428656578064, 0.0, 0.0, 0.01785714365541935, 0.0, 0.0, 0.0, 0.0, 0.0, 0.0, 0.0, 0.0, 0.0, 0.0, 0.0, 0.0, 0.0, 0.0, 0.0, 0.0, 0.0, 0.0, 0.0, 0.0, 0.0, 0.0, 0.0, 0.0, 0.0, 0.0, 0.0, 0.0, 0.0, 0.0, 0.0, 0.0, 0.0, 0.0, 0.0, 0.0, 0.0, 0.0, 0.0, 0.0, 0.0, 0.0, 0.0, 0.0, 0.0, 0.0, 0.0, 0.0, 0.0, 0.0, 0.0, 0.0, 0.0, 0.0, 0.0, 0.0, 0.0, 0.0, 0.0, 0.0, 0.0, 0.0, 0.0, 0.0, 0.0, 0.0, 0.0, 0.0, 0.0, 0.0, 0.0, 0.0, 0.0, 0.0, 0.0, 0.0, 0.0, 0.0, 0.0, 0.0, 0.0, 0.0, 0.0, 0.0, 0.0, 0.0, 0.0, 0.0, 0.0, 0.0, 0.0, 0.0, 0.0, 0.0, 0.0, 0.0, 0.0, 0.0, 0.0, 0.0, 0.0, 0.0, 0.0, 0.0, 0.0, 0.0, 0.0, 0.0, 0.0, 0.0, 0.0, 0.0, 0.0, 0.0, 0.0, 0.0, 0.0, 0.0, 0.0, 0.0], "tonal.chords_histogram": [36.902801513671875, 6.26029634475708, 37.39703369140625, 0.0, 0.0, 0.0, 0.0, 3.624382257461548, 0.0, 11.202635765075684, 0.16474464535713196, 3.624382257461548, 0.6589785814285278, 0.0, 0.0, 0.0, 0.0, 0.0, 0.0, 0.16474464535713196, 0.0, 0.0, 0.0, 0.0], "tonal.thpcp": [1.0, 0.711226761341095, 0.22331669926643372, 0.1740247905254364, 0.11306951940059662, 0.12010587006807327, 0.17628128826618195, 0.17492856085300446, 0.1735786497592926, 0.1978897899389267, 0.17414076626300812, 0.14479193091392517, 0.12997522950172424, 0.1191052570939064, 0.21116767823696136, 0.3316147029399872, 0.24494369328022003, 0.1394052654504776, 0.14771397411823273, 0.16958186030387878, 0.315274178981781, 0.5264539122581482, 0.40381544828414917, 0.21081885695457458, 0.1977551281452179, 0.15275630354881287, 0.12462159991264343, 0.13745799660682678, 0.13856124877929688, 0.1269335299730301, 0.21426647901535034, 0.24805228412151337, 0.19031473994255066, 0.23413848876953125, 0.31824585795402527, 0.5777560472488403], "lowlevel.gfcc.cov": [[3621.151123046875, -124.97177124023438, -22.09598159790039, 143.03245544433594, 108.16168212890625, 321.0891418457031, 78.61923217773438, 37.857357025146484, -28.2723445892334, -126.66802978515625, -154.93487548828125, -86.49893188476562, -92.18934631347656], [-124.97177124023438, 1408.5086669921875, 135.81997680664062, 50.4554557800293, 489.92315673828125, 22.55563735961914, 269.8802490234375, 76.20140075683594, 170.43136596679688, -43.84388732910156, 171.09765625, -84.94430541992188, 131.0108184814453], [-22.09598159790039, 135.81997680664062, 646.5245361328125, 170.91506958007812, 157.1440887451172, 139.28860473632812, 83.04550170898438, 99.2413330078125, 78.05675506591797, 100.32073211669922, 70.37706756591797, 45.916725158691406, -4.528585433959961], [143.03245544433594, 50.4554557800293, 170.91506958007812, 342.58831787109375, 207.0713653564453, 38.549537658691406, 63.02479934692383, 53.63533401489258, 59.62461471557617, 0.4802713692188263, 48.41965866088867, -5.526640892028809, 2.589808940887451], [108.16168212890625, 489.92315673828125, 157.1440887451172, 207.0713653564453, 437.3296813964844, 114.97974395751953, 158.48728942871094, 117.63554382324219, 111.36822509765625, 10.046862602233887, 87.60282135009766, -30.105743408203125, 47.714439392089844], [321.0891418457031, 22.55563735961914, 139.28860473632812, 38.549537658691406, 114.97974395751953, 215.38943481445312, 103.73888397216797, 43.323081970214844, 46.66970443725586, 24.434066772460938, 2.3007588386535645, -9.258087158203125, -9.83526611328125], [78.61923217773438, 269.8802490234375, 83.04550170898438, 63.02479934692383, 158.48728942871094, 103.73888397216797, 186.40296936035156, 89.26373291015625, 68.68071746826172, 15.248754501342773, 47.32984161376953, -17.800344467163086, 23.670970916748047], [37.857357025146484, 76.20140075683594, 99.2413330078125, 53.63533401489258, 117.63554382324219, 43.323081970214844, 89.26373291015625, 151.6343994140625, 69.45327758789062, 29.478788375854492, 21.001569747924805, -3.194413661956787, 8.471648216247559], [-28.2723445892334, 170.43136596679688, 78.05675506591797, 59.62461471557617, 111.36822509765625, 46.66970443725586, 68.68071746826172, 69.45327758789062, 124.52042388916016, 39.37924575805664, 38.378780364990234, -0.3559057116508484, 25.29608726501465], [-126.66802978515625, -43.84388732910156, 100.32073211669922, 0.4802713692188263, 10.046862602233887, 24.434066772460938, 15.248754501342773, 29.478788375854492, 39.37924575805664, 95.5207748413086, 37.963436126708984, 31.124921798706055, -2.5073134899139404], [-154.93487548828125, 171.09765625, 70.37706756591797, 48.41965866088867, 87.60282135009766, 2.3007588386535645, 47.32984161376953, 21.001569747924805, 38.378780364990234, 37.963436126708984, 109.17353820800781, 38.222686767578125, 36.975528717041016], [-86.49893188476562, -84.94430541992188, 45.916725158691406, -5.526640892028809, -30.105743408203125, -9.258087158203125, -17.800344467163086, -3.194413661956787, -0.3559057116508484, 31.124921798706055, 38.222686767578125, 94.411865234375, 24.737165451049805], [-92.18934631347656, 131.0108184814453, -4.528585433959961, 2.589808940887451, 47.714439392089844, -9.83526611328125, 23.670970916748047, 8.471648216247559, 25.29608726501465, -2.5073134899139404, 36.975528717041016, 24.737165451049805, 80.50192260742188]], "lowlevel.gfcc.icov": [[0.00040005287155508995, -0.00031749604386277497, 0.0002756032918114215, -0.0005365675315260887, 0.00039088830817490816, -0.0011173051316291094, 0.0005341589567251503, -0.0005478450329974294, 0.0004228607867844403, 0.00015340291429311037, 0.0005289925029501319, -0.00032053684117272496, 0.00026742357295006514], [-0.00031749604386277497, 0.005167689640074968, -0.00252777012065053, 0.00521473353728652, -0.005782817490398884, 0.006259288638830185, -0.006274980027228594, 0.005716319195926189, -0.0051053366623818874, 0.005256856791675091, -0.004094821400940418, 0.003891922999173403, -0.0011949134059250355], [0.0002756032918114215, -0.00252777012065053, 0.003829298075288534, -0.003692539408802986, 0.002873043529689312, -0.004714756738394499, 0.0036500010173767805, -0.0038500570226460695, 0.0029218820855021477, -0.004258665721863508, 0.001522766426205635, -0.002509534126147628, 0.0008375152247026563], [-0.0005365675315260887, 0.00521473353728652, -0.003692539408802986, 0.010247329249978065, -0.008124619722366333, 0.007788608316332102, -0.006465089041739702, 0.006464025471359491, -0.006429995875805616, 0.0069145821034908295, -0.00469684973359108, 0.0031646424904465675, 0.0007701770518906415], [0.00039088830817490816, -0.005782817490398884, 0.002873043529689312, -0.008124619722366333, 0.012520250864326954, -0.009159358218312263, 0.006606375332921743, -0.008623898029327393, 0.004793581552803516, -0.004430614877492189, 0.0009584450162947178, -0.0013246390735730529, -0.0009706814307719469], [-0.0011173051316291094, 0.006259288638830185, -0.004714756738394499, 0.007788608316332102, -0.009159358218312263, 0.0178084559738636, -0.013117172755300999, 0.010004878044128418, -0.0075580100528895855, 0.004359106067568064, -0.0011396179907023907, 0.0028938755858689547, 0.0005718130269087851], [0.0005341589567251503, -0.006274980027228594, 0.0036500010173767805, -0.006465089041739702, 0.006606375332921743, -0.013117172755300999, 0.020664267241954803, -0.012250011786818504, 0.005610847380012274, -0.004643319174647331, -0.0002942026185337454, -0.0012145149521529675, -0.0004675904056057334], [-0.0005478450329974294, 0.005716319195926189, -0.0038500570226460695, 0.006464025471359491, -0.008623898029327393, 0.010004878044128418, -0.012250011786818504, 0.018864233046770096, -0.009483041241765022, 0.00378787680529058, -0.0006246273405849934, 0.002352658426389098, 0.0002576543192844838], [0.0004228607867844403, -0.0051053366623818874, 0.0029218820855021477, -0.006429995875805616, 0.004793581552803516, -0.0075580100528895855, 0.005610847380012274, -0.009483041241765022, 0.019963977858424187, -0.010540061630308628, 0.003472031792625785, -0.0015562878688797355, -0.0029705262277275324], [0.00015340291429311037, 0.005256856791675091, -0.004258665721863508, 0.0069145821034908295, -0.004430614877492189, 0.004359106067568064, -0.004643319174647331, 0.00378787680529058, -0.010540061630308628, 0.02467959374189377, -0.009911390952765942, 0.00046110115363262594, 0.003775286255404353], [0.0005289925029501319, -0.004094821400940418, 0.001522766426205635, -0.00469684973359108, 0.0009584450162947178, -0.0011396179907023907, -0.0002942026185337454, -0.0006246273405849934, 0.003472031792625785, -0.009911390952765942, 0.023279130458831787, -0.009673726744949818, -0.0021680037025362253], [-0.00032053684117272496, 0.003891922999173403, -0.002509534126147628, 0.0031646424904465675, -0.0013246390735730529, 0.0028938755858689547, -0.0012145149521529675, 0.002352658426389098, -0.0015562878688797355, 0.00046110115363262594, -0.009673726744949818, 0.02052491158246994, -0.007056019268929958], [0.00026742357295006514, -0.0011949134059250355, 0.0008375152247026563, 0.0007701770518906415, -0.0009706814307719469, 0.0005718130269087851, -0.0004675904056057334, 0.0002576543192844838, -0.0029705262277275324, 0.003775286255404353, -0.0021680037025362253, -0.007056019268929958, 0.019665876403450966]], "lowlevel.mfcc.cov": [[3763.2626953125, -321.41058349609375, -148.98484802246094, -110.59435272216797, 41.898292541503906, 171.74032592773438, 50.968238830566406, 159.7849578857422, 55.488502502441406, 2.9360194206237793, -32.972930908203125, -99.77690887451172, -125.95828247070312], [-321.41058349609375, 1268.2769775390625, -58.133670806884766, 139.91648864746094, 202.03329467773438, 57.060951232910156, 189.8484649658203, 104.01653289794922, 103.0180892944336, 125.98228454589844, 52.25009536743164, 66.80150604248047, 68.11043548583984], [-148.98484802246094, -58.133670806884766, 466.73291015625, 43.055259704589844, 49.5493278503418, 72.00090026855469, 28.138818740844727, 14.171112060546875, 15.666117668151855, 22.99077606201172, 55.474266052246094, 54.24119567871094, 42.24526596069336], [-110.59435272216797, 139.91648864746094, 43.055259704589844, 335.6803894042969, 174.22947692871094, 16.56589126586914, 71.12138366699219, 59.315364837646484, 29.16598892211914, 46.29159927368164, 40.407405853271484, 46.95731735229492, 31.76698875427246], [41.898292541503906, 202.03329467773438, 49.5493278503418, 174.22947692871094, 270.36090087890625, 78.43890380859375, 90.18647766113281, 76.73905181884766, 68.25518798828125, 71.01972961425781, 47.05583953857422, 46.973388671875, 35.5109748840332], [171.74032592773438, 57.060951232910156, 72.00090026855469, 16.56589126586914, 78.43890380859375, 170.1002655029297, 65.10938262939453, 42.93288803100586, 37.494468688964844, 30.273605346679688, 28.571699142456055, 20.111940383911133, 31.64531898498535], [50.968238830566406, 189.8484649658203, 28.138818740844727, 71.12138366699219, 90.18647766113281, 65.10938262939453, 163.11683654785156, 78.84398651123047, 45.0003776550293, 65.7311782836914, 34.51095962524414, 33.160400390625, 20.33443260192871], [159.7849578857422, 104.01653289794922, 14.171112060546875, 59.315364837646484, 76.73905181884766, 42.93288803100586, 78.84398651123047, 119.08402252197266, 69.07247161865234, 46.23725128173828, 29.704059600830078, 23.122791290283203, 25.465299606323242], [55.488502502441406, 103.0180892944336, 15.666117668151855, 29.16598892211914, 68.25518798828125, 37.494468688964844, 45.0003776550293, 69.07247161865234, 115.72982025146484, 75.14126586914062, 32.13460159301758, 16.584705352783203, 22.344114303588867], [2.9360194206237793, 125.98228454589844, 22.99077606201172, 46.29159927368164, 71.01972961425781, 30.273605346679688, 65.7311782836914, 46.23725128173828, 75.14126586914062, 119.35839080810547, 49.281890869140625, 18.263408660888672, 19.254535675048828], [-32.972930908203125, 52.25009536743164, 55.474266052246094, 40.407405853271484, 47.05583953857422, 28.571699142456055, 34.51095962524414, 29.704059600830078, 32.13460159301758, 49.281890869140625, 93.6481704711914, 47.6141471862793, 21.98772430419922], [-99.77690887451172, 66.80150604248047, 54.24119567871094, 46.95731735229492, 46.973388671875, 20.111940383911133, 33.160400390625, 23.122791290283203, 16.584705352783203, 18.263408660888672, 47.6141471862793, 83.25881958007812, 44.70603942871094], [-125.95828247070312, 68.11043548583984, 42.24526596069336, 31.76698875427246, 35.5109748840332, 31.64531898498535, 20.33443260192871, 25.465299606323242, 22.344114303588867, 19.254535675048828, 21.98772430419922, 44.70603942871094, 79.24447631835938]], "lowlevel.mfcc.icov": [[0.0003623557277023792, 0.00010631589248077944, 0.00012753286864608526, 0.00014237742288969457, -8.18669141153805e-05, -0.00047373416600748897, 0.00017561674758326262, -0.000818415719550103, 0.00018887530313804746, -9.852032962953672e-05, 0.00011085459846071899, 3.5915058106184006e-05, 0.0007229822804220021], [0.00010631589248077944, 0.0011096958769485354, 0.0003101158363278955, 8.116436947602779e-05, -0.0004892395809292793, 0.00014668999938294291, -0.0009990164544433355, 8.409588917857036e-05, -0.0002719102194532752, -0.00030349832377396524, 0.00016860157484188676, -0.00015596776211168617, -0.0004010462434962392], [0.00012753286864608526, 0.0003101158363278955, 0.002620270010083914, -0.00010904501687036827, -6.413203664124012e-05, -0.0010356560815125704, -4.533441097009927e-05, 0.00015688221901655197, 8.254671411123127e-05, -6.657342601101846e-05, -0.0008032608893699944, -0.0008533406653441489, -0.0003162573848385364], [0.00014237742288969457, 8.116436947602779e-05, -0.00010904501687036827, 0.005008069798350334, -0.003253453876823187, 0.0012867170153185725, -0.00046455321717076004, -0.001317960792221129, 0.0015125555219128728, -0.00034815940307453275, -0.0002849615993909538, -0.00047149183228611946, -0.0003029185754712671], [-8.18669141153805e-05, -0.0004892395809292793, -6.413203664124012e-05, -0.003253453876823187, 0.007839840836822987, -0.0023331460542976856, -4.8528330808039755e-05, -0.0007039295160211623, -0.0014190307119861245, -0.0011351469438523054, 0.0004101079539395869, -0.0015706856502220035, 0.0007342220633290708], [-0.00047373416600748897, 0.00014668999938294291, -0.0010356560815125704, 0.0012867170153185725, -0.0023331460542976856, 0.009458273649215698, -0.0035410989075899124, 0.001436985214240849, -0.0016101407818496227, 0.001983944559469819, -0.00181566399987787, 0.002373000606894493, -0.003990412224084139], [0.00017561674758326262, -0.0009990164544433355, -4.533441097009927e-05, -0.00046455321717076004, -4.8528330808039755e-05, -0.0035410989075899124, 0.013737191446125507, -0.007777027785778046, 0.0047220587730407715, -0.006213457323610783, 0.0021086917258799076, -0.0037790380883961916, 0.00348330638371408], [-0.000818415719550103, 8.409588917857036e-05, 0.00015688221901655197, -0.001317960792221129, -0.0007039295160211623, 0.001436985214240849, -0.007777027785778046, 0.020581455901265144, -0.010589584708213806, 0.0048701949417591095, -0.002421583281829953, 0.0017770534614101052, -0.004333178047090769], [0.00018887530313804746, -0.0002719102194532752, 8.254671411123127e-05, 0.0015125555219128728, -0.0014190307119861245, -0.0016101407818496227, 0.0047220587730407715, -0.010589584708213806, 0.021426064893603325, -0.011563914828002453, 0.001484768115915358, -0.0009143024799413979, 0.00022593977337237448], [-9.852032962953672e-05, -0.00030349832377396524, -6.657342601101846e-05, -0.00034815940307453275, -0.0011351469438523054, 0.001983944559469819, -0.006213457323610783, 0.0048701949417591095, -0.011563914828002453, 0.020749662071466446, -0.008050569333136082, 0.005376468878239393, -0.0025553645100444555], [0.00011085459846071899, 0.00016860157484188676, -0.0008032608893699944, -0.0002849615993909538, 0.0004101079539395869, -0.00181566399987787, 0.0021086917258799076, -0.002421583281829953, 0.001484768115915358, -0.008050569333136082, 0.02018267847597599, -0.011325908824801445, 0.003679078072309494], [3.5915058106184006e-05, -0.00015596776211168617, -0.0008533406653441489, -0.00047149183228611946, -0.0015706856502220035, 0.002373000606894493, -0.0037790380883961916, 0.0017770534614101052, -0.0009143024799413979, 0.005376468878239393, -0.011325908824801445, 0.026036154478788376, -0.011604425497353077], [0.0007229822804220021, -0.0004010462434962392, -0.0003162573848385364, -0.0003029185754712671, 0.0007342220633290708, -0.003990412224084139, 0.00348330638371408, -0.004333178047090769, 0.00022593977337237448, -0.0025553645100444555, 0.003679078072309494, -0.011604425497353077, 0.022249260917305946]], "metadata.audio_properties.analysis.downmix": "mix", "metadata.audio_properties.codec": "mp3", "metadata.audio_properties.md5_encoded": "754011de442838c289244a16db5a9e82", "metadata.tags.file_name": "1183705756835528735.mp3", "metadata.version.essentia": "2.1-beta6-dev", "metadata.version.essentia_git_sha": "v2.1_beta5-1110-g77a6a954", "metadata.version.extractor": "music 2.0", "tonal.chords_key": "E", "tonal.chords_scale": "minor", "tonal.key_edma.key": "A", "tonal.key_edma.scale": "minor", "tonal.key_krumhansl.key": "A", "tonal.key_krumhansl.scale": "minor", "tonal.key_temperley.key": "A", "tonal.key_temperley.scale": "minor", "metadata.tags.encoding": ["Lavf58.45.100"]}, "essentia_models": [{"model_name": "genre_dortmund", 