{"song_id": "1183694599672320051", "download": "https://cdn.discordapp.com/attachments/1135911532732108921/1183694599672320051/chirp.mp4?ex=65894480&amp", "lyrics": "Flipping through history's pages, traditions call,\nFragrance of ink, where mountains and rivers enthrall.\nDragon Chenchen soaring on paper high,\nIs it AI's wisdom, or artisan's sky?", "style": ["rap"], "essentia_features": {"lowlevel.average_loudness": 0.9609546661376953, "lowlevel.barkbands_crest.mean": 19.62946128845215, "lowlevel.barkbands_crest.stdev": 6.900110244750977, "lowlevel.barkbands_flatness_db.mean": 0.3314228355884552, "lowlevel.barkbands_flatness_db.stdev": 0.12922115623950958, "lowlevel.barkbands_kurtosis.mean": 263.20361328125, "lowlevel.barkbands_kurtosis.stdev": 717.4329223632812, "lowlevel.barkbands_skewness.mean": 8.056367874145508, "lowlevel.barkbands_skewness.stdev": 10.487881660461426, "lowlevel.barkbands_spread.mean": 8.607766151428223, "lowlevel.barkbands_spread.stdev": 11.886839866638184, "lowlevel.dissonance.mean": 0.44767943024635315, "lowlevel.dissonance.stdev": 0.0571410097181797, "lowlevel.dynamic_complexity": 4.1733527183532715, "lowlevel.erbbands_crest.mean": 14.25241756439209, "lowlevel.erbbands_crest.stdev": 6.143834590911865, "lowlevel.erbbands_flatness_db.mean": 0.2131730318069458, "lowlevel.erbbands_flatness_db.stdev": 0.06607060879468918, "lowlevel.erbbands_kurtosis.mean": 6.378448009490967, "lowlevel.erbbands_kurtosis.stdev": 13.711841583251953, "lowlevel.erbbands_skewness.mean": 1.0134458541870117, "lowlevel.erbbands_skewness.stdev": 1.9951117038726807, "lowlevel.erbbands_spread.mean": 45.134490966796875, "lowlevel.erbbands_spread.stdev": 42.849063873291016, "lowlevel.hfc.mean": 14.145007133483887, "lowlevel.hfc.stdev": 19.692567825317383, "lowlevel.loudness_ebu128.integrated": -20.170764923095703, "lowlevel.loudness_ebu128.loudness_range": 2.490375518798828, "lowlevel.loudness_ebu128.momentary.mean": -21.085914611816406, "lowlevel.loudness_ebu128.momentary.stdev": 3.022230863571167, "lowlevel.loudness_ebu128.short_term.mean": -20.26036834716797, "lowlevel.loudness_ebu128.short_term.stdev": 0.825702965259552, "lowlevel.melbands_crest.mean": 25.044818878173828, "lowlevel.melbands_crest.stdev": 9.208636283874512, "lowlevel.melbands_flatness_db.mean": 0.3995514512062073, "lowlevel.melbands_flatness_db.stdev": 0.17319318652153015, "lowlevel.melbands_kurtosis.mean": 195.21359252929688, "lowlevel.melbands_kurtosis.stdev": 288.0164489746094, "lowlevel.melbands_skewness.mean": 7.741684913635254, "lowlevel.melbands_skewness.stdev": 7.5545573234558105, "lowlevel.melbands_spread.mean": 12.66592025756836, "lowlevel.melbands_spread.stdev": 24.743270874023438, "lowlevel.pitch_salience.mean": 0.29389989376068115, "lowlevel.pitch_salience.stdev": 0.2485485076904297, "lowlevel.silence_rate_20dB.mean": 0.9886877536773682, "lowlevel.silence_rate_20dB.stdev": 0.10575561970472336, "lowlevel.silence_rate_30dB.mean": 0.7171945571899414, "lowlevel.silence_rate_30dB.stdev": 0.45036226511001587, "lowlevel.silence_rate_60dB.mean": 0.14705882966518402, "lowlevel.silence_rate_60dB.stdev": 0.3541642427444458, "lowlevel.spectral_centroid.mean": 1148.73046875, "lowlevel.spectral_centroid.stdev": 1029.6595458984375, "lowlevel.spectral_complexity.mean": 5.877828121185303, "lowlevel.spectral_complexity.stdev": 7.0677714347839355, "lowlevel.spectral_decrease.mean": -1.991991815941674e-08, "lowlevel.spectral_decrease.stdev": 2.1896505941754185e-08, "lowlevel.spectral_energy.mean": 0.07646533846855164, "lowlevel.spectral_energy.stdev": 0.08343138545751572, "lowlevel.spectral_energyband_high.mean": 0.00035513515467755497, "lowlevel.spectral_energyband_high.stdev": 0.0010971528245136142, "lowlevel.spectral_energyband_low.mean": 0.067020945250988, "lowlevel.spectral_energyband_low.stdev": 0.07917837798595428, "lowlevel.spectral_energyband_middle_high.mean": 0.003434311132878065, "lowlevel.spectral_energyband_middle_high.stdev": 0.00851721502840519, "lowlevel.spectral_energyband_middle_low.mean": 0.006480959709733725, "lowlevel.spectral_energyband_middle_low.stdev": 0.01687466911971569, "lowlevel.spectral_entropy.mean": 7.070140361785889, "lowlevel.spectral_entropy.stdev": 0.8003929853439331, "lowlevel.spectral_flux.mean": 0.0992993637919426, "lowlevel.spectral_flux.stdev": 0.11071635782718658, "lowlevel.spectral_kurtosis.mean": 6.329888820648193, "lowlevel.spectral_kurtosis.stdev": 5.5455121994018555, "lowlevel.spectral_rms.mean": 0.007338196504861116, "lowlevel.spectral_rms.stdev": 0.004555347375571728, "lowlevel.spectral_rolloff.mean": 1089.861572265625, "lowlevel.spectral_rolloff.stdev": 2267.873046875, "lowlevel.spectral_skewness.mean": 1.7322969436645508, "lowlevel.spectral_skewness.stdev": 0.8598459959030151, "lowlevel.spectral_spread.mean": 4687325.0, "lowlevel.spectral_spread.stdev": 2208411.5, "lowlevel.spectral_strongpeak.mean": 0.8592272996902466, "lowlevel.spectral_strongpeak.stdev": 0.920400083065033, "lowlevel.zerocrossingrate.mean": 0.04058478772640228, "lowlevel.zerocrossingrate.stdev": 0.06604758650064468, "metadata.audio_properties.analysis.equal_loudness": 0.0, "metadata.audio_properties.analysis.length": 10.21866226196289, "metadata.audio_properties.analysis.sample_rate": 44100.0, "metadata.audio_properties.analysis.start_time": 0.0, "metadata.audio_properties.bit_rate": 117902.0, "metadata.audio_properties.length": 10.218667030334473, "metadata.audio_properties.lossless": 0.0, "metadata.audio_properties.number_channels": 1.0, "metadata.audio_properties.replay_gain": -5.327871322631836, "metadata.audio_properties.sample_rate": 48000.0, "rhythm.beats_count": 16.0, "rhythm.beats_loudness.mean": 0.11740656942129135, "rhythm.beats_loudness.stdev": 0.11163013428449631, "rhythm.bpm": 98.52389526367188, "rhythm.bpm_histogram_first_peak_bpm": 99.0, "rhythm.bpm_histogram_first_peak_weight": 0.07692301273345947, "rhythm.bpm_histogram_second_peak_bpm": 92.0, "rhythm.bpm_histogram_second_peak_spread": 0.5, "rhythm.bpm_histogram_second_peak_weight": 0.06666667014360428, "rhythm.danceability": 1.110541820526123, "rhythm.onset_rate": 5.46875, "tonal.chords_changes_rate": 0.0810810774564743, "tonal.chords_number_rate": 0.036036036908626556, "tonal.chords_strength.mean": 0.4610905349254608, "tonal.chords_strength.stdev": 0.07232651859521866, "tonal.hpcp_crest.mean": 14.084674835205078, "tonal.hpcp_crest.stdev": 7.170762062072754, "tonal.hpcp_entropy.mean": 1.9632461071014404, "tonal.hpcp_entropy.stdev": 0.9013348817825317, "tonal.key_edma.strength": 0.6329649090766907, "tonal.key_krumhansl.strength": 0.6319555640220642, "tonal.key_temperley.strength": 0.6267831921577454, "tonal.tuning_diatonic_strength": 0.614589273929596, "tonal.tuning_equal_tempered_deviation": 0.26804760098457336, "tonal.tuning_frequency": 434.193115234375, "tonal.tuning_nontempered_energy_ratio": 0.9194667935371399, "lowlevel.barkbands.mean": [0.003259052988141775, 0.06060934439301491, 0.0025443146005272865, 0.0010176330106332898, 0.000661977450363338, 0.00010273425868945196, 0.0009799245744943619, 0.0018808816093951464, 0.0014065800933167338, 0.001335614244453609, 0.0006506601930595934, 0.0004283612943254411, 0.0003943353658542037, 0.00024468210176564753, 0.00010189179010922089, 9.898086136672646e-05, 0.00011259157327003777, 9.15245691430755e-05, 0.00011042111145798117, 0.0001224294537678361, 5.115964086144231e-05, 7.69013786339201e-05, 8.716848969925195e-05, 2.9979792088852264e-05, 3.8979727833066136e-05, 2.7211532142246142e-05, 7.571973270614762e-08], "lowlevel.barkbands.stdev": [0.006539092864841223, 0.07174748182296753, 0.015482418239116669, 0.009621587581932545, 0.002077152719721198, 0.0006380585255101323, 0.004366932436823845, 0.008134303614497185, 0.006825997028499842, 0.005898870062083006, 0.002579411258921027, 0.0016729541821405292, 0.0017823665402829647, 0.0008032625773921609, 0.00035292093525640666, 0.0003545798535924405, 0.00035295370616950095, 0.0003574535367079079, 0.0003458796418271959, 0.00039941651630215347, 0.00022461600019596517, 0.0002224661729997024, 0.00025849175290204585, 0.00010854955326067284, 0.00016307800251524895, 0.00012825342128053308, 5.209960818319814e-07], "lowlevel.erbbands.mean": [2.408353805541992, 10.899751663208008, 5.222017765045166, 3.6295320987701416, 2.164400815963745, 2.576230049133301, 1.6620848178863525, 0.8967410922050476, 5.469462871551514, 35.31106948852539, 32.61727523803711, 27.781991958618164, 54.709800720214844, 25.979101181030273, 25.89299964904785, 16.26848030090332, 18.54749870300293, 13.564730644226074, 8.77082633972168, 5.475634574890137, 5.616400718688965, 6.825406074523926, 5.26299524307251, 4.187320709228516, 6.9920854568481445, 5.708158016204834, 2.535659074783325, 1.8413033485412598, 2.588688611984253, 3.373561382293701, 2.131978988647461, 0.7841244339942932, 0.468168705701828, 0.4395347833633423, 0.27202460169792175, 0.1528356969356537, 0.044576339423656464, 0.0033733509480953217, 0.00010361017484683543, 8.760386117501184e-05], "lowlevel.erbbands.stdev": [3.058279275894165, 13.91004753112793, 16.323577880859375, 30.11892318725586, 16.400503158569336, 5.747326850891113, 3.9832444190979004, 7.123642921447754, 32.610252380371094, 120.01026916503906, 174.51475524902344, 136.007568359375, 210.5872039794922, 85.88492584228516, 92.57611846923828, 56.88569641113281, 88.22917938232422, 42.78799057006836, 32.94491958618164, 20.633764266967773, 18.415159225463867, 21.53243637084961, 18.898895263671875, 15.979544639587402, 21.32859992980957, 19.180179595947266, 10.802393913269043, 7.393141746520996, 8.045653343200684, 9.322872161865234, 6.598913192749023, 2.7655763626098633, 1.6648765802383423, 1.8463857173919678, 1.1710031032562256, 0.7251312136650085, 0.20977187156677246, 0.015537883155047894, 0.00031236314680427313, 9.158147440757602e-05], "lowlevel.gfcc.mean": [-120.05939483642578, 82.22199249267578, -92.26068115234375, 39.97782897949219, -43.85799026489258, 22.79557228088379, -16.795930862426758, 19.068187713623047, -12.740732192993164, 4.992554187774658, -5.156986713409424, -0.7180101871490479, -7.507367134094238], "lowlevel.melbands.mean": [0.019210869446396828, 0.006283212453126907, 0.0005594375543296337, 0.00015259685460478067, 7.55513392505236e-05, 1.9541161236702465e-05, 0.00011301617632852867, 0.0004179113602731377, 0.0002197929861722514, 0.00020140463311690837, 0.00028198250220157206, 0.00011188356438651681, 9.594061702955514e-05, 4.711690780823119e-05, 3.9630598621442914e-05, 4.218464528094046e-05, 2.239738023490645e-05, 1.6174104530364275e-05, 6.9220013756421395e-06, 6.947253041289514e-06, 6.259371275518788e-06, 6.94551727065118e-06, 6.597767423954792e-06, 3.4525628507253714e-06, 3.183428589181858e-06, 4.726741735794349e-06, 5.5550303841300774e-06, 3.2866612400539452e-06, 1.5208875083772e-06, 1.2950955579071888e-06, 9.720025673232158e-07, 1.4038349718248355e-06, 1.6338158275175374e-06, 2.0274778762541246e-06, 1.40706015372416e-06, 6.677477699668088e-07, 4.096813768228458e-07, 2.9462870543284225e-07, 3.7102151395629335e-07, 3.6968364724998537e-07], "lowlevel.melbands.stdev": [0.02282758243381977, 0.010036749765276909, 0.004651050549000502, 0.0006372857023961842, 0.00014503140118904412, 0.00017114747606683522, 0.0005738976178690791, 0.0013791988603770733, 0.0012595084263011813, 0.001027857419103384, 0.0010882080532610416, 0.00042216197471134365, 0.00037841222365386784, 0.00019414247071836144, 0.00017001361993607134, 0.00019509521371219307, 6.941719038877636e-05, 6.725143612129614e-05, 2.4277267584693618e-05, 2.783781565085519e-05, 2.0372075596242212e-05, 2.2292128051049076e-05, 2.1118801669217646e-05, 1.609912760613952e-05, 1.2693787539319601e-05, 1.4738754543941468e-05, 1.8834107322618365e-05, 1.1509186151670292e-05, 6.623611625400372e-06, 5.6851031331461854e-06, 3.980598648922751e-06, 4.666498625738313e-06, 4.688032731792191e-06, 5.703858732886147e-06, 4.5444321585819125e-06, 2.2073568288760725e-06, 1.583444600328221e-06, 1.0069144309454714e-06, 1.5358008340626839e-06, 1.5747582438052632e-06], "lowlevel.melbands128.mean": [0.0031823664903640747, 0.019879711791872978, 0.028219440951943398, 0.014280981384217739, 0.003540637204423547, 0.0011689915554597974, 0.0007735834224149585, 0.0004070073482580483, 0.0001802886399673298, 0.00011728464596671984, 0.00016203826817218214, 0.00011885390995303169, 5.314846202963963e-05, 2.047862290055491e-05, 1.4955421647755429e-05, 1.704229180177208e-05, 3.59146433766e-05, 7.057986658765003e-05, 0.00026745354989543557, 0.00046098168240860105, 0.00047210202319547534, 0.00039200406172312796, 0.00018095344421453774, 5.421289097284898e-05, 9.262469393434003e-05, 0.0003140668268315494, 0.00034195437910966575, 0.0002515086380299181, 0.0002982203441206366, 0.00010272328654536977, 4.683643055614084e-05, 0.00010440691403346136, 0.00012742853141389787, 6.233852036530152e-05, 5.977933687972836e-05, 3.596144597395323e-05, 3.8918609789106995e-05, 4.836925654672086e-05, 2.5897166779031977e-05, 4.939933933201246e-05, 4.454432928469032e-05, 3.7676738429581746e-05, 1.947350028785877e-05, 1.3475951163854916e-05, 2.734902227530256e-05, 1.4931740224710666e-05, 7.485431069653714e-06, 5.189555849938188e-06, 7.787266440573148e-06, 8.077553502516821e-06, 6.054039658920374e-06, 6.41262795397779e-06, 7.771310265525244e-06, 4.980432549928082e-06, 5.749333922722144e-06, 8.155403520504478e-06, 6.908112482051365e-06, 6.7967348513775505e-06, 7.890654160291888e-06, 3.335722567499033e-06, 3.272006097176927e-06, 3.2788145745143993e-06, 2.6431162041262724e-06, 3.226736680517206e-06, 3.836782525468152e-06, 4.745618753076997e-06, 5.28093096363591e-06, 5.342641088645905e-06, 6.19089314568555e-06, 5.112631697556935e-06, 3.538973260219791e-06, 2.2529138732352294e-06, 1.515518533778959e-06, 1.3516614671971183e-06, 1.5708527598690125e-06, 1.4323568393592723e-06, 1.1661353482850245e-06, 8.646777018839202e-07, 1.0020612535299733e-06, 9.259603643840819e-07, 1.360272335659829e-06, 1.6617535720797605e-06, 1.4238901258067926e-06, 1.4982934999352437e-06, 1.9915094071620842e-06, 1.893769535854517e-06, 2.11225733437459e-06, 2.141291588486638e-06, 1.3084003285257495e-06, 9.745431270857807e-07, 8.654093903714966e-07, 5.322474407876143e-07, 4.207515189591504e-07, 4.3156674678357376e-07, 3.984681598012685e-07, 2.9365725140451104e-07, 2.464591091211332e-07, 3.1381210874315e-07, 4.0715056570661545e-07, 3.6835601235907234e-07, 3.9759885339663015e-07, 3.9986855426832335e-07, 2.98517420560529e-07, 3.0263058192758763e-07, 2.8062379442417296e-07, 3.339353611409024e-07, 3.082286355038377e-07, 2.658383664311259e-07, 2.6878441872213443e-07, 2.760620816388837e-07, 2.0793665100882208e-07, 1.8376890409399493e-07, 1.3429649925456033e-07, 9.190227245881033e-08, 6.565173293893167e-08, 2.7944960123704732e-08, 3.710854290517318e-09, 1.283984307764996e-10, 4.5364226264332785e-11, 1.0597566227343869e-11, 7.563446396963158e-12, 6.939520139082056e-12, 6.766970664373595e-12, 6.661254447343223e-12, 6.431222741853926e-12, 6.09924177136234e-12, 5.919314951391419e-12, 5.869106416145353e-12], "lowlevel.melbands128.stdev": [0.006361330859363079, 0.028413990512490273, 0.03331241384148598, 0.020491203293204308, 0.009637543000280857, 0.007853874936699867, 0.006972458679229021, 0.0038224144373089075, 0.0013974372996017337, 0.0005055649089626968, 0.00032883830135688186, 0.00022734528465662152, 0.00016855436842888594, 0.000102320293080993, 0.00012194444570923224, 0.00019646358850877732, 0.000493285886477679, 0.0005832037422806025, 0.001237971126101911, 0.0018402124987915158, 0.001966225216165185, 0.0022654198110103607, 0.0015594663564115763, 0.0003787002060562372, 0.0007799785234965384, 0.0019517424516379833, 0.0018934906693175435, 0.0012376538943499327, 0.0017086919397115707, 0.000570099160540849, 0.00026122239069081843, 0.00046911940444260836, 0.0006669581052847207, 0.0002851895696949214, 0.00038228771882131696, 0.00018520496087148786, 0.00017784714873414487, 0.00030162956682033837, 0.00013361114542931318, 0.0003715151106007397, 0.00022521766368299723, 0.00016745294851716608, 8.627163333585486e-05, 5.502258863998577e-05, 0.00014636789273936301, 8.66884583956562e-05, 3.159308107569814e-05, 2.1766825739177875e-05, 3.187442052876577e-05, 3.9473146898671985e-05, 3.2796051527839154e-05, 3.114177889074199e-05, 3.0954997782828286e-05, 1.9066323147853836e-05, 2.47991738433484e-05, 2.8523289074655622e-05, 3.214577736798674e-05, 2.341316758247558e-05, 2.777067493298091e-05, 1.4917369298927952e-05, 1.870260530267842e-05, 1.7600201317691244e-05, 1.2683523891610093e-05, 1.2602014976437204e-05, 1.5120934222068172e-05, 1.8055279724649154e-05, 1.9493530999170616e-05, 1.961623456736561e-05, 2.5006122086779214e-05, 1.980016713787336e-05, 1.51861495396588e-05, 8.694852112967055e-06, 5.795650395157281e-06, 6.6063894337276e-06, 8.661994797876105e-06, 6.788114205846796e-06, 5.007233994547278e-06, 4.186956175544765e-06, 4.630647254089126e-06, 3.270804654675885e-06, 4.9780719564296305e-06, 5.610130756394938e-06, 4.830548732570605e-06, 4.4677221922029275e-06, 5.936960860708496e-06, 5.71673626836855e-06, 6.138539902167395e-06, 7.4143272286164574e-06, 4.954213181918021e-06, 3.1036315704113804e-06, 2.865502892746008e-06, 1.9188787518942263e-06, 1.911400204335223e-06, 1.823199227146688e-06, 1.9181252355338074e-06, 1.0997287063219119e-06, 7.865381803640048e-07, 1.3079217069389415e-06, 1.824415789997147e-06, 1.710315245873062e-06, 1.8206042113888543e-06, 1.7295333236688748e-06, 1.3075145943730604e-06, 1.431870146006986e-06, 1.2564117923830054e-06, 1.5657532230761717e-06, 1.3134556411387166e-06, 1.2858066611443064e-06, 1.4145741715765325e-06, 1.4546193369824323e-06, 1.075497380043089e-06, 9.425726261724776e-07, 6.561367627000436e-07, 4.5829446548850683e-07, 3.5433419043329195e-07, 1.290900826234065e-07, 2.2831526891309295e-08, 1.0680133444296303e-09, 5.789262402799977e-10, 5.832653110493524e-11, 1.7180767225566385e-11, 1.2736194043849736e-11, 1.2464106136089725e-11, 1.2248952720173012e-11, 1.207232924738122e-11, 1.1927472898243252e-11, 1.1824165778440143e-11, 1.1760557805384764e-11], "lowlevel.mfcc.mean": [-772.8543090820312, 115.10643005371094, 14.020258903503418, 29.128013610839844, 8.320837020874023, 12.569685935974121, 12.696142196655273, 17.305007934570312, 3.4059951305389404, 13.886487007141113, 8.336860656738281, 2.6030027866363525, 11.148792266845703], "lowlevel.spectral_contrast_coeffs.mean": [-0.6588181257247925, -0.7499672174453735, -0.7742414474487305, -0.8144568800926208, -0.8006540536880493, -0.7812095284461975], "lowlevel.spectral_contrast_coeffs.stdev": [0.09925061464309692, 0.1201326921582222, 0.11401794105768204, 0.06577081978321075, 0.06153161823749542, 0.04904725402593613], "lowlevel.spectral_contrast_valleys.mean": [-8.139047622680664, -8.383526802062988, -8.692964553833008, -8.99614143371582, -8.805108070373535, -11.440631866455078], "lowlevel.spectral_contrast_valleys.stdev": [1.6747519969940186, 1.1233068704605103, 1.2078919410705566, 1.1306509971618652, 1.1246705055236816, 1.1923424005508423], "rhythm.beats_loudness_band_ratio.mean": [0.6496888995170593, 0.022616853937506676, 0.1308874785900116, 0.08658301830291748, 0.050866805016994476, 0.07141800969839096], "rhythm.beats_loudness_band_ratio.stdev": [0.42043548822402954, 0.03950696438550949, 0.23864901065826416, 0.1405724436044693, 0.10035288333892822, 0.13926883041858673], "tonal.hpcp.mean": [0.04011257365345955, 0.031517304480075836, 0.03877384588122368, 0.03905622288584709, 0.070435531437397, 0.09025212377309799, 0.12285685539245605, 0.17996829748153687, 0.13603387773036957, 0.22976788878440857, 0.24469083547592163, 0.07721535116434097, 0.049047354608774185, 0.04876411706209183, 0.043465595692396164, 0.04092220216989517, 0.03778531774878502, 0.03577693551778793, 0.03418676182627678, 0.03342149779200554, 0.03411601483821869, 0.038980044424533844, 0.05152493715286255, 0.0506056547164917, 0.053410593420267105, 0.06514615565538406, 0.09021735936403275, 0.1243084967136383, 0.12045162916183472, 0.09338795393705368, 0.13656572997570038, 0.2522861957550049, 0.19811148941516876, 0.08359037339687347, 0.0843413844704628, 0.07116089016199112], "tonal.hpcp.stdev": [0.12979237735271454, 0.12955781817436218, 0.16230027377605438, 0.14184322953224182, 0.20504947006702423, 0.22474001348018646, 0.23091888427734375, 0.33004486560821533, 0.258704274892807, 0.3637979328632355, 0.39431408047676086, 0.1765061914920807, 0.1593894362449646, 0.1636728048324585, 0.13318446278572083, 0.15657691657543182, 0.11634965240955353, 0.10352103412151337, 0.09248988330364227, 0.09028124809265137, 0.08980150520801544, 0.12128415703773499, 0.16330191493034363, 0.1492381989955902, 0.14527851343154907, 0.1670076996088028, 0.2221357673406601, 0.2744103670120239, 0.27460259199142456, 0.21718484163284302, 0.25179538130760193, 0.3922324776649475, 0.3197261393070221, 0.1897047460079193, 0.21852412819862366, 0.196437269449234], "rhythm.beats_position": [0.6037188172340393, 1.2190475463867188, 1.834376335144043, 2.449705123901367, 3.0534238815307617, 3.6571428775787354, 4.28408145904541, 4.934240341186523, 5.572789192199707, 6.176507949829102, 6.780226707458496, 7.383945465087891, 7.987664222717285, 8.59138298034668, 9.195101737976074, 9.810430526733398], "rhythm.bpm_histogram": [0.0, 0.0, 0.0, 0.0, 0.0, 0.0, 0.0, 0.0, 0.0, 0.0, 0.0, 0.0, 0.0, 0.0, 0.0, 0.0, 0.0, 0.0, 0.0, 0.0, 0.0, 0.0, 0.0, 0.0, 0.0, 0.0, 0.0, 0.0, 0.0, 0.0, 0.0, 0.0, 0.0, 0.0, 0.0, 0.0, 0.0, 0.0, 0.0, 0.0, 0.0, 0.0, 0.0, 0.0, 0.0, 0.0, 0.0, 0.0, 0.0, 0.0, 0.0, 0.0, 0.0, 0.0, 0.0, 0.0, 0.0, 0.0, 0.0, 0.0, 0.0, 0.0, 0.0, 0.0, 0.0, 0.0, 0.0, 0.0, 0.0, 0.0, 0.0, 0.0, 0.0, 0.0, 0.0, 0.0, 0.0, 0.0, 0.0, 0.0, 0.0, 0.0, 0.0, 0.0, 0.0, 0.0, 0.0, 0.0, 0.0, 0.0, 0.0, 0.0, 0.06666667014360428, 0.0, 0.06666667014360428, 0.0, 0.06666667014360428, 0.0, 0.2666666805744171, 0.5333333611488342, 0.0, 0.0, 0.0, 0.0, 0.0, 0.0, 0.0, 0.0, 0.0, 0.0, 0.0, 0.0, 0.0, 0.0, 0.0, 0.0, 0.0, 0.0, 0.0, 0.0, 0.0, 0.0, 0.0, 0.0, 0.0, 0.0, 0.0, 0.0, 0.0, 0.0, 0.0, 0.0, 0.0, 0.0, 0.0, 0.0, 0.0, 0.0, 0.0, 0.0, 0.0, 0.0, 0.0, 0.0, 0.0, 0.0, 0.0, 0.0, 0.0, 0.0, 0.0, 0.0, 0.0, 0.0, 0.0, 0.0, 0.0, 0.0, 0.0, 0.0, 0.0, 0.0, 0.0, 0.0, 0.0, 0.0, 0.0, 0.0, 0.0, 0.0, 0.0, 0.0, 0.0, 0.0, 0.0, 0.0, 0.0, 0.0, 0.0, 0.0, 0.0, 0.0, 0.0, 0.0, 0.0, 0.0, 0.0, 0.0, 0.0, 0.0, 0.0, 0.0, 0.0, 0.0, 0.0, 0.0, 0.0, 0.0, 0.0, 0.0, 0.0, 0.0, 0.0, 0.0, 0.0, 0.0, 0.0, 0.0, 0.0, 0.0, 0.0, 0.0, 0.0, 0.0, 0.0, 0.0, 0.0, 0.0, 0.0, 0.0, 0.0, 0.0, 0.0, 0.0, 0.0, 0.0, 0.0, 0.0, 0.0, 0.0, 0.0, 0.0, 0.0, 0.0, 0.0, 0.0, 0.0, 0.0, 0.0, 0.0, 0.0, 0.0, 0.0, 0.0, 0.0, 0.0, 0.0, 0.0, 0.0, 0.0], "tonal.chords_histogram": [31.98198127746582, 0.0, 0.0, 13.513513565063477, 0.0, 0.0, 0.0, 0.0, 1.3513513803482056, 7.207207202911377, 1.8018018007278442, 0.0, 0.0, 0.0, 0.0, 28.37837791442871, 14.414414405822754, 1.3513513803482056, 0.0, 0.0, 0.0, 0.0, 0.0, 0.0], "tonal.thpcp": [1.0, 0.7852649092674255, 0.3313315510749817, 0.33430835604667664, 0.28206413984298706, 0.1589963138103485, 0.12492679059505463, 0.1536899209022522, 0.15480919182300568, 0.27918899059295654, 0.35773706436157227, 0.48697414994239807, 0.7133497595787048, 0.5392045974731445, 0.910742998123169, 0.9698938727378845, 0.3060625195503235, 0.19441156089305878, 0.1932888776063919, 0.17228685319423676, 0.16220547258853912, 0.14977164566516876, 0.14181090891361237, 0.13550785183906555, 0.13247454166412354, 0.13522742688655853, 0.15450724959373474, 0.2042320966720581, 0.20058828592300415, 0.21170637011528015, 0.2582232356071472, 0.35759925842285156, 0.4927280843257904, 0.47744041681289673, 0.37016671895980835, 0.5413127541542053], "lowlevel.gfcc.cov": [[10488.853515625, 372.39422607421875, -924.330810546875, 64.40682983398438, -301.1736145019531, -16.02924346923828, 176.9842529296875, 587.3621215820312, 205.8001708984375, 210.3349151611328, 62.857398986816406, 13.405856132507324, -123.83621215820312], [372.39422607421875, 3514.28369140625, 877.256103515625, 79.95558166503906, 1150.8262939453125, -1.1761776208877563, 963.0026245117188, 444.4242858886719, 573.9275512695312, -184.81390380859375, 620.8950805664062, -271.0018310546875, 390.3808898925781], [-924.330810546875, 877.256103515625, 3561.9384765625, 2024.5543212890625, 1513.1083984375, 1020.4395751953125, 913.658935546875, 234.16355895996094, 820.7939453125, 193.87413024902344, 145.9343719482422, 142.2225341796875, 178.13241577148438], [64.40682983398438, 79.95558166503906, 2024.5543212890625, 1923.40087890625, 1117.9593505859375, 646.4783325195312, 461.61724853515625, 151.79006958007812, 581.6498413085938, 213.0764923095703, 58.46855926513672, 124.54176330566406, 111.70811462402344], [-301.1736145019531, 1150.8262939453125, 1513.1083984375, 1117.9593505859375, 1601.434326171875, 641.7677001953125, 681.358154296875, 185.1697540283203, 552.8029174804688, 149.3127899169922, 323.99932861328125, -11.540122032165527, 205.1413116455078], [-16.02924346923828, -1.1761776208877563, 1020.4395751953125, 646.4783325195312, 641.7677001953125, 886.2197875976562, 546.3006591796875, 58.08620834350586, 221.745849609375, 131.38526916503906, 74.96561431884766, 155.17913818359375, 32.8725471496582], [176.9842529296875, 963.0026245117188, 913.658935546875, 461.61724853515625, 681.358154296875, 546.3006591796875, 1007.7809448242188, 401.4761657714844, 362.6031188964844, -32.00849533081055, 240.13856506347656, 74.9069595336914, 154.7488250732422], [587.3621215820312, 444.4242858886719, 234.16355895996094, 151.79006958007812, 185.1697540283203, 58.08620834350586, 401.4761657714844, 430.6800537109375, 255.374267578125, 5.537192344665527, 95.51740264892578, 6.423801422119141, 64.94622039794922], [205.8001708984375, 573.9275512695312, 820.7939453125, 581.6498413085938, 552.8029174804688, 221.745849609375, 362.6031188964844, 255.374267578125, 520.08349609375, 153.11270141601562, 152.9332733154297, -8.472517013549805, 84.04999542236328], [210.3349151611328, -184.81390380859375, 193.87413024902344, 213.0764923095703, 149.3127899169922, 131.38526916503906, -32.00849533081055, 5.537192344665527, 153.11270141601562, 247.51080322265625, 47.866111755371094, 21.833858489990234, -48.521034240722656], [62.857398986816406, 620.8950805664062, 145.9343719482422, 58.46855926513672, 323.99932861328125, 74.96561431884766, 240.13856506347656, 95.51740264892578, 152.9332733154297, 47.866111755371094, 243.40560913085938, -19.980899810791016, 71.4249267578125], [13.405856132507324, -271.0018310546875, 142.2225341796875, 124.54176330566406, -11.540122032165527, 155.17913818359375, 74.9069595336914, 6.423801422119141, -8.472517013549805, 21.833858489990234, -19.980899810791016, 150.4254608154297, 0.3740074932575226], [-123.83621215820312, 390.3808898925781, 178.13241577148438, 111.70811462402344, 205.1413116455078, 32.8725471496582, 154.7488250732422, 64.94622039794922, 84.04999542236328, -48.521034240722656, 71.4249267578125, 0.3740074932575226, 143.40370178222656]], "lowlevel.gfcc.icov": [[0.00013313062663655728, -0.0001459906343370676, 0.00013971264706924558, -0.00016983180830720812, 0.00010143511462956667, -0.00013623718405142426, 8.431014430243522e-05, -0.0002493221254553646, 6.666882109129801e-05, -0.00017521274276077747, 0.00013858899183105677, -0.00010230606858385727, 0.00021207742975093424], [-0.0001459906343370676, 0.0015265053370967507, -0.0005300266202539206, 0.0007735448307357728, -0.00048533306107856333, 0.0006662157829850912, -0.0006147590465843678, 0.00037149619311094284, -0.0007052807486616075, 0.0013130635488778353, -0.002124987542629242, 0.001680164597928524, -0.001277424511499703], [0.00013971264706924558, -0.0005300266202539206, 0.0012297366047278047, -0.0009671566658653319, 8.997553959488869e-05, -0.0005555765819735825, -0.00013279120321385562, 0.00022638218069914728, -0.0006069165538065135, -8.622970199212432e-05, 0.0010730843059718609, -0.0005734533770009875, 0.0006223414093255997], [-0.00016983180830720812, 0.0007735448307357728, -0.0009671566658653319, 0.002288411371409893, -0.001106223906390369, 0.0005059883696958423, -3.398498665774241e-05, 0.00026561724371276796, -0.0009689060389064252, 0.00033787518623284996, 0.00010904858936555684, -0.00025984717649407685, -0.0008222535252571106], [0.00010143511462956667, -0.00048533306107856333, 8.997553959488869e-05, -0.001106223906390369, 0.002537911757826805, -0.0012130826944485307, 0.00013034047151450068, 9.39612727961503e-05, -7.220712723210454e-05, -0.00042249340913258493, -0.0012692695017904043, 0.0012153766583651304, -0.0008485210128128529], [-0.00013623718405142426, 0.0006662157829850912, -0.0005555765819735825, 0.0005059883696958423, -0.0012130826944485307, 0.004211717750877142, -0.0028271335177123547, 0.001842111931182444, 0.0003148677933495492, -0.0014743040082976222, 0.000828381918836385, -0.0014488762244582176, 0.0002589224313851446], [8.431014430243522e-05, -0.0006147590465843678, -0.00013279120321385562, -3.398498665774241e-05, 0.00013034047151450068, -0.0028271335177123547, 0.005112742073833942, -0.0033885936718434095, -0.00012403151777107269, 0.002350801369175315, -0.0019250671612098813, -0.0010406703222543001, 0.00024643156211823225], [-0.0002493221254553646, 0.00037149619311094284, 0.00022638218069914728, 0.00026561724371276796, 9.39612727961503e-05, 0.001842111931182444, -0.0033885936718434095, 0.006519300863146782, -0.002939759287983179, 8.494086796417832e-05, 0.0008926587179303169, -0.0002852550824172795, -0.00025936757447198033], [6.666882109129801e-05, -0.0007052807486616075, -0.0006069165538065135, -0.0009689060389064252, -7.220712723210454e-05, 0.0003148677933495492, -0.00012403151777107269, -0.002939759287983179, 0.007629896979779005, -0.004381932783871889, 0.00010862528870347887, 0.0010391564574092627, -0.0010288680205121636], [-0.00017521274276077747, 0.0013130635488778353, -8.622970199212432e-05, 0.00033787518623284996, -0.00042249340913258493, -0.0014743040082976222, 0.002350801369175315, 8.494086796417832e-05, -0.004381932783871889, 0.010530315339565277, -0.0048753018490970135, 6.680582009721547e-05, 0.003044519107788801], [0.00013858899183105677, -0.002124987542629242, 0.0010730843059718609, 0.00010904858936555684, -0.0012692695017904043, 0.000828381918836385, -0.0019250671612098813, 0.0008926587179303169, 0.00010862528870347887, -0.0048753018490970135, 0.01253187470138073, -0.002598188817501068, -0.0001627666933927685], [-0.00010230606858385727, 0.001680164597928524, -0.0005734533770009875, -0.00025984717649407685, 0.0012153766583651304, -0.0014488762244582176, -0.0010406703222543001, -0.0002852550824172795, 0.0010391564574092627, 6.680582009721547e-05, -0.002598188817501068, 0.012271219864487648, -0.0032261114101856947], [0.00021207742975093424, -0.001277424511499703, 0.0006223414093255997, -0.0008222535252571106, -0.0008485210128128529, 0.0002589224313851446, 0.00024643156211823225, -0.00025936757447198033, -0.0010288680205121636, 0.003044519107788801, -0.0001627666933927685, -0.0032261114101856947, 0.013230029493570328]], "lowlevel.mfcc.cov": [[8463.7666015625, -206.66983032226562, -1164.81201171875, -371.0026550292969, -577.0952758789062, -635.9517211914062, -211.3101043701172, 24.721324920654297, -167.8294219970703, 316.6092834472656, 9.387958526611328, -65.4732666015625, 246.5808868408203], [-206.66983032226562, 3379.29443359375, 2.965620517730713, 275.9041748046875, 342.6480712890625, -139.9603729248047, 657.60205078125, 452.2264404296875, 249.800537109375, 431.9824523925781, 165.31973266601562, 149.86672973632812, 287.8670959472656], [-1164.81201171875, 2.965620517730713, 2316.722900390625, 1185.8814697265625, 799.7103881835938, 1015.5672607421875, 321.2328796386719, 552.1171875, 638.6433715820312, 210.9135284423828, 370.67803955078125, 310.3897705078125, 78.68601989746094], [-371.0026550292969, 275.9041748046875, 1185.8814697265625, 1468.4998779296875, 931.961669921875, 630.7881469726562, 270.20196533203125, 409.79296875, 506.28076171875, 289.21551513671875, 260.2724304199219, 349.74462890625, 148.68653869628906], [-577.0952758789062, 342.6480712890625, 799.7103881835938, 931.961669921875, 1126.4930419921875, 737.42431640625, 257.413330078125, 182.75404357910156, 337.1338195800781, 247.82537841796875, 210.74118041992188, 309.8718566894531, 143.1429443359375], [-635.9517211914062, -139.9603729248047, 1015.5672607421875, 630.7881469726562, 737.42431640625, 1156.6494140625, 419.58477783203125, 325.6434631347656, 356.7336730957031, 109.69004821777344, 275.8175354003906, 276.2232971191406, 89.20504760742188], [-211.3101043701172, 657.60205078125, 321.2328796386719, 270.20196533203125, 257.413330078125, 419.58477783203125, 608.333251953125, 445.91082763671875, 248.7945556640625, 163.98233032226562, 143.4208221435547, 149.0128631591797, 127.37328338623047], [24.721324920654297, 452.2264404296875, 552.1171875, 409.79296875, 182.75404357910156, 325.6434631347656, 445.91082763671875, 619.0454711914062, 374.915771484375, 201.065185546875, 179.90687561035156, 149.2371063232422, 103.5274887084961], [-167.8294219970703, 249.800537109375, 638.6433715820312, 506.28076171875, 337.1338195800781, 356.7336730957031, 248.7945556640625, 374.915771484375, 440.69268798828125, 201.35232543945312, 196.6988525390625, 165.35838317871094, 80.85722351074219], [316.6092834472656, 431.9824523925781, 210.9135284423828, 289.21551513671875, 247.82537841796875, 109.69004821777344, 163.98233032226562, 201.065185546875, 201.35232543945312, 335.6070861816406, 186.91793823242188, 105.6877212524414, 125.31806182861328], [9.387958526611328, 165.31973266601562, 370.67803955078125, 260.2724304199219, 210.74118041992188, 275.8175354003906, 143.4208221435547, 179.90687561035156, 196.6988525390625, 186.91793823242188, 289.0031433105469, 172.39505004882812, 92.0807876586914], [-65.4732666015625, 149.86672973632812, 310.3897705078125, 349.74462890625, 309.8718566894531, 276.2232971191406, 149.0128631591797, 149.2371063232422, 165.35838317871094, 105.6877212524414, 172.39505004882812, 261.81671142578125, 85.87336730957031], [246.5808868408203, 287.8670959472656, 78.68601989746094, 148.68653869628906, 143.1429443359375, 89.20504760742188, 127.37328338623047, 103.5274887084961, 80.85722351074219, 125.31806182861328, 92.0807876586914, 85.87336730957031, 173.30555725097656]], "lowlevel.mfcc.icov": [[0.00015874508244451135, 3.30218426825013e-05, 0.0001008370891213417, -4.137225550948642e-05, 0.00013065383245702833, -6.69683504384011e-05, 0.00017440470401197672, -0.00015129143139347434, 7.826905493857339e-05, -0.0002779407368507236, 0.00010788918007165194, -6.205804675118998e-05, -0.0002643615298438817], [3.30218426825013e-05, 0.0005593955283984542, -6.641405343543738e-05, 0.00012314022751525044, -0.0003420015564188361, 0.0006316867657005787, -0.0008072313503362238, 7.630014442838728e-05, -9.84423763839004e-07, -0.0002544400340411812, -9.594453149475157e-05, 3.0020390113350004e-05, -0.00032606752938590944], [0.0001008370891213417, -6.641405343543738e-05, 0.00127650226932019, -0.0006582121714018285, 0.00024091041996143758, -0.0008340654894709587, 0.0007562906248494983, -0.0005577790434472263, -0.0005613865796476603, 0.00025919423205778003, -0.0005070717306807637, 0.0004725431790575385, 6.94375776220113e-05], [-4.137225550948642e-05, 0.00012314022751525044, -0.0006582121714018285, 0.002426007529720664, -0.0015755633357912302, 0.0006772876367904246, 0.00022760692809242755, -0.0006221589865162969, -0.0006290586898103356, -0.00013608280278276652, 0.0005420598899945617, -0.0010171257890760899, -0.0001632254134165123], [0.00013065383245702833, -0.0003420015564188361, 0.00024091041996143758, -0.0015755633357912302, 0.003915784414857626, -0.0021555109415203333, 0.00039692947757430375, 0.0014917377848178148, -0.00035067496355623007, -0.0020115827210247517, 0.001928511424921453, -0.001514136209152639, -0.0003392742946743965], [-6.69683504384011e-05, 0.0006316867657005787, -0.0008340654894709587, 0.0006772876367904246, -0.0021555109415203333, 0.003786087268963456, -0.002544419141486287, 0.000456156674772501, -0.00030694951419718564, 0.0017114843940362334, -0.0020645451731979847, 0.00026590758352540433, 0.00014356794417835772], [0.00017440470401197672, -0.0008072313503362238, 0.0007562906248494983, 0.00022760692809242755, 0.00039692947757430375, -0.002544419141486287, 0.0065939463675022125, -0.004119741730391979, 0.0008691340917721391, -0.0005952971987426281, 0.0012617598986253142, -0.0006377745303325355, -0.00117884308565408], [-0.00015129143139347434, 7.630014442838728e-05, -0.0005577790434472263, -0.0006221589865162969, 0.0014917377848178148, 0.000456156674772501, -0.004119741730391979, 0.007045752834528685, -0.0035549146123230457, -0.00053611327894032, 0.00021187066158745438, -0.00028428432415239513, 0.00030211653211154044], [7.826905493857339e-05, -9.84423763839004e-07, -0.0005613865796476603, -0.0006290586898103356, -0.00035067496355623007, -0.00030694951419718564, 0.0008691340917721391, -0.0035549146123230457, 0.007956326939165592, -0.0015740481903776526, -0.0008281710324808955, -0.0002464379358571023, 0.0006055539706721902], [-0.0002779407368507236, -0.0002544400340411812, 0.00025919423205778003, -0.00013608280278276652, -0.0020115827210247517, 0.0017114843940362334, -0.0005952971987426281, -0.00053611327894032, -0.0015740481903776526, 0.008714222349226475, -0.005158632528036833, 0.002624204382300377, -0.0017708479426801205], [0.00010788918007165194, -9.594453149475157e-05, -0.0005070717306807637, 0.0005420598899945617, 0.001928511424921453, -0.0020645451731979847, 0.0012617598986253142, 0.00021187066158745438, -0.0008281710324808955, -0.005158632528036833, 0.010730238631367683, -0.005170093383640051, -0.0008358510676771402], [-6.205804675118998e-05, 3.0020390113350004e-05, 0.0004725431790575385, -0.0010171257890760899, -0.001514136209152639, 0.00026590758352540433, -0.0006377745303325355, -0.00028428432415239513, -0.0002464379358571023, 0.002624204382300377, -0.005170093383640051, 0.009555961936712265, -0.0013217992382124066], [-0.0002643615298438817, -0.00032606752938590944, 6.94375776220113e-05, -0.0001632254134165123, -0.0003392742946743965, 0.00014356794417835772, -0.00117884308565408, 0.00030211653211154044, 0.0006055539706721902, -0.0017708479426801205, -0.0008358510676771402, -0.0013217992382124066, 0.00978571455925703]], "metadata.audio_properties.analysis.downmix": "mix", "metadata.audio_properties.codec": "mp3", "metadata.audio_properties.md5_encoded": "90f6baf6ce703cfd9e442f87dfd65b8c", "metadata.tags.file_name": "1183694599672320051.mp3", "metadata.version.essentia": "2.1-beta6-dev", "metadata.version.essentia_git_sha": "v2.1_beta5-1110-g77a6a954", "metadata.version.extractor": "music 2.0", "tonal.chords_key": "C", "tonal.chords_scale": "major", "tonal.key_edma.key": "C", "tonal.key_edma.scale": "major", "tonal.key_krumhansl.key": "C", "tonal.key_krumhansl.scale": "major", "tonal.key_temperley.key": "C", "tonal.key_temperley.scale": "major", "metadata.tags.encoding": ["Lavf58.45.100"]}, "essentia_models": [{"model_name": "genre_dortmund", "activations": {"alternative": "0.0002087754", "blues": "3.931424e-05", "electronic": "0.002041311", "folkcountry": "2.1425563e-05", "funksoulrnb": "0.00041315806", "jazz": "0.00021289584", "pop": "0.00014704921", "raphiphop": "0.9992776", "rock": "0.000456825"}}, {"model_name": "genre_rosamerica", "activations": {"classic": "0.0003750784", "dance": "4.5655966e-06", "hip hop": "0.9215123", "jazz": "2.092443e-05", "pop": "0.00012451127", "rhythm and blues": "0.0015471656", "rock": "0.00043121955", "speech": "0.008545713"}}, {"model_name": "genre_tzanetakis", "activations": {"blues": "2.9063354e-05", "classic": "0.00037135035", "country": "1.730915e-05", "disco": "0.00020379176", "hip hop": "0.96147203", "jazz": "4.652508e-06", "metal": "1.7173372e-05", "pop": "0.00010341159", "reggae": "0.05285253", "rock": "0.00083450135"}}, {"model_name": "genre_electronic", "activations": {"ambient": "0.35039964", "dnb": "0.20867412", "house": "0.31868944", "techno": "0.68264717", "trance": "0.0058571217"}}, {"model_name": "mood_acoustic", "activat