{"song_id": "1183709484254765056", "download": "https://cdn.discordapp.com/attachments/1135903449314238464/1183709484254765056/chirp.mp4?ex=6589525d&amp", "lyrics": "\u043d\u0435 \u0433\u0443\u043b\u044f\u0439 \u0431\u043e\u043b\u044c\u0448\u0435 \u043e\u0434\u043d\u0430\n\u0445\u043e\u0442\u044f \u0441 \u043a\u0435\u043c \u044f \u0433\u043e\u0432\u043e\u0440\u044e, \u0442\u044b \u043c\u0435\u0440\u0442\u0432\u0430\n\u043f\u043e\u043b\u0435\u0436\u0438 \u0442\u0435\u043f\u0435\u0440\u044c \u043e\u0434\u043d\u0430\n\u0445\u043e\u0442\u044c \u0442\u0435\u043f\u0435\u0440\u044c \u0441\u043f\u043e\u043a\u043e\u0439\u043d\u0430 \u0438 \u0441\u043a\u0440\u043e\u043c\u043d\u0430\n\u043d\u0435 \u0433\u0443\u043b\u044f\u0439 \u0431\u043e\u043b\u044c\u0448\u0435 \u043e\u0434\u043d\u0430\n\u0445\u043e\u0442\u044f \u0441 \u043a\u0435\u043c \u044f \u0433\u043e\u0432\u043e\u0440\u044e, \u0442\u044b \u043c\u0435\u0440\u0442\u0432\u0430\n\u043f\u043e\u043b\u0435\u0436\u0438 \u0442\u0435\u043f\u0435\u0440\u044c \u043e\u0434\u043d\u0430\n\u0445\u043e\u0442\u044c \u0442\u0435\u043f\u0435\u0440\u044c \u0441\u043f\u043e\u043a\u043e\u0439\u043d\u0430 \u0438 \u0441\u043a\u0440\u043e\u043c\u043d\u0430", "style": ["Country"], "essentia_features": {"lowlevel.average_loudness": 0.9816560745239258, "lowlevel.barkbands_crest.mean": 7.932356357574463, "lowlevel.barkbands_crest.stdev": 3.4557716846466064, "lowlevel.barkbands_flatness_db.mean": 0.1290864199399948, "lowlevel.barkbands_flatness_db.stdev": 0.03534459322690964, "lowlevel.barkbands_kurtosis.mean": 0.4938339293003082, "lowlevel.barkbands_kurtosis.stdev": 4.130505561828613, "lowlevel.barkbands_skewness.mean": 0.6451020836830139, "lowlevel.barkbands_skewness.stdev": 0.9585574865341187, "lowlevel.barkbands_spread.mean": 38.25422668457031, "lowlevel.barkbands_spread.stdev": 15.752005577087402, "lowlevel.dissonance.mean": 0.478488564491272, "lowlevel.dissonance.stdev": 0.017074214294552803, "lowlevel.dynamic_complexity": 2.3089070320129395, "lowlevel.erbbands_crest.mean": 9.01421070098877, "lowlevel.erbbands_crest.stdev": 3.831543207168579, "lowlevel.erbbands_flatness_db.mean": 0.16379143297672272, "lowlevel.erbbands_flatness_db.stdev": 0.03196319192647934, "lowlevel.erbbands_kurtosis.mean": -0.05905088782310486, "lowlevel.erbbands_kurtosis.stdev": 0.9657835364341736, "lowlevel.erbbands_skewness.mean": -0.07283984869718552, "lowlevel.erbbands_skewness.stdev": 0.7073379755020142, "lowlevel.erbbands_spread.mean": 41.05021286010742, "lowlevel.erbbands_spread.stdev": 14.384836196899414, "lowlevel.hfc.mean": 35.97534942626953, "lowlevel.hfc.stdev": 19.251482009887695, "lowlevel.loudness_ebu128.integrated": -16.337068557739258, "lowlevel.loudness_ebu128.loudness_range": 0.7825002670288086, "lowlevel.loudness_ebu128.momentary.mean": -16.67516326904297, "lowlevel.loudness_ebu128.momentary.stdev": 1.9135289192199707, "lowlevel.loudness_ebu128.short_term.mean": -16.3089542388916, "lowlevel.loudness_ebu128.short_term.stdev": 0.9961474537849426, "lowlevel.melbands_crest.mean": 13.09697437286377, "lowlevel.melbands_crest.stdev": 5.239354610443115, "lowlevel.melbands_flatness_db.mean": 0.125929057598114, "lowlevel.melbands_flatness_db.stdev": 0.05344696342945099, "lowlevel.melbands_kurtosis.mean": 6.144838809967041, "lowlevel.melbands_kurtosis.stdev": 12.970860481262207, "lowlevel.melbands_skewness.mean": 1.8557803630828857, "lowlevel.melbands_skewness.stdev": 1.4247685670852661, "lowlevel.melbands_spread.mean": 50.49934768676758, "lowlevel.melbands_spread.stdev": 25.192935943603516, "lowlevel.pitch_salience.mean": 0.5549349188804626, "lowlevel.pitch_salience.stdev": 0.10034433752298355, "lowlevel.silence_rate_20dB.mean": 1.0, "lowlevel.silence_rate_20dB.stdev": 0.0, "lowlevel.silence_rate_30dB.mean": 1.0, "lowlevel.silence_rate_30dB.stdev": 0.0, "lowlevel.silence_rate_60dB.mean": 0.019305018708109856, "lowlevel.silence_rate_60dB.stdev": 0.13759227097034454, "lowlevel.spectral_centroid.mean": 2463.75048828125, "lowlevel.spectral_centroid.stdev": 714.1563110351562, "lowlevel.spectral_complexity.mean": 25.95444107055664, "lowlevel.spectral_complexity.stdev": 8.947671890258789, "lowlevel.spectral_decrease.mean": -5.539586123148865e-09, "lowlevel.spectral_decrease.stdev": 4.340774406585979e-09, "lowlevel.spectral_energy.mean": 0.024170776829123497, "lowlevel.spectral_energy.stdev": 0.017311813309788704, "lowlevel.spectral_energyband_high.mean": 0.0037428922951221466, "lowlevel.spectral_energyband_high.stdev": 0.0023507627192884684, "lowlevel.spectral_energyband_low.mean": 0.006763949524611235, "lowlevel.spectral_energyband_low.stdev": 0.01354194525629282, "lowlevel.spectral_energyband_middle_high.mean": 0.008757227100431919, "lowlevel.spectral_energyband_middle_high.stdev": 0.008212551474571228, "lowlevel.spectral_energyband_middle_low.mean": 0.006402469240128994, "lowlevel.spectral_energyband_middle_low.stdev": 0.006222218740731478, "lowlevel.spectral_entropy.mean": 7.9183759689331055, "lowlevel.spectral_entropy.stdev": 0.2557351291179657, "lowlevel.spectral_flux.mean": 0.09490005671977997, "lowlevel.spectral_flux.stdev": 0.05054963752627373, "lowlevel.spectral_kurtosis.mean": 1.833193302154541, "lowlevel.spectral_kurtosis.stdev": 1.3636369705200195, "lowlevel.spectral_rms.mean": 0.004579685628414154, "lowlevel.spectral_rms.stdev": 0.0016148496652022004, "lowlevel.spectral_rolloff.mean": 3479.945068359375, "lowlevel.spectral_rolloff.stdev": 1701.4757080078125, "lowlevel.spectral_skewness.mean": 0.9968141913414001, "lowlevel.spectral_skewness.stdev": 0.2811158299446106, "lowlevel.spectral_spread.mean": 5113503.5, "lowlevel.spectral_spread.stdev": 861218.0625, "lowlevel.spectral_strongpeak.mean": 1.4157500267028809, "lowlevel.spectral_strongpeak.stdev": 1.8230117559432983, "lowlevel.zerocrossingrate.mean": 0.11006726324558258, "lowlevel.zerocrossingrate.stdev": 0.03844526410102844, "metadata.audio_properties.analysis.equal_loudness": 0.0, "metadata.audio_properties.analysis.length": 30.03628158569336, "metadata.audio_properties.analysis.sample_rate": 44100.0, "metadata.audio_properties.analysis.start_time": 0.0, "metadata.audio_properties.bit_rate": 99792.0, "metadata.audio_properties.length": 30.03733253479004, "metadata.audio_properties.lossless": 0.0, "metadata.audio_properties.number_channels": 1.0, "metadata.audio_properties.replay_gain": -10.267362594604492, "metadata.audio_properties.sample_rate": 48000.0, "rhythm.beats_count": 63.0, "rhythm.beats_loudness.mean": 0.02559402957558632, "rhythm.beats_loudness.stdev": 0.012529798783361912, "rhythm.bpm": 129.1553192138672, "rhythm.bpm_histogram_first_peak_bpm": 129.0, "rhythm.bpm_histogram_first_peak_weight": 0.15789473056793213, "rhythm.bpm_histogram_second_peak_bpm": 120.0, "rhythm.bpm_histogram_second_peak_spread": 0.5, "rhythm.bpm_histogram_second_peak_weight": 0.032258063554763794, "rhythm.danceability": 1.4292542934417725, "rhythm.onset_rate": 2.328813076019287, "tonal.chords_changes_rate": 0.057098764926195145, "tonal.chords_number_rate": 0.012345679104328156, "tonal.chords_strength.mean": 0.608515202999115, "tonal.chords_strength.stdev": 0.10705053806304932, "tonal.hpcp_crest.mean": 12.49582290649414, "tonal.hpcp_crest.stdev": 5.804293155670166, "tonal.hpcp_entropy.mean": 2.1702957153320312, "tonal.hpcp_entropy.stdev": 0.6808095574378967, "tonal.key_edma.strength": 0.8307361006736755, "tonal.key_krumhansl.strength": 0.8364666700363159, "tonal.key_temperley.strength": 0.839820921421051, "tonal.tuning_diatonic_strength": 0.7333564162254333, "tonal.tuning_equal_tempered_deviation": 0.3632168173789978, "tonal.tuning_frequency": 434.193115234375, "tonal.tuning_nontempered_energy_ratio": 0.9566535949707031, "lowlevel.barkbands.mean": [0.00015910791989881545, 0.002143316203728318, 0.003051949664950371, 0.0020889004226773977, 0.0007671864586882293, 0.0014545609010383487, 0.00048183288890868425, 0.0008127132314257324, 0.000665989238768816, 0.0013185121351853013, 0.0013222149573266506, 0.0016057250322774053, 0.001473698765039444, 0.000983797712251544, 0.00032840328640304506, 0.0006439267890527844, 0.0003282969119027257, 0.00039606576319783926, 0.00021012940851505846, 0.001883864519186318, 0.0010023743379861116, 0.00024148034572135657, 0.000306402042042464, 0.00026726906071417034, 0.0002327566617168486, 2.999488799559913e-07, 7.244260191718865e-10], "lowlevel.barkbands.stdev": [0.00033606463694013655, 0.004904790315777063, 0.008194919675588608, 0.003201229963451624, 0.0010122720850631595, 0.0024894792586565018, 0.001578161958605051, 0.001993074780330062, 0.0018035171087831259, 0.0025520145427435637, 0.003249985398724675, 0.0030170034151524305, 0.003147787880152464, 0.001934157102368772, 0.0007404584321193397, 0.001133438665419817, 0.0005232519470155239, 0.0004239616682752967, 0.00020261187455616891, 0.0017360063502565026, 0.0009172074496746063, 0.00022737673134543002, 0.0002396547351963818, 0.00017733611457515508, 0.0001370685495203361, 7.919647373455518e-07, 1.0657327242924453e-09], "lowlevel.erbbands.mean": [0.06718815118074417, 0.4909909665584564, 2.9654226303100586, 6.2554802894592285, 3.3485283851623535, 2.3504061698913574, 8.143145561218262, 12.072105407714844, 9.321794509887695, 5.979138374328613, 21.871746063232422, 16.036714553833008, 22.156156539916992, 50.38446807861328, 68.85133361816406, 67.58930969238281, 70.0921401977539, 64.18385314941406, 23.490249633789062, 16.46087074279785, 40.04580307006836, 19.31060028076172, 18.097667694091797, 17.358816146850586, 12.737021446228027, 84.58341217041016, 85.82879638671875, 17.345447540283203, 9.148357391357422, 8.942893028259277, 8.380589485168457, 6.546586036682129, 3.9910800457000732, 3.1352994441986084, 1.335371971130371, 0.0680067241191864, 0.001958065666258335, 0.0001549253356643021, 3.8547317672055215e-05, 3.719085725606419e-05], "lowlevel.erbbands.stdev": [0.1359027773141861, 1.3302273750305176, 7.881648540496826, 11.702377319335938, 5.011635780334473, 2.81166934967041, 15.891648292541504, 23.797937393188477, 26.951988220214844, 12.537052154541016, 55.71702194213867, 48.805625915527344, 38.28725051879883, 95.49793243408203, 136.11044311523438, 118.68217468261719, 153.68861389160156, 119.11531829833984, 36.9776725769043, 28.997543334960938, 72.52334594726562, 27.274831771850586, 18.206924438476562, 16.098648071289062, 11.210453987121582, 77.63416290283203, 76.21405029296875, 13.896015167236328, 8.549846649169922, 8.459000587463379, 6.167883396148682, 4.329362392425537, 2.786595582962036, 2.0214502811431885, 0.7889453768730164, 0.04502249136567116, 0.0011870432645082474, 8.529952174285427e-05, 1.6500216588610783e-05, 2.0841802324866876e-05], "lowlevel.gfcc.mean": [21.498432159423828, 64.37310028076172, -143.79324340820312, 54.9915771484375, -78.72119140625, 38.230350494384766, -39.69783401489258, 4.1005353927612305, -38.628021240234375, -0.8936054110527039, -8.589300155639648, -17.003389358520508, 0.08826129883527756], "lowlevel.melbands.mean": [0.0005755944876000285, 0.00125477509573102, 0.0009646599646657705, 0.0001774278935045004, 0.00023830929421819746, 0.00026847305707633495, 0.00013415739522315562, 7.615205686306581e-05, 0.00017553001816850156, 9.572592534823343e-05, 0.00011347993859089911, 0.00020189344650134444, 0.00021887361072003841, 0.00021637360623572022, 0.0001175795987364836, 0.00017018747166730464, 0.00010620296961860731, 3.6531004298012704e-05, 2.3327864255406894e-05, 2.7262083676760085e-05, 5.064842480351217e-05, 2.0301198674133047e-05, 1.3725604731007479e-05, 2.001090433623176e-05, 1.3514341844711453e-05, 7.137752618291415e-06, 1.163998240372166e-05, 7.26713115000166e-05, 7.313831156352535e-05, 1.8556529539637268e-05, 6.937691523489775e-06, 4.927549525746144e-06, 4.894410267297644e-06, 5.260263606032822e-06, 5.177877937967423e-06, 4.047355105285533e-06, 3.952985480282223e-06, 2.761677251328365e-06, 2.5128097149718087e-06, 2.7066018901678035e-06], "lowlevel.melbands.stdev": [0.0011952805798500776, 0.0032025775872170925, 0.001745849847793579, 0.00022486437228508294, 0.0004391012480482459, 0.0005062008276581764, 0.0003825066378340125, 0.00014587769692298025, 0.0004496704787015915, 0.00029420352075248957, 0.00020070889149792492, 0.0004062720690853894, 0.0005226002540439367, 0.0004073757736478001, 0.0001964530092664063, 0.0003331756161060184, 0.0002107271138811484, 6.714346818625927e-05, 6.571951962541789e-05, 4.4275791879044846e-05, 0.00010165582352783531, 3.3950444048969075e-05, 1.561322460474912e-05, 2.315500023541972e-05, 1.2877004337497056e-05, 7.489142717531649e-06, 1.2603592040250078e-05, 7.0655980380252e-05, 6.969523383304477e-05, 1.6152307580341585e-05, 7.255937816808e-06, 5.0626963457034435e-06, 4.8477108975930605e-06, 5.165223228686955e-06, 3.954254680138547e-06, 3.0243106721172808e-06, 2.7149194465891924e-06, 2.0641844002966536e-06, 1.6985466118057957e-06, 1.8771680743157049e-06], "lowlevel.melbands128.mean": [0.0001442127686459571, 0.0005780308274552226, 0.0006331257172860205, 0.0008015704224817455, 0.0013718941481783986, 0.001500302692875266, 0.0014347791438922286, 0.0008247682126238942, 0.00022705949959345162, 0.00016804190818220377, 9.525188215775415e-05, 0.0001503538223914802, 0.0003289171727374196, 0.0002726449747569859, 0.00028730928897857666, 0.0002763695374596864, 0.0001620856928639114, 0.0001299482973990962, 6.376691453624517e-05, 4.4837684981757775e-05, 6.710472371196374e-05, 0.00020041131938342005, 0.0002334451419301331, 8.81836749613285e-05, 0.00010956964251818135, 7.519906648667529e-05, 0.00010914760787272826, 7.023671787464991e-05, 0.00014593105879612267, 0.00030600911122746766, 0.0001727320341160521, 9.563421190250665e-05, 0.00034079590113833547, 0.00016990538279060274, 0.00019285257440060377, 0.00029612603248097, 0.00015017327677924186, 5.729193435399793e-05, 0.00011789141717599705, 0.00020913762273266912, 0.00012936895655002445, 0.000219432040466927, 0.00012963340850546956, 3.4826487535610795e-05, 4.301003355067223e-05, 3.772152558667585e-05, 2.9758781238342635e-05, 2.6974070351570845e-05, 1.797526601876598e-05, 1.5362847989308648e-05, 2.0533361748675816e-05, 4.8073601647047326e-05, 6.28173365839757e-05, 4.943630119669251e-05, 2.795600812532939e-05, 1.7824537280830555e-05, 1.2955255442648195e-05, 1.4546164493367542e-05, 1.3372234207054134e-05, 1.2685336514550727e-05, 2.029998358921148e-05, 2.8225120331626385e-05, 1.5853598597459495e-05, 9.88856209005462e-06, 7.107804322004085e-06, 7.134169663913781e-06, 7.2488833211536985e-06, 6.085419954615645e-06, 9.44894964050036e-06, 2.2499123588204384e-05, 5.413392136688344e-05, 0.00011985062883468345, 0.00010198142990702763, 6.959143502172083e-05, 3.195878889528103e-05, 2.044675056822598e-05, 1.1809071111201774e-05, 5.378105015552137e-06, 8.57925715536112e-06, 5.080332812212873e-06, 5.234287527855486e-06, 4.920536412100773e-06, 3.7834881823073374e-06, 6.544496500282548e-06, 3.6225078474672046e-06, 4.419114702614024e-06, 5.680723461409798e-06, 7.204270787042333e-06, 4.962826551491162e-06, 3.977236701757647e-06, 4.322145741753047e-06, 3.6835199352935888e-06, 4.310305939725367e-06, 4.721421646536328e-06, 3.1217493869917234e-06, 2.674528559509781e-06, 2.93909738502407e-06, 2.558629148552427e-06, 2.2088577225076733e-06, 2.5537381134199677e-06, 3.1030888294480974e-06, 2.826696800184436e-06, 1.88621731922467e-06, 2.8689303235296393e-06, 1.5434337683473132e-06, 9.739629831528873e-07, 2.1331820221348607e-07, 2.1572720498852505e-08, 2.275550060881759e-11, 1.3105704022020603e-11, 9.390693951616402e-12, 6.345776334959474e-12, 5.88310389987301e-12, 4.867862623408881e-12, 4.365383055038308e-12, 4.102035117831138e-12, 3.686442644201815e-12, 3.4399876610441416e-12, 3.319576818289205e-12, 3.2161712529288344e-12, 3.1249449642528626e-12, 3.053819783854772e-12, 2.9888595938498685e-12, 2.9246713557917747e-12, 2.834717053104563e-12, 2.720354974269923e-12, 2.6522135182505124e-12, 2.6301226821456858e-12], "lowlevel.melbands128.stdev": [0.0003151439013890922, 0.0012364464346319437, 0.001540512079373002, 0.0024424376897513866, 0.0038785578217357397, 0.00403757905587554, 0.002734899055212736, 0.0012155878357589245, 0.0004259287961758673, 0.00024609550018794835, 0.00013174483319744468, 0.0003049585211556405, 0.0007533503812737763, 0.0005431185127235949, 0.0006703771068714559, 0.0006606129463762045, 0.0005280253244563937, 0.00046731720794923604, 0.00019881257321685553, 0.00014276026922743767, 0.0001432674762327224, 0.0005150698125362396, 0.000752696068957448, 0.00032916912459768355, 0.0005107148317620158, 0.00030210206750780344, 0.0002986039035022259, 0.00020220840815454721, 0.000359835074050352, 0.0007027393439784646, 0.0004689176566898823, 0.0002548891061451286, 0.0010142537066712976, 0.0004114268231205642, 0.0004605299618560821, 0.0007060720236040652, 0.0003899550065398216, 0.00010823275079019368, 0.00031207778374664485, 0.0007171168690547347, 0.00036817064392380416, 0.0005294791189953685, 0.00033694153535179794, 9.122870687860996e-05, 0.00011441057722549886, 9.214439342031255e-05, 7.178363739512861e-05, 0.00011290198744973168, 6.082260733819567e-05, 3.182551881764084e-05, 5.201690873946063e-05, 8.898801024770364e-05, 0.00014964658475946635, 0.0001351556711597368, 7.824872591299936e-05, 3.177022153977305e-05, 1.6954601960605942e-05, 2.008209230552893e-05, 1.8855151211027987e-05, 1.564721424074378e-05, 3.071780884056352e-05, 4.4265460019232705e-05, 1.8131782780983485e-05, 1.1545473171281628e-05, 8.279022949864157e-06, 8.406799679505639e-06, 9.229854185832664e-06, 8.423364306509029e-06, 1.234689261764288e-05, 3.05983739963267e-05, 8.042616536840796e-05, 0.00013433507410809398, 0.00012778109521605074, 9.006883919937536e-05, 3.9385384297929704e-05, 2.1176510927034542e-05, 1.2986472938791849e-05, 7.656386515009217e-06, 1.0241780728392769e-05, 5.95918072576751e-06, 6.034519174136221e-06, 5.625848643830977e-06, 4.123092367080972e-06, 7.193947112682508e-06, 4.200447165203514e-06, 5.5574091675225645e-06, 6.184739049786003e-06, 6.571887752215844e-06, 4.329277999204351e-06, 3.3908711429830873e-06, 4.008343239547685e-06, 3.188390110153705e-06, 3.36231187247904e-06, 3.8199555092433e-06, 2.5247541088901926e-06, 2.3315044472838053e-06, 2.5268070658057695e-06, 2.3056304598867428e-06, 1.811354081837635e-06, 1.9030387647944735e-06, 2.309780256837257e-06, 2.537839236538275e-06, 1.3404924175119959e-06, 1.982466301342356e-06, 1.1285429764029686e-06, 7.748913048999384e-07, 2.3796661707820022e-07, 3.7174665123984596e-08, 3.851552132783098e-10, 2.1260121441102342e-10, 1.1992401516280893e-10, 4.173661069528656e-11, 4.3217183304244955e-11, 2.33254925791071e-11, 1.2943436253354257e-11, 1.1336337250866801e-11, 6.180340961225994e-12, 5.0236681134463446e-12, 4.844903991885197e-12, 4.704455575099686e-12, 4.58186483545675e-12, 4.472440646996478e-12, 4.373089130399466e-12, 4.293478766959069e-12, 4.223819644738613e-12, 4.169119910413244e-12, 4.129757733700723e-12, 4.105462497738799e-12], "lowlevel.mfcc.mean": [-601.6489868164062, 72.31220245361328, 0.1058882400393486, 12.110107421875, -3.4796924591064453, 15.17149829864502, 15.971823692321777, -4.336483955383301, -2.5284531116485596, -2.6479427814483643, -11.134833335876465, 7.447391510009766, -0.9578847885131836], "lowlevel.spectral_contrast_coeffs.mean": [-0.6887132525444031, -0.7616931796073914, -0.7589441537857056, -0.7764899730682373, -0.7663636803627014, -0.7789896726608276], "lowlevel.spectral_contrast_coeffs.stdev": [0.06929686665534973, 0.07143493741750717, 0.07636535167694092, 0.0535493902862072, 0.04622320458292961, 0.025434255599975586], "lowlevel.spectral_contrast_valleys.mean": [-7.051337242126465, -7.006923198699951, -7.004611968994141, -7.20965576171875, -6.911933898925781, -9.108389854431152], "lowlevel.spectral_contrast_valleys.stdev": [0.5946044325828552, 0.5256395936012268, 0.4841695725917816, 0.47521114349365234, 0.6005130410194397, 0.6763274073600769], "rhythm.beats_loudness_band_ratio.mean": [0.34734588861465454, 0.09499011188745499, 0.11124377697706223, 0.21148958802223206, 0.09879101067781448, 0.15850672125816345], "rhythm.beats_loudness_band_ratio.stdev": [0.18642638623714447, 0.08466726541519165, 0.09207423031330109, 0.17050285637378693, 0.07571972161531448, 0.07070377469062805], "tonal.hpcp.mean": [0.2506491243839264, 0.3013235926628113, 0.15687282383441925, 0.05855860561132431, 0.04454066604375839, 0.04503997415304184, 0.054966967552900314, 0.09943562746047974, 0.13203813135623932, 0.09485781937837601, 0.05406052991747856, 0.07087450474500656, 0.1238122507929802, 0.1866595447063446, 0.195082888007164, 0.26987648010253906, 0.40120041370391846, 0.27568283677101135, 0.0828685536980629, 0.05032176151871681, 0.06094280257821083, 0.15880516171455383, 0.2305370420217514, 0.1840510368347168, 0.13763612508773804, 0.11980874836444855, 0.12405279278755188, 0.14448729157447815, 0.1911163479089737, 0.17378972470760345, 0.14217112958431244, 0.15113575756549835, 0.11337435990571976, 0.08420664817094803, 0.09463583678007126, 0.12164364010095596], "tonal.hpcp.stdev": [0.2780059278011322, 0.31226369738578796, 0.21607032418251038, 0.14946122467517853, 0.13464297354221344, 0.13042382895946503, 0.1320878267288208, 0.1935761570930481, 0.2538164258003235, 0.18118305504322052, 0.11979014426469803, 0.12919797003269196, 0.16868068277835846, 0.2312181144952774, 0.25143343210220337, 0.28991392254829407, 0.3969029188156128, 0.3212292194366455, 0.1426979899406433, 0.09938237071037292, 0.11873353272676468, 0.24063892662525177, 0.3164425194263458, 0.2605433762073517, 0.2500075399875641, 0.2215300351381302, 0.22232984006404877, 0.21690432727336884, 0.25862595438957214, 0.24982251226902008, 0.21230559051036835, 0.25187501311302185, 0.20266035199165344, 0.16955602169036865, 0.17911675572395325, 0.21390973031520844], "rhythm.beats_position": [0.4760090708732605, 0.9752380847930908, 1.486077070236206, 1.9853061437606812, 2.5077550411224365, 2.9953742027282715, 3.4713830947875977, 3.947392225265503, 4.4117913246154785, 4.876190185546875, 5.34058952331543, 5.804988384246826, 6.269387722015381, 6.733786582946777, 7.198185920715332, 7.6625847816467285, 8.126983642578125, 8.59138298034668, 9.055782318115234, 9.520181655883789, 9.984580039978027, 10.448979377746582, 10.913378715515137, 11.377777099609375, 11.84217643737793, 12.306575775146484, 12.770975112915039, 13.235373497009277, 13.699772834777832, 14.164172172546387, 14.628571510314941, 15.09296989440918, 15.557369232177734, 16.02176856994629, 16.486167907714844, 16.9505672454834, 17.414966583251953, 17.867753982543945, 18.32054328918457, 18.784942626953125, 19.24934196472168, 19.725351333618164, 20.20136070251465, 20.665760040283203, 21.130157470703125, 21.59455680847168, 22.058956146240234, 22.52335548400879, 22.987754821777344, 23.4521541595459, 23.916553497314453, 24.380952835083008, 24.84535026550293, 25.309749603271484, 25.76253890991211, 26.226938247680664, 26.69133758544922, 27.167346954345703, 27.631746292114258, 28.09614372253418, 28.560543060302734, 29.02494239807129, 29.477731704711914], "rhythm.bpm_histogram": [0.0, 0.0, 0.0, 0.0, 0.0, 0.0, 0.0, 0.0, 0.0, 0.0, 0.0, 0.0, 0.0, 0.0, 0.0, 0.0, 0.0, 0.0, 0.0, 0.0, 0.0, 0.0, 0.0, 0.0, 0.0, 0.0, 0.0, 0.0, 0.0, 0.0, 0.0, 0.0, 0.0, 0.0, 0.0, 0.0, 0.0, 0.0, 0.0, 0.0, 0.0, 0.0, 0.0, 0.0, 0.0, 0.0, 0.0, 0.0, 0.0, 0.0, 0.0, 0.0, 0.0, 0.0, 0.0, 0.0, 0.0, 0.0, 0.0, 0.0, 0.0, 0.0, 0.0, 0.0, 0.0, 0.0, 0.0, 0.0, 0.0, 0.0, 0.0, 0.0, 0.0, 0.0, 0.0, 0.0, 0.0, 0.0, 0.0, 0.0, 0.0, 0.0, 0.0, 0.0, 0.0, 0.0, 0.0, 0.0, 0.0, 0.0, 0.0, 0.0, 0.0, 0.0, 0.0, 0.0, 0.0, 0.0, 0.0, 0.0, 0.0, 0.0, 0.0, 0.0, 0.0, 0.0, 0.0, 0.0, 0.0, 0.0, 0.0, 0.0, 0.0, 0.0, 0.0, 0.016129031777381897, 0.0, 0.016129031777381897, 0.0, 0.0, 0.032258063554763794, 0.0, 0.0, 0.016129031777381897, 0.0, 0.0, 0.08064515888690948, 0.0, 0.0, 0.774193525314331, 0.0, 0.0, 0.0, 0.06451612710952759, 0.0, 0.0, 0.0, 0.0, 0.0, 0.0, 0.0, 0.0, 0.0, 0.0, 0.0, 0.0, 0.0, 0.0, 0.0, 0.0, 0.0, 0.0, 0.0, 0.0, 0.0, 0.0, 0.0, 0.0, 0.0, 0.0, 0.0, 0.0, 0.0, 0.0, 0.0, 0.0, 0.0, 0.0, 0.0, 0.0, 0.0, 0.0, 0.0, 0.0, 0.0, 0.0, 0.0, 0.0, 0.0, 0.0, 0.0, 0.0, 0.0, 0.0, 0.0, 0.0, 0.0, 0.0, 0.0, 0.0, 0.0, 0.0, 0.0, 0.0, 0.0, 0.0, 0.0, 0.0, 0.0, 0.0, 0.0, 0.0, 0.0, 0.0, 0.0, 0.0, 0.0, 0.0, 0.0, 0.0, 0.0, 0.0, 0.0, 0.0, 0.0, 0.0, 0.0, 0.0, 0.0, 0.0, 0.0, 0.0, 0.0, 0.0, 0.0, 0.0, 0.0, 0.0, 0.0, 0.0, 0.0, 0.0, 0.0, 0.0, 0.0, 0.0, 0.0, 0.0, 0.0, 0.0, 0.0, 0.0, 0.0, 0.0, 0.0, 0.0, 0.0, 0.0, 0.0, 0.0], "tonal.chords_histogram": [37.345680236816406, 5.092592716217041, 33.33333206176758, 0.0, 0.0, 0.0, 0.0, 0.0, 0.0, 0.0, 0.0, 0.0, 0.0, 0.0, 0.0, 7.253086566925049, 0.0, 5.246913433074951, 3.0864198207855225, 0.0, 0.0, 0.0, 3.395061731338501, 5.246913433074951], "tonal.thpcp": [1.0, 0.687144935131073, 0.20655152201652527, 0.1254279911518097, 0.15190114080905914, 0.39582502841949463, 0.5746181607246399, 0.4587508738040924, 0.34306076169013977, 0.2986256778240204, 0.3092040419578552, 0.3601374328136444, 0.47636130452156067, 0.43317434191703796, 0.3543643653392792, 0.37670886516571045, 0.28258785605430603, 0.20988674461841583, 0.23588170111179352, 0.3031992018222809, 0.6247479319572449, 0.7510550618171692, 0.3910086154937744, 0.14595848321914673, 0.11101849377155304, 0.1122630313038826, 0.1370062530040741, 0.24784527719020844, 0.3291076719760895, 0.23643499612808228, 0.13474693894386292, 0.176656112074852, 0.30860450863838196, 0.4652526080608368, 0.4862479865550995, 0.6726725101470947], "lowlevel.gfcc.cov": [[2560.3623046875, -538.7994995117188, -325.41363525390625, 107.31243133544922, -116.46668243408203, 26.958866119384766, 69.85772705078125, 223.6229248046875, -32.50022506713867, 78.0423355102539, -85.87435913085938, -80.34781646728516, 11.189940452575684], [-538.7994995117188, 648.6113891601562, 119.97360229492188, -57.426944732666016, 123.91072845458984, -68.76419067382812, 66.95218658447266, -54.31707000732422, 82.4861068725586, -44.362003326416016, 76.1740951538086, -1.8059169054031372, 63.74495315551758], [-325.41363525390625, 119.97360229492188, 326.09576416015625, 164.3380126953125, 86.02734375, 21.411439895629883, -49.78365707397461, 1.901373267173767, 64.02605438232422, 35.85490036010742, 17.52215003967285, 67.69486236572266, -8.76590347290039], [107.31243133544922, -57.426944732666016, 164.3380126953125, 274.1078186035156, 103.88907623291016, -19.08616828918457, -46.87215042114258, 61.85085678100586, 112.98333740234375, 53.33756637573242, 4.535940170288086, 57.54914474487305, 16.278078079223633], [-116.46668243408203, 123.91072845458984, 86.02734375, 103.88907623291016, 179.86903381347656, 80.2048568725586, 74.7138671875, 51.72136306762695, 53.356380462646484, 9.276847839355469, 23.268774032592773, 9.784594535827637, 31.098007202148438], [26.958866119384766, -68.76419067382812, 21.411439895629883, -19.08616828918457, 80.2048568725586, 236.4908447265625, 169.7101593017578, 49.534786224365234, -49.89763641357422, -16.437026977539062, -1.1050810813903809, -25.43756866455078, -15.531905174255371], [69.85772705078125, 66.95218658447266, -49.78365707397461, -46.87215042114258, 74.7138671875, 169.7101593017578, 253.77719116210938, 90.33424377441406, -23.18456268310547, -31.572914123535156, 17.47178840637207, -49.5063362121582, 14.10598087310791], [223.6229248046875, -54.31707000732422, 1.901373267173767, 61.85085678100586, 51.72136306762695, 49.534786224365234, 90.33424377441406, 175.4868621826172, 95.63835144042969, 43.87914276123047, -3.049844264984131, 7.079928874969482, 18.90760040283203], [-32.50022506713867, 82.4861068725586, 64.02605438232422, 112.98333740234375, 53.356380462646484, -49.89763641357422, -23.18456268310547, 95.63835144042969, 195.87693786621094, 67.9013900756836, 17.744905471801758, 39.67241287231445, 32.862728118896484], [78.0423355102539, -44.362003326416016, 35.85490036010742, 53.33756637573242, 9.276847839355469, -16.437026977539062, -31.572914123535156, 43.87914276123047, 67.9013900756836, 87.90064239501953, 30.561599731445312, 43.809425354003906, 22.566112518310547], [-85.87435913085938, 76.1740951538086, 17.52215003967285, 4.535940170288086, 23.268774032592773, -1.1050810813903809, 17.47178840637207, -3.049844264984131, 17.744905471801758, 30.561599731445312, 80.74903106689453, 55.614784240722656, 36.20207595825195], [-80.34781646728516, -1.8059169054031372, 67.69486236572266, 57.54914474487305, 9.784594535827637, -25.43756866455078, -49.5063362121582, 7.079928874969482, 39.67241287231445, 43.809425354003906, 55.614784240722656, 112.8334732055664, 52.25555419921875], [11.189940452575684, 63.74495315551758, -8.76590347290039, 16.278078079223633, 31.098007202148438, -15.531905174255371, 14.10598087310791, 18.90760040283203, 32.862728118896484, 22.566112518310547, 36.20207595825195, 52.25555419921875, 84.90502166748047]], "lowlevel.gfcc.icov": [[0.0010042305802926421, -0.0017909795278683305, 0.002611135598272085, -0.003610768122598529, 0.0030045893508940935, -0.0024338129442185163, 0.0018538006115704775, -0.0027225306257605553, 0.0028620215598493814, -0.002194325439631939, 0.0008654263219796121, 0.0007556022610515356, -0.0004318798892199993], [-0.0017909795278683305, 0.017536496743559837, -0.016150137409567833, 0.02031794935464859, -0.017771651968359947, 0.018978137522935867, -0.013583535328507423, 0.013448587618768215, -0.016578426584601402, 0.013534389436244965, -0.009983918629586697, 0.005383892450481653, -0.005487045273184776], [0.002611135598272085, -0.016150137409567833, 0.021968286484479904, -0.02255122922360897, 0.015622378326952457, -0.018761685118079185, 0.012672224082052708, -0.01172276958823204, 0.015504717826843262, -0.01409298088401556, 0.010600789450109005, -0.008302615955471992, 0.008058219216763973], [-0.003610768122598529, 0.02031794935464859, -0.02255122922360897, 0.035103484988212585, -0.027784621343016624, 0.025017112493515015, -0.016574911773204803, 0.017056016251444817, -0.022534793242812157, 0.015101389959454536, -0.007028691470623016, -0.00037375124520622194, -0.00219275476410985], [0.0030045893508940935, -0.017771651968359947, 0.015622378326952457, -0.027784621343016624, 0.03361358121037483, -0.02570870704948902, 0.016261661425232887, -0.016791826114058495, 0.016270337626338005, -0.01019177958369255, 0.002572635654360056, 0.004838235210627317, -0.003753793193027377], [-0.0024338129442185163, 0.018978137522935867, -0.018761685118079185, 0.025017112493515015, -0.02570870704948902, 0.034922342747449875, -0.026354094967246056, 0.017456794157624245, -0.014924852177500725, 0.008781176060438156, -0.002109565306454897, -0.0036368248984217644, 0.0022153430618345737], [0.0018538006115704775, -0.013583535328507423, 0.012672224082052708, -0.016574911773204803, 0.016261661425232887, -0.026354094967246056, 0.03162873536348343, -0.022227901965379715, 0.014383709989488125, -0.00039757476770319045, -0.008246060460805893, 0.011722950264811516, -0.00580253591760993], [-0.0027225306257605553, 0.013448587618768215, -0.01172276958823204, 0.017056016251444817, -0.016791826114058495, 0.017456794157624245, -0.022227901965379715, 0.029475480318069458, -0.020593537017703056, 0.003246850799769163, 0.003926639910787344, -0.006272317375987768, 0.001548232976347208], [0.0028620215598493814, -0.016578426584601402, 0.015504717826843262, -0.022534793242812157, 0.016270337626338005, -0.014924852177500725, 0.014383709989488125, -0.020593537017703056, 0.029450763016939163, -0.01798090711236, 0.008270671591162682, -0.0017961014527827501, 0.0024563956540077925], [-0.002194325439631939, 0.013534389436244965, -0.01409298088401556, 0.015101389959454536, -0.01019177958369255, 0.008781176060438156, -0.00039757476770319045, 0.003246850799769163, -0.01798090711236, 0.037107259035110474, -0.02176421880722046, 0.008390791714191437, -0.008327233605086803], [0.0008654263219796121, -0.009983918629586697, 0.010600789450109005, -0.007028691470623016, 0.002572635654360056, -0.002109565306454897, -0.008246060460805893, 0.003926639910787344, 0.008270671591162682, -0.02176421880722046, 0.042424824088811874, -0.02690061740577221, 0.010041365399956703], [0.0007556022610515356, 0.005383892450481653, -0.008302615955471992, -0.00037375124520622194, 0.004838235210627317, -0.0036368248984217644, 0.011722950264811516, -0.006272317375987768, -0.0017961014527827501, 0.008390791714191437, -0.02690061740577221, 0.04007694870233536, -0.022646132856607437], [-0.0004318798892199993, -0.005487045273184776, 0.008058219216763973, -0.00219275476410985, -0.003753793193027377, 0.0022153430618345737, -0.00580253591760993, 0.001548232976347208, 0.0024563956540077925, -0.008327233605086803, 0.010041365399956703, -0.022646132856607437, 0.030524861067533493]], "lowlevel.mfcc.cov": [[2763.055908203125, -626.8646850585938, -247.4959259033203, -4.129656791687012, -143.61105346679688, -155.18356323242188, 42.27876281738281, 13.455873489379883, 118.90090942382812, 162.73992919921875, -43.183860778808594, 110.62979125976562, -124.36473846435547], [-626.8646850585938, 641.1079711914062, 7.718516826629639, -4.542935371398926, 7.603694438934326, 12.398282051086426, 29.83148765563965, 7.349512100219727, -15.700695037841797, -7.37216329574585, 2.477992296218872, -60.09711837768555, 42.49171829223633], [-247.4959259033203, 7.718516826629639, 226.97703552246094, 102.3705825805664, 85.99475860595703, 49.00737380981445, -53.0155029296875, -1.5447336435317993, -4.612009048461914, -40.828857421875, 34.1593017578125, 19.782968521118164, 53.825191497802734], [-4.129656791687012, -4.542935371398926, 102.3705825805664, 264.9283752441406, 152.02040100097656, -20.00033187866211, -117.94091796875, -13.974894523620605, 47.78350067138672, -13.891568183898926, 21.888612747192383, 64.58634185791016, 70.12614440917969], [-143.61105346679688, 7.603694438934326, 85.99475860595703, 152.02040100097656, 187.15406799316406, 36.607975006103516, -67.37724304199219, 3.109478712081909, 42.54777908325195, -5.156219005584717, 25.46071434020996, 45.51017379760742, 56.630741119384766], [-155.18356323242188, 12.398282051086426, 49.00737380981445, -20.00033187866211, 36.607975006103516, 136.30401611328125, 97.97090148925781, 40.41522216796875, -1.9405734539031982, 1.4285433292388916, 13.6616792678833, -18.181615829467773, -9.017789840698242], [42.27876281738281, 29.83148765563965, -53.0155029296875, -117.94091796875, -67.37724304199219, 97.97090148925781, 278.0016174316406, 116.18846893310547, 13.323659896850586, 51.44507598876953, 0.8049238324165344, -23.882816314697266, -50.14194869995117], [13.455873489379883, 7.349512100219727, -1.5447336435317993, -13.974894523620605, 3.109478712081909, 40.41522216796875, 116.18846893310547, 128.23744201660156, 72.17118072509766, 51.11915588378906, 32.12213897705078, 16.467832565307617, 1.8430134057998657], [118.90090942382812, -15.700695037841797, -4.612009048461914, 47.78350067138672, 42.54777908325195, -1.9405734539031982, 13.323659896850586, 72.17118072509766, 133.3220977783203, 81.85559844970703, 38.70547866821289, 40.98299026489258, 15.037906646728516], [162.73992919921875, -7.37216329574585, -40.828857421875, -13.891568183898926, -5.156219005584717, 1.4285433292388916, 51.44507598876953, 51.11915588378906, 81.85559844970703, 115.6640625, 42.522953033447266, 10.565159797668457, -17.72831916809082], [-43.183860778808594, 2.477992296218872, 34.1593017578125, 21.888612747192383, 25.46071434020996, 13.6616792678833, 0.8049238324165344, 32.12213897705078, 38.70547866821289, 42.522953033447266, 78.76399993896484, 23.944211959838867, 17.462352752685547], [110.62979125976562, -60.09711837768555, 19.782968521118164, 64.58634185791016, 45.51017379760742, -18.181615829467773, -23.882816314697266, 16.467832565307617, 40.98299026489258, 10.565159797668457, 23.944211959838867, 110.272216796875, 52.803226470947266], [-124.36473846435547, 42.49171829223633, 53.825191497802734, 70.12614440917969, 56.630741119384766, -9.017789840698242, -50.14194869995117, 1.8430134057998657, 15.037906646728516, -17.72831916809082, 17.462352752685547, 52.803226470947266, 94.28890228271484]], "lowlevel.mfcc.icov": [[0.0006795015069656074, 0.0005340948118828237, 0.0002864710404537618, -0.0005234501441009343, 0.0005430830642580986, 0.00037727589369751513, -0.00022799310681875795, 0.0002639882732182741, -0.00015657258336432278, -0.0008547580800950527, 0.0006419125711545348, -0.0006642477819696069, 0.0005821922677569091], [0.0005340948118828237, 0.0023738197050988674, 0.0004256672691553831, -0.0004973888862878084, 0.00016428671369794756, 0.0007673529325984418, -0.000987617764621973, 0.0005586622282862663, -0.00019077442993875593, -0.0006789083126932383, 0.00011599835124798119, 0.0017555757658556104, -0.0019016453297808766], [0.0002864710404537618, 0.0004256672691553831, 0.008039784617722034, -0.0024420658592134714, 0.0004996557254344225, -0.0035517551004886627, 0.0014107462484389544, -0.0009179234621115029, 0.00046356336679309607, 0.0025202911347150803, -0.0032566948793828487, 0.0007841283804737031, -0.001894939225167036], [-0.0005234501441009343, -0.0004973888862878084, -0.0024420658592134714, 0.009923425503075123, -0.006674963980913162, 0.002680407604202628, 0.0008118635741993785, 0.0002770600840449333, -0.0018787053413689137, 0.0014662202447652817, 0.00017145763558801264, -0.000936419703066349, -0.0006929351366125047], [0.0005430830642580986, 0.00016428671369794756, 0.0004996557254344225, -0.006674963980913162, 0.014709416776895523, -0.007169945631176233, 0.003194352611899376, -0.00024695025058463216, -0.0020147727336734533, -0.0008928563911467791, 0.0008355380268767476, -0.0017916172510012984, -0.001493274699896574], [0.00037727589369751513, 0.0007673529325984418, -0.0035517551004886627, 0.002680407604202628, -0.007169945631176233, 0.01730540208518505, -0.008415780030190945, 0.0023466169368475676, -0.0008136974647641182, 0.0021048900671303272, -0.0024118844885379076, 0.0029057941865175962, 0.0009708733996376395], [-0.00022799310681875795, -0.000987617764621973, 0.0014107462484389544, 0.0008118635741993785, 0.003194352611899376, -0.008415780030190945, 0.014148623682558537, -0.012418694794178009, 0.00665309326723218, -0.005358213558793068, 0.004371581133455038, -0.0029580399859696627, 0.0025570036377757788], [0.0002639882732182741, 0.0005586622282862663, -0.0009179234621115029, 0.0002770600840449333, -0.00024695025058463216, 0.0023466169368475676, -0.012418694794178009, 0.02564557082951069, -0.014663663692772388, 0.005489625968039036, -0.005823473446071148, 0.0014956945087760687, -0.0027065661270171404], [-0.00015657258336432278, -0.00019077442993875593, 0.00046356336679309607, -0.0018787053413689137, -0.0020147727336734533, -0.0008136974647641182, 0.00665309326723218, -0.014663663692772388, 0.025876108556985855, -0.015754520893096924, 0.003793350188061595, -0.0036346830893307924, 0.00021288185962475836], [-0.0008547580800950527, -0.0006789083126932383, 0.0025202911347150803, 0.0014662202447652817, -0.0008928563911467791, 0.0021048900671303272, -0.005358213558793068, 0.005489625968039036, -0.015754520893096924, 0.026597095653414726, -0.012214357033371925, 0.0025376046542078257, 0.00278464425355196], [0.0006419125711545348, 0.00011599835124798119, -0.0032566948793828487, 0.00017145763558801264, 0.0008355380268767476, -0.0024118844885379076, 0.004371581133455038, -0.005823473446071148, 0.003793350188061595, -0.012214357033371925, 0.022966230288147926, -0.0038939823862165213, -0.0007421597838401794], [-0.0006642477819696069, 0.0017555757658556104, 0.0007841283804737031, -0.000936419703066349, -0.0017916172510012984, 0.0029057941865175962, -0.0029580399859696627, 0.0014956945087760687, -0.0036346830893307924, 0.0025376046542078257, -0.0038939823862165213, 0.018247054889798164, -0.010107430629432201], [0.0005821922677569091, -0.0019016453297808766, -0.001894939225167036, -0.0006929351366125047, -0.001493274699896574, 0.0009708733996376395, 0.0025570036377757788, -0.0027065661270171404, 0.00021288185962475836, 0.00278464425355196, -0.0007421597838401794, -0.010107430629432201, 0.022517485544085503]], "metadata.audio_properties.analysis.downmix": "mix", "metadata.audio_properties.codec": "mp3", "metadata.aud