{"song_id": "1183674226796920912", "download": "https://cdn.discordapp.com/attachments/1135911532732108921/1183674226796920912/chirp.mp4?ex=65893187&amp", "lyrics": "[Verse]\nFlying little bird, until fear arises\nIn this vast sky, return to me, dear\nReturn to me, dear\nSource: text-pesen.com\n\nStuck in red trams, we hang around\nHearing honks, summer doesn't please\nOr maybe it pleases for three months\nAs if in a basement\nWith a small window under the ceiling\nWe all overslept\nWe leave everything for later\n\n[Chorus]\nSilence your words, and I will too\nFrom winds and emptiness, your soul\nFly little bird, until fear arises\nIn this vast sky, return to me, dear\nReturn to me, dear\n\nFlying is scary, but it's very important\nThe power of heavenly thirst\nDon't be afraid of stones\nAnd don't be afraid of stones\n\nOn the coast, sad seagulls cry \"meow\nI'll be tender, I'll be tender\nThe wave whispers to the pack of", "style": ["random"], "essentia_features": {"lowlevel.average_loudness": 0.8788902759552002, "lowlevel.barkbands_crest.mean": 11.017870903015137, "lowlevel.barkbands_crest.stdev": 2.8221797943115234, "lowlevel.barkbands_flatness_db.mean": 0.22445985674858093, "lowlevel.barkbands_flatness_db.stdev": 0.04854677617549896, "lowlevel.barkbands_kurtosis.mean": 10.254993438720703, "lowlevel.barkbands_kurtosis.stdev": 10.08974552154541, "lowlevel.barkbands_skewness.mean": 2.542818784713745, "lowlevel.barkbands_skewness.stdev": 1.1959545612335205, "lowlevel.barkbands_spread.mean": 15.608616828918457, "lowlevel.barkbands_spread.stdev": 18.098684310913086, "lowlevel.dissonance.mean": 0.45168766379356384, "lowlevel.dissonance.stdev": 0.029807250946760178, "lowlevel.dynamic_complexity": 2.437758684158325, "lowlevel.erbbands_crest.mean": 9.137045860290527, "lowlevel.erbbands_crest.stdev": 3.702882766723633, "lowlevel.erbbands_flatness_db.mean": 0.16448843479156494, "lowlevel.erbbands_flatness_db.stdev": 0.04926614463329315, "lowlevel.erbbands_kurtosis.mean": 0.02407553605735302, "lowlevel.erbbands_kurtosis.stdev": 1.661028504371643, "lowlevel.erbbands_skewness.mean": 0.31866002082824707, "lowlevel.erbbands_skewness.stdev": 0.8030385375022888, "lowlevel.erbbands_spread.mean": 46.775550842285156, "lowlevel.erbbands_spread.stdev": 29.960023880004883, "lowlevel.hfc.mean": 17.023210525512695, "lowlevel.hfc.stdev": 16.68488883972168, "lowlevel.loudness_ebu128.integrated": -21.593507766723633, "lowlevel.loudness_ebu128.loudness_range": 2.2093772888183594, "lowlevel.loudness_ebu128.momentary.mean": -22.204572677612305, "lowlevel.loudness_ebu128.momentary.stdev": 2.320528745651245, "lowlevel.loudness_ebu128.short_term.mean": -21.6893310546875, "lowlevel.loudness_ebu128.short_term.stdev": 0.7159833312034607, "lowlevel.melbands_crest.mean": 16.9819278717041, "lowlevel.melbands_crest.stdev": 5.668264865875244, "lowlevel.melbands_flatness_db.mean": 0.3124048411846161, "lowlevel.melbands_flatness_db.stdev": 0.06511911004781723, "lowlevel.melbands_kurtosis.mean": 29.990161895751953, "lowlevel.melbands_kurtosis.stdev": 27.959333419799805, "lowlevel.melbands_skewness.mean": 4.119032382965088, "lowlevel.melbands_skewness.stdev": 1.8880517482757568, "lowlevel.melbands_spread.mean": 10.050979614257812, "lowlevel.melbands_spread.stdev": 9.566886901855469, "lowlevel.pitch_salience.mean": 0.5072896480560303, "lowlevel.pitch_salience.stdev": 0.12307852506637573, "lowlevel.silence_rate_20dB.mean": 1.0, "lowlevel.silence_rate_20dB.stdev": 0.0, "lowlevel.silence_rate_30dB.mean": 0.9206257462501526, "lowlevel.silence_rate_30dB.stdev": 0.27032434940338135, "lowlevel.silence_rate_60dB.mean": 0.0011587485205382109, "lowlevel.silence_rate_60dB.stdev": 0.03402106463909149, "lowlevel.spectral_centroid.mean": 678.1643676757812, "lowlevel.spectral_centroid.stdev": 497.952880859375, "lowlevel.spectral_complexity.mean": 12.874276161193848, "lowlevel.spectral_complexity.stdev": 5.3739495277404785, "lowlevel.spectral_decrease.mean": -1.1658700671546285e-08, "lowlevel.spectral_decrease.stdev": 9.165226799723314e-09, "lowlevel.spectral_energy.mean": 0.04554673656821251, "lowlevel.spectral_energy.stdev": 0.03523463383316994, "lowlevel.spectral_energyband_high.mean": 0.000699383788742125, "lowlevel.spectral_energyband_high.stdev": 0.0018126751529052854, "lowlevel.spectral_energyband_low.mean": 0.02691141702234745, "lowlevel.spectral_energyband_low.stdev": 0.025453323498368263, "lowlevel.spectral_energyband_middle_high.mean": 0.002533795777708292, "lowlevel.spectral_energyband_middle_high.stdev": 0.0032411282882094383, "lowlevel.spectral_energyband_middle_low.mean": 0.017652122303843498, "lowlevel.spectral_energyband_middle_low.stdev": 0.01684962399303913, "lowlevel.spectral_entropy.mean": 7.057326793670654, "lowlevel.spectral_entropy.stdev": 0.5673714876174927, "lowlevel.spectral_flux.mean": 0.05712826922535896, "lowlevel.spectral_flux.stdev": 0.029303811490535736, "lowlevel.spectral_kurtosis.mean": 11.23754596710205, "lowlevel.spectral_kurtosis.stdev": 7.961015701293945, "lowlevel.spectral_rms.mean": 0.00625799223780632, "lowlevel.spectral_rms.stdev": 0.002296382561326027, "lowlevel.spectral_rolloff.mean": 805.5853271484375, "lowlevel.spectral_rolloff.stdev": 1638.0885009765625, "lowlevel.spectral_skewness.mean": 2.4985105991363525, "lowlevel.spectral_skewness.stdev": 0.9410090446472168, "lowlevel.spectral_spread.mean": 4673259.0, "lowlevel.spectral_spread.stdev": 2914812.5, "lowlevel.spectral_strongpeak.mean": 0.6426101922988892, "lowlevel.spectral_strongpeak.stdev": 0.49090588092803955, "lowlevel.zerocrossingrate.mean": 0.03906702622771263, "lowlevel.zerocrossingrate.stdev": 0.04118508845567703, "metadata.audio_properties.analysis.equal_loudness": 0.0, "metadata.audio_properties.analysis.length": 40.04265213012695, "metadata.audio_properties.analysis.sample_rate": 44100.0, "metadata.audio_properties.analysis.start_time": 0.0, "metadata.audio_properties.bit_rate": 114462.0, "metadata.audio_properties.length": 40.042667388916016, "metadata.audio_properties.lossless": 0.0, "metadata.audio_properties.number_channels": 1.0, "metadata.audio_properties.replay_gain": -4.171520233154297, "metadata.audio_properties.sample_rate": 48000.0, "rhythm.beats_count": 74.0, "rhythm.beats_loudness.mean": 0.04776106774806976, "rhythm.beats_loudness.stdev": 0.03813428059220314, "rhythm.bpm": 144.28750610351562, "rhythm.bpm_histogram_first_peak_bpm": 144.0, "rhythm.bpm_histogram_first_peak_weight": 0.611111044883728, "rhythm.bpm_histogram_second_peak_bpm": 98.0, "rhythm.bpm_histogram_second_peak_spread": 0.6111111044883728, "rhythm.bpm_histogram_second_peak_weight": 0.09589041024446487, "rhythm.danceability": 1.1663784980773926, "rhythm.onset_rate": 3.645040988922119, "tonal.chords_changes_rate": 0.046296294778585434, "tonal.chords_number_rate": 0.010416666977107525, "tonal.chords_strength.mean": 0.4737915098667145, "tonal.chords_strength.stdev": 0.0889921635389328, "tonal.hpcp_crest.mean": 13.118257522583008, "tonal.hpcp_crest.stdev": 4.6967854499816895, "tonal.hpcp_entropy.mean": 1.9566470384597778, "tonal.hpcp_entropy.stdev": 0.6165369153022766, "tonal.key_edma.strength": 0.7576361298561096, "tonal.key_krumhansl.strength": 0.7673295140266418, "tonal.key_temperley.strength": 0.7808552980422974, "tonal.tuning_diatonic_strength": 0.6070657968521118, "tonal.tuning_equal_tempered_deviation": 0.08390400558710098, "tonal.tuning_frequency": 437.9714660644531, "tonal.tuning_nontempered_energy_ratio": 0.7054436206817627, "lowlevel.barkbands.mean": [1.5374613212770782e-05, 0.014681264758110046, 0.010030662640929222, 0.004645443055778742, 0.007458406034857035, 0.0029543230775743723, 0.0010490425629541278, 0.0010688718175515532, 0.0003488501242827624, 0.0003205274697393179, 0.0003415999235585332, 0.0005114247906021774, 0.00024830654729157686, 0.00031334441155195236, 0.00031231515458785, 0.00022161583183333278, 0.0001946250267792493, 8.467399311484769e-05, 3.0266701287473552e-05, 3.825233579846099e-05, 4.931185321765952e-05, 0.00010203418059973046, 0.00015588458336424083, 0.00011234288103878498, 0.00014570557686965913, 0.00011215062841074541, 1.0563012864395205e-07], "lowlevel.barkbands.stdev": [2.708073952817358e-05, 0.012658584862947464, 0.014388465322554111, 0.0068090264685451984, 0.007967722602188587, 0.004094194155186415, 0.0028328944463282824, 0.002019499661400914, 0.0013293583178892732, 0.0010885332012549043, 0.00174809864256531, 0.0008293988066725433, 0.0005457179504446685, 0.0006140373297967017, 0.0006274524494074285, 0.0004992576432414353, 0.0003583270881790668, 0.00015283333777915686, 4.6996763558126986e-05, 9.05240376596339e-05, 0.0001566292776260525, 0.00031464683706872165, 0.0005049227620474994, 0.00034838475403375924, 0.0003953752457164228, 0.0002889603201765567, 9.222069934367028e-07], "lowlevel.erbbands.mean": [0.13894276320934296, 4.2489213943481445, 13.813986778259277, 11.836576461791992, 24.5036678314209, 21.617294311523438, 25.75117301940918, 20.794342041015625, 12.4743013381958, 23.01862907409668, 20.991918563842773, 9.562548637390137, 9.853404998779297, 11.574793815612793, 14.374664306640625, 23.16533660888672, 12.113149642944336, 15.468059539794922, 17.287508010864258, 13.002964973449707, 12.95333480834961, 10.847278594970703, 5.704911231994629, 2.22353458404541, 1.4226444959640503, 1.7563906908035278, 1.8678867816925049, 2.241492748260498, 3.446255683898926, 4.31437349319458, 4.2935075759887695, 2.0651605129241943, 2.3213438987731934, 1.6415904760360718, 1.0059127807617188, 0.6251518726348877, 0.19038517773151398, 0.013285664841532707, 0.0002867477014660835, 6.604847294511274e-05], "lowlevel.erbbands.stdev": [0.15816691517829895, 3.6745009422302246, 17.90578842163086, 15.257818222045898, 34.132652282714844, 24.702917098999023, 39.53948974609375, 29.50428581237793, 28.573728561401367, 58.27053451538086, 41.92477798461914, 37.03886032104492, 29.58974838256836, 44.79241943359375, 52.03010559082031, 39.0982780456543, 24.520475387573242, 28.98133659362793, 33.76934814453125, 22.537242889404297, 27.59547233581543, 19.687318801879883, 9.902153968811035, 2.920987129211426, 2.448993682861328, 4.189701080322266, 5.89369010925293, 6.815055847167969, 10.602807998657227, 14.012109756469727, 14.059014320373535, 6.690876483917236, 7.1372551918029785, 4.826728820800781, 2.630147933959961, 1.6282509565353394, 0.5041446089744568, 0.03834831714630127, 0.0007231615018099546, 5.569650238612667e-05], "lowlevel.gfcc.mean": [-20.74688148498535, 123.3546142578125, -76.92996215820312, 25.017784118652344, -29.102895736694336, 21.579030990600586, -52.41624450683594, 8.95357894897461, -30.448204040527344, 5.3452582359313965, -17.70680046081543, 1.4987733364105225, -10.391603469848633], "lowlevel.melbands.mean": [0.002687667030841112, 0.006642651744186878, 0.0025052186101675034, 0.001659570960327983, 0.0008937642560340464, 0.00047590662143193185, 0.00020320933253969997, 0.00025340644060634077, 0.00014859819202683866, 5.3424431825987995e-05, 4.7739224100951105e-05, 4.4847427489003167e-05, 4.882279972662218e-05, 5.983290247968398e-05, 3.9696584281045943e-05, 2.2677701053908095e-05, 2.9928276489954442e-05, 2.7251920982962474e-05, 2.1782383555546403e-05, 1.482555853726808e-05, 1.5075012015586253e-05, 1.1798565537901595e-05, 7.556931905128295e-06, 3.323064902360784e-06, 1.632794237593771e-06, 9.481370284447621e-07, 1.126269808082725e-06, 1.1877185670527979e-06, 1.1160835811097058e-06, 1.2626737770915497e-06, 1.301363340644457e-06, 1.8892321804742096e-06, 2.1289699816406937e-06, 2.5848221412161365e-06, 2.606694806672749e-06, 1.873144242381386e-06, 1.07639050384023e-06, 1.648607167226146e-06, 1.602204406481178e-06, 1.2824081068174564e-06], "lowlevel.melbands.stdev": [0.0024189564865082502, 0.007131332065910101, 0.0029349809046834707, 0.0018607256934046745, 0.0011793830199167132, 0.0006703936378471553, 0.00046741910045966506, 0.0005752842407673597, 0.00030695449095219374, 0.00020897411741316319, 0.00014980386185925454, 0.00017694623966235667, 0.00024386360018979758, 9.47666703723371e-05, 6.913547986187041e-05, 4.58737849839963e-05, 6.0451216995716095e-05, 5.459566818899475e-05, 4.3016261770389974e-05, 3.172151991748251e-05, 3.299913805676624e-05, 2.291775672347285e-05, 1.3953088455309626e-05, 5.526581844605971e-06, 2.3026600501907524e-06, 1.6957371826720191e-06, 2.081257889585686e-06, 3.259302275182563e-06, 3.5601221952674678e-06, 4.47882985099568e-06, 4.005988103017444e-06, 5.902234534005402e-06, 7.0604287429887336e-06, 8.790846550255083e-06, 8.77529691933887e-06, 6.345429028442595e-06, 3.5734817629418103e-06, 5.179670097277267e-06, 5.046195383329177e-06, 3.827658474619966e-06], "lowlevel.melbands128.mean": [7.99955250840867e-06, 0.00025018409360200167, 0.0030407204758375883, 0.008678214624524117, 0.008836955763399601, 0.0037451297976076603, 0.0021226604003459215, 0.0023985705338418484, 0.002824696246534586, 0.0015106255887076259, 0.0011267742374911904, 0.0008808195707388222, 0.0009634552989155054, 0.000737879192456603, 0.0004748565552290529, 0.0003768555470742285, 0.00016866362420842052, 0.00015762270777486265, 0.00024086218036245555, 0.0003033241373486817, 0.00021930519142188132, 0.0002343379019293934, 0.00014724778884556144, 5.012583642383106e-05, 6.799155380576849e-05, 4.1733273974386975e-05, 4.855185397900641e-05, 5.8946221543010324e-05, 3.344449942233041e-05, 4.2215946450596675e-05, 4.41439806309063e-05, 5.8106088545173407e-05, 5.85759335081093e-05, 3.054690023418516e-05, 4.339669976616278e-05, 7.889457629062235e-05, 7.933858432807028e-05, 2.179779767175205e-05, 3.385691161383875e-05, 2.2783007807447575e-05, 1.7512320482637733e-05, 2.558721462264657e-05, 3.023311001015827e-05, 3.41802769980859e-05, 2.5246848963433877e-05, 2.35027964663459e-05, 3.5156939702574164e-05, 2.0954583305865526e-05, 1.6946729374467395e-05, 1.7317641322733834e-05, 1.1638403520919383e-05, 1.563534351589624e-05, 1.874824556580279e-05, 1.0989579095621593e-05, 1.5471590813831426e-05, 1.104609327740036e-05, 1.0999966434610542e-05, 8.14970462670317e-06, 6.9821612669329625e-06, 4.833997991227079e-06, 3.1878928439255105e-06, 2.0442273580556503e-06, 2.027703885687515e-06, 1.519518605164194e-06, 9.646930720919045e-07, 9.26491622976755e-07, 9.277660524276143e-07, 9.333056141258567e-07, 1.394852006342262e-06, 1.064955768015352e-06, 1.0945707344944822e-06, 1.3245662557892501e-06, 1.1849526799778687e-06, 1.079447656593402e-06, 1.036570438373019e-06, 1.230436851074046e-06, 1.491096099925926e-06, 1.0592048056423664e-06, 1.163032720796764e-06, 1.5959699339873623e-06, 1.914942004077602e-06, 1.982436970138224e-06, 1.989056727325078e-06, 2.225404159617028e-06, 2.1097464468766702e-06, 2.3707564196229214e-06, 2.683964339667e-06, 3.13572400045814e-06, 2.3300624434341444e-06, 2.599154868221376e-06, 2.4505532110197237e-06, 1.7667831571088755e-06, 7.343192578446178e-07, 8.568044336243474e-07, 1.3594333267974434e-06, 1.5834559690119931e-06, 1.789788257156033e-06, 1.677220780038624e-06, 1.4737462379343924e-06, 1.7402362573193386e-06, 1.4755077017980511e-06, 1.374579937873932e-06, 7.33990020762576e-07, 9.66050720307976e-07, 1.1031138456019107e-06, 1.4982683751441073e-06, 1.0037114179795026e-06, 9.136920766650292e-07, 1.209109086630633e-06, 1.2628620424948167e-06, 8.278585710286279e-07, 7.131028496587533e-07, 5.842397285960033e-07, 4.711938572654617e-07, 3.113762545581267e-07, 5.836430005956572e-08, 5.9024065635071565e-09, 3.624518740696914e-11, 9.514634739804517e-12, 8.877418765373957e-12, 8.611767549071558e-12, 7.943883398309204e-12, 7.783457038612607e-12, 7.628317248709049e-12, 7.343943161930433e-12, 6.938765100689137e-12, 6.71007433644677e-12, 6.648740585868396e-12], "lowlevel.melbands128.stdev": [1.3669199688592926e-05, 0.000489597674459219, 0.003980241250246763, 0.007831503637135029, 0.011102654971182346, 0.005305430851876736, 0.0034612263552844524, 0.0037361313588917255, 0.004357268568128347, 0.001933740102685988, 0.0015818835236132145, 0.0011253922712057829, 0.0019914323929697275, 0.0011009960435330868, 0.000732864486053586, 0.0009850292699411511, 0.0005717240856029093, 0.0006013380479998887, 0.0008165807230398059, 0.0010134854819625616, 0.0005431569297797978, 0.0005663989577442408, 0.00037712790071964264, 0.00027086600312031806, 0.00042791786836460233, 0.00014171231305226684, 0.00016198736557271332, 0.00023904275440145284, 0.0001551439199829474, 0.00022826972417533398, 0.0002597295679152012, 0.00034153679735027254, 0.00044391117990016937, 8.22818255983293e-05, 9.025390318129212e-05, 0.00015090859960764647, 0.00016948164557106793, 5.812416929984465e-05, 0.00010930589633062482, 6.586511881323531e-05, 4.670288399211131e-05, 6.709630542900413e-05, 7.903022196842358e-05, 9.763506386661902e-05, 7.107528654159978e-05, 6.393438525265083e-05, 0.00010299348650733009, 5.779958883067593e-05, 3.797217505052686e-05, 3.9066530007403344e-05, 3.2001717045204714e-05, 5.346077523427084e-05, 5.331341162673198e-05, 2.7438789402367547e-05, 3.4612970921443775e-05, 2.7000591217074543e-05, 2.6266210625180975e-05, 1.8038916095974855e-05, 1.724515277601313e-05, 1.1276661098236218e-05, 6.157168627396459e-06, 3.307010956632439e-06, 3.4632778351806337e-06, 2.298549361512414e-06, 1.784302867235965e-06, 1.7952513644559076e-06, 2.449605290166801e-06, 2.265815282953554e-06, 2.906367171817692e-06, 2.192641431975062e-06, 3.539597173585207e-06, 4.471978172659874e-06, 4.138285476074088e-06, 3.9109031604311895e-06, 3.926434146706015e-06, 5.166492428543279e-06, 5.362877345760353e-06, 3.87770251109032e-06, 3.830370587820653e-06, 5.472114935400896e-06, 6.390714133885922e-06, 6.647722784691723e-06, 7.404256393783726e-06, 7.8189441410359e-06, 7.4837671490968205e-06, 8.712385351827834e-06, 9.835504897637293e-06, 1.2387776223476976e-05, 8.149520908773411e-06, 9.305478670285083e-06, 8.644472472951747e-06, 6.4199907683359925e-06, 3.2283096516039222e-06, 3.425755267016939e-06, 4.780763902090257e-06, 5.167038580111694e-06, 6.075157216400839e-06, 5.639330538542708e-06, 4.891506705462234e-06, 5.895325102756033e-06, 4.80163407701184e-06, 4.253691258782055e-06, 2.3507795958721545e-06, 3.219362497475231e-06, 3.240674232074525e-06, 4.081222868990153e-06, 2.8144861516921083e-06, 2.6030229491880164e-06, 3.3313556286884705e-06, 3.7930128655716544e-06, 2.4404266696365084e-06, 2.17351612263883e-06, 1.5859779978200095e-06, 1.3562679441747605e-06, 1.0355623771829414e-06, 3.0971628461884393e-07, 4.1303106712575754e-08, 5.222359211742855e-10, 3.342537704953408e-11, 2.5849539522782017e-11, 2.511732835608349e-11, 1.2203595772808384e-11, 1.1944212979786428e-11, 1.1728030005486723e-11, 1.1553689428789315e-11, 1.1411625117085933e-11, 1.1308800250409146e-11, 1.1245560906092411e-11], "lowlevel.mfcc.mean": [-682.7066650390625, 166.47727966308594, 17.609355926513672, 21.39557456970215, 37.11187744140625, 12.4817476272583, 5.27621603012085, -0.7109948396682739, 0.11281419545412064, -5.050792217254639, -1.3488211631774902, 0.32460352778434753, 4.958884239196777], "lowlevel.spectral_contrast_coeffs.mean": [-0.6776024699211121, -0.7221512198448181, -0.7756778597831726, -0.7971474528312683, -0.7864608764648438, -0.7924365401268005], "lowlevel.spectral_contrast_coeffs.stdev": [0.05664689838886261, 0.07151271402835846, 0.05586894601583481, 0.04656190797686577, 0.04303569719195366, 0.03695469722151756], "lowlevel.spectral_contrast_valleys.mean": [-6.052882671356201, -7.143704414367676, -7.683876037597656, -7.7287116050720215, -8.43435287475586, -11.06222152709961], "lowlevel.spectral_contrast_valleys.stdev": [0.6050445437431335, 0.6821202039718628, 0.636870801448822, 0.5932164788246155, 0.6828859448432922, 1.2744964361190796], "rhythm.beats_loudness_band_ratio.mean": [0.6525179147720337, 0.21898844838142395, 0.056989528238773346, 0.03968752920627594, 0.026870246976614, 0.06081302836537361], "rhythm.beats_loudness_band_ratio.stdev": [0.1735071986913681, 0.11902520060539246, 0.08714593946933746, 0.07884898036718369, 0.043139100074768066, 0.10505112260580063], "tonal.hpcp.mean": [0.14996111392974854, 0.07623495906591415, 0.01173491682857275, 0.01575079746544361, 0.015945173799991608, 0.04249127209186554, 0.10490179806947708, 0.07361214607954025, 0.013257968239486217, 0.023600438609719276, 0.02147195301949978, 0.01577824167907238, 0.02094956859946251, 0.017361143603920937, 0.0892181321978569, 0.3053327798843384, 0.22935301065444946, 0.010659072548151016, 0.005654159002006054, 0.0060851979069411755, 0.06388801336288452, 0.2656899094581604, 0.22118060290813446, 0.020840762183070183, 0.008350788615643978, 0.008832965977489948, 0.08677080273628235, 0.21043233573436737, 0.13955967128276825, 0.1927948296070099, 0.3709430694580078, 0.19475440680980682, 0.009589421562850475, 0.008098635822534561, 0.008577768690884113, 0.08295774459838867], "tonal.hpcp.stdev": [0.31451651453971863, 0.1511557549238205, 0.04099634662270546, 0.06458400934934616, 0.07178124040365219, 0.10080773383378983, 0.2054091840982437, 0.14402133226394653, 0.03602076694369316, 0.06652295589447021, 0.0751013457775116, 0.06589561700820923, 0.05778473988175392, 0.04986783117055893, 0.13384130597114563, 0.3973717987537384, 0.3089101314544678, 0.03590654954314232, 0.03648754954338074, 0.029300980269908905, 0.1092546135187149, 0.4022935926914215, 0.3492467403411865, 0.0802464634180069, 0.04402470588684082, 0.05546397715806961, 0.14612948894500732, 0.3427838385105133, 0.24627166986465454, 0.2281106859445572, 0.4221503734588623, 0.22995367646217346, 0.04217054322361946, 0.037514928728342056, 0.05250449478626251, 0.1826777160167694], "rhythm.beats_position": [0.5340589284896851, 1.0797278881072998, 1.6253968477249146, 2.18267560005188, 2.739954710006714, 3.285623550415039, 3.8196823596954346, 4.342131614685059, 4.8645806312561035, 5.38702917098999, 5.909478187561035, 6.327437400817871, 6.745396614074707, 7.174965858459473, 7.581315040588379, 7.999274253845215, 8.41723346710205, 8.823582649230957, 9.218321800231934, 9.6478910446167, 10.065850257873535, 10.472199440002441, 10.890158653259277, 11.319727897644043, 11.749297142028809, 12.306575775146484, 12.8406343460083, 13.363083839416504, 14.001632690429688, 14.640181541442871, 15.290339469909668, 15.940498352050781, 16.57904815673828, 17.21759605407715, 17.867753982543945, 18.506303787231445, 19.121631622314453, 19.736961364746094, 20.36389923095703, 20.9908390045166, 21.61777687072754, 22.23310661315918, 22.848434448242188, 23.463764190673828, 24.137142181396484, 24.82213020324707, 25.50712013244629, 26.192108154296875, 26.784217834472656, 27.376325607299805, 27.980045318603516, 28.606983184814453, 29.222312927246094, 29.802810668945312, 30.371700286865234, 30.952198028564453, 31.532697677612305, 32.113197326660156, 32.68208694458008, 33.250972747802734, 33.819862365722656, 34.35392379760742, 34.88798141479492, 35.42203903198242, 35.82838821411133, 36.22312927246094, 36.61786651611328, 37.02421569824219, 37.430564880371094, 37.84852600097656, 38.243263244628906, 38.62639236450195, 39.009521484375, 39.415870666503906], "rhythm.bpm_histogram": [0.0, 0.0, 0.0, 0.0, 0.0, 0.0, 0.0, 0.0, 0.0, 0.0, 0.0, 0.0, 0.0, 0.0, 0.0, 0.0, 0.0, 0.0, 0.0, 0.0, 0.0, 0.0, 0.0, 0.0, 0.0, 0.0, 0.0, 0.0, 0.0, 0.0, 0.0, 0.0, 0.0, 0.0, 0.0, 0.0, 0.0, 0.0, 0.0, 0.0, 0.0, 0.0, 0.0, 0.0, 0.0, 0.0, 0.0, 0.0, 0.0, 0.0, 0.0, 0.0, 0.0, 0.0, 0.0, 0.0, 0.0, 0.0, 0.0, 0.0, 0.0, 0.0, 0.0, 0.0, 0.0, 0.0, 0.0, 0.0, 0.0, 0.0, 0.0, 0.0, 0.0, 0.0, 0.0, 0.0, 0.0, 0.0, 0.0, 0.0, 0.0, 0.0, 0.0, 0.0, 0.0, 0.0, 0.0, 0.0, 0.04109589010477066, 0.013698630034923553, 0.0, 0.0, 0.04109589010477066, 0.0, 0.06849315017461777, 0.0, 0.054794520139694214, 0.0, 0.08219178020954132, 0.013698630034923553, 0.0, 0.027397260069847107, 0.0, 0.054794520139694214, 0.0, 0.054794520139694214, 0.0, 0.0, 0.04109589010477066, 0.0, 0.04109589010477066, 0.0, 0.06849315017461777, 0.0, 0.0, 0.06849315017461777, 0.0, 0.0, 0.0, 0.0, 0.0, 0.0, 0.0, 0.0, 0.0, 0.0, 0.0, 0.0, 0.0, 0.0, 0.0, 0.0, 0.0, 0.0, 0.0, 0.0, 0.0, 0.0, 0.0, 0.0, 0.054794520139694214, 0.0, 0.0, 0.0, 0.09589041024446487, 0.0, 0.0, 0.0, 0.09589041024446487, 0.0, 0.0, 0.0, 0.054794520139694214, 0.0, 0.0, 0.0, 0.0, 0.027397260069847107, 0.0, 0.0, 0.0, 0.0, 0.0, 0.0, 0.0, 0.0, 0.0, 0.0, 0.0, 0.0, 0.0, 0.0, 0.0, 0.0, 0.0, 0.0, 0.0, 0.0, 0.0, 0.0, 0.0, 0.0, 0.0, 0.0, 0.0, 0.0, 0.0, 0.0, 0.0, 0.0, 0.0, 0.0, 0.0, 0.0, 0.0, 0.0, 0.0, 0.0, 0.0, 0.0, 0.0, 0.0, 0.0, 0.0, 0.0, 0.0, 0.0, 0.0, 0.0, 0.0, 0.0, 0.0, 0.0, 0.0, 0.0, 0.0, 0.0, 0.0, 0.0, 0.0, 0.0, 0.0, 0.0, 0.0, 0.0, 0.0, 0.0, 0.0, 0.0, 0.0, 0.0, 0.0, 0.0, 0.0, 0.0, 0.0, 0.0, 0.0, 0.0, 0.0, 0.0, 0.0, 0.0, 0.0, 0.0, 0.0, 0.0, 0.0, 0.0, 0.0], "tonal.chords_histogram": [24.074073791503906, 14.583333015441895, 9.606481552124023, 3.935185194015503, 6.828703880310059, 0.0, 0.0, 0.0, 0.0, 0.0, 3.472222328186035, 0.0, 0.0, 0.0, 0.0, 0.0, 0.0, 10.300926208496094, 0.0, 0.0, 0.0, 4.166666507720947, 0.46296295523643494, 22.56944465637207], "tonal.thpcp": [1.0, 0.5250250697135925, 0.02585146389901638, 0.021832557395100594, 0.023124217987060547, 0.2236400991678238, 0.40426990389823914, 0.20551660656929016, 0.031635358929634094, 0.042461495846509933, 0.04298550263047218, 0.11454930901527405, 0.28279757499694824, 0.19844594597816467, 0.03574124723672867, 0.06362280249595642, 0.05788476765155792, 0.04253548011183739, 0.05647650733590126, 0.046802718192338943, 0.2405170500278473, 0.8231257200241089, 0.6182970404624939, 0.02873506397008896, 0.015242659486830235, 0.016404667869210243, 0.17223131656646729, 0.716255247592926, 0.5962656140327454, 0.05618318170309067, 0.022512318566441536, 0.02381218783557415, 0.23391945660114288, 0.5672901272773743, 0.37622934579849243, 0.5197423696517944], "lowlevel.gfcc.cov": [[3348.169677734375, -1198.7398681640625, 194.99208068847656, 330.6184997558594, -517.5890502929688, 228.16983032226562, -133.2081756591797, -27.892681121826172, -42.260498046875, 88.56494903564453, -213.89295959472656, 128.99205017089844, -141.01327514648438], [-1198.7398681640625, 2434.064697265625, -784.2288208007812, -717.6112060546875, 619.1494750976562, -444.5730895996094, 135.96249389648438, 95.30062866210938, 81.79498291015625, -194.40528869628906, 307.7027587890625, -298.46832275390625, 191.080322265625], [194.99208068847656, -784.2288208007812, 621.6602783203125, 233.7595672607422, -210.6259765625, 208.18373107910156, -12.541799545288086, -112.2023696899414, -45.22399139404297, 69.42626190185547, -118.4729232788086, 138.09446716308594, -56.315853118896484], [330.6184997558594, -717.6112060546875, 233.7595672607422, 455.1329040527344, -152.21188354492188, 113.58160400390625, -39.49919891357422, -75.31190490722656, -22.675159454345703, 5.780027866363525, -73.44609069824219, 85.91315460205078, 6.652887344360352], [-517.5890502929688, 619.1494750976562, -210.6259765625, -152.21188354492188, 366.561767578125, -128.97584533691406, -5.86763858795166, 53.11184310913086, -20.18050193786621, -39.39383316040039, 73.0971450805664, -62.31285858154297, 77.22635650634766], [228.16983032226562, -444.5730895996094, 208.18373107910156, 113.58160400390625, -128.97584533691406, 246.6893310546875, 26.77292823791504, -69.43280029296875, -3.6824474334716797, 12.570687294006348, -64.44788360595703, 47.29818344116211, -34.58037185668945], [-133.2081756591797, 135.96249389648438, -12.541799545288086, -39.49919891357422, -5.86763858795166, 26.77292823791504, 209.80853271484375, -0.82594895362854, -25.20197105407715, -42.889522552490234, 8.887290954589844, -19.302833557128906, 0.10411334782838821], [-27.892681121826172, 95.30062866210938, -112.2023696899414, -75.31190490722656, 53.11184310913086, -69.43280029296875, -0.82594895362854, 142.22286987304688, 5.519806385040283, 2.693983554840088, 7.085853576660156, -28.814289093017578, 3.3317997455596924], [-42.260498046875, 81.79498291015625, -45.22399139404297, -22.675159454345703, -20.18050193786621, -3.6824474334716797, -25.20197105407715, 5.519806385040283, 114.0176010131836, 0.6339209079742432, 1.5165493488311768, -33.63700866699219, -10.92658519744873], [88.56494903564453, -194.40528869628906, 69.42626190185547, 5.780027866363525, -39.39383316040039, 12.570687294006348, -42.889522552490234, 2.693983554840088, 0.6339209079742432, 101.31350708007812, -11.96251106262207, 9.74901008605957, -39.11361312866211], [-213.89295959472656, 307.7027587890625, -118.4729232788086, -73.44609069824219, 73.0971450805664, -64.44788360595703, 8.887290954589844, 7.085853576660156, 1.5165493488311768, -11.96251106262207, 109.21590423583984, -32.80915451049805, 22.586313247680664], [128.99205017089844, -298.46832275390625, 138.09446716308594, 85.91315460205078, -62.31285858154297, 47.29818344116211, -19.302833557128906, -28.814289093017578, -33.63700866699219, 9.74901008605957, -32.80915451049805, 118.00682830810547, -14.16346549987793], [-141.01327514648438, 191.080322265625, -56.315853118896484, 6.652887344360352, 77.22635650634766, -34.58037185668945, 0.10411334782838821, 3.3317997455596924, -10.92658519744873, -39.11361312866211, 22.586313247680664, -14.16346549987793, 92.8331527709961]], "lowlevel.gfcc.icov": [[0.0004813554114662111, -0.00025997881311923265, 0.00035750961978919804, -0.0003753858618438244, 0.0007700711721554399, -0.0004102302191313356, 0.00044884643284603953, -0.0002560279390309006, 0.0006203873781487346, -0.00031289862818084657, 0.0008227708167396486, -0.0002642545441631228, 0.0004260309797246009], [-0.00025997881311923265, 0.005034748464822769, -6.605456292163581e-06, 0.0048406389541924, -0.003399159526452422, 0.0037485358770936728, -0.0019687972962856293, 0.0033232516143471003, -0.00305015011690557, 0.004580834414809942, -0.004576107487082481, 0.0037237645592540503, -0.003749425057321787], [0.00035750961978919804, -6.605456292163581e-06, 0.003906763158738613, -0.0005978184635750949, 0.0008333821315318346, -0.0014629021752625704, -1.8975491911987774e-05, 0.0012679246719926596, 0.0009564955835230649, -0.002010548021644354, 0.0021492703817784786, -0.0021630560513585806, 9.832039359025657e-05], [-0.0003753858618438244, 0.0048406389541924, -0.0005978184635750949, 0.008070497773587704, -0.0024223881773650646, 0.0032983359415084124, -0.0012912049423903227, 0.003877185983583331, -0.0027085556648671627, 0.004819571506232023, -0.00366786471568048, 0.0027809098828583956, -0.0053402394987642765], [0.0007700711721554399, -0.003399159526452422, 0.0008333821315318346, -0.0024223881773650646, 0.007739186752587557, -0.002049419330433011, 0.002368481131270528, -0.0026922367978841066, 0.0039760214276611805, -0.0027745377738028765, 0.0030485941097140312, -0.0018000109121203423, 2.0542292986647226e-05], [-0.0004102302191313356, 0.0037485358770936728, -0.0014629021752625704, 0.0032983359415084124, -0.002049419330433011, 0.00973345898091793, -0.0026603650767356157, 0.00428173691034317, -0.002942916238680482, 0.0038181331474334, -0.00190356548409909, 0.0029300821479409933, -0.002110246801748872], [0.00044884643284603953, -0.0019687972962856293, -1.8975491911987774e-05, -0.0012912049423903227, 0.002368481131270528, -0.0026603650767356157, 0.007144816219806671, -0.0016924787778407335, 0.003588507417589426, 0.0013653567293658853, 0.0015438644913956523, 0.00021113666298333555, 0.0025609091389924288], [-0.0002560279390309006, 0.0033232516143471003, 0.0012679246719926596, 0.003877185983583331, -0.0026922367978841066, 0.00428173691034317, -0.0016924787778407335, 0.011556398123502731, -0.0019149010768160224, 0.001717679901048541, -0.000693931826390326, 0.002635505050420761, -0.0022469412069767714], [0.0006203873781487346, -0.00305015011690557, 0.0009564955835230649, -0.0027085556648671627, 0.0039760214276611805, -0.002942916238680482, 0.003588507417589426, -0.0019149010768160224, 0.013213722966611385, -0.001723659341223538, 0.0036787474527955055, 0.0012436661636456847, 0.0037795270327478647], [-0.00031289862818084657, 0.004580834414809942, -0.002010548021644354, 0.004819571506232023, -0.0027745377738028765, 0.0038181331474334, 0.0013653567293658853, 0.001717679901048541, -0.001723659341223538, 0.018649298697710037, -0.005365145392715931, 0.005128620658069849, 0.0019404753111302853], [0.0008227708167396486, -0.004576107487082481, 0.0021492703817784786, -0.00366786471568048, 0.0030485941097140312, -0.00190356548409909, 0.0015438644913956523, -0.000693931826390326, 0.0036787474527955055, -0.005365145392715931, 0.01826312765479088, -0.00301901763305068, 0.002282035071402788], [-0.0002642545441631228, 0.0037237645592540503, -0.0021630560513585806, 0.0027809098828583956, -0.0018000109121203423, 0.0029300821479409933, 0.00021113666298333555, 0.002635505050420761, 0.0012436661636456847, 0.005128620658069849, -0.00301901763305068, 0.01614302210509777, -0.0015788625460118055], [0.0004260309797246009, -0.003749425057321787, 9.832039359025657e-05, -0.0053402394987642765, 2.0542292986647226e-05, -0.002110246801748872, 0.0025609091389924288, -0.0022469412069767714, 0.0037795270327478647, 0.0019404753111302853, 0.002282035071402788, -0.0015788625460118055, 0.01931997388601303]], "lowlevel.mfcc.cov": [[2803.265869140625, -1321.373291015625, 456.1134033203125, -34.6944465637207, -198.98080444335938, 129.28208923339844, -193.35487365722656, 30.21246337890625, 12.449636459350586, -11.90837287902832, -21.869401931762695, 10.555354118347168, -83.97142028808594], [-1321.373291015625, 2765.4462890625, -1188.21337890625, -135.15621948242188, 163.85635375976562, -478.0975341796875, 218.15647888183594, -72.78154754638672, -16.437328338623047, 65.41883850097656, 58.854522705078125, 5.529239654541016, 118.12863159179688], [456.1134033203125, -1188.21337890625, 888.1998291015625, -11.811433792114258, -134.3310089111328, 333.0371398925781, -115.5352783203125, 44.41476058959961, -0.13849380612373352, -50.58148956298828, -32.55636978149414, 1.999223232269287, -59.667415618896484], [-34.6944465637207, -135.15621948242188, -11.811433792114258, 244.73170471191406, 31.041353225708008, -11.844649314880371, 16.311460494995117, -3.914422035217285, 5.39755392074585, -35.94847869873047, -43.99505615234375, -16.146711349487305, 22.414196014404297], [-198.98080444335938, 163.85635375976562, -134.3310089111328, 31.041353225708008, 250.5208282470703, -48.8452033996582, -20.55510139465332, -50.288211822509766, 4.058961391448975, -6.224118709564209, -35.32992172241211, 1.81011962890625, 31.131145477294922], [129.28208923339844, -478.0975341796875, 333.0371398925781, -11.844649314880371, -48.8452033996582, 294.42108154296875, -16.582111358642578, 32.27335739135742, -5.51815938949585, -30.297286987304688, -17.04975128173828, -20.67701530456543, -40.063968658447266], [-193.35487365722656, 218.15647888183594, -115.5352783203125, 16.311460494995117, -20.55510139465332, -16.582111358642578, 186.08360290527344, 23.766799926757812, 0.30172353982925415, -5.173935890197754, -2.947192907333374, -12.343714714050293, 6.7752485275268555], [30.21246337890625, -72.78154754638672, 44.41476058959961, -3.914422035217285, -50.288211822509766, 32.27335739135742, 23.766799926757812, 125.64659118652344, 19.24996566772461, -13.262200355529785, -8.84272289276123, -11.641820907592773, -25.497486114501953], [12.449636459350586, -16.437328338623047, -0.13849380612373352, 5.39755392074585, 4.058961391448975, -5.51815938949585, 0.30172353982925415, 19.24996566772461, 90.67960357666016, 15.356925010681152, -8.445295333862305, -16.576248168945312, -12.948548316955566], [-11.90837287902832, 65.41883850097656, -50.58148956298828, -35.94847869873047, -6.224118709564209, -30.297286987304688, -5.173935890197754, -13.262200355529785, 15.356925010681152, 98.82363891601562, 36.1518669128418, -6.921385288238525, -12.173726081848145], [-21.869401931762695, 58.854522705078125, -32.55636978149414, -43.99505615234375, -35.32992172241211, -17.04975128173828, -2.947192907333374, -8.84272289276123, -8.445295333862305, 36.1518669128418, 95.7383041381836, 2.079395055770874, -2.630864143371582], [10.555354118347168, 5.529239654541016, 1.999223232269287, -16.146711349487305, 1.81011962890625, -20.67701530456543, -12.343714714050293, -11.641820907592773, -16.576248168945312, -6.921385288238525, 2.079395055770874, 88.37348937988281, 19.031911849975586], [-83.97142028808594, 118.12863159179688, -59.667415618896484, 22.414196014404297, 31.131145477294922, -40.063968658447266, 6.7752485275268555, -25.497486114501953, -12.948548316955566, -12.173726081848145, -2.630864143371582, 19.031911849975586, 92.15943908691406]], "lowlevel.mfcc.icov": [[0.000528926495462656, 0.00034078230964951217, 0.0002458427334204316, 0.0002687750675249845, 0.0004079664940945804, 0.00016717668040655553, 0.00033136442652903497, 0.00010249391925754026, -2.7369580493541434e-05, 8.160921424860135e-05, 0.00028706141165457666, 2.520894668123219e-05, 8.770757267484441e-05], [0.00034078230964951217, 0.0012184369843453169, 0.0013089963467791677, 0.0009326579165644944, 0.00025504035875201225, 0.00038325414061546326, -0.0002644419437274337, 0.0002057548554148525, 4.685196836362593e-05, 0.00024199461040552706, 0.00027070107171311975, 0.00022177418577484787, -0.0004733075329568237], [0.0002458427334204316, 0.0013089963467791677, 0.0038871183060109615, 0.0008923546993173659, 0.001225561834871769, -0.0020632764790207148, 0.0009986684890463948, 0.00025432955590076745, -0.00021871167700737715, 0.0006708013825118542, 0.0008477084920741618, -0.0003100813482888043, -0.00032210643985308707], [0.0002687750675249845, 0.0009326579165644944, 0.0008923546993173659, 0.005513594951480627, 3.940157694160007e-05, 0.000699053518474102, -0.0005254743155092001, 0.00044085015542805195, -0.0002550792705733329, 0.0014123908476904035, 0.0018668250413611531, 0.0013510864228010178, -0.0013376023853197694], [0.0004079664940945804, 0.00025504035875201225, 0.001225561834871769, 3.940157694160007e-05, 0.00569296395406127, -0.000276479113381356, 0.0013393311528488994, 0.0018475782126188278, -0.0005647677462548018, 0.0002064000436803326, 0.002480197697877884, 0.0001930707658175379, -0.0008230067905969918], [0.00016717668040655553, 0.00038325414061546326, -0.0020632764790207148, 0.000699053518474102, -0.000276479113381356, 0.006612458266317844, -0.0009228154085576534, -0.00036580630694516003, 0.0007723300950601697, 0.0009338587988168001, 0.00014634750550612807, 0.0015019892016425729, 0.00101571436971426], [0.00033136442652903497, -0.0002644419437274337, 0.0009986684890463948, -0.0005254743155092001, 0.0013393311528488994, -0.0009228154085576534, 0.006964230909943581, -0.0010932529112324119, 9.814854274736717e-05, 0.00030092414817772806, 0.0006551686092279851, 0.000532883161213249, -0.00029059071675874293], [0.00010249391925754026, 0.0002057548554148525, 0.00025432955590076745, 0.00044085015542805195, 0.0018475782126188278, -0.00036580630694516003, -0.0010932529112324119, 0.009988954290747643, -0.00209230650216341, 0.001701293746009469, 0.0009055272093974054, 0.0004173136258032173, 0.0018183825304731727], [-2.7369580493541434e-05, 4.685196836362593e-05, -0.00021871167700737715, -0.0002550792705733329, -0.0005647677462548018, 0.0007723300950601697, 9.814854274736717e-05, -0.00209230650216341, 0.012623063288629055, -0.0026257613208144903, 0.0016015645815059543, 0.001825776882469654, 0.0008712734561413527], [8.160921424860135e-05, 0.00024199461040552706, 0.0006708013825118542, 0.0014123908476904035, 0.0002064000436803326, 0.0009338587988168001, 0.00030092414817772806, 0.001701293746009469, -0.0026257613208144903, 0.013591047376394272, -0.004181575961410999, 0.000993674504570663, 0.0017415842739865184], [0.00028706141165457666, 0.00027070107171311975, 0.0008477084920741618, 0.0018668250413611531, 0.002480197697877884, 0.00014634750550612807, 0.0006551686092279851, 0.0009055272093974054, 0.0016015645815059543, -0.004181575961410999, 0.014236638322472572, 0.00021657963225152344, -0.0005280900513753295], [2.520894668123219e-05, 0.00022177418577484787, -0.0003100813482888043, 0.0013510864228010178, 0.0001930707658175379, 0.0015019892016425729, 0.000532883161213249, 0.0004173136258032173, 0.001825776882469654, 0.000993674504570663, 0.00021657963225152344, 0.012963632121682167, -0.00240