{"song_id": "1183700620134322257", "download": "https://cdn.discordapp.com/attachments/1128313332273782784/1183700620134322257/chirp.mp4?ex=65894a1b&amp", "lyrics": "In the eerie present, madness unfolds,\nDream-shredding demon, angel born of sin, stories untold.\n\nDesire, madness, sin, graves, derision, termination,\nAnger's curse, death's roots, cruel hearts, abomination.\n\nBeasts emerge for a feast in the dark abyss,\nDemons sing, Satan's disciples, escape dismissed.\n\nI am the dream-shredding demon, emblem weeping,\nBlood longs to leave, roots of death in shadows creeping.\n\nNo way out, unholy rite tonight,\nPain, pursuit, trials, cleanse, demonic might\n\n[Verse]\nIn shadows deep, a haunting sound\nDark whispers lurk, all around\nEchoes of despair, they ring\nMelodies that sadness bring\n\n[Chorus]\nLost in the void, where silence meets\nDark ambient, where darkness greets\nUnveiling secrets, mystery untold\nEmbracing solitude, where shadows unfold", "style": ["random"], "essentia_features": {"lowlevel.average_loudness": 0.9752773642539978, "lowlevel.barkbands_crest.mean": 12.718143463134766, "lowlevel.barkbands_crest.stdev": 5.875893592834473, "lowlevel.barkbands_flatness_db.mean": 0.1215207427740097, "lowlevel.barkbands_flatness_db.stdev": 0.062006574124097824, "lowlevel.barkbands_kurtosis.mean": 10.97900390625, "lowlevel.barkbands_kurtosis.stdev": 18.75361442565918, "lowlevel.barkbands_skewness.mean": 2.7055163383483887, "lowlevel.barkbands_skewness.stdev": 1.9476948976516724, "lowlevel.barkbands_spread.mean": 30.535099029541016, "lowlevel.barkbands_spread.stdev": 21.323022842407227, "lowlevel.dissonance.mean": 0.48852112889289856, "lowlevel.dissonance.stdev": 0.010678314603865147, "lowlevel.dynamic_complexity": 3.8292553424835205, "lowlevel.erbbands_crest.mean": 4.908043384552002, "lowlevel.erbbands_crest.stdev": 1.8522452116012573, "lowlevel.erbbands_flatness_db.mean": 0.09428250789642334, "lowlevel.erbbands_flatness_db.stdev": 0.020394494757056236, "lowlevel.erbbands_kurtosis.mean": -0.5078989267349243, "lowlevel.erbbands_kurtosis.stdev": 0.7084435224533081, "lowlevel.erbbands_skewness.mean": -0.4152543842792511, "lowlevel.erbbands_skewness.stdev": 0.43084967136383057, "lowlevel.erbbands_spread.mean": 63.35580825805664, "lowlevel.erbbands_spread.stdev": 16.62885093688965, "lowlevel.hfc.mean": 32.189666748046875, "lowlevel.hfc.stdev": 20.249103546142578, "lowlevel.loudness_ebu128.integrated": -17.163185119628906, "lowlevel.loudness_ebu128.loudness_range": 1.1315460205078125, "lowlevel.loudness_ebu128.momentary.mean": -19.934383392333984, "lowlevel.loudness_ebu128.momentary.stdev": 12.752559661865234, "lowlevel.loudness_ebu128.short_term.mean": -17.282114028930664, "lowlevel.loudness_ebu128.short_term.stdev": 0.6801058650016785, "lowlevel.melbands_crest.mean": 19.277984619140625, "lowlevel.melbands_crest.stdev": 6.645383834838867, "lowlevel.melbands_flatness_db.mean": 0.20787207782268524, "lowlevel.melbands_flatness_db.stdev": 0.07760561257600784, "lowlevel.melbands_kurtosis.mean": 48.09345245361328, "lowlevel.melbands_kurtosis.stdev": 57.92863845825195, "lowlevel.melbands_skewness.mean": 5.49383020401001, "lowlevel.melbands_skewness.stdev": 3.0025343894958496, "lowlevel.melbands_spread.mean": 20.481292724609375, "lowlevel.melbands_spread.stdev": 20.417142868041992, "lowlevel.pitch_salience.mean": 0.49770572781562805, "lowlevel.pitch_salience.stdev": 0.15867222845554352, "lowlevel.silence_rate_20dB.mean": 1.0, "lowlevel.silence_rate_20dB.stdev": 0.0, "lowlevel.silence_rate_30dB.mean": 0.7668213248252869, "lowlevel.silence_rate_30dB.stdev": 0.42285433411598206, "lowlevel.silence_rate_60dB.mean": 0.051624130457639694, "lowlevel.silence_rate_60dB.stdev": 0.22126182913780212, "lowlevel.spectral_centroid.mean": 1975.2633056640625, "lowlevel.spectral_centroid.stdev": 926.6417236328125, "lowlevel.spectral_complexity.mean": 31.61020851135254, "lowlevel.spectral_complexity.stdev": 12.739544868469238, "lowlevel.spectral_decrease.mean": -1.7926222284359028e-08, "lowlevel.spectral_decrease.stdev": 1.5880994297390316e-08, "lowlevel.spectral_energy.mean": 0.07057740539312363, "lowlevel.spectral_energy.stdev": 0.060320984572172165, "lowlevel.spectral_energyband_high.mean": 0.0022242721170186996, "lowlevel.spectral_energyband_high.stdev": 0.0019051191629841924, "lowlevel.spectral_energyband_low.mean": 0.05610403046011925, "lowlevel.spectral_energyband_low.stdev": 0.06109180673956871, "lowlevel.spectral_energyband_middle_high.mean": 0.004285153467208147, "lowlevel.spectral_energyband_middle_high.stdev": 0.002698673168197274, "lowlevel.spectral_energyband_middle_low.mean": 0.011993508785963058, "lowlevel.spectral_energyband_middle_low.stdev": 0.010452299378812313, "lowlevel.spectral_entropy.mean": 8.086479187011719, "lowlevel.spectral_entropy.stdev": 0.27023980021476746, "lowlevel.spectral_flux.mean": 0.15020109713077545, "lowlevel.spectral_flux.stdev": 0.09097183495759964, "lowlevel.spectral_kurtosis.mean": 2.563814640045166, "lowlevel.spectral_kurtosis.stdev": 1.0171570777893066, "lowlevel.spectral_rms.mean": 0.007581877522170544, "lowlevel.spectral_rms.stdev": 0.003372116247192025, "lowlevel.spectral_rolloff.mean": 1672.7491455078125, "lowlevel.spectral_rolloff.stdev": 2873.832275390625, "lowlevel.spectral_skewness.mean": 1.1804167032241821, "lowlevel.spectral_skewness.stdev": 0.2332155406475067, "lowlevel.spectral_spread.mean": 5919813.0, "lowlevel.spectral_spread.stdev": 3076217.75, "lowlevel.spectral_strongpeak.mean": 0.4672390818595886, "lowlevel.spectral_strongpeak.stdev": 0.3413220942020416, "lowlevel.zerocrossingrate.mean": 0.07696150988340378, "lowlevel.zerocrossingrate.stdev": 0.06902188807725906, "metadata.audio_properties.analysis.equal_loudness": 0.0, "metadata.audio_properties.analysis.length": 39.999977111816406, "metadata.audio_properties.analysis.sample_rate": 44100.0, "metadata.audio_properties.analysis.start_time": 0.0, "metadata.audio_properties.bit_rate": 126336.0, "metadata.audio_properties.length": 40.0, "metadata.audio_properties.lossless": 0.0, "metadata.audio_properties.number_channels": 1.0, "metadata.audio_properties.replay_gain": -7.25981330871582, "metadata.audio_properties.sample_rate": 48000.0, "rhythm.beats_count": 121.0, "rhythm.beats_loudness.mean": 0.0470283180475235, "rhythm.beats_loudness.stdev": 0.02005029283463955, "rhythm.bpm": 184.5701446533203, "rhythm.bpm_histogram_first_peak_bpm": 185.0, "rhythm.bpm_histogram_first_peak_weight": 0.0, "rhythm.bpm_histogram_second_peak_bpm": 191.0, "rhythm.bpm_histogram_second_peak_spread": 0.0, "rhythm.bpm_histogram_second_peak_weight": 0.19166666269302368, "rhythm.danceability": 1.4249664545059204, "rhythm.onset_rate": 5.04752779006958, "tonal.chords_changes_rate": 0.07647740095853806, "tonal.chords_number_rate": 0.010428736917674541, "tonal.chords_strength.mean": 0.4736091196537018, "tonal.chords_strength.stdev": 0.10361016541719437, "tonal.hpcp_crest.mean": 11.059013366699219, "tonal.hpcp_crest.stdev": 6.016746997833252, "tonal.hpcp_entropy.mean": 2.474304676055908, "tonal.hpcp_entropy.stdev": 0.8270358443260193, "tonal.key_edma.strength": 0.4270961582660675, "tonal.key_krumhansl.strength": 0.4304008483886719, "tonal.key_temperley.strength": 0.44504815340042114, "tonal.tuning_diatonic_strength": 0.523215115070343, "tonal.tuning_equal_tempered_deviation": 0.34253305196762085, "tonal.tuning_frequency": 434.193115234375, "tonal.tuning_nontempered_energy_ratio": 0.9325955510139465, "lowlevel.barkbands.mean": [0.0023295350838452578, 0.04154283180832863, 0.008290084078907967, 0.005748243071138859, 0.0016604718985036016, 0.0014040536480024457, 0.0009815944358706474, 0.0009636975009925663, 0.0010740404250100255, 0.00035484100226312876, 0.00030231921118684113, 0.0003108106611762196, 0.0003070401435252279, 0.00029982486739754677, 0.0002899721439462155, 0.00047495641047134995, 0.0005761916982010007, 0.00044154166243970394, 0.0007141410023905337, 0.0005554147646762431, 0.0005446724826470017, 0.00046762783313170075, 0.0002960906131193042, 0.00015493942191824317, 0.0003173452278133482, 0.00016715873789507896, 7.989047844603192e-06], "lowlevel.barkbands.stdev": [0.0029696377459913492, 0.05747018754482269, 0.008011517114937305, 0.0053552002646028996, 0.002869914285838604, 0.003643753007054329, 0.0018126112408936024, 0.001940739806741476, 0.0011654027039185166, 0.0005313187721185386, 0.00047402302152477205, 0.0003921223396901041, 0.0003202945226803422, 0.00029680924490094185, 0.0002838532964233309, 0.0004039297054987401, 0.00043694121995940804, 0.0003861418808810413, 0.0005013916525058448, 0.000420095311710611, 0.0004965862026438117, 0.0004991767345927656, 0.0003653745516203344, 0.0001900526840472594, 0.0003879625874105841, 0.00028262034174986184, 1.3644586942973547e-05], "lowlevel.erbbands.mean": [1.5882145166397095, 7.680990695953369, 11.071781158447266, 16.277179718017578, 9.527313232421875, 5.057450771331787, 7.2619428634643555, 11.675938606262207, 10.035022735595703, 24.629125595092773, 19.48695182800293, 23.493968963623047, 15.764544486999512, 10.055557250976562, 13.295541763305664, 12.589156150817871, 14.151372909545898, 14.82129955291748, 16.396018981933594, 15.417411804199219, 31.723407745361328, 33.10586166381836, 24.627277374267578, 31.252033233642578, 34.50629806518555, 26.621034622192383, 22.443037033081055, 21.026458740234375, 17.683929443359375, 12.592896461486816, 7.3881916999816895, 3.5764994621276855, 2.6351847648620605, 3.0862133502960205, 2.478393316268921, 1.136376142501831, 0.20902082324028015, 0.024785712361335754, 0.0011171310907229781, 0.0001127140421885997], "lowlevel.erbbands.stdev": [2.3598735332489014, 10.559395790100098, 10.626522064208984, 13.50218391418457, 9.993574142456055, 9.353971481323242, 17.11554718017578, 32.16726303100586, 19.634103775024414, 51.966495513916016, 28.052186965942383, 26.18052101135254, 20.00788688659668, 16.028032302856445, 19.739301681518555, 15.041037559509277, 14.627944946289062, 13.59235954284668, 16.130735397338867, 13.512161254882812, 25.88006019592285, 24.888463973999023, 20.572416305541992, 23.055757522583008, 24.79964828491211, 19.733766555786133, 19.9161376953125, 20.325111389160156, 18.61496925354004, 15.65990924835205, 9.135772705078125, 4.488332748413086, 3.1640872955322266, 3.570385217666626, 3.1985034942626953, 1.753234624862671, 0.4437195956707001, 0.04588356614112854, 0.001900155795738101, 8.748285472393036e-05], "lowlevel.gfcc.mean": [22.505067825317383, 59.59874725341797, -92.95223999023438, 57.71995162963867, -41.968875885009766, 23.378520965576172, -25.066246032714844, 25.736690521240234, -21.741859436035156, 12.401260375976562, -24.41497039794922, 0.4088498055934906, -17.26753044128418], "lowlevel.melbands.mean": [0.012623087503015995, 0.007053818553686142, 0.0024899665731936693, 0.00047583249397575855, 0.00023233101819641888, 0.00026337546296417713, 0.0001666886528255418, 0.0002635143173392862, 0.00016086825053207576, 0.00014902825932949781, 7.555053161922842e-05, 3.85045786970295e-05, 4.355285273049958e-05, 3.588541949284263e-05, 3.095153078902513e-05, 3.1367584597319365e-05, 2.6819825507118367e-05, 2.683621642063372e-05, 2.1075331460451707e-05, 2.297073842782993e-05, 4.04911843361333e-05, 3.559608376235701e-05, 2.60538454313064e-05, 1.9267352399765514e-05, 2.572859921201598e-05, 2.73707428277703e-05, 2.150327418348752e-05, 1.6546197002753615e-05, 1.3722061339649372e-05, 1.3544254215958063e-05, 1.1876859389303718e-05, 1.0846158147614915e-05, 7.447756161127472e-06, 6.901275355630787e-06, 4.644345608539879e-06, 2.687663481992786e-06, 1.9960073132097023e-06, 1.7571730950294295e-06, 2.0199240680085495e-06, 2.8052199922967702e-06], "lowlevel.melbands.stdev": [0.018258530646562576, 0.006920246407389641, 0.0019968131091445684, 0.0007093469612300396, 0.0005216255667619407, 0.0007037933683022857, 0.00031380148720927536, 0.0005590953514911234, 0.00021662861399818212, 0.000168703481904231, 9.90997432381846e-05, 6.441091682063416e-05, 6.742477125953883e-05, 4.788149817613885e-05, 3.641968942247331e-05, 3.2324511266779155e-05, 2.6163361326325685e-05, 2.8147289413027465e-05, 2.1071304217912257e-05, 1.88987105502747e-05, 3.4597560443216935e-05, 2.8577569537446834e-05, 2.1727355488110334e-05, 1.8361408365308307e-05, 1.9914587028324604e-05, 2.0794734155060723e-05, 1.54987665155204e-05, 1.3320069228939246e-05, 1.3216033948992845e-05, 1.3244131878309418e-05, 1.2348672498774249e-05, 1.179489481728524e-05, 9.090530511457473e-06, 9.090055755223148e-06, 5.94606854065205e-06, 3.521498229019926e-06, 2.676948724911199e-06, 2.3177481125458144e-06, 2.3207844606076833e-06, 3.426539251449867e-06], "lowlevel.melbands128.mean": [0.0021535411942750216, 0.013538267463445663, 0.017012065276503563, 0.011175169609487057, 0.006548458710312843, 0.0035403184592723846, 0.0037379381246864796, 0.0021553460974246264, 0.000724902783986181, 0.000484392890939489, 0.00021869922056794167, 0.00014264695346355438, 0.00022271503985393792, 0.00036535848630592227, 0.00028409328660927713, 0.00021311796444933861, 0.00014734674186911434, 0.00011937288218177855, 0.00022980356879997998, 0.0003430094802752137, 0.00024860037956386805, 0.00012594745203386992, 0.00015944484039209783, 0.00019033327407669276, 0.00013315057731233537, 0.00016800178855191916, 9.646044782130048e-05, 7.406424992950633e-05, 4.477940092328936e-05, 3.497271245578304e-05, 3.8365935324691236e-05, 4.000862463726662e-05, 4.5422770199365914e-05, 4.597717270371504e-05, 3.754906356334686e-05, 3.322013435536064e-05, 3.226734042982571e-05, 3.147138704662211e-05, 2.9336652005440556e-05, 3.112123522441834e-05, 3.458064384176396e-05, 2.6767083909362555e-05, 2.5596036721253768e-05, 2.7687465262715705e-05, 2.786754339467734e-05, 2.7338046493241563e-05, 2.4711927835596725e-05, 2.2225412976695225e-05, 1.873320979939308e-05, 1.8207398170488887e-05, 1.9132954548695125e-05, 3.198304693796672e-05, 4.3643889512168244e-05, 4.126490603084676e-05, 4.017058381577954e-05, 3.536211443133652e-05, 3.405662573641166e-05, 2.481062438164372e-05, 2.657706500031054e-05, 2.0441419110284187e-05, 1.7474869309808128e-05, 1.8544520571595058e-05, 2.404393489996437e-05, 2.9383492801571265e-05, 2.56929579336429e-05, 2.9409395210677758e-05, 2.7384799977880903e-05, 2.1354509954107925e-05, 2.0849669454037212e-05, 2.1180037947488017e-05, 1.585057907504961e-05, 1.4686797840113286e-05, 1.4517334420816042e-05, 1.3331836271390785e-05, 1.2773476555594243e-05, 1.5218053704302292e-05, 1.2955243619217072e-05, 1.1309146429994144e-05, 1.2163074643467553e-05, 1.1717543202394154e-05, 1.217318458657246e-05, 1.0488208317838144e-05, 7.813691809133161e-06, 7.128418019419769e-06, 7.030020242382307e-06, 7.036082024569623e-06, 7.238245871121762e-06, 5.950844297331059e-06, 4.4920107029611245e-06, 3.806234872172354e-06, 2.9811992590111913e-06, 2.4521864361304324e-06, 2.0004970338050043e-06, 1.9698218238772824e-06, 2.011741116803023e-06, 1.842634446802549e-06, 1.6438175407529343e-06, 1.6962248992058448e-06, 1.8278761899637175e-06, 2.2283713860815624e-06, 2.7494672849570634e-06, 2.7148753360961564e-06, 3.2192635899264133e-06, 2.9453376555466093e-06, 2.8832228053943254e-06, 2.6323721158405533e-06, 2.678051259863423e-06, 2.8330744044069434e-06, 2.045303517661523e-06, 1.3096164366288576e-06, 1.0256649147777352e-06, 8.102090873762791e-07, 5.619824037239596e-07, 3.782780595429358e-07, 2.594287025203812e-07, 1.7112294870003097e-07, 1.621842216081859e-07, 1.4791655189583253e-07, 3.68710679765627e-08, 8.92088891646381e-09, 6.04018124406025e-09, 1.1615279849053195e-09, 2.9954864977366213e-11, 2.779447332013074e-11, 2.750628544379019e-11, 2.8898803489108005e-11, 2.933626952472679e-11, 2.8684216460406198e-11], "lowlevel.melbands128.stdev": [0.0028585512191057205, 0.020116835832595825, 0.027215445414185524, 0.014763802289962769, 0.007048269733786583, 0.003283672733232379, 0.0032682977616786957, 0.002152791013941169, 0.001003208220936358, 0.0010569607838988304, 0.00047850029659457505, 0.0003140745684504509, 0.0005402116221375763, 0.0010142714018002152, 0.0008820860530249774, 0.000609125301707536, 0.00034407523344270885, 0.0002573204110376537, 0.00043478861334733665, 0.0008215777343139052, 0.0006097922450862825, 0.00024221294734161347, 0.0002478643145877868, 0.00025967476540245116, 0.0001787747023627162, 0.00024962337920442224, 0.00015403756697196513, 0.0001153898483607918, 8.417759818257764e-05, 7.236246892716736e-05, 7.258669938892126e-05, 7.542753155576065e-05, 8.318624895764515e-05, 8.136902033584192e-05, 6.304014823399484e-05, 5.266386870061979e-05, 4.6264849515864626e-05, 4.6619607019238174e-05, 3.97239564335905e-05, 4.041665670229122e-05, 4.3250693124718964e-05, 3.136836312478408e-05, 3.1034367566462606e-05, 3.644552634796128e-05, 3.522894985508174e-05, 3.6339202779345214e-05, 2.8613147151190788e-05, 2.6874709874391556e-05, 2.3205582692753524e-05, 2.1876432583667338e-05, 1.9393244656384923e-05, 3.171221396769397e-05, 5.0328802899457514e-05, 4.049329072586261e-05, 3.904091863660142e-05, 3.874536560033448e-05, 3.2170348276849836e-05, 2.4717683118069544e-05, 2.681778096302878e-05, 2.3071150280884467e-05, 2.1679459678125568e-05, 2.0020606825710274e-05, 2.37295898841694e-05, 2.669733476068359e-05, 2.1742458557127975e-05, 2.700447294046171e-05, 2.7465293896966614e-05, 1.9178052752977237e-05, 1.8081243979395367e-05, 1.8505999832996167e-05, 1.4615702639275696e-05, 1.5470739526790567e-05, 1.7043865227606148e-05, 1.4989389455877244e-05, 1.2639849956030957e-05, 1.6917560060392134e-05, 1.5577757949358784e-05, 1.277041246794397e-05, 1.5217759028018918e-05, 1.340100516245002e-05, 1.5095039998413995e-05, 1.3423268683254719e-05, 9.94537549559027e-06, 9.949952982424293e-06, 1.065658489096677e-05, 1.047180103341816e-05, 1.0989145266648848e-05, 8.116634489852004e-06, 6.670963557553478e-06, 5.718390184483724e-06, 4.347399226389825e-06, 3.7786339817103e-06, 2.847602672773064e-06, 2.8953893433936173e-06, 3.123327587672975e-06, 2.8477281830419088e-06, 2.3387324290524703e-06, 2.1698417640436674e-06, 2.422226998533006e-06, 2.8572831070050597e-06, 3.25623318531143e-06, 3.726350087163155e-06, 4.446617367648287e-06, 4.307769359002123e-06, 3.5507837310433388e-06, 4.005476057500346e-06, 4.610875294019934e-06, 3.953935447498225e-06, 3.453711769907386e-06, 2.375252506681136e-06, 2.120676526828902e-06, 2.1234839095995994e-06, 1.5077858961376478e-06, 7.775211656735337e-07, 5.799149107588164e-07, 3.4845979257625004e-07, 2.703114603264112e-07, 2.9586047389784653e-07, 8.111829430390571e-08, 4.6005638409951644e-08, 3.841195095333205e-08, 7.778466759589264e-09, 7.119588807391608e-10, 6.715533129586504e-10, 6.717428280289539e-10, 7.372047416964733e-10, 7.617002029114417e-10, 7.397278345422365e-10], "lowlevel.mfcc.mean": [-617.6644287109375, 88.34815216064453, 10.409038543701172, 43.30094528198242, 10.985529899597168, 12.602533340454102, 10.03327751159668, 11.707454681396484, 14.042221069335938, 8.301960945129395, 10.675091743469238, 2.8989086151123047, 3.8928747177124023], "lowlevel.spectral_contrast_coeffs.mean": [-0.7128461599349976, -0.8135554194450378, -0.8197141885757446, -0.8308136463165283, -0.8140631914138794, -0.7409876585006714], "lowlevel.spectral_contrast_coeffs.stdev": [0.0717797577381134, 0.05289291590452194, 0.04506634175777435, 0.035594742745161057, 0.03392937406897545, 0.05096384882926941], "lowlevel.spectral_contrast_valleys.mean": [-6.537829399108887, -6.795397758483887, -7.43818473815918, -7.410159111022949, -6.974355220794678, -9.711788177490234], "lowlevel.spectral_contrast_valleys.stdev": [2.3327977657318115, 2.3761370182037354, 2.2132821083068848, 2.17026948928833, 2.2208991050720215, 1.9961291551589966], "rhythm.beats_loudness_band_ratio.mean": [0.5492156744003296, 0.1410197913646698, 0.1209365725517273, 0.04124738276004791, 0.061862777918577194, 0.12267321348190308], "rhythm.beats_loudness_band_ratio.stdev": [0.1631029099225998, 0.09941122680902481, 0.07499778270721436, 0.01851721666753292, 0.027225393801927567, 0.07706794142723083], "tonal.hpcp.mean": [0.1476714015007019, 0.111359603703022, 0.08669649809598923, 0.06978575885295868, 0.05501839146018028, 0.04659087210893631, 0.04535084590315819, 0.05736065283417702, 0.06636425107717514, 0.055219393223524094, 0.041125547140836716, 0.04006819799542427, 0.0703328549861908, 0.1309564858675003, 0.11450845003128052, 0.08077578246593475, 0.10696656256914139, 0.11438566446304321, 0.1372862160205841, 0.14880600571632385, 0.10187549144029617, 0.062380220741033554, 0.04607873782515526, 0.03822697699069977, 0.05656721815466881, 0.06953251361846924, 0.07501332461833954, 0.1018882766366005, 0.16447269916534424, 0.17988090217113495, 0.1875046342611313, 0.20240189135074615, 0.15956276655197144, 0.16806615889072418, 0.21201933920383453, 0.19673004746437073], "tonal.hpcp.stdev": [0.2826457619667053, 0.26543155312538147, 0.23073069751262665, 0.20171532034873962, 0.15432223677635193, 0.14153853058815002, 0.14142078161239624, 0.17311124503612518, 0.17639736831188202, 0.15645788609981537, 0.12446048110723495, 0.13148023188114166, 0.15128755569458008, 0.2465580850839615, 0.2176375389099121, 0.1707337498664856, 0.21475660800933838, 0.2091776579618454, 0.238911971449852, 0.25974902510643005, 0.19642511010169983, 0.15886826813220978, 0.13641682267189026, 0.10494963824748993, 0.14688806235790253, 0.15693235397338867, 0.17903533577919006, 0.22795872390270233, 0.3036500811576843, 0.29947856068611145, 0.30019524693489075, 0.33677905797958374, 0.2767738401889801, 0.28432512283325195, 0.33057457208633423, 0.3134073317050934], "rhythm.beats_position": [0.3715192675590515, 0.743038535118103, 1.1029478311538696, 1.4628571271896362, 1.8227664232254028, 2.18267560005188, 2.554194927215576, 2.9257142543792725, 3.2740135192871094, 3.6223127841949463, 3.9706122875213623, 4.318911552429199, 4.6556010246276855, 4.992290019989014, 5.31736946105957, 5.665668964385986, 5.990748405456543, 6.327437400817871, 6.664126873016357, 6.989206314086914, 7.314285755157471, 7.639364719390869, 7.964444160461426, 8.30113410949707, 8.637823104858398, 8.962902069091797, 9.311202049255371, 9.6478910446167, 9.984580039978027, 10.321269989013672, 10.657958984375, 10.983037948608398, 11.308117866516113, 11.644806861877441, 11.958276748657227, 12.294965744018555, 12.631654739379883, 12.956734657287598, 13.293423652648926, 13.63011360168457, 13.955192565917969, 14.280271530151367, 14.616961479187012, 14.95365047454834, 15.278729438781738, 15.603809356689453, 15.928888320922852, 16.25396728515625, 16.57904815673828, 16.90412712097168, 17.229206085205078, 17.554285049438477, 17.879364013671875, 18.204444885253906, 18.529523849487305, 18.842992782592773, 19.156461715698242, 19.48154067993164, 19.806621551513672, 20.13170051574707, 20.45677947998047, 20.781858444213867, 21.1069393157959, 21.432018280029297, 21.757097244262695, 22.082176208496094, 22.395645141601562, 22.709115982055664, 23.034194946289062, 23.34766387939453, 23.67274284362793, 23.9862117767334, 24.31129264831543, 24.636371612548828, 24.961450576782227, 25.286529541015625, 25.600000381469727, 25.913469314575195, 26.238548278808594, 26.563627243041992, 26.88870620727539, 27.213787078857422, 27.52725601196289, 27.84072494506836, 28.165803909301758, 28.49088478088379, 28.815963745117188, 29.141042709350586, 29.466121673583984, 29.791200637817383, 30.116281509399414, 30.441360473632812, 30.76643943786621, 31.07990837097168, 31.39337730407715, 31.71845817565918, 32.04353713989258, 32.36861801147461, 32.68208694458008, 32.99555587768555, 33.32063293457031, 33.645713806152344, 33.970794677734375, 34.29587173461914, 34.62095260620117, 34.93442153930664, 35.24789047241211, 35.57297134399414, 35.898048400878906, 36.22312927246094, 36.536598205566406, 36.850067138671875, 37.175148010253906, 37.50022506713867, 37.8253059387207, 38.13877487182617, 38.45224380493164, 38.77732467651367, 39.10240173339844, 39.415870666503906, 39.72934341430664], "rhythm.bpm_histogram": [0.0, 0.0, 0.0, 0.0, 0.0, 0.0, 0.0, 0.0, 0.0, 0.0, 0.0, 0.0, 0.0, 0.0, 0.0, 0.0, 0.0, 0.0, 0.0, 0.0, 0.0, 0.0, 0.0, 0.0, 0.0, 0.0, 0.0, 0.0, 0.0, 0.0, 0.0, 0.0, 0.0, 0.0, 0.0, 0.0, 0.0, 0.0, 0.0, 0.0, 0.0, 0.0, 0.0, 0.0, 0.0, 0.0, 0.0, 0.0, 0.0, 0.0, 0.0, 0.0, 0.0, 0.0, 0.0, 0.0, 0.0, 0.0, 0.0, 0.0, 0.0, 0.0, 0.0, 0.0, 0.0, 0.0, 0.0, 0.0, 0.0, 0.0, 0.0, 0.0, 0.0, 0.0, 0.0, 0.0, 0.0, 0.0, 0.0, 0.0, 0.0, 0.0, 0.0, 0.0, 0.0, 0.0, 0.0, 0.0, 0.0, 0.0, 0.0, 0.0, 0.0, 0.0, 0.0, 0.0, 0.0, 0.0, 0.0, 0.0, 0.0, 0.0, 0.0, 0.0, 0.0, 0.0, 0.0, 0.0, 0.0, 0.0, 0.0, 0.0, 0.0, 0.0, 0.0, 0.0, 0.0, 0.0, 0.0, 0.0, 0.0, 0.0, 0.0, 0.0, 0.0, 0.0, 0.0, 0.0, 0.0, 0.0, 0.0, 0.0, 0.0, 0.0, 0.0, 0.0, 0.0, 0.0, 0.0, 0.0, 0.0, 0.0, 0.0, 0.0, 0.0, 0.0, 0.0, 0.0, 0.0, 0.0, 0.0, 0.0, 0.0, 0.0, 0.0, 0.0, 0.0, 0.0, 0.0, 0.0, 0.0, 0.02500000037252903, 0.0, 0.0, 0.0, 0.0, 0.0, 0.03333333507180214, 0.0, 0.0, 0.0, 0.0, 0.05000000074505806, 0.0, 0.0, 0.0, 0.0, 0.0, 0.14166666567325592, 0.0, 0.0, 0.0, 0.0, 0.0, 0.0, 0.5583333373069763, 0.0, 0.0, 0.0, 0.0, 0.0, 0.19166666269302368, 0.0, 0.0, 0.0, 0.0, 0.0, 0.0, 0.0, 0.0, 0.0, 0.0, 0.0, 0.0, 0.0, 0.0, 0.0, 0.0, 0.0, 0.0, 0.0, 0.0, 0.0, 0.0, 0.0, 0.0, 0.0, 0.0, 0.0, 0.0, 0.0, 0.0, 0.0, 0.0, 0.0, 0.0, 0.0, 0.0, 0.0, 0.0, 0.0, 0.0, 0.0, 0.0, 0.0, 0.0, 0.0, 0.0, 0.0, 0.0, 0.0, 0.0, 0.0, 0.0, 0.0, 0.0, 0.0, 0.0, 0.0, 0.0], "tonal.chords_histogram": [13.325608253479004, 0.0, 0.11587485671043396, 0.0, 7.300116062164307, 8.458864212036133, 0.0, 0.0, 0.0, 7.184240818023682, 0.0, 15.527230262756348, 33.25608444213867, 2.085747480392456, 4.5191192626953125, 0.0, 0.8111239671707153, 0.0, 0.0, 0.3476245701313019, 0.11587485671043396, 6.7207417488098145, 0.23174971342086792, 0.0], "tonal.thpcp": [1.0, 0.9278872609138489, 0.6964997053146362, 0.5252332091331482, 0.4089084565639496, 0.3291480839252472, 0.2594970464706421, 0.21974821388721466, 0.21389956772327423, 0.2705444395542145, 0.3130103647708893, 0.26044508814811707, 0.19397073984146118, 0.18898369371891022, 0.3317284882068634, 0.6176629066467285, 0.540084958076477, 0.3809830844402313, 0.5045132637023926, 0.5395057797431946, 0.6475174427032471, 0.7018510699272156, 0.4805009365081787, 0.2942194938659668, 0.21733270585536957, 0.18029947578907013, 0.2668021619319916, 0.32795363664627075, 0.35380417108535767, 0.480561226606369, 0.775743842124939, 0.8484174013137817, 0.8843751549720764, 0.9546388387680054, 0.7525858879089355, 0.7926926016807556], "lowlevel.gfcc.cov": [[36913.078125, 2846.975341796875, -1740.056884765625, 1172.91455078125, -1154.964111328125, 65.87151336669922, -341.7500305175781, 643.0018310546875, -143.8138427734375, 352.1824645996094, -324.1406555175781, -84.00303649902344, -288.1432800292969], [2846.975341796875, 902.26318359375, -275.86761474609375, 233.4163818359375, 18.25202178955078, -61.30646896362305, 138.00265502929688, -17.49691390991211, 126.91697692871094, -72.9177474975586, 45.95960998535156, -97.33942413330078, 46.72517013549805], [-1740.056884765625, -275.86761474609375, 331.8720397949219, -47.649681091308594, 101.07720947265625, 38.6978645324707, 1.4633846282958984, -5.297863960266113, -0.663056492805481, 13.684267044067383, 4.118104457855225, 26.613475799560547, -0.009908533655107021], [1172.91455078125, 233.4163818359375, -47.649681091308594, 216.74851989746094, 69.85984802246094, 42.26519012451172, 68.90731811523438, 15.702180862426758, 47.872432708740234, -19.067651748657227, 0.4896220266819, -39.59971237182617, 6.953317642211914], [-1154.964111328125, 18.25202178955078, 101.07720947265625, 69.85984802246094, 244.1888427734375, 53.996253967285156, 124.29304504394531, 35.193763732910156, 48.441917419433594, 2.185067892074585, 11.456844329833984, -18.3823184967041, 28.283565521240234], [65.87151336669922, -61.30646896362305, 38.6978645324707, 42.26519012451172, 53.996253967285156, 103.98970794677734, 41.357975006103516, 40.98118591308594, -0.731605052947998, -0.25505852699279785, -17.459943771362305, -4.010408878326416, -9.382423400878906], [-341.7500305175781, 138.00265502929688, 1.4633846282958984, 68.90731811523438, 124.29304504394531, 41.357975006103516, 176.27114868164062, 33.63523483276367, 68.037841796875, -16.51209831237793, 26.340539932250977, -25.435983657836914, 29.248586654663086], [643.0018310546875, -17.49691390991211, -5.297863960266113, 15.702180862426758, 35.193763732910156, 40.98118591308594, 33.63523483276367, 117.43148040771484, 7.288278579711914, 51.3276252746582, -21.070262908935547, 4.2559404373168945, -5.994377136230469], [-143.8138427734375, 126.91697692871094, -0.663056492805481, 47.872432708740234, 48.441917419433594, -0.731605052947998, 68.037841796875, 7.288278579711914, 88.21063995361328, -1.5886045694351196, 34.50413131713867, -16.124317169189453, 21.906572341918945], [352.1824645996094, -72.9177474975586, 13.684267044067383, -19.067651748657227, 2.185067892074585, -0.25505852699279785, -16.51209831237793, 51.3276252746582, -1.5886045694351196, 84.20436096191406, 8.474711418151855, 28.723548889160156, -2.2622008323669434], [-324.1406555175781, 45.95960998535156, 4.118104457855225, 0.4896220266819, 11.456844329833984, -17.459943771362305, 26.340539932250977, -21.070262908935547, 34.50413131713867, 8.474711418151855, 59.89113235473633, 18.11117935180664, 26.430892944335938], [-84.00303649902344, -97.33942413330078, 26.613475799560547, -39.59971237182617, -18.3823184967041, -4.010408878326416, -25.435983657836914, 4.2559404373168945, -16.124317169189453, 28.723548889160156, 18.11117935180664, 57.175079345703125, 16.080339431762695], [-288.1432800292969, 46.72517013549805, -0.009908533655107021, 6.953317642211914, 28.283565521240234, -9.382423400878906, 29.248586654663086, -5.994377136230469, 21.906572341918945, -2.2622008323669434, 26.430892944335938, 16.080339431762695, 47.72213363647461]], "lowlevel.gfcc.icov": [[0.00016102951485663652, -0.0007090146536938846, 6.521563773276284e-05, -0.0006713168695569038, 0.0007934529567137361, -0.0003714769263751805, 7.93633225839585e-05, -0.00045761599903926253, 0.0004701953148469329, -0.0008611981756985188, 0.0007910457788966596, -0.0010725152678787708, 0.0007815095013938844], [-0.0007090146536938846, 0.0064815329387784, 0.0013731272192671895, 0.0004374626441858709, -0.002932510804384947, 0.004085681401193142, -0.001106797717511654, 0.0010421075858175755, -0.0034166662953794003, 0.005288734566420317, -0.0051184953190386295, 0.007939308881759644, -0.005361264571547508], [6.521563773276284e-05, 0.0013731272192671895, 0.005455610807985067, 3.592408029362559e-05, -0.0024464859161525965, -0.0007437329622916877, 0.0010857206070795655, 0.0009127148077823222, -0.002064542379230261, 0.0002911173505708575, 0.00010600747918942943, -0.0016171549214050174, 0.0012458986602723598], [-0.0006713168695569038, 0.0004374626441858709, 3.592408029362559e-05, 0.011692138388752937, -0.005157362204045057, -0.0033104002941399813, 0.0006986433290876448, 0.0032123958226293325, -0.003748046699911356, 0.002440039534121752, -0.0017422788077965379, 0.00505094463005662, -0.0027049912605434656], [0.0007934529567137361, -0.002932510804384947, -0.0024464859161525965, -0.005157362204045057, 0.013229632750153542, -0.002550203585997224, -0.004918800666928291, -0.0023071267642080784, 0.0029996053781360388, -0.006573894526809454, 0.004954326432198286, -0.0012841683346778154, -0.0012041229056194425], [-0.0003714769263751805, 0.004085681401193142, -0.0007437329622916877, -0.0033104002941399813, -0.002550203585997224, 0.018641838803887367, -0.003993989899754524, -0.004630692768841982, 0.00035350461257621646, 0.006808145437389612, -0.001079210895113647, -3.699359149322845e-05, 0.002052292227745056], [7.93633225839585e-05, -0.001106797717511654, 0.0010857206070795655, 0.0006986433290876448, -0.004918800666928291, -0.003993989899754524, 0.015363730490207672, -0.005113218445330858, -0.0041335769928991795, 0.004521477967500687, -0.005694213788956404, 0.0025069029070436954, -0.002046462381258607], [-0.00045761599903926253, 0.0010421075858175755, 0.0009127148077823222, 0.0032123958226293325, -0.0023071267642080784, -0.004630692768841982, -0.005113218445330858, 0.02216167561709881, -0.0046937414444983006, -0.012342781759798527, 0.011391005478799343, -9.34213530854322e-05, -0.0025846112985163927], [0.0004701953148469329, -0.0034166662953794003, -0.002064542379230261, -0.003748046699911356, 0.0029996053781360388, 0.00035350461257621646, -0.0041335769928991795, -0.0046937414444983006, 0.02668900601565838, -0.003998340107500553, -0.01099380012601614, 0.006168682593852282, -0.001465084496885538], [-0.0008611981756985188, 0.005288734566420317, 0.0002911173505708575, 0.002440039534121752, -0.006573894526809454, 0.006808145437389612, 0.004521477967500687, -0.012342781759798527, -0.003998340107500553, 0.031409818679094315, -0.014225181192159653, -0.002433188259601593, 0.002202394651249051], [0.0007910457788966596, -0.0051184953190386295, 0.00010600747918942943, -0.0017422788077965379, 0.004954326432198286, -0.001079210895113647, -0.005694213788956404, 0.011391005478799343, -0.01099380012601614, -0.014225181192159653, 0.045676764100790024, -0.02047232910990715, -0.0022134084720164537], [-0.0010725152678787708, 0.007939308881759644, -0.0016171549214050174, 0.00505094463005662, -0.0012841683346778154, -3.699359149322845e-05, 0.0025069029070436954, -9.34213530854322e-05, 0.006168682593852282, -0.002433188259601593, -0.02047232910990715, 0.05072033777832985, -0.024478944018483162], [0.0007815095013938844, -0.005361264571547508, 0.0012458986602723598, -0.0027049912605434656, -0.0012041229056194425, 0.002052292227745056, -0.002046462381258607, -0.0025846112985163927, -0.001465084496885538, 0.002202394651249051, -0.0022134084720164537, -0.024478944018483162, 0.0436149500310421]], "lowlevel.mfcc.cov": [[23043.44140625, 2225.235595703125, 72.97209930419922, 822.3085327148438, -107.16780853271484, -25.58371353149414, -50.10541534423828, 50.8554801940918, 172.39964294433594, 45.37732696533203, 230.3914031982422, 18.986541748046875, 98.28788757324219], [2225.235595703125, 636.4473876953125, -98.3838119506836, 224.07972717285156, -3.509134292602539, 42.90395736694336, 20.060449600219727, 52.56229782104492, 62.654823303222656, 47.89990997314453, 31.089040756225586, 7.726677417755127, 9.020669937133789], [72.97209930419922, -98.3838119506836, 178.54364013671875, -31.36495590209961, 25.003786087036133, 5.360197067260742, -22.134456634521484, -7.792483806610107, -27.292993545532227, -8.97722053527832, -13.1138277053833, -6.634622097015381, -7.670350551605225], [822.3085327148438, 224.07972717285156, -31.36495590209961, 209.72325134277344, 50.579105377197266, 68.01145935058594, 42.751312255859375, 44.541011810302734, 56.65846252441406, 43.803855895996094, 34.21481704711914, 9.67837905883789, 7.589267730712891], [-107.16780853271484, -3.509134292602539, 25.003786087036133, 50.579105377197266, 106.76251983642578, 42.15949630737305, 31.502031326293945, 21.08296012878418, 32.982704162597656, 20.476511001586914, 13.70837116241455, 6.37471342086792, 1.69542396068573], [-25.58371353149414, 42.90395736694336, 5.360197067260742, 68.01145935058594, 42.15949630737305, 95.5945053100586, 47.483680725097656, 47.068363189697266, 27.76934814453125, 27.941463470458984, 8.7166748046875, 1.12629234790802, -4.508330345153809], [-50.10541534423828, 20.060449600219727, -22.134456634521484, 42.751312255859375, 31.502031326293945, 47.483680725097656, 95.25469207763672, 53.191402435302734, 53.94749069213867, 28.429061889648438, 24.88389778137207, 9.746397972106934, 6.357677936553955], [50.8554801940918, 52.56229782104492, -7.792483806610107, 44.541011810302734, 21.08296012878418, 47.068363189697266, 53.191402435302734, 83.82122039794922, 50.62427520751953, 35.413116455078125, 12.298177719116211, 2.4612843990325928, -1.9950541257858276], [172.39964294433594, 62.654823303222656, -27.292993545532227, 56.65846252441406, 32.982704162597656, 27.76934814453125, 53.94749069213867, 50.62427520751953, 86.23039245605469, 44.95209884643555, 33.27788543701172, 11.978839874267578, 10.680974960327148], [45.37732696533203, 47.89990997314453, -8.97722053527832, 43.803855895996094, 20.476511001586914, 27.941463470458984, 28.429061889648438, 35.413116455078125, 44.95209884643555, 59.20903396606445, 28.02065658569336, 9.898954391479492, 0.3794618248939514], [230.3914031982422, 31.089040756225586, -13.1138277053833, 34.21481704711914, 13.70837116241455, 8.7166748046875, 24.88389778137207, 12.298177719116211, 33.27788543701172, 28.02065658569336, 51.58473587036133, 19.85068130493164, 12.908546447753906], [18.986541748046875, 7.726677417755127, -6.634622097015381, 9.67837905883789, 6.37471342086792, 1.12629234790802, 9.746397972106934, 2.4612843990325928, 11.978839874267578, 9.898954391479492, 19.85068130493164, 36.34160232543945, 20.792293548583984], [98.28788757324219, 9.020669937133789, -7.670350551605225, 7.589267730712891, 1.69542396068573, -4.508330345153809, 6.357677936553955, -1.9950541257858276, 10.680974960327148, 0.3794618248939514, 12.908546447753906, 20.792293548583984, 45.775856018066406]], "lowlevel.mfcc.icov": [[8.177594281733036e-05, -0.00029362220084294677, -0.00026009403518401086, -0.00010567814024398103, 0.0001367959484923631, 0.00012147420056862757, 3.57362769136671e-05, 2.6662868549465202e-05, -0.00012144284846726805, 0.00033652776619419456, -0.00042036492959596217, 0.00018543953774496913, -8.08325712569058e-05], [-0.00029362220084294677, 0.0040530250407755375, 0.0018277514027431607, -0.003106196178123355, 0.0007991816964931786, 0.0001444251975044608, 0.0011351570719853044, -0.001178581966087222, -2.891037001973018e-05, -0.0014223448233678937, 0.0018865261226892471, -0.0006777910166420043, 0.00022301400895230472], [-0.00026009403518401086, 0.0018277514027431607, 0.007895789109170437, 0.0006560040637850761, -0.002897114958614111, -0.0011427485151216388, 0.002111236797645688, -0.0017854382749646902, 0.002945695072412491, -0.001679812790825963, 0.0009898872813209891, 1.3998139365867246e-05, 7.738237763987854e-05], [-0.00010567814024398103, -0.003106196178123355, 0.0006560040637850761, 0.011888942681252956, -0.0031844289042055607, -0.005557924974709749, 0.00046806197497062385, 0.0010542406234890223, -0.0015417649410665035, -0.0009121666080318391, -0.002727590035647154, 0.000865795009303838, -0.0007274406380020082], [0.0001367959484923631, 0.0007991816964931786, -0.002897114958614111, -0.0031844289042055607, 0.014556637033820152, -0.003966130316257477, -0.0009104383643716574, 0.0030056596733629704, -0.0057419585064053535, 0.001112798578105867, 0.00020520546240732074, -0.0012758685043081641, 0.0007711983635090292], [0.00012147420056862757, 0.0001444251975044608, -0.0011427485151216388, -0.005557924974709749, -0.003966130316257477, 0.022197922691702843, -0.006931324489414692, -0.007079303730279207, 0.006895625963807106, -0.004374295938760042, 0.002610662253573537, 0.0005077716195955873, 0.0008883875561878085], [3.57362769136671e-05, 0.0011351570719853044, 0.002111236797645688, 0.00046806197497062385, -0.0009104383643716574, -0.006931324489414692, 0.02349899336695671, -0.007856398820877075, -0.008427047170698643, 0.005245889071375132, -0.005710165482014418, -0.0006755744107067585, -0.00043939310126006603], [2.6662868549465202e-05, -0.001178581966087222, -0.0017854382749646902, 0.0010542406234890223, 0.0030056596733629704, -0.007079303730279207, -0.007856398820877075, 0.028101494535803795, -0.010559652000665665, -0.005910501815378666, 0.006476233713328838, -7.049063697195379e-06, 0.0018982463516294956], [-0.00012144284846726805, -2.891037001973018e-05, 0.002945695072412491, -0.0015417649410665035, -0.0057419585064053535, 0.006895625963807106, -0.008427047170698643, -0.010559652000665665, 0.034559521824121475, -0.013197220861911774, -0.00574797997251153, 0.0030476723331958055, -0.005100218113511801], [0.00033652776619419456, -0.0014223448233678937, -0.001679812790825963, -0.0009121666080318391, 0.001112798578105867, -0.004374295938760042, 0.005245889071375132, -0.005910501815378666, -0.013197220861911774, 0.0377478264272213, -0.01347712