{"song_id": "1183708176810508349", "download": "https://cdn.discordapp.com/attachments/1128313332273782784/1183708176810508349/chirp.mp4?ex=65895125&amp", "lyrics": "-", "style": ["random"], "essentia_features": {"lowlevel.average_loudness": 0.9604144096374512, "lowlevel.barkbands_crest.mean": 12.365811347961426, "lowlevel.barkbands_crest.stdev": 5.127169609069824, "lowlevel.barkbands_flatness_db.mean": 0.19472789764404297, "lowlevel.barkbands_flatness_db.stdev": 0.06349755823612213, "lowlevel.barkbands_kurtosis.mean": 7.946465015411377, "lowlevel.barkbands_kurtosis.stdev": 17.957651138305664, "lowlevel.barkbands_skewness.mean": 1.9675127267837524, "lowlevel.barkbands_skewness.stdev": 1.7914119958877563, "lowlevel.barkbands_spread.mean": 22.23447036743164, "lowlevel.barkbands_spread.stdev": 17.883583068847656, "lowlevel.dissonance.mean": 0.4525158107280731, "lowlevel.dissonance.stdev": 0.03280120715498924, "lowlevel.dynamic_complexity": 2.154226064682007, "lowlevel.erbbands_crest.mean": 10.695121765136719, "lowlevel.erbbands_crest.stdev": 4.341554164886475, "lowlevel.erbbands_flatness_db.mean": 0.18665099143981934, "lowlevel.erbbands_flatness_db.stdev": 0.05096932500600815, "lowlevel.erbbands_kurtosis.mean": 0.808296263217926, "lowlevel.erbbands_kurtosis.stdev": 2.8627872467041016, "lowlevel.erbbands_skewness.mean": 0.39855197072029114, "lowlevel.erbbands_skewness.stdev": 0.865694522857666, "lowlevel.erbbands_spread.mean": 45.12432861328125, "lowlevel.erbbands_spread.stdev": 28.06528663635254, "lowlevel.hfc.mean": 29.11457061767578, "lowlevel.hfc.stdev": 27.275920867919922, "lowlevel.loudness_ebu128.integrated": -13.896617889404297, "lowlevel.loudness_ebu128.loudness_range": 2.0101747512817383, "lowlevel.loudness_ebu128.momentary.mean": -14.128030776977539, "lowlevel.loudness_ebu128.momentary.stdev": 1.5015933513641357, "lowlevel.loudness_ebu128.short_term.mean": -13.907572746276855, "lowlevel.loudness_ebu128.short_term.stdev": 0.6746200919151306, "lowlevel.melbands_crest.mean": 18.858596801757812, "lowlevel.melbands_crest.stdev": 8.413459777832031, "lowlevel.melbands_flatness_db.mean": 0.247516930103302, "lowlevel.melbands_flatness_db.stdev": 0.0856069028377533, "lowlevel.melbands_kurtosis.mean": 25.143142700195312, "lowlevel.melbands_kurtosis.stdev": 41.68113327026367, "lowlevel.melbands_skewness.mean": 3.3554446697235107, "lowlevel.melbands_skewness.stdev": 2.7388176918029785, "lowlevel.melbands_spread.mean": 21.146833419799805, "lowlevel.melbands_spread.stdev": 18.95554542541504, "lowlevel.pitch_salience.mean": 0.4670293629169464, "lowlevel.pitch_salience.stdev": 0.15351921319961548, "lowlevel.silence_rate_20dB.mean": 1.0, "lowlevel.silence_rate_20dB.stdev": 0.0, "lowlevel.silence_rate_30dB.mean": 0.8798842430114746, "lowlevel.silence_rate_30dB.stdev": 0.32509636878967285, "lowlevel.silence_rate_60dB.mean": 0.024602025747299194, "lowlevel.silence_rate_60dB.stdev": 0.15490935742855072, "lowlevel.spectral_centroid.mean": 1197.580810546875, "lowlevel.spectral_centroid.stdev": 729.0308837890625, "lowlevel.spectral_complexity.mean": 16.156295776367188, "lowlevel.spectral_complexity.stdev": 7.6826581954956055, "lowlevel.spectral_decrease.mean": -1.2742932931075757e-08, "lowlevel.spectral_decrease.stdev": 1.2039267360819395e-08, "lowlevel.spectral_energy.mean": 0.05073551833629608, "lowlevel.spectral_energy.stdev": 0.046008650213479996, "lowlevel.spectral_energyband_high.mean": 0.0020676488056778908, "lowlevel.spectral_energyband_high.stdev": 0.0032029589638113976, "lowlevel.spectral_energyband_low.mean": 0.028938591480255127, "lowlevel.spectral_energyband_low.stdev": 0.04396273195743561, "lowlevel.spectral_energyband_middle_high.mean": 0.006908349692821503, "lowlevel.spectral_energyband_middle_high.stdev": 0.009045299142599106, "lowlevel.spectral_energyband_middle_low.mean": 0.01304754801094532, "lowlevel.spectral_energyband_middle_low.stdev": 0.0168740414083004, "lowlevel.spectral_entropy.mean": 7.506658554077148, "lowlevel.spectral_entropy.stdev": 0.5141528844833374, "lowlevel.spectral_flux.mean": 0.10861490666866302, "lowlevel.spectral_flux.stdev": 0.0820196121931076, "lowlevel.spectral_kurtosis.mean": 5.166707515716553, "lowlevel.spectral_kurtosis.stdev": 7.455893516540527, "lowlevel.spectral_rms.mean": 0.006423197221010923, "lowlevel.spectral_rms.stdev": 0.002870645374059677, "lowlevel.spectral_rolloff.mean": 1439.608642578125, "lowlevel.spectral_rolloff.stdev": 1925.7208251953125, "lowlevel.spectral_skewness.mean": 1.6044727563858032, "lowlevel.spectral_skewness.stdev": 0.8567201495170593, "lowlevel.spectral_spread.mean": 5229711.0, "lowlevel.spectral_spread.stdev": 2346636.0, "lowlevel.spectral_strongpeak.mean": 1.0891090631484985, "lowlevel.spectral_strongpeak.stdev": 1.2206709384918213, "lowlevel.zerocrossingrate.mean": 0.05726316571235657, "lowlevel.zerocrossingrate.stdev": 0.044092997908592224, "metadata.audio_properties.analysis.equal_loudness": 0.0, "metadata.audio_properties.analysis.length": 15.999977111816406, "metadata.audio_properties.analysis.sample_rate": 44100.0, "metadata.audio_properties.analysis.start_time": 0.0, "metadata.audio_properties.bit_rate": 119186.0, "metadata.audio_properties.length": 16.0, "metadata.audio_properties.lossless": 0.0, "metadata.audio_properties.number_channels": 1.0, "metadata.audio_properties.replay_gain": -11.97012710571289, "metadata.audio_properties.sample_rate": 48000.0, "rhythm.beats_count": 25.0, "rhythm.beats_loudness.mean": 0.05187416449189186, "rhythm.beats_loudness.stdev": 0.04141012206673622, "rhythm.bpm": 96.99069213867188, "rhythm.bpm_histogram_first_peak_bpm": 98.0, "rhythm.bpm_histogram_first_peak_weight": 0.3333333134651184, "rhythm.bpm_histogram_second_peak_bpm": 0.0, "rhythm.bpm_histogram_second_peak_spread": 0.0, "rhythm.bpm_histogram_second_peak_weight": 0.0, "rhythm.danceability": 1.309621810913086, "rhythm.onset_rate": 4.43147087097168, "tonal.chords_changes_rate": 0.09826589375734329, "tonal.chords_number_rate": 0.02601156011223793, "tonal.chords_strength.mean": 0.42727595567703247, "tonal.chords_strength.stdev": 0.08335645496845245, "tonal.hpcp_crest.mean": 15.30497932434082, "tonal.hpcp_crest.stdev": 8.00351333618164, "tonal.hpcp_entropy.mean": 1.8863675594329834, "tonal.hpcp_entropy.stdev": 0.8186120986938477, "tonal.key_edma.strength": 0.6179689168930054, "tonal.key_krumhansl.strength": 0.6150459051132202, "tonal.key_temperley.strength": 0.6134514808654785, "tonal.tuning_diatonic_strength": 0.4989800453186035, "tonal.tuning_equal_tempered_deviation": 0.18533848226070404, "tonal.tuning_frequency": 434.193115234375, "tonal.tuning_nontempered_energy_ratio": 0.9561495780944824, "lowlevel.barkbands.mean": [0.004914531018584967, 0.0211059357970953, 0.0028078146278858185, 0.0014350602868944407, 0.003659849753603339, 0.005466114263981581, 0.000476397923193872, 0.0007442672504112124, 0.0010524600511416793, 0.002199907787144184, 0.0012619186891242862, 0.000985042075626552, 0.0009835724486038089, 0.0004164316051173955, 0.00020574401423800737, 0.0003187358670402318, 0.0003405465104151517, 0.0001371235412079841, 0.00011737333989003673, 7.221622945507988e-05, 7.906951941549778e-05, 0.0008326059905812144, 0.0008142940932884812, 0.00015552184777334332, 0.00012957742728758603, 2.3437489289790392e-05, 6.2571037240388705e-09], "lowlevel.barkbands.stdev": [0.009033643640577793, 0.03855666518211365, 0.010658062063157558, 0.006964629981666803, 0.008024889975786209, 0.006572599522769451, 0.0009716220665723085, 0.0018746987916529179, 0.0016937416512519121, 0.005143101327121258, 0.00335520226508379, 0.0017931642942130566, 0.0022307541221380234, 0.00074199732625857, 0.0003385426534805447, 0.0007497551268897951, 0.0006597024039365351, 0.0002967526379507035, 0.0002605438057798892, 0.00017358821060042828, 0.0001920290815178305, 0.001437572413124144, 0.0013405546778813004, 0.00033806139254011214, 0.0002497843815945089, 6.602915527764708e-05, 4.711637302534655e-08], "lowlevel.erbbands.mean": [0.9611940979957581, 3.3657138347625732, 3.736224889755249, 4.107483863830566, 6.339130878448486, 13.100017547607422, 33.89619064331055, 44.22283172607422, 9.926114082336426, 11.698077201843262, 18.05397605895996, 22.45013999938965, 52.803123474121094, 69.72274017333984, 42.6436767578125, 37.444881439208984, 48.07588577270508, 24.41727066040039, 15.889756202697754, 12.936983108520508, 19.569395065307617, 18.948823928833008, 8.49107551574707, 6.602776527404785, 5.110076904296875, 3.3933544158935547, 2.9083361625671387, 4.152687072753906, 20.35144805908203, 47.38587188720703, 16.263559341430664, 3.8574087619781494, 2.6970224380493164, 1.9747908115386963, 0.6180702447891235, 0.18028825521469116, 0.028710559010505676, 0.0016234500799328089, 7.431896665366367e-05, 6.500578456325457e-05], "lowlevel.erbbands.stdev": [1.6267699003219604, 7.534485816955566, 11.86091136932373, 19.042816162109375, 24.58998680114746, 29.63229751586914, 67.40194702148438, 45.880191802978516, 16.064048767089844, 18.12642478942871, 43.987457275390625, 33.169273376464844, 120.2575912475586, 151.6728973388672, 70.96891784667969, 73.62653350830078, 105.75218963623047, 41.87853240966797, 25.180147171020508, 24.07622718811035, 41.494544982910156, 32.13311767578125, 15.419769287109375, 16.021434783935547, 10.974692344665527, 8.283173561096191, 7.779921531677246, 8.263235092163086, 36.00843048095703, 78.56236267089844, 27.486968994140625, 8.035621643066406, 5.821615695953369, 3.869065523147583, 1.2172346115112305, 0.4421136677265167, 0.09559740126132965, 0.006211221683770418, 0.0001404606446158141, 5.331928332452662e-05], "lowlevel.gfcc.mean": [-11.13071346282959, 106.78878021240234, -120.19639587402344, 29.235305786132812, -68.20640563964844, 37.787322998046875, -34.66722869873047, 3.991241216659546, -7.508021831512451, -2.5903384685516357, -1.9206074476242065, 15.68685531616211, 0.8603464365005493], "lowlevel.melbands.mean": [0.00736429775133729, 0.0026403656229376793, 0.0007749949581921101, 0.000663451908621937, 0.0011008819565176964, 0.0009777414379641414, 0.00014243987970985472, 0.00013985930127091706, 0.00014587263285648078, 0.0001423025387339294, 0.0002806401753332466, 0.00030489888740703464, 0.00015933015674818307, 0.0001200921687996015, 7.252073555719107e-05, 0.00011241257016081363, 3.6613324482459575e-05, 2.8609525543288328e-05, 1.5157347661443055e-05, 1.964723014680203e-05, 2.3542037524748594e-05, 2.1899131752434187e-05, 1.0637040759320371e-05, 5.464167315949453e-06, 5.375862656364916e-06, 4.213071861158824e-06, 2.956197022285778e-06, 2.062568228211603e-06, 1.6984753301585442e-06, 1.930503913172288e-06, 2.2210972474567825e-06, 7.658784852537792e-06, 2.3681268430664204e-05, 2.7416155717219226e-05, 1.082825201592641e-05, 3.2966261187539203e-06, 1.8330290458834497e-06, 1.8121162383977207e-06, 1.8649308231033501e-06, 1.6175874861801276e-06], "lowlevel.melbands.stdev": [0.012301825918257236, 0.006335284095257521, 0.0033018861431628466, 0.0018030487699434161, 0.001962637063115835, 0.0010230685584247112, 0.0002464823774062097, 0.0002446018625050783, 0.00034402034361846745, 0.0002205656055593863, 0.0006645685061812401, 0.0006447728956118226, 0.0003384044684935361, 0.00021188208484090865, 0.0001483170490246266, 0.00028393662068992853, 7.028566324152052e-05, 4.9573507567401975e-05, 2.6310035536880605e-05, 5.0895461754407734e-05, 5.283303835312836e-05, 3.9964714233065024e-05, 1.9001012333319522e-05, 1.2248659004399087e-05, 1.353618335997453e-05, 9.598905307939276e-06, 6.391006536432542e-06, 5.30253282704507e-06, 4.651124527299544e-06, 5.124571998749161e-06, 4.623134827852482e-06, 1.4560743693436962e-05, 4.137974246987142e-05, 4.553665348794311e-05, 1.878831972135231e-05, 6.9383791014843155e-06, 4.2697834032878745e-06, 4.168368377577281e-06, 3.943068804801442e-06, 3.1077679523150437e-06], "lowlevel.melbands128.mean": [0.004293330479413271, 0.008995474316179752, 0.008549918420612812, 0.004576710052788258, 0.0022066188976168633, 0.0012440771097317338, 0.0008063341374509037, 0.0007094574393704534, 0.0005991148645989597, 0.0006087063811719418, 0.0007219695253297687, 0.0008649296360090375, 0.00106248096562922, 0.0016212541377171874, 0.0011749290861189365, 0.0006244317046366632, 0.0001343334442935884, 6.506942736450583e-05, 0.00010546760313445702, 0.00013620624667964876, 0.00014090044714976102, 0.00021249480778351426, 0.00010690707858884707, 0.00013413597480393946, 0.0001527186977909878, 0.00012095719284843653, 0.00019353243988007307, 0.0001873224973678589, 0.0005448772571980953, 0.00028442181064747274, 0.00026001210790127516, 0.0002415078633930534, 0.00016028445679694414, 7.413765706587583e-05, 0.0001527972926851362, 0.0001284632453462109, 8.399615035159513e-05, 5.803155727335252e-05, 5.4876614740351215e-05, 0.00015780178364366293, 0.0001292712113354355, 3.724592534126714e-05, 3.309040403109975e-05, 3.415992614463903e-05, 4.8414534830953926e-05, 2.2201529645826668e-05, 1.552787762193475e-05, 1.4015291526447982e-05, 1.6145342669915408e-05, 1.6063821021816693e-05, 2.1945310436422005e-05, 1.9107526895822957e-05, 2.438246156089008e-05, 2.6510257157497108e-05, 2.1086374545120634e-05, 2.683039019757416e-05, 1.613362655916717e-05, 1.117824467655737e-05, 9.931784006766975e-06, 6.893241788930027e-06, 3.931630999431945e-06, 5.521256753127091e-06, 5.909445462748408e-06, 5.156467977940338e-06, 4.894467565463856e-06, 4.250483925716253e-06, 4.046787125844276e-06, 2.7833800686494214e-06, 3.097272838203935e-06, 2.6216741844109492e-06, 1.8152958318751189e-06, 1.95459756469063e-06, 1.8257758256368106e-06, 1.6136267504407442e-06, 1.5316948065446923e-06, 2.1608229872072116e-06, 2.0417978703335393e-06, 1.5871113419052563e-06, 2.2139108750707237e-06, 2.515336746000685e-06, 5.234916443441762e-06, 9.853116353042424e-06, 1.3736881555814762e-05, 2.5388149879290722e-05, 3.168284456478432e-05, 3.063843178097159e-05, 2.561476139817387e-05, 2.2018253730493598e-05, 8.109256668831222e-06, 5.027755832998082e-06, 4.202201125735883e-06, 2.695095190574648e-06, 2.0063389456481673e-06, 1.8397669236946967e-06, 1.65362371262745e-06, 1.6380138276872458e-06, 1.9401443296374055e-06, 1.9624251308414387e-06, 1.8274439526067e-06, 1.7811631778386072e-06, 1.9754038476094138e-06, 1.7338002180622425e-06, 1.035081481859379e-06, 7.570341153950721e-07, 6.069879532333289e-07, 5.613678126792365e-07, 4.7235789679689333e-07, 3.9071386481737136e-07, 3.038509532871103e-07, 2.154610712068461e-07, 1.3331076331724034e-07, 1.0765502622689382e-07, 8.130255935157038e-08, 3.906338719161795e-08, 3.6878866183087666e-08, 5.205605280167447e-09, 1.7487464254450913e-10, 1.904184102063944e-11, 2.458085297807333e-11, 9.743999010436433e-12, 8.362713299625568e-12, 8.047900887375725e-12, 7.828978784707452e-12, 7.692155072624995e-12, 7.547939703811402e-12, 7.394729793774868e-12, 7.300257620634909e-12, 7.255150473450822e-12], "lowlevel.melbands128.stdev": [0.007819373160600662, 0.015028285793960094, 0.01788436435163021, 0.011437675915658474, 0.007009041029959917, 0.004997828509658575, 0.0041444809176027775, 0.0032259109430015087, 0.002727318787947297, 0.0021117900032550097, 0.001938207889907062, 0.0019026421941816807, 0.00317054963670671, 0.0023499063681811094, 0.0012356725055724382, 0.0013097733026370406, 0.00028842707979492843, 0.00022023735800758004, 0.00021657471370417625, 0.00024924814351834357, 0.00037392418016679585, 0.0006482666358351707, 0.00043036052375100553, 0.000340429280186072, 0.0003037549613509327, 0.0002607779751997441, 0.0005214170669205487, 0.0005873669288121164, 0.0016963903326541185, 0.0006444480386562645, 0.0010154158808290958, 0.0008283657371066511, 0.0004163068952038884, 0.00017324305372312665, 0.0002935473166871816, 0.00029363599605858326, 0.0002684771898202598, 0.00016418055747635663, 0.00012563980999402702, 0.0004184909048490226, 0.0003936162102036178, 0.00010791570093715563, 8.518743561580777e-05, 8.55132020660676e-05, 0.00011260381870670244, 4.318690116633661e-05, 3.5200457205064595e-05, 3.7557441828539595e-05, 3.144975926261395e-05, 3.626094985520467e-05, 9.108815720537677e-05, 4.4292843085713685e-05, 6.782497803214937e-05, 8.40661596157588e-05, 6.138520984677598e-05, 5.420183515525423e-05, 2.8487787858466618e-05, 3.203489541192539e-05, 2.0219709767843597e-05, 1.7075783034670167e-05, 8.089601578831207e-06, 1.6966920156846754e-05, 1.833793612604495e-05, 1.3605800631921738e-05, 1.357040491711814e-05, 1.1513888239278458e-05, 9.93714184005512e-06, 5.806245553685585e-06, 7.312201432796428e-06, 7.132106020435458e-06, 5.356220754038077e-06, 5.242049155640416e-06, 5.6044837037916295e-06, 4.877124865743099e-06, 4.6546865632990375e-06, 6.246421435207594e-06, 5.572075679083355e-06, 3.648360689112451e-06, 5.027973202231806e-06, 5.697369488188997e-06, 1.1594052011787426e-05, 1.9762055671890266e-05, 3.1479015888180584e-05, 4.684334635385312e-05, 5.963163494016044e-05, 5.880315802642144e-05, 4.663097934098914e-05, 4.120668745599687e-05, 1.5685634934925474e-05, 1.1575308235478587e-05, 9.513789336779155e-06, 6.235052296688082e-06, 5.069791313871974e-06, 4.46555350208655e-06, 4.273879312677309e-06, 4.900662588624982e-06, 4.80709195471718e-06, 4.248837740306044e-06, 4.250636720826151e-06, 4.039677151013166e-06, 4.002967671112856e-06, 3.487432195470319e-06, 2.0164825400570408e-06, 1.590365855008713e-06, 1.5093293086465565e-06, 1.1320906878609094e-06, 1.0602420843497384e-06, 9.883599432214396e-07, 8.735628966860531e-07, 6.549063300553826e-07, 4.901744432572741e-07, 4.230607260069519e-07, 3.170078173297952e-07, 1.8665087964109262e-07, 1.971901895103656e-07, 3.327382458451211e-08, 1.5685860388359174e-09, 2.5056692831704197e-10, 4.1343387047199087e-10, 3.3679080357895685e-11, 1.3322716194141826e-11, 1.274168097420425e-11, 1.246793293607773e-11, 1.2253768312542324e-11, 1.2075497719810091e-11, 1.1929890235407026e-11, 1.182650418568576e-11, 1.176207742314972e-11], "lowlevel.mfcc.mean": [-648.2880859375, 129.5737762451172, 9.203689575195312, 0.2518835961818695, 1.9029204845428467, 20.773624420166016, -7.663885116577148, 19.655109405517578, -3.467102527618408, -7.117044925689697, 9.882583618164062, -9.016572952270508, 14.509053230285645], "lowlevel.spectral_contrast_coeffs.mean": [-0.6843509674072266, -0.7174395322799683, -0.7688215374946594, -0.7963926196098328, -0.7900132536888123, -0.7208154201507568], "lowlevel.spectral_contrast_coeffs.stdev": [0.09799430519342422, 0.07445627450942993, 0.07618675380945206, 0.0543157234787941, 0.04066450893878937, 0.055160608142614365], "lowlevel.spectral_contrast_valleys.mean": [-6.922828197479248, -6.956854820251465, -6.928802013397217, -7.519274711608887, -8.140220642089844, -10.504220008850098], "lowlevel.spectral_contrast_valleys.stdev": [0.9865338802337646, 0.8208438158035278, 0.8086174726486206, 0.819648265838623, 1.016430377960205, 1.6301366090774536], "rhythm.beats_loudness_band_ratio.mean": [0.27723419666290283, 0.21249976754188538, 0.0608835369348526, 0.2556341886520386, 0.08513092249631882, 0.12216231971979141], "rhythm.beats_loudness_band_ratio.stdev": [0.28365880250930786, 0.19425955414772034, 0.03016846440732479, 0.19779561460018158, 0.05765628069639206, 0.10536673665046692], "tonal.hpcp.mean": [0.14146201312541962, 0.1462838351726532, 0.0911538377404213, 0.07590062916278839, 0.0626072958111763, 0.07093992084264755, 0.15498672425746918, 0.20720289647579193, 0.16584360599517822, 0.18321552872657776, 0.17105136811733246, 0.08952575922012329, 0.10571440309286118, 0.11925570666790009, 0.08249370753765106, 0.08455057442188263, 0.07586982846260071, 0.052371229976415634, 0.04622042551636696, 0.036528367549180984, 0.03224501013755798, 0.20493899285793304, 0.2765392065048218, 0.11270500719547272, 0.06453811377286911, 0.05488560348749161, 0.03162549063563347, 0.17042073607444763, 0.20982083678245544, 0.07861054688692093, 0.04624548554420471, 0.047912657260894775, 0.051081523299217224, 0.09338197112083435, 0.10807716846466064, 0.0889458879828453], "tonal.hpcp.stdev": [0.2659383714199066, 0.27286452054977417, 0.20485113561153412, 0.20194923877716064, 0.16885995864868164, 0.17817629873752594, 0.24345837533473969, 0.31028735637664795, 0.254621684551239, 0.33364564180374146, 0.3145831823348999, 0.20348039269447327, 0.2132885754108429, 0.23020538687705994, 0.16918064653873444, 0.2057466357946396, 0.20706459879875183, 0.15709194540977478, 0.1404605656862259, 0.1126168742775917, 0.0917210802435875, 0.27929216623306274, 0.38115206360816956, 0.1583709716796875, 0.15271782875061035, 0.1403283327817917, 0.10149125754833221, 0.2570202052593231, 0.3001571595668793, 0.14732182025909424, 0.14687050879001617, 0.1466059684753418, 0.15169987082481384, 0.2214236557483673, 0.23355676233768463, 0.1795559972524643], "rhythm.beats_position": [0.6617686748504639, 1.300317406654358, 1.9272562265396118, 2.5425848960876465, 3.1579136848449707, 3.7848525047302246, 4.400181293487549, 5.015510082244873, 5.642448902130127, 6.257777690887451, 6.873106479644775, 7.4884352684021, 8.103763580322266, 8.707483291625977, 9.334421157836914, 9.949749946594238, 10.565078735351562, 11.180407524108887, 11.795736312866211, 12.422675132751465, 13.049613952636719, 13.664942741394043, 14.280271530151367, 14.883990287780762, 15.510929107666016], "rhythm.bpm_histogram": [0.0, 0.0, 0.0, 0.0, 0.0, 0.0, 0.0, 0.0, 0.0, 0.0, 0.0, 0.0, 0.0, 0.0, 0.0, 0.0, 0.0, 0.0, 0.0, 0.0, 0.0, 0.0, 0.0, 0.0, 0.0, 0.0, 0.0, 0.0, 0.0, 0.0, 0.0, 0.0, 0.0, 0.0, 0.0, 0.0, 0.0, 0.0, 0.0, 0.0, 0.0, 0.0, 0.0, 0.0, 0.0, 0.0, 0.0, 0.0, 0.0, 0.0, 0.0, 0.0, 0.0, 0.0, 0.0, 0.0, 0.0, 0.0, 0.0, 0.0, 0.0, 0.0, 0.0, 0.0, 0.0, 0.0, 0.0, 0.0, 0.0, 0.0, 0.0, 0.0, 0.0, 0.0, 0.0, 0.0, 0.0, 0.0, 0.0, 0.0, 0.0, 0.0, 0.0, 0.0, 0.0, 0.0, 0.0, 0.0, 0.0, 0.0, 0.0, 0.0, 0.0, 0.0, 0.0416666679084301, 0.0, 0.2916666567325592, 0.0, 0.5833333134651184, 0.0833333358168602, 0.0, 0.0, 0.0, 0.0, 0.0, 0.0, 0.0, 0.0, 0.0, 0.0, 0.0, 0.0, 0.0, 0.0, 0.0, 0.0, 0.0, 0.0, 0.0, 0.0, 0.0, 0.0, 0.0, 0.0, 0.0, 0.0, 0.0, 0.0, 0.0, 0.0, 0.0, 0.0, 0.0, 0.0, 0.0, 0.0, 0.0, 0.0, 0.0, 0.0, 0.0, 0.0, 0.0, 0.0, 0.0, 0.0, 0.0, 0.0, 0.0, 0.0, 0.0, 0.0, 0.0, 0.0, 0.0, 0.0, 0.0, 0.0, 0.0, 0.0, 0.0, 0.0, 0.0, 0.0, 0.0, 0.0, 0.0, 0.0, 0.0, 0.0, 0.0, 0.0, 0.0, 0.0, 0.0, 0.0, 0.0, 0.0, 0.0, 0.0, 0.0, 0.0, 0.0, 0.0, 0.0, 0.0, 0.0, 0.0, 0.0, 0.0, 0.0, 0.0, 0.0, 0.0, 0.0, 0.0, 0.0, 0.0, 0.0, 0.0, 0.0, 0.0, 0.0, 0.0, 0.0, 0.0, 0.0, 0.0, 0.0, 0.0, 0.0, 0.0, 0.0, 0.0, 0.0, 0.0, 0.0, 0.0, 0.0, 0.0, 0.0, 0.0, 0.0, 0.0, 0.0, 0.0, 0.0, 0.0, 0.0, 0.0, 0.0, 0.0, 0.0, 0.0, 0.0, 0.0, 0.0, 0.0, 0.0, 0.0, 0.0, 0.0, 0.0, 0.0, 0.0, 0.0, 0.0, 0.0, 0.0, 0.0], "tonal.chords_histogram": [8.381503105163574, 23.988439559936523, 11.271676063537598, 0.0, 13.294797897338867, 0.0, 1.1560693979263306, 0.0, 0.0, 0.0, 0.0, 0.0, 0.0, 0.0, 0.0, 0.0, 0.0, 19.653179168701172, 0.0, 8.092485427856445, 0.5780346989631653, 12.138728141784668, 1.1560693979263306, 0.28901734948158264], "tonal.thpcp": [1.0, 0.4075552523136139, 0.23337781429290771, 0.19847314059734344, 0.11436168849468231, 0.6162624955177307, 0.758738100528717, 0.2842654585838318, 0.16722939908504486, 0.17325809597969055, 0.1847171038389206, 0.33768075704574585, 0.3908204138278961, 0.3216393291950226, 0.5115441679954529, 0.5289804339408875, 0.3296235501766205, 0.27446606755256653, 0.22639572620391846, 0.25652754306793213, 0.5604511499404907, 0.7492713332176208, 0.599711000919342, 0.6625300049781799, 0.6185429096221924, 0.3237362205982208, 0.38227635622024536, 0.4312433898448944, 0.2983074486255646, 0.30574533343315125, 0.2743546962738037, 0.18938085436820984, 0.16713878512382507, 0.13209110498428345, 0.11660195142030716, 0.7410847544670105], "lowlevel.gfcc.cov": [[6425.744140625, -1988.2579345703125, 351.7931823730469, 657.9533081054688, -693.6973266601562, 756.0038452148438, -489.6288146972656, 362.3583068847656, -332.9891052246094, 114.55574035644531, -312.6981506347656, 318.9386901855469, -51.65293884277344], [-1988.2579345703125, 2495.901123046875, -388.0183410644531, -400.3222351074219, 570.4320068359375, -681.3308715820312, 411.69134521484375, -359.059814453125, 318.6334533691406, -190.64895629882812, 332.2576904296875, -283.8274841308594, 100.58848571777344], [351.7931823730469, -388.0183410644531, 898.562255859375, 506.9258728027344, -110.7504653930664, 412.05841064453125, -75.34268188476562, 28.590486526489258, 108.63047790527344, 61.84803009033203, -6.8761749267578125, 90.78646087646484, 24.584821701049805], [657.9533081054688, -400.3222351074219, 506.9258728027344, 711.0516967773438, -110.59844970703125, 308.40179443359375, -42.92574691772461, -3.661538600921631, 141.2875518798828, 14.836612701416016, 7.846229553222656, 57.73866653442383, 56.511837005615234], [-693.6973266601562, 570.4320068359375, -110.7504653930664, -110.59844970703125, 527.8643798828125, -170.6770782470703, 172.61163330078125, 70.02241516113281, 54.456085205078125, 17.488929748535156, 74.4460678100586, -53.79361343383789, 12.034918785095215], [756.0038452148438, -681.3308715820312, 412.05841064453125, 308.40179443359375, -170.6770782470703, 564.3824462890625, 20.847997665405273, 127.09413146972656, 67.08177947998047, 82.72282409667969, -16.905256271362305, 112.65437316894531, -7.844821929931641], [-489.6288146972656, 411.69134521484375, -75.34268188476562, -42.92574691772461, 172.61163330078125, 20.847997665405273, 366.4924011230469, 10.303739547729492, 129.76437377929688, 32.01622009277344, 120.19445037841797, -34.714420318603516, 10.451603889465332], [362.3583068847656, -359.059814453125, 28.590486526489258, -3.661538600921631, 70.02241516113281, 127.09413146972656, 10.303739547729492, 241.43296813964844, -15.320610046386719, 78.19011688232422, -46.50783920288086, 65.62516784667969, -16.442066192626953], [-332.9891052246094, 318.6334533691406, 108.63047790527344, 141.2875518798828, 54.456085205078125, 67.08177947998047, 129.76437377929688, -15.320610046386719, 274.00897216796875, 31.780004501342773, 133.20181274414062, 10.802276611328125, 77.24674224853516], [114.55574035644531, -190.64895629882812, 61.84803009033203, 14.836612701416016, 17.488929748535156, 82.72282409667969, 32.01622009277344, 78.19011688232422, 31.780004501342773, 135.7174072265625, 27.35941505432129, 64.17124938964844, 5.6668829917907715], [-312.6981506347656, 332.2576904296875, -6.8761749267578125, 7.846229553222656, 74.4460678100586, -16.905256271362305, 120.19445037841797, -46.50783920288086, 133.20181274414062, 27.35941505432129, 200.32208251953125, 4.455875873565674, 69.49261474609375], [318.9386901855469, -283.8274841308594, 90.78646087646484, 57.73866653442383, -53.79361343383789, 112.65437316894531, -34.714420318603516, 65.62516784667969, 10.802276611328125, 64.17124938964844, 4.455875873565674, 145.17005920410156, 61.65363311767578], [-51.65293884277344, 100.58848571777344, 24.584821701049805, 56.511837005615234, 12.034918785095215, -7.844821929931641, 10.451603889465332, -16.442066192626953, 77.24674224853516, 5.6668829917907715, 69.49261474609375, 61.65363311767578, 131.74066162109375]], "lowlevel.gfcc.icov": [[0.0003300732059869915, -0.0003624057280831039, 0.0003402435395400971, -0.0005776263424195349, 0.0004640076367650181, -0.00048701546620577574, 0.0003671164158731699, -0.000684825936332345, 0.0008005836280062795, -0.00032207812182605267, 2.987342122651171e-05, -0.00044833673746325076, 0.00014291373372543603], [-0.0003624057280831039, 0.0031391880474984646, -0.0011894191848114133, 0.002082945080474019, -0.0021384579595178366, 0.002361374907195568, -0.001665547606535256, 0.002968729240819812, -0.0035960266832262278, 0.002719842130318284, -0.0009722989634610713, 0.0019005326321348548, -0.000756890804041177], [0.0003402435395400971, -0.0011894191848114133, 0.0030212420970201492, -0.00212119217030704, 0.0004524481773842126, -0.002396357012912631, 0.0015154652064666152, -0.0005587031482718885, 0.0012700464576482773, -0.0016167389694601297, 0.0004664263688027859, -0.0011356861796230078, 0.000623981177341193], [-0.0005776263424195349, 0.002082945080474019, -0.00212119217030704, 0.0045837112702429295, -0.0016658921958878636, 0.0009769018506631255, -0.0009682044037617743, 0.0027102911844849586, -0.0038741370663046837, 0.002176206326112151, 7.88807010394521e-05, 0.0019998077768832445, -0.001561336568556726], [0.0004640076367650181, -0.0021384579595178366, 0.0004524481773842126, -0.0016658921958878636, 0.004876789171248674, -0.0001515748881502077, -8.9550121629145e-05, -0.0044238148257136345, 0.002859341213479638, -0.001889471081085503, -9.983759082388133e-05, -0.0003129856486339122, 4.91618957312312e-05], [-0.00048701546620577574, 0.002361374907195568, -0.002396357012912631, 0.0009769018506631255, -0.0001515748881502077, 0.0066131227649748325, -0.002791127422824502, 0.0002774306631181389, -0.0032548350282013416, 0.002351587638258934, -0.0010345653863623738, -0.0004941458464600146, 0.0012822208227589726], [0.0003671164158731699, -0.001665547606535256, 0.0015154652064666152, -0.0009682044037617743, -8.9550121629145e-05, -0.002791127422824502, 0.005812447983771563, -0.0014045325806364417, 0.0006186056998558342, -0.0020350420381873846, -0.0010953133460134268, -3.66922868124675e-05, 0.0010734695242717862], [-0.000684825936332345, 0.002968729240819812, -0.0005587031482718885, 0.0027102911844849586, -0.0044238148257136345, 0.0002774306631181389, -0.0014045325806364417, 0.011111780069768429, -0.004197155125439167, -0.00021799391834065318, 0.0018103050533682108, -0.0002653157280292362, -3.505016502458602e-05], [0.0008005836280062795, -0.0035960266832262278, 0.0012700464576482773, -0.0038741370663046837, 0.002859341213479638, -0.0032548350282013416, 0.0006186056998558342, -0.004197155125439167, 0.012060198932886124, -0.004076685756444931, -0.001980195287615061, -0.000536319799721241, -0.002144157188013196], [-0.00032207812182605267, 0.002719842130318284, -0.0016167389694601297, 0.002176206326112151, -0.001889471081085503, 0.002351587638258934, -0.0020350420381873846, -0.00021799391834065318, -0.004076685756444931, 0.014898800291121006, -0.0034062026534229517, -0.00425871042534709, 0.0031514125876128674], [2.987342122651171e-05, -0.0009722989634610713, 0.0004664263688027859, 7.88807010394521e-05, -9.983759082388133e-05, -0.0010345653863623738, -0.0010953133460134268, 0.0018103050533682108, -0.001980195287615061, -0.0034062026534229517, 0.010699661448597908, 0.0002279864565934986, -0.003549538552761078], [-0.00044833673746325076, 0.0019005326321348548, -0.0011356861796230078, 0.0019998077768832445, -0.0003129856486339122, -0.0004941458464600146, -3.66922868124675e-05, -0.0002653157280292362, -0.000536319799721241, -0.00425871042534709, 0.0002279864565934986, 0.01824210025370121, -0.010463609360158443], [0.00014291373372543603, -0.000756890804041177, 0.000623981177341193, -0.001561336568556726, 4.91618957312312e-05, 0.0012822208227589726, 0.0010734695242717862, -3.505016502458602e-05, -0.002144157188013196, 0.0031514125876128674, -0.003549538552761078, -0.010463609360158443, 0.016651185229420662]], "lowlevel.mfcc.cov": [[4730.23046875, -2245.277099609375, 891.8196411132812, -161.599609375, 112.18092346191406, 89.85752868652344, -22.64698028564453, 187.93650817871094, 17.280481338500977, -34.862369537353516, -184.26095581054688, -1.9816802740097046, 13.440255165100098], [-2245.277099609375, 2677.058349609375, -1044.2301025390625, 225.84469604492188, -126.53221130371094, -210.9174346923828, 47.663875579833984, -164.91067504882812, -73.86322784423828, 34.03046417236328, 93.24443054199219, -30.244230270385742, -40.09153747558594], [891.8196411132812, -1044.2301025390625, 1358.175537109375, 18.64813995361328, 186.39862060546875, 387.89080810546875, -120.93301391601562, 175.27804565429688, 12.482640266418457, 46.183345794677734, -10.88841724395752, 64.54876708984375, 56.05044174194336], [-161.599609375, 225.84469604492188, 18.64813995361328, 397.72564697265625, 100.54149627685547, 53.10951232910156, -6.050943851470947, -5.814803600311279, 35.20854949951172, 28.567054748535156, -29.98341178894043, 42.89850997924805, 28.89979362487793], [112.18092346191406, -126.53221130371094, 186.39862060546875, 100.54149627685547, 322.9433288574219, 49.79219436645508, 0.4826849400997162, 57.105926513671875, 40.33672332763672, 36.124366760253906, -10.574241638183594, 29.347686767578125, 57.2203254699707], [89.85752868652344, -210.9174346923828, 387.89080810546875, 53.10951232910156, 49.79219436645508, 295.5466613769531, 29.47944450378418, 103.25614929199219, 42.69351577758789, 44.88234329223633, 68.26535034179688, 39.86286544799805, 39.9351806640625], [-22.64698028564453, 47.663875579833984, -120.93301391601562, -6.050943851470947, 0.4826849400997162, 29.47944450378418, 206.73794555664062, 51.804500579833984, 29.072723388671875, 40.43629455566406, 61.73104476928711, 8.684392929077148, 5.6633734703063965], [187.93650817871094, -164.91067504882812, 175.27804565429688, -5.814803600311279, 57.105926513671875, 103.25614929199219, 51.804500579833984, 170.5236358642578, 70.51632690429688, 53.674949645996094, 51.821380615234375, 28.376577377319336, 44.57956314086914], [17.280481338500977, -73.86322784423828, 12.482640266418457, 35.20854949951172, 40.33672332763672, 42.69351577758789, 29.072723388671875, 70.51632690429688, 139.2026824951172, 23.160245895385742, 55.94635009765625, -1.9462220668792725, 58.83445358276367], [-34.862369537353516, 34.03046417236328, 46.183345794677734, 28.567054748535156, 36.124366760253906, 44.88234329223633, 40.43629455566406, 53.674949645996094, 23.160245895385742, 145.2959747314453, 41.7081298828125, 67.72814178466797, 4.927732467651367], [-184.26095581054688, 93.24443054199219, -10.88841724395752, -29.98341178894043, -10.574241638183594, 68.26535034179688, 61.73104476928711, 51.821380615234375, 55.94635009765625, 41.7081298828125, 157.97384643554688, 13.174386978149414, 57.15400695800781], [-1.9816802740097046, -30.244230270385742, 64.54876708984375, 42.89850997924805, 29.347686767578125, 39.86286544799805, 8.684392929077148, 28.376577377319336, -1.9462220668792725, 67.72814178466797, 13.174386978149414, 125.3571548461914, 7.090338230133057], [13.440255165100098, -40.09153747558594, 56.05044174194336, 28.89979362487793, 57.2203254699707, 39.9351806640625, 5.6633734703063965, 44.57956314086914, 58.83445358276367, 4.927732467651367, 57.15400695800781, 7.090338230133057, 116.67875671386719]], "lowlevel.mfcc.icov": [[0.00037883163895457983, 0.0002976589312311262, -5.181254891795106e-05, -5.695618165191263e-05, 6.0954105720156804e-05, 0.0002008084557019174, -0.00011354900198057294, -0.0003278482472524047, 0.0001770304806996137, -4.743819226860069e-05, 0.00030070243519730866, 0.0001310801162617281, -0.00011273744894424453], [0.0002976589312311262, 0.0009250749135389924, 0.0005643459735438228, -0.0005863832775503397, 3.060741437366232e-05, -5.929454346187413e-06, 0.0003047293866984546, -0.0003071134560741484, 0.000911620503757149, -0.00038654322270303965, -0.0005628281505778432, 0.0004603207635227591, 5.1648952648974955e-05], [-5.181254891795106e-05, 0.0005643459735438228, 0.002237857086583972, -5.515740122064017e-05, -0.0006024483009241521, -0.0023896810598671436, 0.001615198445506394, -0.0009813368087634444, 0.001268387888558209, -0.00038626816240139306, 0.00011984742013737559, 0.00023724866332486272, -0.00014797606854699552], [-5.695618165191263e-05, -0.0005863832775503397, -5.515740122064017e-05, 0.0037451814860105515, -0.000802171416580677, -0.0012558628804981709, -0.00025280757108703256, 0.0013279769336804748, -0.0017500413814559579, -0.00020527483138721436, 0.002238139044493437, -0.001192086492665112, -0.0009007140761241317], [6.0954105720156804e-05, 3.060741437366232e-05, -0.0006024483009241521, -0.000802171416580677, 0.0042134360410273075, 0.0006178066832944751, -0.00045854764175601304, -0.0005897223600186408, -0.00029896642081439495, -0.000771416409406811, 0.001274885144084692, -3.453081444604322e-05, -0.0019776613917201757], [0.0002008084557019174, -5.929454346187413e-06, -0.0023896810598671436, -0.0012558628804981709, 0.0006178066832944751, 0.007865293882787228, -0.001382809248752892, -0.0016897452296689153, -0.00020910039893351495, 0.000505724165122956, -0.002647382440045476, -0.0005356629262678325, 0.0005649997037835419], [-0.00011354900198057294, 0.0003047293866984546, 0.001615198445506394, -0.00025280757108703256, -0.00045854764175601304, -0.001382809248752892, 0.007147663272917271, -0.00219800160266459, 0.0008139836136251688, -0.000984081532806158, -0.0023101335391402245, 0.0005883029662072659, 0.0013224761933088303], [-0.0003278482472524047, -0.0003071134560741484, -0.0009813368087634444, 0.0013279769336804748, -0.0005897223600186408, -0.0016897452296689153, -0.00219800160266459, 0.011677911505103111, -0.004442480392754078, -0.001935357809998095, 0.00028209909214638174, -0.0008305464289151132, -0.0011787090916186571], [0.0001770304806996137, 0.000911620503757149, 0.001268387888558209, -0.0017500413814559579, -0.00029896642081439495, -0.00020910039893351495, 0.0008139836136251688, -0.004442480392754078, 0.012873813509941101, -0.0009951083920896053, -0.002676280913874507, 0.002459366573020816, -0.003294989699497819], [-4.743819226860069e-05, -0.00038654322270303965, -0.00038626816240139306, -0.00020527483138721436, -0.000771416409406811, 0.000505724165122956, -0.000984081532806158, -0.001935357809998095, -0.0009951083920896053, 0.011374919675290585, -0.0022740201093256474, -0.005365887191146612, 0.002562830923125148], [0.00030070243519730866, -0.0005628281505778432, 0.00011984742013737559, 0.002238139044493437, 0.001274885144084692, -0.002647382440045476, -0.0023101335391402245, 0.00028209909214638174, -0.002676280913874507, -0.0022740201093256474, 0.013033127412199974, -0.00019169801089446992, -0.00548168970271945], [0.0001310801162617281, 0.0004603207635227591, 0.00023724866332486272, -0.001192086492665112, -3.453081444604322e-05, -0.0005356629262678325, 0.0005883029662072659, -0.0008305464289151132, 0.002459366573020816, -0.005365887191146612, -0.00019169801089446992, 0.011705449782311916, -0.0008175050024874508], [-0.00011273744894424453, 5.1648952648974955e-05, -0.00014797606854699552, -0.0009007140761241317, -0.0019776613917201757, 0.0005649997037835419, 0.0013224761933088303, -0.0011787090916186571, -0.003294989699497819, 0.002562830923125148, -0.00548168970271945, -0.0008175050024874508, 0.014346168376505375]], "metadata.audio_properties.analysis.downmix": "mix", "metadata.audio_properties.codec": "mp3", "metadata.audio_properties.md5_encoded": "c6c487670a3e1ab576035b20778502f6", "metadata.tags.file_name": "1183708176810508349.mp3", "metadata.version.essentia": "2.1-beta6-dev", "metadata.version.essentia_git_sha": "v2.1_beta5-1110-g77a6a954", "metadata.version.extractor": "music 2.0", "tonal.chords_key": "C#", "tonal.chords_scale": "minor", "tonal.key_edma.key": "A", "tonal.key_edma.scale": "major", "tonal.key_krumhansl.key": "A", "tonal.key_krumhansl.scale": "major", "tonal.key_temperley.key": "A", "tonal.key_temperley.scale": "major", "metadata.tags.encoding": ["Lavf58.45.100"]}, "essentia_models": [{"model_name": "genre_dortmund", "activations": {"alternative": "0.022895874", "blues": "0.0013829565", "electronic": "0.24775723", "folkcountry": "0.006218978", "funksoulrnb": "0.028956408", "jazz": "0.0055113425", "pop": "0.15892565", "raphiphop": "0.35957882", "rock": "0.040733747"}}, {"model_name": "genre_rosamerica", "activations": {"classic": "0.0036408962", "dance": "0.01281662", "hip hop": "0.29776645", "jazz": "0.0029046654", "pop": "0.2664151", "rhythm and blues": "0.1352938", "rock": "0.02404674", "speech": "0.009829624"}}, {"model_name": "genre_tzanetakis", "activations": {"blues": "0.0012661532", "classic": "0.002388903", "country": "0.004583488", "disco": "0.011725776", "hip hop": "0.107251465", "jazz": "0.00048321387", "metal": "0.0026325332", "pop": "0.18063731", "reggae": "0.122215465", "rock": "0.17934628"}}, {"model_name": "genre_electronic", "activations": {"ambient": "0.13384652", "dnb": "0.27009794", "house": "0.22014336", "techno": "0.32796115", "trance": "0.016835127"}}, {"model_name": "mood_ac