{"song_id": "1183689056400449596", "download": "https://cdn.discordapp.com/attachments/1135903449314238464/1183689056400449596/chirp.mp4?ex=65893f56&amp", "lyrics": "\u044f \u043f\u043e\u043a\u0430\u043a\u0430\u043b\u0430 \u043f\u043e\u043d\u043e\u0441\u043e\u043c\n\u043b\u044f\u043b\u044f\u043b\u044f \u0442\u0440\u0443 \u043b\u044f\u043b\u044f\n\u043e\u043d \u043f\u043e\u043b\u0435\u0437 \u043f\u0440\u044f\u043c\u043e \u0438\u0437 \u043d\u043e\u0441\u0430\n\u0442\u0443\u043c \u0430\u0443\u0440\u0443\u043c \u0442\u044b\u0449 \u043f\u0430\u043a \u0430\u0433\u0443\u043b\u044c \n1000-7", "style": ["random"], "essentia_features": {"lowlevel.average_loudness": 0.9631812572479248, "lowlevel.barkbands_crest.mean": 16.164073944091797, "lowlevel.barkbands_crest.stdev": 5.68681001663208, "lowlevel.barkbands_flatness_db.mean": 0.1929410994052887, "lowlevel.barkbands_flatness_db.stdev": 0.10500967502593994, "lowlevel.barkbands_kurtosis.mean": 56.239906311035156, "lowlevel.barkbands_kurtosis.stdev": 79.76900482177734, "lowlevel.barkbands_skewness.mean": 5.051453590393066, "lowlevel.barkbands_skewness.stdev": 4.322762966156006, "lowlevel.barkbands_spread.mean": 18.130435943603516, "lowlevel.barkbands_spread.stdev": 18.90224838256836, "lowlevel.dissonance.mean": 0.4750988483428955, "lowlevel.dissonance.stdev": 0.02387002669274807, "lowlevel.dynamic_complexity": 2.024324417114258, "lowlevel.erbbands_crest.mean": 8.934600830078125, "lowlevel.erbbands_crest.stdev": 5.55997371673584, "lowlevel.erbbands_flatness_db.mean": 0.12628331780433655, "lowlevel.erbbands_flatness_db.stdev": 0.03207193687558174, "lowlevel.erbbands_kurtosis.mean": 0.4337550103664398, "lowlevel.erbbands_kurtosis.stdev": 2.1263298988342285, "lowlevel.erbbands_skewness.mean": 0.337937593460083, "lowlevel.erbbands_skewness.stdev": 1.0707505941390991, "lowlevel.erbbands_spread.mean": 60.39653396606445, "lowlevel.erbbands_spread.stdev": 24.49589729309082, "lowlevel.hfc.mean": 29.08925437927246, "lowlevel.hfc.stdev": 25.86837387084961, "lowlevel.loudness_ebu128.integrated": -9.525989532470703, "lowlevel.loudness_ebu128.loudness_range": 3.137969970703125, "lowlevel.loudness_ebu128.momentary.mean": -9.738286972045898, "lowlevel.loudness_ebu128.momentary.stdev": 1.4185723066329956, "lowlevel.loudness_ebu128.short_term.mean": -9.74944019317627, "lowlevel.loudness_ebu128.short_term.stdev": 1.2475072145462036, "lowlevel.melbands_crest.mean": 24.256019592285156, "lowlevel.melbands_crest.stdev": 7.9594573974609375, "lowlevel.melbands_flatness_db.mean": 0.27302566170692444, "lowlevel.melbands_flatness_db.stdev": 0.12822197377681732, "lowlevel.melbands_kurtosis.mean": 156.9065399169922, "lowlevel.melbands_kurtosis.stdev": 194.4805908203125, "lowlevel.melbands_skewness.mean": 8.199743270874023, "lowlevel.melbands_skewness.stdev": 5.975653648376465, "lowlevel.melbands_spread.mean": 16.753311157226562, "lowlevel.melbands_spread.stdev": 23.777603149414062, "lowlevel.pitch_salience.mean": 0.3770897388458252, "lowlevel.pitch_salience.stdev": 0.19878147542476654, "lowlevel.silence_rate_20dB.mean": 1.0, "lowlevel.silence_rate_20dB.stdev": 0.0, "lowlevel.silence_rate_30dB.mean": 0.6373540759086609, "lowlevel.silence_rate_30dB.stdev": 0.48076310753822327, "lowlevel.silence_rate_60dB.mean": 0.011673151515424252, "lowlevel.silence_rate_60dB.stdev": 0.10741042345762253, "lowlevel.spectral_centroid.mean": 1301.514404296875, "lowlevel.spectral_centroid.stdev": 885.5986938476562, "lowlevel.spectral_complexity.mean": 19.193775177001953, "lowlevel.spectral_complexity.stdev": 15.283894538879395, "lowlevel.spectral_decrease.mean": -1.9617386826098482e-08, "lowlevel.spectral_decrease.stdev": 1.2723902820255262e-08, "lowlevel.spectral_energy.mean": 0.07667887955904007, "lowlevel.spectral_energy.stdev": 0.04752862825989723, "lowlevel.spectral_energyband_high.mean": 0.0017039519734680653, "lowlevel.spectral_energyband_high.stdev": 0.002357722958549857, "lowlevel.spectral_energyband_low.mean": 0.06327663362026215, "lowlevel.spectral_energyband_low.stdev": 0.05301352217793465, "lowlevel.spectral_energyband_middle_high.mean": 0.0045297397300601006, "lowlevel.spectral_energyband_middle_high.stdev": 0.006018124986439943, "lowlevel.spectral_energyband_middle_low.mean": 0.007228802889585495, "lowlevel.spectral_energyband_middle_low.stdev": 0.009544850327074528, "lowlevel.spectral_entropy.mean": 7.724649429321289, "lowlevel.spectral_entropy.stdev": 0.4987258017063141, "lowlevel.spectral_flux.mean": 0.10067365318536758, "lowlevel.spectral_flux.stdev": 0.05945153534412384, "lowlevel.spectral_kurtosis.mean": 2.781719923019409, "lowlevel.spectral_kurtosis.stdev": 1.1941509246826172, "lowlevel.spectral_rms.mean": 0.00811164453625679, "lowlevel.spectral_rms.stdev": 0.0030016470700502396, "lowlevel.spectral_rolloff.mean": 1183.8907470703125, "lowlevel.spectral_rolloff.stdev": 1992.5750732421875, "lowlevel.spectral_skewness.mean": 1.2688535451889038, "lowlevel.spectral_skewness.stdev": 0.2839674949645996, "lowlevel.spectral_spread.mean": 5481270.0, "lowlevel.spectral_spread.stdev": 1851752.0, "lowlevel.spectral_strongpeak.mean": 0.9583781957626343, "lowlevel.spectral_strongpeak.stdev": 0.6098265647888184, "lowlevel.zerocrossingrate.mean": 0.04943495988845825, "lowlevel.zerocrossingrate.stdev": 0.05791886895895004, "metadata.audio_properties.analysis.equal_loudness": 0.0, "metadata.audio_properties.analysis.length": 29.80265235900879, "metadata.audio_properties.analysis.sample_rate": 44100.0, "metadata.audio_properties.analysis.start_time": 0.0, "metadata.audio_properties.bit_rate": 127009.0, "metadata.audio_properties.length": 29.80266761779785, "metadata.audio_properties.lossless": 0.0, "metadata.audio_properties.number_channels": 1.0, "metadata.audio_properties.replay_gain": -14.711915969848633, "metadata.audio_properties.sample_rate": 48000.0, "rhythm.beats_count": 51.0, "rhythm.beats_loudness.mean": 0.09954315423965454, "rhythm.beats_loudness.stdev": 0.04572249576449394, "rhythm.bpm": 104.96599578857422, "rhythm.bpm_histogram_first_peak_bpm": 105.0, "rhythm.bpm_histogram_first_peak_weight": 0.3199999928474426, "rhythm.bpm_histogram_second_peak_bpm": 0.0, "rhythm.bpm_histogram_second_peak_spread": 0.0, "rhythm.bpm_histogram_second_peak_weight": 0.0, "rhythm.danceability": 1.1367683410644531, "rhythm.onset_rate": 3.823652744293213, "tonal.chords_changes_rate": 0.059097979217767715, "tonal.chords_number_rate": 0.0062208399176597595, "tonal.chords_strength.mean": 0.5638614892959595, "tonal.chords_strength.stdev": 0.04918987303972244, "tonal.hpcp_crest.mean": 11.208905220031738, "tonal.hpcp_crest.stdev": 5.201552391052246, "tonal.hpcp_entropy.mean": 2.5484864711761475, "tonal.hpcp_entropy.stdev": 0.8733101487159729, "tonal.key_edma.strength": 0.6622565388679504, "tonal.key_krumhansl.strength": 0.6483403444290161, "tonal.key_temperley.strength": 0.6285622119903564, "tonal.tuning_diatonic_strength": 0.5078402161598206, "tonal.tuning_equal_tempered_deviation": 0.1147351935505867, "tonal.tuning_frequency": 434.193115234375, "tonal.tuning_nontempered_energy_ratio": 0.7796238660812378, "lowlevel.barkbands.mean": [0.003964563831686974, 0.030179595574736595, 0.029146352782845497, 0.0004796634893864393, 0.0009527407819405198, 0.0033439176622778177, 0.0015228609554469585, 0.00043017297866754234, 0.0003550085239112377, 0.0005011957255192101, 0.0004821698821615428, 0.0006330343894660473, 0.0004123698454350233, 0.00031261195545084774, 0.00039056563400663435, 0.0004506708646658808, 0.0004703505546785891, 0.00044448228436522186, 0.00033091037767007947, 0.00035229348577558994, 0.0003577008319552988, 0.0003100448229815811, 0.00022098176123108715, 0.000218079803744331, 0.00023434776812791824, 0.00017108039173763245, 1.1199615073564928e-05], "lowlevel.barkbands.stdev": [0.0076395184732973576, 0.04392514005303383, 0.03224732354283333, 0.0012855648528784513, 0.0027072241064161062, 0.005727642681449652, 0.003568158484995365, 0.0011146336328238249, 0.0011549778282642365, 0.0014913277700543404, 0.0010452879359945655, 0.0016507902182638645, 0.0007388615049421787, 0.0004934724420309067, 0.0007044408703222871, 0.0008634330588392913, 0.0009086905047297478, 0.0007813387783244252, 0.0004984564147889614, 0.0004841457703150809, 0.0005044441786594689, 0.0004194738867226988, 0.00030847592279314995, 0.0004107124113943428, 0.0006283331313170493, 0.0003557400486897677, 2.6223164240946062e-05], "lowlevel.erbbands.mean": [1.230029821395874, 5.801903247833252, 31.721479415893555, 13.199981689453125, 2.651909828186035, 3.723534345626831, 16.453868865966797, 25.99635124206543, 25.235029220581055, 10.508024215698242, 8.21591567993164, 7.939054012298584, 13.543327331542969, 17.479379653930664, 22.425512313842773, 24.152103424072266, 19.33199691772461, 16.56851577758789, 18.000646591186523, 23.709949493408203, 24.665477752685547, 26.935632705688477, 26.003000259399414, 17.817337036132812, 17.30681610107422, 16.146894454956055, 15.533564567565918, 13.130764961242676, 11.407642364501953, 8.741009712219238, 6.005831241607666, 4.348876953125, 3.8823184967041016, 2.9718337059020996, 1.4346332550048828, 0.6912850141525269, 0.31925565004348755, 0.06380307674407959, 0.0014845391269773245, 0.00012813917419407517], "lowlevel.erbbands.stdev": [2.2815029621124268, 7.409372806549072, 33.93604278564453, 14.147282600402832, 5.471616268157959, 11.846211433410645, 27.82542610168457, 43.88703536987305, 59.28934097290039, 19.272403717041016, 19.308767318725586, 26.926624298095703, 39.909523010253906, 41.833309173583984, 49.60508728027344, 59.23028564453125, 34.343204498291016, 25.19993782043457, 27.706892013549805, 48.50424575805664, 45.526885986328125, 48.454219818115234, 45.3577766418457, 27.34467887878418, 25.396928787231445, 21.24919891357422, 23.059452056884766, 18.058135986328125, 15.449217796325684, 11.950971603393555, 8.522042274475098, 6.854345321655273, 8.340694427490234, 8.127663612365723, 3.8218374252319336, 1.8207753896713257, 0.5958905816078186, 0.11986120045185089, 0.002846804680302739, 8.411971793975681e-05], "lowlevel.gfcc.mean": [13.76121997833252, 59.08236312866211, -92.7210693359375, 52.32999801635742, -35.377017974853516, 26.342796325683594, -28.086822509765625, 9.207164764404297, -23.3182373046875, 6.628241062164307, -15.613672256469727, 5.035200119018555, -15.817848205566406], "lowlevel.melbands.mean": [0.00926726683974266, 0.012417030520737171, 0.0022168634459376335, 0.00021467768237926066, 0.0005051919724792242, 0.00060374935856089, 0.00035842100623995066, 0.00010789872612804174, 6.285566632868722e-05, 5.016176146455109e-05, 6.825196032878011e-05, 7.017170719336718e-05, 7.332063250942156e-05, 7.257621473399922e-05, 4.9439924623584375e-05, 3.93755835830234e-05, 2.9673105018446222e-05, 2.8227896109456196e-05, 2.9498844014597125e-05, 3.275781273259781e-05, 2.765839599305764e-05, 2.7170279281563126e-05, 2.853390105883591e-05, 1.9051502022193745e-05, 1.3798982763546519e-05, 1.233273906109389e-05, 1.2388794857542962e-05, 1.0260010640195105e-05, 9.995837899623439e-06, 8.694579264556523e-06, 7.1782133090891875e-06, 6.51805794404936e-06, 5.795197921543149e-06, 4.490038008952979e-06, 3.550783276295988e-06, 2.8060949261998758e-06, 2.638927981024608e-06, 2.7314911221765215e-06, 2.6534985408943612e-06, 2.4576590931246756e-06], "lowlevel.melbands.stdev": [0.015322413295507431, 0.01185521949082613, 0.00232337461784482, 0.0005888038431294262, 0.0008446672582067549, 0.0010239965049549937, 0.0008478015661239624, 0.00021171875414438546, 0.00015295563207473606, 0.00016950845019891858, 0.0002094100636895746, 0.0001790137612260878, 0.0001549998705741018, 0.00019754230743274093, 0.00010919455962721258, 6.694734474876896e-05, 4.648554386221804e-05, 4.4870193960377946e-05, 5.498960308614187e-05, 6.703095277771354e-05, 5.304346268530935e-05, 5.444844646262936e-05, 5.3029947594041005e-05, 3.135110455332324e-05, 2.1957748685963452e-05, 1.9100225472357124e-05, 1.803326995286625e-05, 1.3574260265158955e-05, 1.5546054783044383e-05, 1.2742291801259853e-05, 1.0249239494442008e-05, 9.237776794179808e-06, 8.009259545360692e-06, 6.3894181039358955e-06, 5.299073563946877e-06, 4.044202796649188e-06, 4.5302731450647116e-06, 5.8985983741877135e-06, 6.532540737680392e-06, 7.126158834580565e-06], "lowlevel.melbands128.mean": [0.0036121609155088663, 0.011676781810820103, 0.009535100311040878, 0.008657658472657204, 0.017335958778858185, 0.011908183805644512, 0.0023824835661798716, 0.00018274941248819232, 0.00020674358529504389, 0.0002697257441468537, 0.00018645210366230458, 0.00012467576016206294, 0.0002955616801045835, 0.0014478409430012107, 0.0007109310827217996, 7.404303323710337e-05, 0.00026626817998476326, 0.000617876707110554, 0.0001810930552892387, 4.3266427383059636e-05, 0.00013221180415712297, 0.00010294302774127573, 2.9158900360926054e-05, 5.3186384320724756e-05, 5.4588519560638815e-05, 3.932314211851917e-05, 6.47657725494355e-05, 7.163258123910055e-05, 7.124875264707953e-05, 7.479213672922924e-05, 6.014606697135605e-05, 7.96750609879382e-05, 7.59346949052997e-05, 6.151982233859599e-05, 8.862964750733227e-05, 6.663942622253671e-05, 6.873752136016265e-05, 4.2954015953000635e-05, 4.5054028305457905e-05, 4.200207331450656e-05, 3.949226811528206e-05, 3.358734829816967e-05, 2.775572102109436e-05, 2.788133679132443e-05, 3.126151204924099e-05, 2.6869172870647162e-05, 2.8106485842727125e-05, 2.5535606255289167e-05, 3.275367635069415e-05, 3.413370359339751e-05, 3.346269659232348e-05, 3.061156894546002e-05, 2.8451268008211628e-05, 2.662157749000471e-05, 2.5270959667977877e-05, 2.8454134735511616e-05, 2.546137875469867e-05, 3.1709256290923804e-05, 3.0035242161829956e-05, 2.3142722056945786e-05, 1.8106995412381366e-05, 1.6028543541324325e-05, 1.535981209599413e-05, 1.292064189328812e-05, 1.1591683687584009e-05, 1.2192967915325426e-05, 1.2859461094194558e-05, 1.2815186892112251e-05, 1.242019880010048e-05, 1.1994788110314403e-05, 9.007279004435986e-06, 1.0255967936245725e-05, 1.0882370588660706e-05, 9.965268873202149e-06, 8.796232577878982e-06, 9.410577149537858e-06, 8.26889299787581e-06, 7.576522875751834e-06, 7.345359790633665e-06, 6.170249889692059e-06, 6.933927579666488e-06, 6.355587174766697e-06, 6.302583642536774e-06, 5.953360869170865e-06, 5.259835688775638e-06, 4.640435236069607e-06, 4.275786068319576e-06, 3.985624971392099e-06, 3.4281911212019622e-06, 3.3560074825800257e-06, 3.123198894172674e-06, 2.5871825073409127e-06, 2.4091732484521344e-06, 2.5857259515760234e-06, 2.816093228830141e-06, 2.807326836773427e-06, 2.664698058651993e-06, 2.7252613108430523e-06, 2.4985083655337803e-06, 2.7336025141266873e-06, 2.787162657114095e-06, 2.480621333234012e-06, 2.056327730315388e-06, 1.6322380815836368e-06, 1.579968056830694e-06, 1.431830924047972e-06, 1.4208864058673498e-06, 1.4655739732916118e-06, 1.1793547400884563e-06, 9.155792213277891e-07, 9.935953357853577e-07, 9.796691529118107e-07, 1.1729372317859088e-06, 1.0193683692705235e-06, 8.458463867100363e-07, 8.213898468056868e-07, 4.0945465684671944e-07, 8.39189056023315e-08, 1.3005468701976497e-08, 6.866091722956824e-11, 5.546177059279067e-11, 2.9597799905412003e-11, 1.7959946030376983e-11, 1.61710558138628e-11, 1.2332971449646735e-11, 7.361391878013546e-12, 4.988060312016707e-12, 4.5934536556380134e-12], "lowlevel.melbands128.stdev": [0.00724061718210578, 0.023127229884266853, 0.018417885527014732, 0.0121687613427639, 0.018428409472107887, 0.013076030649244785, 0.002633064053952694, 0.0005301142227835953, 0.0006241046357899904, 0.0008097512763924897, 0.0008037909865379333, 0.0007276553078554571, 0.0005793740274384618, 0.0026116312947124243, 0.0012206523679196835, 0.00033984449692070484, 0.0007441297639161348, 0.0015245162649080157, 0.0004295974795240909, 0.00011284261563559994, 0.0003598331823013723, 0.0003001238510478288, 8.558117406209931e-05, 0.0002630021481309086, 0.00022766464098822325, 0.00022065630764700472, 0.00017632308299653232, 0.0002645262284204364, 0.0003418042615521699, 0.00022430019453167915, 0.00020155614765826613, 0.0002170023653889075, 0.00017189625941682607, 0.00016168058209586889, 0.0003510971728246659, 0.00020853168098255992, 0.00021825323347002268, 0.0001227899338118732, 0.00010473393922438845, 9.568563109496608e-05, 7.417731831083074e-05, 6.800457776989788e-05, 4.932047158945352e-05, 5.183055327506736e-05, 5.8561003243085e-05, 5.0279766583116725e-05, 5.473833152791485e-05, 4.858814281760715e-05, 8.124723535729572e-05, 0.00010061610373668373, 7.567822467535734e-05, 8.0840676673688e-05, 5.879897435079329e-05, 5.7934190408559516e-05, 8.97069476195611e-05, 6.151868001325056e-05, 4.681146310758777e-05, 6.312349432846531e-05, 7.417077722493559e-05, 4.7555218770867214e-05, 3.332952837808989e-05, 2.840366869349964e-05, 3.0587572837248445e-05, 2.3386377506540157e-05, 2.0366902390378527e-05, 2.11986498470651e-05, 2.1862955691176467e-05, 2.191444036725443e-05, 2.0159182895440608e-05, 1.812580921978224e-05, 1.3389830201049335e-05, 1.494038133387221e-05, 1.892036925710272e-05, 1.7577989638084546e-05, 1.5781593901920132e-05, 1.577200418978464e-05, 1.2716608580376487e-05, 1.1963345059484709e-05, 1.1417561836424284e-05, 1.0784850928757805e-05, 1.1257733603997622e-05, 9.769720236363355e-06, 9.292954018746968e-06, 8.887388503353577e-06, 8.097414138319436e-06, 7.095891305652913e-06, 6.583518370462116e-06, 6.857859716546955e-06, 5.877032435819274e-06, 5.2355221669131424e-06, 5.075964509160258e-06, 4.098762474313844e-06, 4.168582563579548e-06, 4.704613729700213e-06, 5.85152474741335e-06, 6.564115665241843e-06, 6.010076049278723e-06, 6.874040991533548e-06, 6.337558261293452e-06, 7.782112334098201e-06, 8.476091352349613e-06, 7.664753866265528e-06, 6.471173946920317e-06, 5.06369497088599e-06, 4.267958047421416e-06, 3.9528990782855544e-06, 4.207398887956515e-06, 4.748435458168387e-06, 3.6041883504367433e-06, 2.3213867734739324e-06, 2.4638570721435826e-06, 1.993719251913717e-06, 2.2236442873690976e-06, 1.9607659851317294e-06, 1.6285163155771443e-06, 1.7211913245773758e-06, 8.89627870037657e-07, 2.993871817125182e-07, 9.225352926023334e-08, 8.103545612314633e-10, 7.256301115532438e-10, 2.637826068685456e-10, 1.029240581651436e-10, 8.753940627936885e-11, 5.87882034719378e-11, 2.269791299358559e-11, 8.202148162050893e-12, 7.52812309018358e-12], "lowlevel.mfcc.mean": [-634.5973510742188, 91.13887023925781, 10.165828704833984, 36.219093322753906, 19.099023818969727, 23.015487670898438, 12.038911819458008, 10.13350772857666, 4.617182731628418, 0.9833343029022217, 1.9449009895324707, 5.627746105194092, 5.039154052734375], "lowlevel.spectral_contrast_coeffs.mean": [-0.5951955318450928, -0.7748781442642212, -0.8170124888420105, -0.8318586349487305, -0.8204374313354492, -0.7450689077377319], "lowlevel.spectral_contrast_coeffs.stdev": [0.09514684230089188, 0.08905958384275436, 0.04542171210050583, 0.03374478593468666, 0.028501469641923904, 0.0356060154736042], "lowlevel.spectral_contrast_valleys.mean": [-7.1377387046813965, -7.314720630645752, -7.375781059265137, -7.334105968475342, -7.1586456298828125, -9.877044677734375], "lowlevel.spectral_contrast_valleys.stdev": [0.9372205138206482, 1.094891905784607, 1.0384360551834106, 0.9605811834335327, 1.0099414587020874, 1.1674143075942993], "rhythm.beats_loudness_band_ratio.mean": [0.7226014137268066, 0.05871805176138878, 0.053083743900060654, 0.07803996652364731, 0.05606119707226753, 0.04556721821427345], "rhythm.beats_loudness_band_ratio.stdev": [0.3445081114768982, 0.12426739186048508, 0.10019533336162567, 0.1556733250617981, 0.08659666031599045, 0.042118415236473083], "tonal.hpcp.mean": [0.5698654651641846, 0.5010476112365723, 0.11810088157653809, 0.05569609999656677, 0.044025249779224396, 0.031229063868522644, 0.034762363880872726, 0.03780185803771019, 0.033043522387742996, 0.03121321089565754, 0.028209412470459938, 0.03816024959087372, 0.04973987117409706, 0.04679226502776146, 0.039854757487773895, 0.042563546448946, 0.05294031649827957, 0.04989924654364586, 0.043388187885284424, 0.04522877559065819, 0.08358006179332733, 0.1625167578458786, 0.14643710851669312, 0.08582063019275665, 0.09031575918197632, 0.08577883988618851, 0.06962728500366211, 0.06417381763458252, 0.06687749177217484, 0.0599559061229229, 0.04181855171918869, 0.030151883140206337, 0.029827632009983063, 0.03569174185395241, 0.04373324662446976, 0.18242599070072174], "tonal.hpcp.stdev": [0.4108310341835022, 0.35788217186927795, 0.2369360625743866, 0.18086107075214386, 0.1605433225631714, 0.10615089535713196, 0.11010169237852097, 0.12205485999584198, 0.11780760437250137, 0.10927729308605194, 0.08831764757633209, 0.11079999804496765, 0.13296349346637726, 0.12821842730045319, 0.12098310142755508, 0.13048869371414185, 0.16195647418498993, 0.15026722848415375, 0.1327769011259079, 0.15480950474739075, 0.1779218316078186, 0.29763922095298767, 0.24961863458156586, 0.20297355949878693, 0.22765426337718964, 0.2232663780450821, 0.19512350857257843, 0.17748454213142395, 0.1927865594625473, 0.17325720191001892, 0.12807831168174744, 0.09720594435930252, 0.09188901633024216, 0.11112664639949799, 0.13745810091495514, 0.2197336107492447], "rhythm.beats_position": [0.6269387602806091, 1.2074376344680786, 1.7879364490509033, 2.356825351715088, 2.9257142543792725, 3.5062131881713867, 4.075101852416992, 4.643990993499756, 5.212879657745361, 5.781768798828125, 6.36226749420166, 6.931156158447266, 7.500045299530029, 8.068934440612793, 8.637823104858398, 9.218321800231934, 9.787210464477539, 10.356099128723145, 10.936598777770996, 11.505487442016602, 12.074376106262207, 12.643264770507812, 13.212154388427734, 13.79265308380127, 14.361541748046875, 14.93043041229248, 15.499319076538086, 16.068208694458008, 16.648706436157227, 17.21759605407715, 17.78648567199707, 18.36698341369629, 18.93587303161621, 19.5047607421875, 20.08526039123535, 20.654150009155273, 21.223037719726562, 21.791927337646484, 22.360815048217773, 22.941314697265625, 23.510204315185547, 24.079092025756836, 24.647981643676758, 25.216869354248047, 25.78575897216797, 26.35464859008789, 26.93514633178711, 27.4924259185791, 28.049705505371094, 28.630203247070312, 29.210702896118164], "rhythm.bpm_histogram": [0.0, 0.0, 0.0, 0.0, 0.0, 0.0, 0.0, 0.0, 0.0, 0.0, 0.0, 0.0, 0.0, 0.0, 0.0, 0.0, 0.0, 0.0, 0.0, 0.0, 0.0, 0.0, 0.0, 0.0, 0.0, 0.0, 0.0, 0.0, 0.0, 0.0, 0.0, 0.0, 0.0, 0.0, 0.0, 0.0, 0.0, 0.0, 0.0, 0.0, 0.0, 0.0, 0.0, 0.0, 0.0, 0.0, 0.0, 0.0, 0.0, 0.0, 0.0, 0.0, 0.0, 0.0, 0.0, 0.0, 0.0, 0.0, 0.0, 0.0, 0.0, 0.0, 0.0, 0.0, 0.0, 0.0, 0.0, 0.0, 0.0, 0.0, 0.0, 0.0, 0.0, 0.0, 0.0, 0.0, 0.0, 0.0, 0.0, 0.0, 0.0, 0.0, 0.0, 0.0, 0.0, 0.0, 0.0, 0.0, 0.0, 0.0, 0.0, 0.0, 0.0, 0.0, 0.0, 0.0, 0.0, 0.0, 0.0, 0.0, 0.0, 0.0, 0.0, 0.2800000011920929, 0.0, 0.6800000071525574, 0.0, 0.0, 0.03999999910593033, 0.0, 0.0, 0.0, 0.0, 0.0, 0.0, 0.0, 0.0, 0.0, 0.0, 0.0, 0.0, 0.0, 0.0, 0.0, 0.0, 0.0, 0.0, 0.0, 0.0, 0.0, 0.0, 0.0, 0.0, 0.0, 0.0, 0.0, 0.0, 0.0, 0.0, 0.0, 0.0, 0.0, 0.0, 0.0, 0.0, 0.0, 0.0, 0.0, 0.0, 0.0, 0.0, 0.0, 0.0, 0.0, 0.0, 0.0, 0.0, 0.0, 0.0, 0.0, 0.0, 0.0, 0.0, 0.0, 0.0, 0.0, 0.0, 0.0, 0.0, 0.0, 0.0, 0.0, 0.0, 0.0, 0.0, 0.0, 0.0, 0.0, 0.0, 0.0, 0.0, 0.0, 0.0, 0.0, 0.0, 0.0, 0.0, 0.0, 0.0, 0.0, 0.0, 0.0, 0.0, 0.0, 0.0, 0.0, 0.0, 0.0, 0.0, 0.0, 0.0, 0.0, 0.0, 0.0, 0.0, 0.0, 0.0, 0.0, 0.0, 0.0, 0.0, 0.0, 0.0, 0.0, 0.0, 0.0, 0.0, 0.0, 0.0, 0.0, 0.0, 0.0, 0.0, 0.0, 0.0, 0.0, 0.0, 0.0, 0.0, 0.0, 0.0, 0.0, 0.0, 0.0, 0.0, 0.0, 0.0, 0.0, 0.0, 0.0, 0.0, 0.0, 0.0, 0.0, 0.0, 0.0, 0.0, 0.0, 0.0, 0.0], "tonal.chords_histogram": [1.2441679239273071, 0.0, 1.2441679239273071, 0.0, 0.0, 0.0, 0.0, 0.0, 33.592533111572266, 63.91912841796875, 0.0, 0.0, 0.0, 0.0, 0.0, 0.0, 0.0, 0.0, 0.0, 0.0, 0.0, 0.0, 0.0, 0.0], "tonal.thpcp": [1.0, 0.8792384266853333, 0.2072434425354004, 0.09773552417755127, 0.07725551724433899, 0.054800767451524734, 0.0610010027885437, 0.06633470952510834, 0.05798477679491043, 0.05477294698357582, 0.04950188100337982, 0.06696361303329468, 0.08728353679180145, 0.08211107552051544, 0.06993713229894638, 0.07469052076339722, 0.09289967268705368, 0.08756320178508759, 0.07613759487867355, 0.07936745882034302, 0.14666630327701569, 0.28518444299697876, 0.2569678723812103, 0.15059804916381836, 0.15848611295223236, 0.15052472054958344, 0.1221819669008255, 0.11261222511529922, 0.11735663563013077, 0.10521063208580017, 0.07338319718837738, 0.05291052907705307, 0.052341531962156296, 0.06263187527656555, 0.07674311101436615, 0.320121169090271], "lowlevel.gfcc.cov": [[7602.41845703125, -1150.627685546875, -660.9418334960938, -816.3453979492188, -1168.8642578125, -451.50054931640625, -742.6619262695312, 109.93216705322266, -326.7443542480469, 242.63473510742188, -260.8941345214844, 317.5427551269531, -189.3232879638672], [-1150.627685546875, 1108.6336669921875, 286.05145263671875, 302.5840759277344, 340.4388732910156, 26.826438903808594, 229.7589111328125, -60.841712951660156, 223.5780029296875, -39.61050796508789, 145.13519287109375, -108.72333526611328, 74.37283325195312], [-660.9418334960938, 286.05145263671875, 937.147705078125, 450.9606628417969, 371.31170654296875, 205.27621459960938, 157.75303649902344, 26.43293571472168, 125.06043243408203, 99.54515838623047, 43.21689224243164, -46.54654312133789, -24.465679168701172], [-816.3453979492188, 302.5840759277344, 450.9606628417969, 721.8482055664062, 564.2033081054688, 339.5760498046875, 339.62152099609375, 62.40068435668945, 155.9329833984375, -24.26597785949707, 45.33176040649414, -114.16815185546875, 44.79301071166992], [-1168.8642578125, 340.4388732910156, 371.31170654296875, 564.2033081054688, 723.6754150390625, 402.4648132324219, 435.6527099609375, 69.25618743896484, 165.42335510253906, -41.1253662109375, 42.28202819824219, -119.77896118164062, 29.444602966308594], [-451.50054931640625, 26.826438903808594, 205.27621459960938, 339.5760498046875, 402.4648132324219, 361.4298400878906, 308.57696533203125, 90.56200408935547, 66.1318130493164, -26.133859634399414, 0.17950911819934845, -72.5533218383789, -5.281738758087158], [-742.6619262695312, 229.7589111328125, 157.75303649902344, 339.62152099609375, 435.6527099609375, 308.57696533203125, 401.13555908203125, 91.95384216308594, 128.26202392578125, -36.921627044677734, 39.13855743408203, -76.24060821533203, 22.294273376464844], [109.93216705322266, -60.841712951660156, 26.43293571472168, 62.40068435668945, 69.25618743896484, 90.56200408935547, 91.95384216308594, 110.36790466308594, 38.15446853637695, 16.98215675354004, -16.704740524291992, -19.124496459960938, -14.228100776672363], [-326.7443542480469, 223.5780029296875, 125.06043243408203, 155.9329833984375, 165.42335510253906, 66.1318130493164, 128.26202392578125, 38.15446853637695, 145.55479431152344, 38.221717834472656, 52.621482849121094, -26.291706085205078, 33.919044494628906], [242.63473510742188, -39.61050796508789, 99.54515838623047, -24.26597785949707, -41.1253662109375, -26.133859634399414, -36.921627044677734, 16.98215675354004, 38.221717834472656, 101.69124603271484, 28.02663803100586, 37.2967414855957, -1.5325767993927002], [-260.8941345214844, 145.13519287109375, 43.21689224243164, 45.33176040649414, 42.28202819824219, 0.17950911819934845, 39.13855743408203, -16.704740524291992, 52.621482849121094, 28.02663803100586, 90.7366943359375, 17.744564056396484, 40.20948791503906], [317.5427551269531, -108.72333526611328, -46.54654312133789, -114.16815185546875, -119.77896118164062, -72.5533218383789, -76.24060821533203, -19.124496459960938, -26.291706085205078, 37.2967414855957, 17.744564056396484, 87.73506164550781, 17.800369262695312], [-189.3232879638672, 74.37283325195312, -24.465679168701172, 44.79301071166992, 29.444602966308594, -5.281738758087158, 22.294273376464844, -14.228100776672363, 33.919044494628906, -1.5325767993927002, 40.20948791503906, 17.800369262695312, 72.90294647216797]], "lowlevel.gfcc.icov": [[0.00029022840317338705, -0.00022706632444169372, 0.00031170129659585655, -0.0003576473973225802, 0.00039714589365758, -0.0004216615343466401, 0.0003661681548692286, -0.00041291446541436017, 0.00019432487897574902, -0.0008271989645436406, 0.0009082019096240401, -0.0011030182940885425, 0.0005867806612513959], [-0.00022706632444169372, 0.002937744837254286, -0.0010495898313820362, 0.0006213941960595548, -0.0006828511250205338, 0.0027567027136683464, -0.0017525885486975312, 0.002008595271036029, -0.00314472452737391, 0.0031714760698378086, -0.003395890584215522, 0.0034447545185685158, -0.00035550049506127834], [0.00031170129659585655, -0.0010495898313820362, 0.0028026604559272528, -0.0018598708556964993, -7.939301576698199e-05, -0.0013260355917736888, 0.0013557078782469034, 5.8674886531662196e-05, 0.0008380213985219598, -0.004156433045864105, 0.0017076628282666206, -0.0022357418201863766, 0.002623125445097685], [-0.0003576473973225802, 0.0006213941960595548, -0.0018598708556964993, 0.005485833156853914, -0.002412132453173399, -0.0009847759502008557, 0.0003064701159019023, 0.00015582007472403347, -0.0015811650082468987, 0.0026636796537786722, -0.0018084482289850712, 0.003959102090448141, -0.0038954690098762512], [0.00039714589365758, -0.0006828511250205338, -7.939301576698199e-05, -0.002412132453173399, 0.0083856713026762, -0.004476637579500675, -0.002838185289874673, 0.002540508285164833, -0.002052554627880454, -0.0006258662906475365, 0.002539063338190317, -0.0005995750543661416, 0.0005237542791292071], [-0.0004216615343466401, 0.0027567027136683464, -0.0013260355917736888, -0.0009847759502008557, -0.004476637579500675, 0.017242923378944397, -0.009451034478843212, -0.0018721220549196005, 0.004836898762732744, -0.00024052477965597063, -0.0021912918891757727, 0.004544105846434832, -0.00032152931089513004], [0.0003661681548692286, -0.0017525885486975312, 0.0013557078782469034, 0.0003064701159019023, -0.002838185289874673, -0.009451034478843212, 0.016363944858312607, -0.005745813250541687, -0.005218291189521551, 0.004879206884652376, -0.002286273054778576, -0.004742244258522987, 0.0022908207029104233], [-0.00041291446541436017, 0.002008595271036029, 5.8674886531662196e-05, 0.00015582007472403347, 0.002540508285164833, -0.0018721220549196005, -0.005745813250541687, 0.01922997646033764, -0.006411747075617313, -0.0029685881454497576, 0.0037599552888423204, 0.003694146405905485, 0.0010959334904327989], [0.00019432487897574902, -0.00314472452737391, 0.0008380213985219598, -0.0015811650082468987, -0.002052554627880454, 0.004836898762732744, -0.005218291189521551, -0.006411747075617313, 0.025909025222063065, -0.014688038267195225, -0.0003742161497939378, 0.004509266000241041, -0.006768510676920414], [-0.0008271989645436406, 0.0031714760698378086, -0.004156433045864105, 0.0026636796537786722, -0.0006258662906475365, -0.00024052477965597063, 0.004879206884652376, -0.0029685881454497576, -0.014688038267195225, 0.030231881886720657, -0.01097351498901844, -0.0052320281974971294, 0.0045480565167963505], [0.0009082019096240401, -0.003395890584215522, 0.0017076628282666206, -0.0018084482289850712, 0.002539063338190317, -0.0021912918891757727, -0.002286273054778576, 0.0037599552888423204, -0.0003742161497939378, -0.01097351498901844, 0.027232971042394638, -0.0083383833989501, -0.005285097751766443], [-0.0011030182940885425, 0.0034447545185685158, -0.0022357418201863766, 0.003959102090448141, -0.0005995750543661416, 0.004544105846434832, -0.004742244258522987, 0.003694146405905485, 0.004509266000241041, -0.0052320281974971294, -0.0083383833989501, 0.03094133920967579, -0.01198271568864584], [0.0005867806612513959, -0.00035550049506127834, 0.002623125445097685, -0.0038954690098762512, 0.0005237542791292071, -0.00032152931089513004, 0.0022908207029104233, 0.0010959334904327989, -0.006768510676920414, 0.0045480565167963505, -0.005285097751766443, -0.01198271568864584, 0.027241114526987076]], "lowlevel.mfcc.cov": [[6155.70263671875, -815.2818603515625, -329.3208312988281, -819.2089233398438, -745.349853515625, -856.5147705078125, -646.701416015625, -450.7891845703125, -312.4624328613281, -301.36712646484375, -232.2720947265625, -121.46578979492188, -76.20912170410156], [-815.2818603515625, 834.2229614257812, 125.2856216430664, 185.7519989013672, 87.10923767089844, 90.05561065673828, -0.5961956977844238, 14.119210243225098, 22.32801628112793, 53.20588684082031, 68.08821868896484, 65.04354095458984, 43.742042541503906], [-329.3208312988281, 125.2856216430664, 592.0589599609375, 239.21444702148438, 176.46270751953125, 118.82953643798828, 30.51129913330078, -25.8918514251709, 42.51738739013672, 34.054298400878906, 70.99247741699219, 65.0500717163086, 69.29598999023438], [-819.2089233398438, 185.7519989013672, 239.21444702148438, 475.4897766113281, 309.214111328125, 317.1083679199219, 190.80792236328125, 156.23146057128906, 145.52023315429688, 136.73910522460938, 96.91761779785156, 63.793697357177734, 40.686729431152344], [-745.349853515625, 87.10923767089844, 176.46270751953125, 309.214111328125, 329.8564453125, 296.510498046875, 203.03427124023438, 142.92623901367188, 135.7683868408203, 115.39152526855469, 80.46636962890625, 49.51493835449219, 30.02191925048828], [-856.5147705078125, 90.05561065673828, 118.82953643798828, 317.1083679199219, 296.510498046875, 423.1071472167969, 296.59552001953125, 226.56495666503906, 174.30003356933594, 139.1403045654297, 106.58429718017578, 64.66814422607422, 28.84757423400879], [-646.701416015625, -0.5961956977844238, 30.51129913330078, 190.80792236328125, 203.03427124023438, 296.59552001953125, 309.2725524902344, 223.08428955078125, 146.87840270996094, 114.27495574951172, 80.55711364746094, 40.08245086669922, 5.832189083099365], [-450.7891845703125, 14.119210243225098, -25.8918514251709, 156.23146057128906, 142.92623901367188, 226.56495666503906, 223.08428955078125, 225.61073303222656, 139.62921142578125, 106.6794662475586, 63.443328857421875, 28.13271141052246, -1.245624303817749], [-312.4624328613281, 22.32801628112793, 42.51738739013672, 145.52023315429688, 135.7683868408203, 174.30003356933594, 146.87840270996094, 139.62921142578125, 150.55279541015625, 108.48853302001953, 66.58338165283203, 34.26803970336914, 10.384810447692871], [-301.36712646484375, 53.20588684082031, 34.054298400878906, 136.73910522460938, 115.39152526855469, 139.1403045654297, 114.27495574951172, 106.6794662475586, 108.48853302001953, 129.21954345703125, 73.37506866455078, 37.69285202026367, 8.185718536376953], [-232.2720947265625, 68.08821868896484, 70.99247741699219, 96.91761779785156, 80.46636962890625, 106.58429718017578, 80.55711364746094, 63.443328857421875, 66.58338165283203, 73.37506866455078, 94.31645202636719, 52.5833740234375, 20.44597053527832], [-121.46578979492188, 65.04354095458984, 65.0500717163086, 63.793697357177734, 49.51493835449219, 64.66814422607422, 40.08245086669922, 28.13271141052246, 34.26803970336914, 37.69285202026367, 52.5833740234375, 65.22574615478516, 30.51799201965332], [-76.20912170410156, 43.742042541503906, 69.29598999023438, 40.686729431152344, 30.02191925048828, 28.84757423400879, 5.832189083099365, -1.245624303817749, 10.384810447692871, 8.185718536376953, 20.44597053527832, 30.51799201965332, 53.11425018310547]], "lowlevel.mfcc.icov": [[0.0002797524502966553, 0.00023486695135943592, -2.964867053378839e-05, 6.871322693768889e-05, 0.0002898426610045135, 0.00015089838416315615, 0.00038153983769007027, -5.339575363905169e-05, -0.0002763705560937524, 5.418323053163476e-05, 7.776202983222902e-05, -0.00033332177554257214, 0.00011235131387365982], [0.00023486695135943592, 0.001662628841586411, 1.4968400137149729e-05, -0.0005622421158477664, 0.0003934843116439879, -0.0001519693760201335, 0.0011008924338966608, -0.0003553973219823092, 0.0004868465766776353, -0.00025235855719074607, -0.00046974181896075606, -0.0009982868796214461, -0.00019207244622521102], [-2.964867053378839e-05, 1.4968400137149729e-05, 0.0029651974327862263, -0.0013868783134967089, -0.0008974484517239034, 0.00041752876131795347, -0.0006388021865859628, 0.002457223366945982, -0.0010962191736325622, 0.001502418890595436, -0.0015546041540801525, -0.00032032575109042227, -0.0016875213477760553], [6.871322693768889e-05, -0.0005622421158477664, -0.0013868783134967089, 0.0072951046749949455, -0.003926592413336039, -0.0024379012174904346, 0.0026679050642997026, -0.002423998201265931, 0.0010339004220440984, -0.00253219623118639, 0.0008028643787838519, 0.00011101461132057011, -0.0002082057617371902], [0.0002898426610045135, 0.0003934843116439879, -0.0008974484517239034, -0.003926592413336039, 0.012776732444763184, -0.004536597058176994, -0.002245365409180522, 0.0036533691454678774, -0.0025834995321929455, -0.0015349824680015445, 0.0015676527982577682, 0.0006481444579549134, -0.00038930465234443545], [0.00015089838416315615, -0.0001519693760201335, 0.00041752876131795347, -0.0024379012174904346, -0.004536597058176994, 0.013942197896540165, -0.006596543360501528, -0.001883983495645225, -0.001738066552206874, 0.0022965308744460344, -0.0017303918721154332, -0.0016277387039735913, -0.0010762769961729646], [0.00038153983769007027, 0.0011008924338966608, -0.0006388021865859628, 0.0026679050642997026, -0.002245365409180522, -0.006596543360501528, 0.018733898177742958, -0.012197284959256649, 0.001714903162792325, 5.47367162653245e-05, -0.0018136966973543167, -0.0006046841153874993, 0.0016411931719630957], [-5.339575363905169e-05, -0.0003553973219823092, 0.002457223366945982, -0.002423998201265931, 0.0036533691454678774, -0.001883983495645225, -0.012197284959256649, 0.024324772879481316, -0.010296332649886608, -0.00088167266221717, 0.0011065158760175109, 0.0008454560302197933, 0.0009723600232973695], [-0.0002763705560937524, 0.0004868465766776353, -0.0010962191736325622, 0.0010339004220440984, -0.0025834995321929455, -0.001738066552206874, 0.001714903162792325, -0.010296332649886608, 0.027144452556967735, -0.012935847975313663, -0.0008335545426234603, 0.0008079490507952869, -0.0016417696606367826], [5.418323053163476e-05, -0.00025235855719074607, 0.001502418890595436, -0.00253219623118639, -0.0015349824680015445, 0.0022965308744460344, 5.47367162653245e-05, -0.00088167266221717, -0.012935847975313663, 0.026986801996827126, -0.01107805222272873, -0.0006414157105609775, 0.002861861838027835], [7.776202983222902e-05, -0.00046974181896075606, -0.0015546041540801525, 0.0008028643787838519, 0.0015676527982577682, -0.0017303918721154332, -0.0018136966973543167, 0.0011065158760175109, -0.0008335545426234603, -0.01107805222272873, 0.03077509254217148, -0.016119712963700294, 0.0014760274207219481], [-0.00033332177554257214, -0.0009982868796214461, -0.00032032575109042227, 0.00011101461132057011, 0.0006481444579549134, -0.0016277387039735913, -0.0006046841153874993, 0.0008454560302197933, 0.0008079490507952869, -0.0006414157105609775, -0.016119712963700294, 0.03626037761569023, -0.013407471589744091], [0.00011235131387365982, -0.00019207244622521102, -0.0016875213477760553, -0.0002082057617371902, -0.00038930465234443545, -0.0010762769961729646, 0.0016411931719630957, 0.0009723600232973695, -0.0016417696606367826, 0.002861861838027835, 0.0014760274207219481, -0.013407471589744091, 0.029170364141464233]], "metadata.audio_properties.analysis.downmix": "mix", "metadata.audio_properties.codec": "mp3", "metadata.audio_properties.md5_encoded": "6cc78eb76a2b63c1ab411d337a73e562", "metadata.tags.file_name": "1183689056400449596.mp3", "metadata.version.essentia": "2.1-beta6-dev", "metadata.version.essentia_git_sha": "v2.1_beta5-1110-g77a6a954", "metadata.version.extractor": "music 2.0", "tonal.chords_key": "A", "tonal.chords_scale": "major", "tonal.key_edma.key": "D", "tonal.key_edma.scale": "minor", "tonal.key_krumhansl.key": "D", "tonal.key_krumhansl.scale": "minor", "tonal.key_temperley.key": "D", "tonal.key_temperley.scale": "minor", "metadata.tags.encoding": ["Lavf58.45.100"]}, "essentia_models": [{"model_name": "genre_dortmund", "activations": {"alternative": "0.009936404", "blues": "0.0032410182", "electronic": "0.52533376", "folkcountry": "0.0010559217", "funksoulrnb": "0.016578166", "jazz": "0.016367339", "pop": "0.0260019"