{"song_id": "1183698423430512670", "download": "https://cdn.discordapp.com/attachments/1135903449314238464/1183698423430512670/chirp.mp4?ex=65894810&amp", "lyrics": "Ich mag's zu fahren-fahren\nin meinem Wagen Wagen\nmit deinem Damen Damen\nnach Baden-Baden.", "style": ["eurodance"], "essentia_features": {"lowlevel.average_loudness": 0.9861934781074524, "lowlevel.barkbands_crest.mean": 15.33089828491211, "lowlevel.barkbands_crest.stdev": 5.810269355773926, "lowlevel.barkbands_flatness_db.mean": 0.18462693691253662, "lowlevel.barkbands_flatness_db.stdev": 0.07535441219806671, "lowlevel.barkbands_kurtosis.mean": 25.057939529418945, "lowlevel.barkbands_kurtosis.stdev": 38.60838317871094, "lowlevel.barkbands_skewness.mean": 3.559501886367798, "lowlevel.barkbands_skewness.stdev": 2.674405097961426, "lowlevel.barkbands_spread.mean": 18.45383644104004, "lowlevel.barkbands_spread.stdev": 19.056556701660156, "lowlevel.dissonance.mean": 0.45874646306037903, "lowlevel.dissonance.stdev": 0.02791852317750454, "lowlevel.dynamic_complexity": 2.158158302307129, "lowlevel.erbbands_crest.mean": 8.801607131958008, "lowlevel.erbbands_crest.stdev": 3.9453320503234863, "lowlevel.erbbands_flatness_db.mean": 0.12262026220560074, "lowlevel.erbbands_flatness_db.stdev": 0.04126789793372154, "lowlevel.erbbands_kurtosis.mean": 1.227419137954712, "lowlevel.erbbands_kurtosis.stdev": 2.5037927627563477, "lowlevel.erbbands_skewness.mean": 0.8168737292289734, "lowlevel.erbbands_skewness.stdev": 0.6701485514640808, "lowlevel.erbbands_spread.mean": 51.77608871459961, "lowlevel.erbbands_spread.stdev": 26.460704803466797, "lowlevel.hfc.mean": 20.15457534790039, "lowlevel.hfc.stdev": 17.18058967590332, "lowlevel.loudness_ebu128.integrated": -13.39012336730957, "lowlevel.loudness_ebu128.loudness_range": 0.4524412155151367, "lowlevel.loudness_ebu128.momentary.mean": -13.41433334350586, "lowlevel.loudness_ebu128.momentary.stdev": 0.46641209721565247, "lowlevel.loudness_ebu128.short_term.mean": -13.333192825317383, "lowlevel.loudness_ebu128.short_term.stdev": 0.16747301816940308, "lowlevel.melbands_crest.mean": 19.31342124938965, "lowlevel.melbands_crest.stdev": 6.998885154724121, "lowlevel.melbands_flatness_db.mean": 0.2536391615867615, "lowlevel.melbands_flatness_db.stdev": 0.09430110454559326, "lowlevel.melbands_kurtosis.mean": 54.9962158203125, "lowlevel.melbands_kurtosis.stdev": 69.93121337890625, "lowlevel.melbands_skewness.mean": 4.982332229614258, "lowlevel.melbands_skewness.stdev": 3.172971248626709, "lowlevel.melbands_spread.mean": 12.879341125488281, "lowlevel.melbands_spread.stdev": 14.940291404724121, "lowlevel.pitch_salience.mean": 0.43342188000679016, "lowlevel.pitch_salience.stdev": 0.2073807418346405, "lowlevel.silence_rate_20dB.mean": 1.0, "lowlevel.silence_rate_20dB.stdev": 0.0, "lowlevel.silence_rate_30dB.mean": 0.8217635750770569, "lowlevel.silence_rate_30dB.stdev": 0.38271206617355347, "lowlevel.silence_rate_60dB.mean": 0.011257035657763481, "lowlevel.silence_rate_60dB.stdev": 0.1055004745721817, "lowlevel.spectral_centroid.mean": 894.1657104492188, "lowlevel.spectral_centroid.stdev": 595.5155029296875, "lowlevel.spectral_complexity.mean": 13.369606018066406, "lowlevel.spectral_complexity.stdev": 4.589776039123535, "lowlevel.spectral_decrease.mean": -1.4705331174980074e-08, "lowlevel.spectral_decrease.stdev": 1.4281525295700703e-08, "lowlevel.spectral_energy.mean": 0.05732942000031471, "lowlevel.spectral_energy.stdev": 0.05417310819029808, "lowlevel.spectral_energyband_high.mean": 0.001087754382751882, "lowlevel.spectral_energyband_high.stdev": 0.0016428595408797264, "lowlevel.spectral_energyband_low.mean": 0.04393941909074783, "lowlevel.spectral_energyband_low.stdev": 0.055024463683366776, "lowlevel.spectral_energyband_middle_high.mean": 0.0026880314107984304, "lowlevel.spectral_energyband_middle_high.stdev": 0.0030761349480599165, "lowlevel.spectral_energyband_middle_low.mean": 0.01264913659542799, "lowlevel.spectral_energyband_middle_low.stdev": 0.017854420468211174, "lowlevel.spectral_entropy.mean": 7.700789928436279, "lowlevel.spectral_entropy.stdev": 0.48935842514038086, "lowlevel.spectral_flux.mean": 0.14893858134746552, "lowlevel.spectral_flux.stdev": 0.09879812598228455, "lowlevel.spectral_kurtosis.mean": 3.165782928466797, "lowlevel.spectral_kurtosis.stdev": 2.59470534324646, "lowlevel.spectral_rms.mean": 0.006654734257608652, "lowlevel.spectral_rms.stdev": 0.0034125731326639652, "lowlevel.spectral_rolloff.mean": 1118.3919677734375, "lowlevel.spectral_rolloff.stdev": 2266.357177734375, "lowlevel.spectral_skewness.mean": 1.5849883556365967, "lowlevel.spectral_skewness.stdev": 0.49449995160102844, "lowlevel.spectral_spread.mean": 6775446.5, "lowlevel.spectral_spread.stdev": 2452341.5, "lowlevel.spectral_strongpeak.mean": 0.7058506011962891, "lowlevel.spectral_strongpeak.stdev": 0.5046208500862122, "lowlevel.zerocrossingrate.mean": 0.056974999606609344, "lowlevel.zerocrossingrate.stdev": 0.051094718277454376, "metadata.audio_properties.analysis.equal_loudness": 0.0, "metadata.audio_properties.analysis.length": 12.330657958984375, "metadata.audio_properties.analysis.sample_rate": 44100.0, "metadata.audio_properties.analysis.start_time": 0.0, "metadata.audio_properties.bit_rate": 118742.0, "metadata.audio_properties.length": 12.330666542053223, "metadata.audio_properties.lossless": 0.0, "metadata.audio_properties.number_channels": 1.0, "metadata.audio_properties.replay_gain": -12.070735931396484, "metadata.audio_properties.sample_rate": 48000.0, "rhythm.beats_count": 28.0, "rhythm.beats_loudness.mean": 0.15544523298740387, "rhythm.beats_loudness.stdev": 0.02902872860431671, "rhythm.bpm": 137.9050750732422, "rhythm.bpm_histogram_first_peak_bpm": 140.0, "rhythm.bpm_histogram_first_peak_weight": 0.48148149251937866, "rhythm.bpm_histogram_second_peak_bpm": 0.0, "rhythm.bpm_histogram_second_peak_spread": 0.0, "rhythm.bpm_histogram_second_peak_weight": 0.0, "rhythm.danceability": 2.8177573680877686, "rhythm.onset_rate": 5.5856804847717285, "tonal.chords_changes_rate": 0.1086142286658287, "tonal.chords_number_rate": 0.033707864582538605, "tonal.chords_strength.mean": 0.5912301540374756, "tonal.chords_strength.stdev": 0.10013846307992935, "tonal.hpcp_crest.mean": 13.211397171020508, "tonal.hpcp_crest.stdev": 5.986542224884033, "tonal.hpcp_entropy.mean": 2.0669960975646973, "tonal.hpcp_entropy.stdev": 0.690237283706665, "tonal.key_edma.strength": 0.672872006893158, "tonal.key_krumhansl.strength": 0.6743813157081604, "tonal.key_temperley.strength": 0.6895591020584106, "tonal.tuning_diatonic_strength": 0.6290830969810486, "tonal.tuning_equal_tempered_deviation": 0.26131299138069153, "tonal.tuning_frequency": 444.5986328125, "tonal.tuning_nontempered_energy_ratio": 0.9246309995651245, "lowlevel.barkbands.mean": [0.0006831306964159012, 0.028830772265791893, 0.011586413718760014, 0.0038761452306061983, 0.004000191111117601, 0.0010618976084515452, 0.0006621006759814918, 0.0005395368207246065, 0.002022822154685855, 0.0010643366258591413, 0.0005158409476280212, 0.0006813778891228139, 0.0002258315507788211, 0.00014967762399464846, 9.705279808258638e-05, 6.28873604000546e-05, 4.873362559010275e-05, 5.000957753509283e-05, 4.813630221178755e-05, 8.121072460198775e-05, 0.000111691806523595, 0.00015678841737098992, 0.00021563855989370495, 0.00017726627993397415, 0.0001938234781846404, 0.00018611934501677752, 2.822640343680405e-09], "lowlevel.barkbands.stdev": [0.0011662855977192521, 0.03986179828643799, 0.02788972295820713, 0.01192131545394659, 0.005793157499283552, 0.0015533395344391465, 0.0010479766642674804, 0.0009843689622357488, 0.005051563028246164, 0.0022881729528307915, 0.0008495148504152894, 0.0010228966129943728, 0.0003195730969309807, 0.00017700280295684934, 0.00013282056897878647, 7.091918087098747e-05, 5.3149382438277826e-05, 5.3263727750163525e-05, 5.959882037132047e-05, 0.00010188646410824731, 0.0001335220440523699, 0.000216560423723422, 0.0003391115751583129, 0.00029408864793367684, 0.00037362240254879, 0.00037034053821116686, 1.832665930123767e-08], "lowlevel.erbbands.mean": [0.7564375400543213, 6.636112213134766, 13.599434852600098, 15.447412490844727, 8.212934494018555, 16.172712326049805, 15.481035232543945, 6.781966209411621, 7.0361504554748535, 14.134361267089844, 15.140792846679688, 40.64339065551758, 49.53699493408203, 24.839723587036133, 24.450286865234375, 25.352441787719727, 11.641959190368652, 8.910820007324219, 5.889375686645508, 4.326941013336182, 3.259676933288574, 2.8516788482666016, 2.7349839210510254, 2.510589361190796, 2.838587522506714, 3.766071319580078, 4.436448097229004, 4.4137725830078125, 5.7386956214904785, 5.543118000030518, 6.355015754699707, 3.638223886489868, 3.222454309463501, 1.8829156160354614, 1.4698916673660278, 1.008651614189148, 0.33954286575317383, 0.0183046106249094, 0.0004090036381967366, 8.742787031223997e-05], "lowlevel.erbbands.stdev": [1.031548023223877, 10.134099006652832, 29.206254959106445, 41.51052474975586, 20.744281768798828, 23.566043853759766, 20.6993350982666, 8.883552551269531, 10.498004913330078, 22.839935302734375, 33.07290267944336, 108.64496612548828, 111.93006896972656, 41.484039306640625, 34.757205963134766, 35.52023696899414, 14.459151268005371, 10.603178977966309, 8.462921142578125, 4.365933895111084, 3.6048645973205566, 2.8979058265686035, 2.7733473777770996, 2.9705703258514404, 3.475362777709961, 4.863892078399658, 5.43574857711792, 5.528911113739014, 8.063844680786133, 8.646018981933594, 9.805462837219238, 6.0549516677856445, 5.3848981857299805, 3.5287063121795654, 2.9412217140197754, 2.0181515216827393, 0.6869030594825745, 0.03864787146449089, 0.0007707288023084402, 6.873907113913447e-05], "lowlevel.gfcc.mean": [4.952536582946777, 81.75269317626953, -78.55717468261719, 26.81522560119629, -65.65723419189453, 38.9102783203125, -28.756059646606445, 12.800951957702637, -28.180618286132812, 7.560129165649414, -18.530492782592773, 7.477866172790527, -8.231718063354492], "lowlevel.melbands.mean": [0.007494863588362932, 0.007715722545981407, 0.0023758187890052795, 0.000770402024500072, 0.0006460699369199574, 0.00016231676272582263, 0.000115453869511839, 0.00014259686577133834, 0.0001345071359537542, 0.0002871018077712506, 0.00024588973610661924, 9.889283683151007e-05, 7.731334335403517e-05, 8.340903150383383e-05, 4.0456867282046005e-05, 2.0651976228691638e-05, 1.5867568436078727e-05, 9.759286513144616e-06, 6.496778496511979e-06, 5.051662355981534e-06, 3.4584068089316133e-06, 2.9017019187449478e-06, 2.702286792555242e-06, 2.2849008018965833e-06, 1.996189212150057e-06, 1.7555494196130894e-06, 2.446139660605695e-06, 2.519191866667825e-06, 2.727811306613148e-06, 2.723327270359732e-06, 2.45444743995904e-06, 3.2255843507300597e-06, 3.1833965294936206e-06, 3.018380539288046e-06, 3.6554802136379294e-06, 3.0801802495261654e-06, 2.045317387455725e-06, 2.3439554297510767e-06, 1.904501800709113e-06, 1.505709974480851e-06], "lowlevel.melbands.stdev": [0.009693803265690804, 0.01317793782800436, 0.006010381039232016, 0.0013086878461763263, 0.0008048754534684122, 0.00021530971571337432, 0.00016644505376461893, 0.00022698509565088898, 0.0003332978521939367, 0.0007450609118677676, 0.0005566502804867923, 0.00017593344091437757, 0.00012096216232748702, 0.00013694785593543202, 4.812932093045674e-05, 2.977567055495456e-05, 1.9137421986670233e-05, 1.480442824686179e-05, 7.469144293281715e-06, 5.478519597090781e-06, 4.080951384821674e-06, 3.170997842971701e-06, 2.8350059437798336e-06, 2.490427505108528e-06, 2.5014505808940157e-06, 2.209341801062692e-06, 3.0707726637047017e-06, 3.4635065730981296e-06, 3.607933422244969e-06, 3.254843477407121e-06, 3.2820930755406152e-06, 4.6727504923183005e-06, 4.529711077339016e-06, 5.099954705656273e-06, 5.4937568165769335e-06, 5.290183253237046e-06, 3.4891786526713986e-06, 3.946026481571607e-06, 3.4787601634889143e-06, 2.9648699637618847e-06], "lowlevel.melbands128.mean": [0.0006205716636031866, 0.005211859475821257, 0.01085065770894289, 0.011083580553531647, 0.007719602435827255, 0.005512926261872053, 0.003483849111944437, 0.0013810392701998353, 0.0006977737648412585, 0.0005255476571619511, 0.0010240130359306931, 0.0010241154814139009, 0.0005402431124821305, 0.0002195375709561631, 0.00010429786198073998, 0.00017944032151717693, 0.00013726901670452207, 6.04617343924474e-05, 0.00012833646906074136, 0.00022153605823405087, 9.336983930552378e-05, 8.608691859990358e-05, 0.0001382709451718256, 0.00017965697043109685, 0.00022580513905268162, 0.00034796050749719143, 0.0004055349272675812, 0.00022434917627833784, 0.00012544369383249432, 0.00012338357919361442, 7.68151439842768e-05, 7.491372525691986e-05, 8.483226702082902e-05, 6.591283454326913e-05, 9.462003799853846e-05, 9.212704026140273e-05, 6.084610868128948e-05, 4.047392212669365e-05, 2.6881161829805933e-05, 2.1845051378477365e-05, 1.831856025091838e-05, 2.109880733769387e-05, 1.575047463120427e-05, 1.4746929991815705e-05, 9.506503374723252e-06, 1.063824038283201e-05, 7.273663413798204e-06, 6.610765012737829e-06, 6.074414159229491e-06, 5.671246526617324e-06, 4.850060577155091e-06, 4.6050568016653415e-06, 3.722035444297944e-06, 2.949292138509918e-06, 2.7985313408862567e-06, 2.950564294224023e-06, 2.980231556648505e-06, 2.7307421532896115e-06, 2.695096782190376e-06, 2.4111866423481843e-06, 2.3261104615812656e-06, 2.0725788090203423e-06, 2.2282647478277795e-06, 2.0026948277518386e-06, 1.5751470527902711e-06, 1.6446614381493418e-06, 1.760063014444313e-06, 2.4823600597301265e-06, 2.7938672246818896e-06, 2.166893409594195e-06, 2.334734062969801e-06, 2.967697128042346e-06, 2.4882738216547295e-06, 2.806393695209408e-06, 2.737298473221017e-06, 2.750496605585795e-06, 2.8458284759835806e-06, 2.3806842364137992e-06, 2.320850398973562e-06, 2.4502289761585416e-06, 3.2411146548838587e-06, 3.629072807598277e-06, 3.177299731760286e-06, 3.3517176234454382e-06, 2.758519258350134e-06, 3.300627895441721e-06, 2.733503379204194e-06, 3.223202156732441e-06, 3.298411229479825e-06, 4.495910616242327e-06, 4.195600467937766e-06, 2.5563367671566084e-06, 1.4795967899772222e-06, 1.882178025880421e-06, 2.484928245394258e-06, 2.3399063593387837e-06, 2.2567464839085005e-06, 2.5044098492799094e-06, 1.8279279174748808e-06, 1.9254794096923433e-06, 1.1483331263661967e-06, 1.841303969740693e-06, 1.1831829169750563e-06, 1.3379176380112767e-06, 1.1305797897875891e-06, 2.552908654251951e-06, 2.0798886453121668e-06, 1.4249948208089336e-06, 1.828189624575316e-06, 1.811911147342471e-06, 1.688783754616452e-06, 1.647843077989819e-06, 9.982429673982551e-07, 6.227144240256166e-07, 4.3247359826636966e-07, 2.94638784481549e-08, 3.5909285961421844e-11, 2.439042717794493e-11, 9.469132075667908e-12, 8.940684997904569e-12, 8.405371884623314e-12, 8.060487173555675e-12, 7.857023191781831e-12, 7.710776461777868e-12, 7.562427246921022e-12, 7.41017403688149e-12, 7.313644481699022e-12, 7.267371600339079e-12], "lowlevel.melbands128.stdev": [0.0011380916694179177, 0.008325083181262016, 0.01466168463230133, 0.020004253834486008, 0.017284171655774117, 0.01367698609828949, 0.010070167481899261, 0.004369915928691626, 0.002001130720600486, 0.0013457859167829156, 0.0015926022315397859, 0.001455499092116952, 0.0008697116863913834, 0.0004643488209694624, 0.00019471574341878295, 0.00021195337467361242, 0.00020139681873843074, 0.00017557034152559936, 0.00025563943199813366, 0.00038471160223707557, 0.00018837819516193122, 0.0001980791421374306, 0.00034099709591828287, 0.0005715696606785059, 0.0007698855479247868, 0.0009616375318728387, 0.0010263982694596052, 0.0005620555020868778, 0.00033110746880993247, 0.0002698533935472369, 0.00014298905443865806, 0.0001401585031999275, 0.00016143421817105263, 0.00010666232265066355, 0.0001866568491095677, 0.00020150428463239223, 8.95513512659818e-05, 5.5724212870700285e-05, 4.26185542892199e-05, 3.4500815672799945e-05, 3.432464291108772e-05, 3.608313636505045e-05, 2.107649743265938e-05, 2.1600220861728303e-05, 1.652952232689131e-05, 2.5372270101797767e-05, 1.0894970728259068e-05, 9.55478026298806e-06, 7.572089089080691e-06, 7.020392331469338e-06, 7.403100426017772e-06, 6.610264335904503e-06, 5.0301368901273236e-06, 4.286413059162442e-06, 4.339502538641682e-06, 3.7053889627713943e-06, 3.3728051676007453e-06, 3.392522330614156e-06, 3.399560455363826e-06, 2.831920028256718e-06, 3.007440000146744e-06, 2.8262481919227866e-06, 3.1473712169827195e-06, 2.8983001811866416e-06, 2.1385726540756878e-06, 2.315552364962059e-06, 2.6196530598099343e-06, 3.862599442072678e-06, 3.59282125828031e-06, 3.398002036192338e-06, 3.822124199359678e-06, 4.813033228856511e-06, 3.393240376681206e-06, 4.554724910121877e-06, 3.7150573461985914e-06, 3.5915154512622394e-06, 3.996318810095545e-06, 3.433851361478446e-06, 3.658277819340583e-06, 3.5163793654646724e-06, 5.467104074341478e-06, 5.854295977769652e-06, 5.033466095483163e-06, 5.050320396549068e-06, 4.442291810846655e-06, 6.547296379721956e-06, 5.0571770771057345e-06, 5.7973038565251045e-06, 4.699032615462784e-06, 7.391962753899861e-06, 7.999909030331764e-06, 4.559018179861596e-06, 2.8801659937016666e-06, 3.5574698813434225e-06, 4.5859555939387064e-06, 4.296888164390111e-06, 4.19949628849281e-06, 4.757089755003108e-06, 3.6203034596837824e-06, 4.197725047561107e-06, 2.465889792802045e-06, 3.777906158575206e-06, 2.789155587379355e-06, 2.868279807444196e-06, 2.635090822877828e-06, 5.431339104688959e-06, 4.8263145799865015e-06, 3.024344550794922e-06, 3.862075118377106e-06, 3.8134917303978e-06, 3.657133447632077e-06, 3.795177462961874e-06, 2.0609709281416144e-06, 1.4329052646644413e-06, 1.074869260264677e-06, 9.392811506359067e-08, 4.855164048578331e-10, 3.107593626872074e-10, 1.8881304506002117e-11, 1.7426471723980264e-11, 1.3889446016934759e-11, 1.2964306711493734e-11, 1.2698829834900671e-11, 1.2483885453162813e-11, 1.2302292864974085e-11, 1.2158943123175003e-11, 1.205369744988749e-11, 1.19887147084774e-11], "lowlevel.mfcc.mean": [-646.9938354492188, 117.42443084716797, 37.70326614379883, 6.007007122039795, -1.3069496154785156, 19.311481475830078, 10.020269393920898, 10.514938354492188, 3.8331027030944824, 2.373840570449829, -1.4450547695159912, 0.5426861047744751, -0.6981029510498047], "lowlevel.spectral_contrast_coeffs.mean": [-0.6928226351737976, -0.790173351764679, -0.7920193076133728, -0.8361395597457886, -0.8426006436347961, -0.7785724997520447], "lowlevel.spectral_contrast_coeffs.stdev": [0.09881502389907837, 0.05145395174622536, 0.04991494119167328, 0.029721401631832123, 0.021680936217308044, 0.03166336938738823], "lowlevel.spectral_contrast_valleys.mean": [-6.484555244445801, -6.757745742797852, -6.926323890686035, -7.765298843383789, -7.882309436798096, -9.829300880432129], "lowlevel.spectral_contrast_valleys.stdev": [1.126067042350769, 1.0274392366409302, 1.0023527145385742, 0.9059821367263794, 0.9714099764823914, 1.013211965560913], "rhythm.beats_loudness_band_ratio.mean": [0.9623683094978333, 0.01403198204934597, 0.01208956353366375, 0.010453668422996998, 0.001730763935483992, 0.003191213356330991], "rhythm.beats_loudness_band_ratio.stdev": [0.019659150391817093, 0.011573822237551212, 0.007695417385548353, 0.007675049360841513, 0.0017112420173361897, 0.005091235041618347], "tonal.hpcp.mean": [0.06917118281126022, 0.07949081808328629, 0.0739385187625885, 0.07652603834867477, 0.1106935441493988, 0.1920030564069748, 0.18326173722743988, 0.17064639925956726, 0.24761863052845, 0.1827520728111267, 0.07971104234457016, 0.061878398060798645, 0.06522437930107117, 0.08592751622200012, 0.1270579844713211, 0.1315663456916809, 0.10705938935279846, 0.0824335590004921, 0.0480862632393837, 0.03904099762439728, 0.04309694468975067, 0.0451885461807251, 0.06082094833254814, 0.06140032410621643, 0.05416465550661087, 0.06576524674892426, 0.07977019995450974, 0.08004657924175262, 0.09423837810754776, 0.14680175483226776, 0.1230909526348114, 0.05904201790690422, 0.054855041205883026, 0.0644950419664383, 0.06827517598867416, 0.06512997299432755], "tonal.hpcp.stdev": [0.20806260406970978, 0.21869954466819763, 0.20941586792469025, 0.2075180560350418, 0.23903872072696686, 0.33377930521965027, 0.2969079613685608, 0.2828190326690674, 0.38796621561050415, 0.30974698066711426, 0.20297053456306458, 0.17811700701713562, 0.18669795989990234, 0.1987016350030899, 0.2644670009613037, 0.24250704050064087, 0.24525563418865204, 0.1987447291612625, 0.14032049477100372, 0.11777269095182419, 0.12762805819511414, 0.1481781303882599, 0.1825784593820572, 0.18400920927524567, 0.1561347246170044, 0.16646894812583923, 0.18386654555797577, 0.17809028923511505, 0.1896764487028122, 0.2479640245437622, 0.2316148579120636, 0.145544171333313, 0.16214732825756073, 0.1961362212896347, 0.18257424235343933, 0.1771400272846222], "rhythm.beats_position": [0.4643990993499756, 0.9055781960487366, 1.3351473808288574, 1.7647165060043335, 2.2058956623077393, 2.6470746994018555, 3.076643943786621, 3.5062131881713867, 3.947392225265503, 4.3769612312316895, 4.806530475616455, 5.24770975112915, 5.6888885498046875, 6.118457794189453, 6.548027038574219, 6.989206314086914, 7.41877555847168, 7.848344326019287, 8.28952407836914, 8.73070240020752, 9.160271644592285, 9.58984088897705, 10.031020164489746, 10.472199440002441, 10.901768684387207, 11.331337928771973, 11.772517204284668, 12.213695526123047], "rhythm.bpm_histogram": [0.0, 0.0, 0.0, 0.0, 0.0, 0.0, 0.0, 0.0, 0.0, 0.0, 0.0, 0.0, 0.0, 0.0, 0.0, 0.0, 0.0, 0.0, 0.0, 0.0, 0.0, 0.0, 0.0, 0.0, 0.0, 0.0, 0.0, 0.0, 0.0, 0.0, 0.0, 0.0, 0.0, 0.0, 0.0, 0.0, 0.0, 0.0, 0.0, 0.0, 0.0, 0.0, 0.0, 0.0, 0.0, 0.0, 0.0, 0.0, 0.0, 0.0, 0.0, 0.0, 0.0, 0.0, 0.0, 0.0, 0.0, 0.0, 0.0, 0.0, 0.0, 0.0, 0.0, 0.0, 0.0, 0.0, 0.0, 0.0, 0.0, 0.0, 0.0, 0.0, 0.0, 0.0, 0.0, 0.0, 0.0, 0.0, 0.0, 0.0, 0.0, 0.0, 0.0, 0.0, 0.0, 0.0, 0.0, 0.0, 0.0, 0.0, 0.0, 0.0, 0.0, 0.0, 0.0, 0.0, 0.0, 0.0, 0.0, 0.0, 0.0, 0.0, 0.0, 0.0, 0.0, 0.0, 0.0, 0.0, 0.0, 0.0, 0.0, 0.0, 0.0, 0.0, 0.0, 0.0, 0.0, 0.0, 0.0, 0.0, 0.0, 0.0, 0.0, 0.0, 0.0, 0.0, 0.0, 0.0, 0.0, 0.0, 0.0, 0.0, 0.0, 0.0, 0.0, 0.0, 0.48148149251937866, 0.0, 0.0, 0.0, 0.5185185074806213, 0.0, 0.0, 0.0, 0.0, 0.0, 0.0, 0.0, 0.0, 0.0, 0.0, 0.0, 0.0, 0.0, 0.0, 0.0, 0.0, 0.0, 0.0, 0.0, 0.0, 0.0, 0.0, 0.0, 0.0, 0.0, 0.0, 0.0, 0.0, 0.0, 0.0, 0.0, 0.0, 0.0, 0.0, 0.0, 0.0, 0.0, 0.0, 0.0, 0.0, 0.0, 0.0, 0.0, 0.0, 0.0, 0.0, 0.0, 0.0, 0.0, 0.0, 0.0, 0.0, 0.0, 0.0, 0.0, 0.0, 0.0, 0.0, 0.0, 0.0, 0.0, 0.0, 0.0, 0.0, 0.0, 0.0, 0.0, 0.0, 0.0, 0.0, 0.0, 0.0, 0.0, 0.0, 0.0, 0.0, 0.0, 0.0, 0.0, 0.0, 0.0, 0.0, 0.0, 0.0, 0.0, 0.0, 0.0, 0.0, 0.0, 0.0, 0.0, 0.0, 0.0, 0.0, 0.0, 0.0, 0.0, 0.0, 0.0, 0.0, 0.0, 0.0, 0.0, 0.0, 0.0, 0.0, 0.0, 0.0, 0.0], "tonal.chords_histogram": [0.0, 0.0, 0.0, 6.741572856903076, 0.0, 0.0, 0.0, 0.0, 0.3745318353176117, 0.0, 9.363295555114746, 1.8726592063903809, 5.992509365081787, 0.0, 2.2471909523010254, 0.0, 0.0, 41.57303237915039, 0.0, 13.108613967895508, 11.985018730163574, 6.741572856903076, 0.0, 0.0], "tonal.thpcp": [1.0, 0.7380384802818298, 0.3219105303287506, 0.2498939484357834, 0.2634066045284271, 0.3470155596733093, 0.513119637966156, 0.5313265323638916, 0.43235594034194946, 0.3329053223133087, 0.19419485330581665, 0.15766583383083344, 0.1740456521511078, 0.18249250948429108, 0.24562346935272217, 0.24796326458454132, 0.2187422513961792, 0.2655908763408661, 0.3221494257450104, 0.32326558232307434, 0.3805786967277527, 0.5928542613983154, 0.4970989227294922, 0.23843932151794434, 0.22153034806251526, 0.2604611814022064, 0.27572712302207947, 0.26302534341812134, 0.27934563159942627, 0.3210211396217346, 0.29859837889671326, 0.30904799699783325, 0.4470323622226715, 0.7753982543945312, 0.7400967478752136, 0.6891500949859619], "lowlevel.gfcc.cov": [[7847.00830078125, -367.0395202636719, 30.471452713012695, 295.1060791015625, -284.0537109375, 180.7107391357422, -124.3038101196289, 214.26388549804688, -163.93106079101562, 59.54911804199219, -264.55499267578125, 40.6685791015625, -167.6025848388672], [-367.0395202636719, 1080.2376708984375, -84.08332824707031, 21.03369903564453, 195.20701599121094, 105.7542724609375, 236.5053253173828, -47.212806701660156, 146.60110473632812, -136.8357696533203, 84.09312438964844, -198.12635803222656, 68.9624252319336], [30.471452713012695, -84.08332824707031, 475.7497863769531, 208.3390350341797, 188.75753784179688, 60.849327087402344, 37.592864990234375, 47.65597152709961, 61.070350646972656, 53.83039474487305, 27.550199508666992, 12.601273536682129, -32.91912078857422], [295.1060791015625, 21.03369903564453, 208.3390350341797, 360.4149475097656, 200.84170532226562, 109.74617004394531, 110.49146270751953, 51.8281364440918, 108.58839416503906, 16.631040573120117, 56.56830978393555, -23.815893173217773, 3.0159335136413574], [-284.0537109375, 195.20701599121094, 188.75753784179688, 200.84170532226562, 281.8291015625, 103.77828979492188, 149.83840942382812, 39.19106674194336, 111.3255844116211, 0.9298037886619568, 69.85443115234375, -38.50333023071289, 14.948698997497559], [180.7107391357422, 105.7542724609375, 60.849327087402344, 109.74617004394531, 103.77828979492188, 179.5769805908203, 183.9443817138672, 79.88622283935547, 98.8555908203125, 16.007341384887695, 62.0813102722168, -12.29690170288086, 21.30607795715332], [-124.3038101196289, 236.5053253173828, 37.592864990234375, 110.49146270751953, 149.83840942382812, 183.9443817138672, 320.42523193359375, 118.75507354736328, 157.33612060546875, 3.832723379135132, 92.76896667480469, -32.82213592529297, 34.19419479370117], [214.26388549804688, -47.212806701660156, 47.65597152709961, 51.8281364440918, 39.19106674194336, 79.88622283935547, 118.75507354736328, 117.77098846435547, 75.1636962890625, 42.75990676879883, 34.71200942993164, 19.573686599731445, -0.9037902355194092], [-163.93106079101562, 146.60110473632812, 61.070350646972656, 108.58839416503906, 111.3255844116211, 98.8555908203125, 157.33612060546875, 75.1636962890625, 165.7872314453125, 40.923458099365234, 80.1549072265625, -25.55367088317871, 21.724096298217773], [59.54911804199219, -136.8357696533203, 53.83039474487305, 16.631040573120117, 0.9298037886619568, 16.007341384887695, 3.832723379135132, 42.75990676879883, 40.923458099365234, 105.23683166503906, 44.31656265258789, 58.17922592163086, 0.3340059220790863], [-264.55499267578125, 84.09312438964844, 27.550199508666992, 56.56830978393555, 69.85443115234375, 62.0813102722168, 92.76896667480469, 34.71200942993164, 80.1549072265625, 44.31656265258789, 105.4149398803711, 29.51497459411621, 40.53281021118164], [40.6685791015625, -198.12635803222656, 12.601273536682129, -23.815893173217773, -38.50333023071289, -12.29690170288086, -32.82213592529297, 19.573686599731445, -25.55367088317871, 58.17922592163086, 29.51497459411621, 117.66949462890625, 29.189706802368164], [-167.6025848388672, 68.9624252319336, -32.91912078857422, 3.0159335136413574, 14.948698997497559, 21.30607795715332, 34.19419479370117, -0.9037902355194092, 21.724096298217773, 0.3340059220790863, 40.53281021118164, 29.189706802368164, 69.84811401367188]], "lowlevel.gfcc.icov": [[0.0002723468351177871, -0.00042517163092270494, 0.00013292100629769266, -0.0007280373829416931, 0.00054426264250651, -0.0007529326830990613, 0.0004583920235745609, -0.0009375532390549779, 0.0005879175732843578, -0.0005944067379459739, 0.0011644482146948576, -0.0005640634335577488, 0.00042400037636980414], [-0.00042517163092270494, 0.003470322350040078, -0.00020117071107961237, 0.0024059987626969814, -0.0018054665997624397, 0.001208073110319674, -0.0015876536490395665, 0.0031600305810570717, -0.0019127681152895093, 0.0028797548729926348, -0.004305304028093815, 0.005006260704249144, -0.0028218324296176434], [0.00013292100629769266, -0.00020117071107961237, 0.004010356962680817, -0.0014019920490682125, -0.002438576193526387, -0.0008935776422731578, 0.001237882417626679, -0.0008910525357350707, 0.00015920634905342013, -0.0014902729308232665, 0.001614864799194038, -0.001720933592878282, 0.0023847888223826885], [-0.0007280373829416931, 0.0024059987626969814, -0.0014019920490682125, 0.008076749742031097, -0.004459375515580177, -0.00014107974129728973, 0.00019225385040044785, 0.002715524286031723, -0.004042956046760082, 0.0037049241364002228, -0.004438594449311495, 0.0030266332905739546, -0.0016429000534117222], [0.00054426264250651, -0.0018054665997624397, -0.002438576193526387, -0.004459375515580177, 0.010989688336849213, -0.00107287778519094, -0.0015761813847348094, -0.00028312482754699886, 0.0005848531145602465, -0.00040913833072409034, 0.00027400703402236104, -0.0007258138502947986, 0.0008394141332246363], [-0.0007529326830990613, 0.001208073110319674, -0.0008935776422731578, -0.00014107974129728973, -0.00107287778519094, 0.017621997743844986, -0.00893530622124672, 0.0003474854747764766, 5.185754707781598e-05, 3.3402513508917764e-05, -0.004212644882500172, 0.0031105380039662123, -0.0030530006624758244], [0.0004583920235745609, -0.0015876536490395665, 0.001237882417626679, 0.00019225385040044785, -0.0015761813847348094, -0.00893530622124672, 0.015731485560536385, -0.010295454412698746, -0.00311186071485281, 0.004414690658450127, -0.001693399273790419, -0.000900616985745728, 0.0007766697672195733], [-0.0009375532390549779, 0.0031600305810570717, -0.0008910525357350707, 0.002715524286031723, -0.00028312482754699886, 0.0003474854747764766, -0.010295454412698746, 0.02736794948577881, -0.009111315943300724, -0.0009758574888110161, 0.0010851381812244654, -0.003758280770853162, 0.0032213707454502583], [0.0005879175732843578, -0.0019127681152895093, 0.00015920634905342013, -0.004042956046760082, 0.0005848531145602465, 5.185754707781598e-05, -0.00311186071485281, -0.009111315943300724, 0.02473912015557289, -0.011612541042268276, -0.004603384528309107, 0.009920627810060978, -0.004299950320273638], [-0.0005944067379459739, 0.0028797548729926348, -0.0014902729308232665, 0.0037049241364002228, -0.00040913833072409034, 3.3402513508917764e-05, 0.004414690658450127, -0.0009758574888110161, -0.011612541042268276, 0.02761305496096611, -0.011761893518269062, -0.007542395498603582, 0.006228748708963394], [0.0011644482146948576, -0.004305304028093815, 0.001614864799194038, -0.004438594449311495, 0.00027400703402236104, -0.004212644882500172, -0.001693399273790419, 0.0010851381812244654, -0.004603384528309107, -0.011761893518269062, 0.03444906696677208, -0.01278400793671608, -0.003093339968472719], [-0.0005640634335577488, 0.005006260704249144, -0.001720933592878282, 0.0030266332905739546, -0.0007258138502947986, 0.0031105380039662123, -0.000900616985745728, -0.003758280770853162, 0.009920627810060978, -0.007542395498603582, -0.01278400793671608, 0.031553491950035095, -0.01645641028881073], [0.00042400037636980414, -0.0028218324296176434, 0.0023847888223826885, -0.0016429000534117222, 0.0008394141332246363, -0.0030530006624758244, 0.0007766697672195733, 0.0032213707454502583, -0.004299950320273638, 0.006228748708963394, -0.003093339968472719, -0.01645641028881073, 0.0297080148011446]], "lowlevel.mfcc.cov": [[4291.2275390625, -396.4195861816406, 186.39312744140625, 45.06724166870117, -100.5129165649414, -51.49702072143555, 1.896510124206543, 111.72303009033203, 65.04757690429688, 60.47657775878906, 2.8831851482391357, -37.905338287353516, -63.67221450805664], [-396.4195861816406, 887.4591064453125, -69.20999908447266, -23.92941665649414, 10.126193046569824, 93.7387466430664, 86.5649642944336, 65.61248779296875, 71.1017837524414, 35.942901611328125, 27.40880584716797, 17.815006256103516, -8.570301055908203], [186.39312744140625, -69.20999908447266, 277.2730407714844, 119.4970932006836, 111.54147338867188, 59.936283111572266, 29.466533660888672, 28.887889862060547, 22.644681930541992, 45.43706512451172, 40.76712417602539, 25.952634811401367, 31.908937454223633], [45.06724166870117, -23.92941665649414, 119.4970932006836, 257.0091857910156, 164.98736572265625, 97.98098754882812, 51.52592849731445, 53.798824310302734, 40.99531936645508, 55.588104248046875, 40.6160774230957, 31.00043296813965, 47.043575286865234], [-100.5129165649414, 10.126193046569824, 111.54147338867188, 164.98736572265625, 203.99087524414062, 83.7693099975586, 30.096166610717773, 17.78202247619629, 16.0893497467041, 34.022682189941406, 28.49329948425293, 14.177470207214355, 27.950695037841797], [-51.49702072143555, 93.7387466430664, 59.936283111572266, 97.98098754882812, 83.7693099975586, 151.86143493652344, 93.9626235961914, 87.14571380615234, 67.15306091308594, 64.35127258300781, 54.838905334472656, 53.06890106201172, 35.593475341796875], [1.896510124206543, 86.5649642944336, 29.466533660888672, 51.52592849731445, 30.096166610717773, 93.9626235961914, 139.23951721191406, 114.34143829345703, 73.20947265625, 50.55556106567383, 53.32472229003906, 53.18840026855469, 31.405269622802734], [111.72303009033203, 65.61248779296875, 28.887889862060547, 53.798824310302734, 17.78202247619629, 87.14571380615234, 114.34143829345703, 156.56407165527344, 98.73731994628906, 67.00819396972656, 61.47199249267578, 60.783470153808594, 35.95628356933594], [65.04757690429688, 71.1017837524414, 22.644681930541992, 40.99531936645508, 16.0893497467041, 67.15306091308594, 73.20947265625, 98.73731994628906, 104.25556182861328, 72.36638641357422, 57.95551681518555, 46.622291564941406, 25.173133850097656], [60.47657775878906, 35.942901611328125, 45.43706512451172, 55.588104248046875, 34.022682189941406, 64.35127258300781, 50.55556106567383, 67.00819396972656, 72.36638641357422, 101.39159393310547, 73.27662658691406, 55.05815505981445, 30.094961166381836], [2.8831851482391357, 27.40880584716797, 40.76712417602539, 40.6160774230957, 28.49329948425293, 54.838905334472656, 53.32472229003906, 61.47199249267578, 57.95551681518555, 73.27662658691406, 94.29072570800781, 66.0166015625, 40.83319854736328], [-37.905338287353516, 17.815006256103516, 25.952634811401367, 31.00043296813965, 14.177470207214355, 53.06890106201172, 53.18840026855469, 60.783470153808594, 46.622291564941406, 55.05815505981445, 66.0166015625, 89.83087158203125, 52.7545280456543], [-63.67221450805664, -8.570301055908203, 31.908937454223633, 47.043575286865234, 27.950695037841797, 35.593475341796875, 31.405269622802734, 35.95628356933594, 25.173133850097656, 30.094961166381836, 40.83319854736328, 52.7545280456543, 73.72132110595703]], "lowlevel.mfcc.icov": [[0.00028912301058880985, 0.00010957159975077957, -0.0002591032243799418, -0.00018802558770403266, 0.00035531591856852174, 0.0001478824851801619, 0.00016047433018684387, -0.0004725820035673678, 2.1148596715647727e-05, -0.0002460196556057781, 4.8610465455567464e-05, 0.00021019880659878254, 0.0003664687101263553], [0.00010957159975077957, 0.0014032508479431272, 0.00035447184927761555, 0.00045131720253266394, -0.00019446130318101496, -0.0008318913169205189, -0.0005317637696862221, 0.0003292742185294628, -0.0009187432588078082, 1.6735850294935517e-05, -2.4284195205837023e-06, 0.00034720057738013566, 0.0004174264904577285], [-0.0002591032243799418, 0.00035447184927761555, 0.005335980094969273, -0.0005594772519543767, -0.0021279051434248686, -0.00038678591954521835, -0.000260992965195328, 0.00026250124210491776, 0.0006683715037070215, -0.000897229416295886, -0.0009580687037669122, 0.00035848651896230876, -0.0007462918292731047], [-0.00018802558770403266, 0.00045131720253266394, -0.0005594772519543767, 0.010052386671304703, -0.00666825519874692, -0.0016082628862932324, 9.725561540108174e-05, -0.0013286079047247767, 1.40428232953127e-06, -0.0022983835078775883, 0.0017861780943349004, 0.0015278427163138986, -0.0035160796251147985], [0.00035531591856852174, -0.00019446130318101496, -0.0021279051434248686, -0.00666825519874692, 0.012961404398083687, -0.003954409155994654, 0.00048019993118941784, 0.0017136475071310997, 0.0012866570614278316, 0.0005043592536821961, -0.0021370919421315193, 0.002410405781120062, 0.0002287699026055634], [0.0001478824851801619, -0.0008318913169205189, -0.00038678591954521835, -0.0016082628862932324, -0.003954409155994654, 0.01755659095942974, -0.006862789858132601, -0.0007716945838183165, -0.0012940409360453486, -0.00361578818410635, 0.0021062397863715887, -0.003327250247821212, 0.0006796587840653956], [0.00016047433018684387, -0.0005317637696862221, -0.000260992965195328, 9.725561540108174e-05, 0.00048019993118941784, -0.006862789858132601, 0.02260912023484707, -0.013128725811839104, 0.0003869921783916652, 0.004165287595242262, -0.003106706077232957, -0.0012642152141779661, 0.0008237820584326982], [-0.0004725820035673678, 0.0003292742185294628, 0.00026250124210491776, -0.0013286079047247767, 0.0017136475071310997, -0.0007716945838183165, -0.013128725811839104, 0.02717992477118969, -0.01602787710726261, 0.002103001344949007, 0.0011428460711613297, -0.0034727687016129494, -0.0011099899420514703], [2.1148596715647727e-05, -0.0009187432588078082, 0.0006683715037070215, 1.40428232953127e-06, 0.0012866570614278316, -0.0012940409360453486, 0.0003869921783916652, -0.01602787710726261, 0.0356338806450367, -0.014967666007578373, -0.0020621679723262787, 0.0032855134923011065, 0.00014431968156713992], [-0.0002460196556057781, 1.6735850294935517e-05, -0.000897229416295886, -0.0022983835078775883, 0.0005043592536821961, -0.00361578818410635, 0.004165287595242262, 0.002103001344949007, -0.014967666007578373, 0.03388144075870514, -0.01623687520623207, -0.004049316514283419, 0.003569544991478324], [4.8610465455567464e-05, -2.4284195205837023e-06, -0.0009580687037669122, 0.0017861780943349004, -0.0021370919421315193, 0.0021062397863715887, -0.003106706077232957, 0.0011428460711613297, -0.0020621679723262787, -0.01623687520623207, 0.03506115823984146, -0.01333752740174532, -0.002667188411578536], [0.00021019880659878254, 0.00034720057738013566, 0.00035848651896230876, 0.0015278427163138986, 0.002410405781120062, -0.003327250247821212, -0.0012642152141779661, -0.0034727687016129494, 0.0032855134923011065, -0.004049316514283419, -0.01333752740174532, 0.034408170729875565, -0.014686978422105312], [0.0003664687101263553, 0.0004174264904577285, -0.0007462918292731047, -0.0035160796251147985, 0.0002287699026055634, 0.0006796587840653956, 0.0008237820584326982, -0.0011099899420514703, 0.00014431968156713992, 0.003569544991478324, -0.002667188411578536, -0.014686978422105312, 0.026752697303891182]], "metadata.audio_properties.analysis.downmix": "mix", "metadata.audio_properties.codec": "mp3", "metadata.audio_properties.md5_encoded": "fcfab759c7ab818877244404ad574d75", "metadata.tags.file_name": "1183698423430512670.mp3", "metadata.version.essentia": "2.1-beta6-dev", "metadata.version.essentia_git_sha": "v2.1_beta5-1110-g77a6a954", "metadata.version.extractor": "music 2.0", "tonal.chords_key": "B", "tonal.chords_scale": "major", "tonal.key_edma.key": "C", "tonal.key_edma.scale": "minor", "tonal.key_krumhansl.key": "C", "tonal.key_krumhansl.scale": "minor", "tonal.key_temperley.key": "C", "tonal.key_temperley.scale": "minor", "metadata.tags.encoding": ["Lavf58.45.100"]}, "essentia_models": [{"model_name": "genre_dortmund", "activations": {"alternative": "0.009667902", "blues": "0.0008608156", "electronic": "0.54989725", "folkcountry": "0.009020695", "funksoulrnb": "0.009984195", "jazz": "0.034244895", "pop": "0.22737592", "raphiphop": "0.01231053", "rock": "0.08204809"}}, {"model_name": "genre_rosamerica", "activations": {"classic": "0.0025893892", "dance": "0.9960755", "hip hop": "0.0013723967", "jazz": "0.003756735", "pop": "0.002974569", "rhythm and blues": "0.00079269387", "rock": "0.001710562", "speech": "0.0031640935"}}, {"model_name": "genre_tzanetakis", "activations": {"blues": "0.00010521758", "classic": "0.025583066", "country": "0.0026768385", "disco": "0.0346214", "hip hop": "0.03830541", "jazz": "0.0036058086", "metal": "0.0064797006", "pop": "0.01051285", "reggae": "0.040913258", "rock": "0.010311342"}}, {"model_name": "genre_electronic", "activations": {"ambient": "0.0080847815", "dnb": "0.06864596", "house": "0.14909214", "techno": "0.13749036", "trance": "0.29729584"}}, {"model_name": "moo