{"song_id": "1183680570388119663", "download": "https://cdn.discordapp.com/attachments/1135911532732108921/1183680570388119663/chirp.mp4?ex=6589376f&amp", "lyrics": "In the tranquil hues of evening skies,\nDil se kahoon, teri baaton mein hi raah,\nJazbaton ka silsila, pyaar ka izhaar,\nLofi ki dhun mein, humsafar ka intezaar.", "style": ["random"], "essentia_features": {"lowlevel.average_loudness": 0.184606671333313, "lowlevel.barkbands_crest.mean": 20.22275161743164, "lowlevel.barkbands_crest.stdev": 5.319840908050537, "lowlevel.barkbands_flatness_db.mean": 0.3905363082885742, "lowlevel.barkbands_flatness_db.stdev": 0.11662508547306061, "lowlevel.barkbands_kurtosis.mean": 166.8630828857422, "lowlevel.barkbands_kurtosis.stdev": 537.0517578125, "lowlevel.barkbands_skewness.mean": 5.019641399383545, "lowlevel.barkbands_skewness.stdev": 7.484355926513672, "lowlevel.barkbands_spread.mean": 3.327080011367798, "lowlevel.barkbands_spread.stdev": 7.225895881652832, "lowlevel.dissonance.mean": 0.34442031383514404, "lowlevel.dissonance.stdev": 0.10983157157897949, "lowlevel.dynamic_complexity": 9.864287376403809, "lowlevel.erbbands_crest.mean": 22.593637466430664, "lowlevel.erbbands_crest.stdev": 6.889753341674805, "lowlevel.erbbands_flatness_db.mean": 0.41838863492012024, "lowlevel.erbbands_flatness_db.stdev": 0.1207413524389267, "lowlevel.erbbands_kurtosis.mean": 34.3159065246582, "lowlevel.erbbands_kurtosis.stdev": 41.85736846923828, "lowlevel.erbbands_skewness.mean": 3.6780920028686523, "lowlevel.erbbands_skewness.stdev": 2.293855905532837, "lowlevel.erbbands_spread.mean": 8.450098037719727, "lowlevel.erbbands_spread.stdev": 15.68710708618164, "lowlevel.hfc.mean": 8.258502960205078, "lowlevel.hfc.stdev": 13.872930526733398, "lowlevel.loudness_ebu128.integrated": -29.391862869262695, "lowlevel.loudness_ebu128.loudness_range": 14.518239974975586, "lowlevel.loudness_ebu128.momentary.mean": -37.05785369873047, "lowlevel.loudness_ebu128.momentary.stdev": 10.145651817321777, "lowlevel.loudness_ebu128.short_term.mean": -33.41230392456055, "lowlevel.loudness_ebu128.short_term.stdev": 5.9557342529296875, "lowlevel.melbands_crest.mean": 23.94283103942871, "lowlevel.melbands_crest.stdev": 6.228522777557373, "lowlevel.melbands_flatness_db.mean": 0.4466712474822998, "lowlevel.melbands_flatness_db.stdev": 0.11128079891204834, "lowlevel.melbands_kurtosis.mean": 56.68827819824219, "lowlevel.melbands_kurtosis.stdev": 64.65874481201172, "lowlevel.melbands_skewness.mean": 3.2843785285949707, "lowlevel.melbands_skewness.stdev": 3.355152130126953, "lowlevel.melbands_spread.mean": 3.8201048374176025, "lowlevel.melbands_spread.stdev": 6.441664218902588, "lowlevel.pitch_salience.mean": 0.3102186918258667, "lowlevel.pitch_salience.stdev": 0.17083705961704254, "lowlevel.silence_rate_20dB.mean": 1.0, "lowlevel.silence_rate_20dB.stdev": 0.0, "lowlevel.silence_rate_30dB.mean": 0.9969287514686584, "lowlevel.silence_rate_30dB.stdev": 0.05533458665013313, "lowlevel.silence_rate_60dB.mean": 0.476044237613678, "lowlevel.silence_rate_60dB.stdev": 0.4994295835494995, "lowlevel.spectral_centroid.mean": 697.1705322265625, "lowlevel.spectral_centroid.stdev": 240.43544006347656, "lowlevel.spectral_complexity.mean": 2.7598280906677246, "lowlevel.spectral_complexity.stdev": 2.466865062713623, "lowlevel.spectral_decrease.mean": -2.9819116065255002e-09, "lowlevel.spectral_decrease.stdev": 4.850785995103024e-09, "lowlevel.spectral_energy.mean": 0.012003491632640362, "lowlevel.spectral_energy.stdev": 0.01955808699131012, "lowlevel.spectral_energyband_high.mean": 1.4395419611901161e-06, "lowlevel.spectral_energyband_high.stdev": 7.0022397267166525e-06, "lowlevel.spectral_energyband_low.mean": 6.347496673697606e-05, "lowlevel.spectral_energyband_low.stdev": 0.00025014611310325563, "lowlevel.spectral_energyband_middle_high.mean": 0.0015697507187724113, "lowlevel.spectral_energyband_middle_high.stdev": 0.0061818384565413, "lowlevel.spectral_energyband_middle_low.mean": 0.010495893657207489, "lowlevel.spectral_energyband_middle_low.stdev": 0.01847599633038044, "lowlevel.spectral_entropy.mean": 5.428272247314453, "lowlevel.spectral_entropy.stdev": 1.0908538103103638, "lowlevel.spectral_flux.mean": 0.04871075600385666, "lowlevel.spectral_flux.stdev": 0.05260520428419113, "lowlevel.spectral_kurtosis.mean": 32.983646392822266, "lowlevel.spectral_kurtosis.stdev": 31.159740447998047, "lowlevel.spectral_rms.mean": 0.0025418552104383707, "lowlevel.spectral_rms.stdev": 0.002291223034262657, "lowlevel.spectral_rolloff.mean": 715.0118408203125, "lowlevel.spectral_rolloff.stdev": 675.3705444335938, "lowlevel.spectral_skewness.mean": 4.037469387054443, "lowlevel.spectral_skewness.stdev": 2.052210569381714, "lowlevel.spectral_spread.mean": 2598684.75, "lowlevel.spectral_spread.stdev": 1982936.625, "lowlevel.spectral_strongpeak.mean": 1.5508430004119873, "lowlevel.spectral_strongpeak.stdev": 1.7143319845199585, "lowlevel.zerocrossingrate.mean": 0.031014258041977882, "lowlevel.zerocrossingrate.stdev": 0.015058478340506554, "metadata.audio_properties.analysis.equal_loudness": 0.0, "metadata.audio_properties.analysis.length": 37.75997543334961, "metadata.audio_properties.analysis.sample_rate": 44100.0, "metadata.audio_properties.analysis.start_time": 0.0, "metadata.audio_properties.bit_rate": 104442.0, "metadata.audio_properties.length": 37.7599983215332, "metadata.audio_properties.lossless": 0.0, "metadata.audio_properties.number_channels": 1.0, "metadata.audio_properties.replay_gain": 0.11775398254394531, "metadata.audio_properties.sample_rate": 48000.0, "rhythm.beats_count": 90.0, "rhythm.beats_loudness.mean": 0.014558449387550354, "rhythm.beats_loudness.stdev": 0.020500145852565765, "rhythm.bpm": 178.20587158203125, "rhythm.bpm_histogram_first_peak_bpm": 178.0, "rhythm.bpm_histogram_first_peak_weight": 0.0, "rhythm.bpm_histogram_second_peak_bpm": 185.0, "rhythm.bpm_histogram_second_peak_spread": 0.0, "rhythm.bpm_histogram_second_peak_weight": 0.10112359374761581, "rhythm.danceability": 0.7845249772071838, "rhythm.onset_rate": 3.3087282180786133, "tonal.chords_changes_rate": 0.08098159730434418, "tonal.chords_number_rate": 0.015950920060276985, "tonal.chords_strength.mean": 0.48245957493782043, "tonal.chords_strength.stdev": 0.1292082667350769, "tonal.hpcp_crest.mean": 14.799312591552734, "tonal.hpcp_crest.stdev": 6.292929172515869, "tonal.hpcp_entropy.mean": 1.6945641040802002, "tonal.hpcp_entropy.stdev": 0.6231412887573242, "tonal.key_edma.strength": 0.4809255301952362, "tonal.key_krumhansl.strength": 0.48362234234809875, "tonal.key_temperley.strength": 0.4674012064933777, "tonal.tuning_diatonic_strength": 0.40280628204345703, "tonal.tuning_equal_tempered_deviation": 0.265031099319458, "tonal.tuning_frequency": 450.02447509765625, "tonal.tuning_nontempered_energy_ratio": 0.9123153686523438, "lowlevel.barkbands.mean": [1.4157374153001001e-06, 3.157506216666661e-05, 3.0383866032934748e-05, 3.928378646378405e-06, 3.8357393350452185e-05, 9.762529953150079e-05, 0.00042377677164040506, 0.0024443119764328003, 0.007247517816722393, 0.0012227861443534493, 3.069912054343149e-05, 7.621588156325743e-05, 0.00017218184075318277, 5.3777246648678556e-05, 9.414584201294929e-05, 3.7711292861786205e-06, 2.1142050172784366e-06, 9.602857971913181e-06, 1.5905739928712137e-05, 2.2397250631911447e-06, 8.011217289549677e-08, 6.806680374893403e-08, 3.417126208660193e-07, 4.036881762203848e-07, 2.4582124069638667e-07, 3.503135204141472e-08, 8.719528987732872e-10], "lowlevel.barkbands.stdev": [5.204583885642933e-06, 0.00012497403076849878, 0.00012672520824708045, 1.9052542484132573e-05, 0.00013821164611727, 0.000281329732388258, 0.0014320948394015431, 0.006555759813636541, 0.017655672505497932, 0.006074034608900547, 0.00042168746585957706, 0.0003157756000291556, 0.0010281610302627087, 0.00037196141784079373, 0.0004268979246262461, 1.4599282621929888e-05, 5.715937732020393e-06, 2.5429779270780273e-05, 3.395734165678732e-05, 5.579639491770649e-06, 1.6292639770654205e-07, 1.414778836306141e-07, 1.3471133115672274e-06, 2.5116005417658016e-06, 3.275608150943299e-06, 4.428330839800765e-07, 9.53643053414055e-10], "lowlevel.erbbands.mean": [0.00026299612363800406, 0.009344128891825676, 0.04184993728995323, 0.013241869397461414, 0.04683218523859978, 0.13733075559139252, 0.24286217987537384, 1.1764702796936035, 4.101790904998779, 19.543790817260742, 84.95011901855469, 183.68896484375, 49.495052337646484, 28.187761306762695, 2.08752179145813, 3.9748313426971436, 8.518314361572266, 1.902321696281433, 6.391416072845459, 1.9570015668869019, 0.21303802728652954, 0.1439633071422577, 0.36466437578201294, 1.0042728185653687, 0.5155640244483948, 0.09462602436542511, 0.0096810981631279, 0.0023404215462505817, 0.002295790007337928, 0.004759148694574833, 0.010724217630922794, 0.009038147516548634, 0.00645871926099062, 0.003655030857771635, 0.001302403979934752, 0.00032926793210208416, 2.6629617423168384e-05, 2.6342738692619605e-06, 6.159815711725969e-06, 1.3824090274283662e-05], "lowlevel.erbbands.stdev": [0.0007014517323113978, 0.03819867596030235, 0.17501726746559143, 0.048849236220121384, 0.19639267027378082, 0.5533092021942139, 0.8294880390167236, 3.3002426624298096, 14.993011474609375, 50.02302551269531, 174.77194213867188, 483.73748779296875, 140.4904327392578, 185.28916931152344, 10.424509048461914, 16.84085464477539, 49.340354919433594, 7.193930149078369, 33.099403381347656, 7.633433818817139, 0.5770977735519409, 0.36202332377433777, 1.0854917764663696, 2.2644896507263184, 1.0443930625915527, 0.17323534190654755, 0.017345188185572624, 0.004146997816860676, 0.0043912953697144985, 0.016128133982419968, 0.044171467423439026, 0.04431071877479553, 0.047879066318273544, 0.04548783227801323, 0.01812395267188549, 0.0042986273765563965, 0.0002116434625349939, 7.509020178986248e-06, 9.848208719631657e-06, 2.2534288291353732e-05], "lowlevel.gfcc.mean": [-296.5855407714844, 114.06922912597656, -145.2799530029297, -37.42013931274414, -81.99844360351562, -8.371673583984375, -10.714788436889648, 37.265140533447266, 11.471206665039062, -0.8147685527801514, 13.995504379272461, -28.221586227416992, -12.679409980773926], "lowlevel.melbands.mean": [5.2436566875257995e-06, 1.7910508177010342e-05, 3.609737632359611e-06, 5.968936875433428e-06, 8.620009793958161e-06, 2.4579765522503294e-05, 6.897733692312613e-05, 0.00027266921824775636, 0.0008516451343894005, 0.0010914148297160864, 0.00021350094175431877, 0.00012727381545118988, 4.282320787751814e-06, 5.625857738777995e-06, 2.0832305381190963e-05, 1.2289542610233184e-05, 2.371390792177408e-06, 1.095525294658728e-05, 5.406725904322229e-06, 5.946274654888839e-07, 1.5246624229803274e-07, 1.38895217105528e-07, 1.848739970000679e-07, 4.420219568146422e-07, 8.911856639315374e-07, 5.156602469469362e-07, 1.8314702288080298e-07, 3.069203913241836e-08, 5.389658941368225e-09, 1.6385820478248547e-09, 1.0284504359248103e-09, 1.1715781678134363e-09, 1.498089763352084e-09, 3.1113869258803106e-09, 5.848153072918194e-09, 6.637776550633134e-09, 5.389037216474435e-09, 5.047547713132872e-09, 3.148044713796594e-09, 3.1340925410461296e-09], "lowlevel.melbands.stdev": [1.8836555682355538e-05, 7.405765063595027e-05, 1.4424922483158298e-05, 2.0241603124304675e-05, 3.087466029683128e-05, 7.461223140126094e-05, 0.0002478698443155736, 0.0007984404801391065, 0.0016814060509204865, 0.0029783479403704405, 0.0007154596969485283, 0.0008333372534252703, 3.803912841249257e-05, 2.1987692889524624e-05, 0.0001163155393442139, 7.595948409289122e-05, 1.2789728316420224e-05, 6.24937383690849e-05, 2.458334893162828e-05, 2.121699480994721e-06, 5.611812525785354e-07, 4.130467061713716e-07, 6.008981472405139e-07, 1.1670020967358141e-06, 2.125636228811345e-06, 1.2833149867219618e-06, 4.139479301557003e-07, 6.490715520612866e-08, 1.2887351630297417e-08, 3.339906351484956e-09, 1.994693077378429e-09, 2.3478829991319117e-09, 3.3671763155496137e-09, 1.1438518576767365e-08, 2.456264702743738e-08, 2.572516599741448e-08, 3.116625535426465e-08, 3.606856679994053e-08, 2.9243363286468593e-08, 4.392555652543706e-08], "lowlevel.melbands128.mean": [7.557150070169882e-07, 1.1851585668409825e-06, 2.9805448775732657e-06, 2.0319894247222692e-05, 2.7205049264011905e-05, 1.0181398465647362e-05, 1.3558228602050804e-06, 2.6600860110193025e-06, 5.557476470130496e-06, 3.51030689671461e-06, 7.799626473570243e-06, 1.2284376680327114e-05, 7.093119165801909e-06, 5.658632289851084e-06, 2.3563303329865448e-05, 3.568210013327189e-05, 3.7789784983033314e-05, 7.224548608064651e-05, 0.0001104345647036098, 0.00015017330588307232, 0.0003960337198805064, 0.0005366542609408498, 0.0007434048457071185, 0.0013461385387927294, 0.001612186897546053, 0.0008721241028979421, 0.00021711915906053036, 0.00013581231178250164, 0.0001971347228391096, 0.00022049683320801705, 7.297347474377602e-05, 4.2172578105237335e-06, 1.079018829841516e-06, 2.0995319118810585e-06, 5.510520622920012e-06, 4.805560820386745e-06, 7.922626537038013e-06, 2.2740377971786074e-05, 2.7523799872142263e-05, 2.433530789858196e-05, 5.290237822919153e-06, 1.5251499689838965e-06, 1.2732275536109228e-06, 1.7535635379317682e-06, 9.151764061243739e-06, 1.587010956427548e-05, 8.910888936952688e-06, 6.774258963559987e-06, 3.2958773772406857e-06, 8.064782832661876e-07, 3.229596927667444e-07, 1.9316047428219463e-07, 1.5399784558667307e-07, 1.4489364730252419e-07, 1.0802121153119515e-07, 1.8468773532731575e-07, 1.0568473385319521e-07, 1.1144555855935323e-07, 1.7938862129085464e-07, 3.9968441001292376e-07, 2.652853368090291e-07, 5.736166599490389e-07, 1.0946525890176417e-06, 9.354650387649599e-07, 7.107399255801283e-07, 5.844893280482211e-07, 3.2377946013184555e-07, 2.586293703643605e-07, 1.5548737053450168e-07, 7.080919317559164e-08, 2.6643553141525445e-08, 1.1334234883975114e-08, 8.467005763179714e-09, 4.291147881474444e-09, 2.4302870826886647e-09, 1.5906785888475383e-09, 1.372406188693276e-09, 1.1486817053096843e-09, 9.11901276712257e-10, 9.531011535557354e-10, 1.1822642864700583e-09, 1.2397537441088957e-09, 1.2281554662152416e-09, 1.4701261319416403e-09, 1.6981055450671079e-09, 2.36706565459599e-09, 3.5797600439479993e-09, 4.64598803873173e-09, 5.394414692716509e-09, 7.003740698507954e-09, 8.414126284606027e-09, 6.2725287186538026e-09, 4.391938368542014e-09, 5.1750310703368996e-09, 6.084921899685014e-09, 5.95561955307744e-09, 4.638171180459949e-09, 4.040245915604146e-09, 3.1300910752207756e-09, 2.425097456182357e-09, 3.5302731848929625e-09, 3.2575422359570894e-09, 2.850311986435372e-09, 1.878799116283858e-09, 1.190495924063839e-09, 9.640207521144362e-10, 8.494815406656642e-10, 9.261382771796889e-10, 4.668170849875253e-10, 3.458134334444196e-10, 9.52966802691968e-11, 5.803254057856755e-11, 2.3276974098207504e-11, 1.914744925113343e-11, 1.1965680182801641e-11, 9.856948590680759e-12, 7.715593788870656e-12, 5.201063538184947e-12, 3.703494108608929e-12, 3.414684117061806e-12, 3.306121435647791e-12, 3.2925838704817023e-12, 3.3361998059977527e-12, 3.2329343195580673e-12, 2.7184576204680733e-12, 1.8591363257908222e-12, 1.4041535946127115e-12, 1.334350598763967e-12], "lowlevel.melbands128.stdev": [2.387293989158934e-06, 2.5398483103344915e-06, 1.0163903425564058e-05, 8.486525621265173e-05, 0.0001143774643423967, 4.1768151277210563e-05, 4.697500571637647e-06, 1.3644208593177609e-05, 2.6107059966307133e-05, 1.3195746760175098e-05, 3.5703844332601875e-05, 5.544478335650638e-05, 3.341013507451862e-05, 1.6952915757428855e-05, 7.469651609426364e-05, 0.00011597415868891403, 0.0002392804017290473, 0.0003300767857581377, 0.0004653419309761375, 0.00045550859067589045, 0.0014215841656550765, 0.002212687162682414, 0.0019694960210472345, 0.0034951346460729837, 0.004996458534151316, 0.003759352955967188, 0.0010071429423987865, 0.0007310358341783285, 0.0010716795222833753, 0.0015559865860268474, 0.0007973675965331495, 5.234318086877465e-05, 4.205233381071594e-06, 8.233285370806698e-06, 2.993770976900123e-05, 2.6671874366002157e-05, 4.127183638047427e-05, 0.000144235382322222, 0.00020165235036984086, 0.00017952229245565832, 3.8124187994981185e-05, 7.121025191736408e-06, 7.658714821445756e-06, 1.4586124962079339e-05, 7.546687265858054e-05, 0.00010901982750510797, 5.093614890938625e-05, 4.677739707403816e-05, 1.6052710634539835e-05, 3.2311772883986123e-06, 2.1145767732377863e-06, 8.824682140584628e-07, 7.361828693319694e-07, 7.386269658127276e-07, 3.8383475953196466e-07, 7.16819215540454e-07, 3.0709688303431903e-07, 3.546701066170499e-07, 7.07461595084169e-07, 2.1511664272111375e-06, 1.163224169431487e-06, 1.8758535134111298e-06, 3.5995622056361753e-06, 2.9475424980773823e-06, 2.3704785689915298e-06, 2.2361207356880186e-06, 9.846115744949202e-07, 7.728484661129187e-07, 4.564024038700154e-07, 1.8941942414585355e-07, 7.927640410798631e-08, 3.109504831400045e-08, 2.816414124140465e-08, 1.1936052146666043e-08, 6.054589274384625e-09, 3.6772773714943696e-09, 3.141993554223177e-09, 2.5300739281419737e-09, 1.963309292918325e-09, 2.0332830974467697e-09, 2.6054771673500454e-09, 2.8231039728154883e-09, 2.67576205636999e-09, 3.2938565208695536e-09, 5.27022248064668e-09, 9.81545067446632e-09, 1.3513911767404352e-08, 1.943657323977277e-08, 2.2189777126868648e-08, 3.169384754642124e-08, 4.4461451409461006e-08, 2.1142007256003126e-08, 1.947993766293621e-08, 3.2640077307632964e-08, 4.018700749952586e-08, 3.80392677357122e-08, 3.6482486365230216e-08, 3.7039665556903856e-08, 2.6795079932639965e-08, 2.7255207868392972e-08, 4.587410984413509e-08, 5.066849695367637e-08, 4.1863366107008915e-08, 2.59677328529051e-08, 1.7210407321499588e-08, 1.4651591051517698e-08, 1.1863924065380616e-08, 1.2899763035534306e-08, 5.979091000085646e-09, 5.074352049661002e-09, 9.181514992739892e-10, 4.793935248770254e-10, 1.919869124789031e-10, 2.3959367823067623e-10, 8.128094031167876e-11, 3.152696159691715e-11, 1.8760035191967006e-11, 8.409110213714044e-12, 3.892851752756998e-12, 3.674999107111665e-12, 3.5765663434356165e-12, 3.5156775494288306e-12, 3.4517852985638253e-12, 3.3888118006197843e-12, 3.3274925783505216e-12, 3.26959639918023e-12, 3.2382054936802573e-12, 3.2203510691442006e-12], "lowlevel.mfcc.mean": [-951.3310546875, 154.29176330566406, -15.941267013549805, -19.907224655151367, -25.82343101501465, -42.70148849487305, -3.502511978149414, 10.1140718460083, -6.185281753540039, 44.089046478271484, 25.072378158569336, 0.7105149626731873, 4.111880779266357], "lowlevel.spectral_contrast_coeffs.mean": [-0.8284673094749451, -0.5847832560539246, -0.7017598152160645, -0.7732760906219482, -0.7684919238090515, -0.8563520908355713], "lowlevel.spectral_contrast_coeffs.stdev": [0.08443110436201096, 0.13625691831111908, 0.1325158327817917, 0.08406343311071396, 0.07324182987213135, 0.027464836835861206], "lowlevel.spectral_contrast_valleys.mean": [-10.245866775512695, -8.881306648254395, -9.994095802307129, -10.718215942382812, -11.038482666015625, -13.401469230651855], "lowlevel.spectral_contrast_valleys.stdev": [1.0472934246063232, 1.312982201576233, 1.319291114807129, 1.238376498222351, 1.0237531661987305, 0.6868826746940613], "rhythm.beats_loudness_band_ratio.mean": [0.046071719378232956, 0.044882435351610184, 0.8147931694984436, 0.08579548448324203, 0.011782940477132797, 0.007565620355308056], "rhythm.beats_loudness_band_ratio.stdev": [0.17046937346458435, 0.15169766545295715, 0.2899598777294159, 0.22070014476776123, 0.026497703045606613, 0.034129850566387177], "tonal.hpcp.mean": [0.08103717863559723, 0.07417295128107071, 0.05841336399316788, 0.05264430493116379, 0.061030179262161255, 0.0652175173163414, 0.054746631532907486, 0.06577640026807785, 0.1231275349855423, 0.12228412926197052, 0.07808078825473785, 0.08007918298244476, 0.0798032358288765, 0.07758207619190216, 0.08191829174757004, 0.08746635913848877, 0.11163041740655899, 0.11477167904376984, 0.10285428911447525, 0.13773126900196075, 0.16292065382003784, 0.13432499766349792, 0.09313592314720154, 0.09166552126407623, 0.09422637522220612, 0.07508378475904465, 0.07917279005050659, 0.06637164950370789, 0.04503711313009262, 0.043985817581415176, 0.06647194921970367, 0.08266919106245041, 0.06879491358995438, 0.06942866742610931, 0.07641160488128662, 0.0775575116276741], "tonal.hpcp.stdev": [0.22066368162631989, 0.2178361415863037, 0.17644546926021576, 0.17575280368328094, 0.1958024799823761, 0.20686928927898407, 0.18378108739852905, 0.1938316822052002, 0.2835850119590759, 0.27988868951797485, 0.2086828649044037, 0.22734010219573975, 0.22833658754825592, 0.21106252074241638, 0.22792431712150574, 0.21634671092033386, 0.2614700496196747, 0.2618243098258972, 0.2456997036933899, 0.28205642104148865, 0.3090251386165619, 0.27714428305625916, 0.2343650609254837, 0.2151738405227661, 0.23605301976203918, 0.18445931375026703, 0.20420879125595093, 0.19103458523750305, 0.1471777707338333, 0.1387459933757782, 0.19355133175849915, 0.2334856539964676, 0.20165975391864777, 0.2007010579109192, 0.21335212886333466, 0.20375481247901917], "rhythm.beats_position": [0.30185940861701965, 0.6037188172340393, 0.9055781960487366, 1.2306575775146484, 1.5557368993759155, 1.8924262523651123, 2.217505693435669, 2.530975103378296, 2.8908843994140625, 3.2275736331939697, 3.5758728981018066, 3.912562370300293, 4.249251842498779, 4.667210578918457, 5.085169792175293, 5.491518974304199, 5.8978681564331055, 6.234557628631592, 6.571247100830078, 6.9079365730285645, 7.244625568389893, 7.569705009460449, 7.883174419403076, 8.196643829345703, 8.498503684997559, 8.800362586975098, 9.125441551208496, 9.450521469116211, 9.77560043334961, 10.123900413513184, 10.448979377746582, 10.78566837310791, 11.122358322143555, 11.470657348632812, 11.80734634399414, 12.202085494995117, 12.59682559967041, 12.979954719543457, 13.363083839416504, 13.722992897033691, 14.082901954650879, 14.442811965942383, 14.80272102355957, 15.139410018920898, 15.476099014282227, 15.812788963317871, 16.161088943481445, 16.497777938842773, 16.8344669342041, 17.18276596069336, 17.519454956054688, 17.879364013671875, 18.227664947509766, 18.552743911743164, 18.889432907104492, 19.22612190246582, 19.56281089782715, 19.899499893188477, 20.236190795898438, 20.596099853515625, 21.04888916015625, 21.490068435668945, 21.93124771118164, 22.384035110473633, 22.836824417114258, 23.289613723754883, 23.754013061523438, 24.24163246154785, 24.717641830444336, 25.19365119934082, 25.70448875427246, 26.215328216552734, 26.714557647705078, 27.23700714111328, 27.747844696044922, 28.363174438476562, 28.96689224243164, 29.58222198486328, 30.18593978881836, 30.78965950012207, 31.39337730407715, 32.008705139160156, 32.6240348815918, 33.227752685546875, 33.843082427978516, 34.49324035644531, 35.143402099609375, 35.79356002807617, 36.43210983276367, 37.08226776123047], "rhythm.bpm_histogram": [0.0, 0.0, 0.0, 0.0, 0.0, 0.0, 0.0, 0.0, 0.0, 0.0, 0.0, 0.0, 0.0, 0.0, 0.0, 0.0, 0.0, 0.0, 0.0, 0.0, 0.0, 0.0, 0.0, 0.0, 0.0, 0.0, 0.0, 0.0, 0.0, 0.0, 0.0, 0.0, 0.0, 0.0, 0.0, 0.0, 0.0, 0.0, 0.0, 0.0, 0.0, 0.0, 0.0, 0.0, 0.0, 0.0, 0.0, 0.0, 0.0, 0.0, 0.0, 0.0, 0.0, 0.0, 0.0, 0.0, 0.0, 0.0, 0.0, 0.0, 0.0, 0.0, 0.0, 0.0, 0.0, 0.0, 0.0, 0.0, 0.0, 0.0, 0.0, 0.0, 0.0, 0.0, 0.0, 0.0, 0.0, 0.0, 0.0, 0.0, 0.0, 0.0, 0.0, 0.0, 0.0, 0.0, 0.0, 0.0, 0.0, 0.0, 0.0, 0.0, 0.04494382068514824, 0.0, 0.01123595517128706, 0.0, 0.0, 0.0, 0.056179776787757874, 0.056179776787757874, 0.0, 0.0, 0.0, 0.0, 0.0, 0.0, 0.0, 0.0, 0.0, 0.0, 0.0, 0.0, 0.0, 0.0, 0.0, 0.01123595517128706, 0.0, 0.033707864582538605, 0.0, 0.0, 0.01123595517128706, 0.0, 0.0, 0.01123595517128706, 0.0, 0.0, 0.02247191034257412, 0.0, 0.0, 0.01123595517128706, 0.0, 0.0, 0.0, 0.04494382068514824, 0.0, 0.0, 0.02247191034257412, 0.0, 0.0, 0.0, 0.0, 0.0, 0.0, 0.0, 0.02247191034257412, 0.0, 0.0, 0.0, 0.02247191034257412, 0.0, 0.0, 0.0, 0.02247191034257412, 0.0, 0.0, 0.0, 0.0, 0.02247191034257412, 0.0, 0.0, 0.0, 0.0, 0.0, 0.0, 0.0, 0.0, 0.0, 0.07865168899297714, 0.0, 0.0, 0.0, 0.0, 0.06741572916507721, 0.0, 0.0, 0.0, 0.0, 0.0, 0.24719101190567017, 0.0, 0.0, 0.0, 0.0, 0.0, 0.0, 0.10112359374761581, 0.0, 0.0, 0.0, 0.0, 0.0, 0.033707864582538605, 0.0, 0.0, 0.0, 0.0, 0.0, 0.0, 0.0, 0.04494382068514824, 0.0, 0.0, 0.0, 0.0, 0.0, 0.0, 0.0, 0.0, 0.0, 0.0, 0.0, 0.0, 0.0, 0.0, 0.0, 0.0, 0.0, 0.0, 0.0, 0.0, 0.0, 0.0, 0.0, 0.0, 0.0, 0.0, 0.0, 0.0, 0.0, 0.0, 0.0, 0.0, 0.0, 0.0, 0.0, 0.0, 0.0, 0.0, 0.0, 0.0, 0.0, 0.0, 0.0, 0.0, 0.0, 0.0, 0.0, 0.0, 0.0, 0.0], "tonal.chords_histogram": [6.257668495178223, 2.6993865966796875, 13.12883472442627, 0.0, 1.4723926782608032, 0.0, 0.6134969592094421, 0.3680981695652008, 10.79754638671875, 5.153374195098877, 0.6134969592094421, 0.0, 18.159509658813477, 7.607361793518066, 3.9263803958892822, 0.0, 1.8404908180236816, 0.7361963391304016, 3.4355828762054443, 13.987730026245117, 0.7361963391304016, 0.12269938737154007, 0.0, 8.343558311462402], "tonal.thpcp": [1.0, 0.8244810700416565, 0.5716643333435059, 0.562639057636261, 0.578357458114624, 0.46086105704307556, 0.4859592020511627, 0.40738633275032043, 0.27643588185310364, 0.26998305320739746, 0.40800198912620544, 0.5074199438095093, 0.42226022481918335, 0.42615020275115967, 0.4690111577510834, 0.4760446846485138, 0.49740272760391235, 0.4552704095840454, 0.3585387170314789, 0.32312849164009094, 0.3746006190776825, 0.40030232071876526, 0.3360324800014496, 0.4037327170372009, 0.7557515501976013, 0.7505747675895691, 0.4792565405368805, 0.4915226101875305, 0.48982885479927063, 0.47619545459747314, 0.5028109550476074, 0.5368647575378418, 0.6851827502250671, 0.7044636607170105, 0.6313152313232422, 0.845388650894165], "lowlevel.gfcc.cov": [[10742.7158203125, 1821.296875, -2902.19140625, -594.555908203125, 212.29537963867188, -894.96337890625, -559.2196655273438, -587.7670288085938, -271.3454895019531, -929.4893188476562, 798.2503662109375, -1169.17919921875, -328.5986022949219], [1821.296875, 1071.8372802734375, -255.08505249023438, -27.413434982299805, 13.412110328674316, -366.6439514160156, -244.56533813476562, -287.23980712890625, -76.89281463623047, -118.15133666992188, 292.5050048828125, -122.94400787353516, -84.85045623779297], [-2902.19140625, -255.08505249023438, 1723.4613037109375, 677.9224853515625, -206.77896118164062, 269.55419921875, -152.68072509765625, -40.61533737182617, -126.92417907714844, 356.8280334472656, -153.24853515625, 632.3336181640625, 37.18675231933594], [-594.555908203125, -27.413434982299805, 677.9224853515625, 1037.7940673828125, 88.74717712402344, 27.257442474365234, -590.5715942382812, -178.68414306640625, 37.050926208496094, 310.3037109375, 53.82258224487305, 350.9988708496094, -47.75148391723633], [212.29537963867188, 13.412110328674316, -206.77896118164062, 88.74717712402344, 447.8699645996094, 80.88057708740234, -8.313520431518555, 68.86531066894531, 238.5093994140625, 31.00031280517578, -174.27955627441406, -187.69085693359375, -12.300243377685547], [-894.96337890625, -366.6439514160156, 269.55419921875, 27.257442474365234, 80.88057708740234, 508.762451171875, 284.3730163574219, 97.385498046875, -86.24336242675781, -12.036495208740234, -222.07232666015625, 67.52896118164062, 20.99089813232422], [-559.2196655273438, -244.56533813476562, -152.68072509765625, -590.5715942382812, -8.313520431518555, 284.3730163574219, 839.739501953125, 266.1042785644531, -107.99173736572266, -222.70640563964844, -164.93231201171875, -150.74464416503906, 28.968204498291016], [-587.7670288085938, -287.23980712890625, -40.61533737182617, -178.68414306640625, 68.86531066894531, 97.385498046875, 266.1042785644531, 309.27740478515625, 218.65098571777344, 31.502199172973633, -167.03921508789062, -105.69933319091797, 23.239866256713867], [-271.3454895019531, -76.89281463623047, -126.92417907714844, 37.050926208496094, 238.5093994140625, -86.24336242675781, -107.99173736572266, 218.65098571777344, 617.7353515625, 256.8455505371094, -155.0253143310547, -201.9461212158203, -43.85960388183594], [-929.4893188476562, -118.15133666992188, 356.8280334472656, 310.3037109375, 31.00031280517578, -12.036495208740234, -222.70640563964844, 31.502199172973633, 256.8455505371094, 429.7075500488281, 30.339723587036133, 127.62003326416016, -74.75078582763672], [798.2503662109375, 292.5050048828125, -153.24853515625, 53.82258224487305, -174.27955627441406, -222.07232666015625, -164.93231201171875, -167.03921508789062, -155.0253143310547, 30.339723587036133, 408.2826843261719, 58.808937072753906, -96.91232299804688], [-1169.17919921875, -122.94400787353516, 632.3336181640625, 350.9988708496094, -187.69085693359375, 67.52896118164062, -150.74464416503906, -105.69933319091797, -201.9461212158203, 127.62003326416016, 58.808937072753906, 463.12890625, 69.47221374511719], [-328.5986022949219, -84.85045623779297, 37.18675231933594, -47.75148391723633, -12.300243377685547, 20.99089813232422, 28.968204498291016, 23.239866256713867, -43.85960388183594, -74.75078582763672, -96.91232299804688, 69.47221374511719, 169.54815673828125]], "lowlevel.gfcc.icov": [[0.0003993550781160593, -0.00033037312095984817, 0.00044610496843233705, -0.0001890046551125124, 0.00012219874770380557, -0.00010000892507378012, 0.0003951643593609333, -7.490827556466684e-05, 0.00021365148131735623, 0.0005300744087435305, -0.00016753394447732717, 0.0005395771586336195, 0.0003936886787414551], [-0.00033037312095984817, 0.002456295071169734, -0.0011096373200416565, 0.0004975904012098908, -0.0009647362749092281, 0.0010328334756195545, -0.0005419770604930818, 0.002207942772656679, -0.0010170182213187218, 0.0007522138184867799, -0.0012998039601370692, 0.000290519354166463, -0.0002288680407218635], [0.00044610496843233705, -0.0011096373200416565, 0.0027529066428542137, -0.0010763258906081319, 0.0012805912410840392, -0.000266864022705704, 7.81011112849228e-06, -0.0006387598696164787, 0.0009054081165231764, -0.0009095983114093542, 0.002186818979680538, -0.0015274414326995611, 0.001323531148955226], [-0.0001890046551125124, 0.0004975904012098908, -0.0010763258906081319, 0.0035455534234642982, -0.0019188892329111695, -0.0005666299257427454, 0.0020540643017739058, -0.00018845341401174664, -8.107939356705174e-05, 5.130900171934627e-05, -0.000784600037150085, -0.001729722716845572, 0.0009851035429164767], [0.00012219874770380557, -0.0009647362749092281, 0.0012805912410840392, -0.0019188892329111695, 0.005271406844258308, -0.0009951724205166101, -0.0006410542991943657, 0.0005314256995916367, -0.0008845980046316981, -0.0005887942388653755, 0.00226887920871377, 0.0014897525543347, -0.0003269321168772876], [-0.00010000892507378012, 0.0010328334756195545, -0.000266864022705704, -0.0005666299257427454, -0.0009951724205166101, 0.004876761231571436, -0.001795248594135046, 0.0006664837128482759, 0.0013719360576942563, -0.0007306141196750104, 0.0021073268726468086, -0.0003718146472238004, 0.0011510769836604595], [0.0003951643593609333, -0.0005419770604930818, 7.81011112849228e-06, 0.0020540643017739058, -0.0006410542991943657, -0.001795248594135046, 0.005025177728384733, -0.003875134279951453, 0.001796679338440299, 0.0012189268600195646, -0.0005693589919246733, 0.0003408324846532196, 0.001456841011531651], [-7.490827556466684e-05, 0.002207942772656679, -0.0006387598696164787, -0.00018845341401174664, 0.0005314256995916367, 0.0006664837128482759, -0.003875134279951453, 0.011654001660645008, -0.005054238718003035, 0.0008212475222535431, -0.0002580175641924143, 0.0007298627751879394, -0.0013243954163044691], [0.00021365148131735623, -0.0010170182213187218, 0.0009054081165231764, -8.107939356705174e-05, -0.0008845980046316981, 0.0013719360576942563, 0.001796679338440299, -0.005054238718003035, 0.007645948324352503, -0.0043774619698524475, 0.0027662066277116537, 0.0020635093096643686, 0.0006190400454215705], [0.0005300744087435305, 0.0007522138184867799, -0.0009095983114093542, 5.130900171934627e-05, -0.0005887942388653755, -0.0007306141196750104, 0.0012189268600195646, 0.0008212475222535431, -0.0043774619698524475, 0.008597352541983128, -0.0032871668227016926, -0.001050613122060895, 0.002554242732003331], [-0.00016753394447732717, -0.0012998039601370692, 0.002186818979680538, -0.000784600037150085, 0.00226887920871377, 0.0021073268726468086, -0.0005693589919246733, -0.0002580175641924143, 0.0027662066277116537, -0.0032871668227016926, 0.008924831636250019, -0.002367139793932438, 0.0036981755401939154], [0.0005395771586336195, 0.000290519354166463, -0.0015274414326995611, -0.001729722716845572, 0.0014897525543347, -0.0003718146472238004, 0.0003408324846532196, 0.0007298627751879394, 0.0020635093096643686, -0.001050613122060895, -0.002367139793932438, 0.01007681805640459, -0.004376578144729137], [0.0003936886787414551, -0.0002288680407218635, 0.001323531148955226, 0.0009851035429164767, -0.0003269321168772876, 0.0011510769836604595, 0.001456841011531651, -0.0013243954163044691, 0.0006190400454215705, 0.002554242732003331, 0.0036981755401939154, -0.004376578144729137, 0.011493450962007046]], "lowlevel.mfcc.cov": [[11491.3935546875, 1810.4990234375, -2488.047119140625, -293.45684814453125, 257.4196472167969, -743.0198974609375, -118.36456298828125, -317.1925048828125, -1651.9840087890625, 76.69945526123047, -159.0817108154297, -220.84457397460938, -388.82049560546875], [1810.4990234375, 1105.3140869140625, -283.9566650390625, -90.97540283203125, -157.2541046142578, -209.49984741210938, 6.683515548706055, -103.82151794433594, -426.653076171875, -98.54728698730469, -38.38282775878906, -97.25055694580078, -1.9647272825241089], [-2488.047119140625, -283.9566650390625, 1466.3389892578125, 320.505615234375, -25.278722763061523, 318.7181701660156, -12.161758422851562, -11.119466781616211, 35.66933822631836, -425.43359375, -148.58578491210938, 168.6623077392578, 238.43527221679688], [-293.45684814453125, -90.97540283203125, 320.505615234375, 537.3580322265625, 377.7843017578125, 104.78900146484375, -290.0487365722656, -169.79046630859375, -64.5551986694336, -135.4020233154297, 15.809213638305664, 174.99412536621094, 204.7068634033203], [257.4196472167969, -157.2541046142578, -25.278722763061523, 377.7843017578125, 675.6741943359375, 137.8750457763672, -383.0895080566406, -200.25355529785156, 44.31980514526367, 42.9531364440918, 89.98307800292969, 160.28741455078125, 114.56859588623047], [-743.0198974609375, -209.49984741210938, 318.7181701660156, 104.78900146484375, 137.8750457763672, 351.3828125, 52.63052749633789, 14.429519653320312, 149.8643341064453, -105.59671783447266, -3.1401238441467285, 90.90677642822266, 22.504383087158203], [-118.36456298828125, 6.683515548706055, -12.161758422851562, -290.0487365722656, -383.0895080566406, 52.63052749633789, 547.1793823242188, 273.1539001464844, 15.931412696838379, -3.894185781478882, -108.68509674072266, -200.81800842285156, -179.95318603515625], [-317.1925048828125, -103.82151794433594, -11.119466781616211, -169.79046630859375, -200.25355529785156, 14.429519653320312, 273.1539001464844, 289.3058776855469, 186.69613647460938, 64.86077880859375, -62.33839416503906, -141.94122314453125, -177.77317810058594], [-1651.9840087890625, -426.653076171875, 35.66933822631836, -64.5551986694336, 44.31980514526367, 149.8643341064453, 15.931412696838379, 186.69613647460938, 813.2677612304688, 301.7703857421875, 112.51818084716797, 1.4053806066513062, -126.25676727294922], [76.69945526123047, -98.54728698730469, -425.43359375, -135.4020233154297, 42.9531364440918, -105.59671783447266, -3.894185781478882, 64.86077880859375, 301.7703857421875, 436.30615234375, 208.2146453857422, -26.076648712158203, -81.64191436767578], [-159.0817108154297, -38.38282775878906, -148.58578491210938, 15.809213638305664, 89.98307800292969, -3.1401238441467285, -108.68509674072266, -62.33839416503906, 112.51818084716797, 208.2146453857422, 365.6360778808594, 216.78196716308594, 97.0783920288086], [-220.84457397460938, -97.25055694580078, 168.6623077392578, 174.99412536621094, 160.28741455078125, 90.90677642822266, -200.81800842285156, -141.94122314453125, 1.4053806066513062, -26.076648712158203, 216.78196716308594, 361.3133850097656, 224.35963439941406], [-388.82049560546875, -1.9647272825241089, 238.43527221679688, 204.7068634033203, 114.56859588623047, 22.504383087158203, -179.95318603515625, -177.77317810058594, -126.25676727294922, -81.64191436767578, 97.0783920288086, 224.35963439941406, 369.6781311035156]], "lowlevel.mfcc.icov": [[0.00038055831100791693, -0.0003397554683033377, 0.0005177630227990448, 1.6903983123484068e-05, -0.00028706976445391774, -3.5242439935245784e-06, -1.7470050806878135e-05, -0.00019895810692105442, 0.000778461224399507, -0.0004317629209253937, 0.0007699041161686182, -0.000914312491659075, 0.0005633903783746064], [-0.0003397554683033377, 0.0016329619102180004, -0.00024757973733358085, -3.02327152894577e-05, 0.0005705081857740879, 0.00024476955877617, 9.88229876384139e-05, 0.0006009116186760366, -0.0002627075300551951, 0.0008332387660630047, -0.0011816686019301414, 0.001402540598064661, -0.0004734837857540697], [0.0005177630227990448, -0.00024757973733358085, 0.0022837575525045395, -0.000697434414178133, 0.0003832555958069861, -0.0008394282194785774, 0.0002648223889991641, -0.0007142281974665821, 0.0006564930081367493, 0.000637698860373348, 0.0011746170930564404, -0.0012105285422876477, -3.448421193752438e-05], [1.6903983123484068e-05, -3.02327152894577e-05, -0.000697434414178133, 0.004825416952371597, -0.002523615024983883, 0.0005643332842737436, 0.0005466141737997532, -0.000458741735201329, 3.5370965179026825e-06, 0.0010438065510243177, 1.5203751900116913e-05, -0.0001717180566629395, -0.0010794096160680056], [-0.00028706976445391774, 0.0005705081857740879, 0.0003832555958069861, -0.002523615024983883, 0.0054894001223146915, -0.003512504743412137, 0.0030724965035915375, 0.0001856599992606789, 0.00043779946281574667, -0.0018941418966278434, 7.813802949385718e-05, 0.0010523548116907477, 2.0853303794865496e-05], [-3.5242439935245784e-06, 0.00024476955877617, -0.0008394282194785774, 0.0005643332842737436, -0.003512504743412137, 0.00807639304548502, -0.0043862443417310715, 0.0020490200258791447, -0.0025720747653394938, 0.0036284001544117928, -0.0008894792990759015, -0.0016262928256765008, 0.0008170865476131439], [-1.7470050806878135e-05, 9.88229876384139e-05, 0.0002648223889991641, 0.0005466141737997532, 0.0030724965035915375, -0.0043862443417310715, 0.007589873392134905, -0.004978619050234556, 0.002177740214392543, -0.0016027322271838784, -2.6276635253452696e-05, 0.001924199634231627, -0.0006471566739492118], [-0.00019895810692105442, 0.0006009116186760366, -0.0007142281974665821, -0.000458741735201329, 0.0001856599992606789, 0.0020490200258791447, -0.004978619050234556, 0.01103571243584156, -0.002751085674390197, 0.0005529744084924459, -0.00018278308562003076, 0.00033863497083075345, 0.0022347818594425917], [0.000778461224399507, -0.0002627075300551951, 0.0006564930081367493, 3.5370965179026825e-06, 0.00043779946281574667, -0.0025720747653394938, 0.002177740214392543, -0.002751085674390197, 0.00521180871874094, -0.004247799050062895, 0.0021677520126104355, -0.0019424489000812173, 0.0016015289584174752], [-0.0004317629209253937, 0.0008332387660630047, 0.000637698860373348, 0.0010438065510243177, -0.0018941418966278434, 0.0036284001544117928, -0.0016027322271838784, 0.0005529744084924459, -0.004247799050062895, 0.010334949009120464, -0.0062162927351891994, 0.0037848511710762978, -0.0014200798468664289], [0.0007699041161686182, -0.0011816686019301414, 0.0011746170930564404, 1.5203751900116913e-05, 7.813802949385718e-05, -0.0008894792990759015, -2.6276635253452696e-05, -0.00018278308562003076, 0.0021677520126104355, -0.0062162927351891994, 0.010588359087705612, -0.007976291701197624, 0.0013945461250841618], [-0.000914312491659075, 0.001402540598064661, -0.0012105285422876477, -0.0001717180566629395, 0.0010523548116907477, -0.0016262928256765008, 0.001924199634231627, 0.00033863497083075345, -0.0019424489000812173, 0.0037848511710762978, -0.007976291701197624, 0.01210800837725401, -0.00428733229637146], [0.0005633903783746064, -0.