{"song_id": "1183711274396286986", "download": "https://cdn.discordapp.com/attachments/1135911532732108921/1183711274396286986/chirp.mp4?ex=65895408&amp", "lyrics": "\u0410 \u0432 \u0430\u043a\u0432\u0430\u0440\u0438\u0443\u043c\u0435 \u0441\u0438\u0436\u0443,\n\u041d\u0430 \u0440\u044b\u0431\u043e\u043a \u044f \u0442\u0443\u0442 \u0433\u043b\u044f\u0436\u0443,\n\u041f\u043e\u0434\u043f\u043b\u044b\u0432\u0430\u0435\u0442 \u043a\u043e \u043c\u043d\u0435 \u043e\u0434\u043d\u0430 \u0440\u044b\u0431\u043a\u0430,\n\u041f\u0440\u0438\u0433\u043b\u044f\u0434\u0435\u043b\u0441\u044f, \u0410! \u0414\u0430\u043d\u044f \u0414\u044b\u0431\u043a\u0430.", "style": ["country"], "essentia_features": {"lowlevel.average_loudness": 0.9844796657562256, "lowlevel.barkbands_crest.mean": 10.02106761932373, "lowlevel.barkbands_crest.stdev": 4.476018905639648, "lowlevel.barkbands_flatness_db.mean": 0.12880104780197144, "lowlevel.barkbands_flatness_db.stdev": 0.03941471129655838, "lowlevel.barkbands_kurtosis.mean": 1.4045333862304688, "lowlevel.barkbands_kurtosis.stdev": 5.457533359527588, "lowlevel.barkbands_skewness.mean": 0.8015395998954773, "lowlevel.barkbands_skewness.stdev": 1.2776644229888916, "lowlevel.barkbands_spread.mean": 31.239046096801758, "lowlevel.barkbands_spread.stdev": 14.602729797363281, "lowlevel.dissonance.mean": 0.48009994626045227, "lowlevel.dissonance.stdev": 0.01801745407283306, "lowlevel.dynamic_complexity": 2.4317169189453125, "lowlevel.erbbands_crest.mean": 8.713313102722168, "lowlevel.erbbands_crest.stdev": 3.9909744262695312, "lowlevel.erbbands_flatness_db.mean": 0.16607625782489777, "lowlevel.erbbands_flatness_db.stdev": 0.05304532125592232, "lowlevel.erbbands_kurtosis.mean": 1.74275803565979, "lowlevel.erbbands_kurtosis.stdev": 3.9454195499420166, "lowlevel.erbbands_skewness.mean": -0.5592284202575684, "lowlevel.erbbands_skewness.stdev": 0.9262225031852722, "lowlevel.erbbands_spread.mean": 31.360248565673828, "lowlevel.erbbands_spread.stdev": 17.04555892944336, "lowlevel.hfc.mean": 24.10176658630371, "lowlevel.hfc.stdev": 20.30867576599121, "lowlevel.loudness_ebu128.integrated": -15.560977935791016, "lowlevel.loudness_ebu128.loudness_range": 0.750025749206543, "lowlevel.loudness_ebu128.momentary.mean": -15.762784957885742, "lowlevel.loudness_ebu128.momentary.stdev": 1.3695837259292603, "lowlevel.loudness_ebu128.short_term.mean": -15.515978813171387, "lowlevel.loudness_ebu128.short_term.stdev": 0.2668124735355377, "lowlevel.melbands_crest.mean": 13.965208053588867, "lowlevel.melbands_crest.stdev": 5.4477128982543945, "lowlevel.melbands_flatness_db.mean": 0.17750640213489532, "lowlevel.melbands_flatness_db.stdev": 0.05044249817728996, "lowlevel.melbands_kurtosis.mean": 8.460121154785156, "lowlevel.melbands_kurtosis.stdev": 17.203649520874023, "lowlevel.melbands_skewness.mean": 2.101469039916992, "lowlevel.melbands_skewness.stdev": 1.798593282699585, "lowlevel.melbands_spread.mean": 38.226078033447266, "lowlevel.melbands_spread.stdev": 22.331329345703125, "lowlevel.pitch_salience.mean": 0.5289931893348694, "lowlevel.pitch_salience.stdev": 0.13289526104927063, "lowlevel.silence_rate_20dB.mean": 1.0, "lowlevel.silence_rate_20dB.stdev": 0.0, "lowlevel.silence_rate_30dB.mean": 1.0, "lowlevel.silence_rate_30dB.stdev": 0.0, "lowlevel.silence_rate_60dB.mean": 0.007194244768470526, "lowlevel.silence_rate_60dB.stdev": 0.0845131203532219, "lowlevel.spectral_centroid.mean": 1847.8856201171875, "lowlevel.spectral_centroid.stdev": 517.122802734375, "lowlevel.spectral_complexity.mean": 21.750598907470703, "lowlevel.spectral_complexity.stdev": 10.55987548828125, "lowlevel.spectral_decrease.mean": -5.259820579084362e-09, "lowlevel.spectral_decrease.stdev": 3.5437828227458112e-09, "lowlevel.spectral_energy.mean": 0.022037865594029427, "lowlevel.spectral_energy.stdev": 0.01469453051686287, "lowlevel.spectral_energyband_high.mean": 0.0005994584644213319, "lowlevel.spectral_energyband_high.stdev": 0.0008863973198458552, "lowlevel.spectral_energyband_low.mean": 0.007329562678933144, "lowlevel.spectral_energyband_low.stdev": 0.009402859024703503, "lowlevel.spectral_energyband_middle_high.mean": 0.00939143169671297, "lowlevel.spectral_energyband_middle_high.stdev": 0.009688755497336388, "lowlevel.spectral_energyband_middle_low.mean": 0.004824355244636536, "lowlevel.spectral_energyband_middle_low.stdev": 0.00482269749045372, "lowlevel.spectral_entropy.mean": 7.73491907119751, "lowlevel.spectral_entropy.stdev": 0.3291531205177307, "lowlevel.spectral_flux.mean": 0.08193317800760269, "lowlevel.spectral_flux.stdev": 0.04417772218585014, "lowlevel.spectral_kurtosis.mean": 5.34018087387085, "lowlevel.spectral_kurtosis.stdev": 3.747445583343506, "lowlevel.spectral_rms.mean": 0.0043911440297961235, "lowlevel.spectral_rms.stdev": 0.0014893707120791078, "lowlevel.spectral_rolloff.mean": 1961.6900634765625, "lowlevel.spectral_rolloff.stdev": 1374.4798583984375, "lowlevel.spectral_skewness.mean": 1.47287917137146, "lowlevel.spectral_skewness.stdev": 0.402660608291626, "lowlevel.spectral_spread.mean": 3876213.75, "lowlevel.spectral_spread.stdev": 1551799.25, "lowlevel.spectral_strongpeak.mean": 0.7682644128799438, "lowlevel.spectral_strongpeak.stdev": 1.3952292203903198, "lowlevel.zerocrossingrate.mean": 0.06748819351196289, "lowlevel.zerocrossingrate.stdev": 0.03120499663054943, "metadata.audio_properties.analysis.equal_loudness": 0.0, "metadata.audio_properties.analysis.length": 9.641610145568848, "metadata.audio_properties.analysis.sample_rate": 44100.0, "metadata.audio_properties.analysis.start_time": 0.0, "metadata.audio_properties.bit_rate": 125856.0, "metadata.audio_properties.length": 9.642666816711426, "metadata.audio_properties.lossless": 0.0, "metadata.audio_properties.number_channels": 1.0, "metadata.audio_properties.replay_gain": -11.694412231445312, "metadata.audio_properties.sample_rate": 48000.0, "rhythm.beats_count": 17.0, "rhythm.beats_loudness.mean": 0.028291091322898865, "rhythm.beats_loudness.stdev": 0.008397725410759449, "rhythm.bpm": 109.6953353881836, "rhythm.bpm_histogram_first_peak_bpm": 108.0, "rhythm.bpm_histogram_first_peak_weight": 0.625, "rhythm.bpm_histogram_second_peak_bpm": 0.0, "rhythm.bpm_histogram_second_peak_spread": 0.0, "rhythm.bpm_histogram_second_peak_weight": 0.0, "rhythm.danceability": 1.8373667001724243, "rhythm.onset_rate": 5.072725772857666, "tonal.chords_changes_rate": 0.06220095604658127, "tonal.chords_number_rate": 0.028708133846521378, "tonal.chords_strength.mean": 0.4644283056259155, "tonal.chords_strength.stdev": 0.06932345032691956, "tonal.hpcp_crest.mean": 12.636765480041504, "tonal.hpcp_crest.stdev": 6.453619480133057, "tonal.hpcp_entropy.mean": 2.2307639122009277, "tonal.hpcp_entropy.stdev": 0.7804876565933228, "tonal.key_edma.strength": 0.49210429191589355, "tonal.key_krumhansl.strength": 0.4937223792076111, "tonal.key_temperley.strength": 0.4897623062133789, "tonal.tuning_diatonic_strength": 0.4081141948699951, "tonal.tuning_equal_tempered_deviation": 0.12209916114807129, "tonal.tuning_frequency": 441.5275573730469, "tonal.tuning_nontempered_energy_ratio": 0.7518421411514282, "lowlevel.barkbands.mean": [0.00012982172484043986, 0.005838140845298767, 0.001306879916228354, 0.0001797877048375085, 0.0016207464504987001, 0.001138337654992938, 0.0008208249346353114, 0.0004707130719907582, 0.00046178887714631855, 0.0005312142893671989, 0.0009984350763261318, 0.0007588283624500036, 0.0009300587698817253, 0.001177262864075601, 0.0009322729893028736, 0.0011992870131507516, 0.0015057205455377698, 0.001061211689375341, 0.00031213712645694613, 0.00014339124027173966, 0.0001660726557020098, 0.00013592143659479916, 8.316423918586224e-05, 6.17730402154848e-05, 4.8252495616907254e-05, 2.4776492864475586e-05, 1.0671360541891772e-06], "lowlevel.barkbands.stdev": [0.00036801339592784643, 0.00688238674774766, 0.0026459593791514635, 0.0003922332252841443, 0.001726841670460999, 0.002085123211145401, 0.001694520702585578, 0.0008283381466753781, 0.000850364041980356, 0.0011177033884450793, 0.0020865569822490215, 0.0018005319871008396, 0.0018527356442064047, 0.0025451965630054474, 0.002004142850637436, 0.002613259246572852, 0.00216446490958333, 0.0016014465363696218, 0.0003664454270619899, 0.00015488429926335812, 0.00029197268304415047, 0.00021352346811909229, 0.00015376748342532665, 0.00011507796443765983, 0.00010593402839731425, 5.4370626457966864e-05, 3.813023340626387e-06], "lowlevel.erbbands.mean": [0.10714399814605713, 1.462935447692871, 2.296520709991455, 0.7643735408782959, 1.3913565874099731, 8.501901626586914, 7.324045658111572, 10.248144149780273, 7.284331321716309, 15.980545043945312, 10.377359390258789, 9.426690101623535, 16.24940299987793, 23.3692569732666, 35.021881103515625, 33.61431121826172, 41.13308334350586, 62.43133544921875, 53.74856185913086, 52.73183059692383, 67.13896942138672, 88.74268341064453, 68.50045013427734, 24.74188804626465, 10.55249309539795, 6.836922645568848, 7.117367744445801, 5.938853740692139, 5.2794718742370605, 3.4854917526245117, 2.1627182960510254, 1.3254576921463013, 1.0473682880401611, 0.6071823835372925, 0.3029175400733948, 0.130581334233284, 0.04038725048303604, 0.006035548634827137, 0.00015591409464832395, 3.243161700083874e-05], "lowlevel.erbbands.stdev": [0.17630606889724731, 1.6720837354660034, 3.5534801483154297, 1.7706142663955688, 2.794020652770996, 8.227890014648438, 10.379545211791992, 19.545330047607422, 15.720597267150879, 36.70838165283203, 17.17075538635254, 17.34980010986328, 36.36125183105469, 40.89532470703125, 69.92292785644531, 76.04378509521484, 80.60614776611328, 131.49642944335938, 105.52328491210938, 99.73662567138672, 129.4052276611328, 122.94812774658203, 101.44625091552734, 28.040008544921875, 10.706538200378418, 7.521695137023926, 10.774035453796387, 9.308127403259277, 8.097304344177246, 6.392175197601318, 3.777333974838257, 2.3182971477508545, 2.091968059539795, 1.3774405717849731, 0.6562151312828064, 0.2925974726676941, 0.0918365940451622, 0.015270000323653221, 0.00039984792238101363, 2.404094448138494e-05], "lowlevel.gfcc.mean": [-2.408158540725708, 84.36039733886719, -133.5952911376953, 45.30645751953125, -39.61558151245117, 21.65032196044922, -38.79251480102539, 11.723252296447754, -20.35247039794922, 5.893982887268066, -10.038476943969727, 11.249881744384766, -5.56146764755249], "lowlevel.melbands.mean": [0.001323369680903852, 0.0014808926498517394, 0.0001475383760407567, 0.00032361745252273977, 0.0003187046677339822, 0.00022424156486522406, 0.00012247930862940848, 0.00015659135533496737, 7.818859739927575e-05, 6.152699643280357e-05, 8.19996785139665e-05, 9.003806189866737e-05, 0.00014239296433515847, 5.8748439187183976e-05, 0.00011049700697185472, 9.852068615145981e-05, 0.00011571867798920721, 8.814328612061217e-05, 6.561979535035789e-05, 8.188196807168424e-05, 7.358923903666437e-05, 8.704101492185146e-05, 9.710483573144302e-05, 3.6174158594803885e-05, 1.8418482795823365e-05, 9.306423635280225e-06, 5.074157343187835e-06, 4.37107610196108e-06, 4.316190370445838e-06, 4.3134136831213254e-06, 3.179251734763966e-06, 3.1386632599605946e-06, 2.3445081751560792e-06, 1.7991786762650008e-06, 1.3045211062490125e-06, 9.326748795501771e-07, 7.564872817056312e-07, 7.630097229593957e-07, 6.057368295842025e-07, 4.84118174881587e-07], "lowlevel.melbands.stdev": [0.0017486433498561382, 0.0019126622937619686, 0.0002989190979860723, 0.00033896780223585665, 0.00036388009903021157, 0.00041842760401777923, 0.00025039343745447695, 0.00034788239281624556, 0.00013396356371231377, 0.00011393491877242923, 0.00018563632329460233, 0.00016477011376991868, 0.00030117618734948337, 0.00011288550740573555, 0.00028699194081127644, 0.00018581248878035694, 0.00026205342146568, 0.00017480079259257764, 0.0001504076353739947, 0.000185586090083234, 0.00013717640831600875, 0.00012517074355855584, 0.00015096089919097722, 5.1296759920660406e-05, 2.2794156393501908e-05, 1.0844182725122664e-05, 5.537679953704355e-06, 5.103464900457766e-06, 5.336582034942694e-06, 1.0842240044439677e-05, 4.261651156411972e-06, 4.723861366073834e-06, 4.2140577534155454e-06, 3.587161472751177e-06, 2.316667632840108e-06, 1.7145310948762926e-06, 1.2750261930705165e-06, 1.5187458757282002e-06, 1.3293037000039476e-06, 1.1358206393197179e-06], "lowlevel.melbands128.mean": [0.00010119696526089683, 0.0005954299704171717, 0.001794230192899704, 0.002786829834803939, 0.0016736459219828248, 0.0004759628791362047, 0.00011995424574706703, 9.367762686451897e-05, 0.00010913238656939939, 0.0002192211541114375, 0.000624382751993835, 0.00038955151103436947, 0.00014557503163814545, 0.00035865959944203496, 0.0003014909743797034, 9.589661931386217e-05, 9.914376278175041e-05, 9.443072485737503e-05, 0.00018116389401257038, 0.00024900486459955573, 7.971569721121341e-05, 8.063582936301827e-05, 9.28056106204167e-05, 5.503628563019447e-05, 5.620856973109767e-05, 4.998824078938924e-05, 0.00010623191337799653, 6.93467736709863e-05, 8.582040027249604e-05, 7.997905049705878e-05, 5.7024462876142934e-05, 0.00017044463311322033, 0.0002141680452041328, 6.781068805139512e-05, 3.434304380789399e-05, 4.653652649722062e-05, 0.00010608558659441769, 0.0001484565727878362, 9.177502215607092e-05, 5.765672176494263e-05, 8.867772703524679e-05, 0.00018166506197303534, 0.00010351221862947568, 9.713670442579314e-05, 9.873439557850361e-05, 8.07442920631729e-05, 8.921886183088645e-05, 5.766273170593195e-05, 5.9679998230421916e-05, 7.025633385637775e-05, 8.788579725660384e-05, 8.8147098722402e-05, 8.30317148938775e-05, 6.227364792721346e-05, 6.547800148837268e-05, 9.727690485306084e-05, 9.062287426786497e-05, 0.0001172374322777614, 0.00010276284592691809, 5.0095157348550856e-05, 3.451885640970431e-05, 2.2289630578598008e-05, 2.0015204427181743e-05, 1.89299516932806e-05, 1.2988287380721886e-05, 9.16715453058714e-06, 7.025850663922029e-06, 5.552391485252883e-06, 4.5208289520815015e-06, 4.5387728278001305e-06, 4.120791800232837e-06, 4.471507963899057e-06, 4.514697138802148e-06, 4.1032544686459005e-06, 4.227714271110017e-06, 5.392843831941718e-06, 3.608487531892024e-06, 3.0777666779613355e-06, 3.3930652989511145e-06, 2.899495257224771e-06, 3.2991003990900936e-06, 3.2970510801533237e-06, 2.668126398930326e-06, 2.3263460207090247e-06, 1.9590229385357816e-06, 1.880798095044156e-06, 1.7833422134572174e-06, 1.5540463209617883e-06, 1.2541513569885865e-06, 1.1827147545773187e-06, 1.004248701974575e-06, 8.539406621821399e-07, 7.997151669769664e-07, 7.692495387345843e-07, 6.977435305088875e-07, 7.756826221338997e-07, 7.825177590348176e-07, 7.68833558595361e-07, 5.709859465241607e-07, 5.482922347255226e-07, 5.45340299140662e-07, 4.3104736846544256e-07, 4.845217063120799e-07, 4.139690474858071e-07, 3.131237917841645e-07, 2.8158990517113125e-07, 2.8817811426051776e-07, 2.6781899009620247e-07, 2.0763222607911302e-07, 2.0286019264403876e-07, 1.804492910650879e-07, 1.2967009865860746e-07, 1.2220975520449429e-07, 1.1158015666978827e-07, 9.468402595302905e-08, 6.032697541513699e-08, 3.705250506413904e-08, 9.005887591229111e-09, 9.608722706389017e-10, 6.218116299638865e-12, 4.030571449514797e-12, 2.9833642067184085e-12, 2.8329031828699947e-12, 2.774155904994302e-12, 2.700462032809159e-12, 2.6089117845240484e-12, 2.5555065875926264e-12, 2.5365514810110623e-12], "lowlevel.melbands128.stdev": [0.0003190285060554743, 0.0012920325389131904, 0.0026256840210407972, 0.0030400725081562996, 0.002305289963260293, 0.0010765749029815197, 0.00036091930815018713, 0.000207929580938071, 0.0003287454601377249, 0.00030198751483112574, 0.0006049234070815146, 0.000418539741076529, 0.000306978530716151, 0.0006599831394851208, 0.0006203636876307428, 0.0002588232164271176, 0.0002852106699720025, 0.00025805048062466085, 0.00045670042163692415, 0.0006341547705233097, 0.00021501953597180545, 0.00016606217832304537, 0.0001860155025497079, 0.000141602213261649, 0.00017286858928855509, 0.00010079759522341192, 0.00031672578188590705, 0.00019842795154545456, 0.00026805177913047373, 0.0001953515165951103, 0.00011869069567183033, 0.0004263976588845253, 0.000515329244080931, 0.0001788688387023285, 8.254822751041502e-05, 0.00010188834858126938, 0.0002972979564219713, 0.0004964456893503666, 0.00034052933915518224, 0.00014402877422980964, 0.00022080792405176908, 0.0004398050077725202, 0.0002870446187444031, 0.0003374599909875542, 0.00021796813234686852, 0.00016741467698011547, 0.00031819642754271626, 0.00017104299331549555, 0.0001634926302358508, 0.0001567737926961854, 0.0002539847046136856, 0.00024332704197149724, 0.00020401588699314743, 0.00010439745528856292, 0.00010406647197669372, 0.00016650796169415116, 0.00015627106768079102, 0.00021648616530001163, 0.00018666799587663263, 0.00010421769547974691, 5.634943590848707e-05, 2.877732003980782e-05, 2.8995913453400135e-05, 3.056001150980592e-05, 1.758875441737473e-05, 1.3639240933116525e-05, 8.324005648319144e-06, 6.675452823401429e-06, 5.89916089666076e-06, 7.226340130728204e-06, 5.415673513198271e-06, 6.043581834092038e-06, 6.133263468655059e-06, 5.734196747653186e-06, 6.938471869943896e-06, 1.7903752450365573e-05, 9.762608897290193e-06, 4.017341780127026e-06, 5.160508862900315e-06, 4.119296590943122e-06, 5.654171673086239e-06, 5.065149252914125e-06, 4.861276465817355e-06, 5.1270799303893e-06, 3.287312210886739e-06, 4.167142378719291e-06, 4.351877578301355e-06, 3.151331839035265e-06, 2.2570327473658836e-06, 2.3729926397209056e-06, 1.9483245523588266e-06, 1.6341174386980128e-06, 1.916468590934528e-06, 1.3249201629150775e-06, 1.118242607844877e-06, 1.5673357438572566e-06, 1.822281546992599e-06, 1.7132026641775155e-06, 1.304930947298999e-06, 1.3932524325355189e-06, 1.4581794403056847e-06, 1.023449158310541e-06, 1.3376339893511613e-06, 1.0256634368488449e-06, 6.420790441552526e-07, 6.831718337707571e-07, 8.15957889699348e-07, 6.661635438831581e-07, 5.251915240478411e-07, 4.700289935044566e-07, 4.2236845843035553e-07, 3.290318488780031e-07, 2.997267927185021e-07, 2.891477492994454e-07, 2.3588943065533385e-07, 1.712170245582456e-07, 1.1995655313512543e-07, 4.915188966947426e-08, 9.79936842782081e-09, 5.498710514695304e-11, 2.2590821574519637e-11, 4.9688508516054775e-12, 4.4223956094380235e-12, 4.337301785090064e-12, 4.268569872567518e-12, 4.213197499214338e-12, 4.174510129933973e-12, 4.150560971305506e-12], "lowlevel.mfcc.mean": [-636.861083984375, 109.59404754638672, -20.366477966308594, 28.9521484375, 18.423545837402344, 14.121366500854492, 2.0862936973571777, 9.09523868560791, 1.2164520025253296, -5.537071228027344, 1.8656800985336304, 5.77710485458374, 1.7871220111846924], "lowlevel.spectral_contrast_coeffs.mean": [-0.7120499014854431, -0.7632188200950623, -0.779293417930603, -0.7763299942016602, -0.7674229145050049, -0.7392463088035583], "lowlevel.spectral_contrast_coeffs.stdev": [0.05737506225705147, 0.06351955235004425, 0.06136593222618103, 0.06303178519010544, 0.06655893474817276, 0.03894036263227463], "lowlevel.spectral_contrast_valleys.mean": [-6.954435348510742, -7.193990707397461, -7.317333221435547, -7.211873531341553, -7.277042865753174, -10.394232749938965], "lowlevel.spectral_contrast_valleys.stdev": [0.756597101688385, 0.91020268201828, 0.9145151972770691, 0.8638283610343933, 0.7671464085578918, 0.931236743927002], "rhythm.beats_loudness_band_ratio.mean": [0.25425437092781067, 0.23637861013412476, 0.11512959748506546, 0.11334286630153656, 0.2398422211408615, 0.06597332656383514], "rhythm.beats_loudness_band_ratio.stdev": [0.12064933031797409, 0.1473083794116974, 0.08998505026102066, 0.11099618673324585, 0.17912161350250244, 0.02205902896821499], "tonal.hpcp.mean": [0.05929245427250862, 0.05291611701250076, 0.04275425150990486, 0.038341909646987915, 0.06444070488214493, 0.2846068739891052, 0.4696204364299774, 0.28184637427330017, 0.1060517430305481, 0.08277478069067001, 0.06300793588161469, 0.06810272485017776, 0.059924330562353134, 0.053850360214710236, 0.10391280055046082, 0.12281940132379532, 0.09401291608810425, 0.11624108999967575, 0.11654151976108551, 0.09041520953178406, 0.15644365549087524, 0.2552741765975952, 0.331540048122406, 0.4817083179950714, 0.425626665353775, 0.19041132926940918, 0.11658892780542374, 0.10683287680149078, 0.08887174725532532, 0.07175043970346451, 0.06345611810684204, 0.06430158764123917, 0.08291369676589966, 0.08542979508638382, 0.0674518495798111, 0.06482789665460587], "tonal.hpcp.stdev": [0.1077628880739212, 0.09421534836292267, 0.0866067111492157, 0.0852089449763298, 0.1455475240945816, 0.24247732758522034, 0.3507020175457001, 0.2746611535549164, 0.19562792778015137, 0.16805598139762878, 0.13620564341545105, 0.15837275981903076, 0.1262706071138382, 0.0868016853928566, 0.15795306861400604, 0.17984333634376526, 0.1427544802427292, 0.17691977322101593, 0.1607263684272766, 0.14643734693527222, 0.19126540422439575, 0.2823767066001892, 0.3145467936992645, 0.4024196267127991, 0.40056195855140686, 0.27333864569664, 0.2005913257598877, 0.1556868851184845, 0.15199515223503113, 0.14948882162570953, 0.13874009251594543, 0.12915675342082977, 0.12606917321681976, 0.1369430124759674, 0.12039577215909958, 0.12450959533452988], "rhythm.beats_position": [0.5340589284896851, 1.0797278881072998, 1.6253968477249146, 2.1710658073425293, 2.7167346477508545, 3.250793695449829, 3.7848525047302246, 4.342131614685059, 4.899410247802734, 5.456689357757568, 5.990748405456543, 6.548027038574219, 7.105306148529053, 7.639364719390869, 8.185033798217773, 8.73070240020752, 9.287981986999512], "rhythm.bpm_histogram": [0.0, 0.0, 0.0, 0.0, 0.0, 0.0, 0.0, 0.0, 0.0, 0.0, 0.0, 0.0, 0.0, 0.0, 0.0, 0.0, 0.0, 0.0, 0.0, 0.0, 0.0, 0.0, 0.0, 0.0, 0.0, 0.0, 0.0, 0.0, 0.0, 0.0, 0.0, 0.0, 0.0, 0.0, 0.0, 0.0, 0.0, 0.0, 0.0, 0.0, 0.0, 0.0, 0.0, 0.0, 0.0, 0.0, 0.0, 0.0, 0.0, 0.0, 0.0, 0.0, 0.0, 0.0, 0.0, 0.0, 0.0, 0.0, 0.0, 0.0, 0.0, 0.0, 0.0, 0.0, 0.0, 0.0, 0.0, 0.0, 0.0, 0.0, 0.0, 0.0, 0.0, 0.0, 0.0, 0.0, 0.0, 0.0, 0.0, 0.0, 0.0, 0.0, 0.0, 0.0, 0.0, 0.0, 0.0, 0.0, 0.0, 0.0, 0.0, 0.0, 0.0, 0.0, 0.0, 0.0, 0.0, 0.0, 0.0, 0.0, 0.0, 0.0, 0.0, 0.0, 0.0, 0.0, 0.0, 0.0, 0.375, 0.0, 0.375, 0.0, 0.25, 0.0, 0.0, 0.0, 0.0, 0.0, 0.0, 0.0, 0.0, 0.0, 0.0, 0.0, 0.0, 0.0, 0.0, 0.0, 0.0, 0.0, 0.0, 0.0, 0.0, 0.0, 0.0, 0.0, 0.0, 0.0, 0.0, 0.0, 0.0, 0.0, 0.0, 0.0, 0.0, 0.0, 0.0, 0.0, 0.0, 0.0, 0.0, 0.0, 0.0, 0.0, 0.0, 0.0, 0.0, 0.0, 0.0, 0.0, 0.0, 0.0, 0.0, 0.0, 0.0, 0.0, 0.0, 0.0, 0.0, 0.0, 0.0, 0.0, 0.0, 0.0, 0.0, 0.0, 0.0, 0.0, 0.0, 0.0, 0.0, 0.0, 0.0, 0.0, 0.0, 0.0, 0.0, 0.0, 0.0, 0.0, 0.0, 0.0, 0.0, 0.0, 0.0, 0.0, 0.0, 0.0, 0.0, 0.0, 0.0, 0.0, 0.0, 0.0, 0.0, 0.0, 0.0, 0.0, 0.0, 0.0, 0.0, 0.0, 0.0, 0.0, 0.0, 0.0, 0.0, 0.0, 0.0, 0.0, 0.0, 0.0, 0.0, 0.0, 0.0, 0.0, 0.0, 0.0, 0.0, 0.0, 0.0, 0.0, 0.0, 0.0, 0.0, 0.0, 0.0, 0.0, 0.0, 0.0, 0.0, 0.0, 0.0, 0.0, 0.0, 0.0, 0.0, 0.0, 0.0, 0.0], "tonal.chords_histogram": [56.93779754638672, 0.4784688949584961, 6.698564529418945, 0.0, 0.0, 0.0, 0.0, 0.0, 0.0, 0.0, 0.0, 0.0, 0.0, 25.35885238647461, 0.0, 0.0, 0.0, 3.8277511596679688, 0.0, 3.3492822647094727, 0.0, 0.0, 0.0, 3.3492822647094727], "tonal.thpcp": [1.0, 0.8835775852203369, 0.39528346061706543, 0.2420322149991989, 0.22177918255329132, 0.18449287116527557, 0.14894996583461761, 0.13173142075538635, 0.1334865689277649, 0.17212428152561188, 0.1773475557565689, 0.14002633094787598, 0.1345791518688202, 0.12308787554502487, 0.10985095053911209, 0.08875547349452972, 0.07959569990634918, 0.13377536833286285, 0.5908282399177551, 0.9749062061309814, 0.58509761095047, 0.22015759348869324, 0.17183589935302734, 0.1308010071516037, 0.1413775086402893, 0.12439961731433868, 0.11179038882255554, 0.21571727097034454, 0.2549663186073303, 0.19516564905643463, 0.24131011962890625, 0.24193379282951355, 0.18769700825214386, 0.32476842403411865, 0.5299351811408997, 0.688258945941925], "lowlevel.gfcc.cov": [[6141.47607421875, -181.35720825195312, -367.50799560546875, -167.57098388671875, -127.32608795166016, -85.69487762451172, -184.560791015625, 135.10922241210938, -9.536956787109375, 100.84071350097656, -213.39077758789062, 108.53627014160156, -146.0124053955078], [-181.35720825195312, 1061.6109619140625, -450.4190979003906, -161.83993530273438, 68.52007293701172, -131.33673095703125, 181.41102600097656, -12.032621383666992, 64.16265106201172, -131.68618774414062, 185.45516967773438, -100.85065460205078, 121.33422088623047], [-367.50799560546875, -450.4190979003906, 796.6682739257812, 235.746826171875, -113.24263000488281, 130.65155029296875, -57.08549118041992, -56.785743713378906, -90.45957946777344, 136.51856994628906, -38.20975112915039, 85.80957794189453, -67.87590026855469], [-167.57098388671875, -161.83993530273438, 235.746826171875, 321.1166687011719, 47.46240997314453, 41.85009002685547, -80.96186828613281, -29.22865104675293, 35.274696350097656, 47.871360778808594, -1.058695912361145, 14.608534812927246, 11.553412437438965], [-127.32608795166016, 68.52007293701172, -113.24263000488281, 47.46240997314453, 277.6319580078125, 16.964040756225586, 0.6191306710243225, 53.897335052490234, 84.10407257080078, -34.18040466308594, -16.44971466064453, -16.6209659576416, 2.024073362350464], [-85.69487762451172, -131.33673095703125, 130.65155029296875, 41.85009002685547, 16.964040756225586, 237.16342163085938, 101.8936767578125, -44.914730072021484, -78.46308898925781, 15.34984302520752, -18.55462646484375, 0.842631995677948, 0.43453165888786316], [-184.560791015625, 181.41102600097656, -57.08549118041992, -80.96186828613281, 0.6191306710243225, 101.8936767578125, 196.91726684570312, -9.270933151245117, -53.927669525146484, -35.97317886352539, 39.02729034423828, -13.536771774291992, 20.980093002319336], [135.10922241210938, -12.032621383666992, -56.785743713378906, -29.22865104675293, 53.897335052490234, -44.914730072021484, -9.270933151245117, 134.16317749023438, 86.46926879882812, -6.669093608856201, -20.047508239746094, -0.37221625447273254, -24.874431610107422], [-9.536956787109375, 64.16265106201172, -90.45957946777344, 35.274696350097656, 84.10407257080078, -78.46308898925781, -53.927669525146484, 86.46926879882812, 168.19686889648438, 9.250520706176758, -7.73941707611084, -30.5743408203125, -5.710636615753174], [100.84071350097656, -131.68618774414062, 136.51856994628906, 47.871360778808594, -34.18040466308594, 15.34984302520752, -35.97317886352539, -6.669093608856201, 9.250520706176758, 101.36996459960938, -12.918328285217285, 11.618070602416992, -29.39982032775879], [-213.39077758789062, 185.45516967773438, -38.20975112915039, -1.058695912361145, -16.44971466064453, -18.55462646484375, 39.02729034423828, -20.047508239746094, -7.73941707611084, -12.918328285217285, 106.72395324707031, 6.5576887130737305, 27.461660385131836], [108.53627014160156, -100.85065460205078, 85.80957794189453, 14.608534812927246, -16.6209659576416, 0.842631995677948, -13.536771774291992, -0.37221625447273254, -30.5743408203125, 11.618070602416992, 6.5576887130737305, 77.81983184814453, -8.324767112731934], [-146.0124053955078, 121.33422088623047, -67.87590026855469, 11.553412437438965, 2.024073362350464, 0.43453165888786316, 20.980093002319336, -24.874431610107422, -5.710636615753174, -29.39982032775879, 27.461660385131836, -8.324767112731934, 71.79500579833984]], "lowlevel.gfcc.icov": [[0.00027349978336133063, -0.00039646337972953916, 0.00043699785601347685, -0.0002246041112812236, 0.00035833087167702615, -0.0004222610732540488, 0.0005414639599621296, -0.00043743778951466084, 0.0003982354828622192, -0.0005265921354293823, 0.0009311040048487484, -0.0009291427559219301, 0.0007103645475581288], [-0.00039646337972953916, 0.0039251819252967834, -0.0006358886603266001, 0.0011226348578929901, -0.0014425438130274415, 0.003180460538715124, -0.0037818707060068846, 0.001957931322976947, -0.0017808045959100127, 0.00166993064340204, -0.005048609338700771, 0.004246476572006941, -0.0034511417616158724], [0.00043699785601347685, -0.0006358886603266001, 0.0036478526890277863, -0.002438940107822418, 0.0015776448417454958, -0.001516045187599957, 0.0008406652486883104, -0.000983519945293665, 0.0017728031380102038, -0.0026662698946893215, 0.0019528637640178204, -0.003240568796172738, 0.003109344746917486], [-0.0002246041112812236, 0.0011226348578929901, -0.002438940107822418, 0.006714605260640383, -0.0019332262454554439, -0.0008020121022127569, 0.0017067778389900923, 0.002278760075569153, -0.0032159173861145973, 0.0005658181034959853, -0.0030561259482055902, 0.00157553527969867, -0.004062714520841837], [0.00035833087167702615, -0.0014425438130274415, 0.0015776448417454958, -0.0019332262454554439, 0.006250950042158365, -0.0029990924522280693, 0.0014180486323311925, -0.0014371637953445315, -0.0018932322273030877, 0.0012255198089405894, 0.0029001126531511545, -0.0030111109372228384, 0.0027917164843529463], [-0.0004222610732540488, 0.003180460538715124, -0.001516045187599957, -0.0008020121022127569, -0.0029990924522280693, 0.011811474338173866, -0.00884474441409111, 0.0025937759783118963, 0.0016903441864997149, -0.0005480843246914446, -0.0010217439848929644, 0.004728838801383972, -0.0031925090588629246], [0.0005414639599621296, -0.0037818707060068846, 0.0008406652486883104, 0.0017067778389900923, 0.0014180486323311925, -0.00884474441409111, 0.01489703543484211, -0.004485944285988808, 0.0034629700239747763, -6.874421160318889e-06, 0.00023829990823287517, -0.002377068158239126, 0.002024655696004629], [-0.00043743778951466084, 0.001957931322976947, -0.000983519945293665, 0.002278760075569153, -0.0014371637953445315, 0.0025937759783118963, -0.004485944285988808, 0.016245320439338684, -0.010039987973868847, 0.0034564081579446793, -0.0004443543730303645, -0.0014330733101814985, 0.0020896452479064465], [0.0003982354828622192, -0.0017808045959100127, 0.0017728031380102038, -0.0032159173861145973, -0.0018932322273030877, 0.0016903441864997149, 0.0034629700239747763, -0.010039987973868847, 0.017304936423897743, -0.005542113911360502, 0.0015956597635522485, 0.0034587092231959105, 0.00046338781248778105], [-0.0005265921354293823, 0.00166993064340204, -0.0026662698946893215, 0.0005658181034959853, 0.0012255198089405894, -0.0005480843246914446, -6.874421160318889e-06, 0.0034564081579446793, -0.005542113911360502, 0.01728278212249279, -0.0032941633835434914, 0.0018319165101274848, 0.0027722250670194626], [0.0009311040048487484, -0.005048609338700771, 0.0019528637640178204, -0.0030561259482055902, 0.0029001126531511545, -0.0010217439848929644, 0.00023829990823287517, -0.0004443543730303645, 0.0015956597635522485, -0.0032941633835434914, 0.02043880522251129, -0.009101364761590958, 0.0023695011623203754], [-0.0009291427559219301, 0.004246476572006941, -0.003240568796172738, 0.00157553527969867, -0.0030111109372228384, 0.004728838801383972, -0.002377068158239126, -0.0014330733101814985, 0.0034587092231959105, 0.0018319165101274848, -0.009101364761590958, 0.023136045783758163, -0.004939818289130926], [0.0007103645475581288, -0.0034511417616158724, 0.003109344746917486, -0.004062714520841837, 0.0027917164843529463, -0.0031925090588629246, 0.002024655696004629, 0.0020896452479064465, 0.00046338781248778105, 0.0027722250670194626, 0.0023695011623203754, -0.004939818289130926, 0.024565011262893677]], "lowlevel.mfcc.cov": [[4275.9638671875, 4.049767017364502, -459.72955322265625, -123.69086456298828, -46.05553436279297, -199.60548400878906, -228.96534729003906, -15.648308753967285, 33.572513580322266, -15.689173698425293, 101.67135620117188, -21.01258659362793, -165.48985290527344], [4.049767017364502, 925.6315307617188, -418.19091796875, -67.43672943115234, -121.93936157226562, -128.6323699951172, 78.21063232421875, 62.587806701660156, -13.445893287658691, -12.456513404846191, 24.758024215698242, 31.867156982421875, -29.46471405029297], [-459.72955322265625, -418.19091796875, 783.7730712890625, 103.59938049316406, -30.508033752441406, 165.91970825195312, 55.038692474365234, -89.28359985351562, -80.08618927001953, 5.6295695304870605, -85.62910461425781, -8.79139518737793, 144.7130889892578], [-123.69086456298828, -67.43672943115234, 103.59938049316406, 244.9967498779297, 137.2694549560547, -6.1917195320129395, -84.95796966552734, -23.084423065185547, -3.5720136165618896, 10.865556716918945, -24.90450668334961, 23.076751708984375, 95.28645324707031], [-46.05553436279297, -121.93936157226562, -30.508033752441406, 137.2694549560547, 274.9964294433594, 9.65750503540039, -97.88306427001953, 22.419193267822266, 53.162757873535156, 33.771419525146484, 17.125839233398438, 17.620141983032227, 23.142303466796875], [-199.60548400878906, -128.6323699951172, 165.91970825195312, -6.1917195320129395, 9.65750503540039, 243.42620849609375, 131.58358764648438, -16.754045486450195, -3.2042720317840576, -5.643167495727539, -18.82221221923828, -3.8759779930114746, -26.877864837646484], [-228.96534729003906, 78.21063232421875, 55.038692474365234, -84.95796966552734, -97.88306427001953, 131.58358764648438, 226.18344116210938, 41.55025863647461, -30.923553466796875, -28.03485870361328, -15.337926864624023, -18.05883026123047, -35.73265075683594], [-15.648308753967285, 62.587806701660156, -89.28359985351562, -23.084423065185547, 22.419193267822266, -16.754045486450195, 41.55025863647461, 120.72481536865234, 37.89460754394531, -7.261042594909668, 20.811992645263672, 6.726102828979492, -26.021379470825195], [33.572513580322266, -13.445893287658691, -80.08618927001953, -3.5720136165618896, 53.162757873535156, -3.2042720317840576, -30.923553466796875, 37.89460754394531, 106.41828155517578, 40.782264709472656, 24.955881118774414, 9.336360931396484, -27.947826385498047], [-15.689173698425293, -12.456513404846191, 5.6295695304870605, 10.865556716918945, 33.771419525146484, -5.643167495727539, -28.03485870361328, -7.261042594909668, 40.782264709472656, 81.56941223144531, 28.53148651123047, -0.9758745431900024, -3.879133462905884], [101.67135620117188, 24.758024215698242, -85.62910461425781, -24.90450668334961, 17.125839233398438, -18.82221221923828, -15.337926864624023, 20.811992645263672, 24.955881118774414, 28.53148651123047, 80.63107299804688, 27.729740142822266, -24.50145149230957], [-21.01258659362793, 31.867156982421875, -8.79139518737793, 23.076751708984375, 17.620141983032227, -3.8759779930114746, -18.05883026123047, 6.726102828979492, 9.336360931396484, -0.9758745431900024, 27.729740142822266, 67.63113403320312, 28.020729064941406], [-165.48985290527344, -29.46471405029297, 144.7130889892578, 95.28645324707031, 23.142303466796875, -26.877864837646484, -35.73265075683594, -26.021379470825195, -27.947826385498047, -3.879133462905884, -24.50145149230957, 28.020729064941406, 136.84765625]], "lowlevel.mfcc.icov": [[0.00028504012152552605, 4.417576565174386e-05, 0.00010224325524177402, 9.469907126913313e-06, 0.0001676385145401582, -2.4180089894798584e-05, 0.0004030255076941103, 6.316784947557608e-06, 6.562686758115888e-05, 0.00020660086011048406, -0.000298952276352793, 0.00015386422455776483, 0.0002470636391080916], [4.417576565174386e-05, 0.002041491214185953, 0.0013447876553982496, -0.0005218632868491113, 0.000828690710477531, 0.0009703052928671241, -0.0015262444503605366, -0.00012957844592165202, 0.0007653064676560462, -0.001298301387578249, 0.0010493522277101874, -0.001577239017933607, -0.00030813482590019703], [0.00010224325524177402, 0.0013447876553982496, 0.0034658212680369616, -0.00041205351590178907, 0.0013855294091627002, -0.0018733624601736665, -5.55977158001042e-06, -0.00038502286770381033, 0.001864575664512813, -0.002425783546641469, 0.0018632563296705484, -0.0002811345621012151, -0.002938635880127549], [9.469907126913313e-06, -0.0005218632868491113, -0.00041205351590178907, 0.008907035924494267, -0.003784345928579569, -0.001098429667763412, 0.0022027743980288506, -0.00018272746820002794, 0.0011478728847578168, -0.000598639773670584, 0.0023325365036726, -0.0007321244920603931, -0.0041174618527293205], [0.0001676385145401582, 0.000828690710477531, 0.0013855294091627002, -0.003784345928579569, 0.008132831193506718, -0.0032574140932410955, 0.003864297876134515, -0.003435625461861491, -0.00023416412295773625, -0.0016261984128504992, -0.0007842837367206812, 0.0007358059519901872, -0.0004933745949529111], [-2.4180089894798584e-05, 0.0009703052928671241, -0.0018733624601736665, -0.001098429667763412, -0.0032574140932410955, 0.012044014409184456, -0.009539833292365074, 0.0056263478472828865, -0.0032432791776955128, 0.001303460798226297, 0.0009178933105431497, -0.003771769581362605, 0.004732036963105202], [0.0004030255076941103, -0.0015262444503605366, -5.55977158001042e-06, 0.0022027743980288506, 0.003864297876134515, -0.009539833292365074, 0.015497444197535515, -0.007904520258307457, 0.004356765653938055, -0.00018260136130265892, -0.00028103915974497795, 0.0034843345638364553, -0.0012319557135924697], [6.316784947557608e-06, -0.00012957844592165202, -0.00038502286770381033, -0.00018272746820002794, -0.003435625461861491, 0.0056263478472828865, -0.007904520258307457, 0.015551074407994747, -0.007122003473341465, 0.005120051093399525, -0.0028262275736778975, -0.0007408243836835027, 0.001429536729119718], [6.562686758115888e-05, 0.0007653064676560462, 0.001864575664512813, 0.0011478728847578168, -0.00023416412295773625, -0.0032432791776955128, 0.004356765653938055, -0.007122003473341465, 0.018351159989833832, -0.009728060103952885, 0.0033277664333581924, -0.003367766970768571, 0.0014165163738653064], [0.00020660086011048406, -0.001298301387578249, -0.002425783546641469, -0.000598639773670584, -0.0016261984128504992, 0.001303460798226297, -0.00018260136130265892, 0.005120051093399525, -0.009728060103952885, 0.02208023890852928, -0.010409650392830372, 0.0064951349049806595, -0.00014527504390571266], [-0.000298952276352793, 0.0010493522277101874, 0.0018632563296705484, 0.0023325365036726, -0.0007842837367206812, 0.0009178933105431497, -0.00028103915974497795, -0.0028262275736778975, 0.0033277664333581924, -0.010409650392830372, 0.024169204756617546, -0.012544969096779823, 0.003252582624554634], [0.00015386422455776483, -0.001577239017933607, -0.0002811345621012151, -0.0007321244920603931, 0.0007358059519901872, -0.003771769581362605, 0.0034843345638364553, -0.0007408243836835027, -0.003367766970768571, 0.0064951349049806595, -0.012544969096779823, 0.025129001587629318, -0.007337880786508322], [0.0002470636391080916, -0.00030813482590019703, -0.002938635880127549, -0.0041174618527293205, -0.0004933745949529111, 0.004732036963105202, -0.0012319557135924697, 0.001429536729119718, 0.0014165163738653064, -0.00014527504390571266, 0.003252582624554634, -0.007337880786508322, 0.016847332939505577]], "metadata.audio_properties.analysis.downmix": "mix", "metadata.audio_properties.codec": "mp3", "metadata.audio_properties.md5_encoded": "1e466c8eb710d140b70c70b39d5f9a37", "metadata.tags.file_name": "1183711274396286986.mp3", "metadata.version.essentia": "2.1-beta6-dev", "metadata.version.essentia_git_sha": "v2.1_beta5-1110-g77a6a954", "metadata.version.extractor": "music 2.0", "tonal.chords_key": "E", "tonal.chords_scale": "major", "tonal.key_edma.key": "E", "tonal.key_edma.scale": "major", "tonal.key_krumhansl.key": "E", "tonal.key_krumhansl.scale": "major", "tonal.key_temperley.key": "E", "tonal.key_temperley.scale": "major", "metadata.tags.encoding": ["Lavf58.45.100"]}, "essentia_models": [{"model_name": "genre_dortmund", "activations": {"alternative": "0.036692224", "blues": "0.2262261", "electronic": "0.00410987", "folkcountry": "0.21859539", "funksoulrnb": "0.03073498", "jazz": "0.039453633", "pop": "0.012059568", "raphiphop": "0.12706871", "rock": "0.52489734"}}, {"model_name": "genre_rosamerica", "activations": {"classic": "0.014151335", "dance": "0.0013209219", "hip hop": "0.07265449", "jazz": "0.008850439", "pop": "0.0697572", "rhythm and blues": "0.021914646", "rock": "0.28261933", "speech": "0.05279517"}}, {"model_name": "genre_tzanetakis", "activations": {"blues": "0.12948464", "classic": "0.00015642915", "country": "0.21470617", "disco": "0.005337218", "hip hop": "0.033116225", "jazz": "0.00837507", "metal": "0.34060