{"song_id": "1183711301399216198", "download": "https://cdn.discordapp.com/attachments/1135911532732108921/1183711301399216198/chirp.mp4?ex=6589540e&amp", "lyrics": "[Ponte] \nNum brinde ao tempo, eterno companheiro, Renovamos votos, com o cora\u00e7\u00e3o verdadeiro. Por dias melhores, por um amor mais intenso, Caminhamos lado a lado, com o cora\u00e7\u00e3o imenso.", "style": ["romantic"], "essentia_features": {"lowlevel.average_loudness": 0.9772593975067139, "lowlevel.barkbands_crest.mean": 15.336404800415039, "lowlevel.barkbands_crest.stdev": 4.167351722717285, "lowlevel.barkbands_flatness_db.mean": 0.16937141120433807, "lowlevel.barkbands_flatness_db.stdev": 0.055501654744148254, "lowlevel.barkbands_kurtosis.mean": 17.1818790435791, "lowlevel.barkbands_kurtosis.stdev": 25.809112548828125, "lowlevel.barkbands_skewness.mean": 3.4185380935668945, "lowlevel.barkbands_skewness.stdev": 1.79287588596344, "lowlevel.barkbands_spread.mean": 14.940793991088867, "lowlevel.barkbands_spread.stdev": 9.104466438293457, "lowlevel.dissonance.mean": 0.4694505035877228, "lowlevel.dissonance.stdev": 0.01891861855983734, "lowlevel.dynamic_complexity": 1.2355023622512817, "lowlevel.erbbands_crest.mean": 8.911653518676758, "lowlevel.erbbands_crest.stdev": 3.161954402923584, "lowlevel.erbbands_flatness_db.mean": 0.12391267716884613, "lowlevel.erbbands_flatness_db.stdev": 0.028658052906394005, "lowlevel.erbbands_kurtosis.mean": 0.14033138751983643, "lowlevel.erbbands_kurtosis.stdev": 5.337700843811035, "lowlevel.erbbands_skewness.mean": -0.019881369546055794, "lowlevel.erbbands_skewness.stdev": 0.828174352645874, "lowlevel.erbbands_spread.mean": 54.887935638427734, "lowlevel.erbbands_spread.stdev": 17.12529945373535, "lowlevel.hfc.mean": 23.114290237426758, "lowlevel.hfc.stdev": 12.13190746307373, "lowlevel.loudness_ebu128.integrated": -12.54798698425293, "lowlevel.loudness_ebu128.loudness_range": 1.3098535537719727, "lowlevel.loudness_ebu128.momentary.mean": -12.647530555725098, "lowlevel.loudness_ebu128.momentary.stdev": 0.9409379363059998, "lowlevel.loudness_ebu128.short_term.mean": -12.570399284362793, "lowlevel.loudness_ebu128.short_term.stdev": 0.49480336904525757, "lowlevel.melbands_crest.mean": 21.504201889038086, "lowlevel.melbands_crest.stdev": 4.220254421234131, "lowlevel.melbands_flatness_db.mean": 0.2727353274822235, "lowlevel.melbands_flatness_db.stdev": 0.06305687874555588, "lowlevel.melbands_kurtosis.mean": 45.81655502319336, "lowlevel.melbands_kurtosis.stdev": 50.756492614746094, "lowlevel.melbands_skewness.mean": 5.42843770980835, "lowlevel.melbands_skewness.stdev": 2.2061872482299805, "lowlevel.melbands_spread.mean": 9.774450302124023, "lowlevel.melbands_spread.stdev": 7.1264142990112305, "lowlevel.pitch_salience.mean": 0.3505582809448242, "lowlevel.pitch_salience.stdev": 0.12362970411777496, "lowlevel.silence_rate_20dB.mean": 1.0, "lowlevel.silence_rate_20dB.stdev": 0.0, "lowlevel.silence_rate_30dB.mean": 0.8262548446655273, "lowlevel.silence_rate_30dB.stdev": 0.37888815999031067, "lowlevel.silence_rate_60dB.mean": 0.00154440151527524, "lowlevel.silence_rate_60dB.stdev": 0.039268504828214645, "lowlevel.spectral_centroid.mean": 827.7161254882812, "lowlevel.spectral_centroid.stdev": 375.6920166015625, "lowlevel.spectral_complexity.mean": 16.16061782836914, "lowlevel.spectral_complexity.stdev": 5.477692604064941, "lowlevel.spectral_decrease.mean": -1.8643861565692532e-08, "lowlevel.spectral_decrease.stdev": 1.7068490620886223e-08, "lowlevel.spectral_energy.mean": 0.07246279716491699, "lowlevel.spectral_energy.stdev": 0.06490014493465424, "lowlevel.spectral_energyband_high.mean": 0.0008262813789770007, "lowlevel.spectral_energyband_high.stdev": 0.001107006915844977, "lowlevel.spectral_energyband_low.mean": 0.05561938136816025, "lowlevel.spectral_energyband_low.stdev": 0.06177510321140289, "lowlevel.spectral_energyband_middle_high.mean": 0.004258002620190382, "lowlevel.spectral_energyband_middle_high.stdev": 0.0026842644438147545, "lowlevel.spectral_energyband_middle_low.mean": 0.01996474340558052, "lowlevel.spectral_energyband_middle_low.stdev": 0.02918599545955658, "lowlevel.spectral_entropy.mean": 7.432885646820068, "lowlevel.spectral_entropy.stdev": 0.3984008729457855, "lowlevel.spectral_flux.mean": 0.11654382944107056, "lowlevel.spectral_flux.stdev": 0.1242709532380104, "lowlevel.spectral_kurtosis.mean": 4.855763912200928, "lowlevel.spectral_kurtosis.stdev": 2.818938970565796, "lowlevel.spectral_rms.mean": 0.007898086681962013, "lowlevel.spectral_rms.stdev": 0.0028837101999670267, "lowlevel.spectral_rolloff.mean": 484.90472412109375, "lowlevel.spectral_rolloff.stdev": 682.2938842773438, "lowlevel.spectral_skewness.mean": 1.7439841032028198, "lowlevel.spectral_skewness.stdev": 0.4132080674171448, "lowlevel.spectral_spread.mean": 5578146.0, "lowlevel.spectral_spread.stdev": 1163610.25, "lowlevel.spectral_strongpeak.mean": 0.9588785171508789, "lowlevel.spectral_strongpeak.stdev": 0.36036956310272217, "lowlevel.zerocrossingrate.mean": 0.03810705244541168, "lowlevel.zerocrossingrate.stdev": 0.01871480606496334, "metadata.audio_properties.analysis.equal_loudness": 0.0, "metadata.audio_properties.analysis.length": 30.03628158569336, "metadata.audio_properties.analysis.sample_rate": 44100.0, "metadata.audio_properties.analysis.start_time": 0.0, "metadata.audio_properties.bit_rate": 121015.0, "metadata.audio_properties.length": 30.03733253479004, "metadata.audio_properties.lossless": 0.0, "metadata.audio_properties.number_channels": 1.0, "metadata.audio_properties.replay_gain": -11.434473037719727, "metadata.audio_properties.sample_rate": 48000.0, "rhythm.beats_count": 53.0, "rhythm.beats_loudness.mean": 0.06860004365444183, "rhythm.beats_loudness.stdev": 0.024173902347683907, "rhythm.bpm": 107.865966796875, "rhythm.bpm_histogram_first_peak_bpm": 108.0, "rhythm.bpm_histogram_first_peak_weight": 0.36734694242477417, "rhythm.bpm_histogram_second_peak_bpm": 98.0, "rhythm.bpm_histogram_second_peak_spread": 0.0, "rhythm.bpm_histogram_second_peak_weight": 0.03846153989434242, "rhythm.danceability": 1.3293405771255493, "rhythm.onset_rate": 4.258400917053223, "tonal.chords_changes_rate": 0.05246913433074951, "tonal.chords_number_rate": 0.015432098880410194, "tonal.chords_strength.mean": 0.4957311153411865, "tonal.chords_strength.stdev": 0.08105454593896866, "tonal.hpcp_crest.mean": 16.84392738342285, "tonal.hpcp_crest.stdev": 6.848837375640869, "tonal.hpcp_entropy.mean": 1.5399101972579956, "tonal.hpcp_entropy.stdev": 0.6395427584648132, "tonal.key_edma.strength": 0.6443161368370056, "tonal.key_krumhansl.strength": 0.640885055065155, "tonal.key_temperley.strength": 0.6276307702064514, "tonal.tuning_diatonic_strength": 0.42677801847457886, "tonal.tuning_equal_tempered_deviation": 0.08821690082550049, "tonal.tuning_frequency": 438.98455810546875, "tonal.tuning_nontempered_energy_ratio": 0.6617403030395508, "lowlevel.barkbands.mean": [0.0008478236268274486, 0.021150242537260056, 0.02543201856315136, 0.011662843637168407, 0.006331202108412981, 0.00029314833227545023, 0.0005488461465574801, 0.0002995603426825255, 0.0007966476259753108, 0.00024146087525878102, 0.00032580806873738766, 0.0005591772496700287, 0.0006702197715640068, 0.0003792540228459984, 0.0008628334035165608, 0.00045853498158976436, 0.00027732725720852613, 0.00022280655684880912, 0.00018814406939782202, 0.00017691898392513394, 0.0001532371243229136, 0.00010884285438805819, 0.00010860725888051093, 0.00011451233876869082, 0.00011276514123892412, 0.00012173224240541458, 1.834147042245604e-05], "lowlevel.barkbands.stdev": [0.002181501593440771, 0.057909682393074036, 0.019151698797941208, 0.0186567734926939, 0.012809178791940212, 0.0007104711839929223, 0.001359308254905045, 0.0006908978102728724, 0.0010912962025031447, 0.00032356654992327094, 0.0006020235014148057, 0.0009801022242754698, 0.0007010058616288006, 0.0007246582536026835, 0.0009888935601338744, 0.0005284324288368225, 0.00038377544842660427, 0.00048250105464830995, 0.0001877326867543161, 0.00021613575518131256, 0.00026549489120952785, 0.0002780206559691578, 0.00021917246340308338, 0.00019963120575994253, 0.00013311946531757712, 8.589126809965819e-05, 1.4380833817995153e-05], "lowlevel.erbbands.mean": [0.5012388229370117, 5.337738037109375, 23.029659271240234, 43.84642028808594, 23.529014587402344, 25.0404109954834, 8.035118103027344, 2.0423505306243896, 3.8622186183929443, 12.396607398986816, 7.62431001663208, 20.130884170532227, 6.998180389404297, 11.317279815673828, 13.603209495544434, 26.578414916992188, 34.78947067260742, 23.36332130432129, 31.56444549560547, 43.0565185546875, 26.879478454589844, 16.24456024169922, 11.521245002746582, 11.044413566589355, 8.477706909179688, 8.347482681274414, 7.389082908630371, 4.937661647796631, 4.007069110870361, 3.5981674194335938, 2.923525333404541, 2.451810121536255, 1.8643707036972046, 1.255138874053955, 0.7225465774536133, 0.41222453117370605, 0.23515541851520538, 0.07414208352565765, 0.0017879322404041886, 0.0001220921112690121], "lowlevel.erbbands.stdev": [1.5608892440795898, 13.052414894104004, 17.92424201965332, 34.856929779052734, 70.90370178222656, 43.438690185546875, 14.638147354125977, 4.5767741203308105, 9.240449905395508, 34.49110412597656, 9.371410369873047, 30.058000564575195, 9.856093406677246, 13.136592864990234, 19.9096622467041, 38.57339859008789, 34.991153717041016, 38.381019592285156, 54.18235778808594, 54.0652961730957, 33.7332649230957, 25.775775909423828, 24.173568725585938, 11.341877937316895, 8.53055477142334, 10.055342674255371, 10.611324310302734, 11.365604400634766, 10.679931640625, 7.804769039154053, 5.806282997131348, 4.818531036376953, 2.9762156009674072, 1.7879018783569336, 0.7526661157608032, 0.40054160356521606, 0.1613439917564392, 0.04909332096576691, 0.00117931654676795, 7.26012367522344e-05], "lowlevel.gfcc.mean": [35.53731155395508, 66.42884063720703, -84.6882095336914, 32.69682312011719, -21.63703727722168, 25.658279418945312, -36.70956802368164, 4.362340450286865, -36.82817840576172, -0.9966475367546082, -33.80400085449219, -9.364218711853027, -25.47121810913086], "lowlevel.melbands.mean": [0.005294162314385176, 0.010654997080564499, 0.006750181782990694, 0.0016049753176048398, 0.00047076379996724427, 4.349548544269055e-05, 7.261655991896987e-05, 0.00012061162124155089, 7.801094034221023e-05, 0.00011611404625000432, 3.12791125907097e-05, 4.4774715206585824e-05, 4.960156002198346e-05, 4.623824133886956e-05, 9.257031342713162e-05, 6.21370054432191e-05, 3.731435208464973e-05, 4.6475965064018965e-05, 4.929343413095921e-05, 4.645244189305231e-05, 2.9193701266194694e-05, 1.783637526386883e-05, 1.1548659131221939e-05, 9.940796189766843e-06, 8.824487849778961e-06, 6.536086402775254e-06, 5.9576163948804606e-06, 5.354348104447126e-06, 5.063603111921111e-06, 3.457842922216514e-06, 2.6513134798733518e-06, 2.4193468561861664e-06, 1.851277829700848e-06, 2.063317197098513e-06, 1.7052537941708579e-06, 1.5060128362165415e-06, 1.5006490912128356e-06, 1.2952550605405122e-06, 1.304052489103924e-06, 9.791253887669882e-07], "lowlevel.melbands.stdev": [0.015496868640184402, 0.01027512364089489, 0.0070084575563669205, 0.0033948130439966917, 0.0008755913004279137, 0.00010547454439802095, 0.00016765782493166625, 0.00033007649471983314, 9.513390250504017e-05, 0.0001644884905545041, 5.020984826842323e-05, 5.484769644681364e-05, 8.770914428168908e-05, 6.296848005149513e-05, 0.00012165533553343266, 6.540487083839253e-05, 6.487137579824775e-05, 9.28066874621436e-05, 5.3518800996243954e-05, 5.200994201004505e-05, 4.037771577714011e-05, 3.100439062109217e-05, 2.8203159672557376e-05, 2.143823803635314e-05, 9.051743290910963e-06, 6.914504410815425e-06, 6.661066436208785e-06, 7.400522463285597e-06, 7.378915597655578e-06, 6.32644560027984e-06, 6.928195034561213e-06, 7.231300514831673e-06, 4.448270374268759e-06, 4.4844528019893914e-06, 3.4522890928201377e-06, 2.996958755829837e-06, 2.9783095669699833e-06, 2.1549358280026354e-06, 2.0959600988135207e-06, 1.379616492158675e-06], "lowlevel.melbands128.mean": [0.0006342845736071467, 0.0032324239145964384, 0.00749614741653204, 0.008816555142402649, 0.010044647380709648, 0.013611954636871815, 0.0101117929443717, 0.004344925284385681, 0.0019520387286320329, 0.001429752679541707, 0.0015845437301322818, 0.0007783425971865654, 0.0001703979796729982, 7.787619688315317e-05, 3.8790229154983535e-05, 2.6518462618696503e-05, 2.9411465220618993e-05, 7.027197716524825e-05, 0.00012130507093388587, 0.0002046877780230716, 6.650505383731797e-05, 3.689749792101793e-05, 4.4287011405685917e-05, 0.000146628386573866, 0.0002139218122465536, 4.384317071526311e-05, 6.36174954706803e-05, 1.6336025510099716e-05, 1.2256828995305113e-05, 6.676774501102045e-05, 3.056919013033621e-05, 5.215316195972264e-05, 7.663822179893032e-05, 2.3483305994886905e-05, 2.441047217871528e-05, 4.891421849606559e-05, 8.956175588537008e-05, 7.874621951486915e-05, 0.00013020809274166822, 6.561572809005156e-05, 1.8984304915647954e-05, 0.00010202256817137823, 3.166964233969338e-05, 1.317533588007791e-05, 1.9998829884571023e-05, 6.235173350432888e-05, 7.394090062007308e-05, 1.1377557711966801e-05, 4.934576645609923e-05, 0.0001097883505281061, 1.8957271095132455e-05, 1.8276045011589304e-05, 4.897480539511889e-05, 2.1830088371643797e-05, 1.789650195860304e-05, 2.41684010688914e-05, 8.631482160126325e-06, 1.225920732395025e-05, 1.5025293578219134e-05, 5.160454747965559e-06, 1.271318342332961e-05, 9.089962077268865e-06, 8.681195140525233e-06, 9.804341971175745e-06, 7.53261383579229e-06, 6.901044798723888e-06, 5.033190063841175e-06, 5.85606449021725e-06, 6.410391961253481e-06, 6.201041287567932e-06, 4.326619546191068e-06, 6.383114396157907e-06, 4.561473815556383e-06, 5.663316642312566e-06, 4.140709734201664e-06, 3.476776328170672e-06, 3.376841277713538e-06, 2.5788674520299537e-06, 2.6475204322196078e-06, 2.366375383644481e-06, 2.9453399292833637e-06, 2.2415122202801285e-06, 1.6991701841106988e-06, 1.8179561038778047e-06, 1.927492121467367e-06, 2.0866339127678657e-06, 2.2182623524713563e-06, 1.8482940049580066e-06, 1.6258189816653612e-06, 1.653842218729551e-06, 1.5282205367839197e-06, 1.3397361726674717e-06, 1.677630393714935e-06, 1.4478770253845141e-06, 1.4422762433241587e-06, 1.5615033817084623e-06, 1.044771920533094e-06, 1.2580991324284696e-06, 1.4287466001405846e-06, 1.3938414440417546e-06, 8.508220616931794e-07, 1.080612719306373e-06, 8.315499826494488e-07, 8.700755529389426e-07, 7.236670853671967e-07, 6.51057177947223e-07, 1.2019989981126855e-06, 7.096248850757547e-07, 5.999773975418066e-07, 7.074003747220559e-07, 5.836078003085277e-07, 6.715324047945614e-07, 8.007826863831724e-07, 8.666501116749714e-07, 7.475044299098954e-07, 9.552807114232564e-07, 7.102593713170791e-07, 1.3729416536989447e-07, 2.610620886134285e-10, 1.950016016716294e-11, 1.1926504922543657e-11, 1.1137254313231537e-11, 1.0359319305153214e-11, 9.948940976611809e-12, 9.399528030917814e-12, 8.742326307320525e-12, 8.343922774933787e-12, 8.261792291963665e-12], "lowlevel.melbands128.stdev": [0.0018677037442103028, 0.010576295666396618, 0.024010440334677696, 0.02176743559539318, 0.011172187514603138, 0.010545182973146439, 0.00745670311152935, 0.010928020812571049, 0.008056088350713253, 0.003013893961906433, 0.0030542470049113035, 0.0016678960528224707, 0.00040243344847112894, 0.00019012668053619564, 0.00010333050886401907, 8.245402568718418e-05, 7.246100722113624e-05, 0.00024887709878385067, 0.00033559073926880956, 0.0006370762712322176, 0.0002332076255697757, 7.847319648135453e-05, 9.370144834974781e-05, 0.0002507241733837873, 0.0003733205667231232, 6.665888940915465e-05, 0.000143822529935278, 3.5710359952645376e-05, 2.2338108465191908e-05, 0.0001020645722746849, 4.28489365731366e-05, 0.00011822575470432639, 0.0001561349054099992, 5.584657264989801e-05, 5.6656648666830733e-05, 8.32172081572935e-05, 0.00016682995192240924, 0.00023163224977906793, 0.0001801706530386582, 8.442796388408169e-05, 3.7443183828145266e-05, 0.0002250465186079964, 5.951036655460484e-05, 2.884319837903604e-05, 7.364535122178495e-05, 0.00015589540998917073, 0.00015171161794569343, 1.9001761756953783e-05, 7.689094491070136e-05, 0.00016753992531448603, 2.4861514248186722e-05, 2.850565215339884e-05, 9.982869232771918e-05, 2.5942170395865105e-05, 3.212252340745181e-05, 6.5614003688097e-05, 1.5791494661243632e-05, 2.0994000806240365e-05, 5.7747056416701525e-05, 9.705890079203527e-06, 4.159759191679768e-05, 1.3572840543929487e-05, 1.043769771058578e-05, 1.3946160834166221e-05, 9.66271272773156e-06, 1.0358674444432836e-05, 6.826553999417229e-06, 8.08855656941887e-06, 9.219324056175537e-06, 8.307146345032379e-06, 6.148000466055237e-06, 1.4153176380204968e-05, 7.38809421818587e-06, 9.117854460782837e-06, 9.049883374245837e-06, 5.949282694928115e-06, 7.804923370713368e-06, 7.644760444236454e-06, 7.602546702401014e-06, 7.300611287064385e-06, 1.0553081665420905e-05, 6.449953616538551e-06, 4.584450834954623e-06, 4.915159479423892e-06, 4.688404715125216e-06, 4.694240487879142e-06, 5.7007719078683294e-06, 4.080530288774753e-06, 3.4381539535388583e-06, 3.603154937081854e-06, 3.2293389722326538e-06, 2.6930003969027894e-06, 4.311091288400348e-06, 3.068647401960334e-06, 3.0486592095257947e-06, 2.779976739475387e-06, 2.048018814093666e-06, 2.0743584627780365e-06, 2.4388691599597223e-06, 2.5424060368095525e-06, 1.452473384233599e-06, 1.6244666767306626e-06, 1.1533841188793303e-06, 1.3065131270195707e-06, 8.302247920255468e-07, 8.425944315604283e-07, 1.3371741260925774e-06, 9.667826361692278e-07, 7.940074624457338e-07, 8.078992550508701e-07, 6.235312639546464e-07, 6.031220323166053e-07, 6.417408826564497e-07, 6.841361255283118e-07, 5.58428894237295e-07, 7.13463975898776e-07, 5.571374117607775e-07, 1.431111797955964e-07, 3.301221518370312e-09, 2.0373039366639034e-10, 4.7462641455942034e-11, 4.786999269201786e-11, 3.4738250470622845e-11, 2.8453817427220862e-11, 1.9826345426521286e-11, 1.3770367658649807e-11, 1.2496234082226554e-11, 1.2421888170854878e-11], "lowlevel.mfcc.mean": [-625.9778442382812, 111.6732177734375, 5.055935859680176, 25.873863220214844, 30.102527618408203, 22.246435165405273, 15.093308448791504, 3.3792765140533447, 4.275789737701416, 3.9078989028930664, -5.94081449508667, -4.288078784942627, -5.695465087890625], "lowlevel.spectral_contrast_coeffs.mean": [-0.5608170032501221, -0.739143431186676, -0.744750440120697, -0.750524640083313, -0.7994378209114075, -0.7713296413421631], "lowlevel.spectral_contrast_coeffs.stdev": [0.08173970133066177, 0.07260044664144516, 0.05573830381035805, 0.04635653644800186, 0.03220720961689949, 0.027650460600852966], "lowlevel.spectral_contrast_valleys.mean": [-6.6902947425842285, -7.425808429718018, -7.729331016540527, -7.488008499145508, -7.403281211853027, -10.01135540008545], "lowlevel.spectral_contrast_valleys.stdev": [0.6586036086082458, 0.5020506381988525, 0.532011091709137, 0.4919203519821167, 0.49442026019096375, 0.5845891237258911], "rhythm.beats_loudness_band_ratio.mean": [0.7814494967460632, 0.08573347330093384, 0.027223652228713036, 0.04953815042972565, 0.0436495840549469, 0.029791701585054398], "rhythm.beats_loudness_band_ratio.stdev": [0.14964675903320312, 0.11603473126888275, 0.034278739243745804, 0.05336102470755577, 0.03195330873131752, 0.017524197697639465], "tonal.hpcp.mean": [0.13752925395965576, 0.09231823682785034, 0.01268423069268465, 0.008869734592735767, 0.014166668988764286, 0.12495552748441696, 0.2829081118106842, 0.1841256469488144, 0.11340779066085815, 0.19251276552677155, 0.11020536720752716, 0.03956631198525429, 0.039528749883174896, 0.02890053763985634, 0.11598235368728638, 0.3111754059791565, 0.23850859701633453, 0.05551030486822128, 0.03756732866168022, 0.014958150684833527, 0.018138770014047623, 0.04454049468040466, 0.037756066769361496, 0.025123246014118195, 0.03179014474153519, 0.023000285029411316, 0.020069284364581108, 0.027152379974722862, 0.026242809370160103, 0.07255788147449493, 0.12119563668966293, 0.06139171123504639, 0.005267403554171324, 0.004629435949027538, 0.00631308276206255, 0.05797320976853371], "tonal.hpcp.stdev": [0.2900649309158325, 0.19313746690750122, 0.07666849344968796, 0.06208646669983864, 0.07435282319784164, 0.2128145843744278, 0.39824700355529785, 0.27793702483177185, 0.21710816025733948, 0.37544146180152893, 0.22690880298614502, 0.16223537921905518, 0.15234807133674622, 0.11461371183395386, 0.22280587255954742, 0.43159469962120056, 0.35102108120918274, 0.17567943036556244, 0.1373845487833023, 0.07574097067117691, 0.06174140051007271, 0.10564413666725159, 0.09900753200054169, 0.1147281602025032, 0.1431346833705902, 0.11640526354312897, 0.09301485121250153, 0.07738064229488373, 0.10517649352550507, 0.183030366897583, 0.29611513018608093, 0.16012753546237946, 0.02111000008881092, 0.019149499014019966, 0.03629574552178383, 0.14829862117767334], "rhythm.beats_position": [0.5804988741874695, 1.195827603340149, 1.8111563920974731, 2.391655206680298, 2.9489340782165527, 3.5062131881713867, 4.0634918212890625, 4.609160900115967, 5.154829978942871, 5.712108612060547, 6.269387722015381, 6.826666355133057, 7.383945465087891, 7.941224575042725, 8.498503684997559, 9.055782318115234, 9.62467098236084, 10.181949615478516, 10.739229202270508, 11.308117866516113, 11.865396499633789, 12.411065101623535, 12.956734657287598, 13.514013290405273, 14.07129192352295, 14.628571510314941, 15.185850143432617, 15.743128776550293, 16.28879737854004, 16.84607696533203, 17.391746520996094, 17.949024200439453, 18.506303787231445, 19.063581466674805, 19.609251022338867, 20.15492057800293, 20.71219825744629, 21.26947784423828, 21.826757431030273, 22.384035110473633, 22.952924728393555, 23.521814346313477, 24.067481994628906, 24.61315155029297, 25.17043113708496, 25.71609878540039, 26.261768341064453, 26.819047927856445, 27.387935638427734, 27.956825256347656, 28.514102935791016, 29.071382522583008, 29.628662109375], "rhythm.bpm_histogram": [0.0, 0.0, 0.0, 0.0, 0.0, 0.0, 0.0, 0.0, 0.0, 0.0, 0.0, 0.0, 0.0, 0.0, 0.0, 0.0, 0.0, 0.0, 0.0, 0.0, 0.0, 0.0, 0.0, 0.0, 0.0, 0.0, 0.0, 0.0, 0.0, 0.0, 0.0, 0.0, 0.0, 0.0, 0.0, 0.0, 0.0, 0.0, 0.0, 0.0, 0.0, 0.0, 0.0, 0.0, 0.0, 0.0, 0.0, 0.0, 0.0, 0.0, 0.0, 0.0, 0.0, 0.0, 0.0, 0.0, 0.0, 0.0, 0.0, 0.0, 0.0, 0.0, 0.0, 0.0, 0.0, 0.0, 0.0, 0.0, 0.0, 0.0, 0.0, 0.0, 0.0, 0.0, 0.0, 0.0, 0.0, 0.0, 0.0, 0.0, 0.0, 0.0, 0.0, 0.0, 0.0, 0.0, 0.0, 0.0, 0.0, 0.0, 0.0, 0.0, 0.0, 0.0, 0.0, 0.0, 0.0, 0.0, 0.03846153989434242, 0.0, 0.0, 0.0, 0.0, 0.01923076994717121, 0.0, 0.11538461595773697, 0.0, 0.0, 0.5961538553237915, 0.0, 0.23076923191547394, 0.0, 0.0, 0.0, 0.0, 0.0, 0.0, 0.0, 0.0, 0.0, 0.0, 0.0, 0.0, 0.0, 0.0, 0.0, 0.0, 0.0, 0.0, 0.0, 0.0, 0.0, 0.0, 0.0, 0.0, 0.0, 0.0, 0.0, 0.0, 0.0, 0.0, 0.0, 0.0, 0.0, 0.0, 0.0, 0.0, 0.0, 0.0, 0.0, 0.0, 0.0, 0.0, 0.0, 0.0, 0.0, 0.0, 0.0, 0.0, 0.0, 0.0, 0.0, 0.0, 0.0, 0.0, 0.0, 0.0, 0.0, 0.0, 0.0, 0.0, 0.0, 0.0, 0.0, 0.0, 0.0, 0.0, 0.0, 0.0, 0.0, 0.0, 0.0, 0.0, 0.0, 0.0, 0.0, 0.0, 0.0, 0.0, 0.0, 0.0, 0.0, 0.0, 0.0, 0.0, 0.0, 0.0, 0.0, 0.0, 0.0, 0.0, 0.0, 0.0, 0.0, 0.0, 0.0, 0.0, 0.0, 0.0, 0.0, 0.0, 0.0, 0.0, 0.0, 0.0, 0.0, 0.0, 0.0, 0.0, 0.0, 0.0, 0.0, 0.0, 0.0, 0.0, 0.0, 0.0, 0.0, 0.0, 0.0, 0.0, 0.0, 0.0, 0.0, 0.0, 0.0, 0.0, 0.0, 0.0, 0.0, 0.0, 0.0, 0.0, 0.0, 0.0, 0.0, 0.0, 0.0, 0.0, 0.0], "tonal.chords_histogram": [5.246913433074951, 18.36419677734375, 17.74691390991211, 5.709876537322998, 0.0, 0.0, 1.080246925354004, 0.0, 10.030863761901855, 0.0, 0.0, 0.0, 0.0, 0.0, 0.0, 0.0, 0.0, 0.0, 0.0, 1.5432099103927612, 0.0, 8.950616836547852, 12.65432071685791, 18.672840118408203], "tonal.thpcp": [1.0, 0.7664763927459717, 0.17838911712169647, 0.12072718143463135, 0.04806983470916748, 0.05829114094376564, 0.14313629269599915, 0.12133371084928513, 0.08073660731315613, 0.10216149687767029, 0.07391421496868134, 0.06449508666992188, 0.08725747466087341, 0.08433445543050766, 0.23317357897758484, 0.3894769251346588, 0.19728973507881165, 0.016927441582083702, 0.014877255074679852, 0.020287858322262764, 0.18630395829677582, 0.4419669806957245, 0.2966758906841278, 0.040762316435575485, 0.02850397117435932, 0.04552631452679634, 0.4015597701072693, 0.9091596007347107, 0.5917101502418518, 0.36444970965385437, 0.6186631917953491, 0.35415834188461304, 0.12715116143226624, 0.12703044712543488, 0.0928753912448883, 0.37272340059280396], "lowlevel.gfcc.cov": [[1852.40380859375, -376.8929748535156, -151.223876953125, -38.2630500793457, -84.07878875732422, -18.18905258178711, -110.41165924072266, 52.79025650024414, -60.02180099487305, 56.89194107055664, -93.28765869140625, 41.229347229003906, -49.18055725097656], [-376.8929748535156, 476.17547607421875, 119.74628448486328, -7.001917839050293, 92.58807373046875, -46.7683219909668, 79.64984130859375, 12.002819061279297, 66.5191421508789, -5.070426940917969, 91.55878448486328, 2.2407546043395996, 61.28095245361328], [-151.223876953125, 119.74628448486328, 204.7471466064453, 137.08058166503906, 28.276939392089844, 40.23568344116211, 62.90263366699219, 1.2651053667068481, 52.32515335083008, 26.83681869506836, 83.6505355834961, 45.144920349121094, 55.41151428222656], [-38.2630500793457, -7.001917839050293, 137.08058166503906, 275.6351623535156, 20.262739181518555, 82.88833618164062, 69.27349090576172, -1.0465002059936523, 61.02496337890625, 23.69798469543457, 81.50955963134766, 53.16852951049805, 63.82588577270508], [-84.07878875732422, 92.58807373046875, 28.276939392089844, 20.262739181518555, 185.9338836669922, 57.308963775634766, 78.33712005615234, 55.20988082885742, 51.37153625488281, 46.8443603515625, 35.576255798339844, 30.847444534301758, 20.825698852539062], [-18.18905258178711, -46.7683219909668, 40.23568344116211, 82.88833618164062, 57.308963775634766, 176.91262817382812, 107.48892974853516, 13.102502822875977, 48.12531661987305, 35.892127990722656, 23.097089767456055, 13.20224380493164, 20.682680130004883], [-110.41165924072266, 79.64984130859375, 62.90263366699219, 69.27349090576172, 78.33712005615234, 107.48892974853516, 171.2188262939453, 69.43228149414062, 81.66409301757812, 37.85546112060547, 30.043729782104492, 0.13047629594802856, 8.763534545898438], [52.79025650024414, 12.002819061279297, 1.2651053667068481, -1.0465002059936523, 55.20988082885742, 13.102502822875977, 69.43228149414062, 136.14498901367188, 80.01353454589844, 43.90735626220703, -4.612911224365234, -3.264474391937256, -15.471490859985352], [-60.02180099487305, 66.5191421508789, 52.32515335083008, 61.02496337890625, 51.37153625488281, 48.12531661987305, 81.66409301757812, 80.01353454589844, 133.52430725097656, 52.63831329345703, 18.363828659057617, -4.777864933013916, 2.9027745723724365], [56.89194107055664, -5.070426940917969, 26.83681869506836, 23.69798469543457, 46.8443603515625, 35.892127990722656, 37.85546112060547, 43.90735626220703, 52.63831329345703, 87.78384399414062, 39.24256896972656, 28.04908561706543, 13.54135799407959], [-93.28765869140625, 91.55878448486328, 83.6505355834961, 81.50955963134766, 35.576255798339844, 23.097089767456055, 30.043729782104492, -4.612911224365234, 18.363828659057617, 39.24256896972656, 125.54066467285156, 70.22137451171875, 54.95756149291992], [41.229347229003906, 2.2407546043395996, 45.144920349121094, 53.16852951049805, 30.847444534301758, 13.20224380493164, 0.13047629594802856, -3.264474391937256, -4.777864933013916, 28.04908561706543, 70.22137451171875, 110.16613006591797, 71.39501190185547], [-49.18055725097656, 61.28095245361328, 55.41151428222656, 63.82588577270508, 20.825698852539062, 20.682680130004883, 8.763534545898438, -15.471490859985352, 2.9027745723724365, 13.54135799407959, 54.95756149291992, 71.39501190185547, 98.54336547851562]], "lowlevel.gfcc.icov": [[0.0007694073137827218, -0.00011451863974798471, 0.0003624216769821942, -0.0004863342037424445, 0.00046741633559577167, -0.00039089395431801677, 0.0006139235338196158, -0.0007486430113203824, 0.0007684665615670383, -0.0011465393472462893, 0.0010466078529134393, -0.0011349787237122655, 0.0007510560099035501], [-0.00011451863974798471, 0.008535429835319519, -0.0029616858810186386, 0.004857388325035572, -0.0039386083371937275, 0.006909439340233803, -0.005671512335538864, 0.0037394503597170115, -0.005884861573576927, 0.005848811939358711, -0.007829606533050537, 0.007701735012233257, -0.008215864188969135], [0.0003624216769821942, -0.0029616858810186386, 0.010648524388670921, -0.004623069427907467, 0.001749856281094253, -0.0008355672471225262, -0.0003791813796851784, 0.0003308687882963568, 3.865103280986659e-05, -0.002247353084385395, -0.0002826298004947603, -0.002705841325223446, 0.0013461860362440348], [-0.0004863342037424445, 0.004857388325035572, -0.004623069427907467, 0.00994929764419794, -0.0014466795837506652, 0.0017317855963483453, -0.0033354235347360373, 0.002996764611452818, -0.006267594173550606, 0.005755515303462744, -0.006703202612698078, 0.003993778955191374, -0.0061599137261509895], [0.00046741633559577167, -0.0039386083371937275, 0.001749856281094253, -0.0014466795837506652, 0.009824245236814022, -0.004261594731360674, 0.0006391053320840001, -0.0034515592269599438, 0.0026303946506232023, -0.004535948392003775, 0.0033183188643306494, -0.00567727442830801, 0.003663519397377968], [-0.00039089395431801677, 0.006909439340233803, -0.0008355672471225262, 0.0017317855963483453, -0.004261594731360674, 0.01752731204032898, -0.012813235633075237, 0.007949602790176868, -0.0053313858807086945, 0.0014891843311488628, -0.004204819910228252, 0.005699370987713337, -0.007365930359810591], [0.0006139235338196158, -0.005671512335538864, -0.0003791813796851784, -0.0033354235347360373, 0.0006391053320840001, -0.012813235633075237, 0.020327400416135788, -0.009252139367163181, 0.0023657968267798424, -0.0018551346147432923, 0.003032681765034795, -0.0023335532750934362, 0.005685345269739628], [-0.0007486430113203824, 0.0037394503597170115, 0.0003308687882963568, 0.002996764611452818, -0.0034515592269599438, 0.007949602790176868, -0.009252139367163181, 0.018766216933727264, -0.010617935098707676, -6.57995042274706e-05, -0.0010362988105043769, 0.00024569110246375203, -0.0012742836261168122], [0.0007684665615670383, -0.005884861573576927, 3.865103280986659e-05, -0.006267594173550606, 0.0026303946506232023, -0.0053313858807086945, 0.0023657968267798424, -0.010617935098707676, 0.022751031443476677, -0.01119945291429758, 0.007009876426309347, -0.001166116795502603, 0.004570779390633106], [-0.0011465393472462893, 0.005848811939358711, -0.002247353084385395, 0.005755515303462744, -0.004535948392003775, 0.0014891843311488628, -0.0018551346147432923, -6.57995042274706e-05, -0.01119945291429758, 0.02610727772116661, -0.012172614224255085, 0.0031840004958212376, -0.004648607689887285], [0.0010466078529134393, -0.007829606533050537, -0.0002826298004947603, -0.006703202612698078, 0.0033183188643306494, -0.004204819910228252, 0.003032681765034795, -0.0010362988105043769, 0.007009876426309347, -0.012172614224255085, 0.026195494458079338, -0.015769800171256065, 0.007922989316284657], [-0.0011349787237122655, 0.007701735012233257, -0.002705841325223446, 0.003993778955191374, -0.00567727442830801, 0.005699370987713337, -0.0023335532750934362, 0.00024569110246375203, -0.001166116795502603, 0.0031840004958212376, -0.015769800171256065, 0.03241478651762009, -0.02126443386077881], [0.0007510560099035501, -0.008215864188969135, 0.0013461860362440348, -0.0061599137261509895, 0.003663519397377968, -0.007365930359810591, 0.005685345269739628, -0.0012742836261168122, 0.004570779390633106, -0.004648607689887285, 0.007922989316284657, -0.02126443386077881, 0.030422352254390717]], "lowlevel.mfcc.cov": [[1843.5447998046875, -383.51995849609375, -128.9881134033203, -80.31795501708984, -31.87995147705078, -77.39116668701172, -56.70377731323242, -39.58781433105469, 0.6263517141342163, -13.223466873168945, -51.4354248046875, -44.424842834472656, -27.447856903076172], [-383.51995849609375, 519.0537719726562, -37.59687042236328, 24.480501174926758, 33.2498779296875, -57.431095123291016, 25.9676513671875, 3.586153268814087, 2.9364101886749268, 8.403038024902344, 16.804351806640625, 29.43199348449707, 22.136272430419922], [-128.9881134033203, -37.59687042236328, 259.74639892578125, 103.68041229248047, -5.755068778991699, 78.97439575195312, 13.200493812561035, 25.381650924682617, -13.192514419555664, -19.64535140991211, 8.235846519470215, 23.174047470092773, 32.05526351928711], [-80.31795501708984, 24.480501174926758, 103.68041229248047, 178.5001983642578, 43.70346450805664, 27.67674446105957, 17.76970863342285, 37.13441467285156, 13.869366645812988, -2.0200963020324707, 36.545875549316406, 32.70353698730469, 30.95673179626465], [-31.87995147705078, 33.2498779296875, -5.755068778991699, 43.70346450805664, 97.47238159179688, 28.659290313720703, 19.82834243774414, 13.252999305725098, 12.190771102905273, -1.4403231143951416, 18.31536102294922, 17.498111724853516, 24.45882225036621], [-77.39116668701172, -57.431095123291016, 78.97439575195312, 27.67674446105957, 28.659290313720703, 182.86952209472656, 65.27127838134766, 38.46139907836914, 24.10413932800293, 21.488927841186523, 20.097679138183594, 9.960835456848145, 23.736867904663086], [-56.70377731323242, 25.9676513671875, 13.200493812561035, 17.76970863342285, 19.82834243774414, 65.27127838134766, 107.75250244140625, 36.82679748535156, 10.360203742980957, -3.7263612747192383, 15.38139820098877, 26.236831665039062, 28.734943389892578], [-39.58781433105469, 3.586153268814087, 25.381650924682617, 37.13441467285156, 13.252999305725098, 38.46139907836914, 36.82679748535156, 92.99275207519531, 48.2103385925293, 33.40812301635742, 31.655534744262695, 22.555660247802734, 19.135974884033203], [0.6263517141342163, 2.9364101886749268, -13.192514419555664, 13.869366645812988, 12.190771102905273, 24.10413932800293, 10.360203742980957, 48.2103385925293, 108.18782806396484, 74.16722869873047, 45.73701477050781, 22.898521423339844, 13.321548461914062], [-13.223466873168945, 8.403038024902344, -19.64535140991211, -2.0200963020324707, -1.4403231143951416, 21.488927841186523, -3.7263612747192383, 33.40812301635742, 74.16722869873047, 137.6446990966797, 71.1412124633789, 23.141258239746094, 4.525454998016357], [-51.4354248046875, 16.804351806640625, 8.235846519470215, 36.545875549316406, 18.31536102294922, 20.097679138183594, 15.38139820098877, 31.655534744262695, 45.73701477050781, 71.1412124633789, 108.7623291015625, 44.934391021728516, 11.397345542907715], [-44.424842834472656, 29.43199348449707, 23.174047470092773, 32.70353698730469, 17.498111724853516, 9.960835456848145, 26.236831665039062, 22.555660247802734, 22.898521423339844, 23.141258239746094, 44.934391021728516, 84.89616394042969, 42.565948486328125], [-27.447856903076172, 22.136272430419922, 32.05526351928711, 30.95673179626465, 24.45882225036621, 23.736867904663086, 28.734943389892578, 19.135974884033203, 13.321548461914062, 4.525454998016357, 11.397345542907715, 42.565948486328125, 84.64860534667969]], "lowlevel.mfcc.icov": [[0.0007075689500197768, 0.0005914358771406114, 0.00032578769605606794, -3.6046978493686765e-05, -4.2787796701304615e-05, 0.00036902070860378444, -4.886987881036475e-05, 0.00011694468412315473, -0.0001560403616167605, -5.218404476181604e-05, 0.00023726762447040528, 5.501884515979327e-05, -0.00016864985809661448], [0.0005914358771406114, 0.002704822923988104, 0.0003516881843097508, -0.00027555928681977093, -0.0007979105575941503, 0.0015449868515133858, -0.001149302115663886, 0.0002663673658389598, 7.987717253854498e-05, -0.0005723643116652966, 0.0003293730551376939, -0.00022221842664293945, -0.0003352952189743519], [0.00032578769605606794, 0.0003516881843097508, 0.007254567462950945, -0.004110708832740784, 0.00332947401329875, -0.003501117927953601, 0.0022063255310058594, -0.0007756299455650151, 0.0015031254151836038, 0.0011555907549336553, 0.000177904570591636, -0.001147130853496492, -0.001529546221718192], [-3.6046978493686765e-05, -0.00027555928681977093, -0.004110708832740784, 0.009905851446092129, -0.004061012528836727, 0.0014608795754611492, 0.0001336713321506977, -0.0021863491274416447, -0.0005200252635404468, 0.0015169506659731269, -0.0026595836970955133, -8.000324305612594e-05, -0.0003939161542803049], [-4.2787796701304615e-05, -0.0007979105575941503, 0.00332947401329875, -0.004061012528836727, 0.014531155116856098, -0.00338911940343678, 0.0008936939411796629, 0.00046644845861010253, -0.0008176193223334849, 0.0025617193896323442, -0.0018432569922879338, -0.00011586960317799821, -0.00293989316560328], [0.00036902070860378444, 0.0015449868515133858, -0.003501117927953601, 0.0014608795754611492, -0.00338911940343678, 0.010447975248098373, -0.006154410541057587, -0.00024058911367319524, -0.0008587756310589612, -0.002367877634242177, 0.00025123023078776896, 0.0023636987898498774, -0.00026042372337542474], [-4.886987881036475e-05, -0.001149302115663886, 0.0022063255310058594, 0.0001336713321506977, 0.0008936939411796629, -0.006154410541057587, 0.01593359187245369, -0.004807280842214823, 0.001168672344647348, 0.0035639842972159386, -0.0013331255177035928, -0.002863349625840783, -0.0022093155421316624], [0.00011694468412315473, 0.0002663673658389598, -0.0007756299455650151, -0.0021863491274416447, 0.00046644845861010253, -0.00024058911367319524, -0.004807280842214823, 0.01764458790421486, -0.0064637139439582825, -0.0008138663251884282, -0.00044159748358651996, 9.79050892055966e-05, -0.0002917145611718297], [-0.0001560403616167605, 7.987717253854498e-05, 0.0015031254151836038, -0.0005200252635404468, -0.0008176193223334849, -0.0008587756310589612, 0.001168672344647348, -0.0064637139439582825, 0.018117714673280716, -0.007556672673672438, -0.00018544928752817214, -0.0010098296916112304, -0.0008234773995354772], [-5.218404476181604e-05, -0.0005723643116652966, 0.0011555907549336553, 0.0015169506659731269, 0.0025617193896323442, -0.002367877634242177, 0.0035639842972159386, -0.0008138663251884282, -0.007556672673672438, 0.01665508560836315, -0.008691143244504929, 0.0006436539115384221, -0.0008163084858097136], [0.00023726762447040528, 0.0003293730551376939, 0.000177904570591636, -0.0026595836970955133, -0.0018432569922879338, 0.00025123023078776896, -0.0013331255177035928, -0.00044159748358651996, -0.00018544928752817214, -0.008691143244504929, 0.01931498385965824, -0.007808813359588385, 0.0037304882425814867], [5.501884515979327e-05, -0.00022221842664293945, -0.001147130853496492, -8.000324305612594e-05, -0.00011586960317799821, 0.0023636987898498774, -0.002863349625840783, 9.79050892055966e-05, -0.0010098296916112304, 0.0006436539115384221, -0.007808813359588385, 0.021452121436595917, -0.008751249872148037], [-0.00016864985809661448, -0.0003352952189743519, -0.001529546221718192, -0.0003939161542803049, -0.00293989316560328, -0.00026042372337542474, -0.0022093155421316624, -0.0002917145611718297, -0.0008234773995354772, -0.0008163084858097136, 0.0037304882425814867, -0.008751249872148037, 0.01837979443371296]], "metadata.audio_properties.analysis.downmix": "mix", "metadata.audio_properties.codec": "mp3", "metadata.audio_properties.md5_encoded": "e1d1bb90679ae02d18fcf520b7fef3e6", "metadata.tags.file_name": "1183711301399216198.mp3", "metadata.version.essentia": "2.1-beta6-dev", "metadata.version.essentia_git_sha": "v2.1_beta5-1110-g77a6a954", "metadata.version.extractor": "music 2.0", "tonal.chords_key": "E", "tonal.chords_scale": "minor", "tonal.key_edma.key": "G", "tonal.key_edma.scale": "major", "tonal.key_krumhansl.key": "G", "tonal.key_krumhansl.scale": "major", "tonal.key_temperley.key": "G", "tonal.key_temperley.scale": "major", "metadata.tags.encoding": ["Lavf58.45.100"]}, "essentia_models": [{"model_name": "genre_dortmund", "activations": {"alternative": "0.32988983", "blues": "0.0028283296", "electronic": "0.027317155", "folkcountry": "0.023891235", "funksoulrnb": "0.0045707882", "jazz": "0.027250335", "pop": "0.02219732", "raphiphop": "0.0015782053", "rock": "0.38811323"}}, {"m