{"song_id": "1183669471135682640", "download": "https://cdn.discordapp.com/attachments/1135903449314238464/1183669471135682640/chirp.mp4?ex=65892d19&amp", "lyrics": "[Verse]\nIn a world of red and blue, there's a tale to be told\nRepublican ignorance, behold the blindfold\nMisguided in their thinking, stuck in their narrow ways\nFacts and reason brushed aside, lost in the partisan haze\n\n[Chorus]\nSwing, swing, to a better understanding\nOpen up your minds, seek some common understanding\nSwing, swing, beyond the ignorance we find\nTogether we can bridge the gap, leave no truth behind", "style": ["Swing"], "essentia_features": {"lowlevel.average_loudness": 0.8794095516204834, "lowlevel.barkbands_crest.mean": 13.93545150756836, "lowlevel.barkbands_crest.stdev": 5.142542839050293, "lowlevel.barkbands_flatness_db.mean": 0.3080156743526459, "lowlevel.barkbands_flatness_db.stdev": 0.10120648890733719, "lowlevel.barkbands_kurtosis.mean": 17.49855613708496, "lowlevel.barkbands_kurtosis.stdev": 26.402467727661133, "lowlevel.barkbands_skewness.mean": 2.5356805324554443, "lowlevel.barkbands_skewness.stdev": 2.0795929431915283, "lowlevel.barkbands_spread.mean": 6.894545078277588, "lowlevel.barkbands_spread.stdev": 12.89365291595459, "lowlevel.dissonance.mean": 0.38282254338264465, "lowlevel.dissonance.stdev": 0.06346328556537628, "lowlevel.dynamic_complexity": 2.6009111404418945, "lowlevel.erbbands_crest.mean": 11.414702415466309, "lowlevel.erbbands_crest.stdev": 4.210854530334473, "lowlevel.erbbands_flatness_db.mean": 0.2512988746166229, "lowlevel.erbbands_flatness_db.stdev": 0.09514141082763672, "lowlevel.erbbands_kurtosis.mean": 3.8281872272491455, "lowlevel.erbbands_kurtosis.stdev": 4.795019626617432, "lowlevel.erbbands_skewness.mean": 1.0728541612625122, "lowlevel.erbbands_skewness.stdev": 1.0423893928527832, "lowlevel.erbbands_spread.mean": 22.814496994018555, "lowlevel.erbbands_spread.stdev": 21.763797760009766, "lowlevel.hfc.mean": 13.892531394958496, "lowlevel.hfc.stdev": 12.075753211975098, "lowlevel.loudness_ebu128.integrated": -11.439724922180176, "lowlevel.loudness_ebu128.loudness_range": 8.628156661987305, "lowlevel.loudness_ebu128.momentary.mean": -12.553336143493652, "lowlevel.loudness_ebu128.momentary.stdev": 5.146268844604492, "lowlevel.loudness_ebu128.short_term.mean": -12.005248069763184, "lowlevel.loudness_ebu128.short_term.stdev": 2.764072895050049, "lowlevel.melbands_crest.mean": 16.57396125793457, "lowlevel.melbands_crest.stdev": 5.039768218994141, "lowlevel.melbands_flatness_db.mean": 0.41366472840309143, "lowlevel.melbands_flatness_db.stdev": 0.12334822118282318, "lowlevel.melbands_kurtosis.mean": 27.665130615234375, "lowlevel.melbands_kurtosis.stdev": 47.37113571166992, "lowlevel.melbands_skewness.mean": 2.97456431388855, "lowlevel.melbands_skewness.stdev": 2.3375017642974854, "lowlevel.melbands_spread.mean": 7.112687110900879, "lowlevel.melbands_spread.stdev": 14.341850280761719, "lowlevel.pitch_salience.mean": 0.4753614068031311, "lowlevel.pitch_salience.stdev": 0.1425749808549881, "lowlevel.silence_rate_20dB.mean": 1.0, "lowlevel.silence_rate_20dB.stdev": 0.0, "lowlevel.silence_rate_30dB.mean": 0.8773419260978699, "lowlevel.silence_rate_30dB.stdev": 0.3280438482761383, "lowlevel.silence_rate_60dB.mean": 0.013466042466461658, "lowlevel.silence_rate_60dB.stdev": 0.11526650935411453, "lowlevel.spectral_centroid.mean": 458.6866149902344, "lowlevel.spectral_centroid.stdev": 485.405517578125, "lowlevel.spectral_complexity.mean": 9.302693367004395, "lowlevel.spectral_complexity.stdev": 5.400798320770264, "lowlevel.spectral_decrease.mean": -1.4047643936976328e-08, "lowlevel.spectral_decrease.stdev": 1.1936760024866544e-08, "lowlevel.spectral_energy.mean": 0.05427924543619156, "lowlevel.spectral_energy.stdev": 0.045530520379543304, "lowlevel.spectral_energyband_high.mean": 0.0002565919130574912, "lowlevel.spectral_energyband_high.stdev": 0.0008165534818544984, "lowlevel.spectral_energyband_low.mean": 0.031215133145451546, "lowlevel.spectral_energyband_low.stdev": 0.04451412707567215, "lowlevel.spectral_energyband_middle_high.mean": 0.001939828391186893, "lowlevel.spectral_energyband_middle_high.stdev": 0.004861901514232159, "lowlevel.spectral_energyband_middle_low.mean": 0.022372886538505554, "lowlevel.spectral_energyband_middle_low.stdev": 0.017603877931833267, "lowlevel.spectral_entropy.mean": 6.114999294281006, "lowlevel.spectral_entropy.stdev": 0.8423188924789429, "lowlevel.spectral_flux.mean": 0.07223206013441086, "lowlevel.spectral_flux.stdev": 0.0788353756070137, "lowlevel.spectral_kurtosis.mean": 52.24683380126953, "lowlevel.spectral_kurtosis.stdev": 79.2519302368164, "lowlevel.spectral_rms.mean": 0.006670103874057531, "lowlevel.spectral_rms.stdev": 0.002909430069848895, "lowlevel.spectral_rolloff.mean": 547.3431396484375, "lowlevel.spectral_rolloff.stdev": 1219.36328125, "lowlevel.spectral_skewness.mean": 4.646371364593506, "lowlevel.spectral_skewness.stdev": 3.3011014461517334, "lowlevel.spectral_spread.mean": 3457143.0, "lowlevel.spectral_spread.stdev": 2471006.0, "lowlevel.spectral_strongpeak.mean": 0.9658781886100769, "lowlevel.spectral_strongpeak.stdev": 0.9026066064834595, "lowlevel.zerocrossingrate.mean": 0.023984815925359726, "lowlevel.zerocrossingrate.stdev": 0.03875201195478439, "metadata.audio_properties.analysis.equal_loudness": 0.0, "metadata.audio_properties.analysis.length": 79.29598999023438, "metadata.audio_properties.analysis.sample_rate": 44100.0, "metadata.audio_properties.analysis.start_time": 0.0, "metadata.audio_properties.bit_rate": 124379.0, "metadata.audio_properties.length": 79.2959976196289, "metadata.audio_properties.lossless": 0.0, "metadata.audio_properties.number_channels": 1.0, "metadata.audio_properties.replay_gain": -13.885780334472656, "metadata.audio_properties.sample_rate": 48000.0, "rhythm.beats_count": 181.0, "rhythm.beats_loudness.mean": 0.07219264656305313, "rhythm.beats_loudness.stdev": 0.059020500630140305, "rhythm.bpm": 138.45578002929688, "rhythm.bpm_histogram_first_peak_bpm": 140.0, "rhythm.bpm_histogram_first_peak_weight": 0.3928571343421936, "rhythm.bpm_histogram_second_peak_bpm": 133.0, "rhythm.bpm_histogram_second_peak_spread": 0.1666666865348816, "rhythm.bpm_histogram_second_peak_weight": 0.0555555559694767, "rhythm.danceability": 1.134946584701538, "rhythm.onset_rate": 3.71968674659729, "tonal.chords_changes_rate": 0.04095962643623352, "tonal.chords_number_rate": 0.0040959627367556095, "tonal.chords_strength.mean": 0.45499086380004883, "tonal.chords_strength.stdev": 0.09582984447479248, "tonal.hpcp_crest.mean": 15.533241271972656, "tonal.hpcp_crest.stdev": 6.152790069580078, "tonal.hpcp_entropy.mean": 1.6059176921844482, "tonal.hpcp_entropy.stdev": 0.5779848694801331, "tonal.key_edma.strength": 0.8345226645469666, "tonal.key_krumhansl.strength": 0.8380545973777771, "tonal.key_temperley.strength": 0.8409577012062073, "tonal.tuning_diatonic_strength": 0.6201392412185669, "tonal.tuning_equal_tempered_deviation": 0.026636388152837753, "tonal.tuning_frequency": 439.2381896972656, "tonal.tuning_nontempered_energy_ratio": 0.6042707562446594, "lowlevel.barkbands.mean": [0.00015204180090222508, 0.022113781422376633, 0.00756028713658452, 0.0035930348094552755, 0.01048000156879425, 0.0019373147515580058, 0.0029004784300923347, 0.0018732206663116813, 0.0013458466855809093, 0.0008833640604279935, 0.00042452491470612586, 0.0001585134887136519, 0.00016216750373132527, 0.000120624914416112, 8.252517000073567e-05, 7.012137939454988e-05, 6.3077372033149e-05, 4.416987576405518e-05, 3.918047877959907e-05, 3.798058969550766e-05, 3.3647476811893284e-05, 4.242278737365268e-05, 4.8390629672212526e-05, 4.773446562467143e-05, 5.004041304346174e-05, 1.3888753528590314e-05, 8.622546943115594e-07], "lowlevel.barkbands.stdev": [0.0004113869508728385, 0.03729605674743652, 0.014146212488412857, 0.007149045821279287, 0.010964855551719666, 0.0032442512456327677, 0.004232758190482855, 0.004843728616833687, 0.0027545602060854435, 0.0029099243693053722, 0.0023273902479559183, 0.0006271111196838319, 0.0006778161623515189, 0.0005075286608189344, 0.00027380092069506645, 0.0002762123476713896, 0.00018859643023461103, 0.00018918215937446803, 0.00021610510884784162, 0.00016876604058779776, 0.00014019172522239387, 0.0001522940001450479, 0.0001461371430195868, 0.00017382435908075422, 0.00020199491700623184, 4.162779077887535e-05, 3.7939189496682957e-06], "lowlevel.erbbands.mean": [0.41871529817581177, 5.622954845428467, 10.68588638305664, 9.554335594177246, 25.807466506958008, 37.2995491027832, 22.01746368408203, 17.311683654785156, 29.452926635742188, 44.55115509033203, 43.79985809326172, 39.91435241699219, 17.818862915039062, 31.619958877563477, 14.891091346740723, 7.116230010986328, 7.525914192199707, 7.375026226043701, 4.485836505889893, 4.25906229019165, 3.7945096492767334, 3.13272762298584, 2.6687772274017334, 2.032459020614624, 1.9509975910186768, 1.8007256984710693, 1.522624135017395, 1.254940390586853, 1.4462754726409912, 1.6728086471557617, 1.2726036310195923, 0.8802314400672913, 0.8939048051834106, 0.6971977949142456, 0.2712703347206116, 0.08859976381063461, 0.01977650262415409, 0.0028162645176053047, 0.00015679535863455385, 6.376313103828579e-05], "lowlevel.erbbands.stdev": [0.8598994016647339, 9.356520652770996, 17.181066513061523, 19.507511138916016, 32.27302932739258, 46.571109771728516, 35.56969451904297, 28.466415405273438, 35.45254898071289, 72.6214599609375, 113.61085510253906, 77.23613739013672, 57.95989227294922, 129.98265075683594, 65.62955474853516, 25.987586975097656, 28.76056671142578, 30.643226623535156, 13.265175819396973, 16.303119659423828, 11.934700012207031, 9.77514934539795, 10.43032455444336, 10.261194229125977, 10.300521850585938, 8.099723815917969, 6.585238456726074, 5.067873477935791, 5.484882354736328, 5.424402713775635, 3.827505111694336, 3.152679443359375, 3.5231800079345703, 3.1261322498321533, 0.9111331701278687, 0.2673131823539734, 0.06029939651489258, 0.0097894798964262, 0.0006356320227496326, 5.348330887500197e-05], "lowlevel.gfcc.mean": [-92.7039794921875, 165.56739807128906, -57.588680267333984, 5.1269965171813965, -53.494171142578125, 4.475710391998291, -42.317081451416016, 5.761568546295166, -14.512431144714355, -10.818742752075195, -17.344045639038086, -4.912967205047607, -6.242456436157227], "lowlevel.melbands.mean": [0.005127924494445324, 0.006255441345274448, 0.0021654258016496897, 0.002398622455075383, 0.0009575458243489265, 0.0003573618596419692, 0.0005302303470671177, 0.0004658364923670888, 0.0003564096405170858, 0.0002136654657078907, 8.083193097263575e-05, 0.00013000484614167362, 4.950509901391342e-05, 2.5342516892123967e-05, 1.3911406313127372e-05, 1.68525984918233e-05, 1.3502978617907502e-05, 6.8394433583307546e-06, 6.037005277903518e-06, 5.494631295732688e-06, 4.354513293947093e-06, 3.378364226591657e-06, 2.78956849797396e-06, 2.0177494661766104e-06, 1.5971734228514833e-06, 1.4646238923887722e-06, 1.3297624263941543e-06, 1.1689850225593545e-06, 9.73185592556547e-07, 7.693336101510795e-07, 7.258008736243937e-07, 8.042761123761011e-07, 8.558352533327707e-07, 9.792710216061096e-07, 7.884924002610205e-07, 5.453368316921114e-07, 5.362240926842787e-07, 6.081912715671933e-07, 6.501419989035639e-07, 5.72085184558091e-07], "lowlevel.melbands.stdev": [0.009162001311779022, 0.009278006851673126, 0.003358755959197879, 0.0026514732744544744, 0.001358423731289804, 0.0005857060896232724, 0.0006930875824764371, 0.0008177513955160975, 0.0008860214147716761, 0.000433109060395509, 0.0002898547681979835, 0.0005356082110665739, 0.00022699528199154884, 9.805797162698582e-05, 5.771555515821092e-05, 7.46737205190584e-05, 6.048863360774703e-05, 2.1486557670868933e-05, 2.221720205852762e-05, 2.2976468244451098e-05, 1.4001780073158443e-05, 1.047616660798667e-05, 1.0351948731113225e-05, 8.794371751719154e-06, 8.54653899295954e-06, 8.707898814463988e-06, 6.443448000936769e-06, 5.372889063437469e-06, 4.270626050129067e-06, 3.2569660106673837e-06, 3.0105136374913855e-06, 3.2558434668317204e-06, 2.972246875287965e-06, 3.2217167245107703e-06, 2.3311763470701408e-06, 1.9252927359048044e-06, 1.9982271624030545e-06, 2.3399534256896004e-06, 2.957197239084053e-06, 2.5594029011699604e-06], "lowlevel.melbands128.mean": [0.00012897005944978446, 0.0021431478671729565, 0.007602728437632322, 0.010149231180548668, 0.006904576439410448, 0.0031395682599395514, 0.0016259381081908941, 0.0020187669433653355, 0.00269813253544271, 0.0027205911464989185, 0.0021175642032176256, 0.0013078467454761267, 0.0007272798102349043, 0.0003433761594351381, 0.0004898798069916666, 0.0002678598102647811, 0.0001890768326120451, 0.0006132095004431903, 0.0010032085701823235, 0.00037441879976540804, 0.0002919918915722519, 0.00035831733839586377, 0.0003945503558497876, 0.0002778414054773748, 0.00038618757389485836, 9.815820521907881e-05, 5.236652214080095e-05, 0.00010143136751139536, 4.603850902640261e-05, 0.00019717552640940994, 0.00013975858746562153, 5.044271165388636e-05, 3.688002470880747e-05, 6.510625826194882e-05, 1.9950257410528138e-05, 2.1700076104025356e-05, 1.640961636439897e-05, 9.570705515216105e-06, 1.5126377547858283e-05, 1.9105751562165096e-05, 1.835620787460357e-05, 1.1018035365850665e-05, 1.568431980558671e-05, 1.4829719475528691e-05, 5.460830834635999e-06, 5.724424227082636e-06, 7.8901985034463e-06, 6.029827090969775e-06, 4.933097443426959e-06, 6.199138169904472e-06, 6.023633886798052e-06, 4.451780114322901e-06, 3.6104875107412226e-06, 5.003431851946516e-06, 4.6000382099009585e-06, 2.6352433906140504e-06, 2.8776892122550635e-06, 3.1642173325963086e-06, 2.505564907551161e-06, 2.6781431188283022e-06, 1.9240512756368844e-06, 1.70691828316194e-06, 1.4546969850925962e-06, 1.7466311419411795e-06, 1.5056637039378984e-06, 1.4391081322173704e-06, 1.477926616644254e-06, 1.306209128415503e-06, 1.3695306506633642e-06, 1.2483113778216648e-06, 1.1577909617699333e-06, 1.1855039474539808e-06, 9.351065273222048e-07, 9.541446388539043e-07, 1.0102710348292021e-06, 7.6680674965246e-07, 6.90484341703268e-07, 6.363027864608739e-07, 7.602270670759026e-07, 7.457790616172133e-07, 8.581178576605453e-07, 7.899173510850233e-07, 7.805580253261724e-07, 8.737449093132454e-07, 9.10249468688562e-07, 9.409358767697995e-07, 1.033477360579127e-06, 9.747866442921804e-07, 8.079052236098505e-07, 6.36025447420252e-07, 5.702929115614097e-07, 5.362398383113032e-07, 4.6314281121340173e-07, 5.195155949877517e-07, 6.100961513766379e-07, 5.530476983039989e-07, 6.030978170201706e-07, 6.911763534844795e-07, 6.060995474399533e-07, 6.691295766358962e-07, 6.820478120062035e-07, 5.375086402636953e-07, 4.881846393800515e-07, 3.349524604345788e-07, 2.8728086931550934e-07, 2.488709469616879e-07, 2.1331688060399756e-07, 2.0354980279080337e-07, 1.4201206965935853e-07, 1.0595472588192933e-07, 9.145342261263067e-08, 7.419556169452335e-08, 5.6129266567950253e-08, 4.208140325090426e-08, 3.3431678758688577e-08, 2.5376193590886942e-08, 1.83939228293184e-08, 1.1188796555927638e-08, 4.401180753177414e-09, 2.3329504994507033e-09, 1.6435011129800614e-09, 3.9150202524318445e-10, 1.3724701063144717e-11, 1.1919591182130151e-11, 1.0350048075535856e-11, 8.132926623827252e-12, 6.7019809840696e-12, 6.46957444214169e-12], "lowlevel.melbands128.stdev": [0.0003927482757717371, 0.005719724111258984, 0.01508980244398117, 0.017246084287762642, 0.01113087497651577, 0.006325929891318083, 0.004360465798527002, 0.0036169590894132853, 0.004011437762528658, 0.004008643329143524, 0.00312136416323483, 0.0025112605653703213, 0.0015235322061926126, 0.000848109251819551, 0.0010049224365502596, 0.000489516940433532, 0.00039944081800058484, 0.0008621248998679221, 0.0017998713301494718, 0.0007739518187008798, 0.0011997673427686095, 0.001114250160753727, 0.0013589547015726566, 0.0006407517357729375, 0.0008364008972421288, 0.0004464230441953987, 0.00032525250571779907, 0.0005105279269628227, 0.00018292863387614489, 0.0008289742399938405, 0.0008139062556438148, 0.0003937016590498388, 0.00024011846107896417, 0.00040129004628397524, 0.00011166880722157657, 0.00011846108827739954, 8.096565579762682e-05, 7.767279748804867e-05, 7.857638411223888e-05, 9.772327030077577e-05, 0.00010901026689680293, 0.000101458776043728, 9.607477113604546e-05, 6.626259710174054e-05, 2.864889393094927e-05, 2.1277439373079687e-05, 2.856911851267796e-05, 3.283992191427387e-05, 2.3530605176347308e-05, 3.863815436488949e-05, 3.110485340585001e-05, 1.836179944803007e-05, 1.6153560864040628e-05, 1.7963562640943564e-05, 1.4504620594379958e-05, 1.0693262083805166e-05, 1.2255413821549155e-05, 1.2485144907259382e-05, 1.1390636245778296e-05, 1.1333670045132749e-05, 9.30928854359081e-06, 9.317703188571613e-06, 7.443103640980553e-06, 1.1429880032665096e-05, 1.1030496352759656e-05, 1.0506465514481533e-05, 8.93401011126116e-06, 7.137412012525601e-06, 7.173404355853563e-06, 5.9518411035242025e-06, 6.168439995235531e-06, 5.690684702130966e-06, 4.2293540900573134e-06, 4.49809749625274e-06, 5.086446890345542e-06, 3.386957814655034e-06, 3.0645499009551713e-06, 2.899078708651359e-06, 3.3604903819650644e-06, 3.3114861253125127e-06, 3.6931871818524087e-06, 3.5433258744888008e-06, 3.1219208267430076e-06, 3.131795665467507e-06, 3.258662673033541e-06, 3.436899078224087e-06, 3.952700353693217e-06, 3.0065307328186464e-06, 2.485105369487428e-06, 2.1953144369035726e-06, 2.09818858820654e-06, 2.0278441752452636e-06, 1.828144718274416e-06, 2.0809313809877494e-06, 2.393094973740517e-06, 2.184112872782862e-06, 2.457691607560264e-06, 3.1648810363549273e-06, 2.643576181071694e-06, 3.6244566672394285e-06, 3.481169642327586e-06, 2.38668394558772e-06, 1.9898945993190864e-06, 1.1288254881947068e-06, 1.0031180863734335e-06, 8.359775165445171e-07, 6.886288019813946e-07, 6.649628403465613e-07, 4.6782309937043465e-07, 3.2615338341202005e-07, 2.912383934017271e-07, 2.512695971290668e-07, 1.8182967664870375e-07, 1.507988969251528e-07, 1.2437311625035363e-07, 9.369009035253839e-08, 7.479820851585828e-08, 4.694849664588219e-08, 2.9310315952102428e-08, 2.3575736918246548e-08, 1.746521149925684e-08, 4.8412687192467274e-09, 9.632773051437837e-11, 7.435237842079445e-11, 5.234235961326661e-11, 2.5346762883016183e-11, 1.1550064724086262e-11, 1.1055372763080218e-11], "lowlevel.mfcc.mean": [-754.6339111328125, 200.7008056640625, 51.57581329345703, 11.82208251953125, 14.829228401184082, -2.749009370803833, -11.393133163452148, 5.484165191650391, 4.143778324127197, -3.612541675567627, -2.696000337600708, -4.4794535636901855, 0.2028166502714157], "lowlevel.spectral_contrast_coeffs.mean": [-0.6230317950248718, -0.668459951877594, -0.7211155295372009, -0.7939726710319519, -0.7862088680267334, -0.8198933005332947], "lowlevel.spectral_contrast_coeffs.stdev": [0.08016297966241837, 0.0733584612607956, 0.08284178376197815, 0.053570471704006195, 0.056868765503168106, 0.0507831871509552], "lowlevel.spectral_contrast_valleys.mean": [-6.529609203338623, -7.070070743560791, -8.493490219116211, -9.149307250976562, -9.931825637817383, -11.835649490356445], "lowlevel.spectral_contrast_valleys.stdev": [1.1402263641357422, 1.1118038892745972, 1.0705556869506836, 1.2241997718811035, 1.8205113410949707, 1.9620946645736694], "rhythm.beats_loudness_band_ratio.mean": [0.5872604846954346, 0.26092690229415894, 0.13238437473773956, 0.040761061012744904, 0.014917952008545399, 0.01299632154405117], "rhythm.beats_loudness_band_ratio.stdev": [0.2971559762954712, 0.22162702679634094, 0.14834019541740417, 0.09397383034229279, 0.032499153167009354, 0.025458307936787605], "tonal.hpcp.mean": [0.19588209688663483, 0.1298825740814209, 0.1518014818429947, 0.2957489490509033, 0.18353845179080963, 0.019094794988632202, 0.014573540538549423, 0.01813291572034359, 0.11512616276741028, 0.20377197861671448, 0.10951393842697144, 0.016572199761867523, 0.011624089442193508, 0.015443600714206696, 0.0802646353840828, 0.2201082408428192, 0.16465868055820465, 0.022594202309846878, 0.013628692366182804, 0.010497977025806904, 0.024132171645760536, 0.051656574010849, 0.04508454352617264, 0.1759367734193802, 0.3054182529449463, 0.15096725523471832, 0.014197018928825855, 0.010676422156393528, 0.016774818301200867, 0.1403895616531372, 0.22630654275417328, 0.10603421181440353, 0.012742612510919571, 0.009705552831292152, 0.019147980958223343, 0.10720178484916687], "tonal.hpcp.stdev": [0.3270808458328247, 0.23600080609321594, 0.21890927851200104, 0.38348501920700073, 0.2539406418800354, 0.10060729831457138, 0.09279913455247879, 0.10542420297861099, 0.21001967787742615, 0.3274496793746948, 0.19512443244457245, 0.09667417407035828, 0.08332039415836334, 0.09511160105466843, 0.153098002076149, 0.3272712528705597, 0.2773744463920593, 0.10517827421426773, 0.09163172543048859, 0.07437043637037277, 0.0809328556060791, 0.13367000222206116, 0.11455966532230377, 0.24658457934856415, 0.39224934577941895, 0.2171110063791275, 0.08438924700021744, 0.07145945727825165, 0.0884329080581665, 0.24076253175735474, 0.36102503538131714, 0.18695946037769318, 0.07364624738693237, 0.06849315762519836, 0.10204434394836426, 0.21507081389427185], "rhythm.beats_position": [0.4760090708732605, 0.9287981986999512, 1.369977355003357, 1.8111563920974731, 2.252335548400879, 2.693514585494995, 3.1230838298797607, 3.5526530742645264, 3.982222080230713, 4.423401355743408, 4.852970600128174, 5.282539367675781, 5.723718643188477, 6.153287887573242, 6.582857131958008, 7.012426376342773, 7.441995143890381, 7.883174419403076, 8.324353218078613, 8.765532493591309, 9.195101737976074, 9.62467098236084, 10.054240226745605, 10.4954195022583, 10.924988746643066, 11.354557991027832, 11.784127235412598, 12.213695526123047, 12.631654739379883, 13.061223983764648, 13.490793228149414, 13.93197250366211, 14.373151779174805, 14.8143310546875, 15.255510330200195, 15.685078620910645, 16.114648818969727, 16.555828094482422, 16.973787307739258, 17.414966583251953, 17.856143951416016, 18.28571319580078, 18.715282440185547, 19.156461715698242, 19.586030960083008, 20.015600204467773, 20.45677947998047, 20.886348724365234, 21.31591796875, 21.745487213134766, 22.17505645751953, 22.616235733032227, 23.034194946289062, 23.475374221801758, 23.916553497314453, 24.34612274169922, 24.775691986083984, 25.20526123046875, 25.634828567504883, 26.076007843017578, 26.517187118530273, 26.95836639404297, 27.387935638427734, 27.8175048828125, 28.258684158325195, 28.68825340270996, 29.117822647094727, 29.547391891479492, 29.976961135864258, 30.418140411376953, 30.84770965576172, 31.277278900146484, 31.71845817565918, 32.14802551269531, 32.57759475708008, 33.018775939941406, 33.44834518432617, 33.87791442871094, 34.319091796875, 34.748661041259766, 35.17823028564453, 35.6077995300293, 36.03736877441406, 36.47854995727539, 36.90811538696289, 37.337684631347656, 37.778865814208984, 38.20843505859375, 38.638004302978516, 39.07918167114258, 39.520362854003906, 39.93832015991211, 40.37950134277344, 40.8206787109375, 41.250247955322266, 41.67981719970703, 42.12099838256836, 42.550567626953125, 42.98013687133789, 43.42131423950195, 43.85088348388672, 44.280452728271484, 44.71002197265625, 45.139591217041016, 45.58076858520508, 46.010337829589844, 46.43990707397461, 46.88108825683594, 47.3106575012207, 47.74022674560547, 48.18140411376953, 48.6109733581543, 49.052154541015625, 49.48172378540039, 49.911293029785156, 50.34086227416992, 50.77043151855469, 51.21160888671875, 51.641178131103516, 52.07074737548828, 52.50031661987305, 52.94149398803711, 53.38267517089844, 53.8122444152832, 54.24181365966797, 54.68299102783203, 55.12417221069336, 55.553741455078125, 55.98331069946289, 56.412879943847656, 56.84244918823242, 57.283626556396484, 57.71319580078125, 58.142765045166016, 58.583946228027344, 59.01351547241211, 59.443084716796875, 59.872650146484375, 60.30221939086914, 60.74340057373047, 61.172969818115234, 61.6025390625, 62.04371643066406, 62.47328567504883, 62.914466857910156, 63.34403610229492, 63.785213470458984, 64.21478271484375, 64.64435577392578, 65.08553314208984, 65.50349426269531, 65.93305969238281, 66.36263275146484, 66.79219818115234, 67.22177124023438, 67.66294860839844, 68.09251403808594, 68.53369140625, 68.98648071289062, 69.41605377197266, 69.84561920166016, 70.28680419921875, 70.71636962890625, 71.14594268798828, 71.58712005615234, 72.03990936279297, 72.48108673095703, 72.93387603759766, 73.39827728271484, 73.85106658935547, 74.3038558959961, 74.74503326416016, 75.17459869384766, 75.60417175292969, 76.03373718261719, 76.47492218017578, 76.9277114868164, 77.38050079345703, 77.84489440917969, 78.29768371582031, 78.75047302246094], "rhythm.bpm_histogram": [0.0, 0.0, 0.0, 0.0, 0.0, 0.0, 0.0, 0.0, 0.0, 0.0, 0.0, 0.0, 0.0, 0.0, 0.0, 0.0, 0.0, 0.0, 0.0, 0.0, 0.0, 0.0, 0.0, 0.0, 0.0, 0.0, 0.0, 0.0, 0.0, 0.0, 0.0, 0.0, 0.0, 0.0, 0.0, 0.0, 0.0, 0.0, 0.0, 0.0, 0.0, 0.0, 0.0, 0.0, 0.0, 0.0, 0.0, 0.0, 0.0, 0.0, 0.0, 0.0, 0.0, 0.0, 0.0, 0.0, 0.0, 0.0, 0.0, 0.0, 0.0, 0.0, 0.0, 0.0, 0.0, 0.0, 0.0, 0.0, 0.0, 0.0, 0.0, 0.0, 0.0, 0.0, 0.0, 0.0, 0.0, 0.0, 0.0, 0.0, 0.0, 0.0, 0.0, 0.0, 0.0, 0.0, 0.0, 0.0, 0.0, 0.0, 0.0, 0.0, 0.0, 0.0, 0.0, 0.0, 0.0, 0.0, 0.0, 0.0, 0.0, 0.0, 0.0, 0.0, 0.0, 0.0, 0.0, 0.0, 0.0, 0.0, 0.0, 0.0, 0.0, 0.0, 0.0, 0.0, 0.0, 0.0, 0.0, 0.0, 0.0, 0.0, 0.0, 0.0, 0.0, 0.0, 0.0, 0.0, 0.0, 0.011111111380159855, 0.0, 0.0, 0.0, 0.0555555559694767, 0.0, 0.0, 0.33888888359069824, 0.0, 0.0, 0.0, 0.5666666626930237, 0.0, 0.0, 0.0, 0.02777777798473835, 0.0, 0.0, 0.0, 0.0, 0.0, 0.0, 0.0, 0.0, 0.0, 0.0, 0.0, 0.0, 0.0, 0.0, 0.0, 0.0, 0.0, 0.0, 0.0, 0.0, 0.0, 0.0, 0.0, 0.0, 0.0, 0.0, 0.0, 0.0, 0.0, 0.0, 0.0, 0.0, 0.0, 0.0, 0.0, 0.0, 0.0, 0.0, 0.0, 0.0, 0.0, 0.0, 0.0, 0.0, 0.0, 0.0, 0.0, 0.0, 0.0, 0.0, 0.0, 0.0, 0.0, 0.0, 0.0, 0.0, 0.0, 0.0, 0.0, 0.0, 0.0, 0.0, 0.0, 0.0, 0.0, 0.0, 0.0, 0.0, 0.0, 0.0, 0.0, 0.0, 0.0, 0.0, 0.0, 0.0, 0.0, 0.0, 0.0, 0.0, 0.0, 0.0, 0.0, 0.0, 0.0, 0.0, 0.0, 0.0, 0.0, 0.0, 0.0, 0.0, 0.0, 0.0, 0.0, 0.0, 0.0, 0.0, 0.0, 0.0, 0.0, 0.0, 0.0, 0.0, 0.0], "tonal.chords_histogram": [12.8145112991333, 4.447044849395752, 51.84318161010742, 1.6968988180160522, 1.4043300151824951, 0.0, 0.05851374939084053, 0.0, 0.9947337508201599, 0.0, 0.8777062892913818, 0.0, 0.0, 0.0, 0.0, 0.0, 0.0, 0.0, 0.0, 0.7021650075912476, 0.0, 5.090696334838867, 0.0, 20.07021713256836], "tonal.thpcp": [1.0, 0.49429675936698914, 0.04648385941982269, 0.03495672717690468, 0.05492408573627472, 0.4596633017063141, 0.7409725785255432, 0.34717705845832825, 0.04172184318304062, 0.03177790716290474, 0.06269428879022598, 0.3509999215602875, 0.641356885433197, 0.42526134848594666, 0.4970282018184662, 0.9683407545089722, 0.6009413599967957, 0.06252014636993408, 0.047716666013002396, 0.05937076732516289, 0.3769459128379822, 0.66718989610672, 0.3585703670978546, 0.05426067113876343, 0.038059577345848083, 0.050565414130687714, 0.2628023624420166, 0.7206780910491943, 0.5391252040863037, 0.07397790253162384, 0.04462304338812828, 0.03437246009707451, 0.07901351898908615, 0.16913388669490814, 0.14761574566364288, 0.5760519504547119], "lowlevel.gfcc.cov": [[14883.5986328125, -4758.46533203125, -58.981868743896484, 2305.50830078125, -2023.4925537109375, 1643.0390625, -839.3154296875, 372.7967834472656, -547.84375, 808.4728393554688, -523.8350830078125, -54.08781051635742, -706.6802978515625], [-4758.46533203125, 4841.07958984375, -31.284526824951172, -1822.3883056640625, 1289.7843017578125, -1164.7880859375, 676.0142211914062, -108.16963958740234, 549.1124877929688, -676.28271484375, 334.7464599609375, -102.85049438476562, 481.8960876464844], [-58.981868743896484, -31.284526824951172, 746.9856567382812, 234.1831512451172, 32.05550765991211, 261.3316955566406, 73.91777038574219, 14.431374549865723, 103.26013946533203, 97.58358001708984, 77.66571044921875, 46.58203125, 26.270973205566406], [2305.50830078125, -1822.3883056640625, 234.1831512451172, 1311.098876953125, -312.0433349609375, 414.3108215332031, -237.8104705810547, 120.7022933959961, -11.414543151855469, 322.77606201171875, -52.8149299621582, 59.12763214111328, -59.700321197509766], [-2023.4925537109375, 1289.7843017578125, 32.05550765991211, -312.0433349609375, 738.6044921875, -305.6307067871094, 196.6416778564453, -18.847854614257812, 220.6927947998047, -137.71591186523438, 169.0975341796875, 21.87848472595215, 198.7466278076172], [1643.0390625, -1164.7880859375, 261.3316955566406, 414.3108215332031, -305.6307067871094, 641.5961303710938, -85.38439178466797, 9.984757423400879, -143.42002868652344, 232.5100860595703, -23.985572814941406, 27.458280563354492, -152.41546630859375], [-839.3154296875, 676.0142211914062, 73.91777038574219, -237.8104705810547, 196.6416778564453, -85.38439178466797, 402.96856689453125, 97.39813995361328, 110.91168212890625, -59.842735290527344, 110.03520965576172, 12.285599708557129, 104.79290771484375], [372.7967834472656, -108.16963958740234, 14.431374549865723, 120.7022933959961, -18.847854614257812, 9.984757423400879, 97.39813995361328, 208.74000549316406, 109.3327407836914, 12.88286018371582, 1.1444125175476074, 27.48780059814453, 34.08563995361328], [-547.84375, 549.1124877929688, 103.26013946533203, -11.414543151855469, 220.6927947998047, -143.42002868652344, 110.91168212890625, 109.3327407836914, 315.6971435546875, -22.362897872924805, 43.672264099121094, -5.33905029296875, 125.64335632324219], [808.4728393554688, -676.28271484375, 97.58358001708984, 322.77606201171875, -137.71591186523438, 232.5100860595703, -59.842735290527344, 12.88286018371582, -22.362897872924805, 228.22711181640625, 10.124382019042969, -0.48216918110847473, -51.34004211425781], [-523.8350830078125, 334.7464599609375, 77.66571044921875, -52.8149299621582, 169.0975341796875, -23.985572814941406, 110.03520965576172, 1.1444125175476074, 43.672264099121094, 10.124382019042969, 152.07147216796875, 33.39796447753906, 55.46970748901367], [-54.08781051635742, -102.85049438476562, 46.58203125, 59.12763214111328, 21.87848472595215, 27.458280563354492, 12.285599708557129, 27.48780059814453, -5.33905029296875, -0.48216918110847473, 33.39796447753906, 106.66653442382812, 21.876972198486328], [-706.6802978515625, 481.8960876464844, 26.270973205566406, -59.700321197509766, 198.7466278076172, -152.41546630859375, 104.79290771484375, 34.08563995361328, 125.64335632324219, -51.34004211425781, 55.46970748901367, 21.876972198486328, 161.19529724121094]], "lowlevel.gfcc.icov": [[0.0002833343460224569, -0.0007114889449439943, 0.00038214196683838964, -0.000753579952288419, 0.0006120279431343079, -0.0007249476620927453, 0.00039581884630024433, -0.0008606190094724298, 0.0005685852374881506, -0.0007918188930489123, 0.0007647753809578717, -0.0003933593397960067, 0.0006072077667340636], [-0.0007114889449439943, 0.004235852509737015, -0.001658727298490703, 0.0036567740608006716, -0.0024270762223750353, 0.00295272353105247, -0.0017000832594931126, 0.0034266479779034853, -0.003371888305991888, 0.004734014626592398, -0.004325636196881533, 0.0032546822912991047, -0.002809876808896661], [0.00038214196683838964, -0.001658727298490703, 0.0028224391862750053, -0.0018067010678350925, 0.0012496865820139647, -0.002517965156584978, 0.0002850754535757005, -0.00041216606041416526, -7.855272269807756e-05, -0.0013357284478843212, 0.001031569205224514, -0.001709101372398436, 0.0009979642927646637], [-0.000753579952288419, 0.0036567740608006716, -0.0018067010678350925, 0.0049110641703009605, -0.0021826145239174366, 0.002506332006305456, -0.000503635557834059, 0.0020050182938575745, -0.0027156982105225325, 0.002343485364690423, -0.003466209163889289, 0.0022120962385088205, -0.0034023539628833532], [0.0006120279431343079, -0.0024270762223750353, 0.0012496865820139647, -0.0021826145239174366, 0.004821401089429855, -0.0018100413726642728, 0.0009673730237409472, -0.0009917204733937979, 0.0003365674056112766, -0.001647370052523911, 1.2906461961392779e-05, -0.0018017574911937118, 0.0003047544742003083], [-0.0007249476620927453, 0.00295272353105247, -0.002517965156584978, 0.002506332006305456, -0.0018100413726642728, 0.006463207304477692, -0.0017956492956727743, 0.0022573955357074738, -0.0010435865260660648, 0.0006092881667427719, -0.00257635535672307, 0.0012613096041604877, 8.897050429368392e-05], [0.00039581884630024433, -0.0017000832594931126, 0.0002850754535757005, -0.000503635557834059, 0.0009673730237409472, -0.0017956492956727743, 0.005732106044888496, -0.004602773580700159, 0.0019428622908890247, -0.0016259861877188087, -0.0008493675850331783, 2.630417475302238e-05, -0.0008025369606912136], [-0.0008606190094724298, 0.0034266479779034853, -0.00041216606041416526, 0.0020050182938575745, -0.0009917204733937979, 0.0022573955357074738, -0.004602773580700159, 0.012579623609781265, -0.0069104270078241825, 0.004784515593200922, -0.002552615711465478, -0.0003326939477119595, -0.0016840953612700105], [0.0005685852374881506, -0.003371888305991888, -7.855272269807756e-05, -0.0027156982105225325, 0.0003365674056112766, -0.0010435865260660648, 0.0019428622908890247, -0.0069104270078241825, 0.010268391110002995, -0.0053269583731889725, 0.004356196615844965, -0.00038257616688497365, -0.0007709132041782141], [-0.0007918188930489123, 0.004734014626592398, -0.0013357284478843212, 0.002343485364690423, -0.001647370052523911, 0.0006092881667427719, -0.0016259861877188087, 0.004784515593200922, -0.0053269583731889725, 0.015405925922095776, -0.008304553106427193, 0.0055441600270569324, -0.0027214568108320236], [0.0007647753809578717, -0.004325636196881533, 0.001031569205224514, -0.003466209163889289, 1.2906461961392779e-05, -0.00257635535672307, -0.0008493675850331783, -0.002552615711465478, 0.004356196615844965, -0.008304553106427193, 0.017063239589333534, -0.0065607354044914246, 0.002450762316584587], [-0.0003933593397960067, 0.0032546822912991047, -0.001709101372398436, 0.0022120962385088205, -0.0018017574911937118, 0.0012613096041604877, 2.630417475302238e-05, -0.0003326939477119595, -0.00038257616688497365, 0.0055441600270569324, -0.0065607354044914246, 0.014964811503887177, -0.004598598927259445], [0.0006072077667340636, -0.002809876808896661, 0.0009979642927646637, -0.0034023539628833532, 0.0003047544742003083, 8.897050429368392e-05, -0.0008025369606912136, -0.0016840953612700105, -0.0007709132041782141, -0.0027214568108320236, 0.002450762316584587, -0.004598598927259445, 0.015944182872772217]], "lowlevel.mfcc.cov": [[11576.2431640625, -5055.12841796875, 499.56280517578125, 357.8041076660156, -250.0434112548828, 431.8851623535156, 159.70932006835938, -322.97747802734375, -228.4879608154297, 317.685791015625, 321.9355163574219, -137.5489501953125, 106.90770721435547], [-5055.12841796875, 4780.021484375, -496.28192138671875, -460.9331359863281, 45.8103141784668, -470.5066223144531, -137.35452270507812, 351.9748229980469, 254.47238159179688, -64.99819946289062, -97.79070281982422, 89.52625274658203, -69.22743225097656], [499.56280517578125, -496.28192138671875, 715.1974487304688, 93.23576354980469, 15.430466651916504, 205.12535095214844, 77.4175796508789, 11.407426834106445, 12.10339641571045, 69.84294128417969, 18.495861053466797, 81.98567962646484, 69.4319839477539], [357.8041076660156, -460.9331359863281, 93.23576354980469, 599.4279174804688, 168.48562622070312, 7.5713210105896, -33.69588851928711, 9.006074905395508, 136.6428985595703, 93.59749603271484, -39.28916931152344, 127.18375396728516, 78.5470962524414], [-250.0434112548828, 45.8103141784668, 15.430466651916504, 168.48562622070312, 388.1830749511719, 99.33879852294922, -58.015655517578125, -0.5830718874931335, 33.01197814941406, 1.6883963346481323, 6.30344820022583, 50.21364212036133, 32.83720779418945], [431.8851623535156, -470.5066223144531, 205.12535095214844, 7.5713210105896, 99.33879852294922, 326.3664245605469, 133.35537719726562, -61.088993072509766, -59.578651428222656, 21.345548629760742, 68.68194580078125, 10.28219985961914, 11.182378768920898], [159.70932006835938, -137.35452270507812, 77.4175796508789, -33.69588851928711, -58.015655517578125, 133.35537719726562, 278.6107482910156, 33.24235153198242, -48.49532699584961, 12.721199989318848, 45.15104293823242, 30.916887283325195, 14.7086181640625], [-322.97747802734375, 351.9748229980469, 11.407426834106445, 9.006074905395508, -0.5830718874931335, -61.088993072509766, 33.24235153198242, 220.4024200439453, 91.3596420288086, 13.033769607543945, -5.088347434997559, 53.785545349121094, 33.80052947998047], [-228.4879608154297, 254.47238159179688, 12.10339641571045, 136.6428985595703, 33.01197814941406, -59.578651428222656, -48.49532699584961, 91.3596420288086, 221.13438415527344, 100.78858184814453, -18.245454788208008, 77.33795166015625, 35.84590148925781], [317.685791015625, -64.99819946289062, 69.84294128417969, 93.59749603271484, 1.6883963346481323, 21.345548629760742, 12.721199989318848, 13.033769607543945, 100.78858184814453, 205.40464782714844, 53.36803436279297, 51.879608154296875, 7.968786716461182], [321.9355163574219, -97.79070281982422, 18.495861053466797, -39.28916931152344, 6.30344820022583, 68.68194580078125, 45.15104293823242, -5.088347434997559, -18.245454788208008, 53.36803436279297, 126.38665771484375, 5.969200134277344, -3.3440628051757812], [-137.5489501953125, 89.52625274658203, 81.98567962646484, 127.18375396728516, 50.21364212036133, 10.28219985961914, 30.916887283325195, 53.785545349121094, 77.33795166015625, 51.879608154296875, 5.969200134277344, 160.70697021484375, 52.5445556640625], [106.90770721435547, -69.22743225097656, 69.4319839477539, 78.5470962524414, 32.83720779418945, 11.182378768920898, 14.7086181640625, 33.80052947998047, 35.84590148925781, 7.968786716461182, -3.3440628051757812, 52.5445556640625, 111.22228240966797]], "lowlevel.mfcc.icov": [[0.00018431947682984173, 0.00019059411715716124, 7.90514241089113e-06, 1.3653647329192609e-05, 7.862754864618182e-05, 6.233705062186345e-05, 3.967661177739501e-05, -4.490047285798937e-05, 5.3742471209261566e-05, -0.00021824051509611309, -0.0002829781442414969, 0.0001239636039827019, -0.00016295576642733067], [0.00019059411715716124, 0.0005633943947032094, 0.0001056630426319316, 0.0005017492803744972, -0.0002492995990905911, 0.0005081322160549462, -7.337171700783074e-05, -0.00029244530014693737, -0.0003693674807436764, -0.00013037066673859954, -0.00014147453475743532, -0.00025635433848947287, 0.0001134964550146833], [7.90514241089113e-06, 0.0001056630426319316, 0.002096851821988821, 6.22401194050326e-06, 0.0005532917566597462, -0.0016794559778645635, 0.0005659881862811744, -0.0005943214055150747, 0.0003996544692199677, -0.0006760882097296417, 0.0007773685501888394, -0.0008425847627222538, -0.0008028798620216548], [1.3653647329192609e-05, 0.0005017492803744972, 6.22401194050326e-06, 0.0033206625375896692, -0.0014183716848492622, 0.0008836347260512412, -0.00034588584094308317, 0.00048754000454209745, -0.0013730537611991167, -0.0007023668731562793, 0.0012779005337506533, -0.0015928486827760935, -0.0005385478143580258], [7.862754864618182e-05, -0.0002492995990905911, 0.0005532917566597462, -0.0014183716848492622, 0.00438288226723671, -0.0028837553691118956, 0.002109942492097616, -0.0005998004344291985, 0.0005475469515658915, 0.00043010988156311214, -0.0004398828314151615, -0.0005166248884052038, -0.0006517264409922063], [6.233705062186345e-05, 0.0005081322160549462, -0.0016794559778645635, 0.0008836347260512412, -0.0028837553691118956, 0.007779437117278576, -0.0036310688592493534, 0.0020305842626839876, -0.0006414273520931602, 0.00028117536567151546, -0.0021707008127123117, 0.0004830473626498133, 0.0005061925039626658], [3.967661177739501e-05, -7.337171700783074e-05, 0.0005659881862811744, -0.00034588584094308317, 0.002109942492097616, -0.0036310688592493534, 0.006439135409891605, -0.002258437452837825, 0.0022801002487540245, -0.0006717348587699234, -0.0002018120139837265, -0.001531626796349883, -0.0005851436289958656], [-4.490047285798937e-05, -0.00029244530014693737, -0.0005943214055150747, 0.00048754000454209745, -0.0005998004344291985, 0.002030584262683987