{"song_id": "1183702111494610985", "download": "https://cdn.discordapp.com/attachments/1128313332273782784/1183702111494610985/chirp.mp4?ex=65894b7f&amp", "lyrics": "[Verse]\n \u0e44\u0e21\u0e48\u0e40\u0e1b\u0e47\u0e19\u0e44\u0e23\u0e19\u0e30\u0e40\u0e18\u0e2d \u0e40\u0e18\u0e2d\u0e04\u0e19\u0e17\u0e35\u0e48\u0e14\u0e35\u0e1e\u0e23\u0e49\u0e2d\u0e21 \n\u0e2d\u0e22\u0e48\u0e32\u0e04\u0e34\u0e14\u0e27\u0e48\u0e32\u0e40\u0e18\u0e2d \u0e44\u0e21\u0e48\u0e40\u0e2b\u0e25\u0e37\u0e2d\u0e43\u0e04\u0e23 \u0e40\u0e18\u0e2d\u0e22\u0e31\u0e07\u0e21\u0e35\u0e09\u0e31\u0e19\u0e2d\u0e22\u0e39\u0e48\n\u0e27\u0e31\u0e19\u0e19\u0e35\u0e49\u0e40\u0e1b\u0e47\u0e19\u0e22\u0e31\u0e07\u0e44\u0e07  \u0e40\u0e2b\u0e19\u0e37\u0e48\u0e2d\u0e22\u0e44\u0e2b\u0e21 \n\u0e27\u0e31\u0e19\u0e44\u0e2b\u0e19\u0e17\u0e35\u0e48\u0e40\u0e18\u0e2d\u0e40\u0e2b\u0e19\u0e37\u0e48\u0e2d\u0e22 \u0e40\u0e18\u0e2d\u0e44\u0e21\u0e48\u0e44\u0e2b\u0e27\n \u0e09\u0e31\u0e19\u0e22\u0e31\u0e07\u0e2d\u0e22\u0e39\u0e48\u0e15\u0e23\u0e07\u0e19\u0e35\u0e49\u0e19\u0e30\u0e40\u0e18\u0e2d \n(\u0e42\u0e2d\u0e49\u0e27\u0e27\u0e27 \u0e42\u0e2d\u0e49\u0e27\u0e27\u0e27)\n\n [Chorus] \n\u0e40\u0e18\u0e2d\u0e44\u0e21\u0e48\u0e15\u0e49\u0e2d\u0e07\u0e2b\u0e27\u0e32\u0e14\u0e01\u0e25\u0e31\u0e27\n \u0e27\u0e31\u0e19\u0e19\u0e35\u0e49\u0e2d\u0e32\u0e08\u0e08\u0e30\u0e42\u0e2b\u0e14\u0e23\u0e49\u0e32\u0e22 \u0e41\u0e15\u0e48\u0e21\u0e31\u0e19\u0e01\u0e47\u0e41\u0e04\u0e48\u0e27\u0e31\u0e19\u0e41\u0e22\u0e48\u0e46\u0e27\u0e49\u0e19\u0e19\u0e36\u0e07\n \u0e22\u0e34\u0e49\u0e21\u0e43\u0e2b\u0e49\u0e21\u0e32\u0e01\u0e46\u0e2b\u0e19\u0e48\u0e2d\u0e22\u0e2a\u0e34\u0e40\u0e18\u0e2d\n \u0e23\u0e2d\u0e22\u0e22\u0e34\u0e49\u0e21\u0e02\u0e2d\u0e07\u0e40\u0e18\u0e2d\u0e21\u0e31\u0e19\u0e17\u0e33\u0e43\u0e2b\u0e49\u0e42\u0e25\u0e01\u0e19\u0e35\u0e49\u0e2a\u0e14\u0e43\u0e2a\u0e21\u0e32\u0e01\u0e40\u0e25\u0e22\u0e19\u0e30\n \u0e40\u0e2b\u0e47\u0e19\u0e44\u0e2b\u0e21 \u0e40\u0e18\u0e2d\u0e21\u0e35\u0e04\u0e27\u0e32\u0e21\u0e2a\u0e38\u0e02\u0e41\u0e25\u0e49\u0e27 \u0e2a\u0e14\u0e43\u0e2a\u0e21\u0e32\u0e01\u0e40\u0e25\u0e22\u0e40\u0e18\u0e2d\n (never regret )\n(never regret)", "style": ["song for kids"], "essentia_features": {"lowlevel.average_loudness": 0.9519884586334229, "lowlevel.barkbands_crest.mean": 12.983133316040039, "lowlevel.barkbands_crest.stdev": 4.94236421585083, "lowlevel.barkbands_flatness_db.mean": 0.25488561391830444, "lowlevel.barkbands_flatness_db.stdev": 0.0731838122010231, "lowlevel.barkbands_kurtosis.mean": 11.183197975158691, "lowlevel.barkbands_kurtosis.stdev": 39.35429763793945, "lowlevel.barkbands_skewness.mean": 2.094635009765625, "lowlevel.barkbands_skewness.stdev": 1.9208552837371826, "lowlevel.barkbands_spread.mean": 12.905485153198242, "lowlevel.barkbands_spread.stdev": 13.958300590515137, "lowlevel.dissonance.mean": 0.42984336614608765, "lowlevel.dissonance.stdev": 0.04469763860106468, "lowlevel.dynamic_complexity": 3.3354251384735107, "lowlevel.erbbands_crest.mean": 11.118338584899902, "lowlevel.erbbands_crest.stdev": 4.579639911651611, "lowlevel.erbbands_flatness_db.mean": 0.24608968198299408, "lowlevel.erbbands_flatness_db.stdev": 0.07493720948696136, "lowlevel.erbbands_kurtosis.mean": 0.6779546141624451, "lowlevel.erbbands_kurtosis.stdev": 3.0784904956817627, "lowlevel.erbbands_skewness.mean": 0.3740929961204529, "lowlevel.erbbands_skewness.stdev": 0.9357925653457642, "lowlevel.erbbands_spread.mean": 31.68730926513672, "lowlevel.erbbands_spread.stdev": 22.521045684814453, "lowlevel.hfc.mean": 17.034503936767578, "lowlevel.hfc.stdev": 21.65034294128418, "lowlevel.loudness_ebu128.integrated": -18.999910354614258, "lowlevel.loudness_ebu128.loudness_range": 2.2378711700439453, "lowlevel.loudness_ebu128.momentary.mean": -19.869407653808594, "lowlevel.loudness_ebu128.momentary.stdev": 2.9686191082000732, "lowlevel.loudness_ebu128.short_term.mean": -19.07737159729004, "lowlevel.loudness_ebu128.short_term.stdev": 0.7770637273788452, "lowlevel.melbands_crest.mean": 16.207672119140625, "lowlevel.melbands_crest.stdev": 6.272498607635498, "lowlevel.melbands_flatness_db.mean": 0.32520592212677, "lowlevel.melbands_flatness_db.stdev": 0.09073476493358612, "lowlevel.melbands_kurtosis.mean": 23.0935001373291, "lowlevel.melbands_kurtosis.stdev": 38.46159744262695, "lowlevel.melbands_skewness.mean": 3.1117208003997803, "lowlevel.melbands_skewness.stdev": 2.487856864929199, "lowlevel.melbands_spread.mean": 13.666340827941895, "lowlevel.melbands_spread.stdev": 14.790313720703125, "lowlevel.pitch_salience.mean": 0.4766930937767029, "lowlevel.pitch_salience.stdev": 0.1477382332086563, "lowlevel.silence_rate_20dB.mean": 0.9750869274139404, "lowlevel.silence_rate_20dB.stdev": 0.15586020052433014, "lowlevel.silence_rate_30dB.mean": 0.9362688064575195, "lowlevel.silence_rate_30dB.stdev": 0.24427199363708496, "lowlevel.silence_rate_60dB.mean": 0.03012746199965477, "lowlevel.silence_rate_60dB.stdev": 0.1709384322166443, "lowlevel.spectral_centroid.mean": 780.2418823242188, "lowlevel.spectral_centroid.stdev": 590.5320434570312, "lowlevel.spectral_complexity.mean": 12.289687156677246, "lowlevel.spectral_complexity.stdev": 7.1184797286987305, "lowlevel.spectral_decrease.mean": -1.0724645171933389e-08, "lowlevel.spectral_decrease.stdev": 2.1393800508917593e-08, "lowlevel.spectral_energy.mean": 0.04202235862612724, "lowlevel.spectral_energy.stdev": 0.08215676248073578, "lowlevel.spectral_energyband_high.mean": 0.00039799342630431056, "lowlevel.spectral_energyband_high.stdev": 0.0012842126889154315, "lowlevel.spectral_energyband_low.mean": 0.017492806538939476, "lowlevel.spectral_energyband_low.stdev": 0.06376080214977264, "lowlevel.spectral_energyband_middle_high.mean": 0.004305531270802021, "lowlevel.spectral_energyband_middle_high.stdev": 0.00468556908890605, "lowlevel.spectral_energyband_middle_low.mean": 0.022151784971356392, "lowlevel.spectral_energyband_middle_low.stdev": 0.04684466868638992, "lowlevel.spectral_entropy.mean": 6.6852922439575195, "lowlevel.spectral_entropy.stdev": 0.674236536026001, "lowlevel.spectral_flux.mean": 0.07467081397771835, "lowlevel.spectral_flux.stdev": 0.12249046564102173, "lowlevel.spectral_kurtosis.mean": 17.171892166137695, "lowlevel.spectral_kurtosis.stdev": 17.84934425354004, "lowlevel.spectral_rms.mean": 0.00543641485273838, "lowlevel.spectral_rms.stdev": 0.003382730297744274, "lowlevel.spectral_rolloff.mean": 904.5562133789062, "lowlevel.spectral_rolloff.stdev": 1204.86962890625, "lowlevel.spectral_skewness.mean": 2.577533721923828, "lowlevel.spectral_skewness.stdev": 1.2773720026016235, "lowlevel.spectral_spread.mean": 3099180.75, "lowlevel.spectral_spread.stdev": 2179092.25, "lowlevel.spectral_strongpeak.mean": 1.091539740562439, "lowlevel.spectral_strongpeak.stdev": 0.8861321806907654, "lowlevel.zerocrossingrate.mean": 0.03650510683655739, "lowlevel.zerocrossingrate.stdev": 0.03909144178032875, "metadata.audio_properties.analysis.equal_loudness": 0.0, "metadata.audio_properties.analysis.length": 40.04265213012695, "metadata.audio_properties.analysis.sample_rate": 44100.0, "metadata.audio_properties.analysis.start_time": 0.0, "metadata.audio_properties.bit_rate": 115075.0, "metadata.audio_properties.length": 40.042667388916016, "metadata.audio_properties.lossless": 0.0, "metadata.audio_properties.number_channels": 1.0, "metadata.audio_properties.replay_gain": -6.967828750610352, "metadata.audio_properties.sample_rate": 48000.0, "rhythm.beats_count": 53.0, "rhythm.beats_loudness.mean": 0.14647941291332245, "rhythm.beats_loudness.stdev": 0.1504489928483963, "rhythm.bpm": 79.914794921875, "rhythm.bpm_histogram_first_peak_bpm": 80.0, "rhythm.bpm_histogram_first_peak_weight": 0.03846156597137451, "rhythm.bpm_histogram_second_peak_bpm": 0.0, "rhythm.bpm_histogram_second_peak_spread": 0.0, "rhythm.bpm_histogram_second_peak_weight": 0.0, "rhythm.danceability": 1.5881963968276978, "rhythm.onset_rate": 2.9459919929504395, "tonal.chords_changes_rate": 0.04976851865649223, "tonal.chords_number_rate": 0.010416666977107525, "tonal.chords_strength.mean": 0.46339109539985657, "tonal.chords_strength.stdev": 0.08013858646154404, "tonal.hpcp_crest.mean": 16.607086181640625, "tonal.hpcp_crest.stdev": 6.658518314361572, "tonal.hpcp_entropy.mean": 1.5674185752868652, "tonal.hpcp_entropy.stdev": 0.6116745471954346, "tonal.key_edma.strength": 0.6938776969909668, "tonal.key_krumhansl.strength": 0.6997781991958618, "tonal.key_temperley.strength": 0.7078599333763123, "tonal.tuning_diatonic_strength": 0.5825465321540833, "tonal.tuning_equal_tempered_deviation": 0.06425496935844421, "tonal.tuning_frequency": 441.5275573730469, "tonal.tuning_nontempered_energy_ratio": 0.6264452934265137, "lowlevel.barkbands.mean": [0.00024275002942886204, 0.010715792886912823, 0.00458163395524025, 0.004140192177146673, 0.008787734434008598, 0.002619193634018302, 0.0013456650776788592, 0.002951382426545024, 0.0015538106672465801, 0.001884424826130271, 0.0004957829951308668, 0.00043125476804561913, 0.00032468204153701663, 0.0004018179315607995, 0.00037329259794205427, 0.00020314632274676114, 0.00031998290796764195, 0.00014478991215582937, 6.84574551996775e-05, 6.796600064262748e-05, 8.478266681777313e-05, 0.00010292154183844104, 0.00010159705561818555, 4.6566190576413646e-05, 2.254137689305935e-05, 1.0070451025967486e-05, 1.8156752901177242e-07], "lowlevel.barkbands.stdev": [0.0012660574866458774, 0.04518646374344826, 0.026605797931551933, 0.019772641360759735, 0.01786699891090393, 0.010752297937870026, 0.005210165400058031, 0.005107120610773563, 0.0033957550767809153, 0.0031179855577647686, 0.0010308889904990792, 0.0007781917229294777, 0.00061950390227139, 0.0007372894906438887, 0.0006771318730898201, 0.0005044972058385611, 0.0009464301983825862, 0.00034632146707735956, 0.00019750927458517253, 0.00027764521655626595, 0.0003839954442810267, 0.0003724537091329694, 0.00029003393137827516, 0.00013666345330420882, 6.482386379502714e-05, 2.9077724320814013e-05, 9.402654654877551e-07], "lowlevel.erbbands.mean": [0.27776816487312317, 2.4887170791625977, 5.226248264312744, 10.635735511779785, 28.561126708984375, 23.9215030670166, 18.245542526245117, 20.83453941345215, 25.93108367919922, 26.281661987304688, 70.64875793457031, 45.576080322265625, 42.9124870300293, 49.41352462768555, 20.83851432800293, 19.00523567199707, 15.70771598815918, 23.904064178466797, 19.79862403869629, 15.175748825073242, 13.190741539001465, 14.766408920288086, 10.26856517791748, 3.5276808738708496, 3.9936301708221436, 3.1704301834106445, 2.9488399028778076, 3.730527400970459, 3.708817481994629, 3.504808187484741, 2.667877197265625, 1.3361634016036987, 0.6165046095848083, 0.297046959400177, 0.13475552201271057, 0.05827018618583679, 0.015549950301647186, 0.0017404439859092236, 5.89780138398055e-05, 4.928374255541712e-05], "lowlevel.erbbands.stdev": [1.477450966835022, 9.917145729064941, 25.883453369140625, 53.017311096191406, 81.03789520263672, 47.15671157836914, 46.211585998535156, 104.03690338134766, 96.5416259765625, 61.85301208496094, 122.8154525756836, 87.75784301757812, 86.85567474365234, 82.55432891845703, 47.52126693725586, 31.897029876708984, 28.985244750976562, 41.17481994628906, 38.62030029296875, 27.24675178527832, 30.20553207397461, 35.53391647338867, 22.798494338989258, 7.636389255523682, 12.53486156463623, 13.937211990356445, 13.819336891174316, 16.117504119873047, 13.982483863830566, 10.814791679382324, 7.508600234985352, 3.7332539558410645, 1.930982232093811, 0.87526535987854, 0.38616499304771423, 0.1690741330385208, 0.04669422656297684, 0.005691772326827049, 0.0001398808235535398, 9.141826012637466e-05], "lowlevel.gfcc.mean": [-75.85069274902344, 156.52264404296875, -125.11618041992188, 8.552851676940918, -46.93846130371094, 2.115809917449951, -38.6774787902832, 0.8942818641662598, -19.01648712158203, -19.453243255615234, -9.992399215698242, -15.57483196258545, -8.556532859802246], "lowlevel.melbands.mean": [0.0027878994587808847, 0.0029732331167906523, 0.002358625642955303, 0.002049574162811041, 0.000669119181111455, 0.0004952639574185014, 0.0003651101724244654, 0.00033394573256373405, 0.0005753631121478975, 0.00023500660608988255, 0.0002082245919154957, 0.00020615551329683512, 6.939223385415971e-05, 5.472909833770245e-05, 3.453452518442646e-05, 3.2838819606695324e-05, 4.6327771997312084e-05, 2.940001832030248e-05, 2.1662579456460662e-05, 1.9038927348447032e-05, 1.5568663002341054e-05, 1.555031121824868e-05, 1.4669478332507424e-05, 5.499945473275147e-06, 2.402640120635624e-06, 2.723330226217513e-06, 2.861549774024752e-06, 1.8869465066018165e-06, 1.6974735217445414e-06, 2.0102884263906162e-06, 2.2063113647163846e-06, 2.2235431060835253e-06, 1.8135431218979647e-06, 2.0211284663673723e-06, 1.6669633851051913e-06, 1.0909474212894565e-06, 7.2540586870673e-07, 4.629111174381251e-07, 2.9884213859077136e-07, 2.3332557930189068e-07], "lowlevel.melbands.stdev": [0.012883203104138374, 0.011871670372784138, 0.00935670081526041, 0.004443667363375425, 0.001591569627635181, 0.0022891864646226168, 0.0013823359040543437, 0.0006987359374761581, 0.0009405032615177333, 0.0004910591524094343, 0.0004344829940237105, 0.0003576193703338504, 0.00013974525791127235, 0.00010611183097353205, 6.090309034334496e-05, 5.969505218672566e-05, 8.493578206980601e-05, 6.25596585450694e-05, 3.7028174119768664e-05, 4.351315146777779e-05, 4.230398189974949e-05, 3.892419772455469e-05, 4.102017555851489e-05, 1.058340239978861e-05, 5.924101060372777e-06, 7.957351954246406e-06, 1.0211493645329028e-05, 9.290045454690699e-06, 8.34546699479688e-06, 9.139091162069235e-06, 9.679406502982602e-06, 8.809669452602975e-06, 6.245404165383661e-06, 6.182127435749862e-06, 4.777006779477233e-06, 3.1139500151766697e-06, 2.0843622223765124e-06, 1.5223778291328927e-06, 9.63698880696029e-07, 6.836091870354721e-07], "lowlevel.melbands128.mean": [0.0002296498278155923, 0.0018665861571207643, 0.004112427122890949, 0.004122397396713495, 0.0028156007174402475, 0.002266898052766919, 0.002036035992205143, 0.002130434848368168, 0.0032927263528108597, 0.002403508173301816, 0.0010467864340171218, 0.000760358409024775, 0.0006603628862649202, 0.0004170863248873502, 0.0003628190897870809, 0.0006548826349899173, 0.0005984461749903858, 0.00025866617215797305, 0.00015252514276653528, 0.0002707066014409065, 0.000380986399250105, 0.0006017559790052474, 0.0007060216157697141, 0.0003788888861890882, 0.0003935788699891418, 6.723267870256677e-05, 0.00013783987378701568, 0.0003143087960779667, 0.00011265387729508802, 0.0003343351709190756, 0.00018115300917997956, 7.693604129599407e-05, 7.198853563750163e-05, 5.7392015150981024e-05, 5.102373688714579e-05, 5.826526103192009e-05, 6.142106576589867e-05, 1.1878314580826554e-05, 4.013497891719453e-05, 3.758084130822681e-05, 2.4954701075330377e-05, 3.2543004635954276e-05, 6.737572402926162e-05, 4.056010220665485e-05, 1.4930807083146647e-05, 3.325358920847066e-05, 4.2844625568250194e-05, 1.3202425179770216e-05, 1.745449480949901e-05, 2.4582888727309182e-05, 1.7794031009543687e-05, 1.70741077454295e-05, 8.527586942363996e-06, 1.932080886035692e-05, 2.285849222971592e-05, 9.22223898669472e-06, 1.4853015272819903e-05, 1.974297447304707e-05, 1.462644650018774e-05, 6.809156275267014e-06, 6.019944976287661e-06, 2.6372015327069676e-06, 2.5780095711525064e-06, 2.4876396764739184e-06, 1.8864498088078108e-06, 2.6610730401444016e-06, 3.1994634355214657e-06, 3.2144912438525353e-06, 2.7488415526022436e-06, 2.5243436994060175e-06, 1.8124222833648673e-06, 1.6493876273671049e-06, 1.5449789998456254e-06, 1.7182119336212054e-06, 1.8806357502398896e-06, 1.8356635109739727e-06, 2.196538616772159e-06, 2.2210865608940367e-06, 2.2097981400293065e-06, 2.011961214520852e-06, 2.737001977948239e-06, 2.11996507459844e-06, 1.5826303751964588e-06, 1.8166025483878911e-06, 1.9149410945829004e-06, 1.9840392724290723e-06, 2.057282927125925e-06, 2.1601606476906454e-06, 1.5790109273439157e-06, 1.4163858850224642e-06, 1.2732048162433784e-06, 1.0154212759516668e-06, 7.46487330616219e-07, 7.667794079679879e-07, 6.825694072176702e-07, 5.344264764062245e-07, 4.164459141975385e-07, 3.504174230783974e-07, 2.9976047244417714e-07, 2.7938554580941855e-07, 2.4668696596563677e-07, 2.2944669808566687e-07, 2.1022223961608688e-07, 1.8492893616439687e-07, 1.289853912567196e-07, 1.3058921410902258e-07, 1.3043376156929298e-07, 1.1371038510787912e-07, 9.759042995938216e-08, 9.533857792121125e-08, 6.874341806906159e-08, 5.460238483578905e-08, 4.756097382596636e-08, 3.5912073315103044e-08, 2.9436064252763572e-08, 1.815806527361019e-08, 6.909403271748715e-09, 8.58987325713656e-10, 1.5682019571805483e-10, 2.0673154160766316e-11, 1.1736365351788791e-11, 5.817723473106051e-12, 5.26565293104686e-12, 5.163505907568311e-12, 4.9756566054826035e-12, 4.690115049804655e-12, 4.530971084437674e-12, 4.4893390220568374e-12], "lowlevel.melbands128.stdev": [0.0012309779413044453, 0.01141917984932661, 0.02035662904381752, 0.016068754717707634, 0.01315110269933939, 0.013409331440925598, 0.011677064001560211, 0.009778562933206558, 0.009835680015385151, 0.0047013480216264725, 0.0024503369349986315, 0.0017838958883658051, 0.0015942406607791781, 0.001859318115748465, 0.0024979631416499615, 0.0027613549027591944, 0.0020842065569013357, 0.0011865593260154128, 0.0007987585267983377, 0.0007313757087104023, 0.000944677391089499, 0.0012547210790216923, 0.0014489792520180345, 0.0008882900583557785, 0.000993256806395948, 0.0004067526897415519, 0.00044831790728494525, 0.0007593902992084622, 0.00035937331267632544, 0.0006584374350495636, 0.000343026767950505, 0.00013953117013443261, 0.0001463440858060494, 0.00031237438088282943, 0.00018024281598627567, 0.00011053580237785354, 0.00012725572742056102, 3.903693868778646e-05, 0.0001152790937339887, 9.036832489073277e-05, 6.038625360815786e-05, 7.53031563363038e-05, 0.00016769788635428995, 8.7753425759729e-05, 6.469692016253248e-05, 9.952679829439148e-05, 0.00010474234295543283, 4.160018579568714e-05, 4.426888335729018e-05, 6.246161501621827e-05, 6.478759314632043e-05, 5.554483868763782e-05, 2.645892345753964e-05, 8.382316445931792e-05, 7.678542169742286e-05, 3.051060593861621e-05, 3.7986024835845456e-05, 9.371017222292721e-05, 5.801958104711957e-05, 1.7472568288212642e-05, 1.415715814800933e-05, 6.8072290559939574e-06, 6.784039669582853e-06, 6.926120022399118e-06, 5.75376407141448e-06, 7.740623914287426e-06, 1.0697523066482972e-05, 1.3766220035904553e-05, 9.108487574849278e-06, 1.2155305739725009e-05, 1.0542294148763176e-05, 9.827573194343131e-06, 8.363428605662193e-06, 8.841847375151701e-06, 9.714420230011456e-06, 8.921423614083324e-06, 1.038633672578726e-05, 1.0524400750000495e-05, 1.1009894478775095e-05, 8.648623406770639e-06, 1.2720006452582311e-05, 8.506690392096061e-06, 5.809100912301801e-06, 7.008347438386409e-06, 6.569214292539982e-06, 6.903786470502382e-06, 6.785861387470504e-06, 6.836703505541664e-06, 4.6112932068353985e-06, 4.591952802002197e-06, 3.907102836819831e-06, 3.0049934593989747e-06, 2.3887034785730066e-06, 2.3337418042501668e-06, 2.0520926682365825e-06, 1.8172557929574396e-06, 1.6514471781192697e-06, 1.1467542435639189e-06, 1.1117328995169373e-06, 9.475263595959404e-07, 7.541669901911519e-07, 7.143667062337045e-07, 6.627711286455451e-07, 6.464458692789776e-07, 3.855261070384586e-07, 3.9961187781045737e-07, 4.09720684046988e-07, 3.479189558674989e-07, 3.070547052175243e-07, 3.3479199146313476e-07, 2.2969437907249812e-07, 1.8023921199983306e-07, 1.6394477597714285e-07, 1.2774252411418274e-07, 1.0989640486513963e-07, 6.79524490010408e-08, 3.1787596554977426e-08, 8.242842852723697e-09, 3.6850729134840776e-09, 5.660343305180504e-10, 2.2190763115936818e-10, 2.009570634897706e-11, 1.4557462874043026e-11, 1.4257556940622251e-11, 1.3725050609925127e-11, 1.3192479227097653e-11, 1.3020318330447811e-11, 1.2949631818248708e-11], "lowlevel.mfcc.mean": [-721.188720703125, 188.67431640625, -14.102679252624512, 10.412342071533203, 10.014618873596191, -4.994144439697266, -4.478570938110352, 7.942403793334961, -9.52924633026123, 4.073887348175049, -8.110468864440918, -5.541829586029053, -10.798480987548828], "lowlevel.spectral_contrast_coeffs.mean": [-0.5963597893714905, -0.6798710227012634, -0.7161287665367126, -0.756186306476593, -0.7442663311958313, -0.7717498540878296], "lowlevel.spectral_contrast_coeffs.stdev": [0.09741362929344177, 0.09246046096086502, 0.085005983710289, 0.0707986056804657, 0.07457011938095093, 0.0530351884663105], "lowlevel.spectral_contrast_valleys.mean": [-7.256120204925537, -7.217402458190918, -7.898373603820801, -8.28098201751709, -9.005865097045898, -12.103028297424316], "lowlevel.spectral_contrast_valleys.stdev": [0.9393429160118103, 0.9425595998764038, 0.8590985536575317, 0.846564769744873, 1.1093827486038208, 1.6957231760025024], "rhythm.beats_loudness_band_ratio.mean": [0.5589510202407837, 0.25240445137023926, 0.17538103461265564, 0.08565734326839447, 0.03081250563263893, 0.02373635396361351], "rhythm.beats_loudness_band_ratio.stdev": [0.35059553384780884, 0.20735958218574524, 0.19077233970165253, 0.11342829465866089, 0.04647267982363701, 0.03146177530288696], "tonal.hpcp.mean": [0.2759556472301483, 0.10748690366744995, 0.03313952684402466, 0.027787743136286736, 0.02098129875957966, 0.04671945422887802, 0.05318691208958626, 0.029280541464686394, 0.1484992355108261, 0.21491193771362305, 0.08652901649475098, 0.022045033052563667, 0.019818373024463654, 0.01887360028922558, 0.1927572637796402, 0.31821367144584656, 0.15252923965454102, 0.022346191108226776, 0.01646801456809044, 0.020924018695950508, 0.12319914251565933, 0.20230090618133545, 0.10422057658433914, 0.08517570048570633, 0.11574415117502213, 0.056589797139167786, 0.02795126475393772, 0.02585698664188385, 0.04784947261214256, 0.26803097128868103, 0.34249168634414673, 0.1304570436477661, 0.0339311920106411, 0.024102071300148964, 0.030921094119548798, 0.20507071912288666], "tonal.hpcp.stdev": [0.37602153420448303, 0.16946028172969818, 0.09752658009529114, 0.10541462153196335, 0.10889076441526413, 0.1157279834151268, 0.1444595903158188, 0.10467492789030075, 0.23396672308444977, 0.3431686460971832, 0.15461479127407074, 0.07775704562664032, 0.0934867262840271, 0.08333970606327057, 0.26135340332984924, 0.3989528715610504, 0.2269873470067978, 0.10291951149702072, 0.07734730839729309, 0.09061036258935928, 0.19356444478034973, 0.29840704798698425, 0.18407860398292542, 0.1856583058834076, 0.26962366700172424, 0.14143067598342896, 0.10733348876237869, 0.11244837939739227, 0.1519649475812912, 0.3243802487850189, 0.3982376158237457, 0.20396788418293, 0.1502397060394287, 0.10955988615751266, 0.12387866526842117, 0.30377277731895447], "rhythm.beats_position": [0.7778684496879578, 1.5325169563293457, 2.2987754344940186, 3.0534238815307617, 3.808072566986084, 4.562720775604248, 5.31736946105957, 6.083628177642822, 6.826666355133057, 7.569705009460449, 8.312743186950684, 9.067392349243164, 9.822040557861328, 10.565078735351562, 11.319727897644043, 12.074376106262207, 12.817414283752441, 13.560453414916992, 14.315101623535156, 15.06974983215332, 15.8243989944458, 16.57904815673828, 17.322086334228516, 18.06512451171875, 18.819772720336914, 19.574420928955078, 20.317459106445312, 21.07210922241211, 21.826757431030273, 22.569795608520508, 23.324443817138672, 24.079092025756836, 24.82213020324707, 25.565170288085938, 26.308208465576172, 27.062856674194336, 27.8175048828125, 28.560543060302734, 29.3151912689209, 30.069841384887695, 30.81287956237793, 31.567527770996094, 32.32217788696289, 33.065216064453125, 33.819862365722656, 34.57451248168945, 35.31755065917969, 36.072200775146484, 36.826847076416016, 37.56988525390625, 38.312923431396484, 39.06757354736328, 39.82221984863281], "rhythm.bpm_histogram": [0.0, 0.0, 0.0, 0.0, 0.0, 0.0, 0.0, 0.0, 0.0, 0.0, 0.0, 0.0, 0.0, 0.0, 0.0, 0.0, 0.0, 0.0, 0.0, 0.0, 0.0, 0.0, 0.0, 0.0, 0.0, 0.0, 0.0, 0.0, 0.0, 0.0, 0.0, 0.0, 0.0, 0.0, 0.0, 0.0, 0.0, 0.0, 0.0, 0.0, 0.0, 0.0, 0.0, 0.0, 0.0, 0.0, 0.0, 0.0, 0.0, 0.0, 0.0, 0.0, 0.0, 0.0, 0.0, 0.0, 0.0, 0.0, 0.0, 0.0, 0.0, 0.0, 0.0, 0.0, 0.0, 0.0, 0.0, 0.0, 0.0, 0.0, 0.0, 0.0, 0.0, 0.0, 0.0, 0.0, 0.0, 0.0, 0.03846153989434242, 0.0, 0.5961538553237915, 0.36538460850715637, 0.0, 0.0, 0.0, 0.0, 0.0, 0.0, 0.0, 0.0, 0.0, 0.0, 0.0, 0.0, 0.0, 0.0, 0.0, 0.0, 0.0, 0.0, 0.0, 0.0, 0.0, 0.0, 0.0, 0.0, 0.0, 0.0, 0.0, 0.0, 0.0, 0.0, 0.0, 0.0, 0.0, 0.0, 0.0, 0.0, 0.0, 0.0, 0.0, 0.0, 0.0, 0.0, 0.0, 0.0, 0.0, 0.0, 0.0, 0.0, 0.0, 0.0, 0.0, 0.0, 0.0, 0.0, 0.0, 0.0, 0.0, 0.0, 0.0, 0.0, 0.0, 0.0, 0.0, 0.0, 0.0, 0.0, 0.0, 0.0, 0.0, 0.0, 0.0, 0.0, 0.0, 0.0, 0.0, 0.0, 0.0, 0.0, 0.0, 0.0, 0.0, 0.0, 0.0, 0.0, 0.0, 0.0, 0.0, 0.0, 0.0, 0.0, 0.0, 0.0, 0.0, 0.0, 0.0, 0.0, 0.0, 0.0, 0.0, 0.0, 0.0, 0.0, 0.0, 0.0, 0.0, 0.0, 0.0, 0.0, 0.0, 0.0, 0.0, 0.0, 0.0, 0.0, 0.0, 0.0, 0.0, 0.0, 0.0, 0.0, 0.0, 0.0, 0.0, 0.0, 0.0, 0.0, 0.0, 0.0, 0.0, 0.0, 0.0, 0.0, 0.0, 0.0, 0.0, 0.0, 0.0, 0.0, 0.0, 0.0, 0.0, 0.0, 0.0, 0.0, 0.0, 0.0, 0.0, 0.0, 0.0, 0.0, 0.0, 0.0, 0.0, 0.0, 0.0, 0.0, 0.0, 0.0, 0.0, 0.0, 0.0, 0.0, 0.0, 0.0, 0.0, 0.0, 0.0, 0.0], "tonal.chords_histogram": [26.620370864868164, 1.2731481790542603, 23.379629135131836, 4.166666507720947, 0.23148147761821747, 0.0, 8.101851463317871, 0.0, 0.0, 0.0, 0.0, 0.0, 0.0, 0.0, 0.0, 0.0, 0.0, 0.0, 0.0, 6.25, 0.0, 9.490740776062012, 6.828703880310059, 13.657407760620117], "tonal.thpcp": [1.0, 0.38090571761131287, 0.09907157719135284, 0.07037271559238434, 0.09028276056051254, 0.5987611413002014, 0.8057294487953186, 0.31383800506591797, 0.096760094165802, 0.08113406598567963, 0.06126075237989426, 0.13641047477722168, 0.1552940309047699, 0.08549270778894424, 0.43358492851257324, 0.6274953484535217, 0.2526455819606781, 0.06436662375926971, 0.057865265756845474, 0.055106740444898605, 0.5628085732460022, 0.9291135668754578, 0.44535166025161743, 0.06524593383073807, 0.04808296263217926, 0.06109350919723511, 0.3597142696380615, 0.5906739234924316, 0.30430105328559875, 0.24869421124458313, 0.3379473388195038, 0.1652296930551529, 0.0816115140914917, 0.07549668103456497, 0.13970987498760223, 0.7825911641120911], "lowlevel.gfcc.cov": [[7608.9248046875, -2735.58837890625, 216.32070922851562, 1064.5665283203125, -1209.3519287109375, 638.2381591796875, -399.5736083984375, 260.302001953125, 25.754533767700195, 433.9377136230469, -434.7403564453125, 377.0658264160156, -314.11517333984375], [-2735.58837890625, 3704.189208984375, -1203.4793701171875, -1506.15869140625, 1056.953125, -996.5263671875, 559.3330688476562, -302.5940856933594, 114.85723114013672, -417.56573486328125, 518.1901245117188, -493.10638427734375, 350.8440246582031], [216.32070922851562, -1203.4793701171875, 1590.0936279296875, 941.515380859375, -89.18223571777344, 773.5751342773438, -141.16680908203125, 212.7761993408203, -18.141036987304688, 198.62623596191406, -116.86966705322266, 262.8518981933594, -118.75768280029297], [1064.5665283203125, -1506.15869140625, 941.515380859375, 1317.3427734375, -149.40321350097656, 632.3076782226562, -229.0533905029297, 303.2205505371094, 154.4337615966797, 175.66281127929688, -68.45353698730469, 276.46875, -24.485692977905273], [-1209.3519287109375, 1056.953125, -89.18223571777344, -149.40321350097656, 693.50146484375, -185.20681762695312, 116.92955780029297, 111.5384750366211, 190.17105102539062, -78.40436553955078, 239.75303649902344, -45.654972076416016, 188.5356903076172], [638.2381591796875, -996.5263671875, 773.5751342773438, 632.3076782226562, -185.20681762695312, 784.8406372070312, -9.242424011230469, 230.1951141357422, 51.04605484008789, 156.4492950439453, 26.323360443115234, 93.09246063232422, -100.05455017089844], [-399.5736083984375, 559.3330688476562, -141.16680908203125, -229.0533905029297, 116.92955780029297, -9.242424011230469, 468.54254150390625, -64.00935363769531, -5.5354204177856445, 65.27013397216797, 116.09268188476562, -70.08773803710938, 50.74757766723633], [260.302001953125, -302.5940856933594, 212.7761993408203, 303.2205505371094, 111.5384750366211, 230.1951141357422, -64.00935363769531, 368.68212890625, 173.26780700683594, 60.1700439453125, 124.5200424194336, 74.23167419433594, 39.236961364746094], [25.754533767700195, 114.85723114013672, -18.141036987304688, 154.4337615966797, 190.17105102539062, 51.04605484008789, -5.5354204177856445, 173.26780700683594, 291.3673095703125, 55.468284606933594, 120.88385009765625, 76.22055053710938, 99.20308685302734], [433.9377136230469, -417.56573486328125, 198.62623596191406, 175.66281127929688, -78.40436553955078, 156.4492950439453, 65.27013397216797, 60.1700439453125, 55.468284606933594, 241.90481567382812, -37.46287536621094, 133.5048065185547, -20.48398780822754], [-434.7403564453125, 518.1901245117188, -116.86966705322266, -68.45353698730469, 239.75303649902344, 26.323360443115234, 116.09268188476562, 124.5200424194336, 120.88385009765625, -37.46287536621094, 296.5678405761719, -47.020992279052734, 93.72599029541016], [377.0658264160156, -493.10638427734375, 262.8518981933594, 276.46875, -45.654972076416016, 93.09246063232422, -70.08773803710938, 74.23167419433594, 76.22055053710938, 133.5048065185547, -47.020992279052734, 284.0091857910156, 22.430953979492188], [-314.11517333984375, 350.8440246582031, -118.75768280029297, -24.485692977905273, 188.5356903076172, -100.05455017089844, 50.74757766723633, 39.236961364746094, 99.20308685302734, -20.48398780822754, 93.72599029541016, 22.430953979492188, 141.24081420898438]], "lowlevel.gfcc.icov": [[0.0002657387522049248, -0.0002836321364156902, 0.00032642215956002474, -0.00034622137900441885, 0.0005023453268222511, -0.00024437133106403053, 0.0001803905761335045, -0.0003854263632092625, 0.00010983926040353253, -0.0003683842660393566, 0.00037733264616690576, -0.0003280558157712221, 0.0003797014069277793], [-0.0002836321364156902, 0.003923228941857815, -0.0015470184152945876, 0.0025592055171728134, -0.0027830153703689575, 0.0023649248760193586, -0.001910696504637599, 0.002686775056645274, -0.00230206991545856, 0.0023497645743191242, -0.0032194731757044792, 0.002891773357987404, -0.0022680514957755804], [0.00032642215956002474, -0.0015470184152945876, 0.002991783432662487, -0.0018221237696707249, -2.9993585485499352e-05, -0.0028259851969778538, 0.0010044716764241457, -0.0010754169197753072, 0.002201178576797247, -0.0012058591237291694, 0.002216652501374483, -0.002474642125889659, 0.001945525174960494], [-0.00034622137900441885, 0.0025592055171728134, -0.0018221237696707249, 0.0038424180820584297, -0.0015734193148091435, 0.0007383629563264549, -0.0007514895405620337, 0.0014033346669748425, -0.002147131599485874, 0.0017804738599807024, -0.0016584418481215835, 0.0014923990238457918, -0.0028597251512110233], [0.0005023453268222511, -0.0027830153703689575, -2.9993585485499352e-05, -0.0015734193148091435, 0.006119510158896446, -0.00010892467980738729, 0.0009195994352921844, -0.0027322182431817055, -7.065129466354847e-05, -0.00132620835211128, 0.0009786157170310616, -0.0011193916434422135, -0.0006992847193032503], [-0.00024437133106403053, 0.0023649248760193586, -0.0028259851969778538, 0.0007383629563264549, -0.00010892467980738729, 0.006238484755158424, -0.00206824392080307, 0.0004949449212290347, -0.0023594661615788937, 0.0008901114342734218, -0.0038199431728571653, 0.003182172542437911, 0.0003200402425136417], [0.0001803905761335045, -0.001910696504637599, 0.0010044716764241457, -0.0007514895405620337, 0.0009195994352921844, -0.00206824392080307, 0.004676395561546087, -0.00012564592179842293, 0.002009405754506588, -0.003712642705067992, 0.00030636752489954233, -0.0004415502189658582, -0.000559269159566611], [-0.0003854263632092625, 0.002686775056645274, -0.0010754169197753072, 0.0014033346669748425, -0.0027322182431817055, 0.0004949449212290347, -0.00012564592179842293, 0.007641351316124201, -0.003170979907736182, 0.00098029978107661, -0.004160670097917318, 0.0019926477689296007, -0.0014581289142370224], [0.00010983926040353253, -0.00230206991545856, 0.002201178576797247, -0.002147131599485874, -7.065129466354847e-05, -0.0023594661615788937, 0.002009405754506588, -0.003170979907736182, 0.009264450520277023, -0.0032538140658289194, 0.001171237789094448, -0.0026625317987054586, -0.0013103216188028455], [-0.0003683842660393566, 0.0023497645743191242, -0.0012058591237291694, 0.0017804738599807024, -0.00132620835211128, 0.0008901114342734218, -0.003712642705067992, 0.00098029978107661, -0.0032538140658289194, 0.009897492825984955, -0.0004803015908692032, -0.0016159163787961006, 0.0003972500853706151], [0.00037733264616690576, -0.0032194731757044792, 0.002216652501374483, -0.0016584418481215835, 0.0009786157170310616, -0.0038199431728571653, 0.00030636752489954233, -0.004160670097917318, 0.001171237789094448, -0.0004803015908692032, 0.010269318707287312, -0.0023525997530668974, 0.00011280944454483688], [-0.0003280558157712221, 0.002891773357987404, -0.002474642125889659, 0.0014923990238457918, -0.0011193916434422135, 0.003182172542437911, -0.0004415502189658582, 0.0019926477689296007, -0.0026625317987054586, -0.0016159163787961006, -0.0023525997530668974, 0.009416347369551659, -0.0046797930262982845], [0.0003797014069277793, -0.0022680514957755804, 0.001945525174960494, -0.0028597251512110233, -0.0006992847193032503, 0.0003200402425136417, -0.000559269159566611, -0.0014581289142370224, -0.0013103216188028455, 0.0003972500853706151, 0.00011280944454483688, -0.0046797930262982845, 0.018110955134034157]], "lowlevel.mfcc.cov": [[7020.240234375, -3066.366943359375, 713.6243286132812, 175.0418243408203, -505.5297546386719, 284.85992431640625, -474.0083312988281, 21.255386352539062, 98.21524810791016, 98.23088073730469, 125.38903045654297, 64.39787292480469, 4.515589237213135], [-3066.366943359375, 4596.1259765625, -2102.39501953125, -416.2496337890625, -153.48492431640625, -677.947021484375, 372.9886169433594, -304.1472473144531, -149.77316284179688, -51.17914962768555, -86.38433074951172, -72.16508483886719, -206.85313415527344], [713.6243286132812, -2102.39501953125, 1982.93505859375, 266.2054443359375, 352.6336364746094, 643.3173828125, 83.97340393066406, 311.7910461425781, 102.48310852050781, 105.6957778930664, 103.1591567993164, 123.65388488769531, 139.70716857910156], [175.0418243408203, -416.2496337890625, 266.2054443359375, 510.6847229003906, 260.78961181640625, 110.71055603027344, -49.78078079223633, 104.26571655273438, 150.82029724121094, -8.534041404724121, -16.504901885986328, 86.97969055175781, 210.6077880859375], [-505.5297546386719, -153.48492431640625, 352.6336364746094, 260.78961181640625, 834.9091796875, -12.370118141174316, -47.0866584777832, 296.99444580078125, 69.88251495361328, 189.475341796875, -32.2895393371582, 171.2064971923828, 200.63092041015625], [284.85992431640625, -677.947021484375, 643.3173828125, 110.71055603027344, -12.370118141174316, 453.87628173828125, 104.00179290771484, 63.93465042114258, 91.58273315429688, 24.787979125976562, 102.55084991455078, 37.09599304199219, 55.179229736328125], [-474.0083312988281, 372.9886169433594, 83.97340393066406, -49.78078079223633, -47.0866584777832, 104.00179290771484, 422.59228515625, 57.343040466308594, -25.960546493530273, 149.28741455078125, 84.18962097167969, 34.59076690673828, -78.49230194091797], [21.255386352539062, -304.1472473144531, 311.7910461425781, 104.26571655273438, 296.99444580078125, 63.93465042114258, 57.343040466308594, 299.7450256347656, 21.32664680480957, 154.05946350097656, 37.23849105834961, 110.32433319091797, 98.62409210205078], [98.21524810791016, -149.77316284179688, 102.48310852050781, 150.82029724121094, 69.88251495361328, 91.58273315429688, -25.960546493530273, 21.32664680480957, 203.6136474609375, 12.53297233581543, 26.519716262817383, 48.00532913208008, 110.24729919433594], [98.23088073730469, -51.17914962768555, 105.6957778930664, -8.534041404724121, 189.475341796875, 24.787979125976562, 149.28741455078125, 154.05946350097656, 12.53297233581543, 326.4117431640625, 94.6794662475586, 82.07512664794922, -19.818655014038086], [125.38903045654297, -86.38433074951172, 103.1591567993164, -16.504901885986328, -32.2895393371582, 102.55084991455078, 84.18962097167969, 37.23849105834961, 26.519716262817383, 94.6794662475586, 172.10130310058594, 41.04315185546875, 19.2418212890625], [64.39787292480469, -72.16508483886719, 123.65388488769531, 86.97969055175781, 171.2064971923828, 37.09599304199219, 34.59076690673828, 110.32433319091797, 48.00532913208008, 82.07512664794922, 41.04315185546875, 139.01290893554688, 86.10853576660156], [4.515589237213135, -206.85313415527344, 139.70716857910156, 210.6077880859375, 200.63092041015625, 55.179229736328125, -78.49230194091797, 98.62409210205078, 110.24729919433594, -19.818655014038086, 19.2418212890625, 86.10853576660156, 261.16363525390625]], "lowlevel.mfcc.icov": [[0.00027671398129314184, 0.00018816572264768183, 7.268915942404419e-05, -0.00012556578440126032, 0.0003573293215595186, -2.6999007332051406e-06, 0.0003329743049107492, 5.200268788030371e-06, 3.06247929984238e-05, -0.00032332504633814096, 7.103372809069697e-06, -0.00045272911665961146, 0.0001420825137756765], [0.00018816572264768183, 0.0007984268013387918, 0.0007589629385620356, 0.00025211830507032573, -0.0002913597854785621, 0.00010269889753544703, -0.0007785728666931391, 0.00030472895014099777, -0.00011256663856329396, 0.00033034500665962696, -4.1994575440185145e-05, -0.0004198767419438809, 8.699642057763413e-05], [7.268915942404419e-05, 0.0007589629385620356, 0.001996810780838132, 0.00022998053464107215, -0.0008331434801220894, -0.0017037468496710062, -0.0007287588086910546, -0.0004607377341017127, 0.00016685207083355635, 0.0006653303280472755, 9.128420060733333e-05, -0.0002255455037811771, 0.0003489026566967368], [-0.00012556578440126032, 0.00025211830507032573, 0.00022998053464107215, 0.0037902144249528646, -0.000966989086009562, -0.00037450011586770415, -0.0008640318410471082, 0.00017849326832219958, -0.0014437288045883179, 0.0006830374477431178, 0.0009358400711789727, -4.128626096644439e-05, -0.0018768281443044543], [0.0003573293215595186, -0.0002913597854785621, -0.0008331434801220894, -0.000966989086009562, 0.003713659243658185, 0.0006203877273947, 0.0016734293894842267, -0.0013645110884681344, 0.00036140973679721355, -0.002303916262462735, 0.0015236507169902325, -0.0017343410290777683, -0.0008450422901660204], [-2.6999007332051406e-06, 0.00010269889753544703, -0.0017037468496710062, -0.00037450011586770415, 0.0006203877273947, 0.005849178414791822, -0.0012127476511523128, 0.00027225460507906973, -0.001619200687855482, 0.000731389969587326, -0.002021841937676072, 0.0003613379958551377, -0.00011606889893300831], [0.0003329743049107492, -0.0007785728666931391, -0.0007287588086910546, -0.0008640318410471082, 0.0016734293894842267, -0.0012127476511523128, 0.005411461461335421, -0.0008929588948376477, 0.0008116339449770749, -0.0024846787564456463, -0.0002955511736217886, -0.0012837122194468975, 0.0013123382814228535], [5.200268788030371e-06, 0.00030472895014099777, -0.0004607377341017127, 0.00017849326832219958, -0.0013645110884681344, 0.00027225460507906973, -0.0008929588948376477, 0.007891165092587471, 0.0013759455177932978, -0.00211634230799973, 0.00042847212171182036, -0.002094186609610915, -0.0019963602535426617], [3.06247929984238e-05, -0.00011256663856329396, 0.00016685207083355635, -0.0014437288045883179, 0.00036140973679721355, -0.001619200687855482, 0.0008116339449770749, 0.0013759455177932978, 0.00796479545533657, -0.0014220672892406583, 0.00010375776764703915, -0.0011202176101505756, -0.0023343521170318127], [-0.00032332504633814096, 0.00033034500665962696, 0.0006653303280472755, 0.0006830374477431178, -0.002303916262462735, 0.000731389969587326, -0.0024846787564456463, -0.00211634230799973, -0.0014220672892406583, 0.007731982506811619, -0.003342694602906704, -0.00046453633694909513, 0.002614830620586872], [7.103372809069697e-06, -4.1994575440185145e-05, 9.128420060733333e-05, 0.0009358400711789727, 0.0015236507169902325, -0.002021841937676072, -0.0002955511736217886, 0.000