{"song_id": "1183695684155740181", "download": "https://cdn.discordapp.com/attachments/1135911532732108921/1183695684155740181/chirp.mp4?ex=65894583&amp", "lyrics": "Je ne suis ni asiatique ni australien\nJe suis seulement un humain\n\nLes marchands d'armes fondent en larmes\nEt ils n'auront PLUS rien\n\nTout ce qui divise, c'est leur devise\nOn n'a pas besoin\n\nJe ne suis ni am\u00e9ricain ni africain\nJe suis seulement un terrien\n\nLa beaut\u00e9 est dans la diff\u00e9rence du corps\nPas dans le changement du d\u00e9cor\n\nSi on \u00e9tait tous pareils et d'accord\nOn s'ennuierait \u00e0 mort\n\nJe ne suis ni martien ni europ\u00e9en\nJe suis seulement un monosapien\n\nVous \u00eates tous rares et en voie de disparition\nLe peu qui reste, on doit le pr\u00e9server\nAimer les autres sans crainte\nRegarder vos empreintes\nC'est votre marque d\u00e9pos\u00e9e\nQui prouve que vous \u00eates unique et authentique\nEt magnifique.", "style": ["rap"], "essentia_features": {"lowlevel.average_loudness": 0.9380391836166382, "lowlevel.barkbands_crest.mean": 14.384392738342285, "lowlevel.barkbands_crest.stdev": 5.826603889465332, "lowlevel.barkbands_flatness_db.mean": 0.2727453410625458, "lowlevel.barkbands_flatness_db.stdev": 0.1170954555273056, "lowlevel.barkbands_kurtosis.mean": 24.81747055053711, "lowlevel.barkbands_kurtosis.stdev": 55.07133102416992, "lowlevel.barkbands_skewness.mean": 2.83256196975708, "lowlevel.barkbands_skewness.stdev": 2.863765001296997, "lowlevel.barkbands_spread.mean": 13.195359230041504, "lowlevel.barkbands_spread.stdev": 18.3824405670166, "lowlevel.dissonance.mean": 0.4220634400844574, "lowlevel.dissonance.stdev": 0.06462125480175018, "lowlevel.dynamic_complexity": 5.271450042724609, "lowlevel.erbbands_crest.mean": 13.01220703125, "lowlevel.erbbands_crest.stdev": 6.134700298309326, "lowlevel.erbbands_flatness_db.mean": 0.23008811473846436, "lowlevel.erbbands_flatness_db.stdev": 0.06899009644985199, "lowlevel.erbbands_kurtosis.mean": 5.391005516052246, "lowlevel.erbbands_kurtosis.stdev": 9.567758560180664, "lowlevel.erbbands_skewness.mean": 1.1840848922729492, "lowlevel.erbbands_skewness.stdev": 1.7007087469100952, "lowlevel.erbbands_spread.mean": 32.52793502807617, "lowlevel.erbbands_spread.stdev": 27.431020736694336, "lowlevel.hfc.mean": 9.348583221435547, "lowlevel.hfc.stdev": 13.91916275024414, "lowlevel.loudness_ebu128.integrated": -21.62950897216797, "lowlevel.loudness_ebu128.loudness_range": 1.9868488311767578, "lowlevel.loudness_ebu128.momentary.mean": -23.132413864135742, "lowlevel.loudness_ebu128.momentary.stdev": 3.841660499572754, "lowlevel.loudness_ebu128.short_term.mean": -21.845319747924805, "lowlevel.loudness_ebu128.short_term.stdev": 0.7128835916519165, "lowlevel.melbands_crest.mean": 18.982410430908203, "lowlevel.melbands_crest.stdev": 7.277740955352783, "lowlevel.melbands_flatness_db.mean": 0.33548688888549805, "lowlevel.melbands_flatness_db.stdev": 0.15633387863636017, "lowlevel.melbands_kurtosis.mean": 45.68472671508789, "lowlevel.melbands_kurtosis.stdev": 102.47515106201172, "lowlevel.melbands_skewness.mean": 3.884146213531494, "lowlevel.melbands_skewness.stdev": 3.5261123180389404, "lowlevel.melbands_spread.mean": 18.55014991760254, "lowlevel.melbands_spread.stdev": 35.84323501586914, "lowlevel.pitch_salience.mean": 0.4834544360637665, "lowlevel.pitch_salience.stdev": 0.1839621514081955, "lowlevel.silence_rate_20dB.mean": 0.9984555840492249, "lowlevel.silence_rate_20dB.stdev": 0.039268504828214645, "lowlevel.silence_rate_30dB.mean": 0.9135135412216187, "lowlevel.silence_rate_30dB.stdev": 0.2810794711112976, "lowlevel.silence_rate_60dB.mean": 0.3019304871559143, "lowlevel.silence_rate_60dB.stdev": 0.45909470319747925, "lowlevel.spectral_centroid.mean": 976.3723754882812, "lowlevel.spectral_centroid.stdev": 1077.5130615234375, "lowlevel.spectral_complexity.mean": 6.471042633056641, "lowlevel.spectral_complexity.stdev": 8.575108528137207, "lowlevel.spectral_decrease.mean": -7.51351159067326e-09, "lowlevel.spectral_decrease.stdev": 1.540848160175301e-08, "lowlevel.spectral_energy.mean": 0.029205642640590668, "lowlevel.spectral_energy.stdev": 0.058820441365242004, "lowlevel.spectral_energyband_high.mean": 0.0003721999819390476, "lowlevel.spectral_energyband_high.stdev": 0.0011091233463957906, "lowlevel.spectral_energyband_low.mean": 0.017023924738168716, "lowlevel.spectral_energyband_low.stdev": 0.05096164718270302, "lowlevel.spectral_energyband_middle_high.mean": 0.0013041998026892543, "lowlevel.spectral_energyband_middle_high.stdev": 0.0032660949509590864, "lowlevel.spectral_energyband_middle_low.mean": 0.011575734242796898, "lowlevel.spectral_energyband_middle_low.stdev": 0.023326704278588295, "lowlevel.spectral_entropy.mean": 6.711203575134277, "lowlevel.spectral_entropy.stdev": 1.0607069730758667, "lowlevel.spectral_flux.mean": 0.08419815450906754, "lowlevel.spectral_flux.stdev": 0.09661085158586502, "lowlevel.spectral_kurtosis.mean": 13.73487377166748, "lowlevel.spectral_kurtosis.stdev": 15.898553848266602, "lowlevel.spectral_rms.mean": 0.003929937724024057, "lowlevel.spectral_rms.stdev": 0.003612327855080366, "lowlevel.spectral_rolloff.mean": 1440.5137939453125, "lowlevel.spectral_rolloff.stdev": 2596.65625, "lowlevel.spectral_skewness.mean": 2.53047251701355, "lowlevel.spectral_skewness.stdev": 1.5236316919326782, "lowlevel.spectral_spread.mean": 4137137.5, "lowlevel.spectral_spread.stdev": 2525331.5, "lowlevel.spectral_strongpeak.mean": 0.7010048031806946, "lowlevel.spectral_strongpeak.stdev": 0.7904807329177856, "lowlevel.zerocrossingrate.mean": 0.052991148084402084, "lowlevel.zerocrossingrate.stdev": 0.07592184096574783, "metadata.audio_properties.analysis.equal_loudness": 0.0, "metadata.audio_properties.analysis.length": 30.03628158569336, "metadata.audio_properties.analysis.sample_rate": 44100.0, "metadata.audio_properties.analysis.start_time": 0.0, "metadata.audio_properties.bit_rate": 111936.0, "metadata.audio_properties.length": 30.03733253479004, "metadata.audio_properties.lossless": 0.0, "metadata.audio_properties.number_channels": 1.0, "metadata.audio_properties.replay_gain": -6.310420989990234, "metadata.audio_properties.sample_rate": 48000.0, "rhythm.beats_count": 46.0, "rhythm.beats_loudness.mean": 0.1045265719294548, "rhythm.beats_loudness.stdev": 0.08760447800159454, "rhythm.bpm": 94.6318588256836, "rhythm.bpm_histogram_first_peak_bpm": 96.0, "rhythm.bpm_histogram_first_peak_weight": 0.523809552192688, "rhythm.bpm_histogram_second_peak_bpm": 86.0, "rhythm.bpm_histogram_second_peak_spread": 0.3333333730697632, "rhythm.bpm_histogram_second_peak_weight": 0.04444444552063942, "rhythm.danceability": 1.6252800226211548, "rhythm.onset_rate": 4.391476154327393, "tonal.chords_changes_rate": 0.1111111119389534, "tonal.chords_number_rate": 0.015432098880410194, "tonal.chords_strength.mean": 0.5317620038986206, "tonal.chords_strength.stdev": 0.09825316816568375, "tonal.hpcp_crest.mean": 14.712841987609863, "tonal.hpcp_crest.stdev": 7.40036678314209, "tonal.hpcp_entropy.mean": 1.9368818998336792, "tonal.hpcp_entropy.stdev": 0.8336947560310364, "tonal.key_edma.strength": 0.6175965070724487, "tonal.key_krumhansl.strength": 0.6171320080757141, "tonal.key_temperley.strength": 0.5947497487068176, "tonal.tuning_diatonic_strength": 0.548750638961792, "tonal.tuning_equal_tempered_deviation": 0.3821525573730469, "tonal.tuning_frequency": 434.193115234375, "tonal.tuning_nontempered_energy_ratio": 0.9579627513885498, "lowlevel.barkbands.mean": [0.000692040950525552, 0.009275652468204498, 0.006018816959112883, 0.002120907185599208, 0.00408787839114666, 0.002915313234552741, 0.0013667830498889089, 0.00042762685916386545, 0.0005864142440259457, 0.00032654180540703237, 0.00021094134717714041, 0.00016196198703255504, 0.00017873408796731383, 0.00011730259575415403, 6.748377199983224e-05, 6.290953024290502e-05, 5.371723455027677e-05, 6.0791287978645414e-05, 5.604992838925682e-05, 8.608803909737617e-05, 8.651011739857495e-05, 7.596352224936709e-05, 6.162872159620747e-05, 3.65658852388151e-05, 5.53784157091286e-05, 1.5671537767047994e-05, 1.0754985346750345e-08], "lowlevel.barkbands.stdev": [0.002226392040029168, 0.02809923142194748, 0.0285810399800539, 0.012226746417582035, 0.009309161454439163, 0.00963868759572506, 0.003865872509777546, 0.002258626976981759, 0.0024606939405202866, 0.0015164922224357724, 0.0007856368902139366, 0.0005149907083250582, 0.0008467387524433434, 0.0004401933983899653, 0.00022394843108486384, 0.00018366471340414137, 0.00012984639033675194, 0.00017722800839692354, 0.00018011208157986403, 0.00028959993505850434, 0.0002876969228964299, 0.0002618028374854475, 0.00023801898350939155, 0.00012451443762984127, 0.0001887730904854834, 5.48812240594998e-05, 1.3108441976328322e-07], "lowlevel.erbbands.mean": [0.37252190709114075, 1.7207391262054443, 6.503566265106201, 6.886714935302734, 12.021323204040527, 14.062762260437012, 12.424616813659668, 27.34173583984375, 21.00373077392578, 16.350448608398438, 9.248347282409668, 13.951959609985352, 8.196478843688965, 11.552428245544434, 8.325779914855957, 6.5414862632751465, 8.804207801818848, 6.526960849761963, 4.496732234954834, 3.252873420715332, 3.310378074645996, 3.292297124862671, 3.470465898513794, 2.551513433456421, 3.474254846572876, 3.9534218311309814, 3.624312162399292, 3.3144335746765137, 2.7922987937927246, 2.314181089401245, 1.6065571308135986, 0.7730157971382141, 0.6557222008705139, 0.6104674339294434, 0.4067259728908539, 0.1286524534225464, 0.014694241806864738, 0.0005362171796150506, 3.315966750960797e-05, 3.474353434285149e-05], "lowlevel.erbbands.stdev": [1.2342334985733032, 5.573884010314941, 29.54938507080078, 35.89112091064453, 40.121891021728516, 31.04600715637207, 31.943544387817383, 101.56261444091797, 59.38035583496094, 58.43109893798828, 35.99164581298828, 61.07986831665039, 34.208885192871094, 53.522403717041016, 23.47248077392578, 20.842079162597656, 42.44138717651367, 23.502450942993164, 14.19443416595459, 10.211981773376465, 8.543736457824707, 7.5221171379089355, 9.357592582702637, 8.480188369750977, 10.909831047058105, 13.479315757751465, 12.533263206481934, 10.966924667358398, 9.599642753601074, 8.683719635009766, 6.143111705780029, 2.9467830657958984, 2.143094778060913, 1.9158681631088257, 1.532332181930542, 0.4561258554458618, 0.050457149744033813, 0.0018362865084782243, 6.690376176266e-05, 6.410481000784785e-05], "lowlevel.gfcc.mean": [-145.87698364257812, 110.28062438964844, -98.04196166992188, 34.0289421081543, -57.020721435546875, -2.620044708251953, -54.98578643798828, -4.457625865936279, -33.200191497802734, -1.2828316688537598, -14.612897872924805, -4.168843746185303, -0.6648932099342346], "lowlevel.melbands.mean": [0.0028174580074846745, 0.0028527763206511736, 0.0013554528122767806, 0.0010434201685711741, 0.00043553009163588285, 0.0005919199902564287, 0.0003152108984068036, 0.00015875046665314585, 8.303010690724477e-05, 8.192689710995182e-05, 3.922557516489178e-05, 4.7625442675780505e-05, 2.8247921363799833e-05, 1.982724279514514e-05, 1.835315015341621e-05, 1.6368103388231248e-05, 1.1760676898120437e-05, 7.452385034412146e-06, 4.526200427790172e-06, 4.256919055478647e-06, 3.708837084559491e-06, 3.063352323806612e-06, 4.00113322029938e-06, 2.430322638247162e-06, 1.9868325580318924e-06, 2.0943539311701898e-06, 3.0725907436135458e-06, 2.485681307007326e-06, 2.1940820715826703e-06, 2.227820687039639e-06, 1.8552393612480955e-06, 1.6787430467957165e-06, 1.2550456176541047e-06, 1.306644094256626e-06, 1.030086991704593e-06, 5.797034532406542e-07, 4.218339881845168e-07, 4.547231355900294e-07, 4.1631787439655454e-07, 5.689078079740284e-07], "lowlevel.melbands.stdev": [0.008800487965345383, 0.011531645432114601, 0.006296511273831129, 0.0025214743800461292, 0.000961313140578568, 0.002090433845296502, 0.0008858896908350289, 0.0006274004117585719, 0.0003418395353946835, 0.0003491826937533915, 0.00017745030345395207, 0.0002276977029396221, 8.870193414622918e-05, 5.78117833356373e-05, 7.954746979521587e-05, 7.106434350134805e-05, 4.571805402520113e-05, 2.495921762601938e-05, 1.3968021448818035e-05, 1.3926391147833783e-05, 1.0017554814112373e-05, 7.536723387602251e-06, 9.520292223896831e-06, 8.047543815337121e-06, 6.844689323770581e-06, 6.768299954273971e-06, 9.778890671441332e-06, 9.158969987765886e-06, 8.167574378603604e-06, 7.739455213595647e-06, 6.221065632416867e-06, 5.804980446555419e-06, 4.492373591347132e-06, 5.1254382924526e-06, 3.969050339946989e-06, 2.28854901251907e-06, 1.638319645280717e-06, 1.5754659443700803e-06, 1.258859811059665e-06, 1.881362095446093e-06], "lowlevel.melbands128.mean": [0.0006754538626410067, 0.003407094394788146, 0.0032801185734570026, 0.002545796101912856, 0.0034439365845173597, 0.0026323567144572735, 0.001327750040218234, 0.001064191572368145, 0.0011581393191590905, 0.001419852371327579, 0.0007123587420210242, 0.00024241162464022636, 0.00031923712231218815, 0.0006813982035964727, 0.0007645675214007497, 0.0004543824470601976, 0.0003161874774377793, 0.00032849388662725687, 0.0002652666880749166, 0.00017820422363001853, 0.0001168465314549394, 4.779184382641688e-05, 6.97490613674745e-05, 0.00012690392031800002, 0.00011419580550864339, 5.3584983106702566e-05, 3.654288957477547e-05, 3.460699736024253e-05, 4.315566548029892e-05, 5.414773113443516e-05, 5.072250496596098e-05, 3.186400863341987e-05, 2.50129887717776e-05, 2.8199443477205932e-05, 2.300020605616737e-05, 1.6527703337487765e-05, 1.5516097846557386e-05, 1.405339571647346e-05, 2.4673046937095933e-05, 2.3310863980441354e-05, 1.1446280041127466e-05, 1.1230250493099447e-05, 1.4214139810064808e-05, 1.0769406799227e-05, 7.501323580072494e-06, 7.634256689925678e-06, 6.593668331333902e-06, 3.7316383441066137e-06, 4.063139385834802e-06, 4.628438546205871e-06, 4.09126050726627e-06, 4.150106633460382e-06, 4.369737780507421e-06, 3.32685385728837e-06, 2.4666605895617977e-06, 3.0094147405179683e-06, 3.5114894672005903e-06, 4.165676728007384e-06, 4.61266881757183e-06, 2.8536935587908374e-06, 2.2453396013588645e-06, 2.070280970656313e-06, 2.088734845528961e-06, 1.927627636177931e-06, 1.91429444384994e-06, 1.7125800013673143e-06, 2.339633056180901e-06, 3.2529148938920116e-06, 3.0478249755105935e-06, 3.405930328881368e-06, 2.195502929680515e-06, 2.1979722077958286e-06, 2.418454641883727e-06, 2.0135005343036028e-06, 2.1388079858297715e-06, 2.6568634439172456e-06, 2.03955642064102e-06, 1.7073341496143257e-06, 1.8967754158438765e-06, 1.934454530783114e-06, 1.7324686041320092e-06, 1.6725189198041335e-06, 1.309061303800263e-06, 1.1441040896897903e-06, 1.2327653848842601e-06, 1.4061550928090583e-06, 1.2750895166391274e-06, 1.2392258668114664e-06, 1.1173561915711616e-06, 8.065542829172045e-07, 6.596724801966047e-07, 5.025057134844246e-07, 4.5278821403371694e-07, 4.275484286608844e-07, 3.946654771880276e-07, 4.068844532412186e-07, 4.7367475985993224e-07, 5.275915100355633e-07, 3.829305796898552e-07, 3.69234385289019e-07, 4.6237599349296943e-07, 6.086033295105153e-07, 7.019354484327778e-07, 6.299684969235386e-07, 4.891381308880227e-07, 3.432033679473534e-07, 2.362542375067278e-07, 2.7781209155364195e-07, 2.4986667312987265e-07, 1.7728744694522902e-07, 9.595490269020956e-08, 4.65915555025731e-08, 2.8123880113639643e-08, 1.2485060096878442e-08, 4.435378286871128e-09, 1.3231359341503435e-09, 4.145659093790499e-10, 1.3437995508014389e-11, 9.228074034084432e-12, 4.41390283698051e-12, 4.2697317036155535e-12, 4.173438504506688e-12, 4.097662747309938e-12, 4.013325262397505e-12, 3.854120148027995e-12, 3.617476977690881e-12, 3.485060113758709e-12, 3.4515261742446013e-12], "lowlevel.melbands128.stdev": [0.0021841167472302914, 0.01167294941842556, 0.010995615273714066, 0.009407932870090008, 0.01571800746023655, 0.01288047805428505, 0.0075860475189983845, 0.005788474343717098, 0.004239533096551895, 0.003538083750754595, 0.0017676320858299732, 0.0007069715647958219, 0.000984267913736403, 0.0025234355125576258, 0.003299113130196929, 0.002227544318884611, 0.0012722285464406013, 0.0011156798573210835, 0.0009543105261400342, 0.0008399251382797956, 0.0008197908173315227, 0.00029238310526125133, 0.0004000759799964726, 0.0006919064908288419, 0.0006387851317413151, 0.00034116479218937457, 0.00023478793445974588, 0.0001748574577504769, 0.0003469351795502007, 0.0003035313275177032, 0.0003138420870527625, 0.000183624608325772, 8.541836723452434e-05, 9.641989890951663e-05, 8.746897947276011e-05, 6.320446846075356e-05, 7.369804370682687e-05, 7.33871347620152e-05, 0.0001648589241085574, 0.0001400034670950845, 5.425850031315349e-05, 5.0113736506318673e-05, 7.117602945072576e-05, 5.548411718336865e-05, 3.0820290703559294e-05, 3.652854866231792e-05, 2.395981027802918e-05, 1.2622328540601302e-05, 1.7170546925626695e-05, 2.3052954929880798e-05, 1.8793038179865107e-05, 1.3533163837564643e-05, 1.322265416092705e-05, 1.0757749805634376e-05, 8.174463800969534e-06, 8.156856893037912e-06, 9.332809895568062e-06, 1.0526617188588716e-05, 1.2926466297358274e-05, 8.644923582323827e-06, 8.757453542784788e-06, 8.58831117511727e-06, 7.883508260420058e-06, 7.031604127405444e-06, 7.298640412045643e-06, 6.263564046093961e-06, 7.784908120811451e-06, 1.2259416507731657e-05, 9.82614619715605e-06, 1.2514175978139974e-05, 8.608114512753673e-06, 9.49352397583425e-06, 1.0863334864552598e-05, 8.090719347819686e-06, 7.899696356616914e-06, 9.874813258647919e-06, 8.095516022876836e-06, 5.962721843388863e-06, 6.864299848530209e-06, 7.028556865407154e-06, 6.191829925228376e-06, 6.470845619332977e-06, 5.186898761166958e-06, 4.351663847046439e-06, 4.664516382035799e-06, 5.669342954206513e-06, 5.727898042096058e-06, 4.921758318232605e-06, 4.4741427700500935e-06, 3.327109880046919e-06, 2.7447176762507297e-06, 2.1578482574113877e-06, 1.9596698166424176e-06, 1.7902621038956568e-06, 1.6482558748975862e-06, 1.6265065596599015e-06, 1.756903770910867e-06, 1.855660229921341e-06, 1.2701400464720791e-06, 1.1373294910299592e-06, 1.4151346476865e-06, 2.1294924863468623e-06, 2.7215103273192653e-06, 3.135805627607624e-06, 1.981669583983603e-06, 1.2630529226953513e-06, 9.148359936261841e-07, 1.0209929541815654e-06, 9.688494628790068e-07, 6.779810632906447e-07, 4.396620454372169e-07, 1.8555812175691244e-07, 1.1343369976657414e-07, 5.954811754804723e-08, 2.965104073382463e-08, 1.1137249344983502e-08, 5.381771028822868e-09, 1.7881804370567522e-10, 1.3158098222110226e-10, 1.1394348138626942e-11, 1.1092805493606583e-11, 1.0852911451475489e-11, 1.0619539969614067e-11, 1.0439811341800276e-11, 1.0284840687435626e-11, 1.0163811632601938e-11, 1.0078128435953015e-11, 1.0024172464317971e-11], "lowlevel.mfcc.mean": [-798.4224853515625, 141.64596557617188, 12.54990291595459, 33.03523254394531, 10.59720516204834, 0.41738682985305786, -6.996148109436035, -13.805435180664062, -6.7509870529174805, -17.340917587280273, -6.597248077392578, -11.575506210327148, 2.50502347946167], "lowlevel.spectral_contrast_coeffs.mean": [-0.6031805872917175, -0.7213547825813293, -0.8097776770591736, -0.8066853284835815, -0.8111843466758728, -0.7732270359992981], "lowlevel.spectral_contrast_coeffs.stdev": [0.12631994485855103, 0.10175970941781998, 0.06541729718446732, 0.05855971947312355, 0.046848420053720474, 0.0630377009510994], "lowlevel.spectral_contrast_valleys.mean": [-8.168042182922363, -8.15258502960205, -8.898844718933105, -9.088274955749512, -9.148508071899414, -11.972683906555176], "lowlevel.spectral_contrast_valleys.stdev": [1.2969518899917603, 1.2224109172821045, 1.2855305671691895, 1.0573391914367676, 1.256759524345398, 1.4820618629455566], "rhythm.beats_loudness_band_ratio.mean": [0.5295295119285583, 0.17804300785064697, 0.08370072394609451, 0.06050138920545578, 0.04365640506148338, 0.13918115198612213], "rhythm.beats_loudness_band_ratio.stdev": [0.43099650740623474, 0.20353487133979797, 0.09398624300956726, 0.0646698996424675, 0.048944730311632156, 0.15707163512706757], "tonal.hpcp.mean": [0.211311474442482, 0.2976483404636383, 0.1928929090499878, 0.09697993844747543, 0.10641373693943024, 0.08233004063367844, 0.04772617667913437, 0.047683849930763245, 0.053497061133384705, 0.06358660012483597, 0.08133766800165176, 0.06849431246519089, 0.04246009886264801, 0.04126402363181114, 0.04554779455065727, 0.060385026037693024, 0.07949858158826828, 0.08080536127090454, 0.06881977617740631, 0.06928636133670807, 0.07284639030694962, 0.08058301359415054, 0.10853806138038635, 0.1336398720741272, 0.1527632474899292, 0.15587472915649414, 0.106324702501297, 0.06896266341209412, 0.06585103273391724, 0.06791087985038757, 0.09875898063182831, 0.1322045773267746, 0.11357565224170685, 0.08042443543672562, 0.08329359441995621, 0.10339261591434479], "tonal.hpcp.stdev": [0.3009817600250244, 0.40515226125717163, 0.2824464440345764, 0.21882587671279907, 0.25862425565719604, 0.20724542438983917, 0.13707765936851501, 0.13811524212360382, 0.156044140458107, 0.17838922142982483, 0.21275746822357178, 0.1836576908826828, 0.13362234830856323, 0.13381695747375488, 0.1437346190214157, 0.16047987341880798, 0.19766391813755035, 0.19828270375728607, 0.1887657642364502, 0.18791796267032623, 0.18571080267429352, 0.17993247509002686, 0.224765345454216, 0.2583197355270386, 0.2776201367378235, 0.29241618514060974, 0.22358252108097076, 0.18211007118225098, 0.18535757064819336, 0.18257758021354675, 0.22561317682266235, 0.27398374676704407, 0.24335399270057678, 0.20065052807331085, 0.21837197244167328, 0.23174604773521423], "rhythm.beats_position": [0.6849886775016785, 1.381587266921997, 2.078185796737671, 2.763174533843994, 3.4133331775665283, 4.051881790161133, 4.690430641174316, 5.31736946105957, 5.944308280944824, 6.582857131958008, 7.221405982971191, 7.848344326019287, 8.498503684997559, 9.125441551208496, 9.75238037109375, 10.379319190979004, 11.017868041992188, 11.656416893005371, 12.283355712890625, 12.921904563903809, 13.548843383789062, 14.187392234802246, 14.8143310546875, 15.441269874572754, 16.091428756713867, 16.718366622924805, 17.356916427612305, 17.995464324951172, 18.622404098510742, 19.24934196472168, 19.887889862060547, 20.526439666748047, 21.153377532958984, 21.780317306518555, 22.418865203857422, 23.057415008544922, 23.68435287475586, 24.31129264831543, 24.949840545654297, 25.588390350341797, 26.215328216552734, 26.842267990112305, 27.4924259185791, 28.11936378479004, 28.75791358947754, 29.396461486816406], "rhythm.bpm_histogram": [0.0, 0.0, 0.0, 0.0, 0.0, 0.0, 0.0, 0.0, 0.0, 0.0, 0.0, 0.0, 0.0, 0.0, 0.0, 0.0, 0.0, 0.0, 0.0, 0.0, 0.0, 0.0, 0.0, 0.0, 0.0, 0.0, 0.0, 0.0, 0.0, 0.0, 0.0, 0.0, 0.0, 0.0, 0.0, 0.0, 0.0, 0.0, 0.0, 0.0, 0.0, 0.0, 0.0, 0.0, 0.0, 0.0, 0.0, 0.0, 0.0, 0.0, 0.0, 0.0, 0.0, 0.0, 0.0, 0.0, 0.0, 0.0, 0.0, 0.0, 0.0, 0.0, 0.0, 0.0, 0.0, 0.0, 0.0, 0.0, 0.0, 0.0, 0.0, 0.0, 0.0, 0.0, 0.0, 0.0, 0.0, 0.0, 0.0, 0.0, 0.0, 0.0, 0.0, 0.0, 0.0, 0.0, 0.04444444552063942, 0.0, 0.02222222276031971, 0.0, 0.0, 0.0, 0.08888889104127884, 0.0, 0.4000000059604645, 0.0, 0.4444444477558136, 0.0, 0.0, 0.0, 0.0, 0.0, 0.0, 0.0, 0.0, 0.0, 0.0, 0.0, 0.0, 0.0, 0.0, 0.0, 0.0, 0.0, 0.0, 0.0, 0.0, 0.0, 0.0, 0.0, 0.0, 0.0, 0.0, 0.0, 0.0, 0.0, 0.0, 0.0, 0.0, 0.0, 0.0, 0.0, 0.0, 0.0, 0.0, 0.0, 0.0, 0.0, 0.0, 0.0, 0.0, 0.0, 0.0, 0.0, 0.0, 0.0, 0.0, 0.0, 0.0, 0.0, 0.0, 0.0, 0.0, 0.0, 0.0, 0.0, 0.0, 0.0, 0.0, 0.0, 0.0, 0.0, 0.0, 0.0, 0.0, 0.0, 0.0, 0.0, 0.0, 0.0, 0.0, 0.0, 0.0, 0.0, 0.0, 0.0, 0.0, 0.0, 0.0, 0.0, 0.0, 0.0, 0.0, 0.0, 0.0, 0.0, 0.0, 0.0, 0.0, 0.0, 0.0, 0.0, 0.0, 0.0, 0.0, 0.0, 0.0, 0.0, 0.0, 0.0, 0.0, 0.0, 0.0, 0.0, 0.0, 0.0, 0.0, 0.0, 0.0, 0.0, 0.0, 0.0, 0.0, 0.0, 0.0, 0.0, 0.0, 0.0, 0.0, 0.0, 0.0, 0.0, 0.0, 0.0, 0.0, 0.0, 0.0, 0.0, 0.0, 0.0, 0.0, 0.0, 0.0, 0.0, 0.0, 0.0, 0.0, 0.0, 0.0, 0.0, 0.0, 0.0, 0.0, 0.0, 0.0, 0.0, 0.0, 0.0, 0.0, 0.0], "tonal.chords_histogram": [6.481481552124023, 20.524690628051758, 27.314815521240234, 10.493826866149902, 5.709876537322998, 5.4012346267700195, 0.0, 0.0, 0.0, 12.037036895751953, 0.0, 0.0, 0.0, 0.0, 0.0, 0.0, 0.0, 0.0, 1.3888888359069824, 0.0, 0.3086419701576233, 0.0, 9.104938507080078, 1.2345678806304932], "tonal.thpcp": [1.0, 0.6480563879013062, 0.32582053542137146, 0.35751497745513916, 0.2766017019748688, 0.1603441685438156, 0.16020196676254272, 0.17973244190216064, 0.21362994611263275, 0.2732676565647125, 0.23011824488639832, 0.14265188574790955, 0.13863347470760345, 0.1530255228281021, 0.20287372171878815, 0.26708894968032837, 0.2714793086051941, 0.23121169209480286, 0.23277926445007324, 0.24473978579044342, 0.2707322835922241, 0.36465200781822205, 0.4489857852458954, 0.51323401927948, 0.5236875414848328, 0.35721585154533386, 0.23169174790382385, 0.2212376892566681, 0.228158101439476, 0.3317975103855133, 0.44416365027427673, 0.38157662749290466, 0.2701995074748993, 0.2798389196395874, 0.34736499190330505, 0.7099366784095764], "lowlevel.gfcc.cov": [[9676.166015625, -2431.428955078125, -1164.1278076171875, -357.46258544921875, -1507.7398681640625, 144.49322509765625, -196.95172119140625, 270.6299133300781, -454.5015563964844, 236.67884826660156, -318.1839599609375, 248.8682403564453, -527.7334594726562], [-2431.428955078125, 4271.517578125, 1063.748046875, -467.2961730957031, 1079.00537109375, -287.0744934082031, 691.2103271484375, -262.1384582519531, 649.872314453125, -369.9161682128906, 353.67462158203125, -343.3095397949219, 335.50927734375], [-1164.1278076171875, 1063.748046875, 1985.0062255859375, 731.7169799804688, 1102.682861328125, 203.803955078125, 334.1419677734375, 126.16663360595703, 391.5236511230469, 64.21002960205078, 228.34303283691406, -89.8301773071289, 203.29620361328125], [-357.46258544921875, -467.2961730957031, 731.7169799804688, 1443.3714599609375, 765.2325439453125, 265.0898742675781, 117.89254760742188, 121.75012969970703, 212.63951110839844, 72.70768737792969, 9.52405071258545, -2.1636509895324707, 106.30410766601562], [-1507.7398681640625, 1079.00537109375, 1102.682861328125, 765.2325439453125, 1236.070556640625, 212.06292724609375, 298.9300231933594, 15.083046913146973, 411.0147705078125, -8.860557556152344, 130.17034912109375, -124.00084686279297, 202.99668884277344], [144.49322509765625, -287.0744934082031, 203.803955078125, 265.0898742675781, 212.06292724609375, 481.1820068359375, 243.3054962158203, 140.9337158203125, 64.3043441772461, 67.90164947509766, 34.817047119140625, 46.80256652832031, -34.06441116333008], [-196.95172119140625, 691.2103271484375, 334.1419677734375, 117.89254760742188, 298.9300231933594, 243.3054962158203, 608.7203979492188, 126.30883026123047, 203.1272735595703, -53.34507369995117, 113.71470642089844, 10.593964576721191, 65.46351623535156], [270.6299133300781, -262.1384582519531, 126.16663360595703, 121.75012969970703, 15.083046913146973, 140.9337158203125, 126.30883026123047, 237.52420043945312, 36.271751403808594, 58.59276580810547, 23.469289779663086, 57.67430877685547, 4.9002180099487305], [-454.5015563964844, 649.872314453125, 391.5236511230469, 212.63951110839844, 411.0147705078125, 64.3043441772461, 203.1272735595703, 36.271751403808594, 357.48187255859375, 34.34566879272461, 104.29478454589844, -44.892295837402344, 95.28433990478516], [236.67884826660156, -369.9161682128906, 64.21002960205078, 72.70768737792969, -8.860557556152344, 67.90164947509766, -53.34507369995117, 58.59276580810547, 34.34566879272461, 205.9952392578125, 43.4981803894043, 52.44244384765625, -18.78497886657715], [-318.1839599609375, 353.67462158203125, 228.34303283691406, 9.52405071258545, 130.17034912109375, 34.817047119140625, 113.71470642089844, 23.469289779663086, 104.29478454589844, 43.4981803894043, 195.6853485107422, 31.224084854125977, 42.572998046875], [248.8682403564453, -343.3095397949219, -89.8301773071289, -2.1636509895324707, -124.00084686279297, 46.80256652832031, 10.593964576721191, 57.67430877685547, -44.892295837402344, 52.44244384765625, 31.224084854125977, 137.58522033691406, 5.082695960998535], [-527.7334594726562, 335.50927734375, 203.29620361328125, 106.30410766601562, 202.99668884277344, -34.06441116333008, 65.46351623535156, 4.9002180099487305, 95.28433990478516, -18.78497886657715, 42.572998046875, 5.082695960998535, 158.1383819580078]], "lowlevel.gfcc.icov": [[0.00015993478882592171, -3.7814916140632704e-05, -3.0232793506002054e-05, -7.627938612131402e-05, 0.00022251960763242096, -8.484207683068234e-06, -3.936367284040898e-05, -9.758745727594942e-05, -6.557565939147025e-05, -0.00014484100393019617, 0.00026901534874923527, -0.00019894668366760015, 0.00039222888881340623], [-3.7814916140632704e-05, 0.0016231968766078353, -0.00017994089284911752, 0.0011409093858674169, -0.001011583604849875, 0.0009874117095023394, -0.0011818278580904007, 0.0009431467042304575, -0.0011285432847216725, 0.001645676209591329, -0.0016429037787020206, 0.0018769296584650874, -0.000876935722772032], [-3.0232793506002054e-05, -0.00017994089284911752, 0.0011956925736740232, -0.00019933702424168587, -0.0008552225772291422, 6.0710142861353233e-05, 6.135462899692357e-05, -0.000674807874020189, 0.00042500896961428225, -0.00047673459630459547, -0.0006452794186770916, 0.00034290013718418777, -0.00016586949641350657], [-7.627938612131402e-05, 0.0011409093858674169, -0.00019933702424168587, 0.002069725887849927, -0.0016370529774576426, 0.00043169938726350665, -0.0005193371325731277, 0.00027837243396788836, -0.0007854689029045403, 0.0010526985861361027, -0.0005484908469952643, 0.0006805109442211688, -0.0006852948572486639], [0.00022251960763242096, -0.001011583604849875, -0.0008552225772291422, -0.0016370529774576426, 0.004221133887767792, -0.0016616863431409001, 0.0006230445578694344, 0.0004404399951454252, -0.0009107523364946246, -0.0007128313300199807, 0.0010983875254169106, 0.0003811802016571164, -0.0008032137411646545], [-8.484207683068234e-06, 0.0009874117095023394, 6.0710142861353233e-05, 0.00043169938726350665, -0.0016616863431409001, 0.004615081939846277, -0.0022462268825620413, -0.0005325322272256017, -1.3211348459662986e-06, -0.00012356667139101774, -0.0005789819406345487, -3.1401108572026715e-05, 0.0017250640084967017], [-3.936367284040898e-05, -0.0011818278580904007, 6.135462899692357e-05, -0.0005193371325731277, 0.0006230445578694344, -0.0022462268825620413, 0.004284303169697523, -0.0017602989682927728, -0.0006023598834872246, 0.0010010215919464827, 6.878830754430965e-05, -0.0017119102412834764, 0.0001619804388610646], [-9.758745727594942e-05, 0.0009431467042304575, -0.000674807874020189, 0.00027837243396788836, 0.0004404399951454252, -0.0005325322272256017, -0.0017602989682927728, 0.007142702583223581, -0.0010747453197836876, -0.0001550879533169791, -0.0002079336845781654, -0.0003897496499121189, -0.001121348119340837], [-6.557565939147025e-05, -0.0011285432847216725, 0.00042500896961428225, -0.0007854689029045403, -0.0009107523364946246, -1.3211348459662986e-06, -0.0006023598834872246, -0.0010747453197836876, 0.007039038464426994, -0.0030730077996850014, -0.0004464956000447273, 0.0008470973698422313, -0.0009047360508702695], [-0.00014484100393019617, 0.001645676209591329, -0.00047673459630459547, 0.0010526985861361027, -0.0007128313300199807, -0.00012356667139101774, 0.0010010215919464827, -0.0001550879533169791, -0.0030730077996850014, 0.009381220676004887, -0.003210608381778002, -0.0003979797475039959, 0.0002523196453694254], [0.00026901534874923527, -0.0016429037787020206, -0.0006452794186770916, -0.0005484908469952643, 0.0010983875254169106, -0.0005789819406345487, 6.878830754430965e-05, -0.0002079336845781654, -0.0004464956000447273, -0.003210608381778002, 0.010111615061759949, -0.005013845395296812, 0.0013515159953385592], [-0.00019894668366760015, 0.0018769296584650874, 0.00034290013718418777, 0.0006805109442211688, 0.0003811802016571164, -3.1401108572026715e-05, -0.0017119102412834764, -0.0003897496499121189, 0.0008470973698422313, -0.0003979797475039959, -0.005013845395296812, 0.014946452341973782, -0.005007924046367407], [0.00039222888881340623, -0.000876935722772032, -0.00016586949641350657, -0.0006852948572486639, -0.0008032137411646545, 0.0017250640084967017, 0.0001619804388610646, -0.001121348119340837, -0.0009047360508702695, 0.0002523196453694254, 0.0013515159953385592, -0.005007924046367407, 0.011909502558410168]], "lowlevel.mfcc.cov": [[10818.7353515625, -2943.79833984375, -840.6077270507812, -1033.5224609375, -1512.667724609375, -524.7730102539062, -338.9400329589844, -82.12287139892578, -324.08685302734375, -361.8467102050781, 184.14764404296875, -190.1741485595703, -39.43109893798828], [-2943.79833984375, 4507.23974609375, 411.1938781738281, 54.73307800292969, 265.3753356933594, 131.24293518066406, 144.33995056152344, 158.55418395996094, 208.5528106689453, 103.41149139404297, 144.83810424804688, 137.86895751953125, 60.23270797729492], [-840.6077270507812, 411.1938781738281, 1000.364013671875, 524.2076416015625, 542.4170532226562, 252.66726684570312, 267.2759704589844, 170.7314453125, 149.13255310058594, 261.009765625, 72.38589477539062, 135.4654083251953, 86.62682342529297], [-1033.5224609375, 54.73307800292969, 524.2076416015625, 1167.875244140625, 798.1163330078125, 393.3690185546875, 191.5323944091797, 149.6173095703125, 269.0440979003906, 256.0364074707031, -31.696420669555664, 72.4390640258789, 90.9581527709961], [-1512.667724609375, 265.3753356933594, 542.4170532226562, 798.1163330078125, 1054.9686279296875, 419.3003845214844, 159.54824829101562, 68.47158813476562, 205.41656494140625, 287.7375183105469, -14.77546501159668, 85.73414611816406, 59.842350006103516], [-524.7730102539062, 131.24293518066406, 252.66726684570312, 393.3690185546875, 419.3003845214844, 505.83953857421875, 233.8123016357422, 178.88711547851562, 190.3102264404297, 199.21356201171875, 99.33715057373047, 122.4205322265625, -13.596793174743652], [-338.9400329589844, 144.33995056152344, 267.2759704589844, 191.5323944091797, 159.54824829101562, 233.8123016357422, 367.7294616699219, 240.98764038085938, 128.12989807128906, 149.58566284179688, 79.76795196533203, 81.87831115722656, 35.38175582885742], [-82.12287139892578, 158.55418395996094, 170.7314453125, 149.6173095703125, 68.47158813476562, 178.88711547851562, 240.98764038085938, 350.132568359375, 154.63186645507812, 152.80886840820312, 53.21513366699219, 85.67870330810547, 3.0841619968414307], [-324.08685302734375, 208.5528106689453, 149.13255310058594, 269.0440979003906, 205.41656494140625, 190.3102264404297, 128.12989807128906, 154.63186645507812, 283.1239318847656, 141.43521118164062, 70.16883850097656, 50.438236236572266, 21.94450569152832], [-361.8467102050781, 103.41149139404297, 261.009765625, 256.0364074707031, 287.7375183105469, 199.21356201171875, 149.58566284179688, 152.80886840820312, 141.43521118164062, 310.44134521484375, 50.328651428222656, 101.43834686279297, -5.8504958152771], [184.14764404296875, 144.83810424804688, 72.38589477539062, -31.696420669555664, -14.77546501159668, 99.33715057373047, 79.76795196533203, 53.21513366699219, 70.16883850097656, 50.328651428222656, 245.71096801757812, 81.93587493896484, 8.634825706481934], [-190.1741485595703, 137.86895751953125, 135.4654083251953, 72.4390640258789, 85.73414611816406, 122.4205322265625, 81.87831115722656, 85.67870330810547, 50.438236236572266, 101.43834686279297, 81.93587493896484, 198.74005126953125, 42.356788635253906], [-39.43109893798828, 60.23270797729492, 86.62682342529297, 90.9581527709961, 59.842350006103516, -13.596793174743652, 35.38175582885742, 3.0841619968414307, 21.94450569152832, -5.8504958152771, 8.634825706481934, 42.356788635253906, 162.7698516845703]], "lowlevel.mfcc.icov": [[0.00015276977501343936, 9.222168591804802e-05, -2.1562691472354345e-05, 1.7404731806891505e-06, 0.00021071212540846318, -7.467251998605207e-05, 0.0001932553423102945, -0.00014399143401533365, 6.928447692189366e-05, -6.037360799382441e-05, -0.0002082107966998592, 0.00016553938621655107, -0.00015314386109821498], [9.222168591804802e-05, 0.00030316924676299095, -0.0001084909017663449, 0.00011684646597132087, 1.4006789569975808e-05, 2.2877753508510068e-05, 0.00013811928511131555, -0.00015829445328563452, -0.00016423771739937365, 9.106171637540683e-05, -0.00018545857165008783, -8.621143933851272e-06, -9.016788681037724e-05], [-2.1562691472354345e-05, -0.0001084909017663449, 0.0018684443784877658, -0.00039301501237787306, -0.0006373586365953088, 0.0005703973583877087, -0.000951430934946984, 5.863301794306608e-06, 0.00040061099571175873, -0.0005571842193603516, -0.00034385532489977777, -0.0003946288488805294, -0.00020427531853783876], [1.7404731806891505e-06, 0.00011684646597132087, -0.00039301501237787306, 0.0022441039327532053, -0.0011263969354331493, -0.0005487515009008348, 0.0002563164453022182, -0.0002557960688136518, -0.000996251474134624, 7.613921479787678e-05, 0.0006558863096870482, 0.0003018346324097365, -0.0007465681992471218], [0.00021071212540846318, 1.4006789569975808e-05, -0.0006373586365953088, -0.0011263969354331493, 0.00330218393355608, -0.0017186100594699383, 0.0006143529899418354, 0.000979403150267899, 0.00010919351916527376, -0.001377138658426702, 0.0004153222544118762, 0.0006601873319596052, -0.0007532479939982295], [-7.467251998605207e-05, 2.2877753508510068e-05, 0.0005703973583877087, -0.0005487515009008348, -0.0017186100594699383, 0.005508721340447664, -0.002273355843499303, -8.568714110879228e-05, -0.0010428988607600331, 0.000396143295802176, -0.0009744701674208045, -0.0019773095846176147, 0.0022854104172438383], [0.0001932553423102945, 0.00013811928511131555, -0.000951430934946984, 0.0002563164453022182, 0.0006143529899418354, -0.002273355843499303, 0.0071147470735013485, -0.0037622866220772266, 0.0007243931759148836, -0.0005891762557439506, -0.0009325219434686005, 0.001390064717270434, -0.0019633059855550528], [-0.00014399143401533365, -0.00015829445328563452, 5.863301794306608e-06, -0.0002557960688136518, 0.000979403150267899, -8.568714110879228e-05, -0.0037622866220772266, 0.007046947255730629, -0.002167856553569436, -0.0011593610979616642, 0.0012369405012577772, -0.0013830350944772363, 0.0010254537919536233], [6.928447692189366e-05, -0.00016423771739937365, 0.00040061099571175873, -0.000996251474134624, 0.00010919351916527376, -0.0010428988607600331, 0.0007243931759148836, -0.002167856553569436, 0.006915121804922819, -0.0014548408798873425, -0.0016440318431705236, 0.0013980857329443097, -0.0010837618028745055], [-6.037360799382441e-05, 9.106171637540683e-05, -0.0005571842193603516, 7.613921479787678e-05, -0.001377138658426702, 0.000396143295802176, -0.0005891762557439506, -0.0011593610979616642, -0.0014548408798873425, 0.006817021872848272, 5.616888665826991e-05, -0.002216791734099388, 0.0019101526122540236], [-0.0002082107966998592, -0.00018545857165008783, -0.00034385532489977777, 0.0006558863096870482, 0.0004153222544118762, -0.0009744701674208045, -0.0009325219434686005, 0.0012369405012577772, -0.0016440318431705236, 5.616888665826991e-05, 0.006080509629100561, -0.00196236209012568, 0.00019159990188200027], [0.00016553938621655107, -8.621143933851272e-06, -0.0003946288488805294, 0.0003018346324097365, 0.0006601873319596052, -0.0019773095846176147, 0.001390064717270434, -0.0013830350944772363, 0.0013980857329443097, -0.002216791734099388, -0.00196236209012568, 0.008533423766493797, -0.0029838772024959326], [-0.00015314386109821498, -9.016788681037724e-05, -0.00020427531853783876, -0.0007465681992471218, -0.0007532479939982295, 0.0022854104172438383, -0.0019633059855550528, 0.0010254537919536233, -0.0010837618028745055, 0.0019101526122540236, 0.00019159990188200027, -0.0029838772024959326, 0.008522084914147854]], "metadata.audio_properties.analysis.downmix": "mix", "metadata.audio_properties.codec": "mp3", "metadata.audio_properties.md5_encoded": "0350f48ef9c67e61e02c45c2eb8e281d", "metadata.tags.file_name": "1183695684155740181.mp3", "metadata.version.essentia": "2.1-beta6-dev", "metadata.version.essentia_git_sha": "v2.1_beta5-1110-g77a6a954", "metadata.version.extractor": "music 2.0", "tonal.chords_key": "A", "tonal.chords_scale": "minor", "tonal.key_edma.key": "D", "tona