{"song_id": "1183698212066959420", "download": "https://cdn.discordapp.com/attachments/1135911532732108921/1183698212066959420/chirp.mp4?ex=658947dd&amp", "lyrics": "[Verse]\nDawid's stacking shelves with tools, a handyman he'll be\nRudolf fixing gutters, always busy as a bee\nThe courier's in a rush, doesn't speak Polish, it seems\nIn this country town, where dreams chase their schemes\n\n[Chorus]\nDawid and Rudolf, with their tasks to do\nTrying to make a living, the best way they knew\nIn a land of struggle, where time's never at hand\nThey work hard and hustle, just to make a stand", "style": ["country"], "essentia_features": {"lowlevel.average_loudness": 0.9345641732215881, "lowlevel.barkbands_crest.mean": 10.528072357177734, "lowlevel.barkbands_crest.stdev": 3.993873119354248, "lowlevel.barkbands_flatness_db.mean": 0.18863482773303986, "lowlevel.barkbands_flatness_db.stdev": 0.05997367203235626, "lowlevel.barkbands_kurtosis.mean": 4.760539531707764, "lowlevel.barkbands_kurtosis.stdev": 7.6451921463012695, "lowlevel.barkbands_skewness.mean": 1.5090243816375732, "lowlevel.barkbands_skewness.stdev": 1.2962346076965332, "lowlevel.barkbands_spread.mean": 19.16206932067871, "lowlevel.barkbands_spread.stdev": 18.677400588989258, "lowlevel.dissonance.mean": 0.42537182569503784, "lowlevel.dissonance.stdev": 0.0522645004093647, "lowlevel.dynamic_complexity": 4.353306770324707, "lowlevel.erbbands_crest.mean": 11.184149742126465, "lowlevel.erbbands_crest.stdev": 4.048398971557617, "lowlevel.erbbands_flatness_db.mean": 0.21396225690841675, "lowlevel.erbbands_flatness_db.stdev": 0.05556260794401169, "lowlevel.erbbands_kurtosis.mean": 0.7542064785957336, "lowlevel.erbbands_kurtosis.stdev": 2.3870961666107178, "lowlevel.erbbands_skewness.mean": 0.2976076602935791, "lowlevel.erbbands_skewness.stdev": 1.0662941932678223, "lowlevel.erbbands_spread.mean": 32.0802001953125, "lowlevel.erbbands_spread.stdev": 20.01512336730957, "lowlevel.hfc.mean": 17.28777313232422, "lowlevel.hfc.stdev": 20.56233024597168, "lowlevel.loudness_ebu128.integrated": -23.368139266967773, "lowlevel.loudness_ebu128.loudness_range": 2.535947799682617, "lowlevel.loudness_ebu128.momentary.mean": -24.93814468383789, "lowlevel.loudness_ebu128.momentary.stdev": 4.218558311462402, "lowlevel.loudness_ebu128.short_term.mean": -23.692567825317383, "lowlevel.loudness_ebu128.short_term.stdev": 0.9342911243438721, "lowlevel.melbands_crest.mean": 13.635690689086914, "lowlevel.melbands_crest.stdev": 4.787006378173828, "lowlevel.melbands_flatness_db.mean": 0.24941182136535645, "lowlevel.melbands_flatness_db.stdev": 0.07473073899745941, "lowlevel.melbands_kurtosis.mean": 9.078452110290527, "lowlevel.melbands_kurtosis.stdev": 10.182524681091309, "lowlevel.melbands_skewness.mean": 2.2476449012756348, "lowlevel.melbands_skewness.stdev": 1.1799263954162598, "lowlevel.melbands_spread.mean": 24.581628799438477, "lowlevel.melbands_spread.stdev": 29.52314567565918, "lowlevel.pitch_salience.mean": 0.6043440103530884, "lowlevel.pitch_salience.stdev": 0.10014242678880692, "lowlevel.silence_rate_20dB.mean": 1.0, "lowlevel.silence_rate_20dB.stdev": 0.0, "lowlevel.silence_rate_30dB.mean": 1.0, "lowlevel.silence_rate_30dB.stdev": 0.0, "lowlevel.silence_rate_60dB.mean": 0.1965116262435913, "lowlevel.silence_rate_60dB.stdev": 0.39736175537109375, "lowlevel.spectral_centroid.mean": 1178.30419921875, "lowlevel.spectral_centroid.stdev": 874.4246826171875, "lowlevel.spectral_complexity.mean": 12.830232620239258, "lowlevel.spectral_complexity.stdev": 8.385150909423828, "lowlevel.spectral_decrease.mean": -3.6948712978102094e-09, "lowlevel.spectral_decrease.stdev": 3.739449194739564e-09, "lowlevel.spectral_energy.mean": 0.015513340942561626, "lowlevel.spectral_energy.stdev": 0.015260019339621067, "lowlevel.spectral_energyband_high.mean": 0.0006360574625432491, "lowlevel.spectral_energyband_high.stdev": 0.002054738812148571, "lowlevel.spectral_energyband_low.mean": 0.000612535746768117, "lowlevel.spectral_energyband_low.stdev": 0.0009149292018264532, "lowlevel.spectral_energyband_middle_high.mean": 0.004953732248395681, "lowlevel.spectral_energyband_middle_high.stdev": 0.008279441855847836, "lowlevel.spectral_energyband_middle_low.mean": 0.009630669839680195, "lowlevel.spectral_energyband_middle_low.stdev": 0.01017458550632, "lowlevel.spectral_entropy.mean": 6.99807071685791, "lowlevel.spectral_entropy.stdev": 0.6454131007194519, "lowlevel.spectral_flux.mean": 0.05547470971941948, "lowlevel.spectral_flux.stdev": 0.04196945205330849, "lowlevel.spectral_kurtosis.mean": 10.192172050476074, "lowlevel.spectral_kurtosis.stdev": 7.1731743812561035, "lowlevel.spectral_rms.mean": 0.003436488099396229, "lowlevel.spectral_rms.stdev": 0.0018236030591651797, "lowlevel.spectral_rolloff.mean": 2031.4742431640625, "lowlevel.spectral_rolloff.stdev": 2668.289794921875, "lowlevel.spectral_skewness.mean": 2.193072557449341, "lowlevel.spectral_skewness.stdev": 0.8935279846191406, "lowlevel.spectral_spread.mean": 3950239.0, "lowlevel.spectral_spread.stdev": 2276509.5, "lowlevel.spectral_strongpeak.mean": 1.048201560974121, "lowlevel.spectral_strongpeak.stdev": 1.1875380277633667, "lowlevel.zerocrossingrate.mean": 0.0657101646065712, "lowlevel.zerocrossingrate.stdev": 0.06655821949243546, "metadata.audio_properties.analysis.equal_loudness": 0.0, "metadata.audio_properties.analysis.length": 39.914649963378906, "metadata.audio_properties.analysis.sample_rate": 44100.0, "metadata.audio_properties.analysis.start_time": 0.0, "metadata.audio_properties.bit_rate": 120524.0, "metadata.audio_properties.length": 39.91466522216797, "metadata.audio_properties.lossless": 0.0, "metadata.audio_properties.number_channels": 1.0, "metadata.audio_properties.replay_gain": -5.231058120727539, "metadata.audio_properties.sample_rate": 48000.0, "rhythm.beats_count": 56.0, "rhythm.beats_loudness.mean": 0.024003399536013603, "rhythm.beats_loudness.stdev": 0.017845913767814636, "rhythm.bpm": 87.15553283691406, "rhythm.bpm_histogram_first_peak_bpm": 88.0, "rhythm.bpm_histogram_first_peak_weight": 0.29032254219055176, "rhythm.bpm_histogram_second_peak_bpm": 82.0, "rhythm.bpm_histogram_second_peak_spread": 0.4375, "rhythm.bpm_histogram_second_peak_weight": 0.16363635659217834, "rhythm.danceability": 1.2187544107437134, "rhythm.onset_rate": 3.706791639328003, "tonal.chords_changes_rate": 0.05226480960845947, "tonal.chords_number_rate": 0.005807200912386179, "tonal.chords_strength.mean": 0.5369718670845032, "tonal.chords_strength.stdev": 0.06960714608430862, "tonal.hpcp_crest.mean": 18.19098472595215, "tonal.hpcp_crest.stdev": 7.553959369659424, "tonal.hpcp_entropy.mean": 1.411831021308899, "tonal.hpcp_entropy.stdev": 0.7160794138908386, "tonal.key_edma.strength": 0.7730949521064758, "tonal.key_krumhansl.strength": 0.7791939973831177, "tonal.key_temperley.strength": 0.7781992554664612, "tonal.tuning_diatonic_strength": 0.5919994711875916, "tonal.tuning_equal_tempered_deviation": 0.03969110548496246, "tonal.tuning_frequency": 440.2542419433594, "tonal.tuning_nontempered_energy_ratio": 0.6083474159240723, "lowlevel.barkbands.mean": [2.53032385444385e-06, 4.896604878013022e-05, 0.0002785729302559048, 0.000991967273876071, 0.0022568569984287024, 0.003278478281572461, 0.0014816158218309283, 0.0009743519476614892, 0.0005748075200244784, 0.0006291549652814865, 0.0006080075982026756, 0.000523842463735491, 0.0004749467771034688, 0.0005635323468595743, 0.00048375962069258094, 0.00048323869123123586, 0.0005671359831467271, 0.0002599873405415565, 0.0003727577568497509, 4.776980131282471e-05, 0.00014892774925101548, 0.00010484780068509281, 0.00011460245150374249, 5.351916479412466e-05, 8.13404840300791e-05, 0.00010450618719914928, 3.3388596420991234e-06], "lowlevel.barkbands.stdev": [4.660184458771255e-06, 0.0001246669125976041, 0.00047997356159612536, 0.0022180296946316957, 0.0027299649082124233, 0.006017358507961035, 0.00396218104287982, 0.0020986192394047976, 0.0024500188883394003, 0.0038438269402831793, 0.0019528897246345878, 0.002231012796983123, 0.001554874237626791, 0.0018275786424055696, 0.0013385810889303684, 0.0012835684465244412, 0.0011748425895348191, 0.0005734796868637204, 0.0006693500326946378, 0.00014975132944528013, 0.0005547805340029299, 0.0004244359734002501, 0.0004261415742803365, 0.00018082513997796923, 0.0002665919018909335, 0.0003707778814714402, 1.2321746908128262e-05], "lowlevel.erbbands.mean": [0.0004973483155481517, 0.01852465607225895, 0.24835430085659027, 1.6618800163269043, 4.183940887451172, 8.537994384765625, 12.088099479675293, 38.0347900390625, 25.137895584106445, 25.05133056640625, 13.047504425048828, 15.308905601501465, 11.772676467895508, 22.00945281982422, 30.051908493041992, 23.12408447265625, 23.130815505981445, 26.903200149536133, 30.188920974731445, 21.934370040893555, 30.54375648498535, 31.459226608276367, 15.192131996154785, 19.96780776977539, 11.916462898254395, 2.5419998168945312, 5.16393518447876, 5.554934024810791, 3.9194791316986084, 3.1683349609375, 3.24397349357605, 1.5813411474227905, 0.7804684042930603, 0.6080233454704285, 0.7475518584251404, 0.510708212852478, 0.18152152001857758, 0.024296589195728302, 0.0005474903737194836, 3.7294241337804124e-05], "lowlevel.erbbands.stdev": [0.0009823348373174667, 0.03734875097870827, 0.38800081610679626, 3.20082950592041, 8.349944114685059, 10.861878395080566, 16.665678024291992, 73.01353454589844, 62.383392333984375, 51.49625015258789, 32.003265380859375, 69.74227142333984, 41.81547164916992, 141.00372314453125, 94.5763168334961, 99.18997192382812, 75.08499908447266, 82.0046157836914, 83.73252868652344, 59.83634567260742, 73.49319458007812, 62.585601806640625, 31.666221618652344, 38.47827911376953, 22.21766471862793, 7.031089782714844, 19.671810150146484, 21.322965621948242, 16.1815128326416, 12.215848922729492, 12.12124252319336, 5.507624626159668, 2.6425371170043945, 2.0834391117095947, 2.564718723297119, 1.8656740188598633, 0.6478258967399597, 0.08604657649993896, 0.0018737229984253645, 6.546411168528721e-05], "lowlevel.gfcc.mean": [-74.72907257080078, 91.39800262451172, -116.25701904296875, 1.1190491914749146, -64.34042358398438, -15.211331367492676, -64.46675109863281, -5.915724277496338, -42.701663970947266, -3.5214126110076904, -17.170867919921875, 10.553473472595215, -18.83376693725586], "lowlevel.melbands.mean": [8.51119420985924e-06, 0.00010199966345680878, 0.00039540225407108665, 0.0004088635614607483, 0.0004799730668310076, 0.0007672306965105236, 0.0003656903572846204, 0.0002691211993806064, 9.27846776903607e-05, 9.50677422224544e-05, 5.971562859485857e-05, 9.161400521406904e-05, 8.548887853976339e-05, 6.50625879643485e-05, 5.7186876802006736e-05, 4.989304579794407e-05, 5.0544844270916656e-05, 5.0252885557711124e-05, 3.3634616556810215e-05, 2.9266224373714067e-05, 3.6863468267256394e-05, 3.7127083487575874e-05, 1.663664443185553e-05, 1.1802541848737746e-05, 1.6913461877265945e-05, 1.355013682768913e-05, 2.751961801550351e-06, 1.2769318118444062e-06, 2.6069346859003417e-06, 4.089915364602348e-06, 2.9814118533977307e-06, 2.317472535651177e-06, 1.7955571820493788e-06, 1.765184492796834e-06, 1.941529717441881e-06, 1.5643713595636655e-06, 7.419454846058215e-07, 5.38304675501422e-07, 4.6366463379854395e-07, 5.180206699151313e-07], "lowlevel.melbands.stdev": [2.139695789082907e-05, 0.0001493677991675213, 0.0007929641287773848, 0.0004921565414406359, 0.0006208526319824159, 0.0014368875417858362, 0.0008957320242188871, 0.0005522858700715005, 0.000259273627307266, 0.00044853397412225604, 0.00022807822097092867, 0.0006186992395669222, 0.00028117746114730835, 0.000206494951271452, 0.00023463011893909425, 0.00016943119408097118, 0.00016463991778437048, 0.00015230014105327427, 9.548261732561514e-05, 8.657075522933155e-05, 8.899693784769624e-05, 7.78920148150064e-05, 3.7103502108948305e-05, 2.6236923076794483e-05, 3.364685471751727e-05, 2.576676160970237e-05, 6.379082606144948e-06, 4.701045327237807e-06, 1.0691317584132776e-05, 1.576114482304547e-05, 1.1742619790311437e-05, 9.687036254035775e-06, 7.63501702749636e-06, 6.787226993765216e-06, 7.478763109247666e-06, 5.88811099078157e-06, 2.558165306254523e-06, 1.8334233118366683e-06, 1.6748805364841246e-06, 1.84028419880633e-06], "lowlevel.melbands128.mean": [9.690377282822737e-07, 1.173510554508539e-06, 7.112519597285427e-06, 3.052715692319907e-05, 8.473874186165631e-05, 0.00015363881539087743, 0.0002550919889472425, 0.0006185111124068499, 0.00040964112849906087, 0.00022663392883259803, 0.000510629266500473, 0.0006796082016080618, 0.0002928702160716057, 0.00040419763536192477, 0.0011627560015767813, 0.0007402391056530178, 0.0003827864129561931, 0.0003636257315520197, 0.00023830456484574825, 0.000294116442091763, 0.0003143739013466984, 9.346600563731045e-05, 7.335111149586737e-05, 6.0511021729325876e-05, 0.0001152479017036967, 0.00011404598626540974, 3.690157609526068e-05, 3.711261524586007e-05, 7.990207814145833e-05, 0.00014868323341943324, 7.262751023517922e-05, 3.2631982321618125e-05, 6.734496128046885e-05, 0.00017238968575838953, 4.7287750930991024e-05, 3.0294091629912145e-05, 8.53589444886893e-05, 5.8680856454884633e-05, 4.0401253500021994e-05, 5.376677290769294e-05, 5.475047146319412e-05, 4.000870103482157e-05, 5.073950160294771e-05, 5.298434552969411e-05, 5.7009725423995405e-05, 4.6684614062542096e-05, 5.008229709346779e-05, 3.2805070077301934e-05, 2.969380329886917e-05, 2.3632710508536547e-05, 2.7649914045468904e-05, 3.6022476706421e-05, 3.733183621079661e-05, 3.431480945437215e-05, 4.224619624437764e-05, 4.533953688223846e-05, 2.4868211767170578e-05, 1.8542044927016832e-05, 1.3936879440734629e-05, 1.1864739462907892e-05, 1.0644998837960884e-05, 1.1608655768213794e-05, 1.675852035987191e-05, 1.7316318917437457e-05, 1.97756162378937e-05, 1.659059853409417e-05, 8.002274626051076e-06, 3.4743884498311672e-06, 1.7641128806644701e-06, 1.2090284826626885e-06, 1.1632134828687413e-06, 1.2794153008144349e-06, 1.694984575806302e-06, 2.6018144581030356e-06, 4.109856945433421e-06, 4.386545242596185e-06, 4.214899490762036e-06, 2.8761558041878743e-06, 3.0387789138330845e-06, 2.7526264148036717e-06, 2.5463648398726946e-06, 2.1112161903147353e-06, 1.8063240077026421e-06, 1.9304288798593916e-06, 1.5332228713305085e-06, 1.6681108263583155e-06, 1.8288890260009794e-06, 2.009544004977215e-06, 1.960807821888011e-06, 1.8955871610160102e-06, 1.8818017224475625e-06, 1.5406767488457263e-06, 8.884771887096576e-07, 7.162800557125593e-07, 6.640288461312593e-07, 5.365658921618888e-07, 5.008890298086044e-07, 5.633564796880819e-07, 4.584935311413574e-07, 3.904305856394785e-07, 4.7412115122824616e-07, 5.011446546632214e-07, 6.335868647511234e-07, 7.238543844323431e-07, 9.107405389841006e-07, 9.408495316165499e-07, 9.994754464059952e-07, 8.881077064870624e-07, 9.399660143571964e-07, 9.288708042731741e-07, 7.140010893635917e-07, 5.432348189060576e-07, 6.2905928643886e-07, 5.292342848406406e-07, 4.0845930016075727e-07, 2.327686416947472e-07, 1.2135494387166545e-07, 3.3226786655404794e-08, 1.369566793307797e-09, 6.921649451513412e-12, 5.224024338112976e-12, 3.186921863559955e-12, 2.483296988181616e-12, 2.4115403684382697e-12, 2.2353568648880717e-12, 1.964455291145195e-12, 1.8129178713799377e-12, 1.7818946188366547e-12], "lowlevel.melbands128.stdev": [1.6248224028458935e-06, 2.1759756236860994e-06, 2.134063652192708e-05, 7.799411832820624e-05, 0.00015812451601959765, 0.0002706384111661464, 0.0005021195393055677, 0.001446035224944353, 0.0009211759897880256, 0.0003868368803523481, 0.0006997808814048767, 0.001071724109351635, 0.0006122387130744755, 0.0008183650206774473, 0.0023881851229816675, 0.001788612804375589, 0.0012481712037697434, 0.0013332321541383862, 0.000780231726821512, 0.0007719809655100107, 0.0007416863809339702, 0.000255418912274763, 0.0003931712999474257, 0.0002626162313390523, 0.00067456642864272, 0.0006437866250053048, 0.00018617240129970014, 0.00016771418449934572, 0.0004488592385314405, 0.0011670507956296206, 0.000609521463047713, 0.00019658089149743319, 0.0003463204193394631, 0.0005752079305239022, 0.00022369928774423897, 0.0001532996684545651, 0.000552749668713659, 0.00028858036966994405, 0.00019326360779814422, 0.0002821331436280161, 0.00021143772755749524, 0.0001951313897734508, 0.00021346041467040777, 0.00022708422329742461, 0.00026431240257807076, 0.0001805364154279232, 0.00019535959290806204, 0.00011862207611557096, 0.00012102421896997839, 8.644675835967064e-05, 9.772036719368771e-05, 0.0001248887274414301, 0.00010944385576294735, 9.272585157305002e-05, 0.00011349709529895335, 0.00010722351726144552, 6.569553079316393e-05, 4.8982168664224446e-05, 3.568843021639623e-05, 3.153032957925461e-05, 2.616765232232865e-05, 2.9812963475706056e-05, 4.320945299696177e-05, 3.671622107503936e-05, 4.154850103077479e-05, 3.57988101313822e-05, 1.9057377357967198e-05, 9.240172403224278e-06, 5.337391939974623e-06, 3.956597083742963e-06, 4.683432052843273e-06, 5.543166935240151e-06, 7.47875492379535e-06, 1.2064347174600698e-05, 1.7266713257413357e-05, 1.7494552594143897e-05, 1.8563854609965347e-05, 1.3379889423958957e-05, 1.256924315384822e-05, 1.1765721865231171e-05, 1.031059400702361e-05, 1.0670869414752815e-05, 9.197792678605765e-06, 8.681712643010542e-06, 6.0069464780099224e-06, 7.0315104494511615e-06, 7.6234846346778795e-06, 8.442089892923832e-06, 8.249882739619352e-06, 7.653480679437052e-06, 7.73672763898503e-06, 6.12688245382742e-06, 3.373644176463131e-06, 2.603935854494921e-06, 2.385815150773851e-06, 1.9958251868956722e-06, 1.8075380694426713e-06, 2.3072575459082145e-06, 1.745017016219208e-06, 1.6147797623489168e-06, 1.979316948563792e-06, 1.9813148810499115e-06, 2.522100203350419e-06, 2.7809767288999865e-06, 3.4602239793457557e-06, 3.5623013445729157e-06, 3.5858058708981844e-06, 3.3380999866494676e-06, 3.871239641739521e-06, 3.85580824513454e-06, 2.8095394100091653e-06, 1.9526878531905822e-06, 2.3744139525661012e-06, 2.1098178422107594e-06, 1.6036258330132114e-06, 9.35337993723806e-07, 4.371992190499441e-07, 1.7781033534447488e-07, 1.6896221310958026e-08, 8.200917722689383e-11, 6.977730893087397e-11, 2.2395429261079514e-11, 4.5740004665784095e-12, 4.482391888216419e-12, 4.408547311929301e-12, 4.351604580149493e-12, 4.31093268721261e-12, 4.2856699092319595e-12], "lowlevel.mfcc.mean": [-729.2009887695312, 141.80494689941406, -8.988061904907227, 13.477811813354492, 0.9869109392166138, -12.40157699584961, -19.06340980529785, -8.519556045532227, -27.15558624267578, -20.941850662231445, -13.406797409057617, -8.571243286132812, 2.597952365875244], "lowlevel.spectral_contrast_coeffs.mean": [-0.5886634588241577, -0.6443823575973511, -0.723777174949646, -0.7781776785850525, -0.7391710877418518, -0.7653862237930298], "lowlevel.spectral_contrast_coeffs.stdev": [0.07584507763385773, 0.07110603153705597, 0.06349681317806244, 0.06873054802417755, 0.10128986090421677, 0.05619335174560547], "lowlevel.spectral_contrast_valleys.mean": [-8.106046676635742, -7.6106719970703125, -8.38424301147461, -8.42261028289795, -8.745469093322754, -11.575396537780762], "lowlevel.spectral_contrast_valleys.stdev": [0.8756150007247925, 1.0416688919067383, 1.0311118364334106, 1.1395243406295776, 1.065920352935791, 1.3009544610977173], "rhythm.beats_loudness_band_ratio.mean": [0.19322828948497772, 0.33910560607910156, 0.16892769932746887, 0.09905261546373367, 0.1070311889052391, 0.14227792620658875], "rhythm.beats_loudness_band_ratio.stdev": [0.20852036774158478, 0.20767070353031158, 0.16737322509288788, 0.1262744516134262, 0.14226064085960388, 0.24530597031116486], "tonal.hpcp.mean": [0.1259196698665619, 0.08147547394037247, 0.07945485413074493, 0.12772297859191895, 0.0940985456109047, 0.04362085461616516, 0.03930201008915901, 0.044896628707647324, 0.29320666193962097, 0.5074572563171387, 0.2680012881755829, 0.04780038073658943, 0.040981683880090714, 0.041284844279289246, 0.05661886930465698, 0.06995482742786407, 0.059634048491716385, 0.054452624171972275, 0.04581868276000023, 0.032817915081977844, 0.04777046665549278, 0.06053617224097252, 0.058322466909885406, 0.3089291453361511, 0.5445903539657593, 0.30608975887298584, 0.0684770792722702, 0.04932687059044838, 0.041899174451828, 0.06969376653432846, 0.09530917555093765, 0.06657815724611282, 0.0502588152885437, 0.06255032867193222, 0.06568664312362671, 0.10016284137964249], "tonal.hpcp.stdev": [0.2203451246023178, 0.16793422400951385, 0.1715746819972992, 0.27016791701316833, 0.19858099520206451, 0.1313876509666443, 0.13225668668746948, 0.14217767119407654, 0.24132783710956573, 0.3786415755748749, 0.21963143348693848, 0.14262625575065613, 0.11160413175821304, 0.11010131239891052, 0.14572909474372864, 0.16911958158016205, 0.13860271871089935, 0.1228095069527626, 0.11046699434518814, 0.0870562419295311, 0.13466747105121613, 0.17351742088794708, 0.1480865776538849, 0.2680433392524719, 0.41140761971473694, 0.2691301703453064, 0.1853327751159668, 0.16079027950763702, 0.13423921167850494, 0.15666280686855316, 0.18462170660495758, 0.13543058931827545, 0.13296262919902802, 0.1603262573480606, 0.16584855318069458, 0.1689131259918213], "rhythm.beats_position": [0.7198185920715332, 1.4512470960617065, 2.18267560005188, 2.902494192123413, 3.633922815322876, 4.36535120010376, 5.061950206756592, 5.758548736572266, 6.466757297515869, 7.174965858459473, 7.894784450531006, 8.626213073730469, 9.357641220092773, 10.077460289001465, 10.76244831085205, 11.459047317504883, 12.085986137390137, 12.71292495727539, 13.339863777160645, 13.978412628173828, 14.605351448059082, 15.255510330200195, 15.905668258666992, 16.706756591796875, 17.4846248626709, 18.250883102416992, 19.01714324951172, 19.783401489257812, 20.538049697875977, 21.29269790649414, 22.047346115112305, 22.825214385986328, 23.579862594604492, 24.26485252380371, 24.949840545654297, 25.634828567504883, 26.3198184967041, 27.004806518554688, 27.701404571533203, 28.386394500732422, 29.071382522583008, 29.756370544433594, 30.441360473632812, 31.1263484954834, 31.811336517333984, 32.48471450805664, 33.18131637573242, 33.866302490234375, 34.551292419433594, 35.23628234863281, 35.921268463134766, 36.606258392333984, 37.2912483215332, 37.976234436035156, 38.661224365234375, 39.346214294433594], "rhythm.bpm_histogram": [0.0, 0.0, 0.0, 0.0, 0.0, 0.0, 0.0, 0.0, 0.0, 0.0, 0.0, 0.0, 0.0, 0.0, 0.0, 0.0, 0.0, 0.0, 0.0, 0.0, 0.0, 0.0, 0.0, 0.0, 0.0, 0.0, 0.0, 0.0, 0.0, 0.0, 0.0, 0.0, 0.0, 0.0, 0.0, 0.0, 0.0, 0.0, 0.0, 0.0, 0.0, 0.0, 0.0, 0.0, 0.0, 0.0, 0.0, 0.0, 0.0, 0.0, 0.0, 0.0, 0.0, 0.0, 0.0, 0.0, 0.0, 0.0, 0.0, 0.0, 0.0, 0.0, 0.0, 0.0, 0.0, 0.0, 0.0, 0.0, 0.0, 0.0, 0.0, 0.0, 0.0, 0.0, 0.0, 0.0181818176060915, 0.0, 0.036363635212183, 0.05454545468091965, 0.0, 0.072727270424366, 0.0, 0.1090909093618393, 0.05454545468091965, 0.0, 0.036363635212183, 0.09090909361839294, 0.0, 0.38181817531585693, 0.0181818176060915, 0.0, 0.0, 0.036363635212183, 0.0, 0.0181818176060915, 0.0, 0.072727270424366, 0.0, 0.0, 0.0, 0.0, 0.0, 0.0, 0.0, 0.0, 0.0, 0.0, 0.0, 0.0, 0.0, 0.0, 0.0, 0.0, 0.0, 0.0, 0.0, 0.0, 0.0, 0.0, 0.0, 0.0, 0.0, 0.0, 0.0, 0.0, 0.0, 0.0, 0.0, 0.0, 0.0, 0.0, 0.0, 0.0, 0.0, 0.0, 0.0, 0.0, 0.0, 0.0, 0.0, 0.0, 0.0, 0.0, 0.0, 0.0, 0.0, 0.0, 0.0, 0.0, 0.0, 0.0, 0.0, 0.0, 0.0, 0.0, 0.0, 0.0, 0.0, 0.0, 0.0, 0.0, 0.0, 0.0, 0.0, 0.0, 0.0, 0.0, 0.0, 0.0, 0.0, 0.0, 0.0, 0.0, 0.0, 0.0, 0.0, 0.0, 0.0, 0.0, 0.0, 0.0, 0.0, 0.0, 0.0, 0.0, 0.0, 0.0, 0.0, 0.0, 0.0, 0.0, 0.0, 0.0, 0.0, 0.0, 0.0, 0.0, 0.0, 0.0, 0.0, 0.0, 0.0, 0.0, 0.0, 0.0, 0.0, 0.0, 0.0, 0.0, 0.0, 0.0, 0.0, 0.0, 0.0, 0.0, 0.0, 0.0, 0.0, 0.0, 0.0, 0.0, 0.0, 0.0, 0.0, 0.0, 0.0, 0.0, 0.0, 0.0, 0.0, 0.0, 0.0, 0.0, 0.0, 0.0, 0.0, 0.0, 0.0, 0.0, 0.0, 0.0, 0.0, 0.0, 0.0, 0.0, 0.0, 0.0, 0.0, 0.0, 0.0], "tonal.chords_histogram": [47.619049072265625, 1.393728256225586, 8.594656944274902, 0.0, 0.0, 0.0, 0.0, 0.0, 0.0, 0.0, 0.0, 0.0, 0.0, 0.0, 0.0, 0.4645760655403137, 0.0, 33.21718978881836, 0.0, 0.0, 0.0, 0.0, 7.781649112701416, 0.9291521310806274], "tonal.thpcp": [1.0, 0.5620550513267517, 0.12574052810668945, 0.09057609736919403, 0.07693704962730408, 0.12797465920448303, 0.1750107705593109, 0.1222536489367485, 0.09228737652301788, 0.11485757678747177, 0.120616614818573, 0.18392327427864075, 0.23121905326843262, 0.14960873126983643, 0.14589838683605194, 0.23453037440776825, 0.17278775572776794, 0.0800984725356102, 0.0721680223941803, 0.08244109898805618, 0.5383985638618469, 0.9318146109580994, 0.4921153783798218, 0.08777309209108353, 0.07525231689214706, 0.07580898702144623, 0.10396597534418106, 0.1284540295600891, 0.10950257629156113, 0.09998822957277298, 0.08413421362638474, 0.06026165187358856, 0.087718166410923, 0.11115910112857819, 0.10709419846534729, 0.5672688484191895], "lowlevel.gfcc.cov": [[8026.15380859375, -2443.73583984375, -809.1806030273438, 501.19464111328125, 64.55472564697266, -251.91128540039062, -227.8646240234375, 695.5601196289062, 177.98866271972656, 154.96438598632812, -249.44203186035156, -48.93512725830078, -589.3014526367188], [-2443.73583984375, 2578.161376953125, -598.495361328125, -514.3123779296875, 464.9217224121094, -136.58241271972656, 54.05293273925781, -14.065624237060547, 112.44204711914062, -306.7940368652344, 204.05062866210938, -126.36914825439453, 109.38014221191406], [-809.1806030273438, -598.495361328125, 1108.046875, 285.1722717285156, -347.4451599121094, 293.5999450683594, 144.54751586914062, -250.86375427246094, -111.78219604492188, 152.2740936279297, -59.48213577270508, 135.3477325439453, 130.48345947265625], [501.19464111328125, -514.3123779296875, 285.1722717285156, 596.5306396484375, -96.55095672607422, 33.95687484741211, 49.3022346496582, -76.05541229248047, -5.979108810424805, 0.8826829791069031, -80.11541748046875, 42.15976333618164, 47.548988342285156], [64.55472564697266, 464.9217224121094, -347.4451599121094, -96.55095672607422, 464.9305114746094, -84.35781860351562, -197.8114776611328, 121.53067779541016, 92.51410675048828, -46.9072265625, 27.784025192260742, -21.504196166992188, -38.8962287902832], [-251.91128540039062, -136.58241271972656, 293.5999450683594, 33.95687484741211, -84.35781860351562, 303.49713134765625, 120.14993286132812, -148.1248779296875, -29.48659324645996, 104.9223861694336, -18.936159133911133, -10.067499160766602, 42.62115478515625], [-227.8646240234375, 54.05293273925781, 144.54751586914062, 49.3022346496582, -197.8114776611328, 120.14993286132812, 406.0803527832031, 9.308655738830566, -92.40543365478516, -33.262813568115234, 6.256468772888184, -12.547508239746094, 19.35462188720703], [695.5601196289062, -14.065624237060547, -250.86375427246094, -76.05541229248047, 121.53067779541016, -148.1248779296875, 9.308655738830566, 370.8905029296875, 49.60895538330078, -79.6913833618164, 11.950606346130371, 1.7608827352523804, -76.5611343383789], [177.98866271972656, 112.44204711914062, -111.78219604492188, -5.979108810424805, 92.51410675048828, -29.48659324645996, -92.40543365478516, 49.60895538330078, 142.4936065673828, 22.084413528442383, -14.607396125793457, -27.301937103271484, -5.158419132232666], [154.96438598632812, -306.7940368652344, 152.2740936279297, 0.8826829791069031, -46.9072265625, 104.9223861694336, -33.262813568115234, -79.6913833618164, 22.084413528442383, 214.4538116455078, 3.6394662857055664, -13.201360702514648, -8.6017427444458], [-249.44203186035156, 204.05062866210938, -59.48213577270508, -80.11541748046875, 27.784025192260742, -18.936159133911133, 6.256468772888184, 11.950606346130371, -14.607396125793457, 3.6394662857055664, 114.94253540039062, 16.48736572265625, 1.4262351989746094], [-48.93512725830078, -126.36914825439453, 135.3477325439453, 42.15976333618164, -21.504196166992188, -10.067499160766602, -12.547508239746094, 1.7608827352523804, -27.301937103271484, -13.201360702514648, 16.48736572265625, 126.5732650756836, 32.82857894897461], [-589.3014526367188, 109.38014221191406, 130.48345947265625, 47.548988342285156, -38.8962287902832, 42.62115478515625, 19.35462188720703, -76.5611343383789, -5.158419132232666, -8.6017427444458, 1.4262351989746094, 32.82857894897461, 135.27099609375]], "lowlevel.gfcc.icov": [[0.0004268868360668421, 0.00028223556000739336, 0.000496477703563869, -0.00040204080869443715, 0.0001546575513202697, -0.0003022755263373256, 9.482144378125668e-05, -0.0004709602508228272, -0.0002823562826961279, -0.0001856087619671598, 0.00036751810694113374, -0.0003761019615922123, 0.0012183296494185925], [0.00028223556000739336, 0.001982050482183695, -0.0001181835905299522, 0.001105298986658454, -0.0019246878800913692, 0.0008715203148312867, -0.0016692773206159472, 0.0015161524061113596, -0.002486679470166564, 0.002534092403948307, -0.0022724149748682976, 0.0016014877473935485, -0.0006771223270334303], [0.000496477703563869, -0.0001181835905299522, 0.0030043183360248804, -0.0013676605885848403, 0.0016596673522144556, -0.0021106507629156113, 0.0007702813018113375, -0.0009558260790072381, 0.001023214077576995, -0.0017731126863509417, 0.0017909168964251876, -0.0029229868669062853, 0.0009490142110735178], [-0.00040204080869443715, 0.001105298986658454, -0.0013676605885848403, 0.003614741610363126, -0.0018428703770041466, 0.0017404715763404965, -0.00189200509339571, 0.0022666114382445812, -0.002033652737736702, 0.0023354270961135626, -0.0009203326771967113, 0.0013519495259970427, -0.0023687349166721106], [0.0001546575513202697, -0.0019246878800913692, 0.0016596673522144556, -0.0018428703770041466, 0.006330415606498718, -0.0029112803749740124, 0.004012560937553644, -0.0032602206338196993, 0.001726158196106553, -0.0020919081289321184, 0.0020398215856403112, -0.0023881886154413223, 0.002086000982671976], [-0.0003022755263373256, 0.0008715203148312867, -0.0021106507629156113, 0.0017404715763404965, -0.0029112803749740124, 0.008142792619764805, -0.0038960976526141167, 0.0034533285070210695, -0.001624547061510384, -0.0007470587734133005, -0.0006801140843890607, 0.0023713011760264635, -0.0021659366320818663], [9.482144378125668e-05, -0.0016692773206159472, 0.0007702813018113375, -0.00189200509339571, 0.004012560937553644, -0.0038960976526141167, 0.006664566230028868, -0.0037066484801471233, 0.004170193336904049, -0.0009841443970799446, 0.001266138395294547, -0.0004184941644780338, 0.001199454884044826], [-0.0004709602508228272, 0.0015161524061113596, -0.0009558260790072381, 0.0022666114382445812, -0.0032602206338196993, 0.0034533285070210695, -0.0037066484801471233, 0.007178530562669039, -0.003974666353315115, 0.0033455968368798494, -0.002541324822232127, 0.0008576415712013841, -0.0007048345869407058], [-0.0002823562826961279, -0.002486679470166564, 0.001023214077576995, -0.002033652737736702, 0.001726158196106553, -0.001624547061510384, 0.004170193336904049, -0.003974666353315115, 0.013869322836399078, -0.005290680099278688, 0.004390010144561529, -0.00021444898447953165, -0.0011313346913084388], [-0.0001856087619671598, 0.002534092403948307, -0.0017731126863509417, 0.0023354270961135626, -0.0020919081289321184, -0.0007470587734133005, -0.0009841443970799446, 0.0033455968368798494, -0.005290680099278688, 0.011530833318829536, -0.0057054185308516026, 0.00399809330701828, -0.0006786477169953287], [0.00036751810694113374, -0.0022724149748682976, 0.0017909168964251876, -0.0009203326771967113, 0.0020398215856403112, -0.0006801140843890607, 0.001266138395294547, -0.002541324822232127, 0.004390010144561529, -0.0057054185308516026, 0.014898479916155338, -0.005436798557639122, 0.0021828089375048876], [-0.0003761019615922123, 0.0016014877473935485, -0.0029229868669062853, 0.0013519495259970427, -0.0023881886154413223, 0.0023713011760264635, -0.0004184941644780338, 0.0008576415712013841, -0.00021444898447953165, 0.00399809330701828, -0.005436798557639122, 0.014025122858583927, -0.004578028339892626], [0.0012183296494185925, -0.0006771223270334303, 0.0009490142110735178, -0.0023687349166721106, 0.002086000982671976, -0.0021659366320818663, 0.001199454884044826, -0.0007048345869407058, -0.0011313346913084388, -0.0006786477169953287, 0.0021828089375048876, -0.004578028339892626, 0.014878321439027786]], "lowlevel.mfcc.cov": [[8527.1171875, -2150.64306640625, -1087.0576171875, 369.7642517089844, 132.77981567382812, -548.1174926757812, -330.53857421875, 418.6642761230469, -14.924310684204102, 450.6479187011719, 529.79052734375, -137.02734375, -276.2161560058594], [-2150.64306640625, 2519.955322265625, -883.1845703125, -334.57879638671875, 262.74456787109375, -268.2780456542969, 4.558043479919434, 163.5987548828125, -93.49372100830078, -64.91023254394531, 111.67229461669922, -60.13479232788086, 31.347156524658203], [-1087.0576171875, -883.1845703125, 1452.242919921875, 104.85015869140625, -377.07086181640625, 504.7536315917969, 209.88589477539062, -221.35057067871094, 138.85531616210938, -130.30609130859375, -252.86148071289062, 154.88954162597656, 84.6383056640625], [369.7642517089844, -334.57879638671875, 104.85015869140625, 447.9038391113281, 15.783279418945312, -2.969090223312378, -41.8902702331543, 91.9489974975586, 15.109281539916992, 6.664462089538574, -110.60209655761719, -17.028160095214844, 45.62590026855469], [132.77981567382812, 262.74456787109375, -377.07086181640625, 15.783279418945312, 531.7142944335938, -102.62550354003906, -203.75894165039062, -2.697103500366211, -47.09074401855469, 40.260738372802734, 17.03936004638672, -49.46944808959961, 64.45386505126953], [-548.1174926757812, -268.2780456542969, 504.7536315917969, -2.969090223312378, -102.62550354003906, 542.173828125, 93.41836547851562, -240.5891571044922, 70.53709411621094, -46.69973373413086, -106.20845031738281, 95.81687927246094, 17.909765243530273], [-330.53857421875, 4.558043479919434, 209.88589477539062, -41.8902702331543, -203.75894165039062, 93.41836547851562, 320.1783752441406, 42.44025421142578, 47.650760650634766, -30.661239624023438, 21.675140380859375, 60.11744689941406, -38.768611907958984], [418.6642761230469, 163.5987548828125, -221.35057067871094, 91.9489974975586, -2.697103500366211, -240.5891571044922, 42.44025421142578, 335.80816650390625, 5.058722496032715, 4.4522624015808105, 32.671974182128906, -50.83926010131836, -13.494473457336426], [-14.924310684204102, -93.49372100830078, 138.85531616210938, 15.109281539916992, -47.09074401855469, 70.53709411621094, 47.650760650634766, 5.058722496032715, 165.58750915527344, 32.461910247802734, -30.667409896850586, 15.71129322052002, -10.744877815246582], [450.6479187011719, -64.91023254394531, -130.30609130859375, 6.664462089538574, 40.260738372802734, -46.69973373413086, -30.661239624023438, 4.4522624015808105, 32.461910247802734, 177.318359375, 77.05413055419922, -23.458202362060547, -39.73754119873047], [529.79052734375, 111.67229461669922, -252.86148071289062, -110.60209655761719, 17.03936004638672, -106.20845031738281, 21.675140380859375, 32.671974182128906, -30.667409896850586, 77.05413055419922, 218.73915100097656, 1.957552433013916, -61.298492431640625], [-137.02734375, -60.13479232788086, 154.88954162597656, -17.028160095214844, -49.46944808959961, 95.81687927246094, 60.11744689941406, -50.83926010131836, 15.71129322052002, -23.458202362060547, 1.957552433013916, 126.81999969482422, 28.653472900390625], [-276.2161560058594, 31.347156524658203, 84.6383056640625, 45.62590026855469, 64.45386505126953, 17.909765243530273, -38.768611907958984, -13.494473457336426, -10.744877815246582, -39.73754119873047, -61.298492431640625, 28.653472900390625, 130.99014282226562]], "lowlevel.mfcc.icov": [[0.00036836700746789575, 0.00046695006312802434, 0.0003889834915753454, -0.00010600316454656422, 4.509896825766191e-05, -0.00013553442840930074, 0.0003348400932736695, -0.0004831419500987977, -0.00011566302418941632, -0.00010961169027723372, -0.0006975073483772576, -0.0001327585196122527, 0.00015616777818650007], [0.00046695006312802434, 0.0012392295757308602, 0.0009618331678211689, 0.0003610966959968209, -5.579022035817616e-05, -0.0002571451186668128, 9.853969822870567e-05, -0.0008126136381179094, -0.00016985608090180904, 0.00017438577197026461, -0.0006437391275539994, -0.00010519833449507132, -0.0002903735439758748], [0.0003889834915753454, 0.0009618331678211689, 0.0023891236633062363, -2.2748749870515894e-06, 0.0007993914186954498, -0.0008583870367147028, -0.0002894541248679161, -0.00011800225911429152, -0.0007326866034418344, 0.00031956672319211066, 0.0004170991014689207, -0.0006320594111457467, -0.0009563685744069517], [-0.00010600316454656422, 0.0003610966959968209, -2.2748749870515894e-06, 0.0034979633055627346, -0.00012610977864824235, -0.00032870876020751894, 0.00017379940254613757, -0.0014929650351405144, 0.0004822057671844959, -0.0008820837829262018, 0.0020537558011710644, -3.038038448721636e-05, -0.0007825454231351614], [4.509896825766191e-05, -5.579022035817616e-05, 0.0007993914186954498, -0.00012610977864824235, 0.0031747377943247557, -0.00032908341381698847, 0.0013326348271220922, 0.00014822879165876657, -0.00012214556045364588, -0.0003867673221975565, -0.0001500630023656413, 0.0002806514676194638, -0.0017305643996223807], [-0.00013553442840930074, -0.0002571451186668128, -0.0008583870367147028, -0.00032870876020751894, -0.00032908341381698847, 0.004206206649541855, -0.0010719678830355406, 0.0027466900646686554, -0.0007788690272718668, 0.00026775203878059983, 0.0010769367218017578, -0.0009983362397179008, 0.0007370809325948358], [0.0003348400932736695, 9.853969822870567e-05, -0.0002894541248679161, 0.00017379940254613757, 0.0013326348271220922, -0.0010719678830355406, 0.005890598986297846, -0.002223687246441841, -0.0006551877595484257, 0.00046237747301347554, -0.0018265331164002419, -0.0016938213957473636, 0.0014164462918415666], [-0.0004831419500987977, -0.0008126136381179094, -0.00011800225911429152, -0.0014929650351405144, 0.00014822879165876657, 0.0027466900646686554, -0.002223687246441841, 0.006667799316346645, -0.001203302526846528, 0.0010750540532171726, 0.000566562230233103, 0.001178486505523324, -0.0004129934823140502], [-0.00011566302418941632, -0.00016985608090180904, -0.0007326866034418344, 0.0004822057671844959, -0.00012214556045364588, -0.0007788690272718668, -0.0006551877595484257, -0.001203302526846528, 0.008063300512731075, -0.002828438300639391, 0.00200377288274467, -0.000616767443716526, 0.0008269098470918834], [-0.00010961169027723372, 0.00017438577197026461, 0.00031956672319211066, -0.0008820837829262018, -0.0003867673221975565, 0.00026775203878059983, 0.00046237747301347554, 0.0010750540532171726, -0.002828438300639391, 0.00870651938021183, -0.003164003137499094, 0.0011174895334988832, 0.0009133316925726831], [-0.0006975073483772576, -0.0006437391275539994, 0.0004170991014689207, 0.0020537558011710644, -0.0001500630023656413, 0.0010769367218017578, -0.0018265331164002419, 0.000566562230233103, 0.00200377288274467, -0.003164003137499094, 0.010690637864172459, -0.002498828573152423, 0.0018966925563290715], [-0.0001327585196122527, -0.00010519833449507132, -0.0006320594111457467, -3.038038448721636e-05, 0.0002806514676194638, -0.0009983362397179008, -0.0016938213957473636, 0.001178486505523324, -0.000616767443716526, 0.0011174895334988832, -0.002498828573152423, 0.01174936443567276, -0.0036683545913547277], [0.00015616777818650007, -0.0002903735439758748, -0.0009563685744069517, -0.0007825454231351614, -0.0017305643996223807, 0.0007370809325948358, 0.0014164462918415666, -0.0004129934823140502, 0.0008269098470918834, 0.0009133316925726831, 0.0018966925563290715, -0.0036683545913547277, 0.012085821479558945]], "metadata.audio_properties.analysis.downmix": "mix", "metadata.audio_properties.codec": "mp3", "metadata.audio_properties.md5_encoded": "b107a0a30330e7483a5839a8340609cc", "metadata.tags.file_name": "1183698212066959420.mp3", "metadata.version.essentia": "2.1-beta6-dev", "metadata.version.essentia_git_sha": "v2.1_beta5-1110-g77a6a954", "metadata.version.extractor": "music 2.0", "tonal.chords_key": "F", "tonal.chords_scale": "major", "tonal.key_edma.key": "F", "tonal.key_edma.scale": "major", "tonal.key_krumhansl.key": "F", "tonal.key_krumhansl.