{"song_id": "1183710244359122994", "download": "https://cdn.discordapp.com/attachments/1128313332273782784/1183710244359122994/chirp.mp4?ex=65895312&amp", "lyrics": "(Verse 1)\n\u4f60\u7ba1\u4ed6\u4e09\u4e03\u4e8c\u5341\u4e00 \n\u4f60\u575a\u6301\u5929\u5929\u53d1\u6296\u97f3 \n\u4f60\u4e0d\u7528\u7ba1\u4ed6\u706b\u4e0d\u706b \n\u4f60\u53d1\u4e86\u4ee5\u540e\u770b\u7ed3\u679c \n(Pre-Chorus)\n\u4f60\u8fd9\u4e2a\u65f6\u4ee3\u5df2\u7ecf\u4e0d\u5c5e\u4e8e80\u540e90\u540e \n\u4e5f\u4e0d\u5c5e\u4e8e00\u540e \n\u90a3\u4ed6\u5988\u7684\u5c5e\u4e8e\u8138\u76ae\u539a\u5144\u5f1f\u4eec", "style": ["Christmas"], "essentia_features": {"lowlevel.average_loudness": 0.8795815110206604, "lowlevel.barkbands_crest.mean": 11.981813430786133, "lowlevel.barkbands_crest.stdev": 6.167304039001465, "lowlevel.barkbands_flatness_db.mean": 0.16022184491157532, "lowlevel.barkbands_flatness_db.stdev": 0.07689838111400604, "lowlevel.barkbands_kurtosis.mean": 18.096851348876953, "lowlevel.barkbands_kurtosis.stdev": 29.17937469482422, "lowlevel.barkbands_skewness.mean": 2.919738292694092, "lowlevel.barkbands_skewness.stdev": 2.8635473251342773, "lowlevel.barkbands_spread.mean": 22.621559143066406, "lowlevel.barkbands_spread.stdev": 19.43918228149414, "lowlevel.dissonance.mean": 0.47707313299179077, "lowlevel.dissonance.stdev": 0.025007110089063644, "lowlevel.dynamic_complexity": 4.414063453674316, "lowlevel.erbbands_crest.mean": 7.249984264373779, "lowlevel.erbbands_crest.stdev": 4.4964070320129395, "lowlevel.erbbands_flatness_db.mean": 0.11838936060667038, "lowlevel.erbbands_flatness_db.stdev": 0.05492488667368889, "lowlevel.erbbands_kurtosis.mean": 0.21573007106781006, "lowlevel.erbbands_kurtosis.stdev": 1.888919711112976, "lowlevel.erbbands_skewness.mean": 0.23393970727920532, "lowlevel.erbbands_skewness.stdev": 0.8695597648620605, "lowlevel.erbbands_spread.mean": 65.33189392089844, "lowlevel.erbbands_spread.stdev": 32.76531982421875, "lowlevel.hfc.mean": 21.171875, "lowlevel.hfc.stdev": 30.850311279296875, "lowlevel.loudness_ebu128.integrated": -18.39666748046875, "lowlevel.loudness_ebu128.loudness_range": 5.44938850402832, "lowlevel.loudness_ebu128.momentary.mean": -19.88983726501465, "lowlevel.loudness_ebu128.momentary.stdev": 5.061188220977783, "lowlevel.loudness_ebu128.short_term.mean": -18.96468162536621, "lowlevel.loudness_ebu128.short_term.stdev": 2.053640127182007, "lowlevel.melbands_crest.mean": 17.83526611328125, "lowlevel.melbands_crest.stdev": 8.681243896484375, "lowlevel.melbands_flatness_db.mean": 0.22123005986213684, "lowlevel.melbands_flatness_db.stdev": 0.10683663934469223, "lowlevel.melbands_kurtosis.mean": 88.94318389892578, "lowlevel.melbands_kurtosis.stdev": 161.37814331054688, "lowlevel.melbands_skewness.mean": 5.904325008392334, "lowlevel.melbands_skewness.stdev": 5.64294958114624, "lowlevel.melbands_spread.mean": 27.1854248046875, "lowlevel.melbands_spread.stdev": 39.966712951660156, "lowlevel.pitch_salience.mean": 0.5159866213798523, "lowlevel.pitch_salience.stdev": 0.20567968487739563, "lowlevel.silence_rate_20dB.mean": 1.0, "lowlevel.silence_rate_20dB.stdev": 0.0, "lowlevel.silence_rate_30dB.mean": 0.9774044156074524, "lowlevel.silence_rate_30dB.stdev": 0.14861074090003967, "lowlevel.silence_rate_60dB.mean": 0.16106605529785156, "lowlevel.silence_rate_60dB.stdev": 0.3675895631313324, "lowlevel.spectral_centroid.mean": 1408.0885009765625, "lowlevel.spectral_centroid.stdev": 1091.031494140625, "lowlevel.spectral_complexity.mean": 14.043453216552734, "lowlevel.spectral_complexity.stdev": 13.188385963439941, "lowlevel.spectral_decrease.mean": -7.968189663642988e-09, "lowlevel.spectral_decrease.stdev": 7.3958328350443026e-09, "lowlevel.spectral_energy.mean": 0.03199412301182747, "lowlevel.spectral_energy.stdev": 0.029167290776968002, "lowlevel.spectral_energyband_high.mean": 0.001589125720784068, "lowlevel.spectral_energyband_high.stdev": 0.0031313342042267323, "lowlevel.spectral_energyband_low.mean": 0.018790721893310547, "lowlevel.spectral_energyband_low.stdev": 0.02321496233344078, "lowlevel.spectral_energyband_middle_high.mean": 0.002583632944151759, "lowlevel.spectral_energyband_middle_high.stdev": 0.004505826160311699, "lowlevel.spectral_energyband_middle_low.mean": 0.011644754558801651, "lowlevel.spectral_energyband_middle_low.stdev": 0.013022211380302906, "lowlevel.spectral_entropy.mean": 7.895935535430908, "lowlevel.spectral_entropy.stdev": 0.5627637505531311, "lowlevel.spectral_flux.mean": 0.08066218346357346, "lowlevel.spectral_flux.stdev": 0.07044249027967453, "lowlevel.spectral_kurtosis.mean": 3.462531566619873, "lowlevel.spectral_kurtosis.stdev": 6.087204933166504, "lowlevel.spectral_rms.mean": 0.004928758833557367, "lowlevel.spectral_rms.stdev": 0.0026308137457817793, "lowlevel.spectral_rolloff.mean": 2062.934326171875, "lowlevel.spectral_rolloff.stdev": 3189.462890625, "lowlevel.spectral_skewness.mean": 1.4657174348831177, "lowlevel.spectral_skewness.stdev": 0.7753347754478455, "lowlevel.spectral_spread.mean": 6988660.0, "lowlevel.spectral_spread.stdev": 2036197.5, "lowlevel.spectral_strongpeak.mean": 0.5073468685150146, "lowlevel.spectral_strongpeak.stdev": 0.49622246623039246, "lowlevel.zerocrossingrate.mean": 0.0858246237039566, "lowlevel.zerocrossingrate.stdev": 0.0835018903017044, "metadata.audio_properties.analysis.equal_loudness": 0.0, "metadata.audio_properties.analysis.length": 40.04265213012695, "metadata.audio_properties.analysis.sample_rate": 44100.0, "metadata.audio_properties.analysis.start_time": 0.0, "metadata.audio_properties.bit_rate": 116431.0, "metadata.audio_properties.length": 40.042667388916016, "metadata.audio_properties.lossless": 0.0, "metadata.audio_properties.number_channels": 1.0, "metadata.audio_properties.replay_gain": -8.641435623168945, "metadata.audio_properties.sample_rate": 48000.0, "rhythm.beats_count": 86.0, "rhythm.beats_loudness.mean": 0.04433238133788109, "rhythm.beats_loudness.stdev": 0.03393502160906792, "rhythm.bpm": 131.9862518310547, "rhythm.bpm_histogram_first_peak_bpm": 133.0, "rhythm.bpm_histogram_first_peak_weight": 0.3731343150138855, "rhythm.bpm_histogram_second_peak_bpm": 126.0, "rhythm.bpm_histogram_second_peak_spread": 0.3333333730697632, "rhythm.bpm_histogram_second_peak_weight": 0.1411764770746231, "rhythm.danceability": 1.2828398942947388, "rhythm.onset_rate": 3.7449049949645996, "tonal.chords_changes_rate": 0.06828703731298447, "tonal.chords_number_rate": 0.012731481343507767, "tonal.chords_strength.mean": 0.5038430094718933, "tonal.chords_strength.stdev": 0.1029774397611618, "tonal.hpcp_crest.mean": 11.585003852844238, "tonal.hpcp_crest.stdev": 5.579493999481201, "tonal.hpcp_entropy.mean": 2.372950315475464, "tonal.hpcp_entropy.stdev": 0.8285362124443054, "tonal.key_edma.strength": 0.604701042175293, "tonal.key_krumhansl.strength": 0.5971400737762451, "tonal.key_temperley.strength": 0.587007462978363, "tonal.tuning_diatonic_strength": 0.51691734790802, "tonal.tuning_equal_tempered_deviation": 0.1730235517024994, "tonal.tuning_frequency": 434.193115234375, "tonal.tuning_nontempered_energy_ratio": 0.8716351985931396, "lowlevel.barkbands.mean": [0.0006461864686571062, 0.010586176998913288, 0.005002832505851984, 0.004141766577959061, 0.004183091688901186, 0.0013330624205991626, 0.0010002697817981243, 0.000502770533785224, 0.00037223263643682003, 0.0003389440826140344, 0.0003512667608447373, 0.0002445844584144652, 0.0002491664490662515, 0.00022448609524872154, 0.00022823268955107778, 0.00021954224212095141, 0.00025459585594944656, 0.00023640651488676667, 0.00019294912635814399, 0.0002115605166181922, 0.00021943567844573408, 0.00028194839251227677, 0.00032686148188076913, 0.00027389993192628026, 0.00025574926985427737, 0.0001138197912951, 2.317231292181532e-06], "lowlevel.barkbands.stdev": [0.0010593971237540245, 0.01653624139726162, 0.012418771162629128, 0.006250504404306412, 0.006653789896517992, 0.0018356790533289313, 0.00423172814771533, 0.0010532218730077147, 0.0011345413513481617, 0.0006628130213357508, 0.0013986165868118405, 0.000594976416323334, 0.0005768378614448011, 0.0005039297975599766, 0.0006014469545334578, 0.0004977642092853785, 0.0006494845147244632, 0.0005187852657400072, 0.00044005809468217194, 0.0004889846895821393, 0.0005729104159399867, 0.0010464001679793, 0.0006455661496147513, 0.0004611714102793485, 0.00043563489452935755, 0.00021050362556707114, 1.1144821655761916e-05], "lowlevel.erbbands.mean": [0.36345145106315613, 2.146458387374878, 5.758781909942627, 11.130721092224121, 15.450565338134766, 10.97335147857666, 11.442307472229004, 9.5887451171875, 14.58889102935791, 13.012290954589844, 10.252323150634766, 8.901670455932617, 9.68451976776123, 14.26729965209961, 11.366375923156738, 10.397976875305176, 11.553462028503418, 11.129249572753906, 12.98995304107666, 11.052214622497559, 12.775955200195312, 15.066252708435059, 13.146573066711426, 10.768665313720703, 9.574675559997559, 9.946805953979492, 8.759799003601074, 9.104238510131836, 10.143131256103516, 10.151199340820312, 9.042509078979492, 6.060318946838379, 4.525476932525635, 3.2108705043792725, 1.6070425510406494, 0.7061160206794739, 0.16252127289772034, 0.01595267653465271, 0.00041159207466989756, 5.6381359172519296e-05], "lowlevel.erbbands.stdev": [0.5512823462486267, 3.8744399547576904, 12.238452911376953, 18.19173812866211, 23.687498092651367, 18.19242286682129, 17.66947364807129, 14.337629318237305, 61.52729797363281, 37.6489372253418, 21.64276695251465, 28.781917572021484, 21.0076847076416, 37.126304626464844, 38.338497161865234, 25.441051483154297, 26.546428680419922, 24.044437408447266, 33.76272201538086, 24.74569320678711, 29.169963836669922, 38.59453201293945, 28.43108367919922, 23.370956420898438, 22.747331619262695, 22.780162811279297, 21.24378776550293, 26.225868225097656, 39.159584045410156, 28.048337936401367, 17.00848960876465, 10.088414192199707, 7.901825428009033, 5.623870372772217, 2.7726378440856934, 1.250745415687561, 0.32158955931663513, 0.045273080468177795, 0.0012870060745626688, 6.188834959175438e-05], "lowlevel.gfcc.mean": [-23.521127700805664, 57.80946350097656, -84.7271499633789, 38.03395080566406, -62.0829963684082, 31.20449447631836, -45.6761360168457, 15.058218955993652, -28.37590789794922, 1.838503360748291, -20.634544372558594, 2.0909693241119385, -13.052474021911621], "lowlevel.melbands.mean": [0.0030379677191376686, 0.0029286446515470743, 0.0019927523098886013, 0.0009907864732667804, 0.00038880854845046997, 0.00022799370344728231, 0.00022089936828706414, 0.0001319859002251178, 7.920527423266321e-05, 5.427649011835456e-05, 4.6885095798643306e-05, 5.5977907322812825e-05, 4.2754083551699296e-05, 2.8000655220239423e-05, 2.5644572815508582e-05, 2.457852679071948e-05, 2.000056701945141e-05, 2.1196174202486873e-05, 1.6461057384731248e-05, 1.3958459021523595e-05, 1.5103192708920687e-05, 1.5676523617003113e-05, 1.3462982678902335e-05, 1.0636051229084842e-05, 8.507918209943455e-06, 6.981170827202732e-06, 6.843202754680533e-06, 6.5862473093147855e-06, 5.328022325556958e-06, 5.52689425603603e-06, 5.2041823437321e-06, 5.779322691523703e-06, 5.398304438131163e-06, 5.809332833450753e-06, 5.367145604395773e-06, 4.343587988842046e-06, 3.5312380077812122e-06, 3.2370512599300127e-06, 2.856240826076828e-06, 2.667493845365243e-06], "lowlevel.melbands.stdev": [0.004615864250808954, 0.00516802491620183, 0.002816668478772044, 0.0015614507719874382, 0.0005650264793075621, 0.00033221495687030256, 0.0009165822993963957, 0.00035732315154746175, 0.00017030476010404527, 0.0001901764189824462, 0.00010404861677670851, 0.00014241517055779696, 0.00018397554231341928, 6.576053419848904e-05, 6.657800258835778e-05, 5.6053300795610994e-05, 4.460960553842597e-05, 5.646777572110295e-05, 4.297275154385716e-05, 3.0958140996517614e-05, 3.580298653105274e-05, 4.16153488913551e-05, 3.2477146305609494e-05, 2.3837741537136026e-05, 1.891294596134685e-05, 1.7341228158329614e-05, 1.6046857126639225e-05, 1.6001180483726785e-05, 1.2838735528930556e-05, 1.471234645578079e-05, 1.6446938388980925e-05, 2.2896783775649965e-05, 2.0850187866017222e-05, 1.4618887689721305e-05, 1.0216063856205437e-05, 7.795058081683237e-06, 5.970736765448237e-06, 5.771150426880922e-06, 5.1475849431881215e-06, 4.760944648296572e-06], "lowlevel.melbands128.mean": [0.0006075853016227484, 0.0030551846139132977, 0.0038788188248872757, 0.0033835871145129204, 0.0030941409058868885, 0.002265850082039833, 0.00241902656853199, 0.0017684053163975477, 0.001640431466512382, 0.0011234086705371737, 0.0004364540509413928, 0.0004080816579516977, 0.00044157644151709974, 0.00028748647309839725, 0.0001728253992041573, 0.00023171526845544577, 0.00023804463853593916, 0.00023706635693088174, 0.000177404101123102, 0.00015122626791708171, 0.00010166663560084999, 7.820672180969268e-05, 9.188266994897276e-05, 5.8163030189462006e-05, 5.726244125980884e-05, 5.1874016207875684e-05, 4.656589953810908e-05, 5.252912160358392e-05, 3.9136240957304835e-05, 4.4739252189174294e-05, 7.198794628493488e-05, 5.926753146923147e-05, 4.200954208499752e-05, 2.9401428037090227e-05, 2.718739051488228e-05, 2.898252751037944e-05, 2.7449417757452466e-05, 2.4571178073529154e-05, 2.415950075373985e-05, 2.8141954317106865e-05, 2.395384944975376e-05, 2.1489304344868287e-05, 1.8986265786224976e-05, 1.955710285983514e-05, 2.138532181561459e-05, 2.2633128537563607e-05, 1.9499902919051237e-05, 1.773113035596907e-05, 1.4245205420593265e-05, 1.3826534996042028e-05, 1.4166746950650122e-05, 1.3510193639376666e-05, 1.5712203094153665e-05, 1.5450357750523835e-05, 1.4260363968787715e-05, 1.677302316238638e-05, 1.634847831155639e-05, 1.2999933460378088e-05, 1.3613672308565583e-05, 1.1489926691865548e-05, 1.0698616279114503e-05, 9.788909665076062e-06, 9.065611266123597e-06, 8.268736564787105e-06, 7.406410986732226e-06, 6.7273749664309435e-06, 6.907785063958727e-06, 6.749410658812849e-06, 6.783292064937996e-06, 7.213685876195086e-06, 6.24849690211704e-06, 6.7327096076041926e-06, 6.0378752095857635e-06, 4.742964392789872e-06, 4.725609869637992e-06, 6.347050657495856e-06, 5.3556091188511346e-06, 4.794374490302289e-06, 5.398872872319771e-06, 5.170118583919248e-06, 5.937834885116899e-06, 6.1357613958534785e-06, 5.3977933021087665e-06, 5.338613391359104e-06, 5.139993390912423e-06, 5.962497652944876e-06, 5.983707978884922e-06, 5.744441295973957e-06, 5.210270501265768e-06, 5.302428235154366e-06, 4.875410013482906e-06, 4.12266581406584e-06, 3.3466442346252734e-06, 3.5371442663745256e-06, 3.563132622730336e-06, 3.5047037272306625e-06, 3.037122269233805e-06, 3.1439474241778953e-06, 2.659572146512801e-06, 2.8573415420396486e-06, 2.9830621315340977e-06, 2.5403976451343624e-06, 2.4833486804709537e-06, 2.084464085783111e-06, 1.735497221488913e-06, 1.5077445141287171e-06, 1.4619203057009145e-06, 1.5530150676568155e-06, 1.262963223780389e-06, 1.0133328487427207e-06, 7.779923976158898e-07, 5.532519367079658e-07, 4.906601702714397e-07, 3.6661512581304123e-07, 2.440551725158002e-07, 1.3136214249698241e-07, 7.29197964233208e-08, 2.10986659254786e-08, 2.8170876742450446e-09, 1.729106163805838e-10, 9.557132168991345e-11, 3.798038272773141e-11, 7.979829470816657e-12, 7.692351963739519e-12, 6.649937111385951e-12, 4.9675259565507e-12, 4.070379883841513e-12, 3.91934705176733e-12], "lowlevel.melbands128.stdev": [0.00101663067471236, 0.0047897836193442345, 0.007310342043638229, 0.006783452816307545, 0.006442321930080652, 0.006001199129968882, 0.004264799412339926, 0.0026015015318989754, 0.0031003556214272976, 0.0020459992811083794, 0.0009950004750862718, 0.0006520944298245013, 0.0008209528750739992, 0.0004596591752488166, 0.00031120359199121594, 0.00042732644942589104, 0.0008784449310041964, 0.0014628719072788954, 0.0008611744269728661, 0.00046105965157039464, 0.00027230646810494363, 0.00019821627938654274, 0.00023359038459602743, 0.00014420997467823327, 0.00022866117069497705, 0.0002822543610818684, 0.0001622173876967281, 0.00012226974649820477, 0.00010471518180565909, 0.00011101713607786223, 0.00023747679369989783, 0.0003238361678086221, 0.00028229065355844796, 5.7241017202613875e-05, 6.61788581055589e-05, 8.386543049709871e-05, 7.654918590560555e-05, 8.40697975945659e-05, 6.705809209961444e-05, 7.658296817680821e-05, 6.32025403319858e-05, 5.2660619985545054e-05, 4.790892853634432e-05, 5.1225721108494326e-05, 5.973282168270089e-05, 7.241770799737424e-05, 6.15403478150256e-05, 5.696273728972301e-05, 4.3380485294619575e-05, 3.342441777931526e-05, 3.511290196911432e-05, 3.477545396890491e-05, 4.175574576947838e-05, 3.924592238035984e-05, 3.8068261346779764e-05, 5.245109059615061e-05, 5.564307139138691e-05, 3.542838749126531e-05, 3.608765473472886e-05, 2.8329319320619106e-05, 2.7669177143252455e-05, 2.5578572603990324e-05, 2.326039430045057e-05, 1.9555474864318967e-05, 1.8489618014427833e-05, 1.8884122255258262e-05, 2.053679600066971e-05, 1.9175333363818936e-05, 1.8004519006353803e-05, 1.6388668882427737e-05, 1.625380537007004e-05, 2.0527062588371336e-05, 1.6229270840995014e-05, 1.2352628800726961e-05, 1.3976721675135195e-05, 1.8299782823305577e-05, 1.4942154848540667e-05, 1.5225981769617647e-05, 1.8151326003135182e-05, 1.962015448953025e-05, 2.2960810383665375e-05, 2.7754209440900013e-05, 2.331117502762936e-05, 2.4721843146835454e-05, 1.7010206647682935e-05, 1.756055462465156e-05, 1.6374546248698607e-05, 1.1470942808955442e-05, 1.0629900316416752e-05, 1.1495528269733768e-05, 1.0122904313902836e-05, 7.793191798555199e-06, 6.2221856751421e-06, 6.288254553510342e-06, 6.683132596663199e-06, 6.481914624600904e-06, 6.220040177140618e-06, 6.069975370337488e-06, 5.140523171576206e-06, 5.578188392973971e-06, 5.386038992583053e-06, 4.953074039804051e-06, 4.893170626019128e-06, 3.954321982746478e-06, 3.3028056805051165e-06, 2.863825329768588e-06, 2.6433763196109794e-06, 2.796609805955086e-06, 2.4454755020997254e-06, 2.0833808775932994e-06, 1.4937578498575022e-06, 1.1647922519841813e-06, 1.0852133982552914e-06, 9.5863617843861e-07, 7.500992182940536e-07, 4.7278763304348104e-07, 2.968661192426225e-07, 1.8782668576022843e-07, 4.2174509218284584e-08, 5.917863976634408e-09, 2.8664386420018673e-09, 1.1029116508964876e-09, 1.4322630581542484e-10, 1.3606961390966177e-10, 9.91331808308793e-11, 3.830072370369919e-11, 9.472190393156055e-12, 7.974918468656167e-12], "lowlevel.mfcc.mean": [-672.6129150390625, 89.77165985107422, 31.779747009277344, 13.912169456481934, 14.230840682983398, 9.158061027526855, 2.716796875, 8.037854194641113, 0.7795783877372742, 1.7788910865783691, -4.291100978851318, -0.6389779448509216, -0.6462199091911316], "lowlevel.spectral_contrast_coeffs.mean": [-0.6980246901512146, -0.8053736090660095, -0.8203328847885132, -0.8452510833740234, -0.8339543342590332, -0.8094462752342224], "lowlevel.spectral_contrast_coeffs.stdev": [0.07629098743200302, 0.06201333552598953, 0.04832465201616287, 0.03016258217394352, 0.03229435905814171, 0.03457392007112503], "lowlevel.spectral_contrast_valleys.mean": [-7.004833221435547, -7.125415325164795, -7.620318412780762, -7.854793071746826, -7.833062171936035, -9.622417449951172], "lowlevel.spectral_contrast_valleys.stdev": [1.5043938159942627, 1.1731559038162231, 1.0276135206222534, 1.080008625984192, 1.2668193578720093, 1.3170799016952515], "rhythm.beats_loudness_band_ratio.mean": [0.6132107973098755, 0.16049885749816895, 0.06426206231117249, 0.06570212543010712, 0.045557040721178055, 0.10031809657812119], "rhythm.beats_loudness_band_ratio.stdev": [0.30750444531440735, 0.14821617305278778, 0.07132850587368011, 0.11120103299617767, 0.05229712277650833, 0.16998296976089478], "tonal.hpcp.mean": [0.12059272825717926, 0.10569524019956589, 0.1036594957113266, 0.16001634299755096, 0.1450500339269638, 0.08247705549001694, 0.05790150538086891, 0.04975714534521103, 0.08216950297355652, 0.16971473395824432, 0.18150676786899567, 0.09639804810285568, 0.05328483134508133, 0.05567185953259468, 0.07715832442045212, 0.13089442253112793, 0.13806068897247314, 0.11335906386375427, 0.20500841736793518, 0.19294436275959015, 0.08511769026517868, 0.08321057260036469, 0.0770970806479454, 0.0894642174243927, 0.1519004851579666, 0.15998993813991547, 0.11934938281774521, 0.114873506128788, 0.09747352451086044, 0.082065649330616, 0.19891402125358582, 0.21375539898872375, 0.0985553115606308, 0.13712912797927856, 0.16333748400211334, 0.11872085183858871], "tonal.hpcp.stdev": [0.23294930160045624, 0.21034778654575348, 0.2075253278017044, 0.29674845933914185, 0.27938398718833923, 0.1956864446401596, 0.1456126868724823, 0.12951964139938354, 0.1645825058221817, 0.23835407197475433, 0.2999016046524048, 0.19852334260940552, 0.14959116280078888, 0.15669073164463043, 0.181348517537117, 0.24977436661720276, 0.24703896045684814, 0.20875808596611023, 0.33453619480133057, 0.31158575415611267, 0.18876585364341736, 0.16443701088428497, 0.15170268714427948, 0.1900925189256668, 0.28981590270996094, 0.2961784899234772, 0.21777254343032837, 0.22755512595176697, 0.20664487779140472, 0.17548589408397675, 0.3022255003452301, 0.3244011402130127, 0.15128488838672638, 0.23920288681983948, 0.28027188777923584, 0.20236186683177948], "rhythm.beats_position": [0.4411791265010834, 0.9055781960487366, 1.3583673238754272, 1.8111563920974731, 2.2755556106567383, 2.7515645027160645, 3.2275736331939697, 3.6919727325439453, 4.14476203918457, 4.597550868988037, 5.050340175628662, 5.503129005432129, 5.955918312072754, 6.42031717300415, 6.896326541900635, 7.372335433959961, 7.859954357147217, 8.335963249206543, 8.800362586975098, 9.264761924743652, 9.74077033996582, 10.216779708862305, 10.704399108886719, 11.192017555236816, 11.656416893005371, 12.120816230773926, 12.57360553741455, 13.02639389038086, 13.479183197021484, 13.943582534790039, 14.419591903686523, 14.895600318908691, 15.383219718933105, 15.85922908782959, 16.323627471923828, 16.788026809692383, 17.229206085205078, 17.681995391845703, 18.134784698486328, 18.575963973999023, 19.02875328063965, 19.48154067993164, 19.934329986572266, 20.38711929321289, 20.839908599853516, 21.29269790649414, 21.745487213134766, 22.19827651977539, 22.662675857543945, 23.10385513305664, 23.545034408569336, 23.997821807861328, 24.450611114501953, 24.903400421142578, 25.356189727783203, 25.808979034423828, 26.261768341064453, 26.70294761657715, 27.155736923217773, 27.6085262298584, 28.061315536499023, 28.514102935791016, 28.97850227355957, 29.454511642456055, 29.94213104248047, 30.429750442504883, 30.905759811401367, 31.37015724182129, 31.822946548461914, 32.27573776245117, 32.716915130615234, 33.16970443725586, 33.622493743896484, 34.07528305053711, 34.528072357177734, 34.98086166381836, 35.433650970458984, 35.88644027709961, 36.339229583740234, 36.803627014160156, 37.244808197021484, 37.69759750366211, 38.15038299560547, 38.614784240722656, 39.07918167114258, 39.543582916259766], "rhythm.bpm_histogram": [0.0, 0.0, 0.0, 0.0, 0.0, 0.0, 0.0, 0.0, 0.0, 0.0, 0.0, 0.0, 0.0, 0.0, 0.0, 0.0, 0.0, 0.0, 0.0, 0.0, 0.0, 0.0, 0.0, 0.0, 0.0, 0.0, 0.0, 0.0, 0.0, 0.0, 0.0, 0.0, 0.0, 0.0, 0.0, 0.0, 0.0, 0.0, 0.0, 0.0, 0.0, 0.0, 0.0, 0.0, 0.0, 0.0, 0.0, 0.0, 0.0, 0.0, 0.0, 0.0, 0.0, 0.0, 0.0, 0.0, 0.0, 0.0, 0.0, 0.0, 0.0, 0.0, 0.0, 0.0, 0.0, 0.0, 0.0, 0.0, 0.0, 0.0, 0.0, 0.0, 0.0, 0.0, 0.0, 0.0, 0.0, 0.0, 0.0, 0.0, 0.0, 0.0, 0.0, 0.0, 0.0, 0.0, 0.0, 0.0, 0.0, 0.0, 0.0, 0.0, 0.0, 0.0, 0.0, 0.0, 0.0, 0.0, 0.0, 0.0, 0.0, 0.0, 0.0, 0.0, 0.0, 0.0, 0.0, 0.0, 0.0, 0.0, 0.0, 0.0, 0.0, 0.0, 0.0, 0.0, 0.0, 0.0, 0.0, 0.0, 0.0, 0.0, 0.0, 0.07058823853731155, 0.0, 0.0, 0.1411764770746231, 0.0, 0.0, 0.21176470816135406, 0.0, 0.0, 0.0, 0.4941176474094391, 0.0, 0.0, 0.08235294371843338, 0.0, 0.0, 0.0, 0.0, 0.0, 0.0, 0.0, 0.0, 0.0, 0.0, 0.0, 0.0, 0.0, 0.0, 0.0, 0.0, 0.0, 0.0, 0.0, 0.0, 0.0, 0.0, 0.0, 0.0, 0.0, 0.0, 0.0, 0.0, 0.0, 0.0, 0.0, 0.0, 0.0, 0.0, 0.0, 0.0, 0.0, 0.0, 0.0, 0.0, 0.0, 0.0, 0.0, 0.0, 0.0, 0.0, 0.0, 0.0, 0.0, 0.0, 0.0, 0.0, 0.0, 0.0, 0.0, 0.0, 0.0, 0.0, 0.0, 0.0, 0.0, 0.0, 0.0, 0.0, 0.0, 0.0, 0.0, 0.0, 0.0, 0.0, 0.0, 0.0, 0.0, 0.0, 0.0, 0.0, 0.0, 0.0, 0.0, 0.0, 0.0, 0.0, 0.0, 0.0, 0.0, 0.0, 0.0, 0.0, 0.0, 0.0, 0.0, 0.0, 0.0, 0.0, 0.0, 0.0, 0.0, 0.0, 0.0, 0.0, 0.0, 0.0, 0.0, 0.0, 0.0, 0.0, 0.0, 0.0, 0.0, 0.0, 0.0, 0.0, 0.0], "tonal.chords_histogram": [3.935185194015503, 0.46296295523643494, 0.0, 0.0, 0.0, 0.0, 0.0, 0.0, 0.0, 0.0, 0.0, 7.638888835906982, 0.0, 5.902777671813965, 34.14352035522461, 15.162036895751953, 0.0, 12.037036895751953, 3.7037036418914795, 1.3888888359069824, 6.597222328186035, 6.712963104248047, 2.314814805984497, 0.0], "tonal.thpcp": [1.0, 0.4610658288002014, 0.6415235996246338, 0.7641326785087585, 0.5554051399230957, 0.5641622543334961, 0.49446815252304077, 0.4849444627761841, 0.7485955357551575, 0.6785795092582703, 0.3858478367328644, 0.2708773910999298, 0.23277609050273895, 0.38440901041030884, 0.7939670085906982, 0.8491330146789551, 0.45097362995147705, 0.2492794692516327, 0.26044657826423645, 0.3609654903411865, 0.6123561263084412, 0.6458816528320312, 0.5303214192390442, 0.9590795040130615, 0.9026408791542053, 0.3982013463973999, 0.38927939534187317, 0.3606790006160736, 0.4185354709625244, 0.7106276154518127, 0.7484720349311829, 0.5583455562591553, 0.537406325340271, 0.4560049772262573, 0.38392317295074463, 0.9305683970451355], "lowlevel.gfcc.cov": [[13280.4228515625, -573.219482421875, 400.0326843261719, 1294.0430908203125, -19.3856201171875, -275.31060791015625, -512.7676391601562, 72.02198791503906, -356.6753234863281, 416.1350402832031, -37.56719970703125, 187.4543914794922, -527.4096069335938], [-573.219482421875, 2960.142333984375, 170.6891632080078, -489.8996276855469, 0.0630766749382019, -371.1049499511719, -236.6316680908203, -366.44573974609375, 143.00601196289062, -315.2020263671875, 45.864749908447266, -224.27609252929688, 253.0405731201172], [400.0326843261719, 170.6891632080078, 1034.70556640625, 549.03271484375, 228.33775329589844, 184.4755859375, 110.48629760742188, 156.38796997070312, 51.636287689208984, 156.6957244873047, 40.89657974243164, 70.36548614501953, -27.25014305114746], [1294.0430908203125, -489.8996276855469, 549.03271484375, 650.6061401367188, 228.63397216796875, 197.47129821777344, 106.30308532714844, 193.3971710205078, 12.610618591308594, 187.50918579101562, 44.899871826171875, 98.76701354980469, -92.9395751953125], [-19.3856201171875, 0.0630766749382019, 228.33775329589844, 228.63397216796875, 323.4333801269531, 225.52279663085938, 180.34332275390625, 148.46058654785156, 112.08904266357422, 88.0007095336914, 76.16514587402344, 56.43547821044922, 25.879718780517578], [-275.31060791015625, -371.1049499511719, 184.4755859375, 197.47129821777344, 225.52279663085938, 355.8035888671875, 272.10650634765625, 209.7470703125, 113.69058227539062, 114.06472778320312, 79.59371948242188, 83.5403823852539, 49.00930404663086], [-512.7676391601562, -236.6316680908203, 110.48629760742188, 106.30308532714844, 180.34332275390625, 272.10650634765625, 289.54156494140625, 188.52403259277344, 130.16690063476562, 86.18842315673828, 80.81719970703125, 70.8066177368164, 67.88854217529297], [72.02198791503906, -366.44573974609375, 156.38796997070312, 193.3971710205078, 148.46058654785156, 209.7470703125, 188.52403259277344, 227.55723571777344, 101.07544708251953, 123.9054183959961, 69.22504425048828, 89.83075714111328, 12.276211738586426], [-356.6753234863281, 143.00601196289062, 51.636287689208984, 12.610618591308594, 112.08904266357422, 113.69058227539062, 130.16690063476562, 101.07544708251953, 150.77117919921875, 53.39417266845703, 80.71541595458984, 33.02369689941406, 79.6263427734375], [416.1350402832031, -315.2020263671875, 156.6957244873047, 187.50918579101562, 88.0007095336914, 114.06472778320312, 86.18842315673828, 123.9054183959961, 53.39417266845703, 152.15135192871094, 65.25743865966797, 81.31493377685547, -17.99094581604004], [-37.56719970703125, 45.864749908447266, 40.89657974243164, 44.899871826171875, 76.16514587402344, 79.59371948242188, 80.81719970703125, 69.22504425048828, 80.71541595458984, 65.25743865966797, 97.92815399169922, 53.83436584472656, 49.44928741455078], [187.4543914794922, -224.27609252929688, 70.36548614501953, 98.76701354980469, 56.43547821044922, 83.5403823852539, 70.8066177368164, 89.83075714111328, 33.02369689941406, 81.31493377685547, 53.83436584472656, 91.85808563232422, 16.91474723815918], [-527.4096069335938, 253.0405731201172, -27.25014305114746, -92.9395751953125, 25.879718780517578, 49.00930404663086, 67.88854217529297, 12.276211738586426, 79.6263427734375, -17.99094581604004, 49.44928741455078, 16.91474723815918, 123.30217742919922]], "lowlevel.gfcc.icov": [[0.000186115998076275, -0.000362851977115497, 0.000473806110676378, -0.0006814906955696642, 0.00033734855242073536, -0.00027088698698207736, 0.00022576205083169043, -0.00024613772984594107, 0.00046313562779687345, -0.0008268136880360544, 0.0005734942969866097, -0.0006545436335727572, 0.0005089086480438709], [-0.000362851977115497, 0.0024448076728731394, -0.0023134888615459204, 0.0022417439613491297, -0.0021927172783762217, 0.0023053281474858522, 0.000522189773619175, 0.0015530867967754602, -0.0027653041761368513, 0.004100785590708256, -0.004139345604926348, 0.003697385312989354, -0.002752102678641677], [0.000473806110676378, -0.0023134888615459204, 0.004237929359078407, -0.0042633237317204475, 0.0018498896388337016, -0.0019896887242794037, -0.00018929473299067467, -0.0011335421586409211, 0.0023485904093831778, -0.004953203722834587, 0.004890555050224066, -0.0029186145402491093, 0.001316805835813284], [-0.0006814906955696642, 0.0022417439613491297, -0.0042633237317204475, 0.00843218807131052, -0.0041588302701711655, 0.001370484591461718, 0.0008869903977029026, -0.0007477278122678399, 2.9337094019865617e-05, 0.0020099179819226265, -0.0043326267041265965, 0.0032844054512679577, -0.0006263375980779529], [0.00033734855242073536, -0.0021927172783762217, 0.0018498896388337016, -0.0041588302701711655, 0.010003741830587387, -0.005762688349932432, -0.0007726750336587429, 0.00044358926243148744, -0.002892192918807268, -0.0003954073472414166, 0.0018350800964981318, -0.004423798527568579, 0.005470006261020899], [-0.00027088698698207736, 0.0023053281474858522, -0.0019896887242794037, 0.001370484591461718, -0.005762688349932432, 0.016502855345606804, -0.009058377705514431, -0.002366403117775917, 0.002817557891830802, 0.0003287331201136112, -0.003089556936174631, 0.005810714792460203, -0.0067529319785535336], [0.00022576205083169043, 0.000522189773619175, -0.00018929473299067467, 0.0008869903977029026, -0.0007726750336587429, -0.009058377705514431, 0.01827174238860607, -0.005181168206036091, -0.004106346517801285, 0.0024127098731696606, -0.0013845297507941723, 0.00017045634740497917, -0.0017252112738788128], [-0.00024613772984594107, 0.0015530867967754602, -0.0011335421586409211, -0.0007477278122678399, 0.00044358926243148744, -0.002366403117775917, -0.005181168206036091, 0.022028837352991104, -0.012959526851773262, 0.0012644340749830008, 0.0019813457038253546, -0.008309646509587765, 0.005351589061319828], [0.00046313562779687345, -0.0027653041761368513, 0.0023485904093831778, 2.9337094019865617e-05, -0.002892192918807268, 0.002817557891830802, -0.004106346517801285, -0.012959526851773262, 0.03321734070777893, -0.013355553150177002, -0.0057203518226742744, 0.010850734077394009, -0.011358857154846191], [-0.0008268136880360544, 0.004100785590708256, -0.004953203722834587, 0.0020099179819226265, -0.0003954073472414166, 0.0003287331201136112, 0.0024127098731696606, 0.0012644340749830008, -0.013355553150177002, 0.03333744779229164, -0.014989670366048813, -0.007114923093467951, 0.007442663889378309], [0.0005734942969866097, -0.004139345604926348, 0.004890555050224066, -0.0043326267041265965, 0.0018350800964981318, -0.003089556936174631, -0.0013845297507941723, 0.0019813457038253546, -0.0057203518226742744, -0.014989670366048813, 0.03699244558811188, -0.01572231575846672, -0.001000941265374422], [-0.0006545436335727572, 0.003697385312989354, -0.0029186145402491093, 0.0032844054512679577, -0.004423798527568579, 0.005810714792460203, 0.00017045634740497917, -0.008309646509587765, 0.010850734077394009, -0.007114923093467951, -0.01572231575846672, 0.04001975432038307, -0.01643451303243637], [0.0005089086480438709, -0.002752102678641677, 0.001316805835813284, -0.0006263375980779529, 0.005470006261020899, -0.0067529319785535336, -0.0017252112738788128, 0.005351589061319828, -0.011358857154846191, 0.007442663889378309, -0.001000941265374422, -0.01643451303243637, 0.02878403291106224]], "lowlevel.mfcc.cov": [[11964.0517578125, -523.8572998046875, 155.66586303710938, 1010.9968872070312, 310.8800048828125, -26.42800521850586, -116.14929962158203, -247.6270294189453, -419.58917236328125, -163.82130432128906, 250.19789123535156, 161.9815216064453, 78.44891357421875], [-523.8572998046875, 2598.37890625, 118.9594497680664, -156.20956420898438, 32.601497650146484, -158.6052703857422, -336.1791687011719, -208.83961486816406, -79.77481079101562, -115.29695892333984, -230.23362731933594, -156.67977905273438, -146.87973022460938], [155.66586303710938, 118.9594497680664, 759.988037109375, 381.58013916015625, 206.64279174804688, 127.61502075195312, 114.14866638183594, 50.541160583496094, 58.75828170776367, 65.98948669433594, 93.37823486328125, 54.45663833618164, 55.95777893066406], [1010.9968872070312, -156.20956420898438, 381.58013916015625, 445.77886962890625, 221.74073791503906, 100.1558609008789, 88.7820816040039, 37.96770477294922, 2.7550337314605713, 37.447349548339844, 117.54712677001953, 70.31340026855469, 59.53453063964844], [310.8800048828125, 32.601497650146484, 206.64279174804688, 221.74073791503906, 245.71307373046875, 131.57241821289062, 110.46338653564453, 86.81583404541016, 57.37049865722656, 72.43740844726562, 93.1529769897461, 67.84193420410156, 53.90057373046875], [-26.42800521850586, -158.6052703857422, 127.61502075195312, 100.1558609008789, 131.57241821289062, 185.95111083984375, 160.9299774169922, 116.80895233154297, 94.05890655517578, 87.06645202636719, 86.60153198242188, 62.81109619140625, 55.966854095458984], [-116.14929962158203, -336.1791687011719, 114.14866638183594, 88.7820816040039, 110.46338653564453, 160.9299774169922, 221.98501586914062, 165.88021850585938, 115.77493286132812, 109.17778778076172, 107.27684783935547, 82.64472198486328, 75.2640380859375], [-247.6270294189453, -208.83961486816406, 50.541160583496094, 37.96770477294922, 86.81583404541016, 116.80895233154297, 165.88021850585938, 185.4989471435547, 128.6956024169922, 105.16070556640625, 86.76908874511719, 70.5118408203125, 65.92610168457031], [-419.58917236328125, -79.77481079101562, 58.75828170776367, 2.7550337314605713, 57.37049865722656, 94.05890655517578, 115.77493286132812, 128.6956024169922, 143.85865783691406, 98.51673889160156, 57.2053108215332, 48.94895935058594, 47.516117095947266], [-163.82130432128906, -115.29695892333984, 65.98948669433594, 37.447349548339844, 72.43740844726562, 87.06645202636719, 109.17778778076172, 105.16070556640625, 98.51673889160156, 119.79296112060547, 86.30743408203125, 60.97901153564453, 51.97666931152344], [250.19789123535156, -230.23362731933594, 93.37823486328125, 117.54712677001953, 93.1529769897461, 86.60153198242188, 107.27684783935547, 86.76908874511719, 57.2053108215332, 86.30743408203125, 134.9749755859375, 85.89130401611328, 65.82614135742188], [161.9815216064453, -156.67977905273438, 54.45663833618164, 70.31340026855469, 67.84193420410156, 62.81109619140625, 82.64472198486328, 70.5118408203125, 48.94895935058594, 60.97901153564453, 85.89130401611328, 88.82081604003906, 62.31682586669922], [78.44891357421875, -146.87973022460938, 55.95777893066406, 59.53453063964844, 53.90057373046875, 55.966854095458984, 75.2640380859375, 65.92610168457031, 47.516117095947266, 51.97666931152344, 65.82614135742188, 62.31682586669922, 79.92835998535156]], "lowlevel.mfcc.icov": [[0.00013586581917479634, -1.729499490465969e-05, 0.00017364071391057223, -0.0004503736854530871, 0.00011964057921431959, -9.165085066342726e-05, 6.428687629522756e-05, 2.3541098926216364e-05, 0.0003683108661789447, 4.177097071078606e-05, -0.00012947682989761233, -0.00023931940086185932, -5.949895012236084e-07], [-1.729499490465969e-05, 0.000720175274182111, -0.00045726815005764365, 0.0007776175625622272, -0.0012106646317988634, -0.00011726492084562778, 0.001646689954213798, -0.00018228526460006833, -0.0002756068133749068, -0.0003187276015523821, 0.0008234377019107342, -6.612397555727512e-05, 0.0003241264494135976], [0.00017364071391057223, -0.00045726815005764365, 0.003123354399576783, -0.003446160815656185, 0.0008906867587938905, -0.0002145843900507316, -0.0017654654802754521, 0.0018219234189018607, -0.0011566224275156856, -0.0004426326195243746, 0.00024517864221706986, 0.0003652643645182252, -0.0004324799811001867], [-0.0004503736854530871, 0.0007776175625622272, -0.003446160815656185, 0.009848601184785366, -0.006414351984858513, 0.001371826627291739, 0.0006102594779804349, 0.00020458587096072733, 0.0005354423774406314, 0.002949139103293419, -0.003951938357204199, 0.001760734710842371, -0.0007846227381378412], [0.00011964057921431959, -0.0012106646317988634, 0.0008906867587938905, -0.006414351984858513, 0.013782561756670475, -0.006271505728363991, 0.0008795562316663563, -0.002922802697867155, 0.0022736028768122196, -0.002601893153041601, 0.0006440226570703089, -0.0028921528719365597, 0.0005563301965594292], [-9.165085066342726e-05, -0.00011726492084562778, -0.0002145843900507316, 0.001371826627291739, -0.006271505728363991, 0.019770823419094086, -0.01329129934310913, 0.004844438750296831, -0.005241125822067261, 0.0013880976475775242, -0.0021532627288252115, 0.0022613757755607367, 0.00013161837705411017], [6.428687629522756e-05, 0.001646689954213798, -0.0017654654802754521, 0.0006102594779804349, 0.0008795562316663563, -0.01329129934310913, 0.02900581806898117, -0.015582515858113766, 0.0036938986741006374, -0.003045222256332636, 0.0006146223749965429, -0.0024995729327201843, -0.0007755275000818074], [2.3541098926216364e-05, -0.00018228526460006833, 0.0018219234189018607, 0.00020458587096072733, -0.002922802697867155, 0.004844438750296831, -0.015582515858113766, 0.02827622927725315, -0.014554277993738651, 0.0006585531518794596, -0.0020625803153961897, 0.00029733486007899046, -0.0021657035686075687], [0.0003683108661789447, -0.0002756068133749068, -0.0011566224275156856, 0.0005354423774406314, 0.0022736028768122196, -0.005241125822067261, 0.0036938986741006374, -0.014554277993738651, 0.029586680233478546, -0.014564919285476208, 0.006170585751533508, -0.0021157630253583193, -0.0013437836896628141], [4.177097071078606e-05, -0.0003187276015523821, -0.0004426326195243746, 0.002949139103293419, -0.002601893153041601, 0.0013880976475775242, -0.003045222256332636, 0.0006585531518794596, -0.014564919285476208, 0.03275390341877937, -0.0154047142714262, 0.0013304000021889806, -0.00039793545147404075], [-0.00012947682989761233, 0.0008234377019107342, 0.00024517864221706986, -0.003951938357204199, 0.0006440226570703089, -0.0021532627288252115, 0.0006146223749965429, -0.0020625803153961897, 0.006170585751533508, -0.0154047142714262, 0.03244761377573013, -0.01717725396156311, -0.000372933252947405], [-0.00023931940086185932, -6.612397555727512e-05, 0.0003652643645182252, 0.001760734710842371, -0.0028921528719365597, 0.0022613757755607367, -0.0024995729327201843, 0.00029733486007899046, -0.0021157630253583193, 0.0013304000021889806, -0.01717725396156311, 0.04107394069433212, -0.016462886705994606], [-5.949895012236084e-07, 0.0003241264494135976, -0.0004324799811001867, -0.0007846227381378412, 0.0005563301965594292, 0.00013161837705411017, -0.0007755275000818074, -0.0021657035686075687, -0.0013437836896628141, -0.00039793545147404075, -0.000372933252947405, -0.016462886705994606, 0.03024406172335148]], "metadata.audio_properties.analysis.downmix": "mix", "metadata.audio_properties.codec": "mp3", "metadata.audio_properties.md5_encoded": "e6217984af4b04a40481db00fde3621a", 