{"song_id": "1183701127590588476", "download": "https://cdn.discordapp.com/attachments/1128313332273782784/1183701127590588476/chirp.mp4?ex=65894a94&amp", "lyrics": "Fakirlik yolda\u015f\u0131m, her an yan\u0131mda,\nZenginlere selam, gelin bir bak\u0131n da.\n\nParam yok cebimde, ama d\u00fc\u015flerim zengin,\nSizin l\u00fcks hayat\u0131n\u0131z, beni g\u00fcl\u00fcn\u00e7 bulur belki de.\n\nAlt\u0131n ka\u015f\u0131kla do\u011fdunuz, benim ka\u015f\u0131\u011f\u0131m yok,\nAma y\u00fcre\u011fim zengin, vicdan\u0131m p\u0131r\u0131l p\u0131r\u0131l parl\u0131yor.\n\nKre\u015fte de\u011fil sokakta b\u00fcy\u00fcd\u00fcm ben,\nZengin sofras\u0131nda yer bulamam, sadece a\u00e7 kal\u0131r\u0131m.", "style": ["rap"], "essentia_features": {"lowlevel.average_loudness": 0.7598457336425781, "lowlevel.barkbands_crest.mean": 12.792110443115234, "lowlevel.barkbands_crest.stdev": 4.301177501678467, "lowlevel.barkbands_flatness_db.mean": 0.35378164052963257, "lowlevel.barkbands_flatness_db.stdev": 0.1488903909921646, "lowlevel.barkbands_kurtosis.mean": 17.79391098022461, "lowlevel.barkbands_kurtosis.stdev": 34.75424575805664, "lowlevel.barkbands_skewness.mean": 2.363635540008545, "lowlevel.barkbands_skewness.stdev": 2.0867719650268555, "lowlevel.barkbands_spread.mean": 9.321497917175293, "lowlevel.barkbands_spread.stdev": 14.742395401000977, "lowlevel.dissonance.mean": 0.40412190556526184, "lowlevel.dissonance.stdev": 0.08995170891284943, "lowlevel.dynamic_complexity": 4.2622480392456055, "lowlevel.erbbands_crest.mean": 14.42093276977539, "lowlevel.erbbands_crest.stdev": 5.775693893432617, "lowlevel.erbbands_flatness_db.mean": 0.2702304720878601, "lowlevel.erbbands_flatness_db.stdev": 0.1042158454656601, "lowlevel.erbbands_kurtosis.mean": 4.778627395629883, "lowlevel.erbbands_kurtosis.stdev": 10.730613708496094, "lowlevel.erbbands_skewness.mean": 0.8239489793777466, "lowlevel.erbbands_skewness.stdev": 1.6535941362380981, "lowlevel.erbbands_spread.mean": 26.055749893188477, "lowlevel.erbbands_spread.stdev": 22.895427703857422, "lowlevel.hfc.mean": 12.748525619506836, "lowlevel.hfc.stdev": 17.07370376586914, "lowlevel.loudness_ebu128.integrated": -16.49781608581543, "lowlevel.loudness_ebu128.loudness_range": 5.675080299377441, "lowlevel.loudness_ebu128.momentary.mean": -17.822940826416016, "lowlevel.loudness_ebu128.momentary.stdev": 3.6339187622070312, "lowlevel.loudness_ebu128.short_term.mean": -17.141714096069336, "lowlevel.loudness_ebu128.short_term.stdev": 2.3262646198272705, "lowlevel.melbands_crest.mean": 18.180015563964844, "lowlevel.melbands_crest.stdev": 6.355381965637207, "lowlevel.melbands_flatness_db.mean": 0.4655109643936157, "lowlevel.melbands_flatness_db.stdev": 0.175259068608284, "lowlevel.melbands_kurtosis.mean": 47.185264587402344, "lowlevel.melbands_kurtosis.stdev": 112.4150619506836, "lowlevel.melbands_skewness.mean": 3.781097173690796, "lowlevel.melbands_skewness.stdev": 3.5093789100646973, "lowlevel.melbands_spread.mean": 8.712895393371582, "lowlevel.melbands_spread.stdev": 14.626224517822266, "lowlevel.pitch_salience.mean": 0.4775814116001129, "lowlevel.pitch_salience.stdev": 0.1414189636707306, "lowlevel.silence_rate_20dB.mean": 0.9834254384040833, "lowlevel.silence_rate_20dB.stdev": 0.1276707947254181, "lowlevel.silence_rate_30dB.mean": 0.8741559386253357, "lowlevel.silence_rate_30dB.stdev": 0.3316742181777954, "lowlevel.silence_rate_60dB.mean": 0.0736648216843605, "lowlevel.silence_rate_60dB.stdev": 0.2612227201461792, "lowlevel.spectral_centroid.mean": 523.434814453125, "lowlevel.spectral_centroid.stdev": 599.105224609375, "lowlevel.spectral_complexity.mean": 8.534070014953613, "lowlevel.spectral_complexity.stdev": 8.7596435546875, "lowlevel.spectral_decrease.mean": -1.440542707342729e-08, "lowlevel.spectral_decrease.stdev": 2.0651294008189325e-08, "lowlevel.spectral_energy.mean": 0.05552569404244423, "lowlevel.spectral_energy.stdev": 0.07858169078826904, "lowlevel.spectral_energyband_high.mean": 0.0003046751953661442, "lowlevel.spectral_energyband_high.stdev": 0.0012307577999308705, "lowlevel.spectral_energyband_low.mean": 0.03853606805205345, "lowlevel.spectral_energyband_low.stdev": 0.07520401477813721, "lowlevel.spectral_energyband_middle_high.mean": 0.0031835746485739946, "lowlevel.spectral_energyband_middle_high.stdev": 0.007521228864789009, "lowlevel.spectral_energyband_middle_low.mean": 0.013828904367983341, "lowlevel.spectral_energyband_middle_low.stdev": 0.014623183757066727, "lowlevel.spectral_entropy.mean": 6.010605335235596, "lowlevel.spectral_entropy.stdev": 1.262341022491455, "lowlevel.spectral_flux.mean": 0.08087976276874542, "lowlevel.spectral_flux.stdev": 0.08502211421728134, "lowlevel.spectral_kurtosis.mean": 47.588890075683594, "lowlevel.spectral_kurtosis.stdev": 68.87017059326172, "lowlevel.spectral_rms.mean": 0.0061805956065654755, "lowlevel.spectral_rms.stdev": 0.003996445331722498, "lowlevel.spectral_rolloff.mean": 606.1815795898438, "lowlevel.spectral_rolloff.stdev": 1189.3250732421875, "lowlevel.spectral_skewness.mean": 4.483059883117676, "lowlevel.spectral_skewness.stdev": 3.4820549488067627, "lowlevel.spectral_spread.mean": 2844957.5, "lowlevel.spectral_spread.stdev": 2050603.75, "lowlevel.spectral_strongpeak.mean": 0.602334201335907, "lowlevel.spectral_strongpeak.stdev": 0.4691264033317566, "lowlevel.zerocrossingrate.mean": 0.023678792640566826, "lowlevel.zerocrossingrate.stdev": 0.03338160738348961, "metadata.audio_properties.analysis.equal_loudness": 0.0, "metadata.audio_properties.analysis.length": 37.80160903930664, "metadata.audio_properties.analysis.sample_rate": 44100.0, "metadata.audio_properties.analysis.start_time": 0.0, "metadata.audio_properties.bit_rate": 118118.0, "metadata.audio_properties.length": 37.80266571044922, "metadata.audio_properties.lossless": 0.0, "metadata.audio_properties.number_channels": 1.0, "metadata.audio_properties.replay_gain": -9.522111892700195, "metadata.audio_properties.sample_rate": 48000.0, "rhythm.beats_count": 47.0, "rhythm.beats_loudness.mean": 0.08615931123495102, "rhythm.beats_loudness.stdev": 0.08418280631303787, "rhythm.bpm": 75.64584350585938, "rhythm.bpm_histogram_first_peak_bpm": 75.0, "rhythm.bpm_histogram_first_peak_weight": 0.23076921701431274, "rhythm.bpm_histogram_second_peak_bpm": 80.0, "rhythm.bpm_histogram_second_peak_spread": 0.0, "rhythm.bpm_histogram_second_peak_weight": 0.15217390656471252, "rhythm.danceability": 1.4070303440093994, "rhythm.onset_rate": 3.4907984733581543, "tonal.chords_changes_rate": 0.061349693685770035, "tonal.chords_number_rate": 0.009815950877964497, "tonal.chords_strength.mean": 0.5089247226715088, "tonal.chords_strength.stdev": 0.12220191210508347, "tonal.hpcp_crest.mean": 11.783923149108887, "tonal.hpcp_crest.stdev": 4.769197463989258, "tonal.hpcp_entropy.mean": 2.209623336791992, "tonal.hpcp_entropy.stdev": 0.7500003576278687, "tonal.key_edma.strength": 0.620985209941864, "tonal.key_krumhansl.strength": 0.6089463829994202, "tonal.key_temperley.strength": 0.5835390090942383, "tonal.tuning_diatonic_strength": 0.6008991003036499, "tonal.tuning_equal_tempered_deviation": 0.30916884541511536, "tonal.tuning_frequency": 434.193115234375, "tonal.tuning_nontempered_energy_ratio": 0.9230526089668274, "lowlevel.barkbands.mean": [0.005243783351033926, 0.027169760316610336, 0.005857575219124556, 0.004083120264112949, 0.006936649326235056, 0.0007899072370491922, 0.0005775505560450256, 0.0005788977723568678, 0.000748362042941153, 0.0003367088793311268, 0.0005977592663839459, 0.0006783079588785768, 0.0005961688002571464, 0.0003617154434323311, 0.0002858193183783442, 0.00019039041944779456, 0.00010923727677436545, 4.1180086554959416e-05, 3.255844421801157e-05, 1.2122538464609534e-05, 3.811274655163288e-05, 9.65317158261314e-05, 0.0001051905273925513, 1.4977889804868028e-05, 2.1620058760163374e-05, 2.1544199626077898e-05, 2.0210103457429796e-07], "lowlevel.barkbands.stdev": [0.01907750777900219, 0.05780166760087013, 0.017914103344082832, 0.004887846298515797, 0.010197212919592857, 0.0024684062227606773, 0.0021576459985226393, 0.001999116502702236, 0.0027708890847861767, 0.0010163543047383428, 0.0021091371309012175, 0.0019898065365850925, 0.0016753823729231954, 0.00098767492454499, 0.0008981309947557747, 0.0006130795227363706, 0.00036525705945678055, 0.00015018774138297886, 0.00015145246288739145, 4.832547710975632e-05, 0.00020237492572050542, 0.0004468298575375229, 0.0004550303565338254, 9.888847853289917e-05, 9.206101094605401e-05, 8.386736590182409e-05, 1.69878740052809e-06], "lowlevel.erbbands.mean": [0.9294179081916809, 5.271262168884277, 9.359065055847168, 7.647181510925293, 25.77132225036621, 22.42629623413086, 6.157902240753174, 7.731766700744629, 7.352458953857422, 8.855826377868652, 16.2040958404541, 18.97954750061035, 11.354045867919922, 14.618022918701172, 25.540485382080078, 29.28384017944336, 27.37345314025879, 20.64851951599121, 18.405542373657227, 10.452789306640625, 11.08121395111084, 6.173771381378174, 2.5982413291931152, 1.975546956062317, 1.13291597366333, 0.5896716117858887, 1.1420025825500488, 1.8230429887771606, 3.0838418006896973, 4.632416248321533, 2.4316303730010986, 0.42717719078063965, 0.2688600420951843, 0.20919056236743927, 0.16644664108753204, 0.10659197717905045, 0.040203534066677094, 0.003704842645674944, 9.821245475905016e-05, 6.453780952142552e-05], "lowlevel.erbbands.stdev": [2.7225496768951416, 11.130932807922363, 21.726900100708008, 15.738384246826172, 24.60829734802246, 49.96906280517578, 16.17466163635254, 26.3768253326416, 23.078027725219727, 36.66944885253906, 53.40375900268555, 73.6277847290039, 35.940513610839844, 44.54328536987305, 87.179443359375, 83.11359405517578, 73.76913452148438, 57.18699264526367, 55.83686447143555, 30.548622131347656, 35.762569427490234, 20.005168914794922, 9.272562026977539, 8.526387214660645, 4.744274616241455, 2.38749361038208, 6.395648002624512, 8.92811107635498, 14.474604606628418, 20.86789894104004, 10.87105941772461, 2.322810411453247, 1.7576079368591309, 0.9752553701400757, 0.7259904742240906, 0.4318349361419678, 0.15855570137500763, 0.016389667987823486, 0.00031400492298416793, 8.604674076195806e-05], "lowlevel.gfcc.mean": [-145.2581024169922, 161.66860961914062, -63.210445404052734, 26.383543014526367, -13.85995864868164, 25.520418167114258, -21.711673736572266, -6.747787952423096, -21.385047912597656, -12.034010887145996, -19.31905746459961, -9.22063159942627, -14.798351287841797], "lowlevel.melbands.mean": [0.008003730326890945, 0.005573842208832502, 0.0020570249762386084, 0.0018247325206175447, 0.0003240720252506435, 0.00016273431538138539, 0.00011542945867404342, 9.39372184802778e-05, 0.00014190534420777112, 0.00011138756235595793, 5.333954322850332e-05, 5.487432281370275e-05, 8.362060907529667e-05, 7.642297714482993e-05, 7.393566193059087e-05, 5.3692423534812406e-05, 3.597826071199961e-05, 3.069419108214788e-05, 1.8411063138046302e-05, 1.1389336577849463e-05, 1.3306575965543743e-05, 6.828361620137002e-06, 3.2906345950323157e-06, 1.6777771634224337e-06, 1.6163830878213048e-06, 1.1193781119800406e-06, 4.606212655744457e-07, 3.524675378230313e-07, 5.458896907839517e-07, 1.042578560372931e-06, 1.0162140142710996e-06, 1.673558813308773e-06, 2.0637789930333383e-06, 2.831847041306901e-06, 1.719210558803752e-06, 4.3204909161431715e-07, 1.7691620257664908e-07, 1.7522346240639308e-07, 1.7956074316316517e-07, 1.7522624773391726e-07], "lowlevel.melbands.stdev": [0.019531486555933952, 0.011278784833848476, 0.0027319681830704212, 0.0025597228668630123, 0.0008197765564545989, 0.0005318450275808573, 0.00037539706681855023, 0.00037275193608365953, 0.00046005245530977845, 0.00043783217552118003, 0.0001731280644889921, 0.00016715012316126376, 0.00029550923500210047, 0.00023450926528312266, 0.00019362189050298184, 0.00016241114644799381, 9.985181532101706e-05, 9.329243039246649e-05, 5.555364623432979e-05, 3.495557757560164e-05, 4.4400268961908296e-05, 2.2767981135984883e-05, 1.2614199476956856e-05, 6.017791747581214e-06, 7.398994966933969e-06, 5.399501333158696e-06, 1.5924844092296553e-06, 1.5159851045609685e-06, 3.223512976546772e-06, 5.665028766088653e-06, 5.036550646764226e-06, 8.213431101466995e-06, 9.909215805237181e-06, 1.2553403394122142e-05, 7.8886087067076e-06, 2.066143224510597e-06, 1.334368675998121e-06, 1.2298191904847044e-06, 9.80827621788194e-07, 8.231892820731446e-07], "lowlevel.melbands128.mean": [0.004644842818379402, 0.008552576415240765, 0.007985040545463562, 0.009605780243873596, 0.006447614170610905, 0.0021733196917921305, 0.0009244054090231657, 0.002722367877140641, 0.0027780740056186914, 0.001916362321935594, 0.0012643062509596348, 0.00033611911931075156, 0.00013593275798484683, 0.00015932573296595365, 0.0002151485823560506, 0.00012951366079505533, 9.812867210712284e-05, 0.00012031379446852952, 0.0001291918015340343, 9.512298129266128e-05, 6.954900891287252e-05, 0.00010285602184012532, 0.00018244475359097123, 0.00013093178858980536, 0.00014791761350352317, 9.323517588200048e-05, 4.847561285714619e-05, 5.7237302826251835e-05, 4.846498995902948e-05, 3.9395315980073065e-05, 5.6969998695421964e-05, 8.481662371195853e-05, 8.496342343278229e-05, 9.165626397589222e-05, 6.382138235494494e-05, 7.935489702504128e-05, 8.108553447527811e-05, 7.826472574379295e-05, 6.765855505364016e-05, 5.5329903261736035e-05, 5.532752038561739e-05, 4.492035077419132e-05, 3.268331056460738e-05, 3.612853470258415e-05, 2.804570431180764e-05, 3.250243025831878e-05, 2.979609780595638e-05, 1.918058842420578e-05, 1.3029157344135456e-05, 1.2741715181618929e-05, 9.06415607460076e-06, 1.2013272680633236e-05, 1.7561824279255234e-05, 1.1228216862946283e-05, 9.368259270559065e-06, 6.562423095601844e-06, 5.084115855424898e-06, 3.6296548842074117e-06, 2.8995241336815525e-06, 1.9688877728185616e-06, 1.51102915424417e-06, 1.5057278233143734e-06, 1.6431537233074778e-06, 1.6404304687966942e-06, 1.6038147805375047e-06, 1.2546964853754616e-06, 7.48920058413205e-07, 4.74731962185615e-07, 4.3616370248855674e-07, 3.7398126551124733e-07, 3.1944730949362565e-07, 3.470772753644269e-07, 4.111308271603775e-07, 5.211039706409792e-07, 7.590334121232445e-07, 1.103045974559791e-06, 1.1632672567429836e-06, 9.96144308373914e-07, 8.90704370704043e-07, 1.0639822676239419e-06, 1.7326345869150828e-06, 1.9528420125425328e-06, 1.5784617062308826e-06, 1.8973264559463132e-06, 2.5626877686590888e-06, 3.0012126899237046e-06, 2.8053991627530195e-06, 2.845331664502737e-06, 1.6413615639976342e-06, 1.0731130259955535e-06, 5.132159230925026e-07, 2.714755851229711e-07, 2.0244435461336252e-07, 1.9058420264173037e-07, 1.524650912188008e-07, 1.193371161889445e-07, 1.983271999961289e-07, 2.3264884418949805e-07, 1.604759631845809e-07, 1.6199905417124683e-07, 1.87505364124263e-07, 1.8557199155111448e-07, 1.5278128273621405e-07, 1.5346631698776037e-07, 1.7300111210261093e-07, 2.3900483370198344e-07, 2.2508861263759172e-07, 1.427219302740923e-07, 1.6520901624517137e-07, 2.3385864267311263e-07, 1.819855555140748e-07, 1.4588590602215845e-07, 1.378403027274544e-07, 9.537999545727871e-08, 6.577584343858689e-08, 3.6630133593007486e-08, 8.421401354041791e-09, 1.8515378119587922e-10, 2.3288317455016916e-11, 1.1597010678154884e-11, 9.280465285144146e-12, 6.6000651124942245e-12, 6.1192014996769295e-12, 6.012262302595994e-12, 5.878528566705121e-12, 5.708914677798882e-12, 5.61049861083629e-12, 5.572904551026658e-12], "lowlevel.melbands128.stdev": [0.016614383086562157, 0.027833854779601097, 0.02308443933725357, 0.018719812855124474, 0.013415474444627762, 0.007617177441716194, 0.003371077124029398, 0.0027950776275247335, 0.0028723422437906265, 0.003780586179345846, 0.0036073147784918547, 0.0011514009675011039, 0.0005376450717449188, 0.0004993433831259608, 0.0008317715837620199, 0.0005482469568960369, 0.0003630075661931187, 0.00046043816837482154, 0.0006709399749524891, 0.0004886863171122968, 0.0003495704149827361, 0.00041281073936261237, 0.0006994015420787036, 0.0005400642985478044, 0.000761172326747328, 0.0004191742336843163, 0.00019325454195495695, 0.00021045896573923528, 0.000175698718521744, 0.00012816849630326033, 0.0002004718262469396, 0.00034824039903469384, 0.00038190538180060685, 0.00036758423084393144, 0.0002391514426562935, 0.0002797356282826513, 0.0002717330353334546, 0.00022140771034173667, 0.00020132676581852138, 0.00016913755098357797, 0.0002057006786344573, 0.00016336017870344222, 9.872364171314985e-05, 0.00010717785335145891, 8.483639976475388e-05, 0.00012383880675770342, 0.00010607072908896953, 6.0923881392227486e-05, 5.038183371652849e-05, 4.1057148337131366e-05, 3.322086558910087e-05, 4.6015884436201304e-05, 6.877588748466223e-05, 4.063742017024197e-05, 3.455729165580124e-05, 2.3389526177197695e-05, 2.2835911295260303e-05, 1.5295512639568187e-05, 1.2199602679174859e-05, 8.090037226793356e-06, 6.184729954838986e-06, 5.9490093917702325e-06, 7.733282473054715e-06, 8.527482350473292e-06, 9.44024486670969e-06, 6.673199550277786e-06, 3.388523509784136e-06, 1.6930955553107196e-06, 1.5999481774997548e-06, 1.5812966012163088e-06, 1.474100486120733e-06, 1.679508159213583e-06, 2.1629682578350184e-06, 3.657944489532383e-06, 4.744854777527507e-06, 6.7728033172897995e-06, 6.298567768681096e-06, 5.360694558476098e-06, 5.153698566573439e-06, 5.280845016386593e-06, 9.295336894865613e-06, 1.0232066415483132e-05, 7.66342600400094e-06, 9.913979738485068e-06, 1.326358596998034e-05, 1.53588734974619e-05, 1.2524076737463474e-05, 1.344852353213355e-05, 8.59143074194435e-06, 5.3386911531561054e-06, 2.65354401562945e-06, 1.3320416201167973e-06, 1.3677280321644503e-06, 1.6937152622631402e-06, 1.4082534107728861e-06, 7.63775744871964e-07, 1.524932940810686e-06, 1.927474841068033e-06, 8.421733923569263e-07, 8.59347210280248e-07, 9.475335218667169e-07, 9.305259709435632e-07, 8.447676123068959e-07, 6.659720952484349e-07, 8.265909627880319e-07, 1.1679258022923023e-06, 1.0755020412034355e-06, 7.210484795905359e-07, 6.860396410957037e-07, 1.0220568356089643e-06, 7.888618256401969e-07, 6.034095463292033e-07, 6.138791377452435e-07, 4.0858125771592313e-07, 3.12318263695488e-07, 2.0396238653574983e-07, 6.048952627679682e-08, 1.873918131778396e-09, 2.7565058569045675e-10, 1.0581937409659403e-10, 6.905326310757687e-11, 1.7932254639529965e-11, 1.5110078119273673e-11, 1.4860919786419124e-11, 1.464768063785815e-11, 1.4469988575405157e-11, 1.4345758955758292e-11, 1.4268691263252808e-11], "lowlevel.mfcc.mean": [-810.908203125, 196.54556274414062, 26.194862365722656, 29.170137405395508, 30.554378509521484, 34.78522872924805, 13.77706241607666, 17.33037757873535, 3.1873388290405273, 1.0672916173934937, 4.253650188446045, -3.3883156776428223, -2.785235643386841], "lowlevel.spectral_contrast_coeffs.mean": [-0.6005628705024719, -0.777603268623352, -0.8079536557197571, -0.8143646121025085, -0.8104785084724426, -0.7814489006996155], "lowlevel.spectral_contrast_coeffs.stdev": [0.08309371769428253, 0.09052466601133347, 0.05185672640800476, 0.05400331690907478, 0.05412235110998154, 0.07752931863069534], "lowlevel.spectral_contrast_valleys.mean": [-7.098301887512207, -7.99965238571167, -8.53866958618164, -8.962058067321777, -9.957179069519043, -12.763989448547363], "lowlevel.spectral_contrast_valleys.stdev": [1.0553869009017944, 1.2925528287887573, 1.6850353479385376, 1.8106733560562134, 1.6099156141281128, 1.677207350730896], "rhythm.beats_loudness_band_ratio.mean": [0.7694944739341736, 0.14017856121063232, 0.053160667419433594, 0.05743010342121124, 0.030673470348119736, 0.0014951806515455246], "rhythm.beats_loudness_band_ratio.stdev": [0.26258182525634766, 0.1723276525735855, 0.06609543412923813, 0.08925987780094147, 0.048570651561021805, 0.003017611335963011], "tonal.hpcp.mean": [0.03254029527306557, 0.033246319741010666, 0.04513702914118767, 0.06185118481516838, 0.0647129938006401, 0.05437804013490677, 0.044328901916742325, 0.035416990518569946, 0.031583014875650406, 0.04367281123995781, 0.04699783772230148, 0.02880430780351162, 0.01789855770766735, 0.019390413537621498, 0.02278527244925499, 0.029617100954055786, 0.04274040088057518, 0.042197708040475845, 0.03028436005115509, 0.029299739748239517, 0.03228288143873215, 0.045118506997823715, 0.10170484334230423, 0.2699696123600006, 0.4436259865760803, 0.5500704050064087, 0.44366559386253357, 0.16465657949447632, 0.03932342678308487, 0.033743370324373245, 0.04144242778420448, 0.05575651302933693, 0.05944526195526123, 0.05409381911158562, 0.052525170147418976, 0.04174027591943741], "tonal.hpcp.stdev": [0.1224042996764183, 0.11955058574676514, 0.1547374427318573, 0.18743477761745453, 0.19468238949775696, 0.17721275985240936, 0.15195535123348236, 0.12270694971084595, 0.10975882411003113, 0.14647531509399414, 0.15459208190441132, 0.10328474640846252, 0.08601061999797821, 0.08943776786327362, 0.09808827936649323, 0.11306920647621155, 0.12529858946800232, 0.1156955361366272, 0.09272822737693787, 0.1127186268568039, 0.11548533290624619, 0.15176363289356232, 0.21963387727737427, 0.34094318747520447, 0.386941134929657, 0.392287939786911, 0.3685258626937866, 0.22799494862556458, 0.13453848659992218, 0.13310319185256958, 0.15387798845767975, 0.18517498672008514, 0.18603746592998505, 0.17106319963932037, 0.1679271161556244, 0.15057304501533508], "rhythm.beats_position": [0.7314285635948181, 1.4744670391082764, 2.2291154861450195, 2.9953742027282715, 3.7500226497650146, 4.504671096801758, 5.25931978225708, 6.025578022003174, 6.8034467697143555, 7.592925071716309, 8.370793342590332, 9.148661613464355, 9.926530838012695, 10.68117904663086, 11.435827255249023, 12.213695526123047, 12.991564750671387, 13.76943302154541, 14.558911323547363, 15.359999656677246, 16.161088943481445, 16.962177276611328, 17.76326560974121, 18.564353942871094, 19.365442276000977, 20.16653060913086, 20.967618942260742, 21.757097244262695, 22.54657554626465, 23.3360538482666, 24.148752212524414, 24.961450576782227, 25.76253890991211, 26.563627243041992, 27.364715576171875, 28.165803909301758, 28.95528221130371, 29.756370544433594, 30.557458877563477, 31.358549118041992, 32.159637451171875, 32.960723876953125, 33.76181411743164, 34.551292419433594, 35.34077072143555, 36.1302490234375, 36.94294738769531], "rhythm.bpm_histogram": [0.0, 0.0, 0.0, 0.0, 0.0, 0.0, 0.0, 0.0, 0.0, 0.0, 0.0, 0.0, 0.0, 0.0, 0.0, 0.0, 0.0, 0.0, 0.0, 0.0, 0.0, 0.0, 0.0, 0.0, 0.0, 0.0, 0.0, 0.0, 0.0, 0.0, 0.0, 0.0, 0.0, 0.0, 0.0, 0.0, 0.0, 0.0, 0.0, 0.0, 0.0, 0.0, 0.0, 0.0, 0.0, 0.0, 0.0, 0.0, 0.0, 0.0, 0.0, 0.0, 0.0, 0.0, 0.0, 0.0, 0.0, 0.0, 0.0, 0.0, 0.0, 0.0, 0.0, 0.0, 0.0, 0.0, 0.0, 0.0, 0.0, 0.0, 0.0, 0.0, 0.0, 0.0, 0.06521739065647125, 0.3913043439388275, 0.19565217196941376, 0.15217390656471252, 0.043478261679410934, 0.0, 0.1304347813129425, 0.021739130839705467, 0.0, 0.0, 0.0, 0.0, 0.0, 0.0, 0.0, 0.0, 0.0, 0.0, 0.0, 0.0, 0.0, 0.0, 0.0, 0.0, 0.0, 0.0, 0.0, 0.0, 0.0, 0.0, 0.0, 0.0, 0.0, 0.0, 0.0, 0.0, 0.0, 0.0, 0.0, 0.0, 0.0, 0.0, 0.0, 0.0, 0.0, 0.0, 0.0, 0.0, 0.0, 0.0, 0.0, 0.0, 0.0, 0.0, 0.0, 0.0, 0.0, 0.0, 0.0, 0.0, 0.0, 0.0, 0.0, 0.0, 0.0, 0.0, 0.0, 0.0, 0.0, 0.0, 0.0, 0.0, 0.0, 0.0, 0.0, 0.0, 0.0, 0.0, 0.0, 0.0, 0.0, 0.0, 0.0, 0.0, 0.0, 0.0, 0.0, 0.0, 0.0, 0.0, 0.0, 0.0, 0.0, 0.0, 0.0, 0.0, 0.0, 0.0, 0.0, 0.0, 0.0, 0.0, 0.0, 0.0, 0.0, 0.0, 0.0, 0.0, 0.0, 0.0, 0.0, 0.0, 0.0, 0.0, 0.0, 0.0, 0.0, 0.0, 0.0, 0.0, 0.0, 0.0, 0.0, 0.0, 0.0, 0.0, 0.0, 0.0, 0.0, 0.0, 0.0, 0.0, 0.0, 0.0, 0.0, 0.0, 0.0, 0.0, 0.0, 0.0, 0.0, 0.0, 0.0, 0.0, 0.0, 0.0, 0.0, 0.0, 0.0, 0.0, 0.0, 0.0, 0.0, 0.0, 0.0, 0.0, 0.0, 0.0, 0.0, 0.0, 0.0, 0.0, 0.0, 0.0, 0.0, 0.0, 0.0, 0.0, 0.0, 0.0, 0.0, 0.0, 0.0, 0.0, 0.0, 0.0], "tonal.chords_histogram": [0.4907975494861603, 0.4907975494861603, 27.484663009643555, 0.4907975494861603, 0.8588957190513611, 0.0, 0.0, 40.85889434814453, 2.4539878368377686, 9.570551872253418, 2.3312883377075195, 0.0, 8.343558311462402, 0.4907975494861603, 0.0, 0.0, 0.0, 0.6134969592094421, 0.0, 1.7177914381027222, 0.0, 3.0674846172332764, 0.7361963391304016, 0.0], "tonal.thpcp": [1.0, 0.8065614700317383, 0.2993372678756714, 0.07148798555135727, 0.0613437294960022, 0.07534022629261017, 0.10136250406503677, 0.10806845873594284, 0.09833981096744537, 0.09548808634281158, 0.07588169723749161, 0.05915660038590431, 0.06044011563062668, 0.08205682039260864, 0.11244230717420578, 0.11764492839574814, 0.09885650873184204, 0.08058768510818481, 0.064386285841465, 0.05741631239652634, 0.07939495146274567, 0.08543967455625534, 0.0523647665977478, 0.03253866732120514, 0.03525078669190407, 0.041422463953495026, 0.05384238064289093, 0.07769986987113953, 0.07671328634023666, 0.05505542457103729, 0.05326543748378754, 0.05868863686919212, 0.08202315121889114, 0.18489423394203186, 0.4907910227775574, 0.8064894676208496], "lowlevel.gfcc.cov": [[17279.990234375, -4645.76513671875, -3782.0810546875, -130.3484344482422, -1704.728759765625, 1063.11669921875, -1245.8060302734375, 353.75555419921875, -37.4859619140625, 1235.177490234375, -489.26055908203125, 1762.042724609375, -402.3124084472656], [-4645.76513671875, 3560.633056640625, 417.08880615234375, -979.4282836914062, 1130.377685546875, -764.9943237304688, 517.87548828125, -2.4641613960266113, 218.91860961914062, -529.0226440429688, 344.0293273925781, -754.4205322265625, 186.09893798828125], [-3782.0810546875, 417.08880615234375, 2880.693603515625, 607.2955932617188, -36.335540771484375, -290.1202697753906, 88.6756362915039, -117.27690887451172, 29.64473533630371, -202.46109008789062, 69.81604766845703, -77.54573822021484, 267.57196044921875], [-130.3484344482422, -979.4282836914062, 607.2955932617188, 950.0521240234375, -208.5498504638672, 174.0326690673828, 35.87336730957031, -154.61476135253906, 1.736682653427124, 42.590423583984375, -41.143829345703125, 85.9531021118164, 57.08472442626953], [-1704.728759765625, 1130.377685546875, -36.335540771484375, -208.5498504638672, 1089.1546630859375, -139.98287963867188, 196.13772583007812, 5.9339189529418945, 26.77799415588379, -203.0727081298828, 169.3752899169922, -274.3973083496094, 44.828590393066406], [1063.11669921875, -764.9943237304688, -290.1202697753906, 174.0326690673828, -139.98287963867188, 471.4302062988281, 32.44539260864258, -45.75371551513672, -63.322547912597656, 76.8753433227539, -64.95222473144531, 100.0631332397461, -53.752349853515625], [-1245.8060302734375, 517.87548828125, 88.6756362915039, 35.87336730957031, 196.13772583007812, 32.44539260864258, 523.6441040039062, 30.50110626220703, 82.54911041259766, -143.398681640625, 47.92961502075195, -267.0750732421875, 11.004134178161621], [353.75555419921875, -2.4641613960266113, -117.27690887451172, -154.61476135253906, 5.9339189529418945, -45.75371551513672, 30.50110626220703, 212.80897521972656, 20.281944274902344, 24.8417911529541, -10.488626480102539, -18.347103118896484, -58.05775833129883], [-37.4859619140625, 218.91860961914062, 29.64473533630371, 1.736682653427124, 26.77799415588379, -63.322547912597656, 82.54911041259766, 20.281944274902344, 187.00811767578125, 25.00848388671875, 19.759952545166016, -62.22251892089844, 27.281192779541016], [1235.177490234375, -529.0226440429688, -202.46109008789062, 42.590423583984375, -203.0727081298828, 76.8753433227539, -143.398681640625, 24.8417911529541, 25.00848388671875, 207.22225952148438, -34.95166015625, 161.1552276611328, -35.63764953613281], [-489.26055908203125, 344.0293273925781, 69.81604766845703, -41.143829345703125, 169.3752899169922, -64.95222473144531, 47.92961502075195, -10.488626480102539, 19.759952545166016, -34.95166015625, 141.99685668945312, -40.8145637512207, 40.19765853881836], [1762.042724609375, -754.4205322265625, -77.54573822021484, 85.9531021118164, -274.3973083496094, 100.0631332397461, -267.0750732421875, -18.347103118896484, -62.22251892089844, 161.1552276611328, -40.8145637512207, 406.906005859375, 27.026527404785156], [-402.3124084472656, 186.09893798828125, 267.57196044921875, 57.08472442626953, 44.828590393066406, -53.752349853515625, 11.004134178161621, -58.05775833129883, 27.281192779541016, -35.63764953613281, 40.19765853881836, 27.026527404785156, 124.32977294921875]], "lowlevel.gfcc.icov": [[0.0002833764592651278, -0.0002131072396878153, 0.0002973209193442017, -0.0002459188981447369, 0.00012773969501722604, -0.00039214311982505023, 0.00019448756938800216, -0.0005207473877817392, -0.00030430694459937513, -0.00043107534293085337, 0.0003827171749435365, -0.0010834173299372196, 0.0002879904641304165], [-0.0002131072396878153, 0.004825410433113575, -0.0006030224030837417, 0.004479767754673958, -0.0012679296778514981, 0.0036993667017668486, -0.0015041864244267344, 0.003504790598526597, -0.00225493754260242, 0.0039355880580842495, -0.0035393552388995886, 0.004153591580688953, -0.0029808063991367817], [0.0002973209193442017, -0.0006030224030837417, 0.0009315580828115344, -0.001032998668961227, 0.0003654453612398356, -0.0003749089955817908, 0.0004006745875813067, -0.00107184995431453, 3.507683504722081e-05, -0.00032421370269730687, 0.0006194887682795525, -0.0012253812747076154, -0.0005302102654241025], [-0.0002459188981447369, 0.004479767754673958, -0.001032998668961227, 0.005842031445354223, -0.001109746634028852, 0.0029441737569868565, -0.0018119360320270061, 0.004382174462080002, -0.0021676793694496155, 0.0031040399335324764, -0.003016296774148941, 0.0037824325263500214, -0.00256224418990314], [0.00012773969501722604, -0.0012679296778514981, 0.0003654453612398356, -0.001109746634028852, 0.0018105781637132168, -0.0010789236985147, 0.0005592334782704711, -0.0011818904895335436, 0.0004894329467788339, -0.00020920120005030185, -0.00035849353298544884, -0.0007056986796669662, 0.0004155205679126084], [-0.00039214311982505023, 0.0036993667017668486, -0.0003749089955817908, 0.0029441737569868565, -0.0010789236985147, 0.006459126714617014, -0.002560707740485668, 0.003946054261177778, -0.00018417752289678901, 0.0021723208483308554, -0.0020346480887383223, 0.0030479442793875933, -0.0014419187791645527], [0.00019448756938800216, -0.0015041864244267344, 0.0004006745875813067, -0.0018119360320270061, 0.0005592334782704711, -0.002560707740485668, 0.00442875549197197, -0.002533028367906809, -0.0009404784068465233, 0.0006394858937710524, 0.0003843877057079226, 0.00025729541084729135, 0.00017637327255215496], [-0.0005207473877817392, 0.003504790598526597, -0.00107184995431453, 0.004382174462080002, -0.0011818904895335436, 0.003946054261177778, -0.002533028367906809, 0.009896975941956043, -0.001672027399763465, 0.002057074336335063, -0.0024075296241790056, 0.0032363301143050194, 0.0013729415368288755], [-0.00030430694459937513, -0.00225493754260242, 3.507683504722081e-05, -0.0021676793694496155, 0.0004894329467788339, -0.00018417752289678901, -0.0009404784068465233, -0.001672027399763465, 0.00977504812180996, -0.005709807854145765, 0.0015425478341057897, 0.0013422475894913077, -0.0022153740283101797], [-0.00043107534293085337, 0.0039355880580842495, -0.00032421370269730687, 0.0031040399335324764, -0.00020920120005030185, 0.0021723208483308554, 0.0006394858937710524, 0.002057074336335063, -0.005709807854145765, 0.014954173006117344, -0.004171641077846289, 0.0010312090162187815, 0.00056930334540084], [0.0003827171749435365, -0.0035393552388995886, 0.0006194887682795525, -0.003016296774148941, -0.00035849353298544884, -0.0020346480887383223, 0.0003843877057079226, -0.0024075296241790056, 0.0015425478341057897, -0.004171641077846289, 0.01260675210505724, -0.0039038185495883226, -8.234940469264984e-05], [-0.0010834173299372196, 0.004153591580688953, -0.0012253812747076154, 0.0037824325263500214, -0.0007056986796669662, 0.0030479442793875933, 0.00025729541084729135, 0.0032363301143050194, 0.0013422475894913077, 0.0010312090162187815, -0.0039038185495883226, 0.012795752845704556, -0.007280065678060055], [0.0002879904641304165, -0.0029808063991367817, -0.0005302102654241025, -0.00256224418990314, 0.0004155205679126084, -0.0014419187791645527, 0.00017637327255215496, 0.0013729415368288755, -0.0022153740283101797, 0.00056930334540084, -8.234940469264984e-05, -0.007280065678060055, 0.017864977940917015]], "lowlevel.mfcc.cov": [[18734.2265625, -4040.051513671875, -3226.325927734375, -1821.8179931640625, -1160.072998046875, 352.15863037109375, -1408.23583984375, -207.84890747070312, -359.9470520019531, -538.2942504882812, -20.082847595214844, 6.4468464851379395, 737.459716796875], [-4040.051513671875, 3787.8193359375, -515.2230834960938, -116.01703643798828, 471.3770751953125, -600.808349609375, 339.68212890625, 30.0382137298584, 56.10215377807617, 246.9095001220703, 22.681137084960938, 32.136234283447266, -50.85514831542969], [-3226.325927734375, -515.2230834960938, 2498.555419921875, 802.8602294921875, -40.07649612426758, 15.551819801330566, 7.404073238372803, -17.038145065307617, 91.83068084716797, -68.1495361328125, -106.4152603149414, -49.606319427490234, -153.60316467285156], [-1821.8179931640625, -116.01703643798828, 802.8602294921875, 786.9033813476562, 138.7637176513672, 53.32343292236328, 82.02041625976562, 14.942024230957031, 78.43614959716797, 5.408142566680908, -15.782952308654785, -13.134392738342285, -68.20801544189453], [-1160.072998046875, 471.3770751953125, -40.07649612426758, 138.7637176513672, 595.8433227539062, 5.656008243560791, 136.47056579589844, 1.3290845155715942, -35.43470001220703, 45.05064392089844, -35.79975128173828, -44.85373306274414, 35.274688720703125], [352.15863037109375, -600.808349609375, 15.551819801330566, 53.32343292236328, 5.656008243560791, 464.7716979980469, 78.67015838623047, 44.642208099365234, 48.45479965209961, -46.922157287597656, 8.57962703704834, 17.2097225189209, -22.445201873779297], [-1408.23583984375, 339.68212890625, 7.404073238372803, 82.02041625976562, 136.47056579589844, 78.67015838623047, 386.4498291015625, 139.394775390625, 61.75314712524414, 104.76883697509766, 59.89360046386719, 34.435569763183594, -90.49201202392578], [-207.84890747070312, 30.0382137298584, -17.038145065307617, 14.942024230957031, 1.3290845155715942, 44.642208099365234, 139.394775390625, 170.8617401123047, 59.512393951416016, 33.29590606689453, 30.330257415771484, 1.6553083658218384, -22.73936653137207], [-359.9470520019531, 56.10215377807617, 91.83068084716797, 78.43614959716797, -35.43470001220703, 48.45479965209961, 61.75314712524414, 59.512393951416016, 155.36386108398438, 72.08155059814453, 48.069122314453125, 22.955339431762695, -42.278778076171875], [-538.2942504882812, 246.9095001220703, -68.1495361328125, 5.408142566680908, 45.05064392089844, -46.922157287597656, 104.76883697509766, 33.29590606689453, 72.08155059814453, 195.8800048828125, 91.4897232055664, 48.07741165161133, -57.31692123413086], [-20.082847595214844, 22.681137084960938, -106.4152603149414, -15.782952308654785, -35.79975128173828, 8.57962703704834, 59.89360046386719, 30.330257415771484, 48.069122314453125, 91.4897232055664, 141.3846893310547, 55.47209167480469, -37.212501525878906], [6.4468464851379395, 32.136234283447266, -49.606319427490234, -13.134392738342285, -44.85373306274414, 17.2097225189209, 34.435569763183594, 1.6553083658218384, 22.955339431762695, 48.07741165161133, 55.47209167480469, 101.3681411743164, -14.094686508178711], [737.459716796875, -50.85514831542969, -153.60316467285156, -68.20801544189453, 35.274688720703125, -22.445201873779297, -90.49201202392578, -22.73936653137207, -42.278778076171875, -57.31692123413086, -37.212501525878906, -14.094686508178711, 140.4861297607422]], "lowlevel.mfcc.icov": [[0.00021938292775303125, 0.00019749038619920611, 0.00023162261641118675, 0.0001829829125199467, 0.00013760906585957855, -1.4290242688730359e-05, 0.0005095645901747048, -0.00024125051277223974, 3.013605237356387e-06, 8.142802835209295e-05, -7.019730401225388e-05, -0.00011319164332235232, -0.00048151391092687845], [0.00019749038619920611, 0.0006748390151187778, 0.00031732048955745995, 0.0002585697511676699, -0.00022779469145461917, 0.0007569743320345879, -4.3313226342434064e-05, 6.016710904077627e-05, -0.0005571421352215111, 0.0001439173793187365, 0.00027160951867699623, -0.0003766535664908588, -0.00023473954934161156], [0.00023162261641118675, 0.00031732048955745995, 0.0009579263860359788, -0.0004457375034689903, 0.00021841861598659307, 0.00024889109772630036, 0.000500305206514895, -0.00012778621749021113, -0.0003354966756887734, 0.000309282069792971, 0.0005267878877930343, -0.0001537220668978989, 0.00016579167277086526], [0.0001829829125199467, 0.0002585697511676699, -0.0004457375034689903, 0.0023430711589753628, -0.0005927408928982913, 7.888979598646984e-05, 0.00018233658920507878, 4.156464274274185e-05, -0.0009922821773216128, 0.0005242550396360457, -0.00026756088482216, -0.00023935080389492214, -0.0001107066564145498], [0.00013760906585957855, -0.00022779469145461917, 0.00021841861598659307, -0.0005927408928982913, 0.002915071090683341, -0.0007510954746976495, -0.0007397443987429142, 0.0005179389263503253, 0.0013159498339518905, -0.001483664265833795, 0.0004902782384306192, 0.001610813313163817, -0.0020162102300673723], [-1.4290242688730359e-05, 0.0007569743320345879, 0.00024889109772630036, 7.888979598646984e-05, -0.0007510954746976495, 0.00382108218036592, -0.0013544048415496945, 0.00039523988380096853, -0.0020861539524048567, 0.002020199317485094, 0.00018415137310512364, -0.00111200415994972, 0.000783715455327183], [0.0005095645901747048, -4.3313226342434064e-05, 0.000500305206514895, 0.00018233658920507878, -0.0007397443987429142, -0.0013544048415496945, 0.0074362242594361305, -0.004997356329113245, 0.001322194584645331, -0.0011006143176928163, -0.00038604350993409753, -0.0016389422817155719, 0.0015775696374475956], [-0.00024125051277223974, 6.016710904077627e-05, -0.00012778621749021113, 4.156464274274185e-05, 0.0005179389263503253, 0.00039523988380096853, -0.004997356329113245, 0.010466719046235085, -0.003318304428830743, 0.0007620988180860877, -0.0006823858129791915, 0.0022430536337196827, -0.0010664754081517458], [3.013605237356387e-06, -0.0005571421352215111, -0.0003354966756887734, -0.0009922821773216128, 0.0013159498339518905, -0.0020861539524048567, 0.001322194584645331, -0.003318304428830743, 0.011188364587724209, -0.004057631827890873, -0.0009572070557624102, 0.0003506465582177043, 7.800600724294782e-05], [8.142802835209295e-05, 0.0001439173793187365, 0.000309282069792971, 0.0005242550396360457, -0.001483664265833795, 0.002020199317485094, -0.0011006143176928163, 0.0007620988180860877, -0.004057631827890873, 0.011273227632045746, -0.004359113518148661, -0.0021878231782466173, 0.002331129275262356], [-7.019730401225388e-05, 0.00027160951867699623, 0.0005267878877930343, -0.00026756088482216, 0.0004902782384306192, 0.00018415137310512364, -0.00038604350993409753, -0.0006823858129791915, -0.0009572070557624102, -0.004359113518148661, 0.012948732823133469, -0.004136479459702969, 0.0014084436697885394], [-0.00011319164332235232, -0.0003766535664908588, -0.0001537220668978989, -0.00023935080389492214, 0.001610813313163817, -0.00111200415994972, -0.0016389422817155719, 0.0022430536337196827, 0.0003506465582177043, -0.0021878231782466173, -0.004136479459702969, 0.014313722029328346, -0.00154790875967592], [-0.00048151391092687845, -0.00023473954934161156, 0.00016579167277086526, -0.0001107066564145498, -0.0020162102300673723, 0.000783715455327183, 0.0015775696374475956, -0.0010664754081517458, 7.800600724294782e-05, 0.002331129275262356, 0.0014084436697885394, -0.00154790875967592, 0.012355656363070011]], "metadata.audio_properties.analysis.downmix": "mix", "metadata.audio_properties.codec": "mp3", "metadata.audio_properties.md5_encoded": "7d7940a5def9a864368dd507bda6b1aa", "metadata.tags.file_name": "1183701127590588476.mp3", "metadata.version.essentia": "2.1-beta6-dev", "metadata.version.essentia_git_sha": "v2.1_beta5-1110-g77a6a954", "metadata.version.extractor": "music 2.0", "tonal.chords_key": "Bb", "tonal.chords_scale": "major", "tonal.key_edma.key": "Bb", "tonal.key_edma.scale": "minor", "tonal.key_krumhansl.key": "Bb", "tonal.key_krumhansl.scale": "minor", "to