{"song_id": "1183698878244069386", "download": "https://cdn.discordapp.com/attachments/1135911532732108921/1183698878244069386/chirp.mp4?ex=6589487c&amp", "lyrics": "2 3 2 4 5\n305 4 8\n740 25\n10000 508", "style": ["random"], "essentia_features": {"lowlevel.average_loudness": 0.7923363447189331, "lowlevel.barkbands_crest.mean": 16.426334381103516, "lowlevel.barkbands_crest.stdev": 6.209885597229004, "lowlevel.barkbands_flatness_db.mean": 0.2741331160068512, "lowlevel.barkbands_flatness_db.stdev": 0.10055845230817795, "lowlevel.barkbands_kurtosis.mean": 54.34183883666992, "lowlevel.barkbands_kurtosis.stdev": 337.97662353515625, "lowlevel.barkbands_skewness.mean": 1.5285135507583618, "lowlevel.barkbands_skewness.stdev": 6.514160633087158, "lowlevel.barkbands_spread.mean": 17.75251007080078, "lowlevel.barkbands_spread.stdev": 13.286909103393555, "lowlevel.dissonance.mean": 0.417053759098053, "lowlevel.dissonance.stdev": 0.06724139302968979, "lowlevel.dynamic_complexity": 6.320850372314453, "lowlevel.erbbands_crest.mean": 16.828617095947266, "lowlevel.erbbands_crest.stdev": 7.831892490386963, "lowlevel.erbbands_flatness_db.mean": 0.2819182276725769, "lowlevel.erbbands_flatness_db.stdev": 0.09698278456926346, "lowlevel.erbbands_kurtosis.mean": 11.578483581542969, "lowlevel.erbbands_kurtosis.stdev": 18.734045028686523, "lowlevel.erbbands_skewness.mean": 1.5208128690719604, "lowlevel.erbbands_skewness.stdev": 1.8790736198425293, "lowlevel.erbbands_spread.mean": 17.661338806152344, "lowlevel.erbbands_spread.stdev": 17.925148010253906, "lowlevel.hfc.mean": 21.485275268554688, "lowlevel.hfc.stdev": 21.556751251220703, "lowlevel.loudness_ebu128.integrated": -19.957866668701172, "lowlevel.loudness_ebu128.loudness_range": 6.63178825378418, "lowlevel.loudness_ebu128.momentary.mean": -47.93643569946289, "lowlevel.loudness_ebu128.momentary.stdev": 76.77873229980469, "lowlevel.loudness_ebu128.short_term.mean": -21.98371124267578, "lowlevel.loudness_ebu128.short_term.stdev": 6.09180212020874, "lowlevel.melbands_crest.mean": 19.45388412475586, "lowlevel.melbands_crest.stdev": 9.818950653076172, "lowlevel.melbands_flatness_db.mean": 0.27854353189468384, "lowlevel.melbands_flatness_db.stdev": 0.12153712660074234, "lowlevel.melbands_kurtosis.mean": 68.43651580810547, "lowlevel.melbands_kurtosis.stdev": 481.0489807128906, "lowlevel.melbands_skewness.mean": 1.7958332300186157, "lowlevel.melbands_skewness.stdev": 7.476021766662598, "lowlevel.melbands_spread.mean": 31.539020538330078, "lowlevel.melbands_spread.stdev": 36.48970413208008, "lowlevel.pitch_salience.mean": 0.4039238393306732, "lowlevel.pitch_salience.stdev": 0.1873970925807953, "lowlevel.silence_rate_20dB.mean": 1.0, "lowlevel.silence_rate_20dB.stdev": 0.0, "lowlevel.silence_rate_30dB.mean": 0.9872978925704956, "lowlevel.silence_rate_30dB.stdev": 0.11198468506336212, "lowlevel.silence_rate_60dB.mean": 0.15819860994815826, "lowlevel.silence_rate_60dB.stdev": 0.36492761969566345, "lowlevel.spectral_centroid.mean": 2437.23779296875, "lowlevel.spectral_centroid.stdev": 2957.31396484375, "lowlevel.spectral_complexity.mean": 6.058891296386719, "lowlevel.spectral_complexity.stdev": 4.396091938018799, "lowlevel.spectral_decrease.mean": -8.281068275550751e-09, "lowlevel.spectral_decrease.stdev": 1.0486460588765567e-08, "lowlevel.spectral_energy.mean": 0.03320341929793358, "lowlevel.spectral_energy.stdev": 0.04031311720609665, "lowlevel.spectral_energyband_high.mean": 0.0006460562581196427, "lowlevel.spectral_energyband_high.stdev": 0.0011333264410495758, "lowlevel.spectral_energyband_low.mean": 0.00545763922855258, "lowlevel.spectral_energyband_low.stdev": 0.013109566643834114, "lowlevel.spectral_energyband_middle_high.mean": 0.013506907969713211, "lowlevel.spectral_energyband_middle_high.stdev": 0.017801057547330856, "lowlevel.spectral_energyband_middle_low.mean": 0.004914751276373863, "lowlevel.spectral_energyband_middle_low.stdev": 0.008830963633954525, "lowlevel.spectral_entropy.mean": 7.014495849609375, "lowlevel.spectral_entropy.stdev": 1.164236307144165, "lowlevel.spectral_flux.mean": 0.0714150220155716, "lowlevel.spectral_flux.stdev": 0.06463456898927689, "lowlevel.spectral_kurtosis.mean": 5.916153430938721, "lowlevel.spectral_kurtosis.stdev": 6.283757209777832, "lowlevel.spectral_rms.mean": 0.004888914525508881, "lowlevel.spectral_rms.stdev": 0.0029141195118427277, "lowlevel.spectral_rolloff.mean": 2872.99365234375, "lowlevel.spectral_rolloff.stdev": 5423.46142578125, "lowlevel.spectral_skewness.mean": 1.5945457220077515, "lowlevel.spectral_skewness.stdev": 0.997448205947876, "lowlevel.spectral_spread.mean": 7562154.5, "lowlevel.spectral_spread.stdev": 11023735.0, "lowlevel.spectral_strongpeak.mean": 2.6573667526245117, "lowlevel.spectral_strongpeak.stdev": 3.4714815616607666, "lowlevel.zerocrossingrate.mean": 0.09041830152273178, "lowlevel.zerocrossingrate.stdev": 0.1411561667919159, "metadata.audio_properties.analysis.equal_loudness": 0.0, "metadata.audio_properties.analysis.length": 20.074647903442383, "metadata.audio_properties.analysis.sample_rate": 44100.0, "metadata.audio_properties.analysis.start_time": 0.0, "metadata.audio_properties.bit_rate": 103523.0, "metadata.audio_properties.length": 20.07466697692871, "metadata.audio_properties.lossless": 0.0, "metadata.audio_properties.number_channels": 1.0, "metadata.audio_properties.replay_gain": -6.821100234985352, "metadata.audio_properties.sample_rate": 48000.0, "rhythm.beats_count": 36.0, "rhythm.beats_loudness.mean": 0.028076615184545517, "rhythm.beats_loudness.stdev": 0.02085999958217144, "rhythm.bpm": 113.36372375488281, "rhythm.bpm_histogram_first_peak_bpm": 115.0, "rhythm.bpm_histogram_first_peak_weight": 0.46153849363327026, "rhythm.bpm_histogram_second_peak_bpm": 110.0, "rhythm.bpm_histogram_second_peak_spread": 0.0, "rhythm.bpm_histogram_second_peak_weight": 0.11428571492433548, "rhythm.danceability": 0.8574565649032593, "rhythm.onset_rate": 1.9406006336212158, "tonal.chords_changes_rate": 0.04608295112848282, "tonal.chords_number_rate": 0.016129031777381897, "tonal.chords_strength.mean": 0.42251020669937134, "tonal.chords_strength.stdev": 0.13623911142349243, "tonal.hpcp_crest.mean": 14.55949592590332, "tonal.hpcp_crest.stdev": 7.0392279624938965, "tonal.hpcp_entropy.mean": 1.2936550378799438, "tonal.hpcp_entropy.stdev": 0.6899240612983704, "tonal.key_edma.strength": 0.49527931213378906, "tonal.key_krumhansl.strength": 0.494511216878891, "tonal.key_temperley.strength": 0.4995054304599762, "tonal.tuning_diatonic_strength": 0.3629985451698303, "tonal.tuning_equal_tempered_deviation": 0.09364934265613556, "tonal.tuning_frequency": 432.19134521484375, "tonal.tuning_nontempered_energy_ratio": 0.6557719707489014, "lowlevel.barkbands.mean": [0.013644407503306866, 0.0005587763153016567, 8.08259028417524e-06, 6.359150575008243e-06, 9.638887604523916e-06, 3.5406206734478474e-05, 0.0003942374314647168, 0.0032406256068497896, 0.0011494732461869717, 0.0005965447053313255, 0.0038517401553690434, 0.006225602235645056, 0.0023759212344884872, 0.00018919059948530048, 4.852328129345551e-05, 2.943150138889905e-05, 2.0213470634189434e-05, 1.483338655816624e-05, 0.00011532219650689512, 0.00015729448932688683, 0.0003672326565720141, 0.00013056956231594086, 1.6689160474925302e-05, 8.43145971884951e-06, 7.066642410791246e-06, 1.821513023969601e-06, 9.244863541368886e-09], "lowlevel.barkbands.stdev": [0.03579852730035782, 0.0016024841461330652, 2.758030495897401e-05, 2.7104117179987952e-05, 3.240777732571587e-05, 0.00017761546769179404, 0.0010755987605080009, 0.0077051762491464615, 0.003135644132271409, 0.0017420565709471703, 0.007531300187110901, 0.015702776610851288, 0.007924672216176987, 0.0004604952991940081, 0.00010041260247817263, 9.095200221054256e-05, 6.918606231920421e-05, 2.7351246899343096e-05, 0.00024259689962491393, 0.0003069864760618657, 0.0007312293746508658, 0.0003242391103412956, 2.8350026695989072e-05, 1.284528843825683e-05, 1.0647879207681399e-05, 4.205366622045403e-06, 7.943107505070657e-08], "lowlevel.erbbands.mean": [0.0815432220697403, 0.023039167746901512, 0.011336551047861576, 0.017544617876410484, 0.018291020765900612, 0.03156398609280586, 0.08525234460830688, 0.49127039313316345, 3.5855979919433594, 30.410585403442383, 64.18089294433594, 23.95062828063965, 19.010360717773438, 73.06635284423828, 271.4872131347656, 121.86627960205078, 98.39273071289062, 23.659353256225586, 4.612046241760254, 2.968187093734741, 1.9978291988372803, 1.324751377105713, 0.9058030247688293, 5.400857448577881, 3.770491123199463, 6.209301948547363, 15.752113342285156, 11.704813003540039, 6.230845928192139, 0.9638684391975403, 0.36126774549484253, 0.2548099756240845, 0.08322642743587494, 0.0853036418557167, 0.041735585778951645, 0.014276635833084583, 0.0019494678126648068, 9.34170966502279e-05, 2.0462532120291144e-05, 3.8918034988455474e-05], "lowlevel.erbbands.stdev": [0.2036808282136917, 0.07745605707168579, 0.03412137180566788, 0.07211378961801529, 0.07407065480947495, 0.09909185767173767, 0.22713075578212738, 2.63613224029541, 16.242429733276367, 65.78983306884766, 146.2607421875, 59.05681610107422, 52.634002685546875, 114.7481460571289, 502.347412109375, 238.768310546875, 343.6259765625, 57.93742752075195, 10.707942962646484, 5.891775131225586, 5.786570072174072, 4.205904006958008, 1.4717909097671509, 11.800634384155273, 7.190507888793945, 11.370098114013672, 31.182252883911133, 25.58396339416504, 15.31705093383789, 1.5247745513916016, 0.5595399141311646, 0.3972165584564209, 0.12963847815990448, 0.13734318315982819, 0.06708589941263199, 0.02764124609529972, 0.0054261512123048306, 0.00036969027132727206, 2.135714385076426e-05, 4.4420645281206816e-05], "lowlevel.gfcc.mean": [-231.49932861328125, 59.20695877075195, -145.03170776367188, -0.8445954918861389, -70.84173583984375, 34.52143859863281, 16.026588439941406, 22.0341796875, -7.017417907714844, 20.679479598999023, 6.273518085479736, 0.834102988243103, 0.6168646812438965], "lowlevel.melbands.mean": [0.0011269609676674008, 7.905477104941383e-06, 2.9498939966288162e-06, 1.5833007864785031e-06, 2.589326413726667e-06, 1.4244913472793996e-05, 5.437903382699005e-05, 0.000470512721221894, 0.0005080699920654297, 0.0001256504183402285, 9.036041592480615e-05, 0.00026408323901705444, 0.0008457650546915829, 0.0007205628207884729, 0.00023736465664114803, 0.0001386129588354379, 3.4732431231532246e-05, 8.542001523892395e-06, 3.801047569140792e-06, 2.825550609486527e-06, 1.978647560463287e-06, 1.5258988241839688e-06, 7.338628051911655e-07, 6.769723768229596e-07, 5.000318651582347e-06, 3.3487963264633436e-06, 2.827930984494742e-06, 3.899064267898211e-06, 1.3255073099571746e-05, 8.02668000687845e-06, 5.0704625209618825e-06, 4.606036782206502e-06, 9.129396403295686e-07, 3.960252570323064e-07, 1.8570341353552067e-07, 2.2935503807275381e-07, 1.120840451562799e-07, 5.6122150482451616e-08, 6.249425865689773e-08, 7.251082934089936e-08], "lowlevel.melbands.stdev": [0.0027195694856345654, 3.0090346626820974e-05, 1.175243505713297e-05, 5.395174866862362e-06, 7.700128662690986e-06, 8.58425919432193e-05, 0.00021223939256742597, 0.0011383125092834234, 0.001205952255986631, 0.0003171060816384852, 0.00028404081240296364, 0.0004280325665604323, 0.0013248466420918703, 0.001831601606681943, 0.0008646592032164335, 0.000394583708839491, 9.286253771279007e-05, 2.6297200747649185e-05, 7.90962076280266e-06, 5.437655090645421e-06, 6.195136393216671e-06, 5.87579916100367e-06, 1.5760380165374954e-06, 1.3139383554516826e-06, 1.1236095815547742e-05, 7.036543138383422e-06, 5.929608505539363e-06, 7.237228146550478e-06, 2.974787821585778e-05, 2.0042209143866785e-05, 1.0255291272187606e-05, 1.3075561582809314e-05, 2.2449296466220403e-06, 7.845981144782854e-07, 3.042473792902456e-07, 4.0924527411334566e-07, 1.7548006780998548e-07, 9.097978193040035e-08, 9.979207504784426e-08, 1.2220698408782482e-07], "lowlevel.melbands128.mean": [0.004886944312602282, 0.0011104472214356065, 0.00014001828094478697, 1.3819378182233777e-05, 5.664029231411405e-06, 3.7955953757773386e-06, 3.736232883966295e-06, 2.797497927531367e-06, 1.695250830380246e-06, 1.131898102357809e-06, 1.5858464621487656e-06, 2.8164981813461054e-06, 2.8624258447962347e-06, 2.3886407234385842e-06, 2.183228616559063e-06, 1.5042452105262782e-05, 6.60107471048832e-05, 2.8695820219581947e-05, 8.056365913944319e-05, 0.00015878518752288073, 0.0009561376646161079, 0.0007499777711927891, 0.0003886454796884209, 0.000345265754731372, 0.00011468911543488503, 6.611774733755738e-05, 5.962762952549383e-05, 8.305917435791343e-05, 0.00015221114153973758, 3.460414518485777e-05, 0.00013496071915142238, 0.0010044168448075652, 0.0006216141628101468, 0.0007269177585840225, 0.001946205273270607, 8.338417683262378e-05, 4.817307853954844e-05, 0.00013657765521202236, 0.0006006082403473556, 8.699207683093846e-05, 5.672550469171256e-05, 0.00012585005606524646, 7.547376753791468e-06, 1.0567175195319578e-05, 2.478998248989228e-05, 1.0823276852534036e-06, 1.5470500329684e-06, 2.9568527679657564e-06, 6.2755225371802226e-06, 4.245944637659704e-06, 5.987840268062428e-07, 3.0828089165879646e-06, 3.7345803320931736e-06, 3.6224446375854313e-07, 1.011583208310185e-06, 2.6941895612253575e-06, 6.786071367059776e-07, 6.889417818456423e-07, 9.691722198112984e-07, 4.214126647639205e-07, 8.476407060697966e-07, 5.850719730915444e-07, 6.449121201512753e-07, 9.372764907311648e-06, 7.890192136983387e-06, 1.5342407095886301e-06, 1.2245764082763344e-06, 3.095716465395526e-06, 2.7201381271879654e-06, 3.966043550462928e-06, 1.1335329190842458e-06, 1.5591172086715233e-06, 2.042131200141739e-05, 1.756172423483804e-05, 1.439941001990519e-06, 2.528833647374995e-06, 1.9289187548565678e-05, 6.686327651550528e-06, 1.5634968804079108e-06, 2.2686954253003933e-06, 9.075750313058961e-06, 2.29455872613471e-06, 2.4103653686324833e-06, 5.727405891775561e-07, 1.192375549408098e-07, 2.962462417599454e-07, 7.108823751877935e-07, 2.240168441858259e-07, 1.2464806786738336e-07, 1.1653974496539377e-07, 2.1302865604866383e-07, 2.923899842244282e-07, 2.370331060319586e-07, 7.916567312804546e-08, 4.9487802300518524e-08, 8.076911228727113e-08, 5.430704774767037e-08, 2.4707874857199386e-08, 6.388428630543785e-08, 7.06255605109618e-08, 9.352445573540535e-08, 6.033840094232801e-08, 7.298638848851624e-08, 6.930982721087275e-08, 3.9015482400373e-08, 2.8443695399005264e-08, 4.983597534646833e-08, 2.5835436900933928e-08, 1.3129306530856866e-08, 2.98306126467196e-08, 2.1478985701151032e-08, 5.820137705114803e-09, 1.0912537540264111e-09, 1.6270941260998484e-09, 9.23578769018718e-10, 4.762866212537631e-10, 3.3201447147135354e-10, 1.632301238618794e-11, 6.084674864653694e-12, 5.9221147950816455e-12, 5.7714757452365095e-12, 5.652651090259919e-12, 5.551111653678831e-12, 5.455179710733837e-12, 5.2891280764855164e-12, 5.0757991559846616e-12, 4.948454406655811e-12, 4.909971301064742e-12], "lowlevel.melbands128.stdev": [0.0117541728541255, 0.002727183047682047, 0.00042605807539075613, 6.257175846258178e-05, 1.7935359210241586e-05, 1.3633245544042438e-05, 1.66060035553528e-05, 1.1647888641164172e-05, 7.3993310252262745e-06, 4.753027496917639e-06, 5.048471848567715e-06, 1.0909114280366339e-05, 8.982658982858993e-06, 6.376124019880081e-06, 5.404231160355266e-06, 9.36872384045273e-05, 0.0004577049403451383, 0.00018216938769910485, 0.00019870205142069608, 0.0002981034922413528, 0.002620386891067028, 0.0020039454102516174, 0.0018250925932079554, 0.0011790920980274677, 0.0004303777823224664, 0.00028927347739227116, 0.0002664080820977688, 0.00030630454421043396, 0.0005672659026458859, 7.133436156436801e-05, 0.00027421454433351755, 0.0021765658166259527, 0.0013959859497845173, 0.002077413722872734, 0.005071301478892565, 0.0001825419021770358, 0.0002279053587699309, 0.00042661873158067465, 0.0024573805276304483, 0.00034699408570304513, 0.00018158656894229352, 0.0004142923862673342, 2.602797030704096e-05, 3.330246909172274e-05, 8.48808340379037e-05, 2.511523689463502e-06, 5.847180545970332e-06, 1.029220311465906e-05, 1.676995998423081e-05, 1.0492393812455703e-05, 2.3517841327702627e-06, 1.1771921890613157e-05, 1.3169465091777965e-05, 1.7615003571336274e-06, 4.099636043974897e-06, 1.2312489161558915e-05, 2.252587364637293e-06, 2.273790414619725e-06, 2.189053020629217e-06, 1.0929244353974354e-06, 1.8831134411811945e-06, 1.3276574009069009e-06, 1.6851313375809696e-06, 2.070712434942834e-05, 2.400021367066074e-05, 4.247731340001337e-06, 3.1156278055277653e-06, 1.1154531421198044e-05, 6.231646239029942e-06, 1.1726822776836343e-05, 2.6745385639515007e-06, 3.5496816508384654e-06, 4.510266080615111e-05, 4.364300912129693e-05, 4.9253421821049415e-06, 7.509047918574652e-06, 5.242054248810746e-05, 1.7923570339917205e-05, 5.9433700698718894e-06, 4.5839406084269285e-06, 3.16495934384875e-05, 5.85583393331035e-06, 7.314303729799576e-06, 1.175736997538479e-06, 2.4122394393089053e-07, 5.728397241000494e-07, 1.8621150275066611e-06, 3.888821424880007e-07, 2.490362192020257e-07, 2.621506780542404e-07, 4.992349431631737e-07, 5.868895414096187e-07, 4.0937106859928463e-07, 1.4857239705179381e-07, 1.0428770735870785e-07, 1.2814022909424239e-07, 9.431652614466657e-08, 6.808974006844437e-08, 1.1523663800971917e-07, 1.0852782139636474e-07, 2.018870901565606e-07, 1.1036039637701833e-07, 1.456915015296545e-07, 1.1956805678892124e-07, 7.228080534105175e-08, 4.8356319837239425e-08, 1.0399621430678962e-07, 5.28106944841511e-08, 2.8888202052712586e-08, 7.813391533773029e-08, 6.910823913131026e-08, 2.2060442361748756e-08, 7.581212102536483e-09, 1.0607949185725829e-08, 5.0665041051445314e-09, 2.920065744760336e-09, 2.847338587130821e-09, 1.2445765251722918e-10, 9.630525543702362e-12, 9.382407177571661e-12, 9.157144660598693e-12, 8.963368242076442e-12, 8.785405562761195e-12, 8.632909491435026e-12, 8.495260918339742e-12, 8.382821346797353e-12, 8.305255788654264e-12, 8.25926393249743e-12], "lowlevel.mfcc.mean": [-805.4678344726562, 88.9457778930664, -21.14051628112793, -9.677338600158691, -41.849308013916016, 13.339613914489746, 24.16179084777832, 11.37834358215332, 16.04275131225586, 16.011226654052734, 18.385845184326172, 20.033462524414062, 16.790142059326172], "lowlevel.spectral_contrast_coeffs.mean": [-0.868013858795166, -0.678588330745697, -0.6462348699569702, -0.7657223343849182, -0.790793776512146, -0.7329275012016296], "lowlevel.spectral_contrast_coeffs.stdev": [0.05120117589831352, 0.14241069555282593, 0.14312735199928284, 0.11305665224790573, 0.08807344734668732, 0.10962919145822525], "lowlevel.spectral_contrast_valleys.mean": [-10.876953125, -10.089815139770508, -10.236770629882812, -10.923849105834961, -10.728466987609863, -13.223272323608398], "lowlevel.spectral_contrast_valleys.stdev": [5.527040481567383, 5.821870803833008, 5.781721591949463, 5.522090911865234, 5.596061706542969, 4.753803253173828], "rhythm.beats_loudness_band_ratio.mean": [0.29531344771385193, 0.001310352236032486, 0.19525146484375, 0.3871093690395355, 0.007276942487806082, 0.03328826650977135], "rhythm.beats_loudness_band_ratio.stdev": [0.3198332190513611, 0.0029145285952836275, 0.2751674950122833, 0.3201062083244324, 0.011862853541970253, 0.05102592706680298], "tonal.hpcp.mean": [0.0040793586522340775, 0.003779289312660694, 0.032552462071180344, 0.06709667295217514, 0.03822978958487511, 0.05057622492313385, 0.22663038969039917, 0.18600289523601532, 0.008660742081701756, 0.003579879878088832, 0.002779723145067692, 0.10241685807704926, 0.3220629096031189, 0.22376208007335663, 0.006903874222189188, 0.006226209923624992, 0.0035761776380240917, 0.028281178325414658, 0.08032117038965225, 0.05370554327964783, 0.013440059497952461, 0.07971467077732086, 0.06875114887952805, 0.10331961512565613, 0.3488297760486603, 0.24799953401088715, 0.02399805746972561, 0.07807663828134537, 0.05756951868534088, 0.0033283187076449394, 0.0020330853294581175, 0.0025250499602407217, 0.021128157153725624, 0.07946997135877609, 0.06563767790794373, 0.007323103491216898], "tonal.hpcp.stdev": [0.036650318652391434, 0.04515744000673294, 0.1030275896191597, 0.2039104402065277, 0.1177985817193985, 0.12116297334432602, 0.3940961956977844, 0.3276035785675049, 0.035426151007413864, 0.03894776478409767, 0.027578158304095268, 0.17629128694534302, 0.43577611446380615, 0.3165901303291321, 0.04196667671203613, 0.062313809990882874, 0.031291306018829346, 0.07681434601545334, 0.20687679946422577, 0.13524532318115234, 0.04433856159448624, 0.251141220331192, 0.21990594267845154, 0.11911328136920929, 0.4060668349266052, 0.28857606649398804, 0.07464806735515594, 0.21457073092460632, 0.16487188637256622, 0.02049792744219303, 0.007202852517366409, 0.01599947363138199, 0.07606637477874756, 0.22448772192001343, 0.1861400455236435, 0.047341275960206985], "rhythm.beats_position": [0.5921088457107544, 1.1842176914215088, 1.7879364490509033, 2.3684353828430176, 2.9489340782165527, 3.494603157043457, 4.0634918212890625, 4.585940837860107, 5.108389854431152, 5.630838871002197, 6.153287887573242, 6.675736904144287, 7.209795951843262, 7.732244968414307, 8.254693984985352, 8.777142524719238, 9.311202049255371, 9.845260620117188, 10.379319190979004, 10.901768684387207, 11.424217224121094, 11.958276748657227, 12.480725288391113, 13.003174781799316, 13.537233352661133, 14.07129192352295, 14.605351448059082, 15.139410018920898, 15.650249481201172, 16.172698974609375, 16.706756591796875, 17.240816116333008, 17.76326560974121, 18.30893325805664, 18.854602813720703, 19.400272369384766], "rhythm.bpm_histogram": [0.0, 0.0, 0.0, 0.0, 0.0, 0.0, 0.0, 0.0, 0.0, 0.0, 0.0, 0.0, 0.0, 0.0, 0.0, 0.0, 0.0, 0.0, 0.0, 0.0, 0.0, 0.0, 0.0, 0.0, 0.0, 0.0, 0.0, 0.0, 0.0, 0.0, 0.0, 0.0, 0.0, 0.0, 0.0, 0.0, 0.0, 0.0, 0.0, 0.0, 0.0, 0.0, 0.0, 0.0, 0.0, 0.0, 0.0, 0.0, 0.0, 0.0, 0.0, 0.0, 0.0, 0.0, 0.0, 0.0, 0.0, 0.0, 0.0, 0.0, 0.0, 0.0, 0.0, 0.0, 0.0, 0.0, 0.0, 0.0, 0.0, 0.0, 0.0, 0.0, 0.0, 0.0, 0.0, 0.0, 0.0, 0.0, 0.0, 0.0, 0.0, 0.0, 0.0, 0.0, 0.0, 0.0, 0.0, 0.0, 0.0, 0.0, 0.0, 0.0, 0.0, 0.0, 0.0, 0.0, 0.0, 0.0, 0.0, 0.02857142873108387, 0.0, 0.02857142873108387, 0.0, 0.05714285746216774, 0.0, 0.02857142873108387, 0.0, 0.0, 0.0, 0.0, 0.11428571492433548, 0.0, 0.3142857253551483, 0.0, 0.0, 0.4000000059604645, 0.0, 0.02857142873108387, 0.0, 0.0, 0.0, 0.0, 0.0, 0.0, 0.0, 0.0, 0.0, 0.0, 0.0, 0.0, 0.0, 0.0, 0.0, 0.0, 0.0, 0.0, 0.0, 0.0, 0.0, 0.0, 0.0, 0.0, 0.0, 0.0, 0.0, 0.0, 0.0, 0.0, 0.0, 0.0, 0.0, 0.0, 0.0, 0.0, 0.0, 0.0, 0.0, 0.0, 0.0, 0.0, 0.0, 0.0, 0.0, 0.0, 0.0, 0.0, 0.0, 0.0, 0.0, 0.0, 0.0, 0.0, 0.0, 0.0, 0.0, 0.0, 0.0, 0.0, 0.0, 0.0, 0.0, 0.0, 0.0, 0.0, 0.0, 0.0, 0.0, 0.0, 0.0, 0.0, 0.0, 0.0, 0.0, 0.0, 0.0, 0.0, 0.0, 0.0, 0.0, 0.0, 0.0, 0.0, 0.0, 0.0, 0.0, 0.0, 0.0, 0.0, 0.0, 0.0, 0.0, 0.0, 0.0, 0.0, 0.0, 0.0, 0.0, 0.0, 0.0, 0.0, 0.0, 0.0, 0.0, 0.0, 0.0, 0.0, 0.0, 0.0, 0.0, 0.0, 0.0, 0.0, 0.0, 0.0, 0.0, 0.0, 0.0, 0.0, 0.0, 0.0, 0.0, 0.0, 0.0, 0.0, 0.0, 0.0, 0.0, 0.0, 0.0, 0.0], "tonal.chords_histogram": [0.0, 35.48387145996094, 37.09677505493164, 0.0, 0.0, 0.0, 0.0, 0.0, 5.990783214569092, 1.843317985534668, 0.2304147481918335, 5.529953956604004, 0.0, 10.138248443603516, 0.0, 0.2304147481918335, 0.0, 0.0, 0.0, 0.0, 2.534562110900879, 0.921658992767334, 0.0, 0.0], "tonal.thpcp": [1.0, 0.7109471559524536, 0.06879589706659317, 0.22382447123527527, 0.165036141872406, 0.009541383944451809, 0.005828302353620529, 0.007238630671054125, 0.0605686753988266, 0.22781877219676971, 0.1881653517484665, 0.020993344485759735, 0.011694410815834999, 0.010834193788468838, 0.09331904351711273, 0.19234789907932281, 0.10959439724683762, 0.1449882686138153, 0.649687647819519, 0.5332196354866028, 0.02482798881828785, 0.01026254054158926, 0.00796870980411768, 0.29360124468803406, 0.9232667088508606, 0.6414649486541748, 0.019791528582572937, 0.017848849296569824, 0.010251928120851517, 0.08107443898916245, 0.23025892674922943, 0.15395916998386383, 0.038528990000486374, 0.2285202592611313, 0.19709081947803497, 0.29618921875953674], "lowlevel.gfcc.cov": [[129853.9453125, 6815.08056640625, -19090.68359375, -596.42041015625, -9439.671875, 4104.28076171875, 2495.83154296875, 2555.24560546875, -986.2964477539062, 3036.2646484375, 833.2953491210938, -80.77381134033203, -141.0894012451172], [6815.08056640625, 1539.5120849609375, -737.6476440429688, -422.5521545410156, -489.6686706542969, -26.97571563720703, 19.581844329833984, 192.479736328125, 174.54852294921875, -131.91751098632812, 64.89635467529297, -83.13572692871094, 222.5389862060547], [-19090.68359375, -737.6476440429688, 3398.867919921875, 392.8266906738281, 1559.966796875, -583.0457763671875, -356.4452819824219, -343.5062561035156, 121.00010681152344, -552.6836547851562, -84.6519775390625, 125.69369506835938, 133.0619354248047], [-596.42041015625, -422.5521545410156, 392.8266906738281, 578.5366821289062, 201.92181396484375, 83.46161651611328, 7.6027116775512695, -13.471914291381836, -131.99977111816406, 46.334571838378906, -28.39728546142578, 121.69534301757812, -0.8796648979187012], [-9439.671875, -489.6686706542969, 1559.966796875, 201.92181396484375, 957.1741943359375, -211.57565307617188, -245.20315551757812, -227.6986846923828, 57.86581039428711, -227.30628967285156, -14.323877334594727, 38.99089431762695, -38.399688720703125], [4104.28076171875, -26.97571563720703, -583.0457763671875, 83.46161651611328, -211.57565307617188, 365.0557861328125, 172.4497528076172, 25.07380485534668, -155.5706787109375, 114.89033508300781, 96.67021179199219, 39.07939910888672, -93.77448272705078], [2495.83154296875, 19.581844329833984, -356.4452819824219, 7.6027116775512695, -245.20315551757812, 172.4497528076172, 305.19268798828125, 81.82904815673828, -108.04605102539062, 33.90183639526367, 37.69806671142578, 9.445448875427246, -11.511177062988281], [2555.24560546875, 192.479736328125, -343.5062561035156, -13.471914291381836, -227.6986846923828, 25.07380485534668, 81.82904815673828, 175.8201904296875, 37.71025466918945, 2.7693073749542236, -40.73384475708008, -1.5189628601074219, 55.418453216552734], [-986.2964477539062, 174.54852294921875, 121.00010681152344, -131.99977111816406, 57.86581039428711, -155.5706787109375, -108.04605102539062, 37.71025466918945, 201.5546417236328, -18.787792205810547, -29.66975212097168, -48.03511428833008, 55.0947380065918], [3036.2646484375, -131.91751098632812, -552.6836547851562, 46.334571838378906, -227.30628967285156, 114.89033508300781, 33.90183639526367, 2.7693073749542236, -18.787792205810547, 305.9095764160156, 39.69194793701172, -6.007590293884277, -102.4651107788086], [833.2953491210938, 64.89635467529297, -84.6519775390625, -28.39728546142578, -14.323877334594727, 96.67021179199219, 37.69806671142578, -40.73384475708008, -29.66975212097168, 39.69194793701172, 183.75927734375, 54.83635711669922, -45.136539459228516], [-80.77381134033203, -83.13572692871094, 125.69369506835938, 121.69534301757812, 38.99089431762695, 39.07939910888672, 9.445448875427246, -1.5189628601074219, -48.03511428833008, -6.007590293884277, 54.83635711669922, 114.18148803710938, 29.492494583129883], [-141.0894012451172, 222.5389862060547, 133.0619354248047, -0.8796648979187012, -38.399688720703125, -93.77448272705078, -11.511177062988281, 55.418453216552734, 55.0947380065918, -102.4651107788086, -45.136539459228516, 29.492494583129883, 210.45947265625]], "lowlevel.gfcc.icov": [[0.0003414751554373652, -0.0011506290175020695, 0.00125123409088701, -0.0011656128335744143, 0.0004987155552953482, -0.0009641462238505483, 4.070205250172876e-05, -0.0006721795070916414, 0.00014030549209564924, -0.0006442376179620624, 5.834249532199465e-05, -0.0006496720016002655, 0.00024342499091289937], [-0.0011506290175020695, 0.00547341164201498, -0.004110486246645451, 0.0041299015283584595, -0.0009771388722583652, 0.002874685451388359, 0.0006076889694668353, 0.0015327839646488428, -0.001105042640119791, 0.0033494371455162764, -0.0019428380765020847, 0.0038387260865420103, -0.0022452303674072027], [0.00125123409088701, -0.004110486246645451, 0.007106624078005552, -0.0051727634854614735, -0.001000134856440127, -0.001139436848461628, -0.0014509310713037848, -0.000675082323141396, -0.00031402535387314856, -0.000707181403413415, 0.0003348846803419292, -0.0040220413357019424, 0.0004520500951912254], [-0.0011656128335744143, 0.0041299015283584595, -0.0051727634854614735, 0.008518684655427933, -0.002854383084923029, 0.0019144648686051369, 0.0009416254470124841, -0.001137993880547583, 0.0032002381049096584, -0.0009175165905617177, 0.0011428655125200748, 0.0003536685835570097, -0.0022478336468338966], [0.0004987155552953482, -0.0009771388722583652, -0.001000134856440127, -0.002854383084923029, 0.008581360802054405, -0.003981226123869419, 0.0022851123940199614, 0.0019386484054848552, -0.003344744211062789, 0.0017012952594086528, -0.00028639446827583015, 9.244090324500576e-05, 0.003023782279342413], [-0.0009641462238505483, 0.002874685451388359, -0.001139436848461628, 0.0019144648686051369, -0.003981226123869419, 0.011730414815247059, -0.003028018632903695, 0.0020386632531881332, 0.0027267569676041603, 0.0020831606816500425, -0.002278317930176854, 0.00044581288238987327, 0.0005895545473322272], [4.070205250172876e-05, 0.0006076889694668353, -0.0014509310713037848, 0.0009416254470124841, 0.0022851123940199614, -0.003028018632903695, 0.00792003609240055, -0.005377309862524271, 0.004285433795303106, -0.0006666152039542794, -0.0026528385933488607, 0.003984952811151743, -0.0013508909614756703], [-0.0006721795070916414, 0.0015327839646488428, -0.000675082323141396, -0.001137993880547583, 0.0019386484054848552, 0.0020386632531881332, -0.005377309862524271, 0.019933070987462997, -0.011035126633942127, 0.0065798223949968815, 0.0056181722320616245, -0.005603491794317961, 0.00215228833258152], [0.00014030549209564924, -0.001105042640119791, -0.00031402535387314856, 0.0032002381049096584, -0.003344744211062789, 0.0027267569676041603, 0.004285433795303106, -0.011035126633942127, 0.017702240496873856, -0.006552266422659159, -0.003364576492458582, 0.005721740424633026, -0.004128295928239822], [-0.0006442376179620624, 0.0033494371455162764, -0.000707181403413415, -0.0009175165905617177, 0.0017012952594086528, 0.0020831606816500425, -0.0006666152039542794, 0.0065798223949968815, -0.006552266422659159, 0.011142604984343052, -0.0008853573235683143, 0.00010035430750576779, 0.0028755073435604572], [5.834249532199465e-05, -0.0019428380765020847, 0.0003348846803419292, 0.0011428655125200748, -0.00028639446827583015, -0.002278317930176854, -0.0026528385933488607, 0.0056181722320616245, -0.003364576492458582, -0.0008853573235683143, 0.012870271690189838, -0.01042994949966669, 0.0038661949802190065], [-0.0006496720016002655, 0.0038387260865420103, -0.0040220413357019424, 0.0003536685835570097, 9.244090324500576e-05, 0.00044581288238987327, 0.003984952811151743, -0.005603491794317961, 0.005721740424633026, 0.00010035430750576779, -0.01042994949966669, 0.023801259696483612, -0.007062441669404507], [0.00024342499091289937, -0.0022452303674072027, 0.0004520500951912254, -0.0022478336468338966, 0.003023782279342413, 0.0005895545473322272, -0.0013508909614756703, 0.00215228833258152, -0.004128295928239822, 0.0028755073435604572, 0.0038661949802190065, -0.007062441669404507, 0.011466914787888527]], "lowlevel.mfcc.cov": [[33386.21875, 4028.22607421875, -2355.507568359375, -1092.925048828125, -3875.411865234375, 655.1231079101562, 1493.4888916015625, 89.26057434082031, 927.5908203125, 981.464111328125, 1304.8995361328125, 1296.5343017578125, 1057.8790283203125], [4028.22607421875, 2161.94677734375, -59.69479751586914, -299.6600646972656, -321.33233642578125, -174.5058135986328, -0.5867751836776733, 200.3225555419922, 257.3939514160156, 150.16624450683594, 27.240520477294922, 126.8802490234375, 120.70307159423828], [-2355.507568359375, -59.69479751586914, 534.3990478515625, 275.8453063964844, 368.5627136230469, 2.3265037536621094, -17.88106918334961, 93.33221435546875, -54.420623779296875, -125.64476013183594, -145.94381713867188, -108.507568359375, 22.84868812561035], [-1092.925048828125, -299.6600646972656, 275.8453063964844, 412.65130615234375, 265.176513671875, 76.2632064819336, 34.3450813293457, 37.841800689697266, -9.243267059326172, -40.227291107177734, -76.7086181640625, -66.73529815673828, 15.242950439453125], [-3875.411865234375, -321.33233642578125, 368.5627136230469, 265.176513671875, 766.35302734375, 20.673717498779297, -182.5579071044922, 25.551036834716797, -165.26324462890625, -135.3389892578125, -131.0163116455078, -106.55481719970703, -63.02299499511719], [655.1231079101562, -174.5058135986328, 2.3265037536621094, 76.2632064819336, 20.673717498779297, 291.213134765625, 195.3728790283203, -18.144596099853516, -98.99639892578125, -4.841378688812256, 136.0789031982422, 75.75345611572266, 46.6519660949707], [1493.4888916015625, -0.5867751836776733, -17.88106918334961, 34.3450813293457, -182.5579071044922, 195.3728790283203, 313.5740661621094, 81.0571517944336, -36.38286590576172, 14.06071949005127, 114.57281494140625, 63.90445327758789, 35.33997344970703], [89.26057434082031, 200.3225555419922, 93.33221435546875, 37.841800689697266, 25.551036834716797, -18.144596099853516, 81.0571517944336, 205.49745178222656, 34.06483840942383, 2.48368763923645, -24.77198600769043, -33.901859283447266, -20.92951774597168], [927.5908203125, 257.3939514160156, -54.420623779296875, -9.243267059326172, -165.26324462890625, -98.99639892578125, -36.38286590576172, 34.06483840942383, 237.15953063964844, 96.97606658935547, -52.091941833496094, -17.27216339111328, -2.6025021076202393], [981.464111328125, 150.16624450683594, -125.64476013183594, -40.227291107177734, -135.3389892578125, -4.841378688812256, 14.06071949005127, 2.48368763923645, 96.97606658935547, 137.28904724121094, 53.461875915527344, 41.1314811706543, -7.205735206604004], [1304.8995361328125, 27.240520477294922, -145.94381713867188, -76.7086181640625, -131.0163116455078, 136.0789031982422, 114.57281494140625, -24.77198600769043, -52.091941833496094, 53.461875915527344, 212.9276885986328, 131.60238647460938, 40.26321792602539], [1296.5343017578125, 126.8802490234375, -108.507568359375, -66.73529815673828, -106.55481719970703, 75.75345611572266, 63.90445327758789, -33.901859283447266, -17.27216339111328, 41.1314811706543, 131.60238647460938, 183.975830078125, 124.89405059814453], [1057.8790283203125, 120.70307159423828, 22.84868812561035, 15.242950439453125, -63.02299499511719, 46.6519660949707, 35.33997344970703, -20.92951774597168, -2.6025021076202393, -7.205735206604004, 40.26321792602539, 124.89405059814453, 248.76345825195312]], "lowlevel.mfcc.icov": [[0.0002597485145088285, -0.0003974525898229331, 0.0008267988450825214, -0.0005907901795580983, 0.0008078028331510723, -0.00042621142347343266, -0.00021996199211571366, -0.00011444742267485708, -0.00020372215658426285, 0.0002085254091070965, -0.0002518526162020862, -9.446842886973172e-05, -0.0005531818023882806], [-0.0003974525898229331, 0.001391968340612948, -0.0017288402887061238, 0.0016493492294102907, -0.0011814491590484977, 0.0007533942116424441, 0.00048197570140473545, -0.000583257176913321, -0.00026087186415679753, -0.0007694162195548415, 0.00039966253098100424, -0.00041933669126592577, 0.0006351994816213846], [0.0008267988450825214, -0.0017288402887061238, 0.007851007394492626, -0.0039143431931734085, 0.0009486347553320229, -0.000832146208267659, -0.0018486854387447238, -0.0009976490400731564, -0.0007822193438187242, 0.003146478673443198, -0.0001254784147022292, 0.0014002933166921139, -0.0031830875668674707], [-0.0005907901795580983, 0.0016493492294102907, -0.0039143431931734085, 0.007165271323174238, -0.003663202514871955, 0.0003704586415551603, -0.0015235749306157231, 0.0008343065273948014, -0.0016285638557747006, -0.002170068211853504, 0.0011085746809840202, 0.0012362204724922776, 4.168717350694351e-05], [0.0008078028331510723, -0.0011814491590484977, 0.0009486347553320229, -0.003663202514871955, 0.00781314168125391, -0.00500480318441987, 0.005407413002103567, -0.0031815057154744864, 0.002582584274932742, 0.0008204171317629516, 0.0011668619699776173, -0.0024817136581987143, 0.0002653873525559902], [-0.00042621142347343266, 0.0007533942116424441, -0.000832146208267659, 0.0003704586415551603, -0.00500480318441987, 0.013426434248685837, -0.008980929851531982, 0.004754738882184029, 7.258956611622125e-05, -0.000798270630184561, -0.00514873955398798, 0.0021658444311469793, -0.000885728164575994], [-0.00021996199211571366, 0.00048197570140473545, -0.0018486854387447238, -0.0015235749306157231, 0.005407413002103567, -0.008980929851531982, 0.014973195269703865, -0.00715670408681035, 0.0030111330561339855, 0.0007812932599335909, 0.0013576828641816974, -0.0026418252382427454, 0.0024503665044903755], [-0.00011444742267485708, -0.000583257176913321, -0.0009976490400731564, 0.0008343065273948014, -0.0031815057154744864, 0.004754738882184029, -0.00715670408681035, 0.009950723499059677, -0.0017614525277167559, -0.0005831344751641154, -0.0013716998510062695, 0.0024356867652386427, -6.976126314839348e-05], [-0.00020372215658426285, -0.00026087186415679753, -0.0007822193438187242, -0.0016285638557747006, 0.002582584274932742, 7.258956611622125e-05, 0.0030111330561339855, -0.0017614525277167559, 0.01132914423942566, -0.006775595247745514, 0.004464791156351566, -0.00037562448414973915, 0.0006174606969580054], [0.0002085254091070965, -0.0007694162195548415, 0.003146478673443198, -0.002170068211853504, 0.0008204171317629516, -0.000798270630184561, 0.0007812932599335909, -0.0005831344751641154, -0.006775595247745514, 0.016661573201417923, -0.004334473982453346, -0.0017313272692263126, 0.0015105503844097257], [-0.0002518526162020862, 0.00039966253098100424, -0.0001254784147022292, 0.0011085746809840202, 0.0011668619699776173, -0.00514873955398798, 0.0013576828641816974, -0.0013716998510062695, 0.004464791156351566, -0.004334473982453346, 0.016767563298344612, -0.009125561453402042, 0.0035624424926936626], [-9.446842886973172e-05, -0.00041933669126592577, 0.0014002933166921139, 0.0012362204724922776, -0.0024817136581987143, 0.0021658444311469793, -0.0026418252382427454, 0.0024356867652386427, -0.00037562448414973915, -0.0017313272692263126, -0.009125561453402042, 0.019194094464182854, -0.008267492987215519], [-0.0005531818023882806, 0.0006351994816213846, -0.0031830875668674707, 4.168717350694351e-05, 0.0002653873525559902, -0.000885728164575994, 0.0024503665044903755, -6.976126314839348e-05, 0.0006174606969580054, 0.0015105503844097257, 0.0035624424926936626, -0.008267492987215519, 0.009857678785920143]], "metadata.audio_properties.analysis.downmix": "mix", "metadata.audio_properties.codec": "mp3", "metadata.audio_properties.md5_encoded": "682cd4b1a041bbce52d04d1a6670120c", "metadata.tags.file_name": "1183698878244069386.mp3", "metadata.version.essentia": "2.1-beta6-dev", "metadata.version.essentia_git_sha": "v2.1_beta5-1110-g77a6a954", "metadata.version.extractor": "music 2.0", "tonal.chords_key": "C#", "tonal.chords_scale": "major", "tonal.key_edma.key": "F#", "tonal.key_edma.scale": "major", "tonal.key_krumhansl.key": "F#", "tonal.key_krumhansl.scale": "major", "tonal.key_temperley.key": "F#", "tonal.key_temperley.scale": "major", "metadata.tags.encoding": ["Lavf58.45.100"]}, "essentia_models": [{"model_name": "genre_dortmund", "activations": {"alternative": "0.108271964", "blues": "0.015664147", "electronic": "0.63277847", "folkcountry": "0.02429524", "funksoulrnb": "0.060186964", "jazz": "0.26717797", "pop": "0.042264316", "raphiphop": "0.0625883", "rock": "0.027446553"}}, {"model_name": "genre_rosamerica", "activations": {"classic": "0.73187476", "dance": "0.058086473", "hip hop": "0.020202857", "jazz": "0.06053849", "pop": "0.017046006", "rhythm and blues": "0.009144631", "rock": "0.047781076", "speech": "0.05247416"}}, {"model_name": "genre_tzanetakis", "activations": {"blues": "0.015224196", "classic": "0.68504626", "country": "0.012198817", "disco": "0.01793997", "hip hop