{"song_id": "1183709398674178098", "download": "https://cdn.discordapp.com/attachments/1135911532732108921/1183709398674178098/chirp.mp4?ex=65895248&amp", "lyrics": "(\u041a\u0443\u043f\u043b\u0435\u0442 1)\n\u041c\u043e\u0433\u0443\u0447\u0438\u0435 \u0441\u044b\u0440\u043d\u044b\u0435 \u043e\u043b\u0435\u043d\u0438,\n\u0411\u0435\u0433\u0443\u0442 \u043f\u043e \u043b\u0435\u0441\u0430\u043c \u0438 \u043f\u043e\u043b\u044f\u043c.\n\u0418\u0445 \u0440\u043e\u0433\u0430 \u0431\u043b\u0435\u0441\u0442\u044f\u0442 \u043d\u0430 \u0441\u043e\u043b\u043d\u0446\u0435,\n\u0418\u0445 \u0448\u043a\u0443\u0440\u0430 \u043f\u043e\u043a\u0440\u044b\u0442\u0430 \u043c\u0435\u0445\u043e\u043c.\n\n(\u041f\u0440\u0438\u043f\u0435\u0432)\n\u041e\u043b\u0435\u043d\u0438, \u043e\u043b\u0435\u043d\u0438, \u0441\u044b\u0440\u043d\u044b\u0435 \u043e\u043b\u0435\u043d\u0438,\n\u0421\u0438\u043b\u0430 \u0438 \u0433\u0440\u0430\u0446\u0438\u044f \u0432 \u043a\u0430\u0436\u0434\u043e\u043c \u0434\u0432\u0438\u0436\u0435\u043d\u0438\u0438.\n\u041e\u043b\u0435\u043d\u0438, \u043e\u043b\u0435\u043d\u0438, \u043c\u043e\u0433\u0443\u0447\u0438\u0435 \u043e\u043b\u0435\u043d\u0438,\n\u0412\u0441\u0435\u0433\u0434\u0430 \u043d\u0430 \u0441\u0442\u0440\u0430\u0436\u0435 \u0441\u0432\u043e\u0435\u0439 \u0442\u0435\u0440\u0440\u0438\u0442\u043e\u0440\u0438\u0438.\n\n(\u041a\u0443\u043f\u043b\u0435\u0442 2)\n\u041e\u043d\u0438 \u0437\u043d\u0430\u044e\u0442 \u043a\u0430\u0436\u0434\u044b\u0439 \u0443\u0433\u043e\u043b\u043e\u043a,\n\u0421\u0432\u043e\u0435\u0433\u043e \u043b\u0435\u0441\u0430 \u0438 \u0441\u0432\u043e\u0438\u0445 \u043f\u043e\u043b\u0435\u0439.\n\u0418 \u0432\u0441\u0435\u0433\u0434\u0430 \u0433\u043e\u0442\u043e\u0432\u044b \u0437\u0430\u0449\u0438\u0449\u0430\u0442\u044c\n\u0421\u0432\u043e\u0438\u0445 \u0431\u0440\u0430\u0442\u044c\u0435\u0432 \u0438 \u0441\u0432\u043e\u0438\u0445 \u0434\u0435\u0442\u0435\u0439.\n\n(\u041f\u0440\u0438\u043f\u0435\u0432)\n\u041e\u043b\u0435\u043d\u0438, \u043e\u043b\u0435\u043d\u0438, \u0441\u044b\u0440\u043d\u044b\u0435 \u043e\u043b\u0435\u043d\u0438,\n\u0421\u0438\u043b\u0430 \u0438 \u0433\u0440\u0430\u0446\u0438\u044f \u0432 \u043a\u0430\u0436\u0434\u043e\u043c \u0434\u0432\u0438\u0436\u0435\u043d\u0438\u0438.\n\u041e\u043b\u0435\u043d\u0438, \u043e\u043b\u0435\u043d\u0438, \u043c\u043e\u0433\u0443\u0447\u0438\u0435 \u043e\u043b\u0435\u043d\u0438,\n\u0412\u0441\u0435\u0433\u0434\u0430 \u043d\u0430 \u0441\u0442\u0440\u0430\u0436\u0435 \u0441\u0432\u043e\u0435\u0439 \u0442\u0435\u0440\u0440\u0438\u0442\u043e\u0440\u0438\u0438.\n\n(\u041c\u043e\u0441\u0442)\n\u0418 \u043f\u0443\u0441\u0442\u044c \u0434\u0438\u043a\u0430\u044f \u043f\u0440\u0438\u0440\u043e\u0434\u0430\n\u0418\u0445 \u043e\u043a\u0440\u0443\u0436\u0430\u0435\u0442 \u0441\u043e \u0432\u0441\u0435\u0445 \u0441\u0442\u043e\u0440\u043e\u043d,\n\u041e\u043d\u0438 \u0432\u0441\u0435\u0433\u0434\u0430 \u0431\u0443\u0434\u0443\u0442 \u0432\u043c\u0435\u0441\u0442\u0435,\n\u0421\u0438\u043b\u044c\u043d\u044b\u0435 \u0438 \u043c\u043e\u0433\u0443\u0447\u0438\u0435 \u043e\u043b\u0435\u043d\u0438.\n\n(\u041f\u0440\u0438\u043f\u0435\u0432)\n\u041e\u043b\u0435\u043d\u0438, \u043e\u043b\u0435\u043d\u0438, \u0441\u044b\u0440\u043d\u044b\u0435 \u043e\u043b\u0435\u043d\u0438,\n\u0421\u0438\u043b\u0430 \u0438 \u0433\u0440\u0430\u0446\u0438\u044f \u0432 \u043a\u0430\u0436\u0434\u043e\u043c \u0434\u0432\u0438\u0436\u0435\u043d\u0438\u0438.\n\u041e\u043b\u0435\u043d\u0438, \u043e\u043b\u0435\u043d\u0438, \u043c\u043e\u0433\u0443\u0447\u0438\u0435 \u043e\u043b\u0435\u043d\u0438,\n\u0412\u0441\u0435\u0433\u0434\u0430 \u043d\u0430 \u0441\u0442\u0440\u0430\u0436\u0435 \u0441\u0432\u043e\u0435\u0439 \u0442\u0435\u0440\u0440\u0438\u0442\u043e\u0440\u0438\u0438.", "style": ["indie"], "essentia_features": {"lowlevel.average_loudness": 0.8972441554069519, "lowlevel.barkbands_crest.mean": 15.403437614440918, "lowlevel.barkbands_crest.stdev": 4.007960319519043, "lowlevel.barkbands_flatness_db.mean": 0.3102811276912689, "lowlevel.barkbands_flatness_db.stdev": 0.0885169580578804, "lowlevel.barkbands_kurtosis.mean": 30.543743133544922, "lowlevel.barkbands_kurtosis.stdev": 31.565492630004883, "lowlevel.barkbands_skewness.mean": 3.7293059825897217, "lowlevel.barkbands_skewness.stdev": 2.1899588108062744, "lowlevel.barkbands_spread.mean": 6.480501174926758, "lowlevel.barkbands_spread.stdev": 9.543265342712402, "lowlevel.dissonance.mean": 0.3862566649913788, "lowlevel.dissonance.stdev": 0.07639376819133759, "lowlevel.dynamic_complexity": 4.4045939445495605, "lowlevel.erbbands_crest.mean": 13.984004020690918, "lowlevel.erbbands_crest.stdev": 5.119017124176025, "lowlevel.erbbands_flatness_db.mean": 0.2351130247116089, "lowlevel.erbbands_flatness_db.stdev": 0.061495475471019745, "lowlevel.erbbands_kurtosis.mean": 11.162139892578125, "lowlevel.erbbands_kurtosis.stdev": 16.137420654296875, "lowlevel.erbbands_skewness.mean": 2.1760635375976562, "lowlevel.erbbands_skewness.stdev": 1.548912525177002, "lowlevel.erbbands_spread.mean": 38.05971908569336, "lowlevel.erbbands_spread.stdev": 34.588958740234375, "lowlevel.hfc.mean": 7.046058654785156, "lowlevel.hfc.stdev": 8.080465316772461, "lowlevel.loudness_ebu128.integrated": -17.818771362304688, "lowlevel.loudness_ebu128.loudness_range": 11.019124984741211, "lowlevel.loudness_ebu128.momentary.mean": -19.683595657348633, "lowlevel.loudness_ebu128.momentary.stdev": 4.550429344177246, "lowlevel.loudness_ebu128.short_term.mean": -19.283201217651367, "lowlevel.loudness_ebu128.short_term.stdev": 4.054741859436035, "lowlevel.melbands_crest.mean": 20.01970863342285, "lowlevel.melbands_crest.stdev": 5.092594146728516, "lowlevel.melbands_flatness_db.mean": 0.3826267719268799, "lowlevel.melbands_flatness_db.stdev": 0.11248408257961273, "lowlevel.melbands_kurtosis.mean": 65.11651611328125, "lowlevel.melbands_kurtosis.stdev": 74.22982788085938, "lowlevel.melbands_skewness.mean": 4.996713161468506, "lowlevel.melbands_skewness.stdev": 3.4489099979400635, "lowlevel.melbands_spread.mean": 4.729432106018066, "lowlevel.melbands_spread.stdev": 8.130782127380371, "lowlevel.pitch_salience.mean": 0.49807116389274597, "lowlevel.pitch_salience.stdev": 0.13133741915225983, "lowlevel.silence_rate_20dB.mean": 1.0, "lowlevel.silence_rate_20dB.stdev": 0.0, "lowlevel.silence_rate_30dB.mean": 0.9466975927352905, "lowlevel.silence_rate_30dB.stdev": 0.22463537752628326, "lowlevel.silence_rate_60dB.mean": 0.12920045852661133, "lowlevel.silence_rate_60dB.stdev": 0.33542194962501526, "lowlevel.spectral_centroid.mean": 459.4902648925781, "lowlevel.spectral_centroid.stdev": 440.45703125, "lowlevel.spectral_complexity.mean": 5.923522472381592, "lowlevel.spectral_complexity.stdev": 4.074609279632568, "lowlevel.spectral_decrease.mean": -6.892098003419278e-09, "lowlevel.spectral_decrease.stdev": 1.0116640858370829e-08, "lowlevel.spectral_energy.mean": 0.026651469990611076, "lowlevel.spectral_energy.stdev": 0.03881898522377014, "lowlevel.spectral_energyband_high.mean": 0.00031196881900541484, "lowlevel.spectral_energyband_high.stdev": 0.0005067917518317699, "lowlevel.spectral_energyband_low.mean": 0.01494598388671875, "lowlevel.spectral_energyband_low.stdev": 0.03077763505280018, "lowlevel.spectral_energyband_middle_high.mean": 0.00037286002770997584, "lowlevel.spectral_energyband_middle_high.stdev": 0.0005985716124996543, "lowlevel.spectral_energyband_middle_low.mean": 0.016406238079071045, "lowlevel.spectral_energyband_middle_low.stdev": 0.025403602048754692, "lowlevel.spectral_entropy.mean": 6.3129167556762695, "lowlevel.spectral_entropy.stdev": 1.0030592679977417, "lowlevel.spectral_flux.mean": 0.06504203379154205, "lowlevel.spectral_flux.stdev": 0.08027879893779755, "lowlevel.spectral_kurtosis.mean": 11.659786224365234, "lowlevel.spectral_kurtosis.stdev": 15.681377410888672, "lowlevel.spectral_rms.mean": 0.004267704673111439, "lowlevel.spectral_rms.stdev": 0.0027907313778996468, "lowlevel.spectral_rolloff.mean": 394.26080322265625, "lowlevel.spectral_rolloff.stdev": 863.4530029296875, "lowlevel.spectral_skewness.mean": 2.3533096313476562, "lowlevel.spectral_skewness.stdev": 1.65846848487854, "lowlevel.spectral_spread.mean": 4400626.0, "lowlevel.spectral_spread.stdev": 1987422.375, "lowlevel.spectral_strongpeak.mean": 0.682117223739624, "lowlevel.spectral_strongpeak.stdev": 0.4679258465766907, "lowlevel.zerocrossingrate.mean": 0.02419396862387657, "lowlevel.zerocrossingrate.stdev": 0.028664136305451393, "metadata.audio_properties.analysis.equal_loudness": 0.0, "metadata.audio_properties.analysis.length": 40.04265213012695, "metadata.audio_properties.analysis.sample_rate": 44100.0, "metadata.audio_properties.analysis.start_time": 0.0, "metadata.audio_properties.bit_rate": 117159.0, "metadata.audio_properties.length": 40.042667388916016, "metadata.audio_properties.lossless": 0.0, "metadata.audio_properties.number_channels": 1.0, "metadata.audio_properties.replay_gain": -9.99298095703125, "metadata.audio_properties.sample_rate": 48000.0, "rhythm.beats_count": 65.0, "rhythm.beats_loudness.mean": 0.04563818871974945, "rhythm.beats_loudness.stdev": 0.03479306399822235, "rhythm.bpm": 94.24939727783203, "rhythm.bpm_histogram_first_peak_bpm": 94.0, "rhythm.bpm_histogram_first_peak_weight": 0.5882352590560913, "rhythm.bpm_histogram_second_peak_bpm": 123.0, "rhythm.bpm_histogram_second_peak_spread": 0.4444444179534912, "rhythm.bpm_histogram_second_peak_weight": 0.078125, "rhythm.danceability": 1.3551968336105347, "rhythm.onset_rate": 4.24422550201416, "tonal.chords_changes_rate": 0.030092593282461166, "tonal.chords_number_rate": 0.008101851679384708, "tonal.chords_strength.mean": 0.5948054194450378, "tonal.chords_strength.stdev": 0.08238296210765839, "tonal.hpcp_crest.mean": 13.903223991394043, "tonal.hpcp_crest.stdev": 6.512167930603027, "tonal.hpcp_entropy.mean": 1.9456945657730103, "tonal.hpcp_entropy.stdev": 0.7735770344734192, "tonal.key_edma.strength": 0.5990679264068604, "tonal.key_krumhansl.strength": 0.6037288904190063, "tonal.key_temperley.strength": 0.59831702709198, "tonal.tuning_diatonic_strength": 0.4315415918827057, "tonal.tuning_equal_tempered_deviation": 0.40399977564811707, "tonal.tuning_frequency": 456.3066101074219, "tonal.tuning_nontempered_energy_ratio": 0.9786005616188049, "lowlevel.barkbands.mean": [1.5325978893088177e-05, 0.003307375591248274, 0.00627182750031352, 0.007907005026936531, 0.006266224663704634, 0.0012771604815497994, 0.00036732357693836093, 0.0002832874597515911, 0.00024213518190663308, 9.262435924028978e-05, 3.440510045038536e-05, 8.54474856168963e-05, 1.5681584045523778e-05, 3.456849663052708e-05, 2.688005224626977e-05, 2.21888749365462e-05, 2.74081394309178e-05, 3.254822513554245e-05, 1.8589975297800265e-05, 3.4643693652469665e-05, 0.00014533562352880836, 6.78201686241664e-05, 4.886301394435577e-05, 1.5929193978081457e-05, 1.0525945072004106e-05, 3.8454848549918097e-07, 6.324294865578395e-09], "lowlevel.barkbands.stdev": [4.905241075903177e-05, 0.013738648034632206, 0.011697820387780666, 0.022932810708880424, 0.0071845040656626225, 0.0021678823977708817, 0.0008549544727429748, 0.0012789684114977717, 0.0007079069036990404, 0.00032561691477894783, 7.779731822665781e-05, 0.00023400333884637803, 3.26425870298408e-05, 0.00011620485020102933, 5.7733195717446506e-05, 4.308846473577432e-05, 5.2195933676557615e-05, 8.068665920291096e-05, 7.20755779184401e-05, 8.21392095531337e-05, 0.0002570616197772324, 0.0001287052291445434, 0.00010292637307429686, 3.2826246751938015e-05, 2.3484335542889312e-05, 1.4452591585722985e-06, 3.56476483887036e-08], "lowlevel.erbbands.mean": [0.04176798090338707, 1.0025148391723633, 6.2581915855407715, 20.52897071838379, 15.341924667358398, 29.72635269165039, 16.250293731689453, 8.66153335571289, 4.250431537628174, 5.826284885406494, 7.972750663757324, 5.244446277618408, 3.7148873805999756, 1.695939064025879, 1.4993222951889038, 3.9161489009857178, 0.9509268403053284, 1.6431665420532227, 1.4396803379058838, 1.3336372375488281, 1.3892933130264282, 1.6430450677871704, 1.9220918416976929, 1.1102745532989502, 0.9280614256858826, 1.702778697013855, 5.542654514312744, 4.446402072906494, 2.446059465408325, 2.304438352584839, 1.107344150543213, 0.38252177834510803, 0.2866224944591522, 0.18940167129039764, 0.028443755581974983, 0.0034378166310489178, 0.0004727141931653023, 4.481893847696483e-05, 1.4564757293555886e-05, 2.9867418561480008e-05], "lowlevel.erbbands.stdev": [0.17414312064647675, 3.8002729415893555, 12.217740058898926, 55.648292541503906, 28.367231369018555, 36.351768493652344, 30.23381233215332, 11.367345809936523, 8.125402450561523, 14.250847816467285, 31.416419982910156, 12.878213882446289, 12.454466819763184, 5.192399978637695, 2.9681031703948975, 11.64639949798584, 1.8342540264129639, 6.1993794441223145, 2.7309579849243164, 3.0591342449188232, 2.635866165161133, 2.9236223697662354, 4.799107074737549, 4.5930070877075195, 2.465179443359375, 3.7761805057525635, 10.059198379516602, 8.28522777557373, 4.756057262420654, 4.578489303588867, 2.300269365310669, 0.836711049079895, 0.5811784863471985, 0.40759533643722534, 0.07658912986516953, 0.012078633531928062, 0.0017407478298991919, 0.00014955598453525454, 1.9313989469083026e-05, 4.264069502823986e-05], "lowlevel.gfcc.mean": [-143.67897033691406, 132.38446044921875, -66.72608184814453, 64.11019134521484, -68.97607421875, 1.0105078220367432, -46.42994689941406, -22.501935958862305, -23.749528884887695, -15.950885772705078, -18.6948184967041, -12.947540283203125, -0.7212038040161133], "lowlevel.melbands.mean": [0.000650112284347415, 0.0027727633714675903, 0.0031819669529795647, 0.0016004032222554088, 0.0007147566648200154, 0.00019674576469697058, 7.06322243786417e-05, 6.328678864520043e-05, 6.553452112711966e-05, 3.04592504107859e-05, 1.776221142790746e-05, 6.448433850891888e-06, 4.166883627476636e-06, 9.579755896993447e-06, 5.5601126405235846e-06, 1.4792140063946135e-06, 3.4070483252435224e-06, 2.3651336960028857e-06, 1.9789442831097404e-06, 1.5533780697296606e-06, 1.6295887235173723e-06, 1.6161407074832823e-06, 1.9607066406024387e-06, 1.3225986776888021e-06, 8.665970767651743e-07, 6.454506547015626e-07, 7.220312454592204e-07, 1.1122220939796534e-06, 2.7881053483724827e-06, 4.6253157961473335e-06, 1.8407868083158974e-06, 1.3372440434977761e-06, 1.318753788837057e-06, 1.2976685184185044e-06, 7.013156846369384e-07, 3.5232838513366005e-07, 1.796296658085339e-07, 1.7692372011879343e-07, 2.3769311496835144e-07, 1.318567370844903e-07], "lowlevel.melbands.stdev": [0.00274642207659781, 0.005830440204590559, 0.00819010753184557, 0.0018427310278639197, 0.0010729451896622777, 0.0002843363909050822, 0.000142736331326887, 0.00017079913232009858, 0.00024264250532723963, 7.365398778347299e-05, 6.175193993840367e-05, 2.104012673953548e-05, 8.588920536567457e-06, 2.4851782654877752e-05, 1.6062385839177296e-05, 3.1622689675714355e-06, 1.3774428225588053e-05, 4.800073384103598e-06, 4.646035449695773e-06, 3.1594418032909743e-06, 3.279954398749396e-06, 3.0983785563876154e-06, 3.76145408154116e-06, 3.928018941223854e-06, 4.175911726633785e-06, 1.9367062122910284e-06, 1.8308708149561426e-06, 2.6666218673199182e-06, 5.659287126036361e-06, 8.715222975297365e-06, 3.733387302418123e-06, 2.730560254349257e-06, 2.6492141387279844e-06, 2.7618464173428947e-06, 1.501291308159125e-06, 7.764223255435354e-07, 4.2953726619998633e-07, 3.627993123700435e-07, 5.08683569933055e-07, 2.961211578167422e-07], "lowlevel.melbands128.mean": [1.2280424016353209e-05, 0.0001412207930115983, 0.0007944136159494519, 0.0018354959320276976, 0.00282016908749938, 0.003150384407490492, 0.004779517650604248, 0.0031436041463166475, 0.0008535862434655428, 0.0018470885697752237, 0.0019591900054365396, 0.0007660867413505912, 0.0005254910793155432, 0.0003865309408865869, 0.0002087210159515962, 9.238404891220853e-05, 4.0709586755838245e-05, 6.588298128917813e-05, 0.0001153654302470386, 5.1267164963064715e-05, 4.4957057980354875e-05, 7.303600432351232e-05, 7.107933197403327e-05, 6.23612868366763e-05, 2.470572871970944e-05, 2.8269680115045048e-05, 1.3087432307656854e-05, 2.681323530850932e-05, 8.565879397792742e-06, 5.187316673982423e-06, 7.325138540181797e-06, 5.528852398128947e-06, 1.9262283785792533e-06, 5.645535111398203e-06, 4.3182080844417214e-06, 1.3320361176738515e-05, 1.524615890957648e-05, 3.4977053928741952e-06, 1.402124098603963e-06, 1.08749679839093e-06, 2.056529183391831e-06, 1.038724235513655e-06, 3.358637286510202e-06, 5.30145052834996e-06, 2.288521272930666e-06, 1.918152747748536e-06, 2.1840614863322116e-06, 1.8110745259036776e-06, 2.100736082866206e-06, 1.7743032003636472e-06, 1.1539480055944296e-06, 1.7573757986610872e-06, 1.7854399629868567e-06, 1.2907094060210511e-06, 1.8688467662286712e-06, 1.4653842299594544e-06, 1.793841079233971e-06, 1.5302351812351844e-06, 2.2990395791566698e-06, 2.247360043838853e-06, 1.073140538210282e-06, 8.575936476518109e-07, 9.678686865299824e-07, 9.079234928321966e-07, 6.140716095615062e-07, 6.76556908274506e-07, 6.197050197442877e-07, 5.959837494629028e-07, 7.032005555629439e-07, 1.0022877177107148e-06, 9.304207537752518e-07, 1.1787772109528305e-06, 1.7585990690349718e-06, 3.334968823764939e-06, 3.3763701594580198e-06, 6.117170414654538e-06, 4.519614321907284e-06, 2.100122173942509e-06, 1.6362967016902985e-06, 1.3508660003935802e-06, 1.3347565754884272e-06, 1.465575905967853e-06, 1.0663154625945026e-06, 1.511806317466835e-06, 1.2265795703569893e-06, 1.3322555787453894e-06, 1.4030223383088014e-06, 1.0536708714425913e-06, 6.326231982711761e-07, 4.835202389585902e-07, 4.2125847699026053e-07, 3.2262150284623203e-07, 2.155822187432932e-07, 1.7290913945089414e-07, 1.570492571545401e-07, 1.5564936006740027e-07, 1.684640267285431e-07, 2.2951103062496259e-07, 2.5047717144843773e-07, 2.440914386170334e-07, 1.9344665247444937e-07, 1.0306985842589711e-07, 7.295711412780292e-08, 4.758643257218864e-08, 1.7824699938273625e-08, 1.0572954955989644e-08, 9.582161730747885e-09, 8.27793211755079e-09, 3.78711684234645e-09, 2.3998962817017855e-09, 1.8692865033642647e-09, 1.4202323761480784e-09, 1.2401848437093577e-09, 9.4268448602719e-10, 6.569196853156711e-10, 2.3818172434353357e-10, 1.8599025097820743e-10, 4.1677928469541214e-11, 1.0563359215121082e-11, 8.412469505725273e-12, 6.731581004421061e-12, 4.298539822700231e-12, 3.499383508659415e-12, 3.4344382806444917e-12, 3.345813643501616e-12, 3.2208936039113123e-12, 3.1494507522766835e-12, 3.1262130471138017e-12], "lowlevel.melbands128.stdev": [4.399686076794751e-05, 0.0006324963178485632, 0.0036682237405329943, 0.007584678009152412, 0.007003435865044594, 0.006230117287486792, 0.013484875671565533, 0.008922350592911243, 0.0018659057095646858, 0.0024769247975200415, 0.002667258493602276, 0.0016742766601964831, 0.0013302118750289083, 0.0008339621708728373, 0.0002758988121058792, 0.00015861236897762865, 0.0001085958574549295, 0.00020352218416519463, 0.00031146060791797936, 0.00016373062680941075, 0.000246458308538422, 0.0004418435855768621, 0.00030021945713087916, 0.00027121169841848314, 6.989296525716782e-05, 8.771604916546494e-05, 6.285424024099484e-05, 0.00011568441550480202, 2.9888591598137282e-05, 2.5730299967108294e-05, 3.1866482459008694e-05, 1.770659764588345e-05, 4.280821030988591e-06, 1.7554955775267445e-05, 1.0885310075536836e-05, 4.194119537714869e-05, 5.217019497649744e-05, 1.2935582162754145e-05, 3.9838760130805895e-06, 2.3482912183681037e-06, 5.763003628089791e-06, 2.701263383642072e-06, 2.2301659555523656e-05, 1.8599619579617865e-05, 6.036892500560498e-06, 5.825898369948845e-06, 5.4680899665982e-06, 5.25407085660845e-06, 7.385683602478821e-06, 4.935396646033041e-06, 2.5800611638260307e-06, 4.490606443141587e-06, 4.345487468526699e-06, 2.8998165362281725e-06, 5.681188667949755e-06, 2.842031108230003e-06, 4.285373961465666e-06, 3.009630518135964e-06, 4.959244506608229e-06, 8.20062450657133e-06, 3.54480289388448e-06, 3.274130904173944e-06, 4.135450581088662e-06, 6.794115961383795e-06, 2.2543042632605648e-06, 2.1560049390245695e-06, 1.9373737814021297e-06, 1.6367969237762736e-06, 1.9650024114525877e-06, 2.899945002354798e-06, 2.390984036537702e-06, 3.0478258850052953e-06, 4.610033556673443e-06, 8.351872565981466e-06, 7.083758646331262e-06, 1.2560046343423892e-05, 1.0064408343168907e-05, 5.080929440737236e-06, 3.661419896161533e-06, 2.8276881494093686e-06, 2.7967630558123346e-06, 3.7290606087481137e-06, 2.2276092295214767e-06, 3.421906285439036e-06, 2.5821202598308446e-06, 2.936942337328219e-06, 3.4781753583956743e-06, 2.4390353701164713e-06, 1.4231782188289799e-06, 1.1456108950369526e-06, 9.708729749036138e-07, 7.513546051995945e-07, 5.183108555684157e-07, 4.900256271866965e-07, 3.6816530268879433e-07, 3.6942822134733433e-07, 3.697629438192962e-07, 5.594989147539309e-07, 5.773461566604965e-07, 5.220330763222591e-07, 4.4413010868993297e-07, 2.392056046573998e-07, 2.1666619431925938e-07, 1.4707789830481488e-07, 7.033649040977252e-08, 4.265922726176541e-08, 3.828758821100564e-08, 3.463338060782917e-08, 1.640001023872628e-08, 1.3146694399779335e-08, 9.771677689229818e-09, 6.719059975068831e-09, 6.461703616622572e-09, 4.281430321384505e-09, 2.5868385211680334e-09, 1.2738340382512092e-09, 1.0600477162725497e-09, 5.498863031583312e-10, 1.443535846412658e-10, 1.1950672396121576e-10, 8.806102375080727e-11, 2.5076730622575205e-11, 6.368434859321814e-12, 6.258712732104543e-12, 6.1710385065860685e-12, 6.097847921049393e-12, 6.044681248595918e-12, 6.012198117827383e-12], "lowlevel.mfcc.mean": [-793.3856201171875, 142.55213928222656, 57.15152359008789, 52.115753173828125, 8.808027267456055, 18.163419723510742, -12.512434005737305, -8.46057415008545, -3.08772349357605, -19.262468338012695, -11.73913860321045, -5.611621379852295, -10.34841537475586], "lowlevel.spectral_contrast_coeffs.mean": [-0.5696192383766174, -0.7048496007919312, -0.8105748295783997, -0.8459251523017883, -0.8327755331993103, -0.755199670791626], "lowlevel.spectral_contrast_coeffs.stdev": [0.07144684344530106, 0.07102872431278229, 0.06342016160488129, 0.04037505015730858, 0.042778871953487396, 0.05552210658788681], "lowlevel.spectral_contrast_valleys.mean": [-7.379454612731934, -8.294426918029785, -9.264860153198242, -9.467883110046387, -9.264595031738281, -11.627349853515625], "lowlevel.spectral_contrast_valleys.stdev": [1.1645985841751099, 1.1558433771133423, 1.2858229875564575, 1.339579463005066, 1.4833871126174927, 1.5554579496383667], "rhythm.beats_loudness_band_ratio.mean": [0.7174130082130432, 0.23553141951560974, 0.035816535353660583, 0.007461841683834791, 0.004673246294260025, 0.013677028007805347], "rhythm.beats_loudness_band_ratio.stdev": [0.1949143260717392, 0.18332290649414062, 0.06301579624414444, 0.014520195312798023, 0.005546248517930508, 0.013589205220341682], "tonal.hpcp.mean": [0.14174705743789673, 0.3018776476383209, 0.3137730360031128, 0.08391395956277847, 0.014528928324580193, 0.008640716783702374, 0.008370394818484783, 0.016041209921240807, 0.027501095086336136, 0.025924229994416237, 0.030113983899354935, 0.036156609654426575, 0.027364613488316536, 0.0288687776774168, 0.09302132576704025, 0.19574832916259766, 0.25215664505958557, 0.17260992527008057, 0.04726879298686981, 0.02786618284881115, 0.03421984240412712, 0.02275826968252659, 0.04634542763233185, 0.0609828382730484, 0.03169785439968109, 0.013272303156554699, 0.016036925837397575, 0.022383438423275948, 0.024836484342813492, 0.016746211796998978, 0.008622950874269009, 0.012181737460196018, 0.026003168895840645, 0.08984026312828064, 0.2775634229183197, 0.28535929322242737], "tonal.hpcp.stdev": [0.2277802973985672, 0.36859041452407837, 0.39451074600219727, 0.180495947599411, 0.08402246981859207, 0.06664028018712997, 0.06507543474435806, 0.09105004370212555, 0.14007417857646942, 0.12110892683267593, 0.13499031960964203, 0.15343081951141357, 0.12085727602243423, 0.11190810799598694, 0.21647635102272034, 0.3312409818172455, 0.3594887852668762, 0.32036787271499634, 0.1468224972486496, 0.10166898369789124, 0.10562453418970108, 0.09255106002092361, 0.121631920337677, 0.14543041586875916, 0.1188453882932663, 0.08741997182369232, 0.10755167156457901, 0.12093441188335419, 0.10426820069551468, 0.06690511107444763, 0.06006603688001633, 0.07133472710847855, 0.12584605813026428, 0.20178493857383728, 0.4067417085170746, 0.40297797322273254], "rhythm.beats_position": [0.4527890980243683, 0.9287981986999512, 1.4164172410964966, 1.904036283493042, 2.391655206680298, 2.902494192123413, 3.4133331775665283, 3.9357821941375732, 4.435011386871338, 4.911020278930664, 5.375419616699219, 5.851428508758545, 6.339047431945801, 6.826666355133057, 7.46521520614624, 8.115373611450195, 8.765532493591309, 9.404081344604492, 10.054240226745605, 10.704399108886719, 11.331337928771973, 11.969886779785156, 12.608434677124023, 13.235373497009277, 13.862312316894531, 14.500861167907715, 15.139410018920898, 15.766348838806152, 16.404897689819336, 17.043445587158203, 17.681995391845703, 18.32054328918457, 18.94748306274414, 19.597640991210938, 20.224580764770508, 20.851518630981445, 21.478458404541016, 22.105396270751953, 22.732336044311523, 23.35927391052246, 23.997821807861328, 24.636371612548828, 25.286529541015625, 25.913469314575195, 26.540407180786133, 27.178956985473633, 27.8175048828125, 28.44444465637207, 29.071382522583008, 29.709932327270508, 30.348480224609375, 30.975418090820312, 31.602357864379883, 32.24090576171875, 32.87945556640625, 33.52961349487305, 34.179771423339844, 34.80671310424805, 35.456871032714844, 36.09541702270508, 36.73396682739258, 37.360904693603516, 38.01106643676758, 38.661224365234375, 39.299774169921875], "rhythm.bpm_histogram": [0.0, 0.0, 0.0, 0.0, 0.0, 0.0, 0.0, 0.0, 0.0, 0.0, 0.0, 0.0, 0.0, 0.0, 0.0, 0.0, 0.0, 0.0, 0.0, 0.0, 0.0, 0.0, 0.0, 0.0, 0.0, 0.0, 0.0, 0.0, 0.0, 0.0, 0.0, 0.0, 0.0, 0.0, 0.0, 0.0, 0.0, 0.0, 0.0, 0.0, 0.0, 0.0, 0.0, 0.0, 0.0, 0.0, 0.0, 0.0, 0.0, 0.0, 0.0, 0.0, 0.0, 0.0, 0.0, 0.0, 0.0, 0.0, 0.0, 0.0, 0.0, 0.0, 0.0, 0.0, 0.0, 0.0, 0.0, 0.0, 0.0, 0.0, 0.0, 0.0, 0.0, 0.0, 0.0, 0.0, 0.0, 0.0, 0.0, 0.0, 0.0, 0.0, 0.0, 0.0, 0.0, 0.0, 0.0, 0.0, 0.0, 0.0, 0.0, 0.0, 0.171875, 0.0, 0.328125, 0.0, 0.296875, 0.0, 0.0, 0.0, 0.0, 0.0, 0.0, 0.0, 0.0, 0.0, 0.0, 0.0, 0.0, 0.0, 0.0, 0.0, 0.0, 0.0, 0.0, 0.015625, 0.0, 0.03125, 0.0, 0.0, 0.015625, 0.0, 0.0, 0.078125, 0.0, 0.0, 0.046875, 0.0, 0.0, 0.015625, 0.0, 0.0, 0.0, 0.0, 0.0, 0.0, 0.0, 0.0, 0.0, 0.0, 0.0, 0.0, 0.0, 0.0, 0.0, 0.0, 0.0, 0.0, 0.0, 0.0, 0.0, 0.0, 0.0, 0.0, 0.0, 0.0, 0.0, 0.0, 0.0, 0.0, 0.0, 0.0, 0.0, 0.0, 0.0, 0.0, 0.0, 0.0, 0.0, 0.0, 0.0, 0.0, 0.0, 0.0, 0.0, 0.0, 0.0, 0.0, 0.0, 0.0, 0.0, 0.0, 0.0, 0.0, 0.0, 0.0, 0.0, 0.0, 0.0, 0.0, 0.0, 0.0, 0.0, 0.0, 0.0, 0.0, 0.0, 0.0, 0.0, 0.0, 0.0, 0.0, 0.0, 0.0, 0.0, 0.0, 0.0, 0.0, 0.0, 0.0, 0.0, 0.0, 0.0, 0.0, 0.0, 0.0, 0.0, 0.0, 0.0, 0.0, 0.0, 0.0, 0.0, 0.0, 0.0, 0.0, 0.0, 0.0, 0.0, 0.0, 0.0, 0.0, 0.0, 0.0, 0.0, 0.0, 0.0, 0.0, 0.0, 0.0, 0.0, 0.0, 0.0, 0.0, 0.0, 0.0, 0.0, 0.0, 0.0, 0.0], "tonal.chords_histogram": [2.430555582046509, 0.0, 6.712963104248047, 0.0, 0.0, 0.11574073880910873, 0.0, 22.91666603088379, 0.5787037014961243, 28.240739822387695, 2.1990740299224854, 0.9259259104728699, 1.7361111640930176, 0.0, 0.0, 0.0, 0.0, 0.0, 0.0, 34.14352035522461, 0.0, 0.0, 0.0, 0.0], "tonal.thpcp": [1.0, 0.267435222864151, 0.046303942799568176, 0.027538111433386803, 0.026676591485738754, 0.05112360790371895, 0.08764645457267761, 0.08262096345424652, 0.09597378224134445, 0.11523173004388809, 0.0872114896774292, 0.09200528264045715, 0.2964605391025543, 0.6238532662391663, 0.8036274909973145, 0.5501107573509216, 0.15064644813537598, 0.08880999684333801, 0.10905922204256058, 0.07253099232912064, 0.14770366251468658, 0.19435334205627441, 0.10102160274982452, 0.0422990545630455, 0.051109954714775085, 0.07133639603853226, 0.07915429770946503, 0.053370460867881775, 0.02748149074614048, 0.03882340341806412, 0.08287253975868225, 0.2863224446773529, 0.8845993280410767, 0.9094449281692505, 0.4517502784729004, 0.9620891809463501], "lowlevel.gfcc.cov": [[13475.9765625, -1834.020751953125, -3162.33837890625, 1314.604736328125, -1763.0960693359375, 1047.19970703125, 51.06995391845703, 178.99232482910156, 99.03535461425781, -225.9694061279297, -221.11814880371094, -639.8089599609375, 453.67938232421875], [-1834.020751953125, 1313.1685791015625, 417.5254211425781, -618.646728515625, 471.5716552734375, -180.05734252929688, 141.19505310058594, -88.8841552734375, 124.47494506835938, -8.987826347351074, 140.6189727783203, 65.39303588867188, 56.86056137084961], [-3162.33837890625, 417.5254211425781, 1631.1529541015625, -40.788814544677734, 473.38385009765625, -214.3157501220703, 24.519580841064453, 22.558366775512695, -31.59900665283203, 112.17726135253906, 73.26780700683594, 184.9515380859375, -148.88812255859375], [1314.604736328125, -618.646728515625, -40.788814544677734, 807.4612426757812, -52.49351119995117, 63.35649108886719, -11.949247360229492, 29.55058479309082, 3.395900249481201, -35.3505859375, -3.374211072921753, -66.68758392333984, -8.31956672668457], [-1763.0960693359375, 471.5716552734375, 473.38385009765625, -52.49351119995117, 643.451171875, -109.3761978149414, 106.82308197021484, -40.402671813964844, 43.847068786621094, 31.177316665649414, 56.10303497314453, 112.7430191040039, -79.12583923339844], [1047.19970703125, -180.05734252929688, -214.3157501220703, 63.35649108886719, -109.3761978149414, 312.6058044433594, 104.5087890625, 16.805255889892578, -0.9886473417282104, -3.44454026222229, -25.000165939331055, -30.416793823242188, 60.21424102783203], [51.06995391845703, 141.19505310058594, 24.519580841064453, -11.949247360229492, 106.82308197021484, 104.5087890625, 174.1612091064453, 13.057912826538086, 17.851146697998047, -5.263491153717041, 16.156064987182617, 12.607208251953125, 13.303345680236816], [178.99232482910156, -88.8841552734375, 22.558366775512695, 29.55058479309082, -40.402671813964844, 16.805255889892578, 13.057912826538086, 122.87184143066406, 39.45682907104492, 36.36357879638672, -9.07029914855957, -1.4052600860595703, 2.0658674240112305], [99.03535461425781, 124.47494506835938, -31.59900665283203, 3.395900249481201, 43.847068786621094, -0.9886473417282104, 17.851146697998047, 39.45682907104492, 117.04347229003906, 24.144285202026367, 21.89656639099121, -21.955615997314453, 31.087196350097656], [-225.9694061279297, -8.987826347351074, 112.17726135253906, -35.3505859375, 31.177316665649414, -3.44454026222229, -5.263491153717041, 36.36357879638672, 24.144285202026367, 94.22953033447266, 7.014195442199707, 33.09152603149414, -19.467973709106445], [-221.11814880371094, 140.6189727783203, 73.26780700683594, -3.374211072921753, 56.10303497314453, -25.000165939331055, 16.156064987182617, -9.07029914855957, 21.89656639099121, 7.014195442199707, 88.53152465820312, 25.494735717773438, 12.077139854431152], [-639.8089599609375, 65.39303588867188, 184.9515380859375, -66.68758392333984, 112.7430191040039, -30.416793823242188, 12.607208251953125, -1.4052600860595703, -21.955615997314453, 33.09152603149414, 25.494735717773438, 121.16998291015625, -20.436565399169922], [453.67938232421875, 56.86056137084961, -148.88812255859375, -8.31956672668457, -79.12583923339844, 60.21424102783203, 13.303345680236816, 2.0658674240112305, 31.087196350097656, -19.467973709106445, 12.077139854431152, -20.436565399169922, 116.34535217285156]], "lowlevel.gfcc.icov": [[0.00039108385681174695, -0.0007220139377750456, 0.0005936618545092642, -0.0010210740147158504, 0.0008206907077692449, -0.0008866116986609995, 0.0002545465831644833, -0.0005493251956067979, 0.00036012264899909496, -0.000396763818571344, 0.0006032757228240371, 6.452434172388166e-05, 0.00029832019936293364], [-0.0007220139377750456, 0.007066736463457346, -0.0021775569766759872, 0.005993193946778774, -0.0037515030708163977, 0.004368418827652931, -0.00417653052136302, 0.004082594998180866, -0.0048933010548353195, 0.003149581840261817, -0.0054008797742426395, 0.0026896430645138025, -0.004535911604762077], [0.0005936618545092642, -0.0021775569766759872, 0.002102756639942527, -0.0024010019842535257, 0.0011442461982369423, -0.0014546274906024337, 0.0010028337128460407, -0.0018289168365299702, 0.0020141536369919777, -0.001821286277845502, 0.0012997747398912907, -0.0009215725585818291, 0.0015776192303746939], [-0.0010210740147158504, 0.005993193946778774, -0.0024010019842535257, 0.007012472487986088, -0.003891128348186612, 0.003693780628964305, -0.0027622398920357227, 0.0029972402844578028, -0.0038791943807154894, 0.0035103652626276016, -0.005141789559274912, 0.002650337526574731, -0.0031907851807773113], [0.0008206907077692449, -0.0037515030708163977, 0.0011442461982369423, -0.003891128348186612, 0.00600707670673728, -0.0018551336834207177, -0.0005547660985030234, -0.00022469380928669125, -0.0003396331158000976, -0.0014306667726486921, 0.0032601943239569664, -0.003232736373320222, 0.003877296345308423], [-0.0008866116986609995, 0.004368418827652931, -0.0014546274906024337, 0.003693780628964305, -0.0018551336834207177, 0.00933424849063158, -0.006925406400114298, 0.00327855721116066, -0.0018220370402559638, -0.00013895002484787256, -0.001657252898439765, 0.0012937866849824786, -0.004771078005433083], [0.0002545465831644833, -0.00417653052136302, 0.0010028337128460407, -0.0027622398920357227, -0.0005547660985030234, -0.006925406400114298, 0.013079509139060974, -0.004668264649808407, 0.002880643354728818, 0.0007563137914985418, 0.001136221457272768, -0.0015247392002493143, 0.0028997401241213083], [-0.0005493251956067979, 0.004082594998180866, -0.0018289168365299702, 0.0029972402844578028, -0.00022469380928669125, 0.00327855721116066, -0.004668264649808407, 0.014375793747603893, -0.007607160601764917, -0.0015731642488390207, -0.0005628397921100259, -0.00010207973537035286, -0.0017405848484486341], [0.00036012264899909496, -0.0048933010548353195, 0.0020141536369919777, -0.0038791943807154894, -0.0003396331158000976, -0.0018220370402559638, 0.002880643354728818, -0.007607160601764917, 0.018857846036553383, -0.006840316113084555, 0.0002952698851004243, 0.0037308968603610992, -0.00175362394656986], [-0.000396763818571344, 0.003149581840261817, -0.001821286277845502, 0.0035103652626276016, -0.0014306667726486921, -0.00013895002484787256, 0.0007563137914985418, -0.0015731642488390207, -0.006840316113084555, 0.01795884035527706, -0.0028097289614379406, -0.0031774309463799, 0.0015348452143371105], [0.0006032757228240371, -0.0054008797742426395, 0.0012997747398912907, -0.005141789559274912, 0.0032601943239569664, -0.001657252898439765, 0.001136221457272768, -0.0005628397921100259, 0.0002952698851004243, -0.0028097289614379406, 0.018815726041793823, -0.005237754434347153, 0.001115551101975143], [6.452434172388166e-05, 0.0026896430645138025, -0.0009215725585818291, 0.002650337526574731, -0.003232736373320222, 0.0012937866849824786, -0.0015247392002493143, -0.00010207973537035286, 0.0037308968603610992, -0.0031774309463799, -0.005237754434347153, 0.015552866272628307, -0.0035008606500923634], [0.00029832019936293364, -0.004535911604762077, 0.0015776192303746939, -0.0031907851807773113, 0.003877296345308423, -0.004771078005433083, 0.0028997401241213083, -0.0017405848484486341, -0.00175362394656986, 0.0015348452143371105, 0.001115551101975143, -0.0035008606500923634, 0.016239527612924576]], "lowlevel.mfcc.cov": [[16522.146484375, -4011.741943359375, -1433.7213134765625, -684.5391845703125, -1120.1029052734375, 136.0290985107422, -140.19920349121094, 120.59603881835938, 677.5577392578125, 98.43875122070312, -20.549659729003906, 57.78556442260742, -537.8773193359375], [-4011.741943359375, 2293.32666015625, 89.34911346435547, -195.26104736328125, 236.3573760986328, -17.657440185546875, 56.637611389160156, -23.79975700378418, -69.29236602783203, -33.55190658569336, 29.555856704711914, 56.48197555541992, 133.17462158203125], [-1433.7213134765625, 89.34911346435547, 849.0830688476562, 229.93821716308594, 126.65673828125, -8.39725399017334, 60.83625793457031, -4.847332954406738, -44.817901611328125, -2.584994077682495, 40.65536117553711, 1.2205209732055664, 65.24222564697266], [-684.5391845703125, -195.26104736328125, 229.93821716308594, 626.3062744140625, 248.14173889160156, 40.28073501586914, 38.22264862060547, 34.641334533691406, -86.64356231689453, 54.281646728515625, 11.55768871307373, -4.226681232452393, 63.889564514160156], [-1120.1029052734375, 236.3573760986328, 126.65673828125, 248.14173889160156, 277.96502685546875, 57.11229705810547, 26.994863510131836, 18.823041915893555, -36.237648010253906, 33.7216796875, 19.355104446411133, 15.526503562927246, 59.158531188964844], [136.0290985107422, -17.657440185546875, -8.39725399017334, 40.28073501586914, 57.11229705810547, 232.55072021484375, 97.2055435180664, 75.47712707519531, 21.042526245117188, 42.51860046386719, 19.10025978088379, -7.455707550048828, -16.613540649414062], [-140.19920349121094, 56.637611389160156, 60.83625793457031, 38.22264862060547, 26.994863510131836, 97.2055435180664, 141.28317260742188, 69.976806640625, 5.228244304656982, 27.452362060546875, 19.777883529663086, 2.6512808799743652, -0.4920594394207001], [120.59603881835938, -23.79975700378418, -4.847332954406738, 34.641334533691406, 18.823041915893555, 75.47712707519531, 69.976806640625, 117.69349670410156, 27.02409553527832, 29.92140007019043, 8.625813484191895, 7.787847995758057, -1.56586754322052], [677.5577392578125, -69.29236602783203, -44.817901611328125, -86.64356231689453, -36.237648010253906, 21.042526245117188, 5.228244304656982, 27.02409553527832, 163.56146240234375, 38.2582893371582, 31.316368103027344, 24.859508514404297, -36.340511322021484], [98.43875122070312, -33.55190658569336, -2.584994077682495, 54.281646728515625, 33.7216796875, 42.51860046386719, 27.452362060546875, 29.92140007019043, 38.2582893371582, 97.85401916503906, 44.930538177490234, -0.5348780155181885, -5.672543048858643], [-20.549659729003906, 29.555856704711914, 40.65536117553711, 11.55768871307373, 19.355104446411133, 19.10025978088379, 19.777883529663086, 8.625813484191895, 31.316368103027344, 44.930538177490234, 79.31217193603516, 17.2706298828125, 0.1612613946199417], [57.78556442260742, 56.48197555541992, 1.2205209732055664, -4.226681232452393, 15.526503562927246, -7.455707550048828, 2.6512808799743652, 7.787847995758057, 24.859508514404297, -0.5348780155181885, 17.2706298828125, 84.89126586914062, 33.22187423706055], [-537.8773193359375, 133.17462158203125, 65.24222564697266, 63.889564514160156, 59.158531188964844, -16.613540649414062, -0.4920594394207001, -1.56586754322052, -36.340511322021484, -5.672543048858643, 0.1612613946199417, 33.22187423706055, 96.84209442138672]], "lowlevel.mfcc.icov": [[0.00021130367531441152, 0.0002836883650161326, 0.00020755335572175682, -3.525568172335625e-05, 0.0004734919057227671, -0.00018683221423998475, 8.014243940124288e-05, -3.906794972863281e-06, -0.00045270437840372324, -2.0554476577672176e-05, 4.487338810577057e-05, -0.00044768425868824124, 0.00032839487539604306], [0.0002836883650161326, 0.0010576891945675015, 0.00028660177486017346, 0.0006916613201610744, -0.00046214071335271, 5.4267264204099774e-05, -0.0004418601165525615, 0.00012870100908912718, -0.0003414371167309582, 0.00012713712931144983, -0.00018428055045660585, -0.0005742812645621598, -0.00016015200526453555], [0.00020755335572175682, 0.00028660177486017346, 0.0017176406690850854, -0.0004912936128675938, 0.00022969272686168551, 0.0001899406051961705, -0.0009080755989998579, 0.00042945455061271787, -0.000672889465931803, 0.0008955530356615782, -0.0010622483678162098, 0.00017240749730262905, -0.00043721217662096024], [-3.525568172335625e-05, 0.0006916613201610744, -0.0004912936128675938, 0.003739764681085944, -0.0034086050000041723, 0.0006897780112922192, -0.00046849524369463325, -0.000612592208199203, 0.0016630261670798063, -0.001516066724434495, 0.00045696060988120735, 0.00016369488730560988, -0.000616596778854727