{"song_id": "1183683605382299678", "download": "https://cdn.discordapp.com/attachments/1135911532732108921/1183683605382299678/chirp.mp4?ex=65893a43&amp", "lyrics": "[Verse]\nNo in\u00edcio, eu tinha nada, mas eu sonhava alto\nEsse \u00e9 o meu trap, o luxo que me mant\u00e9m no salto\nMulher ao meu lado, Rolex no pulso, eu n\u00e3o nego\nCom meu Porsche, eu mostro que a supera\u00e7\u00e3o \u00e9 o meu lema\n\n[Chorus]\nLuxo \u00e9 o que eu almejo, correndo atr\u00e1s, sem parar\nDeixando as preocupa\u00e7\u00f5es, n\u00e3o tenho tempo a desperdi\u00e7ar\nNenhuma inveja me afeta, sigo minha pr\u00f3pria estrada\nO sucesso \u00e9 meu destino, eu alcan\u00e7o com a minha jornada\n\n[verse]\nTentaram me parar em cada esquina\nMas eu segui em frente, sem desistir\nPisei firme, venci cada batalha\nE agora brilho, n\u00e3o h\u00e1 como impedir\n\n[chorus]\nFama conquistei, voei t\u00e3o alto\nLuxo e sucesso, s\u00e3o meu destino\nN\u00e3o me importo com os obst\u00e1culos\nSeguindo em frente, nunca mais paro sozinho", "style": ["musica de superacao</span><span>, luxo</span><span>, n\u00e3o ligar pra nada"], "essentia_features": {"lowlevel.average_loudness": 0.6589464545249939, "lowlevel.barkbands_crest.mean": 14.187950134277344, "lowlevel.barkbands_crest.stdev": 5.09576416015625, "lowlevel.barkbands_flatness_db.mean": 0.26003700494766235, "lowlevel.barkbands_flatness_db.stdev": 0.10279598832130432, "lowlevel.barkbands_kurtosis.mean": 18.673612594604492, "lowlevel.barkbands_kurtosis.stdev": 37.737239837646484, "lowlevel.barkbands_skewness.mean": 2.81007981300354, "lowlevel.barkbands_skewness.stdev": 2.5097358226776123, "lowlevel.barkbands_spread.mean": 15.170424461364746, "lowlevel.barkbands_spread.stdev": 16.88512420654297, "lowlevel.dissonance.mean": 0.43032416701316833, "lowlevel.dissonance.stdev": 0.04912589117884636, "lowlevel.dynamic_complexity": 3.0542588233947754, "lowlevel.erbbands_crest.mean": 11.644157409667969, "lowlevel.erbbands_crest.stdev": 4.945138454437256, "lowlevel.erbbands_flatness_db.mean": 0.22481152415275574, "lowlevel.erbbands_flatness_db.stdev": 0.10165289789438248, "lowlevel.erbbands_kurtosis.mean": 0.7938709855079651, "lowlevel.erbbands_kurtosis.stdev": 2.402472972869873, "lowlevel.erbbands_skewness.mean": 0.4561905562877655, "lowlevel.erbbands_skewness.stdev": 0.8617425560951233, "lowlevel.erbbands_spread.mean": 39.550926208496094, "lowlevel.erbbands_spread.stdev": 31.785968780517578, "lowlevel.hfc.mean": 26.39241600036621, "lowlevel.hfc.stdev": 27.488374710083008, "lowlevel.loudness_ebu128.integrated": -14.360823631286621, "lowlevel.loudness_ebu128.loudness_range": 7.868280410766602, "lowlevel.loudness_ebu128.momentary.mean": -15.944734573364258, "lowlevel.loudness_ebu128.momentary.stdev": 3.9903554916381836, "lowlevel.loudness_ebu128.short_term.mean": -15.391681671142578, "lowlevel.loudness_ebu128.short_term.stdev": 3.3348920345306396, "lowlevel.melbands_crest.mean": 20.04559898376465, "lowlevel.melbands_crest.stdev": 8.75545597076416, "lowlevel.melbands_flatness_db.mean": 0.3338681757450104, "lowlevel.melbands_flatness_db.stdev": 0.132236510515213, "lowlevel.melbands_kurtosis.mean": 52.51800537109375, "lowlevel.melbands_kurtosis.stdev": 116.56922912597656, "lowlevel.melbands_skewness.mean": 4.3693623542785645, "lowlevel.melbands_skewness.stdev": 4.137691497802734, "lowlevel.melbands_spread.mean": 16.890512466430664, "lowlevel.melbands_spread.stdev": 24.521617889404297, "lowlevel.pitch_salience.mean": 0.4377138316631317, "lowlevel.pitch_salience.stdev": 0.163694366812706, "lowlevel.silence_rate_20dB.mean": 0.9860950112342834, "lowlevel.silence_rate_20dB.stdev": 0.11709656566381454, "lowlevel.silence_rate_30dB.mean": 0.7473928332328796, "lowlevel.silence_rate_30dB.stdev": 0.43450790643692017, "lowlevel.silence_rate_60dB.mean": 0.03244495764374733, "lowlevel.silence_rate_60dB.stdev": 0.17717908322811127, "lowlevel.spectral_centroid.mean": 1039.0146484375, "lowlevel.spectral_centroid.stdev": 819.3281860351562, "lowlevel.spectral_complexity.mean": 11.88818073272705, "lowlevel.spectral_complexity.stdev": 6.7076544761657715, "lowlevel.spectral_decrease.mean": -1.7481402991847972e-08, "lowlevel.spectral_decrease.stdev": 2.2588205084161928e-08, "lowlevel.spectral_energy.mean": 0.06837267428636551, "lowlevel.spectral_energy.stdev": 0.08592101186513901, "lowlevel.spectral_energyband_high.mean": 0.0011515577789396048, "lowlevel.spectral_energyband_high.stdev": 0.002024490851908922, "lowlevel.spectral_energyband_low.mean": 0.049701131880283356, "lowlevel.spectral_energyband_low.stdev": 0.08386869728565216, "lowlevel.spectral_energyband_middle_high.mean": 0.006110711954534054, "lowlevel.spectral_energyband_middle_high.stdev": 0.009643981233239174, "lowlevel.spectral_energyband_middle_low.mean": 0.010652336291968822, "lowlevel.spectral_energyband_middle_low.stdev": 0.009681723080575466, "lowlevel.spectral_entropy.mean": 6.845764636993408, "lowlevel.spectral_entropy.stdev": 0.9639464020729065, "lowlevel.spectral_flux.mean": 0.07732734084129333, "lowlevel.spectral_flux.stdev": 0.07585807144641876, "lowlevel.spectral_kurtosis.mean": 20.664636611938477, "lowlevel.spectral_kurtosis.stdev": 28.43833351135254, "lowlevel.spectral_rms.mean": 0.006750863045454025, "lowlevel.spectral_rms.stdev": 0.0045968410558998585, "lowlevel.spectral_rolloff.mean": 1179.2650146484375, "lowlevel.spectral_rolloff.stdev": 2129.605712890625, "lowlevel.spectral_skewness.mean": 2.7037265300750732, "lowlevel.spectral_skewness.stdev": 1.8353177309036255, "lowlevel.spectral_spread.mean": 4901189.0, "lowlevel.spectral_spread.stdev": 3822135.75, "lowlevel.spectral_strongpeak.mean": 1.3186525106430054, "lowlevel.spectral_strongpeak.stdev": 1.896222472190857, "lowlevel.zerocrossingrate.mean": 0.050971921533346176, "lowlevel.zerocrossingrate.stdev": 0.06310965865850449, "metadata.audio_properties.analysis.equal_loudness": 0.0, "metadata.audio_properties.analysis.length": 40.04265213012695, "metadata.audio_properties.analysis.sample_rate": 44100.0, "metadata.audio_properties.analysis.start_time": 0.0, "metadata.audio_properties.bit_rate": 113447.0, "metadata.audio_properties.length": 40.042667388916016, "metadata.audio_properties.lossless": 0.0, "metadata.audio_properties.number_channels": 1.0, "metadata.audio_properties.replay_gain": -11.155893325805664, "metadata.audio_properties.sample_rate": 48000.0, "rhythm.beats_count": 79.0, "rhythm.beats_loudness.mean": 0.10641483962535858, "rhythm.beats_loudness.stdev": 0.1276400238275528, "rhythm.bpm": 120.02648162841797, "rhythm.bpm_histogram_first_peak_bpm": 120.0, "rhythm.bpm_histogram_first_peak_weight": 0.350649356842041, "rhythm.bpm_histogram_second_peak_bpm": 112.0, "rhythm.bpm_histogram_second_peak_spread": 0.0, "rhythm.bpm_histogram_second_peak_weight": 0.012820512987673283, "rhythm.danceability": 1.18376624584198, "rhythm.onset_rate": 4.01953125, "tonal.chords_changes_rate": 0.04398148134350777, "tonal.chords_number_rate": 0.0069444444961845875, "tonal.chords_strength.mean": 0.5671319961547852, "tonal.chords_strength.stdev": 0.06949076056480408, "tonal.hpcp_crest.mean": 15.662473678588867, "tonal.hpcp_crest.stdev": 7.424095630645752, "tonal.hpcp_entropy.mean": 1.696600079536438, "tonal.hpcp_entropy.stdev": 0.6633819341659546, "tonal.key_edma.strength": 0.723497211933136, "tonal.key_krumhansl.strength": 0.736453115940094, "tonal.key_temperley.strength": 0.7249607443809509, "tonal.tuning_diatonic_strength": 0.5798235535621643, "tonal.tuning_equal_tempered_deviation": 0.2003512978553772, "tonal.tuning_frequency": 434.193115234375, "tonal.tuning_nontempered_energy_ratio": 0.9805300831794739, "lowlevel.barkbands.mean": [0.01056975219398737, 0.037474703043699265, 0.0025121143553406, 0.0015269182622432709, 0.004023571964353323, 0.001934971660375595, 0.0010258846450597048, 0.001743962406180799, 0.00020912619947921485, 0.0005883016274310648, 0.00027955856057815254, 0.0011119889095425606, 0.0008383226813748479, 0.0006158648757264018, 0.0013615351635962725, 0.00037411440280266106, 0.0004201101546641439, 0.00023278976732399315, 0.00024292318266816437, 0.0002251722471555695, 5.4781034123152494e-05, 6.94331101840362e-05, 0.00021582240879070014, 0.000344575586495921, 0.0002420479286229238, 0.0001331814273726195, 1.188673763863335e-06], "lowlevel.barkbands.stdev": [0.026148756965994835, 0.07061795890331268, 0.010197256691753864, 0.004194038454443216, 0.004349446389824152, 0.0021733641624450684, 0.0035652872174978256, 0.0039211660623550415, 0.0010078095365315676, 0.0018265885300934315, 0.0012595541775226593, 0.0033557116985321045, 0.0028327067848294973, 0.002243411261588335, 0.003864927915856242, 0.001254351926036179, 0.0009664659737609327, 0.000536715320777148, 0.0004934044554829597, 0.0004764012119267136, 0.000159202070790343, 0.00017501709226053208, 0.000555751146748662, 0.0006124320789240301, 0.0006040108855813742, 0.00038837321335449815, 5.0055605242960155e-06], "lowlevel.erbbands.mean": [1.7924048900604248, 5.611851692199707, 4.064600944519043, 4.208988666534424, 11.800660133361816, 11.337828636169434, 18.567062377929688, 9.56448745727539, 13.261470794677734, 16.66225242614746, 45.328365325927734, 8.05232048034668, 10.957514762878418, 20.82793426513672, 12.22060489654541, 56.654014587402344, 28.016611099243164, 53.19324493408203, 83.51386260986328, 27.605653762817383, 14.321972846984863, 16.260541915893555, 17.96812629699707, 9.68328857421875, 14.935660362243652, 10.779552459716797, 3.399970769882202, 1.6353340148925781, 2.3101110458374023, 4.515756130218506, 6.004650115966797, 6.594852924346924, 5.86438512802124, 3.0464611053466797, 1.6080125570297241, 0.7483070492744446, 0.22285233438014984, 0.018149947747588158, 0.0004233948129694909, 9.76774244918488e-05], "lowlevel.erbbands.stdev": [3.080742359161377, 13.853646278381348, 14.127157211303711, 12.704866409301758, 16.174238204956055, 16.03277015686035, 23.07240867614746, 13.748379707336426, 31.469127655029297, 55.76319122314453, 103.73893737792969, 20.967792510986328, 55.957237243652344, 63.576480865478516, 29.150163650512695, 166.6339874267578, 93.64991760253906, 156.00852966308594, 235.2092742919922, 63.69861602783203, 37.26851272583008, 34.76752471923828, 36.28691864013672, 19.451623916625977, 29.401390075683594, 23.921504974365234, 8.323787689208984, 5.1477861404418945, 5.982820510864258, 10.80260181427002, 15.381858825683594, 13.129006385803223, 10.831123352050781, 6.895795822143555, 4.478907108306885, 2.208998918533325, 0.6401611566543579, 0.056551169604063034, 0.0011589606292545795, 0.00011075947259087116], "lowlevel.gfcc.mean": [-64.01000213623047, 123.43800354003906, -110.15910339355469, 7.980928897857666, -37.6975212097168, 3.513502359390259, -45.816810607910156, -6.132132530212402, -28.892820358276367, -0.9296078681945801, -7.2557806968688965, -8.237822532653809, -8.732097625732422], "lowlevel.melbands.mean": [0.013526075519621372, 0.0036734645254909992, 0.0009495803387835622, 0.0008614988182671368, 0.0005754604935646057, 0.0002591060474514961, 0.00021977812866680324, 0.00019496095774229616, 0.0003444069006945938, 2.858305197150912e-05, 5.420227535068989e-05, 8.522580901626498e-05, 3.0732389859622344e-05, 0.00012446974869817495, 8.303386130137369e-05, 9.093210246646777e-05, 8.963672735262662e-05, 0.00012202622019685805, 6.217446934897453e-05, 3.654165629995987e-05, 1.310360948991729e-05, 1.4969612493587192e-05, 2.271162702527363e-05, 1.3944931197329424e-05, 6.200232746778056e-06, 1.0425194886920508e-05, 1.0296696018485818e-05, 6.656717687292257e-06, 2.2296712813840713e-06, 1.164006221188174e-06, 8.451149255961354e-07, 1.1246957001276314e-06, 1.7055045873348718e-06, 3.0327460081025492e-06, 3.353350393808796e-06, 3.8110249533929164e-06, 4.1957455323426984e-06, 4.450377673492767e-06, 3.140917442578939e-06, 2.386561391176656e-06], "lowlevel.melbands.stdev": [0.02315651997923851, 0.010081854648888111, 0.0021294676698744297, 0.0010621696710586548, 0.0006870543584227562, 0.00034631314338184893, 0.0005900043179281056, 0.0005685287178494036, 0.0008194433758035302, 9.271418093703687e-05, 0.0002803053648676723, 0.00025659226230345666, 0.00010313749953638762, 0.0003597390605136752, 0.0002849507436621934, 0.00028453540289774537, 0.0002936713572125882, 0.00034769377089105546, 0.00015866721514612436, 0.00012657947081606835, 4.1041326767299324e-05, 3.594991721911356e-05, 5.039197640144266e-05, 3.448584539000876e-05, 1.4464460946328472e-05, 2.215920358139556e-05, 2.0599325580406003e-05, 1.7811364159570076e-05, 5.735771082981955e-06, 3.952341103286017e-06, 2.896004161812016e-06, 3.1208178370434325e-06, 4.239340796630131e-06, 8.037234692892525e-06, 8.944541150412988e-06, 9.866857908491511e-06, 7.99485860625282e-06, 8.201575838029385e-06, 6.749550266249571e-06, 5.845670784765389e-06], "lowlevel.melbands128.mean": [0.009005998261272907, 0.017172740772366524, 0.015037463046610355, 0.007513704244047403, 0.0026042251847684383, 0.0011221927125006914, 0.0007668977486900985, 0.0007953647873364389, 0.0014248554361984134, 0.000888401351403445, 0.0005601063603535295, 0.0004297361010685563, 0.0008295446168631315, 0.0004339363949839026, 9.231513104168698e-05, 0.00028801365988329053, 0.0002441950491629541, 0.000139556810609065, 0.00031510915141552687, 0.00013730530918110162, 0.00011006480781361461, 0.00039564064354635775, 0.0005416360218077898, 7.200938853202388e-05, 1.1425235243223142e-05, 1.1424060176068451e-05, 2.8164644390926696e-05, 7.868901593610644e-05, 3.365094380569644e-05, 0.00012088332005077973, 9.341246186522767e-05, 4.3321993871359155e-05, 2.2810130758443847e-05, 2.9083614208502695e-05, 1.6037285604397766e-05, 0.000215630789170973, 0.00022374809486791492, 2.8566986657097004e-05, 5.007205982110463e-05, 2.2270309273153543e-05, 8.03363582235761e-05, 0.00024114777625072747, 6.009057324263267e-05, 5.834614785271697e-05, 1.3314162970345933e-05, 0.00015661046199966222, 0.0002501242852304131, 2.2953408915782347e-05, 8.455841452814639e-06, 2.6080604584421962e-05, 6.850286445114762e-05, 8.73244607646484e-06, 3.808444489550311e-06, 2.0314169887569733e-05, 2.2903110220795497e-05, 4.329299827077193e-06, 9.324071470473427e-06, 5.020913522457704e-05, 1.0653776371327695e-05, 8.578896995459218e-06, 2.5657795049482957e-05, 5.2711011448991485e-06, 4.605243702826556e-06, 9.70929249888286e-06, 3.4181639421149157e-06, 1.07725873021991e-05, 1.5913068637019023e-05, 6.03456464887131e-06, 1.5485687981708907e-05, 5.954322205070639e-06, 7.4123563535977155e-06, 6.092853709560586e-06, 1.9824631181109e-06, 2.2627114049100783e-06, 1.309229560320091e-06, 1.5247580904542701e-06, 8.526658916707675e-07, 7.913407102932979e-07, 8.63723812472017e-07, 8.593944471613213e-07, 9.927928203978809e-07, 1.1919121334358351e-06, 1.5480899264730397e-06, 1.772823338797025e-06, 1.7475177855885704e-06, 2.375595158810029e-06, 3.3632368285907432e-06, 4.655730663216673e-06, 2.6287762011634186e-06, 2.9006203021708643e-06, 4.457142949831905e-06, 3.7245677049213555e-06, 3.7127849736862117e-06, 4.217092737235362e-06, 4.445752892934252e-06, 4.408802396937972e-06, 4.806985543837072e-06, 3.8135408431116957e-06, 3.4182983199571026e-06, 2.544854396546725e-06, 2.607315536806709e-06, 2.4047149054240435e-06, 2.1636326437146636e-06, 1.5857169728406006e-06, 1.955098241523956e-06, 1.7451299072490656e-06, 1.662607246544212e-06, 1.3292078619997483e-06, 1.2196798024888267e-06, 1.2606429891093285e-06, 1.126369397752569e-06, 8.25493600586924e-07, 7.129798973437573e-07, 5.040989208282554e-07, 2.742418416801229e-07, 1.631846373584267e-07, 4.75574140068602e-08, 5.850256723505254e-09, 2.322621123207469e-10, 3.9397072409963485e-11, 3.149819988168545e-11, 1.463872599527516e-11, 1.0250389079202726e-11, 1.0044227602423739e-11, 9.851831156426627e-12, 9.653037917611851e-12, 9.529444074118931e-12, 9.468815488633542e-12], "lowlevel.melbands128.stdev": [0.021446850150823593, 0.030097506940364838, 0.03143763169646263, 0.02156202681362629, 0.009670617058873177, 0.004460391588509083, 0.002762282034382224, 0.0019106613472104073, 0.002019645646214485, 0.0012637786567211151, 0.0010972534073516726, 0.0006964498898014426, 0.0011071264743804932, 0.0006309731397777796, 0.000239862798480317, 0.0006594514125026762, 0.0005721639608964324, 0.0006457174895331264, 0.001375362160615623, 0.0006432331283576787, 0.0006299265660345554, 0.0009014956885948777, 0.0013708530459553003, 0.00041164274443872273, 4.001053093816154e-05, 5.87649701628834e-05, 0.00016561833035666496, 0.000549450283870101, 0.00013849970127921551, 0.0003810990019701421, 0.0004120607045479119, 0.00024670048151165247, 7.19271192792803e-05, 0.00013659903197549284, 6.51785230729729e-05, 0.0006587005918845534, 0.0007111894083209336, 0.000261540844803676, 0.0004988586297258735, 0.00011404157703509554, 0.00031580825452692807, 0.0008411429007537663, 0.00025303917936980724, 0.00042916458914987743, 7.356948481174186e-05, 0.0004947176785208285, 0.000755462737288326, 0.00010002289491239935, 2.9583148716483265e-05, 9.423888695891947e-05, 0.0002525827439967543, 4.130442175664939e-05, 1.5360579709522426e-05, 7.963139069033787e-05, 7.941489457152784e-05, 2.1380770704126917e-05, 2.319128907402046e-05, 0.00012351201439742, 3.543118145898916e-05, 3.2693675166228786e-05, 6.94106929586269e-05, 1.4007686331751756e-05, 1.6141355445142835e-05, 2.5313091100542806e-05, 1.112047175411135e-05, 2.453095294185914e-05, 3.78392287530005e-05, 3.148912583128549e-05, 3.5885852412320673e-05, 1.7713857232593e-05, 2.403060170763638e-05, 2.0164392481092364e-05, 5.253628387436038e-06, 6.9346619966381695e-06, 4.394253664941061e-06, 5.626651727652643e-06, 3.1502579531661468e-06, 2.7662149477691855e-06, 3.4846864309656667e-06, 3.2857826681720326e-06, 3.1723866413813084e-06, 3.2732291401771363e-06, 4.709120275947498e-06, 5.003692876925925e-06, 4.32933393312851e-06, 5.839640834892634e-06, 9.862291335593909e-06, 1.7160375136882067e-05, 6.1895525504951365e-06, 7.424591785820667e-06, 1.5234663806040771e-05, 9.91896740742959e-06, 9.451124242332298e-06, 8.501583579345606e-06, 9.154338840744458e-06, 8.183884347090498e-06, 1.0451254638610408e-05, 7.95315827417653e-06, 7.835656106180977e-06, 6.535053671541391e-06, 6.214379482116783e-06, 6.457179097196786e-06, 6.638908416789491e-06, 4.738968982564984e-06, 6.008987384120701e-06, 5.578187483479269e-06, 5.072686235507717e-06, 4.0265645111503545e-06, 3.981238933192799e-06, 4.100627393199829e-06, 3.889304025506135e-06, 2.438551973682479e-06, 2.0877178030787036e-06, 1.7131073946075048e-06, 1.0162964372284478e-06, 6.456616006289551e-07, 1.803473139716516e-07, 4.9241727140270086e-08, 4.41419478747207e-09, 1.0460113886168187e-09, 6.876475500128265e-10, 1.2650021308235893e-10, 1.99625403013437e-11, 1.9600670045361035e-11, 1.9301888212752694e-11, 1.9057071892758515e-11, 1.888486415857482e-11, 1.8778622754012098e-11], "lowlevel.mfcc.mean": [-713.6425170898438, 159.18228149414062, -0.9280386567115784, 7.584834098815918, 24.246349334716797, 0.5719954371452332, 4.665802955627441, -10.699654579162598, -15.888126373291016, 3.064450979232788, -9.067057609558105, -4.138855934143066, -1.5696431398391724], "lowlevel.spectral_contrast_coeffs.mean": [-0.6327972412109375, -0.6807630062103271, -0.7256038784980774, -0.7348424792289734, -0.7648818492889404, -0.7875410914421082], "lowlevel.spectral_contrast_coeffs.stdev": [0.11019982397556305, 0.09166916459798813, 0.0725013017654419, 0.06731929630041122, 0.06086770072579384, 0.04979398101568222], "lowlevel.spectral_contrast_valleys.mean": [-7.119746208190918, -7.645843505859375, -8.176553726196289, -8.462056159973145, -8.85316276550293, -11.613421440124512], "lowlevel.spectral_contrast_valleys.stdev": [1.3576149940490723, 0.9107333421707153, 0.9220643639564514, 1.0501211881637573, 1.5000982284545898, 2.583312511444092], "rhythm.beats_loudness_band_ratio.mean": [0.5005006194114685, 0.27800631523132324, 0.11210628598928452, 0.08737367391586304, 0.06254814565181732, 0.04234287515282631], "rhythm.beats_loudness_band_ratio.stdev": [0.3488103747367859, 0.2871648371219635, 0.12495359778404236, 0.12622177600860596, 0.11164543777704239, 0.11946296691894531], "tonal.hpcp.mean": [0.06148954853415489, 0.09111594408750534, 0.06363827735185623, 0.2162560224533081, 0.2934638559818268, 0.1337304711341858, 0.04683713614940643, 0.03141596168279648, 0.03745635226368904, 0.06169705465435982, 0.05124466121196747, 0.019010869786143303, 0.007684728596359491, 0.004933777265250683, 0.0198369063436985, 0.22131653130054474, 0.2764725983142853, 0.0885692685842514, 0.11956470459699631, 0.15437482297420502, 0.06465159356594086, 0.03331182524561882, 0.026184018701314926, 0.01468901801854372, 0.02901054546236992, 0.03184698522090912, 0.0274345800280571, 0.052989982068538666, 0.04557164013385773, 0.055803995579481125, 0.36862149834632874, 0.3752424120903015, 0.07151554524898529, 0.032891932874917984, 0.021264350041747093, 0.012745876796543598], "tonal.hpcp.stdev": [0.159208744764328, 0.2207818627357483, 0.1618112325668335, 0.30562442541122437, 0.37928667664527893, 0.2487342655658722, 0.16401280462741852, 0.1359158605337143, 0.14344152808189392, 0.17962846159934998, 0.16666443645954132, 0.09440544992685318, 0.05352668836712837, 0.0401889868080616, 0.07814517617225647, 0.3015304505825043, 0.35523131489753723, 0.16433128714561462, 0.24989531934261322, 0.3193952143192291, 0.1813889890909195, 0.13201460242271423, 0.0945134088397026, 0.07321162521839142, 0.1046258732676506, 0.10485559701919556, 0.08786673098802567, 0.15930014848709106, 0.1427021026611328, 0.12904919683933258, 0.39870426058769226, 0.4002542197704315, 0.17511333525180817, 0.14558225870132446, 0.1145014837384224, 0.07588423043489456], "rhythm.beats_position": [0.5340589284896851, 1.0681178569793701, 1.5789568424224854, 2.0897958278656006, 2.600634813308716, 3.0998640060424805, 3.5874829292297363, 4.086711883544922, 4.585940837860107, 5.085169792175293, 5.584399223327637, 6.083628177642822, 6.582857131958008, 7.070476055145264, 7.569705009460449, 8.068934440612793, 8.56816291809082, 9.067392349243164, 9.555010795593262, 10.054240226745605, 10.565078735351562, 11.075918197631836, 11.57514762878418, 12.074376106262207, 12.561995506286621, 13.061223983764648, 13.560453414916992, 14.05968189239502, 14.558911323547363, 15.058140754699707, 15.557369232177734, 16.068208694458008, 16.57904815673828, 17.078275680541992, 17.577505111694336, 18.07673454284668, 18.564353942871094, 19.063581466674805, 19.56281089782715, 20.062040328979492, 20.572879791259766, 21.08371925354004, 21.58294677734375, 22.082176208496094, 22.569795608520508, 23.08063507080078, 23.579862594604492, 24.079092025756836, 24.57832145690918, 25.077550888061523, 25.576780319213867, 26.076007843017578, 26.575237274169922, 27.074466705322266, 27.57369613647461, 28.072925567626953, 28.560543060302734, 29.071382522583008, 29.57061195373535, 30.069841384887695, 30.569068908691406, 31.06829833984375, 31.555917739868164, 32.06675720214844, 32.56598663330078, 33.065216064453125, 33.56444549560547, 34.07528305053711, 34.57451248168945, 35.085350036621094, 35.57297134399414, 36.06058883666992, 36.559818267822266, 37.05904769897461, 37.55827713012695, 38.0575065612793, 38.56834411621094, 39.07918167114258, 39.566802978515625], "rhythm.bpm_histogram": [0.0, 0.0, 0.0, 0.0, 0.0, 0.0, 0.0, 0.0, 0.0, 0.0, 0.0, 0.0, 0.0, 0.0, 0.0, 0.0, 0.0, 0.0, 0.0, 0.0, 0.0, 0.0, 0.0, 0.0, 0.0, 0.0, 0.0, 0.0, 0.0, 0.0, 0.0, 0.0, 0.0, 0.0, 0.0, 0.0, 0.0, 0.0, 0.0, 0.0, 0.0, 0.0, 0.0, 0.0, 0.0, 0.0, 0.0, 0.0, 0.0, 0.0, 0.0, 0.0, 0.0, 0.0, 0.0, 0.0, 0.0, 0.0, 0.0, 0.0, 0.0, 0.0, 0.0, 0.0, 0.0, 0.0, 0.0, 0.0, 0.0, 0.0, 0.0, 0.0, 0.0, 0.0, 0.0, 0.0, 0.0, 0.0, 0.0, 0.0, 0.0, 0.0, 0.0, 0.0, 0.0, 0.0, 0.0, 0.0, 0.0, 0.0, 0.0, 0.0, 0.0, 0.0, 0.0, 0.0, 0.0, 0.0, 0.0, 0.0, 0.0, 0.0, 0.0, 0.0, 0.0, 0.0, 0.0, 0.0, 0.0, 0.0, 0.0, 0.0, 0.012820512987673283, 0.0, 0.0, 0.0, 0.0, 0.20512820780277252, 0.0, 0.0, 0.6410256624221802, 0.0, 0.0, 0.14102564752101898, 0.0, 0.0, 0.0, 0.0, 0.0, 0.0, 0.0, 0.0, 0.0, 0.0, 0.0, 0.0, 0.0, 0.0, 0.0, 0.0, 0.0, 0.0, 0.0, 0.0, 0.0, 0.0, 0.0, 0.0, 0.0, 0.0, 0.0, 0.0, 0.0, 0.0, 0.0, 0.0, 0.0, 0.0, 0.0, 0.0, 0.0, 0.0, 0.0, 0.0, 0.0, 0.0, 0.0, 0.0, 0.0, 0.0, 0.0, 0.0, 0.0, 0.0, 0.0, 0.0, 0.0, 0.0, 0.0, 0.0, 0.0, 0.0, 0.0, 0.0, 0.0, 0.0, 0.0, 0.0, 0.0, 0.0, 0.0, 0.0, 0.0, 0.0, 0.0, 0.0, 0.0, 0.0, 0.0, 0.0, 0.0, 0.0, 0.0, 0.0, 0.0, 0.0, 0.0, 0.0, 0.0, 0.0, 0.0, 0.0, 0.0, 0.0, 0.0, 0.0, 0.0, 0.0, 0.0, 0.0, 0.0, 0.0, 0.0, 0.0, 0.0, 0.0, 0.0, 0.0, 0.0, 0.0, 0.0, 0.0, 0.0, 0.0, 0.0, 0.0, 0.0, 0.0, 0.0, 0.0, 0.0, 0.0, 0.0, 0.0, 0.0, 0.0, 0.0, 0.0, 0.0, 0.0], "tonal.chords_histogram": [79.39814758300781, 5.208333492279053, 3.819444417953491, 0.0, 0.0, 0.0, 0.0, 4.0509257316589355, 0.0, 3.819444417953491, 0.0, 0.0, 0.0, 0.0, 0.0, 0.0, 0.0, 0.0, 0.0, 0.0, 0.0, 0.0, 0.11574073880910873, 3.5879628658294678], "tonal.thpcp": [1.0, 0.1905849277973175, 0.08765515685081482, 0.056668300181627274, 0.033967047929763794, 0.16386620700359344, 0.2428188920021057, 0.16959244012832642, 0.5763101577758789, 0.7820647358894348, 0.3563842177391052, 0.1248183399438858, 0.08372177928686142, 0.09981907904148102, 0.16441918909549713, 0.13656415045261383, 0.05066290125250816, 0.020479371771216393, 0.013148239813745022, 0.05286424234509468, 0.5897961258888245, 0.7367839813232422, 0.2360321432352066, 0.31863322854042053, 0.4114002585411072, 0.17229287326335907, 0.08877414464950562, 0.0697789415717125, 0.03914541006088257, 0.07731147855520248, 0.08487042784690857, 0.07311161607503891, 0.14121533930301666, 0.12144586443901062, 0.14871452748775482, 0.9823556542396545], "lowlevel.gfcc.cov": [[15992.0078125, -9677.8583984375, 1735.344482421875, 2574.805419921875, -1878.5621337890625, 3695.53125, -1249.6953125, 3310.371337890625, -15.120609283447266, 968.1099853515625, 256.8554382324219, 750.5668334960938, -896.505126953125], [-9677.8583984375, 9240.4599609375, -1326.279541015625, -1558.684326171875, 2100.488525390625, -2686.69482421875, 1592.7342529296875, -2344.06298828125, 356.052978515625, -754.9427490234375, -120.2888412475586, -711.990966796875, 678.8262939453125], [1735.344482421875, -1326.279541015625, 1883.5745849609375, 922.842529296875, 87.72423553466797, 1072.8345947265625, 53.58091354370117, 668.704833984375, 158.9911346435547, 353.66094970703125, 115.94683837890625, 332.3780212402344, -50.23796463012695], [2574.805419921875, -1558.684326171875, 922.842529296875, 1059.646484375, -24.63358497619629, 852.6865234375, -14.838553428649902, 741.0585327148438, 210.0130615234375, 266.2604675292969, 112.0555419921875, 226.79283142089844, -64.7281265258789], [-1878.5621337890625, 2100.488525390625, 87.72423553466797, -24.63358497619629, 854.8411865234375, -304.289306640625, 527.3195190429688, -307.597900390625, 246.5043182373047, -78.80998992919922, 31.73982048034668, -132.7137451171875, 197.29994201660156], [3695.53125, -2686.69482421875, 1072.8345947265625, 852.6865234375, -304.289306640625, 1433.0113525390625, -181.91595458984375, 989.9381713867188, 55.71809005737305, 355.6519775390625, 142.26385498046875, 272.7250061035156, -226.04478454589844], [-1249.6953125, 1592.7342529296875, 53.58091354370117, -14.838553428649902, 527.3195190429688, -181.91595458984375, 602.1506958007812, -210.53378295898438, 172.20460510253906, -42.50985336303711, 55.912071228027344, -77.97676849365234, 107.31461334228516], [3310.371337890625, -2344.06298828125, 668.704833984375, 741.0585327148438, -307.597900390625, 989.9381713867188, -210.53378295898438, 1038.1846923828125, 108.87649536132812, 285.3664855957031, 160.8293914794922, 193.9181671142578, -186.07272338867188], [-15.120609283447266, 356.052978515625, 158.9911346435547, 210.0130615234375, 246.5043182373047, 55.71809005737305, 172.20460510253906, 108.87649536132812, 289.272216796875, 86.07318878173828, 41.56065368652344, 17.5044002532959, 84.60176086425781], [968.1099853515625, -754.9427490234375, 353.66094970703125, 266.2604675292969, -78.80998992919922, 355.6519775390625, -42.50985336303711, 285.3664855957031, 86.07318878173828, 231.48605346679688, 88.95964813232422, 104.68726348876953, -31.540699005126953], [256.8554382324219, -120.2888412475586, 115.94683837890625, 112.0555419921875, 31.73982048034668, 142.26385498046875, 55.912071228027344, 160.8293914794922, 41.56065368652344, 88.95964813232422, 199.97735595703125, 55.63580322265625, -30.363466262817383], [750.5668334960938, -711.990966796875, 332.3780212402344, 226.79283142089844, -132.7137451171875, 272.7250061035156, -77.97676849365234, 193.9181671142578, 17.5044002532959, 104.68726348876953, 55.63580322265625, 199.0252227783203, -9.471778869628906], [-896.505126953125, 678.8262939453125, -50.23796463012695, -64.7281265258789, 197.29994201660156, -226.04478454589844, 107.31461334228516, -186.07272338867188, 84.60176086425781, -31.540699005126953, -30.363466262817383, -9.471778869628906, 179.81048583984375]], "lowlevel.gfcc.icov": [[0.00038951789611019194, -0.00022844890190754086, 0.0004531342419795692, -0.0005122917355038226, 0.00035655009560287, -0.0006289418670348823, 0.0002638527366798371, -0.000747193000279367, 0.0003111506812274456, -0.0005271367845125496, 0.0006713218172080815, -0.0004428558168001473, 0.0004852987767662853], [-0.00022844890190754086, 0.0022006474900990725, -0.0009603604557923973, 0.0010170717723667622, -0.0019343530293554068, 0.001949703088030219, -0.002035689540207386, 0.002233839128166437, -0.0016776460688561201, 0.002140684984624386, -0.0018442184664309025, 0.0017660127487033606, -0.00030260634957812726], [0.0004531342419795692, -0.0009603604557923973, 0.0022766394540667534, -0.001409041928127408, 0.00012973911361768842, -0.001935975276865065, 0.0008885126444511116, -0.0012681290972977877, 0.001529364730231464, -0.002225161762908101, 0.0019030255498364568, -0.0024816791992634535, 0.0006757189985364676], [-0.0005122917355038226, 0.0010170717723667622, -0.001409041928127408, 0.003909621387720108, -0.0013266602763906121, 0.0010349111398681998, -0.0010756909614428878, 0.000235714454902336, -0.00199347292073071, 0.00154103001113981, -0.0009219983476214111, 0.00010472953727003187, -0.0006794659420847893], [0.00035655009560287, -0.0019343530293554068, 0.00012973911361768842, -0.0013266602763906121, 0.006367421709001064, -0.0022249887697398663, -0.0001579007803229615, -0.0011696377769112587, -0.000678404641803354, -0.00017507720622234046, 0.00014134457160253078, 0.001426191651262343, -0.0018734995974227786], [-0.0006289418670348823, 0.001949703088030219, -0.001935975276865065, 0.0010349111398681998, -0.0022249887697398663, 0.00571473641321063, -0.0021722002420574427, 0.0004168064915575087, -0.0005374300526455045, 0.0006949110538698733, -0.0012267034035176039, 0.0008964587468653917, 0.0009033976821228862], [0.0002638527366798371, -0.002035689540207386, 0.0008885126444511116, -0.0010756909614428878, -0.0001579007803229615, -0.0021722002420574427, 0.005803817417472601, -0.0013375498820096254, 0.0005923887365497649, -0.0015489028301090002, 0.0006640256615355611, -0.0014653936959803104, 0.0009408212499693036], [-0.000747193000279367, 0.002233839128166437, -0.0012681290972977877, 0.000235714454902336, -0.0011696377769112587, 0.0004168064915575087, -0.0013375498820096254, 0.007641753647476435, -0.0038203992880880833, 0.0029672509990632534, -0.00446085911244154, 0.0033515398390591145, -0.00017326830129604787], [0.0003111506812274456, -0.0016776460688561201, 0.001529364730231464, -0.00199347292073071, -0.000678404641803354, -0.0005374300526455045, 0.0005923887365497649, -0.0038203992880880833, 0.009772603400051594, -0.005451880861073732, 0.0029254143591970205, -0.0021149604581296444, -0.0018154865829274058], [-0.0005271367845125496, 0.002140684984624386, -0.002225161762908101, 0.00154103001113981, -0.00017507720622234046, 0.0006949110538698733, -0.0015489028301090002, 0.0029672509990632534, -0.005451880861073732, 0.0130228316411376, -0.005539658013731241, 0.0021367715671658516, -0.001689455471932888], [0.0006713218172080815, -0.0018442184664309025, 0.0019030255498364568, -0.0009219983476214111, 0.00014134457160253078, -0.0012267034035176039, 0.0006640256615355611, -0.00446085911244154, 0.0029254143591970205, -0.005539658013731241, 0.010383227840065956, -0.004980850033462048, 0.002942346502095461], [-0.0004428558168001473, 0.0017660127487033606, -0.0024816791992634535, 0.00010472953727003187, 0.001426191651262343, 0.0008964587468653917, -0.0014653936959803104, 0.0033515398390591145, -0.0021149604581296444, 0.0021367715671658516, -0.004980850033462048, 0.01316522341221571, -0.004403561353683472], [0.0004852987767662853, -0.00030260634957812726, 0.0006757189985364676, -0.0006794659420847893, -0.0018734995974227786, 0.0009033976821228862, 0.0009408212499693036, -0.00017326830129604787, -0.0018154865829274058, -0.001689455471932888, 0.002942346502095461, -0.004403561353683472, 0.012340985238552094]], "lowlevel.mfcc.cov": [[13868.662109375, -8427.580078125, 1735.592041015625, -476.4576721191406, 664.2758178710938, -167.9965362548828, 338.0942077636719, 1421.201416015625, 14.585356712341309, 1304.0906982421875, 944.4589233398438, 747.7936401367188, 422.6222839355469], [-8427.580078125, 7790.63232421875, -1744.363037109375, 720.6439819335938, -435.95648193359375, 265.6753234863281, 2.725757122039795, -811.12158203125, 209.888427734375, -670.2859497070312, -542.9212036132812, -474.5845642089844, -278.7085266113281], [1735.592041015625, -1744.363037109375, 1594.3477783203125, 141.34869384765625, 418.6128234863281, 395.04058837890625, 224.50770568847656, 463.9490966796875, 181.91001892089844, 219.1311798095703, 333.68084716796875, 244.24581909179688, 223.66610717773438], [-476.4576721191406, 720.6439819335938, 141.34869384765625, 612.3294067382812, 150.28140258789062, 194.6135711669922, 78.2561264038086, 102.3585433959961, 238.50213623046875, 2.480194568634033, 79.13955688476562, 68.86097717285156, 118.35314178466797], [664.2758178710938, -435.95648193359375, 418.6128234863281, 150.28140258789062, 447.024169921875, 137.9173126220703, 121.06661987304688, 234.80889892578125, 138.77285766601562, 235.02301025390625, 135.85333251953125, 123.82511138916016, 108.54026794433594], [-167.9965362548828, 265.6753234863281, 395.04058837890625, 194.6135711669922, 137.9173126220703, 461.4383544921875, 149.7354278564453, 127.25836181640625, 199.8458709716797, 17.870882034301758, 124.79016876220703, 60.83334732055664, 44.21986389160156], [338.0942077636719, 2.725757122039795, 224.50770568847656, 78.2561264038086, 121.06661987304688, 149.7354278564453, 342.93316650390625, 197.42999267578125, 46.61577606201172, 169.83407592773438, 154.27923583984375, 97.78202056884766, 58.50595474243164], [1421.201416015625, -811.12158203125, 463.9490966796875, 102.3585433959961, 234.80889892578125, 127.25836181640625, 197.42999267578125, 417.4221496582031, 129.4954833984375, 240.65846252441406, 221.78416442871094, 151.61666870117188, 119.81594848632812], [14.585356712341309, 209.888427734375, 181.91001892089844, 238.50213623046875, 138.77285766601562, 199.8458709716797, 46.61577606201172, 129.4954833984375, 316.0122375488281, 84.94346618652344, 64.20986938476562, 63.74897003173828, 45.20171356201172], [1304.0906982421875, -670.2859497070312, 219.1311798095703, 2.480194568634033, 235.02301025390625, 17.870882034301758, 169.83407592773438, 240.65846252441406, 84.94346618652344, 414.76788330078125, 183.53353881835938, 126.84552001953125, 95.18466186523438], [944.4589233398438, -542.9212036132812, 333.68084716796875, 79.13955688476562, 135.85333251953125, 124.79016876220703, 154.27923583984375, 221.78416442871094, 64.20986938476562, 183.53353881835938, 253.4242706298828, 142.537353515625, 101.64289093017578], [747.7936401367188, -474.5845642089844, 244.24581909179688, 68.86097717285156, 123.82511138916016, 60.83334732055664, 97.78202056884766, 151.61666870117188, 63.74897003173828, 126.84552001953125, 142.537353515625, 202.41429138183594, 112.11620330810547], [422.6222839355469, -278.7085266113281, 223.66610717773438, 118.35314178466797, 108.54026794433594, 44.21986389160156, 58.50595474243164, 119.81594848632812, 45.20171356201172, 95.18466186523438, 101.64289093017578, 112.11620330810547, 177.2772674560547]], "lowlevel.mfcc.icov": [[0.00033227051608264446, 0.0003217215707991272, 0.00018384405120741576, -0.00014999466657172889, 0.00022024341160431504, -0.00012281171802897006, 0.00013953082088846713, -0.000537067768163979, 0.00011153196828672662, -0.00045569337089546025, -7.188704330474138e-05, -0.00020737478916998953, 0.00018319374066777527], [0.0003217215707991272, 0.000681069097481668, 0.0005493635544553399, -0.0005036701913923025, 0.00011444411211414263, -0.0004112419264856726, -0.000454406370408833, -3.2585141980234766e-06, -0.0001601225812919438, -0.00015978248848114163, 0.000123539415653795, 0.00023403532395604998, 3.9371974708046764e-05], [0.00018384405120741576, 0.0005493635544553399, 0.0018205948872491717, -4.0988536056829616e-05, -0.00068852020194754, -0.0011519998079165816, -0.00025951009592972696, -0.0006474431720562279, -5.3113508329261094e-05, 0.0005991278449073434, -0.0004459368356037885, 0.00019561380031518638, -0.0007882585050538182], [-0.00014999466657172889, -0.0005036701913923025, -4.0988536056829616e-05, 0.003578279633074999, -0.0009144135401584208, 0.00043144452502019703, -0.0002400196681264788, 5.0948234274983406e-05, -0.0021503150928765535, 0.0015397636452689767, -0.0011499146930873394, 0.00043679107329808176, -0.0021698393393307924], [0.00022024341160431504, 0.00011444411211414263, -0.00068852020194754, -0.0009144135401584208, 0.004868944641202688, -0.0007040835916996002, 0.0007531329174526036, -0.0014346599346026778, 0.00040709637687541544, -0.0028779078274965286, 0.0016391654498875141, -0.0010620870161801577, 0.0002229745441582054], [-0.00012281171802897006, -0.0004112419264856726, -0.0011519998079165816, 0.00043144452502019703, -0.0007040835916996002, 0.0052833822555840015, -0.0016206256113946438, 0.0010264486772939563, -0.0028259819373488426, 0.0018916248809546232, -0.0024266198743134737, 0.0008089143084362149, 0.00035058625508099794], [0.00013953082088846713, -0.000454406370408833, -0.00025951009592972696, -0.0002400196681264788, 0.0007531329174526036, -0.0016206256113946438, 0.006453827489167452, -0.0027777047362178564, 0.002446395345032215, -0.0024273633025586605, -0.0005612908280454576, -0.0017305654473602772, 0.0012270136503502727], [-0.000537067768163979, -3.2585141980234766e-06, -0.0006474431720562279, 5.0948234274983406e-05, -0.0014346599346026778, 0.0010264486772939563, -0.0027777047362178564, 0.008410772308707237, -0.002406040206551552, 0.0005887776496820152, -0.002637283643707633, 0.001156373182311654, -0.0010093010496348143], [0.00011153196828672662, -0.0001601225812919438, -5.3113508329261094e-05, -0.0021503150928765535, 0.00040709637687541544, -0.0028259819373488426, 0.002446395345032215, -0.002406040206551552, 0.007563774939626455, -0.0025665315333753824, 0.0021540443412959576, -0.002038257662206888, 0.0017628968926146626], [-0.00045569337089546025, -0.00015978248848114163, 0.0005991278449073434, 0.0015397636452689767, -0.0028779078274965286, 0.0018916248809546232, -0.0024273633025586605, 0.0005887776496820152, -0.0025665315333753824, 0.007322769612073898, -0.003054484724998474, 0.001214232761412859, -0.001549367094412446], [-7.188704330474138e-05, 0.000123539415653795, -0.0004459368356037885, -0.0011499146930873394, 0.0016391654498875141, -0.0024266198743134737, -0.0005612908280454576, -0.002637283643707633, 0.0021540443412959576, -0.003054484724998474, 0.012324885465204716, -0.003823833307251334, -0.0002921038249041885], [-0.00020737478916998953, 0.00023403532395604998, 0.00019561380031518638, 0.00043679107329808176, -0.0010620870161801577, 0.0008089143084362149, -0.0017305654473602772, 0.001156373182311654, -0.002038257662206888, 0.001214232761412859, -0.003823833307251334, 0.011341150850057602, -0.004550376441329718], [0.00018319374066777527, 3.9371974708046764e-05, -0.0007882585050538182, -0.0021698393393307924, 0.0002229745441582054, 0.00035058625508099794,