{"song_id": "1183667137651413052", "download": "https://cdn.discordapp.com/attachments/1135911532732108921/1183667137651413052/chirp.mp4?ex=65892aed&amp", "lyrics": "[Verse]\nHydration, essential for our health\nGotta hydrate, take care of yourself\nSip it up, drink it down, keep it flowing\nWater's the remedy, always worth knowing\n\n[Chorus]\nDrink that water, stay refreshed\nQuench your thirst, you know it's the best\nH2O, the elixir of life\nStay hydrated, it's the way to thrive", "style": ["rap"], "essentia_features": {"lowlevel.average_loudness": 0.7918382883071899, "lowlevel.barkbands_crest.mean": 13.807445526123047, "lowlevel.barkbands_crest.stdev": 6.428494453430176, "lowlevel.barkbands_flatness_db.mean": 0.22820059955120087, "lowlevel.barkbands_flatness_db.stdev": 0.11990853399038315, "lowlevel.barkbands_kurtosis.mean": 81.45948791503906, "lowlevel.barkbands_kurtosis.stdev": 230.4762420654297, "lowlevel.barkbands_skewness.mean": 3.858954429626465, "lowlevel.barkbands_skewness.stdev": 6.232958793640137, "lowlevel.barkbands_spread.mean": 20.61716079711914, "lowlevel.barkbands_spread.stdev": 18.508886337280273, "lowlevel.dissonance.mean": 0.47275054454803467, "lowlevel.dissonance.stdev": 0.030332863330841064, "lowlevel.dynamic_complexity": 5.417169570922852, "lowlevel.erbbands_crest.mean": 9.881658554077148, "lowlevel.erbbands_crest.stdev": 4.777885913848877, "lowlevel.erbbands_flatness_db.mean": 0.17118723690509796, "lowlevel.erbbands_flatness_db.stdev": 0.05586925894021988, "lowlevel.erbbands_kurtosis.mean": 2.9018337726593018, "lowlevel.erbbands_kurtosis.stdev": 6.75311803817749, "lowlevel.erbbands_skewness.mean": -0.03110448643565178, "lowlevel.erbbands_skewness.stdev": 1.5308350324630737, "lowlevel.erbbands_spread.mean": 45.15430450439453, "lowlevel.erbbands_spread.stdev": 32.61707305908203, "lowlevel.hfc.mean": 19.258838653564453, "lowlevel.hfc.stdev": 22.848655700683594, "lowlevel.loudness_ebu128.integrated": -16.12830924987793, "lowlevel.loudness_ebu128.loudness_range": 2.167046546936035, "lowlevel.loudness_ebu128.momentary.mean": -17.806974411010742, "lowlevel.loudness_ebu128.momentary.stdev": 4.149668216705322, "lowlevel.loudness_ebu128.short_term.mean": -16.486045837402344, "lowlevel.loudness_ebu128.short_term.stdev": 0.6960679888725281, "lowlevel.melbands_crest.mean": 21.23291015625, "lowlevel.melbands_crest.stdev": 12.072565078735352, "lowlevel.melbands_flatness_db.mean": 0.25410717725753784, "lowlevel.melbands_flatness_db.stdev": 0.16516998410224915, "lowlevel.melbands_kurtosis.mean": 194.5916748046875, "lowlevel.melbands_kurtosis.stdev": 420.251220703125, "lowlevel.melbands_skewness.mean": 6.7856764793396, "lowlevel.melbands_skewness.stdev": 9.036996841430664, "lowlevel.melbands_spread.mean": 33.45773696899414, "lowlevel.melbands_spread.stdev": 39.519432067871094, "lowlevel.pitch_salience.mean": 0.4177277088165283, "lowlevel.pitch_salience.stdev": 0.27160966396331787, "lowlevel.silence_rate_20dB.mean": 0.968932032585144, "lowlevel.silence_rate_20dB.stdev": 0.1735011786222458, "lowlevel.silence_rate_30dB.mean": 0.8019417524337769, "lowlevel.silence_rate_30dB.stdev": 0.3985383212566376, "lowlevel.silence_rate_60dB.mean": 0.24368931353092194, "lowlevel.silence_rate_60dB.stdev": 0.42930883169174194, "lowlevel.spectral_centroid.mean": 1930.8486328125, "lowlevel.spectral_centroid.stdev": 1236.599853515625, "lowlevel.spectral_complexity.mean": 9.16213607788086, "lowlevel.spectral_complexity.stdev": 11.177552223205566, "lowlevel.spectral_decrease.mean": -1.511822489419501e-08, "lowlevel.spectral_decrease.stdev": 2.572711288451046e-08, "lowlevel.spectral_energy.mean": 0.05880647525191307, "lowlevel.spectral_energy.stdev": 0.09773139655590057, "lowlevel.spectral_energyband_high.mean": 0.0009952143300324678, "lowlevel.spectral_energyband_high.stdev": 0.0018161444459110498, "lowlevel.spectral_energyband_low.mean": 0.05109008774161339, "lowlevel.spectral_energyband_low.stdev": 0.097133569419384, "lowlevel.spectral_energyband_middle_high.mean": 0.003810614813119173, "lowlevel.spectral_energyband_middle_high.stdev": 0.0063899909146130085, "lowlevel.spectral_energyband_middle_low.mean": 0.0033564367331564426, "lowlevel.spectral_energyband_middle_low.stdev": 0.008462506346404552, "lowlevel.spectral_entropy.mean": 7.794885635375977, "lowlevel.spectral_entropy.stdev": 0.5859391093254089, "lowlevel.spectral_flux.mean": 0.10054198652505875, "lowlevel.spectral_flux.stdev": 0.12197620421648026, "lowlevel.spectral_kurtosis.mean": 3.3298323154449463, "lowlevel.spectral_kurtosis.stdev": 2.68021559715271, "lowlevel.spectral_rms.mean": 0.005608385428786278, "lowlevel.spectral_rms.stdev": 0.00509099243208766, "lowlevel.spectral_rolloff.mean": 2705.64111328125, "lowlevel.spectral_rolloff.stdev": 3554.46923828125, "lowlevel.spectral_skewness.mean": 1.389629602432251, "lowlevel.spectral_skewness.stdev": 0.5414097905158997, "lowlevel.spectral_spread.mean": 5792374.0, "lowlevel.spectral_spread.stdev": 2328476.75, "lowlevel.spectral_strongpeak.mean": 0.8218340277671814, "lowlevel.spectral_strongpeak.stdev": 1.0268036127090454, "lowlevel.zerocrossingrate.mean": 0.09801890701055527, "lowlevel.zerocrossingrate.stdev": 0.10731469094753265, "metadata.audio_properties.analysis.equal_loudness": 0.0, "metadata.audio_properties.analysis.length": 23.892290115356445, "metadata.audio_properties.analysis.sample_rate": 44100.0, "metadata.audio_properties.analysis.start_time": 0.0, "metadata.audio_properties.bit_rate": 119687.0, "metadata.audio_properties.length": 23.893333435058594, "metadata.audio_properties.lossless": 0.0, "metadata.audio_properties.number_channels": 1.0, "metadata.audio_properties.replay_gain": -10.052433013916016, "metadata.audio_properties.sample_rate": 48000.0, "rhythm.beats_count": 32.0, "rhythm.beats_loudness.mean": 0.10990123450756073, "rhythm.beats_loudness.stdev": 0.12846723198890686, "rhythm.bpm": 81.25639343261719, "rhythm.bpm_histogram_first_peak_bpm": 81.0, "rhythm.bpm_histogram_first_peak_weight": 0.096774160861969, "rhythm.bpm_histogram_second_peak_bpm": 0.0, "rhythm.bpm_histogram_second_peak_spread": 0.0, "rhythm.bpm_histogram_second_peak_weight": 0.0, "rhythm.danceability": 1.2209246158599854, "rhythm.onset_rate": 4.5178937911987305, "tonal.chords_changes_rate": 0.17635658383369446, "tonal.chords_number_rate": 0.021317830309271812, "tonal.chords_strength.mean": 0.5113608241081238, "tonal.chords_strength.stdev": 0.105083167552948, "tonal.hpcp_crest.mean": 12.235726356506348, "tonal.hpcp_crest.stdev": 6.354360103607178, "tonal.hpcp_entropy.mean": 2.296297550201416, "tonal.hpcp_entropy.stdev": 0.884453535079956, "tonal.key_edma.strength": 0.5612566471099854, "tonal.key_krumhansl.strength": 0.5709441900253296, "tonal.key_temperley.strength": 0.5680292248725891, "tonal.tuning_diatonic_strength": 0.5328415632247925, "tonal.tuning_equal_tempered_deviation": 0.20099832117557526, "tonal.tuning_frequency": 434.193115234375, "tonal.tuning_nontempered_energy_ratio": 0.9292866587638855, "lowlevel.barkbands.mean": [0.005542502272874117, 0.03775550797581673, 0.007445560768246651, 0.0007527965935878456, 0.0005143167800270021, 0.00019457488087937236, 0.0004612946941051632, 0.0003277433861512691, 0.0008730782428756356, 0.00048777629854157567, 0.00044698501005768776, 0.00045519694685935974, 0.00028537525213323534, 0.0003059108857996762, 0.0005035717040300369, 0.0004147875588387251, 0.00040985443047247827, 0.00043519941391423345, 0.00014050540630705655, 0.00011934063513763249, 0.0001252141228178516, 0.00013626652071252465, 0.000259940221440047, 0.00017679027223493904, 0.0001502048980910331, 8.558171248296276e-05, 6.222090291885252e-07], "lowlevel.barkbands.stdev": [0.009821169078350067, 0.0743420198559761, 0.0410723052918911, 0.00463611725717783, 0.0017995069501921535, 0.0006179936463013291, 0.0013029654510319233, 0.0012241507647559047, 0.002954862779006362, 0.0019642335828393698, 0.0015222264919430017, 0.0017444273689761758, 0.0008667447254993021, 0.0008771490538492799, 0.001309025683440268, 0.0011684990022331476, 0.000985988532193005, 0.0008406479028053582, 0.0002551186771597713, 0.00022222488769330084, 0.0002309763804078102, 0.0002726774546317756, 0.0005854527116753161, 0.00043364023440517485, 0.0003962002811022103, 0.0002011108008446172, 3.5381215184315806e-06], "lowlevel.erbbands.mean": [1.6868000030517578, 6.024381637573242, 9.564040184020996, 5.06374454498291, 1.7377761602401733, 1.9352692365646362, 1.3091071844100952, 1.8364429473876953, 4.595295429229736, 8.5943021774292, 8.765236854553223, 18.307973861694336, 20.929697036743164, 13.148356437683105, 19.723234176635742, 18.05113983154297, 13.390995025634766, 14.469124794006348, 22.24300193786621, 26.301191329956055, 22.871641159057617, 24.170602798461914, 26.451013565063477, 10.417193412780762, 6.418517112731934, 5.526428699493408, 5.413595199584961, 4.539164066314697, 4.74753999710083, 6.5366106033325195, 7.242962837219238, 4.002645015716553, 2.9957776069641113, 1.7959322929382324, 1.0067685842514038, 0.4627697169780731, 0.14397785067558289, 0.01394436601549387, 0.00030299488571472466, 7.974115578690544e-05], "lowlevel.erbbands.stdev": [2.9085593223571777, 15.906961441040039, 45.26175308227539, 28.303342819213867, 8.559146881103516, 5.736170768737793, 4.180065155029297, 5.607722759246826, 11.873018264770508, 26.173505783081055, 29.924409866333008, 59.71073913574219, 89.70039367675781, 40.029510498046875, 63.20661163330078, 70.39469146728516, 39.09117889404297, 38.80702590942383, 60.44157791137695, 69.90291595458984, 60.760398864746094, 53.6904296875, 50.70768737792969, 20.614492416381836, 11.034912109375, 10.358145713806152, 9.931614875793457, 8.574155807495117, 9.50761890411377, 12.981472969055176, 17.01146125793457, 9.59233570098877, 7.702069282531738, 4.789750099182129, 2.5971896648406982, 1.139797329902649, 0.3420504331588745, 0.03684994578361511, 0.000702319317497313, 0.00010822318290593103], "lowlevel.gfcc.mean": [-81.48930358886719, 31.872509002685547, -115.87345886230469, 31.924365997314453, -61.89432907104492, 21.03646469116211, -41.35301971435547, 15.333882331848145, -19.730064392089844, 4.441805839538574, -16.097454071044922, 6.418839454650879, -10.036798477172852], "lowlevel.melbands.mean": [0.012490124441683292, 0.005668931175023317, 0.0008029042510315776, 0.00012212434376124293, 5.492561467690393e-05, 4.111869202461094e-05, 7.85833180998452e-05, 8.968422480393201e-05, 7.978892972460017e-05, 0.00012244227400515229, 0.00010275722161168233, 5.026803046348505e-05, 6.328504969133064e-05, 5.714705912396312e-05, 3.493382973829284e-05, 2.7486850740388036e-05, 2.6644853278412484e-05, 3.384447700227611e-05, 3.9180973544716835e-05, 3.118305903626606e-05, 2.4938484784797765e-05, 2.3147140382207e-05, 3.042083335458301e-05, 1.7036560166161507e-05, 7.496587386413012e-06, 4.731335138785653e-06, 4.310540589358425e-06, 3.4772633625834715e-06, 3.277940777479671e-06, 3.3054593586712144e-06, 2.38132838603633e-06, 2.6097713998751715e-06, 2.790463213386829e-06, 4.130205070396187e-06, 4.454142072063405e-06, 3.2509260563529097e-06, 2.173064785893075e-06, 2.1864379959879443e-06, 1.724593062135682e-06, 1.4620762840422685e-06], "lowlevel.melbands.stdev": [0.02254393696784973, 0.01961633563041687, 0.004388297442346811, 0.00045955245150253177, 0.00016451343253720552, 0.00012484847684390843, 0.00020853635214734823, 0.0002796906337607652, 0.0002785330871120095, 0.0004097951459698379, 0.0004471104184631258, 0.00015929702203720808, 0.00021070476213935763, 0.0002292683202540502, 0.00011489121243357658, 8.637027349323034e-05, 7.738391286693513e-05, 0.0001015934394672513, 0.00010527950507821515, 9.209914423990995e-05, 6.840627611381933e-05, 5.7549816119717434e-05, 6.155227310955524e-05, 3.46547931258101e-05, 1.6269781554001383e-05, 8.404058462474495e-06, 8.128604349622037e-06, 7.01130284141982e-06, 6.179532647365704e-06, 6.5792382883955725e-06, 4.660147169488482e-06, 5.384599262470147e-06, 5.801094175694743e-06, 8.561724825995043e-06, 1.0579090485407505e-05, 8.213533874368295e-06, 5.327084181772079e-06, 5.775576028099749e-06, 4.620530489773955e-06, 4.0168920349969994e-06], "lowlevel.melbands128.mean": [0.005326142068952322, 0.016007952392101288, 0.013997351750731468, 0.008767138235270977, 0.005761254578828812, 0.003130394034087658, 0.0010161161189898849, 0.00026858123601414263, 0.00013970032159704715, 0.00012329535093158484, 0.00011336042371112853, 7.014734001131728e-05, 3.724067937582731e-05, 3.761595144169405e-05, 3.793539508478716e-05, 4.3006315536331385e-05, 5.5200147471623495e-05, 7.895151793491095e-05, 0.0001171858748421073, 0.00010431625560158864, 7.435051520587876e-05, 5.286854138830677e-05, 7.329555955948308e-05, 0.00011587778135435656, 0.00011429013829911128, 0.00012543104821816087, 0.0001441889035049826, 0.00010725732863647863, 6.554945139214396e-05, 4.236783934175037e-05, 4.6169971028575674e-05, 6.056693018763326e-05, 6.374705117195845e-05, 6.985656364122406e-05, 5.821128434035927e-05, 5.801264342153445e-05, 4.5382763346424326e-05, 3.442167508183047e-05, 2.783728632493876e-05, 2.8534765078802593e-05, 2.9075894417474046e-05, 2.41202833421994e-05, 2.5330038624815643e-05, 2.6873425667872652e-05, 3.187030597473495e-05, 3.544820356182754e-05, 3.582171120797284e-05, 4.006065501016565e-05, 4.295693361200392e-05, 3.222357190679759e-05, 2.8295837182668038e-05, 3.0901934223948047e-05, 2.9071979952277616e-05, 1.9279068510513753e-05, 2.2830157831776887e-05, 2.3386284738080576e-05, 2.197499998146668e-05, 3.2437055779155344e-05, 3.420503708184697e-05, 2.580043292255141e-05, 1.6439300452475436e-05, 1.0226691301795654e-05, 9.194417543767486e-06, 6.433715952880448e-06, 5.1616598284454085e-06, 4.711594556283671e-06, 4.413377610035241e-06, 4.478125902096508e-06, 4.372887815407012e-06, 4.011611054011155e-06, 3.2618397654005094e-06, 3.3506626095913816e-06, 3.425838485782151e-06, 3.0421219889831264e-06, 3.4204979328933405e-06, 3.7052782317914534e-06, 3.1888214380160207e-06, 2.3270065412361873e-06, 2.347325334994821e-06, 2.268534217364504e-06, 2.5975868993555196e-06, 2.809214947774308e-06, 2.5153462956950534e-06, 2.7483742996992078e-06, 2.999184516738751e-06, 3.4527813568274723e-06, 4.643693955586059e-06, 5.316894657880766e-06, 4.116839591006283e-06, 4.371077466203133e-06, 3.7989036627550377e-06, 2.9939267278678017e-06, 2.113495838784729e-06, 2.178506065320107e-06, 2.093742978104274e-06, 2.283451522089308e-06, 2.1909663701080717e-06, 2.1261359961499693e-06, 1.7547213246871252e-06, 1.5216171505016973e-06, 1.432726548955543e-06, 1.5138667777137016e-06, 1.4228169220587006e-06, 1.2996162013223511e-06, 1.1080062449764227e-06, 1.0098935945279663e-06, 9.557580824548495e-07, 8.745419677325117e-07, 8.250282803601294e-07, 7.289590371328813e-07, 5.895539061384625e-07, 5.005408070246631e-07, 4.99602776926622e-07, 3.5144071830472967e-07, 2.578630926564074e-07, 1.4466635889220925e-07, 2.715735725189461e-08, 5.321132423574682e-10, 1.3411227857418329e-11, 5.719164291456691e-12, 5.329503765388877e-12, 5.196168582216609e-12, 5.052984072828615e-12, 4.9582954929350276e-12, 4.840362485825089e-12, 4.692006332074339e-12, 4.606210378399478e-12, 4.573535560686848e-12], "lowlevel.melbands128.stdev": [0.009444772265851498, 0.02712898701429367, 0.03263953700661659, 0.026287799701094627, 0.025843551382422447, 0.01766066998243332, 0.0060220398008823395, 0.0016522874357178807, 0.0007703626761212945, 0.0005234773852862418, 0.00031975441379472613, 0.00027295632753521204, 0.00014284469943959266, 0.00015508627984672785, 0.00014195439871400595, 0.0001439694024156779, 0.00016785654588602483, 0.0002415699855191633, 0.00043769864714704454, 0.000360478472430259, 0.00033597697620280087, 0.00023537696688435972, 0.0002982564037665725, 0.00046242051757872105, 0.00043254817137494683, 0.0004909310955554247, 0.000714169698767364, 0.0005498761311173439, 0.0002985266619361937, 0.00015315768541768193, 0.00017695139104034752, 0.00028228526934981346, 0.0002729597908910364, 0.0003200187929905951, 0.0002584382891654968, 0.0003868534986395389, 0.00023609193158335984, 0.0001370976970065385, 0.0001255233073607087, 0.00010696437675505877, 0.0001277673291042447, 8.394393807975575e-05, 0.00010034555452875793, 0.00010215754446107894, 0.00012016858818242326, 0.0001474488526582718, 0.00012589718971867114, 0.00012984844215679914, 0.00014662074681837112, 0.00012674939353019, 0.00011345240636728704, 0.00010792331158882007, 0.00011444462870713323, 5.754653102485463e-05, 8.025550778256729e-05, 7.369085506070405e-05, 6.0969829064561054e-05, 8.80296211107634e-05, 8.090301707852632e-05, 6.282120739342645e-05, 4.207438541925512e-05, 2.581390435807407e-05, 2.4458582629449666e-05, 1.4758073120901827e-05, 1.1123638614662923e-05, 9.266101187677123e-06, 8.942774911702145e-06, 9.526506801194046e-06, 9.532482181384694e-06, 8.723599421500694e-06, 7.801424544595648e-06, 8.228019396483433e-06, 7.686548997298814e-06, 6.060102805349743e-06, 7.469058800779749e-06, 7.988176548678894e-06, 7.009612545516575e-06, 5.0366820687486324e-06, 4.810541213373654e-06, 5.247348781267647e-06, 5.772563326900126e-06, 6.3972725001804065e-06, 5.532097929972224e-06, 6.582496098417323e-06, 6.569278866663808e-06, 7.019137228780892e-06, 1.0800228665175382e-05, 1.3430942090053577e-05, 1.016025726130465e-05, 1.213256564369658e-05, 9.46052841754863e-06, 8.589316166762728e-06, 5.5509167395939585e-06, 5.80631467528292e-06, 5.480872459884267e-06, 6.353638127620798e-06, 6.325281901808921e-06, 5.929341568844393e-06, 4.986189196642954e-06, 4.8209235501417425e-06, 4.4078828977944795e-06, 4.302463366911979e-06, 4.7354697016999125e-06, 3.7017848626419436e-06, 3.179251280016615e-06, 2.679796807569801e-06, 2.451440423101303e-06, 2.279315140185645e-06, 2.261225745314732e-06, 2.224639274572837e-06, 1.5002661939433892e-06, 1.2189824474262423e-06, 1.319910325037199e-06, 9.376424259244232e-07, 7.292305213013606e-07, 4.599691578732745e-07, 1.2270771776456968e-07, 7.795248002651078e-09, 1.7169365928992875e-10, 1.663908941185177e-11, 1.4932406006140653e-11, 1.4607573831093568e-11, 1.4296384388823302e-11, 1.4064431043403491e-11, 1.3868578160880496e-11, 1.3708120576161331e-11, 1.359306937842586e-11, 1.3522020309020277e-11], "lowlevel.mfcc.mean": [-725.2525024414062, 69.15946197509766, 0.6877922415733337, 12.895251274108887, 4.777637958526611, 4.880824089050293, -4.916387557983398, 8.877866744995117, -0.38036203384399414, 1.8409733772277832, 0.7392199635505676, 0.821393609046936, 1.2625175714492798], "lowlevel.spectral_contrast_coeffs.mean": [-0.6616858243942261, -0.78615403175354, -0.8019023537635803, -0.8088266253471375, -0.8058450818061829, -0.7707943916320801], "lowlevel.spectral_contrast_coeffs.stdev": [0.10782881081104279, 0.09131374210119247, 0.08112983405590057, 0.06903967261314392, 0.05479517951607704, 0.04742763191461563], "lowlevel.spectral_contrast_valleys.mean": [-8.754170417785645, -7.953193664550781, -8.300952911376953, -8.325162887573242, -8.09095287322998, -10.410333633422852], "lowlevel.spectral_contrast_valleys.stdev": [1.734056830406189, 0.9793800711631775, 1.075481653213501, 1.1225066184997559, 1.0487879514694214, 1.1676493883132935], "rhythm.beats_loudness_band_ratio.mean": [0.4291650652885437, 0.039909131824970245, 0.11548275500535965, 0.09337274730205536, 0.17601315677165985, 0.15975037217140198], "rhythm.beats_loudness_band_ratio.stdev": [0.4340611398220062, 0.04176449030637741, 0.10235581547021866, 0.0849665030837059, 0.15773452818393707, 0.14406168460845947], "tonal.hpcp.mean": [0.09299273043870926, 0.07914097607135773, 0.09006562829017639, 0.11436735093593597, 0.14129877090454102, 0.18272605538368225, 0.204554483294487, 0.1586766242980957, 0.10297468304634094, 0.0910605639219284, 0.08965505659580231, 0.08516405522823334, 0.08230027556419373, 0.07716767489910126, 0.08273077756166458, 0.10014504194259644, 0.10370560735464096, 0.11243123561143875, 0.11977393925189972, 0.12143369019031525, 0.13564860820770264, 0.30438005924224854, 0.4338991641998291, 0.2703021168708801, 0.12659010291099548, 0.12901537120342255, 0.14635378122329712, 0.1441451460123062, 0.12493079155683517, 0.11432650685310364, 0.11467104405164719, 0.1021130234003067, 0.09406919777393341, 0.1000676155090332, 0.09180958569049835, 0.09136107563972473], "tonal.hpcp.stdev": [0.18982774019241333, 0.16723954677581787, 0.19561535120010376, 0.22647981345653534, 0.25495558977127075, 0.2920891344547272, 0.3223995864391327, 0.27673327922821045, 0.20552389323711395, 0.19479240477085114, 0.18698245286941528, 0.1734057366847992, 0.17367590963840485, 0.16048111021518707, 0.16881297528743744, 0.19613587856292725, 0.19690442085266113, 0.20595543086528778, 0.2122696340084076, 0.2144809365272522, 0.23816539347171783, 0.3095243275165558, 0.4265587627887726, 0.27634167671203613, 0.22393225133419037, 0.2182045727968216, 0.24597421288490295, 0.24123641848564148, 0.23150676488876343, 0.21616798639297485, 0.2153584063053131, 0.19824929535388947, 0.19075560569763184, 0.20752492547035217, 0.1811467409133911, 0.17433473467826843], "rhythm.beats_position": [0.6965986490249634, 1.404807209968567, 2.11301589012146, 2.8560543060302734, 3.599092960357666, 4.342131614685059, 5.085169792175293, 5.8282084465026855, 6.571247100830078, 7.302675724029541, 8.034104347229004, 8.777142524719238, 9.520181655883789, 10.263219833374023, 11.006258010864258, 11.760907173156738, 12.492335319519043, 13.235373497009277, 13.955192565917969, 14.698230743408203, 15.441269874572754, 16.184309005737305, 16.92734718322754, 17.670385360717773, 18.413423538208008, 19.156461715698242, 19.887889862060547, 20.630929946899414, 21.36235809326172, 22.105396270751953, 22.848434448242188, 23.591472625732422], "rhythm.bpm_histogram": [0.0, 0.0, 0.0, 0.0, 0.0, 0.0, 0.0, 0.0, 0.0, 0.0, 0.0, 0.0, 0.0, 0.0, 0.0, 0.0, 0.0, 0.0, 0.0, 0.0, 0.0, 0.0, 0.0, 0.0, 0.0, 0.0, 0.0, 0.0, 0.0, 0.0, 0.0, 0.0, 0.0, 0.0, 0.0, 0.0, 0.0, 0.0, 0.0, 0.0, 0.0, 0.0, 0.0, 0.0, 0.0, 0.0, 0.0, 0.0, 0.0, 0.0, 0.0, 0.0, 0.0, 0.0, 0.0, 0.0, 0.0, 0.0, 0.0, 0.0, 0.0, 0.0, 0.0, 0.0, 0.0, 0.0, 0.0, 0.0, 0.0, 0.0, 0.0, 0.0, 0.0, 0.0, 0.0, 0.0, 0.0, 0.0, 0.0, 0.0, 0.032258063554763794, 0.7096773982048035, 0.16129031777381897, 0.032258063554763794, 0.0, 0.06451612710952759, 0.0, 0.0, 0.0, 0.0, 0.0, 0.0, 0.0, 0.0, 0.0, 0.0, 0.0, 0.0, 0.0, 0.0, 0.0, 0.0, 0.0, 0.0, 0.0, 0.0, 0.0, 0.0, 0.0, 0.0, 0.0, 0.0, 0.0, 0.0, 0.0, 0.0, 0.0, 0.0, 0.0, 0.0, 0.0, 0.0, 0.0, 0.0, 0.0, 0.0, 0.0, 0.0, 0.0, 0.0, 0.0, 0.0, 0.0, 0.0, 0.0, 0.0, 0.0, 0.0, 0.0, 0.0, 0.0, 0.0, 0.0, 0.0, 0.0, 0.0, 0.0, 0.0, 0.0, 0.0, 0.0, 0.0, 0.0, 0.0, 0.0, 0.0, 0.0, 0.0, 0.0, 0.0, 0.0, 0.0, 0.0, 0.0, 0.0, 0.0, 0.0, 0.0, 0.0, 0.0, 0.0, 0.0, 0.0, 0.0, 0.0, 0.0, 0.0, 0.0, 0.0, 0.0, 0.0, 0.0, 0.0, 0.0, 0.0, 0.0, 0.0, 0.0, 0.0, 0.0, 0.0, 0.0, 0.0, 0.0, 0.0, 0.0, 0.0, 0.0, 0.0, 0.0, 0.0, 0.0, 0.0, 0.0, 0.0, 0.0, 0.0, 0.0, 0.0, 0.0, 0.0, 0.0, 0.0, 0.0, 0.0, 0.0, 0.0, 0.0, 0.0, 0.0, 0.0, 0.0, 0.0, 0.0, 0.0, 0.0, 0.0, 0.0, 0.0, 0.0, 0.0, 0.0, 0.0, 0.0, 0.0, 0.0, 0.0, 0.0, 0.0, 0.0, 0.0, 0.0, 0.0, 0.0, 0.0, 0.0, 0.0, 0.0, 0.0, 0.0], "tonal.chords_histogram": [15.310077667236328, 0.0, 2.3255813121795654, 0.0, 0.0, 6.201550483703613, 1.1627906560897827, 17.829458236694336, 1.7441860437393188, 20.930233001708984, 3.6821706295013428, 0.0, 0.0, 0.0, 0.0, 0.0, 0.0, 2.5193798542022705, 0.0, 0.9689922332763672, 0.0, 0.0, 10.852713584899902, 16.472867965698242], "tonal.thpcp": [1.0, 0.6229606866836548, 0.2917500436306, 0.297339528799057, 0.33729904890060425, 0.33220887184143066, 0.2879258692264557, 0.2634863555431366, 0.26428040862083435, 0.23533813655376434, 0.21679967641830444, 0.23062412440776825, 0.21159198880195618, 0.21055831015110016, 0.21431875228881836, 0.1823948621749878, 0.20757271349430084, 0.26358047127723694, 0.32564887404441833, 0.4211256206035614, 0.47143322229385376, 0.36569932103157043, 0.23732399940490723, 0.2098657339811325, 0.20662647485733032, 0.19627614319324493, 0.18967604637145996, 0.1778470277786255, 0.19066821038722992, 0.23080256581306458, 0.23900854587554932, 0.25911834836006165, 0.2760409414768219, 0.27986615896224976, 0.31262704730033875, 0.7014995217323303], "lowlevel.gfcc.cov": [[8993.8857421875, -237.5084991455078, -548.1235961914062, 114.344970703125, 517.9312133789062, 215.56524658203125, 271.35986328125, 682.760498046875, 338.88043212890625, 173.38873291015625, -11.477161407470703, 173.6908721923828, -1.9541494846343994], [-237.5084991455078, 3649.29150390625, 1131.7799072265625, 863.7488403320312, 1281.487060546875, 688.1288452148438, 1092.968017578125, 298.5863342285156, 809.9403686523438, 173.37554931640625, 475.6766052246094, -89.18767547607422, 331.91278076171875], [-548.1235961914062, 1131.7799072265625, 2713.594482421875, 1342.1676025390625, 1057.896728515625, 820.2921752929688, 931.2449951171875, 377.39263916015625, 578.2044677734375, 335.9278869628906, 427.2677917480469, 32.97798538208008, 173.4510040283203], [114.344970703125, 863.7488403320312, 1342.1676025390625, 1475.9827880859375, 908.9462280273438, 522.729248046875, 649.9996337890625, 368.2059020996094, 557.0250854492188, 184.81155395507812, 340.8721618652344, 31.585205078125, 195.8256072998047], [517.9312133789062, 1281.487060546875, 1057.896728515625, 908.9462280273438, 1287.798095703125, 643.2876586914062, 721.2550048828125, 387.6622314453125, 594.686279296875, 265.5841064453125, 350.8192443847656, 40.82438659667969, 233.18016052246094], [215.56524658203125, 688.1288452148438, 820.2921752929688, 522.729248046875, 643.2876586914062, 769.220458984375, 678.4031372070312, 252.83282470703125, 371.5924377441406, 243.8134765625, 274.7091979980469, 44.25752639770508, 150.69085693359375], [271.35986328125, 1092.968017578125, 931.2449951171875, 649.9996337890625, 721.2550048828125, 678.4031372070312, 978.340576171875, 359.7881774902344, 480.2089538574219, 205.2537384033203, 338.2630920410156, 71.23490142822266, 207.29119873046875], [682.760498046875, 298.5863342285156, 377.39263916015625, 368.2059020996094, 387.6622314453125, 252.83282470703125, 359.7881774902344, 352.4712219238281, 294.2637939453125, 123.71412658691406, 131.9791259765625, 66.3896484375, 98.19530487060547], [338.88043212890625, 809.9403686523438, 578.2044677734375, 557.0250854492188, 594.686279296875, 371.5924377441406, 480.2089538574219, 294.2637939453125, 534.9496459960938, 199.28887939453125, 247.80389404296875, 26.26386833190918, 184.83323669433594], [173.38873291015625, 173.37554931640625, 335.9278869628906, 184.81155395507812, 265.5841064453125, 243.8134765625, 205.2537384033203, 123.71412658691406, 199.28887939453125, 233.8941192626953, 141.32298278808594, 46.34648513793945, 63.11908721923828], [-11.477161407470703, 475.6766052246094, 427.2677917480469, 340.8721618652344, 350.8192443847656, 274.7091979980469, 338.2630920410156, 131.9791259765625, 247.80389404296875, 141.32298278808594, 251.606201171875, 54.47434997558594, 108.8254165649414], [173.6908721923828, -89.18767547607422, 32.97798538208008, 31.585205078125, 40.82438659667969, 44.25752639770508, 71.23490142822266, 66.3896484375, 26.26386833190918, 46.34648513793945, 54.47434997558594, 128.20755004882812, 41.91861343383789], [-1.9541494846343994, 331.91278076171875, 173.4510040283203, 195.8256072998047, 233.18016052246094, 150.69085693359375, 207.29119873046875, 98.19530487060547, 184.83323669433594, 63.11908721923828, 108.8254165649414, 41.91861343383789, 167.5316925048828]], "lowlevel.gfcc.icov": [[0.000153003929881379, 1.2007935765723232e-05, 8.804809476714581e-05, 7.830474714864977e-06, -8.254219574155286e-05, -2.8764088710886426e-05, 7.171310244302731e-06, -0.0003478287544567138, -3.769876275327988e-05, -3.711759563884698e-05, 0.00013584393309429288, -0.00011636854469543323, 0.0002098934492096305], [1.2007935765723232e-05, 0.0006955631542950869, -2.2458367311628535e-05, 0.000233216502238065, -0.0005033888737671077, 0.0003260192752350122, -0.000641870778053999, 0.0006047711940482259, -0.0007215696386992931, 0.000550906581338495, -0.00040012187673710287, 0.0006572494748979807, -9.614154987502843e-05], [8.804809476714581e-05, -2.2458367311628535e-05, 0.0009119058959186077, -0.0006205126410350204, -0.00013602244143839926, -0.0001731893135001883, -0.00036584545159712434, -2.2488316972157918e-05, 0.000274051446467638, -0.0006260490627028048, 6.57772907288745e-05, 7.717125117778778e-05, 0.0005091382190585136], [7.830474714864977e-06, 0.000233216502238065, -0.0006205126410350204, 0.0019477121531963348, -0.0006448175408877432, 8.866668213158846e-05, 0.0001337997819064185, -0.00036356112104840577, -0.0010006692027673125, 0.0012993918498978019, -0.0010041173081845045, 0.0002943146100733429, -3.782564454013482e-05], [-8.254219574155286e-05, -0.0005033888737671077, -0.00013602244143839926, -0.0006448175408877432, 0.0026400466449558735, -0.0008929435280151665, 0.0005011711618863046, -0.0007711914950050414, -0.0002452766348142177, -0.000508994678966701, -0.00014255120186135173, 3.5791344998870045e-05, -0.0006025650072842836], [-2.8764088710886426e-05, 0.0003260192752350122, -0.0001731893135001883, 8.866668213158846e-05, -0.0008929435280151665, 0.0046694022603333, -0.002788946498185396, 0.0007197450031526387, 0.0004466475220397115, -0.0021970116067677736, -0.00023819555644877255, 0.0010288688354194164, -0.000266513554379344], [7.171310244302731e-06, -0.000641870778053999, -0.00036584545159712434, 0.0001337997819064185, 0.0005011711618863046, -0.002788946498185396, 0.004909259732812643, -0.0023365700617432594, -7.321530574699864e-06, 0.0015751407481729984, -0.001832955633290112, -0.000695982831530273, -0.000620228995103389], [-0.0003478287544567138, 0.0006047711940482259, -2.2488316972157918e-05, -0.00036356112104840577, -0.0007711914950050414, 0.0007197450031526387, -0.0023365700617432594, 0.008786812424659729, -0.0038435866590589285, -0.0001369847304886207, 0.002237269887700677, -0.0026829291600733995, 0.0009230507421307266], [-3.769876275327988e-05, -0.0007215696386992931, 0.000274051446467638, -0.0010006692027673125, -0.0002452766348142177, 0.0004466475220397115, -7.321530574699864e-06, -0.0038435866590589285, 0.009161947295069695, -0.00335218315012753, -0.0020427603740245104, 0.0030796974897384644, -0.003772202879190445], [-3.711759563884698e-05, 0.000550906581338495, -0.0006260490627028048, 0.0012993918498978019, -0.000508994678966701, -0.0021970116067677736, 0.0015751407481729984, -0.0001369847304886207, -0.00335218315012753, 0.010132900439202785, -0.0032625251915305853, -0.0016101275105029345, 0.0012562402989715338], [0.00013584393309429288, -0.00040012187673710287, 6.57772907288745e-05, -0.0010041173081845045, -0.00014255120186135173, -0.00023819555644877255, -0.001832955633290112, 0.002237269887700677, -0.0020427603740245104, -0.0032625251915305853, 0.012622839771211147, -0.0038517394568771124, -0.00048369719297625124], [-0.00011636854469543323, 0.0006572494748979807, 7.717125117778778e-05, 0.0002943146100733429, 3.5791344998870045e-05, 0.0010288688354194164, -0.000695982831530273, -0.0026829291600733995, 0.0030796974897384644, -0.0016101275105029345, -0.0038517394568771124, 0.012526817619800568, -0.0036924465093761683], [0.0002098934492096305, -9.614154987502843e-05, 0.0005091382190585136, -3.782564454013482e-05, -0.0006025650072842836, -0.000266513554379344, -0.000620228995103389, 0.0009230507421307266, -0.003772202879190445, 0.0012562402989715338, -0.00048369719297625124, -0.0036924465093761683, 0.011910404078662395]], "lowlevel.mfcc.cov": [[8948.0625, -610.02001953125, -1225.1875, -197.5768280029297, 83.51084899902344, -337.31927490234375, -34.304012298583984, 285.6223449707031, 387.0034484863281, 68.67816925048828, 168.25225830078125, 140.4659423828125, -50.33841323852539], [-610.02001953125, 2862.193115234375, 477.07476806640625, 553.1837158203125, 533.1302490234375, 743.964111328125, 553.0938110351562, 472.5596923828125, 492.7829284667969, 457.453857421875, 432.3340148925781, 249.26760864257812, 319.7334899902344], [-1225.1875, 477.07476806640625, 1832.673095703125, 846.1316528320312, 516.9913940429688, 658.9049072265625, 558.8096923828125, 395.0775451660156, 298.1614990234375, 470.8826599121094, 276.0630798339844, 254.66587829589844, 293.4238586425781], [-197.5768280029297, 553.1837158203125, 846.1316528320312, 1178.16796875, 679.1798706054688, 473.3058166503906, 378.1174621582031, 430.7197570800781, 360.3935241699219, 382.8362121582031, 234.14614868164062, 273.6925048828125, 279.5769348144531], [83.51084899902344, 533.1302490234375, 516.9913940429688, 679.1798706054688, 825.9327392578125, 463.99114990234375, 314.7600402832031, 276.2468566894531, 332.52337646484375, 339.0238952636719, 237.27285766601562, 245.49513244628906, 225.18353271484375], [-337.31927490234375, 743.964111328125, 658.9049072265625, 473.3058166503906, 463.99114990234375, 778.9866333007812, 534.3690795898438, 361.8383483886719, 333.819580078125, 408.5111083984375, 329.4802551269531, 215.68479919433594, 259.66717529296875], [-34.304012298583984, 553.0938110351562, 558.8096923828125, 378.1174621582031, 314.7600402832031, 534.3690795898438, 578.8253784179688, 380.41424560546875, 295.2460632324219, 304.5838317871094, 289.0195617675781, 179.3711700439453, 194.87559509277344], [285.6223449707031, 472.5596923828125, 395.0775451660156, 430.7197570800781, 276.2468566894531, 361.8383483886719, 380.41424560546875, 461.90179443359375, 325.71832275390625, 273.8858642578125, 231.21282958984375, 174.9208526611328, 191.39041137695312], [387.0034484863281, 492.7829284667969, 298.1614990234375, 360.3935241699219, 332.52337646484375, 333.819580078125, 295.2460632324219, 325.71832275390625, 397.86724853515625, 304.95745849609375, 218.56185913085938, 152.8068389892578, 175.48597717285156], [68.67816925048828, 457.453857421875, 470.8826599121094, 382.8362121582031, 339.0238952636719, 408.5111083984375, 304.5838317871094, 273.8858642578125, 304.95745849609375, 434.2559509277344, 259.9560852050781, 169.50436401367188, 210.5001220703125], [168.25225830078125, 432.3340148925781, 276.0630798339844, 234.14614868164062, 237.27285766601562, 329.4802551269531, 289.0195617675781, 231.21282958984375, 218.56185913085938, 259.9560852050781, 292.9313049316406, 155.79739379882812, 135.49888610839844], [140.4659423828125, 249.26760864257812, 254.66587829589844, 273.6925048828125, 245.49513244628906, 215.68479919433594, 179.3711700439453, 174.9208526611328, 152.8068389892578, 169.50436401367188, 155.79739379882812, 190.36280822753906, 140.28553771972656], [-50.33841323852539, 319.7334899902344, 293.4238586425781, 279.5769348144531, 225.18353271484375, 259.66717529296875, 194.87559509277344, 191.39041137695312, 175.48597717285156, 210.5001220703125, 135.49888610839844, 140.28553771972656, 233.77926635742188]], "lowlevel.mfcc.icov": [[0.00016229931497946382, 6.446371116908267e-05, 0.0001440458290744573, 3.8025740650482476e-05, -4.069888746016659e-05, 0.0001572132168803364, -5.155992403160781e-05, -0.00011636651470325887, -0.0002293243887834251, -5.9424062783364207e-05, -7.436308806063607e-05, -0.00021152898261789232, 0.00011902019468834624], [6.446371116908267e-05, 0.0005413687904365361, 0.00011605953477555886, -4.026425813208334e-05, -2.30960467888508e-05, -0.0002664798521436751, 4.118216747883707e-05, -4.110868394491263e-05, -0.000399743061279878, 0.00018999469466507435, -0.0004628431925084442, 0.0001575135247549042, -0.00020375553867779672], [0.0001440458290744573, 0.00011605953477555886, 0.0012531033717095852, -0.000562982284463942, 0.00012565612269099802, -0.0001446819369448349, -0.0008065655711106956, 9.536025754641742e-05, 0.0003488072252366692, -0.0009087176877073944, 0.0005174174439162016, -0.00043829577043652534, 0.00012620100460480899], [3.8025740650482476e-05, -4.026425813208334e-05, -0.000562982284463942, 0.0024965298362076283, -0.001420124783180654, 0.0002545657625887543, 0.00046817754628136754, -0.0016535072354599833, 0.0002829860895872116, -0.00027341642999090254, 0.0007362112519331276, -0.0006522335461340845, -0.0001687024487182498], [-4.069888746016659e-05, -2.30960467888508e-05, 0.00012565612269099802, -0.001420124783180654, 0.0034194744657725096, -0.001049670623615384, 9.497751307208091e-05, 0.0015974203124642372, -0.0015937198186293244, -6.600631422770675e-06, 0.00023647841589991003, -0.0019707249011844397, 0.0002964418672490865], [0.0001572132168803364, -0.0002664798521436751, -0.0001446819369448349, 0.0002545657625887543, -0.001049670623615384, 0.005492546129971743, -0.003285500919446349, 0.0004945474211126566, 0.0002937026438303292, -0.0014848632272332907, -0.0008605425246059895, 0.00046709334128536284, -0.001145332120358944], [-5.155992403160781e-05, 4.118216747883707e-05, -0.0008065655711106956, 0.00046817754628136754, 9.497751307208091e-05, -0.003285500919446349, 0.007665674667805433, -0.0033783535473048687, -0.00010638200183166191, 0.0014804574893787503, -0.002563502872362733, 0.0005920857656747103, 0.00019597487698774785], [-0.00011636651470325887, -4.110868394491263e-05, 9.536025754641742e-05, -0.0016535072354599833, 0.0015974203124642372, 0.0004945474211126566, -0.0033783535473048687, 0.008977157063782215, -0.00436541298404336, 0.0008480463293381035, -0.0005355843459255993, -0.0012597725726664066, -0.001152677577920258], [-0.0002293243887834251, -0.000399743061279878, 0.0003488072252366692, 0.0002829860895872116, -0.0015937198186293244, 0.0002937026438303292, -0.00010638200183166191, -0.00436541298404336, 0.009936049580574036, -0.0037293867208063602, 0.00010240869596600533, 0.0010675035882741213, -0.00020782824140042067], [-5.9424062783364207e-05, 0.00018999469466507435, -0.0009087176877073944, -0.00027341642999090254, -6.600631422770675e-06, -0.0014848632272332907, 0.0014804574893787503, 0.0008480463293381035, -0.0037293867208063602, 0.009399755857884884, -0.004612964577972889, 0.0015131329419091344, -0.002976434538140893], [-7.436308806063607e-05, -0.0004628431925084442, 0.0005174174439162016, 0.0007362112519331276, 0.00023647841589991003, -0.0008605425246059895, -0.002563502872362733, -0.0005355843459255993, 0.00010240869596600533, -0.004612964577972889, 0.012684564106166363, -0.005765993148088455, 0.0025753602385520935], [-0.00021152898261789232, 0.0001575135247549042, -0.00043829577043652534, -0.0006522335461340845, -0.0019707249011844397, 0.00046709334128536284, 0.0005920857656747103, -0.0012597725726664066, 0.0010675035882741213, 0.0015131329419091344, -0.005765993148088455, 0.015749432146549225, -0.0052862754091620445], [0.00011902019468834624, -0.00020375553867779672, 0.00012620100460480899, -0.0001687024487182498, 0.0002964418672490865, -0.001145332120358944, 0.00019597487698774785, -0.001152677577920258, -0.00020782824140042067, -0.002976434538140893, 0.0025753602385520935, -0.0052862754091620445, 0.010907665826380253]], "metadata.audio_properties.analysis.downmix": "mix", "metadata.audio_properties.codec": "mp3", "metadata.audio_properties.md5_encoded": "27083baca8bb6bbd99dece8e646d4cbc", "metadata.tags.file_name": "1183667137651413052.mp3", "metadata.version.essentia": "2.1-beta6-dev", "metadata.version.essentia_git_sha": "v2.1_beta5-1110-g77a6a954", "metadata.version.extractor": "music 2.0", "tonal.chords_key": "B", "tonal.chords_scale": "major", "tonal.key_edma.key": "E", "tonal.key_edma.scale": "minor", "tonal.key_krumhansl.key": "E", "tonal.key_krumhansl.scale": "minor", "tonal.key_temperley.key": "E", "tonal.key_temperley.scale": "minor", "metadata.tags.encoding": ["Lavf58.45.100"]}, "essentia_models": [{"model_name": "genre_dortmund", "activations": {"alternative": "8.688261e-05", "blues": "1.4694996e-05", "electronic": "0.00031380117", "folkcountry": "1.0418072e-05", "funksoulrnb": "0.0006068641", "jazz": "2.7430551e-05", "pop": "0.00026279385", "raphiphop": "0.9996543", "rock": "0.00038448928"}}, {"model_name": "genre_rosamerica", "activations": {"classic": "6.551333e-05", "dance": "4.487388e-06", "hip hop": "0.9952942", "jazz": "3.315711e-06", "pop": "0.0004840653", "rhythm and blues": "0.011033197", "rock": "0.000104587256", "speech": "0.00055606646"}}, {"model_name": "genre_tzanetakis", "activations": 