{"song_id": "1183658391172821063", "download": "https://cdn.discordapp.com/attachments/1135903449314238464/1183658391172821063/chirp.mp4?ex=658922c7&amp", "lyrics": "[Verse]\nI love you, you, when I see you\nYour smile shines, like the morning dew\nYour laughter fills, the air with bliss\nIn your presence, my heart finds its cue\n\n[Chorus]\nYou're the melody, in my every rhyme\nTogether we dance, in perfect time\nWith you by my side, all dreams come true\nI love you, you, when I see you", "style": ["Bollywood"], "essentia_features": {"lowlevel.average_loudness": 0.9751025438308716, "lowlevel.barkbands_crest.mean": 14.118637084960938, "lowlevel.barkbands_crest.stdev": 5.048128604888916, "lowlevel.barkbands_flatness_db.mean": 0.19679909944534302, "lowlevel.barkbands_flatness_db.stdev": 0.06191904842853546, "lowlevel.barkbands_kurtosis.mean": 13.777310371398926, "lowlevel.barkbands_kurtosis.stdev": 25.054574966430664, "lowlevel.barkbands_skewness.mean": 2.4415366649627686, "lowlevel.barkbands_skewness.stdev": 1.9925403594970703, "lowlevel.barkbands_spread.mean": 13.96965217590332, "lowlevel.barkbands_spread.stdev": 12.124640464782715, "lowlevel.dissonance.mean": 0.42409634590148926, "lowlevel.dissonance.stdev": 0.034881990402936935, "lowlevel.dynamic_complexity": 3.169447183609009, "lowlevel.erbbands_crest.mean": 12.506721496582031, "lowlevel.erbbands_crest.stdev": 4.965312957763672, "lowlevel.erbbands_flatness_db.mean": 0.17902281880378723, "lowlevel.erbbands_flatness_db.stdev": 0.04444195330142975, "lowlevel.erbbands_kurtosis.mean": 1.4277254343032837, "lowlevel.erbbands_kurtosis.stdev": 2.62558913230896, "lowlevel.erbbands_skewness.mean": 0.7132523655891418, "lowlevel.erbbands_skewness.stdev": 0.8293817043304443, "lowlevel.erbbands_spread.mean": 33.25194549560547, "lowlevel.erbbands_spread.stdev": 19.876346588134766, "lowlevel.hfc.mean": 17.354494094848633, "lowlevel.hfc.stdev": 17.42112922668457, "lowlevel.loudness_ebu128.integrated": -18.520517349243164, "lowlevel.loudness_ebu128.loudness_range": 1.3690681457519531, "lowlevel.loudness_ebu128.momentary.mean": -18.90537452697754, "lowlevel.loudness_ebu128.momentary.stdev": 1.9176982641220093, "lowlevel.loudness_ebu128.short_term.mean": -18.49112319946289, "lowlevel.loudness_ebu128.short_term.stdev": 0.45824408531188965, "lowlevel.melbands_crest.mean": 17.889995574951172, "lowlevel.melbands_crest.stdev": 5.5848565101623535, "lowlevel.melbands_flatness_db.mean": 0.28239431977272034, "lowlevel.melbands_flatness_db.stdev": 0.08150780946016312, "lowlevel.melbands_kurtosis.mean": 24.513113021850586, "lowlevel.melbands_kurtosis.stdev": 37.92976379394531, "lowlevel.melbands_skewness.mean": 3.173868417739868, "lowlevel.melbands_skewness.stdev": 2.16615629196167, "lowlevel.melbands_spread.mean": 16.12064552307129, "lowlevel.melbands_spread.stdev": 24.000234603881836, "lowlevel.pitch_salience.mean": 0.4217487871646881, "lowlevel.pitch_salience.stdev": 0.14551910758018494, "lowlevel.silence_rate_20dB.mean": 1.0, "lowlevel.silence_rate_20dB.stdev": 0.0, "lowlevel.silence_rate_30dB.mean": 0.9096525311470032, "lowlevel.silence_rate_30dB.stdev": 0.28668013215065, "lowlevel.silence_rate_60dB.mean": 0.07335907220840454, "lowlevel.silence_rate_60dB.stdev": 0.2607235610485077, "lowlevel.spectral_centroid.mean": 878.4541625976562, "lowlevel.spectral_centroid.stdev": 619.0823974609375, "lowlevel.spectral_complexity.mean": 10.296525001525879, "lowlevel.spectral_complexity.stdev": 4.222400665283203, "lowlevel.spectral_decrease.mean": -1.0566268748846142e-08, "lowlevel.spectral_decrease.stdev": 1.2462226806064791e-08, "lowlevel.spectral_energy.mean": 0.041453614830970764, "lowlevel.spectral_energy.stdev": 0.04790833592414856, "lowlevel.spectral_energyband_high.mean": 0.0003786172310356051, "lowlevel.spectral_energyband_high.stdev": 0.0006715431227348745, "lowlevel.spectral_energyband_low.mean": 0.025864752009510994, "lowlevel.spectral_energyband_low.stdev": 0.04263661429286003, "lowlevel.spectral_energyband_middle_high.mean": 0.004506112076342106, "lowlevel.spectral_energyband_middle_high.stdev": 0.007168973796069622, "lowlevel.spectral_energyband_middle_low.mean": 0.011870176531374454, "lowlevel.spectral_energyband_middle_low.stdev": 0.010785133577883244, "lowlevel.spectral_entropy.mean": 6.9025654792785645, "lowlevel.spectral_entropy.stdev": 0.4780305325984955, "lowlevel.spectral_flux.mean": 0.07301539182662964, "lowlevel.spectral_flux.stdev": 0.06854663789272308, "lowlevel.spectral_kurtosis.mean": 6.729754447937012, "lowlevel.spectral_kurtosis.stdev": 3.57768177986145, "lowlevel.spectral_rms.mean": 0.005549208261072636, "lowlevel.spectral_rms.stdev": 0.003106264863163233, "lowlevel.spectral_rolloff.mean": 1023.2569580078125, "lowlevel.spectral_rolloff.stdev": 1615.7327880859375, "lowlevel.spectral_skewness.mean": 2.0765764713287354, "lowlevel.spectral_skewness.stdev": 0.5647998452186584, "lowlevel.spectral_spread.mean": 4865223.5, "lowlevel.spectral_spread.stdev": 2027217.625, "lowlevel.spectral_strongpeak.mean": 1.1890627145767212, "lowlevel.spectral_strongpeak.stdev": 1.372548222541809, "lowlevel.zerocrossingrate.mean": 0.04480084031820297, "lowlevel.zerocrossingrate.stdev": 0.04685833305120468, "metadata.audio_properties.analysis.equal_loudness": 0.0, "metadata.audio_properties.analysis.length": 30.03628158569336, "metadata.audio_properties.analysis.sample_rate": 44100.0, "metadata.audio_properties.analysis.start_time": 0.0, "metadata.audio_properties.bit_rate": 121475.0, "metadata.audio_properties.length": 30.03733253479004, "metadata.audio_properties.lossless": 0.0, "metadata.audio_properties.number_channels": 1.0, "metadata.audio_properties.replay_gain": -7.6218109130859375, "metadata.audio_properties.sample_rate": 48000.0, "rhythm.beats_count": 46.0, "rhythm.beats_loudness.mean": 0.11670480668544769, "rhythm.beats_loudness.stdev": 0.050874482840299606, "rhythm.bpm": 94.21674346923828, "rhythm.bpm_histogram_first_peak_bpm": 94.0, "rhythm.bpm_histogram_first_peak_weight": 0.5227273106575012, "rhythm.bpm_histogram_second_peak_bpm": 89.0, "rhythm.bpm_histogram_second_peak_spread": 0.0, "rhythm.bpm_histogram_second_peak_weight": 0.02222222276031971, "rhythm.danceability": 2.0078494548797607, "rhythm.onset_rate": 5.023582458496094, "tonal.chords_changes_rate": 0.03703703731298447, "tonal.chords_number_rate": 0.007716049440205097, "tonal.chords_strength.mean": 0.5254466533660889, "tonal.chords_strength.stdev": 0.07309775799512863, "tonal.hpcp_crest.mean": 19.448253631591797, "tonal.hpcp_crest.stdev": 8.393674850463867, "tonal.hpcp_entropy.mean": 1.2899917364120483, "tonal.hpcp_entropy.stdev": 0.6655957698822021, "tonal.key_edma.strength": 0.7485285401344299, "tonal.key_krumhansl.strength": 0.7411558032035828, "tonal.key_temperley.strength": 0.7237972021102905, "tonal.tuning_diatonic_strength": 0.6010380387306213, "tonal.tuning_equal_tempered_deviation": 0.23388490080833435, "tonal.tuning_frequency": 433.4413757324219, "tonal.tuning_nontempered_energy_ratio": 0.9812405705451965, "lowlevel.barkbands.mean": [5.0985410780413076e-05, 0.017704488709568977, 0.007140212692320347, 0.0013760928995907307, 0.001325159682892263, 0.004106713924556971, 0.0007046469254419208, 0.0007141177193261683, 0.003273594891652465, 0.0005726194940507412, 0.000717257964424789, 0.0002751004067249596, 0.0006845704629085958, 0.0006149274413473904, 0.0009585749940015376, 0.00036164731136523187, 0.00011161256406921893, 0.000188802630873397, 0.0001702801964711398, 7.218787504825741e-05, 0.00011053869093302637, 1.0884946277656127e-05, 2.535664680181071e-05, 8.726021042093635e-05, 6.49166468065232e-05, 2.7370202587917447e-05, 3.782139856411959e-06], "lowlevel.barkbands.stdev": [0.00015546008944511414, 0.03394583612680435, 0.014157135970890522, 0.0033026086166501045, 0.002205904806032777, 0.0059198299422860146, 0.001354140811599791, 0.0022617951035499573, 0.0070561920292675495, 0.002146907150745392, 0.0022266365122050047, 0.0007619924726895988, 0.0016358664724975824, 0.002318423241376877, 0.002459901152178645, 0.0012643947266042233, 0.0003628009872045368, 0.0005465076537802815, 0.0003764368302654475, 0.00013444549404084682, 0.0001787977380445227, 4.3009706132579595e-05, 0.00010334931721445173, 0.00025222814292646945, 0.00021271849982440472, 7.30582614778541e-05, 1.0684253538784105e-05], "lowlevel.erbbands.mean": [0.1933978796005249, 4.9209136962890625, 10.577298164367676, 5.954811096191406, 2.4392342567443848, 5.488577842712402, 15.00241470336914, 44.99052429199219, 10.987785339355469, 15.997426986694336, 17.354076385498047, 88.17545318603516, 36.15098571777344, 18.18985366821289, 26.9776668548584, 12.883650779724121, 29.96574592590332, 40.41265869140625, 56.755584716796875, 24.18524742126465, 13.753717422485352, 7.162735462188721, 11.11870288848877, 12.33372974395752, 3.992704153060913, 3.2286648750305176, 6.727222442626953, 1.828813910484314, 0.39230671525001526, 0.6758915185928345, 0.6840474605560303, 0.711742103099823, 2.0250558853149414, 1.2840332984924316, 0.1532852053642273, 0.030523231253027916, 0.0677124634385109, 0.02021053060889244, 0.0004402495687827468, 5.773674638476223e-05], "lowlevel.erbbands.stdev": [0.4243079125881195, 9.254115104675293, 18.90372657775879, 11.61706256866455, 4.178910732269287, 9.743685722351074, 21.559907913208008, 73.410888671875, 14.091815948486328, 41.238101959228516, 45.809181213378906, 191.52340698242188, 88.0370864868164, 64.14617919921875, 74.61431884765625, 33.064125061035156, 68.65365600585938, 121.83628845214844, 141.8223419189453, 76.05258178710938, 42.881282806396484, 21.908132553100586, 36.97602844238281, 25.506820678710938, 9.334478378295898, 5.422788619995117, 10.358213424682617, 3.623997449874878, 1.2864505052566528, 2.4336307048797607, 2.9811739921569824, 2.8304810523986816, 5.778981685638428, 3.887456178665161, 0.5189268589019775, 0.12059658020734787, 0.18424943089485168, 0.05126209184527397, 0.0010638845851644874, 5.936871821177192e-05], "lowlevel.gfcc.mean": [-31.11661148071289, 98.11338806152344, -90.89066314697266, 9.131742477416992, -48.31897735595703, 11.190413475036621, -35.470672607421875, 9.043062210083008, -25.93079376220703, 15.276174545288086, -9.084075927734375, -10.204737663269043, -5.286016941070557], "lowlevel.melbands.mean": [0.0034540521446615458, 0.006021619308739901, 0.0009251899318769574, 0.00024305722035933286, 0.0004981197416782379, 0.0008930005715228617, 0.00016687177412677556, 0.00017341594502795488, 0.00014164249296300113, 0.000595143239479512, 0.0001600554824108258, 6.41616788925603e-05, 8.439945668214932e-05, 4.535799962468445e-05, 2.9971406547701918e-05, 8.572045771870762e-05, 7.184942660387605e-05, 8.70486837811768e-05, 4.5967910409672186e-05, 3.578881296562031e-05, 9.934446097759064e-06, 7.912040018709376e-06, 8.48353829496773e-06, 8.129424713843036e-06, 1.0889254554058425e-05, 3.4338845580350608e-06, 1.6322582041539135e-06, 2.1508531062863767e-06, 4.515116415859666e-06, 2.7999190024274867e-06, 4.79290292787482e-07, 1.7576093114257674e-07, 2.4499598794136546e-07, 4.446600883056817e-07, 3.9218829783749243e-07, 3.698168882237951e-07, 4.3903111190957134e-07, 1.213702603308775e-06, 2.00745603251562e-06, 7.547297968812927e-07], "lowlevel.melbands.stdev": [0.0068643661215901375, 0.010228069499135017, 0.0017176016699522734, 0.00039870705222710967, 0.0006495032575912774, 0.0014098379760980606, 0.00023809900449123234, 0.0005014692433178425, 0.0004577726940624416, 0.0013194145867601037, 0.00042660365579649806, 0.000246210431214422, 0.000252653582720086, 0.00010950113937724382, 9.13769836188294e-05, 0.0002107094187522307, 0.000271410244749859, 0.00022749714844394475, 0.00012690403673332185, 0.00012543474440462887, 3.175657911924645e-05, 2.6619210984790698e-05, 2.9349021133384667e-05, 2.205194869020488e-05, 2.3756720111123286e-05, 9.450008292333223e-06, 3.2251355150947347e-06, 3.994558483100263e-06, 6.983100320212543e-06, 4.934096068609506e-06, 1.1585332231334178e-06, 5.858441909367684e-07, 1.1988495316472836e-06, 1.6168914953595959e-06, 1.7051421536962152e-06, 1.7818173319028574e-06, 1.7966988252737792e-06, 4.235538654029369e-06, 4.934560820402112e-06, 2.727142373259994e-06], "lowlevel.melbands128.mean": [3.008775456692092e-05, 0.0003898664435837418, 0.004518753848969936, 0.009920865297317505, 0.0071452585980296135, 0.00287802261300385, 0.0012267320416867733, 0.0005135139217600226, 0.00015084055485203862, 0.00018732823082245886, 0.000328299414832145, 0.00036124102189205587, 0.0004253548104315996, 0.0007025898667052388, 0.0015677496558055282, 0.0005737999454140663, 7.104575342964381e-05, 0.00013151823077350855, 0.00023693365801591426, 0.0001584208948770538, 0.0001873868313850835, 7.045845268294215e-05, 0.0001553995389258489, 0.00015477491251658648, 0.0005593228852376342, 0.0010138433426618576, 0.00011070953769376501, 0.0001562577235745266, 4.1506285924697295e-05, 4.464880839805119e-05, 9.185899398289621e-05, 6.846156611572951e-05, 5.1362658268772066e-05, 0.00015949645603541285, 2.9330542020034045e-05, 2.6147372409468517e-05, 3.100449976045638e-05, 2.9019121939199977e-05, 2.5472110792179592e-05, 7.02622055541724e-05, 0.00013746680633630604, 3.359153924975544e-05, 8.7387154053431e-05, 8.662175241624936e-05, 2.2272301066550426e-05, 0.0001278196432394907, 0.00011643613106571138, 3.879915311699733e-05, 2.1634268705383874e-05, 1.2808030078304e-05, 5.8674024330684915e-05, 3.596473470679484e-05, 3.2288824058923637e-06, 3.580895281629637e-06, 7.979861948115285e-06, 1.2394496479828376e-05, 2.9611896934511606e-06, 2.9105071917001624e-06, 1.2084998161299154e-05, 1.788877125363797e-05, 1.911407935040188e-06, 3.3703352073644055e-06, 2.1624833607347682e-05, 8.81530468177516e-06, 2.4319683689100202e-06, 4.957597411703318e-06, 2.6925581551040523e-06, 1.015207999444101e-06, 1.935555928866961e-06, 1.6757442153902957e-06, 1.1690291330523905e-06, 3.1644574391975766e-06, 3.5982618555863155e-06, 4.939522568747634e-06, 5.797890025860397e-06, 2.221578597527696e-06, 2.6970624276145827e-06, 5.42741759090859e-07, 2.043043991761806e-07, 1.2473225297071622e-07, 2.0209216700095567e-07, 1.6815037895412388e-07, 1.862782426087506e-07, 2.5409497084183386e-07, 2.886596632833971e-07, 3.6244031775822805e-07, 6.059032102712081e-07, 4.06664980800997e-07, 3.724906036950415e-07, 3.5233597373007797e-07, 4.223761038701923e-07, 3.6505400657915743e-07, 3.1757610940985614e-07, 2.0969788749880536e-07, 6.150996227916039e-07, 1.19004221232899e-06, 1.059817122950335e-06, 1.489078272243205e-06, 2.8083438792236848e-06, 1.8095591940436861e-06, 1.1637035868261592e-06, 5.552687412091473e-07, 2.6195189661848417e-07, 2.1752902057414758e-07, 1.3589981051609357e-07, 6.473582914168219e-08, 3.150286431718996e-08, 3.8725190165678214e-08, 3.920274593838258e-08, 3.192836928178622e-08, 5.663196489535949e-08, 1.1371653130254344e-07, 2.883878096326953e-07, 3.4666226156332414e-07, 2.828579397373687e-07, 2.610938736324897e-07, 1.5054598634378635e-07, 1.6749559961226623e-08, 1.9883764079686728e-10, 5.591561935691658e-12, 5.397677530633027e-12, 5.284346311223986e-12, 5.151627822247429e-12, 5.043093546930333e-12, 4.888047432094478e-12, 4.684384824482635e-12, 4.565353737412403e-12, 4.527947461419046e-12], "lowlevel.melbands128.stdev": [9.698664507595822e-05, 0.001275883405469358, 0.010095711797475815, 0.0188019797205925, 0.012940434738993645, 0.005849109496921301, 0.0027172823902219534, 0.001148949027992785, 0.00032029187423177063, 0.00042067168396897614, 0.0006765623693354428, 0.0008367890841327608, 0.0009664996759966016, 0.0010513790184631944, 0.002709604799747467, 0.0010338153224438429, 0.00021333924087230116, 0.0002645911881700158, 0.0005114910309202969, 0.0005067223682999611, 0.000844901951495558, 0.00024535891134291887, 0.0006576083833351731, 0.0007905677193775773, 0.0012654849560931325, 0.002510701771825552, 0.00032631008070893586, 0.000768579076975584, 0.0002031665644608438, 0.00023464423429686576, 0.0004381943726912141, 0.0004683596780523658, 0.0002726312668528408, 0.00048766974941827357, 0.00010621080582495779, 0.0001262706209672615, 0.00012156325828982517, 0.0001416943414369598, 0.00014949623437132686, 0.00019935563614126295, 0.00038641810533590615, 0.0001478680205764249, 0.0004156608774792403, 0.00038827379466965795, 0.00017477344954386353, 0.0004082803789060563, 0.00037349030026234686, 0.00018037387053482234, 0.0001707645715214312, 0.00012277605128474534, 0.00023675430566072464, 0.00015319425438065082, 1.751859781506937e-05, 1.8059732610709034e-05, 2.714012771320995e-05, 5.053505446994677e-05, 1.4363432455866132e-05, 2.3713269911240786e-05, 4.39540708612185e-05, 7.856191950850189e-05, 7.412725608446635e-06, 9.829606824496295e-06, 5.365424294723198e-05, 2.306105670868419e-05, 1.126676670537563e-05, 1.5918993085506372e-05, 9.56220810621744e-06, 3.075290123888408e-06, 4.487189016799675e-06, 3.6974545309931273e-06, 3.134254939141101e-06, 8.16060583019862e-06, 9.025147846841719e-06, 8.484399586450309e-06, 1.1498485037009232e-05, 4.273966624168679e-06, 7.695981366850901e-06, 1.7345387277600821e-06, 5.601995098913903e-07, 3.4676099858188536e-07, 8.012071361918061e-07, 5.505592639565293e-07, 7.86924829299096e-07, 1.8083724171447102e-06, 1.2957590342921321e-06, 1.4142801774141844e-06, 2.473912445566384e-06, 1.6459628113807412e-06, 1.8217165234091226e-06, 1.8517284843255766e-06, 2.3202942429634277e-06, 1.7438761688026716e-06, 1.5760289215904777e-06, 1.1195172646694118e-06, 2.9034065391897457e-06, 5.058389888290549e-06, 4.493014330364531e-06, 4.516301487456076e-06, 6.236149602045771e-06, 5.965760919934837e-06, 4.359881586424308e-06, 2.142674702554359e-06, 1.13615385544108e-06, 1.1003888857885613e-06, 4.124452459564054e-07, 3.1482807116844924e-07, 1.6187698292924324e-07, 2.1374414416186482e-07, 1.9478862611777004e-07, 1.876558712865517e-07, 4.2115979681511817e-07, 4.821354195883032e-07, 8.873793717611989e-07, 8.159922231243399e-07, 7.949373070914589e-07, 7.409634577015822e-07, 3.972286322095897e-07, 6.519120887560348e-08, 3.682998350740263e-09, 9.78011161639758e-12, 9.482912718961067e-12, 9.249281028578249e-12, 9.036388824712471e-12, 8.861099354273705e-12, 8.723207052530046e-12, 8.608832396950206e-12, 8.529162619230757e-12, 8.480204385930001e-12], "lowlevel.mfcc.mean": [-692.7902221679688, 143.95091247558594, 15.638314247131348, 9.370847702026367, 13.423293113708496, -2.760760545730591, 15.086332321166992, -19.38928985595703, 5.300569534301758, 4.4243855476379395, 2.756788492202759, 2.3609440326690674, -6.751131057739258], "lowlevel.spectral_contrast_coeffs.mean": [-0.6553479433059692, -0.6470609903335571, -0.7038350701332092, -0.7323958873748779, -0.7757528424263, -0.7505007982254028], "lowlevel.spectral_contrast_coeffs.stdev": [0.07216943800449371, 0.08625944703817368, 0.09101340919733047, 0.07814178615808487, 0.06038742512464523, 0.047366663813591], "lowlevel.spectral_contrast_valleys.mean": [-7.1854777336120605, -7.393557071685791, -8.241620063781738, -8.458274841308594, -8.562973022460938, -11.359650611877441], "lowlevel.spectral_contrast_valleys.stdev": [0.8770632147789001, 0.614325225353241, 0.5805026292800903, 0.5896347761154175, 0.701961100101471, 0.780314028263092], "rhythm.beats_loudness_band_ratio.mean": [0.7487205862998962, 0.08550893515348434, 0.09438790380954742, 0.0450059212744236, 0.02505684085190296, 0.006070391740649939], "rhythm.beats_loudness_band_ratio.stdev": [0.19212989509105682, 0.10278337448835373, 0.10312841832637787, 0.0809013843536377, 0.031689394265413284, 0.00978853739798069], "tonal.hpcp.mean": [0.05174689739942551, 0.0640067309141159, 0.039699308574199677, 0.13896465301513672, 0.20127500593662262, 0.08910690993070602, 0.016325470060110092, 0.008602086454629898, 0.011681417934596539, 0.07699752599000931, 0.11207651346921921, 0.0525425560772419, 0.015401152893900871, 0.015843497589230537, 0.02991524152457714, 0.11368422955274582, 0.16040000319480896, 0.11000417917966843, 0.12292736023664474, 0.10671783983707428, 0.03458835929632187, 0.017543645575642586, 0.018045689910650253, 0.06938786059617996, 0.4397953152656555, 0.525546133518219, 0.16386893391609192, 0.029249560087919235, 0.016328085213899612, 0.012715519405901432, 0.05874510109424591, 0.07537074387073517, 0.03129221126437187, 0.013924555853009224, 0.012665867805480957, 0.016569407656788826], "tonal.hpcp.stdev": [0.1341567039489746, 0.16745144128799438, 0.13021278381347656, 0.23541544377803802, 0.33845651149749756, 0.1854187250137329, 0.09447560459375381, 0.06014440581202507, 0.07044561952352524, 0.16670939326286316, 0.22675363719463348, 0.13242235779762268, 0.07866084575653076, 0.09118179976940155, 0.1205470934510231, 0.24785803258419037, 0.3212917745113373, 0.21505679190158844, 0.2870858609676361, 0.2641483545303345, 0.12288185209035873, 0.09408078342676163, 0.08349636197090149, 0.15309041738510132, 0.39369091391563416, 0.42361247539520264, 0.23004856705665588, 0.11584766954183578, 0.07730288803577423, 0.07091047614812851, 0.18369004130363464, 0.2142237424850464, 0.10139524936676025, 0.07345125824213028, 0.07451514154672623, 0.07513275742530823], "rhythm.beats_position": [0.638548731803894, 1.3119274377822876, 1.9736961126327515, 2.623854875564575, 3.250793695449829, 3.9009523391723633, 4.539501190185547, 5.178049564361572, 5.816598415374756, 6.4551472663879395, 7.082086086273193, 7.709024906158447, 8.347573280334473, 8.986122131347656, 9.61306095123291, 10.251609802246094, 10.878548622131348, 11.517097473144531, 12.155646324157715, 12.794195175170898, 13.421133995056152, 14.04807186126709, 14.675010681152344, 15.313559532165527, 15.952108383178711, 16.59065818786621, 17.229206085205078, 17.856143951416016, 18.483083724975586, 19.110021591186523, 19.736961364746094, 20.36389923095703, 21.00244903564453, 21.6409969329834, 22.26793670654297, 22.894874572753906, 23.533424377441406, 24.160362243652344, 24.798912048339844, 25.43745994567871, 26.06439781188965, 26.70294761657715, 27.353105545043945, 27.991655349731445, 28.641813278198242, 29.3035831451416], "rhythm.bpm_histogram": [0.0, 0.0, 0.0, 0.0, 0.0, 0.0, 0.0, 0.0, 0.0, 0.0, 0.0, 0.0, 0.0, 0.0, 0.0, 0.0, 0.0, 0.0, 0.0, 0.0, 0.0, 0.0, 0.0, 0.0, 0.0, 0.0, 0.0, 0.0, 0.0, 0.0, 0.0, 0.0, 0.0, 0.0, 0.0, 0.0, 0.0, 0.0, 0.0, 0.0, 0.0, 0.0, 0.0, 0.0, 0.0, 0.0, 0.0, 0.0, 0.0, 0.0, 0.0, 0.0, 0.0, 0.0, 0.0, 0.0, 0.0, 0.0, 0.0, 0.0, 0.0, 0.0, 0.0, 0.0, 0.0, 0.0, 0.0, 0.0, 0.0, 0.0, 0.0, 0.0, 0.0, 0.0, 0.0, 0.0, 0.0, 0.0, 0.0, 0.0, 0.0, 0.0, 0.0, 0.0, 0.0, 0.0, 0.0, 0.0, 0.0, 0.02222222276031971, 0.0, 0.04444444552063942, 0.08888889104127884, 0.0, 0.46666666865348816, 0.0, 0.3777777850627899, 0.0, 0.0, 0.0, 0.0, 0.0, 0.0, 0.0, 0.0, 0.0, 0.0, 0.0, 0.0, 0.0, 0.0, 0.0, 0.0, 0.0, 0.0, 0.0, 0.0, 0.0, 0.0, 0.0, 0.0, 0.0, 0.0, 0.0, 0.0, 0.0, 0.0, 0.0, 0.0, 0.0, 0.0, 0.0, 0.0, 0.0, 0.0, 0.0, 0.0, 0.0, 0.0, 0.0, 0.0, 0.0, 0.0, 0.0, 0.0, 0.0, 0.0, 0.0, 0.0, 0.0, 0.0, 0.0, 0.0, 0.0, 0.0, 0.0, 0.0, 0.0, 0.0, 0.0, 0.0, 0.0, 0.0, 0.0, 0.0, 0.0, 0.0, 0.0, 0.0, 0.0, 0.0, 0.0, 0.0, 0.0, 0.0, 0.0, 0.0, 0.0, 0.0, 0.0, 0.0, 0.0, 0.0, 0.0, 0.0, 0.0, 0.0, 0.0, 0.0, 0.0, 0.0, 0.0, 0.0, 0.0, 0.0, 0.0, 0.0, 0.0, 0.0, 0.0, 0.0, 0.0, 0.0, 0.0, 0.0, 0.0, 0.0, 0.0, 0.0, 0.0, 0.0, 0.0, 0.0, 0.0, 0.0, 0.0, 0.0, 0.0, 0.0, 0.0, 0.0, 0.0, 0.0, 0.0, 0.0, 0.0, 0.0, 0.0, 0.0, 0.0, 0.0, 0.0, 0.0, 0.0, 0.0, 0.0, 0.0, 0.0, 0.0, 0.0, 0.0, 0.0, 0.0, 0.0, 0.0, 0.0, 0.0, 0.0, 0.0, 0.0], "tonal.chords_histogram": [54.938270568847656, 3.8580245971679688, 27.77777862548828, 0.0, 0.0, 0.0, 0.0, 0.0, 0.0, 0.0, 0.0, 0.0, 0.0, 0.0, 0.0, 0.0, 0.0, 0.0, 0.0, 3.5493826866149902, 0.0, 0.7716049551963806, 9.104938507080078, 0.0], "tonal.thpcp": [1.0, 0.31180694699287415, 0.055655550211668015, 0.031068794429302216, 0.02419486828148365, 0.11177915334701538, 0.14341413974761963, 0.05954227223992348, 0.026495400816202164, 0.024100391194224358, 0.03152798116207123, 0.09846309572458267, 0.12179088592529297, 0.07553914934396744, 0.2644195258617401, 0.3829825520515442, 0.1695510745048523, 0.03106381930410862, 0.016367899253964424, 0.022227197885513306, 0.1465095430612564, 0.21325723826885223, 0.09997706115245819, 0.029305044561624527, 0.030146731063723564, 0.056922197341918945, 0.2163163721561432, 0.3052063286304474, 0.2093140333890915, 0.23390403389930725, 0.2030608355998993, 0.06581412255764008, 0.03338174149394035, 0.03433702513575554, 0.13203001022338867, 0.8368348479270935], "lowlevel.gfcc.cov": [[4061.102783203125, -52.38141632080078, -508.0783386230469, 243.50912475585938, 398.0144958496094, 69.22738647460938, 165.16175842285156, 492.0639343261719, 30.097745895385742, -98.22786712646484, -12.91221809387207, -311.9657287597656, 108.48880767822266], [-52.38141632080078, 1136.903076171875, 295.65814208984375, 162.0165252685547, 322.1642761230469, 68.95346069335938, 288.9840393066406, -9.532661437988281, 43.5911865234375, 14.104388236999512, 67.5260238647461, -108.73171997070312, 10.090543746948242], [-508.0783386230469, 295.65814208984375, 1172.276123046875, 382.00384521484375, 111.556884765625, 267.2646484375, 111.55885314941406, -58.267852783203125, 173.1820831298828, 20.810745239257812, -2.64208984375, 155.64634704589844, -143.88197326660156], [243.50912475585938, 162.0165252685547, 382.00384521484375, 432.1735534667969, 212.6008758544922, 36.133934020996094, 52.88028335571289, 88.30912780761719, 129.88442993164062, -23.844863891601562, -12.490936279296875, 69.27181243896484, 9.85787582397461], [398.0144958496094, 322.1642761230469, 111.556884765625, 212.6008758544922, 365.8614501953125, 74.69192504882812, 135.23092651367188, 152.12451171875, 82.6205062866211, 18.079044342041016, 40.723541259765625, -37.7032470703125, 57.460243225097656], [69.22738647460938, 68.95346069335938, 267.2646484375, 36.133934020996094, 74.69192504882812, 354.2337646484375, 193.65345764160156, 1.1004619598388672, 23.72165870666504, 48.66823196411133, 34.74929428100586, -43.916019439697266, -73.86177825927734], [165.16175842285156, 288.9840393066406, 111.55885314941406, 52.88028335571289, 135.23092651367188, 193.65345764160156, 276.0788269042969, 54.277374267578125, 9.255276679992676, 33.28909683227539, 37.07463836669922, -70.46015167236328, -29.751195907592773], [492.0639343261719, -9.532661437988281, -58.267852783203125, 88.30912780761719, 152.12451171875, 1.1004619598388672, 54.277374267578125, 257.4873046875, 86.46812438964844, -20.42001724243164, 0.9538161158561707, -33.8945198059082, 64.1479721069336], [30.097745895385742, 43.5911865234375, 173.1820831298828, 129.88442993164062, 82.6205062866211, 23.72165870666504, 9.255276679992676, 86.46812438964844, 170.84341430664062, 17.482065200805664, -10.236066818237305, 41.66310501098633, 22.40771484375], [-98.22786712646484, 14.104388236999512, 20.810745239257812, -23.844863891601562, 18.079044342041016, 48.66823196411133, 33.28909683227539, -20.42001724243164, 17.482065200805664, 118.30282592773438, 50.15762710571289, 12.88129711151123, 12.729090690612793], [-12.91221809387207, 67.5260238647461, -2.64208984375, -12.490936279296875, 40.723541259765625, 34.74929428100586, 37.07463836669922, 0.9538161158561707, -10.236066818237305, 50.15762710571289, 139.5041046142578, 24.118806838989258, 26.72825050354004], [-311.9657287597656, -108.73171997070312, 155.64634704589844, 69.27181243896484, -37.7032470703125, -43.916019439697266, -70.46015167236328, -33.8945198059082, 41.66310501098633, 12.88129711151123, 24.118806838989258, 168.9229278564453, 19.378679275512695], [108.48880767822266, 10.090543746948242, -143.88197326660156, 9.85787582397461, 57.460243225097656, -73.86177825927734, -29.751195907592773, 64.1479721069336, 22.40771484375, 12.729090690612793, 26.72825050354004, 19.378679275512695, 134.64508056640625]], "lowlevel.gfcc.icov": [[0.0004287243355065584, 0.00012266859994269907, 0.00019062407955061644, -0.00046473462134599686, -9.054524707607925e-05, -0.00014183983148541301, 5.37228916073218e-05, -0.0005199104198254645, 0.00017795922758523375, 0.00015010185597930104, -0.00016959394270088524, 0.0007166640716604888, -9.792875061975792e-06], [0.00012266859994269907, 0.002742938231676817, -0.0011521097039803863, 0.0006088365335017443, -0.0021010839845985174, 0.002548708114773035, -0.003248098772019148, 0.002428125822916627, -0.0010790022788569331, 0.0012186083476990461, -0.0011912930058315396, 0.002615033881738782, -0.0012353763449937105], [0.00019062407955061644, -0.0011521097039803863, 0.002955944510176778, -0.001928416546434164, 0.0007031416753306985, -0.002507558325305581, 0.0014089203905314207, -0.0005048057064414024, -0.0007491204305551946, -0.00027303717797622085, 0.0004973890609107912, -0.002485264092683792, 0.002518282737582922], [-0.00046473462134599686, 0.0006088365335017443, -0.001928416546434164, 0.006451338063925505, -0.003417996456846595, 0.0017024183180183172, -0.0012953563127666712, 0.0011634360998868942, -0.0017895400524139404, 0.001756031415425241, 0.0007266407483257353, -0.0017105339793488383, -0.00041844003135338426], [-9.054524707607925e-05, -0.0021010839845985174, 0.0007031416753306985, -0.003417996456846595, 0.00827845185995102, -0.001951122540049255, 0.0008653460536152124, -0.0036258138716220856, 0.0007193672354333103, -0.001739307539537549, -0.0005507107707671821, 0.0003974072460550815, -0.00135567516554147], [-0.00014183983148541301, 0.002548708114773035, -0.002507558325305581, 0.0017024183180183172, -0.001951122540049255, 0.008716259151697159, -0.0063994089141488075, 0.002556117018684745, -0.0015140637988224626, -0.0001006270686048083, -0.0017459533410146832, 0.003268046770244837, 0.0002390694571658969], [5.37228916073218e-05, -0.003248098772019148, 0.0014089203905314207, -0.0012953563127666712, 0.0008653460536152124, -0.0063994089141488075, 0.011676665395498276, -0.004131486173719168, 0.002500265371054411, -0.002295146696269512, 0.0004866885719820857, -0.0009639194468036294, 0.0023121677804738283], [-0.0005199104198254645, 0.002428125822916627, -0.0005048057064414024, 0.0011634360998868942, -0.0036258138716220856, 0.002556117018684745, -0.004131486173719168, 0.010517487302422523, -0.005205897614359856, 0.0033886469900608063, -0.0011270834365859628, 0.002355845645070076, -0.002931121038272977], [0.00017795922758523375, -0.0010790022788569331, -0.0007491204305551946, -0.0017895400524139404, 0.0007193672354333103, -0.0015140637988224626, 0.002500265371054411, -0.005205897614359856, 0.011682000942528248, -0.003538745455443859, 0.0025144608225673437, -0.0020726602524518967, -0.0006473254179582], [0.00015010185597930104, 0.0012186083476990461, -0.00027303717797622085, 0.001756031415425241, -0.001739307539537549, -0.0001006270686048083, -0.002295146696269512, 0.0033886469900608063, -0.003538745455443859, 0.012674083933234215, -0.003839087439700961, 0.0005850235465914011, -0.001998480409383774], [-0.00016959394270088524, -0.0011912930058315396, 0.0004973890609107912, 0.0007266407483257353, -0.0005507107707671821, -0.0017459533410146832, 0.0004866885719820857, -0.0011270834365859628, 0.0025144608225673437, -0.003839087439700961, 0.010750736109912395, -0.004188437946140766, -0.0009608278051018715], [0.0007166640716604888, 0.002615033881738782, -0.002485264092683792, -0.0017105339793488383, 0.0003974072460550815, 0.003268046770244837, -0.0009639194468036294, 0.002355845645070076, -0.0020726602524518967, 0.0005850235465914011, -0.004188437946140766, 0.014447526074945927, -0.003974441904574633], [-9.792875061975792e-06, -0.0012353763449937105, 0.002518282737582922, -0.00041844003135338426, -0.00135567516554147, 0.0002390694571658969, 0.0023121677804738283, -0.002931121038272977, -0.0006473254179582, -0.001998480409383774, -0.0009608278051018715, -0.003974441904574633, 0.013925527222454548]], "lowlevel.mfcc.cov": [[3993.195068359375, -251.9533233642578, -717.078125, 168.36546325683594, 292.7113037109375, -365.26531982421875, 382.72125244140625, 62.30559158325195, 303.4148864746094, 282.5455017089844, -28.059261322021484, -120.92218017578125, 5.465508460998535], [-251.9533233642578, 991.1351318359375, 101.19888305664062, 176.94351196289062, 52.45859909057617, 173.78575134277344, 229.67431640625, 22.65497398376465, 64.05818176269531, 61.305477142333984, 104.56543731689453, 31.85590362548828, 6.090634822845459], [-717.078125, 101.19888305664062, 946.5183715820312, 118.88259887695312, 78.9623794555664, 376.3216857910156, -86.81146240234375, 211.06651306152344, -20.007770538330078, -48.68800735473633, 103.68899536132812, 142.79539489746094, 49.35893630981445], [168.36546325683594, 176.94351196289062, 118.88259887695312, 444.16094970703125, 216.76190185546875, 4.41168737411499, -13.495542526245117, 113.59378814697266, 142.90452575683594, -57.205726623535156, -1.1614658832550049, 143.9778289794922, 42.078330993652344], [292.7113037109375, 52.45859909057617, 78.9623794555664, 216.76190185546875, 324.6108703613281, -32.44445037841797, 24.83578872680664, 95.57171630859375, 141.4116973876953, 14.590276718139648, -0.23159056901931763, 105.17950439453125, 48.038272857666016], [-365.26531982421875, 173.78575134277344, 376.3216857910156, 4.41168737411499, -32.44445037841797, 418.5615234375, 82.02172088623047, 84.19308471679688, -54.425758361816406, 65.779296875, 95.40203094482422, -4.885853290557861, 37.264747619628906], [382.72125244140625, 229.67431640625, -86.81146240234375, -13.495542526245117, 24.83578872680664, 82.02172088623047, 359.6268615722656, 24.398998260498047, 25.524826049804688, 148.19454956054688, 75.45537567138672, -49.39848327636719, 23.45709228515625], [62.30559158325195, 22.65497398376465, 211.06651306152344, 113.59378814697266, 95.57171630859375, 84.19308471679688, 24.398998260498047, 209.4724884033203, 79.96929931640625, 25.75081443786621, 33.59626770019531, 54.49558639526367, 48.86204528808594], [303.4148864746094, 64.05818176269531, -20.007770538330078, 142.90452575683594, 141.4116973876953, -54.425758361816406, 25.524826049804688, 79.96929931640625, 238.09947204589844, 46.69147491455078, 18.848854064941406, 51.019222259521484, 14.469305038452148], [282.5455017089844, 61.305477142333984, -48.68800735473633, -57.205726623535156, 14.590276718139648, 65.779296875, 148.19454956054688, 25.75081443786621, 46.69147491455078, 211.2119140625, 61.92729187011719, -64.33381652832031, 22.3250675201416], [-28.059261322021484, 104.56543731689453, 103.68899536132812, -1.1614658832550049, -0.23159056901931763, 95.40203094482422, 75.45537567138672, 33.59626770019531, 18.848854064941406, 61.92729187011719, 129.0454559326172, 1.0851705074310303, 14.875046730041504], [-120.92218017578125, 31.85590362548828, 142.79539489746094, 143.9778289794922, 105.17950439453125, -4.885853290557861, -49.39848327636719, 54.49558639526367, 51.019222259521484, -64.33381652832031, 1.0851705074310303, 180.96041870117188, 27.877227783203125], [5.465508460998535, 6.090634822845459, 49.35893630981445, 42.078330993652344, 48.038272857666016, 37.264747619628906, 23.45709228515625, 48.86204528808594, 14.469305038452148, 22.3250675201416, 14.875046730041504, 27.877227783203125, 122.01761627197266]], "lowlevel.mfcc.icov": [[0.00043530648690648377, 0.00023464242985937744, 0.00018240191275253892, -0.0002704585494939238, -0.00022386902128346264, 0.00022639664530288428, -0.000444509438239038, -0.00014349090633913875, -0.0001753707620082423, -0.0003057104768231511, 3.700638626469299e-05, 0.00029561101109720767, 0.00015486309712287039], [0.00023464242985937744, 0.0016058358596637845, 2.6169722332269885e-05, -0.0008815706241875887, 9.839675476541743e-05, -0.0003279849770478904, -0.0011747893877327442, 0.0005570792127400637, -0.0004078435304109007, 6.936292629688978e-05, -0.000508741126395762, 9.00495215319097e-05, 0.00034407153725624084], [0.00018240191275253892, 2.6169722332269885e-05, 0.002921503270044923, 0.000293373508611694, -0.0007246198947541416, -0.0021359147503972054, 0.0009406207245774567, -0.0019686606246978045, 0.0005382206290960312, 0.0006077912403270602, -0.00120398064609617, -0.0012141105253249407, 0.0005017943331040442], [-0.0002704585494939238, -0.0008815706241875887, 0.000293373508611694, 0.005004843231290579, -0.001766897621564567, -0.0007088410202413797, 0.0005147739429958165, -0.0010889763943850994, -0.001196338445879519, 0.001846136525273323, 0.00031551564461551607, -0.001712103490717709, -0.000382486468879506], [-0.00022386902128346264, 9.839675476541743e-05, -0.0007246198947541416, -0.001766897621564567, 0.006211777683347464, 0.0008294554427266121, -0.0005138327251188457, -0.00012327138392720371, -0.0016124770045280457, -0.0010227711172774434, 0.0010255698580294847, -0.0016392649849876761, -0.001015343121252954], [0.00022639664530288428, -0.0003279849770478904, -0.0021359147503972054, -0.0007088410202413797, 0.0008294554427266121, 0.0056392657570540905, -0.0009405537275597453, -0.0003143279463984072, 0.0012232871958985925, -0.0016088802367448807, -0.0008537479443475604, 0.0011529563926160336, -0.0006374481599777937], [-0.000444509438239038, -0.0011747893877327442, 0.0009406207245774567, 0.0005147739429958165, -0.0005138327251188457, -0.0009405537275597453, 0.005621580872684717, -0.000799278321210295, 0.0009670360595919192, -0.0020387794356793165, -0.0014088217867538333, -0.0001379950117552653, -0.0002889407624024898], [-0.00014349090633913875, 0.0005570792127400637, -0.0019686606246978045, -0.0010889763943850994, -0.00012327138392720371, -0.0003143279463984072, -0.000799278321210295, 0.008857270702719688, -0.0022096557077020407, -0.0004832925333175808, 0.00024494316312484443, 0.00013175142521504313, -0.0018076946726068854], [-0.0001753707620082423, -0.0004078435304109007, 0.0005382206290960312, -0.001196338445879519, -0.0016124770045280457, 0.0012232871958985925, 0.0009670360595919192, -0.0022096557077020407, 0.007808014750480652, -0.0022264388389885426, -0.0012277757050469518, -0.0007561920210719109, 0.0009871412767097354], [-0.0003057104768231511, 6.936292629688978e-05, 0.0006077912403270602, 0.001846136525273323, -0.0010227711172774434, -0.0016088802367448807, -0.0020387794356793165, -0.0004832925333175808, -0.0022264388389885426, 0.009831688366830349, -0.002367057604715228, 0.0022913755383342505, -0.0011625689221546054], [3.700638626469299e-05, -0.000508741126395762, -0.00120398064609617, 0.00031551564461551607, 0.0010255698580294847, -0.0008537479443475604, -0.0014088217867538333, 0.00024494316312484443, -0.0012277757050469518, -0.002367057604715228, 0.011884348466992378, -0.0007911110878922045, -0.00025769072817638516], [0.00029561101109720767, 9.00495215319097e-05, -0.0012141105253249407, -0.001712103490717709, -0.0016392649849876761, 0.0011529563926160336, -0.0001379950117552653, 0.00013175142521504313, -0.0007561920210719109, 0.0022913755383342505, -0.0007911110878922045, 0.01015546079725027, -0.00122248032130301], [0.00015486309712287039, 0.00034407153725624084, 0.0005017943331040442, -0.000382486468879506, -0.001015343121252954, -0.0006374481599777937, -0.0002889407624024898, -0.0018076946726068854, 0.0009871412767097354, -0.0011625689221546054, -0.00025769072817638516, -0.00122248032130301, 0.009880566038191319]], "metadata.audio_properties.analysis.downmix": "mix", "metadata.audio_properties.codec": "mp3", "metadata.audio_properties.md5_encoded": "1360ce6df80a1d03a0679dc00da26e0d", "metadata.tags.file_name": "1183658391172821063.mp3", "metadata.version.essentia": "2.1-beta6-dev", "metadata.version.essentia_git_sha": "v2.1_beta5-1110-g77a6a954", "metadata.version.extractor": "music 2.0", "tonal.chords_key": "Bb", "tonal.chords_scale": "major", "tonal.key_edma.key": "Bb", "tonal.key_edma.scale": "major", "tonal.key_krumhansl.key": "Bb", "tonal.key_krumhansl.scale": "major", "tonal.key_temperley.key": "Bb", "tonal.key_temperley.scale": "major", "metadata.tags.encoding": ["Lavf58.45.100"]}, "essentia_models": [{"model_name": "genre_dortmund", "activations": {"alternative": "0.017912637", "blues": "0.011286405", "electronic": "0.0035037654", "folkcountry": "0.6450359", "funksoulrnb": "0.0051140036", "jazz": "0.105328456", "pop": "0.35407814", "raphiphop": "0.01390251", "rock": "0.005907261"}}, {"model_name": "genre_rosamerica", "activations"