{"song_id": "1183714226519412816", "download": "https://cdn.discordapp.com/attachments/1135903449314238464/1183714226519412816/chirp.mp4?ex=658956c7&amp", "lyrics": "Aayush, the mushroom, in the meadow he springs,\nMewer, mogger, his charm in the whispers he sings.\nWith a cap so stylish, and spores that allure,\nHe's the fungi maestro, a charm connoisseur.\n\nIn the forest dance, where the moonlight gleams,\nAayush's charisma, enchanting all dreams.\nMushroom maverick, with a charm so sweet,\nAayush, the mewer, in the woodland's heartbeat.", "style": ["Calm"], "essentia_features": {"lowlevel.average_loudness": 0.8568446040153503, "lowlevel.barkbands_crest.mean": 12.101468086242676, "lowlevel.barkbands_crest.stdev": 6.403289794921875, "lowlevel.barkbands_flatness_db.mean": 0.20449765026569366, "lowlevel.barkbands_flatness_db.stdev": 0.11455829441547394, "lowlevel.barkbands_kurtosis.mean": 42.88176345825195, "lowlevel.barkbands_kurtosis.stdev": 149.02468872070312, "lowlevel.barkbands_skewness.mean": 2.609065055847168, "lowlevel.barkbands_skewness.stdev": 4.597670555114746, "lowlevel.barkbands_spread.mean": 19.498472213745117, "lowlevel.barkbands_spread.stdev": 18.90023422241211, "lowlevel.dissonance.mean": 0.46194350719451904, "lowlevel.dissonance.stdev": 0.030028635635972023, "lowlevel.dynamic_complexity": 8.129066467285156, "lowlevel.erbbands_crest.mean": 10.289382934570312, "lowlevel.erbbands_crest.stdev": 4.7901482582092285, "lowlevel.erbbands_flatness_db.mean": 0.18576261401176453, "lowlevel.erbbands_flatness_db.stdev": 0.05188304930925369, "lowlevel.erbbands_kurtosis.mean": 1.7274174690246582, "lowlevel.erbbands_kurtosis.stdev": 6.09121036529541, "lowlevel.erbbands_skewness.mean": 0.2328673005104065, "lowlevel.erbbands_skewness.stdev": 1.3595234155654907, "lowlevel.erbbands_spread.mean": 39.854949951171875, "lowlevel.erbbands_spread.stdev": 26.052288055419922, "lowlevel.hfc.mean": 17.85028648376465, "lowlevel.hfc.stdev": 21.049489974975586, "lowlevel.loudness_ebu128.integrated": -13.661566734313965, "lowlevel.loudness_ebu128.loudness_range": 10.966218948364258, "lowlevel.loudness_ebu128.momentary.mean": -24.355131149291992, "lowlevel.loudness_ebu128.momentary.stdev": 35.11408233642578, "lowlevel.loudness_ebu128.short_term.mean": -15.403290748596191, "lowlevel.loudness_ebu128.short_term.stdev": 4.675533294677734, "lowlevel.melbands_crest.mean": 17.140094757080078, "lowlevel.melbands_crest.stdev": 9.485905647277832, "lowlevel.melbands_flatness_db.mean": 0.252134770154953, "lowlevel.melbands_flatness_db.stdev": 0.15866698324680328, "lowlevel.melbands_kurtosis.mean": 67.39328002929688, "lowlevel.melbands_kurtosis.stdev": 203.58905029296875, "lowlevel.melbands_skewness.mean": 3.919445037841797, "lowlevel.melbands_skewness.stdev": 5.016595840454102, "lowlevel.melbands_spread.mean": 36.415218353271484, "lowlevel.melbands_spread.stdev": 50.16359329223633, "lowlevel.pitch_salience.mean": 0.5527594089508057, "lowlevel.pitch_salience.stdev": 0.24451716244220734, "lowlevel.silence_rate_20dB.mean": 0.9564691781997681, "lowlevel.silence_rate_20dB.stdev": 0.2040490061044693, "lowlevel.silence_rate_30dB.mean": 0.7871825695037842, "lowlevel.silence_rate_30dB.stdev": 0.4092981815338135, "lowlevel.silence_rate_60dB.mean": 0.2599758207798004, "lowlevel.silence_rate_60dB.stdev": 0.43862202763557434, "lowlevel.spectral_centroid.mean": 1786.2506103515625, "lowlevel.spectral_centroid.stdev": 2068.741943359375, "lowlevel.spectral_complexity.mean": 11.0, "lowlevel.spectral_complexity.stdev": 10.010151863098145, "lowlevel.spectral_decrease.mean": -1.6985017836645966e-08, "lowlevel.spectral_decrease.stdev": 2.9851037197659025e-08, "lowlevel.spectral_energy.mean": 0.06572442501783371, "lowlevel.spectral_energy.stdev": 0.11319567263126373, "lowlevel.spectral_energyband_high.mean": 0.00108184979762882, "lowlevel.spectral_energyband_high.stdev": 0.0026356750167906284, "lowlevel.spectral_energyband_low.mean": 0.05468267574906349, "lowlevel.spectral_energyband_low.stdev": 0.11130718886852264, "lowlevel.spectral_energyband_middle_high.mean": 0.002403389662504196, "lowlevel.spectral_energyband_middle_high.stdev": 0.003451770870015025, "lowlevel.spectral_energyband_middle_low.mean": 0.008626927621662617, "lowlevel.spectral_energyband_middle_low.stdev": 0.021402733400464058, "lowlevel.spectral_entropy.mean": 7.457667827606201, "lowlevel.spectral_entropy.stdev": 0.8415445685386658, "lowlevel.spectral_flux.mean": 0.11355996131896973, "lowlevel.spectral_flux.stdev": 0.12242353707551956, "lowlevel.spectral_kurtosis.mean": 7.209846019744873, "lowlevel.spectral_kurtosis.stdev": 8.891226768493652, "lowlevel.spectral_rms.mean": 0.005449771881103516, "lowlevel.spectral_rms.stdev": 0.005866974126547575, "lowlevel.spectral_rolloff.mean": 2987.5966796875, "lowlevel.spectral_rolloff.stdev": 4447.04345703125, "lowlevel.spectral_skewness.mean": 1.7699155807495117, "lowlevel.spectral_skewness.stdev": 1.075805902481079, "lowlevel.spectral_spread.mean": 5795027.0, "lowlevel.spectral_spread.stdev": 6648385.5, "lowlevel.spectral_strongpeak.mean": 0.7761490345001221, "lowlevel.spectral_strongpeak.stdev": 0.9652895927429199, "lowlevel.zerocrossingrate.mean": 0.1016002893447876, "lowlevel.zerocrossingrate.stdev": 0.14027124643325806, "metadata.audio_properties.analysis.equal_loudness": 0.0, "metadata.audio_properties.analysis.length": 19.157323837280273, "metadata.audio_properties.analysis.sample_rate": 44100.0, "metadata.audio_properties.analysis.start_time": 0.0, "metadata.audio_properties.bit_rate": 121900.0, "metadata.audio_properties.length": 19.157333374023438, "metadata.audio_properties.lossless": 0.0, "metadata.audio_properties.number_channels": 1.0, "metadata.audio_properties.replay_gain": -11.448246002197266, "metadata.audio_properties.sample_rate": 48000.0, "rhythm.beats_count": 37.0, "rhythm.beats_loudness.mean": 0.08271626383066177, "rhythm.beats_loudness.stdev": 0.12086497247219086, "rhythm.bpm": 119.7989501953125, "rhythm.bpm_histogram_first_peak_bpm": 120.0, "rhythm.bpm_histogram_first_peak_weight": 0.38235294818878174, "rhythm.bpm_histogram_second_peak_bpm": 115.0, "rhythm.bpm_histogram_second_peak_spread": 0.0, "rhythm.bpm_histogram_second_peak_weight": 0.0555555559694767, "rhythm.danceability": 1.2883466482162476, "rhythm.onset_rate": 4.796742916107178, "tonal.chords_changes_rate": 0.1473429948091507, "tonal.chords_number_rate": 0.019323671236634254, "tonal.chords_strength.mean": 0.4925207197666168, "tonal.chords_strength.stdev": 0.07371119409799576, "tonal.hpcp_crest.mean": 11.169258117675781, "tonal.hpcp_crest.stdev": 5.857980728149414, "tonal.hpcp_entropy.mean": 2.2252211570739746, "tonal.hpcp_entropy.stdev": 0.8696925044059753, "tonal.key_edma.strength": 0.603827953338623, "tonal.key_krumhansl.strength": 0.5879015922546387, "tonal.key_temperley.strength": 0.5710983872413635, "tonal.tuning_diatonic_strength": 0.5587497353553772, "tonal.tuning_equal_tempered_deviation": 0.22468996047973633, "tonal.tuning_frequency": 434.193115234375, "tonal.tuning_nontempered_energy_ratio": 0.8754627704620361, "lowlevel.barkbands.mean": [0.0032146640587598085, 0.04539191722869873, 0.005079810041934252, 0.0019618631340563297, 0.0027373130433261395, 0.0015121260657906532, 0.0010211248882114887, 0.000615330005530268, 0.0006349906325340271, 0.0003907910722773522, 0.0002615193952806294, 0.00032780985930003226, 0.00027184991631656885, 0.00018503829778637737, 0.00017890463641379029, 0.00024719684734009206, 0.0002124176680808887, 7.845000800443813e-05, 0.00024689765996299684, 0.00012205870007164776, 0.00020901350944768637, 0.00034922585473395884, 0.00012625286763068289, 0.00018986537179443985, 0.0001294875401072204, 2.847825271601323e-05, 1.0234744962644982e-07], "lowlevel.barkbands.stdev": [0.009269251488149166, 0.09911566227674484, 0.023884491994976997, 0.009570196270942688, 0.008982806466519833, 0.0034432311076670885, 0.0020958171226084232, 0.001438636681996286, 0.0017344825901091099, 0.00140056770760566, 0.0008599585853517056, 0.0009819077095016837, 0.0007879076874814928, 0.000518546556122601, 0.0004403466882649809, 0.000497851287946105, 0.00038796800072304904, 0.0002139829593943432, 0.00043277733493596315, 0.00037712836638092995, 0.0007177236839197576, 0.001193906064145267, 0.00033173468546010554, 0.00047247056500054896, 0.00035547689185477793, 7.568833098048344e-05, 5.484604912453506e-07], "lowlevel.erbbands.mean": [1.9021862745285034, 7.741192817687988, 7.15887451171875, 6.443136215209961, 8.441632270812988, 8.40996265411377, 10.763453483581543, 11.801895141601562, 16.30458641052246, 11.777307510375977, 14.703508377075195, 14.775895118713379, 13.467724800109863, 10.362443923950195, 11.902571678161621, 13.5987548828125, 12.268794059753418, 10.768357276916504, 8.77802848815918, 11.125134468078613, 13.938039779663086, 11.727766036987305, 4.789605617523193, 7.283027172088623, 13.933280944824219, 5.667804718017578, 6.6596903800964355, 10.20632266998291, 14.612992286682129, 5.956605434417725, 3.343449831008911, 3.076657295227051, 3.626154899597168, 1.9315643310546875, 0.643620491027832, 0.19330443441867828, 0.04145098850131035, 0.002640427788719535, 9.763544221641496e-05, 7.879167242208496e-05], "lowlevel.erbbands.stdev": [4.546256065368652, 17.82006072998047, 26.542390823364258, 30.556489944458008, 30.90882682800293, 29.56937026977539, 24.33338165283203, 30.467727661132812, 35.256919860839844, 25.53145408630371, 34.28737258911133, 45.195255279541016, 46.67925262451172, 27.933996200561523, 37.136878967285156, 39.57963180541992, 32.83451461791992, 29.14797592163086, 21.619609832763672, 25.234445571899414, 25.42166519165039, 21.78485870361328, 11.283393859863281, 15.52216911315918, 26.872066497802734, 16.96832275390625, 24.28473663330078, 34.386837005615234, 52.2515754699707, 16.70167350769043, 8.769378662109375, 7.682315349578857, 9.445941925048828, 5.3549652099609375, 1.7785453796386719, 0.5387272834777832, 0.10927547514438629, 0.007087412290275097, 0.00017127316095866263, 0.00012154888827353716], "lowlevel.gfcc.mean": [-156.7923126220703, 83.4404296875, -103.4033432006836, 26.38499641418457, -56.119956970214844, 9.87702465057373, -46.07907485961914, 7.890167236328125, -25.4201602935791, -0.7500283122062683, -8.643109321594238, 1.414229154586792, -3.356746196746826], "lowlevel.melbands.mean": [0.014520627446472645, 0.005611632019281387, 0.0011730169644579291, 0.0006255132611840963, 0.00036174070555716753, 0.00027998819132335484, 0.00023532372142653912, 0.0001228869950864464, 0.00012196752504678443, 9.041500015882775e-05, 6.644141103606671e-05, 4.199994509690441e-05, 3.856658804579638e-05, 3.782031490118243e-05, 3.178138649673201e-05, 2.529493758629542e-05, 1.8933364117401652e-05, 1.3505213246389758e-05, 1.3959102034277748e-05, 1.5991781765478663e-05, 1.645593874854967e-05, 1.361241356789833e-05, 5.767251423094422e-06, 3.5066634609393077e-06, 5.652785603160737e-06, 1.0850075341295451e-05, 7.342662684095558e-06, 2.9288116820680443e-06, 3.5101502362522297e-06, 4.9334007599100005e-06, 6.413123173842905e-06, 9.485099326411728e-06, 4.861922207055613e-06, 2.7842340841743862e-06, 1.982541107281577e-06, 1.5345310657721711e-06, 2.065652324745315e-06, 2.6933610115520423e-06, 2.136024704668671e-06, 1.4890561033098493e-06], "lowlevel.melbands.stdev": [0.03259904310107231, 0.014217805117368698, 0.005147821735590696, 0.0021479008719325066, 0.0009088399237953126, 0.000676169409416616, 0.0004968720604665577, 0.0002764180535450578, 0.00028986454708501697, 0.00027710574795491993, 0.00023559242254123092, 0.00012018247798550874, 0.0001294112007599324, 0.00011850888404296711, 9.623203368391842e-05, 7.168063893914223e-05, 5.387822966440581e-05, 3.585338345146738e-05, 3.444918183959089e-05, 3.62645550922025e-05, 2.944400330306962e-05, 2.5552457373123616e-05, 1.3630381545226555e-05, 1.0060525710287038e-05, 1.3147867321094964e-05, 1.8866512618842535e-05, 1.828569838835392e-05, 1.040680035657715e-05, 1.3141182535036933e-05, 1.8201006241724826e-05, 2.215155109297484e-05, 3.571593697415665e-05, 1.5641431673429906e-05, 7.665214980079327e-06, 5.47887339052977e-06, 3.977665528509533e-06, 5.423679340310628e-06, 7.030428605503403e-06, 6.067633421480423e-06, 4.234185325913131e-06], "lowlevel.melbands128.mean": [0.0031212978065013885, 0.01671266183257103, 0.019423307850956917, 0.010490966029465199, 0.004354423843324184, 0.0022547875996679068, 0.0012891751248389482, 0.0009180917986668646, 0.0008631362579762936, 0.00070203747600317, 0.00040749882464297116, 0.00033076867111958563, 0.00040120002813637257, 0.00033066110336221755, 0.00023690001398790628, 0.0002672577684279531, 0.0003219121426809579, 0.00022649056336376816, 0.0001362778275506571, 0.0001301210722886026, 0.00011154638923471794, 0.00010926477989414707, 0.0001437103928765282, 0.00010618004307616502, 9.402693103766069e-05, 8.837592758936808e-05, 6.825251330155879e-05, 6.997607852099463e-05, 5.874871931155212e-05, 4.563004767987877e-05, 3.372399078216404e-05, 3.731391916517168e-05, 4.248869663570076e-05, 3.5879209463018924e-05, 3.7473342672456056e-05, 4.045887180836871e-05, 3.532113623805344e-05, 3.222339728381485e-05, 2.9634884413098916e-05, 2.4967772333184257e-05, 2.486989978933707e-05, 2.4824570573400706e-05, 2.0239993318682536e-05, 1.591283034940716e-05, 1.2599910405697301e-05, 1.3188044249545783e-05, 1.410149889125023e-05, 1.3525757822208107e-05, 1.3442620911519043e-05, 1.64053217304172e-05, 1.5447525584022515e-05, 1.7143418517662212e-05, 1.6498890545335598e-05, 1.602031807124149e-05, 1.6450474504381418e-05, 1.4564277989848051e-05, 1.0771859706437681e-05, 6.443219717766624e-06, 4.227303634252166e-06, 3.434057134654722e-06, 3.23253561873571e-06, 3.4826343835447915e-06, 4.929693659505574e-06, 5.89367709835642e-06, 7.444921266142046e-06, 1.0924758498731535e-05, 1.3884178770240396e-05, 1.0136896889889613e-05, 5.584916380030336e-06, 3.6615124372474384e-06, 2.7594239782047225e-06, 2.4779421892162645e-06, 2.9961247491883114e-06, 3.2423461107100593e-06, 4.736980372399557e-06, 5.384479209169513e-06, 4.878408617514651e-06, 4.391221864352701e-06, 6.922315606061602e-06, 7.371349511231529e-06, 1.0621615729178302e-05, 1.0852417290152516e-05, 6.407512046280317e-06, 4.381763574201614e-06, 3.234281166442088e-06, 2.7424059680924984e-06, 2.7192245397600345e-06, 2.631546522025019e-06, 1.8243915747007122e-06, 1.596575657458743e-06, 1.7465572454966605e-06, 1.377368789690081e-06, 1.4515703696815763e-06, 1.938152081493172e-06, 2.461772055539768e-06, 2.8908254989801208e-06, 2.6301925117877545e-06, 2.726139427977614e-06, 2.129177346432698e-06, 1.9038899381484953e-06, 1.6613158777545323e-06, 1.433385705240653e-06, 1.30354771954444e-06, 8.837887435220182e-07, 6.139300126051239e-07, 5.123770279169548e-07, 4.851745529776963e-07, 4.2745296013890766e-07, 3.087654647515592e-07, 2.2918540310001845e-07, 2.0958312063612539e-07, 1.503687911963425e-07, 1.368544531032967e-07, 7.685896719067387e-08, 3.706533391323319e-08, 1.900870572058011e-08, 3.77784559191241e-09, 5.272611791617976e-10, 6.775520422497294e-11, 1.3287828302954718e-11, 1.2830833617805126e-11, 1.0461501456782152e-11, 8.064517803552107e-12, 7.920310240994155e-12, 7.772880429579576e-12, 7.613275461448854e-12, 7.514186321777583e-12, 7.46760292491544e-12], "lowlevel.melbands128.stdev": [0.009049078449606895, 0.04289092868566513, 0.045265790075063705, 0.025858256965875626, 0.015415949746966362, 0.010877653025090694, 0.006597239524126053, 0.00433801393955946, 0.0031475378200411797, 0.002287008101120591, 0.0016357020940631628, 0.0010940772481262684, 0.0008681468316353858, 0.0008280804613605142, 0.0008030745666474104, 0.0007938012713566422, 0.0008346657268702984, 0.0005914641660638154, 0.00034221148234792054, 0.0003457245184108615, 0.0003226938715670258, 0.0003105541691184044, 0.0004123035760130733, 0.0003026279737241566, 0.0004438423493411392, 0.00031693780329078436, 0.00023094017524272203, 0.00035889275022782385, 0.00026278154109604657, 0.00014731059491168708, 0.00010998077050317079, 0.00013308541383594275, 0.00019504281226545572, 0.00013505161041393876, 0.00014147453475743532, 0.0001414552389178425, 0.00013974356988910586, 0.00011061409895773977, 0.00011410401202738285, 7.82413553679362e-05, 8.797679038252681e-05, 8.351322321686894e-05, 7.516153709730133e-05, 4.93932056997437e-05, 3.547751475707628e-05, 4.591899778461084e-05, 4.4947664719074965e-05, 4.1433610022068024e-05, 3.742696571862325e-05, 4.8811973101692274e-05, 3.711381941684522e-05, 4.7019144403748214e-05, 3.4965025406563655e-05, 3.061709139728919e-05, 3.312161425128579e-05, 3.229913272662088e-05, 3.0251281714299694e-05, 1.7413411114830524e-05, 1.0792869034048636e-05, 9.651941581978463e-06, 1.013300698105013e-05, 1.1951684427913278e-05, 1.5081147466844413e-05, 1.5007884940132499e-05, 1.5595640434185043e-05, 2.04919033421902e-05, 2.8529486371553503e-05, 3.170285708620213e-05, 1.571374014019966e-05, 1.3407480764726643e-05, 1.1856380297103897e-05, 1.0003050192608498e-05, 1.2237956980243325e-05, 1.3426631085167173e-05, 2.0137564206379466e-05, 2.242568189103622e-05, 1.8769609596347436e-05, 1.4626012671214994e-05, 2.6439180146553554e-05, 2.6979427275364287e-05, 4.616205478669144e-05, 4.249418998369947e-05, 2.123319063684903e-05, 1.5200113921309821e-05, 1.077907199942274e-05, 7.717652806604747e-06, 8.32041314424714e-06, 8.194079782697372e-06, 5.316082933859434e-06, 4.421589892444899e-06, 5.264971150609199e-06, 3.773782282223692e-06, 4.213753527437802e-06, 5.3985781960363965e-06, 7.181423825386446e-06, 8.037050974962767e-06, 7.3174101089534815e-06, 8.04662522568833e-06, 6.736580417054938e-06, 5.790639534097863e-06, 4.935313427267829e-06, 4.250819984008558e-06, 4.4018911466991995e-06, 2.749567556747934e-06, 1.8795175265040598e-06, 1.5665470982639818e-06, 1.4059598925086902e-06, 1.2472872867874685e-06, 9.8607608833845e-07, 6.853555305497139e-07, 6.247361170608201e-07, 4.3979184738418553e-07, 4.175848857812525e-07, 2.3701491613792314e-07, 1.2342287902811222e-07, 6.94058783778928e-08, 1.729049081689027e-08, 4.624060245816963e-09, 7.717826377984238e-10, 8.764138026418067e-11, 1.0103710229580898e-10, 5.690602850050297e-11, 2.004823737578043e-11, 1.9711197951632897e-11, 1.942933834653271e-11, 1.918751442453459e-11, 1.9020580249717867e-11, 1.891748736826404e-11], "lowlevel.mfcc.mean": [-772.2220458984375, 112.53136444091797, 11.132267951965332, 14.241534233093262, 12.770181655883789, -2.8775620460510254, -1.2757192850112915, 0.12791137397289276, -4.319325923919678, -6.5631327629089355, -2.033790111541748, -6.65436315536499, 7.358428478240967], "lowlevel.spectral_contrast_coeffs.mean": [-0.6860940456390381, -0.785452127456665, -0.8258334994316101, -0.8173816204071045, -0.77071613073349, -0.7905446887016296], "lowlevel.spectral_contrast_coeffs.stdev": [0.09543076157569885, 0.08981543779373169, 0.06038263812661171, 0.06732940673828125, 0.09092401713132858, 0.06668923050165176], "lowlevel.spectral_contrast_valleys.mean": [-8.578173637390137, -8.372215270996094, -8.854166984558105, -9.193000793457031, -9.654436111450195, -11.820061683654785], "lowlevel.spectral_contrast_valleys.stdev": [3.93131685256958, 3.872483015060425, 3.762941837310791, 3.704859733581543, 3.6836235523223877, 3.5046226978302], "rhythm.beats_loudness_band_ratio.mean": [0.3293372094631195, 0.24920734763145447, 0.16049818694591522, 0.10088701546192169, 0.0837635025382042, 0.12733444571495056], "rhythm.beats_loudness_band_ratio.stdev": [0.3812059164047241, 0.2441023886203766, 0.16882926225662231, 0.11858903616666794, 0.09119728952646255, 0.17705903947353363], "tonal.hpcp.mean": [0.16079799830913544, 0.10358984768390656, 0.07532870769500732, 0.06641049683094025, 0.06462720036506653, 0.0688280314207077, 0.07475435733795166, 0.07074452191591263, 0.06554487347602844, 0.07219327241182327, 0.07300538569688797, 0.06550852209329605, 0.0658748596906662, 0.10223474353551865, 0.2673870623111725, 0.2922711968421936, 0.14637383818626404, 0.10840921849012375, 0.11218281835317612, 0.09636079519987106, 0.08905699849128723, 0.08955848962068558, 0.07384290546178818, 0.08302906155586243, 0.10133229196071625, 0.12049590796232224, 0.1328338086605072, 0.12198077142238617, 0.09726307541131973, 0.0946555957198143, 0.1397537887096405, 0.17394410073757172, 0.15809139609336853, 0.13910573720932007, 0.15457716584205627, 0.18330836296081543], "tonal.hpcp.stdev": [0.2611890435218811, 0.2136772722005844, 0.1819397360086441, 0.16470342874526978, 0.16347795724868774, 0.16305013000965118, 0.16481013596057892, 0.14403420686721802, 0.13849148154258728, 0.16175074875354767, 0.16243880987167358, 0.1441182643175125, 0.14449216425418854, 0.1959300935268402, 0.354427695274353, 0.37947899103164673, 0.21171721816062927, 0.19831949472427368, 0.2034919708967209, 0.19021402299404144, 0.18716032803058624, 0.19928182661533356, 0.16419048607349396, 0.18759992718696594, 0.21987034380435944, 0.2343045324087143, 0.26528260111808777, 0.23944489657878876, 0.21385586261749268, 0.18088781833648682, 0.2485266476869583, 0.2873741388320923, 0.2731386721134186, 0.2444414347410202, 0.26919230818748474, 0.28335776925086975], "rhythm.beats_position": [0.4876190423965454, 0.9984580278396606, 1.4976871013641357, 1.9969160556793213, 2.496145009994507, 2.9953742027282715, 3.5062131881713867, 3.9938321113586426, 4.481451034545898, 4.980679988861084, 5.491518974304199, 5.990748405456543, 6.4899773597717285, 6.989206314086914, 7.500045299530029, 7.987664222717285, 8.486893653869629, 8.986122131347656, 9.4853515625, 9.984580039978027, 10.483809471130371, 10.983037948608398, 11.482267379760742, 11.981496810913086, 12.480725288391113, 12.979954719543457, 13.479183197021484, 13.978412628173828, 14.489251136779785, 15.011700630187988, 15.522539138793945, 16.02176856994629, 16.509387969970703, 17.020225524902344, 17.531064987182617, 18.04190444946289, 18.564353942871094], "rhythm.bpm_histogram": [0.0, 0.0, 0.0, 0.0, 0.0, 0.0, 0.0, 0.0, 0.0, 0.0, 0.0, 0.0, 0.0, 0.0, 0.0, 0.0, 0.0, 0.0, 0.0, 0.0, 0.0, 0.0, 0.0, 0.0, 0.0, 0.0, 0.0, 0.0, 0.0, 0.0, 0.0, 0.0, 0.0, 0.0, 0.0, 0.0, 0.0, 0.0, 0.0, 0.0, 0.0, 0.0, 0.0, 0.0, 0.0, 0.0, 0.0, 0.0, 0.0, 0.0, 0.0, 0.0, 0.0, 0.0, 0.0, 0.0, 0.0, 0.0, 0.0, 0.0, 0.0, 0.0, 0.0, 0.0, 0.0, 0.0, 0.0, 0.0, 0.0, 0.0, 0.0, 0.0, 0.0, 0.0, 0.0, 0.0, 0.0, 0.0, 0.0, 0.0, 0.0, 0.0, 0.0, 0.0, 0.0, 0.0, 0.0, 0.0, 0.0, 0.0, 0.0, 0.0, 0.0, 0.0, 0.0, 0.0, 0.0, 0.0, 0.0, 0.0, 0.0, 0.0, 0.0, 0.0, 0.0, 0.0, 0.0, 0.0, 0.0, 0.0, 0.0, 0.0, 0.0, 0.0, 0.0, 0.0555555559694767, 0.0, 0.25, 0.0, 0.0, 0.5833333134651184, 0.0, 0.0, 0.1111111119389534, 0.0, 0.0, 0.0, 0.0, 0.0, 0.0, 0.0, 0.0, 0.0, 0.0, 0.0, 0.0, 0.0, 0.0, 0.0, 0.0, 0.0, 0.0, 0.0, 0.0, 0.0, 0.0, 0.0, 0.0, 0.0, 0.0, 0.0, 0.0, 0.0, 0.0, 0.0, 0.0, 0.0, 0.0, 0.0, 0.0, 0.0, 0.0, 0.0, 0.0, 0.0, 0.0, 0.0, 0.0, 0.0, 0.0, 0.0, 0.0, 0.0, 0.0, 0.0, 0.0, 0.0, 0.0, 0.0, 0.0, 0.0, 0.0, 0.0, 0.0, 0.0, 0.0, 0.0, 0.0, 0.0, 0.0, 0.0, 0.0, 0.0, 0.0, 0.0, 0.0, 0.0, 0.0, 0.0, 0.0, 0.0, 0.0, 0.0, 0.0, 0.0, 0.0, 0.0, 0.0, 0.0, 0.0, 0.0, 0.0, 0.0, 0.0, 0.0, 0.0, 0.0, 0.0, 0.0, 0.0, 0.0, 0.0, 0.0, 0.0, 0.0, 0.0, 0.0, 0.0, 0.0, 0.0, 0.0, 0.0, 0.0, 0.0, 0.0, 0.0, 0.0, 0.0, 0.0, 0.0, 0.0, 0.0, 0.0, 0.0, 0.0, 0.0, 0.0, 0.0, 0.0, 0.0], "tonal.chords_histogram": [2.6570048332214355, 0.483091801404953, 10.8695650100708, 0.0, 0.0, 0.0, 0.0, 25.84541130065918, 0.2415459007024765, 18.59903335571289, 0.0, 0.0, 9.661835670471191, 0.0, 0.0, 0.0, 0.0, 0.0, 0.0, 28.019323348999023, 1.932367205619812, 1.6908212900161743, 0.0, 0.0], "tonal.thpcp": [1.0, 0.5008151531219482, 0.37091994285583496, 0.383831262588501, 0.32969650626182556, 0.30470672249794006, 0.30642256140708923, 0.25265201926231384, 0.2840822637081146, 0.3467063903808594, 0.4122743308544159, 0.45448818802833557, 0.4173547327518463, 0.33278363943099976, 0.323862224817276, 0.47816476225852966, 0.5951462388038635, 0.540906548500061, 0.47594746947288513, 0.5288826823234558, 0.6271858811378479, 0.5501670837402344, 0.35443058609962463, 0.25773563981056213, 0.22722217440605164, 0.2211206555366516, 0.2354937195777893, 0.2557705342769623, 0.24205096065998077, 0.22426046431064606, 0.247007817029953, 0.24978645145893097, 0.224136084318161, 0.2253894954919815, 0.3497941195964813, 0.914859414100647], "lowlevel.gfcc.cov": [[79786.7578125, 3509.365966796875, -4402.9638671875, 3210.671630859375, -2960.170166015625, 1261.2213134765625, -1972.4739990234375, 1502.1785888671875, -462.5265197753906, 356.0143127441406, -130.79832458496094, -574.1161499023438, -385.6216735839844], [3509.365966796875, 4663.15966796875, -226.06246948242188, -400.6850280761719, 1039.06201171875, -386.6838684082031, 324.9035949707031, 182.30145263671875, 251.45645141601562, -450.0865478515625, 350.0599670410156, -328.53863525390625, 70.71092987060547], [-4402.9638671875, -226.06246948242188, 1922.4437255859375, 298.9073486328125, 607.596435546875, 363.92071533203125, 552.3822021484375, -14.322629928588867, 282.7874450683594, 101.69453430175781, 120.95437622070312, 110.60032653808594, 137.67066955566406], [3210.671630859375, -400.6850280761719, 298.9073486328125, 911.4043579101562, 68.69962310791016, 200.84446716308594, 52.660377502441406, 58.732059478759766, 179.69754028320312, 97.98533630371094, 32.80364227294922, 18.439950942993164, 79.2014389038086], [-2960.170166015625, 1039.06201171875, 607.596435546875, 68.69962310791016, 1056.7095947265625, 32.16810989379883, 499.9825439453125, 179.3562469482422, 336.47406005859375, -44.790740966796875, 215.51483154296875, -86.0822525024414, 82.41184997558594], [1261.2213134765625, -386.6838684082031, 363.92071533203125, 200.84446716308594, 32.16810989379883, 462.679443359375, 264.3267517089844, 70.00927734375, 63.5102653503418, 123.09224700927734, 38.78243637084961, 62.39411544799805, 31.043739318847656], [-1972.4739990234375, 324.9035949707031, 552.3822021484375, 52.660377502441406, 499.9825439453125, 264.3267517089844, 758.3884887695312, 144.05931091308594, 213.1805419921875, 0.49665436148643494, 156.6742706298828, 28.76983642578125, 53.50465774536133], [1502.1785888671875, 182.30145263671875, -14.322629928588867, 58.732059478759766, 179.3562469482422, 70.00927734375, 144.05931091308594, 288.8311462402344, 101.50936126708984, 24.440349578857422, 69.72331237792969, -52.58260726928711, -17.653545379638672], [-462.5265197753906, 251.45645141601562, 282.7874450683594, 179.69754028320312, 336.47406005859375, 63.5102653503418, 213.1805419921875, 101.50936126708984, 291.6073913574219, 37.55343246459961, 104.25257873535156, -54.44462203979492, 45.26670455932617], [356.0143127441406, -450.0865478515625, 101.69453430175781, 97.98533630371094, -44.790740966796875, 123.09224700927734, 0.49665436148643494, 24.440349578857422, 37.55343246459961, 200.4355010986328, 14.205324172973633, 38.333160400390625, -13.173437118530273], [-130.79832458496094, 350.0599670410156, 120.95437622070312, 32.80364227294922, 215.51483154296875, 38.78243637084961, 156.6742706298828, 69.72331237792969, 104.25257873535156, 14.205324172973633, 186.26097106933594, -2.9407799243927, 54.330078125], [-574.1161499023438, -328.53863525390625, 110.60032653808594, 18.439950942993164, -86.0822525024414, 62.39411544799805, 28.76983642578125, -52.58260726928711, -54.44462203979492, 38.333160400390625, -2.9407799243927, 169.46975708007812, 59.63312911987305], [-385.6216735839844, 70.71092987060547, 137.67066955566406, 79.2014389038086, 82.41184997558594, 31.043739318847656, 53.50465774536133, -17.653545379638672, 45.26670455932617, -13.173437118530273, 54.330078125, 59.63312911987305, 133.3916015625]], "lowlevel.gfcc.icov": [[5.81418935325928e-05, -0.00015712343156337738, 7.085381366778165e-05, -0.0002570722717791796, 0.0002367667475482449, -0.0002718204923439771, 0.0001417893508914858, -0.00033193628769367933, 0.00010006609227275476, -0.00012392824282869697, 5.3517862397711724e-05, 7.846952598811185e-07, 7.871686830185354e-05], [-0.00015712343156337738, 0.00088690867414698, -8.884550334187225e-05, 0.0008165512117557228, -0.0009772971970960498, 0.000772589526604861, -0.0003431057557463646, 0.0009365828591398895, -0.00026234585675410926, 0.0010983118554577231, -0.0007865000516176224, 0.0004960334044881165, -0.00033586611971259117], [7.085381366778165e-05, -8.884550334187225e-05, 0.0010344802867621183, -0.0003700951056089252, -0.0002664178900886327, -0.0007876542513258755, -4.464477751753293e-05, 0.00017032332834787667, -0.00024983572075143456, -0.0001688934426056221, 0.00022239942336454988, -0.0003669187717605382, -6.608596595469862e-05], [-0.0002570722717791796, 0.0008165512117557228, -0.0003700951056089252, 0.0026848590932786465, -0.000986261060461402, 0.0006244814139790833, -0.0002232635160908103, 0.0013002670602872968, -0.001546269515529275, 0.000604888831730932, -9.520754974801093e-05, 0.00012155131116742268, -0.0010936575708910823], [0.0002367667475482449, -0.0009772971970960498, -0.0002664178900886327, -0.000986261060461402, 0.0036107918713241816, -0.00033622601768001914, -0.000347227236488834, -0.0019424124620854855, -0.0007850196561776102, -0.0007101870724000037, -0.0001791615941328928, 0.0005771401338279247, -0.0001960428198799491], [-0.0002718204923439771, 0.000772589526604861, -0.0007876542513258755, 0.0006244814139790833, -0.00033622601768001914, 0.005543615203350782, -0.002400425262749195, 0.0008127856417559087, 0.000386840634746477, -0.0014721655752509832, -4.796736902790144e-05, 0.00034069217508658767, -0.0011746716918423772], [0.0001417893508914858, -0.0003431057557463646, -4.464477751753293e-05, -0.0002232635160908103, -0.000347227236488834, -0.002400425262749195, 0.0035694462712854147, -0.001229413552209735, -0.0009114929125644267, 0.0012547936057671905, -0.0008434937335550785, -0.0014930071774870157, 0.0013933840673416853], [-0.00033193628769367933, 0.0009365828591398895, 0.00017032332834787667, 0.0013002670602872968, -0.0019424124620854855, 0.0008127856417559087, -0.001229413552209735, 0.006866149604320526, -0.0013039925834164023, 0.00045216878061182797, -0.0012913774698972702, 0.0006984048523008823, 0.0007097429479472339], [0.00010006609227275476, -0.00026234585675410926, -0.00024983572075143456, -0.001546269515529275, -0.0007850196561776102, 0.000386840634746477, -0.0009114929125644267, -0.0013039925834164023, 0.008532796055078506, -0.0024668609257787466, -0.0008321563946083188, 0.0034051011316478252, -0.002130262553691864], [-0.00012392824282869697, 0.0010983118554577231, -0.0001688934426056221, 0.000604888831730932, -0.0007101870724000037, -0.0014721655752509832, 0.0012547936057671905, 0.00045216878061182797, -0.0024668609257787466, 0.009390159510076046, -0.0024697231128811836, -0.0021298571955412626, 0.0029351443517953157], [5.3517862397711724e-05, -0.0007865000516176224, 0.00022239942336454988, -9.520754974801093e-05, -0.0001791615941328928, -4.796736902790144e-05, -0.0008434937335550785, -0.0012913774698972702, -0.0008321563946083188, -0.0024697231128811836, 0.009728663600981236, -0.00024946805206127465, -0.00312453112564981], [7.846952598811185e-07, 0.0004960334044881165, -0.0003669187717605382, 0.00012155131116742268, 0.0005771401338279247, 0.00034069217508658767, -0.0014930071774870157, 0.0006984048523008823, 0.0034051011316478252, -0.0021298571955412626, -0.00024946805206127465, 0.011438818648457527, -0.006076747085899115], [7.871686830185354e-05, -0.00033586611971259117, -6.608596595469862e-05, -0.0010936575708910823, -0.0001960428198799491, -0.0011746716918423772, 0.0013933840673416853, 0.0007097429479472339, -0.002130262553691864, 0.0029351443517953157, -0.00312453112564981, -0.006076747085899115, 0.0135514410212636]], "lowlevel.mfcc.cov": [[34922.01953125, 2488.4404296875, -356.2989501953125, 1055.1341552734375, 317.38873291015625, -185.2178955078125, -84.8771743774414, 252.69964599609375, 309.67138671875, 545.0823974609375, 707.4871215820312, -134.69732666015625, 233.78480529785156], [2488.4404296875, 4951.662109375, -547.72216796875, 224.87786865234375, 687.8729858398438, -350.4700012207031, 379.1629943847656, 468.9898681640625, 58.5745964050293, 247.36033630371094, 247.6283416748047, -92.63367462158203, 309.6480407714844], [-356.2989501953125, -547.72216796875, 1209.5809326171875, 189.396728515625, 41.080291748046875, 439.4887390136719, 106.70376586914062, 30.524364471435547, 111.38971710205078, -6.990025520324707, -99.89359283447266, 166.42669677734375, -0.11491803079843521], [1055.1341552734375, 224.87786865234375, 189.396728515625, 647.4498291015625, 298.5792541503906, 157.942626953125, 64.32369232177734, 156.85202026367188, 122.69478607177734, 143.8275146484375, 54.466243743896484, 55.50579833984375, 74.12619018554688], [317.38873291015625, 687.8729858398438, 41.080291748046875, 298.5792541503906, 574.4946899414062, 13.10490608215332, 33.23849105834961, 89.5924072265625, 66.04869842529297, 176.85752868652344, 59.64942932128906, -8.562529563903809, 119.855224609375], [-185.2178955078125, -350.4700012207031, 439.4887390136719, 157.942626953125, 13.10490608215332, 501.18109130859375, 191.19302368164062, 88.12425994873047, 148.09890747070312, 52.863494873046875, 42.353607177734375, 171.7118682861328, -13.07321834564209], [-84.8771743774414, 379.1629943847656, 106.70376586914062, 64.32369232177734, 33.23849105834961, 191.19302368164062, 384.7094421386719, 229.18165588378906, 142.0409393310547, 76.66864013671875, 146.2482147216797, 115.70860290527344, 45.95612335205078], [252.69964599609375, 468.9898681640625, 30.524364471435547, 156.85202026367188, 89.5924072265625, 88.12425994873047, 229.18165588378906, 314.1730651855469, 147.98707580566406, 83.16263580322266, 123.8095932006836, 64.10162353515625, 60.692474365234375], [309.67138671875, 58.5745964050293, 111.38971710205078, 122.69478607177734, 66.04869842529297, 148.09890747070312, 142.0409393310547, 147.98707580566406, 220.79205322265625, 91.74785614013672, 98.20079040527344, 75.70911407470703, 24.608287811279297], [545.0823974609375, 247.36033630371094, -6.990025520324707, 143.8275146484375, 176.85752868652344, 52.863494873046875, 76.66864013671875, 83.16263580322266, 91.74785614013672, 244.9625701904297, 134.39675903320312, 50.203636169433594, 19.009214401245117], [707.4871215820312, 247.6283416748047, -99.89359283447266, 54.466243743896484, 59.64942932128906, 42.353607177734375, 146.2482147216797, 123.8095932006836, 98.20079040527344, 134.39675903320312, 272.41839599609375, 55.83828353881836, 40.69408416748047], [-134.69732666015625, -92.63367462158203, 166.42669677734375, 55.50579833984375, -8.562529563903809, 171.7118682861328, 115.70860290527344, 64.10162353515625, 75.70911407470703, 50.203636169433594, 55.83828353881836, 149.3524932861328, 5.386796951293945], [233.78480529785156, 309.6480407714844, -0.11491803079843521, 74.12619018554688, 119.855224609375, -13.07321834564209, 45.95612335205078, 60.692474365234375, 24.608287811279297, 19.009214401245117, 40.69408416748047, 5.386796951293945, 139.635009765625]], "lowlevel.mfcc.icov": [[3.507902147248387e-05, -2.388282518950291e-05, -1.1470006029412616e-05, -7.161461689975113e-05, 7.080261275405064e-05, -3.928392743546283e-06, 6.136666343081743e-05, 4.205157165415585e-05, -4.493004234973341e-05, -3.5235018003731966e-05, -0.00010365076741436496, 7.356060814345255e-05, -2.7293443054077215e-05], [-2.388282518950291e-05, 0.0003680698573589325, 8.187865023501217e-05, 0.00011216484563192353, -0.00037724111462011933, 0.0002529896446503699, -0.0003977854212280363, -0.0003914297267328948, 0.00026553813950158656, -7.721829751972109e-05, 0.00013371989189181477, 8.845780394040048e-05, -0.0002658293233253062], [-1.1470006029412616e-05, 8.187865023501217e-05, 0.001408135169185698, -9.093454718822613e-05, -0.00019606345449574292, -0.0009592393762432039, -6.310710887191817e-05, 3.938164809369482e-05, -0.00012735414202325046, 0.00012453690578695387, 0.0008547098259441555, -0.0006591604906134307, -0.00024897034745663404], [-7.161461689975113e-05, 0.00011216484563192353, -9.093454718822613e-05, 0.002746959449723363, -0.001121356850489974, -0.0006770922336727381, 0.000759939372073859, -0.001441172556951642, -3.760174513445236e-05, -0.0005482168635353446, 0.0004632948839571327, -0.0001274782989639789, -0.0003605708770919591], [7.080261275405064e-05, -0.00037724111462011933, -0.00019606345449574292, -0.001121356850489974, 0.003834635717794299, -0.00028202333487570286, 0.0004164627753198147, 0.0005068432074040174, -0.00024079770082607865, -0.00234226998873055, 0.0003546189109329134, 0.0013235544320195913, -0.0021551912650465965], [-3.928392743546283e-06, 0.0002529896446503699, -0.0009592393762432039, -0.0006770922336727381, -0.00028202333487570286, 0.0051541575230658054, -0.0017836554907262325, 0.0008804781828075647, -0.0013287343317642808, 0.0004549205768853426, 0.00010709698108257726, -0.003019212279468775, 0.0009906644700095057], [6.136666343081743e-05, -0.0003977854212280363, -6.310710887191817e-05, 0.000759939372073859, 0.0004164627753198147, -0.0017836554907262325, 0.006986506748944521, -0.0034380401484668255, -0.00028173020109534264, 0.0002195542911067605, -0.0015957801369950175, -0.001585688441991806, -0.0004075969336554408], [4.205157165415585e-05, -0.0003914297267328948, 3.938164809369482e-05, -0.001441172556951642, 0.0005068432074040174, 0.0008804781828075647, -0.0034380401484668255, 0.008253151550889015, -0.0030989376828074455, 0.00038616324309259653, -0.0006150041008368134, 0.00011682096373988315, -0.0005773487500846386], [-4.493004234973341e-05, 0.00026553813950158656, -0.00012735414202325046, -3.760174513445236e-05, -0.00024079770082607865, -0.0013287343317642808, -0.00028173020109534264, -0.0030989376828074455, 0.008894185535609722, -0.0013591872993856668, -0.0007789853843860328, -0.00041423633228987455, -0.00011121424904558808], [-3.5235018003731966e-05, -7.721829751972109e-05, 0.00012453690578695387, -0.0005482168635353446, -0.00234226998873055, 0.0004549205768853426, 0.0002195542911067605, 0.00038616324309259653, -0.0013591872993856668, 0.00842327531427145, -0.003138505620881915, -0.0020642199087888002, 0.0024214452132582664], [-0.00010365076741436496, 0.00013371989189181477, 0.0008547098259441555, 0.0004632948839571327, 0.0003546189109329134, 0.00010709698108257726, -0.0015957801369950175, -0.0006150041008368134, -0.0007789853843860328, -0.003138505620881915, 0.007319201249629259, -0.0009737074142321944, -0.0014010241720825434], [7.356060814345255e-05, 8.845780394040048e-05, -0.0006591604906134307, -0.0001274782989639789, 0.0013235544320195913, -0.003019212279468775, -0.001585688441991806, 0.00011682096373988315, -0.00041423633228987455, -0.0020642199087888002, -0.0009737074142321944, 0.013631245121359825, -0.0010879074689000845], [-2.7293443054077215e-05, -0.0002658293233253062, -0.00024897034745663404, -0.0003605708770919591, -0.0021551912650465965, 0.0009906644700095057, -0.0004075969336554408, -0.0005773487500846386, -0.00011121424904558808, 0.0024214452132582664, -0.0014010241720825434, -0.0010879074689000845, 0.01045589242130518]], "metadata.audio_properties.analysis.downmix": "mix", "metadata.audio_properties.codec": "mp3", "metadata.audio_properties.md5_encoded": "5b158dd6b08da75a166921c2e1e34d21", "metadata.tags.file_name": "1183714226519412816.mp3", "metadata.version.essentia": "2.1-beta6-dev", "metadata.version.essentia_git_sha": "v2.1_beta5-1110-g77a6a954", "metadata.version.extractor": "music 2.0", "tonal.chords_key": "C#", "tonal.chords_scale": "major", "tonal.key_edma.key": "G", "tonal.key_edma.scale": "minor", "tonal.key_krumhansl.key": "G", "tonal.key_krumhansl.scale": "minor", "tonal.key_temperley.key": "G", "tonal.key_temperley.scale": "minor", "metadata.tags.encoding": ["Lavf58.45.100"]}, "essentia_models": [{"model_name": "genre_dortmund", "activations": {"alternative": "0.014187257", "blues": "0.002385193", "electronic": "0.007249309", "folkcountry": "0.018395932", "funksoulrnb": "0.021396292", "jazz": "0.0035074798", "pop": "0.007462889", "raphiphop": "0.9786559", "rock": "0.03596251"}}, {"model_name": "genre_rosamerica", "activations": {"classic": "0.00087235076", "dance": "0.0010997177", "hip hop": "0.42889026