{"song_id": "1183708274760097802", "download": "https://cdn.discordapp.com/attachments/1128313332273782784/1183708274760097802/chirp.mp4?ex=6589513c&amp", "lyrics": "Uncle Gump's family lives on a small hill and there's a river at the bottom of the hill which is crossed by a boat not too big with many passengers kittens, puppies, rabbits and a big white goose Uncle Gump sits down and says to them sit quietly and don't make any noise and everyone remembers the rules we agreed on but the boat suddenly capsizes before it reaches the centre of the river.", "style": ["pop</span><span>-punk"], "essentia_features": {"lowlevel.average_loudness": 0.9748503565788269, "lowlevel.barkbands_crest.mean": 17.13776206970215, "lowlevel.barkbands_crest.stdev": 2.656275987625122, "lowlevel.barkbands_flatness_db.mean": 0.37302297353744507, "lowlevel.barkbands_flatness_db.stdev": 0.0935632511973381, "lowlevel.barkbands_kurtosis.mean": 83.10720825195312, "lowlevel.barkbands_kurtosis.stdev": 109.9856185913086, "lowlevel.barkbands_skewness.mean": 5.279374599456787, "lowlevel.barkbands_skewness.stdev": 3.869729518890381, "lowlevel.barkbands_spread.mean": 9.112748146057129, "lowlevel.barkbands_spread.stdev": 18.37936019897461, "lowlevel.dissonance.mean": 0.40056151151657104, "lowlevel.dissonance.stdev": 0.0627424567937851, "lowlevel.dynamic_complexity": 1.5862064361572266, "lowlevel.erbbands_crest.mean": 17.696802139282227, "lowlevel.erbbands_crest.stdev": 6.384822845458984, "lowlevel.erbbands_flatness_db.mean": 0.23884038627147675, "lowlevel.erbbands_flatness_db.stdev": 0.06103014573454857, "lowlevel.erbbands_kurtosis.mean": 20.430795669555664, "lowlevel.erbbands_kurtosis.stdev": 50.96541213989258, "lowlevel.erbbands_skewness.mean": 2.0036020278930664, "lowlevel.erbbands_skewness.stdev": 3.3189966678619385, "lowlevel.erbbands_spread.mean": 42.17583084106445, "lowlevel.erbbands_spread.stdev": 53.83712387084961, "lowlevel.hfc.mean": 28.511947631835938, "lowlevel.hfc.stdev": 47.949859619140625, "lowlevel.loudness_ebu128.integrated": -18.451026916503906, "lowlevel.loudness_ebu128.loudness_range": 1.5849628448486328, "lowlevel.loudness_ebu128.momentary.mean": -18.56525421142578, "lowlevel.loudness_ebu128.momentary.stdev": 1.0163367986679077, "lowlevel.loudness_ebu128.short_term.mean": -18.40620231628418, "lowlevel.loudness_ebu128.short_term.stdev": 0.5495640635490417, "lowlevel.melbands_crest.mean": 29.54770851135254, "lowlevel.melbands_crest.stdev": 3.2451300621032715, "lowlevel.melbands_flatness_db.mean": 0.48658567667007446, "lowlevel.melbands_flatness_db.stdev": 0.10104387998580933, "lowlevel.melbands_kurtosis.mean": 169.7357940673828, "lowlevel.melbands_kurtosis.stdev": 235.70945739746094, "lowlevel.melbands_skewness.mean": 7.280018329620361, "lowlevel.melbands_skewness.stdev": 5.736587047576904, "lowlevel.melbands_spread.mean": 4.929607391357422, "lowlevel.melbands_spread.stdev": 9.065762519836426, "lowlevel.pitch_salience.mean": 0.20049703121185303, "lowlevel.pitch_salience.stdev": 0.11576495319604874, "lowlevel.silence_rate_20dB.mean": 0.9987261295318604, "lowlevel.silence_rate_20dB.stdev": 0.03566870465874672, "lowlevel.silence_rate_30dB.mean": 0.6955413818359375, "lowlevel.silence_rate_30dB.stdev": 0.4601786136627197, "lowlevel.silence_rate_60dB.mean": 0.0025477707386016846, "lowlevel.silence_rate_60dB.stdev": 0.0504111647605896, "lowlevel.spectral_centroid.mean": 398.89569091796875, "lowlevel.spectral_centroid.stdev": 458.75164794921875, "lowlevel.spectral_complexity.mean": 6.182165622711182, "lowlevel.spectral_complexity.stdev": 4.290257453918457, "lowlevel.spectral_decrease.mean": -2.5016442251057924e-08, "lowlevel.spectral_decrease.stdev": 1.507314451032471e-08, "lowlevel.spectral_energy.mean": 0.09700381755828857, "lowlevel.spectral_energy.stdev": 0.05739114433526993, "lowlevel.spectral_energyband_high.mean": 0.0012386086164042354, "lowlevel.spectral_energyband_high.stdev": 0.004536101594567299, "lowlevel.spectral_energyband_low.mean": 0.08654414117336273, "lowlevel.spectral_energyband_low.stdev": 0.05546056479215622, "lowlevel.spectral_energyband_middle_high.mean": 0.003002661745995283, "lowlevel.spectral_energyband_middle_high.stdev": 0.007476944476366043, "lowlevel.spectral_energyband_middle_low.mean": 0.00647926377132535, "lowlevel.spectral_energyband_middle_low.stdev": 0.010146405547857285, "lowlevel.spectral_entropy.mean": 6.064206600189209, "lowlevel.spectral_entropy.stdev": 0.9363713264465332, "lowlevel.spectral_flux.mean": 0.08902641385793686, "lowlevel.spectral_flux.stdev": 0.053587865084409714, "lowlevel.spectral_kurtosis.mean": 14.17677116394043, "lowlevel.spectral_kurtosis.stdev": 13.363286018371582, "lowlevel.spectral_rms.mean": 0.009376376867294312, "lowlevel.spectral_rms.stdev": 0.00259258970618248, "lowlevel.spectral_rolloff.mean": 556.8981323242188, "lowlevel.spectral_rolloff.stdev": 1775.3331298828125, "lowlevel.spectral_skewness.mean": 2.908005952835083, "lowlevel.spectral_skewness.stdev": 1.52861750125885, "lowlevel.spectral_spread.mean": 6016902.0, "lowlevel.spectral_spread.stdev": 5121163.5, "lowlevel.spectral_strongpeak.mean": 1.226862907409668, "lowlevel.spectral_strongpeak.stdev": 0.4536072611808777, "lowlevel.zerocrossingrate.mean": 0.021236812695860863, "lowlevel.zerocrossingrate.stdev": 0.036343466490507126, "metadata.audio_properties.analysis.equal_loudness": 0.0, "metadata.audio_properties.analysis.length": 18.197324752807617, "metadata.audio_properties.analysis.sample_rate": 44100.0, "metadata.audio_properties.analysis.start_time": 0.0, "metadata.audio_properties.bit_rate": 129916.0, "metadata.audio_properties.length": 18.19733238220215, "metadata.audio_properties.lossless": 0.0, "metadata.audio_properties.number_channels": 1.0, "metadata.audio_properties.replay_gain": -4.311779022216797, "metadata.audio_properties.sample_rate": 48000.0, "rhythm.beats_count": 34.0, "rhythm.beats_loudness.mean": 0.13248500227928162, "rhythm.beats_loudness.stdev": 0.07072394341230392, "rhythm.bpm": 111.08326721191406, "rhythm.bpm_histogram_first_peak_bpm": 110.0, "rhythm.bpm_histogram_first_peak_weight": 0.6000000238418579, "rhythm.bpm_histogram_second_peak_bpm": 126.0, "rhythm.bpm_histogram_second_peak_spread": 0.1666666865348816, "rhythm.bpm_histogram_second_peak_weight": 0.1515151560306549, "rhythm.danceability": 1.5021575689315796, "rhythm.onset_rate": 5.37986946105957, "tonal.chords_changes_rate": 0.06870228797197342, "tonal.chords_number_rate": 0.015267175622284412, "tonal.chords_strength.mean": 0.5184180736541748, "tonal.chords_strength.stdev": 0.03530679643154144, "tonal.hpcp_crest.mean": 13.977418899536133, "tonal.hpcp_crest.stdev": 4.475382328033447, "tonal.hpcp_entropy.mean": 1.7872956991195679, "tonal.hpcp_entropy.stdev": 0.5885555148124695, "tonal.key_edma.strength": 0.6188022494316101, "tonal.key_krumhansl.strength": 0.6068279147148132, "tonal.key_temperley.strength": 0.5804599523544312, "tonal.tuning_diatonic_strength": 0.5254814624786377, "tonal.tuning_equal_tempered_deviation": 0.10938137769699097, "tonal.tuning_frequency": 442.80462646484375, "tonal.tuning_nontempered_energy_ratio": 0.6794393062591553, "lowlevel.barkbands.mean": [4.1312694520456716e-05, 0.02441134676337242, 0.06194214150309563, 0.0002594359393697232, 0.0017870772862806916, 0.00031045524519868195, 0.0011552865616977215, 0.0011334919836372137, 0.0015929455403238535, 0.0006365238223224878, 0.0006674996111541986, 0.0008932276396080852, 0.00040139115299098194, 0.00014461837417911738, 0.00012818959658034146, 8.785035606706515e-05, 7.16008580639027e-05, 6.069966184441e-05, 2.8593825845746323e-05, 2.4616640075691976e-05, 9.797299753699917e-06, 1.7993324945564382e-05, 5.855917697772384e-05, 0.0002715923765208572, 0.0006155493902042508, 0.0002499234979040921, 2.309650426468579e-06], "lowlevel.barkbands.stdev": [8.548564073862508e-05, 0.016610894352197647, 0.03911726176738739, 0.0004560851084534079, 0.0026591771747916937, 0.0011097433743998408, 0.0034382317680865526, 0.0052072335965931416, 0.005238554906100035, 0.002312837401404977, 0.0025010115932673216, 0.0034084354992955923, 0.0015522470930591226, 0.0005601749871857464, 0.0005667510558851063, 0.0004056361212860793, 0.00038441832293756306, 0.00020059329108335078, 0.0001368955272482708, 7.71664417698048e-05, 2.9004495445406064e-05, 6.259070505620912e-05, 0.00024117357679642737, 0.001189007074572146, 0.002403136109933257, 0.0011557372054085135, 1.126940333051607e-05], "lowlevel.erbbands.mean": [0.10735998302698135, 8.667526245117188, 73.20030212402344, 19.68231773376465, 4.303230285644531, 6.820458889007568, 3.0389838218688965, 2.730154037475586, 10.259334564208984, 26.190692901611328, 23.81417465209961, 35.08115768432617, 29.051828384399414, 26.738754272460938, 25.686925888061523, 34.2882080078125, 20.399202346801758, 9.61793041229248, 7.626247882843018, 5.550178050994873, 4.6660919189453125, 4.048070430755615, 3.4044370651245117, 2.481674909591675, 1.128049373626709, 1.0786052942276, 0.6186314821243286, 0.34250006079673767, 0.5841922760009766, 1.0701892375946045, 1.8450483083724976, 4.171352386474609, 5.753509521484375, 7.6523823738098145, 3.714233875274658, 1.3139781951904297, 0.41333484649658203, 0.044073060154914856, 0.0009204313391819596, 0.00014859935618005693], "lowlevel.erbbands.stdev": [0.07458213716745377, 5.761737823486328, 46.15693664550781, 13.072415351867676, 4.620306015014648, 12.566634178161621, 11.63071060180664, 7.667829990386963, 24.605030059814453, 92.11756134033203, 100.38587188720703, 97.98601531982422, 127.74837493896484, 91.56620788574219, 89.9305648803711, 142.6265869140625, 76.30694580078125, 27.894014358520508, 33.04813766479492, 22.171812057495117, 22.592100143432617, 19.36812973022461, 11.839946746826172, 10.265925407409668, 4.6847052574157715, 3.2014050483703613, 1.8925974369049072, 1.2177923917770386, 2.1108365058898926, 3.6678011417388916, 7.952638626098633, 18.82906723022461, 24.474014282226562, 29.842823028564453, 16.19363784790039, 6.209033966064453, 1.8198472261428833, 0.18984255194664001, 0.003686274401843548, 0.00018367751908954233], "lowlevel.gfcc.mean": [-81.0101089477539, 109.30475616455078, -22.030105590820312, 30.86771583557129, -28.04616928100586, 32.9112434387207, -22.907573699951172, 22.655834197998047, -30.473581314086914, 1.74190354347229, -18.361995697021484, -13.146446228027344, -20.896947860717773], "lowlevel.melbands.mean": [0.0033866961020976305, 0.026785830035805702, 0.003535258350893855, 0.00042087590554729104, 0.00013684757868759334, 6.309720629360527e-05, 0.0001813194976421073, 0.000285889720544219, 0.00019125803373754025, 0.00023090769536793232, 0.0001395836879964918, 0.00010299393761670217, 8.762611105339602e-05, 0.00010420612670714036, 5.309592597768642e-05, 4.3080555769847706e-05, 1.423129015165614e-05, 1.2718783182208426e-05, 9.328091437055264e-06, 6.526744982693344e-06, 4.9452964958618395e-06, 4.240880116412882e-06, 3.51537255482981e-06, 2.8714168820442865e-06, 1.9742099084396614e-06, 7.768236400806927e-07, 8.249753022937512e-07, 7.067708338581724e-07, 4.7038278694344626e-07, 2.2369333407823433e-07, 1.7635890969813772e-07, 2.8490526915447845e-07, 4.336531844728597e-07, 6.538510319842317e-07, 8.617892603979271e-07, 1.3750628795605735e-06, 3.2543866836931556e-06, 3.773793423533789e-06, 5.70972406421788e-06, 6.5519579948158935e-06], "lowlevel.melbands.stdev": [0.002330831252038479, 0.017060866579413414, 0.0022688647732138634, 0.0006104759522713721, 0.00041843403596431017, 0.00018639017071109265, 0.0004534251638688147, 0.0010326489573344588, 0.0007476946339011192, 0.0007121957023628056, 0.0006397333345375955, 0.0003598277398850769, 0.00031702624983154237, 0.0003896038397215307, 0.00022351648658514023, 0.00018063648894894868, 4.603671914082952e-05, 6.156869494589046e-05, 4.043222725158557e-05, 2.736039095907472e-05, 2.4663477233843878e-05, 2.228409175586421e-05, 1.6275404050247744e-05, 1.0021665730164386e-05, 8.906767106964253e-06, 4.116264335607411e-06, 3.105222731392132e-06, 2.2931697003514273e-06, 1.6953702015598537e-06, 6.886278924866929e-07, 7.22413631137897e-07, 1.1180896990481415e-06, 1.4993877357483143e-06, 2.3167287963588024e-06, 3.7042984786239685e-06, 6.214399036252871e-06, 1.5518116924795322e-05, 1.7676631614449434e-05, 2.3762040655128658e-05, 2.5746601750142872e-05], "lowlevel.melbands128.mean": [2.11571496038232e-05, 3.1942559871822596e-05, 0.0005837929784320295, 0.017244555056095123, 0.04301821067929268, 0.02258199267089367, 0.0029148056637495756, 0.00010669633047655225, 0.0003395227249711752, 0.0005971618229523301, 0.00037194183096289635, 0.00017636388656683266, 9.498374129179865e-05, 4.983260078006424e-05, 3.946270953747444e-05, 8.001593960216269e-05, 0.00011494538193801418, 0.00017398459021933377, 0.0002940477861557156, 0.000333771196892485, 0.00026589291519485414, 0.00020118367683608085, 0.00017790126730687916, 0.00017409729480277747, 0.00023787852842360735, 0.00024753325851634145, 0.00023638235870748758, 0.00011626732884906232, 7.46631994843483e-05, 7.914702291600406e-05, 0.00012360842083580792, 0.0001323835167568177, 7.449412805726752e-05, 5.3561230743071064e-05, 0.00011382361117284745, 0.00012038824934279546, 9.807672904571518e-05, 4.2863663111347705e-05, 2.615865923871752e-05, 5.627415521303192e-05, 5.0548958824947476e-05, 1.8800699763232842e-05, 1.1185161383764353e-05, 1.3131852028891444e-05, 1.5472858649445698e-05, 1.3129472790751606e-05, 8.737138159631286e-06, 1.1760173947550356e-05, 8.282223461719695e-06, 5.145868726685876e-06, 6.448707154049771e-06, 8.157049705914687e-06, 5.147258889337536e-06, 3.2688344617781695e-06, 4.613292276189895e-06, 4.439987151272362e-06, 3.778975724344491e-06, 4.236940640112152e-06, 3.188403525200556e-06, 2.8316690077190287e-06, 2.889090183089138e-06, 2.804362111419323e-06, 2.6509910640015732e-06, 1.6321997691193246e-06, 1.0776238923426718e-06, 6.563380452462297e-07, 5.921371553085919e-07, 9.444670467928518e-07, 8.51132199386484e-07, 7.249453233271197e-07, 6.488307917607017e-07, 7.596374302920594e-07, 7.131555435080372e-07, 3.75956943798883e-07, 2.5434437134208565e-07, 2.0909763520648994e-07, 2.45697975742587e-07, 1.7012472142141633e-07, 1.6147735948379704e-07, 1.6990499318580987e-07, 2.2270225485954143e-07, 3.7082679682498565e-07, 3.7522718798754795e-07, 3.884048567215359e-07, 5.039839265918999e-07, 6.771854259568499e-07, 7.007279236859176e-07, 6.481305945271743e-07, 5.743727911067253e-07, 1.197393089569232e-06, 1.693805984359642e-06, 1.1408650379962637e-06, 1.3552177051678882e-06, 3.0123142096272204e-06, 4.685138264903799e-06, 4.739800260722404e-06, 3.318000153740286e-06, 2.5276663109252695e-06, 5.0885669224953745e-06, 7.690971870033536e-06, 8.143695595208555e-06, 6.087390829634387e-06, 5.306427283358062e-06, 4.249359335517511e-06, 4.517039087659214e-06, 3.741354476005654e-06, 2.9317916414584033e-06, 3.5271311844553566e-06, 2.2484334749606205e-06, 8.873561228028848e-07, 1.4131992429611273e-06, 1.9589797375374474e-06, 1.2643930631384137e-06, 1.0352863455409533e-06, 7.894887517068128e-07, 4.913731572742108e-07, 1.1224656049080295e-07, 5.9416151998448186e-09, 3.28874080746111e-11, 1.6141069383857065e-11, 1.3544428599521208e-11, 9.136240375351434e-12, 8.060069972559702e-12, 7.877108687548429e-12, 7.596269099852115e-12, 7.1961039557755235e-12, 6.96548417902787e-12, 6.900791136438267e-12], "lowlevel.melbands128.stdev": [4.1950945160351694e-05, 6.560877955053002e-05, 0.0006117349839769304, 0.011669524945318699, 0.027157366275787354, 0.014436374418437481, 0.002076794160529971, 0.00017916983051691204, 0.00048745720414444804, 0.0009159972541965544, 0.0008912450284697115, 0.0006821925635449588, 0.0004909895942546427, 0.0003499780723359436, 0.0001491124858148396, 0.00028970884159207344, 0.0003768893948290497, 0.0005433036130852997, 0.0010776964481920004, 0.001477535581216216, 0.0014066246803849936, 0.0013963201781734824, 0.0009098472655750811, 0.0006274189217947423, 0.0008634264813736081, 0.0009720308007672429, 0.001686718431301415, 0.000656924385111779, 0.00031691722688265145, 0.0003815504314843565, 0.0005530357011593878, 0.0006014122627675533, 0.0003890470543410629, 0.00025649298913776875, 0.0005567835178226233, 0.0005107291508466005, 0.0006302959518507123, 0.0002607961359899491, 0.00014370113785844296, 0.000290877214865759, 0.00023661021259613335, 7.977266795933247e-05, 4.8410758608952165e-05, 6.587231473531574e-05, 0.00010591344471322373, 0.00010677739919628948, 4.1711846279213205e-05, 6.209110142663121e-05, 4.9019283324014395e-05, 2.835656596289482e-05, 2.7020125344279222e-05, 5.6635431974427775e-05, 3.8714912079740316e-05, 1.607691046956461e-05, 3.395456587895751e-05, 2.8868080335087143e-05, 2.3119953766581602e-05, 3.169322735629976e-05, 1.2218151823617518e-05, 1.1559714039321989e-05, 1.2758553566527553e-05, 1.1652020475594327e-05, 1.3171087630325928e-05, 8.677237929077819e-06, 1.0891926649492234e-05, 2.5846825337794144e-06, 2.1059447590232594e-06, 4.804948730452452e-06, 3.263714461354539e-06, 2.118549673468806e-06, 2.3624420464329887e-06, 2.858514335457585e-06, 3.707620408022194e-06, 1.2254173498149612e-06, 7.734776090728701e-07, 6.518395139210043e-07, 9.266300935451e-07, 6.644243626396928e-07, 7.78520359290269e-07, 7.704143172304612e-07, 1.035940726978879e-06, 1.5382631772808963e-06, 1.338732204203552e-06, 1.4124833569439943e-06, 1.88186970717652e-06, 2.56596649705898e-06, 2.7311484700476285e-06, 2.7582630082179094e-06, 2.4353651042474667e-06, 5.977748514851555e-06, 8.6926693256828e-06, 5.857694759470178e-06, 7.2774651016516145e-06, 1.4662522517028265e-05, 2.440394200675655e-05, 2.654591662576422e-05, 1.5090983652044088e-05, 1.210891150549287e-05, 2.2814883777755313e-05, 3.444356480031274e-05, 3.3024902222678065e-05, 2.451530599500984e-05, 2.4539860532968305e-05, 1.8791328329825774e-05, 2.2641223040409386e-05, 1.9228031305829063e-05, 1.3785406736133154e-05, 2.02549545065267e-05, 1.2597769455169328e-05, 4.53663869848242e-06, 7.698820809309836e-06, 9.516842510493007e-06, 5.779999810329173e-06, 4.5556671466329135e-06, 3.467165015536011e-06, 2.4923997443693224e-06, 4.7228834887391713e-07, 4.9228610521367955e-08, 4.686324106550899e-10, 1.8468232498847215e-10, 1.3582365787634387e-10, 2.3151735736859358e-11, 9.034203940494479e-12, 8.870966461405061e-12, 8.729373127125406e-12, 8.61648426220274e-12, 8.537539598896249e-12, 8.488553610019878e-12], "lowlevel.mfcc.mean": [-764.1592407226562, 159.21795654296875, 65.67507934570312, 28.297466278076172, 31.14657974243164, 14.60999584197998, 31.92916488647461, 13.575100898742676, 11.964938163757324, 7.542548656463623, 9.602304458618164, 0.5932675004005432, 5.8277411460876465], "lowlevel.spectral_contrast_coeffs.mean": [-0.5228410363197327, -0.7323355078697205, -0.7674940228462219, -0.7977897524833679, -0.8060410022735596, -0.795764684677124], "lowlevel.spectral_contrast_coeffs.stdev": [0.06001017987728119, 0.11052439361810684, 0.1004319041967392, 0.07803386449813843, 0.06096873804926872, 0.05132915452122688], "lowlevel.spectral_contrast_valleys.mean": [-7.214722633361816, -7.9111552238464355, -8.642667770385742, -9.363327026367188, -9.405497550964355, -11.409344673156738], "lowlevel.spectral_contrast_valleys.stdev": [0.5877837538719177, 0.9161673784255981, 1.175477147102356, 1.1845066547393799, 1.0954759120941162, 1.2025243043899536], "rhythm.beats_loudness_band_ratio.mean": [0.8462986350059509, 0.018790066242218018, 0.03895971551537514, 0.04017038643360138, 0.008354635909199715, 0.05137338116765022], "rhythm.beats_loudness_band_ratio.stdev": [0.1489272564649582, 0.02982398122549057, 0.0547153539955616, 0.07676944881677628, 0.018281955271959305, 0.1284714937210083], "tonal.hpcp.mean": [0.008872929029166698, 0.008969861082732677, 0.007858906872570515, 0.013734821230173111, 0.015521482564508915, 0.007792200427502394, 0.005058736074715853, 0.006306367460638285, 0.00482073612511158, 0.003263418097048998, 0.003518402110785246, 0.0049102832563221455, 0.005781117826700211, 0.0045238942839205265, 0.0046906243078410625, 0.005042905453592539, 0.004924680572003126, 0.005072103347629309, 0.0035522251855582, 0.002580913482233882, 0.003324262099340558, 0.004089866764843464, 0.005922536365687847, 0.006715904455631971, 0.004676942713558674, 0.004500440787523985, 0.007030274718999863, 0.0066695380955934525, 0.004034026060253382, 0.006455696187913418, 0.015472243539988995, 0.03522946313023567, 0.4218004047870636, 0.9327897429466248, 0.5687503814697266, 0.0369635708630085], "tonal.hpcp.stdev": [0.04360194131731987, 0.03810744360089302, 0.027674058452248573, 0.06958482414484024, 0.08957572281360626, 0.040949854999780655, 0.02409798465669155, 0.03989967331290245, 0.032103363424539566, 0.014065476134419441, 0.014944029040634632, 0.017796708270907402, 0.026339737698435783, 0.022287745028734207, 0.020318977534770966, 0.024285541847348213, 0.024632304906845093, 0.028831742703914642, 0.013038178905844688, 0.009219549596309662, 0.015194240026175976, 0.015075289644300938, 0.023569948971271515, 0.02966836653649807, 0.026646025478839874, 0.018153086304664612, 0.03991583362221718, 0.054627060890197754, 0.02717391587793827, 0.05719228833913803, 0.09686770290136337, 0.14329536259174347, 0.2879679799079895, 0.19469986855983734, 0.29195329546928406, 0.1262640655040741], "rhythm.beats_position": [0.5804988741874695, 1.1377778053283691, 1.695056676864624, 2.240725517272949, 2.7863945960998535, 3.320453405380249, 3.842902421951294, 4.36535120010376, 4.899410247802734, 5.433469295501709, 5.967528343200684, 6.51319694519043, 7.082086086273193, 7.627755165100098, 8.173423767089844, 8.707483291625977, 9.229931831359863, 9.76399040222168, 10.286439895629883, 10.79727840423584, 11.308117866516113, 11.81895637512207, 12.364625930786133, 12.921904563903809, 13.421133995056152, 13.92036247253418, 14.419591903686523, 14.895600318908691, 15.371609687805176, 15.8243989944458, 16.30040740966797, 16.764806747436523, 17.240816116333008, 17.716825485229492], "rhythm.bpm_histogram": [0.0, 0.0, 0.0, 0.0, 0.0, 0.0, 0.0, 0.0, 0.0, 0.0, 0.0, 0.0, 0.0, 0.0, 0.0, 0.0, 0.0, 0.0, 0.0, 0.0, 0.0, 0.0, 0.0, 0.0, 0.0, 0.0, 0.0, 0.0, 0.0, 0.0, 0.0, 0.0, 0.0, 0.0, 0.0, 0.0, 0.0, 0.0, 0.0, 0.0, 0.0, 0.0, 0.0, 0.0, 0.0, 0.0, 0.0, 0.0, 0.0, 0.0, 0.0, 0.0, 0.0, 0.0, 0.0, 0.0, 0.0, 0.0, 0.0, 0.0, 0.0, 0.0, 0.0, 0.0, 0.0, 0.0, 0.0, 0.0, 0.0, 0.0, 0.0, 0.0, 0.0, 0.0, 0.0, 0.0, 0.0, 0.0, 0.0, 0.0, 0.0, 0.0, 0.0, 0.0, 0.0, 0.0, 0.0, 0.0, 0.0, 0.0, 0.0, 0.0, 0.0, 0.0, 0.0, 0.0, 0.0, 0.0, 0.0, 0.0, 0.0, 0.0, 0.0, 0.0, 0.0, 0.03030303120613098, 0.0, 0.0, 0.09090909361839294, 0.0, 0.1818181872367859, 0.0, 0.1818181872367859, 0.0, 0.0, 0.12121212482452393, 0.0, 0.09090909361839294, 0.0, 0.0, 0.09090909361839294, 0.0, 0.0, 0.0, 0.0, 0.0, 0.1515151560306549, 0.0, 0.0, 0.03030303120613098, 0.0, 0.0, 0.0, 0.03030303120613098, 0.0, 0.0, 0.0, 0.0, 0.0, 0.0, 0.0, 0.0, 0.0, 0.0, 0.0, 0.0, 0.0, 0.0, 0.0, 0.0, 0.0, 0.0, 0.0, 0.0, 0.0, 0.0, 0.0, 0.0, 0.0, 0.0, 0.0, 0.0, 0.0, 0.0, 0.0, 0.0, 0.0, 0.0, 0.0, 0.0, 0.0, 0.0, 0.0, 0.0, 0.0, 0.0, 0.0, 0.0, 0.0, 0.0, 0.0, 0.0, 0.0, 0.0, 0.0, 0.0, 0.0, 0.0, 0.0, 0.0, 0.0, 0.0, 0.0, 0.0, 0.0, 0.0, 0.0, 0.0, 0.0, 0.0, 0.0, 0.0, 0.0, 0.0, 0.0, 0.0, 0.0, 0.0, 0.0, 0.0, 0.0, 0.0, 0.0, 0.0, 0.0, 0.0, 0.0, 0.0, 0.0, 0.0, 0.0, 0.0, 0.0, 0.0, 0.0, 0.0, 0.0, 0.0, 0.0, 0.0, 0.0, 0.0, 0.0, 0.0, 0.0, 0.0, 0.0, 0.0, 0.0, 0.0, 0.0, 0.0, 0.0, 0.0, 0.0, 0.0, 0.0, 0.0, 0.0, 0.0], "tonal.chords_histogram": [25.954198837280273, 5.343511581420898, 8.651399612426758, 0.0, 0.0, 0.0, 0.0, 24.17302703857422, 23.664121627807617, 12.213740348815918, 0.0, 0.0, 0.0, 0.0, 0.0, 0.0, 0.0, 0.0, 0.0, 0.0, 0.0, 0.0, 0.0, 0.0], "tonal.thpcp": [1.0, 0.6097305417060852, 0.03962690383195877, 0.009512249380350113, 0.009616166353225708, 0.00842516403645277, 0.014724455773830414, 0.01663985103368759, 0.008353651501238346, 0.005423232913017273, 0.006760759744793177, 0.005168084520846605, 0.003498557023704052, 0.003771913470700383, 0.005264083854854107, 0.006197664421051741, 0.00484985439106822, 0.005028597544878721, 0.005406261887401342, 0.005279518198221922, 0.005437563173472881, 0.0038081735838204622, 0.0027668760158121586, 0.003563784994184971, 0.004384553525596857, 0.006349272560328245, 0.0071998052299022675, 0.005013930145651102, 0.004824711009860039, 0.007536826655268669, 0.007150098215788603, 0.004324689507484436, 0.006920848041772842, 0.016587063670158386, 0.03776784986257553, 0.45219236612319946], "lowlevel.gfcc.cov": [[5242.63427734375, -339.23736572265625, -1922.9364013671875, -1015.7099609375, -203.13638305664062, -49.2043571472168, -159.484619140625, 670.2153930664062, -111.17832946777344, 298.10003662109375, -279.9393005371094, 15.052273750305176, -182.74465942382812], [-339.23736572265625, 3162.777099609375, -1779.287841796875, -1378.40673828125, 420.5268249511719, -567.8699951171875, 440.4493713378906, -159.1324005126953, -29.626689910888672, -32.80485916137695, 361.8067321777344, -168.96524047851562, 82.43030548095703], [-1922.9364013671875, -1779.287841796875, 2716.56591796875, 1159.658447265625, -476.6180114746094, 387.8923034667969, -297.9096374511719, -209.25241088867188, 90.83203887939453, -62.58372497558594, -70.67745971679688, 83.18814086914062, -35.76105499267578], [-1015.7099609375, -1378.40673828125, 1159.658447265625, 1475.3489990234375, -14.671598434448242, 8.12592601776123, -276.61187744140625, -99.12847900390625, 170.310791015625, -158.02761840820312, -79.50800323486328, 82.55731201171875, 77.69265747070312], [-203.13638305664062, 420.5268249511719, -476.6180114746094, -14.671598434448242, 539.09130859375, -77.6817626953125, 4.630338191986084, -23.274839401245117, -13.225159645080566, -28.6169490814209, 8.121957778930664, -51.587093353271484, 56.70229721069336], [-49.2043571472168, -567.8699951171875, 387.8923034667969, 8.12592601776123, -77.6817626953125, 497.1280212402344, 104.7547836303711, -145.61764526367188, -121.11743927001953, 13.203211784362793, -37.58298110961914, -6.1207146644592285, -40.23402786254883], [-159.484619140625, 440.4493713378906, -297.9096374511719, -276.61187744140625, 4.630338191986084, 104.7547836303711, 391.50946044921875, -78.3961181640625, -147.1602325439453, -62.51101303100586, 71.44774627685547, -14.106690406799316, -5.123085975646973], [670.2153930664062, -159.1324005126953, -209.25241088867188, -99.12847900390625, -23.274839401245117, -145.61764526367188, -78.3961181640625, 341.8467712402344, 31.854127883911133, 25.089508056640625, -90.16267395019531, -7.689758777618408, -19.9488468170166], [-111.17832946777344, -29.626689910888672, 90.83203887939453, 170.310791015625, -13.225159645080566, -121.11743927001953, -147.1602325439453, 31.854127883911133, 213.3062744140625, 14.01068115234375, -34.07766342163086, -23.17737579345703, 0.7875030040740967], [298.10003662109375, -32.80485916137695, -62.58372497558594, -158.02761840820312, -28.6169490814209, 13.203211784362793, -62.51101303100586, 25.089508056640625, 14.01068115234375, 162.12857055664062, -11.325037002563477, -36.77663803100586, -57.703548431396484], [-279.9393005371094, 361.8067321777344, -70.67745971679688, -79.50800323486328, 8.121957778930664, -37.58298110961914, 71.44774627685547, -90.16267395019531, -34.07766342163086, -11.325037002563477, 160.2036590576172, -5.365049362182617, -12.912708282470703], [15.052273750305176, -168.96524047851562, 83.18814086914062, 82.55731201171875, -51.587093353271484, -6.1207146644592285, -14.106690406799316, -7.689758777618408, -23.17737579345703, -36.77663803100586, -5.365049362182617, 126.06175231933594, -1.0759637355804443], [-182.74465942382812, 82.43030548095703, -35.76105499267578, 77.69265747070312, 56.70229721069336, -40.23402786254883, -5.123085975646973, -19.9488468170166, 0.7875030040740967, -57.703548431396484, -12.912708282470703, -1.0759637355804443, 109.49540710449219]], "lowlevel.gfcc.icov": [[0.0007084955577738583, 0.00020339663024060428, 0.0008204068290069699, 7.617835944984108e-05, 0.000693228910677135, -0.0002921867126133293, 0.0008320558699779212, -0.0005029057501815259, 0.0006184197845868766, -5.009047526982613e-05, 0.0006123894127085805, 6.036671038600616e-05, 0.0007661489071324468], [0.00020339663024060428, 0.00569842429831624, 0.00026125909062102437, 0.005390837322920561, -0.002072245115414262, 0.006565474439412355, -0.0027784514240920544, 0.004768361337482929, -0.0031157576013356447, 0.0034126429818570614, -0.0046310462057590485, 0.0035686418414115906, -0.0021560494787991047], [0.0008204068290069699, 0.00026125909062102437, 0.0018781337421387434, -0.0004938044585287571, 0.0015313662588596344, -0.0008766842656768858, 0.0015893777599558234, -0.00024263041268568486, 0.0009052038076333702, 0.00028165042749606073, 0.0006256165797822177, 0.0003694488841574639, 0.0012706598499789834], [7.617835944984108e-05, 0.005390837322920561, -0.0004938044585287571, 0.006640746723860502, -0.002526580123230815, 0.0064740111120045185, -0.0023044650442898273, 0.004904152359813452, -0.0037266917061060667, 0.004454785957932472, -0.0041030338034033775, 0.0029342190828174353, -0.0024120754096657038], [0.000693228910677135, -0.002072245115414262, 0.0015313662588596344, -0.002526580123230815, 0.004346825648099184, -0.0028454128187149763, 0.0027780532836914062, -0.0017651279922574759, 0.002777267247438431, -0.0007330426597036421, 0.002850688062608242, 5.8157864259555936e-05, 0.001452194293960929], [-0.0002921867126133293, 0.006565474439412355, -0.0008766842656768858, 0.0064740111120045185, -0.0028454128187149763, 0.012084477581083775, -0.00450587784871459, 0.008001191541552544, -0.0018289388390257955, 0.004054084420204163, -0.0030509401112794876, 0.005285197403281927, -0.001307621831074357], [0.0008320558699779212, -0.0027784514240920544, 0.0015893777599558234, -0.0023044650442898273, 0.0027780532836914062, -0.00450587784871459, 0.007998622953891754, -0.0021569193340837955, 0.004972561728209257, 0.001572623266838491, 0.0027641537599265575, -0.00015976812574081123, 0.0036389564629644156], [-0.0005029057501815259, 0.004768361337482929, -0.00024263041268568486, 0.004904152359813452, -0.0017651279922574759, 0.008001191541552544, -0.0021569193340837955, 0.009942020289599895, -0.001886737416498363, 0.004245483782142401, -0.0007725076866336167, 0.004287815187126398, -0.00022157817147672176], [0.0006184197845868766, -0.0031157576013356447, 0.0009052038076333702, -0.0037266917061060667, 0.002777267247438431, -0.0018289388390257955, 0.004972561728209257, -0.001886737416498363, 0.011057711206376553, -0.0010720363352447748, 0.005460906773805618, 0.001070061232894659, 0.004106338135898113], [-5.009047526982613e-05, 0.0034126429818570614, 0.00028165042749606073, 0.004454785957932472, -0.0007330426597036421, 0.004054084420204163, 0.001572623266838491, 0.004245483782142401, -0.0010720363352447748, 0.013563975691795349, -0.0015428095357492566, 0.005537273362278938, 0.004023048561066389], [0.0006123894127085805, -0.0046310462057590485, 0.0006256165797822177, -0.0041030338034033775, 0.002850688062608242, -0.0030509401112794876, 0.0027641537599265575, -0.0007725076866336167, 0.005460906773805618, -0.0015428095357492566, 0.014962323941290379, -0.0014842631062492728, 0.005912914406508207], [6.036671038600616e-05, 0.0035686418414115906, 0.0003694488841574639, 0.0029342190828174353, 5.8157864259555936e-05, 0.005285197403281927, -0.00015976812574081123, 0.004287815187126398, 0.001070061232894659, 0.005537273362278938, -0.0014842631062492728, 0.012824800796806812, 0.0009999362519010901], [0.0007661489071324468, -0.0021560494787991047, 0.0012706598499789834, -0.0024120754096657038, 0.001452194293960929, -0.001307621831074357, 0.0036389564629644156, -0.00022157817147672176, 0.004106338135898113, 0.004023048561066389, 0.005912914406508207, 0.0009999362519010901, 0.015856198966503143]], "lowlevel.mfcc.cov": [[6164.39013671875, 286.3934020996094, -2410.242919921875, -862.7797241210938, -447.31109619140625, -719.4612426757812, -44.868690490722656, -63.84213638305664, 167.89566040039062, 153.86300659179688, 187.61441040039062, -119.98467254638672, 58.31468200683594], [286.3934020996094, 3754.350341796875, -2262.8662109375, -772.55908203125, -647.6410522460938, -389.5291748046875, 297.9867248535156, -187.35032653808594, -212.2083282470703, -72.4453125, 221.03860473632812, -34.57036209106445, 164.0193634033203], [-2410.242919921875, -2262.8662109375, 3177.846923828125, 467.7580261230469, 323.6484680175781, 435.5746154785156, -240.9380340576172, 61.835655212402344, -21.709251403808594, -4.3778395652771, -158.61619567871094, 95.19954681396484, -118.8418960571289], [-862.7797241210938, -772.55908203125, 467.7580261230469, 941.8135986328125, 386.2146911621094, -36.6038703918457, -217.3074951171875, 57.520572662353516, 59.30930709838867, -71.71700286865234, -94.83819580078125, 51.173519134521484, -1.2961171865463257], [-447.31109619140625, -647.6410522460938, 323.6484680175781, 386.2146911621094, 593.1907958984375, 46.86515808105469, -195.01638793945312, -44.36429214477539, 79.83258819580078, 33.805355072021484, -39.19219970703125, -18.735464096069336, 6.302421569824219], [-719.4612426757812, -389.5291748046875, 435.5746154785156, -36.6038703918457, 46.86515808105469, 571.6817016601562, 133.0833740234375, 16.0810546875, -81.9788818359375, -1.2070684432983398, -72.81586456298828, -16.624343872070312, -62.232337951660156], [-44.868690490722656, 297.9867248535156, -240.9380340576172, -217.3074951171875, -195.01638793945312, 133.0833740234375, 412.49853515625, 69.97306823730469, -60.593746185302734, -42.20024490356445, 0.5995296835899353, -23.27811050415039, -19.7235164642334], [-63.84213638305664, -187.35032653808594, 61.835655212402344, 57.520572662353516, -44.36429214477539, 16.0810546875, 69.97306823730469, 214.9188232421875, 17.820594787597656, -41.21217727661133, -62.9172477722168, 19.103078842163086, -41.28720474243164], [167.89566040039062, -212.2083282470703, -21.709251403808594, 59.30930709838867, 79.83258819580078, -81.9788818359375, -60.593746185302734, 17.820594787597656, 201.6630096435547, 31.814258575439453, -21.41370391845703, -40.05706024169922, -1.9187021255493164], [153.86300659179688, -72.4453125, -4.3778395652771, -71.71700286865234, 33.805355072021484, -1.2070684432983398, -42.20024490356445, -41.21217727661133, 31.814258575439453, 191.425537109375, 35.040245056152344, -39.23187255859375, -31.169870376586914], [187.61441040039062, 221.03860473632812, -158.61619567871094, -94.83819580078125, -39.19219970703125, -72.81586456298828, 0.5995296835899353, -62.9172477722168, -21.41370391845703, 35.040245056152344, 184.3003692626953, 1.2263299226760864, 7.496551990509033], [-119.98467254638672, -34.57036209106445, 95.19954681396484, 51.173519134521484, -18.735464096069336, -16.624343872070312, -23.27811050415039, 19.103078842163086, -40.05706024169922, -39.23187255859375, 1.2263299226760864, 151.64419555664062, 17.259225845336914], [58.31468200683594, 164.0193634033203, -118.8418960571289, -1.2961171865463257, 6.302421569824219, -62.232337951660156, -19.7235164642334, -41.28720474243164, -1.9187021255493164, -31.169870376586914, 7.496551990509033, 17.259225845336914, 147.4167022705078]], "lowlevel.mfcc.icov": [[0.0006165818776935339, 0.0006804689764976501, 0.0007436044397763908, 0.0006401827558875084, 0.0004391259280964732, 0.0006265717092901468, 0.00036587665090337396, 0.0002778203343041241, 0.0002860073000192642, 7.969470607349649e-05, -2.202444193244446e-05, 0.00020348727412056178, -2.5550543796271086e-05], [0.0006804689764976501, 0.0014434840995818377, 0.001197913778014481, 0.0008856526692397892, 0.0008184245671145618, 0.0009187039686366916, 0.0003354218206368387, 0.0007591114845126867, 0.0009015570976771414, 0.0003543371567502618, -9.726172720547765e-05, 0.00033203745260834694, -0.00023867853451520205], [0.0007436044397763908, 0.001197913778014481, 0.0015350477769970894, 0.0007573605398647487, 0.0006676925695501268, 0.0005156454863026738, 0.0007036779425106943, 0.0005101700662635267, 0.0006782909040339291, 0.00022514293959829956, 6.674603355349973e-05, 5.156158658792265e-05, 9.034651884576306e-05], [0.0006401827558875084, 0.0008856526692397892, 0.0007573605398647487, 0.0025237479712814093, -0.0005164143512956798, 0.0009687423589639366, 0.000824633170850575, -0.00011997359979432076, 0.0004741141456179321, 0.0008897159132175148, 0.00034880501334555447, -9.214629244524986e-05, 8.921378321247175e-05], [0.0004391259280964732, 0.0008184245671145618, 0.0006676925695501268, -0.0005164143512956798, 0.0033400242682546377, -2.5095125238294713e-05, 0.0009420612477697432, 0.000988577026873827, -0.00025736153475008905, -0.00028148648561909795, -4.778175207320601e-05, 0.000628202105872333, -0.00043503791675902903], [0.0006265717092901468, 0.0009187039686366916, 0.0005156454863026738, 0.0009687423589639366, -2.5095125238294713e-05, 0.00341235869564116, -0.0007436660816892982, 0.0007959756767377257, 0.0015294392360374331, 3.702108369907364e-05, 0.0009608654072508216, 0.0005447500734589994, 0.00063431600574404], [0.00036587665090337396, 0.0003354218206368387, 0.0007036779425106943, 0.000824633170850575, 0.0009420612477697432, -0.0007436660816892982, 0.004167677368968725, -0.0011964746518060565, 0.0005665502394549549, 0.0007907880935817957, -0.0003511402173899114, 0.0008260001195594668, 2.0624642274924554e-05], [0.0002778203343041241, 0.0007591114845126867, 0.0005101700662635267, -0.00011997359979432076, 0.000988577026873827, 0.0007959756767377257, -0.0011964746518060565, 0.006976856384426355, -0.0004983464605174959, 0.0009688778663985431, 0.0017867936985567212, -0.0008345274836756289, 0.0017486310098320246], [0.0002860073000192642, 0.0009015570976771414, 0.0006782909040339291, 0.0004741141456179321, -0.00025736153475008905, 0.0015294392360374331, 0.0005665502394549549, -0.0004983464605174959, 0.007086600176990032, -0.0006009030621498823, 0.0007688592886552215, 0.0018721026135608554, -0.0002654623531270772], [7.969470607349649e-05, 0.0003543371567502618, 0.00022514293959829956, 0.0008897159132175148, -0.00028148648561909795, 3.702108369907364e-05, 0.0007907880935817957, 0.0009688778663985431, -0.0006009030621498823, 0.0068261995911598206, -0.0010086274705827236, 0.0011127489851787686, 0.001524903578683734], [-2.202444193244446e-05, -9.726172720547765e-05, 6.674603355349973e-05, 0.00034880501334555447, -4.778175207320601e-05, 0.0009608654072508216, -0.0003511402173899114, 0.0017867936985567212, 0.0007688592886552215, -0.0010086274705827236, 0.007045418955385685, -0.0005548578919842839, 0.0005383514799177647], [0.00020348727412056178, 0.00033203745260834694, 5.156158658792265e-05, -9.214629244524986e-05, 0.000628202105872333, 0.0005447500734589994, 0.0008260001195594668, -0.0008345274836756289, 0.0018721026135608554, 0.0011127489851787686, -0.0005548578919842839, 0.00809857714921236, -0.0009895747061818838], [-2.5550543796271086e-05, -0.00023867853451520205, 9.034651884576306e-05, 8.921378321247175e-05, -0.00043503791675902903, 0.00063431600574404, 2.0624642274924554e-05, 0.0017486310098320246, -0.0002654623531270772, 0.001524903578683734, 0.0005383514799177647, -0.0009895747061818838, 0.008319106884300709]], "metadata.audio_properties.analysis.downmix": "mix", "metadata.audio_properties.codec": "mp3", "metadata.audio_properties.md5_encoded": "05fde65ee36d3b299a015379938b5774", "metadata.tags.file_name": "1183708274760097802.mp3", "metadata.version.essentia": "2.1-beta6-dev", "metadata.version.essentia_git_sha": "v2.1_beta5-1110-g77a6a954", "metadata.version.extractor": "music 2.0", "tonal.chords_key": "C#", "tonal.chords_scale": "minor", "tonal.key_edma.key": "C#", "tonal.key_edma.scale": "minor", "tonal.key_krumhansl.key": "C#", "tonal.key_krumhansl.scale": "minor", "tonal.key_temperley.key": "C#", "tonal.key_temperley.scale": "minor", "metadata.tags.encoding": ["Lavf58.45.100"]}, "essentia_models": [{"model_name": "genre_dortmund", "activations": {"alternative": "0.036933728", "blues": "0.0074244947", "electronic": "0.04745325", "folkcountry": "0.022449048", "funksoulrnb": "0.03245874", "jazz": "0.07442651", "pop": "0.04882088", "raphiphop": "0