{"song_id": "1183712465767383050", "download": "https://cdn.discordapp.com/attachments/1135903449314238464/1183712465767383050/chirp.mp4?ex=65895524&amp", "lyrics": "[Verse]\nI'm craving something unique and bold\nA melody for my taste buds to behold\nSpices dancing on my tongue, so vibrant\nFood adventure, let my senses ignite\n\n[Chorus]\nOh, give me flavors that I've never known\nSavor each bite, make my heart and soul glow\nFood's the rhythm that runs through my veins\nWith every dish, satisfaction remains", "style": ["hip hop and pop"], "essentia_features": {"lowlevel.average_loudness": 0.9838619828224182, "lowlevel.barkbands_crest.mean": 13.089728355407715, "lowlevel.barkbands_crest.stdev": 5.016401767730713, "lowlevel.barkbands_flatness_db.mean": 0.12514634430408478, "lowlevel.barkbands_flatness_db.stdev": 0.04487444460391998, "lowlevel.barkbands_kurtosis.mean": 6.320254802703857, "lowlevel.barkbands_kurtosis.stdev": 11.817400932312012, "lowlevel.barkbands_skewness.mean": 2.125941753387451, "lowlevel.barkbands_skewness.stdev": 1.42055344581604, "lowlevel.barkbands_spread.mean": 25.484987258911133, "lowlevel.barkbands_spread.stdev": 13.779391288757324, "lowlevel.dissonance.mean": 0.47326982021331787, "lowlevel.dissonance.stdev": 0.01909773238003254, "lowlevel.dynamic_complexity": 0.8285688757896423, "lowlevel.erbbands_crest.mean": 7.83212947845459, "lowlevel.erbbands_crest.stdev": 3.7257587909698486, "lowlevel.erbbands_flatness_db.mean": 0.12003535032272339, "lowlevel.erbbands_flatness_db.stdev": 0.024677325040102005, "lowlevel.erbbands_kurtosis.mean": -0.17214199900627136, "lowlevel.erbbands_kurtosis.stdev": 0.9812167286872864, "lowlevel.erbbands_skewness.mean": 0.04435699060559273, "lowlevel.erbbands_skewness.stdev": 0.5981651544570923, "lowlevel.erbbands_spread.mean": 51.20238494873047, "lowlevel.erbbands_spread.stdev": 18.54720115661621, "lowlevel.hfc.mean": 33.50099182128906, "lowlevel.hfc.stdev": 17.624473571777344, "lowlevel.loudness_ebu128.integrated": -12.325071334838867, "lowlevel.loudness_ebu128.loudness_range": 0.7371721267700195, "lowlevel.loudness_ebu128.momentary.mean": -12.348980903625488, "lowlevel.loudness_ebu128.momentary.stdev": 0.45906490087509155, "lowlevel.loudness_ebu128.short_term.mean": -12.314568519592285, "lowlevel.loudness_ebu128.short_term.stdev": 0.22686399519443512, "lowlevel.melbands_crest.mean": 18.78324317932129, "lowlevel.melbands_crest.stdev": 5.780397415161133, "lowlevel.melbands_flatness_db.mean": 0.20075593888759613, "lowlevel.melbands_flatness_db.stdev": 0.05958634987473488, "lowlevel.melbands_kurtosis.mean": 25.75517463684082, "lowlevel.melbands_kurtosis.stdev": 34.649417877197266, "lowlevel.melbands_skewness.mean": 3.959015369415283, "lowlevel.melbands_skewness.stdev": 2.240330219268799, "lowlevel.melbands_spread.mean": 20.452207565307617, "lowlevel.melbands_spread.stdev": 15.737493515014648, "lowlevel.pitch_salience.mean": 0.44573381543159485, "lowlevel.pitch_salience.stdev": 0.13214965164661407, "lowlevel.silence_rate_20dB.mean": 1.0, "lowlevel.silence_rate_20dB.stdev": 0.0, "lowlevel.silence_rate_30dB.mean": 0.8881535530090332, "lowlevel.silence_rate_30dB.stdev": 0.315179705619812, "lowlevel.silence_rate_60dB.mean": 0.0006618133629672229, "lowlevel.silence_rate_60dB.stdev": 0.025717219337821007, "lowlevel.spectral_centroid.mean": 1536.175048828125, "lowlevel.spectral_centroid.stdev": 525.58544921875, "lowlevel.spectral_complexity.mean": 26.717405319213867, "lowlevel.spectral_complexity.stdev": 7.151312828063965, "lowlevel.spectral_decrease.mean": -1.535054572343597e-08, "lowlevel.spectral_decrease.stdev": 9.531471611978759e-09, "lowlevel.spectral_energy.mean": 0.060975197702646255, "lowlevel.spectral_energy.stdev": 0.03592683747410774, "lowlevel.spectral_energyband_high.mean": 0.001977737294510007, "lowlevel.spectral_energyband_high.stdev": 0.0022029962856322527, "lowlevel.spectral_energyband_low.mean": 0.03838764503598213, "lowlevel.spectral_energyband_low.stdev": 0.03888346999883652, "lowlevel.spectral_energyband_middle_high.mean": 0.006850834004580975, "lowlevel.spectral_energyband_middle_high.stdev": 0.0041399807669222355, "lowlevel.spectral_energyband_middle_low.mean": 0.01468499656766653, "lowlevel.spectral_energyband_middle_low.stdev": 0.01522973645478487, "lowlevel.spectral_entropy.mean": 7.915482521057129, "lowlevel.spectral_entropy.stdev": 0.24689750373363495, "lowlevel.spectral_flux.mean": 0.1256321370601654, "lowlevel.spectral_flux.stdev": 0.0701320469379425, "lowlevel.spectral_kurtosis.mean": 2.557692527770996, "lowlevel.spectral_kurtosis.stdev": 1.424683690071106, "lowlevel.spectral_rms.mean": 0.007448171265423298, "lowlevel.spectral_rms.stdev": 0.0020031931344419718, "lowlevel.spectral_rolloff.mean": 1219.968994140625, "lowlevel.spectral_rolloff.stdev": 1461.5433349609375, "lowlevel.spectral_skewness.mean": 1.2128186225891113, "lowlevel.spectral_skewness.stdev": 0.27875667810440063, "lowlevel.spectral_spread.mean": 5333959.0, "lowlevel.spectral_spread.stdev": 1249592.5, "lowlevel.spectral_strongpeak.mean": 0.8435736298561096, "lowlevel.spectral_strongpeak.stdev": 0.752707839012146, "lowlevel.zerocrossingrate.mean": 0.057292744517326355, "lowlevel.zerocrossingrate.stdev": 0.03468223288655281, "metadata.audio_properties.analysis.equal_loudness": 0.0, "metadata.audio_properties.analysis.length": 35.0506591796875, "metadata.audio_properties.analysis.sample_rate": 44100.0, "metadata.audio_properties.analysis.start_time": 0.0, "metadata.audio_properties.bit_rate": 124585.0, "metadata.audio_properties.length": 35.05066680908203, "metadata.audio_properties.lossless": 0.0, "metadata.audio_properties.number_channels": 1.0, "metadata.audio_properties.replay_gain": -12.208673477172852, "metadata.audio_properties.sample_rate": 48000.0, "rhythm.beats_count": 64.0, "rhythm.beats_loudness.mean": 0.07017024606466293, "rhythm.beats_loudness.stdev": 0.034560490399599075, "rhythm.bpm": 110.98912811279297, "rhythm.bpm_histogram_first_peak_bpm": 112.0, "rhythm.bpm_histogram_first_peak_weight": 0.4920634627342224, "rhythm.bpm_histogram_second_peak_bpm": 0.0, "rhythm.bpm_histogram_second_peak_spread": 0.0, "rhythm.bpm_histogram_second_peak_weight": 0.0, "rhythm.danceability": 1.8328185081481934, "rhythm.onset_rate": 3.9060559272766113, "tonal.chords_changes_rate": 0.0515873022377491, "tonal.chords_number_rate": 0.006613756529986858, "tonal.chords_strength.mean": 0.6035993099212646, "tonal.chords_strength.stdev": 0.10585132986307144, "tonal.hpcp_crest.mean": 14.006949424743652, "tonal.hpcp_crest.stdev": 6.005411148071289, "tonal.hpcp_entropy.mean": 1.9055207967758179, "tonal.hpcp_entropy.stdev": 0.7258864641189575, "tonal.key_edma.strength": 0.8079562783241272, "tonal.key_krumhansl.strength": 0.8178727030754089, "tonal.key_temperley.strength": 0.8234473466873169, "tonal.tuning_diatonic_strength": 0.7305012941360474, "tonal.tuning_equal_tempered_deviation": 0.06261646747589111, "tonal.tuning_frequency": 439.74591064453125, "tonal.tuning_nontempered_energy_ratio": 0.7189451456069946, "lowlevel.barkbands.mean": [0.00089504529023543, 0.02712441422045231, 0.009545089676976204, 0.002252717036753893, 0.005821427330374718, 0.0016054200241342187, 0.0009922515600919724, 0.0019286443712189794, 0.0019231033511459827, 0.0011913650669157505, 0.0006925698253326118, 0.0009753897902555764, 0.0006342018023133278, 0.000553456018678844, 0.0007061951328068972, 0.0005359498900361359, 0.0004270401841495186, 0.0005114235100336373, 0.00042965527973137796, 0.00044374301796779037, 0.0003262245445512235, 0.0005263664643280208, 0.0003660090151242912, 0.0002961744903586805, 0.00019924456137232482, 6.953250704100356e-05, 2.5201434254995547e-06], "lowlevel.barkbands.stdev": [0.0014286328805610538, 0.03479974344372749, 0.011354689486324787, 0.0030984918121248484, 0.01195483934134245, 0.0029062642715871334, 0.0019859063904732466, 0.0034543646033853292, 0.0035529022570699453, 0.0023941732943058014, 0.0009675920591689646, 0.0015486899064853787, 0.0010959698120132089, 0.001100498135201633, 0.0011824716348201036, 0.0010198937961831689, 0.0004430237750057131, 0.0003977330052293837, 0.00034390646032989025, 0.0004170669708400965, 0.00036132620880380273, 0.000577689497731626, 0.0004735185648314655, 0.0005833529867231846, 0.00044315721606835723, 0.000152285530930385, 3.898680915881414e-06], "lowlevel.erbbands.mean": [0.6841071844100952, 6.360456466674805, 12.759041786193848, 8.319953918457031, 18.290679931640625, 14.488991737365723, 13.148775100708008, 15.967138290405273, 15.701936721801758, 20.808740615844727, 42.88241958618164, 45.93824005126953, 37.47438049316406, 29.558303833007812, 38.90095138549805, 31.5907039642334, 29.291383743286133, 23.99717903137207, 41.034812927246094, 33.45566940307617, 26.341320037841797, 27.383975982666016, 27.606613159179688, 23.861257553100586, 22.276378631591797, 20.617746353149414, 13.916245460510254, 14.061321258544922, 19.891685485839844, 14.054768562316895, 9.649812698364258, 6.777946949005127, 4.638800621032715, 2.728177547454834, 1.1339231729507446, 0.4459022581577301, 0.09537436813116074, 0.011242537759244442, 0.00039455792284570634, 8.507458551321179e-05], "lowlevel.erbbands.stdev": [1.09395170211792, 7.964584827423096, 14.209187507629395, 8.776424407958984, 41.438941955566406, 30.036954879760742, 23.47714614868164, 32.63642120361328, 32.496299743652344, 31.62478256225586, 68.02873229980469, 89.84510803222656, 62.00621032714844, 47.878379821777344, 49.099609375, 44.04057693481445, 46.34317398071289, 36.794029235839844, 70.612060546875, 51.843807220458984, 37.99629592895508, 28.96218490600586, 22.74918556213379, 17.221412658691406, 19.454641342163086, 18.08242416381836, 14.993030548095703, 15.881266593933105, 22.1406192779541, 16.687868118286133, 12.459748268127441, 12.18870735168457, 9.796314239501953, 6.049888610839844, 2.6184682846069336, 1.0792595148086548, 0.1745920330286026, 0.015630261972546577, 0.0005819826619699597, 4.389659079606645e-05], "lowlevel.gfcc.mean": [61.71346664428711, 74.5526351928711, -107.47572326660156, 47.6300048828125, -53.781429290771484, 28.81340217590332, -28.44118881225586, 17.37032127380371, -22.14579200744629, 3.1284852027893066, -19.561391830444336, 2.09525203704834, -15.16976261138916], "lowlevel.melbands.mean": [0.006967805791646242, 0.00710659846663475, 0.0017749231774359941, 0.001291129388846457, 0.0004793067928403616, 0.00033928395714610815, 0.00022135820472612977, 0.0002935279335360974, 0.0003331822226755321, 0.0002916917728725821, 0.00019034321303479373, 0.00013127147394698113, 0.00010533643944654614, 0.0001342901960015297, 4.404296487336978e-05, 7.431558333337307e-05, 4.007466122857295e-05, 6.884673348395154e-05, 4.8974703531712294e-05, 4.49527615273837e-05, 2.5607459974708036e-05, 2.916002631536685e-05, 2.5047664166777395e-05, 2.237000626337249e-05, 1.9192368199583143e-05, 1.5007103684183676e-05, 1.76513240148779e-05, 1.2661190339713357e-05, 8.709062058187556e-06, 7.780564374115784e-06, 8.27092935651308e-06, 1.2002778021269478e-05, 9.20782440516632e-06, 7.43298096494982e-06, 5.796023287985008e-06, 4.540743702818872e-06, 4.034417997900164e-06, 3.417664856897318e-06, 2.673441485967487e-06, 2.169000708818203e-06], "lowlevel.melbands.stdev": [0.009680557064712048, 0.0072988951578736305, 0.001985969254747033, 0.002904450986534357, 0.0008567231707274914, 0.0006482292083092034, 0.0004527125274762511, 0.0005030766478739679, 0.0005211826064623892, 0.0006013169186189771, 0.0003347482706885785, 0.00023405348474625498, 0.00012917458661831915, 0.00021190044935792685, 6.2443214119412e-05, 0.00014052072947379202, 7.32301123207435e-05, 0.00012964608322363347, 8.348853589268401e-05, 9.456939733354375e-05, 3.3435684599680826e-05, 3.6463505239225924e-05, 2.082410173898097e-05, 1.7783966541173868e-05, 1.4892607396177482e-05, 1.3460123227559961e-05, 1.6920705093070865e-05, 1.2932461686432362e-05, 1.0563316209299956e-05, 8.703802450327203e-06, 9.900657460093498e-06, 1.406064438924659e-05, 1.0493509762454778e-05, 9.617358045943547e-06, 7.379314865829656e-06, 7.2862449087551795e-06, 7.915590686025098e-06, 7.38165090297116e-06, 5.7306315284222364e-06, 5.029667590861209e-06], "lowlevel.melbands128.mean": [0.0006327284500002861, 0.004578222520649433, 0.010117498226463795, 0.010706532746553421, 0.007977773435413837, 0.003877769224345684, 0.001484058448113501, 0.00115001923404634, 0.0021661091595888138, 0.0015414041699841619, 0.0005533790099434555, 0.0005883662961423397, 0.0004598924715537578, 0.0003061436000280082, 0.0004555105697363615, 0.00024540239246562123, 0.0002745995589066297, 0.00023357989266514778, 0.00014207368076313287, 0.00013358645082917064, 0.0004662226128857583, 0.0005243192426860332, 0.0002480848925188184, 0.00025477330200374126, 0.0002806523407343775, 0.0003795056836679578, 0.00012546160724014044, 0.00012720617814920843, 0.00032202363945543766, 0.0001333725085714832, 8.462108962703496e-05, 7.113299943739548e-05, 7.096620538504794e-05, 0.00015226163668558002, 0.00020578980911523104, 0.00011003170220647007, 4.893092773272656e-05, 4.456898386706598e-05, 2.8623429898289032e-05, 7.923665543785319e-05, 0.00010245555313304067, 3.490667586447671e-05, 2.8193588150315918e-05, 3.5857079637935385e-05, 8.700349280843511e-05, 7.424069190165028e-05, 5.52110250282567e-05, 4.9315534852212295e-05, 5.259483805275522e-05, 2.903831409639679e-05, 5.811086521134712e-05, 4.176301808911376e-05, 2.7164118364453316e-05, 1.76179273694288e-05, 2.070126538455952e-05, 4.1367311496287584e-05, 2.4467712137266062e-05, 1.7690912500256673e-05, 3.078744703088887e-05, 2.87206767097814e-05, 1.840362892835401e-05, 2.0518811652436852e-05, 2.271496305183973e-05, 1.770890230545774e-05, 1.6030386177590117e-05, 1.3117343769408762e-05, 1.6047339158831164e-05, 1.6559930372750387e-05, 1.966844683920499e-05, 1.7671141904429533e-05, 1.0792985449370462e-05, 1.2334983694017865e-05, 8.919654646888375e-06, 8.201020136766601e-06, 7.864404324209318e-06, 8.275633263110649e-06, 7.474352969438769e-06, 7.05234742781613e-06, 7.69759662944125e-06, 9.894889444694854e-06, 1.3007735105929896e-05, 1.250970581168076e-05, 1.0823626325873192e-05, 9.127900739258621e-06, 7.547349468950415e-06, 7.403756171697751e-06, 7.617405572091229e-06, 7.154159902711399e-06, 5.656456323777093e-06, 4.871968030784046e-06, 4.734899903269252e-06, 4.629734121408546e-06, 3.857300271192798e-06, 4.0084246393234935e-06, 4.262690708856098e-06, 3.6063916013517883e-06, 3.3157232337543974e-06, 2.9741456728515914e-06, 2.6131895083381096e-06, 2.517541133784107e-06, 2.602834911158425e-06, 2.0231948383298004e-06, 1.8585269572213292e-06, 1.4263625871535623e-06, 1.1934283747905283e-06, 1.0599537745292764e-06, 9.806851721805288e-07, 9.905432989398832e-07, 7.578983627354319e-07, 6.181626872603374e-07, 4.981690153726959e-07, 3.37600340571953e-07, 2.74888265039408e-07, 1.8192258721683174e-07, 1.2880829558525875e-07, 1.0607297440401453e-07, 6.582600775573155e-08, 3.882925625475764e-08, 6.942648678176511e-09, 1.5629271210571005e-09, 5.950564485601717e-10, 2.4154103717144437e-10, 1.0084010883260053e-11, 9.116284116483797e-12, 8.58995773816984e-12, 8.039246351954077e-12, 7.65425223203664e-12, 7.518071235002033e-12], "lowlevel.melbands128.stdev": [0.0013037982862442732, 0.008681373670697212, 0.015719231218099594, 0.013535698875784874, 0.009150337427854538, 0.004542619921267033, 0.0019499091431498528, 0.0018493523821234703, 0.005293386988341808, 0.004023641813546419, 0.001356423832476139, 0.0013755044201388955, 0.000979215488769114, 0.00062752072699368, 0.0011465601855888963, 0.0005686896038241684, 0.0006577748572453856, 0.0006532942061312497, 0.0003432238008826971, 0.0002732287102844566, 0.0009565921500325203, 0.0011633072281256318, 0.000573381723370403, 0.0006943254265934229, 0.0007407375378534198, 0.0009285935666412115, 0.0005742688081227243, 0.0002458601666148752, 0.0007791317766532302, 0.0003513769479468465, 0.0002117930125677958, 0.0001453205186408013, 0.00011868177534779534, 0.00027935823891311884, 0.0004431427805684507, 0.00021621295309159905, 0.00011199928121641278, 8.280231122625992e-05, 6.808441685279831e-05, 0.0001543046091683209, 0.00022460355830844492, 0.0001071715887519531, 8.861480455379933e-05, 8.905977301765233e-05, 0.00023323451750911772, 0.0001820746692828834, 0.00014442896645050496, 0.0001236733078258112, 0.00013654233771376312, 7.057996845105663e-05, 0.0001817674346966669, 0.0001038562913890928, 5.571029760176316e-05, 1.953130959009286e-05, 2.8160897272755392e-05, 7.12157561792992e-05, 3.148632458760403e-05, 1.8483808162272908e-05, 3.528518936946057e-05, 3.912207102985121e-05, 2.0396044419612736e-05, 2.1594738427666016e-05, 2.3929642338771373e-05, 1.748150316416286e-05, 1.920535032695625e-05, 1.4606169315811712e-05, 2.263749593112152e-05, 2.224235504399985e-05, 2.3977392629603855e-05, 1.956191954377573e-05, 1.1864439329656307e-05, 2.41764555539703e-05, 1.3797073734167498e-05, 1.1758225809899159e-05, 1.019435057969531e-05, 9.816028978093527e-06, 9.883223356155213e-06, 9.559712452755775e-06, 9.819447768677492e-06, 1.378403976559639e-05, 1.8018861737800762e-05, 1.5611845810781233e-05, 1.3656584087584633e-05, 1.1505065231176559e-05, 9.718426554172765e-06, 1.066195090970723e-05, 1.1216459824936464e-05, 1.0423214916954748e-05, 7.329963864322053e-06, 7.080533578118775e-06, 7.586336323583964e-06, 8.282929229608271e-06, 7.475270649592858e-06, 8.657019861857407e-06, 9.14663996809395e-06, 7.899229785834905e-06, 7.78197318140883e-06, 7.031901532172924e-06, 5.667903678840958e-06, 5.746454917243682e-06, 6.048003797332058e-06, 5.142051122675184e-06, 4.586811428453075e-06, 3.409408463994623e-06, 3.1569127258990193e-06, 2.4822195427987026e-06, 2.333553766220575e-06, 2.888678181989235e-06, 1.993096020669327e-06, 1.5365066019512597e-06, 1.0781802757264813e-06, 6.47487922833534e-07, 5.339865083442419e-07, 2.978971167522104e-07, 1.7200288482399628e-07, 1.5823120236291288e-07, 9.285490421007125e-08, 7.169359150793753e-08, 1.7442086885921526e-08, 1.8837463144905087e-08, 7.442115812494876e-09, 6.388177098415326e-09, 4.046302182203476e-11, 2.999394829727997e-11, 2.3766521736745538e-11, 1.6101477789964846e-11, 1.164519695950883e-11, 1.0563270744223807e-11], "lowlevel.mfcc.mean": [-580.9236450195312, 99.39828491210938, 9.643741607666016, 27.253042221069336, 6.480319499969482, 14.605169296264648, 7.691788196563721, 15.797760009765625, 5.884698390960693, 5.594839096069336, 4.109004497528076, -1.0477075576782227, 0.6110382676124573], "lowlevel.spectral_contrast_coeffs.mean": [-0.6884713172912598, -0.7451044917106628, -0.7676947712898254, -0.7947693467140198, -0.7959355711936951, -0.7389832735061646], "lowlevel.spectral_contrast_coeffs.stdev": [0.07227015495300293, 0.07384458184242249, 0.06034465879201889, 0.05004977434873581, 0.031937237828969955, 0.037064772099256516], "lowlevel.spectral_contrast_valleys.mean": [-6.2226786613464355, -6.5235700607299805, -6.831867218017578, -7.09699821472168, -6.829049110412598, -9.393790245056152], "lowlevel.spectral_contrast_valleys.stdev": [0.507209837436676, 0.4499008357524872, 0.3691016137599945, 0.310060977935791, 0.3361719250679016, 0.6176603436470032], "rhythm.beats_loudness_band_ratio.mean": [0.7118324041366577, 0.25035935640335083, 0.07754034548997879, 0.05246514827013016, 0.04363786429166794, 0.037775833159685135], "rhythm.beats_loudness_band_ratio.stdev": [0.17322297394275665, 0.24795018136501312, 0.07182779908180237, 0.051955658942461014, 0.034893400967121124, 0.038997769355773926], "tonal.hpcp.mean": [0.06413183361291885, 0.049338698387145996, 0.0899619534611702, 0.15083198249340057, 0.10984665155410767, 0.04397258907556534, 0.031145816668868065, 0.030962923541665077, 0.04906577616930008, 0.0636872947216034, 0.0719277560710907, 0.1609540730714798, 0.24959002435207367, 0.1619568169116974, 0.05885627865791321, 0.041651614010334015, 0.04408062994480133, 0.07588009536266327, 0.09701911360025406, 0.06906909495592117, 0.03204597532749176, 0.02658545784652233, 0.03737756609916687, 0.1169300377368927, 0.17701992392539978, 0.10870084911584854, 0.06974489986896515, 0.10885881632566452, 0.0945827066898346, 0.07597700506448746, 0.11329163610935211, 0.13479405641555786, 0.1678490787744522, 0.24637877941131592, 0.1979915201663971, 0.08899904787540436], "tonal.hpcp.stdev": [0.17332997918128967, 0.15912474691867828, 0.19636684656143188, 0.29680752754211426, 0.2226816713809967, 0.1298629492521286, 0.11054987460374832, 0.11730718612670898, 0.14771942794322968, 0.14352554082870483, 0.16497106850147247, 0.258029043674469, 0.35049334168434143, 0.25835737586021423, 0.17124830186367035, 0.1386146992444992, 0.14721770584583282, 0.193487748503685, 0.21338814496994019, 0.17623525857925415, 0.10362785309553146, 0.09642969071865082, 0.12858664989471436, 0.2120470553636551, 0.2992155849933624, 0.20311203598976135, 0.18134188652038574, 0.26930370926856995, 0.23568907380104065, 0.19027575850486755, 0.24373872578144073, 0.2750319242477417, 0.26949048042297363, 0.3484884202480316, 0.31398192048072815, 0.20234109461307526], "rhythm.beats_position": [0.5572788715362549, 1.1145577430725098, 1.6602267026901245, 2.1942856311798096, 2.728344678878784, 3.2740135192871094, 3.808072566986084, 4.353741645812988, 4.899410247802734, 5.433469295501709, 5.967528343200684, 6.501587390899658, 7.035645961761475, 7.581315040588379, 8.138593673706055, 8.684263229370117, 9.218321800231934, 9.75238037109375, 10.286439895629883, 10.8204984664917, 11.377777099609375, 11.911836624145508, 12.457505226135254, 13.003174781799316, 13.537233352661133, 14.07129192352295, 14.616961479187012, 15.162630081176758, 15.696688652038574, 16.23074722290039, 16.776416778564453, 17.322086334228516, 17.879364013671875, 18.413423538208008, 18.94748306274414, 19.49315071105957, 20.027210235595703, 20.561269760131836, 21.1069393157959, 21.6409969329834, 22.17505645751953, 22.720726013183594, 23.266393661499023, 23.823673248291016, 24.35773277282715, 24.89179039001465, 25.43745994567871, 25.983129501342773, 26.517187118530273, 27.062856674194336, 27.6085262298584, 28.1425838470459, 28.68825340270996, 29.222312927246094, 29.756370544433594, 30.302040100097656, 30.83609962463379, 31.37015724182129, 31.904216766357422, 32.449886322021484, 32.99555587768555, 33.54122543334961, 34.086891174316406, 34.62095260620117], "rhythm.bpm_histogram": [0.0, 0.0, 0.0, 0.0, 0.0, 0.0, 0.0, 0.0, 0.0, 0.0, 0.0, 0.0, 0.0, 0.0, 0.0, 0.0, 0.0, 0.0, 0.0, 0.0, 0.0, 0.0, 0.0, 0.0, 0.0, 0.0, 0.0, 0.0, 0.0, 0.0, 0.0, 0.0, 0.0, 0.0, 0.0, 0.0, 0.0, 0.0, 0.0, 0.0, 0.0, 0.0, 0.0, 0.0, 0.0, 0.0, 0.0, 0.0, 0.0, 0.0, 0.0, 0.0, 0.0, 0.0, 0.0, 0.0, 0.0, 0.0, 0.0, 0.0, 0.0, 0.0, 0.0, 0.0, 0.0, 0.0, 0.0, 0.0, 0.0, 0.0, 0.0, 0.0, 0.0, 0.0, 0.0, 0.0, 0.0, 0.0, 0.0, 0.0, 0.0, 0.0, 0.0, 0.0, 0.0, 0.0, 0.0, 0.0, 0.0, 0.0, 0.0, 0.0, 0.0, 0.0, 0.0, 0.0, 0.0, 0.0, 0.0, 0.0, 0.0, 0.0, 0.0, 0.0, 0.0, 0.0, 0.0, 0.0, 0.0793650820851326, 0.0, 0.4126984179019928, 0.0, 0.5079365372657776, 0.0, 0.0, 0.0, 0.0, 0.0, 0.0, 0.0, 0.0, 0.0, 0.0, 0.0, 0.0, 0.0, 0.0, 0.0, 0.0, 0.0, 0.0, 0.0, 0.0, 0.0, 0.0, 0.0, 0.0, 0.0, 0.0, 0.0, 0.0, 0.0, 0.0, 0.0, 0.0, 0.0, 0.0, 0.0, 0.0, 0.0, 0.0, 0.0, 0.0, 0.0, 0.0, 0.0, 0.0, 0.0, 0.0, 0.0, 0.0, 0.0, 0.0, 0.0, 0.0, 0.0, 0.0, 0.0, 0.0, 0.0, 0.0, 0.0, 0.0, 0.0, 0.0, 0.0, 0.0, 0.0, 0.0, 0.0, 0.0, 0.0, 0.0, 0.0, 0.0, 0.0, 0.0, 0.0, 0.0, 0.0, 0.0, 0.0, 0.0, 0.0, 0.0, 0.0, 0.0, 0.0, 0.0, 0.0, 0.0, 0.0, 0.0, 0.0, 0.0, 0.0, 0.0, 0.0, 0.0, 0.0, 0.0, 0.0, 0.0, 0.0, 0.0, 0.0, 0.0, 0.0, 0.0, 0.0, 0.0, 0.0, 0.0, 0.0, 0.0, 0.0, 0.0, 0.0, 0.0, 0.0, 0.0, 0.0, 0.0, 0.0, 0.0, 0.0, 0.0, 0.0, 0.0, 0.0, 0.0, 0.0, 0.0, 0.0, 0.0, 0.0, 0.0, 0.0, 0.0, 0.0], "tonal.chords_histogram": [52.51322937011719, 11.640212059020996, 11.507936477661133, 0.0, 0.0, 0.0, 0.3968254029750824, 0.0, 0.7936508059501648, 0.0, 0.0, 0.0, 0.0, 0.0, 0.0, 0.0, 0.0, 0.7936508059501648, 0.0, 0.0, 0.0, 0.0, 10.582010269165039, 11.772486686706543], "tonal.thpcp": [1.0, 0.6488913893699646, 0.23581182956695557, 0.16688011586666107, 0.17661215364933014, 0.30401894450187683, 0.38871389627456665, 0.27673017978668213, 0.1283944547176361, 0.1065165102481842, 0.14975585043430328, 0.4684884250164032, 0.7092427611351013, 0.4355176091194153, 0.2794378399848938, 0.43615052103996277, 0.3789522647857666, 0.3044072091579437, 0.4539109170436859, 0.540061891078949, 0.6724991202354431, 0.9871339201927185, 0.7932669520378113, 0.3565809428691864, 0.25694870948791504, 0.19767896831035614, 0.36043891310691833, 0.6043189764022827, 0.4401083290576935, 0.17617927491664886, 0.12478790432214737, 0.12405513226985931, 0.1965854912996292, 0.2551676332950592, 0.28818362951278687, 0.6448737978935242], "lowlevel.gfcc.cov": [[586.9584350585938, -199.77880859375, 9.094099044799805, 43.734100341796875, -167.40113830566406, 2.7939398288726807, -119.43073272705078, -70.57456970214844, -64.55792236328125, -20.272754669189453, -61.921356201171875, -14.263518333435059, -30.55716323852539], [-199.77880859375, 571.1557006835938, -56.960636138916016, -0.9162442684173584, 139.26348876953125, -72.77659606933594, 167.85336303710938, 55.29631042480469, 104.5010986328125, 2.120997190475464, 62.01408767700195, -23.32240104675293, 25.054649353027344], [9.094099044799805, -56.960636138916016, 285.2490539550781, 107.16046142578125, 67.73294067382812, 73.68733215332031, 4.352155685424805, 19.920976638793945, -21.976184844970703, 4.946669101715088, 14.672950744628906, 28.955810546875, 4.193419933319092], [43.734100341796875, -0.9162442684173584, 107.16046142578125, 240.61322021484375, 74.21401977539062, 73.11380767822266, 22.903017044067383, 6.478156566619873, 47.20136642456055, 7.259299278259277, 14.629674911499023, -6.031466007232666, 31.616336822509766], [-167.40113830566406, 139.26348876953125, 67.73294067382812, 74.21401977539062, 293.37579345703125, 59.03547668457031, 120.17101287841797, 78.56150817871094, 78.08885192871094, 64.60350799560547, 38.54299545288086, 5.2909836769104, 24.73785972595215], [2.7939398288726807, -72.77659606933594, 73.68733215332031, 73.11380767822266, 59.03547668457031, 169.59024047851562, 81.00415802001953, 53.543704986572266, 20.27669906616211, 4.11665153503418, 13.92029857635498, 0.26652154326438904, 4.957595348358154], [-119.43073272705078, 167.85336303710938, 4.352155685424805, 22.903017044067383, 120.17101287841797, 81.00415802001953, 220.9903564453125, 116.70816802978516, 72.17969512939453, 21.108768463134766, 40.961036682128906, -9.912879943847656, -5.176084995269775], [-70.57456970214844, 55.29631042480469, 19.920976638793945, 6.478156566619873, 78.56150817871094, 53.543704986572266, 116.70816802978516, 138.95481872558594, 85.62330627441406, 34.03260040283203, 24.2938232421875, -3.4538519382476807, -1.468435525894165], [-64.55792236328125, 104.5010986328125, -21.976184844970703, 47.20136642456055, 78.08885192871094, 20.27669906616211, 72.17969512939453, 85.62330627441406, 144.4165802001953, 53.1982421875, 26.02899742126465, -12.337960243225098, 24.050180435180664], [-20.272754669189453, 2.120997190475464, 4.946669101715088, 7.259299278259277, 64.60350799560547, 4.11665153503418, 21.108768463134766, 34.03260040283203, 53.1982421875, 77.39921569824219, 32.21404266357422, 8.395837783813477, 6.1829705238342285], [-61.921356201171875, 62.01408767700195, 14.672950744628906, 14.629674911499023, 38.54299545288086, 13.92029857635498, 40.961036682128906, 24.2938232421875, 26.02899742126465, 32.21404266357422, 72.09954833984375, 37.20349884033203, 13.344320297241211], [-14.263518333435059, -23.32240104675293, 28.955810546875, -6.031466007232666, 5.2909836769104, 0.26652154326438904, -9.912879943847656, -3.4538519382476807, -12.337960243225098, 8.395837783813477, 37.20349884033203, 77.91344451904297, 31.918718338012695], [-30.55716323852539, 25.054649353027344, 4.193419933319092, 31.616336822509766, 24.73785972595215, 4.957595348358154, -5.176084995269775, -1.468435525894165, 24.050180435180664, 6.1829705238342285, 13.344320297241211, 31.918718338012695, 75.9572982788086]], "lowlevel.gfcc.icov": [[0.0026973208878189325, -0.00044942949898540974, 0.0003192858712282032, -0.0015011820942163467, 0.0018446543253958225, -0.0009914339752867818, 0.0007396207074634731, -0.00030775481718592346, 0.0011236597783863544, -0.002754171611741185, 0.0031879066955298185, -0.0014903746778145432, 0.0012836114037781954], [-0.00044942949898540974, 0.005702772177755833, -0.0009117088629864156, 0.0015160421608015895, -0.002397694392129779, 0.005306382197886705, -0.00490100122988224, 0.0033453127834945917, -0.0044509973376989365, 0.0068327938206493855, -0.006854321341961622, 0.004534946754574776, -0.00232570874504745], [0.0003192858712282032, -0.0009117088629864156, 0.005931834224611521, -0.003151889890432358, -0.0006032386445440352, -0.0021057359408587217, 0.0024837462697178125, -0.003464960725978017, 0.003939577843993902, -0.0016878244932740927, 0.0015983885386958718, -0.0031381649896502495, 0.0017777198227122426], [-0.0015011820942163467, 0.0015160421608015895, -0.003151889890432358, 0.008593415841460228, -0.002343496773391962, -0.000630906957667321, -0.0012185402447357774, 0.004602630622684956, -0.005893543362617493, 0.005201800726354122, -0.0050943694077432156, 0.004495192784816027, -0.0032478817738592625], [0.0018446543253958225, -0.002397694392129779, -0.0006032386445440352, -0.002343496773391962, 0.008112295530736446, -0.0023122630082070827, -0.0009654033929109573, -0.001140165375545621, 0.0023528188467025757, -0.008757984265685081, 0.005591813009232283, -0.0023875469341874123, -4.8349225835409015e-05], [-0.0009914339752867818, 0.005306382197886705, -0.0021057359408587217, -0.000630906957667321, -0.0023122630082070827, 0.01418531034141779, -0.007357659284025431, 0.0007126405835151672, -0.002284517977386713, 0.0066133104264736176, -0.006331282202154398, 0.004539111629128456, -0.0030408210586756468], [0.0007396207074634731, -0.00490100122988224, 0.0024837462697178125, -0.0012185402447357774, -0.0009654033929109573, -0.007357659284025431, 0.016318168491125107, -0.010496893897652626, 0.004126047715544701, -0.0012661991640925407, -0.00015322165563702583, -0.0011309817200526595, 0.0032867584377527237], [-0.00030775481718592346, 0.0033453127834945917, -0.003464960725978017, 0.004602630622684956, -0.001140165375545621, 0.0007126405835151672, -0.010496893897652626, 0.023090669885277748, -0.013653821311891079, 0.0031022513285279274, -0.0014060985995456576, -6.689625297440216e-05, 0.0014499328099191189], [0.0011236597783863544, -0.0044509973376989365, 0.003939577843993902, -0.005893543362617493, 0.0023528188467025757, -0.002284517977386713, 0.004126047715544701, -0.013653821311891079, 0.023455506190657616, -0.014036215841770172, 0.004401236306875944, 0.0015466675395146012, -0.0041513824835419655], [-0.002754171611741185, 0.0068327938206493855, -0.0016878244932740927, 0.005201800726354122, -0.008757984265685081, 0.0066133104264736176, -0.0012661991640925407, 0.0031022513285279274, -0.014036215841770172, 0.034759052097797394, -0.01976001262664795, 0.006943454034626484, -0.0008708941168151796], [0.0031879066955298185, -0.006854321341961622, 0.0015983885386958718, -0.0050943694077432156, 0.005591813009232283, -0.006331282202154398, -0.00015322165563702583, -0.0014060985995456576, 0.004401236306875944, -0.01976001262664795, 0.03908061236143112, -0.021378779783844948, 0.006463015917688608], [-0.0014903746778145432, 0.004534946754574776, -0.0031381649896502495, 0.004495192784816027, -0.0023875469341874123, 0.004539111629128456, -0.0011309817200526595, -6.689625297440216e-05, 0.0015466675395146012, 0.006943454034626484, -0.021378779783844948, 0.030707070603966713, -0.013593051582574844], [0.0012836114037781954, -0.00232570874504745, 0.0017777198227122426, -0.0032478817738592625, -4.8349225835409015e-05, -0.0030408210586756468, 0.0032867584377527237, 0.0014499328099191189, -0.0041513824835419655, -0.0008708941168151796, 0.006463015917688608, -0.013593051582574844, 0.022130751982331276]], "lowlevel.mfcc.cov": [[690.2496337890625, -270.6727600097656, 85.26110076904297, -43.75202178955078, -84.48107147216797, -7.788923263549805, -104.30831146240234, -67.38113403320312, -64.31920623779297, -43.408321380615234, -66.03508758544922, -51.262638092041016, -40.65457534790039], [-270.6727600097656, 552.3385620117188, -161.94346618652344, 78.858642578125, -21.23553466796875, -43.0515251159668, 55.011837005615234, 46.56797790527344, 49.666255950927734, 50.47903060913086, 65.07369995117188, 38.94636154174805, 31.72761344909668], [85.26110076904297, -161.94346618652344, 273.3071594238281, 11.992823600769043, 30.96569061279297, 32.46227264404297, 7.026435852050781, 12.11641788482666, -14.531888961791992, -51.31163024902344, -32.87107467651367, 16.6536922454834, 2.5713469982147217], [-43.75202178955078, 78.858642578125, 11.992823600769043, 177.87025451660156, 74.2095947265625, 41.84372329711914, 18.291419982910156, 9.743110656738281, 38.15542984008789, 25.828184127807617, 17.062843322753906, 26.15068244934082, 32.645355224609375], [-84.48107147216797, -21.23553466796875, 30.96569061279297, 74.2095947265625, 166.27523803710938, 64.495361328125, 23.223968505859375, -0.3188628852367401, 35.99006271362305, 23.52480125427246, 8.512282371520996, 15.05368423461914, 27.511268615722656], [-7.788923263549805, -43.0515251159668, 32.46227264404297, 41.84372329711914, 64.495361328125, 114.69548797607422, 55.06417465209961, 24.093542098999023, 22.025949478149414, 17.943456649780273, 8.383628845214844, 11.567887306213379, 1.7412680387496948], [-104.30831146240234, 55.011837005615234, 7.026435852050781, 18.291419982910156, 23.223968505859375, 55.06417465209961, 143.62994384765625, 76.15679168701172, 36.651275634765625, 25.68557357788086, 45.275672912597656, 29.449058532714844, 7.888700485229492], [-67.38113403320312, 46.56797790527344, 12.11641788482666, 9.743110656738281, -0.3188628852367401, 24.093542098999023, 76.15679168701172, 119.95208740234375, 62.1771354675293, 37.55942153930664, 34.56542205810547, 34.567508697509766, 21.703371047973633], [-64.31920623779297, 49.666255950927734, -14.531888961791992, 38.15542984008789, 35.99006271362305, 22.025949478149414, 36.651275634765625, 62.1771354675293, 110.66400146484375, 76.6729507446289, 33.85613250732422, 22.98979949951172, 23.892641067504883], [-43.408321380615234, 50.47903060913086, -51.31163024902344, 25.828184127807617, 23.52480125427246, 17.943456649780273, 25.68557357788086, 37.55942153930664, 76.6729507446289, 125.91223907470703, 61.730308532714844, 12.272464752197266, 7.186278343200684], [-66.03508758544922, 65.07369995117188, -32.87107467651367, 17.062843322753906, 8.512282371520996, 8.383628845214844, 45.275672912597656, 34.56542205810547, 33.85613250732422, 61.730308532714844, 99.79637145996094, 37.437313079833984, 6.760426998138428], [-51.262638092041016, 38.94636154174805, 16.6536922454834, 26.15068244934082, 15.05368423461914, 11.567887306213379, 29.449058532714844, 34.567508697509766, 22.98979949951172, 12.272464752197266, 37.437313079833984, 77.72132110595703, 44.6866340637207], [-40.65457534790039, 31.72761344909668, 2.5713469982147217, 32.645355224609375, 27.511268615722656, 1.7412680387496948, 7.888700485229492, 21.703371047973633, 23.892641067504883, 7.186278343200684, 6.760426998138428, 44.6866340637207, 78.71422576904297]], "lowlevel.mfcc.icov": [[0.0022550406865775585, 0.0009118883754126728, -0.000343124644132331, -0.0005491297924891114, 0.0016674483194947243, -0.0007830836693756282, 0.0011237601283937693, 0.0002309136325493455, 0.0003238642239011824, -0.0004620767431333661, 0.00022497758618555963, 0.00044051403529010713, -3.119589018751867e-05], [0.0009118883754126728, 0.0033192853443324566, 0.0015114537673071027, -0.0019202427938580513, 0.001087671727873385, 0.0015191903803497553, -0.0008334822487086058, -0.00020648913050536066, -0.0002809364814311266, 0.000180700677447021, -0.00030373260960914195, -0.0005883899284526706, 3.567722887964919e-05], [-0.000343124644132331, 0.0015114537673071027, 0.005522738676518202, -0.0009147571981884539, -0.0009394805529154837, 0.00018035675748251379, -0.0003485186316538602, -0.0014831381849944592, -0.00020771015260834247, 0.0021298860665410757, 0.001101382076740265, -0.0025117136538028717, 0.0013806781498715281], [-0.0005491297924891114, -0.0019202427938580513, -0.0009147571981884539, 0.008706039749085903, -0.0027553141117095947, -0.002314931247383356, 0.0006729374290443957, 0.0012024458264932036, -0.00160023954231292, 0.00010828486119862646, -0.00046598154585808516, -0.00035268598003312945, -0.001759094768203795], [0.0016674483194947243, 0.001087671727873385, -0.0009394805529154837, -0.0027553141117095947, 0.011346646584570408, -0.004910446237772703, 0.0001389261451549828, 0.00356140173971653, -0.0027810530737042427, -0.00015323411207646132, -0.0006400597048923373, 0.0016068178229033947, -0.0032558890525251627], [-0.0007830836693756282, 0.0015191903803497553, 0.00018035675748251379, -0.002314931247383356, -0.004910446237772703, 0.016104642301797867, -0.006359027232974768, -0.0005716393934562802, 0.000950877380091697, -0.0021239640191197395, 0.0027736665215343237, -0.0023948797024786472, 0.0031189434230327606], [0.0011237601283937693, -0.0008334822487086058, -0.0003485186316538602, 0.0006729374290443957, 0.0001389261451549828, -0.006359027232974768, 0.015076031908392906, -0.0074532171711325645, 0.0007573970942758024, 0.0021297151688486338, -0.004560498986393213, 0.0006615390884689987, 0.000876673380844295], [0.0002309136325493455, -0.00020648913050536066, -0.0014831381849944592, 0.0012024458264932036, 0.00356140173971653, -0.0005716393934562802, -0.0074532171711325645, 0.01904725842177868, -0.00904515478760004, 0.0004572481266222894, -9.482575842412189e-05, -0.0023047521244734526, -0.001964307390153408], [0.0003238642239011824, -0.0002809364814311266, -0.00020771015260834247, -0.00160023954231292, -0.0027810530737042427, 0.000950877380091697, 0.0007573970942758024, -0.00904515478760004, 0.023493660613894463, -0.012603221461176872, 0.0037971842102706432, -0.0008545954478904605, -0.0015015383251011372], [-0.0004620767431333661, 0.000180700677447021, 0.0021298860665410757, 0.00010828486119862646, -0.00015323411207646132, -0.0021239640191197395, 0.0021297151688486338, 0.0004572481266222894, -0.012603221461176872, 0.020955998450517654, -0.010949629358947277, 0.00427961116656661, -0.00024175448925234377], [0.00022497758618555963, -0.00030373260960914195, 0.001101382076740265, -0.00046598154585808516, -0.0006400597048923373, 0.0027736665215343237, -0.004560498986393213, -9.482575842412189e-05, 0.0037971842102706432, -0.010949629358947277, 0.022181298583745956, -0.011567076668143272, 0.005550175439566374], [0.00044051403529010713, -0.0005883899284526706, -0.0025117136538028717, -0.00035268598003312945, 0.0016068178229033947, -0.0023948797024786472, 0.0006615390884689987, -0.0023047521244734526, -0.0008545954478904605, 0.00427961116656661, -0.011567076668143272, 0.028426943346858025, -0.014522484503686428], [-3.119589018751867e-05, 3.567722887964919e-05, 0.0013806781498715281, -0.001759094768203795, -0.0032558890525251627, 0.0031189434230327606, 0.000876673380844295, -0.001964307390153408, -0.0015015383251011372, -0.00024175448925234377, 0.005550175439566374, -0.014522484503686428, 0.02312653511762619]], "metadata.audio_properties.analysis.downmix": "mix", "metadata.audio_properties.codec": "mp3", "metadata.audio_properties.md5_encoded": "4004a00ed8c61ffda37157e01739c596", "metadata.tags.file_name": "1183712465767383050.mp3", "metadata.version.essentia": "2.1-beta6-dev", "metadata.version.essentia_git_sha": "v2.1_beta5-1110-g77a6a954", "metadata.version.extractor": "music 2.0", "tonal.chords_key": "C#", "tonal.chords_scale": "major", "tonal.key_edma.key": "C#", "tonal.key_edma.scale": "major", "tonal.key_krumhansl.key": "C#", "tonal.key_krumhansl.scale": "major", "tonal.key_temperley.key": "C#", "tonal.key_temperley.scale": "major", "metadata.tags.encoding": ["Lavf58.45.100"]}, "essentia_models": [{"model_name": "genre_dortmund", "activations": {"alternative": "0.030251892",