{"song_id": "1183711606824247306", "download": "https://cdn.discordapp.com/attachments/1135903449314238464/1183711606824247306/chirp.mp4?ex=65895457&amp", "lyrics": "[Verse]\nIn shadows they scurry, their eyes glowing red\nRaccoons of darkness, with bloodlust, they're fed\nSharp claws like daggers, their teeth stained with gore\nPrey trembles in fear as they unleash their uproar\n\n[Chorus]\nRaccoons of rage, they've come to devour\nLeaving trails of chaos, their power will tower\nRampaging through the night, a murderous spree\nBeware their wrath, for death it will decree", "style": ["Alternative rock"], "essentia_features": {"lowlevel.average_loudness": 0.9848935604095459, "lowlevel.barkbands_crest.mean": 11.301139831542969, "lowlevel.barkbands_crest.stdev": 5.381727695465088, "lowlevel.barkbands_flatness_db.mean": 0.11097193509340286, "lowlevel.barkbands_flatness_db.stdev": 0.03965435177087784, "lowlevel.barkbands_kurtosis.mean": 2.480844259262085, "lowlevel.barkbands_kurtosis.stdev": 6.937290668487549, "lowlevel.barkbands_skewness.mean": 1.5261677503585815, "lowlevel.barkbands_skewness.stdev": 1.1001379489898682, "lowlevel.barkbands_spread.mean": 39.277870178222656, "lowlevel.barkbands_spread.stdev": 15.575350761413574, "lowlevel.dissonance.mean": 0.48958179354667664, "lowlevel.dissonance.stdev": 0.008036667481064796, "lowlevel.dynamic_complexity": 1.7048561573028564, "lowlevel.erbbands_crest.mean": 5.9458160400390625, "lowlevel.erbbands_crest.stdev": 2.214641571044922, "lowlevel.erbbands_flatness_db.mean": 0.10816891491413116, "lowlevel.erbbands_flatness_db.stdev": 0.02478397823870182, "lowlevel.erbbands_kurtosis.mean": 0.3887941241264343, "lowlevel.erbbands_kurtosis.stdev": 1.1794333457946777, "lowlevel.erbbands_skewness.mean": -0.5175575017929077, "lowlevel.erbbands_skewness.stdev": 0.5814558863639832, "lowlevel.erbbands_spread.mean": 46.46144485473633, "lowlevel.erbbands_spread.stdev": 17.096195220947266, "lowlevel.hfc.mean": 41.47621536254883, "lowlevel.hfc.stdev": 21.13698959350586, "lowlevel.loudness_ebu128.integrated": -13.503599166870117, "lowlevel.loudness_ebu128.loudness_range": 0.9385805130004883, "lowlevel.loudness_ebu128.momentary.mean": -13.78531265258789, "lowlevel.loudness_ebu128.momentary.stdev": 2.6355466842651367, "lowlevel.loudness_ebu128.short_term.mean": -13.517910957336426, "lowlevel.loudness_ebu128.short_term.stdev": 0.3152478039264679, "lowlevel.melbands_crest.mean": 18.63080596923828, "lowlevel.melbands_crest.stdev": 7.386038780212402, "lowlevel.melbands_flatness_db.mean": 0.16789478063583374, "lowlevel.melbands_flatness_db.stdev": 0.05519977957010269, "lowlevel.melbands_kurtosis.mean": 18.532991409301758, "lowlevel.melbands_kurtosis.stdev": 26.430057525634766, "lowlevel.melbands_skewness.mean": 3.535745143890381, "lowlevel.melbands_skewness.stdev": 2.025452136993408, "lowlevel.melbands_spread.mean": 31.37171745300293, "lowlevel.melbands_spread.stdev": 19.812259674072266, "lowlevel.pitch_salience.mean": 0.533259928226471, "lowlevel.pitch_salience.stdev": 0.15668189525604248, "lowlevel.silence_rate_20dB.mean": 1.0, "lowlevel.silence_rate_20dB.stdev": 0.0, "lowlevel.silence_rate_30dB.mean": 0.962837815284729, "lowlevel.silence_rate_30dB.stdev": 0.18915872275829315, "lowlevel.silence_rate_60dB.mean": 0.015540540218353271, "lowlevel.silence_rate_60dB.stdev": 0.12368928641080856, "lowlevel.spectral_centroid.mean": 2208.30419921875, "lowlevel.spectral_centroid.stdev": 524.1926879882812, "lowlevel.spectral_complexity.mean": 39.566890716552734, "lowlevel.spectral_complexity.stdev": 7.783115863800049, "lowlevel.spectral_decrease.mean": -1.2721441677854273e-08, "lowlevel.spectral_decrease.stdev": 9.018848778907795e-09, "lowlevel.spectral_energy.mean": 0.051775719970464706, "lowlevel.spectral_energy.stdev": 0.03501904383301735, "lowlevel.spectral_energyband_high.mean": 0.0027884230948984623, "lowlevel.spectral_energyband_high.stdev": 0.00205879844725132, "lowlevel.spectral_energyband_low.mean": 0.030923213809728622, "lowlevel.spectral_energyband_low.stdev": 0.03130566328763962, "lowlevel.spectral_energyband_middle_high.mean": 0.007194325793534517, "lowlevel.spectral_energyband_middle_high.stdev": 0.0037835135590285063, "lowlevel.spectral_energyband_middle_low.mean": 0.010948115028440952, "lowlevel.spectral_energyband_middle_low.stdev": 0.010861012153327465, "lowlevel.spectral_entropy.mean": 8.08228588104248, "lowlevel.spectral_entropy.stdev": 0.1741189807653427, "lowlevel.spectral_flux.mean": 0.1547451913356781, "lowlevel.spectral_flux.stdev": 0.07116308063268661, "lowlevel.spectral_kurtosis.mean": 3.47249436378479, "lowlevel.spectral_kurtosis.stdev": 1.3458662033081055, "lowlevel.spectral_rms.mean": 0.006702973507344723, "lowlevel.spectral_rms.stdev": 0.0023628543131053448, "lowlevel.spectral_rolloff.mean": 2012.8902587890625, "lowlevel.spectral_rolloff.stdev": 1728.47900390625, "lowlevel.spectral_skewness.mean": 1.378558874130249, "lowlevel.spectral_skewness.stdev": 0.23679743707180023, "lowlevel.spectral_spread.mean": 5417718.0, "lowlevel.spectral_spread.stdev": 1286212.625, "lowlevel.spectral_strongpeak.mean": 0.4559965431690216, "lowlevel.spectral_strongpeak.stdev": 0.41795364022254944, "lowlevel.zerocrossingrate.mean": 0.08470459282398224, "lowlevel.zerocrossingrate.stdev": 0.03432628884911537, "metadata.audio_properties.analysis.equal_loudness": 0.0, "metadata.audio_properties.analysis.length": 34.3253288269043, "metadata.audio_properties.analysis.sample_rate": 44100.0, "metadata.audio_properties.analysis.start_time": 0.0, "metadata.audio_properties.bit_rate": 114291.0, "metadata.audio_properties.length": 34.32533264160156, "metadata.audio_properties.lossless": 0.0, "metadata.audio_properties.number_channels": 1.0, "metadata.audio_properties.replay_gain": -11.50737190246582, "metadata.audio_properties.sample_rate": 48000.0, "rhythm.beats_count": 70.0, "rhythm.beats_loudness.mean": 0.07224658876657486, "rhythm.beats_loudness.stdev": 0.019564243033528328, "rhythm.bpm": 142.82666015625, "rhythm.bpm_histogram_first_peak_bpm": 144.0, "rhythm.bpm_histogram_first_peak_weight": 0.24324321746826172, "rhythm.bpm_histogram_second_peak_bpm": 108.0, "rhythm.bpm_histogram_second_peak_spread": 0.3448275923728943, "rhythm.bpm_histogram_second_peak_weight": 0.2753623127937317, "rhythm.danceability": 1.5736678838729858, "rhythm.onset_rate": 4.775450229644775, "tonal.chords_changes_rate": 0.1066126823425293, "tonal.chords_number_rate": 0.00944669358432293, "tonal.chords_strength.mean": 0.5243422985076904, "tonal.chords_strength.stdev": 0.10651930421590805, "tonal.hpcp_crest.mean": 8.797745704650879, "tonal.hpcp_crest.stdev": 4.751931667327881, "tonal.hpcp_entropy.mean": 3.0338242053985596, "tonal.hpcp_entropy.stdev": 0.7708398103713989, "tonal.key_edma.strength": 0.28641611337661743, "tonal.key_krumhansl.strength": 0.287663072347641, "tonal.key_temperley.strength": 0.2932909429073334, "tonal.tuning_diatonic_strength": 0.6233646273612976, "tonal.tuning_equal_tempered_deviation": 0.2836682200431824, "tonal.tuning_frequency": 434.193115234375, "tonal.tuning_nontempered_energy_ratio": 0.8997687101364136, "lowlevel.barkbands.mean": [0.0022902265191078186, 0.023385176435112953, 0.005257514305412769, 0.0016474672593176365, 0.0050680991262197495, 0.00124292669352144, 0.0012060807785019279, 0.0009032845264300704, 0.0007411076221615076, 0.000527473515830934, 0.0006362090352922678, 0.0005086276796646416, 0.00045354865142144263, 0.0005838295328430831, 0.0006110597169026732, 0.0009948445949703455, 0.0010861142072826624, 0.0006052450044080615, 0.0009013594244606793, 0.0007321525481529534, 0.0007083486998453736, 0.00028173322789371014, 0.0002956262032967061, 0.00032233039382845163, 0.0004570968740154058, 0.00032782118069007993, 4.100054127320618e-07], "lowlevel.barkbands.stdev": [0.001914903987199068, 0.025995640084147453, 0.009419101290404797, 0.002380265621468425, 0.00805714912712574, 0.0025291391648352146, 0.002514118095859885, 0.0021173888817429543, 0.0014337237225845456, 0.0010580818634480238, 0.001199296792037785, 0.0008948739850893617, 0.0005651818937622011, 0.0005949559272266924, 0.0006016262923367321, 0.0008185929036699235, 0.0007625163998454809, 0.000430804182542488, 0.0005483532440848649, 0.0004477409238461405, 0.0005144465249031782, 0.0003494271368253976, 0.0003873785899486393, 0.00039521255530416965, 0.0004464757221285254, 0.00032574235228821635, 1.6960716493485961e-06], "lowlevel.erbbands.mean": [0.8281933665275574, 4.536756992340088, 7.164920330047607, 5.408257961273193, 15.439531326293945, 13.592206001281738, 11.200130462646484, 9.962197303771973, 14.917993545532227, 20.54452896118164, 18.8576717376709, 17.05561065673828, 15.435518264770508, 19.97589683532715, 27.19777488708496, 20.12567901611328, 21.22311019897461, 25.20836639404297, 35.225921630859375, 33.15276336669922, 64.75863647460938, 61.97496795654297, 34.253944396972656, 43.743099212646484, 40.6592903137207, 34.972984313964844, 36.49141311645508, 18.87510871887207, 10.740018844604492, 8.66419792175293, 8.351557731628418, 6.779780387878418, 5.336651802062988, 4.487855434417725, 3.5881502628326416, 2.0188605785369873, 0.5047902464866638, 0.02580394223332405, 0.0006176773458719254, 0.00010109306458616629], "lowlevel.erbbands.stdev": [0.9332693815231323, 5.854432582855225, 11.904666900634766, 7.9938883781433105, 26.113454818725586, 22.84326171875, 26.888870239257812, 19.887237548828125, 34.34205627441406, 43.52139663696289, 37.58308029174805, 33.88444137573242, 27.703929901123047, 38.13526916503906, 48.68391036987305, 28.564199447631836, 25.822858810424805, 26.020553588867188, 32.895484924316406, 27.7412109375, 52.26528549194336, 42.35551834106445, 23.351730346679688, 27.666399002075195, 25.06500244140625, 21.69786834716797, 24.421403884887695, 16.07993507385254, 12.859033584594727, 11.413695335388184, 10.920652389526367, 8.839556694030762, 6.356420993804932, 4.798802375793457, 3.4729747772216797, 1.9687541723251343, 0.5242682695388794, 0.03234688192605972, 0.0006763770943507552, 6.712500908179209e-05], "lowlevel.gfcc.mean": [61.55350112915039, 50.574180603027344, -105.93914794921875, 52.2889518737793, -40.270450592041016, 23.184572219848633, -39.49882125854492, 26.56352424621582, -31.666372299194336, 16.227699279785156, -21.81012725830078, 5.630787372589111, -9.43123722076416], "lowlevel.melbands.mean": [0.006876152474433184, 0.004377890378236771, 0.001251877169124782, 0.0011473348131403327, 0.0004087765119038522, 0.00022812052338849753, 0.00023520328977610916, 0.00022289897606242448, 0.0001488352718297392, 0.00010408638627268374, 7.607252337038517e-05, 7.846455264370888e-05, 9.024909377330914e-05, 6.367384776240215e-05, 4.728345447801985e-05, 4.461683420231566e-05, 4.75865053886082e-05, 5.9231490013189614e-05, 4.326108319219202e-05, 4.884046211373061e-05, 8.240419992944226e-05, 6.898197170812637e-05, 3.9305152313318104e-05, 2.6098919988726266e-05, 3.6542296584229916e-05, 3.343752177897841e-05, 2.478628266544547e-05, 2.2607040591537952e-05, 2.3369027985609137e-05, 1.8690412616706453e-05, 8.33570993563626e-06, 6.336494607239729e-06, 4.6234090405050665e-06, 4.934568096359726e-06, 4.946693934471114e-06, 4.313415047363378e-06, 4.133032234676648e-06, 3.5932346236222656e-06, 3.7448278362717247e-06, 3.796286137003335e-06], "lowlevel.melbands.stdev": [0.0075107719749212265, 0.006172909867018461, 0.001679563312791288, 0.0019539976492524147, 0.0008794357418082654, 0.00045273383148014545, 0.0005114725790917873, 0.00048367472481913865, 0.00028968212427571416, 0.0002115735551342368, 0.00014162731531541795, 0.00015705775876995176, 0.00016816567222122103, 0.00011771654681069776, 6.371214840328321e-05, 5.553069422603585e-05, 5.071116174804047e-05, 5.676705404766835e-05, 4.240701309754513e-05, 3.745512731256895e-05, 7.145150448195636e-05, 5.09794735989999e-05, 2.9282766263349913e-05, 1.948748467839323e-05, 2.434114685456734e-05, 2.2879799871589057e-05, 1.5863248336245306e-05, 1.544727274449542e-05, 1.57850663526915e-05, 1.5103071746125352e-05, 8.116820026771165e-06, 7.882563295424916e-06, 6.20645732851699e-06, 6.8015410761290696e-06, 6.66812775307335e-06, 5.912803317187354e-06, 5.588711701420834e-06, 4.575581897370284e-06, 4.079991867911303e-06, 4.20217429564218e-06], "lowlevel.melbands128.mean": [0.0015821611741557717, 0.007003196515142918, 0.00888820644468069, 0.007140178233385086, 0.004478826187551022, 0.002197410212829709, 0.000930797541514039, 0.000896215089596808, 0.0018301628297194839, 0.0013756046537309885, 0.0005804248503409326, 0.00047330392408184707, 0.0004048286937177181, 0.0002656877622939646, 0.00020957311789970845, 0.00021368154557421803, 0.00022854794224258512, 0.0002331339637748897, 0.0002547122712712735, 0.0002358182828174904, 0.00021312112221494317, 0.00017028611910063773, 0.0001402955676894635, 0.00012800162949133664, 0.000111235654912889, 9.74607901298441e-05, 7.770372758386657e-05, 7.055865717120469e-05, 7.817812002031133e-05, 7.686983735766262e-05, 7.948574057081714e-05, 7.969515718286857e-05, 9.631310967961326e-05, 9.744322596816346e-05, 7.049776468193159e-05, 5.591804801952094e-05, 4.5607263018609956e-05, 4.7831039410084486e-05, 4.5353492168942466e-05, 5.070499537396245e-05, 4.1654067899798974e-05, 4.17917690356262e-05, 3.9569127693539485e-05, 5.324445737642236e-05, 6.906235648784786e-05, 5.8210454881191254e-05, 5.407513526733965e-05, 3.89583692594897e-05, 4.145182538195513e-05, 4.3716663640225306e-05, 3.861113509628922e-05, 6.587058305740356e-05, 8.899885870050639e-05, 8.550060010747984e-05, 7.701740105403587e-05, 7.273344090208411e-05, 6.019973079673946e-05, 4.1196552047040313e-05, 3.531928450684063e-05, 2.605203917482868e-05, 2.2248301320360042e-05, 2.716483868425712e-05, 3.7438992876559496e-05, 3.8997215597191826e-05, 3.5935110645368695e-05, 3.752247357624583e-05, 2.8487489544204436e-05, 2.48208743869327e-05, 2.4624649086035788e-05, 2.421992212475743e-05, 2.1905967514612712e-05, 2.1887259208597243e-05, 2.3090051399776712e-05, 2.3422973754350096e-05, 2.3822376533644274e-05, 2.2956604880164377e-05, 1.4680539607070386e-05, 1.0061485227197409e-05, 7.090331109793624e-06, 6.98164194545825e-06, 6.8568347160180565e-06, 6.144759481685469e-06, 5.114859050081577e-06, 4.13947645938606e-06, 4.480724328459473e-06, 4.852947768085869e-06, 4.908659320790321e-06, 5.459973181132227e-06, 4.996141797164455e-06, 4.656146757042734e-06, 4.383029136079131e-06, 4.3684867705451325e-06, 3.8871912693139166e-06, 4.308090865379199e-06, 4.206721314403694e-06, 3.509942189339199e-06, 3.3292667467321735e-06, 3.871653461828828e-06, 3.8979178498266265e-06, 3.562742676876951e-06, 3.657465867945575e-06, 3.86090732718003e-06, 3.87315776606556e-06, 4.340165560279274e-06, 4.11114933740464e-06, 4.094480573257897e-06, 3.920185463357484e-06, 3.6191081562719774e-06, 3.622302301664604e-06, 3.6338535664981464e-06, 2.8695358196273446e-06, 1.7792845028452575e-06, 1.5148718830459984e-06, 1.0908834155998193e-06, 3.586090713270096e-07, 8.630163961242943e-08, 1.73098921862902e-08, 1.193835363899609e-09, 1.2064653096000022e-11, 9.613140145026122e-12, 8.202060558515356e-12, 7.0171182232903195e-12, 6.827597515135508e-12, 6.681417571985371e-12, 6.5013281216885765e-12, 6.286534227212259e-12, 6.159858647464267e-12, 6.1116511157477404e-12], "lowlevel.melbands128.stdev": [0.0016627328004688025, 0.008195053786039352, 0.011433293111622334, 0.009966570883989334, 0.007493499666452408, 0.00394638255238533, 0.0015904755564406514, 0.0013021372724324465, 0.0032170405611395836, 0.0028564906679093838, 0.001185211120173335, 0.0011911437613889575, 0.0012054034741595387, 0.0007039844640530646, 0.0004916592151857913, 0.0006097402656450868, 0.0007002378697507083, 0.000629314046818763, 0.0006400351994670928, 0.0005964839365333319, 0.000662818958517164, 0.00044355177669785917, 0.0003409652563277632, 0.00029751844704151154, 0.00028835650300607085, 0.0002331695141037926, 0.00016644048446323723, 0.00015641147911082953, 0.0001973089820239693, 0.00020230564405210316, 0.00016933705774135888, 0.00018246150284539908, 0.00021779352391604334, 0.00019239938410464674, 0.0002080962003674358, 0.00011237494618399069, 6.79137883707881e-05, 8.270558464573696e-05, 6.84938277117908e-05, 8.054152567638084e-05, 6.460129225160927e-05, 6.485377525677904e-05, 5.437171785160899e-05, 6.184226367622614e-05, 8.761689969105646e-05, 6.469194340752438e-05, 7.451765122823417e-05, 4.7041146899573505e-05, 5.364010212360881e-05, 4.900761632598005e-05, 3.6697834730148315e-05, 6.350674811983481e-05, 9.337152005173266e-05, 9.679100912762806e-05, 7.746509800199419e-05, 6.703825056320056e-05, 5.531212445930578e-05, 3.8898906495887786e-05, 3.378068140591495e-05, 2.346532346564345e-05, 2.268259231641423e-05, 2.3481357857235707e-05, 3.424123860895634e-05, 3.136053419439122e-05, 2.8119091439293697e-05, 3.526177897583693e-05, 2.3876857085269876e-05, 2.0941484763170592e-05, 2.0522915292531252e-05, 2.0003930330858566e-05, 2.0146977476542816e-05, 1.9348615751368925e-05, 1.957053245860152e-05, 1.888000224425923e-05, 1.9716684619197622e-05, 2.186669735237956e-05, 1.5600708138663322e-05, 1.0471817404322792e-05, 7.622067641932517e-06, 9.138028872257564e-06, 1.0142857718165033e-05, 8.80040261108661e-06, 7.2151942731579766e-06, 6.538939032907365e-06, 6.818397650931729e-06, 7.340908268815838e-06, 7.100817128957715e-06, 8.81261621543672e-06, 6.970069534872891e-06, 6.638799732172629e-06, 7.286141681106528e-06, 6.346740519802552e-06, 5.5869004427222535e-06, 6.40566668153042e-06, 6.250931164686335e-06, 4.879448169958778e-06, 4.809738584299339e-06, 4.953098141413648e-06, 4.43144972450682e-06, 4.280126177036436e-06, 4.475318746699486e-06, 4.815339252672857e-06, 4.5189262891653925e-06, 5.016909653932089e-06, 4.445728791324655e-06, 4.264247309038183e-06, 4.13109410146717e-06, 3.819380253844429e-06, 3.848654159810394e-06, 3.926016688637901e-06, 3.230412858101772e-06, 2.0911804767820286e-06, 1.7154872011815314e-06, 1.3672721479451866e-06, 6.793479769839905e-07, 2.5690712845971575e-07, 6.656041762198583e-08, 8.615545610268782e-09, 1.5225785909844802e-10, 7.452868877599883e-11, 3.506403847830519e-11, 1.0460252455879449e-11, 1.02720974087811e-11, 9.992304726702539e-12, 9.34310528249993e-12, 8.697182730943442e-12, 8.515274423082086e-12, 8.460695685719166e-12], "lowlevel.mfcc.mean": [-582.8002319335938, 83.5472412109375, -2.0366318225860596, 36.854393005371094, 20.116147994995117, 7.3358588218688965, 12.42308235168457, 3.7129671573638916, 9.491326332092285, 5.43889856338501, -1.3609539270401, 5.4946818351745605, 2.6712653636932373], "lowlevel.spectral_contrast_coeffs.mean": [-0.735759437084198, -0.8035972714424133, -0.8229408264160156, -0.8077855110168457, -0.8062297105789185, -0.7601003050804138], "lowlevel.spectral_contrast_coeffs.stdev": [0.07329805940389633, 0.06266549229621887, 0.0411350280046463, 0.03327801078557968, 0.022137591615319252, 0.03736989572644234], "lowlevel.spectral_contrast_valleys.mean": [-6.246764183044434, -6.558591842651367, -6.934090614318848, -6.801496505737305, -6.4151506423950195, -9.266942977905273], "lowlevel.spectral_contrast_valleys.stdev": [0.9528504610061646, 0.9736770391464233, 0.9420871138572693, 0.9132800698280334, 0.9161465764045715, 1.0070888996124268], "rhythm.beats_loudness_band_ratio.mean": [0.7678293585777283, 0.1049482673406601, 0.0470307432115078, 0.03112957812845707, 0.05096457898616791, 0.05797984078526497], "rhythm.beats_loudness_band_ratio.stdev": [0.08733982592821121, 0.0556052029132843, 0.04990661144256592, 0.028172573074698448, 0.029812898486852646, 0.021424846723675728], "tonal.hpcp.mean": [0.11777202785015106, 0.09482637047767639, 0.08677252382040024, 0.09251943230628967, 0.09575507789850235, 0.0952991470694542, 0.09364309906959534, 0.08351893723011017, 0.07294405251741409, 0.07173909991979599, 0.08187718689441681, 0.08835086226463318, 0.09680682420730591, 0.11137743294239044, 0.0988037958741188, 0.08630238473415375, 0.10025639086961746, 0.11987052112817764, 0.1210087463259697, 0.11085381358861923, 0.10790899395942688, 0.11132586747407913, 0.13781367242336273, 0.1584368497133255, 0.17518121004104614, 0.1914023756980896, 0.20397713780403137, 0.20583657920360565, 0.18195465207099915, 0.16651153564453125, 0.1801624596118927, 0.18046674132347107, 0.1652745008468628, 0.15431539714336395, 0.13249075412750244, 0.12744975090026855], "tonal.hpcp.stdev": [0.2221783846616745, 0.1958536058664322, 0.18232645094394684, 0.19274793565273285, 0.18834082782268524, 0.20240186154842377, 0.19521792232990265, 0.18140336871147156, 0.16504447162151337, 0.15144529938697815, 0.17286646366119385, 0.17658206820487976, 0.16980117559432983, 0.19078323245048523, 0.1591828465461731, 0.16113731265068054, 0.18338191509246826, 0.2178822010755539, 0.21913878619670868, 0.20832844078540802, 0.20906279981136322, 0.20854035019874573, 0.24696077406406403, 0.27020463347435, 0.28242602944374084, 0.30270886421203613, 0.31514304876327515, 0.31295397877693176, 0.286954402923584, 0.2574920952320099, 0.2812587022781372, 0.2647757828235626, 0.2547854781150818, 0.23646280169487, 0.22150900959968567, 0.22810718417167664], "rhythm.beats_position": [0.5224489569664001, 1.0681178569793701, 1.6253968477249146, 2.18267560005188, 2.739954710006714, 3.3088433742523193, 3.877732276916504, 4.435011386871338, 4.992290019989014, 5.549569129943848, 6.106847763061523, 6.664126873016357, 7.221405982971191, 7.778684616088867, 8.335963249206543, 8.904852867126465, 9.46213150024414, 10.031020164489746, 10.588298797607422, 11.145578384399414, 11.71446704864502, 12.283355712890625, 12.8406343460083, 13.397913932800293, 13.955192565917969, 14.512471199035645, 15.06974983215332, 15.638639450073242, 16.20752716064453, 16.776416778564453, 17.380136489868164, 17.856143951416016, 18.29732322692871, 18.715282440185547, 19.133241653442383, 19.56281089782715, 19.992380142211914, 20.41033935546875, 20.828298568725586, 21.246257781982422, 21.664216995239258, 22.082176208496094, 22.50013542175293, 22.929704666137695, 23.35927391052246, 23.777233123779297, 24.195192337036133, 24.61315155029297, 25.031110763549805, 25.44906997680664, 25.867029190063477, 26.284988403320312, 26.70294761657715, 27.132516860961914, 27.56208610534668, 27.980045318603516, 28.39800453186035, 28.815963745117188, 29.233922958374023, 29.65188217163086, 30.069841384887695, 30.48780059814453, 30.905759811401367, 31.335329055786133, 31.7648983001709, 32.182857513427734, 32.60081481933594, 33.018775939941406, 33.43673324584961, 33.843082427978516], "rhythm.bpm_histogram": [0.0, 0.0, 0.0, 0.0, 0.0, 0.0, 0.0, 0.0, 0.0, 0.0, 0.0, 0.0, 0.0, 0.0, 0.0, 0.0, 0.0, 0.0, 0.0, 0.0, 0.0, 0.0, 0.0, 0.0, 0.0, 0.0, 0.0, 0.0, 0.0, 0.0, 0.0, 0.0, 0.0, 0.0, 0.0, 0.0, 0.0, 0.0, 0.0, 0.0, 0.0, 0.0, 0.0, 0.0, 0.0, 0.0, 0.0, 0.0, 0.0, 0.0, 0.0, 0.0, 0.0, 0.0, 0.0, 0.0, 0.0, 0.0, 0.0, 0.0, 0.0, 0.0, 0.0, 0.0, 0.0, 0.0, 0.0, 0.0, 0.0, 0.0, 0.0, 0.0, 0.0, 0.0, 0.0, 0.0, 0.0, 0.0, 0.0, 0.0, 0.0, 0.0, 0.0, 0.0, 0.0, 0.0, 0.0, 0.0, 0.0, 0.0, 0.0, 0.0, 0.0, 0.0, 0.0, 0.0, 0.0, 0.0, 0.0, 0.014492753893136978, 0.0, 0.0, 0.0, 0.0, 0.0, 0.1304347813129425, 0.0, 0.0, 0.2753623127937317, 0.0, 0.014492753893136978, 0.0, 0.0, 0.0, 0.0, 0.0, 0.0, 0.0, 0.0, 0.0, 0.0, 0.0, 0.0, 0.0, 0.0, 0.0, 0.014492753893136978, 0.0, 0.0, 0.0, 0.0, 0.0, 0.0, 0.0, 0.0, 0.0, 0.014492753893136978, 0.0, 0.0, 0.0, 0.11594203114509583, 0.0, 0.0, 0.0, 0.4057970941066742, 0.0, 0.0, 0.0, 0.014492753893136978, 0.0, 0.0, 0.0, 0.0, 0.0, 0.0, 0.0, 0.0, 0.0, 0.0, 0.0, 0.0, 0.0, 0.0, 0.0, 0.0, 0.0, 0.0, 0.0, 0.0, 0.0, 0.0, 0.0, 0.0, 0.0, 0.0, 0.0, 0.0, 0.0, 0.0, 0.0, 0.0, 0.0, 0.0, 0.0, 0.0, 0.0, 0.0, 0.0, 0.0, 0.0, 0.0, 0.0, 0.0, 0.0, 0.0, 0.0, 0.0, 0.0, 0.0, 0.0, 0.0, 0.0, 0.0, 0.0, 0.0, 0.0, 0.0, 0.0, 0.0, 0.0, 0.0, 0.0, 0.0, 0.0, 0.0, 0.0, 0.0, 0.0, 0.0, 0.0, 0.0, 0.0, 0.0, 0.0, 0.0, 0.0, 0.0, 0.0, 0.0, 0.0, 0.0, 0.0, 0.0, 0.0, 0.0, 0.0, 0.0, 0.0, 0.0, 0.0, 0.0, 0.0, 0.0, 0.0, 0.0, 0.0, 0.0, 0.0, 0.0, 0.0], "tonal.chords_histogram": [0.8097165822982788, 2.834007978439331, 14.709851264953613, 0.0, 0.0, 0.0, 2.834007978439331, 0.0, 0.0, 6.74763822555542, 0.0, 0.4048582911491394, 0.0, 1.0796221494674683, 0.13495276868343353, 0.13495276868343353, 30.499324798583984, 0.0, 0.0, 0.0, 0.0, 0.0, 0.0, 39.811065673828125], "tonal.thpcp": [1.0, 0.8839762806892395, 0.8089501857757568, 0.8752694129943848, 0.8767476677894592, 0.8029403686523438, 0.7496986389160156, 0.643669605255127, 0.6191793084144592, 0.5721627473831177, 0.46068766713142395, 0.42156025767326355, 0.4494800269603729, 0.4651995301246643, 0.46298450231552124, 0.454939067363739, 0.40575361251831055, 0.35437846183776855, 0.3485245406627655, 0.39777761697769165, 0.42922818660736084, 0.47030913829803467, 0.5410963892936707, 0.48001086711883545, 0.41927623748779297, 0.48706790804862976, 0.5823577046394348, 0.5878874659538269, 0.5385525226593018, 0.5242459774017334, 0.5408458709716797, 0.6695295572280884, 0.7697215676307678, 0.8510693907737732, 0.9298754334449768, 0.9909664392471313], "lowlevel.gfcc.cov": [[9273.1416015625, 212.7523193359375, -93.8010482788086, 145.00534057617188, -162.7228546142578, 39.25415802001953, -237.7069549560547, 128.08706665039062, -131.62330627441406, 39.799888610839844, -96.22600555419922, 49.0946159362793, -71.4627685546875], [212.7523193359375, 448.0139465332031, -179.1878204345703, -17.649168014526367, -17.025859832763672, -112.77411651611328, 44.56772232055664, -15.75890827178955, 2.9983327388763428, -11.843814849853516, 24.338180541992188, -42.07239532470703, 49.147342681884766], [-93.8010482788086, -179.1878204345703, 411.1328125, 99.41122436523438, 70.41575622558594, 74.26448059082031, -18.908048629760742, 2.4844865798950195, 7.990685939788818, 0.3026773929595947, -12.258378028869629, 52.3895378112793, -23.516338348388672], [145.00534057617188, -17.649168014526367, 99.41122436523438, 256.4107666015625, 114.4381332397461, 22.728235244750977, -6.087347030639648, -54.9973258972168, -7.839427947998047, -44.317840576171875, -27.358421325683594, -32.64826202392578, -12.077641487121582], [-162.7228546142578, -17.025859832763672, 70.41575622558594, 114.4381332397461, 208.61911010742188, 44.97538375854492, 69.44731140136719, 22.85631561279297, 7.412437438964844, 29.990575790405273, -5.76674222946167, -0.4232428967952728, 10.221582412719727], [39.25415802001953, -112.77411651611328, 74.26448059082031, 22.728235244750977, 44.97538375854492, 132.93861389160156, 61.5174560546875, 42.14039611816406, 23.003055572509766, -0.7300946712493896, -1.079516887664795, 6.266730308532715, -11.883299827575684], [-237.7069549560547, 44.56772232055664, -18.908048629760742, -6.087347030639648, 69.44731140136719, 61.5174560546875, 173.71266174316406, 76.5243911743164, 28.93817901611328, 10.635185241699219, -3.786588430404663, -13.423433303833008, 0.24850411713123322], [128.08706665039062, -15.75890827178955, 2.4844865798950195, -54.9973258972168, 22.85631561279297, 42.14039611816406, 76.5243911743164, 109.82362365722656, 48.17362976074219, 45.288604736328125, 14.310835838317871, 16.11556053161621, 8.97219181060791], [-131.62330627441406, 2.9983327388763428, 7.990685939788818, -7.839427947998047, 7.412437438964844, 23.003055572509766, 28.93817901611328, 48.17362976074219, 95.11568450927734, 49.786163330078125, 28.456531524658203, 0.880108654499054, -0.8795279264450073], [39.799888610839844, -11.843814849853516, 0.3026773929595947, -44.317840576171875, 29.990575790405273, -0.7300946712493896, 10.635185241699219, 45.288604736328125, 49.786163330078125, 97.83487701416016, 42.904720306396484, 24.567291259765625, 4.453285217285156], [-96.22600555419922, 24.338180541992188, -12.258378028869629, -27.358421325683594, -5.76674222946167, -1.079516887664795, -3.786588430404663, 14.310835838317871, 28.456531524658203, 42.904720306396484, 64.44461822509766, 32.95400619506836, 24.37488555908203], [49.0946159362793, -42.07239532470703, 52.3895378112793, -32.64826202392578, -0.4232428967952728, 6.266730308532715, -13.423433303833008, 16.11556053161621, 0.880108654499054, 24.567291259765625, 32.95400619506836, 74.55490112304688, 37.0035514831543], [-71.4627685546875, 49.147342681884766, -23.516338348388672, -12.077641487121582, 10.221582412719727, -11.883299827575684, 0.24850411713123322, 8.97219181060791, -0.8795279264450073, 4.453285217285156, 24.37488555908203, 37.0035514831543, 74.7029037475586]], "lowlevel.gfcc.icov": [[0.0002677513984963298, -0.0008118439000099897, 0.00035653263330459595, -0.0010468882974237204, 0.0007578757358714938, -0.001138624269515276, 0.0011607493506744504, -0.0015396912349388003, 0.0011618603020906448, -0.0012684152461588383, 0.001493158400990069, -0.001421842142008245, 0.0009358595707453787], [-0.0008118439000099897, 0.007349623367190361, -0.0008560474961996078, 0.0034267890732735395, -0.0023956371005624533, 0.008131176233291626, -0.006418017670512199, 0.005403611809015274, -0.004143917933106422, 0.005620561074465513, -0.008366326801478863, 0.008811342529952526, -0.006352456286549568], [0.00035653263330459595, -0.0008560474961996078, 0.004798342473804951, -0.0029809586703777313, 0.0002942505816463381, -0.0028343922458589077, 0.0025138116907328367, -0.0023205215111374855, 0.0004644787113647908, -0.0011971985222771764, 0.004071610514074564, -0.007743918336927891, 0.004296232480555773], [-0.0010468882974237204, 0.0034267890732735395, -0.0029809586703777313, 0.013447570614516735, -0.009195367805659771, 0.004660245031118393, -0.003279966302216053, 0.009971372783184052, -0.008185239508748055, 0.01095679122954607, -0.007803484331816435, 0.009361211210489273, -0.004047753755003214], [0.0007578757358714938, -0.0023956371005624533, 0.0002942505816463381, -0.009195367805659771, 0.01400983240455389, -0.005007791332900524, -0.0011093209031969309, -0.004276376683264971, 0.0076294285245239735, -0.013529805466532707, 0.008141852915287018, -0.0034162416122853756, -0.00135722232516855], [-0.001138624269515276, 0.008131176233291626, -0.0028343922458589077, 0.004660245031118393, -0.005007791332900524, 0.02116105891764164, -0.010108713060617447, 0.00396261690184474, -0.007463829591870308, 0.011753312312066555, -0.012273561209440231, 0.008492139168083668, -0.003958794288337231], [0.0011607493506744504, -0.006418017670512199, 0.0025138116907328367, -0.003279966302216053, -0.0011093209031969309, -0.010108713060617447, 0.018655262887477875, -0.014645221643149853, 0.0046057868748903275, -0.0020064592827111483, 0.007229505572468042, -0.0061275227926671505, 0.006684696301817894], [-0.0015396912349388003, 0.005403611809015274, -0.0023205215111374855, 0.009971372783184052, -0.004276376683264971, 0.00396261690184474, -0.014645221643149853, 0.03200734406709671, -0.013416580855846405, 0.0011627713683992624, -0.0033081676810979843, 0.005702594760805368, -0.008698966354131699], [0.0011618603020906448, -0.004143917933106422, 0.0004644787113647908, -0.008185239508748055, 0.0076294285245239735, -0.007463829591870308, 0.0046057868748903275, -0.013416580855846405, 0.02571556344628334, -0.015230320394039154, 0.0014136751415207982, 0.00013087822298984975, 0.002710068365558982], [-0.0012684152461588383, 0.005620561074465513, -0.0011971985222771764, 0.01095679122954607, -0.013529805466532707, 0.011753312312066555, -0.0020064592827111483, 0.0011627713683992624, -0.015230320394039154, 0.03632945939898491, -0.021721215918660164, 0.0044942996464669704, 0.0025875128339976072], [0.001493158400990069, -0.008366326801478863, 0.004071610514074564, -0.007803484331816435, 0.008141852915287018, -0.012273561209440231, 0.007229505572468042, -0.0033081676810979843, 0.0014136751415207982, -0.021721215918660164, 0.04458599165081978, -0.02254103682935238, 0.002188612474128604], [-0.001421842142008245, 0.008811342529952526, -0.007743918336927891, 0.009361211210489273, -0.0034162416122853756, 0.008492139168083668, -0.0061275227926671505, 0.005702594760805368, 0.00013087822298984975, 0.0044942996464669704, -0.02254103682935238, 0.045341856777668, -0.022298891097307205], [0.0009358595707453787, -0.006352456286549568, 0.004296232480555773, -0.004047753755003214, -0.00135722232516855, -0.003958794288337231, 0.006684696301817894, -0.008698966354131699, 0.002710068365558982, 0.0025875128339976072, 0.002188612474128604, -0.022298891097307205, 0.02994660660624504]], "lowlevel.mfcc.cov": [[6194.85986328125, 447.28704833984375, 217.40733337402344, 103.40726470947266, 84.33450317382812, -22.827285766601562, -26.74830436706543, 10.316720962524414, -11.593818664550781, -28.965261459350586, -39.34951400756836, 5.180454730987549, 8.435976028442383], [447.28704833984375, 426.00506591796875, -148.02932739257812, 29.747974395751953, -81.63497161865234, -75.85265350341797, 21.498567581176758, -39.841209411621094, 26.888137817382812, -1.4133069515228271, -6.072175025939941, 25.166717529296875, 12.669866561889648], [217.40733337402344, -148.02932739257812, 315.73992919921875, 7.8877997398376465, 71.0046615600586, 40.82853698730469, -36.39281463623047, 39.08375930786133, -28.584667205810547, -18.034677505493164, -2.613617181777954, -24.88016700744629, 8.420204162597656], [103.40726470947266, 29.747974395751953, 7.8877997398376465, 236.99391174316406, 95.20823669433594, 67.32223510742188, 23.434720993041992, -3.056548833847046, 5.123228073120117, -2.7454888820648193, -14.47967529296875, -19.509056091308594, -24.167194366455078], [84.33450317382812, -81.63497161865234, 71.0046615600586, 95.20823669433594, 157.0232696533203, 69.9156265258789, 5.606987953186035, -0.6240441799163818, -5.753602504730225, 8.327716827392578, -6.775252819061279, -4.523626804351807, 0.46504950523376465], [-22.827285766601562, -75.85265350341797, 40.82853698730469, 67.32223510742188, 69.9156265258789, 112.55509185791016, 41.3853645324707, 35.425994873046875, 11.457892417907715, 14.43660831451416, 11.46573543548584, -6.681579113006592, -10.338332176208496], [-26.74830436706543, 21.498567581176758, -36.39281463623047, 23.434720993041992, 5.606987953186035, 41.3853645324707, 114.01021575927734, 54.8428840637207, 45.6806640625, 17.521696090698242, 7.916175842285156, 10.576351165771484, -5.439088344573975], [10.316720962524414, -39.841209411621094, 39.08375930786133, -3.056548833847046, -0.6240441799163818, 35.425994873046875, 54.8428840637207, 96.41204833984375, 48.215267181396484, 21.193138122558594, 9.260777473449707, -0.18816901743412018, 1.3210251331329346], [-11.593818664550781, 26.888137817382812, -28.584667205810547, 5.123228073120117, -5.753602504730225, 11.457892417907715, 45.6806640625, 48.215267181396484, 82.63813018798828, 46.96888732910156, 24.066707611083984, 18.219968795776367, 5.50072717666626], [-28.965261459350586, -1.4133069515228271, -18.034677505493164, -2.7454888820648193, 8.327716827392578, 14.43660831451416, 17.521696090698242, 21.193138122558594, 46.96888732910156, 75.08019256591797, 44.0701789855957, 29.556602478027344, 12.926061630249023], [-39.34951400756836, -6.072175025939941, -2.613617181777954, -14.47967529296875, -6.775252819061279, 11.46573543548584, 7.916175842285156, 9.260777473449707, 24.066707611083984, 44.0701789855957, 73.03773498535156, 37.42681121826172, 17.74773597717285], [5.180454730987549, 25.166717529296875, -24.88016700744629, -19.509056091308594, -4.523626804351807, -6.681579113006592, 10.576351165771484, -0.18816901743412018, 18.219968795776367, 29.556602478027344, 37.42681121826172, 65.3300552368164, 32.96382522583008], [8.435976028442383, 12.669866561889648, 8.420204162597656, -24.167194366455078, 0.46504950523376465, -10.338332176208496, -5.439088344573975, 1.3210251331329346, 5.50072717666626, 12.926061630249023, 17.74773597717285, 32.96382522583008, 55.914093017578125]], "lowlevel.mfcc.icov": [[0.00019899690232705325, -0.00036245695082470775, -0.0002224655036116019, 5.1160026487195864e-05, -0.0002287048992002383, 2.738961484283209e-06, 0.00011874268966494128, -0.00021221803035587072, 0.00011283348430879414, -1.251705725735519e-05, 6.830140046076849e-05, -0.00013489830598700792, 0.0001763369218679145], [-0.00036245695082470775, 0.004541333299130201, 0.0010048503754660487, -0.0018786446889862418, 0.0023287718649953604, 0.002017867285758257, -0.0016504727536812425, 0.0025087487883865833, -0.001984108006581664, 0.000505356932990253, 0.0005755939637310803, -0.0004259178531356156, -0.0016570002771914005], [-0.0002224655036116019, 0.0010048503754660487, 0.005531291011720896, 0.00017680150631349534, -0.0021265035029500723, 1.8915139662567526e-05, 0.0025734801311045885, -0.004345451947301626, 0.0018198483157902956, 0.0016365987248718739, -0.0018792087212204933, 0.0018720600055530667, -0.001641051727347076], [5.1160026487195864e-05, -0.0018786446889862418, 0.00017680150631349534, 0.00735699525102973, -0.004226105287671089, -0.003141100751236081, 0.00024127298092935234, 0.0006771014304831624, -0.0011263751657679677, 0.0010326879564672709, -1.1070090295106638e-05, 0.0010228835744783282, 0.0023055882193148136], [-0.0002287048992002383, 0.0023287718649953604, -0.0021265035029500723, -0.004226105287671089, 0.014058409258723259, -0.005521077662706375, -0.0008676527650095522, 0.005070111248642206, -0.0007812066469341516, -0.0035538296215236187, 0.004845812916755676, -0.001891147461719811, -0.0028662809636443853], [2.738961484283209e-06, 0.002017867285758257, 1.8915139662567526e-05, -0.003141100751236081, -0.005521077662706375, 0.019522324204444885, -0.005459430627524853, -0.004430234897881746, 0.003561037592589855, -0.0012470794608816504, -0.004887046758085489, 0.0023977719247341156, 0.0014865609118714929], [0.00011874268966494128, -0.0016504727536812425, 0.0025734801311045885, 0.00024127298092935234, -0.0008676527650095522, -0.005459430627524853, 0.017560377717018127, -0.008578121662139893, -0.003934384789317846, 0.0032268629875034094, 0.0007523746462538838, -0.003978152293711901, 0.0027290291618555784], [-0.00021221803035587072, 0.0025087487883865833, -0.004345451947301626, 0.0006771014304831624, 0.005070111248642206, -0.004430234897881746, -0.008578121662139893, 0.02606566995382309, -0.01301929634064436, 2.440175012452528e-05, 0.002506416058167815, 0.002648515161126852, -0.0029827880207449198], [0.00011283348430879414, -0.001984108006581664, 0.0018198483157902956, -0.0011263751657679677, -0.0007812066469341516, 0.003561037592589855, -0.003934384789317846, -0.01301929634064436, 0.03136030584573746, -0.01525766123086214, -3.121769623248838e-05, -0.00023301180044654757, 0.0008507966413162649], [-1.251705725735519e-05, 0.000505356932990253, 0.0016365987248718739, 0.0010326879564672709, -0.0035538296215236187, -0.0012470794608816504, 0.0032268629875034094, 2.440175012452528e-05, -0.01525766123086214, 0.031913984566926956, -0.012902112677693367, -0.003062627511098981, 0.0002236236323369667], [6.830140046076849e-05, 0.0005755939637310803, -0.0018792087212204933, -1.1070090295106638e-05, 0.004845812916755676, -0.004887046758085489, 0.0007523746462538838, 0.002506416058167815, -3.121769623248838e-05, -0.012902112677693367, 0.02824392542243004, -0.011590849608182907, 6.168171239551157e-05], [-0.00013489830598700792, -0.0004259178531356156, 0.0018720600055530667, 0.0010228835744783282, -0.001891147461719811, 0.0023977719247341156, -0.003978152293711901, 0.002648515161126852, -0.00023301180044654757, -0.003062627511098981, -0.011590849608182907, 0.032720353454351425, -0.014593522995710373], [0.0001763369218679145, -0.0016570002771914005, -0.001641051727347076, 0.0023055882193148136, -0.0028662809636443853, 0.0014865609118714929, 0.0027290291618555784, -0.0029827880207449198, 0.0008507966413162649, 0.0002236236323369667, 6.168171239551157e-05, -0.014593522995710373, 0.028560282662510872]], "metadata.audio_properties.analysis.downmix": "mix", "metadata.audio_properties.codec": "mp3", "metadata.audio_properties.md5_encoded": "76677633fde6c7a5e668a43ef65a60bc", "metadata.tags.file_name": "1183711606824247306.mp3", "metadata.version.essentia": "2.1-beta6-dev", "metadata.version.essentia_git_sha": "v2.1_beta5-1110-g77a6a954", "metadata.version.extractor": "music 2.0", "tonal.chords_key": "C#", "tonal.chords_scale": "major", "tonal.key_edma.key": 