{"song_id": "1183720030555344957", "download": "https://cdn.discordapp.com/attachments/1135903449314238464/1183720030555344957/chirp.mp4?ex=65895c2f&amp", "lyrics": "my name is toxic, but I'm not toxic, but I love your baby who sits on my seat and I smoke in my lowride", "style": ["good night song"], "essentia_features": {"lowlevel.average_loudness": 0.9861490726470947, "lowlevel.barkbands_crest.mean": 17.1878719329834, "lowlevel.barkbands_crest.stdev": 4.660007476806641, "lowlevel.barkbands_flatness_db.mean": 0.25967714190483093, "lowlevel.barkbands_flatness_db.stdev": 0.0825849324464798, "lowlevel.barkbands_kurtosis.mean": 67.63032531738281, "lowlevel.barkbands_kurtosis.stdev": 88.22651672363281, "lowlevel.barkbands_skewness.mean": 6.240090370178223, "lowlevel.barkbands_skewness.stdev": 3.5686137676239014, "lowlevel.barkbands_spread.mean": 11.132916450500488, "lowlevel.barkbands_spread.stdev": 12.901554107666016, "lowlevel.dissonance.mean": 0.45475834608078003, "lowlevel.dissonance.stdev": 0.03910578787326813, "lowlevel.dynamic_complexity": 2.6049349308013916, "lowlevel.erbbands_crest.mean": 8.511536598205566, "lowlevel.erbbands_crest.stdev": 3.584533452987671, "lowlevel.erbbands_flatness_db.mean": 0.11816437542438507, "lowlevel.erbbands_flatness_db.stdev": 0.024069679901003838, "lowlevel.erbbands_kurtosis.mean": 0.33138689398765564, "lowlevel.erbbands_kurtosis.stdev": 1.993876576423645, "lowlevel.erbbands_skewness.mean": 0.31573012471199036, "lowlevel.erbbands_skewness.stdev": 0.9785716533660889, "lowlevel.erbbands_spread.mean": 76.73139953613281, "lowlevel.erbbands_spread.stdev": 36.99504089355469, "lowlevel.hfc.mean": 19.65723991394043, "lowlevel.hfc.stdev": 17.080045700073242, "lowlevel.loudness_ebu128.integrated": -13.506256103515625, "lowlevel.loudness_ebu128.loudness_range": 0.9754800796508789, "lowlevel.loudness_ebu128.momentary.mean": -13.752137184143066, "lowlevel.loudness_ebu128.momentary.stdev": 1.4741625785827637, "lowlevel.loudness_ebu128.short_term.mean": -14.074997901916504, "lowlevel.loudness_ebu128.short_term.stdev": 0.37248796224594116, "lowlevel.melbands_crest.mean": 30.619352340698242, "lowlevel.melbands_crest.stdev": 6.426768779754639, "lowlevel.melbands_flatness_db.mean": 0.34779033064842224, "lowlevel.melbands_flatness_db.stdev": 0.09844657778739929, "lowlevel.melbands_kurtosis.mean": 225.4753875732422, "lowlevel.melbands_kurtosis.stdev": 252.09356689453125, "lowlevel.melbands_skewness.mean": 10.794011116027832, "lowlevel.melbands_skewness.stdev": 6.230889797210693, "lowlevel.melbands_spread.mean": 8.319201469421387, "lowlevel.melbands_spread.stdev": 19.211381912231445, "lowlevel.pitch_salience.mean": 0.25052928924560547, "lowlevel.pitch_salience.stdev": 0.14381204545497894, "lowlevel.silence_rate_20dB.mean": 1.0, "lowlevel.silence_rate_20dB.stdev": 0.0, "lowlevel.silence_rate_30dB.mean": 0.581589937210083, "lowlevel.silence_rate_30dB.stdev": 0.49329832196235657, "lowlevel.silence_rate_60dB.mean": 0.04184100404381752, "lowlevel.silence_rate_60dB.stdev": 0.20022636651992798, "lowlevel.spectral_centroid.mean": 1258.79833984375, "lowlevel.spectral_centroid.stdev": 762.339599609375, "lowlevel.spectral_complexity.mean": 9.92887020111084, "lowlevel.spectral_complexity.stdev": 7.456931114196777, "lowlevel.spectral_decrease.mean": -2.7437708993716114e-08, "lowlevel.spectral_decrease.stdev": 1.462336207680437e-08, "lowlevel.spectral_energy.mean": 0.1053391844034195, "lowlevel.spectral_energy.stdev": 0.05567777156829834, "lowlevel.spectral_energyband_high.mean": 0.0012148270616307855, "lowlevel.spectral_energyband_high.stdev": 0.0017335859593003988, "lowlevel.spectral_energyband_low.mean": 0.09518466144800186, "lowlevel.spectral_energyband_low.stdev": 0.055009398609399796, "lowlevel.spectral_energyband_middle_high.mean": 0.0016592878382652998, "lowlevel.spectral_energyband_middle_high.stdev": 0.002132227411493659, "lowlevel.spectral_energyband_middle_low.mean": 0.007951120845973492, "lowlevel.spectral_energyband_middle_low.stdev": 0.019253283739089966, "lowlevel.spectral_entropy.mean": 7.801936149597168, "lowlevel.spectral_entropy.stdev": 0.4527008533477783, "lowlevel.spectral_flux.mean": 0.13779793679714203, "lowlevel.spectral_flux.stdev": 0.10876936465501785, "lowlevel.spectral_kurtosis.mean": 1.7307803630828857, "lowlevel.spectral_kurtosis.stdev": 2.005202054977417, "lowlevel.spectral_rms.mean": 0.00970091950148344, "lowlevel.spectral_rms.stdev": 0.0029431385919451714, "lowlevel.spectral_rolloff.mean": 407.1492614746094, "lowlevel.spectral_rolloff.stdev": 1362.36474609375, "lowlevel.spectral_skewness.mean": 1.1924958229064941, "lowlevel.spectral_skewness.stdev": 0.5269858837127686, "lowlevel.spectral_spread.mean": 7579800.0, "lowlevel.spectral_spread.stdev": 2233555.75, "lowlevel.spectral_strongpeak.mean": 0.5095220804214478, "lowlevel.spectral_strongpeak.stdev": 0.32209959626197815, "lowlevel.zerocrossingrate.mean": 0.027868805453181267, "lowlevel.zerocrossingrate.stdev": 0.03413662314414978, "metadata.audio_properties.analysis.equal_loudness": 0.0, "metadata.audio_properties.analysis.length": 5.525328636169434, "metadata.audio_properties.analysis.sample_rate": 44100.0, "metadata.audio_properties.analysis.start_time": 0.0, "metadata.audio_properties.bit_rate": 121241.0, "metadata.audio_properties.length": 5.525333404541016, "metadata.audio_properties.lossless": 0.0, "metadata.audio_properties.number_channels": 1.0, "metadata.audio_properties.replay_gain": -11.350347518920898, "metadata.audio_properties.sample_rate": 48000.0, "rhythm.beats_count": 10.0, "rhythm.beats_loudness.mean": 0.17355990409851074, "rhythm.beats_loudness.stdev": 0.06391768902540207, "rhythm.bpm": 115.72640228271484, "rhythm.bpm_histogram_first_peak_bpm": 115.0, "rhythm.bpm_histogram_first_peak_weight": 0.5555555820465088, "rhythm.bpm_histogram_second_peak_bpm": 0.0, "rhythm.bpm_histogram_second_peak_spread": 0.0, "rhythm.bpm_histogram_second_peak_weight": 0.0, "rhythm.danceability": 1.2962300777435303, "rhythm.onset_rate": 5.056014060974121, "tonal.chords_changes_rate": 0.15833333134651184, "tonal.chords_number_rate": 0.06666667014360428, "tonal.chords_strength.mean": 0.4426470994949341, "tonal.chords_strength.stdev": 0.041112154722213745, "tonal.hpcp_crest.mean": 13.003348350524902, "tonal.hpcp_crest.stdev": 5.518916606903076, "tonal.hpcp_entropy.mean": 2.0497193336486816, "tonal.hpcp_entropy.stdev": 0.6713057160377502, "tonal.key_edma.strength": 0.4695017635822296, "tonal.key_krumhansl.strength": 0.4649626910686493, "tonal.key_temperley.strength": 0.4586811363697052, "tonal.tuning_diatonic_strength": 0.5716640949249268, "tonal.tuning_equal_tempered_deviation": 0.272017240524292, "tonal.tuning_frequency": 434.193115234375, "tonal.tuning_nontempered_energy_ratio": 0.915307879447937, "lowlevel.barkbands.mean": [0.017989013344049454, 0.06775365769863129, 0.008794432505965233, 0.0029929541051387787, 0.001474279211834073, 0.0015335147036239505, 0.0009936969727277756, 0.0005597495473921299, 0.00034005410270765424, 0.0001958485081559047, 0.00021458820265252143, 0.00024493399541825056, 0.00016015481378417462, 0.0002127716434188187, 0.00010809205559780821, 0.000150040490552783, 0.00011638049909379333, 0.00013955190661363304, 0.00010347579518565908, 9.572805720381439e-05, 0.0001445401576347649, 0.00017263993504457176, 0.00031088790274225175, 0.00033553942921571434, 0.00015220072236843407, 5.008696825825609e-05, 4.6618970372946933e-07], "lowlevel.barkbands.stdev": [0.010846789926290512, 0.04660565033555031, 0.027158496901392937, 0.010335030034184456, 0.005024903453886509, 0.0030849387403577566, 0.003014575457200408, 0.0011890883324667811, 0.0006879290449433029, 0.0003713516634888947, 0.0005537752294912934, 0.0006150240660645068, 0.0004182153206784278, 0.0005148163181729615, 0.0002466360165271908, 0.0003594733134377748, 0.00023036675702314824, 0.0002334132877876982, 0.00021858644322492182, 0.0002342678199056536, 0.00038015696918591857, 0.00031089878757484257, 0.0004434526199474931, 0.00044527335558086634, 0.00020354267326183617, 7.308779458981007e-05, 1.230376824423729e-06], "lowlevel.erbbands.mean": [3.4830853939056396, 9.059341430664062, 11.412359237670898, 10.747841835021973, 6.640568256378174, 4.1248931884765625, 10.733768463134766, 11.265777587890625, 11.80264949798584, 13.587081909179688, 14.441215515136719, 6.775604724884033, 6.390694618225098, 9.325067520141602, 8.202791213989258, 9.71070384979248, 8.45526123046875, 10.658048629760742, 6.767300128936768, 6.82304573059082, 7.950784206390381, 7.23836088180542, 7.808395862579346, 5.129941940307617, 5.450704574584961, 4.640288352966309, 5.789328098297119, 5.1222968101501465, 6.280775547027588, 7.194311141967773, 8.761361122131348, 7.913177490234375, 5.1325154304504395, 2.2402396202087402, 0.7776045799255371, 0.29052239656448364, 0.08455897122621536, 0.006431609857827425, 0.00019420708122197539, 0.000125424237921834], "lowlevel.erbbands.stdev": [1.8701905012130737, 11.338133811950684, 29.372968673706055, 31.541702270507812, 25.953895568847656, 13.63478946685791, 18.61065101623535, 31.99713134765625, 29.940868377685547, 43.883575439453125, 28.17669677734375, 13.409638404846191, 11.438031196594238, 20.422210693359375, 16.2740535736084, 24.443164825439453, 20.414161682128906, 25.38443374633789, 14.299473762512207, 16.694061279296875, 17.338619232177734, 13.30303955078125, 12.732294082641602, 8.8539457321167, 13.200233459472656, 11.671601295471191, 14.36996841430664, 14.269402503967285, 12.408645629882812, 11.443890571594238, 12.038566589355469, 11.032391548156738, 6.6241607666015625, 2.9179112911224365, 1.1053123474121094, 0.4765841066837311, 0.1208796501159668, 0.010224658064544201, 0.00021316339552868158, 6.18475241935812e-05], "lowlevel.gfcc.mean": [-14.461396217346191, 68.5228500366211, -55.83253860473633, 56.578460693359375, -55.801387786865234, 39.41592025756836, -27.390657424926758, 26.952959060668945, -7.707928657531738, 12.682487487792969, -3.4278571605682373, 7.235629558563232, -5.500005722045898], "lowlevel.melbands.mean": [0.024725135415792465, 0.007540885359048843, 0.001735651632770896, 0.0003441541630309075, 0.00032412688597105443, 0.00025637104408815503, 0.0001972808240680024, 0.00013497205509338528, 0.00011691141116898507, 3.941033355658874e-05, 3.0415039873332717e-05, 3.6040462873643264e-05, 2.7206489903619513e-05, 2.5982481020037085e-05, 2.2140184228192084e-05, 1.778669138730038e-05, 2.0064107957296073e-05, 1.1394526154617779e-05, 8.288363460451365e-06, 1.0300936082785483e-05, 8.855835403664969e-06, 6.688672783639049e-06, 9.343234523839783e-06, 5.08496850670781e-06, 3.9875126276456285e-06, 4.029024239571299e-06, 3.65305413652095e-06, 2.865808710339479e-06, 3.281523959230981e-06, 3.7864281239308184e-06, 2.6162911126448307e-06, 3.351853365529678e-06, 3.724051339304424e-06, 4.348069069237681e-06, 4.799027465196559e-06, 5.390005753724836e-06, 4.811508006241638e-06, 3.930193997803144e-06, 2.519042709536734e-06, 1.6707016357031534e-06], "lowlevel.melbands.stdev": [0.013333653099834919, 0.013253343291580677, 0.005113562569022179, 0.0013019449543207884, 0.0006021668086759746, 0.0006554090068675578, 0.0005273704300634563, 0.0004232713545206934, 0.0002269394462928176, 7.902373909018934e-05, 5.644658813253045e-05, 7.961307710502297e-05, 6.445221515605226e-05, 6.171101267682388e-05, 6.0315844166325405e-05, 4.1687402699608356e-05, 5.20534667884931e-05, 2.6123778297915123e-05, 1.9393666661926545e-05, 2.695438888622448e-05, 1.9118466298095882e-05, 1.3721495633944869e-05, 1.6980729924398474e-05, 8.582985174143687e-06, 6.917045084264828e-06, 9.490601769357454e-06, 8.806495316093788e-06, 7.78576395532582e-06, 7.959818503877614e-06, 9.861998478299938e-06, 7.871740308473818e-06, 7.161786015785765e-06, 6.1241375988174696e-06, 7.331967481150059e-06, 6.762496468581958e-06, 7.513520813517971e-06, 7.099706181179499e-06, 4.961432750860695e-06, 3.5884513636119664e-06, 2.1593859855784103e-06], "lowlevel.melbands128.mean": [0.01671014539897442, 0.035164427012205124, 0.024074794724583626, 0.012582398019731045, 0.00675654923543334, 0.0039480384439229965, 0.0022897692397236824, 0.001247935346327722, 0.0005910611944273114, 0.0002808122371789068, 0.000179243172169663, 0.0002295763697475195, 0.00042410948663018644, 0.0003736273793037981, 0.00025605919654481113, 0.00020991699420847, 0.00012163828068878502, 0.00021756663045380265, 0.0002724651712924242, 0.00013905265950597823, 6.799414404667914e-05, 9.582126222085208e-05, 0.00017276407743338495, 7.47261437936686e-05, 2.3725518985884264e-05, 2.862675864889752e-05, 5.355164466891438e-05, 2.679245881154202e-05, 1.6432724805781618e-05, 2.672621667443309e-05, 5.374696775106713e-05, 3.365859083714895e-05, 1.837634226831142e-05, 2.983788726851344e-05, 2.5854633349808864e-05, 2.136713192157913e-05, 3.225839100196026e-05, 2.2844242266728543e-05, 1.3775506886304356e-05, 2.2120490029919893e-05, 1.3851175935997162e-05, 1.9952000002376735e-05, 2.4357092115678824e-05, 1.6934174709604122e-05, 1.614238863112405e-05, 9.353449968330096e-06, 7.554257990705082e-06, 8.0107001849683e-06, 9.309135748480912e-06, 8.218228686018847e-06, 1.0940706488327123e-05, 1.2048012649756856e-05, 9.318866432295181e-06, 7.658511094632559e-06, 6.488743110821815e-06, 6.2451827034237795e-06, 7.091707175277406e-06, 9.153249266091734e-06, 1.2188760592835024e-05, 5.9204471654084045e-06, 4.509931841312209e-06, 4.2369997572677676e-06, 4.01031593355583e-06, 3.861191544274334e-06, 4.134440587222343e-06, 3.73550960830471e-06, 4.380491191113833e-06, 3.871276931022294e-06, 3.6274709600547794e-06, 3.050664645343204e-06, 3.1131239666137844e-06, 2.5822073439485393e-06, 2.3568625238112872e-06, 3.6405506307346513e-06, 4.160691332799615e-06, 3.887120783474529e-06, 3.818666755250888e-06, 2.7013616090698633e-06, 2.615304765640758e-06, 2.0583167952281656e-06, 3.2153100164578063e-06, 3.872338311339263e-06, 3.913092768925708e-06, 3.964386451116297e-06, 3.3297187655989546e-06, 3.2259372346743476e-06, 5.2318328016554005e-06, 5.546283773583127e-06, 3.7106974559719674e-06, 5.1218471526226494e-06, 6.467700586654246e-06, 5.169777068658732e-06, 4.1694265746627934e-06, 5.116448846820276e-06, 5.090528247819748e-06, 4.129785338591319e-06, 3.908026883436833e-06, 3.242829734517727e-06, 2.4297344225487905e-06, 2.3093602976587135e-06, 1.915929942697403e-06, 1.5824059573787963e-06, 1.2958919342054287e-06, 1.1601908909142367e-06, 7.278473503902205e-07, 6.303953341557644e-07, 6.830404117863509e-07, 5.30041916135815e-07, 4.687146883952664e-07, 4.2108322872991266e-07, 4.7511144884992973e-07, 3.31693911448383e-07, 2.5233660494450305e-07, 1.7819149888964603e-07, 1.0870069644397518e-07, 4.563539590662913e-08, 1.8424936243377488e-08, 1.5290270161116837e-09, 1.4063592304602857e-11, 1.3599565050481655e-11, 1.325432472110144e-11, 1.2992312954651641e-11, 1.265360819596717e-11, 1.2437153737443474e-11, 1.2219258591072979e-11, 1.199807961316246e-11, 1.1859872459107912e-11, 1.1789107016990652e-11], "lowlevel.melbands128.stdev": [0.009791132993996143, 0.019156768918037415, 0.020328905433416367, 0.02033405750989914, 0.016936829313635826, 0.012224559672176838, 0.007017418742179871, 0.004650470335036516, 0.0025529530830681324, 0.0011099472176283598, 0.00066680449526757, 0.0006376064848154783, 0.000765909266192466, 0.0006318949745036662, 0.0008412160095758736, 0.0009056162089109421, 0.00031605895492248237, 0.0006326879374682903, 0.0009222567896358669, 0.0005064551369287074, 0.0002443525299895555, 0.00023165627499110997, 0.00035616426612250507, 0.00019285939924884588, 7.576786447316408e-05, 7.241395360324532e-05, 0.00011650415399344638, 5.239812162471935e-05, 5.325399251887575e-05, 6.457067502196878e-05, 0.00013435978326015174, 0.0001448842667741701, 5.742316352552734e-05, 5.996762774884701e-05, 6.716915959259495e-05, 9.185451199300587e-05, 0.00010261451825499535, 7.84521471359767e-05, 5.984052404528484e-05, 7.10308231646195e-05, 4.2900628614006564e-05, 5.99804989178665e-05, 6.49181311018765e-05, 7.52438063500449e-05, 4.789080048794858e-05, 2.4991917598526925e-05, 1.8586113583296537e-05, 2.1789865058963187e-05, 3.0345056075020693e-05, 2.2602893295697868e-05, 3.8840753404656425e-05, 2.9007693228777498e-05, 2.4657971152919345e-05, 1.8088685465045273e-05, 1.4816820112173446e-05, 1.6150548617588356e-05, 1.6051741113187745e-05, 2.2314467059914023e-05, 2.42494024860207e-05, 1.0387058864580467e-05, 9.197545296046883e-06, 7.854886462155264e-06, 8.657515536469873e-06, 6.6027851062244736e-06, 7.320183613046538e-06, 9.178510481433477e-06, 1.5054037248773966e-05, 1.1412975254643243e-05, 9.470195436733775e-06, 6.713581115036504e-06, 1.168465860246215e-05, 7.558895504189422e-06, 5.462390163302189e-06, 9.015649084176403e-06, 1.1932611414522398e-05, 1.0165167623199522e-05, 1.0683657819754444e-05, 1.1006251952494495e-05, 8.876279935066123e-06, 4.823888957616873e-06, 8.236392204707954e-06, 7.900177479314152e-06, 8.564193194615655e-06, 6.207913429534528e-06, 5.314463578542927e-06, 6.574887720489642e-06, 9.515855708741583e-06, 1.0085335816256702e-05, 5.586459337791894e-06, 8.329859156219754e-06, 9.845155545917805e-06, 7.98798009782331e-06, 6.2112612795317546e-06, 9.184437658404931e-06, 7.532649306085659e-06, 5.370371127355611e-06, 4.954313226335216e-06, 5.429512384580448e-06, 3.7864788282604422e-06, 3.484308081169729e-06, 2.554218326622504e-06, 2.255903382319957e-06, 1.6763410712883342e-06, 1.679243155194854e-06, 1.2544968512884225e-06, 1.2424790156728704e-06, 1.1355307378835278e-06, 8.979134804576461e-07, 9.057182523974916e-07, 8.527940167368797e-07, 7.203726113402809e-07, 4.273755962458381e-07, 4.911851760880381e-07, 3.499688148167479e-07, 2.1470802380463283e-07, 8.844120458206817e-08, 4.373424644654733e-08, 4.374461237688365e-09, 1.7639223415244487e-11, 1.715795561185729e-11, 1.6730630769679067e-11, 1.6360354043731817e-11, 1.60243675967342e-11, 1.5740223360816152e-11, 1.5501450817412277e-11, 1.5313004336769964e-11, 1.517723620392264e-11, 1.5092919969372787e-11], "lowlevel.mfcc.mean": [-671.8591918945312, 95.16954803466797, 59.77136993408203, 28.450963973999023, 19.076894760131836, 14.917470932006836, 9.378873825073242, 16.80348777770996, 8.511552810668945, 13.388609886169434, 10.586804389953613, 12.64042854309082, 5.3841776847839355], "lowlevel.spectral_contrast_coeffs.mean": [-0.7471392154693604, -0.7778376340866089, -0.7984287738800049, -0.8162493705749512, -0.8124829530715942, -0.796622097492218], "lowlevel.spectral_contrast_coeffs.stdev": [0.07997046411037445, 0.06923483312129974, 0.05695473402738571, 0.051111090928316116, 0.0358952134847641, 0.035959843546152115], "lowlevel.spectral_contrast_valleys.mean": [-6.408303737640381, -7.164575576782227, -8.033074378967285, -8.38434886932373, -8.069084167480469, -9.557353973388672], "lowlevel.spectral_contrast_valleys.stdev": [0.8212680816650391, 0.8405604958534241, 0.8580507636070251, 0.9698311686515808, 0.909177303314209, 0.862387478351593], "rhythm.beats_loudness_band_ratio.mean": [0.9591141939163208, 0.006416007876396179, 0.014670563861727715, 0.00814688391983509, 0.005459311418235302, 0.006778436712920666], "rhythm.beats_loudness_band_ratio.stdev": [0.03837442770600319, 0.004085085820406675, 0.02423655055463314, 0.011978142894804478, 0.0067580752074718475, 0.005271710455417633], "tonal.hpcp.mean": [0.022941039875149727, 0.02885489910840988, 0.02095041237771511, 0.038445524871349335, 0.04434949904680252, 0.02224029414355755, 0.015015567652881145, 0.02361689880490303, 0.030278358608484268, 0.02003485895693302, 0.013262951746582985, 0.017601262778043747, 0.04872192069888115, 0.15897436439990997, 0.2974565625190735, 0.2977295517921448, 0.19830775260925293, 0.12877780199050903, 0.12894755601882935, 0.1396063268184662, 0.11235015094280243, 0.07016616314649582, 0.05399026349186897, 0.055205024778842926, 0.057860661298036575, 0.06545479595661163, 0.052979324012994766, 0.058083198964595795, 0.05626090243458748, 0.037185925990343094, 0.024746110662817955, 0.025861619040369987, 0.038756467401981354, 0.0313921719789505, 0.03354363888502121, 0.03148849681019783], "tonal.hpcp.stdev": [0.07264694571495056, 0.12796099483966827, 0.08790817856788635, 0.1548292636871338, 0.18349771201610565, 0.11755555868148804, 0.09237677603960037, 0.12655077874660492, 0.1496281623840332, 0.1091730147600174, 0.06471811234951019, 0.0878082662820816, 0.1584831178188324, 0.29475778341293335, 0.4067157208919525, 0.3940974473953247, 0.3299885392189026, 0.2613908648490906, 0.2795690596103668, 0.3148212730884552, 0.27576562762260437, 0.21598543226718903, 0.16675616800785065, 0.20427772402763367, 0.18267452716827393, 0.22054915130138397, 0.1814051866531372, 0.20689527690410614, 0.195237398147583, 0.15539178252220154, 0.12998676300048828, 0.11133397370576859, 0.17873592674732208, 0.12784449756145477, 0.15693049132823944, 0.11591225862503052], "rhythm.beats_position": [0.5572788715362549, 1.09133780002594, 1.6137868165969849, 2.1362357139587402, 2.6470746994018555, 3.1579136848449707, 3.668752670288086, 4.191201686859131, 4.713650703430176, 5.224489688873291], "rhythm.bpm_histogram": [0.0, 0.0, 0.0, 0.0, 0.0, 0.0, 0.0, 0.0, 0.0, 0.0, 0.0, 0.0, 0.0, 0.0, 0.0, 0.0, 0.0, 0.0, 0.0, 0.0, 0.0, 0.0, 0.0, 0.0, 0.0, 0.0, 0.0, 0.0, 0.0, 0.0, 0.0, 0.0, 0.0, 0.0, 0.0, 0.0, 0.0, 0.0, 0.0, 0.0, 0.0, 0.0, 0.0, 0.0, 0.0, 0.0, 0.0, 0.0, 0.0, 0.0, 0.0, 0.0, 0.0, 0.0, 0.0, 0.0, 0.0, 0.0, 0.0, 0.0, 0.0, 0.0, 0.0, 0.0, 0.0, 0.0, 0.0, 0.0, 0.0, 0.0, 0.0, 0.0, 0.0, 0.0, 0.0, 0.0, 0.0, 0.0, 0.0, 0.0, 0.0, 0.0, 0.0, 0.0, 0.0, 0.0, 0.0, 0.0, 0.0, 0.0, 0.0, 0.0, 0.0, 0.0, 0.0, 0.0, 0.0, 0.0, 0.0, 0.0, 0.0, 0.0, 0.0, 0.0, 0.0, 0.0, 0.0, 0.0, 0.0, 0.0, 0.0, 0.0, 0.1111111119389534, 0.0, 0.0, 0.4444444477558136, 0.0, 0.4444444477558136, 0.0, 0.0, 0.0, 0.0, 0.0, 0.0, 0.0, 0.0, 0.0, 0.0, 0.0, 0.0, 0.0, 0.0, 0.0, 0.0, 0.0, 0.0, 0.0, 0.0, 0.0, 0.0, 0.0, 0.0, 0.0, 0.0, 0.0, 0.0, 0.0, 0.0, 0.0, 0.0, 0.0, 0.0, 0.0, 0.0, 0.0, 0.0, 0.0, 0.0, 0.0, 0.0, 0.0, 0.0, 0.0, 0.0, 0.0, 0.0, 0.0, 0.0, 0.0, 0.0, 0.0, 0.0, 0.0, 0.0, 0.0, 0.0, 0.0, 0.0, 0.0, 0.0, 0.0, 0.0, 0.0, 0.0, 0.0, 0.0, 0.0, 0.0, 0.0, 0.0, 0.0, 0.0, 0.0, 0.0, 0.0, 0.0, 0.0, 0.0, 0.0, 0.0, 0.0, 0.0, 0.0, 0.0, 0.0, 0.0, 0.0, 0.0, 0.0, 0.0, 0.0, 0.0, 0.0, 0.0, 0.0, 0.0, 0.0, 0.0, 0.0, 0.0, 0.0, 0.0, 0.0, 0.0, 0.0, 0.0, 0.0, 0.0, 0.0, 0.0, 0.0, 0.0, 0.0, 0.0, 0.0, 0.0, 0.0, 0.0, 0.0, 0.0, 0.0, 0.0, 0.0, 0.0, 0.0, 0.0, 0.0, 0.0, 0.0, 0.0], "tonal.chords_histogram": [9.166666984558105, 8.333333015441895, 0.0, 0.0, 0.0, 0.0, 0.0, 0.0, 20.0, 21.66666603088379, 15.0, 0.0, 0.0, 0.0, 0.0, 0.0, 10.0, 0.0, 0.0, 3.3333332538604736, 0.0, 0.0, 0.0, 12.5], "tonal.thpcp": [1.0, 0.6660667657852173, 0.43253281712532043, 0.43310296535491943, 0.46890315413475037, 0.3773564100265503, 0.235670804977417, 0.18133994936943054, 0.18542003631591797, 0.19433966279029846, 0.21984648704528809, 0.17794445157051086, 0.19508711993694305, 0.18896646797657013, 0.12489833682775497, 0.0831160694360733, 0.08686278760433197, 0.13017340004444122, 0.10543855279684067, 0.11266479641199112, 0.10576207935810089, 0.07705328613519669, 0.09691647440195084, 0.07036726176738739, 0.12912902235984802, 0.14895901083946228, 0.07469965517520905, 0.050433579832315445, 0.07932332903146744, 0.10169752687215805, 0.06729213893413544, 0.04454697668552399, 0.05911829322576523, 0.16364489495754242, 0.5339556336402893, 0.9990831017494202], "lowlevel.gfcc.cov": [[5605.29150390625, 292.7701416015625, -529.3460693359375, 197.88279724121094, -5.546597957611084, 197.02684020996094, -375.4269104003906, 57.15388488769531, 43.195003509521484, -84.93142700195312, 132.95925903320312, 119.35740661621094, -147.06283569335938], [292.7701416015625, 1129.4884033203125, 3.8933444023132324, -210.74996948242188, 122.9527587890625, -133.4891357421875, 63.31976318359375, -115.62247467041016, -36.35837936401367, -136.970947265625, 138.8280792236328, -38.390472412109375, 79.10162353515625], [-529.3460693359375, 3.8933444023132324, 1086.9200439453125, 217.94223022460938, -144.37217712402344, 130.1389617919922, 140.50115966796875, -34.16324234008789, 54.870567321777344, -51.00395965576172, -77.62377166748047, -28.207000732421875, -26.65538787841797], [197.88279724121094, -210.74996948242188, 217.94223022460938, 455.25408935546875, 85.18987274169922, -82.79896545410156, -20.829574584960938, 32.1499137878418, 34.528358459472656, -10.460396766662598, -30.038921356201172, -5.442944526672363, 33.65876388549805], [-5.546597957611084, 122.9527587890625, -144.37217712402344, 85.18987274169922, 380.2731018066406, -14.742448806762695, 3.0091612339019775, 47.15349578857422, 39.35829162597656, -12.606893539428711, 10.295554161071777, -24.183916091918945, 72.27214813232422], [197.02684020996094, -133.4891357421875, 130.1389617919922, -82.79896545410156, -14.742448806762695, 350.9183044433594, 90.63241577148438, -42.21854019165039, -6.507875919342041, -31.602628707885742, -33.47386932373047, 12.693907737731934, -60.59504699707031], [-375.4269104003906, 63.31976318359375, 140.50115966796875, -20.829574584960938, 3.0091612339019775, 90.63241577148438, 270.80938720703125, -9.679478645324707, -68.40589904785156, 7.2574968338012695, 47.08424377441406, 14.755945205688477, 10.435291290283203], [57.15388488769531, -115.62247467041016, -34.16324234008789, 32.1499137878418, 47.15349578857422, -42.21854019165039, -9.679478645324707, 167.9241180419922, 61.43809127807617, 13.72927188873291, -1.2624449729919434, -9.636983871459961, -9.732239723205566], [43.195003509521484, -36.35837936401367, 54.870567321777344, 34.528358459472656, 39.35829162597656, -6.507875919342041, -68.40589904785156, 61.43809127807617, 151.63267517089844, 14.663564682006836, -19.787750244140625, -13.213077545166016, 7.647632122039795], [-84.93142700195312, -136.970947265625, -51.00395965576172, -10.460396766662598, -12.606893539428711, -31.602628707885742, 7.2574968338012695, 13.72927188873291, 14.663564682006836, 115.01712036132812, 43.9271125793457, 10.652926445007324, 17.804943084716797], [132.95925903320312, 138.8280792236328, -77.62377166748047, -30.038921356201172, 10.295554161071777, -33.47386932373047, 47.08424377441406, -1.2624449729919434, -19.787750244140625, 43.9271125793457, 145.49356079101562, 49.17394256591797, 22.15652084350586], [119.35740661621094, -38.390472412109375, -28.207000732421875, -5.442944526672363, -24.183916091918945, 12.693907737731934, 14.755945205688477, -9.636983871459961, -13.213077545166016, 10.652926445007324, 49.17394256591797, 118.58421325683594, 40.68480682373047], [-147.06283569335938, 79.10162353515625, -26.65538787841797, 33.65876388549805, 72.27214813232422, -60.59504699707031, 10.435291290283203, -9.732239723205566, 7.647632122039795, 17.804943084716797, 22.15652084350586, 40.68480682373047, 125.16455841064453]], "lowlevel.gfcc.icov": [[0.0004885803791694343, -0.0012193630682304502, 0.0005510906339623034, -0.0014127659378573298, 0.0005897847004234791, -0.0015107259387150407, 0.0010950262658298016, -0.0011731961276382208, 0.000547790783457458, -0.0016821427270770073, 0.0008116714307107031, -0.0012574309948831797, 0.00105837092269212], [-0.0012193630682304502, 0.007332661654800177, -0.002290898934006691, 0.006544554606080055, -0.002876120852306485, 0.006475173868238926, -0.0034063339699059725, 0.0061212340369820595, -0.002985722618177533, 0.012137632817029953, -0.008519615978002548, 0.006828639190644026, -0.0050148507580161095], [0.0005510906339623034, -0.002290898934006691, 0.0024023684673011303, -0.003174211597070098, 0.001936693792231381, -0.0026714394334703684, 0.00018527582869865, -0.001492328941822052, -0.00036980435834266245, -0.002941542537882924, 0.0026830730494111776, -0.001718310290016234, 0.0014420730294659734], [-0.0014127659378573298, 0.006544554606080055, -0.003174211597070098, 0.009273888543248177, -0.0038014291785657406, 0.007262491621077061, -0.003243488259613514, 0.005322017706930637, -0.002415050519630313, 0.0102346520870924, -0.0062703946605324745, 0.005466037429869175, -0.0045457747764885426], [0.0005897847004234791, -0.002876120852306485, 0.001936693792231381, -0.0038014291785657406, 0.005451422184705734, -0.0037991662975400686, 0.0011270835530012846, -0.003371608443558216, 0.00022308476036414504, -0.003194883232936263, 0.002070090966299176, -0.0002553496742621064, -0.0012403986183926463], [-0.0015107259387150407, 0.006475173868238926, -0.0026714394334703684, 0.007262491621077061, -0.0037991662975400686, 0.011082319542765617, -0.00568084791302681, 0.007267069071531296, -0.003974391613155603, 0.010371727868914604, -0.004717625677585602, 0.003711576573550701, -0.0013954534661024809], [0.0010950262658298016, -0.0034063339699059725, 0.00018527582869865, -0.003243488259613514, 0.0011270835530012846, -0.00568084791302681, 0.00888548232614994, -0.004854769445955753, 0.005331071559339762, -0.005673110485076904, 0.00047323398757725954, -0.0024122092872858047, 0.001013310975395143], [-0.0011731961276382208, 0.0061212340369820595, -0.001492328941822052, 0.005322017706930637, -0.003371608443558216, 0.007267069071531296, -0.004854769445955753, 0.013502239249646664, -0.006557058077305555, 0.009484327398240566, -0.005983177572488785, 0.004698372446000576, -0.0014929339522495866], [0.000547790783457458, -0.002985722618177533, -0.00036980435834266245, -0.002415050519630313, 0.00022308476036414504, -0.003974391613155603, 0.005331071559339762, -0.006557058077305555, 0.01213454082608223, -0.006823875475674868, 0.003254057141020894, -0.001958015840500593, 0.0003837285621557385], [-0.0016821427270770073, 0.012137632817029953, -0.002941542537882924, 0.0102346520870924, -0.003194883232936263, 0.010371727868914604, -0.005673110485076904, 0.009484327398240566, -0.006823875475674868, 0.03140386566519737, -0.018070975318551064, 0.012391774915158749, -0.009828858077526093], [0.0008116714307107031, -0.008519615978002548, 0.0026830730494111776, -0.0062703946605324745, 0.002070090966299176, -0.004717625677585602, 0.00047323398757725954, -0.005983177572488785, 0.003254057141020894, -0.018070975318551064, 0.021968673914670944, -0.012412507086992264, 0.007129250094294548], [-0.0012574309948831797, 0.006828639190644026, -0.001718310290016234, 0.005466037429869175, -0.0002553496742621064, 0.003711576573550701, -0.0024122092872858047, 0.004698372446000576, -0.001958015840500593, 0.012391774915158749, -0.012412507086992264, 0.019545255228877068, -0.01091716531664133], [0.00105837092269212, -0.0050148507580161095, 0.0014420730294659734, -0.0045457747764885426, -0.0012403986183926463, -0.0013954534661024809, 0.001013310975395143, -0.0014929339522495866, 0.0003837285621557385, -0.009828858077526093, 0.007129250094294548, -0.01091716531664133, 0.0174332894384861]], "lowlevel.mfcc.cov": [[6225.11962890625, -38.61695098876953, -565.08642578125, -135.41607666015625, 276.58721923828125, -65.38663482666016, -193.0773468017578, 98.08613586425781, -262.0401306152344, -112.44094848632812, 10.136528968811035, 127.28466033935547, 101.47522735595703], [-38.61695098876953, 1181.1051025390625, -94.63106536865234, -108.13168334960938, -21.754718780517578, -53.9865837097168, 101.07377624511719, -16.635622024536133, -61.841339111328125, -111.32927703857422, -44.888851165771484, 55.75449752807617, 4.410557746887207], [-565.08642578125, -94.63106536865234, 1134.7506103515625, 60.00282287597656, -127.381103515625, 172.86656188964844, -10.20810604095459, 109.33438110351562, 32.86574172973633, 20.04720687866211, 12.062246322631836, -10.112895965576172, 9.572443008422852], [-135.41607666015625, -108.13168334960938, 60.00282287597656, 547.1442260742188, 114.13397216796875, -104.33480834960938, -5.855226993560791, -36.70859146118164, 64.40408325195312, -2.1156063079833984, -86.13311004638672, 60.87260437011719, 34.054718017578125], [276.58721923828125, -21.754718780517578, -127.381103515625, 114.13397216796875, 333.3149108886719, -7.1533613204956055, -93.19121551513672, 16.767030715942383, 74.94181823730469, 64.46051025390625, -52.5753288269043, 9.618452072143555, 18.775182723999023], [-65.38663482666016, -53.9865837097168, 172.86656188964844, -104.33480834960938, -7.1533613204956055, 279.0069885253906, 83.97537231445312, 50.91097640991211, 17.89669418334961, -30.19182777404785, -6.924193382263184, -17.179624557495117, -19.531810760498047], [-193.0773468017578, 101.07377624511719, -10.20810604095459, -5.855226993560791, -93.19121551513672, 83.97537231445312, 262.37359619140625, 42.32286834716797, -11.018486976623535, -36.06512451171875, 40.04843521118164, 35.08241271972656, -15.490194320678711], [98.08613586425781, -16.635622024536133, 109.33438110351562, -36.70859146118164, 16.767030715942383, 50.91097640991211, 42.32286834716797, 160.92396545410156, 30.42178726196289, -17.01871109008789, 16.770177841186523, -0.03998851031064987, 14.000876426696777], [-262.0401306152344, -61.841339111328125, 32.86574172973633, 64.40408325195312, 74.94181823730469, 17.89669418334961, -11.018486976623535, 30.42178726196289, 144.88717651367188, 47.196800231933594, -29.579286575317383, -16.71837615966797, 11.909085273742676], [-112.44094848632812, -111.32927703857422, 20.04720687866211, -2.1156063079833984, 64.46051025390625, -30.19182777404785, -36.06512451171875, -17.01871109008789, 47.196800231933594, 153.80682373046875, 52.89067459106445, -26.77940559387207, -39.89741134643555], [10.136528968811035, -44.888851165771484, 12.062246322631836, -86.13311004638672, -52.5753288269043, -6.924193382263184, 40.04843521118164, 16.770177841186523, -29.579286575317383, 52.89067459106445, 132.637451171875, 12.0055513381958, -30.60953712463379], [127.28466033935547, 55.75449752807617, -10.112895965576172, 60.87260437011719, 9.618452072143555, -17.179624557495117, 35.08241271972656, -0.03998851031064987, -16.71837615966797, -26.77940559387207, 12.0055513381958, 100.20830535888672, 35.00457763671875], [101.47522735595703, 4.410557746887207, 9.572443008422852, 34.054718017578125, 18.775182723999023, -19.531810760498047, -15.490194320678711, 14.000876426696777, 11.909085273742676, -39.89741134643555, -30.60953712463379, 35.00457763671875, 107.56058502197266]], "lowlevel.mfcc.icov": [[0.00022017740411683917, 2.9986975278006867e-05, 0.00011808478302555159, 2.365279033256229e-05, -0.0001747675269143656, -7.608145097037777e-05, 0.00021379764075390995, -0.0003144154616165906, 0.0005419334047473967, -3.1810209293325897e-06, 1.713025449134875e-05, -0.0002419814554741606, -0.00011609787179622799], [2.9986975278006867e-05, 0.0011535813100636005, -0.00021684833336621523, 0.0007275656680576503, -0.0006105945794843137, 0.000924713269341737, -0.0008412898168899119, 0.00037331905332393944, 4.3089527025585994e-05, 0.0009536345023661852, 0.0007178383530117571, -0.0006607560208067298, 0.0005863787373527884], [0.00011808478302555159, -0.00021684833336621523, 0.0015343648847192526, -0.0008484491845592856, 0.0013757256092503667, -0.001605300116352737, 0.0012748554581776261, -0.0015181078342720866, 0.00055747723672539, -0.0014538114191964269, 9.06860368559137e-05, -0.0003119715256616473, -0.0005945260054431856], [2.365279033256229e-05, 0.0007275656680576503, -0.0008484491845592856, 0.003594947513192892, -0.001616598921827972, 0.0024352013133466244, -0.0016743583837524056, 0.001312230946496129, -0.001158426166512072, 0.0011196837294846773, 0.0022046025842428207, -0.0020667794160544872, 0.0010411980329081416], [-0.0001747675269143656, -0.0006105945794843137, 0.0013757256092503667, -0.001616598921827972, 0.006532022263854742, -0.0023971532937139273, 0.002779122209176421, -0.0024448030162602663, -0.0006919503211975098, -0.004644876811653376, 0.0022489905823022127, -0.0017002279637381434, -0.0007306808256544173], [-7.608145097037777e-05, 0.000924713269341737, -0.001605300116352737, 0.0024352013133466244, -0.0023971532937139273, 0.007071828469634056, -0.0034286384470760822, 0.0010150156449526548, -0.0014937366358935833, 0.003191002644598484, 0.0012164703803136945, 0.0003172667929902673, 0.002074377378448844], [0.00021379764075390995, -0.0008412898168899119, 0.0012748554581776261, -0.0016743583837524056, 0.002779122209176421, -0.0034286384470760822, 0.0073035284876823425, -0.00253281625919044, 0.00012389698531478643, -0.0007128809229470789, -0.0018622172065079212, -0.0021633822470903397, 0.0004192006017547101], [-0.0003144154616165906, 0.00037331905332393944, -0.0015181078342720866, 0.001312230946496129, -0.0024448030162602663, 0.0010150156449526548, -0.00253281625919044, 0.009844682179391384, -0.003545703599229455, 0.004256708547472954, -0.0029877806082367897, 0.0015955878188833594, -0.000432201282819733], [0.0005419334047473967, 4.3089527025585994e-05, 0.00055747723672539, -0.001158426166512072, -0.0006919503211975098, -0.0014937366358935833, 0.00012389698531478643, -0.003545703599229455, 0.012445947155356407, -0.005589510779827833, 0.003556134644895792, 0.0008749161497689784, -0.002591027645394206], [-3.1810209293325897e-06, 0.0009536345023661852, -0.0014538114191964269, 0.0011196837294846773, -0.004644876811653376, 0.003191002644598484, -0.0007128809229470789, 0.004256708547472954, -0.005589510779827833, 0.01621415838599205, -0.007878929376602173, 0.002861680230125785, 0.0039319563657045364], [1.713025449134875e-05, 0.0007178383530117571, 9.06860368559137e-05, 0.0022046025842428207, 0.0022489905823022127, 0.0012164703803136945, -0.0018622172065079212, -0.0029877806082367897, 0.003556134644895792, -0.007878929376602173, 0.016011882573366165, -0.005292982328683138, 0.0021603291388601065], [-0.0002419814554741606, -0.0006607560208067298, -0.0003119715256616473, -0.0020667794160544872, -0.0017002279637381434, 0.0003172667929902673, -0.0021633822470903397, 0.0015955878188833594, 0.0008749161497689784, 0.002861680230125785, -0.005292982328683138, 0.016154462471604347, -0.0050263237208127975], [-0.00011609787179622799, 0.0005863787373527884, -0.0005945260054431856, 0.0010411980329081416, -0.0007306808256544173, 0.002074377378448844, 0.0004192006017547101, -0.000432201282819733, -0.002591027645394206, 0.0039319563657045364, 0.0021603291388601065, -0.0050263237208127975, 0.013722596690058708]], "metadata.audio_properties.analysis.downmix": "mix", "metadata.audio_properties.codec": "mp3", "metadata.audio_properties.md5_encoded": "b56c83be427f40d8527ef62a2dc5a1ce", "metadata.tags.file_name": "1183720030555344957.mp3", "metadata.version.essentia": "2.1-beta6-dev", "metadata.version.essentia_git_sha": "v2.1_beta5-1110-g77a6a954", "metadata.version.extractor": "music 2.0", "tonal.chords_key": "D", "tonal.chords_scale": "major", "tonal.key_edma.key": "G", "tonal.key_edma.scale": "minor", "tonal.key_krumhansl.key": "G", "tonal.key_krumhansl.scale": "minor", "tonal.key_temperley.key": "G", "tonal.key_temperley.scale": "minor", "metadata.tags.encoding": ["Lavf58.45.100"]}, "essentia_models": [{"model_name": "genre_dortmund", "activations": {"alternative": "0.00045797293", "blues": "1.1553174e-05", "electronic": "0.008223378", "folkcountry": "3.922892e-05", "funksoulrnb": "0.0008680918", "jazz": "0.00025525017", "pop": "0.00061590027", "raphiphop": "0.99226636", "rock": "0.0025440473"}}, {"model_name": "genre_rosamerica", "activations": {"classic": "0.00017104165", "dance": "0.000104918785", "hip hop": "0.9652154", "jazz": "3.15517e-05", "pop": "0.0007045526", "rhythm and blues": "0.0057317005", "rock": "0.0010188795", "speech": "0.0023539506"}}, {"model_name": "genre_tzanetakis", "activations": {"blues": "9.276177e-06", "classic": "0.000522303", "country": "7.469984e-05", "disco": "0.00071148085", "hip hop": "0.9605965", "jazz": "2.2712995e-05", "metal": "0.0004808653", "pop": "0.0014188557", "reggae": "0.053690687", "rock": "0.0027105603"}}, {"model_name": "genre_electronic", "activations": {"ambient": "0.079005115", "dnb": "0.31154704", "house": "0.26115373", "techno": "0.5271355", "trance": "0.008294873"}}, {"model_name": "mood_acoustic", "activations": {"acoustic": "2.3579372e-07", "not acoustic": "0.9515295"}}, {"model_name": "mood_electronic", "activations": {"electronic": "0.8433469", "not electronic": "0.08887306"}}, {"model_name": "mood_aggressive", "activa