{"song_id": "1183699781755883550", "download": "https://cdn.discordapp.com/attachments/1135911532732108921/1183699781755883550/chirp.mp4?ex=65894954&amp", "lyrics": "Je ne suis ni asiatique ni australien\nJe suis seulement un humain\n\nLes marchands d'armes fondent en larmes\nEt ils n'auront PLUS rien\n\nTout ce qui divise, c'est leur devise\nOn n'a pas besoin\n\nJe ne suis ni am\u00e9ricain ni africain\nJe suis seulement un terrien\n\nLa beaut\u00e9 est dans la diff\u00e9rence du corps\nPas dans le changement du d\u00e9cor\n\nSi on \u00e9tait tous pareils et d'accord\nOn s'ennuierait \u00e0 mort\n\nJe ne suis ni martien ni europ\u00e9en\nJe suis seulement un monosapien\n\nVous \u00eates tous rares et en voie de disparition\nLe peu qui reste, on doit le pr\u00e9server\nAimer les autres sans crainte\nRegarder vos empreintes\nC'est votre marque d\u00e9pos\u00e9e\nQui prouve que vous \u00eates unique et authentique\nEt magnifique.", "style": ["jazz"], "essentia_features": {"lowlevel.average_loudness": 0.965139627456665, "lowlevel.barkbands_crest.mean": 17.176250457763672, "lowlevel.barkbands_crest.stdev": 4.948868274688721, "lowlevel.barkbands_flatness_db.mean": 0.3980540335178375, "lowlevel.barkbands_flatness_db.stdev": 0.15379445254802704, "lowlevel.barkbands_kurtosis.mean": 54.985206604003906, "lowlevel.barkbands_kurtosis.stdev": 204.6925506591797, "lowlevel.barkbands_skewness.mean": 4.166668891906738, "lowlevel.barkbands_skewness.stdev": 3.4119255542755127, "lowlevel.barkbands_spread.mean": 7.723755359649658, "lowlevel.barkbands_spread.stdev": 14.771839141845703, "lowlevel.dissonance.mean": 0.4037047326564789, "lowlevel.dissonance.stdev": 0.07938551902770996, "lowlevel.dynamic_complexity": 3.5895285606384277, "lowlevel.erbbands_crest.mean": 14.200494766235352, "lowlevel.erbbands_crest.stdev": 5.758755683898926, "lowlevel.erbbands_flatness_db.mean": 0.26250168681144714, "lowlevel.erbbands_flatness_db.stdev": 0.0994279608130455, "lowlevel.erbbands_kurtosis.mean": 9.76254940032959, "lowlevel.erbbands_kurtosis.stdev": 21.862548828125, "lowlevel.erbbands_skewness.mean": 1.643515944480896, "lowlevel.erbbands_skewness.stdev": 1.9993078708648682, "lowlevel.erbbands_spread.mean": 29.74234962463379, "lowlevel.erbbands_spread.stdev": 33.0225944519043, "lowlevel.hfc.mean": 13.935402870178223, "lowlevel.hfc.stdev": 21.50279998779297, "lowlevel.loudness_ebu128.integrated": -16.405059814453125, "lowlevel.loudness_ebu128.loudness_range": 4.3405303955078125, "lowlevel.loudness_ebu128.momentary.mean": -16.92729949951172, "lowlevel.loudness_ebu128.momentary.stdev": 2.28118896484375, "lowlevel.loudness_ebu128.short_term.mean": -16.594316482543945, "lowlevel.loudness_ebu128.short_term.stdev": 1.5062137842178345, "lowlevel.melbands_crest.mean": 22.160152435302734, "lowlevel.melbands_crest.stdev": 5.155311107635498, "lowlevel.melbands_flatness_db.mean": 0.506986141204834, "lowlevel.melbands_flatness_db.stdev": 0.18376097083091736, "lowlevel.melbands_kurtosis.mean": 59.425418853759766, "lowlevel.melbands_kurtosis.stdev": 84.06297302246094, "lowlevel.melbands_skewness.mean": 4.394371032714844, "lowlevel.melbands_skewness.stdev": 3.187061309814453, "lowlevel.melbands_spread.mean": 5.900667190551758, "lowlevel.melbands_spread.stdev": 11.715436935424805, "lowlevel.pitch_salience.mean": 0.29767635464668274, "lowlevel.pitch_salience.stdev": 0.1439885050058365, "lowlevel.silence_rate_20dB.mean": 0.9982618689537048, "lowlevel.silence_rate_20dB.stdev": 0.04165460914373398, "lowlevel.silence_rate_30dB.mean": 0.8064889907836914, "lowlevel.silence_rate_30dB.stdev": 0.3950483798980713, "lowlevel.silence_rate_60dB.mean": 0.02607184275984764, "lowlevel.silence_rate_60dB.stdev": 0.15934710204601288, "lowlevel.spectral_centroid.mean": 552.1766967773438, "lowlevel.spectral_centroid.stdev": 704.3140258789062, "lowlevel.spectral_complexity.mean": 7.020857334136963, "lowlevel.spectral_complexity.stdev": 6.259790420532227, "lowlevel.spectral_decrease.mean": -1.6121671109203817e-08, "lowlevel.spectral_decrease.stdev": 1.54649004713292e-08, "lowlevel.spectral_energy.mean": 0.062110815197229385, "lowlevel.spectral_energy.stdev": 0.059107180684804916, "lowlevel.spectral_energyband_high.mean": 0.0003635859757196158, "lowlevel.spectral_energyband_high.stdev": 0.0017550698248669505, "lowlevel.spectral_energyband_low.mean": 0.053382761776447296, "lowlevel.spectral_energyband_low.stdev": 0.05674887076020241, "lowlevel.spectral_energyband_middle_high.mean": 0.0025722195859998465, "lowlevel.spectral_energyband_middle_high.stdev": 0.006977029610425234, "lowlevel.spectral_energyband_middle_low.mean": 0.007161144632846117, "lowlevel.spectral_energyband_middle_low.stdev": 0.00939897634088993, "lowlevel.spectral_entropy.mean": 5.957774639129639, "lowlevel.spectral_entropy.stdev": 1.264467477798462, "lowlevel.spectral_flux.mean": 0.09927709400653839, "lowlevel.spectral_flux.stdev": 0.07881282269954681, "lowlevel.spectral_kurtosis.mean": 54.92741394042969, "lowlevel.spectral_kurtosis.stdev": 83.91937255859375, "lowlevel.spectral_rms.mean": 0.006997297517955303, "lowlevel.spectral_rms.stdev": 0.0034108362160623074, "lowlevel.spectral_rolloff.mean": 433.54547119140625, "lowlevel.spectral_rolloff.stdev": 1171.549560546875, "lowlevel.spectral_skewness.mean": 4.676754474639893, "lowlevel.spectral_skewness.stdev": 4.163671970367432, "lowlevel.spectral_spread.mean": 3211429.75, "lowlevel.spectral_spread.stdev": 2682092.0, "lowlevel.spectral_strongpeak.mean": 0.7386780977249146, "lowlevel.spectral_strongpeak.stdev": 0.7368894815444946, "lowlevel.zerocrossingrate.mean": 0.018688781186938286, "lowlevel.zerocrossingrate.stdev": 0.034050364047288895, "metadata.audio_properties.analysis.equal_loudness": 0.0, "metadata.audio_properties.analysis.length": 40.04265213012695, "metadata.audio_properties.analysis.sample_rate": 44100.0, "metadata.audio_properties.analysis.start_time": 0.0, "metadata.audio_properties.bit_rate": 115296.0, "metadata.audio_properties.length": 40.042667388916016, "metadata.audio_properties.lossless": 0.0, "metadata.audio_properties.number_channels": 1.0, "metadata.audio_properties.replay_gain": -8.674253463745117, "metadata.audio_properties.sample_rate": 48000.0, "rhythm.beats_count": 68.0, "rhythm.beats_loudness.mean": 0.09617436677217484, "rhythm.beats_loudness.stdev": 0.07931038737297058, "rhythm.bpm": 103.78193664550781, "rhythm.bpm_histogram_first_peak_bpm": 103.0, "rhythm.bpm_histogram_first_peak_weight": 0.49180322885513306, "rhythm.bpm_histogram_second_peak_bpm": 108.0, "rhythm.bpm_histogram_second_peak_spread": 0.0, "rhythm.bpm_histogram_second_peak_weight": 0.04477611929178238, "rhythm.danceability": 1.5807169675827026, "rhythm.onset_rate": 5.2428669929504395, "tonal.chords_changes_rate": 0.0798611119389534, "tonal.chords_number_rate": 0.009259259328246117, "tonal.chords_strength.mean": 0.5616968870162964, "tonal.chords_strength.stdev": 0.07985897362232208, "tonal.hpcp_crest.mean": 14.108796119689941, "tonal.hpcp_crest.stdev": 6.3794846534729, "tonal.hpcp_entropy.mean": 1.9045761823654175, "tonal.hpcp_entropy.stdev": 0.7270262837409973, "tonal.key_edma.strength": 0.678674578666687, "tonal.key_krumhansl.strength": 0.686500072479248, "tonal.key_temperley.strength": 0.6974133849143982, "tonal.tuning_diatonic_strength": 0.7651904225349426, "tonal.tuning_equal_tempered_deviation": 0.16018831729888916, "tonal.tuning_frequency": 436.4561767578125, "tonal.tuning_nontempered_energy_ratio": 0.8516000509262085, "lowlevel.barkbands.mean": [0.00011524941510288045, 0.034039177000522614, 0.017873549833893776, 0.0023079055827111006, 0.002266623079776764, 0.001225547748617828, 0.0005938721587881446, 0.0002884901186916977, 0.0004566115094348788, 0.00029416446341201663, 0.00044361077016219497, 0.00025124679086729884, 0.00019464116485323757, 0.00034836880513466895, 0.0003331925254315138, 0.00015168458048719913, 0.0001005010271910578, 0.00013602818944491446, 0.00024153004051186144, 0.000154195397044532, 4.698049815488048e-05, 2.9579034162452444e-05, 2.0706911527668126e-05, 7.524389366153628e-05, 0.00011398376227589324, 8.208736289816443e-06, 3.235921752775539e-08], "lowlevel.barkbands.stdev": [0.0003460898296907544, 0.03961770981550217, 0.02856375277042389, 0.004620908759534359, 0.004260714165866375, 0.003384710056707263, 0.0021634940057992935, 0.0014301560586318374, 0.0023417207412421703, 0.0014651734381914139, 0.002585049718618393, 0.0012545669451355934, 0.0011912070913240314, 0.002304730238392949, 0.0016131687443703413, 0.0006765238358639181, 0.0004252077196724713, 0.0005372543237172067, 0.0009062603930942714, 0.0004958055797033012, 0.00014178328274283558, 0.00021507970814127475, 0.00015315313066821545, 0.0005850899033248425, 0.0009668900747783482, 5.4456439102068543e-05, 5.519304409062897e-07], "lowlevel.erbbands.mean": [0.5428287386894226, 9.082038879394531, 23.047870635986328, 12.613534927368164, 6.883759021759033, 9.195666313171387, 7.438427925109863, 11.464193344116211, 7.06840705871582, 10.26930046081543, 4.858841896057129, 11.573762893676758, 6.318660259246826, 17.070884704589844, 15.271554946899414, 9.99065113067627, 10.352307319641113, 13.935205459594727, 21.880285263061523, 12.133692741394043, 7.069140911102295, 6.334714412689209, 6.709339618682861, 12.950745582580566, 9.876788139343262, 7.213022232055664, 3.3437626361846924, 1.314831018447876, 1.1819627285003662, 0.630518913269043, 0.6093799471855164, 0.8733160495758057, 1.7393478155136108, 1.6813554763793945, 0.5309153199195862, 0.08104462921619415, 0.0064876568503677845, 0.0003911581006832421, 4.6697510697413236e-05, 7.083766831783578e-05], "lowlevel.erbbands.stdev": [0.780219554901123, 10.405725479125977, 31.71165657043457, 23.060625076293945, 10.715128898620605, 19.612533569335938, 22.299461364746094, 32.33802032470703, 25.676576614379883, 32.577552795410156, 21.16979217529297, 54.48658752441406, 38.949859619140625, 85.55389404296875, 75.39506530761719, 40.0060920715332, 60.78733825683594, 82.23711395263672, 127.76414489746094, 41.828819274902344, 28.43681526184082, 26.669322967529297, 24.27107048034668, 54.54515075683594, 32.687744140625, 23.62800407409668, 10.85401725769043, 5.89052677154541, 8.867399215698242, 4.334046840667725, 4.509881019592285, 6.410678386688232, 14.021123886108398, 14.679844856262207, 4.204521179199219, 0.5570403933525085, 0.04204919934272766, 0.002463951474055648, 0.00012040461297146976, 6.754308560630307e-05], "lowlevel.gfcc.mean": [-155.8446502685547, 162.27308654785156, -42.78200149536133, 45.324729919433594, -28.09745216369629, 13.94369125366211, -18.48954963684082, 9.85641860961914, -16.3710994720459, -4.017180442810059, -2.5511562824249268, -16.331953048706055, 2.207811117172241], "lowlevel.melbands.mean": [0.007375513203442097, 0.011994999833405018, 0.002108813263475895, 0.0005471814656630158, 0.00029784964863210917, 0.00024098934954963624, 0.00011614776303758845, 0.00010679268598323688, 3.789431502809748e-05, 7.447895768564194e-05, 2.9234211979201064e-05, 6.732819747412577e-05, 5.437713844003156e-05, 2.9701002858928405e-05, 2.3727034204057418e-05, 2.08486380870454e-05, 2.743406548688654e-05, 3.771120827877894e-05, 2.182442585763056e-05, 1.2492310816014651e-05, 7.137007742130663e-06, 6.539125934068579e-06, 5.682188202627003e-06, 6.368451977323275e-06, 1.1284993888693862e-05, 7.758208084851503e-06, 6.089621365390485e-06, 4.479825747694122e-06, 2.4577821022830904e-06, 1.0017611202783883e-06, 6.87340616423171e-07, 7.749052315375593e-07, 4.0051571659205365e-07, 3.1691419621893147e-07, 3.173911409248831e-07, 4.0488376384928415e-07, 5.724210723201395e-07, 1.133770069827733e-06, 1.5216003248497145e-06, 1.4109705261944328e-06], "lowlevel.melbands.stdev": [0.009065575897693634, 0.013919987715780735, 0.0034393901005387306, 0.0009404915035702288, 0.000764606345910579, 0.0006660852814093232, 0.0004111243470106274, 0.0003552238049451262, 0.00015983183402568102, 0.000374011171516031, 0.00020036997739225626, 0.00033751732553355396, 0.00028654743800871074, 0.00015292325406335294, 0.00012629364209715277, 0.0001440627675037831, 0.000185032156878151, 0.0002466360165271908, 8.307181269628927e-05, 5.636873174807988e-05, 3.1793952075531706e-05, 2.9945606002002023e-05, 2.3871232770034112e-05, 2.370851143496111e-05, 5.103074727230705e-05, 2.60986817011144e-05, 2.0154304365860298e-05, 1.5977584553183988e-05, 8.902326044335496e-06, 3.1635918276151642e-06, 4.0659328988112975e-06, 6.318137366179144e-06, 2.7433256946096662e-06, 2.2607082428294234e-06, 2.396565832896158e-06, 3.072246045121574e-06, 4.42366263087024e-06, 9.1240426627337e-06, 1.4239622032619081e-05, 1.2099615560146049e-05], "lowlevel.melbands128.mean": [0.00010224973084405065, 0.0024048727937042713, 0.010327494703233242, 0.017009954899549484, 0.01433507539331913, 0.007494319695979357, 0.0024383694399148226, 0.0010303279850631952, 0.0005850899033248425, 0.0005121469730511308, 0.000583652697969228, 0.0003026844060514122, 0.00019914633594453335, 0.00030175549909472466, 0.00034052127739414573, 0.00015390568296425045, 6.14389791735448e-05, 0.00012566805526148528, 0.00016839212912600487, 0.00011032901966245845, 9.365819278173149e-05, 3.622176518547349e-05, 2.1745778212789446e-05, 4.389293826534413e-05, 9.211332508129999e-05, 8.831456943880767e-05, 3.177274265908636e-05, 1.328776306763757e-05, 3.071502214879729e-05, 6.643764936598018e-05, 8.54944228194654e-05, 6.429990753531456e-05, 4.8289071855833754e-05, 5.7385219406569377e-05, 2.8078344257664867e-05, 2.2605478079640307e-05, 2.5598757929401472e-05, 3.0823855922790244e-05, 1.1410096703912131e-05, 3.0583843908971176e-05, 2.309033334313426e-05, 6.731669145665364e-06, 2.3035347112454474e-05, 4.2170540837105364e-05, 3.737262522918172e-05, 4.2238199966959655e-05, 3.059961090912111e-05, 2.4263046725536697e-05, 1.7027598005370237e-05, 1.1940225704165641e-05, 1.4998827282397542e-05, 9.400028829986695e-06, 6.8647650550701655e-06, 7.000684490776621e-06, 4.66908250018605e-06, 8.215521120291669e-06, 6.2891890593164135e-06, 4.7457838263653684e-06, 6.1424061641446315e-06, 6.052849585103104e-06, 4.498470389080467e-06, 7.148015811253572e-06, 1.428449286322575e-05, 1.227506436407566e-05, 6.729380856995704e-06, 8.998043085739482e-06, 6.958258381928317e-06, 6.263844170462107e-06, 5.958234396530315e-06, 6.047033366485266e-06, 4.398228156787809e-06, 3.827959517366253e-06, 3.3078063097491395e-06, 2.133260750269983e-06, 1.6626624983473448e-06, 1.086701672647905e-06, 6.992644330239273e-07, 5.776768148280098e-07, 6.896643753862008e-07, 7.522754117417207e-07, 9.450254765397403e-07, 7.645011805834656e-07, 4.334579557507823e-07, 3.5744781712310214e-07, 3.67342352092237e-07, 3.6037852169101825e-07, 2.702658719044848e-07, 2.8615434644052584e-07, 3.0419209906540345e-07, 3.4217586630802543e-07, 4.2883365836132725e-07, 3.929971512661723e-07, 4.218544518153067e-07, 4.527793180386652e-07, 7.103122925400385e-07, 1.0913686310232151e-06, 1.1729403013305273e-06, 1.2552033012980246e-06, 1.520340674687759e-06, 1.7563168057677103e-06, 1.4431357158173341e-06, 1.4334625575429527e-06, 1.2648669098780374e-06, 9.587625982021564e-07, 4.944873808199191e-07, 2.694182796858513e-07, 2.260241416252029e-07, 2.1671563388281356e-07, 1.118165968705398e-07, 5.426417715170828e-08, 2.526542530745246e-08, 1.720524700488113e-08, 1.4069006404326956e-08, 7.1610872787175595e-09, 4.111775808723905e-09, 2.1822668117010835e-09, 8.067551071633261e-10, 4.1571512898741503e-10, 1.424084183909713e-10, 1.0740012178211966e-11, 9.636995194906017e-12, 7.1783000550607046e-12, 6.608600819357768e-12, 6.488010649563503e-12, 6.333226044291651e-12, 6.14295940504217e-12, 6.031814370893729e-12, 5.990730047450432e-12], "lowlevel.melbands128.stdev": [0.00030936606344766915, 0.00454349908977747, 0.014872957020998001, 0.020407944917678833, 0.018973326310515404, 0.012675097212195396, 0.005301203113049269, 0.001852304209023714, 0.0011655521811917424, 0.001247223000973463, 0.00136526336427778, 0.0011931228218600154, 0.0008332000579684973, 0.0011236135615035892, 0.0010756092378869653, 0.0005617596325464547, 0.0003635131870396435, 0.0005952231003902853, 0.000666121719405055, 0.00043044600170105696, 0.0004888100665993989, 0.0003183666558470577, 0.00012051273370161653, 0.0002442616387270391, 0.0004860189510509372, 0.0005746585666202009, 0.0005187562783248723, 0.00010838809976121411, 0.00024116752319969237, 0.00039736455073580146, 0.0005264314822852612, 0.0006603876827284694, 0.0003069290251005441, 0.0004079561331309378, 0.00028415091219358146, 0.00013341184239834547, 0.00012556032743304968, 0.0002405919076409191, 7.050863496260718e-05, 0.00026475480990484357, 0.000180854563950561, 4.583276677294634e-05, 0.00021827568707522005, 0.0003719655505847186, 0.000382464611902833, 0.00040223379619419575, 0.000198049281607382, 0.00011797258775914088, 8.705086656846106e-05, 6.261523230932653e-05, 9.348964522359893e-05, 6.272040627663955e-05, 3.9808401197660714e-05, 3.695203486131504e-05, 2.4561139071010984e-05, 5.0463786465115845e-05, 3.707961877807975e-05, 2.9015387553954497e-05, 3.2166659366339445e-05, 2.9360895496211015e-05, 1.6280606359941885e-05, 4.003055437351577e-05, 8.415455522481352e-05, 6.795237277401611e-05, 3.115648723905906e-05, 3.414955790503882e-05, 3.316214861115441e-05, 2.8981807190575637e-05, 2.0785269953194074e-05, 2.4559665689594112e-05, 1.9012364646187052e-05, 1.8938315406558104e-05, 1.5130029169085901e-05, 7.975858352438081e-06, 6.5985518631350715e-06, 3.8247603697527666e-06, 2.5505339635856217e-06, 2.4235666842287173e-06, 4.363605967228068e-06, 6.167108494992135e-06, 8.704712854523677e-06, 6.048594514140859e-06, 3.025575324500096e-06, 2.5444858238188317e-06, 2.891345729949535e-06, 2.6486800379643682e-06, 2.0570450942614116e-06, 2.299499783475767e-06, 2.4620871954539325e-06, 2.636396402522223e-06, 3.791149993048748e-06, 2.9918610380264e-06, 3.284093509137165e-06, 3.4755771594063845e-06, 6.2439366956823505e-06, 9.504847184871323e-06, 9.350899745186325e-06, 1.0524656318011694e-05, 1.5490710211452097e-05, 1.8682909285416827e-05, 1.209164929605322e-05, 1.305711248278385e-05, 9.518133992969524e-06, 8.228230399254244e-06, 4.357889338280074e-06, 2.184702907470637e-06, 1.5446219094883418e-06, 1.5668873629692825e-06, 8.546003869014385e-07, 5.744878421864996e-07, 2.62746681300996e-07, 1.4260382386055426e-07, 9.079435159264904e-08, 4.516757812211836e-08, 3.905343604060363e-08, 2.140707522357843e-08, 1.0253759619160974e-08, 1.0341070222352755e-08, 3.806712278731084e-09, 9.458789307359439e-11, 9.063750444626706e-11, 2.0385979362935736e-11, 1.1522501702776466e-11, 1.1322364920629546e-11, 1.1155336203383381e-11, 1.1024054065444933e-11, 1.0929219335098495e-11, 1.0870329809897772e-11], "lowlevel.mfcc.mean": [-821.2225952148438, 188.8471221923828, 53.25151443481445, 48.19401168823242, 26.396984100341797, 11.828046798706055, 23.17757797241211, 5.39030122756958, 10.135431289672852, 6.328664779663086, 2.4556188583374023, 1.0616801977157593, 2.3111298084259033], "lowlevel.spectral_contrast_coeffs.mean": [-0.6352640986442566, -0.7412747144699097, -0.792213499546051, -0.8286006450653076, -0.8310326337814331, -0.8097497224807739], "lowlevel.spectral_contrast_coeffs.stdev": [0.07636880874633789, 0.09661037474870682, 0.08416949212551117, 0.08012209832668304, 0.07117769122123718, 0.058562006801366806], "lowlevel.spectral_contrast_valleys.mean": [-6.827117919921875, -8.069276809692383, -9.055482864379883, -9.631900787353516, -9.690295219421387, -12.397018432617188], "lowlevel.spectral_contrast_valleys.stdev": [0.8809966444969177, 0.9475976824760437, 1.2637624740600586, 1.6494272947311401, 1.982911467552185, 1.7112869024276733], "rhythm.beats_loudness_band_ratio.mean": [0.8820344805717468, 0.06017782539129257, 0.016890177503228188, 0.01919294334948063, 0.017862901091575623, 0.012088015675544739], "rhythm.beats_loudness_band_ratio.stdev": [0.1907971352338791, 0.0972621962428093, 0.03040267899632454, 0.06246278062462807, 0.054511893540620804, 0.03400439769029617], "tonal.hpcp.mean": [0.03897518664598465, 0.0403100922703743, 0.07706131041049957, 0.15394465625286102, 0.13243740797042847, 0.054342370480298996, 0.05466277897357941, 0.08403140306472778, 0.13183344900608063, 0.15003053843975067, 0.09670274704694748, 0.05247531458735466, 0.042165420949459076, 0.029034916311502457, 0.01846865378320217, 0.016772359609603882, 0.020359233021736145, 0.027804959565401077, 0.04569154605269432, 0.06679710745811462, 0.07687358558177948, 0.10824364423751831, 0.11632847040891647, 0.13958808779716492, 0.21551084518432617, 0.15660150349140167, 0.04958436265587807, 0.035834893584251404, 0.05171378329396248, 0.09234312176704407, 0.10368563234806061, 0.06288531422615051, 0.03093823418021202, 0.03495965898036957, 0.04897041991353035, 0.045963358134031296], "tonal.hpcp.stdev": [0.14362594485282898, 0.14702841639518738, 0.19586670398712158, 0.3224750757217407, 0.2850054204463959, 0.1667267084121704, 0.16694414615631104, 0.21152590215206146, 0.2735312283039093, 0.3088599145412445, 0.23263555765151978, 0.18252824246883392, 0.16492368280887604, 0.134790301322937, 0.0969713106751442, 0.09030192345380783, 0.09928866475820541, 0.12113838642835617, 0.16840948164463043, 0.2124529778957367, 0.22264325618743896, 0.27377021312713623, 0.2784945070743561, 0.26387715339660645, 0.36626020073890686, 0.29354557394981384, 0.16328684985637665, 0.1357700079679489, 0.186769500374794, 0.2453949898481369, 0.269845187664032, 0.1936110407114029, 0.12981928884983063, 0.1468696892261505, 0.1834154725074768, 0.16804379224777222], "rhythm.beats_position": [0.5572788715362549, 1.1377778053283691, 1.7182766199111938, 2.3103854656219482, 2.902494192123413, 3.5062131881713867, 4.098321914672852, 4.713650703430176, 5.31736946105957, 5.921088218688965, 6.548027038574219, 7.163355827331543, 7.7670745849609375, 8.359183311462402, 8.939682006835938, 9.49696159362793, 10.089070320129395, 10.68117904663086, 11.261677742004395, 11.83056640625, 12.399456024169922, 12.979954719543457, 13.560453414916992, 14.140952110290527, 14.721450805664062, 15.301949501037598, 15.88244915008545, 16.451337814331055, 17.020225524902344, 17.589115142822266, 18.169614791870117, 18.738502502441406, 19.319002151489258, 19.887889862060547, 20.45677947998047, 21.02566909790039, 21.59455680847168, 22.17505645751953, 22.75555419921875, 23.324443817138672, 23.893333435058594, 24.473831176757812, 25.054330825805664, 25.623218536376953, 26.192108154296875, 26.772607803344727, 27.353105545043945, 27.933605194091797, 28.49088478088379, 29.071382522583008, 29.64027214050293, 30.20915985107422, 30.78965950012207, 31.37015724182129, 31.93904685974121, 32.5079345703125, 33.088436126708984, 33.6689338684082, 34.22621154785156, 34.80671310424805, 35.387210845947266, 35.967708587646484, 36.536598205566406, 37.10548782348633, 37.68598556518555, 38.266483306884766, 38.84698486328125, 39.42748260498047], "rhythm.bpm_histogram": [0.0, 0.0, 0.0, 0.0, 0.0, 0.0, 0.0, 0.0, 0.0, 0.0, 0.0, 0.0, 0.0, 0.0, 0.0, 0.0, 0.0, 0.0, 0.0, 0.0, 0.0, 0.0, 0.0, 0.0, 0.0, 0.0, 0.0, 0.0, 0.0, 0.0, 0.0, 0.0, 0.0, 0.0, 0.0, 0.0, 0.0, 0.0, 0.0, 0.0, 0.0, 0.0, 0.0, 0.0, 0.0, 0.0, 0.0, 0.0, 0.0, 0.0, 0.0, 0.0, 0.0, 0.0, 0.0, 0.0, 0.0, 0.0, 0.0, 0.0, 0.0, 0.0, 0.0, 0.0, 0.0, 0.0, 0.0, 0.0, 0.0, 0.0, 0.0, 0.0, 0.0, 0.0, 0.0, 0.0, 0.0, 0.0, 0.0, 0.0, 0.0, 0.0, 0.0, 0.0, 0.0, 0.0, 0.0, 0.0, 0.0, 0.0, 0.0, 0.0, 0.0, 0.0, 0.0, 0.0, 0.014925372786819935, 0.0, 0.02985074557363987, 0.05970149114727974, 0.0, 0.08955223858356476, 0.0, 0.46268656849861145, 0.0, 0.2985074520111084, 0.0, 0.0, 0.04477611929178238, 0.0, 0.0, 0.0, 0.0, 0.0, 0.0, 0.0, 0.0, 0.0, 0.0, 0.0, 0.0, 0.0, 0.0, 0.0, 0.0, 0.0, 0.0, 0.0, 0.0, 0.0, 0.0, 0.0, 0.0, 0.0, 0.0, 0.0, 0.0, 0.0, 0.0, 0.0, 0.0, 0.0, 0.0, 0.0, 0.0, 0.0, 0.0, 0.0, 0.0, 0.0, 0.0, 0.0, 0.0, 0.0, 0.0, 0.0, 0.0, 0.0, 0.0, 0.0, 0.0, 0.0, 0.0, 0.0, 0.0, 0.0, 0.0, 0.0, 0.0, 0.0, 0.0, 0.0, 0.0, 0.0, 0.0, 0.0, 0.0, 0.0, 0.0, 0.0, 0.0, 0.0, 0.0, 0.0, 0.0, 0.0, 0.0, 0.0, 0.0, 0.0, 0.0, 0.0, 0.0, 0.0, 0.0, 0.0, 0.0, 0.0, 0.0, 0.0, 0.0, 0.0, 0.0, 0.0, 0.0, 0.0, 0.0, 0.0, 0.0, 0.0, 0.0, 0.0, 0.0, 0.0, 0.0, 0.0, 0.0, 0.0, 0.0, 0.0, 0.0, 0.0, 0.0, 0.0, 0.0, 0.0, 0.0, 0.0, 0.0, 0.0, 0.0, 0.0, 0.0, 0.0, 0.0, 0.0, 0.0, 0.0, 0.0, 0.0, 0.0, 0.0, 0.0, 0.0, 0.0, 0.0, 0.0, 0.0, 0.0, 0.0], "tonal.chords_histogram": [14.004630088806152, 4.513888835906982, 13.310185432434082, 0.0, 0.0, 0.0, 0.0, 0.0, 0.0, 0.0, 0.0, 0.11574073880910873, 0.23148147761821747, 0.0, 0.0, 6.828703880310059, 0.0, 46.52777862548828, 0.0, 4.976851940155029, 2.6620371341705322, 0.0, 6.828703880310059, 0.0], "tonal.thpcp": [1.0, 0.7266525626182556, 0.23007826507091522, 0.16627883911132812, 0.23995907604694366, 0.42848479747772217, 0.4811156094074249, 0.2917965054512024, 0.14355766773223877, 0.1622176319360733, 0.22722949087619781, 0.21327631175518036, 0.18085023760795593, 0.18704438209533691, 0.35757508873939514, 0.714324414730072, 0.6145278215408325, 0.2521560788154602, 0.25364282727241516, 0.3899172842502594, 0.6117253303527832, 0.6961623430252075, 0.44871407747268677, 0.24349269270896912, 0.19565336406230927, 0.13472600281238556, 0.08569709956645966, 0.07782606035470963, 0.09446964412927628, 0.1290188431739807, 0.2120150625705719, 0.30994778871536255, 0.3567040264606476, 0.5022653937339783, 0.5397801399230957, 0.6477079391479492], "lowlevel.gfcc.cov": [[19478.26953125, -4597.51416015625, -6032.14501953125, 1969.6402587890625, -888.4520263671875, 565.598388671875, -1606.7396240234375, 1415.466796875, -1479.6639404296875, 1112.0980224609375, 123.08075714111328, -209.4493408203125, 626.9785766601562], [-4597.51416015625, 3161.875732421875, 1581.835693359375, -1301.6260986328125, 403.77142333984375, -370.7161560058594, 776.654541015625, -605.6832275390625, 523.5083618164062, -476.8710632324219, 138.02279663085938, -135.9182891845703, -72.91475677490234], [-6032.14501953125, 1581.835693359375, 3240.57958984375, -596.192626953125, 123.296630859375, -193.76589965820312, 584.7774047851562, -420.9415283203125, 603.0014038085938, -410.373779296875, -116.58021545410156, 161.6565704345703, -249.22132873535156], [1969.6402587890625, -1301.6260986328125, -596.192626953125, 960.563232421875, -45.47160720825195, -18.914127349853516, -352.7712097167969, 242.69032287597656, -106.08383178710938, 140.05047607421875, -22.02800941467285, 81.1689224243164, 36.846675872802734], [-888.4520263671875, 403.77142333984375, 123.296630859375, -45.47160720825195, 392.905517578125, -16.62912940979004, 122.73657989501953, -123.16305541992188, 128.43109130859375, -50.246402740478516, 45.71047592163086, -8.61379623413086, -4.688626766204834], [565.598388671875, -370.7161560058594, -193.76589965820312, -18.914127349853516, -16.62912940979004, 385.0423583984375, 38.585784912109375, -14.996065139770508, -74.21451568603516, 57.179073333740234, -25.43507957458496, -16.399776458740234, -0.3180065155029297], [-1606.7396240234375, 776.654541015625, 584.7774047851562, -352.7712097167969, 122.73657989501953, 38.585784912109375, 448.9824523925781, -163.62734985351562, 152.359619140625, -158.55938720703125, 29.104787826538086, -24.311147689819336, -38.51371765136719], [1415.466796875, -605.6832275390625, -420.9415283203125, 242.69032287597656, -123.16305541992188, -14.996065139770508, -163.62734985351562, 281.7356262207031, -116.5336685180664, 116.33869934082031, -3.505794048309326, 1.0438532829284668, 69.00836181640625], [-1479.6639404296875, 523.5083618164062, 603.0014038085938, -106.08383178710938, 128.43109130859375, -74.21451568603516, 152.359619140625, -116.5336685180664, 308.3798522949219, -114.3956527709961, -16.687406539916992, 33.07607650756836, -59.76945495605469], [1112.0980224609375, -476.8710632324219, -410.373779296875, 140.05047607421875, -50.246402740478516, 57.179073333740234, -158.55938720703125, 116.33869934082031, -114.3956527709961, 189.27957153320312, 22.805749893188477, -9.152121543884277, 55.929405212402344], [123.08075714111328, 138.02279663085938, -116.58021545410156, -22.02800941467285, 45.71047592163086, -25.43507957458496, 29.104787826538086, -3.505794048309326, -16.687406539916992, 22.805749893188477, 115.50711059570312, -9.032952308654785, 37.824005126953125], [-209.4493408203125, -135.9182891845703, 161.6565704345703, 81.1689224243164, -8.61379623413086, -16.399776458740234, -24.311147689819336, 1.0438532829284668, 33.07607650756836, -9.152121543884277, -9.032952308654785, 133.46530151367188, -21.52147102355957], [626.9785766601562, -72.91475677490234, -249.22132873535156, 36.846675872802734, -4.688626766204834, -0.3180065155029297, -38.51371765136719, 69.00836181640625, -59.76945495605469, 55.929405212402344, 37.824005126953125, -21.52147102355957, 139.52622985839844]], "lowlevel.gfcc.icov": [[0.00025799620198085904, -0.0007080250652506948, 0.0002987661864608526, -0.000750793085899204, 0.00037370953941717744, -0.0007682831492275, 0.00031811976805329323, -0.000907181587535888, 0.0005842340760864317, -0.0006894457619637251, 0.00046574039151892066, -0.00037224270636215806, 9.28484441828914e-05], [-0.0007080250652506948, 0.0075020091608166695, -0.0009250696748495102, 0.006654903758317232, -0.0020309067331254482, 0.006475347559899092, -0.0024113899562507868, 0.00655942689627409, -0.004948097746819258, 0.00628071092069149, -0.005550458561629057, 0.00462345452979207, -0.0026905459817498922], [0.0002987661864608526, -0.0009250696748495102, 0.0010789321968331933, -0.0008172766538336873, 0.0007343877805396914, -0.0006831478676758707, -0.0001571471948409453, -0.0007843332132324576, -8.064249414019287e-05, -0.0007744944887235761, 0.0011936906957998872, -0.0012220495846122503, 0.0004485281533561647], [-0.000750793085899204, 0.006654903758317232, -0.0008172766538336873, 0.007797818630933762, -0.0023993621580302715, 0.005721114110201597, -0.0011322674108669162, 0.00480689387768507, -0.004668322391808033, 0.00586363673210144, -0.004785213619470596, 0.0030625471845269203, -0.002005751943215728], [0.00037370953941717744, -0.0020309067331254482, 0.0007343877805396914, -0.0023993621580302715, 0.004461243748664856, -0.0017834770260378718, 1.307919887949538e-06, -0.00038848648546263576, -0.00012375571532174945, -0.0021856294479221106, 0.00045033430797047913, -0.0009120556642301381, 0.00010344799375161529], [-0.0007682831492275, 0.006475347559899092, -0.0006831478676758707, 0.005721114110201597, -0.0017834770260378718, 0.009208090603351593, -0.0036848438903689384, 0.006906063761562109, -0.0036404565908014774, 0.003430702490732074, -0.0029267321806401014, 0.0036537384148687124, -0.0019442315679043531], [0.00031811976805329323, -0.0024113899562507868, -0.0001571471948409453, -0.0011322674108669162, 1.307919887949538e-06, -0.0036848438903689384, 0.006259464658796787, -0.002762888092547655, 0.0010575922206044197, 0.0011487341253086925, -0.000577941129449755, -0.0005127107724547386, 0.00048476256779395044], [-0.000907181587535888, 0.00655942689627409, -0.0007843332132324576, 0.00480689387768507, -0.00038848648546263576, 0.006906063761562109, -0.002762888092547655, 0.013363845646381378, -0.004310668911784887, 0.0030917776748538017, -0.003571959910914302, 0.0038834938313812017, -0.00405416963621974], [0.0005842340760864317, -0.004948097746819258, -8.064249414019287e-05, -0.004668322391808033, -0.00012375571532174945, -0.0036404565908014774, 0.0010575922206044197, -0.004310668911784887, 0.009765797294676304, -0.0034349237103015184, 0.004282021429389715, -0.0034321274142712355, 0.0021592413540929556], [-0.0006894457619637251, 0.00628071092069149, -0.0007744944887235761, 0.00586363673210144, -0.0021856294479221106, 0.003430702490732074, 0.0011487341253086925, 0.0030917776748538017, -0.0034349237103015184, 0.01657497137784958, -0.00737183541059494, 0.004106482025235891, -0.0033129749353975058], [0.00046574039151892066, -0.005550458561629057, 0.0011936906957998872, -0.004785213619470596, 0.00045033430797047913, -0.0029267321806401014, -0.000577941129449755, -0.003571959910914302, 0.004282021429389715, -0.00737183541059494, 0.016108976677060127, -0.004379472229629755, -0.0002351691946387291], [-0.00037224270636215806, 0.00462345452979207, -0.0012220495846122503, 0.0030625471845269203, -0.0009120556642301381, 0.0036537384148687124, -0.0005127107724547386, 0.0038834938313812017, -0.0034321274142712355, 0.004106482025235891, -0.004379472229629755, 0.01216897927224636, -0.0010393710108473897], [9.28484441828914e-05, -0.0026905459817498922, 0.0004485281533561647, -0.002005751943215728, 0.00010344799375161529, -0.0019442315679043531, 0.00048476256779395044, -0.00405416963621974, 0.0021592413540929556, -0.0033129749353975058, -0.0002351691946387291, -0.0010393710108473897, 0.010969103313982487]], "lowlevel.mfcc.cov": [[22471.24609375, -6088.42919921875, -5256.26123046875, 139.95016479492188, 298.2590637207031, -1228.1334228515625, 866.5718994140625, -1390.817626953125, 17.71433448791504, -2.68942928314209, -312.2850036621094, -212.70608520507812, 160.1470184326172], [-6088.42919921875, 4077.849609375, 1229.4217529296875, -450.99017333984375, -336.6300048828125, 334.6395568847656, -108.63042449951172, 352.36712646484375, -47.46364212036133, 43.26828384399414, 72.54916381835938, 43.36329650878906, -76.24183654785156], [-5256.26123046875, 1229.4217529296875, 2344.59716796875, 52.78458023071289, -165.20436096191406, 239.18775939941406, -324.4676208496094, 445.59442138671875, 68.06305694580078, -38.61747741699219, 76.17485809326172, 55.45560073852539, -5.262416362762451], [139.95016479492188, -450.99017333984375, 52.78458023071289, 622.9261474609375, 189.29110717773438, -141.84588623046875, -120.95780181884766, 36.404632568359375, 11.293501853942871, -60.35572814941406, 16.641464233398438, 66.49501037597656, 22.17755699157715], [298.2590637207031, -336.6300048828125, -165.20436096191406, 189.29110717773438, 299.0176086425781, 11.870687484741211, -69.43769836425781, -40.73175811767578, 2.740234136581421, 4.108893394470215, 10.303095817565918, 18.97231101989746, 16.211790084838867], [-1228.1334228515625, 334.6395568847656, 239.18775939941406, -141.84588623046875, 11.870687484741211, 431.3746643066406, -10.14222240447998, 148.6333770751953, -19.60381507873535, 43.892051696777344, 45.11312484741211, -20.266172409057617, -3.871453046798706], [866.5718994140625, -108.63042449951172, -324.4676208496094, -120.95780181884766, -69.43769836425781, -10.14222240447998, 319.59674072265625, -92.3836898803711, -1.5958999395370483, 44.45752716064453, -25.062789916992188, -46.689212799072266, 10.161665916442871], [-1390.817626953125, 352.36712646484375, 445.59442138671875, 36.404632568359375, -40.73175811767578, 148.6333770751953, -92.3836898803711, 301.7599182128906, 19.521089553833008, -4.488905906677246, 38.95602035522461, 38.29220199584961, -11.530732154846191], [17.71433448791504, -47.46364212036133, 68.06305694580078, 11.293501853942871, 2.740234136581421, -19.60381507873535, -1.5958999395370483, 19.521089553833008, 128.58831787109375, 40.93215560913086, -0.8381849527359009, -7.71293306350708, 4.24168062210083], [-2.68942928314209, 43.26828384399414, -38.61747741699219, -60.35572814941406, 4.108893394470215, 43.892051696777344, 44.45752716064453, -4.488905906677246, 40.93215560913086, 114.962890625, 12.759343147277832, -30.582345962524414, -1.4416247606277466], [-312.2850036621094, 72.54916381835938, 76.17485809326172, 16.641464233398438, 10.303095817565918, 45.11312484741211, -25.062789916992188, 38.95602035522461, -0.8381849527359009, 12.759343147277832, 96.77708435058594, 24.40119743347168, -9.32281494140625], [-212.70608520507812, 43.36329650878906, 55.45560073852539, 66.49501037597656, 18.97231101989746, -20.266172409057617, -46.689212799072266, 38.29220199584961, -7.71293306350708, -30.582345962524414, 24.40119743347168, 102.97086334228516, 12.720860481262207], [160.1470184326172, -76.24183654785156, -5.262416362762451, 22.17755699157715, 16.211790084838867, -3.871453046798706, 10.161665916442871, -11.530732154846191, 4.24168062210083, -1.4416247606277466, -9.32281494140625, 12.720860481262207, 76.44549560546875]], "lowlevel.mfcc.icov": [[0.00016098855121526867, 0.00014972506323829293, 0.00024772193864919245, 4.4194410293130204e-05, 0.00011690775136230513, 0.00017077932716347277, -4.666197128244676e-05, 0.00010093583114212379, -0.00010304898023605347, 6.458049756474793e-05, 9.074608897208236e-06, 9.320247045252472e-05, -0.00018588324019219726], [0.00014972506323829293, 0.0004978724173270166, 8.421653183177114e-05, 0.0002500757691450417, 0.0002965519670397043, 9.79009855655022e-05, -3.957918579544639e-06, -4.43039316451177e-05, 0.00015509745571762323, -0.0001772174146026373, 1.7839080101111904e-05, -0.00018212474242318422, 7.257823017425835e-05], [0.00024772193864919245, 8.421653183177114e-05, 0.0011480406392365694, -0.00010475158342160285, 0.0006128918612375855, 8.656440331833437e-05, 0.000499165675137192, -0.00045731908176094294, -0.0005993700469844043, 0.00037038594018667936, -0.00015937401622068137, 0.00040725208236835897, -0.0006334335776045918], [4.4194410293130204e-05, 0.0002500757691450417, -0.00010475158342160285, 0.0028113173320889473, -0.0017027038848027587, 0.001244107959792018, 0.00011851618182845414, -0.0009707367862574756, 4.410480414662743e-06, 0.0007852046983316541, -0.0004593060875777155, -0.00041077539208345115, -0.00037714920472353697], [0.00011690775136230513, 0.0002965519670397043, 0.0006128918612375855, -0.0017027038848027587, 0.00563647598028183, -0.0013413997367024422, 0.001430464326404035, 0.0014018826186656952, -0.0002847997529897839, -0.0010393622796982527, 1.6362993846996687e-05, -0.000553305319044739, -0.0005646719364449382], [0.00017077932716347277, 9.79009855655022e-05, 8.656440331833437e-05, 0.001244107959792018, -0.0013413997367024422, 0.004145937971770763, -0.00038984540151432157, -0.0020891132298856974, 0.0011710543185472488, -0.0007491965079680085, -0.0011712369741871953, 0.0013705661986023188, -0.000833965721540153], [-4.666197128244676e-05, -3.957918579544639e-06, 0.000499165675137192, 0.00011851618182845414, 0.001430464326404035, -0.00038984540151432157, 0.004635197576135397, 0.0006508240476250648, 9.522410982754081e-05, -0.001326562836766243, 0.0003175390011165291, 0.0007233439246192575, -0.0008592342492192984], [0.00010093583114212379, -4.43039316451177e-05, -0.00045731908176094294, -0.0009707367862574756, 0.0014018826186656952, -0.0020891132298856974, 0.0006508240476250648, 0.006398477591574192, -0.0011741297785192728, 7.963901589391753e-05, -0.00019270711345598102, -0.0017719240859150887, 0.0008080168627202511], [-0.00010304898023605347, 0.00015509745571762323, -0.0005993700469844043, 4.410480414662743e-06, -0.0002847997529897839, 0.0011710543185472488, 9.522410982754081e-05, -0.0011741297785192728, 0.009936329908668995, -0.004344569984823465, 0.0005909021710976958, 0.00015916317352093756, -0.00032971546170301735], [6.458049756474793e-05, -0.0001772174146026373, 0.00037038594018667936, 0.0007852046983316541, -0.0010393622796982527, -0.0007491965079680085, -0.001326562836766243, 7.963901589391753e-05, -0.004344569984823465, 0.012774458155035973, -0.0025360863655805588, 0.0030429635662585497, -0.00047719033318571746], [9.074608897208236e-06, 1.7839080101111904e-05, -0.00015937401622068137, -0.0004593060875777155, 1.6362993846996687e-05, -0.0011712369741871953, 0.0003175390011165291, -0.00019270711345598102, 0.0005909021710976958, -0.0025360863655805588, 0.012701648287475109, -0.003596849972382188, 0.002053928794339299], [9.320247045252472e-05, -0.00018212474242318422, 0.00040725208236835897, -0.00041077539208345115, -0.000553305319044739, 0.0013705661986023188, 0.0007233439246192575, -0.0017719240859150887, 0.00015916317352093756, 0.0030429635662585497, -0.003596849972382188, 0.013529815711081028, -0.0030478746630251408], [-0.00018588324019219726, 7.257823017425835e-05, -0.0006334335776045918, -0.00037714920472353697, -0.0005646719364449382, -0.000833965721540153, -0.0008592342492192984, 0.0008080168627202511, -0.00032971546170301735, -0.00047719033318571746, 0.002053928794339299, -0.0030478746630251408, 0.