{"song_id": "1183699892837810186", "download": "https://cdn.discordapp.com/attachments/1135911532732108921/1183699892837810186/chirp.mp4?ex=6589496e&amp", "lyrics": "\u0414\u0432\u0430 \u0442\u0440\u0438 \u0434\u0432\u0430 \u0447\u0435\u0442\u044b\u0440\u0435 \u043f\u044f\u0442\u044c\n\u0442\u0440\u0438\u0441\u0442\u0430 \u043f\u044f\u0442\u044c \u0447\u0435\u0442\u044b\u0440\u0435 \u0432\u043e\u0441\u0435\u043c\u044c\n\u0441\u0435\u043c\u044c\u0441\u043e\u0442 \u0441\u043e\u0440\u043e\u043a \u0434\u0432\u0430\u0434\u0446\u0430\u0442\u044c \u043f\u044f\u0442\u044c\n\u0434\u0435\u0441\u044f\u0442\u044c \u0442\u044b\u0441\u044f\u0447 \u043f\u044f\u0442\u044c\u0441\u043e\u0442 \u0432\u043e\u0441\u0435\u043c\u044c\n2 3 2 4 5\n305 4 8\n740 25\n10000 508", "style": ["random"], "essentia_features": {"lowlevel.average_loudness": 0.959791898727417, "lowlevel.barkbands_crest.mean": 12.013480186462402, "lowlevel.barkbands_crest.stdev": 5.550348281860352, "lowlevel.barkbands_flatness_db.mean": 0.16839119791984558, "lowlevel.barkbands_flatness_db.stdev": 0.06037554517388344, "lowlevel.barkbands_kurtosis.mean": 6.89814567565918, "lowlevel.barkbands_kurtosis.stdev": 22.506362915039062, "lowlevel.barkbands_skewness.mean": 0.9771011471748352, "lowlevel.barkbands_skewness.stdev": 2.2517361640930176, "lowlevel.barkbands_spread.mean": 29.893600463867188, "lowlevel.barkbands_spread.stdev": 23.30558204650879, "lowlevel.dissonance.mean": 0.45833253860473633, "lowlevel.dissonance.stdev": 0.04405200108885765, "lowlevel.dynamic_complexity": 3.894827127456665, "lowlevel.erbbands_crest.mean": 10.47866439819336, "lowlevel.erbbands_crest.stdev": 5.464934349060059, "lowlevel.erbbands_flatness_db.mean": 0.17734044790267944, "lowlevel.erbbands_flatness_db.stdev": 0.06455649435520172, "lowlevel.erbbands_kurtosis.mean": 2.7066242694854736, "lowlevel.erbbands_kurtosis.stdev": 4.597843170166016, "lowlevel.erbbands_skewness.mean": 0.11195686459541321, "lowlevel.erbbands_skewness.stdev": 1.2942192554473877, "lowlevel.erbbands_spread.mean": 43.02409744262695, "lowlevel.erbbands_spread.stdev": 32.61553192138672, "lowlevel.hfc.mean": 25.586515426635742, "lowlevel.hfc.stdev": 23.87949562072754, "lowlevel.loudness_ebu128.integrated": -16.694028854370117, "lowlevel.loudness_ebu128.loudness_range": 2.2297439575195312, "lowlevel.loudness_ebu128.momentary.mean": -17.475181579589844, "lowlevel.loudness_ebu128.momentary.stdev": 3.819068431854248, "lowlevel.loudness_ebu128.short_term.mean": -16.954050064086914, "lowlevel.loudness_ebu128.short_term.stdev": 0.6529573202133179, "lowlevel.melbands_crest.mean": 16.52376365661621, "lowlevel.melbands_crest.stdev": 8.278972625732422, "lowlevel.melbands_flatness_db.mean": 0.18183979392051697, "lowlevel.melbands_flatness_db.stdev": 0.08260006457567215, "lowlevel.melbands_kurtosis.mean": 21.02231788635254, "lowlevel.melbands_kurtosis.stdev": 51.13515090942383, "lowlevel.melbands_skewness.mean": 2.614032745361328, "lowlevel.melbands_skewness.stdev": 3.055924415588379, "lowlevel.melbands_spread.mean": 45.01948928833008, "lowlevel.melbands_spread.stdev": 49.77615737915039, "lowlevel.pitch_salience.mean": 0.5568221807479858, "lowlevel.pitch_salience.stdev": 0.17653946578502655, "lowlevel.silence_rate_20dB.mean": 1.0, "lowlevel.silence_rate_20dB.stdev": 0.0, "lowlevel.silence_rate_30dB.mean": 0.9986110925674438, "lowlevel.silence_rate_30dB.stdev": 0.03724190592765808, "lowlevel.silence_rate_60dB.mean": 0.2013888955116272, "lowlevel.silence_rate_60dB.stdev": 0.40103816986083984, "lowlevel.spectral_centroid.mean": 1871.906982421875, "lowlevel.spectral_centroid.stdev": 1525.6875, "lowlevel.spectral_complexity.mean": 8.994444847106934, "lowlevel.spectral_complexity.stdev": 8.56948184967041, "lowlevel.spectral_decrease.mean": -4.122487684554699e-09, "lowlevel.spectral_decrease.stdev": 4.808713427451039e-09, "lowlevel.spectral_energy.mean": 0.017879992723464966, "lowlevel.spectral_energy.stdev": 0.01953776925802231, "lowlevel.spectral_energyband_high.mean": 0.0013238947140052915, "lowlevel.spectral_energyband_high.stdev": 0.0018199392361566424, "lowlevel.spectral_energyband_low.mean": 0.0017728237435221672, "lowlevel.spectral_energyband_low.stdev": 0.00524528743699193, "lowlevel.spectral_energyband_middle_high.mean": 0.007147437892854214, "lowlevel.spectral_energyband_middle_high.stdev": 0.010477304458618164, "lowlevel.spectral_energyband_middle_low.mean": 0.008326319046318531, "lowlevel.spectral_energyband_middle_low.stdev": 0.013073393143713474, "lowlevel.spectral_entropy.mean": 7.791857719421387, "lowlevel.spectral_entropy.stdev": 0.7184939980506897, "lowlevel.spectral_flux.mean": 0.0854760929942131, "lowlevel.spectral_flux.stdev": 0.05741441622376442, "lowlevel.spectral_kurtosis.mean": 3.131040334701538, "lowlevel.spectral_kurtosis.stdev": 4.2320075035095215, "lowlevel.spectral_rms.mean": 0.003552960930392146, "lowlevel.spectral_rms.stdev": 0.002195530803874135, "lowlevel.spectral_rolloff.mean": 4105.9638671875, "lowlevel.spectral_rolloff.stdev": 4425.02783203125, "lowlevel.spectral_skewness.mean": 1.5034369230270386, "lowlevel.spectral_skewness.stdev": 0.7691253423690796, "lowlevel.spectral_spread.mean": 7895832.0, "lowlevel.spectral_spread.stdev": 4069690.75, "lowlevel.spectral_strongpeak.mean": 1.3973628282546997, "lowlevel.spectral_strongpeak.stdev": 2.0165677070617676, "lowlevel.zerocrossingrate.mean": 0.1460808664560318, "lowlevel.zerocrossingrate.stdev": 0.1201784610748291, "metadata.audio_properties.analysis.equal_loudness": 0.0, "metadata.audio_properties.analysis.length": 16.682653427124023, "metadata.audio_properties.analysis.sample_rate": 44100.0, "metadata.audio_properties.analysis.start_time": 0.0, "metadata.audio_properties.bit_rate": 120390.0, "metadata.audio_properties.length": 16.682666778564453, "metadata.audio_properties.lossless": 0.0, "metadata.audio_properties.number_channels": 1.0, "metadata.audio_properties.replay_gain": -11.342622756958008, "metadata.audio_properties.sample_rate": 48000.0, "rhythm.beats_count": 33.0, "rhythm.beats_loudness.mean": 0.03325590863823891, "rhythm.beats_loudness.stdev": 0.016663184389472008, "rhythm.bpm": 122.30844116210938, "rhythm.bpm_histogram_first_peak_bpm": 123.0, "rhythm.bpm_histogram_first_peak_weight": 0.25806450843811035, "rhythm.bpm_histogram_second_peak_bpm": 112.0, "rhythm.bpm_histogram_second_peak_spread": 0.0, "rhythm.bpm_histogram_second_peak_weight": 0.03125, "rhythm.danceability": 2.17191743850708, "rhythm.onset_rate": 4.851709365844727, "tonal.chords_changes_rate": 0.04709141328930855, "tonal.chords_number_rate": 0.016620498150587082, "tonal.chords_strength.mean": 0.5140678286552429, "tonal.chords_strength.stdev": 0.06422055512666702, "tonal.hpcp_crest.mean": 13.650771141052246, "tonal.hpcp_crest.stdev": 8.957798957824707, "tonal.hpcp_entropy.mean": 2.1087806224823, "tonal.hpcp_entropy.stdev": 1.0707433223724365, "tonal.key_edma.strength": 0.6643442511558533, "tonal.key_krumhansl.strength": 0.6558523774147034, "tonal.key_temperley.strength": 0.6364148855209351, "tonal.tuning_diatonic_strength": 0.6188499927520752, "tonal.tuning_equal_tempered_deviation": 0.12472696602344513, "tonal.tuning_frequency": 439.4919738769531, "tonal.tuning_nontempered_energy_ratio": 0.831743597984314, "lowlevel.barkbands.mean": [9.441094152862206e-05, 0.0010525316465646029, 0.00026456970954313874, 0.0008993670344352722, 0.003676463384181261, 0.0004979807417839766, 0.0004226367163937539, 0.0012217801995575428, 0.0009750581230036914, 0.0010904925875365734, 0.001609176048077643, 0.0010204061400145292, 0.0008536804816685617, 0.0007560686790384352, 0.0004329870280344039, 0.0005072911735624075, 0.000832427351269871, 0.00028446706710383296, 4.698800330515951e-05, 4.4831456762040034e-05, 8.441455429419875e-05, 0.00012733685434795916, 0.0003115205909125507, 0.0001978624059120193, 0.00037537619937211275, 0.0001992735342355445, 6.01468627792201e-07], "lowlevel.barkbands.stdev": [0.00031273369677364826, 0.0030267531983554363, 0.0015332645270973444, 0.007113990839570761, 0.0061003221198916435, 0.0013363606994971633, 0.001046900637447834, 0.0029738456942141056, 0.003988660406321287, 0.002715419977903366, 0.0039094919338822365, 0.003249199828132987, 0.002657586708664894, 0.002481933915987611, 0.0010140698868781328, 0.0016036838060244918, 0.002393543254584074, 0.0009084254852496088, 8.622402674518526e-05, 0.00010598274820949882, 0.00019058384350501, 0.0002350754803046584, 0.00046867987839505076, 0.0003362554416526109, 0.0006601473432965577, 0.0003369237529113889, 2.4370394839934306e-06], "lowlevel.erbbands.mean": [0.04639418423175812, 0.17212516069412231, 0.2962340712547302, 1.732925534248352, 5.923309803009033, 14.443398475646973, 10.845876693725586, 3.4860448837280273, 4.649097919464111, 16.681251525878906, 24.978458404541016, 22.60835075378418, 38.88260269165039, 23.10309600830078, 84.71314239501953, 37.288082122802734, 41.64814758300781, 42.97916030883789, 23.950756072998047, 23.474639892578125, 36.58414840698242, 39.08936309814453, 20.38797950744629, 4.936369895935059, 2.020167827606201, 2.156468152999878, 2.859090805053711, 3.779458999633789, 4.32712459564209, 7.250896453857422, 9.068419456481934, 3.9770617485046387, 3.8130712509155273, 4.029837608337402, 2.7323482036590576, 1.278238296508789, 0.28113460540771484, 0.016182471066713333, 0.00039081479189917445, 4.785193959833123e-05], "lowlevel.erbbands.stdev": [0.14331543445587158, 0.5279055833816528, 1.5124210119247437, 12.528242111206055, 20.357379913330078, 23.71295166015625, 18.805343627929688, 11.692537307739258, 13.058676719665527, 33.058650970458984, 78.53009033203125, 89.75247955322266, 97.64801788330078, 50.23394012451172, 200.04983520507812, 106.15055084228516, 121.99215698242188, 141.55825805664062, 44.502708435058594, 58.63079071044922, 96.13265228271484, 113.13146209716797, 63.10560607910156, 11.042305946350098, 3.7587151527404785, 5.101287841796875, 6.493776321411133, 8.69819450378418, 8.034632682800293, 11.560952186584473, 13.881113052368164, 6.702470302581787, 6.696139335632324, 7.130212783813477, 5.044963836669922, 2.1716623306274414, 0.49149656295776367, 0.03033408895134926, 0.0006664748070761561, 4.8293375584762543e-05], "lowlevel.gfcc.mean": [-71.77505493164062, 14.26905345916748, -115.91432189941406, 0.503512978553772, -76.21812438964844, 22.151079177856445, -67.04087829589844, 3.4470622539520264, -37.31226348876953, -4.726665019989014, -28.7061824798584, 10.89853286743164, -11.802756309509277], "lowlevel.melbands.mean": [0.00034232233883813024, 0.00018348664161749184, 0.0004094103060197085, 0.0007507784757763147, 0.00047349234228022397, 7.727207412244752e-05, 7.453369471477345e-05, 0.00021525242482312024, 0.00019842907204292715, 0.00014199745783116668, 0.00019209281890653074, 7.994856423465535e-05, 0.00023901686654426157, 0.00017163869051728398, 7.064548117341474e-05, 8.583498129155487e-05, 8.372394950129092e-05, 3.5386841773288324e-05, 3.635156463133171e-05, 3.488426955300383e-05, 4.661687125917524e-05, 4.826608710573055e-05, 2.1332387404982e-05, 1.4152657058730256e-05, 2.708512511162553e-06, 1.4792400406804518e-06, 1.2892674021713901e-06, 1.4659768794444972e-06, 1.6047607687141863e-06, 2.0845279777859105e-06, 2.2343958789861063e-06, 2.402572363280342e-06, 2.5684289539640304e-06, 4.7672883738414384e-06, 6.058251983631635e-06, 3.1430015496880515e-06, 2.126375420630211e-06, 2.4304240469064098e-06, 3.0440621685556835e-06, 3.564961389201926e-06], "lowlevel.melbands.stdev": [0.0010054626036435366, 0.0006818716647103429, 0.0024230119306594133, 0.001464752946048975, 0.0007524544489569962, 0.00025290780467912555, 0.00020440889056771994, 0.00045308901462703943, 0.0007300885627046227, 0.0005797595367766917, 0.0004914090386591852, 0.00019825490016955882, 0.0005650304374285042, 0.0004612051125150174, 0.00018692907178774476, 0.0003110386023763567, 0.00031317013781517744, 7.023082434898242e-05, 9.166735253529623e-05, 0.00013304893218446523, 0.00013558362843468785, 0.0001467981346650049, 5.650563252856955e-05, 5.600064105237834e-05, 5.564139883063035e-06, 2.748709903244162e-06, 2.8811825814045733e-06, 3.7642305414919974e-06, 3.937224391847849e-06, 4.638202881324105e-06, 5.4264792197500356e-06, 4.645285571314162e-06, 5.09599794895621e-06, 7.614555670443224e-06, 9.554091775498819e-06, 4.972213901055511e-06, 3.907441623596242e-06, 4.304062713345047e-06, 5.607221282843966e-06, 6.293212209129706e-06], "lowlevel.melbands128.mean": [9.035360562847927e-05, 0.00042417834629304707, 0.00042695063166320324, 0.00023320129548665136, 0.00012958634761162102, 0.00013943716476205736, 0.0003085621865466237, 0.0004984247498214245, 0.0005272081471048295, 0.0008161256555467844, 0.000850358628667891, 0.0007660887204110622, 0.00036958925193175673, 0.00011732526763807982, 6.495077104773372e-05, 6.151364505058154e-05, 5.705834337277338e-05, 7.196330261649564e-05, 0.00010287990153301507, 0.00016932899598032236, 0.00031633995240554214, 0.00023452275490853935, 0.00018480565631762147, 0.000168759492225945, 0.00012040662113577127, 0.0001473299926146865, 0.00012964305642526597, 0.0002882207918446511, 0.00015034692478366196, 5.809440335724503e-05, 7.213896606117487e-05, 8.004499977687374e-05, 0.0001917660265462473, 0.000473681662697345, 0.00020336390298325568, 9.809926268644631e-05, 6.087882866268046e-05, 5.065750519861467e-05, 9.200704516842961e-05, 0.00011180630826856941, 9.248461719835177e-05, 2.6429495846969076e-05, 0.00011091444321209565, 9.62559788604267e-05, 3.6833796912105754e-05, 2.2712929421686567e-05, 3.263178587076254e-05, 5.6629851314937696e-05, 2.6174748199991882e-05, 1.660409543546848e-05, 4.5669359678868204e-05, 4.299411739339121e-05, 2.3474585759686306e-05, 5.997005428071134e-05, 7.556322816526517e-05, 4.486640318646096e-05, 2.7506759579409845e-05, 2.5324034140794538e-05, 1.485734355810564e-05, 2.1748484869021922e-05, 1.943357892741915e-05, 3.7944535051792627e-06, 3.3815306323958794e-06, 2.3208287984743947e-06, 1.7823330153987627e-06, 1.4258242799769505e-06, 1.222831542690983e-06, 1.4772575696042622e-06, 1.1944561038035317e-06, 1.2455321893867222e-06, 1.4964225556468591e-06, 1.5510439652643981e-06, 1.5190996691671899e-06, 1.4754272115169442e-06, 1.8687220517676906e-06, 2.117934172929381e-06, 2.213101424786146e-06, 2.080140575344558e-06, 2.22447147280036e-06, 2.3793177206243854e-06, 2.462485554133309e-06, 2.4705998384888517e-06, 2.129153699570452e-06, 2.4525711523892824e-06, 2.8579586341948016e-06, 4.063957476319047e-06, 5.169642008695519e-06, 6.76152285450371e-06, 6.793842203478562e-06, 5.270341262075817e-06, 3.5533089430828113e-06, 2.6367788450443186e-06, 2.1356111119530397e-06, 2.214866754002287e-06, 1.9774531665461836e-06, 2.0542411220958456e-06, 2.4827345441735815e-06, 3.082006742261001e-06, 2.844386244760244e-06, 3.185521563864313e-06, 3.380819407539093e-06, 3.4970330489159096e-06, 4.046428784931777e-06, 3.7073311887070304e-06, 3.1452439088752726e-06, 2.6779052859637886e-06, 2.31542458095646e-06, 2.3433649403159507e-06, 2.365095951972762e-06, 2.2433077901951037e-06, 1.6293137150569237e-06, 1.009134166451986e-06, 8.019242159207352e-07, 5.059580985289358e-07, 2.3430186502082506e-07, 9.479467166784161e-08, 2.5254209390368487e-08, 2.68430699890132e-09, 2.6763941063379093e-10, 3.2284723939374205e-12, 2.783840215639377e-12, 2.65257022076526e-12, 2.584899091648274e-12, 2.5116417192577734e-12, 2.4016168827939444e-12, 2.2561199870124726e-12, 2.171792043079157e-12, 2.1476184546009858e-12], "lowlevel.melbands128.stdev": [0.00030406922451220453, 0.001376295811496675, 0.0013146247947588563, 0.0007961851079016924, 0.0007357701542787254, 0.0007885715458542109, 0.0024715070612728596, 0.003851877758279443, 0.0019834288395941257, 0.0019117299234494567, 0.001466088928282261, 0.001320480601862073, 0.0007560063968412578, 0.00031118912738747895, 0.0002647446235641837, 0.0003648774581961334, 0.0002170736261177808, 0.0002281864726683125, 0.00027665068046189845, 0.00040667495341040194, 0.000775931344833225, 0.0008852623868733644, 0.0009798366809263825, 0.0011514162179082632, 0.0006611187127418816, 0.000859224412124604, 0.0004740823060274124, 0.0008432595059275627, 0.0004964261897839606, 0.00018967824871651828, 0.00024550213129259646, 0.00030206324299797416, 0.0005911091575399041, 0.0012549652019515634, 0.0006767099257558584, 0.0004885649541392922, 0.00024048662453424186, 0.0001598999951966107, 0.0003408862103242427, 0.000431785243563354, 0.0004780934250447899, 0.00013896536256652325, 0.0005335737369023263, 0.00032616648240946233, 0.00011681433534249663, 6.321533874142915e-05, 8.59672436490655e-05, 0.00018339262169320136, 0.00010527889389777556, 5.4578424169449136e-05, 0.00025433494010940194, 0.00014753834693692625, 7.840870966902003e-05, 0.00026658462593331933, 0.00025226810248568654, 0.00023455300834029913, 0.00010512168955756351, 8.963981963461265e-05, 4.95193999086041e-05, 9.420476271770895e-05, 0.00010517572081880644, 1.186910958494991e-05, 7.463474503310863e-06, 4.983958660886856e-06, 4.472152795642614e-06, 2.7341413897374878e-06, 2.469284709150088e-06, 4.9417599257139955e-06, 3.174423454765929e-06, 3.227245542802848e-06, 4.599218755174661e-06, 4.23230721935397e-06, 4.4024795897712465e-06, 4.070946943102172e-06, 4.993506536266068e-06, 4.8121155487024225e-06, 5.563520971918479e-06, 5.566815616475651e-06, 6.221259809535695e-06, 6.003965609124862e-06, 5.132515980221797e-06, 5.38320546183968e-06, 4.559169610729441e-06, 6.020586170052411e-06, 5.8689547586254776e-06, 7.810961506038439e-06, 8.806550795270596e-06, 1.1758531400118954e-05, 1.1962867574766278e-05, 8.538497240806464e-06, 6.217610462044831e-06, 4.562950834952062e-06, 4.272327714716084e-06, 4.935563083563466e-06, 3.895039299095515e-06, 3.4482368391763885e-06, 4.947042270941893e-06, 6.3604115894122515e-06, 5.374420652515255e-06, 6.526851848320803e-06, 6.734637736371951e-06, 6.054217919881921e-06, 7.80092796048848e-06, 9.41664166020928e-06, 6.454452886828221e-06, 4.859681212110445e-06, 3.835439656540984e-06, 3.9954352359927725e-06, 4.310878921387484e-06, 4.441072633198928e-06, 3.166554279232514e-06, 1.881289449556789e-06, 1.5672137578803813e-06, 1.0734870556916576e-06, 5.515150860446738e-07, 2.4800641540423385e-07, 9.041110615726211e-08, 1.4700949790835693e-08, 4.033877676334896e-09, 7.872629631533457e-12, 5.1899500322361014e-12, 5.010163724866734e-12, 4.931088089937807e-12, 4.7673518778490465e-12, 4.406708071363896e-12, 4.039805816258291e-12, 3.944794144117303e-12, 3.92033454310603e-12], "lowlevel.mfcc.mean": [-712.9165649414062, 64.11450958251953, 2.7198383808135986, -19.877349853515625, 5.574447154998779, -0.6781226396560669, -15.861771583557129, 0.8939173221588135, -8.681083679199219, -16.751893997192383, -11.316383361816406, -9.369364738464355, -7.434123992919922], "lowlevel.spectral_contrast_coeffs.mean": [-0.5903156995773315, -0.7709754705429077, -0.77288419008255, -0.7918480634689331, -0.7893818616867065, -0.7967867255210876], "lowlevel.spectral_contrast_coeffs.stdev": [0.1391952782869339, 0.10697080940008163, 0.10692660510540009, 0.08696366101503372, 0.06804252415895462, 0.0462593175470829], "lowlevel.spectral_contrast_valleys.mean": [-9.091341972351074, -8.098925590515137, -8.168352127075195, -8.315261840820312, -8.600601196289062, -10.035508155822754], "lowlevel.spectral_contrast_valleys.stdev": [2.2466073036193848, 2.1909706592559814, 2.1521403789520264, 2.078867197036743, 2.0038886070251465, 1.9275453090667725], "rhythm.beats_loudness_band_ratio.mean": [0.23721636831760406, 0.16738839447498322, 0.16913408041000366, 0.22296126186847687, 0.1394156664609909, 0.10669435560703278], "rhythm.beats_loudness_band_ratio.stdev": [0.27395468950271606, 0.16036784648895264, 0.16955062747001648, 0.16910779476165771, 0.13139349222183228, 0.15668967366218567], "tonal.hpcp.mean": [0.20241400599479675, 0.17178460955619812, 0.16518810391426086, 0.1717974841594696, 0.13559429347515106, 0.09673700481653214, 0.09698587656021118, 0.10418678820133209, 0.2068081796169281, 0.30863073468208313, 0.24024176597595215, 0.14310283958911896, 0.11686209589242935, 0.10493039339780807, 0.10658703744411469, 0.11258555948734283, 0.10625531524419785, 0.11289960891008377, 0.11248024553060532, 0.0889890044927597, 0.08172865211963654, 0.08323004096746445, 0.07680648565292358, 0.10610347241163254, 0.1551617830991745, 0.14403171837329865, 0.10340318083763123, 0.0856163501739502, 0.08343654870986938, 0.14045833051204681, 0.18541069328784943, 0.14909431338310242, 0.10701074451208115, 0.10358424484729767, 0.1275981217622757, 0.18221060931682587], "tonal.hpcp.stdev": [0.302277535200119, 0.2877589762210846, 0.2575894296169281, 0.27319249510765076, 0.24345983564853668, 0.20299899578094482, 0.21124611794948578, 0.21039330959320068, 0.28517672419548035, 0.37722569704055786, 0.30326688289642334, 0.2437056303024292, 0.23074865341186523, 0.21444647014141083, 0.19063062965869904, 0.1974637359380722, 0.17620252072811127, 0.1940651684999466, 0.21815387904644012, 0.1770787090063095, 0.15956304967403412, 0.14850369095802307, 0.14213143289089203, 0.19457262754440308, 0.26279208064079285, 0.24859073758125305, 0.20400431752204895, 0.18240085244178772, 0.18217524886131287, 0.23902373015880585, 0.27886682748794556, 0.23602133989334106, 0.19703370332717896, 0.19722460210323334, 0.235886350274086, 0.3003907799720764], "rhythm.beats_position": [0.5572788715362549, 1.09133780002594, 1.590566873550415, 2.0897958278656006, 2.5774149894714355, 3.0650339126586914, 3.5526530742645264, 4.040272235870361, 4.527891159057617, 5.015510082244873, 5.503129005432129, 6.0023579597473145, 6.501587390899658, 6.989206314086914, 7.47682523727417, 7.964444160461426, 8.45206356048584, 8.939682006835938, 9.427301406860352, 9.926530838012695, 10.425759315490723, 10.913378715515137, 11.400997161865234, 11.888616561889648, 12.376235961914062, 12.86385440826416, 13.351473808288574, 13.850702285766602, 14.338321685791016, 14.83755111694336, 15.325169563293457, 15.812788963317871, 16.30040740966797], "rhythm.bpm_histogram": [0.0, 0.0, 0.0, 0.0, 0.0, 0.0, 0.0, 0.0, 0.0, 0.0, 0.0, 0.0, 0.0, 0.0, 0.0, 0.0, 0.0, 0.0, 0.0, 0.0, 0.0, 0.0, 0.0, 0.0, 0.0, 0.0, 0.0, 0.0, 0.0, 0.0, 0.0, 0.0, 0.0, 0.0, 0.0, 0.0, 0.0, 0.0, 0.0, 0.0, 0.0, 0.0, 0.0, 0.0, 0.0, 0.0, 0.0, 0.0, 0.0, 0.0, 0.0, 0.0, 0.0, 0.0, 0.0, 0.0, 0.0, 0.0, 0.0, 0.0, 0.0, 0.0, 0.0, 0.0, 0.0, 0.0, 0.0, 0.0, 0.0, 0.0, 0.0, 0.0, 0.0, 0.0, 0.0, 0.0, 0.0, 0.0, 0.0, 0.0, 0.0, 0.0, 0.0, 0.0, 0.0, 0.0, 0.0, 0.0, 0.0, 0.0, 0.0, 0.0, 0.0, 0.0, 0.0, 0.0, 0.0, 0.0, 0.0, 0.0, 0.0, 0.0, 0.0, 0.0, 0.0, 0.0, 0.0, 0.0, 0.0, 0.0, 0.0, 0.0, 0.03125, 0.0, 0.0, 0.0, 0.0, 0.0, 0.0, 0.0, 0.25, 0.0, 0.0, 0.71875, 0.0, 0.0, 0.0, 0.0, 0.0, 0.0, 0.0, 0.0, 0.0, 0.0, 0.0, 0.0, 0.0, 0.0, 0.0, 0.0, 0.0, 0.0, 0.0, 0.0, 0.0, 0.0, 0.0, 0.0, 0.0, 0.0, 0.0, 0.0, 0.0, 0.0, 0.0, 0.0, 0.0, 0.0, 0.0, 0.0, 0.0, 0.0, 0.0, 0.0, 0.0, 0.0, 0.0, 0.0, 0.0, 0.0, 0.0, 0.0, 0.0, 0.0, 0.0, 0.0, 0.0, 0.0, 0.0, 0.0, 0.0, 0.0, 0.0, 0.0, 0.0, 0.0, 0.0, 0.0, 0.0, 0.0, 0.0, 0.0, 0.0, 0.0, 0.0, 0.0, 0.0, 0.0, 0.0, 0.0, 0.0, 0.0, 0.0, 0.0, 0.0, 0.0, 0.0, 0.0, 0.0, 0.0, 0.0, 0.0, 0.0, 0.0, 0.0, 0.0, 0.0, 0.0, 0.0, 0.0, 0.0, 0.0, 0.0, 0.0, 0.0, 0.0, 0.0, 0.0, 0.0, 0.0, 0.0, 0.0, 0.0, 0.0, 0.0, 0.0, 0.0, 0.0, 0.0, 0.0, 0.0, 0.0, 0.0, 0.0, 0.0, 0.0, 0.0, 0.0, 0.0, 0.0], "tonal.chords_histogram": [58.448753356933594, 2.493074893951416, 3.3240997791290283, 0.0, 0.0, 0.0, 0.0, 0.0, 0.0, 0.0, 0.0, 0.0, 0.0, 0.0, 0.0, 0.0, 0.0, 10.249307632446289, 0.0, 17.728532791137695, 7.756232738494873, 0.0, 0.0, 0.0], "tonal.thpcp": [1.0, 0.7784116864204407, 0.4636700749397278, 0.37864696979522705, 0.3399868607521057, 0.3453545868396759, 0.36479049921035767, 0.34427976608276367, 0.36580806970596313, 0.36444926261901855, 0.2883348762989044, 0.2648104727268219, 0.2696751654148102, 0.24886207282543182, 0.3437877595424652, 0.5027424693107605, 0.46667975187301636, 0.33503851294517517, 0.27740707993507385, 0.27034425735473633, 0.4551015794277191, 0.6007525324821472, 0.48308315873146057, 0.3467274308204651, 0.33562517166137695, 0.4134329855442047, 0.5903838872909546, 0.6558452844619751, 0.556602418422699, 0.535228967666626, 0.5566441416740417, 0.4393415153026581, 0.3134393095970154, 0.31424567103385925, 0.3375774919986725, 0.6700829267501831], "lowlevel.gfcc.cov": [[28347.927734375, 1941.5728759765625, -1698.1708984375, -502.248046875, -1110.7769775390625, 120.2578125, -1156.98828125, 28.98030662536621, -441.9312744140625, -218.73878479003906, -378.48486328125, 431.6530456542969, -150.5653533935547], [1941.5728759765625, 2724.405029296875, -131.9778289794922, -316.0098876953125, -11.525860786437988, -202.61839294433594, -95.30619049072266, -109.4478530883789, 21.07130241394043, -232.87254333496094, 33.70260238647461, -61.488380432128906, -2.067113161087036], [-1698.1708984375, -131.9778289794922, 1978.8553466796875, 963.9977416992188, 368.7477111816406, 188.8636932373047, 175.84539794921875, 60.279319763183594, -55.158058166503906, 14.731779098510742, -16.57131004333496, 43.812049865722656, -81.96467590332031], [-502.248046875, -316.0098876953125, 963.9977416992188, 1302.2298583984375, 546.7972412109375, 185.32711791992188, 78.00958251953125, 216.3176727294922, 146.85897827148438, 33.410301208496094, 22.280078887939453, 127.19388580322266, 23.19954490661621], [-1110.7769775390625, -11.525860786437988, 368.7477111816406, 546.7972412109375, 683.4985961914062, 305.287109375, 204.2960968017578, 255.3235626220703, 201.98934936523438, 74.48011779785156, 97.59955596923828, 107.83790588378906, 57.84941482543945], [120.2578125, -202.61839294433594, 188.8636932373047, 185.32711791992188, 305.287109375, 443.6475524902344, 264.3846740722656, 187.71182250976562, 83.1061782836914, 119.55329895019531, 105.00972747802734, 60.33015060424805, 6.039717674255371], [-1156.98828125, -95.30619049072266, 175.84539794921875, 78.00958251953125, 204.2960968017578, 264.3846740722656, 421.88421630859375, 156.5157928466797, 99.80667877197266, 136.31285095214844, 130.6330108642578, 30.440610885620117, -10.484113693237305], [28.98030662536621, -109.4478530883789, 60.279319763183594, 216.3176727294922, 255.3235626220703, 187.71182250976562, 156.5157928466797, 285.0648498535156, 172.71351623535156, 62.19110870361328, 83.04743194580078, 96.33270263671875, 30.760446548461914], [-441.9312744140625, 21.07130241394043, -55.158058166503906, 146.85897827148438, 201.98934936523438, 83.1061782836914, 99.80667877197266, 172.71351623535156, 249.49021911621094, 100.8707046508789, 87.99671936035156, 64.49673461914062, 64.54759216308594], [-218.73878479003906, -232.87254333496094, 14.731779098510742, 33.410301208496094, 74.48011779785156, 119.55329895019531, 136.31285095214844, 62.19110870361328, 100.8707046508789, 198.66090393066406, 74.78680419921875, 27.902362823486328, 30.345312118530273], [-378.48486328125, 33.70260238647461, -16.57131004333496, 22.280078887939453, 97.59955596923828, 105.00972747802734, 130.6330108642578, 83.04743194580078, 87.99671936035156, 74.78680419921875, 147.08743286132812, 60.71347427368164, 14.331416130065918], [431.6530456542969, -61.488380432128906, 43.812049865722656, 127.19388580322266, 107.83790588378906, 60.33015060424805, 30.440610885620117, 96.33270263671875, 64.49673461914062, 27.902362823486328, 60.71347427368164, 127.57005310058594, 31.117656707763672], [-150.5653533935547, -2.067113161087036, -81.96467590332031, 23.19954490661621, 57.84941482543945, 6.039717674255371, -10.484113693237305, 30.760446548461914, 64.54759216308594, 30.345312118530273, 14.331416130065918, 31.117656707763672, 110.19574737548828]], "lowlevel.gfcc.icov": [[0.00010761700104922056, -0.00017793886945582926, 0.00014245635247789323, -0.00013895549636799842, 0.00036775873741135, -0.00045631788088940084, 0.0003858513373415917, -0.00028105804813094437, 0.00029755846480838954, -0.00042366667184978724, 0.0005639068549498916, -0.0007351706735789776, 0.0003026674676220864], [-0.00017793886945582926, 0.0007995913038030267, -0.00032728188671171665, 0.0004530720179900527, -0.0008088756003417075, 0.000877947430126369, -0.000665630039293319, 0.0008396806078962982, -0.0010483342921361327, 0.001619177171960473, -0.0014588196063414216, 0.001442772801965475, -0.0005376614280976355], [0.00014245635247789323, -0.00032728188671171665, 0.0011799158528447151, -0.0009884943719953299, 0.00041080857045017183, -0.000612717994954437, 1.838076059357263e-05, -0.00012057985441060737, 0.0010856504086405039, -0.0008547911420464516, 0.0011085285805165768, -0.0011404788820073009, 0.000904925400391221], [-0.00013895549636799842, 0.0004530720179900527, -0.0009884943719953299, 0.002155438531190157, -0.0015719736693426967, 0.0008137302938848734, 2.8662663680734113e-05, 0.00011983996228082106, -0.0010701058199629188, 0.0008279993780888617, -0.00043206632835790515, 0.00035606513847596943, -0.00026603430160321295], [0.00036775873741135, -0.0008088756003417075, 0.00041080857045017183, -0.0015719736693426967, 0.005208178423345089, -0.003410919802263379, 0.0009320721146650612, -0.0013838551240041852, -0.0005832621827721596, -0.0005311737768352032, 0.0021107685752213, -0.0027806635480374098, 5.0234870286658406e-05], [-0.00045631788088940084, 0.000877947430126369, -0.000612717994954437, 0.0008137302938848734, -0.003410919802263379, 0.007504618726670742, -0.0030862377025187016, -0.001277435221709311, 0.0015146536752581596, -8.094095392152667e-05, -0.003424007212743163, 0.003581371856853366, -0.0012227550614625216], [0.0003858513373415917, -0.000665630039293319, 1.838076059357263e-05, 2.8662663680734113e-05, 0.0009320721146650612, -0.0030862377025187016, 0.006925526075065136, -0.002885227557271719, 0.00156316754873842, -0.00334271346218884, -0.0010045928647741675, -0.0005199426668696105, 0.0019488430116325617], [-0.00028105804813094437, 0.0008396806078962982, -0.00012057985441060737, 0.00011983996228082106, -0.0013838551240041852, -0.001277435221709311, -0.002885227557271719, 0.011748936958611012, -0.00731750437989831, 0.004223121330142021, 2.082444007101003e-05, -0.0025095497258007526, 0.0005884234560653567], [0.00029755846480838954, -0.0010483342921361327, 0.0010856504086405039, -0.0010701058199629188, -0.0005832621827721596, 0.0015146536752581596, 0.00156316754873842, -0.00731750437989831, 0.013488671742379665, -0.006311988458037376, -0.0012196293100714684, -0.00023394552408717573, -0.00210394524037838], [-0.00042366667184978724, 0.001619177171960473, -0.0008547911420464516, 0.0008279993780888617, -0.0005311737768352032, -8.094095392152667e-05, -0.00334271346218884, 0.004223121330142021, -0.006311988458037376, 0.012353966943919659, -0.004121676553040743, 0.002849539276212454, -0.0025455679278820753], [0.0005639068549498916, -0.0014588196063414216, 0.0011085285805165768, -0.00043206632835790515, 0.0021107685752213, -0.003424007212743163, -0.0010045928647741675, 2.082444007101003e-05, -0.0012196293100714684, -0.004121676553040743, 0.017348071560263634, -0.009984200820326805, 0.0030494271777570248], [-0.0007351706735789776, 0.001442772801965475, -0.0011404788820073009, 0.00035606513847596943, -0.0027806635480374098, 0.003581371856853366, -0.0005199426668696105, -0.0025095497258007526, -0.00023394552408717573, 0.002849539276212454, -0.009984200820326805, 0.019137250259518623, -0.004739416763186455], [0.0003026674676220864, -0.0005376614280976355, 0.000904925400391221, -0.00026603430160321295, 5.0234870286658406e-05, -0.0012227550614625216, 0.0019488430116325617, 0.0005884234560653567, -0.00210394524037838, -0.0025455679278820753, 0.0030494271777570248, -0.004739416763186455, 0.013144263997673988]], "lowlevel.mfcc.cov": [[15501.203125, 1796.5306396484375, -612.0675048828125, -521.0130615234375, -118.01116180419922, -272.3176574707031, -505.1770324707031, 107.08224487304688, -177.164794921875, -405.9571838378906, -181.58786010742188, 59.55692672729492, 129.16448974609375], [1796.5306396484375, 2427.009521484375, -103.9670639038086, -285.4203796386719, -132.40689086914062, -161.73497009277344, -119.92034149169922, -14.33303451538086, -156.82223510742188, -133.7650604248047, -75.42017364501953, -56.12135314941406, -50.28309631347656], [-612.0675048828125, -103.9670639038086, 1439.72021484375, 652.88671875, 269.60736083984375, 212.24693298339844, 181.48374938964844, 76.97555541992188, -4.6263227462768555, 11.797213554382324, -14.602314949035645, -0.4280337691307068, 19.44261932373047], [-521.0130615234375, -285.4203796386719, 652.88671875, 936.3624877929688, 486.80859375, 179.5598602294922, 71.55026245117188, 181.00021362304688, 148.98065185546875, 29.376070022583008, 9.444905281066895, 95.37106323242188, 107.0248794555664], [-118.01116180419922, -132.40689086914062, 269.60736083984375, 486.80859375, 639.3624267578125, 184.71653747558594, 89.58037567138672, 234.2632598876953, 174.0232696533203, 86.73098754882812, 19.955608367919922, 81.40916442871094, 126.77395629882812], [-272.3176574707031, -161.73497009277344, 212.24693298339844, 179.5598602294922, 184.71653747558594, 307.87579345703125, 226.1971435546875, 105.45059204101562, 89.10980224609375, 135.00608825683594, 87.79521179199219, 41.920875549316406, 82.91565704345703], [-505.1770324707031, -119.92034149169922, 181.48374938964844, 71.55026245117188, 89.58037567138672, 226.1971435546875, 354.1007080078125, 170.05636596679688, 63.98856735229492, 149.9986572265625, 114.89006042480469, 58.98072814941406, 82.59208679199219], [107.08224487304688, -14.33303451538086, 76.97555541992188, 181.00021362304688, 234.2632598876953, 105.45059204101562, 170.05636596679688, 319.0738220214844, 113.55778503417969, 95.2503662109375, 78.56414031982422, 120.69084930419922, 136.6578369140625], [-177.164794921875, -156.82223510742188, -4.6263227462768555, 148.98065185546875, 174.0232696533203, 89.10980224609375, 63.98856735229492, 113.55778503417969, 210.5676727294922, 104.82574462890625, 57.03013229370117, 59.298362731933594, 80.18101501464844], [-405.9571838378906, -133.7650604248047, 11.797213554382324, 29.376070022583008, 86.73098754882812, 135.00608825683594, 149.9986572265625, 95.2503662109375, 104.82574462890625, 204.79600524902344, 107.5889663696289, 59.030067443847656, 85.22392272949219], [-181.58786010742188, -75.42017364501953, -14.602314949035645, 9.444905281066895, 19.955608367919922, 87.79521179199219, 114.89006042480469, 78.56414031982422, 57.03013229370117, 107.5889663696289, 150.2398223876953, 78.4100341796875, 77.99760437011719], [59.55692672729492, -56.12135314941406, -0.4280337691307068, 95.37106323242188, 81.40916442871094, 41.920875549316406, 58.98072814941406, 120.69084930419922, 59.298362731933594, 59.030067443847656, 78.4100341796875, 153.53871154785156, 102.28865051269531], [129.16448974609375, -50.28309631347656, 19.44261932373047, 107.0248794555664, 126.77395629882812, 82.91565704345703, 82.59208679199219, 136.6578369140625, 80.18101501464844, 85.22392272949219, 77.99760437011719, 102.28865051269531, 164.9014892578125]], "lowlevel.mfcc.icov": [[8.370567229576409e-05, -4.5411085011437535e-05, 1.171281610368169e-06, 7.442187779815868e-05, 1.857673305494245e-05, -0.00014846341218799353, 0.00018796621588990092, -0.00012780506222043186, 7.589865617774194e-06, 0.00018496283155400306, 4.1802537452895194e-05, -2.609133480291348e-05, -0.00015858261031098664], [-4.5411085011437535e-05, 0.0004893593140877783, -5.404050898505375e-05, 0.0001472924486733973, -5.549632624024525e-05, 0.00013002255582250655, 4.850963887292892e-05, -0.00021564816415775567, 0.0002510915510356426, 6.047523129382171e-05, -3.0510198484989814e-05, 0.00014680835010949522, -2.710728040256072e-06], [1.171281610368169e-06, -5.404050898505375e-05, 0.0012552633415907621, -0.0010298971319571137, 8.651538519188762e-05, -0.00022530416026711464, -0.0006952621042728424, 0.00021400724654085934, 0.0006627223920077085, -5.2087169024161994e-05, 0.00027848206809721887, 0.00027907855110242963, 0.00012052615056745708], [7.442187779815868e-05, 0.0001472924486733973, -0.0010298971319571137, 0.0028987685218453407, -0.0013078443007543683, -0.0006581994239240885, 0.0008203090983442962, -0.00024357475922442973, -0.000901693245396018, 0.001198013313114643, 7.948392885737121e-05, -0.0010330870281904936, -0.00022340008581522852], [1.857673305494245e-05, -5.549632624024525e-05, 8.651538519188762e-05, -0.0013078443007543683, 0.003943176940083504, -0.0017834363970905542, 0.0013739726273342967, -0.0021794959902763367, -0.0009359848918393254, -0.0005034685018472373, 0.0013763942988589406, 0.0005379403592087328, -0.0004789313243236393], [-0.00014846341218799353, 0.00013002255582250655, -0.00022530416026711464, -0.0006581994239240885, -0.0017834363970905542, 0.009202662855386734, -0.005363090895116329, 0.0026637886185199022, -0.0004962927778251469, -0.001731087570078671, -0.001045730197802186, 0.0011279622558504343, -0.0012369921896606684], [0.00018796621588990092, 4.850963887292892e-05, -0.0006952621042728424, 0.0008203090983442962, 0.0013739726273342967, -0.005363090895116329, 0.009390142746269703, -0.0047956909984350204, 0.0011926529696211219, -0.0016906505916267633, -0.0017308008391410112, 0.0007581040263175964, 0.0009709495352581143], [-0.00012780506222043186, -0.00021564816415775567, 0.00021400724654085934, -0.00024357475922442973, -0.0021794959902763367, 0.0026637886185199022, -0.0047956909984350204, 0.008909907191991806, -0.0013758467976003885, 0.0004860412154812366, 0.0004773732798639685, -0.0028191027231514454, -0.002537843771278858], [7.589865617774194e-06, 0.0002510915510356426, 0.0006627223920077085, -0.000901693245396018, -0.0009359848918393254, -0.0004962927778251469, 0.0011926529696211219, -0.0013758467976003885, 0.008885808289051056, -0.003540027653798461, -0.0002709823311306536, 0.00026505201822146773, -0.00043762201676145196], [0.00018496283155400306, 6.047523129382171e-05, -5.2087169024161994e-05, 0.001198013313114643, -0.0005034685018472373, -0.001731087570078671, -0.0016906505916267633, 0.0004860412154812366, -0.003540027653798461, 0.012307684868574142, -0.0043394314125180244, 0.00043045420898124576, -0.0020503862760961056], [4.1802537452895194e-05, -3.0510198484989814e-05, 0.00027848206809721887, 7.948392885737121e-05, 0.0013763942988589406, -0.001045730197802186, -0.0017308008391410112, 0.0004773732798639685, -0.0002709823311306536, -0.0043394314125180244, 0.014918703585863113, -0.004826979245990515, -0.0018753717886283994], [-2.609133480291348e-05, 0.00014680835010949522, 0.00027907855110242963, -0.0010330870281904936, 0.0005379403592087328, 0.0011279622558504343, 0.0007581040263175964, -0.0028191027231514454, 0.00026505201822146773, 0.00043045420898124576, -0.004826979245990515, 0.014218603260815144, -0.005209397990256548], [-0.00015858261031098664, -2.710728040256072e-06, 0.00012052615056745708, -0.00022340008581522852, -0.0004789313243236393, -0.0012369921896606684, 0.0009709495352581143, -0.002537843771278858, -0.00043762201676145196, -0.0020503862760961056, -0.0018753717886283994, -0.005209397990256548, 0.014316342771053314]], "metadata.audio_properties.analysis.downmix": "mix", "metadata.audio_properties.codec": "mp3", "metadata.audio_properties.md5_encoded": "5088586a45a740da304dc06707fc3ee9", "metadata.tags.file_name": "1183699892837810186.mp3", "metadata.version.essentia": "2.1-beta6-dev", "metadata.version.essentia_git_sha": "v2.1_beta5-1110-g77a6a954", "metadata.version.extractor": "music 2.0", "tonal.chords_key": "F", "tonal.chords_scale": "major", "tonal.key_edma.key": "F", "tonal.key_edma.scale": "major", "tonal.key_krumhansl.key": "F", "tonal.key_krumhansl.scale": "major", "tonal.key_temperley.key": "F", "tonal.key_temperley.scale": "major", "metadata.tags.encoding": ["Lavf58.45.100"]}, "essentia_models": [{"model_name": "genre_dortmund", "activations": {"alternative": "0.016120432", "blues": "0.003653334", "electronic": "0.025524627", "folkcountry": "0.010777375", "funksoulrnb": "0.1328368", "jazz": "0.0051932", "pop": "0.11139289", "raphiphop": "0.5376356", "rock": "0.08819467"}}, {"model_name": "genre_rosamerica", "activations": {"classic": "0.00089405786", "dance": "0.04976923", "hip hop": "0.1819