{"song_id": "1183697345016246372", "download": "https://cdn.discordapp.com/attachments/1135911532732108921/1183697345016246372/chirp.mp4?ex=6589470f&amp", "lyrics": "Ich mag's zu fahren fahren\nin meinem Wagen Wagen\nmit euren Damen Damen\nnach Baden-Baden.", "style": ["trance"], "essentia_features": {"lowlevel.average_loudness": 0.29567551612854004, "lowlevel.barkbands_crest.mean": 16.25100326538086, "lowlevel.barkbands_crest.stdev": 7.296189308166504, "lowlevel.barkbands_flatness_db.mean": 0.1866498440504074, "lowlevel.barkbands_flatness_db.stdev": 0.10216458141803741, "lowlevel.barkbands_kurtosis.mean": 81.12476348876953, "lowlevel.barkbands_kurtosis.stdev": 158.36875915527344, "lowlevel.barkbands_skewness.mean": 5.90251350402832, "lowlevel.barkbands_skewness.stdev": 5.68137788772583, "lowlevel.barkbands_spread.mean": 15.558145523071289, "lowlevel.barkbands_spread.stdev": 14.99145793914795, "lowlevel.dissonance.mean": 0.4754217863082886, "lowlevel.dissonance.stdev": 0.024065060541033745, "lowlevel.dynamic_complexity": 15.559293746948242, "lowlevel.erbbands_crest.mean": 8.926543235778809, "lowlevel.erbbands_crest.stdev": 5.4887495040893555, "lowlevel.erbbands_flatness_db.mean": 0.103477843105793, "lowlevel.erbbands_flatness_db.stdev": 0.03683636710047722, "lowlevel.erbbands_kurtosis.mean": 0.5446571707725525, "lowlevel.erbbands_kurtosis.stdev": 2.988187789916992, "lowlevel.erbbands_skewness.mean": 0.5571425557136536, "lowlevel.erbbands_skewness.stdev": 0.9072796702384949, "lowlevel.erbbands_spread.mean": 63.119693756103516, "lowlevel.erbbands_spread.stdev": 27.187665939331055, "lowlevel.hfc.mean": 12.318563461303711, "lowlevel.hfc.stdev": 15.579740524291992, "lowlevel.loudness_ebu128.integrated": -12.945426940917969, "lowlevel.loudness_ebu128.loudness_range": 16.283220291137695, "lowlevel.loudness_ebu128.momentary.mean": -26.7893009185791, "lowlevel.loudness_ebu128.momentary.stdev": 20.39443588256836, "lowlevel.loudness_ebu128.short_term.mean": -24.185508728027344, "lowlevel.loudness_ebu128.short_term.stdev": 16.223045349121094, "lowlevel.melbands_crest.mean": 22.32529640197754, "lowlevel.melbands_crest.stdev": 8.225637435913086, "lowlevel.melbands_flatness_db.mean": 0.27180951833724976, "lowlevel.melbands_flatness_db.stdev": 0.11677747964859009, "lowlevel.melbands_kurtosis.mean": 161.34707641601562, "lowlevel.melbands_kurtosis.stdev": 208.72373962402344, "lowlevel.melbands_skewness.mean": 7.916745185852051, "lowlevel.melbands_skewness.stdev": 5.706725120544434, "lowlevel.melbands_spread.mean": 12.603681564331055, "lowlevel.melbands_spread.stdev": 18.508840560913086, "lowlevel.pitch_salience.mean": 0.3801781237125397, "lowlevel.pitch_salience.stdev": 0.2565056383609772, "lowlevel.silence_rate_20dB.mean": 1.0, "lowlevel.silence_rate_20dB.stdev": 0.0, "lowlevel.silence_rate_30dB.mean": 0.8024513125419617, "lowlevel.silence_rate_30dB.stdev": 0.39815405011177063, "lowlevel.silence_rate_60dB.mean": 0.37563085556030273, "lowlevel.silence_rate_60dB.stdev": 0.4842832386493683, "lowlevel.spectral_centroid.mean": 1127.4857177734375, "lowlevel.spectral_centroid.stdev": 1166.0400390625, "lowlevel.spectral_complexity.mean": 8.858687400817871, "lowlevel.spectral_complexity.stdev": 9.92218017578125, "lowlevel.spectral_decrease.mean": -1.1521038345563284e-08, "lowlevel.spectral_decrease.stdev": 1.604779775732368e-08, "lowlevel.spectral_energy.mean": 0.04460042715072632, "lowlevel.spectral_energy.stdev": 0.06157714128494263, "lowlevel.spectral_energyband_high.mean": 0.0005411382880993187, "lowlevel.spectral_energyband_high.stdev": 0.0007604002021253109, "lowlevel.spectral_energyband_low.mean": 0.03643534332513809, "lowlevel.spectral_energyband_low.stdev": 0.05794231966137886, "lowlevel.spectral_energyband_middle_high.mean": 0.0022302204743027687, "lowlevel.spectral_energyband_middle_high.stdev": 0.004325000569224358, "lowlevel.spectral_energyband_middle_low.mean": 0.007824990898370743, "lowlevel.spectral_energyband_middle_low.stdev": 0.01970122754573822, "lowlevel.spectral_entropy.mean": 7.834616661071777, "lowlevel.spectral_entropy.stdev": 0.47839969396591187, "lowlevel.spectral_flux.mean": 0.09262604266405106, "lowlevel.spectral_flux.stdev": 0.09595897793769836, "lowlevel.spectral_kurtosis.mean": 2.71134090423584, "lowlevel.spectral_kurtosis.stdev": 1.3530241250991821, "lowlevel.spectral_rms.mean": 0.004726225510239601, "lowlevel.spectral_rms.stdev": 0.004601675551384687, "lowlevel.spectral_rolloff.mean": 835.619384765625, "lowlevel.spectral_rolloff.stdev": 2244.61181640625, "lowlevel.spectral_skewness.mean": 1.417757511138916, "lowlevel.spectral_skewness.stdev": 0.308709979057312, "lowlevel.spectral_spread.mean": 6598344.5, "lowlevel.spectral_spread.stdev": 3605116.5, "lowlevel.spectral_strongpeak.mean": 0.43965083360671997, "lowlevel.spectral_strongpeak.stdev": 0.6211504936218262, "lowlevel.zerocrossingrate.mean": 0.05399644374847412, "lowlevel.zerocrossingrate.stdev": 0.07610946148633957, "metadata.audio_properties.analysis.equal_loudness": 0.0, "metadata.audio_properties.analysis.length": 32.169612884521484, "metadata.audio_properties.analysis.sample_rate": 44100.0, "metadata.audio_properties.analysis.start_time": 0.0, "metadata.audio_properties.bit_rate": 121765.0, "metadata.audio_properties.length": 32.1706657409668, "metadata.audio_properties.lossless": 0.0, "metadata.audio_properties.number_channels": 1.0, "metadata.audio_properties.replay_gain": -11.976970672607422, "metadata.audio_properties.sample_rate": 48000.0, "rhythm.beats_count": 75.0, "rhythm.beats_loudness.mean": 0.057367872446775436, "rhythm.beats_loudness.stdev": 0.05756284296512604, "rhythm.bpm": 142.8799285888672, "rhythm.bpm_histogram_first_peak_bpm": 144.0, "rhythm.bpm_histogram_first_peak_weight": 0.17391300201416016, "rhythm.bpm_histogram_second_peak_bpm": 136.0, "rhythm.bpm_histogram_second_peak_spread": 0.0, "rhythm.bpm_histogram_second_peak_weight": 0.054054055362939835, "rhythm.danceability": 1.1524362564086914, "rhythm.onset_rate": 5.064808368682861, "tonal.chords_changes_rate": 0.18731988966464996, "tonal.chords_number_rate": 0.015850143507122993, "tonal.chords_strength.mean": 0.44945141673088074, "tonal.chords_strength.stdev": 0.09835342317819595, "tonal.hpcp_crest.mean": 10.8531494140625, "tonal.hpcp_crest.stdev": 6.532932758331299, "tonal.hpcp_entropy.mean": 2.5315005779266357, "tonal.hpcp_entropy.stdev": 0.923392117023468, "tonal.key_edma.strength": 0.6621847748756409, "tonal.key_krumhansl.strength": 0.6655954718589783, "tonal.key_temperley.strength": 0.7025558352470398, "tonal.tuning_diatonic_strength": 0.7191817760467529, "tonal.tuning_equal_tempered_deviation": 0.18103517591953278, "tonal.tuning_frequency": 434.193115234375, "tonal.tuning_nontempered_energy_ratio": 0.8800250291824341, "lowlevel.barkbands.mean": [0.0008530310005880892, 0.02668052911758423, 0.0065371375530958176, 0.0037547133397310972, 0.0021794624626636505, 0.0007272391230799258, 0.0004028535622637719, 0.00029992428608238697, 0.0003262367972638458, 0.00036052169161848724, 0.00015692900342401117, 0.00025800892035476863, 0.0003920530143659562, 0.0001838429452618584, 0.0005289300461299717, 0.00013469532132148743, 8.636857819510624e-05, 8.201914170058444e-05, 7.617063965881243e-05, 7.321742305066437e-05, 8.424917905358598e-05, 9.468445205129683e-05, 9.895865514408797e-05, 0.00010486735845915973, 6.566701631527394e-05, 5.655371569446288e-05, 1.5681389413657598e-06], "lowlevel.barkbands.stdev": [0.0017228510696440935, 0.05088898912072182, 0.02101711742579937, 0.013381488621234894, 0.008669866248965263, 0.0019552637822926044, 0.0010346319759264588, 0.0010976718040183187, 0.0011574679519981146, 0.0011686469661071897, 0.0004974218318238854, 0.0007397104054689407, 0.0015019174898043275, 0.0004954144242219627, 0.0015359757235273719, 0.0003499605518300086, 0.00014651656965725124, 0.0001334337139269337, 0.000123144724057056, 0.00011271355469943956, 0.00012690653966274112, 0.00013656396185979247, 0.0001518980279797688, 0.0001543164107715711, 9.936706919688731e-05, 8.566495671402663e-05, 4.209134203847498e-06], "lowlevel.erbbands.mean": [0.8271387815475464, 5.724524974822998, 8.151095390319824, 11.547247886657715, 7.544677734375, 8.226961135864258, 6.949784278869629, 6.020864009857178, 5.818682670593262, 6.4299492835998535, 6.1860671043396, 7.558182716369629, 10.405423164367676, 9.613129615783691, 7.110698699951172, 13.162454605102539, 19.52993392944336, 11.1223783493042, 19.039562225341797, 23.041027069091797, 7.7084455490112305, 4.869949817657471, 4.428092002868652, 4.19102144241333, 3.9028165340423584, 3.399872064590454, 3.375826358795166, 3.2365732192993164, 3.4285390377044678, 3.3059918880462646, 2.703781843185425, 2.009010076522827, 1.8137000799179077, 0.8493652939796448, 0.38563644886016846, 0.1875367909669876, 0.12220154702663422, 0.01925605535507202, 0.0003748380986507982, 6.193992157932371e-05], "lowlevel.erbbands.stdev": [1.6788029670715332, 11.213095664978027, 22.507118225097656, 35.874515533447266, 25.402185440063477, 34.00524139404297, 24.036808013916016, 16.649396896362305, 13.934961318969727, 18.4384708404541, 24.501100540161133, 26.25390625, 32.736576080322266, 34.31865692138672, 18.662208557128906, 35.778072357177734, 75.02362823486328, 26.499526977539062, 59.695579528808594, 83.46116638183594, 21.69106101989746, 7.866883754730225, 7.16355037689209, 6.641260147094727, 6.228261947631836, 5.312386512756348, 5.1872382164001465, 4.857775688171387, 4.943985939025879, 5.098625659942627, 4.158329486846924, 3.0850045680999756, 2.6753385066986084, 1.2817003726959229, 0.6035944223403931, 0.30975672602653503, 0.18675436079502106, 0.03130355104804039, 0.0005901887780055404, 7.719966379227117e-05], "lowlevel.gfcc.mean": [-173.55636596679688, 69.99430084228516, -76.90630340576172, 41.14244842529297, -45.62729263305664, 30.42788314819336, -29.79917335510254, 13.198500633239746, -17.936174392700195, 10.314833641052246, -14.617624282836914, 6.525161266326904, -12.429255485534668], "lowlevel.melbands.mean": [0.007572116795927286, 0.005318118259310722, 0.0018238245975226164, 0.0005253548151813447, 0.00027905197930522263, 0.0001331624953309074, 8.784678357187659e-05, 6.996971933403984e-05, 4.9266600399278104e-05, 4.8614630941301584e-05, 5.180576044949703e-05, 3.964970892411657e-05, 2.1139330783626065e-05, 3.092610859312117e-05, 4.088241985300556e-05, 3.1812865927349776e-05, 1.964296643564012e-05, 2.7401571060181595e-05, 3.216346158296801e-05, 2.0189492715871893e-05, 7.325464594032383e-06, 4.901229658571538e-06, 4.651197286875686e-06, 3.534660663717659e-06, 3.3745479868230177e-06, 2.7843659609061433e-06, 2.776242126856232e-06, 2.093089960908401e-06, 2.046116151177557e-06, 2.1393702809291426e-06, 1.7438856048102025e-06, 1.9344577140145702e-06, 1.8369852341493242e-06, 1.8550389313531923e-06, 1.6149452903846395e-06, 1.1989593531325227e-06, 1.3040815929343808e-06, 1.436460365766834e-06, 1.015348857436038e-06, 5.927757342760742e-07], "lowlevel.melbands.stdev": [0.014648332260549068, 0.010609892196953297, 0.005355068016797304, 0.0019944743253290653, 0.001011363579891622, 0.0003557818417903036, 0.00021363577980082482, 0.0002115735987899825, 0.0001981297245947644, 0.0001679108536336571, 0.00016536646580789238, 0.0001468395785195753, 6.385464803315699e-05, 8.6499065218959e-05, 0.00013993828906677663, 0.00010303632006980479, 5.593686364591122e-05, 8.881415124051273e-05, 9.674518514657393e-05, 6.53308306937106e-05, 2.36361229326576e-05, 8.473505658912472e-06, 7.680972885282245e-06, 5.946960300207138e-06, 5.474105364555726e-06, 4.727474788523978e-06, 4.346957666712115e-06, 3.4163699638156686e-06, 3.2646971703798044e-06, 3.3678268209769158e-06, 2.6460438675712794e-06, 2.8584552183019696e-06, 2.7228031740378356e-06, 3.047114660148509e-06, 2.5153667593258433e-06, 1.9552107914933003e-06, 2.0417676296347054e-06, 2.1894002202316187e-06, 1.550811248307582e-06, 9.354802159577957e-07], "lowlevel.melbands128.mean": [0.0007179065141826868, 0.0059479959309101105, 0.011687464080750942, 0.008561303839087486, 0.004665633663535118, 0.0030701598152518272, 0.0025752887595444918, 0.0015175731386989355, 0.0005816385964863002, 0.00048738959594629705, 0.0004755415429826826, 0.00036710998392663896, 0.00022982663358561695, 0.00016123267414513975, 0.0001488285488449037, 0.00010819047747645527, 8.96440033102408e-05, 9.136993321590126e-05, 7.579807424917817e-05, 7.131497841328382e-05, 7.104993710527197e-05, 5.138928827363998e-05, 4.850604454986751e-05, 4.3433934479253367e-05, 4.6398283302551135e-05, 5.231026443652809e-05, 4.8504924052394927e-05, 6.111691618571058e-05, 3.989875767729245e-05, 5.261373735265806e-05, 3.655755062936805e-05, 2.0900281015201472e-05, 1.8675824321690015e-05, 2.3894508558441885e-05, 1.911846447910648e-05, 4.2136212869081646e-05, 3.784923319472e-05, 1.507699016656261e-05, 7.482667570002377e-05, 4.7855082812020555e-05, 1.8141694454243407e-05, 1.1431706298026256e-05, 2.2081041606725194e-05, 2.5238368834834546e-05, 8.80593233887339e-06, 3.431677396292798e-05, 4.4511551095638424e-05, 1.0467259016877506e-05, 4.6381272113649175e-05, 4.010332850157283e-05, 8.947926289692987e-06, 8.687914487381931e-06, 9.343842066300567e-06, 5.920813691773219e-06, 5.3162248150329106e-06, 4.5335536924540065e-06, 4.69855876872316e-06, 4.9293512347503565e-06, 4.905947207589634e-06, 3.7265272112563252e-06, 3.138803094770992e-06, 3.4250881526531884e-06, 4.225000793667277e-06, 3.167396471326356e-06, 2.4600171855126973e-06, 2.7757514544646256e-06, 2.9642019399034325e-06, 2.7561025035538478e-06, 2.9670291041838937e-06, 2.5440194804104976e-06, 1.8959941598950536e-06, 2.018962049987749e-06, 1.9516912743711146e-06, 2.1272740013955627e-06, 2.006386011998984e-06, 2.12899362850294e-06, 2.3724692255200353e-06, 1.8127763041775324e-06, 1.6006996474970947e-06, 1.6220818679357762e-06, 1.9735996374947717e-06, 2.082233095279662e-06, 1.9127116956951795e-06, 1.7873958313430194e-06, 1.7599688817426795e-06, 1.918998123073834e-06, 1.9477761270536575e-06, 1.6162138081199373e-06, 1.6104152109619463e-06, 1.6299691196763888e-06, 1.3716422699872055e-06, 1.067912080543465e-06, 8.931626211960975e-07, 1.2049463293806184e-06, 1.555408402964531e-06, 1.9030203475267626e-06, 1.3261624189908616e-06, 8.647640470371698e-07, 1.196242692458327e-06, 1.0592971193545964e-06, 6.014808491272561e-07, 5.956392783446063e-07, 4.02111538733152e-07, 5.121547701492091e-07, 3.524661167375598e-07, 4.7213421794367605e-07, 4.201771730549808e-07, 2.7055335749537335e-07, 2.896924513606791e-07, 2.806917223097116e-07, 3.8574771110688744e-07, 4.2688787971201236e-07, 4.290678816687432e-07, 4.0941287693385675e-07, 3.5894632333111076e-07, 2.440727087105188e-07, 6.792331674887464e-08, 5.913514122823926e-10, 7.198995306129108e-12, 6.3008799566777185e-12, 6.121348219978451e-12, 5.992588369974072e-12, 5.842449354170887e-12, 5.738297857715846e-12, 5.625086767907517e-12, 5.499064745229099e-12, 5.422295425161483e-12, 5.387898894398946e-12], "lowlevel.melbands128.stdev": [0.001485454966314137, 0.012806824408471584, 0.024290116503834724, 0.01806500367820263, 0.013311108574271202, 0.009863017126917839, 0.008620252832770348, 0.005417027976363897, 0.0023004033137112856, 0.002317612525075674, 0.0020705852657556534, 0.0015030455542728305, 0.0008424456464126706, 0.0005113704828545451, 0.0005061720730736852, 0.00027830604813061655, 0.00022375935805030167, 0.00025293894577771425, 0.00022753946541342884, 0.0002177523128921166, 0.0002468515594955534, 0.0002368632995057851, 0.0002117563271895051, 0.00017549800395499915, 0.000173273598193191, 0.0001920975191751495, 0.0001678119006101042, 0.00020958260574843735, 0.0001664298470132053, 0.0002218059526057914, 0.0001459232298657298, 8.04370065452531e-05, 6.680988008156419e-05, 6.742902041878551e-05, 6.048044451745227e-05, 0.00014967794413678348, 0.00013082128134556115, 5.3011535783298314e-05, 0.0003889706276822835, 0.0001933666499098763, 4.645864828489721e-05, 3.064751217607409e-05, 7.006373925833032e-05, 8.988219633465633e-05, 2.3795315428287722e-05, 0.00013410768588073552, 0.0001842154742917046, 3.3108863135566935e-05, 0.0002092248760163784, 0.00017491310427431017, 1.9133585738018155e-05, 2.5537303372402675e-05, 5.717202657251619e-05, 1.2711322597169783e-05, 1.1110822015325539e-05, 9.215637874149252e-06, 8.519320545019582e-06, 9.180034794553649e-06, 9.674314242147375e-06, 7.1663375820207875e-06, 6.204148576216539e-06, 6.955476237635594e-06, 7.635824658791535e-06, 5.861049885425018e-06, 4.5397337089525536e-06, 5.135743322171038e-06, 6.0664815464406274e-06, 5.140876965015195e-06, 5.064051492809085e-06, 4.641939540306339e-06, 3.7079694266139995e-06, 3.703230731844087e-06, 3.277745463492465e-06, 3.822832695732359e-06, 3.6003405057272175e-06, 3.604692437875201e-06, 4.159373929724097e-06, 3.204073891538428e-06, 2.640452066771104e-06, 2.6110374165000394e-06, 3.2613941129966406e-06, 3.314253262942657e-06, 3.0880007670930354e-06, 2.8918693715240806e-06, 3.1243193916452583e-06, 3.379236886758008e-06, 3.7978238651703577e-06, 2.6477389383217087e-06, 2.7054979909735266e-06, 2.8063127501809504e-06, 2.3861323370510945e-06, 2.008920773732825e-06, 1.640676828174037e-06, 2.183212700401782e-06, 2.5803042262850795e-06, 3.088400262640789e-06, 2.25266535380797e-06, 1.5779049817865598e-06, 1.95243796952127e-06, 1.7489304582340992e-06, 1.0460113344379351e-06, 1.026526661007665e-06, 7.298975788216922e-07, 9.350471827929141e-07, 6.248274644349294e-07, 8.58503881318029e-07, 8.492735332765733e-07, 5.372738769438001e-07, 5.511692506843247e-07, 5.370600320020458e-07, 7.285236733878264e-07, 7.72502460222313e-07, 6.594239039259264e-07, 6.775284759896749e-07, 5.7650919416119e-07, 4.7466801333939657e-07, 1.7252129680400685e-07, 3.820868954562684e-09, 2.6155352189638492e-11, 1.3551152387714094e-11, 1.321195670228592e-11, 1.2928057929739722e-11, 1.2639154479965331e-11, 1.2419917524986168e-11, 1.2235569328555851e-11, 1.2084532159672978e-11, 1.1977380025285367e-11, 1.1911349510895786e-11], "lowlevel.mfcc.mean": [-804.935302734375, 96.40757751464844, 27.944265365600586, 23.041587829589844, 15.59783935546875, 18.654035568237305, 7.06108283996582, 9.415441513061523, 4.872928142547607, 6.879483699798584, 4.161808490753174, 4.213135719299316, 2.5734546184539795], "lowlevel.spectral_contrast_coeffs.mean": [-0.7462005019187927, -0.8492664694786072, -0.8543282151222229, -0.8573027849197388, -0.8586928248405457, -0.7988594770431519], "lowlevel.spectral_contrast_coeffs.stdev": [0.11413520574569702, 0.06303801387548447, 0.06183933466672897, 0.06761138886213303, 0.04073379933834076, 0.04867563396692276], "lowlevel.spectral_contrast_valleys.mean": [-8.194623947143555, -8.435686111450195, -9.007195472717285, -9.285340309143066, -9.297163009643555, -11.533308029174805], "lowlevel.spectral_contrast_valleys.stdev": [3.048549175262451, 3.0185747146606445, 2.9888012409210205, 3.0244922637939453, 2.9961941242218018, 2.853502035140991], "rhythm.beats_loudness_band_ratio.mean": [0.8987019658088684, 0.07846390455961227, 0.013187591917812824, 0.015251684002578259, 0.010590142570436, 0.012471068650484085], "rhythm.beats_loudness_band_ratio.stdev": [0.11379175633192062, 0.0831608697772026, 0.014222613535821438, 0.027301287278532982, 0.015026380307972431, 0.016090327873826027], "tonal.hpcp.mean": [0.10809753835201263, 0.14330632984638214, 0.14379718899726868, 0.1261478215456009, 0.10310513526201248, 0.08841677010059357, 0.10477622598409653, 0.09626125544309616, 0.09641113132238388, 0.11663009226322174, 0.10650426149368286, 0.08862796425819397, 0.07835294306278229, 0.07148801535367966, 0.07342148572206497, 0.0894957110285759, 0.10948042571544647, 0.12313015013933182, 0.12881354987621307, 0.11046741157770157, 0.10318120568990707, 0.11455301940441132, 0.1143532320857048, 0.1203477755188942, 0.1366286724805832, 0.12733907997608185, 0.0928717628121376, 0.07085086405277252, 0.06374271959066391, 0.05919460207223892, 0.060172952711582184, 0.0636802390217781, 0.06281151622533798, 0.060939256101846695, 0.062355563044548035, 0.07800129801034927], "tonal.hpcp.stdev": [0.22593463957309723, 0.2855096757411957, 0.2834659814834595, 0.26640021800994873, 0.23395201563835144, 0.21284034848213196, 0.23849308490753174, 0.20669245719909668, 0.20987309515476227, 0.2418225258588791, 0.22286801040172577, 0.21066170930862427, 0.19519799947738647, 0.194463312625885, 0.1894196718931198, 0.21668948233127594, 0.23675671219825745, 0.24336875975131989, 0.2478543370962143, 0.23598074913024902, 0.22917123138904572, 0.2577205300331116, 0.24215874075889587, 0.24778573215007782, 0.2716315984725952, 0.25948861241340637, 0.21391794085502625, 0.18675318360328674, 0.1758820116519928, 0.1623452752828598, 0.15289367735385895, 0.1595553308725357, 0.16457951068878174, 0.1637808233499527, 0.16790810227394104, 0.19883644580841064], "rhythm.beats_position": [0.4411791265010834, 0.9055781960487366, 1.3467572927474976, 1.7647165060043335, 2.18267560005188, 2.600634813308716, 3.0185940265655518, 3.4365532398223877, 3.8545124530792236, 4.28408145904541, 4.713650703430176, 5.131609916687012, 5.549569129943848, 5.967528343200684, 6.3854875564575195, 6.8034467697143555, 7.221405982971191, 7.639364719390869, 8.057324409484863, 8.4752836227417, 8.893242835998535, 9.311202049255371, 9.74077033996582, 10.170339584350586, 10.588298797607422, 11.006258010864258, 11.424217224121094, 11.84217643737793, 12.260135650634766, 12.678094863891602, 13.096054077148438, 13.514013290405273, 13.93197250366211, 14.349931716918945, 14.767890930175781, 15.185850143432617, 15.603809356689453, 16.02176856994629, 16.439727783203125, 16.85768699645996, 17.275646209716797, 17.705215454101562, 18.134784698486328, 18.552743911743164, 18.970703125, 19.388662338256836, 19.806621551513672, 20.224580764770508, 20.642539978027344, 21.06049919128418, 21.478458404541016, 21.89641761779785, 22.314376831054688, 22.732336044311523, 23.15029525756836, 23.568254470825195, 23.9862117767334, 24.415781021118164, 24.84535026550293, 25.263309478759766, 25.6812686920166, 26.099227905273438, 26.517187118530273, 26.93514633178711, 27.353105545043945, 27.77106475830078, 28.189023971557617, 28.606983184814453, 29.03655242919922, 29.477731704711914, 29.90730094909668, 30.336870193481445, 30.76643943786621, 31.207618713378906, 31.6487979888916], "rhythm.bpm_histogram": [0.0, 0.0, 0.0, 0.0, 0.0, 0.0, 0.0, 0.0, 0.0, 0.0, 0.0, 0.0, 0.0, 0.0, 0.0, 0.0, 0.0, 0.0, 0.0, 0.0, 0.0, 0.0, 0.0, 0.0, 0.0, 0.0, 0.0, 0.0, 0.0, 0.0, 0.0, 0.0, 0.0, 0.0, 0.0, 0.0, 0.0, 0.0, 0.0, 0.0, 0.0, 0.0, 0.0, 0.0, 0.0, 0.0, 0.0, 0.0, 0.0, 0.0, 0.0, 0.0, 0.0, 0.0, 0.0, 0.0, 0.0, 0.0, 0.0, 0.0, 0.0, 0.0, 0.0, 0.0, 0.0, 0.0, 0.0, 0.0, 0.0, 0.0, 0.0, 0.0, 0.0, 0.0, 0.0, 0.0, 0.0, 0.0, 0.0, 0.0, 0.0, 0.0, 0.0, 0.0, 0.0, 0.0, 0.0, 0.0, 0.0, 0.0, 0.0, 0.0, 0.0, 0.0, 0.0, 0.0, 0.0, 0.0, 0.0, 0.0, 0.0, 0.0, 0.0, 0.0, 0.0, 0.0, 0.0, 0.0, 0.0, 0.0, 0.0, 0.0, 0.0, 0.0, 0.0, 0.0, 0.0, 0.0, 0.0, 0.0, 0.0, 0.0, 0.0, 0.0, 0.0, 0.0, 0.0, 0.0, 0.0, 0.013513513840734959, 0.0, 0.0, 0.0, 0.0, 0.0, 0.0, 0.054054055362939835, 0.0, 0.0, 0.0, 0.1621621549129486, 0.0, 0.0, 0.0, 0.7702702879905701, 0.0, 0.0, 0.0, 0.0, 0.0, 0.0, 0.0, 0.0, 0.0, 0.0, 0.0, 0.0, 0.0, 0.0, 0.0, 0.0, 0.0, 0.0, 0.0, 0.0, 0.0, 0.0, 0.0, 0.0, 0.0, 0.0, 0.0, 0.0, 0.0, 0.0, 0.0, 0.0, 0.0, 0.0, 0.0, 0.0, 0.0, 0.0, 0.0, 0.0, 0.0, 0.0, 0.0, 0.0, 0.0, 0.0, 0.0, 0.0, 0.0, 0.0, 0.0, 0.0, 0.0, 0.0, 0.0, 0.0, 0.0, 0.0, 0.0, 0.0, 0.0, 0.0, 0.0, 0.0, 0.0, 0.0, 0.0, 0.0, 0.0, 0.0, 0.0, 0.0, 0.0, 0.0, 0.0, 0.0, 0.0, 0.0, 0.0, 0.0, 0.0, 0.0, 0.0, 0.0, 0.0, 0.0, 0.0, 0.0, 0.0, 0.0, 0.0, 0.0, 0.0, 0.0, 0.0, 0.0, 0.0, 0.0, 0.0, 0.0, 0.0, 0.0, 0.0, 0.0, 0.0], "tonal.chords_histogram": [0.0, 0.0, 0.5763688683509827, 2.8818442821502686, 19.30835723876953, 0.0, 0.0, 7.492795467376709, 7.780979633331299, 30.547550201416016, 12.824207305908203, 1.0086455345153809, 1.0086455345153809, 7.780979633331299, 5.331412315368652, 0.28818443417549133, 0.0, 0.0, 0.0, 0.0, 0.0, 3.1700289249420166, 0.0, 0.0], "tonal.thpcp": [1.0, 0.8772620558738708, 0.7170177102088928, 0.6148713231086731, 0.7286388874053955, 0.6694237589836121, 0.6704660654067993, 0.8110735416412354, 0.7406560778617859, 0.6163400411605835, 0.5448850989341736, 0.4971447288990021, 0.5105905532836914, 0.6223745346069336, 0.7613530158996582, 0.8562764525413513, 0.8958001732826233, 0.7682167887687683, 0.7175467610359192, 0.7966290712356567, 0.7952396869659424, 0.8369271755218506, 0.9501484036445618, 0.8855463862419128, 0.6458524465560913, 0.4927138388156891, 0.4432820975780487, 0.41165339946746826, 0.4184570908546448, 0.4428475797176361, 0.4368062913417816, 0.42378613352775574, 0.4336354732513428, 0.5424396395683289, 0.7517361044883728, 0.9965864419937134], "lowlevel.gfcc.cov": [[80651.7109375, 739.556396484375, -2542.373291015625, 660.5713500976562, -625.0931396484375, 895.3770751953125, -1601.455078125, -64.25418090820312, -697.6551513671875, 373.9570617675781, -526.85107421875, 221.68246459960938, -544.9569091796875], [739.556396484375, 576.9542236328125, -79.54590606689453, 60.54346466064453, -80.39568328857422, 21.299224853515625, -15.7986478805542, -46.75925827026367, -27.937335968017578, -70.26961517333984, -25.245620727539062, -59.581809997558594, -12.310578346252441], [-2542.373291015625, -79.54590606689453, 683.1480712890625, 297.1260681152344, 271.6163024902344, 50.39274978637695, 212.46304321289062, 79.73529052734375, 124.02322387695312, -5.469748020172119, 41.345096588134766, -31.292858123779297, -7.680919647216797], [660.5713500976562, 60.54346466064453, 297.1260681152344, 391.293701171875, 217.28125, 146.38514709472656, 122.83303833007812, 86.65047454833984, 95.7536392211914, 27.181917190551758, 37.68624496459961, -17.432769775390625, -4.433920860290527], [-625.0931396484375, -80.39568328857422, 271.6163024902344, 217.28125, 394.6625061035156, 185.10984802246094, 195.77432250976562, 81.99312591552734, 160.1666259765625, 55.47397994995117, 75.63467407226562, -20.533203125, 28.018293380737305], [895.3770751953125, 21.299224853515625, 50.39274978637695, 146.38514709472656, 185.10984802246094, 201.2343292236328, 110.09530639648438, 83.82040405273438, 100.22368621826172, 66.4782943725586, 55.9925537109375, 3.851484537124634, 22.443050384521484], [-1601.455078125, -15.7986478805542, 212.46304321289062, 122.83303833007812, 195.77432250976562, 110.09530639648438, 213.38156127929688, 102.12960815429688, 138.46484375, 45.5909538269043, 76.43447875976562, 3.534559726715088, 36.65126419067383], [-64.25418090820312, -46.75925827026367, 79.73529052734375, 86.65047454833984, 81.99312591552734, 83.82040405273438, 102.12960815429688, 130.44515991210938, 103.70699310302734, 80.4654769897461, 63.71590805053711, 49.155494689941406, 34.844093322753906], [-697.6551513671875, -27.937335968017578, 124.02322387695312, 95.7536392211914, 160.1666259765625, 100.22368621826172, 138.46484375, 103.70699310302734, 163.53079223632812, 86.68990325927734, 93.70376586914062, 34.12120819091797, 51.647159576416016], [373.9570617675781, -70.26961517333984, -5.469748020172119, 27.181917190551758, 55.47397994995117, 66.4782943725586, 45.5909538269043, 80.4654769897461, 86.68990325927734, 126.39524841308594, 83.11357116699219, 72.03013610839844, 45.217594146728516], [-526.85107421875, -25.245620727539062, 41.345096588134766, 37.68624496459961, 75.63467407226562, 55.9925537109375, 76.43447875976562, 63.71590805053711, 93.70376586914062, 83.11357116699219, 114.97724151611328, 64.12627410888672, 59.50291442871094], [221.68246459960938, -59.581809997558594, -31.292858123779297, -17.432769775390625, -20.533203125, 3.851484537124634, 3.534559726715088, 49.155494689941406, 34.12120819091797, 72.03013610839844, 64.12627410888672, 107.60460662841797, 53.562782287597656], [-544.9569091796875, -12.310578346252441, -7.680919647216797, -4.433920860290527, 28.018293380737305, 22.443050384521484, 36.65126419067383, 34.844093322753906, 51.647159576416016, 45.217594146728516, 59.50291442871094, 53.562782287597656, 75.38150787353516]], "lowlevel.gfcc.icov": [[2.553424747020472e-05, -2.7066189431934617e-05, 6.6418266214896e-05, -8.32597361295484e-05, -3.2202446163864806e-05, -0.00018903351156041026, 0.00025893733254633844, -4.449097832548432e-05, -5.367253834265284e-06, -7.602240657433867e-05, 0.00012503849575296044, -0.00018382666166871786, 0.00022616064234171063], [-2.7066189431934617e-05, 0.002650167793035507, 0.0004337431746535003, -0.0011816922342404723, 0.0021431297063827515, -0.001157879363745451, -0.0009801527485251427, 0.0018224164377897978, -0.0014431853778660297, 0.0018774161580950022, -0.0009607204119674861, 0.0013521037762984633, -0.0009456229163333774], [6.6418266214896e-05, 0.0004337431746535003, 0.004280732944607735, -0.003004101337864995, -0.0015049573266878724, 0.003276263829320669, -0.0027045130264014006, 0.00016950647113844752, -0.0004480895586311817, 0.000571190204937011, 0.00044448921107687056, -0.0010152407921850681, 0.00196592858992517], [-8.32597361295484e-05, -0.0011816922342404723, -0.003004101337864995, 0.006945695262402296, -0.0016014546854421496, -0.002739580813795328, 0.0022639529779553413, -0.003502483945339918, 0.0010269846534356475, 0.0011786901159211993, -0.0011847466230392456, 0.0004632675845641643, 0.00043199516949243844], [-3.2202446163864806e-05, 0.0021431297063827515, -0.0015049573266878724, -0.0016014546854421496, 0.010685868561267853, -0.0064490437507629395, -0.0035961156245321035, 0.006882934365421534, -0.005801369436085224, 0.0004971323651261628, 7.218209066195413e-05, 0.001951592043042183, -0.0013822962064296007], [-0.00018903351156041026, -0.001157879363745451, 0.003276263829320669, -0.002739580813795328, -0.0064490437507629395, 0.017913488671183586, -0.0047351825051009655, -0.004663518629968166, 0.0027437384705990553, -0.0044328016228973866, -0.0006319921812973917, 0.0037754448130726814, -0.0012659719213843346], [0.00025893733254633844, -0.0009801527485251427, -0.0027045130264014006, 0.0022639529779553413, -0.0035961156245321035, -0.0047351825051009655, 0.022584974765777588, -0.010535484179854393, -0.005485234782099724, 0.006150586064904928, -0.004782289266586304, 0.0023375926539301872, 0.00038740577292628586], [-4.449097832548432e-05, 0.0018224164377897978, 0.00016950647113844752, -0.003502483945339918, 0.006882934365421534, -0.004663518629968166, -0.010535484179854393, 0.029465049505233765, -0.011022856459021568, -0.006763603538274765, 0.007188623305410147, -0.0082755908370018, 0.001935297274030745], [-5.367253834265284e-06, -0.0014431853778660297, -0.0004480895586311817, 0.0010269846534356475, -0.005801369436085224, 0.0027437384705990553, -0.005485234782099724, -0.011022856459021568, 0.030716493725776672, -0.008638257160782814, -0.008008369244635105, 0.0068416413851082325, -0.0055616446770727634], [-7.602240657433867e-05, 0.0018774161580950022, 0.000571190204937011, 0.0011786901159211993, 0.0004971323651261628, -0.0044328016228973866, 0.006150586064904928, -0.006763603538274765, -0.008638257160782814, 0.029047083109617233, -0.010570554994046688, -0.0072912611067295074, 0.0031747787725180387], [0.00012503849575296044, -0.0009607204119674861, 0.00044448921107687056, -0.0011847466230392456, 7.218209066195413e-05, -0.0006319921812973917, -0.004782289266586304, 0.007188623305410147, -0.008008369244635105, -0.010570554994046688, 0.03177044540643692, -0.010224783793091774, -0.006098974030464888], [-0.00018382666166871786, 0.0013521037762984633, -0.0010152407921850681, 0.0004632675845641643, 0.001951592043042183, 0.0037754448130726814, 0.0023375926539301872, -0.0082755908370018, 0.0068416413851082325, -0.0072912611067295074, -0.010224783793091774, 0.02979479916393757, -0.013758749701082706], [0.00022616064234171063, -0.0009456229163333774, 0.00196592858992517, 0.00043199516949243844, -0.0013822962064296007, -0.0012659719213843346, 0.00038740577292628586, 0.001935297274030745, -0.0055616446770727634, 0.0031747787725180387, -0.006098974030464888, -0.013758749701082706, 0.03127666935324669]], "lowlevel.mfcc.cov": [[53904.0234375, 3186.317138671875, -488.4362487792969, 87.13163757324219, 435.481201171875, 539.1021118164062, -336.7164001464844, -288.3097839355469, -318.33514404296875, 34.08367919921875, -192.75347900390625, -189.05062866210938, -160.91815185546875], [3186.317138671875, 992.6072387695312, 97.59120178222656, 57.685447692871094, -18.552644729614258, 70.18697357177734, -34.82911682128906, 16.594938278198242, -37.29092025756836, -5.757575988769531, -29.8988094329834, -28.298019409179688, -36.792152404785156], [-488.4362487792969, 97.59120178222656, 373.0951843261719, 232.98362731933594, 95.2232894897461, 69.8905258178711, 69.27180480957031, 83.56095886230469, 50.638999938964844, 30.598743438720703, 44.32429504394531, 47.79282760620117, 4.316083908081055], [87.13163757324219, 57.685447692871094, 232.98362731933594, 277.5372619628906, 154.20909118652344, 116.91771697998047, 85.08352661132812, 95.82750701904297, 69.2310562133789, 53.45174789428711, 53.269203186035156, 54.52488708496094, 24.429275512695312], [435.481201171875, -18.552644729614258, 95.2232894897461, 154.20909118652344, 219.24740600585938, 153.4818572998047, 100.1156234741211, 77.04923248291016, 85.17320251464844, 85.97781372070312, 62.224769592285156, 47.92243194580078, 47.46110534667969], [539.1021118164062, 70.18697357177734, 69.8905258178711, 116.91771697998047, 153.4818572998047, 165.77597045898438, 95.68531036376953, 75.84302520751953, 73.54997253417969, 81.2091293334961, 55.370513916015625, 42.852333068847656, 38.76130294799805], [-336.7164001464844, -34.82911682128906, 69.27180480957031, 85.08352661132812, 100.1156234741211, 95.68531036376953, 108.89298248291016, 76.94940948486328, 68.98645782470703, 65.20807647705078, 54.2522087097168, 42.71314239501953, 36.590572357177734], [-288.3097839355469, 16.594938278198242, 83.56095886230469, 95.82750701904297, 77.04923248291016, 75.84302520751953, 76.94940948486328, 107.78217315673828, 74.287841796875, 62.17023849487305, 52.435909271240234, 48.681861877441406, 33.42856979370117], [-318.33514404296875, -37.29092025756836, 50.638999938964844, 69.2310562133789, 85.17320251464844, 73.54997253417969, 68.98645782470703, 74.287841796875, 102.1376953125, 76.92184448242188, 59.42066192626953, 48.6654052734375, 44.45808410644531], [34.08367919921875, -5.757575988769531, 30.598743438720703, 53.45174789428711, 85.97781372070312, 81.2091293334961, 65.20807647705078, 62.17023849487305, 76.92184448242188, 102.69951629638672, 66.8400650024414, 51.257991790771484, 46.84904098510742], [-192.75347900390625, -29.8988094329834, 44.32429504394531, 53.269203186035156, 62.224769592285156, 55.370513916015625, 54.2522087097168, 52.435909271240234, 59.42066192626953, 66.8400650024414, 86.05180358886719, 64.9333267211914, 46.75368881225586], [-189.05062866210938, -28.298019409179688, 47.79282760620117, 54.52488708496094, 47.92243194580078, 42.852333068847656, 42.71314239501953, 48.681861877441406, 48.6654052734375, 51.257991790771484, 64.9333267211914, 90.93644714355469, 57.71890640258789], [-160.91815185546875, -36.792152404785156, 4.316083908081055, 24.429275512695312, 47.46110534667969, 38.76130294799805, 36.590572357177734, 33.42856979370117, 44.45808410644531, 46.84904098510742, 46.75368881225586, 57.71890640258789, 76.0122299194336]], "lowlevel.mfcc.icov": [[2.806535121635534e-05, -8.478407107759267e-05, 8.076668018475175e-05, -3.1620817026123405e-05, -0.0001262814475921914, -7.821105100447312e-05, 0.0001428079413017258, 6.958206358831376e-05, 9.366391896037385e-05, -6.952143303351477e-05, 1.8229635315947235e-05, -5.640562085318379e-05, 6.302330439211801e-05], [-8.478407107759267e-05, 0.0016799983568489552, -0.0007855265284888446, 8.324533700942993e-05, 0.0016892484854906797, -0.0024373242631554604, 0.0016395102720707655, -0.0012746693100780249, 0.0008346248068846762, -0.00043588748667389154, 0.00022555413306690753, 0.0006903682369738817, -0.0002714490401558578], [8.076668018475175e-05, -0.0007855265284888446, 0.006712545640766621, -0.00573832169175148, 0.00013274974480737, 0.002071446506306529, -0.0018775392090901732, 0.00018930550140794367, -0.0002643522748257965, 0.0006555591826327145, -0.0007425745716318488, -0.0016451996052637696, 0.0023917711805552244], [-3.1620817026123405e-05, 8.324533700942993e-05, -0.00573832169175148, 0.01293779257684946, -0.005681895185261965, -0.001645203330554068, 0.0018218497280031443, -0.004565490875393152, 0.0002066244196612388, 0.002780848415568471, 0.0003361207200214267, -0.0021204943768680096, 0.001227258937433362], [-0.0001262814475921914, 0.0016892484854906797, 0.00013274974480737, -0.005681895185261965, 0.019043495878577232, -0.012383513152599335, -0.0015177534660324454, 0.00325955543667078, -0.0027465173043310642, -0.0019240680849179626, -0.00034868813236244023, 0.003367453580722213, -0.003460061503574252], [-7.821105100447312e-05, -0.0024373242631554604, 0.002071446506306529, -0.001645203330554068, -0.012383513152599335, 0.027881793677806854, -0.011975527741014957, -5.977768523734994e-05, 0.0003315551730338484, -0.005113920662552118, 0.0013905167579650879, -0.0010958517668768764, 0.001305874320678413], [0.0001428079413017258, 0.0016395102720707655, -0.0018775392090901732, 0.0018218497280031443, -0.0015177534660324454, -0.011975527741014957, 0.03220808878540993, -0.011610094457864761, -0.00035655521787703037, -0.0007269289344549179, -0.004114055074751377, 0.002852843375876546, -0.0017061944818124175], [6.958206358831376e-05, -0.0012746693100780249, 0.00018930550140794367, -0.004565490875393152, 0.00325955543667078, -5.977768523734994e-05, -0.011610094457864761, 0.02941776253283024, -0.011734058149158955, -0.001536232652142644, 0.0011098614195361733, -0.004747367464005947, 0.002365704393014312], [9.366391896037385e-05, 0.0008346248068846762, -0.0002643522748257965, 0.0002066244196612388, -0.0027465173043310642, 0.0003315551730338484, -0.00035655521787703037, -0.011734058149158955, 0.03336905315518379, -0.013211030513048172, -0.002612344454973936, 0.0022173039615154266, -0.004022642504423857], [-6.952143303351477e-05, -0.00043588748667389154, 0.0006555591826327145, 0.002780848415568471, -0.0019240680849179626, -0.005113920662552118, -0.0007269289344549179, -0.001536232652142644, -0.013211030513048172, 0.0342499241232872, -0.01323904562741518, 0.0011360228527337313, -0.0025565538089722395], [1.8229635315947235e-05, 0.00022555413306690753, -0.0007425745716318488, 0.0003361207200214267, -0.00034868813236244023, 0.0013905167579650879, -0.004114055074751377, 0.0011098614195361733, -0.002612344454973936, -0.01323904562741518, 0.03830761834979057, -0.01777953840792179, 0.0007088445127010345], [-5.640562085318379e-05, 0.0006903682369738817, -0.0016451996052637696, -0.0021204943768680096, 0.003367453580722213, -0.0010958517668768764, 0.002852843375876546, -0.004747367464005947, 0.0022173039615154266, 0.0011360228527337313, -0.01777953840792179, 0.03526155278086662, -0.017676200717687607], [6.302330439211801e-05, -0.0002714490401558578, 0.0023917711805552244, 0.001227258937433362, -0.003460061503574252, 0.001305874320678413, -0.0017061944818124175, 0.002365704393014312, -0.004022642504423857, -0.0025565538089722395, 0.0007088445127010345, -0.017676200717687607, 0.030817681923508644]], "metadata.audio_properties.analysis.downmix": "mix", "metadata.audio_properties.codec": "mp3", "metadata.audio_properties.md5_encoded": "aab6e6cdc816604d334074ecb7320a5f", "metadata.tags.file_name": "1183697345016246372.mp3", "metadata.version.essentia": "2.1-beta6-dev", "metadata.version.essentia_git_sha": "v2.1_beta5-1110-g77a6a954", "metadata.version.extractor": "music 2.0", "tonal.chords_key": "F", "tonal.chords_scale": "major", "tonal.key_edma.key": "Bb", "tonal.key_edma.scale": "major", "tonal.key_krumhansl.key": "Bb", "tonal.key_krumhansl.scale": "minor", "tonal.key_temperley.key": "Bb", "tonal.key_temperley.scale": "minor", "metadata.tags.encoding": ["Lavf58.45.100"]}, "essentia_models": [{"model_name": "genre_dortmund", "activations": {"alternative": "0.035206713", "blues": "0.021883259", "