{"song_id": "1183701556093263954", "download": "https://cdn.discordapp.com/attachments/1128313332273782784/1183701556093263954/chirp.mp4?ex=65894afb&amp", "lyrics": "[Verse]\nI saw you standing there, in aisle number nine\nEyes locked in a gaze, I knew you were mine\nWe danced through the aisles, like a dream come true\nIn this supermarket love, I found solace in you\n\n[Chorus]\nSupermarket love, a serenade of aisles\nOur hearts intertwined, can't help but smile\nIn this ordinary place, our love does ignite\nSupermarket love, a sweet rendezvous in plain sight", "style": ["random"], "essentia_features": {"lowlevel.average_loudness": 0.9774990677833557, "lowlevel.barkbands_crest.mean": 18.3969669342041, "lowlevel.barkbands_crest.stdev": 5.6823577880859375, "lowlevel.barkbands_flatness_db.mean": 0.3077276945114136, "lowlevel.barkbands_flatness_db.stdev": 0.1107509434223175, "lowlevel.barkbands_kurtosis.mean": 70.72168731689453, "lowlevel.barkbands_kurtosis.stdev": 142.69773864746094, "lowlevel.barkbands_skewness.mean": 4.97886848449707, "lowlevel.barkbands_skewness.stdev": 4.4337921142578125, "lowlevel.barkbands_spread.mean": 9.177664756774902, "lowlevel.barkbands_spread.stdev": 13.928922653198242, "lowlevel.dissonance.mean": 0.41206493973731995, "lowlevel.dissonance.stdev": 0.05569331347942352, "lowlevel.dynamic_complexity": 3.282571315765381, "lowlevel.erbbands_crest.mean": 12.909944534301758, "lowlevel.erbbands_crest.stdev": 6.000349998474121, "lowlevel.erbbands_flatness_db.mean": 0.1986604481935501, "lowlevel.erbbands_flatness_db.stdev": 0.0660916268825531, "lowlevel.erbbands_kurtosis.mean": 5.6640400886535645, "lowlevel.erbbands_kurtosis.stdev": 10.828731536865234, "lowlevel.erbbands_skewness.mean": 1.1987254619598389, "lowlevel.erbbands_skewness.stdev": 1.6220041513442993, "lowlevel.erbbands_spread.mean": 38.54351043701172, "lowlevel.erbbands_spread.stdev": 33.4329833984375, "lowlevel.hfc.mean": 17.551591873168945, "lowlevel.hfc.stdev": 20.39430046081543, "lowlevel.loudness_ebu128.integrated": -13.329092025756836, "lowlevel.loudness_ebu128.loudness_range": 0.8962135314941406, "lowlevel.loudness_ebu128.momentary.mean": -13.80928897857666, "lowlevel.loudness_ebu128.momentary.stdev": 2.257340908050537, "lowlevel.loudness_ebu128.short_term.mean": -13.362164497375488, "lowlevel.loudness_ebu128.short_term.stdev": 0.3163903057575226, "lowlevel.melbands_crest.mean": 25.42618179321289, "lowlevel.melbands_crest.stdev": 7.7301554679870605, "lowlevel.melbands_flatness_db.mean": 0.39502909779548645, "lowlevel.melbands_flatness_db.stdev": 0.13768912851810455, "lowlevel.melbands_kurtosis.mean": 108.26179504394531, "lowlevel.melbands_kurtosis.stdev": 196.63311767578125, "lowlevel.melbands_skewness.mean": 5.94252347946167, "lowlevel.melbands_skewness.stdev": 4.86715841293335, "lowlevel.melbands_spread.mean": 10.910332679748535, "lowlevel.melbands_spread.stdev": 29.69529151916504, "lowlevel.pitch_salience.mean": 0.3404978811740875, "lowlevel.pitch_salience.stdev": 0.187204048037529, "lowlevel.silence_rate_20dB.mean": 0.9131701588630676, "lowlevel.silence_rate_20dB.stdev": 0.28158363699913025, "lowlevel.silence_rate_30dB.mean": 0.616550087928772, "lowlevel.silence_rate_30dB.stdev": 0.48622438311576843, "lowlevel.silence_rate_60dB.mean": 0.06759906560182571, "lowlevel.silence_rate_60dB.stdev": 0.2510572671890259, "lowlevel.spectral_centroid.mean": 791.601318359375, "lowlevel.spectral_centroid.stdev": 890.0263061523438, "lowlevel.spectral_complexity.mean": 8.188228607177734, "lowlevel.spectral_complexity.stdev": 7.283880233764648, "lowlevel.spectral_decrease.mean": -2.760799766576838e-08, "lowlevel.spectral_decrease.stdev": 3.052382879786819e-08, "lowlevel.spectral_energy.mean": 0.10579074919223785, "lowlevel.spectral_energy.stdev": 0.11576078832149506, "lowlevel.spectral_energyband_high.mean": 0.0007611156906932592, "lowlevel.spectral_energyband_high.stdev": 0.002031798707321286, "lowlevel.spectral_energyband_low.mean": 0.09137966483831406, "lowlevel.spectral_energyband_low.stdev": 0.11561557650566101, "lowlevel.spectral_energyband_middle_high.mean": 0.0023232316598296165, "lowlevel.spectral_energyband_middle_high.stdev": 0.005265471991151571, "lowlevel.spectral_energyband_middle_low.mean": 0.012530621141195297, "lowlevel.spectral_energyband_middle_low.stdev": 0.016946028918027878, "lowlevel.spectral_entropy.mean": 6.807672023773193, "lowlevel.spectral_entropy.stdev": 0.8808895945549011, "lowlevel.spectral_flux.mean": 0.1263960748910904, "lowlevel.spectral_flux.stdev": 0.12601329386234283, "lowlevel.spectral_kurtosis.mean": 9.788555145263672, "lowlevel.spectral_kurtosis.stdev": 14.801979064941406, "lowlevel.spectral_rms.mean": 0.008696385659277439, "lowlevel.spectral_rms.stdev": 0.0052519855089485645, "lowlevel.spectral_rolloff.mean": 730.2862548828125, "lowlevel.spectral_rolloff.stdev": 1804.2681884765625, "lowlevel.spectral_skewness.mean": 2.316556453704834, "lowlevel.spectral_skewness.stdev": 1.4306182861328125, "lowlevel.spectral_spread.mean": 5450622.5, "lowlevel.spectral_spread.stdev": 2589027.25, "lowlevel.spectral_strongpeak.mean": 0.8212198615074158, "lowlevel.spectral_strongpeak.stdev": 0.6770087480545044, "lowlevel.zerocrossingrate.mean": 0.032902929931879044, "lowlevel.zerocrossingrate.stdev": 0.05504319444298744, "metadata.audio_properties.analysis.equal_loudness": 0.0, "metadata.audio_properties.analysis.length": 39.8079833984375, "metadata.audio_properties.analysis.sample_rate": 44100.0, "metadata.audio_properties.analysis.start_time": 0.0, "metadata.audio_properties.bit_rate": 121369.0, "metadata.audio_properties.length": 39.80799865722656, "metadata.audio_properties.lossless": 0.0, "metadata.audio_properties.number_channels": 1.0, "metadata.audio_properties.replay_gain": -10.970874786376953, "metadata.audio_properties.sample_rate": 48000.0, "rhythm.beats_count": 57.0, "rhythm.beats_loudness.mean": 0.21068237721920013, "rhythm.beats_loudness.stdev": 0.16021586954593658, "rhythm.bpm": 88.00511169433594, "rhythm.bpm_histogram_first_peak_bpm": 88.0, "rhythm.bpm_histogram_first_peak_weight": 0.11538463830947876, "rhythm.bpm_histogram_second_peak_bpm": 81.0, "rhythm.bpm_histogram_second_peak_spread": 0.0, "rhythm.bpm_histogram_second_peak_weight": 0.0714285746216774, "rhythm.danceability": 1.9045920372009277, "rhythm.onset_rate": 3.9174106121063232, "tonal.chords_changes_rate": 0.08149010688066483, "tonal.chords_number_rate": 0.009313154965639114, "tonal.chords_strength.mean": 0.5344590544700623, "tonal.chords_strength.stdev": 0.09228821098804474, "tonal.hpcp_crest.mean": 14.502625465393066, "tonal.hpcp_crest.stdev": 6.607212066650391, "tonal.hpcp_entropy.mean": 1.8060827255249023, "tonal.hpcp_entropy.stdev": 0.7102234959602356, "tonal.key_edma.strength": 0.6565619111061096, "tonal.key_krumhansl.strength": 0.6607153415679932, "tonal.key_temperley.strength": 0.6592352986335754, "tonal.tuning_diatonic_strength": 0.7108213901519775, "tonal.tuning_equal_tempered_deviation": 0.23119188845157623, "tonal.tuning_frequency": 434.193115234375, "tonal.tuning_nontempered_energy_ratio": 0.9317957162857056, "lowlevel.barkbands.mean": [0.006458520423620939, 0.07952527701854706, 0.004283896181732416, 0.002199211623519659, 0.005248445086181164, 0.0025473900604993105, 0.0011605860199779272, 0.00041865764069370925, 0.0007870314875617623, 0.0007550680311396718, 0.0007662000716663897, 0.0001581999531481415, 0.00013059229240752757, 0.00014374036982189864, 0.00016900236369110644, 5.6926266552181914e-05, 3.9493912481702864e-05, 4.7676439862698317e-05, 8.322992653120309e-05, 0.00010255709639750421, 0.00014165203901939094, 0.0001357399596599862, 0.00014156237011775374, 0.000143180979648605, 0.00012155299191363156, 2.4876992029021494e-05, 5.621294008051336e-07], "lowlevel.barkbands.stdev": [0.008443210273981094, 0.10743579268455505, 0.016862642019987106, 0.009178448468446732, 0.008210827596485615, 0.004742664285004139, 0.002597470534965396, 0.0011765573872253299, 0.002019926905632019, 0.002473286585882306, 0.0022597063798457384, 0.0005182054010219872, 0.00040216403431259096, 0.0004652445495594293, 0.0005419140215963125, 0.0002456207585055381, 0.00016425049398094416, 0.000227463009650819, 0.0003093977284152061, 0.0004625081201083958, 0.00048459364916197956, 0.0005140467546880245, 0.0003925216442439705, 0.00044023661757819355, 0.00031534014851786196, 7.614046626258641e-05, 2.7409157610236434e-06], "lowlevel.erbbands.mean": [3.5378966331481934, 12.755319595336914, 7.325343608856201, 6.807807922363281, 10.123827934265137, 19.871204376220703, 23.907033920288086, 19.398216247558594, 14.92898178100586, 14.414396286010742, 10.83502197265625, 20.21202850341797, 16.852258682250977, 34.33366394042969, 21.318767547607422, 7.324337482452393, 6.377848148345947, 7.08707332611084, 9.169918060302734, 5.611469268798828, 2.9847824573516846, 2.299250364303589, 2.3350207805633545, 3.634188652038574, 4.684181213378906, 4.730661869049072, 5.678584098815918, 5.255809783935547, 5.076549530029297, 4.239598274230957, 4.040430545806885, 3.0167853832244873, 2.4582912921905518, 1.7141196727752686, 0.6276009678840637, 0.17104846239089966, 0.03283470496535301, 0.003510358277708292, 0.00014042577822692692, 0.00012115873687434942], "lowlevel.erbbands.stdev": [4.59893798828125, 20.126035690307617, 20.536054611206055, 26.490262985229492, 26.22269058227539, 32.41902160644531, 47.53725051879883, 32.78334045410156, 26.890073776245117, 49.37668991088867, 24.444149017333984, 55.36237335205078, 59.65729904174805, 87.43352508544922, 75.03667449951172, 22.41557502746582, 17.33457374572754, 22.514759063720703, 24.8768253326416, 19.40199851989746, 12.34308910369873, 9.94713306427002, 10.700884819030762, 14.982587814331055, 17.817020416259766, 21.24587059020996, 19.564029693603516, 18.953393936157227, 19.84969711303711, 14.04273796081543, 11.225924491882324, 9.349602699279785, 7.5524420738220215, 4.303532600402832, 1.8984721899032593, 0.5380585789680481, 0.1042504832148552, 0.011791281402111053, 0.00030619188328273594, 0.00012516866263467818], "lowlevel.gfcc.mean": [-73.16181945800781, 111.93878936767578, -61.019012451171875, 28.321937561035156, -62.390262603759766, 26.31868553161621, -32.24369812011719, 12.924732208251953, -21.89528465270996, 9.540608406066895, -0.45648378133773804, -7.020715713500977, 15.58614444732666], "lowlevel.melbands.mean": [0.026265133172273636, 0.007647603750228882, 0.0012103611370548606, 0.0011207172647118568, 0.0008585030445829034, 0.00042612067773006856, 0.00023251140373758972, 0.00013895459414925426, 9.38733501243405e-05, 0.0001240068959305063, 8.053943020058796e-05, 0.0001372693368466571, 8.693450945429504e-05, 2.2838272343506105e-05, 1.682658512436319e-05, 1.2357274499663617e-05, 1.33053226818447e-05, 1.4428505892283283e-05, 1.1763565453293268e-05, 4.775836259796051e-06, 3.1054394185048295e-06, 2.429772621326265e-06, 1.988050144063891e-06, 2.2272413389146095e-06, 2.9648215331690153e-06, 3.321785470689065e-06, 3.5400066735746805e-06, 2.990247139678104e-06, 3.2704915611247998e-06, 3.659710728243226e-06, 2.8960332656424725e-06, 2.9690731935261283e-06, 2.446746975692804e-06, 2.31911553782993e-06, 2.3506006527895806e-06, 2.0992815734643955e-06, 1.7700580201562843e-06, 1.6849068060764694e-06, 1.7337549707008293e-06, 1.3632065929414239e-06], "lowlevel.melbands.stdev": [0.03431682661175728, 0.013608395121991634, 0.0045092240907251835, 0.0019664622377604246, 0.0014957708772271872, 0.000719911593478173, 0.00043622005614452064, 0.0004697196127381176, 0.00021955728880129755, 0.0003433044475968927, 0.00031148604466579854, 0.00036079876008443534, 0.0002876238140743226, 7.02250690665096e-05, 6.771321932319552e-05, 3.287627259851433e-05, 4.6860128350090235e-05, 3.9292455767281353e-05, 4.4338739826343954e-05, 1.8689161151996814e-05, 1.333350610366324e-05, 1.0533473869145382e-05, 9.259410944650881e-06, 1.1036649993911851e-05, 1.2430772585503291e-05, 1.2235073882038705e-05, 1.620229522814043e-05, 1.4024721167515963e-05, 1.1689443454088178e-05, 1.2697888450929895e-05, 1.0968406968459021e-05, 1.1808682756964117e-05, 9.348224921268411e-06, 7.451923465850996e-06, 6.646952897426672e-06, 6.137454420240829e-06, 5.8947894103766885e-06, 5.5380037338181864e-06, 4.918835657008458e-06, 3.375292408236419e-06], "lowlevel.melbands128.mean": [0.0062401872128248215, 0.03171774372458458, 0.03479244187474251, 0.016347205266356468, 0.004658222664147615, 0.001928271958604455, 0.0014073068741708994, 0.0009662878583185375, 0.0008805336547084153, 0.0013457280583679676, 0.0011016668286174536, 0.000914285599719733, 0.0008617116254754364, 0.0006859973073005676, 0.0005548082408495247, 0.00018095719860866666, 0.0001373906125081703, 0.0003165987436659634, 0.0002471217012498528, 0.0001612374180695042, 8.020953828236088e-05, 6.607322575291619e-05, 9.547566151013598e-05, 0.0001157367805717513, 0.00016069988487288356, 0.00011944201105507091, 5.5902128224261105e-05, 8.228781371144578e-05, 8.404705295106396e-05, 0.00013287166075315326, 0.0001705078175291419, 0.00012495364353526384, 8.460124081466347e-05, 6.513747212011367e-05, 1.7966327504836954e-05, 1.4863948308629915e-05, 1.8655478925211355e-05, 1.832295129133854e-05, 1.5294486729544587e-05, 1.3003076674067415e-05, 1.2369642718113028e-05, 9.200255590258166e-06, 1.3867034795111977e-05, 1.5868012269493192e-05, 1.172378415503772e-05, 1.4812466361036059e-05, 1.655661799304653e-05, 1.4465709682554007e-05, 9.098055670619942e-06, 4.298073690733872e-06, 4.71344583274913e-06, 4.561842160910601e-06, 2.9595189516840037e-06, 2.776559540507151e-06, 2.5877754978864687e-06, 2.572082848928403e-06, 2.158952838726691e-06, 1.7684700424069888e-06, 2.1092616862006253e-06, 2.0014583697047783e-06, 1.919802571137552e-06, 2.6455811621417524e-06, 2.9870238904550206e-06, 3.0265912300819764e-06, 2.99682687909808e-06, 3.489681148494128e-06, 3.295729811725323e-06, 3.4616798529896187e-06, 3.866196038870839e-06, 3.3306478144368157e-06, 2.7560720354813384e-06, 3.024765874215518e-06, 2.8856636618002085e-06, 3.125257535430137e-06, 3.959823061450152e-06, 4.273354988981737e-06, 3.1993074571801117e-06, 2.6317434276279528e-06, 3.1203519483824493e-06, 2.7775474791269517e-06, 3.072914523727377e-06, 3.0631224490207387e-06, 2.6704535684984876e-06, 2.3537154447694775e-06, 2.2627154976362363e-06, 2.4015846520342166e-06, 2.2402912236429984e-06, 2.3434208742401097e-06, 2.3733343823550967e-06, 2.3959505597304087e-06, 2.236505224573193e-06, 2.1084144918859238e-06, 1.6834208054206101e-06, 1.7606095070732408e-06, 1.8190196442446904e-06, 1.7075354890039307e-06, 1.5939072000037413e-06, 1.734734382807801e-06, 1.7704132915241644e-06, 1.8052776340482524e-06, 1.4577491356249084e-06, 1.2758760021824855e-06, 1.258950419469329e-06, 1.0191899946221383e-06, 6.178345870466728e-07, 4.2534284716566617e-07, 4.241834403728717e-07, 4.062319760578248e-07, 2.7879698905053374e-07, 1.9372809845208394e-07, 1.38658151627169e-07, 1.0763433522242849e-07, 1.0388980342668219e-07, 7.043463057243571e-08, 4.6055514957288324e-08, 3.3023155765476986e-08, 1.9054059663403677e-08, 3.6612040066330565e-09, 7.88621001834855e-10, 8.726065703346109e-11, 6.878660141484971e-11, 2.8468269408499225e-11, 1.3340988903876028e-11, 1.3103324848773301e-11, 1.2793587370052428e-11, 1.2402680445167125e-11, 1.2175201818953596e-11, 1.2091591616858466e-11], "lowlevel.melbands128.stdev": [0.008171438239514828, 0.041647769510746, 0.050799060612916946, 0.028496650978922844, 0.012814627960324287, 0.007606403436511755, 0.005683344788849354, 0.004147992469370365, 0.002533222083002329, 0.002798613393679261, 0.0020618722774088383, 0.0022258644457906485, 0.002135596005246043, 0.0016494754236191511, 0.00109383394010365, 0.00037365194293670356, 0.0003407843760214746, 0.0006723040132783353, 0.0007283447775989771, 0.000854737008921802, 0.00032569319591857493, 0.0002266306255478412, 0.00029097014339640737, 0.0003997034509666264, 0.0005621294840238988, 0.0004018602194264531, 0.000249581498792395, 0.00040752338827587664, 0.0004259273409843445, 0.0004355173441581428, 0.0005272073904052377, 0.0004312489181756973, 0.0004224421863909811, 0.0003592893772292882, 6.14409291301854e-05, 5.722207424696535e-05, 9.049030632013455e-05, 0.00011224568879697472, 6.479315925389528e-05, 4.093936149729416e-05, 3.9724676753394306e-05, 3.565807855920866e-05, 6.273131293710321e-05, 6.924709305167198e-05, 4.640735642169602e-05, 5.267675805953331e-05, 6.766639853594825e-05, 7.653344073332846e-05, 5.30913494003471e-05, 1.7134314475697465e-05, 2.1846251911483705e-05, 2.5028364689205773e-05, 1.4281110452429857e-05, 1.1699513379426207e-05, 1.129877182393102e-05, 1.2977320693607908e-05, 1.1746466043405235e-05, 1.0120374099642504e-05, 1.046029501594603e-05, 9.325040082330815e-06, 1.157899259851547e-05, 1.4881507922837045e-05, 1.3216520528658293e-05, 1.462286127207335e-05, 1.3688096260011662e-05, 1.2956938917341176e-05, 1.359456200589193e-05, 1.5832010831218213e-05, 2.1794941858388484e-05, 1.6381383829866536e-05, 1.5062876627780497e-05, 1.650826925470028e-05, 1.1661386452033184e-05, 1.1928955245821271e-05, 1.4051239304535557e-05, 1.6257341485470533e-05, 1.1523711691552307e-05, 1.0652710443537217e-05, 1.2690231415035669e-05, 1.1351437933626585e-05, 1.2592989151016809e-05, 1.327980680798646e-05, 1.2621726455108728e-05, 9.266747838410083e-06, 8.754521331866272e-06, 8.627891475043725e-06, 7.565165560663445e-06, 7.26859843780403e-06, 7.144871233322192e-06, 7.33251181372907e-06, 6.861750534881139e-06, 6.483403467427706e-06, 5.517441877600504e-06, 6.572323400177993e-06, 6.6888678702525795e-06, 6.1878545238869265e-06, 5.367478479456622e-06, 5.955615051789209e-06, 5.3815228966414e-06, 5.307753326633247e-06, 3.6256981275073485e-06, 3.2583243410044815e-06, 3.7468437312782044e-06, 3.2522455057915067e-06, 2.3012150904833106e-06, 1.6402127585024573e-06, 1.5076989257067908e-06, 1.3486986745192553e-06, 9.916067256199312e-07, 7.172300229285611e-07, 5.249808054941241e-07, 3.6823215054937464e-07, 4.326904843310331e-07, 2.8677027330559213e-07, 1.5535077579897916e-07, 1.5124845731406822e-07, 9.491341756984184e-08, 2.3812276594981086e-08, 1.2685775985232794e-08, 2.714986457874602e-09, 1.873413868480611e-09, 5.29277122129912e-10, 3.1542605333223506e-11, 3.0713858539810346e-11, 2.8777029370541385e-11, 2.6790229756823436e-11, 2.6290780316684526e-11, 2.615006301776024e-11], "lowlevel.mfcc.mean": [-735.5869140625, 145.33981323242188, 54.67280197143555, 14.316628456115723, 10.875933647155762, 5.353448867797852, 18.2242488861084, -8.616060256958008, 7.213164329528809, 11.343938827514648, -9.791545867919922, -1.7613611221313477, 3.3945369720458984], "lowlevel.spectral_contrast_coeffs.mean": [-0.6682048439979553, -0.7086313366889954, -0.7430529594421387, -0.8017678260803223, -0.8116341233253479, -0.7904801964759827], "lowlevel.spectral_contrast_coeffs.stdev": [0.11211197078227997, 0.09229113906621933, 0.08296672254800797, 0.0628477931022644, 0.053056370466947556, 0.051189687103033066], "lowlevel.spectral_contrast_valleys.mean": [-6.91532039642334, -7.504656791687012, -8.388715744018555, -8.926512718200684, -9.026266098022461, -10.951006889343262], "lowlevel.spectral_contrast_valleys.stdev": [1.3491605520248413, 0.9627785086631775, 1.052383303642273, 1.0634080171585083, 1.2832027673721313, 1.3634448051452637], "rhythm.beats_loudness_band_ratio.mean": [0.714093029499054, 0.09184989333152771, 0.04373607784509659, 0.03293374553322792, 0.019370215013623238, 0.10805568844079971], "rhythm.beats_loudness_band_ratio.stdev": [0.3762727379798889, 0.12916725873947144, 0.0958920493721962, 0.0755738690495491, 0.03217452019453049, 0.18734489381313324], "tonal.hpcp.mean": [0.11493442207574844, 0.1290278136730194, 0.11498929560184479, 0.09533723443746567, 0.08297504484653473, 0.07424236834049225, 0.07334132492542267, 0.07011470198631287, 0.08886956423521042, 0.13799741864204407, 0.12160376459360123, 0.06138548254966736, 0.03709044307470322, 0.02995145693421364, 0.03734520822763443, 0.05129314213991165, 0.048177022486925125, 0.041665710508823395, 0.04230906069278717, 0.041017550975084305, 0.04089723154902458, 0.043649159371852875, 0.04566788673400879, 0.06878028064966202, 0.1869143545627594, 0.19227609038352966, 0.07217942923307419, 0.03573020175099373, 0.0332382470369339, 0.0577167384326458, 0.10230262577533722, 0.10350503027439117, 0.07927925884723663, 0.0831301286816597, 0.08307438343763351, 0.08836794644594193], "tonal.hpcp.stdev": [0.251590371131897, 0.2727261483669281, 0.2673850953578949, 0.2325788289308548, 0.2151436060667038, 0.21206477284431458, 0.21810726821422577, 0.208723247051239, 0.22723601758480072, 0.30238521099090576, 0.2681337594985962, 0.18827077746391296, 0.14912228286266327, 0.1347169131040573, 0.15111154317855835, 0.1710750311613083, 0.15042205154895782, 0.15203309059143066, 0.15185332298278809, 0.15186777710914612, 0.1579999476671219, 0.155330628156662, 0.16033615171909332, 0.18321707844734192, 0.3235373795032501, 0.33474284410476685, 0.18988728523254395, 0.140925332903862, 0.13825345039367676, 0.18694616854190826, 0.2513939142227173, 0.25778213143348694, 0.20868967473506927, 0.2365361899137497, 0.22260327637195587, 0.23229874670505524], "rhythm.beats_position": [0.7198185920715332, 1.4628571271896362, 2.2058956623077393, 2.937324285507202, 3.668752670288086, 4.353741645812988, 5.038730144500732, 5.712108612060547, 6.397097587585449, 7.082086086273193, 7.755464553833008, 8.44045352935791, 9.125441551208496, 9.798820495605469, 10.483809471130371, 11.168798446655273, 11.84217643737793, 12.538775444030762, 13.212154388427734, 13.90875244140625, 14.582131385803223, 15.255510330200195, 15.940498352050781, 16.625486373901367, 17.298866271972656, 17.983854293823242, 18.668842315673828, 19.353832244873047, 20.038820266723633, 20.71219825744629, 21.397188186645508, 22.082176208496094, 22.75555419921875, 23.44054412841797, 24.125532150268555, 24.798912048339844, 25.49551010131836, 26.168888092041016, 26.842267990112305, 27.53886604309082, 28.212244033813477, 28.897233963012695, 29.58222198486328, 30.267210006713867, 30.940589904785156, 31.625577926635742, 32.29895782470703, 32.99555587768555, 33.6689338684082, 34.34231185913086, 35.02730178833008, 35.71228790283203, 36.39727783203125, 37.08226776123047, 37.755645751953125, 38.45224380493164, 39.1256217956543], "rhythm.bpm_histogram": [0.0, 0.0, 0.0, 0.0, 0.0, 0.0, 0.0, 0.0, 0.0, 0.0, 0.0, 0.0, 0.0, 0.0, 0.0, 0.0, 0.0, 0.0, 0.0, 0.0, 0.0, 0.0, 0.0, 0.0, 0.0, 0.0, 0.0, 0.0, 0.0, 0.0, 0.0, 0.0, 0.0, 0.0, 0.0, 0.0, 0.0, 0.0, 0.0, 0.0, 0.0, 0.0, 0.0, 0.0, 0.0, 0.0, 0.0, 0.0, 0.0, 0.0, 0.0, 0.0, 0.0, 0.0, 0.0, 0.0, 0.0, 0.0, 0.0, 0.0, 0.0, 0.0, 0.0, 0.0, 0.0, 0.0, 0.0, 0.0, 0.0, 0.0, 0.0, 0.0, 0.0, 0.0, 0.0, 0.0, 0.0, 0.0, 0.0, 0.0, 0.0, 0.0357142873108387, 0.0357142873108387, 0.0, 0.0, 0.0, 0.1071428582072258, 0.0, 0.4642857015132904, 0.3571428656578064, 0.0, 0.0, 0.0, 0.0, 0.0, 0.0, 0.0, 0.0, 0.0, 0.0, 0.0, 0.0, 0.0, 0.0, 0.0, 0.0, 0.0, 0.0, 0.0, 0.0, 0.0, 0.0, 0.0, 0.0, 0.0, 0.0, 0.0, 0.0, 0.0, 0.0, 0.0, 0.0, 0.0, 0.0, 0.0, 0.0, 0.0, 0.0, 0.0, 0.0, 0.0, 0.0, 0.0, 0.0, 0.0, 0.0, 0.0, 0.0, 0.0, 0.0, 0.0, 0.0, 0.0, 0.0, 0.0, 0.0, 0.0, 0.0, 0.0, 0.0, 0.0, 0.0, 0.0, 0.0, 0.0, 0.0, 0.0, 0.0, 0.0, 0.0, 0.0, 0.0, 0.0, 0.0, 0.0, 0.0, 0.0, 0.0, 0.0, 0.0, 0.0, 0.0, 0.0, 0.0, 0.0, 0.0, 0.0, 0.0, 0.0, 0.0, 0.0, 0.0, 0.0, 0.0, 0.0, 0.0, 0.0, 0.0, 0.0, 0.0, 0.0, 0.0, 0.0, 0.0, 0.0, 0.0, 0.0, 0.0, 0.0, 0.0, 0.0, 0.0, 0.0, 0.0, 0.0, 0.0, 0.0, 0.0, 0.0, 0.0, 0.0, 0.0, 0.0, 0.0, 0.0, 0.0, 0.0, 0.0, 0.0, 0.0, 0.0, 0.0, 0.0, 0.0, 0.0, 0.0, 0.0, 0.0, 0.0, 0.0, 0.0, 0.0, 0.0, 0.0, 0.0, 0.0, 0.0, 0.0, 0.0, 0.0, 0.0, 0.0, 0.0, 0.0, 0.0, 0.0, 0.0, 0.0, 0.0, 0.0], "tonal.chords_histogram": [42.491268157958984, 2.4447031021118164, 0.0, 0.0, 2.561117649078369, 0.11641443520784378, 0.0, 0.0, 0.0, 0.0, 0.0, 0.0, 0.0, 0.0, 0.0, 1.3969732522964478, 0.0, 5.0058207511901855, 0.0, 0.0, 2.3282887935638428, 0.0, 24.447031021118164, 19.20838165283203], "tonal.thpcp": [1.0, 0.375394731760025, 0.1858275830745697, 0.1728672981262207, 0.30017638206481934, 0.5320611000061035, 0.5383146405220032, 0.4123198986053467, 0.43234771490097046, 0.43205779790878296, 0.4595888555049896, 0.5977572202682495, 0.6710548996925354, 0.5980426073074341, 0.4958350956439972, 0.4315411448478699, 0.38612377643585205, 0.3814375698566437, 0.36465638875961304, 0.4621976912021637, 0.7177045345306396, 0.6324434876441956, 0.3192569613456726, 0.19290199875831604, 0.15577317774295807, 0.19422699511051178, 0.2667681872844696, 0.2505616843700409, 0.2166973054409027, 0.22004327178001404, 0.2133263200521469, 0.21270056068897247, 0.22701293230056763, 0.2375120371580124, 0.35771623253822327, 0.9721143841743469], "lowlevel.gfcc.cov": [[9554.919921875, -1379.639892578125, -732.1521606445312, 767.5349731445312, -125.75342559814453, 532.6634521484375, 346.1536560058594, 428.2339172363281, -232.92050170898438, 191.59121704101562, -265.8686828613281, 170.1931610107422, -272.5337219238281], [-1379.639892578125, 2844.199951171875, 363.9781188964844, -657.9242553710938, 809.6798706054688, -31.98118019104004, 380.6579895019531, -96.11703491210938, 285.1511535644531, -112.39850616455078, 433.0851745605469, -369.35833740234375, 318.16986083984375], [-732.1521606445312, 363.9781188964844, 1803.82373046875, 773.5240478515625, 369.4478454589844, 338.7238464355469, 360.6488952636719, 21.56136703491211, 494.6722412109375, -6.879627704620361, 57.3524284362793, 73.26111602783203, -93.49771118164062], [767.5349731445312, -657.9242553710938, 773.5240478515625, 1147.010498046875, 219.9951934814453, 211.41871643066406, 267.44415283203125, 160.9928436279297, 273.80859375, 36.65147018432617, -107.67178344726562, 219.64491271972656, -137.5005340576172], [-125.75342559814453, 809.6798706054688, 369.4478454589844, 219.9951934814453, 724.2837524414062, 205.0098419189453, 383.4814758300781, 135.9845428466797, 257.39306640625, 31.814498901367188, 163.28549194335938, -56.105613708496094, 122.54998779296875], [532.6634521484375, -31.98118019104004, 338.7238464355469, 211.41871643066406, 205.0098419189453, 479.73504638671875, 297.39288330078125, 28.971729278564453, 156.9113006591797, 102.8586654663086, 27.380373001098633, 14.808130264282227, 3.7277135848999023], [346.1536560058594, 380.6579895019531, 360.6488952636719, 267.44415283203125, 383.4814758300781, 297.39288330078125, 547.3568725585938, 103.0934829711914, 253.29525756835938, 93.20223236083984, 103.51814270019531, 18.341915130615234, 9.164546966552734], [428.2339172363281, -96.11703491210938, 21.56136703491211, 160.9928436279297, 135.9845428466797, 28.971729278564453, 103.0934829711914, 321.7130126953125, 59.4509162902832, 40.59476089477539, 62.9610710144043, 9.528081893920898, 54.902313232421875], [-232.92050170898438, 285.1511535644531, 494.6722412109375, 273.80859375, 257.39306640625, 156.9113006591797, 253.29525756835938, 59.4509162902832, 358.5152282714844, 60.572853088378906, 76.39906311035156, 60.82054138183594, -1.288933277130127], [191.59121704101562, -112.39850616455078, -6.879627704620361, 36.65147018432617, 31.814498901367188, 102.8586654663086, 93.20223236083984, 40.59476089477539, 60.572853088378906, 198.75152587890625, 76.1907730102539, 50.938194274902344, 21.493122100830078], [-265.8686828613281, 433.0851745605469, 57.3524284362793, -107.67178344726562, 163.28549194335938, 27.380373001098633, 103.51814270019531, 62.9610710144043, 76.39906311035156, 76.1907730102539, 247.26780700683594, -10.422117233276367, 122.20182037353516], [170.1931610107422, -369.35833740234375, 73.26111602783203, 219.64491271972656, -56.105613708496094, 14.808130264282227, 18.341915130615234, 9.528081893920898, 60.82054138183594, 50.938194274902344, -10.422117233276367, 221.22262573242188, -56.320350646972656], [-272.5337219238281, 318.16986083984375, -93.49771118164062, -137.5005340576172, 122.54998779296875, 3.7277135848999023, 9.164546966552734, 54.902313232421875, -1.288933277130127, 21.493122100830078, 122.20182037353516, -56.320350646972656, 238.2327423095703]], "lowlevel.gfcc.icov": [[0.00017165606550406665, -0.00014175378601066768, 0.00017678325821179897, -0.0002435776113998145, 0.00016754957323428243, -0.00032585152075625956, -1.8161401385441422e-05, -0.00029109427123330534, 0.00025618000654503703, -0.00011666100908769295, 0.00013603107072412968, -8.75790647114627e-05, 0.00022260659898165613], [-0.00014175378601066768, 0.0020728888921439648, -0.0005451947799883783, 0.0014263257617130876, -0.0016776197589933872, 0.0014240893069654703, -0.0009633707231841981, 0.0014676451683044434, -0.0012003126321360469, 0.0014015405904501677, -0.0017270230455324054, 0.001589943072758615, -0.000652979186270386], [0.00017678325821179897, -0.0005451947799883783, 0.0015766463475301862, -0.001295967842452228, 0.0006092590629123151, -0.0010868542594835162, 0.0004663939180318266, -9.249751747120172e-05, -0.0009254165925085545, 0.00038247171323746443, -0.0004296137485653162, 0.00024731256416998804, 0.0007474469603039324], [-0.0002435776113998145, 0.0014263257617130876, -0.001295967842452228, 0.003372853621840477, -0.001742875436320901, 0.001205552602186799, -0.0008890592725947499, 0.00011159710993524641, -0.00085709139239043, 0.0007127612479962409, 0.0005905978032387793, -0.0008130639907903969, -0.0004234090738464147], [0.00016754957323428243, -0.0016776197589933872, 0.0006092590629123151, -0.001742875436320901, 0.00451456755399704, -0.001354543725028634, -0.0006376448436640203, -0.001420485321432352, -4.392981281853281e-05, -0.00024019686679821461, 0.0003202911466360092, -8.267197699751705e-05, -0.0004462884971871972], [-0.00032585152075625956, 0.0014240893069654703, -0.0010868542594835162, 0.001205552602186799, -0.001354543725028634, 0.005062778014689684, -0.0023125556763261557, 0.0016028075478971004, -0.0007301439763978124, -0.0007397839217446744, -2.9163138606236316e-05, 0.0012730276212096214, -0.0012895765248686075], [-1.8161401385441422e-05, -0.0009633707231841981, 0.0004663939180318266, -0.0008890592725947499, -0.0006376448436640203, -0.0023125556763261557, 0.005131486803293228, -0.0009107104851864278, -0.0009343451238237321, -0.0009483860922046006, -0.00018938040011562407, -0.00044019348570145667, 0.001386010553687811], [-0.00029109427123330534, 0.0014676451683044434, -9.249751747120172e-05, 0.00011159710993524641, -0.001420485321432352, 0.0016028075478971004, -0.0009107104851864278, 0.005361272022128105, -0.0011936469236388803, 0.0007188654853962362, -0.002166096353903413, 0.0016960067441686988, -0.0013191303005442023], [0.00025618000654503703, -0.0012003126321360469, -0.0009254165925085545, -0.00085709139239043, -4.392981281853281e-05, -0.0007301439763978124, -0.0009343451238237321, -0.0011936469236388803, 0.007579149212688208, -0.0018329968443140388, 0.0008530924096703529, -0.002346499590203166, 0.0005973530351184309], [-0.00011666100908769295, 0.0014015405904501677, 0.00038247171323746443, 0.0007127612479962409, -0.00024019686679821461, -0.0007397839217446744, -0.0009483860922046006, 0.0007188654853962362, -0.0018329968443140388, 0.008635313250124454, -0.00387183902785182, -0.00010254701919620857, -0.0002649969537742436], [0.00013603107072412968, -0.0017270230455324054, -0.0004296137485653162, 0.0005905978032387793, 0.0003202911466360092, -2.9163138606236316e-05, -0.00018938040011562407, -0.002166096353903413, 0.0008530924096703529, -0.00387183902785182, 0.010023596696555614, -0.00273665483109653, -0.002458091825246811], [-8.75790647114627e-05, 0.001589943072758615, 0.00024731256416998804, -0.0008130639907903969, -8.267197699751705e-05, 0.0012730276212096214, -0.00044019348570145667, 0.0016960067441686988, -0.002346499590203166, -0.00010254701919620857, -0.00273665483109653, 0.008481421507894993, 0.0004582580295391381], [0.00022260659898165613, -0.000652979186270386, 0.0007474469603039324, -0.0004234090738464147, -0.0004462884971871972, -0.0012895765248686075, 0.001386010553687811, -0.0013191303005442023, 0.0005973530351184309, -0.0002649969537742436, -0.002458091825246811, 0.0004582580295391381, 0.007270078640431166]], "lowlevel.mfcc.cov": [[9623.44140625, -2021.803466796875, -774.4075317382812, 187.3158416748047, -350.175048828125, 151.336181640625, 325.4442138671875, 300.379638671875, 170.939453125, 91.01172637939453, 88.28084564208984, 131.06329345703125, -154.74085998535156], [-2021.803466796875, 3259.466796875, -269.2134094238281, -374.7039489746094, 353.8552551269531, -80.08277893066406, 437.04779052734375, -173.42617797851562, 70.27613067626953, 209.54222106933594, -20.568437576293945, 96.68561553955078, 79.74891662597656], [-774.4075317382812, -269.2134094238281, 1528.05322265625, 455.2919921875, 198.09466552734375, 505.3641662597656, -158.35572814941406, 349.2757263183594, 122.91444396972656, 90.92477416992188, 241.5714874267578, 76.12931060791016, 132.42779541015625], [187.3158416748047, -374.7039489746094, 455.2919921875, 859.18505859375, 230.60287475585938, 229.45079040527344, -34.37860870361328, 370.278564453125, 180.54849243164062, 2.0061633586883545, 225.556884765625, 131.24923706054688, 84.75811767578125], [-350.175048828125, 353.8552551269531, 198.09466552734375, 230.60287475585938, 437.7423095703125, 39.69486618041992, 146.78981018066406, 110.34456634521484, 151.42581176757812, 106.69361877441406, 21.917804718017578, 93.48722076416016, 47.462890625], [151.336181640625, -80.08277893066406, 505.3641662597656, 229.45079040527344, 39.69486618041992, 753.0518798828125, 19.447891235351562, 278.5440673828125, 140.67251586914062, 95.01362609863281, 240.10818481445312, 50.56072235107422, 129.8201141357422], [325.4442138671875, 437.04779052734375, -158.35572814941406, -34.37860870361328, 146.78981018066406, 19.447891235351562, 456.4407043457031, 3.8521640300750732, 128.0370330810547, 189.85604858398438, -5.642003059387207, 92.22711181640625, 17.644472122192383], [300.379638671875, -173.42617797851562, 349.2757263183594, 370.278564453125, 110.34456634521484, 278.5440673828125, 3.8521640300750732, 416.1508483886719, 148.3979034423828, 45.7885856628418, 194.2725067138672, 96.55921173095703, 71.15105438232422], [170.939453125, 70.27613067626953, 122.91444396972656, 180.54849243164062, 151.42581176757812, 140.67251586914062, 128.0370330810547, 148.3979034423828, 268.54425048828125, 129.20652770996094, 68.80886840820312, 80.1942138671875, 65.54754638671875], [91.01172637939453, 209.54222106933594, 90.92477416992188, 2.0061633586883545, 106.69361877441406, 95.01362609863281, 189.85604858398438, 45.7885856628418, 129.20652770996094, 226.06182861328125, 50.7042121887207, 70.98358917236328, 44.43699264526367], [88.28084564208984, -20.568437576293945, 241.5714874267578, 225.556884765625, 21.917804718017578, 240.10818481445312, -5.642003059387207, 194.2725067138672, 68.80886840820312, 50.7042121887207, 261.840576171875, 93.50955963134766, 92.54777526855469], [131.06329345703125, 96.68561553955078, 76.12931060791016, 131.24923706054688, 93.48722076416016, 50.56072235107422, 92.22711181640625, 96.55921173095703, 80.1942138671875, 70.98358917236328, 93.50955963134766, 163.04197692871094, 67.55078125], [-154.74085998535156, 79.74891662597656, 132.42779541015625, 84.75811767578125, 47.462890625, 129.8201141357422, 17.644472122192383, 71.15105438232422, 65.54754638671875, 44.43699264526367, 92.54777526855469, 67.55078125, 160.4421844482422]], "lowlevel.mfcc.icov": [[0.00015749465092085302, 0.00011249080853303894, 0.00011481503315735608, 7.83075302024372e-06, 0.0001107614443753846, -5.902925840928219e-05, -0.00015386028098873794, -0.00012545987556222826, -5.1301940402481705e-05, -4.026708847959526e-05, -8.832239473122172e-06, -0.0001692743244348094, 0.0001931101141963154], [0.00011249080853303894, 0.0005209347000345588, 0.00011945188452955335, 0.0003198102640453726, -0.00041164670255966485, -1.951132799149491e-05, -0.0003872012021020055, 5.163901369087398e-05, 3.102386835962534e-05, 3.6921144783264026e-05, -0.0003409288765396923, -9.908842184813693e-05, -4.5263128413353115e-05], [0.00011481503315735608, 0.00011945188452955335, 0.0012235719477757812, -0.00023075631179381162, -0.00039896974340081215, -0.00055821577552706, 0.0006341482512652874, -0.0003964262141380459, 0.00036689918488264084, -0.0008585715549997985, 1.713663550617639e-06, -5.784569657407701e-05, -4.9633490561973304e-05], [7.83075302024372e-06, 0.0003198102640453726, -0.00023075631179381162, 0.0027542440220713615, -0.0012220938224345446, 0.00024064374156296253, -8.23310692794621e-05, -0.0010749314678832889, -0.0008911779150366783, 0.0014646408380940557, -0.0014152596704661846, -0.00047050032299011946, 0.00020949743338860571], [0.0001107614443753846, -0.00041164670255966485, -0.00039896974340081215, -0.0012220938224345446, 0.004392554983496666, 0.0002623847976792604, -0.0005815004697069526, -0.00031794581445865333, -0.0009442645241506398, -0.0006533822161145508, 0.0016960948705673218, -0.0009720497182570398, -2.2796446501160972e-05], [-5.902925840928219e-05, -1.951132799149491e-05, -0.00055821577552706, 0.00024064374156296253, 0.0002623847976792604, 0.002580910222604871, -0.00039291189750656486, -0.0007713725790381432, -0.0005053020431660116, -8.010321471374482e-05, -0.001503622392192483, 0.001411208650097251, -0.000992462388239801], [-0.00015386028098873794, -0.0003872012021020055, 0.0006341482512652874, -8.23310692794621e-05, -0.0005815004697069526, -0.00039291189750656486, 0.004733433946967125, 0.00010456825111759827, -0.00026231128140352666, -0.0031024354975670576, 0.0009404774173162878, -0.0014336321037262678, 0.0005146956536918879], [-0.00012545987556222826, 5.163901369087398e-05, -0.0003964262141380459, -0.0010749314678832889, -0.00031794581445865333, -0.0007713725790381432, 0.00010456825111759827, 0.005857270676642656, -0.0015678805066272616, 0.0007984376861713827, -0.00202321563847363, -0.0007096909102983773, 0.0007428483222611248], [-5.1301940402481705e-05, 3.102386835962534e-05, 0.00036689918488264084, -0.0008911779150366783, -0.0009442645241506398, -0.0005053020431660116, -0.00026231128140352666, -0.0015678805066272616, 0.007580210920423269, -0.0032628150656819344, 0.0013325467007234693, -0.00015611691924277693, -0.0013806723291054368], [-4.026708847959526e-05, 3.6921144783264026e-05, -0.0008585715549997985, 0.0014646408380940557, -0.0006533822161145508, -8.010321471374482e-05, -0.0031024354975670576, 0.0007984376861713827, -0.0032628150656819344, 0.010045777074992657, -0.0017899232916533947, -0.0008558239205740392, 6.64109320496209e-05], [-8.832239473122172e-06, -0.0003409288765396923, 1.713663550617639e-06, -0.0014152596704661846, 0.0016960948705673218, -0.001503622392192483, 0.0009404774173162878, -0.00202321563847363, 0.0013325467007234693, -0.0017899232916533947, 0.00950763188302517, -0.0030644347425550222, -0.0018268461572006345], [-0.0001692743244348094, -9.908842184813693e-05, -5.784569657407701e-05, -0.00047050032299011946, -0.0009720497182570398, 0.001411208650097251, -0.0014336321037262678, -0.0007096909102983773, -0.00015611691924277693, -0.0008558239205740392, -0.0030644347425550222, 0.011528677307069302, -0.0029850604478269815], [0.0001931101141963154, -4.5263128413353115e-05, -4.9633490561973304e-05, 0.00020949743338860571, -2.2796446501160972e-05, -0.000992462388239801, 0.0005146956536918879, 0.0007428483222611248, -0.0013806723291054368, 6.64109320496209e-05, -0.0018268461572006345, -0.0029850604478269815, 0.00965181179344654]], "metadata.audio_properties.analysis.downmix": "mix", "metadata.audio_properties.codec": "mp3", "metadata.audio_properties.md5_encoded": "5f763365bec65d9711e0f082042962fc", "metadata.tags.file_name": "1183701556093263954.mp3", "metadata.version.essentia": "2.1-beta6-dev", "metadata.version.essentia_git_sha": "v2.1_beta5-1110-g77a6a954", "metadata.version.extractor": "music 2.0", "tonal.chords_key": "F", "tonal.chords_scale": "major", "tonal.key_edma.key": "F", "tonal.key_edma.scale": "major", "tonal.key_krumhansl.key": "F", "tonal.key_krumhansl.scale": "major", "tonal.key_temperley.key": "F", "tonal.key_temperley.scale": "major", "metadata.tags.encoding": ["Lavf58.45.100"]}