{"song_id": "1183720240576745574", "download": "https://cdn.discordapp.com/attachments/1135911532732108921/1183720240576745574/chirp.mp4?ex=65895c61&amp", "lyrics": "(Verse 1)\nIn the heart of the city where the colors align, \nThere's a girl named Mary, her spirit does shine.\nWith a soldering pen, she traces every line, \nIn the glass workshop, where dreams align.\n\n(Chorus) \nDon't mess with Mary, you fool, \nShe's the thunder, the lightning, breaking through.\nDon't mess with Mary, you fool, \nIn her stained glass world, she's nobody's tool.", "style": ["alternative rock</span><span>/ new wave"], "essentia_features": {"lowlevel.average_loudness": 0.9794082641601562, "lowlevel.barkbands_crest.mean": 14.658615112304688, "lowlevel.barkbands_crest.stdev": 3.936631202697754, "lowlevel.barkbands_flatness_db.mean": 0.20174287259578705, "lowlevel.barkbands_flatness_db.stdev": 0.04007521644234657, "lowlevel.barkbands_kurtosis.mean": 8.954930305480957, "lowlevel.barkbands_kurtosis.stdev": 9.013666152954102, "lowlevel.barkbands_skewness.mean": 2.703096866607666, "lowlevel.barkbands_skewness.stdev": 1.2051467895507812, "lowlevel.barkbands_spread.mean": 14.830743789672852, "lowlevel.barkbands_spread.stdev": 8.829413414001465, "lowlevel.dissonance.mean": 0.46736860275268555, "lowlevel.dissonance.stdev": 0.021770674735307693, "lowlevel.dynamic_complexity": 1.2440026998519897, "lowlevel.erbbands_crest.mean": 9.696101188659668, "lowlevel.erbbands_crest.stdev": 4.357353687286377, "lowlevel.erbbands_flatness_db.mean": 0.17383942008018494, "lowlevel.erbbands_flatness_db.stdev": 0.04133874550461769, "lowlevel.erbbands_kurtosis.mean": -0.470761775970459, "lowlevel.erbbands_kurtosis.stdev": 1.1580697298049927, "lowlevel.erbbands_skewness.mean": -0.07874667644500732, "lowlevel.erbbands_skewness.stdev": 0.6263364553451538, "lowlevel.erbbands_spread.mean": 49.6657600402832, "lowlevel.erbbands_spread.stdev": 19.51061248779297, "lowlevel.hfc.mean": 15.578371047973633, "lowlevel.hfc.stdev": 7.156760215759277, "lowlevel.loudness_ebu128.integrated": -13.553197860717773, "lowlevel.loudness_ebu128.loudness_range": 1.3017549514770508, "lowlevel.loudness_ebu128.momentary.mean": -13.63467025756836, "lowlevel.loudness_ebu128.momentary.stdev": 0.8624329566955566, "lowlevel.loudness_ebu128.short_term.mean": -13.559293746948242, "lowlevel.loudness_ebu128.short_term.stdev": 0.48607975244522095, "lowlevel.melbands_crest.mean": 18.681921005249023, "lowlevel.melbands_crest.stdev": 3.271535634994507, "lowlevel.melbands_flatness_db.mean": 0.27292612195014954, "lowlevel.melbands_flatness_db.stdev": 0.04989945888519287, "lowlevel.melbands_kurtosis.mean": 29.343807220458984, "lowlevel.melbands_kurtosis.stdev": 24.70569610595703, "lowlevel.melbands_skewness.mean": 4.507923603057861, "lowlevel.melbands_skewness.stdev": 1.8302782773971558, "lowlevel.melbands_spread.mean": 11.770243644714355, "lowlevel.melbands_spread.stdev": 8.196578025817871, "lowlevel.pitch_salience.mean": 0.35867172479629517, "lowlevel.pitch_salience.stdev": 0.09949462860822678, "lowlevel.silence_rate_20dB.mean": 1.0, "lowlevel.silence_rate_20dB.stdev": 0.0, "lowlevel.silence_rate_30dB.mean": 0.9929947257041931, "lowlevel.silence_rate_30dB.stdev": 0.08340370655059814, "lowlevel.silence_rate_60dB.mean": 0.0005837711505591869, "lowlevel.silence_rate_60dB.stdev": 0.024154651910066605, "lowlevel.spectral_centroid.mean": 871.3214111328125, "lowlevel.spectral_centroid.stdev": 370.8723449707031, "lowlevel.spectral_complexity.mean": 16.23992919921875, "lowlevel.spectral_complexity.stdev": 5.368630886077881, "lowlevel.spectral_decrease.mean": -1.0725405452660652e-08, "lowlevel.spectral_decrease.stdev": 5.552207582582014e-09, "lowlevel.spectral_energy.mean": 0.041893187910318375, "lowlevel.spectral_energy.stdev": 0.02137541025876999, "lowlevel.spectral_energyband_high.mean": 0.0003774415235966444, "lowlevel.spectral_energyband_high.stdev": 0.0005184062174521387, "lowlevel.spectral_energyband_low.mean": 0.02665123902261257, "lowlevel.spectral_energyband_low.stdev": 0.013758736662566662, "lowlevel.spectral_energyband_middle_high.mean": 0.0039193881675601006, "lowlevel.spectral_energyband_middle_high.stdev": 0.002891982439905405, "lowlevel.spectral_energyband_middle_low.mean": 0.015980189666152, "lowlevel.spectral_energyband_middle_low.stdev": 0.01740780659019947, "lowlevel.spectral_entropy.mean": 7.3187432289123535, "lowlevel.spectral_entropy.stdev": 0.37153032422065735, "lowlevel.spectral_flux.mean": 0.08230990916490555, "lowlevel.spectral_flux.stdev": 0.04947242513298988, "lowlevel.spectral_kurtosis.mean": 5.34623908996582, "lowlevel.spectral_kurtosis.stdev": 3.7201805114746094, "lowlevel.spectral_rms.mean": 0.006208151113241911, "lowlevel.spectral_rms.stdev": 0.0015265021938830614, "lowlevel.spectral_rolloff.mean": 638.8333129882812, "lowlevel.spectral_rolloff.stdev": 732.0216674804688, "lowlevel.spectral_skewness.mean": 1.5270410776138306, "lowlevel.spectral_skewness.stdev": 0.4202427268028259, "lowlevel.spectral_spread.mean": 3815968.25, "lowlevel.spectral_spread.stdev": 1384638.0, "lowlevel.spectral_strongpeak.mean": 0.8184981346130371, "lowlevel.spectral_strongpeak.stdev": 0.3750915229320526, "lowlevel.zerocrossingrate.mean": 0.031780753284692764, "lowlevel.zerocrossingrate.stdev": 0.017666755244135857, "metadata.audio_properties.analysis.equal_loudness": 0.0, "metadata.audio_properties.analysis.length": 39.74399185180664, "metadata.audio_properties.analysis.sample_rate": 44100.0, "metadata.audio_properties.analysis.start_time": 0.0, "metadata.audio_properties.bit_rate": 115698.0, "metadata.audio_properties.length": 39.74399948120117, "metadata.audio_properties.lossless": 0.0, "metadata.audio_properties.number_channels": 1.0, "metadata.audio_properties.replay_gain": -12.191556930541992, "metadata.audio_properties.sample_rate": 48000.0, "rhythm.beats_count": 64.0, "rhythm.beats_loudness.mean": 0.06750790774822235, "rhythm.beats_loudness.stdev": 0.01648416556417942, "rhythm.bpm": 97.501220703125, "rhythm.bpm_histogram_first_peak_bpm": 98.0, "rhythm.bpm_histogram_first_peak_weight": 0.32258063554763794, "rhythm.bpm_histogram_second_peak_bpm": 103.0, "rhythm.bpm_histogram_second_peak_spread": 0.0, "rhythm.bpm_histogram_second_peak_weight": 0.01587301678955555, "rhythm.danceability": 1.7275052070617676, "rhythm.onset_rate": 3.4453125, "tonal.chords_changes_rate": 0.0735122486948967, "tonal.chords_number_rate": 0.010501750744879246, "tonal.chords_strength.mean": 0.46306806802749634, "tonal.chords_strength.stdev": 0.08260753005743027, "tonal.hpcp_crest.mean": 13.97390079498291, "tonal.hpcp_crest.stdev": 5.703304290771484, "tonal.hpcp_entropy.mean": 1.899146318435669, "tonal.hpcp_entropy.stdev": 0.7055794596672058, "tonal.key_edma.strength": 0.5130900144577026, "tonal.key_krumhansl.strength": 0.5082079768180847, "tonal.key_temperley.strength": 0.5100321173667908, "tonal.tuning_diatonic_strength": 0.4850277304649353, "tonal.tuning_equal_tempered_deviation": 0.11616430431604385, "tonal.tuning_frequency": 440.5086364746094, "tonal.tuning_nontempered_energy_ratio": 0.7501034140586853, "lowlevel.barkbands.mean": [4.3080694013042375e-05, 0.001716249156743288, 0.02021913416683674, 0.0076876431703567505, 0.0040798066183924675, 0.0020667503122240305, 0.0005926256417296827, 0.00020390391000546515, 0.0007052556029520929, 0.0009601889760233462, 0.00035316700814291835, 0.00047585199354216456, 0.00013198178203310817, 0.0004690957139246166, 0.0004918723716400564, 0.000588012917432934, 0.0002806183765642345, 0.00022518749756272882, 0.0001310118823312223, 0.00018309468578081578, 7.294018723769113e-05, 8.173972310032696e-05, 5.9202942793490365e-05, 3.897265560226515e-05, 2.4869939807103947e-05, 1.0962143278447911e-05, 2.549416500130519e-08], "lowlevel.barkbands.stdev": [4.6772227506153286e-05, 0.0038639167323708534, 0.010234471410512924, 0.008947726339101791, 0.009535420686006546, 0.0025500203482806683, 0.0011481582187116146, 0.00039853889029473066, 0.001305294455960393, 0.0017720581963658333, 0.000960450794082135, 0.0010154066840186715, 0.00026536459336057305, 0.0008864086703397334, 0.0010135653428733349, 0.0008494849316775799, 0.0004114961775485426, 0.0002520699054002762, 0.00015941525634843856, 0.00018936186097562313, 0.00011364038800820708, 0.00016113668971229345, 9.604328079149127e-05, 7.764960901113227e-05, 5.6383585615549237e-05, 3.625700264819898e-05, 1.2408172267441842e-07], "lowlevel.erbbands.mean": [0.03539466857910156, 0.7380401492118835, 14.60496711730957, 32.59634780883789, 24.06061363220215, 7.3770880699157715, 7.2793755531311035, 18.23179054260254, 15.48707389831543, 4.398266315460205, 5.600151062011719, 13.466506004333496, 39.393455505371094, 12.902654647827148, 16.88332748413086, 19.82642936706543, 7.006588935852051, 22.29792022705078, 17.839927673339844, 34.137298583984375, 32.37310791015625, 16.406721115112305, 12.570488929748535, 9.053914070129395, 6.923605442047119, 8.811270713806152, 4.188167095184326, 2.6476974487304688, 3.033984422683716, 2.1861989498138428, 1.6308093070983887, 1.059885025024414, 0.5301183462142944, 0.31009984016418457, 0.15795932710170746, 0.07649961113929749, 0.013947290368378162, 0.000637091405224055, 3.780878250836395e-05, 4.856188752455637e-05], "lowlevel.erbbands.stdev": [0.07399538904428482, 1.0069258213043213, 7.693949222564697, 21.125423431396484, 51.159278869628906, 16.316686630249023, 13.820646286010742, 23.311721801757812, 26.680879592895508, 6.145426273345947, 13.739338874816895, 23.465774536132812, 71.37447357177734, 16.025867462158203, 36.96992492675781, 42.4846305847168, 10.416608810424805, 45.09330368041992, 22.733108520507812, 74.8215103149414, 46.46207809448242, 20.25946044921875, 13.189573287963867, 11.747118949890137, 7.078962326049805, 9.470878601074219, 5.607226371765137, 4.5280442237854, 6.305850028991699, 3.8137996196746826, 2.6381330490112305, 1.9464483261108398, 1.103806972503662, 0.662029504776001, 0.4138994812965393, 0.23763470351696014, 0.05096018314361572, 0.002097334945574403, 5.4198539146455005e-05, 2.380127989454195e-05], "lowlevel.gfcc.mean": [-11.885215759277344, 121.15099334716797, -123.17102813720703, 48.28481674194336, -42.419830322265625, 15.600198745727539, -40.574039459228516, 6.757628917694092, -25.101478576660156, -14.828173637390137, -21.44937515258789, -16.357463836669922, -8.07060432434082], "lowlevel.melbands.mean": [0.00039540522266179323, 0.005652147810906172, 0.005415821447968483, 0.001033281092531979, 0.00024081433366518468, 0.0004212196508888155, 0.00021436030510812998, 4.1846582462312654e-05, 5.263466664473526e-05, 9.536274592392147e-05, 0.0001973052421817556, 4.8242251068586484e-05, 5.5585111113032326e-05, 5.9736554248956963e-05, 2.4322716853930615e-05, 1.7956381270778365e-05, 4.4808377424487844e-05, 2.796543594740797e-05, 3.885637124767527e-05, 4.001023626187816e-05, 3.917494905181229e-05, 1.648051147640217e-05, 1.3652932466357015e-05, 9.523435437586159e-06, 7.2474531407351606e-06, 4.15589192925836e-06, 6.217931058927206e-06, 5.728136784455273e-06, 2.8562899387907237e-06, 1.6872422747837845e-06, 1.4829686278972076e-06, 1.8166484778703307e-06, 1.4405815136342426e-06, 1.1183931292180205e-06, 9.659854640631238e-07, 7.771167815917579e-07, 6.13464408161235e-07, 3.9386245020978095e-07, 2.7409140557210776e-07, 2.534501959416957e-07], "lowlevel.melbands.stdev": [0.0009134481661021709, 0.0029027715791016817, 0.004098500590771437, 0.0024169269017875195, 0.00041718134889379144, 0.0005286445375531912, 0.00036252886638976634, 6.470356311183423e-05, 0.00014132510113995522, 0.00017124752048403025, 0.0003588440304156393, 6.543008203152567e-05, 0.00014998306869529188, 0.0001331251987721771, 5.2038947615073994e-05, 3.787460445892066e-05, 9.193129517370835e-05, 4.1161838453263044e-05, 7.86317468737252e-05, 7.714121602475643e-05, 6.452996603911743e-05, 2.3802960640750825e-05, 1.7749836842995137e-05, 1.0161845239053946e-05, 1.0575869964668527e-05, 4.4129205889476e-06, 6.997387572482694e-06, 6.5594076659181155e-06, 3.920574727089843e-06, 2.7966127618128667e-06, 2.722813633226906e-06, 4.021062522951979e-06, 2.7577402761380654e-06, 1.937677552632522e-06, 1.6096983017632738e-06, 1.2885185469713178e-06, 1.2749535471812123e-06, 8.401778472943988e-07, 5.718288207390287e-07, 5.724660923078773e-07], "lowlevel.melbands128.mean": [1.8144008208764717e-05, 0.0001450335985282436, 0.0005935123772360384, 0.0008010322926566005, 0.004424653947353363, 0.011814613826572895, 0.007213556207716465, 0.003350190119817853, 0.002684035338461399, 0.0006752911140210927, 0.0002576235856395215, 0.00021111353999003768, 0.00021035537065472454, 0.0003216615878045559, 0.00033483360311947763, 0.0006092458497732878, 0.0004067125846631825, 9.206846152665094e-05, 4.153818008489907e-05, 4.449418338481337e-05, 4.430451735970564e-05, 2.480393959558569e-05, 5.507413516170345e-05, 7.720656140008941e-05, 6.730853056069463e-05, 8.135940151987597e-05, 0.00020925125863868743, 0.00029017566703259945, 0.00010541338997427374, 4.954554242431186e-05, 2.7976038836641237e-05, 3.672056845971383e-05, 8.684401109348983e-05, 3.495880446280353e-05, 4.780965900863521e-05, 8.093987707979977e-05, 5.938551475992426e-05, 1.551168861624319e-05, 9.427918485016562e-06, 8.846978744259104e-06, 1.5016874385764822e-05, 3.8659134588669986e-05, 4.379633901407942e-05, 5.884578058612533e-05, 2.883619163185358e-05, 2.4548382498323917e-05, 1.9698207324836403e-05, 2.8121568902861327e-05, 4.796585562871769e-05, 6.93515976308845e-05, 2.4596749426564202e-05, 3.0111354135442525e-05, 5.097388566355221e-05, 3.745256981346756e-05, 2.2523901861859486e-05, 1.3603053048427682e-05, 1.2439403690223116e-05, 1.5100391465239227e-05, 1.4469470443145838e-05, 1.0939348612737376e-05, 7.729173375992104e-06, 9.96892686089268e-06, 9.478586434852332e-06, 6.089577254897449e-06, 4.078826350450981e-06, 3.5585039768193383e-06, 4.497319423535373e-06, 5.552712536882609e-06, 6.492233296739869e-06, 7.348851340793772e-06, 6.605515409319196e-06, 4.306076334614772e-06, 3.785806256928481e-06, 2.421793624307611e-06, 2.103297447320074e-06, 1.827593791858817e-06, 1.4334679008243256e-06, 1.339053255833278e-06, 1.447105205443222e-06, 1.5728960534033831e-06, 2.0772592961293412e-06, 1.8483104895494762e-06, 1.4873917280056048e-06, 1.4784092172703822e-06, 1.3010038628635812e-06, 1.165933440461231e-06, 1.024236894409114e-06, 1.0722853858169401e-06, 9.485295890954148e-07, 9.372957947562099e-07, 8.408160283579491e-07, 7.6064833365308e-07, 5.982733455311973e-07, 6.608310059164069e-07, 6.001992574056203e-07, 4.357438285751414e-07, 3.6145007697996334e-07, 3.1099025932235236e-07, 2.388167956723919e-07, 2.786003392429848e-07, 2.975996267196024e-07, 2.468805178068578e-07, 2.069517535119303e-07, 1.8778582955292222e-07, 1.6165897420705733e-07, 1.6792797907783097e-07, 1.7415572983736638e-07, 1.6425013882326311e-07, 1.317454092486514e-07, 1.1942904620809713e-07, 8.346820834503887e-08, 5.071521869126627e-08, 3.8625547205128896e-08, 2.0555120272547356e-08, 6.7181007423755545e-09, 2.2114177156140613e-09, 9.145024182366512e-10, 1.688720274728439e-10, 1.2572176806557867e-11, 4.942885076936188e-12, 4.818472877643476e-12, 4.72355097744237e-12, 4.625920306533526e-12, 4.542415922570431e-12, 4.453451062785829e-12, 4.347354941314219e-12, 4.282715241471502e-12, 4.255587202073308e-12], "lowlevel.melbands128.stdev": [2.88094743154943e-05, 0.0003552050911821425, 0.0015046788612380624, 0.0017967259045690298, 0.0030137684661895037, 0.005946088116616011, 0.004897424019873142, 0.0053673963993787766, 0.006570838391780853, 0.0021664106752723455, 0.0005972135695628822, 0.0003577495808713138, 0.0005808691494166851, 0.0007107040728442371, 0.0005458532832562923, 0.001012791646644473, 0.0008194285910576582, 0.00027498119743540883, 0.0001262497971765697, 7.714727689744905e-05, 8.752474241191521e-05, 4.2953492084052414e-05, 0.00022371984960045666, 0.00023890924057923257, 0.00018475731485523283, 0.000274636346148327, 0.0004591230826918036, 0.0006638963241130114, 0.00021454067609738559, 0.00010363660112489015, 6.548812962137163e-05, 0.00011834759061457589, 0.00029229107894934714, 9.314524504588917e-05, 0.00014337031461764127, 0.00023013513418845832, 0.00017716085130814463, 3.641069633886218e-05, 3.571270644897595e-05, 2.2307482140604407e-05, 3.51781454810407e-05, 0.00012735619384329766, 0.00013620081881526858, 0.00015930659719742835, 6.714028131682426e-05, 4.828844976145774e-05, 5.0604376156115904e-05, 7.929871208034456e-05, 0.000132368179038167, 0.0002189545484725386, 6.753220804966986e-05, 5.3969575674273074e-05, 0.00011288974928902462, 8.055751823121682e-05, 5.5653672461630777e-05, 2.3626071197213605e-05, 1.9098481061519124e-05, 3.1513500289293006e-05, 2.4912174922064878e-05, 1.703823909338098e-05, 9.793685421755072e-06, 2.009872332564555e-05, 1.8655211533769034e-05, 1.1458559129096102e-05, 5.192905973672168e-06, 4.025348971481435e-06, 7.380639090115437e-06, 7.773512152198236e-06, 9.093644621316344e-06, 1.0133315299754031e-05, 9.465911716688424e-06, 5.927482106926618e-06, 5.946467808826128e-06, 3.823944098257925e-06, 3.6960868783353362e-06, 3.2808102332637645e-06, 2.676055146366707e-06, 2.6101658932020655e-06, 2.790141024888726e-06, 3.394846544324537e-06, 5.294163202052005e-06, 4.518283276411239e-06, 3.3394676393072587e-06, 2.8969197956030257e-06, 2.6431650894664926e-06, 2.1438327166833915e-06, 1.870989649432886e-06, 1.998018205995322e-06, 1.725261199680972e-06, 1.6040330592659302e-06, 1.496061599937093e-06, 1.3588447700385586e-06, 1.1639522199402563e-06, 1.5323691968660569e-06, 1.4553301070918678e-06, 9.654960422267322e-07, 8.085086733444768e-07, 7.545261269115144e-07, 5.228330905993062e-07, 5.990102636133088e-07, 6.493551722996926e-07, 6.743673566234065e-07, 5.087537147119292e-07, 4.738376730983873e-07, 4.865183313995658e-07, 4.990861270925961e-07, 5.414391921476636e-07, 4.846483534493018e-07, 4.50939239726722e-07, 4.293862616577826e-07, 2.825378544457635e-07, 2.0935762279350456e-07, 1.74991740209407e-07, 9.244403997854533e-08, 2.16196447411221e-08, 1.0468299116439539e-08, 4.301490275082642e-09, 1.6012551284916299e-09, 2.1766476121509726e-10, 6.769729742062136e-12, 6.602019712170781e-12, 6.456852413849745e-12, 6.3277282719154115e-12, 6.219115934041897e-12, 6.130106405127789e-12, 6.055908812613309e-12, 6.002883086442257e-12, 5.970150155493181e-12], "lowlevel.mfcc.mean": [-650.9847412109375, 137.8693389892578, -9.313563346862793, 33.666202545166016, 19.12179183959961, 7.003971576690674, 0.9496271014213562, 8.634015083312988, 0.9665479063987732, 5.29204797744751, -13.623316764831543, -9.349584579467773, -4.947722911834717], "lowlevel.spectral_contrast_coeffs.mean": [-0.5849615931510925, -0.7408899068832397, -0.7481719851493835, -0.7781325578689575, -0.7901816368103027, -0.7699612975120544], "lowlevel.spectral_contrast_coeffs.stdev": [0.07014206796884537, 0.07539375871419907, 0.06688328087329865, 0.0526541993021965, 0.038380932062864304, 0.03666579723358154], "lowlevel.spectral_contrast_valleys.mean": [-6.809144020080566, -7.0456671714782715, -7.400243759155273, -7.4311089515686035, -7.536066055297852, -10.736298561096191], "lowlevel.spectral_contrast_valleys.stdev": [0.5895407199859619, 0.4355781674385071, 0.37756264209747314, 0.36073949933052063, 0.5217504501342773, 0.8916191458702087], "rhythm.beats_loudness_band_ratio.mean": [0.8521285057067871, 0.19206097722053528, 0.033053744584321976, 0.023621691390872, 0.02884596399962902, 0.024316320195794106], "rhythm.beats_loudness_band_ratio.stdev": [0.061167243868112564, 0.059835705906152725, 0.02815462462604046, 0.021800216287374496, 0.018364740535616875, 0.012283235788345337], "tonal.hpcp.mean": [0.012462228536605835, 0.008017498068511486, 0.010931232012808323, 0.01612275280058384, 0.02960485778748989, 0.19750063121318817, 0.4601433575153351, 0.34376704692840576, 0.27771833539009094, 0.40858402848243713, 0.21146824955940247, 0.0417262464761734, 0.03913870453834534, 0.03457532078027725, 0.032298386096954346, 0.03175724670290947, 0.028896242380142212, 0.02718709595501423, 0.029943132773041725, 0.026455651968717575, 0.029285481199622154, 0.03481186181306839, 0.02721286378800869, 0.01977144181728363, 0.02058369480073452, 0.05143428593873978, 0.11457884311676025, 0.12605737149715424, 0.08124131709337234, 0.06177837774157524, 0.0755368247628212, 0.06031861901283264, 0.022205695509910583, 0.010177006013691425, 0.009967746213078499, 0.013174599967896938], "tonal.hpcp.stdev": [0.03891276568174362, 0.033536940813064575, 0.06688415259122849, 0.08736922591924667, 0.12459539622068405, 0.2716508209705353, 0.45681309700012207, 0.36245197057724, 0.31312546133995056, 0.4623335599899292, 0.2783564031124115, 0.14071905612945557, 0.1314326524734497, 0.0977703183889389, 0.10833008587360382, 0.09939775615930557, 0.08907848596572876, 0.09199656546115875, 0.0996389240026474, 0.09401894360780716, 0.09789114445447922, 0.09528530389070511, 0.08476558327674866, 0.08017530292272568, 0.07241666316986084, 0.1404295265674591, 0.25102394819259644, 0.2389104813337326, 0.16787904500961304, 0.13531050086021423, 0.15658478438854218, 0.13438677787780762, 0.06423551589250565, 0.03668709099292755, 0.02945338748395443, 0.03417584300041199], "rhythm.beats_position": [0.5688889026641846, 1.160997748374939, 1.7414965629577637, 2.3336052894592285, 2.9257142543792725, 3.529433012008667, 4.133152008056641, 4.7600908279418945, 5.375419616699219, 5.990748405456543, 6.617686748504639, 7.244625568389893, 7.859954357147217, 8.4752836227417, 9.090612411499023, 9.705941200256348, 10.321269989013672, 10.948208808898926, 11.56353759765625, 12.178866386413574, 12.794195175170898, 13.421133995056152, 14.036462783813477, 14.663400650024414, 15.278729438781738, 15.905668258666992, 16.532608032226562, 17.1595458984375, 17.77487564086914, 18.39020347595215, 19.01714324951172, 19.632471084594727, 20.259410858154297, 20.874738693237305, 21.478458404541016, 22.093786239624023, 22.709115982055664, 23.3360538482666, 23.962993621826172, 24.58993148803711, 25.216869354248047, 25.832199096679688, 26.447526931762695, 27.062856674194336, 27.678184509277344, 28.305124282836914, 28.908842086791992, 29.512561798095703, 30.127891540527344, 30.74321937561035, 31.358549118041992, 31.973876953125, 32.58920669555664, 33.20453643798828, 33.819862365722656, 34.4351921081543, 35.038909912109375, 35.654239654541016, 36.269569396972656, 36.873287200927734, 37.47700500488281, 38.103946685791016, 38.707664489746094, 39.31138229370117], "rhythm.bpm_histogram": [0.0, 0.0, 0.0, 0.0, 0.0, 0.0, 0.0, 0.0, 0.0, 0.0, 0.0, 0.0, 0.0, 0.0, 0.0, 0.0, 0.0, 0.0, 0.0, 0.0, 0.0, 0.0, 0.0, 0.0, 0.0, 0.0, 0.0, 0.0, 0.0, 0.0, 0.0, 0.0, 0.0, 0.0, 0.0, 0.0, 0.0, 0.0, 0.0, 0.0, 0.0, 0.0, 0.0, 0.0, 0.0, 0.0, 0.0, 0.0, 0.0, 0.0, 0.0, 0.0, 0.0, 0.0, 0.0, 0.0, 0.0, 0.0, 0.0, 0.0, 0.0, 0.0, 0.0, 0.0, 0.0, 0.0, 0.0, 0.0, 0.0, 0.0, 0.0, 0.0, 0.0, 0.0, 0.0, 0.0, 0.0, 0.0, 0.0, 0.0, 0.0, 0.0, 0.0, 0.0, 0.0, 0.0, 0.0, 0.0, 0.0, 0.0, 0.0, 0.0, 0.0, 0.0, 0.0, 0.0, 0.2698412835597992, 0.0, 0.5079365372657776, 0.1587301641702652, 0.0, 0.0476190485060215, 0.0, 0.01587301678955555, 0.0, 0.0, 0.0, 0.0, 0.0, 0.0, 0.0, 0.0, 0.0, 0.0, 0.0, 0.0, 0.0, 0.0, 0.0, 0.0, 0.0, 0.0, 0.0, 0.0, 0.0, 0.0, 0.0, 0.0, 0.0, 0.0, 0.0, 0.0, 0.0, 0.0, 0.0, 0.0, 0.0, 0.0, 0.0, 0.0, 0.0, 0.0, 0.0, 0.0, 0.0, 0.0, 0.0, 0.0, 0.0, 0.0, 0.0, 0.0, 0.0, 0.0, 0.0, 0.0, 0.0, 0.0, 0.0, 0.0, 0.0, 0.0, 0.0, 0.0, 0.0, 0.0, 0.0, 0.0, 0.0, 0.0, 0.0, 0.0, 0.0, 0.0, 0.0, 0.0, 0.0, 0.0, 0.0, 0.0, 0.0, 0.0, 0.0, 0.0, 0.0, 0.0, 0.0, 0.0, 0.0, 0.0, 0.0, 0.0, 0.0, 0.0, 0.0, 0.0, 0.0, 0.0, 0.0, 0.0, 0.0, 0.0, 0.0, 0.0, 0.0, 0.0, 0.0, 0.0, 0.0, 0.0, 0.0, 0.0, 0.0, 0.0, 0.0, 0.0, 0.0, 0.0, 0.0, 0.0, 0.0, 0.0, 0.0, 0.0, 0.0, 0.0, 0.0, 0.0, 0.0, 0.0, 0.0, 0.0, 0.0, 0.0, 0.0, 0.0, 0.0, 0.0, 0.0, 0.0, 0.0, 0.0, 0.0, 0.0, 0.0, 0.0, 0.0, 0.0, 0.0, 0.0], "tonal.chords_histogram": [10.385064125061035, 21.00349998474121, 10.851808547973633, 0.0, 0.0, 0.0, 0.0, 5.7176194190979, 3.2672111988067627, 26.837806701660156, 0.0, 6.534422397613525, 0.0, 0.0, 0.0, 0.0, 10.268378257751465, 0.0, 0.0, 0.0, 0.0, 0.11668611317873001, 0.9334889054298401, 4.084013938903809], "tonal.thpcp": [1.0, 0.7470868229866028, 0.6035473942756653, 0.8879494071006775, 0.45957034826278687, 0.09068097174167633, 0.08505763113498688, 0.0751403272151947, 0.07019200921058655, 0.0690159872174263, 0.06279834359884262, 0.0590839684009552, 0.06507349014282227, 0.05749436840415001, 0.06364425271749496, 0.07565438002347946, 0.05913996696472168, 0.04296800494194031, 0.04473322257399559, 0.11177883297204971, 0.24900683760643005, 0.2739523947238922, 0.1765565425157547, 0.13425898551940918, 0.16415932774543762, 0.1310865730047226, 0.048258211463689804, 0.02211703360080719, 0.021662263199687004, 0.028631512075662613, 0.02708336152136326, 0.01742391288280487, 0.02375614456832409, 0.0350385420024395, 0.0643383339047432, 0.4292154312133789], "lowlevel.gfcc.cov": [[1566.6497802734375, -921.157470703125, 241.94473266601562, 237.81192016601562, -384.9662780761719, 100.15221405029297, -168.04856872558594, -86.4769287109375, -202.5116424560547, 141.89967346191406, -240.6111297607422, 116.25726318359375, -194.29913330078125], [-921.157470703125, 1220.53466796875, -381.4788513183594, -219.4071502685547, 391.80010986328125, -180.42608642578125, 190.16506958007812, -6.955122470855713, 173.85723876953125, -177.22225952148438, 328.58245849609375, -164.2665557861328, 223.24566650390625], [241.94473266601562, -381.4788513183594, 341.9986877441406, 83.24698638916016, -141.90748596191406, 41.39165115356445, -72.23753356933594, -25.332080841064453, -61.789466857910156, 71.63189697265625, -127.4088363647461, 89.69792938232422, -79.88263702392578], [237.81192016601562, -219.4071502685547, 83.24698638916016, 178.77572631835938, -61.354740142822266, 0.7529911994934082, -34.94401550292969, -3.2481703758239746, -11.036357879638672, 28.483274459838867, -52.820316314697266, 31.198970794677734, -7.7850446701049805], [-384.9662780761719, 391.80010986328125, -141.90748596191406, -61.354740142822266, 256.5790710449219, -24.954103469848633, 56.071041107177734, 43.39051818847656, 90.8421859741211, -64.16987609863281, 95.9260025024414, -72.78679656982422, 78.27962493896484], [100.15221405029297, -180.42608642578125, 41.39165115356445, 0.7529911994934082, -24.954103469848633, 159.72686767578125, 45.33918380737305, 7.191763877868652, -24.340599060058594, 28.20559310913086, -35.46540451049805, 1.9874883890151978, -44.1522216796875], [-168.04856872558594, 190.16506958007812, -72.23753356933594, -34.94401550292969, 56.071041107177734, 45.33918380737305, 151.9926300048828, 2.6826531887054443, 3.628458261489868, -43.48247146606445, 53.50019454956055, -47.52092361450195, 15.76096248626709], [-86.4769287109375, -6.955122470855713, -25.332080841064453, -3.2481703758239746, 43.39051818847656, 7.191763877868652, 2.6826531887054443, 104.67456817626953, 50.94210433959961, -6.747979164123535, 1.6701328754425049, -10.407197952270508, 17.918176651000977], [-202.5116424560547, 173.85723876953125, -61.789466857910156, -11.036357879638672, 90.8421859741211, -24.340599060058594, 3.628458261489868, 50.94210433959961, 120.86408233642578, 2.4758284091949463, 43.89938735961914, -28.428361892700195, 45.40099334716797], [141.89967346191406, -177.22225952148438, 71.63189697265625, 28.483274459838867, -64.16987609863281, 28.20559310913086, -43.48247146606445, -6.747979164123535, 2.4758284091949463, 99.58302307128906, -22.97458267211914, 38.32837677001953, -40.514286041259766], [-240.6111297607422, 328.58245849609375, -127.4088363647461, -52.820316314697266, 95.9260025024414, -35.46540451049805, 53.50019454956055, 1.6701328754425049, 43.89938735961914, -22.97458267211914, 159.2401123046875, -23.51500129699707, 60.3641471862793], [116.25726318359375, -164.2665557861328, 89.69792938232422, 31.198970794677734, -72.78679656982422, 1.9874883890151978, -47.52092361450195, -10.407197952270508, -28.428361892700195, 38.32837677001953, -23.51500129699707, 92.9896011352539, -13.012365341186523], [-194.29913330078125, 223.24566650390625, -79.88263702392578, -7.7850446701049805, 78.27962493896484, -44.1522216796875, 15.76096248626709, 17.918176651000977, 45.40099334716797, -40.514286041259766, 60.3641471862793, -13.012365341186523, 100.81260681152344]], "lowlevel.gfcc.icov": [[0.0016678825486451387, -0.0007224197033792734, 0.0009517922881059349, -0.002070891670882702, 0.0012884477619081736, -0.0011576104443520308, 0.0016339407302439213, -0.0003223188396077603, 0.0018753602635115385, -0.0008449101005680859, 0.001142887631431222, -0.0002904199354816228, 0.0017970456974580884], [-0.0007224197033792734, 0.017807908356189728, -0.0030945553444325924, 0.011185266077518463, -0.007695173379033804, 0.012766855768859386, -0.011522266082465649, 0.012254870496690273, -0.011641464196145535, 0.007175777107477188, -0.014908542856574059, 0.008666867390275002, -0.013053691014647484], [0.0009517922881059349, -0.0030945553444325924, 0.006998786702752113, -0.003737988881766796, 0.001635560067370534, -0.0026340982876718044, 0.002397684846073389, -0.0014024308184161782, 0.002818361623212695, -0.0026854481548070908, 0.00604734243825078, -0.005592587403953075, 0.004703732673078775], [-0.002070891670882702, 0.011185266077518463, -0.003737988881766796, 0.015627244487404823, -0.004836978856474161, 0.009016263298690319, -0.008523470722138882, 0.007501478772610426, -0.009008017368614674, 0.003767829155549407, -0.008060447871685028, 0.005227398127317429, -0.011739795096218586], [0.0012884477619081736, -0.007695173379033804, 0.001635560067370534, -0.004836978856474161, 0.012697054073214531, -0.007021413184702396, 0.0061463164165616035, -0.00582414073869586, 0.0017539551481604576, -8.946550224209204e-05, 0.004162783734500408, -0.00036506372271105647, 0.004220905248075724], [-0.0011576104443520308, 0.012766855768859386, -0.0026340982876718044, 0.009016263298690319, -0.007021413184702396, 0.019194617867469788, -0.013726916164159775, 0.006968679837882519, -0.006952092982828617, 0.0011094389483332634, -0.008279350586235523, 0.005596819333732128, -0.007871126756072044], [0.0016339407302439213, -0.011522266082465649, 0.002397684846073389, -0.008523470722138882, 0.0061463164165616035, -0.013726916164159775, 0.020185435190796852, -0.007502471562474966, 0.008947862312197685, -0.000371979724150151, 0.0054532005451619625, -0.001652799197472632, 0.009641983546316624], [-0.0003223188396077603, 0.012254870496690273, -0.0014024308184161782, 0.007501478772610426, -0.00582414073869586, 0.006968679837882519, -0.007502471562474966, 0.021479275077581406, -0.014066832140088081, 0.006777165923267603, -0.008208874613046646, 0.004344499669969082, -0.008826857432723045], [0.0018753602635115385, -0.011641464196145535, 0.002818361623212695, -0.009008017368614674, 0.0017539551481604576, -0.006952092982828617, 0.008947862312197685, -0.014066832140088081, 0.02631649188697338, -0.012624925933778286, 0.009510168805718422, -0.0017630707006901503, 0.0047789025120437145], [-0.0008449101005680859, 0.007175777107477188, -0.0026854481548070908, 0.003767829155549407, -8.946550224209204e-05, 0.0011094389483332634, -0.000371979724150151, 0.006777165923267603, -0.012624925933778286, 0.02339889295399189, -0.0103091886267066, -0.0004010937118437141, 0.0012633464066311717], [0.001142887631431222, -0.014908542856574059, 0.00604734243825078, -0.008060447871685028, 0.004162783734500408, -0.008279350586235523, 0.0054532005451619625, -0.008208874613046646, 0.009510168805718422, -0.0103091886267066, 0.0262630395591259, -0.010729178786277771, 0.0075981104746460915], [-0.0002904199354816228, 0.008666867390275002, -0.005592587403953075, 0.005227398127317429, -0.00036506372271105647, 0.005596819333732128, -0.001652799197472632, 0.004344499669969082, -0.0017630707006901503, -0.0004010937118437141, -0.010729178786277771, 0.024632791057229042, -0.011322462931275368], [0.0017970456974580884, -0.013053691014647484, 0.004703732673078775, -0.011739795096218586, 0.004220905248075724, -0.007871126756072044, 0.009641983546316624, -0.008826857432723045, 0.0047789025120437145, 0.0012633464066311717, 0.0075981104746460915, -0.011322462931275368, 0.030791614204645157]], "lowlevel.mfcc.cov": [[1584.861328125, -921.9806518554688, 345.7010192871094, 56.06303024291992, -176.81936645507812, 129.67481994628906, -99.52532958984375, -112.59552001953125, -72.04668426513672, -95.90773010253906, 4.2962799072265625, -45.73361587524414, -69.07225036621094], [-921.9806518554688, 1194.477783203125, -481.9674377441406, -0.8828311562538147, 157.6709747314453, -128.8838653564453, 129.3892364501953, 72.31153869628906, -28.119766235351562, 112.82067108154297, -15.108417510986328, 26.21807098388672, 66.84107208251953], [345.7010192871094, -481.9674377441406, 399.8084411621094, 17.51023292541504, -104.21907043457031, 87.9402847290039, -70.13593292236328, -49.859981536865234, 5.366339683532715, -89.96293640136719, 12.513554573059082, -7.9482502937316895, -30.866641998291016], [56.06303024291992, -0.8828311562538147, 17.51023292541504, 150.33250427246094, 20.746814727783203, -19.057687759399414, -30.29083824157715, -10.357275009155273, 6.52048397064209, -12.195111274719238, -22.058940887451172, -3.219101667404175, 9.404056549072266], [-176.81936645507812, 157.6709747314453, -104.21907043457031, 20.746814727783203, 168.7549591064453, -48.25570297241211, -11.599802017211914, 22.51627540588379, 39.06534194946289, 43.69526290893555, -0.14315475523471832, 11.047248840332031, 24.53763198852539], [129.67481994628906, -128.8838653564453, 87.9402847290039, -19.057687759399414, -48.25570297241211, 139.7136688232422, 29.20228385925293, -11.16523551940918, 0.6351829171180725, -13.054648399353027, 34.658119201660156, -2.754331111907959, -24.371946334838867], [-99.52532958984375, 129.3892364501953, -70.13593292236328, -30.29083824157715, -11.599802017211914, 29.20228385925293, 129.27488708496094, 45.51400375366211, -13.291708946228027, 23.297704696655273, 6.42724609375, -0.0393582284450531, 11.875608444213867], [-112.59552001953125, 72.31153869628906, -49.859981536865234, -10.357275009155273, 22.51627540588379, -11.16523551940918, 45.51400375366211, 83.06204223632812, 33.06037902832031, 23.696435928344727, -1.671633243560791, 4.245903015136719, 11.979167938232422], [-72.04668426513672, -28.119766235351562, 5.366339683532715, 6.52048397064209, 39.06534194946289, 0.6351829171180725, -13.291708946228027, 33.06037902832031, 93.94851684570312, 32.0270881652832, 7.833266735076904, -4.514332294464111, -3.904362440109253], [-95.90773010253906, 112.82067108154297, -89.96293640136719, -12.195111274719238, 43.69526290893555, -13.054648399353027, 23.297704696655273, 23.696435928344727, 32.0270881652832, 106.15601348876953, 26.446508407592773, 2.2710773944854736, 6.63077449798584], [4.2962799072265625, -15.108417510986328, 12.513554573059082, -22.058940887451172, -0.14315475523471832, 34.658119201660156, 6.42724609375, -1.671633243560791, 7.833266735076904, 26.446508407592773, 83.47172546386719, 22.248708724975586, -18.393768310546875], [-45.73361587524414, 26.21807098388672, -7.9482502937316895, -3.219101667404175, 11.047248840332031, -2.754331111907959, -0.0393582284450531, 4.245903015136719, -4.514332294464111, 2.2710773944854736, 22.248708724975586, 67.92640686035156, 29.674297332763672], [-69.07225036621094, 66.84107208251953, -30.866641998291016, 9.404056549072266, 24.53763198852539, -24.371946334838867, 11.875608444213867, 11.979167938232422, -3.904362440109253, 6.63077449798584, -18.393768310546875, 29.674297332763672, 83.74282836914062]], "lowlevel.mfcc.icov": [[0.0014262202894315124, 0.0011806120164692402, 0.0003670392034109682, -0.0007040764903649688, 0.00027029673219658434, -0.0005250772228464484, 0.00023373386648017913, 0.0002732905850280076, 0.0014984188601374626, -0.0004907530383206904, -3.3882827210618416e-06, 0.0005192941753193736, 6.809691694797948e-05], [0.0011806120164692402, 0.0027824232820421457, 0.0019898659083992243, -0.0008717637392692268, -0.00035830610431730747, 0.0001433889556210488, -0.0008664270280860364, 0.00029462092788890004, 0.0017976727103814483, -0.000503457267768681, -0.00018821362755261362, 0.00023883473477326334, -0.00019057723693549633], [0.0003670392034109682, 0.0019898659083992243, 0.006460566073656082, -0.0008554309606552124, 0.001675692037679255, -0.0019087485270574689, 0.0014445227570831776, 0.0007107764249667525, -0.0010508036939427257, 0.002872943179681897, -0.001273753005079925, 0.0004327087081037462, -0.0008707679808139801], [-0.0007040764903649688, -0.0008717637392692268, -0.0008554309606552124, 0.007838943041861057, -0.0010528237326070666, 0.000467501871753484, 0.0010660013649612665, 0.00047298718709498644, -0.001255188137292862, 0.0006285547278821468, 0.001626466982997954, -9.161400521406904e-05, -0.0005733675789088011], [0.00027029673219658434, -0.00035830610431730747, 0.001675692037679255, -0.0010528237326070666, 0.009344411082565784, 0.000852098863106221, 0.0019864686764776707, -0.00019470389815978706, -0.00315245334059, -0.0009404661250300705, -0.0008379961363971233, -0.00016801593301352113, -0.001696116873063147], [-0.0005250772228464484, 0.0001433889556210488, -0.0019087485270574689, 0.000467501871753484, 0.000852098863106221, 0.012037280015647411, -0.0055273291654884815, 0.0029092729091644287, -0.0025407830253243446, 0.0011764775263145566, -0.003952231723815203, 0.0001182112391688861, 0.0011960691772401333], [0.00023373386648017913, -0.0008664270280860364, 0.0014445227570831776, 0.0010660013649612665, 0.0019864686764776707, -0.0055273291654884815, 0.015408250503242016, -0.008892590180039406, 0.004908404313027859, -0.0017724140780046582, -0.00012331873585935682, 0.0021232510916888714, -0.002216892782598734], [0.0002732905850280076, 0.00029462092788890004, 0.0007107764249667525, 0.00047298718709498644, -0.00019470389815978706, 0.0029092729091644287, -0.008892590180039406, 0.021479249000549316, -0.008952622301876545, 0.0006946732755750418, 0.001004738500341773, -0.001833930960856378, -0.00031047515221871436], [0.0014984188601374626, 0.0017976727103814483, -0.0010508036939427257, -0.001255188137292862, -0.00315245334059, -0.0025407830253243446, 0.004908404313027859, -0.008952622301876545, 0.019755752757191658, -0.005806465167552233, 0.0002135755494236946, 0.0021021610591560602, 0.0010063875233754516], [-0.0004907530383206904, -0.000503457267768681, 0.002872943179681897, 0.0006285547278821468, -0.0009404661250300705, 0.0011764775263145566, -0.0017724140780046582, 0.0006946732755750418, -0.005806465167552233, 0.01619778946042061, -0.006362609099596739, 0.0024430614430457354, -0.002061129780486226], [-3.3882827210618416e-06, -0.00018821362755261362, -0.001273753005079925, 0.001626466982997954, -0.0008379961363971233, -0.003952231723815203, -0.00012331873585935682, 0.001004738500341773, 0.0002135755494236946, -0.006362609099596739, 0.020243830978870392, -0.009451363235712051, 0.006773686967790127], [0.0005192941753193736, 0.00023883473477326334, 0.0004327087081037462, -9.161400521406904e-05, -0.00016801593301352113, 0.0001182112391688861, 0.0021232510916888714, -0.001833930960856378, 0.0021021610591560602, 0.0024430614430457354, -0.009451363235712051, 0.022572508081793785, -0.009717618115246296], [6.809691694797948e-05, -0.00019057723693549633, -0.0008707679808139801, -0.0005733675789088011, -0.001696116873063147, 0.0011960691772401333, -0.002216892782598734, -0.00031047515221871436, 0.0010063875233754516, -0.002061129780486226, 0.006773686967790127, -0.009717618115246296, 0.018238278105854988]], "metadata.audio_properties.analysis.downmix": "mix", "metadata.audio_properties.codec": "mp3", "metadata.audio_properties.md5_encoded": "9181214981de509e1c6b5593e3a7293c", "metadata.tags.file_name": "1183720240576745574.mp3", "metadata.version.essentia": "2.1-beta6-dev", "metadata.version.essentia_git_sha": "v2.1_beta5-1110-g77a6a954", "metadata.version.extractor": "music 2.0", "tonal.chords_key": "B", "tonal.chords_scale": "major", "tonal.key_edma.key": "E", "tonal.key_edma.s