{"song_id": "1183650270593433692", "download": "https://cdn.discordapp.com/attachments/1135903449314238464/1183650270593433692/chirp.mp4?ex=65891b37&amp", "lyrics": "He was a little man, Pirouette Peanut, He was a little man, Who had a funny house Who had a funny His house is made of cardboard, Pirouette Peanut, His house is made of cardboard, The stairs are made of paper The stairs are made of paper If you want to go up there, Pirouette Peanut, If you want to go up there You will break the tip of your nose You will break the tip of your nose The postman got in there, Pirouette Peanut, The postman got in there, He broke the tip of his nose He broke the tip of his nose", "style": ["trap"], "essentia_features": {"lowlevel.average_loudness": 0.8729373216629028, "lowlevel.barkbands_crest.mean": 15.01887321472168, "lowlevel.barkbands_crest.stdev": 5.097776889801025, "lowlevel.barkbands_flatness_db.mean": 0.2531428933143616, "lowlevel.barkbands_flatness_db.stdev": 0.1093052551150322, "lowlevel.barkbands_kurtosis.mean": 38.346649169921875, "lowlevel.barkbands_kurtosis.stdev": 70.57987213134766, "lowlevel.barkbands_skewness.mean": 3.516324758529663, "lowlevel.barkbands_skewness.stdev": 3.401538610458374, "lowlevel.barkbands_spread.mean": 15.548529624938965, "lowlevel.barkbands_spread.stdev": 17.344982147216797, "lowlevel.dissonance.mean": 0.4433199167251587, "lowlevel.dissonance.stdev": 0.05039023235440254, "lowlevel.dynamic_complexity": 3.4926974773406982, "lowlevel.erbbands_crest.mean": 12.40083122253418, "lowlevel.erbbands_crest.stdev": 6.052236557006836, "lowlevel.erbbands_flatness_db.mean": 0.19787824153900146, "lowlevel.erbbands_flatness_db.stdev": 0.06110706925392151, "lowlevel.erbbands_kurtosis.mean": 2.9115869998931885, "lowlevel.erbbands_kurtosis.stdev": 6.020848751068115, "lowlevel.erbbands_skewness.mean": 0.8815061450004578, "lowlevel.erbbands_skewness.stdev": 1.4196468591690063, "lowlevel.erbbands_spread.mean": 42.793521881103516, "lowlevel.erbbands_spread.stdev": 30.572338104248047, "lowlevel.hfc.mean": 21.76125717163086, "lowlevel.hfc.stdev": 24.59745216369629, "lowlevel.loudness_ebu128.integrated": -13.329268455505371, "lowlevel.loudness_ebu128.loudness_range": 1.4808940887451172, "lowlevel.loudness_ebu128.momentary.mean": -13.70277214050293, "lowlevel.loudness_ebu128.momentary.stdev": 2.0427939891815186, "lowlevel.loudness_ebu128.short_term.mean": -13.421024322509766, "lowlevel.loudness_ebu128.short_term.stdev": 0.5077685713768005, "lowlevel.melbands_crest.mean": 25.73918342590332, "lowlevel.melbands_crest.stdev": 10.206316947937012, "lowlevel.melbands_flatness_db.mean": 0.3013721704483032, "lowlevel.melbands_flatness_db.stdev": 0.14934663474559784, "lowlevel.melbands_kurtosis.mean": 140.80809020996094, "lowlevel.melbands_kurtosis.stdev": 302.0361328125, "lowlevel.melbands_skewness.mean": 6.532003879547119, "lowlevel.melbands_skewness.stdev": 6.816318988800049, "lowlevel.melbands_spread.mean": 19.151914596557617, "lowlevel.melbands_spread.stdev": 31.00384521484375, "lowlevel.pitch_salience.mean": 0.3911314010620117, "lowlevel.pitch_salience.stdev": 0.20744720101356506, "lowlevel.silence_rate_20dB.mean": 1.0, "lowlevel.silence_rate_20dB.stdev": 0.0, "lowlevel.silence_rate_30dB.mean": 0.7345864772796631, "lowlevel.silence_rate_30dB.stdev": 0.44155362248420715, "lowlevel.silence_rate_60dB.mean": 0.11578947305679321, "lowlevel.silence_rate_60dB.stdev": 0.3199727237224579, "lowlevel.spectral_centroid.mean": 1371.3231201171875, "lowlevel.spectral_centroid.stdev": 1009.4558715820312, "lowlevel.spectral_complexity.mean": 9.990225791931152, "lowlevel.spectral_complexity.stdev": 10.355239868164062, "lowlevel.spectral_decrease.mean": -1.510426805850784e-08, "lowlevel.spectral_decrease.stdev": 1.2928783377219588e-08, "lowlevel.spectral_energy.mean": 0.05898077413439751, "lowlevel.spectral_energy.stdev": 0.048934318125247955, "lowlevel.spectral_energyband_high.mean": 0.0013425274519249797, "lowlevel.spectral_energyband_high.stdev": 0.002317589009180665, "lowlevel.spectral_energyband_low.mean": 0.043459851294755936, "lowlevel.spectral_energyband_low.stdev": 0.05028688162565231, "lowlevel.spectral_energyband_middle_high.mean": 0.003718177555128932, "lowlevel.spectral_energyband_middle_high.stdev": 0.007546588778495789, "lowlevel.spectral_energyband_middle_low.mean": 0.010170898400247097, "lowlevel.spectral_energyband_middle_low.stdev": 0.014449830166995525, "lowlevel.spectral_entropy.mean": 7.554275035858154, "lowlevel.spectral_entropy.stdev": 0.637721836566925, "lowlevel.spectral_flux.mean": 0.08252618461847305, "lowlevel.spectral_flux.stdev": 0.05395769327878952, "lowlevel.spectral_kurtosis.mean": 3.6211495399475098, "lowlevel.spectral_kurtosis.stdev": 5.694082736968994, "lowlevel.spectral_rms.mean": 0.006611028220504522, "lowlevel.spectral_rms.stdev": 0.0037197466008365154, "lowlevel.spectral_rolloff.mean": 1521.4017333984375, "lowlevel.spectral_rolloff.stdev": 2365.8212890625, "lowlevel.spectral_skewness.mean": 1.3843059539794922, "lowlevel.spectral_skewness.stdev": 0.7828865647315979, "lowlevel.spectral_spread.mean": 5694973.5, "lowlevel.spectral_spread.stdev": 2096018.0, "lowlevel.spectral_strongpeak.mean": 1.0045191049575806, "lowlevel.spectral_strongpeak.stdev": 1.1837483644485474, "lowlevel.zerocrossingrate.mean": 0.054979369044303894, "lowlevel.zerocrossingrate.stdev": 0.06123390048742294, "metadata.audio_properties.analysis.equal_loudness": 0.0, "metadata.audio_properties.analysis.length": 30.84798240661621, "metadata.audio_properties.analysis.sample_rate": 44100.0, "metadata.audio_properties.analysis.start_time": 0.0, "metadata.audio_properties.bit_rate": 125277.0, "metadata.audio_properties.length": 30.847999572753906, "metadata.audio_properties.lossless": 0.0, "metadata.audio_properties.number_channels": 1.0, "metadata.audio_properties.replay_gain": -13.550142288208008, "metadata.audio_properties.sample_rate": 48000.0, "rhythm.beats_count": 78.0, "rhythm.beats_loudness.mean": 0.06464787572622299, "rhythm.beats_loudness.stdev": 0.04215972125530243, "rhythm.bpm": 155.02589416503906, "rhythm.bpm_histogram_first_peak_bpm": 157.0, "rhythm.bpm_histogram_first_peak_weight": 0.04166668653488159, "rhythm.bpm_histogram_second_peak_bpm": 152.0, "rhythm.bpm_histogram_second_peak_spread": 0.07692313194274902, "rhythm.bpm_histogram_second_peak_weight": 0.31168830394744873, "rhythm.danceability": 1.1917299032211304, "rhythm.onset_rate": 5.150476455688477, "tonal.chords_changes_rate": 0.12162162363529205, "tonal.chords_number_rate": 0.013513513840734959, "tonal.chords_strength.mean": 0.522375762462616, "tonal.chords_strength.stdev": 0.0862838476896286, "tonal.hpcp_crest.mean": 13.261539459228516, "tonal.hpcp_crest.stdev": 5.2951979637146, "tonal.hpcp_entropy.mean": 1.9773406982421875, "tonal.hpcp_entropy.stdev": 0.7185720801353455, "tonal.key_edma.strength": 0.6840027570724487, "tonal.key_krumhansl.strength": 0.67194664478302, "tonal.key_temperley.strength": 0.6575697660446167, "tonal.tuning_diatonic_strength": 0.5823712944984436, "tonal.tuning_equal_tempered_deviation": 0.20882967114448547, "tonal.tuning_frequency": 434.193115234375, "tonal.tuning_nontempered_energy_ratio": 0.8281333446502686, "lowlevel.barkbands.mean": [0.01072280015796423, 0.0322626568377018, 0.0009012751979753375, 0.0001329868973698467, 0.00019719311967492104, 0.000747051031794399, 0.004243666771799326, 0.002718857489526272, 0.0019257902167737484, 0.0008551449864171445, 0.0005961846327409148, 0.0006676946068182588, 0.0003850771172437817, 0.0002710891712922603, 0.0002214485575677827, 0.00020977886742912233, 0.00025510310661047697, 0.0001448267139494419, 0.000133162087877281, 9.740436507854611e-05, 0.0001743846369208768, 0.0002709365508053452, 0.0005308064864948392, 0.00020131791825406253, 8.676208381075412e-05, 2.7252568543190137e-05, 1.6242910305663827e-07], "lowlevel.barkbands.stdev": [0.012930006720125675, 0.03711068630218506, 0.0014444973785430193, 0.00036217705928720534, 0.00047053140588104725, 0.002127857878804207, 0.009807217866182327, 0.007452738005667925, 0.006392012350261211, 0.00359754404053092, 0.0017302711494266987, 0.0019142789533361793, 0.001147950068116188, 0.0006232426967471838, 0.0005126128671690822, 0.0005225419299677014, 0.0005870036548003554, 0.00044465428800322115, 0.000323089596349746, 0.0002709528780542314, 0.00032670292421244085, 0.00048757268814370036, 0.0011562361614778638, 0.0004335574631113559, 0.00016270371270366013, 6.115560245234519e-05, 7.733389679742686e-07], "lowlevel.erbbands.mean": [2.1616740226745605, 2.320831537246704, 0.944309413433075, 0.9490667581558228, 0.5546634793281555, 0.7269559502601624, 0.5882986783981323, 10.154759407043457, 63.091766357421875, 36.518348693847656, 76.83876037597656, 45.35765075683594, 22.89833641052246, 23.692916870117188, 29.99790382385254, 24.131616592407227, 16.81266975402832, 14.197766304016113, 13.319985389709473, 10.952095985412598, 12.379386901855469, 14.845670700073242, 8.433259963989258, 6.607060432434082, 6.6671528816223145, 4.612430095672607, 6.370139122009277, 7.12713098526001, 10.139662742614746, 13.239554405212402, 13.913583755493164, 6.479979515075684, 2.336226224899292, 1.1917909383773804, 0.4942317605018616, 0.18537269532680511, 0.03788561001420021, 0.002410006010904908, 9.227929695043713e-05, 7.205409929156303e-05], "lowlevel.erbbands.stdev": [2.5180442333221436, 2.732137680053711, 1.511533260345459, 1.508477807044983, 0.9813235998153687, 2.183756113052368, 1.3038287162780762, 24.105947494506836, 143.61721801757812, 93.1227798461914, 191.58224487304688, 157.19241333007812, 94.63671112060547, 99.0400619506836, 74.8474349975586, 65.26361846923828, 46.545040130615234, 33.34611511230469, 28.234113693237305, 23.624238967895508, 30.21610450744629, 33.83139419555664, 23.806989669799805, 18.94980239868164, 16.021642684936523, 13.02922248840332, 13.76379680633545, 12.30690860748291, 18.47806167602539, 25.78581428527832, 31.290544509887695, 15.233803749084473, 4.507081508636475, 2.241856575012207, 1.0031827688217163, 0.40965574979782104, 0.08828730881214142, 0.005473074968904257, 0.00013555170153267682, 5.3412320994539186e-05], "lowlevel.gfcc.mean": [-68.5813217163086, 56.89383316040039, -116.78829956054688, 20.218677520751953, -77.91622161865234, 26.196977615356445, -23.639339447021484, 19.966171264648438, -2.7861452102661133, 11.251568794250488, -10.813774108886719, 9.261056900024414, -6.834868431091309], "lowlevel.melbands.mean": [0.013447352685034275, 0.0010244608856737614, 0.00014959323743823916, 5.024498386774212e-05, 1.6915206288103946e-05, 0.00026039016665890813, 0.0009306054562330246, 0.00039093350642360747, 0.0006593368016183376, 0.00023429960128851235, 0.00011091972555732355, 9.864726598607376e-05, 9.313506598118693e-05, 8.319957123603672e-05, 4.902172076981515e-05, 3.312676562927663e-05, 2.537678665248677e-05, 2.2269570763455704e-05, 1.661643364059273e-05, 1.3681341442861594e-05, 1.4340670531964861e-05, 1.6365731426049024e-05, 1.018115654005669e-05, 6.1359655774140265e-06, 5.14886642122292e-06, 5.311003405950032e-06, 3.78927870769985e-06, 2.8327056043053744e-06, 3.5538821521186037e-06, 4.595076916302787e-06, 3.9048068174452055e-06, 5.52902838535374e-06, 5.623511242447421e-06, 9.063492143468466e-06, 8.628456271253526e-06, 6.495993147836998e-06, 3.003826122949249e-06, 1.7126195643868414e-06, 1.1601432561292313e-06, 9.399045666214079e-07], "lowlevel.melbands.stdev": [0.015566552989184856, 0.0013272190699353814, 0.00022329729108605534, 0.00012396583042573184, 4.2168700019828975e-05, 0.0006522313342429698, 0.002104169223457575, 0.0010351843666285276, 0.0016099291387945414, 0.0008688319358043373, 0.0004952942836098373, 0.0004234562802594155, 0.00025303568691015244, 0.0002410865854471922, 0.00016525435785297304, 9.974858403438702e-05, 6.069786104490049e-05, 4.930805880576372e-05, 4.157167495577596e-05, 3.191327414242551e-05, 3.708676013047807e-05, 3.7742389395134524e-05, 2.630335984576959e-05, 2.013485209317878e-05, 1.506742319179466e-05, 1.271412747883005e-05, 9.886856787488796e-06, 8.493873792758677e-06, 8.386108675040305e-06, 9.242404303222429e-06, 6.7147661866329145e-06, 1.0251290404994506e-05, 1.0863939678529277e-05, 1.8781373000820167e-05, 1.9072411305387504e-05, 1.660463931330014e-05, 6.88231693857233e-06, 3.3441649520682404e-06, 2.433720055705635e-06, 1.766809077707876e-06], "lowlevel.melbands128.mean": [0.010195392183959484, 0.02352944388985634, 0.010734504088759422, 0.001970177749171853, 0.00035413188743405044, 0.0004727496998384595, 0.00020688485528808087, 4.680788333644159e-05, 4.846385490964167e-05, 7.173427729867399e-05, 3.831260255537927e-05, 1.0575789929134771e-05, 8.799300303508062e-06, 2.2210993847693317e-05, 9.271925955545157e-05, 0.0003401543654035777, 0.001042450312525034, 0.0012000837596133351, 0.0006470424705184996, 0.00023603966110385954, 0.0003285384736955166, 0.0005818709614686668, 0.0008334167650900781, 0.0005902510602027178, 0.00030015583615750074, 7.858657045289874e-05, 5.69619624002371e-05, 0.00011975994129898027, 0.00016177842917386442, 0.00010728323832154274, 8.060053369263187e-05, 6.571585254278034e-05, 0.00010037584434030578, 0.00010013048449764028, 0.00011307011300232261, 7.018694304861128e-05, 4.838559834752232e-05, 5.8851826906902716e-05, 4.1694733226904646e-05, 2.7951829906669445e-05, 3.653388557722792e-05, 3.2415890018455684e-05, 2.123726881109178e-05, 2.3927228539832868e-05, 2.7700989448931068e-05, 2.068025423795916e-05, 1.794007584976498e-05, 1.8547852960182354e-05, 1.5227186850097496e-05, 1.28799001686275e-05, 1.2852285180997569e-05, 1.5515763152507134e-05, 1.4469460438704118e-05, 1.3493470760295168e-05, 1.4389805983228143e-05, 1.9754848835873418e-05, 1.5229396922222804e-05, 1.0712007679103408e-05, 9.627746294427197e-06, 6.215753273863811e-06, 5.283025529934093e-06, 6.978447800065624e-06, 5.151960976945702e-06, 4.621933840098791e-06, 4.938406164001208e-06, 5.4275210459309164e-06, 5.848686669196468e-06, 4.164249730820302e-06, 3.3777232602005824e-06, 3.1101419608603464e-06, 2.5752333385753445e-06, 2.814072558976477e-06, 3.1589765967510175e-06, 3.482071861071745e-06, 4.1754942685656715e-06, 5.139775566931348e-06, 4.73311911264318e-06, 3.5205796393711353e-06, 3.864936388708884e-06, 3.97276471630903e-06, 4.918358627037378e-06, 6.724873856001068e-06, 6.028578354744241e-06, 5.874608632439049e-06, 4.703534159489209e-06, 5.653308107866906e-06, 1.0961453881463967e-05, 1.541224992251955e-05, 5.443011104944162e-06, 6.3143502302409615e-06, 1.0099249266204424e-05, 4.824049483431736e-06, 4.584215275826864e-06, 2.8285062398936134e-06, 2.24230302592332e-06, 1.958962684511789e-06, 1.6616921811873908e-06, 1.2210786053401534e-06, 1.1694008890117402e-06, 1.111615802074084e-06, 1.0981934792653192e-06, 8.820755397209723e-07, 8.149229415721493e-07, 5.998607548463042e-07, 5.14920770910976e-07, 4.823492645300576e-07, 4.5356907207860786e-07, 3.552540022155881e-07, 3.1544476541967015e-07, 2.6349766812927555e-07, 2.3642739677143254e-07, 1.3632445927669323e-07, 1.0516291837348035e-07, 6.252332696021767e-08, 3.3868587934193783e-08, 1.6155183857335942e-08, 6.1655862637621794e-09, 8.792279126978997e-10, 1.429556056864456e-10, 8.798495786110916e-12, 8.522429290058753e-12, 7.949726814338032e-12, 7.515914106359656e-12, 7.2679878608539195e-12, 6.307407721117819e-12, 4.776933189287735e-12, 3.95061630978355e-12, 3.8112447225957524e-12], "lowlevel.melbands128.stdev": [0.012267583049833775, 0.027582453563809395, 0.012313400395214558, 0.0025613282341510057, 0.0007685224409215152, 0.0007469565607607365, 0.0003445909242145717, 0.00013934957678429782, 9.292321919929236e-05, 0.00019824953051283956, 0.00014345509407576174, 3.024433317477815e-05, 2.4391138140344992e-05, 0.0001001267009996809, 0.0003528079541865736, 0.0010388015070930123, 0.002831811783835292, 0.0031543164514005184, 0.0024019069969654083, 0.0010033044964075089, 0.0014840385410934687, 0.001966807758435607, 0.00246331375092268, 0.0020416202023625374, 0.001685463823378086, 0.00037446850910782814, 0.00021782545081805438, 0.0007672465872019529, 0.0008054302306845784, 0.0005342487129382789, 0.0006096647121012211, 0.0002695705334190279, 0.0003758070233743638, 0.00027853771462105215, 0.00041894798050634563, 0.00024613572168163955, 0.00017120903066825122, 0.00025427385116927326, 0.00017572465003468096, 9.147200034931302e-05, 0.0001708951167529449, 0.00011428462312323973, 6.949454837013036e-05, 6.943017797311768e-05, 7.679437112528831e-05, 5.949416299699806e-05, 4.791452010977082e-05, 7.314029789995402e-05, 3.998872125521302e-05, 3.760157051146962e-05, 3.385472882655449e-05, 4.334274854045361e-05, 4.4239204726181924e-05, 4.166665894445032e-05, 3.8089987356215715e-05, 5.0045284297084436e-05, 3.942946932511404e-05, 3.1261257390724495e-05, 3.009378633578308e-05, 1.975051600311417e-05, 1.8154138160753064e-05, 2.846108327503316e-05, 1.8257702322443947e-05, 1.3459266483550891e-05, 1.4888168152538128e-05, 1.4212549103831407e-05, 1.5476181943085976e-05, 1.0790912710945122e-05, 1.0088208910019603e-05, 1.0026213203673251e-05, 9.282499377150089e-06, 8.572485057811718e-06, 9.358629540656693e-06, 8.890381650417112e-06, 1.0094037861563265e-05, 1.1639030162768904e-05, 1.05982735476573e-05, 7.349422958213836e-06, 7.627824288647389e-06, 7.437492058670614e-06, 1.0422777450003196e-05, 1.4268516679294407e-05, 1.2547385267680511e-05, 1.2687858543358743e-05, 9.826457244344056e-06, 1.2620918823813554e-05, 2.5604229449527338e-05, 3.680007648654282e-05, 1.2591935046657454e-05, 1.55220041051507e-05, 2.9343460482778028e-05, 1.239417542819865e-05, 1.2762231563101523e-05, 6.9754323703818955e-06, 4.962841558153741e-06, 4.207665824651485e-06, 3.456101239862619e-06, 2.6472325771464966e-06, 2.9392701890174067e-06, 2.3697457436355762e-06, 2.1273169750202214e-06, 1.804727730814193e-06, 1.6481047850902542e-06, 1.2639477517950581e-06, 1.3492702919393196e-06, 1.116458406613674e-06, 1.0002185035773437e-06, 7.1922949018699e-07, 7.351958402068703e-07, 8.544913612240634e-07, 6.720525789205567e-07, 4.350708877609577e-07, 2.439167872125836e-07, 1.8133806634068605e-07, 9.389738409026904e-08, 5.044530837494676e-08, 2.605164084457101e-08, 8.884359914418383e-09, 2.1620678580802632e-09, 1.0462570393388049e-10, 1.0450039444886983e-10, 1.0269574080012944e-10, 1.0222313967522823e-10, 9.70038771530568e-11, 7.0731205614738e-11, 2.784399967536988e-11, 7.243480121266188e-12, 6.051051153199705e-12], "lowlevel.mfcc.mean": [-711.2316284179688, 90.98818969726562, 9.95959186553955, 0.6959596276283264, -16.039058685302734, 7.509483814239502, -8.575770378112793, 14.627669334411621, 11.231553077697754, 5.349738121032715, 9.68583869934082, 10.114632606506348, 11.264496803283691], "lowlevel.spectral_contrast_coeffs.mean": [-0.7135667204856873, -0.7039040923118591, -0.7800222039222717, -0.8109720945358276, -0.8091845512390137, -0.7422298192977905], "lowlevel.spectral_contrast_coeffs.stdev": [0.08443205058574677, 0.12672770023345947, 0.06660038977861404, 0.057010237127542496, 0.04129998758435249, 0.05742481350898743], "lowlevel.spectral_contrast_valleys.mean": [-8.521479606628418, -7.428187370300293, -7.809096813201904, -8.34996223449707, -8.372265815734863, -10.500190734863281], "lowlevel.spectral_contrast_valleys.stdev": [1.6353915929794312, 0.9999464154243469, 0.9739698767662048, 1.1625536680221558, 1.2142231464385986, 1.446444034576416], "rhythm.beats_loudness_band_ratio.mean": [0.44615793228149414, 0.0698428824543953, 0.29916873574256897, 0.10518558323383331, 0.061914633959531784, 0.06464632600545883], "rhythm.beats_loudness_band_ratio.stdev": [0.41721343994140625, 0.15084156394004822, 0.3038735091686249, 0.171672523021698, 0.08672986179590225, 0.09721844643354416], "tonal.hpcp.mean": [0.08842083066701889, 0.07201292365789413, 0.07128261774778366, 0.06728265434503555, 0.05316931754350662, 0.05107753723859787, 0.05493403598666191, 0.05721335485577583, 0.06233135610818863, 0.06729459017515182, 0.07627309113740921, 0.07778968662023544, 0.0656958743929863, 0.058967139571905136, 0.0515659898519516, 0.05949109047651291, 0.07938338816165924, 0.08129223436117172, 0.07953126728534698, 0.08800091594457626, 0.23017430305480957, 0.4634730815887451, 0.36391305923461914, 0.11080114543437958, 0.056028950959444046, 0.057986363768577576, 0.06222204118967056, 0.05859077721834183, 0.048536717891693115, 0.04722015559673309, 0.0607459731400013, 0.07644433528184891, 0.10076859593391418, 0.12150810658931732, 0.13279365003108978, 0.1213250383734703], "tonal.hpcp.stdev": [0.2024804800748825, 0.1904854029417038, 0.18603798747062683, 0.18018658459186554, 0.14889489114284515, 0.13414786756038666, 0.13610272109508514, 0.15368077158927917, 0.160532146692276, 0.16540805995464325, 0.1879817098379135, 0.19035664200782776, 0.1716097593307495, 0.15763552486896515, 0.1533278375864029, 0.16332541406154633, 0.2026796042919159, 0.19161605834960938, 0.18126970529556274, 0.1952219307422638, 0.2920553982257843, 0.44283947348594666, 0.38520440459251404, 0.22531870007514954, 0.15360143780708313, 0.15621714293956757, 0.17573145031929016, 0.1608506143093109, 0.15244615077972412, 0.13340987265110016, 0.17684146761894226, 0.18845762312412262, 0.2303166687488556, 0.25234198570251465, 0.26007571816444397, 0.25591719150543213], "rhythm.beats_position": [0.41795918345451355, 0.8591383099555969, 1.2887074947357178, 1.695056676864624, 2.0897958278656006, 2.4845352172851562, 2.867664337158203, 3.250793695449829, 3.6455328464508057, 4.028662204742432, 4.4117913246154785, 4.806530475616455, 5.189659595489502, 5.572789192199707, 5.967528343200684, 6.3506574630737305, 6.733786582946777, 7.116916179656982, 7.500045299530029, 7.894784450531006, 8.28952407836914, 8.672653198242188, 9.055782318115234, 9.438911437988281, 9.822040557861328, 10.216779708862305, 10.599908828735352, 10.983037948608398, 11.377777099609375, 11.760907173156738, 12.144036293029785, 12.538775444030762, 12.921904563903809, 13.305033683776855, 13.688162803649902, 14.07129192352295, 14.454421043395996, 14.83755111694336, 15.232290267944336, 15.627029418945312, 16.02176856994629, 16.404897689819336, 16.788026809692383, 17.18276596069336, 17.577505111694336, 17.972244262695312, 18.34376335144043, 18.726892471313477, 19.110021591186523, 19.49315071105957, 19.87628173828125, 20.259410858154297, 20.642539978027344, 21.02566909790039, 21.408798217773438, 21.803537368774414, 22.19827651977539, 22.569795608520508, 22.952924728393555, 23.3360538482666, 23.730792999267578, 24.125532150268555, 24.52027130126953, 24.915010452270508, 25.298139572143555, 25.6812686920166, 26.06439781188965, 26.459136962890625, 26.842267990112305, 27.22539710998535, 27.6085262298584, 27.991655349731445, 28.374784469604492, 28.75791358947754, 29.141042709350586, 29.535781860351562, 29.94213104248047, 30.360090255737305], "rhythm.bpm_histogram": [0.0, 0.0, 0.0, 0.0, 0.0, 0.0, 0.0, 0.0, 0.0, 0.0, 0.0, 0.0, 0.0, 0.0, 0.0, 0.0, 0.0, 0.0, 0.0, 0.0, 0.0, 0.0, 0.0, 0.0, 0.0, 0.0, 0.0, 0.0, 0.0, 0.0, 0.0, 0.0, 0.0, 0.0, 0.0, 0.0, 0.0, 0.0, 0.0, 0.0, 0.0, 0.0, 0.0, 0.0, 0.0, 0.0, 0.0, 0.0, 0.0, 0.0, 0.0, 0.0, 0.0, 0.0, 0.0, 0.0, 0.0, 0.0, 0.0, 0.0, 0.0, 0.0, 0.0, 0.0, 0.0, 0.0, 0.0, 0.0, 0.0, 0.0, 0.0, 0.0, 0.0, 0.0, 0.0, 0.0, 0.0, 0.0, 0.0, 0.0, 0.0, 0.0, 0.0, 0.0, 0.0, 0.0, 0.0, 0.0, 0.0, 0.0, 0.0, 0.0, 0.0, 0.0, 0.0, 0.0, 0.0, 0.0, 0.0, 0.0, 0.0, 0.0, 0.0, 0.0, 0.0, 0.0, 0.0, 0.0, 0.0, 0.0, 0.0, 0.0, 0.0, 0.0, 0.0, 0.0, 0.0, 0.0, 0.0, 0.0, 0.0, 0.0, 0.0, 0.0, 0.0, 0.0, 0.0, 0.0, 0.0, 0.0, 0.0, 0.0, 0.0, 0.0, 0.0, 0.0, 0.012987012974917889, 0.0, 0.0, 0.0, 0.012987012974917889, 0.0, 0.0, 0.0, 0.012987012974917889, 0.0, 0.0, 0.0, 0.025974025949835777, 0.0, 0.0, 0.0, 0.31168830394744873, 0.0, 0.0, 0.0, 0.0, 0.5974025726318359, 0.0, 0.0, 0.0, 0.025974025949835777, 0.0, 0.0, 0.0, 0.0, 0.0, 0.0, 0.0, 0.0, 0.0, 0.0, 0.0, 0.0, 0.0, 0.0, 0.0, 0.0, 0.0, 0.0, 0.0, 0.0, 0.0, 0.0, 0.0, 0.0, 0.0, 0.0, 0.0, 0.0, 0.0, 0.0, 0.0, 0.0, 0.0, 0.0, 0.0, 0.0, 0.0, 0.0, 0.0, 0.0, 0.0, 0.0, 0.0, 0.0, 0.0, 0.0, 0.0, 0.0, 0.0, 0.0, 0.0, 0.0, 0.0, 0.0, 0.0, 0.0, 0.0, 0.0, 0.0, 0.0, 0.0, 0.0, 0.0, 0.0, 0.0, 0.0, 0.0, 0.0, 0.0, 0.0, 0.0, 0.0, 0.0, 0.0, 0.0, 0.0, 0.0, 0.0, 0.0, 0.0, 0.0, 0.0, 0.0, 0.0, 0.0, 0.0, 0.0, 0.0], "tonal.chords_histogram": [12.91291332244873, 1.6516516208648682, 1.0510510206222534, 0.6006006002426147, 0.0, 0.0, 0.0, 21.771772384643555, 34.9849853515625, 12.762763023376465, 6.606606483459473, 0.0, 0.0, 0.0, 0.0, 0.0, 1.5015015602111816, 5.55555534362793, 0.1501501500606537, 0.1501501500606537, 0.0, 0.0, 0.0, 0.3003003001213074], "tonal.thpcp": [1.0, 0.7851870656013489, 0.23906706273555756, 0.1208893284201622, 0.12511268258094788, 0.1342516839504242, 0.12641678750514984, 0.10472392290830612, 0.10188327729701996, 0.13106688857078552, 0.1649380326271057, 0.21742060780525208, 0.26216864585876465, 0.28651857376098633, 0.26177364587783813, 0.19077877700328827, 0.15537671744823456, 0.15380099415779114, 0.14517056941986084, 0.11471932381391525, 0.11020605266094208, 0.11852692067623138, 0.1234448254108429, 0.13448753952980042, 0.145196333527565, 0.16456854343414307, 0.16784079372882843, 0.1417469084262848, 0.12722882628440857, 0.11125994473695755, 0.12835931777954102, 0.1712794005870819, 0.17539796233177185, 0.17159846425056458, 0.18987277150154114, 0.4966292679309845], "lowlevel.gfcc.cov": [[10422.84765625, -1072.66552734375, -220.9841766357422, 712.6859741210938, -747.4597778320312, 72.31263732910156, -644.8237915039062, 140.34658813476562, 194.4666290283203, 726.6997680664062, 141.85748291015625, 98.45864868164062, -329.16009521484375], [-1072.66552734375, 3084.315673828125, 1615.7083740234375, 749.2709350585938, 1454.796875, 140.68301391601562, 986.1177368164062, 145.25692749023438, 418.3190002441406, -52.76203155517578, 256.9303283691406, -128.892333984375, 258.11407470703125], [-220.9841766357422, 1615.7083740234375, 3440.126708984375, 1615.6591796875, 1334.766845703125, 842.7960815429688, 816.7774658203125, 342.81427001953125, 487.9154052734375, 100.79345703125, 249.35858154296875, 111.33502960205078, 143.3575439453125], [712.6859741210938, 749.2709350585938, 1615.6591796875, 1532.949462890625, 1137.8411865234375, 681.5289916992188, 497.1986999511719, 249.68511962890625, 340.77166748046875, -1.4263198375701904, 212.6798553466797, 36.96071243286133, 168.26698303222656], [-747.4597778320312, 1454.796875, 1334.766845703125, 1137.8411865234375, 1846.7802734375, 709.099365234375, 855.804443359375, 287.78070068359375, 334.92626953125, -81.33824920654297, 181.46229553222656, -97.99898529052734, 215.3543243408203], [72.31263732910156, 140.68301391601562, 842.7960815429688, 681.5289916992188, 709.099365234375, 910.6171264648438, 497.9485168457031, 215.87161254882812, 187.3768768310547, -17.248268127441406, 151.97036743164062, -0.4482857286930084, 52.46291732788086], [-644.8237915039062, 986.1177368164062, 816.7774658203125, 497.1986999511719, 855.804443359375, 497.9485168457031, 910.8758544921875, 265.35601806640625, 206.8513641357422, -39.37015151977539, 144.81076049804688, -39.02058792114258, 124.75465393066406], [140.34658813476562, 145.25692749023438, 342.81427001953125, 249.68511962890625, 287.78070068359375, 215.87161254882812, 265.35601806640625, 288.9578857421875, 150.91493225097656, 45.73838806152344, 41.06039047241211, 26.266010284423828, 34.486183166503906], [194.4666290283203, 418.3190002441406, 487.9154052734375, 340.77166748046875, 334.92626953125, 187.3768768310547, 206.8513641357422, 150.91493225097656, 302.1006774902344, 72.10982513427734, 86.41438293457031, -17.56041145324707, 61.599464416503906], [726.6997680664062, -52.76203155517578, 100.79345703125, -1.4263198375701904, -81.33824920654297, -17.248268127441406, -39.37015151977539, 45.73838806152344, 72.10982513427734, 272.23541259765625, 50.966392517089844, 47.13408660888672, -36.48013687133789], [141.85748291015625, 256.9303283691406, 249.35858154296875, 212.6798553466797, 181.46229553222656, 151.97036743164062, 144.81076049804688, 41.06039047241211, 86.41438293457031, 50.966392517089844, 198.05902099609375, 48.95560836791992, 48.288909912109375], [98.45864868164062, -128.892333984375, 111.33502960205078, 36.96071243286133, -97.99898529052734, -0.4482857286930084, -39.02058792114258, 26.266010284423828, -17.56041145324707, 47.13408660888672, 48.95560836791992, 166.50804138183594, 22.541410446166992], [-329.16009521484375, 258.11407470703125, 143.3575439453125, 168.26698303222656, 215.3543243408203, 52.46291732788086, 124.75465393066406, 34.486183166503906, 61.599464416503906, -36.48013687133789, 48.288909912109375, 22.541410446166992, 132.01565551757812]], "lowlevel.gfcc.icov": [[0.00018244613602291793, -8.65856054588221e-05, 0.00015335576608777046, -0.0003847084008157253, 0.00019023910863325, -7.097532215993851e-05, 0.00010584976553218439, -0.00012960795720573515, 1.6211435649893247e-05, -0.0004205630684737116, 1.3903691069572233e-05, 1.8326607460039668e-05, 0.0004677160468418151], [-8.65856054588221e-05, 0.0013450426049530506, -0.0005762064829468727, 0.0006100620375946164, -0.0008170087239705026, 0.001248003332875669, -0.001007011509500444, 0.0008391534211114049, -0.0008004233241081238, 0.00045529005001299083, -0.0010317531414330006, 0.000676764058880508, -0.0006671962328255177], [0.00015335576608777046, -0.0005762064829468727, 0.001039691735059023, -0.0011040305253118277, 0.0003868347266688943, -0.0005337642505764961, 4.9617428885539994e-05, -5.154536120244302e-05, -0.00021198287140578032, -0.000569783675018698, 0.0007385368808172643, -0.0009778550593182445, 0.001173080992884934], [-0.0003847084008157253, 0.0006100620375946164, -0.0011040305253118277, 0.003141284454613924, -0.0014028175501152873, -5.512262214324437e-05, 0.0002678847231436521, 0.0001771265233401209, -0.0006499935407191515, 0.001235982053913176, -0.0009825463639572263, 8.500883996021003e-05, -0.001956398831680417], [0.00019023910863325, -0.0008170087239705026, 0.0003868347266688943, -0.0014028175501152873, 0.002288745017722249, -0.0009303262922912836, -0.0001709857169771567, -0.0006609997944906354, 0.0005209755036048591, -0.0005432102479971945, 0.0006237556808628142, 0.0007887050160206854, -0.00034595353645272553], [-7.097532215993851e-05, 0.001248003332875669, -0.0005337642505764961, -5.512262214324437e-05, -0.0009303262922912836, 0.003346894169226289, -0.0015363488346338272, 0.0002761150535661727, -0.0007014133734628558, 0.0007904871017672122, -0.0016805717023089528, 0.0005409520235843956, 0.0006682116072624922], [0.00010584976553218439, -0.001007011509500444, 4.9617428885539994e-05, 0.0002678847231436521, -0.0001709857169771567, -0.0015363488346338272, 0.003687527496367693, -0.0023418038617819548, 0.0010144275147467852, -7.750304212095216e-05, -0.00040424225153401494, 0.0005205884808674455, -0.0005817962228320539], [-0.00012960795720573515, 0.0008391534211114049, -5.154536120244302e-05, 0.0001771265233401209, -0.0006609997944906354, 0.0002761150535661727, -0.0023418038617819548, 0.00726708211004734, -0.0032178121618926525, -0.00018030898354481906, 0.001334099448285997, -0.0021066514309495687, 0.000472888263175264], [1.6211435649893247e-05, -0.0008004233241081238, -0.00021198287140578032, -0.0006499935407191515, 0.0005209755036048591, -0.0007014133734628558, 0.0010144275147467852, -0.0032178121618926525, 0.0075782472267746925, -0.0018997164443135262, -0.0009548497619107366, 0.0026203191373497248, -0.0021842641290277243], [-0.0004205630684737116, 0.00045529005001299083, -0.000569783675018698, 0.001235982053913176, -0.0005432102479971945, 0.0007904871017672122, -7.750304212095216e-05, -0.00018030898354481906, -0.0018997164443135262, 0.006201168522238731, -0.0016746572218835354, -0.0012279633665457368, 0.0012191380374133587], [1.3903691069572233e-05, -0.0010317531414330006, 0.0007385368808172643, -0.0009825463639572263, 0.0006237556808628142, -0.0016805717023089528, -0.00040424225153401494, 0.001334099448285997, -0.0009548497619107366, -0.0016746572218835354, 0.009026803076267242, -0.0032270774245262146, -0.0005819079233333468], [1.8326607460039668e-05, 0.000676764058880508, -0.0009778550593182445, 8.500883996021003e-05, 0.0007887050160206854, 0.0005409520235843956, 0.0005205884808674455, -0.0021066514309495687, 0.0026203191373497248, -0.0012279633665457368, -0.0032270774245262146, 0.010172483511269093, -0.0038857078179717064], [0.0004677160468418151, -0.0006671962328255177, 0.001173080992884934, -0.001956398831680417, -0.00034595353645272553, 0.0006682116072624922, -0.0005817962228320539, 0.000472888263175264, -0.0021842641290277243, 0.0012191380374133587, -0.0005819079233333468, -0.0038857078179717064, 0.01422275509685278]], "lowlevel.mfcc.cov": [[11288.9560546875, -2091.378173828125, -411.9808044433594, -238.03611755371094, -351.4183044433594, -293.1122131347656, -727.6421508789062, -639.6298828125, -497.08197021484375, 125.19171905517578, 226.9264678955078, 212.5561065673828, 47.985599517822266], [-2091.378173828125, 2865.151123046875, 547.439208984375, 932.249267578125, 485.16143798828125, 415.4287109375, 608.2275390625, 316.1287536621094, 515.9392700195312, 96.63975524902344, 297.8736877441406, 172.29530334472656, 88.97726440429688], [-411.9808044433594, 547.439208984375, 2394.725341796875, 894.2925415039062, 725.2275390625, 636.5196533203125, 384.0316467285156, 449.82769775390625, 285.21820068359375, 198.83204650878906, 234.48887634277344, 242.4927520751953, 241.7362518310547], [-238.03611755371094, 932.249267578125, 894.2925415039062, 1263.6756591796875, 837.3189697265625, 525.8110961914062, 490.6335144042969, 384.4474792480469, 399.5350036621094, 160.8306121826172, 180.3932342529297, 141.14352416992188, 175.5823974609375], [-351.4183044433594, 485.16143798828125, 725.2275390625, 837.3189697265625, 1165.745361328125, 666.4791259765625, 489.0663146972656, 442.4683837890625, 314.42059326171875, 294.4724426269531, 124.04730987548828, 72.62434387207031, 147.76174926757812], [-293.1122131347656, 415.4287109375, 636.5196533203125, 525.8110961914062, 666.4791259765625, 759.1769409179688, 571.271728515625, 420.9414978027344, 271.27996826171875, 249.7884979248047, 186.3522186279297, 89.30706787109375, 104.71407318115234], [-727.6421508789062, 608.2275390625, 384.0316467285156, 490.6335144042969, 489.0663146972656, 571.271728515625, 754.80419921875, 491.47906494140625, 314.7001037597656, 207.73927307128906, 190.48858642578125, 95.09063720703125, 78.90414428710938], [-639.6298828125, 316.1287536621094, 449.82769775390625, 384.4474792480469, 442.4683837890625, 420.9414978027344, 491.47906494140625, 569.8020629882812, 286.0818176269531, 191.14645385742188, 114.15785217285156, 63.32671356201172, 84.86803436279297], [-497.08197021484375, 515.9392700195312, 285.21820068359375, 399.5350036621094, 314.42059326171875, 271.27996826171875, 314.7001037597656, 286.0818176269531, 375.7252502441406, 183.26712036132812, 140.56277465820312, 67.68180084228516, 58.17258071899414], [125.19171905517578, 96.63975524902344, 198.83204650878906, 160.8306121826172, 294.4724426269531, 249.7884979248047, 207.73927307128906, 191.14645385742188, 183.26712036132812, 286.9162902832031, 143.8184814453125, 56.49196243286133, 39.01810073852539], [226.9264678955078, 297.8736877441406, 234.48887634277344, 180.3932342529297, 124.04730987548828, 186.3522186279297, 190.48858642578125, 114.15785217285156, 140.56277465820312, 143.8184814453125, 241.80429077148438, 114.83917999267578, 51.093143463134766], [212.5561065673828, 172.29530334472656, 242.4927520751953, 141.14352416992188, 72.62434387207031, 89.30706787109375, 95.09063720703125, 63.32671356201172, 67.68180084228516, 56.49196243286133, 114.83917999267578, 168.0037078857422, 79.9609603881836], [47.985599517822266, 88.97726440429688, 241.7362518310547, 175.5823974609375, 147.76174926757812, 104.71407318115234, 78.90414428710938, 84.86803436279297, 58.17258071899414, 39.01810073852539, 51.093143463134766, 79.9609603881836, 154.34022521972656]], "lowlevel.mfcc.icov": [[0.00014205554907675833, 0.00011999270645901561, 6.137829041108489e-05, -0.00018052330415230244, 6.233999010873958e-05, -7.842409831937402e-05, 0.00014600947906728834, 7.07122017047368e-05, 0.00020184031745884567, -0.00015379722754005343, -0.00026438970235176384, -0.00019647616136353463, 2.8009695597575046e-05], [0.00011999270645901561, 0.000712829059921205, 4.3503372580744326e-05, -0.00035990835749544203, -2.2633605112787336e-05, 8.066813461482525e-05, -0.0002625963243190199, 0.0003748774470295757, -0.0005442355759441853, 0.00048122453154064715, -0.0006827255128882825, -0.00025401508901268244, 0.00022918749891687185], [6.137829041108489e-05, 4.3503372580744326e-05, 0.0007739487919025123, -0.00046492269029840827, 0.00010629800090100616, -0.0006108818924985826, 0.0006532547995448112, -0.00045872997725382447, 0.0003134339058306068, 1.205495573231019e-05, -0.0002414441405562684, -0.0006320220418274403, -0.00021029877825640142], [-0.00018052330415230244, -0.00035990835749544203, -0.00046492269029840827, 0.002841473324224353, -0.0016549966530874372, 0.00047120393719524145, -0.0006791240884922445, 0.000418100185925141, -0.0018424829468131065, 0.0017244445625692606, -0.00010482116340426728, 0.00010128074063686654, -0.0006179685005918145], [6.233999010873958e-05, -2.2633605112787336e-05, 0.00010629800090100616, -0.0016549966530874372, 0.0031802458688616753, -0.001758617116138339, 0.0006294771446846426, -0.0005103730363771319, 0.0008767792605794966, -0.002243684371933341, 0.0013645975850522518, 0.0003122506896033883, -0.0005595152615569532], [-7.842409831937402e-05, 8.066813461482525e-05, -0.0006108818924985826, 0.00047120393719524145, -0.001758617116138339, 0.005331576801836491, -0.0029478457290679216, 0.0002076110540656373, 0.00011683774209814146, -0.000410722685046494, -0.0009569266112521291, 0.0008656646823510528, -0.0002140235446859151], [0.00014600947906728834, -0.0002625963243190199, 0.0006532547995448112, -0.0006791240884922445, 0.0006294771446846426, -0.0029478457290679216, 0.005668313708156347, -0.0028956406749784946, 0.0002001426473725587, 0.0001755374250933528, -0.0010489238193258643, -0.000816870538983494, 0.000597811711486429], [7.07122017047368e-05, 0.0003748774470295757, -0.00045872997725382447, 0.000418100185925141, -0.0005103730363771319, 0.0002076110540656373, -0.0028956406749784946, 0.005533416755497456, -0.002105297986418009, -0.00034831883385777473, 0.0008505526348017156, 0.00023163888545241207, -0.0007298458367586136], [0.00020184031745884567, -0.0005442355759441853, 0.0003134339058306068, -0.0018424829468131065, 0.0008767792605794966, 0.00011683774209814146, 0.0002001426473725587, -0.002105297986418009, 0.008023843169212341, -0.0036278965417295694, -0.000709413958247751, 6.95690541760996e-05, 8.448310109088197e-05], [-0.00015379722754005343, 0.00048122453154064715, 1.205495573231019e-05, 0.0017244445625692606, -0.002243684371933341, -0.000410722685046494, 0.0001755374250933528, -0.00034831883385777473, -0.0036278965417295694, 0.009347217157483101, -0.003906844183802605, 0.00020036520436406136, 0.0005121182766743004], [-0.00026438970235176384, -0.0006827255128882825, -0.0002414441405562684, -0.00010482116340426728, 0.0013645975850522518, -0.0009569266112521291, -0.0010489238193258643, 0.0008505526348017156, -0.000709413958247751, -0.003906844183802605, 0.010645625181496143, -0.004137525800615549, 0.00025904292124323547], [-0.00019647616136353463, -0.00025401508901268244, -0.0006320220418274403, 0.00010128074063686654, 0.0003122506896033883, 0.0008656646823510528, -0.000816870538983494, 0.00023163888545241207, 6.95690541760996e-05, 0.00020036520436406136, -0.004137525800615549, 0.01188510749489069, -0.004378452897071838], [2.8009695597575046e-05, 0.00022918749891687185, -0.00021029877825640142, -0.0006179685005918145, -0.0005595152615569532, -0.0002140235446859151, 0.000597811711486429, -0.0007298458367586136, 8.448310109088197e-05, 0.0005121182766743004, 0.00025904292124323547, -0.004378452897071838, 0.010168672539293766]], "metadata.audio_properties.analysis.downmix": "mix", "metadata.audio_properties.codec": "m