{"song_id": "1183704184508403742", "download": "https://cdn.discordapp.com/attachments/1128313332273782784/1183704184508403742/chirp.mp4?ex=65894d6d&amp", "lyrics": "[verse]\n\u0417\u0430\u0433\u0430\u0434\u043e\u0447\u043d\u0430\u044f \u0434\u0443\u0448\u0430 \u0443 \u043a\u043e\u0441\u0442\u0440\u0430 \u0433\u043e\u0440\u0438\u0442\n\u0412 \u043f\u0435\u0447\u0430\u043b\u0438 \u043c\u043e\u044f \u0433\u0438\u0442\u0430\u0440\u0430 \u0441\u0442\u0430\u043b\u043a\u0440\u0430\u0444\u0442\u0435\u0440\u0430\n\u041f\u043e \u0433\u0440\u0443\u0441\u0442\u043d\u044b\u043c \u0442\u0440\u043e\u043f\u0438\u043d\u043a\u0430\u043c \u043c\u0430\u043d\u0438\u0442 \u043e\u043d\u0430\n\u0422\u0443\u0434\u0430, \u0433\u0434\u0435 \u0437\u0430\u0436\u0438\u0433\u0430\u0435\u0442 \u0441\u043b\u0435\u0437\u044b \u0441\u0442\u0430\u043b\u043a\u0440\u0430\u0444\u0442\n\n[chorus]\n\u041e\u043e\u043e\u043e, \u044d\u043a\u0441\u0431\u043e \u043f\u0440\u043e\u0448\u0435\u043f\u0442\u0430\u043b\u0438 \u0432 \u0437\u043d\u043e\u0439\u043d\u043e\u0439 \u0442\u0438\u0448\u0438\u043d\u0435 \u0432\u043e\u0442 \u0432\u0430\u043c \u043f\u0435\u0440\u0435\u0441\u0442\u0440\u043e\u0439\u043a\u0430, \u0432\u043e\u0442 \u0432\u0430\u043c \u043e\u0431\u043d\u043e\u0432\u0430\u0430\u0430!\n\u041e\u043e\u043e\u043e, \u0441\u0435\u0440\u0434\u0446\u0435 \u0442\u0440\u0435\u0432\u043e\u0433\u043e\u0439 \u043e\u043a\u0443\u0442\u0430\u043b\u043e \u0441\u0435\u0431\u0435\n\u041e\u043e\u043e\u043e, \u0437\u0430\u0436\u0433\u043b\u0438 \u0432 \u0434\u0443\u0448\u0435 \u0442\u043e\u0441\u043a\u0443 \u0438 \u0441\u0432\u0435\u0442 \u0437\u0432\u0435\u0437\u0434\u044b\n\u041e\u043e\u043e\u043e, \u0441\u0442\u0430\u043b\u043a\u0440\u0430\u0444\u0442 \u0433\u043e\u0440\u044c\u043a\u043e\u0439 \u0441\u043b\u0430\u0434\u043e\u0441\u0442\u044c\u044e \u043e\u0432\u0435\u044f\u043b\n\n[verse]\nIn a world of beats and rhythm\nWhere voices rise and spirits ignite\nA tale of rap, so bold and true\nEmbracing the streets, where dreams take flight\n\n[chorus]\nRap, with its poetic flow, it shines\nMelodies blend with the whispers of time\nA fusion of passion, raw and free\nIn this shanson, rap sings with glee", "style": ["Australian"], "essentia_features": {"lowlevel.average_loudness": 0.9856051802635193, "lowlevel.barkbands_crest.mean": 15.152766227722168, "lowlevel.barkbands_crest.stdev": 3.7809906005859375, "lowlevel.barkbands_flatness_db.mean": 0.18126872181892395, "lowlevel.barkbands_flatness_db.stdev": 0.04531139135360718, "lowlevel.barkbands_kurtosis.mean": 14.458500862121582, "lowlevel.barkbands_kurtosis.stdev": 15.860605239868164, "lowlevel.barkbands_skewness.mean": 3.3450632095336914, "lowlevel.barkbands_skewness.stdev": 1.6904466152191162, "lowlevel.barkbands_spread.mean": 18.247203826904297, "lowlevel.barkbands_spread.stdev": 10.976035118103027, "lowlevel.dissonance.mean": 0.48477521538734436, "lowlevel.dissonance.stdev": 0.011981289833784103, "lowlevel.dynamic_complexity": 1.0779283046722412, "lowlevel.erbbands_crest.mean": 6.265519142150879, "lowlevel.erbbands_crest.stdev": 3.345242977142334, "lowlevel.erbbands_flatness_db.mean": 0.12305474281311035, "lowlevel.erbbands_flatness_db.stdev": 0.026458505541086197, "lowlevel.erbbands_kurtosis.mean": -0.3685329854488373, "lowlevel.erbbands_kurtosis.stdev": 1.1321102380752563, "lowlevel.erbbands_skewness.mean": -0.2957236170768738, "lowlevel.erbbands_skewness.stdev": 0.48413366079330444, "lowlevel.erbbands_spread.mean": 61.721282958984375, "lowlevel.erbbands_spread.stdev": 21.506986618041992, "lowlevel.hfc.mean": 33.17334747314453, "lowlevel.hfc.stdev": 16.468128204345703, "lowlevel.loudness_ebu128.integrated": -12.957725524902344, "lowlevel.loudness_ebu128.loudness_range": 0.905665397644043, "lowlevel.loudness_ebu128.momentary.mean": -13.013538360595703, "lowlevel.loudness_ebu128.momentary.stdev": 0.7181134819984436, "lowlevel.loudness_ebu128.short_term.mean": -12.9288330078125, "lowlevel.loudness_ebu128.short_term.stdev": 0.3678776025772095, "lowlevel.melbands_crest.mean": 19.66754722595215, "lowlevel.melbands_crest.stdev": 4.227773189544678, "lowlevel.melbands_flatness_db.mean": 0.25370359420776367, "lowlevel.melbands_flatness_db.stdev": 0.05691417306661606, "lowlevel.melbands_kurtosis.mean": 56.36191940307617, "lowlevel.melbands_kurtosis.stdev": 50.25498580932617, "lowlevel.melbands_skewness.mean": 6.150986194610596, "lowlevel.melbands_skewness.stdev": 2.680267333984375, "lowlevel.melbands_spread.mean": 11.950651168823242, "lowlevel.melbands_spread.stdev": 11.852028846740723, "lowlevel.pitch_salience.mean": 0.4000219702720642, "lowlevel.pitch_salience.stdev": 0.11581553518772125, "lowlevel.silence_rate_20dB.mean": 1.0, "lowlevel.silence_rate_20dB.stdev": 0.0, "lowlevel.silence_rate_30dB.mean": 0.5579374432563782, "lowlevel.silence_rate_30dB.stdev": 0.49663230776786804, "lowlevel.silence_rate_60dB.mean": 0.006373117212206125, "lowlevel.silence_rate_60dB.stdev": 0.07957945019006729, "lowlevel.spectral_centroid.mean": 1585.8787841796875, "lowlevel.spectral_centroid.stdev": 654.7479858398438, "lowlevel.spectral_complexity.mean": 30.641366958618164, "lowlevel.spectral_complexity.stdev": 9.579850196838379, "lowlevel.spectral_decrease.mean": -2.6133221808777307e-08, "lowlevel.spectral_decrease.stdev": 1.3361380446497151e-08, "lowlevel.spectral_energy.mean": 0.10164166986942291, "lowlevel.spectral_energy.stdev": 0.05083286762237549, "lowlevel.spectral_energyband_high.mean": 0.0018902113661170006, "lowlevel.spectral_energyband_high.stdev": 0.0015629251720383763, "lowlevel.spectral_energyband_low.mean": 0.08455777168273926, "lowlevel.spectral_energyband_low.stdev": 0.05162779241800308, "lowlevel.spectral_energyband_middle_high.mean": 0.006979977712035179, "lowlevel.spectral_energyband_middle_high.stdev": 0.006216779816895723, "lowlevel.spectral_energyband_middle_low.mean": 0.010336928069591522, "lowlevel.spectral_energyband_middle_low.stdev": 0.010811026208102703, "lowlevel.spectral_entropy.mean": 7.8730621337890625, "lowlevel.spectral_entropy.stdev": 0.22422486543655396, "lowlevel.spectral_flux.mean": 0.12409836053848267, "lowlevel.spectral_flux.stdev": 0.07512317597866058, "lowlevel.spectral_kurtosis.mean": 2.102255344390869, "lowlevel.spectral_kurtosis.stdev": 1.0091657638549805, "lowlevel.spectral_rms.mean": 0.009671879932284355, "lowlevel.spectral_rms.stdev": 0.002370093483477831, "lowlevel.spectral_rolloff.mean": 545.5172119140625, "lowlevel.spectral_rolloff.stdev": 1190.1175537109375, "lowlevel.spectral_skewness.mean": 0.9898749589920044, "lowlevel.spectral_skewness.stdev": 0.2143833488225937, "lowlevel.spectral_spread.mean": 4738292.5, "lowlevel.spectral_spread.stdev": 1784512.5, "lowlevel.spectral_strongpeak.mean": 0.5661470890045166, "lowlevel.spectral_strongpeak.stdev": 0.2590568959712982, "lowlevel.zerocrossingrate.mean": 0.04433740675449371, "lowlevel.zerocrossingrate.stdev": 0.03514653071761131, "metadata.audio_properties.analysis.equal_loudness": 0.0, "metadata.audio_properties.analysis.length": 40.04265213012695, "metadata.audio_properties.analysis.sample_rate": 44100.0, "metadata.audio_properties.analysis.start_time": 0.0, "metadata.audio_properties.bit_rate": 105451.0, "metadata.audio_properties.length": 40.042667388916016, "metadata.audio_properties.lossless": 0.0, "metadata.audio_properties.number_channels": 1.0, "metadata.audio_properties.replay_gain": -10.174942016601562, "metadata.audio_properties.sample_rate": 48000.0, "rhythm.beats_count": 64.0, "rhythm.beats_loudness.mean": 0.1141538918018341, "rhythm.beats_loudness.stdev": 0.029047159478068352, "rhythm.bpm": 97.22138214111328, "rhythm.bpm_histogram_first_peak_bpm": 98.0, "rhythm.bpm_histogram_first_peak_weight": 0.3050847053527832, "rhythm.bpm_histogram_second_peak_bpm": 92.0, "rhythm.bpm_histogram_second_peak_spread": 0.0, "rhythm.bpm_histogram_second_peak_weight": 0.0634920671582222, "rhythm.danceability": 1.7736436128616333, "rhythm.onset_rate": 3.645040988922119, "tonal.chords_changes_rate": 0.03703703731298447, "tonal.chords_number_rate": 0.008101851679384708, "tonal.chords_strength.mean": 0.5523234009742737, "tonal.chords_strength.stdev": 0.0736016258597374, "tonal.hpcp_crest.mean": 12.13066577911377, "tonal.hpcp_crest.stdev": 6.341001987457275, "tonal.hpcp_entropy.mean": 2.3793532848358154, "tonal.hpcp_entropy.stdev": 0.8709270358085632, "tonal.key_edma.strength": 0.7613560557365417, "tonal.key_krumhansl.strength": 0.7608588933944702, "tonal.key_temperley.strength": 0.7528042793273926, "tonal.tuning_diatonic_strength": 0.6742561459541321, "tonal.tuning_equal_tempered_deviation": 0.11439550668001175, "tonal.tuning_frequency": 440.2542419433594, "tonal.tuning_nontempered_energy_ratio": 0.7288040518760681, "lowlevel.barkbands.mean": [0.0020410059951245785, 0.059455756098032, 0.021090693771839142, 0.0034429423976689577, 0.0032968404702842236, 0.0012892390368506312, 0.0007748230127617717, 0.000691461784299463, 0.0005772084114141762, 0.0011031748726963997, 0.0008642446482554078, 0.000731710169930011, 0.0007944350363686681, 0.0005875181523151696, 0.0005201128660701215, 0.0007428994867950678, 0.0005209901719354093, 0.00030533535755239427, 0.0006148049142211676, 0.0006424483726732433, 0.0005806608241982758, 0.00043980160262435675, 0.00023090216564014554, 0.000131246677483432, 0.00012649773270823061, 4.494580934988335e-05, 4.975380551996977e-09], "lowlevel.barkbands.stdev": [0.0030916554387658834, 0.04373280704021454, 0.015042183920741081, 0.00522878160700202, 0.005587023217231035, 0.002069351729005575, 0.0016289278864860535, 0.0013093167217448354, 0.0011711681727319956, 0.0026273857802152634, 0.0022642207331955433, 0.001469236216507852, 0.00118377641774714, 0.0008276511798612773, 0.0006367188761942089, 0.001200912636704743, 0.0007185678696259856, 0.0002831590245477855, 0.0004935403703711927, 0.0005288078100420535, 0.0005174226243980229, 0.0003871358640026301, 0.00024239957565441728, 0.00018340260430704802, 0.0002557830885052681, 0.00011922655539819971, 3.704590412212383e-08], "lowlevel.erbbands.mean": [1.9455151557922363, 12.55474853515625, 25.285350799560547, 16.90580940246582, 11.946029663085938, 9.560227394104004, 9.672000885009766, 10.071667671203613, 11.362238883972168, 10.975448608398438, 16.28752326965332, 14.001739501953125, 24.887601852416992, 41.80799102783203, 31.824569702148438, 31.35100746154785, 34.942630767822266, 36.191810607910156, 26.151081085205078, 29.605327606201172, 42.706512451171875, 29.343259811401367, 17.322080612182617, 26.972434997558594, 30.968706130981445, 29.97083854675293, 23.49693489074707, 22.359663009643555, 15.234916687011719, 12.087838172912598, 6.03638219833374, 3.59895396232605, 1.7229551076889038, 0.9983410239219666, 1.1028478145599365, 0.4498603641986847, 0.019507095217704773, 0.0005322625511325896, 8.623715257272124e-05, 0.00011969493789365515], "lowlevel.erbbands.stdev": [1.7233582735061646, 9.299057960510254, 16.792724609375, 13.231437683105469, 24.488065719604492, 13.042346000671387, 14.139375686645508, 19.22435760498047, 19.37179183959961, 26.666841506958008, 30.140878677368164, 27.690574645996094, 56.76300048828125, 108.58033752441406, 60.44849395751953, 62.820037841796875, 53.061859130859375, 46.89375305175781, 34.246280670166016, 35.24830627441406, 69.79473876953125, 38.34663391113281, 15.46882152557373, 21.797000885009766, 25.393463134765625, 24.2938232421875, 19.57529067993164, 20.7879695892334, 13.36207103729248, 11.638575553894043, 6.504945278167725, 4.581532955169678, 2.827296495437622, 2.0157151222229004, 2.351288318634033, 1.1103370189666748, 0.05245295539498329, 0.0012880150461569428, 8.489390165777877e-05, 5.649316153721884e-05], "lowlevel.gfcc.mean": [47.558006286621094, 94.31056213378906, -111.73162078857422, 73.89328002929688, -42.71214294433594, 36.86225509643555, -21.3480281829834, 13.840446472167969, -20.86994171142578, 8.862325668334961, -14.538772583007812, -1.4585977792739868, -4.702089786529541], "lowlevel.melbands.mean": [0.017077086493372917, 0.013646949082612991, 0.00284692388959229, 0.0008074514335021377, 0.0003194242890458554, 0.0002254673163406551, 0.0001760671875672415, 0.00012027630145894364, 0.00012653581507038325, 8.685106149641797e-05, 0.00012559883180074394, 0.0001700819848338142, 0.00011205428745597601, 9.155212319456041e-05, 6.467144703492522e-05, 8.518199319951236e-05, 6.351876072585583e-05, 4.0265993447974324e-05, 3.8434474845416844e-05, 4.568488657241687e-05, 4.951610026182607e-05, 3.256027048337273e-05, 1.7546086382935755e-05, 1.4660546185041312e-05, 2.255493564007338e-05, 2.297815626661759e-05, 2.209265949204564e-05, 1.9727120161405765e-05, 1.4427128917304799e-05, 1.555995550006628e-05, 1.1648958206933457e-05, 8.410217560594901e-06, 8.684696695127059e-06, 5.703037459170446e-06, 3.649613518064143e-06, 2.4420276076853042e-06, 2.1109731278556865e-06, 1.281312620449171e-06, 7.841031788302644e-07, 8.586569038016023e-07], "lowlevel.melbands.stdev": [0.01310237031430006, 0.008452735841274261, 0.0023185473401099443, 0.0013923299266025424, 0.00043093308340758085, 0.0004098051867913455, 0.0003107390948571265, 0.00027383980341255665, 0.00023000183864496648, 0.000185240845894441, 0.00029323206399567425, 0.0004494036838877946, 0.0002594606194179505, 0.00018919365538749844, 0.0001049651691573672, 0.00012500224693212658, 9.174834849545732e-05, 5.925486038904637e-05, 4.861200795858167e-05, 7.230859773699194e-05, 8.606332266936079e-05, 5.0203325372422114e-05, 1.717845407256391e-05, 1.3840270185028203e-05, 1.9239174434915185e-05, 1.9998849893454462e-05, 1.9848454030579887e-05, 1.6917729226406664e-05, 1.2692267773672938e-05, 1.5135376088437624e-05, 1.106762920244364e-05, 7.767839633743279e-06, 8.302608875965234e-06, 5.914248959015822e-06, 4.127733518544119e-06, 2.96213079309382e-06, 2.9264447221066803e-06, 2.093206603603903e-06, 1.5844897234273958e-06, 1.7743791431712452e-06], "lowlevel.melbands128.mean": [0.0017653623363003135, 0.014757061377167702, 0.025369370356202126, 0.018450619652867317, 0.014533487148582935, 0.008951055817306042, 0.0034117447212338448, 0.001418283791281283, 0.0011436045169830322, 0.0010083256056532264, 0.0004139679076615721, 0.0002599560539238155, 0.00038381057674996555, 0.0002559879212640226, 0.00022209360031411052, 0.00022847895161248744, 0.00014656355779152364, 0.0002061860723188147, 0.00015480430738534778, 0.00011047635780414566, 9.915235568769276e-05, 0.00014524329162668437, 0.00015775968495290726, 6.519744783872738e-05, 8.621227607363835e-05, 8.826254634186625e-05, 0.00010395533172413707, 0.00013036344898864627, 0.00013004825450479984, 0.00019365231855772436, 0.00017871444288175553, 0.0001403905189363286, 0.00011577435361687094, 8.259469177573919e-05, 8.635251288069412e-05, 0.00010544415272306651, 8.442957187071443e-05, 4.3229865696048364e-05, 6.734338967362419e-05, 8.516430534655228e-05, 7.989765435922891e-05, 0.00010888207179959863, 5.025765494792722e-05, 6.217202462721616e-05, 3.33430252794642e-05, 3.6276705941418186e-05, 4.661318598664366e-05, 3.858669879264198e-05, 3.302585537312552e-05, 3.966836811741814e-05, 4.40280455222819e-05, 5.449315722216852e-05, 6.417794793378562e-05, 3.571708293748088e-05, 4.154362250119448e-05, 3.4321172279305756e-05, 2.4981207388918847e-05, 2.002004112000577e-05, 1.4254099369281903e-05, 1.3429400496534072e-05, 1.410452023264952e-05, 1.5241962501022499e-05, 2.1013074729125947e-05, 2.6729963792604394e-05, 2.1227833713055588e-05, 2.4506694899173453e-05, 2.2533031369675882e-05, 1.996871651499532e-05, 2.5951409043045714e-05, 1.984492519113701e-05, 1.6844976926222444e-05, 2.3882847017375752e-05, 1.5493717000936158e-05, 1.2541258911369368e-05, 1.215185875480529e-05, 1.5178774447122123e-05, 1.91226299648406e-05, 1.3101944205118343e-05, 1.0691335774026811e-05, 9.495045560470317e-06, 8.986883585748728e-06, 8.094812073977664e-06, 6.813243544456782e-06, 1.0522237062104978e-05, 8.140103091136552e-06, 6.7009318627242465e-06, 4.439166787051363e-06, 4.284884198568761e-06, 3.841681518679252e-06, 3.109831823167042e-06, 2.5479498617642093e-06, 2.20585252463934e-06, 2.3471379790862557e-06, 2.3206691821542336e-06, 1.8690893739403691e-06, 1.3428631291390047e-06, 1.2612443924808758e-06, 1.0738064020188176e-06, 6.210623268998461e-07, 8.417829917561903e-07, 5.665337994287256e-07, 7.819876941539405e-07, 1.2908036524095223e-06, 1.2532522077890462e-06, 1.224639845531783e-06, 1.4627672726419405e-06, 1.2267357760720188e-06, 1.1503461792017333e-06, 8.7119190084195e-07, 4.858534907725698e-07, 6.903680116465694e-08, 6.058566981437252e-10, 8.82806994173535e-10, 3.480345733830603e-10, 8.297564718651174e-11, 5.405126693447393e-11, 6.460283696885227e-11, 2.6725226198731633e-11, 1.6995189977553338e-11, 1.6528374155444503e-11, 1.6141905520572486e-11, 1.5837182260058924e-11, 1.546445436984012e-11, 1.5202096526056863e-11, 1.49399052157273e-11, 1.4671644107955295e-11, 1.4501615186457428e-11, 1.4416596388899805e-11], "lowlevel.melbands128.stdev": [0.0028638464864343405, 0.015675488859415054, 0.019478047266602516, 0.015584148466587067, 0.010074186138808727, 0.006265291944146156, 0.0030396655201911926, 0.0026048310101032257, 0.0030328964348882437, 0.0016290503554046154, 0.0005900170071981847, 0.0004386981308925897, 0.000628880166914314, 0.0005943917203694582, 0.000522980815730989, 0.0005822588573209941, 0.0003437642299104482, 0.0004336800193414092, 0.0004856436571571976, 0.0003748083545360714, 0.0002789020072668791, 0.0003129705728497356, 0.0003532887785695493, 0.00015612071729265153, 0.00023282978509087116, 0.0002741291536949575, 0.00028812966775149107, 0.00042579686851240695, 0.00039052864303812385, 0.0006475523114204407, 0.0006374278455041349, 0.0005312787252478302, 0.0003267737047281116, 0.0001648909819778055, 0.00019060024351347238, 0.0003182377840857953, 0.00020755335572175682, 9.868203778751194e-05, 0.00013500954082701355, 0.00019223488925490528, 0.00015989567327778786, 0.0002077198587357998, 8.468156738672405e-05, 0.00017034031043294817, 6.318726082099602e-05, 8.4646038885694e-05, 8.030756725929677e-05, 6.599658081540838e-05, 6.009488788549788e-05, 5.829842120874673e-05, 9.63239508564584e-05, 0.00012528160004876554, 0.0001306011399719864, 7.148210715968162e-05, 9.095572022488341e-05, 6.938285514479503e-05, 3.0205435905372724e-05, 2.4287772248499095e-05, 1.8623575670062564e-05, 1.6337655324605294e-05, 1.7410759028280154e-05, 1.8363647541264072e-05, 2.3571648853248917e-05, 2.7518559363670647e-05, 2.3277483705896884e-05, 2.6070576495840214e-05, 2.4964549083961174e-05, 2.2802938474342227e-05, 2.8953154469490983e-05, 2.0082010451005772e-05, 1.7544976799399592e-05, 2.5908713723765686e-05, 1.622589297767263e-05, 1.3115065485180821e-05, 1.3001543266000226e-05, 1.740176958264783e-05, 2.2392412574845366e-05, 1.560540113132447e-05, 1.1619577890087385e-05, 9.974459317163564e-06, 9.308009794040117e-06, 9.055284863279667e-06, 7.697630280745216e-06, 1.10824339571991e-05, 9.200202839565463e-06, 7.628191269759554e-06, 5.395113021222642e-06, 5.979026354907546e-06, 4.695480129157659e-06, 3.9911296880745795e-06, 3.4263684938196093e-06, 2.990827397297835e-06, 3.3851304124254966e-06, 3.7170086670812452e-06, 2.8012962047796464e-06, 2.0666609543695813e-06, 2.5040092168637784e-06, 2.137422598025296e-06, 1.3212338672019541e-06, 1.8889198827309883e-06, 1.6501296613569139e-06, 1.7622035102249356e-06, 2.6544637421466177e-06, 2.6928423721983563e-06, 2.9792090572300367e-06, 3.3017540772561915e-06, 2.849688371497905e-06, 3.1087927254702663e-06, 2.3597542622155743e-06, 1.4859101611364167e-06, 3.0514380000568053e-07, 6.8410792586348634e-09, 1.6923264567481056e-08, 6.290078680137867e-09, 1.3281835631318017e-09, 9.604192996448546e-10, 1.3732524006826452e-09, 2.83765566599925e-10, 2.0466938907559573e-11, 1.9928277777969683e-11, 1.9448147953182726e-11, 1.9022762531850645e-11, 1.8641289900589442e-11, 1.83220869032219e-11, 1.8052632305698424e-11, 1.7837955071375866e-11, 1.7681738018193727e-11, 1.7585736686309694e-11], "lowlevel.mfcc.mean": [-588.2842407226562, 106.49241638183594, 3.457939863204956, 48.556270599365234, 9.893050193786621, 32.80584716796875, 13.45207691192627, 14.197014808654785, 8.45213794708252, 9.568208694458008, 2.364964008331299, 2.892354726791382, 5.477932453155518], "lowlevel.spectral_contrast_coeffs.mean": [-0.6991093158721924, -0.7845559120178223, -0.7961057424545288, -0.8018524646759033, -0.8017171621322632, -0.681182324886322], "lowlevel.spectral_contrast_coeffs.stdev": [0.057183656841516495, 0.0652250200510025, 0.05756188556551933, 0.04551613703370094, 0.025651410222053528, 0.047575727105140686], "lowlevel.spectral_contrast_valleys.mean": [-5.922351837158203, -6.7412309646606445, -6.96381139755249, -6.979066848754883, -6.756714820861816, -10.044282913208008], "lowlevel.spectral_contrast_valleys.stdev": [1.1364158391952515, 1.1004009246826172, 1.1012933254241943, 1.0529663562774658, 1.0647236108779907, 1.1767538785934448], "rhythm.beats_loudness_band_ratio.mean": [0.881336510181427, 0.022503333166241646, 0.02475011721253395, 0.028879478573799133, 0.025407683104276657, 0.023109380155801773], "rhythm.beats_loudness_band_ratio.stdev": [0.06826701015233994, 0.023354461416602135, 0.029787493869662285, 0.03591538593173027, 0.028079913929104805, 0.015986811369657516], "tonal.hpcp.mean": [0.5393933653831482, 0.23701971769332886, 0.038176704198122025, 0.02161581814289093, 0.014182962477207184, 0.015776215121150017, 0.015186188742518425, 0.015648748725652695, 0.025400975719094276, 0.045244596898555756, 0.04708263278007507, 0.036090951412916183, 0.0336439423263073, 0.051844093948602676, 0.18978241086006165, 0.39313092827796936, 0.27494797110557556, 0.046339407563209534, 0.019884774461388588, 0.015609471127390862, 0.015881629660725594, 0.01989370957016945, 0.01850844733417034, 0.020588234066963196, 0.028343066573143005, 0.02922510728240013, 0.03427951782941818, 0.03971562907099724, 0.0305084977298975, 0.02575753815472126, 0.03327338397502899, 0.03297695145010948, 0.02403336949646473, 0.03472374007105827, 0.07999129593372345, 0.38130009174346924], "tonal.hpcp.stdev": [0.40488359332084656, 0.2421479970216751, 0.12886905670166016, 0.09383966773748398, 0.06688041239976883, 0.08269689232110977, 0.07861243188381195, 0.07652528584003448, 0.10463904589414597, 0.16218255460262299, 0.17955194413661957, 0.1330353021621704, 0.12156710773706436, 0.1527000516653061, 0.28092625737190247, 0.44635069370269775, 0.35858944058418274, 0.14147725701332092, 0.09902334958314896, 0.07740384340286255, 0.06635307520627975, 0.07677554339170456, 0.07166897505521774, 0.09643740206956863, 0.12431605905294418, 0.12821361422538757, 0.10914431512355804, 0.11166377365589142, 0.1018604040145874, 0.0983908474445343, 0.12171507626771927, 0.1274760514497757, 0.10419325530529022, 0.12736280262470245, 0.19722209870815277, 0.3106901943683624], "rhythm.beats_position": [0.6269387602806091, 1.2538775205612183, 1.8808163404464722, 2.5077550411224365, 3.14630389213562, 3.7964625358581543, 4.446621417999268, 5.085169792175293, 5.723718643188477, 6.37387752532959, 7.012426376342773, 7.6625847816467285, 8.28952407836914, 8.904852867126465, 9.520181655883789, 10.123900413513184, 10.750839233398438, 11.377777099609375, 12.004715919494629, 12.620044708251953, 13.235373497009277, 13.850702285766602, 14.466031074523926, 15.06974983215332, 15.685078620910645, 16.30040740966797, 16.90412712097168, 17.507844924926758, 18.134784698486328, 18.750112533569336, 19.365442276000977, 19.992380142211914, 20.607709884643555, 21.223037719726562, 21.838367462158203, 22.45369529724121, 23.057415008544922, 23.67274284362793, 24.28807258605957, 24.89179039001465, 25.51873016357422, 26.134057998657227, 26.749387741088867, 27.353105545043945, 27.968435287475586, 28.583763122558594, 29.210702896118164, 29.8376407623291, 30.452970504760742, 31.06829833984375, 31.67201805114746, 32.27573776245117, 32.89106369018555, 33.50639343261719, 34.110111236572266, 34.73705291748047, 35.352378845214844, 35.967708587646484, 36.57142639160156, 37.198368072509766, 37.802085876464844, 38.417415618896484, 39.03274154663086, 39.6480712890625], "rhythm.bpm_histogram": [0.0, 0.0, 0.0, 0.0, 0.0, 0.0, 0.0, 0.0, 0.0, 0.0, 0.0, 0.0, 0.0, 0.0, 0.0, 0.0, 0.0, 0.0, 0.0, 0.0, 0.0, 0.0, 0.0, 0.0, 0.0, 0.0, 0.0, 0.0, 0.0, 0.0, 0.0, 0.0, 0.0, 0.0, 0.0, 0.0, 0.0, 0.0, 0.0, 0.0, 0.0, 0.0, 0.0, 0.0, 0.0, 0.0, 0.0, 0.0, 0.0, 0.0, 0.0, 0.0, 0.0, 0.0, 0.0, 0.0, 0.0, 0.0, 0.0, 0.0, 0.0, 0.0, 0.0, 0.0, 0.0, 0.0, 0.0, 0.0, 0.0, 0.0, 0.0, 0.0, 0.0, 0.0, 0.0, 0.0, 0.0, 0.0, 0.0, 0.0, 0.0, 0.0, 0.0, 0.0, 0.0, 0.0, 0.0, 0.0, 0.0, 0.0, 0.0, 0.0, 0.0634920671582222, 0.0, 0.0634920671582222, 0.0, 0.2222222238779068, 0.0, 0.460317462682724, 0.190476194024086, 0.0, 0.0, 0.0, 0.0, 0.0, 0.0, 0.0, 0.0, 0.0, 0.0, 0.0, 0.0, 0.0, 0.0, 0.0, 0.0, 0.0, 0.0, 0.0, 0.0, 0.0, 0.0, 0.0, 0.0, 0.0, 0.0, 0.0, 0.0, 0.0, 0.0, 0.0, 0.0, 0.0, 0.0, 0.0, 0.0, 0.0, 0.0, 0.0, 0.0, 0.0, 0.0, 0.0, 0.0, 0.0, 0.0, 0.0, 0.0, 0.0, 0.0, 0.0, 0.0, 0.0, 0.0, 0.0, 0.0, 0.0, 0.0, 0.0, 0.0, 0.0, 0.0, 0.0, 0.0, 0.0, 0.0, 0.0, 0.0, 0.0, 0.0, 0.0, 0.0, 0.0, 0.0, 0.0, 0.0, 0.0, 0.0, 0.0, 0.0, 0.0, 0.0, 0.0, 0.0, 0.0, 0.0, 0.0, 0.0, 0.0, 0.0, 0.0, 0.0, 0.0, 0.0, 0.0, 0.0, 0.0, 0.0, 0.0, 0.0, 0.0, 0.0, 0.0, 0.0, 0.0, 0.0, 0.0, 0.0, 0.0, 0.0, 0.0, 0.0, 0.0, 0.0, 0.0, 0.0, 0.0, 0.0, 0.0, 0.0, 0.0, 0.0, 0.0, 0.0, 0.0, 0.0, 0.0, 0.0, 0.0, 0.0, 0.0, 0.0, 0.0, 0.0, 0.0, 0.0, 0.0, 0.0, 0.0, 0.0, 0.0, 0.0, 0.0, 0.0, 0.0, 0.0, 0.0, 0.0, 0.0, 0.0], "tonal.chords_histogram": [53.703704833984375, 0.23148147761821747, 1.6203703880310059, 0.0, 0.0, 0.0, 0.0, 0.0, 0.0, 0.0, 0.0, 1.5046296119689941, 0.0, 0.0, 0.0, 1.0416666269302368, 0.0, 38.54166793823242, 1.3888888359069824, 1.9675925970077515, 0.0, 0.0, 0.0, 0.0], "tonal.thpcp": [1.0, 0.4394190311431885, 0.07077711075544357, 0.04007431119680405, 0.0262942835688591, 0.02924806997179985, 0.028154199942946434, 0.02901175618171692, 0.04709174484014511, 0.08388052135705948, 0.08728811889886856, 0.0669102594256401, 0.06237366795539856, 0.09611555933952332, 0.3518441617488861, 0.7288390398025513, 0.5097355246543884, 0.08591023087501526, 0.03686507046222687, 0.028938937932252884, 0.02944350242614746, 0.03688163682818413, 0.03431345149874687, 0.03816923871636391, 0.052546191960573196, 0.05418143793940544, 0.06355198472738266, 0.07363017648458481, 0.056560758501291275, 0.04775279015302658, 0.0616866759955883, 0.061137109994888306, 0.04455629363656044, 0.06437554210424423, 0.14829862117767334, 0.7069054245948792], "lowlevel.gfcc.cov": [[7100.7666015625, 185.73007202148438, -384.5373229980469, 309.0753479003906, -293.096923828125, 270.2285461425781, -142.06625366210938, 179.773193359375, -125.31114196777344, 81.1425552368164, -99.0272445678711, 3.2563297748565674, -78.84144592285156], [185.73007202148438, 535.24267578125, -130.30169677734375, -25.499774932861328, 77.4298095703125, -109.19001770019531, 101.55738830566406, -97.72909545898438, 56.69465255737305, -44.9788932800293, 42.088401794433594, -25.530658721923828, 52.68275833129883], [-384.5373229980469, -130.30169677734375, 301.20306396484375, 67.68584442138672, 5.128975868225098, -20.620651245117188, -63.61370086669922, -2.8831892013549805, -7.467377662658691, 23.296173095703125, -7.576073169708252, 12.810579299926758, -4.435121536254883], [309.0753479003906, -25.499774932861328, 67.68584442138672, 177.67994689941406, 30.33309555053711, -23.644447326660156, -46.48051452636719, -27.834651947021484, 19.856924057006836, 8.022764205932617, 11.837632179260254, -3.235508441925049, 12.202522277832031], [-293.096923828125, 77.4298095703125, 5.128975868225098, 30.33309555053711, 151.0387420654297, 9.692238807678223, 70.88037872314453, -4.95984411239624, 40.82407760620117, -4.860254287719727, 24.622615814208984, -2.7326371669769287, 27.902305603027344], [270.2285461425781, -109.19001770019531, -20.620651245117188, -23.644447326660156, 9.692238807678223, 142.7838592529297, 68.46796417236328, 62.37432861328125, -24.181468963623047, -10.53393268585205, -3.7575604915618896, -3.6375107765197754, -8.610716819763184], [-142.06625366210938, 101.55738830566406, -63.61370086669922, -46.48051452636719, 70.88037872314453, 68.46796417236328, 179.5916290283203, 27.810720443725586, 16.854948043823242, -30.211166381835938, 20.125944137573242, -3.4046173095703125, 11.88587760925293], [179.773193359375, -97.72909545898438, -2.8831892013549805, -27.834651947021484, -4.95984411239624, 62.37432861328125, 27.810720443725586, 94.93461608886719, 15.171287536621094, 13.421235084533691, -7.544933795928955, -2.22046160697937, -8.959671974182129], [-125.31114196777344, 56.69465255737305, -7.467377662658691, 19.856924057006836, 40.82407760620117, -24.181468963623047, 16.854948043823242, 15.171287536621094, 87.81278228759766, 25.523038864135742, 22.435609817504883, -11.690413475036621, 10.494035720825195], [81.1425552368164, -44.9788932800293, 23.296173095703125, 8.022764205932617, -4.860254287719727, -10.53393268585205, -30.211166381835938, 13.421235084533691, 25.523038864135742, 63.89567947387695, 11.044695854187012, 7.56258487701416, -15.10046100616455], [-99.0272445678711, 42.088401794433594, -7.576073169708252, 11.837632179260254, 24.622615814208984, -3.7575604915618896, 20.125944137573242, -7.544933795928955, 22.435609817504883, 11.044695854187012, 56.19697570800781, 11.021727561950684, 17.975473403930664], [3.2563297748565674, -25.530658721923828, 12.810579299926758, -3.235508441925049, -2.7326371669769287, -3.6375107765197754, -3.4046173095703125, -2.22046160697937, -11.690413475036621, 7.56258487701416, 11.021727561950684, 58.3695068359375, 15.069659233093262], [-78.84144592285156, 52.68275833129883, -4.435121536254883, 12.202522277832031, 27.902305603027344, -8.610716819763184, 11.88587760925293, -8.959671974182129, 10.494035720825195, -15.10046100616455, 17.975473403930664, 15.069659233093262, 52.477657318115234]], "lowlevel.gfcc.icov": [[0.0013882420025765896, -0.005201093852519989, 0.0017656483687460423, -0.0057803974486887455, 0.0026933227200061083, -0.006050850264728069, 0.0037090068217366934, -0.00622934103012085, 0.003990022465586662, -0.004317712038755417, 0.0032062996178865433, -0.0031571253202855587, 0.0022399381268769503], [-0.005201093852519989, 0.024749653413891792, -0.005313946399837732, 0.02256195805966854, -0.010157028213143349, 0.02677980251610279, -0.017675606533885002, 0.02729838900268078, -0.016544226557016373, 0.01708580181002617, -0.012887385673820972, 0.01459550205618143, -0.011449124664068222], [0.0017656483687460423, -0.005313946399837732, 0.006607504095882177, -0.008481418713927269, 0.0024803162086755037, -0.00620641652494669, 0.004814638290554285, -0.007869075052440166, 0.005863322876393795, -0.006272553466260433, 0.004402752034366131, -0.004106744658201933, 0.0024406188167631626], [-0.0057803974486887455, 0.02256195805966854, -0.008481418713927269, 0.03198041766881943, -0.013014093041419983, 0.024164030328392982, -0.013029513880610466, 0.029126137495040894, -0.019297447055578232, 0.01910838857293129, -0.014572493731975555, 0.01416528970003128, -0.010398010723292828], [0.0026933227200061083, -0.010157028213143349, 0.0024803162086755037, -0.013014093041419983, 0.016319911926984787, -0.012652288191020489, 0.0024475923273712397, -0.009737580083310604, 0.004068570677191019, -0.009523582644760609, 0.006455999333411455, -0.005353501532226801, 0.0002805931435432285], [-0.006050850264728069, 0.02677980251610279, -0.00620641652494669, 0.024164030328392982, -0.012652288191020489, 0.04471764340996742, -0.02399984560906887, 0.019923513755202293, -0.010067236609756947, 0.018692877143621445, -0.01637408323585987, 0.01788974553346634, -0.011352967470884323], [0.0037090068217366934, -0.017675606533885002, 0.004814638290554285, -0.013029513880610466, 0.0024475923273712397, -0.02399984560906887, 0.024773946031928062, -0.01959790661931038, 0.008226864971220493, -0.005518136080354452, 0.0056654117070138454, -0.011893855407834053, 0.010799030773341656], [-0.00622934103012085, 0.02729838900268078, -0.007869075052440166, 0.029126137495040894, -0.009737580083310604, 0.019923513755202293, -0.01959790661931038, 0.051224738359451294, -0.027628421783447266, 0.016835907474160194, -0.010151858441531658, 0.014769993722438812, -0.012965063564479351], [0.003990022465586662, -0.016544226557016373, 0.005863322876393795, -0.019297447055578232, 0.004068570677191019, -0.010067236609756947, 0.008226864971220493, -0.027628421783447266, 0.03576146438717842, -0.022317495197057724, 0.00490197679027915, -0.0023715291172266006, 0.0026193857192993164], [-0.004317712038755417, 0.01708580181002617, -0.006272553466260433, 0.01910838857293129, -0.009523582644760609, 0.018692877143621445, -0.005518136080354452, 0.016835907474160194, -0.022317495197057724, 0.04200266674160957, -0.017245249822735786, 0.0031945197843015194, 0.005181263666599989], [0.0032062996178865433, -0.012887385673820972, 0.004402752034366131, -0.014572493731975555, 0.006455999333411455, -0.01637408323585987, 0.0056654117070138454, -0.010151858441531658, 0.00490197679027915, -0.017245249822735786, 0.033651918172836304, -0.011003686115145683, -0.0019300678977742791], [-0.0031571253202855587, 0.01459550205618143, -0.004106744658201933, 0.01416528970003128, -0.005353501532226801, 0.01788974553346634, -0.011893855407834053, 0.014769993722438812, -0.0023715291172266006, 0.0031945197843015194, -0.011003686115145683, 0.031403809785842896, -0.015894586220383644], [0.0022399381268769503, -0.011449124664068222, 0.0024406188167631626, -0.010398010723292828, 0.0002805931435432285, -0.011352967470884323, 0.010799030773341656, -0.012965063564479351, 0.0026193857192993164, 0.005181263666599989, -0.0019300678977742791, -0.015894586220383644, 0.03605999797582626]], "lowlevel.mfcc.cov": [[3318.1064453125, -0.38465580344200134, 65.10374450683594, -13.39490032196045, 2.136431932449341, 3.5275657176971436, 36.87043762207031, 36.09177017211914, 26.34402084350586, 36.69755935668945, 24.134489059448242, 43.47486114501953, -20.25347137451172], [-0.38465580344200134, 545.728515625, -162.28895568847656, 83.19186401367188, -81.51048278808594, 51.89558029174805, -7.636124134063721, 17.998825073242188, -2.3276822566986084, -8.15011978149414, -2.8050670623779297, -15.68863582611084, 23.205305099487305], [65.10374450683594, -162.28895568847656, 259.2188415527344, 24.03920555114746, 57.43844985961914, -33.56062316894531, -26.43143653869629, -46.11304473876953, -17.741579055786133, -9.962263107299805, -11.43002700805664, -11.427583694458008, -11.309285163879395], [-13.39490032196045, 83.19186401367188, 24.03920555114746, 210.74151611328125, 51.952598571777344, 36.145469665527344, -60.53859329223633, -37.2497673034668, -23.488344192504883, -4.141226291656494, -10.073854446411133, -7.805325031280518, 26.95138168334961], [2.136431932449341, -81.51048278808594, 57.43844985961914, 51.952598571777344, 123.0583267211914, -2.9152700901031494, -16.358278274536133, -31.070775985717773, 12.401007652282715, 4.874341011047363, -3.8053808212280273, 6.84263801574707, 11.09661865234375], [3.5275657176971436, 51.89558029174805, -33.56062316894531, 36.145469665527344, -2.9152700901031494, 85.83682250976562, 36.980499267578125, 29.37948226928711, -0.9456425309181213, 7.749252796173096, 2.3871235847473145, -2.0250115394592285, 4.097667694091797], [36.87043762207031, -7.636124134063721, -26.43143653869629, -60.53859329223633, -16.358278274536133, 36.980499267578125, 127.91434478759766, 71.50404357910156, 28.905765533447266, 2.7861361503601074, 8.110603332519531, 3.6411051750183105, -12.198651313781738], [36.09177017211914, 17.998825073242188, -46.11304473876953, -37.2497673034668, -31.070775985717773, 29.37948226928711, 71.50404357910156, 98.60027313232422, 37.404571533203125, 4.7279582023620605, 5.651552677154541, 11.424922943115234, 0.5803216695785522], [26.34402084350586, -2.3276822566986084, -17.741579055786133, -23.488344192504883, 12.401007652282715, -0.9456425309181213, 28.905765533447266, 37.404571533203125, 68.63397979736328, 19.250621795654297, 13.818111419677734, 9.149100303649902, 3.4968719482421875], [36.69755935668945, -8.15011978149414, -9.962263107299805, -4.141226291656494, 4.874341011047363, 7.749252796173096, 2.7861361503601074, 4.7279582023620605, 19.250621795654297, 60.9940071105957, 28.59444808959961, 13.395517349243164, -7.21585750579834], [24.134489059448242, -2.8050670623779297, -11.43002700805664, -10.073854446411133, -3.8053808212280273, 2.3871235847473145, 8.110603332519531, 5.651552677154541, 13.818111419677734, 28.59444808959961, 55.524410247802734, 22.878286361694336, -1.9781907796859741], [43.47486114501953, -15.68863582611084, -11.427583694458008, -7.805325031280518, 6.84263801574707, -2.0250115394592285, 3.6411051750183105, 11.424922943115234, 9.149100303649902, 13.395517349243164, 22.878286361694336, 56.174720764160156, 20.882360458374023], [-20.25347137451172, 23.205305099487305, -11.309285163879395, 26.95138168334961, 11.09661865234375, 4.097667694091797, -12.198651313781738, 0.5803216695785522, 3.4968719482421875, -7.21585750579834, -1.9781907796859741, 20.882360458374023, 55.66663360595703]], "lowlevel.mfcc.icov": [[0.0003127558738924563, -5.749546107836068e-05, -0.00014486175496131182, -2.2766658730688505e-05, 1.6968178897514008e-05, 1.7120519260060973e-05, -4.938486745231785e-05, -8.645549678476527e-05, -4.4753513066098094e-05, -0.0001341128081548959, 7.3831390182022e-05, -0.00034479788155294955, 0.0002221834729425609], [-5.749546107836068e-05, 0.0029687220230698586, 0.0015314462361857295, -0.0016661208355799317, 0.0022496781311929226, -0.0006466008489951491, -0.00015235270257107913, 0.0008724662475287914, -0.001080534071661532, 0.0005022675613872707, -6.919715087860823e-05, 0.0008619048749096692, -0.0007768127834424376], [-0.00014486175496131182, 0.0015314462361857295, 0.00570578221231699, -0.0012111244723200798, -0.0010583149269223213, 0.0015887953341007233, -0.0007111270097084343, 0.0013057630276307464, 0.000624875130597502, 0.0005767082329839468, 9.187459363602102e-05, 0.0009806586895138025, 0.0006499151349999011], [-2.2766658730688505e-05, -0.0016661208355799317, -0.0012111244723200798, 0.00923131126910448, -0.00426749000325799, -0.005013718735426664, 0.004778717178851366, -0.001009172759950161, 0.0020600773859769106, 3.777398887905292e-05, -0.0006339543033391237, 0.0016764738829806447, -0.0025276734959334135], [1.6968178897514008e-05, 0.0022496781311929226, -0.0010583149269223213, -0.00426749000325799, 0.014368006959557533, -0.0009840913116931915, -0.0024395689833909273, 0.006951966788619757, -0.007127006072551012, -0.00016033192514441907, 0.0027844319120049477, -0.0028393110260367393, -0.0008882795227691531], [1.7120519260060973e-05, -0.0006466008489951491, 0.0015887953341007233, -0.005013718735426664, -0.0009840913116931915, 0.019735287874937057, -0.006761937402188778, -0.004410694353282452, 0.005363693926483393, -0.004200552590191364, -0.0003131678677164018, 0.0023970785550773144, -0.0014581851428374648], [-4.938486745231785e-05, -0.00015235270257107913, -0.0007111270097084343, 0.004778717178851366, -0.0024395689833909273, -0.006761937402188778, 0.01749279908835888, -0.009740389883518219, -0.0007844496867619455, 0.0025640674866735935, -0.0020966853480786085, 0.0008598529384471476, 0.0024909304920583963], [-8.645549678476527e-05, 0.0008724662475287914, 0.0013057630276307464, -0.001009172759950161, 0.006951966788619757, -0.004410694353282452, -0.009740389883518219, 0.02552814595401287, -0.011647554114460945, 0.0018357959343120456, 0.0037400436121970415, -0.00517199095338583, -6.0291040426818654e-05], [-4.4753513066098094e-05, -0.001080534071661532, 0.000624875130597502, 0.0020600773859769106, -0.007127006072551012, 0.005363693926483393, -0.0007844496867619455, -0.011647554114460945, 0.025740697979927063, -0.006746969185769558, -0.003575122682377696, 0.0038034829776734114, -0.003506324253976345], [-0.0001341128081548959, 0.0005022675613872707, 0.0005767082329839468, 3.777398887905292e-05, -0.00016033192514441907, -0.004200552590191364, 0.0025640674866735935, 0.0018