{"song_id": "1183674227543523388", "download": "https://cdn.discordapp.com/attachments/1135911532732108921/1183674227543523388/chirp.mp4?ex=65893187&amp", "lyrics": "[Verse]\nFlying little bird, until fear arises\nIn this vast sky, return to me, dear\nReturn to me, dear\nSource: text-pesen.com\n\nStuck in red trams, we hang around\nHearing honks, summer doesn't please\nOr maybe it pleases for three months\nAs if in a basement\nWith a small window under the ceiling\nWe all overslept\nWe leave everything for later\n\n[Chorus]\nSilence your words, and I will too\nFrom winds and emptiness, your soul\nFly little bird, until fear arises\nIn this vast sky, return to me, dear\nReturn to me, dear\n\nFlying is scary, but it's very important\nThe power of heavenly thirst\nDon't be afraid of stones\nAnd don't be afraid of stones\n\nOn the coast, sad seagulls cry \"meow\nI'll be tender, I'll be tender\nThe wave whispers to the pack of", "style": ["random"], "essentia_features": {"lowlevel.average_loudness": 0.9786012768745422, "lowlevel.barkbands_crest.mean": 15.978883743286133, "lowlevel.barkbands_crest.stdev": 4.3649187088012695, "lowlevel.barkbands_flatness_db.mean": 0.3865812122821808, "lowlevel.barkbands_flatness_db.stdev": 0.127462700009346, "lowlevel.barkbands_kurtosis.mean": 92.71446228027344, "lowlevel.barkbands_kurtosis.stdev": 133.85382080078125, "lowlevel.barkbands_skewness.mean": 5.435435771942139, "lowlevel.barkbands_skewness.stdev": 4.261373519897461, "lowlevel.barkbands_spread.mean": 5.285475254058838, "lowlevel.barkbands_spread.stdev": 11.91981029510498, "lowlevel.dissonance.mean": 0.43384283781051636, "lowlevel.dissonance.stdev": 0.048541001975536346, "lowlevel.dynamic_complexity": 3.0385611057281494, "lowlevel.erbbands_crest.mean": 14.308515548706055, "lowlevel.erbbands_crest.stdev": 5.585992336273193, "lowlevel.erbbands_flatness_db.mean": 0.21534627676010132, "lowlevel.erbbands_flatness_db.stdev": 0.0665508508682251, "lowlevel.erbbands_kurtosis.mean": 20.721879959106445, "lowlevel.erbbands_kurtosis.stdev": 38.51801681518555, "lowlevel.erbbands_skewness.mean": 2.7153573036193848, "lowlevel.erbbands_skewness.stdev": 2.9442996978759766, "lowlevel.erbbands_spread.mean": 45.89644241333008, "lowlevel.erbbands_spread.stdev": 49.90218734741211, "lowlevel.hfc.mean": 11.016061782836914, "lowlevel.hfc.stdev": 10.032049179077148, "lowlevel.loudness_ebu128.integrated": -15.359756469726562, "lowlevel.loudness_ebu128.loudness_range": 0.9434833526611328, "lowlevel.loudness_ebu128.momentary.mean": -15.59512996673584, "lowlevel.loudness_ebu128.momentary.stdev": 1.534661889076233, "lowlevel.loudness_ebu128.short_term.mean": -15.360651969909668, "lowlevel.loudness_ebu128.short_term.stdev": 0.3260714113712311, "lowlevel.melbands_crest.mean": 27.605857849121094, "lowlevel.melbands_crest.stdev": 8.194815635681152, "lowlevel.melbands_flatness_db.mean": 0.49009081721305847, "lowlevel.melbands_flatness_db.stdev": 0.14139200747013092, "lowlevel.melbands_kurtosis.mean": 375.1222229003906, "lowlevel.melbands_kurtosis.stdev": 798.0510864257812, "lowlevel.melbands_skewness.mean": 9.920330047607422, "lowlevel.melbands_skewness.stdev": 10.147343635559082, "lowlevel.melbands_spread.mean": 3.1846885681152344, "lowlevel.melbands_spread.stdev": 9.091363906860352, "lowlevel.pitch_salience.mean": 0.3082212209701538, "lowlevel.pitch_salience.stdev": 0.1825556457042694, "lowlevel.silence_rate_20dB.mean": 0.9814600348472595, "lowlevel.silence_rate_20dB.stdev": 0.13489243388175964, "lowlevel.silence_rate_30dB.mean": 0.6268829703330994, "lowlevel.silence_rate_30dB.stdev": 0.48363280296325684, "lowlevel.silence_rate_60dB.mean": 0.019119350239634514, "lowlevel.silence_rate_60dB.stdev": 0.13694529235363007, "lowlevel.spectral_centroid.mean": 468.2721862792969, "lowlevel.spectral_centroid.stdev": 598.64453125, "lowlevel.spectral_complexity.mean": 4.440903663635254, "lowlevel.spectral_complexity.stdev": 3.7623207569122314, "lowlevel.spectral_decrease.mean": -2.592339853890735e-08, "lowlevel.spectral_decrease.stdev": 2.3151999428705494e-08, "lowlevel.spectral_energy.mean": 0.09884002059698105, "lowlevel.spectral_energy.stdev": 0.08784300088882446, "lowlevel.spectral_energyband_high.mean": 0.00026996294036507607, "lowlevel.spectral_energyband_high.stdev": 0.0006456029950641096, "lowlevel.spectral_energyband_low.mean": 0.08745751529932022, "lowlevel.spectral_energyband_low.stdev": 0.08703570812940598, "lowlevel.spectral_energyband_middle_high.mean": 0.0006535951397381723, "lowlevel.spectral_energyband_middle_high.stdev": 0.001957610482349992, "lowlevel.spectral_energyband_middle_low.mean": 0.013897061347961426, "lowlevel.spectral_energyband_middle_low.stdev": 0.022524861618876457, "lowlevel.spectral_entropy.mean": 6.409622669219971, "lowlevel.spectral_entropy.stdev": 1.0205937623977661, "lowlevel.spectral_flux.mean": 0.11589641869068146, "lowlevel.spectral_flux.stdev": 0.10800860077142715, "lowlevel.spectral_kurtosis.mean": 8.539841651916504, "lowlevel.spectral_kurtosis.stdev": 8.934188842773438, "lowlevel.spectral_rms.mean": 0.008816791698336601, "lowlevel.spectral_rms.stdev": 0.004323572386056185, "lowlevel.spectral_rolloff.mean": 290.9205322265625, "lowlevel.spectral_rolloff.stdev": 1072.5374755859375, "lowlevel.spectral_skewness.mean": 2.2138805389404297, "lowlevel.spectral_skewness.stdev": 1.1992971897125244, "lowlevel.spectral_spread.mean": 5970798.0, "lowlevel.spectral_spread.stdev": 3767865.0, "lowlevel.spectral_strongpeak.mean": 0.7741625905036926, "lowlevel.spectral_strongpeak.stdev": 0.5203086733818054, "lowlevel.zerocrossingrate.mean": 0.01713680475950241, "lowlevel.zerocrossingrate.stdev": 0.029493585228919983, "metadata.audio_properties.analysis.equal_loudness": 0.0, "metadata.audio_properties.analysis.length": 40.04265213012695, "metadata.audio_properties.analysis.sample_rate": 44100.0, "metadata.audio_properties.analysis.start_time": 0.0, "metadata.audio_properties.bit_rate": 125164.0, "metadata.audio_properties.length": 40.042667388916016, "metadata.audio_properties.lossless": 0.0, "metadata.audio_properties.number_channels": 1.0, "metadata.audio_properties.replay_gain": -9.674663543701172, "metadata.audio_properties.sample_rate": 48000.0, "rhythm.beats_count": 59.0, "rhythm.beats_loudness.mean": 0.1648334115743637, "rhythm.beats_loudness.stdev": 0.09936117380857468, "rhythm.bpm": 89.35249328613281, "rhythm.bpm_histogram_first_peak_bpm": 89.0, "rhythm.bpm_histogram_first_peak_weight": 0.375, "rhythm.bpm_histogram_second_peak_bpm": 83.0, "rhythm.bpm_histogram_second_peak_spread": 0.0, "rhythm.bpm_histogram_second_peak_weight": 0.03448275849223137, "rhythm.danceability": 1.9134819507598877, "rhythm.onset_rate": 5.34273099899292, "tonal.chords_changes_rate": 0.04398148134350777, "tonal.chords_number_rate": 0.004629629664123058, "tonal.chords_strength.mean": 0.5670813918113708, "tonal.chords_strength.stdev": 0.09547291696071625, "tonal.hpcp_crest.mean": 12.272769927978516, "tonal.hpcp_crest.stdev": 5.947977066040039, "tonal.hpcp_entropy.mean": 2.2176826000213623, "tonal.hpcp_entropy.stdev": 0.8458277583122253, "tonal.key_edma.strength": 0.5704225897789001, "tonal.key_krumhansl.strength": 0.5882852077484131, "tonal.key_temperley.strength": 0.6296785473823547, "tonal.tuning_diatonic_strength": 0.7166169881820679, "tonal.tuning_equal_tempered_deviation": 0.22023312747478485, "tonal.tuning_frequency": 434.193115234375, "tonal.tuning_nontempered_energy_ratio": 0.8854128122329712, "lowlevel.barkbands.mean": [0.01792122796177864, 0.04674982279539108, 0.019378401339054108, 0.0061903358437120914, 0.006373994518071413, 0.0002863137633539736, 0.0005714137223549187, 0.00018265425751451403, 0.00025249813916161656, 0.00023072589829098433, 0.00012715828779619187, 4.36339141742792e-05, 3.749120151042007e-05, 4.681991777033545e-05, 5.093474464956671e-05, 2.558702908572741e-05, 3.452775490586646e-05, 2.9897077183704823e-05, 2.2164895199239254e-05, 3.3756241464288905e-05, 3.386476601008326e-05, 3.396665124455467e-05, 4.323662869865075e-05, 7.336647831834853e-05, 5.187232818570919e-05, 1.4418948012462351e-05, 7.033780491383368e-08], "lowlevel.barkbands.stdev": [0.02322768233716488, 0.07028219103813171, 0.030865011736750603, 0.017840072512626648, 0.009492970071732998, 0.0007349817315116525, 0.0012655711034312844, 0.0006126926746219397, 0.0007804996566846967, 0.0010113590396940708, 0.0006614591693505645, 0.00018204678781330585, 0.00014176146942190826, 0.00021060214203316718, 0.0001845943770604208, 7.715192623436451e-05, 9.003790910355747e-05, 7.322079909499735e-05, 6.221341755008325e-05, 0.00010191089677391574, 0.0001267814077436924, 0.0001214148651342839, 0.00013393041444942355, 0.00019145823898725212, 0.0001454357843613252, 4.078364509041421e-05, 3.8526135881511436e-07], "lowlevel.erbbands.mean": [2.8820109367370605, 4.749339580535889, 17.816082000732422, 26.66379165649414, 24.63255500793457, 15.666744232177734, 2.6912646293640137, 2.873854875564575, 9.837098121643066, 2.6847095489501953, 6.928283214569092, 4.882157325744629, 5.519571304321289, 5.08540678024292, 5.458056926727295, 1.8555035591125488, 1.5849782228469849, 2.1593663692474365, 2.7035484313964844, 2.15600323677063, 1.4660605192184448, 2.046790361404419, 1.6470409631729126, 1.2338413000106812, 1.2372994422912598, 1.5992695093154907, 1.4162894487380981, 1.355347990989685, 1.3455135822296143, 1.101575255393982, 1.2007838487625122, 1.4289747476577759, 1.2424650192260742, 0.6903048753738403, 0.30544283986091614, 0.09954129159450531, 0.020804347470402718, 0.0014175060205161572, 7.901110802777112e-05, 0.00010980501974700019], "lowlevel.erbbands.stdev": [4.286336421966553, 9.129232406616211, 26.624114990234375, 60.42923355102539, 36.94788360595703, 24.334510803222656, 7.284348964691162, 6.415994644165039, 21.544830322265625, 6.776334285736084, 21.41477394104004, 14.068471908569336, 22.7097110748291, 23.483226776123047, 28.679147720336914, 7.285252571105957, 5.787529945373535, 9.336849212646484, 9.851886749267578, 6.716127872467041, 3.8454556465148926, 5.3497395515441895, 3.9706010818481445, 3.074612617492676, 3.4350008964538574, 4.945282936096191, 5.236335754394531, 5.005955696105957, 4.9599528312683105, 3.9098856449127197, 3.5708892345428467, 3.9573497772216797, 3.282006025314331, 1.9127155542373657, 0.8968918323516846, 0.2785338759422302, 0.06363231688737869, 0.004494707565754652, 0.00011273026029812172, 9.478449646849185e-05], "lowlevel.gfcc.mean": [-122.966552734375, 103.21649932861328, -28.975229263305664, 68.16791534423828, -36.12394714355469, 23.439830780029297, -29.847620010375977, 10.863938331604004, -19.53057289123535, -4.512631416320801, -12.557782173156738, -13.855364799499512, -1.8758115768432617], "lowlevel.melbands.mean": [0.019010890275239944, 0.007781959604471922, 0.004385319538414478, 0.0016564868856221437, 0.00012111396063119173, 7.338311115745455e-05, 0.00013486199895851314, 2.2078547772252932e-05, 6.670126458629966e-05, 2.5828974685282446e-05, 2.9314132916624658e-05, 2.2901658667251468e-05, 1.8136714061256498e-05, 6.784204288123874e-06, 4.163579887972446e-06, 3.6384417398949154e-06, 4.0955319491331466e-06, 4.3639406612783205e-06, 4.171155069343513e-06, 1.8748760339803994e-06, 1.6709025203454075e-06, 2.1694222596124746e-06, 1.8348933963352465e-06, 1.2330488061707001e-06, 9.615844192012446e-07, 8.434789151579025e-07, 9.767543360794662e-07, 1.090940713766031e-06, 9.045552928910183e-07, 8.311413353112584e-07, 7.4708805186674e-07, 8.239986186708848e-07, 5.468110089168476e-07, 6.592090926460514e-07, 6.443471534112177e-07, 7.913637318779365e-07, 9.293500511375896e-07, 9.364770221509389e-07, 6.807679255871335e-07, 5.589270699601911e-07], "lowlevel.melbands.stdev": [0.027526438236236572, 0.01081874594092369, 0.008586373180150986, 0.0024612215347588062, 0.00030137537396512926, 0.00015879412239883095, 0.000293357006739825, 6.610374839510769e-05, 0.00020577364193741232, 7.594795897603035e-05, 0.0001238323311554268, 0.00010830460087163374, 9.262696403311566e-05, 3.269803346483968e-05, 1.679574779700488e-05, 1.3713269254367333e-05, 1.8900664144894108e-05, 1.7143285731435753e-05, 1.5856467143748887e-05, 5.8990426623495296e-06, 4.790638286067406e-06, 6.0918750932614785e-06, 4.900347903458169e-06, 3.053831278521102e-06, 2.46860349761846e-06, 2.645373797349748e-06, 2.452819217069191e-06, 3.83318047170178e-06, 3.4515103379817447e-06, 3.2914956591412192e-06, 2.8287659006309696e-06, 3.2363102491217433e-06, 1.8407370134809753e-06, 2.592354121588869e-06, 2.1153971374587854e-06, 2.3423419861501316e-06, 2.5932511107384926e-06, 2.4883245259843534e-06, 1.8952603113575606e-06, 1.6174560641957214e-06], "lowlevel.melbands128.mean": [0.016607481986284256, 0.030991965904831886, 0.01515038963407278, 0.0053786225616931915, 0.007841775193810463, 0.009705563075840473, 0.006040388252586126, 0.002154857851564884, 0.002565828152000904, 0.002432860666885972, 0.000465833320049569, 0.00011968151375185698, 6.954327545827255e-05, 4.3318366806488484e-05, 3.702841786434874e-05, 7.901220669737086e-05, 0.0002162635064451024, 0.00014638781431131065, 4.374735726742074e-05, 1.6799860532046296e-05, 1.3106093319947831e-05, 2.5921885026036762e-05, 9.414027590537444e-05, 8.797183545539156e-05, 2.159246832889039e-05, 8.127786713885143e-06, 8.044291462283581e-06, 2.74326084763743e-05, 5.71459204365965e-05, 2.854122249118518e-05, 1.0217722774541471e-05, 1.0370999007136561e-05, 2.2179321604198776e-05, 2.364655665587634e-05, 6.032482360751601e-06, 2.937736098829191e-06, 4.2623255467333365e-06, 5.5155096561065875e-06, 3.0122851057967637e-06, 2.51120991379139e-06, 4.331023774284404e-06, 4.631413958122721e-06, 2.930134087364422e-06, 4.481459654925857e-06, 5.61348679184448e-06, 3.5740210932999616e-06, 3.7719962620030856e-06, 5.868375865247799e-06, 3.420698249101406e-06, 1.9244882878410863e-06, 1.9986482584499754e-06, 1.3748968967775e-06, 1.5448616750290967e-06, 1.8393562868368463e-06, 1.8199343685409985e-06, 2.643449533934472e-06, 1.9435597096162383e-06, 1.8955547602672596e-06, 1.9379301647859393e-06, 1.3721873983740807e-06, 1.1305588714094483e-06, 1.170925088445074e-06, 1.1555839591892436e-06, 8.315995501106954e-07, 7.764729161863215e-07, 8.415938168582215e-07, 9.004492653730267e-07, 8.512286058248719e-07, 1.0203561942034867e-06, 1.1241800166317262e-06, 1.0510816537134815e-06, 1.137485583058151e-06, 1.002735189103987e-06, 8.90197952685412e-07, 7.43218208754115e-07, 8.069535510912829e-07, 9.163022127722797e-07, 7.953942144922621e-07, 7.075159942360187e-07, 6.773620384592505e-07, 8.785588079263107e-07, 9.305810522164393e-07, 6.269944492487411e-07, 4.534522588528489e-07, 5.119179604662349e-07, 6.118157216405962e-07, 7.253501053128275e-07, 7.488760047635878e-07, 5.395158382270893e-07, 6.41348719909729e-07, 8.252736165559327e-07, 8.222095857490785e-07, 7.636353984707966e-07, 9.249739036931715e-07, 1.0423344747323426e-06, 9.915853524944396e-07, 9.258686191060406e-07, 8.457519129478897e-07, 6.802924303883628e-07, 6.081443189032143e-07, 5.635678803628252e-07, 5.65655625450745e-07, 5.34661921847146e-07, 4.511854569955176e-07, 3.003849826654914e-07, 2.645039103299496e-07, 2.6618167225933576e-07, 1.973439651692388e-07, 1.7832849152910057e-07, 1.1904578656185549e-07, 9.602844386336074e-08, 8.004379026260722e-08, 6.416593123503844e-08, 4.01514057557506e-08, 2.2163359147953088e-08, 1.0224348478971024e-08, 2.5638284828488622e-09, 3.128302894506163e-10, 8.232234338656497e-11, 6.02334224164558e-11, 4.38039396422063e-11, 2.1150617715570696e-11, 1.1835200354470832e-11, 1.1635337658633116e-11, 1.1425338973525268e-11, 1.1188338450152102e-11, 1.1045199477255352e-11, 1.0979093502394566e-11], "lowlevel.melbands128.stdev": [0.02175729162991047, 0.045980796217918396, 0.026946958154439926, 0.013004494830965996, 0.012586014345288277, 0.01673736982047558, 0.014955547638237476, 0.00614377623423934, 0.0041069029830396175, 0.0038922650273889303, 0.0009503763285465539, 0.00042665167711675167, 0.0002573348465375602, 0.00016034909640438855, 0.00012696831254288554, 0.00019298589904792607, 0.0005040462128818035, 0.00036741048097610474, 0.0001774513948475942, 5.762389628216624e-05, 5.309666448738426e-05, 0.000139428157126531, 0.0003251515154261142, 0.0003037672722712159, 8.013734623091295e-05, 3.651444421848282e-05, 5.428544318419881e-05, 0.00015400088159367442, 0.0002692904381547123, 0.00018078202265314758, 7.982835086295381e-05, 9.13508192752488e-05, 0.00012335415522102267, 0.00016176265489775687, 3.67299908248242e-05, 1.4798594747844618e-05, 1.964083821803797e-05, 2.6218072889605537e-05, 1.5307992725865915e-05, 1.364226500299992e-05, 1.897978836495895e-05, 2.3622254957444966e-05, 2.048926762654446e-05, 2.7178906748304144e-05, 2.9827040634700097e-05, 1.8442509826854803e-05, 2.2633295884588733e-05, 2.9119179089320824e-05, 1.3199412933317944e-05, 8.161402547557373e-06, 7.71363738749642e-06, 4.718953277915716e-06, 5.46337560081156e-06, 6.922897682670737e-06, 5.8482073654886335e-06, 9.305359526479151e-06, 6.083523203415098e-06, 5.88354532737867e-06, 6.15135695625213e-06, 3.917238245776389e-06, 3.0625394629169023e-06, 3.7732033888460137e-06, 3.2670841392246075e-06, 2.325465402464033e-06, 2.597695356598706e-06, 2.9987836569489446e-06, 3.085893695242703e-06, 2.599606204967131e-06, 2.852888883353444e-06, 2.8119311537011527e-06, 4.281732344679767e-06, 4.889661340712337e-06, 4.381328380986815e-06, 3.606226300689741e-06, 3.293708005003282e-06, 3.75990725842712e-06, 3.4122172110073734e-06, 3.366650616953848e-06, 2.8843462587246904e-06, 3.0923740723665105e-06, 3.7653908293577842e-06, 3.761497055165819e-06, 2.4179121282941196e-06, 1.5051894024509238e-06, 1.8327348243474262e-06, 2.526905745980912e-06, 3.460076413830393e-06, 3.1492404559685383e-06, 2.0020904685225105e-06, 2.1048433609394124e-06, 2.7209291602048324e-06, 2.6112318209925434e-06, 2.454743025737116e-06, 2.8221256798133254e-06, 2.9495961371139856e-06, 2.909020395236439e-06, 2.602307176857721e-06, 2.775750090222573e-06, 2.0153615878371056e-06, 1.8686869225348346e-06, 1.7205111362272874e-06, 1.706400894363469e-06, 1.7721179119689623e-06, 1.5111362472453038e-06, 1.0352192703066976e-06, 8.528795660822652e-07, 8.197548595489934e-07, 5.908689217903884e-07, 5.443730515253264e-07, 3.586303876090824e-07, 3.277581868132984e-07, 2.7349133802090364e-07, 2.318476646223644e-07, 1.4394703384823515e-07, 7.687511072163034e-08, 4.6357918392914144e-08, 1.238741198505977e-08, 3.284724048313592e-09, 1.7219551340375006e-09, 1.2200068733037028e-09, 9.118878985248102e-10, 3.304736484466275e-10, 1.583170400332179e-11, 1.5559574462198356e-11, 1.5335240022285035e-11, 1.5153748048057913e-11, 1.5022448562884705e-11, 1.4941636469756325e-11], "lowlevel.mfcc.mean": [-791.6148681640625, 128.57916259765625, 71.15730285644531, 54.10176467895508, 34.2279052734375, 18.398317337036133, 17.904529571533203, 8.577770233154297, 11.283390998840332, 8.55516529083252, -3.2033021450042725, 2.2992217540740967, -3.828640937805176], "lowlevel.spectral_contrast_coeffs.mean": [-0.6009588241577148, -0.7732818126678467, -0.8270881175994873, -0.8330820202827454, -0.8275613188743591, -0.8110314011573792], "lowlevel.spectral_contrast_coeffs.stdev": [0.10359758138656616, 0.09689128398895264, 0.06886105984449387, 0.05638027936220169, 0.05058499798178673, 0.03706759214401245], "lowlevel.spectral_contrast_valleys.mean": [-7.113080024719238, -8.315366744995117, -9.329543113708496, -9.621578216552734, -9.225296974182129, -11.117975234985352], "lowlevel.spectral_contrast_valleys.stdev": [0.9192624092102051, 1.263221263885498, 1.2999049425125122, 1.29740571975708, 1.270702600479126, 1.1979418992996216], "rhythm.beats_loudness_band_ratio.mean": [0.9274424314498901, 0.07809478044509888, 0.01920495741069317, 0.012439305894076824, 0.0033499840646982193, 0.0025677932426333427], "rhythm.beats_loudness_band_ratio.stdev": [0.13152113556861877, 0.1568913757801056, 0.03129763901233673, 0.06758961826562881, 0.008781504817306995, 0.003796423552557826], "tonal.hpcp.mean": [0.14359329640865326, 0.17543843388557434, 0.1255648285150528, 0.0627826377749443, 0.04323583468794823, 0.03002667799592018, 0.0188178438693285, 0.022521616891026497, 0.031060948967933655, 0.049388986080884933, 0.10107951611280441, 0.2018672078847885, 0.2672811448574066, 0.1970471292734146, 0.1087978258728981, 0.08581613749265671, 0.0789378359913826, 0.07052064687013626, 0.06532357633113861, 0.062950000166893, 0.05643681064248085, 0.04499915614724159, 0.028517739847302437, 0.018517693504691124, 0.012808804400265217, 0.013316391967236996, 0.016866547986865044, 0.013783816248178482, 0.011913462541997433, 0.016893301159143448, 0.033635638654232025, 0.049545805901288986, 0.07965610921382904, 0.11704238504171371, 0.10979878157377243, 0.1008685752749443], "tonal.hpcp.stdev": [0.2845245897769928, 0.3419797718524933, 0.28028395771980286, 0.20935070514678955, 0.1677239090204239, 0.14195284247398376, 0.10494612902402878, 0.11442340910434723, 0.14294090867042542, 0.1698656678199768, 0.2404886931180954, 0.3361101746559143, 0.38477641344070435, 0.3338117003440857, 0.2574298679828644, 0.21787874400615692, 0.2132807970046997, 0.20895516872406006, 0.20472772419452667, 0.20791670680046082, 0.19404129683971405, 0.18259476125240326, 0.13938307762145996, 0.1144503504037857, 0.08628495782613754, 0.09371142834424973, 0.10798102617263794, 0.08967824280261993, 0.08119449019432068, 0.09223092347383499, 0.14518237113952637, 0.1614024043083191, 0.2060423046350479, 0.2527271807193756, 0.24120253324508667, 0.23838073015213013], "rhythm.beats_position": [0.6965986490249634, 1.3931972980499268, 2.1014058589935303, 2.8212244510650635, 3.529433012008667, 4.23764181137085, 4.945850372314453, 5.665668964385986, 6.36226749420166, 7.035645961761475, 7.709024906158447, 8.370793342590332, 9.044172286987305, 9.717551231384277, 10.379319190979004, 11.052698135375977, 11.72607707977295, 12.399456024169922, 13.072834014892578, 13.74621295928955, 14.419591903686523, 15.09296989440918, 15.766348838806152, 16.428117752075195, 17.10149574279785, 17.76326560974121, 18.436643600463867, 19.110021591186523, 19.783401489257812, 20.44516944885254, 21.1069393157959, 21.780317306518555, 22.46530532836914, 23.1270751953125, 23.800453186035156, 24.473831176757812, 25.1472110748291, 25.808979034423828, 26.470746994018555, 27.144126892089844, 27.8175048828125, 28.49088478088379, 29.164262771606445, 29.8376407623291, 30.51102066040039, 31.172788619995117, 31.846166610717773, 32.5079345703125, 33.19292449951172, 33.85469436645508, 34.528072357177734, 35.20145034790039, 35.87482833862305, 36.5482063293457, 37.20997619628906, 37.87174606323242, 38.556732177734375, 39.218502044677734, 39.89188003540039], "rhythm.bpm_histogram": [0.0, 0.0, 0.0, 0.0, 0.0, 0.0, 0.0, 0.0, 0.0, 0.0, 0.0, 0.0, 0.0, 0.0, 0.0, 0.0, 0.0, 0.0, 0.0, 0.0, 0.0, 0.0, 0.0, 0.0, 0.0, 0.0, 0.0, 0.0, 0.0, 0.0, 0.0, 0.0, 0.0, 0.0, 0.0, 0.0, 0.0, 0.0, 0.0, 0.0, 0.0, 0.0, 0.0, 0.0, 0.0, 0.0, 0.0, 0.0, 0.0, 0.0, 0.0, 0.0, 0.0, 0.0, 0.0, 0.0, 0.0, 0.0, 0.0, 0.0, 0.0, 0.0, 0.0, 0.0, 0.0, 0.0, 0.0, 0.0, 0.0, 0.0, 0.0, 0.0, 0.0, 0.0, 0.0, 0.0, 0.0, 0.0, 0.0, 0.0, 0.0, 0.0, 0.0, 0.03448275849223137, 0.0, 0.06896551698446274, 0.03448275849223137, 0.0, 0.0517241396009922, 0.5517241358757019, 0.0, 0.2586206793785095, 0.0, 0.0, 0.0, 0.0, 0.0, 0.0, 0.0, 0.0, 0.0, 0.0, 0.0, 0.0, 0.0, 0.0, 0.0, 0.0, 0.0, 0.0, 0.0, 0.0, 0.0, 0.0, 0.0, 0.0, 0.0, 0.0, 0.0, 0.0, 0.0, 0.0, 0.0, 0.0, 0.0, 0.0, 0.0, 0.0, 0.0, 0.0, 0.0, 0.0, 0.0, 0.0, 0.0, 0.0, 0.0, 0.0, 0.0, 0.0, 0.0, 0.0, 0.0, 0.0, 0.0, 0.0, 0.0, 0.0, 0.0, 0.0, 0.0, 0.0, 0.0, 0.0, 0.0, 0.0, 0.0, 0.0, 0.0, 0.0, 0.0, 0.0, 0.0, 0.0, 0.0, 0.0, 0.0, 0.0, 0.0, 0.0, 0.0, 0.0, 0.0, 0.0, 0.0, 0.0, 0.0, 0.0, 0.0, 0.0, 0.0, 0.0, 0.0, 0.0, 0.0, 0.0, 0.0, 0.0, 0.0, 0.0, 0.0, 0.0, 0.0, 0.0, 0.0, 0.0, 0.0, 0.0, 0.0, 0.0, 0.0, 0.0, 0.0, 0.0, 0.0, 0.0, 0.0, 0.0, 0.0, 0.0, 0.0, 0.0, 0.0, 0.0, 0.0, 0.0, 0.0, 0.0, 0.0, 0.0, 0.0, 0.0, 0.0, 0.0, 0.0, 0.0, 0.0, 0.0, 0.0, 0.0, 0.0, 0.0, 0.0, 0.0, 0.0, 0.0, 0.0, 0.0, 0.0, 0.0, 0.0, 0.0, 0.0, 0.0, 0.0, 0.0, 0.0, 0.0, 0.0, 0.0], "tonal.chords_histogram": [1.0416666269302368, 0.0, 0.0, 0.0, 0.0, 0.0, 0.0, 0.0, 0.0, 84.02777862548828, 7.1759257316589355, 0.0, 0.0, 0.0, 0.0, 0.0, 0.46296295523643494, 0.0, 0.0, 0.0, 0.0, 0.0, 0.0, 7.291666507720947], "tonal.thpcp": [1.0, 0.7372279167175293, 0.4070538878440857, 0.32107067108154297, 0.2953363358974457, 0.26384446024894714, 0.2444002479314804, 0.23551979660987854, 0.21115148067474365, 0.16835889220237732, 0.10669566690921783, 0.06928170472383499, 0.047922588884830475, 0.04982166737318039, 0.06310414522886276, 0.051570478826761246, 0.044572774320840836, 0.06320423632860184, 0.12584365904331207, 0.18536962568759918, 0.29802367091178894, 0.4378998875617981, 0.4107988178730011, 0.37738755345344543, 0.5372369289398193, 0.6563816070556641, 0.46978557109832764, 0.23489363491535187, 0.16176162660121918, 0.11234117299318314, 0.07040467858314514, 0.08426190167665482, 0.11621077358722687, 0.18478290736675262, 0.378176748752594, 0.7552616596221924], "lowlevel.gfcc.cov": [[9324.080078125, 15.614958763122559, -2397.228515625, -666.1266479492188, -1327.346435546875, -459.7002868652344, -785.5874633789062, 256.56903076171875, -430.7290954589844, 38.73278045654297, -402.499755859375, -56.257450103759766, -351.3194580078125], [15.614958763122559, 2260.924560546875, -811.6753540039062, -690.8807373046875, 217.79734802246094, -709.2020263671875, 116.24724578857422, -221.18704223632812, 126.91911315917969, -240.8623504638672, 233.88958740234375, -235.07749938964844, 211.9952392578125], [-2397.228515625, -811.6753540039062, 1861.08447265625, 703.4170532226562, 304.79437255859375, 500.7190856933594, 203.5211639404297, -16.593318939208984, 216.4100341796875, 135.64808654785156, 98.6002426147461, 126.4916000366211, 28.599824905395508], [-666.1266479492188, -690.8807373046875, 703.4170532226562, 914.416259765625, 180.3203582763672, 136.1545867919922, -4.326205730438232, -25.328702926635742, 137.7645721435547, -2.735790491104126, -5.423177719116211, 66.0224838256836, -25.766244888305664], [-1327.346435546875, 217.79734802246094, 304.79437255859375, 180.3203582763672, 660.3837890625, 118.01033782958984, 294.7438659667969, 6.39945125579834, 211.8087615966797, 16.612260818481445, 120.56914520263672, 15.41368579864502, 135.77444458007812], [-459.7002868652344, -709.2020263671875, 500.7190856933594, 136.1545867919922, 118.01033782958984, 656.3587036132812, 250.00123596191406, 30.341259002685547, -14.443587303161621, 121.8187255859375, -44.70521926879883, 53.97784423828125, -60.432193756103516], [-785.5874633789062, 116.24724578857422, 203.5211639404297, -4.326205730438232, 294.7438659667969, 250.00123596191406, 477.72064208984375, 53.08650207519531, 86.7772445678711, 47.4339599609375, 123.63990020751953, 8.914838790893555, 53.85888671875], [256.56903076171875, -221.18704223632812, -16.593318939208984, -25.328702926635742, 6.39945125579834, 30.341259002685547, 53.08650207519531, 294.833984375, 80.93533325195312, 83.7838134765625, 41.59757614135742, 43.804542541503906, 32.60152053833008], [-430.7290954589844, 126.91911315917969, 216.4100341796875, 137.7645721435547, 211.8087615966797, -14.443587303161621, 86.7772445678711, 80.93533325195312, 300.1105041503906, 82.34291076660156, 102.0485610961914, 9.848642349243164, 103.94805145263672], [38.73278045654297, -240.8623504638672, 135.64808654785156, -2.735790491104126, 16.612260818481445, 121.8187255859375, 47.4339599609375, 83.7838134765625, 82.34291076660156, 199.67344665527344, 39.77668380737305, 41.283817291259766, 3.1285693645477295], [-402.499755859375, 233.88958740234375, 98.6002426147461, -5.423177719116211, 120.56914520263672, -44.70521926879883, 123.63990020751953, 41.59757614135742, 102.0485610961914, 39.77668380737305, 223.17379760742188, 29.329120635986328, 108.76335906982422], [-56.257450103759766, -235.07749938964844, 126.4916000366211, 66.0224838256836, 15.41368579864502, 53.97784423828125, 8.914838790893555, 43.804542541503906, 9.848642349243164, 41.283817291259766, 29.329120635986328, 133.7250213623047, 15.374246597290039], [-351.3194580078125, 211.9952392578125, 28.599824905395508, -25.766244888305664, 135.77444458007812, -60.432193756103516, 53.85888671875, 32.60152053833008, 103.94805145263672, 3.1285693645477295, 108.76335906982422, 15.374246597290039, 175.58187866210938]], "lowlevel.gfcc.icov": [[0.00028914667200297117, -0.00038155680522322655, 0.00038910331204533577, -0.0003989313845522702, 0.00045435974607244134, -0.0004569625307340175, 0.00034446801873855293, -0.0004844810755457729, 0.00015141279436647892, -0.0004623756976798177, 0.0002854913764167577, -0.0004029477422591299, 0.000170016530319117], [-0.00038155680522322655, 0.0037935939617455006, -0.0003702862304635346, 0.002856646664440632, -0.0012650520075112581, 0.003296221373602748, -0.0019439590396359563, 0.0031496963929384947, -0.0025322383735328913, 0.003037686925381422, -0.0023319076281040907, 0.003135852748528123, -0.00012512940156739205], [0.00038910331204533577, -0.0003702862304635346, 0.0015976954018697143, -0.00104836979880929, 0.0005766713875345886, -0.001243233447894454, 0.0005189455696381629, -0.00020982242131140083, -0.0003298649098724127, -0.000614869175478816, -0.00018971650570165366, -0.0007797795697115362, 0.00020952880731783807], [-0.0003989313845522702, 0.002856646664440632, -0.00104836979880929, 0.004066241439431906, -0.0014784917002543807, 0.0024650178384035826, -0.0010253633372485638, 0.0024714325554668903, -0.0027495180256664753, 0.003214024705812335, -0.001708867959678173, 0.0017604061868041754, 0.0008424356929026544], [0.00045435974607244134, -0.0012650520075112581, 0.0005766713875345886, -0.0014784917002543807, 0.0038674245588481426, -0.001346008270047605, -0.0007765971240587533, -0.0006942856125533581, -0.0007084759999997914, -0.0007153059705160558, 0.0012651336146518588, -0.0013385192723944783, -0.0011954226065427065], [-0.0004569625307340175, 0.003296221373602748, -0.001243233447894454, 0.0024650178384035826, -0.001346008270047605, 0.006350475363433361, -0.003718305379152298, 0.002753611421212554, -0.00094077386893332, 0.0008369963034056127, -0.00011968804756179452, 0.0023432548623532057, -6.304237467702478e-05], [0.00034446801873855293, -0.0019439590396359563, 0.0005189455696381629, -0.0010253633372485638, -0.0007765971240587533, -0.003718305379152298, 0.005730700679123402, -0.0022977315820753574, 0.0011062315898016095, -0.0008341361535713077, -0.0014546605525538325, -0.0009312306065112352, 0.0011334524024277925], [-0.0004844810755457729, 0.0031496963929384947, -0.00020982242131140083, 0.0024714325554668903, -0.0006942856125533581, 0.002753611421212554, -0.0022977315820753574, 0.007129222620278597, -0.0032620036508888006, 0.0014334997395053506, -0.0017961839912459254, 0.0013595765922218561, -0.0006105094216763973], [0.00015141279436647892, -0.0025322383735328913, -0.0003298649098724127, -0.0027495180256664753, -0.0007084759999997914, -0.00094077386893332, 0.0011062315898016095, -0.0032620036508888006, 0.008934816345572472, -0.004972418304532766, 0.001228703185915947, -0.0003753138880711049, -0.0024282466620206833], [-0.0004623756976798177, 0.003037686925381422, -0.000614869175478816, 0.003214024705812335, -0.0007153059705160558, 0.0008369963034056127, -0.0008341361535713077, 0.0014334997395053506, -0.004972418304532766, 0.010877292603254318, -0.003528763074427843, 0.001062994822859764, 0.0016526483232155442], [0.0002854913764167577, -0.0023319076281040907, -0.00018971650570165366, -0.001708867959678173, 0.0012651336146518588, -0.00011968804756179452, -0.0014546605525538325, -0.0017961839912459254, 0.001228703185915947, -0.003528763074427843, 0.010258813388645649, -0.0031808337662369013, -0.0038136953953653574], [-0.0004029477422591299, 0.003135852748528123, -0.0007797795697115362, 0.0017604061868041754, -0.0013385192723944783, 0.0023432548623532057, -0.0009312306065112352, 0.0013595765922218561, -0.0003753138880711049, 0.001062994822859764, -0.0031808337662369013, 0.012051365338265896, -0.0012139527825638652], [0.000170016530319117, -0.00012512940156739205, 0.00020952880731783807, 0.0008424356929026544, -0.0011954226065427065, -6.304237467702478e-05, 0.0011334524024277925, -0.0006105094216763973, -0.0024282466620206833, 0.0016526483232155442, -0.0038136953953653574, -0.0012139527825638652, 0.010821281932294369]], "lowlevel.mfcc.cov": [[10611.0068359375, -161.17527770996094, -1876.91162109375, -851.5267944335938, -1016.2371826171875, -1158.362060546875, -669.9216918945312, -468.78265380859375, -368.28076171875, -270.5360412597656, -239.12197875976562, -181.31724548339844, -290.827392578125], [-161.17527770996094, 2463.67822265625, -997.4916381835938, -206.12525939941406, -217.47079467773438, -376.93316650390625, 4.629522323608398, -173.6240234375, -73.89301300048828, -54.71824264526367, -51.69563293457031, 23.60421371459961, -83.07644653320312], [-1876.91162109375, -997.4916381835938, 1576.951416015625, 283.3126525878906, 293.15106201171875, 439.40777587890625, 61.21928024291992, 132.45870971679688, 72.86072540283203, 79.91577911376953, 90.88980102539062, 81.32823944091797, 129.8579559326172], [-851.5267944335938, -206.12525939941406, 283.3126525878906, 723.0969848632812, 290.6659851074219, 65.40584564208984, -81.48137664794922, 78.35767364501953, 47.19971466064453, -31.667037963867188, 40.15923309326172, 72.22335052490234, 73.41449737548828], [-1016.2371826171875, -217.47079467773438, 293.15106201171875, 290.6659851074219, 431.2624206542969, 160.9278106689453, -12.403972625732422, 71.05641174316406, 110.13633728027344, 57.34403991699219, 25.793285369873047, 52.5019416809082, 68.65782928466797], [-1158.362060546875, -376.93316650390625, 439.40777587890625, 65.40584564208984, 160.9278106689453, 651.6446533203125, 194.64808654785156, 148.87261962890625, 86.78105926513672, 95.1414794921875, 116.91747283935547, -39.532630920410156, 72.57441711425781], [-669.9216918945312, 4.629522323608398, 61.21928024291992, -81.48137664794922, -12.403972625732422, 194.64808654785156, 371.1402282714844, 144.171630859375, 51.31269073486328, 92.00552368164062, 67.68992614746094, 12.268569946289062, 38.448036193847656], [-468.78265380859375, -173.6240234375, 132.45870971679688, 78.35767364501953, 71.05641174316406, 148.87261962890625, 144.171630859375, 227.4452667236328, 85.49333953857422, 45.72958755493164, 57.35927963256836, 17.911508560180664, 56.39009094238281], [-368.28076171875, -73.89301300048828, 72.86072540283203, 47.19971466064453, 110.13633728027344, 86.78105926513672, 51.31269073486328, 85.49333953857422, 187.5288543701172, 116.9953384399414, 54.07817840576172, 22.487606048583984, 48.38799285888672], [-270.5360412597656, -54.71824264526367, 79.91577911376953, -31.667037963867188, 57.34403991699219, 95.1414794921875, 92.00552368164062, 45.72958755493164, 116.9953384399414, 212.06988525390625, 102.49224090576172, 17.827312469482422, 53.45760726928711], [-239.12197875976562, -51.69563293457031, 90.88980102539062, 40.15923309326172, 25.793285369873047, 116.91747283935547, 67.68992614746094, 57.35927963256836, 54.07817840576172, 102.49224090576172, 159.3753204345703, 40.52650833129883, 56.28586196899414], [-181.31724548339844, 23.60421371459961, 81.32823944091797, 72.22335052490234, 52.5019416809082, -39.532630920410156, 12.268569946289062, 17.911508560180664, 22.487606048583984, 17.827312469482422, 40.52650833129883, 130.439697265625, 52.01273727416992], [-290.827392578125, -83.07644653320312, 129.8579559326172, 73.41449737548828, 68.65782928466797, 72.57441711425781, 38.448036193847656, 56.39009094238281, 48.38799285888672, 53.45760726928711, 56.28586196899414, 52.01273727416992, 124.03300476074219]], "lowlevel.mfcc.icov": [[0.0002089346235152334, 0.00016334914835169911, 0.00023258831060957164, 0.0001034889355651103, 0.00029857648769393563, 0.00013746056356467307, 0.0003117940213996917, 3.347032020428742e-07, 9.661654621595517e-05, -6.157845928100869e-05, -5.093933214084245e-05, -3.289710730314255e-05, -2.220487476733979e-05], [0.00016334914835169911, 0.000715849397238344, 0.0005246750661171973, 7.168769661802799e-05, 0.00024258530174847692, 0.00018260885553900152, -1.246618376171682e-05, 0.00039976820698939264, 1.3996813322592061e-05, 4.4119140511611477e-05, -0.00010330649092793465, -0.0003499989106785506, 2.089783811243251e-05], [0.00023258831060957164, 0.0005246750661171973, 0.0013794784899801016, -2.8935135560459457e-05, 0.00013665066217072308, -0.0004590971511788666, 0.000447827682364732, 3.623542215791531e-05, 0.0004474814631976187, -0.00034559762571007013, 0.00023246121418196708, -0.0008529878687113523, -0.0002660711470525712], [0.0001034889355651103, 7.168769661802799e-05, -2.8935135560459457e-05, 0.0023364878725260496, -0.0012882703449577093, 0.0003136626910418272, 0.0006926661590114236, -0.0006428004708141088, 9.909921936923638e-05, 0.0011268273228779435, -0.0010372060351073742, -0.00018507805361878127, -0.00043090159306302667], [0.00029857648769393563, 0.00024258530174847692, 0.00013665066217072308, -0.0012882703449577093, 0.0048649851232767105, -0.0008293744176626205, 0.0010439312318339944, -1.9553231140889693e-06, -0.0013984300894662738, -0.0011014839401468635, 0.0017735479632392526, -0.0013634497299790382, -0.00026117160450667143], [0.00013746056356467307, 0.00018260885553900152, -0.0004590971511788666, 0.0003136626910418272, -0.0008293744176626205, 0.0032576443627476692, -0.0010705534368753433, -0.00018447903858032078, -0.00023941397375892848, 0.000837945903185755, -0.002167702419683337, 0.0025802673771977425, -0.0006577515159733593], [0.0003117940213996917, -1.246618376171682e-05, 0.000447827682364732, 0.0006926661590114236, 0.0010439312318339944, -0.0010705534368753433, 0.005378597881644964, -0.003095164429396391, 0.0013069977285340428, -0.00213175592944026, 0.0006323502748273313, -0.0013029018882662058, 0.0003006327024195343], [3.347032020428742e-07, 0.00039976820698939264, 3.623542215791531e-05, -0.0006428004708141088, -1.9553231140889693e-06, -0.00018447903858032078, -0.003095164429396391, 0.008463348262012005, -0.0034649355802685022, 0.0025071101263165474, -0.0013788493815809488, 0.0006307817529886961, -0.0015358085511252284], [9.661654621595517e-05, 1.3996813322592061e-05, 0.0004474814631976187, 9.909921936923638e-05, -0.0013984300894662738, -0.00023941397375892848, 0.0013069977285340428, -0.0034649355802685022, 0.010939305648207664, -0.005921660456806421, 0.0013260224368423223, -0.0007667374447919428, -0.00020258489530533552], [-6.157845928100869e-05, 4.4119140511611477e-05, -0.00034559762571007013, 0.0011268273228779435, -0.0011014839401468635, 0.000837945903185755, -0.00213175592944026, 0.0025071101263165474, -0.005921660456806421, 0.011672697961330414, -0.006038285326212645, 0.00198878301307559, -0.0015941063174977899], [-5.093933214084245e-05, -0.00010330649092793465, 0.00023246121418196708, -0.0010372060351073742, 0.0017735479632392526, -0.002167702419683337, 0.0006323502748273313, -0.0013788493815809488, 0.0013260224368423223, -0.006038285326212645, 0.012620599940419197, -0.0037159044295549393, -0.0011843906249850988], [-3.289710730314255e-05, -0.0003499989106785506, -0.0008529878687113523, -0.00018507805361878127, -0.0013634497299790382, 0.0025802673771977425, -0.0013029018882662058, 0.0006307817529886961, -0.0007667374447919428, 0.00198878301307559, -0.0037159044295549393, 0.012282674200832844, -0.003969366196542978], [-2.220487476733979e-05, 2.089783811243251e-05, -0.0002660711470525712, -0.00043090159306302667, -0.00026117160450667143, -0.0006577515159733593, 0.0003006327024195343, -0.0015358085511252284, -0.00020258489530533552, -0.0015941063174977899, -0.0011843906249850988, -0.003969366196542978, 0.012660494074225426]], "metadata.audio_properties.analysis.downmix": "mix", "metadata.audio_properties.codec": "mp3", "metadata.audio_properties.md5_encoded": "266ceebc90a09c96fc6663924ed626d5", "metadata.tags.file_name": "1183674227543523388.mp3", "metadata.version.essentia": "2.1-beta6-dev", "metadata.version.essentia_git