{"song_id": "1183702836803026964", "download": "https://cdn.discordapp.com/attachments/1128313332273782784/1183702836803026964/chirp.mp4?ex=65894c2c&amp", "lyrics": "Sunce sja na nebu plavom,\nCvjetaju cvjeti\u0107i raznobojnom.\nPtice pjevaju u jutarnjoj \u0161umi,\nDjeca se smiju, radosti puni.\n\nTrava zelena pod nogama ska\u010de,\nSre\u0107a raste, kao cvijet cvjeta\u010de.\nIgrajmo se, veselo i s ljubavlju,\nDje\u010dji svijet pun radosti i zabave.\n\n[verse]\nMi pjevamo, mi smo sretni\nZajedno pjesmu pjevajmo mi\nSvaki ton nam srce grije\nSvi u glas, neka veselje traje\n\n[chorus]\nPjevajmo, pjevajmo svi zajedno\nRadost neka zauvijek traje u svakom trenu\nPjesmom sre\u0107u svijetu donosimo\nMi mali, veliki pjeva\u010di, osmijehom zra\u010dimo", "style": ["synthpop"], "essentia_features": {"lowlevel.average_loudness": 0.9744994044303894, "lowlevel.barkbands_crest.mean": 14.06885814666748, "lowlevel.barkbands_crest.stdev": 3.7937774658203125, "lowlevel.barkbands_flatness_db.mean": 0.2924254536628723, "lowlevel.barkbands_flatness_db.stdev": 0.08655678480863571, "lowlevel.barkbands_kurtosis.mean": 39.91432189941406, "lowlevel.barkbands_kurtosis.stdev": 41.078880310058594, "lowlevel.barkbands_skewness.mean": 4.525388717651367, "lowlevel.barkbands_skewness.stdev": 2.49973726272583, "lowlevel.barkbands_spread.mean": 9.390495300292969, "lowlevel.barkbands_spread.stdev": 11.97114372253418, "lowlevel.dissonance.mean": 0.3845522403717041, "lowlevel.dissonance.stdev": 0.06325097382068634, "lowlevel.dynamic_complexity": 2.288895606994629, "lowlevel.erbbands_crest.mean": 14.530089378356934, "lowlevel.erbbands_crest.stdev": 4.29384183883667, "lowlevel.erbbands_flatness_db.mean": 0.29172688722610474, "lowlevel.erbbands_flatness_db.stdev": 0.07524808496236801, "lowlevel.erbbands_kurtosis.mean": 17.284189224243164, "lowlevel.erbbands_kurtosis.stdev": 21.152875900268555, "lowlevel.erbbands_skewness.mean": 3.035536289215088, "lowlevel.erbbands_skewness.stdev": 2.0203447341918945, "lowlevel.erbbands_spread.mean": 27.375917434692383, "lowlevel.erbbands_spread.stdev": 26.142606735229492, "lowlevel.hfc.mean": 13.172986030578613, "lowlevel.hfc.stdev": 10.794245719909668, "lowlevel.loudness_ebu128.integrated": -15.725448608398438, "lowlevel.loudness_ebu128.loudness_range": 1.6873302459716797, "lowlevel.loudness_ebu128.momentary.mean": -15.897790908813477, "lowlevel.loudness_ebu128.momentary.stdev": 1.253490924835205, "lowlevel.loudness_ebu128.short_term.mean": -15.787154197692871, "lowlevel.loudness_ebu128.short_term.stdev": 0.6035588979721069, "lowlevel.melbands_crest.mean": 16.880229949951172, "lowlevel.melbands_crest.stdev": 3.7527856826782227, "lowlevel.melbands_flatness_db.mean": 0.32959896326065063, "lowlevel.melbands_flatness_db.stdev": 0.10012874752283096, "lowlevel.melbands_kurtosis.mean": 73.3424072265625, "lowlevel.melbands_kurtosis.stdev": 64.76395416259766, "lowlevel.melbands_skewness.mean": 5.623419284820557, "lowlevel.melbands_skewness.stdev": 2.9291296005249023, "lowlevel.melbands_spread.mean": 8.169855117797852, "lowlevel.melbands_spread.stdev": 13.79340934753418, "lowlevel.pitch_salience.mean": 0.5633093118667603, "lowlevel.pitch_salience.stdev": 0.12603548169136047, "lowlevel.silence_rate_20dB.mean": 1.0, "lowlevel.silence_rate_20dB.stdev": 0.0, "lowlevel.silence_rate_30dB.mean": 1.0, "lowlevel.silence_rate_30dB.stdev": 0.0, "lowlevel.silence_rate_60dB.mean": 0.03823870047926903, "lowlevel.silence_rate_60dB.stdev": 0.19177040457725525, "lowlevel.spectral_centroid.mean": 698.6972045898438, "lowlevel.spectral_centroid.stdev": 654.6735229492188, "lowlevel.spectral_complexity.mean": 6.885863304138184, "lowlevel.spectral_complexity.stdev": 5.147226333618164, "lowlevel.spectral_decrease.mean": -5.518672185900186e-09, "lowlevel.spectral_decrease.stdev": 4.341398796015028e-09, "lowlevel.spectral_energy.mean": 0.022023597732186317, "lowlevel.spectral_energy.stdev": 0.017117159441113472, "lowlevel.spectral_energyband_high.mean": 0.0005515566444955766, "lowlevel.spectral_energyband_high.stdev": 0.0009909662185236812, "lowlevel.spectral_energyband_low.mean": 7.5330203799239825e-06, "lowlevel.spectral_energyband_low.stdev": 2.6053252440760843e-05, "lowlevel.spectral_energyband_middle_high.mean": 0.0010189125314354897, "lowlevel.spectral_energyband_middle_high.stdev": 0.0019717568065971136, "lowlevel.spectral_energyband_middle_low.mean": 0.02046910673379898, "lowlevel.spectral_energyband_middle_low.stdev": 0.01674712635576725, "lowlevel.spectral_entropy.mean": 6.515506744384766, "lowlevel.spectral_entropy.stdev": 0.9461076259613037, "lowlevel.spectral_flux.mean": 0.05101447179913521, "lowlevel.spectral_flux.stdev": 0.041146907955408096, "lowlevel.spectral_kurtosis.mean": 10.606803894042969, "lowlevel.spectral_kurtosis.stdev": 18.294315338134766, "lowlevel.spectral_rms.mean": 0.004313397686928511, "lowlevel.spectral_rms.stdev": 0.0016973571619018912, "lowlevel.spectral_rolloff.mean": 922.8956298828125, "lowlevel.spectral_rolloff.stdev": 1581.34619140625, "lowlevel.spectral_skewness.mean": 2.1991024017333984, "lowlevel.spectral_skewness.stdev": 1.461319923400879, "lowlevel.spectral_spread.mean": 4803783.5, "lowlevel.spectral_spread.stdev": 2616434.25, "lowlevel.spectral_strongpeak.mean": 1.4908760786056519, "lowlevel.spectral_strongpeak.stdev": 0.743739902973175, "lowlevel.zerocrossingrate.mean": 0.046186428517103195, "lowlevel.zerocrossingrate.stdev": 0.04695358872413635, "metadata.audio_properties.analysis.equal_loudness": 0.0, "metadata.audio_properties.analysis.length": 40.04265213012695, "metadata.audio_properties.analysis.sample_rate": 44100.0, "metadata.audio_properties.analysis.start_time": 0.0, "metadata.audio_properties.bit_rate": 119751.0, "metadata.audio_properties.length": 40.042667388916016, "metadata.audio_properties.lossless": 0.0, "metadata.audio_properties.number_channels": 1.0, "metadata.audio_properties.replay_gain": -12.349681854248047, "metadata.audio_properties.sample_rate": 48000.0, "rhythm.beats_count": 60.0, "rhythm.beats_loudness.mean": 0.02408759668469429, "rhythm.beats_loudness.stdev": 0.010373417288064957, "rhythm.bpm": 90.13191986083984, "rhythm.bpm_histogram_first_peak_bpm": 91.0, "rhythm.bpm_histogram_first_peak_weight": 0.43103450536727905, "rhythm.bpm_histogram_second_peak_bpm": 96.0, "rhythm.bpm_histogram_second_peak_spread": 0.0, "rhythm.bpm_histogram_second_peak_weight": 0.016949152573943138, "rhythm.danceability": 1.5848416090011597, "rhythm.onset_rate": 4.59375, "tonal.chords_changes_rate": 0.016203703358769417, "tonal.chords_number_rate": 0.0034722222480922937, "tonal.chords_strength.mean": 0.6107478141784668, "tonal.chords_strength.stdev": 0.07851330935955048, "tonal.hpcp_crest.mean": 16.379892349243164, "tonal.hpcp_crest.stdev": 5.159485340118408, "tonal.hpcp_entropy.mean": 1.4513190984725952, "tonal.hpcp_entropy.stdev": 0.5169997811317444, "tonal.key_edma.strength": 0.7288668751716614, "tonal.key_krumhansl.strength": 0.7259093523025513, "tonal.key_temperley.strength": 0.7162049412727356, "tonal.tuning_diatonic_strength": 0.6391304731369019, "tonal.tuning_equal_tempered_deviation": 0.015057533979415894, "tonal.tuning_frequency": 445.6270751953125, "tonal.tuning_nontempered_energy_ratio": 0.6012214422225952, "lowlevel.barkbands.mean": [3.1069936312633217e-07, 7.257414722516842e-07, 4.319219442550093e-06, 5.8774021454155445e-06, 0.0018556169234216213, 0.009743256494402885, 0.007057496812194586, 0.0015396390808746219, 0.00023031125601846725, 9.933205728884786e-05, 0.00017168268095701933, 0.00018898307462222874, 0.00015517363499384373, 7.598938827868551e-05, 9.095521090785041e-05, 9.853712253971025e-05, 4.832087506656535e-05, 4.884452573605813e-05, 4.627492307918146e-05, 1.8500901205698028e-05, 6.405304884538054e-05, 0.0003071179089602083, 6.949106318643317e-05, 7.699526759097353e-05, 1.3765305993729271e-05, 1.1784022717620246e-05, 2.5117705604316143e-07], "lowlevel.barkbands.stdev": [6.532745260301454e-07, 2.3252439405041514e-06, 1.88280209840741e-05, 1.5466363038285635e-05, 0.0028181003872305155, 0.009292968548834324, 0.007661691401153803, 0.0023695717100054026, 0.0006086602224968374, 0.0003059090522583574, 0.000605779408942908, 0.0006599790649488568, 0.0005143954185768962, 0.0002386038686381653, 0.00029182989965192974, 0.0002557376865297556, 0.00014213252870831639, 0.00010912564175669104, 8.629845251562074e-05, 3.5593915526987985e-05, 0.00013132949243299663, 0.0006215396570041776, 0.00013548819697462022, 0.0001693361409706995, 3.245408879593015e-05, 3.277358700870536e-05, 8.916127853808575e-07], "lowlevel.erbbands.mean": [2.381848025834188e-05, 0.00026941459509544075, 0.0036917617544531822, 0.018280433490872383, 0.24563227593898773, 6.569544792175293, 34.63044738769531, 84.11200714111328, 134.45372009277344, 57.17970657348633, 16.985157012939453, 5.842885971069336, 3.982574462890625, 3.936771869659424, 8.196430206298828, 7.993636608123779, 6.966861724853516, 4.858088493347168, 4.430792808532715, 4.842737197875977, 5.277232646942139, 2.756181001663208, 2.323024034500122, 3.6318845748901367, 1.2921124696731567, 0.8670922517776489, 1.1330718994140625, 5.661972999572754, 13.575433731079102, 3.3713834285736084, 1.830293893814087, 2.1484529972076416, 0.8531627058982849, 0.1816510707139969, 0.09105870127677917, 0.06235974282026291, 0.019836733117699623, 0.0018682334339246154, 5.2914878324372694e-05, 2.7638763640425168e-05], "lowlevel.erbbands.stdev": [4.5571414375444874e-05, 0.0008325767703354359, 0.01479088980704546, 0.043013185262680054, 0.47507399320602417, 10.017043113708496, 39.192848205566406, 83.51876831054688, 142.1670684814453, 71.8851547241211, 26.243959426879883, 12.566411018371582, 10.941747665405273, 12.005098342895508, 28.156442642211914, 26.834291458129883, 22.037559509277344, 13.5487060546875, 14.46728801727295, 13.27363395690918, 14.471660614013672, 7.224094390869141, 4.789878845214844, 7.523950576782227, 2.1306395530700684, 1.635418176651001, 2.2181103229522705, 11.019234657287598, 28.243513107299805, 6.538241386413574, 3.487602710723877, 4.127013206481934, 2.186744451522827, 0.4330657720565796, 0.22188426554203033, 0.16473175585269928, 0.06224415823817253, 0.005911497864872217, 0.00012303143739700317, 2.0787898392882198e-05], "lowlevel.gfcc.mean": [-114.16900634765625, 65.02934265136719, -133.7089385986328, -11.28344440460205, -127.19764709472656, -41.24071502685547, -78.77587890625, -25.973833084106445, -10.788383483886719, 8.2866792678833, -0.8622857332229614, 14.617986679077148, -6.786131858825684], "lowlevel.melbands.mean": [1.859299487705357e-07, 1.3791179753752658e-06, 4.38870756624965e-06, 0.00018167127564083785, 0.0010599204106256366, 0.002079806989058852, 0.0018709757132455707, 0.0005575005197897553, 0.00010163633851334453, 3.422761437832378e-05, 1.9107268599327654e-05, 1.4405749425350223e-05, 2.55601953540463e-05, 2.2605001504416578e-05, 1.8547982108430006e-05, 1.3873413990950212e-05, 8.28175870992709e-06, 6.889126780151855e-06, 6.599364041903755e-06, 6.35111018709722e-06, 6.204700184753165e-06, 3.094244220847031e-06, 1.5624691513949074e-06, 2.612315029182355e-06, 3.1819831747270655e-06, 9.840741768130101e-07, 7.392314955723123e-07, 5.094674975225644e-07, 4.961856916452234e-07, 1.2175632946309634e-06, 4.016305410914356e-06, 9.18182104214793e-06, 3.620792540459661e-06, 1.2962038908881368e-06, 9.073476689991367e-07, 1.3099444231556845e-06, 1.363732508252724e-06, 7.83350287747453e-07, 1.8025806980404013e-07, 1.2802343007933814e-07], "lowlevel.melbands.stdev": [4.854292114941927e-07, 5.520357717614388e-06, 1.1485502909636125e-05, 0.000302113126963377, 0.001137913903221488, 0.002075541066005826, 0.0019733719527721405, 0.0007288103806786239, 0.00017273312550969422, 8.426775457337499e-05, 5.570766734308563e-05, 4.579892265610397e-05, 9.20039601624012e-05, 7.965329132275656e-05, 6.339957326417789e-05, 4.386705768411048e-05, 2.529198900447227e-05, 2.3842767404858023e-05, 2.1770109015051275e-05, 1.6350255464203656e-05, 1.8570297470432706e-05, 9.33434785110876e-06, 3.1346874038717942e-06, 5.9132180467713624e-06, 6.825218406447675e-06, 1.7228971955773886e-06, 1.3757293118032976e-06, 1.0286138376613962e-06, 1.063253648680984e-06, 2.6183624868281186e-06, 8.115025593724567e-06, 1.9493085346766748e-05, 7.518782695115078e-06, 2.794837882902357e-06, 1.8734062905423343e-06, 2.425773345748894e-06, 2.925185754065751e-06, 2.212086883446318e-06, 4.564766413750476e-07, 3.250308111546474e-07], "lowlevel.melbands128.mean": [1.258733561826375e-07, 1.327858427657702e-07, 1.807214147220293e-07, 3.4080471777997445e-07, 1.1253567890889826e-06, 2.4566463707742514e-06, 2.498840558473603e-06, 3.2719760838517686e-06, 8.077834536379669e-06, 4.473864464671351e-05, 0.0003183360677212477, 0.0008211277890950441, 0.001130758784711361, 0.0015614922158420086, 0.0014074280625209212, 0.00274973944760859, 0.0034265038557350636, 0.0012766318395733833, 0.0006872526719234884, 0.0006168492836877704, 0.0005628193030133843, 0.00012600501941051334, 5.5768319725757465e-05, 3.0671719287056476e-05, 3.0325030820677057e-05, 4.460211857804097e-05, 2.3280823370441794e-05, 1.808245542633813e-05, 1.150260322901886e-05, 1.1961422387685161e-05, 1.5694777175667696e-05, 1.801892722141929e-05, 2.6428504497744143e-05, 3.37662422680296e-05, 2.0648682038881816e-05, 1.9857814550050534e-05, 2.419768861727789e-05, 1.7088694221456535e-05, 1.7538895917823538e-05, 1.4002918760525063e-05, 1.4767549146199599e-05, 1.166167658084305e-05, 6.264935564104235e-06, 9.588216016709339e-06, 4.523710686044069e-06, 7.384480795735726e-06, 7.744267350062728e-06, 6.1765272221236955e-06, 5.831105227116495e-06, 7.61427691031713e-06, 5.523545951291453e-06, 6.5179328885278665e-06, 7.1830440901976544e-06, 5.700534075003816e-06, 4.481829819269478e-06, 3.069367267016787e-06, 1.7717412674755906e-06, 1.5093520460141008e-06, 1.4030930515218643e-06, 1.7605667608222575e-06, 2.6605678158375667e-06, 3.1582671908836346e-06, 3.9808837755117565e-06, 3.497257466733572e-06, 1.1302061011519982e-06, 9.224807513419364e-07, 8.554978307984129e-07, 7.08344089161983e-07, 7.741300009911356e-07, 7.083104378580174e-07, 4.474680110888585e-07, 4.390540766507911e-07, 5.06011929246597e-07, 5.1934352995886e-07, 4.231347929817275e-07, 8.875012440512364e-07, 1.8034630784313777e-06, 1.8838019286704366e-06, 3.63703588845965e-06, 6.5131303017551545e-06, 9.4627703219885e-06, 1.2314952073211316e-05, 5.131140824232716e-06, 3.0448418328887783e-06, 1.420289322595636e-06, 1.3149376627552556e-06, 1.3225314887677087e-06, 1.0589850489850505e-06, 7.722205737081822e-07, 8.732466199035116e-07, 1.174792032543337e-06, 1.562480747452355e-06, 1.3039419854976586e-06, 1.251659227818891e-06, 1.5542957498837495e-06, 1.2541406704258407e-06, 5.385136887525732e-07, 2.175786875113772e-07, 1.6610226794000482e-07, 1.7419564812826138e-07, 1.333369823441899e-07, 1.2821449502098403e-07, 1.0169593878117666e-07, 1.1737746774542757e-07, 8.741802304257362e-08, 1.0673108619130289e-07, 8.922663852217738e-08, 8.026484721312954e-08, 1.1760469931232365e-07, 1.361385955078731e-07, 1.136112288691038e-07, 8.851201016568666e-08, 5.034262784420207e-08, 3.5368721285067295e-08, 2.6617133386253045e-08, 1.8449282990218308e-08, 9.624150365539208e-09, 4.404195896867691e-10, 1.2404783797381747e-11, 2.5805680509138895e-11, 1.0543239892246703e-11, 5.057429301735805e-12, 4.161892618731455e-12, 4.0841622618581486e-12, 3.9969555443164495e-12, 3.902162881014304e-12, 3.842453698971182e-12, 3.817425108659789e-12], "lowlevel.melbands128.stdev": [2.8867475521110464e-07, 3.331634843561915e-07, 5.286108262225753e-07, 1.3411010968411574e-06, 5.2982331908424385e-06, 1.0525539437367115e-05, 8.221288226195611e-06, 8.72154578246409e-06, 2.5206800273736008e-05, 0.00013070651039015502, 0.0005961288115940988, 0.001281710690818727, 0.0018973479745909572, 0.0018914008978754282, 0.0018909850623458624, 0.003380589885637164, 0.004377797245979309, 0.00239919894374907, 0.0013977421913295984, 0.0010825316421687603, 0.0009354040957987309, 0.0002761539362836629, 0.0001891906576929614, 0.00011858284415211529, 8.354811143362895e-05, 0.00014450789603870362, 0.0001122459871112369, 5.270549809210934e-05, 6.650955765508115e-05, 4.135502967983484e-05, 5.694443098036572e-05, 8.021369285415858e-05, 0.0001226173189934343, 0.0001224796287715435, 8.607926429249346e-05, 9.508481161901727e-05, 9.469864016864449e-05, 7.613200432388112e-05, 8.004443952813745e-05, 5.440472159534693e-05, 5.601552766165696e-05, 3.893968096235767e-05, 1.9325034372741356e-05, 4.711935980594717e-05, 1.6057549146353267e-05, 3.4442997275618836e-05, 3.0218225219869055e-05, 2.8163965907879174e-05, 2.2758635168429464e-05, 2.2819875084678642e-05, 1.5639259800082073e-05, 2.0667206626967527e-05, 2.405140367045533e-05, 2.0524188585113734e-05, 1.8985356291523203e-05, 9.632757610233966e-06, 4.467948656383669e-06, 3.882830242218915e-06, 3.1819279229239328e-06, 4.3261266000627074e-06, 7.082499450916657e-06, 8.022788279049564e-06, 1.0181215657212306e-05, 7.96002223069081e-06, 2.3908683033369016e-06, 1.8879677554650698e-06, 1.6909400528675178e-06, 1.4494296465272782e-06, 1.6114280469992082e-06, 1.5056266420288011e-06, 1.0484926633580471e-06, 1.0386248732174863e-06, 1.1967536011070479e-06, 1.3112774013279704e-06, 1.1007628017978277e-06, 2.1416817617136985e-06, 4.412059752212372e-06, 4.136744792049285e-06, 8.298376997117884e-06, 1.440055166312959e-05, 2.2802623789175414e-05, 2.8555532480822876e-05, 1.16019391498412e-05, 7.390354767267127e-06, 3.3663768590486143e-06, 3.0720007089257706e-06, 3.305334985270747e-06, 2.4168969048332656e-06, 1.8470757368049817e-06, 1.955064817593666e-06, 2.5100455331994453e-06, 3.0283949854492676e-06, 2.5216540961991996e-06, 2.6336952032579575e-06, 4.612228167388821e-06, 3.795619704760611e-06, 1.5399100448121317e-06, 6.882452794343408e-07, 4.6464859337902453e-07, 4.6536717945855344e-07, 4.20458889038855e-07, 3.5088626759716135e-07, 2.6530932473178837e-07, 3.2100442126647977e-07, 2.4538803700124845e-07, 3.3356644735249574e-07, 2.3565020512705814e-07, 2.2737060589861358e-07, 3.6546944670590165e-07, 3.881384316173353e-07, 3.854150918414234e-07, 2.7665564061862824e-07, 2.094860036550017e-07, 1.718084661206376e-07, 1.017448667539611e-07, 7.80188997850928e-08, 3.226284306379057e-08, 7.350362096758545e-09, 2.6822372101165115e-10, 8.84359807606927e-10, 2.563864953675221e-10, 3.4193051168252e-11, 6.393014589933799e-12, 6.282224740417064e-12, 6.18948815811482e-12, 6.1156895519998145e-12, 6.061736182449984e-12, 6.028672352997866e-12], "lowlevel.mfcc.mean": [-753.6112670898438, 103.93896484375, 3.590599298477173, -6.054659843444824, -41.62252426147461, -29.414888381958008, -68.26204681396484, -35.230743408203125, -40.791534423828125, -22.840682983398438, -5.696658611297607, -1.8526692390441895, -3.1979875564575195], "lowlevel.spectral_contrast_coeffs.mean": [-0.44332975149154663, -0.5719618201255798, -0.7942430377006531, -0.8168506622314453, -0.7997109889984131, -0.7064452767372131], "lowlevel.spectral_contrast_coeffs.stdev": [0.0795324519276619, 0.08016514033079147, 0.06375806033611298, 0.045026712119579315, 0.052929870784282684, 0.06700634956359863], "lowlevel.spectral_contrast_valleys.mean": [-9.93133544921875, -7.190759181976318, -8.663866996765137, -8.761930465698242, -9.092635154724121, -11.462112426757812], "lowlevel.spectral_contrast_valleys.stdev": [1.202035665512085, 1.297309398651123, 1.4400967359542847, 1.408774495124817, 1.414394497871399, 1.5624113082885742], "rhythm.beats_loudness_band_ratio.mean": [0.0010892075952142477, 0.533656120300293, 0.45928195118904114, 0.06954680383205414, 0.04698750004172325, 0.07753314077854156], "rhythm.beats_loudness_band_ratio.stdev": [0.0019846847280859947, 0.1917346864938736, 0.16037850081920624, 0.062276117503643036, 0.03767995163798332, 0.0522192046046257], "tonal.hpcp.mean": [0.2237527072429657, 0.10910084843635559, 0.011200867593288422, 0.00997504685074091, 0.014299844391644001, 0.056876130402088165, 0.07724085450172424, 0.04253217577934265, 0.1404331475496292, 0.23893022537231445, 0.12048908323049545, 0.013434911146759987, 0.010540957562625408, 0.016024228185415268, 0.09612936526536942, 0.14776867628097534, 0.06729661673307419, 0.012257937341928482, 0.011684076860547066, 0.02722221426665783, 0.20871193706989288, 0.22304801642894745, 0.041513364762067795, 0.07379572093486786, 0.13692882657051086, 0.0764494240283966, 0.015212132595479488, 0.011540209874510765, 0.011582233011722565, 0.3007506728172302, 0.6146576404571533, 0.3277342617511749, 0.009416980668902397, 0.005650831386446953, 0.006518744397908449, 0.12451782077550888], "tonal.hpcp.stdev": [0.3766777217388153, 0.20264771580696106, 0.054859962314367294, 0.05359316244721413, 0.07273881882429123, 0.13814029097557068, 0.1749868094921112, 0.10773461312055588, 0.20032374560832977, 0.2942487597465515, 0.17089256644248962, 0.046262457966804504, 0.055812910199165344, 0.07480470091104507, 0.21164081990718842, 0.29727163910865784, 0.14513882994651794, 0.05986587703227997, 0.060034383088350296, 0.09395936876535416, 0.30374082922935486, 0.3244909346103668, 0.10196640342473984, 0.15964804589748383, 0.27980944514274597, 0.1620357483625412, 0.0744219571352005, 0.05691783130168915, 0.0573570616543293, 0.2365124523639679, 0.4405049979686737, 0.2581729292869568, 0.060704268515110016, 0.02881884016096592, 0.03789825364947319, 0.21798698604106903], "rhythm.beats_position": [0.6037188172340393, 1.2306575775146484, 1.8808163404464722, 2.5425848960876465, 3.2043535709381104, 3.877732276916504, 4.539501190185547, 5.201269626617432, 5.874648571014404, 6.548027038574219, 7.209795951843262, 7.8715643882751465, 8.544942855834961, 9.195101737976074, 9.868480682373047, 10.54185962677002, 11.192017555236816, 11.85378646850586, 12.515555381774902, 13.188934326171875, 13.850702285766602, 14.512471199035645, 15.185850143432617, 15.85922908782959, 16.520998001098633, 17.18276596069336, 17.856143951416016, 18.517913818359375, 19.1796817779541, 19.85306167602539, 20.514829635620117, 21.176597595214844, 21.849977493286133, 22.52335548400879, 23.185123443603516, 23.846893310546875, 24.52027130126953, 25.19365119934082, 25.843809127807617, 26.517187118530273, 27.178956985473633, 27.85233497619629, 28.514102935791016, 29.187482833862305, 29.86086082458496, 30.52263069152832, 31.184398651123047, 31.834556579589844, 32.5079345703125, 33.16970443725586, 33.83147430419922, 34.504852294921875, 35.166622161865234, 35.82838821411133, 36.501766204833984, 37.175148010253906, 37.8369140625, 38.49868392944336, 39.172061920166016, 39.84543991088867], "rhythm.bpm_histogram": [0.0, 0.0, 0.0, 0.0, 0.0, 0.0, 0.0, 0.0, 0.0, 0.0, 0.0, 0.0, 0.0, 0.0, 0.0, 0.0, 0.0, 0.0, 0.0, 0.0, 0.0, 0.0, 0.0, 0.0, 0.0, 0.0, 0.0, 0.0, 0.0, 0.0, 0.0, 0.0, 0.0, 0.0, 0.0, 0.0, 0.0, 0.0, 0.0, 0.0, 0.0, 0.0, 0.0, 0.0, 0.0, 0.0, 0.0, 0.0, 0.0, 0.0, 0.0, 0.0, 0.0, 0.0, 0.0, 0.0, 0.0, 0.0, 0.0, 0.0, 0.0, 0.0, 0.0, 0.0, 0.0, 0.0, 0.0, 0.0, 0.0, 0.0, 0.0, 0.0, 0.0, 0.0, 0.0, 0.0, 0.0, 0.0, 0.0, 0.0, 0.0, 0.0, 0.0, 0.0, 0.0, 0.0, 0.0, 0.0, 0.0, 0.4237288236618042, 0.0, 0.47457626461982727, 0.08474576473236084, 0.0, 0.0, 0.0, 0.016949152573943138, 0.0, 0.0, 0.0, 0.0, 0.0, 0.0, 0.0, 0.0, 0.0, 0.0, 0.0, 0.0, 0.0, 0.0, 0.0, 0.0, 0.0, 0.0, 0.0, 0.0, 0.0, 0.0, 0.0, 0.0, 0.0, 0.0, 0.0, 0.0, 0.0, 0.0, 0.0, 0.0, 0.0, 0.0, 0.0, 0.0, 0.0, 0.0, 0.0, 0.0, 0.0, 0.0, 0.0, 0.0, 0.0, 0.0, 0.0, 0.0, 0.0, 0.0, 0.0, 0.0, 0.0, 0.0, 0.0, 0.0, 0.0, 0.0, 0.0, 0.0, 0.0, 0.0, 0.0, 0.0, 0.0, 0.0, 0.0, 0.0, 0.0, 0.0, 0.0, 0.0, 0.0, 0.0, 0.0, 0.0, 0.0, 0.0, 0.0, 0.0, 0.0, 0.0, 0.0, 0.0, 0.0, 0.0, 0.0, 0.0, 0.0, 0.0, 0.0, 0.0, 0.0, 0.0, 0.0, 0.0, 0.0, 0.0, 0.0, 0.0, 0.0, 0.0, 0.0, 0.0, 0.0, 0.0, 0.0, 0.0, 0.0, 0.0, 0.0, 0.0, 0.0, 0.0, 0.0, 0.0, 0.0, 0.0, 0.0, 0.0, 0.0, 0.0, 0.0, 0.0, 0.0, 0.0, 0.0, 0.0, 0.0, 0.0, 0.0, 0.0, 0.0, 0.0, 0.0, 0.0, 0.0, 0.0, 0.0, 0.0, 0.0, 0.0, 0.0, 0.0, 0.0, 0.0, 0.0, 0.0, 0.0, 0.0, 0.0, 0.0, 0.0], "tonal.chords_histogram": [46.64352035522461, 0.0, 24.768518447875977, 0.0, 0.0, 0.0, 0.0, 0.0, 0.0, 0.0, 0.0, 0.0, 0.0, 0.0, 0.0, 0.0, 0.0, 0.11574073880910873, 0.0, 0.0, 0.0, 0.23148147761821747, 28.240739822387695, 0.0], "tonal.thpcp": [1.0, 0.5331980586051941, 0.015320692211389542, 0.009193461388349533, 0.01060548797249794, 0.2025807797908783, 0.3640281856060028, 0.17749856412410736, 0.018222937360405922, 0.01622862182557583, 0.023264730349183083, 0.09253302216529846, 0.1256648451089859, 0.06919652968645096, 0.22847376763820648, 0.388720840215683, 0.19602634012699127, 0.021857552230358124, 0.017149314284324646, 0.026070168241858482, 0.15639497339725494, 0.24040810763835907, 0.10948634147644043, 0.01994270645081997, 0.01900908164680004, 0.04428841918706894, 0.33955803513526917, 0.36288172006607056, 0.06753900647163391, 0.12005987763404846, 0.2227725088596344, 0.12437724322080612, 0.02474895305931568, 0.01877501979470253, 0.018843388184905052, 0.48929786682128906], "lowlevel.gfcc.cov": [[11051.1005859375, -1903.408935546875, -917.8945922851562, 422.272216796875, -718.92919921875, 754.4605102539062, -393.41217041015625, 186.13938903808594, -496.5484313964844, 175.17152404785156, -429.7764892578125, 469.4878234863281, -372.6410217285156], [-1903.408935546875, 2282.6923828125, -113.31145477294922, -442.8910827636719, 400.4312744140625, -665.3973999023438, 191.1575469970703, -170.37986755371094, 240.48829650878906, -388.9889221191406, 280.9606018066406, -345.5448913574219, 145.08111572265625], [-917.8945922851562, -113.31145477294922, 602.4207153320312, 90.98484802246094, -65.87548828125, -110.63323211669922, -33.70539093017578, -0.9053051471710205, 14.674694061279297, 83.90833282470703, -28.61040687561035, 7.782557010650635, -8.033853530883789], [422.272216796875, -442.8910827636719, 90.98484802246094, 289.16131591796875, -61.65133285522461, 103.944091796875, -88.07685852050781, -4.711246967315674, -20.26470184326172, 57.400970458984375, -70.08806610107422, 51.54220199584961, -18.785293579101562], [-718.92919921875, 400.4312744140625, -65.87548828125, -61.65133285522461, 385.7288513183594, -83.4204330444336, 46.38172149658203, 30.738773345947266, -1.0058085918426514, -90.9648208618164, 32.88851547241211, -65.0658950805664, -5.877280235290527], [754.4605102539062, -665.3973999023438, -110.63323211669922, 103.944091796875, -83.4204330444336, 435.2121887207031, 6.423291206359863, 31.139122009277344, -128.3618927001953, 42.08417510986328, -137.04898071289062, 123.37090301513672, -42.910316467285156], [-393.41217041015625, 191.1575469970703, -33.70539093017578, -88.07685852050781, 46.38172149658203, 6.423291206359863, 159.98472595214844, 18.329090118408203, -13.97756576538086, -75.8135757446289, 15.039215087890625, -16.876611709594727, -2.018413543701172], [186.13938903808594, -170.37986755371094, -0.9053051471710205, -4.711246967315674, 30.738773345947266, 31.139122009277344, 18.329090118408203, 143.7527313232422, -46.60154724121094, 18.431665420532227, -35.85371017456055, 4.603992938995361, -39.14918518066406], [-496.5484313964844, 240.48829650878906, 14.674694061279297, -20.26470184326172, -1.0058085918426514, -128.3618927001953, -13.97756576538086, -46.60154724121094, 162.1027374267578, 10.243162155151367, 67.52632904052734, -58.67921829223633, 29.924741744995117], [175.17152404785156, -388.9889221191406, 83.90833282470703, 57.400970458984375, -90.9648208618164, 42.08417510986328, -75.8135757446289, 18.431665420532227, 10.243162155151367, 189.22265625, 10.848164558410645, 30.794158935546875, -21.894309997558594], [-429.7764892578125, 280.9606018066406, -28.61040687561035, -70.08806610107422, 32.88851547241211, -137.04898071289062, 15.039215087890625, -35.85371017456055, 67.52632904052734, 10.848164558410645, 157.55235290527344, -39.801025390625, 33.99287796020508], [469.4878234863281, -345.5448913574219, 7.782557010650635, 51.54220199584961, -65.0658950805664, 123.37090301513672, -16.876611709594727, 4.603992938995361, -58.67921829223633, 30.794158935546875, -39.801025390625, 146.0652313232422, -16.001625061035156], [-372.6410217285156, 145.08111572265625, -8.033853530883789, -18.785293579101562, -5.877280235290527, -42.910316467285156, -2.018413543701172, -39.14918518066406, 29.924741744995117, -21.894309997558594, 33.99287796020508, -16.001625061035156, 87.86919403076172]], "lowlevel.gfcc.icov": [[0.00029319102759473026, -0.0004011463315691799, 0.0006402009166777134, -0.00045155512634664774, 0.0007107874844223261, 8.991588401841e-06, 0.0006922991597093642, -0.00039404642302542925, 0.0007023421349003911, -0.00039698241744190454, 0.0004272879450581968, -0.0007599230157211423, 0.0011181929148733616], [-0.0004011463315691799, 0.004420317709445953, -0.0010766148334369063, 0.0032278031576424837, -0.0023393952287733555, 0.002448426326736808, -0.0013577777426689863, 0.003369209822267294, -0.0019338737474754453, 0.005663631949573755, -0.0021815402433276176, 0.004488800186663866, -0.002167661441490054], [0.0006402009166777134, -0.0010766148334369063, 0.003745312336832285, -0.001950355595909059, 0.0017568639013916254, 0.0015446575125679374, 0.0004969063447788358, -0.0006031413213349879, 0.0019464869983494282, -0.002737162634730339, 0.0025626118294894695, -0.0022539212368428707, 0.002285867230966687], [-0.00045155512634664774, 0.0032278031576424837, -0.001950355595909059, 0.0076808445155620575, -0.0020366564858704805, 0.00038896777550689876, 0.0012907112250104547, 0.002762023126706481, -0.002339314902201295, 0.004241991322487593, -0.0007943991804495454, 0.00306523940525949, -0.0017475377535447478], [0.0007107874844223261, -0.0023393952287733555, 0.0017568639013916254, -0.0020366564858704805, 0.005561317782849073, -0.0006359453545883298, 0.0019658657256513834, -0.0028613456524908543, 0.0024921840522438288, -0.0011673055123537779, 0.0006807068712078035, -0.0020281418692320585, 0.003661615075543523], [8.991588401841e-06, 0.002448426326736808, 0.0015446575125679374, 0.00038896777550689876, -0.0006359453545883298, 0.007300186436623335, -0.0026308943051844835, 0.0027614464052021503, 0.001456709112972021, 0.0006816329550929368, 0.002890475792810321, -0.00012823341239709407, -0.000555539911147207], [0.0006922991597093642, -0.0013577777426689863, 0.0004969063447788358, 0.0012907112250104547, 0.0019658657256513834, -0.0026308943051844835, 0.01204050425440073, -0.0030567257199436426, 0.0015937378630042076, 0.0033049017656594515, -0.0016879341565072536, -0.0014191210502758622, 0.003935817629098892], [-0.00039404642302542925, 0.003369209822267294, -0.0006031413213349879, 0.002762023126706481, -0.0028613456524908543, 0.0027614464052021503, -0.0030567257199436426, 0.012087998911738396, 0.0005892555927857757, 0.0016540352953597903, 0.0006353945354931056, 0.004067118279635906, 0.0004802450130227953], [0.0007023421349003911, -0.0019338737474754453, 0.0019464869983494282, -0.002339314902201295, 0.0024921840522438288, 0.001456709112972021, 0.0015937378630042076, 0.0005892555927857757, 0.011955776251852512, -0.0037053576670587063, 4.9049805966205895e-05, -0.00025227651349268854, 0.0019667870365083218], [-0.00039698241744190454, 0.005663631949573755, -0.002737162634730339, 0.004241991322487593, -0.0011673055123537779, 0.0006816329550929368, 0.0033049017656594515, 0.0016540352953597903, -0.0037053576670587063, 0.017397861927747726, -0.007134182844310999, 0.005461389198899269, 4.0867464122129604e-05], [0.0004272879450581968, -0.0021815402433276176, 0.0025626118294894695, -0.0007943991804495454, 0.0006807068712078035, 0.002890475792810321, -0.0016879341565072536, 0.0006353945354931056, 4.9049805966205895e-05, -0.007134182844310999, 0.013916580006480217, -0.0034973807632923126, -0.0006350815529003739], [-0.0007599230157211423, 0.004488800186663866, -0.0022539212368428707, 0.00306523940525949, -0.0020281418692320585, -0.00012823341239709407, -0.0014191210502758622, 0.004067118279635906, -0.00025227651349268854, 0.005461389198899269, -0.0034973807632923126, 0.01532320212572813, -0.0030135996639728546], [0.0011181929148733616, -0.002167661441490054, 0.002285867230966687, -0.0017475377535447478, 0.003661615075543523, -0.000555539911147207, 0.003935817629098892, 0.0004802450130227953, 0.0019667870365083218, 4.0867464122129604e-05, -0.0006350815529003739, -0.0030135996639728546, 0.018852338194847107]], "lowlevel.mfcc.cov": [[8029.1650390625, -2138.3525390625, -205.7281036376953, -240.92822265625, -46.36106491088867, 492.9385986328125, 221.38015747070312, 451.9560852050781, 118.29410552978516, -207.66751098632812, -100.90657043457031, 120.2933578491211, -112.43673706054688], [-2138.3525390625, 2358.28955078125, -361.4266052246094, 174.9049530029297, 18.091991424560547, -371.16741943359375, -45.94016647338867, -15.828559875488281, -137.92691040039062, 80.68978881835938, 14.611660957336426, -103.8182373046875, -47.68295669555664], [-205.7281036376953, -361.4266052246094, 549.6556396484375, 67.70295715332031, -71.40255737304688, 16.89520835876465, -89.83625793457031, -93.23847961425781, -0.2981031835079193, -5.49351167678833, 14.404321670532227, -4.273950576782227, -2.768156051635742], [-240.92822265625, 174.9049530029297, 67.70295715332031, 302.2111511230469, 78.54645538330078, -71.72023010253906, -58.69205093383789, -42.086734771728516, -51.64336013793945, 53.28589630126953, -13.557308197021484, -19.191421508789062, 0.06418140977621078], [-46.36106491088867, 18.091991424560547, -71.40255737304688, 78.54645538330078, 244.85574340820312, 18.252944946289062, 28.65976905822754, -4.944631099700928, 27.9123477935791, 16.869871139526367, 4.24839973449707, -19.15339469909668, 5.334101676940918], [492.9385986328125, -371.16741943359375, 16.89520835876465, -71.72023010253906, 18.252944946289062, 247.56900024414062, 29.86614418029785, 73.0133056640625, 29.8726863861084, -68.94490051269531, -30.13104248046875, 31.361738204956055, -14.920581817626953], [221.38015747070312, -45.94016647338867, -89.83625793457031, -58.69205093383789, 28.65976905822754, 29.86614418029785, 232.40943908691406, 80.54222106933594, 48.36714172363281, -11.1369047164917, -22.886384963989258, -1.0009396076202393, 16.29841423034668], [451.9560852050781, -15.828559875488281, -93.23847961425781, -42.086734771728516, -4.944631099700928, 73.0133056640625, 80.54222106933594, 240.4407958984375, 48.18817901611328, -62.97166061401367, -31.90190887451172, -6.969559192657471, -47.44050598144531], [118.29410552978516, -137.92691040039062, -0.2981031835079193, -51.64336013793945, 27.9123477935791, 29.8726863861084, 48.36714172363281, 48.18817901611328, 126.70621490478516, -2.6372861862182617, -0.9404246211051941, -10.904559135437012, -26.984954833984375], [-207.66751098632812, 80.68978881835938, -5.49351167678833, 53.28589630126953, 16.869871139526367, -68.94490051269531, -11.1369047164917, -62.97166061401367, -2.6372861862182617, 151.6279296875, 37.116180419921875, 2.3962464332580566, 22.55438804626465], [-100.90657043457031, 14.611660957336426, 14.404321670532227, -13.557308197021484, 4.24839973449707, -30.13104248046875, -22.886384963989258, -31.90190887451172, -0.9404246211051941, 37.116180419921875, 111.06747436523438, 21.828487396240234, 13.09420108795166], [120.2933578491211, -103.8182373046875, -4.273950576782227, -19.191421508789062, -19.15339469909668, 31.361738204956055, -1.0009396076202393, -6.969559192657471, -10.904559135437012, 2.3962464332580566, 21.828487396240234, 88.9481430053711, 30.57253646850586], [-112.43673706054688, -47.68295669555664, -2.768156051635742, 0.06418140977621078, 5.334101676940918, -14.920581817626953, 16.29841423034668, -47.44050598144531, -26.984954833984375, 22.55438804626465, 13.09420108795166, 30.57253646850586, 119.10651397705078]], "lowlevel.mfcc.icov": [[0.0002098273253068328, 0.00023032243188936263, 0.00018724988331086934, -5.014823182136752e-05, 5.795861216029152e-05, -2.920276301665581e-06, -6.207984552020207e-05, -0.0002762752119451761, 0.00019788739155046642, 2.5525205273879692e-05, 1.641148264752701e-05, -9.27249202504754e-05, 0.00025215218192897737], [0.00023032243188936263, 0.0009691582527011633, 0.0006661330116912723, -0.0002478256355971098, 8.725335646886379e-05, 0.0009000704740174115, -3.643654417828657e-05, -0.0004429073305800557, 0.0008638122235424817, 5.699211033061147e-05, -8.986522880150005e-05, 0.00036420096876099706, 0.0006597610772587359], [0.00018724988331086934, 0.0006661330116912723, 0.0029010928701609373, -0.001280229538679123, 0.0013132102321833372, -0.00024941127048805356, 0.0003816707758232951, 0.0008458072552457452, -0.0005142351146787405, 0.0006700261146761477, -0.0006705624982714653, 0.0007982061360962689, 0.0003316123620606959], [-5.014823182136752e-05, -0.0002478256355971098, -0.001280229538679123, 0.005485036410391331, -0.0025481809861958027, 0.0012505041668191552, 0.0009216095204465091, -0.0008080275147221982, 0.0022568691056221724, -0.0017976576928049326, 0.0018713524332270026, -0.0004120694939047098, 0.000395324663259089], [5.795861216029152e-05, 8.725335646886379e-05, 0.0013132102321833372, -0.0025481809861958027, 0.005885124206542969, -0.0015359497629106045, -0.0006917458958923817, 0.0010285060852766037, -0.0020510454196482897, 0.00035822915378957987, -0.0013244985602796078, 0.0017075641080737114, -0.0006553322309628129], [-2.920276301665581e-06, 0.0009000704740174115, -0.00024941127048805356, 0.0012505041668191552, -0.0015359497629106045, 0.007163266185671091, 0.00018823925347533077, -0.001520379912108183, 0.0007019378244876862, 0.0013990991283208132, 0.001547160092741251, -0.002339728642255068, 0.0010104819666594267], [-6.207984552020207e-05, -3.643654417828657e-05, 0.0003816707758232951, 0.0009216095204465091, -0.0006917458958923817, 0.00018823925347533077, 0.005917105358093977, -0.0016751536168158054, -0.0015118856681510806, -0.000506967946421355, 0.0011742596980184317, 0.00017440618830733, -0.0019075616728514433], [-0.0002762752119451761, -0.0004429073305800557, 0.0008458072552457452, -0.0008080275147221982, 0.0010285060852766037, -0.001520379912108183, -0.0016751536168158054, 0.00710903387516737, -0.0021039750427007675, 0.0019400670425966382, -3.972268314100802e-05, 0.00019720308773685247, 0.0015159238828346133], [0.00019788739155046642, 0.0008638122235424817, -0.0005142351146787405, 0.0022568691056221724, -0.0020510454196482897, 0.0007019378244876862, -0.0015118856681510806, -0.0021039750427007675, 0.011878914199769497, -0.0016465007793158293, -9.651095751905814e-05, 0.000873996817972511, 0.0028574701864272356], [2.5525205273879692e-05, 5.699211033061147e-05, 0.0006700261146761477, -0.0017976576928049326, 0.00035822915378957987, 0.0013990991283208132, -0.000506967946421355, 0.0019400670425966382, -0.0016465007793158293, 0.009312329813838005, -0.002473657252267003, -0.00018022049334831536, -0.0007534565520472825], [1.641148264752701e-05, -8.986522880150005e-05, -0.0006705624982714653, 0.0018713524332270026, -0.0013244985602796078, 0.001547160092741251, 0.0011742596980184317, -3.972268314100802e-05, -9.651095751905814e-05, -0.002473657252267003, 0.011526460759341717, -0.0033797251526266336, 8.643388719065115e-05], [-9.27249202504754e-05, 0.00036420096876099706, 0.0007982061360962689, -0.0004120694939047098, 0.0017075641080737114, -0.002339728642255068, 0.00017440618830733, 0.00019720308773685247, 0.000873996817972511, -0.00018022049334831536, -0.0033797251526266336, 0.015100390650331974, -0.0035101522225886583], [0.00025215218192897737, 0.0006597610772587359, 0.0003316123620606959, 0.000395324663259089, -0.0006553322309628129, 0.0010104819666594267, -0.0019075616728514433, 0.0015159238828346133, 0.0028574701864272356, -0.0007534565520472825, 8.643388719065115e-05, -0.0035101522225886583, 0.011607821099460125]], "metadata.audio_properties.analysis.downmix": "mix", "metadata.audio_properties.codec": "mp3", "metadata.audio_properties.md5_encoded": "5db9a925a3aeb7fad7f14ea5b0b0bcf9", "metadata.tags.file_name": "1183702836803026964.mp3", "metadata.version.essentia": "2.1-beta6-dev", "metadata.version.essentia_git_sha": "v2.1_beta5-1110-g77a6a954", "metadata.version.extractor": "music 2.0", "tonal.chords_key": "C", "tonal.c