{"song_id": "1183683897658200184", "download": "https://cdn.discordapp.com/attachments/1135911532732108921/1183683897658200184/chirp.mp4?ex=65893a88&amp", "lyrics": "\u0421\u0442\u0440\u0430\u0431\u0430\u0441\u043a\u043e\u043f \u043c\u0435\u0440\u0446\u0430\u0435\u0442\n\u0412 \u043e\u043f\u0443\u0441\u0442\u0435\u0432\u0448\u0435\u043c \u0437\u0430\u043b\u0435. \n\u041c\u044b \u0441 \u0442\u043e\u0431\u043e\u0439 \u043e\u0434\u043d\u0438, \n\u0432\u0441\u0435 \u0432 \u0441\u0442\u0440\u0430\u0445\u0435 \u0443\u0431\u0435\u0436\u0430\u043b\u0438. \n\u0417\u0430\u043a\u0440\u0443\u0436\u0438\u043b\u0430\u0441\u044c \u0432 \u0442\u0430\u043d\u0446\u0435\n\u0423 \u0442\u0435\u0431\u044f \u043d\u0435\u0442 \u0448\u0430\u043d\u0441\u043e\u0432, \n\u0415\u0441\u043b\u0438 \u0442\u044b \u0440\u0435\u0448\u0438\u043b\u0430\n\u0421 \u0434\u044c\u044f\u0432\u043e\u043b\u043e\u043c \u0442\u044f\u0433\u0430\u0442\u044c\u0441\u044f... \n[Chorus]\n\u0422\u0435\u0447\u0435\u0442 \u0441\u043b\u044e\u043d\u0430 \u0438\u0437 \u043f\u0440\u0438\u043e\u0442\u043a\u0440\u044b\u0442\u043e\u0439 \u043f\u0430\u0441\u0442\u0438, \n\u041d\u043e \u044f \u043d\u0435 \u0441\u0442\u0430\u043d\u0443 \u0440\u0432\u0430\u0442\u044c \u0442\u0435 \u0431\u044f \u043d\u0430 \u0447\u0430\u0430\u0441\u0442\u0438.\n\u043f\u0440\u043e\u0441\u0442\u043e \u0437\u0430\u0447\u0430\u0440\u043e\u0432\u0430\u043d \u043c\u0443\u0437\u044b\u043a\u043e\u0439 \u0438 \u0442\u0435\u043b\u043e\u043c... \n\u043c\u043e\u044f \u0441\u043b\u0435\u043f\u0430\u044f \u0434\u0438\u0441\u043a\u043e... \u043a\u0430! \u0440\u0430! \u043b\u0435\u0432\u0430!\n\u041c\u043e\u044f... \u0441\u043b\u0435\u043f\u0430\u044f \u0434\u0438\u0441\u043a\u043e \u043a\u043e\u0440\u043e\u043b\u0435\u0432\u0430!", "style": ["hardcore"], "essentia_features": {"lowlevel.average_loudness": 0.9684242010116577, "lowlevel.barkbands_crest.mean": 13.754941940307617, "lowlevel.barkbands_crest.stdev": 3.050159215927124, "lowlevel.barkbands_flatness_db.mean": 0.32013601064682007, "lowlevel.barkbands_flatness_db.stdev": 0.1570625752210617, "lowlevel.barkbands_kurtosis.mean": 24.34589385986328, "lowlevel.barkbands_kurtosis.stdev": 26.08599281311035, "lowlevel.barkbands_skewness.mean": 3.5945868492126465, "lowlevel.barkbands_skewness.stdev": 1.9572380781173706, "lowlevel.barkbands_spread.mean": 8.123869895935059, "lowlevel.barkbands_spread.stdev": 8.343935012817383, "lowlevel.dissonance.mean": 0.45112428069114685, "lowlevel.dissonance.stdev": 0.051143381744623184, "lowlevel.dynamic_complexity": 2.593038558959961, "lowlevel.erbbands_crest.mean": 11.643817901611328, "lowlevel.erbbands_crest.stdev": 4.751232147216797, "lowlevel.erbbands_flatness_db.mean": 0.2225974053144455, "lowlevel.erbbands_flatness_db.stdev": 0.11412478983402252, "lowlevel.erbbands_kurtosis.mean": 2.24560809135437, "lowlevel.erbbands_kurtosis.stdev": 5.009932994842529, "lowlevel.erbbands_skewness.mean": 0.8877350687980652, "lowlevel.erbbands_skewness.stdev": 1.1397913694381714, "lowlevel.erbbands_spread.mean": 44.589385986328125, "lowlevel.erbbands_spread.stdev": 31.689176559448242, "lowlevel.hfc.mean": 10.207012176513672, "lowlevel.hfc.stdev": 10.336427688598633, "lowlevel.loudness_ebu128.integrated": -11.425604820251465, "lowlevel.loudness_ebu128.loudness_range": 4.894304275512695, "lowlevel.loudness_ebu128.momentary.mean": -11.820230484008789, "lowlevel.loudness_ebu128.momentary.stdev": 1.9960120916366577, "lowlevel.loudness_ebu128.short_term.mean": -11.662884712219238, "lowlevel.loudness_ebu128.short_term.stdev": 1.6762641668319702, "lowlevel.melbands_crest.mean": 21.777063369750977, "lowlevel.melbands_crest.stdev": 4.5042314529418945, "lowlevel.melbands_flatness_db.mean": 0.4162178635597229, "lowlevel.melbands_flatness_db.stdev": 0.1932012438774109, "lowlevel.melbands_kurtosis.mean": 61.961578369140625, "lowlevel.melbands_kurtosis.stdev": 62.97289276123047, "lowlevel.melbands_skewness.mean": 5.370587348937988, "lowlevel.melbands_skewness.stdev": 3.0543227195739746, "lowlevel.melbands_spread.mean": 6.1270751953125, "lowlevel.melbands_spread.stdev": 8.504542350769043, "lowlevel.pitch_salience.mean": 0.40065544843673706, "lowlevel.pitch_salience.stdev": 0.11445306241512299, "lowlevel.silence_rate_20dB.mean": 1.0, "lowlevel.silence_rate_20dB.stdev": 0.0, "lowlevel.silence_rate_30dB.mean": 0.9895712733268738, "lowlevel.silence_rate_30dB.stdev": 0.10158716142177582, "lowlevel.silence_rate_60dB.mean": 0.0023174970410764217, "lowlevel.silence_rate_60dB.stdev": 0.04808574542403221, "lowlevel.spectral_centroid.mean": 654.6341552734375, "lowlevel.spectral_centroid.stdev": 566.6799926757812, "lowlevel.spectral_complexity.mean": 8.86732292175293, "lowlevel.spectral_complexity.stdev": 6.4707536697387695, "lowlevel.spectral_decrease.mean": -9.577426851592463e-09, "lowlevel.spectral_decrease.stdev": 5.4828723783373334e-09, "lowlevel.spectral_energy.mean": 0.03707323595881462, "lowlevel.spectral_energy.stdev": 0.02140912041068077, "lowlevel.spectral_energyband_high.mean": 0.0003419155837036669, "lowlevel.spectral_energyband_high.stdev": 0.0005683753988705575, "lowlevel.spectral_energyband_low.mean": 0.02431430108845234, "lowlevel.spectral_energyband_low.stdev": 0.011450858786702156, "lowlevel.spectral_energyband_middle_high.mean": 0.002197673311457038, "lowlevel.spectral_energyband_middle_high.stdev": 0.004543222952634096, "lowlevel.spectral_energyband_middle_low.mean": 0.010908807627856731, "lowlevel.spectral_energyband_middle_low.stdev": 0.021343883126974106, "lowlevel.spectral_entropy.mean": 6.633913516998291, "lowlevel.spectral_entropy.stdev": 1.152908205986023, "lowlevel.spectral_flux.mean": 0.07051502913236618, "lowlevel.spectral_flux.stdev": 0.053036559373140335, "lowlevel.spectral_kurtosis.mean": 85.55719757080078, "lowlevel.spectral_kurtosis.stdev": 258.871826171875, "lowlevel.spectral_rms.mean": 0.005793757736682892, "lowlevel.spectral_rms.stdev": 0.0016128841089084744, "lowlevel.spectral_rolloff.mean": 313.05596923828125, "lowlevel.spectral_rolloff.stdev": 575.6130981445312, "lowlevel.spectral_skewness.mean": 4.123619079589844, "lowlevel.spectral_skewness.stdev": 6.789936542510986, "lowlevel.spectral_spread.mean": 3694602.5, "lowlevel.spectral_spread.stdev": 2164212.5, "lowlevel.spectral_strongpeak.mean": 0.5993776917457581, "lowlevel.spectral_strongpeak.stdev": 0.5533897876739502, "lowlevel.zerocrossingrate.mean": 0.0205423254519701, "lowlevel.zerocrossingrate.stdev": 0.02511146292090416, "metadata.audio_properties.analysis.equal_loudness": 0.0, "metadata.audio_properties.analysis.length": 40.04265213012695, "metadata.audio_properties.analysis.sample_rate": 44100.0, "metadata.audio_properties.analysis.start_time": 0.0, "metadata.audio_properties.bit_rate": 117629.0, "metadata.audio_properties.length": 40.042667388916016, "metadata.audio_properties.lossless": 0.0, "metadata.audio_properties.number_channels": 1.0, "metadata.audio_properties.replay_gain": -15.525285720825195, "metadata.audio_properties.sample_rate": 48000.0, "rhythm.beats_count": 68.0, "rhythm.beats_loudness.mean": 0.06942799687385559, "rhythm.beats_loudness.stdev": 0.03246447443962097, "rhythm.bpm": 102.58968353271484, "rhythm.bpm_histogram_first_peak_bpm": 103.0, "rhythm.bpm_histogram_first_peak_weight": 0.39393943548202515, "rhythm.bpm_histogram_second_peak_bpm": 108.0, "rhythm.bpm_histogram_second_peak_spread": 0.0, "rhythm.bpm_histogram_second_peak_weight": 0.014925372786819935, "rhythm.danceability": 1.3247681856155396, "rhythm.onset_rate": 4.01953125, "tonal.chords_changes_rate": 0.06481481343507767, "tonal.chords_number_rate": 0.0069444444961845875, "tonal.chords_strength.mean": 0.5721238255500793, "tonal.chords_strength.stdev": 0.07658066600561142, "tonal.hpcp_crest.mean": 13.019678115844727, "tonal.hpcp_crest.stdev": 5.517256736755371, "tonal.hpcp_entropy.mean": 2.0612680912017822, "tonal.hpcp_entropy.stdev": 0.7111504673957825, "tonal.key_edma.strength": 0.6213836073875427, "tonal.key_krumhansl.strength": 0.6148176789283752, "tonal.key_temperley.strength": 0.6005294322967529, "tonal.tuning_diatonic_strength": 0.5742899775505066, "tonal.tuning_equal_tempered_deviation": 0.07971726357936859, "tonal.tuning_frequency": 444.3418884277344, "tonal.tuning_nontempered_energy_ratio": 0.7267958521842957, "lowlevel.barkbands.mean": [0.00031149902497418225, 0.010377086699008942, 0.012959318235516548, 0.0032363515347242355, 0.006076493300497532, 0.0007932930602692068, 0.0001436112361261621, 0.0003091484250035137, 0.0003140722692478448, 0.0002889291208703071, 0.00036337366327643394, 0.00030924196471460164, 0.0002587771159596741, 0.00030516277183778584, 0.00013268656039144844, 0.00017602642765268683, 9.079249139176682e-05, 0.00010608708544168621, 0.00013219367247074842, 0.00010693544027162716, 0.00011009494483005255, 9.509177471045405e-05, 4.234939842717722e-05, 1.9947854525526054e-05, 1.0757295967778191e-05, 3.892354925483232e-06, 1.763284274147736e-08], "lowlevel.barkbands.stdev": [0.00025764209567569196, 0.00662575988098979, 0.007812010124325752, 0.007662112358957529, 0.013769520446658134, 0.0012175333686172962, 0.00034307557507418096, 0.0011201512534171343, 0.0013139204820618033, 0.001101627596653998, 0.001644489704631269, 0.0013180517125874758, 0.0008487530285492539, 0.0013911889400333166, 0.0005343800876289606, 0.00048557016998529434, 0.00024061984731815755, 0.00024020324053708464, 0.0002096727112075314, 0.00019935118325520307, 0.0002113091031787917, 0.00018009186896961182, 8.72352538863197e-05, 3.6731860745931044e-05, 2.4479808416799642e-05, 1.6355925254174508e-05, 1.390121724398341e-07], "lowlevel.erbbands.mean": [0.2910482585430145, 2.55456805229187, 14.920642852783203, 9.396048545837402, 28.151996612548828, 10.407391548156738, 7.437209129333496, 4.583207130432129, 2.0533883571624756, 3.122697114944458, 8.617892265319824, 7.2748894691467285, 5.70864200592041, 14.892159461975098, 10.863471031188965, 13.349833488464355, 12.84403133392334, 17.228790283203125, 8.970168113708496, 8.328457832336426, 7.788258075714111, 5.33420467376709, 6.113244533538818, 6.821193218231201, 5.098032474517822, 5.056430816650391, 4.37324333190918, 4.553375244140625, 3.678179979324341, 2.2182271480560303, 1.017888069152832, 0.49673745036125183, 0.3013901114463806, 0.14759494364261627, 0.06150504946708679, 0.02303093671798706, 0.0063851806335151196, 0.0005154282553121448, 2.913654680014588e-05, 4.194538632873446e-05], "lowlevel.erbbands.stdev": [0.23783008754253387, 1.5040719509124756, 8.421152114868164, 9.927993774414062, 73.45491790771484, 18.584095001220703, 10.539745330810547, 7.326279163360596, 4.233036041259766, 7.156138896942139, 32.07260513305664, 31.74966812133789, 19.946073532104492, 50.5931396484375, 46.61377716064453, 54.45899963378906, 35.3110237121582, 78.82879638671875, 28.761064529418945, 28.621145248413086, 17.469205856323242, 12.789417266845703, 13.31606674194336, 10.57323169708252, 8.302168846130371, 9.489476203918457, 8.528672218322754, 8.468087196350098, 6.897945880889893, 4.783133506774902, 2.1112396717071533, 0.9713960289955139, 0.5543673634529114, 0.3010915219783783, 0.16946521401405334, 0.08111295849084854, 0.03133641183376312, 0.002774827880784869, 5.805436012451537e-05, 2.482342279108707e-05], "lowlevel.gfcc.mean": [-109.16997528076172, 152.42361450195312, -70.35502624511719, 63.380409240722656, -37.41160583496094, 14.591322898864746, -19.928089141845703, -4.506922245025635, -16.795095443725586, -8.751405715942383, -5.63618278503418, -10.710771560668945, -2.104433059692383], "lowlevel.melbands.mean": [0.0026079542003571987, 0.00578638119623065, 0.0024359228555113077, 0.0014796650502830744, 0.0002407217543805018, 0.00011433778126956895, 2.9568383979494683e-05, 3.887273487634957e-05, 7.550713053205982e-05, 4.082494706381112e-05, 2.8308018954703584e-05, 6.001939982525073e-05, 4.283641465008259e-05, 3.131710764137097e-05, 3.331165498821065e-05, 2.6093215637956746e-05, 3.357474633958191e-05, 1.4405141882889438e-05, 9.708839570521377e-06, 1.4336716049001552e-05, 7.289600944204722e-06, 4.803727733815322e-06, 7.103096322680358e-06, 4.199625436740462e-06, 5.862728812644491e-06, 4.605002686730586e-06, 3.2220718821918126e-06, 3.3706839985825354e-06, 2.7621981644188054e-06, 2.643862444529077e-06, 2.589037194411503e-06, 2.224986474175239e-06, 1.5275750229193363e-06, 1.1082960327257751e-06, 6.208641707416973e-07, 3.7165054322940705e-07, 2.785235153623944e-07, 2.246249266590894e-07, 1.564700653489126e-07, 1.1457753146260075e-07], "lowlevel.melbands.stdev": [0.0019049083348363638, 0.003085558069869876, 0.003959636203944683, 0.003363571362569928, 0.00033038484980352223, 0.000176647023181431, 6.670090806437656e-05, 9.830017370404676e-05, 0.0002775426546577364, 0.0001806871296139434, 0.00010956523328786716, 0.00020402236259542406, 0.00020059026428498328, 0.00014429917791858315, 0.00013048599066678435, 9.141804912360385e-05, 0.00017021784151438624, 5.0548784201964736e-05, 4.266315227141604e-05, 4.450238338904455e-05, 1.5611103663104586e-05, 1.2814316505682655e-05, 1.802225233404897e-05, 9.424354175280314e-06, 9.534435776004102e-06, 7.76189517637249e-06, 6.673360985587351e-06, 6.486259280791273e-06, 5.824856089020614e-06, 5.102112027088879e-06, 4.869901658821618e-06, 4.175865797151346e-06, 3.31583737533947e-06, 2.45182877733896e-06, 1.3271561556393863e-06, 7.59519991788693e-07, 5.484571374836378e-07, 4.130383501887991e-07, 3.1123732924243086e-07, 2.4912750973271613e-07], "lowlevel.melbands128.mean": [0.00025822673342190683, 0.002357970457524061, 0.0030090666841715574, 0.0041739847511053085, 0.008467055857181549, 0.0049753133207559586, 0.0012742223916575313, 0.0021376130171120167, 0.003585494589060545, 0.0014216949930414557, 0.0002461182593833655, 0.00020343391224741936, 0.0002533946535550058, 0.00028907650266774, 9.300384408561513e-05, 3.718884181580506e-05, 3.262603058828972e-05, 2.69367537839571e-05, 2.760694405878894e-05, 3.0075085305725224e-05, 4.4147862354293466e-05, 6.606428360100836e-05, 8.68332281243056e-05, 7.843905768822879e-05, 5.015281567466445e-05, 2.481413866917137e-05, 1.8135209757019766e-05, 2.1019915948272683e-05, 4.368971349322237e-05, 5.4738440667279065e-05, 6.704248517053202e-05, 7.111128797987476e-05, 4.3459443986648694e-05, 2.167851744161453e-05, 2.1583964553428814e-05, 3.868153362418525e-05, 3.7935300497338176e-05, 3.766247027670033e-05, 2.5258421374019235e-05, 2.834184306266252e-05, 2.496695378795266e-05, 2.55698905675672e-05, 4.356048521003686e-05, 3.1728504836792126e-05, 1.5055969925015233e-05, 1.3402182958088815e-05, 1.118428826885065e-05, 8.883552254701499e-06, 9.597283678886015e-06, 9.719344234326854e-06, 1.6398775187553838e-05, 1.9709848857019097e-05, 5.2904388212482445e-06, 4.388826710055582e-06, 4.4302769310888834e-06, 4.455779617273947e-06, 4.973410796083044e-06, 8.185766091628466e-06, 8.00371799414279e-06, 4.944940883433446e-06, 3.719676669788896e-06, 3.677367658383446e-06, 4.675931450037751e-06, 5.565013452724088e-06, 9.716412023408338e-06, 3.7123343190614833e-06, 2.6955776775139384e-06, 2.871123115255614e-06, 3.4819659049389884e-06, 3.5227403714088723e-06, 3.3663061458355514e-06, 3.3317071483907057e-06, 3.179779696438345e-06, 2.5564538645994617e-06, 2.3744285044813296e-06, 2.580595264589647e-06, 2.7823120944958646e-06, 2.914588321800693e-06, 2.5617232495278586e-06, 2.2729830106982263e-06, 2.2814597286924254e-06, 2.374306177443941e-06, 1.6879995428098482e-06, 1.4543894621965592e-06, 1.3361365063246922e-06, 1.2828153330701753e-06, 1.002599674393423e-06, 8.51568358939403e-07, 5.463854790832556e-07, 5.348697413865011e-07, 3.9961204834071395e-07, 3.436742304074869e-07, 2.785516528547305e-07, 2.830083474236744e-07, 2.8024575726703915e-07, 2.3283962491404964e-07, 2.1959492357837007e-07, 2.0056124583334167e-07, 1.5474820713734516e-07, 1.3762534933903225e-07, 1.249964043381624e-07, 1.1313640158050475e-07, 1.0149960161243143e-07, 7.538112356542115e-08, 5.968371397102601e-08, 6.119525153280847e-08, 6.20035081055903e-08, 4.9992195272352546e-08, 3.59563401275409e-08, 2.8765624549009772e-08, 2.554638633966988e-08, 2.4863837211341888e-08, 2.1458625099057826e-08, 1.5551488985465767e-08, 8.230813364207279e-09, 4.762826577575652e-09, 6.970877763912142e-10, 5.900845090334172e-11, 4.771493616884115e-11, 2.4869190040632816e-11, 1.7871823812520837e-11, 1.1081677242508192e-11, 7.705813417913099e-12, 7.05044399598731e-12, 5.92066846938355e-12, 4.565692442171088e-12, 3.934080058248801e-12, 3.834996990109696e-12], "lowlevel.melbands128.stdev": [0.00023105222498998046, 0.0020063817501068115, 0.0029113430064171553, 0.0026322968769818544, 0.004767208360135555, 0.0032336311414837837, 0.0012420377461239696, 0.005678633227944374, 0.009991016238927841, 0.0028117189649492502, 0.0005332150612957776, 0.00034122151555493474, 0.0004293840902391821, 0.00047110437299124897, 0.00019681855337694287, 8.075002551777288e-05, 6.897873390698805e-05, 7.306697079911828e-05, 8.343406807398424e-05, 7.53027998143807e-05, 0.00015181538765318692, 0.0002953296934720129, 0.00040663513937033713, 0.0003897632414009422, 0.0003174860612489283, 0.0001279784773942083, 7.408103556372225e-05, 0.00011290430120425299, 0.00024050440697465092, 0.0002591596858110279, 0.00029514729976654053, 0.00038618463440798223, 0.0002982605074066669, 0.00015985251229722053, 0.00011553285003174096, 0.00025865313364192843, 0.00019473499560263008, 0.00024218334874603897, 0.00010102372471010312, 9.693914762465283e-05, 0.00014853074389975518, 0.00014163342711981386, 0.0002900798572227359, 0.0001879499905044213, 7.774910773150623e-05, 6.523211050080135e-05, 6.269566802075133e-05, 5.0074093451257795e-05, 6.811557977925986e-05, 5.7434794143773615e-05, 7.307290070457384e-05, 5.5310603784164414e-05, 1.557486757519655e-05, 1.6414149285992607e-05, 1.597246591700241e-05, 1.8469083443051204e-05, 1.4982864740886725e-05, 2.9386776077444665e-05, 2.5730740162543952e-05, 1.4952134733903222e-05, 1.1658125913527329e-05, 1.1295874173811171e-05, 9.480464541411493e-06, 1.1184847608092241e-05, 2.3106427761376835e-05, 7.36985248295241e-06, 7.45759916753741e-06, 7.1937261054699775e-06, 8.698433703102637e-06, 8.333419827977195e-06, 7.877685675339308e-06, 7.2925095082609914e-06, 7.225977242342196e-06, 7.02712850397802e-06, 5.186333964957157e-06, 5.547361070057377e-06, 6.058536200725939e-06, 6.350348030537134e-06, 5.39873917659861e-06, 4.229037131153746e-06, 4.705889750766801e-06, 5.025269274483435e-06, 3.899773673765594e-06, 3.507847623041016e-06, 3.5122354802297195e-06, 3.1174090509011876e-06, 2.2961123704590136e-06, 1.9592223452491453e-06, 1.2706973393505905e-06, 1.291606281483837e-06, 8.967666076387104e-07, 7.229267566799535e-07, 6.807480303905322e-07, 6.370183314174938e-07, 5.58914052817272e-07, 4.299213287595194e-07, 4.5333618459153513e-07, 4.383940961361077e-07, 3.287175047717028e-07, 2.9737861950707156e-07, 2.7791332968263305e-07, 2.7375449462851975e-07, 2.6380416784377303e-07, 2.120184774412337e-07, 2.044329363570796e-07, 2.0698290370546601e-07, 2.1504055780496856e-07, 1.8104077526004403e-07, 1.4879192633543425e-07, 1.3223292683051113e-07, 1.2725294595838932e-07, 1.439096877220436e-07, 1.143000858405685e-07, 8.575959498102748e-08, 4.904591577314932e-08, 3.330508846488556e-08, 4.413946541603764e-09, 9.262820510613778e-10, 1.1809891953262763e-09, 6.016425690980043e-10, 4.620825388990113e-10, 2.5331942099526827e-10, 1.357833706583378e-10, 1.1240255948230526e-10, 7.19086318268225e-11, 2.4900510472991577e-11, 6.267112263175223e-12, 5.487433858003543e-12], "lowlevel.mfcc.mean": [-755.3435668945312, 159.52923583984375, 40.54901123046875, 55.21039581298828, 16.12706756591797, 24.279476165771484, 11.599878311157227, 9.206663131713867, 0.9266771674156189, 0.31275475025177, 0.5551791191101074, -1.1553244590759277, -1.4905102252960205], "lowlevel.spectral_contrast_coeffs.mean": [-0.7022891640663147, -0.7948647141456604, -0.8132794499397278, -0.8218889236450195, -0.8237232565879822, -0.7581478953361511], "lowlevel.spectral_contrast_coeffs.stdev": [0.07972908765077591, 0.058829303830862045, 0.06662293523550034, 0.07445288449525833, 0.06677275151014328, 0.0846790000796318], "lowlevel.spectral_contrast_valleys.mean": [-6.153133392333984, -7.592067718505859, -8.485753059387207, -8.982022285461426, -8.998226165771484, -11.925731658935547], "lowlevel.spectral_contrast_valleys.stdev": [0.6932602524757385, 0.9674245119094849, 1.3772687911987305, 1.8829562664031982, 2.2055463790893555, 2.0066354274749756], "rhythm.beats_loudness_band_ratio.mean": [0.9175661206245422, 0.29724717140197754, 0.010360894724726677, 0.00980310421437025, 0.0063615660183131695, 0.011392000131309032], "rhythm.beats_loudness_band_ratio.stdev": [0.050158023834228516, 0.13865219056606293, 0.013581696897745132, 0.016943849623203278, 0.0060687921941280365, 0.007829301990568638], "tonal.hpcp.mean": [0.16193069517612457, 0.05790190026164055, 0.032522670924663544, 0.026269512251019478, 0.023742977529764175, 0.026652595028281212, 0.024568498134613037, 0.024238750338554382, 0.028763508424162865, 0.02466655522584915, 0.01224424410611391, 0.006617766339331865, 0.009058714844286442, 0.009777984581887722, 0.009930835105478764, 0.013093594461679459, 0.01753796637058258, 0.0401284359395504, 0.052105531096458435, 0.029854096472263336, 0.016537563875317574, 0.014757301658391953, 0.009085875935852528, 0.00551717821508646, 0.005466244649142027, 0.016809796914458275, 0.07084859907627106, 0.10242896527051926, 0.06735505908727646, 0.03272201120853424, 0.02725827507674694, 0.06147801876068115, 0.3881675601005554, 0.6830482482910156, 0.41787683963775635, 0.19903935492038727], "tonal.hpcp.stdev": [0.3269615173339844, 0.16360467672348022, 0.13342270255088806, 0.11437776684761047, 0.1073368638753891, 0.11247125267982483, 0.11854220926761627, 0.09514063596725464, 0.08727246522903442, 0.0879712849855423, 0.0530254989862442, 0.023978879675269127, 0.03343474119901657, 0.04055309295654297, 0.051493290811777115, 0.05697254836559296, 0.05982924997806549, 0.07268734276294708, 0.08289438486099243, 0.053053054958581924, 0.05883775278925896, 0.041529580950737, 0.03122376836836338, 0.022289937362074852, 0.017249349504709244, 0.0558578297495842, 0.20277860760688782, 0.2715831696987152, 0.20467163622379303, 0.13397693634033203, 0.11532526463270187, 0.15529890358448029, 0.32733744382858276, 0.4203585982322693, 0.31487178802490234, 0.3303239047527313], "rhythm.beats_position": [0.5804988741874695, 1.1842176914215088, 1.7763265371322632, 2.3684353828430176, 2.9489340782165527, 3.529433012008667, 4.109931945800781, 4.678820610046387, 5.24770975112915, 5.8282084465026855, 6.43192720413208, 7.024035930633545, 7.627755165100098, 8.219863891601562, 8.800362586975098, 9.380861282348633, 9.961359977722168, 10.55346965789795, 11.145578384399414, 11.749297142028809, 12.353015899658203, 12.933514595031738, 13.537233352661133, 14.117732048034668, 14.698230743408203, 15.278729438781738, 15.85922908782959, 16.439727783203125, 17.043445587158203, 17.623945236206055, 18.204444885253906, 18.784942626953125, 19.365442276000977, 19.969160079956055, 20.549659729003906, 21.130157470703125, 21.710657119750977, 22.291156768798828, 22.871654510498047, 23.4521541595459, 24.032651901245117, 24.61315155029297, 25.20526123046875, 25.7973690032959, 26.37786865234375, 26.95836639404297, 27.53886604309082, 28.13097381591797, 28.69986343383789, 29.280363082885742, 29.86086082458496, 30.452970504760742, 31.04507827758789, 31.625577926635742, 32.206077575683594, 32.78657531738281, 33.36707305908203, 33.947574615478516, 34.528072357177734, 35.120182037353516, 35.71228790283203, 36.292789459228516, 36.873287200927734, 37.45378494262695, 38.03428649902344, 38.62639236450195, 39.218502044677734, 39.775779724121094], "rhythm.bpm_histogram": [0.0, 0.0, 0.0, 0.0, 0.0, 0.0, 0.0, 0.0, 0.0, 0.0, 0.0, 0.0, 0.0, 0.0, 0.0, 0.0, 0.0, 0.0, 0.0, 0.0, 0.0, 0.0, 0.0, 0.0, 0.0, 0.0, 0.0, 0.0, 0.0, 0.0, 0.0, 0.0, 0.0, 0.0, 0.0, 0.0, 0.0, 0.0, 0.0, 0.0, 0.0, 0.0, 0.0, 0.0, 0.0, 0.0, 0.0, 0.0, 0.0, 0.0, 0.0, 0.0, 0.0, 0.0, 0.0, 0.0, 0.0, 0.0, 0.0, 0.0, 0.0, 0.0, 0.0, 0.0, 0.0, 0.0, 0.0, 0.0, 0.0, 0.0, 0.0, 0.0, 0.0, 0.0, 0.0, 0.0, 0.0, 0.0, 0.0, 0.0, 0.0, 0.0, 0.0, 0.0, 0.0, 0.0, 0.0, 0.0, 0.0, 0.0, 0.0, 0.0, 0.0, 0.0, 0.0, 0.0, 0.0, 0.0, 0.0, 0.11940298229455948, 0.0, 0.2238806039094925, 0.0, 0.5970149040222168, 0.0, 0.04477611929178238, 0.0, 0.0, 0.014925372786819935, 0.0, 0.0, 0.0, 0.0, 0.0, 0.0, 0.0, 0.0, 0.0, 0.0, 0.0, 0.0, 0.0, 0.0, 0.0, 0.0, 0.0, 0.0, 0.0, 0.0, 0.0, 0.0, 0.0, 0.0, 0.0, 0.0, 0.0, 0.0, 0.0, 0.0, 0.0, 0.0, 0.0, 0.0, 0.0, 0.0, 0.0, 0.0, 0.0, 0.0, 0.0, 0.0, 0.0, 0.0, 0.0, 0.0, 0.0, 0.0, 0.0, 0.0, 0.0, 0.0, 0.0, 0.0, 0.0, 0.0, 0.0, 0.0, 0.0, 0.0, 0.0, 0.0, 0.0, 0.0, 0.0, 0.0, 0.0, 0.0, 0.0, 0.0, 0.0, 0.0, 0.0, 0.0, 0.0, 0.0, 0.0, 0.0, 0.0, 0.0, 0.0, 0.0, 0.0, 0.0, 0.0, 0.0, 0.0, 0.0, 0.0, 0.0, 0.0, 0.0, 0.0, 0.0, 0.0, 0.0, 0.0, 0.0, 0.0, 0.0, 0.0, 0.0, 0.0, 0.0, 0.0, 0.0, 0.0, 0.0, 0.0, 0.0, 0.0, 0.0, 0.0, 0.0, 0.0, 0.0, 0.0, 0.0, 0.0, 0.0, 0.0, 0.0, 0.0, 0.0, 0.0, 0.0, 0.0, 0.0, 0.0, 0.0, 0.0, 0.0, 0.0, 0.0, 0.0, 0.0, 0.0, 0.0, 0.0, 0.0, 0.0], "tonal.chords_histogram": [0.23148147761821747, 0.0, 0.0, 0.0, 0.0, 0.0, 0.0, 9.375, 45.13888931274414, 32.175926208496094, 0.0, 0.0, 0.0, 0.0, 0.0, 0.0, 0.8101851940155029, 0.0, 0.0, 0.0, 0.0, 6.597222328186035, 1.3888888359069824, 4.282407283782959], "tonal.thpcp": [1.0, 0.6117823123931885, 0.29139867424964905, 0.23707064986228943, 0.0847698524594307, 0.04761401563882828, 0.038459233939647675, 0.03476032242178917, 0.039020076394081116, 0.03596890717744827, 0.03548614680767059, 0.04211050644516945, 0.0361124649643898, 0.017925884574651718, 0.00968857854604721, 0.013262188993394375, 0.014315217733383179, 0.014538994990289211, 0.019169354811310768, 0.025676028802990913, 0.05874904990196228, 0.07628381997346878, 0.04370715469121933, 0.02421141415834427, 0.02160506509244442, 0.013301953673362732, 0.0080772889778018, 0.008002720773220062, 0.024609969928860664, 0.1037241518497467, 0.14995861053466797, 0.09860952198505402, 0.047905854880809784, 0.039906807243824005, 0.09000538289546967, 0.568287193775177], "lowlevel.gfcc.cov": [[19015.865234375, -6586.5771484375, -7412.041015625, 2620.87744140625, -1593.3472900390625, 2274.82373046875, -830.2890625, 595.431396484375, -682.7416381835938, 553.1686401367188, -880.6315307617188, -188.53086853027344, -629.2132568359375], [-6586.5771484375, 3208.1435546875, 2350.37060546875, -1123.4332275390625, 825.1244506835938, -1048.4066162109375, 477.6390075683594, -241.09986877441406, 297.9093933105469, -308.1387634277344, 443.65362548828125, -3.1050405502319336, 314.1085510253906], [-7412.041015625, 2350.37060546875, 4061.134521484375, -1085.6328125, 267.71368408203125, -817.6757202148438, 192.8188018798828, -264.5101318359375, 184.53817749023438, -188.44329833984375, 142.84774780273438, 181.5586700439453, 196.848388671875], [2620.87744140625, -1123.4332275390625, -1085.6328125, 722.4273681640625, -292.3749694824219, 367.7544860839844, -183.27322387695312, -15.922673225402832, -4.91219425201416, 71.96498107910156, -76.52379608154297, -50.01160430908203, -63.93452835083008], [-1593.3472900390625, 825.1244506835938, 267.71368408203125, -292.3749694824219, 607.1583862304688, -335.80889892578125, 79.2140121459961, 31.797433853149414, 30.097074508666992, -29.059585571289062, 172.65338134765625, 3.3551690578460693, 63.83779525756836], [2274.82373046875, -1048.4066162109375, -817.6757202148438, 367.7544860839844, -335.80889892578125, 534.1614379882812, -66.73185729980469, 31.938095092773438, -80.44416046142578, 92.74500274658203, -110.55172729492188, -4.251096725463867, -82.3697280883789], [-830.2890625, 477.6390075683594, 192.8188018798828, -183.27322387695312, 79.2140121459961, -66.73185729980469, 242.25552368164062, -36.11716842651367, 44.76644515991211, -53.79194259643555, 83.68243408203125, 2.2285828590393066, 51.65420150756836], [595.431396484375, -241.09986877441406, -264.5101318359375, -15.922673225402832, 31.797433853149414, 31.938095092773438, -36.11716842651367, 178.3390655517578, -26.613719940185547, 61.64451217651367, -51.18579864501953, 7.233462810516357, -38.101680755615234], [-682.7416381835938, 297.9093933105469, 184.53817749023438, -4.91219425201416, 30.097074508666992, -80.44416046142578, 44.76644515991211, -26.613719940185547, 166.9827423095703, -10.739569664001465, 65.37474060058594, -21.107994079589844, 54.63603210449219], [553.1686401367188, -308.1387634277344, -188.44329833984375, 71.96498107910156, -29.059585571289062, 92.74500274658203, -53.79194259643555, 61.64451217651367, -10.739569664001465, 107.12423706054688, -17.959850311279297, 21.934207916259766, -42.891658782958984], [-880.6315307617188, 443.65362548828125, 142.84774780273438, -76.52379608154297, 172.65338134765625, -110.55172729492188, 83.68243408203125, -51.18579864501953, 65.37474060058594, -17.959850311279297, 172.03440856933594, 2.3576598167419434, 46.20383071899414], [-188.53086853027344, -3.1050405502319336, 181.5586700439453, -50.01160430908203, 3.3551690578460693, -4.251096725463867, 2.2285828590393066, 7.233462810516357, -21.107994079589844, 21.934207916259766, 2.3576598167419434, 78.26956176757812, 7.240063190460205], [-629.2132568359375, 314.1085510253906, 196.848388671875, -63.93452835083008, 63.83779525756836, -82.3697280883789, 51.65420150756836, -38.101680755615234, 54.63603210449219, -42.891658782958984, 46.20383071899414, 7.240063190460205, 90.52033233642578]], "lowlevel.gfcc.icov": [[0.0007345446501858532, -0.0013534543104469776, 0.0010851459810510278, -0.001596097252331674, 0.0009024151950143278, -0.00122863391879946, 0.0007680809940211475, -0.001018058741465211, 0.0015464674215763807, -0.0011640944285318255, 0.0022658389061689377, -0.001286434242501855, 0.0011554051889106631], [-0.0013534543104469776, 0.012143444269895554, -0.003143669804558158, 0.009615257382392883, -0.00409773550927639, 0.00848978478461504, -0.005460433196276426, 0.006081176456063986, -0.007475945632904768, 0.007644022814929485, -0.011588338762521744, 0.007837709039449692, -0.008205312304198742], [0.0010851459810510278, -0.003143669804558158, 0.0025233689229935408, -0.002040715655311942, 0.0019161816453561187, -0.0020238766446709633, 0.00212798616848886, -0.0007801068713888526, 0.0018777184886857867, -0.0022118045017123222, 0.004582935478538275, -0.004100563004612923, 0.0025944982189685106], [-0.001596097252331674, 0.009615257382392883, -0.002040715655311942, 0.012783155776560307, -0.0028570962604135275, 0.005762636195868254, -0.0015229950658977032, 0.007457667961716652, -0.008786852471530437, 0.006432304158806801, -0.010364584624767303, 0.00597525667399168, -0.00656265951693058], [0.0009024151950143278, -0.00409773550927639, 0.0019161816453561187, -0.0028570962604135275, 0.005815109238028526, -0.0010532959131523967, 0.002431296743452549, -0.003666900796815753, 0.00461798720061779, -0.003679920919239521, 0.0010461341589689255, -0.00218298495747149, 0.001426407601684332], [-0.00122863391879946, 0.00848978478461504, -0.0020238766446709633, 0.005762636195868254, -0.0010532959131523967, 0.011533645913004875, -0.005486510694026947, 0.004935334902256727, -0.0038105843123048544, 0.002243846422061324, -0.00811182800680399, 0.005268798675388098, -0.006000426132231951], [0.0007680809940211475, -0.005460433196276426, 0.00212798616848886, -0.0015229950658977032, 0.002431296743452549, -0.005486510694026947, 0.010171682573854923, -0.0024216093588620424, 0.001756369834765792, -0.0002955480304080993, 0.002510935068130493, -0.004534416366368532, 0.002933720825240016], [-0.001018058741465211, 0.006081176456063986, -0.0007801068713888526, 0.007457667961716652, -0.003666900796815753, 0.004935334902256727, -0.0024216093588620424, 0.014190060086548328, -0.0061522554606199265, -0.0007860040059313178, -0.001713048666715622, 0.0024146675132215023, -0.0027608268428593874], [0.0015464674215763807, -0.007475945632904768, 0.0018777184886857867, -0.008786852471530437, 0.00461798720061779, -0.0038105843123048544, 0.001756369834765792, -0.0061522554606199265, 0.017271125689148903, -0.009493041783571243, 0.004751295782625675, 0.0008700366597622633, -0.0013315496034920216], [-0.0011640944285318255, 0.007644022814929485, -0.0022118045017123222, 0.006432304158806801, -0.003679920919239521, 0.002243846422061324, -0.0002955480304080993, -0.0007860040059313178, -0.009493041783571243, 0.02525009587407112, -0.01028310414403677, -0.0024431790225207806, 0.0023494097404181957], [0.0022658389061689377, -0.011588338762521744, 0.004582935478538275, -0.010364584624767303, 0.0010461341589689255, -0.00811182800680399, 0.002510935068130493, -0.001713048666715622, 0.004751295782625675, -0.01028310414403677, 0.025935860350728035, -0.01003307569772005, 0.008226044476032257], [-0.001286434242501855, 0.007837709039449692, -0.004100563004612923, 0.00597525667399168, -0.00218298495747149, 0.005268798675388098, -0.004534416366368532, 0.0024146675132215023, 0.0008700366597622633, -0.0024431790225207806, -0.01003307569772005, 0.025907784700393677, -0.01169772818684578], [0.0011554051889106631, -0.008205312304198742, 0.0025944982189685106, -0.00656265951693058, 0.001426407601684332, -0.006000426132231951, 0.002933720825240016, -0.0027608268428593874, -0.0013315496034920216, 0.0023494097404181957, 0.008226044476032257, -0.01169772818684578, 0.02662547305226326]], "lowlevel.mfcc.cov": [[21303.880859375, -7317.73974609375, -5721.80859375, -942.821044921875, -772.4807739257812, 1058.6649169921875, 14.060155868530273, -0.14432263374328613, 210.2915802001953, 219.77627563476562, 377.9143981933594, 81.07445526123047, -330.0433044433594], [-7317.73974609375, 3416.259765625, 1480.62255859375, 338.9456787109375, 314.96868896484375, -527.1287841796875, 98.38190460205078, 52.026695251464844, -103.66703033447266, -32.84272384643555, -135.68093872070312, -4.180490970611572, 105.65574645996094], [-5721.80859375, 1480.62255859375, 2580.220458984375, 233.23916625976562, -12.29924488067627, -175.5206756591797, -162.143310546875, -31.12664222717285, 1.554945468902588, -138.36270141601562, -157.8751678466797, -57.681888580322266, 18.321691513061523], [-942.821044921875, 338.9456787109375, 233.23916625976562, 212.6477508544922, 98.74819946289062, -62.63391876220703, -53.06354522705078, -25.119592666625977, -26.49412727355957, -2.3476035594940186, -27.024728775024414, -21.34218978881836, 43.150753021240234], [-772.4807739257812, 314.96868896484375, -12.29924488067627, 98.74819946289062, 305.5231628417969, -100.0481185913086, 0.7534611225128174, -37.8104248046875, -34.767818450927734, 9.473578453063965, 0.987177848815918, -24.25288200378418, 74.36018371582031], [1058.6649169921875, -527.1287841796875, -175.5206756591797, -62.63391876220703, -100.0481185913086, 275.7607727050781, 13.92307186126709, -7.2101335525512695, 0.2570953667163849, -18.50800132751465, 39.19115447998047, 12.037042617797852, -22.081378936767578], [14.060155868530273, 98.38190460205078, -162.143310546875, -53.06354522705078, 0.7534611225128174, 13.92307186126709, 156.3815155029297, 35.22296905517578, -26.41704559326172, -12.324732780456543, 13.1049222946167, 18.416688919067383, -4.954028606414795], [-0.14432263374328613, 52.026695251464844, -31.12664222717285, -25.119592666625977, -37.8104248046875, -7.2101335525512695, 35.22296905517578, 67.11722564697266, 17.266559600830078, 2.6231319904327393, -7.147578716278076, 9.337057113647461, -14.802419662475586], [210.2915802001953, -103.66703033447266, 1.554945468902588, -26.49412727355957, -34.767818450927734, 0.2570953667163849, -26.41704559326172, 17.266559600830078, 91.17542266845703, 25.83233642578125, -9.503835678100586, 5.933709621429443, -29.51057243347168], [219.77627563476562, -32.84272384643555, -138.36270141601562, -2.3476035594940186, 9.473578453063965, -18.50800132751465, -12.324732780456543, 2.6231319904327393, 25.83233642578125, 77.14682006835938, 26.088729858398438, 5.374353408813477, 0.7440589666366577], [377.9143981933594, -135.68093872070312, -157.8751678466797, -27.024728775024414, 0.987177848815918, 39.19115447998047, 13.1049222946167, -7.147578716278076, -9.503835678100586, 26.088729858398438, 80.28474426269531, 20.059473037719727, 16.053232192993164], [81.07445526123047, -4.180490970611572, -57.681888580322266, -21.34218978881836, -24.25288200378418, 12.037042617797852, 18.416688919067383, 9.337057113647461, 5.933709621429443, 5.374353408813477, 20.059473037719727, 59.969329833984375, 11.863020896911621], [-330.0433044433594, 105.65574645996094, 18.321691513061523, 43.150753021240234, 74.36018371582031, -22.081378936767578, -4.954028606414795, -14.802419662475586, -29.51057243347168, 0.7440589666366577, 16.053232192993164, 11.863020896911621, 102.968017578125]], "lowlevel.mfcc.icov": [[0.0005504414439201355, 0.0007528830319643021, 0.0008227283833548427, 0.00015071955567691475, 0.0005365255055949092, 9.613246947992593e-05, 0.00036911608185619116, 5.092084757052362e-05, -1.156377766164951e-05, 0.0002196898276451975, 5.7680757890921086e-05, 0.00010999608639394864, 0.0004139057418797165], [0.0007528830319643021, 0.0018041596049442887, 0.0007003525970503688, -0.00038626595051027834, 0.00035495407064445317, 0.0010405797511339188, -0.00043771028867922723, -0.0005769695853814483, 0.0006897487328387797, -0.00032920195371843874, 0.0004467708058655262, -0.0005140638095326722, 0.0006516612484119833], [0.0008227283833548427, 0.0007003525970503688, 0.0020241185557097197, 6.729554297635332e-05, 0.0012959047453477979, -1.425347181793768e-05, 0.0014151830691844225, 0.0005407477146945894, -0.0006929526571184397, 0.0017369461711496115, 0.00022512821306008846, 0.0006713849143125117, 0.00041339878225699067], [0.00015071955567691475, -0.00038626595051027834, 6.729554297635332e-05, 0.0079186437651515, -0.001312713255174458, -0.0005708298995159566, 0.0028867810033261776, 0.00035495925112627447, 0.0018024860182777047, -0.0010495185852050781, 0.0018976718420162797, 0.0008327758405357599, -0.0013031091075390577], [0.0005365255055949092, 0.00035495407064445317, 0.0012959047453477979, -0.001312713255174458, 0.006326373666524887, 0.001345782307907939, -0.0006869091303087771, 0.0030475950334221125, -0.0008983599254861474, 0.0005849711014889181, -0.0006505731143988669, 0.002890398958697915, -0.002693273825570941], [9.613246947992593e-05, 0.0010405797511339188, -1.425347181793768e-05, -0.0005708298995159566, 0.001345782307907939, 0.006170604843646288, -0.0012008564081043005, 0.0007624316494911909, 9.771829354576766e-05, 0.001986616989597678, -0.002323219319805503, -0.00018499977886676788, 0.00028253949130885303], [0.00036911608185619116, -0.00043771028867922723, 0.0014151830691844225, 0.0028867810033261776, -0.0006869091303087771, -0.0012008564081043005, 0.011293712072074413, -0.004839491564780474, 0.0031950436532497406, 0.0024188964162021875, -0.0007315514376387, -0.0014652246609330177, 0.0014379650820046663], [5.092084757052362e-05, -0.0005769695853814483, 0.0005407477146945894, 0.00035495925112627447, 0.0030475950334221125, 0.0007624316494911909, -0.004839491564780474, 0.021493274718523026, -0.0048571862280368805, -8.119254925986752e-05, 0.0018545212224125862, -0.0003135865554213524, -0.0003145979135297239], [-1.156377766164951e-05, 0.0006897487328387797, -0.0006929526571184397, 0.0018024860182777047, -0.0008983599254861474, 9.771829354576766e-05, 0.0031950436532497406, -0.0048571862280368805, 0.017699657008051872, -0.00713680125772953, 0.0040981522761285305, -0.0037775104865431786, 0.0036688719410449266], [0.0002196898276451975, -0.00032920195371843874, 0.0017369461711496115, -0.0010495185852050781, 0.0005849711014889181, 0.001986616989597678, 0.0024188964162021875, -8.119254925986752e-05, -0.00713680125772953, 0.021064287051558495, -0.008016006089746952, 0.0015540927415713668, 0.00015408176113851368], [5.7680757890921086e-05, 0.0004467708058655262, 0.00022512821306008846, 0.0018976718420162797, -0.0006505731143988669, -0.002323219319805503, -0.0007315514376387, 0.0018545212224125862, 0.0040981522761285305, -0.008016006089746952, 0.0202