{"song_id": "1183650298804306000", "download": "https://cdn.discordapp.com/attachments/1135903449314238464/1183650298804306000/chirp.mp4?ex=65891b3e&amp", "lyrics": "\u725b\u5976\u7684\u5473\u9053\uff0c\u5982\u4e1d\u6ed1\u751c\u871c\u821e\u8e48\uff0c\n\u5507\u9f7f\u95f4\u821e\u52a8\uff0c\u9877\u523b\u95f4\u5fc3\u6249\u655e\u5f00\u3002\n\u7ec6\u817b\u6ecb\u5473\uff0c\u5982\u8bd7\u7bc7\u7f16\u7ec7\uff0c\n\u9c9c\u5976\u53e3\u611f\uff0c\u662f\u7231\u610f\u7684\u65cb\u5f8b\u3002", "style": ["Chinese pop"], "essentia_features": {"lowlevel.average_loudness": 0.25908583402633667, "lowlevel.barkbands_crest.mean": 16.1929988861084, "lowlevel.barkbands_crest.stdev": 5.447772979736328, "lowlevel.barkbands_flatness_db.mean": 0.2577512264251709, "lowlevel.barkbands_flatness_db.stdev": 0.07800585776567459, "lowlevel.barkbands_kurtosis.mean": 18.472095489501953, "lowlevel.barkbands_kurtosis.stdev": 27.765594482421875, "lowlevel.barkbands_skewness.mean": 2.8714561462402344, "lowlevel.barkbands_skewness.stdev": 2.260258197784424, "lowlevel.barkbands_spread.mean": 11.45064926147461, "lowlevel.barkbands_spread.stdev": 12.552700996398926, "lowlevel.dissonance.mean": 0.3862316906452179, "lowlevel.dissonance.stdev": 0.06548424810171127, "lowlevel.dynamic_complexity": 3.8861258029937744, "lowlevel.erbbands_crest.mean": 16.543062210083008, "lowlevel.erbbands_crest.stdev": 6.4477667808532715, "lowlevel.erbbands_flatness_db.mean": 0.28149399161338806, "lowlevel.erbbands_flatness_db.stdev": 0.07990928739309311, "lowlevel.erbbands_kurtosis.mean": 7.76824951171875, "lowlevel.erbbands_kurtosis.stdev": 12.03519344329834, "lowlevel.erbbands_skewness.mean": 1.7248386144638062, "lowlevel.erbbands_skewness.stdev": 1.5550111532211304, "lowlevel.erbbands_spread.mean": 23.63384246826172, "lowlevel.erbbands_spread.stdev": 20.439237594604492, "lowlevel.hfc.mean": 18.800884246826172, "lowlevel.hfc.stdev": 28.28597068786621, "lowlevel.loudness_ebu128.integrated": -21.674781799316406, "lowlevel.loudness_ebu128.loudness_range": 6.095508575439453, "lowlevel.loudness_ebu128.momentary.mean": -23.493633270263672, "lowlevel.loudness_ebu128.momentary.stdev": 3.7496109008789062, "lowlevel.loudness_ebu128.short_term.mean": -22.80631446838379, "lowlevel.loudness_ebu128.short_term.stdev": 1.896122694015503, "lowlevel.melbands_crest.mean": 20.393081665039062, "lowlevel.melbands_crest.stdev": 6.375659465789795, "lowlevel.melbands_flatness_db.mean": 0.28101015090942383, "lowlevel.melbands_flatness_db.stdev": 0.09644200652837753, "lowlevel.melbands_kurtosis.mean": 28.63825035095215, "lowlevel.melbands_kurtosis.stdev": 33.52281188964844, "lowlevel.melbands_skewness.mean": 3.445183277130127, "lowlevel.melbands_skewness.stdev": 2.183234214782715, "lowlevel.melbands_spread.mean": 18.337543487548828, "lowlevel.melbands_spread.stdev": 32.5428352355957, "lowlevel.pitch_salience.mean": 0.44116395711898804, "lowlevel.pitch_salience.stdev": 0.1453939825296402, "lowlevel.silence_rate_20dB.mean": 0.9911727905273438, "lowlevel.silence_rate_20dB.stdev": 0.09353772550821304, "lowlevel.silence_rate_30dB.mean": 0.9810844659805298, "lowlevel.silence_rate_30dB.stdev": 0.1362266093492508, "lowlevel.silence_rate_60dB.mean": 0.24968473613262177, "lowlevel.silence_rate_60dB.stdev": 0.43283089995384216, "lowlevel.spectral_centroid.mean": 1174.350341796875, "lowlevel.spectral_centroid.stdev": 983.9304809570312, "lowlevel.spectral_complexity.mean": 7.575031757354736, "lowlevel.spectral_complexity.stdev": 6.832881927490234, "lowlevel.spectral_decrease.mean": -5.38733324617624e-09, "lowlevel.spectral_decrease.stdev": 1.540078464756789e-08, "lowlevel.spectral_energy.mean": 0.022038333117961884, "lowlevel.spectral_energy.stdev": 0.059356413781642914, "lowlevel.spectral_energyband_high.mean": 0.0010586905991658568, "lowlevel.spectral_energyband_high.stdev": 0.002651017624884844, "lowlevel.spectral_energyband_low.mean": 0.0060161324217915535, "lowlevel.spectral_energyband_low.stdev": 0.05498742312192917, "lowlevel.spectral_energyband_middle_high.mean": 0.005686648655682802, "lowlevel.spectral_energyband_middle_high.stdev": 0.012727721594274044, "lowlevel.spectral_energyband_middle_low.mean": 0.00973539799451828, "lowlevel.spectral_energyband_middle_low.stdev": 0.01203570980578661, "lowlevel.spectral_entropy.mean": 6.749232292175293, "lowlevel.spectral_entropy.stdev": 0.8891656398773193, "lowlevel.spectral_flux.mean": 0.05100094527006149, "lowlevel.spectral_flux.stdev": 0.0671009048819542, "lowlevel.spectral_kurtosis.mean": 10.754258155822754, "lowlevel.spectral_kurtosis.stdev": 20.84437370300293, "lowlevel.spectral_rms.mean": 0.003629689570516348, "lowlevel.spectral_rms.stdev": 0.002885512774810195, "lowlevel.spectral_rolloff.mean": 1724.7723388671875, "lowlevel.spectral_rolloff.stdev": 2334.1044921875, "lowlevel.spectral_skewness.mean": 2.210937976837158, "lowlevel.spectral_skewness.stdev": 1.365738868713379, "lowlevel.spectral_spread.mean": 5035319.0, "lowlevel.spectral_spread.stdev": 2130587.25, "lowlevel.spectral_strongpeak.mean": 1.73001229763031, "lowlevel.spectral_strongpeak.stdev": 1.6422884464263916, "lowlevel.zerocrossingrate.mean": 0.06732062250375748, "lowlevel.zerocrossingrate.stdev": 0.06505952775478363, "metadata.audio_properties.analysis.equal_loudness": 0.0, "metadata.audio_properties.analysis.length": 18.389320373535156, "metadata.audio_properties.analysis.sample_rate": 44100.0, "metadata.audio_properties.analysis.start_time": 0.0, "metadata.audio_properties.bit_rate": 119583.0, "metadata.audio_properties.length": 18.389333724975586, "metadata.audio_properties.lossless": 0.0, "metadata.audio_properties.number_channels": 1.0, "metadata.audio_properties.replay_gain": -6.404497146606445, "metadata.audio_properties.sample_rate": 48000.0, "rhythm.beats_count": 26.0, "rhythm.beats_loudness.mean": 0.05420130491256714, "rhythm.beats_loudness.stdev": 0.12667524814605713, "rhythm.bpm": 88.7268295288086, "rhythm.bpm_histogram_first_peak_bpm": 89.0, "rhythm.bpm_histogram_first_peak_weight": 0.5416666269302368, "rhythm.bpm_histogram_second_peak_bpm": 83.0, "rhythm.bpm_histogram_second_peak_spread": 0.0, "rhythm.bpm_histogram_second_peak_weight": 0.03999999910593033, "rhythm.danceability": 1.4206465482711792, "rhythm.onset_rate": 3.3148906230926514, "tonal.chords_changes_rate": 0.06549118459224701, "tonal.chords_number_rate": 0.012594458647072315, "tonal.chords_strength.mean": 0.5514748692512512, "tonal.chords_strength.stdev": 0.08417952060699463, "tonal.hpcp_crest.mean": 19.498132705688477, "tonal.hpcp_crest.stdev": 7.746142864227295, "tonal.hpcp_entropy.mean": 1.2266470193862915, "tonal.hpcp_entropy.stdev": 0.629665195941925, "tonal.key_edma.strength": 0.5972790718078613, "tonal.key_krumhansl.strength": 0.5908719897270203, "tonal.key_temperley.strength": 0.594440221786499, "tonal.tuning_diatonic_strength": 0.5192283987998962, "tonal.tuning_equal_tempered_deviation": 0.10478012263774872, "tonal.tuning_frequency": 442.0379333496094, "tonal.tuning_nontempered_energy_ratio": 0.7145050764083862, "lowlevel.barkbands.mean": [8.566690667066723e-05, 0.004886571783572435, 0.0009419543202966452, 0.0001610596664249897, 0.0004703344020526856, 0.003985388204455376, 0.0015814369544386864, 0.0018019273411482573, 0.0009526631329208612, 0.004033376462757587, 0.0010379150044173002, 9.119742026086897e-05, 0.0001350943057332188, 8.678023732500151e-05, 0.00012296222848817706, 0.00014635740080848336, 0.0001232031499966979, 8.476140646962449e-05, 0.00016799142758827657, 0.00016379239968955517, 0.00022295853705145419, 0.0001731803931761533, 0.00018210445705335587, 0.0002034471690421924, 0.00014905937132425606, 4.65125085611362e-05, 6.476421958723222e-07], "lowlevel.barkbands.stdev": [0.0006324392161332071, 0.04533212259411812, 0.014790781773626804, 0.002111569046974182, 0.003307269187644124, 0.007130613550543785, 0.004950593691319227, 0.0020196998957544565, 0.0019979351200163364, 0.011701531708240509, 0.0037999784108251333, 0.00047998176887631416, 0.00041556841460987926, 0.0003455251862760633, 0.0006358882528729737, 0.0004822798364330083, 0.00038130139000713825, 0.00029495503986254334, 0.0003729114541783929, 0.00050798972370103, 0.0006771935732103884, 0.0006193836452439427, 0.0005708211683668196, 0.0004952437593601644, 0.00040824859752319753, 0.00013709827908314764, 4.0336099118576385e-06], "lowlevel.erbbands.mean": [0.1364055871963501, 1.0918480157852173, 1.3672043085098267, 0.7988695502281189, 0.6339654922485352, 2.1235263347625732, 14.36434268951416, 34.414737701416016, 28.256816864013672, 36.46903610229492, 23.454776763916016, 27.595003128051758, 53.90502166748047, 126.9062728881836, 45.43568801879883, 6.11151647567749, 6.623243808746338, 4.292171001434326, 5.933767318725586, 6.164035797119141, 9.236064910888672, 6.220269680023193, 4.820862293243408, 6.2627339363098145, 9.857354164123535, 8.014811515808105, 8.87789249420166, 8.07569694519043, 6.34640645980835, 6.048482894897461, 4.708530426025391, 3.656315565109253, 3.8033809661865234, 2.15995717048645, 0.7710514068603516, 0.269208163022995, 0.07390423864126205, 0.007990487851202488, 0.00018506540800444782, 3.555000512278639e-05], "lowlevel.erbbands.stdev": [1.187033772468567, 10.782391548156738, 18.660612106323242, 9.933690071105957, 5.8169379234313965, 16.203725814819336, 26.66265869140625, 66.5687026977539, 83.12821960449219, 46.57398223876953, 27.016523361206055, 54.656620025634766, 147.92921447753906, 405.1295471191406, 169.55770874023438, 20.017545700073242, 19.092126846313477, 17.747209548950195, 23.78241539001465, 30.304027557373047, 30.6789608001709, 21.445186614990234, 14.088325500488281, 15.558743476867676, 24.218278884887695, 23.90993881225586, 25.8360595703125, 25.985063552856445, 22.452754974365234, 19.6712646484375, 14.510997772216797, 9.819551467895508, 9.716473579406738, 6.105141639709473, 2.0681209564208984, 0.7554207444190979, 0.23090460896492004, 0.026110133156180382, 0.0005809857975691557, 7.755689875921234e-05], "lowlevel.gfcc.mean": [-115.94029998779297, 42.633705139160156, -153.512939453125, -32.38734436035156, -107.53764343261719, -10.977775573730469, -49.81656265258789, 23.15302276611328, -19.41703224182129, 11.936502456665039, -0.9626798033714294, 0.7259382009506226, 0.07879190146923065], "lowlevel.melbands.mean": [0.0013238639803603292, 0.0009486236958764493, 0.00013117525668349117, 8.989990601548925e-05, 0.00043690501479431987, 0.000782631104812026, 0.0003978678141720593, 0.00042024211143143475, 0.0001904998061945662, 0.00015055463882163167, 0.0002800963702611625, 0.0005496531957760453, 0.00014766612730454654, 3.472227763268165e-05, 1.305988735111896e-05, 1.0087026566907298e-05, 8.170264663931448e-06, 9.524983397568576e-06, 7.4188051257806364e-06, 9.006960681290366e-06, 1.0878134162339848e-05, 6.181335720611969e-06, 6.318597570498241e-06, 3.5275527352496283e-06, 4.921108029520838e-06, 7.006246960372664e-06, 6.347256203298457e-06, 4.954513769916957e-06, 5.065669029136188e-06, 6.0761099121009465e-06, 4.275500486983219e-06, 3.633611186160124e-06, 3.1835743357078172e-06, 3.5285584090161137e-06, 2.8297574772295775e-06, 2.1937764813628746e-06, 2.3051563857734436e-06, 2.719385292948573e-06, 2.3717043404758442e-06, 1.6701357026249752e-06], "lowlevel.melbands.stdev": [0.012021666392683983, 0.010397063568234444, 0.0015720430528745055, 0.0008503347635269165, 0.0007993151666596532, 0.0014646203489974141, 0.001216926728375256, 0.0005152154481038451, 0.00023495795903727412, 0.000309877039398998, 0.0007675097440369427, 0.0018108936492353678, 0.0005216842400841415, 0.00019142487144563347, 3.670561272883788e-05, 3.5581568226916716e-05, 3.354624641360715e-05, 3.614393062889576e-05, 4.682787039200775e-05, 2.803451570798643e-05, 3.697601277963258e-05, 2.6032441382994875e-05, 1.7043961634044535e-05, 1.2280552255106159e-05, 1.2760508980136365e-05, 1.814506140362937e-05, 1.8614864529808983e-05, 1.5451050785486586e-05, 1.489834176027216e-05, 1.963990507647395e-05, 1.48703020386165e-05, 1.3064589438727126e-05, 1.1697598893078975e-05, 1.1375418580428232e-05, 8.911040822567884e-06, 7.110882506822236e-06, 6.189393388922326e-06, 6.823877811257262e-06, 6.85825762047898e-06, 4.83866142531042e-06], "lowlevel.melbands128.mean": [8.11708378023468e-05, 0.0009211032884195447, 0.0020589372143149376, 0.0017251174431294203, 0.0008855958003550768, 0.0004058352787978947, 0.00016076565952971578, 6.555504660354927e-05, 4.3934385757893324e-05, 9.784964640857652e-05, 0.00011292649287497625, 0.00010854077845579013, 0.00025618859217502177, 0.0012305777054280043, 0.0009040729491971433, 0.0005065539153292775, 0.00047838976024650037, 0.0004388481320347637, 0.00020394915190991014, 0.00043464481132104993, 0.0005908957682549953, 0.000151222717249766, 0.0001070688376785256, 0.00023228257487062365, 0.00027145823696628213, 2.229354140581563e-05, 0.00012379993859212846, 0.0003166718815919012, 0.00020927262085024267, 0.0010897908359766006, 0.0003848533960990608, 0.0001137663348345086, 0.00016644388961140066, 0.0001903011288959533, 2.105198109347839e-05, 6.819732789153932e-06, 6.65598054183647e-06, 4.260041350789834e-06, 3.0463455914286897e-05, 1.3333565220818855e-05, 4.346060450188816e-06, 5.2220721045159735e-06, 7.116553661035141e-06, 1.0916464816546068e-05, 8.677678124513477e-06, 1.0159442354051862e-05, 1.069869631464826e-05, 3.5154866964148823e-06, 8.621535926067736e-06, 9.682318705017678e-06, 6.602966095670126e-06, 1.011038420983823e-05, 1.544959559396375e-05, 9.330811735708266e-06, 6.738033789588371e-06, 5.443532245408278e-06, 4.07601964980131e-06, 1.0688897418731358e-05, 5.356635483622085e-06, 2.8294928142713616e-06, 2.5020799512276426e-06, 4.029662704851944e-06, 6.947555903025204e-06, 4.3562354221649e-06, 3.5048981317231664e-06, 6.744326128682587e-06, 1.019493538478855e-05, 6.348127953970106e-06, 5.044455065217335e-06, 6.932279575266875e-06, 4.7029429879330564e-06, 3.966053554904647e-06, 5.158404746907763e-06, 4.729413376480807e-06, 5.758125553256832e-06, 6.871080586279277e-06, 6.3001075432111975e-06, 3.7816450912941946e-06, 4.462011929717846e-06, 4.020366759505123e-06, 3.8082569062680705e-06, 3.5026255318371113e-06, 3.1726226552564185e-06, 3.3025446555257076e-06, 2.8743368147843285e-06, 3.505350377963623e-06, 3.904036930180155e-06, 3.3077647003665334e-06, 2.8827607820858248e-06, 2.2244305455387803e-06, 2.6329589672968723e-06, 2.008395313168876e-06, 1.7880108771350933e-06, 2.1151256532903062e-06, 2.973931486849324e-06, 2.408395857855794e-06, 2.793604153339402e-06, 2.9975074085086817e-06, 2.267184072479722e-06, 2.25012354349019e-06, 1.7886973182612564e-06, 1.65262076734507e-06, 1.4319729189082864e-06, 1.0206368870058213e-06, 7.555722731922287e-07, 6.519235853374994e-07, 6.392960472112463e-07, 5.713799851037038e-07, 4.135207234412519e-07, 4.0408076529274695e-07, 2.843887614289997e-07, 2.605407303235552e-07, 2.347304075556167e-07, 1.9344501822615712e-07, 1.3876513094146503e-07, 7.984223060475415e-08, 2.640191176794815e-08, 4.035829004322977e-09, 1.7586707090622156e-10, 8.883381009960889e-12, 5.925720417826463e-12, 3.866982255240625e-12, 3.254315436920785e-12, 3.1704556514855486e-12, 3.0191368068782642e-12, 2.7916371471425894e-12, 2.6672199605198843e-12, 2.636839531444668e-12], "lowlevel.melbands128.stdev": [0.0006170310080051422, 0.007648511324077845, 0.020180733874440193, 0.017713496461510658, 0.011629586108028889, 0.006315647624433041, 0.0020277744624763727, 0.0008906299481168389, 0.00043297524098306894, 0.001269225380383432, 0.0010796193964779377, 0.0003988832177128643, 0.00067303073592484, 0.0025017329026013613, 0.0021225858945399523, 0.0018684320384636521, 0.0017733793938532472, 0.0017817652551457286, 0.0008393446332775056, 0.0005774705205112696, 0.0007924310048110783, 0.00025288271717727184, 0.0003069704689551145, 0.0005169192445464432, 0.0005895880167372525, 4.681144855567254e-05, 0.0004780546296387911, 0.0012374924262985587, 0.0006447831983678043, 0.0038461803924292326, 0.0013401703909039497, 0.0005252588307484984, 0.0006001163856126368, 0.001148439128883183, 0.0001446284441044554, 2.9164189982111566e-05, 2.6015717594418675e-05, 2.308602415723726e-05, 9.530540410196409e-05, 4.046985850436613e-05, 3.53888826793991e-05, 4.311160228098743e-05, 4.1110812162514776e-05, 4.0425806218991056e-05, 4.9694132030708715e-05, 4.9883343308465555e-05, 4.642826388590038e-05, 4.470190469874069e-05, 6.601537461392581e-05, 4.843698116019368e-05, 2.0724735804833472e-05, 3.4894736018031836e-05, 7.38828894100152e-05, 3.5712488170247525e-05, 2.6645560865290463e-05, 4.3441090383566916e-05, 2.1573710910161026e-05, 2.8130703867645934e-05, 2.316337668162305e-05, 1.1864915904880036e-05, 1.1225057278352324e-05, 1.6527801562915556e-05, 2.175374720536638e-05, 1.2584758223965764e-05, 9.74368867900921e-06, 2.1879031919525005e-05, 2.909793511207681e-05, 2.0613211745512672e-05, 2.211854007327929e-05, 2.267455420223996e-05, 1.708996933302842e-05, 1.3722421499551274e-05, 1.604173485247884e-05, 1.5152778360061347e-05, 1.9945890016970225e-05, 2.381389458605554e-05, 2.187052450608462e-05, 1.3209589269536082e-05, 1.8167769667343237e-05, 1.746061025187373e-05, 1.4959030522732064e-05, 1.3245914487924892e-05, 1.2316018001001794e-05, 1.3520361790142488e-05, 1.073852035915479e-05, 1.1890735549968667e-05, 1.3604520972876344e-05, 1.1384624485799577e-05, 9.817900718189776e-06, 6.880245109641692e-06, 9.191325261781458e-06, 7.753281352052e-06, 4.766310212289682e-06, 7.529042250098428e-06, 7.873015420045704e-06, 6.258378562051803e-06, 7.460986580554163e-06, 9.401093848282471e-06, 6.669156391581055e-06, 7.114462277968414e-06, 5.26455096405698e-06, 5.066898665972985e-06, 4.442887984623667e-06, 3.3306312161585083e-06, 2.1945618300378555e-06, 2.0385430161695695e-06, 1.9050903574679978e-06, 1.838161097111879e-06, 1.334745206804655e-06, 1.186081703963282e-06, 9.024615224006993e-07, 1.1670333606161876e-06, 7.233596193145786e-07, 6.614599215026828e-07, 4.6310003654070897e-07, 2.791448991956713e-07, 1.5167373135227535e-07, 3.9663312634274916e-08, 2.7687441228607668e-09, 9.615439694465877e-11, 4.3484778278202185e-11, 1.698421091267388e-11, 7.435075125017399e-12, 7.289144982047802e-12, 7.168708768962029e-12, 7.07288698095776e-12, 7.002321899401975e-12, 6.9595288733348415e-12], "lowlevel.mfcc.mean": [-758.8406982421875, 88.90408325195312, -17.673442840576172, -30.987825393676758, -33.42593002319336, -45.7801399230957, -16.98883819580078, -18.893667221069336, -3.0652236938476562, -0.30173826217651367, -1.999253273010254, 13.015332221984863, 8.236903190612793], "lowlevel.spectral_contrast_coeffs.mean": [-0.6622545123100281, -0.6117236018180847, -0.6627389788627625, -0.7579107880592346, -0.7828356623649597, -0.7804301977157593], "lowlevel.spectral_contrast_coeffs.stdev": [0.1625937521457672, 0.07559704035520554, 0.09297218173742294, 0.05457308515906334, 0.0526394248008728, 0.05597621947526932], "lowlevel.spectral_contrast_valleys.mean": [-9.906656265258789, -7.68637752532959, -8.859978675842285, -9.190451622009277, -8.866596221923828, -11.12179183959961], "lowlevel.spectral_contrast_valleys.stdev": [1.1269307136535645, 0.7703798413276672, 0.8577356338500977, 0.8866203427314758, 1.3262392282485962, 1.6161268949508667], "rhythm.beats_loudness_band_ratio.mean": [0.03907225653529167, 0.32996097207069397, 0.305992066860199, 0.19566002488136292, 0.028479717671871185, 0.12357350438833237], "rhythm.beats_loudness_band_ratio.stdev": [0.18652787804603577, 0.3167794942855835, 0.2765917181968689, 0.28279396891593933, 0.029151147231459618, 0.2510117292404175], "tonal.hpcp.mean": [0.18421825766563416, 0.06509347259998322, 0.008388317190110683, 0.0029703567270189524, 0.007694749627262354, 0.028834635391831398, 0.033770859241485596, 0.02256549336016178, 0.3174174726009369, 0.41355615854263306, 0.1108231469988823, 0.00841650553047657, 0.006711747031658888, 0.008457193151116371, 0.104527048766613, 0.13991869986057281, 0.04851545765995979, 0.013902518898248672, 0.010768657550215721, 0.023256484419107437, 0.2624620795249939, 0.33924782276153564, 0.10515749454498291, 0.04711220785975456, 0.049476657062768936, 0.012490960769355297, 0.006141059100627899, 0.006653156131505966, 0.01678333804011345, 0.11096540093421936, 0.13436172902584076, 0.046388380229473114, 0.021112000569701195, 0.02239585481584072, 0.031428657472133636, 0.1475335955619812], "tonal.hpcp.stdev": [0.33343344926834106, 0.15499891340732574, 0.06714427471160889, 0.01718038320541382, 0.05116603523492813, 0.10853802412748337, 0.11659695953130722, 0.08518677949905396, 0.334339439868927, 0.4301711618900299, 0.13498003780841827, 0.05323797091841698, 0.03511741757392883, 0.0442761667072773, 0.23724757134914398, 0.3208255469799042, 0.1237538754940033, 0.08974195271730423, 0.07095610350370407, 0.10173172503709793, 0.31590279936790466, 0.40222132205963135, 0.16054044663906097, 0.16263046860694885, 0.16215115785598755, 0.03816326707601547, 0.05331079289317131, 0.05115727335214615, 0.07483839243650436, 0.24980998039245605, 0.2816148102283478, 0.11940780282020569, 0.09202131628990173, 0.09335633367300034, 0.12350982427597046, 0.27567729353904724], "rhythm.beats_position": [0.6733786463737488, 1.3583673238754272, 2.0201361179351807, 2.693514585494995, 3.3668932914733887, 4.040272235870361, 4.690430641174316, 5.34058952331543, 6.013967990875244, 6.675736904144287, 7.337505340576172, 7.999274253845215, 8.672653198242188, 9.357641220092773, 10.042630195617676, 10.739229202270508, 11.435827255249023, 12.155646324157715, 12.86385440826416, 13.560453414916992, 14.257051467895508, 14.94204044342041, 15.638639450073242, 16.346847534179688, 17.020225524902344, 17.693605422973633], "rhythm.bpm_histogram": [0.0, 0.0, 0.0, 0.0, 0.0, 0.0, 0.0, 0.0, 0.0, 0.0, 0.0, 0.0, 0.0, 0.0, 0.0, 0.0, 0.0, 0.0, 0.0, 0.0, 0.0, 0.0, 0.0, 0.0, 0.0, 0.0, 0.0, 0.0, 0.0, 0.0, 0.0, 0.0, 0.0, 0.0, 0.0, 0.0, 0.0, 0.0, 0.0, 0.0, 0.0, 0.0, 0.0, 0.0, 0.0, 0.0, 0.0, 0.0, 0.0, 0.0, 0.0, 0.0, 0.0, 0.0, 0.0, 0.0, 0.0, 0.0, 0.0, 0.0, 0.0, 0.0, 0.0, 0.0, 0.0, 0.0, 0.0, 0.0, 0.0, 0.0, 0.0, 0.0, 0.0, 0.0, 0.0, 0.0, 0.0, 0.0, 0.0, 0.0, 0.0, 0.0, 0.0, 0.03999999910593033, 0.0, 0.07999999821186066, 0.20000000298023224, 0.0, 0.1599999964237213, 0.2800000011920929, 0.0, 0.1599999964237213, 0.07999999821186066, 0.0, 0.0, 0.0, 0.0, 0.0, 0.0, 0.0, 0.0, 0.0, 0.0, 0.0, 0.0, 0.0, 0.0, 0.0, 0.0, 0.0, 0.0, 0.0, 0.0, 0.0, 0.0, 0.0, 0.0, 0.0, 0.0, 0.0, 0.0, 0.0, 0.0, 0.0, 0.0, 0.0, 0.0, 0.0, 0.0, 0.0, 0.0, 0.0, 0.0, 0.0, 0.0, 0.0, 0.0, 0.0, 0.0, 0.0, 0.0, 0.0, 0.0, 0.0, 0.0, 0.0, 0.0, 0.0, 0.0, 0.0, 0.0, 0.0, 0.0, 0.0, 0.0, 0.0, 0.0, 0.0, 0.0, 0.0, 0.0, 0.0, 0.0, 0.0, 0.0, 0.0, 0.0, 0.0, 0.0, 0.0, 0.0, 0.0, 0.0, 0.0, 0.0, 0.0, 0.0, 0.0, 0.0, 0.0, 0.0, 0.0, 0.0, 0.0, 0.0, 0.0, 0.0, 0.0, 0.0, 0.0, 0.0, 0.0, 0.0, 0.0, 0.0, 0.0, 0.0, 0.0, 0.0, 0.0, 0.0, 0.0, 0.0, 0.0, 0.0, 0.0, 0.0, 0.0, 0.0, 0.0, 0.0, 0.0, 0.0, 0.0, 0.0, 0.0, 0.0, 0.0, 0.0, 0.0, 0.0, 0.0, 0.0, 0.0, 0.0, 0.0, 0.0, 0.0, 0.0, 0.0, 0.0, 0.0, 0.0, 0.0, 0.0, 0.0, 0.0, 0.0, 0.0, 0.0, 0.0, 0.0, 0.0, 0.0, 0.0, 0.0, 0.0, 0.0, 0.0, 0.0], "tonal.chords_histogram": [19.89924430847168, 0.0, 0.251889169216156, 0.0, 0.0, 0.0, 0.0, 0.0, 0.0, 0.0, 0.0, 0.0, 0.0, 0.0, 0.0, 0.0, 0.0, 0.0, 0.0, 11.586901664733887, 0.0, 3.022670030593872, 3.7783374786376953, 61.46095657348633], "tonal.thpcp": [1.0, 0.2679760456085205, 0.02035154215991497, 0.01622934825718403, 0.02044992707669735, 0.25275176763534546, 0.33833059668540955, 0.11731286346912384, 0.03361700475215912, 0.026039166375994682, 0.05623537302017212, 0.6346467733383179, 0.8203186392784119, 0.25427621603012085, 0.11391973495483398, 0.11963709443807602, 0.03020378388464451, 0.014849395491182804, 0.016087673604488373, 0.04058297351002693, 0.2683200240135193, 0.3248935639858246, 0.11216948181390762, 0.05104989930987358, 0.054154325276613235, 0.07599610835313797, 0.35674381256103516, 0.44544920325279236, 0.15739935636520386, 0.020283380523324013, 0.007182474713772535, 0.01860629953444004, 0.06972362846136093, 0.08165966719388962, 0.054564520716667175, 0.7675317525863647], "lowlevel.gfcc.cov": [[10164.517578125, -3680.162353515625, 1339.4521484375, 1735.9139404296875, -1004.6470947265625, 400.1911315917969, -487.7505798339844, 145.8253936767578, -901.9466552734375, 145.68771362304688, -445.0260009765625, 656.5922241210938, 310.28729248046875], [-3680.162353515625, 4160.9384765625, -308.14678955078125, -932.15185546875, 1160.3291015625, -365.2568664550781, -90.53472900390625, -333.2532653808594, 223.20401000976562, -504.547119140625, 243.15357971191406, -421.7918701171875, 187.73277282714844], [1339.4521484375, -308.14678955078125, 797.0170288085938, 415.8595275878906, -53.101409912109375, 141.53732299804688, -181.64822387695312, -73.84534454345703, -194.12646484375, 45.76499557495117, -63.070491790771484, 147.27989196777344, 5.871203899383545], [1735.9139404296875, -932.15185546875, 415.8595275878906, 1158.19384765625, -166.3899688720703, -72.83241271972656, -83.52128601074219, 28.1961612701416, -75.74545288085938, 29.15291404724121, -125.42355346679688, 182.05165100097656, -126.48387908935547], [-1004.6470947265625, 1160.3291015625, -53.101409912109375, -166.3899688720703, 657.0147705078125, 50.9782600402832, 139.3985137939453, 13.603970527648926, 151.29763793945312, -115.09284210205078, -26.319377899169922, -154.92373657226562, -40.11301040649414], [400.1911315917969, -365.2568664550781, 141.53732299804688, -72.83241271972656, 50.9782600402832, 586.693603515625, 245.47265625, 141.44496154785156, 36.6165771484375, 92.78361511230469, -175.25762939453125, -70.28439331054688, -14.917169570922852], [-487.7505798339844, -90.53472900390625, -181.64822387695312, -83.52128601074219, 139.3985137939453, 245.47265625, 587.6959228515625, 275.86029052734375, 193.92233276367188, 54.31563186645508, -128.12518310546875, -110.27619934082031, -120.17813110351562], [145.8253936767578, -333.2532653808594, -73.84534454345703, 28.1961612701416, 13.603970527648926, 141.44496154785156, 275.86029052734375, 357.5596618652344, 103.84027862548828, 38.173919677734375, -66.17078399658203, -44.644493103027344, -59.43983459472656], [-901.9466552734375, 223.20401000976562, -194.12646484375, -75.74545288085938, 151.29763793945312, 36.6165771484375, 193.92233276367188, 103.84027862548828, 312.0867919921875, 35.827598571777344, 13.7611722946167, -42.368499755859375, -104.98751068115234], [145.68771362304688, -504.547119140625, 45.76499557495117, 29.15291404724121, -115.09284210205078, 92.78361511230469, 54.31563186645508, 38.173919677734375, 35.827598571777344, 198.76702880859375, 6.360098838806152, 46.34779739379883, -57.082977294921875], [-445.0260009765625, 243.15357971191406, -63.070491790771484, -125.42355346679688, -26.319377899169922, -175.25762939453125, -128.12518310546875, -66.17078399658203, 13.7611722946167, 6.360098838806152, 249.44606018066406, 51.20890426635742, 35.310997009277344], [656.5922241210938, -421.7918701171875, 147.27989196777344, 182.05165100097656, -154.92373657226562, -70.28439331054688, -110.27619934082031, -44.644493103027344, -42.368499755859375, 46.34779739379883, 51.20890426635742, 208.7427215576172, 17.029178619384766], [310.28729248046875, 187.73277282714844, 5.871203899383545, -126.48387908935547, -40.11301040649414, -14.917169570922852, -120.17813110351562, -59.43983459472656, -104.98751068115234, -57.082977294921875, 35.310997009277344, 17.029178619384766, 223.3602752685547]], "lowlevel.gfcc.icov": [[0.00031370040960609913, 0.00017696194117888808, -0.00010527575068408623, -0.00022618009825237095, -0.00011796229955507442, -0.0001255032402696088, 0.00012582850467879325, -0.0002513344516046345, 0.0004869085387326777, 0.00014774348528590053, 0.0002711898705456406, -0.0004359226149972528, -0.00048159813741222024], [0.00017696194117888808, 0.0018038160633295774, -0.0009443847229704261, 0.0005742354551330209, -0.0019246875308454037, 0.0009061448508873582, -0.00026863973471336067, 0.001176095218397677, -0.001073613646440208, 0.002264927374199033, -0.0009636714239604771, 0.0018734720069915056, -0.0014449147274717689], [-0.00010527575068408623, -0.0009443847229704261, 0.0030524777248501778, -0.0009651624714024365, 0.00026064127450808883, -0.0015999102033674717, 0.0008291930425912142, -0.0005796248442493379, 0.002019767416641116, -0.0015804163413122296, 0.0004391558759380132, -0.0023651139345020056, 0.001201421837322414], [-0.00022618009825237095, 0.0005742354551330209, -0.0009651624714024365, 0.0019848928786814213, -0.00046512254630215466, 0.001044639153406024, -9.081613825401291e-05, 0.0003481259918771684, -0.000997886760160327, 0.00107377243693918, 0.0003920868330169469, 0.0002575737307779491, 0.0007347004138864577], [-0.00011796229955507442, -0.0019246875308454037, 0.00026064127450808883, -0.00046512254630215466, 0.004648067522794008, -0.0010035099694505334, -0.00011872081086039543, -0.0008408775320276618, -0.0001967111456906423, -0.0008254343993030488, 0.0009381452109664679, -0.000643454201053828, 0.001588723505847156], [-0.0001255032402696088, 0.0009061448508873582, -0.0015999102033674717, 0.001044639153406024, -0.0010035099694505334, 0.004008769057691097, -0.001119342283345759, 0.0004828899691347033, -0.0013928355183452368, -0.0003375131927896291, 0.0011136376997455955, 0.0021956705022603273, -0.0014242917532101274], [0.00012582850467879325, -0.00026863973471336067, 0.0008291930425912142, -9.081613825401291e-05, -0.00011872081086039543, -0.001119342283345759, 0.004199933726340532, -0.0023962859995663166, -0.00027886484167538583, -0.000775071675889194, 0.0013707817997783422, -0.0005052541964687407, 0.0009964156197384], [-0.0002513344516046345, 0.001176095218397677, -0.0005796248442493379, 0.0003481259918771684, -0.0008408775320276618, 0.0004828899691347033, -0.0023962859995663166, 0.0058768922463059425, -0.002029457362368703, 0.0016937486361712217, -0.0013018788304179907, 0.002395984483882785, -0.0007690321072004735], [0.0004869085387326777, -0.001073613646440208, 0.002019767416641116, -0.000997886760160327, -0.0001967111456906423, -0.0013928355183452368, -0.00027886484167538583, -0.002029457362368703, 0.008012847043573856, -0.0024049323983490467, 0.00028207903960719705, -0.0035376055166125298, 0.002166160149499774], [0.00014774348528590053, 0.002264927374199033, -0.0015804163413122296, 0.00107377243693918, -0.0008254343993030488, -0.0003375131927896291, -0.000775071675889194, 0.0016937486361712217, -0.0024049323983490467, 0.010766412131488323, -0.0025176838971674442, 0.0012291549937799573, 0.00032904380350373685], [0.0002711898705456406, -0.0009636714239604771, 0.0004391558759380132, 0.0003920868330169469, 0.0009381452109664679, 0.0011136376997455955, 0.0013707817997783422, -0.0013018788304179907, 0.00028207903960719705, -0.0025176838971674442, 0.007714389823377132, -0.0031942473724484444, -0.00020921618852298707], [-0.0004359226149972528, 0.0018734720069915056, -0.0023651139345020056, 0.0002575737307779491, -0.000643454201053828, 0.0021956705022603273, -0.0005052541964687407, 0.002395984483882785, -0.0035376055166125298, 0.0012291549937799573, -0.0031942473724484444, 0.01186369638890028, -0.0021123928017914295], [-0.00048159813741222024, -0.0014449147274717689, 0.001201421837322414, 0.0007347004138864577, 0.001588723505847156, -0.0014242917532101274, 0.0009964156197384, -0.0007690321072004735, 0.002166160149499774, 0.00032904380350373685, -0.00020921618852298707, -0.0021123928017914295, 0.008563055656850338]], "lowlevel.mfcc.cov": [[9507.361328125, -3610.493896484375, 1259.451171875, 1051.4420166015625, -109.32537078857422, 31.222625732421875, 297.5238037109375, 4.530685901641846, 63.90882873535156, -127.32079315185547, -636.7549438476562, -396.0439453125, -266.74755859375], [-3610.493896484375, 3897.667236328125, -639.0865478515625, -638.6207885742188, 648.7197875976562, -89.79141998291016, 10.660584449768066, -80.71939849853516, -5.788405895233154, -125.50152587890625, -83.40426635742188, -73.5803451538086, -142.90975952148438], [1259.451171875, -639.0865478515625, 694.3141479492188, 264.12451171875, 50.98318099975586, 141.21812438964844, 25.063560485839844, -4.4719414710998535, -66.98009490966797, -100.68096923828125, -41.434261322021484, -45.61039733886719, -33.613319396972656], [1051.4420166015625, -638.6207885742188, 264.12451171875, 976.7191162109375, 80.96488952636719, 8.641648292541504, -158.29164123535156, 104.58357238769531, -176.818603515625, -86.2447509765625, -8.089134216308594, -0.7744359374046326, 45.030033111572266], [-109.32537078857422, 648.7197875976562, 50.98318099975586, 80.96488952636719, 483.66058349609375, 59.61429214477539, -26.845703125, -45.75908660888672, -69.84162139892578, -117.95601654052734, -60.11812973022461, -29.807716369628906, -34.18638229370117], [31.222625732421875, -89.79141998291016, 141.21812438964844, 8.641648292541504, 59.61429214477539, 468.44830322265625, 21.423261642456055, 109.76322174072266, 118.89763641357422, 58.122947692871094, 104.67252349853516, -39.88825988769531, 36.91179275512695], [297.5238037109375, 10.660584449768066, 25.063560485839844, -158.29164123535156, -26.845703125, 21.423261642456055, 346.37890625, 54.2332649230957, 202.00254821777344, 98.54794311523438, -8.570283889770508, -41.02954864501953, -84.224609375], [4.530685901641846, -80.71939849853516, -4.4719414710998535, 104.58357238769531, -45.75908660888672, 109.76322174072266, 54.2332649230957, 381.2292175292969, 214.1405029296875, 169.9399871826172, 142.65151977539062, 22.045637130737305, 29.125608444213867], [63.90882873535156, -5.788405895233154, -66.98009490966797, -176.818603515625, -69.84162139892578, 118.89763641357422, 202.00254821777344, 214.1405029296875, 432.10369873046875, 215.49761962890625, 68.81634521484375, -41.66254425048828, -26.431692123413086], [-127.32079315185547, -125.50152587890625, -100.68096923828125, -86.2447509765625, -117.95601654052734, 58.122947692871094, 98.54794311523438, 169.9399871826172, 215.49761962890625, 280.8221740722656, 124.44612121582031, 18.9455509185791, 43.40926742553711], [-636.7549438476562, -83.40426635742188, -41.434261322021484, -8.089134216308594, -60.11812973022461, 104.67252349853516, -8.570283889770508, 142.65151977539062, 68.81634521484375, 124.44612121582031, 312.915771484375, 98.41629028320312, 75.52933502197266], [-396.0439453125, -73.5803451538086, -45.61039733886719, -0.7744359374046326, -29.807716369628906, -39.88825988769531, -41.02954864501953, 22.045637130737305, -41.66254425048828, 18.9455509185791, 98.41629028320312, 177.19931030273438, 94.12815856933594], [-266.74755859375, -142.90975952148438, -33.613319396972656, 45.030033111572266, -34.18638229370117, 36.91179275512695, -84.224609375, 29.125608444213867, -26.431692123413086, 43.40926742553711, 75.52933502197266, 94.12815856933594, 183.75257873535156]], "lowlevel.mfcc.icov": [[0.00032059114892035723, 0.0003157464670948684, -0.00019424526544753462, -9.565893560647964e-05, -0.00026477855863049626, 7.621388795087114e-05, -0.00017885962733998895, -0.00013762310845777392, -3.938858208130114e-05, -7.028792606433854e-05, 0.0005805817199870944, 0.0003260450321249664, 0.00017940692487172782], [0.0003157464670948684, 0.0008375262259505689, 0.0002612052485346794, 0.000255884398939088, -0.0010177235817536712, 0.00014517648378387094, -0.00015634838200639933, -0.00040273883496411145, 0.00010499972995603457, 0.00013012526324018836, 0.0005120141431689262, 0.000525334500707686, 0.00037326934398151934], [-0.00019424526544753462, 0.0002612052485346794, 0.0024630471598356962, -0.00017009313160087913, -0.0003046545316465199, -0.0007544717518612742, -0.0005002538091503084, -0.0001889288250822574, 0.00042588848737068474, 0.0009276028140448034, -0.0002638324804138392, 5.203073214943288e-06, 0.0002568421186879277], [-9.565893560647964e-05, 0.000255884398939088, -0.00017009313160087913, 0.0017756917513906956, -0.0005890100146643817, 0.0002399218501523137, 0.00043046640348620713, -0.0011937631061300635, 0.0008841899107210338, 0.00020463064720388502, -8.697176235727966e-05, 0.0004495336615946144, -0.00029305426869541407], [-0.00026477855863049626, -0.0010177235817536712, -0.0003046545316465199, -0.0005890100146643817, 0.003751309122890234, -0.0007286288309842348, 5.155481630936265e-06, 0.0004059653147123754, -0.00012402667198330164, 0.0008442542748525739, -0.00016281253192573786, -0.0006385598098859191, -0.00012823323777411133], [7.621388795087114e-05, 0.00014517648378387094, -0.0007544717518612742, 0.0002399218501523137, -0.0007286288309842348, 0.0032270741648972034, 0.00015434340457431972, -0.0003318341332487762, -0.000794607272837311, 0.0002746069512795657, -0.0011657248251140118, 0.0018229312263429165, -0.001267546322196722], [-0.00017885962733998895, -0.00015634838200639933, -0.0005002538091503084, 0.00043046640348620713, 5.155481630936265e-06, 0.00015434340457431972, 0.005029493942856789, 0.0005660825991071761, -0.00197790889069438, -0.0010831994004547596, 2.8763241061824374e-05, -0.0009058245923370123, 0.002030873205512762], [-0.00013762310845777392, -0.00040273883496411145, -0.0001889288250822574, -0.0011937631061300635, 0.0004059653147123754, -0.0003318341332487762, 0.0005660825991071761, 0.005520011764019728, -0.0024704544339329004, -0.0014295816654339433, -0.0014389195712283254, -0.0008758335607126355, 0.0002941467973869294], [-3.938858208130114e-05, 0.00010499972995603457, 0.00042588848737068474, 0.0008841899107210338, -0.00012402667198330164, -0.000794607272837311, -0.00197790889069438, -0.0024704544339329004, 0.006361596751958132, -0.002473721979185939, 0.0005358208436518908, 0.0010489721316844225, 0.0002491206687409431], [-7.028792606433854e-05, 0.00013012526324018836, 0.0009276028140448034, 0.00020463064720388502, 0.0008442542748525739, 0.0002746069512795657, -0.0010831994004547596, -0.0014295816654339433, -0.002473721979185939, 0.008545033633708954, -0.0019359883153811097, 0.0009785767178982496, -0.002129290020093322], [0.0005805817199870944, 0.0005120141431689262, -0.0002638324804138392, -8.697176235727966e-05, -0.00016281253192573786, -0.0011657248251140118, 2.8763241061824374e-05, -0.0014389195712283254, 0.0005358208436518908, -0.0019359883153811097, 0.006747819483280182, -0.0024301260709762573, 0.0006648672861047089], [0.0003260450321249664, 0.000525334500707686, 5.203073214943288e-06, 0.0004495336615946144, -0.0006385598098859191, 0.0018229312263429165, -0.0009058245923370123, -0.0008758335607126355, 0.0010489721316844225, 0.0009785767178982496, -0.0024301260709762573, 0.01070685125887394, -0.004554740618914366], [0.00017940692487172782, 0.00037326934398151934, 0.0002568421186879277, -0.00029305426869541407, -0.00012823323777411133, -0.001267546322196722, 0.002030873205512762, 0.0002941467973869294, 0.0002491206687409431, -0.002129290020093322, 0.0006648672861047089, -0.004554740618914366, 0.009825405664741993]], "metadata.audio_properties.analysis.downmix": "mix", "metadata.audio_properties.codec": "mp3", "metadata.audio_properties.md5_encoded": "0c13434abae3e58af561eb66c5cf28cc", "metadata.tags.file_name": "1183650298804306000.mp3", "metadata.version.essentia": "2.1-beta6-dev", "metadata.version.essentia_git_sha": "v2.1_beta5-1110-g77a6a954", "metadata.version.extractor": "music 2.0", "tonal.chords_key": "A", "tonal.chords_scale": "minor", "tonal.key_edma.key": "E", "tonal.key_edma.scale": "major", "tonal.key_krumhansl.key": "C", "tonal.key_krumhansl.scale": "major", "tonal.key_temperley.key": "C", "tonal.key_temperley.scale": "major", "metadata.tags.encoding": ["Lavf58.45.100"]}, "essentia_models": [{"model_name": "genre_dortmund", "activations": {"alternative": "0.18323559", "blues": "0.046261568", "electronic": "0.12630442", "folkcountry": "0.32938445", "funksoulrnb": "0.07810783", "jazz": "0.21863861", "pop": "0.17767054", "raphiphop": "0.16836496", "rock": "0.06519591"}}, {"model_name": "genre_rosamerica", "activations": {"classic": "0.25284037", "dance": "0.028419321", "hip hop": "0.021740897", "jazz": "0.27732897", "pop": "0.19338526", "rhythm and blues": "0.17095585", "rock": "0.050648022", "speech": "0.33896443"}}, {"model_name": "genre_tzanetakis", "activat