{"song_id": "1183719351954714624", "download": "https://cdn.discordapp.com/attachments/1135903449314238464/1183719351954714624/chirp.mp4?ex=65895b8d&amp", "lyrics": "I'm driving my lowride while your baby is sleeping in the back and I'm smoking and not smoking and you're sleeping in your house forgetting about everything", "style": ["hip hop"], "essentia_features": {"lowlevel.average_loudness": 0.9592819213867188, "lowlevel.barkbands_crest.mean": 11.785910606384277, "lowlevel.barkbands_crest.stdev": 4.4144439697265625, "lowlevel.barkbands_flatness_db.mean": 0.16831843554973602, "lowlevel.barkbands_flatness_db.stdev": 0.06016569957137108, "lowlevel.barkbands_kurtosis.mean": 9.739848136901855, "lowlevel.barkbands_kurtosis.stdev": 11.945411682128906, "lowlevel.barkbands_skewness.mean": 2.512587785720825, "lowlevel.barkbands_skewness.stdev": 1.365639567375183, "lowlevel.barkbands_spread.mean": 15.443650245666504, "lowlevel.barkbands_spread.stdev": 9.568778991699219, "lowlevel.dissonance.mean": 0.45925548672676086, "lowlevel.dissonance.stdev": 0.026696285232901573, "lowlevel.dynamic_complexity": 1.8376491069793701, "lowlevel.erbbands_crest.mean": 8.077075004577637, "lowlevel.erbbands_crest.stdev": 3.4867000579833984, "lowlevel.erbbands_flatness_db.mean": 0.1413821578025818, "lowlevel.erbbands_flatness_db.stdev": 0.042605213820934296, "lowlevel.erbbands_kurtosis.mean": 0.1915411353111267, "lowlevel.erbbands_kurtosis.stdev": 1.2692670822143555, "lowlevel.erbbands_skewness.mean": 0.38980337977409363, "lowlevel.erbbands_skewness.stdev": 0.5311131477355957, "lowlevel.erbbands_spread.mean": 43.28760528564453, "lowlevel.erbbands_spread.stdev": 19.02532958984375, "lowlevel.hfc.mean": 19.205320358276367, "lowlevel.hfc.stdev": 16.3829345703125, "lowlevel.loudness_ebu128.integrated": -18.91792106628418, "lowlevel.loudness_ebu128.loudness_range": 1.9972400665283203, "lowlevel.loudness_ebu128.momentary.mean": -19.089061737060547, "lowlevel.loudness_ebu128.momentary.stdev": 1.2323261499404907, "lowlevel.loudness_ebu128.short_term.mean": -18.999425888061523, "lowlevel.loudness_ebu128.short_term.stdev": 0.6627127528190613, "lowlevel.melbands_crest.mean": 17.000385284423828, "lowlevel.melbands_crest.stdev": 5.425758361816406, "lowlevel.melbands_flatness_db.mean": 0.2477271407842636, "lowlevel.melbands_flatness_db.stdev": 0.0761091411113739, "lowlevel.melbands_kurtosis.mean": 25.541400909423828, "lowlevel.melbands_kurtosis.stdev": 27.72667121887207, "lowlevel.melbands_skewness.mean": 3.7696750164031982, "lowlevel.melbands_skewness.stdev": 1.9353798627853394, "lowlevel.melbands_spread.mean": 13.099555015563965, "lowlevel.melbands_spread.stdev": 9.709156036376953, "lowlevel.pitch_salience.mean": 0.4628972113132477, "lowlevel.pitch_salience.stdev": 0.14898112416267395, "lowlevel.silence_rate_20dB.mean": 1.0, "lowlevel.silence_rate_20dB.stdev": 0.0, "lowlevel.silence_rate_30dB.mean": 0.9390909075737, "lowlevel.silence_rate_30dB.stdev": 0.23916460573673248, "lowlevel.silence_rate_60dB.mean": 0.0027272726874798536, "lowlevel.silence_rate_60dB.stdev": 0.052151814103126526, "lowlevel.spectral_centroid.mean": 906.620361328125, "lowlevel.spectral_centroid.stdev": 479.2075500488281, "lowlevel.spectral_complexity.mean": 18.14454460144043, "lowlevel.spectral_complexity.stdev": 8.008382797241211, "lowlevel.spectral_decrease.mean": -1.2158541728979344e-08, "lowlevel.spectral_decrease.stdev": 1.0370922787217296e-08, "lowlevel.spectral_energy.mean": 0.04763111099600792, "lowlevel.spectral_energy.stdev": 0.040101513266563416, "lowlevel.spectral_energyband_high.mean": 0.0007432704442180693, "lowlevel.spectral_energyband_high.stdev": 0.001064781565219164, "lowlevel.spectral_energyband_low.mean": 0.03178722411394119, "lowlevel.spectral_energyband_low.stdev": 0.03626735135912895, "lowlevel.spectral_energyband_middle_high.mean": 0.003614461747929454, "lowlevel.spectral_energyband_middle_high.stdev": 0.003246122971177101, "lowlevel.spectral_energyband_middle_low.mean": 0.015074067749083042, "lowlevel.spectral_energyband_middle_low.stdev": 0.014614124782383442, "lowlevel.spectral_entropy.mean": 7.461580276489258, "lowlevel.spectral_entropy.stdev": 0.4233457148075104, "lowlevel.spectral_flux.mean": 0.0788474902510643, "lowlevel.spectral_flux.stdev": 0.07034733891487122, "lowlevel.spectral_kurtosis.mean": 5.425668239593506, "lowlevel.spectral_kurtosis.stdev": 3.7886133193969727, "lowlevel.spectral_rms.mean": 0.0063460636883974075, "lowlevel.spectral_rms.stdev": 0.002489348640665412, "lowlevel.spectral_rolloff.mean": 741.9747924804688, "lowlevel.spectral_rolloff.stdev": 769.68896484375, "lowlevel.spectral_skewness.mean": 1.774623155593872, "lowlevel.spectral_skewness.stdev": 0.5463581085205078, "lowlevel.spectral_spread.mean": 4815167.5, "lowlevel.spectral_spread.stdev": 1692842.0, "lowlevel.spectral_strongpeak.mean": 0.7293771505355835, "lowlevel.spectral_strongpeak.stdev": 0.5015701651573181, "lowlevel.zerocrossingrate.mean": 0.04220658913254738, "lowlevel.zerocrossingrate.stdev": 0.02554154023528099, "metadata.audio_properties.analysis.equal_loudness": 0.0, "metadata.audio_properties.analysis.length": 25.51360511779785, "metadata.audio_properties.analysis.sample_rate": 44100.0, "metadata.audio_properties.analysis.start_time": 0.0, "metadata.audio_properties.bit_rate": 120984.0, "metadata.audio_properties.length": 25.514667510986328, "metadata.audio_properties.lossless": 0.0, "metadata.audio_properties.number_channels": 1.0, "metadata.audio_properties.replay_gain": -6.669403076171875, "metadata.audio_properties.sample_rate": 48000.0, "rhythm.beats_count": 49.0, "rhythm.beats_loudness.mean": 0.06509773433208466, "rhythm.beats_loudness.stdev": 0.0265295822173357, "rhythm.bpm": 116.95657348632812, "rhythm.bpm_histogram_first_peak_bpm": 117.0, "rhythm.bpm_histogram_first_peak_weight": 0.23404252529144287, "rhythm.bpm_histogram_second_peak_bpm": 126.0, "rhythm.bpm_histogram_second_peak_spread": 0.0, "rhythm.bpm_histogram_second_peak_weight": 0.02083333395421505, "rhythm.danceability": 1.3329448699951172, "rhythm.onset_rate": 3.9169082641601562, "tonal.chords_changes_rate": 0.030852993950247765, "tonal.chords_number_rate": 0.012704174034297466, "tonal.chords_strength.mean": 0.563338577747345, "tonal.chords_strength.stdev": 0.0827411487698555, "tonal.hpcp_crest.mean": 15.187019348144531, "tonal.hpcp_crest.stdev": 7.427425384521484, "tonal.hpcp_entropy.mean": 1.8195182085037231, "tonal.hpcp_entropy.stdev": 0.6886299848556519, "tonal.key_edma.strength": 0.7359135746955872, "tonal.key_krumhansl.strength": 0.7209925651550293, "tonal.key_temperley.strength": 0.6987692713737488, "tonal.tuning_diatonic_strength": 0.5674228668212891, "tonal.tuning_equal_tempered_deviation": 0.1527145951986313, "tonal.tuning_frequency": 437.2131652832031, "tonal.tuning_nontempered_energy_ratio": 0.8034247159957886, "lowlevel.barkbands.mean": [5.8074667322216555e-05, 0.014001693576574326, 0.014327805489301682, 0.005556912627071142, 0.003427658462896943, 0.0010274575324729085, 0.0011113201035186648, 0.0016622443217784166, 0.0019164792029187083, 0.001122971996665001, 0.00039474465302191675, 0.0002916051889769733, 0.000297587743261829, 0.0002822873357217759, 0.00038239749846979976, 0.00032572096097283065, 0.0002856966748367995, 0.00012823437282349914, 0.00010237708920612931, 0.00029062770772725344, 0.00011999729031231254, 9.807107562664896e-05, 0.0001336143905064091, 0.00010175021452596411, 8.609579526819289e-05, 9.5703850092832e-05, 2.022173248406034e-06], "lowlevel.barkbands.stdev": [0.0001301865850109607, 0.018323099240660667, 0.021789072081446648, 0.00651700422167778, 0.0065720356069505215, 0.00184518878813833, 0.001998297171667218, 0.00257996772415936, 0.002447493141517043, 0.0018566558137536049, 0.0005528079345822334, 0.0004612750781234354, 0.0006096149445511401, 0.0004625739820767194, 0.00046431171358563006, 0.00044807614176534116, 0.0003991365374531597, 0.00018413412908557802, 0.0001444962399546057, 0.0005438562948256731, 0.00019003580382559448, 0.0001967700372915715, 0.0002377941127633676, 0.00016875751316547394, 0.00014036934589967132, 0.00017134145309682935, 6.870822744531324e-06], "lowlevel.erbbands.mean": [0.15943121910095215, 4.012592792510986, 15.130721092224121, 20.17772102355957, 16.835189819335938, 8.709114074707031, 4.761109828948975, 11.457121849060059, 15.206997871398926, 33.6389045715332, 20.582813262939453, 52.556922912597656, 33.486175537109375, 31.04491424560547, 17.050474166870117, 12.652209281921387, 14.62883186340332, 15.147265434265137, 20.087398529052734, 15.097777366638184, 19.367136001586914, 16.304183959960938, 8.755632400512695, 5.315404891967773, 7.8003082275390625, 14.207029342651367, 5.951127529144287, 4.310247898101807, 3.687208414077759, 3.5914230346679688, 3.6571247577667236, 2.463920831680298, 1.5673985481262207, 0.9466004371643066, 0.6308579444885254, 0.39527788758277893, 0.1770874559879303, 0.026772769168019295, 0.0005221255123615265, 7.155611092457548e-05], "lowlevel.erbbands.stdev": [0.17737430334091187, 5.22788143157959, 21.462535858154297, 24.268226623535156, 30.540517807006836, 13.797924041748047, 7.137212753295898, 21.789867401123047, 26.286205291748047, 53.15238952636719, 27.950881958007812, 69.79551696777344, 65.79105377197266, 35.01932144165039, 24.3391170501709, 16.481754302978516, 26.962406158447266, 24.771251678466797, 26.046125411987305, 17.395761489868164, 27.260108947753906, 22.044010162353516, 11.876593589782715, 8.001970291137695, 11.247749328613281, 28.337343215942383, 9.124552726745605, 7.248101711273193, 7.314528465270996, 6.894650459289551, 6.466602802276611, 4.471966743469238, 2.5559659004211426, 1.6666507720947266, 1.0225430727005005, 0.735561728477478, 0.3137243688106537, 0.05215196684002876, 0.0009840858401730657, 6.58913777442649e-05], "lowlevel.gfcc.mean": [13.216658592224121, 102.28221893310547, -99.85044860839844, 27.465621948242188, -50.6895751953125, 21.520414352416992, -31.9865665435791, 17.282512664794922, -20.182403564453125, 0.3226960003376007, -28.59540557861328, -8.45448112487793, -14.933165550231934], "lowlevel.melbands.mean": [0.002710962202399969, 0.007215756922960281, 0.0033975846599787474, 0.0008996319375000894, 0.0001868389663286507, 0.00023074651835486293, 0.00023010389122646302, 0.00039488443871960044, 0.00014510499022435397, 0.0003468756331130862, 0.00015999666356947273, 0.00012991842231713235, 5.211737516219728e-05, 3.56303971784655e-05, 3.449635914876126e-05, 2.8677142836386338e-05, 2.8059166652383283e-05, 3.1425537599716336e-05, 2.354232856305316e-05, 1.8790629837894812e-05, 2.3527742087026127e-05, 1.7405107428203337e-05, 1.175580018752953e-05, 5.346977104636608e-06, 4.104733761778334e-06, 3.7433410398080014e-06, 1.0030774319602642e-05, 8.903627531253733e-06, 3.6917558645654935e-06, 2.9315156098164152e-06, 2.317731514267507e-06, 2.2143397018226096e-06, 1.6594763110333588e-06, 2.1898433715250576e-06, 2.1758726234111236e-06, 1.9044883856622619e-06, 1.3558237696997821e-06, 1.1614926052061492e-06, 8.760347895986342e-07, 7.652764111298893e-07], "lowlevel.melbands.stdev": [0.003289253916591406, 0.009151971898972988, 0.0037333418149501085, 0.0016473877476528287, 0.00026009941939264536, 0.0004330647352617234, 0.0004075664619449526, 0.000631903822068125, 0.00020373647566884756, 0.0004581860557664186, 0.0003235534531995654, 0.00015156147128436714, 7.382647891063243e-05, 5.496516314451583e-05, 5.715545921702869e-05, 5.876339128008112e-05, 4.8572775995125994e-05, 4.282290319679305e-05, 2.873600897146389e-05, 2.358111487410497e-05, 3.455975456745364e-05, 2.3844691895646974e-05, 1.8513586837798357e-05, 7.839749741833657e-06, 6.6658612922765315e-06, 5.248495654086582e-06, 1.8990251192008145e-05, 1.8479337086318992e-05, 6.06002413405804e-06, 4.899767191091087e-06, 4.228114448778797e-06, 4.581530902214581e-06, 3.408930297155166e-06, 4.243954208504874e-06, 3.982558610005071e-06, 3.731713832166861e-06, 2.438019919281942e-06, 1.9715582766366424e-06, 1.4781423942622496e-06, 1.442569782739156e-06], "lowlevel.melbands128.mean": [4.036102836835198e-05, 0.0004363233456388116, 0.0033444117289036512, 0.007890685461461544, 0.007990279234945774, 0.007060680538415909, 0.004337945021688938, 0.0024091280065476894, 0.0017236466519534588, 0.0008614384569227695, 0.0003889209474436939, 0.0001760576560627669, 0.00013294239761307836, 0.0001555082853883505, 0.00035783674684353173, 0.00017993002256844193, 0.00014797352196183056, 0.0003241667291149497, 0.0002089139452436939, 0.0003945358912460506, 0.0005673508276231587, 0.0001398269087076187, 8.899329259293154e-05, 0.00010448385728523135, 0.000371891277609393, 0.0005189095390960574, 0.00012248432904016227, 0.00015985289064701647, 9.363448771182448e-05, 0.0002225503121735528, 0.00010324323375243694, 4.027384056826122e-05, 4.326736961957067e-05, 7.657150126760826e-05, 3.217312405467965e-05, 2.2917925889487378e-05, 3.76777388737537e-05, 3.260415178374387e-05, 3.8732363464077935e-05, 3.121517147519626e-05, 2.867435796360951e-05, 1.776396675268188e-05, 3.0921961297281086e-05, 3.425255272304639e-05, 1.86108209163649e-05, 3.808832116192207e-05, 3.8309808587655425e-05, 1.8832948626368307e-05, 2.2125499526737258e-05, 1.7650945665081963e-05, 1.702595727692824e-05, 1.9814395272987895e-05, 2.86412650893908e-05, 2.2166690541780554e-05, 1.7683792975731194e-05, 1.8289008949068375e-05, 1.5229237760649994e-05, 1.5930259905871935e-05, 9.051592314790469e-06, 7.244846528919879e-06, 4.80782546219416e-06, 4.1672274164739065e-06, 4.611808435583953e-06, 3.964462848671246e-06, 3.5266170925751794e-06, 3.4262450299138436e-06, 3.7610966501233634e-06, 5.5818777582317125e-06, 1.2537574548332486e-05, 1.5710680600022897e-05, 8.775237802183256e-06, 6.076825684431242e-06, 3.843708782369504e-06, 3.478812459434266e-06, 3.2147504498425405e-06, 2.9484299375326373e-06, 2.9070968139421893e-06, 2.400672883595689e-06, 2.2900917429069523e-06, 2.0227607819833793e-06, 2.581560693215579e-06, 2.201655206590658e-06, 1.6703996834621648e-06, 1.502764803262835e-06, 1.7086806565203005e-06, 1.9864846763084643e-06, 2.347571125937975e-06, 2.6352613531344105e-06, 2.119644477716065e-06, 1.888460133159242e-06, 2.075843894999707e-06, 2.0244465304131154e-06, 1.430605379937333e-06, 1.3168235000193818e-06, 1.285309053855599e-06, 1.3217418199928943e-06, 1.0744765859271865e-06, 1.0495989499759162e-06, 8.346711979356769e-07, 8.623335929769382e-07, 7.631576863786904e-07, 8.179669066521456e-07, 6.488756980616017e-07, 6.960829068702878e-07, 7.296881108231901e-07, 7.128463721528533e-07, 7.061943279040861e-07, 7.01281123838271e-07, 6.927380127308425e-07, 7.085542392815114e-07, 5.954343009761942e-07, 5.846570161338605e-07, 6.024861818332283e-07, 5.431022032098554e-07, 4.913063094136305e-07, 3.525306340179668e-07, 8.512495242030127e-08, 3.6487786125860566e-09, 9.14465100865236e-11, 7.119835970792465e-12, 6.385961637961346e-12, 6.036497690597997e-12, 5.863266035882608e-12, 5.73927927752238e-12, 5.5515839321451654e-12, 5.299874688419193e-12, 5.156309407228221e-12, 5.111759539960792e-12], "lowlevel.melbands128.stdev": [0.00010834923887159675, 0.0006906625349074602, 0.003940829541534185, 0.011237788945436478, 0.011517904698848724, 0.010667964816093445, 0.005790164694190025, 0.003045535646378994, 0.0039028720930218697, 0.0018304685363546014, 0.000580288004130125, 0.00035480482620187104, 0.0002644435444381088, 0.00028794273384846747, 0.0007434909930452704, 0.0004049474373459816, 0.0003793003561440855, 0.0006065144552849233, 0.0004665271262638271, 0.0007109958096407354, 0.0009772377088665962, 0.0002499148831702769, 0.00019726472964975983, 0.0002871484903153032, 0.0005691162077710032, 0.0007292967638932168, 0.00026410724967718124, 0.0006162419449537992, 0.00015005937893874943, 0.00029374498990364373, 0.00013650335313286632, 8.902732952265069e-05, 7.386133074760437e-05, 0.0001364124327665195, 9.899851283989847e-05, 4.886707029072568e-05, 5.385614713304676e-05, 5.898798553971574e-05, 0.00010799117444548756, 7.081128569552675e-05, 7.571557944174856e-05, 4.3196290789637715e-05, 6.883368769194931e-05, 6.0553415096364915e-05, 4.028772673336789e-05, 6.803219730500132e-05, 5.759929263149388e-05, 3.420939901843667e-05, 3.498436853988096e-05, 2.7454831069917418e-05, 2.7472300644149072e-05, 3.251884845667519e-05, 6.045961345080286e-05, 3.576154631446116e-05, 2.663883424247615e-05, 3.073219340876676e-05, 3.8448222767328843e-05, 3.381204078323208e-05, 1.7090294932131656e-05, 1.283605433854973e-05, 8.324735972564667e-06, 6.274930456129368e-06, 9.901869816530962e-06, 7.422322141792392e-06, 5.929146027483512e-06, 5.698109362128889e-06, 5.704355771740666e-06, 9.968392078008037e-06, 2.791664155665785e-05, 4.0295952203450724e-05, 2.1614594515995122e-05, 1.279839580092812e-05, 7.574676601507235e-06, 6.65480547468178e-06, 5.54518237549928e-06, 5.563692866417114e-06, 5.573813268711092e-06, 4.373316187411547e-06, 4.687383807322476e-06, 5.000316832592944e-06, 5.5646910368523095e-06, 5.118151875649346e-06, 4.002811238024151e-06, 3.6076362448511645e-06, 3.7936506487312727e-06, 4.520036782196257e-06, 4.895304300589487e-06, 5.495055575011065e-06, 4.253138286003377e-06, 3.7049130696686916e-06, 4.476874892134219e-06, 4.441691089596134e-06, 3.0009794045327e-06, 2.554250841058092e-06, 2.4129903977154754e-06, 2.392404894635547e-06, 2.068727098958334e-06, 1.8525881841924274e-06, 1.5683584706494003e-06, 1.6788724224170437e-06, 1.4795713241255726e-06, 1.771665552041668e-06, 1.3219131460573408e-06, 1.2848248616137425e-06, 1.3289546814121422e-06, 1.291165631300828e-06, 1.3477547327056527e-06, 1.4509143966279225e-06, 1.4621997479480342e-06, 1.5256257483997615e-06, 1.2357659215922467e-06, 1.1544267408680753e-06, 1.0997734989359742e-06, 1.027078837978479e-06, 9.59911517384171e-07, 7.534355859206698e-07, 2.454918615057977e-07, 2.0374571363390714e-08, 1.6696385385372992e-09, 2.708667318218616e-11, 1.3814337694595391e-11, 1.1115592821187015e-11, 1.0812754337730102e-11, 1.0590763509232826e-11, 1.0414497389477084e-11, 1.0275762012124101e-11, 1.0174781156502277e-11, 1.0113149900847773e-11], "lowlevel.mfcc.mean": [-637.135009765625, 136.7325897216797, 9.699499130249023, 18.22218132019043, 8.058379173278809, 8.114161491394043, 1.7254003286361694, 10.075372695922852, 12.111732482910156, 12.527214050292969, -5.247622489929199, -0.07946962118148804, -1.8584277629852295], "lowlevel.spectral_contrast_coeffs.mean": [-0.642198383808136, -0.7246862053871155, -0.7470771670341492, -0.7993443012237549, -0.8077396750450134, -0.7716566324234009], "lowlevel.spectral_contrast_coeffs.stdev": [0.06561527401208878, 0.06747909635305405, 0.05772819370031357, 0.0399482287466526, 0.03870629519224167, 0.03529299423098564], "lowlevel.spectral_contrast_valleys.mean": [-6.582690715789795, -6.702061176300049, -7.2077202796936035, -7.436481475830078, -7.645904541015625, -10.330477714538574], "lowlevel.spectral_contrast_valleys.stdev": [0.7181529402732849, 0.570574164390564, 0.5271111130714417, 0.5428978204727173, 0.6858431100845337, 1.0007882118225098], "rhythm.beats_loudness_band_ratio.mean": [0.6967263221740723, 0.12997384369373322, 0.11336236447095871, 0.04958350211381912, 0.03814847767353058, 0.049878671765327454], "rhythm.beats_loudness_band_ratio.stdev": [0.13200215995311737, 0.09524813294410706, 0.06949686259031296, 0.032460179179906845, 0.024399826303124428, 0.026237227022647858], "tonal.hpcp.mean": [0.15726909041404724, 0.12872768938541412, 0.04839547351002693, 0.17477625608444214, 0.20283788442611694, 0.07292119413614273, 0.030011629685759544, 0.033135492354631424, 0.09403214603662491, 0.2514665126800537, 0.20444904267787933, 0.04175655543804169, 0.05850723013281822, 0.06672468036413193, 0.05100860446691513, 0.15004321932792664, 0.17311078310012817, 0.06934566795825958, 0.032804057002067566, 0.02089911513030529, 0.02508053556084633, 0.047354456037282944, 0.05493074655532837, 0.13863718509674072, 0.3570393919944763, 0.27798697352409363, 0.10810928046703339, 0.11633700877428055, 0.05142482742667198, 0.02551230415701866, 0.05209960788488388, 0.04629673808813095, 0.01936577446758747, 0.016280246898531914, 0.01401838380843401, 0.05629251152276993], "tonal.hpcp.stdev": [0.24842803180217743, 0.2175644338130951, 0.12270254641771317, 0.3281637728214264, 0.36727404594421387, 0.17830339074134827, 0.11860516667366028, 0.12667982280254364, 0.18474382162094116, 0.31854745745658875, 0.2893364131450653, 0.11615155637264252, 0.18293331563472748, 0.21211473643779755, 0.13948355615139008, 0.2947057783603668, 0.33694690465927124, 0.15756843984127045, 0.11317178606987, 0.1002715602517128, 0.09353265911340714, 0.12528075277805328, 0.15270927548408508, 0.20607703924179077, 0.4041135907173157, 0.3080154061317444, 0.23872363567352295, 0.2694140374660492, 0.14948837459087372, 0.07487159222364426, 0.15595977008342743, 0.12963758409023285, 0.05727161094546318, 0.040314603596925735, 0.054419681429862976, 0.09741782397031784], "rhythm.beats_position": [0.4643990993499756, 0.9404081702232361, 1.4396371841430664, 1.9504761695861816, 2.4729251861572266, 2.9953742027282715, 3.5062131881713867, 4.017052173614502, 4.527891159057617, 5.038730144500732, 5.549569129943848, 6.072018146514893, 6.5944671630859375, 7.105306148529053, 7.616145133972168, 8.126983642578125, 8.637823104858398, 9.148661613464355, 9.659501075744629, 10.170339584350586, 10.68117904663086, 11.192017555236816, 11.71446704864502, 12.236915588378906, 12.74775505065918, 13.258593559265137, 13.78104305267334, 14.303491592407227, 14.8143310546875, 15.325169563293457, 15.83600902557373, 16.346847534179688, 16.85768699645996, 17.368526458740234, 17.879364013671875, 18.39020347595215, 18.91265296936035, 19.435102462768555, 19.945940017700195, 20.45677947998047, 20.967618942260742, 21.478458404541016, 21.989295959472656, 22.50013542175293, 23.010974884033203, 23.521814346313477, 24.032651901245117, 24.54349136352539, 25.054330825805664], "rhythm.bpm_histogram": [0.0, 0.0, 0.0, 0.0, 0.0, 0.0, 0.0, 0.0, 0.0, 0.0, 0.0, 0.0, 0.0, 0.0, 0.0, 0.0, 0.0, 0.0, 0.0, 0.0, 0.0, 0.0, 0.0, 0.0, 0.0, 0.0, 0.0, 0.0, 0.0, 0.0, 0.0, 0.0, 0.0, 0.0, 0.0, 0.0, 0.0, 0.0, 0.0, 0.0, 0.0, 0.0, 0.0, 0.0, 0.0, 0.0, 0.0, 0.0, 0.0, 0.0, 0.0, 0.0, 0.0, 0.0, 0.0, 0.0, 0.0, 0.0, 0.0, 0.0, 0.0, 0.0, 0.0, 0.0, 0.0, 0.0, 0.0, 0.0, 0.0, 0.0, 0.0, 0.0, 0.0, 0.0, 0.0, 0.0, 0.0, 0.0, 0.0, 0.0, 0.0, 0.0, 0.0, 0.0, 0.0, 0.0, 0.0, 0.0, 0.0, 0.0, 0.0, 0.0, 0.0, 0.0, 0.0, 0.0, 0.0, 0.0, 0.0, 0.0, 0.0, 0.0, 0.0, 0.0, 0.0, 0.0, 0.0, 0.0, 0.0, 0.0, 0.0, 0.0, 0.0, 0.0, 0.0, 0.2083333283662796, 0.0, 0.75, 0.0, 0.0, 0.02083333395421505, 0.0, 0.0, 0.0, 0.0, 0.0, 0.02083333395421505, 0.0, 0.0, 0.0, 0.0, 0.0, 0.0, 0.0, 0.0, 0.0, 0.0, 0.0, 0.0, 0.0, 0.0, 0.0, 0.0, 0.0, 0.0, 0.0, 0.0, 0.0, 0.0, 0.0, 0.0, 0.0, 0.0, 0.0, 0.0, 0.0, 0.0, 0.0, 0.0, 0.0, 0.0, 0.0, 0.0, 0.0, 0.0, 0.0, 0.0, 0.0, 0.0, 0.0, 0.0, 0.0, 0.0, 0.0, 0.0, 0.0, 0.0, 0.0, 0.0, 0.0, 0.0, 0.0, 0.0, 0.0, 0.0, 0.0, 0.0, 0.0, 0.0, 0.0, 0.0, 0.0, 0.0, 0.0, 0.0, 0.0, 0.0, 0.0, 0.0, 0.0, 0.0, 0.0, 0.0, 0.0, 0.0, 0.0, 0.0, 0.0, 0.0, 0.0, 0.0, 0.0, 0.0, 0.0, 0.0, 0.0, 0.0, 0.0, 0.0, 0.0, 0.0, 0.0, 0.0, 0.0, 0.0, 0.0, 0.0, 0.0, 0.0, 0.0, 0.0, 0.0, 0.0, 0.0, 0.0, 0.0, 0.0, 0.0, 0.0, 0.0, 0.0, 0.0, 0.0, 0.0, 0.0, 0.0, 0.0, 0.0, 0.0, 0.0], "tonal.chords_histogram": [1.451905608177185, 6.896551609039307, 62.794918060302734, 0.0, 2.177858352661133, 0.0, 0.0, 0.0, 22.14156150817871, 0.0, 0.0, 0.0, 0.0, 0.0, 0.0, 0.0, 0.0, 2.540834903717041, 0.0, 1.9963701963424683, 0.0, 0.0, 0.0, 0.0], "tonal.thpcp": [1.0, 0.7785890698432922, 0.3027937114238739, 0.32583802938461304, 0.14403124153614044, 0.07145515084266663, 0.14592117071151733, 0.1296684294939041, 0.05423988029360771, 0.045597899705171585, 0.03926284983754158, 0.1576647013425827, 0.4404810667037964, 0.360541969537735, 0.13554659485816956, 0.4895153343677521, 0.5681106448173523, 0.20423851907253265, 0.08405691385269165, 0.09280626475811005, 0.26336631178855896, 0.7043102979660034, 0.5726231932640076, 0.11695223301649094, 0.16386771202087402, 0.18688324093818665, 0.14286547899246216, 0.4202427566051483, 0.4848506450653076, 0.19422413408756256, 0.09187797456979752, 0.05853448063135147, 0.07024584710597992, 0.13263089954853058, 0.15385065972805023, 0.38829660415649414], "lowlevel.gfcc.cov": [[3062.013916015625, -1392.0513916015625, 500.229248046875, 148.50762939453125, -180.476318359375, 45.14622497558594, -139.26866149902344, 56.03866195678711, -240.6293487548828, 191.9088592529297, -189.71673583984375, 169.53150939941406, -289.5284423828125], [-1392.0513916015625, 1526.1165771484375, -210.295654296875, 10.886869430541992, 321.6132507324219, -47.86445617675781, 251.2517852783203, 38.86826705932617, 256.43798828125, -142.0626678466797, 239.09201049804688, -160.07577514648438, 247.69776916503906], [500.229248046875, -210.295654296875, 913.9370727539062, 92.02349853515625, 188.6300506591797, 246.1801300048828, 70.24728393554688, 95.843505859375, 22.223615646362305, 79.25901794433594, -105.10067749023438, 105.15792846679688, -107.25878143310547], [148.50762939453125, 10.886869430541992, 92.02349853515625, 303.0495300292969, 106.6781234741211, 14.386706352233887, 64.76356506347656, 47.693992614746094, 68.21160888671875, 13.79007625579834, 40.918678283691406, -38.19074630737305, 13.478166580200195], [-180.476318359375, 321.6132507324219, 188.6300506591797, 106.6781234741211, 301.3533935546875, 54.46808624267578, 119.61164855957031, 72.5583724975586, 91.227783203125, 8.663385391235352, 40.43121337890625, -16.3114070892334, 24.266324996948242], [45.14622497558594, -47.86445617675781, 246.1801300048828, 14.386706352233887, 54.46808624267578, 210.37606811523438, 48.99814224243164, 16.75530433654785, 11.97961711883545, 10.903355598449707, -21.974275588989258, 23.22376251220703, -27.14673614501953], [-139.26866149902344, 251.2517852783203, 70.24728393554688, 64.76356506347656, 119.61164855957031, 48.99814224243164, 168.63824462890625, 78.3179702758789, 83.46881103515625, 0.2549331784248352, 49.484352111816406, -32.69684982299805, 29.819805145263672], [56.03866195678711, 38.86826705932617, 95.843505859375, 47.693992614746094, 72.5583724975586, 16.75530433654785, 78.3179702758789, 117.81050872802734, 69.03691864013672, 33.11322784423828, 11.868947982788086, -1.1720764636993408, 4.1468634605407715], [-240.6293487548828, 256.43798828125, 22.223615646362305, 68.21160888671875, 91.227783203125, 11.97961711883545, 83.46881103515625, 69.03691864013672, 137.39779663085938, 15.512443542480469, 55.44047927856445, -35.931602478027344, 43.43388366699219], [191.9088592529297, -142.0626678466797, 79.25901794433594, 13.79007625579834, 8.663385391235352, 10.903355598449707, 0.2549331784248352, 33.11322784423828, 15.512443542480469, 89.27144622802734, 3.244256019592285, 26.472023010253906, -32.17736053466797], [-189.71673583984375, 239.09201049804688, -105.10067749023438, 40.918678283691406, 40.43121337890625, -21.974275588989258, 49.484352111816406, 11.868947982788086, 55.44047927856445, 3.244256019592285, 102.18172454833984, -20.91351890563965, 52.17441177368164], [169.53150939941406, -160.07577514648438, 105.15792846679688, -38.19074630737305, -16.3114070892334, 23.22376251220703, -32.69684982299805, -1.1720764636993408, -35.931602478027344, 26.472023010253906, -20.91351890563965, 81.91536712646484, -17.979928970336914], [-289.5284423828125, 247.69776916503906, -107.25878143310547, 13.478166580200195, 24.266324996948242, -27.14673614501953, 29.819805145263672, 4.1468634605407715, 43.43388366699219, -32.17736053466797, 52.17441177368164, -17.979928970336914, 95.79522705078125]], "lowlevel.gfcc.icov": [[0.0007235413650050759, 0.0003008162311743945, -0.00022705376613885164, -0.0005114430678077042, 0.00024868419859558344, 0.000297954014968127, -0.00014924287097528577, -0.0006621361244469881, 0.0010774885304272175, -0.00041534879710525274, -0.0003165063972119242, -0.00025455892318859696, 0.0008198357536457479], [0.0003008162311743945, 0.0053594084456563, -0.0016874626744538546, 0.0037643408868461847, -0.0033569219522178173, 0.0019288230687379837, -0.0019502945942804217, 0.002754101064056158, -0.003927209414541721, 0.00546457152813673, -0.0073071192018687725, 0.005393414758145809, -0.004874616861343384], [-0.00022705376613885164, -0.0016874626744538546, 0.0036317193880677223, -0.0018974154954776168, -0.00035613455111160874, -0.002701458754017949, 6.064742774469778e-05, -0.0010279775597155094, -8.455078932456672e-05, -0.002004627836868167, 0.005256740376353264, -0.005078595597296953, 0.0029093201737850904], [-0.0005114430678077042, 0.0037643408868461847, -0.0018974154954776168, 0.007795810233801603, -0.0034930575639009476, 0.0015140196774154902, -0.0008812183514237404, 0.0021194941364228725, -0.004176990129053593, 0.004194736480712891, -0.007048516534268856, 0.007055358029901981, -0.004538070410490036], [0.00024868419859558344, -0.0033569219522178173, -0.00035613455111160874, -0.0034930575639009476, 0.008193583227694035, -0.0006471030064858496, -0.0010668623726814985, -0.0023149889893829823, 0.0019807047210633755, -0.0031707207672297955, 0.003435213351622224, -0.0034119579941034317, 0.0032232424709945917], [0.000297954014968127, 0.0019288230687379837, -0.002701458754017949, 0.0015140196774154902, -0.0006471030064858496, 0.008476006798446178, -0.00356036564335227, 0.0031041682232171297, -0.0019271090859547257, 0.002369555411860347, -0.002405878622084856, 0.0010595322819426656, -0.0006058896542526782], [-0.00014924287097528577, -0.0019502945942804217, 6.064742774469778e-05, -0.0008812183514237404, -0.0010668623726814985, -0.00356036564335227, 0.015355792827904224, -0.008623489178717136, 0.0012106503127142787, 0.0005748757976107299, -0.0028945193625986576, 0.002718685893341899, 0.0013691947096958756], [-0.0006621361244469881, 0.002754101064056158, -0.0010279775597155094, 0.0021194941364228725, -0.0023149889893829823, 0.0031041682232171297, -0.008623489178717136, 0.021075621247291565, -0.010596372187137604, -0.001010795938782394, 0.001324547571130097, -0.00020094226056244224, -0.003627786645665765], [0.0010774885304272175, -0.003927209414541721, -8.455078932456672e-05, -0.004176990129053593, 0.0019807047210633755, -0.0019271090859547257, 0.0012106503127142787, -0.010596372187137604, 0.02381797321140766, -0.009141174145042896, 0.000529722310602665, 0.002918530721217394, -0.0006722025573253632], [-0.00041534879710525274, 0.00546457152813673, -0.002004627836868167, 0.004194736480712891, -0.0031707207672297955, 0.002369555411860347, 0.0005748757976107299, -0.001010795938782394, -0.009141174145042896, 0.025393866002559662, -0.01300253439694643, 7.792643009452149e-05, 0.002890463452786207], [-0.0003165063972119242, -0.0073071192018687725, 0.005256740376353264, -0.007048516534268856, 0.003435213351622224, -0.002405878622084856, -0.0028945193625986576, 0.001324547571130097, 0.000529722310602665, -0.01300253439694643, 0.03170058876276016, -0.010858441703021526, 0.0001953445462277159], [-0.00025455892318859696, 0.005393414758145809, -0.005078595597296953, 0.007055358029901981, -0.0034119579941034317, 0.0010595322819426656, 0.002718685893341899, -0.00020094226056244224, 0.002918530721217394, 7.792643009452149e-05, -0.010858441703021526, 0.029263215139508247, -0.010957824066281319], [0.0008198357536457479, -0.004874616861343384, 0.0029093201737850904, -0.004538070410490036, 0.0032232424709945917, -0.0006058896542526782, 0.0013691947096958756, -0.003627786645665765, -0.0006722025573253632, 0.002890463452786207, 0.0001953445462277159, -0.010957824066281319, 0.02727227844297886]], "lowlevel.mfcc.cov": [[2848.779052734375, -1215.1551513671875, 221.24826049804688, 38.14765167236328, -102.03401947021484, -58.66762161254883, -14.652276039123535, -125.71807098388672, -124.7417221069336, -83.25533294677734, -0.24361102283000946, -2.7158563137054443, -13.385087966918945], [-1215.1551513671875, 1247.5792236328125, -172.218017578125, 74.40563201904297, 115.00957489013672, 10.037276268005371, 91.50091552734375, 120.2154769897461, 101.30364227294922, 87.69441223144531, 37.462974548339844, 46.51228713989258, 34.555145263671875], [221.24826049804688, -172.218017578125, 580.4680786132812, -2.634341239929199, 121.40506744384766, 148.52308654785156, 56.549137115478516, 85.29558563232422, 65.74197387695312, 22.820390701293945, 58.77397537231445, -0.27810898423194885, 1.2444684505462646], [38.14765167236328, 74.40563201904297, -2.634341239929199, 291.4532470703125, 92.4922103881836, -6.641104698181152, 36.785518646240234, 33.40850830078125, 54.26481628417969, 79.22093200683594, -14.023163795471191, 82.35169219970703, 74.97213745117188], [-102.03401947021484, 115.00957489013672, 121.40506744384766, 92.4922103881836, 183.54196166992188, 79.31224060058594, 46.171783447265625, 56.75187301635742, 54.306461334228516, 42.924713134765625, 27.5853328704834, 23.956274032592773, 26.804330825805664], [-58.66762161254883, 10.037276268005371, 148.52308654785156, -6.641104698181152, 79.31224060058594, 149.5238800048828, 58.82444763183594, 47.40265655517578, 21.982187271118164, 17.06053924560547, 35.26677322387695, 3.0725131034851074, -13.83863353729248], [-14.652276039123535, 91.50091552734375, 56.549137115478516, 36.785518646240234, 46.171783447265625, 58.82444763183594, 110.0344467163086, 61.45888137817383, 36.26755142211914, 32.97590637207031, 24.934541702270508, 26.74319076538086, 14.364069938659668], [-125.71807098388672, 120.2154769897461, 85.29558563232422, 33.40850830078125, 56.75187301635742, 47.40265655517578, 61.45888137817383, 107.56964874267578, 61.978759765625, 38.62625503540039, 19.854280471801758, 22.306407928466797, 16.580705642700195], [-124.7417221069336, 101.30364227294922, 65.74197387695312, 54.26481628417969, 54.306461334228516, 21.982187271118164, 36.26755142211914, 61.978759765625, 106.02619171142578, 64.13322448730469, 19.218246459960938, 35.19752883911133, 31.68756675720215], [-83.25533294677734, 87.69441223144531, 22.820390701293945, 79.22093200683594, 42.924713134765625, 17.06053924560547, 32.97590637207031, 38.62625503540039, 64.13322448730469, 101.5287094116211, 24.645294189453125, 46.4773063659668, 36.401119232177734], [-0.24361102283000946, 37.462974548339844, 58.77397537231445, -14.023163795471191, 27.5853328704834, 35.26677322387695, 24.934541702270508, 19.854280471801758, 19.218246459960938, 24.645294189453125, 83.126708984375, 26.978208541870117, -0.03847236931324005], [-2.7158563137054443, 46.51228713989258, -0.27810898423194885, 82.35169219970703, 23.956274032592773, 3.0725131034851074, 26.74319076538086, 22.306407928466797, 35.19752883911133, 46.4773063659668, 26.978208541870117, 86.33594512939453, 44.94345474243164], [-13.385087966918945, 34.555145263671875, 1.2444684505462646, 74.97213745117188, 26.804330825805664, -13.83863353729248, 14.364069938659668, 16.580705642700195, 31.68756675720215, 36.401119232177734, -0.03847236931324005, 44.94345474243164, 78.40060424804688]], "lowlevel.mfcc.icov": [[0.0007107449346221983, 0.0006761588738299906, -0.00022914573492016643, -0.00034544928348623216, -1.4963456123950891e-05, 0.0007496399339288473, -0.0009077682625502348, 0.0003184432571288198, 0.0004273038648534566, 0.00017702794866636395, -0.0004493637243285775, -5.414865881903097e-05, 0.00016963218513410538], [0.0006761588738299906, 0.0017858962528407574, 0.0004938828060403466, -0.00012661141226999462, -0.0008197725401259959, 0.0010351972887292504, -0.0012504238402470946, -0.0007542385719716549, 3.460411335254321e-06, -9.105991193791851e-05, -0.0007944211829453707, 0.00010904254304477945, 0.00027112188399769366], [-0.00022914573492016643, 0.0004938828060403466, 0.0031407817732542753, 0.00017321101040579379, -0.0009205349488183856, -0.0021744577679783106, 0.0007301822770386934, -0.001602462842129171, -0.0015105969505384564, 0.0006644061068072915, -0.0012175056617707014, 0.001067596604116261, -0.0006468044593930244], [-0.00034544928348623216, -0.00012661141226999462, 0.00017321101040579379, 0.007681058254092932, -0.0038719463627785444, 0.0014650452649220824, -0.0007026616367511451, 0.00019214817439205945, 0.0008954723598435521, -0.003399826353415847, 0.004579424392431974, -0.0053045861423015594, -0.0014208905631676316], [-1.4963456123950891e-05, -0.0008197725401259959, -0.0009205349488183856, -0.0038719463627785444, 0.011145083233714104, -0.004911242052912712, 0.0011499985121190548, -0.0006637713522650301, -0.002010514959692955, 0.0010969400173053145, -0.0022988375276327133, 0.0030912894289940596, -0.0021415227092802525], [0.0007496399339288473, 0.0010351972887292504, -0.0021744577679783106, 0.0014650452649220824, -0.004911242052912712, 0.014783361926674843, -0.006032437086105347, -0.0006683356477878988, 0.002644861117005348, -0.0014744678046554327, -0.001164340297691524, -0.001111874240450561, 0.004092784132808447], [-0.0009077682625502348, -0.0012504238402470946, 0.0007301822770386934, -0.0007026616367511451, 0.0011499985121190548, -0.006032437086105347, 0.017402267083525658, -0.0072554936632514, 0.00027788415900431573, -0.0006404069717973471, -0.000877470476552844, -0.0011732259299606085, -0.0011982215801253915], [0.0003184432571288198, -0.0007542385719716549, -0.001602462842129171, 0.00019214817439205945, -0.0006637713522650301, -0.0006683356477878988, -0.0072554936632514, 0.020486658439040184, -0.0075884731486439705, 0.0006953335832804441, 0.0009468328789807856, -0.00032397685572504997, 0.00026451723533682525], [0.0004273038648534566, 3.460411335254321e-06, -0.0015105969505384564, 0.0008954723598435521, -0.002010514959692955, 0.002644861117005348, 0.00027788415900431573, -0.0075884731486439705, 0.021834470331668854, -0.009449571371078491, 0.0008431734750047326, -0.001840109471231699, -0.0014350165147334337], [0.00017702794866636395, -9.105991193791851e-05, 0.0006644061068072915, -0.003399826353415847, 0.0010969400173053145, -0.0014744678046554327, -0.0006404069717973471, 0.0006953335832804441, -0.009449571371078491, 0.020928697660565376, -0.004100554622709751, -0.0019561934750527143, -0.0021325077395886183], [-0.0004493637243285775, -0.0007944211829453707, -0.0012175056617707014, 0.004579424392431974, -0.0022988375276327133, -0.001164340297691524, -0.000877470476552844, 0.0009468328789807856, 0.0008431734750047326, -0.004100554622709751, 0.019291631877422333, -0.009106790646910667, 0.0032475870102643967], [-5.414865881903097e-05, 0.00010904254304477945, 0.001067596604116261, -0.0053045861423015594, 0.0030912894289940596, -0.001111874240450561, -0.0011732259299606085, -0.00032397685572504997, -0.001840109471231699, -0.0019561934750527143, -0.009106790646910667, 0.025525769218802452, -0.008956542238593102], [0.00016963218513410538, 0.00027112188399769366, -0.0006468044593930244, -0.0014208905631676316, -0.0021415227092802525, 0.004092784132808447, -0.0011982215801253915, 0.00026451723533682525, -0.0014350165147334337, -0.0021325077395886183, 0.0032475870102643967, -0.008956542238593102, 0.022357746958732605]], "metadata.audio_properties.analysis.downmix": "mix", "metadata.audio_properties.codec": "mp3", "metadata.audio_properties.md5_encoded": "83b5da436d2b68dfead05a589db96220", "metadata.tags.file_name": "1183719351954714624.mp3", "metadata.version.essentia": "2.1-beta6-dev", "metadata.version.essentia_git_sha": "v2.1_beta5-1110-g77a6a954", "metadata.version.extractor": "music 2.0", "tonal.chords_key": "F", "tonal.chords_scale": "major", "tonal.key_edma.key": "Bb", "tonal.key_edma.scale": "major", "tonal.key_krumhansl.key": "Bb", "tonal.key_krumhansl.scale": "major", "tonal.key_temperley.key": "Bb", "tonal.key_temperley.scale": "major", "metadata.tags.encoding": ["Lavf58.45.100"]}, "essentia_models": [{"model_name": "genre_dortmund", "activations": {"alternative": "0.133953", "blues": "0.018819947", "electronic": "0.0029690256", "folkcountry": "0.11023729", "funksoulrnb": "0.005017923", "jazz": "0.023595933", "pop": "0.04564556", "raphiphop": "0.00030792181", "rock": "0.499127"}}, {"model_name": "genre_rosamerica", "activations": {"classic": "0.0034324501", "dance": "0.00082974456", "hip hop": "0.007412362", "jazz": "0.0055360924", "po