{"song_id": "1183703509351284766", "download": "https://cdn.discordapp.com/attachments/1128313332273782784/1183703509351284766/chirp.mp4?ex=65894ccc&amp", "lyrics": "\u0412 \u0442\u0438\u0445\u043e\u043c \u0443\u0433\u043e\u043b\u043a\u0435 \u0444\u0430\u043d\u0442\u0430\u0437\u0438\u0439 \u043c\u043e\u0438\u0445,\n\u0420\u043e\u0434\u0438\u043b\u0430\u0441\u044c \u0438\u0441\u0442\u043e\u0440\u0438\u044f \u043e \u041c\u0438\u0448\u0435 \u0438\u0432\u0435\u043d\u0442\u0430\u0445.\n\u041d\u043e \u041c\u0438\u0448\u0430, \u0443\u0432\u044b, \u043d\u0435 \u0432 \u043d\u0430\u0441\u0442\u0440\u043e\u0435\u043d\u0438\u0438,\n\u0418\u0432\u0435\u043d\u0442 \u043f\u0440\u043e \u0413\u0443\u043b\u044f \u0435\u043c\u0443 \u043d\u0435 \u043f\u043e \u0434\u0443\u0448\u0435.\n\n\u041e\u043d \u0441\u0438\u0434\u0438\u0442 \u0437\u0430 \u0441\u0442\u043e\u043b\u043e\u043c, \u0433\u043e\u043b\u043e\u0432\u0443 \u0441\u043a\u043b\u043e\u043d\u0438\u0432,\n\u041c\u044b\u0441\u043b\u0438 \u0432 \u0433\u043e\u043b\u043e\u0432\u0435 \u043a\u0440\u0443\u0436\u0430\u0442\u0441\u044f, \u043d\u043e \u043d\u0435 \u043b\u0435\u0442\u044f\u0442.\n\u041e\u043d \u043d\u0435 \u0445\u043e\u0447\u0435\u0442 \u0441\u043e\u0437\u0434\u0430\u0432\u0430\u0442\u044c \u0432\u0435\u0441\u0435\u043b\u044c\u0435 \u0438 \u0441\u043c\u0435\u0445,\n\u0412 \u0435\u0433\u043e \u0441\u0435\u0440\u0434\u0446\u0435 \u0442\u043e\u0441\u043a\u0430 \u0438 \u043d\u0435\u0436\u0435\u043b\u0430\u043d\u0438\u0435.", "style": ["Shanson"], "essentia_features": {"lowlevel.average_loudness": 0.96976637840271, "lowlevel.barkbands_crest.mean": 16.590259552001953, "lowlevel.barkbands_crest.stdev": 5.663969039916992, "lowlevel.barkbands_flatness_db.mean": 0.24272538721561432, "lowlevel.barkbands_flatness_db.stdev": 0.08813045173883438, "lowlevel.barkbands_kurtosis.mean": 43.78604507446289, "lowlevel.barkbands_kurtosis.stdev": 63.88760757446289, "lowlevel.barkbands_skewness.mean": 4.588254451751709, "lowlevel.barkbands_skewness.stdev": 3.0709595680236816, "lowlevel.barkbands_spread.mean": 10.938277244567871, "lowlevel.barkbands_spread.stdev": 15.363624572753906, "lowlevel.dissonance.mean": 0.4523981809616089, "lowlevel.dissonance.stdev": 0.030007803812623024, "lowlevel.dynamic_complexity": 2.9387426376342773, "lowlevel.erbbands_crest.mean": 9.58743667602539, "lowlevel.erbbands_crest.stdev": 4.600125789642334, "lowlevel.erbbands_flatness_db.mean": 0.14731648564338684, "lowlevel.erbbands_flatness_db.stdev": 0.0405130460858345, "lowlevel.erbbands_kurtosis.mean": 1.637446641921997, "lowlevel.erbbands_kurtosis.stdev": 4.21117639541626, "lowlevel.erbbands_skewness.mean": 0.7782459855079651, "lowlevel.erbbands_skewness.stdev": 1.0756938457489014, "lowlevel.erbbands_spread.mean": 45.96336364746094, "lowlevel.erbbands_spread.stdev": 22.879966735839844, "lowlevel.hfc.mean": 15.770552635192871, "lowlevel.hfc.stdev": 17.80795669555664, "lowlevel.loudness_ebu128.integrated": -17.875246047973633, "lowlevel.loudness_ebu128.loudness_range": 1.5223503112792969, "lowlevel.loudness_ebu128.momentary.mean": -18.48464012145996, "lowlevel.loudness_ebu128.momentary.stdev": 2.479827404022217, "lowlevel.loudness_ebu128.short_term.mean": -17.88250160217285, "lowlevel.loudness_ebu128.short_term.stdev": 0.5857496857643127, "lowlevel.melbands_crest.mean": 23.070327758789062, "lowlevel.melbands_crest.stdev": 8.230367660522461, "lowlevel.melbands_flatness_db.mean": 0.3284071385860443, "lowlevel.melbands_flatness_db.stdev": 0.11252046376466751, "lowlevel.melbands_kurtosis.mean": 83.72749328613281, "lowlevel.melbands_kurtosis.stdev": 109.28872680664062, "lowlevel.melbands_skewness.mean": 6.131165027618408, "lowlevel.melbands_skewness.stdev": 3.8360185623168945, "lowlevel.melbands_spread.mean": 10.181679725646973, "lowlevel.melbands_spread.stdev": 22.31892204284668, "lowlevel.pitch_salience.mean": 0.3703790307044983, "lowlevel.pitch_salience.stdev": 0.1651422083377838, "lowlevel.silence_rate_20dB.mean": 0.9956521987915039, "lowlevel.silence_rate_20dB.stdev": 0.06579489260911942, "lowlevel.silence_rate_30dB.mean": 0.7074534296989441, "lowlevel.silence_rate_30dB.stdev": 0.45493045449256897, "lowlevel.silence_rate_60dB.mean": 0.04906832426786423, "lowlevel.silence_rate_60dB.stdev": 0.2160119116306305, "lowlevel.spectral_centroid.mean": 824.1874389648438, "lowlevel.spectral_centroid.stdev": 753.637939453125, "lowlevel.spectral_complexity.mean": 10.475154876708984, "lowlevel.spectral_complexity.stdev": 6.112884998321533, "lowlevel.spectral_decrease.mean": -2.120816056105923e-08, "lowlevel.spectral_decrease.stdev": 2.1496958879652084e-08, "lowlevel.spectral_energy.mean": 0.08147494494915009, "lowlevel.spectral_energy.stdev": 0.08156319707632065, "lowlevel.spectral_energyband_high.mean": 0.0006987368687987328, "lowlevel.spectral_energyband_high.stdev": 0.0018467268673703074, "lowlevel.spectral_energyband_low.mean": 0.06727056205272675, "lowlevel.spectral_energyband_low.stdev": 0.07884558290243149, "lowlevel.spectral_energyband_middle_high.mean": 0.0014120088890194893, "lowlevel.spectral_energyband_middle_high.stdev": 0.0018283737590536475, "lowlevel.spectral_energyband_middle_low.mean": 0.014099120162427425, "lowlevel.spectral_energyband_middle_low.stdev": 0.019220175221562386, "lowlevel.spectral_entropy.mean": 7.354369163513184, "lowlevel.spectral_entropy.stdev": 0.5244399309158325, "lowlevel.spectral_flux.mean": 0.09860122203826904, "lowlevel.spectral_flux.stdev": 0.09116026759147644, "lowlevel.spectral_kurtosis.mean": 4.627069473266602, "lowlevel.spectral_kurtosis.stdev": 2.7862179279327393, "lowlevel.spectral_rms.mean": 0.007856952957808971, "lowlevel.spectral_rms.stdev": 0.0042137885466217995, "lowlevel.spectral_rolloff.mean": 722.754638671875, "lowlevel.spectral_rolloff.stdev": 1805.4727783203125, "lowlevel.spectral_skewness.mean": 1.7079243659973145, "lowlevel.spectral_skewness.stdev": 0.5012825727462769, "lowlevel.spectral_spread.mean": 5137367.5, "lowlevel.spectral_spread.stdev": 2034512.0, "lowlevel.spectral_strongpeak.mean": 0.6825366616249084, "lowlevel.spectral_strongpeak.stdev": 0.5372467637062073, "lowlevel.zerocrossingrate.mean": 0.03486722335219383, "lowlevel.zerocrossingrate.stdev": 0.049014534801244736, "metadata.audio_properties.analysis.equal_loudness": 0.0, "metadata.audio_properties.analysis.length": 37.35464859008789, "metadata.audio_properties.analysis.sample_rate": 44100.0, "metadata.audio_properties.analysis.start_time": 0.0, "metadata.audio_properties.bit_rate": 117484.0, "metadata.audio_properties.length": 37.35466766357422, "metadata.audio_properties.lossless": 0.0, "metadata.audio_properties.number_channels": 1.0, "metadata.audio_properties.replay_gain": -7.299245834350586, "metadata.audio_properties.sample_rate": 48000.0, "rhythm.beats_count": 74.0, "rhythm.beats_loudness.mean": 0.07842569798231125, "rhythm.beats_loudness.stdev": 0.04616038501262665, "rhythm.bpm": 120.12469482421875, "rhythm.bpm_histogram_first_peak_bpm": 120.0, "rhythm.bpm_histogram_first_peak_weight": 0.24657535552978516, "rhythm.bpm_histogram_second_peak_bpm": 0.0, "rhythm.bpm_histogram_second_peak_spread": 0.0, "rhythm.bpm_histogram_second_peak_weight": 0.0, "rhythm.danceability": 1.3167349100112915, "rhythm.onset_rate": 4.6023125648498535, "tonal.chords_changes_rate": 0.040942929685115814, "tonal.chords_number_rate": 0.004962779115885496, "tonal.chords_strength.mean": 0.5809493064880371, "tonal.chords_strength.stdev": 0.040249910205602646, "tonal.hpcp_crest.mean": 14.802190780639648, "tonal.hpcp_crest.stdev": 6.591217517852783, "tonal.hpcp_entropy.mean": 1.7645721435546875, "tonal.hpcp_entropy.stdev": 0.6762368679046631, "tonal.key_edma.strength": 0.7772248387336731, "tonal.key_krumhansl.strength": 0.7834309339523315, "tonal.key_temperley.strength": 0.7681555151939392, "tonal.tuning_diatonic_strength": 0.5546759963035583, "tonal.tuning_equal_tempered_deviation": 0.29377681016921997, "tonal.tuning_frequency": 434.193115234375, "tonal.tuning_nontempered_energy_ratio": 0.961700439453125, "lowlevel.barkbands.mean": [0.005878511816263199, 0.05281718447804451, 0.006633783224970102, 0.003260779893025756, 0.00791555643081665, 0.0008325304952450097, 0.0007458702311851084, 0.0006900136359035969, 0.0005253755953162909, 0.00029742385959252715, 0.00021350174210965633, 0.00020563018915709108, 0.00011808240378741175, 0.00013359931472223252, 0.00013323435268830508, 9.041719749802724e-05, 7.062454824335873e-05, 7.400714821415022e-05, 8.60374202602543e-05, 0.0001269429048988968, 9.425570169696584e-05, 9.657861664891243e-05, 7.839698082534596e-05, 9.990132821258157e-05, 0.00016817029973026365, 8.768030238570645e-05, 8.332727929882822e-07], "lowlevel.barkbands.stdev": [0.009659036062657833, 0.06770599633455276, 0.012545113451778889, 0.00517340237274766, 0.01475625578314066, 0.003163723275065422, 0.0017449863953515887, 0.001168536371551454, 0.0007844059728085995, 0.0006249310681596398, 0.0004055393801536411, 0.0005598201532848179, 0.0003059011069126427, 0.0003071104292757809, 0.0004886107635684311, 0.0002673744165804237, 0.00015284153050743043, 0.00016481755301356316, 0.00017604038293939084, 0.0005091447965241969, 0.0002720866759773344, 0.00032534622005186975, 0.00023432003217749298, 0.00030930901993997395, 0.0005232073599472642, 0.00027698592748492956, 3.2647906209604116e-06], "lowlevel.erbbands.mean": [2.474292039871216, 7.9844160079956055, 7.078485488891602, 12.168025970458984, 11.184106826782227, 33.87590026855469, 22.99310874938965, 6.949129581451416, 12.167488098144531, 13.116310119628906, 12.551673889160156, 10.59366226196289, 9.530545234680176, 6.800022602081299, 9.532469749450684, 9.212359428405762, 5.582307815551758, 6.108743667602539, 7.628664970397949, 6.221381187438965, 4.7437944412231445, 4.145997047424316, 3.972702741622925, 5.035581588745117, 3.9358458518981934, 6.247954845428467, 4.509562015533447, 3.529876947402954, 3.686016082763672, 2.7176029682159424, 2.0960042476654053, 1.8092187643051147, 1.8868638277053833, 1.8246796131134033, 1.207263469696045, 0.5539073348045349, 0.12532758712768555, 0.009487033821642399, 0.00026521511608734727, 0.00010149293666472659], "lowlevel.erbbands.stdev": [3.3806910514831543, 11.76860523223877, 14.684720039367676, 18.283754348754883, 23.79810905456543, 69.32279968261719, 55.364620208740234, 20.291217803955078, 29.154556274414062, 22.3125, 19.999120712280273, 16.77008628845215, 20.57431983947754, 13.814006805419922, 16.823284149169922, 27.01936912536621, 14.870158195495605, 11.142335891723633, 23.686756134033203, 22.84309196472168, 13.113417625427246, 8.67676830291748, 8.263872146606445, 11.456002235412598, 9.771858215332031, 26.879465103149414, 12.576074600219727, 10.987013816833496, 12.741034507751465, 8.800887107849121, 6.120535373687744, 5.417372703552246, 6.318234443664551, 6.118230819702148, 3.6839263439178467, 1.7597434520721436, 0.41042405366897583, 0.030557749792933464, 0.0006888438947498798, 9.39245437621139e-05], "lowlevel.gfcc.mean": [-31.00331687927246, 103.7117919921875, -83.04598999023438, 38.19038391113281, -50.38199234008789, 14.649288177490234, -30.422439575195312, 14.560004234313965, -23.67464828491211, 7.178250789642334, -15.177319526672363, -6.480434894561768, -8.961714744567871], "lowlevel.melbands.mean": [0.01788284443318844, 0.00577601557597518, 0.001986833056434989, 0.0015199382323771715, 0.0011099675903096795, 0.0001580647804075852, 0.00016627171135041863, 0.00015019578859210014, 0.00011006670683855191, 6.116583972470835e-05, 4.713169255410321e-05, 2.7376860089134425e-05, 2.82744258583989e-05, 2.734075314947404e-05, 1.70297844306333e-05, 1.0898438631556928e-05, 1.1488370546430815e-05, 1.2803845493181143e-05, 9.650060746935196e-06, 6.854313141957391e-06, 5.270124802336795e-06, 4.24326481152093e-06, 3.7660763609892456e-06, 3.485329898467171e-06, 4.273855665815063e-06, 2.6913598958344664e-06, 3.4026047615043353e-06, 4.320371317589888e-06, 2.929384436356486e-06, 2.273382960993331e-06, 1.9906897250621114e-06, 2.25412736654107e-06, 1.5837575801924686e-06, 1.504915303485177e-06, 1.2291054645174881e-06, 1.058794509845029e-06, 1.1401979236325133e-06, 1.3064105814919458e-06, 1.3294459222379373e-06, 1.6424457953689853e-06], "lowlevel.melbands.stdev": [0.022990386933088303, 0.009384318254888058, 0.0029061096720397472, 0.003000408411026001, 0.002399666467681527, 0.0004948275745846331, 0.0004080341896042228, 0.00025930628180503845, 0.00017047632718458772, 9.802287968341261e-05, 0.00010286858741892502, 5.621897435048595e-05, 5.169755968381651e-05, 6.873338861623779e-05, 4.690478817792609e-05, 2.5564559109625407e-05, 2.2207099391380325e-05, 4.041753345518373e-05, 3.980989640695043e-05, 2.198601941927336e-05, 1.4707680747960694e-05, 9.219250387104694e-06, 7.86786858952837e-06, 8.556604370824061e-06, 1.0030122211901471e-05, 5.576945113716647e-06, 1.287771465285914e-05, 1.942044218594674e-05, 8.157059710356407e-06, 6.648863745795097e-06, 6.456336450355593e-06, 8.09512312116567e-06, 5.309368589223595e-06, 4.987029569747392e-06, 3.7392701415228657e-06, 3.145084519928787e-06, 3.530823505570879e-06, 4.450870619621128e-06, 4.835516392631689e-06, 5.508471986104269e-06], "lowlevel.melbands128.mean": [0.005712517537176609, 0.023060619831085205, 0.02200506627559662, 0.010265219025313854, 0.0034201228991150856, 0.003756186692044139, 0.0027066064067184925, 0.0013548785354942083, 0.0009226695401594043, 0.001247700653038919, 0.0021812666673213243, 0.0020379326306283474, 0.000684008002281189, 0.0001838567404774949, 0.0001169390743598342, 0.00013125056284479797, 0.0002677050360944122, 0.00015785555297043175, 6.905406917212531e-05, 0.00014785262465011328, 0.00022298803378362209, 6.918230792507529e-05, 9.511605458101258e-05, 0.00015626073582097888, 5.9800098824780434e-05, 3.1427101930603385e-05, 3.6278172046877444e-05, 5.9266862081130967e-05, 4.750059815705754e-05, 2.6229818104184233e-05, 2.477673660905566e-05, 1.90608661796432e-05, 2.341710751352366e-05, 4.697716576629318e-05, 1.6943493392318487e-05, 3.1528023100690916e-05, 2.5425400963285938e-05, 1.5028141206130385e-05, 1.3233758181740995e-05, 1.047682326316135e-05, 1.0914764970948454e-05, 1.0874254257942084e-05, 9.662577213020995e-06, 1.274301848752657e-05, 1.4315533007902559e-05, 1.3909290828451049e-05, 9.555664291838184e-06, 9.90454191196477e-06, 1.0208574167336337e-05, 7.1166678026202135e-06, 6.932663836778374e-06, 5.834911917190766e-06, 5.4090364756120834e-06, 5.213152689975686e-06, 4.193394488538615e-06, 4.203231583232991e-06, 4.2561296140775084e-06, 3.865576218231581e-06, 3.7224763218546286e-06, 3.3440096558479127e-06, 3.370215381437447e-06, 3.2921570891630836e-06, 5.0396020014886744e-06, 4.544922830973519e-06, 3.0761434572923463e-06, 2.7212743134441553e-06, 2.319591658306308e-06, 2.4645808025525184e-06, 3.631307436080533e-06, 4.76429841000936e-06, 4.705641913460568e-06, 3.968311830249149e-06, 3.3635365070949774e-06, 2.6167592750425683e-06, 2.600247398731881e-06, 2.4725352432142245e-06, 2.0663949271693127e-06, 1.7511298437966616e-06, 1.996379069169052e-06, 2.1649925656674895e-06, 2.391660018474795e-06, 2.4051525997492718e-06, 1.7218964103449252e-06, 1.4735340982952039e-06, 1.4416473277378827e-06, 1.5372806956293061e-06, 1.5021900026113144e-06, 1.5077924899742357e-06, 1.1608011618591263e-06, 1.080169681699772e-06, 1.152844788521179e-06, 1.0146700333280023e-06, 9.583982318872586e-07, 1.1139876505694701e-06, 1.2636071460292442e-06, 1.3207200026954524e-06, 1.275822683055594e-06, 1.37729000471154e-06, 1.2377111033856636e-06, 1.339031996394624e-06, 1.5364365708592231e-06, 1.6920910184126114e-06, 1.810408662095142e-06, 1.614896518731257e-06, 1.3099173656883067e-06, 1.1962582675550948e-06, 1.1423646810726495e-06, 1.1218766076126485e-06, 9.754688790053478e-07, 9.073261253433884e-07, 6.211460004124092e-07, 4.444228238753567e-07, 3.8368293076018745e-07, 2.5441053708163963e-07, 1.2909893598589406e-07, 7.798553980364886e-08, 2.7491086740383253e-08, 9.325247241065426e-09, 8.595226752561302e-10, 2.3891806935627535e-11, 1.0044073212034377e-11, 5.3525521688524424e-12, 5.109964534844025e-12, 5.012185978758854e-12, 4.860745052986948e-12, 4.636844293942621e-12, 4.5154422735615984e-12, 4.478199061574983e-12], "lowlevel.melbands128.stdev": [0.009430374950170517, 0.034082088619470596, 0.028865396976470947, 0.017617397010326385, 0.009068765677511692, 0.006449023727327585, 0.004255600739270449, 0.0024567542131990194, 0.0025088137481361628, 0.003554977010935545, 0.004905794747173786, 0.004743016324937344, 0.0020242645405232906, 0.001127199037000537, 0.00045309634879231453, 0.0004275346582289785, 0.0006511026876978576, 0.0004172978806309402, 0.0002260913170175627, 0.00026312883710488677, 0.00040235850610770285, 0.00017425436817575246, 0.00019936382886953652, 0.0002453835040796548, 0.00013027960085310042, 9.132285049417987e-05, 9.480041626375169e-05, 0.00016602924733888358, 0.00010921754437731579, 6.424479215638712e-05, 7.532222662121058e-05, 6.86481871525757e-05, 5.0008256948785856e-05, 9.023076563607901e-05, 5.242489351076074e-05, 0.00011482117406558245, 9.945379861164838e-05, 5.0259553972864524e-05, 4.8845922719920054e-05, 4.3347987229935825e-05, 2.545776078477502e-05, 2.3295073333429173e-05, 2.0366578610264696e-05, 3.184907836839557e-05, 4.6944340283516794e-05, 5.697739834431559e-05, 3.995502265752293e-05, 4.8102087021106854e-05, 5.133247032063082e-05, 3.0109762519714423e-05, 2.1015875972807407e-05, 1.942309972946532e-05, 2.065435182885267e-05, 1.4940802429919131e-05, 1.058860925695626e-05, 9.744470844452735e-06, 1.0166419997403864e-05, 9.5581344794482e-06, 8.261792572739068e-06, 7.499083949369378e-06, 1.0071604265249334e-05, 9.655680514697451e-06, 1.3150282939022873e-05, 1.1678023838612717e-05, 6.440366178139811e-06, 6.445605322369374e-06, 5.828029316035099e-06, 7.296677722479217e-06, 1.6445977962575853e-05, 2.306495480297599e-05, 2.7433221475803293e-05, 1.5850540876272134e-05, 1.0262423529638909e-05, 7.303587608475937e-06, 7.954282409627922e-06, 7.107043529686052e-06, 6.9000680014141835e-06, 6.339417268463876e-06, 6.953829142730683e-06, 7.454250862792833e-06, 8.774124580668285e-06, 9.755364771990571e-06, 6.175897397042718e-06, 5.27329757460393e-06, 5.1334104682609905e-06, 5.907787908654427e-06, 5.017649527871981e-06, 5.576055173150962e-06, 3.649712880360312e-06, 3.352875864948146e-06, 3.6347755667520687e-06, 3.09978645418596e-06, 3.2475793432240607e-06, 3.851739620586159e-06, 4.154544967605034e-06, 4.820939921046374e-06, 4.772517058881931e-06, 5.229183898336487e-06, 4.641019586415496e-06, 5.550103196583223e-06, 5.779816092399415e-06, 5.909000719839241e-06, 6.320829015749041e-06, 5.196814072405687e-06, 4.425131919560954e-06, 3.973161255999003e-06, 3.7264503589540254e-06, 3.544187393345055e-06, 3.4747358768072445e-06, 3.397345835765009e-06, 2.251615796922124e-06, 1.6731279401938082e-06, 1.3334305322132423e-06, 9.417609589945641e-07, 4.743179431443423e-07, 3.283790022123867e-07, 9.857867411255938e-08, 6.382874317978349e-08, 6.764449445029186e-09, 4.085805582754176e-10, 1.142517053187575e-10, 1.1270059538381894e-11, 1.01778845768008e-11, 1.0005413164648758e-11, 9.86163060934242e-12, 9.742812459578865e-12, 9.658769443976478e-12, 9.607243819931277e-12], "lowlevel.mfcc.mean": [-684.9677734375, 136.3076934814453, 23.239091873168945, 32.463340759277344, 7.752652645111084, 6.422181129455566, 8.982431411743164, 1.3976466655731201, 5.428607940673828, 6.143388271331787, 1.579775094985962, 2.4910855293273926, -1.4340065717697144], "lowlevel.spectral_contrast_coeffs.mean": [-0.6372069716453552, -0.7655978798866272, -0.7994802594184875, -0.8322820663452148, -0.8307158946990967, -0.7744240760803223], "lowlevel.spectral_contrast_coeffs.stdev": [0.11077999323606491, 0.052850522100925446, 0.0514255128800869, 0.03628232702612877, 0.027633436024188995, 0.03616354614496231], "lowlevel.spectral_contrast_valleys.mean": [-6.865562438964844, -6.8939290046691895, -7.761420726776123, -8.008016586303711, -7.901665210723877, -10.692218780517578], "lowlevel.spectral_contrast_valleys.stdev": [1.0987303256988525, 0.624666154384613, 0.6804478764533997, 0.5967196822166443, 0.6069953441619873, 1.163456916809082], "rhythm.beats_loudness_band_ratio.mean": [0.7378199100494385, 0.1855061948299408, 0.048034925013780594, 0.01849312148988247, 0.017535261809825897, 0.028871893882751465], "rhythm.beats_loudness_band_ratio.stdev": [0.25883322954177856, 0.23035229742527008, 0.056456584483385086, 0.041976310312747955, 0.05131568759679794, 0.1022355929017067], "tonal.hpcp.mean": [0.03806028515100479, 0.03137606382369995, 0.03060353733599186, 0.038772862404584885, 0.04374505579471588, 0.043080344796180725, 0.03985772281885147, 0.07022561877965927, 0.137234628200531, 0.3181835114955902, 0.31735754013061523, 0.1088094487786293, 0.04582870379090309, 0.05225751921534538, 0.04164966568350792, 0.034530285745859146, 0.02980261668562889, 0.012858018279075623, 0.01886274293065071, 0.030910169705748558, 0.02639528177678585, 0.035614121705293655, 0.06518099457025528, 0.13254404067993164, 0.3109385371208191, 0.31804442405700684, 0.1472283899784088, 0.06428636610507965, 0.027336932718753815, 0.02001291699707508, 0.038945503532886505, 0.03979301452636719, 0.0266956128180027, 0.0743696466088295, 0.10546459257602692, 0.06552053242921829], "tonal.hpcp.stdev": [0.15122227370738983, 0.13828901946544647, 0.13378357887268066, 0.1394946277141571, 0.15355707705020905, 0.15506984293460846, 0.15050967037677765, 0.2147260457277298, 0.26319992542266846, 0.3746259808540344, 0.3563120663166046, 0.2128261923789978, 0.16688977181911469, 0.18789105117321014, 0.1641756147146225, 0.13871249556541443, 0.1350715607404709, 0.06833156943321228, 0.07214216887950897, 0.08732252568006516, 0.08658835291862488, 0.13682912290096283, 0.1896049678325653, 0.2762134373188019, 0.3795079290866852, 0.3839820921421051, 0.27832359075546265, 0.19590425491333008, 0.1333925426006317, 0.09452657401561737, 0.15329678356647491, 0.14429953694343567, 0.1030779778957367, 0.18285372853279114, 0.24104522168636322, 0.16814346611499786], "rhythm.beats_position": [0.4527890980243683, 0.9404081702232361, 1.4396371841430664, 1.938866138458252, 2.426485300064087, 2.9257142543792725, 3.4365532398223877, 3.9241721630096436, 4.423401355743408, 4.934240341186523, 5.433469295501709, 5.944308280944824, 6.43192720413208, 6.931156158447266, 7.430385589599609, 7.941224575042725, 8.42884349822998, 8.928071975708008, 9.427301406860352, 9.938140869140625, 10.425759315490723, 10.936598777770996, 11.435827255249023, 11.935056686401367, 12.434285163879395, 12.933514595031738, 13.432743072509766, 13.93197250366211, 14.431201934814453, 14.93043041229248, 15.429659843444824, 15.928888320922852, 16.428117752075195, 16.92734718322754, 17.43818473815918, 17.937414169311523, 18.436643600463867, 18.93587303161621, 19.435102462768555, 19.934329986572266, 20.43355941772461, 20.932788848876953, 21.432018280029297, 21.93124771118164, 22.43047523498535, 22.929704666137695, 23.42893409729004, 23.928163528442383, 24.427391052246094, 24.926620483398438, 25.42584991455078, 25.925079345703125, 26.42430877685547, 26.93514633178711, 27.434375762939453, 27.933605194091797, 28.43283462524414, 28.93206214904785, 29.431291580200195, 29.93052101135254, 30.429750442504883, 30.928979873657227, 31.439817428588867, 31.92743682861328, 32.426666259765625, 32.92589569091797, 33.42512512207031, 33.924354553222656, 34.4351921081543, 34.93442153930664, 35.433650970458984, 35.921268463134766, 36.42049789428711, 36.91972732543945], "rhythm.bpm_histogram": [0.0, 0.0, 0.0, 0.0, 0.0, 0.0, 0.0, 0.0, 0.0, 0.0, 0.0, 0.0, 0.0, 0.0, 0.0, 0.0, 0.0, 0.0, 0.0, 0.0, 0.0, 0.0, 0.0, 0.0, 0.0, 0.0, 0.0, 0.0, 0.0, 0.0, 0.0, 0.0, 0.0, 0.0, 0.0, 0.0, 0.0, 0.0, 0.0, 0.0, 0.0, 0.0, 0.0, 0.0, 0.0, 0.0, 0.0, 0.0, 0.0, 0.0, 0.0, 0.0, 0.0, 0.0, 0.0, 0.0, 0.0, 0.0, 0.0, 0.0, 0.0, 0.0, 0.0, 0.0, 0.0, 0.0, 0.0, 0.0, 0.0, 0.0, 0.0, 0.0, 0.0, 0.0, 0.0, 0.0, 0.0, 0.0, 0.0, 0.0, 0.0, 0.0, 0.0, 0.0, 0.0, 0.0, 0.0, 0.0, 0.0, 0.0, 0.0, 0.0, 0.0, 0.0, 0.0, 0.0, 0.0, 0.0, 0.0, 0.0, 0.0, 0.0, 0.0, 0.0, 0.0, 0.0, 0.0, 0.0, 0.0, 0.0, 0.0, 0.0, 0.0, 0.0, 0.0, 0.0, 0.0, 0.13698630034923553, 0.0, 0.0, 0.7534246444702148, 0.0, 0.0, 0.10958904027938843, 0.0, 0.0, 0.0, 0.0, 0.0, 0.0, 0.0, 0.0, 0.0, 0.0, 0.0, 0.0, 0.0, 0.0, 0.0, 0.0, 0.0, 0.0, 0.0, 0.0, 0.0, 0.0, 0.0, 0.0, 0.0, 0.0, 0.0, 0.0, 0.0, 0.0, 0.0, 0.0, 0.0, 0.0, 0.0, 0.0, 0.0, 0.0, 0.0, 0.0, 0.0, 0.0, 0.0, 0.0, 0.0, 0.0, 0.0, 0.0, 0.0, 0.0, 0.0, 0.0, 0.0, 0.0, 0.0, 0.0, 0.0, 0.0, 0.0, 0.0, 0.0, 0.0, 0.0, 0.0, 0.0, 0.0, 0.0, 0.0, 0.0, 0.0, 0.0, 0.0, 0.0, 0.0, 0.0, 0.0, 0.0, 0.0, 0.0, 0.0, 0.0, 0.0, 0.0, 0.0, 0.0, 0.0, 0.0, 0.0, 0.0, 0.0, 0.0, 0.0, 0.0, 0.0, 0.0, 0.0, 0.0, 0.0, 0.0, 0.0, 0.0, 0.0, 0.0, 0.0, 0.0, 0.0, 0.0, 0.0, 0.0, 0.0, 0.0, 0.0, 0.0, 0.0, 0.0, 0.0, 0.0, 0.0, 0.0, 0.0, 0.0, 0.0, 0.0, 0.0, 0.0, 0.0], "tonal.chords_histogram": [47.270469665527344, 45.781639099121094, 1.8610421419143677, 0.0, 0.0, 0.0, 0.0, 0.6203473806381226, 0.0, 4.466501235961914, 0.0, 0.0, 0.0, 0.0, 0.0, 0.0, 0.0, 0.0, 0.0, 0.0, 0.0, 0.0, 0.0, 0.0], "tonal.thpcp": [1.0, 0.9974040985107422, 0.3419707417488098, 0.1440322995185852, 0.16423703730106354, 0.13089825212955475, 0.1085231751203537, 0.09366486966609955, 0.04041070118546486, 0.059282589703798294, 0.09714572876691818, 0.08295615762472153, 0.1119294986128807, 0.20485346019268036, 0.4165647625923157, 0.9772301912307739, 0.9995628595352173, 0.4627153277397156, 0.20204178988933563, 0.08591561764478683, 0.06289740651845932, 0.12239950150251389, 0.12506309151649475, 0.08390004932880402, 0.2337319254875183, 0.3314583897590637, 0.20592057704925537, 0.11961740255355835, 0.09860996156930923, 0.09618203341960907, 0.1218569204211235, 0.13748373091220856, 0.1353946477174759, 0.12526646256446838, 0.22070790827274323, 0.43130654096603394], "lowlevel.gfcc.cov": [[3715.6708984375, -1359.2398681640625, 631.3596801757812, 9.868764877319336, -100.45909881591797, 399.3835754394531, -463.3236389160156, 140.05056762695312, -370.4159851074219, 189.76307678222656, -252.94667053222656, 294.10186767578125, -67.66686248779297], [-1359.2398681640625, 2278.603515625, 17.799457550048828, -34.4164924621582, 586.1149291992188, 19.6778507232666, 821.2725830078125, 27.8546085357666, 487.5601806640625, -94.96231079101562, 381.6134948730469, -182.81251525878906, 211.28176879882812], [631.3596801757812, 17.799457550048828, 1049.2308349609375, 221.4631805419922, 338.089599609375, 269.43365478515625, 171.0425567626953, 248.5140380859375, 79.54524993896484, 203.6853485107422, 136.0149383544922, 165.27699279785156, 159.9890899658203], [9.868764877319336, -34.4164924621582, 221.4631805419922, 345.90228271484375, 181.46510314941406, 82.43924713134766, 87.87240600585938, 119.14710235595703, 140.79318237304688, 76.04969024658203, 76.71068572998047, 28.729366302490234, 73.99436950683594], [-100.45909881591797, 586.1149291992188, 338.089599609375, 181.46510314941406, 581.3261108398438, 262.0011901855469, 433.4966735839844, 201.4739532470703, 306.8744201660156, 136.5762939453125, 206.03750610351562, 26.8968563079834, 131.79310607910156], [399.3835754394531, 19.6778507232666, 269.43365478515625, 82.43924713134766, 262.0011901855469, 350.2109375, 237.08164978027344, 149.14395141601562, 161.8979949951172, 144.2275848388672, 86.53351593017578, 63.44734191894531, 41.68488693237305], [-463.3236389160156, 821.2725830078125, 171.0425567626953, 87.87240600585938, 433.4966735839844, 237.08164978027344, 650.0018920898438, 155.2143096923828, 406.1900634765625, 97.40994262695312, 229.25209045410156, -20.982112884521484, 75.71822357177734], [140.05056762695312, 27.8546085357666, 248.5140380859375, 119.14710235595703, 201.4739532470703, 149.14395141601562, 155.2143096923828, 215.56045532226562, 122.90271759033203, 107.22935485839844, 83.62495422363281, 45.69081497192383, 66.25796508789062], [-370.4159851074219, 487.5601806640625, 79.54524993896484, 140.79318237304688, 306.8744201660156, 161.8979949951172, 406.1900634765625, 122.90271759033203, 374.1109924316406, 94.36759185791016, 174.5742645263672, -17.114501953125, 55.026981353759766], [189.76307678222656, -94.96231079101562, 203.6853485107422, 76.04969024658203, 136.5762939453125, 144.2275848388672, 97.40994262695312, 107.22935485839844, 94.36759185791016, 167.64865112304688, 75.53840637207031, 70.41677856445312, 38.38954162597656], [-252.94667053222656, 381.6134948730469, 136.0149383544922, 76.71068572998047, 206.03750610351562, 86.53351593017578, 229.25209045410156, 83.62495422363281, 174.5742645263672, 75.53840637207031, 209.7525634765625, 30.230504989624023, 108.3075942993164], [294.10186767578125, -182.81251525878906, 165.27699279785156, 28.729366302490234, 26.8968563079834, 63.44734191894531, -20.982112884521484, 45.69081497192383, -17.114501953125, 70.41677856445312, 30.230504989624023, 124.15389251708984, 37.293846130371094], [-67.66686248779297, 211.28176879882812, 159.9890899658203, 73.99436950683594, 131.79310607910156, 41.68488693237305, 75.71822357177734, 66.25796508789062, 55.026981353759766, 38.38954162597656, 108.3075942993164, 37.293846130371094, 159.28648376464844]], "lowlevel.gfcc.icov": [[0.0005780313513241708, -7.775021367706358e-05, -0.0001453670411137864, -4.9106506594398525e-06, 1.515379062766442e-05, -0.000956530449911952, 0.00048266854719258845, -0.00019681858248077333, 0.0002901381812989712, -1.3939965356257744e-05, 0.000608589209150523, -0.0008312853751704097, 0.00027113212854601443], [-7.775021367706358e-05, 0.0023308119270950556, -0.00037546208477579057, 0.0012799693504348397, -0.001398498541675508, 0.0014657630817964673, -0.0020667167846113443, 0.0012499055592343211, -0.0005057852249592543, 0.0021043934393674135, -0.0017871805466711521, 0.0022630314342677593, -0.0017532086931169033], [-0.0001453670411137864, -0.00037546208477579057, 0.002025930443778634, -0.0009214503807015717, -0.0002338588674319908, -0.0003272699541412294, -0.0003766506852116436, -0.0009582068305462599, 0.0014737109886482358, -0.0010946698021143675, 0.0002711077395360917, -0.0012951311655342579, -0.00044017619802616537], [-4.9106506594398525e-06, 0.0012799693504348397, -0.0009214503807015717, 0.005580013617873192, -0.0015673397574573755, 0.0011883015977218747, 0.0010410400573164225, -0.00047619547694921494, -0.003594445763155818, 0.0013637150404974818, -0.00045425008283928037, 0.0012844428420066833, -0.0017562168650329113], [1.515379062766442e-05, -0.001398498541675508, -0.0002338588674319908, -0.0015673397574573755, 0.006263406481593847, -0.0022327967453747988, -0.0007058601477183402, -0.0016243632417172194, -0.00021751200256403536, -0.0013700125273317099, 0.0005272614653222263, -0.00034947277163155377, -0.000633730087429285], [-0.000956530449911952, 0.0014657630817964673, -0.0003272699541412294, 0.0011883015977218747, -0.0022327967453747988, 0.008824330754578114, -0.00326284347102046, 6.292852049227804e-06, -0.0009446875192224979, -0.001781727303750813, -0.000228616307140328, 0.0011986242607235909, -0.0008567840559408069], [0.00048266854719258845, -0.0020667167846113443, -0.0003766506852116436, 0.0010410400573164225, -0.0007058601477183402, -0.00326284347102046, 0.009629148058593273, -0.001673403661698103, -0.005413043778389692, 0.0004098009376320988, -0.000520315021276474, -0.0015836006496101618, 0.0028935675509274006], [-0.00019681858248077333, 0.0012499055592343211, -0.0009582068305462599, -0.00047619547694921494, -0.0016243632417172194, 6.292852049227804e-06, -0.001673403661698103, 0.010428891517221928, -0.0008004666306078434, -0.001600525458343327, -0.00024779149680398405, 0.0014597093686461449, -0.0022691451013088226], [0.0002901381812989712, -0.0005057852249592543, 0.0014737109886482358, -0.003594445763155818, -0.00021751200256403536, -0.0009446875192224979, -0.005413043778389692, -0.0008004666306078434, 0.013102563098073006, -0.0032905919943004847, -0.0024304252583533525, 0.001011237152852118, 0.0019994573667645454], [-1.3939965356257744e-05, 0.0021043934393674135, -0.0010946698021143675, 0.0013637150404974818, -0.0013700125273317099, -0.001781727303750813, 0.0004098009376320988, -0.001600525458343327, -0.0032905919943004847, 0.01605735346674919, -0.0043192519806325436, -0.002531197154894471, 0.0005358585040085018], [0.000608589209150523, -0.0017871805466711521, 0.0002711077395360917, -0.00045425008283928037, 0.0005272614653222263, -0.000228616307140328, -0.000520315021276474, -0.00024779149680398405, -0.0024304252583533525, -0.0043192519806325436, 0.01600552909076214, -0.00448004063218832, -0.005411732476204634], [-0.0008312853751704097, 0.0022630314342677593, -0.0012951311655342579, 0.0012844428420066833, -0.00034947277163155377, 0.0011986242607235909, -0.0015836006496101618, 0.0014597093686461449, 0.001011237152852118, -0.002531197154894471, -0.00448004063218832, 0.017074406147003174, -0.0032203644514083862], [0.00027113212854601443, -0.0017532086931169033, -0.00044017619802616537, -0.0017562168650329113, -0.000633730087429285, -0.0008567840559408069, 0.0028935675509274006, -0.0022691451013088226, 0.0019994573667645454, 0.0005358585040085018, -0.005411732476204634, -0.0032203644514083862, 0.013907436281442642]], "lowlevel.mfcc.cov": [[3358.1494140625, -1204.739501953125, 332.8284606933594, -338.3609924316406, 209.31500244140625, 16.449512481689453, -66.36380004882812, -109.59735870361328, -71.5339126586914, -189.94766235351562, -109.81491088867188, -156.28807067871094, -87.95187377929688], [-1204.739501953125, 2007.9197998046875, -135.96249389648438, 201.4793701171875, -21.69864845275879, 240.9138641357422, 347.4876403808594, 290.4008483886719, 220.9117889404297, 261.0760498046875, 191.5321044921875, 232.6648406982422, 105.8351058959961], [332.8284606933594, -135.96249389648438, 658.3580932617188, 108.83912658691406, 215.84967041015625, 64.59822082519531, 151.5912322998047, 40.05137634277344, 78.15386199951172, 25.610380172729492, 58.02558517456055, 34.01747512817383, 29.777578353881836], [-338.3609924316406, 201.4793701171875, 108.83912658691406, 339.77618408203125, 137.25326538085938, 54.435546875, 84.12110900878906, 90.81156921386719, 98.31243133544922, 106.3117446899414, 70.13878631591797, 77.31129455566406, 62.596168518066406], [209.31500244140625, -21.69864845275879, 215.84967041015625, 137.25326538085938, 335.4880676269531, 92.15291595458984, 146.5669708251953, 65.61593627929688, 107.64901733398438, 83.99220275878906, 62.910491943359375, 54.45905685424805, 46.54103469848633], [16.449512481689453, 240.9138641357422, 64.59822082519531, 54.435546875, 92.15291595458984, 299.9044494628906, 146.17544555664062, 153.91409301757812, 146.39474487304688, 157.5409393310547, 152.6718292236328, 126.32637786865234, 99.9123306274414], [-66.36380004882812, 347.4876403808594, 151.5912322998047, 84.12110900878906, 146.5669708251953, 146.17544555664062, 261.17010498046875, 138.91612243652344, 138.8812713623047, 135.48739624023438, 111.98297882080078, 102.77098846435547, 79.00736236572266], [-109.59735870361328, 290.4008483886719, 40.05137634277344, 90.81156921386719, 65.61593627929688, 153.91409301757812, 138.91612243652344, 205.68617248535156, 150.07882690429688, 138.15902709960938, 123.31710052490234, 124.1009521484375, 89.71305084228516], [-71.5339126586914, 220.9117889404297, 78.15386199951172, 98.31243133544922, 107.64901733398438, 146.39474487304688, 138.8812713623047, 150.07882690429688, 199.28013610839844, 157.89918518066406, 118.50725555419922, 106.39808654785156, 86.6507568359375], [-189.94766235351562, 261.0760498046875, 25.610380172729492, 106.3117446899414, 83.99220275878906, 157.5409393310547, 135.48739624023438, 138.15902709960938, 157.89918518066406, 218.04861450195312, 147.36419677734375, 120.68045806884766, 95.38746643066406], [-109.81491088867188, 191.5321044921875, 58.02558517456055, 70.13878631591797, 62.910491943359375, 152.6718292236328, 111.98297882080078, 123.31710052490234, 118.50725555419922, 147.36419677734375, 172.1266632080078, 129.90736389160156, 88.98096466064453], [-156.28807067871094, 232.6648406982422, 34.01747512817383, 77.31129455566406, 54.45905685424805, 126.32637786865234, 102.77098846435547, 124.1009521484375, 106.39808654785156, 120.68045806884766, 129.90736389160156, 162.72413635253906, 97.55177307128906], [-87.95187377929688, 105.8351058959961, 29.777578353881836, 62.596168518066406, 46.54103469848633, 99.9123306274414, 79.00736236572266, 89.71305084228516, 86.6507568359375, 95.38746643066406, 88.98096466064453, 97.55177307128906, 118.4186019897461]], "lowlevel.mfcc.icov": [[0.0004995219642296433, 0.0002492281491868198, -0.00013589204172603786, 0.0005280191544443369, -0.0003904170880559832, -0.0003034156688954681, -1.152931508840993e-05, -0.00029325642390176654, -9.423277515452355e-05, 0.0002903822169173509, 0.00011886486026924103, 0.00015134284330997616, 0.00016367888019885868], [0.0002492281491868198, 0.0010759090073406696, 0.00031965438392944634, -0.00025484373327344656, 0.0005853908369317651, -0.0003047338977921754, -0.0015470277285203338, -0.0004066623514518142, -7.800354796927422e-05, -4.3336429371265694e-05, 0.0005210345843806863, -0.0009026663610711694, 0.0010892180725932121], [-0.00013589204172603786, 0.00031965438392944634, 0.002417172072455287, -0.0007566795684397221, -0.000509543577209115, 3.420739449211396e-05, -0.0017504189163446426, 0.0006541744223795831, -0.0007208447786979377, 0.0015734895132482052, -0.0012200885685160756, 7.951587031129748e-05, 0.00036048682522960007], [0.0005280191544443369, -0.00025484373327344656, -0.0007566795684397221, 0.005124299321323633, -0.002215198939666152, 0.0008241343311965466, 0.0015873556258156896, -0.0013927074614912271, 3.0596678698202595e-05, -0.0014682901091873646, 0.0006561551126651466, -0.00012489841901697218, -0.0009569951216690242], [-0.0003904170880559832, 0.0005853908369317651, -0.000509543577209115, -0.002215198939666152, 0.006174183450639248, -0.000546914990991354, -0.0031738467514514923, 0.0016580673400312662, -0.0017520644469186664, -0.00014963663124945015, 0.000824050628580153, -0.0008995720418170094, 0.0009066308266483247], [-0.0003034156688954681, -0.0003047338977921754, 3.420739449211396e-05, 0.0008241343311965466, -0.000546914990991354, 0.007628995925188065, -0.0003209916758351028, -0.00178458821028471, -0.0005791260045953095, -0.0010599432280287147, -0.003559485310688615, 0.0004663673462346196, -0.0014848802238702774], [-1.152931508840993e-05, -0.0015470277285203338, -0.0017504189163446426, 0.0015873556258156896, -0.0031738467514514923, -0.0003209916758351028, 0.01116960309445858, -0.002588066039606929, -0.0003488774236757308, -0.0018978555453941226, -0.00021341186948120594, 0.0009506716160103679, -0.0018369050230830908], [-0.00029325642390176654, -0.0004066623514518142, 0.0006541744223795831, -0.0013927074614912271, 0.0016580673400312662, -0.00178458821028471, -0.002588066039606929, 0.015800120308995247, -0.006873916834592819, 0.0012319993693381548, -0.001071394421160221, -0.004007221199572086, -0.0005283242207951844], [-9.423277515452355e-05, -7.800354796927422e-05, -0.0007208447786979377, 3.0596678698202595e-05, -0.0017520644469186664, -0.0005791260045953095, -0.0003488774236757308, -0.006873916834592819, 0.01778292842209339, -0.007572006434202194, 0.0010387679794803262, 0.0007130432641133666, -0.001498522935435176], [0.0002903822169173509, -4.3336429371265694e-05, 0.0015734895132482052, -0.0014682901091873646, -0.00014963663124945015, -0.0010599432280287147, -0.0018978555453941226, 0.0012319993693381548, -0.007572006434202194, 0.017960593104362488, -0.008770196698606014, 0.0014289894606918097, -0.0015930834924802184], [0.00011886486026924103, 0.0005210345843806863, -0.0012200885685160756, 0.0006561551126651466, 0.000824050628580153, -0.003559485310688615, -0.00021341186948120594, -0.001071394421160221, 0.0010387679794803262, -0.008770196698606014, 0.023913122713565826, -0.010765687562525272, 0.00042044545989483595], [0.00015134284330997616, -0.0009026663610711694, 7.951587031129748e-05, -0.00012489841901697218, -0.0008995720418170094, 0.0004663673462346196, 0.0009506716160103679,