{"song_id": "1183718215260577823", "download": "https://cdn.discordapp.com/attachments/1135903449314238464/1183718215260577823/chirp.mp4?ex=65895a7e&amp", "lyrics": "[Verse]\nBella e a Duda,na live da telinha,no celular da galera, todos na espera,da Duda e da Bella", "style": ["hip hop"], "essentia_features": {"lowlevel.average_loudness": 0.8840153813362122, "lowlevel.barkbands_crest.mean": 9.005568504333496, "lowlevel.barkbands_crest.stdev": 3.0577070713043213, "lowlevel.barkbands_flatness_db.mean": 0.1752382218837738, "lowlevel.barkbands_flatness_db.stdev": 0.06671213358640671, "lowlevel.barkbands_kurtosis.mean": 3.133779764175415, "lowlevel.barkbands_kurtosis.stdev": 3.5744810104370117, "lowlevel.barkbands_skewness.mean": 1.4291526079177856, "lowlevel.barkbands_skewness.stdev": 0.7493578195571899, "lowlevel.barkbands_spread.mean": 15.97247314453125, "lowlevel.barkbands_spread.stdev": 10.249624252319336, "lowlevel.dissonance.mean": 0.4358825087547302, "lowlevel.dissonance.stdev": 0.035215046256780624, "lowlevel.dynamic_complexity": 3.9956912994384766, "lowlevel.erbbands_crest.mean": 9.266661643981934, "lowlevel.erbbands_crest.stdev": 3.4463610649108887, "lowlevel.erbbands_flatness_db.mean": 0.21622256934642792, "lowlevel.erbbands_flatness_db.stdev": 0.0654730424284935, "lowlevel.erbbands_kurtosis.mean": 0.5348154306411743, "lowlevel.erbbands_kurtosis.stdev": 1.676750898361206, "lowlevel.erbbands_skewness.mean": 0.7921786308288574, "lowlevel.erbbands_skewness.stdev": 0.5785883665084839, "lowlevel.erbbands_spread.mean": 30.50400161743164, "lowlevel.erbbands_spread.stdev": 14.25714111328125, "lowlevel.hfc.mean": 16.553672790527344, "lowlevel.hfc.stdev": 18.384654998779297, "lowlevel.loudness_ebu128.integrated": -13.717742919921875, "lowlevel.loudness_ebu128.loudness_range": 9.722906112670898, "lowlevel.loudness_ebu128.momentary.mean": -15.58662223815918, "lowlevel.loudness_ebu128.momentary.stdev": 4.378664016723633, "lowlevel.loudness_ebu128.short_term.mean": -15.079550743103027, "lowlevel.loudness_ebu128.short_term.stdev": 3.7693071365356445, "lowlevel.melbands_crest.mean": 11.060446739196777, "lowlevel.melbands_crest.stdev": 3.969663381576538, "lowlevel.melbands_flatness_db.mean": 0.222959965467453, "lowlevel.melbands_flatness_db.stdev": 0.08616288006305695, "lowlevel.melbands_kurtosis.mean": 7.6657938957214355, "lowlevel.melbands_kurtosis.stdev": 7.464444160461426, "lowlevel.melbands_skewness.mean": 1.9792871475219727, "lowlevel.melbands_skewness.stdev": 0.9164204597473145, "lowlevel.melbands_spread.mean": 19.355417251586914, "lowlevel.melbands_spread.stdev": 18.02340316772461, "lowlevel.pitch_salience.mean": 0.6111224293708801, "lowlevel.pitch_salience.stdev": 0.0919467881321907, "lowlevel.silence_rate_20dB.mean": 1.0, "lowlevel.silence_rate_20dB.stdev": 0.0, "lowlevel.silence_rate_30dB.mean": 1.0, "lowlevel.silence_rate_30dB.stdev": 0.0, "lowlevel.silence_rate_60dB.mean": 0.13577799499034882, "lowlevel.silence_rate_60dB.stdev": 0.34254899621009827, "lowlevel.spectral_centroid.mean": 1119.0123291015625, "lowlevel.spectral_centroid.stdev": 630.7459106445312, "lowlevel.spectral_complexity.mean": 14.007928848266602, "lowlevel.spectral_complexity.stdev": 5.591120719909668, "lowlevel.spectral_decrease.mean": -4.335209524697348e-09, "lowlevel.spectral_decrease.stdev": 3.8653067413463305e-09, "lowlevel.spectral_energy.mean": 0.017863554880023003, "lowlevel.spectral_energy.stdev": 0.01587575115263462, "lowlevel.spectral_energyband_high.mean": 0.0007117047207430005, "lowlevel.spectral_energyband_high.stdev": 0.0014583374140784144, "lowlevel.spectral_energyband_low.mean": 0.0007423085044138134, "lowlevel.spectral_energyband_low.stdev": 0.0010138192446902394, "lowlevel.spectral_energyband_middle_high.mean": 0.004427218809723854, "lowlevel.spectral_energyband_middle_high.stdev": 0.005918515846133232, "lowlevel.spectral_energyband_middle_low.mean": 0.012248431332409382, "lowlevel.spectral_energyband_middle_low.stdev": 0.012079339474439621, "lowlevel.spectral_entropy.mean": 7.219979286193848, "lowlevel.spectral_entropy.stdev": 0.534695029258728, "lowlevel.spectral_flux.mean": 0.04700488597154617, "lowlevel.spectral_flux.stdev": 0.038537830114364624, "lowlevel.spectral_kurtosis.mean": 7.600261211395264, "lowlevel.spectral_kurtosis.stdev": 9.426607131958008, "lowlevel.spectral_rms.mean": 0.003755284007638693, "lowlevel.spectral_rms.stdev": 0.0018236461328342557, "lowlevel.spectral_rolloff.mean": 1394.5994873046875, "lowlevel.spectral_rolloff.stdev": 1850.7591552734375, "lowlevel.spectral_skewness.mean": 1.7446320056915283, "lowlevel.spectral_skewness.stdev": 0.8114624619483948, "lowlevel.spectral_spread.mean": 3927349.25, "lowlevel.spectral_spread.stdev": 2179979.75, "lowlevel.spectral_strongpeak.mean": 1.380297303199768, "lowlevel.spectral_strongpeak.stdev": 1.198789358139038, "lowlevel.zerocrossingrate.mean": 0.06072592735290527, "lowlevel.zerocrossingrate.stdev": 0.07663741707801819, "metadata.audio_properties.analysis.equal_loudness": 0.0, "metadata.audio_properties.analysis.length": 23.402652740478516, "metadata.audio_properties.analysis.sample_rate": 44100.0, "metadata.audio_properties.analysis.start_time": 0.0, "metadata.audio_properties.bit_rate": 112409.0, "metadata.audio_properties.length": 23.402666091918945, "metadata.audio_properties.lossless": 0.0, "metadata.audio_properties.number_channels": 1.0, "metadata.audio_properties.replay_gain": -14.688295364379883, "metadata.audio_properties.sample_rate": 48000.0, "rhythm.beats_count": 46.0, "rhythm.beats_loudness.mean": 0.020546354353427887, "rhythm.beats_loudness.stdev": 0.016604911535978317, "rhythm.bpm": 127.84870910644531, "rhythm.bpm_histogram_first_peak_bpm": 129.0, "rhythm.bpm_histogram_first_peak_weight": 0.4285714626312256, "rhythm.bpm_histogram_second_peak_bpm": 108.0, "rhythm.bpm_histogram_second_peak_spread": 0.4166666865348816, "rhythm.bpm_histogram_second_peak_weight": 0.15555556118488312, "rhythm.danceability": 0.9960136413574219, "rhythm.onset_rate": 3.1600537300109863, "tonal.chords_changes_rate": 0.019801979884505272, "tonal.chords_number_rate": 0.009900989942252636, "tonal.chords_strength.mean": 0.5604955554008484, "tonal.chords_strength.stdev": 0.08323755115270615, "tonal.hpcp_crest.mean": 17.82752799987793, "tonal.hpcp_crest.stdev": 6.516224384307861, "tonal.hpcp_entropy.mean": 1.3723903894424438, "tonal.hpcp_entropy.stdev": 0.5183280110359192, "tonal.key_edma.strength": 0.7675133943557739, "tonal.key_krumhansl.strength": 0.7612011432647705, "tonal.key_temperley.strength": 0.7476866245269775, "tonal.tuning_diatonic_strength": 0.6211428046226501, "tonal.tuning_equal_tempered_deviation": 0.026545993983745575, "tonal.tuning_frequency": 439.74591064453125, "tonal.tuning_nontempered_energy_ratio": 0.6005334854125977, "lowlevel.barkbands.mean": [5.4713324061594903e-05, 0.00037753384094685316, 0.00024727394338697195, 0.0002167334605474025, 0.0026832122821360826, 0.003366743912920356, 0.0020476605277508497, 0.0022711267229169607, 0.0012206734390929341, 0.0007750671938993037, 0.0014615415129810572, 0.0003308698651380837, 0.0003497333382256329, 0.0005304821534082294, 0.0003286533465143293, 0.00020357886387500912, 0.0001747572678141296, 0.0002307529648533091, 0.00012951357348356396, 0.0003824650775641203, 8.732511923881248e-05, 9.773849160410464e-05, 8.31543147796765e-05, 0.00011186745541635901, 6.587320240214467e-05, 3.401851427042857e-05, 4.936791242471372e-07], "lowlevel.barkbands.stdev": [0.00013471333659254014, 0.0007631495827808976, 0.0003525460488162935, 0.0004567192809190601, 0.004522108007222414, 0.004208667669445276, 0.002774186432361603, 0.006202623248100281, 0.0029711348470300436, 0.0026016742922365665, 0.0032502817921340466, 0.0006120089092291892, 0.0007462499779649079, 0.0011942873243242502, 0.001094510080292821, 0.0007988947327248752, 0.0005918937968090177, 0.0003898048307746649, 0.00019714137306436896, 0.0006974810967221856, 0.00019915445591323078, 0.00021832805941812694, 0.00022787855414208025, 0.0003883104072883725, 0.00029940070817247033, 0.00011806638212874532, 1.7853723193184123e-06], "lowlevel.erbbands.mean": [0.01737046055495739, 0.061391957104206085, 0.20258364081382751, 0.6213198304176331, 3.8098978996276855, 10.787262916564941, 10.251784324645996, 28.502849578857422, 42.167049407958984, 45.000587463378906, 33.19559860229492, 26.006797790527344, 33.79970169067383, 29.010929107666016, 50.14144515991211, 17.55201530456543, 16.08013153076172, 30.205394744873047, 18.453868865966797, 15.519148826599121, 8.908287048339844, 9.331329345703125, 12.927863121032715, 9.273239135742188, 7.118519306182861, 19.520851135253906, 7.23003625869751, 2.832528591156006, 3.67846941947937, 2.8362300395965576, 2.269163131713867, 2.419229030609131, 1.7344639301300049, 0.8432732224464417, 0.40415602922439575, 0.20395353436470032, 0.04974040389060974, 0.005623302422463894, 0.0001263598824152723, 2.72626548394328e-05], "lowlevel.erbbands.stdev": [0.04234962910413742, 0.0974760428071022, 0.25797736644744873, 0.8492805361747742, 8.663484573364258, 19.349191665649414, 26.300003051757812, 38.04100799560547, 47.36412048339844, 117.79137420654297, 68.21112823486328, 58.1102180480957, 83.57274627685547, 92.53317260742188, 112.5625, 29.14151954650879, 33.79414749145508, 56.513065338134766, 52.161346435546875, 59.23215103149414, 21.812570571899414, 27.280752182006836, 21.70880889892578, 12.461807250976562, 14.604561805725098, 36.99513626098633, 14.213147163391113, 5.902237415313721, 8.152389526367188, 6.953751564025879, 6.409948348999023, 6.818456172943115, 7.227905750274658, 3.8298280239105225, 1.7992388010025024, 0.7395693063735962, 0.16575133800506592, 0.021330058574676514, 0.00041592612979002297, 3.135955921607092e-05], "lowlevel.gfcc.mean": [-67.5595474243164, 123.69284057617188, -148.49191284179688, 10.857810974121094, -72.17343139648438, -14.098043441772461, -36.342742919921875, -6.03240966796875, -20.80961036682129, 4.3021626472473145, -4.7920660972595215, -1.0514153242111206, -7.266961574554443], "lowlevel.melbands.mean": [0.00012586446246132255, 9.777172817848623e-05, 0.00018846648163162172, 0.0005107608740217984, 0.00041260261787101626, 0.0007154781487770379, 0.0005947612808085978, 0.0005095797241665423, 0.0002442032564431429, 0.00016809366934467107, 0.00016443135973531753, 0.00010453060531290248, 0.000202737603103742, 5.0543032557470724e-05, 3.23533131449949e-05, 4.094371251994744e-05, 5.807555862702429e-05, 2.9044063921901397e-05, 2.208045953011606e-05, 2.0552926798700355e-05, 8.348460141860414e-06, 9.331269211543258e-06, 1.1288616406091023e-05, 1.2018043889838737e-05, 7.143358743633144e-06, 3.5913913052354474e-06, 7.868609827710316e-06, 1.4644692782894708e-05, 5.678505203832174e-06, 1.8827233816409716e-06, 1.46404818224255e-06, 1.9941360278608045e-06, 2.037038257185486e-06, 1.4604847820010036e-06, 1.2246052847331157e-06, 1.4293926824393566e-06, 1.5255076277753687e-06, 1.352938625132083e-06, 8.799260626801697e-07, 6.513971015920106e-07], "lowlevel.melbands.stdev": [0.0002788561105262488, 0.00011641850869636983, 0.0003366778255440295, 0.000880811654496938, 0.0009083476033993065, 0.0008949622279033065, 0.0006642542430199683, 0.0014317800523713231, 0.0004917067708447576, 0.00039612973341718316, 0.0004173387715127319, 0.00038508829311467707, 0.0004475683090277016, 0.00011358704068697989, 5.97264661337249e-05, 9.032386151375249e-05, 0.0001166749934782274, 8.843192335916683e-05, 8.14563172752969e-05, 9.032827074406669e-05, 2.2000273020239547e-05, 3.553160058800131e-05, 2.373820279899519e-05, 2.152420893253293e-05, 1.0929878044407815e-05, 8.463432095595635e-06, 1.5821080523892306e-05, 2.9636126782861538e-05, 1.223495837621158e-05, 5.113663064548746e-06, 3.203996357115102e-06, 4.3600794015219435e-06, 4.985296072845813e-06, 3.89174829251715e-06, 3.5687669424078194e-06, 3.837463282252429e-06, 4.575732418743428e-06, 5.625969606626313e-06, 4.243951025273418e-06, 2.9064658519928344e-06], "lowlevel.melbands128.mean": [3.986045339843258e-05, 0.00016149609291460365, 0.00015246993280015886, 7.832136179786175e-05, 7.213198114186525e-05, 0.00014141543942969292, 0.00010112556628882885, 0.0001261289435205981, 0.0004367396468296647, 0.0004333854012656957, 0.0006832106155343354, 0.0006043384782969952, 0.0003095460415352136, 0.00022816384444013238, 0.00029230612562969327, 0.0013931194553151727, 0.0012274077162146568, 0.00015919537690933794, 0.00018851307686418295, 0.0006097578443586826, 0.000667122018057853, 0.0002465597353875637, 0.00022767540940549225, 0.00015729598817415535, 0.00015883753076195717, 0.00014163651212584227, 0.00026514288038015366, 0.0001894840388558805, 5.406069976743311e-05, 8.342537330463529e-05, 7.052938599372283e-05, 0.0002371796581428498, 0.0002883800189010799, 0.00013939513883087784, 2.1557545551331714e-05, 4.482022995944135e-05, 5.6278411648236215e-05, 1.9558270651032217e-05, 2.7825986762763932e-05, 3.709777593030594e-05, 3.2038627978181466e-05, 6.804454460507259e-05, 6.04954911977984e-05, 6.402796134352684e-05, 2.1275500330375507e-05, 2.5043145797098987e-05, 3.264334372943267e-05, 2.3652070012758486e-05, 1.4201887097442523e-05, 2.3306754883378744e-05, 2.608332215459086e-05, 1.400936525897123e-05, 4.580738732329337e-06, 6.743714948242996e-06, 1.3180580026528332e-05, 7.692845429119188e-06, 7.658664799237158e-06, 1.2933250218338799e-05, 1.246671217813855e-05, 8.901935871108435e-06, 1.6683534340700135e-05, 8.687383342476096e-06, 9.293145922129042e-06, 7.088671281962888e-06, 2.0857523850281723e-06, 3.599738420234644e-06, 4.0523109419154935e-06, 5.184941073821392e-06, 6.250068054214353e-06, 1.6216308722505346e-05, 1.4413723874895368e-05, 1.6959163986030035e-05, 7.847264896554407e-06, 3.909451152139809e-06, 2.006270051424508e-06, 2.0964605482731713e-06, 1.7789357116271276e-06, 1.3098054978399887e-06, 1.4440512359215063e-06, 1.4510353594232583e-06, 1.8628519455887727e-06, 1.9912079096684465e-06, 2.903881750171422e-06, 1.970516223082086e-06, 1.471897689953039e-06, 1.473281258768111e-06, 1.4697017149956082e-06, 1.4060811963645392e-06, 1.0666479965948383e-06, 1.1748770702979527e-06, 1.5258952998919995e-06, 1.3782490668745595e-06, 1.5323627167163067e-06, 1.4668117955807247e-06, 1.5307423382182606e-06, 1.7117247352871345e-06, 1.263801209461235e-06, 9.723627272251179e-07, 9.169060035674192e-07, 8.264854614026262e-07, 6.884258141326427e-07, 6.442215862989542e-07, 5.747187969973311e-07, 4.7622461352148093e-07, 3.861244977088063e-07, 4.44844346247919e-07, 4.499245847000566e-07, 3.6865020547338645e-07, 3.9071059632078686e-07, 3.1640283282285964e-07, 2.574707593794301e-07, 1.8086544173456787e-07, 1.3173924173770502e-07, 1.011094354907982e-07, 1.0389713622771524e-07, 6.204523117503413e-08, 2.1022035667783712e-08, 6.734646174066938e-10, 5.9662487623957094e-12, 2.693838208056576e-12, 2.612149645891959e-12, 2.5451225328654292e-12, 2.4928323294481913e-12, 2.4447050286924288e-12, 2.3900378204322337e-12, 2.3309160591261646e-12, 2.2937574149090034e-12, 2.2781681055517033e-12], "lowlevel.melbands128.stdev": [0.00011354104208294302, 0.0004216372035443783, 0.00032582113635726273, 0.00010780714364955202, 9.204119123751298e-05, 0.00021323433611541986, 0.00015998574963305146, 0.0003194911405444145, 0.0011211639503017068, 0.001096581108868122, 0.0013391596730798483, 0.0014560198178514838, 0.0011805002577602863, 0.0007396558066830039, 0.0009579497273080051, 0.0017166147008538246, 0.001495745382271707, 0.0003239973448216915, 0.0006193997687660158, 0.0016421304317191243, 0.002450461033731699, 0.0006098151206970215, 0.0006774389185011387, 0.0005047309678047895, 0.0005516351666301489, 0.0005000593373551965, 0.0009366942686028779, 0.0006005970062687993, 0.0002258008171338588, 0.0006307231378741562, 0.0004587434814311564, 0.0006493690307252109, 0.000710711523424834, 0.0005888999439775944, 8.620318112662062e-05, 0.00010520972136873752, 0.00012040751607855782, 7.508245471399277e-05, 7.901581557234749e-05, 0.00013699375267606229, 0.00010235687659587711, 0.00020106608280912042, 0.0001667501637712121, 0.0001830188266467303, 0.00015567273658234626, 9.554732241667807e-05, 0.00016044201038312167, 0.0001366205542581156, 7.179352542152628e-05, 0.00016225465515162796, 0.00016767122724559158, 3.1350882636616006e-05, 9.788659554033075e-06, 2.148811108781956e-05, 8.256149158114567e-05, 3.7688998418161646e-05, 2.4423057766398415e-05, 3.6769586586160585e-05, 3.488608490442857e-05, 2.1682941223843955e-05, 3.8528953155037016e-05, 2.175645022362005e-05, 1.7344353182124905e-05, 1.3212501471571159e-05, 3.354587761350558e-06, 1.0034063052444253e-05, 1.1192945748916827e-05, 2.068955473077949e-05, 1.3614169802167453e-05, 4.126765998080373e-05, 3.6062701838091016e-05, 4.5289059926290065e-05, 1.9714889276656322e-05, 1.0589346857159398e-05, 6.638341346842935e-06, 7.834742973500397e-06, 4.221678864269052e-06, 3.1416955152963055e-06, 3.4479737678339006e-06, 3.4259453514096094e-06, 4.310163149057189e-06, 5.219087597652106e-06, 7.85677730164025e-06, 4.953682491759537e-06, 4.501008788793115e-06, 3.740843112609582e-06, 4.512554369284771e-06, 4.198085207463009e-06, 3.1545037018076982e-06, 4.122842710785335e-06, 4.922076186630875e-06, 3.518654693834833e-06, 4.273857939551817e-06, 4.713393082056427e-06, 4.856860869040247e-06, 7.6589940363192e-06, 5.636192327074241e-06, 4.727993200503988e-06, 4.533808805717854e-06, 4.6296254367916845e-06, 3.2236332572210813e-06, 2.743334334809333e-06, 2.9911338970123325e-06, 2.573575102360337e-06, 1.8265840253661736e-06, 2.0656668766605435e-06, 1.9831247755064396e-06, 1.705532667983789e-06, 1.3775007801086758e-06, 1.0112290738106822e-06, 8.614808280071884e-07, 5.791819148726063e-07, 4.934684056934202e-07, 4.1907432546395285e-07, 5.302547947394487e-07, 2.5112657908721303e-07, 7.584427663687165e-08, 5.272877690032374e-09, 7.117235273357281e-11, 4.793439083161655e-12, 4.661600532668286e-12, 4.547509504376768e-12, 4.451390211296369e-12, 4.370065073699969e-12, 4.301317548666139e-12, 4.247472165652688e-12, 4.2080267222133205e-12, 4.184008174645815e-12], "lowlevel.mfcc.mean": [-694.3167114257812, 149.9076385498047, -20.52515983581543, 14.509629249572754, -16.989484786987305, -9.553081512451172, -11.490503311157227, -13.54315185546875, -13.509784698486328, -3.2152116298675537, -4.075562953948975, 1.645438313484192, 1.6406450271606445], "lowlevel.spectral_contrast_coeffs.mean": [-0.6579611301422119, -0.6633177399635315, -0.7132018208503723, -0.7661095261573792, -0.777391254901886, -0.7257601618766785], "lowlevel.spectral_contrast_coeffs.stdev": [0.10799280554056168, 0.07270082831382751, 0.07189222425222397, 0.04976680129766464, 0.04730266332626343, 0.06584521383047104], "lowlevel.spectral_contrast_valleys.mean": [-7.768531322479248, -6.944552421569824, -7.977383613586426, -8.201189041137695, -8.247542381286621, -11.80415153503418], "lowlevel.spectral_contrast_valleys.stdev": [1.3078944683074951, 1.2793489694595337, 1.265273094177246, 1.2674154043197632, 1.4808064699172974, 2.3668270111083984], "rhythm.beats_loudness_band_ratio.mean": [0.09686200320720673, 0.44867047667503357, 0.433733731508255, 0.10358462482690811, 0.06403203308582306, 0.05198481306433678], "rhythm.beats_loudness_band_ratio.stdev": [0.06845718622207642, 0.18202359974384308, 0.1365533322095871, 0.0609234981238842, 0.07055944204330444, 0.08592003583908081], "tonal.hpcp.mean": [0.053856588900089264, 0.042871344834566116, 0.025736652314662933, 0.02118569053709507, 0.020161444321274757, 0.10796308517456055, 0.19688162207603455, 0.1122182309627533, 0.17798013985157013, 0.3688027560710907, 0.2109963744878769, 0.011163690127432346, 0.005880002863705158, 0.010693347081542015, 0.06547360122203827, 0.1431901603937149, 0.09187877178192139, 0.013551558367908001, 0.01217137835919857, 0.01771704852581024, 0.10052856057882309, 0.1390618085861206, 0.06549340486526489, 0.04114965349435806, 0.04098907485604286, 0.02496735379099846, 0.03884212300181389, 0.056528154760599136, 0.04204988852143288, 0.3749779760837555, 0.754582941532135, 0.4098346531391144, 0.02590390481054783, 0.01591373421251774, 0.020482612773776054, 0.03809855133295059], "tonal.hpcp.stdev": [0.1631467342376709, 0.13133513927459717, 0.07898462563753128, 0.07509484142065048, 0.10884953290224075, 0.18733081221580505, 0.29673781991004944, 0.1867772489786148, 0.20615984499454498, 0.38535276055336, 0.23583897948265076, 0.058859724551439285, 0.038223523646593094, 0.06380202621221542, 0.11212097853422165, 0.1943875402212143, 0.13527925312519073, 0.06547976285219193, 0.05753006041049957, 0.08916570991277695, 0.16116689145565033, 0.19817495346069336, 0.11466695368289948, 0.103794626891613, 0.12519057095050812, 0.09610036015510559, 0.09903494268655777, 0.1589573323726654, 0.11617878824472427, 0.20719869434833527, 0.3337198495864868, 0.21143338084220886, 0.09104469418525696, 0.07620054483413696, 0.1001553162932396, 0.12683209776878357], "rhythm.beats_position": [0.4876190423965454, 0.9752380847930908, 1.4512470960617065, 1.9272562265396118, 2.391655206680298, 2.8560543060302734, 3.320453405380249, 3.7964625358581543, 4.2724714279174805, 4.736870765686035, 5.201269626617432, 5.677278995513916, 6.153287887573242, 6.617686748504639, 7.082086086273193, 7.54648494720459, 8.010884284973145, 8.4752836227417, 8.939682006835938, 9.415691375732422, 9.891700744628906, 10.367709159851074, 10.832108497619629, 11.308117866516113, 11.772517204284668, 12.236915588378906, 12.701314926147461, 13.165714263916016, 13.641722679138184, 14.117732048034668, 14.605351448059082, 15.09296989440918, 15.580589294433594, 16.068208694458008, 16.637096405029297, 17.19437599182129, 17.75165557861328, 18.30893325805664, 18.866212844848633, 19.423492431640625, 19.969160079956055, 20.526439666748047, 21.07210922241211, 21.61777687072754, 22.17505645751953, 22.743946075439453], "rhythm.bpm_histogram": [0.0, 0.0, 0.0, 0.0, 0.0, 0.0, 0.0, 0.0, 0.0, 0.0, 0.0, 0.0, 0.0, 0.0, 0.0, 0.0, 0.0, 0.0, 0.0, 0.0, 0.0, 0.0, 0.0, 0.0, 0.0, 0.0, 0.0, 0.0, 0.0, 0.0, 0.0, 0.0, 0.0, 0.0, 0.0, 0.0, 0.0, 0.0, 0.0, 0.0, 0.0, 0.0, 0.0, 0.0, 0.0, 0.0, 0.0, 0.0, 0.0, 0.0, 0.0, 0.0, 0.0, 0.0, 0.0, 0.0, 0.0, 0.0, 0.0, 0.0, 0.0, 0.0, 0.0, 0.0, 0.0, 0.0, 0.0, 0.0, 0.0, 0.0, 0.0, 0.0, 0.0, 0.0, 0.0, 0.0, 0.0, 0.0, 0.0, 0.0, 0.0, 0.0, 0.0, 0.0, 0.0, 0.0, 0.0, 0.0, 0.0, 0.0, 0.0, 0.0, 0.0, 0.0, 0.0, 0.0, 0.0, 0.0, 0.0, 0.0, 0.0, 0.0, 0.0, 0.0, 0.0, 0.04444444552063942, 0.0, 0.0, 0.15555556118488312, 0.0, 0.06666667014360428, 0.0, 0.0, 0.0, 0.0, 0.0, 0.0, 0.0, 0.0, 0.0, 0.0, 0.0, 0.0, 0.1111111119389534, 0.0, 0.0, 0.2666666805744171, 0.0, 0.0, 0.35555556416511536, 0.0, 0.0, 0.0, 0.0, 0.0, 0.0, 0.0, 0.0, 0.0, 0.0, 0.0, 0.0, 0.0, 0.0, 0.0, 0.0, 0.0, 0.0, 0.0, 0.0, 0.0, 0.0, 0.0, 0.0, 0.0, 0.0, 0.0, 0.0, 0.0, 0.0, 0.0, 0.0, 0.0, 0.0, 0.0, 0.0, 0.0, 0.0, 0.0, 0.0, 0.0, 0.0, 0.0, 0.0, 0.0, 0.0, 0.0, 0.0, 0.0, 0.0, 0.0, 0.0, 0.0, 0.0, 0.0, 0.0, 0.0, 0.0, 0.0, 0.0, 0.0, 0.0, 0.0, 0.0, 0.0, 0.0, 0.0, 0.0, 0.0, 0.0, 0.0, 0.0, 0.0, 0.0, 0.0, 0.0, 0.0, 0.0, 0.0, 0.0, 0.0, 0.0, 0.0, 0.0, 0.0, 0.0, 0.0, 0.0, 0.0, 0.0, 0.0, 0.0, 0.0, 0.0, 0.0, 0.0, 0.0, 0.0, 0.0, 0.0, 0.0, 0.0, 0.0, 0.0, 0.0, 0.0, 0.0, 0.0, 0.0, 0.0, 0.0, 0.0, 0.0, 0.0, 0.0, 0.0, 0.0, 0.0, 0.0, 0.0], "tonal.chords_histogram": [49.70296859741211, 2.7722771167755127, 31.485149383544922, 0.0, 0.0, 0.0, 0.0, 0.0, 0.0, 0.0, 0.0, 0.0, 0.0, 0.0, 0.0, 0.0, 0.0, 11.683168411254883, 0.0, 0.0, 0.0, 0.0, 0.0, 4.356435775756836], "tonal.thpcp": [1.0, 0.5431273579597473, 0.03432876989245415, 0.021089443936944008, 0.027144283056259155, 0.05048954859375954, 0.07137265801429749, 0.05681462213397026, 0.03410712257027626, 0.02807602658867836, 0.026718659326434135, 0.14307649433612823, 0.26091447472572327, 0.1487155705690384, 0.23586557805538177, 0.4887504577636719, 0.27961984276771545, 0.014794517308473587, 0.0077923876233398914, 0.01417120173573494, 0.08676793426275253, 0.18976067006587982, 0.12176099419593811, 0.017959004268050194, 0.01612994074821472, 0.02347925864160061, 0.1332240104675293, 0.1842896193265915, 0.0867941752076149, 0.0545329749584198, 0.05432017147541046, 0.03308761864900589, 0.051474954932928085, 0.07491310685873032, 0.05572599917650223, 0.49693408608436584], "lowlevel.gfcc.cov": [[20199.7578125, -5000.4560546875, 525.1134033203125, 291.1416931152344, -2649.4560546875, 1643.5614013671875, -1942.9571533203125, 1105.3648681640625, -1432.9822998046875, 369.09234619140625, 35.62407302856445, 570.8778076171875, -126.34497833251953], [-5000.4560546875, 5746.96142578125, -1237.6885986328125, -14.510725021362305, 1706.5855712890625, -1358.96728515625, 1454.13330078125, -937.9136962890625, 1007.4378662109375, -350.59844970703125, 85.52767181396484, -601.3673706054688, 132.5015106201172], [525.1134033203125, -1237.6885986328125, 758.1134033203125, -44.74665451049805, -222.46121215820312, 402.1739501953125, -344.12823486328125, 327.70416259765625, -241.7306365966797, 155.7023162841797, -0.9234657883644104, 237.91490173339844, -47.7443733215332], [291.1416931152344, -14.510725021362305, -44.74665451049805, 498.5845031738281, -55.70742416381836, 177.0088653564453, 3.8092572689056396, 8.344425201416016, 74.82015991210938, -34.812618255615234, 74.30176544189453, -68.7350082397461, 53.58039093017578], [-2649.4560546875, 1706.5855712890625, -222.46121215820312, -55.70742416381836, 736.7324829101562, -402.3680114746094, 478.4648742675781, -240.93190002441406, 340.5640563964844, -63.378414154052734, 11.382230758666992, -151.29244995117188, 43.96083068847656], [1643.5614013671875, -1358.96728515625, 402.1739501953125, 177.0088653564453, -402.3680114746094, 586.739990234375, -327.8558044433594, 311.3008728027344, -230.16741943359375, 109.36682891845703, 53.19172668457031, 158.26658630371094, -17.806562423706055], [-1942.9571533203125, 1454.13330078125, -344.12823486328125, 3.8092572689056396, 478.4648742675781, -327.8558044433594, 548.0084228515625, -251.9962158203125, 281.94195556640625, -86.44242095947266, 28.4080810546875, -157.94174194335938, 25.373231887817383], [1105.3648681640625, -937.9136962890625, 327.70416259765625, 8.344425201416016, -240.93190002441406, 311.3008728027344, -251.9962158203125, 304.359375, -162.46018981933594, 105.66979217529297, 6.411289691925049, 116.23062896728516, 2.8115692138671875], [-1432.9822998046875, 1007.4378662109375, -241.7306365966797, 74.82015991210938, 340.5640563964844, -230.16741943359375, 281.94195556640625, -162.46018981933594, 345.1720275878906, -26.184783935546875, 13.079424858093262, -121.43708801269531, 33.73193359375], [369.09234619140625, -350.59844970703125, 155.7023162841797, -34.812618255615234, -63.378414154052734, 109.36682891845703, -86.44242095947266, 105.66979217529297, -26.184783935546875, 142.73741149902344, 26.359045028686523, 72.51497650146484, -6.19333553314209], [35.62407302856445, 85.52767181396484, -0.9234657883644104, 74.30176544189453, 11.382230758666992, 53.19172668457031, 28.4080810546875, 6.411289691925049, 13.079424858093262, 26.359045028686523, 107.11933135986328, 19.830568313598633, 27.745126724243164], [570.8778076171875, -601.3673706054688, 237.91490173339844, -68.7350082397461, -151.29244995117188, 158.26658630371094, -157.94174194335938, 116.23062896728516, -121.43708801269531, 72.51497650146484, 19.830568313598633, 174.7451171875, -6.17208194732666], [-126.34497833251953, 132.5015106201172, -47.7443733215332, 53.58039093017578, 43.96083068847656, -17.806562423706055, 25.373231887817383, 2.8115692138671875, 33.73193359375, -6.19333553314209, 27.745126724243164, -6.17208194732666, 98.96014404296875]], "lowlevel.gfcc.icov": [[0.00021451643260661513, -0.0005063466960564256, 0.000535745348315686, -0.00022320495918393135, 0.000781621434725821, -0.0003753062919713557, 0.0005641222232952714, -0.0006177736795507371, 0.0006977631710469723, -0.0006560247275047004, 0.0005957152461633086, -0.0006228494457900524, 0.0003045703051611781], [-0.0005063466960564256, 0.0027027735486626625, -0.0011236374266445637, 0.0006350663024932146, -0.003372660605236888, 0.001882956363260746, -0.002179437316954136, 0.0019681171979755163, -0.0023622510489076376, 0.002449682215228677, -0.0031199841760098934, 0.0024976301938295364, -0.0008223073673434556], [0.000535745348315686, -0.0011236374266445637, 0.0059993029572069645, -0.0012316141510382295, -0.0005645637284033, -0.0018296706257387996, 0.002538560424000025, -0.003907200880348682, 0.0029569866601377726, -0.0025385136250406504, 0.002649711212143302, -0.005298183765262365, 0.0028913053683936596], [-0.00022320495918393135, 0.0006350663024932146, -0.0012316141510382295, 0.004685790743678808, -0.00010148942965315655, -0.002365964697673917, -0.00029329239623621106, 0.002222873503342271, -0.0029341646004468203, 0.0024668017867952585, -0.002912762574851513, 0.003928424324840307, -0.002418943913653493], [0.000781621434725821, -0.003372660605236888, -0.0005645637284033, -0.00010148942965315655, 0.009756512939929962, -0.0008079722756519914, -4.5488603063859046e-05, -0.0022266381420195103, 0.000733294291421771, -0.00282856123521924, 0.003012646920979023, -0.0014878427609801292, -0.0004727202176582068], [-0.0003753062919713557, 0.001882956363260746, -0.0018296706257387996, -0.002365964697673917, -0.0008079722756519914, 0.008765039034187794, -0.0021448289044201374, -0.0030447160825133324, -0.0007008797256276011, 0.0015035081887617707, -0.003938065376132727, 0.00010096409096149728, 0.0014138547703623772], [0.0005641222232952714, -0.002179437316954136, 0.002538560424000025, -0.00029329239623621106, -4.5488603063859046e-05, -0.0021448289044201374, 0.00808382872492075, -0.0008388680289499462, 0.0012517232680693269, -0.0015043884050101042, 0.000830609817057848, -0.0016855545109137893, 0.0017485201824456453], [-0.0006177736795507371, 0.0019681171979755163, -0.003907200880348682, 0.002222873503342271, -0.0022266381420195103, -0.0030447160825133324, -0.0008388680289499462, 0.013980324380099773, -0.0019692278001457453, -0.0011297304881736636, -0.0008470584871247411, 0.004773643333464861, -0.005117607768625021], [0.0006977631710469723, -0.0023622510489076376, 0.0029569866601377726, -0.0029341646004468203, 0.000733294291421771, -0.0007008797256276011, 0.0012517232680693269, -0.0019692278001457453, 0.010708657093346119, -0.006016294006258249, 0.004117595497518778, -0.002370864851400256, 0.0010231663472950459], [-0.0006560247275047004, 0.002449682215228677, -0.0025385136250406504, 0.0024668017867952585, -0.00282856123521924, 0.0015035081887617707, -0.0015043884050101042, -0.0011297304881736636, -0.006016294006258249, 0.015341684222221375, -0.0066916546784341335, 0.0008002397953532636, 0.00020391189900692552], [0.0005957152461633086, -0.0031199841760098934, 0.002649711212143302, -0.002912762574851513, 0.003012646920979023, -0.003938065376132727, 0.000830609817057848, -0.0008470584871247411, 0.004117595497518778, -0.0066916546784341335, 0.017901994287967682, -0.006400034762918949, -0.001682943431660533], [-0.0006228494457900524, 0.0024976301938295364, -0.005298183765262365, 0.003928424324840307, -0.0014878427609801292, 0.00010096409096149728, -0.0016855545109137893, 0.004773643333464861, -0.002370864851400256, 0.0008002397953532636, -0.006400034762918949, 0.017635198310017586, -0.004094393458217382], [0.0003045703051611781, -0.0008223073673434556, 0.0028913053683936596, -0.002418943913653493, -0.0004727202176582068, 0.0014138547703623772, 0.0017485201824456453, -0.005117607768625021, 0.0010231663472950459, 0.00020391189900692552, -0.001682943431660533, -0.004094393458217382, 0.014341546222567558]], "lowlevel.mfcc.cov": [[12654.5185546875, -4234.16552734375, 1368.7474365234375, -884.2047729492188, -472.0793151855469, -253.3829803466797, -64.97666931152344, 177.64166259765625, -819.2125854492188, 31.183841705322266, -518.5653076171875, -105.00386810302734, -36.216278076171875], [-4234.16552734375, 4157.27197265625, -1303.22021484375, 778.5095825195312, 121.63914489746094, 163.20974731445312, 91.08707427978516, -151.42129516601562, 472.9516906738281, 39.34048080444336, 316.3306884765625, 36.35895538330078, -18.179946899414062], [1368.7474365234375, -1303.22021484375, 786.3375244140625, -328.7389831542969, 114.80123138427734, -64.39839935302734, 27.5590877532959, 91.9015121459961, -157.25970458984375, -27.86122703552246, -71.06599426269531, 23.85517692565918, 23.565031051635742], [-884.2047729492188, 778.5095825195312, -328.7389831542969, 447.556640625, 8.750704765319824, 140.9657440185547, 13.844009399414062, -20.2605037689209, 149.26853942871094, 7.056145668029785, 65.84777069091797, 28.339717864990234, 56.19883728027344], [-472.0793151855469, 121.63914489746094, 114.80123138427734, 8.750704765319824, 254.15699768066406, -11.423081398010254, 10.784650802612305, 0.4907153248786926, 73.2808609008789, 6.566180229187012, 9.881020545959473, 46.97277069091797, 26.201040267944336], [-253.3829803466797, 163.20974731445312, -64.39839935302734, 140.9657440185547, -11.423081398010254, 198.3188018798828, 29.3366641998291, 44.69981002807617, 32.04729080200195, 28.380966186523438, 65.95321655273438, 24.389524459838867, 18.047561645507812], [-64.97666931152344, 91.08707427978516, 27.5590877532959, 13.844009399414062, 10.784650802612305, 29.3366641998291, 166.67807006835938, 36.22767639160156, -1.0165414810180664, 0.8998642563819885, 15.167298316955566, 10.847394943237305, -4.205235004425049], [177.64166259765625, -151.42129516601562, 91.9015121459961, -20.2605037689209, 0.4907153248786926, 44.69981002807617, 36.22767639160156, 119.30912780761719, -19.228105545043945, 28.505523681640625, -0.9569297432899475, -7.433854103088379, -26.38920021057129], [-819.2125854492188, 472.9516906738281, -157.25970458984375, 149.26853942871094, 73.2808609008789, 32.04729080200195, -1.0165414810180664, -19.228105545043945, 204.04637145996094, 33.25322341918945, 43.453819274902344, 27.32599449157715, 14.515814781188965], [31.183841705322266, 39.34048080444336, -27.86122703552246, 7.056145668029785, 6.566180229187012, 28.380966186523438, 0.8998642563819885, 28.505523681640625, 33.25322341918945, 129.26971435546875, 31.882474899291992, -9.951991081237793, -21.328134536743164], [-518.5653076171875, 316.3306884765625, -71.06599426269531, 65.84777069091797, 9.881020545959473, 65.95321655273438, 15.167298316955566, -0.9569297432899475, 43.453819274902344, 31.882474899291992, 147.5068359375, 15.615677833557129, 10.77030086517334], [-105.00386810302734, 36.35895538330078, 23.85517692565918, 28.339717864990234, 46.97277069091797, 24.389524459838867, 10.847394943237305, -7.433854103088379, 27.32599449157715, -9.951991081237793, 15.615677833557129, 84.79778289794922, 49.18830490112305], [-36.216278076171875, -18.179946899414062, 23.565031051635742, 56.19883728027344, 26.201040267944336, 18.047561645507812, -4.205235004425049, -26.38920021057129, 14.515814781188965, -21.328134536743164, 10.77030086517334, 49.18830490112305, 130.65093994140625]], "lowlevel.mfcc.icov": [[0.00015263761451933533, 5.419554508989677e-05, -0.00015802006237208843, -6.535785360028967e-05, 0.00025980587815865874, 4.995197741664015e-05, 8.443804290436674e-06, 4.150141103309579e-05, 0.0003106523654423654, -0.0002849298471119255, 0.0003154758596792817, -0.00010972926247632131, -9.603797479940113e-06], [5.419554508989677e-05, 0.0008676602155901492, 0.0011729929829016328, -0.00046538375318050385, -0.0007267206674441695, 0.0003920192248187959, -0.0005343127413652837, 2.141537333955057e-05, -0.00020836245676036924, 0.00030866783345118165, -0.0009962872136384249, -5.194332334212959e-05, 0.0003783090505748987], [-0.00015802006237208843, 0.0011729929829016328, 0.004736455623060465, 0.0012026464100927114, -0.0029721984174102545, 0.0002517354441806674, -0.0008863576222211123, -0.0019601602107286453, 0.0004450161359272897, 0.001284172642044723, -0.001493616495281458, -0.00019504273950587958, -0.0007586104329675436], [-6.535785360028967e-05, -0.00046538375318050385, 0.0012026464100927114, 0.0055895354598760605, -0.00014970972551964223, -0.0031745934393256903, -6.5063813963206485e-06, -0.00028046907391399145, -0.0020840181969106197, 0.0009093612316064537, 0.0007756346603855491, 0.0008525653393007815, -0.002297341590747237], [0.00025980587815865874, -0.0007267206674441695, -0.0029721984174102545, -0.00014970972551964223, 0.0070712985470891, 0.0006355444202199578, 0.000370425870642066, 0.00039804886910133064, -0.0018417001701891422, -0.0011101331328973174, 0.0013480897760018706, -0.0023521992843598127, -4.4350959797156975e-05], [4.995197741664015e-05, 0.0003920192248187959, 0.0002517354441806674, -0.0031745934393256903, 0.0006355444202199578, 0.00929130706936121, -0.0004497814807109535, -0.0034528293181210756, 0.0008917144150473177, -0.0008124794694595039, -0.0031569984275847673, -0.0022743134759366512, 0.0001505147374700755], [8.443804290436674e-06, -0.0005343127413652837, -0.0008863576222211123, -6.5063813963206485e-06, 0.000370425870642066, -0.0004497814807109535, 0.006981494836509228, -0.0019618505612015724, 0.00042230007238686085, 0.00027174732531420887, 9.281098027713597e-05, -0.000909920665435493, 0.00023932078329380602], [4.150141103309579e-05, 2.141537333955057e-05, -0.0019601602107286453, -0.00028046907391399145, 0.00039804886910133064, -0.0034528293181210756, -0.0019618505612015724, 0.012956096790730953, 0.0002639865851961076, -0.0024167837109416723, 0.0012598929461091757, 0.0007125816191546619, 0.002643569838255644], [0.0003106523654423654, -0.00020836245676036924, 0.0004450161359272897, -0.0020840181969106197, -0.0018417001701891422, 0.0008917144150473177, 0.00042230007238686085, 0.0002639865851961076, 0.009641637094318867, -0.0025922879576683044, 0.00026005631661973894, -0.0019061394268646836, 0.00038815406151115894], [-0.0002849298471119255, 0.00030866783345118165, 0.001284172642044723, 0.0009093612316064537, -0.0011101331328973174, -0.0008124794694595039, 0.00027174732531420887, -0.0024167837109416723, -0.0025922879576683044, 0.01029854267835617, -0.0027403971180319786, 0.0015263393288478255, 0.000817110703792423], [0.0003154758596792817, -0.0009962872136384249, -0.001493616495281458, 0.0007756346603855491, 0.0013480897760018706, -0.0031569984275847673, 9.281098027713597e-05, 0.0012598929461091757, 0.00026005631661973894, -0.0027403971180319786, 0.010928850620985031, -0.0007152496837079525, -0.0008001066744327545], [-0.00010972926247632131, -5.194332334212959e-05, -0.00019504273950587958, 0.0008525653393007815, -0.0023521992843598127, -0.0022743134759366512, -0.000909920665435493, 0.0007125816191546619, -0.0019061394268646836, 0.0015263393288478255, -0.0007152496837079525, 0.017784230411052704, -0.005644283257424831], [-9.603797479940113e-06, 0.0003783090505748987, -0.0007586104329675436, -0.002297341590747237, -4.4350959797156975e-05, 0.0001505147374700755, 0.00023932078329380602, 0.002643569838255644, 0.00038815406151115894, 0.000817110703792423, -0.0008001066744327545, -0.005644283257424831, 0.011639957316219807]], "metadata.audio_properties.analysis.downmix": "mix", "metadata.audio_properties.codec": "mp3", "metadata.audio_properties.md5_encoded": "e3e1da3874ed4a04f19af127da263bea", "metadata.tags.file_name": "1183718215260577823.mp3", "metadata.version.essentia": "2.1-beta6-dev", "metadata.version.essentia_git_sha": "v2.1_beta5-1110-g77a6a954", "metadata.version.extractor": "music 2.0", "tonal.chords_key": "C", "tonal.chords_scale": "major", "tonal.key_edma.key": "C", "tonal.key_edma.scale": "major", "tonal.key_krumhansl.key": "C", "tonal.key_krumhansl.scale": "major", "tonal.key_temperley.key": "C", "tonal.key_temperley.scale": "major", "metadata.tags.encoding": ["Lavf58.45.100"]}, "essentia_models": [{"model_name": "genre_dortmund", "activations": {"alternative": "0.11460348", "blues": "0.021444362", "electronic": "0.3707138", "folkcountry": "0.19053514", "funksoulrnb": "0.031387176", "jazz": "0.13603005", "pop": "0.18119736", "raphiphop": "0.02910167", "rock": "0.20823714"}}, {"model_name": "genre_rosamerica", "activations": {"classic": "0.2632816", "dance": "0.4109848", "hip hop": "0.013455873", "jazz": "0.109759726", "pop": "0.12651633", "rhy