{"song_id": "1183690298132541550", "download": "https://cdn.discordapp.com/attachments/1135911532732108921/1183690298132541550/chirp.mp4?ex=6589407e&amp", "lyrics": "[verse]\nFier d'\u00eatre Mubembe, je le proclame haut et fort,\nMon c\u0153ur bat au rythme de ce nom si pr\u00e9cieux,\nUne identit\u00e9 qui me lie \u00e0 mes anc\u00eatres, \u00e0 mon sort,\nMubembe, un h\u00e9ritage qui rend ma vie si pr\u00e9cieuse.\n[chorus]\nDans les veines de ma lign\u00e9e, coule la force des a\u00een\u00e9s,\nLeurs histoires, leurs combats, leur courage sans fin,\nJe me sens port\u00e9 par leur \u00e9nergie, par leur \ndignit\u00e9,\nFier d'\u00eatre Mubembe, je suis le fruit de leur destin.", "style": ["Hymne national rapide"], "essentia_features": {"lowlevel.average_loudness": 0.6650450229644775, "lowlevel.barkbands_crest.mean": 12.978450775146484, "lowlevel.barkbands_crest.stdev": 3.60231876373291, "lowlevel.barkbands_flatness_db.mean": 0.3527941405773163, "lowlevel.barkbands_flatness_db.stdev": 0.03830711543560028, "lowlevel.barkbands_kurtosis.mean": 6.442173957824707, "lowlevel.barkbands_kurtosis.stdev": 7.560163497924805, "lowlevel.barkbands_skewness.mean": 1.3198096752166748, "lowlevel.barkbands_skewness.stdev": 1.2208284139633179, "lowlevel.barkbands_spread.mean": 3.997638702392578, "lowlevel.barkbands_spread.stdev": 2.9050588607788086, "lowlevel.dissonance.mean": 0.3638710081577301, "lowlevel.dissonance.stdev": 0.057552438229322433, "lowlevel.dynamic_complexity": 4.138741970062256, "lowlevel.erbbands_crest.mean": 13.934642791748047, "lowlevel.erbbands_crest.stdev": 4.703090190887451, "lowlevel.erbbands_flatness_db.mean": 0.35846585035324097, "lowlevel.erbbands_flatness_db.stdev": 0.04390251636505127, "lowlevel.erbbands_kurtosis.mean": 2.814512014389038, "lowlevel.erbbands_kurtosis.stdev": 3.3775644302368164, "lowlevel.erbbands_skewness.mean": 0.8795592188835144, "lowlevel.erbbands_skewness.stdev": 1.0351933240890503, "lowlevel.erbbands_spread.mean": 10.323295593261719, "lowlevel.erbbands_spread.stdev": 5.048274517059326, "lowlevel.hfc.mean": 8.25090217590332, "lowlevel.hfc.stdev": 11.127073287963867, "lowlevel.loudness_ebu128.integrated": -33.029624938964844, "lowlevel.loudness_ebu128.loudness_range": 7.784526824951172, "lowlevel.loudness_ebu128.momentary.mean": -34.81819152832031, "lowlevel.loudness_ebu128.momentary.stdev": 4.212457180023193, "lowlevel.loudness_ebu128.short_term.mean": -33.9376220703125, "lowlevel.loudness_ebu128.short_term.stdev": 2.886627674102783, "lowlevel.melbands_crest.mean": 14.901681900024414, "lowlevel.melbands_crest.stdev": 4.428889751434326, "lowlevel.melbands_flatness_db.mean": 0.4455427825450897, "lowlevel.melbands_flatness_db.stdev": 0.04598509520292282, "lowlevel.melbands_kurtosis.mean": 6.444223403930664, "lowlevel.melbands_kurtosis.stdev": 6.506896018981934, "lowlevel.melbands_skewness.mean": 1.411021113395691, "lowlevel.melbands_skewness.stdev": 1.086584210395813, "lowlevel.melbands_spread.mean": 6.21547794342041, "lowlevel.melbands_spread.stdev": 5.564106464385986, "lowlevel.pitch_salience.mean": 0.5380261540412903, "lowlevel.pitch_salience.stdev": 0.10574448853731155, "lowlevel.silence_rate_20dB.mean": 1.0, "lowlevel.silence_rate_20dB.stdev": 0.0, "lowlevel.silence_rate_30dB.mean": 0.9953650236129761, "lowlevel.silence_rate_30dB.stdev": 0.06792265921831131, "lowlevel.silence_rate_60dB.mean": 0.09559675306081772, "lowlevel.silence_rate_60dB.stdev": 0.2940386235713959, "lowlevel.spectral_centroid.mean": 438.52130126953125, "lowlevel.spectral_centroid.stdev": 193.8468017578125, "lowlevel.spectral_complexity.mean": 8.417728424072266, "lowlevel.spectral_complexity.stdev": 3.309964656829834, "lowlevel.spectral_decrease.mean": -5.151784332468878e-09, "lowlevel.spectral_decrease.stdev": 5.075726061676278e-09, "lowlevel.spectral_energy.mean": 0.020192405208945274, "lowlevel.spectral_energy.stdev": 0.019999638199806213, "lowlevel.spectral_energyband_high.mean": 7.500779588553996e-07, "lowlevel.spectral_energyband_high.stdev": 2.5438855573156616e-06, "lowlevel.spectral_energyband_low.mean": 0.0027082075830549, "lowlevel.spectral_energyband_low.stdev": 0.004835617728531361, "lowlevel.spectral_energyband_middle_high.mean": 0.0023577120155096054, "lowlevel.spectral_energyband_middle_high.stdev": 0.008066562004387379, "lowlevel.spectral_energyband_middle_low.mean": 0.015555614605545998, "lowlevel.spectral_energyband_middle_low.stdev": 0.01611483283340931, "lowlevel.spectral_entropy.mean": 5.603738784790039, "lowlevel.spectral_entropy.stdev": 0.30848246812820435, "lowlevel.spectral_flux.mean": 0.028331026434898376, "lowlevel.spectral_flux.stdev": 0.02500010095536709, "lowlevel.spectral_kurtosis.mean": 73.73262786865234, "lowlevel.spectral_kurtosis.stdev": 33.72920227050781, "lowlevel.spectral_rms.mean": 0.003966443240642548, "lowlevel.spectral_rms.stdev": 0.001991786528378725, "lowlevel.spectral_rolloff.mean": 562.6069946289062, "lowlevel.spectral_rolloff.stdev": 486.3070373535156, "lowlevel.spectral_skewness.mean": 6.094871520996094, "lowlevel.spectral_skewness.stdev": 1.7407450675964355, "lowlevel.spectral_spread.mean": 1127723.0, "lowlevel.spectral_spread.stdev": 529059.75, "lowlevel.spectral_strongpeak.mean": 1.2045884132385254, "lowlevel.spectral_strongpeak.stdev": 1.333882451057434, "lowlevel.zerocrossingrate.mean": 0.0214507095515728, "lowlevel.zerocrossingrate.stdev": 0.01870751567184925, "metadata.audio_properties.analysis.equal_loudness": 0.0, "metadata.audio_properties.analysis.length": 40.04265213012695, "metadata.audio_properties.analysis.sample_rate": 44100.0, "metadata.audio_properties.analysis.start_time": 0.0, "metadata.audio_properties.bit_rate": 91602.0, "metadata.audio_properties.length": 40.042667388916016, "metadata.audio_properties.lossless": 0.0, "metadata.audio_properties.number_channels": 1.0, "metadata.audio_properties.replay_gain": 4.408926010131836, "metadata.audio_properties.sample_rate": 48000.0, "rhythm.beats_count": 60.0, "rhythm.beats_loudness.mean": 0.029290325939655304, "rhythm.beats_loudness.stdev": 0.027897993102669716, "rhythm.bpm": 84.57357788085938, "rhythm.bpm_histogram_first_peak_bpm": 98.0, "rhythm.bpm_histogram_first_peak_weight": 0.4482758641242981, "rhythm.bpm_histogram_second_peak_bpm": 85.0, "rhythm.bpm_histogram_second_peak_spread": 0.550000011920929, "rhythm.bpm_histogram_second_peak_weight": 0.1525423675775528, "rhythm.danceability": 0.8775946497917175, "rhythm.onset_rate": 1.72265625, "tonal.chords_changes_rate": 0.032407406717538834, "tonal.chords_number_rate": 0.0069444444961845875, "tonal.chords_strength.mean": 0.5219720005989075, "tonal.chords_strength.stdev": 0.07608172297477722, "tonal.hpcp_crest.mean": 18.189985275268555, "tonal.hpcp_crest.stdev": 6.922730922698975, "tonal.hpcp_entropy.mean": 1.3763443231582642, "tonal.hpcp_entropy.stdev": 0.5234323143959045, "tonal.key_edma.strength": 0.8676661252975464, "tonal.key_krumhansl.strength": 0.8689826130867004, "tonal.key_temperley.strength": 0.8648964762687683, "tonal.tuning_diatonic_strength": 0.5463542938232422, "tonal.tuning_equal_tempered_deviation": 0.002567468909546733, "tonal.tuning_frequency": 442.80462646484375, "tonal.tuning_nontempered_energy_ratio": 0.5748096704483032, "lowlevel.barkbands.mean": [3.32878789777169e-06, 0.00040931659168563783, 0.0018771785544231534, 0.001061262795701623, 0.00424625538289547, 0.004995464347302914, 0.003604025347158313, 0.0013006646186113358, 0.0003241946396883577, 0.0009783533168956637, 8.873920160112903e-05, 0.0008851427701301873, 0.00022289928165264428, 8.972632349468768e-05, 4.733436435344629e-05, 3.873663081321865e-05, 1.0285287316946778e-05, 5.196783149585826e-06, 3.2889154226722894e-06, 5.957620601293456e-07, 2.0171992787254567e-07, 1.844297798925254e-07, 2.7313491912650534e-08, 1.0933116634248563e-08, 4.0261309841582715e-09, 1.4787729929466309e-09, 1.7453787304333446e-09], "lowlevel.barkbands.stdev": [6.312821369647281e-06, 0.0007656211964786053, 0.004088856279850006, 0.002886592410504818, 0.005916591268032789, 0.007742587942630053, 0.0066740261390805244, 0.002470941049978137, 0.0007265401072800159, 0.004351557698100805, 0.0003741678374353796, 0.006210093852132559, 0.001014098059386015, 0.0001722552697174251, 0.00024194263096433133, 0.00011205379996681586, 3.084388663410209e-05, 2.213690459029749e-05, 1.3480574125424027e-05, 2.15670797842904e-06, 5.499761073224363e-07, 8.625240184301219e-07, 7.583873440353273e-08, 6.738938740369349e-09, 4.228714711729253e-09, 1.2082415068448427e-09, 1.2788506920102805e-09], "lowlevel.erbbands.mean": [0.002310210606083274, 0.1646879017353058, 1.9788628816604614, 2.6704087257385254, 8.58084487915039, 15.991843223571777, 24.27964973449707, 45.291709899902344, 44.468994140625, 50.506263732910156, 22.729328155517578, 7.722249507904053, 19.342321395874023, 23.02988624572754, 14.263022422790527, 32.719337463378906, 13.513761520385742, 4.301844596862793, 4.157779693603516, 1.9721065759658813, 1.8324650526046753, 0.5867265462875366, 0.3106094300746918, 0.24700205028057098, 0.1243550181388855, 0.033001016825437546, 0.012595118023455143, 0.0066886721178889275, 0.008996590971946716, 0.0019396442221477628, 0.0006668050191365182, 0.000323058309732005, 0.00016868548118509352, 7.25014106137678e-05, 3.474600816844031e-05, 1.5624655134161003e-05, 8.75147361512063e-06, 2.1257135358609958e-06, 9.772786143003032e-06, 2.2582999008591287e-05], "lowlevel.erbbands.stdev": [0.0039987885393202305, 0.3164280652999878, 4.218777179718018, 4.941013813018799, 11.541450500488281, 27.45736312866211, 33.63666915893555, 70.84584045410156, 74.97737121582031, 135.5595245361328, 41.781715393066406, 12.636249542236328, 89.40447235107422, 79.51290130615234, 77.77404022216797, 262.03717041015625, 56.79372787475586, 7.857369422912598, 14.746894836425781, 6.445337772369385, 5.388137340545654, 1.6638379096984863, 1.1254844665527344, 1.19791579246521, 0.566249430179596, 0.13715900480747223, 0.040630973875522614, 0.0200937669724226, 0.04393891617655754, 0.006474407855421305, 0.001125630340538919, 0.0003585478407330811, 0.00011097940296167508, 6.14088712609373e-05, 2.55501399806235e-05, 1.2613192666321993e-05, 7.396736236842116e-06, 1.8729953126239707e-06, 9.661790500103962e-06, 2.251660953334067e-05], "lowlevel.gfcc.mean": [-192.8158721923828, 229.2212371826172, -117.05876159667969, -31.34859275817871, -40.24584197998047, -25.3409366607666, -32.276390075683594, -27.422229766845703, -10.637927055358887, -16.51165771484375, -4.418365478515625, -12.904855728149414, -4.296898365020752], "lowlevel.melbands.mean": [5.8248780987923965e-05, 0.0007112931925803423, 0.0006207023980095983, 0.0009983164491131902, 0.0008282153867185116, 0.0010066017275676131, 0.0006693667382933199, 0.000502522976603359, 0.00013946651597507298, 4.314936450100504e-05, 0.00010647396993590519, 0.00011073105270043015, 2.751617103058379e-05, 0.00011288561654509977, 4.196319423499517e-05, 1.861610871856101e-05, 6.996027877903543e-06, 6.9752077251905575e-06, 2.9449242902046535e-06, 2.3778500235493993e-06, 2.0742636479553767e-06, 4.7580201112396026e-07, 4.972165470462642e-07, 2.2460123716427915e-07, 2.012836830544984e-07, 9.573622605785204e-08, 4.690135924079186e-08, 1.810407290747662e-08, 7.71124497589426e-09, 5.326580510001122e-09, 3.234461587453552e-09, 5.87239235017023e-09, 2.0774710840498756e-09, 7.499437182367785e-10, 3.5297845202286737e-10, 2.8082236536164373e-10, 1.527559745362339e-10, 1.1621147794071973e-10, 7.192659662313972e-11, 4.515396737070354e-11], "lowlevel.melbands.stdev": [0.00010691133502405137, 0.0014463645638898015, 0.0009763406123965979, 0.0014380572829395533, 0.0011136048706248403, 0.0015650831628590822, 0.0011138867121189833, 0.001267877290956676, 0.0002658576413523406, 8.777178300078958e-05, 0.000514756771735847, 0.0004103239916730672, 0.00012511202658060938, 0.0007736774277873337, 0.0003049829101655632, 7.635974179720506e-05, 1.3262458196550142e-05, 2.2097981855040416e-05, 1.2288908692426048e-05, 8.357629667443689e-06, 6.605951966776047e-06, 1.5156808785832254e-06, 2.2987435386312427e-06, 1.223773665515182e-06, 1.0579693707768456e-06, 3.91219799666942e-07, 2.2427553858506144e-07, 9.753543395163433e-08, 2.513119667924002e-08, 1.6446490391786028e-08, 1.0027966901304808e-08, 3.0012603957629835e-08, 8.45265102356052e-09, 3.0836382336474344e-09, 4.93218077490809e-10, 6.391089879542733e-10, 1.0149676238357941e-10, 8.276242191573857e-11, 5.716825970947248e-11, 5.608278424995561e-11], "lowlevel.melbands128.mean": [1.421182446392777e-06, 1.933038220158778e-06, 1.4206557352736127e-05, 0.0002857694635167718, 0.0010227877646684647, 0.0007918986957520247, 0.00046294761705212295, 0.0005944196600466967, 0.0007127437856979668, 0.0014564902521669865, 0.0008184814942069352, 0.0004943956155329943, 0.0005141160218045115, 0.0016587713034823537, 0.0012856995454058051, 0.00043331377673894167, 0.0006331392796710134, 0.000808553013484925, 0.0005064142751507461, 0.0007485848036594689, 0.00031487029627896845, 0.00033996105776168406, 5.6542314268881455e-05, 3.8398571632569656e-05, 5.736637831432745e-05, 2.582779234217014e-05, 6.266927812248468e-05, 4.791071842191741e-05, 0.00024240140919573605, 0.00016558542847633362, 5.1930779591202736e-05, 1.2603601135197096e-05, 2.427128129056655e-05, 8.260204594989773e-06, 0.0001509265712229535, 0.0001318104041274637, 8.510509360348806e-05, 1.3421163203020114e-05, 4.383242048788816e-05, 3.494033444439992e-05, 4.68291273136856e-06, 8.16952706372831e-06, 8.485377293254714e-06, 3.3377468753315043e-06, 9.842251529335044e-06, 5.2413092817005236e-06, 9.427777513337787e-06, 7.036181273178954e-07, 9.776998695087968e-07, 4.594193342200015e-06, 1.643063001210976e-06, 1.2050087434545276e-06, 4.1263133425673004e-06, 1.2250292229509796e-06, 3.683523175368464e-07, 4.786163572134683e-07, 4.127463171244017e-07, 8.81101243521698e-07, 3.479099177639e-07, 5.8829886739886206e-08, 1.8023024495050777e-07, 4.382086160603649e-07, 2.7379246603231877e-07, 1.1264046406722628e-07, 7.652986511175186e-08, 8.584486010931869e-08, 1.434358409824199e-07, 6.767027826981575e-08, 1.9989167654443918e-08, 1.2748306410514942e-08, 2.6585412982171874e-08, 1.502646718165579e-08, 9.237970388653594e-09, 4.345702464547685e-09, 9.975226866743014e-09, 3.7110479134128127e-09, 5.8484186382656844e-09, 2.532676735000905e-09, 3.0767453029767466e-09, 2.8089308656831236e-09, 5.398310687354524e-09, 9.31510779622613e-09, 3.3602014504197086e-09, 9.225069597107449e-10, 9.49078704515216e-10, 9.415213053642901e-10, 6.637571603462789e-10, 3.347768173789234e-10, 3.6770159139720704e-10, 3.3491204254332274e-10, 3.2066835298216745e-10, 2.748293537191415e-10, 1.8071889817949938e-10, 1.5715571899388436e-10, 1.3132589460340682e-10, 1.190220005886644e-10, 1.1790833587266292e-10, 1.0730986932383502e-10, 7.79087211411067e-11, 5.002028652389967e-11, 4.1559793800827194e-11, 4.72025925291053e-11, 4.588185734122341e-11, 3.7228078259010644e-11, 2.7947580014120454e-11, 1.4386602152638428e-11, 1.0246378398526268e-11, 9.84795751890477e-12, 9.51499989909621e-12, 9.278655101196964e-12, 9.318898083754412e-12, 9.252632514333836e-12, 8.90456024887909e-12, 8.576469395782382e-12, 8.508855078859234e-12, 8.537975881850457e-12, 8.418561854572904e-12, 8.346283733584592e-12, 8.3573963721717e-12, 8.183264829653147e-12, 7.909372809478121e-12, 7.875686214298128e-12, 7.920880965017751e-12, 7.706898487447322e-12, 6.401192076399553e-12, 4.099567040005692e-12, 2.891130043702894e-12, 2.709117001911676e-12], "lowlevel.melbands128.stdev": [2.8469148674048483e-06, 4.993669335817685e-06, 3.566443774616346e-05, 0.0005399378133006394, 0.002234196988865733, 0.001707202522084117, 0.0009544767672196031, 0.0016529939603060484, 0.0011102333664894104, 0.0022462555207312107, 0.0018531037494540215, 0.0010377856669947505, 0.000879542320035398, 0.0030662184581160545, 0.0022039657924324274, 0.001231327303685248, 0.0013405317440629005, 0.0016239969991147518, 0.001167185720987618, 0.0026179084088653326, 0.0006393325747922063, 0.0007613624329678714, 0.00014384127280209213, 7.637953967787325e-05, 0.00012538270675577223, 8.866170537658036e-05, 0.00025821125018410385, 0.0002634555858094245, 0.001523458631709218, 0.0005782299558632076, 0.00021923368331044912, 5.919630348216742e-05, 0.00010997113713528961, 4.272942169336602e-05, 0.001170614268630743, 0.0009771068580448627, 0.0011811034055426717, 6.680005026282743e-05, 0.00022280338453128934, 0.00017396478506270796, 2.217382461822126e-05, 2.4093409592751414e-05, 1.8890648789238185e-05, 8.92134994501248e-06, 2.7117286663269624e-05, 1.8162663764087483e-05, 6.0077396483393386e-05, 2.5191352506226394e-06, 3.0613011858804384e-06, 2.2195050405571237e-05, 8.607973541074898e-06, 5.276554020383628e-06, 1.6401394532294944e-05, 3.3588196401979076e-06, 1.1630038443399826e-06, 2.0300703909015283e-06, 2.0521490569080925e-06, 4.69815859105438e-06, 1.7861625565274153e-06, 1.448468367470923e-07, 9.022721201290551e-07, 3.2558418752159923e-06, 1.197456413137843e-06, 9.987107887354796e-07, 2.3096005463685287e-07, 3.8042861660869676e-07, 9.973681471819873e-07, 3.4708020280049823e-07, 4.735109371267754e-08, 8.044870725143483e-08, 1.9522975946983934e-07, 5.724677620833063e-08, 3.313623508915953e-08, 1.1112504694210656e-08, 4.447038293164951e-08, 1.0459314303545852e-08, 2.7589047491005658e-08, 6.6685523769649535e-09, 8.007658536257622e-09, 1.4900089162495078e-08, 3.048512908776502e-08, 5.277219372601394e-08, 1.7887581194031554e-08, 2.706103563454576e-09, 2.72055977745822e-09, 5.060273089441125e-09, 3.0976854414888066e-09, 4.1322537058796627e-10, 5.930699265022099e-10, 4.497525407654024e-10, 7.912105970397931e-10, 8.858551114876434e-10, 1.450765757526895e-10, 1.2473337640539484e-10, 1.0455067367409754e-10, 1.083736086981979e-10, 1.0164160485492957e-10, 9.08691455414612e-11, 6.771826155382854e-11, 6.945904268418346e-11, 5.7107374384912646e-11, 6.96690205526096e-11, 6.344294534166295e-11, 4.9819173092435776e-11, 3.822986718859944e-11, 1.506138616602648e-11, 1.0644650959290569e-11, 8.892333050458667e-12, 8.518376108657133e-12, 8.103019123739674e-12, 7.7437743717379e-12, 7.485693488684664e-12, 7.290511944146871e-12, 6.968711632054925e-12, 6.8198051372814206e-12, 6.509946227917229e-12, 6.3136735423130474e-12, 6.0675869710535846e-12, 5.9637073925034034e-12, 5.782759254086001e-12, 5.663732937505328e-12, 5.549967603546424e-12, 5.4202311042250706e-12, 5.353861885076805e-12, 5.200160180934832e-12, 5.076454447777712e-12, 5.026324408768934e-12, 4.999628315516258e-12], "lowlevel.mfcc.mean": [-846.8831787109375, 273.2156677246094, -14.863292694091797, 2.7706573009490967, -1.7601566314697266, -4.027386665344238, -13.901017189025879, -12.785057067871094, -11.87829303741455, -10.37134075164795, -5.846148490905762, -6.7639479637146, -4.163110256195068], "lowlevel.spectral_contrast_coeffs.mean": [-0.5912635326385498, -0.6572719216346741, -0.6949527263641357, -0.7529047131538391, -0.8056849241256714, -0.808282732963562], "lowlevel.spectral_contrast_coeffs.stdev": [0.08658284693956375, 0.0733717828989029, 0.07608930766582489, 0.05420735105872154, 0.04237234592437744, 0.04165847972035408], "lowlevel.spectral_contrast_valleys.mean": [-7.649067401885986, -7.270787715911865, -8.643362998962402, -9.399147987365723, -10.616182327270508, -14.040596008300781], "lowlevel.spectral_contrast_valleys.stdev": [0.9453525543212891, 0.9784336090087891, 0.7633007764816284, 0.7075138688087463, 0.6060023307800293, 0.5052705407142639], "rhythm.beats_loudness_band_ratio.mean": [0.2185082584619522, 0.3992381691932678, 0.28408774733543396, 0.15131190419197083, 0.00996379740536213, 0.0001761133171385154], "rhythm.beats_loudness_band_ratio.stdev": [0.19953279197216034, 0.21307487785816193, 0.2122911810874939, 0.245542973279953, 0.01813528873026371, 0.00028858252335339785], "tonal.hpcp.mean": [0.45199066400527954, 0.16253872215747833, 0.0024752868339419365, 0.0019361028680577874, 0.003599433694034815, 0.10448422282934189, 0.17534969747066498, 0.07429016381502151, 0.005861690267920494, 0.006507232319563627, 0.0028946457896381617, 0.13357950747013092, 0.25485795736312866, 0.12512429058551788, 0.05023583769798279, 0.08994939923286438, 0.04294656962156296, 0.002152068540453911, 0.0029157523531466722, 0.002073836512863636, 0.18429595232009888, 0.40513837337493896, 0.22532150149345398, 0.005653664469718933, 0.002336931647732854, 0.0017811384750530124, 0.09591308981180191, 0.16821134090423584, 0.07509509474039078, 0.015183850191533566, 0.02566193789243698, 0.015659766271710396, 0.13477648794651031, 0.2276221513748169, 0.11286329478025436, 0.30750617384910583], "tonal.hpcp.stdev": [0.4072587490081787, 0.17192043364048004, 0.014800332486629486, 0.024612952023744583, 0.03058459609746933, 0.1820174753665924, 0.30084511637687683, 0.12849928438663483, 0.0637718215584755, 0.07071108371019363, 0.0344943106174469, 0.1857089400291443, 0.348756343126297, 0.17849360406398773, 0.128732830286026, 0.23723840713500977, 0.12229876965284348, 0.009178114123642445, 0.0070996955037117004, 0.0060090553015470505, 0.18799111247062683, 0.39258313179016113, 0.22991454601287842, 0.05113416537642479, 0.010249637067317963, 0.008388333022594452, 0.18719306588172913, 0.31735554337501526, 0.1501738727092743, 0.07526154816150665, 0.13889186084270477, 0.07621096819639206, 0.22580577433109283, 0.35852330923080444, 0.17808863520622253, 0.29674071073532104], "rhythm.beats_position": [0.6617686748504639, 1.3351473808288574, 2.0201361179351807, 2.670294761657715, 3.3088433742523193, 3.947392225265503, 4.597550868988037, 5.24770975112915, 6.0023579597473145, 6.757006645202637, 7.523265361785889, 8.277914047241211, 8.986122131347656, 9.682721138000488, 10.390929222106934, 11.099138259887695, 11.80734634399414, 12.515555381774902, 13.223763465881348, 13.943582534790039, 14.663400650024414, 15.336779594421387, 16.01015853881836, 16.695146560668945, 17.380136489868164, 18.07673454284668, 18.773332595825195, 19.458322525024414, 20.13170051574707, 20.781858444213867, 21.455238342285156, 22.117006301879883, 22.732336044311523, 23.34766387939453, 23.962993621826172, 24.58993148803711, 25.216869354248047, 25.820589065551758, 26.42430877685547, 27.062856674194336, 27.713014602661133, 28.351564407348633, 28.95528221130371, 29.559001922607422, 30.1627197265625, 30.77804946899414, 31.38176727294922, 31.98548698425293, 32.57759475708008, 33.16970443725586, 33.7850341796875, 34.41197204589844, 35.015689849853516, 35.631019592285156, 36.269569396972656, 36.8848991394043, 37.511837005615234, 38.12716293334961, 38.76571273803711, 39.40426254272461], "rhythm.bpm_histogram": [0.0, 0.0, 0.0, 0.0, 0.0, 0.0, 0.0, 0.0, 0.0, 0.0, 0.0, 0.0, 0.0, 0.0, 0.0, 0.0, 0.0, 0.0, 0.0, 0.0, 0.0, 0.0, 0.0, 0.0, 0.0, 0.0, 0.0, 0.0, 0.0, 0.0, 0.0, 0.0, 0.0, 0.0, 0.0, 0.0, 0.0, 0.0, 0.0, 0.0, 0.0, 0.0, 0.0, 0.0, 0.0, 0.0, 0.0, 0.0, 0.0, 0.0, 0.0, 0.0, 0.0, 0.0, 0.0, 0.0, 0.0, 0.0, 0.0, 0.0, 0.0, 0.0, 0.0, 0.0, 0.0, 0.0, 0.0, 0.0, 0.0, 0.0, 0.0, 0.0, 0.0, 0.0, 0.0, 0.0, 0.0, 0.0, 0.016949152573943138, 0.0, 0.050847455859184265, 0.0, 0.0, 0.033898305147886276, 0.0, 0.10169491171836853, 0.050847455859184265, 0.0, 0.06779661029577255, 0.08474576473236084, 0.0, 0.016949152573943138, 0.08474576473236084, 0.0, 0.11864406615495682, 0.0, 0.06779661029577255, 0.0, 0.1355932205915451, 0.1355932205915451, 0.0, 0.033898305147886276, 0.0, 0.0, 0.0, 0.0, 0.0, 0.0, 0.0, 0.0, 0.0, 0.0, 0.0, 0.0, 0.0, 0.0, 0.0, 0.0, 0.0, 0.0, 0.0, 0.0, 0.0, 0.0, 0.0, 0.0, 0.0, 0.0, 0.0, 0.0, 0.0, 0.0, 0.0, 0.0, 0.0, 0.0, 0.0, 0.0, 0.0, 0.0, 0.0, 0.0, 0.0, 0.0, 0.0, 0.0, 0.0, 0.0, 0.0, 0.0, 0.0, 0.0, 0.0, 0.0, 0.0, 0.0, 0.0, 0.0, 0.0, 0.0, 0.0, 0.0, 0.0, 0.0, 0.0, 0.0, 0.0, 0.0, 0.0, 0.0, 0.0, 0.0, 0.0, 0.0, 0.0, 0.0, 0.0, 0.0, 0.0, 0.0, 0.0, 0.0, 0.0, 0.0, 0.0, 0.0, 0.0, 0.0, 0.0, 0.0, 0.0, 0.0, 0.0, 0.0, 0.0, 0.0, 0.0, 0.0, 0.0, 0.0, 0.0, 0.0, 0.0, 0.0, 0.0, 0.0, 0.0, 0.0, 0.0, 0.0, 0.0, 0.0, 0.0, 0.0, 0.0, 0.0, 0.0, 0.0, 0.0, 0.0, 0.0, 0.0, 0.0, 0.0, 0.0, 0.0, 0.0, 0.0, 0.0, 0.0, 0.0, 0.0, 0.0, 0.0, 0.0, 0.0, 0.0, 0.0, 0.0, 0.0, 0.0, 0.0, 0.0, 0.0, 0.0, 0.0, 0.0, 0.0, 0.0, 0.0], "tonal.chords_histogram": [46.99074172973633, 23.95833396911621, 5.902777671813965, 0.0, 0.0, 0.0, 0.0, 0.0, 0.0, 0.0, 0.0, 0.0, 0.0, 0.0, 0.0, 0.0, 0.0, 1.6203703880310059, 0.0, 0.11574073880910873, 4.282407283782959, 0.0, 0.0, 17.129629135131836], "tonal.thpcp": [1.0, 0.35960638523101807, 0.005476411432027817, 0.0042835017666220665, 0.007963513024151325, 0.23116455972194672, 0.3879498243331909, 0.16436216235160828, 0.012968609109520912, 0.014396828599274158, 0.006404215935617685, 0.29553598165512085, 0.5638566613197327, 0.2768293619155884, 0.11114352941513062, 0.19900721311569214, 0.0950164943933487, 0.004761312156915665, 0.006450912915170193, 0.004588228650391102, 0.40774282813072205, 0.8963423371315002, 0.4985091984272003, 0.012508365325629711, 0.005170309450477362, 0.003940653055906296, 0.21220149099826813, 0.37215667963027954, 0.1661430150270462, 0.03359328210353851, 0.056775372475385666, 0.03464621677994728, 0.29818421602249146, 0.503599226474762, 0.24970270693302155, 0.6803374290466309], "lowlevel.gfcc.cov": [[4115.63720703125, 1010.3031616210938, -622.0560302734375, 1.5171796083450317, 281.7596740722656, -587.0150146484375, 58.45783233642578, -232.9085693359375, 153.8171844482422, 54.13743209838867, 122.88056182861328, 4.654603481292725, -85.28692626953125], [1010.3031616210938, 566.3744506835938, 179.84716796875, 38.31549072265625, 122.37825012207031, -129.15760803222656, -3.8404364585876465, -67.77449035644531, 40.55364227294922, -23.258155822753906, 5.233345985412598, -66.77448272705078, -35.1231689453125], [-622.0560302734375, 179.84716796875, 791.18310546875, 249.17176818847656, 10.192702293395996, 127.36944580078125, -84.79377746582031, 15.428394317626953, -64.5141830444336, -98.89517211914062, -99.89036560058594, -135.57273864746094, -1.873747706413269], [1.5171796083450317, 38.31549072265625, 249.17176818847656, 396.0827941894531, 128.2891845703125, 32.03251266479492, -31.548751831054688, -11.207446098327637, -25.41650390625, -51.045772552490234, -47.877323150634766, -54.58341598510742, -19.430870056152344], [281.7596740722656, 122.37825012207031, 10.192702293395996, 128.2891845703125, 229.1365966796875, 35.30277633666992, 43.18800735473633, -2.9421520233154297, 15.638489723205566, 16.500795364379883, 39.143959045410156, 46.81028366088867, -20.637529373168945], [-587.0150146484375, -129.15760803222656, 127.36944580078125, 32.03251266479492, 35.30277633666992, 346.6916198730469, 120.61441040039062, 104.95061492919922, -5.242063999176025, -38.94456481933594, -8.102255821228027, 29.03904914855957, 34.682655334472656], [58.45783233642578, -3.8404364585876465, -84.79377746582031, -31.548751831054688, 43.18800735473633, 120.61441040039062, 185.89404296875, 110.52558898925781, 46.280914306640625, 0.22085237503051758, 14.076757431030273, 49.1890869140625, 17.351530075073242], [-232.9085693359375, -67.77449035644531, 15.428394317626953, -11.207446098327637, -2.9421520233154297, 104.95061492919922, 110.52558898925781, 161.72048950195312, 63.32908248901367, 6.984185218811035, -8.871899604797363, 0.626286506652832, 12.531057357788086], [153.8171844482422, 40.55364227294922, -64.5141830444336, -25.41650390625, 15.638489723205566, -5.242063999176025, 46.280914306640625, 63.32908248901367, 108.55741882324219, 55.143333435058594, 32.535369873046875, 18.7572078704834, -16.69111442565918], [54.13743209838867, -23.258155822753906, -98.89517211914062, -51.045772552490234, 16.500795364379883, -38.94456481933594, 0.22085237503051758, 6.984185218811035, 55.143333435058594, 120.95632934570312, 80.99913024902344, 33.36205291748047, -28.157838821411133], [122.88056182861328, 5.233345985412598, -99.89036560058594, -47.877323150634766, 39.143959045410156, -8.102255821228027, 14.076757431030273, -8.871899604797363, 32.535369873046875, 80.99913024902344, 121.8470687866211, 86.49083709716797, -18.292192459106445], [4.654603481292725, -66.77448272705078, -135.57273864746094, -54.58341598510742, 46.81028366088867, 29.03904914855957, 49.1890869140625, 0.626286506652832, 18.7572078704834, 33.36205291748047, 86.49083709716797, 160.01788330078125, 31.061256408691406], [-85.28692626953125, -35.1231689453125, -1.873747706413269, -19.430870056152344, -20.637529373168945, 34.682655334472656, 17.351530075073242, 12.531057357788086, -16.69111442565918, -28.157838821411133, -18.292192459106445, 31.061256408691406, 72.27568054199219]], "lowlevel.gfcc.icov": [[0.0012180290650576353, -0.0022931743878871202, 0.0015608895337209105, -0.0009435386164113879, 0.00021030823700129986, 0.0007880748016759753, -0.0008158583077602088, 0.0007807905785739422, -0.00046571833081543446, 0.0005307976389303803, -0.000700446602422744, 0.0004558420041576028, -0.000421852309955284], [-0.0022931743878871202, 0.01192118413746357, -0.006416680756956339, 0.004926901776343584, -0.006150820292532444, 0.002916347933933139, -0.004766799509525299, 0.006527643650770187, -0.007853792048990726, 0.0067536113783717155, -0.006641877815127373, 0.007693322375416756, -0.003067545359954238], [0.0015608895337209105, -0.006416680756956339, 0.005838490091264248, -0.003602211829274893, 0.0028560662176460028, -0.002035265089944005, 0.0036056311801075935, -0.0036563780158758163, 0.0036903275176882744, -0.0018491542432457209, 0.0020956324879080057, -0.0019313704688102007, 0.0009592808200977743], [-0.0009435386164113879, 0.004926901776343584, -0.003602211829274893, 0.006478592753410339, -0.005447331350296736, 0.0012556974543258548, -0.0010539464419707656, 0.0023837268818169832, -0.003317433875054121, 0.0037442725151777267, -0.0018751490861177444, 0.003690379671752453, -0.0007569757290184498], [0.00021030823700129986, -0.006150820292532444, 0.0028560662176460028, -0.005447331350296736, 0.011791370809078217, -0.003470376366749406, 0.0019549306016415358, -0.003912505693733692, 0.005957035813480616, -0.006459107156842947, 0.005271187983453274, -0.008586390875279903, 0.004993374925106764], [0.0007880748016759753, 0.002916347933933139, -0.002035265089944005, 0.0012556974543258548, -0.003470376366749406, 0.008126640692353249, -0.006702853832393885, 0.002860007341951132, -0.0033437765669077635, 0.005515212193131447, -0.005981551017612219, 0.004595189355313778, -0.0032575407531112432], [-0.0008158583077602088, -0.004766799509525299, 0.0036056311801075935, -0.0010539464419707656, 0.0019549306016415358, -0.006702853832393885, 0.0196493249386549, -0.01494007557630539, 0.0066492860205471516, -0.004004254937171936, 0.007092109881341457, -0.009137586690485477, 0.003876056056469679], [0.0007807905785739422, 0.006527643650770187, -0.0036563780158758163, 0.0023837268818169832, -0.003912505693733692, 0.002860007341951132, -0.01494007557630539, 0.025364069268107414, -0.01721019670367241, 0.006857913453131914, -0.006970768328756094, 0.011156726628541946, -0.0065225111320614815], [-0.00046571833081543446, -0.007853792048990726, 0.0036903275176882744, -0.003317433875054121, 0.005957035813480616, -0.0033437765669077635, 0.0066492860205471516, -0.01721019670367241, 0.028364738449454308, -0.015636716037988663, 0.010660366155207157, -0.011706246994435787, 0.007718167267739773], [0.0005307976389303803, 0.0067536113783717155, -0.0018491542432457209, 0.0037442725151777267, -0.006459107156842947, 0.005515212193131447, -0.004004254937171936, 0.006857913453131914, -0.015636716037988663, 0.02976526878774166, -0.02311008609831333, 0.01339862123131752, -0.003473533084616065], [-0.000700446602422744, -0.006641877815127373, 0.0020956324879080057, -0.0018751490861177444, 0.005271187983453274, -0.005981551017612219, 0.007092109881341457, -0.006970768328756094, 0.010660366155207157, -0.02311008609831333, 0.03790288791060448, -0.023581488057971, 0.012563030235469341], [0.0004558420041576028, 0.007693322375416756, -0.0019313704688102007, 0.003690379671752453, -0.008586390875279903, 0.004595189355313778, -0.009137586690485477, 0.011156726628541946, -0.011706246994435787, 0.01339862123131752, -0.023581488057971, 0.027654262259602547, -0.014515220187604427], [-0.000421852309955284, -0.003067545359954238, 0.0009592808200977743, -0.0007569757290184498, 0.004993374925106764, -0.0032575407531112432, 0.003876056056469679, -0.0065225111320614815, 0.007718167267739773, -0.003473533084616065, 0.012563030235469341, -0.014515220187604427, 0.02470487728714943]], "lowlevel.mfcc.cov": [[3787.180908203125, 1000.2338256835938, -959.2130737304688, 488.39398193359375, -164.2115936279297, -51.666316986083984, -274.0224914550781, -165.5570831298828, -177.18362426757812, -60.8941650390625, 126.42391967773438, 10.917619705200195, 96.2107162475586], [1000.2338256835938, 667.780517578125, 9.901752471923828, 106.85604095458984, 39.4489860534668, -33.8533935546875, -46.57904052734375, -62.91501998901367, -41.68996047973633, 8.359233856201172, 19.527328491210938, 8.447117805480957, -21.23021697998047], [-959.2130737304688, 9.901752471923828, 685.7584228515625, 54.480308532714844, 143.8437042236328, 56.60628890991211, 76.37457275390625, 59.85987854003906, 58.143333435058594, 61.72922134399414, -46.5300178527832, -49.446617126464844, -141.77085876464844], [488.39398193359375, 106.85604095458984, 54.480308532714844, 409.83709716796875, 134.11854553222656, 29.40925407409668, -40.01350021362305, -43.081172943115234, -38.531822204589844, 20.59087371826172, 22.011138916015625, -57.312625885009766, -48.49689483642578], [-164.2115936279297, 39.4489860534668, 143.8437042236328, 134.11854553222656, 213.7504119873047, 89.29401397705078, 36.96526336669922, 16.13758659362793, -11.652523040771484, 2.7285609245300293, 12.401761054992676, -5.6990742683410645, -1.2916892766952515], [-51.666316986083984, -33.8533935546875, 56.60628890991211, 29.40925407409668, 89.29401397705078, 161.73716735839844, 80.48824310302734, 67.02743530273438, 17.610902786254883, -18.106191635131836, 3.738853931427002, 10.215518951416016, 23.46575927734375], [-274.0224914550781, -46.57904052734375, 76.37457275390625, -40.01350021362305, 36.96526336669922, 80.48824310302734, 151.03424072265625, 102.71714782714844, 62.119285583496094, 18.00141143798828, -16.025997161865234, 27.3834171295166, 25.250255584716797], [-165.5570831298828, -62.91501998901367, 59.85987854003906, -43.081172943115234, 16.13758659362793, 67.02743530273438, 102.71714782714844, 196.23655700683594, 119.07735443115234, 14.466282844543457, 0.5413029789924622, 14.298712730407715, 28.968164443969727], [-177.18362426757812, -41.68996047973633, 58.143333435058594, -38.531822204589844, -11.652523040771484, 17.610902786254883, 62.119285583496094, 119.07735443115234, 152.06362915039062, 69.00081634521484, -2.7687880992889404, -4.25813102722168, -6.9426679611206055], [-60.8941650390625, 8.359233856201172, 61.72922134399414, 20.59087371826172, 2.7285609245300293, -18.106191635131836, 18.00141143798828, 14.466282844543457, 69.00081634521484, 122.17869567871094, 41.03763198852539, -7.849969387054443, -28.872596740722656], [126.42391967773438, 19.527328491210938, -46.5300178527832, 22.011138916015625, 12.401761054992676, 3.738853931427002, -16.025997161865234, 0.5413029789924622, -2.7687880992889404, 41.03763198852539, 109.62996673583984, 59.40156173706055, 34.090457916259766], [10.917619705200195, 8.447117805480957, -49.446617126464844, -57.312625885009766, -5.6990742683410645, 10.215518951416016, 27.3834171295166, 14.298712730407715, -4.25813102722168, -7.849969387054443, 59.40156173706055, 139.71762084960938, 101.4227523803711], [96.2107162475586, -21.23021697998047, -141.77085876464844, -48.49689483642578, -1.2916892766952515, 23.46575927734375, 25.250255584716797, 28.968164443969727, -6.9426679611206055, -28.872596740722656, 34.090457916259766, 101.4227523803711, 168.5067901611328]], "lowlevel.mfcc.icov": [[0.011008220724761486, -0.015524711459875107, 0.015045746229588985, -0.013974687084555626, 0.015002279542386532, -0.015398826450109482, 0.015311401337385178, -0.013510574586689472, 0.011167128570377827, -0.009944792836904526, 0.006406151689589024, -0.005781714338809252, 0.0036230424884706736], [-0.015524711459875107, 0.023541267961263657, -0.02116287313401699, 0.019354471936821938, -0.02148766815662384, 0.02206924930214882, -0.021371250972151756, 0.01918136142194271, -0.01558592077344656, 0.013855512253940105, -0.008857966400682926, 0.007458509877324104, -0.004703177139163017], [0.015045746229588985, -0.02116287313401699, 0.023277591913938522, -0.018827401101589203, 0.018505917862057686, -0.021144859492778778, 0.021107766777276993, -0.01983162760734558, 0.016177812591195107, -0.015553905628621578, 0.011118046939373016, -0.010198884643614292, 0.008132418617606163], [-0.013974687084555626, 0.019354471936821938, -0.018827401101589203, 0.021515248343348503, -0.021448343992233276, 0.019280992448329926, -0.01844845712184906, 0.01701202243566513, -0.013418637216091156, 0.011724681593477726, -0.008807123638689518, 0.008780928328633308, -0.004287378862500191], [0.015002279542386532, -0.02148766815662384, 0.018505917862057686, -0.021448343992233276, 0.029859207570552826, -0.02469729818403721, 0.019914379343390465, -0.017732059583067894, 0.016028594225645065, -0.01317600067704916, 0.007130246143788099, -0.006412554997950792, 0.0026761353947222233], [-0.015398826450109482, 0.02206924930214882, -0.021144859492778778, 0.019280992448329926, -0.02469729818403721, 0.03386538103222847, -0.02764626033604145, 0.018593965098261833, -0.016714612022042274, 0.01874508522450924, -0.012875313870608807, 0.010622299276292324, -0.005892746150493622], [0.015311401337385178, -0.021371250972151756, 0.021107766777276993, -0.01844845712184906, 0.019914379343390465, -0.02764626033604145, 0.038606155663728714, -0.026887694373726845, 0.01948147639632225, -0.022123096510767937, 0.018163476139307022, -0.01476854644715786, 0.006080699618905783], [-0.013510574586689472, 0.01918136142194271, -0.01983162760734558, 0.01701202243566513, -0.017732059583067894, 0.018593965098261833, -0.026887694373726845, 0.035375457257032394, -0.029582619667053223, 0.023043017834424973, -0.016016513109207153, 0.012366916052997112, -0.007909731939435005], [0.011167128570377827, -0.01558592077344656, 0.016177812591195107, -0.013418637216091156, 0.016028594225645065, -0.016714612022042274, 0.01948147639632225, -0.029582619667053223, 0.036432042717933655, -0.02658052369952202, 0.015606594271957874, -0.00978271197527647, 0.005703614093363285], [-0.009944792836904526, 0.013855512253940105, -0.015553905628621578, 0.011724681593477726, -0.01317600067704916, 0.01874508522450924, -0.022123096510767937, 0.023043017834424973, -0.02658052369952202, 0.0337061770260334, -0.021176332607865334, 0.012416996993124485, -0.004154881928116083], [0.006406151689589024, -0.008857966400682926, 0.011118046939373016, -0.008807123638689518, 0.007130246143788099, -0.012875313870608807, 0.018163476139307022, -0.016016513109207153, 0.015606594271957874, -0.021176332607865334, 0.027937741950154305, -0.01687619462609291, 0.0054450687021017075], [-0.005781714338809252, 0.007458509877324104, -0.010198884643614292, 0.008780928328633308, -0.006412554997950792, 0.010622299276292324, -0.01476854644715786, 0.012366916052997112, -0.00978271197527647, 0.012416996993124485, -0.01687619462609291, 0.024770410731434822, -0.013024413026869297], [0.0036230424884706736, -0.004703177139163017, 0.008132418617606163, -0.004287378862500191, 0.0026761353947222233, -0.005892746150493622, 0.006080699618905783, -0.007909731939435005, 0.005703614093363285, -0.004154881928116083, 0.0054450687021017075, -0.013024413026869297, 0.01643197424709797]], "metadata.audio_properties.analysis.downmix": "mix", "metadata.audio_properties.codec": "mp3", "metadata.audio_properties.md5_encoded": "4fd7d00973eb4e035fe34b20c9a55938", "metadata.tags.file_name": "1183690298132541550.mp3", "metadata.version.essentia": "2.1-beta6-dev", "metadata.version.essentia_git_sha": "v2.1_beta5-1110-g77a6a954", "metadata.version.extractor": "music 2.0", "tonal.chords_key": "A", "tonal.chords_scale": "major", "tonal.key_edma.key": "A", 