{"song_id": "1183712272338657370", "download": "https://cdn.discordapp.com/attachments/1135903449314238464/1183712272338657370/chirp.mp4?ex=658954f6&amp", "lyrics": "[Verse]\nI'm craving something unique and bold\nA melody for my taste buds to behold\nSpices dancing on my tongue, so vibrant\nFood adventure, let my senses ignite\n\n[Chorus]\nOh, give me flavors that I've never known\nSavor each bite, make my heart and soul glow\nFood's the rhythm that runs through my veins\nWith every dish, satisfaction remains", "style": ["hip hop and pop"], "essentia_features": {"lowlevel.average_loudness": 0.9709745645523071, "lowlevel.barkbands_crest.mean": 11.42812442779541, "lowlevel.barkbands_crest.stdev": 4.029630184173584, "lowlevel.barkbands_flatness_db.mean": 0.15314380824565887, "lowlevel.barkbands_flatness_db.stdev": 0.04296519234776497, "lowlevel.barkbands_kurtosis.mean": 6.412837028503418, "lowlevel.barkbands_kurtosis.stdev": 12.676275253295898, "lowlevel.barkbands_skewness.mean": 2.09116268157959, "lowlevel.barkbands_skewness.stdev": 1.5042065382003784, "lowlevel.barkbands_spread.mean": 27.01121711730957, "lowlevel.barkbands_spread.stdev": 16.259166717529297, "lowlevel.dissonance.mean": 0.47413820028305054, "lowlevel.dissonance.stdev": 0.02349534071981907, "lowlevel.dynamic_complexity": 1.8713274002075195, "lowlevel.erbbands_crest.mean": 8.869376182556152, "lowlevel.erbbands_crest.stdev": 4.436781406402588, "lowlevel.erbbands_flatness_db.mean": 0.1297343671321869, "lowlevel.erbbands_flatness_db.stdev": 0.0401863157749176, "lowlevel.erbbands_kurtosis.mean": 0.7562050223350525, "lowlevel.erbbands_kurtosis.stdev": 2.1676113605499268, "lowlevel.erbbands_skewness.mean": -0.24855932593345642, "lowlevel.erbbands_skewness.stdev": 0.7383564710617065, "lowlevel.erbbands_spread.mean": 49.643733978271484, "lowlevel.erbbands_spread.stdev": 27.682294845581055, "lowlevel.hfc.mean": 30.914461135864258, "lowlevel.hfc.stdev": 19.456480026245117, "lowlevel.loudness_ebu128.integrated": -18.452726364135742, "lowlevel.loudness_ebu128.loudness_range": 2.6934661865234375, "lowlevel.loudness_ebu128.momentary.mean": -18.69795799255371, "lowlevel.loudness_ebu128.momentary.stdev": 1.5013654232025146, "lowlevel.loudness_ebu128.short_term.mean": -18.574312210083008, "lowlevel.loudness_ebu128.short_term.stdev": 1.0415700674057007, "lowlevel.melbands_crest.mean": 18.0543270111084, "lowlevel.melbands_crest.stdev": 5.660050392150879, "lowlevel.melbands_flatness_db.mean": 0.2260075807571411, "lowlevel.melbands_flatness_db.stdev": 0.05356339365243912, "lowlevel.melbands_kurtosis.mean": 29.049650192260742, "lowlevel.melbands_kurtosis.stdev": 41.437530517578125, "lowlevel.melbands_skewness.mean": 4.148824214935303, "lowlevel.melbands_skewness.stdev": 2.5170764923095703, "lowlevel.melbands_spread.mean": 20.00341033935547, "lowlevel.melbands_spread.stdev": 13.653409957885742, "lowlevel.pitch_salience.mean": 0.4603639245033264, "lowlevel.pitch_salience.stdev": 0.12341570109128952, "lowlevel.silence_rate_20dB.mean": 1.0, "lowlevel.silence_rate_20dB.stdev": 0.0, "lowlevel.silence_rate_30dB.mean": 0.8916569948196411, "lowlevel.silence_rate_30dB.stdev": 0.3108134865760803, "lowlevel.silence_rate_60dB.mean": 0.0011587485205382109, "lowlevel.silence_rate_60dB.stdev": 0.03402106463909149, "lowlevel.spectral_centroid.mean": 1477.29443359375, "lowlevel.spectral_centroid.stdev": 527.2713623046875, "lowlevel.spectral_complexity.mean": 21.6622257232666, "lowlevel.spectral_complexity.stdev": 9.104580879211426, "lowlevel.spectral_decrease.mean": -1.4245865820328163e-08, "lowlevel.spectral_decrease.stdev": 1.2623954326329567e-08, "lowlevel.spectral_energy.mean": 0.05657123029232025, "lowlevel.spectral_energy.stdev": 0.048259396106004715, "lowlevel.spectral_energyband_high.mean": 0.0012610420817509294, "lowlevel.spectral_energyband_high.stdev": 0.0015483768656849861, "lowlevel.spectral_energyband_low.mean": 0.03851579874753952, "lowlevel.spectral_energyband_low.stdev": 0.046369947493076324, "lowlevel.spectral_energyband_middle_high.mean": 0.008184504695236683, "lowlevel.spectral_energyband_middle_high.stdev": 0.008002066984772682, "lowlevel.spectral_energyband_middle_low.mean": 0.010463638231158257, "lowlevel.spectral_energyband_middle_low.stdev": 0.012803814373910427, "lowlevel.spectral_entropy.mean": 7.743040084838867, "lowlevel.spectral_entropy.stdev": 0.3397216498851776, "lowlevel.spectral_flux.mean": 0.11470895260572433, "lowlevel.spectral_flux.stdev": 0.08334631472826004, "lowlevel.spectral_kurtosis.mean": 3.7387607097625732, "lowlevel.spectral_kurtosis.stdev": 2.156163215637207, "lowlevel.spectral_rms.mean": 0.006991857197135687, "lowlevel.spectral_rms.stdev": 0.002511051017791033, "lowlevel.spectral_rolloff.mean": 1247.2523193359375, "lowlevel.spectral_rolloff.stdev": 1652.9945068359375, "lowlevel.spectral_skewness.mean": 1.4362602233886719, "lowlevel.spectral_skewness.stdev": 0.3750278055667877, "lowlevel.spectral_spread.mean": 5335421.5, "lowlevel.spectral_spread.stdev": 1994130.0, "lowlevel.spectral_strongpeak.mean": 0.7653919458389282, "lowlevel.spectral_strongpeak.stdev": 0.9416578412055969, "lowlevel.zerocrossingrate.mean": 0.05803276225924492, "lowlevel.zerocrossingrate.stdev": 0.03525637090206146, "metadata.audio_properties.analysis.equal_loudness": 0.0, "metadata.audio_properties.analysis.length": 40.04265213012695, "metadata.audio_properties.analysis.sample_rate": 44100.0, "metadata.audio_properties.analysis.start_time": 0.0, "metadata.audio_properties.bit_rate": 116508.0, "metadata.audio_properties.length": 40.042667388916016, "metadata.audio_properties.lossless": 0.0, "metadata.audio_properties.number_channels": 1.0, "metadata.audio_properties.replay_gain": -6.342390060424805, "metadata.audio_properties.sample_rate": 48000.0, "rhythm.beats_count": 94.0, "rhythm.beats_loudness.mean": 0.08122812956571579, "rhythm.beats_loudness.stdev": 0.048633188009262085, "rhythm.bpm": 141.79364013671875, "rhythm.bpm_histogram_first_peak_bpm": 144.0, "rhythm.bpm_histogram_first_peak_weight": 0.4772726893424988, "rhythm.bpm_histogram_second_peak_bpm": 133.0, "rhythm.bpm_histogram_second_peak_spread": 0.5, "rhythm.bpm_histogram_second_peak_weight": 0.02150537632405758, "rhythm.danceability": 1.3992853164672852, "rhythm.onset_rate": 3.1207542419433594, "tonal.chords_changes_rate": 0.061342593282461166, "tonal.chords_number_rate": 0.011574073694646358, "tonal.chords_strength.mean": 0.5222779512405396, "tonal.chords_strength.stdev": 0.07570628076791763, "tonal.hpcp_crest.mean": 12.45042610168457, "tonal.hpcp_crest.stdev": 5.692741394042969, "tonal.hpcp_entropy.mean": 2.1783993244171143, "tonal.hpcp_entropy.stdev": 0.7740984559059143, "tonal.key_edma.strength": 0.7289966344833374, "tonal.key_krumhansl.strength": 0.7376140356063843, "tonal.key_temperley.strength": 0.749472975730896, "tonal.tuning_diatonic_strength": 0.6498837471008301, "tonal.tuning_equal_tempered_deviation": 0.2889981269836426, "tonal.tuning_frequency": 434.193115234375, "tonal.tuning_nontempered_energy_ratio": 0.9497876763343811, "lowlevel.barkbands.mean": [0.0011177335400134325, 0.0229784082621336, 0.012676761485636234, 0.002773925196379423, 0.003631206229329109, 0.0009242055239155889, 0.0006556778680533171, 0.0005637158756144345, 0.001566111808642745, 0.0007191752083599567, 0.0008506351732648909, 0.0013462606584653258, 0.0010774651309475303, 0.001194608979858458, 0.0007482756045646966, 0.0006616708706133068, 0.0007245219312608242, 0.0003485349006950855, 0.0005977443070150912, 0.00025727329193614423, 0.00023203238379210234, 0.00018013626686297357, 0.00016273916116915643, 0.00019846876966767013, 0.00023009907454252243, 0.00015260526561178267, 1.2282218904147157e-06], "lowlevel.barkbands.stdev": [0.0026040924713015556, 0.03704918548464775, 0.014321430586278439, 0.003068279940634966, 0.008102567866444588, 0.0018708345014601946, 0.001813916489481926, 0.001500335638411343, 0.0028965617530047894, 0.0018129711970686913, 0.00248932302929461, 0.0031550806015729904, 0.002886056201532483, 0.002471339190378785, 0.0020640448201447725, 0.001244552549906075, 0.0008871338795870543, 0.0003643211966846138, 0.0005801103543490171, 0.00025397897115908563, 0.0002733763831201941, 0.0002527714241296053, 0.00021855923114344478, 0.0004190677427686751, 0.00046326371375471354, 0.0003194259770680219, 5.561224497796502e-06], "lowlevel.erbbands.mean": [0.5514822602272034, 5.485082626342773, 15.062478065490723, 12.46422290802002, 12.62448501586914, 9.102211952209473, 7.374218463897705, 8.626505851745605, 9.417251586914062, 10.246225357055664, 13.410688400268555, 26.599096298217773, 43.42660903930664, 20.3365478515625, 46.803951263427734, 48.01632308959961, 47.06293869018555, 66.87348937988281, 41.03749084472656, 33.32656478881836, 43.053714752197266, 40.5866813659668, 20.192337036132812, 27.956735610961914, 25.912586212158203, 11.928801536560059, 10.189580917358398, 7.87673282623291, 6.8680644035339355, 5.316723823547363, 4.4227614402771, 3.191390037536621, 4.023250102996826, 2.86026930809021, 1.458221673965454, 0.674390435218811, 0.29257798194885254, 0.0325392447412014, 0.0006330956239253283, 9.129851969191805e-05], "lowlevel.erbbands.stdev": [1.1452676057815552, 8.542381286621094, 17.67084312438965, 12.42001724243164, 23.40085220336914, 25.265478134155273, 17.92144775390625, 16.27996826171875, 21.843219757080078, 31.360408782958984, 31.947402954101562, 49.93003463745117, 88.8314437866211, 45.81019592285156, 102.27873992919922, 108.54850006103516, 123.2754898071289, 136.092041015625, 88.88495635986328, 82.21200561523438, 74.12303161621094, 49.192176818847656, 18.61667251586914, 27.195913314819336, 26.637365341186523, 11.358976364135742, 12.474286079406738, 9.568229675292969, 9.751514434814453, 6.695111274719238, 6.230892658233643, 6.365603446960449, 8.657097816467285, 5.997976779937744, 2.9652416706085205, 1.4387933015823364, 0.6120750904083252, 0.07085481286048889, 0.0013082893565297127, 7.206058944575489e-05], "lowlevel.gfcc.mean": [41.38334655761719, 72.81600952148438, -98.03795623779297, 51.26336669921875, -33.42716979980469, 28.29826545715332, -35.51207733154297, 20.047443389892578, -28.422794342041016, 4.15061092376709, -21.281723022460938, -0.10105758160352707, -15.195393562316895], "lowlevel.melbands.mean": [0.005697641987353563, 0.00761060044169426, 0.0021597191225737333, 0.0008335518068633974, 0.0002699741453398019, 0.0001900679199025035, 0.0001382642367389053, 0.00011716820154106244, 0.00010813396511366591, 0.00020128543837927282, 0.0002155945257982239, 7.37928130547516e-05, 0.00013741724251303822, 0.00017714987916406244, 9.46090294746682e-05, 0.00011747010285034776, 0.00011965857993345708, 6.36006734566763e-05, 5.8915775298373774e-05, 3.47174791386351e-05, 5.451592733152211e-05, 4.47877318947576e-05, 2.5613564503146335e-05, 1.4979664229031187e-05, 2.3497330403188244e-05, 2.2456248188973404e-05, 1.3154987755115144e-05, 6.5478043325128965e-06, 6.249131274671527e-06, 5.965679974906379e-06, 4.066062956553651e-06, 3.984970589954173e-06, 3.211515831935685e-06, 2.9162004011595855e-06, 2.61345144281222e-06, 2.069646370728151e-06, 1.9793917545030126e-06, 2.919777671195334e-06, 2.6986747343471507e-06, 2.325381274204119e-06], "lowlevel.melbands.stdev": [0.01011116337031126, 0.009106012061238289, 0.002021612599492073, 0.0018701041117310524, 0.0006970755057409406, 0.00035565957659855485, 0.0003338462265674025, 0.000332624331349507, 0.00024494368699379265, 0.0003752204938791692, 0.0004436354211065918, 0.00018597804591991007, 0.0003604558587539941, 0.0004101636295672506, 0.00028943203506059945, 0.00027572130784392357, 0.0002515260421205312, 0.00015183193318080157, 0.00017841790395323187, 7.467420800821856e-05, 9.447156480746344e-05, 6.086797657189891e-05, 2.9373151846812107e-05, 1.5682922821724787e-05, 2.4470718926750124e-05, 2.5057981474674307e-05, 1.2797311683243606e-05, 7.053789886413142e-06, 8.268183592008427e-06, 7.012692549324129e-06, 5.427345058706123e-06, 6.280756679188926e-06, 4.183600594842574e-06, 3.7784761843795422e-06, 3.560680397640681e-06, 3.72102272194752e-06, 4.4724788494932e-06, 6.5566318880883045e-06, 5.659233465848956e-06, 5.064201559434878e-06], "lowlevel.melbands128.mean": [0.0009899291908368468, 0.0039308154955506325, 0.007278543431311846, 0.009813387878239155, 0.008773775771260262, 0.005635614041239023, 0.0025977164041250944, 0.001107315649278462, 0.0013942698715254664, 0.001003510202281177, 0.0003437081759329885, 0.0003275218477938324, 0.00025197246577590704, 0.00018369728059042245, 0.0002074648509733379, 0.00017639879661146551, 0.00017764790391083807, 0.00012300927483011037, 9.799988765735179e-05, 0.00011586290929699317, 0.00012171346315881237, 0.00014388692216016352, 8.006092684809119e-05, 0.00010888317046919838, 0.00013090060383547097, 0.000208393728826195, 0.00044172912021167576, 0.0001714724930934608, 0.00010799645679071546, 5.5180396884679794e-05, 5.696697553503327e-05, 0.00011447592260083184, 0.00014489798923023045, 0.00012699778017122298, 0.00024689603014849126, 0.00018794575589708984, 6.79678050801158e-05, 8.789412095211446e-05, 0.00012099850573576987, 8.345751120941713e-05, 8.428174623986706e-05, 0.00022450662800110877, 0.00012863434676546603, 6.652690353803337e-05, 7.333209941862151e-05, 5.548657281906344e-05, 5.9911038988502696e-05, 7.733453094260767e-05, 5.047632657806389e-05, 3.2362364436266944e-05, 2.9080196327413432e-05, 3.668866338557564e-05, 6.327862502075732e-05, 5.462628905661404e-05, 5.200081432121806e-05, 4.518189962254837e-05, 3.887046477757394e-05, 3.298481897218153e-05, 1.9854838683386333e-05, 1.2415821402100846e-05, 1.3069384294794872e-05, 1.7953205315279774e-05, 2.0744662833749317e-05, 2.710924127313774e-05, 2.4720047804294154e-05, 2.355330616410356e-05, 2.093936927849427e-05, 1.5193928447843064e-05, 1.254883136425633e-05, 8.503836397721898e-06, 5.6725220929365605e-06, 6.18111062067328e-06, 5.704792329197517e-06, 6.755426966265077e-06, 6.1108403315301985e-06, 6.3353663790621795e-06, 6.291156751103699e-06, 3.82657799491426e-06, 4.017440005554818e-06, 3.6594860830518883e-06, 4.08083133152104e-06, 4.266085397830466e-06, 3.6388521493790904e-06, 3.1093097732082242e-06, 2.755577270363574e-06, 2.9024465675320243e-06, 2.9688317226828076e-06, 2.975179768327507e-06, 2.4363621378142852e-06, 2.570280230429489e-06, 2.452372882544296e-06, 2.012924596783705e-06, 1.2382847671688069e-06, 1.6486834510942572e-06, 2.624918124638498e-06, 2.9844877644791268e-06, 3.003174469995429e-06, 2.7917624265683116e-06, 2.699151991691906e-06, 2.8225290407135617e-06, 2.2678107143292436e-06, 2.6558734589343658e-06, 1.6410053831350524e-06, 2.0340580704214517e-06, 1.4481782955044764e-06, 1.6626161141175544e-06, 1.2249663541297195e-06, 1.3026034366703243e-06, 1.1939008572880994e-06, 9.090539379030815e-07, 1.0296470236426103e-06, 1.2110239140383783e-06, 9.267557743442012e-07, 8.808107168079005e-07, 6.304848056970513e-07, 3.591973438688001e-07, 5.9149769526811724e-08, 2.069351356936977e-10, 9.487553971621043e-12, 9.138925727292246e-12, 8.86073939915244e-12, 8.666722721428766e-12, 8.465429746085107e-12, 8.298174647425327e-12, 8.058207746908241e-12, 7.767971162142562e-12, 7.594210850447869e-12, 7.535600615726779e-12], "lowlevel.melbands128.stdev": [0.002341309329494834, 0.009313620626926422, 0.015424485318362713, 0.015021350234746933, 0.011339537799358368, 0.006316750310361385, 0.0028718067333102226, 0.0014508545864373446, 0.0029269708320498466, 0.0024607880041003227, 0.0013463455252349377, 0.0009342717821709812, 0.0006569309043698013, 0.0004992107860744, 0.00044291705125942826, 0.0003742312255781144, 0.0003941210452467203, 0.00040847330819815397, 0.0004280399589333683, 0.00045958359260112047, 0.00036309772985987365, 0.0004624690627679229, 0.0002681933983694762, 0.00031689542811363935, 0.00043538896716199815, 0.0005068681202828884, 0.0010840778704732656, 0.0005107668694108725, 0.0003792584175243974, 0.00023804896045476198, 0.00020297993614804, 0.00046373828081414104, 0.0005717321764677763, 0.0004303611640352756, 0.0007077393238432705, 0.0005269817193038762, 0.0003660867514554411, 0.0003696318017318845, 0.0005227696965448558, 0.0003868557105306536, 0.00032184491283260286, 0.0006371153285726905, 0.000363614090019837, 0.0002831929305102676, 0.00022229003661777824, 0.00018940682639367878, 0.0002384610561421141, 0.0003324277058709413, 0.0002185668854508549, 0.00013256564852781594, 9.456180850975215e-05, 0.0001030673083732836, 0.00016711147327441722, 0.00010368357470724732, 0.00010969691356876865, 8.601904119132087e-05, 6.849307101219893e-05, 5.1089486078126356e-05, 3.063340773223899e-05, 1.6130145013448782e-05, 1.813050221244339e-05, 2.6334151698392816e-05, 2.976174801005982e-05, 3.6723791708936915e-05, 3.385666059330106e-05, 3.451393058639951e-05, 3.215698234271258e-05, 1.9777378838625737e-05, 1.477810201322427e-05, 1.029285431286553e-05, 6.96272263667197e-06, 8.541102033632342e-06, 8.050281394389458e-06, 1.0936230864899699e-05, 8.603719834354706e-06, 8.063560017035343e-06, 8.357484148291405e-06, 5.2591371968446765e-06, 5.8644973250920884e-06, 5.8331474974693265e-06, 9.387926183990203e-06, 6.549792487930972e-06, 5.177466391614871e-06, 4.402718332130462e-06, 4.240558610035805e-06, 4.258154604031006e-06, 4.371102932054782e-06, 4.44245870312443e-06, 3.342287755003781e-06, 4.359396371000912e-06, 5.032001354265958e-06, 3.6864616959064733e-06, 3.0170031095622107e-06, 4.231948423694121e-06, 6.925598881935002e-06, 6.702140126435552e-06, 7.559546702395892e-06, 7.3623582466098014e-06, 5.8550926951284055e-06, 5.96787594986381e-06, 5.6832523114280775e-06, 6.081555511627812e-06, 3.7683330447180197e-06, 4.56968018625048e-06, 3.043863898710697e-06, 3.972802915086504e-06, 2.72570650849957e-06, 3.104377356066834e-06, 2.955054014819325e-06, 2.0806855900445953e-06, 2.6666332360036904e-06, 2.869698164431611e-06, 2.0051777482876787e-06, 1.8871568272516015e-06, 1.3289177331898827e-06, 9.637836910769693e-07, 2.2137987798487302e-07, 2.326373538252824e-09, 1.34176818961107e-11, 1.3014470577610293e-11, 1.2682077610293163e-11, 1.2390634525349942e-11, 1.2131832864692438e-11, 1.1915996835087928e-11, 1.1737093935648701e-11, 1.15946844139736e-11, 1.1492072918284357e-11, 1.142870954123909e-11], "lowlevel.mfcc.mean": [-608.510498046875, 102.56078338623047, 6.2811431884765625, 34.75857162475586, 26.843881607055664, 13.691170692443848, 13.880370140075684, 11.461770057678223, 7.102670669555664, 4.672464847564697, 2.950465202331543, -1.3818224668502808, -0.48005926609039307], "lowlevel.spectral_contrast_coeffs.mean": [-0.6819362044334412, -0.7687379121780396, -0.7565542459487915, -0.7760687470436096, -0.7817314267158508, -0.7605772614479065], "lowlevel.spectral_contrast_coeffs.stdev": [0.059260379523038864, 0.07155431061983109, 0.09680879861116409, 0.06205374374985695, 0.03921305760741234, 0.03575313091278076], "lowlevel.spectral_contrast_valleys.mean": [-6.2587714195251465, -6.999252796173096, -7.423309326171875, -7.251091957092285, -7.0646491050720215, -9.72549057006836], "lowlevel.spectral_contrast_valleys.stdev": [0.47388502955436707, 0.5549004077911377, 0.5449592471122742, 0.5029021501541138, 0.5445187091827393, 0.7056625485420227], "rhythm.beats_loudness_band_ratio.mean": [0.7278050184249878, 0.0950452983379364, 0.06788188964128494, 0.06815480440855026, 0.05731161683797836, 0.039128076285123825], "rhythm.beats_loudness_band_ratio.stdev": [0.16149261593818665, 0.12000801414251328, 0.07275768369436264, 0.08798234909772873, 0.06222650408744812, 0.03168496489524841], "tonal.hpcp.mean": [0.07550607621669769, 0.07039273530244827, 0.04228272661566734, 0.04472711309790611, 0.047958169132471085, 0.053993575274944305, 0.12793029844760895, 0.16016894578933716, 0.09254185110330582, 0.06318774074316025, 0.07327097654342651, 0.11204538494348526, 0.2822094261646271, 0.31339365243911743, 0.1374940127134323, 0.048318132758140564, 0.029182760044932365, 0.03192577138543129, 0.037236928939819336, 0.03886784613132477, 0.03762637823820114, 0.04142894595861435, 0.04423727095127106, 0.03672817721962929, 0.03437749296426773, 0.03351997584104538, 0.052101463079452515, 0.20632098615169525, 0.360674649477005, 0.2339070439338684, 0.06346270442008972, 0.04553226754069328, 0.060019757598638535, 0.13855084776878357, 0.15418751537799835, 0.0792912170290947], "tonal.hpcp.stdev": [0.20936471223831177, 0.22104904055595398, 0.1363203376531601, 0.14443454146385193, 0.15343187749385834, 0.1497846394777298, 0.26402416825294495, 0.32833972573280334, 0.2014033943414688, 0.17016667127609253, 0.1908227801322937, 0.22770263254642487, 0.3590579330921173, 0.3776624798774719, 0.2022460699081421, 0.13471388816833496, 0.09913656860589981, 0.10909038037061691, 0.11511404812335968, 0.10925009846687317, 0.11699660122394562, 0.11566983163356781, 0.13054998219013214, 0.10536795109510422, 0.09801845252513885, 0.10425544530153275, 0.1480022519826889, 0.28181493282318115, 0.4197923541069031, 0.31800583004951477, 0.17105692625045776, 0.14411479234695435, 0.15481844544410706, 0.22783102095127106, 0.2508426308631897, 0.1613839715719223], "rhythm.beats_position": [0.4527890980243683, 0.9287981986999512, 1.381587266921997, 1.834376335144043, 2.2755556106567383, 2.705124616622925, 3.1346938610076904, 3.564262866973877, 3.982222080230713, 4.400181293487549, 4.8297505378723145, 5.24770975112915, 5.677278995513916, 6.106847763061523, 6.524806976318359, 6.942766189575195, 7.360725402832031, 7.778684616088867, 8.208253860473633, 8.637823104858398, 9.055782318115234, 9.49696159362793, 9.914920806884766, 10.344490051269531, 10.77405834197998, 11.192017555236816, 11.609976768493652, 12.027935981750488, 12.457505226135254, 12.88707447052002, 13.305033683776855, 13.722992897033691, 14.152562141418457, 14.582131385803223, 15.011700630187988, 15.429659843444824, 15.84761905670166, 16.27718734741211, 16.695146560668945, 17.11310577392578, 17.542675018310547, 17.972244262695312, 18.401813507080078, 18.831382751464844, 19.24934196472168, 19.667301177978516, 20.08526039123535, 20.503219604492188, 20.932788848876953, 21.36235809326172, 21.780317306518555, 22.19827651977539, 22.616235733032227, 23.022584915161133, 23.4521541595459, 23.881723403930664, 24.31129264831543, 24.729251861572266, 25.1472110748291, 25.565170288085938, 25.983129501342773, 26.40108871459961, 26.830657958984375, 27.26022720336914, 27.689794540405273, 28.11936378479004, 28.537322998046875, 28.95528221130371, 29.373241424560547, 29.791200637817383, 30.22076988220215, 30.650339126586914, 31.07990837097168, 31.509477615356445, 31.92743682861328, 32.34539794921875, 32.76335525512695, 33.18131637573242, 33.61088562011719, 34.04045104980469, 34.47002029418945, 34.89958953857422, 35.31755065917969, 35.74711990356445, 36.165077209472656, 36.59464645385742, 37.01260757446289, 37.430564880371094, 37.84852600097656, 38.266483306884766, 38.684444427490234, 39.10240173339844, 39.5319709777832, 39.96154022216797], "rhythm.bpm_histogram": [0.0, 0.0, 0.0, 0.0, 0.0, 0.0, 0.0, 0.0, 0.0, 0.0, 0.0, 0.0, 0.0, 0.0, 0.0, 0.0, 0.0, 0.0, 0.0, 0.0, 0.0, 0.0, 0.0, 0.0, 0.0, 0.0, 0.0, 0.0, 0.0, 0.0, 0.0, 0.0, 0.0, 0.0, 0.0, 0.0, 0.0, 0.0, 0.0, 0.0, 0.0, 0.0, 0.0, 0.0, 0.0, 0.0, 0.0, 0.0, 0.0, 0.0, 0.0, 0.0, 0.0, 0.0, 0.0, 0.0, 0.0, 0.0, 0.0, 0.0, 0.0, 0.0, 0.0, 0.0, 0.0, 0.0, 0.0, 0.0, 0.0, 0.0, 0.0, 0.0, 0.0, 0.0, 0.0, 0.0, 0.0, 0.0, 0.0, 0.0, 0.0, 0.0, 0.0, 0.0, 0.0, 0.0, 0.0, 0.0, 0.0, 0.0, 0.0, 0.0, 0.0, 0.0, 0.0, 0.0, 0.0, 0.0, 0.0, 0.0, 0.0, 0.0, 0.0, 0.0, 0.0, 0.0, 0.0, 0.0, 0.0, 0.0, 0.0, 0.0, 0.0, 0.0, 0.0, 0.0, 0.0, 0.0, 0.0, 0.0, 0.0, 0.0, 0.0, 0.0, 0.0, 0.0, 0.01075268816202879, 0.0, 0.0, 0.0, 0.0, 0.0, 0.0, 0.02150537632405758, 0.0, 0.0, 0.02150537632405758, 0.0, 0.0, 0.0, 0.44086021184921265, 0.0, 0.0, 0.0, 0.49462366104125977, 0.0, 0.0, 0.0, 0.01075268816202879, 0.0, 0.0, 0.0, 0.0, 0.0, 0.0, 0.0, 0.0, 0.0, 0.0, 0.0, 0.0, 0.0, 0.0, 0.0, 0.0, 0.0, 0.0, 0.0, 0.0, 0.0, 0.0, 0.0, 0.0, 0.0, 0.0, 0.0, 0.0, 0.0, 0.0, 0.0, 0.0, 0.0, 0.0, 0.0, 0.0, 0.0, 0.0, 0.0, 0.0, 0.0, 0.0, 0.0, 0.0, 0.0, 0.0, 0.0, 0.0, 0.0, 0.0, 0.0, 0.0, 0.0, 0.0, 0.0, 0.0, 0.0, 0.0, 0.0, 0.0, 0.0, 0.0, 0.0, 0.0, 0.0, 0.0, 0.0, 0.0, 0.0, 0.0, 0.0, 0.0, 0.0, 0.0, 0.0, 0.0, 0.0, 0.0, 0.0, 0.0, 0.0, 0.0, 0.0, 0.0, 0.0, 0.0, 0.0, 0.0, 0.0, 0.0, 0.0, 0.0, 0.0, 0.0, 0.0, 0.0, 0.0, 0.0, 0.0, 0.0, 0.0], "tonal.chords_histogram": [20.48611068725586, 0.0, 19.79166603088379, 2.8935184478759766, 2.8935184478759766, 2.5462963581085205, 0.0, 12.847222328186035, 0.0, 14.583333015441895, 0.0, 0.0, 0.0, 0.0, 0.0, 0.0, 0.0, 0.0, 0.0, 0.0, 0.0, 4.513888835906982, 14.467592239379883, 4.976851940155029], "tonal.thpcp": [1.0, 0.6485264301300049, 0.17595554888248444, 0.12624193727970123, 0.1664096862077713, 0.38414356112480164, 0.4274975061416626, 0.2198413908481598, 0.20934678614139557, 0.1951696276664734, 0.1172323226928711, 0.12400958687067032, 0.13296794891357422, 0.14970161020755768, 0.35469722747802734, 0.44408151507377625, 0.25657984614372253, 0.175193190574646, 0.20314978063106537, 0.31065499782562256, 0.7824487686157227, 0.8689095377922058, 0.38121339678764343, 0.13396598398685455, 0.08091159164905548, 0.08851681649684906, 0.1032424345612526, 0.10776428878307343, 0.10432221740484238, 0.11486514657735825, 0.12265145778656006, 0.10183187574148178, 0.09531441330909729, 0.09293688088655472, 0.14445556700229645, 0.5720418095588684], "lowlevel.gfcc.cov": [[1469.669677734375, -367.6844787597656, -224.49905395507812, -51.41897964477539, -95.7921142578125, 241.94573974609375, 115.96337890625, 6.170198917388916, -25.366121292114258, 32.09910583496094, -36.34292221069336, -32.41820526123047, -74.23665618896484], [-367.6844787597656, 849.1343383789062, -325.1800231933594, -108.36712646484375, 40.00320816040039, -137.9255828857422, 142.15660095214844, -0.9082655310630798, 39.38433837890625, -91.1797103881836, 81.06173706054688, -38.24298858642578, 71.50235748291016], [-224.49905395507812, -325.1800231933594, 837.2972412109375, 46.079315185546875, -64.69327545166016, -205.77027893066406, -263.17193603515625, 21.512130737304688, -13.861291885375977, 122.0775146484375, -49.39894104003906, 93.9386978149414, -23.443193435668945], [-51.41897964477539, -108.36712646484375, 46.079315185546875, 399.06683349609375, 80.62152099609375, -36.6791877746582, -61.250308990478516, -31.64518928527832, 91.02747344970703, 16.161060333251953, 32.76329040527344, 3.320863962173462, 49.45350646972656], [-95.7921142578125, 40.00320816040039, -64.69327545166016, 80.62152099609375, 244.92221069335938, 48.53709411621094, 19.82523536682129, 34.06938934326172, 36.36262893676758, -1.84468412399292, 23.824621200561523, -12.27205753326416, 19.685379028320312], [241.94573974609375, -137.9255828857422, -205.77027893066406, -36.6791877746582, 48.53709411621094, 324.2506408691406, 201.81069946289062, -8.281855583190918, -48.834163665771484, -47.703941345214844, 20.284284591674805, -29.856826782226562, -26.497922897338867], [115.96337890625, 142.15660095214844, -263.17193603515625, -61.250308990478516, 19.82523536682129, 201.81069946289062, 293.0863952636719, 32.89331817626953, -27.31711769104004, -67.08940124511719, 39.59858322143555, -26.848674774169922, -1.2490938901901245], [6.170198917388916, -0.9082655310630798, 21.512130737304688, -31.64518928527832, 34.06938934326172, -8.281855583190918, 32.89331817626953, 115.56006622314453, 45.23880386352539, 7.881264686584473, -12.883309364318848, -8.325653076171875, 4.786303997039795], [-25.366121292114258, 39.38433837890625, -13.861291885375977, 91.02747344970703, 36.36262893676758, -48.834163665771484, -27.31711769104004, 45.23880386352539, 123.17704010009766, 38.362060546875, 0.1376965194940567, -16.576217651367188, 25.67610740661621], [32.09910583496094, -91.1797103881836, 122.0775146484375, 16.161060333251953, -1.84468412399292, -47.703941345214844, -67.08940124511719, 7.881264686584473, 38.362060546875, 95.3290023803711, 5.803694725036621, 10.865375518798828, -17.34245491027832], [-36.34292221069336, 81.06173706054688, -49.39894104003906, 32.76329040527344, 23.824621200561523, 20.284284591674805, 39.59858322143555, -12.883309364318848, 0.1376965194940567, 5.803694725036621, 81.38239288330078, 23.61944580078125, 8.309102058410645], [-32.41820526123047, -38.24298858642578, 93.9386978149414, 3.320863962173462, -12.27205753326416, -29.856826782226562, -26.848674774169922, -8.325653076171875, -16.576217651367188, 10.865375518798828, 23.61944580078125, 76.98405456542969, 21.01616668701172], [-74.23665618896484, 71.50235748291016, -23.443193435668945, 49.45350646972656, 19.685379028320312, -26.497922897338867, -1.2490938901901245, 4.786303997039795, 25.67610740661621, -17.34245491027832, 8.309102058410645, 21.01616668701172, 69.79973602294922]], "lowlevel.gfcc.icov": [[0.001012040302157402, 0.00029989672475494444, 0.0005423040711320937, -0.0001576141221448779, 0.0005425671115517616, -0.000500719528645277, -6.1029997596051544e-05, -0.00036582560278475285, 0.0001996813080040738, -0.0009616305469535291, 0.000616049743257463, -0.0003883214376401156, 0.0004750628722831607], [0.00029989672475494444, 0.006143359933048487, 3.999356704298407e-05, 0.004197530914098024, -0.0020096914377063513, 0.007514402735978365, -0.005555685609579086, 0.00512542761862278, -0.004687603563070297, 0.005399865098297596, -0.007031443063169718, 0.005565446335822344, -0.0037388864438980818], [0.0005423040711320937, 3.999356704298407e-05, 0.0029498692601919174, -0.0011267559602856636, 0.0007196880178526044, -7.019999611657113e-05, 0.0013750802027061582, -0.0022762492299079895, 0.002491236897185445, -0.0031689018942415714, 0.00219308421947062, -0.003002743236720562, 0.0012152241542935371], [-0.0001576141221448779, 0.004197530914098024, -0.0011267559602856636, 0.007328431587666273, -0.0026425370015203953, 0.004985062871128321, -0.0034399989526718855, 0.006720778066664934, -0.007654903456568718, 0.005894955713301897, -0.007026510313153267, 0.004966603592038155, -0.004301316570490599], [0.0005425671115517616, -0.0020096914377063513, 0.0007196880178526044, -0.0026425370015203953, 0.006422695703804493, -0.00450563058257103, 0.0033970901276916265, -0.004745119716972113, 0.0022050112020224333, -0.002681083045899868, 0.0010707350447773933, -0.0011592268710955977, 0.0003583876241464168], [-0.000500719528645277, 0.007514402735978365, -7.019999611657113e-05, 0.004985062871128321, -0.00450563058257103, 0.016555579379200935, -0.011641585268080235, 0.008354089222848415, -0.004517802968621254, 0.006868565920740366, -0.007854033261537552, 0.0071903555653989315, -0.0028728372417390347], [-6.1029997596051544e-05, -0.005555685609579086, 0.0013750802027061582, -0.0034399989526718855, 0.0033970901276916265, -0.011641585268080235, 0.014803816564381123, -0.009341774508357048, 0.00523380097001791, -0.0023610563948750496, 0.0020090586040169, -0.003974321763962507, 0.002498930785804987], [-0.00036582560278475285, 0.00512542761862278, -0.0022762492299079895, 0.006720778066664934, -0.004745119716972113, 0.008354089222848415, -0.009341774508357048, 0.02013954147696495, -0.012710705399513245, 0.007002192549407482, -0.003814080497249961, 0.004459296818822622, -0.002677413634955883], [0.0001996813080040738, -0.004687603563070297, 0.002491236897185445, -0.007654903456568718, 0.0022050112020224333, -0.004517802968621254, 0.00523380097001791, -0.012710705399513245, 0.024450376629829407, -0.014893202111124992, 0.006537200883030891, 0.0004699609999079257, -0.003711353987455368], [-0.0009616305469535291, 0.005399865098297596, -0.0031689018942415714, 0.005894955713301897, -0.002681083045899868, 0.006868565920740366, -0.0023610563948750496, 0.007002192549407482, -0.014893202111124992, 0.02713514119386673, -0.012144755572080612, 0.0037736184895038605, 0.0035760127939283848], [0.000616049743257463, -0.007031443063169718, 0.00219308421947062, -0.007026510313153267, 0.0010707350447773933, -0.007854033261537552, 0.0020090586040169, -0.003814080497249961, 0.006537200883030891, -0.012144755572080612, 0.028506925329566002, -0.015582584775984287, 0.006463028024882078], [-0.0003883214376401156, 0.005565446335822344, -0.003002743236720562, 0.004966603592038155, -0.0011592268710955977, 0.0071903555653989315, -0.003974321763962507, 0.004459296818822622, 0.0004699609999079257, 0.0037736184895038605, -0.015582584775984287, 0.028926251456141472, -0.014051674865186214], [0.0004750628722831607, -0.0037388864438980818, 0.0012152241542935371, -0.004301316570490599, 0.0003583876241464168, -0.0028728372417390347, 0.002498930785804987, -0.002677413634955883, -0.003711353987455368, 0.0035760127939283848, 0.006463028024882078, -0.014051674865186214, 0.026869552209973335]], "lowlevel.mfcc.cov": [[1727.4290771484375, -407.7240295410156, -290.44390869140625, -193.83265686035156, -179.91192626953125, 208.488037109375, 119.79747009277344, 103.16302490234375, 5.577901363372803, 86.94930267333984, 94.34590911865234, 11.687625885009766, -111.48262786865234], [-407.7240295410156, 804.7178344726562, -178.89694213867188, -46.2945671081543, -105.88902282714844, -160.28211975097656, 8.397812843322754, 9.996837615966797, -1.5923269987106323, -30.1932430267334, -24.514619827270508, -11.485358238220215, 63.752681732177734], [-290.44390869140625, -178.89694213867188, 581.1699829101562, 86.10684204101562, 41.638587951660156, -97.57810974121094, -132.071044921875, -123.64392852783203, -30.73459243774414, -55.959407806396484, -36.88101577758789, 2.7764220237731934, 55.26163864135742], [-193.83265686035156, -46.2945671081543, 86.10684204101562, 356.70892333984375, 146.52630615234375, -45.53799057006836, -126.75672149658203, -60.2827262878418, 14.122897148132324, 7.541804313659668, -30.08335304260254, 7.872981548309326, 61.539302825927734], [-179.91192626953125, -105.88902282714844, 41.638587951660156, 146.52630615234375, 270.24932861328125, -9.74233341217041, -71.76043701171875, -49.65525817871094, 20.568960189819336, 21.139759063720703, -12.564315795898438, -3.91278076171875, 28.157060623168945], [208.488037109375, -160.28211975097656, -97.57810974121094, -45.53799057006836, -9.74233341217041, 210.76876831054688, 120.27906799316406, 61.79808044433594, -14.208734512329102, 6.114120960235596, 36.401222229003906, 24.388944625854492, -61.67548751831055], [119.79747009277344, 8.397812843322754, -132.071044921875, -126.75672149658203, -71.76043701171875, 120.27906799316406, 228.6419677734375, 124.5694808959961, -6.011911869049072, -3.926687002182007, 38.36496353149414, 22.062108993530273, -51.15077590942383], [103.16302490234375, 9.996837615966797, -123.64392852783203, -60.2827262878418, -49.65525817871094, 61.79808044433594, 124.5694808959961, 146.0055389404297, 36.35165786743164, 13.564948081970215, 12.965242385864258, 12.944822311401367, -23.619375228881836], [5.577901363372803, -1.5923269987106323, -30.73459243774414, 14.122897148132324, 20.568960189819336, -14.208734512329102, -6.011911869049072, 36.35165786743164, 94.17327880859375, 51.07296371459961, 4.460592269897461, -12.55346393585205, -2.290386915206909], [86.94930267333984, -30.1932430267334, -55.959407806396484, 7.541804313659668, 21.139759063720703, 6.114120960235596, -3.926687002182007, 13.564948081970215, 51.07296371459961, 101.39631652832031, 46.209903717041016, -6.828423500061035, -17.73611831665039], [94.34590911865234, -24.514619827270508, -36.88101577758789, -30.08335304260254, -12.564315795898438, 36.401222229003906, 38.36496353149414, 12.965242385864258, 4.460592269897461, 46.209903717041016, 88.4758529663086, 23.148569107055664, -25.199880599975586], [11.687625885009766, -11.485358238220215, 2.7764220237731934, 7.872981548309326, -3.91278076171875, 24.388944625854492, 22.062108993530273, 12.944822311401367, -12.55346393585205, -6.828423500061035, 23.148569107055664, 70.2883529663086, 21.155235290527344], [-111.48262786865234, 63.752681732177734, 55.26163864135742, 61.539302825927734, 28.157060623168945, -61.67548751831055, -51.15077590942383, -23.619375228881836, -2.290386915206909, -17.73611831665039, -25.199880599975586, 21.155235290527344, 94.42681884765625]], "lowlevel.mfcc.icov": [[0.0009926988277584314, 0.0006966665387153625, 0.0006052761455066502, 0.0002471741463523358, 0.0008073928765952587, -0.00026476793573237956, 0.0003824648738373071, -0.00011016664939234033, 0.00023533614876214415, -0.00045475864317268133, -0.0003272920730523765, 0.0001120778833865188, -0.00023989744659047574], [0.0006966665387153625, 0.0025954763405025005, 0.0014707815134897828, 9.075229900190607e-05, 0.0012746761785820127, 0.0019218154484406114, -0.0007733135134913027, 0.0006533651612699032, -7.206849113572389e-05, 0.0005413537146523595, -0.0005146563635207713, 0.0003830500936601311, -0.0013532921439036727], [0.0006052761455066502, 0.0014707815134897828, 0.0031911965925246477, -4.1551618778612465e-05, 0.0008768833940848708, 0.0012700713705271482, -4.428696047398262e-05, 0.0018576340517029166, -0.0005257333978079259, 0.001516643213108182, -0.0005619514849968255, -0.00017792019934859127, -0.0009481572778895497], [0.0002471741463523358, 9.075229900190607e-05, -4.1551618778612465e-05, 0.004538863897323608, -0.0015881037106737494, -0.0008302379283122718, 0.002308781025931239, -0.0006995535222813487, 0.00010068273695651442, -0.0006031726952642202, 0.0005747314426116645, -0.000709192012436688, -0.0014948033494874835], [0.0008073928765952587, 0.0012746761785820127, 0.0008768833940848708, -0.0015881037106737494, 0.006078711710870266, -0.0005081602139398456, -0.00015731219900771976, 0.001927381381392479, -0.001124420901760459, -0.000949202454648912, 0.00020462859538383782, 0.0004851942940149456, -0.0013928463449701667], [-0.00026476793573237956, 0.0019218154484406114, 0.0012700713705271482, -0.0008302379283122718, -0.0005081602139398456, 0.01087719015777111, -0.004567022435367107, 0.00042918598046526313, 0.0012104531051591039, 0.0007211348856799304, -0.0001627942401682958, -0.0028630339074879885, 0.003839916316792369], [0.0003824648738373071, -0.0007733135134913027, -4.428696047398262e-05, 0.002308781025931239, -0.00015731219900771976, -0.004567022435367107, 0.014135999605059624, -0.0098565137013793, 0.0029216851107776165, 0.0016768915811553597, -0.003319173352792859, -9.788306488189846e-05, 0.0012727916473522782], [-0.00011016664939234033, 0.0006533651612699032, 0.0018576340517029166, -0.0006995535222813487, 0.001927381381392479, 0.00042918598046526313, -0.0098565137013793, 0.01888693869113922, -0.00834294967353344, 0.0005707105156034231, 0.00295068952254951, -0.0024398132227361202, -0.0008729047258384526], [0.00023533614876214415, -7.206849113572389e-05, -0.0005257333978079259, 0.00010068273695651442, -0.001124420901760459, 0.0012104531051591039, 0.0029216851107776165, -0.00834294967353344, 0.01994968205690384, -0.010330774821341038, 0.0028190314769744873, 0.001694343751296401, 0.00010647321323631331], [-0.00045475864317268133, 0.0005413537146523595, 0.001516643213108182, -0.0006031726952642202, -0.000949202454648912, 0.0007211348856799304, 0.0016768915811553597, 0.0005707105156034231, -0.010330774821341038, 0.02251635678112507, -0.012243390083312988, 0.0035116272047162056, 0.00033278108458034694], [-0.0003272920730523765, -0.0005146563635207713, -0.0005619514849968255, 0.0005747314426116645, 0.00020462859538383782, -0.0001627942401682958, -0.003319173352792859, 0.00295068952254951, 0.0028190314769744873, -0.012243390083312988, 0.02242046222090721, -0.00891072303056717, 0.004436557646840811], [0.0001120778833865188, 0.0003830500936601311, -0.00017792019934859127, -0.000709192012436688, 0.0004851942940149456, -0.0028630339074879885, -9.788306488189846e-05, -0.0024398132227361202, 0.001694343751296401, 0.0035116272047162056, -0.00891072303056717, 0.022105418145656586, -0.008867775090038776], [-0.00023989744659047574, -0.0013532921439036727, -0.0009481572778895497, -0.0014948033494874835, -0.0013928463449701667, 0.003839916316792369, 0.0012727916473522782, -0.0008729047258384526, 0.00010647321323631331, 0.00033278108458034694, 0.004436557646840811, -0.008867775090038776, 0.01938006840646267]], "metadata.audio_properties.analysis.