{"song_id": "1183712285781405737", "download": "https://cdn.discordapp.com/attachments/1135911532732108921/1183712285781405737/chirp.mp4?ex=658954f9&amp", "lyrics": "\u0410 \u0432 \u0430\u043a\u0432\u0430\u0440\u0438\u0443\u043c\u0435 \u0441\u0438\u0436\u0443,\n\u041d\u0430 \u0440\u044b\u0431\u043e\u043a \u044f \u0442\u0443\u0442 \u0433\u043b\u044f\u0436\u0443,\n\u041f\u043e\u0434\u043f\u043b\u044b\u0432\u0430\u0435\u0442 \u043a\u043e \u043c\u043d\u0435 \u043e\u0434\u043d\u0430 \u0440\u044b\u0431\u043a\u0430,\n\u041f\u0440\u0438\u0433\u043b\u044f\u0434\u0435\u043b\u0441\u044f, \u0410! \u0414\u0430\u043d\u044f \u0414\u044b\u0431\u043a\u0430.", "style": ["country rock"], "essentia_features": {"lowlevel.average_loudness": 0.18217428028583527, "lowlevel.barkbands_crest.mean": 12.321307182312012, "lowlevel.barkbands_crest.stdev": 4.705667495727539, "lowlevel.barkbands_flatness_db.mean": 0.2244211882352829, "lowlevel.barkbands_flatness_db.stdev": 0.07727354019880295, "lowlevel.barkbands_kurtosis.mean": 9.535940170288086, "lowlevel.barkbands_kurtosis.stdev": 25.674781799316406, "lowlevel.barkbands_skewness.mean": 1.3745769262313843, "lowlevel.barkbands_skewness.stdev": 2.1761696338653564, "lowlevel.barkbands_spread.mean": 14.353026390075684, "lowlevel.barkbands_spread.stdev": 14.03239631652832, "lowlevel.dissonance.mean": 0.4481166899204254, "lowlevel.dissonance.stdev": 0.05015939474105835, "lowlevel.dynamic_complexity": 18.932533264160156, "lowlevel.erbbands_crest.mean": 11.64339542388916, "lowlevel.erbbands_crest.stdev": 5.552619457244873, "lowlevel.erbbands_flatness_db.mean": 0.24282611906528473, "lowlevel.erbbands_flatness_db.stdev": 0.10469784587621689, "lowlevel.erbbands_kurtosis.mean": 3.042400598526001, "lowlevel.erbbands_kurtosis.stdev": 7.406894207000732, "lowlevel.erbbands_skewness.mean": 0.5290699005126953, "lowlevel.erbbands_skewness.stdev": 1.3289848566055298, "lowlevel.erbbands_spread.mean": 22.760093688964844, "lowlevel.erbbands_spread.stdev": 15.175636291503906, "lowlevel.hfc.mean": 10.233010292053223, "lowlevel.hfc.stdev": 45.03355026245117, "lowlevel.loudness_ebu128.integrated": -34.625892639160156, "lowlevel.loudness_ebu128.loudness_range": 22.398136138916016, "lowlevel.loudness_ebu128.momentary.mean": -50.057640075683594, "lowlevel.loudness_ebu128.momentary.stdev": 11.737518310546875, "lowlevel.loudness_ebu128.short_term.mean": -45.878074645996094, "lowlevel.loudness_ebu128.short_term.stdev": 8.88973617553711, "lowlevel.melbands_crest.mean": 15.773094177246094, "lowlevel.melbands_crest.stdev": 6.777588844299316, "lowlevel.melbands_flatness_db.mean": 0.30407965183258057, "lowlevel.melbands_flatness_db.stdev": 0.10882608592510223, "lowlevel.melbands_kurtosis.mean": 11.12799072265625, "lowlevel.melbands_kurtosis.stdev": 22.622770309448242, "lowlevel.melbands_skewness.mean": 1.8109772205352783, "lowlevel.melbands_skewness.stdev": 1.9632525444030762, "lowlevel.melbands_spread.mean": 22.091455459594727, "lowlevel.melbands_spread.stdev": 29.858373641967773, "lowlevel.pitch_salience.mean": 0.5956006050109863, "lowlevel.pitch_salience.stdev": 0.16652360558509827, "lowlevel.silence_rate_20dB.mean": 0.9920424222946167, "lowlevel.silence_rate_20dB.stdev": 0.08884965628385544, "lowlevel.silence_rate_30dB.mean": 0.970822274684906, "lowlevel.silence_rate_30dB.stdev": 0.1683044135570526, "lowlevel.silence_rate_60dB.mean": 0.8169761300086975, "lowlevel.silence_rate_60dB.stdev": 0.38668587803840637, "lowlevel.spectral_centroid.mean": 1248.30126953125, "lowlevel.spectral_centroid.stdev": 1578.9625244140625, "lowlevel.spectral_complexity.mean": 4.45888614654541, "lowlevel.spectral_complexity.stdev": 8.89245891571045, "lowlevel.spectral_decrease.mean": -2.4217134964032994e-09, "lowlevel.spectral_decrease.stdev": 1.1007442068944329e-08, "lowlevel.spectral_energy.mean": 0.010068261995911598, "lowlevel.spectral_energy.stdev": 0.04551568627357483, "lowlevel.spectral_energyband_high.mean": 0.0001150973912444897, "lowlevel.spectral_energyband_high.stdev": 0.0007397631998173892, "lowlevel.spectral_energyband_low.mean": 0.00018089947116095573, "lowlevel.spectral_energyband_low.stdev": 0.0004117200442124158, "lowlevel.spectral_energyband_middle_high.mean": 0.00334194116294384, "lowlevel.spectral_energyband_middle_high.stdev": 0.01496255025267601, "lowlevel.spectral_energyband_middle_low.mean": 0.0064842067658901215, "lowlevel.spectral_energyband_middle_low.stdev": 0.031459201127290726, "lowlevel.spectral_entropy.mean": 7.000810623168945, "lowlevel.spectral_entropy.stdev": 0.8870164752006531, "lowlevel.spectral_flux.mean": 0.035294387489557266, "lowlevel.spectral_flux.stdev": 0.07570074498653412, "lowlevel.spectral_kurtosis.mean": 19.083311080932617, "lowlevel.spectral_kurtosis.stdev": 20.62972640991211, "lowlevel.spectral_rms.mean": 0.00135377561673522, "lowlevel.spectral_rms.stdev": 0.0028266555164009333, "lowlevel.spectral_rolloff.mean": 1593.45654296875, "lowlevel.spectral_rolloff.stdev": 3247.080322265625, "lowlevel.spectral_skewness.mean": 2.6623175144195557, "lowlevel.spectral_skewness.stdev": 1.6454384326934814, "lowlevel.spectral_spread.mean": 3847379.25, "lowlevel.spectral_spread.stdev": 6043986.0, "lowlevel.spectral_strongpeak.mean": 0.4776046574115753, "lowlevel.spectral_strongpeak.stdev": 1.3666774034500122, "lowlevel.zerocrossingrate.mean": 0.0666821226477623, "lowlevel.zerocrossingrate.stdev": 0.09808092564344406, "metadata.audio_properties.analysis.equal_loudness": 0.0, "metadata.audio_properties.analysis.length": 8.72532844543457, "metadata.audio_properties.analysis.sample_rate": 44100.0, "metadata.audio_properties.analysis.start_time": 0.0, "metadata.audio_properties.bit_rate": 102356.0, "metadata.audio_properties.length": 8.725333213806152, "metadata.audio_properties.lossless": 0.0, "metadata.audio_properties.number_channels": 1.0, "metadata.audio_properties.replay_gain": 7.973352432250977, "metadata.audio_properties.sample_rate": 48000.0, "rhythm.beats_count": 21.0, "rhythm.beats_loudness.mean": 0.039708252996206284, "rhythm.beats_loudness.stdev": 0.10829280316829681, "rhythm.bpm": 144.27523803710938, "rhythm.bpm_histogram_first_peak_bpm": 144.0, "rhythm.bpm_histogram_first_peak_weight": 0.5, "rhythm.bpm_histogram_second_peak_bpm": 152.0, "rhythm.bpm_histogram_second_peak_spread": 0.0, "rhythm.bpm_histogram_second_peak_weight": 0.15000000596046448, "rhythm.danceability": 0.7552042603492737, "rhythm.onset_rate": 2.630882501602173, "tonal.chords_changes_rate": 0.19576719403266907, "tonal.chords_number_rate": 0.0476190485060215, "tonal.chords_strength.mean": 0.4792095720767975, "tonal.chords_strength.stdev": 0.06284119933843613, "tonal.hpcp_crest.mean": 12.002338409423828, "tonal.hpcp_crest.stdev": 6.524129867553711, "tonal.hpcp_entropy.mean": 2.22165584564209, "tonal.hpcp_entropy.stdev": 0.8033217191696167, "tonal.key_edma.strength": 0.49128612875938416, "tonal.key_krumhansl.strength": 0.4823804497718811, "tonal.key_temperley.strength": 0.467683881521225, "tonal.tuning_diatonic_strength": 0.41813924908638, "tonal.tuning_equal_tempered_deviation": 0.2268238663673401, "tonal.tuning_frequency": 454.7279052734375, "tonal.tuning_nontempered_energy_ratio": 0.8935673832893372, "lowlevel.barkbands.mean": [1.1914675269508734e-05, 1.989498377952259e-05, 0.00011673851258819923, 4.953891402692534e-05, 0.00030494213569909334, 0.0003872777451761067, 0.002149353502318263, 0.0028335577808320522, 0.0007295632385648787, 0.00010881799244089052, 7.2315706347581e-05, 0.00022056004672776908, 0.00047172891208902, 0.0008037653169594705, 0.0006027873023413122, 0.0002106925967382267, 0.00039490670314989984, 0.00013499148190021515, 0.0002718332107178867, 0.00010274245869368315, 5.233936462900601e-05, 9.848308764048852e-06, 7.652888598386198e-06, 4.244077729254059e-07, 5.0332012335729814e-08, 2.9261130407576275e-08, 1.0483924839377323e-08], "lowlevel.barkbands.stdev": [5.160754153621383e-05, 3.8972222682787105e-05, 0.00028486852534115314, 0.00015945704944897443, 0.0010432034032419324, 0.0017407347913831472, 0.013817790895700455, 0.024056600406765938, 0.0066679734736680984, 0.0005259683821350336, 0.0003726729191839695, 0.002169421873986721, 0.0039380332455039024, 0.004321349319070578, 0.0036568106152117252, 0.0013294278178364038, 0.0022569983266294003, 0.0008430747548118234, 0.0017738804453983903, 0.0004543787508737296, 0.0005000827950425446, 8.945006266003475e-05, 6.675026088487357e-05, 3.501541868899949e-06, 5.720588092117396e-07, 3.3701746815495426e-07, 1.0046125709095577e-07], "lowlevel.erbbands.mean": [0.000254104845225811, 0.0072160568088293076, 0.0936824157834053, 0.207955464720726, 0.1761128157377243, 1.0872876644134521, 2.904432535171509, 4.2325897216796875, 32.54770278930664, 32.104454040527344, 55.150936126708984, 23.981956481933594, 5.575969219207764, 2.9469499588012695, 4.262019157409668, 9.116401672363281, 21.554445266723633, 36.62766647338867, 40.36440658569336, 23.373292922973633, 12.25679874420166, 22.19072151184082, 9.43336296081543, 8.408565521240234, 13.204854965209961, 4.850957870483398, 3.7273752689361572, 0.7739354968070984, 0.3397388756275177, 0.3863309621810913, 0.15873290598392487, 0.03547348082065582, 0.0024819367099553347, 0.0007351260865107179, 0.00034228622098453343, 0.000152722088387236, 5.529678674065508e-05, 1.4055500287213363e-05, 7.4502308962109964e-06, 1.2350440556474496e-05], "lowlevel.erbbands.stdev": [0.00045261706691235304, 0.012538885697722435, 0.19987933337688446, 0.6231260895729065, 0.3247379958629608, 3.061056613922119, 16.53331184387207, 19.85463523864746, 214.83938598632812, 201.68759155273438, 474.57232666015625, 211.65524291992188, 29.97749137878418, 12.430055618286133, 28.274843215942383, 84.52368927001953, 184.82357788085938, 211.88235473632812, 263.1507873535156, 141.8309326171875, 78.62464904785156, 121.27365112304688, 54.48377990722656, 56.26759719848633, 77.89302062988281, 21.69991111755371, 29.508054733276367, 7.432135105133057, 2.8861982822418213, 3.503145933151245, 1.386155366897583, 0.3217447102069855, 0.01612609066069126, 0.007059299852699041, 0.003829468507319689, 0.001717317383736372, 0.0005771891446784139, 0.0001346188219031319, 3.724309499375522e-05, 5.529626287170686e-05], "lowlevel.gfcc.mean": [-367.50927734375, 135.67909240722656, -111.40605163574219, 0.6515974998474121, -28.351966857910156, -15.155909538269043, -27.1163387298584, -3.085303783416748, -16.192869186401367, 6.2080841064453125, -4.626244068145752, -6.763123989105225, -14.150583267211914], "lowlevel.melbands.mean": [4.192333562968997e-06, 3.738802843145095e-05, 3.188939081155695e-05, 3.973688944824971e-05, 9.394773951498792e-05, 0.00010919669875875115, 0.00047407569945789874, 0.0004361187748145312, 0.000385162333259359, 0.00012978320592083037, 2.1178835595492274e-05, 1.2064672773703933e-05, 1.1623722457443364e-05, 2.0469196897465736e-05, 2.7298809072817676e-05, 6.132595444796607e-05, 6.690205918857828e-05, 6.973081326577812e-05, 4.158494630246423e-05, 1.8339451344218105e-05, 1.4079714674153365e-05, 2.5137756892945617e-05, 1.4776280295336619e-05, 4.312689725338714e-06, 6.522545845655259e-06, 1.252485435543349e-05, 5.617783244815655e-06, 2.6166474071942503e-06, 2.5894955797411967e-06, 1.3248304640001152e-06, 1.797236990341844e-07, 1.7980804045691912e-07, 2.0559252789098537e-07, 2.1521216808650934e-07, 8.86521220877512e-08, 5.996511021066908e-08, 7.594771922470045e-09, 1.0011578233104501e-09, 7.452454209300186e-10, 4.977673828676643e-10], "lowlevel.melbands.stdev": [7.65810182201676e-06, 7.839467434678227e-05, 8.401934610446915e-05, 9.739006054587662e-05, 0.00047737627755850554, 0.0005679247551597655, 0.003141116350889206, 0.003251652931794524, 0.003197703743353486, 0.0012578159803524613, 9.823952859733254e-05, 5.324651283444837e-05, 6.708092405460775e-05, 0.00016607949510216713, 0.00026523706037551165, 0.0004972338792867959, 0.00038809224497526884, 0.0004961001686751842, 0.0002718122850637883, 0.00011784031812567264, 0.0001007404935080558, 0.00014788749103900045, 7.89480036473833e-05, 2.4765364287304692e-05, 4.583872214425355e-05, 8.356994658242911e-05, 2.8241740437806584e-05, 1.149944819189841e-05, 1.8407790776109323e-05, 1.416665872966405e-05, 1.6218031078096828e-06, 1.5135250350795104e-06, 1.924485559356981e-06, 1.9364240415598033e-06, 7.562593964394182e-07, 5.727806069444341e-07, 6.642923011668245e-08, 8.349334557067323e-09, 7.013426728263994e-09, 5.535474745244073e-09], "lowlevel.melbands128.mean": [4.1293733374914154e-06, 1.4731741657669772e-06, 2.5377464680786943e-06, 1.226681524713058e-05, 3.419669883442111e-05, 6.507830403279513e-05, 4.9229573050979525e-05, 1.5885942048043944e-05, 1.1655664820864331e-05, 2.9109762181178667e-05, 5.904618592467159e-05, 0.00010635838407324627, 0.00012203157530166209, 5.542070357478224e-05, 3.542417834978551e-05, 0.0001044266828102991, 0.00046749680768698454, 0.0006997421151027083, 0.00028190447483211756, 0.00019598894868977368, 0.000646066851913929, 0.0007735718390904367, 0.00028588774148374796, 7.438275497406721e-05, 0.00021906272741034627, 0.00010609845048747957, 1.8768136214930564e-05, 1.741843698255252e-05, 2.222386683570221e-05, 1.272945519303903e-05, 8.231081665144302e-06, 1.071193673851667e-05, 8.302949936478399e-06, 1.4422043932427187e-05, 2.17917186091654e-05, 1.6202915503527038e-05, 2.84279121842701e-05, 2.9264754630276002e-05, 1.8138867744710296e-05, 5.563802187680267e-05, 7.535221084253863e-05, 5.966324533801526e-05, 7.948593702167273e-05, 5.492891068570316e-05, 7.157398067647591e-05, 9.343696729047224e-05, 3.697994543472305e-05, 4.7896886826492846e-05, 3.6890422052238137e-05, 3.1100116757443175e-05, 1.3018341633141972e-05, 1.1376658221706748e-05, 8.90366754902061e-06, 1.4324773474072572e-05, 2.7808824597741477e-05, 2.6939924282487482e-05, 2.456995025568176e-05, 1.5743609765195288e-05, 1.4909961464582011e-05, 5.206700279813958e-06, 3.552565431164112e-06, 2.7925825634156354e-06, 3.93551135857706e-06, 5.7816469052340835e-06, 1.3760722140432335e-05, 1.5299503502319567e-05, 1.070920279744314e-05, 7.069105322443647e-06, 4.432957211975008e-06, 3.490022663754644e-06, 2.440676325932145e-06, 1.9735646219487535e-06, 3.014438789250562e-06, 2.5553570139891235e-06, 2.5136407657555537e-06, 1.7470174498157576e-06, 6.256400979509635e-07, 1.713409716330716e-07, 1.3625147232687596e-07, 1.6672319702593086e-07, 1.903677286918537e-07, 1.844528583205829e-07, 1.6256784363122279e-07, 2.0281531476484815e-07, 2.41532291056501e-07, 2.6356497073720675e-07, 2.117481443519864e-07, 1.0984125964341729e-07, 6.37511163859017e-08, 7.886541197876795e-08, 1.0641122827337313e-07, 4.081507753994629e-08, 1.6895429055807654e-08, 5.784391188257132e-09, 1.564760432337664e-09, 1.073969135845232e-09, 8.610064328173905e-10, 9.519989241368876e-10, 8.217468372428982e-10, 5.978132988637697e-10, 5.173642070310791e-10, 5.069350494935065e-10, 4.4441689217578073e-10, 3.831798767173211e-10, 3.703007900313082e-10, 3.2965413732100046e-10, 2.8809846175370524e-10, 2.777474916726419e-10, 2.4321533675930596e-10, 2.1737692201817538e-10, 1.9484139301972903e-10, 1.686936978995135e-10, 1.5818286958069194e-10, 1.3434763024289254e-10, 1.2441146723940477e-10, 1.0110881576430586e-10, 8.79310860235627e-11, 7.242553778930017e-11, 6.11096659386412e-11, 5.064748620497994e-11, 4.483052470916071e-11, 3.8324933504529923e-11, 3.2902666702305794e-11, 2.9341983703856656e-11, 2.4442113263911658e-11, 1.7249061554092116e-11, 1.3374390137044223e-11, 1.2367386628686639e-11], "lowlevel.melbands128.stdev": [1.675928979238961e-05, 4.516253284236882e-06, 5.5589712246728595e-06, 2.529758603486698e-05, 6.519132148241624e-05, 0.00017330596165265888, 0.00015786453150212765, 4.414461727719754e-05, 2.322630098205991e-05, 9.027995838550851e-05, 0.00016526805120520294, 0.00047306285705417395, 0.0008116176468320191, 0.00029209136846475303, 0.00010403412306914106, 0.0007134458282962441, 0.0032387219835072756, 0.005252643022686243, 0.002166589256376028, 0.0013586437562480569, 0.006463817786425352, 0.0077324798330664635, 0.002753292443230748, 0.0005696765729226172, 0.0024302215315401554, 0.0009831739589571953, 0.00011344952508807182, 9.422122093383223e-05, 0.00011701941548381001, 8.08520708233118e-05, 4.114066905458458e-05, 5.044374483986758e-05, 4.6903045586077496e-05, 0.0001465242385165766, 0.0001944485557032749, 9.850711649050936e-05, 0.0003288711013738066, 0.0003360084956511855, 8.596694533480331e-05, 0.0006249017314985394, 0.0007843407220207155, 0.0004499062488321215, 0.0005847043357789516, 0.0003414970706216991, 0.00048378840438090265, 0.0009017040720209479, 0.0002318334736628458, 0.00037192681338638067, 0.00030063948361203074, 0.00022781651932746172, 8.678204176248983e-05, 7.105262920958921e-05, 6.507130456157029e-05, 0.00011347445251885802, 0.00023237682762555778, 0.00015206112584564835, 0.00012911114026792347, 7.052288856357336e-05, 0.00011317927419440821, 3.446655682637356e-05, 1.9269018594059162e-05, 1.6791282178019173e-05, 2.231035614386201e-05, 4.10509601351805e-05, 0.0001166754518635571, 0.00011317677854094654, 6.140252662589774e-05, 3.776547237066552e-05, 2.226804463134613e-05, 1.660610178078059e-05, 1.1113830623799004e-05, 8.906038601708133e-06, 1.4687159819004592e-05, 2.0825842511840165e-05, 2.8644783014897257e-05, 2.0460194718907587e-05, 7.592768270114902e-06, 1.4750966101928498e-06, 1.295995502914593e-06, 1.4094259768171469e-06, 1.6863826886037714e-06, 1.6083071159300744e-06, 1.2400070090734516e-06, 1.9695346509251976e-06, 2.711641172936652e-06, 2.359314976274618e-06, 1.939727098942967e-06, 9.8770226486522e-07, 5.364499315874127e-07, 6.84489691593626e-07, 1.1299704283374012e-06, 3.916615867183282e-07, 1.7023262444126885e-07, 5.0149083108408377e-08, 1.0515048387560455e-08, 9.098410025387693e-09, 8.020374586692469e-09, 7.608266905378969e-09, 7.735010854048596e-09, 6.490541437642605e-09, 5.5839830537252055e-09, 5.688526538705219e-09, 5.107105849333493e-09, 4.5283510274884975e-09, 4.413540199976751e-09, 3.9718437427893605e-09, 3.4401390625049544e-09, 3.356676270271919e-09, 2.902488471789866e-09, 2.572308588355554e-09, 2.3023483119999355e-09, 1.9168986398199195e-09, 1.810201877283646e-09, 1.4555207039634865e-09, 1.3481419314231857e-09, 1.0758663959720138e-09, 9.52856682445713e-10, 7.810118107798303e-10, 6.593662282838864e-10, 5.245516798701999e-10, 4.4962458756181434e-10, 3.5001995746242187e-10, 2.6157914723157205e-10, 2.0314294690848556e-10, 1.6641958644481036e-10, 1.4880097154446048e-10, 1.4865546293929555e-10, 1.5421111609903448e-10], "lowlevel.mfcc.mean": [-992.414306640625, 169.1510772705078, -10.763533592224121, 17.942819595336914, 8.802765846252441, -2.321483612060547, 0.49679338932037354, -7.929425239562988, -9.123827934265137, 5.966214656829834, 3.2645297050476074, 3.406189203262329, 4.825206756591797], "lowlevel.spectral_contrast_coeffs.mean": [-0.7715542912483215, -0.7911579608917236, -0.860936164855957, -0.8386499285697937, -0.8314374089241028, -0.8304624557495117], "lowlevel.spectral_contrast_coeffs.stdev": [0.11625747382640839, 0.11137884855270386, 0.06010360270738602, 0.07309653609991074, 0.07261200994253159, 0.08329824358224869], "lowlevel.spectral_contrast_valleys.mean": [-9.952398300170898, -9.549195289611816, -10.355907440185547, -10.59091567993164, -11.292779922485352, -14.777979850769043], "lowlevel.spectral_contrast_valleys.stdev": [2.925032138824463, 3.149536371231079, 3.016327142715454, 3.044072389602661, 2.9989402294158936, 1.974061131477356], "rhythm.beats_loudness_band_ratio.mean": [0.2977873384952545, 0.19770467281341553, 0.35889196395874023, 0.13436821103096008, 0.06263836473226547, 0.012311859987676144], "rhythm.beats_loudness_band_ratio.stdev": [0.3046330213546753, 0.22501443326473236, 0.28837117552757263, 0.15129506587982178, 0.12217939645051956, 0.02901151217520237], "tonal.hpcp.mean": [0.0933595672249794, 0.09234786778688431, 0.13075795769691467, 0.16063907742500305, 0.13812829554080963, 0.11050736904144287, 0.1134159043431282, 0.10573899745941162, 0.11975415796041489, 0.127171128988266, 0.10431309789419174, 0.10761358588933945, 0.10643195360898972, 0.10516469180583954, 0.10048091411590576, 0.09327609091997147, 0.10739374905824661, 0.12377191334962845, 0.12589305639266968, 0.13189426064491272, 0.1576540619134903, 0.2850223779678345, 0.2970805764198303, 0.18032602965831757, 0.17166918516159058, 0.16117379069328308, 0.16056956350803375, 0.15217867493629456, 0.11090777069330215, 0.0993979424238205, 0.10717146843671799, 0.10641533881425858, 0.11755821853876114, 0.12777656316757202, 0.12206051498651505, 0.11418445408344269], "tonal.hpcp.stdev": [0.20344750583171844, 0.179442897439003, 0.2396266907453537, 0.27524134516716003, 0.2503548860549927, 0.2041185349225998, 0.21373990178108215, 0.20560073852539062, 0.20623654127120972, 0.21605728566646576, 0.18061277270317078, 0.20511184632778168, 0.2012980729341507, 0.1963566541671753, 0.2123398780822754, 0.1846459060907364, 0.22897692024707794, 0.24222038686275482, 0.23224198818206787, 0.20961211621761322, 0.25062036514282227, 0.3423718512058258, 0.35864487290382385, 0.25035953521728516, 0.26491716504096985, 0.2587476670742035, 0.24859453737735748, 0.26682591438293457, 0.19187743961811066, 0.18911412358283997, 0.2075241655111313, 0.19803877174854279, 0.24053813517093658, 0.24199505150318146, 0.23426708579063416, 0.22727300226688385], "rhythm.beats_position": [0.41795918345451355, 0.8359183669090271, 1.2422676086425781, 1.6602267026901245, 2.078185796737671, 2.5077550411224365, 2.9257142543792725, 3.3436734676361084, 3.7616326808929443, 4.191201686859131, 4.597550868988037, 5.003900051116943, 5.41024923324585, 5.804988384246826, 6.199728012084961, 6.5944671630859375, 6.954376220703125, 7.3258957862854, 7.685804843902588, 8.034104347229004, 8.394013404846191], "rhythm.bpm_histogram": [0.0, 0.0, 0.0, 0.0, 0.0, 0.0, 0.0, 0.0, 0.0, 0.0, 0.0, 0.0, 0.0, 0.0, 0.0, 0.0, 0.0, 0.0, 0.0, 0.0, 0.0, 0.0, 0.0, 0.0, 0.0, 0.0, 0.0, 0.0, 0.0, 0.0, 0.0, 0.0, 0.0, 0.0, 0.0, 0.0, 0.0, 0.0, 0.0, 0.0, 0.0, 0.0, 0.0, 0.0, 0.0, 0.0, 0.0, 0.0, 0.0, 0.0, 0.0, 0.0, 0.0, 0.0, 0.0, 0.0, 0.0, 0.0, 0.0, 0.0, 0.0, 0.0, 0.0, 0.0, 0.0, 0.0, 0.0, 0.0, 0.0, 0.0, 0.0, 0.0, 0.0, 0.0, 0.0, 0.0, 0.0, 0.0, 0.0, 0.0, 0.0, 0.0, 0.0, 0.0, 0.0, 0.0, 0.0, 0.0, 0.0, 0.0, 0.0, 0.0, 0.0, 0.0, 0.0, 0.0, 0.0, 0.0, 0.0, 0.0, 0.0, 0.0, 0.0, 0.0, 0.0, 0.0, 0.0, 0.0, 0.0, 0.0, 0.0, 0.0, 0.0, 0.0, 0.0, 0.0, 0.0, 0.0, 0.0, 0.0, 0.0, 0.0, 0.0, 0.0, 0.0, 0.0, 0.0, 0.0, 0.0, 0.0, 0.0, 0.0, 0.0, 0.0, 0.0, 0.0, 0.0, 0.0, 0.0, 0.0, 0.10000000149011612, 0.0, 0.0, 0.0, 0.30000001192092896, 0.0, 0.0, 0.0, 0.20000000298023224, 0.0, 0.0, 0.0, 0.15000000596046448, 0.0, 0.0, 0.0, 0.0, 0.0, 0.0, 0.0, 0.0, 0.05000000074505806, 0.0, 0.0, 0.0, 0.0, 0.0, 0.15000000596046448, 0.0, 0.0, 0.0, 0.0, 0.05000000074505806, 0.0, 0.0, 0.0, 0.0, 0.0, 0.0, 0.0, 0.0, 0.0, 0.0, 0.0, 0.0, 0.0, 0.0, 0.0, 0.0, 0.0, 0.0, 0.0, 0.0, 0.0, 0.0, 0.0, 0.0, 0.0, 0.0, 0.0, 0.0, 0.0, 0.0, 0.0, 0.0, 0.0, 0.0, 0.0, 0.0, 0.0, 0.0, 0.0, 0.0, 0.0, 0.0, 0.0, 0.0, 0.0, 0.0, 0.0, 0.0, 0.0, 0.0, 0.0, 0.0, 0.0, 0.0, 0.0, 0.0, 0.0, 0.0, 0.0, 0.0, 0.0, 0.0, 0.0, 0.0, 0.0, 0.0, 0.0, 0.0, 0.0, 0.0, 0.0, 0.0, 0.0, 0.0, 0.0, 0.0, 0.0], "tonal.chords_histogram": [23.280424118041992, 6.878306865692139, 16.402116775512695, 0.0, 0.0, 0.0, 0.5291005373001099, 4.761904716491699, 0.0, 33.86243438720703, 0.0, 0.0, 0.0, 2.1164021492004395, 1.0582010746002197, 6.878306865692139, 0.0, 0.0, 0.0, 0.0, 0.0, 0.0, 0.0, 4.232804298400879], "tonal.thpcp": [1.0, 0.6069936752319336, 0.5778539776802063, 0.5425255298614502, 0.5404916405677795, 0.5122471451759338, 0.37332555651664734, 0.33458244800567627, 0.360748827457428, 0.35820361971855164, 0.3957115709781647, 0.430107444524765, 0.41086670756340027, 0.3843551576137543, 0.3142567276954651, 0.31085124611854553, 0.44014307856559753, 0.540725588798523, 0.464952290058136, 0.3719777762889862, 0.3817681670188904, 0.3559269905090332, 0.4031032919883728, 0.42806947231292725, 0.3511272966861725, 0.36223703622817993, 0.35825955867767334, 0.35399383306503296, 0.3382278084754944, 0.3139757215976715, 0.36149704456329346, 0.4166274070739746, 0.4237673878669739, 0.4439679682254791, 0.5306777954101562, 0.9594110250473022], "lowlevel.gfcc.cov": [[41398.484375, 9118.6923828125, -8412.0283203125, 226.30587768554688, -356.6817321777344, -3717.500732421875, -487.4373779296875, -1434.9407958984375, -45.012176513671875, -512.6925048828125, 464.5080261230469, -1527.7843017578125, -505.9515075683594], [9118.6923828125, 4706.78271484375, -1050.322021484375, -799.4990844726562, 205.7081298828125, -1159.161376953125, -254.843994140625, -457.7080993652344, -260.4252014160156, -264.91357421875, 195.8291778564453, -424.7494201660156, -144.460205078125], [-8412.0283203125, -1050.322021484375, 3177.9736328125, -121.87075805664062, -148.5058135986328, 977.7650146484375, -173.66656494140625, 268.96759033203125, -174.32797241210938, 61.80936813354492, -87.80437469482422, 497.5921325683594, 114.474609375], [226.30587768554688, -799.4990844726562, -121.87075805664062, 1019.6503295898438, 68.01714324951172, -37.557411193847656, -160.65789794921875, -227.4379119873047, 102.79601287841797, -1.114198088645935, -33.44624710083008, 37.15093231201172, 57.339149475097656], [-356.6817321777344, 205.7081298828125, -148.5058135986328, 68.01714324951172, 412.4692077636719, -96.8820571899414, -150.96221923828125, -62.124637603759766, 25.155000686645508, 23.319725036621094, -30.812135696411133, -61.283573150634766, 7.435717582702637], [-3717.500732421875, -1159.161376953125, 977.7650146484375, -37.557411193847656, -96.8820571899414, 810.1920166015625, 215.0594024658203, 254.76522827148438, -20.616331100463867, 116.94617462158203, -114.75078582763672, 236.1915740966797, 22.47917366027832], [-487.4373779296875, -254.843994140625, -173.66656494140625, -160.65789794921875, -150.96221923828125, 215.0594024658203, 532.6593017578125, 184.41668701171875, -19.970895767211914, -26.880430221557617, -39.15285873413086, 8.75351619720459, 14.724785804748535], [-1434.9407958984375, -457.7080993652344, 268.96759033203125, -227.4379119873047, -62.124637603759766, 254.76522827148438, 184.41668701171875, 352.8662414550781, 14.7730131149292, 16.00873374938965, -49.83100891113281, 63.67485809326172, 0.8272721171379089], [-45.012176513671875, -260.4252014160156, -174.32797241210938, 102.79601287841797, 25.155000686645508, -20.616331100463867, -19.970895767211914, 14.7730131149292, 147.167724609375, 33.314735412597656, -5.321990489959717, -27.26492691040039, -1.3891501426696777], [-512.6925048828125, -264.91357421875, 61.80936813354492, -1.114198088645935, 23.319725036621094, 116.94617462158203, -26.880430221557617, 16.00873374938965, 33.314735412597656, 184.5595245361328, 18.58304214477539, -21.704477310180664, -35.1860466003418], [464.5080261230469, 195.8291778564453, -87.80437469482422, -33.44624710083008, -30.812135696411133, -114.75078582763672, -39.15285873413086, -49.83100891113281, -5.321990489959717, 18.58304214477539, 100.24061584472656, -36.207557678222656, -36.550682067871094], [-1527.7843017578125, -424.7494201660156, 497.5921325683594, 37.15093231201172, -61.283573150634766, 236.1915740966797, 8.75351619720459, 63.67485809326172, -27.26492691040039, -21.704477310180664, -36.207557678222656, 203.2565460205078, 64.6451416015625], [-505.9515075683594, -144.460205078125, 114.474609375, 57.339149475097656, 7.435717582702637, 22.47917366027832, 14.724785804748535, 0.8272721171379089, -1.3891501426696777, -35.1860466003418, -36.550682067871094, 64.6451416015625, 94.36569213867188]], "lowlevel.gfcc.icov": [[0.0003482387401163578, -0.0007965453551150858, 0.0010210369946435094, -0.0006879467400722206, 0.0013015798758715391, -0.0005665895296260715, 0.000901843304745853, -0.0006022693123668432, 0.00032951802131719887, -0.0002847054274752736, 0.000390134344343096, -8.308913675136864e-05, -0.00016918816254474223], [-0.0007965453551150858, 0.0024513481184840202, -0.0024437212850898504, 0.0021244287490844727, -0.003205653978511691, 0.0019857466686517, -0.0021726181730628014, 0.0020604701712727547, -0.0001322528114542365, 0.0011449404992163181, -0.0007108322461135685, 0.0005554233794100583, 0.00102516682818532], [0.0010210369946435094, -0.0024437212850898504, 0.0038969938177615404, -0.0020122004207223654, 0.004019387532025576, -0.0029934111516922712, 0.003642625641077757, -0.002188665559515357, 0.0016164103290066123, -0.0005736914463341236, 0.0003174137382302433, -0.0006903152680024505, -0.0015184696530923247], [-0.0006879467400722206, 0.0021244287490844727, -0.0020122004207223654, 0.0032817295286804438, -0.0027477354742586613, 0.0013944081729277968, -0.0016518960474058986, 0.002939761383458972, -0.0012192275607958436, 0.0011236288119107485, -0.00015345211431849748, 9.740656241774559e-05, 0.00040180693031288683], [0.0013015798758715391, -0.003205653978511691, 0.004019387532025576, -0.0027477354742586613, 0.008146286010742188, -0.0025701476261019707, 0.004571326542645693, -0.0025192005559802055, 0.0011481154942885041, -0.0016281817806884646, 0.002911847084760666, 0.0008951034396886826, -0.0019315601093694568], [-0.0005665895296260715, 0.0019857466686517, -0.0029934111516922712, 0.0013944081729277968, -0.0025701476261019707, 0.007780484855175018, -0.004304591100662947, 0.0011826156405732036, -0.0002682561753317714, -0.0029325790237635374, 0.004563155118376017, -0.004293195437639952, 0.005407578777521849], [0.000901843304745853, -0.0021726181730628014, 0.003642625641077757, -0.0016518960474058986, 0.004571326542645693, -0.004304591100662947, 0.006588853895664215, -0.0030448210891336203, 0.00186669931281358, 0.0008111709612421691, -0.0003239406505599618, 0.002046763664111495, -0.0034396431874483824], [-0.0006022693123668432, 0.0020604701712727547, -0.002188665559515357, 0.002939761383458972, -0.0025192005559802055, 0.0011826156405732036, -0.0030448210891336203, 0.007147856522351503, -0.0019680606201291084, 0.0011597748380154371, 0.001141989603638649, -0.0002624630287755281, 0.0021487732883542776], [0.00032951802131719887, -0.0001322528114542365, 0.0016164103290066123, -0.0012192275607958436, 0.0011481154942885041, -0.0002682561753317714, 0.00186669931281358, -0.0019680606201291084, 0.010176151990890503, -0.0012739190133288503, 0.0004116219934076071, 0.0012803311692550778, -0.0009991894476115704], [-0.0002847054274752736, 0.0011449404992163181, -0.0005736914463341236, 0.0011236288119107485, -0.0016281817806884646, -0.0029325790237635374, 0.0008111709612421691, 0.0011597748380154371, -0.0012739190133288503, 0.00971076637506485, -0.004396381322294474, 0.004031962715089321, 6.673541065538302e-05], [0.000390134344343096, -0.0007108322461135685, 0.0003174137382302433, -0.00015345211431849748, 0.002911847084760666, 0.004563155118376017, -0.0003239406505599618, 0.001141989603638649, 0.0004116219934076071, -0.004396381322294474, 0.01861458085477352, -0.003532633651047945, 0.007432642858475447], [-8.308913675136864e-05, 0.0005554233794100583, -0.0006903152680024505, 9.740656241774559e-05, 0.0008951034396886826, -0.004293195437639952, 0.002046763664111495, -0.0002624630287755281, 0.0012803311692550778, 0.004031962715089321, -0.003532633651047945, 0.014993549324572086, -0.008299268782138824], [-0.00016918816254474223, 0.00102516682818532, -0.0015184696530923247, 0.00040180693031288683, -0.0019315601093694568, 0.005407578777521849, -0.0034396431874483824, 0.0021487732883542776, -0.0009991894476115704, 6.673541065538302e-05, 0.007432642858475447, -0.008299268782138824, 0.020813629031181335]], "lowlevel.mfcc.cov": [[24589.03515625, 6342.380859375, -6409.68994140625, 2199.86279296875, -1063.7496337890625, -1476.926025390625, -916.2007446289062, -1283.112548828125, -1362.948486328125, 268.57464599609375, -508.0930480957031, 48.0929069519043, -106.27486419677734], [6342.380859375, 4886.99755859375, -830.348876953125, -115.0571060180664, 47.645896911621094, -775.74267578125, -17.0779972076416, -471.87738037109375, -512.2962646484375, -149.6800994873047, -118.92770385742188, -69.30818939208984, 35.74275588989258], [-6409.68994140625, -830.348876953125, 2884.0654296875, -532.6290893554688, 239.52471923828125, 453.7901306152344, 209.9306640625, 348.0129699707031, 190.3030242919922, -212.9997100830078, 25.23540687561035, -82.3040771484375, 133.87179565429688], [2199.86279296875, -115.0571060180664, -532.6290893554688, 850.2757568359375, 136.13214111328125, 27.873924255371094, -271.16961669921875, -203.4450225830078, -191.45135498046875, 15.476181983947754, -155.07894897460938, -155.25880432128906, -23.775354385375977], [-1063.7496337890625, 47.645896911621094, 239.52471923828125, 136.13214111328125, 656.5272827148438, 78.38638305664062, -175.11924743652344, -153.3817901611328, -76.15201568603516, -18.508695602416992, 21.862943649291992, -205.65847778320312, -13.578413009643555], [-1476.926025390625, -775.74267578125, 453.7901306152344, 27.873924255371094, 78.38638305664062, 445.79632568359375, 61.87856674194336, 36.283607482910156, 109.03515625, -14.227790832519531, 36.65058135986328, 29.482507705688477, -24.497642517089844], [-916.2007446289062, -17.0779972076416, 209.9306640625, -271.16961669921875, -175.11924743652344, 61.87856674194336, 334.9983825683594, 159.8116455078125, 149.44570922851562, -3.4880287647247314, 45.25183868408203, 106.41357421875, -8.916985511779785], [-1283.112548828125, -471.87738037109375, 348.0129699707031, -203.4450225830078, -153.3817901611328, 36.283607482910156, 159.8116455078125, 342.4059143066406, 212.23092651367188, -48.753665924072266, 10.557744026184082, 69.2691421508789, 5.163951873779297], [-1362.948486328125, -512.2962646484375, 190.3030242919922, -191.45135498046875, -76.15201568603516, 109.03515625, 149.44570922851562, 212.23092651367188, 309.9562683105469, 3.6209566593170166, 33.26911544799805, 89.8608627319336, -39.175838470458984], [268.57464599609375, -149.6800994873047, -212.9997100830078, 15.476181983947754, -18.508695602416992, -14.227790832519531, -3.4880287647247314, -48.753665924072266, 3.6209566593170166, 212.7947998046875, 85.61893463134766, 9.70076847076416, 11.316486358642578], [-508.0930480957031, -118.92770385742188, 25.23540687561035, -155.07894897460938, 21.862943649291992, 36.65058135986328, 45.25183868408203, 10.557744026184082, 33.26911544799805, 85.61893463134766, 156.08270263671875, 61.53000259399414, -6.836688041687012], [48.0929069519043, -69.30818939208984, -82.3040771484375, -155.25880432128906, -205.65847778320312, 29.482507705688477, 106.41357421875, 69.2691421508789, 89.8608627319336, 9.70076847076416, 61.53000259399414, 179.89321899414062, 3.1597888469696045], [-106.27486419677734, 35.74275588989258, 133.87179565429688, -23.775354385375977, -13.578413009643555, -24.497642517089844, -8.916985511779785, 5.163951873779297, -39.175838470458984, 11.316486358642578, -6.836688041687012, 3.1597888469696045, 109.31285095214844]], "lowlevel.mfcc.icov": [[0.0008067123708315194, -0.0010106072295457125, 0.0011354354210197926, -0.0011961301788687706, 0.0013334333198145032, -0.0008421316742897034, 0.001359933172352612, -0.0009589996770955622, 0.0012285306584089994, -0.0009211350698024035, 0.0006914149853400886, -0.000694574264343828, 0.0001961595844477415], [-0.0010106072295457125, 0.0016990690492093563, -0.0014224181650206447, 0.0016232662601396441, -0.0018383865244686604, 0.0017719113966450095, -0.0022049392573535442, 0.0018220344791188836, -0.0011664213379845023, 0.0015224512899294496, -0.000626984576229006, 0.0006036510458216071, -0.00017252701218239963], [0.0011354354210197926, -0.0014224181650206447, 0.0023931607138365507, -0.0011488578747957945, 0.00180122721940279, -0.0020866799168288708, 0.001841318211518228, -0.0019350795773789287, 0.0018447947222739458, -0.0006605308153666556, 0.0007841477636247873, 0.0001695601677056402, -0.0008403371321037412], [-0.0011961301788687706, 0.0016232662601396441, -0.0011488578747957945, 0.00458243303000927, -0.002192630898207426, 7.395249849651009e-05, -0.0009572364506311715, 0.0011274018324911594, -0.0005692268605343997, 0.0004153408808633685, 0.0018340478418394923, 0.0016199206002056599, 0.0001437326573068276], [0.0013334333198145032, -0.0018383865244686604, 0.00180122721940279, -0.002192630898207426, 0.00618827436119318, -0.0020840782672166824, 0.0032330970279872417, 0.00013932368892710656, -5.94839257246349e-05, 0.0004317077691666782, -0.002795168897137046, 0.004289825912564993, -0.0005913585191592574], [-0.0008421316742897034, 0.0017719113966450095, -0.0020866799168288708, 7.395249849651009e-05, -0.0020840782672166824, 0.0060104443691670895, -0.002901970176026225, 0.003145586932078004, -0.002188281388953328, 0.0017078084638342261, -0.0013528317213058472, -0.0013968560378998518, 0.0008709761896170676], [0.001359933172352612, -0.0022049392573535442, 0.001841318211518228, -0.0009572364506311715, 0.0032330970279872417, -0.002901970176026225, 0.008258755318820477, -0.003274733666330576, 0.0011479586828500032, -0.0023937304504215717, 0.0012728255242109299, -0.0015457042027264833, 0.0009430514182895422], [-0.0009589996770955622, 0.0018220344791188836, -0.0019350795773789287, 0.0011274018324911594, 0.00013932368892710656, 0.003145586932078004, -0.003274733666330576, 0.009764094837009907, -0.006286689080297947, 0.0041120620444417, -0.002870665630325675, 0.0028003142215311527, -0.001858432893641293], [0.0012285306584089994, -0.0011664213379845023, 0.0018447947222739458, -0.0005692268605343997, -5.94839257246349e-05, -0.002188281388953328, 0.0011479586828500032, -0.006286689080297947, 0.011385257355868816, -0.004312152974307537, 0.005229972768574953, -0.005708378739655018, 0.004104338586330414], [-0.0009211350698024035, 0.0015224512899294496, -0.0006605308153666556, 0.0004153408808633685, 0.0004317077691666782, 0.0017078084638342261, -0.0023937304504215717, 0.0041120620444417, -0.004312152974307537, 0.01084139384329319, -0.008754326030611992, 0.00556618208065629, -0.003823394887149334], [0.0006914149853400886, -0.000626984576229006, 0.0007841477636247873, 0.0018340478418394923, -0.002795168897137046, -0.0013528317213058472, 0.0012728255242109299, -0.002870665630325675, 0.005229972768574953, -0.008754326030611992, 0.01801297999918461, -0.009479374624788761, 0.004086046479642391], [-0.000694574264343828, 0.0006036510458216071, 0.0001695601677056402, 0.0016199206002056599, 0.004289825912564993, -0.0013968560378998518, -0.0015457042027264833, 0.0028003142215311527, -0.005708378739655018, 0.00556618208065629, -0.009479374624788761, 0.01829482987523079, -0.004510237369686365], [0.0001961595844477415, -0.00017252701218239963, -0.0008403371321037412, 0.0001437326573068276, -0.0005913585191592574, 0.0008709761896170676, 0.0009430514182895422, -0.001858432893641293, 0.004104338586330414, -0.003823394887149334, 0.004086046479642391, -0.004510237369686365, 0.012994685210287571]], "metadata.audio_properties.analysis.downmix": "mix", "metadata.audio_properties.codec": "mp3", "metadata.audio_properties.md5_encoded": "e8539f548076cfa77bbd30a6541ad767", "metadata.tags.file_name": "1183712285781405737.mp3", "metadata.version.essentia": "2.1-beta6-dev", "metadata.version.essentia_git_sha": "v2.1_beta5-1110-g77a6a954", "metadata.version.extractor": "music 2.0", "tonal.chords_key": "E", "tonal.chords_scale": "major", "tonal.key_edma.key": "A", "tonal.key_edma.scale": "minor", "tonal.key_krumhansl.key": "A", "tonal.key_krumhansl.scale": "minor", "tonal.key_temperley.key": "A", "tonal.key_temperley.scale": "minor", "metadata.tags.encoding": ["Lavf58.45.100"]}, "essentia_models": [{"model_name": "genre_dortmund", "activations": {"alternative": "0.16799226", "blues": "0.08343612", "electronic": "0.15424198", "folkcountry": "0.23134229", "funksoulrnb": "0.14165878", "jazz": "0.4259412", "pop": "0.061480116", "raphiphop": "0.17688638", "rock": "0.29714185"}}, {"model_name": "genre_rosamerica", "activations": {"classic": "0.75032294", "dance": "0.07052748", "hip hop": "0.0071924655", "jazz": "0.15088323", "pop": "0.012961928", "rhythm and blues": "0.019982751", "rock": "0.08619141", "speech": "0.2016861"}}, {"m