{"song_id": "1183710860808552508", "download": "https://cdn.discordapp.com/attachments/1128313332273782784/1183710860808552508/chirp.mp4?ex=658953a5&amp", "lyrics": "\u306d\u3048 \u805e\u3053\u3048\u307e\u3059\u304b\uff1f\u3000\n\u98a8\u306e\u4fbf\u308a\u306f\u5c4a\u304d\u307e\u3057\u305f\u304b\uff1f\n\u4eca\u65e5\u306f\u3042\u307e\u308a\u98a8\u306f\u3000\n\u5439\u3044\u3066\u3044\u306a\u3044\u3051\u308c\u3069\u3002\u3002\u3002\n\n\u751f\u304d\u3066\u308b\u9593\u306b\u3057\u304b\u3000\n\u611f\u8b1d\u306f\u8fd4\u305b\u306a\u3044\u304b\u3089\n\u4eca\u3053\u305d\u3042\u306e\u9803\u306e\u3053\u3068\n\u300c\u3054\u3081\u3093\u306a\u3055\u3044\u300d\u3063\u3066\u8a00\u3046\u308f\n\n\u53ef\u6190\u82b1\u306b\u5fc3\u52b1\u307e\u3055\u308c\u3000\n\u305f\u3060\u512a\u3057\u304f\u62b1\u304d\u3057\u3081\u305f\u3044\n\u3042\u306a\u305f\u306e\u305d\u306e\u4e0d\u5b89\u3092\u3000\n\u7b11\u9854\u306b\u3057\u305f\u3044\u304b\u3089\u3002\u3002\u3002\n\n\u3053\u306e\u6b4c\u3092\u98a8\u306b\u4e57\u305b\u3066\u3000\u3000\n\u3053\u306e\u611b\u3092\u5c4a\u3051\u305f\u304f\u3066\n\u3042\u306a\u305f\u3078\u306e\u52df\u308b\u601d\u3044\u306f\u3000\n\u65e5\u306b\u65e5\u306b\u5897\u3059\u3070\u304b\u308a", "style": ["industrial</span><span>, bpm 104</span><span>, male voice"], "essentia_features": {"lowlevel.average_loudness": 0.592724621295929, "lowlevel.barkbands_crest.mean": 12.623384475708008, "lowlevel.barkbands_crest.stdev": 4.034228324890137, "lowlevel.barkbands_flatness_db.mean": 0.42220064997673035, "lowlevel.barkbands_flatness_db.stdev": 0.0979476273059845, "lowlevel.barkbands_kurtosis.mean": 5.181647777557373, "lowlevel.barkbands_kurtosis.stdev": 9.146669387817383, "lowlevel.barkbands_skewness.mean": 1.0363271236419678, "lowlevel.barkbands_skewness.stdev": 1.5670363903045654, "lowlevel.barkbands_spread.mean": 4.35576057434082, "lowlevel.barkbands_spread.stdev": 7.13054895401001, "lowlevel.dissonance.mean": 0.29522931575775146, "lowlevel.dissonance.stdev": 0.09370680898427963, "lowlevel.dynamic_complexity": 4.303864479064941, "lowlevel.erbbands_crest.mean": 15.87868881225586, "lowlevel.erbbands_crest.stdev": 6.078751087188721, "lowlevel.erbbands_flatness_db.mean": 0.384308785200119, "lowlevel.erbbands_flatness_db.stdev": 0.09424322098493576, "lowlevel.erbbands_kurtosis.mean": 4.732715129852295, "lowlevel.erbbands_kurtosis.stdev": 16.416217803955078, "lowlevel.erbbands_skewness.mean": 0.2394811362028122, "lowlevel.erbbands_skewness.stdev": 1.4040741920471191, "lowlevel.erbbands_spread.mean": 11.2899808883667, "lowlevel.erbbands_spread.stdev": 16.933414459228516, "lowlevel.hfc.mean": 7.703561782836914, "lowlevel.hfc.stdev": 10.861899375915527, "lowlevel.loudness_ebu128.integrated": -22.480661392211914, "lowlevel.loudness_ebu128.loudness_range": 6.306915283203125, "lowlevel.loudness_ebu128.momentary.mean": -24.20064926147461, "lowlevel.loudness_ebu128.momentary.stdev": 4.9118123054504395, "lowlevel.loudness_ebu128.short_term.mean": -23.12736701965332, "lowlevel.loudness_ebu128.short_term.stdev": 2.145419120788574, "lowlevel.melbands_crest.mean": 18.0876522064209, "lowlevel.melbands_crest.stdev": 5.002103328704834, "lowlevel.melbands_flatness_db.mean": 0.5353888869285583, "lowlevel.melbands_flatness_db.stdev": 0.1254926174879074, "lowlevel.melbands_kurtosis.mean": 9.091906547546387, "lowlevel.melbands_kurtosis.stdev": 21.772151947021484, "lowlevel.melbands_skewness.mean": 1.5988956689834595, "lowlevel.melbands_skewness.stdev": 1.8894429206848145, "lowlevel.melbands_spread.mean": 5.994983673095703, "lowlevel.melbands_spread.stdev": 13.525900840759277, "lowlevel.pitch_salience.mean": 0.46020182967185974, "lowlevel.pitch_salience.stdev": 0.10972269624471664, "lowlevel.silence_rate_20dB.mean": 1.0, "lowlevel.silence_rate_20dB.stdev": 0.0, "lowlevel.silence_rate_30dB.mean": 0.9727693796157837, "lowlevel.silence_rate_30dB.stdev": 0.16275349259376526, "lowlevel.silence_rate_60dB.mean": 0.11471610516309738, "lowlevel.silence_rate_60dB.stdev": 0.3186759650707245, "lowlevel.spectral_centroid.mean": 440.921630859375, "lowlevel.spectral_centroid.stdev": 819.6288452148438, "lowlevel.spectral_complexity.mean": 6.126883029937744, "lowlevel.spectral_complexity.stdev": 2.423717498779297, "lowlevel.spectral_decrease.mean": -6.2467222505802056e-09, "lowlevel.spectral_decrease.stdev": 7.081429220789914e-09, "lowlevel.spectral_energy.mean": 0.024275200441479683, "lowlevel.spectral_energy.stdev": 0.027432756498456, "lowlevel.spectral_energyband_high.mean": 0.00011208491923753172, "lowlevel.spectral_energyband_high.stdev": 0.0005317569593898952, "lowlevel.spectral_energyband_low.mean": 0.008550803177058697, "lowlevel.spectral_energyband_low.stdev": 0.015186640433967113, "lowlevel.spectral_energyband_middle_high.mean": 0.0004686191095970571, "lowlevel.spectral_energyband_middle_high.stdev": 0.0019744292367249727, "lowlevel.spectral_energyband_middle_low.mean": 0.017208291217684746, "lowlevel.spectral_energyband_middle_low.stdev": 0.019639911130070686, "lowlevel.spectral_entropy.mean": 5.069666385650635, "lowlevel.spectral_entropy.stdev": 0.9570428133010864, "lowlevel.spectral_flux.mean": 0.025750797241926193, "lowlevel.spectral_flux.stdev": 0.029940826818346977, "lowlevel.spectral_kurtosis.mean": 131.40225219726562, "lowlevel.spectral_kurtosis.stdev": 78.87406158447266, "lowlevel.spectral_rms.mean": 0.004237631801515818, "lowlevel.spectral_rms.stdev": 0.0023928293958306313, "lowlevel.spectral_rolloff.mean": 622.388671875, "lowlevel.spectral_rolloff.stdev": 1682.276123046875, "lowlevel.spectral_skewness.mean": 9.234574317932129, "lowlevel.spectral_skewness.stdev": 3.683319330215454, "lowlevel.spectral_spread.mean": 2070413.0, "lowlevel.spectral_spread.stdev": 3765675.25, "lowlevel.spectral_strongpeak.mean": 0.9704492688179016, "lowlevel.spectral_strongpeak.stdev": 1.019400715827942, "lowlevel.zerocrossingrate.mean": 0.024219145998358727, "lowlevel.zerocrossingrate.stdev": 0.05393103510141373, "metadata.audio_properties.analysis.equal_loudness": 0.0, "metadata.audio_properties.analysis.length": 40.04265213012695, "metadata.audio_properties.analysis.sample_rate": 44100.0, "metadata.audio_properties.analysis.start_time": 0.0, "metadata.audio_properties.bit_rate": 111818.0, "metadata.audio_properties.length": 40.042667388916016, "metadata.audio_properties.lossless": 0.0, "metadata.audio_properties.number_channels": 1.0, "metadata.audio_properties.replay_gain": -5.740814208984375, "metadata.audio_properties.sample_rate": 48000.0, "rhythm.beats_count": 69.0, "rhythm.beats_loudness.mean": 0.04150603711605072, "rhythm.beats_loudness.stdev": 0.0353434681892395, "rhythm.bpm": 108.2962417602539, "rhythm.bpm_histogram_first_peak_bpm": 108.0, "rhythm.bpm_histogram_first_peak_weight": 0.5263157486915588, "rhythm.bpm_histogram_second_peak_bpm": 96.0, "rhythm.bpm_histogram_second_peak_spread": 0.625, "rhythm.bpm_histogram_second_peak_weight": 0.0882352963089943, "rhythm.danceability": 0.9310088157653809, "rhythm.onset_rate": 1.72265625, "tonal.chords_changes_rate": 0.054398149251937866, "tonal.chords_number_rate": 0.0173611119389534, "tonal.chords_strength.mean": 0.4655294418334961, "tonal.chords_strength.stdev": 0.08451542258262634, "tonal.hpcp_crest.mean": 21.805042266845703, "tonal.hpcp_crest.stdev": 7.94620418548584, "tonal.hpcp_entropy.mean": 1.0207903385162354, "tonal.hpcp_entropy.stdev": 0.5431913137435913, "tonal.key_edma.strength": 0.7928074598312378, "tonal.key_krumhansl.strength": 0.7962207198143005, "tonal.key_temperley.strength": 0.7934786081314087, "tonal.tuning_diatonic_strength": 0.5571392178535461, "tonal.tuning_equal_tempered_deviation": 0.07257349044084549, "tonal.tuning_frequency": 437.7185363769531, "tonal.tuning_nontempered_energy_ratio": 0.6610720157623291, "lowlevel.barkbands.mean": [4.781880761584034e-06, 0.0028145238757133484, 0.0037509966641664505, 0.0036001151893287897, 0.005430143792182207, 0.003656157525256276, 0.0019422548357397318, 0.0012911632657051086, 0.0010941843502223492, 0.00026031601009890437, 8.727506792638451e-05, 7.371533865807578e-05, 9.007108747027814e-05, 1.38939276439487e-05, 1.593685374245979e-05, 1.2666658221860416e-05, 5.100223916087998e-06, 5.052647793490905e-06, 1.078462719306117e-05, 7.847044798836578e-06, 4.7154676394711714e-06, 5.5804280236770865e-06, 2.3654392862226814e-05, 4.477014590520412e-05, 2.4902237782953307e-05, 4.677229298977181e-06, 1.1726295490177563e-08], "lowlevel.barkbands.stdev": [1.0287976692779921e-05, 0.006862664595246315, 0.007750036660581827, 0.008269491605460644, 0.007378515787422657, 0.006776457652449608, 0.004268289543688297, 0.0028794454410672188, 0.008075918070971966, 0.0015753301559016109, 0.0005546978209167719, 0.0005008984007872641, 0.0015161912888288498, 9.802865679375827e-05, 9.469168435316533e-05, 0.00012350241013336927, 2.690440851438325e-05, 3.7184399843681604e-05, 6.036839113221504e-05, 3.503770494717173e-05, 2.25124695134582e-05, 3.457119964878075e-05, 0.00012908408825751394, 0.0002185386256314814, 0.000138593721203506, 2.268081698275637e-05, 1.2326250953265117e-07], "lowlevel.erbbands.mean": [0.013562818989157677, 0.8794742226600647, 4.690380573272705, 8.436918258666992, 15.305566787719727, 15.97327995300293, 33.55363464355469, 21.173852920532227, 22.490840911865234, 38.19990539550781, 28.073965072631836, 24.711074829101562, 18.803340911865234, 4.500585556030273, 3.1600611209869385, 3.7144269943237305, 4.792431831359863, 0.9971718192100525, 0.5402116775512695, 1.0782442092895508, 0.494218647480011, 0.26853087544441223, 0.25793060660362244, 0.4847383499145508, 0.4934704005718231, 0.3599284291267395, 0.27733516693115234, 0.1309749037027359, 0.17850354313850403, 0.3617863357067108, 0.7250718474388123, 0.7272573113441467, 0.8455066680908203, 0.41598087549209595, 0.1193106397986412, 0.0313984751701355, 0.006880597677081823, 0.0005582559970207512, 2.43105514527997e-05, 2.79761225101538e-05], "lowlevel.erbbands.stdev": [0.03149786591529846, 2.132688283920288, 10.392394065856934, 17.128196716308594, 25.787830352783203, 22.787261962890625, 77.44890594482422, 42.350059509277344, 60.05617141723633, 91.68013763427734, 56.90521240234375, 156.84295654296875, 156.1357879638672, 11.97396469116211, 19.35610580444336, 24.04776382446289, 78.03411865234375, 6.867599010467529, 3.0085229873657227, 7.117095470428467, 3.512990951538086, 1.3277043104171753, 1.8025143146514893, 3.0430188179016113, 2.557751417160034, 1.6260896921157837, 1.3198964595794678, 0.6280263662338257, 1.011716604232788, 2.106240749359131, 4.020719051361084, 3.294215202331543, 4.518838882446289, 2.399350881576538, 0.6356937289237976, 0.15449662506580353, 0.034259047359228134, 0.0031689717434346676, 7.125088450266048e-05, 3.173308141413145e-05], "lowlevel.gfcc.mean": [-234.83753967285156, 200.1417694091797, -20.320005416870117, -34.09407424926758, -84.63363647460938, 1.550973653793335, -33.519771575927734, -12.259757995605469, -23.484790802001953, -10.780085563659668, -8.89693832397461, -16.849889755249023, -9.107940673828125], "lowlevel.melbands.mean": [0.00041277936543338, 0.002027053851634264, 0.0016530277207493782, 0.001082518370822072, 0.0010539103532209992, 0.0005302435019984841, 0.000365092302672565, 0.00038041744846850634, 0.00021694388124160469, 0.00014919023669790477, 8.983510633697733e-05, 1.5555791833321564e-05, 1.2090515156160109e-05, 8.488744242640678e-06, 1.0977274541801307e-05, 6.6820343818108086e-06, 1.4189560033628368e-06, 7.156658625717682e-07, 1.1466403293525218e-06, 1.4495125242319773e-06, 4.202805712338886e-07, 2.867982118459622e-07, 2.2959606837957836e-07, 2.4146046939677035e-07, 4.088046239303367e-07, 4.037793530642375e-07, 2.995142267536721e-07, 2.2236302754663484e-07, 1.9636573256320844e-07, 1.0828708951748922e-07, 6.15511126511592e-08, 8.485668701041504e-08, 1.3501301054930082e-07, 2.3089671685738722e-07, 3.6829703731200425e-07, 5.390315322983952e-07, 4.0538424173064413e-07, 6.099045322116581e-07, 4.918902618555876e-07, 3.210368788586493e-07], "lowlevel.melbands.stdev": [0.0009984372882172465, 0.0043357317335903645, 0.002834938932210207, 0.001566027058288455, 0.0021577614825218916, 0.0010345696937292814, 0.0008811032748781145, 0.0009043161408044398, 0.0005474244244396687, 0.0010326745687052608, 0.0007861728081479669, 4.050979987368919e-05, 8.460942626697943e-05, 5.773444354417734e-05, 0.0001343531912425533, 0.00010326866322429851, 1.0201023542322218e-05, 4.120490302739199e-06, 6.675332315353444e-06, 1.2779498320014682e-05, 2.5361507596244337e-06, 1.5218290627672104e-06, 1.3912214171796222e-06, 2.0267555100872414e-06, 2.6130751393793616e-06, 2.3574802980874665e-06, 1.337290655101242e-06, 1.047738010129251e-06, 9.520140906715824e-07, 5.244160661277419e-07, 3.1386335308525304e-07, 4.6157629185472615e-07, 9.050623361872567e-07, 1.352240246887959e-06, 2.2184117369761225e-06, 2.6875040930463e-06, 1.8195466964243678e-06, 3.2231603199761594e-06, 2.8630347514990717e-06, 1.945613576026517e-06], "lowlevel.melbands128.mean": [2.660622385519673e-06, 4.498968337429687e-06, 0.0001661488931858912, 0.0019313008524477482, 0.0027341945096850395, 0.0014976314269006252, 0.0017127091996371746, 0.0016945225652307272, 0.0017061623511835933, 0.0009264298132620752, 0.0007976482156664133, 0.000956325326114893, 0.0014615771360695362, 0.0007682875730097294, 0.00030919950222596526, 0.0005933321081101894, 0.00041098520159721375, 0.00023964956926647574, 0.0003579796466510743, 0.0006112653645686805, 0.00021714868489652872, 0.00022752983204554766, 0.00023777817841619253, 0.0001645485172048211, 0.00019794823310803622, 8.330540003953502e-05, 0.00019617326324805617, 8.592550875619054e-05, 1.341893494100077e-05, 1.7776654203771614e-05, 1.4275727153290063e-05, 1.455035999242682e-05, 1.7084965293179266e-05, 4.655762040783884e-06, 6.460541044361889e-06, 1.0653360732248984e-05, 1.2128130038036034e-05, 2.1033931716374354e-06, 2.166461490560323e-05, 1.169411279988708e-05, 7.337755505432142e-07, 2.729747848206898e-06, 1.625946879357798e-06, 7.886411026447604e-07, 5.127125746184902e-07, 6.737375315424288e-07, 1.0808062143041752e-06, 6.539445962516766e-07, 1.5383958498205175e-06, 1.7333510413664044e-06, 1.9534727471182123e-06, 4.187182867099182e-07, 4.016897605652048e-07, 3.921514633020706e-07, 4.6936085595916666e-07, 2.2744461602997035e-07, 1.961829525498615e-07, 2.4393094122387993e-07, 2.5574536266503856e-07, 1.745233220162845e-07, 2.456561674080149e-07, 2.3284205497020594e-07, 4.163664186762617e-07, 4.7248317969206255e-07, 3.9192377698782366e-07, 4.454880411230988e-07, 4.092987637704937e-07, 2.348620284919889e-07, 3.470152023510309e-07, 2.6956919896292675e-07, 1.955458657221243e-07, 2.016639655266772e-07, 2.3218676403757854e-07, 2.0224085517384083e-07, 1.5779295381435077e-07, 1.1080249606720827e-07, 8.805463380667788e-08, 7.09234271312198e-08, 5.606314346096042e-08, 5.4474636357326744e-08, 6.094753501884043e-08, 1.1638724828344493e-07, 1.0688696505667394e-07, 1.333420414084685e-07, 1.6176585404537036e-07, 1.6746098197018e-07, 2.79862547358789e-07, 3.082987234392931e-07, 3.1609528150511323e-07, 4.3168805063942273e-07, 6.07076913183846e-07, 5.936871616540884e-07, 4.207461756777775e-07, 3.1365286190521147e-07, 4.426186421824241e-07, 5.49584171949391e-07, 6.327497885649791e-07, 7.317622134905832e-07, 5.568154506363499e-07, 3.2039883990364615e-07, 3.3825654099928215e-07, 3.614764807480242e-07, 2.432595636037149e-07, 1.9668448203447042e-07, 1.0362514046846627e-07, 6.691207943276822e-08, 8.366625081634993e-08, 7.046146777156537e-08, 5.19370075835468e-08, 3.662970371465235e-08, 2.2464492488438736e-08, 2.537652576961591e-08, 2.6400272190585383e-08, 1.2264478321810657e-08, 8.972751430746939e-09, 5.874515540682523e-09, 6.888011272465633e-10, 6.7612469442646095e-12, 4.9036972399330025e-12, 4.698743130693295e-12, 4.57598368919232e-12, 4.490862109268745e-12, 4.41675298765154e-12, 4.331408929442171e-12, 4.154584662408034e-12, 3.892563788659986e-12, 3.745439288577179e-12, 3.708951548664352e-12], "lowlevel.melbands128.stdev": [5.613367193291197e-06, 9.750349818204995e-06, 0.0003916324640158564, 0.004729049280285835, 0.006755520589649677, 0.002766500459983945, 0.0039994241669774055, 0.003898455062881112, 0.003325560363009572, 0.002013243967667222, 0.0014604052994400263, 0.001822999562136829, 0.003911630250513554, 0.0017994232475757599, 0.0008116011158563197, 0.0018129717791453004, 0.0014685853384435177, 0.0011977565009146929, 0.0008465585997328162, 0.0016639928799122572, 0.0008845378761179745, 0.0005184024921618402, 0.0005953664658591151, 0.0012473813258111477, 0.001681535504758358, 0.0009779153624549508, 0.0024283467791974545, 0.0006229718565009534, 0.00010532027954468504, 5.805185719509609e-05, 3.6931276554241776e-05, 9.523089102003723e-05, 0.00015679483476560563, 3.542143167578615e-05, 7.141338574001566e-05, 8.047608571359888e-05, 9.717349894344807e-05, 1.2747416803904343e-05, 0.0003876005357597023, 0.0002063836727757007, 3.106148596998537e-06, 2.5953300792025402e-05, 1.3778710126644e-05, 4.106308551854454e-06, 2.7554663120099576e-06, 4.346560672274791e-06, 9.99390431388747e-06, 3.891411324730143e-06, 1.16168157546781e-05, 1.2357282685115933e-05, 2.4599583412054926e-05, 3.417435664232471e-06, 2.720616521401098e-06, 2.5603303583920933e-06, 3.568300826373161e-06, 1.1831550636998145e-06, 1.095847437682096e-06, 1.5882083062024321e-06, 1.867025503088371e-06, 1.3094781934341881e-06, 2.5075285066122888e-06, 2.1013966033933684e-06, 3.3940564208023716e-06, 3.2961327178782085e-06, 2.2591984816244803e-06, 3.128016942355316e-06, 2.4970765934995143e-06, 1.122636831496493e-06, 1.7440255533074378e-06, 1.3069105762042454e-06, 1.0176587466048659e-06, 1.0407235322418273e-06, 1.2252833130332874e-06, 1.0575361102382885e-06, 8.585203659094987e-07, 5.699171765627398e-07, 4.5787774638483825e-07, 3.911748649443325e-07, 3.117334870239574e-07, 3.107996064954932e-07, 3.828841954600648e-07, 6.241812684493198e-07, 7.844600418138725e-07, 9.237835456588073e-07, 1.2203292953927303e-06, 1.0521586091272184e-06, 1.6728126865928061e-06, 2.048671831289539e-06, 2.194776016040123e-06, 2.641261517055682e-06, 3.5881314488506177e-06, 2.748720589806908e-06, 2.158348479497363e-06, 1.5423424883920234e-06, 2.163825229217764e-06, 2.7651963137032e-06, 3.649867949206964e-06, 4.5430142563418485e-06, 3.5886960176867433e-06, 1.7983245470531983e-06, 1.940383071996621e-06, 2.477833731973078e-06, 1.54181623202021e-06, 1.101537009162712e-06, 6.72812461743888e-07, 3.6643427847593557e-07, 4.401189812597295e-07, 3.580354643872852e-07, 2.7311273242958123e-07, 2.322037317981085e-07, 1.2473047661387682e-07, 1.5158042288021534e-07, 1.4295542882791779e-07, 6.796989993063107e-08, 6.598142476832436e-08, 4.4056417181082e-08, 7.445856819998653e-09, 1.980309839721972e-11, 9.28297716473736e-12, 8.926137606835027e-12, 8.711201031352811e-12, 8.528810470365134e-12, 8.353762993851266e-12, 8.211020405268776e-12, 8.094890209531247e-12, 7.996220005579424e-12, 7.92665065529885e-12, 7.883930487617707e-12], "lowlevel.mfcc.mean": [-914.527099609375, 252.6757354736328, 91.13114929199219, -11.482490539550781, -17.36419677734375, -6.289278984069824, -4.801885604858398, -8.88772964477539, -12.016946792602539, -5.2061567306518555, -4.090996265411377, -3.2356417179107666, -4.798727512359619], "lowlevel.spectral_contrast_coeffs.mean": [-0.5737305879592896, -0.6280175447463989, -0.7087914347648621, -0.7966220378875732, -0.880853533744812, -0.8716391921043396], "lowlevel.spectral_contrast_coeffs.stdev": [0.09823264181613922, 0.08118084073066711, 0.07527629286050797, 0.057165976613759995, 0.037171583622694016, 0.026489272713661194], "lowlevel.spectral_contrast_valleys.mean": [-7.722094535827637, -7.945864200592041, -9.654158592224121, -11.26943302154541, -11.70797061920166, -13.133944511413574], "lowlevel.spectral_contrast_valleys.stdev": [1.8522069454193115, 1.7726054191589355, 1.7025920152664185, 1.7424410581588745, 1.7766175270080566, 1.6754289865493774], "rhythm.beats_loudness_band_ratio.mean": [0.3891744911670685, 0.3848038911819458, 0.2629511058330536, 0.04808979108929634, 0.001775541459210217, 0.005759074352681637], "rhythm.beats_loudness_band_ratio.stdev": [0.3007088899612427, 0.2348770946264267, 0.2527979910373688, 0.16105765104293823, 0.006473348941653967, 0.019928758963942528], "tonal.hpcp.mean": [0.11505197733640671, 0.0806322991847992, 0.006400291342288256, 0.009707745164632797, 0.006547354627400637, 0.053117990493774414, 0.19305817782878876, 0.14271090924739838, 0.015851246193051338, 0.040056776255369186, 0.026090599596500397, 0.003186753485351801, 0.007445198949426413, 0.006649392656981945, 0.08831220120191574, 0.26866236329078674, 0.18520618975162506, 0.050768349319696426, 0.10872039943933487, 0.06112010404467583, 0.030756430700421333, 0.09720602631568909, 0.06856846809387207, 0.0030143652111291885, 0.0024913272354751825, 0.00255360989831388, 0.05367329716682434, 0.1373758614063263, 0.08839213103055954, 0.1611556112766266, 0.335561603307724, 0.17823022603988647, 0.0007510068826377392, 0.000687936320900917, 0.002731670392677188, 0.03877323493361473], "tonal.hpcp.stdev": [0.28060680627822876, 0.20074620842933655, 0.027132805436849594, 0.03526509553194046, 0.02586701698601246, 0.09918295592069626, 0.34060487151145935, 0.25826817750930786, 0.07171366363763809, 0.1861061006784439, 0.1234210655093193, 0.020048199221491814, 0.03392248973250389, 0.03581710532307625, 0.1545196920633316, 0.3870067000389099, 0.2717764675617218, 0.13286913931369781, 0.28993332386016846, 0.1632598489522934, 0.09156018495559692, 0.25797024369239807, 0.18095725774765015, 0.0322580449283123, 0.035686101764440536, 0.035912249237298965, 0.13850761950016022, 0.324449747800827, 0.21593376994132996, 0.2202276587486267, 0.4467858076095581, 0.24673910439014435, 0.004197015892714262, 0.005514079239219427, 0.02452314831316471, 0.11433254927396774], "rhythm.beats_position": [0.6153287887573242, 1.2422676086425781, 1.8692063093185425, 2.496145009994507, 3.1346938610076904, 3.7848525047302246, 4.446621417999268, 5.085169792175293, 5.723718643188477, 6.339047431945801, 6.965986251831055, 7.592925071716309, 8.231473922729492, 8.893242835998535, 9.47374153137207, 10.054240226745605, 10.63473892211914, 11.192017555236816, 11.72607707977295, 12.271745681762695, 12.817414283752441, 13.351473808288574, 13.90875244140625, 14.489251136779785, 15.046530723571777, 15.603809356689453, 16.161088943481445, 16.706756591796875, 17.264036178588867, 17.82131576538086, 18.37859344482422, 18.93587303161621, 19.48154067993164, 20.027210235595703, 20.561269760131836, 21.06049919128418, 21.57133674621582, 22.105396270751953, 22.743946075439453, 23.37088394165039, 23.9862117767334, 24.60154151916504, 25.216869354248047, 25.73931884765625, 26.273378372192383, 26.819047927856445, 27.353105545043945, 27.887165069580078, 28.47927474975586, 29.071382522583008, 29.64027214050293, 30.232379913330078, 30.81287956237793, 31.37015724182129, 31.92743682861328, 32.5079345703125, 33.065216064453125, 33.622493743896484, 34.179771423339844, 34.73705291748047, 35.282718658447266, 35.82838821411133, 36.37405776977539, 36.93133544921875, 37.488616943359375, 38.0575065612793, 38.614784240722656, 39.16045379638672, 39.70612335205078], "rhythm.bpm_histogram": [0.0, 0.0, 0.0, 0.0, 0.0, 0.0, 0.0, 0.0, 0.0, 0.0, 0.0, 0.0, 0.0, 0.0, 0.0, 0.0, 0.0, 0.0, 0.0, 0.0, 0.0, 0.0, 0.0, 0.0, 0.0, 0.0, 0.0, 0.0, 0.0, 0.0, 0.0, 0.0, 0.0, 0.0, 0.0, 0.0, 0.0, 0.0, 0.0, 0.0, 0.0, 0.0, 0.0, 0.0, 0.0, 0.0, 0.0, 0.0, 0.0, 0.0, 0.0, 0.0, 0.0, 0.0, 0.0, 0.0, 0.0, 0.0, 0.0, 0.0, 0.0, 0.0, 0.0, 0.0, 0.0, 0.0, 0.0, 0.0, 0.0, 0.0, 0.0, 0.0, 0.0, 0.0, 0.0, 0.0, 0.0, 0.0, 0.0, 0.0, 0.0, 0.0, 0.0, 0.0, 0.0, 0.0, 0.0, 0.0, 0.0, 0.0, 0.0, 0.029411764815449715, 0.014705882407724857, 0.0, 0.07352941483259201, 0.0, 0.0882352963089943, 0.0, 0.05882352963089943, 0.0, 0.0, 0.04411764815449715, 0.0, 0.0882352963089943, 0.0, 0.029411764815449715, 0.0, 0.0, 0.2647058963775635, 0.0, 0.1617647111415863, 0.0, 0.10294117778539658, 0.0, 0.0, 0.014705882407724857, 0.0, 0.014705882407724857, 0.0, 0.0, 0.014705882407724857, 0.0, 0.0, 0.0, 0.0, 0.0, 0.0, 0.0, 0.0, 0.0, 0.0, 0.0, 0.0, 0.0, 0.0, 0.0, 0.0, 0.0, 0.0, 0.0, 0.0, 0.0, 0.0, 0.0, 0.0, 0.0, 0.0, 0.0, 0.0, 0.0, 0.0, 0.0, 0.0, 0.0, 0.0, 0.0, 0.0, 0.0, 0.0, 0.0, 0.0, 0.0, 0.0, 0.0, 0.0, 0.0, 0.0, 0.0, 0.0, 0.0, 0.0, 0.0, 0.0, 0.0, 0.0, 0.0, 0.0, 0.0, 0.0, 0.0, 0.0, 0.0, 0.0, 0.0, 0.0, 0.0, 0.0, 0.0, 0.0, 0.0, 0.0, 0.0, 0.0, 0.0, 0.0, 0.0, 0.0, 0.0, 0.0, 0.0, 0.0, 0.0, 0.0, 0.0, 0.0, 0.0, 0.0, 0.0, 0.0, 0.0, 0.0, 0.0, 0.0, 0.0, 0.0, 0.0, 0.0, 0.0, 0.0, 0.0, 0.0, 0.0, 0.0, 0.0, 0.0, 0.0, 0.0, 0.0, 0.0, 0.0, 0.0, 0.0, 0.0, 0.0, 0.0, 0.0, 0.0, 0.0, 0.0, 0.0, 0.0, 0.0, 0.0, 0.0, 0.0, 0.0, 0.0, 0.0, 0.0, 0.0], "tonal.chords_histogram": [29.86111068725586, 13.773148536682129, 10.185185432434082, 1.7361111640930176, 1.6203703880310059, 0.0, 2.1990740299224854, 5.787036895751953, 1.5046296119689941, 0.0, 0.0, 0.0, 0.0, 0.0, 0.0, 8.333333015441895, 1.2731481790542603, 7.1759257316589355, 0.0, 2.314814805984497, 0.0, 4.0509257316589355, 4.166666507720947, 6.018518447875977], "tonal.thpcp": [1.0, 0.5311400890350342, 0.002238059649243951, 0.0020501043181866407, 0.008140592835843563, 0.1155472919344902, 0.34286394715309143, 0.2402905970811844, 0.019073372706770897, 0.02892984449863434, 0.0195116326212883, 0.15829579532146454, 0.5753285884857178, 0.42528975009918213, 0.04723796248435974, 0.11937234550714493, 0.07775203883647919, 0.009496776387095451, 0.022187279537320137, 0.019815713167190552, 0.2631773054599762, 0.8006349802017212, 0.5519290566444397, 0.15129368007183075, 0.32399535179138184, 0.1821427196264267, 0.09165658801794052, 0.289681613445282, 0.2043394297361374, 0.008983045816421509, 0.007424351293593645, 0.00760995876044035, 0.15995065867900848, 0.4093908965587616, 0.26341551542282104, 0.48025640845298767], "lowlevel.gfcc.cov": [[16382.3369140625, -702.2047729492188, -1761.9019775390625, 924.9776611328125, -305.7437744140625, 465.6056823730469, -806.361572265625, 480.1253356933594, -87.84432220458984, 159.6981201171875, -58.99857711791992, 48.103973388671875, 144.81239318847656], [-702.2047729492188, 3315.956298828125, 1142.4215087890625, -1133.1112060546875, 209.18515014648438, -242.21034240722656, 418.4504699707031, -582.959228515625, 198.35757446289062, -185.4351806640625, 97.95182800292969, -298.5503845214844, -96.97074127197266], [-1761.9019775390625, 1142.4215087890625, 1213.736572265625, -24.76726531982422, 11.236133575439453, -277.3619689941406, 101.1164779663086, -281.3621520996094, 18.769134521484375, -52.539886474609375, 80.19841766357422, -58.255062103271484, -55.033470153808594], [924.9776611328125, -1133.1112060546875, -24.76726531982422, 932.4163208007812, 52.5815544128418, 97.1643295288086, -157.1123504638672, 278.8533020019531, -23.337215423583984, 84.95384979248047, -3.6345810890197754, 131.87484741210938, 44.93103790283203], [-305.7437744140625, 209.18515014648438, 11.236133575439453, 52.5815544128418, 417.2457580566406, 147.85726928710938, 192.25059509277344, 64.32757568359375, 173.26792907714844, 13.370925903320312, 23.939266204833984, -21.79105567932129, 14.744402885437012], [465.6056823730469, -242.21034240722656, -277.3619689941406, 97.1643295288086, 147.85726928710938, 331.6697082519531, 189.1971435546875, 202.70675659179688, 83.80858612060547, 53.65730667114258, -10.450078010559082, -1.8804905414581299, 3.5857551097869873], [-806.361572265625, 418.4504699707031, 101.1164779663086, -157.1123504638672, 192.25059509277344, 189.1971435546875, 400.24212646484375, 134.85452270507812, 161.44058227539062, -18.931232452392578, -1.4881343841552734, -70.83934783935547, -21.557239532470703], [480.1253356933594, -582.959228515625, -281.3621520996094, 278.8533020019531, 64.32757568359375, 202.70675659179688, 134.85452270507812, 356.7594909667969, 101.83865356445312, 28.194429397583008, -48.51017761230469, 45.29945373535156, 52.17704391479492], [-87.84432220458984, 198.35757446289062, 18.769134521484375, -23.337215423583984, 173.26792907714844, 83.80858612060547, 161.44058227539062, 101.83865356445312, 172.97360229492188, 23.32046890258789, 12.889348030090332, -33.720821380615234, 16.186384201049805], [159.6981201171875, -185.4351806640625, -52.539886474609375, 84.95384979248047, 13.370925903320312, 53.65730667114258, -18.931232452392578, 28.194429397583008, 23.32046890258789, 103.79824829101562, 49.31684875488281, 12.448549270629883, -16.241254806518555], [-58.99857711791992, 97.95182800292969, 80.19841766357422, -3.6345810890197754, 23.939266204833984, -10.450078010559082, -1.4881343841552734, -48.51017761230469, 12.889348030090332, 49.31684875488281, 77.61974334716797, 5.423054218292236, -13.67208480834961], [48.103973388671875, -298.5503845214844, -58.255062103271484, 131.87484741210938, -21.79105567932129, -1.8804905414581299, -70.83934783935547, 45.29945373535156, -33.720821380615234, 12.448549270629883, 5.423054218292236, 94.13037109375, 54.574275970458984], [144.81239318847656, -96.97074127197266, -55.033470153808594, 44.93103790283203, 14.744402885437012, 3.5857551097869873, -21.557239532470703, 52.17704391479492, 16.186384201049805, -16.241254806518555, -13.67208480834961, 54.574275970458984, 96.02698516845703]], "lowlevel.gfcc.icov": [[0.00022301053104456514, -0.0006783650605939329, 0.000613827898632735, -0.0006303081754595041, 0.0002788127167150378, -0.0003670877777040005, 0.000985465943813324, -0.0007717015687376261, 0.0002933481882791966, -0.00021817948436364532, -0.00018618465401232243, 0.00035859484341926873, -7.984964759089053e-05], [-0.0006783650605939329, 0.0039875018410384655, -0.0033028465695679188, 0.0034202327951788902, -0.0008640384185127914, -0.00014461342652793974, -0.002578751416876912, 0.0037196564953774214, -0.0030384839046746492, 0.0034976103343069553, -0.0013593416661024094, 0.001116849249228835, -0.0006299982778728008], [0.000613827898632735, -0.0033028465695679188, 0.005627270322293043, -0.0053692166693508625, 0.002434649271890521, 0.002333426848053932, -0.002107070991769433, 0.0019172532483935356, -3.648723941296339e-05, -0.002212878316640854, 0.0008275907021015882, -0.0015153327258303761, 0.00011146124597871676], [-0.0006303081754595041, 0.0034202327951788902, -0.0053692166693508625, 0.007788949646055698, -0.003958515822887421, -0.001368540688417852, 0.0032805937808007, -0.004775705747306347, 0.0017226997297257185, 0.0017594490200281143, -0.0020426081027835608, 0.0006783766439184546, 0.0010039411718025804], [0.0002788127167150378, -0.0008640384185127914, 0.002434649271890521, -0.003958515822887421, 0.00788798090070486, -0.0022855757270008326, -0.002279824810102582, 0.0066734617576003075, -0.00925959087908268, 0.0029700601007789373, -8.830283331917599e-05, -0.0029117614030838013, 0.00039620016468688846], [-0.0003670877777040005, -0.00014461342652793974, 0.002333426848053932, -0.001368540688417852, -0.0022855757270008326, 0.011895530857145786, -0.00878934282809496, 4.502248339122161e-05, 0.0049814945086836815, -0.0077459258027374744, 0.003566095605492592, -0.0006748992018401623, -0.0009641439537517726], [0.000985465943813324, -0.002578751416876912, -0.002107070991769433, 0.0032805937808007, -0.002279824810102582, -0.00878934282809496, 0.02003544010221958, -0.014516809955239296, 0.0008929403265938163, 0.005162653047591448, -0.006006594747304916, 0.0048106019385159016, 0.00336457253433764], [-0.0007717015687376261, 0.0037196564953774214, 0.0019172532483935356, -0.004775705747306347, 0.0066734617576003075, 4.502248339122161e-05, -0.014516809955239296, 0.026114199310541153, -0.01632956601679325, 0.0027571350801736116, 0.007721532601863146, -0.007627206388860941, -0.0015683794626966119], [0.0002933481882791966, -0.0030384839046746492, -3.648723941296339e-05, 0.0017226997297257185, -0.00925959087908268, 0.0049814945086836815, 0.0008929403265938163, -0.01632956601679325, 0.03011154942214489, -0.012715007178485394, -0.0016178176738321781, 0.011463342234492302, -0.008000042289495468], [-0.00021817948436364532, 0.0034976103343069553, -0.002212878316640854, 0.0017594490200281143, 0.0029700601007789373, -0.0077459258027374744, 0.005162653047591448, 0.0027571350801736116, -0.012715007178485394, 0.03001456707715988, -0.01815684325993061, -0.0006507933721877635, 0.006268032360821962], [-0.00018618465401232243, -0.0013593416661024094, 0.0008275907021015882, -0.0020426081027835608, -8.830283331917599e-05, 0.003566095605492592, -0.006006594747304916, 0.007721532601863146, -0.0016178176738321781, -0.01815684325993061, 0.03164941817522049, -0.010338953696191311, 0.0022583319805562496], [0.00035859484341926873, 0.001116849249228835, -0.0015153327258303761, 0.0006783766439184546, -0.0029117614030838013, -0.0006748992018401623, 0.0048106019385159016, -0.007627206388860941, 0.011463342234492302, -0.0006507933721877635, -0.010338953696191311, 0.03365832194685936, -0.0175454244017601], [-7.984964759089053e-05, -0.0006299982778728008, 0.00011146124597871676, 0.0010039411718025804, 0.00039620016468688846, -0.0009641439537517726, 0.00336457253433764, -0.0015683794626966119, -0.008000042289495468, 0.006268032360821962, 0.0022583319805562496, -0.0175454244017601, 0.02377638965845108]], "lowlevel.mfcc.cov": [[10982.0126953125, -2857.150146484375, -1373.12646484375, 204.5696258544922, 854.7178955078125, -26.794748306274414, 12.405889511108398, 25.646764755249023, 140.1781463623047, 527.1014404296875, -353.4008483886719, -102.00254821777344, 171.2389373779297], [-2857.150146484375, 4466.77099609375, 902.4588623046875, -457.7877502441406, -387.83172607421875, 258.299560546875, -52.575279235839844, -153.78125, -115.33746337890625, -271.1539611816406, 227.4758758544922, 70.81109619140625, -57.653297424316406], [-1373.12646484375, 902.4588623046875, 908.4881591796875, 263.6898498535156, -97.21768951416016, 13.522893905639648, -15.287790298461914, -88.27442169189453, -132.4485321044922, -156.2252197265625, 15.488655090332031, 20.51778221130371, 25.6322078704834], [204.5696258544922, -457.7877502441406, 263.6898498535156, 461.0041809082031, 199.5612030029297, -16.908496856689453, 5.034456729888916, 41.25470733642578, 15.211630821228027, 17.016897201538086, -22.474933624267578, 22.5294132232666, 55.441410064697266], [854.7178955078125, -387.83172607421875, -97.21768951416016, 199.5612030029297, 266.2423095703125, 56.88436508178711, 10.794063568115234, 41.7129020690918, 62.28910446166992, 78.60916137695312, -26.22210121154785, 10.34550952911377, 62.01252365112305], [-26.794748306274414, 258.299560546875, 13.522893905639648, -16.908496856689453, 56.88436508178711, 178.1645965576172, 84.71544647216797, 29.568099975585938, 28.90385627746582, 50.684532165527344, 81.07513427734375, 60.6287727355957, 35.688228607177734], [12.405889511108398, -52.575279235839844, -15.287790298461914, 5.034456729888916, 10.794063568115234, 84.71544647216797, 139.8550567626953, 108.28055572509766, 79.04881286621094, 80.83271026611328, 81.54507446289062, 64.5483627319336, 18.85051155090332], [25.646764755249023, -153.78125, -88.27442169189453, 41.25470733642578, 41.7129020690918, 29.568099975585938, 108.28055572509766, 234.84388732910156, 211.64779663085938, 136.68185424804688, 70.89564514160156, 39.335693359375, 10.926506042480469], [140.1781463623047, -115.33746337890625, -132.4485321044922, 15.211630821228027, 62.28910446166992, 28.90385627746582, 79.04881286621094, 211.64779663085938, 263.82745361328125, 177.2028045654297, 58.743412017822266, 16.140377044677734, 10.624652862548828], [527.1014404296875, -271.1539611816406, -156.2252197265625, 17.016897201538086, 78.60916137695312, 50.684532165527344, 80.83271026611328, 136.68185424804688, 177.2028045654297, 211.08616638183594, 92.4778060913086, 38.93703079223633, 11.138440132141113], [-353.4008483886719, 227.4758758544922, 15.488655090332031, -22.474933624267578, -26.22210121154785, 81.07513427734375, 81.54507446289062, 70.89564514160156, 58.743412017822266, 92.4778060913086, 184.34249877929688, 103.52739715576172, -7.6427435874938965], [-102.00254821777344, 70.81109619140625, 20.51778221130371, 22.5294132232666, 10.34550952911377, 60.6287727355957, 64.5483627319336, 39.335693359375, 16.140377044677734, 38.93703079223633, 103.52739715576172, 116.14698028564453, 37.675872802734375], [171.2389373779297, -57.653297424316406, 25.6322078704834, 55.441410064697266, 62.01252365112305, 35.688228607177734, 18.85051155090332, 10.926506042480469, 10.624652862548828, 11.138440132141113, -7.6427435874938965, 37.675872802734375, 91.60633850097656]], "lowlevel.mfcc.icov": [[0.00022382823226507753, -7.239397382363677e-05, 0.00020623298769351095, 4.56817215308547e-05, -0.0005211607785895467, 0.0003137173771392554, -0.00026711259852163494, -0.00012036099360557273, 0.0009305830462835729, -0.0013865529326722026, 0.0010614462662488222, -0.0003586749662645161, 4.7319361328845844e-05], [-7.239397382363677e-05, 0.0007630223990418017, -0.0011442081304267049, 0.0014347180258482695, -0.0004599328967742622, -0.0010364326881244779, 0.0011838743230327964, 0.00022542611986864358, -0.0016505650710314512, 0.0020662271417677402, -0.0015866687754169106, 0.00010383732296759263, 0.0002771312138065696], [0.00020623298769351095, -0.0011442081304267049, 0.004570990335196257, -0.005414173007011414, 0.003989685792475939, -0.00022605802223552018, -0.0018006529426202178, 0.001050146296620369, 0.0015696418704465032, -0.0016361856833100319, 0.0013706397730857134, 0.0012390951160341501, -0.001853721565566957], [4.56817215308547e-05, 0.0014347180258482695, -0.005414173007011414, 0.010865792632102966, -0.009534690529108047, 0.0029775036964565516, 0.001099746790714562, -0.002637001685798168, 0.00012973678531125188, 0.00200686976313591, -0.002067754976451397, -0.0017149168998003006, 0.0014128140173852444], [-0.0005211607785895467, -0.0004599328967742622, 0.003989685792475939, -0.009534690529108047, 0.016745254397392273, -0.008114147000014782, 0.004164693411439657, 0.0008283276692964137, -0.0017525283619761467, -0.0016834195703268051, 0.0028841872699558735, 0.00043034672853536904, -0.003319798968732357], [0.0003137173771392554, -0.0010364326881244779, -0.00022605802223552018, 0.0029775036964565516, -0.008114147000014782, 0.016516011208295822, -0.011127960868179798, 0.0037868942599743605, 0.0011067071463912725, -0.0011731770355254412, -0.00363369844853878, 0.0018694504396989942, -0.0031385470647364855], [-0.00026711259852163494, 0.0011838743230327964, -0.0018006529426202178, 0.001099746790714562, 0.004164693411439657, -0.011127960868179798, 0.024438153952360153, -0.012744277715682983, 0.004599833860993385, -0.002517628250643611, 0.0009945364436134696, -0.005791311152279377, 0.0013273627264425159], [-0.00012036099360557273, 0.00022542611986864358, 0.001050146296620369, -0.002637001685798168, 0.0008283276692964137, 0.0037868942599743605, -0.012744277715682983, 0.027087640017271042, -0.02230621688067913, 0.008295916020870209, -0.004296642262488604, 1.1863323379657231e-05, 0.0002395508490735665], [0.0009305830462835729, -0.0016505650710314512, 0.0015696418704465032, 0.00012973678531125188, -0.0017525283619761467, 0.0011067071463912725, 0.004599833860993385, -0.02230621688067913, 0.03289252147078514, -0.022099288180470467, 0.009513774886727333, 0.0009598186588846147, -0.0015556494472548366], [-0.0013865529326722026, 0.0020662271417677402, -0.0016361856833100319, 0.00200686976313591, -0.0016834195703268051, -0.0011731770355254412, -0.002517628250643611, 0.008295916020870209, -0.022099288180470467, 0.031952064484357834, -0.019825277850031853, 0.007371659390628338, -0.001747097005136311], [0.0010614462662488222, -0.0015866687754169106, 0.0013706397730857134, -0.002067754976451397, 0.0028841872699558735, -0.00363369844853878, 0.0009945364436134696, -0.004296642262488604, 0.009513774886727333, -0.019825277850031853, 0.03206576779484749, -0.022142400965094566, 0.010745328851044178], [-0.0003586749662645161, 0.00010383732296759263, 0.0012390951160341501, -0.0017149168998003006, 0.00043034672853536904, 0.0018694504396989942, -0.005791311152279377, 1.1863323379657231e-05, 0.00095