{"song_id": "1183670898734137445", "download": "https://cdn.discordapp.com/attachments/1135911532732108921/1183670898734137445/chirp.mp4?ex=65892e6d&amp", "lyrics": "\u0422\u044b \u043d\u043e\u0447\u043d\u043e\u0439 \u043a\u043e\u0448\u043c\u0430\u0440, \u0447\u0442\u043e \u0440\u0430\u0441\u0442\u0430\u044f\u043b \u043f\u043e \u0443\u0442\u0440\u0443\n\u042f \u043f\u043e-\u043f\u0440\u0435\u0436\u043d\u0435\u043c\u0443 \u043a\u0440\u0430\u0441\u0438\u0432\u0430, \u0445\u043e\u0442\u044c \u043a\u0430\u0437\u0430\u043b\u043e\u0441\u044c, \u0447\u0442\u043e \u0443\u043c\u0440\u0443\n\u041c\u0435\u0436\u0434\u0443 \u043d\u0430\u043c\u0438 \u0434\u044b\u043c, \u0441\u043b\u0451\u0437\u044b \u0438 \u0433\u043e\u0440\u044f\u0449\u0438\u0439 \u043c\u043e\u0441\u0442\n\u041f\u0443\u0441\u0442\u044c \u0441\u043e \u043c\u043d\u043e\u0439 \u0442\u0430\u043a \u0441\u043b\u043e\u0436\u043d\u043e \u0431\u044b\u043b\u043e, \u043d\u043e \u0438 \u0442\u044b, \u043f\u0430\u0446\u0430\u043d, \u043d\u0435 \u043f\u0440\u043e\u0441\u0442\n\u041c\u043d\u0435 \u043e\u0447\u0435\u043d\u044c \u0436\u0430\u043b\u043a\u043e \u0442\u0432\u043e\u044e \u043d\u043e\u0432\u0443\u044e \u0434\u0435\u0432\u0447\u043e\u043d\u043a\u0443\n\u042f \u043d\u0435 \u0440\u0435\u0432\u043d\u0443\u044e, \u043f\u0440\u0430\u0432\u0434\u0430, \u044f \u0436\u0435 \u043e\u0442\u043f\u0443\u0441\u0442\u0438\u043b\u0430\n\u041d\u0430\u0447\u043d\u0451\u0448\u044c \u043e\u043f\u044f\u0442\u044c \u0438\u0437\u0434\u0430\u043b\u0435\u043a\u0430 \u0438 \u043f\u043e\u0442\u0438\u0445\u043e\u043d\u044c\u043a\u0443\n\u041f\u043e\u0441\u043c\u043e\u0442\u0440\u0438\u0448\u044c \u0441\u0442\u043e\u0440\u0438\u0441, \u0434\u0430\u043b\u044c\u0448\u0435 \u043b\u0430\u0439\u043a \u0438 \u0437\u0430\u043a\u0440\u0443\u0442\u0438\u043b\u043e\u0441\u044c\n\u0418 \u043f\u043e\u043d\u0435\u0441\u043b\u0430\u0441\u044c, \u043e\u043f\u044f\u0442\u044c \u0437\u0432\u043e\u043d\u043a\u0438, \u0443\u0442\u0440\u043e \u0432 \u043c\u0438\u043d\u043e\u0440\u0435\n\u0422\u0430\u043a \u0431\u044b\u043b\u043e \u0441\u043e\u0442\u043d\u0438 \u0440\u0430\u0437, \u043f\u043e\u043a\u0430 \u044f \u043d\u0435 \u043e\u0441\u0442\u044b\u043b\u0430\n\u041d\u043e \u0442\u044b \u043d\u0435 \u043f\u043e\u043d\u044f\u043b \u043f\u0440\u0438 \u043f\u043e\u0441\u043b\u0435\u0434\u043d\u0435\u043c \u0440\u0430\u0437\u0433\u043e\u0432\u043e\u0440\u0435\n\u042f \u043f\u043e\u0443\u043c\u043d\u0435\u043b\u0430 \u0438\u043b\u0438 \u043f\u0440\u043e\u0441\u0442\u043e \u0440\u0430\u0437\u043b\u044e\u0431\u0438\u043b\u0430\n\u041f\u0440\u0438\u043f\u0435\u0432:\n\u0410 \u0442\u044b... \u041f\u043e \u0431\u0430\u0440\u0430\u043c, \u0432 \u043f\u044c\u044f\u043d\u043e\u043c \u0443\u0433\u0430\u0440\u0435\n\u0427\u0442\u043e \u0436\u0435 \u0442\u044b \u043f\u0430\u0440\u0435\u043d\u044c, \u0441\u043d\u043e\u0432\u0430 \u0432\u0441\u043f\u043e\u043c\u0438\u043d\u0430\u0435\u0448\u044c \u043e \u0442\u043e\u043c\n\u041a\u0430\u043a \u043c\u044b \u0433\u0443\u043b\u044f\u043b\u0438 \u043f\u043e \u0442\u0440\u043e\u0442\u0443\u0430\u0440\u0430\u043c, \u043c\u043e\u043a\u0440\u044b\u043c \u0438 \u0441\u0442\u0430\u0440\u044b\u043c\n\u0423\u0442\u0440\u043e\u043c \u043f\u043e\u0434 \u0434\u043e\u0436\u0434\u0451\u043c \u0431\u043e\u0441\u0438\u043a\u043e\u043c\n\u041f\u043e \u0431\u0430\u0440\u0430\u043c, \u044f \u0442\u0432\u043e\u044f \u043a\u0430\u0440\u0430\n\u042f \u0442\u0432\u043e\u044f \u043a\u0430\u0440\u043c\u0430, \u0442\u044b \u043d\u0430\u0439\u0434\u0451\u0448\u044c \u0432 \u0442\u043e\u043b\u043f\u0435 \u043c\u043e\u0439 \u0442\u0438\u043f\u0430\u0436\n\u0422\u044b \u043f\u043e\u0434\u043a\u0430\u0442\u0438\u043b, \u0438 \u043e\u043d\u0430 \u0437\u0430\u043f\u0430\u043b\u0430\n\u041d\u043e \u044d\u0442\u043e \u0432\u043d\u043e\u0432\u044c \u043d\u0435 \u044f, \u0430 \u043c\u0438\u0440\u0430\u0436", "style": ["Pop dance"], "essentia_features": {"lowlevel.average_loudness": 0.9377856850624084, "lowlevel.barkbands_crest.mean": 12.786619186401367, "lowlevel.barkbands_crest.stdev": 3.5415194034576416, "lowlevel.barkbands_flatness_db.mean": 0.228118434548378, "lowlevel.barkbands_flatness_db.stdev": 0.06592927873134613, "lowlevel.barkbands_kurtosis.mean": 8.651805877685547, "lowlevel.barkbands_kurtosis.stdev": 11.644194602966309, "lowlevel.barkbands_skewness.mean": 2.192211627960205, "lowlevel.barkbands_skewness.stdev": 1.435871958732605, "lowlevel.barkbands_spread.mean": 13.567445755004883, "lowlevel.barkbands_spread.stdev": 13.190293312072754, "lowlevel.dissonance.mean": 0.40555906295776367, "lowlevel.dissonance.stdev": 0.054336052387952805, "lowlevel.dynamic_complexity": 2.0732123851776123, "lowlevel.erbbands_crest.mean": 12.5218505859375, "lowlevel.erbbands_crest.stdev": 4.774290561676025, "lowlevel.erbbands_flatness_db.mean": 0.2039646953344345, "lowlevel.erbbands_flatness_db.stdev": 0.06080379709601402, "lowlevel.erbbands_kurtosis.mean": 2.292473793029785, "lowlevel.erbbands_kurtosis.stdev": 3.2429916858673096, "lowlevel.erbbands_skewness.mean": 0.5142557621002197, "lowlevel.erbbands_skewness.stdev": 0.873548686504364, "lowlevel.erbbands_spread.mean": 27.502046585083008, "lowlevel.erbbands_spread.stdev": 22.878150939941406, "lowlevel.hfc.mean": 24.12806510925293, "lowlevel.hfc.stdev": 18.88481903076172, "lowlevel.loudness_ebu128.integrated": -15.784250259399414, "lowlevel.loudness_ebu128.loudness_range": 3.9266977310180664, "lowlevel.loudness_ebu128.momentary.mean": -16.1228084564209, "lowlevel.loudness_ebu128.momentary.stdev": 1.80050790309906, "lowlevel.loudness_ebu128.short_term.mean": -15.892130851745605, "lowlevel.loudness_ebu128.short_term.stdev": 1.2714217901229858, "lowlevel.melbands_crest.mean": 23.528202056884766, "lowlevel.melbands_crest.stdev": 8.629884719848633, "lowlevel.melbands_flatness_db.mean": 0.3108530640602112, "lowlevel.melbands_flatness_db.stdev": 0.08438634872436523, "lowlevel.melbands_kurtosis.mean": 16.933040618896484, "lowlevel.melbands_kurtosis.stdev": 25.586509704589844, "lowlevel.melbands_skewness.mean": 2.923327922821045, "lowlevel.melbands_skewness.stdev": 2.0643510818481445, "lowlevel.melbands_spread.mean": 14.634695053100586, "lowlevel.melbands_spread.stdev": 18.217208862304688, "lowlevel.pitch_salience.mean": 0.42072707414627075, "lowlevel.pitch_salience.stdev": 0.15855854749679565, "lowlevel.silence_rate_20dB.mean": 1.0, "lowlevel.silence_rate_20dB.stdev": 0.0, "lowlevel.silence_rate_30dB.mean": 0.6703360080718994, "lowlevel.silence_rate_30dB.stdev": 0.47008946537971497, "lowlevel.silence_rate_60dB.mean": 0.008690614253282547, "lowlevel.silence_rate_60dB.stdev": 0.0928165391087532, "lowlevel.spectral_centroid.mean": 922.3172607421875, "lowlevel.spectral_centroid.stdev": 665.0921020507812, "lowlevel.spectral_complexity.mean": 13.97508716583252, "lowlevel.spectral_complexity.stdev": 6.007905960083008, "lowlevel.spectral_decrease.mean": -1.9425518971161182e-08, "lowlevel.spectral_decrease.stdev": 1.2208841937422221e-08, "lowlevel.spectral_energy.mean": 0.075504831969738, "lowlevel.spectral_energy.stdev": 0.04662075638771057, "lowlevel.spectral_energyband_high.mean": 0.0007527130073867738, "lowlevel.spectral_energyband_high.stdev": 0.001825075363740325, "lowlevel.spectral_energyband_low.mean": 0.04729960858821869, "lowlevel.spectral_energyband_low.stdev": 0.040140725672245026, "lowlevel.spectral_energyband_middle_high.mean": 0.006375610828399658, "lowlevel.spectral_energyband_middle_high.stdev": 0.0067979576997458935, "lowlevel.spectral_energyband_middle_low.mean": 0.017869362607598305, "lowlevel.spectral_energyband_middle_low.stdev": 0.01366440299898386, "lowlevel.spectral_entropy.mean": 6.995648384094238, "lowlevel.spectral_entropy.stdev": 0.6151238083839417, "lowlevel.spectral_flux.mean": 0.08943357318639755, "lowlevel.spectral_flux.stdev": 0.04723239690065384, "lowlevel.spectral_kurtosis.mean": 12.579428672790527, "lowlevel.spectral_kurtosis.stdev": 13.408426284790039, "lowlevel.spectral_rms.mean": 0.008004711009562016, "lowlevel.spectral_rms.stdev": 0.0030964326579123735, "lowlevel.spectral_rolloff.mean": 925.7102661132812, "lowlevel.spectral_rolloff.stdev": 1682.361083984375, "lowlevel.spectral_skewness.mean": 2.603806734085083, "lowlevel.spectral_skewness.stdev": 1.1560556888580322, "lowlevel.spectral_spread.mean": 4367974.5, "lowlevel.spectral_spread.stdev": 2825889.5, "lowlevel.spectral_strongpeak.mean": 0.8043088316917419, "lowlevel.spectral_strongpeak.stdev": 0.9741714000701904, "lowlevel.zerocrossingrate.mean": 0.03864041715860367, "lowlevel.zerocrossingrate.stdev": 0.04946956783533096, "metadata.audio_properties.analysis.equal_loudness": 0.0, "metadata.audio_properties.analysis.length": 40.04265213012695, "metadata.audio_properties.analysis.sample_rate": 44100.0, "metadata.audio_properties.analysis.start_time": 0.0, "metadata.audio_properties.bit_rate": 119272.0, "metadata.audio_properties.length": 40.042667388916016, "metadata.audio_properties.lossless": 0.0, "metadata.audio_properties.number_channels": 1.0, "metadata.audio_properties.replay_gain": -10.160747528076172, "metadata.audio_properties.sample_rate": 48000.0, "rhythm.beats_count": 90.0, "rhythm.beats_loudness.mean": 0.0789201632142067, "rhythm.beats_loudness.stdev": 0.043374527245759964, "rhythm.bpm": 125.39218139648438, "rhythm.bpm_histogram_first_peak_bpm": 126.0, "rhythm.bpm_histogram_first_peak_weight": 0.3703703284263611, "rhythm.bpm_histogram_second_peak_bpm": 161.0, "rhythm.bpm_histogram_second_peak_spread": 0.3333333134651184, "rhythm.bpm_histogram_second_peak_weight": 0.15730337798595428, "rhythm.danceability": 1.0780960321426392, "rhythm.onset_rate": 3.99456524848938, "tonal.chords_changes_rate": 0.03125, "tonal.chords_number_rate": 0.005787036847323179, "tonal.chords_strength.mean": 0.6357730031013489, "tonal.chords_strength.stdev": 0.07835801690816879, "tonal.hpcp_crest.mean": 16.11721420288086, "tonal.hpcp_crest.stdev": 6.722095966339111, "tonal.hpcp_entropy.mean": 1.5547162294387817, "tonal.hpcp_entropy.stdev": 0.6012831330299377, "tonal.key_edma.strength": 0.784006655216217, "tonal.key_krumhansl.strength": 0.7691844701766968, "tonal.key_temperley.strength": 0.7462782859802246, "tonal.tuning_diatonic_strength": 0.54932701587677, "tonal.tuning_equal_tempered_deviation": 0.24618469178676605, "tonal.tuning_frequency": 434.193115234375, "tonal.tuning_nontempered_energy_ratio": 0.954417884349823, "lowlevel.barkbands.mean": [0.02237926423549652, 0.026819316670298576, 0.0014217187417671084, 0.001623449963517487, 0.0031717163510620594, 0.003957941196858883, 0.002627756679430604, 0.0021937969140708447, 0.004081462975591421, 0.002302959095686674, 0.0009266776032745838, 0.0009517677826806903, 0.0007033778820186853, 0.0003384949523024261, 0.00032323517370969057, 0.000252915226155892, 0.0003026934864465147, 0.00019824628543574363, 0.00011529299808898941, 9.328960004495457e-05, 5.4887572332518175e-05, 7.348151848418638e-05, 0.00019975949544459581, 0.00021950557129457593, 0.00010003142961068079, 6.947027577552944e-05, 2.402219479336054e-06], "lowlevel.barkbands.stdev": [0.024711849167943, 0.026544271036982536, 0.0017727080266922712, 0.002264280105009675, 0.006019121967256069, 0.0053033181466162205, 0.005216476507484913, 0.004722382873296738, 0.007431007921695709, 0.003782054875046015, 0.002072845585644245, 0.002790209371596575, 0.002063315361738205, 0.0012473877286538482, 0.0009215754689648747, 0.0007563974359072745, 0.0007563325925730169, 0.00036890461342409253, 0.00048200166202150285, 0.000372907001292333, 0.00023960639373399317, 0.0002034495264524594, 0.0004756394773721695, 0.0006140475743450224, 0.00031681591644883156, 0.00017907077562995255, 6.6559837250679266e-06], "lowlevel.erbbands.mean": [1.8839625120162964, 1.8881332874298096, 1.5772476196289062, 3.6567790508270264, 7.674482822418213, 11.889449119567871, 16.67632484436035, 40.821590423583984, 38.28529357910156, 48.37076187133789, 38.206966400146484, 116.76527404785156, 41.682613372802734, 82.96797180175781, 46.85270690917969, 41.12965774536133, 35.371761322021484, 22.782169342041016, 18.756916046142578, 13.513337135314941, 13.680115699768066, 17.135223388671875, 13.307610511779785, 5.977877616882324, 6.329322338104248, 4.286951065063477, 2.467026472091675, 2.066051483154297, 2.416886568069458, 3.5526678562164307, 6.131972789764404, 5.560998439788818, 3.0580286979675293, 1.2885864973068237, 0.6278329491615295, 0.336575448513031, 0.1254064291715622, 0.016074543818831444, 0.00039668488898314536, 9.773097553988919e-05], "lowlevel.erbbands.stdev": [1.7760642766952515, 2.251119375228882, 1.8673433065414429, 4.189220905303955, 11.806611061096191, 26.68326187133789, 28.060993194580078, 58.049171447753906, 73.97046661376953, 87.7778091430664, 84.35707092285156, 212.23992919921875, 86.73530578613281, 119.0965576171875, 82.30805206298828, 117.67316436767578, 92.5486068725586, 72.09114837646484, 53.66756820678711, 41.09736251831055, 33.5282096862793, 40.68666076660156, 22.91604232788086, 20.21776580810547, 25.505813598632812, 17.655277252197266, 11.230070114135742, 8.035186767578125, 6.790964603424072, 8.165175437927246, 14.961490631103516, 14.837056159973145, 9.43497371673584, 4.471833229064941, 1.8214408159255981, 0.8871304392814636, 0.32977092266082764, 0.04170382395386696, 0.0009056665585376322, 6.076986755942926e-05], "lowlevel.gfcc.mean": [-15.378865242004395, 112.01936340332031, -94.94721984863281, -6.589345932006836, -61.64163589477539, 18.872241973876953, -39.41714859008789, 15.318260192871094, -15.299567222595215, -10.381643295288086, -7.810861110687256, 10.967859268188477, -13.645487785339355], "lowlevel.melbands.mean": [0.012991631403565407, 0.0011283823987469077, 0.0007503165397793055, 0.0007601003744639456, 0.0005733800353482366, 0.0008395196637138724, 0.0005746014649048448, 0.0005331351421773434, 0.00031365815084427595, 0.0007344078039750457, 0.0001875587331596762, 0.0003552992711775005, 0.0001354655105387792, 0.000120895667350851, 8.162353333318606e-05, 7.563247345387936e-05, 3.732251934707165e-05, 2.9531192922149785e-05, 1.9098384655080736e-05, 1.86894612852484e-05, 1.5078214346431196e-05, 1.8955273844767362e-05, 1.4909790479578078e-05, 8.396651537623256e-06, 4.365128916106187e-06, 4.3165455281268805e-06, 4.613801138475537e-06, 2.3797306312189903e-06, 1.4908135881341877e-06, 1.3608182598545682e-06, 1.1518494602569262e-06, 1.272939584850974e-06, 1.5998041362763615e-06, 2.1094833755341824e-06, 3.381775741218007e-06, 3.9189894778246526e-06, 3.3135354442492826e-06, 2.450841748213861e-06, 1.3269952887640102e-06, 9.75732632468862e-07], "lowlevel.melbands.stdev": [0.011721368879079819, 0.001130357850342989, 0.0008419961086474359, 0.0015651325229555368, 0.0008498150855302811, 0.0011598382843658328, 0.0011386357946321368, 0.0010156887583434582, 0.0007299394346773624, 0.001322291442193091, 0.0004260007990524173, 0.0005266854423098266, 0.00029043405083939433, 0.0003292058245278895, 0.00020057543588336557, 0.00024590431712567806, 0.00014013134932611138, 9.091748506762087e-05, 5.512697316589765e-05, 6.614348239963874e-05, 3.7778263504151255e-05, 5.1748425903497264e-05, 2.6727111617219634e-05, 1.71749616129091e-05, 1.697753214102704e-05, 1.8775446733343415e-05, 1.818213058868423e-05, 1.0679344995878637e-05, 7.079680472088512e-06, 6.495776688097976e-06, 4.191020252619637e-06, 3.800586910074344e-06, 4.3134014049428515e-06, 4.723357051261701e-06, 8.03600050858222e-06, 1.0705542990763206e-05, 9.081689313461538e-06, 7.467028353858041e-06, 4.973484919901239e-06, 3.4249485452164663e-06], "lowlevel.melbands128.mean": [0.018356196582317352, 0.021114060655236244, 0.008470063097774982, 0.0017441513482481241, 0.0007212453056126833, 0.0006877580890432, 0.0006898475112393498, 0.0008749279659241438, 0.0006335970247164369, 0.0010058386251330376, 0.0006218698108568788, 0.00039747566916048527, 0.00044789371895603836, 0.0008457273943349719, 0.0013144600670784712, 0.0005081375129520893, 0.0003748748858924955, 0.00083286123117432, 0.0004663429281208664, 0.0005457897786982358, 0.0006296253413893282, 0.00023957763914950192, 0.00023255017003975809, 0.0003523808845784515, 0.0009779678657650948, 0.0009371209307573736, 7.546340930275619e-05, 9.956992289517075e-05, 0.000145646627061069, 0.0006673212628811598, 0.0002711394045036286, 8.828989666653797e-05, 0.00012305990094318986, 0.00020601799769792706, 9.846535976976156e-05, 0.00010510349966352805, 0.0001339502341579646, 6.513339758384973e-05, 6.561260670423508e-05, 8.661067840876058e-05, 9.061090531758964e-05, 3.236184784327634e-05, 4.419480683282018e-05, 3.681367161334492e-05, 1.7002219465211965e-05, 3.8518970541190356e-05, 3.168138209730387e-05, 1.4141653082333505e-05, 1.6844998754095286e-05, 1.687857547949534e-05, 2.200369090132881e-05, 1.6782460079411976e-05, 1.4889185877109412e-05, 1.2329390301601961e-05, 1.8534603441366926e-05, 2.4767834474914707e-05, 1.1696984984155279e-05, 1.7837417544797063e-05, 1.4240228665585164e-05, 1.489062651671702e-05, 6.923160526639549e-06, 4.88895511807641e-06, 5.154809059604304e-06, 4.030830950796371e-06, 3.4210488593089394e-06, 4.1889961721608415e-06, 4.874761998507893e-06, 5.061447154730558e-06, 4.936562163493363e-06, 3.642254114311072e-06, 2.314752009624499e-06, 1.7640996929912944e-06, 1.485504526499426e-06, 1.4201474414221593e-06, 1.5293227306756307e-06, 1.4723658523507765e-06, 1.2707821497315308e-06, 1.0321706440663547e-06, 1.1543913842615439e-06, 1.2228998684804537e-06, 1.2746646689265617e-06, 1.252735273737926e-06, 1.3815166539643542e-06, 1.72059583292139e-06, 1.6707733720977558e-06, 1.760278678375471e-06, 2.272602159791859e-06, 2.761546966212336e-06, 3.4824574868252967e-06, 3.6918554542353377e-06, 4.186164005659521e-06, 4.236400400259299e-06, 3.08545872940158e-06, 3.155187414449756e-06, 3.6891365198243875e-06, 2.973049276988604e-06, 2.14022566069616e-06, 1.7213278624694794e-06, 1.2175379424661514e-06, 1.2037307897116989e-06, 1.2070858019797015e-06, 9.274711487705645e-07, 7.348119197558844e-07, 6.415996836039994e-07, 6.997653372309287e-07, 7.568895057374903e-07, 6.424725143006071e-07, 5.049785158917075e-07, 5.579258299803769e-07, 6.343375389405992e-07, 6.258459848140774e-07, 4.2047250303767214e-07, 4.1973206066359126e-07, 2.9453642014232173e-07, 2.4919256702560233e-07, 1.6577499195591372e-07, 8.742056678556764e-08, 1.8432018578096176e-08, 1.1227871965502345e-09, 1.0760772481410719e-11, 9.995448913002747e-12, 9.653625988870207e-12, 9.419839040736289e-12, 9.251922145070424e-12, 9.069353774926459e-12, 8.871839027313477e-12, 8.74913249487852e-12, 8.693927522340772e-12], "lowlevel.melbands128.stdev": [0.018735826015472412, 0.019576596096158028, 0.00915573164820671, 0.0022789821960031986, 0.001027586404234171, 0.0008135429816320539, 0.0009392955107614398, 0.001387837459333241, 0.0010085089597851038, 0.0027134937699884176, 0.0016140196239575744, 0.0009792654309421778, 0.001277066534385085, 0.0013046790845692158, 0.002118130214512348, 0.001031260471791029, 0.0009914097608998418, 0.00200680922716856, 0.0012041679583489895, 0.001258744508959353, 0.001559336087666452, 0.0007236587698571384, 0.0010299531277269125, 0.0012815396767109632, 0.002088726731017232, 0.00177872518543154, 0.0003241469676140696, 0.000707085186149925, 0.0004608993185684085, 0.0010792530374601483, 0.00042978679994121194, 0.00044000500929541886, 0.0004155679198447615, 0.00039159058360382915, 0.00043548305984586477, 0.0004910444258712232, 0.0004757579881697893, 0.00022688356693834066, 0.00024314505571965128, 0.0002929131733253598, 0.0003975857689511031, 0.00019455885922070593, 0.00021394850045908242, 0.00019100955978501588, 8.159003482433036e-05, 0.00014934431237634271, 0.00012111611431464553, 6.244007818168029e-05, 6.235554610611871e-05, 8.811394218355417e-05, 0.00010984701657434925, 5.478776074596681e-05, 4.3454601836856455e-05, 3.951152029912919e-05, 6.213400047272444e-05, 8.45349786686711e-05, 3.153741272399202e-05, 4.0820003050612286e-05, 2.999883690790739e-05, 3.0399511160794646e-05, 1.861645796452649e-05, 1.676827196206432e-05, 1.994500053115189e-05, 1.8879809431382455e-05, 1.7985683371080086e-05, 1.993113437492866e-05, 2.226190554210916e-05, 2.5908555471687578e-05, 1.9911734852939844e-05, 1.6832425899337977e-05, 1.2303027688176371e-05, 8.924337635107804e-06, 7.159042070270516e-06, 7.368427304754732e-06, 7.848738277971279e-06, 7.705823918513488e-06, 6.25010261501302e-06, 4.859353794017807e-06, 4.175597496214323e-06, 4.4219773371878546e-06, 4.400778834678931e-06, 3.8460766518255696e-06, 3.920667040802073e-06, 5.211042662267573e-06, 4.732434717880096e-06, 4.567520136333769e-06, 5.71467444387963e-06, 6.034228135831654e-06, 8.674961463839281e-06, 1.0655287951522041e-05, 1.1608670320129022e-05, 1.3114909961586818e-05, 8.819595677778125e-06, 8.96055735211121e-06, 1.0831061445060186e-05, 9.184069313050713e-06, 7.017094958428061e-06, 6.4911209847196005e-06, 5.325354777596658e-06, 4.760834144690307e-06, 4.633174739865353e-06, 3.38429595103662e-06, 2.671526999620255e-06, 2.1429370917758206e-06, 2.2028239072824363e-06, 2.4251610284409253e-06, 1.9652204628073378e-06, 1.5422705246237456e-06, 1.4591009858122561e-06, 1.7865731933852658e-06, 1.9804772364295786e-06, 1.1410461411287542e-06, 1.2068937849107897e-06, 8.880878112904611e-07, 7.549710971943568e-07, 4.774470312440826e-07, 2.3977557361831714e-07, 7.537787638511873e-08, 1.2867136689465042e-08, 2.451399847003266e-11, 1.5730314620321373e-11, 1.4413466080387405e-11, 1.411347861496326e-11, 1.3865163357718036e-11, 1.3658334012400797e-11, 1.3491782344110526e-11, 1.3371139265250243e-11, 1.3297414384882966e-11], "lowlevel.mfcc.mean": [-674.5693359375, 162.14891052246094, 15.277817726135254, -9.431344985961914, 4.356040954589844, -4.143168926239014, -10.261954307556152, 25.14139175415039, -13.9713134765625, 7.135461330413818, -9.12182903289795, 1.5042272806167603, 1.4215587377548218], "lowlevel.spectral_contrast_coeffs.mean": [-0.6755680441856384, -0.6651294231414795, -0.6844122409820557, -0.7799892425537109, -0.749415397644043, -0.7644286155700684], "lowlevel.spectral_contrast_coeffs.stdev": [0.12476298958063126, 0.07689855247735977, 0.06208042800426483, 0.05585385113954544, 0.06767883896827698, 0.059585925191640854], "lowlevel.spectral_contrast_valleys.mean": [-6.985774040222168, -6.7391486167907715, -7.438918113708496, -8.033391952514648, -8.751116752624512, -11.106040954589844], "lowlevel.spectral_contrast_valleys.stdev": [1.3164212703704834, 0.8002734780311584, 0.8087344169616699, 0.8109638094902039, 0.9751412868499756, 1.299526572227478], "rhythm.beats_loudness_band_ratio.mean": [0.5058282017707825, 0.14537368714809418, 0.20496472716331482, 0.10622317343950272, 0.024347541853785515, 0.02417941577732563], "rhythm.beats_loudness_band_ratio.stdev": [0.3252362310886383, 0.173842653632164, 0.18983088433742523, 0.10675979405641556, 0.03190905973315239, 0.07280360162258148], "tonal.hpcp.mean": [0.24279353022575378, 0.29873812198638916, 0.13855920732021332, 0.08453632146120071, 0.08890356868505478, 0.06349970400333405, 0.03365439549088478, 0.017873801290988922, 0.02359657734632492, 0.11031927913427353, 0.12857143580913544, 0.04021322727203369, 0.015819787979125977, 0.03238481655716896, 0.10374259203672409, 0.1700458824634552, 0.11411135643720627, 0.03932131826877594, 0.02327742986381054, 0.017306314781308174, 0.017769934609532356, 0.04953623563051224, 0.06503736972808838, 0.1414840817451477, 0.41507047414779663, 0.36280712485313416, 0.07145477831363678, 0.013466131873428822, 0.009541604667901993, 0.010812228545546532, 0.022140393033623695, 0.021228792145848274, 0.010057035833597183, 0.009967510588467121, 0.012227946892380714, 0.052788592875003815], "tonal.hpcp.stdev": [0.31200942397117615, 0.35384657979011536, 0.2475101351737976, 0.23084092140197754, 0.24428415298461914, 0.20756474137306213, 0.13957206904888153, 0.08657325804233551, 0.0921078473329544, 0.20079822838306427, 0.22848807275295258, 0.09898833185434341, 0.0805734321475029, 0.1275937557220459, 0.2615938186645508, 0.3332470953464508, 0.24174188077449799, 0.1045093908905983, 0.08753681182861328, 0.08866875618696213, 0.09858657419681549, 0.14264893531799316, 0.17045435309410095, 0.22401145100593567, 0.4196939468383789, 0.3741161823272705, 0.13480371236801147, 0.07519301772117615, 0.058833781629800797, 0.05876988545060158, 0.08870688080787659, 0.069076307117939, 0.03271707892417908, 0.052374597638845444, 0.05619131028652191, 0.1351153403520584], "rhythm.beats_position": [0.5340589284896851, 1.05650794506073, 1.5789568424224854, 2.0897958278656006, 2.589024782180786, 3.0998640060424805, 3.599092960357666, 4.098321914672852, 4.597550868988037, 5.096779823303223, 5.596008777618408, 6.106847763061523, 6.617686748504639, 7.128525733947754, 7.54648494720459, 7.964444160461426, 8.382403373718262, 8.800362586975098, 9.229931831359863, 9.6478910446167, 10.077460289001465, 10.51863956451416, 10.948208808898926, 11.377777099609375, 11.81895637512207, 12.213695526123047, 12.608434677124023, 13.014784812927246, 13.421133995056152, 13.839092254638672, 14.257051467895508, 14.663400650024414, 15.046530723571777, 15.429659843444824, 15.812788963317871, 16.1959171295166, 16.59065818786621, 16.985397338867188, 17.368526458740234, 17.74004554748535, 18.11156463623047, 18.483083724975586, 18.842992782592773, 19.20290184020996, 19.574420928955078, 19.945940017700195, 20.317459106445312, 20.700590133666992, 21.07210922241211, 21.455238342285156, 21.826757431030273, 22.19827651977539, 22.569795608520508, 22.941314697265625, 23.312833786010742, 23.67274284362793, 24.032651901245117, 24.404170989990234, 24.775691986083984, 25.135601043701172, 25.611610412597656, 26.087617874145508, 26.563627243041992, 27.051246643066406, 27.53886604309082, 28.026485443115234, 28.525712966918945, 29.02494239807129, 29.512561798095703, 30.000181198120117, 30.4761905670166, 30.975418090820312, 31.463037490844727, 31.95065689086914, 32.43827438354492, 32.914283752441406, 33.39029312133789, 33.866302490234375, 34.34231185913086, 34.80671310424805, 35.282718658447266, 35.75872802734375, 36.22312927246094, 36.69913864135742, 37.175148010253906, 37.65115737915039, 38.12716293334961, 38.603172302246094, 39.07918167114258, 39.55519104003906], "rhythm.bpm_histogram": [0.0, 0.0, 0.0, 0.0, 0.0, 0.0, 0.0, 0.0, 0.0, 0.0, 0.0, 0.0, 0.0, 0.0, 0.0, 0.0, 0.0, 0.0, 0.0, 0.0, 0.0, 0.0, 0.0, 0.0, 0.0, 0.0, 0.0, 0.0, 0.0, 0.0, 0.0, 0.0, 0.0, 0.0, 0.0, 0.0, 0.0, 0.0, 0.0, 0.0, 0.0, 0.0, 0.0, 0.0, 0.0, 0.0, 0.0, 0.0, 0.0, 0.0, 0.0, 0.0, 0.0, 0.0, 0.0, 0.0, 0.0, 0.0, 0.0, 0.0, 0.0, 0.0, 0.0, 0.0, 0.0, 0.0, 0.0, 0.0, 0.0, 0.0, 0.0, 0.0, 0.0, 0.0, 0.0, 0.0, 0.0, 0.0, 0.0, 0.0, 0.0, 0.0, 0.0, 0.0, 0.0, 0.0, 0.0, 0.0, 0.0, 0.0, 0.0, 0.0, 0.0, 0.0, 0.0, 0.0, 0.0, 0.0, 0.0, 0.0, 0.0, 0.0, 0.0, 0.0, 0.0, 0.0, 0.0, 0.0, 0.0, 0.0, 0.0, 0.0, 0.0, 0.0, 0.0, 0.02247191034257412, 0.0, 0.056179776787757874, 0.0, 0.0, 0.10112359374761581, 0.0, 0.0, 0.08988764137029648, 0.0, 0.0, 0.1910112351179123, 0.0, 0.0, 0.02247191034257412, 0.0, 0.0, 0.0, 0.0, 0.0, 0.0, 0.02247191034257412, 0.0, 0.0, 0.0, 0.04494382068514824, 0.0, 0.0, 0.0, 0.07865168899297714, 0.0, 0.0, 0.0, 0.033707864582538605, 0.0, 0.0, 0.0, 0.04494382068514824, 0.0, 0.0, 0.0, 0.0, 0.07865168899297714, 0.0, 0.0, 0.0, 0.15730337798595428, 0.0, 0.0, 0.0, 0.0, 0.0, 0.056179776787757874, 0.0, 0.0, 0.0, 0.0, 0.0, 0.0, 0.0, 0.0, 0.0, 0.0, 0.0, 0.0, 0.0, 0.0, 0.0, 0.0, 0.0, 0.0, 0.0, 0.0, 0.0, 0.0, 0.0, 0.0, 0.0, 0.0, 0.0, 0.0, 0.0, 0.0, 0.0, 0.0, 0.0, 0.0, 0.0, 0.0, 0.0, 0.0, 0.0, 0.0, 0.0, 0.0, 0.0, 0.0, 0.0, 0.0, 0.0, 0.0, 0.0, 0.0, 0.0, 0.0, 0.0, 0.0, 0.0, 0.0, 0.0, 0.0, 0.0, 0.0, 0.0, 0.0, 0.0, 0.0, 0.0, 0.0, 0.0, 0.0, 0.0, 0.0, 0.0, 0.0, 0.0, 0.0, 0.0, 0.0, 0.0, 0.0, 0.0, 0.0, 0.0, 0.0], "tonal.chords_histogram": [3.2407407760620117, 37.84722137451172, 55.55555725097656, 1.0416666269302368, 0.0, 0.0, 0.0, 0.0, 0.0, 0.0, 0.3472222089767456, 0.0, 0.0, 0.0, 0.0, 0.0, 0.0, 1.9675925970077515, 0.0, 0.0, 0.0, 0.0, 0.0, 0.0], "tonal.thpcp": [1.0, 0.8740856051445007, 0.17215095460414886, 0.03244300186634064, 0.022987915202975273, 0.026049138978123665, 0.05334128811955452, 0.0511450320482254, 0.024229707196354866, 0.024014020338654518, 0.02945992909371853, 0.1271798312664032, 0.5849453210830688, 0.7197286486625671, 0.3338209092617035, 0.20366738736629486, 0.2141890972852707, 0.1529853492975235, 0.08108115941286087, 0.04306208714842796, 0.05684956908226013, 0.26578444242477417, 0.30975809693336487, 0.0968828871846199, 0.03811349719762802, 0.07802245020866394, 0.2499397099018097, 0.4096795320510864, 0.27492043375968933, 0.0947340801358223, 0.05608066916465759, 0.04169488325715065, 0.04281184822320938, 0.11934415996074677, 0.15668994188308716, 0.3408676087856293], "lowlevel.gfcc.cov": [[4863.8115234375, -1405.47265625, 378.6403503417969, 887.9699096679688, 46.55161666870117, 446.7852478027344, 58.51473617553711, 527.5274658203125, 137.72720336914062, 247.9326934814453, -91.49485778808594, 293.85406494140625, -328.0887756347656], [-1405.47265625, 2925.978271484375, -216.61190795898438, -404.24749755859375, 897.6630249023438, 6.946521282196045, 404.55767822265625, -42.570159912109375, 495.6640625, -246.96401977539062, 382.3889465332031, -45.33961868286133, 272.5283203125], [378.6403503417969, -216.61190795898438, 955.5393676757812, 453.39337158203125, 160.7416229248047, 410.4507141113281, 303.589111328125, 205.5838165283203, 98.0591049194336, 173.64614868164062, 12.421802520751953, 184.9702911376953, 125.5493392944336], [887.9699096679688, -404.24749755859375, 453.39337158203125, 862.282470703125, 245.84507751464844, 225.20785522460938, 261.3257751464844, 257.3328857421875, 132.0267333984375, 110.97959899902344, 9.823450088500977, 156.97467041015625, 108.943603515625], [46.55161666870117, 897.6630249023438, 160.7416229248047, 245.84507751464844, 716.4971923828125, 225.87411499023438, 305.20208740234375, 216.927978515625, 368.235107421875, 25.48729705810547, 161.88479614257812, 92.97376251220703, 143.81588745117188], [446.7852478027344, 6.946521282196045, 410.4507141113281, 225.20785522460938, 225.87411499023438, 492.1479797363281, 333.0491638183594, 185.3021240234375, 206.4202880859375, 172.67568969726562, 69.23294830322266, 74.02288818359375, 101.72012329101562], [58.51473617553711, 404.55767822265625, 303.589111328125, 261.3257751464844, 305.20208740234375, 333.0491638183594, 579.6627807617188, 180.61019897460938, 205.096435546875, 107.92491912841797, 157.4849090576172, 82.02548217773438, 145.84718322753906], [527.5274658203125, -42.570159912109375, 205.5838165283203, 257.3328857421875, 216.927978515625, 185.3021240234375, 180.61019897460938, 284.1685485839844, 175.73745727539062, 72.62994384765625, 53.133243560791016, 82.41475677490234, 33.259971618652344], [137.72720336914062, 495.6640625, 98.0591049194336, 132.0267333984375, 368.235107421875, 206.4202880859375, 205.096435546875, 175.73745727539062, 377.3384704589844, 72.72134399414062, 111.7537612915039, 56.71615219116211, 105.35940551757812], [247.9326934814453, -246.96401977539062, 173.64614868164062, 110.97959899902344, 25.48729705810547, 172.67568969726562, 107.92491912841797, 72.62994384765625, 72.72134399414062, 197.51573181152344, 37.60890579223633, 29.63589859008789, 30.6919002532959], [-91.49485778808594, 382.3889465332031, 12.421802520751953, 9.823450088500977, 161.88479614257812, 69.23294830322266, 157.4849090576172, 53.133243560791016, 111.7537612915039, 37.60890579223633, 214.5113525390625, 58.76946258544922, 61.95792007446289], [293.85406494140625, -45.33961868286133, 184.9702911376953, 156.97467041015625, 92.97376251220703, 74.02288818359375, 82.02548217773438, 82.41475677490234, 56.71615219116211, 29.63589859008789, 58.76946258544922, 182.65098571777344, 17.033187866210938], [-328.0887756347656, 272.5283203125, 125.5493392944336, 108.943603515625, 143.81588745117188, 101.72012329101562, 145.84718322753906, 33.259971618652344, 105.35940551757812, 30.6919002532959, 61.95792007446289, 17.033187866210938, 289.7585754394531]], "lowlevel.gfcc.icov": [[0.00044057564809918404, -0.00011702947085723281, 0.00033787934808060527, -0.0004749458166770637, 0.00028116480098105967, -0.000614161544945091, 0.00035207238397561014, -0.0006617194740101695, 0.00015696838090661913, -0.0002872963377740234, 0.0002479598915670067, -0.0005605904152616858, 0.0005691818078048527], [-0.00011702947085723281, 0.002359375124797225, -0.0008661189931444824, 0.0015266695991158485, -0.0024412479251623154, 0.0011976989917457104, -0.0013271002098917961, 0.002162761287763715, -0.0019660929683595896, 0.0031934049911797047, -0.002174789784476161, 0.0015634840819984674, -0.0005896050715819001], [0.00033787934808060527, -0.0008661189931444824, 0.0029159297700971365, -0.0012774899369105697, 0.0009363299468532205, -0.0023515899665653706, 0.0005422327085398138, -0.0013830146053805947, 0.001625568838790059, -0.0017570459749549627, 0.0017189623322337866, -0.0025329196359962225, 3.705491326400079e-05], [-0.0004749458166770637, 0.0015266695991158485, -0.0012774899369105697, 0.003490133211016655, -0.0021551952231675386, 0.0018027361948043108, -0.0015879567945376039, 0.0005812947638332844, -0.000868232105858624, 0.0015668654814362526, -0.000536395120434463, 0.0005667298100888729, -0.0013318528654053807], [0.00028116480098105967, -0.0024412479251623154, 0.0009363299468532205, -0.0021551952231675386, 0.006089252885431051, -0.0016035238513723016, 0.001056054956279695, -0.0028245041612535715, -0.0006600819760933518, -0.0017750191036611795, 0.0013366925995796919, -0.0017969399923458695, 0.0006001840229146183], [-0.000614161544945091, 0.0011976989917457104, -0.0023515899665653706, 0.0018027361948043108, -0.0016035238513723016, 0.007307894993573427, -0.0029472471214830875, 0.0010662343120202422, -0.0024404204450547695, -0.0008028015727177262, -0.000438597344327718, 0.0019310576608404517, -0.0009365802397951484], [0.00035207238397561014, -0.0013271002098917961, 0.0005422327085398138, -0.0015879567945376039, 0.001056054956279695, -0.0029472471214830875, 0.004800271242856979, -0.001955735730007291, 0.0014662010362371802, -0.0014749576803296804, -0.0006796996458433568, -0.0007067389087751508, 0.0001377170265186578], [-0.0006617194740101695, 0.002162761287763715, -0.0013830146053805947, 0.0005812947638332844, -0.0028245041612535715, 0.0010662343120202422, -0.001955735730007291, 0.009977406822144985, -0.003982494585216045, 0.002931443741545081, -0.0021304483525455, 0.0013328813947737217, -2.122524892911315e-05], [0.00015696838090661913, -0.0019660929683595896, 0.001625568838790059, -0.000868232105858624, -0.0006600819760933518, -0.0024404204450547695, 0.0014662010362371802, -0.003982494585216045, 0.008807574398815632, -0.003902464173734188, 0.0013972432352602482, -0.001687669544480741, -0.0004362572799436748], [-0.0002872963377740234, 0.0031934049911797047, -0.0017570459749549627, 0.0015668654814362526, -0.0017750191036611795, -0.0008028015727177262, -0.0014749576803296804, 0.002931443741545081, -0.003902464173734188, 0.012723692692816257, -0.004636574536561966, 0.0029605848249047995, -0.0006992337293922901], [0.0002479598915670067, -0.002174789784476161, 0.0017189623322337866, -0.000536395120434463, 0.0013366925995796919, -0.000438597344327718, -0.0006796996458433568, -0.0021304483525455, 0.0013972432352602482, -0.004636574536561966, 0.01001970749348402, -0.004356173798441887, -4.3048945371992886e-05], [-0.0005605904152616858, 0.0015634840819984674, -0.0025329196359962225, 0.0005667298100888729, -0.0017969399923458695, 0.0019310576608404517, -0.0007067389087751508, 0.0013328813947737217, -0.001687669544480741, 0.0029605848249047995, -0.004356173798441887, 0.010152112692594528, -0.00016939766646828502], [0.0005691818078048527, -0.0005896050715819001, 3.705491326400079e-05, -0.0013318528654053807, 0.0006001840229146183, -0.0009365802397951484, 0.0001377170265186578, -2.122524892911315e-05, -0.0004362572799436748, -0.0006992337293922901, -4.3048945371992886e-05, -0.00016939766646828502, 0.005350735504180193]], "lowlevel.mfcc.cov": [[4203.423828125, -1548.2281494140625, 240.58399963378906, 461.3553771972656, 210.77439880371094, 115.39837646484375, -17.343887329101562, 421.7103271484375, 10.449244499206543, 371.3041687011719, 189.3806915283203, 138.32513427734375, 59.57048034667969], [-1548.2281494140625, 3018.544677734375, -674.5732421875, -195.376708984375, 320.13299560546875, 131.7550506591797, 1.8978713750839233, 354.75311279296875, -16.43783187866211, 106.77107238769531, 91.01920318603516, 101.39370727539062, 229.78428649902344], [240.58399963378906, -674.5732421875, 896.0614013671875, 163.04937744140625, 5.316189289093018, 249.0059356689453, 247.42599487304688, 46.64943313598633, 257.449462890625, 10.628642082214355, 24.611059188842773, 73.82669067382812, 67.1348648071289], [461.3553771972656, -195.376708984375, 163.04937744140625, 645.4849243164062, 183.0969696044922, 137.11935424804688, 121.018798828125, 259.88995361328125, 132.62171936035156, 77.22826385498047, 77.69123840332031, 15.558520317077637, 81.74707794189453], [210.77439880371094, 320.13299560546875, 5.316189289093018, 183.0969696044922, 499.50775146484375, 102.8675537109375, 8.295099258422852, 196.82949829101562, 171.71397399902344, 134.31320190429688, 103.03468322753906, 52.7303581237793, 97.20069885253906], [115.39837646484375, 131.7550506591797, 249.0059356689453, 137.11935424804688, 102.8675537109375, 422.5978698730469, 204.72232055664062, 182.55406188964844, 236.60614013671875, 139.96160888671875, 156.7265625, 101.92193603515625, 83.87223815917969], [-17.343887329101562, 1.8978713750839233, 247.42599487304688, 121.018798828125, 8.295099258422852, 204.72232055664062, 388.64361572265625, 103.86671447753906, 195.70840454101562, 85.01074981689453, 105.04792022705078, 73.22816467285156, 70.00088500976562], [421.7103271484375, 354.75311279296875, 46.64943313598633, 259.88995361328125, 196.82949829101562, 182.55406188964844, 103.86671447753906, 489.98321533203125, 85.0945053100586, 192.52835083007812, 130.9708709716797, 119.57801055908203, 156.11001586914062], [10.449244499206543, -16.43783187866211, 257.449462890625, 132.62171936035156, 171.71397399902344, 236.60614013671875, 195.70840454101562, 85.0945053100586, 433.5973815917969, 113.28612518310547, 120.53008270263672, 30.7559814453125, 46.917476654052734], [371.3041687011719, 106.77107238769531, 10.628642082214355, 77.22826385498047, 134.31320190429688, 139.96160888671875, 85.01074981689453, 192.52835083007812, 113.28612518310547, 297.5049133300781, 127.3819580078125, 94.99630737304688, 71.39291381835938], [189.3806915283203, 91.01920318603516, 24.611059188842773, 77.69123840332031, 103.03468322753906, 156.7265625, 105.04792022705078, 130.9708709716797, 120.53008270263672, 127.3819580078125, 207.72080993652344, 86.11534118652344, 63.201141357421875], [138.32513427734375, 101.39370727539062, 73.82669067382812, 15.558520317077637, 52.7303581237793, 101.92193603515625, 73.22816467285156, 119.57801055908203, 30.7559814453125, 94.99630737304688, 86.11534118652344, 170.053955078125, 91.22596740722656], [59.57048034667969, 229.78428649902344, 67.1348648071289, 81.74707794189453, 97.20069885253906, 83.87223815917969, 70.00088500976562, 156.11001586914062, 46.917476654052734, 71.39291381835938, 63.201141357421875, 91.22596740722656, 199.37754821777344]], "lowlevel.mfcc.icov": [[0.00045080456766299903, 0.0003428375057410449, 0.00010120837396243587, -2.0640192815335467e-05, -0.000170567276654765, -6.119752652011812e-05, 0.00012715024058707058, -0.00041656379471533, 0.00020195065008010715, -0.0003516544820740819, -0.00010592614853521809, -5.753709774580784e-05, -2.6709685698733665e-05], [0.0003428375057410449, 0.000897587276995182, 0.0007381096947938204, 0.00042971145012415946, -0.00047589707537554204, -0.0004952222807332873, -0.0001519428042229265, -0.0007687564939260483, 9.497639985056594e-05, 8.682699990458786e-05, 0.00029997926321811974, -1.5025203538243659e-05, -0.0006076841964386404], [0.00010120837396243587, 0.0007381096947938204, 0.0024869884364306927, 0.0001152788245235569