{"song_id": "1183708751904124938", "download": "https://cdn.discordapp.com/attachments/1135911532732108921/1183708751904124938/chirp.mp4?ex=658951ae&amp", "lyrics": "[Chorus]\nAdeus, ano que passa, de ti muito se aprendeu, Na for\u00e7a da vida, cada um se fortaleceu. Ol\u00e1, ano novo, traga tua luz a brilhar, Com promessas de alegrias e raz\u00f5es para amar.", "style": ["MPB</span><span>, voz masculina"], "essentia_features": {"lowlevel.average_loudness": 0.9748070240020752, "lowlevel.barkbands_crest.mean": 14.087325096130371, "lowlevel.barkbands_crest.stdev": 3.6500818729400635, "lowlevel.barkbands_flatness_db.mean": 0.35187336802482605, "lowlevel.barkbands_flatness_db.stdev": 0.12443169951438904, "lowlevel.barkbands_kurtosis.mean": 27.49776840209961, "lowlevel.barkbands_kurtosis.stdev": 30.742021560668945, "lowlevel.barkbands_skewness.mean": 3.307424545288086, "lowlevel.barkbands_skewness.stdev": 1.9067400693893433, "lowlevel.barkbands_spread.mean": 8.997432708740234, "lowlevel.barkbands_spread.stdev": 14.14523696899414, "lowlevel.dissonance.mean": 0.40751948952674866, "lowlevel.dissonance.stdev": 0.06260145455598831, "lowlevel.dynamic_complexity": 2.941382646560669, "lowlevel.erbbands_crest.mean": 14.496395111083984, "lowlevel.erbbands_crest.stdev": 5.8118462562561035, "lowlevel.erbbands_flatness_db.mean": 0.25842800736427307, "lowlevel.erbbands_flatness_db.stdev": 0.08404038101434708, "lowlevel.erbbands_kurtosis.mean": 7.066596031188965, "lowlevel.erbbands_kurtosis.stdev": 10.585108757019043, "lowlevel.erbbands_skewness.mean": 1.5799707174301147, "lowlevel.erbbands_skewness.stdev": 1.8750758171081543, "lowlevel.erbbands_spread.mean": 32.54533386230469, "lowlevel.erbbands_spread.stdev": 32.19190979003906, "lowlevel.hfc.mean": 14.42507553100586, "lowlevel.hfc.stdev": 12.343025207519531, "lowlevel.loudness_ebu128.integrated": -14.496718406677246, "lowlevel.loudness_ebu128.loudness_range": 2.6000747680664062, "lowlevel.loudness_ebu128.momentary.mean": -15.697514533996582, "lowlevel.loudness_ebu128.momentary.stdev": 8.016157150268555, "lowlevel.loudness_ebu128.short_term.mean": -14.581694602966309, "lowlevel.loudness_ebu128.short_term.stdev": 1.0358810424804688, "lowlevel.melbands_crest.mean": 21.33358383178711, "lowlevel.melbands_crest.stdev": 5.147868633270264, "lowlevel.melbands_flatness_db.mean": 0.4494487941265106, "lowlevel.melbands_flatness_db.stdev": 0.1494113653898239, "lowlevel.melbands_kurtosis.mean": 57.484004974365234, "lowlevel.melbands_kurtosis.stdev": 62.13298034667969, "lowlevel.melbands_skewness.mean": 4.725966930389404, "lowlevel.melbands_skewness.stdev": 2.7073676586151123, "lowlevel.melbands_spread.mean": 7.852550506591797, "lowlevel.melbands_spread.stdev": 19.093822479248047, "lowlevel.pitch_salience.mean": 0.35448840260505676, "lowlevel.pitch_salience.stdev": 0.13456439971923828, "lowlevel.silence_rate_20dB.mean": 1.0, "lowlevel.silence_rate_20dB.stdev": 0.0, "lowlevel.silence_rate_30dB.mean": 1.0, "lowlevel.silence_rate_30dB.stdev": 0.0, "lowlevel.silence_rate_60dB.mean": 0.028688523918390274, "lowlevel.silence_rate_60dB.stdev": 0.16693232953548431, "lowlevel.spectral_centroid.mean": 534.1615600585938, "lowlevel.spectral_centroid.stdev": 600.9789428710938, "lowlevel.spectral_complexity.mean": 7.330327987670898, "lowlevel.spectral_complexity.stdev": 4.83480978012085, "lowlevel.spectral_decrease.mean": -1.3876420013048119e-08, "lowlevel.spectral_decrease.stdev": 5.140750047871734e-09, "lowlevel.spectral_energy.mean": 0.053681183606386185, "lowlevel.spectral_energy.stdev": 0.01999087817966938, "lowlevel.spectral_energyband_high.mean": 0.00040875488775782287, "lowlevel.spectral_energyband_high.stdev": 0.0013474768493324518, "lowlevel.spectral_energyband_low.mean": 0.03925725072622299, "lowlevel.spectral_energyband_low.stdev": 0.015759272500872612, "lowlevel.spectral_energyband_middle_high.mean": 0.0024541299790143967, "lowlevel.spectral_energyband_middle_high.stdev": 0.004069238435477018, "lowlevel.spectral_energyband_middle_low.mean": 0.022155696526169777, "lowlevel.spectral_energyband_middle_low.stdev": 0.014432836323976517, "lowlevel.spectral_entropy.mean": 5.862781047821045, "lowlevel.spectral_entropy.stdev": 1.165713906288147, "lowlevel.spectral_flux.mean": 0.05109367519617081, "lowlevel.spectral_flux.stdev": 0.036167848855257034, "lowlevel.spectral_kurtosis.mean": 30.71513557434082, "lowlevel.spectral_kurtosis.stdev": 38.805946350097656, "lowlevel.spectral_rms.mean": 0.0070279380306601524, "lowlevel.spectral_rms.stdev": 0.0017262697219848633, "lowlevel.spectral_rolloff.mean": 612.898193359375, "lowlevel.spectral_rolloff.stdev": 1759.4847412109375, "lowlevel.spectral_skewness.mean": 3.6790428161621094, "lowlevel.spectral_skewness.stdev": 2.4551849365234375, "lowlevel.spectral_spread.mean": 3477782.75, "lowlevel.spectral_spread.stdev": 2340901.75, "lowlevel.spectral_strongpeak.mean": 0.9084764719009399, "lowlevel.spectral_strongpeak.stdev": 0.36403048038482666, "lowlevel.zerocrossingrate.mean": 0.025705605745315552, "lowlevel.zerocrossingrate.stdev": 0.05203849449753761, "metadata.audio_properties.analysis.equal_loudness": 0.0, "metadata.audio_properties.analysis.length": 28.287981033325195, "metadata.audio_properties.analysis.sample_rate": 44100.0, "metadata.audio_properties.analysis.start_time": 0.0, "metadata.audio_properties.bit_rate": 113031.0, "metadata.audio_properties.length": 28.288000106811523, "metadata.audio_properties.lossless": 0.0, "metadata.audio_properties.number_channels": 1.0, "metadata.audio_properties.replay_gain": -10.44413948059082, "metadata.audio_properties.sample_rate": 48000.0, "rhythm.beats_count": 48.0, "rhythm.beats_loudness.mean": 0.06106746569275856, "rhythm.beats_loudness.stdev": 0.021841874346137047, "rhythm.bpm": 106.33746337890625, "rhythm.bpm_histogram_first_peak_bpm": 105.0, "rhythm.bpm_histogram_first_peak_weight": 0.5483870506286621, "rhythm.bpm_histogram_second_peak_bpm": 99.0, "rhythm.bpm_histogram_second_peak_spread": 0.08333331346511841, "rhythm.bpm_histogram_second_peak_weight": 0.23404255509376526, "rhythm.danceability": 1.1149964332580566, "rhythm.onset_rate": 3.8862221240997314, "tonal.chords_changes_rate": 0.047463174909353256, "tonal.chords_number_rate": 0.01309328991919756, "tonal.chords_strength.mean": 0.4646718204021454, "tonal.chords_strength.stdev": 0.09238108992576599, "tonal.hpcp_crest.mean": 17.926067352294922, "tonal.hpcp_crest.stdev": 8.453268051147461, "tonal.hpcp_entropy.mean": 1.391746997833252, "tonal.hpcp_entropy.stdev": 0.7339736819267273, "tonal.key_edma.strength": 0.7599216103553772, "tonal.key_krumhansl.strength": 0.7438610792160034, "tonal.key_temperley.strength": 0.7404896020889282, "tonal.tuning_diatonic_strength": 0.6195127964019775, "tonal.tuning_equal_tempered_deviation": 0.03327891230583191, "tonal.tuning_frequency": 439.74591064453125, "tonal.tuning_nontempered_energy_ratio": 0.6432430744171143, "lowlevel.barkbands.mean": [2.181862510042265e-05, 0.010296225547790527, 0.018384167924523354, 0.014378300867974758, 0.005130393896251917, 0.0013101529330015182, 0.0001662884751567617, 0.0008649267838336527, 0.00020554588991217315, 0.0003701656241901219, 0.0001717074919724837, 0.0003824837040156126, 0.00014115068188402802, 0.00026088161394000053, 0.0005133397062309086, 0.00019634366617538035, 0.0002270683617098257, 0.00018812510825227946, 4.175881258561276e-05, 0.00012960222375113517, 8.173581591108814e-05, 6.067465074011125e-05, 5.2873485401505604e-05, 2.8471657060435973e-05, 6.705353735014796e-05, 9.96270409814315e-06, 9.719462568114068e-09], "lowlevel.barkbands.stdev": [3.6175195418763906e-05, 0.011501285247504711, 0.012670527212321758, 0.013326192274689674, 0.005533984862267971, 0.0027265313547104597, 0.0005461465334519744, 0.0025657759979367256, 0.0007540429942309856, 0.0009842701256275177, 0.000551814038772136, 0.0011358872288838029, 0.00048496105591766536, 0.0010388437658548355, 0.0014238635776564479, 0.0006838006665930152, 0.0008032116456888616, 0.0006160150514915586, 0.00014599903079215437, 0.0005257502198219299, 0.0003249791916459799, 0.0003265106352046132, 0.00026395756867714226, 0.00010096371988765895, 0.00023209198843687773, 4.2093484807992354e-05, 1.2132986171309312e-07], "lowlevel.erbbands.mean": [0.06982419639825821, 3.1945807933807373, 18.426315307617188, 43.50543212890625, 24.033052444458008, 15.855973243713379, 20.171533584594727, 5.3666605949401855, 2.546539306640625, 5.705130100250244, 21.450300216674805, 5.267665863037109, 8.478070259094238, 11.579717636108398, 9.05307674407959, 17.60089683532715, 6.54770040512085, 14.643392562866211, 27.16396713256836, 16.08306312561035, 9.623398780822754, 11.114738464355469, 11.192774772644043, 4.391772270202637, 1.8607555627822876, 6.198906898498535, 5.718549728393555, 2.0135207176208496, 2.2485342025756836, 2.137629508972168, 1.2394036054611206, 0.49828392267227173, 0.6570944786071777, 0.9605951309204102, 0.32163769006729126, 0.08615607768297195, 0.010983329266309738, 0.0004532927996478975, 4.0952876588562503e-05, 6.128233508206904e-05], "lowlevel.erbbands.stdev": [0.08219580352306366, 3.350356101989746, 13.688925743103027, 34.05331802368164, 21.4073429107666, 21.354320526123047, 32.39070510864258, 17.139270782470703, 11.456679344177246, 17.119409561157227, 69.33051300048828, 16.305538177490234, 24.310277938842773, 33.101524353027344, 22.738327026367188, 52.27218246459961, 20.735546112060547, 49.71578598022461, 75.24455261230469, 44.24838638305664, 29.751497268676758, 36.833160400390625, 34.07509994506836, 17.987037658691406, 5.247468948364258, 24.79966163635254, 21.031044006347656, 10.972885131835938, 12.161224365234375, 11.844740867614746, 6.017622470855713, 2.2480971813201904, 2.091644048690796, 2.932180166244507, 1.4030483961105347, 0.37237969040870667, 0.046322014182806015, 0.0019244018476456404, 6.130679685156792e-05, 2.401737219770439e-05], "lowlevel.gfcc.mean": [-122.40858459472656, 147.5443115234375, -68.6881332397461, 45.20831298828125, -19.36634635925293, 11.617568969726562, -40.06595993041992, -7.149536609649658, -40.275856018066406, -14.843219757080078, -8.745019912719727, -18.194889068603516, -2.30202579498291], "lowlevel.melbands.mean": [0.0016754425596445799, 0.008243800140917301, 0.006585697177797556, 0.0012071478413417935, 0.0007160563254728913, 0.00014304103387985379, 3.6820212699240074e-05, 7.63281132094562e-05, 0.0001619452959857881, 2.6876638003159314e-05, 4.2713712900877e-05, 4.797332076122984e-05, 2.683692036953289e-05, 4.355104829301126e-05, 2.6635758331394754e-05, 1.6487074390170164e-05, 2.6344339858042076e-05, 4.060068749822676e-05, 3.1196472264127806e-05, 1.788100053090602e-05, 1.0425696927995887e-05, 1.0889347322518006e-05, 1.398730182700092e-05, 7.620579253853066e-06, 3.0796129522059346e-06, 1.1166131343998131e-06, 1.4617120314142085e-06, 5.12047245138092e-06, 4.66408573629451e-06, 1.554091340949526e-06, 9.89261479844572e-07, 1.3176874062992283e-06, 1.1238840897931368e-06, 1.2320831501710927e-06, 7.3994016247525e-07, 4.552672692170745e-07, 2.4927803110585955e-07, 3.743942329492711e-07, 7.013823619672621e-07, 8.620104381407145e-07], "lowlevel.melbands.stdev": [0.0018986280774697661, 0.005186238791793585, 0.004441294353455305, 0.001157458871603012, 0.0009966385550796986, 0.0003973362618125975, 0.000160767522174865, 0.00020746528753079474, 0.0005284231156110764, 9.722299728309736e-05, 0.00012192250869702548, 0.00014670580276288092, 8.247482765000314e-05, 0.0001317689602728933, 7.635889778612182e-05, 5.379759750212543e-05, 0.00010210716573055834, 0.00011847647692775354, 9.491981472820044e-05, 6.502312317024916e-05, 3.946472133975476e-05, 3.995448423665948e-05, 4.7782818000996485e-05, 2.3695105483056977e-05, 1.5330506357713602e-05, 3.1467232020077063e-06, 4.490681931201834e-06, 2.181271520385053e-05, 1.756502388161607e-05, 7.033460860839114e-06, 6.146684881969122e-06, 7.3949067882495e-06, 6.11060022492893e-06, 7.171888228185708e-06, 3.6881326650473056e-06, 2.1688008473574882e-06, 1.1948151268370566e-06, 1.3064457107248018e-06, 2.141021695933887e-06, 2.7060827960667666e-06], "lowlevel.melbands128.mean": [9.927763130690437e-06, 4.5540316932601854e-05, 0.0013191611506044865, 0.006639489904046059, 0.008824435994029045, 0.009296027012169361, 0.010271347127854824, 0.005236530676484108, 0.0020370122510939837, 0.0008091916097328067, 0.0008377039921469986, 0.0008889423916116357, 0.0008417441276833415, 0.00032326599466614425, 7.19432791811414e-05, 8.249497477663681e-05, 5.124313975102268e-05, 1.9500797861837782e-05, 2.497629975550808e-05, 6.819143163738772e-05, 6.603684596484527e-05, 0.00019377587886992842, 0.00024851621128618717, 3.078307054238394e-05, 1.2862347830377985e-05, 1.8853863366530277e-05, 5.896141010452993e-05, 4.236389577272348e-05, 2.1288253265083767e-05, 8.445025741821155e-05, 3.7097172025823966e-05, 1.9699276890605688e-05, 3.523893974488601e-05, 2.4247052351711318e-05, 2.0441961169126444e-05, 6.381802086252719e-05, 6.270389712881297e-05, 1.734716715873219e-05, 1.3641149053000845e-05, 5.749502179241972e-06, 1.0064987691293936e-05, 4.528234785539098e-05, 2.4050386855378747e-05, 2.3079042875906453e-05, 1.4894542800902855e-05, 4.9188263801625e-05, 6.556908920174465e-05, 3.529599416651763e-05, 1.1914825336134527e-05, 1.9529315977706574e-05, 2.5438244847464375e-05, 7.948809980007354e-06, 5.165704806131544e-06, 1.5539797459496185e-05, 1.405765306117246e-05, 7.6088854257250205e-06, 9.307412256021053e-06, 1.8137770894099958e-05, 1.5254265235853381e-05, 7.166560862970073e-06, 9.214965757564642e-06, 5.420420166046824e-06, 4.3776508391601965e-06, 2.2760816591471666e-06, 1.2764994608005509e-06, 9.34059357859951e-07, 1.1021195405191975e-06, 1.1422262105043046e-06, 1.5684540812799241e-06, 1.8090179310092935e-06, 4.407972937769955e-06, 7.992323844518978e-06, 5.7761558309721295e-06, 4.623081622412428e-06, 2.2994031496637035e-06, 1.5788455129950307e-06, 1.290334921577596e-06, 9.568500445311656e-07, 8.158610853570281e-07, 1.1465218676676159e-06, 1.3372696230362635e-06, 1.42566761951457e-06, 1.2193136171845254e-06, 9.926369557433645e-07, 1.1043938457078184e-06, 1.4435818229685538e-06, 1.2665134363487596e-06, 8.3633614167411e-07, 6.830572374383337e-07, 7.040688956294616e-07, 6.066360356271616e-07, 3.7987419432283787e-07, 2.0477153839237872e-07, 2.3600279064339702e-07, 2.4642082507853047e-07, 3.623304394295701e-07, 3.4382412650302285e-07, 4.838161657971796e-07, 6.318130658655718e-07, 8.431848073087167e-07, 9.941244343281141e-07, 9.746695468493272e-07, 5.825629045830283e-07, 4.021822519462148e-07, 3.098801073520008e-07, 2.727454102569027e-07, 2.657512254700123e-07, 1.7998915780026437e-07, 1.3804650222937198e-07, 1.0065572553230595e-07, 5.942549563542343e-08, 3.768464651443537e-08, 2.8607752611264914e-08, 1.252857551037323e-08, 4.691508515008991e-09, 9.199281891802968e-10, 3.222690447834964e-10, 1.472587156381433e-11, 1.201496888092457e-11, 1.0902859344519289e-11, 1.0689163096322396e-11, 9.736790367032011e-12, 7.423842790510449e-12, 7.29394062509714e-12, 7.1534713916299175e-12, 6.989318412226053e-12, 6.889583088059981e-12, 6.846615288602642e-12], "lowlevel.melbands128.stdev": [1.771040479070507e-05, 7.667747559025884e-05, 0.0020863439422100782, 0.007475899998098612, 0.009634338319301605, 0.006773381028324366, 0.009121178649365902, 0.005223589483648539, 0.00264737312681973, 0.001140209031291306, 0.001595045905560255, 0.0013438944006338716, 0.0015997409354895353, 0.0007809731760062277, 0.00042122474405914545, 0.0005552596994675696, 0.0003140938642900437, 7.617373921675608e-05, 8.976787648862228e-05, 0.00028274799115024507, 0.00026350634288974106, 0.0006656384794041514, 0.0008754036389291286, 0.0001503852690802887, 0.00014811562141403556, 9.487703209742904e-05, 0.00024731509620323777, 0.00017193246458191425, 8.275909931398928e-05, 0.00030051753856241703, 0.00013078513438813388, 9.325327846454456e-05, 0.00013891125854570419, 9.495127596892416e-05, 0.00013895462325308472, 0.00023463032266590744, 0.00022776662081014365, 7.416732114506885e-05, 9.733403567224741e-05, 4.1487921407679096e-05, 4.3409967474872246e-05, 0.0001834227005019784, 0.00010005394869949669, 0.00021683593513444066, 0.00010664092405932024, 0.00019252049969509244, 0.00022289869957603514, 0.00017719624156598002, 6.137869786471128e-05, 9.302504622610286e-05, 0.00011581954458961263, 4.379661550046876e-05, 2.4413866412942298e-05, 8.101057755993679e-05, 6.786786980228499e-05, 4.578828884405084e-05, 4.9793030484579504e-05, 7.173170888563618e-05, 7.084702519932762e-05, 3.7617435737047344e-05, 3.291481334599666e-05, 2.601259075163398e-05, 4.124514452996664e-05, 7.73428018874256e-06, 6.601899258384947e-06, 2.839743501681369e-06, 3.4621805298229447e-06, 5.650110779242823e-06, 4.696641099144472e-06, 7.517355243180646e-06, 1.7890199160319753e-05, 4.1376453737029806e-05, 2.5625275156926364e-05, 1.6491521819261834e-05, 1.0443717656016815e-05, 6.400791789928917e-06, 7.506003385060467e-06, 7.301431196538033e-06, 5.2039958973182365e-06, 7.516006462537916e-06, 7.909144187578931e-06, 8.010062629182357e-06, 7.595385341119254e-06, 5.718373813579092e-06, 6.697473509120755e-06, 9.078143193619326e-06, 7.605143764521927e-06, 4.414770046423655e-06, 3.713565320140333e-06, 3.8127898278617067e-06, 2.9542109132307814e-06, 1.8800317320710747e-06, 1.0751820127552492e-06, 1.3240808129921788e-06, 1.3376617289395654e-06, 1.54561746512627e-06, 1.2776000630765338e-06, 1.6139025547090569e-06, 2.146600991181913e-06, 2.8724598450935446e-06, 3.0551623240171466e-06, 3.064503971472732e-06, 2.4311789275088813e-06, 2.2885215003043413e-06, 1.7924326130014379e-06, 1.205353214572824e-06, 1.2279891734578996e-06, 8.036286658352765e-07, 6.781440333725186e-07, 5.051824700785801e-07, 3.0435847975240904e-07, 1.7839202826053224e-07, 1.39088072614868e-07, 7.56123483824922e-08, 2.82430736575634e-08, 9.238880771533786e-09, 4.86516293918271e-09, 1.575088254268664e-10, 1.3286689803937435e-10, 1.0341424244719732e-10, 1.0229568581099358e-10, 7.535845558681586e-11, 9.837160599990291e-12, 9.666191458368445e-12, 9.52457210323665e-12, 9.413293929061428e-12, 9.330950075103761e-12, 9.28013568768371e-12], "lowlevel.mfcc.mean": [-784.582763671875, 175.9942169189453, 25.76589584350586, 44.43549728393555, 41.05082321166992, 12.115874290466309, 23.425195693969727, -5.027657508850098, -5.592403411865234, -12.372844696044922, -17.05615234375, 1.0102840662002563, 1.0150915384292603], "lowlevel.spectral_contrast_coeffs.mean": [-0.5590329170227051, -0.7116000056266785, -0.7230712175369263, -0.7728049159049988, -0.7850183844566345, -0.7975817322731018], "lowlevel.spectral_contrast_coeffs.stdev": [0.09689939022064209, 0.08547799289226532, 0.08471743017435074, 0.07891079038381577, 0.06403642147779465, 0.05404379218816757], "lowlevel.spectral_contrast_valleys.mean": [-6.950016021728516, -8.646377563476562, -9.161870002746582, -9.432588577270508, -9.37343978881836, -12.306821823120117], "lowlevel.spectral_contrast_valleys.stdev": [1.5874298810958862, 1.282159447669983, 1.239001989364624, 1.3897675275802612, 1.5245569944381714, 1.5953247547149658], "rhythm.beats_loudness_band_ratio.mean": [0.8193955421447754, 0.09213006496429443, 0.030830251052975655, 0.02595076896250248, 0.03155997768044472, 0.02005559392273426], "rhythm.beats_loudness_band_ratio.stdev": [0.16021384298801422, 0.08531041443347931, 0.05057225003838539, 0.04021833464503288, 0.04872739315032959, 0.09116806834936142], "tonal.hpcp.mean": [0.011639243923127651, 0.007842577062547207, 0.003686819924041629, 0.00503874896094203, 0.0077821495942771435, 0.03823932632803917, 0.0786144956946373, 0.05858352407813072, 0.12916244566440582, 0.17133256793022156, 0.05885614454746246, 0.005226319655776024, 0.006222712807357311, 0.014133136719465256, 0.16277925670146942, 0.31160202622413635, 0.166497141122818, 0.011056430637836456, 0.007078200578689575, 0.0065635815262794495, 0.09108485281467438, 0.1928544044494629, 0.1178085133433342, 0.01703396812081337, 0.007520261220633984, 0.005929826758801937, 0.011452937498688698, 0.016530735418200493, 0.016984716057777405, 0.20270875096321106, 0.3446253538131714, 0.15485745668411255, 0.005933025851845741, 0.0037521785125136375, 0.0035840212367475033, 0.008026995696127415], "tonal.hpcp.stdev": [0.03077506087720394, 0.020753581076860428, 0.01585760898888111, 0.04284295067191124, 0.06300448626279831, 0.12412065267562866, 0.22052301466464996, 0.1586923450231552, 0.2699747383594513, 0.3660030961036682, 0.14246107637882233, 0.046874310821294785, 0.048468563705682755, 0.08617431670427322, 0.2400105893611908, 0.4175063967704773, 0.22993062436580658, 0.061208587139844894, 0.06076395511627197, 0.04859424754977226, 0.1915857344865799, 0.3839150667190552, 0.2456103265285492, 0.08803922683000565, 0.04856685921549797, 0.05072908103466034, 0.07367603480815887, 0.0965924859046936, 0.08337400108575821, 0.2695779800415039, 0.44107839465141296, 0.22266894578933716, 0.04963766410946846, 0.04433822259306908, 0.03895452618598938, 0.03035830147564411], "rhythm.beats_position": [0.5921088457107544, 1.2074376344680786, 1.8111563920974731, 2.426485300064087, 3.0534238815307617, 3.668752670288086, 4.2724714279174805, 4.852970600128174, 5.445079326629639, 6.013967990875244, 6.571247100830078, 7.140135765075684, 7.709024906158447, 8.277914047241211, 8.858412742614746, 9.415691375732422, 9.984580039978027, 10.55346965789795, 11.122358322143555, 11.67963695526123, 12.236915588378906, 12.794195175170898, 13.351473808288574, 13.92036247253418, 14.489251136779785, 15.046530723571777, 15.615419387817383, 16.184309005737305, 16.741586685180664, 17.298866271972656, 17.832923889160156, 18.37859344482422, 18.92426300048828, 19.48154067993164, 20.038820266723633, 20.584489822387695, 21.153377532958984, 21.722267150878906, 22.291156768798828, 22.848434448242188, 23.40571403503418, 24.009431838989258, 24.61315155029297, 25.216869354248047, 25.820589065551758, 26.4359188079834, 27.051246643066406, 27.643356323242188], "rhythm.bpm_histogram": [0.0, 0.0, 0.0, 0.0, 0.0, 0.0, 0.0, 0.0, 0.0, 0.0, 0.0, 0.0, 0.0, 0.0, 0.0, 0.0, 0.0, 0.0, 0.0, 0.0, 0.0, 0.0, 0.0, 0.0, 0.0, 0.0, 0.0, 0.0, 0.0, 0.0, 0.0, 0.0, 0.0, 0.0, 0.0, 0.0, 0.0, 0.0, 0.0, 0.0, 0.0, 0.0, 0.0, 0.0, 0.0, 0.0, 0.0, 0.0, 0.0, 0.0, 0.0, 0.0, 0.0, 0.0, 0.0, 0.0, 0.0, 0.0, 0.0, 0.0, 0.0, 0.0, 0.0, 0.0, 0.0, 0.0, 0.0, 0.0, 0.0, 0.0, 0.0, 0.0, 0.0, 0.0, 0.0, 0.0, 0.0, 0.0, 0.0, 0.0, 0.0, 0.0, 0.0, 0.0, 0.0, 0.0, 0.0, 0.0, 0.0, 0.0, 0.0, 0.0, 0.0, 0.0, 0.0, 0.0, 0.021276595070958138, 0.0, 0.10638298094272614, 0.12765957415103912, 0.0, 0.042553190141916275, 0.0, 0.042553190141916275, 0.0, 0.2978723347187042, 0.0, 0.0, 0.27659574151039124, 0.0, 0.06382978707551956, 0.0, 0.021276595070958138, 0.0, 0.0, 0.0, 0.0, 0.0, 0.0, 0.0, 0.0, 0.0, 0.0, 0.0, 0.0, 0.0, 0.0, 0.0, 0.0, 0.0, 0.0, 0.0, 0.0, 0.0, 0.0, 0.0, 0.0, 0.0, 0.0, 0.0, 0.0, 0.0, 0.0, 0.0, 0.0, 0.0, 0.0, 0.0, 0.0, 0.0, 0.0, 0.0, 0.0, 0.0, 0.0, 0.0, 0.0, 0.0, 0.0, 0.0, 0.0, 0.0, 0.0, 0.0, 0.0, 0.0, 0.0, 0.0, 0.0, 0.0, 0.0, 0.0, 0.0, 0.0, 0.0, 0.0, 0.0, 0.0, 0.0, 0.0, 0.0, 0.0, 0.0, 0.0, 0.0, 0.0, 0.0, 0.0, 0.0, 0.0, 0.0, 0.0, 0.0, 0.0, 0.0, 0.0, 0.0, 0.0, 0.0, 0.0, 0.0, 0.0, 0.0, 0.0, 0.0, 0.0, 0.0, 0.0, 0.0, 0.0, 0.0, 0.0, 0.0, 0.0, 0.0, 0.0, 0.0, 0.0, 0.0, 0.0, 0.0, 0.0, 0.0, 0.0, 0.0, 0.0, 0.0, 0.0, 0.0, 0.0, 0.0, 0.0, 0.0, 0.0, 0.0, 0.0, 0.0, 0.0, 0.0, 0.0, 0.0, 0.0, 0.0, 0.0, 0.0, 0.0, 0.0, 0.0, 0.0, 0.0], "tonal.chords_histogram": [67.75777435302734, 1.636661171913147, 0.8183305859565735, 0.0, 5.073649883270264, 0.0, 0.16366611421108246, 0.0, 0.0, 0.0, 0.0, 0.0, 0.0, 0.0, 0.0, 2.127659559249878, 0.0, 5.728314399719238, 0.0, 0.0, 2.291325807571411, 0.0, 10.801963806152344, 3.6006546020507812], "tonal.thpcp": [1.0, 0.44935014843940735, 0.017215872183442116, 0.01088770292699337, 0.01039976067841053, 0.023291947320103645, 0.03377361595630646, 0.022756820544600487, 0.010698052123188972, 0.0146209467202425, 0.022581476718187332, 0.11095912009477615, 0.22811582684516907, 0.16999191045761108, 0.37479090690612793, 0.497156023979187, 0.17078298330307007, 0.015165220946073532, 0.018056455999612808, 0.04101014882326126, 0.47233685851097107, 0.9041761755943298, 0.48312506079673767, 0.032082464545965195, 0.020538827404379845, 0.019045555964112282, 0.2643010914325714, 0.5596059560775757, 0.34184518456459045, 0.049427494406700134, 0.021821554750204086, 0.01720658876001835, 0.03323300927877426, 0.04796726256608963, 0.04928458109498024, 0.5882003307342529], "lowlevel.gfcc.cov": [[21767.49609375, -351.1940002441406, -1795.3118896484375, 1200.7618408203125, -1047.77783203125, 1016.6605834960938, -785.0895385742188, 1717.3336181640625, -408.2021484375, 426.0193176269531, -694.0320434570312, -1177.5068359375, 582.5770874023438], [-351.1940002441406, 3555.63525390625, 559.5369262695312, -625.900634765625, 1010.6362915039062, -562.8848266601562, 485.8536682128906, -720.52099609375, 149.33631896972656, -454.6104431152344, 677.0652465820312, -21.61429786682129, 93.32726287841797], [-1795.3118896484375, 559.5369262695312, 1238.8995361328125, 151.74522399902344, 160.21131896972656, -157.9729461669922, 200.0349578857422, -433.8089599609375, 78.11065673828125, -90.26580810546875, 192.4568634033203, 349.5447692871094, -154.65757751464844], [1200.7618408203125, -625.900634765625, 151.74522399902344, 700.12548828125, -142.1774444580078, 33.44593811035156, -96.51806640625, 13.011117935180664, 18.096960067749023, 65.2552719116211, -72.97726440429688, 78.36803436279297, -6.973814010620117], [-1047.77783203125, 1010.6362915039062, 160.21131896972656, -142.1774444580078, 613.5838012695312, -168.99481201171875, 141.16175842285156, -282.316650390625, 100.97909545898438, -144.5413055419922, 211.791015625, 55.77703857421875, 11.816561698913574], [1016.6605834960938, -562.8848266601562, -157.9729461669922, 33.44593811035156, -168.99481201171875, 498.6565856933594, 20.20101547241211, 148.0733642578125, -13.316655158996582, 142.0738983154297, -127.78812408447266, -78.0350341796875, 35.690101623535156], [-785.0895385742188, 485.8536682128906, 200.0349578857422, -96.51806640625, 141.16175842285156, 20.20101547241211, 318.4550476074219, -173.23448181152344, 20.233585357666016, -34.94804763793945, 145.3539276123047, 60.151649475097656, -9.465145111083984], [1717.3336181640625, -720.52099609375, -433.8089599609375, 13.011117935180664, -282.316650390625, 148.0733642578125, -173.23448181152344, 654.5571899414062, -37.3360595703125, 144.8084259033203, -190.1155548095703, -176.31103515625, 97.24799346923828], [-408.2021484375, 149.33631896972656, 78.11065673828125, 18.096960067749023, 100.97909545898438, -13.316655158996582, 20.233585357666016, -37.3360595703125, 158.2497100830078, 1.988584041595459, 18.09317398071289, 21.34834098815918, -8.707639694213867], [426.0193176269531, -454.6104431152344, -90.26580810546875, 65.2552719116211, -144.5413055419922, 142.0738983154297, -34.94804763793945, 144.8084259033203, 1.988584041595459, 164.37356567382812, -88.61031341552734, -22.015586853027344, 1.3377407789230347], [-694.0320434570312, 677.0652465820312, 192.4568634033203, -72.97726440429688, 211.791015625, -127.78812408447266, 145.3539276123047, -190.1155548095703, 18.09317398071289, -88.61031341552734, 255.52944946289062, 59.64608383178711, 0.03510632738471031], [-1177.5068359375, -21.61429786682129, 349.5447692871094, 78.36803436279297, 55.77703857421875, -78.0350341796875, 60.151649475097656, -176.31103515625, 21.34834098815918, -22.015586853027344, 59.64608383178711, 222.49058532714844, -70.67620086669922], [582.5770874023438, 93.32726287841797, -154.65757751464844, -6.973814010620117, 11.816561698913574, 35.690101623535156, -9.465145111083984, 97.24799346923828, -8.707639694213867, 1.3377407789230347, 0.03510632738471031, -70.67620086669922, 119.15327453613281]], "lowlevel.gfcc.icov": [[0.0004934439202770591, -0.0019096690230071545, 0.0006652628653682768, -0.0019566533155739307, 0.000954425719100982, -0.0015240834327414632, 0.001161088584922254, -0.0013169475132599473, 0.001705904840491712, -0.000979966833256185, 0.0017790981801226735, -0.0003987755044363439, 0.0012596688466146588], [-0.0019096690230071545, 0.009353057481348515, -0.003529147244989872, 0.008493185043334961, -0.004781666677445173, 0.006910779979079962, -0.005283885635435581, 0.005904722027480602, -0.0073090349324047565, 0.004965144209563732, -0.008874395862221718, 0.004486045800149441, -0.006833570543676615], [0.0006652628653682768, -0.003529147244989872, 0.0031129701528698206, -0.0033461612183600664, 0.002016269601881504, -0.002596789039671421, 0.0015191955026239157, -0.001949072233401239, 0.002146541839465499, -0.0014393298188224435, 0.0028323745355010033, -0.0039000301621854305, 0.0035044169053435326], [-0.0019566533155739307, 0.008493185043334961, -0.0033461612183600664, 0.009976498782634735, -0.003929555881768465, 0.006498925853520632, -0.004331525880843401, 0.005827781744301319, -0.0074060289189219475, 0.0038778174202889204, -0.00781500805169344, 0.00232586357742548, -0.006705231033265591], [0.000954425719100982, -0.004781666677445173, 0.002016269601881504, -0.003929555881768465, 0.005631258711218834, -0.003290677210316062, 0.002516038715839386, -0.002248825505375862, 0.0018470057984814048, -0.0013855589786544442, 0.0031964993104338646, -0.0025886890944093466, 0.0025424170307815075], [-0.0015240834327414632, 0.006910779979079962, -0.002596789039671421, 0.006498925853520632, -0.003290677210316062, 0.008439464494585991, -0.005173237528651953, 0.004746031481772661, -0.005546862259507179, 0.0013904942898079753, -0.0051760547794401646, 0.0035758339799940586, -0.005735800135880709], [0.001161088584922254, -0.005283885635435581, 0.0015191955026239157, -0.004331525880843401, 0.002516038715839386, -0.005173237528651953, 0.008311579935252666, -0.002805473981425166, 0.004239250905811787, -0.003241993021219969, 0.0024381137918680906, -0.0024754940532147884, 0.003307176986709237], [-0.0013169475132599473, 0.005904722027480602, -0.001949072233401239, 0.005827781744301319, -0.002248825505375862, 0.004746031481772661, -0.002805473981425166, 0.007012702524662018, -0.005038873758167028, 0.0013748864876106381, -0.004951012786477804, 0.003196167526766658, -0.006005983334034681], [0.001705904840491712, -0.0073090349324047565, 0.002146541839465499, -0.0074060289189219475, 0.0018470057984814048, -0.005546862259507179, 0.004239250905811787, -0.005038873758167028, 0.013820466585457325, -0.005203195847570896, 0.007510793395340443, -0.0021064095199108124, 0.005481155589222908], [-0.000979966833256185, 0.004965144209563732, -0.0014393298188224435, 0.0038778174202889204, -0.0013855589786544442, 0.0013904942898079753, -0.003241993021219969, 0.0013748864876106381, -0.005203195847570896, 0.013761245645582676, -0.0040655676275491714, 0.001247150357812643, -0.0021913989912718534], [0.0017790981801226735, -0.008874395862221718, 0.0028323745355010033, -0.00781500805169344, 0.0031964993104338646, -0.0051760547794401646, 0.0024381137918680906, -0.004951012786477804, 0.007510793395340443, -0.0040655676275491714, 0.016662349924445152, -0.004363296087831259, 0.00494068069383502], [-0.0003987755044363439, 0.004486045800149441, -0.0039000301621854305, 0.00232586357742548, -0.0025886890944093466, 0.0035758339799940586, -0.0024754940532147884, 0.003196167526766658, -0.0021064095199108124, 0.001247150357812643, -0.004363296087831259, 0.014125443994998932, -0.0018976446008309722], [0.0012596688466146588, -0.006833570543676615, 0.0035044169053435326, -0.006705231033265591, 0.0025424170307815075, -0.005735800135880709, 0.003307176986709237, -0.006005983334034681, 0.005481155589222908, -0.0021913989912718534, 0.00494068069383502, -0.0018976446008309722, 0.017670826986432076]], "lowlevel.mfcc.cov": [[18305.04296875, -2168.024658203125, -976.0227661132812, -566.515869140625, 534.4969482421875, -1022.0330200195312, 625.8681030273438, -480.99481201171875, 1221.94970703125, 1115.978515625, 35.121910095214844, -223.15097045898438, -792.1316528320312], [-2168.024658203125, 4024.3662109375, -98.39139556884766, 241.5763702392578, 279.4565124511719, 159.7511444091797, 263.36895751953125, 92.73812103271484, -452.83660888671875, -327.643310546875, -181.6461181640625, 161.79759216308594, 303.7486267089844], [-976.0227661132812, -98.39139556884766, 982.3822631835938, 295.5518493652344, -145.97988891601562, 319.964599609375, -101.68041229248047, 130.29908752441406, -101.54257202148438, -256.0056457519531, 76.7008285522461, 78.08491516113281, 167.81394958496094], [-566.515869140625, 241.5763702392578, 295.5518493652344, 686.870849609375, 76.08827209472656, 126.9180908203125, -88.20427703857422, 74.74533081054688, -170.75274658203125, -234.73190307617188, -49.7166748046875, 94.54430389404297, 162.88893127441406], [534.4969482421875, 279.4565124511719, -145.97988891601562, 76.08827209472656, 334.9289855957031, -61.53360366821289, 21.305782318115234, 4.74132776260376, 29.09084701538086, 53.211944580078125, -22.5476131439209, 11.562239646911621, -25.271732330322266], [-1022.0330200195312, 159.7511444091797, 319.964599609375, 126.9180908203125, -61.53360366821289, 707.036376953125, -48.058528900146484, 86.68486022949219, -127.97036743164062, -108.15779113769531, 48.851898193359375, -37.60364532470703, 113.66812896728516], [625.8681030273438, 263.36895751953125, -101.68041229248047, -88.20427703857422, 21.305782318115234, -48.058528900146484, 305.4173278808594, 18.47287368774414, 40.95378875732422, 94.32389831542969, 26.558687210083008, 23.78915786743164, -35.448509216308594], [-480.99481201171875, 92.73812103271484, 130.29908752441406, 74.74533081054688, 4.74132776260376, 86.68486022949219, 18.47287368774414, 152.8830108642578, -4.41689920425415, -28.541912078857422, 37.15774154663086, 24.99028968811035, 63.18450164794922], [1221.94970703125, -452.83660888671875, -101.54257202148438, -170.75274658203125, 29.09084701538086, -127.97036743164062, 40.95378875732422, -4.41689920425415, 301.062744140625, 193.8396453857422, 66.82390594482422, -28.06705093383789, -76.8330078125], [1115.978515625, -327.643310546875, -256.0056457519531, -234.73190307617188, 53.211944580078125, -108.15779113769531, 94.32389831542969, -28.541912078857422, 193.8396453857422, 340.7442321777344, 74.20771789550781, -44.10075759887695, -123.96473693847656], [35.121910095214844, -181.6461181640625, 76.7008285522461, -49.7166748046875, -22.5476131439209, 48.851898193359375, 26.558687210083008, 37.15774154663086, 66.82390594482422, 74.20771789550781, 156.82359313964844, 15.809106826782227, -5.688884258270264], [-223.15097045898438, 161.79759216308594, 78.08491516113281, 94.54430389404297, 11.562239646911621, -37.60364532470703, 23.78915786743164, 24.99028968811035, -28.06705093383789, -44.10075759887695, 15.809106826782227, 134.748779296875, 41.99591064453125], [-792.1316528320312, 303.7486267089844, 167.81394958496094, 162.88893127441406, -25.271732330322266, 113.66812896728516, -35.448509216308594, 63.18450164794922, -76.8330078125, -123.96473693847656, -5.688884258270264, 41.99591064453125, 192.676513671875]], "lowlevel.mfcc.icov": [[0.00010763259342638776, 1.9429946405580267e-05, -4.888429248239845e-05, -0.00011207580973859876, -0.00010711656068451703, 2.5528193873469718e-05, -0.0002148946950910613, 0.0002974733943119645, -0.00034747313475236297, -9.38691955525428e-05, 0.00011864606494782493, 9.172667341772467e-05, 0.00016755292017478496], [1.9429946405580267e-05, 0.0004637508245650679, 0.00010774792463053018, 0.000205652104341425, -0.0004879938787780702, -4.9688915169099346e-05, -0.0005236619617789984, -7.299102890101494e-06, 0.0004855129518546164, 0.0001961305388249457, 0.00028481404297053814, -0.00027196420705877244, -0.0006600729539059103], [-4.888429248239845e-05, 0.00010774792463053018, 0.001934206928126514, -0.0002899527898989618, 0.0005466063157655299, -0.0005218256264925003, 0.0002278182510053739, -0.0007833637064322829, -0.00021012300567235798, 0.0012867528712376952, -0.0009792972123250365, -0.0006362577551044524, -0.00027813599444925785], [-0.00011207580973859876, 0.000205652104341425, -0.0002899527898989618, 0.0027569264639168978, -0.0010369922965765, -9.290572779718786e-05, 0.0003349732724018395, -0.0006859599961899221, 0.0011383716482669115, 0.0008151836227625608, 0.0004617077356670052, -0.0011789414566010237, -0.0014087549643591046], [-0.00010711656068451703, -0.0004879938787780702, 0.0005466063157655299, -0.0010369922965765, 0.004267624579370022, 1.1517357961565722e-05, 0.0006944116903468966, -0.0008154428214766085, -0.000545353686902672, -0.0007208475144580007, 0.0001811750407796353, -0.00021233623556327075, 0.0010480305645614862], [2.5528193873469718e-05, -4.9688915169099346e-05, -0.0005218256264925003, -9.290572779718786e-05, 1.1517357961565722e-05, 0.002101713791489601, 6.076948466215981e-06, -0.0004358776204753667, 0.0008185507031157613, -0.0002729044936131686, -0.0007786125061102211, 0.0014862645184621215, -0.0005741146160289645], [-0.0002148946950910613, -0.0005236619617789984, 0.0002278182510053739, 0.0003349732724018395, 0.0006944116903468966, 6.076948466215981e-06, 0.004842510912567377, -0.0014749565161764622, 0.0004335222183726728, -0.001001884345896542, -0.0005090275080874562, -0.001123423338867724, 0.0006806667079217732], [0.0002974733943119645, -7.299102890101494e-06, -0.0007833637064322829, -0.0006859599961899221, -0.0008154428214766085, -0.0004358776204753667, -0.0014749565161764622, 0.009836451150476933, -0.0016387187642976642, -0.00023019133368507028, -0.0012345656286925077, 8.092595817288384e-05, -0.001705832313746214], [-0.00034747313475236297, 0.0004855129518546164, -0.00021012300567235798, 0.0011383716482669115, -0.000545353686902672, 0.0008185507031157613, 0.0004335222183726728, -0.0016387187642976642, 0.007780195213854313, -0.0023340247571468353, -0.0011837949277833104, 8.785696991253644e-05, -0.0013638704549521208], [-9.38691955525428e-05, 0.0001961305388249457, 0.0012867528712376952, 0.0008151836227625608, -0.0007208475144580007, -0.0002729044936131686, -0.001001884345896542, -0.00023019133368507028, -0.0023340247571468353, 0.007638240698724985, -0.0025322360452264547, 0.0004110959707759321, 0.001271844026632607], [0.00011864606494782493, 0.00028481404297053814, -0.0009792972123250365, 0.0004617077356670052, 0.0001811750407796353, -0.0007786125061102211, -0.0005090275080874562, -0.0012345656286925077, -0.0011837949277833104, -0.0025322360452264547, 0.009856699034571648, -0.0020248962100595236, -7.320176518987864e-05], [9.172667341772467e-05, -0.00027196420705877244, -0.0006362577551044524, -0.0011789414566010237, -0.00021233623556327075, 0.0014862645184621215, -0.001123423338867724, 8.092595817288384e-05, 8.785696991253644e-05, 0.0004110959707759321, -0.0020248962100595236, 0.010350847616791725, -0.000797539425548166], [0.00016755292017478496, -0.0006600729539059103, -0.00027813599444925785, -0.0014087549643591046, 0.0010480305645614862, -0.0005741146160289645, 0.0006806667079217732, -0.001705832313746214, -0.0013638704549521208, 0.001271844026632607, -7.320176518987864e-05, -0.000797539425548166, 0.009959549643099308]], "metadata.audio_properties.analysis.downmix": "mix", "metadata.audio_properties.codec": "mp3", "metadata.audio_properties.md5_encoded": "06089038d8c5bc506a3eb247db7f3f27", "metadata.tags.file_name": "1183708751904124938.mp3", "metadata.version.essentia": "2.1-beta6-dev", "metadata.version.essentia_git_sha": "v2.1_beta5-1110-g77a6a954", "metadata.version.extractor": "music 2.0", "tonal.chords_key": "G", "tonal.chords_scale": "major", "tonal.key_edma.key": "C", "tonal.key_edma.scale": "major", "tonal.key_krumhansl.key": "C", "tonal.key_krumhansl.scale": "major", "tonal.key_temperley.key": "G", "tonal.key_temperley.scale": "major", "metadata.tags.encoding": ["Lavf58.45.100"]}, "essentia_models": [{"model_name": "genre_dortmund", "activations": {"alternative": "0.14985855", "blues": "0.0020304676", "electronic": "0.008757327", "folkcountry": "0.35837394", "funksoulrnb": "0.0018113492", "jazz": "0.054967124", "pop": "0.24041459", "raphiphop": "0.0041155284", "rock