{"song_id": "1183711368524861520", "download": "https://cdn.discordapp.com/attachments/1135911532732108921/1183711368524861520/chirp.mp4?ex=6589541e&amp", "lyrics": "\u0417\u0435\u043c\u043b\u044f \u0432 \u0438\u043b\u043b\u044e\u043c\u0438\u043d\u0430\u0442\u043e\u0440\u0435\n\u0417\u0435\u043c\u043b\u044f \u0432 \u0438\u043b\u043b\u044e\u043c\u0438\u043d\u0430\u0442\u043e\u0440\u0435\n\u0417\u0435\u043c\u043b\u044f \u0432 \u0438\u043b\u043b\u044e\u043c\u0438\u043d\u0430\u0442\u043e\u0440\u0435 \u0432\u0438\u0434\u043d\u0430\n\u041a\u0430\u043a \u0441\u044b\u043d \u0433\u0440\u0443\u0441\u0442\u0438\u0442 \u043e \u043c\u0430\u0442\u0435\u0440\u0438, \u043a\u0430\u043a \u0441\u044b\u043d \u0433\u0440\u0443\u0441\u0442\u0438\u0442 \u043e \u043c\u0430\u0442\u0435\u0440\u0438\n\u0413\u0440\u0443\u0441\u0442\u0438\u043c \u043c\u044b \u043e \u0417\u0435\u043c\u043b\u0435 \u043e\u043d\u0430 \u043e\u0434\u043d\u0430\n\n\u0410 \u0437\u0432\u0435\u0437\u0434\u044b \u0442\u0435\u043c \u043d\u0435 \u043c\u0435\u043d\u0435\u0435, \u0430 \u0437\u0432\u0435\u0437\u0434\u044b \u0442\u0435\u043c \u043d\u0435 \u043c\u0435\u043d\u0435\u0435\n\u0427\u0443\u0442\u044c \u0431\u043b\u0438\u0436\u0435, \u043d\u043e \u0432\u0441\u0435 \u0442\u0430\u043a \u0436\u0435 \u0445\u043e\u043b\u043e\u0434\u043d\u044b\n\u0418 \u043a\u0430\u043a \u0432 \u0447\u0430\u0441\u044b \u0437\u0430\u0442\u043c\u0435\u043d\u0438\u044f, \u0438 \u043a\u0430\u043a \u0432 \u0447\u0430\u0441\u044b \u0437\u0430\u0442\u043c\u0435\u043d\u0438\u044f\n\u0416\u0434\u0435\u043c \u0441\u0432\u0435\u0442\u0430 \u0438 \u0437\u0435\u043c\u043d\u044b\u0435 \u0432\u0438\u0434\u0438\u043c \u0441\u043d\u044b\n\n\u0418 \u0441\u043d\u0438\u0442\u0441\u044f \u043d\u0430\u043c \u043d\u0435 \u0440\u043e\u043a\u043e\u0442 \u043a\u043e\u0441\u043c\u043e\u0434\u0440\u043e\u043c\u0430\n\u041d\u0438 \u044d\u0442\u0430 \u043b\u0435\u0434\u044f\u043d\u0430\u044f \u0441\u0438\u043d\u0435\u0432\u0430, \u0430 \u0441\u043d\u0438\u0442\u0441\u044f \u043d\u0430\u043c \u0442\u0440\u0430\u0432\u0430,\n\u0422\u0440\u0430\u0432\u0430 \u0443 \u0434\u043e\u043c\u0430\n\u0417\u0435\u043b\u0435\u043d\u0430\u044f, \u0437\u0435\u043b\u0435\u043d\u0430\u044f \u0442\u0440\u0430\u0432\u0430", "style": ["death</span><span>-core"], "essentia_features": {"lowlevel.average_loudness": 0.9836645722389221, "lowlevel.barkbands_crest.mean": 17.207504272460938, "lowlevel.barkbands_crest.stdev": 3.982255697250366, "lowlevel.barkbands_flatness_db.mean": 0.30200597643852234, "lowlevel.barkbands_flatness_db.stdev": 0.049862440675497055, "lowlevel.barkbands_kurtosis.mean": 44.36832809448242, "lowlevel.barkbands_kurtosis.stdev": 71.91127014160156, "lowlevel.barkbands_skewness.mean": 4.754340171813965, "lowlevel.barkbands_skewness.stdev": 3.8851523399353027, "lowlevel.barkbands_spread.mean": 17.569326400756836, "lowlevel.barkbands_spread.stdev": 13.124037742614746, "lowlevel.dissonance.mean": 0.4966672956943512, "lowlevel.dissonance.stdev": 0.004303601570427418, "lowlevel.dynamic_complexity": 1.298291802406311, "lowlevel.erbbands_crest.mean": 10.105709075927734, "lowlevel.erbbands_crest.stdev": 3.264202356338501, "lowlevel.erbbands_flatness_db.mean": 0.2351710945367813, "lowlevel.erbbands_flatness_db.stdev": 0.05638589337468147, "lowlevel.erbbands_kurtosis.mean": 8.822837829589844, "lowlevel.erbbands_kurtosis.stdev": 7.670965194702148, "lowlevel.erbbands_skewness.mean": -2.0331242084503174, "lowlevel.erbbands_skewness.stdev": 1.3368886709213257, "lowlevel.erbbands_spread.mean": 34.888484954833984, "lowlevel.erbbands_spread.stdev": 33.264347076416016, "lowlevel.hfc.mean": 31.821474075317383, "lowlevel.hfc.stdev": 16.813030242919922, "lowlevel.loudness_ebu128.integrated": -13.155254364013672, "lowlevel.loudness_ebu128.loudness_range": 1.481186866760254, "lowlevel.loudness_ebu128.momentary.mean": -13.256962776184082, "lowlevel.loudness_ebu128.momentary.stdev": 1.0154445171356201, "lowlevel.loudness_ebu128.short_term.mean": -13.12777042388916, "lowlevel.loudness_ebu128.short_term.stdev": 0.5627419352531433, "lowlevel.melbands_crest.mean": 30.27352523803711, "lowlevel.melbands_crest.stdev": 4.110344886779785, "lowlevel.melbands_flatness_db.mean": 0.3968196511268616, "lowlevel.melbands_flatness_db.stdev": 0.063143290579319, "lowlevel.melbands_kurtosis.mean": 122.62530517578125, "lowlevel.melbands_kurtosis.stdev": 177.44680786132812, "lowlevel.melbands_skewness.mean": 7.958271026611328, "lowlevel.melbands_skewness.stdev": 5.423689365386963, "lowlevel.melbands_spread.mean": 13.175350189208984, "lowlevel.melbands_spread.stdev": 12.07181167602539, "lowlevel.pitch_salience.mean": 0.22857603430747986, "lowlevel.pitch_salience.stdev": 0.09310921281576157, "lowlevel.silence_rate_20dB.mean": 1.0, "lowlevel.silence_rate_20dB.stdev": 0.0, "lowlevel.silence_rate_30dB.mean": 0.16222479939460754, "lowlevel.silence_rate_30dB.stdev": 0.36865943670272827, "lowlevel.silence_rate_60dB.mean": 0.0023174970410764217, "lowlevel.silence_rate_60dB.stdev": 0.04808574542403221, "lowlevel.spectral_centroid.mean": 2045.76611328125, "lowlevel.spectral_centroid.stdev": 723.5042724609375, "lowlevel.spectral_complexity.mean": 21.30706787109375, "lowlevel.spectral_complexity.stdev": 11.47999382019043, "lowlevel.spectral_decrease.mean": -3.533200754191057e-08, "lowlevel.spectral_decrease.stdev": 1.3623746575319728e-08, "lowlevel.spectral_energy.mean": 0.1362374871969223, "lowlevel.spectral_energy.stdev": 0.051439907401800156, "lowlevel.spectral_energyband_high.mean": 0.00032764082425273955, "lowlevel.spectral_energyband_high.stdev": 0.0002278053725603968, "lowlevel.spectral_energyband_low.mean": 0.11923965811729431, "lowlevel.spectral_energyband_low.stdev": 0.05135243013501167, "lowlevel.spectral_energyband_middle_high.mean": 0.010534809902310371, "lowlevel.spectral_energyband_middle_high.stdev": 0.007169637363404036, "lowlevel.spectral_energyband_middle_low.mean": 0.0004928209236823022, "lowlevel.spectral_energyband_middle_low.stdev": 0.0006491601816378534, "lowlevel.spectral_entropy.mean": 7.438255310058594, "lowlevel.spectral_entropy.stdev": 0.14168021082878113, "lowlevel.spectral_flux.mean": 0.16741999983787537, "lowlevel.spectral_flux.stdev": 0.053071487694978714, "lowlevel.spectral_kurtosis.mean": 7.838902950286865, "lowlevel.spectral_kurtosis.stdev": 5.134470462799072, "lowlevel.spectral_rms.mean": 0.011302148923277855, "lowlevel.spectral_rms.stdev": 0.0022750829812139273, "lowlevel.spectral_rolloff.mean": 494.00408935546875, "lowlevel.spectral_rolloff.stdev": 945.2159423828125, "lowlevel.spectral_skewness.mean": 0.9959948062896729, "lowlevel.spectral_skewness.stdev": 0.379132479429245, "lowlevel.spectral_spread.mean": 2202401.0, "lowlevel.spectral_spread.stdev": 1395009.75, "lowlevel.spectral_strongpeak.mean": 0.4406352937221527, "lowlevel.spectral_strongpeak.stdev": 0.32328715920448303, "lowlevel.zerocrossingrate.mean": 0.02785607799887657, "lowlevel.zerocrossingrate.stdev": 0.03059525042772293, "metadata.audio_properties.analysis.equal_loudness": 0.0, "metadata.audio_properties.analysis.length": 40.04265213012695, "metadata.audio_properties.analysis.sample_rate": 44100.0, "metadata.audio_properties.analysis.start_time": 0.0, "metadata.audio_properties.bit_rate": 130807.0, "metadata.audio_properties.length": 40.042667388916016, "metadata.audio_properties.lossless": 0.0, "metadata.audio_properties.number_channels": 1.0, "metadata.audio_properties.replay_gain": -10.595090866088867, "metadata.audio_properties.sample_rate": 48000.0, "rhythm.beats_count": 83.0, "rhythm.beats_loudness.mean": 0.13035602867603302, "rhythm.beats_loudness.stdev": 0.04335667937994003, "rhythm.bpm": 136.18406677246094, "rhythm.bpm_histogram_first_peak_bpm": 136.0, "rhythm.bpm_histogram_first_peak_weight": 0.5, "rhythm.bpm_histogram_second_peak_bpm": 144.0, "rhythm.bpm_histogram_second_peak_spread": 0.23076921701431274, "rhythm.bpm_histogram_second_peak_weight": 0.12195122241973877, "rhythm.danceability": 1.5418561697006226, "rhythm.onset_rate": 0.27462637424468994, "tonal.chords_changes_rate": 0.06365741044282913, "tonal.chords_number_rate": 0.009259259328246117, "tonal.chords_strength.mean": 0.4840105473995209, "tonal.chords_strength.stdev": 0.12961053848266602, "tonal.hpcp_crest.mean": 9.229046821594238, "tonal.hpcp_crest.stdev": 4.206067085266113, "tonal.hpcp_entropy.mean": 2.8968451023101807, "tonal.hpcp_entropy.stdev": 0.7068156599998474, "tonal.key_edma.strength": 0.5765476226806641, "tonal.key_krumhansl.strength": 0.5693508386611938, "tonal.key_temperley.strength": 0.5552189350128174, "tonal.tuning_diatonic_strength": 0.6258889436721802, "tonal.tuning_equal_tempered_deviation": 0.258145809173584, "tonal.tuning_frequency": 434.193115234375, "tonal.tuning_nontempered_energy_ratio": 0.8914607167243958, "lowlevel.barkbands.mean": [0.03441030904650688, 0.08719664067029953, 0.0032945070415735245, 0.00024705237592570484, 0.00012088483344996348, 3.476930578472093e-05, 2.9139964681235142e-05, 2.152109482267406e-05, 2.7590926038101315e-05, 4.546239506453276e-05, 5.946486635366455e-05, 0.00011384390381863341, 0.0003140328626614064, 0.0014546808088198304, 0.0012381452834233642, 0.0026399153284728527, 0.0015791556797921658, 0.002542202128097415, 0.0004026010283268988, 0.00029835340683348477, 0.00012559648894239217, 2.768255399132613e-05, 9.153069186140783e-06, 2.056092171187629e-06, 1.2828546402943175e-07, 2.3086186047294177e-06, 3.451709460478014e-07], "lowlevel.barkbands.stdev": [0.023623785004019737, 0.046158794313669205, 0.003539460711181164, 0.00047554197954013944, 0.0002352291630813852, 6.0895923525094986e-05, 4.931092553306371e-05, 2.7593576305662282e-05, 2.8805958208977245e-05, 4.396291114971973e-05, 5.081933340989053e-05, 0.00011032362817786634, 0.0003833702940028161, 0.001508417073637247, 0.0010585780255496502, 0.0030944671016186476, 0.001374380779452622, 0.002476109890267253, 0.00036052276846021414, 0.00020689288794528693, 9.364154539071023e-05, 3.1201951060211286e-05, 1.0699782251322176e-05, 4.7231333155650645e-06, 4.119403627100837e-07, 1.2903964261568035e-06, 3.3439320645811677e-07], "lowlevel.erbbands.mean": [4.077154636383057, 13.809547424316406, 7.3321213722229, 1.6473065614700317, 0.6043472290039062, 0.40098679065704346, 0.3361196219921112, 0.2824462056159973, 0.31910112500190735, 0.5991671085357666, 0.41924041509628296, 0.5934152007102966, 1.1266897916793823, 1.8651100397109985, 3.013404369354248, 5.21657133102417, 13.040124893188477, 59.423988342285156, 76.36345672607422, 90.35987854003906, 138.30348205566406, 95.46380615234375, 123.24280548095703, 74.25089263916016, 13.318073272705078, 14.614022254943848, 8.219500541687012, 3.071789026260376, 1.1738556623458862, 0.48337289690971375, 0.22975915670394897, 0.08228179067373276, 0.018236689269542694, 0.0021779676899313927, 0.0009507639915682375, 0.0033912821672856808, 0.005175857339054346, 0.0016835980350151658, 9.957254951586947e-05, 0.00015160795010160655], "lowlevel.erbbands.stdev": [2.4026670455932617, 8.379831314086914, 5.408881664276123, 1.6292428970336914, 1.0346604585647583, 1.000017523765564, 1.0613747835159302, 0.41631606221199036, 0.34493476152420044, 1.2906988859176636, 0.4128972291946411, 0.5485218167304993, 1.2373422384262085, 1.6870734691619873, 2.2905871868133545, 4.900710582733154, 13.03111743927002, 63.429988861083984, 69.17046356201172, 84.46238708496094, 150.27490234375, 80.15192413330078, 116.95101928710938, 69.89405822753906, 8.541399955749512, 10.492327690124512, 6.063102722167969, 2.6252613067626953, 1.2660295963287354, 0.5521315336227417, 0.27554306387901306, 0.1531696319580078, 0.04673370346426964, 0.006782043259590864, 0.0022221121471375227, 0.003384815528988838, 0.0027813101187348366, 0.0011106620077043772, 3.193835073034279e-05, 5.5076547141652554e-05], "lowlevel.gfcc.mean": [-42.7249641418457, 98.9643325805664, -146.11338806152344, 79.84107971191406, 39.07368469238281, 11.964410781860352, 13.063359260559082, 3.352445602416992, 9.236104965209961, 9.04894733428955, -8.944435119628906, 10.10524845123291, -15.642504692077637], "lowlevel.melbands.mean": [0.032814063131809235, 0.008039520122110844, 0.00025903823552653193, 3.0372410037671216e-05, 1.3354872862691991e-05, 6.321673936326988e-06, 5.136284471518593e-06, 6.256671440496575e-06, 3.1935762763168896e-06, 3.998738066002261e-06, 5.6379080888291355e-06, 7.223664397315588e-06, 9.111145118367858e-06, 1.1392366104701068e-05, 1.6606949429842643e-05, 4.282898589735851e-05, 0.00011954651563428342, 0.00013089834828861058, 8.887849980965257e-05, 0.0001698551350273192, 0.00015435769455507398, 0.00010131702583748847, 7.710225327173248e-05, 0.0001403169153491035, 5.1755705499090254e-05, 8.257560693891719e-06, 8.922071174310986e-06, 9.760133252711967e-06, 5.967699962639017e-06, 2.9399204777291743e-06, 1.3151342272976763e-06, 7.055934929667274e-07, 3.8551428360733553e-07, 2.1973168884414918e-07, 1.3990012348585878e-07, 8.160873932183677e-08, 3.833630657368303e-08, 1.562792384390832e-08, 3.0714735199666165e-09, 8.599672640663414e-10], "lowlevel.melbands.stdev": [0.01603008061647415, 0.004791411571204662, 0.00027320001390762627, 5.387891724240035e-05, 4.028126204502769e-05, 9.255406439478975e-06, 6.024088179401588e-06, 1.2490688277466688e-05, 2.9416032703011297e-06, 3.98156771552749e-06, 6.228785878192866e-06, 6.839939032943221e-06, 7.503587767132558e-06, 9.331118235422764e-06, 1.6307152691297233e-05, 5.234413765720092e-05, 0.00013043601938989013, 0.0001280660362681374, 7.535293843830004e-05, 0.00021060899598523974, 0.00016520527424290776, 9.07086578081362e-05, 7.185299909906462e-05, 0.00014690881653223187, 5.0683145673247054e-05, 6.168457730382215e-06, 5.8844434533966705e-06, 7.641727279406041e-06, 4.830025318369735e-06, 2.452846956657595e-06, 1.30539194742596e-06, 8.186473223759094e-07, 4.587136857026053e-07, 2.620630539240665e-07, 1.7353180226109544e-07, 1.1251930942535182e-07, 9.474729267822113e-08, 4.2732363425557196e-08, 1.2070699995092582e-08, 3.5175851120783364e-09], "lowlevel.melbands128.mean": [0.028599167242646217, 0.038298141211271286, 0.03715801611542702, 0.01808694750070572, 0.005231200717389584, 0.0011926197912544012, 0.0002530957863200456, 0.00010852644481929019, 4.927995178150013e-05, 2.1476022084243596e-05, 2.2137865016702563e-05, 1.8019416529568844e-05, 1.1059029930038378e-05, 7.613052275701193e-06, 6.289851626206655e-06, 5.779148523288313e-06, 4.891123353445437e-06, 4.404550054459833e-06, 5.692729700967902e-06, 8.596225598012097e-06, 5.222704203333706e-06, 3.5354555620870087e-06, 2.930665004896582e-06, 2.751993633864913e-06, 3.3530557175254216e-06, 4.492041171033634e-06, 5.614992915070616e-06, 5.791530838905601e-06, 5.249406513030408e-06, 7.419846951961517e-06, 7.631545486219693e-06, 7.4357112680445425e-06, 9.37005188461626e-06, 9.907636922434904e-06, 1.076188709703274e-05, 1.0814113011292648e-05, 1.3958485396869946e-05, 1.829134635045193e-05, 1.6451682313345373e-05, 1.769961636455264e-05, 4.069907663506456e-05, 9.140500333160162e-05, 0.00011434983025537804, 0.00014133479271549731, 0.0001397666783304885, 0.00014439837832469493, 9.730445162858814e-05, 7.870986155467108e-05, 7.746450864942744e-05, 0.00012829230399802327, 0.00018560545868240297, 0.00021758674120064825, 0.0001703521265881136, 0.00012691700248979032, 0.00011188985808985308, 0.00010951090371236205, 8.562157745473087e-05, 6.22512015979737e-05, 6.938529259059578e-05, 0.00010270018537994474, 0.00018420447304379195, 0.00014003731484990567, 7.481618376914412e-05, 2.549840064602904e-05, 9.370940460939892e-06, 7.99535155238118e-06, 6.762997600162635e-06, 7.559485766250873e-06, 8.976821845863014e-06, 1.1730701771739405e-05, 1.0860779184440617e-05, 7.932311746117193e-06, 7.784949957567733e-06, 5.8926020756189246e-06, 3.5434900382824708e-06, 3.2931532132352004e-06, 2.6941111173073296e-06, 1.5503886743317707e-06, 1.2505895483627683e-06, 7.998135060915956e-07, 8.806746336631477e-07, 6.045005420673988e-07, 4.477261370539054e-07, 4.178444612534804e-07, 2.7148004733135167e-07, 2.28775064670117e-07, 2.075222766961815e-07, 1.7739833424457174e-07, 1.2866563281477283e-07, 1.2763184997766075e-07, 9.895126851233726e-08, 6.841421651415658e-08, 5.189579255215904e-08, 3.467086173714051e-08, 3.4273110571803045e-08, 2.587861480662923e-08, 9.679278711871575e-09, 3.092729183862275e-09, 3.990435537559733e-09, 2.539669363699204e-09, 7.086500275477192e-10, 7.914736088743268e-10, 6.04315819607848e-10, 7.073210350760917e-10, 8.265755857550516e-10, 9.329937933344468e-10, 1.080735168024205e-09, 6.438261590524519e-10, 1.4752741250845247e-09, 1.008017669335004e-08, 1.9646730464728535e-08, 1.5378486040162898e-08, 1.609230615429169e-08, 1.9423415764663332e-08, 1.5615611914654437e-08, 2.6027018762420084e-08, 1.445962904966791e-08, 1.2109810931804077e-09, 2.1124914317827148e-11, 2.0514914420011188e-11, 2.0043940465730437e-11, 1.9667521083954753e-11, 1.9201910894661722e-11, 1.888367934244073e-11, 1.8573042409597562e-11, 1.8264074280738285e-11, 1.80681736933197e-11, 1.7964912543688705e-11], "lowlevel.melbands128.stdev": [0.019124707207083702, 0.025395512580871582, 0.021626900881528854, 0.011682639829814434, 0.003997017163783312, 0.001284162513911724, 0.00032148664467968047, 0.00024702964583411813, 9.21503160498105e-05, 3.927030411432497e-05, 7.037952309474349e-05, 6.438024138333276e-05, 4.416533556650393e-05, 1.5276644262485206e-05, 1.0120129445567727e-05, 9.505955858912785e-06, 6.462207238655537e-06, 5.12289898324525e-06, 1.1440269190643448e-05, 2.3719616365269758e-05, 8.765479833527934e-06, 4.627188445738284e-06, 3.2455061500513693e-06, 3.1449042126041604e-06, 3.594285317376489e-06, 5.6862886594899464e-06, 9.33993487706175e-06, 8.420626727456693e-06, 6.012146513967309e-06, 9.145110198005568e-06, 8.75639761943603e-06, 7.60978809921653e-06, 1.048638023348758e-05, 9.841111932473723e-06, 1.0146537533728406e-05, 1.0699803169700317e-05, 1.989980046346318e-05, 2.28350381803466e-05, 1.7041509636328556e-05, 2.143352867278736e-05, 6.1487102357205e-05, 0.00013939656491857022, 0.00015785367577336729, 0.00018778644152916968, 0.00018740844097919762, 0.00017096730880439281, 0.00010631747136358172, 8.463328413199633e-05, 8.547162724426016e-05, 0.00015154856373555958, 0.00028211745666339993, 0.0003605342353694141, 0.00022341350268106908, 0.00015080631419550627, 0.00012275073095224798, 0.00011687221558531746, 9.606039384379983e-05, 6.700396625092253e-05, 8.725230145500973e-05, 0.00011654864647425711, 0.00022787066700402647, 0.00018081505550071597, 8.196650742320344e-05, 2.6449000870343298e-05, 8.918972525862046e-06, 7.387416644633049e-06, 6.492167813121341e-06, 7.036275746941101e-06, 6.68033180772909e-06, 1.0388625923951622e-05, 1.0711298273236025e-05, 7.4926988418155815e-06, 8.091358722595032e-06, 5.309414518706035e-06, 3.165038833685685e-06, 3.2348007152904756e-06, 2.7861285616381792e-06, 1.7311366491412628e-06, 1.409143692399084e-06, 1.0150190519198077e-06, 1.167920572697767e-06, 7.780324153827678e-07, 5.452014875118039e-07, 5.575099066845723e-07, 3.816523133082228e-07, 3.052722945540154e-07, 2.5822390625762637e-07, 2.4476113935634203e-07, 1.824416386853045e-07, 1.7003648622448964e-07, 1.4432896477956092e-07, 1.0519379145534913e-07, 1.0557855034676322e-07, 1.0525095461844103e-07, 1.1588486614755311e-07, 6.940705077340681e-08, 3.189379071955045e-08, 1.2261346604702794e-08, 1.838971463996586e-08, 1.1016966006138773e-08, 3.073154841715109e-09, 4.191249125540253e-09, 2.4956849919988144e-09, 2.7686377634950077e-09, 3.041629170752458e-09, 3.3342948402292905e-09, 3.666115855338603e-09, 2.769824813952937e-09, 3.520592484207441e-09, 1.4516018609356252e-08, 2.4835326684069514e-08, 1.3592072356516383e-08, 1.199165478027453e-08, 1.3770312889960223e-08, 1.1040861558342385e-08, 2.2069245986244823e-08, 1.301792718066963e-08, 2.130563059310475e-09, 2.4981522059319694e-11, 2.4324897998639905e-11, 2.373880085559943e-11, 2.3213438116176377e-11, 2.276618650542961e-11, 2.2374541455705277e-11, 2.2050456946476338e-11, 2.179291122561544e-11, 2.1603859326480013e-11, 2.1487443768730685e-11], "lowlevel.mfcc.mean": [-683.949462890625, 130.4393310546875, -79.46200561523438, 90.48550415039062, 32.18824005126953, 55.62290573120117, 11.543034553527832, 33.44399642944336, 11.754953384399414, 27.098628997802734, 5.738356113433838, 19.90319061279297, 1.3387389183044434], "lowlevel.spectral_contrast_coeffs.mean": [-0.6779288649559021, -0.8617408871650696, -0.8443384766578674, -0.7794641256332397, -0.7560577392578125, -0.5875881910324097], "lowlevel.spectral_contrast_coeffs.stdev": [0.05833631753921509, 0.03363995626568794, 0.029039105400443077, 0.057566896080970764, 0.05767902359366417, 0.045122675597667694], "lowlevel.spectral_contrast_valleys.mean": [-7.069151878356934, -7.994021892547607, -7.763331890106201, -6.750645637512207, -6.914256572723389, -13.074909210205078], "lowlevel.spectral_contrast_valleys.stdev": [0.730607807636261, 0.6673551797866821, 0.668743371963501, 0.8731347918510437, 0.7651751041412354, 0.7690114974975586], "rhythm.beats_loudness_band_ratio.mean": [0.8875600695610046, 0.001267050625756383, 0.0008307639509439468, 0.01258324459195137, 0.09306256473064423, 0.006778547074645758], "rhythm.beats_loudness_band_ratio.stdev": [0.09192327409982681, 0.0032679764553904533, 0.000952643109485507, 0.01188625954091549, 0.08117689192295074, 0.005159471649676561], "tonal.hpcp.mean": [0.030248817056417465, 0.043225210160017014, 0.059124868363142014, 0.07517032325267792, 0.12057781219482422, 0.2354183942079544, 0.4067736268043518, 0.49376100301742554, 0.4238821566104889, 0.278920978307724, 0.14919129014015198, 0.07197986543178558, 0.03619585931301117, 0.02710540033876896, 0.025144122540950775, 0.026484809815883636, 0.01991090551018715, 0.01164712943136692, 0.009640390053391457, 0.008726394735276699, 0.009232550859451294, 0.007745439186692238, 0.008457054384052753, 0.01654275320470333, 0.021375738084316254, 0.016130520030856133, 0.01535380631685257, 0.02307368628680706, 0.03278638795018196, 0.038782838732004166, 0.03474964573979378, 0.024762889370322227, 0.01801340840756893, 0.018167689442634583, 0.018181083723902702, 0.021194472908973694], "tonal.hpcp.stdev": [0.13417468965053558, 0.16041085124015808, 0.19503441452980042, 0.21784745156764984, 0.2677376866340637, 0.34508103132247925, 0.39454028010368347, 0.406854510307312, 0.3972781002521515, 0.362476646900177, 0.28283393383026123, 0.1863759458065033, 0.13178150355815887, 0.10164022445678711, 0.09865030646324158, 0.11375176906585693, 0.09775136411190033, 0.05795243754982948, 0.059613097459077835, 0.03509374335408211, 0.05273830145597458, 0.05176398903131485, 0.05603845417499542, 0.0660192146897316, 0.09790776669979095, 0.06276506930589676, 0.03770400211215019, 0.05162328854203224, 0.06759844720363617, 0.0773613378405571, 0.07331953942775726, 0.06068017706274986, 0.06750345230102539, 0.08636564016342163, 0.08514510095119476, 0.08859356492757797], "rhythm.beats_position": [0.54566890001297, 1.09133780002594, 1.6486167907714844, 2.2058956623077393, 2.763174533843994, 3.320453405380249, 3.877732276916504, 4.435011386871338, 5.085169792175293, 5.735328674316406, 6.3854875564575195, 7.035645961761475, 7.685804843902588, 8.347573280334473, 8.962902069091797, 9.578230857849121, 10.193559646606445, 10.727619171142578, 11.261677742004395, 11.795736312866211, 12.306575775146484, 12.8406343460083, 13.351473808288574, 13.862312316894531, 14.384761810302734, 14.883990287780762, 15.371609687805176, 15.88244915008545, 16.346847534179688, 16.811246871948242, 17.287256240844727, 17.76326560974121, 18.158004760742188, 18.552743911743164, 18.94748306274414, 19.319002151489258, 19.690521240234375, 20.062040328979492, 20.44516944885254, 20.839908599853516, 21.223037719726562, 21.61777687072754, 22.012516021728516, 22.46530532836914, 22.906484603881836, 23.35927391052246, 23.812063217163086, 24.27646255493164, 24.729251861572266, 25.17043113708496, 25.611610412597656, 26.05278778076172, 26.505577087402344, 26.95836639404297, 27.399545669555664, 27.84072494506836, 28.258684158325195, 28.67664337158203, 29.082992553710938, 29.489341735839844, 29.90730094909668, 30.325260162353516, 30.74321937561035, 31.161178588867188, 31.579137802124023, 31.99709701538086, 32.403446197509766, 32.82140350341797, 33.250972747802734, 33.6805419921875, 34.110111236572266, 34.551292419433594, 34.992469787597656, 35.42203903198242, 35.85160827636719, 36.28117752075195, 36.71074676513672, 37.12870788574219, 37.56988525390625, 38.01106643676758, 38.45224380493164, 38.89342498779297, 39.33460235595703], "rhythm.bpm_histogram": [0.0, 0.0, 0.0, 0.0, 0.0, 0.0, 0.0, 0.0, 0.0, 0.0, 0.0, 0.0, 0.0, 0.0, 0.0, 0.0, 0.0, 0.0, 0.0, 0.0, 0.0, 0.0, 0.0, 0.0, 0.0, 0.0, 0.0, 0.0, 0.0, 0.0, 0.0, 0.0, 0.0, 0.0, 0.0, 0.0, 0.0, 0.0, 0.0, 0.0, 0.0, 0.0, 0.0, 0.0, 0.0, 0.0, 0.0, 0.0, 0.0, 0.0, 0.0, 0.0, 0.0, 0.0, 0.0, 0.0, 0.0, 0.0, 0.0, 0.0, 0.0, 0.0, 0.0, 0.0, 0.0, 0.0, 0.0, 0.0, 0.0, 0.0, 0.0, 0.0, 0.0, 0.0, 0.0, 0.0, 0.0, 0.0, 0.0, 0.0, 0.0, 0.0, 0.0, 0.0, 0.0, 0.0, 0.0, 0.0, 0.0, 0.0, 0.0, 0.012195121496915817, 0.060975611209869385, 0.0, 0.0, 0.0, 0.0, 0.0, 0.03658536449074745, 0.0, 0.0, 0.0, 0.0, 0.0, 0.0, 0.0, 0.0, 0.0, 0.0731707289814949, 0.0, 0.012195121496915817, 0.0, 0.04878048598766327, 0.0, 0.0, 0.012195121496915817, 0.0, 0.04878048598766327, 0.0, 0.0, 0.012195121496915817, 0.0, 0.0, 0.012195121496915817, 0.0, 0.0, 0.024390242993831635, 0.0, 0.0, 0.03658536449074745, 0.0, 0.0, 0.0, 0.0731707289814949, 0.0, 0.0, 0.15853658318519592, 0.0, 0.0, 0.0, 0.08536585420370102, 0.0, 0.0, 0.0, 0.12195122241973877, 0.0, 0.0, 0.0, 0.03658536449074745, 0.0, 0.0, 0.0, 0.0731707289814949, 0.0, 0.0, 0.0, 0.0, 0.024390242993831635, 0.0, 0.0, 0.0, 0.03658536449074745, 0.0, 0.0, 0.0, 0.0, 0.0, 0.0, 0.0, 0.0, 0.0, 0.0, 0.0, 0.0, 0.0, 0.0, 0.0, 0.0, 0.0, 0.0, 0.0, 0.0, 0.0, 0.0, 0.0, 0.0, 0.0, 0.0, 0.0, 0.0, 0.0, 0.0, 0.0, 0.0, 0.0, 0.0, 0.0, 0.0, 0.0, 0.0, 0.0, 0.0, 0.0, 0.0, 0.0, 0.0, 0.0, 0.0, 0.0, 0.0, 0.0, 0.0, 0.0, 0.0, 0.0, 0.0, 0.0, 0.0, 0.0, 0.0, 0.0, 0.0, 0.0, 0.0, 0.0, 0.0, 0.0, 0.0, 0.0, 0.0, 0.0, 0.0, 0.0, 0.0, 0.0, 0.0, 0.0, 0.0, 0.0, 0.0, 0.0, 0.0, 0.0, 0.0, 0.0, 0.0, 0.0, 0.0, 0.0, 0.0], "tonal.chords_histogram": [1.5046296119689941, 14.120369911193848, 42.824073791503906, 0.0, 0.11574073880910873, 0.0, 0.0, 0.0, 0.5787037014961243, 25.578702926635742, 0.0, 4.629629611968994, 0.0, 0.0, 2.8935184478759766, 0.8101851940155029, 2.0833332538604736, 0.0, 0.0, 0.0, 0.0, 4.745370388031006, 0.11574073880910873, 0.0], "tonal.thpcp": [1.0, 0.8584764003753662, 0.5648906826972961, 0.3021528422832489, 0.14577876031398773, 0.07330643385648727, 0.0548957884311676, 0.0509236715734005, 0.05363892763853073, 0.04032498598098755, 0.023588597774505615, 0.019524404779076576, 0.017673317342996597, 0.018698420375585556, 0.01568661630153656, 0.017127830535173416, 0.033503562211990356, 0.043291669338941574, 0.03266867995262146, 0.03109562397003174, 0.04673047363758087, 0.06640133261680603, 0.07854577153921127, 0.07037746161222458, 0.05015156790614128, 0.03648203983902931, 0.036794502288103104, 0.036821626126766205, 0.042924556881189346, 0.06126205995678902, 0.08754277974367142, 0.11974389851093292, 0.1522403061389923, 0.24420279264450073, 0.47678613662719727, 0.8238269686698914], "lowlevel.gfcc.cov": [[2702.580078125, 40.15528869628906, -708.9852905273438, 215.23422241210938, 245.64840698242188, 60.656700134277344, -64.25284576416016, 85.7349853515625, 159.09996032714844, 18.607446670532227, 9.668947219848633, 26.797048568725586, -78.42583465576172], [40.15528869628906, 244.07797241210938, 263.1011962890625, -53.21642303466797, -104.35147857666016, -46.58772659301758, 66.25711822509766, -67.78909301757812, -50.57468795776367, -16.980066299438477, -3.009528398513794, -11.728642463684082, 10.015499114990234], [-708.9852905273438, 263.1011962890625, 823.8106079101562, -127.9773941040039, -334.8804931640625, -1.2283281087875366, 117.81322479248047, -85.5091781616211, -155.42169189453125, -45.53657531738281, -8.770480155944824, -32.98369216918945, 68.73448944091797], [215.23422241210938, -53.21642303466797, -127.9773941040039, 91.2903823852539, 106.42970275878906, 10.500110626220703, -13.76589298248291, 10.344345092773438, 33.58900451660156, -1.0005159378051758, -3.2830564975738525, -3.0827856063842773, 1.5872701406478882], [245.64840698242188, -104.35147857666016, -334.8804931640625, 106.42970275878906, 326.9190368652344, -10.89720344543457, -1.4333338737487793, 33.034053802490234, 70.53462219238281, 32.460628509521484, -16.811588287353516, 20.068103790283203, -20.206769943237305], [60.656700134277344, -46.58772659301758, -1.2283281087875366, 10.500110626220703, -10.89720344543457, 73.19348907470703, 8.501519203186035, 20.243316650390625, 1.1118608713150024, -15.554807662963867, 12.530735969543457, -14.999552726745605, -1.3396093845367432], [-64.25284576416016, 66.25711822509766, 117.81322479248047, -13.76589298248291, -1.4333338737487793, 8.501519203186035, 106.0907211303711, -15.430862426757812, -7.625467777252197, -7.035467147827148, 0.3708396553993225, 2.1836140155792236, -2.059093713760376], [85.7349853515625, -67.78909301757812, -85.5091781616211, 10.344345092773438, 33.034053802490234, 20.243316650390625, -15.430862426757812, 63.95640563964844, 25.041162490844727, 2.5859899520874023, -0.09350508451461792, -3.6932191848754883, 2.8441367149353027], [159.09996032714844, -50.57468795776367, -155.42169189453125, 33.58900451660156, 70.53462219238281, 1.1118608713150024, -7.625467777252197, 25.041162490844727, 77.95852661132812, 13.20470142364502, 13.656983375549316, 3.567608118057251, -7.927281379699707], [18.607446670532227, -16.980066299438477, -45.53657531738281, -1.0005159378051758, 32.460628509521484, -15.554807662963867, -7.035467147827148, 2.5859899520874023, 13.20470142364502, 50.616878509521484, 3.002810478210449, 10.067813873291016, -8.895732879638672], [9.668947219848633, -3.009528398513794, -8.770480155944824, -3.2830564975738525, -16.811588287353516, 12.530735969543457, 0.3708396553993225, -0.09350508451461792, 13.656983375549316, 3.002810478210449, 46.745914459228516, 2.8951728343963623, 0.35074353218078613], [26.797048568725586, -11.728642463684082, -32.98369216918945, -3.0827856063842773, 20.068103790283203, -14.999552726745605, 2.1836140155792236, -3.6932191848754883, 3.567608118057251, 10.067813873291016, 2.8951728343963623, 36.41774368286133, -0.1784444898366928], [-78.42583465576172, 10.015499114990234, 68.73448944091797, 1.5872701406478882, -20.206769943237305, -1.3396093845367432, -2.059093713760376, 2.8441367149353027, -7.927281379699707, -8.895732879638672, 0.35074353218078613, -0.1784444898366928, 61.99283218383789]], "lowlevel.gfcc.icov": [[0.001504590269178152, -0.005154842045158148, 0.0019064797088503838, -0.00450307410210371, 0.0014954576035961509, -0.004244298208504915, 0.0012619433691725135, -0.003353190841153264, -0.00048323493683710694, -0.0015525376657024026, 0.0015412832144647837, -0.004050642251968384, 0.0010242589050903916], [-0.005154842045158148, 0.028746789321303368, -0.007810121867805719, 0.017148572951555252, -0.0046615577302873135, 0.022439779713749886, -0.009285969659686089, 0.017283324152231216, 0.0023358738981187344, 0.00783961545675993, -0.007307942025363445, 0.019717277958989143, -0.003559352131560445], [0.0019064797088503838, -0.007810121867805719, 0.007419229485094547, -0.005721305031329393, 0.005163538735359907, -0.005375158041715622, -0.002824155380949378, -0.003271332709118724, 0.004428718239068985, -0.0031952483113855124, 0.0025035713333636522, -0.002667289925739169, -0.0026967611629515886], [-0.00450307410210371, 0.017148572951555252, -0.005721305031329393, 0.036436621099710464, -0.01191970705986023, 0.0092195188626647, -0.0010500913485884666, 0.016009239479899406, -0.0037327895406633615, 0.009168713353574276, -0.0036912874784320593, 0.016883114352822304, -0.0066042570397257805], [0.0014954576035961509, -0.0046615577302873135, 0.005163538735359907, -0.01191970705986023, 0.01080954261124134, -0.001914891880005598, -0.003996609710156918, -0.004533832427114248, 0.001014684559777379, -0.0050583393312990665, 0.004279000218957663, -0.004939995240420103, 0.00014786876272410154], [-0.004244298208504915, 0.022439779713749886, -0.005375158041715622, 0.0092195188626647, -0.001914891880005598, 0.03822311758995056, -0.011021244339644909, 0.005469242576509714, 0.006258058827370405, 0.010141956619918346, -0.012698913924396038, 0.02186230756342411, -0.0012959128944203258], [0.0012619433691725135, -0.009285969659686089, -0.002824155380949378, -0.0010500913485884666, -0.003996609710156918, -0.011021244339644909, 0.01918688602745533, -0.0031401938758790493, -0.006655824836343527, 0.0002524297742638737, 0.002406321233138442, -0.009958197362720966, 0.004638184793293476], [-0.003353190841153264, 0.017283324152231216, -0.003271332709118724, 0.016009239479899406, -0.004533832427114248, 0.005469242576509714, -0.0031401938758790493, 0.03407154977321625, -0.004532468505203724, 0.004012131132185459, -0.00044600889668799937, 0.0141574926674366, -0.006804812699556351], [-0.00048323493683710694, 0.0023358738981187344, 0.004428718239068985, -0.0037327895406633615, 0.001014684559777379, 0.006258058827370405, -0.006655824836343527, -0.004532468505203724, 0.02701355703175068, -0.0025712898932397366, -0.008500245399773121, 0.005490290001034737, -0.0022013718262314796], [-0.0015525376657024026, 0.00783961545675993, -0.0031952483113855124, 0.009168713353574276, -0.0050583393312990665, 0.010141956619918346, 0.0002524297742638737, 0.004012131132185459, -0.0025712898932397366, 0.02738676778972149, -0.004807915538549423, 0.001979039516299963, 0.0021060118451714516], [0.0015412832144647837, -0.007307942025363445, 0.0025035713333636522, -0.0036912874784320593, 0.004279000218957663, -0.012698913924396038, 0.002406321233138442, -0.00044600889668799937, -0.008500245399773121, -0.004807915538549423, 0.029117079451680183, -0.0094648702070117, -0.0002989430504385382], [-0.004050642251968384, 0.019717277958989143, -0.002667289925739169, 0.016883114352822304, -0.004939995240420103, 0.02186230756342411, -0.009958197362720966, 0.0141574926674366, 0.005490290001034737, 0.001979039516299963, -0.0094648702070117, 0.04919733852148056, -0.006721662823110819], [0.0010242589050903916, -0.003559352131560445, -0.0026967611629515886, -0.0066042570397257805, 0.00014786876272410154, -0.0012959128944203258, 0.004638184793293476, -0.006804812699556351, -0.0022013718262314796, 0.0021060118451714516, -0.0002989430504385382, -0.006721662823110819, 0.02165033482015133]], "lowlevel.mfcc.cov": [[1866.953857421875, -219.69735717773438, -791.4259643554688, 62.2234001159668, 247.1189422607422, 43.62047576904297, -167.0918426513672, 99.85159301757812, 14.107916831970215, 55.50529861450195, 167.87522888183594, 76.12203979492188, -99.59432220458984], [-219.69735717773438, 326.77764892578125, 267.2945251464844, 44.9859733581543, -135.9960174560547, 20.561077117919922, 48.29926681518555, -28.50100326538086, -35.31575393676758, -12.334577560424805, -52.49666976928711, -24.40626335144043, 25.143566131591797], [-791.4259643554688, 267.2945251464844, 993.2067260742188, -147.4539337158203, -288.9377136230469, -74.8072738647461, 137.5982208251953, -79.94151306152344, -39.82489013671875, -72.84070587158203, -126.9941635131836, -88.0150375366211, 64.4332275390625], [62.2234001159668, 44.9859733581543, -147.4539337158203, 134.9414520263672, 46.445316314697266, 51.35451126098633, -13.731315612792969, 10.368414878845215, 12.667734146118164, 19.750795364379883, -14.024230003356934, 12.63804817199707, 10.836945533752441], [247.1189422607422, -135.9960174560547, -288.9377136230469, 46.445316314697266, 188.58631896972656, 2.814544439315796, -21.88060188293457, 6.989342212677002, 44.29103088378906, 12.679808616638184, 28.05712890625, 19.41849708557129, -6.655578136444092], [43.62047576904297, 20.561077117919922, -74.8072738647461, 51.35451126098633, 2.814544439315796, 88.10944366455078, 3.5582096576690674, 28.31229591369629, -13.83533763885498, 22.29041862487793, 1.4907854795455933, 18.623435974121094, -14.395434379577637], [-167.0918426513672, 48.29926681518555, 137.5982208251953, -13.731315612792969, -21.88060188293457, 3.5582096576690674, 88.21537017822266, -2.1764490604400635, 13.714293479919434, -11.790154457092285, -18.791706085205078, -12.898846626281738, 16.11067008972168], [99.85159301757812, -28.50100326538086, -79.94151306152344, 10.368414878845215, 6.989342212677002, 28.31229591369629, -2.1764490604400635, 78.77051544189453, -3.8347747325897217, 30.114925384521484, 2.9629483222961426, 16.13555335998535, -24.307857513427734], [14.107916831970215, -35.31575393676758, -39.82489013671875, 12.667734146118164, 44.29103088378906, -13.83533763885498, 13.714293479919434, -3.8347747325897217, 71.9196548461914, 2.963912010192871, -9.54458999633789, -6.002874851226807, 29.678796768188477], [55.50529861450195, -12.334577560424805, -72.84070587158203, 19.750795364379883, 12.679808616638184, 22.29041862487793, -11.790154457092285, 30.114925384521484, 2.963912010192871, 53.76057434082031, 7.585254669189453, 21.791563034057617, -11.862312316894531], [167.87522888183594, -52.49666976928711, -126.9941635131836, -14.024230003356934, 28.05712890625, 1.4907854795455933, -18.791706085205078, 2.9629483222961426, -9.54458999633789, 7.585254669189453, 83.8003921508789, 17.5394229888916, -26.323089599609375], [76.12203979492188, -24.40626335144043, -88.0150375366211, 12.63804817199707, 19.41849708557129, 18.623435974121094, -12.898846626281738, 16.13555335998535, -6.002874851226807, 21.791563034057617, 17.5394229888916, 45.870357513427734, -9.783156394958496], [-99.59432220458984, 25.143566131591797, 64.4332275390625, 10.836945533752441, -6.655578136444092, -14.395434379577637, 16.11067008972168, -24.307857513427734, 29.678796768188477, -11.862312316894531, -26.323089599609375, -9.783156394958496, 69.52645874023438]], "lowlevel.mfcc.icov": [[0.0010031992569565773, -0.0005618429859168828, 0.00032307198853231966, 0.0005102519644424319, -0.0008720254409126937, -0.0002006998984143138, 0.0013978017959743738, -0.0011285125510767102, -0.0005199352744966745, 0.0006100533064454794, -0.0011367099359631538, -0.00010320892033632845, 0.0002989592030644417], [-0.0005618429859168828, 0.007406937889754772, -0.0008248023805208504, -0.0056538088247179985, 0.004858131054788828, 0.0007212570053525269, -0.0036342665553092957, 0.002861592685803771, 0.0026341802440583706, -0.0013437737943604589, 0.001186078879982233, 0.0009682376985438168, -0.0001492705923737958], [0.00032307198853231966, -0.0008248023805208504, 0.004249553196132183, 0.0028760095592588186, 0.003346298821270466, 0.001098523149266839, -0.003410070901736617, 0.0019242475973442197, 0.0011455019703134894, -0.00027724748360924423, 0.003378374734893441, 0.0017443764954805374, -0.0006264953408390284], [0.0005102519644424319, -0.0056538088247179985, 0.0028760095592588186, 0.01796664111316204, -0.004567265976220369, -0.0077580176293849945, 0.0032209884375333786, 0.00016820065502543002, -0.001755180535838008, -0.0011013296898454428, 0.0038981924299150705, 0.0007467862451449037, -0.003278963966295123], [-0.0008720254409126937, 0.004858131054788828, 0.003346298821270466, -0.004567265976220369, 0.0157470665872097, 0.002928386675193906, -0.005732827819883823, 0.004772978834807873, -0.003025582991540432, -0.00029559381073340774, 0.0026678862050175667, -0.00030027423053979874, 0.0019244946306571364], [-0.0002006998984143138, 0.0007212570053525269, 0.001098523149266839, -0.0077580176293849945, 0.002928386675193906, 0.02002599835395813, -0.005556293297559023, -0.002472071908414364, 0.004502403549849987, -0.0028048146050423384, 0.0007401657057926059, -0.0030478090047836304, 0.0019436473958194256], [0.0013978017959743738, -0.0036342665553092957, -0.003410070901736617, 0.0032209884375333786, -0.005732827819883823, -0.005556293297559023, 0.021315284073352814, -0.005866008810698986, -0.00698021799325943, 0.004627937451004982, -0.003942288924008608, -0.0