{"song_id": "1183705885307043940", "download": "https://cdn.discordapp.com/attachments/1128313332273782784/1183705885307043940/chirp.mp4?ex=65894f03&amp", "lyrics": "[Verse]\nSalut, tu\u2026 vas\u2026 bien? Y en a marre du Fauchon,\ndu H\u00e9diard, du saumon, du caviar Salut c\u2019est Patrick \u00e0 l\u2019appareil Ouais c\u2019est Pat\u2019, tu vas bien?\nEt moi et moi, tu ne sais pas quelle est ma vie\n\n[Chorus]\n\u00c0 c\u00f4toyer Chantal ou bien Marie-Sophie\n\u00c0 faire le baisemain \u00e0 des p\u00e9tasses mal bais\u00e9es\nEnfin je voulais dire des filles un peu coinc\u00e9es\nJe veux \u00eatre un voyou Vrai de vrai hors la loi", "style": ["bob maerley"], "essentia_features": {"lowlevel.average_loudness": 0.4217425286769867, "lowlevel.barkbands_crest.mean": 13.610849380493164, "lowlevel.barkbands_crest.stdev": 4.618587970733643, "lowlevel.barkbands_flatness_db.mean": 0.35278788208961487, "lowlevel.barkbands_flatness_db.stdev": 0.14834094047546387, "lowlevel.barkbands_kurtosis.mean": 16.73894500732422, "lowlevel.barkbands_kurtosis.stdev": 42.087371826171875, "lowlevel.barkbands_skewness.mean": 1.8642042875289917, "lowlevel.barkbands_skewness.stdev": 2.1903209686279297, "lowlevel.barkbands_spread.mean": 10.130478858947754, "lowlevel.barkbands_spread.stdev": 19.770004272460938, "lowlevel.dissonance.mean": 0.3409857153892517, "lowlevel.dissonance.stdev": 0.09262055158615112, "lowlevel.dynamic_complexity": 6.998704433441162, "lowlevel.erbbands_crest.mean": 13.748549461364746, "lowlevel.erbbands_crest.stdev": 4.737218379974365, "lowlevel.erbbands_flatness_db.mean": 0.3182802200317383, "lowlevel.erbbands_flatness_db.stdev": 0.129434734582901, "lowlevel.erbbands_kurtosis.mean": 8.376041412353516, "lowlevel.erbbands_kurtosis.stdev": 17.772920608520508, "lowlevel.erbbands_skewness.mean": 1.2116954326629639, "lowlevel.erbbands_skewness.stdev": 1.6178473234176636, "lowlevel.erbbands_spread.mean": 17.77042579650879, "lowlevel.erbbands_spread.stdev": 23.45305824279785, "lowlevel.hfc.mean": 10.132290840148926, "lowlevel.hfc.stdev": 16.24563980102539, "lowlevel.loudness_ebu128.integrated": -17.426767349243164, "lowlevel.loudness_ebu128.loudness_range": 10.473995208740234, "lowlevel.loudness_ebu128.momentary.mean": -20.902942657470703, "lowlevel.loudness_ebu128.momentary.stdev": 7.606455326080322, "lowlevel.loudness_ebu128.short_term.mean": -19.3226318359375, "lowlevel.loudness_ebu128.short_term.stdev": 3.5377533435821533, "lowlevel.melbands_crest.mean": 16.437955856323242, "lowlevel.melbands_crest.stdev": 5.214629650115967, "lowlevel.melbands_flatness_db.mean": 0.44596609473228455, "lowlevel.melbands_flatness_db.stdev": 0.1772051602602005, "lowlevel.melbands_kurtosis.mean": 18.10429573059082, "lowlevel.melbands_kurtosis.stdev": 39.14634704589844, "lowlevel.melbands_skewness.mean": 1.9980180263519287, "lowlevel.melbands_skewness.stdev": 2.2143349647521973, "lowlevel.melbands_spread.mean": 12.861266136169434, "lowlevel.melbands_spread.stdev": 35.06411361694336, "lowlevel.pitch_salience.mean": 0.5054593682289124, "lowlevel.pitch_salience.stdev": 0.14759616553783417, "lowlevel.silence_rate_20dB.mean": 1.0, "lowlevel.silence_rate_20dB.stdev": 0.0, "lowlevel.silence_rate_30dB.mean": 0.9582850337028503, "lowlevel.silence_rate_30dB.stdev": 0.1999368965625763, "lowlevel.silence_rate_60dB.mean": 0.28041714429855347, "lowlevel.silence_rate_60dB.stdev": 0.4492064118385315, "lowlevel.spectral_centroid.mean": 653.6072998046875, "lowlevel.spectral_centroid.stdev": 858.7175903320312, "lowlevel.spectral_complexity.mean": 6.399188995361328, "lowlevel.spectral_complexity.stdev": 4.529674530029297, "lowlevel.spectral_decrease.mean": -5.9696696474986766e-09, "lowlevel.spectral_decrease.stdev": 1.0836935793179236e-08, "lowlevel.spectral_energy.mean": 0.02344992570579052, "lowlevel.spectral_energy.stdev": 0.04174007102847099, "lowlevel.spectral_energyband_high.mean": 0.00028448563534766436, "lowlevel.spectral_energyband_high.stdev": 0.0010870257392525673, "lowlevel.spectral_energyband_low.mean": 0.01003289595246315, "lowlevel.spectral_energyband_low.stdev": 0.033849120140075684, "lowlevel.spectral_energyband_middle_high.mean": 0.0020884994883090258, "lowlevel.spectral_energyband_middle_high.stdev": 0.006573348306119442, "lowlevel.spectral_energyband_middle_low.mean": 0.011627416126430035, "lowlevel.spectral_energyband_middle_low.stdev": 0.015530201606452465, "lowlevel.spectral_entropy.mean": 5.790901184082031, "lowlevel.spectral_entropy.stdev": 1.2773590087890625, "lowlevel.spectral_flux.mean": 0.048208076506853104, "lowlevel.spectral_flux.stdev": 0.057076144963502884, "lowlevel.spectral_kurtosis.mean": 84.60050964355469, "lowlevel.spectral_kurtosis.stdev": 117.76858520507812, "lowlevel.spectral_rms.mean": 0.0036806506104767323, "lowlevel.spectral_rms.stdev": 0.0030546339694410563, "lowlevel.spectral_rolloff.mean": 1206.5809326171875, "lowlevel.spectral_rolloff.stdev": 2723.791259765625, "lowlevel.spectral_skewness.mean": 6.303772449493408, "lowlevel.spectral_skewness.stdev": 4.985825538635254, "lowlevel.spectral_spread.mean": 3632972.5, "lowlevel.spectral_spread.stdev": 3475254.5, "lowlevel.spectral_strongpeak.mean": 0.7884504795074463, "lowlevel.spectral_strongpeak.stdev": 0.958503007888794, "lowlevel.zerocrossingrate.mean": 0.044986940920352936, "lowlevel.zerocrossingrate.stdev": 0.07871167361736298, "metadata.audio_properties.analysis.equal_loudness": 0.0, "metadata.audio_properties.analysis.length": 40.04265213012695, "metadata.audio_properties.analysis.sample_rate": 44100.0, "metadata.audio_properties.analysis.start_time": 0.0, "metadata.audio_properties.bit_rate": 122017.0, "metadata.audio_properties.length": 40.042667388916016, "metadata.audio_properties.lossless": 0.0, "metadata.audio_properties.number_channels": 1.0, "metadata.audio_properties.replay_gain": -10.58615493774414, "metadata.audio_properties.sample_rate": 48000.0, "rhythm.beats_count": 77.0, "rhythm.beats_loudness.mean": 0.03386141359806061, "rhythm.beats_loudness.stdev": 0.053878139704465866, "rhythm.bpm": 116.73389434814453, "rhythm.bpm_histogram_first_peak_bpm": 117.0, "rhythm.bpm_histogram_first_peak_weight": 0.41860467195510864, "rhythm.bpm_histogram_second_peak_bpm": 112.0, "rhythm.bpm_histogram_second_peak_spread": 0.26086950302124023, "rhythm.bpm_histogram_second_peak_weight": 0.22368420660495758, "rhythm.danceability": 1.3409487009048462, "rhythm.onset_rate": 3.6949729919433594, "tonal.chords_changes_rate": 0.04976851865649223, "tonal.chords_number_rate": 0.0069444444961845875, "tonal.chords_strength.mean": 0.4856308698654175, "tonal.chords_strength.stdev": 0.0974576398730278, "tonal.hpcp_crest.mean": 18.469430923461914, "tonal.hpcp_crest.stdev": 8.037444114685059, "tonal.hpcp_entropy.mean": 1.3564956188201904, "tonal.hpcp_entropy.stdev": 0.6791055202484131, "tonal.key_edma.strength": 0.6324023604393005, "tonal.key_krumhansl.strength": 0.6396982669830322, "tonal.key_temperley.strength": 0.6342296004295349, "tonal.tuning_diatonic_strength": 0.4624781012535095, "tonal.tuning_equal_tempered_deviation": 0.027732307091355324, "tonal.tuning_frequency": 440.2542419433594, "tonal.tuning_nontempered_energy_ratio": 0.6093902587890625, "lowlevel.barkbands.mean": [9.032574780576397e-06, 0.005641588009893894, 0.003959672525525093, 0.000732652610167861, 0.0033408920280635357, 0.003981201443821192, 0.0014058174565434456, 0.001041897339746356, 0.0007851413683965802, 0.0009341944241896272, 0.0006262867827899754, 0.00020999355183448642, 0.00011832168092951179, 7.666807505302131e-05, 9.586120722815394e-05, 5.7662608014652506e-05, 5.4121857829159126e-05, 3.94676135329064e-05, 3.953131817979738e-05, 4.175701178610325e-05, 3.8859041524119675e-05, 2.1556197680183686e-05, 2.2599388103117235e-05, 4.858168904320337e-05, 7.25389618310146e-05, 5.06697797391098e-05, 3.4090517146978527e-06], "lowlevel.barkbands.stdev": [4.417760646902025e-05, 0.022772330790758133, 0.01636902056634426, 0.0025442650076001883, 0.006320710759609938, 0.006710153538733721, 0.0034525752998888493, 0.003552859416231513, 0.0028574021998792887, 0.0029032293241471052, 0.0035574650391936302, 0.0014538612449541688, 0.0010840933537110686, 0.0005022545228712261, 0.0005301088094711304, 0.0003121645131614059, 0.00021120143355801702, 0.00017880187078844756, 0.00015602519852109253, 0.00018225425446871668, 0.00019092850561719388, 0.00014483074482996017, 0.00011084720608778298, 0.00024043222947511822, 0.000397324503865093, 0.00022633490152657032, 2.497198511264287e-05], "lowlevel.erbbands.mean": [0.052407920360565186, 1.634423017501831, 5.148398399353027, 3.0975441932678223, 3.3129379749298096, 12.384140014648438, 31.673564910888672, 27.078065872192383, 26.42437171936035, 17.03824234008789, 24.7818660736084, 20.209274291992188, 23.285274505615234, 28.916025161743164, 24.997392654418945, 8.527481079101562, 5.267575263977051, 4.5257792472839355, 5.749269008636475, 3.7585818767547607, 2.8343822956085205, 2.9494001865386963, 2.157569646835327, 2.4397668838500977, 1.5549026727676392, 1.9753975868225098, 1.9484742879867554, 1.2541921138763428, 0.8503404259681702, 0.530505895614624, 0.6715158820152283, 0.9034212231636047, 0.8717877268791199, 0.767655611038208, 0.5243109464645386, 0.2321821004152298, 0.0928262248635292, 0.0157896988093853, 0.0004231454513501376, 3.7990779674146324e-05], "lowlevel.erbbands.stdev": [0.2184806913137436, 6.403544902801514, 19.97752571105957, 8.996697425842285, 11.244316101074219, 24.011192321777344, 56.12862777709961, 55.78554916381836, 62.831748962402344, 59.494659423828125, 66.17100524902344, 63.71784591674805, 85.81587982177734, 110.79499053955078, 156.76942443847656, 48.59764099121094, 40.68733596801758, 27.911865234375, 33.06654739379883, 19.078065872192383, 13.463747024536133, 12.120584487915039, 9.732356071472168, 8.476471900939941, 6.585700511932373, 8.96008014678955, 8.327767372131348, 7.031931400299072, 5.737880706787109, 2.91420578956604, 3.3750553131103516, 4.505607604980469, 4.738095283508301, 4.671449184417725, 2.6108083724975586, 1.056565284729004, 0.4462103545665741, 0.08773411065340042, 0.0024785639252513647, 7.59988761274144e-05], "lowlevel.gfcc.mean": [-217.74026489257812, 139.71527099609375, -32.23246383666992, -12.031686782836914, -88.1734848022461, -13.362478256225586, -42.55908203125, 4.42990779876709, -28.354761123657227, -5.7698469161987305, -13.923556327819824, -2.138535737991333, -0.17340515553951263], "lowlevel.melbands.mean": [0.0010398781159892678, 0.002511280821636319, 0.000546130642760545, 0.0005186296184547246, 0.0010279512498527765, 0.000657210941426456, 0.00037809612695127726, 0.00018151964468415827, 0.00020270798995625228, 0.00011408376303734258, 0.00011365020327502862, 0.00011562286817934364, 8.579131099395454e-05, 3.4363092709099874e-05, 1.1868510227941442e-05, 1.2992170923098456e-05, 7.395239208562998e-06, 9.179174412565771e-06, 6.2592812355433125e-06, 4.604703462973703e-06, 3.044211780434125e-06, 3.2729203667258844e-06, 2.3408158540405566e-06, 1.7339982605335535e-06, 2.070536538667511e-06, 1.1941732509512804e-06, 1.0553235370025504e-06, 1.3922707466917927e-06, 1.3428322063191445e-06, 9.133649996329041e-07, 6.659672635578318e-07, 5.082995357952313e-07, 3.44227146342746e-07, 2.7364080779079814e-07, 3.3597666515561286e-07, 5.045133661951695e-07, 5.869451342732646e-07, 6.347780185933516e-07, 5.648871592711657e-07, 6.877552323203417e-07], "lowlevel.melbands.stdev": [0.0042409747838974, 0.008966509252786636, 0.0015692058950662613, 0.0010371193056926131, 0.001766946050338447, 0.0012708501890301704, 0.0008971618954092264, 0.0007022347999736667, 0.0005155806429684162, 0.0004025602829642594, 0.0004299154970794916, 0.00046065295464359224, 0.0004978080978617072, 0.00023294560378417373, 7.622010161867365e-05, 0.00013431289698928595, 4.450424239621498e-05, 5.6945380492834374e-05, 3.4433629480190575e-05, 2.6761108529171906e-05, 1.5236198123602662e-05, 1.4441966413869523e-05, 1.2187168977106921e-05, 6.053769538993947e-06, 7.453996204276336e-06, 5.515636530617485e-06, 4.882449502474628e-06, 6.463823410740588e-06, 5.783300821349258e-06, 4.650416030926863e-06, 4.0636055018694606e-06, 3.429080607020296e-06, 2.604197106848005e-06, 1.3527231885746005e-06, 1.586136249898118e-06, 2.924705540863215e-06, 2.8832598673034227e-06, 3.458168521319749e-06, 3.6969149732613005e-06, 4.169648036622675e-06], "lowlevel.melbands128.mean": [5.000466899218736e-06, 6.537792069138959e-05, 0.0012287880526855588, 0.003321611089631915, 0.0032245118636637926, 0.0016049110563471913, 0.0005958383553661406, 0.0003314626810606569, 0.0002577314735390246, 0.00045225187204778194, 0.0006714329938404262, 0.0010348705109208822, 0.0012515534181147814, 0.0008993648225441575, 0.0004997095675207675, 0.0006716820644214749, 0.0005701021873392165, 0.00029757051379419863, 0.00016361629241146147, 0.00020045641576871276, 0.00016122503438964486, 0.00020125943410675973, 0.00023727650113869458, 0.00015248537238221616, 0.0001648476318223402, 5.240746759227477e-05, 0.00010835452849278226, 0.00014750940317753702, 7.087257108651102e-05, 0.00015850437921471894, 0.00011663808254525065, 6.454229878727347e-05, 9.800685074878857e-05, 9.917180432239547e-05, 3.3376429200870916e-05, 2.096689786412753e-05, 2.154557114408817e-05, 9.101854629989248e-06, 8.421447091677692e-06, 1.0215791007794905e-05, 1.7267244402319193e-05, 1.1877484212163836e-05, 5.910720574320294e-06, 5.558042630582349e-06, 7.724505849182606e-06, 1.0098749044118449e-05, 1.1215881386306137e-05, 6.595543254661607e-06, 3.596220949475537e-06, 4.858482498093508e-06, 5.709669039788423e-06, 3.1938825486577116e-06, 2.6867066935665207e-06, 2.905722340074135e-06, 3.912496595148696e-06, 3.6680314678960713e-06, 2.2171170712681487e-06, 2.7355417842045426e-06, 2.5380763872817624e-06, 1.4139353652353748e-06, 1.6186656921490794e-06, 1.8150592495658202e-06, 2.366163926126319e-06, 2.1874657250009477e-06, 1.5721063846285688e-06, 1.0992044963131775e-06, 1.0288007388226106e-06, 9.347286322736181e-07, 1.05996207366843e-06, 1.2559395372591098e-06, 1.3184250065023662e-06, 1.4881857168802526e-06, 1.5587830830554594e-06, 1.3642666090163402e-06, 1.0555738754192134e-06, 9.43207510317734e-07, 8.872053740560659e-07, 6.557997380696179e-07, 6.871081836834492e-07, 6.041196343176125e-07, 5.148089030626579e-07, 5.010653012504918e-07, 4.203746755138127e-07, 3.273299853390199e-07, 2.747786140844255e-07, 2.7322940354679304e-07, 2.6130828700843267e-07, 2.928969138338289e-07, 3.0695088071297505e-07, 3.64265588359558e-07, 5.491891670317273e-07, 5.152376161277061e-07, 5.031100727137527e-07, 5.402385454544856e-07, 6.644838208558213e-07, 7.351520139309287e-07, 5.795953370579809e-07, 5.744475402025273e-07, 5.389501893660054e-07, 5.782046628155513e-07, 6.190982162479486e-07, 6.671101573374472e-07, 8.560847390981507e-07, 6.703168651256419e-07, 5.920572903050925e-07, 4.701832381215354e-07, 5.727736152039142e-07, 4.976408831680601e-07, 3.403800690193748e-07, 3.394438010673184e-07, 3.3250097430936876e-07, 2.829203822329873e-07, 3.263805865572067e-07, 2.9754801289527677e-07, 2.2251614950619114e-07, 1.5319766077936947e-07, 1.0384121651441092e-07, 4.380608231713268e-08, 4.981738577214401e-09, 2.1204753231085505e-11, 5.347520603410372e-12, 3.291799341789692e-12, 2.7929889304112443e-12, 2.7329577403228944e-12, 2.6511182572158676e-12, 2.5434101439542056e-12, 2.4807194059367488e-12, 2.4604738819294925e-12], "lowlevel.melbands128.stdev": [2.379300531174522e-05, 0.00036628037923946977, 0.0054239071905612946, 0.013423226773738861, 0.012476857751607895, 0.006384681910276413, 0.0017933311173692346, 0.0013255453668534756, 0.0013082436053082347, 0.001217928365804255, 0.001473877695389092, 0.0023558749817311764, 0.002630524802953005, 0.0015159518225118518, 0.0013779172440990806, 0.0018904894823208451, 0.0015830561751499772, 0.0011099370894953609, 0.0004986663698218763, 0.0008834816399030387, 0.0011371312430128455, 0.0006838516565039754, 0.0007700640708208084, 0.0005207266076467931, 0.0006453692330978811, 0.0003255953488405794, 0.0007909395499154925, 0.0005777992773801088, 0.0004286135081201792, 0.0007133837789297104, 0.0006549849640578032, 0.00046104894136078656, 0.0006763934507034719, 0.0009464580216445029, 0.00036469943006522954, 0.0001590328465681523, 0.00019267435709480196, 8.686104411026463e-05, 6.724667764501646e-05, 9.728111035656184e-05, 0.0002635310229379684, 0.00010439732432132587, 5.0832528359023854e-05, 4.5051277993479744e-05, 7.910095155239105e-05, 7.657130481675267e-05, 8.198631985578686e-05, 5.337308903108351e-05, 2.5571012884029187e-05, 3.514831405482255e-05, 4.275451283319853e-05, 1.9671100744744763e-05, 2.3957425582921132e-05, 1.5179253750829957e-05, 2.024656714638695e-05, 2.2714904844178818e-05, 1.2114403034502175e-05, 1.1739442925318144e-05, 2.5827072022366337e-05, 7.869539331295528e-06, 6.6270895331399515e-06, 7.725307114014868e-06, 1.0223649042018224e-05, 8.191706911020447e-06, 1.0650566764525138e-05, 5.078564299765276e-06, 4.783893018611707e-06, 4.8222568693745416e-06, 5.474274530570256e-06, 7.179679869295796e-06, 7.657007699890528e-06, 7.324284069909481e-06, 7.2869497671490535e-06, 6.8619297053373884e-06, 5.580500783253228e-06, 4.831438218388939e-06, 5.198456165089738e-06, 4.032269316667225e-06, 4.620909294317244e-06, 4.076683580933604e-06, 3.689586719701765e-06, 3.5129273783240933e-06, 4.435800747160101e-06, 2.4463881800329546e-06, 1.8695981225391733e-06, 1.4813103916822001e-06, 1.305705609411234e-06, 1.3974550938655739e-06, 1.5003416820036364e-06, 1.9473959582683165e-06, 3.6950682442693505e-06, 2.9147456643840997e-06, 2.8984077289351262e-06, 2.712267132665147e-06, 3.410343651921721e-06, 4.762527169077657e-06, 3.2696223115635803e-06, 3.1185031730274204e-06, 3.363267978784279e-06, 5.177620550966822e-06, 4.145890216022963e-06, 3.7727186281699687e-06, 5.740968390455237e-06, 3.913418822776293e-06, 3.0629632874479285e-06, 2.1637920326611493e-06, 3.0032358608877985e-06, 2.7992427931167185e-06, 1.5765899661346339e-06, 1.7716763522912515e-06, 1.7089633956857142e-06, 1.2233431334607303e-06, 1.9117719602945726e-06, 1.6744706954341382e-06, 1.2466213092920952e-06, 8.869400858202425e-07, 7.098923902049137e-07, 4.367327619547723e-07, 5.454421980743973e-08, 3.7423622534227263e-10, 6.510963990180585e-11, 1.7507576985376083e-11, 7.408054204793846e-12, 7.274128781958877e-12, 7.159889868491032e-12, 7.070102316097948e-12, 7.006104463941343e-12, 6.966609147202041e-12], "lowlevel.mfcc.mean": [-888.1358032226562, 187.79283142089844, 75.52761840820312, 12.653989791870117, -13.363121032714844, -25.33524513244629, -9.179266929626465, -9.008536338806152, -5.859580039978027, -6.3012542724609375, -14.382471084594727, -5.612025737762451, -6.30446720123291], "lowlevel.spectral_contrast_coeffs.mean": [-0.600945234298706, -0.6601308584213257, -0.719837486743927, -0.8479336500167847, -0.8543469905853271, -0.8333014845848083], "lowlevel.spectral_contrast_coeffs.stdev": [0.10624203085899353, 0.09982537478208542, 0.10357508808374405, 0.07084117084741592, 0.062280263751745224, 0.061165567487478256], "lowlevel.spectral_contrast_valleys.mean": [-8.162702560424805, -8.098544120788574, -9.85460090637207, -10.848366737365723, -10.791327476501465, -12.660003662109375], "lowlevel.spectral_contrast_valleys.stdev": [1.7841328382492065, 1.6584572792053223, 1.807831883430481, 2.024519205093384, 2.2269153594970703, 1.7178795337677002], "rhythm.beats_loudness_band_ratio.mean": [0.1996842473745346, 0.4861605763435364, 0.23518483340740204, 0.09969429671764374, 0.0171741284430027, 0.034459613263607025], "rhythm.beats_loudness_band_ratio.stdev": [0.24143388867378235, 0.2938799560070038, 0.18116708099842072, 0.19893603026866913, 0.03345092013478279, 0.12040520459413528], "tonal.hpcp.mean": [0.28811410069465637, 0.12397108972072601, 0.030225174501538277, 0.021817073225975037, 0.022879663854837418, 0.09544628858566284, 0.1529131978750229, 0.08478669822216034, 0.10490898787975311, 0.15280911326408386, 0.07904023677110672, 0.03154253587126732, 0.025626983493566513, 0.021271346136927605, 0.13337931036949158, 0.2284228652715683, 0.12222786992788315, 0.030853521078824997, 0.028856297954916954, 0.026596760377287865, 0.19958852231502533, 0.4343457520008087, 0.27205222845077515, 0.03464291989803314, 0.020769508555531502, 0.021138934418559074, 0.03846222534775734, 0.050820667296648026, 0.03582780063152313, 0.1516212821006775, 0.2425350546836853, 0.11274746060371399, 0.016469940543174744, 0.016581537202000618, 0.03374724090099335, 0.20820826292037964], "tonal.hpcp.stdev": [0.3982890844345093, 0.2092764526605606, 0.1299624890089035, 0.10817942023277283, 0.1086781769990921, 0.19528831541538239, 0.28945714235305786, 0.16507072746753693, 0.2153649628162384, 0.29768964648246765, 0.18069618940353394, 0.14729782938957214, 0.12204207479953766, 0.09852629899978638, 0.2248106598854065, 0.3577326536178589, 0.21188850700855255, 0.12989315390586853, 0.13740777969360352, 0.12404739111661911, 0.21450260281562805, 0.3980430066585541, 0.28351345658302307, 0.12483714520931244, 0.10606226325035095, 0.1122618168592453, 0.1331074833869934, 0.15861442685127258, 0.12297327071428299, 0.21773743629455566, 0.3235142230987549, 0.16470099985599518, 0.09527561813592911, 0.0837586298584938, 0.13172753155231476, 0.3011617362499237], "rhythm.beats_position": [0.5224489569664001, 1.05650794506073, 1.590566873550415, 2.11301589012146, 2.6470746994018555, 3.1579136848449707, 3.6455328464508057, 4.156371593475342, 4.678820610046387, 5.212879657745361, 5.723718643188477, 6.234557628631592, 6.745396614074707, 7.267845630645752, 7.778684616088867, 8.30113410949707, 8.823582649230957, 9.357641220092773, 9.891700744628906, 10.425759315490723, 10.971427917480469, 11.54031753540039, 12.097596168518066, 12.631654739379883, 13.165714263916016, 13.688162803649902, 14.199002265930176, 14.721450805664062, 15.232290267944336, 15.731518745422363, 16.24235725402832, 16.741586685180664, 17.229206085205078, 17.75165557861328, 18.27410316467285, 18.784942626953125, 19.2957820892334, 19.8182315826416, 20.340679168701172, 20.851518630981445, 21.385578155517578, 21.942855834960938, 22.45369529724121, 22.987754821777344, 23.521814346313477, 24.067481994628906, 24.6247615814209, 25.17043113708496, 25.70448875427246, 26.215328216552734, 26.737777709960938, 27.202177047729492, 27.666576385498047, 28.08453369140625, 28.525712966918945, 29.00172233581543, 29.454511642456055, 29.988571166992188, 30.51102066040039, 31.04507827758789, 31.579137802124023, 32.113197326660156, 32.6240348815918, 33.111656188964844, 33.63410186767578, 34.14494323730469, 34.66739273071289, 35.17823028564453, 35.68906784057617, 36.19990921020508, 36.71074676513672, 37.221588134765625, 37.732425689697266, 38.243263244628906, 38.75410461425781, 39.26494216918945, 39.7641716003418], "rhythm.bpm_histogram": [0.0, 0.0, 0.0, 0.0, 0.0, 0.0, 0.0, 0.0, 0.0, 0.0, 0.0, 0.0, 0.0, 0.0, 0.0, 0.0, 0.0, 0.0, 0.0, 0.0, 0.0, 0.0, 0.0, 0.0, 0.0, 0.0, 0.0, 0.0, 0.0, 0.0, 0.0, 0.0, 0.0, 0.0, 0.0, 0.0, 0.0, 0.0, 0.0, 0.0, 0.0, 0.0, 0.0, 0.0, 0.0, 0.0, 0.0, 0.0, 0.0, 0.0, 0.0, 0.0, 0.0, 0.0, 0.0, 0.0, 0.0, 0.0, 0.0, 0.0, 0.0, 0.0, 0.0, 0.0, 0.0, 0.0, 0.0, 0.0, 0.0, 0.0, 0.0, 0.0, 0.0, 0.0, 0.0, 0.0, 0.0, 0.0, 0.0, 0.0, 0.0, 0.0, 0.0, 0.0, 0.0, 0.0, 0.0, 0.0, 0.0, 0.0, 0.0, 0.0, 0.0, 0.0, 0.0, 0.0, 0.0, 0.0, 0.0, 0.0, 0.0, 0.0, 0.0, 0.0, 0.0, 0.01315789483487606, 0.0, 0.0, 0.03947368264198303, 0.0, 0.03947368264198303, 0.0, 0.22368420660495758, 0.0, 0.0, 0.19736842811107635, 0.0, 0.32894736528396606, 0.0, 0.0, 0.03947368264198303, 0.0, 0.0, 0.03947368264198303, 0.0, 0.0, 0.01315789483487606, 0.0, 0.0, 0.02631578966975212, 0.0, 0.0, 0.0, 0.01315789483487606, 0.0, 0.0, 0.01315789483487606, 0.0, 0.0, 0.0, 0.0, 0.0, 0.0, 0.0, 0.01315789483487606, 0.0, 0.0, 0.0, 0.0, 0.0, 0.0, 0.0, 0.0, 0.0, 0.0, 0.0, 0.0, 0.0, 0.0, 0.0, 0.0, 0.0, 0.0, 0.0, 0.0, 0.0, 0.0, 0.0, 0.0, 0.0, 0.0, 0.0, 0.0, 0.0, 0.0, 0.0, 0.0, 0.0, 0.0, 0.0, 0.0, 0.0, 0.0, 0.0, 0.0, 0.0, 0.0, 0.0, 0.0, 0.0, 0.0, 0.0, 0.0, 0.0, 0.0, 0.0, 0.0, 0.0, 0.0, 0.0, 0.0, 0.0, 0.0, 0.0, 0.0, 0.0, 0.0, 0.0, 0.0, 0.0, 0.0, 0.0, 0.0, 0.0, 0.0, 0.0, 0.0, 0.0, 0.0, 0.0, 0.0, 0.0, 0.0, 0.0, 0.0, 0.0, 0.0, 0.0, 0.0, 0.0, 0.0, 0.0, 0.0, 0.0, 0.0, 0.0, 0.0, 0.0, 0.0, 0.0, 0.0, 0.0, 0.0, 0.0, 0.0, 0.0, 0.0, 0.0, 0.0, 0.0], "tonal.chords_histogram": [34.14352035522461, 30.671297073364258, 16.087963104248047, 7.754629611968994, 0.0, 6.828703880310059, 0.0, 3.5879628658294678, 0.0, 0.0, 0.0, 0.0, 0.0, 0.0, 0.0, 0.0, 0.0, 0.0, 0.0, 0.0, 0.3472222089767456, 0.0, 0.5787037014961243, 0.0], "tonal.thpcp": [1.0, 0.6263494491577148, 0.07975885272026062, 0.04781791567802429, 0.048668451607227325, 0.0885520949959755, 0.11700509488582611, 0.0824868232011795, 0.3490796983242035, 0.5583916902542114, 0.25957998633384705, 0.03791896253824234, 0.03817589208483696, 0.07769671827554703, 0.4793606400489807, 0.6633289456367493, 0.285420298576355, 0.0695878192782402, 0.050229739397764206, 0.05267615616321564, 0.21974726021289825, 0.35205408930778503, 0.19520553946495056, 0.24153335392475128, 0.3518144488334656, 0.18197539448738098, 0.07262080162763596, 0.05900134518742561, 0.04897330328822136, 0.3070809543132782, 0.5259010195732117, 0.28140684962272644, 0.07103446871042252, 0.06643623858690262, 0.06123407557606697, 0.4595153033733368], "lowlevel.gfcc.cov": [[31297.197265625, -3831.046630859375, -4824.908203125, 1180.4959716796875, 1768.3953857421875, 644.1533813476562, -678.3212280273438, 1743.025634765625, -1018.8185424804688, 776.5426025390625, -117.66764831542969, 410.78082275390625, -116.25511932373047], [-3831.046630859375, 6796.97412109375, 2618.666259765625, -1732.2447509765625, -818.9544067382812, -626.7232666015625, 777.1581420898438, -801.8584594726562, 624.1380615234375, -918.5494384765625, 179.37277221679688, -628.2464599609375, 337.1674499511719], [-4824.908203125, 2618.666259765625, 3328.905517578125, 36.518367767333984, -505.354248046875, -200.76271057128906, 367.6257629394531, -261.55841064453125, 442.0583190917969, -398.01068115234375, 8.456911087036133, -183.74191284179688, 7.416757106781006], [1180.4959716796875, -1732.2447509765625, 36.518367767333984, 1510.941650390625, 564.7048950195312, 300.46405029296875, -197.14695739746094, 306.5879211425781, -97.06079864501953, 221.49069213867188, -77.2723159790039, 184.69717407226562, -160.57481384277344], [1768.3953857421875, -818.9544067382812, -505.354248046875, 564.7048950195312, 961.7555541992188, 413.9085388183594, 31.032621383666992, 249.95372009277344, -63.58224105834961, 180.09361267089844, 16.520118713378906, 70.16914367675781, -63.063438415527344], [644.1533813476562, -626.7232666015625, -200.76271057128906, 300.46405029296875, 413.9085388183594, 505.6734313964844, 119.26190948486328, 100.10275268554688, -44.69683837890625, 136.66798400878906, 2.1833600997924805, 61.967838287353516, -40.869354248046875], [-678.3212280273438, 777.1581420898438, 367.6257629394531, -197.14695739746094, 31.032621383666992, 119.26190948486328, 368.1435546875, -27.522045135498047, 119.05242156982422, -67.72391510009766, 76.52381134033203, -51.83513641357422, 47.684696197509766], [1743.025634765625, -801.8584594726562, -261.55841064453125, 306.5879211425781, 249.95372009277344, 100.10275268554688, -27.522045135498047, 415.18048095703125, -29.70404052734375, 156.2900848388672, 12.481666564941406, 99.65333557128906, -14.657917022705078], [-1018.8185424804688, 624.1380615234375, 442.0583190917969, -97.06079864501953, -63.58224105834961, -44.69683837890625, 119.05242156982422, -29.70404052734375, 260.53729248046875, -40.477455139160156, 46.906131744384766, -16.75289535522461, 21.8810977935791], [776.5426025390625, -918.5494384765625, -398.01068115234375, 221.49069213867188, 180.09361267089844, 136.66798400878906, -67.72391510009766, 156.2900848388672, -40.477455139160156, 285.5052795410156, 26.643285751342773, 114.30155181884766, -15.95339298248291], [-117.66764831542969, 179.37277221679688, 8.456911087036133, -77.2723159790039, 16.520118713378906, 2.1833600997924805, 76.52381134033203, 12.481666564941406, 46.906131744384766, 26.643285751342773, 126.16140747070312, 25.445241928100586, 26.088050842285156], [410.78082275390625, -628.2464599609375, -183.74191284179688, 184.69717407226562, 70.16914367675781, 61.967838287353516, -51.83513641357422, 99.65333557128906, -16.75289535522461, 114.30155181884766, 25.445241928100586, 156.87644958496094, -11.965253829956055], [-116.25511932373047, 337.1674499511719, 7.416757106781006, -160.57481384277344, -63.063438415527344, -40.869354248046875, 47.684696197509766, -14.657917022705078, 21.8810977935791, -15.95339298248291, 26.088050842285156, -11.965253829956055, 124.62934875488281]], "lowlevel.gfcc.icov": [[6.99546726536937e-05, -0.00013693985238205642, 0.0001175908328150399, -4.785237251780927e-05, 1.526824780739844e-05, -7.545800326624885e-05, 0.00010975737677654251, -0.0003363486030139029, 0.00022356673434842378, -9.067091014003381e-05, 0.00012548080121632665, -0.00018176008597947657, 0.00017392775043845177], [-0.00013693985238205642, 0.00121815234888345, -0.0005928066675551236, 0.0004932504380121827, -0.0004076400655321777, 0.0006296757492236793, -0.0007610637112520635, 0.0011874719057232141, -0.0011304541258141398, 0.0013114828616380692, -0.0010414981516078115, 0.0018635056912899017, -0.0015581450425088406], [0.0001175908328150399, -0.0005928066675551236, 0.0009322287514805794, -0.0006167891551740468, 0.0005225025815889239, -0.00027220198535360396, -8.594390965299681e-05, -0.0006752535700798035, -0.00011200107837794349, -9.798251267056912e-05, 0.0005720351473428309, -0.0005599214928224683, 0.0008255029679276049], [-4.785237251780927e-05, 0.0004932504380121827, -0.0006167891551740468, 0.0016660685651004314, -0.0008343737572431564, -3.48570138157811e-05, 0.0004618569219019264, 2.8501792257884517e-05, -0.00013536149344872683, 0.00030188195523805916, 0.0001497844059485942, -0.0003053657419513911, 0.00019898926257155836], [1.526824780739844e-05, -0.0004076400655321777, 0.0005225025815889239, -0.0008343737572431564, 0.002414217684417963, -0.0015768790617585182, 0.0001750056107994169, -0.0009270354639738798, -2.7925661925110035e-05, -0.00030554833938367665, -0.0004009188851341605, 0.0004444648220669478, 0.0006318452651612461], [-7.545800326624885e-05, 0.0006296757492236793, -0.00027220198535360396, -3.48570138157811e-05, -0.0015768790617585182, 0.004738688003271818, -0.00294874282553792, 0.0013177559012547135, 0.0002797927299980074, -0.0008507717866450548, 0.0009233851451426744, -4.552765312837437e-05, -0.00011904598795808852], [0.00010975737677654251, -0.0007610637112520635, -8.594390965299681e-05, 0.0004618569219019264, 0.0001750056107994169, -0.00294874282553792, 0.006423590239137411, -0.001479186350479722, -0.0005155144608579576, 0.00049181142821908, -0.002151884837076068, 9.424365998711437e-05, -0.00013566222332883626], [-0.0003363486030139029, 0.0011874719057232141, -0.0006752535700798035, 2.8501792257884517e-05, -0.0009270354639738798, 0.0013177559012547135, -0.001479186350479722, 0.005579487886279821, -0.0014000226510688663, -0.0001617126545170322, -0.0006844138260930777, 0.0006120761390775442, -0.0018370425095781684], [0.00022356673434842378, -0.0011304541258141398, -0.00011200107837794349, -0.00013536149344872683, -2.7925661925110035e-05, 0.0002797927299980074, -0.0005155144608579576, -0.0014000226510688663, 0.007116629742085934, -0.001751984586007893, 7.376290886895731e-05, -0.0023246926721185446, 0.0014969437615945935], [-9.067091014003381e-05, 0.0013114828616380692, -9.798251267056912e-05, 0.00030188195523805916, -0.00030554833938367665, -0.0008507717866450548, 0.00049181142821908, -0.0001617126545170322, -0.001751984586007893, 0.008400065824389458, -0.002646317705512047, -0.0002709898690227419, -0.001967842224985361], [0.00012548080121632665, -0.0010414981516078115, 0.0005720351473428309, 0.0001497844059485942, -0.0004009188851341605, 0.0009233851451426744, -0.002151884837076068, -0.0006844138260930777, 7.376290886895731e-05, -0.002646317705512047, 0.012302865274250507, -0.004482859745621681, 0.0005790182622149587], [-0.00018176008597947657, 0.0018635056912899017, -0.0005599214928224683, -0.0003053657419513911, 0.0004444648220669478, -4.552765312837437e-05, 9.424365998711437e-05, 0.0006120761390775442, -0.0023246926721185446, -0.0002709898690227419, -0.004482859745621681, 0.013950775377452374, -0.0026740203611552715], [0.00017392775043845177, -0.0015581450425088406, 0.0008255029679276049, 0.00019898926257155836, 0.0006318452651612461, -0.00011904598795808852, -0.00013566222332883626, -0.0018370425095781684, 0.0014969437615945935, -0.001967842224985361, 0.0005790182622149587, -0.0026740203611552715, 0.011832521297037601]], "lowlevel.mfcc.cov": [[28044.775390625, -4604.802734375, -5500.7666015625, -201.8329315185547, 1673.5972900390625, -121.5582504272461, 1473.8800048828125, 84.18405151367188, 191.9610137939453, 578.5010375976562, -353.6412048339844, 736.1943969726562, -79.17053985595703], [-4604.802734375, 6090.7099609375, 2422.734619140625, -466.88092041015625, -948.9102172851562, -205.93380737304688, -304.9264221191406, 103.4480972290039, 38.98843765258789, -85.19880676269531, -73.28048706054688, -331.5964050292969, -91.37593841552734], [-5500.7666015625, 2422.734619140625, 3160.156982421875, 487.734130859375, -413.61383056640625, -33.226409912109375, -407.98419189453125, 232.62164306640625, 26.02869415283203, -84.73006439208984, 114.79889678955078, -193.40396118164062, 31.420970916748047], [-201.8329315185547, -466.88092041015625, 487.734130859375, 784.0164794921875, 392.36651611328125, 67.40544128417969, 23.81282615661621, 129.27279663085938, 34.036293029785156, 36.37424087524414, 74.30403900146484, 61.54633712768555, 24.017438888549805], [1673.5972900390625, -948.9102172851562, -413.61383056640625, 392.36651611328125, 769.2503662109375, 233.18653869628906, 243.91619873046875, 105.84539794921875, 76.869384765625, 146.7860565185547, 32.45071792602539, 139.4799346923828, 36.02729415893555], [-121.5582504272461, -205.93380737304688, -33.226409912109375, 67.40544128417969, 233.18653869628906, 536.274658203125, 154.25103759765625, 81.71744537353516, 39.02659606933594, 53.09001922607422, 80.86211395263672, 6.567032337188721, 22.009035110473633], [1473.8800048828125, -304.9264221191406, -407.98419189453125, 23.81282615661621, 243.91619873046875, 154.25103759765625, 426.3001708984375, 91.66597747802734, 67.46170043945312, 123.51557922363281, -12.912657737731934, 89.46744537353516, 9.094386100769043], [84.18405151367188, 103.4480972290039, 232.62164306640625, 129.27279663085938, 105.84539794921875, 81.71744537353516, 91.66597747802734, 244.48980712890625, 48.601417541503906, 74.23055267333984, 39.84624099731445, 23.2159366607666, 40.38044357299805], [191.9610137939453, 38.98843765258789, 26.02869415283203, 34.036293029785156, 76.869384765625, 39.02659606933594, 67.46170043945312, 48.601417541503906, 185.43141174316406, 66.8671875, 24.67740249633789, 35.297786712646484, 39.05938720703125], [578.5010375976562, -85.19880676269531, -84.73006439208984, 36.37424087524414, 146.7860565185547, 53.09001922607422, 123.51557922363281, 74.23055267333984, 66.8671875, 182.5736083984375, 36.86647415161133, 49.332122802734375, 31.164306640625], [-353.6412048339844, -73.28048706054688, 114.79889678955078, 74.30403900146484, 32.45071792602539, 80.86211395263672, -12.912657737731934, 39.84624099731445, 24.67740249633789, 36.86647415161133, 138.76162719726562, 46.98722839355469, 45.573875427246094], [736.1943969726562, -331.5964050292969, -193.40396118164062, 61.54633712768555, 139.4799346923828, 6.567032337188721, 89.46744537353516, 23.2159366607666, 35.297786712646484, 49.332122802734375, 46.98722839355469, 152.0609893798828, 59.88651657104492], [-79.17053985595703, -91.37593841552734, 31.420970916748047, 24.017438888549805, 36.02729415893555, 22.009035110473633, 9.094386100769043, 40.38044357299805, 39.05938720703125, 31.164306640625, 45.573875427246094, 59.88651657104492, 109.19617462158203]], "lowlevel.mfcc.icov": [[6.96013739798218e-05, -2.326393833129714e-08, 9.557836892781779e-05, -5.290084118314553e-06, -4.4130723836133257e-05, 5.515913653653115e-05, -5.61306114832405e-05, -9.292203321820125e-05, -1.8031414583674632e-05, -7.258661207742989e-05, 0.00014418251521419734, -0.00020158854022156447, 0.00014413184544537216], [-2.326393833129714e-08, 0.0003351411141920835, -0.000304490327835083, 0.0003257787029724568, 0.00010703405132517219, 5.053192580817267e-05, -0.0001088181379600428, -6.196947651915252e-05, -0.00014168313646223396, -9.978679736377671e-05, 0.00014229470980353653, 0.0001110194280045107, 0.00024175792350433767], [9.557836892781779e-05, -0.000304490327835083, 0.0010191919282078743, -0.0008883247501216829, 0.0004096886550541967, -9.488203068030998e-05, 0.00042617268627509475, -0.000636735581792891, -0.00010200347605859861, -8.537089161109179e-05, -4.630164767149836e-05, 0.00014864985132589936, -0.00020081194816157222], [-5.290084118314553e-06, 0.0003257787029724568, -0.0008883247501216829, 0.0029851312283426523, -0.0018023861339315772, 0.0006125627551227808, -0.00010902335634455085, -0.00044839485781267285, -4.219607035338413e-06, 0.0007796898717060685, -0.0009379956754855812, -9.475229308009148e-05, 0.0007363462937064469], [-4.4130723836133257e-05, 0.00010703405132517219, 0.0004096886550541967, -0.0018023861339315772, 0.003604951547458768, -0.0012911285739392042, 1.3221077097114176e-05, -0.00021235470194369555, -0.0002804553369060159, -0.0015272096497938037, 0.0014250254025682807, -0.0015079869190230966, 0.00025284718140028417], [5.515913653653115e-05, 5.053192580817267e-05, -9.488203068030998e-05, 0.0006125627551227808, -0.0012911285739392042, 0.0030522572342306376, -0.0012992114061489701, -0.00024034724629018456, -2.2670923499390483e-05, 0.0008320693159475923, -0.002376820892095566, 0.0019187872530892491, -0.00030697896727360785], [-5.61306114832405e-05, -0.0001088181379600428, 0.00042617268627509475, -0.00010902335634455085, 1.3221077097114176e-05, -0.0012992114061489701, 0.004738273564726114, -0.00130573904607445, -0.0005242726765573025, -0.0017553410725668073, 0.0020199092105031013, -0.0023487238213419914, 0.001248914748430252], [-9.292203321820125e-05, -6.196947651915252e-05, -0.000636735581792891, -0.00044839485781267285, -0.00021235470194369555, -0.00024034724629018456, -0.00130573904607445, 0.006350001320242882, -4.6374716475838795e-05, -0.0012065664632245898, -0.0006601010099984705, 0.0010421909391880035, -0.0018934756517410278], [-1.8031414583674632e-05, -0.00014168313646223396, -0.00010200347605859861, -4.219607035338413e-06, -0.0002804553369060159, -2.2670923499390483e-05, -0.0005242726765573025, -4.6374716475838795e-05, 0.006760925520211458, -0.0015648677945137024, -0.00015777477528899908, -7.724264287389815e-05, -0.0018069990910589695], [-7.258661207742989e-05, -9.978679736377671e-05, -8.537089161109179e-05, 0.0007796898717060685, -0.0015272096497938037, 0.0008320693159475923, -0.0017553410725668073, -0.0012065664632245898, -0.0015648677945137024, 0.00915645994246006, -0.002722150180488825, 0.000806727388408035, -0.0007143112015910447], [0.00014418251521419734, 0.00014229470980353653, -4.630164767149836e-05, -0.0009379956754855812, 0.0014250254025682807, -0.002376820892095566, 0.0020199092105031013, -0.0006601010099984705, -0.00015777477528899908, -0.002722150180488825, 0.012381949461996555, -0.0048039741814136505, -0.0011717091547325253], [-0.00020158854022156447, 0.0001110194280045107, 0.00014864985132589936, -9.475229308009148e-05, -0.0015079869190230966, 0.0019187872530892491, -0.0023487238213419914, 0.0010421909391880035, -7.724264287389815e-05, 0.000806727388408035, -0.0048039741814136505, 0.014204517006874084, -0.00614200672134757], [0.00014413184544537216, 0.00024175792350433767, -0.00020081194816157222, 0.0007363462937064469, 0.00025284718140028417, -0.00030697896727360785, 0.001248914748430252, -0.0018934756517410278, -0.0018069990910589695, -0.0007143112015910447, -0.0011717091547325