{"song_id": "1183702097674371072", "download": "https://cdn.discordapp.com/attachments/1135911532732108921/1183702097674371072/chirp.mp4?ex=65894b7c&amp", "lyrics": "[verse 1]\nIn the city streets of Southside, a story unfolds\nA crazy family with struggles, battling against the cold\nFrank Gallagher and his crew, shamelessly wild\nTheir dysfunctional lives, always leaving us beguiled\n\n[chorus]\nOh, Shameless, oh Shameless, a series so insane\nWith laughter and tears, it drives us all insane\nOh, Shameless, oh Shameless, a rollercoaster ride\nWe're hooked on the chaos, we can never hide", "style": ["random"], "essentia_features": {"lowlevel.average_loudness": 0.8790525197982788, "lowlevel.barkbands_crest.mean": 11.295534133911133, "lowlevel.barkbands_crest.stdev": 4.869362831115723, "lowlevel.barkbands_flatness_db.mean": 0.17386524379253387, "lowlevel.barkbands_flatness_db.stdev": 0.07965467125177383, "lowlevel.barkbands_kurtosis.mean": 6.558259010314941, "lowlevel.barkbands_kurtosis.stdev": 19.65494155883789, "lowlevel.barkbands_skewness.mean": 0.7551552653312683, "lowlevel.barkbands_skewness.stdev": 2.208026170730591, "lowlevel.barkbands_spread.mean": 25.07760238647461, "lowlevel.barkbands_spread.stdev": 17.833995819091797, "lowlevel.dissonance.mean": 0.45372456312179565, "lowlevel.dissonance.stdev": 0.04827576503157616, "lowlevel.dynamic_complexity": 4.438560962677002, "lowlevel.erbbands_crest.mean": 12.467578887939453, "lowlevel.erbbands_crest.stdev": 5.63380241394043, "lowlevel.erbbands_flatness_db.mean": 0.20138026773929596, "lowlevel.erbbands_flatness_db.stdev": 0.06365542113780975, "lowlevel.erbbands_kurtosis.mean": 3.634589910507202, "lowlevel.erbbands_kurtosis.stdev": 5.8602986335754395, "lowlevel.erbbands_skewness.mean": -0.025585338473320007, "lowlevel.erbbands_skewness.stdev": 1.49484121799469, "lowlevel.erbbands_spread.mean": 32.368743896484375, "lowlevel.erbbands_spread.stdev": 21.6846981048584, "lowlevel.hfc.mean": 41.224334716796875, "lowlevel.hfc.stdev": 46.007362365722656, "lowlevel.loudness_ebu128.integrated": -15.828165054321289, "lowlevel.loudness_ebu128.loudness_range": 4.106308937072754, "lowlevel.loudness_ebu128.momentary.mean": -18.56220245361328, "lowlevel.loudness_ebu128.momentary.stdev": 10.046125411987305, "lowlevel.loudness_ebu128.short_term.mean": -16.41962432861328, "lowlevel.loudness_ebu128.short_term.stdev": 1.4005465507507324, "lowlevel.melbands_crest.mean": 14.937581062316895, "lowlevel.melbands_crest.stdev": 6.273882865905762, "lowlevel.melbands_flatness_db.mean": 0.19185417890548706, "lowlevel.melbands_flatness_db.stdev": 0.10269760340452194, "lowlevel.melbands_kurtosis.mean": 12.129244804382324, "lowlevel.melbands_kurtosis.stdev": 31.383230209350586, "lowlevel.melbands_skewness.mean": 1.8495599031448364, "lowlevel.melbands_skewness.stdev": 2.274190902709961, "lowlevel.melbands_spread.mean": 49.56779098510742, "lowlevel.melbands_spread.stdev": 52.661930084228516, "lowlevel.pitch_salience.mean": 0.528324544429779, "lowlevel.pitch_salience.stdev": 0.14323286712169647, "lowlevel.silence_rate_20dB.mean": 1.0, "lowlevel.silence_rate_20dB.stdev": 0.0, "lowlevel.silence_rate_30dB.mean": 1.0, "lowlevel.silence_rate_30dB.stdev": 0.0, "lowlevel.silence_rate_60dB.mean": 0.13847045600414276, "lowlevel.silence_rate_60dB.stdev": 0.34539636969566345, "lowlevel.spectral_centroid.mean": 1872.702880859375, "lowlevel.spectral_centroid.stdev": 1304.625, "lowlevel.spectral_complexity.mean": 13.052144050598145, "lowlevel.spectral_complexity.stdev": 8.054617881774902, "lowlevel.spectral_decrease.mean": -4.596447666926906e-09, "lowlevel.spectral_decrease.stdev": 3.3811626831692365e-09, "lowlevel.spectral_energy.mean": 0.021087216213345528, "lowlevel.spectral_energy.stdev": 0.013725947588682175, "lowlevel.spectral_energyband_high.mean": 0.003054448403418064, "lowlevel.spectral_energyband_high.stdev": 0.0057485951110720634, "lowlevel.spectral_energyband_low.mean": 0.0006210781284607947, "lowlevel.spectral_energyband_low.stdev": 0.0014144504675641656, "lowlevel.spectral_energyband_middle_high.mean": 0.007733330596238375, "lowlevel.spectral_energyband_middle_high.stdev": 0.008685401640832424, "lowlevel.spectral_energyband_middle_low.mean": 0.010056693106889725, "lowlevel.spectral_energyband_middle_low.stdev": 0.009945197962224483, "lowlevel.spectral_entropy.mean": 7.499207496643066, "lowlevel.spectral_entropy.stdev": 0.7924972176551819, "lowlevel.spectral_flux.mean": 0.08293669670820236, "lowlevel.spectral_flux.stdev": 0.044488005340099335, "lowlevel.spectral_kurtosis.mean": 7.650091171264648, "lowlevel.spectral_kurtosis.stdev": 22.26267433166504, "lowlevel.spectral_rms.mean": 0.004176963586360216, "lowlevel.spectral_rms.stdev": 0.001768021029420197, "lowlevel.spectral_rolloff.mean": 3403.339111328125, "lowlevel.spectral_rolloff.stdev": 3640.031005859375, "lowlevel.spectral_skewness.mean": 1.7209465503692627, "lowlevel.spectral_skewness.stdev": 1.4581313133239746, "lowlevel.spectral_spread.mean": 5829855.0, "lowlevel.spectral_spread.stdev": 2130793.0, "lowlevel.spectral_strongpeak.mean": 2.016843318939209, "lowlevel.spectral_strongpeak.stdev": 2.3602917194366455, "lowlevel.zerocrossingrate.mean": 0.12492135167121887, "lowlevel.zerocrossingrate.stdev": 0.12383417785167694, "metadata.audio_properties.analysis.equal_loudness": 0.0, "metadata.audio_properties.analysis.length": 40.04265213012695, "metadata.audio_properties.analysis.sample_rate": 44100.0, "metadata.audio_properties.analysis.start_time": 0.0, "metadata.audio_properties.bit_rate": 120398.0, "metadata.audio_properties.length": 40.042667388916016, "metadata.audio_properties.lossless": 0.0, "metadata.audio_properties.number_channels": 1.0, "metadata.audio_properties.replay_gain": -10.588623046875, "metadata.audio_properties.sample_rate": 48000.0, "rhythm.beats_count": 77.0, "rhythm.beats_loudness.mean": 0.022580720484256744, "rhythm.beats_loudness.stdev": 0.013318612240254879, "rhythm.bpm": 85.87516021728516, "rhythm.bpm_histogram_first_peak_bpm": 86.0, "rhythm.bpm_histogram_first_peak_weight": 0.23809528350830078, "rhythm.bpm_histogram_second_peak_bpm": 123.0, "rhythm.bpm_histogram_second_peak_spread": 0.3571428060531616, "rhythm.bpm_histogram_second_peak_weight": 0.1184210553765297, "rhythm.danceability": 0.9116794466972351, "rhythm.onset_rate": 3.1706862449645996, "tonal.chords_changes_rate": 0.061342593282461166, "tonal.chords_number_rate": 0.011574073694646358, "tonal.chords_strength.mean": 0.5202786922454834, "tonal.chords_strength.stdev": 0.12701711058616638, "tonal.hpcp_crest.mean": 15.42068862915039, "tonal.hpcp_crest.stdev": 7.658838748931885, "tonal.hpcp_entropy.mean": 1.7398643493652344, "tonal.hpcp_entropy.stdev": 0.8018966913223267, "tonal.key_edma.strength": 0.7438361644744873, "tonal.key_krumhansl.strength": 0.743733823299408, "tonal.key_temperley.strength": 0.7396407127380371, "tonal.tuning_diatonic_strength": 0.6222438216209412, "tonal.tuning_equal_tempered_deviation": 0.04490851238369942, "tonal.tuning_frequency": 439.4919738769531, "tonal.tuning_nontempered_energy_ratio": 0.7298750877380371, "lowlevel.barkbands.mean": [3.2098712381412042e-06, 6.264129478950053e-05, 0.0002589003124739975, 0.0011121563147753477, 0.005043821409344673, 0.0011692414991557598, 0.000880132953170687, 0.0006678440258838236, 0.0010332020465284586, 0.0005349427228793502, 0.000723288394510746, 0.0008387576672248542, 0.0009745589341036975, 0.0016057301545515656, 0.0007582641555927694, 0.0005351937143132091, 0.0008252980769611895, 0.0006637289188802242, 0.00018066499615088105, 0.00036555822589434683, 0.0003586271486710757, 0.00036732552689500153, 0.000584580295253545, 0.0007538262289017439, 0.0005439880187623203, 0.000237822940107435, 3.906654001184506e-06], "lowlevel.barkbands.stdev": [7.269421075761784e-06, 0.0002760216884780675, 0.0006926133064553142, 0.0021072670351713896, 0.006682217121124268, 0.0025528348051011562, 0.002144990721717477, 0.002111599314957857, 0.0047259703278541565, 0.0016400455497205257, 0.002312654862180352, 0.003138704691082239, 0.0027755736373364925, 0.0038853301666677, 0.0021845176815986633, 0.0015110239619389176, 0.0021651529241353273, 0.0012892128434032202, 0.0003464126493781805, 0.0006786041194573045, 0.0008367260452359915, 0.0007878526230342686, 0.0013574854237958789, 0.0017879331717267632, 0.0011635569389909506, 0.0006655834731645882, 1.7804411982069723e-05], "lowlevel.erbbands.mean": [0.0004921076470054686, 0.022120149806141853, 0.24546419084072113, 1.9002902507781982, 9.66760540008545, 19.3721866607666, 16.65472412109375, 7.236064910888672, 10.24807071685791, 14.383362770080566, 16.67300796508789, 27.740108489990234, 13.712980270385742, 30.23426628112793, 22.411409378051758, 39.14518356323242, 43.71212387084961, 77.93610382080078, 53.68763732910156, 38.53399658203125, 30.481969833374023, 43.197898864746094, 43.94603729248047, 11.584603309631348, 11.771234512329102, 17.55540657043457, 14.113384246826172, 14.892400741577148, 13.922832489013672, 12.331526756286621, 17.654006958007812, 17.277395248413086, 11.47243595123291, 6.703169345855713, 3.5105602741241455, 1.5188853740692139, 0.3133649528026581, 0.0348404198884964, 0.0008253852720372379, 6.862830196041614e-05], "lowlevel.erbbands.stdev": [0.0014937693485990167, 0.08860626071691513, 0.6505999565124512, 3.2976295948028564, 16.74397850036621, 30.35431480407715, 34.99068069458008, 17.296714782714844, 25.51759147644043, 31.4100399017334, 58.310096740722656, 130.49159240722656, 49.11359786987305, 78.5742416381836, 74.11613464355469, 144.1298370361328, 110.68714904785156, 182.07435607910156, 118.69377136230469, 106.50570678710938, 76.8932113647461, 100.53539276123047, 82.08938598632812, 17.474000930786133, 23.672168731689453, 33.40610885620117, 30.273822784423828, 34.101749420166016, 29.942121505737305, 28.440919876098633, 41.38243103027344, 41.77985382080078, 26.86796760559082, 14.692218780517578, 7.721738815307617, 3.8486814498901367, 0.9723830223083496, 0.14865653216838837, 0.0031565420795232058, 0.00011478834494482726], "lowlevel.gfcc.mean": [-49.66176223754883, 30.275671005249023, -119.91410064697266, 16.322168350219727, -73.28697967529297, 8.37592887878418, -68.43416595458984, -7.679797172546387, -44.11643600463867, -6.43453311920166, -25.15031623840332, -6.598479270935059, -18.37111473083496], "lowlevel.melbands.mean": [9.844232408795506e-06, 0.00010243173164781183, 0.000561308697797358, 0.0010733039816841483, 0.0006530228420160711, 0.00016903674986679107, 0.00017009962175507098, 0.0001515786279924214, 0.00013980614312458783, 0.00017092771304305643, 6.04676861257758e-05, 0.00011686695506796241, 8.265143696917221e-05, 9.022683661896735e-05, 8.478458039462566e-05, 0.00010711789218476042, 0.00015787222946528345, 9.518835577182472e-05, 6.021185254212469e-05, 4.5168359065428376e-05, 3.469354487606324e-05, 4.335583798820153e-05, 5.308800973580219e-05, 2.519209374440834e-05, 7.335483132919762e-06, 6.867092906759353e-06, 1.0661127817002125e-05, 1.2121729014324956e-05, 8.433002221863717e-06, 8.840245754981879e-06, 8.772869477979839e-06, 8.511544365319423e-06, 5.983216396998614e-06, 7.204567282315111e-06, 9.489042895438615e-06, 1.1609634384512901e-05, 1.0361745808040723e-05, 8.82359927345533e-06, 5.994387720420491e-06, 5.5368377616105136e-06], "lowlevel.melbands.stdev": [4.043933950015344e-05, 0.0002718424948398024, 0.0009253851021640003, 0.0015756869688630104, 0.0011438868241384625, 0.000395934097468853, 0.00041494471952319145, 0.0003242014499846846, 0.0005143912276253104, 0.0008377904305234551, 0.00022974901366978884, 0.0003127235686406493, 0.0002880603133235127, 0.00032750621903687716, 0.00030195110593922436, 0.00031885263160802424, 0.00039064325392246246, 0.00023279331799130887, 0.00018662819638848305, 0.0001373983541270718, 0.00010477731848368421, 0.00011752588034141809, 0.00010917921463260427, 4.632963828044012e-05, 1.2317306754994206e-05, 1.4815992471994832e-05, 2.2803666070103645e-05, 2.477387351973448e-05, 1.8042295778286643e-05, 2.2080210328567773e-05, 2.0922787371091545e-05, 1.846452141762711e-05, 1.3503809896064922e-05, 1.7510901670902967e-05, 2.2896481823408976e-05, 2.7894417144125327e-05, 2.574154314061161e-05, 2.0922680050716735e-05, 1.4375507817021571e-05, 1.2104650522815064e-05], "lowlevel.melbands128.mean": [1.3487762089425814e-06, 1.374942598886264e-06, 4.474266006582184e-06, 4.178746894467622e-05, 8.73540120664984e-05, 0.00014121407002676278, 0.00026127666933462024, 0.0007051590946502984, 0.0009797827806323767, 0.0011385262478142977, 0.0011747186072170734, 0.0008190369699150324, 0.0006491937674582005, 0.00024242552171926945, 0.00014618027489632368, 0.00013437282177619636, 0.00012122603948228061, 0.0001819465251173824, 0.00023646396584808826, 0.00015312517643906176, 0.00011238345177844167, 0.00011628358333837241, 0.0001576725917402655, 0.00013499871420208365, 0.00021089956862851977, 0.00019800657173618674, 4.597755832946859e-05, 6.418346310965717e-05, 3.321146868984215e-05, 9.54119605012238e-05, 0.00016349306679330766, 0.00013417999434750527, 7.266519241966307e-05, 5.212784162722528e-05, 4.6977027523098513e-05, 0.00012344715651124716, 0.00013014218711759895, 6.955136632313952e-05, 6.177094473969191e-05, 0.00010125309927389026, 0.00013182638213038445, 9.410671191290021e-05, 0.00013443497300613672, 0.00023003865499049425, 0.00013663532445207238, 5.6764936744002625e-05, 5.986069663777016e-05, 7.181306136772037e-05, 5.55312326468993e-05, 4.061411164002493e-05, 5.5274162150453776e-05, 3.692686004796997e-05, 1.8713730241870508e-05, 4.1894967580446973e-05, 5.289127875585109e-05, 3.4783595765475184e-05, 4.2069215851370245e-05, 5.723884532926604e-05, 5.9016183513449505e-05, 4.583350528264418e-05, 2.284106994920876e-05, 9.568733730702661e-06, 9.848301488091238e-06, 5.83213886784506e-06, 4.913110387860797e-06, 6.486267466243589e-06, 8.123402039927896e-06, 9.453025995753706e-06, 1.1570624337764457e-05, 1.2167277418484446e-05, 1.1442046343290713e-05, 1.4402983651962131e-05, 8.106862878776155e-06, 7.135269697755575e-06, 8.118092409858946e-06, 1.0381414540461265e-05, 8.203191100619733e-06, 7.488940354960505e-06, 9.571315786160994e-06, 8.991345566755626e-06, 9.415519343747292e-06, 8.323016118083615e-06, 6.268592642300064e-06, 5.723919912270503e-06, 5.435245839180425e-06, 6.812801075284369e-06, 7.80792561272392e-06, 8.181315024557989e-06, 8.919758329284377e-06, 1.0691760508052539e-05, 1.2539013368950691e-05, 1.196184803120559e-05, 1.0246745659969747e-05, 1.0093111086462159e-05, 1.0697581274143886e-05, 1.0099356586579233e-05, 8.628633622720372e-06, 6.547931661771145e-06, 5.844405222887872e-06, 5.717559815821005e-06, 5.81875474381377e-06, 5.480715117300861e-06, 5.4003726290829945e-06, 4.4715275180351455e-06, 3.961866241297685e-06, 3.1817523904464906e-06, 3.283429350631195e-06, 3.299885520391399e-06, 2.815778316289652e-06, 2.156076561732334e-06, 1.5329244433814893e-06, 9.525415407551918e-07, 8.772626074460277e-07, 7.489701374652213e-07, 5.18092235779477e-07, 3.651887823252764e-07, 1.50627087691646e-07, 3.4570565077274296e-08, 2.117152675396028e-09, 1.75426340121021e-11, 3.7642309408392194e-11, 1.648975053725188e-11, 3.021466106825632e-12, 2.924791051711617e-12, 2.8238110634515312e-12, 2.6999008497646804e-12, 2.6267629564535877e-12, 2.60008702936132e-12], "lowlevel.melbands128.stdev": [3.355156650286517e-06, 4.8649217205820605e-06, 1.5975079804775305e-05, 0.00018999360327143222, 0.00032266404014080763, 0.0003759053652174771, 0.0005931869382038713, 0.0013966442784294486, 0.002118726959452033, 0.002252997364848852, 0.0021660644561052322, 0.0016191945178434253, 0.0016578781651332974, 0.0006444999016821384, 0.000482494302559644, 0.0005344230448827147, 0.00050113326869905, 0.0005629371153190732, 0.0007103712414391339, 0.0004347770591266453, 0.0003416193649172783, 0.0005636183195747435, 0.0007261139689944685, 0.0008128644549287856, 0.0011413343017920852, 0.00129638088401407, 0.0002014876517932862, 0.00036646402440965176, 0.00012746109860017896, 0.0004043682711198926, 0.0004934743628837168, 0.0005384520627558231, 0.0004184329300187528, 0.00033057440305128694, 0.0002696070878300816, 0.0005497214151546359, 0.0006587347015738487, 0.00045180818415246904, 0.00023225728364195675, 0.00040223015821538866, 0.0005117455730214715, 0.0005221017054282129, 0.00047333064139820635, 0.0007039917982183397, 0.0005329205305315554, 0.00021433118672575802, 0.00026372060528956354, 0.000292304961476475, 0.00024725700495764613, 0.00020726840011775494, 0.00021414078946691006, 0.0001391223049722612, 7.420398469548672e-05, 0.00018878307309933007, 0.00022072691353969276, 0.00014902680413797498, 0.00014198815915733576, 0.00016775714175309986, 0.00016700928972568363, 0.000111363384348806, 5.527089524548501e-05, 2.0216637494741008e-05, 2.336480793019291e-05, 1.1234523299208377e-05, 9.954593224392738e-06, 1.6362191672669724e-05, 2.151039007003419e-05, 2.6824045562534593e-05, 2.9305883799679577e-05, 2.9536440706579015e-05, 3.0864572181599215e-05, 3.804455263889395e-05, 1.962568967428524e-05, 2.047012276307214e-05, 2.2429268938140012e-05, 3.074651976930909e-05, 2.0640525690396316e-05, 2.0417799532879144e-05, 2.551373836467974e-05, 2.1488096535904333e-05, 2.1544346964219585e-05, 1.9244593204348348e-05, 1.5118480405362789e-05, 1.4475202988251112e-05, 1.2593859537446406e-05, 1.7258087609661743e-05, 2.1161480617593043e-05, 2.2417814761865884e-05, 2.272748861287255e-05, 2.7206568120163865e-05, 3.316507354611531e-05, 2.910664443334099e-05, 2.7324351322022267e-05, 2.761978976195678e-05, 2.6993087885784917e-05, 2.4194012439693324e-05, 2.2201737010618672e-05, 1.6942141883191653e-05, 1.5499461369472556e-05, 1.4993504919402767e-05, 1.408560092386324e-05, 1.2399784282024484e-05, 1.2566643817990553e-05, 1.0554596883594058e-05, 1.0357007340644486e-05, 7.522345185861923e-06, 8.116227945720311e-06, 8.833413630782161e-06, 8.1969665188808e-06, 5.991728812659858e-06, 4.695267762144795e-06, 3.1178408335108543e-06, 3.1196057079796446e-06, 3.1543802379019326e-06, 2.203635403930093e-06, 2.1180646854190854e-06, 7.315580887734541e-07, 2.4617534677418007e-07, 2.6320920554212535e-08, 4.141100240495632e-10, 1.3099423767926055e-09, 5.441171957443203e-10, 4.801252711378323e-12, 4.667627829385568e-12, 4.567463161159191e-12, 4.4918014620309865e-12, 4.437641226706646e-12, 4.404779492539479e-12], "lowlevel.mfcc.mean": [-688.4125366210938, 68.38408660888672, 3.102369785308838, -1.1349842548370361, 6.022367477416992, -2.8952014446258545, -12.048003196716309, -13.733555793762207, -20.06402587890625, -12.63502025604248, -13.051837921142578, -10.901185035705566, -17.325084686279297], "lowlevel.spectral_contrast_coeffs.mean": [-0.5490332841873169, -0.7320308685302734, -0.7551564574241638, -0.7511737942695618, -0.7527869939804077, -0.7833951711654663], "lowlevel.spectral_contrast_coeffs.stdev": [0.12569740414619446, 0.09605675935745239, 0.09295130521059036, 0.08072052896022797, 0.07933147996664047, 0.048284225165843964], "lowlevel.spectral_contrast_valleys.mean": [-8.661251068115234, -7.958750247955322, -8.395147323608398, -8.262691497802734, -8.236265182495117, -10.014180183410645], "lowlevel.spectral_contrast_valleys.stdev": [1.6396957635879517, 1.5858958959579468, 1.5894434452056885, 1.6157031059265137, 1.6814603805541992, 1.9918792247772217], "rhythm.beats_loudness_band_ratio.mean": [0.1517169177532196, 0.27821001410484314, 0.08777035027742386, 0.14079321920871735, 0.151792973279953, 0.2360842078924179], "rhythm.beats_loudness_band_ratio.stdev": [0.2088685780763626, 0.2804937958717346, 0.11102792620658875, 0.19709466397762299, 0.17260760068893433, 0.3287467062473297], "tonal.hpcp.mean": [0.10399443656206131, 0.11497629433870316, 0.15058797597885132, 0.19272610545158386, 0.151659294962883, 0.07954460382461548, 0.05790563300251961, 0.05513307824730873, 0.1527930647134781, 0.21729275584220886, 0.11480721831321716, 0.03496395796537399, 0.03328413516283035, 0.0497320182621479, 0.16696994006633759, 0.24799855053424835, 0.14938563108444214, 0.06836549192667007, 0.05726764351129532, 0.05261849984526634, 0.06654118746519089, 0.07978987693786621, 0.08877821266651154, 0.17043806612491608, 0.24926091730594635, 0.19677628576755524, 0.11644172668457031, 0.07799411565065384, 0.06435121595859528, 0.1196918785572052, 0.19904936850070953, 0.17117492854595184, 0.11138321459293365, 0.09665796160697937, 0.07619889825582504, 0.08478540927171707], "tonal.hpcp.stdev": [0.2216278612613678, 0.2286609411239624, 0.2656562328338623, 0.30296382308006287, 0.2779935598373413, 0.19650691747665405, 0.168478325009346, 0.15504100918769836, 0.24896028637886047, 0.33602896332740784, 0.18869784474372864, 0.1065843254327774, 0.10411825031042099, 0.1504496932029724, 0.23628424108028412, 0.3340959846973419, 0.21706043183803558, 0.17606322467327118, 0.15753714740276337, 0.1363186091184616, 0.1625548005104065, 0.1753942221403122, 0.18052031099796295, 0.24400591850280762, 0.3349629044532776, 0.27484795451164246, 0.22680769860744476, 0.17853379249572754, 0.16215017437934875, 0.21932733058929443, 0.3022988736629486, 0.27150335907936096, 0.2255006730556488, 0.21861186623573303, 0.18311293423175812, 0.1961425095796585], "rhythm.beats_position": [0.3599092960357666, 0.7198185920715332, 1.1029478311538696, 1.486077070236206, 1.8808163404464722, 2.2755556106567383, 2.693514585494995, 3.0650339126586914, 3.424943208694458, 3.7848525047302246, 4.133152008056641, 4.481451034545898, 4.8297505378723145, 5.201269626617432, 5.561179161071777, 5.9326982498168945, 6.304217338562012, 6.687346935272217, 7.070476055145264, 7.4536051750183105, 7.836734771728516, 8.219863891601562, 8.60299301147461, 9.009342193603516, 9.427301406860352, 9.822040557861328, 10.216779708862305, 10.623128890991211, 11.052698135375977, 11.482267379760742, 11.969886779785156, 12.480725288391113, 12.979954719543457, 13.467573165893555, 13.966802597045898, 14.466031074523926, 14.95365047454834, 15.441269874572754, 15.917278289794922, 16.404897689819336, 16.88090705871582, 17.368526458740234, 17.856143951416016, 18.34376335144043, 18.831382751464844, 19.365442276000977, 19.899499893188477, 20.43355941772461, 20.979228973388672, 21.53650665283203, 22.082176208496094, 22.685895919799805, 23.289613723754883, 23.893333435058594, 24.497051239013672, 25.100770950317383, 25.7973690032959, 26.493967056274414, 27.178956985473633, 27.86394500732422, 28.560543060302734, 29.268753051757812, 29.976961135864258, 30.696779251098633, 31.39337730407715, 32.0899772644043, 32.78657531738281, 33.48317337036133, 34.16816329956055, 34.86476135253906, 35.54975128173828, 36.257957458496094, 36.96616744995117, 37.67437744140625, 38.370975494384766, 39.07918167114258, 39.775779724121094], "rhythm.bpm_histogram": [0.0, 0.0, 0.0, 0.0, 0.0, 0.0, 0.0, 0.0, 0.0, 0.0, 0.0, 0.0, 0.0, 0.0, 0.0, 0.0, 0.0, 0.0, 0.0, 0.0, 0.0, 0.0, 0.0, 0.0, 0.0, 0.0, 0.0, 0.0, 0.0, 0.0, 0.0, 0.0, 0.0, 0.0, 0.0, 0.0, 0.0, 0.0, 0.0, 0.0, 0.0, 0.0, 0.0, 0.0, 0.0, 0.0, 0.0, 0.0, 0.0, 0.0, 0.0, 0.0, 0.0, 0.0, 0.0, 0.0, 0.0, 0.0, 0.0, 0.0, 0.0, 0.0, 0.0, 0.0, 0.0, 0.0, 0.0, 0.0, 0.0, 0.0, 0.0, 0.0, 0.0, 0.0, 0.0, 0.0, 0.0, 0.0, 0.0, 0.0, 0.0, 0.0, 0.0, 0.01315789483487606, 0.0, 0.07894736528396606, 0.1315789520740509, 0.0, 0.05263157933950424, 0.0, 0.0, 0.0, 0.0, 0.0, 0.0, 0.0, 0.0, 0.0, 0.0, 0.06578947603702545, 0.0, 0.0, 0.0, 0.0, 0.0, 0.0, 0.0, 0.0, 0.01315789483487606, 0.0, 0.02631578966975212, 0.0, 0.03947368264198303, 0.0, 0.0, 0.0, 0.0, 0.01315789483487606, 0.0, 0.0, 0.03947368264198303, 0.0, 0.0, 0.1184210553765297, 0.0, 0.0, 0.02631578966975212, 0.0, 0.0, 0.0, 0.0, 0.0, 0.0, 0.0, 0.0, 0.0, 0.0, 0.0, 0.0, 0.0, 0.02631578966975212, 0.0, 0.0, 0.0, 0.02631578966975212, 0.0, 0.0, 0.0, 0.02631578966975212, 0.0, 0.0, 0.0, 0.05263157933950424, 0.0, 0.0, 0.0, 0.0, 0.10526315867900848, 0.0, 0.0, 0.0, 0.05263157933950424, 0.0, 0.0, 0.0, 0.0, 0.0, 0.05263157933950424, 0.0, 0.0, 0.0, 0.0, 0.03947368264198303, 0.0, 0.0, 0.0, 0.0, 0.0, 0.0, 0.0, 0.0, 0.0, 0.0, 0.0, 0.0, 0.0, 0.0, 0.0, 0.0, 0.0, 0.0, 0.0, 0.0, 0.0, 0.0, 0.0, 0.0, 0.0, 0.0, 0.0, 0.0, 0.0, 0.0, 0.0, 0.0, 0.0, 0.0, 0.0, 0.0, 0.0, 0.0, 0.0, 0.0, 0.0, 0.0, 0.0, 0.0, 0.0, 0.0, 0.0, 0.0, 0.0, 0.0, 0.0, 0.0, 0.0, 0.0, 0.0, 0.0, 0.0, 0.0, 0.0, 0.0, 0.0, 0.0, 0.0, 0.0, 0.0, 0.0, 0.0, 0.0, 0.0, 0.0, 0.0, 0.0, 0.0, 0.0, 0.0, 0.0, 0.0], "tonal.chords_histogram": [36.342594146728516, 7.986111164093018, 8.912036895751953, 1.6203703880310059, 3.819444417953491, 1.1574074029922485, 8.564814567565918, 0.9259259104728699, 0.11574073880910873, 0.0, 0.5787037014961243, 0.0, 0.0, 0.0, 0.0, 0.11574073880910873, 0.0, 0.0, 0.0, 5.902777671813965, 0.0, 3.472222328186035, 0.0, 20.48611068725586], "tonal.thpcp": [1.0, 0.7894389629364014, 0.46714794635772705, 0.31290149688720703, 0.25816810131073, 0.4801871180534363, 0.7985582947731018, 0.686729907989502, 0.446853905916214, 0.38777825236320496, 0.30569934844970703, 0.3401472270488739, 0.4172111749649048, 0.4612688422203064, 0.6041379570960999, 0.7731902003288269, 0.6084359288215637, 0.3191218376159668, 0.23230931162834167, 0.22118620574474335, 0.6129844188690186, 0.8717482089996338, 0.46059054136276245, 0.14027051627635956, 0.13353130221366882, 0.19951792061328888, 0.6698600649833679, 0.9949355721473694, 0.599314272403717, 0.2742727994918823, 0.22974978387355804, 0.2110980749130249, 0.2669539451599121, 0.3201058506965637, 0.3561657965183258, 0.6837736964225769], "lowlevel.gfcc.cov": [[28350.697265625, -1914.856689453125, -1057.7332763671875, 303.26715087890625, -1813.4696044921875, 553.4932861328125, -1397.9033203125, 499.99652099609375, -970.0579833984375, -74.7859878540039, -477.3971862792969, 130.91885375976562, -529.2468872070312], [-1914.856689453125, 4605.11474609375, -160.5056915283203, -879.8715209960938, 585.6008911132812, -674.802490234375, 22.201391220092773, -328.72406005859375, 170.50457763671875, -403.8897705078125, 175.25564575195312, -245.26409912109375, 159.66319274902344], [-1057.7332763671875, -160.5056915283203, 1303.9888916015625, 369.8936462402344, -131.88446044921875, 78.06294250488281, 53.19492721557617, -217.4446258544922, -67.07205963134766, 147.34104919433594, -69.26947021484375, -68.30860137939453, 61.95113754272461], [303.26715087890625, -879.8715209960938, 369.8936462402344, 1038.930419921875, 61.05405807495117, 9.618680000305176, 32.895286560058594, 43.56216812133789, 64.51841735839844, 124.36715698242188, -180.51947021484375, -30.492748260498047, 37.79792022705078], [-1813.4696044921875, 585.6008911132812, -131.88446044921875, 61.05405807495117, 676.0736083984375, -19.886837005615234, 67.80475616455078, -7.025203704833984, 183.36636352539062, -38.525325775146484, -55.78705978393555, -50.206356048583984, 23.233049392700195], [553.4932861328125, -674.802490234375, 78.06294250488281, 9.618680000305176, -19.886837005615234, 492.98236083984375, 98.0840835571289, 22.767683029174805, -87.57574462890625, 93.44792938232422, -30.991132736206055, -30.778371810913086, -94.23310089111328], [-1397.9033203125, 22.201391220092773, 53.19492721557617, 32.895286560058594, 67.80475616455078, 98.0840835571289, 418.172607421875, 76.39815521240234, 31.663442611694336, 25.050168991088867, 61.30141830444336, 0.9226751923561096, -19.657146453857422], [499.99652099609375, -328.72406005859375, -217.4446258544922, 43.56216812133789, -7.025203704833984, 22.767683029174805, 76.39815521240234, 295.9250793457031, 42.060184478759766, -35.03623580932617, -13.96334457397461, 59.15761947631836, -57.130760192871094], [-970.0579833984375, 170.50457763671875, -67.07205963134766, 64.51841735839844, 183.36636352539062, -87.57574462890625, 31.663442611694336, 42.060184478759766, 257.0804443359375, 23.664052963256836, -38.6117057800293, -15.169881820678711, 30.319684982299805], [-74.7859878540039, -403.8897705078125, 147.34104919433594, 124.36715698242188, -38.525325775146484, 93.44792938232422, 25.050168991088867, -35.03623580932617, 23.664052963256836, 220.9941864013672, 3.875636339187622, -47.52851104736328, -17.088964462280273], [-477.3971862792969, 175.25564575195312, -69.26947021484375, -180.51947021484375, -55.78705978393555, -30.991132736206055, 61.30141830444336, -13.96334457397461, -38.6117057800293, 3.875636339187622, 173.28399658203125, 27.1846923828125, -8.5997896194458], [130.91885375976562, -245.26409912109375, -68.30860137939453, -30.492748260498047, -50.206356048583984, -30.778371810913086, 0.9226751923561096, 59.15761947631836, -15.169881820678711, -47.52851104736328, 27.1846923828125, 153.71722412109375, 12.481656074523926], [-529.2468872070312, 159.66319274902344, 61.95113754272461, 37.79792022705078, 23.233049392700195, -94.23310089111328, -19.657146453857422, -57.130760192871094, 30.319684982299805, -17.088964462280273, -8.5997896194458, 12.481656074523926, 142.491455078125]], "lowlevel.gfcc.icov": [[9.057644638232887e-05, -0.00012000169226666912, 0.00012281448289286345, -0.00014048362208995968, 0.00026857195189222693, -0.00019691891793627292, 0.0002989830099977553, -0.00018834175716619939, 0.0002499427064321935, -0.0001904225500766188, 0.0003102088812738657, -0.000228984747081995, 0.00020922797557432204], [-0.00012000169226666912, 0.0008875834755599499, -0.00031168339774012566, 0.0007159272208809853, -0.0008274209103547037, 0.001089315046556294, -0.0006597813335247338, 0.000682684185449034, -0.0004712310037575662, 0.0013792933896183968, -0.0008231514948420227, 0.001768656773492694, -0.0003955808060709387], [0.00012281448289286345, -0.00031168339774012566, 0.0013406192883849144, -0.0006292166071943939, 0.0007295440882444382, -0.0004730373912025243, 7.216229278128594e-05, 0.0005498318932950497, 0.0005759563064202666, -0.0008594028186053038, 0.0009452809463255107, -0.0005812240415252745, 7.041809294605628e-05], [-0.00014048362208995968, 0.0007159272208809853, -0.0006292166071943939, 0.0020966441370546818, -0.0009223000961355865, 0.0012497833231464028, -0.0008893634658306837, 7.213069329736754e-05, -0.00025260538677684963, 0.00015450151113327593, 0.0007742744637653232, 0.0012688494753092527, -0.0007156084175221622], [0.00026857195189222693, -0.0008274209103547037, 0.0007295440882444382, -0.0009223000961355865, 0.0032149958424270153, -0.0014038172084838152, 0.0006680556107312441, -0.0002242509217467159, -0.0007092305459082127, -0.0004788046353496611, 0.0014952910132706165, -0.0010942242806777358, 0.0006813952350057662], [-0.00019691891793627292, 0.001089315046556294, -0.0004730373912025243, 0.0012497833231464028, -0.0014038172084838152, 0.004499068949371576, -0.0018178343307226896, 0.0007795592537149787, 0.0007965265540406108, 0.0001398700405843556, 0.0004200441180728376, 0.002072890754789114, 0.0008792265434749424], [0.0002989830099977553, -0.0006597813335247338, 7.216229278128594e-05, -0.0008893634658306837, 0.0006680556107312441, -0.0018178343307226896, 0.004339019767940044, -0.0019201935501769185, 0.00030991199309937656, -0.0007509564748033881, -0.0009489161311648786, -0.0009542594198137522, 0.000442233111243695], [-0.00018834175716619939, 0.000682684185449034, 0.0005498318932950497, 7.213069329736754e-05, -0.0002242509217467159, 0.0007795592537149787, -0.0019201935501769185, 0.0061837597750127316, -0.0017761640483513474, 0.0018094131955876946, 6.296458741417155e-05, -0.0005413066828623414, 0.001690005767159164], [0.0002499427064321935, -0.0004712310037575662, 0.0005759563064202666, -0.00025260538677684963, -0.0007092305459082127, 0.0007965265540406108, 0.00030991199309937656, -0.0017761640483513474, 0.00702244695276022, -0.0027771221939474344, 0.002516971668228507, -0.000730478554032743, -0.0003654389001894742], [-0.0001904225500766188, 0.0013792933896183968, -0.0008594028186053038, 0.00015450151113327593, -0.0004788046353496611, 0.0001398700405843556, -0.0007509564748033881, 0.0018094131955876946, -0.0027771221939474344, 0.008969850838184357, -0.003312427084892988, 0.004279513843357563, -3.579499025363475e-05], [0.0003102088812738657, -0.0008231514948420227, 0.0009452809463255107, 0.0007742744637653232, 0.0014952910132706165, 0.0004200441180728376, -0.0009489161311648786, 6.296458741417155e-05, 0.002516971668228507, -0.003312427084892988, 0.010751754976809025, -0.0032397720497101545, 0.001386355608701706], [-0.000228984747081995, 0.001768656773492694, -0.0005812240415252745, 0.0012688494753092527, -0.0010942242806777358, 0.002072890754789114, -0.0009542594198137522, -0.0005413066828623414, -0.000730478554032743, 0.004279513843357563, -0.0032397720497101545, 0.011796439066529274, -0.0022757682017982006], [0.00020922797557432204, -0.0003955808060709387, 7.041809294605628e-05, -0.0007156084175221622, 0.0006813952350057662, 0.0008792265434749424, 0.000442233111243695, 0.001690005767159164, -0.0003654389001894742, -3.579499025363475e-05, 0.001386355608701706, -0.0022757682017982006, 0.009962988086044788]], "lowlevel.mfcc.cov": [[18762.169921875, -1556.6307373046875, -730.18212890625, -271.9619140625, -219.57240295410156, -549.1627807617188, -122.64697265625, 218.05517578125, -236.5347900390625, -103.8527603149414, -87.12403869628906, 134.6514434814453, -243.5098114013672], [-1556.6307373046875, 3747.722900390625, -414.12982177734375, -461.8407287597656, 164.08201599121094, -335.4345397949219, -168.97317504882812, -49.146846771240234, -237.2236785888672, -183.0486602783203, -116.98844909667969, -187.88815307617188, -78.74954986572266], [-730.18212890625, -414.12982177734375, 1451.689453125, 220.95782470703125, -190.7648162841797, 279.11749267578125, 77.07904052734375, -294.977783203125, -9.17722225189209, 14.103196144104004, -92.94420623779297, -34.4833984375, 49.165069580078125], [-271.9619140625, -461.8407287597656, 220.95782470703125, 847.5719604492188, 157.85162353515625, 48.54088592529297, -53.07393264770508, -29.543729782104492, 242.31344604492188, -6.375161170959473, -43.68459701538086, 68.26256561279297, 117.53215789794922], [-219.57240295410156, 164.08201599121094, -190.7648162841797, 157.85162353515625, 461.4862365722656, 93.4178695678711, -118.5195083618164, -0.2009054571390152, 110.37128448486328, 37.155303955078125, -44.59474182128906, -16.747783660888672, -19.33378791809082], [-549.1627807617188, -335.4345397949219, 279.11749267578125, 48.54088592529297, 93.4178695678711, 468.56927490234375, 125.73621368408203, -101.79773712158203, 86.60150909423828, 117.04021453857422, 45.67443084716797, -20.862131118774414, -31.800817489624023], [-122.64697265625, -168.97317504882812, 77.07904052734375, -53.07393264770508, -118.5195083618164, 125.73621368408203, 353.1836242675781, 76.24506378173828, -11.852229118347168, 42.41464614868164, 88.5186767578125, 35.46821975708008, 32.60158157348633], [218.05517578125, -49.146846771240234, -294.977783203125, -29.543729782104492, -0.2009054571390152, -101.79773712158203, 76.24506378173828, 353.9150695800781, 72.96975708007812, -36.94740676879883, 61.50947189331055, 37.09806442260742, 18.851905822753906], [-236.5347900390625, -237.2236785888672, -9.17722225189209, 242.31344604492188, 110.37128448486328, 86.60150909423828, -11.852229118347168, 72.96975708007812, 305.6991882324219, 75.43548583984375, 2.9520459175109863, 42.33518981933594, 77.3033676147461], [-103.8527603149414, -183.0486602783203, 14.103196144104004, -6.375161170959473, 37.155303955078125, 117.04021453857422, 42.41464614868164, -36.94740676879883, 75.43548583984375, 201.49652099609375, 81.75932312011719, 3.7586967945098877, 0.5878230929374695], [-87.12403869628906, -116.98844909667969, -92.94420623779297, -43.68459701538086, -44.59474182128906, 45.67443084716797, 88.5186767578125, 61.50947189331055, 2.9520459175109863, 81.75932312011719, 195.77410888671875, 56.72578430175781, -0.8286319375038147], [134.6514434814453, -187.88815307617188, -34.4833984375, 68.26256561279297, -16.747783660888672, -20.862131118774414, 35.46821975708008, 37.09806442260742, 42.33518981933594, 3.7586967945098877, 56.72578430175781, 148.310791015625, 65.08820343017578], [-243.5098114013672, -78.74954986572266, 49.165069580078125, 117.53215789794922, -19.33378791809082, -31.800817489624023, 32.60158157348633, 18.851905822753906, 77.3033676147461, 0.5878230929374695, -0.8286319375038147, 65.08820343017578, 190.7394256591797]], "lowlevel.mfcc.icov": [[6.298727385001257e-05, 3.829242996289395e-05, 2.5738549084053375e-05, 1.2727787179755978e-05, 1.029691247822484e-05, 7.717141124885529e-05, -5.2632017286669e-06, -1.231794522027485e-05, 3.7259738746797666e-05, -3.368764737388119e-05, 9.62051926762797e-05, -8.854001498548314e-05, 0.00011340756464051083], [3.829242996289395e-05, 0.00039005422149784863, 3.8576450606342405e-05, 0.00022976745094638318, -0.00030175375286489725, 0.0003622485382948071, -0.00010236423986498266, 0.0002296596358064562, -2.8955439120181836e-05, 0.0003398614062462002, -0.00012090104428352788, 0.00041342401527799666, -4.790653474628925e-05], [2.5738549084053375e-05, 3.8576450606342405e-05, 0.0011858067009598017, -0.0003573731519281864, 0.000756780500523746, -0.0007382205803878605, -4.422148413141258e-05, 0.0005966990138404071, 0.0001955134212039411, 2.467427657393273e-05, 0.0006474449764937162, 0.00011425217235228047, -0.0002499331021681428], [1.2727787179755978e-05, 0.00022976745094638318, -0.0003573731519281864, 0.002047617919743061, -0.0008385258261114359, 0.000564655230846256, -0.00014708864910062402, 0.0006322375265881419, -0.001593195484019816, 0.001041210489347577, -0.0004007676034234464, -0.00012568484817165881, -0.0004030648560728878], [1.029691247822484e-05, -0.00030175375286489725, 0.000756780500523746, -0.0008385258261114359, 0.0037815936375409365, -0.0016889706021174788, 0.0013542328961193562, -0.0005683611379936337, -2.1745532649219967e-05, -0.0009914366528391838, 0.0013632389018312097, -0.0004467014514375478, 0.0003068367368541658], [7.717141124885529e-05, 0.0003622485382948071, -0.0007382205803878605, 0.000564655230846256, -0.0016889706021174788, 0.00472237728536129, -0.002107778564095497, 0.0016336757689714432, -0.001737656770274043, -0.00013397088332567364, -0.0011985122691839933, 0.0009171676938422024, 0.001291837077587843], [-5.2632017286669e-06, -0.00010236423986498266, -4.422148413141258e-05, -0.00014708864910062402, 0.0013542328961193562, -0.002107778564095497, 0.004782720468938351, -0.001857288065366447, 0.0013349395012483, -0.0007842896156944335, -0.0004216700326651335, -0.000592858181335032, -0.001133137964643538], [-1.231794522027485e-05, 0.0002296596358064562, 0.0005966990138404071, 0.0006322375265881419, -0.0005683611379936337, 0.0016336757689714432, -0.001857288065366447, 0.005370668135583401, -0.0027331470046192408, 0.0025482678320258856, -0.002040489111095667, 0.0007487788680009544, 0.00037257091025821865], [3.7259738746797666e-05, -2.8955439120181836e-05, 0.0001955134212039411, -0.001593195484019816, -2.1745532649219967e-05, -0.001737656770274043, 0.0013349395012483, -0.0027331470046192408, 0.007147019263356924, -0.003289039246737957, 0.001969351200386882, -0.001100724097341299, -0.0017852762248367071], [-3.368764737388119e-05, 0.0003398614062462002, 2.467427657393273e-05, 0.001041210489347577, -0.0009914366528391838, -0.00013397088332567364, -0.0007842896156944335, 0.0025482678320258856, -0.003289039246737957, 0.009230589494109154, -0.004575131461024284, 0.0019350552465766668, -0.00016692891949787736], [9.62051926762797e-05, -0.00012090104428352788, 0.0006474449764937162, -0.0004007676034234464, 0.0013632389018312097, -0.0011985122691839933, -0.0004216700326651335, -0.002040489111095667, 0.001969351200386882, -0.004575131461024284, 0.00973206851631403, -0.003895498113706708, 0.0009526173816993833], [-8.854001498548314e-05, 0.00041342401527799666, 0.00011425217235228047, -0.00012568484817165881, -0.0004467014514375478, 0.0009171676938422024, -0.000592858181335032, 0.0007487788680009544, -0.001100724097341299, 0.0019350552465766668, -0.003895498113706708, 0.010500515811145306, -0.0029193838126957417], [0.00011340756464051083, -4.790653474628925e-05, -0.0002499331021681428, -0.0004030648560728878, 0.0003068367368541658, 0.001291837077587843, -0.001133137964643538, 0.00037257091025821865, -0.00178527622483