{"song_id": "1183716613258739782", "download": "https://cdn.discordapp.com/attachments/1135903449314238464/1183716613258739782/chirp.mp4?ex=65895900&amp", "lyrics": "Yo, I'm the cent, the one who's always on top,\nAin't no coward, I'm fearless, I never stop.\nI'm a creature, wild and free, can't be tamed,\nI'm everywhere, you see me, I can't be named.\nI'm intermediate, in between, I'm the bridge.\nTaking precaution, never falling off the ridge.\nI eat beats for breakfast, lunch, and dinner,\nChase my dreams, I'm a certified winner.\nWith certainty, I shine like the daylight,\nRap game's on \nfire, I'm the one to ignite.", "style": ["forr\u00f3"], "essentia_features": {"lowlevel.average_loudness": 0.9787939786911011, "lowlevel.barkbands_crest.mean": 15.432243347167969, "lowlevel.barkbands_crest.stdev": 6.287265777587891, "lowlevel.barkbands_flatness_db.mean": 0.26749858260154724, "lowlevel.barkbands_flatness_db.stdev": 0.09997103363275528, "lowlevel.barkbands_kurtosis.mean": 67.35032653808594, "lowlevel.barkbands_kurtosis.stdev": 167.8255157470703, "lowlevel.barkbands_skewness.mean": 4.561118125915527, "lowlevel.barkbands_skewness.stdev": 4.840559959411621, "lowlevel.barkbands_spread.mean": 13.796211242675781, "lowlevel.barkbands_spread.stdev": 18.216867446899414, "lowlevel.dissonance.mean": 0.4343443512916565, "lowlevel.dissonance.stdev": 0.060992833226919174, "lowlevel.dynamic_complexity": 2.6232492923736572, "lowlevel.erbbands_crest.mean": 12.064583778381348, "lowlevel.erbbands_crest.stdev": 5.535565376281738, "lowlevel.erbbands_flatness_db.mean": 0.18320117890834808, "lowlevel.erbbands_flatness_db.stdev": 0.06497503817081451, "lowlevel.erbbands_kurtosis.mean": 5.120381832122803, "lowlevel.erbbands_kurtosis.stdev": 12.956193923950195, "lowlevel.erbbands_skewness.mean": 0.7882834672927856, "lowlevel.erbbands_skewness.stdev": 1.7766127586364746, "lowlevel.erbbands_spread.mean": 49.89000701904297, "lowlevel.erbbands_spread.stdev": 42.592079162597656, "lowlevel.hfc.mean": 20.16240882873535, "lowlevel.hfc.stdev": 20.54116439819336, "lowlevel.loudness_ebu128.integrated": -13.220514297485352, "lowlevel.loudness_ebu128.loudness_range": 0.6188983917236328, "lowlevel.loudness_ebu128.momentary.mean": -13.528433799743652, "lowlevel.loudness_ebu128.momentary.stdev": 1.6980620622634888, "lowlevel.loudness_ebu128.short_term.mean": -13.250645637512207, "lowlevel.loudness_ebu128.short_term.stdev": 0.20578090846538544, "lowlevel.melbands_crest.mean": 21.523239135742188, "lowlevel.melbands_crest.stdev": 6.907393455505371, "lowlevel.melbands_flatness_db.mean": 0.34544986486434937, "lowlevel.melbands_flatness_db.stdev": 0.12780894339084625, "lowlevel.melbands_kurtosis.mean": 110.5810317993164, "lowlevel.melbands_kurtosis.stdev": 178.69305419921875, "lowlevel.melbands_skewness.mean": 6.047637462615967, "lowlevel.melbands_skewness.stdev": 5.2763752937316895, "lowlevel.melbands_spread.mean": 13.245088577270508, "lowlevel.melbands_spread.stdev": 27.959381103515625, "lowlevel.pitch_salience.mean": 0.36621010303497314, "lowlevel.pitch_salience.stdev": 0.19317527115345, "lowlevel.silence_rate_20dB.mean": 1.0, "lowlevel.silence_rate_20dB.stdev": 0.0, "lowlevel.silence_rate_30dB.mean": 0.7101584076881409, "lowlevel.silence_rate_30dB.stdev": 0.45368969440460205, "lowlevel.silence_rate_60dB.mean": 0.036346692591905594, "lowlevel.silence_rate_60dB.stdev": 0.1871512234210968, "lowlevel.spectral_centroid.mean": 872.0545654296875, "lowlevel.spectral_centroid.stdev": 875.4493408203125, "lowlevel.spectral_complexity.mean": 9.401677131652832, "lowlevel.spectral_complexity.stdev": 8.165574073791504, "lowlevel.spectral_decrease.mean": -1.8288188741166778e-08, "lowlevel.spectral_decrease.stdev": 1.768974300375703e-08, "lowlevel.spectral_energy.mean": 0.0708526074886322, "lowlevel.spectral_energy.stdev": 0.06722705811262131, "lowlevel.spectral_energyband_high.mean": 0.000890254566911608, "lowlevel.spectral_energyband_high.stdev": 0.0019349612994119525, "lowlevel.spectral_energyband_low.mean": 0.05555219575762749, "lowlevel.spectral_energyband_low.stdev": 0.06554542481899261, "lowlevel.spectral_energyband_middle_high.mean": 0.003948556259274483, "lowlevel.spectral_energyband_middle_high.stdev": 0.008080079220235348, "lowlevel.spectral_energyband_middle_low.mean": 0.012669393792748451, "lowlevel.spectral_energyband_middle_low.stdev": 0.02119777537882328, "lowlevel.spectral_entropy.mean": 7.1193156242370605, "lowlevel.spectral_entropy.stdev": 0.8428483605384827, "lowlevel.spectral_flux.mean": 0.1356217861175537, "lowlevel.spectral_flux.stdev": 0.10075220465660095, "lowlevel.spectral_kurtosis.mean": 6.662644863128662, "lowlevel.spectral_kurtosis.stdev": 7.630937576293945, "lowlevel.spectral_rms.mean": 0.007367998827248812, "lowlevel.spectral_rms.stdev": 0.0038518994115293026, "lowlevel.spectral_rolloff.mean": 921.9950561523438, "lowlevel.spectral_rolloff.stdev": 1952.4945068359375, "lowlevel.spectral_skewness.mean": 1.9456030130386353, "lowlevel.spectral_skewness.stdev": 1.0761059522628784, "lowlevel.spectral_spread.mean": 5695989.0, "lowlevel.spectral_spread.stdev": 2843414.5, "lowlevel.spectral_strongpeak.mean": 0.8280331492424011, "lowlevel.spectral_strongpeak.stdev": 0.8621428608894348, "lowlevel.zerocrossingrate.mean": 0.04121812805533409, "lowlevel.zerocrossingrate.stdev": 0.05189432203769684, "metadata.audio_properties.analysis.equal_loudness": 0.0, "metadata.audio_properties.analysis.length": 24.874649047851562, "metadata.audio_properties.analysis.sample_rate": 44100.0, "metadata.audio_properties.analysis.start_time": 0.0, "metadata.audio_properties.bit_rate": 118012.0, "metadata.audio_properties.length": 24.874666213989258, "metadata.audio_properties.lossless": 0.0, "metadata.audio_properties.number_channels": 1.0, "metadata.audio_properties.replay_gain": -11.591854095458984, "metadata.audio_properties.sample_rate": 48000.0, "rhythm.beats_count": 35.0, "rhythm.beats_loudness.mean": 0.07825712114572525, "rhythm.beats_loudness.stdev": 0.06075324863195419, "rhythm.bpm": 86.84419250488281, "rhythm.bpm_histogram_first_peak_bpm": 88.0, "rhythm.bpm_histogram_first_peak_weight": 0.4642857313156128, "rhythm.bpm_histogram_second_peak_bpm": 81.0, "rhythm.bpm_histogram_second_peak_spread": 0.16666662693023682, "rhythm.bpm_histogram_second_peak_weight": 0.14705882966518402, "rhythm.danceability": 1.823082685470581, "rhythm.onset_rate": 5.664517879486084, "tonal.chords_changes_rate": 0.1508379876613617, "tonal.chords_number_rate": 0.014897579327225685, "tonal.chords_strength.mean": 0.4914518892765045, "tonal.chords_strength.stdev": 0.10711069405078888, "tonal.hpcp_crest.mean": 12.095880508422852, "tonal.hpcp_crest.stdev": 5.6200480461120605, "tonal.hpcp_entropy.mean": 2.219614267349243, "tonal.hpcp_entropy.stdev": 0.7893331050872803, "tonal.key_edma.strength": 0.6444944739341736, "tonal.key_krumhansl.strength": 0.6598483920097351, "tonal.key_temperley.strength": 0.6764580011367798, "tonal.tuning_diatonic_strength": 0.572191059589386, "tonal.tuning_equal_tempered_deviation": 0.19486215710639954, "tonal.tuning_frequency": 433.4413757324219, "tonal.tuning_nontempered_energy_ratio": 0.9011543393135071, "lowlevel.barkbands.mean": [0.0005896643851883709, 0.04471719264984131, 0.008224899880588055, 0.0036517877597361803, 0.003257781034335494, 0.001689397031441331, 0.0016144595574587584, 0.0009574727737344801, 0.0011548984330147505, 0.0011284869397059083, 0.0008410760783590376, 0.0006350409239530563, 0.0005185403861105442, 0.0002634403354022652, 0.000151996617205441, 0.0001458330370951444, 0.00012982309272047132, 0.0001521562662674114, 9.817265527090058e-05, 8.454067574348301e-05, 0.00011616408301051706, 0.00014483554696198553, 0.00018000164709519595, 0.00018607956008054316, 0.00015600459300912917, 6.291600584518164e-05, 4.43546088746416e-09], "lowlevel.barkbands.stdev": [0.0009759037639014423, 0.06248605251312256, 0.013772041536867619, 0.01193394884467125, 0.007196230813860893, 0.0034526411909610033, 0.004460694268345833, 0.0027789922896772623, 0.0030820914544165134, 0.004046221263706684, 0.0030852872878313065, 0.00245892396196723, 0.0018555602291598916, 0.0008290500263683498, 0.00043384311720728874, 0.00042669157846830785, 0.000377440796000883, 0.00040825255564413965, 0.0003236838383600116, 0.00029068588628433645, 0.0003368183970451355, 0.0004050730203744024, 0.0004029283591080457, 0.00042315825703553855, 0.00035288461367599666, 0.00015869397611822933, 4.3864229581913605e-08], "lowlevel.erbbands.mean": [1.3303289413452148, 9.692021369934082, 12.393890380859375, 10.478829383850098, 14.174542427062988, 8.288350105285645, 5.420181751251221, 17.369247436523438, 28.28456687927246, 13.380766868591309, 27.284019470214844, 24.830411911010742, 32.7359733581543, 32.79130172729492, 31.344619750976562, 27.52448272705078, 24.780366897583008, 15.298221588134766, 10.162219047546387, 7.699621200561523, 7.646373271942139, 7.542771816253662, 8.261425018310547, 6.240026950836182, 4.654295921325684, 3.940281867980957, 4.496667861938477, 4.62403678894043, 5.209656715393066, 5.236510753631592, 5.063295841217041, 4.000864028930664, 3.1477105617523193, 1.929519534111023, 0.9824744462966919, 0.5070945620536804, 0.06027418002486229, 0.001782314502634108, 0.00010049575939774513, 8.629092189949006e-05], "lowlevel.erbbands.stdev": [2.0787088871002197, 13.31929874420166, 15.201231002807617, 31.237035751342773, 33.264766693115234, 20.46689796447754, 13.212892532348633, 37.21772766113281, 71.0669937133789, 32.869178771972656, 75.9212417602539, 67.4415054321289, 107.14362335205078, 103.07221984863281, 104.62313079833984, 108.80040740966797, 88.59208679199219, 43.427940368652344, 31.249120712280273, 20.979320526123047, 20.28592300415039, 20.975418090820312, 22.538057327270508, 18.742660522460938, 15.565406799316406, 13.603801727294922, 13.948708534240723, 13.320680618286133, 14.925576210021973, 13.31794261932373, 11.336230278015137, 9.213747024536133, 7.438218116760254, 4.459626197814941, 2.1801340579986572, 1.2143359184265137, 0.1824454516172409, 0.0058848741464316845, 0.00017977392417378724, 7.484253001166508e-05], "lowlevel.gfcc.mean": [-50.604976654052734, 99.00189208984375, -70.7101821899414, 47.51628875732422, -57.50525665283203, 33.96446990966797, -32.060340881347656, 14.809967041015625, -18.10995864868164, -0.00491448026150465, -14.277528762817383, -2.3076181411743164, -7.854799747467041], "lowlevel.melbands.mean": [0.012320369482040405, 0.008437379263341427, 0.0019303672015666962, 0.0008588568307459354, 0.0001849838299676776, 0.00038908497663214803, 0.0004046112298965454, 0.00014261255273595452, 0.00023824520758353174, 0.0001489064743509516, 0.00016670353943482041, 0.00013581309758592397, 0.00011484380229376256, 7.10232779965736e-05, 6.907367787789553e-05, 4.527730561676435e-05, 2.6326322767999955e-05, 1.7064523490262218e-05, 1.1156874279549811e-05, 1.0581835340417456e-05, 8.209557563532144e-06, 7.542306775576435e-06, 7.973124411364552e-06, 7.004571216384647e-06, 4.836787411477417e-06, 3.6148283015791094e-06, 2.9704153803322697e-06, 2.49572008215182e-06, 2.6943348530039657e-06, 2.9146619908715365e-06, 2.5292129066656344e-06, 2.862228939193301e-06, 2.9983573313074885e-06, 2.9285220080055296e-06, 2.9333727979974356e-06, 2.630839617268066e-06, 2.4126354674081085e-06, 2.3206239347928204e-06, 1.6704645986465039e-06, 1.6702603033991181e-06], "lowlevel.melbands.stdev": [0.018227750435471535, 0.009382762014865875, 0.005242472048848867, 0.0019324056338518858, 0.00045038232929073274, 0.000794272986240685, 0.001023592078126967, 0.00037538798642344773, 0.0006772303022444248, 0.00040931711555458605, 0.0005605776095762849, 0.00045880285324528813, 0.0004289091448299587, 0.000252778670983389, 0.00028232051408849657, 0.000149937070091255, 7.923033263068646e-05, 5.8940029703080654e-05, 3.431007280596532e-05, 3.2503816328244284e-05, 2.2241176338866353e-05, 2.1760813979199156e-05, 2.3116159354685806e-05, 1.9380939193069935e-05, 1.5370284017990343e-05, 1.2367758245090954e-05, 1.0495179594727233e-05, 8.997542863653507e-06, 9.254159522242844e-06, 8.04548562882701e-06, 7.524304237449542e-06, 8.300634362967685e-06, 8.96730853128247e-06, 7.16147587809246e-06, 6.67725907987915e-06, 6.241119535843609e-06, 5.690886155207409e-06, 5.609681466012262e-06, 3.986342107964447e-06, 4.027768227388151e-06], "lowlevel.melbands128.mean": [0.0005576409748755395, 0.009462702088057995, 0.018884776160120964, 0.015037314034998417, 0.00806338619440794, 0.003295712871477008, 0.0020725338254123926, 0.0016949053388088942, 0.001477167010307312, 0.0010162583785131574, 0.0003158108447678387, 0.00012991289258934557, 0.00015747295401524752, 0.0002177386195398867, 0.0003696205676533282, 0.00048715987941250205, 0.0005323102814145386, 0.000437506299931556, 0.000193218351341784, 9.68816748354584e-05, 0.0001359738816972822, 0.00020333362044766545, 0.0002803592651616782, 0.000248758151428774, 0.0001423153589712456, 0.00011176520638400689, 0.0001404523354722187, 0.00017515511717647314, 0.0001925830147229135, 0.00015044106112327427, 9.795648657018319e-05, 0.0001393607526551932, 0.00013529359421227127, 8.59387728269212e-05, 6.295464118011296e-05, 6.815214874222875e-05, 8.147146581904963e-05, 6.745683640474454e-05, 6.69120709062554e-05, 5.383411189541221e-05, 3.923114491044544e-05, 3.508116060402244e-05, 2.548052361817099e-05, 2.2913405700819567e-05, 2.1534553525270894e-05, 1.48607086885022e-05, 1.3660688637173735e-05, 1.2426115063135512e-05, 9.021504411066417e-06, 9.331042747362517e-06, 1.1188785720150918e-05, 1.1893526789208408e-05, 8.409720066993032e-06, 6.7556802605395205e-06, 7.168527645262657e-06, 7.713505510764662e-06, 7.611712590005482e-06, 8.300115950987674e-06, 7.962615200085565e-06, 7.668836587981787e-06, 7.0013347794883884e-06, 6.665925866400357e-06, 5.64146557735512e-06, 4.1281437006546184e-06, 3.7974400584062096e-06, 3.859220214508241e-06, 3.2769905828899937e-06, 3.080338046856923e-06, 3.0145977234496968e-06, 2.7079026949650142e-06, 2.2927783902559895e-06, 2.528235881982255e-06, 2.547145868447842e-06, 2.825993988153641e-06, 2.7190249056729954e-06, 2.9096172511344776e-06, 3.0711055387655506e-06, 2.760416919045383e-06, 2.359278141739196e-06, 2.332305484742392e-06, 2.819720521074487e-06, 3.1032700462674256e-06, 2.9942102628410794e-06, 3.207577037755982e-06, 2.6686498131311964e-06, 2.9016232474532444e-06, 2.900257868532208e-06, 3.2543455290579004e-06, 2.63985998572025e-06, 3.0836142741463846e-06, 2.9842988169548335e-06, 2.3658112695557065e-06, 2.2448878098657588e-06, 2.638236537677585e-06, 2.325393097635242e-06, 2.132992904080311e-06, 2.5850088150036754e-06, 2.288688619955792e-06, 1.3977467006043298e-06, 1.620173634364619e-06, 1.4915026440576185e-06, 2.0666866475949064e-06, 1.2998486909054918e-06, 1.0008812978412607e-06, 7.821462304491433e-07, 1.3331992931853165e-06, 1.1588437018872355e-06, 1.0705781505748746e-06, 9.484791121394665e-07, 7.798643650858139e-07, 4.342170143445401e-07, 2.542806782912521e-07, 7.626051257147992e-08, 2.6801503238971236e-08, 1.5741726144824497e-08, 1.2283478678654092e-09, 9.164383141246901e-11, 1.3497854743638182e-11, 1.2710525340575707e-11, 1.193631304907683e-11, 1.1621714007814532e-11, 1.1387338988422258e-11, 1.1113252679217922e-11, 1.0917921948461196e-11, 1.0719620503751859e-11, 1.0511948082825295e-11, 1.0381796117231445e-11, 1.0318585395852065e-11], "lowlevel.melbands128.stdev": [0.0009488874347880483, 0.015520689077675343, 0.030259504914283752, 0.020161781460046768, 0.009404463693499565, 0.006772757973521948, 0.006986106745898724, 0.005459426902234554, 0.0034059351310133934, 0.0024481446016579866, 0.0009594573639333248, 0.0004469869891181588, 0.0004887219402007759, 0.0006096551660448313, 0.0010094383032992482, 0.0011635341215878725, 0.0014346747193485498, 0.0015518770087510347, 0.0007528457790613174, 0.00034324388252571225, 0.0005618645227514207, 0.0007174085476435721, 0.0010591617319732904, 0.0008951886557042599, 0.0005707134259864688, 0.0004406138905324042, 0.0006035377155058086, 0.000788108678534627, 0.0009222683729603887, 0.0008090098272077739, 0.00039472765638493, 0.0006256821216084063, 0.0006900799926370382, 0.0003874758258461952, 0.00023747741943225265, 0.0003783541906159371, 0.0004661794228013605, 0.0003601199423428625, 0.000380356126697734, 0.00024664512602612376, 0.00016292223881464452, 0.00014813474263064563, 9.912995301419869e-05, 8.245703065767884e-05, 9.91862325463444e-05, 7.487570110242814e-05, 4.7332418034784496e-05, 5.391490049078129e-05, 2.850929377018474e-05, 3.1550753192277625e-05, 4.928372800350189e-05, 4.363713014754467e-05, 2.553098602220416e-05, 2.24262366828043e-05, 2.2552028895006515e-05, 2.459961615386419e-05, 2.8540676794364117e-05, 2.9519813324441202e-05, 2.5859500965452753e-05, 2.7364256311557256e-05, 2.1673273295164108e-05, 2.0176814359729178e-05, 2.219314410467632e-05, 1.4549514162354171e-05, 1.5563231499982066e-05, 1.3768371900368948e-05, 1.2171767593827099e-05, 1.24010748550063e-05, 1.1616436495387461e-05, 1.0916370229097083e-05, 9.02217834664043e-06, 9.644010788179003e-06, 9.607636457076296e-06, 1.1057186384277884e-05, 9.045606930158101e-06, 7.858388926251791e-06, 9.359335308545269e-06, 8.83811753737973e-06, 7.405749784084037e-06, 7.3410014920227695e-06, 8.791904292593244e-06, 9.070844498637598e-06, 9.442577720619738e-06, 1.1446240023360588e-05, 7.131822258088505e-06, 8.70801250130171e-06, 7.055740297801094e-06, 7.661206836928613e-06, 6.6211860030307434e-06, 7.720415851508733e-06, 7.621965323778568e-06, 6.330969881673809e-06, 5.835197498527123e-06, 6.758651124982862e-06, 5.788150701846462e-06, 5.557474196393741e-06, 6.7653395490197e-06, 5.737721494369907e-06, 3.889281742885942e-06, 4.312978035159176e-06, 3.3545893529662862e-06, 5.563713330047904e-06, 3.779133749048924e-06, 2.4967257559183054e-06, 1.8582655911814072e-06, 3.0198352760635316e-06, 2.8563774776557693e-06, 2.895580109907314e-06, 2.4240925995400175e-06, 2.0279576347093098e-06, 1.5169357538979966e-06, 1.1230179097765358e-06, 3.945938829019724e-07, 1.7766205928637646e-07, 1.2316128561451478e-07, 8.626587444382494e-09, 1.9757147029508815e-09, 2.8235915341956463e-11, 2.359948174379678e-11, 1.8528577977461325e-11, 1.8072711729932855e-11, 1.767764927496085e-11, 1.7301783269974003e-11, 1.6998572688331492e-11, 1.6737163738289595e-11, 1.6523197740592188e-11, 1.6372963748678693e-11, 1.6282591594474205e-11], "lowlevel.mfcc.mean": [-704.3489990234375, 124.68232727050781, 45.49196243286133, 25.521760940551758, 12.916330337524414, 17.97212791442871, 5.833672523498535, 15.294010162353516, 6.443820476531982, 3.1718389987945557, 3.92380952835083, 2.4569294452667236, -0.2150440365076065], "lowlevel.spectral_contrast_coeffs.mean": [-0.6448469758033752, -0.7443907260894775, -0.788308322429657, -0.8172325491905212, -0.8186360597610474, -0.7811936140060425], "lowlevel.spectral_contrast_coeffs.stdev": [0.07281677424907684, 0.11084448546171188, 0.08468293398618698, 0.06531526893377304, 0.04800044372677803, 0.05433826893568039], "lowlevel.spectral_contrast_valleys.mean": [-6.9392242431640625, -7.378381729125977, -7.980315685272217, -8.454806327819824, -8.48232364654541, -10.458062171936035], "lowlevel.spectral_contrast_valleys.stdev": [0.9351580142974854, 0.9989412426948547, 1.0848655700683594, 1.036823034286499, 1.095532774925232, 1.3134691715240479], "rhythm.beats_loudness_band_ratio.mean": [0.6318828463554382, 0.15253667533397675, 0.07225515693426132, 0.0726962462067604, 0.03999893367290497, 0.09719642996788025], "rhythm.beats_loudness_band_ratio.stdev": [0.3353617489337921, 0.17456981539726257, 0.13221235573291779, 0.14552950859069824, 0.0522276870906353, 0.12164120376110077], "tonal.hpcp.mean": [0.11313238739967346, 0.1369277536869049, 0.16171856224536896, 0.14627820253372192, 0.08719544112682343, 0.04666680842638016, 0.044357530772686005, 0.052734553813934326, 0.03650379180908203, 0.02424769289791584, 0.028844645246863365, 0.03277289494872093, 0.0396822988986969, 0.047879721969366074, 0.06022292375564575, 0.09123838692903519, 0.10757386684417725, 0.10114171355962753, 0.11456520855426788, 0.1145724505186081, 0.0853036642074585, 0.07584939152002335, 0.07485315948724747, 0.05764869600534439, 0.042789276689291, 0.04434717446565628, 0.05380311980843544, 0.05270254239439964, 0.051814451813697815, 0.07590197771787643, 0.27820491790771484, 0.3047485947608948, 0.13313032686710358, 0.10921167582273483, 0.08845982700586319, 0.08728518337011337], "tonal.hpcp.stdev": [0.24604050815105438, 0.2799195647239685, 0.3142217993736267, 0.2995742857456207, 0.22525443136692047, 0.1569182574748993, 0.15210726857185364, 0.1835344284772873, 0.1332116276025772, 0.09965823590755463, 0.11300361901521683, 0.12390697002410889, 0.14274857938289642, 0.15921670198440552, 0.17243234813213348, 0.21872274577617645, 0.23797278106212616, 0.22154612839221954, 0.2514829635620117, 0.25741273164749146, 0.21002399921417236, 0.1985834538936615, 0.19711239635944366, 0.16133137047290802, 0.1299385130405426, 0.14049935340881348, 0.1669466644525528, 0.15220627188682556, 0.14640726149082184, 0.18006214499473572, 0.3775939643383026, 0.40015238523483276, 0.24126650393009186, 0.25373733043670654, 0.2078043669462204, 0.21524173021316528], "rhythm.beats_position": [0.743038535118103, 1.4976871013641357, 2.252335548400879, 2.9953742027282715, 3.7151927947998047, 4.458230972290039, 5.201269626617432, 5.8978681564331055, 6.5944671630859375, 7.279455661773682, 7.964444160461426, 8.661043167114258, 9.357641220092773, 10.054240226745605, 10.727619171142578, 11.424217224121094, 12.109206199645996, 12.794195175170898, 13.490793228149414, 14.175782203674316, 14.860771179199219, 15.557369232177734, 16.25396728515625, 16.93895721435547, 17.623945236206055, 18.30893325805664, 18.99392318725586, 19.690521240234375, 20.38711929321289, 21.07210922241211, 21.757097244262695, 22.45369529724121, 23.15029525756836, 23.835283279418945, 24.52027130126953], "rhythm.bpm_histogram": [0.0, 0.0, 0.0, 0.0, 0.0, 0.0, 0.0, 0.0, 0.0, 0.0, 0.0, 0.0, 0.0, 0.0, 0.0, 0.0, 0.0, 0.0, 0.0, 0.0, 0.0, 0.0, 0.0, 0.0, 0.0, 0.0, 0.0, 0.0, 0.0, 0.0, 0.0, 0.0, 0.0, 0.0, 0.0, 0.0, 0.0, 0.0, 0.0, 0.0, 0.0, 0.0, 0.0, 0.0, 0.0, 0.0, 0.0, 0.0, 0.0, 0.0, 0.0, 0.0, 0.0, 0.0, 0.0, 0.0, 0.0, 0.0, 0.0, 0.0, 0.0, 0.0, 0.0, 0.0, 0.0, 0.0, 0.0, 0.0, 0.0, 0.0, 0.0, 0.0, 0.0, 0.0, 0.0, 0.0, 0.0, 0.0, 0.0, 0.0, 0.05882352963089943, 0.0882352963089943, 0.0, 0.029411764815449715, 0.0, 0.0, 0.38235294818878174, 0.0, 0.4117647111415863, 0.029411764815449715, 0.0, 0.0, 0.0, 0.0, 0.0, 0.0, 0.0, 0.0, 0.0, 0.0, 0.0, 0.0, 0.0, 0.0, 0.0, 0.0, 0.0, 0.0, 0.0, 0.0, 0.0, 0.0, 0.0, 0.0, 0.0, 0.0, 0.0, 0.0, 0.0, 0.0, 0.0, 0.0, 0.0, 0.0, 0.0, 0.0, 0.0, 0.0, 0.0, 0.0, 0.0, 0.0, 0.0, 0.0, 0.0, 0.0, 0.0, 0.0, 0.0, 0.0, 0.0, 0.0, 0.0, 0.0, 0.0, 0.0, 0.0, 0.0, 0.0, 0.0, 0.0, 0.0, 0.0, 0.0, 0.0, 0.0, 0.0, 0.0, 0.0, 0.0, 0.0, 0.0, 0.0, 0.0, 0.0, 0.0, 0.0, 0.0, 0.0, 0.0, 0.0, 0.0, 0.0, 0.0, 0.0, 0.0, 0.0, 0.0, 0.0, 0.0, 0.0, 0.0, 0.0, 0.0, 0.0, 0.0, 0.0, 0.0, 0.0, 0.0, 0.0, 0.0, 0.0, 0.0, 0.0, 0.0, 0.0, 0.0, 0.0, 0.0, 0.0, 0.0, 0.0, 0.0, 0.0, 0.0, 0.0, 0.0, 0.0, 0.0, 0.0, 0.0, 0.0, 0.0, 0.0, 0.0, 0.0, 0.0, 0.0, 0.0, 0.0, 0.0, 0.0, 0.0, 0.0, 0.0, 0.0, 0.0, 0.0, 0.0, 0.0, 0.0, 0.0, 0.0, 0.0, 0.0, 0.0, 0.0, 0.0, 0.0, 0.0, 0.0, 0.0, 0.0, 0.0, 0.0, 0.0, 0.0, 0.0, 0.0], "tonal.chords_histogram": [17.13221549987793, 0.0, 0.1862197369337082, 0.3724394738674164, 0.0, 2.607076406478882, 0.9310986995697021, 5.214152812957764, 0.0, 1.303538203239441, 2.2346367835998535, 0.0, 1.8621973991394043, 0.0, 0.0, 0.0, 0.0, 0.0, 0.0, 0.0, 0.0, 0.0, 44.13407897949219, 24.02234649658203], "tonal.thpcp": [1.0, 0.43685296177864075, 0.358366459608078, 0.29027149081230164, 0.28641700744628906, 0.3712318539619446, 0.44931381940841675, 0.5306621789932251, 0.47999632358551025, 0.28612253069877625, 0.15313215553760529, 0.14555449783802032, 0.17304281890392303, 0.11978329718112946, 0.07956621795892715, 0.09465062618255615, 0.10754075646400452, 0.13021323084831238, 0.15711219608783722, 0.1976151019334793, 0.2993890345096588, 0.3529921770095825, 0.33188575506210327, 0.3759334981441498, 0.37595728039741516, 0.27991488575935364, 0.248891681432724, 0.2456226497888565, 0.1891680508852005, 0.1404084414243698, 0.14552052319049835, 0.17654919624328613, 0.1729377657175064, 0.1700235903263092, 0.24906423687934875, 0.9128997325897217], "lowlevel.gfcc.cov": [[7758.4990234375, -1115.3299560546875, -1253.4510498046875, 43.618812561035156, -455.8490295410156, 308.1456604003906, -304.59881591796875, 313.220458984375, -129.014892578125, 349.4981384277344, -115.26560974121094, 166.65928649902344, -178.21617126464844], [-1115.3299560546875, 2772.638427734375, -166.8202667236328, -979.2789306640625, 89.01738739013672, -368.362548828125, 379.1597900390625, -267.10076904296875, 351.92236328125, -210.35545349121094, 220.29782104492188, -163.3897247314453, 211.68556213378906], [-1253.4510498046875, -166.8202667236328, 1710.321044921875, 718.1934814453125, 309.1968994140625, 186.7465057373047, 84.69535827636719, 151.48451232910156, 115.24798583984375, 94.15780639648438, 129.2035369873047, 49.43510437011719, 67.35831451416016], [43.618812561035156, -979.2789306640625, 718.1934814453125, 1167.4544677734375, 329.2582092285156, 36.89833068847656, -91.44830322265625, 215.18829345703125, 63.0831184387207, 69.87538146972656, 13.422609329223633, 121.57759857177734, 14.04829216003418], [-455.8490295410156, 89.01738739013672, 309.1968994140625, 329.2582092285156, 606.4187622070312, 278.4454650878906, 220.06494140625, 51.83979797363281, 165.8785400390625, 54.833221435546875, 106.0328598022461, -7.747255325317383, 87.56802368164062], [308.1456604003906, -368.362548828125, 186.7465057373047, 36.89833068847656, 278.4454650878906, 685.5056762695312, 298.06854248046875, 65.53014373779297, -26.967233657836914, 134.5261993408203, 71.06018829345703, -35.44583511352539, -3.971898317337036], [-304.59881591796875, 379.1597900390625, 84.69535827636719, -91.44830322265625, 220.06494140625, 298.06854248046875, 526.1029663085938, 85.5753173828125, 101.07169342041016, -10.174458503723145, 150.788818359375, -14.964127540588379, 70.99838256835938], [313.220458984375, -267.10076904296875, 151.48451232910156, 215.18829345703125, 51.83979797363281, 65.53014373779297, 85.5753173828125, 262.1584777832031, 87.83451843261719, 29.012775421142578, 9.044513702392578, 40.1929931640625, 8.119744300842285], [-129.014892578125, 351.92236328125, 115.24798583984375, 63.0831184387207, 165.8785400390625, -26.967233657836914, 101.07169342041016, 87.83451843261719, 312.08013916015625, 60.01218795776367, 71.71968078613281, -8.004417419433594, 74.62293243408203], [349.4981384277344, -210.35545349121094, 94.15780639648438, 69.87538146972656, 54.833221435546875, 134.5261993408203, -10.174458503723145, 29.012775421142578, 60.01218795776367, 189.7039794921875, 44.34550094604492, 16.531740188598633, -8.66793441772461], [-115.26560974121094, 220.29782104492188, 129.2035369873047, 13.422609329223633, 106.0328598022461, 71.06018829345703, 150.788818359375, 9.044513702392578, 71.71968078613281, 44.34550094604492, 183.89398193359375, 33.07645034790039, 44.891422271728516], [166.65928649902344, -163.3897247314453, 49.43510437011719, 121.57759857177734, -7.747255325317383, -35.44583511352539, -14.964127540588379, 40.1929931640625, -8.004417419433594, 16.531740188598633, 33.07645034790039, 112.8193130493164, 16.639236450195312], [-178.21617126464844, 211.68556213378906, 67.35831451416016, 14.04829216003418, 87.56802368164062, -3.971898317337036, 70.99838256835938, 8.119744300842285, 74.62293243408203, -8.66793441772461, 44.891422271728516, 16.639236450195312, 111.16836547851562]], "lowlevel.gfcc.icov": [[0.0002717598690651357, -0.0003282513062004, 0.0003724746056832373, -0.0004070594150107354, 0.0003860961296595633, -0.0005685942596755922, 0.00038557674270123243, -0.0005521302227862179, 0.00022557827469427139, -0.0005542602157220244, 0.00012602921924553812, -0.00047213066136464477, 0.0001812359842006117], [-0.0003282513062004, 0.0023823087103664875, -0.0009452936355955899, 0.0022261179983615875, -0.0012380452826619148, 0.00230025383643806, -0.0014251319225877523, 0.001858086441643536, -0.0018140162574127316, 0.0019490631530061364, -0.0014563994482159615, 0.0019372390815988183, -0.0012714783661067486], [0.0003724746056832373, -0.0009452936355955899, 0.001518311444669962, -0.0015824718866497278, 0.0008489086176268756, -0.0013935040915384889, 0.0008416841155849397, -0.001088234013877809, 0.0006269582663662732, -0.001075769541785121, -8.707149390829727e-05, -0.0005484405555762351, 0.000113127869553864], [-0.0004070594150107354, 0.0022261179983615875, -0.0015824718866497278, 0.004158832132816315, -0.0026708729565143585, 0.0026514646597206593, -0.0007130312151275575, 0.0005383389652706683, -0.0011777591425925493, 0.0017707465449348092, -0.0009369769250042737, 0.00042035075603052974, -0.0005994662642478943], [0.0003860961296595633, -0.0012380452826619148, 0.0008489086176268756, -0.0026708729565143585, 0.0047472151927649975, -0.0030647488310933113, 0.00048788616550154984, 9.713075996842235e-05, -0.0009660899522714317, -0.0004250785568729043, 9.400232374900952e-05, -0.0003897032293025404, -0.0007322902092710137], [-0.0005685942596755922, 0.00230025383643806, -0.0013935040915384889, 0.0026514646597206593, -0.0030647488310933113, 0.006383001338690519, -0.0036750745493918657, 0.0012739868834614754, 0.0007705919560976326, -0.001169079914689064, -0.0004888562252745032, 0.0032633848022669554, -0.0007855946314521134], [0.00038557674270123243, -0.0014251319225877523, 0.0008416841155849397, -0.0007130312151275575, 0.00048788616550154984, -0.0036750745493918657, 0.005872092209756374, -0.0028818666469305754, 0.00020008179126307368, 0.0013408507220447063, -0.002319405321031809, -0.0010398724116384983, -8.091476047411561e-05], [-0.0005521302227862179, 0.001858086441643536, -0.001088234013877809, 0.0005383389652706683, 9.713075996842235e-05, 0.0012739868834614754, -0.0028818666469305754, 0.008254882879555225, -0.003928303252905607, 0.0021918630227446556, 0.0006244328687898815, -0.000292035227175802, -2.5967856345232576e-05], [0.00022557827469427139, -0.0018140162574127316, 0.0006269582663662732, -0.0011777591425925493, -0.0009660899522714317, 0.0007705919560976326, 0.00020008179126307368, -0.003928303252905607, 0.008236614987254143, -0.004835741128772497, 0.00042858097003772855, 0.001054603373631835, -0.0017044022679328918], [-0.0005542602157220244, 0.0019490631530061364, -0.001075769541785121, 0.0017707465449348092, -0.0004250785568729043, -0.001169079914689064, 0.0013408507220447063, 0.0021918630227446556, -0.004835741128772497, 0.011420005932450294, -0.0036282327491790056, 0.00015152859850786626, 0.000683682388626039], [0.00012602921924553812, -0.0014563994482159615, -8.707149390829727e-05, -0.0009369769250042737, 9.400232374900952e-05, -0.0004888562252745032, -0.002319405321031809, 0.0006244328687898815, 0.00042858097003772855, -0.0036282327491790056, 0.010877003893256187, -0.0045831515453755856, 0.00021375076903495938], [-0.00047213066136464477, 0.0019372390815988183, -0.0005484405555762351, 0.00042035075603052974, -0.0003897032293025404, 0.0032633848022669554, -0.0010398724116384983, -0.000292035227175802, 0.001054603373631835, 0.00015152859850786626, -0.0045831515453755856, 0.015129698440432549, -0.004167451057583094], [0.0001812359842006117, -0.0012714783661067486, 0.000113127869553864, -0.0005994662642478943, -0.0007322902092710137, -0.0007855946314521134, -8.091476047411561e-05, -2.5967856345232576e-05, -0.0017044022679328918, 0.000683682388626039, 0.00021375076903495938, -0.004167451057583094, 0.014051442965865135]], "lowlevel.mfcc.cov": [[7827.5439453125, -1473.6107177734375, -1126.52490234375, -480.6239929199219, -325.81268310546875, -178.5317840576172, -156.6995849609375, -93.47525787353516, -86.55281829833984, 44.757598876953125, 123.64592742919922, 26.894704818725586, 32.41597366333008], [-1473.6107177734375, 3144.3388671875, -340.4949645996094, -559.0548095703125, -465.7861633300781, -64.41551208496094, -137.047119140625, -17.34794044494629, 32.44990539550781, -60.78410339355469, 45.634132385253906, 48.052581787109375, 10.111422538757324], [-1126.52490234375, -340.4949645996094, 1297.8614501953125, 460.3395080566406, 337.84844970703125, 60.714298248291016, 136.58926391601562, 46.6362419128418, 50.78545379638672, 94.90643310546875, 3.1224334239959717, 64.087646484375, 99.7577133178711], [-480.6239929199219, -559.0548095703125, 460.3395080566406, 957.736083984375, 399.1639404296875, -91.23843383789062, -89.10255432128906, 91.99759674072266, 78.748291015625, -48.24506378173828, 24.055002212524414, 78.26477813720703, 26.482276916503906], [-325.81268310546875, -465.7861633300781, 337.84844970703125, 399.1639404296875, 577.6365966796875, 192.26943969726562, 66.53509521484375, 27.453685760498047, 96.90602111816406, 109.67588806152344, 24.817493438720703, 52.41822052001953, 59.70878219604492], [-178.5317840576172, -64.41551208496094, 60.714298248291016, -91.23843383789062, 192.26943969726562, 477.2325439453125, 293.79473876953125, 59.039955139160156, 63.867523193359375, 139.4130096435547, 68.38845825195312, 38.51715087890625, 60.64486312866211], [-156.6995849609375, -137.047119140625, 136.58926391601562, -89.10255432128906, 66.53509521484375, 293.79473876953125, 471.12335205078125, 175.3939971923828, 38.84110641479492, 120.56497955322266, 48.88578414916992, 31.511266708374023, 50.30762481689453], [-93.47525787353516, -17.34794044494629, 46.6362419128418, 91.99759674072266, 27.453685760498047, 59.039955139160156, 175.3939971923828, 270.13720703125, 110.24211883544922, 60.55065155029297, 52.146156311035156, 50.6708984375, 23.26694679260254], [-86.55281829833984, 32.44990539550781, 50.78545379638672, 78.748291015625, 96.90602111816406, 63.867523193359375, 38.84110641479492, 110.24211883544922, 189.18240356445312, 116.28504943847656, 35.92830276489258, 23.654178619384766, 37.278018951416016], [44.757598876953125, -60.78410339355469, 94.90643310546875, -48.24506378173828, 109.67588806152344, 139.4130096435547, 120.56497955322266, 60.55065155029297, 116.28504943847656, 249.6233673095703, 77.95095825195312, 17.023752212524414, 57.754638671875], [123.64592742919922, 45.634132385253906, 3.1224334239959717, 24.055002212524414, 24.817493438720703, 68.38845825195312, 48.88578414916992, 52.146156311035156, 35.92830276489258, 77.95095825195312, 146.73483276367188, 70.84955596923828, 27.494274139404297], [26.894704818725586, 48.052581787109375, 64.087646484375, 78.26477813720703, 52.41822052001953, 38.51715087890625, 31.511266708374023, 50.6708984375, 23.654178619384766, 17.023752212524414, 70.84955596923828, 129.5443878173828, 60.99949264526367], [32.41597366333008, 10.111422538757324, 99.7577133178711, 26.482276916503906, 59.70878219604492, 60.64486312866211, 50.30762481689453, 23.26694679260254, 37.278018951416016, 57.754638671875, 27.494274139404297, 60.99949264526367, 123.49119567871094]], "lowlevel.mfcc.icov": [[0.0001986169518204406, 0.00014988344628363848, 0.00017011398449540138, 0.00010974107863148674, 6.289574230322614e-05, 0.00011191678640898317, 5.023521225666627e-05, 4.114276816835627e-05, -1.037187030306086e-05, -3.7559017073363066e-05, -0.0002144311583833769, -0.00010795566049637273, -0.00021718665084335953], [0.00014988344628363848, 0.0005293678259477019, 8.085199806373566e-05, 0.0003241580561734736, 0.00030407847953028977, -1.9142804376315325e-05, 0.0002532202342990786, 1.912341031129472e-05, -0.0003929156519006938, 0.00023529859026893973, -0.0003029353392776102, -0.0003408023330848664, -0.0002175470144720748], [0.00017011398449540138, 8.085199806373566e-05, 0.0012782051926478744, -0.0004588656884152442, -0.0002076749806292355, 0.0004028510593343526, -0.0005537653923965991, 0.00037856539711356163, 0.00023750348191242665, -0.0005710631376132369, 0.0002816351188812405, -0.0002829412405844778, -0.0006561391637660563], [0.00010974107863148674, 0.0003241580561734736, -0.0004588656884152442, 0.0026204483583569527, -0.0016398733714595437, 0.0008810834842734039, 0.0005725327646359801, -0.0009346349979750812, -0.0007599380915053189, 0.0016790301306173205, -0.0011618275893852115, -0.00026633264496922493, -0.00010918308544205502], [6.289574230322614e-05, 0.00030407847953028977, -0.0002076749806292355, -0.0016398733714595437, 0.004225685261189938, -0.001958532026037574, 0.0005350621649995446, 0.0008018845692276955, -0.0005984095041640103, -0.001469695707783103, 0.0012756771175190806, -0.001063465024344623, 0.00013690703781321645], [0.00011191678640898317, -1.9142804376315325e-05, 0.0004028510593343526, 0.0008810834842734039, -0.001958532026037574, 0.005218809936195612, -0.003262793645262718, 0.0016453086864203215, -0.0012514882255345583, 0.0003157061873935163, -0.0015731282765045762, -6.052614116924815e-05, -0.0005286344676278532], [5.023521225666627e-05, 0.0002532202342990786, -0.0005537653923965991, 0.0005725327646359801, 0.0005350621649995446, -0.003262793645262718, 0.00615706155076623, -0.004388504661619663, 0.0027786768041551113, -0.0013542835367843509, 0.000714243738912046, 0.00035178614780306816, -0.0005853738985024393], [4.114276816835627e-05, 1.912341031129472e-05, 0.00037856539711356163, -0.0009346349979750812, 0.0008018845692276955, 0.0016453086864203215, -0.004388504661619663, 0.008771317079663277, -0.005302689503878355, 0.0010341560700908303, -0.0009525783825665712, -0.001997667131945491, 0.001137630781158805], [-1.037187030306086e-05, -0.0003929156519006938, 0.00023750348191242665, -0.0007599380915053189, -0.0005984095041640103, -0.0012514882255345583, 0.0027786768041551113, -0.005302689503878355, 0.01192222349345684, -0.0053273774683475494, 0.0017261020839214325, 0.0005442144465632737, -0.0009835049277171493], [-3.7559017073363066e-05, 0.00023529859026893973, -0.0005710631376132369, 0.0016790301306173205, -0.001469695707783103, 0.0003157061873935163, -0.0013542835367843509, 0.0010341560700908303, -0.0053273774683475494, 0.009960515424609184, -0.005243699066340923, 0.0033355073537677526, -0.002526056719943881], [-0.0002144311583833769, -0.0003029353392776102, 0.0002816351188812405, -0.0011618275893852115, 0.0012756771175190806, -0.0015731282765045762, 0.000714243738912046, -0.0009525783825665712, 0.0017261020839214325, -0.005243699066340923, 0.01326753944158554, -0.0072974334470927715, 0.002729036845266819], [-0.00010795566049637273, -0.0003408023330848664, -0.0002829412405844778, -0.00026633264496922493, -0.001063465024344623, -6.052614116924815e-05, 0.00035178614780306816, -0.001997667131945491, 0.0005442144465632737, 0.0033355073537677526, -0.0072974334470927715, 0.016010496765375137, -0.006889136508107185], [-0.00021718665084335953, -0.0002175470144720748, -0.0006561391637660563, -0.00010918308544205502, 0.00013690703781321645, -0.0005286344676278532, -0.0005853738985024393, 0.001137630781158805, -0.0009835049277171493, -0.002526056719943881, 0.002729036845266819, -0.006889136508107185, 0.013217184692621231]], "metadata.audio_properties.analysis.downmix": "mix", "metadata.audio_properties.codec": "mp3", "metadata.audio_properties.md5_encoded": "354e6896c4cd5912cfb453ac30023bf9", "metadata.tags.file_name": "1183716613258739782.mp3", "metadata.version.essentia": "2.1-beta6-dev", "metadata.version.essentia_git_sha": "v2.1_beta5-1110-g77a6a954", "metadata.version.extractor": "music 2.0", "tonal.chords_key": "C", "tonal.chords_scale": "minor", "tonal.key_edma.key": "G", "tonal.key_edma.scale": "minor", "tonal.key_krumhansl.key": "G", "tonal.key_krumhansl.scale": "minor", "tonal.key_temperley.key": "G", "tonal.key_temperley.scale": "minor", "metadata.tags.encoding": ["Lavf58.45.100"]}, "essentia_models": [{"model_name": "genre_dortmund", "activations": {"alternative": "0.00012800914", "blues": "2.4617791e-05", "electronic": "0.00020370465", "folkcountry": "4.706595e-05", "funksoulrnb": "0.000617696", "jazz": "3.6365207e-05", "pop": "0.000979463", "raphiphop": "0.9995212", "rock": "0.0004079396"}}, {"model_name": "genr