{"song_id": "1183681375283454032", "download": "https://cdn.discordapp.com/attachments/1135911532732108921/1183681375283454032/chirp.mp4?ex=6589382f&amp", "lyrics": "[verse]\nIn this hazy room, thoughts start to collide\nLost in a daze, I cannot hide\nYour smile pulls me closer, like a magnetic force\nLove's gentle embrace, forever on its course\n\n[chorus]\nLosing my mind, caught in your gaze\nIn this lofi rhythm, love sets ablaze\nMelodies of affection, soft and serene\nWith you by my side, love's sweetest dream", "style": ["lofi"], "essentia_features": {"lowlevel.average_loudness": 0.9455694556236267, "lowlevel.barkbands_crest.mean": 15.727235794067383, "lowlevel.barkbands_crest.stdev": 5.046961784362793, "lowlevel.barkbands_flatness_db.mean": 0.36669793725013733, "lowlevel.barkbands_flatness_db.stdev": 0.08732540905475616, "lowlevel.barkbands_kurtosis.mean": 57.8317985534668, "lowlevel.barkbands_kurtosis.stdev": 130.4952392578125, "lowlevel.barkbands_skewness.mean": 4.195277690887451, "lowlevel.barkbands_skewness.stdev": 3.8449153900146484, "lowlevel.barkbands_spread.mean": 4.489105224609375, "lowlevel.barkbands_spread.stdev": 8.186722755432129, "lowlevel.dissonance.mean": 0.3910357654094696, "lowlevel.dissonance.stdev": 0.060816891491413116, "lowlevel.dynamic_complexity": 3.210747241973877, "lowlevel.erbbands_crest.mean": 14.468473434448242, "lowlevel.erbbands_crest.stdev": 4.638679504394531, "lowlevel.erbbands_flatness_db.mean": 0.322664737701416, "lowlevel.erbbands_flatness_db.stdev": 0.055585604161024094, "lowlevel.erbbands_kurtosis.mean": 21.632675170898438, "lowlevel.erbbands_kurtosis.stdev": 26.981828689575195, "lowlevel.erbbands_skewness.mean": 2.7436161041259766, "lowlevel.erbbands_skewness.stdev": 2.21281099319458, "lowlevel.erbbands_spread.mean": 15.510953903198242, "lowlevel.erbbands_spread.stdev": 20.074161529541016, "lowlevel.hfc.mean": 9.832319259643555, "lowlevel.hfc.stdev": 9.853219985961914, "lowlevel.loudness_ebu128.integrated": -16.697011947631836, "lowlevel.loudness_ebu128.loudness_range": 2.6879777908325195, "lowlevel.loudness_ebu128.momentary.mean": -17.698711395263672, "lowlevel.loudness_ebu128.momentary.stdev": 3.537996768951416, "lowlevel.loudness_ebu128.short_term.mean": -16.898052215576172, "lowlevel.loudness_ebu128.short_term.stdev": 0.9671299457550049, "lowlevel.melbands_crest.mean": 17.556482315063477, "lowlevel.melbands_crest.stdev": 4.75606632232666, "lowlevel.melbands_flatness_db.mean": 0.4273466169834137, "lowlevel.melbands_flatness_db.stdev": 0.10876477509737015, "lowlevel.melbands_kurtosis.mean": 43.36499786376953, "lowlevel.melbands_kurtosis.stdev": 64.09283447265625, "lowlevel.melbands_skewness.mean": 3.219440221786499, "lowlevel.melbands_skewness.stdev": 2.7419018745422363, "lowlevel.melbands_spread.mean": 5.772857666015625, "lowlevel.melbands_spread.stdev": 13.041515350341797, "lowlevel.pitch_salience.mean": 0.4822619557380676, "lowlevel.pitch_salience.stdev": 0.14852574467658997, "lowlevel.silence_rate_20dB.mean": 1.0, "lowlevel.silence_rate_20dB.stdev": 0.0, "lowlevel.silence_rate_30dB.mean": 0.9075682163238525, "lowlevel.silence_rate_30dB.stdev": 0.2896355390548706, "lowlevel.silence_rate_60dB.mean": 0.08064515888690948, "lowlevel.silence_rate_60dB.stdev": 0.27228567004203796, "lowlevel.spectral_centroid.mean": 471.1982421875, "lowlevel.spectral_centroid.stdev": 446.3601989746094, "lowlevel.spectral_complexity.mean": 6.603598117828369, "lowlevel.spectral_complexity.stdev": 5.560257911682129, "lowlevel.spectral_decrease.mean": -9.338878115272564e-09, "lowlevel.spectral_decrease.stdev": 1.1368478602946652e-08, "lowlevel.spectral_energy.mean": 0.036138880997896194, "lowlevel.spectral_energy.stdev": 0.04335685446858406, "lowlevel.spectral_energyband_high.mean": 8.301990601466969e-05, "lowlevel.spectral_energyband_high.stdev": 0.00028636056231334805, "lowlevel.spectral_energyband_low.mean": 0.016168352216482162, "lowlevel.spectral_energyband_low.stdev": 0.04124966263771057, "lowlevel.spectral_energyband_middle_high.mean": 0.0012971461983397603, "lowlevel.spectral_energyband_middle_high.stdev": 0.004234508145600557, "lowlevel.spectral_energyband_middle_low.mean": 0.01973605342209339, "lowlevel.spectral_energyband_middle_low.stdev": 0.01975066401064396, "lowlevel.spectral_entropy.mean": 5.849337577819824, "lowlevel.spectral_entropy.stdev": 0.8033971786499023, "lowlevel.spectral_flux.mean": 0.08297175914049149, "lowlevel.spectral_flux.stdev": 0.08925391733646393, "lowlevel.spectral_kurtosis.mean": 19.606966018676758, "lowlevel.spectral_kurtosis.stdev": 17.143657684326172, "lowlevel.spectral_rms.mean": 0.005123736336827278, "lowlevel.spectral_rms.stdev": 0.0030007949098944664, "lowlevel.spectral_rolloff.mean": 561.5317993164062, "lowlevel.spectral_rolloff.stdev": 829.174072265625, "lowlevel.spectral_skewness.mean": 3.1370232105255127, "lowlevel.spectral_skewness.stdev": 1.527442216873169, "lowlevel.spectral_spread.mean": 2729155.25, "lowlevel.spectral_spread.stdev": 1462662.625, "lowlevel.spectral_strongpeak.mean": 0.9760426878929138, "lowlevel.spectral_strongpeak.stdev": 0.7099802494049072, "lowlevel.zerocrossingrate.mean": 0.022179841995239258, "lowlevel.zerocrossingrate.stdev": 0.021878451108932495, "metadata.audio_properties.analysis.equal_loudness": 0.0, "metadata.audio_properties.analysis.length": 37.39732360839844, "metadata.audio_properties.analysis.sample_rate": 44100.0, "metadata.audio_properties.analysis.start_time": 0.0, "metadata.audio_properties.bit_rate": 113918.0, "metadata.audio_properties.length": 37.397335052490234, "metadata.audio_properties.lossless": 0.0, "metadata.audio_properties.number_channels": 1.0, "metadata.audio_properties.replay_gain": -10.116823196411133, "metadata.audio_properties.sample_rate": 48000.0, "rhythm.beats_count": 54.0, "rhythm.beats_loudness.mean": 0.07259610295295715, "rhythm.beats_loudness.stdev": 0.0604708269238472, "rhythm.bpm": 87.88615417480469, "rhythm.bpm_histogram_first_peak_bpm": 88.0, "rhythm.bpm_histogram_first_peak_weight": 0.13207542896270752, "rhythm.bpm_histogram_second_peak_bpm": 0.0, "rhythm.bpm_histogram_second_peak_spread": 0.0, "rhythm.bpm_histogram_second_peak_weight": 0.0, "rhythm.danceability": 1.2874852418899536, "rhythm.onset_rate": 4.222458839416504, "tonal.chords_changes_rate": 0.03345724940299988, "tonal.chords_number_rate": 0.008674101904034615, "tonal.chords_strength.mean": 0.5542389154434204, "tonal.chords_strength.stdev": 0.09252993017435074, "tonal.hpcp_crest.mean": 17.27422332763672, "tonal.hpcp_crest.stdev": 8.789719581604004, "tonal.hpcp_entropy.mean": 1.614854097366333, "tonal.hpcp_entropy.stdev": 0.8387606143951416, "tonal.key_edma.strength": 0.6406754851341248, "tonal.key_krumhansl.strength": 0.6526126265525818, "tonal.key_temperley.strength": 0.6586678624153137, "tonal.tuning_diatonic_strength": 0.5392078161239624, "tonal.tuning_equal_tempered_deviation": 0.04494909197092056, "tonal.tuning_frequency": 437.4657897949219, "tonal.tuning_nontempered_energy_ratio": 0.6682687997817993, "lowlevel.barkbands.mean": [3.736009239219129e-05, 0.012120421975851059, 0.002937152050435543, 0.0020342255011200905, 0.008863136172294617, 0.004188314080238342, 0.003421083092689514, 0.0006463186582550406, 0.00043150418787263334, 0.00034149520797654986, 0.0001048073245328851, 0.00017031576135195792, 0.00020168880291748792, 0.00011394992179702967, 9.241323277819902e-05, 0.0001153170014731586, 0.00013949100684840232, 4.60408664366696e-05, 2.8539207050926052e-05, 3.2959065720206127e-05, 2.134019996447023e-05, 2.7478767151478678e-05, 1.795098251022864e-05, 4.718314357887721e-06, 7.114213076420128e-07, 1.7578732069978287e-07, 3.805372461584966e-09], "lowlevel.barkbands.stdev": [0.00011870286107296124, 0.03441130742430687, 0.012911906465888023, 0.008259951137006283, 0.009966753423213959, 0.00477282190695405, 0.0064968750812113285, 0.0018710652366280556, 0.001454052166081965, 0.001919497619383037, 0.0005143856978975236, 0.0008376135374419391, 0.0007783910841681063, 0.0005337016191333532, 0.0004452945140656084, 0.0005553927621804178, 0.0007657553651370108, 0.00024727481650188565, 0.00012565829092636704, 0.00010893239959841594, 8.441128011327237e-05, 0.0001070877187885344, 7.529403228545561e-05, 1.8276636183145456e-05, 3.2358993848902173e-06, 8.372754791707848e-07, 3.329587627831643e-08], "lowlevel.erbbands.mean": [0.23509979248046875, 3.071126937866211, 4.306307315826416, 5.565069675445557, 13.793742179870605, 35.35574722290039, 33.52144241333008, 34.18003845214844, 57.53087615966797, 22.70477294921875, 16.469209671020508, 10.540129661560059, 10.034453392028809, 7.772986888885498, 5.5732011795043945, 7.130728721618652, 9.412091255187988, 7.008645534515381, 4.698948383331299, 5.273862838745117, 6.996334075927734, 7.92957067489624, 3.1452605724334717, 1.5162838697433472, 1.7035595178604126, 1.4767792224884033, 0.7917932271957397, 0.9244102835655212, 1.0031317472457886, 0.8549997806549072, 0.43504807353019714, 0.16519662737846375, 0.04702277481555939, 0.012569432146847248, 0.0033013210631906986, 0.0011777960462495685, 0.00027789335581474006, 2.184522782044951e-05, 1.745120061968919e-05, 3.9990354707697406e-05], "lowlevel.erbbands.stdev": [0.6689433455467224, 8.812596321105957, 14.843013763427734, 22.189584732055664, 26.389921188354492, 43.28384780883789, 32.27488327026367, 39.82673263549805, 104.20499420166016, 53.31328201293945, 49.22303009033203, 34.68037033081055, 56.83140182495117, 52.117794036865234, 23.69723892211914, 32.484535217285156, 36.364070892333984, 29.999324798583984, 22.480005264282227, 24.477550506591797, 35.05345916748047, 44.02919387817383, 15.950671195983887, 7.636313438415527, 6.583303451538086, 4.675354957580566, 2.75588321685791, 3.9192800521850586, 3.9288501739501953, 3.5237884521484375, 1.8210899829864502, 0.6454102993011475, 0.19941341876983643, 0.05948442965745926, 0.013889720663428307, 0.004878474865108728, 0.0014336041640490294, 0.0001635774679016322, 1.9580102161853574e-05, 4.698184784501791e-05], "lowlevel.gfcc.mean": [-162.81944274902344, 150.06463623046875, -94.13862609863281, 34.56261444091797, -84.47895812988281, -38.953208923339844, -54.146427154541016, -32.557369232177734, -16.11159896850586, -14.973185539245605, 0.5732781291007996, -10.3953857421875, -1.0079843997955322], "lowlevel.melbands.mean": [0.0029129162430763245, 0.002937747398391366, 0.0011435669148340821, 0.0017792925937101245, 0.0013919378397986293, 0.0007976930937729776, 0.00084186892490834, 0.0002000948297791183, 0.0001304578618146479, 5.8296463976148516e-05, 4.915619865641929e-05, 3.2060546800494194e-05, 1.6857577065820806e-05, 1.925839933392126e-05, 2.0434294128790498e-05, 1.8297136193723418e-05, 1.2343015441729221e-05, 7.20326397640747e-06, 6.6376837821735535e-06, 7.33347087589209e-06, 8.331188837473746e-06, 9.203134140989278e-06, 4.390215053717839e-06, 1.732589566927345e-06, 1.1433797908466659e-06, 1.0722137631091755e-06, 1.5021446415630635e-06, 8.236952453444246e-07, 4.7160671101664775e-07, 5.06440301251132e-07, 5.335829200703301e-07, 5.666538527293596e-07, 5.365318429539911e-07, 4.575027503506135e-07, 2.7889916509593604e-07, 1.422106805648582e-07, 8.215890545670845e-08, 3.532501580139069e-08, 1.687855544219019e-08, 7.963411263745002e-09], "lowlevel.melbands.stdev": [0.008245338685810566, 0.008308744989335537, 0.0037555054295808077, 0.002318210666999221, 0.0013225737493485212, 0.0009720958769321442, 0.001531135058030486, 0.00047710214857943356, 0.0003942054172512144, 0.00019597398932091892, 0.0002818689972627908, 0.00022439191525336355, 7.542374805780128e-05, 9.372633940074593e-05, 8.732370042707771e-05, 6.912293611094356e-05, 5.62172026548069e-05, 3.567094245227054e-05, 3.351090708747506e-05, 3.413512240513228e-05, 4.399031604407355e-05, 5.400599548011087e-05, 2.2293708752840757e-05, 9.604897059034556e-06, 5.978817171126138e-06, 4.6087739065114874e-06, 5.470082669489784e-06, 2.600137122499291e-06, 1.6889750895643374e-06, 2.056558059848612e-06, 2.397467596892966e-06, 2.33205059885222e-06, 2.1432226731121773e-06, 1.95417692339106e-06, 1.196960170091188e-06, 5.981254389553214e-07, 3.165717998854234e-07, 1.525851160977254e-07, 8.860124012244341e-08, 3.639242507347262e-08], "lowlevel.melbands128.mean": [3.505251879687421e-05, 0.0010613485937938094, 0.00476073008030653, 0.005298294592648745, 0.002785662654787302, 0.0013370239175856113, 0.001095027313567698, 0.0009832356590777636, 0.0013047873508185148, 0.001827157917432487, 0.002078518969938159, 0.0020030431915074587, 0.0008546150056645274, 0.001213753828778863, 0.0007099913200363517, 0.0006436397088691592, 0.0008690745453350246, 0.0011338784825056791, 0.00045875331852585077, 0.0001775044947862625, 8.729906403459609e-05, 0.00013418281741905957, 0.00015559101302642375, 0.00010564202966634184, 6.973665585974231e-05, 3.185656896675937e-05, 4.549052391666919e-05, 6.556977314176038e-05, 3.1665935239288956e-05, 4.634954530047253e-05, 2.6234340111841448e-05, 1.5359506505774334e-05, 1.6632764527457766e-05, 1.6145124391186982e-05, 2.2450723918154836e-05, 1.8408782125334255e-05, 1.8442829968989827e-05, 1.6085830793599598e-05, 2.712746754696127e-05, 2.2596474082092755e-05, 1.4646887393610086e-05, 1.4169807400321588e-05, 1.4929699318599887e-05, 1.033351418300299e-05, 6.316321560007054e-06, 6.974713414820144e-06, 8.134901690937113e-06, 5.053785571362823e-06, 6.974368716328172e-06, 7.928639206511434e-06, 6.661171482846839e-06, 7.464347618224565e-06, 8.76192825671751e-06, 7.81474318500841e-06, 9.496161510469392e-06, 1.1306631677143741e-05, 7.10736048858962e-06, 4.876129423792008e-06, 3.830426521744812e-06, 2.376723841734929e-06, 1.5182965853455244e-06, 1.31202489228599e-06, 1.2511161457950948e-06, 1.031925080496876e-06, 1.089685724764422e-06, 9.655316262069391e-07, 1.095739548873098e-06, 1.4059796740184538e-06, 1.8003570403379854e-06, 1.4411227766686352e-06, 7.11329334990296e-07, 5.901848680878174e-07, 5.235838216322009e-07, 4.535283437689941e-07, 3.8095632248769107e-07, 5.224262054071005e-07, 5.461820364871528e-07, 5.432002012639714e-07, 5.731251349061495e-07, 4.493540757266601e-07, 5.699771463696379e-07, 6.297104278019106e-07, 5.346516331883322e-07, 5.403106229096011e-07, 5.376455192163121e-07, 4.5284411953616655e-07, 4.5992206310074835e-07, 3.935175811875524e-07, 2.6639105499270954e-07, 2.074834668519543e-07, 1.5685847642998851e-07, 1.2350928102478065e-07, 1.1222843454561371e-07, 8.897318792833175e-08, 6.052908219089659e-08, 4.5340609489130657e-08, 2.7267809343811678e-08, 2.4208681281834288e-08, 1.815789296699677e-08, 1.3184870972793306e-08, 1.0247680926056546e-08, 7.461131268371446e-09, 4.618138316203613e-09, 3.2625411261477666e-09, 3.849293328528347e-09, 2.9408295798560857e-09, 2.6447442014188027e-09, 1.8949486424446604e-09, 1.7904858706785376e-09, 1.9577923726643576e-09, 1.7287600240223355e-09, 1.3713100655010635e-09, 4.901511974075845e-10, 3.534779136060706e-10, 2.4289001365751517e-10, 1.6711050598861021e-10, 1.072824953873841e-10, 9.451128248072482e-12, 5.256638440503947e-12, 5.019997438571178e-12, 4.913677971452035e-12, 4.73366224690297e-12, 4.608533173133811e-12, 4.526942189164718e-12, 4.423720070811932e-12, 4.287630146759813e-12, 4.208488592338799e-12, 4.179647079827209e-12], "lowlevel.melbands128.stdev": [0.00011587925837375224, 0.003241388127207756, 0.014047064818441868, 0.015734679996967316, 0.00918856542557478, 0.006041016895323992, 0.004882981069386005, 0.0038010787684470415, 0.002747900551185012, 0.003142615081742406, 0.0028902096673846245, 0.002337066223844886, 0.001139328465797007, 0.0015690275467932224, 0.0008776250761002302, 0.0017489547608420253, 0.002001767046749592, 0.002431851578876376, 0.0011899860110133886, 0.0007470356649719179, 0.00027456096722744405, 0.000505656935274601, 0.0005824568797834218, 0.00045193356345407665, 0.0003221688966732472, 0.0001765004126355052, 0.00023293275444302708, 0.0005365089164115489, 0.000150742256664671, 0.000384102197131142, 0.00024105203920044005, 8.982756844488904e-05, 8.836002962198108e-05, 8.384705142816529e-05, 0.00014447924331761897, 9.55311261350289e-05, 0.00011559825361473486, 8.273796265712008e-05, 0.00015037658158689737, 9.606185631128028e-05, 7.059099880279973e-05, 7.379045564448461e-05, 8.363587403437123e-05, 6.46964690531604e-05, 3.6887333408230916e-05, 4.0219510992756113e-05, 4.946213084622286e-05, 3.366817327332683e-05, 4.00578610424418e-05, 3.865538019454107e-05, 3.662853850983083e-05, 3.7294466892490163e-05, 4.7717709094285965e-05, 4.756471389555372e-05, 6.579368346137926e-05, 7.949864084366709e-05, 4.519389403867535e-05, 2.5889989046845585e-05, 2.186400342907291e-05, 1.4225120139599312e-05, 9.53470134845702e-06, 7.427233867929317e-06, 7.568317414552439e-06, 5.402313945523929e-06, 5.776819307357073e-06, 4.480993084143847e-06, 5.084976237412775e-06, 5.9950466493319254e-06, 7.132002338039456e-06, 4.806346169061726e-06, 2.3834002149669686e-06, 2.1729563286498887e-06, 2.2089157027949113e-06, 1.7103064919865574e-06, 1.5338995353886276e-06, 2.22284779738402e-06, 2.561283736213227e-06, 2.6220898234896595e-06, 2.8611339075723663e-06, 1.9940180209232494e-06, 2.7058811156166485e-06, 2.7446405965747545e-06, 2.096927119055181e-06, 2.287503548359382e-06, 2.4798337108222768e-06, 2.0158242932666326e-06, 2.1120313249411993e-06, 1.7827031797423842e-06, 1.220012109115487e-06, 9.376970524499484e-07, 7.524253078372567e-07, 5.293512117532373e-07, 4.902690875496774e-07, 3.630078708738438e-07, 2.2744501393390237e-07, 2.0817418544538668e-07, 1.373241076407794e-07, 1.2888465050764353e-07, 1.0383859461171596e-07, 7.676988644789162e-08, 4.9959766101892455e-08, 3.341016707736344e-08, 2.12596056314851e-08, 1.51066377185316e-08, 1.9711116294729436e-08, 1.556652584611129e-08, 1.2613557309748558e-08, 8.77202577242997e-09, 8.047448041281768e-09, 1.0418819584856465e-08, 9.663314592955885e-09, 8.64700844260824e-09, 3.158081574028415e-09, 2.467512860704346e-09, 2.3173121199704383e-09, 2.4693784794749263e-09, 1.2369598678674265e-09, 6.524927126383417e-11, 1.272137690327968e-11, 1.0445183780405376e-11, 1.0380678955312916e-11, 9.263896941225092e-12, 9.025027253306561e-12, 8.872933637826819e-12, 8.747047357260396e-12, 8.64083717772024e-12, 8.566852088831567e-12, 8.520768292330505e-12], "lowlevel.mfcc.mean": [-810.513427734375, 168.376708984375, 29.220172882080078, 47.862308502197266, -13.494668006896973, -8.618772506713867, -34.45584487915039, -21.358060836791992, -32.03765106201172, -14.337231636047363, -16.164379119873047, -7.6096038818359375, -5.844858646392822], "lowlevel.spectral_contrast_coeffs.mean": [-0.4921666085720062, -0.6316034197807312, -0.8171980977058411, -0.8250089287757874, -0.8157451152801514, -0.7426834106445312], "lowlevel.spectral_contrast_coeffs.stdev": [0.1220293939113617, 0.09295765310525894, 0.07062516361474991, 0.07004719227552414, 0.05847841501235962, 0.05904550850391388], "lowlevel.spectral_contrast_valleys.mean": [-8.110220909118652, -7.724773406982422, -9.167523384094238, -9.444221496582031, -9.343029022216797, -12.637539863586426], "lowlevel.spectral_contrast_valleys.stdev": [1.4855483770370483, 1.0571130514144897, 1.1895033121109009, 1.0474964380264282, 0.7978249788284302, 0.824299693107605], "rhythm.beats_loudness_band_ratio.mean": [0.43665412068367004, 0.239248588681221, 0.09137114882469177, 0.03646910935640335, 0.2216748297214508, 0.023485658690333366], "rhythm.beats_loudness_band_ratio.stdev": [0.4438237249851227, 0.2339482456445694, 0.13755591213703156, 0.048615630716085434, 0.2561914622783661, 0.029631232842803], "tonal.hpcp.mean": [0.3321174681186676, 0.21832643449306488, 0.03941406309604645, 0.0431346669793129, 0.039247021079063416, 0.05114736035466194, 0.09669976681470871, 0.08469510823488235, 0.23139235377311707, 0.40429291129112244, 0.21744182705879211, 0.032151080667972565, 0.0341310054063797, 0.04109019786119461, 0.09514066576957703, 0.154791921377182, 0.10968160629272461, 0.05250461399555206, 0.04021632671356201, 0.044050123542547226, 0.14801089465618134, 0.2809770703315735, 0.17513862252235413, 0.04558359086513519, 0.06731472164392471, 0.05131729692220688, 0.022069815546274185, 0.015435378067195415, 0.020845208317041397, 0.0879162922501564, 0.14709603786468506, 0.09297098964452744, 0.03012113831937313, 0.02107059583067894, 0.031646791845560074, 0.15626971423625946], "tonal.hpcp.stdev": [0.3733207881450653, 0.27966582775115967, 0.12428856641054153, 0.1497085690498352, 0.1372736245393753, 0.15642715990543365, 0.25105372071266174, 0.21451260149478912, 0.24748848378658295, 0.39819279313087463, 0.24118949472904205, 0.13032323122024536, 0.14112116396427155, 0.14995592832565308, 0.2158253937959671, 0.3184809982776642, 0.2338712215423584, 0.16856583952903748, 0.14141499996185303, 0.14838247001171112, 0.22470776736736298, 0.34790053963661194, 0.24737820029258728, 0.12682485580444336, 0.19323071837425232, 0.16228772699832916, 0.10121792554855347, 0.07193312793970108, 0.09375511109828949, 0.1987500935792923, 0.2961479127407074, 0.2092566043138504, 0.11925284564495087, 0.0953449159860611, 0.12320040166378021, 0.22679634392261505], "rhythm.beats_position": [0.7314285635948181, 1.4396371841430664, 2.1246259212493896, 2.809614419937134, 3.494603157043457, 4.179591655731201, 4.852970600128174, 5.549569129943848, 6.222947597503662, 6.9079365730285645, 7.592925071716309, 8.277914047241211, 8.962902069091797, 9.63628101348877, 10.309659957885742, 11.006258010864258, 11.67963695526123, 12.353015899658203, 13.038003921508789, 13.722992897033691, 14.419591903686523, 15.09296989440918, 15.777958869934082, 16.462947845458984, 17.13632583618164, 17.82131576538086, 18.506303787231445, 19.19129180908203, 19.87628173828125, 20.549659729003906, 21.234647750854492, 21.91963768005371, 22.593015670776367, 23.266393661499023, 23.951383590698242, 24.636371612548828, 25.332969665527344, 26.006349563598633, 26.69133758544922, 27.376325607299805, 28.049705505371094, 28.73469352722168, 29.419681549072266, 30.116281509399414, 30.78965950012207, 31.463037490844727, 32.14802551269531, 32.83301544189453, 33.50639343261719, 34.179771423339844, 34.87636947631836, 35.56135940551758, 36.2463493347168, 36.91972732543945], "rhythm.bpm_histogram": [0.0, 0.0, 0.0, 0.0, 0.0, 0.0, 0.0, 0.0, 0.0, 0.0, 0.0, 0.0, 0.0, 0.0, 0.0, 0.0, 0.0, 0.0, 0.0, 0.0, 0.0, 0.0, 0.0, 0.0, 0.0, 0.0, 0.0, 0.0, 0.0, 0.0, 0.0, 0.0, 0.0, 0.0, 0.0, 0.0, 0.0, 0.0, 0.0, 0.0, 0.0, 0.0, 0.0, 0.0, 0.0, 0.0, 0.0, 0.0, 0.0, 0.0, 0.0, 0.0, 0.0, 0.0, 0.0, 0.0, 0.0, 0.0, 0.0, 0.0, 0.0, 0.0, 0.0, 0.0, 0.0, 0.0, 0.0, 0.0, 0.0, 0.0, 0.0, 0.0, 0.0, 0.0, 0.0, 0.0, 0.0, 0.0, 0.0, 0.0, 0.0, 0.0, 0.0, 0.0, 0.0, 0.01886792480945587, 0.11320754885673523, 0.0, 0.5283018946647644, 0.3396226465702057, 0.0, 0.0, 0.0, 0.0, 0.0, 0.0, 0.0, 0.0, 0.0, 0.0, 0.0, 0.0, 0.0, 0.0, 0.0, 0.0, 0.0, 0.0, 0.0, 0.0, 0.0, 0.0, 0.0, 0.0, 0.0, 0.0, 0.0, 0.0, 0.0, 0.0, 0.0, 0.0, 0.0, 0.0, 0.0, 0.0, 0.0, 0.0, 0.0, 0.0, 0.0, 0.0, 0.0, 0.0, 0.0, 0.0, 0.0, 0.0, 0.0, 0.0, 0.0, 0.0, 0.0, 0.0, 0.0, 0.0, 0.0, 0.0, 0.0, 0.0, 0.0, 0.0, 0.0, 0.0, 0.0, 0.0, 0.0, 0.0, 0.0, 0.0, 0.0, 0.0, 0.0, 0.0, 0.0, 0.0, 0.0, 0.0, 0.0, 0.0, 0.0, 0.0, 0.0, 0.0, 0.0, 0.0, 0.0, 0.0, 0.0, 0.0, 0.0, 0.0, 0.0, 0.0, 0.0, 0.0, 0.0, 0.0, 0.0, 0.0, 0.0, 0.0, 0.0, 0.0, 0.0, 0.0, 0.0, 0.0, 0.0, 0.0, 0.0, 0.0, 0.0, 0.0, 0.0, 0.0, 0.0, 0.0, 0.0, 0.0, 0.0, 0.0, 0.0, 0.0, 0.0, 0.0, 0.0, 0.0, 0.0, 0.0, 0.0, 0.0, 0.0, 0.0, 0.0, 0.0, 0.0, 0.0, 0.0, 0.0, 0.0, 0.0, 0.0, 0.0, 0.0, 0.0, 0.0, 0.0, 0.0, 0.0, 0.0, 0.0, 0.0, 0.0, 0.0, 0.0, 0.0, 0.0, 0.0, 0.0], "tonal.chords_histogram": [14.745972633361816, 3.221809148788452, 1.9826518297195435, 0.0, 5.328376770019531, 0.0, 0.0, 0.0, 0.0, 0.0, 0.0, 0.0, 0.0, 0.0, 0.0, 0.0, 0.0, 6.071871280670166, 0.0, 0.0, 0.0, 7.063197135925293, 0.0, 61.58612060546875], "tonal.thpcp": [1.0, 0.5378323793411255, 0.07952422648668289, 0.08442147821187973, 0.10163472592830658, 0.23532608151435852, 0.38287073373794556, 0.27129241824150085, 0.1298677623271942, 0.0994732454419136, 0.10895596444606781, 0.36609816551208496, 0.6949838995933533, 0.43319734930992126, 0.11274892091751099, 0.16649988293647766, 0.12693098187446594, 0.0545886792242527, 0.038178700953722, 0.05155966803431511, 0.21745692193508148, 0.36383530497550964, 0.22995948791503906, 0.07450325787067413, 0.052117154002189636, 0.07827688753604889, 0.3865259885787964, 0.8214773535728455, 0.5400204658508301, 0.0974888801574707, 0.1066916212439537, 0.09707570821046829, 0.1265106499195099, 0.23918244242668152, 0.20948946475982666, 0.5723384022712708], "lowlevel.gfcc.cov": [[5789.083984375, 544.9400634765625, -1355.0335693359375, -369.28802490234375, 118.93009185791016, 631.0949096679688, 673.04150390625, 23.149110794067383, 342.1893615722656, -192.35702514648438, -172.1651611328125, -84.54271697998047, -380.94183349609375], [544.9400634765625, 1827.7294921875, 297.76177978515625, -478.16790771484375, 828.4267578125, 220.64349365234375, 593.1832885742188, 136.04360961914062, 296.11676025390625, -234.7335662841797, 115.83450317382812, -145.14625549316406, -45.00875473022461], [-1355.0335693359375, 297.76177978515625, 2366.983154296875, 863.5272827148438, 302.63671875, 191.14747619628906, 322.26678466796875, 247.38565063476562, 173.84996032714844, 238.17843627929688, 204.4503173828125, 123.28229522705078, 136.69467163085938], [-369.28802490234375, -478.16790771484375, 863.5272827148438, 989.9876708984375, 152.12222290039062, 20.783771514892578, 41.13201141357422, 158.11245727539062, 142.97702026367188, 206.30494689941406, 39.14131546020508, 94.89299011230469, 130.25901794433594], [118.93009185791016, 828.4267578125, 302.63671875, 152.12222290039062, 889.1318969726562, 197.8017578125, 398.69012451171875, 196.75730895996094, 247.12551879882812, -30.70489501953125, 77.25943756103516, -16.165637969970703, 69.59254455566406], [631.0949096679688, 220.64349365234375, 191.14747619628906, 20.783771514892578, 197.8017578125, 555.6488037109375, 418.4556884765625, 142.0972442626953, 90.20831298828125, 67.36338806152344, 57.55079650878906, 10.93738079071045, -88.0483169555664], [673.04150390625, 593.1832885742188, 322.26678466796875, 41.13201141357422, 398.69012451171875, 418.4556884765625, 627.7249145507812, 213.76043701171875, 184.0027618408203, 4.5596394538879395, 104.61662292480469, 32.920135498046875, -54.86880111694336], [23.149110794067383, 136.04360961914062, 247.38565063476562, 158.11245727539062, 196.75730895996094, 142.0972442626953, 213.76043701171875, 286.8587951660156, 174.38992309570312, 81.96392059326172, 47.31446838378906, 27.317012786865234, 2.4774932861328125], [342.1893615722656, 296.11676025390625, 173.84996032714844, 142.97702026367188, 247.12551879882812, 90.20831298828125, 184.0027618408203, 174.38992309570312, 313.1093444824219, 89.1343002319336, 37.741477966308594, -11.331399917602539, 7.79111909866333], [-192.35702514648438, -234.7335662841797, 238.17843627929688, 206.30494689941406, -30.70489501953125, 67.36338806152344, 4.5596394538879395, 81.96392059326172, 89.1343002319336, 220.55589294433594, 64.22047424316406, 33.30914306640625, 15.701336860656738], [-172.1651611328125, 115.83450317382812, 204.4503173828125, 39.14131546020508, 77.25943756103516, 57.55079650878906, 104.61662292480469, 47.31446838378906, 37.741477966308594, 64.22047424316406, 147.9868927001953, 53.61927795410156, 23.43604278564453], [-84.54271697998047, -145.14625549316406, 123.28229522705078, 94.89299011230469, -16.165637969970703, 10.93738079071045, 32.920135498046875, 27.317012786865234, -11.331399917602539, 33.30914306640625, 53.61927795410156, 142.0496826171875, 53.20623016357422], [-380.94183349609375, -45.00875473022461, 136.69467163085938, 130.25901794433594, 69.59254455566406, -88.0483169555664, -54.86880111694336, 2.4774932861328125, 7.79111909866333, 15.701336860656738, 23.43604278564453, 53.20623016357422, 148.87823486328125]], "lowlevel.gfcc.icov": [[0.00041421581408940256, -0.00027069359202869236, 0.00037660880479961634, -0.00040633350727148354, 0.0003160708583891392, -0.0003248367866035551, -0.0003217048943042755, 0.00044966998393647373, -0.0005782261141575873, 0.00015331564645748585, 0.0005038619856350124, -0.0005538624827750027, 0.0006545737851411104], [-0.00027069359202869236, 0.006184300873428583, -0.0021359522361308336, 0.004429739899933338, -0.0034112161956727505, 0.0013279981212690473, -0.002363618928939104, 0.0010801885509863496, -0.004161140415817499, 0.0053438046015799046, -0.003739217296242714, 0.00502864271402359, -0.0008010614546947181], [0.00037660880479961634, -0.0021359522361308336, 0.0016838049050420523, -0.002275169128552079, 0.0013353409012779593, -0.0006071097450330853, 0.00017882826796267182, -0.000135796595714055, 0.0011080295080319047, -0.0016817381838336587, 0.0008405100670643151, -0.0017191226361319423, 0.0004488899721764028], [-0.00040633350727148354, 0.004429739899933338, -0.002275169128552079, 0.005329445004463196, -0.0028003358747810125, 0.0012344039278104901, -0.001352796913124621, 0.00026697045541368425, -0.0027123771142214537, 0.0021720321383327246, -0.0014208655338734388, 0.0029826187528669834, -0.0016678125830367208], [0.0003160708583891392, -0.0034112161956727505, 0.0013353409012779593, -0.0028003358747810125, 0.004249724093824625, -0.0010266429744660854, 0.00010471257701283321, -0.0006990266847424209, 0.000901437655556947, -0.0014736403245478868, 0.0014358540065586567, -0.0016345010371878743, -0.0010755849070847034], [-0.0003248367866035551, 0.0013279981212690473, -0.0006071097450330853, 0.0012344039278104901, -0.0010266429744660854, 0.005079088266938925, -0.0036433811765164137, -8.344134403159842e-05, 0.0008750148117542267, -0.0016034308355301619, 0.00012617478205356747, 0.001307014492340386, 0.0008264135103672743], [-0.0003217048943042755, -0.002363618928939104, 0.00017882826796267182, -0.001352796913124621, 0.00010471257701283321, -0.0036433811765164137, 0.00753919268026948, -0.002301756525412202, 0.0007923567318357527, 0.0004844098584726453, -0.00118987204041332, -0.0029354412108659744, 0.001238686265423894], [0.00044966998393647373, 0.0010801885509863496, -0.000135796595714055, 0.00026697045541368425, -0.0006990266847424209, -8.344134403159842e-05, -0.002301756525412202, 0.007464534603059292, -0.003914278000593185, 0.00011018527584383264, 0.00041879809577949345, -0.0005314029986038804, 0.0009903472382575274], [-0.0005782261141575873, -0.004161140415817499, 0.0011080295080319047, -0.0027123771142214537, 0.000901437655556947, 0.0008750148117542267, 0.0007923567318357527, -0.003914278000593185, 0.010836976580321789, -0.007182223256677389, 0.0025885088834911585, -0.0013170281890779734, -0.0006748931482434273], [0.00015331564645748585, 0.0053438046015799046, -0.0016817381838336587, 0.0021720321383327246, -0.0014736403245478868, -0.0016034308355301619, 0.0004844098584726453, 0.00011018527584383264, -0.007182223256677389, 0.014784094877541065, -0.007312791887670755, 0.0040727416053414345, 8.111572242341936e-05], [0.0005038619856350124, -0.003739217296242714, 0.0008405100670643151, -0.0014208655338734388, 0.0014358540065586567, 0.00012617478205356747, -0.00118987204041332, 0.00041879809577949345, 0.0025885088834911585, -0.007312791887670755, 0.014217780902981758, -0.0065154824405908585, 0.0003143586218357086], [-0.0005538624827750027, 0.00502864271402359, -0.0017191226361319423, 0.0029826187528669834, -0.0016345010371878743, 0.001307014492340386, -0.0029354412108659744, -0.0005314029986038804, -0.0013170281890779734, 0.0040727416053414345, -0.0065154824405908585, 0.015202892944216728, -0.005232265684753656], [0.0006545737851411104, -0.0008010614546947181, 0.0004488899721764028, -0.0016678125830367208, -0.0010755849070847034, 0.0008264135103672743, 0.001238686265423894, 0.0009903472382575274, -0.0006748931482434273, 8.111572242341936e-05, 0.0003143586218357086, -0.005232265684753656, 0.01247544027864933]], "lowlevel.mfcc.cov": [[6520.3984375, 246.03240966796875, -1555.8768310546875, -837.5912475585938, -589.393798828125, 459.1650695800781, -76.66719818115234, 612.2874145507812, 132.56045532226562, 299.80133056640625, 162.87890625, 59.48592758178711, 61.9992561340332], [246.03240966796875, 2419.98828125, -308.9654235839844, -330.6939697265625, 263.7992248535156, 171.38316345214844, 407.5296936035156, 538.57568359375, 237.44142150878906, 206.2074432373047, 242.015380859375, 80.02827453613281, 53.91960144042969], [-1555.8768310546875, -308.9654235839844, 1936.319580078125, 673.4367065429688, 205.77330017089844, 223.8589324951172, 241.60084533691406, 27.14900016784668, 131.999755859375, 81.30331420898438, 130.66090393066406, 195.3878173828125, 142.65199279785156], [-837.5912475585938, -330.6939697265625, 673.4367065429688, 946.8400268554688, 403.8223876953125, 67.8966064453125, 38.90101623535156, 0.37462204694747925, 212.15582275390625, 71.33415985107422, -37.17707061767578, 153.49008178710938, 112.42407989501953], [-589.393798828125, 263.7992248535156, 205.77330017089844, 403.8223876953125, 482.7907409667969, 96.88288879394531, 110.22621154785156, 66.01840209960938, 196.46214294433594, 120.82286834716797, 44.19524002075195, 80.63020324707031, 66.22782135009766], [459.1650695800781, 171.38316345214844, 223.8589324951172, 67.8966064453125, 96.88288879394531, 415.2996826171875, 264.204833984375, 226.99118041992188, 145.37258911132812, 161.13888549804688, 155.19667053222656, 92.7293701171875, 36.94105529785156], [-76.66719818115234, 407.5296936035156, 241.60084533691406, 38.90101623535156, 110.22621154785156, 264.204833984375, 460.4247741699219, 287.59637451171875, 130.48422241210938, 119.7068099975586, 179.37191772460938, 90.9722900390625, 48.815826416015625], [612.2874145507812, 538.57568359375, 27.14900016784668, 0.37462204694747925, 66.01840209960938, 226.99118041992188, 287.59637451171875, 470.810791015625, 202.0251007080078, 165.06983947753906, 166.61865234375, 100.73831939697266, 82.58929443359375], [132.56045532226562, 237.44142150878906, 131.999755859375, 212.15582275390625, 196.46214294433594, 145.37258911132812, 130.48422241210938, 202.0251007080078, 293.6716003417969, 191.67498779296875, 101.26580810546875, 112.06507110595703, 86.14842224121094], [299.80133056640625, 206.2074432373047, 81.30331420898438, 71.33415985107422, 120.82286834716797, 161.13888549804688, 119.7068099975586, 165.06983947753906, 191.67498779296875, 264.3104553222656, 171.3485565185547, 96.97893524169922, 54.093048095703125], [162.87890625, 242.015380859375, 130.66090393066406, -37.17707061767578, 44.19524002075195, 155.19667053222656, 179.37191772460938, 166.61865234375, 101.26580810546875, 171.3485565185547, 269.4911804199219, 125.68074035644531, 63.417476654052734], [59.48592758178711, 80.02827453613281, 195.3878173828125, 153.49008178710938, 80.63020324707031, 92.7293701171875, 90.9722900390625, 100.73831939697266, 112.06507110595703, 96.97893524169922, 125.68074035644531, 208.37069702148438, 111.67742156982422], [61.9992561340332, 53.91960144042969, 142.65199279785156, 112.42407989501953, 66.22782135009766, 36.94105529785156, 48.815826416015625, 82.58929443359375, 86.14842224121094, 54.093048095703125, 63.417476654052734, 111.67742156982422, 139.67189025878906]], "lowlevel.mfcc.icov": [[0.0003983448550570756, 4.445418016985059e-05, 0.0003186061221640557, 3.9699734770692885e-05, 0.0005005348357371986, -0.0007008506800048053, 0.0005150946089997888, -0.0005253406707197428, 9.78409661911428e-05, -0.00040778054972179234, 0.00023897673236206174, -0.00010369451047154143, -0.00040071900002658367], [4.445418016985059e-05, 0.000803411821834743, 2.942023093055468e-05, 0.000668986001983285, -0.0008217372233048081, 0.0003305434074718505, -0.00018388673197478056, -0.0008735560113564134, -0.00010314349492546171, 5.4620340961264446e-05, 1.1837572856165934e-05, -0.0002744979865383357, 0.00024118684814311564], [0.0003186061221640557, 2.942023093055468e-05, 0.0011154689127579331, -0.0007176943472586572, 0.000769829552154988, -0.0008553743246011436, -2.6023139071185142e-05, 2.1921030565863475e-05, 0.00017858126375358552, -0.00016358769789803773, -0.00028452390688471496, 5.3992316679796204e-05, -0.0008178072748705745], [3.9699734770692885e-05, 0.000668986001983285, -0.0007176943472586572, 0.0033391942270100117, -0.0023667237255722284, 0.00032249229843728244, 0.00017416146874893457, -0.00061232183361426, -0.0009614533628337085, 0.00014162619481794536, 0.001683595241047442, -0.0017978425603359938, 0.0003187239053659141], [0.0005005348357371986, -0.0008217372233048081, 0.000769829552154988, -0.0023667237255722284, 0.005787986796349287, -0.0013477887259796262, -8.91726158442907e-05, 0.001168822986073792, -0.0014787468826398253, -0.0010406188666820526, -6.468609353760257e-05, 0.0010661486303433776, -0.0013421657495200634], [-0.0007008506800048053, 0.0003305434074718505, -0.0008553743246011436, 0.00032249229843728244, -0.0013477887259796262, 0.006101630628108978, -0.00269270408898592, -0.00022222951520234346, -0.0003067190700676292, -0.0007600270328111947, -0.0003662666422314942, -0.0006328792660497129, 0.002051212824881077], [0.0005150946089997888, -0.00018388673197478056, -2.6023139071185142e-05, 0.00017416146874893457, -8.91726158442907e-05, -0.00269270408898592, 0.005953190848231316, -0.002704461570829153, 0.0002261048211948946, 0.0010466640815138817, -0.0016520441276952624, 6.591399142052978e-05, 0.00015429133782163262], [-0.0005253406707197428, -0.0008735560113564134, 2.1921030565863475e-05, -0.00061232183361426, 0.001168822986073792, -0.00022222951520234346, -0.002704461570829153, 0.0067269569262862206, -0.002729633590206504, 0.0005153718520887196, -0.0008451507892459631, 0.000981633667834103, -0.0014041587710380554], [9.78409661911428e-05, -0.00010314349492546171, 0.00017858126375358552, -0.0009614533628337085, -0.0014787468826398253, -0.0003067190700676292, 0.0002261048211948946, -0.002729633590206504, 0.011216596700251102, -0.006364642176777124, 0.002575594000518322, -0.0011989240301772952, -0.0017589618219062686], [-0.00040778054972179234, 5.4620340961264446e-05, -0.00016358769789803773, 0.00014162619481794536, -0.0010406188666820526, -0.0007600270328111947, 0.0010466640815138817, 0.0005153718520887196, -0.006364642176777124, 0.012522776611149311, -0.006428034510463476, 0.0007966640987433493, 0.0015942798927426338], [0.00023897673236206174, 1.1837572856165934e-05, -0.00028452390688471496, 0.001683595241047442, -6.468609353760257e-05, -0.0003662666422314942, -0.0016520441276952624, -0.0008451507892459631, 0.002575594000518322, -0.006428034510463476, 0.011139752343297005, -0.004599722567945719, -0.0004497967311181128], [-0.00010369451047154143, -0.0002744979865383357, 5.3992316679796204e-05, -0.0017978425603359938, 0.0010661486303433776, -0.0006328792660497129, 6.591399142052978e-05, 0.000981633667834103, -0.0011989240301772952, 0.0007966640987433493, -0.004599722567945719, 0.012159708887338638, -0.006600767839699984], [-0.00040071900002658367, 0.00024118684814311564, -0.0008178072748705745, 0.0003187239053659141, -0.0013421657495200634, 0.002051212824881077, 0.00015429133782163262, -0.0014041587710380554, -0.0017589618219062686, 0.0015942798927426338, -0.0004497967311181128, -0.006600767839699984, 0.014642850495874882]], "metadata.audio_properties.analysis.downmix": "mix", "metadata.audio_properties.codec": "mp3", "metadata.audio_properties.md5_encoded": "29ea25e004089e426dfdc604a1c9c30d", "metadata.tags.file_name": "1183681375283454032.mp3", "metadata.version.essentia": "2.1-beta6-dev", "metadata.version.essentia_git_sha": "v2.1_beta5-1110-g77a6a954", "metadata.version.extractor": "music 2.0", "tonal.chords_key": "A", "tonal.chords_scale": "minor", "tonal.key_edma.key": "A", "tonal.key_edma.scale": "minor", "tonal.key_krumhansl.key": "A", "tonal.key_krumhansl.scale": "minor", "tonal.key_temperley.key": "C", "tonal.key_temperley.scale": "major", "metadata.tags.encoding": ["Lavf58.45.100"]}, "essentia_models": [{"model_name": "genre_dortmund", "activations": {"alternative": "0.0061953925", "blues": "0.00037873304", "electronic": "0.039799683", "folkcountry": "0.0011512056", "funksoulrnb": "0.011970804", "jazz": "0.005