{"song_id": "1183695346744950875", "download": "https://cdn.discordapp.com/attachments/1135911532732108921/1183695346744950875/chirp.mp4?ex=65894532&amp", "lyrics": "Oh du fr\u00f6hliche komme oh du seelige,\nGnadenbrigende Weihnachtszeit\nWelt ging verloren\nChrist ist geboren\nFreue, freue dich, oh Christenheit.\n\nOh du fr\u00f6hliche oh du seelige\ngnadenbringende Weihnachtszeit\nChrist ist erschienen uns zu vers\u00fchnen\nFreue, freue dich oh Christenheit.", "style": ["country music"], "essentia_features": {"lowlevel.average_loudness": 0.8546563982963562, "lowlevel.barkbands_crest.mean": 14.642224311828613, "lowlevel.barkbands_crest.stdev": 4.040788650512695, "lowlevel.barkbands_flatness_db.mean": 0.35835325717926025, "lowlevel.barkbands_flatness_db.stdev": 0.11979220807552338, "lowlevel.barkbands_kurtosis.mean": 46.574588775634766, "lowlevel.barkbands_kurtosis.stdev": 64.89535522460938, "lowlevel.barkbands_skewness.mean": 3.7397940158843994, "lowlevel.barkbands_skewness.stdev": 2.9924395084381104, "lowlevel.barkbands_spread.mean": 4.733470916748047, "lowlevel.barkbands_spread.stdev": 6.14206075668335, "lowlevel.dissonance.mean": 0.4197702407836914, "lowlevel.dissonance.stdev": 0.06010765582323074, "lowlevel.dynamic_complexity": 3.136847972869873, "lowlevel.erbbands_crest.mean": 13.998546600341797, "lowlevel.erbbands_crest.stdev": 4.614487648010254, "lowlevel.erbbands_flatness_db.mean": 0.270010381937027, "lowlevel.erbbands_flatness_db.stdev": 0.0850406065583229, "lowlevel.erbbands_kurtosis.mean": 20.949947357177734, "lowlevel.erbbands_kurtosis.stdev": 30.904033660888672, "lowlevel.erbbands_skewness.mean": 2.751370429992676, "lowlevel.erbbands_skewness.stdev": 2.273958444595337, "lowlevel.erbbands_spread.mean": 25.922210693359375, "lowlevel.erbbands_spread.stdev": 31.159467697143555, "lowlevel.hfc.mean": 8.75501537322998, "lowlevel.hfc.stdev": 11.077502250671387, "lowlevel.loudness_ebu128.integrated": -21.132625579833984, "lowlevel.loudness_ebu128.loudness_range": 3.6223526000976562, "lowlevel.loudness_ebu128.momentary.mean": -21.711206436157227, "lowlevel.loudness_ebu128.momentary.stdev": 2.264754056930542, "lowlevel.loudness_ebu128.short_term.mean": -21.326431274414062, "lowlevel.loudness_ebu128.short_term.stdev": 1.1288814544677734, "lowlevel.melbands_crest.mean": 21.293563842773438, "lowlevel.melbands_crest.stdev": 5.177357196807861, "lowlevel.melbands_flatness_db.mean": 0.4690760374069214, "lowlevel.melbands_flatness_db.stdev": 0.13648098707199097, "lowlevel.melbands_kurtosis.mean": 81.18826293945312, "lowlevel.melbands_kurtosis.stdev": 130.42739868164062, "lowlevel.melbands_skewness.mean": 4.480079174041748, "lowlevel.melbands_skewness.stdev": 4.17030668258667, "lowlevel.melbands_spread.mean": 4.179120063781738, "lowlevel.melbands_spread.stdev": 6.192215442657471, "lowlevel.pitch_salience.mean": 0.4089699983596802, "lowlevel.pitch_salience.stdev": 0.11957354843616486, "lowlevel.silence_rate_20dB.mean": 1.0, "lowlevel.silence_rate_20dB.stdev": 0.0, "lowlevel.silence_rate_30dB.mean": 0.9805825352668762, "lowlevel.silence_rate_30dB.stdev": 0.13798709213733673, "lowlevel.silence_rate_60dB.mean": 0.006472492124885321, "lowlevel.silence_rate_60dB.stdev": 0.08019126206636429, "lowlevel.spectral_centroid.mean": 380.29998779296875, "lowlevel.spectral_centroid.stdev": 326.9329528808594, "lowlevel.spectral_complexity.mean": 6.606472492218018, "lowlevel.spectral_complexity.stdev": 5.82698392868042, "lowlevel.spectral_decrease.mean": -8.284248842471698e-09, "lowlevel.spectral_decrease.stdev": 7.077200603333722e-09, "lowlevel.spectral_energy.mean": 0.03206075355410576, "lowlevel.spectral_energy.stdev": 0.02746429108083248, "lowlevel.spectral_energyband_high.mean": 8.222879114327952e-05, "lowlevel.spectral_energyband_high.stdev": 0.00021871167700737715, "lowlevel.spectral_energyband_low.mean": 0.018293874338269234, "lowlevel.spectral_energyband_low.stdev": 0.01971406675875187, "lowlevel.spectral_energyband_middle_high.mean": 0.001443052082322538, "lowlevel.spectral_energyband_middle_high.stdev": 0.004869707394391298, "lowlevel.spectral_energyband_middle_low.mean": 0.01684853434562683, "lowlevel.spectral_energyband_middle_low.stdev": 0.01789584383368492, "lowlevel.spectral_entropy.mean": 5.793693542480469, "lowlevel.spectral_entropy.stdev": 1.0850220918655396, "lowlevel.spectral_flux.mean": 0.06396093219518661, "lowlevel.spectral_flux.stdev": 0.045903246849775314, "lowlevel.spectral_kurtosis.mean": 29.642688751220703, "lowlevel.spectral_kurtosis.stdev": 42.38151550292969, "lowlevel.spectral_rms.mean": 0.005181982181966305, "lowlevel.spectral_rms.stdev": 0.002103768289089203, "lowlevel.spectral_rolloff.mean": 318.8868103027344, "lowlevel.spectral_rolloff.stdev": 315.6018371582031, "lowlevel.spectral_skewness.mean": 3.7373175621032715, "lowlevel.spectral_skewness.stdev": 2.706505537033081, "lowlevel.spectral_spread.mean": 3602614.0, "lowlevel.spectral_spread.stdev": 2727322.75, "lowlevel.spectral_strongpeak.mean": 0.7220022082328796, "lowlevel.spectral_strongpeak.stdev": 0.7068517208099365, "lowlevel.zerocrossingrate.mean": 0.017666300758719444, "lowlevel.zerocrossingrate.stdev": 0.01674862951040268, "metadata.audio_properties.analysis.equal_loudness": 0.0, "metadata.audio_properties.analysis.length": 35.838958740234375, "metadata.audio_properties.analysis.sample_rate": 44100.0, "metadata.audio_properties.analysis.start_time": 0.0, "metadata.audio_properties.bit_rate": 118759.0, "metadata.audio_properties.length": 35.84000015258789, "metadata.audio_properties.lossless": 0.0, "metadata.audio_properties.number_channels": 1.0, "metadata.audio_properties.replay_gain": -6.059659957885742, "metadata.audio_properties.sample_rate": 48000.0, "rhythm.beats_count": 61.0, "rhythm.beats_loudness.mean": 0.05388938635587692, "rhythm.beats_loudness.stdev": 0.027589110657572746, "rhythm.bpm": 103.96451568603516, "rhythm.bpm_histogram_first_peak_bpm": 103.0, "rhythm.bpm_histogram_first_peak_weight": 0.47368425130844116, "rhythm.bpm_histogram_second_peak_bpm": 108.0, "rhythm.bpm_histogram_second_peak_spread": 0.3636363744735718, "rhythm.bpm_histogram_second_peak_weight": 0.11666666716337204, "rhythm.danceability": 1.3078669309616089, "rhythm.onset_rate": 3.7934141159057617, "tonal.chords_changes_rate": 0.015523932874202728, "tonal.chords_number_rate": 0.005174644291400909, "tonal.chords_strength.mean": 0.6335749626159668, "tonal.chords_strength.stdev": 0.09631400555372238, "tonal.hpcp_crest.mean": 12.014750480651855, "tonal.hpcp_crest.stdev": 4.613293170928955, "tonal.hpcp_entropy.mean": 2.1724345684051514, "tonal.hpcp_entropy.stdev": 0.6522749662399292, "tonal.key_edma.strength": 0.7122052311897278, "tonal.key_krumhansl.strength": 0.694090723991394, "tonal.key_temperley.strength": 0.7003098726272583, "tonal.tuning_diatonic_strength": 0.5737383961677551, "tonal.tuning_equal_tempered_deviation": 0.07693932205438614, "tonal.tuning_frequency": 438.98455810546875, "tonal.tuning_nontempered_energy_ratio": 0.6897909641265869, "lowlevel.barkbands.mean": [2.511980346753262e-05, 0.0020128735341131687, 0.011695176362991333, 0.00877367053180933, 0.0038450544234365225, 0.0010552476160228252, 0.0012061315355822444, 0.001264310791157186, 0.0006259430083446205, 0.00025250151520594954, 0.0002545670431572944, 0.00018734182231128216, 0.000288865267066285, 0.00011979482223978266, 6.396724347723648e-05, 2.9262397220009007e-05, 4.229511978337541e-05, 0.00010455301526235417, 6.937824218766764e-05, 8.701565093360841e-05, 5.09190931552439e-06, 8.43592260935111e-06, 1.0703792213462293e-05, 1.2455383512133267e-05, 1.190265902550891e-05, 8.680606697453186e-06, 4.72968764597681e-07], "lowlevel.barkbands.stdev": [0.00012583259376697242, 0.0030352785252034664, 0.016524799168109894, 0.01112997904419899, 0.004793789703398943, 0.0028102630749344826, 0.004893277771770954, 0.004194281995296478, 0.0029046102426946163, 0.0012393053621053696, 0.0017911827890202403, 0.001309337094426155, 0.0015527998330071568, 0.0004476499161683023, 0.00037780479760840535, 0.00012349679309409112, 0.00021594377176370472, 0.00030721479561179876, 0.00022141769295558333, 0.0002353635645704344, 1.6169804439414293e-05, 4.686184547608718e-05, 4.50283769168891e-05, 3.994576400145888e-05, 4.0410584915662184e-05, 3.137053863611072e-05, 1.9945771327911643e-06], "lowlevel.erbbands.mean": [0.015619619749486446, 0.8515927791595459, 11.813631057739258, 21.8541259765625, 19.948078155517578, 13.287260055541992, 7.124864101409912, 9.678945541381836, 15.910820960998535, 25.16274070739746, 21.735084533691406, 15.914852142333984, 8.870594024658203, 7.703737258911133, 11.874044418334961, 7.476094722747803, 11.740180969238281, 9.25761890411377, 3.902618408203125, 2.4252777099609375, 1.596706509590149, 2.8140335083007812, 6.122335910797119, 2.780966281890869, 4.9038825035095215, 3.9326586723327637, 0.6221778988838196, 0.16694709658622742, 0.2592591941356659, 0.378314346075058, 0.29041045904159546, 0.29823604226112366, 0.18043161928653717, 0.14482136070728302, 0.07527750730514526, 0.038088876754045486, 0.017095312476158142, 0.002502457471564412, 7.138313230825588e-05, 3.7246991269057617e-05], "lowlevel.erbbands.stdev": [0.02040800265967846, 1.2864677906036377, 17.14307403564453, 21.828880310058594, 23.117387771606445, 17.186031341552734, 14.708098411560059, 28.369997024536133, 72.63932800292969, 73.8244857788086, 74.29428100585938, 76.65936279296875, 38.75715255737305, 31.4773006439209, 106.16710662841797, 38.83644485473633, 61.230255126953125, 37.34796905517578, 17.35430145263672, 14.271849632263184, 6.447668075561523, 11.509071350097656, 18.444347381591797, 8.683340072631836, 14.458671569824219, 10.942808151245117, 1.656674861907959, 0.6369879841804504, 1.298100233078003, 1.973344326019287, 1.2454063892364502, 1.0129892826080322, 0.593654453754425, 0.4937669634819031, 0.26749444007873535, 0.13900619745254517, 0.0631631538271904, 0.008960647508502007, 0.00020399971981532872, 3.1558309274259955e-05], "lowlevel.gfcc.mean": [-150.91729736328125, 140.9974365234375, -38.88903045654297, 47.87239456176758, -38.456485748291016, -0.28722354769706726, -41.9569206237793, 0.07199510931968689, -33.71001052856445, -14.40169906616211, -9.47262954711914, -23.952762603759766, -19.072856903076172], "lowlevel.melbands.mean": [0.0003050103841815144, 0.0042994762770831585, 0.003811695845797658, 0.0011910035973414779, 0.00027472860529087484, 0.00021766485588159412, 0.0002442958939354867, 0.00029156135860830545, 0.0001620554830878973, 9.320013487013057e-05, 4.2057356040459126e-05, 3.0373314075404778e-05, 3.834087328868918e-05, 2.3551465346827172e-05, 2.2076912500779144e-05, 2.793530802591704e-05, 1.5322424587793648e-05, 6.0211705203983e-06, 4.57670830655843e-06, 2.1954206204100046e-06, 1.7364051245749579e-06, 2.0653435512940632e-06, 6.206997113622492e-06, 4.221224571665516e-06, 1.891731699288357e-06, 2.9916750463598873e-06, 4.343871751188999e-06, 2.1428215859486954e-06, 4.364899837128178e-07, 1.052054088290788e-07, 7.961766357311717e-08, 1.2788413528141973e-07, 2.0020573288093146e-07, 2.0967621594536467e-07, 1.5757981941533217e-07, 1.7514837225007795e-07, 1.8957517511353217e-07, 1.238170597162025e-07, 1.2890141931620747e-07, 1.1711254188639941e-07], "lowlevel.melbands.stdev": [0.00043339625699445605, 0.005878189578652382, 0.003724069567397237, 0.0013645781436935067, 0.0005035169888287783, 0.0006255012121982872, 0.001048663049004972, 0.0008503109565936029, 0.0005763206863775849, 0.00046119961189106107, 0.0001945765980053693, 0.00013010500697419047, 0.00029945780988782644, 0.00019230680481996387, 0.00012297931243665516, 0.00013784956536255777, 6.136094452813268e-05, 2.6658639399101958e-05, 2.927788045781199e-05, 1.0104714419867378e-05, 7.774645382596646e-06, 9.79540345724672e-06, 2.1012767319916748e-05, 1.3704123375646304e-05, 6.32148521617637e-06, 9.602552381693386e-06, 1.2451001566660125e-05, 6.2969511418486945e-06, 1.3391191941991565e-06, 3.778785071517632e-07, 3.508954762310168e-07, 6.126724656496663e-07, 1.1829152981590596e-06, 1.0033145372290164e-06, 6.921603130649601e-07, 6.591583883164276e-07, 6.569820811819227e-07, 4.1145719364976685e-07, 4.47409604475979e-07, 4.0665307210474566e-07], "lowlevel.melbands128.mean": [1.2985290595679544e-05, 3.952873885282315e-05, 0.000119333308248315, 0.0013570967130362988, 0.005732655990868807, 0.0052040982991456985, 0.004496926441788673, 0.004279297310858965, 0.0014409407740458846, 0.0013692185748368502, 0.0006398981786333025, 0.00024476091493852437, 0.00024478076375089586, 0.0001770706003298983, 0.00019743613665923476, 0.0002567963383626193, 0.00025984799140132964, 0.00024078806745819747, 0.00021628945250995457, 0.0002831923484336585, 0.0003704583796206862, 0.00023009165306575596, 0.00011510762851685286, 0.00010916403698502108, 0.00011954236106248572, 8.38391570141539e-05, 4.039636769448407e-05, 4.0694565541343763e-05, 4.065276880282909e-05, 2.9444991014315747e-05, 2.728453546296805e-05, 2.86955400952138e-05, 3.888246646965854e-05, 5.0573278713272884e-05, 2.7068486815551296e-05, 1.56959085870767e-05, 1.547588180983439e-05, 2.2049231120035984e-05, 2.6594585506245494e-05, 2.4227443645941094e-05, 3.2114836358232424e-05, 2.867139846784994e-05, 1.4847624697722495e-05, 9.809451512410305e-06, 5.5822220019763336e-06, 5.6495396165701095e-06, 5.874849193787668e-06, 5.262039394438034e-06, 3.985283456131583e-06, 2.3195964331534924e-06, 1.937594561240985e-06, 2.1104694951645797e-06, 1.761362454999471e-06, 1.6216218909903546e-06, 1.390456191074918e-06, 1.7458531829106505e-06, 2.5876267955027288e-06, 5.32682270204532e-06, 8.582792361266911e-06, 6.34236403129762e-06, 3.9538999772048555e-06, 2.795781938402797e-06, 1.620936473045731e-06, 1.6607621091679903e-06, 2.041300604105345e-06, 3.004593054356519e-06, 3.3688804705889197e-06, 4.302159595681587e-06, 5.045685156801483e-06, 3.969817953475285e-06, 2.115273218805669e-06, 1.3047559832557454e-06, 6.943567427697417e-07, 2.733410724431451e-07, 1.281194812463582e-07, 9.870553441260199e-08, 1.065636681119031e-07, 7.786923816865965e-08, 7.333729712399872e-08, 7.73505703932642e-08, 1.1195172788802665e-07, 1.5185862878297485e-07, 1.6275700431833684e-07, 1.940870220096258e-07, 2.451714919970982e-07, 2.3722815001292474e-07, 1.9186012423233478e-07, 1.682678174574903e-07, 1.4057545172363461e-07, 1.6334260521944088e-07, 1.756627341364947e-07, 1.729912639802933e-07, 1.8170662485772482e-07, 2.063405020180653e-07, 1.8910245103143097e-07, 1.4443769202898693e-07, 9.911155984809739e-08, 1.051566584919783e-07, 1.278597920872926e-07, 1.4025550854057656e-07, 1.4753210564322217e-07, 1.101556463822817e-07, 8.899707637510801e-08, 7.670890767030869e-08, 8.849445265468603e-08, 8.831105446915899e-08, 7.360796416833182e-08, 6.610941483131683e-08, 6.755834647265146e-08, 5.449025053394507e-08, 6.416998132863228e-08, 7.01483813259074e-08, 5.452730889032864e-08, 4.9449418781932764e-08, 3.364524658877599e-08, 2.4444416268920577e-08, 1.813905825542861e-08, 3.0607216761069367e-09, 2.6773876518615403e-11, 4.0664407605084385e-12, 3.961169933730524e-12, 3.88924222688436e-12, 3.82038671531415e-12, 3.7495384401509124e-12, 3.5921005753225543e-12, 3.3441543804968443e-12, 3.208026943049558e-12, 3.175563761600997e-12], "lowlevel.melbands128.stdev": [6.296585343079641e-05, 0.00010081197251565754, 0.0002428650186629966, 0.002136293798685074, 0.009171804413199425, 0.006881582085043192, 0.004815318621695042, 0.005637591239064932, 0.0018690242432057858, 0.0018604621291160583, 0.000885260640643537, 0.000632519309874624, 0.000615813652984798, 0.0005781470099464059, 0.000687038991600275, 0.0010908459080383182, 0.0013184135314077139, 0.0016544000245630741, 0.0009308074368163943, 0.0010775651317089796, 0.0014073923230171204, 0.0009579407633282244, 0.0007439048495143652, 0.0007068297127261758, 0.0007522827363573015, 0.0005358519847504795, 0.00022167184215504676, 0.0002530245983507484, 0.00031248852610588074, 0.00014880254457239062, 0.00014879433729220182, 0.00015976637951098382, 0.0003661627706605941, 0.0006971416878513992, 0.0003056988643947989, 0.00012586708180606365, 0.00010862766794161871, 0.00014242441102396697, 0.00019790975784417242, 0.00019297613471280783, 0.00018019152048509568, 0.00016736758698243648, 7.406482473015785e-05, 4.404000719659962e-05, 2.0344012227724306e-05, 3.583801299100742e-05, 4.2785057303262874e-05, 4.001901106676087e-05, 3.840082717943005e-05, 1.3883583051210735e-05, 9.145144758804236e-06, 1.1186176379851531e-05, 9.07442063180497e-06, 8.81507912708912e-06, 7.005222414591117e-06, 8.694104508322198e-06, 1.3090942957205698e-05, 2.7589012461248785e-05, 2.973611481138505e-05, 2.1416690287878737e-05, 1.526934647699818e-05, 1.193083699035924e-05, 5.8086911849386524e-06, 6.091947398090269e-06, 7.858297067286912e-06, 1.0612154255795758e-05, 1.1784632988565136e-05, 1.4001043382450007e-05, 1.557267205498647e-05, 1.2264035831321962e-05, 6.926558853592724e-06, 5.673325631505577e-06, 2.2706069557898445e-06, 9.603759281162638e-07, 4.731602984975325e-07, 3.671850663522491e-07, 4.916603302262956e-07, 4.025101532079134e-07, 3.1694486324340687e-07, 3.9299607124121394e-07, 4.866008112003328e-07, 8.395584814024915e-07, 9.050195330928545e-07, 1.198282120640215e-06, 1.6009313412723714e-06, 1.4859461998639745e-06, 7.882728141339612e-07, 6.697139838252042e-07, 6.829361609561602e-07, 8.580258281654096e-07, 8.314270303344529e-07, 5.954987045697635e-07, 5.808220180369972e-07, 8.065909469223698e-07, 7.352354032263975e-07, 5.134153298058663e-07, 3.457458319644502e-07, 4.975032084075792e-07, 4.4514555952446244e-07, 5.150888000571285e-07, 6.02212310241157e-07, 3.8620365216957e-07, 3.318185122225259e-07, 2.846608708750864e-07, 3.439209308453428e-07, 4.0094292330650205e-07, 3.0366700798367674e-07, 2.9955518243696133e-07, 2.484749757059035e-07, 2.1747273137862067e-07, 2.809476598031324e-07, 3.059214463974058e-07, 1.9761236558224482e-07, 1.874206816410151e-07, 1.3552025279750524e-07, 1.048663520464288e-07, 7.182043049169806e-08, 1.9604112111437644e-08, 6.13701867102634e-10, 6.083260197659035e-12, 5.9375260784422235e-12, 5.809127484601717e-12, 5.6993754334044855e-12, 5.609043611520814e-12, 5.53202796071961e-12, 5.4632466085779985e-12, 5.415412909770545e-12, 5.3867296907761375e-12], "lowlevel.mfcc.mean": [-822.5874633789062, 174.28387451171875, 58.29774475097656, 50.71415328979492, 32.23390197753906, -0.8235744833946228, 14.13805866241455, 1.0661512613296509, -17.126882553100586, 8.256858825683594, -7.864383697509766, -4.303633213043213, -5.731173992156982], "lowlevel.spectral_contrast_coeffs.mean": [-0.5936060547828674, -0.7401108741760254, -0.8234254717826843, -0.8263285756111145, -0.8050158619880676, -0.828787088394165], "lowlevel.spectral_contrast_coeffs.stdev": [0.0630774199962616, 0.10497889667749405, 0.07469526678323746, 0.06898178905248642, 0.07561947405338287, 0.03653758764266968], "lowlevel.spectral_contrast_valleys.mean": [-6.861749172210693, -8.096449851989746, -9.262713432312012, -9.712536811828613, -9.579787254333496, -12.185967445373535], "lowlevel.spectral_contrast_valleys.stdev": [0.6822820901870728, 1.2248133420944214, 1.340149164199829, 1.3031485080718994, 1.403182029724121, 1.1433167457580566], "rhythm.beats_loudness_band_ratio.mean": [0.642955482006073, 0.21325592696666718, 0.1243743821978569, 0.04428909718990326, 0.009586246684193611, 0.005227855406701565], "rhythm.beats_loudness_band_ratio.stdev": [0.20523393154144287, 0.13999809324741364, 0.16602328419685364, 0.09974977374076843, 0.025227118283510208, 0.00947943702340126], "tonal.hpcp.mean": [0.6764687299728394, 0.3984622061252594, 0.040236786007881165, 0.013251605443656445, 0.015952682122588158, 0.018949510529637337, 0.01938146911561489, 0.017331907525658607, 0.015130745247006416, 0.015341400168836117, 0.02237693965435028, 0.047032903879880905, 0.07566917687654495, 0.06647855788469315, 0.08480685949325562, 0.17280712723731995, 0.12940320372581482, 0.030759885907173157, 0.03006766550242901, 0.04890340194106102, 0.23873299360275269, 0.358145147562027, 0.17023798823356628, 0.030186431482434273, 0.021242674440145493, 0.022661147639155388, 0.032418061047792435, 0.034697577357292175, 0.028011517599225044, 0.024472663179039955, 0.017814256250858307, 0.015056313946843147, 0.01998601108789444, 0.020746339112520218, 0.03547651320695877, 0.3381299078464508], "tonal.hpcp.stdev": [0.3489055335521698, 0.2579859793186188, 0.10974238067865372, 0.06408841162919998, 0.07746599614620209, 0.08592088520526886, 0.0923137217760086, 0.09088578075170517, 0.08507753908634186, 0.0678979828953743, 0.09383277595043182, 0.13030192255973816, 0.18020223081111908, 0.16424185037612915, 0.18663854897022247, 0.34330591559410095, 0.27149584889411926, 0.11979806423187256, 0.12784218788146973, 0.15112248063087463, 0.3055652379989624, 0.4107167422771454, 0.23779261112213135, 0.10723795741796494, 0.08827340602874756, 0.09377755224704742, 0.10503852367401123, 0.11254720389842987, 0.09669256955385208, 0.10674696415662766, 0.07908083498477936, 0.06433989107608795, 0.0953582301735878, 0.09602665901184082, 0.12488212436437607, 0.2784748375415802], "rhythm.beats_position": [0.650158703327179, 1.3119274377822876, 1.9736961126327515, 2.635464906692505, 3.2624034881591797, 3.877732276916504, 4.481451034545898, 5.085169792175293, 5.677278995513916, 6.269387722015381, 6.849886417388916, 7.430385589599609, 8.022494316101074, 8.614603042602539, 9.218321800231934, 9.822040557861328, 10.402539253234863, 10.983037948608398, 11.56353759765625, 12.132426261901855, 12.71292495727539, 13.281813621520996, 13.862312316894531, 14.442811965942383, 15.011700630187988, 15.580589294433594, 16.149478912353516, 16.718366622924805, 17.298866271972656, 17.867753982543945, 18.436643600463867, 19.01714324951172, 19.597640991210938, 20.17814064025879, 20.758638381958008, 21.33913803100586, 21.91963768005371, 22.50013542175293, 23.08063507080078, 23.6611328125, 24.24163246154785, 24.82213020324707, 25.379409790039062, 25.936689376831055, 26.493967056274414, 27.051246643066406, 27.620136260986328, 28.189023971557617, 28.74630355834961, 29.3035831451416, 29.86086082458496, 30.406530380249023, 30.952198028564453, 31.474647521972656, 32.008705139160156, 32.53115463256836, 33.05360412597656, 33.576053619384766, 34.086891174316406, 34.59773254394531, 35.13179016113281], "rhythm.bpm_histogram": [0.0, 0.0, 0.0, 0.0, 0.0, 0.0, 0.0, 0.0, 0.0, 0.0, 0.0, 0.0, 0.0, 0.0, 0.0, 0.0, 0.0, 0.0, 0.0, 0.0, 0.0, 0.0, 0.0, 0.0, 0.0, 0.0, 0.0, 0.0, 0.0, 0.0, 0.0, 0.0, 0.0, 0.0, 0.0, 0.0, 0.0, 0.0, 0.0, 0.0, 0.0, 0.0, 0.0, 0.0, 0.0, 0.0, 0.0, 0.0, 0.0, 0.0, 0.0, 0.0, 0.0, 0.0, 0.0, 0.0, 0.0, 0.0, 0.0, 0.0, 0.0, 0.0, 0.0, 0.0, 0.0, 0.0, 0.0, 0.0, 0.0, 0.0, 0.0, 0.0, 0.0, 0.0, 0.0, 0.0, 0.0, 0.0, 0.0, 0.0, 0.0, 0.0, 0.0, 0.0, 0.0, 0.0, 0.0, 0.0, 0.0, 0.0, 0.0, 0.05000000074505806, 0.0, 0.0, 0.0, 0.0, 0.01666666753590107, 0.0, 0.01666666753590107, 0.06666667014360428, 0.0, 0.06666667014360428, 0.0, 0.3333333432674408, 0.0, 0.1666666716337204, 0.0, 0.0, 0.11666666716337204, 0.0, 0.03333333507180214, 0.0, 0.03333333507180214, 0.0, 0.0, 0.06666667014360428, 0.0, 0.03333333507180214, 0.0, 0.0, 0.0, 0.0, 0.0, 0.0, 0.0, 0.0, 0.0, 0.0, 0.0, 0.0, 0.0, 0.0, 0.0, 0.0, 0.0, 0.0, 0.0, 0.0, 0.0, 0.0, 0.0, 0.0, 0.0, 0.0, 0.0, 0.0, 0.0, 0.0, 0.0, 0.0, 0.0, 0.0, 0.0, 0.0, 0.0, 0.0, 0.0, 0.0, 0.0, 0.0, 0.0, 0.0, 0.0, 0.0, 0.0, 0.0, 0.0, 0.0, 0.0, 0.0, 0.0, 0.0, 0.0, 0.0, 0.0, 0.0, 0.0, 0.0, 0.0, 0.0, 0.0, 0.0, 0.0, 0.0, 0.0, 0.0, 0.0, 0.0, 0.0, 0.0, 0.0, 0.0, 0.0, 0.0, 0.0, 0.0, 0.0, 0.0, 0.0, 0.0, 0.0, 0.0, 0.0, 0.0, 0.0, 0.0, 0.0, 0.0, 0.0, 0.0, 0.0, 0.0, 0.0, 0.0, 0.0, 0.0, 0.0, 0.0, 0.0, 0.0, 0.0, 0.0, 0.0, 0.0, 0.0, 0.0, 0.0, 0.0, 0.0, 0.0, 0.0, 0.0, 0.0, 0.0, 0.0, 0.0, 0.0, 0.0, 0.0, 0.0, 0.0, 0.0, 0.0, 0.0, 0.0, 0.0, 0.0, 0.0, 0.0, 0.0], "tonal.chords_histogram": [72.44502258300781, 0.0, 0.0, 0.0, 0.0, 0.0, 0.0, 0.0, 0.0, 0.0, 0.0, 0.0, 0.0, 0.0, 0.0, 2.587322235107422, 0.0, 6.72703742980957, 0.0, 0.0, 0.0, 0.0, 18.24062156677246, 0.0], "tonal.thpcp": [1.0, 0.5890327095985413, 0.05948062986135483, 0.019589383155107498, 0.02358229085803032, 0.02801239676773548, 0.02865094691514969, 0.02562115155160427, 0.02236725017428398, 0.02267865464091301, 0.03307904675602913, 0.06952708959579468, 0.11185909062623978, 0.09827291965484619, 0.12536700069904327, 0.2554547190666199, 0.19129221141338348, 0.04547126218676567, 0.04444797709584236, 0.07229218631982803, 0.3529106080532074, 0.5294334292411804, 0.2516568601131439, 0.044623542577028275, 0.03140230104327202, 0.033499181270599365, 0.04792248457670212, 0.051292210817337036, 0.04140844568610191, 0.03617708012461662, 0.026334190741181374, 0.02225722000002861, 0.029544619843363762, 0.030668584629893303, 0.05244368687272072, 0.49984559416770935], "lowlevel.gfcc.cov": [[11385.2587890625, -1409.7813720703125, -4388.99365234375, -694.4617309570312, -1025.93701171875, -406.80584716796875, -246.9830780029297, 1197.8465576171875, -308.1523742675781, 307.8600158691406, 435.2918701171875, -231.91896057128906, -485.4931945800781], [-1409.7813720703125, 2272.96337890625, -430.7441711425781, -649.53271484375, 25.8480281829834, -473.0386962890625, 326.9266662597656, -75.884765625, 155.00491333007812, -368.9117431640625, 484.3907470703125, -351.4583740234375, 180.3557586669922], [-4388.99365234375, -430.7441711425781, 2959.867431640625, 654.261962890625, 373.7734375, 377.8927307128906, -57.13093185424805, -677.0626831054688, 60.210548400878906, 73.4569091796875, -540.8432006835938, 382.5975036621094, 135.75421142578125], [-694.4617309570312, -649.53271484375, 654.261962890625, 659.4818115234375, 222.7513427734375, 53.1082878112793, -189.25051879882812, -42.4786376953125, 65.88589477539062, 97.47380828857422, -146.46185302734375, 113.33097076416016, 42.98141860961914], [-1025.93701171875, 25.8480281829834, 373.7734375, 222.7513427734375, 486.7624816894531, 98.63689422607422, -160.47390747070312, -110.43370819091797, 104.76022338867188, 24.07490348815918, -62.262569427490234, -8.158671379089355, 80.73229217529297], [-406.80584716796875, -473.0386962890625, 377.8927307128906, 53.1082878112793, 98.63689422607422, 502.7972717285156, 84.90807342529297, -152.46864318847656, -39.87977981567383, 64.65740203857422, -188.7003936767578, 65.14305114746094, -42.91278076171875], [-246.9830780029297, 326.9266662597656, -57.13093185424805, -189.25051879882812, -160.47390747070312, 84.90807342529297, 467.134765625, 60.44853973388672, -92.48474884033203, -118.58290100097656, 92.79867553710938, -27.376720428466797, -39.243648529052734], [1197.8465576171875, -75.884765625, -677.0626831054688, -42.4786376953125, -110.43370819091797, -152.46864318847656, 60.44853973388672, 395.58160400390625, 16.604833602905273, 12.014965057373047, 144.83639526367188, -53.54745864868164, -42.76265335083008], [-308.1523742675781, 155.00491333007812, 60.210548400878906, 65.88589477539062, 104.76022338867188, -39.87977981567383, -92.48474884033203, 16.604833602905273, 201.33804321289062, 48.02840805053711, 4.828134059906006, -43.749996185302734, 49.12306213378906], [307.8600158691406, -368.9117431640625, 73.4569091796875, 97.47380828857422, 24.07490348815918, 64.65740203857422, -118.58290100097656, 12.014965057373047, 48.02840805053711, 210.8743896484375, -70.70661163330078, 49.2343635559082, -44.94598388671875], [435.2918701171875, 484.3907470703125, -540.8432006835938, -146.46185302734375, -62.262569427490234, -188.7003936767578, 92.79867553710938, 144.83639526367188, 4.828134059906006, -70.70661163330078, 302.4864807128906, -125.36418151855469, -19.184677124023438], [-231.91896057128906, -351.4583740234375, 382.5975036621094, 113.33097076416016, -8.158671379089355, 65.14305114746094, -27.376720428466797, -53.54745864868164, -43.749996185302734, 49.2343635559082, -125.36418151855469, 206.9374542236328, -2.4856600761413574], [-485.4931945800781, 180.3557586669922, 135.75421142578125, 42.98141860961914, 80.73229217529297, -42.91278076171875, -39.243648529052734, -42.76265335083008, 49.12306213378906, -44.94598388671875, -19.184677124023438, -2.4856600761413574, 123.06309509277344]], "lowlevel.gfcc.icov": [[0.00042814912740141153, 0.00038154906360432506, 0.0005593037931248546, 0.0002030392934102565, 0.00031088435207493603, 0.0002106343163177371, 0.00016735993267502636, -8.090965275187045e-05, 9.132699779001996e-05, -0.00021663043298758566, 2.3440466975443996e-05, 1.749079456203617e-05, 0.00022519180492963642], [0.00038154906360432506, 0.0073072537779808044, -0.00044255421380512416, 0.005884479731321335, -0.0023098697420209646, 0.005458868574351072, -0.0042722695507109165, 0.004622930660843849, -0.005505146458745003, 0.002907613990828395, -0.006216890644282103, 0.0035762828774750233, -0.0047456081956624985], [0.0005593037931248546, -0.00044255421380512416, 0.0021143280901014805, -0.0013440476031973958, 0.000438520684838295, -5.6254531955346465e-05, -0.0002030228788498789, 0.0010432190028950572, 0.0001247856707777828, -0.0007350340019911528, 0.001832108828239143, -0.0016975640319287777, 0.0009156628511846066], [0.0002030392934102565, 0.005884479731321335, -0.0013440476031973958, 0.007573005743324757, -0.002650550799444318, 0.004298218991607428, -0.002545425668358803, 0.0022750969510525465, -0.004195608198642731, 0.002090232912451029, -0.0051727998070418835, 0.0027864999137818813, -0.004080805461853743], [0.00031088435207493603, -0.0023098697420209646, 0.000438520684838295, -0.002650550799444318, 0.004748175386339426, -0.003129752120003104, 0.0029966107103973627, -0.0017796746687963605, 0.0013476404128596187, -0.0008506294107064605, 0.0012966752983629704, -0.0005462688859552145, 0.0005271010450087488], [0.0002106343163177371, 0.005458868574351072, -5.6254531955346465e-05, 0.004298218991607428, -0.003129752120003104, 0.008134095929563046, -0.005286558996886015, 0.0048759267665445805, -0.003956667613238096, 0.0010315998224541545, -0.0020029048901051283, 0.0028162377420812845, -0.0020095882937312126], [0.00016735993267502636, -0.0042722695507109165, -0.0002030228788498789, -0.002545425668358803, 0.0029966107103973627, -0.005286558996886015, 0.007509028539061546, -0.005038801580667496, 0.004440775141119957, 5.6527442211518064e-05, 0.0018741105450317264, -0.001725819194689393, 0.0033741493243724108], [-8.090965275187045e-05, 0.004622930660843849, 0.0010432190028950572, 0.0022750969510525465, -0.0017796746687963605, 0.0048759267665445805, -0.005038801580667496, 0.009328742511570454, -0.005330304149538279, 0.0012661125510931015, -0.003993782680481672, 0.0008500354015268385, -0.0025525353848934174], [9.132699779001996e-05, -0.005505146458745003, 0.0001247856707777828, -0.004195608198642731, 0.0013476404128596187, -0.003956667613238096, 0.004440775141119957, -0.005330304149538279, 0.012586661614477634, -0.005176378879696131, 0.004498541355133057, -4.5594730181619525e-05, 0.0008418288780376315], [-0.00021663043298758566, 0.002907613990828395, -0.0007350340019911528, 0.002090232912451029, -0.0008506294107064605, 0.0010315998224541545, 5.6527442211518064e-05, 0.0012661125510931015, -0.005176378879696131, 0.009938763454556465, -0.002255035564303398, 8.16614629002288e-05, 0.0016869066748768091], [2.3440466975443996e-05, -0.006216890644282103, 0.001832108828239143, -0.0051727998070418835, 0.0012966752983629704, -0.0020029048901051283, 0.0018741105450317264, -0.003993782680481672, 0.004498541355133057, -0.002255035564303398, 0.013554917648434639, -0.0014179222052916884, 0.006115267518907785], [1.749079456203617e-05, 0.0035762828774750233, -0.0016975640319287777, 0.0027864999137818813, -0.0005462688859552145, 0.0028162377420812845, -0.001725819194689393, 0.0008500354015268385, -4.5594730181619525e-05, 8.16614629002288e-05, -0.0014179222052916884, 0.0106961065903306, -0.003144376678392291], [0.00022519180492963642, -0.0047456081956624985, 0.0009156628511846066, -0.004080805461853743, 0.0005271010450087488, -0.0020095882937312126, 0.0033741493243724108, -0.0025525353848934174, 0.0008418288780376315, 0.0016869066748768091, 0.006115267518907785, -0.003144376678392291, 0.016696803271770477]], "lowlevel.mfcc.cov": [[13947.466796875, -1533.44091796875, -3940.00830078125, -1310.7587890625, -932.88916015625, -2142.833984375, 275.8299560546875, 23.99431037902832, -790.1349487304688, 933.4873046875, 54.855979919433594, 386.7349548339844, 254.27828979492188], [-1533.44091796875, 2349.113525390625, -342.5850830078125, -248.40818786621094, -281.4804992675781, -402.7372131347656, 126.73375701904297, 68.56758117675781, -268.57086181640625, 130.5270538330078, -76.9084701538086, 36.1410026550293, 1.7136898040771484], [-3940.00830078125, -342.5850830078125, 1989.3900146484375, 524.1395874023438, 162.83824157714844, 971.1180419921875, -189.8367462158203, -39.405826568603516, 361.6496887207031, -445.3869934082031, 10.40491771697998, -209.5253143310547, -83.19195556640625], [-1310.7587890625, -248.40818786621094, 524.1395874023438, 643.7820434570312, 310.69561767578125, 87.56108093261719, -143.41758728027344, -47.914913177490234, 118.22594451904297, -131.97232055664062, -42.052791595458984, -9.550047874450684, 84.93638610839844], [-932.88916015625, -281.4804992675781, 162.83824157714844, 310.69561767578125, 781.5287475585938, 229.12342834472656, -215.7371826171875, -175.35205078125, 149.58090209960938, -51.30709457397461, -29.003419876098633, 37.16095733642578, -12.159263610839844], [-2142.833984375, -402.7372131347656, 971.1180419921875, 87.56108093261719, 229.12342834472656, 984.1892700195312, -82.37519073486328, -69.86587524414062, 281.3232727050781, -285.0108337402344, 88.27185821533203, -149.89878845214844, -182.98745727539062], [275.8299560546875, 126.73375701904297, -189.8367462158203, -143.41758728027344, -215.7371826171875, -82.37519073486328, 341.5344543457031, 165.7939453125, -103.12285614013672, 88.10820770263672, 38.54137420654297, 6.975419044494629, -25.17106819152832], [23.99431037902832, 68.56758117675781, -39.405826568603516, -47.914913177490234, -175.35205078125, -69.86587524414062, 165.7939453125, 231.81808471679688, -19.642921447753906, 27.78089141845703, -1.1156513690948486, -17.46771240234375, 21.127843856811523], [-790.1349487304688, -268.57086181640625, 361.6496887207031, 118.22594451904297, 149.58090209960938, 281.3232727050781, -103.12285614013672, -19.642921447753906, 292.8254089355469, -86.09925842285156, 3.167111396789551, -51.46047592163086, -36.778656005859375], [933.4873046875, 130.5270538330078, -445.3869934082031, -131.97232055664062, -51.30709457397461, -285.0108337402344, 88.10820770263672, 27.78089141845703, -86.09925842285156, 272.4889831542969, 39.65020751953125, 77.56851959228516, 25.702024459838867], [54.855979919433594, -76.9084701538086, 10.40491771697998, -42.052791595458984, -29.003419876098633, 88.27185821533203, 38.54137420654297, -1.1156513690948486, 3.167111396789551, 39.65020751953125, 138.71177673339844, 24.62635612487793, -25.315210342407227], [386.7349548339844, 36.1410026550293, -209.5253143310547, -9.550047874450684, 37.16095733642578, -149.89878845214844, 6.975419044494629, -17.46771240234375, -51.46047592163086, 77.56851959228516, 24.62635612487793, 140.87548828125, 47.63577651977539], [254.27828979492188, 1.7136898040771484, -83.19195556640625, 84.93638610839844, -12.159263610839844, -182.98745727539062, -25.17106819152832, 21.127843856811523, -36.778656005859375, 25.702024459838867, -25.315210342407227, 47.63577651977539, 140.07315063476562]], "lowlevel.mfcc.icov": [[0.00044765646453015506, 0.0005563138984143734, 0.0006023976020514965, 0.00038511681486852467, 0.0003984067589044571, 0.00037845707265660167, 0.00030120060546323657, 0.00023821659851819277, 0.0003270747256465256, -0.00020097446395084262, -2.0360528651508503e-05, 0.0001199194448417984, -6.971901166252792e-05], [0.0005563138984143734, 0.0012136359000578523, 0.000590919575188309, 0.0006566163501702249, 0.0005139444838277996, 0.0006923710461705923, 0.00039537245174869895, 0.00022972279111854732, 0.0007722606533206999, -0.0003672775055747479, 0.0002830857993103564, 5.683822382707149e-05, 0.00021556540741585195], [0.0006023976020514965, 0.000590919575188309, 0.00264130556024611, -0.0008795300382189453, 0.0013106252299621701, -0.0012431549839675426, 0.0007560478989034891, 0.00018261157674714923, 0.00012189154222141951, 0.00014179194113239646, 0.0002611460804473609, 0.0004728781641460955, -0.0005083007854409516], [0.00038511681486852467, 0.0006566163501702249, -0.0008795300382189453, 0.004011234734207392, -0.0012788119493052363, 0.0019956280011683702, -7.058479968691245e-05, 0.00020272930851206183, -4.74994994874578e-05, 0.0008328039548359811, -0.0006296375649981201, 0.00041229158523492515, -0.0016283424338325858], [0.0003984067589044571, 0.0005139444838277996, 0.0013106252299621701, -0.0012788119493052363, 0.003083802293986082, -0.0011952256318181753, 0.0010050105629488826, 0.0010332951787859201, -5.54926045879256e-05, -0.001114854123443365, 0.0013687423197552562, -0.0011446882272139192, 0.0003819915291387588], [0.00037845707265660167, 0.0006923710461705923, -0.0012431549839675426, 0.0019956280011683702, -0.0011952256318181753, 0.005267634987831116, -0.0006036792183294892, 0.000576970458496362, -0.0010406801011413336, 0.002264714101329446, -0.0029084498528391123, 0.0011883972911164165, 0.0023197168484330177], [0.00030120060546323657, 0.00039537245174869895, 0.0007560478989034891, -7.058479968691245e-05, 0.0010050105629488826, -0.0006036792183294892, 0.006608188152313232, -0.004048401489853859, 0.0021108011715114117, -0.0014879682566970587, -0.0004169517196714878, -0.0005501411505974829, 0.0019759461283683777], [0.00023821659851819277, 0.00022972279111854732, 0.00018261157674714923, 0.00020272930851206183, 0.0010332951787859201, 0.000576970458496362, -0.004048401489853859, 0.00832752138376236, -0.0014601928414776921, 4.929010174237192e-05, 0.0004859915061388165, 0.001290313433855772, -0.0023332799319177866], [0.0003270747256465256, 0.0007722606533206999, 0.00012189154222141951, -4.74994994874578e-05, -5.54926045879256e-05, -0.0010406801011413336, 0.0021108011715114117, -0.0014601928414776921, 0.006331669632345438, -0.001190381241030991, 0.0005644066259264946, 0.00037435709964483976, 0.0005888344603590667], [-0.00020097446395084262, -0.0003672775055747479, 0.00014179194113239646, 0.0008328039548359811, -0.001114854123443365, 0.002264714101329446, -0.0014879682566970587, 4.929010174237192e-05, -0.001190381241030991, 0.008073309436440468, -0.0032107396982610226, -0.0007643872522749007, 0.00042126121115870774], [-2.0360528651508503e-05, 0.0002830857993103564, 0.0002611460804473609, -0.0006296375649981201, 0.0013687423197552562, -0.0029084498528391123, -0.0004169517196714878, 0.0004859915061388165, 0.0005644066259264946, -0.0032107396982610226, 0.010989010334014893, -0.003177215810865164, 0.0005453250487335026], [0.0001199194448417984, 5.683822382707149e-05, 0.0004728781641460955, 0.00041229158523492515, -0.0011446882272139192, 0.0011883972911164165, -0.0005501411505974829, 0.001290313433855772, 0.00037435709964483976, -0.0007643872522749007, -0.003177215810865164, 0.011454706080257893, -0.003259055782109499], [-6.971901166252792e-05, 0.00021556540741585195, -0.0005083007854409516, -0.0016283424338325858, 0.0003819915291387588, 0.0023197168484330177, 0.0019759461283683777, -0.0023332799319177866, 0.0005888344603590667, 0.00042126121115870774, 0.0005453250487335026, -0.003259055782109499, 0.013003328815102577]], "metadata.audio_properties.analysis.downmix": "mix", "metadata.audio_properties.codec": "mp3", "metadata.audio_properties.md5_encoded": "cbe228dacfe7ecb247395b8f9bab79b7", "metadata.tags.file_name": "1183695346744950875.mp3", "metadata.version.essentia": "2.1-beta6-dev", "metadata.version.essentia_git_sha": "v2.1_beta5-1110-g77a6a954", "metadata.version.extractor": "music 2.0", "tonal.chords_key": "A", "tonal.chords_scale": "major", "tonal.key_edma.key": "D", "tonal.key_edma.scale": "minor", "tonal.key_krumhansl.key": "D", "tonal.key_krumhansl.scale": "minor", "tonal.key_temperley.key": "A", "tonal.key_temperley.scale": "majo