{"song_id": "1183701539160862740", "download": "https://cdn.discordapp.com/attachments/1135903449314238464/1183701539160862740/chirp.mp4?ex=65894af7&amp", "lyrics": "(Verse 1)\nI am Ismail Haniyeh, living in luxury,\nIn my Qatar villa, that's the life for me.\nWhile Gaza's kids hungry, and their futures fade,\nI'm dining on caviar, in my golden parade.\n\n(Chorus)\nHaniyeh, Haniyeh, let me make it clear,\nI live without guilt, have no reason to fear.\nAs Gaza's young ones starve and cry,\nI'm in opulence, under the desert sky.\n\n(Verse 2)\nI count my riches, while they count their tears,\nIn their darkest hours, I feed on their fears.\nI say I'm a leader, a guiding star,\nBut in reality, I've strayed very far.", "style": ["hip hop</span><span>, rap</span><span>, middle eastern"], "essentia_features": {"lowlevel.average_loudness": 0.9011272192001343, "lowlevel.barkbands_crest.mean": 12.351293563842773, "lowlevel.barkbands_crest.stdev": 6.406755447387695, "lowlevel.barkbands_flatness_db.mean": 0.19285590946674347, "lowlevel.barkbands_flatness_db.stdev": 0.1031227707862854, "lowlevel.barkbands_kurtosis.mean": 67.69461822509766, "lowlevel.barkbands_kurtosis.stdev": 298.5244445800781, "lowlevel.barkbands_skewness.mean": 3.213202476501465, "lowlevel.barkbands_skewness.stdev": 6.046750545501709, "lowlevel.barkbands_spread.mean": 26.06566619873047, "lowlevel.barkbands_spread.stdev": 22.488536834716797, "lowlevel.dissonance.mean": 0.461558997631073, "lowlevel.dissonance.stdev": 0.039121419191360474, "lowlevel.dynamic_complexity": 3.420243501663208, "lowlevel.erbbands_crest.mean": 11.059013366699219, "lowlevel.erbbands_crest.stdev": 5.592258930206299, "lowlevel.erbbands_flatness_db.mean": 0.1588309407234192, "lowlevel.erbbands_flatness_db.stdev": 0.05130283534526825, "lowlevel.erbbands_kurtosis.mean": 2.689274549484253, "lowlevel.erbbands_kurtosis.stdev": 8.051836013793945, "lowlevel.erbbands_skewness.mean": 0.5352762937545776, "lowlevel.erbbands_skewness.stdev": 1.5278232097625732, "lowlevel.erbbands_spread.mean": 49.79140853881836, "lowlevel.erbbands_spread.stdev": 29.921689987182617, "lowlevel.hfc.mean": 31.87189292907715, "lowlevel.hfc.stdev": 39.70997619628906, "lowlevel.loudness_ebu128.integrated": -15.13607406616211, "lowlevel.loudness_ebu128.loudness_range": 1.8549613952636719, "lowlevel.loudness_ebu128.momentary.mean": -16.03533935546875, "lowlevel.loudness_ebu128.momentary.stdev": 3.804025888442993, "lowlevel.loudness_ebu128.short_term.mean": -15.325905799865723, "lowlevel.loudness_ebu128.short_term.stdev": 0.710587739944458, "lowlevel.melbands_crest.mean": 17.28879737854004, "lowlevel.melbands_crest.stdev": 7.43097448348999, "lowlevel.melbands_flatness_db.mean": 0.22337083518505096, "lowlevel.melbands_flatness_db.stdev": 0.1423429548740387, "lowlevel.melbands_kurtosis.mean": 72.0013198852539, "lowlevel.melbands_kurtosis.stdev": 149.67269897460938, "lowlevel.melbands_skewness.mean": 4.282505989074707, "lowlevel.melbands_skewness.stdev": 4.566455841064453, "lowlevel.melbands_spread.mean": 34.47465133666992, "lowlevel.melbands_spread.stdev": 41.475128173828125, "lowlevel.pitch_salience.mean": 0.49131056666374207, "lowlevel.pitch_salience.stdev": 0.19618399441242218, "lowlevel.silence_rate_20dB.mean": 1.0, "lowlevel.silence_rate_20dB.stdev": 0.0, "lowlevel.silence_rate_30dB.mean": 0.8667439222335815, "lowlevel.silence_rate_30dB.stdev": 0.3398517668247223, "lowlevel.silence_rate_60dB.mean": 0.14426419138908386, "lowlevel.silence_rate_60dB.stdev": 0.35135847330093384, "lowlevel.spectral_centroid.mean": 1696.181884765625, "lowlevel.spectral_centroid.stdev": 1289.8934326171875, "lowlevel.spectral_complexity.mean": 11.353418350219727, "lowlevel.spectral_complexity.stdev": 11.004803657531738, "lowlevel.spectral_decrease.mean": -1.0934114946792306e-08, "lowlevel.spectral_decrease.stdev": 1.677229022334359e-08, "lowlevel.spectral_energy.mean": 0.044158704578876495, "lowlevel.spectral_energy.stdev": 0.06344297528266907, "lowlevel.spectral_energyband_high.mean": 0.00254112109541893, "lowlevel.spectral_energyband_high.stdev": 0.004370633512735367, "lowlevel.spectral_energyband_low.mean": 0.02995619736611843, "lowlevel.spectral_energyband_low.stdev": 0.06361637264490128, "lowlevel.spectral_energyband_middle_high.mean": 0.0030316803604364395, "lowlevel.spectral_energyband_middle_high.stdev": 0.004749235697090626, "lowlevel.spectral_energyband_middle_low.mean": 0.009872034192085266, "lowlevel.spectral_energyband_middle_low.stdev": 0.01680152676999569, "lowlevel.spectral_entropy.mean": 7.745398998260498, "lowlevel.spectral_entropy.stdev": 0.6559353470802307, "lowlevel.spectral_flux.mean": 0.1171543151140213, "lowlevel.spectral_flux.stdev": 0.09758337587118149, "lowlevel.spectral_kurtosis.mean": 2.5882742404937744, "lowlevel.spectral_kurtosis.stdev": 2.4565560817718506, "lowlevel.spectral_rms.mean": 0.005269296932965517, "lowlevel.spectral_rms.stdev": 0.003913582768291235, "lowlevel.spectral_rolloff.mean": 3211.6142578125, "lowlevel.spectral_rolloff.stdev": 3637.746826171875, "lowlevel.spectral_skewness.mean": 1.3675223588943481, "lowlevel.spectral_skewness.stdev": 0.5394781231880188, "lowlevel.spectral_spread.mean": 6913094.0, "lowlevel.spectral_spread.stdev": 1792464.375, "lowlevel.spectral_strongpeak.mean": 0.9896792769432068, "lowlevel.spectral_strongpeak.stdev": 1.185513973236084, "lowlevel.zerocrossingrate.mean": 0.11262209713459015, "lowlevel.zerocrossingrate.stdev": 0.09522848576307297, "metadata.audio_properties.analysis.equal_loudness": 0.0, "metadata.audio_properties.analysis.length": 40.04265213012695, "metadata.audio_properties.analysis.sample_rate": 44100.0, "metadata.audio_properties.analysis.start_time": 0.0, "metadata.audio_properties.bit_rate": 121284.0, "metadata.audio_properties.length": 40.042667388916016, "metadata.audio_properties.lossless": 0.0, "metadata.audio_properties.number_channels": 1.0, "metadata.audio_properties.replay_gain": -10.914052963256836, "metadata.audio_properties.sample_rate": 48000.0, "rhythm.beats_count": 62.0, "rhythm.beats_loudness.mean": 0.07665161043405533, "rhythm.beats_loudness.stdev": 0.07300904393196106, "rhythm.bpm": 92.8580093383789, "rhythm.bpm_histogram_first_peak_bpm": 92.0, "rhythm.bpm_histogram_first_peak_weight": 0.33898305892944336, "rhythm.bpm_histogram_second_peak_bpm": 105.0, "rhythm.bpm_histogram_second_peak_spread": 0.5, "rhythm.bpm_histogram_second_peak_weight": 0.016393441706895828, "rhythm.danceability": 1.556178331375122, "rhythm.onset_rate": 5.492527484893799, "tonal.chords_changes_rate": 0.09375, "tonal.chords_number_rate": 0.010416666977107525, "tonal.chords_strength.mean": 0.5406273603439331, "tonal.chords_strength.stdev": 0.08669792115688324, "tonal.hpcp_crest.mean": 13.02568531036377, "tonal.hpcp_crest.stdev": 6.112948417663574, "tonal.hpcp_entropy.mean": 2.1321499347686768, "tonal.hpcp_entropy.stdev": 0.8035263419151306, "tonal.key_edma.strength": 0.6096524000167847, "tonal.key_krumhansl.strength": 0.6199376583099365, "tonal.key_temperley.strength": 0.6027353405952454, "tonal.tuning_diatonic_strength": 0.503381609916687, "tonal.tuning_equal_tempered_deviation": 0.20621325075626373, "tonal.tuning_frequency": 434.193115234375, "tonal.tuning_nontempered_energy_ratio": 0.8738610744476318, "lowlevel.barkbands.mean": [0.0015965534839779139, 0.02279357612133026, 0.004402996972203255, 0.0027793352492153645, 0.0016416042344644666, 0.0034610009752213955, 0.0007578689837828279, 0.000569211901165545, 0.00046683475375175476, 0.00048305231030099094, 0.00034169567516073585, 0.0002924468426499516, 0.00022302870638668537, 0.00021488938364200294, 0.00022732451907359064, 0.0002896752266678959, 0.00034851153031922877, 0.00028788004419766366, 0.00027967404457740486, 0.0002723998622968793, 0.0002287065435666591, 0.00031593532185070217, 0.0006567903328686953, 0.0004931304138153791, 0.0004545494157355279, 0.000279968895483762, 6.389098672343607e-08], "lowlevel.barkbands.stdev": [0.0038834125734865665, 0.05559387430548668, 0.01736876741051674, 0.008071974851191044, 0.004814848769456148, 0.008567016571760178, 0.0021737634669989347, 0.0021698360797017813, 0.001724420115351677, 0.0018566385842859745, 0.0010092029115185142, 0.0014844019897282124, 0.000895971548743546, 0.0007870055851526558, 0.0006765869911760092, 0.0008812590385787189, 0.0007008536485955119, 0.0006366556626744568, 0.0006091130780987442, 0.0005904428544454277, 0.0004892055876553059, 0.0007219169056043029, 0.0014192357193678617, 0.0010090268915519118, 0.0008328002877533436, 0.0005493673379532993, 1.3142038142177626e-06], "lowlevel.erbbands.mean": [0.6205382943153381, 5.127132892608643, 6.66530179977417, 7.092142581939697, 9.352770805358887, 3.4142966270446777, 9.542625427246094, 35.96650314331055, 13.610856056213379, 15.335139274597168, 9.190999031066895, 11.678312301635742, 14.56871223449707, 15.818875312805176, 12.776077270507812, 11.813508987426758, 10.514780044555664, 11.034099578857422, 11.733634948730469, 11.86987018585205, 18.104646682739258, 20.132034301757812, 17.558635711669922, 12.072678565979004, 16.153182983398438, 12.106542587280273, 9.578226089477539, 8.9019193649292, 10.382795333862305, 18.461233139038086, 17.330272674560547, 8.928621292114258, 9.456181526184082, 5.994043350219727, 2.7718183994293213, 1.6066433191299438, 0.4645417332649231, 0.026194754987955093, 0.0005841277888976038, 8.943823195295408e-05], "lowlevel.erbbands.stdev": [1.4778528213500977, 13.291015625, 20.4686336517334, 23.45475196838379, 25.46123695373535, 11.017221450805664, 25.092750549316406, 95.30318450927734, 37.55638885498047, 45.43817138671875, 34.29823684692383, 45.93142318725586, 68.0501937866211, 50.58054733276367, 46.591007232666016, 56.1053352355957, 39.351016998291016, 40.87727737426758, 32.91320037841797, 32.01611328125, 53.02675247192383, 39.604576110839844, 38.365535736083984, 25.847917556762695, 33.44029998779297, 26.16846466064453, 21.61774444580078, 18.641809463500977, 24.9924259185791, 40.120948791503906, 39.10582733154297, 19.453779220581055, 19.185108184814453, 11.150233268737793, 5.29300594329834, 3.3593387603759766, 0.8876788020133972, 0.052190981805324554, 0.0010500530479475856, 9.598419273970649e-05], "lowlevel.gfcc.mean": [-33.838775634765625, 27.159914016723633, -93.56343078613281, 35.86341857910156, -64.88153839111328, 21.909282684326172, -47.914085388183594, 19.997995376586914, -28.248920440673828, 1.5713282823562622, -21.243932723999023, 4.965914726257324, -15.99722957611084], "lowlevel.melbands.mean": [0.00621641892939806, 0.004626769572496414, 0.0013456919696182013, 0.000431095773819834, 0.0002900471445173025, 0.0007448880351148546, 0.00020516966469585896, 0.0001658352994127199, 6.486043275799602e-05, 7.657258538529277e-05, 7.06543360138312e-05, 6.238147761905566e-05, 4.296736005926505e-05, 3.425771865295246e-05, 2.6122041163034737e-05, 2.2489011826110072e-05, 2.033338569162879e-05, 1.8606180674396455e-05, 1.6977304767351598e-05, 1.6612799299764447e-05, 2.205576492997352e-05, 2.0987499738112092e-05, 1.988482108572498e-05, 1.1498265848786104e-05, 9.299020348407794e-06, 1.1152794286317658e-05, 1.2048629287164658e-05, 7.0301689447660465e-06, 5.861257704964373e-06, 5.750897344114492e-06, 4.897277904092334e-06, 5.504678028955823e-06, 6.775379915779922e-06, 1.2218888514325954e-05, 1.1102818461949937e-05, 6.3285774558607955e-06, 5.295605205901666e-06, 7.004641702224035e-06, 5.449749096442247e-06, 5.084053100290475e-06], "lowlevel.melbands.stdev": [0.014727476984262466, 0.011579406447708607, 0.003947334364056587, 0.0012553991982713342, 0.0007339566946029663, 0.0019255205988883972, 0.0005503779975697398, 0.0005064186407253146, 0.00024410811602137983, 0.00030038782279007137, 0.00033475353848189116, 0.0002089018962578848, 0.00014325178926810622, 0.00018093646212946624, 0.00011691503459587693, 8.89089351403527e-05, 7.951609586598352e-05, 5.419454100774601e-05, 5.373085514293052e-05, 4.786344288731925e-05, 6.698352081002668e-05, 4.4876400352222845e-05, 3.969029421568848e-05, 2.7085030524176545e-05, 2.0894720364594832e-05, 2.577686245786026e-05, 2.5117844415945e-05, 1.6544792742934078e-05, 1.410797267453745e-05, 1.2407565009198152e-05, 1.0549613762123045e-05, 1.3902723367209546e-05, 1.5697771232225932e-05, 2.7239466362516396e-05, 2.4855797164491378e-05, 1.5753021216369234e-05, 1.1372372682671994e-05, 1.4193659808370285e-05, 1.0811453648784664e-05, 9.780068467080127e-06], "lowlevel.melbands128.mean": [0.0014576660469174385, 0.0043233162723481655, 0.008992566727101803, 0.008476865477859974, 0.0043792398646473885, 0.0019102380611002445, 0.0013525468530133367, 0.0014403631212189794, 0.0009977042209357023, 0.00031259364914149046, 0.00011578575504245237, 0.0001188213936984539, 0.00021606676455121487, 0.0006190912681631744, 0.0010438155150040984, 0.0007156908395700157, 0.00020942589617334306, 0.00011398558126529679, 0.00017946615116670728, 0.00018209355766884983, 0.00016861289623193443, 9.444366878597066e-05, 4.2513987864367664e-05, 3.9944821764947847e-05, 8.107322355499491e-05, 8.823002281133085e-05, 7.339434523601085e-05, 8.363332744920626e-05, 4.708231790573336e-05, 6.417475378839299e-05, 7.708326302235946e-05, 4.343728141975589e-05, 3.961121547035873e-05, 4.3586722313193604e-05, 3.4488268283894286e-05, 3.1709794711787254e-05, 3.234958421671763e-05, 2.7940903237322345e-05, 2.022652370214928e-05, 2.259491157019511e-05, 2.548393422330264e-05, 1.8026641555479728e-05, 1.974861152120866e-05, 2.2708787582814693e-05, 1.8803624698193744e-05, 1.6507106920471415e-05, 2.0203133317409083e-05, 1.7871963791549206e-05, 1.569898086017929e-05, 1.381752281304216e-05, 1.506858279753942e-05, 2.179941839131061e-05, 2.1482346710399725e-05, 2.3325294023379683e-05, 2.0675757696153596e-05, 2.2850297682452947e-05, 1.7939264580491e-05, 2.0229506844771095e-05, 2.2261783669819124e-05, 1.6917887478484772e-05, 9.993537787522655e-06, 7.958214155223686e-06, 8.777930815995205e-06, 1.0125647349923383e-05, 9.554575626680162e-06, 1.1088619430665858e-05, 1.1595374417083804e-05, 1.3262895663501695e-05, 1.3637016309075989e-05, 8.627992428955622e-06, 6.363133252307307e-06, 6.666703029623022e-06, 5.778287686553085e-06, 5.829605470353272e-06, 5.6900576055340935e-06, 5.810339189338265e-06, 6.1578707573062275e-06, 4.799652288056677e-06, 4.496566816669656e-06, 5.000868441129569e-06, 5.688604687748011e-06, 5.4356232794816606e-06, 5.903974852117244e-06, 6.435416253225412e-06, 7.517133326473413e-06, 1.1309557521599345e-05, 1.3911952919443138e-05, 1.4119203115114942e-05, 1.0652145647327416e-05, 9.594879884389229e-06, 8.160484867403284e-06, 5.080220944364555e-06, 3.78584672944271e-06, 4.911380983685376e-06, 6.40292728348868e-06, 6.911422588018468e-06, 7.206730515463278e-06, 7.180549346230691e-06, 5.312447228789097e-06, 4.618830189428991e-06, 5.141954261489445e-06, 6.441024652303895e-06, 3.1422732718056068e-06, 2.7034427603211952e-06, 2.194813987443922e-06, 3.883594217768405e-06, 3.248213488404872e-06, 2.9817165341228247e-06, 3.0478583994408837e-06, 2.3728141513856826e-06, 2.2127089778223308e-06, 2.1635285065713106e-06, 1.3865958408132428e-06, 8.597646115049429e-07, 6.13223051004752e-07, 6.25310150326186e-08, 2.4438904233647918e-09, 1.8173016910760786e-11, 8.145665565673088e-12, 7.57770061976526e-12, 7.160745954526426e-12, 6.8208524765800416e-12, 6.636421447103746e-12, 6.478022545469697e-12, 6.197244540456781e-12, 5.8144123196712805e-12, 5.597320783951032e-12, 5.538531872711916e-12], "lowlevel.melbands128.stdev": [0.0035905458498746157, 0.010730959475040436, 0.024330349639058113, 0.022426852956414223, 0.01280048955231905, 0.007792801130563021, 0.005151448305696249, 0.0038676289841532707, 0.002866219962015748, 0.0011581307044252753, 0.0004960258956998587, 0.0004710761131718755, 0.0008017109939828515, 0.0018784209387376904, 0.002863499103114009, 0.0025252013001590967, 0.0009007601183839142, 0.0004320289008319378, 0.0006270569283515215, 0.0006662708474323153, 0.0007043748628348112, 0.0004895757301710546, 0.00022927402460481972, 0.00023180877906270325, 0.0004195543297100812, 0.0004078762431163341, 0.0004161401011515409, 0.0005498832906596363, 0.0001694740349194035, 0.0002997088886331767, 0.000302737345919013, 0.00011171847290825099, 0.0001940117945196107, 0.0002127895859302953, 0.00022931625426281244, 0.00023163757578004152, 0.00018910528160631657, 0.00016049263649620116, 0.00010895326704485342, 9.234788012690842e-05, 0.00012083135516149923, 9.837085963226855e-05, 9.88747997325845e-05, 0.00011450854799477383, 7.120519148884341e-05, 5.371920997276902e-05, 8.847545541357249e-05, 7.762837049085647e-05, 5.4076539527159184e-05, 4.2021707486128435e-05, 4.85635464428924e-05, 8.362506196135655e-05, 8.137077384162694e-05, 7.22441982361488e-05, 5.231663817539811e-05, 6.242071685846895e-05, 4.039000123157166e-05, 4.7714082029415295e-05, 5.231387694948353e-05, 5.520126796909608e-05, 2.6261244784109294e-05, 1.8795346477418207e-05, 2.2023243218427524e-05, 2.5567185730324127e-05, 2.8082171411369927e-05, 3.12416123051662e-05, 2.8200702217873186e-05, 3.089114397880621e-05, 3.250091685913503e-05, 1.9087605323875323e-05, 1.7944521459867246e-05, 1.7787231627153233e-05, 1.5493946193601005e-05, 1.5813795471331105e-05, 1.351410446659429e-05, 1.3379055417317431e-05, 1.4527313396683894e-05, 1.0746298357844353e-05, 1.0842483789019752e-05, 1.1768207514251117e-05, 1.5012195945018902e-05, 1.627385790925473e-05, 1.744541987136472e-05, 1.5002831787569448e-05, 1.922263254527934e-05, 2.956987009383738e-05, 3.2226678740698844e-05, 3.2214920793194324e-05, 2.48971555265598e-05, 2.7530611987458542e-05, 2.296959064551629e-05, 1.2113360753573943e-05, 1.0847117664525285e-05, 1.2550870451377705e-05, 1.266015533474274e-05, 1.3845909961673897e-05, 1.5712479580543004e-05, 1.8522780010243878e-05, 1.161665659310529e-05, 8.53994697536109e-06, 1.067878747562645e-05, 1.3531852346204687e-05, 6.810535069234902e-06, 5.706923275283771e-06, 4.649882157536922e-06, 8.212270586227532e-06, 6.8230415308789816e-06, 6.585056780750165e-06, 7.268871740961913e-06, 5.459326075651916e-06, 4.793799689650768e-06, 4.975982847099658e-06, 2.8809088234993396e-06, 1.8725803556662868e-06, 1.5342839105869643e-06, 2.054478471791299e-07, 3.835169337662592e-08, 2.1454273080312447e-10, 3.103891449418583e-11, 2.806955883005724e-11, 2.6721345622315873e-11, 2.586539316062897e-11, 2.5710178777615944e-11, 2.451940560310728e-11, 1.98303665155386e-11, 1.4038125696613779e-11, 1.2759994449940137e-11, 1.2673854153655295e-11], "lowlevel.mfcc.mean": [-685.4017333984375, 64.56230926513672, 22.40096092224121, 15.972932815551758, 12.048678398132324, -1.443594217300415, -1.174839735031128, 8.651237487792969, -0.06503985077142715, -0.0713389590382576, -4.04409122467041, -4.412309169769287, 4.20206880569458], "lowlevel.spectral_contrast_coeffs.mean": [-0.650754451751709, -0.7296276688575745, -0.7702410817146301, -0.8064020276069641, -0.801409900188446, -0.7840586304664612], "lowlevel.spectral_contrast_coeffs.stdev": [0.11075887084007263, 0.11061660945415497, 0.07379049062728882, 0.05780262500047684, 0.04799630865454674, 0.038452405482530594], "lowlevel.spectral_contrast_valleys.mean": [-8.04425048828125, -7.822282791137695, -8.2289457321167, -8.213977813720703, -7.810091018676758, -9.726991653442383], "lowlevel.spectral_contrast_valleys.stdev": [1.371798038482666, 1.0542858839035034, 1.0177364349365234, 0.9446998238563538, 1.0504649877548218, 1.2429111003875732], "rhythm.beats_loudness_band_ratio.mean": [0.4926143288612366, 0.11707278341054916, 0.07821016013622284, 0.06937388330698013, 0.08909303694963455, 0.20769695937633514], "rhythm.beats_loudness_band_ratio.stdev": [0.33955761790275574, 0.1522141695022583, 0.13540008664131165, 0.10802757740020752, 0.09969666600227356, 0.19762000441551208], "tonal.hpcp.mean": [0.06776997447013855, 0.054596129804849625, 0.06841252744197845, 0.23067989945411682, 0.21949012577533722, 0.06281059235334396, 0.09668003022670746, 0.10459407418966293, 0.09221124649047852, 0.11393750458955765, 0.11224300414323807, 0.11654400825500488, 0.18077605962753296, 0.195081427693367, 0.13605408370494843, 0.11161033064126968, 0.10889843106269836, 0.10980242490768433, 0.11614289879798889, 0.10864730924367905, 0.09081774950027466, 0.09196200221776962, 0.10317373275756836, 0.1193932369351387, 0.16146719455718994, 0.1877967119216919, 0.1602465659379959, 0.11586946249008179, 0.08480750769376755, 0.10666130483150482, 0.15406130254268646, 0.12390594929456711, 0.07389538735151291, 0.06988345831632614, 0.06365706026554108, 0.06702941656112671], "tonal.hpcp.stdev": [0.15344756841659546, 0.12885212898254395, 0.15420058369636536, 0.3600301742553711, 0.343984991312027, 0.14754049479961395, 0.22071979939937592, 0.230636864900589, 0.20573429763317108, 0.24082693457603455, 0.22434568405151367, 0.23100124299526215, 0.2848232388496399, 0.30634865164756775, 0.23453235626220703, 0.23307618498802185, 0.23055629432201385, 0.23065094649791718, 0.2278558611869812, 0.22161833941936493, 0.19600476324558258, 0.19647316634655, 0.22159262001514435, 0.22295863926410675, 0.2636900842189789, 0.29625579714775085, 0.2813343405723572, 0.23997680842876434, 0.18492750823497772, 0.20868971943855286, 0.26089850068092346, 0.21365709602832794, 0.15771019458770752, 0.14970910549163818, 0.14097802340984344, 0.1524486094713211], "rhythm.beats_position": [0.54566890001297, 1.1029478311538696, 1.6718367338180542, 2.3103854656219482, 2.9489340782165527, 3.599092960357666, 4.249251842498779, 4.899410247802734, 5.549569129943848, 6.199728012084961, 6.838276386260986, 7.47682523727417, 8.126983642578125, 8.777142524719238, 9.427301406860352, 10.077460289001465, 10.727619171142578, 11.354557991027832, 11.9931058883667, 12.631654739379883, 13.270203590393066, 13.93197250366211, 14.582131385803223, 15.232290267944336, 15.88244915008545, 16.532608032226562, 17.18276596069336, 17.832923889160156, 18.483083724975586, 19.121631622314453, 19.760181427001953, 20.41033935546875, 21.06049919128418, 21.699047088623047, 22.337596893310547, 22.976144790649414, 23.63791275024414, 24.28807258605957, 24.938230514526367, 25.588390350341797, 26.238548278808594, 26.87709617614746, 27.51564598083496, 28.165803909301758, 28.815963745117188, 29.466121673583984, 30.116281509399414, 30.75482940673828, 31.39337730407715, 32.04353713989258, 32.693695068359375, 33.34385299682617, 33.994014739990234, 34.63256072998047, 35.27111053466797, 35.921268463134766, 36.57142639160156, 37.221588134765625, 37.87174606323242, 38.52190399169922, 39.148841857910156, 39.79899978637695], "rhythm.bpm_histogram": [0.0, 0.0, 0.0, 0.0, 0.0, 0.0, 0.0, 0.0, 0.0, 0.0, 0.0, 0.0, 0.0, 0.0, 0.0, 0.0, 0.0, 0.0, 0.0, 0.0, 0.0, 0.0, 0.0, 0.0, 0.0, 0.0, 0.0, 0.0, 0.0, 0.0, 0.0, 0.0, 0.0, 0.0, 0.0, 0.0, 0.0, 0.0, 0.0, 0.0, 0.0, 0.0, 0.0, 0.0, 0.0, 0.0, 0.0, 0.0, 0.0, 0.0, 0.0, 0.0, 0.0, 0.0, 0.0, 0.0, 0.0, 0.0, 0.0, 0.0, 0.0, 0.0, 0.0, 0.0, 0.0, 0.0, 0.0, 0.0, 0.0, 0.0, 0.0, 0.0, 0.0, 0.0, 0.0, 0.0, 0.0, 0.0, 0.0, 0.0, 0.0, 0.0, 0.0, 0.0, 0.0, 0.0, 0.0, 0.0, 0.0, 0.0, 0.0, 0.032786883413791656, 0.6065573692321777, 0.0, 0.2950819730758667, 0.0, 0.032786883413791656, 0.0, 0.0, 0.0, 0.0, 0.0, 0.0, 0.0, 0.0, 0.016393441706895828, 0.0, 0.0, 0.016393441706895828, 0.0, 0.0, 0.0, 0.0, 0.0, 0.0, 0.0, 0.0, 0.0, 0.0, 0.0, 0.0, 0.0, 0.0, 0.0, 0.0, 0.0, 0.0, 0.0, 0.0, 0.0, 0.0, 0.0, 0.0, 0.0, 0.0, 0.0, 0.0, 0.0, 0.0, 0.0, 0.0, 0.0, 0.0, 0.0, 0.0, 0.0, 0.0, 0.0, 0.0, 0.0, 0.0, 0.0, 0.0, 0.0, 0.0, 0.0, 0.0, 0.0, 0.0, 0.0, 0.0, 0.0, 0.0, 0.0, 0.0, 0.0, 0.0, 0.0, 0.0, 0.0, 0.0, 0.0, 0.0, 0.0, 0.0, 0.0, 0.0, 0.0, 0.0, 0.0, 0.0, 0.0, 0.0, 0.0, 0.0, 0.0, 0.0, 0.0, 0.0, 0.0, 0.0, 0.0, 0.0, 0.0, 0.0, 0.0, 0.0, 0.0, 0.0, 0.0, 0.0, 0.0, 0.0, 0.0, 0.0, 0.0, 0.0, 0.0, 0.0, 0.0, 0.0, 0.0, 0.0, 0.0, 0.0, 0.0, 0.0, 0.0, 0.0, 0.0, 0.0, 0.0, 0.0, 0.0, 0.0, 0.0, 0.0, 0.0, 0.0, 0.0, 0.0, 0.0, 0.0, 0.0, 0.0, 0.0, 0.0, 0.0, 0.0, 0.0, 0.0, 0.0, 0.0, 0.0, 0.0, 0.0, 0.0, 0.0, 0.0, 0.0], "tonal.chords_histogram": [54.86111068725586, 0.0, 0.0, 0.0, 2.777777671813965, 0.9259259104728699, 6.597222328186035, 12.152777671813965, 0.0, 4.629629611968994, 0.0, 0.0, 3.2407407760620117, 3.125, 0.0, 0.0, 0.0, 0.3472222089767456, 0.11574073880910873, 0.0, 0.0, 0.6944444179534912, 1.0416666269302368, 9.490740776062012], "tonal.thpcp": [1.0, 0.951492190361023, 0.2722846269607544, 0.419109046459198, 0.45341649651527405, 0.39973682165145874, 0.49392038583755493, 0.4865747094154358, 0.505219578742981, 0.7836663126945496, 0.8456802368164062, 0.5897960066795349, 0.48383206129074097, 0.4720759391784668, 0.4759947657585144, 0.5034807920455933, 0.47098731994628906, 0.39369598031044006, 0.39865633845329285, 0.4472593069076538, 0.5175710320472717, 0.6999621391296387, 0.8141009211540222, 0.6946706771850586, 0.5022954344749451, 0.36764150857925415, 0.46237796545028687, 0.6678575277328491, 0.5371336936950684, 0.32033735513687134, 0.3029455840587616, 0.27595409750938416, 0.2905732989311218, 0.29378360509872437, 0.23667484521865845, 0.2965690791606903], "lowlevel.gfcc.cov": [[8228.841796875, -1262.4544677734375, 250.85304260253906, 510.9827880859375, -367.3792724609375, -310.8248291015625, -796.3409423828125, -223.05043029785156, -392.654296875, -39.31083679199219, -276.7956237792969, 138.47732543945312, -298.09649658203125], [-1262.4544677734375, 3410.628662109375, 1080.7052001953125, 223.03065490722656, 504.0185852050781, -17.06194496154785, 477.9982604980469, 26.182104110717773, 244.5107421875, -44.36765670776367, 164.20074462890625, -187.0382843017578, 187.69400024414062], [250.85304260253906, 1080.7052001953125, 1857.0643310546875, 978.4263305664062, 716.9174194335938, 251.39060974121094, 358.5867614746094, 31.977527618408203, 201.47776794433594, 69.30644989013672, 77.81159210205078, 45.64891815185547, 177.68576049804688], [510.9827880859375, 223.03065490722656, 978.4263305664062, 1046.7457275390625, 596.6625366210938, 131.73538208007812, 173.2850799560547, 40.92873001098633, 145.71546936035156, 63.82475662231445, 40.461036682128906, 42.586669921875, 125.4025650024414], [-367.3792724609375, 504.0185852050781, 716.9174194335938, 596.6625366210938, 824.01171875, 375.3631286621094, 383.3105773925781, 160.37513732910156, 219.9296417236328, 106.19092559814453, 82.29769897460938, -42.012489318847656, 128.60243225097656], [-310.8248291015625, -17.06194496154785, 251.39060974121094, 131.73538208007812, 375.3631286621094, 515.4678955078125, 414.5531921386719, 170.6976776123047, 109.90696716308594, 80.61693572998047, 48.25910949707031, -37.03888702392578, 22.78443145751953], [-796.3409423828125, 477.9982604980469, 358.5867614746094, 173.2850799560547, 383.3105773925781, 414.5531921386719, 756.1971435546875, 284.7201232910156, 162.87451171875, 103.41880798339844, 62.61232376098633, -94.47836303710938, 44.860103607177734], [-223.05043029785156, 26.182104110717773, 31.977527618408203, 40.92873001098633, 160.37513732910156, 170.6976776123047, 284.7201232910156, 274.3315734863281, 159.23983764648438, 79.05394744873047, 36.66954040527344, -31.963382720947266, 19.39061164855957], [-392.654296875, 244.5107421875, 201.47776794433594, 145.71546936035156, 219.9296417236328, 109.90696716308594, 162.87451171875, 159.23983764648438, 274.20654296875, 119.61534118652344, 78.13418579101562, -17.20261001586914, 69.13011932373047], [-39.31083679199219, -44.36765670776367, 69.30644989013672, 63.82475662231445, 106.19092559814453, 80.61693572998047, 103.41880798339844, 79.05394744873047, 119.61534118652344, 171.7503662109375, 68.71571350097656, 1.259229063987732, 10.163148880004883], [-276.7956237792969, 164.20074462890625, 77.81159210205078, 40.461036682128906, 82.29769897460938, 48.25910949707031, 62.61232376098633, 36.66954040527344, 78.13418579101562, 68.71571350097656, 153.46087646484375, 51.12069320678711, 43.61225509643555], [138.47732543945312, -187.0382843017578, 45.64891815185547, 42.586669921875, -42.012489318847656, -37.03888702392578, -94.47836303710938, -31.963382720947266, -17.20261001586914, 1.259229063987732, 51.12069320678711, 147.21566772460938, 43.056861877441406], [-298.09649658203125, 187.69400024414062, 177.68576049804688, 125.4025650024414, 128.60243225097656, 22.78443145751953, 44.860103607177734, 19.39061164855957, 69.13011932373047, 10.163148880004883, 43.61225509643555, 43.056861877441406, 119.96793365478516]], "lowlevel.gfcc.icov": [[0.000203726754989475, -4.3864107283297926e-05, -5.433005571831018e-05, -0.00023348588729277253, 0.00013159227091819048, -0.0001481342624174431, 0.00035487485001794994, -0.00036088560591451824, 0.00035609921906143427, -0.00031710576149635017, 0.0003142793430015445, -0.00022434948186855763, 0.0005000150413252413], [-4.3864107283297926e-05, 0.000781920796725899, -0.000531350146047771, 0.0006582373753190041, -0.0004552647296804935, 0.0009657243499532342, -0.0006955972639843822, 0.0006342381821013987, -0.0005773689481429756, 0.0010172569891437888, -0.0011859051883220673, 0.0013143487740308046, -0.0005652726977132261], [-5.433005571831018e-05, -0.000531350146047771, 0.0016847369261085987, -0.00124641926959157, -1.3949389540357515e-05, -0.0006021574372425675, -0.0002719353651627898, 0.0006931787356734276, -0.00035838838084600866, -0.0003061889437958598, 0.0008343711378984153, -0.0012997203739359975, 1.8488495697965845e-05], [-0.00023348588729277253, 0.0006582373753190041, -0.00124641926959157, 0.003351665334776044, -0.0021450803615152836, 0.0017376125324517488, -0.0008450159803032875, 0.0007812157855369151, -0.0007503675878979266, 0.0007762957829982042, -0.0004580593667924404, 0.00017664791084825993, -0.0006384974694810808], [0.00013159227091819048, -0.0004552647296804935, -1.3949389540357515e-05, -0.0021450803615152836, 0.00462754350155592, -0.0028488761745393276, 0.0008497404051013291, -0.0008450733148492873, 0.00010606201249174774, -0.000882297579664737, -7.04308258718811e-05, 0.0014536582166329026, -0.001781016937457025], [-0.0001481342624174431, 0.0009657243499532342, -0.0006021574372425675, 0.0017376125324517488, -0.0028488761745393276, 0.005971531383693218, -0.002951784525066614, 0.00083365966565907, -0.00073330441955477, 0.0011000995291396976, -0.0011819488136097789, 0.00010588108852971345, 0.0008064063149504364], [0.00035487485001794994, -0.0006955972639843822, -0.0002719353651627898, -0.0008450159803032875, 0.0008497404051013291, -0.002951784525066614, 0.005089770536869764, -0.004285738337785006, 0.002568124094977975, -0.0018232122529298067, 0.0003243070386815816, 0.0012025724863633513, -0.0001795795396901667], [-0.00036088560591451824, 0.0006342381821013987, 0.0006931787356734276, 0.0007812157855369151, -0.0008450733148492873, 0.00083365966565907, -0.004285738337785006, 0.01046037022024393, -0.006073594093322754, 0.0016114488244056702, 1.5645268547359592e-07, -0.0006869923090562224, 0.0005369570571929216], [0.00035609921906143427, -0.0005773689481429756, -0.00035838838084600866, -0.0007503675878979266, 0.00010606201249174774, -0.00073330441955477, 0.002568124094977975, -0.006073594093322754, 0.01098790392279625, -0.005291887558996677, -0.0007610492175444961, 0.001951721147634089, -0.00315688643604517], [-0.00031710576149635017, 0.0010172569891437888, -0.0003061889437958598, 0.0007762957829982042, -0.000882297579664737, 0.0011000995291396976, -0.0018232122529298067, 0.0016114488244056702, -0.005291887558996677, 0.011641452088952065, -0.004589385818690062, 0.0010190728353336453, 0.0017865455010905862], [0.0003142793430015445, -0.0011859051883220673, 0.0008343711378984153, -0.0004580593667924404, -7.04308258718811e-05, -0.0011819488136097789, 0.0003243070386815816, 1.5645268547359592e-07, -0.0007610492175444961, -0.004589385818690062, 0.012830087915062904, -0.006728846579790115, 0.0006361943669617176], [-0.00022434948186855763, 0.0013143487740308046, -0.0012997203739359975, 0.00017664791084825993, 0.0014536582166329026, 0.00010588108852971345, 0.0012025724863633513, -0.0006869923090562224, 0.001951721147634089, 0.0010190728353336453, -0.006728846579790115, 0.014636963605880737, -0.006808548234403133], [0.0005000150413252413, -0.0005652726977132261, 1.8488495697965845e-05, -0.0006384974694810808, -0.001781016937457025, 0.0008064063149504364, -0.0001795795396901667, 0.0005369570571929216, -0.00315688643604517, 0.0017865455010905862, 0.0006361943669617176, -0.006808548234403133, 0.016718938946723938]], "lowlevel.mfcc.cov": [[8485.048828125, -1558.8828125, 7.667407035827637, 80.40341186523438, -3.031036853790283, -318.0390319824219, -480.668701171875, -336.1258544921875, -492.4991455078125, -434.50341796875, -221.29429626464844, -107.33477020263672, -158.0812530517578], [-1558.8828125, 2941.052978515625, 650.7849731445312, 338.4642639160156, 109.15419006347656, 119.3463134765625, 235.8845672607422, 108.51663208007812, 202.86361694335938, 184.15127563476562, 156.3020782470703, -12.561614990234375, -54.571598052978516], [7.667407035827637, 650.7849731445312, 1163.87158203125, 704.3970947265625, 359.1966552734375, 327.9764404296875, 152.89578247070312, 131.3636932373047, 118.37777709960938, 30.332555770874023, 36.82557678222656, 10.919061660766602, 48.050209045410156], [80.40341186523438, 338.4642639160156, 704.3970947265625, 1009.15673828125, 465.0272216796875, 293.36737060546875, 146.8982696533203, 102.93218994140625, 172.80918884277344, 77.30877685546875, 54.107460021972656, 11.003022193908691, 59.75510787963867], [-3.031036853790283, 109.15419006347656, 359.1966552734375, 465.0272216796875, 635.5088500976562, 286.55712890625, 81.26148223876953, 74.92505645751953, 100.72958374023438, 69.81916046142578, 37.02711868286133, 43.03178405761719, 50.52410888671875], [-318.0390319824219, 119.3463134765625, 327.9764404296875, 293.36737060546875, 286.55712890625, 477.2223205566406, 328.4225769042969, 162.897216796875, 186.50454711914062, 158.70289611816406, 133.45957946777344, 60.57141876220703, 5.475551605224609], [-480.668701171875, 235.8845672607422, 152.89578247070312, 146.8982696533203, 81.26148223876953, 328.4225769042969, 495.6691589355469, 256.7780456542969, 236.62063598632812, 223.06773376464844, 170.13377380371094, 76.40404510498047, 1.132211685180664], [-336.1258544921875, 108.51663208007812, 131.3636932373047, 102.93218994140625, 74.92505645751953, 162.897216796875, 256.7780456542969, 267.8863830566406, 197.9470977783203, 140.91993713378906, 101.47183227539062, 58.94176483154297, 25.148578643798828], [-492.4991455078125, 202.86361694335938, 118.37777709960938, 172.80918884277344, 100.72958374023438, 186.50454711914062, 236.62063598632812, 197.9470977783203, 344.40350341796875, 259.530517578125, 137.8818359375, 71.29678344726562, 25.58732795715332], [-434.50341796875, 184.15127563476562, 30.332555770874023, 77.30877685546875, 69.81916046142578, 158.70289611816406, 223.06773376464844, 140.91993713378906, 259.530517578125, 339.59295654296875, 195.1099090576172, 80.08712005615234, 17.933578491210938], [-221.29429626464844, 156.3020782470703, 36.82557678222656, 54.107460021972656, 37.02711868286133, 133.45957946777344, 170.13377380371094, 101.47183227539062, 137.8818359375, 195.1099090576172, 206.97628784179688, 89.77400207519531, 19.656612396240234], [-107.33477020263672, -12.561614990234375, 10.919061660766602, 11.003022193908691, 43.03178405761719, 60.57141876220703, 76.40404510498047, 58.94176483154297, 71.29678344726562, 80.08712005615234, 89.77400207519531, 127.41959381103516, 68.54017639160156], [-158.0812530517578, -54.571598052978516, 48.050209045410156, 59.75510787963867, 50.52410888671875, 5.475551605224609, 1.132211685180664, 25.148578643798828, 25.58732795715332, 17.933578491210938, 19.656612396240234, 68.54017639160156, 134.68275451660156]], "lowlevel.mfcc.icov": [[0.0001566989958519116, 0.00010105923865921795, -8.293071005027741e-05, -5.684303323505446e-05, -4.404878927743994e-05, 0.0001635634107515216, -1.8651579011930153e-05, 6.956553988857195e-05, 0.00010787103383336216, 8.07987671578303e-05, -0.00011471551260910928, -0.0001394269784213975, 0.00033316315966658294], [0.00010105923865921795, 0.0005254305433481932, -0.00042320252396166325, 5.952758147032e-05, -0.00015109976811800152, 0.0005971658392809331, -0.000411408138461411, 0.0003973604761995375, -0.0002519908593967557, 0.0001755117264110595, -0.0005692953709512949, 0.00020280103490222245, 0.00042213857523165643], [-8.293071005027741e-05, -0.00042320252396166325, 0.002025109948590398, -0.0011015260824933648, 0.00031839567236602306, -0.0014079869724810123, 0.0008108924375846982, -0.0010640184627845883, 0.0005343075026758015, -1.6012168998713605e-05, 0.0005912449560128152, -3.7517198506975546e-05, -0.0005394993931986392], [-5.684303323505446e-05, 5.952758147032e-05, -0.0011015260824933648, 0.002458722796291113, -0.0012426476459950209, 0.0004195579676888883, -0.0006244477699510753, 0.0009305995772592723, -0.0014560117851942778, 0.0008766060345806181, -0.000916662800591439, 0.0013813487021252513, -0.0008691871771588922], [-4.404878927743994e-05, -0.00015109976811800152, 0.00031839567236602306, -0.0012426476459950209, 0.0033822793047875166, -0.0025485579390078783, 0.0017646566266193986, -0.0010925723472610116, 0.0009090962121263146, -0.0012114755809307098, 0.0014930407050997019, -0.0010753461392596364, -0.00033326944685541093], [0.0001635634107515216, 0.0005971658392809331, -0.0014079869724810123, 0.0004195579676888883, -0.0025485579390078783, 0.007463526912033558, -0.004640598315745592, 0.0021816908847540617, -0.0015434364322572947, 0.0015104738995432854, -0.0023653071839362383, 0.00021527463104575872, 0.001362130860798061], [-1.8651579011930153e-05, -0.000411408138461411, 0.0008108924375846982, -0.0006244477699510753, 0.0017646566266193986, -0.004640598315745592, 0.00785844400525093, -0.0051216441206634045, 0.0012553075794130564, -0.0019597020000219345, 0.00036750928848050535, -0.0008727215463295579, 0.000629067188128829], [6.956553988857195e-05, 0.0003973604761995375, -0.0010640184627845883, 0.0009305995772592723, -0.0010925723472610116, 0.0021816908847540617, -0.0051216441206634045, 0.010725426487624645, -0.005160851404070854, 0.0028505048248916864, -0.0018773966003209352, 0.0003677546919789165, -0.0007413376588374376], [0.00010787103383336216, -0.0002519908593967557, 0.0005343075026758015, -0.0014560117851942778, 0.0009090962121263146, -0.0015434364322572947, 0.0012553075794130564, -0.005160851404070854, 0.011245951056480408, -0.00782175175845623, 0.0036306127440184355, -0.002029819181188941, 0.0005627660430036485], [8.07987671578303e-05, 0.0001755117264110595, -1.6012168998713605e-05, 0.0008766060345806181, -0.0012114755809307098, 0.0015104738995432854, -0.0019597020000219345, 0.0028505048248916864, -0.00782175175845623, 0.012834216468036175, -0.008592704311013222, 0.002135330578312278, -0.0003955150314141065], [-0.00011471551260910928, -0.0005692953709512949, 0.0005912449560128152, -0.000916662800591439, 0.0014930407050997019, -0.0023653071839362383, 0.00036750928848050535, -0.0018773966003209352, 0.0036306127440184355, -0.008592704311013222, 0.016008326783776283, -0.007709769066423178, 0.0017555210506543517], [-0.0001394269784213975, 0.00020280103490222245, -3.7517198506975546e-05, 0.0013813487021252513, -0.0010753461392596364, 0.00021527463104575872, -0.0008727215463295579, 0.0003677546919789165, -0.002029819181188941, 0.002135330578312278, -0.007709769066423178, 0.01790194772183895, -0.008231439627707005], [0.00033316315966658294, 0.00042213857523165643, -0.0005394993931986392, -0.0008691871771588922, -0.00033326944685541093, 0.001362130860798061, 0.000629067188128829, -0.0007413376588374376, 0.0005627660430036485, -0.0003955150314141065, 0.0017555210506543517, -0.008231439627707005, 0.012646357528865337]], "metadata.audio_properties.analysis.downmix": "mix", "metadata.audio_properties.codec": "mp3", "metadata.audio_properties.md5_encoded": "f0e4af3bc9851be86585048defa71476", "metadata.tags.file_name": "1183701539160862740.mp3", "metadata.version.essentia": "2.1-beta6-dev", "metadata.version.essentia_git_sha": "v2.1_beta5-1110-g77a6a954", "metadata.version.extractor": "music 2.0", "tonal.chords_key": "Bb", "tonal.chords_scale": "minor"