{"song_id": "1183652374288543854", "download": "https://cdn.discordapp.com/attachments/1135903449314238464/1183652374288543854/chirp.mp4?ex=65891d2d&amp", "lyrics": "(Chorus)\nLife in motion, words in flow,\n\u65e5\u5e38\u751f\u6d3b\uff0c\u6d41\u7545\u7684\u8bdd\u8bed\uff0c\n\"I'm\" plus verb, let's learn and grow.\n\u201c\u6211\u6b63\u5728\u201d\u52a0\u4e0a\u52a8\u8bcd\uff0c\u5b66\u4e60\u4e2d\u6210\u957f\u3002", "style": ["Country</span><span>, Easy Listening</span><span>, boy </span><span>, chinese"], "essentia_features": {"lowlevel.average_loudness": 0.98735111951828, "lowlevel.barkbands_crest.mean": 10.634785652160645, "lowlevel.barkbands_crest.stdev": 3.6409902572631836, "lowlevel.barkbands_flatness_db.mean": 0.13672660291194916, "lowlevel.barkbands_flatness_db.stdev": 0.059533461928367615, "lowlevel.barkbands_kurtosis.mean": 7.008118629455566, "lowlevel.barkbands_kurtosis.stdev": 14.585445404052734, "lowlevel.barkbands_skewness.mean": 2.012561082839966, "lowlevel.barkbands_skewness.stdev": 1.43880033493042, "lowlevel.barkbands_spread.mean": 26.157489776611328, "lowlevel.barkbands_spread.stdev": 15.4000825881958, "lowlevel.dissonance.mean": 0.4695592522621155, "lowlevel.dissonance.stdev": 0.025124838575720787, "lowlevel.dynamic_complexity": 1.861547589302063, "lowlevel.erbbands_crest.mean": 10.402642250061035, "lowlevel.erbbands_crest.stdev": 6.941789627075195, "lowlevel.erbbands_flatness_db.mean": 0.1354452520608902, "lowlevel.erbbands_flatness_db.stdev": 0.04216508939862251, "lowlevel.erbbands_kurtosis.mean": 0.7787798047065735, "lowlevel.erbbands_kurtosis.stdev": 5.4378485679626465, "lowlevel.erbbands_skewness.mean": 0.17386494576931, "lowlevel.erbbands_skewness.stdev": 1.0955665111541748, "lowlevel.erbbands_spread.mean": 52.948936462402344, "lowlevel.erbbands_spread.stdev": 24.054433822631836, "lowlevel.hfc.mean": 26.154335021972656, "lowlevel.hfc.stdev": 17.388172149658203, "lowlevel.loudness_ebu128.integrated": -14.422115325927734, "lowlevel.loudness_ebu128.loudness_range": 0.878936767578125, "lowlevel.loudness_ebu128.momentary.mean": -14.544468879699707, "lowlevel.loudness_ebu128.momentary.stdev": 1.0901824235916138, "lowlevel.loudness_ebu128.short_term.mean": -14.387251853942871, "lowlevel.loudness_ebu128.short_term.stdev": 0.27477341890335083, "lowlevel.melbands_crest.mean": 15.223445892333984, "lowlevel.melbands_crest.stdev": 4.643255233764648, "lowlevel.melbands_flatness_db.mean": 0.21363356709480286, "lowlevel.melbands_flatness_db.stdev": 0.06991969794034958, "lowlevel.melbands_kurtosis.mean": 25.6312313079834, "lowlevel.melbands_kurtosis.stdev": 33.3836555480957, "lowlevel.melbands_skewness.mean": 3.7683000564575195, "lowlevel.melbands_skewness.stdev": 2.212824821472168, "lowlevel.melbands_spread.mean": 21.58808135986328, "lowlevel.melbands_spread.stdev": 14.531740188598633, "lowlevel.pitch_salience.mean": 0.5164810419082642, "lowlevel.pitch_salience.stdev": 0.11482501029968262, "lowlevel.silence_rate_20dB.mean": 1.0, "lowlevel.silence_rate_20dB.stdev": 0.0, "lowlevel.silence_rate_30dB.mean": 1.0, "lowlevel.silence_rate_30dB.stdev": 0.0, "lowlevel.silence_rate_60dB.mean": 0.0013869625981897116, "lowlevel.silence_rate_60dB.stdev": 0.03721589222550392, "lowlevel.spectral_centroid.mean": 1513.1732177734375, "lowlevel.spectral_centroid.stdev": 656.4248657226562, "lowlevel.spectral_complexity.mean": 20.38141441345215, "lowlevel.spectral_complexity.stdev": 10.303450584411621, "lowlevel.spectral_decrease.mean": -9.597795447291446e-09, "lowlevel.spectral_decrease.stdev": 5.323697038761566e-09, "lowlevel.spectral_energy.mean": 0.03859658166766167, "lowlevel.spectral_energy.stdev": 0.020823778584599495, "lowlevel.spectral_energyband_high.mean": 0.0016689515905454755, "lowlevel.spectral_energyband_high.stdev": 0.001922075403854251, "lowlevel.spectral_energyband_low.mean": 0.018486076965928078, "lowlevel.spectral_energyband_low.stdev": 0.016105128452181816, "lowlevel.spectral_energyband_middle_high.mean": 0.006869153585284948, "lowlevel.spectral_energyband_middle_high.stdev": 0.008189642801880836, "lowlevel.spectral_energyband_middle_low.mean": 0.014360209926962852, "lowlevel.spectral_energyband_middle_low.stdev": 0.011495012789964676, "lowlevel.spectral_entropy.mean": 7.70582389831543, "lowlevel.spectral_entropy.stdev": 0.4579266905784607, "lowlevel.spectral_flux.mean": 0.09329807758331299, "lowlevel.spectral_flux.stdev": 0.050140660256147385, "lowlevel.spectral_kurtosis.mean": 2.965545654296875, "lowlevel.spectral_kurtosis.stdev": 2.7330613136291504, "lowlevel.spectral_rms.mean": 0.005924607161432505, "lowlevel.spectral_rms.stdev": 0.0015981907490640879, "lowlevel.spectral_rolloff.mean": 1257.6475830078125, "lowlevel.spectral_rolloff.stdev": 1278.6094970703125, "lowlevel.spectral_skewness.mean": 1.1491464376449585, "lowlevel.spectral_skewness.stdev": 0.4506191909313202, "lowlevel.spectral_spread.mean": 4916443.0, "lowlevel.spectral_spread.stdev": 1042419.0, "lowlevel.spectral_strongpeak.mean": 1.051367998123169, "lowlevel.spectral_strongpeak.stdev": 1.5291101932525635, "lowlevel.zerocrossingrate.mean": 0.05925066024065018, "lowlevel.zerocrossingrate.stdev": 0.02878081612288952, "metadata.audio_properties.analysis.equal_loudness": 0.0, "metadata.audio_properties.analysis.length": 16.703990936279297, "metadata.audio_properties.analysis.sample_rate": 44100.0, "metadata.audio_properties.analysis.start_time": 0.0, "metadata.audio_properties.bit_rate": 120861.0, "metadata.audio_properties.length": 16.70400047302246, "metadata.audio_properties.lossless": 0.0, "metadata.audio_properties.number_channels": 1.0, "metadata.audio_properties.replay_gain": -11.551523208618164, "metadata.audio_properties.sample_rate": 48000.0, "rhythm.beats_count": 37.0, "rhythm.beats_loudness.mean": 0.05123221129179001, "rhythm.beats_loudness.stdev": 0.015730636194348335, "rhythm.bpm": 137.33575439453125, "rhythm.bpm_histogram_first_peak_bpm": 136.0, "rhythm.bpm_histogram_first_peak_weight": 0.3636363744735718, "rhythm.bpm_histogram_second_peak_bpm": 123.0, "rhythm.bpm_histogram_second_peak_spread": 0.3333333730697632, "rhythm.bpm_histogram_second_peak_weight": 0.0555555559694767, "rhythm.danceability": 1.7027249336242676, "rhythm.onset_rate": 3.768310785293579, "tonal.chords_changes_rate": 0.049861494451761246, "tonal.chords_number_rate": 0.011080332100391388, "tonal.chords_strength.mean": 0.5777353048324585, "tonal.chords_strength.stdev": 0.08259070664644241, "tonal.hpcp_crest.mean": 14.37560749053955, "tonal.hpcp_crest.stdev": 6.985172271728516, "tonal.hpcp_entropy.mean": 1.9227606058120728, "tonal.hpcp_entropy.stdev": 0.7384893298149109, "tonal.key_edma.strength": 0.7917912602424622, "tonal.key_krumhansl.strength": 0.7782981991767883, "tonal.key_temperley.strength": 0.7633411884307861, "tonal.tuning_diatonic_strength": 0.675868809223175, "tonal.tuning_equal_tempered_deviation": 0.20282748341560364, "tonal.tuning_frequency": 434.193115234375, "tonal.tuning_nontempered_energy_ratio": 0.9369694590568542, "lowlevel.barkbands.mean": [0.0007564269471913576, 0.009088761173188686, 0.006692365277558565, 0.004377758130431175, 0.004783939570188522, 0.00100434641353786, 0.0008425217238254845, 0.0012609971454367042, 0.0005428363801911473, 0.0030676680617034435, 0.000946771411690861, 0.0007923213997855783, 0.00019119684293400496, 0.0003386961470823735, 0.00040252049802802503, 0.0005336166941560805, 0.0004985341802239418, 0.00024233743897639215, 0.00036598669248633087, 0.00045935477828606963, 0.0005724722286686301, 0.00040722632547840476, 0.00016165169654414058, 0.00010873686551349238, 0.00010009953257394955, 5.475287980516441e-05, 2.6857437660510186e-06], "lowlevel.barkbands.stdev": [0.0009334935457445681, 0.01116114016622305, 0.008211802691221237, 0.004920287523418665, 0.00726373540237546, 0.0018191216513514519, 0.0015935777919366956, 0.0028762726578861475, 0.0015128611121326685, 0.006706301588565111, 0.003146836068481207, 0.0027858621906489134, 0.0004638701502699405, 0.0008153615053743124, 0.001146511291153729, 0.0013345215702429414, 0.0010754599934443831, 0.0002484621072653681, 0.00037094647996127605, 0.0004638234677258879, 0.0008275820873677731, 0.0006092076655477285, 0.0002235809079138562, 0.0001567374711157754, 0.0001271349610760808, 7.07702201907523e-05, 5.882389359612716e-06], "lowlevel.erbbands.mean": [0.3056761622428894, 1.876507043838501, 6.791881561279297, 11.958352088928223, 15.045169830322266, 16.83977699279785, 10.858519554138184, 8.968520164489746, 13.137063980102539, 22.637052536010742, 17.257347106933594, 13.846835136413574, 86.62657928466797, 50.98286819458008, 51.546504974365234, 37.063961029052734, 11.055893898010254, 16.15140724182129, 18.496337890625, 23.268184661865234, 32.43531799316406, 24.7224178314209, 15.58547306060791, 17.83260154724121, 18.469802856445312, 22.174381256103516, 24.52384376525879, 20.701780319213867, 16.263444900512695, 7.630262851715088, 4.135361671447754, 2.5609352588653564, 1.7279337644577026, 1.1897996664047241, 0.6751627922058105, 0.2916891872882843, 0.08839018642902374, 0.01397374365478754, 0.0003552159178070724, 5.707717718905769e-05], "lowlevel.erbbands.stdev": [0.39097437262535095, 2.522895336151123, 8.782641410827637, 11.084200859069824, 20.364347457885742, 30.132553100585938, 18.970901489257812, 16.16850471496582, 24.244815826416016, 48.585811614990234, 50.28957748413086, 34.49336624145508, 210.139404296875, 143.00477600097656, 156.90652465820312, 134.60011291503906, 21.248008728027344, 34.85209274291992, 55.137569427490234, 54.672977447509766, 82.91263580322266, 47.7030029296875, 22.340770721435547, 19.97750473022461, 19.46644401550293, 22.944067001342773, 32.560752868652344, 30.3376407623291, 24.621091842651367, 11.188092231750488, 5.64786958694458, 3.7362864017486572, 2.4615767002105713, 1.6529717445373535, 0.8254438042640686, 0.3705572187900543, 0.12370724976062775, 0.0232758279889822, 0.0005928435712121427, 3.207695408491418e-05], "lowlevel.gfcc.mean": [29.561105728149414, 80.22051239013672, -100.2721176147461, 55.71432876586914, -50.45594787597656, 14.652225494384766, -29.22265625, 10.901288032531738, -31.809444427490234, 4.774519920349121, -26.90807342529297, 2.0200722217559814, -8.984784126281738], "lowlevel.melbands.mean": [0.0025505058001726866, 0.0031887118238955736, 0.002221239497885108, 0.0011110916966572404, 0.0004965454572811723, 0.00020203767053317279, 0.00019058326142840087, 0.00026987234014086425, 0.00011821369116660208, 9.28888694033958e-05, 0.000440346309915185, 0.00021301985543686897, 0.0001361145405098796, 0.00012542448530439287, 5.0335733249085024e-05, 1.600237919774372e-05, 3.30535440298263e-05, 2.8876951546408236e-05, 2.8417696739779785e-05, 3.480697705526836e-05, 3.757148442673497e-05, 2.4442988433293067e-05, 2.2609745428781025e-05, 1.0867490345844999e-05, 1.4743869542144239e-05, 1.2964811503479723e-05, 1.350796355836792e-05, 1.485247503296705e-05, 1.5172375242400449e-05, 1.4451679817284457e-05, 1.1509840987855569e-05, 1.0292138540535234e-05, 5.815349140902981e-06, 3.621225005190354e-06, 2.4319331259903265e-06, 1.8939555275210296e-06, 1.4493050457531353e-06, 1.2532499340522918e-06, 1.037216520671791e-06, 9.87932594398444e-07], "lowlevel.melbands.stdev": [0.0030847452580928802, 0.0037715190555900335, 0.0020095896907150745, 0.001644893898628652, 0.0008733145077712834, 0.000356166681740433, 0.00034969105035997927, 0.0005862733814865351, 0.000368900946341455, 0.00024713375023566186, 0.0010672493372112513, 0.0006463947938755155, 0.0004318254650570452, 0.00036236850428394973, 0.0001583732373546809, 2.6813484510057606e-05, 7.945620745886117e-05, 9.257077181246132e-05, 8.437202632194385e-05, 7.198490493465215e-05, 9.322159894509241e-05, 4.065018583787605e-05, 6.143684731796384e-05, 1.1516406630107667e-05, 1.762829560902901e-05, 1.444774170522578e-05, 1.4106724847806618e-05, 1.6405099813709967e-05, 1.9625640561571345e-05, 2.191064413636923e-05, 1.782696563168429e-05, 1.6066094758571126e-05, 9.127211342274677e-06, 5.476443675433984e-06, 3.503995458231657e-06, 2.676403482837486e-06, 2.2427921066991985e-06, 1.8817452200892149e-06, 1.4357278814713936e-06, 1.4530930911860196e-06], "lowlevel.melbands128.mean": [0.0006305119022727013, 0.002655098447576165, 0.0029629275668412447, 0.003102564485743642, 0.003357489826157689, 0.0033061474096029997, 0.002383733168244362, 0.002255032304674387, 0.0014211902162060142, 0.0009833096992224455, 0.0009550853865221143, 0.0008245317148976028, 0.0003011740045621991, 0.00019760981376748532, 0.0001848329120548442, 0.00022023965721018612, 0.0002332108124392107, 0.0001950128353200853, 0.00011692127009155229, 0.0002684963692445308, 0.0003851888468489051, 0.00015956924471538514, 9.734350896906108e-05, 4.2207979277009144e-05, 5.6981192756211385e-05, 6.451549415942281e-05, 0.00027655623853206635, 0.000691313820425421, 0.00031825376208871603, 0.00034459950984455645, 0.0001344552292721346, 2.4891736757126637e-05, 0.00010413887503091246, 0.00030763389077037573, 6.920471059856936e-05, 0.00011849529255414382, 0.00012047027848893777, 2.6625190002960153e-05, 3.056681453017518e-05, 1.686523319222033e-05, 1.2938326108269393e-05, 1.249600336450385e-05, 3.375111555214971e-05, 4.834423816646449e-05, 2.2935899323783815e-05, 2.928664798673708e-05, 3.106977237621322e-05, 2.0172243239358068e-05, 3.381023270776495e-05, 3.217565972590819e-05, 2.9439233912853524e-05, 4.2129609937546775e-05, 4.8064608563436195e-05, 3.0305604013847187e-05, 2.9384002118604258e-05, 1.559181691845879e-05, 2.6067462385981344e-05, 3.9327627746388316e-05, 1.344296288152691e-05, 9.099898306885734e-06, 9.620701348467264e-06, 1.1058481504733209e-05, 1.9306113244965672e-05, 1.4414986253541429e-05, 1.0775674127216917e-05, 1.2414969205565285e-05, 1.5382787751150317e-05, 1.2076426173734944e-05, 1.197510846395744e-05, 1.7705651771393605e-05, 1.321045510849217e-05, 1.4866155652271118e-05, 1.5714038454461843e-05, 1.4601437214878388e-05, 1.5067130334500689e-05, 1.710511241981294e-05, 1.2962643268110696e-05, 1.0095854122482706e-05, 1.205583794217091e-05, 1.1702913980116136e-05, 1.1883120350830723e-05, 9.396287168783601e-06, 7.322948931687279e-06, 5.59784075448988e-06, 4.403206730785314e-06, 3.888689207087737e-06, 3.3766161777748493e-06, 2.925391981989378e-06, 2.4154553557309555e-06, 2.024157538471627e-06, 2.082852233797894e-06, 1.938435843840125e-06, 1.4453620451604365e-06, 1.3872306681150803e-06, 1.504396664131491e-06, 1.3507601579476614e-06, 1.194074116028787e-06, 1.1340664514136733e-06, 9.82790652415133e-07, 9.858607654678053e-07, 1.129695306190115e-06, 9.248321930499515e-07, 9.465522907703416e-07, 8.3398344941088e-07, 7.878363135205291e-07, 7.029224775578768e-07, 5.743411861658387e-07, 5.945663588136085e-07, 5.019766149416682e-07, 4.518039418144326e-07, 3.547500284639682e-07, 2.7481371489557205e-07, 2.783272066153586e-07, 2.502421523331577e-07, 2.121367259633189e-07, 1.3931604314620927e-07, 9.072538631471616e-08, 2.4785153485140654e-08, 1.4795051850313712e-09, 5.6699788093805825e-12, 5.097980197710239e-12, 4.898217682153261e-12, 4.779561729034709e-12, 4.674490829137401e-12, 4.498401651176209e-12, 4.250786788534411e-12, 4.109212102532123e-12, 4.070452308546635e-12], "lowlevel.melbands128.stdev": [0.0008402700768783689, 0.003536597592756152, 0.004092515911906958, 0.004797444678843021, 0.0051974086090922356, 0.00396135076880455, 0.0024928227066993713, 0.0030183542985469103, 0.0022857000585645437, 0.002198199275881052, 0.0019173925975337625, 0.0017710983520373702, 0.0006332322373054922, 0.0005684440257027745, 0.00046018059947527945, 0.0004351579991634935, 0.0004857591411564499, 0.0005251561524346471, 0.00026490751770325005, 0.0007162765832617879, 0.0009267280693165958, 0.0005648981314152479, 0.0005411388701759279, 0.00015589897520840168, 0.0002565082395449281, 0.00031545499223284423, 0.0008238815353251994, 0.0019403657643124461, 0.0010941880755126476, 0.0012529416708275676, 0.0005567077896557748, 9.276340279029682e-05, 0.00035592191852629185, 0.0011197120184078813, 0.00023318143212236464, 0.0005833313334733248, 0.0005651591345667839, 9.303005936089903e-05, 0.0001148583396570757, 3.2519637898076326e-05, 2.730643973336555e-05, 2.343065534660127e-05, 9.151524864137173e-05, 0.0001542535173939541, 9.89229156402871e-05, 0.00015020676073618233, 0.00012344690912868828, 7.874139555497095e-05, 0.00014981129788793623, 0.00011503973655635491, 6.96766801411286e-05, 0.0001534945477033034, 0.00020013492030557245, 6.821765418862924e-05, 6.557290180353448e-05, 2.0849198335781693e-05, 8.742573845665902e-05, 0.00015749809972476214, 1.7367692635161802e-05, 1.1513636309246067e-05, 1.3618905541079585e-05, 1.5420777344843373e-05, 3.59799487341661e-05, 1.944595896929968e-05, 1.3311454495124053e-05, 1.6706368114682846e-05, 2.5629835363361053e-05, 1.7880714949569665e-05, 1.5529274605796672e-05, 2.5806941266637295e-05, 1.7865186237031594e-05, 2.054907599813305e-05, 2.187412064813543e-05, 2.1695521354558878e-05, 2.7831714760395698e-05, 2.7385371140553616e-05, 2.146076803910546e-05, 1.5807374438736588e-05, 2.1107289285282604e-05, 2.107535328832455e-05, 2.0499175661825575e-05, 1.687012263573706e-05, 1.3598972145700827e-05, 9.284801308240276e-06, 7.405560609186068e-06, 6.69083783577662e-06, 5.266263542580418e-06, 5.1348602028156165e-06, 3.880932581523666e-06, 2.9218028885225067e-06, 2.9905786504969e-06, 3.2111308883031597e-06, 2.356242703172029e-06, 2.372593826294178e-06, 2.5639253635745263e-06, 2.286116341565503e-06, 1.9757715108426055e-06, 1.7329649608655018e-06, 1.4862948773952667e-06, 1.4946307373975287e-06, 1.8015869045484578e-06, 1.5274757743100054e-06, 1.4533798093907535e-06, 1.2125323110012687e-06, 1.0357754263168317e-06, 9.531322575639933e-07, 7.539907755926833e-07, 8.417279104833142e-07, 7.340200340877345e-07, 6.781488650631218e-07, 5.350229912437499e-07, 4.0561945979789016e-07, 4.461610103589919e-07, 4.908710593554133e-07, 4.288116315365187e-07, 2.678819441825908e-07, 1.8322683104088355e-07, 9.462768701951063e-08, 1.1609897931919022e-08, 1.057097031437193e-11, 9.112239608699557e-12, 8.771962323184113e-12, 8.649564571527879e-12, 8.315625965593654e-12, 7.36241189541742e-12, 6.33896971372061e-12, 6.136040460458236e-12, 6.105499786301927e-12], "lowlevel.mfcc.mean": [-618.1668701171875, 104.51882934570312, 10.378876686096191, 47.08247375488281, 4.82006311416626, 13.390022277832031, 7.7402119636535645, 3.7091472148895264, 9.818574905395508, -3.4917056560516357, -4.95923376083374, -2.518832206726074, -0.7023547887802124], "lowlevel.spectral_contrast_coeffs.mean": [-0.6810835003852844, -0.7482209801673889, -0.7496700882911682, -0.8020148873329163, -0.8036752343177795, -0.7122085690498352], "lowlevel.spectral_contrast_coeffs.stdev": [0.08195076137781143, 0.07117027044296265, 0.10265449434518814, 0.052815865725278854, 0.03622081130743027, 0.03922845795750618], "lowlevel.spectral_contrast_valleys.mean": [-6.290728569030762, -6.976681709289551, -7.4317307472229, -7.513598918914795, -6.990091323852539, -10.008336067199707], "lowlevel.spectral_contrast_valleys.stdev": [0.5979868173599243, 0.5942602753639221, 0.5942429304122925, 0.5852903723716736, 0.6090490221977234, 0.9476944804191589], "rhythm.beats_loudness_band_ratio.mean": [0.49927324056625366, 0.16888540983200073, 0.1659022867679596, 0.12706880271434784, 0.05366602912545204, 0.06689488142728806], "rhythm.beats_loudness_band_ratio.stdev": [0.2192278951406479, 0.14197370409965515, 0.1493753045797348, 0.13076402246952057, 0.037767667323350906, 0.042468465864658356], "tonal.hpcp.mean": [0.19354930520057678, 0.19990943372249603, 0.07565648853778839, 0.04381450265645981, 0.046052224934101105, 0.03424420207738876, 0.04442223906517029, 0.06475602090358734, 0.10007812827825546, 0.32076501846313477, 0.3335876166820526, 0.104509137570858, 0.04602621868252754, 0.037074778228998184, 0.034286245703697205, 0.07911772280931473, 0.11180756241083145, 0.06714572012424469, 0.028560474514961243, 0.018735919147729874, 0.0360078290104866, 0.12672704458236694, 0.14258071780204773, 0.10546314716339111, 0.21281054615974426, 0.2093641310930252, 0.08721712231636047, 0.06041187047958374, 0.0594617985188961, 0.09925474226474762, 0.23413240909576416, 0.2522851526737213, 0.11998099088668823, 0.07180432230234146, 0.0678572952747345, 0.07869242131710052], "tonal.hpcp.stdev": [0.3186551034450531, 0.34544748067855835, 0.1680397391319275, 0.12033799290657043, 0.13025793433189392, 0.09673883765935898, 0.1215178593993187, 0.16619767248630524, 0.1810835897922516, 0.37269696593284607, 0.38924214243888855, 0.17369775474071503, 0.1427297294139862, 0.11690040677785873, 0.09943871200084686, 0.17051605880260468, 0.2313869297504425, 0.14578939974308014, 0.09175138920545578, 0.05865194648504257, 0.09108863025903702, 0.23106998205184937, 0.25452810525894165, 0.1988929957151413, 0.33358290791511536, 0.3484572470188141, 0.20115937292575836, 0.17535239458084106, 0.16895337402820587, 0.21261003613471985, 0.3243027329444885, 0.35231709480285645, 0.21350997686386108, 0.17805613577365875, 0.18267488479614258, 0.18660199642181396], "rhythm.beats_position": [0.4527890980243683, 0.9404081702232361, 1.4280271530151367, 1.904036283493042, 2.345215320587158, 2.7863945960998535, 3.2275736331939697, 3.668752670288086, 4.109931945800781, 4.551111221313477, 4.980679988861084, 5.41024923324585, 5.851428508758545, 6.29260778427124, 6.722176551818848, 7.151745796203613, 7.592925071716309, 8.034104347229004, 8.4752836227417, 8.904852867126465, 9.346031188964844, 9.77560043334961, 10.216779708862305, 10.657958984375, 11.087528228759766, 11.517097473144531, 11.958276748657227, 12.399456024169922, 12.829024314880371, 13.258593559265137, 13.699772834777832, 14.140952110290527, 14.582131385803223, 15.011700630187988, 15.452879905700684, 15.88244915008545, 16.323627471923828], "rhythm.bpm_histogram": [0.0, 0.0, 0.0, 0.0, 0.0, 0.0, 0.0, 0.0, 0.0, 0.0, 0.0, 0.0, 0.0, 0.0, 0.0, 0.0, 0.0, 0.0, 0.0, 0.0, 0.0, 0.0, 0.0, 0.0, 0.0, 0.0, 0.0, 0.0, 0.0, 0.0, 0.0, 0.0, 0.0, 0.0, 0.0, 0.0, 0.0, 0.0, 0.0, 0.0, 0.0, 0.0, 0.0, 0.0, 0.0, 0.0, 0.0, 0.0, 0.0, 0.0, 0.0, 0.0, 0.0, 0.0, 0.0, 0.0, 0.0, 0.0, 0.0, 0.0, 0.0, 0.0, 0.0, 0.0, 0.0, 0.0, 0.0, 0.0, 0.0, 0.0, 0.0, 0.0, 0.0, 0.0, 0.0, 0.0, 0.0, 0.0, 0.0, 0.0, 0.0, 0.0, 0.0, 0.0, 0.0, 0.0, 0.0, 0.0, 0.0, 0.0, 0.0, 0.0, 0.0, 0.0, 0.0, 0.0, 0.0, 0.0, 0.0, 0.0, 0.0, 0.0, 0.0, 0.0, 0.0, 0.0, 0.0, 0.0, 0.0, 0.0, 0.0, 0.0, 0.0, 0.0, 0.0, 0.0, 0.0, 0.0, 0.0, 0.0, 0.0, 0.0, 0.0, 0.0555555559694767, 0.0, 0.0, 0.02777777798473835, 0.0, 0.0, 0.0, 0.0, 0.0, 0.0, 0.0, 0.0, 0.0, 0.5833333134651184, 0.0, 0.0, 0.0, 0.3333333432674408, 0.0, 0.0, 0.0, 0.0, 0.0, 0.0, 0.0, 0.0, 0.0, 0.0, 0.0, 0.0, 0.0, 0.0, 0.0, 0.0, 0.0, 0.0, 0.0, 0.0, 0.0, 0.0, 0.0, 0.0, 0.0, 0.0, 0.0, 0.0, 0.0, 0.0, 0.0, 0.0, 0.0, 0.0, 0.0, 0.0, 0.0, 0.0, 0.0, 0.0, 0.0, 0.0, 0.0, 0.0, 0.0, 0.0, 0.0, 0.0, 0.0, 0.0, 0.0, 0.0, 0.0, 0.0, 0.0, 0.0, 0.0, 0.0, 0.0, 0.0, 0.0, 0.0, 0.0, 0.0, 0.0, 0.0, 0.0, 0.0, 0.0, 0.0, 0.0, 0.0, 0.0, 0.0, 0.0, 0.0, 0.0, 0.0, 0.0, 0.0, 0.0, 0.0, 0.0, 0.0, 0.0, 0.0, 0.0, 0.0, 0.0, 0.0, 0.0, 0.0, 0.0, 0.0, 0.0, 0.0, 0.0, 0.0, 0.0, 0.0, 0.0, 0.0, 0.0, 0.0, 0.0, 0.0, 0.0, 0.0, 0.0], "tonal.chords_histogram": [45.98337936401367, 0.0, 0.0, 0.0, 0.0, 0.0, 0.0, 0.0, 0.0, 0.0, 0.0, 0.0, 0.0, 0.0, 0.0, 4.155124664306641, 0.0, 0.0, 0.0, 0.2770083248615265, 0.0, 0.0, 25.20775604248047, 24.376731872558594], "tonal.thpcp": [1.0, 0.3132884204387665, 0.13797339797019958, 0.11113955080509186, 0.10278033465147018, 0.23717224597930908, 0.3351669907569885, 0.20128360390663147, 0.0856161117553711, 0.05616491287946701, 0.1079411432147026, 0.3798913359642029, 0.4274160861968994, 0.3161482810974121, 0.6379449963569641, 0.6276136040687561, 0.26145192980766296, 0.18109746277332306, 0.17824941873550415, 0.297537237405777, 0.7018617987632751, 0.7562785148620605, 0.3596686124801636, 0.21524876356124878, 0.20341670513153076, 0.23589730262756348, 0.5802053213119507, 0.5992711186408997, 0.2267964482307434, 0.1313433200120926, 0.1380513608455658, 0.10265429317951202, 0.1331651359796524, 0.19411997497081757, 0.3000055253505707, 0.9615615010261536], "lowlevel.gfcc.cov": [[3396.642333984375, -1010.280029296875, -273.4138488769531, -261.0533752441406, -288.451904296875, 278.26568603515625, -18.629669189453125, 203.84266662597656, -97.31449890136719, 271.7946472167969, -65.95410919189453, 268.968505859375, -80.06282806396484], [-1010.280029296875, 771.0536499023438, 0.687158465385437, -28.04908561706543, 248.31443786621094, -148.64913940429688, 118.75991821289062, -40.51182556152344, 60.94464111328125, -75.58258819580078, 43.494728088378906, -110.47225189208984, 90.84532928466797], [-273.4138488769531, 0.687158465385437, 279.63873291015625, 138.58016967773438, -15.449701309204102, -12.10722827911377, -38.480690002441406, -24.039501190185547, 13.398539543151855, -28.270360946655273, 17.879194259643555, -14.125146865844727, -15.692973136901855], [-261.0533752441406, -28.04908561706543, 138.58016967773438, 405.8846740722656, -9.34028434753418, 16.58287239074707, -62.80794143676758, -58.49510192871094, 64.87761688232422, -15.342504501342773, 39.94208526611328, -22.598752975463867, 6.910696983337402], [-288.451904296875, 248.31443786621094, -15.449701309204102, -9.34028434753418, 268.0453186035156, -2.4511380195617676, 94.71977996826172, 47.300289154052734, 32.939453125, 24.08289909362793, 12.96162223815918, 1.9792602062225342, 55.877559661865234], [278.26568603515625, -148.64913940429688, -12.10722827911377, 16.58287239074707, -2.4511380195617676, 192.415283203125, 60.834190368652344, 19.303014755249023, -8.250142097473145, 43.54594039916992, 17.157865524291992, 29.420595169067383, -1.8537850379943848], [-18.629669189453125, 118.75991821289062, -38.480690002441406, -62.80794143676758, 94.71977996826172, 60.834190368652344, 209.4537353515625, 60.44451904296875, 4.61221981048584, 36.61376953125, 15.627830505371094, 13.499617576599121, 34.71266555786133], [203.84266662597656, -40.51182556152344, -24.039501190185547, -58.49510192871094, 47.300289154052734, 19.303014755249023, 60.44451904296875, 135.19313049316406, 23.845972061157227, 42.528114318847656, -9.472753524780273, 40.96747589111328, 24.231342315673828], [-97.31449890136719, 60.94464111328125, 13.398539543151855, 64.87761688232422, 32.939453125, -8.250142097473145, 4.61221981048584, 23.845972061157227, 77.04161834716797, 14.202346801757812, 7.603703022003174, -6.585097312927246, 10.54383373260498], [271.7946472167969, -75.58258819580078, -28.270360946655273, -15.342504501342773, 24.08289909362793, 43.54594039916992, 36.61376953125, 42.528114318847656, 14.202346801757812, 120.84780883789062, 19.404747009277344, 41.83076858520508, 1.721769094467163], [-65.95410919189453, 43.494728088378906, 17.879194259643555, 39.94208526611328, 12.96162223815918, 17.157865524291992, 15.627830505371094, -9.472753524780273, 7.603703022003174, 19.404747009277344, 71.53108978271484, 18.77372932434082, -9.440314292907715], [268.968505859375, -110.47225189208984, -14.125146865844727, -22.598752975463867, 1.9792602062225342, 29.420595169067383, 13.499617576599121, 40.96747589111328, -6.585097312927246, 41.83076858520508, 18.77372932434082, 93.73761749267578, 21.363889694213867], [-80.06282806396484, 90.84532928466797, -15.692973136901855, 6.910696983337402, 55.877559661865234, -1.8537850379943848, 34.71266555786133, 24.231342315673828, 10.54383373260498, 1.721769094467163, -9.440314292907715, 21.363889694213867, 106.53062438964844]], "lowlevel.gfcc.icov": [[0.0007489968556910753, 0.00019066932145506144, 0.0004874285659752786, 2.0951658370904624e-05, 0.0005622681346721947, -0.0005466773873195052, 0.0002130227512679994, -0.000596880039665848, 0.0004641503910534084, -0.0009859094861894846, 0.000978128518909216, -0.0013049679109826684, 0.0005510475602932274], [0.00019066932145506144, 0.007206300273537636, -0.0002053256903309375, 0.0024897039402276278, -0.004052175674587488, 0.0043549262918531895, -0.003064833115786314, 0.0031847700010985136, -0.00443031033501029, 0.0025938914623111486, -0.0077280644327402115, 0.00762380613014102, -0.005535385105758905], [0.0004874285659752786, -0.0002053256903309375, 0.004843034315854311, -0.0017175518441945314, 0.0005237975274212658, -0.00026325834915041924, 0.00047656777314841747, -0.0011282573686912656, 0.001101196394301951, 0.00013852449774276465, 0.000375004397938028, -0.0011961350683122873, 0.0013501609209924936], [2.0951658370904624e-05, 0.0024897039402276278, -0.0017175518441945314, 0.005188130307942629, -0.0013076262548565865, 0.0004043972585350275, 4.256428292137571e-05, 0.0029133164789527655, -0.005365269258618355, 0.001114366459660232, -0.004450951237231493, 0.0032363967038691044, -0.003211007686331868], [0.0005622681346721947, -0.004052175674587488, 0.0005237975274212658, -0.0013076262548565865, 0.008099892176687717, -0.002380172722041607, 0.0001589884632267058, -0.003100717905908823, 0.0016729225171729922, -0.002892754739150405, 0.004237732384353876, -0.004514123313128948, 0.0015655786264687777], [-0.0005466773873195052, 0.0043549262918531895, -0.00026325834915041924, 0.0004043972585350275, -0.002380172722041607, 0.009926234371960163, -0.004418753553181887, 0.002427083672955632, -0.0016080685891211033, 0.0008686765795573592, -0.00567162549123168, 0.004626088310033083, -0.0031658338848501444], [0.0002130227512679994, -0.003064833115786314, 0.00047656777314841747, 4.256428292137571e-05, 0.0001589884632267058, -0.004418753553181887, 0.009202192537486553, -0.004095425829291344, 0.00276119913905859, -0.0020333926659077406, 0.0011820566141977906, -0.0016109811840578914, 0.0008012580801732838], [-0.000596880039665848, 0.0031847700010985136, -0.0011282573686912656, 0.0029133164789527655, -0.003100717905908823, 0.002427083672955632, -0.004095425829291344, 0.014808844774961472, -0.007945897057652473, 0.0004647642490454018, -0.0005363279487937689, -0.0005446182331070304, -0.0030443009454756975], [0.0004641503910534084, -0.00443031033501029, 0.001101196394301951, -0.005365269258618355, 0.0016729225171729922, -0.0016080685891211033, 0.00276119913905859, -0.007945897057652473, 0.022653624415397644, -0.00470474548637867, 0.004090512171387672, -0.0020022753160446882, 0.0032371992710977793], [-0.0009859094861894846, 0.0025938914623111486, 0.00013852449774276465, 0.001114366459660232, -0.002892754739150405, 0.0008686765795573592, -0.0020333926659077406, 0.0004647642490454018, -0.00470474548637867, 0.014243129640817642, -0.006109578534960747, 0.0009106755023822188, -0.0014041129034012556], [0.000978128518909216, -0.0077280644327402115, 0.000375004397938028, -0.004450951237231493, 0.004237732384353876, -0.00567162549123168, 0.0011820566141977906, -0.0005363279487937689, 0.004090512171387672, -0.006109578534960747, 0.0291789248585701, -0.016435880213975906, 0.01066033449023962], [-0.0013049679109826684, 0.00762380613014102, -0.0011961350683122873, 0.0032363967038691044, -0.004514123313128948, 0.004626088310033083, -0.0016109811840578914, -0.0005446182331070304, -0.0020022753160446882, 0.0009106755023822188, -0.016435880213975906, 0.02853734977543354, -0.011767095886170864], [0.0005510475602932274, -0.005535385105758905, 0.0013501609209924936, -0.003211007686331868, 0.0015655786264687777, -0.0031658338848501444, 0.0008012580801732838, -0.0030443009454756975, 0.0032371992710977793, -0.0014041129034012556, 0.01066033449023962, -0.011767095886170864, 0.017490535974502563]], "lowlevel.mfcc.cov": [[3504.39404296875, -961.42041015625, -98.26144409179688, -419.0613708496094, -216.8225860595703, 8.044195175170898, -23.201417922973633, -3.311445713043213, 3.3356244564056396, 29.626766204833984, 0.5028937458992004, 90.3755874633789, 149.45989990234375], [-961.42041015625, 837.73291015625, -232.60935974121094, 81.73263549804688, 46.83233642578125, -65.34260559082031, 87.57026672363281, -9.506097793579102, 73.32571411132812, 34.65801239013672, 7.720199108123779, -61.999359130859375, -34.96257781982422], [-98.26144409179688, -232.60935974121094, 358.2028503417969, 61.244564056396484, 10.15063190460205, 35.780860900878906, -58.14754867553711, 8.165010452270508, -79.98033142089844, -23.204795837402344, 4.086916446685791, 20.11250114440918, -24.883424758911133], [-419.0613708496094, 81.73263549804688, 61.244564056396484, 276.64276123046875, 89.47628021240234, 24.956016540527344, -10.88192367553711, -2.2544195652008057, 23.721755981445312, -12.884708404541016, 29.539770126342773, 23.83787727355957, -3.1631550788879395], [-216.8225860595703, 46.83233642578125, 10.15063190460205, 89.47628021240234, 158.81082153320312, 20.067852020263672, -11.192688941955566, 12.029630661010742, 14.900579452514648, -3.1529808044433594, 12.032373428344727, 3.297698974609375, 10.171308517456055], [8.044195175170898, -65.34260559082031, 35.780860900878906, 24.956016540527344, 20.067852020263672, 147.57264709472656, 40.65597915649414, 8.434494972229004, 0.5180496573448181, 16.936710357666016, 25.24814224243164, 18.27631950378418, 8.576432228088379], [-23.201417922973633, 87.57026672363281, -58.14754867553711, -10.88192367553711, -11.192688941955566, 40.65597915649414, 136.13372802734375, 32.85007095336914, 50.86410140991211, 16.58049201965332, 25.397138595581055, 18.799833297729492, 19.53910255432129], [-3.311445713043213, -9.506097793579102, 8.165010452270508, -2.2544195652008057, 12.029630661010742, 8.434494972229004, 32.85007095336914, 85.63903045654297, 25.733192443847656, 5.430356025695801, 10.276580810546875, 10.688961029052734, 7.925827980041504], [3.3356244564056396, 73.32571411132812, -79.98033142089844, 23.721755981445312, 14.900579452514648, 0.5180496573448181, 50.86410140991211, 25.733192443847656, 137.66432189941406, 33.75069808959961, 14.307595252990723, -7.563714504241943, 22.245573043823242], [29.626766204833984, 34.65801239013672, -23.204795837402344, -12.884708404541016, -3.1529808044433594, 16.936710357666016, 16.58049201965332, 5.430356025695801, 33.75069808959961, 66.49627685546875, 17.23297882080078, -14.761693954467773, -7.929559230804443], [0.5028937458992004, 7.720199108123779, 4.086916446685791, 29.539770126342773, 12.032373428344727, 25.24814224243164, 25.397138595581055, 10.276580810546875, 14.307595252990723, 17.23297882080078, 88.30902099609375, 56.58454895019531, 21.632917404174805], [90.3755874633789, -61.999359130859375, 20.11250114440918, 23.83787727355957, 3.297698974609375, 18.27631950378418, 18.799833297729492, 10.688961029052734, -7.563714504241943, -14.761693954467773, 56.58454895019531, 112.4311752319336, 58.420562744140625], [149.45989990234375, -34.96257781982422, -24.883424758911133, -3.1631550788879395, 10.171308517456055, 8.576432228088379, 19.53910255432129, 7.925827980041504, 22.245573043823242, -7.929559230804443, 21.632917404174805, 58.420562744140625, 91.14871215820312]], "lowlevel.mfcc.icov": [[0.0006314185447990894, 0.0008253104751929641, 0.0004996812203899026, 0.00045681826304644346, 0.0003331329207867384, 0.00020445081463549286, -5.539227640838362e-05, 0.00014892306353431195, -4.363647531135939e-05, -0.0004965880652889609, -0.0001234816008945927, 5.001016688765958e-05, -0.0006593098514713347], [0.0008253104751929641, 0.0030706513207405806, 0.001778355217538774, -0.00035017941263504326, -7.059887138893828e-05, 0.001531133078970015, -0.001711408724077046, 0.0006245231488719583, 0.00045644378405995667, -0.0012450366048142314, -0.0007558707147836685, 0.0011817020131275058, -0.00032346625812351704], [0.0004996812203899026, 0.001778355217538774, 0.004907866008579731, -0.0010767295025289059, 0.00040112281567417085, -0.00032505649141967297, 0.0006337625673040748, -0.001134455087594688, 0.0020365125965327024, -0.0005053614731878042, -0.00033643629285506904, -0.0001902647054521367, 0.0007746817427687347], [0.00045681826304644346, -0.00035017941263504326, -0.0010767295025289059, 0.006059950217604637, -0.0022070195991545916, -0.0008974237716756761, 0.0011243026237934828, 0.001073863240890205, -0.002499493071809411, 0.0017692673718556762, -0.0008977112593129277, -0.0018282048404216766, 0.0011780698550865054], [0.0003331329207867384, -7.059887138893828e-05, 0.00040112281567417085, -0.0022070195991545916, 0.008651046082377434, -0.001340400194749236, 0.0019503888906911016, -0.0017585267778486013, -0.00021224473312031478, 0.000452560925623402, -0.0009651010623201728, 0.0016699908301234245, -0.0023949826136231422], [0.00020445081463549286, 0.001531133078970015, -0.00032505649141967297, -0.0008974237716756761, -0.001340400194749236, 0.009517031721770763, -0.004386591725051403, 0.0009095791610889137, 0.0017292890697717667, -0.0031526247039437294, -0.0011404295219108462, 0.000654646719340235, -0.000597722886595875], [-5.539227640838362e-05, -0.001711408724077046, 0.0006337625673040748, 0.0011243026237934828, 0.0019503888906911016, -0.004386591725051403, 0.012732317671179771, -0.00363948754966259, -0.0033971997909247875, 0.0012216329341754317, -0.000952772912569344, -0.001850398606620729, -0.00022387993521988392], [0.00014892306353431195, 0.0006245231488719583, -0.001134455087594688, 0.001073863240890205, -0.0017585267778486013, 0.0009095791610889137, -0.00363948754966259, 0.014275474473834038, -0.0024895884562283754, -7.704808376729488e-05, 2.1492838641279377e-05, -0.001224762643687427, 0.0007532223826274276], [-4.363647531135939e-05, 0.00045644378405995667, 0.0020365125965327024, -0.002499493071809411, -0.00021224473312031478, 0.0017292890697717667, -0.0033971997909247875, -0.0024895884562283754, 0.012648913078010082, -0.0052266959100961685, -0.0009370740153826773, 0.0038274507969617844, -0.0042509702034294605], [-0.0004965880652889609, -0.0012450366048142314, -0.0005053614731878042, 0.0017692673718556762, 0.000452560925623402, -0.0031526247039437294, 0.0012216329341754317, -7.704808376729488e-05, -0.0052266959100961685, 0.02239711955189705, -0.007064606994390488, 0.00479439040645957, 0.0020789657719433308], [-0.0001234816008945927, -0.0007558707147836685, -0.00033643629285506904, -0.0008977112593129277, -0.0009651010623201728, -0.0011404295219108462, -0.000952772912569344, 2.1492838641279377e-05, -0.0009370740153826773, -0.007064606994390488, 0.021673372015357018, -0.013237137347459793, 0.0031613113824278116], [5.001016688765958e-05, 0.0011817020131275058, -0.0001902647054521367, -0.0018282048404216766, 0.0016699908301234245, 0.000654646719340235, -0.001850398606620729, -0.001224762643687427, 0.0038274507969617844, 0.00479439040645957, -0.013237137347459793, 0.024165552109479904, -0.01235287170857191], [-0.0006593098514713347, -0.00032346625812351704, 0.0007746817427687347, 0.0011780698550865054, -0.0023949826136231422, -0.000597722886595875, -0.00022387993521988392, 0.0007532223826274276, -0.0042509702034294605, 0.0020789657719433308, 0.0031613113824278116, -0.01235287170857191, 0.020871926099061966]], "metadata.audio_properties.analysis.downmix": "mix", "metadata.audio_properties.codec": "mp3", "metadata.audio_properties.md5_encoded": "6327d9aab882c7d1f87fee0e0523cb98", "metadata.tags.file_name": "1183652374288543854.mp3", "metadata.version.essentia": "2.1-beta6-dev", "metadata.version.essentia_git_sha": "v2.1_beta5-1110-g77a6a954", "metadata.version.extractor": "music 2.0", "tonal.chords_key": "C", "tonal.chords_scale": "major", "tonal.key_edma.key": "F", "tonal.key_edma.scale": "major", "tonal.key_krumhansl.key": "F", "tonal.key_krumhansl.scale": "major", "tonal.key_temperley.key": "C", "tonal.key_temperley.scale": "major", "metadata.tags.encoding": ["Lavf58.45.100"]}, "essentia_models": [{"model_name": "genre_dortmund", "activations": {"alternative": "0.055193476", "blues": "0.04117265", "electronic": "0.06167922", "folkcountry": "0.020653903", "funksoulrnb": "0.018178891", "jazz": "0.0105557265", "pop": "0.20326121", "raphiphop": "0.021877743", "rock": "0.74329364"}}, {"model_name": "genre_rosamerica", "activations": {"classic": "0.015737439", "dance": "0.06958543", "hip hop": "0.048976712", "jazz": "0.013226658", "pop": "0.43725806", "rhythm and blues": "0.037224315", "rock": "0.7067789", "speech": "0.012142677"}}, {"model_name": "genre_tzanetakis", 