{"song_id": "1183696153070551081", "download": "https://cdn.discordapp.com/attachments/1135911532732108921/1183696153070551081/chirp.mp4?ex=658945f2&amp", "lyrics": "[verse]\nAnurag, the poet with a melancholic soul\nLost in thoughts, his emotions take control\nLonging for love, his heart feels heavy\nSeeking solace in verses, he finds sanctuary\n\n[chorus]\nOh Anurag, let your words paint the night\nExpress your pain, make the darkness ignite\nYour muse awaits, her touch to heal\nIn your verses, let your desires reveal", "style": ["random"], "essentia_features": {"lowlevel.average_loudness": 0.7634363770484924, "lowlevel.barkbands_crest.mean": 16.306060791015625, "lowlevel.barkbands_crest.stdev": 4.618721961975098, "lowlevel.barkbands_flatness_db.mean": 0.2773910462856293, "lowlevel.barkbands_flatness_db.stdev": 0.07070639729499817, "lowlevel.barkbands_kurtosis.mean": 45.589237213134766, "lowlevel.barkbands_kurtosis.stdev": 61.5184326171875, "lowlevel.barkbands_skewness.mean": 4.510566711425781, "lowlevel.barkbands_skewness.stdev": 2.9877729415893555, "lowlevel.barkbands_spread.mean": 6.572624206542969, "lowlevel.barkbands_spread.stdev": 11.696100234985352, "lowlevel.dissonance.mean": 0.4110866189002991, "lowlevel.dissonance.stdev": 0.05336005613207817, "lowlevel.dynamic_complexity": 4.125117301940918, "lowlevel.erbbands_crest.mean": 14.647266387939453, "lowlevel.erbbands_crest.stdev": 5.103103160858154, "lowlevel.erbbands_flatness_db.mean": 0.24008731544017792, "lowlevel.erbbands_flatness_db.stdev": 0.05953824147582054, "lowlevel.erbbands_kurtosis.mean": 8.330708503723145, "lowlevel.erbbands_kurtosis.stdev": 10.87540054321289, "lowlevel.erbbands_skewness.mean": 2.0560431480407715, "lowlevel.erbbands_skewness.stdev": 1.4732609987258911, "lowlevel.erbbands_spread.mean": 26.78311538696289, "lowlevel.erbbands_spread.stdev": 28.510160446166992, "lowlevel.hfc.mean": 6.676782608032227, "lowlevel.hfc.stdev": 7.117188930511475, "lowlevel.loudness_ebu128.integrated": -19.71021270751953, "lowlevel.loudness_ebu128.loudness_range": 7.810327529907227, "lowlevel.loudness_ebu128.momentary.mean": -21.460445404052734, "lowlevel.loudness_ebu128.momentary.stdev": 4.119399547576904, "lowlevel.loudness_ebu128.short_term.mean": -20.917810440063477, "lowlevel.loudness_ebu128.short_term.stdev": 3.106912136077881, "lowlevel.melbands_crest.mean": 20.707565307617188, "lowlevel.melbands_crest.stdev": 6.03908109664917, "lowlevel.melbands_flatness_db.mean": 0.35537639260292053, "lowlevel.melbands_flatness_db.stdev": 0.08134745061397552, "lowlevel.melbands_kurtosis.mean": 59.48739242553711, "lowlevel.melbands_kurtosis.stdev": 70.82711791992188, "lowlevel.melbands_skewness.mean": 4.648972511291504, "lowlevel.melbands_skewness.stdev": 3.1338915824890137, "lowlevel.melbands_spread.mean": 5.613758087158203, "lowlevel.melbands_spread.stdev": 9.562849998474121, "lowlevel.pitch_salience.mean": 0.4234227240085602, "lowlevel.pitch_salience.stdev": 0.15992401540279388, "lowlevel.silence_rate_20dB.mean": 1.0, "lowlevel.silence_rate_20dB.stdev": 0.0, "lowlevel.silence_rate_30dB.mean": 0.9920053482055664, "lowlevel.silence_rate_30dB.stdev": 0.08905474096536636, "lowlevel.silence_rate_60dB.mean": 0.1738840788602829, "lowlevel.silence_rate_60dB.stdev": 0.37901467084884644, "lowlevel.spectral_centroid.mean": 455.7337646484375, "lowlevel.spectral_centroid.stdev": 401.908447265625, "lowlevel.spectral_complexity.mean": 5.188540935516357, "lowlevel.spectral_complexity.stdev": 2.7601988315582275, "lowlevel.spectral_decrease.mean": -5.452815976525471e-09, "lowlevel.spectral_decrease.stdev": 6.237030447664438e-09, "lowlevel.spectral_energy.mean": 0.021185774356126785, "lowlevel.spectral_energy.stdev": 0.024080071598291397, "lowlevel.spectral_energyband_high.mean": 0.00012569015962071717, "lowlevel.spectral_energyband_high.stdev": 0.0003939620510209352, "lowlevel.spectral_energyband_low.mean": 0.00449683703482151, "lowlevel.spectral_energyband_low.stdev": 0.006849419791251421, "lowlevel.spectral_energyband_middle_high.mean": 0.00042725575622171164, "lowlevel.spectral_energyband_middle_high.stdev": 0.0008045437862165272, "lowlevel.spectral_energyband_middle_low.mean": 0.02012428268790245, "lowlevel.spectral_energyband_middle_low.stdev": 0.02373518794775009, "lowlevel.spectral_entropy.mean": 6.319189548492432, "lowlevel.spectral_entropy.stdev": 0.7706894278526306, "lowlevel.spectral_flux.mean": 0.047460444271564484, "lowlevel.spectral_flux.stdev": 0.03544674068689346, "lowlevel.spectral_kurtosis.mean": 14.266104698181152, "lowlevel.spectral_kurtosis.stdev": 12.54649829864502, "lowlevel.spectral_rms.mean": 0.003928655758500099, "lowlevel.spectral_rms.stdev": 0.0022879564203321934, "lowlevel.spectral_rolloff.mean": 568.1828002929688, "lowlevel.spectral_rolloff.stdev": 1007.3991088867188, "lowlevel.spectral_skewness.mean": 2.883291244506836, "lowlevel.spectral_skewness.stdev": 1.2530120611190796, "lowlevel.spectral_spread.mean": 3945549.0, "lowlevel.spectral_spread.stdev": 1968393.625, "lowlevel.spectral_strongpeak.mean": 0.8724722266197205, "lowlevel.spectral_strongpeak.stdev": 0.6914747357368469, "lowlevel.zerocrossingrate.mean": 0.026620598509907722, "lowlevel.zerocrossingrate.stdev": 0.027309000492095947, "metadata.audio_properties.analysis.equal_loudness": 0.0, "metadata.audio_properties.analysis.length": 34.81494140625, "metadata.audio_properties.analysis.sample_rate": 44100.0, "metadata.audio_properties.analysis.start_time": 0.0, "metadata.audio_properties.bit_rate": 114336.0, "metadata.audio_properties.length": 34.816001892089844, "metadata.audio_properties.lossless": 0.0, "metadata.audio_properties.number_channels": 1.0, "metadata.audio_properties.replay_gain": -8.898542404174805, "metadata.audio_properties.sample_rate": 48000.0, "rhythm.beats_count": 64.0, "rhythm.beats_loudness.mean": 0.039434898644685745, "rhythm.beats_loudness.stdev": 0.036350127309560776, "rhythm.bpm": 117.22833251953125, "rhythm.bpm_histogram_first_peak_bpm": 117.0, "rhythm.bpm_histogram_first_peak_weight": 0.4761905074119568, "rhythm.bpm_histogram_second_peak_bpm": 110.0, "rhythm.bpm_histogram_second_peak_spread": 0.4736841917037964, "rhythm.bpm_histogram_second_peak_weight": 0.1587301641702652, "rhythm.danceability": 1.155229091644287, "rhythm.onset_rate": 3.0433592796325684, "tonal.chords_changes_rate": 0.06258322298526764, "tonal.chords_number_rate": 0.01731025241315365, "tonal.chords_strength.mean": 0.4909699261188507, "tonal.chords_strength.stdev": 0.0805588960647583, "tonal.hpcp_crest.mean": 13.957632064819336, "tonal.hpcp_crest.stdev": 6.384570121765137, "tonal.hpcp_entropy.mean": 1.9479098320007324, "tonal.hpcp_entropy.stdev": 0.7219985723495483, "tonal.key_edma.strength": 0.4912203848361969, "tonal.key_krumhansl.strength": 0.4742095172405243, "tonal.key_temperley.strength": 0.4601893723011017, "tonal.tuning_diatonic_strength": 0.4542904198169708, "tonal.tuning_equal_tempered_deviation": 0.14669466018676758, "tonal.tuning_frequency": 440.76312255859375, "tonal.tuning_nontempered_energy_ratio": 0.7973878383636475, "lowlevel.barkbands.mean": [1.9045432964048814e-06, 7.089975497365231e-06, 0.000514511892106384, 0.010000008158385754, 0.004776517394930124, 0.0021778405643999577, 0.0016980769578367472, 0.0008853874169290066, 0.0005548342596739531, 8.077751408563927e-05, 6.445207691285759e-05, 0.0001049546553986147, 4.676216121879406e-05, 4.633740536519326e-05, 2.886317997763399e-05, 2.2050115148886107e-05, 2.7766747734858654e-05, 5.979128673061496e-06, 1.0473256224940997e-05, 8.374699973501265e-06, 1.7304366338066757e-05, 4.541836824500933e-05, 2.7074796889792196e-05, 1.5273941244231537e-05, 1.1652620742097497e-05, 5.752298875449924e-06, 3.595860675886797e-07], "lowlevel.barkbands.stdev": [4.851144694839604e-06, 1.2781540135620162e-05, 0.0011206394992768764, 0.016369007527828217, 0.009254531934857368, 0.003902166150510311, 0.005081180948764086, 0.004560581874102354, 0.002575314836576581, 0.00039024680154398084, 0.00026232327218167484, 0.00027706928085535765, 0.00019739626441150904, 0.00011591130896704271, 6.972096889512613e-05, 6.370091432472691e-05, 8.825687109492719e-05, 2.1849677068530582e-05, 5.211801180848852e-05, 2.8070857297279872e-05, 7.331440428970382e-05, 0.00016652754857204854, 8.137318218359724e-05, 4.4350483221933246e-05, 3.6527024349197745e-05, 1.7873131582746282e-05, 1.0727960670919856e-06], "lowlevel.erbbands.mean": [0.0005126566393300891, 0.012290322221815586, 0.6365377902984619, 16.593299865722656, 24.522008895874023, 17.81367301940918, 14.831350326538086, 19.754255294799805, 23.5701904296875, 23.85308837890625, 18.13181495666504, 12.76911735534668, 4.156357288360596, 2.164242744445801, 3.5113797187805176, 3.5219411849975586, 2.0321285724639893, 2.6387500762939453, 1.822414755821228, 1.283354640007019, 1.4216750860214233, 1.574066400527954, 0.4396369159221649, 0.3431822657585144, 0.6150354743003845, 0.38051077723503113, 0.47150978446006775, 0.9773578643798828, 1.6356827020645142, 1.2237242460250854, 0.6817575097084045, 0.37739863991737366, 0.23752400279045105, 0.15367986261844635, 0.06908212602138519, 0.026755547150969505, 0.010781679302453995, 0.0017104819416999817, 5.2165138185955584e-05, 2.4899103664210998e-05], "lowlevel.erbbands.stdev": [0.0006345746223814785, 0.016792116686701775, 0.92720627784729, 26.384639739990234, 36.41618347167969, 43.249656677246094, 39.91935348510742, 33.436946868896484, 66.68379974365234, 95.5723876953125, 70.5014419555664, 60.34967803955078, 17.891544342041016, 6.236969947814941, 11.689068794250488, 8.699857711791992, 6.5547194480896, 7.61912202835083, 3.893312931060791, 3.0451090335845947, 3.7499582767486572, 5.089399814605713, 1.4534637928009033, 1.3345603942871094, 2.763866424560547, 1.2381325960159302, 1.7276521921157837, 4.29710578918457, 6.351324558258057, 3.661345958709717, 2.0840985774993896, 1.0943183898925781, 0.7025194764137268, 0.48441779613494873, 0.21984635293483734, 0.08639609068632126, 0.03485503047704697, 0.004982099402695894, 0.00012270122533664107, 2.6916339265881106e-05], "lowlevel.gfcc.mean": [-126.82759094238281, 118.97980499267578, -87.1928939819336, 8.38109016418457, -73.41105651855469, -2.8935534954071045, -63.89159393310547, -19.141084671020508, -27.38882064819336, -16.78496551513672, -23.65435791015625, -10.015347480773926, -18.689544677734375], "lowlevel.melbands.mean": [1.7429313174943672e-06, 0.0003636580950114876, 0.0033130422234535217, 0.001415772596374154, 0.0005672953557223082, 0.00043576990719884634, 0.00036065318272449076, 0.00024601275799795985, 0.00014687514340039343, 7.200317486422136e-05, 1.83938773261616e-05, 8.403160791203845e-06, 1.06543948277249e-05, 1.2736528333334718e-05, 5.004285867471481e-06, 5.168056759430328e-06, 4.850995992455864e-06, 3.0299513582576765e-06, 2.107103910020669e-06, 1.3962178400106495e-06, 1.7265876977035077e-06, 1.8699447537073866e-06, 6.741261699971801e-07, 2.0614842810573464e-07, 2.619550230065215e-07, 4.623777272172447e-07, 4.1656400640022184e-07, 2.0153007085355057e-07, 2.1735587552029756e-07, 4.296952056392911e-07, 6.355867299134843e-07, 9.847459523371072e-07, 8.174558843165869e-07, 6.242850076887407e-07, 4.1427878727517964e-07, 2.8486758196777373e-07, 2.1094795954468282e-07, 1.7240647309790802e-07, 1.4274570503403083e-07, 1.2374538016501901e-07], "lowlevel.melbands.stdev": [3.083639057877008e-06, 0.0005205000634305179, 0.005188492592424154, 0.002411105204373598, 0.0013758952263742685, 0.0007260864367708564, 0.0010044776136055589, 0.0010892839636653662, 0.0005858424701727927, 0.00035266729537397623, 8.767327381065115e-05, 2.69492193183396e-05, 3.99253549403511e-05, 3.4876287827501073e-05, 1.4016524801263586e-05, 2.2746935428585857e-05, 1.3590692105935887e-05, 6.774793291697279e-06, 5.123742539581144e-06, 3.95461029256694e-06, 4.576063020067522e-06, 6.525033313664608e-06, 2.1220353119133506e-06, 6.951023578949389e-07, 1.0232151907985099e-06, 2.64990694631706e-06, 1.5936780073388945e-06, 6.512411800940754e-07, 7.680308158342086e-07, 1.8355771089773043e-06, 2.9155376068956684e-06, 4.133853053644998e-06, 2.675977611943381e-06, 1.8643660268935491e-06, 1.3401876231000642e-06, 8.001338187568763e-07, 6.460539339059324e-07, 5.127386089043284e-07, 4.4671838850263157e-07, 3.9949873098521493e-07], "lowlevel.melbands128.mean": [9.278699621972919e-07, 1.2128435855629505e-06, 1.7344490288451198e-06, 3.3770456866477616e-06, 4.356437784736045e-05, 0.00033822518889792264, 0.0030472390353679657, 0.005592947825789452, 0.001884987810626626, 0.0011346029350534081, 0.0010361711028963327, 0.0005924017168581486, 0.0004891627468168736, 0.0004325703775975853, 0.00047002307837828994, 0.0004183166311122477, 0.000372627517208457, 0.00036639388417825103, 0.0003315072681289166, 0.00026560077094472945, 0.00022146166884340346, 0.00012928042269777507, 0.00015685553080402315, 0.00013704164302907884, 8.680964674567804e-05, 4.6978351747384295e-05, 2.4136495994753204e-05, 1.6367892385460436e-05, 1.3988190403324552e-05, 6.362376552715432e-06, 7.165607712522615e-06, 9.850121386989485e-06, 1.0424481843074318e-05, 9.11751249077497e-06, 1.923545278259553e-05, 1.1293574061710387e-05, 8.020889254112262e-06, 5.14902058057487e-06, 2.5635570182203082e-06, 3.5802686397801153e-06, 6.752699846401811e-06, 6.194434263306903e-06, 4.40421035818872e-06, 4.689850811701035e-06, 3.72399813386437e-06, 2.3067198071657913e-06, 2.9074485610181e-06, 2.1217936136963544e-06, 1.898443883874279e-06, 1.5377034969787928e-06, 1.1764690270865685e-06, 1.3344574654183816e-06, 1.904688815557165e-06, 1.6221384839809616e-06, 1.959207338586566e-06, 2.3471475287806243e-06, 1.4406215314011206e-06, 6.737935223100067e-07, 5.46300782389153e-07, 2.8734530133078806e-07, 1.5412514642321185e-07, 1.4871430664697982e-07, 2.4245304075520835e-07, 2.4585040137026226e-07, 3.784865327816078e-07, 5.165402399143204e-07, 4.905944024358178e-07, 4.2515426912359544e-07, 4.52693655006442e-07, 3.38132451815909e-07, 1.592746485812313e-07, 1.5644103257272945e-07, 1.6910784950141533e-07, 1.9615642088410823e-07, 3.0052373745093064e-07, 4.848642447541351e-07, 4.472442469705129e-07, 4.1706732645252487e-07, 5.900826067772869e-07, 8.984483201857074e-07, 1.1314863286315813e-06, 9.174844421977468e-07, 9.188744343191502e-07, 8.233902235588175e-07, 7.134497082006419e-07, 7.147851306399389e-07, 5.626365577882098e-07, 5.134005505169625e-07, 4.2418349721629056e-07, 3.362546863172611e-07, 2.9301850190677214e-07, 3.0155970875966887e-07, 2.048643494845237e-07, 2.0364622344004601e-07, 2.2093632878750213e-07, 1.914468725772167e-07, 1.5083968207818543e-07, 1.645341285438917e-07, 1.269028331307709e-07, 1.4262795389186067e-07, 1.5474714132324152e-07, 1.1075850636643736e-07, 1.0476711764795255e-07, 8.838966181201613e-08, 8.371697646225584e-08, 5.998492724756943e-08, 5.52451986379765e-08, 5.45265947948792e-08, 4.0331421757855423e-08, 4.149783094931081e-08, 3.7684070974819406e-08, 3.30207399201754e-08, 4.186020774454846e-08, 3.0540348916474613e-08, 2.3454362008124008e-08, 1.6576295891468362e-08, 1.2127477688750332e-08, 3.3599172333254046e-09, 3.2478736367025363e-10, 3.6557371713152875e-12, 3.5322732152426317e-12, 3.4620372974664138e-12, 3.4016634994915584e-12, 3.3361093835365674e-12, 3.236299032580159e-12, 3.089160654709544e-12, 3.0067617232815147e-12, 2.98255083824861e-12], "lowlevel.melbands128.stdev": [2.28167505156307e-06, 2.7301948648528196e-06, 3.504846517898841e-06, 6.734600901836529e-06, 0.00013058929471299052, 0.000724579265806824, 0.004866889677941799, 0.00919262133538723, 0.0029162291903048754, 0.0029792548157274723, 0.002988007850944996, 0.0020012392196804285, 0.0017918959492817521, 0.0011147878831252456, 0.0009714471525512636, 0.0010033721337094903, 0.0013277154648676515, 0.0014132095966488123, 0.0013701128773391247, 0.0013743685558438301, 0.0016385994385927916, 0.0007837649318389595, 0.0007851150003261864, 0.0008064614958129823, 0.0006050927913747728, 0.00027456574025563896, 0.00018497047130949795, 9.611441055312753e-05, 0.00010592609760351479, 2.256896004837472e-05, 2.7892214347957633e-05, 4.4016629544785246e-05, 5.867396976100281e-05, 4.710342545877211e-05, 7.248789188452065e-05, 3.451208976912312e-05, 2.9000853828620166e-05, 2.057161691482179e-05, 8.037482075451408e-06, 1.5761204849695787e-05, 4.3941327021457255e-05, 2.9455814001266845e-05, 1.4506838851957582e-05, 1.709866410237737e-05, 1.2476062693167478e-05, 4.9697332542564254e-06, 1.0774022484838497e-05, 6.196340564201819e-06, 4.792346771864686e-06, 5.470709766086657e-06, 4.2508822843956295e-06, 4.788091246155091e-06, 7.496440503018675e-06, 4.114092462259578e-06, 7.06615719536785e-06, 1.0213519090029877e-05, 4.764101504406426e-06, 2.234055045846617e-06, 2.549142436691909e-06, 1.5222824458760442e-06, 5.18519414072216e-07, 4.0691688241167867e-07, 6.768505613763409e-07, 9.79033188741596e-07, 2.760421921266243e-06, 3.736178541657864e-06, 2.525763875382836e-06, 1.6529910453755292e-06, 2.158820507247583e-06, 1.3344014178073849e-06, 6.292877401392616e-07, 5.342230906535406e-07, 5.763704393757507e-07, 7.235079237943864e-07, 1.297877361139399e-06, 2.125229457305977e-06, 1.991852514038328e-06, 2.2873739453643793e-06, 2.9837744932592614e-06, 4.620710569724906e-06, 5.094308107800316e-06, 3.7532499845838174e-06, 3.7193419757386437e-06, 2.7979376682196744e-06, 2.2172714579937747e-06, 2.1121345525898505e-06, 1.9496167169563705e-06, 1.6871367733983789e-06, 1.5734742646600353e-06, 1.0834635304490803e-06, 8.425921009802551e-07, 8.99473945992213e-07, 6.134890213616018e-07, 6.957282607800153e-07, 7.456453090526338e-07, 5.893400611967081e-07, 4.624669429631467e-07, 5.714440476367599e-07, 4.1940171513488167e-07, 4.716668513538025e-07, 5.063035928287718e-07, 3.926585918634373e-07, 3.569405748748977e-07, 3.1189532023745414e-07, 3.1174761261354433e-07, 1.9885231949956506e-07, 1.91493612078375e-07, 1.8900841780578048e-07, 1.4093170364049001e-07, 1.6375948064251133e-07, 1.32530075802606e-07, 1.1812284839152198e-07, 1.5302389044791198e-07, 1.09865673891818e-07, 8.310900057040271e-08, 6.160994558968014e-08, 3.430899297995893e-08, 1.8341914653774438e-08, 3.2162748020425624e-09, 7.221195429812921e-12, 7.044880304118983e-12, 6.885812232904076e-12, 6.749020613205925e-12, 6.6332000656088574e-12, 6.54076228942535e-12, 6.4592276839692264e-12, 6.403487115558271e-12, 6.36877746720832e-12], "lowlevel.mfcc.mean": [-782.4306030273438, 155.71958923339844, 29.363061904907227, 5.109031677246094, 4.357825756072998, -0.7231264114379883, -26.917266845703125, -10.07663345336914, -20.08922576904297, -13.871307373046875, -15.997968673706055, -15.63919734954834, -4.760512351989746], "lowlevel.spectral_contrast_coeffs.mean": [-0.4921431839466095, -0.7080154418945312, -0.8157199621200562, -0.8288007378578186, -0.8088060021400452, -0.8033545613288879], "lowlevel.spectral_contrast_coeffs.stdev": [0.09097574651241302, 0.09348863363265991, 0.056543607264757156, 0.03851350024342537, 0.039200492203235626, 0.04193517193198204], "lowlevel.spectral_contrast_valleys.mean": [-8.445950508117676, -7.49976110458374, -8.392300605773926, -8.861709594726562, -9.58318042755127, -11.569966316223145], "lowlevel.spectral_contrast_valleys.stdev": [0.764737606048584, 0.777370035648346, 0.6276983618736267, 0.6359841227531433, 0.7540171146392822, 1.0924841165542603], "rhythm.beats_loudness_band_ratio.mean": [0.4422951340675354, 0.3601635694503784, 0.18313473463058472, 0.018768444657325745, 0.006435087416321039, 0.01473451592028141], "rhythm.beats_loudness_band_ratio.stdev": [0.3342911899089813, 0.2770041525363922, 0.21104620397090912, 0.0276364553719759, 0.007178412284702063, 0.05320774018764496], "tonal.hpcp.mean": [0.04591766744852066, 0.07330600917339325, 0.08626128733158112, 0.05788042023777962, 0.04626061022281647, 0.045308683067560196, 0.04011912643909454, 0.055022116750478745, 0.07976432889699936, 0.07543517649173737, 0.06692793220281601, 0.10986154526472092, 0.13589607179164886, 0.07001888006925583, 0.024589112028479576, 0.03143816068768501, 0.03408786281943321, 0.04816640913486481, 0.0711032897233963, 0.08526826649904251, 0.2477060854434967, 0.43431201577186584, 0.2935200035572052, 0.12134449183940887, 0.14175045490264893, 0.12665188312530518, 0.11900830268859863, 0.08535020798444748, 0.02284858375787735, 0.041017625480890274, 0.038423631340265274, 0.024678049609065056, 0.03506322577595711, 0.033299800008535385, 0.033605556935071945, 0.044493693858385086], "tonal.hpcp.stdev": [0.14786791801452637, 0.19606521725654602, 0.20487672090530396, 0.15616591274738312, 0.15505445003509521, 0.13482055068016052, 0.11824441701173782, 0.16524046659469604, 0.23694905638694763, 0.1936672180891037, 0.193978950381279, 0.21831218898296356, 0.26650190353393555, 0.16093024611473083, 0.09302441775798798, 0.12130377441644669, 0.13357096910476685, 0.1493651568889618, 0.18390722572803497, 0.20101262629032135, 0.30429238080978394, 0.44550004601478577, 0.3410367965698242, 0.25410324335098267, 0.28961625695228577, 0.28366267681121826, 0.27211305499076843, 0.24766795337200165, 0.09237278997898102, 0.16964979469776154, 0.16057108342647552, 0.11241082847118378, 0.13895341753959656, 0.12858405709266663, 0.12803718447685242, 0.15892508625984192], "rhythm.beats_position": [0.5804988741874695, 1.160997748374939, 1.7414965629577637, 2.321995496749878, 2.902494192123413, 3.459773063659668, 4.040272235870361, 4.643990993499756, 5.24770975112915, 5.851428508758545, 6.43192720413208, 7.000816345214844, 7.569705009460449, 8.138593673706055, 8.71909236907959, 9.287981986999512, 9.868480682373047, 10.448979377746582, 11.017868041992188, 11.586756706237793, 12.097596168518066, 12.608434677124023, 13.119274139404297, 13.664942741394043, 14.210612297058105, 14.767890930175781, 15.325169563293457, 15.87083911895752, 16.416507720947266, 16.962177276611328, 17.507844924926758, 18.05351448059082, 18.599184036254883, 19.133241653442383, 19.678911209106445, 20.224580764770508, 20.781858444213867, 21.31591796875, 21.826757431030273, 22.337596893310547, 22.848434448242188, 23.35927391052246, 23.916553497314453, 24.450611114501953, 24.961450576782227, 25.4722900390625, 25.994739532470703, 26.517187118530273, 27.039636611938477, 27.56208610534668, 28.09614372253418, 28.606983184814453, 29.129432678222656, 29.65188217163086, 30.13949966430664, 30.638729095458984, 31.149568557739258, 31.637187957763672, 32.136417388916016, 32.6124267578125, 33.088436126708984, 33.576053619384766, 34.07528305053711, 34.57451248168945], "rhythm.bpm_histogram": [0.0, 0.0, 0.0, 0.0, 0.0, 0.0, 0.0, 0.0, 0.0, 0.0, 0.0, 0.0, 0.0, 0.0, 0.0, 0.0, 0.0, 0.0, 0.0, 0.0, 0.0, 0.0, 0.0, 0.0, 0.0, 0.0, 0.0, 0.0, 0.0, 0.0, 0.0, 0.0, 0.0, 0.0, 0.0, 0.0, 0.0, 0.0, 0.0, 0.0, 0.0, 0.0, 0.0, 0.0, 0.0, 0.0, 0.0, 0.0, 0.0, 0.0, 0.0, 0.0, 0.0, 0.0, 0.0, 0.0, 0.0, 0.0, 0.0, 0.0, 0.0, 0.0, 0.0, 0.0, 0.0, 0.0, 0.0, 0.0, 0.0, 0.0, 0.0, 0.0, 0.0, 0.0, 0.0, 0.0, 0.0, 0.0, 0.0, 0.0, 0.0, 0.0, 0.0, 0.0, 0.0, 0.0, 0.0, 0.0, 0.0, 0.0, 0.0, 0.0, 0.0, 0.0, 0.0, 0.0, 0.0, 0.0, 0.0, 0.0476190485060215, 0.0, 0.0, 0.0, 0.1428571492433548, 0.0, 0.095238097012043, 0.0, 0.0, 0.0793650820851326, 0.0, 0.1587301641702652, 0.0, 0.0634920671582222, 0.0, 0.0, 0.095238097012043, 0.0, 0.1746031790971756, 0.0, 0.0, 0.0634920671582222, 0.0, 0.0, 0.0476190485060215, 0.0, 0.0, 0.0317460335791111, 0.0, 0.0, 0.0, 0.0, 0.0, 0.0, 0.0, 0.0, 0.0, 0.0, 0.0, 0.0, 0.0, 0.0, 0.0, 0.0, 0.0, 0.0, 0.0, 0.0, 0.0, 0.0, 0.0, 0.0, 0.0, 0.0, 0.0, 0.0, 0.0, 0.0, 0.0, 0.0, 0.0, 0.0, 0.0, 0.0, 0.0, 0.0, 0.0, 0.0, 0.0, 0.0, 0.0, 0.0, 0.0, 0.0, 0.0, 0.0, 0.0, 0.0, 0.0, 0.0, 0.0, 0.0, 0.0, 0.0, 0.0, 0.0, 0.0, 0.0, 0.0, 0.0, 0.0, 0.0, 0.0, 0.0, 0.0, 0.0, 0.0, 0.0, 0.0, 0.0, 0.0, 0.0, 0.0, 0.0, 0.0, 0.0, 0.0, 0.0, 0.0, 0.0, 0.0, 0.0, 0.0, 0.0, 0.0, 0.0, 0.0, 0.0, 0.0, 0.0, 0.0, 0.0, 0.0, 0.0, 0.0, 0.0, 0.0, 0.0, 0.0, 0.0, 0.0, 0.0, 0.0, 0.0, 0.0, 0.0, 0.0, 0.0, 0.0, 0.0, 0.0, 0.0, 0.0, 0.0, 0.0, 0.0, 0.0, 0.0, 0.0, 0.0, 0.0], "tonal.chords_histogram": [16.378162384033203, 0.2663115859031677, 0.13315579295158386, 0.0, 3.328894853591919, 0.0, 6.258322238922119, 20.106525421142578, 10.785618782043457, 7.989347457885742, 3.328894853591919, 5.725698947906494, 0.0, 0.0, 6.790945529937744, 4.660452842712402, 2.263648509979248, 5.992010593414307, 0.0, 0.0, 0.13315579295158386, 0.0, 0.0, 5.8588547706604], "tonal.thpcp": [1.0, 0.6758275032043457, 0.2793947458267212, 0.32637929916381836, 0.29161497950553894, 0.2740156948566437, 0.1965181827545166, 0.052608683705329895, 0.09444276243448257, 0.08847010880708694, 0.05682101473212242, 0.0807328000664711, 0.0766725242137909, 0.07737652957439423, 0.10244637727737427, 0.10572506487369537, 0.16878651082515717, 0.1986159384250641, 0.13326920568943024, 0.10651469230651855, 0.1043228879570961, 0.09237397462129593, 0.12668798863887787, 0.1836567372083664, 0.17368890345096588, 0.15410104393959045, 0.2529553472995758, 0.312899649143219, 0.16121792793273926, 0.05661623552441597, 0.07238611578941345, 0.07848703861236572, 0.11090277880430222, 0.16371476650238037, 0.1963295191526413, 0.5703412890434265], "lowlevel.gfcc.cov": [[4878.64990234375, -1430.3162841796875, 518.989501953125, 133.7409210205078, -563.7510375976562, 241.33697509765625, -311.5594787597656, 28.011507034301758, 83.16740417480469, 126.79499053955078, -418.5624084472656, 116.65242004394531, -519.226806640625], [-1430.3162841796875, 1734.4302978515625, -356.6833190917969, -503.139404296875, 448.638427734375, -135.91177368164062, 119.32360076904297, -25.922208786010742, 225.4035186767578, -264.99322509765625, 302.8939514160156, -162.82276916503906, 148.77801513671875], [518.989501953125, -356.6833190917969, 654.2783203125, 283.0498046875, 78.9568862915039, 145.2108612060547, -76.28833770751953, -133.46754455566406, -33.09122848510742, -15.664002418518066, -235.0873565673828, -44.37744140625, -140.29339599609375], [133.7409210205078, -503.139404296875, 283.0498046875, 883.1549072265625, 209.765869140625, 145.406982421875, 56.14771270751953, -137.78330993652344, -65.49178314208984, -10.164286613464355, -241.97283935546875, -126.5085220336914, 5.159600734710693], [-563.7510375976562, 448.638427734375, 78.9568862915039, 209.765869140625, 575.0511474609375, 95.46096801757812, 58.214500427246094, -87.02478790283203, 55.86831283569336, -180.0582733154297, -72.55564880371094, -155.93739318847656, 7.6260175704956055], [241.33697509765625, -135.91177368164062, 145.2108612060547, 145.406982421875, 95.46096801757812, 233.5989990234375, 48.88006591796875, -34.584442138671875, 10.864927291870117, -32.399810791015625, -122.14080047607422, -68.35052490234375, -69.67135620117188], [-311.5594787597656, 119.32360076904297, -76.28833770751953, 56.14771270751953, 58.214500427246094, 48.88006591796875, 217.37139892578125, 35.64122772216797, -28.92975425720215, -41.959957122802734, 18.730070114135742, -62.81563949584961, 25.557575225830078], [28.011507034301758, -25.922208786010742, -133.46754455566406, -137.78330993652344, -87.02478790283203, -34.584442138671875, 35.64122772216797, 159.79327392578125, 19.644668579101562, 37.802162170410156, 65.06342315673828, 28.88031578063965, -7.541029930114746], [83.16740417480469, 225.4035186767578, -33.09122848510742, -65.49178314208984, 55.86831283569336, 10.864927291870117, -28.92975425720215, 19.644668579101562, 162.02542114257812, -17.071529388427734, 7.5906901359558105, -40.19049835205078, -36.0477409362793], [126.79499053955078, -264.99322509765625, -15.664002418518066, -10.164286613464355, -180.0582733154297, -32.399810791015625, -41.959957122802734, 37.802162170410156, -17.071529388427734, 198.8793487548828, 53.163204193115234, 66.55252838134766, 1.1473115682601929], [-418.5624084472656, 302.8939514160156, -235.0873565673828, -241.97283935546875, -72.55564880371094, -122.14080047607422, 18.730070114135742, 65.06342315673828, 7.5906901359558105, 53.163204193115234, 245.05337524414062, 69.42588806152344, 87.59227752685547], [116.65242004394531, -162.82276916503906, -44.37744140625, -126.5085220336914, -155.93739318847656, -68.35052490234375, -62.81563949584961, 28.88031578063965, -40.19049835205078, 66.55252838134766, 69.42588806152344, 172.56178283691406, 34.48517990112305], [-519.226806640625, 148.77801513671875, -140.29339599609375, 5.159600734710693, 7.6260175704956055, -69.67135620117188, 25.557575225830078, -7.541029930114746, -36.0477409362793, 1.1473115682601929, 87.59227752685547, 34.48517990112305, 171.1212615966797]], "lowlevel.gfcc.icov": [[0.0004652442003134638, 0.00018030447245109826, 6.361838313750923e-05, -0.0001052143270499073, 0.0004372961993794888, -0.0002184586483053863, 0.0003495198907330632, 1.831590816436801e-05, -0.00040062033804133534, 0.00038764369674026966, 0.00015482271555811167, -0.0002856305509340018, 0.0010417329613119364], [0.00018030447245109826, 0.004520338494330645, -0.0004072166921105236, 0.002413601614534855, -0.001937273540534079, 0.0014084902359172702, -0.001618805225007236, 0.003014475340023637, -0.0046082753688097, 0.0032549318857491016, -0.004642120096832514, 0.003474597819149494, -0.0020718732848763466], [6.361838313750923e-05, -0.0004072166921105236, 0.003134810598567128, -0.0005322030046954751, 2.3128839529817924e-05, -0.0006281860405579209, 0.0008184629841707647, 0.001265290193259716, 0.0011039631208404899, -0.00066079490352422, 0.0019496147288009524, -0.0008698907331563532, 0.0022242579143494368], [-0.0001052143270499073, 0.002413601614534855, -0.0005322030046954751, 0.0036564883776009083, -0.0019257072126492858, 0.0009197178878821433, -0.0017696496797725558, 0.002403824357315898, -0.0018808660097420216, 4.0448023355565965e-05, -0.000371557311154902, 0.002743873745203018, -0.0028930222615599632], [0.0004372961993794888, -0.001937273540534079, 2.3128839529817924e-05, -0.0019257072126492858, 0.004764304030686617, -0.0016252771019935608, 0.0014475181233137846, -0.0009050040971487761, 0.0009041020530276, 0.0014327914686873555, 0.0011716517619788647, -0.00032346812076866627, 0.001604399411007762], [-0.0002184586483053863, 0.0014084902359172702, -0.0006281860405579209, 0.0009197178878821433, -0.0016252771019935608, 0.00775116216391325, -0.0031364411115646362, 0.0016366579802706838, -0.0020339901093393564, -5.076742309029214e-05, 0.0010499748168513179, 0.0012754704803228378, 0.00011603214079514146], [0.0003495198907330632, -0.001618805225007236, 0.0008184629841707647, -0.0017696496797725558, 0.0014475181233137846, -0.0031364411115646362, 0.008703755214810371, -0.00380339240655303, 0.003959364723414183, 0.0008512939093634486, -0.0002621232997626066, 0.001511209993623197, 0.001041285926476121], [1.831590816436801e-05, 0.003014475340023637, 0.001265290193259716, 0.002403824357315898, -0.0009050040971487761, 0.0016366579802706838, -0.00380339240655303, 0.011996133252978325, -0.0042616515420377254, 0.0006209477433003485, -0.0030162346083670855, 0.0012196151074022055, 0.0005991943180561066], [-0.00040062033804133534, -0.0046082753688097, 0.0011039631208404899, -0.0018808660097420216, 0.0009041020530276, -0.0020339901093393564, 0.003959364723414183, -0.0042616515420377254, 0.013303927145898342, -0.0033798678778111935, 0.003681568894535303, -0.0007234482909552753, 0.003191721858456731], [0.00038764369674026966, 0.0032549318857491016, -0.00066079490352422, 4.0448023355565965e-05, 0.0014327914686873555, -5.076742309029214e-05, 0.0008512939093634486, 0.0006209477433003485, -0.0033798678778111935, 0.011325866915285587, -0.006556422915309668, 0.0016615678323432803, -0.00014771657879464328], [0.00015482271555811167, -0.004642120096832514, 0.0019496147288009524, -0.000371557311154902, 0.0011716517619788647, 0.0010499748168513179, -0.0002621232997626066, -0.0030162346083670855, 0.003681568894535303, -0.006556422915309668, 0.01611299440264702, -0.005483014974743128, 7.353819819400087e-05], [-0.0002856305509340018, 0.003474597819149494, -0.0008698907331563532, 0.002743873745203018, -0.00032346812076866627, 0.0012754704803228378, 0.001511209993623197, 0.0012196151074022055, -0.0007234482909552753, 0.0016615678323432803, -0.005483014974743128, 0.013905510306358337, -0.004480988718569279], [0.0010417329613119364, -0.0020718732848763466, 0.0022242579143494368, -0.0028930222615599632, 0.001604399411007762, 0.00011603214079514146, 0.001041285926476121, 0.0005991943180561066, 0.003191721858456731, -0.00014771657879464328, 7.353819819400087e-05, -0.004480988718569279, 0.014102194458246231]], "lowlevel.mfcc.cov": [[4346.36376953125, -1388.186279296875, 613.530029296875, -176.10922241210938, -160.4744873046875, 47.12749099731445, -407.23492431640625, 30.588253021240234, -25.893688201904297, -3.5589120388031006, 259.8601989746094, 12.759953498840332, -122.04071044921875], [-1388.186279296875, 1972.491455078125, -563.0866088867188, -404.9149169921875, 162.06883239746094, -263.7965087890625, 11.071781158447266, 147.15493774414062, -131.14633178710938, 70.04978942871094, -1.8635998964309692, 64.74674224853516, 111.68811798095703], [613.530029296875, -563.0866088867188, 587.0569458007812, 79.93016052246094, 3.0454671382904053, 183.31918334960938, -85.6676025390625, -61.50235366821289, 32.45885467529297, -43.65262222290039, 23.671131134033203, -62.401519775390625, -58.99600601196289], [-176.10922241210938, -404.9149169921875, 79.93016052246094, 532.3577270507812, 142.08494567871094, 232.7147979736328, 85.21800231933594, -42.89142608642578, 104.00638580322266, -33.81852722167969, -77.91510009765625, -87.8594970703125, -46.12141036987305], [-160.4744873046875, 162.06883239746094, 3.0454671382904053, 142.08494567871094, 416.65863037109375, 208.26368713378906, -43.3242073059082, 62.04948425292969, 52.816951751708984, 23.39557456970215, -22.84023666381836, -111.27610778808594, -40.98774719238281], [47.12749099731445, -263.7965087890625, 183.31918334960938, 232.7147979736328, 208.26368713378906, 399.25567626953125, 39.362449645996094, 18.348270416259766, 121.29126739501953, -14.022089004516602, -9.651288032531738, -112.41239929199219, -100.66896057128906], [-407.23492431640625, 11.071781158447266, -85.6676025390625, 85.21800231933594, -43.3242073059082, 39.362449645996094, 238.77008056640625, 33.061744689941406, 31.813257217407227, 15.704447746276855, -36.591949462890625, 10.221177101135254, -16.985994338989258], [30.588253021240234, 147.15493774414062, -61.50235366821289, -42.89142608642578, 62.04948425292969, 18.348270416259766, 33.061744689941406, 178.78529357910156, 26.53555679321289, 27.504762649536133, 0.6904969215393066, -29.918048858642578, -7.795599460601807], [-25.893688201904297, -131.14633178710938, 32.45885467529297, 104.00638580322266, 52.816951751708984, 121.29126739501953, 31.813257217407227, 26.53555679321289, 150.3229522705078, 21.88274574279785, -18.513866424560547, -20.510562896728516, -35.56489562988281], [-3.5589120388031006, 70.04978942871094, -43.65262222290039, -33.81852722167969, 23.39557456970215, -14.022089004516602, 15.704447746276855, 27.504762649536133, 21.88274574279785, 127.44551849365234, 44.49449920654297, 2.1628308296203613, 1.4560269117355347], [259.8601989746094, -1.8635998964309692, 23.671131134033203, -77.91510009765625, -22.84023666381836, -9.651288032531738, -36.591949462890625, 0.6904969215393066, -18.513866424560547, 44.49449920654297, 123.20390319824219, 36.75897216796875, -7.726742267608643], [12.759953498840332, 64.74674224853516, -62.401519775390625, -87.8594970703125, -111.27610778808594, -112.41239929199219, 10.221177101135254, -29.918048858642578, -20.510562896728516, 2.1628308296203613, 36.75897216796875, 145.18499755859375, 60.82835006713867], [-122.04071044921875, 111.68811798095703, -58.99600601196289, -46.12141036987305, -40.98774719238281, -100.66896057128906, -16.985994338989258, -7.795599460601807, -35.56489562988281, 1.4560269117355347, -7.726742267608643, 60.82835006713867, 114.09342956542969]], "lowlevel.mfcc.icov": [[0.0005075975204817951, 0.000399464915972203, -0.00011405654367990792, 0.0001308917417190969, 5.475708894664422e-05, 2.633683652675245e-05, 0.0007968111312948167, -0.0006668580463156104, 0.00029527026345022023, -4.579877349897288e-05, -0.0005031677428632975, -0.0003710377204697579, 0.0005181854357942939], [0.000399464915972203, 0.0013276987010613084, 0.0006061587482690811, 0.0008611947996541858, -0.0007789917290210724, 0.00015769634046591818, 0.00036955508403480053, -0.0007060798234306276, 0.0006374615477398038, -5.472667908179574e-05, -0.00018373991770204157, -0.0003714494814630598, 4.021366112283431e-05], [-0.00011405654367990792, 0.0006061587482690811, 0.003058607690036297, 0.00048036198131740093, 0.000398440781282261, -0.0015374504728242755, 0.0008074127254076302, 0.0005654525011777878, 0.00029760607867501676, 0.0003746062866412103, -0.00017083231068681926, 0.0007274236995726824, -0.0003056120767723769], [0.0001308917417190969, 0.0008611947996541858, 0.00048036198131740093, 0.003932476043701172, -0.0011906970757991076, -0.0009123566560447216, -0.0012005444150418043, 0.0012731557944789529, -0.0009618316544219851, 0.0006285173585638404, 0.0007465607486665249, 0.0009933195542544127, -0.0009763387497514486], [5.475708894664422e-05, -0.0007789917290210724, 0.000398440781282261, -0.0011906970757991076, 0.005373409949243069, -0.0029496976640075445, 0.002385687781497836, -0.0011994207743555307, 0.0007013827562332153, -0.0015130657702684402, 0.0007976329070515931, 0.0012213827576488256, -0.00021239927446004003], [2.633683652675245e-05, 0.00015769634046591818, -0.0015374504728242755, -0.0009123566560447216, -0.0029496976640075445, 0.007729826495051384, -0.002107232576236129, 0.00037565530510619283, -0.003707115538418293, 0.002278056228533387, -0.0028090556152164936, 0.0021137718576937914, 0.0016807604115456343], [0.0007968111312948167, 0.00036955508403480053, 0.0008074127254076302, -0.0012005444150418043, 0.002385687781497836, -0.002107232576236129, 0.00801656674593687, -0.002822709269821644, 0.001620222465135157, -0.0023061647079885006, 0.0022243738640099764, -0.002996109426021576, 0.0027036082465201616], [-0.0006668580463156104, -0.0007060798234306276, 0.0005654525011777878, 0.0012731557944789529, -0.0011994207743555307, 0.00037565530510619283, -0.002822709269821644, 0.008491200394928455, -0.0025895878206938505, 0.0002729878178797662, -0.0005303776124492288, 0.003182895015925169, -0.0016981294611468911], [0.00029527026345022023, 0.0006374615477398038, 0.00029760607867501676, -0.0009618316544219851, 0.0007013827562332153, -0.003707115538418293, 0.001620222465135157, -0.0025895878206938505, 0.011807928793132305, -0.003924861084669828, 0.003617683658376336, -0.004035974387079477, 0.0026297923177480698], [-4.579877349897288e-05, -5.472667908179574e-05, 0.0003746062866412103, 0.0006285173585638404, -0.0015130657702684402, 0.002278056228533387, -0.0023061647079885006, 0.0002729878178797662, -0.003924861084669828, 0.011730612255632877, -0.006194964982569218, 0.0029808443505316973, -0.001787786721251905], [-0.0005031677428632975, -0.00018373991770204157, -0.00017083231068681926, 0.0007465607486665249, 0.0007976329070515931, -0.0028090556152164936, 0.0022243738640099764, -0.0005303776124492288, 0.003617683658376336, -0.006194964982569218, 0.015030733309686184, -0.005927904974669218, 0.003343150718137622], [-0.0003710377204697579, -0.0003714494814630598, 0.0007274236995726824, 0.0009933195542544127, 0.0012213827576488256, 0.0021137718576937914, -0.002996109426021576, 0.003182895015925169, -0.004035974387079477, 0.0029808443505316973, -0.005927904974669218, 0.01526540145277977, -0.007016573566943407], [0.0005181854357942939, 4.021366112283431e-05, -0.0003056120767723769, -0.0009763387497514486, -0.00021239927446004003, 0.0016807604115456343, 0.0027036082465201616, -0.0016981294611468911, 0.0026297923177480698, -0.001787786721251905, 0.003343150718137622, -0.007016573566943407, 0.015229958109557629]], "metadata.audio_properties.analysis.downmix": "mix", "metadata.audio_properties.codec": "mp3", "metadata.audio_properties.md5_encoded": "a464d3611db62663fbcf9fc538d2bb64", "metadata.tags.file_name": "1183696153070551081.mp3", "metadata.version.essentia": "2.1-beta6-dev", "metadata.version.