{"song_id": "1183705295193636884", "download": "https://cdn.discordapp.com/attachments/1135911532732108921/1183705295193636884/chirp.mp4?ex=65894e76&amp", "lyrics": "[Verse]\nIn the heart of the forest, where legends are born\nRoams a mighty herd, with power untold\nTheir coats radiant, gleaming bright\nThe Cheese Reindeer, ready to take flight\n\n[Chorus]\nOh, Cheese Reindeer, of strength and grace\nGuiding us through every earthly place\nTogether we stand, never to fall\nThe League of Mighty Cheese Reindeer, above all", "style": ["\u0433\u0438\u043c\u043d"], "essentia_features": {"lowlevel.average_loudness": 0.9209870100021362, "lowlevel.barkbands_crest.mean": 11.777207374572754, "lowlevel.barkbands_crest.stdev": 3.759467840194702, "lowlevel.barkbands_flatness_db.mean": 0.2227218896150589, "lowlevel.barkbands_flatness_db.stdev": 0.09588342159986496, "lowlevel.barkbands_kurtosis.mean": 10.662510871887207, "lowlevel.barkbands_kurtosis.stdev": 14.462865829467773, "lowlevel.barkbands_skewness.mean": 2.1978492736816406, "lowlevel.barkbands_skewness.stdev": 1.5028080940246582, "lowlevel.barkbands_spread.mean": 12.073301315307617, "lowlevel.barkbands_spread.stdev": 10.333724975585938, "lowlevel.dissonance.mean": 0.41052374243736267, "lowlevel.dissonance.stdev": 0.05266109108924866, "lowlevel.dynamic_complexity": 3.317410469055176, "lowlevel.erbbands_crest.mean": 13.81684684753418, "lowlevel.erbbands_crest.stdev": 5.573422908782959, "lowlevel.erbbands_flatness_db.mean": 0.18357162177562714, "lowlevel.erbbands_flatness_db.stdev": 0.07685348391532898, "lowlevel.erbbands_kurtosis.mean": 3.194322347640991, "lowlevel.erbbands_kurtosis.stdev": 5.0317182540893555, "lowlevel.erbbands_skewness.mean": 1.0835812091827393, "lowlevel.erbbands_skewness.stdev": 0.9089378714561462, "lowlevel.erbbands_spread.mean": 33.67848205566406, "lowlevel.erbbands_spread.stdev": 25.937049865722656, "lowlevel.hfc.mean": 15.684995651245117, "lowlevel.hfc.stdev": 12.623523712158203, "lowlevel.loudness_ebu128.integrated": -18.4449462890625, "lowlevel.loudness_ebu128.loudness_range": 4.683582305908203, "lowlevel.loudness_ebu128.momentary.mean": -19.467458724975586, "lowlevel.loudness_ebu128.momentary.stdev": 3.3817293643951416, "lowlevel.loudness_ebu128.short_term.mean": -18.79366111755371, "lowlevel.loudness_ebu128.short_term.stdev": 1.6704649925231934, "lowlevel.melbands_crest.mean": 14.774290084838867, "lowlevel.melbands_crest.stdev": 4.459627151489258, "lowlevel.melbands_flatness_db.mean": 0.31269049644470215, "lowlevel.melbands_flatness_db.stdev": 0.11166022717952728, "lowlevel.melbands_kurtosis.mean": 22.072425842285156, "lowlevel.melbands_kurtosis.stdev": 31.78431510925293, "lowlevel.melbands_skewness.mean": 2.9195990562438965, "lowlevel.melbands_skewness.stdev": 2.0728185176849365, "lowlevel.melbands_spread.mean": 11.057561874389648, "lowlevel.melbands_spread.stdev": 8.741411209106445, "lowlevel.pitch_salience.mean": 0.46512699127197266, "lowlevel.pitch_salience.stdev": 0.09762667864561081, "lowlevel.silence_rate_20dB.mean": 1.0, "lowlevel.silence_rate_20dB.stdev": 0.0, "lowlevel.silence_rate_30dB.mean": 0.9464174509048462, "lowlevel.silence_rate_30dB.stdev": 0.2251916378736496, "lowlevel.silence_rate_60dB.mean": 0.026168223470449448, "lowlevel.silence_rate_60dB.stdev": 0.1596410721540451, "lowlevel.spectral_centroid.mean": 688.78857421875, "lowlevel.spectral_centroid.stdev": 403.9034118652344, "lowlevel.spectral_complexity.mean": 10.609345436096191, "lowlevel.spectral_complexity.stdev": 4.57159948348999, "lowlevel.spectral_decrease.mean": -1.058641174722652e-08, "lowlevel.spectral_decrease.stdev": 9.06734776151552e-09, "lowlevel.spectral_energy.mean": 0.04137827083468437, "lowlevel.spectral_energy.stdev": 0.03499437868595123, "lowlevel.spectral_energyband_high.mean": 0.00044082393287681043, "lowlevel.spectral_energyband_high.stdev": 0.000760831986553967, "lowlevel.spectral_energyband_low.mean": 0.02120046317577362, "lowlevel.spectral_energyband_low.stdev": 0.025772687047719955, "lowlevel.spectral_energyband_middle_high.mean": 0.003790908958762884, "lowlevel.spectral_energyband_middle_high.stdev": 0.006412611808627844, "lowlevel.spectral_energyband_middle_low.mean": 0.01799137145280838, "lowlevel.spectral_energyband_middle_low.stdev": 0.01719670742750168, "lowlevel.spectral_entropy.mean": 6.814081192016602, "lowlevel.spectral_entropy.stdev": 0.7995151281356812, "lowlevel.spectral_flux.mean": 0.059833575040102005, "lowlevel.spectral_flux.stdev": 0.052232157438993454, "lowlevel.spectral_kurtosis.mean": 18.169828414916992, "lowlevel.spectral_kurtosis.stdev": 75.16388702392578, "lowlevel.spectral_rms.mean": 0.005850391462445259, "lowlevel.spectral_rms.stdev": 0.0024782917462289333, "lowlevel.spectral_rolloff.mean": 633.8291015625, "lowlevel.spectral_rolloff.stdev": 803.339599609375, "lowlevel.spectral_skewness.mean": 2.4814889430999756, "lowlevel.spectral_skewness.stdev": 2.7991433143615723, "lowlevel.spectral_spread.mean": 4856344.5, "lowlevel.spectral_spread.stdev": 2125766.25, "lowlevel.spectral_strongpeak.mean": 1.151406168937683, "lowlevel.spectral_strongpeak.stdev": 1.4079211950302124, "lowlevel.zerocrossingrate.mean": 0.035083234310150146, "lowlevel.zerocrossingrate.stdev": 0.02479446679353714, "metadata.audio_properties.analysis.equal_loudness": 0.0, "metadata.audio_properties.analysis.length": 37.22664260864258, "metadata.audio_properties.analysis.sample_rate": 44100.0, "metadata.audio_properties.analysis.start_time": 0.0, "metadata.audio_properties.bit_rate": 116379.0, "metadata.audio_properties.length": 37.22666549682617, "metadata.audio_properties.lossless": 0.0, "metadata.audio_properties.number_channels": 1.0, "metadata.audio_properties.replay_gain": -7.691999435424805, "metadata.audio_properties.sample_rate": 48000.0, "rhythm.beats_count": 64.0, "rhythm.beats_loudness.mean": 0.06289280205965042, "rhythm.beats_loudness.stdev": 0.048789553344249725, "rhythm.bpm": 105.41249084472656, "rhythm.bpm_histogram_first_peak_bpm": 105.0, "rhythm.bpm_histogram_first_peak_weight": 0.3103448152542114, "rhythm.bpm_histogram_second_peak_bpm": 99.0, "rhythm.bpm_histogram_second_peak_spread": 0.40000003576278687, "rhythm.bpm_histogram_second_peak_weight": 0.0476190485060215, "rhythm.danceability": 1.2243419885635376, "rhythm.onset_rate": 3.0876786708831787, "tonal.chords_changes_rate": 0.04607721045613289, "tonal.chords_number_rate": 0.009962639771401882, "tonal.chords_strength.mean": 0.4942702651023865, "tonal.chords_strength.stdev": 0.08396786451339722, "tonal.hpcp_crest.mean": 19.90524673461914, "tonal.hpcp_crest.stdev": 8.456952095031738, "tonal.hpcp_entropy.mean": 1.251399040222168, "tonal.hpcp_entropy.stdev": 0.6718446612358093, "tonal.key_edma.strength": 0.7800374031066895, "tonal.key_krumhansl.strength": 0.7673284411430359, "tonal.key_temperley.strength": 0.7437757253646851, "tonal.tuning_diatonic_strength": 0.5279500484466553, "tonal.tuning_equal_tempered_deviation": 0.006609546951949596, "tonal.tuning_frequency": 440.0, "tonal.tuning_nontempered_energy_ratio": 0.6153230667114258, "lowlevel.barkbands.mean": [0.00016922586655709893, 0.012522161938250065, 0.006638346705585718, 0.004062111955136061, 0.004148934036493301, 0.0033619871828705072, 0.002302783075720072, 0.0020563334692269564, 0.0016823745099827647, 0.0009041987359523773, 0.0017545653972774744, 0.0005251276888884604, 0.00016055363812483847, 0.00018054476822726429, 0.00010380413732491434, 7.154783088481054e-05, 7.279824785655364e-05, 9.488904470345005e-05, 9.573478746460751e-05, 6.95557682774961e-05, 0.00011453338811406866, 7.013985305093229e-05, 9.642238728702068e-05, 3.087307050009258e-05, 5.324728408595547e-05, 3.487845242489129e-05, 5.994849630042154e-07], "lowlevel.barkbands.stdev": [0.0003998959145974368, 0.015615938231348991, 0.01225119736045599, 0.006984360050410032, 0.006867336109280586, 0.0056892805732786655, 0.0057859220542013645, 0.005390324629843235, 0.0034162807278335094, 0.0025352961383759975, 0.004837588872760534, 0.002345089102163911, 0.0003793787327595055, 0.0006670995499007404, 0.00018077780259773135, 0.0001699303975328803, 0.00019297341350466013, 0.0002064176951535046, 0.0001756694255163893, 0.00013133478933013976, 0.0002279258333146572, 0.0001307149650529027, 0.0002682110934983939, 9.69149696175009e-05, 0.00014151215145830065, 9.510833478998393e-05, 2.597736965981312e-06], "lowlevel.erbbands.mean": [0.28600966930389404, 3.0688352584838867, 7.108628273010254, 11.598085403442383, 14.697819709777832, 12.347963333129883, 16.409549713134766, 36.328575134277344, 28.45382308959961, 48.55742645263672, 31.986265182495117, 44.53158950805664, 33.46220397949219, 40.732521057128906, 63.51648712158203, 18.456043243408203, 8.855015754699707, 8.582905769348145, 7.71461820602417, 4.3190836906433105, 4.315671920776367, 3.9288432598114014, 5.642154693603516, 5.474218368530273, 3.888686418533325, 2.9861385822296143, 5.35899543762207, 3.13073468208313, 2.420905351638794, 3.2981128692626953, 2.423210620880127, 0.8499130606651306, 0.49496811628341675, 0.5226142406463623, 0.41401687264442444, 0.217041477560997, 0.05261647701263428, 0.00422077439725399, 0.00012500690354499966, 5.1373255701037124e-05], "lowlevel.erbbands.stdev": [0.3689686059951782, 3.9692494869232178, 11.540311813354492, 19.758941650390625, 25.116302490234375, 23.192527770996094, 25.797119140625, 65.67826843261719, 61.01311492919922, 102.53730010986328, 80.16547393798828, 91.98925018310547, 77.31732177734375, 126.33230590820312, 184.8653564453125, 61.080623626708984, 20.688318252563477, 22.98332977294922, 22.43353843688965, 8.269458770751953, 8.81865406036377, 8.780128479003906, 12.591048240661621, 11.366975784301758, 7.348577976226807, 4.948803901672363, 11.055294036865234, 6.207615852355957, 4.448910236358643, 6.9528608322143555, 7.1929168701171875, 2.7561087608337402, 1.5127365589141846, 1.4468175172805786, 1.1488293409347534, 0.6352070569992065, 0.13418087363243103, 0.010960155166685581, 0.00031118199694901705, 4.0751841879682615e-05], "lowlevel.gfcc.mean": [-33.497623443603516, 118.6412582397461, -72.04705810546875, 31.964675903320312, -59.07155227661133, 16.243961334228516, -27.952157974243164, 9.65114974975586, -27.566238403320312, 5.402024269104004, -20.55708885192871, 3.655888080596924, -10.518525123596191], "lowlevel.melbands.mean": [0.0031271472107619047, 0.003904338227584958, 0.00217303610406816, 0.000906319182831794, 0.0006187509861774743, 0.0007473267614841461, 0.00045401949319057167, 0.0005472470656968653, 0.000230570905841887, 0.00028902236954309046, 0.00015712203457951546, 0.00015171935956459492, 0.00019789335783571005, 0.00010498146730242297, 2.3173875888460316e-05, 1.8342881958233193e-05, 1.628380050533451e-05, 1.3528571798815392e-05, 7.396183718810789e-06, 5.523270829144167e-06, 4.795675067725824e-06, 4.3126683522132225e-06, 4.708283540821867e-06, 4.121779511478962e-06, 4.59955663245637e-06, 2.81132452073507e-06, 2.4515175027772784e-06, 1.8953380731545622e-06, 3.0722715109732235e-06, 3.3450487535446882e-06, 1.3397288967098575e-06, 1.2570160379254958e-06, 1.5235364116961136e-06, 2.0556574327201815e-06, 1.5999535207811277e-06, 8.116497269838874e-07, 4.002060620678094e-07, 3.2446277486997133e-07, 3.7099721339473035e-07, 4.6417898147410597e-07], "lowlevel.melbands.stdev": [0.0038901371881365776, 0.00532403402030468, 0.0032028602436184883, 0.0014048224547877908, 0.0010559429647400975, 0.0013238826068118215, 0.0010350421071052551, 0.0011899402597919106, 0.0005922259297221899, 0.0006184006342664361, 0.0003971257829107344, 0.00048152910312637687, 0.0005385986878536642, 0.00036791854654438794, 0.0001224124716827646, 4.59870025224518e-05, 5.242058614385314e-05, 5.0786020437953994e-05, 1.4981666026869789e-05, 1.4897297660354525e-05, 1.1123581316496711e-05, 1.1285324944765307e-05, 1.0903572729148436e-05, 8.8525166574982e-06, 1.0181360266869888e-05, 5.088060788693838e-06, 5.639071332552703e-06, 3.4735874123725807e-06, 6.942992058611708e-06, 7.028993422864005e-06, 2.798573632389889e-06, 2.3746763417875627e-06, 3.217879338990315e-06, 4.768747658090433e-06, 4.919172170048114e-06, 2.757316451607039e-06, 1.3352937457966618e-06, 1.0476624083821662e-06, 1.102107489714399e-06, 1.2823301176467794e-06], "lowlevel.melbands128.mean": [0.000159517046995461, 0.0016868534730747342, 0.004780985414981842, 0.005159720312803984, 0.0037159237544983625, 0.0033801966346800327, 0.002298353472724557, 0.0021181257907301188, 0.0015417621470987797, 0.0006385963060893118, 0.0006406813627108932, 0.0007677555549889803, 0.00046047873911447823, 0.0005698256427422166, 0.0011523349676281214, 0.0005516130477190018, 0.00038963256520219147, 0.00039237007149495184, 0.000656812684610486, 0.00048294264706782997, 0.0006433912785723805, 0.0002741960634011775, 0.00018723602988757193, 0.0001534035982331261, 0.00028133924934081733, 0.0004232575884088874, 9.043517638929188e-05, 0.00017734870198182762, 0.00016141535888891667, 5.854555274709128e-05, 0.0002393510367255658, 0.0001652132923481986, 0.00010233656212221831, 0.0003683700633700937, 0.00012320700625423342, 3.628349077189341e-05, 1.9665691070258617e-05, 4.0917086153058335e-05, 7.301681762328371e-06, 1.7812830265029334e-05, 2.8463860871852376e-05, 4.079748578078579e-06, 1.5335499483626336e-05, 2.11877759284107e-05, 2.1236901375232264e-05, 1.0941647815343458e-05, 7.119710517144995e-06, 1.0631616532918997e-05, 5.4879133131180424e-06, 2.680721308934153e-06, 7.565396572317695e-06, 5.831926500832196e-06, 4.316108061175328e-06, 4.655184056900907e-06, 5.32470949110575e-06, 5.068883638159605e-06, 2.144516201951774e-06, 2.8852523428213317e-06, 6.316412054729881e-06, 7.889810149208643e-06, 2.1075618406030117e-06, 1.7776014828996267e-06, 8.125842214212753e-06, 3.776902303798124e-06, 2.70672830993135e-06, 2.883760771510424e-06, 2.3165596303442726e-06, 3.667762030090671e-06, 2.338148988201283e-06, 1.257866188097978e-06, 1.1713744925145875e-06, 3.055627303183428e-06, 2.304661620655679e-06, 2.7059738840762293e-06, 4.2722585931187496e-06, 4.374283889774233e-06, 2.6550114853307605e-06, 1.2816464050047216e-06, 1.363805267828866e-06, 9.548601838105242e-07, 1.33153002934705e-06, 1.2185346349724568e-06, 1.46677859902411e-06, 1.5568660955977975e-06, 1.6035149883464328e-06, 1.7136850374299684e-06, 2.5304489099653438e-06, 2.119528062394238e-06, 1.6502955304531497e-06, 1.0750241017376538e-06, 1.030313228511659e-06, 7.356977675954113e-07, 4.576433241254563e-07, 3.50246892821815e-07, 4.372288913145894e-07, 2.9012213076384796e-07, 3.093066993642424e-07, 3.35347493773952e-07, 3.4771207424455497e-07, 3.758686943911016e-07, 4.936438813274435e-07, 4.56894269973418e-07, 4.915283398077008e-07, 3.823675456260389e-07, 4.893632876701304e-07, 5.327160579327028e-07, 4.6041472501201497e-07, 3.943698061448231e-07, 4.092288463652949e-07, 3.505427059735666e-07, 2.451962473060121e-07, 2.1805955441323022e-07, 1.6574689709614177e-07, 8.848053312249249e-08, 5.284790205450918e-08, 3.2999285082269125e-08, 2.0729226335447493e-08, 5.325864194105634e-09, 4.665437480788626e-10, 2.3000840815301515e-11, 1.4348735741243068e-11, 5.470551529135337e-12, 5.01151507445452e-12, 4.916022883910687e-12, 4.770853417185306e-12, 4.570771712508748e-12, 4.4554451274214646e-12, 4.420088427214974e-12], "lowlevel.melbands128.stdev": [0.00038919723010621965, 0.0025301191490143538, 0.006565527059137821, 0.007069808430969715, 0.005987870041280985, 0.006447419989854097, 0.00467353081330657, 0.0037228239234536886, 0.002943400526419282, 0.0012846685713157058, 0.0014153263764455914, 0.002106664003804326, 0.0009172004647552967, 0.0009927110513672233, 0.002286251401528716, 0.0014141954015940428, 0.0013088551349937916, 0.001098273554816842, 0.0022703988943248987, 0.0011408230056986213, 0.0018748007714748383, 0.0012474405812099576, 0.0006736119976267219, 0.0006115254363976419, 0.000676527910400182, 0.0010383441112935543, 0.00028672776534222066, 0.000623187399469316, 0.0007148227305151522, 0.00020654036779887974, 0.0009875663090497255, 0.0007016896270215511, 0.00035150357871316373, 0.0012978771701455116, 0.0006941169267520308, 0.0002477963862475008, 9.465707262279466e-05, 0.0002693189890123904, 3.3983506000367925e-05, 5.0475184252718464e-05, 7.517529593314976e-05, 1.4442603060160764e-05, 5.5453328968724236e-05, 8.739570330362767e-05, 0.00015278685896191746, 2.690470137167722e-05, 1.898808295663912e-05, 2.947386929008644e-05, 1.4706945876241662e-05, 1.2242860066180583e-05, 2.798503373924177e-05, 1.5052021808514837e-05, 1.3931186913396232e-05, 1.8859658666769974e-05, 1.905554745462723e-05, 1.7035285054589622e-05, 5.635397883452242e-06, 1.3137606401869562e-05, 1.82520871021552e-05, 2.0942763512721285e-05, 8.438055374426767e-06, 5.2633909035648685e-06, 2.2224690837902017e-05, 1.074467581929639e-05, 7.608834494021721e-06, 6.6954003159480635e-06, 5.503988631971879e-06, 1.3258008948469069e-05, 5.582095582212787e-06, 2.5568281216692412e-06, 2.7096095891465666e-06, 6.3590614445274696e-06, 8.627495844848454e-06, 7.901256140030455e-06, 1.0529370229050983e-05, 1.0764058970380574e-05, 8.58048861118732e-06, 2.9075383736199e-06, 3.2643720260239206e-06, 2.220432179456111e-06, 3.227322622478823e-06, 2.3636796413484262e-06, 3.221333827241324e-06, 4.180577889201231e-06, 3.4697861792665208e-06, 3.987015134043759e-06, 7.210563126136549e-06, 6.514248980238335e-06, 5.936411071161274e-06, 3.7328031794459093e-06, 3.6695976177725242e-06, 2.7400544695410645e-06, 1.66440167959081e-06, 1.315395252277085e-06, 1.4933139027561992e-06, 1.0924364914899343e-06, 1.0526795222176588e-06, 1.1416941561037675e-06, 1.086873226086027e-06, 1.20810977932706e-06, 1.4685075484521803e-06, 1.2796145938409609e-06, 1.4294089396571508e-06, 1.2475940138756414e-06, 1.5576511032122653e-06, 1.57392560140579e-06, 1.3867470443074126e-06, 1.225444407282339e-06, 1.3435087566904258e-06, 1.1624355238382122e-06, 7.479508781216282e-07, 5.527547841666092e-07, 4.865606797466171e-07, 2.541015646784217e-07, 1.468530115289468e-07, 1.0462997579452349e-07, 7.279746228050499e-08, 4.041995183001745e-08, 1.0916462400700766e-08, 6.5212846234175e-10, 3.527875491737831e-10, 1.3453446690014914e-11, 8.728663625223732e-12, 8.57609556287331e-12, 8.448969822383301e-12, 8.347835443733853e-12, 8.274741135350094e-12, 8.22976669451192e-12], "lowlevel.mfcc.mean": [-693.7240600585938, 150.30490112304688, 37.23157501220703, 32.7458381652832, -0.4562758207321167, 12.552884101867676, 4.559473991394043, 6.660114288330078, 2.9530115127563477, -0.8959552645683289, -0.2342846691608429, -5.885109901428223, 3.1537692546844482], "lowlevel.spectral_contrast_coeffs.mean": [-0.6929843425750732, -0.6538689136505127, -0.6900815963745117, -0.785449743270874, -0.7897431254386902, -0.7412128448486328], "lowlevel.spectral_contrast_coeffs.stdev": [0.0695667639374733, 0.08691352605819702, 0.09252385795116425, 0.0533757321536541, 0.05785110965371132, 0.06205401197075844], "lowlevel.spectral_contrast_valleys.mean": [-6.368034839630127, -7.340626239776611, -8.280595779418945, -8.763457298278809, -8.655056953430176, -11.256407737731934], "lowlevel.spectral_contrast_valleys.stdev": [0.8135582804679871, 0.942047119140625, 1.107234001159668, 1.2486416101455688, 1.3086107969284058, 1.3238908052444458], "rhythm.beats_loudness_band_ratio.mean": [0.6327547430992126, 0.16741828620433807, 0.13844387233257294, 0.07795944809913635, 0.010173624381422997, 0.01055948343127966], "rhythm.beats_loudness_band_ratio.stdev": [0.2374638020992279, 0.1417563110589981, 0.15375572443008423, 0.13413172960281372, 0.012422029860317707, 0.01508588157594204], "tonal.hpcp.mean": [0.014067704789340496, 0.021001329645514488, 0.11435416340827942, 0.1923181414604187, 0.10751069337129593, 0.023850679397583008, 0.017507892102003098, 0.026651296764612198, 0.19631752371788025, 0.30278149247169495, 0.1516280472278595, 0.1307118535041809, 0.1702660471200943, 0.07503296434879303, 0.015425095334649086, 0.01670762337744236, 0.01643240451812744, 0.06585370749235153, 0.09122837334871292, 0.03709254786372185, 0.00493899779394269, 0.0027134320698678493, 0.016260622069239616, 0.29145321249961853, 0.413848876953125, 0.15496352314949036, 0.06480281054973602, 0.06253455579280853, 0.021220717579126358, 0.07052304595708847, 0.10832513868808746, 0.04837936535477638, 0.04349592700600624, 0.07307769358158112, 0.04001004621386528, 0.011994720436632633], "tonal.hpcp.stdev": [0.07684089243412018, 0.09848387539386749, 0.23135532438755035, 0.34227147698402405, 0.2159963995218277, 0.1125875860452652, 0.09672264754772186, 0.11740122735500336, 0.2747507393360138, 0.38918426632881165, 0.22702987492084503, 0.27051299810409546, 0.34116944670677185, 0.1778562217950821, 0.08006422966718674, 0.08205042034387589, 0.08040008693933487, 0.19586919248104095, 0.2535715103149414, 0.11962559819221497, 0.038498733192682266, 0.01635727472603321, 0.06857690960168839, 0.31343546509742737, 0.40576037764549255, 0.16973422467708588, 0.22241157293319702, 0.22706948220729828, 0.07347822934389114, 0.1819513738155365, 0.264360636472702, 0.12992410361766815, 0.11695011705160141, 0.18505242466926575, 0.11960958689451218, 0.06776055693626404], "rhythm.beats_position": [0.6037188172340393, 1.2306575775146484, 1.8575963973999023, 2.461315155029297, 3.0650339126586914, 3.668752670288086, 4.260861396789551, 4.852970600128174, 5.433469295501709, 6.013967990875244, 6.5944671630859375, 7.174965858459473, 7.743854522705078, 8.30113410949707, 8.858412742614746, 9.415691375732422, 9.984580039978027, 10.565078735351562, 11.133968353271484, 11.70285701751709, 12.271745681762695, 12.8406343460083, 13.409523963928223, 13.978412628173828, 14.547301292419434, 15.116189956665039, 15.685078620910645, 16.25396728515625, 16.822856903076172, 17.391746520996094, 17.960634231567383, 18.529523849487305, 19.098411560058594, 19.667301177978516, 20.236190795898438, 20.805078506469727, 21.37396812438965, 21.942855834960938, 22.51174545288086, 23.08063507080078, 23.64952278137207, 24.218412399291992, 24.775691986083984, 25.332969665527344, 25.901859283447266, 26.470746994018555, 27.051246643066406, 27.620136260986328, 28.189023971557617, 28.75791358947754, 29.326801300048828, 29.88408088684082, 30.464580535888672, 31.02185821533203, 31.590747833251953, 32.159637451171875, 32.7285270690918, 33.29741287231445, 33.866302490234375, 34.4351921081543, 35.00408172607422, 35.57297134399414, 36.1302490234375, 36.68752670288086], "rhythm.bpm_histogram": [0.0, 0.0, 0.0, 0.0, 0.0, 0.0, 0.0, 0.0, 0.0, 0.0, 0.0, 0.0, 0.0, 0.0, 0.0, 0.0, 0.0, 0.0, 0.0, 0.0, 0.0, 0.0, 0.0, 0.0, 0.0, 0.0, 0.0, 0.0, 0.0, 0.0, 0.0, 0.0, 0.0, 0.0, 0.0, 0.0, 0.0, 0.0, 0.0, 0.0, 0.0, 0.0, 0.0, 0.0, 0.0, 0.0, 0.0, 0.0, 0.0, 0.0, 0.0, 0.0, 0.0, 0.0, 0.0, 0.0, 0.0, 0.0, 0.0, 0.0, 0.0, 0.0, 0.0, 0.0, 0.0, 0.0, 0.0, 0.0, 0.0, 0.0, 0.0, 0.0, 0.0, 0.0, 0.0, 0.0, 0.0, 0.0, 0.0, 0.0, 0.0, 0.0, 0.0, 0.0, 0.0, 0.0, 0.0, 0.0, 0.0, 0.0, 0.0, 0.0, 0.0, 0.0, 0.0, 0.0, 0.0317460335791111, 0.0, 0.0, 0.0476190485060215, 0.0, 0.0317460335791111, 0.0, 0.1111111119389534, 0.0, 0.6349206566810608, 0.0, 0.0, 0.1428571492433548, 0.0, 0.0, 0.0, 0.0, 0.0, 0.0, 0.0, 0.0, 0.0, 0.0, 0.0, 0.0, 0.0, 0.0, 0.0, 0.0, 0.0, 0.0, 0.0, 0.0, 0.0, 0.0, 0.0, 0.0, 0.0, 0.0, 0.0, 0.0, 0.0, 0.0, 0.0, 0.0, 0.0, 0.0, 0.0, 0.0, 0.0, 0.0, 0.0, 0.0, 0.0, 0.0, 0.0, 0.0, 0.0, 0.0, 0.0, 0.0, 0.0, 0.0, 0.0, 0.0, 0.0, 0.0, 0.0, 0.0, 0.0, 0.0, 0.0, 0.0, 0.0, 0.0, 0.0, 0.0, 0.0, 0.0, 0.0, 0.0, 0.0, 0.0, 0.0, 0.0, 0.0, 0.0, 0.0, 0.0, 0.0, 0.0, 0.0, 0.0, 0.0, 0.0, 0.0, 0.0, 0.0, 0.0, 0.0, 0.0, 0.0, 0.0, 0.0, 0.0, 0.0, 0.0, 0.0, 0.0, 0.0, 0.0, 0.0, 0.0, 0.0, 0.0, 0.0, 0.0, 0.0, 0.0, 0.0, 0.0, 0.0, 0.0, 0.0, 0.0, 0.0, 0.0, 0.0, 0.0, 0.0, 0.0, 0.0, 0.0, 0.0, 0.0, 0.0, 0.0, 0.0, 0.0, 0.0, 0.0, 0.0, 0.0, 0.0, 0.0, 0.0, 0.0, 0.0, 0.0, 0.0, 0.0, 0.0, 0.0, 0.0], "tonal.chords_histogram": [24.15940284729004, 6.4757161140441895, 27.148193359375, 0.0, 10.211706161499023, 4.607720851898193, 0.37359899282455444, 4.109589099884033, 0.0, 16.811954498291016, 0.0, 0.8717309832572937, 0.0, 0.0, 0.0, 0.0, 0.0, 0.0, 0.0, 0.0, 0.0, 0.0, 0.0, 5.230386257171631], "tonal.thpcp": [1.0, 0.37444472312927246, 0.156585693359375, 0.15110480785369873, 0.05127649009227753, 0.1704077273607254, 0.2617504596710205, 0.11690104007720947, 0.10510098934173584, 0.17658062279224396, 0.09667791426181793, 0.028983334079384804, 0.03399237245321274, 0.0507463738322258, 0.27631863951683044, 0.4647062122821808, 0.25978249311447144, 0.05763137340545654, 0.04230503737926483, 0.0643986240029335, 0.4743700623512268, 0.7316233515739441, 0.3663850724697113, 0.31584441661834717, 0.4114208221435547, 0.18130522966384888, 0.037272289395332336, 0.04037131369113922, 0.03970629349350929, 0.15912501513957977, 0.2204388529062271, 0.08962824195623398, 0.011934302747249603, 0.0065565770491957664, 0.03929120674729347, 0.7042503356933594], "lowlevel.gfcc.cov": [[11690.345703125, -2285.29248046875, -2600.32177734375, 237.685302734375, -716.0546875, 513.4639282226562, 25.613460540771484, 719.310546875, 62.445804595947266, 924.9762573242188, -65.1866226196289, 690.7330322265625, -155.03109741210938], [-2285.29248046875, 1432.774169921875, 285.0799255371094, -203.86231994628906, 362.71453857421875, -206.61444091796875, 87.33753204345703, -188.40879821777344, 79.15460205078125, -233.314453125, 163.3768768310547, -226.4293975830078, 155.1395263671875], [-2600.32177734375, 285.0799255371094, 1219.8084716796875, 75.87699127197266, 90.3428726196289, -131.9591064453125, -102.89014434814453, -138.11688232421875, 2.432840347290039, -180.11219787597656, -24.429655075073242, -109.576904296875, -62.056495666503906], [237.685302734375, -203.86231994628906, 75.87699127197266, 485.796142578125, -22.33818244934082, -129.90476989746094, -99.02432250976562, 71.19055938720703, 64.82550811767578, -52.22492599487305, 38.703495025634766, 23.742237091064453, 34.887081146240234], [-716.0546875, 362.71453857421875, 90.3428726196289, -22.33818244934082, 280.1522216796875, 4.4983015060424805, 3.6244003772735596, -33.313812255859375, 49.202388763427734, -50.56088638305664, 36.42505645751953, -58.338871002197266, 54.44600296020508], [513.4639282226562, -206.61444091796875, -131.9591064453125, -129.90476989746094, 4.4983015060424805, 304.94293212890625, 87.85961151123047, -16.665925979614258, -16.057165145874023, 85.02232360839844, -8.331143379211426, 46.00214385986328, 9.903276443481445], [25.613460540771484, 87.33753204345703, -102.89014434814453, -99.02432250976562, 3.6244003772735596, 87.85961151123047, 270.5915222167969, -15.937350273132324, -34.51673889160156, 47.04893493652344, 20.010709762573242, 30.3962459564209, 2.6366825103759766], [719.310546875, -188.40879821777344, -138.11688232421875, 71.19055938720703, -33.313812255859375, -16.665925979614258, -15.937350273132324, 178.58523559570312, 53.55257034301758, 54.856449127197266, -3.945671319961548, 58.53094482421875, -12.619267463684082], [62.445804595947266, 79.15460205078125, 2.432840347290039, 64.82550811767578, 49.202388763427734, -16.057165145874023, -34.51673889160156, 53.55257034301758, 163.0059356689453, 26.002199172973633, 28.7225341796875, -6.950721740722656, 21.004255294799805], [924.9762573242188, -233.314453125, -180.11219787597656, -52.22492599487305, -50.56088638305664, 85.02232360839844, 47.04893493652344, 54.856449127197266, 26.002199172973633, 205.8305206298828, 15.08090591430664, 83.1274185180664, -38.27589797973633], [-65.1866226196289, 163.3768768310547, -24.429655075073242, 38.703495025634766, 36.42505645751953, -8.331143379211426, 20.010709762573242, -3.945671319961548, 28.7225341796875, 15.08090591430664, 155.87872314453125, 27.295461654663086, 28.10312843322754], [690.7330322265625, -226.4293975830078, -109.576904296875, 23.742237091064453, -58.338871002197266, 46.00214385986328, 30.3962459564209, 58.53094482421875, -6.950721740722656, 83.1274185180664, 27.295461654663086, 149.15386962890625, -9.634958267211914], [-155.03109741210938, 155.1395263671875, -62.056495666503906, 34.887081146240234, 54.44600296020508, 9.903276443481445, 2.6366825103759766, -12.619267463684082, 21.004255294799805, -38.27589797973633, 28.10312843322754, -9.634958267211914, 129.54823303222656]], "lowlevel.gfcc.icov": [[0.0004525963158812374, -0.0004617116355802864, 0.0007533052121289074, -0.0007191207841970026, 0.0006905756308697164, -0.0008233509142883122, 0.0006186158279888332, -0.000724468904081732, 0.0003199203056283295, -0.0011152031365782022, 0.0007414913852699101, -0.0008988644112832844, 0.000729530060198158], [-0.0004617116355802864, 0.005366366356611252, -0.0010436292504891753, 0.004102857783436775, -0.0037227484863251448, 0.004995584487915039, -0.0030356969218701124, 0.002620179671794176, -0.002912412630394101, 0.003693308448418975, -0.005178934894502163, 0.0039472128264606, -0.00410362659022212], [0.0007533052121289074, -0.0010436292504891753, 0.0024331791792064905, -0.001581436488777399, 0.0009982543997466564, -0.0014432952739298344, 0.0013419035822153091, -0.0003760451218113303, 0.00027911324286833405, -0.0011712911073118448, 0.0016168262809515, -0.0017928833840414882, 0.0024941437877714634], [-0.0007191207841970026, 0.004102857783436775, -0.001581436488777399, 0.00637354701757431, -0.00267246225848794, 0.004981863312423229, -0.002059462247416377, 0.001551786088384688, -0.003055023727938533, 0.004320673644542694, -0.004781102295964956, 0.0026577962562441826, -0.004305700305849314], [0.0006905756308697164, -0.0037227484863251448, 0.0009982543997466564, -0.00267246225848794, 0.007724841590970755, -0.004184704273939133, 0.002192744752392173, -0.0022324756719172, 0.0006810211925767362, -0.0026438662316650152, 0.0027992036193609238, -0.0018494423711672425, 0.0016573291504755616], [-0.0008233509142883122, 0.004995584487915039, -0.0014432952739298344, 0.004981863312423229, -0.004184704273939133, 0.009622210636734962, -0.003914511762559414, 0.0038066545967012644, -0.002828926080837846, 0.0027366410940885544, -0.00430989358574152, 0.0030451854690909386, -0.005098409950733185], [0.0006186158279888332, -0.0030356969218701124, 0.0013419035822153091, -0.002059462247416377, 0.002192744752392173, -0.003914511762559414, 0.006543392781168222, -0.001727722818031907, 0.0025607466232031584, -0.0032258203718811274, 0.0024924345780164003, -0.003127102740108967, 0.0025077618192881346], [-0.000724468904081732, 0.002620179671794176, -0.0003760451218113303, 0.001551786088384688, -0.0022324756719172, 0.0038066545967012644, -0.001727722818031907, 0.010821772739291191, -0.004468861501663923, 0.0023056583013385534, -0.0013778110733255744, -0.0004507208941504359, -0.0011950626503676176], [0.0003199203056283295, -0.002912412630394101, 0.00027911324286833405, -0.003055023727938533, 0.0006810211925767362, -0.002828926080837846, 0.0025607466232031584, -0.004468861501663923, 0.010505161248147488, -0.00460388557985425, 0.001595169655047357, -2.1882695364183746e-05, 0.0008584420429542661], [-0.0011152031365782022, 0.003693308448418975, -0.0011712911073118448, 0.004320673644542694, -0.0026438662316650152, 0.0027366410940885544, -0.0032258203718811274, 0.0023056583013385534, -0.00460388557985425, 0.013127090409398079, -0.0047384100034832954, 0.0003947732911910862, -0.0006076784338802099], [0.0007414913852699101, -0.005178934894502163, 0.0016168262809515, -0.004781102295964956, 0.0027992036193609238, -0.00430989358574152, 0.0024924345780164003, -0.0013778110733255744, 0.001595169655047357, -0.0047384100034832954, 0.01306461263448, -0.006362190004438162, 0.0031535339076071978], [-0.0008988644112832844, 0.0039472128264606, -0.0017928833840414882, 0.0026577962562441826, -0.0018494423711672425, 0.0030451854690909386, -0.003127102740108967, -0.0004507208941504359, -2.1882695364183746e-05, 0.0003947732911910862, -0.006362190004438162, 0.014942587353289127, -0.004201292991638184], [0.000729530060198158, -0.00410362659022212, 0.0024941437877714634, -0.004305700305849314, 0.0016573291504755616, -0.005098409950733185, 0.0025077618192881346, -0.0011950626503676176, 0.0008584420429542661, -0.0006076784338802099, 0.0031535339076071978, -0.004201292991638184, 0.014071167446672916]], "lowlevel.mfcc.cov": [[10267.494140625, -1344.986083984375, -1387.865966796875, -455.33587646484375, -794.2869873046875, -107.84213256835938, -150.43626403808594, 140.32347106933594, 194.7640838623047, 234.44448852539062, 256.7580261230469, 257.0469055175781, 274.9569091796875], [-1344.986083984375, 1270.854736328125, -190.5127410888672, -85.7159652709961, 94.02811431884766, 29.6160945892334, 92.21002960205078, -50.903228759765625, 8.75564193725586, -22.141664505004883, -20.662212371826172, -17.110820770263672, 22.527210235595703], [-1387.865966796875, -190.5127410888672, 730.0681762695312, 162.55384826660156, 155.3178253173828, -10.222795486450195, -47.44647979736328, -3.1291534900665283, -80.81293487548828, -37.01949691772461, -28.177907943725586, 3.863663673400879, -50.153629302978516], [-455.33587646484375, -85.7159652709961, 162.55384826660156, 474.3382263183594, 103.13722229003906, -139.06910705566406, -56.285701751708984, 13.53006649017334, -30.41277503967285, -58.63140106201172, 23.69348907470703, 8.26010799407959, -38.82088851928711], [-794.2869873046875, 94.02811431884766, 155.3178253173828, 103.13722229003906, 392.3604736328125, -57.029579162597656, -73.38381958007812, -10.403641700744629, 3.532315254211426, -27.6524600982666, -10.251457214355469, 27.24974822998047, -97.94151306152344], [-107.84213256835938, 29.6160945892334, -10.222795486450195, -139.06910705566406, -57.029579162597656, 246.49655151367188, 83.18707275390625, -5.647525310516357, 1.0021579265594482, 56.166812896728516, -44.0068244934082, -21.41716766357422, 22.90814208984375], [-150.43626403808594, 92.21002960205078, -47.44647979736328, -56.285701751708984, -73.38381958007812, 83.18707275390625, 177.7932586669922, 19.300662994384766, -17.74863624572754, 5.306143760681152, -33.263084411621094, -16.127784729003906, 21.258560180664062], [140.32347106933594, -50.903228759765625, -3.1291534900665283, 13.53006649017334, -10.403641700744629, -5.647525310516357, 19.300662994384766, 116.83349609375, 19.336755752563477, 0.7384911179542542, 0.09475704282522202, 16.251367568969727, 7.089478015899658], [194.7640838623047, 8.75564193725586, -80.81293487548828, -30.41277503967285, 3.532315254211426, 1.0021579265594482, -17.74863624572754, 19.336755752563477, 135.50550842285156, 36.7243537902832, -2.408799648284912, -11.890105247497559, 3.2692508697509766], [234.44448852539062, -22.141664505004883, -37.01949691772461, -58.63140106201172, -27.6524600982666, 56.166812896728516, 5.306143760681152, 0.7384911179542542, 36.7243537902832, 121.26241302490234, 2.966252088546753, 9.649093627929688, 6.181345462799072], [256.7580261230469, -20.662212371826172, -28.177907943725586, 23.69348907470703, -10.251457214355469, -44.0068244934082, -33.263084411621094, 0.09475704282522202, -2.408799648284912, 2.966252088546753, 121.81865692138672, 23.341522216796875, 16.64715003967285], [257.0469055175781, -17.110820770263672, 3.863663673400879, 8.26010799407959, 27.24974822998047, -21.41716766357422, -16.127784729003906, 16.251367568969727, -11.890105247497559, 9.649093627929688, 23.341522216796875, 171.9604949951172, 37.200260162353516], [274.9569091796875, 22.527210235595703, -50.153629302978516, -38.82088851928711, -97.94151306152344, 22.90814208984375, 21.258560180664062, 7.089478015899658, 3.2692508697509766, 6.181345462799072, 16.64715003967285, 37.200260162353516, 155.4081268310547]], "lowlevel.mfcc.icov": [[0.0002484099240973592, 0.0002860848035197705, 0.0004569130251184106, 0.0001323328906437382, 0.00025920988991856575, 0.00014200666919350624, 0.00023662467719987035, -0.0001384656789014116, -7.749742962914752e-07, -0.00020834182214457542, -0.00018444389570504427, -0.000292301585432142, -8.605351467849687e-05], [0.0002860848035197705, 0.0012840178096666932, 0.0008100972045212984, 0.00026666917256079614, -0.000252038735197857, 0.00022741244174540043, -0.0003721883986145258, 0.00031986579415388405, -4.203551361570135e-05, -3.425633258302696e-05, -0.00018986851500812918, -0.0002059716498479247, -0.0004483850789256394], [0.0004569130251184106, 0.0008100972045212984, 0.002682502381503582, -0.00021933889365755022, -0.00022572152374777943, -0.00015093367255758494, 0.0007572196191176772, -0.0003529799578245729, 0.0010555557673797011, -0.0003129208052996546, 0.00011034310591639951, -0.00040159080526791513, -0.0002478467649780214], [0.0001323328906437382, 0.00026666917256079614, -0.00021933889365755022, 0.0029344388749450445, -0.00024416952510364354, 0.001439352985471487, 5.847519059898332e-05, -0.00040018008439801633, 0.00027913550729863346, 0.000344282656442374, -0.00034767898614518344, -1.051490744430339e-05, 5.3850388212595135e-05], [0.00025920988991856575, -0.000252038735197857, -0.00022572152374777943, -0.00024416952510364354, 0.0042844051495194435, 9.445903560845181e-05, 0.001481556915678084, -6.739042146364227e-05, -0.0007350055384449661, 0.00035698770079761744, 0.00015922982129268348, -0.001502090715803206, 0.002274459460750222], [0.00014200666919350624, 0.00022741244174540043, -0.00015093367255758494, 0.001439352985471487, 9.445903560845181e-05, 0.006624995265156031, -0.0021757197100669146, 0.0003677563217934221, 0.0004424459475558251, -0.0027029383927583694, 0.001317812129855156, 0.0004856453451793641, -0.0007687733159400523], [0.00023662467719987035, -0.0003721883986145258, 0.0007572196191176772, 5.847519059898332e-05, 0.001481556915678084, -0.0021757197100669146, 0.008487597107887268, -0.0020528424065560102, 0.0014915438368916512, 0.00024170985852833837, 0.0012953801779076457, 9.230224350176286e-06, -0.00010064349771710113], [-0.0001384656789014116, 0.00031986579415388405, -0.0003529799578245729, -0.00040018008439801633, -6.739042146364227e-05, 0.0003677563217934221, -0.0020528424065560102, 0.009716968983411789, -0.0020117557141929865, 0.0005558407283388078, 3.541788464644924e-05, -0.0009572632843628526, -2.8846208806498908e-05], [-7.749742962914752e-07, -4.203551361570135e-05, 0.0010555557673797011, 0.00027913550729863346, -0.0007350055384449661, 0.0004424459475558251, 0.0014915438368916512, -0.0020117557141929865, 0.009520797990262508, -0.0029470440931618214, 0.0007931437576189637, 0.0013309357455000281, -0.0007094648317433894], [-0.00020834182214457542, -3.425633258302696e-05, -0.0003129208052996546, 0.000344282656442374, 0.00035698770079761744, -0.0027029383927583694, 0.00024170985852833837, 0.0005558407283388078, -0.0029470440931618214, 0.010982763953506947, -0.000837414525449276, -0.001021965523250401, 0.0008830713923089206], [-0.00018444389570504427, -0.00018986851500812918, 0.00011034310591639951, -0.00034767898614518344, 0.00015922982129268348, 0.001317812129855156, 0.0012953801779076457, 3.541788464644924e-05, 0.0007931437576189637, -0.000837414525449276, 0.009754390455782413, -0.0005042678094469011, -0.0008776551112532616], [-0.000292301585432142, -0.0002059716498479247, -0.00040159080526791513, -1.051490744430339e-05, -0.001502090715803206, 0.0004856453451793641, 9.230224350176286e-06, -0.0009572632843628526, 0.0013309357455000281, -0.001021965523250401, -0.0005042678094469011, 0.007335740607231855, -0.0022503456566482782], [-8.605351467849687e-05, -0.0004483850789256394, -0.0002478467649780214, 5.3850388212595135e-05, 0.002274459460750222, -0.0007687733159400523, -0.00010064349771710113, -2.8846208806498908e-05, -0.0007094648317433894, 0.0008830713923089206, -0.0008776551112532616, -0.0022503456566482782, 0.00875968299806118]], "metadata.audio_properties.analysis.downmix": "mix", "metadata.audio_properties.codec": "mp3", "metadata.audio_properties.md5_encoded": "42e486c1fa0ac2b12b7572c35d3861dd", "metadata.tags.file_name": "1183705295193636884.mp3", "metadata.version.essentia": "2.1-beta6-dev", "metadata.version.essentia_git_sha": "v2.1_beta5-1110-g77a6a954", "metadata.version.extractor": "music 2.0", "tonal.chords_key": "F", "tonal.chords_scale": "minor", "tonal.key_edma.key": "Bb", "tonal.key_edma.scale": "minor", "tonal.key_krumhansl.key": "Bb", "tonal.key_kru