{"song_id": "1183711303332810803", "download": "https://cdn.discordapp.com/attachments/1128313332273782784/1183711303332810803/chirp.mp4?ex=6589540f&amp", "lyrics": "[verse] \u042f \u043e\u0431\u044b\u0447\u043d\u044b\u0439 \u0438\u0433\u0440\u043e\u043a \u0432 \u041e\u0441\u0430\u0434\u0443, \u043c\u043d\u0435 \u043c\u043d\u043e\u0433\u043e\u0433\u043e \u043d\u0435 \u043d\u0430\u0434\u043e\n\u041b\u0438\u0448\u044c \u043f\u043e\u0434\u043b\u0430\u0442\u0430\u0439\u0442\u0435 \u0431\u0430\u0433\u0438, \u0432\u0435\u0440\u043d\u0438\u0442\u0435 \u043c\u043d\u0435 \u0410\u041a\u041e\u0413\n\u0414\u043b\u044f \u0432\u0430\u0441 \u043d\u0430 \u043a\u043e\u043b\u0435\u043d\u0438 \u044f \u0432\u0441\u0442\u0430\u043d\u0443, \u043c\u0438\u043b\u044b\u0435 \u0440\u0430\u0437\u0440\u0430\u0431\u044b\n\u0414\u0430\u0439\u0442\u0435 \u043f\u043b\u0430\u0442\u0438\u043d\u044b \u0431\u0435\u0437 \u043a\u0440\u0430\u0448\u0435\u0439, \u0447\u0442\u043e \u0431\u044b \u0441\u043c\u043e\u0433 \u044f \u043f\u0440\u0435\u0432\u043e\u0437\u043c\u043e\u0447\u044c.\n[chorus] \u0420\u044d\u0439\u043d\u0431\u043e\u0443 \u0421\u0438\u043a\u0441 \u0421\u0438\u0435\u0434\u0436\u044d, \u043b\u044e\u0431\u0438\u043c\u0430\u044f \u0438\u0433\u0440\u0430.\n\u0421\u0442\u043e \u043f\u044f\u0442\u044c\u0441\u043e\u0442 \u0442\u044b\u0441\u044f\u0447 \u0447\u0430\u0441\u043e\u0432 \u0438 \u043e\u043d\u0430 \u0432\u0441\u0451 \u0435\u0449\u0451 - \u043c\u043e\u044f.\n\u0420\u044d\u0439\u043d\u0431\u043e\u0443 \u0421\u0438\u043a\u0441 \u0421\u0438\u0435\u0434\u0436\u044d, \u0441\u043a\u0438\u043d\u043e\u0432 \u043a\u043b\u043e\u0443\u043d\u0430\u0434\u0430 \n\u042f \u0435\u0449\u0451 \u043d\u0435 \u043f\u0435\u0434\u0438\u043a, \u043d\u043e \u0433\u0430\u0447\u0438\u043c\u0443\u0447\u0438 \u043d\u0430\u0434\u043e.", "style": ["romantic"], "essentia_features": {"lowlevel.average_loudness": 0.3667184114456177, "lowlevel.barkbands_crest.mean": 12.572970390319824, "lowlevel.barkbands_crest.stdev": 4.6728644371032715, "lowlevel.barkbands_flatness_db.mean": 0.22010327875614166, "lowlevel.barkbands_flatness_db.stdev": 0.07094422727823257, "lowlevel.barkbands_kurtosis.mean": 19.09013557434082, "lowlevel.barkbands_kurtosis.stdev": 45.19641876220703, "lowlevel.barkbands_skewness.mean": 2.238067626953125, "lowlevel.barkbands_skewness.stdev": 3.049227237701416, "lowlevel.barkbands_spread.mean": 21.30178451538086, "lowlevel.barkbands_spread.stdev": 18.421539306640625, "lowlevel.dissonance.mean": 0.46822255849838257, "lowlevel.dissonance.stdev": 0.032809849828481674, "lowlevel.dynamic_complexity": 9.915868759155273, "lowlevel.erbbands_crest.mean": 11.50814437866211, "lowlevel.erbbands_crest.stdev": 6.02245569229126, "lowlevel.erbbands_flatness_db.mean": 0.21920090913772583, "lowlevel.erbbands_flatness_db.stdev": 0.07628776133060455, "lowlevel.erbbands_kurtosis.mean": 2.835284471511841, "lowlevel.erbbands_kurtosis.stdev": 8.39294719696045, "lowlevel.erbbands_skewness.mean": -0.15264447033405304, "lowlevel.erbbands_skewness.stdev": 1.4281097650527954, "lowlevel.erbbands_spread.mean": 36.66100311279297, "lowlevel.erbbands_spread.stdev": 24.484926223754883, "lowlevel.hfc.mean": 9.287064552307129, "lowlevel.hfc.stdev": 19.035076141357422, "lowlevel.loudness_ebu128.integrated": -21.019174575805664, "lowlevel.loudness_ebu128.loudness_range": 14.779176712036133, "lowlevel.loudness_ebu128.momentary.mean": -26.2896785736084, "lowlevel.loudness_ebu128.momentary.stdev": 7.222634792327881, "lowlevel.loudness_ebu128.short_term.mean": -24.71967315673828, "lowlevel.loudness_ebu128.short_term.stdev": 5.426433086395264, "lowlevel.melbands_crest.mean": 21.385587692260742, "lowlevel.melbands_crest.stdev": 9.801252365112305, "lowlevel.melbands_flatness_db.mean": 0.28647586703300476, "lowlevel.melbands_flatness_db.stdev": 0.09871741384267807, "lowlevel.melbands_kurtosis.mean": 54.493045806884766, "lowlevel.melbands_kurtosis.stdev": 151.25584411621094, "lowlevel.melbands_skewness.mean": 4.0564188957214355, "lowlevel.melbands_skewness.stdev": 4.9744553565979, "lowlevel.melbands_spread.mean": 28.841943740844727, "lowlevel.melbands_spread.stdev": 33.64498519897461, "lowlevel.pitch_salience.mean": 0.45395395159721375, "lowlevel.pitch_salience.stdev": 0.20728188753128052, "lowlevel.silence_rate_20dB.mean": 1.0, "lowlevel.silence_rate_20dB.stdev": 0.0, "lowlevel.silence_rate_30dB.mean": 0.9965237379074097, "lowlevel.silence_rate_30dB.stdev": 0.05885685980319977, "lowlevel.silence_rate_60dB.mean": 0.5898030400276184, "lowlevel.silence_rate_60dB.stdev": 0.49187108874320984, "lowlevel.spectral_centroid.mean": 1625.718994140625, "lowlevel.spectral_centroid.stdev": 970.8617553710938, "lowlevel.spectral_complexity.mean": 5.987833023071289, "lowlevel.spectral_complexity.stdev": 7.873227596282959, "lowlevel.spectral_decrease.mean": -2.104736607222435e-09, "lowlevel.spectral_decrease.stdev": 4.446879309227825e-09, "lowlevel.spectral_energy.mean": 0.008786113932728767, "lowlevel.spectral_energy.stdev": 0.0183709766715765, "lowlevel.spectral_energyband_high.mean": 0.00023894458718132228, "lowlevel.spectral_energyband_high.stdev": 0.0006041407468728721, "lowlevel.spectral_energyband_low.mean": 0.0007078113849274814, "lowlevel.spectral_energyband_low.stdev": 0.002240438014268875, "lowlevel.spectral_energyband_middle_high.mean": 0.003177087055519223, "lowlevel.spectral_energyband_middle_high.stdev": 0.00751924142241478, "lowlevel.spectral_energyband_middle_low.mean": 0.004740724805742502, "lowlevel.spectral_energyband_middle_low.stdev": 0.013039138168096542, "lowlevel.spectral_entropy.mean": 7.359311103820801, "lowlevel.spectral_entropy.stdev": 0.5231170654296875, "lowlevel.spectral_flux.mean": 0.04910711571574211, "lowlevel.spectral_flux.stdev": 0.04984462261199951, "lowlevel.spectral_kurtosis.mean": 5.838877201080322, "lowlevel.spectral_kurtosis.stdev": 7.305018901824951, "lowlevel.spectral_rms.mean": 0.002129156840965152, "lowlevel.spectral_rms.stdev": 0.002009606920182705, "lowlevel.spectral_rolloff.mean": 1671.879150390625, "lowlevel.spectral_rolloff.stdev": 1843.47216796875, "lowlevel.spectral_skewness.mean": 1.3680381774902344, "lowlevel.spectral_skewness.stdev": 0.8829964399337769, "lowlevel.spectral_spread.mean": 3458656.0, "lowlevel.spectral_spread.stdev": 1188707.375, "lowlevel.spectral_strongpeak.mean": 0.6464871764183044, "lowlevel.spectral_strongpeak.stdev": 1.1481478214263916, "lowlevel.zerocrossingrate.mean": 0.05950948968529701, "lowlevel.zerocrossingrate.stdev": 0.052989326417446136, "metadata.audio_properties.analysis.equal_loudness": 0.0, "metadata.audio_properties.analysis.length": 40.04265213012695, "metadata.audio_properties.analysis.sample_rate": 44100.0, "metadata.audio_properties.analysis.start_time": 0.0, "metadata.audio_properties.bit_rate": 118328.0, "metadata.audio_properties.length": 40.042667388916016, "metadata.audio_properties.lossless": 0.0, "metadata.audio_properties.number_channels": 1.0, "metadata.audio_properties.replay_gain": -9.419000625610352, "metadata.audio_properties.sample_rate": 48000.0, "rhythm.beats_count": 69.0, "rhythm.beats_loudness.mean": 0.015536980703473091, "rhythm.beats_loudness.stdev": 0.02061856910586357, "rhythm.bpm": 89.76527404785156, "rhythm.bpm_histogram_first_peak_bpm": 89.0, "rhythm.bpm_histogram_first_peak_weight": 0.20000004768371582, "rhythm.bpm_histogram_second_peak_bpm": 110.0, "rhythm.bpm_histogram_second_peak_spread": 0.5, "rhythm.bpm_histogram_second_peak_weight": 0.11764705926179886, "rhythm.danceability": 1.3112423419952393, "rhythm.onset_rate": 3.844769239425659, "tonal.chords_changes_rate": 0.1666666716337204, "tonal.chords_number_rate": 0.019675925374031067, "tonal.chords_strength.mean": 0.44767341017723083, "tonal.chords_strength.stdev": 0.10585121810436249, "tonal.hpcp_crest.mean": 11.866926193237305, "tonal.hpcp_crest.stdev": 5.8077569007873535, "tonal.hpcp_entropy.mean": 2.2851812839508057, "tonal.hpcp_entropy.stdev": 0.8379167914390564, "tonal.key_edma.strength": 0.31989550590515137, "tonal.key_krumhansl.strength": 0.31214356422424316, "tonal.key_temperley.strength": 0.2750204801559448, "tonal.tuning_diatonic_strength": 0.4759908616542816, "tonal.tuning_equal_tempered_deviation": 0.22544848918914795, "tonal.tuning_frequency": 434.193115234375, "tonal.tuning_nontempered_energy_ratio": 0.8895854949951172, "lowlevel.barkbands.mean": [0.00017514513456262648, 0.00046314526116475463, 4.18363961216528e-05, 0.0001759216102072969, 0.0003985015209764242, 0.0008284045034088194, 0.0009407986653968692, 0.0010303528979420662, 0.0012648323317989707, 0.00028097766335122287, 0.0003298895317129791, 0.0002363375824643299, 0.0005350116407498717, 0.00030117935966700315, 0.00039372636820189655, 0.0003534602001309395, 0.0005573875387199223, 0.00021045208268333226, 2.710303851927165e-05, 4.612481006915914e-06, 5.983466689940542e-05, 0.00014658593863714486, 2.4043902158155106e-05, 6.0082161326135974e-06, 3.7555857090865175e-08, 5.231680688666529e-07, 2.2265334465032538e-08], "lowlevel.barkbands.stdev": [0.00030467277974821627, 0.001931734848767519, 0.0002079718396998942, 0.0007201940752565861, 0.0010860331822186708, 0.0031474423594772816, 0.004254902247339487, 0.004505849909037352, 0.00870964303612709, 0.0014876961940899491, 0.001819245982915163, 0.0009078136645257473, 0.0023304803762584925, 0.0013610913883894682, 0.0016154305776581168, 0.001402399386279285, 0.0016204527346417308, 0.0006491742678917944, 7.267577893799171e-05, 1.7434613255318254e-05, 0.00018910264770966023, 0.00037862881436012685, 7.65377699281089e-05, 2.8862044928246178e-05, 3.1870197858552274e-07, 9.018853006637073e-07, 5.8791858492668325e-08], "lowlevel.erbbands.mean": [0.02471264824271202, 0.06028089299798012, 0.052642907947301865, 0.30832892656326294, 0.840066134929657, 1.3946483135223389, 3.8767518997192383, 7.307134628295898, 15.2095365524292, 12.369928359985352, 29.105308532714844, 29.338010787963867, 11.871826171875, 9.573721885681152, 11.950387001037598, 11.378706932067871, 23.082958221435547, 18.22088050842285, 17.8620662689209, 24.428295135498047, 17.41649627685547, 32.00004577636719, 15.789873123168945, 3.3215973377227783, 0.6139786839485168, 0.22796469926834106, 0.5208293795585632, 4.363231182098389, 6.379024982452393, 1.8419435024261475, 0.6531528830528259, 0.2391330748796463, 0.048560455441474915, 0.002108699409291148, 0.00016176814096979797, 0.0003489329246804118, 0.000933400820940733, 0.00044697202974930406, 1.352991966996342e-05, 1.1102944881713483e-05], "lowlevel.erbbands.stdev": [0.07367414981126785, 0.37292495369911194, 0.31595098972320557, 1.2775352001190186, 2.441354274749756, 4.237618923187256, 18.98554039001465, 27.532390594482422, 66.49420166015625, 64.46337127685547, 124.07221984863281, 202.21031188964844, 57.08122253417969, 45.31449508666992, 57.423370361328125, 41.56324768066406, 99.52979278564453, 72.11654663085938, 78.21785736083984, 101.27304077148438, 61.00505447387695, 90.62419891357422, 45.96084213256836, 8.095283508300781, 1.6474286317825317, 0.8061350584030151, 1.5373390913009644, 13.236870765686035, 16.8497314453125, 4.87747859954834, 2.025324583053589, 0.9235439300537109, 0.32130271196365356, 0.013340024277567863, 0.0005723137292079628, 0.000678754469845444, 0.0018262631492689252, 0.0007634037756361067, 1.8786435248330235e-05, 2.2175510821398348e-05], "lowlevel.gfcc.mean": [-186.3126220703125, 108.7668685913086, -135.49903869628906, 32.500328063964844, -41.69063186645508, 0.05000047758221626, -11.214119911193848, -16.6350040435791, 15.198153495788574, 3.8638484477996826, -19.736303329467773, 24.501501083374023, -18.070552825927734], "lowlevel.melbands.mean": [0.00017878637299872935, 4.3433130485937e-05, 7.274372910615057e-05, 7.374914275715128e-05, 0.00011879821249749511, 0.00017285080684814602, 0.00022053434804547578, 0.00014586950419470668, 0.00026114529464393854, 0.00016643737035337836, 5.5058331781765446e-05, 3.7069279642309994e-05, 4.391716720419936e-05, 2.773049163806718e-05, 3.559986362233758e-05, 5.4958036344032735e-05, 3.07138470816426e-05, 2.782092269626446e-05, 2.9748227461823262e-05, 3.186253161402419e-05, 1.6883555872482248e-05, 3.210384966223501e-05, 2.9368062314460985e-05, 5.6384928939223755e-06, 2.299578227393795e-06, 4.913317752652802e-07, 2.3833885620661022e-07, 1.1227527352275501e-07, 1.6811345915357379e-07, 7.206288046290865e-07, 3.2467307846673066e-06, 3.924123575416161e-06, 2.1979685698170215e-06, 6.112078381192987e-07, 3.8025876847314066e-07, 2.375662262465994e-07, 1.136811960122941e-07, 4.404184039685788e-08, 1.8105392740608295e-09, 3.3384614517295574e-10], "lowlevel.melbands.stdev": [0.0005957380635663867, 0.00026181634166277945, 0.00026194899692200124, 0.00019187733414582908, 0.000524474773555994, 0.0006307790754362941, 0.0009572887211106718, 0.0007395448046736419, 0.0012363506248220801, 0.001123681664466858, 0.0002860520617105067, 0.00017756811575964093, 0.00023561186389997602, 0.00010841806943062693, 0.0001490488793933764, 0.00024086276243906468, 0.00012958959268871695, 0.00013549897994380444, 0.00012283450632821769, 0.00013168947771191597, 5.8808247558772564e-05, 9.351397602586076e-05, 9.044211765285581e-05, 1.950857949850615e-05, 5.9523295021790545e-06, 1.51810070292413e-06, 8.386480203625979e-07, 4.814574481315503e-07, 6.789323947486992e-07, 2.3323109417106025e-06, 9.90013995760819e-06, 1.064733623934444e-05, 5.696326297766063e-06, 1.9180381514161127e-06, 1.2065460168741993e-06, 8.527197792318475e-07, 5.363418722481583e-07, 3.3199992799382017e-07, 1.5601930414277376e-08, 2.838600909882416e-09], "lowlevel.melbands128.mean": [0.00014286806981544942, 0.0002476456866133958, 0.0001807605876820162, 7.443843060173094e-05, 2.437050534354057e-05, 2.2732134311809205e-05, 5.084074291517027e-05, 0.00010414622374810278, 8.709834946785122e-05, 5.43664900760632e-05, 7.778150029480457e-05, 9.33999108383432e-05, 0.00014882883988320827, 0.00012897938722744584, 0.00012395741941872984, 0.00022038852330297232, 0.0002772188454400748, 0.00024326078710146248, 0.00012089939991710708, 0.00011348126281518489, 0.00015821306442376226, 0.00023107351444195956, 0.00025983789237216115, 0.00032950856257230043, 0.00021334338816814125, 9.914382826536894e-05, 6.274587212828919e-05, 5.276035881252028e-05, 4.80537855764851e-05, 2.7020470952265896e-05, 3.343642674735747e-05, 5.448711817734875e-05, 5.042063276050612e-05, 3.4130400308640674e-05, 2.2223417545319535e-05, 3.0277376936282963e-05, 2.9033428290858865e-05, 2.775207940430846e-05, 4.1393916035303846e-05, 6.287758878897876e-05, 6.266247510211542e-05, 3.996010127593763e-05, 2.7051992219639942e-05, 2.878578015952371e-05, 2.6481004169909284e-05, 2.85449259536108e-05, 2.867807233997155e-05, 2.3039070583763532e-05, 3.2906667911447585e-05, 4.138197618885897e-05, 3.057570938835852e-05, 2.5667983209132217e-05, 1.568336483614985e-05, 1.1233812983846292e-05, 2.2863212507218122e-05, 3.391641075722873e-05, 4.055445970152505e-05, 4.056865145685151e-05, 2.5357043341500685e-05, 6.919660336279776e-06, 5.476738806464709e-06, 2.7209459858568152e-06, 3.1665001642977586e-06, 2.3077382138581015e-06, 7.756124773550255e-07, 3.478141081814101e-07, 3.3498986340418924e-07, 3.0785429316892987e-07, 2.137768433385645e-07, 1.4912487245055672e-07, 1.0477242540218867e-07, 8.931742456752545e-08, 1.2712885677501617e-07, 1.969198564211183e-07, 1.7517827188839874e-07, 4.175247454440978e-07, 6.636455509578809e-07, 2.45570686274732e-06, 4.156428076385055e-06, 3.3093524507421535e-06, 3.495869805192342e-06, 5.0349317461950704e-06, 3.384981255294406e-06, 1.92673701349122e-06, 1.0765132856249693e-06, 6.496098876596079e-07, 4.799912289854547e-07, 4.103692390344804e-07, 3.51020162270288e-07, 4.134351172524475e-07, 2.772614493551373e-07, 1.9792061323187227e-07, 1.4770131429031608e-07, 1.0909990777463463e-07, 9.17703388836344e-08, 8.046368549230465e-08, 2.8374385507845545e-08, 2.678401500588734e-09, 8.599936873743275e-10, 1.4181050778105941e-09, 5.215471388098081e-10, 1.3730595826988434e-10, 5.310952372328259e-11, 4.5644321655657905e-11, 4.6833155409320426e-11, 3.235573614590592e-11, 3.2060906013375856e-11, 3.191265654511888e-11, 7.733627627182216e-11, 3.9540321017383917e-10, 3.0001798823064973e-09, 2.2530004528675818e-09, 2.4437840639990327e-09, 3.6196374786356955e-09, 4.753629490039657e-09, 9.472374884467172e-09, 2.216631544982306e-09, 2.322519086772612e-11, 1.2613777210235266e-12, 1.2014603721632877e-12, 1.18722609868116e-12, 1.1373739406891903e-12, 1.1164193484611284e-12, 1.0900274823380518e-12, 1.0211536477511274e-12, 9.181227826615679e-13, 8.605397210786903e-13, 8.487496187641053e-13], "lowlevel.melbands128.stdev": [0.00025173136964440346, 0.0006317248335108161, 0.0008543116855435073, 0.0005420835223048925, 0.00021498798741959035, 0.00010437890159664676, 0.0002418351941742003, 0.0004124694096390158, 0.0002597134152892977, 0.00017796116298995912, 0.00028040946926921606, 0.00038583893910981715, 0.0008433973998762667, 0.0007773686666041613, 0.0005119717097841203, 0.0011526118032634258, 0.0012671598233282566, 0.0013962596422061324, 0.0007061541546136141, 0.0009438021224923432, 0.0009549888200126588, 0.0011735506122931838, 0.0012865136377513409, 0.002900351770222187, 0.0018456275574862957, 0.000726735801436007, 0.00040507197263650596, 0.00034481106558814645, 0.0003239610232412815, 0.00013961167132947594, 0.00021724567341152579, 0.0004034541780129075, 0.0003529503010213375, 0.00018208929395768791, 0.00011102318967459723, 0.0001468525006202981, 0.00013247381139080971, 0.0001497804041719064, 0.00023775776207912713, 0.00033646143856458366, 0.0003251704329159111, 0.00020434329053387046, 0.00014841595839243382, 0.00013918757031206042, 0.00017288238450419158, 0.00016704727022442967, 0.00015930287190712988, 0.00010512510925764218, 0.00018450908828526735, 0.00021957699209451675, 0.00014720471517648548, 0.00013300453429110348, 7.560047379229218e-05, 3.9852180634625256e-05, 8.357151091331616e-05, 0.00011448091390775517, 0.00013152469182386994, 0.00015326871653087437, 8.822718518786132e-05, 2.675394898687955e-05, 2.925979788415134e-05, 7.891257155279163e-06, 9.383715223520994e-06, 6.914253390277736e-06, 2.638115347508574e-06, 1.5844464087422239e-06, 1.2103006383767934e-06, 1.1800077572843293e-06, 8.831069067127828e-07, 6.127892220320064e-07, 4.2256218080183316e-07, 5.212971814216871e-07, 6.171362656459678e-07, 9.639159088692395e-07, 5.95061123931373e-07, 1.435380227121641e-06, 2.4915348149079364e-06, 9.250755283574108e-06, 1.3543793102144264e-05, 9.365593541588169e-06, 1.1497009836602956e-05, 1.4003306205268018e-05, 1.003845773084322e-05, 5.155702638148796e-06, 3.4977733776031528e-06, 2.436058366583893e-06, 1.7101745015679626e-06, 1.4650480579803116e-06, 1.1453408887973637e-06, 1.4423078482650453e-06, 1.0924661637545796e-06, 8.716672823538829e-07, 6.206586817825155e-07, 5.695525260307477e-07, 6.441259756684303e-07, 6.234027409846021e-07, 2.4342372739738494e-07, 3.0537858464185774e-08, 8.348172819694355e-09, 1.4008084470162885e-08, 5.151805204661741e-09, 1.176289843307643e-09, 1.8771437182429906e-10, 2.223999318040626e-10, 2.221127864965311e-10, 1.4036935502836911e-10, 1.5705468869864347e-10, 1.289162804285482e-10, 2.036834312324487e-10, 1.1037831759708183e-09, 7.532254819864193e-09, 4.4635104501367096e-09, 7.486928410571636e-09, 9.385937360661956e-09, 1.0129515892742802e-08, 1.7382001615828813e-08, 3.912255408522469e-09, 6.788978407223922e-11, 3.163367788203142e-12, 2.768660084181973e-12, 3.0109937980415946e-12, 2.5781512341671586e-12, 2.5036112506066077e-12, 2.4592398430167695e-12, 2.4229624383254045e-12, 2.394606431546653e-12, 2.3729020050961003e-12, 2.3598031081289994e-12], "lowlevel.mfcc.mean": [-827.79150390625, 142.29132080078125, -27.319684982299805, 36.199161529541016, -11.340370178222656, 35.8906364440918, -33.57511901855469, 20.29937171936035, 4.573968410491943, -4.894199848175049, 13.338345527648926, 7.574383735656738, -0.5315574407577515], "lowlevel.spectral_contrast_coeffs.mean": [-0.768683910369873, -0.7934710383415222, -0.8307943940162659, -0.8171461224555969, -0.7657997608184814, -0.5898908972740173], "lowlevel.spectral_contrast_coeffs.stdev": [0.10230250656604767, 0.10230628401041031, 0.0697740763425827, 0.07496683299541473, 0.12088175117969513, 0.09119763225317001], "lowlevel.spectral_contrast_valleys.mean": [-8.469728469848633, -8.088862419128418, -8.747475624084473, -8.764259338378906, -9.689691543579102, -14.049654960632324], "lowlevel.spectral_contrast_valleys.stdev": [0.8432266116142273, 1.2557215690612793, 1.217047929763794, 1.1938867568969727, 0.9687657952308655, 1.1192829608917236], "rhythm.beats_loudness_band_ratio.mean": [0.30767497420310974, 0.13966436684131622, 0.19946695864200592, 0.1327982395887375, 0.17883679270744324, 0.0654178112745285], "rhythm.beats_loudness_band_ratio.stdev": [0.34177765250205994, 0.19478482007980347, 0.2190367877483368, 0.1982690542936325, 0.21856525540351868, 0.13377146422863007], "tonal.hpcp.mean": [0.10254152864217758, 0.08767285197973251, 0.07419122755527496, 0.07298590987920761, 0.08625401556491852, 0.10553738474845886, 0.18176215887069702, 0.19382193684577942, 0.11881279945373535, 0.10177730768918991, 0.10019990801811218, 0.09173164516687393, 0.08615139871835709, 0.08538246154785156, 0.09873384237289429, 0.11564160883426666, 0.1256217658519745, 0.13561880588531494, 0.12373551726341248, 0.10163558274507523, 0.1033988669514656, 0.11175429075956345, 0.12122740596532822, 0.17182426154613495, 0.2228032797574997, 0.18607282638549805, 0.14567868411540985, 0.13016846776008606, 0.11405549943447113, 0.11748705059289932, 0.10946745425462723, 0.10882021486759186, 0.12417251616716385, 0.12210498005151749, 0.10829836875200272, 0.1070680096745491], "tonal.hpcp.stdev": [0.22379235923290253, 0.20044267177581787, 0.17827108502388, 0.16980187594890594, 0.20062917470932007, 0.2026379555463791, 0.28444433212280273, 0.2921972870826721, 0.2094680517911911, 0.20373240113258362, 0.2025701254606247, 0.18198980391025543, 0.1861213892698288, 0.1825920194387436, 0.20613853633403778, 0.2237505316734314, 0.23658132553100586, 0.22786308825016022, 0.2192002683877945, 0.18709267675876617, 0.20445574820041656, 0.21447256207466125, 0.22131259739398956, 0.25972291827201843, 0.3278490900993347, 0.2796860933303833, 0.2662099599838257, 0.24852575361728668, 0.2306247353553772, 0.25340503454208374, 0.2261706292629242, 0.22236396372318268, 0.24637730419635773, 0.24257545173168182, 0.22459830343723297, 0.22477656602859497], "rhythm.beats_position": [0.42956915497779846, 0.8707482814788818, 1.3119274377822876, 1.7531065940856934, 2.2058956623077393, 2.658684730529785, 3.111473798751831, 3.564262866973877, 4.005442142486572, 4.493061065673828, 4.992290019989014, 5.491518974304199, 6.048798084259033, 6.606077194213867, 7.151745796203613, 7.709024906158447, 8.254693984985352, 8.788752555847168, 9.427301406860352, 10.054240226745605, 10.68117904663086, 11.319727897644043, 11.981496810913086, 12.654874801635742, 13.328253746032715, 14.001632690429688, 14.675010681152344, 15.348389625549316, 16.02176856994629, 16.695146560668945, 17.368526458740234, 18.05351448059082, 18.738502502441406, 19.411882400512695, 20.08526039123535, 20.758638381958008, 21.432018280029297, 22.105396270751953, 22.76716423034668, 23.42893409729004, 24.102312088012695, 24.752471923828125, 25.298139572143555, 25.855419158935547, 26.40108871459961, 26.94675636291504, 27.4924259185791, 28.038095474243164, 28.583763122558594, 29.141042709350586, 29.733150482177734, 30.302040100097656, 30.882539749145508, 31.439817428588867, 31.99709701538086, 32.57759475708008, 33.15809631347656, 33.73859405517578, 34.261043548583984, 34.78349304199219, 35.282718658447266, 35.78194808959961, 36.292789459228516, 36.803627014160156, 37.3028564453125, 37.802085876464844, 38.312923431396484, 38.81215286254883, 39.31138229370117], "rhythm.bpm_histogram": [0.0, 0.0, 0.0, 0.0, 0.0, 0.0, 0.0, 0.0, 0.0, 0.0, 0.0, 0.0, 0.0, 0.0, 0.0, 0.0, 0.0, 0.0, 0.0, 0.0, 0.0, 0.0, 0.0, 0.0, 0.0, 0.0, 0.0, 0.0, 0.0, 0.0, 0.0, 0.0, 0.0, 0.0, 0.0, 0.0, 0.0, 0.0, 0.0, 0.0, 0.0, 0.0, 0.0, 0.0, 0.0, 0.0, 0.0, 0.0, 0.0, 0.0, 0.0, 0.0, 0.0, 0.0, 0.0, 0.0, 0.0, 0.0, 0.0, 0.0, 0.0, 0.0, 0.0, 0.0, 0.0, 0.0, 0.0, 0.0, 0.0, 0.0, 0.0, 0.0, 0.0, 0.0, 0.0, 0.0, 0.0, 0.0, 0.0, 0.0, 0.0, 0.0, 0.0, 0.0, 0.0, 0.0, 0.0, 0.0, 0.029411764815449715, 0.20588235557079315, 0.0, 0.04411764815449715, 0.014705882407724857, 0.0, 0.029411764815449715, 0.0, 0.029411764815449715, 0.0, 0.0, 0.0, 0.0, 0.014705882407724857, 0.0, 0.05882352963089943, 0.0, 0.014705882407724857, 0.0, 0.0, 0.10294117778539658, 0.0, 0.11764705926179886, 0.0, 0.014705882407724857, 0.0, 0.0, 0.029411764815449715, 0.0, 0.04411764815449715, 0.0, 0.0, 0.11764705926179886, 0.0, 0.0, 0.014705882407724857, 0.0, 0.0, 0.0, 0.0, 0.0, 0.0, 0.0, 0.0, 0.0, 0.05882352963089943, 0.0, 0.0, 0.05882352963089943, 0.0, 0.0, 0.0, 0.0, 0.0, 0.0, 0.0, 0.0, 0.0, 0.0, 0.0, 0.0, 0.0, 0.0, 0.0, 0.0, 0.0, 0.0, 0.0, 0.0, 0.0, 0.0, 0.0, 0.0, 0.0, 0.0, 0.0, 0.0, 0.0, 0.0, 0.0, 0.0, 0.0, 0.0, 0.0, 0.0, 0.0, 0.0, 0.0, 0.0, 0.0, 0.0, 0.0, 0.0, 0.0, 0.0, 0.0, 0.0, 0.0, 0.0, 0.0, 0.0, 0.0, 0.0, 0.0, 0.0, 0.0, 0.0, 0.0, 0.0, 0.0, 0.0, 0.0, 0.0, 0.0, 0.0, 0.0, 0.0, 0.0, 0.0, 0.0, 0.0, 0.0, 0.0, 0.0, 0.0, 0.0, 0.0, 0.0, 0.0, 0.0, 0.0, 0.0, 0.0, 0.0, 0.0, 0.0, 0.0, 0.0, 0.0, 0.0, 0.0, 0.0, 0.0, 0.0, 0.0, 0.0, 0.0, 0.0, 0.0, 0.0, 0.0, 0.0, 0.0, 0.0, 0.0, 0.0, 0.0, 0.0, 0.0, 0.0, 0.0, 0.0], "tonal.chords_histogram": [12.615740776062012, 12.268518447875977, 3.935185194015503, 0.9259259104728699, 1.2731481790542603, 0.0, 1.7361111640930176, 1.3888888359069824, 4.861111164093018, 3.3564815521240234, 0.0, 0.0, 2.777777671813965, 13.541666984558105, 21.52777862548828, 1.3888888359069824, 3.472222328186035, 0.0, 0.23148147761821747, 3.935185194015503, 3.3564815521240234, 2.430555582046509, 0.0, 4.976851940155029], "tonal.thpcp": [1.0, 0.83514404296875, 0.65384441614151, 0.5842304825782776, 0.5119112133979797, 0.5273129343986511, 0.49131885170936584, 0.48841387033462524, 0.5573190450668335, 0.548039436340332, 0.48607170581817627, 0.48054951429367065, 0.4602334797382355, 0.3934989273548126, 0.3329898416996002, 0.327580064535141, 0.38713082671165466, 0.47367966175079346, 0.8157966136932373, 0.8699240684509277, 0.5332632660865784, 0.45680344104766846, 0.44972366094589233, 0.41171586513519287, 0.38667023181915283, 0.38321906328201294, 0.4431435763835907, 0.5190300941467285, 0.5638236999511719, 0.6086930632591248, 0.5553576946258545, 0.4561673402786255, 0.46408143639564514, 0.5015828013420105, 0.5441006422042847, 0.7711926698684692], "lowlevel.gfcc.cov": [[11566.0361328125, 252.87847900390625, -2869.909912109375, -294.38897705078125, -1985.996337890625, -1335.3681640625, -1441.555419921875, -1000.1171264648438, 551.5933837890625, -1407.3037109375, 55.63103103637695, -98.236328125, -521.99755859375], [252.87847900390625, 1258.9287109375, -76.13911437988281, -574.7252807617188, 296.8206481933594, -300.8001403808594, 68.10478973388672, 92.90652465820312, -43.80838394165039, -45.406490325927734, -17.937606811523438, 7.6775431632995605, -66.04706573486328], [-2869.909912109375, -76.13911437988281, 1708.9105224609375, 397.1944885253906, 354.64739990234375, 208.16165161132812, 302.606201171875, -46.21022033691406, -346.6109924316406, 318.8251037597656, -120.88567352294922, 86.34138488769531, 41.641380310058594], [-294.38897705078125, -574.7252807617188, 397.1944885253906, 896.4823608398438, -98.1837158203125, 27.7017822265625, -195.82342529296875, -169.08563232421875, 12.093212127685547, 34.802494049072266, 11.294363975524902, -46.3377685546875, 100.77046203613281], [-1985.996337890625, 296.8206481933594, 354.64739990234375, -98.1837158203125, 763.0374145507812, 176.87135314941406, 288.41485595703125, 270.5965576171875, -12.60335636138916, 303.7466735839844, -29.288171768188477, 20.766761779785156, 93.42293548583984], [-1335.3681640625, -300.8001403808594, 208.16165161132812, 27.7017822265625, 176.87135314941406, 715.8712158203125, 414.5379333496094, 198.38197326660156, -66.88542175292969, 159.5892333984375, 67.18692779541016, -79.90003967285156, 143.96470642089844], [-1441.555419921875, 68.10478973388672, 302.606201171875, -195.82342529296875, 288.41485595703125, 414.5379333496094, 608.9348754882812, 207.07640075683594, -142.7141571044922, 160.46543884277344, 7.060136795043945, 56.815452575683594, 41.888511657714844], [-1000.1171264648438, 92.90652465820312, -46.21022033691406, -169.08563232421875, 270.5965576171875, 198.38197326660156, 207.07640075683594, 487.59063720703125, 95.13947296142578, 164.7304229736328, 76.80616760253906, -50.280914306640625, 118.43964385986328], [551.5933837890625, -43.80838394165039, -346.6109924316406, 12.093212127685547, -12.60335636138916, -66.88542175292969, -142.7141571044922, 95.13947296142578, 280.1453857421875, 29.27915382385254, 25.180028915405273, -59.772056579589844, 18.102474212646484], [-1407.3037109375, -45.406490325927734, 318.8251037597656, 34.802494049072266, 303.7466735839844, 159.5892333984375, 160.46543884277344, 164.7304229736328, 29.27915382385254, 329.53082275390625, 18.822988510131836, -0.9923220276832581, 63.53145217895508], [55.63103103637695, -17.937606811523438, -120.88567352294922, 11.294363975524902, -29.288171768188477, 67.18692779541016, 7.060136795043945, 76.80616760253906, 25.180028915405273, 18.822988510131836, 161.44676208496094, -18.2359619140625, 54.04691696166992], [-98.236328125, 7.6775431632995605, 86.34138488769531, -46.3377685546875, 20.766761779785156, -79.90003967285156, 56.815452575683594, -50.280914306640625, -59.772056579589844, -0.9923220276832581, -18.2359619140625, 151.43092346191406, -16.022686004638672], [-521.99755859375, -66.04706573486328, 41.641380310058594, 100.77046203613281, 93.42293548583984, 143.96470642089844, 41.888511657714844, 118.43964385986328, 18.102474212646484, 63.53145217895508, 54.04691696166992, -16.022686004638672, 184.28541564941406]], "lowlevel.gfcc.icov": [[0.0005319403717294335, -0.00026473577599972486, 0.00039208648377098143, -6.798555114073679e-05, 0.0005972959916107357, 9.40528389037354e-06, 0.00015733353211544454, 0.00047525743138976395, -0.0007993814069777727, 0.0009802310960367322, -0.00021658491459675133, -0.00014626223128288984, 0.0005004900158382952], [-0.00026473577599972486, 0.0022271836642175913, -0.0006076389690861106, 0.0014504585415124893, -0.001446770504117012, 0.0017873820615932345, -0.0009034660179167986, 0.00025249054306186736, 0.0003800410486292094, 0.0006165743689052761, -0.0008569612982682884, 0.0020095668733119965, -0.001051131053827703], [0.00039208648377098143, -0.0006076389690861106, 0.0019142742967233062, -0.0010896394960582256, 0.0005928089376538992, -0.0002462108095642179, 0.00013068111729808152, 0.0001126026181736961, 0.0013771889498457313, -0.0010120318038389087, 0.0010576589265838265, -0.0006247099954634905, 0.0006949628586880863], [-6.798555114073679e-05, 0.0014504585415124893, -0.0010896394960582256, 0.0029426123946905136, -0.0006503391196019948, 0.000942022365052253, 4.457685281522572e-05, 0.0011907920707017183, -0.0007845385698601604, 0.0006837407709099352, -0.0010335138067603111, 0.0017359681660309434, -0.0019218751695007086], [0.0005972959916107357, -0.001446770504117012, 0.0005928089376538992, -0.0006503391196019948, 0.003936177585273981, -0.0005281373742036521, -2.4090824808808975e-05, -0.0003873470413964242, -0.0006962773622944951, -0.0013603372499346733, 0.001344773336313665, -0.0011241796892136335, 0.00011182262096554041], [9.40528389037354e-06, 0.0017873820615932345, -0.0002462108095642179, 0.000942022365052253, -0.0005281373742036521, 0.005389016587287188, -0.0037016323767602444, 0.0008653197437524796, 0.00024259569181594998, 0.0002761147334240377, -0.0012576514855027199, 0.0045858933590352535, -0.0028006446082144976], [0.00015733353211544454, -0.0009034660179167986, 0.00013068111729808152, 4.457685281522572e-05, -2.4090824808808975e-05, -0.0037016323767602444, 0.00569866131991148, -0.0015090062515810132, 0.001293624984100461, -0.00036396062932908535, 0.0006551792030222714, -0.0036892315838485956, 0.00213190377689898], [0.00047525743138976395, 0.00025249054306186736, 0.0001126026181736961, 0.0011907920707017183, -0.0003873470413964242, 0.0008653197437524796, -0.0015090062515810132, 0.0051300665363669395, -0.002491660648956895, 0.0006443237070925534, -0.0017441374948248267, 0.0019774308893829584, -0.0019675367511808872], [-0.0007993814069777727, 0.0003800410486292094, 0.0013771889498457313, -0.0007845385698601604, -0.0006962773622944951, 0.00024259569181594998, 0.001293624984100461, -0.002491660648956895, 0.009018824435770512, -0.0042986199259757996, 0.0016279873671010137, 0.001040439703501761, -0.0003304678248241544], [0.0009802310960367322, 0.0006165743689052761, -0.0010120318038389087, 0.0006837407709099352, -0.0013603372499346733, 0.0002761147334240377, -0.00036396062932908535, 0.0006443237070925534, -0.0042986199259757996, 0.00954362191259861, -0.002430640161037445, 0.00023777851311024278, 0.0008605395560152829], [-0.00021658491459675133, -0.0008569612982682884, 0.0010576589265838265, -0.0010335138067603111, 0.001344773336313665, -0.0012576514855027199, 0.0006551792030222714, -0.0017441374948248267, 0.0016279873671010137, -0.002430640161037445, 0.008967342786490917, -0.0011278726160526276, -0.0013716401299461722], [-0.00014626223128288984, 0.0020095668733119965, -0.0006247099954634905, 0.0017359681660309434, -0.0011241796892136335, 0.0045858933590352535, -0.0036892315838485956, 0.0019774308893829584, 0.001040439703501761, 0.00023777851311024278, -0.0011278726160526276, 0.011892576701939106, -0.0027665095403790474], [0.0005004900158382952, -0.001051131053827703, 0.0006949628586880863, -0.0019218751695007086, 0.00011182262096554041, -0.0028006446082144976, 0.00213190377689898, -0.0019675367511808872, -0.0003304678248241544, 0.0008605395560152829, -0.0013716401299461722, -0.0027665095403790474, 0.010169853456318378]], "lowlevel.mfcc.cov": [[12533.943359375, -121.556884765625, -2075.888916015625, -243.83709716796875, -1320.274169921875, -634.5159301757812, -2903.671875, 545.3629760742188, -1565.2734375, -643.3974609375, -455.7529602050781, 189.9181671142578, -1223.46044921875], [-121.556884765625, 1786.30126953125, -421.1059875488281, -335.5723571777344, 52.312625885009766, -389.8218078613281, 151.5684814453125, -16.864822387695312, 152.86923217773438, -222.9946746826172, 265.74658203125, -57.12256622314453, 33.69004440307617], [-2075.888916015625, -421.1059875488281, 1285.6038818359375, 367.2172546386719, 91.38233947753906, 320.76019287109375, 446.6729736328125, -160.08934020996094, 33.41173553466797, 69.5341567993164, -205.99502563476562, -32.24613952636719, 94.60926818847656], [-243.83709716796875, -335.5723571777344, 367.2172546386719, 702.6439208984375, 176.19566345214844, 39.189292907714844, -177.2227325439453, -159.27943420410156, -101.5806884765625, -21.443628311157227, -129.21810913085938, -94.97653198242188, 40.53321838378906], [-1320.274169921875, 52.312625885009766, 91.38233947753906, 176.19566345214844, 504.1268615722656, -3.226513624191284, 155.3439483642578, -139.8817138671875, 196.91497802734375, 152.609130859375, 56.599342346191406, -48.84391784667969, 160.18690490722656], [-634.5159301757812, -389.8218078613281, 320.76019287109375, 39.189292907714844, -3.226513624191284, 445.4503173828125, 249.46629333496094, -29.616140365600586, 25.951852798461914, 101.13619232177734, -89.88360595703125, -19.892730712890625, 41.23398971557617], [-2903.671875, 151.5684814453125, 446.6729736328125, -177.2227325439453, 155.3439483642578, 249.46629333496094, 1087.6182861328125, 10.720312118530273, 408.3404235839844, 172.9724884033203, 122.55772399902344, -6.90144681930542, 312.7152099609375], [545.3629760742188, -16.864822387695312, -160.08934020996094, -159.27943420410156, -139.8817138671875, -29.616140365600586, 10.720312118530273, 248.85183715820312, 0.6492258310317993, -27.403953552246094, 6.806015968322754, 34.224334716796875, -58.8625373840332], [-1565.2734375, 152.86923217773438, 33.41173553466797, -101.5806884765625, 196.91497802734375, 25.951852798461914, 408.3404235839844, 0.6492258310317993, 418.3482360839844, 143.35536193847656, 173.81251525878906, -14.177349090576172, 188.13751220703125], [-643.3974609375, -222.9946746826172, 69.5341567993164, -21.443628311157227, 152.609130859375, 101.13619232177734, 172.9724884033203, -27.403953552246094, 143.35536193847656, 345.34521484375, 37.04497146606445, 34.315975189208984, 115.5197525024414], [-455.7529602050781, 265.74658203125, -205.99502563476562, -129.21810913085938, 56.599342346191406, -89.88360595703125, 122.55772399902344, 6.806015968322754, 173.81251525878906, 37.04497146606445, 293.3826904296875, 25.105649948120117, 50.14494705200195], [189.9181671142578, -57.12256622314453, -32.24613952636719, -94.97653198242188, -48.84391784667969, -19.892730712890625, -6.90144681930542, 34.224334716796875, -14.177349090576172, 34.315975189208984, 25.105649948120117, 123.46602630615234, -4.266707897186279], [-1223.46044921875, 33.69004440307617, 94.60926818847656, 40.53321838378906, 160.18690490722656, 41.23398971557617, 312.7152099609375, -58.8625373840332, 188.13751220703125, 115.5197525024414, 50.14494705200195, -4.266707897186279, 272.4925231933594]], "lowlevel.mfcc.icov": [[0.0007377209258265793, -0.0002402554382570088, 0.0007520055514760315, -0.0002397000353084877, 0.0007965309196151793, -0.00023784964287187904, 0.0010451443959027529, -0.000733007735107094, 0.0008898135274648666, -0.0004506264813244343, 0.0005830039153806865, -0.0005594452377408743, 0.0007871678681112826], [-0.0002402554382570088, 0.001155187375843525, -0.00015055559924803674, 0.000616380653809756, -0.0004538577632047236, 0.0009132034610956907, -0.0006973271374590695, 0.0007048422121442854, -0.0001960609370144084, 0.0008541992283426225, -0.0006359985563904047, 0.000931975431740284, -0.0002749525592662394], [0.0007520055514760315, -0.00015055559924803674, 0.0025498690083622932, -0.0012575561413541436, 0.0010694183874875307, -0.0004979132208973169, -0.0001365827483823523, 0.00023826383403502405, 0.0005906324367970228, -0.0004187266167718917, 0.0017499279929324985, -0.0013688491890206933, 0.0017779343761503696], [-0.0002397000353084877, 0.000616380653809756, -0.0012575561413541436, 0.0032579330727458, -0.0012667219853028655, 0.00041016569593921304, 0.0006512309773825109, 0.0005497481324709952, 0.0005268196109682322, 0.0007554880576208234, -0.0006007316987961531, 0.0021950125228613615, -0.001685541239567101], [0.0007965309196151793, -0.0004538577632047236, 0.0010694183874875307, -0.0012667219853028655, 0.004648040048778057, 0.00012792513007298112, 0.001054168213158846, 0.000616542820353061, -0.0005412342143245041, -0.0017208039062097669, 0.0009875721298158169, -0.00014893118350300938, 0.0005403630784712732], [-0.00023784964287187904, 0.0009132034610956907, -0.0004979132208973169, 0.00041016569593921304, 0.00012792513007298112, 0.004161910153925419, -0.0015260691288858652, 0.0009931392269209027, -4.397562952362932e-05, -0.0004416787705849856, 0.0004016798920929432, 0.0013827965594828129, 0.00035725696943700314], [0.0010451443959027529, -0.0006973271374590695, -0.0001365827483823523, 0.0006512309773825109, 0.001054168213158846, -0.0015260691288858652, 0.004555717576295137, -0.002107193460687995, 0.00017421841039322317, -0.0005296784802339971, 0.00013216552906669676, -0.00035856987233273685, -0.0012684740358963609], [-0.000733007735107094, 0.0007048422121442854, 0.00023826383403502405, 0.0005497481324709952, 0.000616542820353061, 0.0009931392269209027, -0.002107193460687995, 0.007044754922389984, -0.002057508798316121, 0.0006322266417555511, 0.0005320956115610898, -0.00021573058620560914, 0.0009357715025544167], [0.0008898135274648666, -0.0001960609370144084, 0.0005906324367970228, 0.0005268196109682322, -0.0005412342143245041, -4.397562952362932e-05, 0.00017421841039322317, -0.002057508798316121, 0.007764702197164297, -0.0013367808423936367, -0.0020871926099061966, 0.00111