{"song_id": "1183707286976339998", "download": "https://cdn.discordapp.com/attachments/1128313332273782784/1183707286976339998/chirp.mp4?ex=65895051&amp", "lyrics": "[Verse]\nVous pensez que cette impact est trop petit et que \u00e7a ne vaut pas le coup de s'en occuper? Quand il fait chaud comme aujourd'hui, on met la clim (bip bip bip voooo crak) Et voil\u00e0, l'impact n'a pas support\u00e9 le changement brutal de temp\u00e9rature! \n\n[Chorus]\nBien s\u00fbr, si demain \u00e7a vous arrive, chez Carglass on remplacera votre pare-brise, mais vous risquez de payer une franchise. Alors que si vous appelez Carglass d\u00e8s que vous avez un impact, on vient chez vous.", "style": ["Folk</span><span>, acoustic guitar and Female vocalist</span><span>, folk</span><span>, like Judy Collins</span><span>, slow tempo"], "essentia_features": {"lowlevel.average_loudness": 0.8353860378265381, "lowlevel.barkbands_crest.mean": 11.277496337890625, "lowlevel.barkbands_crest.stdev": 5.917967796325684, "lowlevel.barkbands_flatness_db.mean": 0.13919371366500854, "lowlevel.barkbands_flatness_db.stdev": 0.06957174092531204, "lowlevel.barkbands_kurtosis.mean": 10.77204418182373, "lowlevel.barkbands_kurtosis.stdev": 56.71934509277344, "lowlevel.barkbands_skewness.mean": 1.3858742713928223, "lowlevel.barkbands_skewness.stdev": 2.740478992462158, "lowlevel.barkbands_spread.mean": 40.606468200683594, "lowlevel.barkbands_spread.stdev": 27.092426300048828, "lowlevel.dissonance.mean": 0.46852877736091614, "lowlevel.dissonance.stdev": 0.036599963903427124, "lowlevel.dynamic_complexity": 2.5109217166900635, "lowlevel.erbbands_crest.mean": 8.61837387084961, "lowlevel.erbbands_crest.stdev": 4.537668704986572, "lowlevel.erbbands_flatness_db.mean": 0.14431768655776978, "lowlevel.erbbands_flatness_db.stdev": 0.04957287386059761, "lowlevel.erbbands_kurtosis.mean": 1.8725523948669434, "lowlevel.erbbands_kurtosis.stdev": 5.402959823608398, "lowlevel.erbbands_skewness.mean": -0.022958654910326004, "lowlevel.erbbands_skewness.stdev": 1.3253854513168335, "lowlevel.erbbands_spread.mean": 58.812347412109375, "lowlevel.erbbands_spread.stdev": 35.02632141113281, "lowlevel.hfc.mean": 72.31382751464844, "lowlevel.hfc.stdev": 66.73468780517578, "lowlevel.loudness_ebu128.integrated": -13.450589179992676, "lowlevel.loudness_ebu128.loudness_range": 3.084747314453125, "lowlevel.loudness_ebu128.momentary.mean": -13.905174255371094, "lowlevel.loudness_ebu128.momentary.stdev": 2.130098819732666, "lowlevel.loudness_ebu128.short_term.mean": -13.57116413116455, "lowlevel.loudness_ebu128.short_term.stdev": 1.2277435064315796, "lowlevel.melbands_crest.mean": 15.904404640197754, "lowlevel.melbands_crest.stdev": 7.01740837097168, "lowlevel.melbands_flatness_db.mean": 0.17396973073482513, "lowlevel.melbands_flatness_db.stdev": 0.10304515808820724, "lowlevel.melbands_kurtosis.mean": 40.25971603393555, "lowlevel.melbands_kurtosis.stdev": 104.62474060058594, "lowlevel.melbands_skewness.mean": 3.6944563388824463, "lowlevel.melbands_skewness.stdev": 3.957996129989624, "lowlevel.melbands_spread.mean": 50.97924041748047, "lowlevel.melbands_spread.stdev": 49.358428955078125, "lowlevel.pitch_salience.mean": 0.5188066959381104, "lowlevel.pitch_salience.stdev": 0.1779814064502716, "lowlevel.silence_rate_20dB.mean": 1.0, "lowlevel.silence_rate_20dB.stdev": 0.0, "lowlevel.silence_rate_30dB.mean": 0.9394736886024475, "lowlevel.silence_rate_30dB.stdev": 0.2384590357542038, "lowlevel.silence_rate_60dB.mean": 0.08596491068601608, "lowlevel.silence_rate_60dB.stdev": 0.28031378984451294, "lowlevel.spectral_centroid.mean": 2074.492919921875, "lowlevel.spectral_centroid.stdev": 1251.43505859375, "lowlevel.spectral_complexity.mean": 17.450878143310547, "lowlevel.spectral_complexity.stdev": 12.860729217529297, "lowlevel.spectral_decrease.mean": -8.468357570734497e-09, "lowlevel.spectral_decrease.stdev": 1.1492533147361428e-08, "lowlevel.spectral_energy.mean": 0.03852057829499245, "lowlevel.spectral_energy.stdev": 0.04441607743501663, "lowlevel.spectral_energyband_high.mean": 0.00719827925786376, "lowlevel.spectral_energyband_high.stdev": 0.007534337695688009, "lowlevel.spectral_energyband_low.mean": 0.019102049991488457, "lowlevel.spectral_energyband_low.stdev": 0.04354148730635643, "lowlevel.spectral_energyband_middle_high.mean": 0.004784411750733852, "lowlevel.spectral_energyband_middle_high.stdev": 0.00683138333261013, "lowlevel.spectral_energyband_middle_low.mean": 0.00946018099784851, "lowlevel.spectral_energyband_middle_low.stdev": 0.011507757008075714, "lowlevel.spectral_entropy.mean": 8.080491065979004, "lowlevel.spectral_entropy.stdev": 0.5376119613647461, "lowlevel.spectral_flux.mean": 0.11606387794017792, "lowlevel.spectral_flux.stdev": 0.06775027513504028, "lowlevel.spectral_kurtosis.mean": 1.6230039596557617, "lowlevel.spectral_kurtosis.stdev": 3.53641939163208, "lowlevel.spectral_rms.mean": 0.005392444785684347, "lowlevel.spectral_rms.stdev": 0.0029159276746213436, "lowlevel.spectral_rolloff.mean": 4840.04248046875, "lowlevel.spectral_rolloff.stdev": 3964.62548828125, "lowlevel.spectral_skewness.mean": 1.0955380201339722, "lowlevel.spectral_skewness.stdev": 0.6168379783630371, "lowlevel.spectral_spread.mean": 8140611.5, "lowlevel.spectral_spread.stdev": 2475038.5, "lowlevel.spectral_strongpeak.mean": 1.1191462278366089, "lowlevel.spectral_strongpeak.stdev": 1.4843552112579346, "lowlevel.zerocrossingrate.mean": 0.1457373946905136, "lowlevel.zerocrossingrate.stdev": 0.08699744939804077, "metadata.audio_properties.analysis.equal_loudness": 0.0, "metadata.audio_properties.analysis.length": 26.431995391845703, "metadata.audio_properties.analysis.sample_rate": 44100.0, "metadata.audio_properties.analysis.start_time": 0.0, "metadata.audio_properties.bit_rate": 126941.0, "metadata.audio_properties.length": 26.43199920654297, "metadata.audio_properties.lossless": 0.0, "metadata.audio_properties.number_channels": 1.0, "metadata.audio_properties.replay_gain": -11.661199569702148, "metadata.audio_properties.sample_rate": 48000.0, "rhythm.beats_count": 49.0, "rhythm.beats_loudness.mean": 0.05565336346626282, "rhythm.beats_loudness.stdev": 0.05933162942528725, "rhythm.bpm": 112.08501434326172, "rhythm.bpm_histogram_first_peak_bpm": 112.0, "rhythm.bpm_histogram_first_peak_weight": 0.22727268934249878, "rhythm.bpm_histogram_second_peak_bpm": 117.0, "rhythm.bpm_histogram_second_peak_spread": 0.0, "rhythm.bpm_histogram_second_peak_weight": 0.0416666679084301, "rhythm.danceability": 1.2250934839248657, "rhythm.onset_rate": 5.860661029815674, "tonal.chords_changes_rate": 0.13134850561618805, "tonal.chords_number_rate": 0.022767074406147003, "tonal.chords_strength.mean": 0.47438085079193115, "tonal.chords_strength.stdev": 0.0678841844201088, "tonal.hpcp_crest.mean": 12.744256973266602, "tonal.hpcp_crest.stdev": 5.942604064941406, "tonal.hpcp_entropy.mean": 2.1738643646240234, "tonal.hpcp_entropy.stdev": 0.8506482243537903, "tonal.key_edma.strength": 0.5836220979690552, "tonal.key_krumhansl.strength": 0.5743719935417175, "tonal.key_temperley.strength": 0.5515584349632263, "tonal.tuning_diatonic_strength": 0.511894166469574, "tonal.tuning_equal_tempered_deviation": 0.12115789204835892, "tonal.tuning_frequency": 441.0177917480469, "tonal.tuning_nontempered_energy_ratio": 0.755214512348175, "lowlevel.barkbands.mean": [0.0002942667924799025, 0.013189172372221947, 0.003653351916000247, 0.003670745063573122, 0.0017461259849369526, 0.0010505327954888344, 0.0008550934144295752, 0.000791158527135849, 0.0012378907995298505, 0.0005740028573200107, 0.0005634839180856943, 0.0005839109653607011, 0.0003636056208051741, 0.000476102257380262, 0.0005024014390073717, 0.0004479192430153489, 0.00037324466393329203, 0.0003602181386668235, 0.00036713131703436375, 0.00053756358101964, 0.0007588631706312299, 0.001052738749422133, 0.0009457026608288288, 0.001796618103981018, 0.001817501848563552, 0.0004887142567895353, 2.2538441044162028e-05], "lowlevel.barkbands.stdev": [0.0012033464154228568, 0.03780674561858177, 0.011964308097958565, 0.006335751619189978, 0.004598045721650124, 0.003284903010353446, 0.003031559754163027, 0.0030417856760323048, 0.003512231633067131, 0.0015212311409413815, 0.0020964667201042175, 0.0030586454086005688, 0.0009952440159395337, 0.0010305538307875395, 0.001231216243468225, 0.0009697022615000606, 0.0007108215941116214, 0.0006769614410586655, 0.0007303397869691253, 0.0009136934531852603, 0.0014259982854127884, 0.0015811548801138997, 0.0012360383989289403, 0.002179244067519903, 0.002081874292343855, 0.0006451397784985602, 5.411761230789125e-05], "lowlevel.erbbands.mean": [0.3137425184249878, 3.1089656352996826, 5.01710844039917, 9.053732872009277, 10.41020679473877, 3.664285182952881, 4.082668304443359, 10.543781280517578, 11.650647163391113, 15.2743558883667, 16.039825439453125, 21.98585319519043, 27.917211532592773, 20.633501052856445, 26.754150390625, 19.89047622680664, 16.219057083129883, 23.159006118774414, 27.16521644592285, 23.81319808959961, 24.589813232421875, 22.10291290283203, 19.000595092773438, 19.661895751953125, 19.048194885253906, 25.327024459838867, 30.052743911743164, 31.78348159790039, 38.78517150878906, 31.238435745239258, 26.26266860961914, 28.79743003845215, 36.01227951049805, 26.534013748168945, 8.806450843811035, 2.8430519104003906, 0.7309104800224304, 0.10724325478076935, 0.0029572208877652884, 0.00016339326975867152], "lowlevel.erbbands.stdev": [1.2490034103393555, 8.400890350341797, 15.095040321350098, 16.288461685180664, 21.0439510345459, 11.75617504119873, 14.79731273651123, 33.42246627807617, 40.83937454223633, 57.044517517089844, 55.594093322753906, 81.32491302490234, 49.711875915527344, 58.47723388671875, 118.31378173828125, 87.66251373291016, 42.69606018066406, 49.07061767578125, 59.58286666870117, 54.0391845703125, 51.97740173339844, 40.64834976196289, 33.47996520996094, 37.48017883300781, 35.56675720214844, 44.152069091796875, 57.36985397338867, 57.432430267333984, 60.20580291748047, 43.520164489746094, 34.62187194824219, 37.898651123046875, 42.46560287475586, 31.581392288208008, 9.969093322753906, 3.487123727798462, 1.0910228490829468, 0.1952623426914215, 0.0058656902983784676, 0.00017160263087134808], "lowlevel.gfcc.mean": [15.06991195678711, 11.415803909301758, -94.58159637451172, 28.72251319885254, -73.56145477294922, 28.796207427978516, -48.64354705810547, 14.71916675567627, -32.85098648071289, 1.2574139833450317, -28.934104919433594, -5.294216632843018, -15.576589584350586], "lowlevel.melbands.mean": [0.003314362606033683, 0.003225744469091296, 0.0016098737251013517, 0.00048173859249800444, 0.00013192744518164545, 0.0002286054368596524, 0.0001759726001182571, 0.0001746035850374028, 0.00012181638885522261, 0.00016173977928701788, 0.0001411366683896631, 8.249919483205304e-05, 8.47948103910312e-05, 7.837667362764478e-05, 3.0157025321386755e-05, 4.0979455661727116e-05, 4.236336098983884e-05, 4.348416405264288e-05, 3.7442372558871284e-05, 2.9935099519207142e-05, 2.7779038646258414e-05, 2.3215950932353735e-05, 1.896767753351014e-05, 1.6101910659926943e-05, 1.5873321899562143e-05, 1.3615039279102348e-05, 1.448886814614525e-05, 1.713620440568775e-05, 1.912686821015086e-05, 1.700861321296543e-05, 1.9242705093347467e-05, 2.265976945636794e-05, 1.9286297174403444e-05, 1.660823545535095e-05, 1.4403996829059906e-05, 1.5565476132906042e-05, 1.8539471057010815e-05, 2.5704044674057513e-05, 2.5394932890776545e-05, 2.153030982299242e-05], "lowlevel.melbands.stdev": [0.010660022497177124, 0.008038054220378399, 0.002616472775116563, 0.0011836821213364601, 0.0004176628717686981, 0.0006985788349993527, 0.0006076721474528313, 0.0006534385611303151, 0.00042435229988768697, 0.000554146186914295, 0.0002535548119340092, 0.0002445649297442287, 0.0003366187447682023, 0.00043211947195231915, 0.00010105027467943728, 0.00010637685045367107, 9.358071838505566e-05, 9.988372039515525e-05, 0.00010137080971617252, 6.77611751598306e-05, 6.129167741164565e-05, 4.570694363792427e-05, 3.4880162274930626e-05, 3.1781557481735945e-05, 3.14576827804558e-05, 2.8790091164410114e-05, 2.509145633666776e-05, 3.0411134503083304e-05, 3.8231952203204855e-05, 3.162590292049572e-05, 3.5876655601896346e-05, 3.66949534509331e-05, 2.9218226700322703e-05, 2.3240061636897735e-05, 1.96115106518846e-05, 2.139255047950428e-05, 2.525986565160565e-05, 3.15446886816062e-05, 3.104721326963045e-05, 2.6169953343924135e-05], "lowlevel.melbands128.mean": [0.00022734233061783016, 0.002005309332162142, 0.004862608853727579, 0.005382291506975889, 0.003081368515267968, 0.0017012798925861716, 0.0018978415755555034, 0.0017216099658980966, 0.0010610205354169011, 0.00039467489114031196, 0.00012427331239450723, 9.003465675050393e-05, 0.00011985103628830984, 0.00018885891768150032, 0.00027746238629333675, 0.00021547092183027416, 0.00019714835798367858, 0.00016523567319381982, 0.00015307146531995386, 0.00017130401101894677, 0.00019360175065230578, 0.00016931394929997623, 9.968138328986242e-05, 9.359256364405155e-05, 9.569647227181122e-05, 0.00020534996292553842, 0.0002836849307641387, 7.208237366285175e-05, 0.00010766545165097341, 8.107808389468119e-05, 7.56002773414366e-05, 7.779170118737966e-05, 8.683853229740635e-05, 8.329931733896956e-05, 0.00010569868027232587, 7.802351319696754e-05, 3.1196734198601916e-05, 2.8218204533914104e-05, 2.6386040190118365e-05, 3.548423410393298e-05, 4.419115066411905e-05, 5.0193106289952993e-05, 4.045501191285439e-05, 3.985396688221954e-05, 4.325926420278847e-05, 4.442551653482951e-05, 4.273372906027362e-05, 4.361487663118169e-05, 3.1956882594386116e-05, 2.6530195100349374e-05, 3.066002682317048e-05, 3.202019433956593e-05, 3.0746035918127745e-05, 2.5549927158863284e-05, 2.1495370674529113e-05, 2.64138107013423e-05, 2.0767911337316036e-05, 1.900835741253104e-05, 1.9884684661519714e-05, 1.533080830995459e-05, 1.532895112177357e-05, 1.641676681174431e-05, 1.8347269360674545e-05, 1.5014561540738214e-05, 1.3290708011481911e-05, 1.4009616279508919e-05, 1.3725204553338699e-05, 1.2380732187011745e-05, 1.4297629604698159e-05, 1.8074266336043365e-05, 1.5584826542180963e-05, 1.770215021679178e-05, 1.987687028304208e-05, 1.9632725525298156e-05, 1.7866228517959826e-05, 1.8167507732869126e-05, 1.5365760191343725e-05, 1.6393516489188187e-05, 2.051827686955221e-05, 2.0555558876367286e-05, 2.3602495275554247e-05, 2.3393782612401992e-05, 2.1522853785427287e-05, 1.872606844699476e-05, 1.7352625945932232e-05, 1.7775244486983865e-05, 1.642510324018076e-05, 1.4151241884974297e-05, 1.4030452803126536e-05, 1.4169414498610422e-05, 1.6715534002287313e-05, 1.551069726701826e-05, 1.4620010006183293e-05, 1.7191316146636382e-05, 2.0799307094421238e-05, 2.7072514058090746e-05, 2.6656416594050825e-05, 2.4228917027357966e-05, 2.4796956495265476e-05, 2.6932093533105217e-05, 2.4865341401891783e-05, 1.9701763449120335e-05, 1.9222283299313858e-05, 1.469529979658546e-05, 7.711681064392906e-06, 5.546762622543611e-06, 5.66429844184313e-06, 6.402985945896944e-06, 4.956839347869391e-06, 3.7596819311147556e-06, 3.1818594834476244e-06, 2.250140369142173e-06, 2.2703156901116017e-06, 1.9629035250545712e-06, 1.4373364365383168e-06, 1.0178982847719453e-06, 6.859506243017677e-07, 2.902622782130493e-07, 3.713591567588992e-08, 2.364468620896787e-10, 1.3562502509945062e-10, 5.17352445605912e-11, 2.8035023955097493e-11, 2.6299537200791256e-11, 2.0272759165829157e-11, 1.090438069700772e-11, 5.972289069539061e-12, 5.216452270140337e-12], "lowlevel.melbands128.stdev": [0.0011182582238689065, 0.010032129473984241, 0.016582103446125984, 0.014505489729344845, 0.009899111464619637, 0.005159666296094656, 0.003817377146333456, 0.0031001546885818243, 0.002563532441854477, 0.0015796225052326918, 0.0005451201577670872, 0.0002274397120345384, 0.0005532263894565403, 0.0008437426295131445, 0.001045549870468676, 0.0008182492456398904, 0.0009051595698110759, 0.000753705739043653, 0.0007825892535038292, 0.0008432486210949719, 0.0009192614816129208, 0.0008403565734624863, 0.0004467592516448349, 0.0005981132271699607, 0.0005984508316032588, 0.0009213338489644229, 0.0006560726906172931, 0.00012494379188865423, 0.0003548275271896273, 0.0002921417762991041, 0.00032921801903285086, 0.0002322003128938377, 0.00039494241354987025, 0.000612955482210964, 0.0007152694743126631, 0.0005666713113896549, 0.0001176720907096751, 0.00012751446047332138, 9.157616295851767e-05, 0.000136488102725707, 0.0001387321826769039, 0.00013090594438835979, 0.00010697684774640948, 0.00011673288827296346, 0.00012050105578964576, 0.00013562542153522372, 0.00011433122563175857, 0.00014392008597496897, 0.00011666576756397262, 6.950498936930671e-05, 8.6768894107081e-05, 9.56963122007437e-05, 8.671612886246294e-05, 5.8941979659721255e-05, 5.190796946408227e-05, 6.0180809668963775e-05, 4.3515006836969405e-05, 4.0669445297680795e-05, 4.330812953412533e-05, 2.955676245619543e-05, 3.508076406433247e-05, 3.837560143438168e-05, 4.001252818852663e-05, 3.389070843695663e-05, 3.097361695836298e-05, 3.42544044542592e-05, 3.1788462365511805e-05, 2.4930968720582314e-05, 2.6294830604456365e-05, 3.603290315368213e-05, 3.117097003269009e-05, 3.363269934197888e-05, 4.035914389532991e-05, 4.77614339615684e-05, 3.948537414544262e-05, 3.797637327807024e-05, 2.8983989977859892e-05, 3.9052945794537663e-05, 4.26531805715058e-05, 3.8135545764816925e-05, 4.238147084834054e-05, 4.114405601285398e-05, 3.725632268469781e-05, 3.149732219753787e-05, 2.8904800274176523e-05, 2.8999145797570236e-05, 2.4768269213382155e-05, 2.069386391667649e-05, 2.1118463337188587e-05, 2.1592481061816216e-05, 2.5315895982203074e-05, 2.3445067199645564e-05, 2.3367878384306096e-05, 2.7738095013774e-05, 2.9073753466946073e-05, 3.743020351976156e-05, 3.533139897626825e-05, 3.101145921391435e-05, 3.364653093740344e-05, 3.5421202483121306e-05, 3.374208608875051e-05, 2.608379872981459e-05, 2.4196609956561588e-05, 1.9516131942509674e-05, 1.0228220162389334e-05, 7.509956958529074e-06, 7.111304967111209e-06, 8.561686627217568e-06, 7.077197096805321e-06, 5.598474672297016e-06, 5.4490496950165834e-06, 3.9159299376478884e-06, 3.9003612073429395e-06, 3.816716798610287e-06, 2.9264238037285395e-06, 2.1576506696874276e-06, 1.5536767250523553e-06, 1.0098266329805483e-06, 2.4687884092600143e-07, 4.392857189117194e-09, 2.621472372510425e-09, 6.515770145654187e-10, 3.1809399558824225e-10, 2.9947566648758084e-10, 2.1689340601316331e-10, 8.331010187268006e-11, 1.473565540421884e-11, 9.059294113489269e-12], "lowlevel.mfcc.mean": [-634.015380859375, 50.82356262207031, 26.633926391601562, 2.1984806060791016, 5.611767768859863, 2.3703672885894775, 1.255834698677063, 0.6128154993057251, 5.380675792694092, -1.4236409664154053, -2.4336001873016357, -6.2790069580078125, -7.223880290985107], "lowlevel.spectral_contrast_coeffs.mean": [-0.641116738319397, -0.7740722298622131, -0.7755083441734314, -0.8098706007003784, -0.8103973269462585, -0.786760151386261], "lowlevel.spectral_contrast_coeffs.stdev": [0.10600981116294861, 0.08895137161016464, 0.07853115350008011, 0.04923710227012634, 0.03729318082332611, 0.04319141060113907], "lowlevel.spectral_contrast_valleys.mean": [-7.762557506561279, -7.249902248382568, -7.530660629272461, -7.646794319152832, -7.371945381164551, -8.80632495880127], "lowlevel.spectral_contrast_valleys.stdev": [1.0987716913223267, 0.787146806716919, 0.8649664521217346, 0.9410951137542725, 1.073906421661377, 1.203188180923462], "rhythm.beats_loudness_band_ratio.mean": [0.5178990364074707, 0.08013929426670074, 0.11073911190032959, 0.09082254767417908, 0.06430882960557938, 0.1774737536907196], "rhythm.beats_loudness_band_ratio.stdev": [0.3362390398979187, 0.1258055716753006, 0.15811537206172943, 0.1361793875694275, 0.07276030629873276, 0.14843690395355225], "tonal.hpcp.mean": [0.07313477993011475, 0.05743289366364479, 0.07147842645645142, 0.07715579122304916, 0.07060912251472473, 0.10079392045736313, 0.11850900202989578, 0.08384141325950623, 0.06598230451345444, 0.07860678434371948, 0.0796922817826271, 0.10985596477985382, 0.1527707874774933, 0.12637236714363098, 0.115548275411129, 0.19101619720458984, 0.17574657499790192, 0.10462889075279236, 0.09088784456253052, 0.08488158881664276, 0.0893840342760086, 0.1254899501800537, 0.13328012824058533, 0.10724280029535294, 0.10125759243965149, 0.0945485532283783, 0.2068682610988617, 0.3147831857204437, 0.20009073615074158, 0.08885221183300018, 0.08550530672073364, 0.08877713978290558, 0.1332727074623108, 0.16085627675056458, 0.12513253092765808, 0.09401491284370422], "tonal.hpcp.stdev": [0.1611362099647522, 0.1411820948123932, 0.1613408774137497, 0.16420695185661316, 0.16757816076278687, 0.20453381538391113, 0.23130372166633606, 0.17840835452079773, 0.15607450902462006, 0.17273980379104614, 0.1792875975370407, 0.20596268773078918, 0.2643449008464813, 0.22838836908340454, 0.2120530605316162, 0.33032456040382385, 0.3045162558555603, 0.20973168313503265, 0.20077160000801086, 0.19540761411190033, 0.19183310866355896, 0.262235552072525, 0.259342759847641, 0.20844364166259766, 0.20668719708919525, 0.19144926965236664, 0.2763039767742157, 0.3917613923549652, 0.25611215829849243, 0.19182930886745453, 0.1786045879125595, 0.18505075573921204, 0.23579204082489014, 0.2730490565299988, 0.22042527794837952, 0.2063530683517456], "rhythm.beats_position": [0.4876190423965454, 0.9984580278396606, 1.486077070236206, 1.9736961126327515, 2.4845352172851562, 3.0185940265655518, 3.5526530742645264, 4.086711883544922, 4.6207709312438965, 5.154829978942871, 5.6888885498046875, 6.222947597503662, 6.757006645202637, 7.291065692901611, 7.836734771728516, 8.382403373718262, 8.916461944580078, 9.450521469116211, 9.984580039978027, 10.51863956451416, 11.064308166503906, 11.598366737365723, 12.132426261901855, 12.666484832763672, 13.212154388427734, 13.74621295928955, 14.280271530151367, 14.8143310546875, 15.348389625549316, 15.87083911895752, 16.393287658691406, 16.9505672454834, 17.4846248626709, 18.01868438720703, 18.552743911743164, 19.086801528930664, 19.620861053466797, 20.15492057800293, 20.688980102539062, 21.223037719726562, 21.757097244262695, 22.291156768798828, 22.825214385986328, 23.35927391052246, 23.904943466186523, 24.450611114501953, 24.984670639038086, 25.50712013244629, 26.04117774963379], "rhythm.bpm_histogram": [0.0, 0.0, 0.0, 0.0, 0.0, 0.0, 0.0, 0.0, 0.0, 0.0, 0.0, 0.0, 0.0, 0.0, 0.0, 0.0, 0.0, 0.0, 0.0, 0.0, 0.0, 0.0, 0.0, 0.0, 0.0, 0.0, 0.0, 0.0, 0.0, 0.0, 0.0, 0.0, 0.0, 0.0, 0.0, 0.0, 0.0, 0.0, 0.0, 0.0, 0.0, 0.0, 0.0, 0.0, 0.0, 0.0, 0.0, 0.0, 0.0, 0.0, 0.0, 0.0, 0.0, 0.0, 0.0, 0.0, 0.0, 0.0, 0.0, 0.0, 0.0, 0.0, 0.0, 0.0, 0.0, 0.0, 0.0, 0.0, 0.0, 0.0, 0.0, 0.0, 0.0, 0.0, 0.0, 0.0, 0.0, 0.0, 0.0, 0.0, 0.0, 0.0, 0.0, 0.0, 0.0, 0.0, 0.0, 0.0, 0.0, 0.0, 0.0, 0.0, 0.0, 0.0, 0.0, 0.0, 0.0, 0.0, 0.0, 0.0, 0.0, 0.0, 0.0, 0.0, 0.0, 0.0, 0.0, 0.0, 0.02083333395421505, 0.0, 0.125, 0.0, 0.7083333134651184, 0.0, 0.0, 0.0625, 0.0, 0.0416666679084301, 0.0, 0.0, 0.0, 0.0, 0.0, 0.0416666679084301, 0.0, 0.0, 0.0, 0.0, 0.0, 0.0, 0.0, 0.0, 0.0, 0.0, 0.0, 0.0, 0.0, 0.0, 0.0, 0.0, 0.0, 0.0, 0.0, 0.0, 0.0, 0.0, 0.0, 0.0, 0.0, 0.0, 0.0, 0.0, 0.0, 0.0, 0.0, 0.0, 0.0, 0.0, 0.0, 0.0, 0.0, 0.0, 0.0, 0.0, 0.0, 0.0, 0.0, 0.0, 0.0, 0.0, 0.0, 0.0, 0.0, 0.0, 0.0, 0.0, 0.0, 0.0, 0.0, 0.0, 0.0, 0.0, 0.0, 0.0, 0.0, 0.0, 0.0, 0.0, 0.0, 0.0, 0.0, 0.0, 0.0, 0.0, 0.0, 0.0, 0.0, 0.0, 0.0, 0.0, 0.0, 0.0, 0.0, 0.0, 0.0, 0.0, 0.0, 0.0, 0.0, 0.0, 0.0, 0.0, 0.0, 0.0, 0.0, 0.0, 0.0, 0.0, 0.0, 0.0, 0.0, 0.0, 0.0, 0.0, 0.0, 0.0, 0.0, 0.0, 0.0, 0.0, 0.0, 0.0, 0.0, 0.0, 0.0, 0.0, 0.0, 0.0, 0.0, 0.0, 0.0, 0.0, 0.0, 0.0, 0.0, 0.0, 0.0, 0.0, 0.0, 0.0], "tonal.chords_histogram": [0.35026270151138306, 0.0, 7.180385112762451, 2.9772329330444336, 0.0, 6.830122470855713, 0.8756567239761353, 14.185639381408691, 0.0, 3.502626895904541, 8.756567001342773, 0.0, 0.8756567239761353, 0.0, 3.327495574951172, 0.17513135075569153, 1.9264448881149292, 0.0, 0.0, 3.67775821685791, 2.9772329330444336, 3.327495574951172, 27.495622634887695, 11.558669090270996], "tonal.thpcp": [1.0, 0.6356462240219116, 0.2822647988796234, 0.2716323733329773, 0.2820263206958771, 0.4233793616294861, 0.5110065937042236, 0.3975197374820709, 0.2986656129360199, 0.23233382403850555, 0.1824522316455841, 0.22707192599773407, 0.2451077252626419, 0.22431033849716187, 0.3202010989189148, 0.3764781951904297, 0.2663465440273285, 0.2096119076013565, 0.24971722066402435, 0.2531656324863434, 0.3489893078804016, 0.48532068729400635, 0.4014584422111511, 0.36707258224487305, 0.6068183183670044, 0.5583099126815796, 0.33238399028778076, 0.28873157501220703, 0.26965096592903137, 0.28395429253578186, 0.3986551761627197, 0.42340293526649475, 0.3406878411769867, 0.32167407870292664, 0.30036088824272156, 0.6571769714355469], "lowlevel.gfcc.cov": [[7106.97705078125, -1978.545654296875, 213.03005981445312, 1006.1475830078125, 277.76861572265625, 291.8435363769531, -371.1148376464844, -11.551159858703613, -208.637939453125, 23.515304565429688, -79.95167541503906, 155.10740661621094, -79.7126693725586], [-1978.545654296875, 2327.27978515625, 353.2501220703125, -335.6936340332031, 242.84762573242188, 75.12724304199219, 91.08831787109375, 15.332792282104492, 70.0320053100586, -136.4264373779297, 70.48234558105469, -133.1146697998047, 46.57865905761719], [213.03005981445312, 353.2501220703125, 1404.0830078125, 799.4130249023438, 541.458251953125, 432.097412109375, 166.05615234375, 69.92385864257812, 17.89409637451172, -12.24702262878418, 55.19353103637695, 97.66862487792969, 57.357322692871094], [1006.1475830078125, -335.6936340332031, 799.4130249023438, 1393.7564697265625, 697.2488403320312, 290.6829833984375, 108.47122955322266, 58.877296447753906, 68.38494873046875, 83.11266326904297, 74.62007141113281, 136.18756103515625, 71.9129409790039], [277.76861572265625, 242.84762573242188, 541.458251953125, 697.2488403320312, 784.970458984375, 363.7183532714844, 188.1091766357422, 72.33940887451172, 101.03609466552734, 101.71114349365234, 76.72407531738281, 66.50208282470703, 38.788639068603516], [291.8435363769531, 75.12724304199219, 432.097412109375, 290.6829833984375, 363.7183532714844, 485.733642578125, 224.56112670898438, 86.22476959228516, 33.08948516845703, 55.81238555908203, 43.51893615722656, 11.014335632324219, 26.8563289642334], [-371.1148376464844, 91.08831787109375, 166.05615234375, 108.47122955322266, 188.1091766357422, 224.56112670898438, 390.9043273925781, 99.16061401367188, 67.15066528320312, 87.1277084350586, 38.971622467041016, 22.822729110717773, 4.474600791931152], [-11.551159858703613, 15.332792282104492, 69.92385864257812, 58.877296447753906, 72.33940887451172, 86.22476959228516, 99.16061401367188, 185.503173828125, 98.22389221191406, 27.174198150634766, 19.748716354370117, 14.099540710449219, 31.03825569152832], [-208.637939453125, 70.0320053100586, 17.89409637451172, 68.38494873046875, 101.03609466552734, 33.08948516845703, 67.15066528320312, 98.22389221191406, 173.880859375, 84.89218139648438, 41.086612701416016, 26.197608947753906, 38.43446731567383], [23.515304565429688, -136.4264373779297, -12.24702262878418, 83.11266326904297, 101.71114349365234, 55.81238555908203, 87.1277084350586, 27.174198150634766, 84.89218139648438, 185.94029235839844, 92.51615905761719, 60.61008834838867, 22.441551208496094], [-79.95167541503906, 70.48234558105469, 55.19353103637695, 74.62007141113281, 76.72407531738281, 43.51893615722656, 38.971622467041016, 19.748716354370117, 41.086612701416016, 92.51615905761719, 134.41207885742188, 65.54399108886719, 35.127899169921875], [155.10740661621094, -133.1146697998047, 97.66862487792969, 136.18756103515625, 66.50208282470703, 11.014335632324219, 22.822729110717773, 14.099540710449219, 26.197608947753906, 60.61008834838867, 65.54399108886719, 124.02153778076172, 42.69431686401367], [-79.7126693725586, 46.57865905761719, 57.357322692871094, 71.9129409790039, 38.788639068603516, 26.8563289642334, 4.474600791931152, 31.03825569152832, 38.43446731567383, 22.441551208496094, 35.127899169921875, 42.69431686401367, 94.44817352294922]], "lowlevel.gfcc.icov": [[0.00026064246776513755, 0.0001307823695242405, 8.483436977257952e-05, -0.00015464496391359717, -1.2083807632734533e-05, -0.00035979566746391356, 0.0004697467666119337, -0.0002784985408652574, 0.00034391696681268513, -0.000123522593639791, 0.00022308061306830496, -0.00035478913923725486, 0.0003650523431133479], [0.0001307823695242405, 0.0010853956919163465, -0.00047979189548641443, 0.0007392017287202179, -0.0009889666689559817, 0.0005319995689205825, -0.00021640538761857897, 0.00041055286419577897, -0.000622863182798028, 0.0015867522452026606, -0.0018011073116213083, 0.0016089134151116014, -0.0007471120334230363], [8.483436977257952e-05, -0.00047979189548641443, 0.0017233628313988447, -0.001013952656649053, 0.00040115677984431386, -0.0014321986818686128, 0.00033459108090028167, -0.000251482124440372, 0.00039471243508160114, 0.0002536666579544544, 0.0007494355086237192, -0.0018181169871240854, 0.0006651784642599523], [-0.00015464496391359717, 0.0007392017287202179, -0.001013952656649053, 0.0023909553419798613, -0.002042036969214678, 0.001167090144008398, -0.000401852885261178, 0.0004080499638803303, -0.0004844932700507343, 0.001000163028948009, -0.0011633523972705007, 0.0008554732776246965, -0.0013025752268731594], [-1.2083807632734533e-05, -0.0009889666689559817, 0.00040115677984431386, -0.002042036969214678, 0.004353085067123175, -0.002306924667209387, 0.00022149762662593275, 0.00020882496028207242, -0.0007843790226615965, -0.0015899105928838253, 0.0013784375041723251, -0.001612878986634314, 0.0014911893522366881], [-0.00035979566746391356, 0.0005319995689205825, -0.0014321986818686128, 0.001167090144008398, -0.002306924667209387, 0.005886245518922806, -0.002501972485333681, -0.0005648552905768156, 0.0008587846532464027, 0.00022804811305832118, -0.0019107081461697817, 0.0036287906114012003, -0.0023404285311698914], [0.0004697467666119337, -0.00021640538761857897, 0.00033459108090028167, -0.000401852885261178, 0.00022149762662593275, -0.002501972485333681, 0.005205865483731031, -0.0021989226806908846, 0.0009552324190735817, -0.002441790886223316, 0.0017408061539754272, -0.001899725291877985, 0.0021051852963864803], [-0.0002784985408652574, 0.00041055286419577897, -0.000251482124440372, 0.0004080499638803303, 0.00020882496028207242, -0.0005648552905768156, -0.0021989226806908846, 0.0099873011931777, -0.006513602565973997, 0.0034841818269342184, -0.0016710597556084394, 0.0008697741432115436, -0.0016474537551403046], [0.00034391696681268513, -0.000622863182798028, 0.00039471243508160114, -0.0004844932700507343, -0.0007843790226615965, 0.0008587846532464027, 0.0009552324190735817, -0.006513602565973997, 0.013200980611145496, -0.006588391959667206, 0.002591140801087022, -0.00031105030211620033, -0.0017297742888331413], [-0.000123522593639791, 0.0015867522452026606, 0.0002536666579544544, 0.001000163028948009, -0.0015899105928838253, 0.00022804811305832118, -0.002441790886223316, 0.0034841818269342184, -0.006588391959667206, 0.014932208694517612, -0.008937801234424114, 0.0002241178008262068, 0.00011240760068176314], [0.00022308061306830496, -0.0018011073116213083, 0.0007494355086237192, -0.0011633523972705007, 0.0013784375041723251, -0.0019107081461697817, 0.0017408061539754272, -0.0016710597556084394, 0.002591140801087022, -0.008937801234424114, 0.017530830577015877, -0.007655372843146324, -3.935550921596587e-05], [-0.00035478913923725486, 0.0016089134151116014, -0.0018181169871240854, 0.0008554732776246965, -0.001612878986634314, 0.0036287906114012003, -0.001899725291877985, 0.0008697741432115436, -0.00031105030211620033, 0.0002241178008262068, -0.007655372843146324, 0.017682572826743126, -0.006278073415160179], [0.0003650523431133479, -0.0007471120334230363, 0.0006651784642599523, -0.0013025752268731594, 0.0014911893522366881, -0.0023404285311698914, 0.0021051852963864803, -0.0016474537551403046, -0.0017297742888331413, 0.00011240760068176314, -3.935550921596587e-05, -0.006278073415160179, 0.01587671972811222]], "lowlevel.mfcc.cov": [[7289.482421875, -2313.910888671875, -126.48739624023438, 382.4735412597656, 489.9215393066406, 144.9539337158203, -15.312544822692871, -65.34970092773438, -129.7801971435547, -138.93675231933594, -189.2179718017578, -100.68712615966797, 80.07896423339844], [-2313.910888671875, 2316.43701171875, 100.47692108154297, -409.6025085449219, -22.730192184448242, -105.90534210205078, 58.12681579589844, 30.301254272460938, 33.331398010253906, -6.344853401184082, 46.49318313598633, 14.116759300231934, -64.85929107666016], [-126.48739624023438, 100.47692108154297, 987.3216552734375, 358.6194763183594, 366.8462829589844, 257.2633361816406, 216.23471069335938, 180.30166625976562, 86.30254364013672, -28.976858139038086, -7.3485822677612305, -2.3191475868225098, 48.11708068847656], [382.4735412597656, -409.6025085449219, 358.6194763183594, 961.0675048828125, 518.92236328125, 348.216796875, 163.34384155273438, 140.02842712402344, 94.46890258789062, 12.802816390991211, 42.60123825073242, 73.76704406738281, 116.0165023803711], [489.9215393066406, -22.730192184448242, 366.8462829589844, 518.92236328125, 725.5441284179688, 348.2445068359375, 190.40841674804688, 140.4477996826172, 117.96099853515625, 14.852980613708496, 35.10961151123047, 32.02505111694336, 108.6972885131836], [144.9539337158203, -105.90534210205078, 257.2633361816406, 348.216796875, 348.2445068359375, 508.9107666015625, 303.93719482421875, 140.3981475830078, 114.81974792480469, 83.11795043945312, 93.81432342529297, 57.42743682861328, 103.44065856933594], [-15.312544822692871, 58.12681579589844, 216.23471069335938, 163.34384155273438, 190.40841674804688, 303.93719482421875, 343.8320007324219, 157.54922485351562, 99.87712097167969, 67.27788543701172, 89.076904296875, 38.567237854003906, 70.22437286376953], [-65.34970092773438, 30.301254272460938, 180.30166625976562, 140.02842712402344, 140.4477996826172, 140.3981475830078, 157.54922485351562, 204.85276794433594, 119.82135009765625, 51.60371017456055, 55.381229400634766, 18.359607696533203, 31.207599639892578], [-129.7801971435547, 33.331398010253906, 86.30254364013672, 94.46890258789062, 117.96099853515625, 114.81974792480469, 99.87712097167969, 119.82135009765625, 179.37600708007812, 95.15328216552734, 70.33116149902344, 27.271751403808594, 35.82776641845703], [-138.93675231933594, -6.344853401184082, -28.976858139038086, 12.802816390991211, 14.852980613708496, 83.11795043945312, 67.27788543701172, 51.60371017456055, 95.15328216552734, 147.96165466308594, 90.48023986816406, 32.1416130065918, 20.040597915649414], [-189.2179718017578, 46.49318313598633, -7.3485822677612305, 42.60123825073242, 35.10961151123047, 93.81432342529297, 89.076904296875, 55.381229400634766, 70.33116149902344, 90.48023986816406, 146.04254150390625, 68.62142181396484, 51.330726623535156], [-100.68712615966797, 14.116759300231934, -2.3191475868225098, 73.76704406738281, 32.02505111694336, 57.42743682861328, 38.567237854003906, 18.359607696533203, 27.271751403808594, 32.1416130065918, 68.62142181396484, 116.04945373535156, 76.45417785644531], [80.07896423339844, -64.85929107666016, 48.11708068847656, 116.0165023803711, 108.6972885131836, 103.44065856933594, 70.22437286376953, 31.207599639892578, 35.82776641845703, 20.040597915649414, 51.330726623535156, 76.45417785644531, 148.8668975830078]], "lowlevel.mfcc.icov": [[0.0002444338460918516, 0.0002614136319607496, 8.051521581364796e-05, 0.000129320818814449, -0.00032416009344160557, 8.571898797526956e-05, -0.00014624895993620157, 4.6575942178606056e-06, 0.0001403509668307379, 9.237619815394282e-05, 0.00017002808453980833, 5.770512143499218e-05, -3.3736352634150535e-05], [0.0002614136319607496, 0.0008185311453416944, -2.1879775886191055e-05, 0.0005013291374780238, -0.0006026846240274608, 0.0003334332723170519, -0.00042718579061329365, 7.28528611944057e-05, -3.372750506969169e-05, 0.0003788622561842203, -9.315515490015969e-05, -0.00036949891364201903, 0.0004059874336235225], [8.051521581364796e-05, -2.1879775886191055e-05, 0.0015522029716521502, -0.00021268959972076118, -0.0004005099763162434, -0.0001238703407580033, -0.0004499425122048706, -0.0007920913631096482, -2.6276877179043368e-05, 0.0006418045959435403, 0.0005200008163228631, 0.00020368004334159195, 4.0318755054613575e-06], [0.000129320818814449, 0.0005013291374780238, -0.00021268959972076118, 0.0022569335997104645, -0.0013059627963230014, -0.0006248678546398878, 0.00044406572123989463, -0.0005734816659241915, 0.00016973943274933845, 0.0004232542996760458, 0.0001196392549900338, -0.001135297934524715, 0.00020118633983656764], [-0.00032416009344160557, -0.0006026846240274608, -0.0004005099763162434, -0.0013059627963230014, 0.0035686928313225508, -0.0014649314107373357, 0.0006776243099011481, -8.476646326016635e-05, -0.001218030578456819, 0.0006419591372832656, -6.497305002994835e-05, 0.0010363203473389149, -0.001133782439865172], [8.571898797526956e-05, 0.0003334332723170519, -0.0001238703407580033, -0.0006248678546398878, -0.0014649314107373357, 0.00622397568076849, -0.004507731646299362, 0.001178364036604762, -9.580955520505086e-06, -0.001487629022449255, 3.6775454645976424e-05, -0.0002633942640386522, -0.00042437907541170716], [-0.00014624895993620157, -0.00042718579061329365, -0.0004499425122048706, 0.00044406572123989463, 0.0006776243099011481, -0.004507731646299362, 0.008813660591840744, -0.004032949451357126, 0.0009620405035093427, 5.7526249293005094e-05, -0.001899347291328013, 0.000969093234743923, -0.0010649097384884953], [4.6575942178606056e-06, 7.28528611944057e-05, -0.0007920913631096482, -0.0005734816659241915, -8.476646326016635e-05, 0.001178364036604762, -0.004032949451357126, 0.011651439592242241, -0.006139025557786226, 0.001339136390015483, -0.0009155740262940526, 0.0003080317983403802, 0.0008899017702788115], [0.0001403509668307379, -3.372750506969169e-05, -2.6276877179043368e-05, 0.00016973943274933845, -0.001218030578456819, -9.580955520505086e-06, 0.0009620405035093427, -0.006139025557786226, 0.013768722303211689, -0.006843117531388998, -1.2550524843391031e-05, 0.00038089690497145057, -0.0010686122113838792], [9.237619815394282e-05, 0.0003788622561842203, 0.0006418045959435403, 0.0004232542996760458, 0.0006419591372832656, -0.001487629022449255, 5.7526249293005094e-05, 0.001339136390015483, -0.006843117531388998, 0.015567388385534286, -0.006959936115890741, 0.000515520281624049, 0.0015214865561574697], [0.00017002808453980833, -9.315515490015969e-05, 0.0005200008163228631, 0.0001196392549900338, -6.497305002994835e-05, 3.6775454645976424e-05, -0.001899347291328013, -0.0009155740262940526, -1.2550524843391031e-05, -0.006959936115890741, 0.01608632691204548, -0.006271361373364925, -0.0006695050396956503], [5.770512143499218e-05, -0.00036949891364201903, 0.00020368004334159195, -0.001135297934524715, 0.0010363203473389149, -0.0002633942640386522, 0.000969093234743923, 0.0003080317983403802, 0.00038089690497145057, 0.000515520281624049, -0.006271361373364925, 0.01719551905989647, -0.007298290263861418], [-3.3736352634150535e-05, 0.0004059874336235225, 4.0318755054613575e-06, 0.00020118633983656764, -0.001133782439865172, -0.00042437907541170716, -0.0010649097384884953, 0.0008899017702788115, -0.0010686122113838792, 0.0015214865561574697, -0.0006695050396956503, -0.007298290263861418, 0.012224290519952774]], "metadata.audio_properties.analysis.downmix": "mix", "metadata.audio_properties.codec": "mp3", "metadata.audio_properties.md5_encoded": "3b5dc22934fed3834eedeac2b46731cc", "metadata.tags.file_name": "1183707286976339998.mp3", "metadata.version.essentia": "2.1-beta6-dev", "metadata.version.essentia_git_sha": "v2.1_beta5-1110-g77a6a954", "metadata.version.extractor": "music 2.0", "tonal.chords_key": "B", "tonal.chords_scale": "minor", "tonal.key_edma.key": "B", "tonal.key_edma.scale": "minor", "tonal.key_krumhansl.key": "B", "tonal.key_krumhansl.scale": "minor", "tonal.key_temperl