{"song_id": "1183704792409849886", "download": "https://cdn.discordapp.com/attachments/1135911532732108921/1183704792409849886/chirp.mp4?ex=65894dfe&amp", "lyrics": "[verse]\nIn Calatayud, where Enzo resides\nA young warrior with dreams so wide\nSeven years old, yet wise beyond his years\nA future legend, it's crystal clear\n\n[chorus]\nEnzo, oh Enzo, you're growing so strong\nA warrior's heart, where courage belongs\nOn this special day, we celebrate your might\nBlasting through life, like Iron Maiden's might", "style": ["Iron Maiden"], "essentia_features": {"lowlevel.average_loudness": 0.971054196357727, "lowlevel.barkbands_crest.mean": 12.701205253601074, "lowlevel.barkbands_crest.stdev": 5.834497928619385, "lowlevel.barkbands_flatness_db.mean": 0.11663880944252014, "lowlevel.barkbands_flatness_db.stdev": 0.045340944081544876, "lowlevel.barkbands_kurtosis.mean": 3.3885397911071777, "lowlevel.barkbands_kurtosis.stdev": 6.821796417236328, "lowlevel.barkbands_skewness.mean": 1.5873260498046875, "lowlevel.barkbands_skewness.stdev": 1.3988392353057861, "lowlevel.barkbands_spread.mean": 33.591766357421875, "lowlevel.barkbands_spread.stdev": 15.796035766601562, "lowlevel.dissonance.mean": 0.48859065771102905, "lowlevel.dissonance.stdev": 0.011558902449905872, "lowlevel.dynamic_complexity": 1.8195619583129883, "lowlevel.erbbands_crest.mean": 7.389530658721924, "lowlevel.erbbands_crest.stdev": 2.684138059616089, "lowlevel.erbbands_flatness_db.mean": 0.13037694990634918, "lowlevel.erbbands_flatness_db.stdev": 0.025524063035845757, "lowlevel.erbbands_kurtosis.mean": 0.46712052822113037, "lowlevel.erbbands_kurtosis.stdev": 1.481327772140503, "lowlevel.erbbands_skewness.mean": -0.6533820629119873, "lowlevel.erbbands_skewness.stdev": 0.5899722576141357, "lowlevel.erbbands_spread.mean": 41.339054107666016, "lowlevel.erbbands_spread.stdev": 14.571107864379883, "lowlevel.hfc.mean": 30.661802291870117, "lowlevel.hfc.stdev": 24.255762100219727, "lowlevel.loudness_ebu128.integrated": -21.50661277770996, "lowlevel.loudness_ebu128.loudness_range": 1.5367965698242188, "lowlevel.loudness_ebu128.momentary.mean": -21.767467498779297, "lowlevel.loudness_ebu128.momentary.stdev": 1.5996735095977783, "lowlevel.loudness_ebu128.short_term.mean": -21.607303619384766, "lowlevel.loudness_ebu128.short_term.stdev": 0.5288741588592529, "lowlevel.melbands_crest.mean": 20.693775177001953, "lowlevel.melbands_crest.stdev": 7.7475361824035645, "lowlevel.melbands_flatness_db.mean": 0.18378835916519165, "lowlevel.melbands_flatness_db.stdev": 0.06857581436634064, "lowlevel.melbands_kurtosis.mean": 19.805715560913086, "lowlevel.melbands_kurtosis.stdev": 27.49616050720215, "lowlevel.melbands_skewness.mean": 3.5703284740448, "lowlevel.melbands_skewness.stdev": 2.3143887519836426, "lowlevel.melbands_spread.mean": 33.53335952758789, "lowlevel.melbands_spread.stdev": 27.174774169921875, "lowlevel.pitch_salience.mean": 0.4496351182460785, "lowlevel.pitch_salience.stdev": 0.1722322702407837, "lowlevel.silence_rate_20dB.mean": 0.9993585348129272, "lowlevel.silence_rate_20dB.stdev": 0.02531854249536991, "lowlevel.silence_rate_30dB.mean": 0.8935214877128601, "lowlevel.silence_rate_30dB.stdev": 0.3084484934806824, "lowlevel.silence_rate_60dB.mean": 0.002565747359767556, "lowlevel.silence_rate_60dB.stdev": 0.05058860033750534, "lowlevel.spectral_centroid.mean": 2256.707275390625, "lowlevel.spectral_centroid.stdev": 494.8928527832031, "lowlevel.spectral_complexity.mean": 29.476587295532227, "lowlevel.spectral_complexity.stdev": 9.737054824829102, "lowlevel.spectral_decrease.mean": -1.2994020082146562e-08, "lowlevel.spectral_decrease.stdev": 1.523373782674753e-08, "lowlevel.spectral_energy.mean": 0.05182352662086487, "lowlevel.spectral_energy.stdev": 0.05855798348784447, "lowlevel.spectral_energyband_high.mean": 0.001892675063572824, "lowlevel.spectral_energyband_high.stdev": 0.002555698389187455, "lowlevel.spectral_energyband_low.mean": 0.03866906464099884, "lowlevel.spectral_energyband_low.stdev": 0.05631471052765846, "lowlevel.spectral_energyband_middle_high.mean": 0.005631479434669018, "lowlevel.spectral_energyband_middle_high.stdev": 0.0034189599100500345, "lowlevel.spectral_energyband_middle_low.mean": 0.006546535529196262, "lowlevel.spectral_energyband_middle_low.stdev": 0.010114668868482113, "lowlevel.spectral_entropy.mean": 7.964816093444824, "lowlevel.spectral_entropy.stdev": 0.1940407007932663, "lowlevel.spectral_flux.mean": 0.11040392518043518, "lowlevel.spectral_flux.stdev": 0.0806918516755104, "lowlevel.spectral_kurtosis.mean": 3.6867363452911377, "lowlevel.spectral_kurtosis.stdev": 1.5374059677124023, "lowlevel.spectral_rms.mean": 0.00630597397685051, "lowlevel.spectral_rms.stdev": 0.0032854664605110884, "lowlevel.spectral_rolloff.mean": 2020.866943359375, "lowlevel.spectral_rolloff.stdev": 2001.2425537109375, "lowlevel.spectral_skewness.mean": 1.2517768144607544, "lowlevel.spectral_skewness.stdev": 0.27621740102767944, "lowlevel.spectral_spread.mean": 4456418.0, "lowlevel.spectral_spread.stdev": 1287106.5, "lowlevel.spectral_strongpeak.mean": 0.5184988379478455, "lowlevel.spectral_strongpeak.stdev": 0.4329957067966461, "lowlevel.zerocrossingrate.mean": 0.07664857059717178, "lowlevel.zerocrossingrate.stdev": 0.04595308005809784, "metadata.audio_properties.analysis.equal_loudness": 0.0, "metadata.audio_properties.analysis.length": 36.159976959228516, "metadata.audio_properties.analysis.sample_rate": 44100.0, "metadata.audio_properties.analysis.start_time": 0.0, "metadata.audio_properties.bit_rate": 121454.0, "metadata.audio_properties.length": 36.15999984741211, "metadata.audio_properties.lossless": 0.0, "metadata.audio_properties.number_channels": 1.0, "metadata.audio_properties.replay_gain": -4.210893630981445, "metadata.audio_properties.sample_rate": 48000.0, "rhythm.beats_count": 70.0, "rhythm.beats_loudness.mean": 0.09737046808004379, "rhythm.beats_loudness.stdev": 0.07519029825925827, "rhythm.bpm": 117.10498809814453, "rhythm.bpm_histogram_first_peak_bpm": 117.0, "rhythm.bpm_histogram_first_peak_weight": 0.16417914628982544, "rhythm.bpm_histogram_second_peak_bpm": 112.0, "rhythm.bpm_histogram_second_peak_spread": 0.0, "rhythm.bpm_histogram_second_peak_weight": 0.028985507786273956, "rhythm.danceability": 1.6704086065292358, "rhythm.onset_rate": 3.3723373413085938, "tonal.chords_changes_rate": 0.12179487198591232, "tonal.chords_number_rate": 0.01666666753590107, "tonal.chords_strength.mean": 0.5012063384056091, "tonal.chords_strength.stdev": 0.11814947426319122, "tonal.hpcp_crest.mean": 10.828357696533203, "tonal.hpcp_crest.stdev": 5.052326679229736, "tonal.hpcp_entropy.mean": 2.5382328033447266, "tonal.hpcp_entropy.stdev": 0.7860497236251831, "tonal.key_edma.strength": 0.6349437832832336, "tonal.key_krumhansl.strength": 0.631614089012146, "tonal.key_temperley.strength": 0.6107775568962097, "tonal.tuning_diatonic_strength": 0.3596983850002289, "tonal.tuning_equal_tempered_deviation": 0.2724960148334503, "tonal.tuning_frequency": 434.193115234375, "tonal.tuning_nontempered_energy_ratio": 0.906002402305603, "lowlevel.barkbands.mean": [0.0028199786320328712, 0.029903044924139977, 0.005125818774104118, 0.0021215351298451424, 0.0014275747817009687, 0.0001845034130383283, 0.00046254877815954387, 0.0010672069620341063, 0.001078671426512301, 0.0004466914397198707, 0.00025384535547345877, 0.00048565136967226863, 0.0002918753307312727, 0.0003108066157437861, 0.000306810688925907, 0.0003784898726735264, 0.0010792437242344022, 0.001273368252441287, 0.00072595285018906, 0.000385609979275614, 0.00047066135448403656, 0.000404334714403376, 0.00025481058401055634, 0.0002740175696089864, 0.00018803054990712553, 8.864482515491545e-05, 1.3811689314024989e-05], "lowlevel.barkbands.stdev": [0.004283625166863203, 0.05001012235879898, 0.011269845068454742, 0.004788640420883894, 0.005494570825248957, 0.0004194992361590266, 0.0009865909814834595, 0.0016032023122534156, 0.001596233923919499, 0.0006967562949284911, 0.00041956338100135326, 0.0007720442372374237, 0.000420425261836499, 0.0003714482591021806, 0.0003594044246710837, 0.00033482859726063907, 0.0008581732981838286, 0.0012221941724419594, 0.0007212763302959502, 0.0005153667298145592, 0.0007378757582046092, 0.0007202699198387563, 0.0004738853021990508, 0.0006154343136586249, 0.00035531623871065676, 0.00015610098489560187, 2.7587098884396255e-05], "lowlevel.erbbands.mean": [1.173993468284607, 5.421751022338867, 7.130992889404297, 5.976040840148926, 7.101249694824219, 3.800654172897339, 1.6685370206832886, 1.6026403903961182, 4.151826858520508, 13.561895370483398, 25.748275756835938, 24.778539657592773, 19.922626495361328, 10.340927124023438, 13.634284973144531, 19.198415756225586, 14.19328498840332, 14.650522232055664, 17.4014949798584, 16.73712158203125, 25.674591064453125, 64.68982696533203, 71.23991394042969, 52.18840026855469, 26.004066467285156, 18.106904983520508, 19.180992126464844, 17.90675163269043, 16.039627075195312, 9.446735382080078, 6.973601341247559, 5.955617427825928, 4.410799026489258, 2.788851022720337, 0.8867439031600952, 0.3884587287902832, 0.15050940215587616, 0.04733271524310112, 0.001268127583898604, 9.139213943853974e-05], "lowlevel.erbbands.stdev": [1.8112455606460571, 10.392173767089844, 14.47414779663086, 10.636301040649414, 23.412487030029297, 14.480486869812012, 5.051350116729736, 3.539095401763916, 8.782835006713867, 25.333250045776367, 37.88498306274414, 36.953033447265625, 29.716176986694336, 14.931923866271973, 22.946754455566406, 29.5897216796875, 19.741943359375, 17.00507926940918, 20.49066162109375, 17.216217041015625, 20.605064392089844, 49.515281677246094, 66.85367584228516, 49.52198028564453, 25.614110946655273, 23.706710815429688, 35.13723373413086, 26.750761032104492, 28.025806427001953, 15.938488006591797, 13.915640830993652, 13.681066513061523, 9.86193561553955, 5.883913993835449, 1.5363059043884277, 0.7510548233985901, 0.2593597173690796, 0.08508647978305817, 0.0024031035136431456, 9.98080795397982e-05], "lowlevel.gfcc.mean": [37.62211608886719, 49.80097961425781, -117.51370239257812, 49.88759231567383, -40.89925003051758, 20.415904998779297, -20.625804901123047, 30.31702423095703, -15.86097526550293, 2.5516068935394287, -23.16155242919922, 0.21131780743598938, -23.17241096496582], "lowlevel.melbands.mean": [0.009342949837446213, 0.0046648080460727215, 0.0011136479442939162, 0.0003954448038712144, 6.893136742291972e-05, 3.6238117900211364e-05, 7.163141708588228e-05, 0.0001654757943470031, 0.0002078711404465139, 0.0001549552398500964, 9.638314804760739e-05, 4.071009607287124e-05, 3.950994141632691e-05, 5.5855180107755587e-05, 3.817946708295494e-05, 2.9232647648314014e-05, 2.681621663214173e-05, 2.873361336241942e-05, 2.2236728909774683e-05, 2.2935924789635465e-05, 3.094811472692527e-05, 5.994072853354737e-05, 8.034397615119815e-05, 5.4314896260621026e-05, 4.201870979159139e-05, 2.2447295123129152e-05, 1.3886480701330584e-05, 1.1285840628261212e-05, 1.2043163224007003e-05, 1.13819687612704e-05, 1.0063314221042674e-05, 1.0080639185616747e-05, 6.112188202678226e-06, 4.877830178884324e-06, 3.972671038354747e-06, 3.6787298540730262e-06, 3.632679181464482e-06, 3.2417976854048902e-06, 2.821810994646512e-06, 2.162028749808087e-06], "lowlevel.melbands.stdev": [0.014927547425031662, 0.008518974296748638, 0.0021340399980545044, 0.0014225272461771965, 0.0002277690509799868, 7.880051271058619e-05, 0.00015344830171670765, 0.0002816869819071144, 0.0003037884598597884, 0.00023974078067112714, 0.0001485240354668349, 6.293767364695668e-05, 6.5695981902536e-05, 9.155005682259798e-05, 5.854235132574104e-05, 4.455537782632746e-05, 3.240047226427123e-05, 3.6230259865988046e-05, 2.5913928766385652e-05, 2.2006150175002404e-05, 2.6556115699349903e-05, 4.6608158299932256e-05, 7.741952140349895e-05, 5.3303730965126306e-05, 4.253245424479246e-05, 2.3604519810760394e-05, 1.4471092072199099e-05, 1.675120074651204e-05, 2.494204818503931e-05, 1.8332963009015657e-05, 1.6384527043555863e-05, 1.9346962290001102e-05, 1.0640299478836823e-05, 8.486619663017336e-06, 7.987736353243235e-06, 8.26732321002055e-06, 8.807903213892132e-06, 7.536860266554868e-06, 6.49353160042665e-06, 4.43334283772856e-06], "lowlevel.melbands128.mean": [0.0026240425650030375, 0.010195604525506496, 0.012188185006380081, 0.007867393083870411, 0.004418918862938881, 0.00209666951559484, 0.001125230686739087, 0.0010865730000659823, 0.000692536064889282, 0.0004026089736726135, 0.0001607874728506431, 8.377699850825593e-05, 5.291667184792459e-05, 3.47963250533212e-05, 3.119411849183962e-05, 3.793485666392371e-05, 4.8529393097851425e-05, 6.650753493886441e-05, 0.0001107271236833185, 0.0001599520182935521, 0.0001753610122250393, 0.0002332258300157264, 0.00023278156004380435, 0.00015760886890348047, 0.00015592518320772797, 0.0001590919418958947, 0.00013431062689051032, 9.573536954121664e-05, 6.0131424106657505e-05, 4.258475746610202e-05, 3.475829362287186e-05, 3.285197453806177e-05, 3.7426998460432515e-05, 4.496613109949976e-05, 5.450061144074425e-05, 6.306786235654727e-05, 5.203650289331563e-05, 3.861783989123069e-05, 2.5795989131438546e-05, 3.353455394972116e-05, 2.870433672796935e-05, 2.6432351660332642e-05, 2.575686085037887e-05, 2.6709967642091215e-05, 3.148190080537461e-05, 2.82167147815926e-05, 2.761214636848308e-05, 2.1353806005208753e-05, 1.9524064555298537e-05, 2.4069700884865597e-05, 2.184174081776291e-05, 2.3628244889550842e-05, 2.7556550776353106e-05, 3.223085877834819e-05, 4.321117012295872e-05, 5.1806779083563015e-05, 8.943332068156451e-05, 8.462693222099915e-05, 8.400130900554359e-05, 5.695348227163777e-05, 5.4659933084622025e-05, 4.8691446863813326e-05, 4.763922333950177e-05, 4.256067404639907e-05, 2.8478752938099205e-05, 2.3867125491960905e-05, 1.6904567019082606e-05, 1.3729049896937795e-05, 1.4177560842654202e-05, 1.2923214853799436e-05, 1.0200119504588656e-05, 1.0759846190921962e-05, 1.2485193110478576e-05, 1.2833598702854943e-05, 1.0592063517833594e-05, 1.2266549674677663e-05, 1.1543152140802704e-05, 9.362073797092307e-06, 1.0423076673760079e-05, 9.369529834657442e-06, 1.187400357594015e-05, 1.0180840945395175e-05, 6.704717179673025e-06, 5.924206107010832e-06, 5.135742412676336e-06, 5.291106390359346e-06, 4.802378043677891e-06, 4.011354576505255e-06, 3.850368102575885e-06, 4.088237801624928e-06, 3.736415919775027e-06, 3.382725253686658e-06, 3.8077141653047875e-06, 3.6889466628053924e-06, 3.405202278372599e-06, 3.860066954075592e-06, 3.1770457553648157e-06, 2.380462092332891e-06, 2.8914917038491694e-06, 3.10336463371641e-06, 2.639928197822883e-06, 2.085519327010843e-06, 1.4534374486174784e-06, 1.0641427934388048e-06, 7.748968187115679e-07, 7.498704235331388e-07, 1.0395268645879696e-06, 8.76305250585574e-07, 5.377165166464692e-07, 5.974495707050664e-07, 4.4643417140832753e-07, 4.465175322820869e-07, 4.600099146045977e-07, 5.19992454428575e-07, 4.41627122427235e-07, 5.591306830865506e-07, 4.773996806761716e-07, 1.364392261393732e-07, 3.3283480416201883e-09, 5.942315389750874e-11, 5.395977414890396e-11, 4.944194359479681e-11, 4.5291274203274057e-11, 4.1608650552804605e-11, 3.8195061696777444e-11, 3.5334832282352124e-11, 3.32362783128648e-11, 3.200864573393858e-11], "lowlevel.melbands128.stdev": [0.003923758864402771, 0.015123131684958935, 0.023006878793239594, 0.01589987799525261, 0.009201213717460632, 0.004678447265177965, 0.0020999335683882236, 0.0028401738964021206, 0.0026726452633738518, 0.0016569193685427308, 0.0006830904167145491, 0.00031090021366253495, 0.00016998314822558314, 9.450034121982753e-05, 7.91046186350286e-05, 0.00010718149860622361, 0.00011279300088062882, 0.00018783370614983141, 0.0002970731584355235, 0.0003963609633501619, 0.00035139478859491646, 0.00042085687164217234, 0.000438444985775277, 0.00031338041299022734, 0.00030831669573672116, 0.0003250958980061114, 0.00027010650956071913, 0.00018650917627383024, 0.00011141185677843168, 9.029266220750287e-05, 6.766069418517873e-05, 6.759319512639195e-05, 6.972165283514187e-05, 0.0001221302809426561, 0.00012113336561014876, 0.00012283417163416743, 0.00011038415686925873, 8.069376781350002e-05, 4.0247829019790515e-05, 6.882406160002574e-05, 5.194439290789887e-05, 4.47323291155044e-05, 3.9941547584021464e-05, 3.902774551534094e-05, 4.633129356079735e-05, 4.561223613563925e-05, 4.214180080452934e-05, 2.902526466641575e-05, 2.836894418578595e-05, 3.288192965555936e-05, 2.5092664145631716e-05, 2.7719526769942604e-05, 2.7902622605324723e-05, 3.5185345041099936e-05, 4.4369659008225426e-05, 5.087743193143979e-05, 8.723555947653949e-05, 9.726679127197713e-05, 0.00011007001012330875, 7.156548963394016e-05, 6.344857683870941e-05, 5.372441228246316e-05, 6.205639510881156e-05, 4.945272667100653e-05, 3.0312168746604584e-05, 3.262735845055431e-05, 2.1295309124980122e-05, 1.588525265106e-05, 1.6957297702901997e-05, 1.636581691855099e-05, 1.6608628357062116e-05, 2.16675744013628e-05, 2.6133269784622826e-05, 3.705545896082185e-05, 2.190032864746172e-05, 2.1748985091107897e-05, 2.0218431018292904e-05, 1.4122584616416134e-05, 1.717995837680064e-05, 2.403949838480912e-05, 2.780371141852811e-05, 1.974167571461294e-05, 1.180877097795019e-05, 1.2546819561976008e-05, 1.0542740710661747e-05, 9.492884601058904e-06, 9.576018783263862e-06, 7.347171504079597e-06, 8.575359061069321e-06, 1.0290614227415062e-05, 9.009985660668463e-06, 8.08220556791639e-06, 9.551711627864279e-06, 1.002586941467598e-05, 8.694997632119339e-06, 9.68862423178507e-06, 8.122910003294237e-06, 5.427388259704458e-06, 7.246810127981007e-06, 7.93228446127614e-06, 6.159622898849193e-06, 4.0404393075732514e-06, 3.210766180927749e-06, 2.281701199535746e-06, 1.639384663576493e-06, 1.3988592399982736e-06, 1.8803630155161954e-06, 1.8024189785137423e-06, 1.3350243079912616e-06, 1.407589024893241e-06, 9.867269454844063e-07, 8.829491662254441e-07, 7.89508646903414e-07, 1.0018704870162765e-06, 8.55782445796649e-07, 1.0187342240897124e-06, 9.243654517376854e-07, 4.071077057687944e-07, 4.529274377773618e-08, 9.272186352049516e-10, 8.28710100542196e-10, 7.495032927629097e-10, 6.856540335498096e-10, 6.384381912027948e-10, 6.049308831634903e-10, 5.853802997890512e-10, 5.748081455259069e-10, 5.703894578878987e-10], "lowlevel.mfcc.mean": [-603.5093994140625, 80.2956314086914, -9.906919479370117, 35.74985885620117, 9.822383880615234, 4.359544277191162, 9.370765686035156, 22.12078857421875, 15.148534774780273, 6.757350444793701, 14.810136795043945, 8.403639793395996, -4.732823848724365], "lowlevel.spectral_contrast_coeffs.mean": [-0.6982084512710571, -0.7809557318687439, -0.8060692548751831, -0.8215201497077942, -0.7790640592575073, -0.7226154804229736], "lowlevel.spectral_contrast_coeffs.stdev": [0.0789853185415268, 0.0665169432759285, 0.04758573696017265, 0.02894185483455658, 0.030566396191716194, 0.03873364254832268], "lowlevel.spectral_contrast_valleys.mean": [-6.920115947723389, -6.750001907348633, -7.044418811798096, -7.117223262786865, -6.6376495361328125, -9.694272994995117], "lowlevel.spectral_contrast_valleys.stdev": [0.7114928364753723, 0.5701063275337219, 0.5612126588821411, 0.5043707489967346, 0.5487828850746155, 0.7667450308799744], "rhythm.beats_loudness_band_ratio.mean": [0.6988057494163513, 0.037969477474689484, 0.06085847318172455, 0.036798641085624695, 0.09175462275743484, 0.09234269708395004], "rhythm.beats_loudness_band_ratio.stdev": [0.2606925964355469, 0.07900598645210266, 0.08460061997175217, 0.03941350430250168, 0.09564711153507233, 0.08476444333791733], "tonal.hpcp.mean": [0.08957500755786896, 0.05769185721874237, 0.05270717293024063, 0.0485566146671772, 0.04685492441058159, 0.05114319548010826, 0.06074288859963417, 0.07131239771842957, 0.07720544189214706, 0.06516624987125397, 0.06065606698393822, 0.09320037811994553, 0.14688655734062195, 0.18531040847301483, 0.17038112878799438, 0.13481786847114563, 0.1263779252767563, 0.12422095984220505, 0.10154008120298386, 0.09490947425365448, 0.10624078661203384, 0.1122429296374321, 0.12452071905136108, 0.14433959126472473, 0.13791507482528687, 0.09597532451152802, 0.08084238320589066, 0.09006693959236145, 0.09143505245447159, 0.09304621815681458, 0.10482987761497498, 0.14932551980018616, 0.21208901703357697, 0.2686566412448883, 0.2433912456035614, 0.154208704829216], "tonal.hpcp.stdev": [0.19246028363704681, 0.1554093211889267, 0.14715026319026947, 0.14096955955028534, 0.14542736113071442, 0.15731263160705566, 0.16949597001075745, 0.18260155618190765, 0.1866019070148468, 0.1696143001317978, 0.14660263061523438, 0.2043486088514328, 0.27418267726898193, 0.3161470293998718, 0.28472575545310974, 0.23471345007419586, 0.23496928811073303, 0.23666541278362274, 0.20271353423595428, 0.18852652609348297, 0.2044745832681656, 0.20179383456707, 0.2286025583744049, 0.24778592586517334, 0.2456919252872467, 0.18592368066310883, 0.15549077093601227, 0.19021867215633392, 0.19353602826595306, 0.17312653362751007, 0.18839524686336517, 0.2523359954357147, 0.31107696890830994, 0.35010233521461487, 0.3409063220024109, 0.2570606768131256], "rhythm.beats_position": [0.4643990993499756, 0.9752380847930908, 1.5092970132827759, 2.0201361179351807, 2.530975103378296, 3.041814088821411, 3.5526530742645264, 4.0634918212890625, 4.574330806732178, 5.085169792175293, 5.596008777618408, 6.106847763061523, 6.629296779632568, 7.151745796203613, 7.6625847816467285, 8.173423767089844, 8.684263229370117, 9.195101737976074, 9.705941200256348, 10.216779708862305, 10.727619171142578, 11.238457679748535, 11.749297142028809, 12.271745681762695, 12.782585144042969, 13.305033683776855, 13.815873146057129, 14.326711654663086, 14.83755111694336, 15.348389625549316, 15.85922908782959, 16.370067596435547, 16.88090705871582, 17.391746520996094, 17.914194107055664, 18.436643600463867, 18.94748306274414, 19.458322525024414, 19.969160079956055, 20.479999542236328, 20.9908390045166, 21.501678466796875, 22.012516021728516, 22.54657554626465, 23.045804977416992, 23.556644439697266, 24.079092025756836, 24.58993148803711, 25.100770950317383, 25.611610412597656, 26.122447967529297, 26.63328742980957, 27.144126892089844, 27.654966354370117, 28.177413940429688, 28.69986343383789, 29.210702896118164, 29.721542358398438, 30.232379913330078, 30.74321937561035, 31.254058837890625, 31.7648983001709, 32.27573776245117, 32.78657531738281, 33.29741287231445, 33.80825424194336, 34.319091796875, 34.829933166503906, 35.34077072143555, 35.86322021484375], "rhythm.bpm_histogram": [0.0, 0.0, 0.0, 0.0, 0.0, 0.0, 0.0, 0.0, 0.0, 0.0, 0.0, 0.0, 0.0, 0.0, 0.0, 0.0, 0.0, 0.0, 0.0, 0.0, 0.0, 0.0, 0.0, 0.0, 0.0, 0.0, 0.0, 0.0, 0.0, 0.0, 0.0, 0.0, 0.0, 0.0, 0.0, 0.0, 0.0, 0.0, 0.0, 0.0, 0.0, 0.0, 0.0, 0.0, 0.0, 0.0, 0.0, 0.0, 0.0, 0.0, 0.0, 0.0, 0.0, 0.0, 0.0, 0.0, 0.0, 0.0, 0.0, 0.0, 0.0, 0.0, 0.0, 0.0, 0.0, 0.0, 0.0, 0.0, 0.0, 0.0, 0.0, 0.0, 0.0, 0.0, 0.0, 0.0, 0.0, 0.0, 0.0, 0.0, 0.0, 0.0, 0.0, 0.0, 0.0, 0.0, 0.0, 0.0, 0.0, 0.0, 0.0, 0.0, 0.0, 0.0, 0.0, 0.0, 0.0, 0.0, 0.0, 0.0, 0.0, 0.0, 0.0, 0.0, 0.0, 0.0, 0.0, 0.0, 0.0, 0.0, 0.0, 0.0, 0.028985507786273956, 0.0, 0.0, 0.14492753148078918, 0.0, 0.8115941882133484, 0.0, 0.0, 0.014492753893136978, 0.0, 0.0, 0.0, 0.0, 0.0, 0.0, 0.0, 0.0, 0.0, 0.0, 0.0, 0.0, 0.0, 0.0, 0.0, 0.0, 0.0, 0.0, 0.0, 0.0, 0.0, 0.0, 0.0, 0.0, 0.0, 0.0, 0.0, 0.0, 0.0, 0.0, 0.0, 0.0, 0.0, 0.0, 0.0, 0.0, 0.0, 0.0, 0.0, 0.0, 0.0, 0.0, 0.0, 0.0, 0.0, 0.0, 0.0, 0.0, 0.0, 0.0, 0.0, 0.0, 0.0, 0.0, 0.0, 0.0, 0.0, 0.0, 0.0, 0.0, 0.0, 0.0, 0.0, 0.0, 0.0, 0.0, 0.0, 0.0, 0.0, 0.0, 0.0, 0.0, 0.0, 0.0, 0.0, 0.0, 0.0, 0.0, 0.0, 0.0, 0.0, 0.0, 0.0, 0.0, 0.0, 0.0, 0.0, 0.0, 0.0, 0.0, 0.0, 0.0, 0.0, 0.0, 0.0, 0.0, 0.0, 0.0, 0.0, 0.0, 0.0, 0.0, 0.0, 0.0, 0.0, 0.0, 0.0, 0.0, 0.0, 0.0, 0.0, 0.0, 0.0, 0.0, 0.0, 0.0, 0.0, 0.0, 0.0, 0.0, 0.0, 0.0, 0.0, 0.0, 0.0, 0.0, 0.0, 0.0, 0.0], "tonal.chords_histogram": [16.538461685180664, 3.7179486751556396, 1.4102563858032227, 0.0, 0.0, 0.0, 0.0, 32.0512809753418, 6.538461685180664, 6.153846263885498, 7.948718070983887, 0.0, 1.2820513248443604, 0.25641027092933655, 0.38461539149284363, 0.0, 0.0, 8.20512866973877, 5.897435665130615, 4.743589878082275, 3.2051281929016113, 0.12820513546466827, 0.0, 1.5384615659713745], "tonal.thpcp": [1.0, 0.9059565663337708, 0.5739992260932922, 0.33341819047927856, 0.21474197506904602, 0.19618786871433258, 0.18073855340480804, 0.17440448701381683, 0.19036638736724854, 0.22609859704971313, 0.2654406726360321, 0.28737589716911316, 0.24256333708763123, 0.22577542066574097, 0.3469126224517822, 0.5467445850372314, 0.6897667050361633, 0.6341965794563293, 0.5018222332000732, 0.4704068601131439, 0.4623781442642212, 0.3779548406600952, 0.35327425599098206, 0.39545193314552307, 0.41779324412345886, 0.4634939134120941, 0.5372641682624817, 0.5133507251739502, 0.35724157094955444, 0.30091339349746704, 0.33524924516677856, 0.3403416872024536, 0.34633880853652954, 0.3902001976966858, 0.5558229088783264, 0.7894426584243774], "lowlevel.gfcc.cov": [[2544.703857421875, -229.13348388671875, 319.7635803222656, 201.5524444580078, 98.70614624023438, 225.2700958251953, 135.5626220703125, 176.11557006835938, 71.86802673339844, 138.04661560058594, 26.128684997558594, 95.65684509277344, 15.552738189697266], [-229.13348388671875, 670.119873046875, -155.73712158203125, 45.19101333618164, 87.32408142089844, -73.11223602294922, 165.86361694335938, -0.48140841722488403, 77.862060546875, 0.6798357963562012, 52.4488410949707, -3.7115471363067627, 39.454734802246094], [319.7635803222656, -155.73712158203125, 405.758544921875, 95.89004516601562, 91.66387176513672, 110.03468322753906, 9.970161437988281, 51.41535568237305, 3.3933842182159424, 46.98051452636719, 5.009493827819824, 36.77743911743164, 24.58340072631836], [201.5524444580078, 45.19101333618164, 95.89004516601562, 261.4164123535156, 67.7223129272461, 76.33643341064453, 15.669167518615723, -13.910204887390137, 53.92295837402344, -0.9757788181304932, 28.21360206604004, -17.97484016418457, 44.57400131225586], [98.70614624023438, 87.32408142089844, 91.66387176513672, 67.7223129272461, 269.5123291015625, 124.54402923583984, 189.11485290527344, 136.6272735595703, 112.30661010742188, 103.35067749023438, 58.8333854675293, 50.69792175292969, 46.58199691772461], [225.2700958251953, -73.11223602294922, 110.03468322753906, 76.33643341064453, 124.54402923583984, 236.87364196777344, 162.75758361816406, 123.74845886230469, 77.12512969970703, 54.615211486816406, 62.952613830566406, 29.70331573486328, 43.97895431518555], [135.5626220703125, 165.86361694335938, 9.970161437988281, 15.669167518615723, 189.11485290527344, 162.75758361816406, 351.4036865234375, 200.66799926757812, 146.6235809326172, 103.96619415283203, 96.36634826660156, 78.5479965209961, 52.15922546386719], [176.11557006835938, -0.48140841722488403, 51.41535568237305, -13.910204887390137, 136.6272735595703, 123.74845886230469, 200.66799926757812, 220.92562866210938, 140.8240203857422, 122.50475311279297, 74.54840850830078, 63.76906967163086, 42.310813903808594], [71.86802673339844, 77.862060546875, 3.3933842182159424, 53.92295837402344, 112.30661010742188, 77.12512969970703, 146.6235809326172, 140.8240203857422, 207.86404418945312, 122.87599182128906, 86.95958709716797, 33.34809112548828, 35.37010192871094], [138.04661560058594, 0.6798357963562012, 46.98051452636719, -0.9757788181304932, 103.35067749023438, 54.615211486816406, 103.96619415283203, 122.50475311279297, 122.87599182128906, 161.39317321777344, 83.45935821533203, 56.88056945800781, 34.52736282348633], [26.128684997558594, 52.4488410949707, 5.009493827819824, 28.21360206604004, 58.8333854675293, 62.952613830566406, 96.36634826660156, 74.54840850830078, 86.95958709716797, 83.45935821533203, 112.34971618652344, 58.775856018066406, 46.278167724609375], [95.65684509277344, -3.7115471363067627, 36.77743911743164, -17.97484016418457, 50.69792175292969, 29.70331573486328, 78.5479965209961, 63.76906967163086, 33.34809112548828, 56.88056945800781, 58.775856018066406, 95.11865997314453, 49.74930953979492], [15.552738189697266, 39.454734802246094, 24.58340072631836, 44.57400131225586, 46.58199691772461, 43.97895431518555, 52.15922546386719, 42.310813903808594, 35.37010192871094, 34.52736282348633, 46.278167724609375, 49.74930953979492, 98.11913299560547]], "lowlevel.gfcc.icov": [[0.0005956297973170877, -0.00011102390999440104, -3.719361120602116e-05, -0.0008904385031200945, 0.000582821958232671, -0.000610285613220185, 9.79744509095326e-05, -0.0005342562799341977, 0.0004142275429330766, -0.0009708398720249534, 0.0012043607421219349, -0.0013532557059079409, 0.0008496197988279164], [-0.00011102390999440104, 0.0034436911810189486, 0.00014812640438321978, 8.701752813067287e-05, -0.0014011644525453448, 0.003867056919261813, -0.003602144541218877, 0.0018732422031462193, -0.0007039086194708943, 0.0017896870849654078, -0.002967488719150424, 0.0036373878829181194, -0.0022254602517932653], [-3.719361120602116e-05, 0.00014812640438321978, 0.004124946892261505, -0.0018549333326518536, -0.0007127302815206349, -0.0019030490657314658, 0.001538455137051642, -0.0009842062136158347, 0.001422927132807672, -0.0018026167526841164, 0.002342744031921029, -0.0029698479920625687, 0.0010756690753623843], [-0.0008904385031200945, 8.701752813067287e-05, -0.0018549333326518536, 0.008859957568347454, -0.002573557896539569, -0.0005037696682848036, 9.774780482985079e-05, 0.004728910978883505, -0.004433592315763235, 0.00404493510723114, -0.004178843926638365, 0.0058612278662621975, -0.0049236128106713295], [0.000582821958232671, -0.0014011644525453448, -0.0007127302815206349, -0.002573557896539569, 0.009157043881714344, -0.0028278459794819355, -0.0017723885830491781, -0.001436712802387774, 0.0005546360625885427, -0.005102758761495352, 0.005066999699920416, -0.0033181938342750072, 0.0011889023007825017], [-0.000610285613220185, 0.003867056919261813, -0.0019030490657314658, -0.0005037696682848036, -0.0028278459794819355, 0.014491323381662369, -0.0066160899586975574, -0.0016758870333433151, 0.0008004558039829135, 0.005065144971013069, -0.008803341537714005, 0.009372582659125328, -0.004336638376116753], [9.79744509095326e-05, -0.003602144541218877, 0.001538455137051642, 9.774780482985079e-05, -0.0017723885830491781, -0.0066160899586975574, 0.012879910878837109, -0.006639150436967611, -0.0006530813407152891, 0.0010665693553164601, 0.0015832398785278201, -0.0072743892669677734, 0.0036277566105127335], [-0.0005342562799341977, 0.0018732422031462193, -0.0009842062136158347, 0.004728910978883505, -0.001436712802387774, -0.0016758870333433151, -0.006639150436967611, 0.019634246826171875, -0.007193000987172127, -0.0031661754474043846, 0.0013420932227745652, 0.00088208430679515, -0.0034474993590265512], [0.0004142275429330766, -0.0007039086194708943, 0.001422927132807672, -0.004433592315763235, 0.0005546360625885427, 0.0008004558039829135, -0.0006530813407152891, -0.007193000987172127, 0.015559962019324303, -0.00719035230576992, -0.002957764081656933, 0.0028275558724999428, 0.0015843679429963231], [-0.0009708398720249534, 0.0017896870849654078, -0.0018026167526841164, 0.00404493510723114, -0.005102758761495352, 0.005065144971013069, 0.0010665693553164601, -0.0031661754474043846, -0.00719035230576992, 0.021914668381214142, -0.011825927533209324, 0.0025788331404328346, -0.0018505370244383812], [0.0012043607421219349, -0.002967488719150424, 0.002342744031921029, -0.004178843926638365, 0.005066999699920416, -0.008803341537714005, 0.0015832398785278201, 0.0013420932227745652, -0.002957764081656933, -0.011825927533209324, 0.029928890988230705, -0.016589540988206863, 0.001956694759428501], [-0.0013532557059079409, 0.0036373878829181194, -0.0029698479920625687, 0.0058612278662621975, -0.0033181938342750072, 0.009372582659125328, -0.0072743892669677734, 0.00088208430679515, 0.0028275558724999428, 0.0025788331404328346, -0.016589540988206863, 0.03316265717148781, -0.013222448527812958], [0.0008496197988279164, -0.0022254602517932653, 0.0010756690753623843, -0.0049236128106713295, 0.0011889023007825017, -0.004336638376116753, 0.0036277566105127335, -0.0034474993590265512, 0.0015843679429963231, -0.0018505370244383812, 0.001956694759428501, -0.013222448527812958, 0.019717946648597717]], "lowlevel.mfcc.cov": [[1525.939453125, -197.37518310546875, 247.13392639160156, 89.85835266113281, 77.25003814697266, 122.64502716064453, 103.23883056640625, 91.37213897705078, 96.18673706054688, 88.7069091796875, 72.42838287353516, 59.636207580566406, 66.23286437988281], [-197.37518310546875, 567.7330932617188, -187.3720703125, 88.79307556152344, -84.28469848632812, -4.817689418792725, 50.926483154296875, 49.4178581237793, 60.71342086791992, 13.912676811218262, 59.778480529785156, 51.85068893432617, 43.92457962036133], [247.13392639160156, -187.3720703125, 333.0089416503906, 21.354387283325195, 89.0234146118164, 43.26765441894531, 7.704394817352295, -11.327391624450684, -21.099674224853516, -8.513384819030762, -47.98942947387695, -25.16162872314453, 2.77392315864563], [89.85835266113281, 88.79307556152344, 21.354387283325195, 183.6863555908203, 51.719879150390625, 48.181007385253906, -1.4134221076965332, 0.8950767517089844, 24.964962005615234, 14.115562438964844, 6.358850479125977, 6.60662317276001, 22.33559226989746], [77.25003814697266, -84.28469848632812, 89.0234146118164, 51.719879150390625, 167.94956970214844, 61.912559509277344, 17.034351348876953, -0.7067136764526367, 26.854103088378906, 46.070213317871094, 10.158949851989746, 3.7121002674102783, 6.721883296966553], [122.64502716064453, -4.817689418792725, 43.26765441894531, 48.181007385253906, 61.912559509277344, 129.1083221435547, 81.12083435058594, 57.2288703918457, 45.8714599609375, 44.7811279296875, 32.51780700683594, 23.223102569580078, 15.297633171081543], [103.23883056640625, 50.926483154296875, 7.704394817352295, -1.4134221076965332, 17.034351348876953, 81.12083435058594, 191.251953125, 115.53723907470703, 91.04768371582031, 46.10859680175781, 62.540096282958984, 54.167423248291016, 37.765846252441406], [91.37213897705078, 49.4178581237793, -11.327391624450684, 0.8950767517089844, -0.7067136764526367, 57.2288703918457, 115.53723907470703, 154.84011840820312, 95.26968383789062, 61.639869689941406, 62.75395965576172, 51.40011215209961, 35.898162841796875], [96.18673706054688, 60.71342086791992, -21.099674224853516, 24.964962005615234, 26.854103088378906, 45.8714599609375, 91.04768371582031, 95.26968383789062, 145.78684997558594, 99.69995880126953, 82.2901611328125, 64.26637268066406, 50.731380462646484], [88.7069091796875, 13.912676811218262, -8.513384819030762, 14.115562438964844, 46.070213317871094, 44.7811279296875, 46.10859680175781, 61.639869689941406, 99.69995880126953, 133.51028442382812, 93.58942413330078, 64.35017395019531, 40.55112838745117], [72.42838287353516, 59.778480529785156, -47.98942947387695, 6.358850479125977, 10.158949851989746, 32.51780700683594, 62.540096282958984, 62.75395965576172, 82.2901611328125, 93.58942413330078, 136.8363494873047, 92.53714752197266, 49.33734130859375], [59.636207580566406, 51.85068893432617, -25.16162872314453, 6.60662317276001, 3.7121002674102783, 23.223102569580078, 54.167423248291016, 51.40011215209961, 64.26637268066406, 64.35017395019531, 92.53714752197266, 120.00009155273438, 72.03514862060547], [66.23286437988281, 43.92457962036133, 2.77392315864563, 22.33559226989746, 6.721883296966553, 15.297633171081543, 37.765846252441406, 35.898162841796875, 50.731380462646484, 40.55112838745117, 49.33734130859375, 72.03514862060547, 106.55475616455078]], "lowlevel.mfcc.icov": [[0.0008892451296560466, 0.0003675430198200047, -0.0005819825455546379, -0.0005096672684885561, 0.00045391431194730103, -0.00032998996903188527, -8.635833364678547e-05, -9.85401711659506e-05, -0.00028662069234997034, -4.57116266261437e-06, -0.000501238857395947, 9.505281923338771e-05, -0.0001936932821990922], [0.0003675430198200047, 0.0030151016544550657, 0.0010403227061033249, -0.0021276359912008047, 0.0014395506586879492, 0.00031958016916178167, -0.0008244982454925776, -2.945398045994807e-05, -0.0006182710640132427, 0.0004633642383851111, -0.0005694011342711747, -7.857744640205055e-05, -0.00045221330947242677], [-0.0005819825455546379, 0.0010403227061033249, 0.004924756474792957, -0.0003062904579564929, -0.0017035858472809196, -0.00028112728614360094, -0.0007331089000217617, -0.00011326435196679085, 0.0010401454055681825, -0.00038185567245818675, 0.0022428210359066725, -0.00010361907334299758, -0.001003603101707995], [-0.0005096672684885561, -0.0021276359912008047, -0.0003062904579564929, 0.00870457198470831, -0.00251472438685596, -0.0035404174122959375, 0.002856287406757474, 0.0007043402874842286, -0.002267447765916586, 0.002128165913745761, 3.1633011531084776e-05, 0.0007075289613567293, -0.001428817049600184], [0.00045391431194730103, 0.0014395506586879492, -0.0017035858472809196, -0.00251472438685596, 0.010544244199991226, -0.0032291177194565535, -0.0007181859691627324, 0.00255589559674263, -0.0008081631385721266, -0.003811032511293888, 0.0005394277395680547, 0.0004010154807474464, 0.0002020477841142565], [-0.00032998996903188527, 0.00031958016916178167, -0.00028112728614360094, -0.0035404174122959375, -0.0032291177194565535, 0.015637284144759178, -0.005985744297504425, -0.0023503394331783056, 0.0034390429500490427, -0.0037006214261054993, 0.0004683404986280948, -4.045772584504448e-05, 0.0012763622216880322], [-8.635833364678547e-05, -0.0008244982454925776, -0.0007331089000217617, 0.002856287406757474, -0.0007181859691627324, -0.005985744297504425, 0.013715021312236786, -0.005497461650520563, -0.005518301855772734, 0.006242450326681137, -0.0025478361640125513, -0.0008063733694143593, -0.00031382692395709455], [-9.85401711659506e-05, -2.945398045994807e-05, -0.00011326435196679085, 0.0007043402874842286, 0.00255589559674263, -0.0023503394331783056, -0.005497461650520563, 0.01545688509941101, -0.005711158271878958, -0.0010298433480784297, 6.869141361676157e-05, -0.0002716277085710317, 0.00010880164336413145], [-0.00028662069234997034, -0.0006182710640132427, 0.0010401454055681825, -0.002267447765916586, -0.0008081631385721266, 0.0034390429500490427, -0.005518301855772734, -0.005711158271878958, 0.023324035108089447, -0.013318107463419437, 0.0009401208371855319, 0.0004499779315665364, -0.0024573884438723326], [-4.57116266261437e-06, 0.0004633642383851111, -0.00038185567245818675, 0.002128165913745761, -0.003811032511293888, -0.0037006214261054993, 0.006242450326681137, -0.0010298433480784297, -0.013318107463419437, 0.026051713153719902, -0.011552835814654827, 0.00016634634812362492, -5.495559162227437e-05], [-0.000501238857395947, -0.0005694011342711747, 0.0022428210359066725, 3.1633011531084776e-05, 0.0005394277395680547, 0.0004683404986280948, -0.0025478361640125513, 6.869141361676157e-05, 0.0009401208371855319, -0.011552835814654827, 0.024766908958554268, -0.012913600541651249, 0.0024713363964110613], [9.505281923338771e-05, -7.857744640205055e-05, -0.00010361907334299758, 0.0007075289613567293, 0.0004010154807474464, -4.045772584504448e-05, -0.0008063733694143593, -0.0002716277085710317, 0.0004499779315665364, 0.00016634634812362492, -0.012913600541651249, 0.02495724707841873, -0.010984794236719608], [-0.0001936932821990922, -0.00045221330947242677, -0.001003603101707995, -0.001428817049600184, 0.0002020477841142565, 0.0012763622216880322, -0.00031382692395709455, 0.00010880164336413145, -0.0024573884438723326, -5.495559162227437e-05, 0.0024713363964110613, -0.010984794236719608, 0.017368623986840248]], "metadata.audio_properties.analysis.downmix": "mix", "metadata.audio_properties.codec": "mp3", "metadata.audio_properties.md5_encoded": "74db78337663d2edec14534d1db72c7f", "metadata.tags.file_name": "1183704792409849886.mp3", "metadata.version.essentia": "2.1-beta6-dev", "metadata.version.essentia_git_sha": "v2.1_beta5-1110-g77a6a954", "metadata.version.extractor": "music 2.0", "tonal.chords_key": "C#", "tonal.chords_scale": "major", "tonal.key_edma.key": "C#", "tonal.key_edma.s