{"song_id": "1183688717672648754", "download": "https://cdn.discordapp.com/attachments/1135911532732108921/1183688717672648754/chirp.mp4?ex=65893f06&amp", "lyrics": "[verse]\nFier d'\u00eatre Mubembe, je le proclame haut et fort,\nMon c\u0153ur bat au rythme de ce nom si pr\u00e9cieux,\nUne identit\u00e9 qui me lie \u00e0 mes anc\u00eatres, \u00e0 mon sort,\nMubembe, un h\u00e9ritage qui rend ma vie si pr\u00e9cieuse.\n[chorus]\nDans les veines de ma lign\u00e9e, coule la force des a\u00een\u00e9s,\nLeurs histoires, leurs combats, leur courage sans fin,\nJe me sens port\u00e9 par leur \u00e9nergie, par leur \ndignit\u00e9,\nFier d'\u00eatre Mubembe, je suis le fruit de leur destin.", "style": ["hymne national rondeau rapide"], "essentia_features": {"lowlevel.average_loudness": 0.7924392819404602, "lowlevel.barkbands_crest.mean": 11.049787521362305, "lowlevel.barkbands_crest.stdev": 2.2689425945281982, "lowlevel.barkbands_flatness_db.mean": 0.3122465908527374, "lowlevel.barkbands_flatness_db.stdev": 0.040556471794843674, "lowlevel.barkbands_kurtosis.mean": 4.7677202224731445, "lowlevel.barkbands_kurtosis.stdev": 4.098310470581055, "lowlevel.barkbands_skewness.mean": 1.927666187286377, "lowlevel.barkbands_skewness.stdev": 0.6951336860656738, "lowlevel.barkbands_spread.mean": 5.798553943634033, "lowlevel.barkbands_spread.stdev": 2.3952796459198, "lowlevel.dissonance.mean": 0.39071640372276306, "lowlevel.dissonance.stdev": 0.04429478943347931, "lowlevel.dynamic_complexity": 2.057417631149292, "lowlevel.erbbands_crest.mean": 14.81251335144043, "lowlevel.erbbands_crest.stdev": 4.148176670074463, "lowlevel.erbbands_flatness_db.mean": 0.3366335332393646, "lowlevel.erbbands_flatness_db.stdev": 0.030679484829306602, "lowlevel.erbbands_kurtosis.mean": -0.016325078904628754, "lowlevel.erbbands_kurtosis.stdev": 1.1627721786499023, "lowlevel.erbbands_skewness.mean": 0.685462474822998, "lowlevel.erbbands_skewness.stdev": 0.5191364884376526, "lowlevel.erbbands_spread.mean": 17.371103286743164, "lowlevel.erbbands_spread.stdev": 3.918942928314209, "lowlevel.hfc.mean": 11.194192886352539, "lowlevel.hfc.stdev": 6.918245792388916, "lowlevel.loudness_ebu128.integrated": -16.069408416748047, "lowlevel.loudness_ebu128.loudness_range": 3.762125015258789, "lowlevel.loudness_ebu128.momentary.mean": -16.591278076171875, "lowlevel.loudness_ebu128.momentary.stdev": 2.1153435707092285, "lowlevel.loudness_ebu128.short_term.mean": -16.268089294433594, "lowlevel.loudness_ebu128.short_term.stdev": 1.3485642671585083, "lowlevel.melbands_crest.mean": 23.018173217773438, "lowlevel.melbands_crest.stdev": 5.499515056610107, "lowlevel.melbands_flatness_db.mean": 0.3752380907535553, "lowlevel.melbands_flatness_db.stdev": 0.045996375381946564, "lowlevel.melbands_kurtosis.mean": 8.291144371032715, "lowlevel.melbands_kurtosis.stdev": 6.380166053771973, "lowlevel.melbands_skewness.mean": 2.458714008331299, "lowlevel.melbands_skewness.stdev": 0.8851139545440674, "lowlevel.melbands_spread.mean": 7.798118591308594, "lowlevel.melbands_spread.stdev": 4.04931116104126, "lowlevel.pitch_salience.mean": 0.3969070613384247, "lowlevel.pitch_salience.stdev": 0.12690624594688416, "lowlevel.silence_rate_20dB.mean": 1.0, "lowlevel.silence_rate_20dB.stdev": 0.0, "lowlevel.silence_rate_30dB.mean": 0.9924681186676025, "lowlevel.silence_rate_30dB.stdev": 0.08645777404308319, "lowlevel.silence_rate_60dB.mean": 0.01332560833543539, "lowlevel.silence_rate_60dB.stdev": 0.11466410011053085, "lowlevel.spectral_centroid.mean": 505.3637390136719, "lowlevel.spectral_centroid.stdev": 142.19497680664062, "lowlevel.spectral_complexity.mean": 10.812862396240234, "lowlevel.spectral_complexity.stdev": 3.2184457778930664, "lowlevel.spectral_decrease.mean": -6.370391325560831e-09, "lowlevel.spectral_decrease.stdev": 4.421013777289318e-09, "lowlevel.spectral_energy.mean": 0.02505870722234249, "lowlevel.spectral_energy.stdev": 0.017291653901338577, "lowlevel.spectral_energyband_high.mean": 1.1810013347712811e-05, "lowlevel.spectral_energyband_high.stdev": 1.4319897672976367e-05, "lowlevel.spectral_energyband_low.mean": 0.0008565655443817377, "lowlevel.spectral_energyband_low.stdev": 0.001437275786884129, "lowlevel.spectral_energyband_middle_high.mean": 0.0029120633844286203, "lowlevel.spectral_energyband_middle_high.stdev": 0.0020795981399714947, "lowlevel.spectral_energyband_middle_low.mean": 0.021773425862193108, "lowlevel.spectral_energyband_middle_low.stdev": 0.015650304034352303, "lowlevel.spectral_entropy.mean": 6.156346797943115, "lowlevel.spectral_entropy.stdev": 0.38677266240119934, "lowlevel.spectral_flux.mean": 0.027076277881860733, "lowlevel.spectral_flux.stdev": 0.017567314207553864, "lowlevel.spectral_kurtosis.mean": 26.99108123779297, "lowlevel.spectral_kurtosis.stdev": 15.195880889892578, "lowlevel.spectral_rms.mean": 0.004694092087447643, "lowlevel.spectral_rms.stdev": 0.0015533794648945332, "lowlevel.spectral_rolloff.mean": 731.6670532226562, "lowlevel.spectral_rolloff.stdev": 315.8448791503906, "lowlevel.spectral_skewness.mean": 3.4018020629882812, "lowlevel.spectral_skewness.stdev": 1.109492301940918, "lowlevel.spectral_spread.mean": 1821452.75, "lowlevel.spectral_spread.stdev": 418993.65625, "lowlevel.spectral_strongpeak.mean": 1.4501218795776367, "lowlevel.spectral_strongpeak.stdev": 0.5181354880332947, "lowlevel.zerocrossingrate.mean": 0.023088688030838966, "lowlevel.zerocrossingrate.stdev": 0.0073755402117967606, "metadata.audio_properties.analysis.equal_loudness": 0.0, "metadata.audio_properties.analysis.length": 40.04265213012695, "metadata.audio_properties.analysis.sample_rate": 44100.0, "metadata.audio_properties.analysis.start_time": 0.0, "metadata.audio_properties.bit_rate": 87722.0, "metadata.audio_properties.length": 40.042667388916016, "metadata.audio_properties.lossless": 0.0, "metadata.audio_properties.number_channels": 1.0, "metadata.audio_properties.replay_gain": -11.605230331420898, "metadata.audio_properties.sample_rate": 48000.0, "rhythm.beats_count": 72.0, "rhythm.beats_loudness.mean": 0.036496538668870926, "rhythm.beats_loudness.stdev": 0.020398041233420372, "rhythm.bpm": 109.51729583740234, "rhythm.bpm_histogram_first_peak_bpm": 110.0, "rhythm.bpm_histogram_first_peak_weight": 0.4705882668495178, "rhythm.bpm_histogram_second_peak_bpm": 115.0, "rhythm.bpm_histogram_second_peak_spread": 0.0, "rhythm.bpm_histogram_second_peak_weight": 0.028169013559818268, "rhythm.danceability": 1.0019378662109375, "rhythm.onset_rate": 3.62007474899292, "tonal.chords_changes_rate": 0.0416666679084301, "tonal.chords_number_rate": 0.005787036847323179, "tonal.chords_strength.mean": 0.40118885040283203, "tonal.chords_strength.stdev": 0.03834553435444832, "tonal.hpcp_crest.mean": 31.936851501464844, "tonal.hpcp_crest.stdev": 6.5244269371032715, "tonal.hpcp_entropy.mean": 0.3878944516181946, "tonal.hpcp_entropy.stdev": 0.4785138964653015, "tonal.key_edma.strength": 0.618294358253479, "tonal.key_krumhansl.strength": 0.6059778332710266, "tonal.key_temperley.strength": 0.5788825750350952, "tonal.tuning_diatonic_strength": 0.42321449518203735, "tonal.tuning_equal_tempered_deviation": 0.014768813736736774, "tonal.tuning_frequency": 437.9714660644531, "tonal.tuning_nontempered_energy_ratio": 0.6261246204376221, "lowlevel.barkbands.mean": [1.302849000239803e-06, 6.95046765031293e-05, 0.0002992076042573899, 0.0006613004952669144, 0.007610610220581293, 0.009798919782042503, 0.000667450251057744, 0.002167120110243559, 0.0008435118943452835, 0.00018687499687075615, 0.00027487732586450875, 0.0019115422619506717, 8.07708638603799e-05, 0.00012957303260918707, 0.00018256291514262557, 3.489325536065735e-05, 8.498939132550731e-05, 2.1660924176103435e-05, 1.7023334294208325e-05, 7.63445768825477e-06, 4.271050784154795e-06, 1.3424405551631935e-06, 1.6527054640391725e-06, 1.1341654726493289e-07, 1.3374874541227655e-09, 1.2311460739766744e-09, 1.1957660417394322e-09], "lowlevel.barkbands.stdev": [1.6030173810577253e-06, 0.0002452781773172319, 0.0005208520451560616, 0.0011870269663631916, 0.006196408998221159, 0.007774437312036753, 0.0015107617946341634, 0.0021093981340527534, 0.000900298182386905, 0.00025493561406619847, 0.00034478007000871, 0.0016232648631557822, 0.00014273036504164338, 0.0001423301437171176, 0.00017574413504917175, 3.9860988181317225e-05, 0.00010403068881714717, 3.1098701583687216e-05, 1.8831895431503654e-05, 1.0891814781643916e-05, 4.948939476889791e-06, 1.6801103583929944e-06, 2.5618833205953706e-06, 1.842589938405581e-07, 5.729091423489763e-09, 3.7111134165712656e-09, 1.6755621334851867e-09], "lowlevel.erbbands.mean": [0.0010205436265096068, 0.022040415555238724, 0.22951795160770416, 1.770026445388794, 2.183176040649414, 15.053595542907715, 152.67030334472656, 24.504758834838867, 10.045135498046875, 12.0970458984375, 57.867671966552734, 17.39519500732422, 16.363298416137695, 8.099609375, 28.14923667907715, 83.14330291748047, 7.834409713745117, 8.156249046325684, 9.245658874511719, 4.207560062408447, 3.371762990951538, 3.9821677207946777, 1.4668221473693848, 0.6111389994621277, 1.0044447183609009, 0.445482075214386, 0.25884515047073364, 0.0913921371102333, 0.056749142706394196, 0.04951855167746544, 0.0370061881840229, 0.012246810831129551, 0.00036218008608557284, 4.824195639230311e-05, 2.644983760546893e-05, 1.8099064618581906e-05, 9.872841474134475e-06, 2.24288783101656e-06, 1.2115542631363496e-05, 2.8151940568932332e-05], "lowlevel.erbbands.stdev": [0.00374523364007473, 0.06775762885808945, 0.4156213104724884, 3.0715317726135254, 3.923609733581543, 12.309043884277344, 124.71302032470703, 18.482568740844727, 16.63616371154785, 26.383283615112305, 57.48340606689453, 15.721620559692383, 17.226001739501953, 9.470808982849121, 22.79800033569336, 75.77987670898438, 8.19986629486084, 8.933001518249512, 9.182236671447754, 4.467435359954834, 3.3922479152679443, 4.751272201538086, 2.2004666328430176, 0.63136225938797, 1.2172319889068604, 0.6089268326759338, 0.30464082956314087, 0.10943690687417984, 0.0696561187505722, 0.07257065922021866, 0.05222644284367561, 0.022829465568065643, 0.0006234864122234285, 7.746215851511806e-05, 4.621185871656053e-05, 3.002761150128208e-05, 7.465886938007316e-06, 1.6602461982984096e-06, 8.234834240283817e-06, 1.9291155695100315e-05], "lowlevel.gfcc.mean": [-131.0621795654297, 197.13778686523438, -176.4419403076172, -13.968589782714844, -60.35988235473633, -36.487693786621094, -22.269248962402344, -48.21259689331055, -10.353513717651367, -28.68156623840332, -3.876234292984009, -4.582361698150635, -6.223796844482422], "lowlevel.melbands.mean": [1.4561406715074554e-05, 0.00011343101505190134, 0.0002875738136935979, 0.00039959291461855173, 0.004264980088919401, 0.0007870997651480138, 0.00014616639236919582, 0.00016733423399273306, 0.00041966541903093457, 0.00011183796596014872, 8.405818516621366e-05, 2.8798624043702148e-05, 5.8483237808104604e-05, 0.0002365048712817952, 7.873843424022198e-05, 1.1567069122975226e-05, 1.3788726391794626e-05, 1.2690402400039602e-05, 1.1575165444810409e-05, 2.2832234662928386e-06, 4.607773007592186e-06, 4.961147624271689e-06, 1.970833181985654e-06, 8.682421253070061e-07, 4.152282997438306e-07, 6.60307819089212e-07, 5.377480079005181e-07, 2.7022130666409794e-07, 1.3946767296602047e-07, 1.1037342062536482e-07, 3.9251471406487326e-08, 3.261089176476162e-08, 2.3773447210828635e-08, 3.072614873644852e-08, 1.9271841011914148e-08, 2.3132114890245248e-08, 1.2619533196200905e-09, 2.3151298586543412e-11, 1.474558149194838e-11, 1.2432698967557165e-11], "lowlevel.melbands.stdev": [5.431069803307764e-05, 0.00019370834343135357, 0.0004763388424180448, 0.0003731195174623281, 0.003478208789601922, 0.000597074453253299, 0.0002668188826646656, 0.0002515395462978631, 0.0004218561516609043, 0.00011441374226706102, 8.875392086338252e-05, 4.010272823506966e-05, 5.6550903536845e-05, 0.00019679190882015973, 7.99057015683502e-05, 1.4883207768434659e-05, 1.539976983622182e-05, 1.3111837688484229e-05, 1.096136293199379e-05, 3.7142474411666626e-06, 5.117019099998288e-06, 6.210166702658171e-06, 3.491456027404638e-06, 1.3148436437404598e-06, 4.2793476495717186e-07, 7.636925829501706e-07, 6.597523452001042e-07, 4.2459060978217167e-07, 1.7154394527096883e-07, 1.310068142856835e-07, 5.350346299337616e-08, 4.292015631790491e-08, 3.234352163872245e-08, 4.9292733450556625e-08, 2.5963515781768365e-08, 4.521712426708291e-08, 2.017655154062936e-09, 2.2545709743582165e-10, 7.920331751565257e-11, 5.28131358090711e-11], "lowlevel.melbands128.mean": [4.705526635007118e-07, 2.957757487820345e-06, 2.0575596863636747e-05, 3.6385510611580685e-05, 4.857536987401545e-05, 0.00018977942818310112, 0.0004241287533659488, 0.00024004685110412538, 0.0002239157329313457, 9.686178964329883e-05, 0.00016687644529156387, 0.0033287741243839264, 0.0077991061843931675, 0.0022803968749940395, 0.00012027133197989315, 0.00020195475372020155, 0.00014301789633464068, 0.00015381940465886146, 0.00010875520092668012, 0.0001223777508130297, 7.439257751684636e-05, 0.0006150409462861717, 0.0006229002610780299, 2.5418781660846435e-05, 1.4293876120063942e-05, 0.00018491091032046825, 0.0002385156403761357, 1.831705594668165e-05, 9.939477422449272e-06, 5.3977819334249943e-05, 1.9958057237090543e-05, 1.2581640476128086e-05, 6.121693877503276e-05, 6.137159653007984e-05, 0.0001746500638546422, 0.0003512763069011271, 0.0002850573800969869, 6.866007879580138e-06, 7.184920377767412e-06, 3.746158199646743e-06, 4.452509074326372e-06, 3.844879393000156e-05, 1.1252111107751261e-05, 5.936420166108292e-06, 4.6388013288378716e-06, 1.1953776265727356e-05, 2.71738063020166e-05, 1.2607628377736546e-05, 4.868237738264725e-06, 3.482282636468881e-06, 1.4635928664574749e-06, 9.772886642167578e-07, 5.0706430556601845e-06, 3.4855625017371494e-06, 1.016422720567789e-05, 4.181701115157921e-06, 2.285124310219544e-06, 2.6253087526129093e-06, 1.5296064930225839e-06, 1.1488621112221153e-06, 8.253619512288424e-07, 8.89611101229093e-07, 1.8548784908034577e-07, 4.4863668335892726e-07, 4.6515705776073446e-07, 2.3972845042408153e-07, 1.3339058568817563e-06, 7.679871600885235e-07, 3.3006142530211946e-07, 1.5622511284618668e-07, 4.485886790916993e-07, 1.7308518351910607e-07, 8.920311245219636e-08, 7.808235835682353e-08, 3.288830328074255e-07, 8.665217876568931e-08, 4.364758510178035e-08, 4.2232027652744364e-08, 4.985866652873483e-08, 2.130273024647522e-08, 3.334308473768033e-08, 4.132041553361887e-08, 2.2951264000425908e-08, 2.5108427337272587e-08, 1.8758596453949394e-08, 2.7765903354293187e-08, 4.353334048801116e-08, 1.8851924465934644e-08, 1.905014457292964e-08, 1.625136292204843e-08, 2.4634717377125526e-08, 3.3835295454309744e-08, 1.9638666248766867e-09, 3.4085654437854274e-11, 1.8717728755834884e-11, 1.9655313834854304e-11, 3.0451769578165866e-11, 1.663322084233254e-11, 1.4930473524188415e-11, 1.3011296901010994e-11, 1.322619010840631e-11, 1.2310462545184198e-11, 1.1663217266977277e-11, 1.0636040659317558e-11, 1.0974755826342886e-11, 1.0416753397357592e-11, 9.887374773087654e-12, 9.19337349303273e-12, 9.611214601967788e-12, 9.497853024897918e-12, 8.08767983140335e-12, 6.982224694251915e-12, 6.571701949981135e-12, 6.341994637781845e-12, 6.130213957983299e-12, 5.935592295447378e-12, 5.755597821260894e-12, 5.591411448430117e-12, 5.446687371957193e-12, 5.304405786138444e-12, 5.175711855626153e-12, 5.0670479097292276e-12, 4.974188162060189e-12, 4.8874662997300256e-12, 4.786861879102489e-12, 4.673098279867061e-12, 4.602534933034752e-12, 4.573291398357604e-12], "lowlevel.melbands128.stdev": [7.527737579948734e-07, 1.1293878742435481e-05, 8.989273192128167e-05, 0.00012328791490290314, 0.00015507078205700964, 0.0003236226039007306, 0.0007565182168036699, 0.000445306213805452, 0.0005016386858187616, 0.00021135561109986156, 0.00024445660528726876, 0.0027171887923032045, 0.006385050248354673, 0.0018723950488492846, 0.00015667233674321324, 0.00034679571399465203, 0.0002667556400410831, 0.0003912558895535767, 0.0002857275540009141, 0.00048001762479543686, 0.0001328379730693996, 0.0006158057949505746, 0.000649805529974401, 5.047806189395487e-05, 6.412981019821018e-05, 0.00019682064885273576, 0.00027559688896872103, 2.5924375222530216e-05, 1.718194835120812e-05, 8.087354217423126e-05, 2.8932563509442843e-05, 4.247567630955018e-05, 8.120811980916187e-05, 6.989559915382415e-05, 0.00025859533343464136, 0.0003235446638427675, 0.0003049902734346688, 1.860588054114487e-05, 3.330070830998011e-05, 1.4927697520761285e-05, 5.528575456992257e-06, 5.0312504754401743e-05, 1.3724662494496442e-05, 9.831507668423e-06, 1.4193608876666985e-05, 1.409697415510891e-05, 3.294878115411848e-05, 1.8562239347374998e-05, 6.252038929233095e-06, 1.1879002158821095e-05, 1.9027428379558842e-06, 1.0629491953295656e-06, 7.268438366736518e-06, 4.663511845137691e-06, 1.5716301277279854e-05, 7.330517746595433e-06, 4.1794473872869276e-06, 7.016776180535089e-06, 2.840915840351954e-06, 3.201751496817451e-06, 1.373653390146501e-06, 1.4787293594054063e-06, 3.517861557611468e-07, 4.84298709579889e-07, 5.271037366583187e-07, 3.8351296893779363e-07, 1.843838390414021e-06, 1.029390659823548e-06, 5.601692123491375e-07, 2.668839158559422e-07, 8.143992999976035e-07, 2.8294124376770924e-07, 1.452752513841915e-07, 1.299783463082349e-07, 4.047162747156108e-07, 1.2957312378603092e-07, 6.779806227541485e-08, 6.879907488155368e-08, 7.612091934561249e-08, 3.6790162027955375e-08, 5.230065980299514e-08, 5.829016203051651e-08, 3.120359792774252e-08, 3.908006362962624e-08, 2.834329926315604e-08, 5.2586674570420655e-08, 7.565943604959102e-08, 2.918742580959588e-08, 2.8471347945924208e-08, 2.278782496034637e-08, 4.7542471293127164e-08, 7.048782180163471e-08, 3.2649141168406004e-09, 2.547506372518882e-10, 6.000792224236662e-11, 1.2686585115773141e-10, 4.530189556817277e-10, 1.028768112365519e-10, 1.0675773459700721e-10, 4.3634134500036836e-11, 6.652665918149836e-11, 4.968952679873517e-11, 4.942898174098431e-11, 3.457706343468203e-11, 5.880758380261142e-11, 5.700842228839598e-11, 5.111355783071758e-11, 3.9494959386265904e-11, 5.948685294354661e-11, 6.600713031712502e-11, 3.3589964143487805e-11, 1.1443466833849225e-11, 9.22551791904258e-12, 8.901247794401712e-12, 8.601199613655908e-12, 8.320686153973078e-12, 8.063574113981176e-12, 7.827925807557534e-12, 7.615046614117826e-12, 7.418524128333104e-12, 7.2396329382773406e-12, 7.0829336319688796e-12, 6.943939780817976e-12, 6.826632141521127e-12, 6.7290079758253185e-12, 6.650416328746189e-12, 6.592123982102072e-12, 6.556540466801097e-12], "lowlevel.mfcc.mean": [-758.4644165039062, 226.87277221679688, -55.99380874633789, 14.038000106811523, -33.99571228027344, 4.924103736877441, -27.057619094848633, -5.624326229095459, -28.18404197692871, -12.19432258605957, -19.478864669799805, -8.194550514221191, -1.5187132358551025], "lowlevel.spectral_contrast_coeffs.mean": [-0.4804557263851166, -0.6558486819267273, -0.6551782488822937, -0.7642345428466797, -0.7763361930847168, -0.6877410411834717], "lowlevel.spectral_contrast_coeffs.stdev": [0.10279452055692673, 0.06118866801261902, 0.05099190026521683, 0.039545007050037384, 0.026790417730808258, 0.06783171743154526], "lowlevel.spectral_contrast_valleys.mean": [-8.148837089538574, -7.574285507202148, -7.828671932220459, -8.526263236999512, -9.17503833770752, -14.047737121582031], "lowlevel.spectral_contrast_valleys.stdev": [0.9206811189651489, 0.7025899887084961, 0.6569597125053406, 0.5586794018745422, 0.6651351451873779, 0.9198613166809082], "rhythm.beats_loudness_band_ratio.mean": [0.061119649559259415, 0.6068268418312073, 0.17019760608673096, 0.14746029675006866, 0.025247808545827866, 0.0020508388988673687], "rhythm.beats_loudness_band_ratio.stdev": [0.05062149837613106, 0.19502626359462738, 0.16398218274116516, 0.07054490596055984, 0.01432869490236044, 0.0010475597810000181], "tonal.hpcp.mean": [0.06187328323721886, 0.046126771718263626, 0.0022623129189014435, 0.0026287527289241552, 0.0017983394209295511, 0.014020590111613274, 0.04302072897553444, 0.03122411109507084, 0.014188635163009167, 0.016491785645484924, 0.00418311869725585, 0.01985345594584942, 0.06063205376267433, 0.04246652126312256, 0.4420238137245178, 0.9418801069259644, 0.5071567296981812, 0.006980292033404112, 0.003049094695597887, 0.002181143267080188, 0.002707177307456732, 0.008398797363042831, 0.006643274333328009, 0.0013470452977344394, 0.0013256248785182834, 0.001398859079927206, 0.03743019700050354, 0.06603401899337769, 0.030305679887533188, 0.02217850275337696, 0.04196512699127197, 0.021248342469334602, 0.002650994574651122, 0.007009298540651798, 0.005667112302035093, 0.017415296286344528], "tonal.hpcp.stdev": [0.1626783013343811, 0.11855348199605942, 0.007040948607027531, 0.00402130326256156, 0.0025947238318622112, 0.0558474138379097, 0.1791340708732605, 0.12412002682685852, 0.03268053010106087, 0.054821182042360306, 0.025360198691487312, 0.06015661358833313, 0.15704767405986786, 0.09959347546100616, 0.11972926557064056, 0.2201700657606125, 0.13156157732009888, 0.023790324106812477, 0.014023524709045887, 0.010069566778838634, 0.015595062635838985, 0.05470867082476616, 0.04236001893877983, 0.0035324455238878727, 0.004429625812917948, 0.015673579648137093, 0.05564813315868378, 0.09644070267677307, 0.05294480919837952, 0.05936252325773239, 0.1101839691400528, 0.05408504232764244, 0.010626283474266529, 0.04180340841412544, 0.03533140569925308, 0.047496069222688675], "rhythm.beats_position": [0.5572788715362549, 1.1145577430725098, 1.6718367338180542, 2.2291154861450195, 2.774784564971924, 3.3320634365081787, 3.877732276916504, 4.435011386871338, 5.015510082244873, 5.572789192199707, 6.130067825317383, 6.687346935272217, 7.233015537261963, 7.778684616088867, 8.335963249206543, 8.893242835998535, 9.450521469116211, 9.996190071105957, 10.54185962677002, 11.099138259887695, 11.644806861877441, 12.190476417541504, 12.74775505065918, 13.305033683776855, 13.862312316894531, 14.419591903686523, 14.96526050567627, 15.510929107666016, 16.068208694458008, 16.625486373901367, 17.17115592956543, 17.716825485229492, 18.27410316467285, 18.831382751464844, 19.377052307128906, 19.922719955444336, 20.479999542236328, 21.02566909790039, 21.57133674621582, 22.128616333007812, 22.685895919799805, 23.243173599243164, 23.788843154907227, 24.33451271057129, 24.88018035888672, 25.42584991455078, 25.971519470214844, 26.517187118530273, 27.074466705322266, 27.6085262298584, 28.154193878173828, 28.69986343383789, 29.245532989501953, 29.791200637817383, 30.325260162353516, 30.870929718017578, 31.416597366333008, 31.96226692199707, 32.5079345703125, 33.05360412597656, 33.599273681640625, 34.14494323730469, 34.69061279296875, 35.22467041015625, 35.75872802734375, 36.30439758300781, 36.850067138671875, 37.384124755859375, 37.91818618774414, 38.45224380493164, 38.974693298339844, 39.49714279174805], "rhythm.bpm_histogram": [0.0, 0.0, 0.0, 0.0, 0.0, 0.0, 0.0, 0.0, 0.0, 0.0, 0.0, 0.0, 0.0, 0.0, 0.0, 0.0, 0.0, 0.0, 0.0, 0.0, 0.0, 0.0, 0.0, 0.0, 0.0, 0.0, 0.0, 0.0, 0.0, 0.0, 0.0, 0.0, 0.0, 0.0, 0.0, 0.0, 0.0, 0.0, 0.0, 0.0, 0.0, 0.0, 0.0, 0.0, 0.0, 0.0, 0.0, 0.0, 0.0, 0.0, 0.0, 0.0, 0.0, 0.0, 0.0, 0.0, 0.0, 0.0, 0.0, 0.0, 0.0, 0.0, 0.0, 0.0, 0.0, 0.0, 0.0, 0.0, 0.0, 0.0, 0.0, 0.0, 0.0, 0.0, 0.0, 0.0, 0.0, 0.0, 0.0, 0.0, 0.0, 0.0, 0.0, 0.0, 0.0, 0.0, 0.0, 0.0, 0.0, 0.0, 0.0, 0.0, 0.0, 0.0, 0.0, 0.0, 0.0, 0.0, 0.0, 0.0, 0.0, 0.0, 0.0, 0.014084506779909134, 0.0, 0.0, 0.0, 0.0, 0.35211268067359924, 0.0, 0.5070422291755676, 0.0, 0.09859155118465424, 0.0, 0.0, 0.028169013559818268, 0.0, 0.0, 0.0, 0.0, 0.0, 0.0, 0.0, 0.0, 0.0, 0.0, 0.0, 0.0, 0.0, 0.0, 0.0, 0.0, 0.0, 0.0, 0.0, 0.0, 0.0, 0.0, 0.0, 0.0, 0.0, 0.0, 0.0, 0.0, 0.0, 0.0, 0.0, 0.0, 0.0, 0.0, 0.0, 0.0, 0.0, 0.0, 0.0, 0.0, 0.0, 0.0, 0.0, 0.0, 0.0, 0.0, 0.0, 0.0, 0.0, 0.0, 0.0, 0.0, 0.0, 0.0, 0.0, 0.0, 0.0, 0.0, 0.0, 0.0, 0.0, 0.0, 0.0, 0.0, 0.0, 0.0, 0.0, 0.0, 0.0, 0.0, 0.0, 0.0, 0.0, 0.0, 0.0, 0.0, 0.0, 0.0, 0.0, 0.0, 0.0, 0.0, 0.0, 0.0, 0.0, 0.0, 0.0, 0.0, 0.0, 0.0, 0.0, 0.0, 0.0, 0.0, 0.0, 0.0, 0.0, 0.0, 0.0, 0.0, 0.0, 0.0, 0.0, 0.0, 0.0, 0.0, 0.0, 0.0, 0.0, 0.0, 0.0, 0.0, 0.0, 0.0, 0.0, 0.0, 0.0, 0.0, 0.0, 0.0, 0.0, 0.0, 0.0, 0.0, 0.0, 0.0, 0.0, 0.0, 0.0, 0.0, 0.0, 0.0, 0.0, 0.0], "tonal.chords_histogram": [0.0, 0.0, 0.0, 0.0, 0.0, 0.0, 0.0, 32.407405853271484, 46.875, 17.36111068725586, 1.1574074029922485, 2.1990740299224854, 0.0, 0.0, 0.0, 0.0, 0.0, 0.0, 0.0, 0.0, 0.0, 0.0, 0.0, 0.0], "tonal.thpcp": [1.0, 0.5384514927864075, 0.007411019876599312, 0.0032372428104281425, 0.0023157333489507437, 0.0028742270078510046, 0.008917056024074554, 0.007053205743432045, 0.00143016641959548, 0.001407424220815301, 0.0014851774321869016, 0.03973987326025963, 0.07010873407125473, 0.03217573091387749, 0.023547055199742317, 0.04455463960766792, 0.022559497505426407, 0.0028145774267613888, 0.007441815920174122, 0.006016808561980724, 0.018489928916096687, 0.0656912550330162, 0.04897308349609375, 0.002401911886408925, 0.002790963277220726, 0.0019093082519248128, 0.01488574780523777, 0.045675378292798996, 0.03315083310008049, 0.015064163133502007, 0.01750943250954151, 0.004441243130713701, 0.02107853814959526, 0.0643734335899353, 0.045086972415447235, 0.46929943561553955], "lowlevel.gfcc.cov": [[2893.88037109375, 277.97259521484375, 131.0948944091797, 601.2019653320312, 31.17325782775879, 256.8266296386719, 58.06690216064453, -94.71853637695312, -77.07598114013672, -284.59381103515625, 92.95262908935547, -117.72636413574219, -33.86381530761719], [277.97259521484375, 311.0848693847656, 205.46218872070312, -2.644888401031494, 85.65675354003906, -27.28852081298828, 2.394562005996704, -5.477560043334961, -14.197779655456543, -25.035457611083984, -40.966087341308594, -21.864635467529297, -37.36519241333008], [131.0948944091797, 205.46218872070312, 344.7663879394531, 32.2965087890625, 58.25553894042969, 18.200233459472656, -72.26515197753906, -59.79024887084961, -72.50140380859375, -66.082275390625, -55.91999053955078, 2.1956212520599365, 19.71358299255371], [601.2019653320312, -2.644888401031494, 32.2965087890625, 274.2931823730469, 2.9561614990234375, 122.46036529541016, 18.5610294342041, -22.698787689208984, -15.961451530456543, -101.82783508300781, 25.842092514038086, -42.00846862792969, -5.708247661590576], [31.17325782775879, 85.65675354003906, 58.25553894042969, 2.9561614990234375, 84.92784118652344, 2.313786506652832, 9.806524276733398, 17.480667114257812, -5.7093353271484375, 18.09630584716797, -7.3204216957092285, 8.819063186645508, 1.3304872512817383], [256.8266296386719, -27.28852081298828, 18.200233459472656, 122.46036529541016, 2.313786506652832, 107.02078247070312, 11.116691589355469, -26.455034255981445, -18.368038177490234, -58.63455581665039, 11.746002197265625, -15.41944408416748, 9.413788795471191], [58.06690216064453, 2.394562005996704, -72.26515197753906, 18.5610294342041, 9.806524276733398, 11.116691589355469, 78.93639373779297, 64.92892456054688, 42.45457077026367, 37.03261184692383, 26.5306339263916, -3.9726738929748535, -26.434049606323242], [-94.71853637695312, -5.477560043334961, -59.79024887084961, -22.698787689208984, 17.480667114257812, -26.455034255981445, 64.92892456054688, 141.2507781982422, 80.08509826660156, 69.6014633178711, 20.683570861816406, 1.7897425889968872, -33.633670806884766], [-77.07598114013672, -14.197779655456543, -72.50140380859375, -15.961451530456543, -5.7093353271484375, -18.368038177490234, 42.45457077026367, 80.08509826660156, 94.9134750366211, 60.5822868347168, 17.98568344116211, 9.644452095031738, -19.78525161743164], [-284.59381103515625, -25.035457611083984, -66.082275390625, -101.82783508300781, 18.09630584716797, -58.63455581665039, 37.03261184692383, 69.6014633178711, 60.5822868347168, 127.23460388183594, 26.91963768005371, 27.849998474121094, -12.140654563903809], [92.95262908935547, -40.966087341308594, -55.91999053955078, 25.842092514038086, -7.3204216957092285, 11.746002197265625, 26.5306339263916, 20.683570861816406, 17.98568344116211, 26.91963768005371, 59.26325607299805, 12.624221801757812, -6.70985221862793], [-117.72636413574219, -21.864635467529297, 2.1956212520599365, -42.00846862792969, 8.819063186645508, -15.41944408416748, -3.9726738929748535, 1.7897425889968872, 9.644452095031738, 27.849998474121094, 12.624221801757812, 47.569969177246094, 27.40125846862793], [-33.86381530761719, -37.36519241333008, 19.71358299255371, -5.708247661590576, 1.3304872512817383, 9.413788795471191, -26.434049606323242, -33.633670806884766, -19.78525161743164, -12.140654563903809, -6.70985221862793, 27.40125846862793, 70.51207733154297]], "lowlevel.gfcc.icov": [[0.0010502012446522713, -0.0025714540388435125, 0.0012759981909766793, -0.001973624574020505, 0.0013941172510385513, -0.0009106647921726108, 0.0010046843672171235, -0.0007152737234719098, 0.0012279953807592392, 0.00011570206697797403, -0.001722444430924952, -0.00011083115532528609, -0.0010004028445109725], [-0.0025714540388435125, 0.028634147718548775, -0.018739428371191025, 0.011509866453707218, -0.02441224455833435, 0.019197845831513405, -0.023935673758387566, 0.016841374337673187, -0.02232331968843937, 0.017954515293240547, -0.005234639160335064, 0.01756008341908455, 0.006572700571268797], [0.0012759981909766793, -0.018739428371191025, 0.017953064292669296, -0.008557061664760113, 0.013349547982215881, -0.013697152025997639, 0.020917493849992752, -0.012881569564342499, 0.017799314111471176, -0.012616780586540699, 0.008728078566491604, -0.015969589352607727, -0.0018969522789120674], [-0.001973624574020505, 0.011509866453707218, -0.008557061664760113, 0.018302278593182564, -0.012328567914664745, -0.00010654562356648967, -0.010103273205459118, 0.0068163820542395115, -0.014183050952851772, 0.014651465229690075, -0.009748165495693684, 0.01461115200072527, 0.000673418864607811], [0.0013941172510385513, -0.02441224455833435, 0.013349547982215881, -0.012328567914664745, 0.04018049314618111, -0.018590344116091728, 0.01802387461066246, -0.018731076270341873, 0.02705378830432892, -0.025110768154263496, 0.013555759564042091, -0.022538330405950546, -0.00413495535030961], [-0.0009106647921726108, 0.019197845831513405, -0.013697152025997639, -0.00010654562356648967, -0.018590344116091728, 0.03657558560371399, -0.02474704571068287, 0.01599344238638878, -0.01700388453900814, 0.019212661311030388, -0.0090032909065485, 0.014711551368236542, -0.0006611681310459971], [0.0010046843672171235, -0.023935673758387566, 0.020917493849992752, -0.010103273205459118, 0.01802387461066246, -0.02474704571068287, 0.053214699029922485, -0.025371607393026352, 0.02062324993312359, -0.022300036624073982, 0.006033722311258316, -0.017916293814778328, 0.0014276527799665928], [-0.0007152737234719098, 0.016841374337673187, -0.012881569564342499, 0.0068163820542395115, -0.018731076270341873, 0.01599344238638878, -0.025371607393026352, 0.030734127387404442, -0.026541689410805702, 0.012191676534712315, -0.007696783170104027, 0.016079923138022423, 0.0037713691126555204], [0.0012279953807592392, -0.02232331968843937, 0.017799314111471176, -0.014183050952851772, 0.02705378830432892, -0.01700388453900814, 0.02062324993312359, -0.026541689410805702, 0.048066310584545135, -0.027418596670031548, 0.015809588134288788, -0.026220351457595825, -7.326812919927761e-05], [0.00011570206697797403, 0.017954515293240547, -0.012616780586540699, 0.014651465229690075, -0.025110768154263496, 0.019212661311030388, -0.022300036624073982, 0.012191676534712315, -0.027418596670031548, 0.04338058829307556, -0.021893391385674477, 0.015931610018014908, 0.0011487634619697928], [-0.001722444430924952, -0.005234639160335064, 0.008728078566491604, -0.009748165495693684, 0.013555759564042091, -0.0090032909065485, 0.006033722311258316, -0.007696783170104027, 0.015809588134288788, -0.021893391385674477, 0.04366527125239372, -0.02688875049352646, 0.007977146655321121], [-0.00011083115532528609, 0.01756008341908455, -0.015969589352607727, 0.01461115200072527, -0.022538330405950546, 0.014711551368236542, -0.017916293814778328, 0.016079923138022423, -0.026220351457595825, 0.015931610018014908, -0.02688875049352646, 0.0622495636343956, -0.017049068585038185], [-0.0010004028445109725, 0.006572700571268797, -0.0018969522789120674, 0.000673418864607811, -0.00413495535030961, -0.0006611681310459971, 0.0014276527799665928, 0.0037713691126555204, -7.326812919927761e-05, 0.0011487634619697928, 0.007977146655321121, -0.017049068585038185, 0.027831407263875008]], "lowlevel.mfcc.cov": [[2603.2451171875, 162.00833129882812, -75.91197204589844, 544.019775390625, -98.05501556396484, 424.1400451660156, 4.601065635681152, 362.6385498046875, -222.99241638183594, 184.5028076171875, -175.935546875, 61.49159240722656, -111.88749694824219], [162.00833129882812, 404.45391845703125, 137.09446716308594, 30.930763244628906, 89.35990905761719, -17.46211814880371, -1.0099139213562012, -25.52847671508789, 18.272897720336914, -47.4530029296875, 26.572607040405273, -25.716514587402344, -14.383491516113281], [-75.91197204589844, 137.09446716308594, 211.5949249267578, 32.621883392333984, 68.64141845703125, 46.233245849609375, -12.043871879577637, 4.926914691925049, -11.535738945007324, -44.81929016113281, -45.250247955322266, -45.03466033935547, -46.81814193725586], [544.019775390625, 30.930763244628906, 32.621883392333984, 184.90032958984375, 13.307458877563477, 99.66802215576172, 13.384720802307129, 92.86503601074219, -37.692691802978516, 45.76603317260742, -37.287654876708984, 21.74245262145996, -19.632061004638672], [-98.05501556396484, 89.35990905761719, 68.64141845703125, 13.307458877563477, 91.97359466552734, 14.238473892211914, 6.547420978546143, -11.30502986907959, 13.118919372558594, -24.003740310668945, -15.680296897888184, -18.00707244873047, -4.787682056427002], [424.1400451660156, -17.46211814880371, 46.233245849609375, 99.66802215576172, 14.238473892211914, 189.76080322265625, 13.196200370788574, 64.353759765625, -71.41000366210938, 7.8565897941589355, -92.40362548828125, -35.299190521240234, -50.77491760253906], [4.601065635681152, -1.0099139213562012, -12.043871879577637, 13.384720802307129, 6.547420978546143, 13.196200370788574, 63.537818908691406, 13.135110855102539, -4.989317893981934, 13.998135566711426, 3.2603039741516113, 7.111730575561523, 4.677725791931152], [362.6385498046875, -25.52847671508789, 4.926914691925049, 92.86503601074219, -11.30502986907959, 64.353759765625, 13.135110855102539, 121.00550079345703, -12.225890159606934, 41.6994743347168, -29.27626609802246, 23.258779525756836, -10.749451637268066], [-222.99241638183594, 18.272897720336914, -11.535738945007324, -37.692691802978516, 13.118919372558594, -71.41000366210938, -4.989317893981934, -12.225890159606934, 98.0135269165039, 9.768789291381836, 52.33335876464844, 26.378721237182617, 37.26016616821289], [184.5028076171875, -47.4530029296875, -44.81929016113281, 45.76603317260742, -24.003740310668945, 7.8565897941589355, 13.998135566711426, 41.6994743347168, 9.768789291381836, 78.57707977294922, 25.014484405517578, 39.510902404785156, 9.925901412963867], [-175.935546875, 26.572607040405273, -45.250247955322266, -37.287654876708984, -15.680296897888184, -92.40362548828125, 3.2603039741516113, -29.27626609802246, 52.33335876464844, 25.014484405517578, 150.54151916503906, 67.82682800292969, 48.70054626464844], [61.49159240722656, -25.716514587402344, -45.03466033935547, 21.74245262145996, -18.00707244873047, -35.299190521240234, 7.111730575561523, 23.258779525756836, 26.378721237182617, 39.510902404785156, 67.82682800292969, 94.81952667236328, 46.09535598754883], [-111.88749694824219, -14.383491516113281, -46.81814193725586, -19.632061004638672, -4.787682056427002, -50.77491760253906, 4.677725791931152, -10.749451637268066, 37.26016616821289, 9.925901412963867, 48.70054626464844, 46.09535598754883, 89.03417205810547]], "lowlevel.mfcc.icov": [[0.022582795470952988, -0.030032647773623466, 0.030099311843514442, -0.031724173575639725, 0.02785152941942215, -0.02498507685959339, 0.022723080590367317, -0.02174002304673195, 0.018655475229024887, -0.017947006970643997, 0.016188686713576317, -0.015293841250240803, 0.009047039784491062], [-0.030032647773623466, 0.04418954625725746, -0.04173722490668297, 0.04010758921504021, -0.03926556557416916, 0.03429671749472618, -0.03058627061545849, 0.029244719073176384, -0.024946749210357666, 0.025711746886372566, -0.023836614564061165, 0.02191261388361454, -0.011853734031319618], [0.030099311843514442, -0.04173722490668297, 0.049006737768650055, -0.04297454282641411, 0.033302657306194305, -0.034091126173734665, 0.03186850622296333, -0.03016763925552368, 0.024147409945726395, -0.020738450810313225, 0.021847452968358994, -0.020096996799111366, 0.015070084482431412], [-0.031724173575639725, 0.04010758921504021, -0.04297454282641411, 0.05844620615243912, -0.041430965065956116, 0.03140903636813164, -0.030800871551036835, 0.02468673512339592, -0.022700956091284752, 0.019153835251927376, -0.021139170974493027, 0.01745700091123581, -0.012925544753670692], [0.02785152941942215, -0.03926556557416916, 0.033302657306194305, -0.041430965065956116, 0.05336376279592514, -0.03281646966934204, 0.024431226775050163, -0.023240961134433746, 0.017510125413537025, -0.019338106736540794, 0.02214096300303936, -0.018935810774564743, 0.00961961131542921], [-0.02498507685959339, 0.03429671749472618, -0.034091126173734665, 0.03140903636813164, -0.03281646966934204, 0.04012875258922577, -0.026292040944099426, 0.021501803770661354, -0.015761420130729675, 0.01919662393629551, -0.015195437707006931, 0.019085127860307693, -0.008874249644577503], [0.022723080590367317, -0.03058627061545849, 0.03186850622296333, -0.030800871551036835, 0.024431226775050163, -0.026292040944099426, 0.04060645028948784, -0.02364223450422287, 0.02099592238664627, -0.02124158665537834, 0.015253574587404728, -0.014969229698181152, 0.007900579832494259], [-0.02174002304673195, 0.029244719073176384, -0.03016763925552368, 0.02468673512339592, -0.023240961134433746, 0.021501803770661354, -0.02364223450422287, 0.03834018483757973, -0.021625787019729614, 0.013955220580101013, -0.011778815649449825, 0.010282942093908787, -0.007518753409385681], [0.018655475229024887, -0.024946749210357666, 0.024147409945726395, -0.022700956091284752, 0.017510125413537025, -0.015761420130729675, 0.02099592238664627, -0.021625787019729614, 0.033891912549734116, -0.01937621273100376, 0.011018830351531506, -0.011925285682082176, 0.0034685360733419657], [-0.017947006970643997, 0.025711746886372566, -0.020738450810313225, 0.019153835251927376, -0.019338106736540794, 0.01919662393629551, -0.02124158665537834, 0.013955220580101013, -0.01937621273100376, 0.03980278968811035, -0.016481030732393265, 0.00862784031778574, -0.004153660498559475], [0.016188686713576317, -0.023836614564061165, 0.021847452968358994, -0.021139170974493027, 0.02214096300303936, -0.015195437707006931, 0.015253574587404728, -0.011778815649449825, 0.011018830351531506, -0.016481030732393265, 0.027503766119480133, -0.02041730098426342, 0.00637416448444128], [-0.015293841250240803, 0.02191261388361454, -0.020096996799111366, 0.01745700091123581, -0.018935810774564743, 0.019085127860307693, -0.014969229698181152, 0.010282942093908787, -0.011925285682082176, 0.00862784031778574, -0.02041730098426342, 0.03610137104988098, -0.013998271897435188], [0.009047039784491062, -0.011853734031319618, 0.015070084482431412, -0.012925544753670692, 0.00961961131542921, -0.008874249644577503, 0.007900579832494259, -0.007518753409385681, 0.0034685360733419657, -0.004153660498559475, 0.00637416448444128, -0.013998271897435188, 0.022666113451123238]], "metadata.audio_properties.analysis.downmix": "mix", "metadata.audio_properties.codec": "mp3", "metadata.audio_properties.md5_encoded": "a75005dc2b30187e25f071d863b0c46d", "metadata.tags.file_name": "1183688717672648754.mp3", "metadata.version.essentia": "2.1-beta6-dev", "metadata.version.essentia_git_sha": "v2.1_beta5-1110-g77a6a954", "metadata.version.extractor": "mus