{"song_id": "1183701843164020736", "download": "https://cdn.discordapp.com/attachments/1128313332273782784/1183701843164020736/chirp.mp4?ex=65894b3f&amp", "lyrics": "\u0412 \u044d\u0442\u043e\u043c \u0433\u043e\u0440\u043e\u0434\u0435, \u0448\u0443\u043c \u0438 \u0441\u0443\u0435\u0442\u0430,\n\u041c\u0438\u0448\u0430 \u0441\u043c\u0435\u0435\u0442\u0441\u044f, \u043d\u0430\u0441 \u0432\u0441\u0435\u0445 \u043e\u0431\u0432\u043e\u0434\u0438\u0442 \u0432\u043e\u043a\u0440\u0443\u0433 \u043f\u0430\u043b\u044c\u0446\u0430,\n\u041d\u043e \u0441\u043a\u0440\u044b\u0442\u044c \u043e\u0442 \u043d\u0430\u0441 \u043e\u043d \u043d\u0435 \u043c\u043e\u0436\u0435\u0442 \u0441\u0432\u043e\u044e \u0438\u0433\u0440\u0443,\n\u041c\u0438\u0448\u0430 \u043d\u0435 \u0445\u043e\u0447\u0435\u0442 \u0434\u0435\u043b\u0430\u0442\u044c \u0438\u0432\u0435\u043d\u0442 \u043f\u0440\u043e \u0433\u0443\u043b\u044f.\n\n\u041e\u0442\u043a\u0440\u043e\u0439\u0442\u0435 \u0433\u043b\u0430\u0437\u0430, \u0443\u0432\u0438\u0434\u0438\u0442\u0435 \u043f\u0440\u0430\u0432\u0434\u0443,\n\u042d\u0442\u043e\u0442 \u043f\u0430\u0440\u0435\u043d\u044c, \u043e\u043d \u0432\u0435\u0441\u044c\u043c\u0430 \u043d\u0435\u0436\u0430\u0434\u043d\u044b\u0439 \u0438 \u0433\u0440\u0443\u0431\u044b\u0439.\n\u041f\u043e\u0434\u0430\u0440\u0438\u0442\u044c \u043d\u0430\u043c \u0440\u0430\u0434\u043e\u0441\u0442\u044c \u0438 \u043f\u0440\u0430\u0437\u0434\u043d\u0438\u043a \u043e\u043d \u043d\u0435 \u0441\u043f\u0435\u0448\u0438\u0442,\n\u041c\u0438\u0448\u0430 \u043d\u0435 \u0445\u043e\u0447\u0435\u0442 \u0434\u0435\u043b\u0430\u0442\u044c \u0438\u0432\u0435\u043d\u0442, \u0445\u043e\u0442\u044f \u0441\u0430\u043c \u043e\u043d \u0442\u0432\u043e\u0440\u0438\u0442.\n\n\u0417\u0430\u0433\u0430\u0434\u043e\u0447\u043d\u044b\u0439 \u0438 \u0442\u0430\u0438\u043d\u0441\u0442\u0432\u0435\u043d\u043d\u044b\u0439, \u043a\u0430\u043a \u0431\u0443\u0434\u0442\u043e \u0432 \u0442\u0435\u043d\u0438,\n\u041c\u0438\u0448\u0430 \u043e\u0442\u043a\u043b\u043e\u043d\u044f\u0435\u0442 \u0432\u0441\u0435 \u043d\u0430\u0448\u0438 \u043f\u0440\u0435\u0434\u043b\u043e\u0436\u0435\u043d\u0438\u044f.\n\u041d\u0435\u0443\u0436\u0435\u043b\u0438 \u043d\u0430\u0448 \u0443\u043b\u044b\u0431\u0447\u0438\u0432\u044b\u0439 \u0434\u0440\u0443\u0433 \u043d\u0435 \u043c\u043e\u0436\u0435\u0442 \u043f\u043e\u043d\u044f\u0442\u044c,\n\u0427\u0442\u043e \u0431\u0435\u0437 \u043d\u0435\u0433\u043e \u0438\u0432\u0435\u043d\u0442 \u0431\u0443\u0434\u0435\u0442 \u0441\u043a\u0443\u0447\u043d\u044b\u043c \u0438 \u0443\u043d\u044b\u043b\u044b\u043c \u0441\u0442\u0430\u0442\u044c.", "style": ["pops"], "essentia_features": {"lowlevel.average_loudness": 0.6124005317687988, "lowlevel.barkbands_crest.mean": 14.844888687133789, "lowlevel.barkbands_crest.stdev": 5.264946460723877, "lowlevel.barkbands_flatness_db.mean": 0.3262338638305664, "lowlevel.barkbands_flatness_db.stdev": 0.09131427854299545, "lowlevel.barkbands_kurtosis.mean": 32.221641540527344, "lowlevel.barkbands_kurtosis.stdev": 62.691280364990234, "lowlevel.barkbands_skewness.mean": 3.4271628856658936, "lowlevel.barkbands_skewness.stdev": 3.722099542617798, "lowlevel.barkbands_spread.mean": 18.683185577392578, "lowlevel.barkbands_spread.stdev": 16.3832950592041, "lowlevel.dissonance.mean": 0.48035183548927307, "lowlevel.dissonance.stdev": 0.017700593918561935, "lowlevel.dynamic_complexity": 5.54921817779541, "lowlevel.erbbands_crest.mean": 13.365951538085938, "lowlevel.erbbands_crest.stdev": 5.543776988983154, "lowlevel.erbbands_flatness_db.mean": 0.3052217662334442, "lowlevel.erbbands_flatness_db.stdev": 0.05342506244778633, "lowlevel.erbbands_kurtosis.mean": 3.8890328407287598, "lowlevel.erbbands_kurtosis.stdev": 9.341405868530273, "lowlevel.erbbands_skewness.mean": 0.1191636472940445, "lowlevel.erbbands_skewness.stdev": 2.149871349334717, "lowlevel.erbbands_spread.mean": 49.566864013671875, "lowlevel.erbbands_spread.stdev": 27.948102951049805, "lowlevel.hfc.mean": 10.46570873260498, "lowlevel.hfc.stdev": 12.213696479797363, "lowlevel.loudness_ebu128.integrated": -19.56970977783203, "lowlevel.loudness_ebu128.loudness_range": 13.195182800292969, "lowlevel.loudness_ebu128.momentary.mean": -23.317373275756836, "lowlevel.loudness_ebu128.momentary.stdev": 7.281311511993408, "lowlevel.loudness_ebu128.short_term.mean": -21.71756935119629, "lowlevel.loudness_ebu128.short_term.stdev": 4.699335098266602, "lowlevel.melbands_crest.mean": 20.735240936279297, "lowlevel.melbands_crest.stdev": 6.2600860595703125, "lowlevel.melbands_flatness_db.mean": 0.3807857036590576, "lowlevel.melbands_flatness_db.stdev": 0.11638741195201874, "lowlevel.melbands_kurtosis.mean": 78.41212463378906, "lowlevel.melbands_kurtosis.stdev": 109.24925231933594, "lowlevel.melbands_skewness.mean": 5.736687183380127, "lowlevel.melbands_skewness.stdev": 4.140836715698242, "lowlevel.melbands_spread.mean": 23.79296112060547, "lowlevel.melbands_spread.stdev": 29.21889877319336, "lowlevel.pitch_salience.mean": 0.4331308901309967, "lowlevel.pitch_salience.stdev": 0.17369896173477173, "lowlevel.silence_rate_20dB.mean": 1.0, "lowlevel.silence_rate_20dB.stdev": 0.0, "lowlevel.silence_rate_30dB.mean": 0.9942062497138977, "lowlevel.silence_rate_30dB.stdev": 0.07589558511972427, "lowlevel.silence_rate_60dB.mean": 0.20915411412715912, "lowlevel.silence_rate_60dB.stdev": 0.4067046046257019, "lowlevel.spectral_centroid.mean": 1508.3040771484375, "lowlevel.spectral_centroid.stdev": 1024.771728515625, "lowlevel.spectral_complexity.mean": 8.520857810974121, "lowlevel.spectral_complexity.stdev": 8.756084442138672, "lowlevel.spectral_decrease.mean": -5.199823682744409e-09, "lowlevel.spectral_decrease.stdev": 5.7311360102119124e-09, "lowlevel.spectral_energy.mean": 0.020574595779180527, "lowlevel.spectral_energy.stdev": 0.022139040753245354, "lowlevel.spectral_energyband_high.mean": 0.00040695859934203327, "lowlevel.spectral_energyband_high.stdev": 0.0011640655575320125, "lowlevel.spectral_energyband_low.mean": 0.008401830680668354, "lowlevel.spectral_energyband_low.stdev": 0.013596858829259872, "lowlevel.spectral_energyband_middle_high.mean": 0.001931015751324594, "lowlevel.spectral_energyband_middle_high.stdev": 0.0032647561747580767, "lowlevel.spectral_energyband_middle_low.mean": 0.013187200762331486, "lowlevel.spectral_energyband_middle_low.stdev": 0.017271555960178375, "lowlevel.spectral_entropy.mean": 6.770084381103516, "lowlevel.spectral_entropy.stdev": 0.6089475750923157, "lowlevel.spectral_flux.mean": 0.036485254764556885, "lowlevel.spectral_flux.stdev": 0.033946435898542404, "lowlevel.spectral_kurtosis.mean": 5.769018650054932, "lowlevel.spectral_kurtosis.stdev": 5.861485004425049, "lowlevel.spectral_rms.mean": 0.003806065069511533, "lowlevel.spectral_rms.stdev": 0.002363605424761772, "lowlevel.spectral_rolloff.mean": 1431.4635009765625, "lowlevel.spectral_rolloff.stdev": 1581.8458251953125, "lowlevel.spectral_skewness.mean": 0.610162615776062, "lowlevel.spectral_skewness.stdev": 0.7462392449378967, "lowlevel.spectral_spread.mean": 2604040.0, "lowlevel.spectral_spread.stdev": 927962.5625, "lowlevel.spectral_strongpeak.mean": 0.7490388751029968, "lowlevel.spectral_strongpeak.stdev": 0.7051286101341248, "lowlevel.zerocrossingrate.mean": 0.049366194754838943, "lowlevel.zerocrossingrate.stdev": 0.04219445958733559, "metadata.audio_properties.analysis.equal_loudness": 0.0, "metadata.audio_properties.analysis.length": 40.04265213012695, "metadata.audio_properties.analysis.sample_rate": 44100.0, "metadata.audio_properties.analysis.start_time": 0.0, "metadata.audio_properties.bit_rate": 121159.0, "metadata.audio_properties.length": 40.042667388916016, "metadata.audio_properties.lossless": 0.0, "metadata.audio_properties.number_channels": 1.0, "metadata.audio_properties.replay_gain": -8.162702560424805, "metadata.audio_properties.sample_rate": 48000.0, "rhythm.beats_count": 64.0, "rhythm.beats_loudness.mean": 0.021760063245892525, "rhythm.beats_loudness.stdev": 0.02067488804459572, "rhythm.bpm": 129.47528076171875, "rhythm.bpm_histogram_first_peak_bpm": 129.0, "rhythm.bpm_histogram_first_peak_weight": 0.08333331346511841, "rhythm.bpm_histogram_second_peak_bpm": 88.0, "rhythm.bpm_histogram_second_peak_spread": 0.5600000023841858, "rhythm.bpm_histogram_second_peak_weight": 0.1746031790971756, "rhythm.danceability": 0.8621939420700073, "rhythm.onset_rate": 3.2955164909362793, "tonal.chords_changes_rate": 0.06018518656492233, "tonal.chords_number_rate": 0.012731481343507767, "tonal.chords_strength.mean": 0.5037825703620911, "tonal.chords_strength.stdev": 0.056515369564294815, "tonal.hpcp_crest.mean": 11.282994270324707, "tonal.hpcp_crest.stdev": 5.264755725860596, "tonal.hpcp_entropy.mean": 2.4063851833343506, "tonal.hpcp_entropy.stdev": 0.7412346601486206, "tonal.key_edma.strength": 0.5943580865859985, "tonal.key_krumhansl.strength": 0.599364161491394, "tonal.key_temperley.strength": 0.6281037926673889, "tonal.tuning_diatonic_strength": 0.6062624454498291, "tonal.tuning_equal_tempered_deviation": 0.141775444149971, "tonal.tuning_frequency": 438.2245178222656, "tonal.tuning_nontempered_energy_ratio": 0.8435007333755493, "lowlevel.barkbands.mean": [1.2929463082400616e-06, 0.0008422730024904013, 0.004228005185723305, 0.0052993521094322205, 0.0076269530691206455, 0.00018904528405983, 5.106530079501681e-05, 1.1603399798332248e-05, 6.721185400238028e-06, 7.902697689132765e-06, 1.6033105566748418e-05, 5.0000438932329416e-05, 7.356852438533679e-05, 8.62235392560251e-05, 8.092891948763281e-05, 0.00017673426191322505, 0.000340507976943627, 0.00015410206106025726, 0.0007050588028505445, 0.0004131054156459868, 0.00020905763085465878, 5.00199757880182e-06, 4.2353931917205045e-08, 1.6287385662394627e-08, 1.9658550343137904e-08, 7.4721073772821e-09, 6.187925727374477e-10], "lowlevel.barkbands.stdev": [3.311523641968961e-06, 0.0019816162530332804, 0.007955849170684814, 0.011462915688753128, 0.011438636109232903, 0.0009046707418747246, 9.946820500772446e-05, 2.3182667064247653e-05, 2.4518207283108495e-05, 4.230625563650392e-05, 0.00014408731658477336, 0.0004637455858755857, 0.0004008022078778595, 0.00030447071185335517, 0.00024385131837334484, 0.0005516032688319683, 0.0009646669495850801, 0.0003835282113868743, 0.001495286705903709, 0.0007919323979876935, 0.0007975518819876015, 2.6075733330799267e-05, 2.1289240237365448e-07, 5.289555460308293e-08, 2.116914998850916e-08, 1.1278658007540798e-08, 1.1373847419449135e-09], "lowlevel.erbbands.mean": [0.00458212336525321, 0.32295873761177063, 3.971337080001831, 13.612615585327148, 19.589216232299805, 30.379974365234375, 7.645310401916504, 1.8573354482650757, 0.7224820852279663, 0.9038568735122681, 0.17482317984104156, 0.1406320333480835, 0.23369170725345612, 0.32670509815216064, 1.0175046920776367, 2.2358288764953613, 3.227858543395996, 4.005416393280029, 4.495992660522461, 5.232030868530273, 12.3004150390625, 20.244102478027344, 10.019272804260254, 23.07802963256836, 34.71055221557617, 20.440933227539062, 12.839363098144531, 4.1531572341918945, 0.3388613164424896, 0.020311404019594193, 0.0022861857432872057, 0.000653577852062881, 0.0003496494027785957, 0.0002466189325787127, 0.0001707469200482592, 7.675352389924228e-05, 1.6138570572366007e-05, 3.5116420349368127e-06, 1.0824849596247077e-05, 2.3758675524732098e-05], "lowlevel.erbbands.stdev": [0.009113151580095291, 0.6973342299461365, 7.023303508758545, 27.244396209716797, 39.60464096069336, 43.48402404785156, 13.41430377960205, 9.590609550476074, 2.1913695335388184, 2.2328383922576904, 0.3449799418449402, 0.48041683435440063, 1.078121542930603, 1.6601040363311768, 9.228774070739746, 20.770381927490234, 18.415435791015625, 14.752750396728516, 14.25747299194336, 16.360536575317383, 34.391258239746094, 57.647239685058594, 23.45220184326172, 56.14996337890625, 68.296875, 38.47772216796875, 41.063873291015625, 17.842226028442383, 1.5237525701522827, 0.08840867877006531, 0.007581405807286501, 0.0019787552300840616, 0.0007106221746653318, 0.00028112553991377354, 0.00013259930710773915, 5.993794184178114e-05, 1.9764102034969255e-05, 5.6535850490035955e-06, 1.0710204151109792e-05, 2.4608641979284585e-05], "lowlevel.gfcc.mean": [-183.5308837890625, 140.1338348388672, -149.0900421142578, 82.30937957763672, -3.521876573562622, -52.626075744628906, -24.670856475830078, -27.56136703491211, -48.7207145690918, -3.2698123455047607, -14.506110191345215, -24.798582077026367, 3.085052251815796], "lowlevel.melbands.mean": [0.00011966635793214664, 0.0015990057727321982, 0.0023916729260236025, 0.0018929867073893547, 0.0004901505308225751, 3.475894118309952e-05, 1.1182943126186728e-05, 8.246461220551282e-06, 9.878983746602898e-07, 9.204948696606152e-07, 1.1709055343089858e-06, 1.182640744445962e-06, 2.681532350834459e-06, 5.020491244067671e-06, 6.589249096577987e-06, 7.735091458016541e-06, 7.345592621277319e-06, 7.642277523700614e-06, 5.863445039722137e-06, 8.321478162542917e-06, 1.526249798189383e-05, 2.171578489651438e-05, 1.408627304044785e-05, 5.952884293947136e-06, 1.948333010659553e-05, 2.847468749678228e-05, 1.9705323211383075e-05, 1.2103464541723952e-05, 8.170852197508793e-06, 5.947875251877122e-06, 1.176036789729551e-06, 1.5349257864727406e-07, 1.6251366474762108e-08, 1.5417108700788162e-09, 6.171759214801398e-10, 3.202117182521391e-10, 2.1156658369658743e-10, 1.8396331680214928e-10, 1.6924327217449076e-10, 1.7423804066218906e-10], "lowlevel.melbands.stdev": [0.0002779564820230007, 0.0026803368236869574, 0.0042830659076571465, 0.0028124197851866484, 0.0008321806672029197, 0.00019603100372478366, 3.2140789699042216e-05, 2.0320792827988043e-05, 2.5654931050667074e-06, 3.3699288906063884e-06, 5.61115803066059e-06, 5.841268830408808e-06, 2.4563662009313703e-05, 4.6187920816009864e-05, 5.738795880461112e-05, 3.967573866248131e-05, 2.7058315026806667e-05, 2.7150932510267012e-05, 1.877028807939496e-05, 2.8313579605310224e-05, 4.307402195991017e-05, 6.32487572147511e-05, 3.997777457698248e-05, 1.5049561625346541e-05, 5.0188038585474715e-05, 6.104645581217483e-05, 3.623836164479144e-05, 2.482781019352842e-05, 2.5026467483257875e-05, 2.4714472601772286e-05, 5.602353667200077e-06, 7.78791900302167e-07, 1.0337537048599188e-07, 7.734401563652682e-09, 3.622506072886722e-09, 1.9397512485141988e-09, 8.564404185840147e-10, 4.6272388698476163e-10, 3.6799585600988394e-10, 2.0223611674197173e-10], "lowlevel.melbands128.mean": [7.11242364559439e-07, 1.6934627637965605e-06, 3.2167386962100863e-05, 0.00058772909687832, 0.0016630118479952216, 0.002146898303180933, 0.003031429834663868, 0.0022559086792171, 0.0017306739464402199, 0.002282337285578251, 0.0018003848381340504, 0.0008427010616287589, 0.0001284038444282487, 3.901528907590546e-05, 4.231643470120616e-05, 3.2053954782895744e-05, 9.004857929539867e-06, 8.261032235168386e-06, 1.0050534001493361e-05, 1.4832470697001554e-05, 3.4208051147288643e-06, 9.66348466135969e-07, 7.921826181700453e-07, 8.643703495181398e-07, 7.683652825107856e-07, 9.271297471968865e-07, 1.3285866771184374e-06, 1.1817454605989042e-06, 1.0509063486097148e-06, 1.1439548188718618e-06, 1.119566604756983e-06, 1.474662440159591e-06, 2.540931518524303e-06, 3.7171730582485907e-06, 4.162506229477003e-06, 5.373056865209946e-06, 6.413073151634308e-06, 7.197732429631287e-06, 5.976910870231222e-06, 6.874961400171742e-06, 8.985542990558315e-06, 7.684239790251013e-06, 6.314593065326335e-06, 7.744801223452669e-06, 8.961417734099086e-06, 8.377655831282027e-06, 5.200892246648436e-06, 4.470491148822475e-06, 7.042344350338681e-06, 7.122936949599534e-06, 6.363191914715571e-06, 1.1174232895427849e-05, 1.8583537894301116e-05, 1.2670967407757416e-05, 1.7137803297373466e-05, 2.5312094294349663e-05, 2.481437513779383e-05, 1.582365803187713e-05, 1.1685686331475154e-05, 6.492289230664028e-06, 3.873944024235243e-06, 5.491573119797977e-06, 1.4370893950399477e-05, 2.304667759744916e-05, 2.936352939286735e-05, 2.9265438570291735e-05, 2.898249658755958e-05, 2.302602842974011e-05, 1.764786065905355e-05, 1.4849039871478453e-05, 1.3154393855074886e-05, 1.0350701813877095e-05, 7.905000529717654e-06, 7.831769835320301e-06, 8.495051588397473e-06, 7.08463494447642e-06, 4.769753559230594e-06, 1.7818765627453104e-06, 7.948517577460734e-07, 3.686657805701543e-07, 1.855385391991149e-07, 6.617285919219285e-08, 2.8022141052019833e-08, 1.3339728432981701e-08, 3.913370516528403e-09, 1.2513774461098137e-09, 1.149906059261241e-09, 8.642220272747636e-10, 5.805011471515797e-10, 4.445460943802715e-10, 3.6992253704681843e-10, 2.838026202933719e-10, 2.3739710197645536e-10, 2.0858180460603393e-10, 1.981353137114894e-10, 1.8281313962642542e-10, 1.8760368258874394e-10, 1.7797291418375494e-10, 1.6098426758315298e-10, 1.714627051452311e-10, 1.6947748759932324e-10, 1.7809244357014364e-10, 1.763597878845502e-10, 1.6653878276429168e-10, 1.6888168641315815e-10, 1.6165564720171943e-10, 1.6327010576855372e-10, 1.41938710784828e-10, 1.0578320858156687e-10, 7.274000846102524e-11, 5.110262907281893e-11, 2.244103687598642e-11, 8.23616522205306e-12, 6.614167980673047e-12, 6.358056442445914e-12, 5.497363415180034e-12, 4.027645404691693e-12, 2.992987151520521e-12, 2.6893105797842765e-12, 2.6592077064652164e-12, 2.5664346949699768e-12, 2.4960617340391567e-12, 2.4551159716335036e-12, 2.4048076897875692e-12, 2.3052039877652364e-12, 2.1514001517786152e-12, 2.066525336269498e-12, 2.045759612059883e-12], "lowlevel.melbands128.stdev": [1.8392756828689016e-06, 4.572356829157798e-06, 0.0001141035245382227, 0.0013951871078461409, 0.0035861546639353037, 0.004426376428455114, 0.006646840367466211, 0.005240345373749733, 0.005030209664255381, 0.004270355217158794, 0.00282791699282825, 0.0017604968743398786, 0.0003022710152436048, 0.0002551814541220665, 0.00028641015524044633, 0.00023945324937812984, 3.980179826612584e-05, 2.2906520825927146e-05, 2.3366881578112952e-05, 4.24454701715149e-05, 7.597847798024304e-06, 2.7573848910833476e-06, 3.0304879601317225e-06, 3.5434693472780054e-06, 2.8251170078874566e-06, 4.176936727162683e-06, 6.428616416087607e-06, 5.586317001871066e-06, 7.385430308204377e-06, 7.242203992063878e-06, 5.401389444159577e-06, 8.308227734232787e-06, 3.1307139579439536e-05, 3.4953416616190225e-05, 3.5526052670320496e-05, 5.6218417739728466e-05, 6.638124614255503e-05, 7.049783016555011e-05, 4.9008613132173195e-05, 4.276314939488657e-05, 4.979269942850806e-05, 3.957291119149886e-05, 3.0367298677447252e-05, 3.3146763598779216e-05, 4.057773548993282e-05, 3.464369729044847e-05, 1.5588988389936276e-05, 1.5536254068138078e-05, 3.151753480779007e-05, 2.886276888602879e-05, 2.645336826390121e-05, 4.419416291057132e-05, 6.105273496359587e-05, 3.7869493098696694e-05, 5.074718501418829e-05, 8.316697494592518e-05, 8.994063682621345e-05, 5.0177732191514224e-05, 3.5787943488685414e-05, 1.8162434571422637e-05, 1.08762633317383e-05, 1.7233671314897947e-05, 4.7016470489325e-05, 6.296297942753881e-05, 7.961142546264455e-05, 6.670704169664532e-05, 7.249339978443459e-05, 5.0886013923445717e-05, 3.880968506564386e-05, 2.9622593501699157e-05, 2.842669164238032e-05, 2.7354077246855013e-05, 2.148105704691261e-05, 2.780142858682666e-05, 3.2332602131646127e-05, 3.1951291020959616e-05, 2.411874993413221e-05, 9.202918590744957e-06, 4.238128440192668e-06, 1.944937366715749e-06, 9.645708587413537e-07, 3.9641736293560825e-07, 1.8418180047774513e-07, 1.0192745492076938e-07, 3.2010330386356145e-08, 5.6929696512497685e-09, 6.410644015630851e-09, 4.791633312350996e-09, 3.909359946874247e-09, 2.810523147545041e-09, 2.689227285301854e-09, 1.7907086924395799e-09, 1.2656653503029247e-09, 9.898328823254587e-10, 7.915230137989226e-10, 5.130124658414559e-10, 4.215411075758624e-10, 5.176519768390619e-10, 4.485651572405658e-10, 3.0853977706080116e-10, 2.4231563977572534e-10, 2.0591721383578232e-10, 2.2317606096500242e-10, 1.8485372954568646e-10, 1.6599002727879508e-10, 1.7915913197441569e-10, 1.9240813109444588e-10, 1.551584277725837e-10, 1.2413237104880182e-10, 9.95886983989891e-11, 7.95317284252306e-11, 5.83230755357711e-11, 6.052687517854594e-11, 5.942474290421274e-11, 5.585600038049421e-11, 5.2268845501801664e-11, 2.214541050538088e-11, 7.423776871018362e-12, 4.3942709714028805e-12, 4.7010173531703e-12, 4.2772825212256116e-12, 4.077545592839904e-12, 3.991855023616209e-12, 3.9272413446256316e-12, 3.8690539487518105e-12, 3.821884215354787e-12, 3.789340802945462e-12, 3.768659863345736e-12], "lowlevel.mfcc.mean": [-826.8934936523438, 162.4359588623047, -71.43724060058594, 116.74092864990234, 13.431499481201172, 3.727189064025879, 25.333850860595703, -35.38798522949219, -6.053190231323242, -10.791875839233398, -20.210981369018555, -10.902042388916016, -14.174418449401855], "lowlevel.spectral_contrast_coeffs.mean": [-0.5328963398933411, -0.7904317378997803, -0.8548666834831238, -0.8235649466514587, -0.7813107371330261, -0.6621703505516052], "lowlevel.spectral_contrast_coeffs.stdev": [0.11761415749788284, 0.07968789339065552, 0.041905809193849564, 0.05611361190676689, 0.048238951712846756, 0.072784423828125], "lowlevel.spectral_contrast_valleys.mean": [-8.408979415893555, -9.03896713256836, -9.297718048095703, -8.535557746887207, -7.7711358070373535, -13.81789779663086], "lowlevel.spectral_contrast_valleys.stdev": [1.0788954496383667, 0.668174147605896, 0.6988347768783569, 0.75681072473526, 0.9478451013565063, 0.4885830581188202], "rhythm.beats_loudness_band_ratio.mean": [0.45122140645980835, 0.3523714244365692, 0.010588130913674831, 0.03016388975083828, 0.0893922746181488, 0.12337953597307205], "rhythm.beats_loudness_band_ratio.stdev": [0.3258119225502014, 0.2693575322628021, 0.015729138627648354, 0.06017798185348511, 0.12548618018627167, 0.15455013513565063], "tonal.hpcp.mean": [0.28909146785736084, 0.14873813092708588, 0.021000590175390244, 0.014200275763869286, 0.01856992021203041, 0.06732487678527832, 0.18016770482063293, 0.13477055728435516, 0.04671001434326172, 0.0746617391705513, 0.04835987463593483, 0.021415332332253456, 0.025868356227874756, 0.029459306970238686, 0.05258980393409729, 0.20411401987075806, 0.22386890649795532, 0.08254513889551163, 0.05046924576163292, 0.06998977065086365, 0.1383865475654602, 0.17454269528388977, 0.10425805300474167, 0.04680611193180084, 0.04262746870517731, 0.035170525312423706, 0.04168500006198883, 0.05542486160993576, 0.04988863319158554, 0.056329064071178436, 0.08761084824800491, 0.08309464156627655, 0.11791587620973587, 0.2487758994102478, 0.21069888770580292, 0.20240455865859985], "tonal.hpcp.stdev": [0.39245256781578064, 0.22221966087818146, 0.08375424891710281, 0.054533451795578, 0.06538314372301102, 0.11480894684791565, 0.2971176505088806, 0.21666520833969116, 0.13279835879802704, 0.20276203751564026, 0.12084542959928513, 0.07065366208553314, 0.08156580477952957, 0.09806875139474869, 0.11954138427972794, 0.3552369773387909, 0.3495142459869385, 0.2151709496974945, 0.14729633927345276, 0.18929563462734222, 0.2649330794811249, 0.3302970230579376, 0.21009016036987305, 0.13950160145759583, 0.1411888301372528, 0.1029224693775177, 0.13483786582946777, 0.1808871030807495, 0.15773345530033112, 0.14929190278053284, 0.22530655562877655, 0.18569491803646088, 0.19962796568870544, 0.384506493806839, 0.3147883117198944, 0.2609286904335022], "rhythm.beats_position": [0.4760090708732605, 0.9636281132698059, 1.4512470960617065, 1.938866138458252, 2.4380950927734375, 2.937324285507202, 3.4017233848571777, 3.8661224842071533, 4.330521583557129, 4.794920444488525, 5.25931978225708, 5.712108612060547, 6.176507949829102, 6.640906810760498, 7.105306148529053, 7.569705009460449, 8.034104347229004, 8.498503684997559, 9.055782318115234, 9.61306095123291, 10.181949615478516, 10.76244831085205, 11.342947959899902, 11.911836624145508, 12.480725288391113, 13.049613952636719, 13.63011360168457, 14.210612297058105, 14.79111099243164, 15.452879905700684, 16.091428756713867, 16.741586685180664, 17.391746520996094, 18.07673454284668, 18.761722564697266, 19.446712493896484, 20.13170051574707, 20.839908599853516, 21.55972671508789, 22.26793670654297, 22.964534759521484, 23.64952278137207, 24.33451271057129, 25.019500732421875, 25.72770881652832, 26.447526931762695, 27.144126892089844, 27.84072494506836, 28.525712966918945, 29.210702896118164, 29.86086082458496, 30.52263069152832, 31.184398651123047, 31.857776641845703, 32.53115463256836, 33.18131637573242, 33.843082427978516, 34.60934066772461, 35.3755989074707, 36.165077209472656, 36.95455551147461, 37.74403381347656, 38.52190399169922, 39.31138229370117], "rhythm.bpm_histogram": [0.0, 0.0, 0.0, 0.0, 0.0, 0.0, 0.0, 0.0, 0.0, 0.0, 0.0, 0.0, 0.0, 0.0, 0.0, 0.0, 0.0, 0.0, 0.0, 0.0, 0.0, 0.0, 0.0, 0.0, 0.0, 0.0, 0.0, 0.0, 0.0, 0.0, 0.0, 0.0, 0.0, 0.0, 0.0, 0.0, 0.0, 0.0, 0.0, 0.0, 0.0, 0.0, 0.0, 0.0, 0.0, 0.0, 0.0, 0.0, 0.0, 0.0, 0.0, 0.0, 0.0, 0.0, 0.0, 0.0, 0.0, 0.0, 0.0, 0.0, 0.0, 0.0, 0.0, 0.0, 0.0, 0.0, 0.0, 0.0, 0.0, 0.0, 0.0, 0.0, 0.0, 0.0, 0.0, 0.0, 0.0634920671582222, 0.01587301678955555, 0.0317460335791111, 0.0, 0.0, 0.0, 0.0, 0.0317460335791111, 0.0, 0.0476190485060215, 0.0476190485060215, 0.0, 0.1428571492433548, 0.0317460335791111, 0.0, 0.0634920671582222, 0.0634920671582222, 0.0, 0.01587301678955555, 0.0, 0.0, 0.0, 0.0, 0.0, 0.0, 0.0, 0.0, 0.0793650820851326, 0.0, 0.0634920671582222, 0.0, 0.0, 0.0317460335791111, 0.0, 0.0, 0.0, 0.0, 0.0, 0.0, 0.0, 0.0, 0.0, 0.0, 0.0, 0.0317460335791111, 0.0, 0.0, 0.0476190485060215, 0.0, 0.0, 0.0, 0.0, 0.0, 0.1746031790971756, 0.0, 0.0, 0.0, 0.01587301678955555, 0.0, 0.0, 0.0, 0.0, 0.0, 0.0, 0.0, 0.0, 0.0, 0.0, 0.0, 0.0, 0.0, 0.0, 0.0, 0.0, 0.0, 0.0, 0.0, 0.0, 0.0, 0.0, 0.0, 0.0, 0.0, 0.0, 0.0, 0.0, 0.0, 0.0, 0.0, 0.0, 0.0, 0.0, 0.0, 0.0, 0.0, 0.0, 0.0, 0.0, 0.0, 0.0, 0.0, 0.0, 0.0, 0.0, 0.0, 0.0, 0.0, 0.0, 0.0, 0.0, 0.0, 0.0, 0.0, 0.0, 0.0, 0.0, 0.0, 0.0, 0.0, 0.0, 0.0, 0.0, 0.0, 0.0, 0.0, 0.0, 0.0, 0.0, 0.0, 0.0, 0.0, 0.0, 0.0, 0.0, 0.0, 0.0, 0.0, 0.0, 0.0, 0.0, 0.0, 0.0, 0.0, 0.0, 0.0, 0.0, 0.0, 0.0, 0.0, 0.0, 0.0, 0.0, 0.0, 0.0, 0.0, 0.0, 0.0, 0.0, 0.0, 0.0, 0.0, 0.0, 0.0, 0.0, 0.0, 0.0, 0.0, 0.0, 0.0, 0.0, 0.0, 0.0, 0.0, 0.0], "tonal.chords_histogram": [0.0, 0.0, 0.0, 1.8518518209457397, 0.0, 6.018518447875977, 0.0, 1.2731481790542603, 15.972222328186035, 14.120369911193848, 25.810184478759766, 0.0, 0.0, 0.0, 0.0, 4.398148059844971, 4.282407283782959, 8.564814567565918, 0.0, 0.0, 0.0, 0.0, 8.333333015441895, 9.375], "tonal.thpcp": [1.0, 0.5145019888877869, 0.07264341413974762, 0.049120355397462845, 0.06423544883728027, 0.23288434743881226, 0.6232204437255859, 0.4661865532398224, 0.16157521307468414, 0.25826337933540344, 0.16728226840496063, 0.07407805323600769, 0.08948156237602234, 0.10190306603908539, 0.1819140613079071, 0.7060534358024597, 0.774387776851654, 0.28553295135498047, 0.17457881569862366, 0.2421025186777115, 0.4786946773529053, 0.6037628650665283, 0.36064037680625916, 0.1619076281785965, 0.1474532186985016, 0.1216588169336319, 0.1441931128501892, 0.1917208433151245, 0.17257040739059448, 0.19484858214855194, 0.3030557930469513, 0.2874337434768677, 0.4078843295574188, 0.8605439066886902, 0.7288312315940857, 0.7001401782035828], "lowlevel.gfcc.cov": [[4925.58251953125, 1126.93798828125, -181.40269470214844, 1066.078369140625, 968.9658203125, -734.901611328125, 553.9100952148438, -684.3057861328125, -22.76889991760254, -684.605712890625, -298.8887939453125, -388.0458068847656, -203.22813415527344], [1126.93798828125, 1121.2342529296875, 834.4300537109375, 245.3490753173828, 442.24249267578125, -176.07080078125, 169.241943359375, -127.58978271484375, -45.08769989013672, -230.804443359375, -60.867645263671875, -230.77603149414062, -27.125932693481445], [-181.40269470214844, 834.4300537109375, 1637.55859375, 432.73968505859375, 272.3755187988281, 36.0559196472168, 109.93616485595703, -40.50770568847656, -80.87467193603516, -96.08768463134766, -71.58000183105469, -243.54336547851562, 18.059974670410156], [1066.078369140625, 245.3490753173828, 432.73968505859375, 912.5963745117188, 538.9868774414062, -110.39681243896484, 301.7514953613281, -177.6826629638672, 6.820796489715576, -243.24876403808594, -195.8343963623047, -211.5057830810547, -91.02506256103516], [968.9658203125, 442.24249267578125, 272.3755187988281, 538.9868774414062, 689.0647583007812, -70.91661071777344, 205.40818786621094, -87.33586120605469, 2.871469259262085, -275.9095458984375, -127.96566009521484, -177.1378936767578, -75.5606460571289], [-734.901611328125, -176.07080078125, 36.0559196472168, -110.39681243896484, -70.91661071777344, 356.5390319824219, 8.955282211303711, 202.72483825683594, 27.52578353881836, 158.9000701904297, 64.86996459960938, 85.8970947265625, 12.269170761108398], [553.9100952148438, 169.241943359375, 109.93616485595703, 301.7514953613281, 205.40818786621094, 8.955282211303711, 289.4213562011719, -34.41442108154297, 5.07241153717041, -117.78865051269531, -58.261924743652344, -84.61551666259766, -63.80138397216797], [-684.3057861328125, -127.58978271484375, -40.50770568847656, -177.6826629638672, -87.33586120605469, 202.72483825683594, -34.41442108154297, 327.5032958984375, 88.531982421875, 167.48268127441406, 96.862548828125, 105.19111633300781, 33.797847747802734], [-22.76889991760254, -45.08769989013672, -80.87467193603516, 6.820796489715576, 2.871469259262085, 27.52578353881836, 5.07241153717041, 88.531982421875, 153.70126342773438, 88.7547607421875, 23.413291931152344, 46.70486831665039, 5.307708740234375], [-684.605712890625, -230.804443359375, -96.08768463134766, -243.24876403808594, -275.9095458984375, 158.9000701904297, -117.78865051269531, 167.48268127441406, 88.7547607421875, 318.99169921875, 152.90249633789062, 139.232421875, 59.296844482421875], [-298.8887939453125, -60.867645263671875, -71.58000183105469, -195.8343963623047, -127.96566009521484, 64.86996459960938, -58.261924743652344, 96.862548828125, 23.413291931152344, 152.90249633789062, 158.18804931640625, 100.01410675048828, 34.7759895324707], [-388.0458068847656, -230.77603149414062, -243.54336547851562, -211.5057830810547, -177.1378936767578, 85.8970947265625, -84.61551666259766, 105.19111633300781, 46.70486831665039, 139.232421875, 100.01410675048828, 173.92779541015625, 66.25221252441406], [-203.22813415527344, -27.125932693481445, 18.059974670410156, -91.02506256103516, -75.5606460571289, 12.269170761108398, -63.80138397216797, 33.797847747802734, 5.307708740234375, 59.296844482421875, 34.7759895324707, 66.25221252441406, 99.06937408447266]], "lowlevel.gfcc.icov": [[0.0010574361076578498, -0.0015740193193778396, 0.001185557572171092, -0.0012250636937096715, 0.0002916460216511041, 0.0004525118274614215, -0.0003798528341576457, 0.000937179196625948, -0.00028028871747665107, 0.00027151298127137125, -0.0003612464352045208, -0.00021859185653738678, 0.0001240479468833655], [-0.0015740193193778396, 0.005821936763823032, -0.0035453103482723236, 0.004304089117795229, -0.0029968046583235264, 0.0012506068451330066, -0.0015773058403283358, -0.0008084569708444178, -0.0002217145956819877, -0.0007564476109109819, -6.732961628586054e-05, 0.0015217451145872474, -0.0007438393076881766], [0.001185557572171092, -0.0035453103482723236, 0.003394006984308362, -0.0033354898914694786, 0.002006275812163949, -0.0012588368263095617, 0.0010712662478908896, 0.0005406377022154629, -4.7926019760780036e-05, 0.0010187349980697036, -0.001514157629571855, 0.00215360289439559, -0.0015464095631614327], [-0.0012250636937096715, 0.004304089117795229, -0.0033354898914694786, 0.007103343028575182, -0.0047300118021667, 0.0021243374794721603, -0.0037225817795842886, 0.00030969647923484445, 0.0003609352570492774, -0.0037219419609755278, 0.004217091016471386, -0.0006988280219957232, 0.0006217423942871392], [0.0002916460216511041, -0.0029968046583235264, 0.002006275812163949, -0.0047300118021667, 0.006915688049048185, -0.0032443429809063673, 0.0027273702435195446, -0.0007300510769709945, -0.0025240620598196983, 0.006218214053660631, -0.004301422741264105, 0.0027687670662999153, -0.0011803258676081896], [0.0004525118274614215, 0.0012506068451330066, -0.0012588368263095617, 0.0021243374794721603, -0.0032443429809063673, 0.008291400969028473, -0.0037138534244149923, -0.002162855351343751, 0.003564221318811178, -0.0058828978799283504, 0.00465788971632719, -0.004469959065318108, 0.0029812294524163008], [-0.0003798528341576457, -0.0015773058403283358, 0.0010712662478908896, -0.0037225817795842886, 0.0027273702435195446, -0.0037138534244149923, 0.008550714701414108, -0.0008918028906919062, -0.0016109312418848276, 0.004530952777713537, -0.0035198612604290247, 0.001825513201765716, 0.0009134988067671657], [0.000937179196625948, -0.0008084569708444178, 0.0005406377022154629, 0.00030969647923484445, -0.0007300510769709945, -0.002162855351343751, -0.0008918028906919062, 0.007594384253025055, -0.003341060597449541, -6.8751787694054656e-06, -0.0016673712525516748, -0.0005162812303751707, -0.0004533308674581349], [-0.00028028871747665107, -0.0002217145956819877, -4.7926019760780036e-05, 0.0003609352570492774, -0.0025240620598196983, 0.003564221318811178, -0.0016109312418848276, -0.003341060597449541, 0.013087400235235691, -0.00829345639795065, 0.006645475514233112, -0.005499487742781639, 0.003048329148441553], [0.00027151298127137125, -0.0007564476109109819, 0.0010187349980697036, -0.0037219419609755278, 0.006218214053660631, -0.0058828978799283504, 0.004530952777713537, -6.8751787694054656e-06, -0.00829345639795065, 0.0177119392901659, -0.01296202465891838, 0.004871540702879429, -0.003728806972503662], [-0.0003612464352045208, -6.732961628586054e-05, -0.001514157629571855, 0.004217091016471386, -0.004301422741264105, 0.00465788971632719, -0.0035198612604290247, -0.0016673712525516748, 0.006645475514233112, -0.01296202465891838, 0.02205408550798893, -0.011282935738563538, 0.005041732918471098], [-0.00021859185653738678, 0.0015217451145872474, 0.00215360289439559, -0.0006988280219957232, 0.0027687670662999153, -0.004469959065318108, 0.001825513201765716, -0.0005162812303751707, -0.005499487742781639, 0.004871540702879429, -0.011282935738563538, 0.02429397962987423, -0.011956370435655117], [0.0001240479468833655, -0.0007438393076881766, -0.0015464095631614327, 0.0006217423942871392, -0.0011803258676081896, 0.0029812294524163008, 0.0009134988067671657, -0.0004533308674581349, 0.003048329148441553, -0.003728806972503662, 0.005041732918471098, -0.011956370435655117, 0.01876591332256794]], "lowlevel.mfcc.cov": [[3734.320556640625, 656.2844848632812, -1105.802001953125, 1347.7750244140625, 53.563289642333984, 258.7597351074219, 151.6942901611328, 109.9879379272461, 109.74873352050781, -219.44471740722656, -170.49188232421875, -49.25493621826172, -267.00640869140625], [656.2844848632812, 1049.8895263671875, 427.38397216796875, 351.9596862792969, 263.4324035644531, 25.335407257080078, 185.3592071533203, 31.309921264648438, 10.982573509216309, 21.533462524414062, -127.83782958984375, 6.806405544281006, -69.58468627929688], [-1105.802001953125, 427.38397216796875, 1298.4744873046875, 59.39173126220703, 178.60519409179688, 107.76624298095703, 133.77359008789062, -8.636214256286621, 27.2111873626709, 139.64108276367188, -26.789989471435547, -0.7758662104606628, 47.48752212524414], [1347.7750244140625, 351.9596862792969, 59.39173126220703, 1272.7447509765625, 320.42266845703125, 298.8162536621094, 253.28077697753906, 100.54737854003906, 198.19496154785156, -3.070266008377075, -140.6699981689453, -73.2298583984375, -186.83819580078125], [53.563289642333984, 263.4324035644531, 178.60519409179688, 320.42266845703125, 440.8907165527344, 102.85417938232422, 126.3615951538086, 132.34130859375, 76.02201843261719, 96.37152862548828, -33.84208679199219, 1.1920735836029053, -26.781457901000977], [258.7597351074219, 25.335407257080078, 107.76624298095703, 298.8162536621094, 102.85417938232422, 267.4803161621094, 126.2923355102539, 58.456871032714844, 84.94761657714844, 14.790932655334473, 24.248153686523438, 0.16153956949710846, -44.53153610229492], [151.6942901611328, 185.3592071533203, 133.77359008789062, 253.28077697753906, 126.3615951538086, 126.2923355102539, 282.1962890625, 114.2542495727539, 55.21253967285156, 66.39991760253906, -12.616604804992676, 19.1012020111084, -30.955881118774414], [109.9879379272461, 31.309921264648438, -8.636214256286621, 100.54737854003906, 132.34130859375, 58.456871032714844, 114.2542495727539, 241.3665008544922, 89.03913116455078, 60.98683547973633, 32.982051849365234, 16.904438018798828, 29.303321838378906], [109.74873352050781, 10.982573509216309, 27.2111873626709, 198.19496154785156, 76.02201843261719, 84.94761657714844, 55.21253967285156, 89.03913116455078, 186.79739379882812, 63.1076774597168, 37.200035095214844, 26.28742790222168, -11.778613090515137], [-219.44471740722656, 21.533462524414062, 139.64108276367188, -3.070266008377075, 96.37152862548828, 14.790932655334473, 66.39991760253906, 60.98683547973633, 63.1076774597168, 162.22311401367188, 81.05392456054688, 43.64314651489258, 53.77094650268555], [-170.49188232421875, -127.83782958984375, -26.789989471435547, -140.6699981689453, -33.84208679199219, 24.248153686523438, -12.616604804992676, 32.982051849365234, 37.200035095214844, 81.05392456054688, 191.71278381347656, 93.6700439453125, 77.06451416015625], [-49.25493621826172, 6.806405544281006, -0.7758662104606628, -73.2298583984375, 1.1920735836029053, 0.16153956949710846, 19.1012020111084, 16.904438018798828, 26.28742790222168, 43.64314651489258, 93.6700439453125, 119.10578918457031, 66.97441864013672], [-267.00640869140625, -69.58468627929688, 47.48752212524414, -186.83819580078125, -26.781457901000977, -44.53153610229492, -30.955881118774414, 29.303321838378906, -11.778613090515137, 53.77094650268555, 77.06451416015625, 66.97441864013672, 149.97708129882812]], "lowlevel.mfcc.icov": [[0.0028709780890494585, -0.0029897780623286963, 0.0032216529361903667, -0.003016234142705798, 0.0029442710801959038, -0.002900205785408616, 0.0025463250931352377, -0.0021972376853227615, 0.002117171650752425, -0.0012620481429621577, 0.000966907013207674, -0.0015852004289627075, 0.000395757844671607], [-0.0029897780623286963, 0.004738432355225086, -0.003856735536828637, 0.002859567990526557, -0.0037163994275033474, 0.003885082434862852, -0.003336983034387231, 0.002361949300393462, -0.0019680142868310213, 0.0018082058522850275, -0.0003807313332799822, 0.0004121234524063766, 0.00020770751871168613], [0.0032216529361903667, -0.003856735536828637, 0.004804163705557585, -0.0031126574613153934, 0.0032325170468539, -0.004122556187212467, 0.0027205483056604862, -0.0018362440168857574, 0.0022290556225925684, -0.0025261451955884695, 0.0016333675011992455, -0.0011427545687183738, -0.0004274452803656459], [-0.003016234142705798, 0.002859567990526557, -0.0031126574613153934, 0.00497679365798831, -0.0037667695432901382, 0.001872295862995088, -0.0033700205385684967, 0.0028573046438395977, -0.0037247263826429844, 0.001651771366596222, -0.0002246946532977745, 0.0021748181898146868, 3.141380148008466e-05], [0.0029442710801959038, -0.0037163994275033474, 0.0032325170468539, -0.0037667695432901382, 0.0076530734077095985, -0.0043539791367948055, 0.00419084494933486, -0.004715864080935717, 0.003524146042764187, -0.005107298027724028, 0.003277548821642995, -0.003298673313111067, 0.0015584032516926527], [-0.002900205785408616, 0.003885082434862852, -0.004122556187212467, 0.001872295862995088, -0.0043539791367948055, 0.011007718741893768, -0.005872667767107487, 0.003045749617740512, -0.004085151944309473, 0.005363497417420149, -0.005406429525464773, 0.0034565606620162725, -4.853698919760063e-05], [0.0025463250931352377, -0.003336983034387231, 0.0027205483056604862, -0.0033700205385684967, 0.00419084494933486, -0.005872667767107487, 0.010722309350967407, -0.0059504639357328415, 0.004736574366688728, -0.00616521155461669, 0.004360085353255272, -0.005740539636462927, 0.003211206989362836], [-0.0021972376853227615, 0.002361949300393462, -0.0018362440168857574, 0.0028573046438395977, -0.004