{"song_id": "1183705824175075328", "download": "https://cdn.discordapp.com/attachments/1135911532732108921/1183705824175075328/chirp.mp4?ex=65894ef4&amp", "lyrics": "\u0c24\u0c3f\u0c32\u0c4b\u0c24\u0c4d\u0c24\u0c2e\u0c3e \u0c2a\u0c4d\u0c30\u0c3f\u0c2f \u0c35\u0c2f\u0c4d\u0c2f\u0c3e\u0c30\u0c2e\u0c3e\n\u0c2a\u0c4d\u0c30\u0c2d\u0c3e\u0c24\u0c2e\u0c3e \u0c36\u0c41\u0c2d \u0c35\u0c38\u0c02\u0c24\u0c2e\u0c3e\n\n\u0c28\u0c47 \u0c2e\u0c4b\u0c2f\u0c32\u0c47\u0c28\u0c02\u0c1f\u0c42\n\u0c39\u0c43\u0c26\u0c2f\u0c3e\u0c28\u0c4d\u0c28\u0c3f \u0c05\u0c02\u0c26\u0c3f\u0c02\u0c1a\u0c3e\n\u0c28\u0c47\u0c28\u0c41\u0c28\u0c4d\u0c28\u0c3e \u0c32\u0c46\u0c2e\u0c4d\u0c2e\u0c02\u0c1f\u0c42\n\u0c05\u0c26 \u0c28\u0c3e\u0c32\u0c4b \u0c26\u0c3e\u0c1a\u0c47\u0c38\u0c3e\n\n\u0c0f \u0c26\u0c3e\u0c30\u0c3f\u0c32\u0c4b \u0c38\u0c3e\u0c17\u0c41\u0c24\u0c41\u0c28\u0c4d\u0c28\n\u0c0e\u0c26 \u0c28\u0c40\u0c35\u0c48\u0c2a\u0c41\u0c15\u0c47 \u0c32\u0c3e\u0c17\u0c41\u0c24\u0c4b\u0c02\u0c26\u0c3f\n\n\u0c0f \u0c35\u0c47\u0c33\u0c32\u0c4b \u0c0e\u0c2a\u0c4d\u0c2a\u0c41\u0c21\u0c48\u0c28\u0c3e \u0c2e\u0c26\u0c3f\n\u0c28\u0c40 \u0c0a\u0c39\u0c32\u0c4b \u0c0a\u0c17\u0c41\u0c24\u0c4b\u0c02\u0c26\u0c3f\n\n\u0c06\u0c05 \u0c24\u0c3f\u0c32\u0c4b\u0c24\u0c4d\u0c24\u0c2e\u0c3e \u0c2a\u0c4d\u0c30\u0c3f\u0c2f \u0c35\u0c2f\u0c4d\u0c2f\u0c3e\u0c30\u0c2e\u0c3e\n\u0c06\u0c05 \u0c06\u0c06 \u0c05\u0c05\u0c05\u0c05\u0c05\u0c05 \u0c06\u0c06\u0c06\n\n\u0c2a\u0c46\u0c26\u0c35\u0c47 \u0c13 \u0c2e\u0c27\u0c41\u0c30 \u0c15\u0c35\u0c3f\u0c24 \u0c1a\u0c26\u0c3f\u0c35\u0c47\n\u0c05\u0c21\u0c41\u0c17\u0c47 \u0c28\u0c3e \u0c17\u0c21\u0c2a \u0c28\u0c4a\u0c26\u0c3f\u0c32\u0c3f \u0c15\u0c26\u0c3f\u0c32\u0c47\n\n\u0c07\u0c28\u0c4d\u0c28\u0c3e\u0c33\u0c4d\u0c32\u0c41 \u0c32\u0c47\u0c28\u0c3f \u0c08 \u0c15\u0c4a\u0c24\u0c4d\u0c24 \u0c2c\u0c3e\u0c23\u0c40\n\u0c07\u0c35\u0c4d\u0c35\u0c3e\u0c32\u0c46 \u0c2e\u0c28\u0c15\u0c46\u0c35\u0c30\u0c41 \u0c28\u0c47\u0c30\u0c4d\u0c2a\u0c30\u0c2e\u0c4d\u0c2e\u0c3e\n\n\u0c08 \u0c2e\u0c3e\u0c2f \u0c1a\u0c47\u0c38\u0c3f\u0c02\u0c26\u0c3f \u0c2a\u0c4d\u0c30\u0c47\u0c2e\u0c47\n\u0c2a\u0c4d\u0c30\u0c3f\u0c2f\u0c3e \u0c2a\u0c4d\u0c30\u0c47\u0c2e\u0c02\u0c1f\u0c47 \u0c12\u0c15\u0c1f\u0c48\u0c28 \u0c2e\u0c28\u0c2e\u0c47\n\u0c24\u0c3f\u0c32\u0c4b\u0c24\u0c4d\u0c24\u0c2e\u0c3e \u0c36\u0c41\u0c2d \u0c35\u0c38\u0c02\u0c24\u0c2e\u0c3e\n\n\u0c15\u0c32\u0c32\u0c47 \u0c28\u0c3e \u0c0e\u0c26\u0c41\u0c1f \u0c28\u0c3f\u0c32\u0c3f\u0c1a\u0c47 \u0c28\u0c3f\u0c1c\u0c2e\u0c48\n\u0c35\u0c32\u0c2a\u0c47 \u0c28\u0c3e \u0c35\u0c4a\u0c21\u0c3f\u0c15\u0c3f \u0c26\u0c4a\u0c30\u0c3f\u0c15\u0c47 \u0c35\u0c30\u0c2e\u0c48\n\n\u0c0f \u0c30\u0c3e\u0c39\u0c41\u0c35\u0c48\u0c28 \u0c06\u0c37\u0c3e\u0c22\u0c2e\u0c48\u0c28\n\u0c08 \u0c2c\u0c3e\u0c39\u0c41 \u0c2c\u0c02\u0c27\u0c3e\u0c28\u0c4d\u0c28\u0c3f \u0c35\u0c3f\u0c21\u0c26\u0c40\u0c2f\u0c41\u0c28\u0c3e\n\n\u0c28\u0c40 \u0c2e\u0c3e\u0c1f\u0c32\u0c47 \u0c35\u0c47\u0c26\u0c2e\u0c02\u0c24\u0c4d\u0c30\u0c02\n\u0c1a\u0c46\u0c32\u0c3f \u0c28\u0c41\u0c35\u0c4d\u0c35\u0c28\u0c4d\u0c28\u0c26\u0c47 \u0c28\u0c3e \u0c2a\u0c4d\u0c30\u0c2a\u0c02\u0c1a\u0c02\n\n\u0c24\u0c3f\u0c32\u0c4b\u0c24\u0c4d\u0c24\u0c2e\u0c3e \u0c2a\u0c4d\u0c30\u0c3f\u0c2f \u0c35\u0c2f\u0c4d\u0c2f\u0c3e\u0c30\u0c2e\u0c3e\n\u0c2a\u0c4d\u0c30\u0c2d\u0c3e\u0c24\u0c2e\u0c3e \u0c36\u0c41\u0c2d \u0c35\u0c38\u0c02\u0c24\u0c2e\u0c3e\n\n\u0c28\u0c47 \u0c2e\u0c4b\u0c2f\u0c32\u0c47\u0c28\u0c02\u0c1f\u0c42\n\u0c39\u0c43\u0c26\u0c2f\u0c3e\u0c28\u0c4d\u0c28\u0c3f \u0c05\u0c02\u0c26\u0c3f\u0c02\u0c1a\u0c3e\n\u0c28\u0c47\u0c28\u0c41\u0c28\u0c4d\u0c28\u0c3e \u0c32\u0c46\u0c2e\u0c4d\u0c2e\u0c02\u0c1f\u0c42\n\u0c05\u0c26\u0c3f \u0c28\u0c3e\u0c32\u0c4b \u0c26\u0c3e\u0c1a\u0c47\u0c38\u0c3e\n\n\u0c0f \u0c26\u0c3e\u0c30\u0c3f\u0c32\u0c4b \u0c38\u0c3e\u0c17\u0c41\u0c24\u0c41\u0c28\u0c4d\u0c28 \u0c0e\u0c26\n\u0c28\u0c40\u0c35\u0c48\u0c2a\u0c41\u0c15\u0c47 \u0c32\u0c3e\u0c17\u0c41\u0c24\u0c4b\u0c02\u0c26\u0c3f\n\n\u0c0f \u0c35\u0c47\u0c33\u0c32\u0c4b \u0c0e\u0c2a\u0c4d\u0c2a\u0c41\u0c21\u0c48\u0c28\u0c3e \u0c2e\u0c26\u0c3f\n\u0c28\u0c40 \u0c0a\u0c39\u0c32\u0c4b \u0c0a\u0c17\u0c41", "style": ["funk"], "essentia_features": {"lowlevel.average_loudness": 0.4966297745704651, "lowlevel.barkbands_crest.mean": 10.071069717407227, "lowlevel.barkbands_crest.stdev": 4.46968412399292, "lowlevel.barkbands_flatness_db.mean": 0.16946925222873688, "lowlevel.barkbands_flatness_db.stdev": 0.05116407945752144, "lowlevel.barkbands_kurtosis.mean": 4.842637062072754, "lowlevel.barkbands_kurtosis.stdev": 17.920032501220703, "lowlevel.barkbands_skewness.mean": 1.1089708805084229, "lowlevel.barkbands_skewness.stdev": 1.9244434833526611, "lowlevel.barkbands_spread.mean": 25.218713760375977, "lowlevel.barkbands_spread.stdev": 12.4841890335083, "lowlevel.dissonance.mean": 0.4706439971923828, "lowlevel.dissonance.stdev": 0.023056635633111, "lowlevel.dynamic_complexity": 4.492609977722168, "lowlevel.erbbands_crest.mean": 9.285185813903809, "lowlevel.erbbands_crest.stdev": 3.8327441215515137, "lowlevel.erbbands_flatness_db.mean": 0.2146642655134201, "lowlevel.erbbands_flatness_db.stdev": 0.05891713127493858, "lowlevel.erbbands_kurtosis.mean": 0.2459506094455719, "lowlevel.erbbands_kurtosis.stdev": 2.2883212566375732, "lowlevel.erbbands_skewness.mean": -0.0875697135925293, "lowlevel.erbbands_skewness.stdev": 1.0168489217758179, "lowlevel.erbbands_spread.mean": 42.271358489990234, "lowlevel.erbbands_spread.stdev": 19.495920181274414, "lowlevel.hfc.mean": 15.369032859802246, "lowlevel.hfc.stdev": 21.048999786376953, "lowlevel.loudness_ebu128.integrated": -22.818267822265625, "lowlevel.loudness_ebu128.loudness_range": 6.849002838134766, "lowlevel.loudness_ebu128.momentary.mean": -24.144285202026367, "lowlevel.loudness_ebu128.momentary.stdev": 3.3767364025115967, "lowlevel.loudness_ebu128.short_term.mean": -23.524551391601562, "lowlevel.loudness_ebu128.short_term.stdev": 2.5742626190185547, "lowlevel.melbands_crest.mean": 13.245549201965332, "lowlevel.melbands_crest.stdev": 5.435477256774902, "lowlevel.melbands_flatness_db.mean": 0.18160049617290497, "lowlevel.melbands_flatness_db.stdev": 0.07017545402050018, "lowlevel.melbands_kurtosis.mean": 15.522727966308594, "lowlevel.melbands_kurtosis.stdev": 35.972694396972656, "lowlevel.melbands_skewness.mean": 2.4294238090515137, "lowlevel.melbands_skewness.stdev": 2.3287882804870605, "lowlevel.melbands_spread.mean": 39.67074203491211, "lowlevel.melbands_spread.stdev": 28.156761169433594, "lowlevel.pitch_salience.mean": 0.5262796878814697, "lowlevel.pitch_salience.stdev": 0.14110621809959412, "lowlevel.silence_rate_20dB.mean": 0.9971031546592712, "lowlevel.silence_rate_20dB.stdev": 0.05374450981616974, "lowlevel.silence_rate_30dB.mean": 0.9571263194084167, "lowlevel.silence_rate_30dB.stdev": 0.202572762966156, "lowlevel.silence_rate_60dB.mean": 0.3018539845943451, "lowlevel.silence_rate_60dB.stdev": 0.4590648412704468, "lowlevel.spectral_centroid.mean": 2135.6767578125, "lowlevel.spectral_centroid.stdev": 1054.357177734375, "lowlevel.spectral_complexity.mean": 11.83314037322998, "lowlevel.spectral_complexity.stdev": 9.585142135620117, "lowlevel.spectral_decrease.mean": -5.262016156137861e-09, "lowlevel.spectral_decrease.stdev": 1.2259588011431788e-08, "lowlevel.spectral_energy.mean": 0.021254071965813637, "lowlevel.spectral_energy.stdev": 0.04746631160378456, "lowlevel.spectral_energyband_high.mean": 0.0009431425714865327, "lowlevel.spectral_energyband_high.stdev": 0.0015283634420484304, "lowlevel.spectral_energyband_low.mean": 0.009734118357300758, "lowlevel.spectral_energyband_low.stdev": 0.03771119937300682, "lowlevel.spectral_energyband_middle_high.mean": 0.0029151637572795153, "lowlevel.spectral_energyband_middle_high.stdev": 0.004838108085095882, "lowlevel.spectral_energyband_middle_low.mean": 0.008892823942005634, "lowlevel.spectral_energyband_middle_low.stdev": 0.016723455861210823, "lowlevel.spectral_entropy.mean": 7.493610858917236, "lowlevel.spectral_entropy.stdev": 0.37760472297668457, "lowlevel.spectral_flux.mean": 0.06688405573368073, "lowlevel.spectral_flux.stdev": 0.07831760495901108, "lowlevel.spectral_kurtosis.mean": 2.806709051132202, "lowlevel.spectral_kurtosis.stdev": 2.263887882232666, "lowlevel.spectral_rms.mean": 0.003365173703059554, "lowlevel.spectral_rms.stdev": 0.00306777679361403, "lowlevel.spectral_rolloff.mean": 2819.181884765625, "lowlevel.spectral_rolloff.stdev": 2076.53271484375, "lowlevel.spectral_skewness.mean": 0.8376024961471558, "lowlevel.spectral_skewness.stdev": 0.4672373831272125, "lowlevel.spectral_spread.mean": 4019488.0, "lowlevel.spectral_spread.stdev": 2781325.25, "lowlevel.spectral_strongpeak.mean": 1.0883885622024536, "lowlevel.spectral_strongpeak.stdev": 1.1534605026245117, "lowlevel.zerocrossingrate.mean": 0.09316638112068176, "lowlevel.zerocrossingrate.stdev": 0.053590405732393265, "metadata.audio_properties.analysis.equal_loudness": 0.0, "metadata.audio_properties.analysis.length": 40.04265213012695, "metadata.audio_properties.analysis.sample_rate": 44100.0, "metadata.audio_properties.analysis.start_time": 0.0, "metadata.audio_properties.bit_rate": 121135.0, "metadata.audio_properties.length": 40.042667388916016, "metadata.audio_properties.lossless": 0.0, "metadata.audio_properties.number_channels": 1.0, "metadata.audio_properties.replay_gain": -5.538358688354492, "metadata.audio_properties.sample_rate": 48000.0, "rhythm.beats_count": 62.0, "rhythm.beats_loudness.mean": 0.050519950687885284, "rhythm.beats_loudness.stdev": 0.07807130366563797, "rhythm.bpm": 93.79118347167969, "rhythm.bpm_histogram_first_peak_bpm": 94.0, "rhythm.bpm_histogram_first_peak_weight": 0.2321428656578064, "rhythm.bpm_histogram_second_peak_bpm": 89.0, "rhythm.bpm_histogram_second_peak_spread": 0.0, "rhythm.bpm_histogram_second_peak_weight": 0.08196720480918884, "rhythm.danceability": 1.2027370929718018, "rhythm.onset_rate": 4.94327449798584, "tonal.chords_changes_rate": 0.0451388880610466, "tonal.chords_number_rate": 0.009259259328246117, "tonal.chords_strength.mean": 0.47022736072540283, "tonal.chords_strength.stdev": 0.061445657163858414, "tonal.hpcp_crest.mean": 17.69645881652832, "tonal.hpcp_crest.stdev": 8.716164588928223, "tonal.hpcp_entropy.mean": 1.5531394481658936, "tonal.hpcp_entropy.stdev": 0.8224680423736572, "tonal.key_edma.strength": 0.608658492565155, "tonal.key_krumhansl.strength": 0.6232562065124512, "tonal.key_temperley.strength": 0.6172268986701965, "tonal.tuning_diatonic_strength": 0.5059970021247864, "tonal.tuning_equal_tempered_deviation": 0.025654401630163193, "tonal.tuning_frequency": 440.76312255859375, "tonal.tuning_nontempered_energy_ratio": 0.5984752774238586, "lowlevel.barkbands.mean": [0.00012173062714282423, 0.0058395941741764545, 0.0026323709171265364, 0.001866076490841806, 0.002627085894346237, 0.0023224004544317722, 0.001167104346677661, 0.0004067791160196066, 0.00032879403443075716, 0.0002705848019104451, 0.0003854593087453395, 0.00021026252943556756, 0.0001571543252794072, 0.00023730868997517973, 0.0002538576372899115, 0.00022257567616179585, 0.00016802041500341147, 0.00017056487558875233, 0.0005785174435004592, 0.0004388208035379648, 0.00022151054872665554, 0.0005207048379816115, 5.21279544045683e-05, 2.7158012017025612e-05, 1.910874925670214e-05, 8.290177902381402e-06, 1.1949131817345915e-07], "lowlevel.barkbands.stdev": [0.0006283065886236727, 0.02664194628596306, 0.011635550297796726, 0.00822629313915968, 0.007393816020339727, 0.004166608210653067, 0.0021004655864089727, 0.0014550605555996299, 0.0012520209420472383, 0.0007956507615745068, 0.0012036674888804555, 0.0007403666968457401, 0.00040809038910083473, 0.0005639874725602567, 0.0006256548222154379, 0.000668080523610115, 0.00042716081952676177, 0.00038156399386934936, 0.0008666036301292479, 0.0007465204107575119, 0.0003753936616703868, 0.0009049294167198241, 0.00015248182171490043, 9.017847332870588e-05, 5.926317680859938e-05, 2.57824740401702e-05, 7.154348509175179e-07], "lowlevel.erbbands.mean": [0.14164985716342926, 1.3771318197250366, 3.1208066940307617, 5.297382354736328, 5.186079502105713, 10.77291202545166, 8.880690574645996, 20.201351165771484, 28.556995391845703, 10.823389053344727, 6.010802745819092, 8.105477333068848, 10.1103515625, 6.558963775634766, 17.920494079589844, 8.846976280212402, 7.523415565490723, 13.004997253417969, 9.699420928955078, 14.274345397949219, 10.927928924560547, 9.385811805725098, 9.574063301086426, 24.8992862701416, 28.9533748626709, 19.763877868652344, 6.611066818237305, 14.468530654907227, 23.597375869750977, 3.872514009475708, 1.2507848739624023, 0.7285412549972534, 0.3886429965496063, 0.24569283425807953, 0.11723581701517105, 0.05449089780449867, 0.010387527756392956, 0.0011876266216859221, 3.8528803997905925e-05, 2.702399797271937e-05], "lowlevel.erbbands.stdev": [0.6959758996963501, 6.442378520965576, 14.257218360900879, 22.311891555786133, 19.013591766357422, 27.956764221191406, 27.999479293823242, 35.665504455566406, 54.4398078918457, 31.54859733581543, 19.550521850585938, 31.643508911132812, 25.26835823059082, 32.49883270263672, 50.11798095703125, 28.724058151245117, 18.9932804107666, 29.5097713470459, 18.98574447631836, 31.89229393005371, 30.345596313476562, 25.75664710998535, 21.361753463745117, 39.26023864746094, 49.68709945678711, 33.32954025268555, 13.42259407043457, 23.592735290527344, 40.765655517578125, 8.321648597717285, 3.5576694011688232, 2.51151967048645, 1.368621826171875, 0.8184585571289062, 0.34016358852386475, 0.16134150326251984, 0.031280212104320526, 0.005109569523483515, 0.00011037486547138542, 5.4888372687855735e-05], "lowlevel.gfcc.mean": [-90.64068603515625, 67.15080261230469, -172.28878784179688, 37.224525451660156, -80.30134582519531, -14.968107223510742, -37.983726501464844, -18.082670211791992, -31.78689956665039, 3.463505744934082, -12.701359748840332, 5.898645877838135, -5.513823986053467], "lowlevel.melbands.mean": [0.001455862307921052, 0.0017374593298882246, 0.0008886336581781507, 0.0005299982149153948, 0.000385537336114794, 0.0005015123169869184, 0.00039758149068802595, 0.00011078454554080963, 4.533597893896513e-05, 5.2542181947501376e-05, 4.8882433475228027e-05, 2.2917503883945756e-05, 5.170116855879314e-05, 3.5255809052614495e-05, 1.5670450011384673e-05, 1.6869766113813967e-05, 2.6188770789303817e-05, 1.3198368833400309e-05, 2.2175010599312373e-05, 1.970535595319234e-05, 1.066923050530022e-05, 1.0602966540318448e-05, 7.200834716059035e-06, 9.328139640274458e-06, 2.1499696231330745e-05, 1.903315569506958e-05, 2.2964068193687126e-05, 1.0025035408034455e-05, 3.966602889704518e-06, 3.5077305255981628e-06, 1.043144402501639e-05, 1.784248888725415e-05, 3.843407284875866e-06, 1.3574383501691045e-06, 6.851120133433142e-07, 5.8933397895089e-07, 3.8467078411486e-07, 2.9032523229943763e-07, 2.1408497730135423e-07, 2.0791071619896684e-07], "lowlevel.melbands.stdev": [0.006686870940029621, 0.00756680965423584, 0.0035430798307061195, 0.0013795415870845318, 0.001215437543578446, 0.0009070475935004652, 0.0007422215421684086, 0.0003646922414191067, 0.0001545149862067774, 0.00020894297631457448, 0.00012530398089438677, 0.00012597389286383986, 0.00016408562078140676, 9.951623360393569e-05, 5.310168853611685e-05, 4.084670217707753e-05, 6.398452387657017e-05, 2.7428759494796395e-05, 6.185074016684666e-05, 5.5050913942977786e-05, 3.114669743808918e-05, 2.944803964055609e-05, 1.9435130525380373e-05, 1.915340544655919e-05, 3.538882083375938e-05, 3.477289646980353e-05, 3.967262091464363e-05, 1.8227392502012663e-05, 9.262519597541541e-06, 7.917749826447107e-06, 1.7576918253325857e-05, 3.12025731545873e-05, 7.905339771241415e-06, 3.840819772449322e-06, 1.95319194062904e-06, 2.3273576061910717e-06, 1.2565758424898377e-06, 1.031090391734324e-06, 7.976650522323325e-07, 6.74273621825705e-07], "lowlevel.melbands128.mean": [0.0001175849320134148, 0.0009641944197937846, 0.0020145431626588106, 0.002411319175735116, 0.0017561097629368305, 0.0012598324101418257, 0.0011537163518369198, 0.0008107561734504998, 0.00044395009172149, 0.00041136707295663655, 0.0006778966635465622, 0.0006416577380150557, 0.00025743423611856997, 0.00014654509141109884, 0.00021683030354324728, 0.000973081449046731, 0.0008519971743226051, 0.00010853447020053864, 0.00010627195297274739, 0.00011409633589209989, 0.000133976704091765, 3.657600609585643e-05, 3.9010563341435045e-05, 4.280159919289872e-05, 4.8016197979450226e-05, 6.558246241183951e-05, 3.754620411200449e-05, 7.381992327282205e-05, 2.5676472432678565e-05, 1.7442154785385355e-05, 2.6375553716206923e-05, 2.4659688278916292e-05, 3.584449950722046e-05, 0.00010838063462870196, 2.907394627982285e-05, 2.2108381017460488e-05, 2.1493478925549425e-05, 1.4654930964752566e-05, 1.3050803318037651e-05, 1.5419545889017172e-05, 2.3129179680836387e-05, 8.291286576422863e-06, 2.8002379622193985e-05, 4.0322371205547825e-05, 8.489768333674874e-06, 1.0631595614540856e-05, 1.0613188351271674e-05, 3.323438795632683e-05, 1.9912207790184766e-05, 1.1115186680399347e-05, 2.6623112717061304e-05, 2.2940070266486146e-05, 6.196403774083592e-06, 8.063534551183693e-06, 1.1844331311294809e-05, 1.2643624359043315e-05, 7.84866733738454e-06, 5.797186076961225e-06, 7.008266493357951e-06, 1.0174448107136413e-05, 5.884694019187009e-06, 5.826846518175444e-06, 3.503166954033077e-05, 2.015161771851126e-05, 1.1899504897883162e-05, 1.9669834728119895e-05, 2.2585192709811963e-05, 2.202313407906331e-05, 2.3607895855093375e-05, 2.5627472496125847e-05, 6.692975148325786e-06, 5.039571988163516e-06, 5.096307177154813e-06, 3.503301513774204e-06, 3.091881353611825e-06, 3.0972648801252944e-06, 3.521146936691366e-06, 5.206929017731454e-06, 1.1623539649008308e-05, 1.2211403372930363e-05, 2.8491464036051184e-05, 1.4772888789593708e-05, 6.351624961098423e-06, 2.9061802706564777e-06, 1.7319271137239411e-06, 1.3708455526284524e-06, 1.4320249874799629e-06, 8.623516123407171e-07, 6.288598797254963e-07, 5.134911589266267e-07, 6.414196036530484e-07, 6.465912179010047e-07, 4.423395978392364e-07, 3.500115326460218e-07, 3.5741979331760376e-07, 3.889544188950822e-07, 2.359078052904806e-07, 2.2056413229165628e-07, 2.275221646641512e-07, 1.9760997815865267e-07, 2.0579081194682658e-07, 2.1805473693348176e-07, 2.109887020651513e-07, 1.4137442860828742e-07, 1.1219264450801347e-07, 1.1339041350311163e-07, 1.1515174946907791e-07, 1.1358596907484753e-07, 1.0889834811678156e-07, 7.95008006093667e-08, 4.671604969530563e-08, 3.558479733101194e-08, 2.573946744632849e-08, 2.2470800331575447e-08, 1.9838985565456824e-08, 1.3212275717933153e-08, 4.787969576369733e-09, 3.203425302800156e-10, 2.3058218528992924e-11, 1.1137327171617528e-11, 5.2235941266909336e-12, 3.79580958678738e-12, 3.3646189133429427e-12, 3.289789447802338e-12, 3.1205569812203793e-12, 2.8568686045310487e-12, 2.711329858545719e-12, 2.6790078402200157e-12], "lowlevel.melbands128.stdev": [0.0006179420161060989, 0.005249954294413328, 0.009781613945960999, 0.011996992863714695, 0.008870637975633144, 0.00534683046862483, 0.0050795492716133595, 0.003555354429408908, 0.0019780993461608887, 0.0011587211629375815, 0.0017319818725809455, 0.0024311323650181293, 0.0009584738872945309, 0.0005065674777142704, 0.0004141500103287399, 0.001961622154340148, 0.0017603089800104499, 0.00023508025333285332, 0.00035150552866980433, 0.000406733772251755, 0.000524015340488404, 0.0001598433154867962, 0.00016977224731817842, 0.00018576344882603735, 0.00021352694602683187, 0.0003308559244032949, 0.00010989668953698128, 0.00018626940436661243, 0.00010527551785344258, 0.00011661608732538298, 0.00015517612337134778, 0.00016184076957870275, 0.00016638007946312428, 0.0002592729579191655, 0.00011182512389495969, 8.878102380549535e-05, 8.954470831668004e-05, 5.677916487911716e-05, 5.0814902351703495e-05, 4.8309710109606385e-05, 5.140705980011262e-05, 3.411688157939352e-05, 7.710880890954286e-05, 0.00010208912135567516, 3.073861080338247e-05, 3.170009586028755e-05, 2.4915570975281298e-05, 0.00011024205014109612, 6.136843148851767e-05, 3.389226185390726e-05, 8.598955173511058e-05, 7.633205677848309e-05, 4.0603998058941215e-05, 2.393039540038444e-05, 3.0523638997692615e-05, 4.446904858923517e-05, 2.7749851142289117e-05, 2.1055555407656357e-05, 2.114732160407584e-05, 3.1571566069033e-05, 2.0503905034274794e-05, 1.603709279152099e-05, 6.888563802931458e-05, 3.486953937681392e-05, 2.7279655114398338e-05, 4.012185672763735e-05, 4.836649895878509e-05, 5.168766074348241e-05, 4.693551090895198e-05, 5.434626655187458e-05, 1.4717234989802819e-05, 1.2763012819050346e-05, 1.4199212273524608e-05, 9.522540494799614e-06, 7.459392691089306e-06, 9.062474418897182e-06, 9.499404768575914e-06, 1.1857785466418136e-05, 2.08455076062819e-05, 2.5755836759344675e-05, 5.247915396466851e-05, 3.232637754990719e-05, 1.4683389963465743e-05, 5.859100383531768e-06, 5.40230939805042e-06, 4.883397195953876e-06, 3.996924533566926e-06, 2.6611760404193774e-06, 1.96300038624031e-06, 1.6587729305683752e-06, 2.501402605048497e-06, 3.3796263778640423e-06, 1.4225173572413041e-06, 1.2351646319075371e-06, 1.2248243592694052e-06, 1.3825132327838219e-06, 9.269340353057487e-07, 9.839080803430988e-07, 8.240003808168694e-07, 8.412256420342601e-07, 7.889269681982114e-07, 6.552733111675479e-07, 7.389835445792414e-07, 4.472157115742448e-07, 3.6207040920999134e-07, 3.505987820062728e-07, 3.7026057952971314e-07, 4.065441316924989e-07, 3.3944860433621216e-07, 2.5522280111545115e-07, 1.5908766215488868e-07, 1.0792330584763477e-07, 9.106315701501444e-08, 7.776306887308237e-08, 1.0152167106980414e-07, 8.151459240934855e-08, 2.6045906764693427e-08, 1.6198336005857072e-09, 5.027558369619101e-10, 2.201175630656138e-10, 4.52537937678521e-11, 1.4835880787766875e-11, 1.0675719856745314e-11, 1.048925269558909e-11, 1.0330393658553039e-11, 1.020767931986244e-11, 1.011685960700115e-11, 1.006121574942398e-11], "lowlevel.mfcc.mean": [-713.0105590820312, 90.56449127197266, -42.50126266479492, 35.75880432128906, -28.901456832885742, 3.734049081802368, -13.068281173706055, -16.20248794555664, -15.52710247039795, -18.418777465820312, -2.346561908721924, -16.357812881469727, 2.368196725845337], "lowlevel.spectral_contrast_coeffs.mean": [-0.6380836367607117, -0.7025192975997925, -0.7617114782333374, -0.7935442328453064, -0.7626066207885742, -0.6341181397438049], "lowlevel.spectral_contrast_coeffs.stdev": [0.1094052717089653, 0.10414546728134155, 0.060879580676555634, 0.05550423637032509, 0.059291329234838486, 0.0959555059671402], "lowlevel.spectral_contrast_valleys.mean": [-8.841757774353027, -7.940613746643066, -8.250726699829102, -8.215941429138184, -7.894009590148926, -11.81533432006836], "lowlevel.spectral_contrast_valleys.stdev": [2.074903726577759, 1.6549232006072998, 1.5280073881149292, 1.4512354135513306, 1.5079768896102905, 1.828375220298767], "rhythm.beats_loudness_band_ratio.mean": [0.24669592082500458, 0.2577548325061798, 0.1364956498146057, 0.12977302074432373, 0.14122657477855682, 0.16134336590766907], "rhythm.beats_loudness_band_ratio.stdev": [0.3354074954986572, 0.20839011669158936, 0.13229650259017944, 0.10951235145330429, 0.1180495172739029, 0.13703426718711853], "tonal.hpcp.mean": [0.0592312254011631, 0.04299691691994667, 0.1757182776927948, 0.300489217042923, 0.16914094984531403, 0.043957535177469254, 0.040633466094732285, 0.03666461259126663, 0.2400885820388794, 0.4571077227592468, 0.2610459327697754, 0.04136957228183746, 0.04042452946305275, 0.05223678797483444, 0.06763441115617752, 0.083086758852005, 0.07569842785596848, 0.1188623458147049, 0.15294037759304047, 0.08804202824831009, 0.05518098175525665, 0.05324618145823479, 0.03841042518615723, 0.12613867223262787, 0.21793539822101593, 0.13163946568965912, 0.039053965359926224, 0.031865354627370834, 0.038088276982307434, 0.26976263523101807, 0.4992210566997528, 0.2935222089290619, 0.09032148122787476, 0.08403372019529343, 0.07490763068199158, 0.08065396547317505], "tonal.hpcp.stdev": [0.12847262620925903, 0.12168380618095398, 0.22685277462005615, 0.3666461110115051, 0.2212802618741989, 0.10712377727031708, 0.09065782278776169, 0.08837071061134338, 0.22799621522426605, 0.39393350481987, 0.24905745685100555, 0.12106408923864365, 0.1258573830127716, 0.15680934488773346, 0.1582053154706955, 0.1626472920179367, 0.15405039489269257, 0.1990511268377304, 0.2681467831134796, 0.17236992716789246, 0.13848043978214264, 0.13281351327896118, 0.10867542028427124, 0.18391770124435425, 0.2931964695453644, 0.1763778030872345, 0.09810168296098709, 0.0908384695649147, 0.10956758260726929, 0.2382594496011734, 0.38021525740623474, 0.2296994924545288, 0.17042522132396698, 0.16804875433444977, 0.15390822291374207, 0.14775297045707703], "rhythm.beats_position": [0.650158703327179, 1.3235373497009277, 1.9969160556793213, 2.670294761657715, 3.3320634365081787, 4.005442142486572, 4.690430641174316, 5.352199554443359, 5.990748405456543, 6.629296779632568, 7.267845630645752, 7.9063944816589355, 8.544942855834961, 9.171881675720215, 9.810430526733398, 10.448979377746582, 11.087528228759766, 11.72607707977295, 12.364625930786133, 13.003174781799316, 13.63011360168457, 14.268661499023438, 14.907210350036621, 15.545759201049805, 16.184309005737305, 16.811246871948242, 17.44979476928711, 18.08834457397461, 18.726892471313477, 19.365442276000977, 20.003990173339844, 20.642539978027344, 21.26947784423828, 21.90802764892578, 22.54657554626465, 23.185123443603516, 23.823673248291016, 24.450611114501953, 25.089160919189453, 25.72770881652832, 26.36625862121582, 27.004806518554688, 27.643356323242188, 28.281904220581055, 28.908842086791992, 29.547391891479492, 30.18593978881836, 30.81287956237793, 31.463037490844727, 32.0899772644043, 32.7285270690918, 33.36707305908203, 33.994014739990234, 34.63256072998047, 35.27111053466797, 35.90966033935547, 36.5482063293457, 37.175148010253906, 37.81369400024414, 38.45224380493164, 39.09079360961914, 39.72934341430664], "rhythm.bpm_histogram": [0.0, 0.0, 0.0, 0.0, 0.0, 0.0, 0.0, 0.0, 0.0, 0.0, 0.0, 0.0, 0.0, 0.0, 0.0, 0.0, 0.0, 0.0, 0.0, 0.0, 0.0, 0.0, 0.0, 0.0, 0.0, 0.0, 0.0, 0.0, 0.0, 0.0, 0.0, 0.0, 0.0, 0.0, 0.0, 0.0, 0.0, 0.0, 0.0, 0.0, 0.0, 0.0, 0.0, 0.0, 0.0, 0.0, 0.0, 0.0, 0.0, 0.0, 0.0, 0.0, 0.0, 0.0, 0.0, 0.0, 0.0, 0.0, 0.0, 0.0, 0.0, 0.0, 0.0, 0.0, 0.0, 0.0, 0.0, 0.0, 0.0, 0.0, 0.0, 0.0, 0.0, 0.0, 0.0, 0.0, 0.0, 0.0, 0.0, 0.0, 0.0, 0.0, 0.0, 0.0, 0.0, 0.0, 0.0, 0.0, 0.016393441706895828, 0.06557376682758331, 0.0, 0.032786883413791656, 0.016393441706895828, 0.0, 0.7049180269241333, 0.0, 0.16393442451953888, 0.0, 0.0, 0.0, 0.0, 0.0, 0.0, 0.0, 0.0, 0.0, 0.0, 0.0, 0.0, 0.0, 0.0, 0.0, 0.0, 0.0, 0.0, 0.0, 0.0, 0.0, 0.0, 0.0, 0.0, 0.0, 0.0, 0.0, 0.0, 0.0, 0.0, 0.0, 0.0, 0.0, 0.0, 0.0, 0.0, 0.0, 0.0, 0.0, 0.0, 0.0, 0.0, 0.0, 0.0, 0.0, 0.0, 0.0, 0.0, 0.0, 0.0, 0.0, 0.0, 0.0, 0.0, 0.0, 0.0, 0.0, 0.0, 0.0, 0.0, 0.0, 0.0, 0.0, 0.0, 0.0, 0.0, 0.0, 0.0, 0.0, 0.0, 0.0, 0.0, 0.0, 0.0, 0.0, 0.0, 0.0, 0.0, 0.0, 0.0, 0.0, 0.0, 0.0, 0.0, 0.0, 0.0, 0.0, 0.0, 0.0, 0.0, 0.0, 0.0, 0.0, 0.0, 0.0, 0.0, 0.0, 0.0, 0.0, 0.0, 0.0, 0.0, 0.0, 0.0, 0.0, 0.0, 0.0, 0.0, 0.0, 0.0, 0.0, 0.0, 0.0, 0.0, 0.0, 0.0, 0.0, 0.0, 0.0, 0.0, 0.0, 0.0, 0.0, 0.0, 0.0, 0.0, 0.0, 0.0, 0.0, 0.0, 0.0, 0.0, 0.0, 0.0, 0.0, 0.0, 0.0, 0.0, 0.0, 0.0, 0.0, 0.0, 0.0, 0.0, 0.0, 0.0, 0.0, 0.0, 0.0, 0.0, 0.0, 0.0, 0.0], "tonal.chords_histogram": [64.35185241699219, 5.55555534362793, 1.2731481790542603, 2.0833332538604736, 0.0, 1.0416666269302368, 0.0, 4.861111164093018, 0.0, 0.0, 0.0, 0.0, 0.0, 0.0, 0.0, 0.0, 0.0, 0.0, 0.0, 0.0, 1.3888888359069824, 0.0, 19.44444465637207, 0.0], "tonal.thpcp": [1.0, 0.587960422039032, 0.18092481791973114, 0.16832968592643738, 0.15004901587963104, 0.16155962646007538, 0.11864729225635529, 0.08612801134586334, 0.3519849181175232, 0.6019161343574524, 0.3388097286224365, 0.08805224299430847, 0.08139373362064362, 0.07344364374876022, 0.48092639446258545, 0.9156419038772583, 0.522906482219696, 0.08286824077367783, 0.08097521215677261, 0.10463658720254898, 0.1354798823595047, 0.16643279790878296, 0.15163308382034302, 0.23809561133384705, 0.3063580393791199, 0.17635880410671234, 0.11053416132926941, 0.10665852576494217, 0.07694071531295776, 0.2526709735393524, 0.43655088543891907, 0.26368972659111023, 0.07822980731725693, 0.06383015215396881, 0.0762954130768776, 0.5403671264648438], "lowlevel.gfcc.cov": [[17110.453125, 974.3772583007812, 2354.913818359375, 1208.5531005859375, -527.859375, 606.431884765625, -549.7013549804688, 556.8546752929688, -296.9029846191406, 335.5615539550781, -326.5869445800781, 61.87446975708008, -325.5074157714844], [974.3772583007812, 1404.6885986328125, 267.40570068359375, 444.77923583984375, 209.95851135253906, -115.186767578125, 226.4636993408203, -305.61669921875, 43.22391128540039, -232.1751251220703, 28.68680763244629, -169.74851989746094, 59.40473556518555], [2354.913818359375, 267.40570068359375, 3029.264404296875, 509.7562255859375, 347.6981506347656, 788.8057250976562, -294.760009765625, 527.8116455078125, -175.11106872558594, 336.1939392089844, -18.85551643371582, 74.63219451904297, -126.1028823852539], [1208.5531005859375, 444.77923583984375, 509.7562255859375, 587.5226440429688, 215.3917694091797, 80.6569595336914, 189.14068603515625, -39.14773941040039, -27.562074661254883, -61.62649154663086, -10.628047943115234, -20.602413177490234, -1.2739133834838867], [-527.859375, 209.95851135253906, 347.6981506347656, 215.3917694091797, 324.8136901855469, 155.1395721435547, 129.98367309570312, 25.287715911865234, 11.680451393127441, -25.768299102783203, -0.5224166512489319, -21.24717140197754, -8.785350799560547], [606.431884765625, -115.186767578125, 788.8057250976562, 80.6569595336914, 155.1395721435547, 488.3175964355469, -52.25403594970703, 262.8360595703125, -11.946693420410156, 149.59005737304688, -1.198162317276001, 20.25383186340332, -61.3235969543457], [-549.7013549804688, 226.4636993408203, -294.760009765625, 189.14068603515625, 129.98367309570312, -52.25403594970703, 369.57977294921875, -79.60326385498047, 123.64839935302734, -65.40766143798828, 36.32074737548828, -27.725933074951172, 22.510461807250977], [556.8546752929688, -305.61669921875, 527.8116455078125, -39.14773941040039, 25.287715911865234, 262.8360595703125, -79.60326385498047, 402.5269775390625, 44.99856948852539, 176.30569458007812, 1.175283432006836, 17.524105072021484, -73.47183990478516], [-296.9029846191406, 43.22391128540039, -175.11106872558594, -27.562074661254883, 11.680451393127441, -11.946693420410156, 123.64839935302734, 44.99856948852539, 242.57626342773438, 72.23357391357422, 59.48030471801758, -13.302037239074707, -3.2161967754364014], [335.5615539550781, -232.1751251220703, 336.1939392089844, -61.62649154663086, -25.768299102783203, 149.59005737304688, -65.40766143798828, 176.30569458007812, 72.23357391357422, 248.5616455078125, 62.83463668823242, 83.82844543457031, -22.261856079101562], [-326.5869445800781, 28.68680763244629, -18.85551643371582, -10.628047943115234, -0.5224166512489319, -1.198162317276001, 36.32074737548828, 1.175283432006836, 59.48030471801758, 62.83463668823242, 137.71194458007812, 45.056636810302734, 46.82887268066406], [61.87446975708008, -169.74851989746094, 74.63219451904297, -20.602413177490234, -21.24717140197754, 20.25383186340332, -27.725933074951172, 17.524105072021484, -13.302037239074707, 83.82844543457031, 45.056636810302734, 137.64654541015625, 39.04508590698242], [-325.5074157714844, 59.40473556518555, -126.1028823852539, -1.2739133834838867, -8.785350799560547, -61.3235969543457, 22.510461807250977, -73.47183990478516, -3.2161967754364014, -22.261856079101562, 46.82887268066406, 39.04508590698242, 96.91861724853516]], "lowlevel.gfcc.icov": [[0.0002138735871994868, -0.0004594211932271719, 0.00020664122712332755, -0.0007667926838621497, 0.0009079340961761773, -0.0003705037815961987, 0.000440909992903471, -0.0004508049169089645, 0.00012922158930450678, -0.0003344911092426628, 0.0005829372094012797, -0.000689485517796129, 0.0005859734956175089], [-0.0004594211932271719, 0.0029783265199512243, -0.0011626769555732608, 0.0010300609283149242, -0.0020211434457451105, 0.001156458631157875, -0.0011749605182558298, 0.002490765182301402, -0.0013099146308377385, 0.0016689334297552705, -0.0021644593216478825, 0.0038530519232153893, -0.0023247089702636003], [0.00020664122712332755, -0.0011626769555732608, 0.0015414985828101635, -0.0016055327141657472, 0.00032691340311430395, -0.001234131632372737, 0.001640786649659276, -0.0014151523355394602, 0.0009488158393651247, -0.0015553623670712113, 0.000786670483648777, -0.0013716652756556869, 0.0010328256757929921], [-0.0007667926838621497, 0.0010300609283149242, -0.0016055327141657472, 0.0066599296405911446, -0.0038276214618235826, 0.0017457689391449094, -0.003937050700187683, 0.001767784939147532, 0.0003891607921104878, 0.0016739200800657272, -0.0016116723418235779, 0.0016388185322284698, -0.0016800393350422382], [0.0009079340961761773, -0.0020211434457451105, 0.00032691340311430395, -0.0038276214618235826, 0.00966981053352356, -0.003367714351043105, -2.729038351390045e-05, -0.0015591222327202559, 0.00016614525520708412, 0.00020628332276828587, 0.002373435301706195, -0.0030250120908021927, 0.0023580780252814293], [-0.0003705037815961987, 0.001156458631157875, -0.001234131632372737, 0.0017457689391449094, -0.003367714351043105, 0.005763307213783264, -0.0011870780726894736, -0.0006245173863135278, 0.0003355696389917284, -0.0005564527818933129, -0.0010574483312666416, 0.0019335674587637186, -0.000777070876210928], [0.000440909992903471, -0.0011749605182558298, 0.001640786649659276, -0.003937050700187683, -2.729038351390045e-05, -0.0011870780726894736, 0.007524275220930576, -0.0011761620407924056, -0.0024151839315891266, 8.634873665869236e-05, 0.00042345907422713935, -0.0021367708686739206, 0.0014872237807139754], [-0.0004508049169089645, 0.002490765182301402, -0.0014151523355394602, 0.001767784939147532, -0.0015591222327202559, -0.0006245173863135278, -0.0011761620407924056, 0.007494886871427298, -0.0018664151430130005, -0.00048764271195977926, -0.001448576571419835, 0.0036683769430965185, -0.00039226587978191674], [0.00012922158930450678, -0.0013099146308377385, 0.0009488158393651247, 0.0003891607921104878, 0.00016614525520708412, 0.0003355696389917284, -0.0024151839315891266, -0.0018664151430130005, 0.008528345264494419, -0.004677936434745789, -0.0009080067393369973, 0.001290822634473443, 0.0009771884651854634], [-0.0003344911092426628, 0.0016689334297552705, -0.0015553623670712113, 0.0016739200800657272, 0.00020628332276828587, -0.0005564527818933129, 8.634873665869236e-05, -0.00048764271195977926, -0.004677936434745789, 0.013383927755057812, -0.0046449690125882626, -0.004143368918448687, 0.001961382105946541], [0.0005829372094012797, -0.0021644593216478825, 0.000786670483648777, -0.0016116723418235779, 0.002373435301706195, -0.0010574483312666416, 0.00042345907422713935, -0.001448576571419835, -0.0009080067393369973, -0.0046449690125882626, 0.013933357782661915, -0.0035610958002507687, -0.0037582586519420147], [-0.000689485517796129, 0.0038530519232153893, -0.0013716652756556869, 0.0016388185322284698, -0.0030250120908021927, 0.0019335674587637186, -0.0021367708686739206, 0.0036683769430965185, 0.001290822634473443, -0.004143368918448687, -0.0035610958002507687, 0.017926909029483795, -0.008624441921710968], [0.0005859734956175089, -0.0023247089702636003, 0.0010328256757929921, -0.0016800393350422382, 0.0023580780252814293, -0.000777070876210928, 0.0014872237807139754, -0.00039226587978191674, 0.0009771884651854634, 0.001961382105946541, -0.0037582586519420147, -0.008624441921710968, 0.019885225221514702]], "lowlevel.mfcc.cov": [[9992.9970703125, 532.8499145507812, 2304.132080078125, 648.61865234375, 452.0342102050781, 155.462158203125, -20.862518310546875, 246.9014129638672, 46.15700149536133, 295.0483703613281, 8.817670822143555, 44.795326232910156, -14.611576080322266], [532.8499145507812, 985.27783203125, 167.45826721191406, 404.0879211425781, 29.7703800201416, 190.34315490722656, 40.60291290283203, -20.570323944091797, -13.78639030456543, -67.41287231445312, -22.00272560119629, -105.94804382324219, -41.0079345703125], [2304.132080078125, 167.45826721191406, 2316.65576171875, 66.1392593383789, 865.9573974609375, 214.28773498535156, 288.1204833984375, 164.32833862304688, 19.258718490600586, 310.6405944824219, -19.889122009277344, 197.62261962890625, -27.07428741455078], [648.61865234375, 404.0879211425781, 66.1392593383789, 694.1876831054688, -26.68998146057129, 196.2572784423828, 101.58998107910156, 48.18244934082031, 27.74379539489746, -87.73665618896484, 4.887442111968994, -114.54630279541016, 4.951244831085205], [452.0342102050781, 29.7703800201416, 865.9573974609375, -26.68998146057129, 524.572021484375, 115.17242431640625, 164.8590545654297, 110.54126739501953, 19.549222946166992, 144.1141357421875, -12.266465187072754, 104.44025421142578, -22.254114151000977], [155.462158203125, 190.34315490722656, 214.28773498535156, 196.2572784423828, 115.17242431640625, 298.3102111816406, 135.02401733398438, 60.62751007080078, 43.15766143798828, 6.364770889282227, 17.84250259399414, -1.0050265789031982, 12.418357849121094], [-20.862518310546875, 40.60291290283203, 288.1204833984375, 101.58998107910156, 164.8590545654297, 135.02401733398438, 237.1221160888672, 97.17085266113281, 45.87309265136719, 46.2409782409668, 3.2187185287475586, 39.92904281616211, -0.9255657196044922], [246.9014129638672, -20.570323944091797, 164.32833862304688, 48.18244934082031, 110.54126739501953, 60.62751007080078, 97.17085266113281, 167.4619598388672, 78.1351547241211, 82.87996673583984, 31.463714599609375, 50.99226760864258, 10.495718955993652], [46.15700149536133, -13.78639030456543, 19.258718490600586, 27.74379539489746, 19.549222946166992, 43.15766143798828, 45.87309265136719, 78.1351547241211, 142.2452850341797, 74.82267761230469, 69.68759155273438, 49.74717330932617, 36.0894660949707], [295.0483703613281, -67.41287231445312, 310.6405944824219, -87.73665618896484, 144.1141357421875, 6.364770889282227, 46.2409782409668, 82.87996673583984, 74.82267761230469, 201.93585205078125, 69.20997619628906, 110.57992553710938, 16.891420364379883], [8.817670822143555, -22.00272560119629, -19.889122009277344, 4.887442111968994, -12.266465187072754, 17.84250259399414, 3.2187185287475586, 31.463714599609375, 69.68759155273438, 69.20997619628906, 139.1051025390625, 59.35335159301758, 68.83779907226562], [44.795326232910156, -105.94804382324219, 197.62261962890625, -114.54630279541016, 104.44025421142578, -1.0050265789031982, 39.92904281616211, 50.99226760864258, 49.74717330932617, 110.57992553710938, 59.35335159301758, 154.4489288330078, 51.33064651489258], [-14.611576080322266, -41.0079345703125, -27.07428741455078, 4.951244831085205, -22.254114151000977, 12.418357849121094, -0.9255657196044922, 10.495718955993652, 36.0894660949707, 16.891420364379883, 68.83779907226562, 51.33064651489258, 139.8769989013672]], "lowlevel.mfcc.icov": [[0.00017753687279764563, -1.4037904293218162e-05, -0.0002976567193400115, -0.0001569528685649857, 0.0002971086942125112, 1.2921972484036814e-05, 0.00037329859333112836, -0.0003430255746934563, 4.364871347206645e-05, -9.469783253734931e-05, 4.7519428335363045e-05, 5.723397771362215e-05, -7.511870535381604e-06], [-1.4037904293218162e-05, 0.0014980611158534884, -7.657354581169784e-05, -0.000698168994858861, -9.255753684556112e-05, -0.0006466745981015265, 0.00030994214466772974, 0.0005157613195478916, -2.5914967409335077e-05, -5.660093665937893e-05, -0.00010816417488968, 0.0003841996076516807, 0.00037941362825222313], [-0.0002976567193400115, -7.657354581169784e-05, 0.0018210235284641385, -0.00011563026055227965, -0.0023673889227211475, -4.932673982693814e-05, -0.0007558370125479996, 0.0011061773402616382, 0.000384236394893378, -0.001096690888516605, 0.00046044186456128955, -0.00039895312511362135, -0.00020414164464455098], [-0.0001569528685649857, -0.000698168994858861, -0.00011563026055227965, 0.002915863646194339, 0.0004612174234353006