{"song_id": "1183699486854348830", "download": "https://cdn.discordapp.com/attachments/1128313332273782784/1183699486854348830/chirp.mp4?ex=6589490d&amp", "lyrics": "Verse 1:\n\u0e43\u0e19\u0e04\u0e48\u0e33\u0e04\u0e37\u0e19\u0e17\u0e35\u0e48\u0e40\u0e07\u0e35\u0e22\u0e1a\u0e07\u0e31\u0e19 \u0e09\u0e31\u0e19\u0e1e\u0e1a\u0e40\u0e18\u0e2d\u0e43\u0e19\u0e1d\u0e31\u0e19\n\u0e14\u0e27\u0e07\u0e14\u0e32\u0e27\u0e17\u0e35\u0e48\u0e25\u0e2d\u0e22\u0e25\u0e30\u0e25\u0e48\u0e2d\u0e07 \u0e40\u0e1b\u0e47\u0e19\u0e1e\u0e22\u0e32\u0e19\u0e41\u0e2b\u0e48\u0e07\u0e23\u0e31\u0e01\n\u0e41\u0e15\u0e48\u0e25\u0e30\u0e2b\u0e22\u0e14\u0e1d\u0e19 \u0e17\u0e35\u0e48\u0e2b\u0e25\u0e48\u0e19\u0e25\u0e07\u0e21\u0e32\n\u0e40\u0e2b\u0e21\u0e37\u0e2d\u0e19\u0e40\u0e2a\u0e35\u0e22\u0e07\u0e2b\u0e31\u0e27\u0e43\u0e08 \u0e17\u0e35\u0e48\u0e40\u0e23\u0e35\u0e22\u0e01\u0e23\u0e49\u0e2d\u0e07\u0e2b\u0e32\n\nChorus:\n\u0e40\u0e18\u0e2d\u0e04\u0e37\u0e2d\u0e04\u0e27\u0e32\u0e21\u0e1d\u0e31\u0e19 \u0e17\u0e35\u0e48\u0e09\u0e31\u0e19\u0e44\u0e21\u0e48\u0e2d\u0e22\u0e32\u0e01\u0e15\u0e37\u0e48\u0e19\n\u0e43\u0e19\u0e42\u0e25\u0e01\u0e17\u0e35\u0e48\u0e44\u0e23\u0e49\u0e40\u0e2a\u0e35\u0e22\u0e07 \u0e41\u0e15\u0e48\u0e40\u0e15\u0e47\u0e21\u0e44\u0e1b\u0e14\u0e49\u0e27\u0e22\u0e40\u0e18\u0e2d\n\u0e41\u0e2a\u0e07\u0e08\u0e31\u0e19\u0e17\u0e23\u0e4c\u0e17\u0e35\u0e48\u0e2d\u0e48\u0e2d\u0e19\u0e2b\u0e27\u0e32\u0e19 \u0e0b\u0e38\u0e01\u0e0b\u0e48\u0e2d\u0e19\u0e04\u0e27\u0e32\u0e21\u0e25\u0e31\u0e1a\n\u0e40\u0e23\u0e32\u0e40\u0e15\u0e49\u0e19\u0e23\u0e33\u0e43\u0e15\u0e49\u0e14\u0e32\u0e27 \u0e1d\u0e31\u0e19\u0e43\u0e19\u0e1d\u0e31\u0e19\n\nVerse 2:\n\u0e2b\u0e31\u0e27\u0e43\u0e08\u0e17\u0e35\u0e48\u0e40\u0e15\u0e49\u0e19\u0e23\u0e31\u0e27 \u0e40\u0e21\u0e37\u0e48\u0e2d\u0e40\u0e18\u0e2d\u0e40\u0e02\u0e49\u0e32\u0e21\u0e32\u0e43\u0e01\u0e25\u0e49\n\u0e40\u0e2a\u0e35\u0e22\u0e07\u0e40\u0e1e\u0e25\u0e07\u0e02\u0e2d\u0e07\u0e25\u0e21 \u0e0b\u0e38\u0e1a\u0e0b\u0e34\u0e1a\u0e27\u0e48\u0e32\u0e23\u0e31\u0e01\n\u0e17\u0e38\u0e01\u0e22\u0e48\u0e32\u0e07\u0e01\u0e49\u0e32\u0e27\u0e17\u0e35\u0e48\u0e40\u0e23\u0e32\u0e40\u0e14\u0e34\u0e19 \u0e1a\u0e19\u0e17\u0e32\u0e07\u0e19\u0e35\u0e49\n\u0e40\u0e1b\u0e47\u0e19\u0e04\u0e33\u0e15\u0e2d\u0e1a\u0e02\u0e2d\u0e07\u0e1d\u0e31\u0e19 \u0e17\u0e35\u0e48\u0e44\u0e21\u0e48\u0e40\u0e04\u0e22\u0e08\u0e32\u0e07\u0e2b\u0e32\u0e22\n\nChorus:\n\u0e40\u0e18\u0e2d\u0e04\u0e37\u0e2d\u0e04\u0e27\u0e32\u0e21\u0e1d\u0e31\u0e19 \u0e17\u0e35\u0e48\u0e09\u0e31\u0e19\u0e44\u0e21\u0e48\u0e2d\u0e22\u0e32\u0e01\u0e15\u0e37\u0e48\u0e19\n\u0e43\u0e19\u0e42\u0e25\u0e01\u0e17\u0e35\u0e48\u0e44\u0e23\u0e49\u0e40\u0e2a\u0e35\u0e22\u0e07 \u0e41\u0e15\u0e48\u0e40\u0e15\u0e47\u0e21\u0e44\u0e1b\u0e14\u0e49\u0e27\u0e22\u0e40\u0e18\u0e2d\n\u0e41\u0e2a\u0e07\u0e08\u0e31\u0e19\u0e17\u0e23\u0e4c\u0e17\u0e35\u0e48\u0e2d\u0e48\u0e2d\u0e19\u0e2b\u0e27\u0e32\u0e19 \u0e0b\u0e38\u0e01\u0e0b\u0e48\u0e2d\u0e19\u0e04\u0e27\u0e32\u0e21\u0e25\u0e31\u0e1a\n\u0e40\u0e23\u0e32\u0e40\u0e15\u0e49\u0e19\u0e23\u0e33\u0e43\u0e15\u0e49\u0e14\u0e32\u0e27 \u0e1d\u0e31\u0e19\u0e43\u0e19\u0e1d\u0e31\u0e19\n\nBridge:\n\u0e1d\u0e31\u0e19\u0e17\u0e35\u0e48\u0e44\u0e21\u0e48\u0e21\u0e35\u0e27\u0e31\u0e19\u0e08\u0e1a\u0e2a\u0e34\u0e49\u0e19\n\u0e40\u0e1e\u0e23\u0e32\u0e30\u0e43\u0e19\u0e17\u0e38\u0e01\u0e46 \u0e04\u0e37\u0e19 \u0e09\u0e31\u0e19\u0e21\u0e35\u0e40\u0e18\u0e2d\n\u0e41\u0e21\u0e49\u0e15\u0e37\u0e48\u0e19\u0e02\u0e36\u0e49\u0e19\u0e21\u0e32 \u0e01\u0e47\u0e22\u0e31\u0e07\u0e04\u0e07\u0e23\u0e39\u0e49\u0e2a\u0e36\u0e01\n\u0e27\u0e48\u0e32\u0e23\u0e31\u0e01\u0e19\u0e35\u0e49 \u0e44\u0e21\u0e48\u0e40\u0e04\u0e22\u0e2b\u0e48\u0e32\u0e07\u0e44\u0e01\u0e25\n\nChorus:\n\u0e40\u0e18\u0e2d\u0e04\u0e37\u0e2d\u0e04\u0e27\u0e32\u0e21\u0e1d\u0e31\u0e19 \u0e17\u0e35\u0e48\u0e09\u0e31\u0e19\u0e44\u0e21\u0e48\u0e2d\u0e22\u0e32\u0e01\u0e15\u0e37\u0e48\u0e19\n\u0e43\u0e19\u0e42\u0e25\u0e01\u0e17\u0e35\u0e48\u0e44\u0e23\u0e49\u0e40\u0e2a\u0e35\u0e22\u0e07 \u0e41\u0e15\u0e48\u0e40\u0e15\u0e47\u0e21\u0e44\u0e1b\u0e14\u0e49\u0e27\u0e22\u0e40\u0e18\u0e2d\n\u0e41\u0e2a\u0e07\u0e08\u0e31\u0e19\u0e17\u0e23\u0e4c", "style": ["pop"], "essentia_features": {"lowlevel.average_loudness": 0.864147424697876, "lowlevel.barkbands_crest.mean": 15.255301475524902, "lowlevel.barkbands_crest.stdev": 4.721069812774658, "lowlevel.barkbands_flatness_db.mean": 0.3127993047237396, "lowlevel.barkbands_flatness_db.stdev": 0.09355948120355606, "lowlevel.barkbands_kurtosis.mean": 28.17241668701172, "lowlevel.barkbands_kurtosis.stdev": 36.2065544128418, "lowlevel.barkbands_skewness.mean": 3.69844651222229, "lowlevel.barkbands_skewness.stdev": 2.439333200454712, "lowlevel.barkbands_spread.mean": 8.304339408874512, "lowlevel.barkbands_spread.stdev": 10.889084815979004, "lowlevel.dissonance.mean": 0.4188228249549866, "lowlevel.dissonance.stdev": 0.05431568995118141, "lowlevel.dynamic_complexity": 2.9671497344970703, "lowlevel.erbbands_crest.mean": 13.544620513916016, "lowlevel.erbbands_crest.stdev": 5.894591331481934, "lowlevel.erbbands_flatness_db.mean": 0.26376107335090637, "lowlevel.erbbands_flatness_db.stdev": 0.07332466542720795, "lowlevel.erbbands_kurtosis.mean": 5.188446521759033, "lowlevel.erbbands_kurtosis.stdev": 9.643250465393066, "lowlevel.erbbands_skewness.mean": 1.539979100227356, "lowlevel.erbbands_skewness.stdev": 1.5357365608215332, "lowlevel.erbbands_spread.mean": 34.82291030883789, "lowlevel.erbbands_spread.stdev": 22.330106735229492, "lowlevel.hfc.mean": 10.23712158203125, "lowlevel.hfc.stdev": 12.577202796936035, "lowlevel.loudness_ebu128.integrated": -15.824837684631348, "lowlevel.loudness_ebu128.loudness_range": 4.391057968139648, "lowlevel.loudness_ebu128.momentary.mean": -16.36224937438965, "lowlevel.loudness_ebu128.momentary.stdev": 2.230315685272217, "lowlevel.loudness_ebu128.short_term.mean": -16.137399673461914, "lowlevel.loudness_ebu128.short_term.stdev": 1.537724256515503, "lowlevel.melbands_crest.mean": 18.29093360900879, "lowlevel.melbands_crest.stdev": 4.975848197937012, "lowlevel.melbands_flatness_db.mean": 0.3901526629924774, "lowlevel.melbands_flatness_db.stdev": 0.11112287640571594, "lowlevel.melbands_kurtosis.mean": 51.76093292236328, "lowlevel.melbands_kurtosis.stdev": 56.79410171508789, "lowlevel.melbands_skewness.mean": 4.8027215003967285, "lowlevel.melbands_skewness.stdev": 2.7429912090301514, "lowlevel.melbands_spread.mean": 9.37484359741211, "lowlevel.melbands_spread.stdev": 22.36376953125, "lowlevel.pitch_salience.mean": 0.4429306089878082, "lowlevel.pitch_salience.stdev": 0.14217285811901093, "lowlevel.silence_rate_20dB.mean": 1.0, "lowlevel.silence_rate_20dB.stdev": 0.0, "lowlevel.silence_rate_30dB.mean": 0.9988412261009216, "lowlevel.silence_rate_30dB.stdev": 0.03402078151702881, "lowlevel.silence_rate_60dB.mean": 0.09501738101243973, "lowlevel.silence_rate_60dB.stdev": 0.29324135184288025, "lowlevel.spectral_centroid.mean": 618.5045776367188, "lowlevel.spectral_centroid.stdev": 701.7000122070312, "lowlevel.spectral_complexity.mean": 7.187138080596924, "lowlevel.spectral_complexity.stdev": 4.793206691741943, "lowlevel.spectral_decrease.mean": -7.037649574215266e-09, "lowlevel.spectral_decrease.stdev": 4.7750536857904535e-09, "lowlevel.spectral_energy.mean": 0.02749025635421276, "lowlevel.spectral_energy.stdev": 0.01866755075752735, "lowlevel.spectral_energyband_high.mean": 0.0003441025619395077, "lowlevel.spectral_energyband_high.stdev": 0.0012919335858896375, "lowlevel.spectral_energyband_low.mean": 0.008537989109754562, "lowlevel.spectral_energyband_low.stdev": 0.009034181013703346, "lowlevel.spectral_energyband_middle_high.mean": 0.0017019882798194885, "lowlevel.spectral_energyband_middle_high.stdev": 0.00497896783053875, "lowlevel.spectral_energyband_middle_low.mean": 0.018868403509259224, "lowlevel.spectral_energyband_middle_low.stdev": 0.014631063677370548, "lowlevel.spectral_entropy.mean": 6.305126667022705, "lowlevel.spectral_entropy.stdev": 0.8774067759513855, "lowlevel.spectral_flux.mean": 0.042798321694135666, "lowlevel.spectral_flux.stdev": 0.03978610783815384, "lowlevel.spectral_kurtosis.mean": 15.165427207946777, "lowlevel.spectral_kurtosis.stdev": 18.216312408447266, "lowlevel.spectral_rms.mean": 0.004788962658494711, "lowlevel.spectral_rms.stdev": 0.0019711877685040236, "lowlevel.spectral_rolloff.mean": 668.1519165039062, "lowlevel.spectral_rolloff.stdev": 1522.37939453125, "lowlevel.spectral_skewness.mean": 2.4328033924102783, "lowlevel.spectral_skewness.stdev": 1.5499770641326904, "lowlevel.spectral_spread.mean": 3452403.5, "lowlevel.spectral_spread.stdev": 1956027.875, "lowlevel.spectral_strongpeak.mean": 0.9353504180908203, "lowlevel.spectral_strongpeak.stdev": 0.7296227216720581, "lowlevel.zerocrossingrate.mean": 0.030493248254060745, "lowlevel.zerocrossingrate.stdev": 0.048469968140125275, "metadata.audio_properties.analysis.equal_loudness": 0.0, "metadata.audio_properties.analysis.length": 40.04265213012695, "metadata.audio_properties.analysis.sample_rate": 44100.0, "metadata.audio_properties.analysis.start_time": 0.0, "metadata.audio_properties.bit_rate": 114007.0, "metadata.audio_properties.length": 40.042667388916016, "metadata.audio_properties.lossless": 0.0, "metadata.audio_properties.number_channels": 1.0, "metadata.audio_properties.replay_gain": -11.680421829223633, "metadata.audio_properties.sample_rate": 48000.0, "rhythm.beats_count": 67.0, "rhythm.beats_loudness.mean": 0.03576104715466499, "rhythm.beats_loudness.stdev": 0.019839320331811905, "rhythm.bpm": 91.64913177490234, "rhythm.bpm_histogram_first_peak_bpm": 92.0, "rhythm.bpm_histogram_first_peak_weight": 0.030303001403808594, "rhythm.bpm_histogram_second_peak_bpm": 117.0, "rhythm.bpm_histogram_second_peak_spread": 0.5, "rhythm.bpm_histogram_second_peak_weight": 0.12121212482452393, "rhythm.danceability": 1.4039969444274902, "rhythm.onset_rate": 3.3204824924468994, "tonal.chords_changes_rate": 0.06365741044282913, "tonal.chords_number_rate": 0.009259259328246117, "tonal.chords_strength.mean": 0.48191455006599426, "tonal.chords_strength.stdev": 0.10514869540929794, "tonal.hpcp_crest.mean": 16.490724563598633, "tonal.hpcp_crest.stdev": 8.518583297729492, "tonal.hpcp_entropy.mean": 1.6742106676101685, "tonal.hpcp_entropy.stdev": 0.8154767751693726, "tonal.key_edma.strength": 0.660676896572113, "tonal.key_krumhansl.strength": 0.6498401761054993, "tonal.key_temperley.strength": 0.6325386166572571, "tonal.tuning_diatonic_strength": 0.4584183990955353, "tonal.tuning_equal_tempered_deviation": 0.046053074300289154, "tonal.tuning_frequency": 440.0, "tonal.tuning_nontempered_energy_ratio": 0.6773699522018433, "lowlevel.barkbands.mean": [2.726084403548157e-06, 0.0003621838695835322, 0.00625928258523345, 0.003626178950071335, 0.011090659536421299, 0.002845441224053502, 0.0005184634355828166, 0.00025318365078419447, 0.00042487523751333356, 0.0004153532790951431, 0.0004903670051135123, 0.00022973922023084015, 5.330621570465155e-05, 7.323901081690565e-05, 0.00010680874402169138, 0.00018178530444856733, 9.699034853838384e-05, 3.821864083874971e-05, 6.899596337461844e-05, 3.158082836307585e-05, 0.0001564835838507861, 4.18110575992614e-05, 3.783760257647373e-05, 3.990901313954964e-05, 3.0227396564441733e-05, 1.4546224520017859e-05, 5.902222000031543e-08], "lowlevel.barkbands.stdev": [6.131504960649181e-06, 0.0007089514401741326, 0.007124930154532194, 0.007031263783574104, 0.011890322901308537, 0.00492340512573719, 0.0010667674941942096, 0.0008248371887020767, 0.001839359407313168, 0.0020192223601043224, 0.003091309918090701, 0.001378895016387105, 0.0002509389305487275, 0.00032422898220829666, 0.000247741088969633, 0.000371837115380913, 0.00022010305838193744, 0.00018878316041082144, 0.0001409656833857298, 0.0003468550567049533, 0.00046184100210666656, 0.00017510044563096017, 0.00041338169830851257, 0.00019724806770682335, 0.00016882794443517923, 9.024388418765739e-05, 3.5671044429363974e-07], "lowlevel.erbbands.mean": [0.0030523946043103933, 0.22106575965881348, 5.1381707191467285, 11.52499008178711, 22.101215362548828, 44.170562744140625, 36.10536193847656, 15.447925567626953, 9.193885803222656, 5.561220645904541, 7.205844879150391, 6.849954605102539, 14.201776504516602, 14.892600059509277, 17.760005950927734, 8.356411933898926, 3.211029052734375, 3.5405282974243164, 4.842607498168945, 5.810896396636963, 11.174212455749512, 6.170806407928467, 2.324605941772461, 3.650881052017212, 2.0478293895721436, 1.5184292793273926, 4.591508865356445, 5.864282131195068, 1.8786498308181763, 0.8533862233161926, 1.1274909973144531, 1.0134960412979126, 0.5405433177947998, 0.3377367854118347, 0.2094181478023529, 0.0983714759349823, 0.020358474925160408, 0.001319186296314001, 4.387208173284307e-05, 3.289450614829548e-05], "lowlevel.erbbands.stdev": [0.0038459564093500376, 0.3152036666870117, 5.781606197357178, 15.076411247253418, 29.636005401611328, 58.99925994873047, 50.34285354614258, 25.39324188232422, 17.497182846069336, 15.485698699951172, 22.164188385009766, 25.313053131103516, 67.97139739990234, 79.39727783203125, 111.44139862060547, 49.42319107055664, 16.8243350982666, 17.15311050415039, 11.847732543945312, 12.814962387084961, 22.79216194152832, 13.323955535888672, 10.561589241027832, 7.308899402618408, 5.314901351928711, 15.443694114685059, 19.132930755615234, 16.035823822021484, 7.153136253356934, 9.05145263671875, 12.102579116821289, 5.523821830749512, 2.837092399597168, 1.8730589151382446, 1.1912633180618286, 0.6114594340324402, 0.13377505540847778, 0.007063186727464199, 0.00016394234262406826, 2.471900916134473e-05], "lowlevel.gfcc.mean": [-130.66236877441406, 158.8103485107422, -114.25960540771484, 41.01346969604492, -39.50419616699219, -34.1992301940918, -36.450435638427734, -24.866390228271484, -23.281248092651367, -13.831542015075684, -33.95956039428711, -11.698186874389648, 2.903642177581787], "lowlevel.melbands.mean": [5.015620627091266e-05, 0.0018930501537397504, 0.0022521966602653265, 0.002405643230304122, 0.0014548329636454582, 0.00039143534377217293, 0.0001257191615877673, 5.462599438033067e-05, 6.225041579455137e-05, 4.6925739297876135e-05, 7.167119474615902e-05, 5.860099190613255e-05, 6.629044946748763e-05, 2.7875470550497994e-05, 1.5702713426435366e-05, 5.259938916424289e-06, 6.35555807093624e-06, 7.190054020611569e-06, 8.919071660784539e-06, 8.023168447834905e-06, 1.3722451512876432e-05, 6.6705392782751005e-06, 2.990361508636852e-06, 1.4534360843754257e-06, 3.244741037633503e-06, 2.3223337848321535e-06, 6.232052101040608e-07, 1.066563982021762e-06, 1.870796495495597e-06, 5.250518825050676e-06, 2.6404379696032265e-06, 1.1743356935767224e-06, 4.506128732373327e-07, 4.942564260090876e-07, 6.526511242554989e-07, 6.890598456266162e-07, 5.931998430241947e-07, 3.975670210820681e-07, 2.8416025088517927e-07, 2.8708129207188904e-07], "lowlevel.melbands.stdev": [9.668224811321124e-05, 0.0020674625411629677, 0.0026315590366721153, 0.0027575206477195024, 0.0017723110504448414, 0.0006407343316823244, 0.00023918405349832028, 0.0001613228814676404, 0.00019858102314174175, 0.0002021344262175262, 0.00034393928945064545, 0.0003162419016007334, 0.00042553601088002324, 0.00017085124272853136, 0.00011616088886512443, 2.4177181330742314e-05, 3.0603398045059294e-05, 2.0497976947808638e-05, 2.2239813915803097e-05, 1.9037170204683207e-05, 2.8208494768477976e-05, 1.5305340639315546e-05, 1.3694775589101482e-05, 5.5345226428471506e-06, 6.660198323515942e-06, 5.419034096121322e-06, 4.053431894135429e-06, 1.2883513591077644e-05, 1.2490559129219037e-05, 1.5996041838661768e-05, 7.631309927091934e-06, 4.323365374148125e-06, 3.250072722948971e-06, 6.247882993193343e-06, 8.326658644364215e-06, 4.866471499553882e-06, 2.8958625080122147e-06, 1.933363364514662e-06, 1.7610811937629478e-06, 1.567579829497845e-06], "lowlevel.melbands128.mean": [1.2813727607863257e-06, 1.9164917830494232e-06, 6.156191830086755e-06, 0.00025638352963142097, 0.0019321439322084188, 0.0033432471100240946, 0.0023716751020401716, 0.0017540408298373222, 0.0022258597891777754, 0.0024589919485151768, 0.0027144355699419975, 0.0018594376742839813, 0.0012183522339910269, 0.0008987918263301253, 0.0002351883304072544, 0.0002268568641738966, 0.00019469311519060284, 9.96069356915541e-05, 4.328589784563519e-05, 7.55115324864164e-05, 4.225963130011223e-05, 5.0948299758601934e-05, 7.133805775083601e-05, 7.236158126033843e-05, 2.5836034183157608e-05, 3.2174491934711114e-05, 9.899363794829696e-05, 6.27555200480856e-05, 7.693554653087631e-05, 4.39626383013092e-05, 5.8866236940957606e-05, 6.94041809765622e-05, 8.222307951655239e-05, 5.197995051275939e-05, 3.096085856668651e-05, 2.2879603420733474e-05, 1.5450070350198075e-05, 2.7529922590474598e-05, 4.347969934315188e-06, 2.989817858178867e-06, 4.946673016092973e-06, 9.712944120110478e-06, 6.120509624452097e-06, 4.332772277848562e-06, 7.303114671231015e-06, 7.987971912370995e-06, 6.331790700642159e-06, 1.1858623111038469e-05, 7.834746611479204e-06, 5.827786026202375e-06, 6.802032203268027e-06, 9.759959539223928e-06, 2.2334397726808675e-05, 1.0304393981641624e-05, 6.045166628609877e-06, 8.71501470101066e-06, 4.90562206323375e-06, 3.0374214929906884e-06, 2.8221954835316865e-06, 1.563689920658362e-06, 1.0061971806862857e-06, 1.4206684681994375e-06, 2.947911070805276e-06, 3.7548177260759985e-06, 3.813333250946016e-06, 2.8530764666356845e-06, 1.0665725085345912e-06, 5.096811150906433e-07, 5.89265766848257e-07, 6.180258083077206e-07, 7.470283094335173e-07, 1.6173595440704958e-06, 1.5275581972673535e-06, 1.539210757073306e-06, 2.3413749659084715e-06, 6.531260623887647e-06, 6.075224519008771e-06, 3.4336951557634166e-06, 2.3712921120022656e-06, 1.5917337350401795e-06, 1.3877211131330114e-06, 1.0047932619272615e-06, 5.880262960999971e-07, 3.7126972074474907e-07, 3.534557890816359e-07, 3.380828843546624e-07, 5.875278361600067e-07, 7.449729650943482e-07, 6.32072726602928e-07, 6.111990273893753e-07, 6.258335361053469e-07, 7.901570029389404e-07, 6.699777372887183e-07, 5.8549682080411e-07, 5.703319061467482e-07, 4.263104926849337e-07, 3.6027157079843164e-07, 3.549677387582051e-07, 2.5705875827952696e-07, 2.6838137046070187e-07, 2.7898133225789934e-07, 2.94675572831693e-07, 2.9179457783357066e-07, 2.7983219297311734e-07, 2.24344020693934e-07, 1.9679764307056757e-07, 2.3812837923742336e-07, 1.8553323855030612e-07, 1.97754914665893e-07, 1.3549070843055233e-07, 1.0516858139908436e-07, 7.279379587998847e-08, 6.060093937776401e-08, 3.9668918816460064e-08, 2.0177688853095788e-08, 8.913379367925245e-09, 2.3866917331361037e-09, 2.2392826481976158e-10, 7.277513661141377e-12, 5.626573859607298e-12, 5.2072153013116296e-12, 4.944362627656851e-12, 4.711376688087965e-12, 4.6263630947007695e-12, 4.534297850383728e-12, 4.42018513804876e-12, 4.352150584363557e-12, 4.32417426518561e-12], "lowlevel.melbands128.stdev": [2.8749595912813675e-06, 4.011988494312391e-06, 1.460299790778663e-05, 0.0005052744527347386, 0.0025476824957877398, 0.003920814488083124, 0.0034729407634586096, 0.0038248253986239433, 0.003579400945454836, 0.0041168187744915485, 0.004465734586119652, 0.002935409313067794, 0.0021981513127684593, 0.0018008553888648748, 0.00047897573676891625, 0.0006571903941221535, 0.0003865186299663037, 0.00029781137709505856, 0.0001464398083044216, 0.0002809907600749284, 0.0001667440083110705, 0.0002491988125257194, 0.00027783552650362253, 0.00032326593645848334, 0.00017878605285659432, 0.00019946553220506757, 0.0007429004763253033, 0.00040904691559262574, 0.0004649324400816113, 0.0003208747075404972, 0.00048171458183787763, 0.000581763219088316, 0.0006913362885825336, 0.000446952908532694, 0.0002546592440921813, 0.00025621254462748766, 0.00011772639118134975, 0.00024708788259886205, 3.7055142456665635e-05, 2.3649154172744602e-05, 2.6533520212979056e-05, 6.396989920176566e-05, 5.0814753194572404e-05, 1.9521992726367898e-05, 2.8679707611445338e-05, 2.9324777642614208e-05, 2.472400592523627e-05, 3.659955837065354e-05, 2.3228687496157363e-05, 2.3370617782347836e-05, 2.228542507509701e-05, 3.1832358217798173e-05, 5.555932148126885e-05, 2.2858339434606023e-05, 1.742967651807703e-05, 2.3775844965712167e-05, 1.362842976959655e-05, 1.3572428542829584e-05, 2.294376099598594e-05, 1.1654879926936701e-05, 4.056885700265411e-06, 4.2441733967280015e-06, 7.892499525041785e-06, 9.340064025309402e-06, 9.313173904956784e-06, 7.895049748185556e-06, 3.6124217785982182e-06, 2.509975047360058e-06, 4.804313903150614e-06, 6.093748652347131e-06, 7.827568879292812e-06, 2.4656708774273284e-05, 1.633965439395979e-05, 1.0038147593149915e-05, 9.433065315533895e-06, 2.2971156795392744e-05, 1.8251248548040166e-05, 1.0536410627537407e-05, 8.53626897878712e-06, 4.9655236580292694e-06, 5.1590563998615835e-06, 4.945565706293564e-06, 3.7259603686834453e-06, 2.8603951705008512e-06, 3.516675633363775e-06, 4.514662578003481e-06, 8.275378604594152e-06, 1.0070143616758287e-05, 9.21059472602792e-06, 7.581069894513348e-06, 4.895281108474592e-06, 5.869616416021017e-06, 4.076807726960396e-06, 3.272925368946744e-06, 2.3783363758411724e-06, 1.793719775378122e-06, 1.9807819171546726e-06, 2.7551254788704682e-06, 1.7348947949358262e-06, 1.6876283552846871e-06, 1.6106868088172632e-06, 1.7026782188622747e-06, 1.711274080662406e-06, 1.6132546534208814e-06, 1.432468820894428e-06, 1.1196441391803091e-06, 1.5002156033006031e-06, 1.0459465329404338e-06, 1.3713930684389197e-06, 9.552911706123268e-07, 8.725809266252327e-07, 5.772977260676271e-07, 3.947656068703509e-07, 2.6518600293456984e-07, 1.0563343266767333e-07, 5.379360601409644e-08, 1.332628318806428e-08, 1.507560076774439e-09, 6.262892288111388e-11, 1.7470450433543228e-11, 1.337002383805519e-11, 8.746935467596195e-12, 6.923218075216564e-12, 6.803888615708464e-12, 6.703294169740914e-12, 6.623486047824256e-12, 6.5653550304634045e-12, 6.529588501835715e-12], "lowlevel.mfcc.mean": [-779.8475341796875, 180.9663848876953, -10.32642650604248, 58.40321731567383, 6.242063522338867, 2.507317543029785, -14.588614463806152, -18.90264129638672, 10.856021881103516, -22.34662437438965, -18.56296157836914, -13.011917114257812, -21.962268829345703], "lowlevel.spectral_contrast_coeffs.mean": [-0.5233169198036194, -0.6912651062011719, -0.766882061958313, -0.7621843218803406, -0.7861286401748657, -0.6715035438537598], "lowlevel.spectral_contrast_coeffs.stdev": [0.10866683721542358, 0.08767610788345337, 0.07724489271640778, 0.05772705003619194, 0.037634946405887604, 0.09420216083526611], "lowlevel.spectral_contrast_valleys.mean": [-7.591434001922607, -8.148161888122559, -8.888832092285156, -8.938533782958984, -9.1080904006958, -13.000848770141602], "lowlevel.spectral_contrast_valleys.stdev": [1.1884610652923584, 0.956404983997345, 1.053510069847107, 1.0178608894348145, 1.1394182443618774, 1.8238614797592163], "rhythm.beats_loudness_band_ratio.mean": [0.46383750438690186, 0.46448612213134766, 0.059054531157016754, 0.054574184119701385, 0.026152703911066055, 0.0268311258405447], "rhythm.beats_loudness_band_ratio.stdev": [0.2854360044002533, 0.2549166679382324, 0.08039060235023499, 0.12486777454614639, 0.03175809234380722, 0.10610277205705643], "tonal.hpcp.mean": [0.12657307088375092, 0.057341281324625015, 0.026996610686182976, 0.024393990635871887, 0.048278432339429855, 0.3348146975040436, 0.4823591709136963, 0.19488735496997833, 0.027087010443210602, 0.023160329088568687, 0.030531475320458412, 0.08931483328342438, 0.14790526032447815, 0.08853615820407867, 0.04436776041984558, 0.06432414799928665, 0.04086587578058243, 0.06780584901571274, 0.14891061186790466, 0.10235200077295303, 0.07068111002445221, 0.08729725331068039, 0.03438792750239372, 0.014510717242956161, 0.013445017859339714, 0.017929894849658012, 0.0561557374894619, 0.10313618928194046, 0.07553122937679291, 0.03460254892706871, 0.0356711708009243, 0.03542249649763107, 0.14692409336566925, 0.1973186880350113, 0.08476979285478592, 0.10429312288761139], "tonal.hpcp.stdev": [0.2721151113510132, 0.16205471754074097, 0.1194753423333168, 0.10073239356279373, 0.15331654250621796, 0.3297611176967621, 0.43700799345970154, 0.23077350854873657, 0.12144885957241058, 0.10048218071460724, 0.13645288348197937, 0.2072892040014267, 0.31570541858673096, 0.19936025142669678, 0.11549236625432968, 0.14845594763755798, 0.11157611012458801, 0.14214619994163513, 0.29227736592292786, 0.19390186667442322, 0.20706096291542053, 0.23918403685092926, 0.11970739811658859, 0.09385265409946442, 0.08861742168664932, 0.0989367887377739, 0.17896677553653717, 0.2595716416835785, 0.20001879334449768, 0.144159734249115, 0.150781512260437, 0.13878187537193298, 0.26891815662384033, 0.3479945659637451, 0.1734977662563324, 0.22748203575611115], "rhythm.beats_position": [0.6849886775016785, 1.3931972980499268, 2.1014058589935303, 2.763174533843994, 3.424943208694458, 4.075101852416992, 4.736870765686035, 5.39863920211792, 6.060408115386963, 6.710566997528076, 7.360725402832031, 8.010884284973145, 8.661043167114258, 9.3228120803833, 9.984580039978027, 10.63473892211914, 11.284897804260254, 11.935056686401367, 12.58521556854248, 13.235373497009277, 13.89714241027832, 14.558911323547363, 15.220680236816406, 15.88244915008545, 16.532608032226562, 17.18276596069336, 17.832923889160156, 18.483083724975586, 19.133241653442383, 19.783401489257812, 20.44516944885254, 21.1069393157959, 21.768707275390625, 22.407255172729492, 23.057415008544922, 23.70757293701172, 24.25324249267578, 24.81052017211914, 25.356189727783203, 25.890249252319336, 26.42430877685547, 26.92353630065918, 27.434375762939453, 27.956825256347656, 28.46766471862793, 28.96689224243164, 29.466121673583984, 29.9537410736084, 30.429750442504883, 30.905759811401367, 31.358549118041992, 31.811336517333984, 32.26412582397461, 32.740135192871094, 33.227752685546875, 33.71537399291992, 34.2029914855957, 34.70222091674805, 35.20145034790039, 35.71228790283203, 36.22312927246094, 36.73396682739258, 37.25641632080078, 37.778865814208984, 38.289703369140625, 38.80054473876953, 39.31138229370117], "rhythm.bpm_histogram": [0.0, 0.0, 0.0, 0.0, 0.0, 0.0, 0.0, 0.0, 0.0, 0.0, 0.0, 0.0, 0.0, 0.0, 0.0, 0.0, 0.0, 0.0, 0.0, 0.0, 0.0, 0.0, 0.0, 0.0, 0.0, 0.0, 0.0, 0.0, 0.0, 0.0, 0.0, 0.0, 0.0, 0.0, 0.0, 0.0, 0.0, 0.0, 0.0, 0.0, 0.0, 0.0, 0.0, 0.0, 0.0, 0.0, 0.0, 0.0, 0.0, 0.0, 0.0, 0.0, 0.0, 0.0, 0.0, 0.0, 0.0, 0.0, 0.0, 0.0, 0.0, 0.0, 0.0, 0.0, 0.0, 0.0, 0.0, 0.0, 0.0, 0.0, 0.0, 0.0, 0.0, 0.0, 0.0, 0.0, 0.0, 0.0, 0.0, 0.0, 0.0, 0.0, 0.0, 0.0, 0.0, 0.03030303120613098, 0.0, 0.0, 0.0, 0.0, 0.0, 0.21212121844291687, 0.27272728085517883, 0.0, 0.01515151560306549, 0.0, 0.0, 0.0, 0.0, 0.0, 0.0, 0.0, 0.0, 0.0, 0.0, 0.0, 0.0, 0.0, 0.01515151560306549, 0.0, 0.03030303120613098, 0.0, 0.03030303120613098, 0.0, 0.0, 0.04545454680919647, 0.0, 0.12121212482452393, 0.0, 0.0, 0.07575757801532745, 0.0, 0.0, 0.06060606241226196, 0.0, 0.0, 0.04545454680919647, 0.0, 0.0, 0.0, 0.0, 0.0, 0.0, 0.04545454680919647, 0.0, 0.0, 0.0, 0.0, 0.0, 0.0, 0.0, 0.0, 0.0, 0.0, 0.0, 0.0, 0.0, 0.0, 0.0, 0.0, 0.0, 0.0, 0.0, 0.0, 0.0, 0.0, 0.0, 0.0, 0.0, 0.0, 0.0, 0.0, 0.0, 0.0, 0.0, 0.0, 0.0, 0.0, 0.0, 0.0, 0.0, 0.0, 0.0, 0.0, 0.0, 0.0, 0.0, 0.0, 0.0, 0.0, 0.0, 0.0, 0.0, 0.0, 0.0, 0.0, 0.0, 0.0, 0.0, 0.0, 0.0, 0.0, 0.0, 0.0, 0.0, 0.0, 0.0, 0.0, 0.0, 0.0, 0.0, 0.0, 0.0, 0.0, 0.0, 0.0, 0.0, 0.0, 0.0, 0.0, 0.0, 0.0, 0.0, 0.0, 0.0, 0.0, 0.0, 0.0, 0.0, 0.0, 0.0, 0.0, 0.0, 0.0, 0.0, 0.0, 0.0, 0.0, 0.0, 0.0, 0.0, 0.0, 0.0, 0.0, 0.0, 0.0, 0.0, 0.0, 0.0, 0.0, 0.0, 0.0, 0.0, 0.0, 0.0, 0.0, 0.0, 0.0, 0.0, 0.0], "tonal.chords_histogram": [0.46296295523643494, 32.63888931274414, 22.91666603088379, 0.0, 4.166666507720947, 0.6944444179534912, 0.8101851940155029, 0.0, 0.23148147761821747, 0.0, 0.0, 0.0, 0.0, 0.0, 0.0, 0.0, 0.0, 0.0, 1.1574074029922485, 10.06944465637207, 0.0, 10.995369911193848, 4.861111164093018, 10.995369911193848], "tonal.thpcp": [1.0, 0.4040295481681824, 0.05615527182817459, 0.048014696687459946, 0.06329614669084549, 0.1851624995470047, 0.30662888288497925, 0.1835481971502304, 0.09198075532913208, 0.13335321843624115, 0.08472084254026413, 0.14057128131389618, 0.3087131381034851, 0.2121904343366623, 0.1465321183204651, 0.18097977340221405, 0.07129112631082535, 0.030082805082201958, 0.027873458340764046, 0.03717125207185745, 0.11641892790794373, 0.21381616592407227, 0.15658710896968842, 0.07173606753349304, 0.07395147532224655, 0.07343593239784241, 0.3045947849750519, 0.40907004475593567, 0.17573998868465424, 0.21621465682983398, 0.262404203414917, 0.11887673288583755, 0.05596785992383957, 0.05057225376367569, 0.10008814185857773, 0.6941190958023071], "lowlevel.gfcc.cov": [[11330.3330078125, -3313.539794921875, 1146.4373779296875, -135.59420776367188, -1451.922119140625, 1869.62548828125, -1123.0150146484375, 661.792724609375, -973.3182373046875, 136.33648681640625, -345.2795715332031, 227.64096069335938, -386.794677734375], [-3313.539794921875, 3816.7265625, -677.1898803710938, 61.394588470458984, 1160.4783935546875, -1590.987060546875, 1005.207763671875, -686.5674438476562, 782.5598754882812, -144.73416137695312, 152.77528381347656, -235.93960571289062, 276.657958984375], [1146.4373779296875, -677.1898803710938, 1464.4031982421875, -242.07940673828125, -114.07247161865234, 649.7547607421875, -496.9542541503906, 394.0380554199219, -321.8980712890625, 45.96599197387695, 16.940017700195312, -29.472736358642578, -157.57333374023438], [-135.59420776367188, 61.394588470458984, -242.07940673828125, 648.0224609375, 211.7705078125, -113.90911865234375, 209.8684539794922, -56.03348159790039, 178.23193359375, 1.9642117023468018, 5.376977920532227, -10.433049201965332, -48.035648345947266], [-1451.922119140625, 1160.4783935546875, -114.07247161865234, 211.7705078125, 665.8320922851562, -417.1746520996094, 367.0335388183594, -159.6322784423828, 272.7162170410156, -37.41279602050781, 36.221900939941406, -107.50914764404297, 33.73674774169922], [1869.62548828125, -1590.987060546875, 649.7547607421875, -113.90911865234375, -417.1746520996094, 1161.2313232421875, -401.4696044921875, 462.4024353027344, -481.58087158203125, 47.07107162475586, -45.022430419921875, 27.602441787719727, -203.7979736328125], [-1123.0150146484375, 1005.207763671875, -496.9542541503906, 209.8684539794922, 367.0335388183594, -401.4696044921875, 589.6036987304688, -218.48788452148438, 263.62823486328125, -33.21101379394531, 27.834901809692383, -58.81449890136719, 38.897300720214844], [661.792724609375, -686.5674438476562, 394.0380554199219, -56.03348159790039, -159.6322784423828, 462.4024353027344, -218.48788452148438, 325.572509765625, -180.87344360351562, 19.594823837280273, -13.521064758300781, 5.685606956481934, -95.49089813232422], [-973.3182373046875, 782.5598754882812, -321.8980712890625, 178.23193359375, 272.7162170410156, -481.58087158203125, 263.62823486328125, -180.87344360351562, 338.22296142578125, 1.0357283353805542, 16.024293899536133, -32.22356033325195, 66.67637634277344], [136.33648681640625, -144.73416137695312, 45.96599197387695, 1.9642117023468018, -37.41279602050781, 47.07107162475586, -33.21101379394531, 19.594823837280273, 1.0357283353805542, 76.74472045898438, 9.171586990356445, 11.24681282043457, -8.097981452941895], [-345.2795715332031, 152.77528381347656, 16.940017700195312, 5.376977920532227, 36.221900939941406, -45.022430419921875, 27.834901809692383, -13.521064758300781, 16.024293899536133, 9.171586990356445, 84.19176483154297, 10.826425552368164, 11.801054000854492], [227.64096069335938, -235.93960571289062, -29.472736358642578, -10.433049201965332, -107.50914764404297, 27.602441787719727, -58.81449890136719, 5.685606956481934, -32.22356033325195, 11.24681282043457, 10.826425552368164, 100.86040496826172, 27.09771728515625], [-386.794677734375, 276.657958984375, -157.57333374023438, -48.035648345947266, 33.73674774169922, -203.7979736328125, 38.897300720214844, -95.49089813232422, 66.67637634277344, -8.097981452941895, 11.801054000854492, 27.09771728515625, 128.7213592529297]], "lowlevel.gfcc.icov": [[0.00023268476070370525, -0.00044286303455010056, 7.560697667940985e-06, -0.000376941985450685, 0.0005510627524927258, -0.0003092768311034888, 0.00035505954292602837, 6.340904747048626e-06, 0.0005078772665001452, -0.000622717197984457, 0.0012572355335578322, -0.0007638414390385151, 0.0005262265331111848], [-0.00044286303455010056, 0.0035522731486707926, -0.0007814500713720918, 0.0020773655269294977, -0.0025696782395243645, 0.0018208189867436886, -0.0027263823430985212, 0.0012053078971803188, -0.002720118500292301, 0.0037705902941524982, -0.0051447865553200245, 0.004382721148431301, -0.002677404787391424], [7.560697667940985e-06, -0.0007814500713720918, 0.0017771784914657474, -5.112487997394055e-06, -0.0004668831534218043, -0.0005043485434725881, 0.0017512072809040546, -0.0011847523273900151, 0.0008549822960048914, -0.0012029691133648157, 0.00010170741006731987, -0.0005735672311857343, 0.0013845267239958048], [-0.000376941985450685, 0.0020773655269294977, -5.112487997394055e-06, 0.003641359740868211, -0.0023062664549797773, 0.0005283989012241364, -0.001573139918036759, 0.0007037596078589559, -0.003303786041215062, 0.002425525104627013, -0.003481930121779442, 0.0015603291103616357, 4.8260211769957095e-05], [0.0005510627524927258, -0.0025696782395243645, -0.0004668831534218043, -0.0023062664549797773, 0.00592148257419467, -0.0010151052847504616, 0.0003621669311542064, -0.0005792235606350005, 0.0009576219017617404, -0.0018525362247601151, 0.0038321148604154587, -0.0010457616299390793, 0.0013046400854364038], [-0.0003092768311034888, 0.0018208189867436886, -0.0005043485434725881, 0.0005283989012241364, -0.0010151052847504616, 0.0052863298915326595, -0.0020497359801083803, -0.0026545077562332153, 0.0029394086450338364, 0.00018660516070667654, -0.0018996925791725516, 0.0023618026170879602, 0.00018891853687819093], [0.00035505954292602837, -0.0027263823430985212, 0.0017512072809040546, -0.001573139918036759, 0.0003621669311542064, -0.0020497359801083803, 0.006453721784055233, 0.00014017817738931626, 0.0006382745923474431, -0.002187254372984171, 0.0028258608654141426, -0.002833845093846321, 0.0031662399414926767], [6.340904747048626e-06, 0.0012053078971803188, -0.0011847523273900151, 0.0007037596078589559, -0.0005792235606350005, -0.0026545077562332153, 0.00014017817738931626, 0.009122168645262718, -0.0026952519547194242, 0.002124292775988579, -0.0016395082930102944, 0.0011941388947889209, 0.0003434220561757684], [0.0005078772665001452, -0.002720118500292301, 0.0008549822960048914, -0.003303786041215062, 0.0009576219017617404, 0.0029394086450338364, 0.0006382745923474431, -0.0026952519547194242, 0.013868884183466434, -0.007119310554116964, 0.005809028632938862, -0.002745943609625101, 0.0018103130860254169], [-0.000622717197984457, 0.0037705902941524982, -0.0012029691133648157, 0.002425525104627013, -0.0018525362247601151, 0.00018660516070667654, -0.002187254372984171, 0.002124292775988579, -0.007119310554116964, 0.019639458507299423, -0.008253930136561394, 0.0038385987281799316, -0.0026529929600656033], [0.0012572355335578322, -0.0051447865553200245, 0.00010170741006731987, -0.003481930121779442, 0.0038321148604154587, -0.0018996925791725516, 0.0028258608654141426, -0.0016395082930102944, 0.005809028632938862, -0.008253930136561394, 0.023187506943941116, -0.009632637724280357, 0.003952063620090485], [-0.0007638414390385151, 0.004382721148431301, -0.0005735672311857343, 0.0015603291103616357, -0.0010457616299390793, 0.0023618026170879602, -0.002833845093846321, 0.0011941388947889209, -0.002745943609625101, 0.0038385987281799316, -0.009632637724280357, 0.02022552117705345, -0.007789990399032831], [0.0005262265331111848, -0.002677404787391424, 0.0013845267239958048, 4.8260211769957095e-05, 0.0013046400854364038, 0.00018891853687819093, 0.0031662399414926767, 0.0003434220561757684, 0.0018103130860254169, -0.0026529929600656033, 0.003952063620090485, -0.007789990399032831, 0.016245443373918533]], "lowlevel.mfcc.cov": [[9253.662109375, -2476.582275390625, 892.9202880859375, -969.9954223632812, -298.44091796875, 259.3099365234375, 224.60926818847656, 177.18411254882812, -191.75929260253906, -114.65142822265625, -171.7015380859375, 119.1858139038086, -430.4245300292969], [-2476.582275390625, 3149.518310546875, -739.9694213867188, 947.5840454101562, -80.77278137207031, -43.75860595703125, -200.47972106933594, -202.42376708984375, 214.64866638183594, -51.694698333740234, 124.2387466430664, -123.75823974609375, 198.4742889404297], [892.9202880859375, -739.9694213867188, 1270.1602783203125, -705.4528198242188, 416.8946838378906, -87.91361999511719, 249.2771759033203, 116.15966796875, -156.8126220703125, 120.82782745361328, -155.9312744140625, 159.44912719726562, -91.30835723876953], [-969.9954223632812, 947.5840454101562, -705.4528198242188, 1210.5816650390625, -131.28204345703125, 150.9207763671875, -265.7815856933594, -34.554786682128906, 170.16259765625, -3.561976432800293, 223.31007385253906, -98.51070404052734, 216.71824645996094], [-298.44091796875, -80.77278137207031, 416.8946838378906, -131.28204345703125, 464.67572021484375, -30.44027328491211, 119.98700714111328, 65.21078491210938, -6.500195503234863, 84.1032943725586, -40.5399284362793, 87.33839416503906, -23.13738250732422], [259.3099365234375, -43.75860595703125, -87.91361999511719, 150.9207763671875, -30.44027328491211, 246.00088500976562, 81.44635772705078, 61.545955657958984, 45.77776336669922, 21.364320755004883, 80.06848907470703, 0.7449249625205994, 52.452369689941406], [224.60926818847656, -200.47972106933594, 249.2771759033203, -265.7815856933594, 119.98700714111328, 81.44635772705078, 380.5796813964844, 127.68409729003906, 14.092406272888184, 44.99348831176758, -14.911532402038574, 120.1742935180664, -38.55642318725586], [177.18411254882812, -202.42376708984375, 116.15966796875, -34.554786682128906, 65.21078491210938, 61.545955657958984, 127.68409729003906, 170.4267578125, 27.353702545166016, 41.22649383544922, 24.763973236083984, 67.75926971435547, 21.280532836914062], [-191.75929260253906, 214.64866638183594, -156.8126220703125, 170.16259765625, -6.500195503234863, 45.77776336669922, 14.092406272888184, 27.353702545166016, 147.98162841796875, 31.060649871826172, 43.83516311645508, -8.304739952087402, 11.559211730957031], [-114.65142822265625, -51.694698333740234, 120.82782745361328, -3.561976432800293, 84.1032943725586, 21.364320755004883, 44.99348831176758, 41.22649383544922, 31.060649871826172, 127.21653747558594, 29.017192840576172, 11.55211353302002, 20.38162612915039], [-171.7015380859375, 124.2387466430664, -155.9312744140625, 223.31007385253906, -40.5399284362793, 80.06848907470703, -14.911532402038574, 24.763973236083984, 43.83516311645508, 29.017192840576172, 131.10047912597656, 4.9302568435668945, 63.29637145996094], [119.1858139038086, -123.75823974609375, 159.44912719726562, -98.51070404052734, 87.33839416503906, 0.7449249625205994, 120.1742935180664, 67.75926971435547, -8.304739952087402, 11.55211353302002, 4.9302568435668945, 134.4752197265625, 2.099702835083008], [-430.4245300292969, 198.4742889404297, -91.30835723876953, 216.71824645996094, -23.13738250732422, 52.452369689941406, -38.55642318725586, 21.280532836914062, 11.559211730957031, 20.38162612915039, 63.29637145996094, 2.099702835083008, 168.08961486816406]], "lowlevel.mfcc.icov": [[0.00019153085304424167, 8.30861899885349e-05, -0.00019414446433074772, -3.233601455576718e-05, 0.00029055256163701415, -0.00036517155240289867, 0.00014562462456524372, -0.00010169428423978388, -1.8894403183367103e-05, 0.00016405344649683684, 9.07208159333095e-05, -0.0001784120249794796, 0.0004782719479408115], [8.30861899885349e-05, 0.0005808075075037777, -3.1434155971510336e-05, -0.00035799300530925393, -2.0847022824455053e-05, 0.0003049802908208221, -0.00037128489930182695, 0.0007073647575452924, -0.0005997662665322423, 0.00037198609788902104, 2.787363700917922e-05, 0.00015806907322257757, -0.0003176428726874292], [-0.00019414446433074772, -3.1434155971510336e-05, 0.002347784349694848, 0.0006147050298