{"song_id": "1183658390476562443", "download": "https://cdn.discordapp.com/attachments/1135903449314238464/1183658390476562443/chirp.mp4?ex=658922c7&amp", "lyrics": "[Verse]\nI love you, you, when I see you\nYour smile shines, like the morning dew\nYour laughter fills, the air with bliss\nIn your presence, my heart finds its cue\n\n[Chorus]\nYou're the melody, in my every rhyme\nTogether we dance, in perfect time\nWith you by my side, all dreams come true\nI love you, you, when I see you", "style": ["Bollywood"], "essentia_features": {"lowlevel.average_loudness": 0.9263267517089844, "lowlevel.barkbands_crest.mean": 13.581277847290039, "lowlevel.barkbands_crest.stdev": 4.842780113220215, "lowlevel.barkbands_flatness_db.mean": 0.19624361395835876, "lowlevel.barkbands_flatness_db.stdev": 0.055370885878801346, "lowlevel.barkbands_kurtosis.mean": 13.185864448547363, "lowlevel.barkbands_kurtosis.stdev": 19.613845825195312, "lowlevel.barkbands_skewness.mean": 2.430367946624756, "lowlevel.barkbands_skewness.stdev": 1.8449182510375977, "lowlevel.barkbands_spread.mean": 14.002588272094727, "lowlevel.barkbands_spread.stdev": 13.707597732543945, "lowlevel.dissonance.mean": 0.414882093667984, "lowlevel.dissonance.stdev": 0.03846031427383423, "lowlevel.dynamic_complexity": 3.534914255142212, "lowlevel.erbbands_crest.mean": 13.188215255737305, "lowlevel.erbbands_crest.stdev": 5.347770690917969, "lowlevel.erbbands_flatness_db.mean": 0.18377794325351715, "lowlevel.erbbands_flatness_db.stdev": 0.04547766223549843, "lowlevel.erbbands_kurtosis.mean": 2.409360408782959, "lowlevel.erbbands_kurtosis.stdev": 3.515101909637451, "lowlevel.erbbands_skewness.mean": 0.9350340366363525, "lowlevel.erbbands_skewness.stdev": 0.988491415977478, "lowlevel.erbbands_spread.mean": 31.705293655395508, "lowlevel.erbbands_spread.stdev": 20.599594116210938, "lowlevel.hfc.mean": 17.573143005371094, "lowlevel.hfc.stdev": 18.194427490234375, "lowlevel.loudness_ebu128.integrated": -18.74074363708496, "lowlevel.loudness_ebu128.loudness_range": 2.6099319458007812, "lowlevel.loudness_ebu128.momentary.mean": -19.388296127319336, "lowlevel.loudness_ebu128.momentary.stdev": 2.463127851486206, "lowlevel.loudness_ebu128.short_term.mean": -18.72981834411621, "lowlevel.loudness_ebu128.short_term.stdev": 0.9048783183097839, "lowlevel.melbands_crest.mean": 17.816953659057617, "lowlevel.melbands_crest.stdev": 5.792942523956299, "lowlevel.melbands_flatness_db.mean": 0.2772054076194763, "lowlevel.melbands_flatness_db.stdev": 0.07395961135625839, "lowlevel.melbands_kurtosis.mean": 22.09382438659668, "lowlevel.melbands_kurtosis.stdev": 30.923381805419922, "lowlevel.melbands_skewness.mean": 2.9946486949920654, "lowlevel.melbands_skewness.stdev": 1.983136773109436, "lowlevel.melbands_spread.mean": 16.713848114013672, "lowlevel.melbands_spread.stdev": 25.776973724365234, "lowlevel.pitch_salience.mean": 0.4599427878856659, "lowlevel.pitch_salience.stdev": 0.15100324153900146, "lowlevel.silence_rate_20dB.mean": 1.0, "lowlevel.silence_rate_20dB.stdev": 0.0, "lowlevel.silence_rate_30dB.mean": 0.9218500852584839, "lowlevel.silence_rate_30dB.stdev": 0.26840874552726746, "lowlevel.silence_rate_60dB.mean": 0.10047847032546997, "lowlevel.silence_rate_60dB.stdev": 0.3006359040737152, "lowlevel.spectral_centroid.mean": 871.464599609375, "lowlevel.spectral_centroid.stdev": 629.7722778320312, "lowlevel.spectral_complexity.mean": 9.510366439819336, "lowlevel.spectral_complexity.stdev": 4.255344867706299, "lowlevel.spectral_decrease.mean": -9.4934984318229e-09, "lowlevel.spectral_decrease.stdev": 1.1993988024983082e-08, "lowlevel.spectral_energy.mean": 0.03742460161447525, "lowlevel.spectral_energy.stdev": 0.046196818351745605, "lowlevel.spectral_energyband_high.mean": 0.0004416822630446404, "lowlevel.spectral_energyband_high.stdev": 0.000946034153457731, "lowlevel.spectral_energyband_low.mean": 0.020979076623916626, "lowlevel.spectral_energyband_low.stdev": 0.04021964594721794, "lowlevel.spectral_energyband_middle_high.mean": 0.004257683176547289, "lowlevel.spectral_energyband_middle_high.stdev": 0.007140183821320534, "lowlevel.spectral_energyband_middle_low.mean": 0.012558870017528534, "lowlevel.spectral_energyband_middle_low.stdev": 0.011300446465611458, "lowlevel.spectral_entropy.mean": 6.878866672515869, "lowlevel.spectral_entropy.stdev": 0.5332335233688354, "lowlevel.spectral_flux.mean": 0.06920626759529114, "lowlevel.spectral_flux.stdev": 0.06593792885541916, "lowlevel.spectral_kurtosis.mean": 6.397494316101074, "lowlevel.spectral_kurtosis.stdev": 3.2839038372039795, "lowlevel.spectral_rms.mean": 0.005192963406443596, "lowlevel.spectral_rms.stdev": 0.003089489648118615, "lowlevel.spectral_rolloff.mean": 1176.447021484375, "lowlevel.spectral_rolloff.stdev": 2077.613525390625, "lowlevel.spectral_skewness.mean": 2.0508596897125244, "lowlevel.spectral_skewness.stdev": 0.5780965089797974, "lowlevel.spectral_spread.mean": 5162911.5, "lowlevel.spectral_spread.stdev": 2300577.0, "lowlevel.spectral_strongpeak.mean": 1.2162911891937256, "lowlevel.spectral_strongpeak.stdev": 1.3081905841827393, "lowlevel.zerocrossingrate.mean": 0.050219375640153885, "lowlevel.zerocrossingrate.stdev": 0.05890988931059837, "metadata.audio_properties.analysis.equal_loudness": 0.0, "metadata.audio_properties.analysis.length": 29.07732391357422, "metadata.audio_properties.analysis.sample_rate": 44100.0, "metadata.audio_properties.analysis.start_time": 0.0, "metadata.audio_properties.bit_rate": 121629.0, "metadata.audio_properties.length": 29.077333450317383, "metadata.audio_properties.lossless": 0.0, "metadata.audio_properties.number_channels": 1.0, "metadata.audio_properties.replay_gain": -7.649568557739258, "metadata.audio_properties.sample_rate": 48000.0, "rhythm.beats_count": 45.0, "rhythm.beats_loudness.mean": 0.11256664991378784, "rhythm.beats_loudness.stdev": 0.06704632192850113, "rhythm.bpm": 95.34495544433594, "rhythm.bpm_histogram_first_peak_bpm": 96.0, "rhythm.bpm_histogram_first_peak_weight": 0.3255813717842102, "rhythm.bpm_histogram_second_peak_bpm": 88.0, "rhythm.bpm_histogram_second_peak_spread": 0.0, "rhythm.bpm_histogram_second_peak_weight": 0.022727273404598236, "rhythm.danceability": 1.6392337083816528, "rhythm.onset_rate": 4.640036106109619, "tonal.chords_changes_rate": 0.052547771483659744, "tonal.chords_number_rate": 0.007961783558130264, "tonal.chords_strength.mean": 0.5061958432197571, "tonal.chords_strength.stdev": 0.05173405259847641, "tonal.hpcp_crest.mean": 22.787628173828125, "tonal.hpcp_crest.stdev": 9.357434272766113, "tonal.hpcp_entropy.mean": 1.0606863498687744, "tonal.hpcp_entropy.stdev": 0.713901698589325, "tonal.key_edma.strength": 0.6978781223297119, "tonal.key_krumhansl.strength": 0.6940371990203857, "tonal.key_temperley.strength": 0.6742095351219177, "tonal.tuning_diatonic_strength": 0.570628821849823, "tonal.tuning_equal_tempered_deviation": 0.11103367805480957, "tonal.tuning_frequency": 438.2245178222656, "tonal.tuning_nontempered_energy_ratio": 0.6579499244689941, "lowlevel.barkbands.mean": [5.2968614909332246e-05, 0.013089650310575962, 0.007085181772708893, 0.001167404931038618, 0.0014430535957217216, 0.004860066343098879, 0.0004442511417437345, 0.00048035531654022634, 0.0040270136669278145, 0.00022881312179379165, 0.001078446744941175, 0.0001994588819798082, 0.0008906517759896815, 0.00024976584245450795, 0.0010534346802160144, 0.00020389810379128903, 0.00014803175872657448, 0.00011204359179828316, 0.00013983677490614355, 6.92133980919607e-05, 0.00011448475561337546, 1.6079884517239407e-05, 2.9795379305141978e-05, 9.229019633494318e-05, 9.700784721644595e-05, 4.7390360123245046e-05, 4.0038062252278905e-06], "lowlevel.barkbands.stdev": [0.00016228792082984, 0.02994571626186371, 0.0137581592425704, 0.0029702556785196066, 0.002316270489245653, 0.007221890147775412, 0.0011526902671903372, 0.001477376208640635, 0.0075143128633499146, 0.0010567395947873592, 0.002681511454284191, 0.0008268590900115669, 0.0023060559760779142, 0.0011942223645746708, 0.0026606356259435415, 0.0006410408532246947, 0.0004755828413181007, 0.00029768762760795653, 0.0003043403849005699, 0.0001330491795670241, 0.00020320864859968424, 8.620802691439167e-05, 0.00011771496792789549, 0.0002873541961889714, 0.0003421106084715575, 0.00022677458764519542, 9.439733730687294e-06], "lowlevel.erbbands.mean": [0.13078851997852325, 3.671996831893921, 9.969273567199707, 5.218008518218994, 2.667778730392456, 6.653864860534668, 13.327751159667969, 56.66767120361328, 8.97244644165039, 12.944426536560059, 10.283869743347168, 113.96711730957031, 29.631135940551758, 12.753143310546875, 46.12967300415039, 11.841638565063477, 40.148563385009766, 19.34397315979004, 71.6961669921875, 12.96923828125, 8.949256896972656, 8.708736419677734, 6.414196491241455, 8.817343711853027, 4.364867210388184, 3.3209691047668457, 6.5786638259887695, 1.9892390966415405, 0.6283387541770935, 0.8603947758674622, 0.7293115854263306, 0.6131773591041565, 2.282559394836426, 1.7120715379714966, 0.33544477820396423, 0.10310584306716919, 0.10486989468336105, 0.02700245939195156, 0.0005619270959869027, 5.7605291658546776e-05], "lowlevel.erbbands.stdev": [0.2859507203102112, 8.390283584594727, 19.427701950073242, 10.67995834350586, 4.02791166305542, 11.282389640808105, 21.8892822265625, 83.9798812866211, 12.380690574645996, 30.122325897216797, 22.39111328125, 214.9239959716797, 56.458980560302734, 51.804935455322266, 114.4831314086914, 37.343894958496094, 104.94210052490234, 44.12773895263672, 176.72645568847656, 27.608564376831055, 24.000890731811523, 27.83249855041504, 18.390932083129883, 19.507030487060547, 10.13055419921875, 6.100072860717773, 11.492140769958496, 5.749230861663818, 3.4180314540863037, 3.6067583560943604, 2.8737568855285645, 2.2526190280914307, 7.0028181076049805, 5.785135269165039, 1.5150996446609497, 0.9821366667747498, 0.41402673721313477, 0.08180658519268036, 0.0015133732231333852, 6.867092452012002e-05], "lowlevel.gfcc.mean": [-37.29774475097656, 92.43798065185547, -89.45499420166016, 3.499098539352417, -54.33888244628906, 8.428386688232422, -37.44887161254883, 6.604867458343506, -32.38835906982422, 11.952188491821289, -14.555649757385254, -9.529168128967285, -3.390223264694214], "lowlevel.melbands.mean": [0.002403505379334092, 0.005175646860152483, 0.000846502895001322, 0.00029860384529456496, 0.0004837514425162226, 0.001110237673856318, 0.0001217585668200627, 0.00014166107575874776, 7.986149284988642e-05, 0.0007659869734197855, 0.0001172090633190237, 3.8432161090895534e-05, 0.00013661864795722067, 5.973162114969455e-05, 2.8235190256964415e-05, 0.00011207848729100078, 1.8630946215125732e-05, 0.0001190738839795813, 3.2519266824238e-05, 1.7703603589325212e-05, 7.908150109869894e-06, 1.099685141525697e-05, 5.155617145646829e-06, 5.0312105486227665e-06, 7.556542641395936e-06, 3.895482223015279e-06, 1.9123228867101716e-06, 2.1397120235633338e-06, 4.1665307435323484e-06, 2.8915080747538013e-06, 5.87553017794562e-07, 3.451874874826899e-07, 2.919026655945345e-07, 5.90678382650367e-07, 4.271772411357233e-07, 3.6503561773315596e-07, 3.3689769907141454e-07, 1.313476332143182e-06, 2.386133701293147e-06, 1.1120943099740543e-06], "lowlevel.melbands.stdev": [0.005337270442396402, 0.010369270108640194, 0.0015892417868599296, 0.0004625616711564362, 0.0006756196962669492, 0.0016443146159872413, 0.000202688155695796, 0.0003531649417709559, 0.00022692023776471615, 0.0014525841688737273, 0.00024642495554871857, 0.00019680145487654954, 0.0003386837779544294, 0.00013653149653691798, 0.0001385253999615088, 0.00029662842280231416, 7.734862447250634e-05, 0.0002973986556753516, 7.827520312275738e-05, 5.823505489388481e-05, 2.28480166697409e-05, 3.856241164612584e-05, 1.6409876479883678e-05, 1.1920175893465057e-05, 1.7844004105427302e-05, 1.0403330634289887e-05, 3.856841431115754e-06, 4.268511929694796e-06, 7.526933131885016e-06, 5.659920134348795e-06, 2.3952327410370344e-06, 2.296683533131727e-06, 1.3190663139539538e-06, 2.5111480681516696e-06, 1.6742358184274053e-06, 1.6788912944321055e-06, 1.1945500091314898e-06, 4.490746960073011e-06, 6.902203494973946e-06, 4.253103270457359e-06], "lowlevel.melbands128.mean": [3.6259196349419653e-05, 0.0003665889671538025, 0.0025824843905866146, 0.007715227548032999, 0.00657316530123353, 0.002805352909490466, 0.0010270664934068918, 0.00047718462883494794, 0.00018184055807068944, 0.00023737877199891955, 0.00043131670099683106, 0.000347486580722034, 0.00020779349142685533, 0.0008760871132835746, 0.0020543381106108427, 0.0006382435676641762, 3.487324283923954e-05, 8.441443787887692e-05, 0.00013863547064829618, 0.0001486206310801208, 0.00016951776342466474, 3.587233368307352e-05, 3.2004842069000006e-05, 0.00011372110020602122, 0.0008287277887575328, 0.001257842406630516, 7.955624460009858e-05, 5.737135506933555e-05, 1.9016435544472188e-05, 1.7807018593885005e-05, 5.952681749477051e-05, 5.4946765885688365e-05, 0.00010246362944599241, 0.00029822145006619394, 3.2801377528812736e-05, 2.046854751824867e-05, 1.7019738152157515e-05, 1.90945193025982e-05, 2.910259172494989e-05, 0.00012321793474256992, 0.00017421602387912571, 7.499012554035289e-06, 1.1951834494539071e-05, 2.426974242553115e-05, 3.281927274656482e-05, 0.00021657226898241788, 0.00012499542208388448, 8.462076038995292e-06, 4.8223892008536495e-06, 4.389741206978215e-06, 3.12049342028331e-05, 1.7680053133517504e-05, 3.788829189943499e-06, 4.70150826004101e-06, 1.155831432697596e-05, 1.818916280171834e-05, 2.6575328320177505e-06, 3.0958599381847307e-06, 6.936131285328884e-06, 8.31972010928439e-06, 1.69881684541906e-06, 2.698098342079902e-06, 1.635684930079151e-05, 5.118725312058814e-06, 1.2750338100886438e-06, 6.459235919464845e-06, 3.2529162581340643e-06, 7.626847491337685e-07, 2.9119667033228325e-06, 1.7375471088598715e-06, 9.401227885064145e-07, 3.939355792681454e-06, 1.8316499108550488e-06, 4.886445367446868e-06, 6.338691491691861e-06, 1.9255637653259328e-06, 2.869611535061267e-06, 6.198067694640486e-07, 3.203516598659917e-07, 2.254928972433845e-07, 4.418550929585763e-07, 3.2604100397293223e-07, 2.765248439118295e-07, 2.625397428346332e-07, 3.3244805308640935e-07, 4.58771381772749e-07, 8.327758109771821e-07, 5.726196832256392e-07, 3.513144690714398e-07, 3.438966018620704e-07, 4.2002110944849846e-07, 3.972158140186366e-07, 2.3015140016013902e-07, 1.4181428298343235e-07, 4.06551862397464e-07, 1.214884491673729e-06, 1.1579658121263492e-06, 1.7950981145986589e-06, 3.2130380986927776e-06, 2.2241613351070555e-06, 1.587326664775901e-06, 8.720918458493543e-07, 5.632236366182042e-07, 5.992659453113447e-07, 2.7446196781966137e-07, 2.1708078179472068e-07, 1.3522891606498888e-07, 1.03020539654608e-07, 2.0356399943466386e-07, 1.4190402453095885e-07, 2.1061397603716614e-07, 2.629005848575616e-07, 3.904945913291158e-07, 4.4339728333397943e-07, 4.1021849028766155e-07, 3.7018040188740997e-07, 1.6773672939507378e-07, 1.810306393679184e-08, 1.3199495663140937e-10, 6.020602419387622e-12, 4.564459053779668e-12, 4.229333463307006e-12, 4.130153684334115e-12, 4.042845051788202e-12, 3.907220033627645e-12, 3.715376097057632e-12, 3.6068416049001017e-12, 3.575376106290662e-12], "lowlevel.melbands128.stdev": [0.00012216638424433768, 0.0013451536651700735, 0.005816332530230284, 0.018307430669665337, 0.013616279698908329, 0.0055192336440086365, 0.0024895372334867716, 0.001043161260895431, 0.00029900085064582527, 0.0005207943613640964, 0.000793570070527494, 0.0007937758346088231, 0.0006859954446554184, 0.0016472109127789736, 0.003096780041232705, 0.001015279907733202, 9.295838390244171e-05, 0.00026500195963308215, 0.0004191797925159335, 0.0004152230394538492, 0.0005505369044840336, 0.00018250482389703393, 0.0001899933849927038, 0.0005810782313346863, 0.0016058690380305052, 0.002507191151380539, 0.00025870546232908964, 0.00031830029911361635, 0.000171412480995059, 0.00011772745347116143, 0.0003620439092628658, 0.00037540035555139184, 0.00032766000367701054, 0.000796720152720809, 8.00098932813853e-05, 0.00010860133625101298, 0.00012809490726795048, 0.00020473654149100184, 0.00021736482449341565, 0.00036507134791463614, 0.0004773145483341068, 2.239244531665463e-05, 8.999547571875155e-05, 0.0001616440713405609, 0.00022417015861719847, 0.0005915379151701927, 0.00035524737904779613, 2.8251055482542142e-05, 4.086260378244333e-05, 2.472547384968493e-05, 0.00011269171955063939, 6.915149424457923e-05, 2.5156849005725235e-05, 2.0764668079209514e-05, 4.408031236380339e-05, 7.521605584770441e-05, 8.758521289564669e-06, 1.4313588508230168e-05, 2.9897468266426586e-05, 3.008978092111647e-05, 7.73352167016128e-06, 9.764319656824227e-06, 4.24868194386363e-05, 1.5701378288213164e-05, 5.280292498355266e-06, 1.9256769519415684e-05, 9.258223144570366e-06, 1.6115565131258336e-06, 7.172517143771984e-06, 3.4823849546228303e-06, 1.998842435568804e-06, 1.0077640581585001e-05, 4.615467787516536e-06, 9.149372999672778e-06, 1.3584860425908118e-05, 4.007343704870436e-06, 1.0030302291852422e-05, 3.2183413622988155e-06, 1.725365336824325e-06, 1.0794029776661773e-06, 3.670218120532809e-06, 2.1167350041650934e-06, 1.4187420447342447e-06, 1.1930006849070196e-06, 1.8011924112215638e-06, 2.1084006220917217e-06, 3.6997564620833145e-06, 2.4104620024445467e-06, 1.457634539292485e-06, 1.5208321428872296e-06, 2.07838456844911e-06, 2.000386530198739e-06, 1.1005847682099557e-06, 7.460660640390415e-07, 1.5591984947604942e-06, 4.711201199825155e-06, 4.338087819633074e-06, 7.145146810216829e-06, 8.704813808435574e-06, 7.4874160418403335e-06, 6.895195383549435e-06, 3.3441931464039953e-06, 2.9009149784542387e-06, 3.6051615097676404e-06, 1.5167204310273519e-06, 1.431402552043437e-06, 1.2274896334929508e-06, 8.099303840936045e-07, 2.769814273051452e-06, 1.8154483996113413e-06, 2.1973751245241147e-06, 1.8092548543791054e-06, 1.4163832702251966e-06, 1.1648188547042082e-06, 1.510113975200511e-06, 1.3792905519949272e-06, 4.047454638111958e-07, 4.880102366655592e-08, 2.014809652450822e-09, 5.5152538785963046e-11, 1.1500150658150243e-11, 7.563478489347464e-12, 7.410527920470589e-12, 7.27657691046435e-12, 7.1719531355429744e-12, 7.086205754125441e-12, 7.024499037999732e-12, 6.986536783132324e-12], "lowlevel.mfcc.mean": [-700.4827270507812, 141.27410888671875, 17.461814880371094, 6.287669658660889, 8.62661075592041, -5.043006420135498, 14.797578811645508, -21.789852142333984, 6.8739213943481445, -2.3727900981903076, -2.9250545501708984, 0.02716418169438839, -8.927753448486328], "lowlevel.spectral_contrast_coeffs.mean": [-0.6425384283065796, -0.628646969795227, -0.6922569274902344, -0.7420454025268555, -0.7784146666526794, -0.742946445941925], "lowlevel.spectral_contrast_coeffs.stdev": [0.06869206577539444, 0.08692163974046707, 0.08696480095386505, 0.07904119044542313, 0.05785824730992317, 0.046985600143671036], "lowlevel.spectral_contrast_valleys.mean": [-7.382003307342529, -7.5403242111206055, -8.33995532989502, -8.576338768005371, -8.666787147521973, -11.396252632141113], "lowlevel.spectral_contrast_valleys.stdev": [0.9837672710418701, 0.6505987644195557, 0.6476832032203674, 0.67876797914505, 0.812559962272644, 0.8747788667678833], "rhythm.beats_loudness_band_ratio.mean": [0.7324225306510925, 0.10622981190681458, 0.09436429291963577, 0.032630085945129395, 0.033666469156742096, 0.006054987665265799], "rhythm.beats_loudness_band_ratio.stdev": [0.2283947914838791, 0.15879341959953308, 0.10974334180355072, 0.039055533707141876, 0.05168451741337776, 0.005663042888045311], "tonal.hpcp.mean": [0.11551417410373688, 0.07005186378955841, 0.09290579706430435, 0.21200022101402283, 0.1566258817911148, 0.02166893146932125, 0.011490710079669952, 0.013215831480920315, 0.06528737396001816, 0.14157867431640625, 0.09602291882038116, 0.016856880858540535, 0.01572444848716259, 0.025234241038560867, 0.03928927704691887, 0.05415308475494385, 0.04417829588055611, 0.02951725944876671, 0.037708915770053864, 0.030191397294402122, 0.02149948664009571, 0.02769363299012184, 0.036503177136182785, 0.31435200572013855, 0.7133272290229797, 0.4481228291988373, 0.032808855175971985, 0.009318900294601917, 0.007380038965493441, 0.01615985482931137, 0.02522861957550049, 0.018564512953162193, 0.012914364226162434, 0.016132168471813202, 0.024662915617227554, 0.08426002413034439], "tonal.hpcp.stdev": [0.23686560988426208, 0.16678360104560852, 0.1948084831237793, 0.36611780524253845, 0.2874680459499359, 0.09320420026779175, 0.07616735994815826, 0.07520774751901627, 0.14848564565181732, 0.22895647585391998, 0.17274756729602814, 0.08201747387647629, 0.08324986696243286, 0.12080366909503937, 0.14813342690467834, 0.16779688000679016, 0.14985567331314087, 0.08773501217365265, 0.12717100977897644, 0.1112157478928566, 0.10408449172973633, 0.11587894707918167, 0.12612293660640717, 0.2495952993631363, 0.3766627311706543, 0.2890065312385559, 0.10560717433691025, 0.06398720294237137, 0.04862745851278305, 0.09091411530971527, 0.10510271787643433, 0.07736167311668396, 0.061912331730127335, 0.09016595780849457, 0.1226474866271019, 0.19073320925235748], "rhythm.beats_position": [0.6733786463737488, 1.3583673238754272, 2.008526086807251, 2.6470746994018555, 3.2740135192871094, 3.9009523391723633, 4.539501190185547, 5.178049564361572, 5.804988384246826, 6.43192720413208, 7.070476055145264, 7.709024906158447, 8.335963249206543, 8.962902069091797, 9.58984088897705, 10.216779708862305, 10.843718528747559, 11.470657348632812, 12.109206199645996, 12.74775505065918, 13.374693870544434, 14.001632690429688, 14.628571510314941, 15.267120361328125, 15.905668258666992, 16.532608032226562, 17.1595458984375, 17.78648567199707, 18.413423538208008, 19.051973342895508, 19.667301177978516, 20.294239044189453, 20.921178817749023, 21.54811668395996, 22.17505645751953, 22.80199432373047, 23.42893409729004, 24.044261932373047, 24.671201705932617, 25.286529541015625, 25.913469314575195, 26.540407180786133, 27.167346954345703, 27.79428482055664, 28.42122459411621], "rhythm.bpm_histogram": [0.0, 0.0, 0.0, 0.0, 0.0, 0.0, 0.0, 0.0, 0.0, 0.0, 0.0, 0.0, 0.0, 0.0, 0.0, 0.0, 0.0, 0.0, 0.0, 0.0, 0.0, 0.0, 0.0, 0.0, 0.0, 0.0, 0.0, 0.0, 0.0, 0.0, 0.0, 0.0, 0.0, 0.0, 0.0, 0.0, 0.0, 0.0, 0.0, 0.0, 0.0, 0.0, 0.0, 0.0, 0.0, 0.0, 0.0, 0.0, 0.0, 0.0, 0.0, 0.0, 0.0, 0.0, 0.0, 0.0, 0.0, 0.0, 0.0, 0.0, 0.0, 0.0, 0.0, 0.0, 0.0, 0.0, 0.0, 0.0, 0.0, 0.0, 0.0, 0.0, 0.0, 0.0, 0.0, 0.0, 0.0, 0.0, 0.0, 0.0, 0.0, 0.0, 0.0, 0.0, 0.0, 0.0, 0.0, 0.0, 0.022727273404598236, 0.0, 0.0, 0.0, 0.022727273404598236, 0.0, 0.22727273404598236, 0.0, 0.6590909361839294, 0.0, 0.06818182021379471, 0.0, 0.0, 0.0, 0.0, 0.0, 0.0, 0.0, 0.0, 0.0, 0.0, 0.0, 0.0, 0.0, 0.0, 0.0, 0.0, 0.0, 0.0, 0.0, 0.0, 0.0, 0.0, 0.0, 0.0, 0.0, 0.0, 0.0, 0.0, 0.0, 0.0, 0.0, 0.0, 0.0, 0.0, 0.0, 0.0, 0.0, 0.0, 0.0, 0.0, 0.0, 0.0, 0.0, 0.0, 0.0, 0.0, 0.0, 0.0, 0.0, 0.0, 0.0, 0.0, 0.0, 0.0, 0.0, 0.0, 0.0, 0.0, 0.0, 0.0, 0.0, 0.0, 0.0, 0.0, 0.0, 0.0, 0.0, 0.0, 0.0, 0.0, 0.0, 0.0, 0.0, 0.0, 0.0, 0.0, 0.0, 0.0, 0.0, 0.0, 0.0, 0.0, 0.0, 0.0, 0.0, 0.0, 0.0, 0.0, 0.0, 0.0, 0.0, 0.0, 0.0, 0.0, 0.0, 0.0, 0.0, 0.0, 0.0, 0.0, 0.0, 0.0, 0.0, 0.0, 0.0, 0.0, 0.0, 0.0, 0.0, 0.0, 0.0, 0.0, 0.0, 0.0, 0.0, 0.0, 0.0, 0.0, 0.0, 0.0, 0.0, 0.0, 0.0, 0.0, 0.0, 0.0, 0.0, 0.0, 0.0, 0.0, 0.0, 0.0, 0.0, 0.0, 0.0, 0.0, 0.0, 0.0, 0.0, 0.0, 0.0, 0.0, 0.0, 0.0, 0.0, 0.0, 0.0, 0.0, 0.0, 0.0, 0.0], "tonal.chords_histogram": [8.12101936340332, 0.0, 2.3885350227355957, 0.0, 0.0, 0.0, 0.0, 45.70063781738281, 3.6624202728271484, 40.12738800048828, 0.0, 0.0, 0.0, 0.0, 0.0, 0.0, 0.0, 0.0, 0.0, 0.0, 0.0, 0.0, 0.0, 0.0], "tonal.thpcp": [1.0, 0.628214955329895, 0.0459941141307354, 0.013063990511000156, 0.010345937684178352, 0.022654196247458458, 0.03536752611398697, 0.02602524124085903, 0.01810440421104431, 0.022615382447838783, 0.0345744751393795, 0.11812254041433334, 0.1619371473789215, 0.09820438921451569, 0.13024288415908813, 0.2971991002559662, 0.21957087516784668, 0.03037726692855358, 0.01610860973596573, 0.01852702535688877, 0.091525137424469, 0.19847647845745087, 0.13461272418498993, 0.023631343618035316, 0.022043807432055473, 0.035375408828258514, 0.0550788976252079, 0.07591618597507477, 0.06193272024393082, 0.041379690170288086, 0.05286341905593872, 0.04232475161552429, 0.030139725655317307, 0.03882318362593651, 0.05117311701178551, 0.44068413972854614], "lowlevel.gfcc.cov": [[4717.2744140625, 165.16029357910156, -383.18914794921875, 334.2877197265625, 781.2832641601562, 274.10797119140625, 303.2989196777344, 593.343017578125, 112.1180648803711, 8.730518341064453, 158.38510131835938, -262.9676208496094, 173.24334716796875], [165.16029357910156, 1225.3453369140625, 100.09857177734375, 200.7283477783203, 430.0555114746094, 5.8657450675964355, 279.15765380859375, 74.83687591552734, 92.0794906616211, 51.17892837524414, 133.52394104003906, -101.41649627685547, 78.91107177734375], [-383.18914794921875, 100.09857177734375, 1098.2149658203125, 385.5972595214844, -47.217994689941406, 215.5976104736328, 21.95516014099121, -73.66682434082031, 195.39768981933594, 28.782827377319336, -14.681760787963867, 215.4571990966797, -130.298583984375], [334.2877197265625, 200.7283477783203, 385.5972595214844, 529.51708984375, 226.1179962158203, 30.918426513671875, 58.13119888305664, 138.81597900390625, 152.9049835205078, -19.529006958007812, 31.82331085205078, 78.64493560791016, -5.048964500427246], [781.2832641601562, 430.0555114746094, -47.217994689941406, 226.1179962158203, 547.0296020507812, 137.71185302734375, 210.6309051513672, 243.5876922607422, 97.8876953125, 32.87487030029297, 83.5267562866211, -88.40394592285156, 86.55266571044922], [274.10797119140625, 5.8657450675964355, 215.5976104736328, 30.918426513671875, 137.71185302734375, 376.8260498046875, 193.85667419433594, 37.07680130004883, 53.85711669921875, 65.72453308105469, 29.914215087890625, -26.052309036254883, -23.672740936279297], [303.2989196777344, 279.15765380859375, 21.95516014099121, 58.13119888305664, 210.6309051513672, 193.85667419433594, 315.0257873535156, 109.81798553466797, 19.845169067382812, 52.0728759765625, 67.31241607666016, -65.74787139892578, 15.080395698547363], [593.343017578125, 74.83687591552734, -73.66682434082031, 138.81597900390625, 243.5876922607422, 37.07680130004883, 109.81798553466797, 271.3781433105469, 80.03662109375, 3.1611883640289307, 32.96055603027344, -49.12472152709961, 59.731163024902344], [112.1180648803711, 92.0794906616211, 195.39768981933594, 152.9049835205078, 97.8876953125, 53.85711669921875, 19.845169067382812, 80.03662109375, 186.53912353515625, 44.29909133911133, 0.8425167202949524, 43.54821014404297, 30.374183654785156], [8.730518341064453, 51.17892837524414, 28.782827377319336, -19.529006958007812, 32.87487030029297, 65.72453308105469, 52.0728759765625, 3.1611883640289307, 44.29909133911133, 123.29672241210938, 60.10702896118164, 2.882824420928955, 42.92241287231445], [158.38510131835938, 133.52394104003906, -14.681760787963867, 31.82331085205078, 83.5267562866211, 29.914215087890625, 67.31241607666016, 32.96055603027344, 0.8425167202949524, 60.10702896118164, 169.60752868652344, 27.8344783782959, 48.29624557495117], [-262.9676208496094, -101.41649627685547, 215.4571990966797, 78.64493560791016, -88.40394592285156, -26.052309036254883, -65.74787139892578, -49.12472152709961, 43.54821014404297, 2.882824420928955, 27.8344783782959, 185.1256103515625, -6.673305988311768], [173.24334716796875, 78.91107177734375, -130.298583984375, -5.048964500427246, 86.55266571044922, -23.672740936279297, 15.080395698547363, 59.731163024902344, 30.374183654785156, 42.92241287231445, 48.29624557495117, -6.673305988311768, 129.8343048095703]], "lowlevel.gfcc.icov": [[0.00035153410863131285, 0.00010872818529605865, 7.083529635565355e-05, -0.00015296501806005836, -0.0002190709055867046, -0.00022872160479892045, 0.0001288519852096215, -0.00039378475048579276, 7.574122719233856e-06, 0.00020935144857503474, -0.0003029060608241707, 0.0003814403316937387, -0.00013817478611599654], [0.00010872818529605865, 0.0024276894982904196, -0.0009648990817368031, 0.00036557725979946554, -0.0021343131083995104, 0.0024592243134975433, -0.002457532100379467, 0.0023807997349649668, -0.0014781003119423985, 0.0010005084332078695, -0.0014809371205046773, 0.002062378218397498, -0.0008414502372033894], [7.083529635565355e-05, -0.0009648990817368031, 0.0031952071003615856, -0.0019382392056286335, 0.0013517820043489337, -0.002500642789527774, 0.0009767269948497415, -4.3229425500612706e-05, -0.0009823356522247195, -0.0008649955270811915, 0.0008061116095632315, -0.0024894322268664837, 0.002260497072711587], [-0.00015296501806005836, 0.00036557725979946554, -0.0019382392056286335, 0.004897896200418472, -0.0020673840772360563, 0.00197005458176136, -0.0007201711414381862, -0.0005233732517808676, -0.0016272710636258125, 0.001775757409632206, -0.0008244321215897799, -0.0004542941751424223, 0.0003660087240859866], [-0.0002190709055867046, -0.0021343131083995104, 0.0013517820043489337, -0.0020673840772360563, 0.006811782717704773, -0.0031845427583903074, 0.0010114986216649413, -0.0035852626897394657, 0.00044577059452421963, -0.00015575200086459517, 0.00021159497555345297, -0.0001281741715501994, -0.0008620626176707447], [-0.00022872160479892045, 0.0024592243134975433, -0.002500642789527774, 0.00197005458176136, -0.0031845427583903074, 0.008263972587883472, -0.005292581394314766, 0.0030787058640271425, -0.0020239742007106543, -0.00046300189569592476, -0.000993551453575492, 0.0023195736575871706, 0.0003209926071576774], [0.0001288519852096215, -0.002457532100379467, 0.0009767269948497415, -0.0007201711414381862, 0.0010114986216649413, -0.005292581394314766, 0.00929104071110487, -0.004219267517328262, 0.0029630614444613457, -0.0021823435090482235, 5.656463690684177e-05, -0.0006943673943169415, 0.0014681053580716252], [-0.00039378475048579276, 0.0023807997349649668, -4.3229425500612706e-05, -0.0005233732517808676, -0.0035852626897394657, 0.0030787058640271425, -0.004219267517328262, 0.010977162048220634, -0.004641621373593807, 0.00272164773195982, -0.0014835887122899294, 0.002363158855587244, -0.0017344680381938815], [7.574122719233856e-06, -0.0014781003119423985, -0.0009823356522247195, -0.0016272710636258125, 0.00044577059452421963, -0.0020239742007106543, 0.0029630614444613457, -0.004641621373593807, 0.012707740068435669, -0.005430529359728098, 0.004097894765436649, -0.0028044439386576414, -0.0018819421529769897], [0.00020935144857503474, 0.0010005084332078695, -0.0008649955270811915, 0.001775757409632206, -0.00015575200086459517, -0.00046300189569592476, -0.0021823435090482235, 0.00272164773195982, -0.005430529359728098, 0.015382013283669949, -0.0055284700356423855, 0.002619977341964841, -0.00428927643224597], [-0.0003029060608241707, -0.0014809371205046773, 0.0008061116095632315, -0.0008244321215897799, 0.00021159497555345297, -0.000993551453575492, 5.656463690684177e-05, -0.0014835887122899294, 0.004097894765436649, -0.0055284700356423855, 0.010918164625763893, -0.004797560628503561, -0.0010040191700682044], [0.0003814403316937387, 0.002062378218397498, -0.0024894322268664837, -0.0004542941751424223, -0.0001281741715501994, 0.0023195736575871706, -0.0006943673943169415, 0.002363158855587244, -0.0028044439386576414, 0.002619977341964841, -0.004797560628503561, 0.012056545354425907, -0.0025823679752647877], [-0.00013817478611599654, -0.0008414502372033894, 0.002260497072711587, 0.0003660087240859866, -0.0008620626176707447, 0.0003209926071576774, 0.0014681053580716252, -0.0017344680381938815, -0.0018819421529769897, -0.00428927643224597, -0.0010040191700682044, -0.0025823679752647877, 0.014040402136743069]], "lowlevel.mfcc.cov": [[4321.11572265625, -17.88288116455078, -748.7561645507812, 319.971435546875, 580.2833251953125, -252.73745727539062, 611.3457641601562, 123.89949035644531, 369.5124816894531, 407.1058654785156, 51.778289794921875, -25.435956954956055, 167.1954345703125], [-17.88288116455078, 1043.1455078125, -143.73065185546875, 191.7040557861328, 127.20216369628906, 76.884521484375, 266.524169921875, -24.071809768676758, 120.99715423583984, 93.5669174194336, 72.18385314941406, 80.37836456298828, 19.313255310058594], [-748.7561645507812, -143.73065185546875, 1100.481689453125, 86.7858657836914, -15.650137901306152, 350.12811279296875, -285.76116943359375, 196.4594268798828, -85.5144271850586, -115.4500732421875, 111.20406341552734, 126.77470397949219, 11.928142547607422], [319.971435546875, 191.7040557861328, 86.7858657836914, 509.7684020996094, 239.52342224121094, -49.65275955200195, 27.03025245666504, 133.22386169433594, 111.65550231933594, -12.637152671813965, 33.610050201416016, 128.82199096679688, 51.566131591796875], [580.2833251953125, 127.20216369628906, -15.650137901306152, 239.52342224121094, 385.7336730957031, 4.997920036315918, 105.13883972167969, 98.38074493408203, 155.37171936035156, 93.52713012695312, 29.919517517089844, 66.94172668457031, 72.86920166015625], [-252.73745727539062, 76.884521484375, 350.12811279296875, -49.65275955200195, 4.997920036315918, 377.4032287597656, 36.64073944091797, 97.07463073730469, -5.979400157928467, 54.074615478515625, 90.59294891357422, 0.017288632690906525, 30.0832462310791], [611.3457641601562, 266.524169921875, -285.76116943359375, 27.03025245666504, 105.13883972167969, 36.64073944091797, 470.7601623535156, 27.747802734375, 84.99124908447266, 184.2148895263672, 64.50738525390625, -9.296257019042969, 50.36603546142578], [123.89949035644531, -24.071809768676758, 196.4594268798828, 133.22386169433594, 98.38074493408203, 97.07463073730469, 27.747802734375, 244.19532775878906, 65.5601577758789, 19.405120849609375, 60.09361267089844, 38.29762268066406, 44.759151458740234], [369.5124816894531, 120.99715423583984, -85.5144271850586, 111.65550231933594, 155.37171936035156, -5.979400157928467, 84.99124908447266, 65.5601577758789, 239.0760955810547, 110.14381408691406, 24.028120040893555, 23.223636627197266, 30.868627548217773], [407.1058654785156, 93.5669174194336, -115.4500732421875, -12.637152671813965, 93.52713012695312, 54.074615478515625, 184.2148895263672, 19.405120849609375, 110.14381408691406, 223.26498413085938, 47.45889663696289, -39.142822265625, 25.473421096801758], [51.778289794921875, 72.18385314941406, 111.20406341552734, 33.610050201416016, 29.919517517089844, 90.59294891357422, 64.50738525390625, 60.09361267089844, 24.028120040893555, 47.45889663696289, 130.56919860839844, 30.81127166748047, 25.66171646118164], [-25.435956954956055, 80.37836456298828, 126.77470397949219, 128.82199096679688, 66.94172668457031, 0.017288632690906525, -9.296257019042969, 38.29762268066406, 23.223636627197266, -39.142822265625, 30.81127166748047, 170.44265747070312, 17.545652389526367], [167.1954345703125, 19.313255310058594, 11.928142547607422, 51.566131591796875, 72.86920166015625, 30.0832462310791, 50.36603546142578, 44.759151458740234, 30.868627548217773, 25.473421096801758, 25.66171646118164, 17.545652389526367, 102.247802734375]], "lowlevel.mfcc.icov": [[0.00042365194531157613, 0.00020395222236402333, 0.00011894355702679604, -0.00010922163346549496, -0.00038768036756664515, 0.0002455945359542966, -0.00034508787211962044, -3.407460462767631e-05, -0.00011089222243754193, -0.0002992040244862437, -0.00010483310325071216, 8.623736357549205e-05, -0.00018160593754146248], [0.00020395222236402333, 0.0015307647408917546, 0.00027546906494535506, -0.0007118668872863054, -0.000103278252936434, -0.0006167006795294583, -0.0008522085263393819, 0.0008478831150569022, -0.0005815832992084324, 0.00018475763499736786, -0.0004258353728801012, -0.0003880327276419848, 0.00031091796699911356], [0.00011894355702679604, 0.00027546906494535506, 0.0025878031738102436, -0.00038283332833088934, -7.329337677219883e-05, -0.0020836617331951857, 0.001479518716223538, -0.0010139591759070754, 0.0007460485794581473, -5.318408875609748e-05, -0.0009557349840179086, -0.001381019945256412, 0.0002898752281907946], [-0.00010922163346549496, -0.0007118668872863054, -0.00038283332833088934, 0.0040733288042247295, -0.0016651916084811091, 0.0012698335340246558, 0.00015061399608384818, -0.0015208652475848794, -0.0003051789535675198, 0.0009209209238179028, -0.00012207543477416039, -0.001175267738290131, -0.0001968479045899585], [-0.00038768036756664515, -0.000103278252936434, -7.329337677219883e-05, -0.0016651916084811091, 0.0055209132842719555, -0.0003606831014622003, 0.00017835204198490828, -0.0002594036632217467, -0.0014341423520818353, -0.0011898356024175882, 0.00094721803907305, -0.0008746366947889328, -0.0016592377796769142], [0.0002455945359542966, -0.0006167006795294583, -0.0020836617331951857, 0.0012698335340246558, -0.0003606831014622003, 0.005915128160268068, -0.0009289800655096769, -0.0010136091150343418, 0.0002455913636367768, -0.0011766905663534999, -0.0011218838626518846, 0.0012352550402283669, -0.0009758141241036355], [-0.00034508787211962044, -0.0008522085263393819, 0.001479518716223538, 0.00015061399608384818, 0.00017835204198490828, -0.0009289800655096769, 0.005045376252382994, -0.0010710982605814934, 0.0013029563706368208, -0.0026801929343491793, -0.0009870679350569844, -0.0009598740725778043, -0.0007066905382089317], [-3.407460462767631e-05, 0.0008478831150569022, -0.0010139591759070754, -0.0015208652475848794, -0.0002594036632217467, -0.0010136091150343418, -0.0010710982605814934, 0.007244613021612167, -0.0018333194311708212, 0.0011235930724069476, -0.001313231885433197, 0.0007529433933086693, -0.0009058369905687869], [-0.00011089222243754193, -0.0005815832992084324, 0.0007460485794581473, -0.0003051789535675198, -0.0014341423520818353, 0.0002455913636367768, 0.0013029563706368208, -0.0018333194311708212, 0.007758280262351036, -0.00362826487980783, 0.0002614133700262755, -0.0009714222396723926, 0.00013138022040948272], [-0.0002992040244862437, 0.00018475763499736786, -5.318408875609748e-05, 0.0009209209238179028, -0.0011898356024175882, -0.0011766905663534999, -0.0026801929343491793, 0.0011235930724069476, -0.00362826487980783, 0.010481862351298332, -0.0021319526713341475, 0.002504910109564662, 0.0006078755832277238], [-0.00010483310325071216, -0.0004258353728801012, -0.0009557349840179086, -0.00012207543477416039, 0.00094721803907305, -0.0011218838626518846, -0.0009870679350569844, -0.001313231885433197, 0.0002614133700262755, -0.0021319526713341475, 0.011769580654799938, -0.0016848958330228925, -0.0010715016396716237], [8.623736357549205e-05, -0.0003880327276419848, -0.001381019945256412, -0.001175267738290131, -0.0008746366947889328, 0.0012352550402283669, -0.0009598740725778043, 0.0007529433933086693, -0.0009714222396723926, 0.002504910109564662, -0.0016848958330228925, 0.009152543731033802, -0.00038926946581341326], [-0.00018160593754146248, 0.00031091796699911356, 0.0002898752281907946, -0.0001968479045899585, -0.0016592377796769142, -0.0009758141241036355, -0.0007066905382089317, -0.0009058369905687869, 0.00013138022040948272, 0.0006078755832277238, -0.0010715016396716237, -0.00038926946581341326, 0.012442701496183872]], "metadata.audio_properties.analysis.downmix": "mix", "metadata.audio_properties.codec": "mp3", "metadata.audio_properties.md5_encoded": "e87cebeede3979952773c4434c3d4f81", "metadata.tags.file_name": "1183658390476562443.mp3", "metadata.version.essentia": "2.1-beta6-dev", "metadata.version.essentia_git_sha": "v2.1_beta5-1110-g77a6a954", "metadata.version.extractor": "music 2.0", "tonal.chords_key": "Bb", "tonal.chords_scale": "major", "tonal.key_edma.key": "Bb", "tonal.key_edma.scale": "minor", "tonal.key_krumhansl.key": "Bb", "tonal.key_krumhansl.scale": "minor", "tonal.key_temperley.key": "Bb", "tonal.key_temperley.scale": "minor", "metadata.tags.encoding": ["Lavf58.45.100"]}, "essentia_models": [{"model_name": "genre_dortmund", "activations": {"alternative": "0.028970199", "blues": "0.02450759", "electronic": "0.0035956735", "folkcountry": "0.66173446", "funksoulrnb": "0.0055826316", "jazz": "0.13881019", "pop": "0.28609863", "raphiphop": "0.011952042", "rock": "0.010356283"}