{"song_id": "1183655264675704862", "download": "https://cdn.discordapp.com/attachments/1135903449314238464/1183655264675704862/chirp.mp4?ex=65891fde&amp", "lyrics": "(Bridge)\n\"Yes, I like walking,\" \u662f\u7684\uff0c\u6211\u559c\u6b22\u8d70\u8def\uff0c\nSimple and clear, it's my liking.\n\u7b80\u5355\u660e\u4e86\uff0c\u8868\u8fbe\u6211\u559c\u597d\u3002\n\"Yes, I really enjoy walking,\" \u6211\u771f\u7684\u5f88\u559c\u6b22\u8d70\u8def\uff0c\nWith every step, my English is striking.\n\u6bcf\u8d70\u4e00\u6b65\uff0c\u6211\u7684\u82f1\u8bed\u66f4\u51fa\u8272\u3002", "style": ["Rock"], "essentia_features": {"lowlevel.average_loudness": 0.9847485423088074, "lowlevel.barkbands_crest.mean": 12.488373756408691, "lowlevel.barkbands_crest.stdev": 2.9721052646636963, "lowlevel.barkbands_flatness_db.mean": 0.15607762336730957, "lowlevel.barkbands_flatness_db.stdev": 0.05486143380403519, "lowlevel.barkbands_kurtosis.mean": 13.442148208618164, "lowlevel.barkbands_kurtosis.stdev": 24.350324630737305, "lowlevel.barkbands_skewness.mean": 2.9480297565460205, "lowlevel.barkbands_skewness.stdev": 1.9618624448776245, "lowlevel.barkbands_spread.mean": 24.214616775512695, "lowlevel.barkbands_spread.stdev": 13.7780122756958, "lowlevel.dissonance.mean": 0.49013492465019226, "lowlevel.dissonance.stdev": 0.009073391556739807, "lowlevel.dynamic_complexity": 1.1843196153640747, "lowlevel.erbbands_crest.mean": 7.179471015930176, "lowlevel.erbbands_crest.stdev": 3.1151294708251953, "lowlevel.erbbands_flatness_db.mean": 0.12648063898086548, "lowlevel.erbbands_flatness_db.stdev": 0.030279701575636864, "lowlevel.erbbands_kurtosis.mean": -0.062489088624715805, "lowlevel.erbbands_kurtosis.stdev": 1.4954086542129517, "lowlevel.erbbands_skewness.mean": -0.5580551028251648, "lowlevel.erbbands_skewness.stdev": 0.7669346332550049, "lowlevel.erbbands_spread.mean": 62.290565490722656, "lowlevel.erbbands_spread.stdev": 22.406606674194336, "lowlevel.hfc.mean": 25.6741943359375, "lowlevel.hfc.stdev": 15.76494312286377, "lowlevel.loudness_ebu128.integrated": -13.562445640563965, "lowlevel.loudness_ebu128.loudness_range": 0.4947061538696289, "lowlevel.loudness_ebu128.momentary.mean": -13.615394592285156, "lowlevel.loudness_ebu128.momentary.stdev": 0.6918752789497375, "lowlevel.loudness_ebu128.short_term.mean": -13.54310131072998, "lowlevel.loudness_ebu128.short_term.stdev": 0.16504716873168945, "lowlevel.melbands_crest.mean": 20.17869758605957, "lowlevel.melbands_crest.stdev": 3.305087089538574, "lowlevel.melbands_flatness_db.mean": 0.24685604870319366, "lowlevel.melbands_flatness_db.stdev": 0.06794223189353943, "lowlevel.melbands_kurtosis.mean": 52.45998001098633, "lowlevel.melbands_kurtosis.stdev": 65.1935043334961, "lowlevel.melbands_skewness.mean": 5.713345527648926, "lowlevel.melbands_skewness.stdev": 2.7691354751586914, "lowlevel.melbands_spread.mean": 15.76804256439209, "lowlevel.melbands_spread.stdev": 11.440584182739258, "lowlevel.pitch_salience.mean": 0.4974670708179474, "lowlevel.pitch_salience.stdev": 0.09054218977689743, "lowlevel.silence_rate_20dB.mean": 1.0, "lowlevel.silence_rate_20dB.stdev": 0.0, "lowlevel.silence_rate_30dB.mean": 0.9528957605361938, "lowlevel.silence_rate_30dB.stdev": 0.21186240017414093, "lowlevel.silence_rate_60dB.mean": 0.00154440151527524, "lowlevel.silence_rate_60dB.stdev": 0.039268504828214645, "lowlevel.spectral_centroid.mean": 1660.59228515625, "lowlevel.spectral_centroid.stdev": 651.0261840820312, "lowlevel.spectral_complexity.mean": 25.001544952392578, "lowlevel.spectral_complexity.stdev": 12.980527877807617, "lowlevel.spectral_decrease.mean": -1.3204191517957042e-08, "lowlevel.spectral_decrease.stdev": 7.105239951954445e-09, "lowlevel.spectral_energy.mean": 0.0521644689142704, "lowlevel.spectral_energy.stdev": 0.02724628709256649, "lowlevel.spectral_energyband_high.mean": 0.00131724844686687, "lowlevel.spectral_energyband_high.stdev": 0.0015040854923427105, "lowlevel.spectral_energyband_low.mean": 0.03859511390328407, "lowlevel.spectral_energyband_low.stdev": 0.02662891149520874, "lowlevel.spectral_energyband_middle_high.mean": 0.005058883223682642, "lowlevel.spectral_energyband_middle_high.stdev": 0.0038001982029527426, "lowlevel.spectral_energyband_middle_low.mean": 0.009288129396736622, "lowlevel.spectral_energyband_middle_low.stdev": 0.008998806588351727, "lowlevel.spectral_entropy.mean": 7.745732307434082, "lowlevel.spectral_entropy.stdev": 0.3081485331058502, "lowlevel.spectral_flux.mean": 0.10283350199460983, "lowlevel.spectral_flux.stdev": 0.05615302175283432, "lowlevel.spectral_kurtosis.mean": 3.250943660736084, "lowlevel.spectral_kurtosis.stdev": 1.7269244194030762, "lowlevel.spectral_rms.mean": 0.006933408323675394, "lowlevel.spectral_rms.stdev": 0.0016792741371318698, "lowlevel.spectral_rolloff.mean": 951.4002685546875, "lowlevel.spectral_rolloff.stdev": 1073.552734375, "lowlevel.spectral_skewness.mean": 1.057100772857666, "lowlevel.spectral_skewness.stdev": 0.2627258002758026, "lowlevel.spectral_spread.mean": 4488408.5, "lowlevel.spectral_spread.stdev": 1262770.625, "lowlevel.spectral_strongpeak.mean": 0.55132657289505, "lowlevel.spectral_strongpeak.stdev": 0.2868763506412506, "lowlevel.zerocrossingrate.mean": 0.05247119441628456, "lowlevel.zerocrossingrate.stdev": 0.024791864678263664, "metadata.audio_properties.analysis.equal_loudness": 0.0, "metadata.audio_properties.analysis.length": 30.03628158569336, "metadata.audio_properties.analysis.sample_rate": 44100.0, "metadata.audio_properties.analysis.start_time": 0.0, "metadata.audio_properties.bit_rate": 122879.0, "metadata.audio_properties.length": 30.03733253479004, "metadata.audio_properties.lossless": 0.0, "metadata.audio_properties.number_channels": 1.0, "metadata.audio_properties.replay_gain": -11.549753189086914, "metadata.audio_properties.sample_rate": 48000.0, "rhythm.beats_count": 68.0, "rhythm.beats_loudness.mean": 0.06196703016757965, "rhythm.beats_loudness.stdev": 0.019321154803037643, "rhythm.bpm": 137.37750244140625, "rhythm.bpm_histogram_first_peak_bpm": 136.0, "rhythm.bpm_histogram_first_peak_weight": 0.375, "rhythm.bpm_histogram_second_peak_bpm": 144.0, "rhythm.bpm_histogram_second_peak_spread": 0.3333333730697632, "rhythm.bpm_histogram_second_peak_weight": 0.02985074557363987, "rhythm.danceability": 1.873575210571289, "rhythm.onset_rate": 4.058788299560547, "tonal.chords_changes_rate": 0.06481481343507767, "tonal.chords_number_rate": 0.007716049440205097, "tonal.chords_strength.mean": 0.5440372228622437, "tonal.chords_strength.stdev": 0.05601967126131058, "tonal.hpcp_crest.mean": 10.12656307220459, "tonal.hpcp_crest.stdev": 4.226644039154053, "tonal.hpcp_entropy.mean": 2.7395968437194824, "tonal.hpcp_entropy.stdev": 0.7010443210601807, "tonal.key_edma.strength": 0.6395081281661987, "tonal.key_krumhansl.strength": 0.6240913271903992, "tonal.key_temperley.strength": 0.5969734787940979, "tonal.tuning_diatonic_strength": 0.5531637668609619, "tonal.tuning_equal_tempered_deviation": 0.1357503980398178, "tonal.tuning_frequency": 438.2245178222656, "tonal.tuning_nontempered_energy_ratio": 0.740240752696991, "lowlevel.barkbands.mean": [0.0004872620920650661, 0.016004135832190514, 0.020054548978805542, 0.004878264386206865, 0.0025011226534843445, 0.0005435938364826143, 0.00038390979170799255, 0.0006001688307151198, 0.0003002289740834385, 0.0002912392374128103, 0.00039549623033963144, 0.00045296092866919935, 0.00042798518552444875, 0.0003594792215153575, 0.00030580375459976494, 0.00033156975405290723, 0.00063235720153898, 0.0004906315007247031, 0.0010593505576252937, 0.0005117490072734654, 0.00035225989995524287, 0.0003613148583099246, 0.0002026569127338007, 8.566575706936419e-05, 7.457800529664382e-05, 7.073420420056209e-05, 5.414220595412189e-06], "lowlevel.barkbands.stdev": [0.00045636692084372044, 0.0178375206887722, 0.0138632757589221, 0.0038717174902558327, 0.006464844103902578, 0.0010537590133026242, 0.0008215204579755664, 0.001416787737980485, 0.0005810818402096629, 0.0005308038089424372, 0.0008932637865655124, 0.0007160163368098438, 0.0007160857203416526, 0.0005362558295018971, 0.0004086319822818041, 0.0004277026164345443, 0.0007406453369185328, 0.0005289845285005867, 0.0011406156700104475, 0.0005180056905373931, 0.00040733010973781347, 0.0004948813002556562, 0.0002819761575665325, 0.0001272480731131509, 0.00011825752153526992, 0.00010663048306014389, 1.1992747204203624e-05], "lowlevel.erbbands.mean": [0.4585583209991455, 3.9152815341949463, 21.950834274291992, 16.800006866455078, 12.184855461120605, 9.910348892211914, 4.173178672790527, 4.950353145599365, 4.6887383460998535, 10.465067863464355, 10.58525276184082, 6.924288749694824, 7.954776287078857, 11.694429397583008, 18.738033294677734, 18.098957061767578, 19.09541130065918, 19.670841217041016, 18.88932991027832, 13.174201965332031, 22.260150909423828, 37.81477355957031, 28.179039001464844, 37.95585632324219, 55.13489532470703, 24.115541458129883, 13.96768856048584, 14.264359474182129, 13.49484920501709, 9.633430480957031, 5.054259777069092, 2.282766819000244, 1.2802581787109375, 0.8277797102928162, 0.5401126146316528, 0.28648149967193604, 0.13780315220355988, 0.0251004695892334, 0.0006445920444093645, 7.743552123429254e-05], "lowlevel.erbbands.stdev": [0.5434330701828003, 4.066091060638428, 15.010281562805176, 13.949738502502441, 10.23792839050293, 30.269283294677734, 9.785319328308105, 10.42308235168457, 11.086623191833496, 23.180912017822266, 27.015235900878906, 12.583290100097656, 13.450477600097656, 22.161691665649414, 37.59550094604492, 27.578174591064453, 30.75846290588379, 27.867198944091797, 25.680898666381836, 15.420331954956055, 26.113779067993164, 43.77854919433594, 29.71198081970215, 38.967288970947266, 63.7736930847168, 22.485057830810547, 15.803956031799316, 17.310279846191406, 18.587486267089844, 13.379549980163574, 7.174239158630371, 3.2944462299346924, 1.9783148765563965, 1.3734365701675415, 0.8351864218711853, 0.4288892149925232, 0.21581293642520905, 0.04538920894265175, 0.0012420173734426498, 4.840371184400283e-05], "lowlevel.gfcc.mean": [29.211050033569336, 74.65472412109375, -97.80585479736328, 69.25021362304688, -26.158710479736328, 21.016233444213867, -20.42181968688965, 12.008944511413574, -28.8737850189209, 2.4842419624328613, -23.632566452026367, 0.6785936951637268, -24.15668487548828], "lowlevel.melbands.mean": [0.0041360012255609035, 0.008701455779373646, 0.0030018372926861048, 0.0007716685649938881, 0.00019210047321394086, 0.00010816271969815716, 7.179095700848848e-05, 0.0001250627828994766, 7.870885747252032e-05, 4.219138281769119e-05, 3.896020643878728e-05, 4.499674469116144e-05, 5.9493777371244505e-05, 5.496188168763183e-05, 3.9995447878027335e-05, 4.308698044042103e-05, 3.5701403248822317e-05, 3.074675987591036e-05, 2.0724486603285186e-05, 1.799745405151043e-05, 2.7067928385804407e-05, 3.984483191743493e-05, 3.0222705390769988e-05, 2.253165075671859e-05, 3.058130096178502e-05, 4.219208858557977e-05, 3.1826850317884237e-05, 1.221220190927852e-05, 8.190322660084348e-06, 8.776511094765738e-06, 7.99164263298735e-06, 7.683529474888928e-06, 6.788322480133502e-06, 4.83640451420797e-06, 3.075686663578381e-06, 1.9497920220601372e-06, 1.1854281183332205e-06, 9.005606784739939e-07, 7.659831453565857e-07, 6.721251111230231e-07], "lowlevel.melbands.stdev": [0.004787910263985395, 0.006151511333882809, 0.002130461623892188, 0.0015682176453992724, 0.00051963294390589, 0.00021883193403482437, 0.00015796622028574347, 0.0002762518124654889, 0.00021130985987838358, 7.650684710824862e-05, 6.787405436625704e-05, 8.748588152229786e-05, 0.00013393299013841897, 8.955635712482035e-05, 6.667444540653378e-05, 6.998041499173269e-05, 5.3031650168122724e-05, 4.4429929403122514e-05, 2.7282761948299594e-05, 2.485884579073172e-05, 3.2276937417918816e-05, 4.9062440666602924e-05, 3.4116088500013575e-05, 2.519652116461657e-05, 3.369171463418752e-05, 4.838714812649414e-05, 3.671783997560851e-05, 1.2251662155904341e-05, 9.938791663444135e-06, 1.0376033060310874e-05, 1.030838848237181e-05, 1.0737254342529923e-05, 1.018039711198071e-05, 6.778714578103973e-06, 4.494831955526024e-06, 2.859215101125301e-06, 1.7835434391599847e-06, 1.4032261788088363e-06, 1.2938668305650936e-06, 1.1574522886803607e-06], "lowlevel.melbands128.mean": [0.0003504783962853253, 0.0035698257852345705, 0.005249348934739828, 0.006131448317319155, 0.011910642497241497, 0.008266405202448368, 0.003124586772173643, 0.002585472771897912, 0.0008555107633583248, 0.0008077693055383861, 0.0005626678466796875, 0.00020542304264381528, 0.00010117399506270885, 0.00014037478831596673, 0.0001299801078857854, 7.842201011953875e-05, 7.01026146998629e-05, 6.962571933399886e-05, 6.8166948040016e-05, 0.0001262042496819049, 0.00016074020822998136, 0.00011120531416963786, 6.54550312901847e-05, 4.7492059820797294e-05, 4.31906919402536e-05, 3.8083606341388077e-05, 4.326516136643477e-05, 3.8892154407221824e-05, 3.4391887311358005e-05, 4.437181632965803e-05, 4.745690603158437e-05, 4.800424358109012e-05, 6.416094402084127e-05, 6.422163278330117e-05, 6.0044523706892505e-05, 5.1267077651573345e-05, 4.9092072003986686e-05, 3.234265386709012e-05, 4.2996798583772033e-05, 4.028175681014545e-05, 4.791858373209834e-05, 4.015106242150068e-05, 3.429762728046626e-05, 3.4686960134422407e-05, 3.0871440685587004e-05, 2.819338442350272e-05, 3.51030430465471e-05, 2.0630517610698007e-05, 1.534627517685294e-05, 1.4438520338444505e-05, 1.6857431546668522e-05, 2.270078402943909e-05, 2.8368322091409937e-05, 2.56295516010141e-05, 3.1155457691056654e-05, 4.4550219172379e-05, 4.735554102808237e-05, 2.9976392397657037e-05, 2.6798294129548594e-05, 2.2856933355797082e-05, 2.299272637173999e-05, 1.968285687325988e-05, 2.810803744068835e-05, 3.345302684465423e-05, 3.476367055554874e-05, 4.1489060095045716e-05, 5.000226155971177e-05, 4.0604649257147685e-05, 2.715950904530473e-05, 2.130138273059856e-05, 1.0360105079598725e-05, 8.754297596169636e-06, 8.528141734132078e-06, 7.900256605353206e-06, 7.960425136843696e-06, 9.130361831921618e-06, 9.113005035032984e-06, 8.277889719465747e-06, 8.160200195561629e-06, 6.975550604693126e-06, 7.849393114156555e-06, 7.725812793069053e-06, 8.035420250962488e-06, 6.778130682505434e-06, 5.752434844907839e-06, 5.3446988204086665e-06, 4.459303909243317e-06, 3.870472937705927e-06, 2.9444420306390384e-06, 2.6457423700776417e-06, 2.2631902538705617e-06, 1.8217239130535745e-06, 1.2749119377986062e-06, 1.1820487770819454e-06, 1.1333487464071368e-06, 9.389502224621538e-07, 8.12858274912287e-07, 9.033601600094698e-07, 7.746253913865075e-07, 6.794556384193129e-07, 7.278962925738597e-07, 6.409300112864003e-07, 6.676763177893008e-07, 6.1557983599414e-07, 6.733598070240987e-07, 5.82041934649169e-07, 5.099006443742837e-07, 4.6174790213626693e-07, 4.6884585458428774e-07, 5.076929028291488e-07, 5.39175744052045e-07, 4.628748797586013e-07, 4.42346703266594e-07, 4.401457545100129e-07, 3.4120182590413606e-07, 2.6444638479006244e-07, 1.8087681041834003e-07, 5.126786817299944e-08, 6.360777682345997e-09, 1.5488447330236355e-11, 8.209262263025874e-12, 8.010892296739236e-12, 7.815735038330107e-12, 7.552931370613525e-12, 6.892172162847876e-12, 5.906543483480409e-12, 5.379240455849477e-12, 5.278604810199372e-12], "lowlevel.melbands128.stdev": [0.00041304671321995556, 0.00426276633515954, 0.007125675678253174, 0.007331161759793758, 0.008596295490860939, 0.006134450901299715, 0.003161774016916752, 0.0016558169154450297, 0.0007877792813815176, 0.0022398829460144043, 0.0019662061240524054, 0.0007403843337669969, 0.0002732931461650878, 0.00029473076574504375, 0.00033843860728666186, 0.00020537260570563376, 0.00025479996111243963, 0.00017712598491925746, 0.00014776016178075224, 0.00034810384386219084, 0.00041134588536806405, 0.0003024128673132509, 0.00029485972481779754, 0.0001493944291723892, 8.489015453960747e-05, 9.239109931513667e-05, 9.573460556566715e-05, 7.612705667270347e-05, 7.925407408038154e-05, 0.00010734078387031332, 0.00010616496001603082, 0.00012920491280965507, 0.00019938855257350951, 0.00014432599709834903, 0.00012327010335866362, 9.959911403711885e-05, 9.385217708768323e-05, 6.0925583966309205e-05, 9.697920904727653e-05, 7.833608106011525e-05, 9.252804011339322e-05, 8.398076897719875e-05, 6.198471965035424e-05, 6.530117389047518e-05, 6.40538492007181e-05, 4.609959069057368e-05, 5.946994133410044e-05, 3.447174094617367e-05, 2.2872078261571005e-05, 2.1267764168442227e-05, 3.00719439110253e-05, 3.956452928832732e-05, 4.0145194361684844e-05, 3.661720984382555e-05, 4.270708086551167e-05, 6.906429916853085e-05, 6.0420694353524595e-05, 4.387851367937401e-05, 3.773736898438074e-05, 3.046424717467744e-05, 3.22461492032744e-05, 2.4636896341689862e-05, 3.573429421521723e-05, 4.4101656385464594e-05, 4.561607784125954e-05, 5.1712799177039415e-05, 7.529003778472543e-05, 5.883950143470429e-05, 3.646335972007364e-05, 2.3191123545984738e-05, 1.3017153833061457e-05, 1.1765481758629903e-05, 1.2290031008888036e-05, 1.065409196598921e-05, 1.1256633115408476e-05, 1.1549315786396619e-05, 1.2393389624776319e-05, 1.187173074868042e-05, 1.1751924830605276e-05, 1.0019183719123248e-05, 1.1984963748545852e-05, 1.2201091522001661e-05, 1.3749590834777337e-05, 1.1014042684109882e-05, 9.463444257562514e-06, 7.96877884567948e-06, 6.916504389664624e-06, 6.041482720320346e-06, 4.7339840421045665e-06, 4.189619176031556e-06, 3.5014093100471655e-06, 2.9493205602193484e-06, 2.002680730583961e-06, 2.0076820419490105e-06, 1.81232235263451e-06, 1.5376235751318745e-06, 1.4348555623655557e-06, 1.5534801605099346e-06, 1.4606347349399584e-06, 1.2533467952380306e-06, 1.2791828112312942e-06, 1.18307195862144e-06, 1.30978946799587e-06, 1.1358657729942934e-06, 1.0978554882967728e-06, 9.378825325256912e-07, 9.072902003026684e-07, 8.166574048118491e-07, 8.137606073432835e-07, 8.164763585227774e-07, 8.396515340791666e-07, 7.849345138311037e-07, 7.338310297200223e-07, 8.724430244910764e-07, 6.619637247240462e-07, 5.259401518742379e-07, 3.781410100600624e-07, 1.8114539557245735e-07, 4.820650190140441e-08, 1.3135058318791692e-10, 4.4170313240332604e-11, 4.393856459228296e-11, 4.3529048421309113e-11, 4.089627247960692e-11, 3.010140400827588e-11, 1.351730186116562e-11, 7.972766544184218e-12, 7.814109602433117e-12], "lowlevel.mfcc.mean": [-619.0549926757812, 100.29640197753906, 0.43738725781440735, 58.03329086303711, 17.54025650024414, 25.159618377685547, 16.130809783935547, 17.098636627197266, 3.1242051124572754, 4.426964282989502, 5.1437087059021, -1.2338463068008423, 0.4200076460838318], "lowlevel.spectral_contrast_coeffs.mean": [-0.6614094376564026, -0.8099451065063477, -0.8249454498291016, -0.8171076774597168, -0.7823886871337891, -0.7054648995399475], "lowlevel.spectral_contrast_coeffs.stdev": [0.05428256094455719, 0.05719812214374542, 0.04292775318026543, 0.039009228348731995, 0.04665275290608406, 0.034195516258478165], "lowlevel.spectral_contrast_valleys.mean": [-6.201452255249023, -7.044099807739258, -7.2715535163879395, -7.265501499176025, -6.844908237457275, -10.164238929748535], "lowlevel.spectral_contrast_valleys.stdev": [0.4411447048187256, 0.6856620907783508, 0.7038508653640747, 0.5539525747299194, 0.5455985069274902, 0.878790020942688], "rhythm.beats_loudness_band_ratio.mean": [0.6887090802192688, 0.10446379333734512, 0.03889273852109909, 0.04694743454456329, 0.062403757125139236, 0.07827399671077728], "rhythm.beats_loudness_band_ratio.stdev": [0.16331051290035248, 0.11220729351043701, 0.036370113492012024, 0.03481055051088333, 0.04528653994202614, 0.04048021510243416], "tonal.hpcp.mean": [0.8802325129508972, 0.45827850699424744, 0.07127748429775238, 0.04456587880849838, 0.028621459379792213, 0.020994022488594055, 0.019489970058202744, 0.016750428825616837, 0.013015341944992542, 0.013510932214558125, 0.013381083495914936, 0.013906839303672314, 0.016205541789531708, 0.01340426318347454, 0.008891128934919834, 0.007883118465542793, 0.010274386964738369, 0.011578492820262909, 0.010643196292221546, 0.015096711926162243, 0.08702706545591354, 0.18599477410316467, 0.12867169082164764, 0.045056384056806564, 0.039558786898851395, 0.026125527918338776, 0.025087492540478706, 0.018825799226760864, 0.012637506239116192, 0.013601277023553848, 0.014863760210573673, 0.016213353723287582, 0.022866448387503624, 0.053149525076150894, 0.11326392740011215, 0.5410733222961426], "tonal.hpcp.stdev": [0.26512736082077026, 0.24509935081005096, 0.18359322845935822, 0.15299730002880096, 0.1293773204088211, 0.10728691518306732, 0.0887555480003357, 0.07774890214204788, 0.054661255329847336, 0.03838910907506943, 0.025911876931786537, 0.024741485714912415, 0.026174740865826607, 0.02314715087413788, 0.01624974049627781, 0.012602920643985271, 0.021173354238271713, 0.026181871071457863, 0.021619470790028572, 0.039072632789611816, 0.07319708913564682, 0.09561425447463989, 0.10908914357423782, 0.13318781554698944, 0.12981942296028137, 0.08341272920370102, 0.10213439911603928, 0.07974705845117569, 0.061127372086048126, 0.055040694773197174, 0.057103902101516724, 0.06568212062120438, 0.08409037441015244, 0.15916772186756134, 0.23979395627975464, 0.2416037768125534], "rhythm.beats_position": [0.3831292390823364, 0.7894784212112427, 1.2306575775146484, 1.6602267026901245, 2.0897958278656006, 2.530975103378296, 2.972154140472412, 3.4017233848571777, 3.8312923908233643, 4.2724714279174805, 4.713650703430176, 5.154829978942871, 5.596008777618408, 6.013967990875244, 6.4551472663879395, 6.896326541900635, 7.337505340576172, 7.7670745849609375, 8.208253860473633, 8.637823104858398, 9.079002380371094, 9.520181655883789, 9.949749946594238, 10.379319190979004, 10.8204984664917, 11.261677742004395, 11.69124698638916, 12.120816230773926, 12.561995506286621, 13.003174781799316, 13.444353103637695, 13.873922348022461, 14.315101623535156, 14.744670867919922, 15.185850143432617, 15.627029418945312, 16.056598663330078, 16.486167907714844, 16.92734718322754, 17.368526458740234, 17.80970573425293, 18.239274978637695, 18.668842315673828, 19.110021591186523, 19.55120086669922, 19.992380142211914, 20.42194938659668, 20.851518630981445, 21.29269790649414, 21.733877182006836, 22.1634464263916, 22.593015670776367, 23.034194946289062, 23.475374221801758, 23.916553497314453, 24.34612274169922, 24.787302017211914, 25.216869354248047, 25.658048629760742, 26.099227905273438, 26.540407180786133, 26.95836639404297, 27.399545669555664, 27.84072494506836, 28.281904220581055, 28.71147346496582, 29.141042709350586, 29.58222198486328], "rhythm.bpm_histogram": [0.0, 0.0, 0.0, 0.0, 0.0, 0.0, 0.0, 0.0, 0.0, 0.0, 0.0, 0.0, 0.0, 0.0, 0.0, 0.0, 0.0, 0.0, 0.0, 0.0, 0.0, 0.0, 0.0, 0.0, 0.0, 0.0, 0.0, 0.0, 0.0, 0.0, 0.0, 0.0, 0.0, 0.0, 0.0, 0.0, 0.0, 0.0, 0.0, 0.0, 0.0, 0.0, 0.0, 0.0, 0.0, 0.0, 0.0, 0.0, 0.0, 0.0, 0.0, 0.0, 0.0, 0.0, 0.0, 0.0, 0.0, 0.0, 0.0, 0.0, 0.0, 0.0, 0.0, 0.0, 0.0, 0.0, 0.0, 0.0, 0.0, 0.0, 0.0, 0.0, 0.0, 0.0, 0.0, 0.0, 0.0, 0.0, 0.0, 0.0, 0.0, 0.0, 0.0, 0.0, 0.0, 0.0, 0.0, 0.0, 0.0, 0.0, 0.0, 0.0, 0.0, 0.0, 0.0, 0.0, 0.0, 0.0, 0.0, 0.0, 0.0, 0.0, 0.0, 0.0, 0.0, 0.0, 0.0, 0.0, 0.0, 0.0, 0.0, 0.0, 0.0, 0.0, 0.0, 0.0, 0.0, 0.0, 0.0, 0.0, 0.0, 0.0, 0.0, 0.0, 0.0, 0.0, 0.0, 0.0, 0.0, 0.0, 0.0, 0.0, 0.0, 0.0, 0.0, 0.0, 0.5970149040222168, 0.0, 0.0, 0.0, 0.35820895433425903, 0.0, 0.0, 0.0, 0.02985074557363987, 0.0, 0.0, 0.0, 0.014925372786819935, 0.0, 0.0, 0.0, 0.0, 0.0, 0.0, 0.0, 0.0, 0.0, 0.0, 0.0, 0.0, 0.0, 0.0, 0.0, 0.0, 0.0, 0.0, 0.0, 0.0, 0.0, 0.0, 0.0, 0.0, 0.0, 0.0, 0.0, 0.0, 0.0, 0.0, 0.0, 0.0, 0.0, 0.0, 0.0, 0.0, 0.0, 0.0, 0.0, 0.0, 0.0, 0.0, 0.0, 0.0, 0.0, 0.0, 0.0, 0.0, 0.0, 0.0, 0.0, 0.0, 0.0, 0.0, 0.0, 0.0, 0.0, 0.0, 0.0, 0.0, 0.0, 0.0, 0.0, 0.0, 0.0, 0.0, 0.0, 0.0, 0.0, 0.0, 0.0, 0.0, 0.0, 0.0, 0.0, 0.0, 0.0, 0.0, 0.0, 0.0, 0.0, 0.0, 0.0, 0.0, 0.0, 0.0, 0.0, 0.0, 0.0, 0.0, 0.0, 0.0, 0.0, 0.0, 0.0, 0.0, 0.0, 0.0, 0.0, 0.0, 0.0], "tonal.chords_histogram": [9.876543045043945, 0.0, 15.895061492919922, 0.0, 0.0, 0.0, 0.0, 2.314814805984497, 2.4691357612609863, 69.44444274902344, 0.0, 0.0, 0.0, 0.0, 0.0, 0.0, 0.0, 0.0, 0.0, 0.0, 0.0, 0.0, 0.0, 0.0], "tonal.thpcp": [1.0, 0.5206334590911865, 0.08097574859857559, 0.050629667937755585, 0.03251579403877258, 0.023850541561841965, 0.022141842171549797, 0.01902955025434494, 0.014786254614591599, 0.01534927636384964, 0.015201760455965996, 0.01579905115067959, 0.01841052435338497, 0.015228093601763248, 0.010100887157022953, 0.00895572267472744, 0.011672355234622955, 0.013153902254998684, 0.012091346085071564, 0.017150823026895523, 0.09886827319860458, 0.21130186319351196, 0.1461792141199112, 0.05118691176176071, 0.044941291213035583, 0.02968025766313076, 0.028500983491539955, 0.02138730324804783, 0.014357008971273899, 0.015451913699507713, 0.01688617467880249, 0.018419397994875908, 0.025977736338973045, 0.06038123369216919, 0.12867501378059387, 0.6146936416625977], "lowlevel.gfcc.cov": [[2640.647216796875, -467.8543395996094, -210.4830780029297, -241.656005859375, -436.00506591796875, 44.639652252197266, -165.06495666503906, 76.90557098388672, -64.41436767578125, 94.69955444335938, -7.642654895782471, 57.10072326660156, -108.4262924194336], [-467.8543395996094, 657.09326171875, -199.3876190185547, -72.37024688720703, 158.5319366455078, -186.85614013671875, 146.4835662841797, 23.59247589111328, 23.39474105834961, -48.321044921875, 103.33313751220703, -54.40239334106445, 23.213462829589844], [-210.4830780029297, -199.3876190185547, 489.33245849609375, 110.06316375732422, 3.17706036567688, 50.59098815917969, -61.99201965332031, -41.83439254760742, 46.33552551269531, 29.4191951751709, -75.29850769042969, 36.40031814575195, 24.897403717041016], [-241.656005859375, -72.37024688720703, 110.06316375732422, 256.8427734375, 68.92725372314453, 20.3583927154541, -68.97917938232422, -33.72835922241211, 41.97566223144531, -15.102280616760254, -8.149369239807129, 6.519925117492676, 48.38475799560547], [-436.00506591796875, 158.5319366455078, 3.17706036567688, 68.92725372314453, 289.3545837402344, -27.622949600219727, 63.23569107055664, 15.866814613342285, 10.277223587036133, -23.102651596069336, 10.591358184814453, -23.017038345336914, 5.496240139007568], [44.639652252197266, -186.85614013671875, 50.59098815917969, 20.3583927154541, -27.622949600219727, 302.9473876953125, 56.56287384033203, -56.185699462890625, -50.48209762573242, -26.241025924682617, -27.026805877685547, 3.1214351654052734, 7.679668426513672], [-165.06495666503906, 146.4835662841797, -61.99201965332031, -68.97917938232422, 63.23569107055664, 56.56287384033203, 207.40945434570312, 43.72193908691406, -42.15415573120117, -48.69662857055664, 17.34998893737793, -21.47132110595703, -20.50536346435547], [76.90557098388672, 23.59247589111328, -41.83439254760742, -33.72835922241211, 15.866814613342285, -56.185699462890625, 43.72193908691406, 120.30747985839844, 17.975669860839844, 4.169665336608887, 11.388344764709473, -18.20136070251465, -27.571178436279297], [-64.41436767578125, 23.39474105834961, 46.33552551269531, 41.97566223144531, 10.277223587036133, -50.48209762573242, -42.15415573120117, 17.975669860839844, 88.6356201171875, 29.79281997680664, -7.232994079589844, -11.450693130493164, 3.4520163536071777], [94.69955444335938, -48.321044921875, 29.4191951751709, -15.102280616760254, -23.102651596069336, -26.241025924682617, -48.69662857055664, 4.169665336608887, 29.79281997680664, 65.30950164794922, 5.688766002655029, 0.05901006609201431, -16.38616180419922], [-7.642654895782471, 103.33313751220703, -75.29850769042969, -8.149369239807129, 10.591358184814453, -27.026805877685547, 17.34998893737793, 11.388344764709473, -7.232994079589844, 5.688766002655029, 78.6475830078125, 4.016519546508789, -2.39021635055542], [57.10072326660156, -54.40239334106445, 36.40031814575195, 6.519925117492676, -23.017038345336914, 3.1214351654052734, -21.47132110595703, -18.20136070251465, -11.450693130493164, 0.05901006609201431, 4.016519546508789, 63.34942626953125, 20.088666915893555], [-108.4262924194336, 23.213462829589844, 24.897403717041016, 48.38475799560547, 5.496240139007568, 7.679668426513672, -20.50536346435547, -27.571178436279297, 3.4520163536071777, -16.38616180419922, -2.39021635055542, 20.088666915893555, 62.97604751586914]], "lowlevel.gfcc.icov": [[0.0007028437103144825, 0.00011312172136968002, 0.00035882374504581094, 0.00024251929426100105, 0.0006792013300582767, -0.000266611750703305, 0.0006872395751997828, -0.0007263177540153265, 0.0004374101117718965, -0.00035694646066986024, 0.0001845515362219885, -0.0006774161593057215, 0.0008254638523794711], [0.00011312172136968002, 0.007060819771140814, 0.0004764716140925884, 0.0031470463145524263, -0.0018961142050102353, 0.004537601489573717, -0.004618112929165363, 0.0045216442085802555, -0.0050613596104085445, 0.004576398991048336, -0.007548802997916937, 0.005487305112183094, -0.00549481762573123], [0.00035882374504581094, 0.0004764716140925884, 0.0033749393187463284, -0.0009583818027749658, 0.00015375135990325361, -0.00015332791372202337, -0.000583625806029886, 0.0003615321184042841, -0.0009747532894834876, -0.0021382304839789867, 0.0027227685786783695, -0.0021668688859790564, 0.00010936002217931673], [0.00024251929426100105, 0.0031470463145524263, -0.0009583818027749658, 0.008570706471800804, -0.0025237153749912977, 0.000601937819737941, 0.0015049331123009324, 0.0018226808169856668, -0.005237007513642311, 0.006408924702554941, -0.005440650042146444, 0.003144207177683711, -0.0047684661112725735], [0.0006792013300582767, -0.0018961142050102353, 0.00015375135990325361, -0.0025237153749912977, 0.005800079088658094, -0.0005516963428817689, -0.0002685567596927285, -0.001694460166618228, 0.0018857413670048118, -0.0017683536279946566, 0.0022027313243597746, -0.001049474929459393, 0.0023331809788942337], [-0.000266611750703305, 0.004537601489573717, -0.00015332791372202337, 0.000601937819737941, -0.0005516963428817689, 0.007906761020421982, -0.005778506398200989, 0.005466355476528406, -0.001158944913186133, 0.0021294886246323586, -0.0034007143694907427, 0.00441237585619092, -0.0038568030577152967], [0.0006872395751997828, -0.004618112929165363, -0.000583625806029886, 0.0015049331123009324, -0.0002685567596927285, -0.005778506398200989, 0.014093046076595783, -0.007169416174292564, 0.004459818825125694, 0.004002141300588846, 0.0021482573356479406, -0.0026985344011336565, 0.005877284333109856], [-0.0007263177540153265, 0.0045216442085802555, 0.0003615321184042841, 0.0018226808169856668, -0.001694460166618228, 0.005466355476528406, -0.007169416174292564, 0.015857798978686333, -0.006996924988925457, 0.0033337296918034554, -0.005234415642917156, 0.0047078682109713554, -0.0008204979239962995], [0.0004374101117718965, -0.0050613596104085445, -0.0009747532894834876, -0.005237007513642311, 0.0018857413670048118, -0.001158944913186133, 0.004459818825125694, -0.006996924988925457, 0.023222805932164192, -0.01211516559123993, 0.0076489574275910854, -8.153868839144707e-05, 0.001284381258301437], [-0.00035694646066986024, 0.004576398991048336, -0.0021382304839789867, 0.006408924702554941, -0.0017683536279946566, 0.0021294886246323586, 0.004002141300588846, 0.0033337296918034554, -0.01211516559123993, 0.03209489956498146, -0.011340372264385223, 0.003721650457009673, 0.0036746738478541374], [0.0001845515362219885, -0.007548802997916937, 0.0027227685786783695, -0.005440650042146444, 0.0022027313243597746, -0.0034007143694907427, 0.0021482573356479406, -0.005234415642917156, 0.0076489574275910854, -0.011340372264385223, 0.025683365762233734, -0.009423366747796535, 0.0054449643939733505], [-0.0006774161593057215, 0.005487305112183094, -0.0021668688859790564, 0.003144207177683711, -0.001049474929459393, 0.00441237585619092, -0.0026985344011336565, 0.0047078682109713554, -8.153868839144707e-05, 0.003721650457009673, -0.009423366747796535, 0.026173101738095284, -0.011745788156986237], [0.0008254638523794711, -0.00549481762573123, 0.00010936002217931673, -0.0047684661112725735, 0.0023331809788942337, -0.0038568030577152967, 0.005877284333109856, -0.0008204979239962995, 0.001284381258301437, 0.0036746738478541374, 0.0054449643939733505, -0.011745788156986237, 0.029606414958834648]], "lowlevel.mfcc.cov": [[2686.394287109375, -448.3624572753906, -84.29550170898438, -387.216064453125, -278.48828125, -188.83399963378906, -102.51811218261719, -73.68032836914062, -122.48835754394531, -10.38175106048584, 33.138587951660156, 17.233299255371094, 28.093496322631836], [-448.3624572753906, 702.3786010742188, -302.8429260253906, 106.66532897949219, -63.5134391784668, -131.88116455078125, 94.99256896972656, 29.768712997436523, -16.322362899780273, 42.13151931762695, 38.70384979248047, 4.225846767425537, 23.576126098632812], [-84.29550170898438, -302.8429260253906, 489.4070129394531, -26.709335327148438, 39.531227111816406, 106.17549896240234, -93.51486206054688, -41.110252380371094, 50.830352783203125, -38.93084716796875, -35.754188537597656, 7.124510765075684, -7.358245372772217], [-387.216064453125, 106.66532897949219, -26.709335327148438, 297.9964599609375, 125.10065460205078, -65.181640625, -57.3011360168457, -8.234872817993164, 17.02308464050293, 15.218159675598145, -16.997812271118164, 0.5543359518051147, 35.40884017944336], [-278.48828125, -63.5134391784668, 39.531227111816406, 125.10065460205078, 216.01197814941406, 54.603477478027344, -45.82566452026367, -22.285123825073242, 21.78704833984375, 7.484358310699463, -12.176201820373535, 2.128269910812378, -7.791927337646484], [-188.83399963378906, -131.88116455078125, 106.17549896240234, -65.181640625, 54.603477478027344, 242.4597930908203, 60.27577590942383, 25.5052547454834, 21.102651596069336, -35.37724685668945, -25.53955841064453, -2.9422032833099365, -43.00122833251953], [-102.51811218261719, 94.99256896972656, -93.51486206054688, -57.3011360168457, -45.82566452026367, 60.27577590942383, 201.25489807128906, 95.70187377929688, -6.891849994659424, 8.965741157531738, 20.952455520629883, -16.66100311279297, -23.35793113708496], [-73.68032836914062, 29.768712997436523, -41.110252380371094, -8.234872817993164, -22.285123825073242, 25.5052547454834, 95.70187377929688, 111.10054779052734, 20.965208053588867, 5.337297439575195, 5.043878555297852, -6.715786457061768, -10.455869674682617], [-122.48835754394531, -16.322362899780273, 50.830352783203125, 17.02308464050293, 21.78704833984375, 21.102651596069336, -6.891849994659424, 20.965208053588867, 80.85430908203125, 17.60640525817871, -7.551880836486816, -6.268352031707764, -7.905629634857178], [-10.38175106048584, 42.13151931762695, -38.93084716796875, 15.218159675598145, 7.484358310699463, -35.37724685668945, 8.965741157531738, 5.337297439575195, 17.60640525817871, 80.84269714355469, 41.708702087402344, -6.233401298522949, -8.351757049560547], [33.138587951660156, 38.70384979248047, -35.754188537597656, -16.997812271118164, -12.176201820373535, -25.53955841064453, 20.952455520629883, 5.043878555297852, -7.551880836486816, 41.708702087402344, 71.98114776611328, 11.61278247833252, -7.605693817138672], [17.233299255371094, 4.225846767425537, 7.124510765075684, 0.5543359518051147, 2.128269910812378, -2.9422032833099365, -16.66100311279297, -6.715786457061768, -6.268352031707764, -6.233401298522949, 11.61278247833252, 50.32200622558594, 17.460947036743164], [28.093496322631836, 23.576126098632812, -7.358245372772217, 35.40884017944336, -7.791927337646484, -43.00122833251953, -23.35793113708496, -10.455869674682617, -7.905629634857178, -8.351757049560547, -7.605693817138672, 17.460947036743164, 65.1742172241211]], "lowlevel.mfcc.icov": [[0.0007574087358079851, 0.0006964218919165432, 0.000412644847529009, 0.0007869131513871253, 0.0005005300627090037, 0.0006792360218241811, 0.0003522065526340157, 3.376820677658543e-05, 0.0005886740400455892, -0.00020008525461889803, 6.276302156038582e-05, -0.00013089002459309995, -0.0002315480523975566], [0.0006964218919165432, 0.0031247332226485014, 0.0015172517159953713, -0.0006287333671934903, 0.0014808843843638897, 0.0012479254510253668, -0.0013233479112386703, 0.0013212055200710893, -0.0003970879770349711, -8.025465649552643e-05, -0.00025143654784187675, -0.0009579411707818508, -1.0699487575038802e-05], [0.000412644847529009, 0.0015172517159953713, 0.00370018114335835, 5.806887929793447e-05, 0.0009423161973245442, -0.000848745577968657, 0.0011335883755236864, 0.0009309886954724789, -0.0018890686333179474, 0.0009700708324089646, -0.00043746278970502317, -0.00028959629707969725, -0.0003105215437244624], [0.0007869131513871253, -0.0006287333671934903, 5.806887929793447e-05, 0.007595627103000879, -0.004088894929736853, 0.0024763676337897778, 0.0018324124393984675, -0.002076016506180167, 0.0007161579560488462, -0.000838736305013299, 0.0017128849867731333, 0.0009099645540118217, -0.0028276860248297453], [0.0005005300627090037, 0.0014808843843638897, 0.0009423161973245442, -0.004088894929736853, 0.009165801107883453, -0.0027870498597621918, 0.0010751988738775253, 0.0017736699664965272, -0.00041626786696724594, -0.0014935557264834642, -0.0002495032094884664, -0.0010461583733558655, 0.0015125403879210353], [0.0006792360218241811, 0.0012479254510253668, -0.000848745577968657, 0.0024763676337897778, -0.0027870498597621918, 0.00910257175564766, -0.003857828676700592, 0.0008156388648785651, -0.0010544334072619677, 0.00244874763302505, 0.00217948155477643, -0.0022294989321380854, 0.0032729145605117083], [0.0003522065526340157, -0.0013233479112386703, 0.0011335883755236864, 0.0018324124393984675, 0.0010751988738775253, -0.003857828676700592, 0.013600067235529423, -0.009844274260103703, 0.0037813668604940176, -0.0009091940592043102, -0.00269751762971282, 0.003949321806430817, -0.0006933242548257113], [3.376820677658543e-05, 0.0013212055200710893, 0.0009309886954724789, -0.002076016506180167, 0.0017736699664965272, 0.0008156388648785651, -0.009844274260103703, 0.018620600923895836, -0.006530736573040485, 0.0013954228488728404, 0.00033573873224668205, -0.0020743939094245434, 0.0009314685012213886], [0.0005886740400455892, -0.0003970879770349711, -0.0018890686333179474, 0.0007161579560488462, -0.00041626786696724594, -0.0010544334072619677, 0.0037813668604940176, -0.006530736573040485, 0.018712403252720833, -0.007327132858335972, 0.0042318664491176605, 0.0007060415809974074, 0.0004851193225476891], [-0.00020008525461889803, -8.025465649552643e-05, 0.0009700708324089646, -0.000838736305013299, -0.0014935557264834642, 0.00244874763302505, -0.0009091940592043102, 0.0013954228488728404, -0.007327132858335972, 0.023433970287442207, -0.013785170391201973, 0.004779508803039789, 0.0012405754532665014], [6.276302156038582e-05, -0.00025143654784187675, -0.00043746278970502317, 0.0017128849867731333, -0.0002495032094884664, 0.00217948155477643, -0.00269751762971282, 0.00033573873224668205, 0.0042318664491176605, -0.013785170391201973, 0.025993194431066513, -0.009170697070658207, 0.003816282609477639], [-0.00013089002459309995, -0.0009579411707818508, -0.00028959629707969725, 0.0009099645540118217, -0.0010461583733558655, -0.0022294989321380854, 0.003949321806430817, -0.0020743939094245434, 0.0007060415809974074, 0.004779508803039789, -0.009170697070658207, 0.02659151703119278, -0.008133860304951668], [-0.0002315480523975566, -1.0699487575038802e-05, -0.0003105215437244624, -0.0028276860248297453, 0.0015125403879210353, 0.0032729145605117083, -0.0006933242548257113, 0.0009314685012213886, 0.0004851193225476891, 0.0012405754532665014, 0.003816282609477639, -0.008133860304951668, 0.02203192748129368]], "metadata.audio_properties.analysis.downmix": "mix", "metadata.audio_properties.codec": "mp3", "metadata.audio_properties.md5_encoded": "2049f9dddc8e4a3859ae177ee965f59c", "metadata.tags.file_name": "1183655264675704862.mp3", "metadata.version.essentia": "2.1-beta6-dev", "metadata.version.essentia_git_sha": "v2.1_beta5-1110-g77a6a954", "metadata.version.extractor": "music 2.0", "tonal.chords_key": "A", "tonal.chords_scale": "major", "tonal.key_edma.key": "D", "tonal.key_edma.scale": "