{"song_id": "1183698392740810812", "download": "https://cdn.discordapp.com/attachments/1135903449314238464/1183698392740810812/chirp.mp4?ex=65894808&amp", "lyrics": "\u6211\u662f\u6253\u5de5\u4eba\uff0c\u594b\u6597\u4e0d\u606f\n\u6bcf\u5929\u8f9b\u82e6\uff0c\u6000\u63e3\u68a6\u60f3\u4e0d\u6b62\n\u9a84\u50b2\u81ea\u8c6a\uff0c\u4e3a\u751f\u6d3b\u52aa\u529b\u594b\u6597\n\u52c7\u6562\u575a\u6301\uff0c\u65e0\u60e7\u8fce\u63a5\u6311\u6218\n\u6253\u5de5\u4eba\u7684\u5fc3\uff0c\u71c3\u70e7\u7740\u6fc0\u60c5\n\u5fae\u7b11\u9762\u5bf9\u56f0\u96be\uff0c\u6c38\u4e0d\u653e\u5f03\u8ffd\u9010\n\u8df3\u52a8\u7684\u8282\u594f\uff0c\u91ca\u653e\u5185\u5fc3\u559c\u60a6\n\u6253\u5de5\u4eba\u4e4b\u6b4c\uff0c\u5171\u540c\u594f\u54cd\u4eba\u751f\u4e50\u66f2", "style": ["random"], "essentia_features": {"lowlevel.average_loudness": 0.7036843299865723, "lowlevel.barkbands_crest.mean": 13.74007797241211, "lowlevel.barkbands_crest.stdev": 5.014949798583984, "lowlevel.barkbands_flatness_db.mean": 0.22859415411949158, "lowlevel.barkbands_flatness_db.stdev": 0.07336261868476868, "lowlevel.barkbands_kurtosis.mean": 15.682021141052246, "lowlevel.barkbands_kurtosis.stdev": 27.191816329956055, "lowlevel.barkbands_skewness.mean": 2.4964137077331543, "lowlevel.barkbands_skewness.stdev": 2.216660737991333, "lowlevel.barkbands_spread.mean": 12.530860900878906, "lowlevel.barkbands_spread.stdev": 12.65211296081543, "lowlevel.dissonance.mean": 0.42162707448005676, "lowlevel.dissonance.stdev": 0.06288585811853409, "lowlevel.dynamic_complexity": 6.987780570983887, "lowlevel.erbbands_crest.mean": 14.751099586486816, "lowlevel.erbbands_crest.stdev": 6.857601642608643, "lowlevel.erbbands_flatness_db.mean": 0.24504223465919495, "lowlevel.erbbands_flatness_db.stdev": 0.06386945396661758, "lowlevel.erbbands_kurtosis.mean": 7.7615251541137695, "lowlevel.erbbands_kurtosis.stdev": 13.070881843566895, "lowlevel.erbbands_skewness.mean": 1.5925146341323853, "lowlevel.erbbands_skewness.stdev": 1.6275818347930908, "lowlevel.erbbands_spread.mean": 24.420185089111328, "lowlevel.erbbands_spread.stdev": 18.16302490234375, "lowlevel.hfc.mean": 12.716249465942383, "lowlevel.hfc.stdev": 18.315414428710938, "lowlevel.loudness_ebu128.integrated": -21.1002197265625, "lowlevel.loudness_ebu128.loudness_range": 11.903039932250977, "lowlevel.loudness_ebu128.momentary.mean": -25.741539001464844, "lowlevel.loudness_ebu128.momentary.stdev": 6.4065842628479, "lowlevel.loudness_ebu128.short_term.mean": -24.2048397064209, "lowlevel.loudness_ebu128.short_term.stdev": 4.922217845916748, "lowlevel.melbands_crest.mean": 17.661649703979492, "lowlevel.melbands_crest.stdev": 6.052872180938721, "lowlevel.melbands_flatness_db.mean": 0.25797784328460693, "lowlevel.melbands_flatness_db.stdev": 0.0901469811797142, "lowlevel.melbands_kurtosis.mean": 30.484485626220703, "lowlevel.melbands_kurtosis.stdev": 54.12898254394531, "lowlevel.melbands_skewness.mean": 3.173203468322754, "lowlevel.melbands_skewness.stdev": 2.788928270339966, "lowlevel.melbands_spread.mean": 19.252639770507812, "lowlevel.melbands_spread.stdev": 31.649988174438477, "lowlevel.pitch_salience.mean": 0.503247857093811, "lowlevel.pitch_salience.stdev": 0.1492672562599182, "lowlevel.silence_rate_20dB.mean": 1.0, "lowlevel.silence_rate_20dB.stdev": 0.0, "lowlevel.silence_rate_30dB.mean": 0.9988412261009216, "lowlevel.silence_rate_30dB.stdev": 0.034020714461803436, "lowlevel.silence_rate_60dB.mean": 0.4953649938106537, "lowlevel.silence_rate_60dB.stdev": 0.49998119473457336, "lowlevel.spectral_centroid.mean": 1002.2318725585938, "lowlevel.spectral_centroid.stdev": 885.8145751953125, "lowlevel.spectral_complexity.mean": 4.658169269561768, "lowlevel.spectral_complexity.stdev": 3.289649486541748, "lowlevel.spectral_decrease.mean": -3.2562126328627983e-09, "lowlevel.spectral_decrease.stdev": 4.849061596701176e-09, "lowlevel.spectral_energy.mean": 0.013443099334836006, "lowlevel.spectral_energy.stdev": 0.0195245910435915, "lowlevel.spectral_energyband_high.mean": 0.0005495445220731199, "lowlevel.spectral_energyband_high.stdev": 0.0014817006886005402, "lowlevel.spectral_energyband_low.mean": 9.392846550326794e-06, "lowlevel.spectral_energyband_low.stdev": 2.7122754545416683e-05, "lowlevel.spectral_energyband_middle_high.mean": 0.0030522404704242945, "lowlevel.spectral_energyband_middle_high.stdev": 0.007635388057678938, "lowlevel.spectral_energyband_middle_low.mean": 0.010282662697136402, "lowlevel.spectral_energyband_middle_low.stdev": 0.01626935787498951, "lowlevel.spectral_entropy.mean": 7.0744524002075195, "lowlevel.spectral_entropy.stdev": 0.7333646416664124, "lowlevel.spectral_flux.mean": 0.04092513024806976, "lowlevel.spectral_flux.stdev": 0.039437685161828995, "lowlevel.spectral_kurtosis.mean": 5.385385036468506, "lowlevel.spectral_kurtosis.stdev": 3.909491539001465, "lowlevel.spectral_rms.mean": 0.002798690227791667, "lowlevel.spectral_rms.stdev": 0.0022983818780630827, "lowlevel.spectral_rolloff.mean": 1719.8426513671875, "lowlevel.spectral_rolloff.stdev": 2628.08544921875, "lowlevel.spectral_skewness.mean": 1.956573486328125, "lowlevel.spectral_skewness.stdev": 0.6169676780700684, "lowlevel.spectral_spread.mean": 5584705.0, "lowlevel.spectral_spread.stdev": 2271767.75, "lowlevel.spectral_strongpeak.mean": 1.3135123252868652, "lowlevel.spectral_strongpeak.stdev": 1.5214060544967651, "lowlevel.zerocrossingrate.mean": 0.06953028589487076, "lowlevel.zerocrossingrate.stdev": 0.07218791544437408, "metadata.audio_properties.analysis.equal_loudness": 0.0, "metadata.audio_properties.analysis.length": 40.04265213012695, "metadata.audio_properties.analysis.sample_rate": 44100.0, "metadata.audio_properties.analysis.start_time": 0.0, "metadata.audio_properties.bit_rate": 119526.0, "metadata.audio_properties.length": 40.042667388916016, "metadata.audio_properties.lossless": 0.0, "metadata.audio_properties.number_channels": 1.0, "metadata.audio_properties.replay_gain": -7.669849395751953, "metadata.audio_properties.sample_rate": 48000.0, "rhythm.beats_count": 84.0, "rhythm.beats_loudness.mean": 0.018640149384737015, "rhythm.beats_loudness.stdev": 0.02426266297698021, "rhythm.bpm": 126.15565490722656, "rhythm.bpm_histogram_first_peak_bpm": 126.0, "rhythm.bpm_histogram_first_peak_weight": 0.54347825050354, "rhythm.bpm_histogram_second_peak_bpm": 120.0, "rhythm.bpm_histogram_second_peak_spread": 0.4545454978942871, "rhythm.bpm_histogram_second_peak_weight": 0.07228915393352509, "rhythm.danceability": 1.0720351934432983, "rhythm.onset_rate": 2.3967392444610596, "tonal.chords_changes_rate": 0.06365741044282913, "tonal.chords_number_rate": 0.013888888992369175, "tonal.chords_strength.mean": 0.48603400588035583, "tonal.chords_strength.stdev": 0.08622707426548004, "tonal.hpcp_crest.mean": 18.982881546020508, "tonal.hpcp_crest.stdev": 8.897795677185059, "tonal.hpcp_entropy.mean": 1.387768030166626, "tonal.hpcp_entropy.stdev": 0.8891429305076599, "tonal.key_edma.strength": 0.6558322906494141, "tonal.key_krumhansl.strength": 0.6713908910751343, "tonal.key_temperley.strength": 0.6930161714553833, "tonal.tuning_diatonic_strength": 0.5636797547340393, "tonal.tuning_equal_tempered_deviation": 0.07070017606019974, "tonal.tuning_frequency": 441.0177917480469, "tonal.tuning_nontempered_energy_ratio": 0.6701594591140747, "lowlevel.barkbands.mean": [5.058153647041763e-07, 4.056072668845445e-07, 2.1264952465571696e-06, 1.6718880942789838e-05, 0.0006081865285523236, 0.0030384520068764687, 0.003306885017082095, 0.0020784044172614813, 0.00045178623986430466, 0.0016294423257932067, 0.0008760179625824094, 0.00011144940799567848, 0.00018507330969441682, 0.00023339274048339576, 0.00010351157834520563, 4.7076173359528184e-05, 5.162993329577148e-05, 2.8761112844222225e-05, 9.1614703706e-05, 7.329343497985974e-05, 4.818601883016527e-05, 2.2205187633517198e-05, 5.4859778174431995e-05, 0.00018650970014277846, 0.0001680852728895843, 2.82920736935921e-05, 2.3802449788945523e-07], "lowlevel.barkbands.stdev": [1.1960953543166397e-06, 1.0700096026994288e-06, 6.003727776260348e-06, 4.69672231702134e-05, 0.002047355519607663, 0.006661944091320038, 0.008162183687090874, 0.00783428456634283, 0.002046993700787425, 0.00571031728759408, 0.0037451465614140034, 0.0005547234322875738, 0.0010728910565376282, 0.001297622686251998, 0.0004401227051857859, 0.00028846642817370594, 0.00024972768733277917, 0.00014648056821897626, 0.0003108048113062978, 0.00028530668350867927, 0.00022661048569716513, 8.924555004341528e-05, 0.0002320072235306725, 0.000661405036225915, 0.00033776351483538747, 5.8145669754594564e-05, 8.760285936659784e-07], "lowlevel.erbbands.mean": [1.4704822206113022e-05, 0.0001374984858557582, 0.0021555263083428144, 0.03813531994819641, 0.44134074449539185, 1.9127154350280762, 9.940873146057129, 27.951671600341797, 52.64594268798828, 49.714683532714844, 29.74909210205078, 14.682722091674805, 40.58396530151367, 47.036712646484375, 25.352523803710938, 5.621213912963867, 8.294426918029785, 14.796049118041992, 4.303226947784424, 5.832252025604248, 2.5909793376922607, 2.4090957641601562, 1.4162333011627197, 4.507132530212402, 3.622746229171753, 3.5175795555114746, 3.030787944793701, 1.08981192111969, 0.8514429330825806, 0.791861355304718, 1.7902908325195312, 2.813541889190674, 3.669325590133667, 2.376631021499634, 0.9458791017532349, 0.19236604869365692, 0.039112936705350876, 0.004689767025411129, 0.00010684459994081408, 2.2689124307362363e-05], "lowlevel.erbbands.stdev": [2.616961137391627e-05, 0.00029931816970929503, 0.004994034767150879, 0.09486045688390732, 1.0309768915176392, 6.674564361572266, 37.62410354614258, 60.91570281982422, 124.73652648925781, 141.09588623046875, 135.59872436523438, 55.713497161865234, 196.3417510986328, 164.88523864746094, 104.07218170166016, 23.29905128479004, 38.98239517211914, 86.30906677246094, 13.79649543762207, 27.242164611816406, 8.488484382629395, 9.77019214630127, 4.851807594299316, 17.804433822631836, 12.571440696716309, 13.828085899353027, 13.722315788269043, 4.995619773864746, 3.5107533931732178, 3.264497756958008, 7.561633586883545, 10.63139820098877, 12.499618530273438, 5.157304763793945, 1.9100074768066406, 0.43347322940826416, 0.0841551423072815, 0.010530596598982811, 0.00020733402925543487, 2.96004545816686e-05], "lowlevel.gfcc.mean": [-136.6597900390625, 46.65248107910156, -141.83262634277344, -29.118404388427734, -103.20723724365234, -13.510309219360352, -70.16132354736328, 5.658161163330078, -37.75703048706055, 6.5163044929504395, -11.153360366821289, -3.503833055496216, -4.481076240539551], "lowlevel.melbands.mean": [1.2598943044395128e-07, 9.795659252631594e-07, 1.4996886420703959e-05, 7.80736081651412e-05, 0.00029244847246445715, 0.000657909840811044, 0.0007766500930301845, 0.0005346272373571992, 0.0002099418779835105, 7.68577738199383e-05, 0.00019867811352014542, 0.00018606784578878433, 0.00010723774903453887, 1.836368210206274e-05, 1.1830962648673449e-05, 2.35148527281126e-05, 2.7140822567162104e-05, 5.918876468058443e-06, 7.752388228254858e-06, 5.9303965826984495e-06, 2.8524946174002253e-06, 3.0182463888195343e-06, 1.3128529872119543e-06, 1.3509991276805522e-06, 4.054659257235471e-06, 2.9153775358281564e-06, 2.233141913166037e-06, 2.342155994483619e-06, 2.2272222395258723e-06, 1.0309522622264922e-06, 5.008436119169346e-07, 4.962974458067038e-07, 3.8924679301999277e-07, 4.4197838633408537e-07, 8.871758723216772e-07, 1.4153563370200573e-06, 1.847783323682961e-06, 2.7273333671473665e-06, 2.207555098721059e-06, 1.980525667022448e-06], "lowlevel.melbands.stdev": [2.674734389529476e-07, 2.588867801023298e-06, 3.426986950216815e-05, 0.00021580948668997735, 0.001069818390533328, 0.001425263355486095, 0.001848105457611382, 0.0016399840824306011, 0.0010012650163844228, 0.00031281879637390375, 0.0009829280897974968, 0.000666022184304893, 0.00047358221490867436, 8.578596316510811e-05, 5.756061727879569e-05, 0.0001469483831897378, 0.00015397000242955983, 2.232354017905891e-05, 3.367027238709852e-05, 3.393058432266116e-05, 1.1287314919172786e-05, 1.4841059964965098e-05, 4.160264779784484e-06, 7.603104222653201e-06, 1.6709162082406692e-05, 1.0625857612467371e-05, 8.954035365604796e-06, 9.743090231495444e-06, 1.0207612831436563e-05, 5.0144362830906175e-06, 2.3684387997491285e-06, 2.0909951672365423e-06, 1.5730197446828242e-06, 1.9667993456096156e-06, 3.9827423279348295e-06, 5.727240477426676e-06, 7.14517273081583e-06, 9.662147931521758e-06, 6.765179023204837e-06, 4.080335202161223e-06], "lowlevel.melbands128.mean": [1.60333300414095e-07, 1.0046252185702542e-07, 1.099633095691388e-07, 1.7569600174738298e-07, 3.3361234841322585e-07, 1.339821778856276e-06, 5.3928065426589455e-06, 9.318481716036331e-06, 3.926802673959173e-05, 8.041683031478897e-05, 7.805431232554838e-05, 0.0002014586643781513, 0.000365558109479025, 0.0003645842371042818, 0.0005256381700746715, 0.0009020981378853321, 0.001021363539621234, 0.0007431766716763377, 0.0005136303370818496, 0.0005752463475801051, 0.0005923888529650867, 0.0002253105485578999, 0.00021105971245560795, 9.024849714478478e-05, 0.00011510906188050285, 2.1004634618293494e-05, 0.00010486362589290366, 0.0003420660796109587, 0.00012006064207525924, 0.00018368389282841235, 0.00023163868172559887, 0.00013888459943700582, 0.00012983506894670427, 6.097060759202577e-05, 1.2351552868494764e-05, 1.259617056348361e-05, 1.3545964975492097e-05, 6.694181138300337e-06, 1.4701874533784576e-05, 1.925379183376208e-05, 1.631038867344614e-05, 4.646124580176547e-05, 3.0119699658825994e-05, 2.1996094801579602e-05, 3.165448788422509e-06, 3.2542382086830912e-06, 7.4200106610078365e-06, 5.795016477350146e-06, 1.0088238923344761e-05, 9.334274182037916e-06, 5.476034857565537e-06, 2.1005159851483768e-06, 1.6106744169519516e-06, 2.640338152559707e-06, 6.669639788015047e-06, 2.2039064333512215e-06, 1.2587941000674618e-06, 1.6204259054575232e-06, 1.3486493344316841e-06, 7.562301789221237e-07, 7.953701128826651e-07, 1.8359291971137282e-06, 4.54102973890258e-06, 4.8134374992514495e-06, 2.9727063974860357e-06, 3.151636519760359e-06, 2.800070433295332e-06, 1.8493357174520497e-06, 2.2121969323052326e-06, 2.5982133138313657e-06, 2.118543534379569e-06, 2.4087273686745903e-06, 2.4714440769457724e-06, 2.3780460196576314e-06, 1.726750156194612e-06, 1.0904860801019822e-06, 7.784584568071296e-07, 4.468063821150281e-07, 5.209591336097219e-07, 4.334077630119282e-07, 5.22522384471813e-07, 5.403995260166994e-07, 4.2439458525223017e-07, 3.534166523877502e-07, 3.731514937044267e-07, 3.8152879255903827e-07, 4.470086878427537e-07, 5.953243089606985e-07, 8.637305768388615e-07, 1.0762582860479597e-06, 1.4286848681877018e-06, 1.4417943248190568e-06, 1.5450260661964421e-06, 1.5938421711325645e-06, 2.0947211396560306e-06, 2.906808276748052e-06, 2.840489514710498e-06, 2.6317713945900323e-06, 2.3017332750896458e-06, 1.80375286618073e-06, 2.139162234016112e-06, 2.012753839153447e-06, 1.7832131788964034e-06, 1.8490765114620444e-06, 9.661416697781533e-07, 5.3239335784383e-07, 4.460066804767848e-07, 4.848046160077502e-07, 3.5343697390999296e-07, 1.353830896277941e-07, 7.510660537946023e-08, 1.083854144212637e-07, 1.4979337947806926e-07, 1.1303106361992832e-07, 9.861226146767876e-08, 4.707451495278292e-08, 9.668906564286317e-09, 6.227493520860605e-10, 5.513398331630226e-12, 2.817155796835946e-12, 2.7534775674797896e-12, 2.2696280618794695e-12, 2.205405129351856e-12, 2.1517256292707954e-12, 2.039469504735991e-12, 1.8757046697098767e-12, 1.7831548954419518e-12, 1.7613175458050523e-12], "lowlevel.melbands128.stdev": [3.866767883664579e-07, 2.2328524096337787e-07, 2.9899990749981953e-07, 5.483080940393847e-07, 9.042811370818526e-07, 3.9964365896594245e-06, 1.743436951073818e-05, 2.5911056582117453e-05, 0.00010118655336555094, 0.0002118185511790216, 0.0003717610379680991, 0.0009274361073039472, 0.001759593840688467, 0.0013966573169454932, 0.0015784531133249402, 0.0023279592860490084, 0.002736082999035716, 0.002772469073534012, 0.0018641359638422728, 0.001970867859199643, 0.0025804995093494654, 0.001232885173521936, 0.0015697367489337921, 0.0004599995445460081, 0.0006272160680964589, 7.27435908629559e-05, 0.000836309278383851, 0.001840072451159358, 0.0006155498558655381, 0.0008017238578759134, 0.0011418116046115756, 0.0007785459747537971, 0.0007812173571437597, 0.0003580814227461815, 7.412090781144798e-05, 0.00011355650349287316, 7.41860203561373e-05, 7.63297502999194e-05, 9.559444151818752e-05, 0.00011009115405613557, 0.00014724303036928177, 0.0004702744772657752, 0.00018037919653579593, 0.0001571702305227518, 1.5348945453297347e-05, 1.40509537231992e-05, 4.17560622736346e-05, 4.0338843973586336e-05, 7.060687494231388e-05, 4.988237560610287e-05, 5.9794292610604316e-05, 1.1026588254026137e-05, 4.733990408567479e-06, 1.1381946023902856e-05, 4.975792035111226e-05, 1.0802612450788729e-05, 5.031916316511342e-06, 7.363108579738764e-06, 6.042864242772339e-06, 2.4813925847411156e-06, 4.652817096939543e-06, 1.785191852832213e-05, 2.051136652880814e-05, 2.311736716364976e-05, 1.2311258615227416e-05, 1.445112229703227e-05, 9.620177479519043e-06, 8.629671356175095e-06, 1.0405567991256248e-05, 1.1529855328262784e-05, 9.999748726841062e-06, 1.1590835129027255e-05, 1.1263169653830118e-05, 1.1903314771188889e-05, 9.38090215640841e-06, 5.361551757232519e-06, 4.763317974720849e-06, 2.1707214727939572e-06, 2.8282022412895458e-06, 1.99327200789412e-06, 2.2745955448044697e-06, 2.3979655452421866e-06, 1.9643944142444525e-06, 1.5148914371820865e-06, 1.5640139281458687e-06, 1.7501196225566673e-06, 2.2336639631248545e-06, 3.1558006412524264e-06, 4.2151832531089894e-06, 5.100279395264806e-06, 6.234302873053821e-06, 6.034370017005131e-06, 6.150712579255924e-06, 6.7062228481518105e-06, 9.499575753579848e-06, 1.0380797903053463e-05, 1.0243000360787846e-05, 9.971164217859041e-06, 8.150976100296248e-06, 5.1809251999657135e-06, 4.982484369975282e-06, 4.365596851130249e-06, 3.686263426061487e-06, 4.108094344701385e-06, 2.2425813313020626e-06, 1.441752601749613e-06, 1.0367778031650232e-06, 1.1763490874727722e-06, 1.0278864692736533e-06, 3.662607355181535e-07, 2.4661804332026804e-07, 3.097902094850724e-07, 3.4697580986176035e-07, 2.9471883067344606e-07, 2.534345924232184e-07, 1.2259495463240455e-07, 3.431646078411177e-08, 4.675942300025326e-09, 1.0810237427438807e-10, 1.3378025250088132e-11, 1.3600928543133772e-11, 4.7131929435673126e-12, 4.522948855723019e-12, 4.432647391500177e-12, 4.3581475234200084e-12, 4.299310473604434e-12, 4.256282392506305e-12, 4.230591571507958e-12], "lowlevel.mfcc.mean": [-782.1514282226562, 98.49610900878906, -14.519896507263184, -26.641944885253906, -21.55074119567871, -39.11992645263672, -18.772506713867188, -30.989702224731445, -18.13409996032715, -9.321330070495605, -14.325875282287598, -4.72542142868042, -4.905858993530273], "lowlevel.spectral_contrast_coeffs.mean": [-0.5990397334098816, -0.6550615429878235, -0.7652205228805542, -0.8177058100700378, -0.8248146176338196, -0.7766816020011902], "lowlevel.spectral_contrast_coeffs.stdev": [0.11428043991327286, 0.1303088217973709, 0.12015832215547562, 0.06857740134000778, 0.05695038661360741, 0.049987271428108215], "lowlevel.spectral_contrast_valleys.mean": [-10.139643669128418, -7.82369327545166, -8.417052268981934, -8.692586898803711, -8.817163467407227, -11.388433456420898], "lowlevel.spectral_contrast_valleys.stdev": [0.893464982509613, 0.7564090490341187, 0.6437089443206787, 0.5643680095672607, 0.7235129475593567, 1.1042826175689697], "rhythm.beats_loudness_band_ratio.mean": [0.057326868176460266, 0.33222442865371704, 0.4021201729774475, 0.143988236784935, 0.0417582169175148, 0.13045190274715424], "rhythm.beats_loudness_band_ratio.stdev": [0.10734868049621582, 0.29075315594673157, 0.2915318012237549, 0.19843600690364838, 0.06741789728403091, 0.27215301990509033], "tonal.hpcp.mean": [0.1863466054201126, 0.14195899665355682, 0.08176727592945099, 0.04879431426525116, 0.047224804759025574, 0.06739994883537292, 0.08143311738967896, 0.05753194913268089, 0.11324863135814667, 0.18818995356559753, 0.10774663090705872, 0.024920392781496048, 0.023845957592129707, 0.0232330821454525, 0.11124474555253983, 0.19130297005176544, 0.11271684616804123, 0.040228817611932755, 0.03514072299003601, 0.03520173206925392, 0.09195604175329208, 0.15050293505191803, 0.0877612754702568, 0.12792158126831055, 0.2089303582906723, 0.1030014157295227, 0.024440551176667213, 0.026711061596870422, 0.03695325553417206, 0.16661228239536285, 0.27636316418647766, 0.1799030900001526, 0.09545668214559555, 0.09693289548158646, 0.12977981567382812, 0.18200939893722534], "tonal.hpcp.stdev": [0.29069697856903076, 0.26900023221969604, 0.20091179013252258, 0.13449321687221527, 0.13873323798179626, 0.16073578596115112, 0.19953469932079315, 0.15117473900318146, 0.19002363085746765, 0.31820207834243774, 0.19172048568725586, 0.07872024178504944, 0.07811737060546875, 0.07855061441659927, 0.198624387383461, 0.33624550700187683, 0.19447124004364014, 0.12825864553451538, 0.10625844448804855, 0.11180296540260315, 0.1791631132364273, 0.300232857465744, 0.17815591394901276, 0.2158382683992386, 0.3535099923610687, 0.1735527664422989, 0.06926009058952332, 0.07506722956895828, 0.10032551735639572, 0.2590638995170593, 0.3748675286769867, 0.2700834572315216, 0.21807816624641418, 0.21171678602695465, 0.25023290514945984, 0.2907616198062897], "rhythm.beats_position": [0.4992290139198303, 0.9984580278396606, 1.4976871013641357, 1.9969160556793213, 2.496145009994507, 2.972154140472412, 3.459773063659668, 3.947392225265503, 4.435011386871338, 4.899410247802734, 5.363809585571289, 5.8282084465026855, 6.315827369689941, 6.8034467697143555, 7.302675724029541, 7.778684616088867, 8.254693984985352, 8.73070240020752, 9.206711769104004, 9.694331169128418, 10.170339584350586, 10.63473892211914, 11.110748291015625, 11.586756706237793, 12.062766075134277, 12.538775444030762, 13.014784812927246, 13.490793228149414, 13.966802597045898, 14.442811965942383, 14.907210350036621, 15.383219718933105, 15.85922908782959, 16.335237503051758, 16.811246871948242, 17.287256240844727, 17.76326560974121, 18.227664947509766, 18.692062377929688, 19.156461715698242, 19.620861053466797, 20.08526039123535, 20.549659729003906, 21.01405906677246, 21.501678466796875, 21.966075897216797, 22.44208526611328, 22.929704666137695, 23.41732406616211, 23.928163528442383, 24.427391052246094, 24.915010452270508, 25.402629852294922, 25.890249252319336, 26.40108871459961, 26.92353630065918, 27.434375762939453, 27.945215225219727, 28.502492904663086, 29.04816246032715, 29.59383201599121, 30.15110969543457, 30.696779251098633, 31.219228744506836, 31.74167823791504, 32.25251770019531, 32.693695068359375, 33.1348762512207, 33.58766555786133, 34.04045104980469, 34.423583984375, 34.80671310424805, 35.20145034790039, 35.6077995300293, 36.0141487121582, 36.39727783203125, 36.79201889038086, 37.198368072509766, 37.59310531616211, 37.96462631225586, 38.370975494384766, 38.76571273803711, 39.148841857910156, 39.543582916259766], "rhythm.bpm_histogram": [0.0, 0.0, 0.0, 0.0, 0.0, 0.0, 0.0, 0.0, 0.0, 0.0, 0.0, 0.0, 0.0, 0.0, 0.0, 0.0, 0.0, 0.0, 0.0, 0.0, 0.0, 0.0, 0.0, 0.0, 0.0, 0.0, 0.0, 0.0, 0.0, 0.0, 0.0, 0.0, 0.0, 0.0, 0.0, 0.0, 0.0, 0.0, 0.0, 0.0, 0.0, 0.0, 0.0, 0.0, 0.0, 0.0, 0.0, 0.0, 0.0, 0.0, 0.0, 0.0, 0.0, 0.0, 0.0, 0.0, 0.0, 0.0, 0.0, 0.0, 0.0, 0.0, 0.0, 0.0, 0.0, 0.0, 0.0, 0.0, 0.0, 0.0, 0.0, 0.0, 0.0, 0.0, 0.0, 0.0, 0.0, 0.0, 0.0, 0.0, 0.0, 0.0, 0.0, 0.0, 0.0, 0.0, 0.0, 0.0, 0.0, 0.0, 0.0, 0.0, 0.0, 0.0, 0.0, 0.0, 0.0, 0.0, 0.0, 0.0, 0.0, 0.0, 0.0, 0.0, 0.0, 0.0, 0.0, 0.0, 0.024096384644508362, 0.0, 0.03614457696676254, 0.0, 0.0, 0.0, 0.0, 0.03614457696676254, 0.0, 0.0602409653365612, 0.0, 0.0, 0.07228915393352509, 0.0, 0.0, 0.14457830786705017, 0.0, 0.0, 0.2530120611190796, 0.0, 0.0, 0.15662650763988495, 0.0, 0.0, 0.0, 0.024096384644508362, 0.0, 0.0, 0.024096384644508362, 0.0, 0.0, 0.0, 0.0, 0.0, 0.0, 0.0, 0.0, 0.0, 0.0, 0.0, 0.048192769289016724, 0.0, 0.0, 0.0, 0.0602409653365612, 0.0, 0.0, 0.0, 0.0, 0.048192769289016724, 0.0, 0.0, 0.0, 0.012048192322254181, 0.0, 0.0, 0.0, 0.0, 0.0, 0.0, 0.0, 0.0, 0.0, 0.0, 0.0, 0.0, 0.0, 0.0, 0.0, 0.0, 0.0, 0.0, 0.0, 0.0, 0.0, 0.0, 0.0, 0.0, 0.0, 0.0, 0.0, 0.0, 0.0, 0.0, 0.0, 0.0, 0.0, 0.0, 0.0, 0.0, 0.0, 0.0, 0.0, 0.0, 0.0, 0.0, 0.0, 0.0, 0.0, 0.0, 0.0, 0.0, 0.0, 0.0, 0.0, 0.0, 0.0, 0.0, 0.0, 0.0, 0.0, 0.0, 0.0, 0.0, 0.0, 0.0, 0.0, 0.0, 0.0, 0.0, 0.0, 0.0, 0.0, 0.0, 0.0, 0.0, 0.0, 0.0, 0.0, 0.0, 0.0, 0.0, 0.0, 0.0, 0.0, 0.0, 0.0, 0.0, 0.0, 0.0, 0.0, 0.0], "tonal.chords_histogram": [18.40277862548828, 1.0416666269302368, 9.375, 0.0, 0.0, 0.0, 0.0, 0.46296295523643494, 6.365740776062012, 0.0, 0.0, 0.0, 0.0, 0.0, 0.0, 1.5046296119689941, 7.407407283782959, 1.2731481790542603, 0.0, 11.921296119689941, 4.0509257316589355, 19.79166603088379, 16.550926208496094, 1.8518518209457397], "tonal.thpcp": [1.0, 0.650966227054596, 0.3454030454158783, 0.3507446348667145, 0.46959882974624634, 0.6585877537727356, 0.674281656742096, 0.5136682987213135, 0.2958689332008362, 0.17655867338180542, 0.1708795130252838, 0.24388180673122406, 0.294659823179245, 0.2081751674413681, 0.40978193283081055, 0.6809516549110413, 0.38987335562705994, 0.09017262607812881, 0.08628486096858978, 0.0840672180056572, 0.4025310277938843, 0.6922158598899841, 0.4078577160835266, 0.14556504786014557, 0.1271541565656662, 0.12737490236759186, 0.3327362537384033, 0.5445839166641235, 0.31755778193473816, 0.4628749191761017, 0.7559993267059326, 0.3727031350135803, 0.08843635767698288, 0.09665203094482422, 0.13371266424655914, 0.6028743982315063], "lowlevel.gfcc.cov": [[5664.05810546875, -2041.2518310546875, 114.75092315673828, -1247.806396484375, -468.0268859863281, -278.6507568359375, -539.6922607421875, 1080.686279296875, -132.5758514404297, 543.1109619140625, 826.7325439453125, 159.73870849609375, 575.0267944335938], [-2041.2518310546875, 3172.419677734375, 80.99735260009766, 247.85638427734375, 422.4508056640625, 107.2619857788086, 412.10321044921875, -786.246826171875, 57.50477981567383, -522.1153564453125, -674.2329711914062, -362.9321594238281, -428.1023254394531], [114.75092315673828, 80.99735260009766, 491.8811950683594, -47.62142562866211, -58.670475006103516, -104.65089416503906, -121.09919738769531, 62.29351806640625, -47.5499267578125, -19.877649307250977, 22.54055404663086, 35.301414489746094, 73.08501434326172], [-1247.806396484375, 247.85638427734375, -47.62142562866211, 1273.6588134765625, 101.75641632080078, 9.47584342956543, 67.86371612548828, -525.7279052734375, -14.539463996887207, -361.7722473144531, -436.900390625, -36.461605072021484, -220.76304626464844], [-468.0268859863281, 422.4508056640625, -58.670475006103516, 101.75641632080078, 319.52880859375, 120.24742126464844, 42.515071868896484, -110.5805892944336, -63.573055267333984, -106.3140869140625, -157.43089294433594, -56.687660217285156, -85.5601806640625], [-278.6507568359375, 107.2619857788086, -104.65089416503906, 9.47584342956543, 120.24742126464844, 268.07659912109375, 157.7592010498047, -107.44297790527344, -37.67082977294922, -8.22127628326416, -56.00135803222656, -65.2757797241211, -79.82561492919922], [-539.6922607421875, 412.10321044921875, -121.09919738769531, 67.86371612548828, 42.515071868896484, 157.7592010498047, 300.393798828125, -158.8582763671875, 57.03862380981445, -49.43355941772461, -118.34339141845703, -97.26937866210938, -146.87205505371094], [1080.686279296875, -786.246826171875, 62.29351806640625, -525.7279052734375, -110.5805892944336, -107.44297790527344, -158.8582763671875, 563.72265625, 30.86051368713379, 228.1935577392578, 309.543701171875, 98.5749282836914, 198.1930389404297], [-132.5758514404297, 57.50477981567383, -47.5499267578125, -14.539463996887207, -63.573055267333984, -37.67082977294922, 57.03862380981445, 30.86051368713379, 190.02639770507812, 62.679222106933594, 9.976286888122559, -3.16157865524292, -43.81533432006836], [543.1109619140625, -522.1153564453125, -19.877649307250977, -361.7722473144531, -106.3140869140625, -8.22127628326416, -49.43355941772461, 228.1935577392578, 62.679222106933594, 278.140625, 256.6822509765625, 70.17450714111328, 94.4889144897461], [826.7325439453125, -674.2329711914062, 22.54055404663086, -436.900390625, -157.43089294433594, -56.00135803222656, -118.34339141845703, 309.543701171875, 9.976286888122559, 256.6822509765625, 397.3776550292969, 131.8572235107422, 185.99301147460938], [159.73870849609375, -362.9321594238281, 35.301414489746094, -36.461605072021484, -56.687660217285156, -65.2757797241211, -97.26937866210938, 98.5749282836914, -3.16157865524292, 70.17450714111328, 131.8572235107422, 166.7778778076172, 101.46133422851562], [575.0267944335938, -428.1023254394531, 73.08501434326172, -220.76304626464844, -85.5601806640625, -79.82561492919922, -146.87205505371094, 198.1930389404297, -43.81533432006836, 94.4889144897461, 185.99301147460938, 101.46133422851562, 230.57553100585938]], "lowlevel.gfcc.icov": [[0.0003824591694865376, 2.6386636818642728e-05, 0.00012162831262685359, 7.211675256257877e-05, 0.0003534523129928857, -1.5669886124669574e-05, 0.0003707787545863539, -0.0004035603778902441, 0.0003622380900196731, -3.588700565160252e-05, -0.0002080392587231472, 0.0005245616775937378, -0.00014499577810056508], [2.6386636818642728e-05, 0.0017358321929350495, -0.0007708530756644905, 0.0015978768933564425, -0.001777345547452569, 0.001574736088514328, -0.0011498384410515428, 0.0024022215511649847, -0.0016312467632815242, 0.002446478931233287, 8.810224244371057e-06, 0.0009466867195442319, 0.0002834334154613316], [0.00012162831262685359, -0.0007708530756644905, 0.0028366807382553816, -0.0004468502593226731, 0.001436698716133833, -0.00029455716139636934, 0.0012982061598449945, -0.0012754537165164948, 0.001376942964270711, -0.0007209822651930153, 0.0003997497842647135, -0.000419501680880785, -0.0002878648228943348], [7.211675256257877e-05, 0.0015978768933564425, -0.0004468502593226731, 0.0034195566549897194, -0.00098416639957577, 0.0011746336240321398, -0.00016969333228189498, 0.0031056946609169245, -0.0018262822413817048, 0.0035028918646275997, 0.0011610054643824697, -0.0006010689539834857, 0.0010118524078279734], [0.0003534523129928857, -0.001777345547452569, 0.001436698716133833, -0.00098416639957577, 0.007686800789088011, -0.004299005959182978, 0.0032487378921359777, -0.0033713479060679674, 0.002972860587760806, -0.0016835011774674058, 0.0021976360585540533, -0.0013974137837067246, 0.0008492156630381942], [-1.5669886124669574e-05, 0.001574736088514328, -0.00029455716139636934, 0.0011746336240321398, -0.004299005959182978, 0.009840686805546284, -0.0055351462215185165, 0.0029185328166931868, 0.001499211066402495, -0.0005484409630298615, -0.0005769843119196594, 0.0018377609085291624, 0.00012442564184311777], [0.0003707787545863539, -0.0011498384410515428, 0.0012982061598449945, -0.00016969333228189498, 0.0032487378921359777, -0.0055351462215185165, 0.00944663118571043, -0.0012398912804201245, -0.001262885401956737, 0.00011221919703530148, 6.629913696087897e-05, 0.0005840726662427187, 0.0021423492580652237], [-0.0004035603778902441, 0.0024022215511649847, -0.0012754537165164948, 0.0031056946609169245, -0.0033713479060679674, 0.0029185328166931868, -0.0012398912804201245, 0.00812432449311018, -0.003613988170400262, 0.002870293566957116, -0.000991866341792047, 0.0009335223003290594, -0.0006430466310121119], [0.0003622380900196731, -0.0016312467632815242, 0.001376942964270711, -0.0018262822413817048, 0.002972860587760806, 0.001499211066402495, -0.001262885401956737, -0.003613988170400262, 0.0108382822945714, -0.006392564158886671, 0.0016638134839013219, -0.000965466839261353, 0.001569035928696394], [-3.588700565160252e-05, 0.002446478931233287, -0.0007209822651930153, 0.0035028918646275997, -0.0016835011774674058, -0.0005484409630298615, 0.00011221919703530148, 0.002870293566957116, -0.006392564158886671, 0.016087841242551804, -0.006165710743516684, 0.0007141143432818353, 0.0018557041184976697], [-0.0002080392587231472, 8.810224244371057e-06, 0.0003997497842647135, 0.0011610054643824697, 0.0021976360585540533, -0.0005769843119196594, 6.629913696087897e-05, -0.000991866341792047, 0.0016638134839013219, -0.006165710743516684, 0.012069961987435818, -0.004142004996538162, -0.0020401193760335445], [0.0005245616775937378, 0.0009466867195442319, -0.000419501680880785, -0.0006010689539834857, -0.0013974137837067246, 0.0018377609085291624, 0.0005840726662427187, 0.0009335223003290594, -0.000965466839261353, 0.0007141143432818353, -0.004142004996538162, 0.012212551198899746, -0.002814630279317498], [-0.00014499577810056508, 0.0002834334154613316, -0.0002878648228943348, 0.0010118524078279734, 0.0008492156630381942, 0.00012442564184311777, 0.0021423492580652237, -0.0006430466310121119, 0.001569035928696394, 0.0018557041184976697, -0.0020401193760335445, -0.002814630279317498, 0.01098230853676796]], "lowlevel.mfcc.cov": [[3917.45068359375, -1286.0887451171875, -5.167038440704346, -635.5808715820312, 130.75250244140625, -1196.0582275390625, 294.12060546875, -426.9821472167969, -35.19163131713867, 272.5083312988281, -123.8134765625, 199.83619689941406, 280.4131774902344], [-1286.0887451171875, 2724.9384765625, -32.38372039794922, -3.8819847106933594, -51.72089767456055, 481.6766357421875, -56.33189392089844, 139.4081268310547, 125.84752655029297, -143.55860900878906, 66.79202270507812, -75.60721588134766, -304.73223876953125], [-5.167038440704346, -32.38372039794922, 434.5439758300781, 103.08216857910156, -47.20524978637695, -49.71077346801758, -77.66619873046875, -28.086679458618164, -45.25887680053711, -38.69528579711914, -28.474777221679688, -16.196226119995117, -42.58975601196289], [-635.5808715820312, -3.8819847106933594, 103.08216857910156, 740.328857421875, -26.004016876220703, 489.183837890625, -286.9634094238281, 236.04676818847656, -50.10417175292969, -180.4578094482422, -14.725630760192871, -187.6118621826172, -193.99853515625], [130.75250244140625, -51.72089767456055, -47.20524978637695, -26.004016876220703, 295.4791564941406, -166.83448791503906, 80.50701141357422, -22.968149185180664, 16.583759307861328, -3.2751355171203613, -78.08255767822266, -35.58799362182617, -17.130762100219727], [-1196.0582275390625, 481.6766357421875, -49.71077346801758, 489.183837890625, -166.83448791503906, 1074.0521240234375, -159.14694213867188, 296.7567138671875, -37.1136474609375, -124.21304321289062, 78.02113342285156, -195.19842529296875, -190.55357360839844], [294.12060546875, -56.33189392089844, -77.66619873046875, -286.9634094238281, 80.50701141357422, -159.14694213867188, 325.38623046875, -74.82784271240234, 30.067298889160156, 65.1438217163086, -32.946834564208984, 56.256004333496094, 51.94081497192383], [-426.9821472167969, 139.4081268310547, -28.086679458618164, 236.04676818847656, -22.968149185180664, 296.7567138671875, -74.82784271240234, 227.72833251953125, 29.998394012451172, -50.05162048339844, 25.04555892944336, -52.161746978759766, -82.72592163085938], [-35.19163131713867, 125.84752655029297, -45.25887680053711, -50.10417175292969, 16.583759307861328, -37.1136474609375, 30.067298889160156, 29.998394012451172, 144.81631469726562, 56.303382873535156, 27.695091247558594, 35.756858825683594, 5.391002655029297], [272.5083312988281, -143.55860900878906, -38.69528579711914, -180.4578094482422, -3.2751355171203613, -124.21304321289062, 65.1438217163086, -50.05162048339844, 56.303382873535156, 182.46543884277344, 54.96675109863281, 70.84490203857422, 74.67247009277344], [-123.8134765625, 66.79202270507812, -28.474777221679688, -14.725630760192871, -78.08255767822266, 78.02113342285156, -32.946834564208984, 25.04555892944336, 27.695091247558594, 54.96675109863281, 162.63475036621094, 80.51844024658203, 59.32866668701172], [199.83619689941406, -75.60721588134766, -16.196226119995117, -187.6118621826172, -35.58799362182617, -195.19842529296875, 56.256004333496094, -52.161746978759766, 35.756858825683594, 70.84490203857422, 80.51844024658203, 232.11952209472656, 148.6427459716797], [280.4131774902344, -304.73223876953125, -42.58975601196289, -193.99853515625, -17.130762100219727, -190.55357360839844, 51.94081497192383, -82.72592163085938, 5.391002655029297, 74.67247009277344, 59.32866668701172, 148.6427459716797, 243.5880126953125]], "lowlevel.mfcc.icov": [[0.0004659096885006875, 0.00010653074423316866, 7.982440729392692e-05, -6.349011528072879e-05, 0.00015237764455378056, 0.00040592727600596845, -0.00015917132259346545, 0.00019441221957094967, 0.00022110453573986888, -0.00043104312499053776, 0.000212142665986903, 2.9014810934313573e-05, 4.641691339202225e-05], [0.00010653074423316866, 0.0006517994916066527, -3.074076084885746e-05, 0.0006765552097931504, -0.00013696479436475784, -0.0002684570790734142, 0.0002831282909028232, 0.000145108497235924, -0.0006500477320514619, 0.0007795883575454354, -0.00043030816596001387, -0.00027377804508432746, 0.001042765099555254], [7.982440729392692e-05, -3.074076084885746e-05, 0.002803931012749672, -0.0007164723356254399, 0.0007039321935735643, 0.0005038277013227344, 0.00019688010797835886, 0.0006853101658634841, 0.0006068564252927899, -0.00020432492601685226, 0.0004771724925376475, -0.0004092498274985701, 0.0006064025219529867], [-6.349011528072879e-05, 0.0006765552097931504, -0.0007164723356254399, 0.004958969075232744, -0.001062980038113892, -0.001151185017079115, 0.0027214325964450836, -0.0020957740489393473, -0.00045382766984403133, 0.0025412836112082005, -0.0006881629815325141, 0.0004989180015400052, 0.0015704367542639375], [0.00015237764455378056, -0.00013696479436475784, 0.0007039321935735643, -0.001062980038113892, 0.004945241380482912, 0.001353255589492619, -0.0014338563196361065, -0.00027896478422917426, -0.000208975761779584, -0.0004493439628276974, 0.0014531089691445231, 0.0010596022475510836, -0.00031099256011657417], [0.00040592727600596845, -0.0002684570790734142, 0.0005038277013227344, -0.001151185017079115, 0.001353255589492619, 0.002876739017665386, -0.0009574487339705229, -0.0016393611440435052, 0.0012347224401310086, -0.0005930580082349479, -0.001008366234600544, 0.001659835921600461, -0.0002516784006729722], [-0.00015917132259346545, 0.0002831282909028232, 0.00019688010797835886, 0.0027214325964450836, -0.0014338563196361065, -0.0009574487339705229, 0.005705271381884813, -0.0001825687213568017, -0.0006541457842104137, 0.0003060369926970452, 0.0011673803674057126, -0.0009225074318237603, 0.000810146564617753], [0.00019441221957094967, 0.000145108497235924, 0.0006853101658634841, -0.0020957740489393473, -0.00027896478422917426, -0.0016393611440435052, -0.0001825687213568017, 0.009596258401870728, -0.0027428066823631525, 0.0004361227329354733, -0.00028821287560276687, -0.001402788795530796, 0.0012575516011565924], [0.00022110453573986888, -0.0006500477320514619, 0.0006068564252927899, -0.00045382766984403133, -0.000208975761779584, 0.0012347224401310086, -0.0006541457842104137, -0.0027428066823631525, 0.010264943353831768, -0.003799969796091318, -9.708708239486441e-05, -0.000715975824277848, 0.00023436629271600395], [-0.00043104312499053776, 0.0007795883575454354, -0.00020432492601685226, 0.0025412836112082005, -0.0004493439628276974, -0.0005930580082349479, 0.0003060369926970452, 0.0004361227329354733, -0.003799969796091318, 0.010747218504548073, -0.0037615576293319464, 0.00040876236744225025, 0.0005032589542679489], [0.000212142665986903, -0.00043030816596001387, 0.0004771724925376475, -0.0006881629815325141, 0.0014531089691445231, -0.001008366234600544, 0.0011673803674057126, -0.00028821287560276687, -9.708708239486441e-05, -0.0037615576293319464, 0.01167376060038805, -0.0035513953771442175, -0.0018014840316027403], [2.9014810934313573e-05, -0.00027377804508432746, -0.0004092498274985701, 0.0004989180015400052, 0.0010596022475510836, 0.001659835921600461, -0.0009225074318237603, -0.001402788795530796, -0.000715975824277848, 0.00040876236744225025, -0.0035513953771442175, 0.010014119558036327, -0.0043121