{"song_id": "1183654933384409198", "download": "https://cdn.discordapp.com/attachments/1135903449314238464/1183654933384409198/chirp.mp4?ex=65891f8f&amp", "lyrics": "Y\u00fcr\u00fcd\u00fck ya\u011fmur alt\u0131nda, damlalar d\u00fc\u015ferken\nG\u00f6zlerin parl\u0131yordu, \u0131\u015f\u0131\u011f\u0131n\u0131 ta\u015f\u0131rken\nG\u00fczelim, beni sard\u0131n, kalbimde bir melodi\nSonsuz yaz ya\u011fmurunda, a\u015fk\u0131m\u0131z bir ser\u00fcveni\n\nPerde araland\u0131, g\u00f6nl\u00fcm\u00fczde bahar\nBirlikte yazd\u0131k \u015fark\u0131y\u0131, sevgimizle sarar\nSonsuz bir masal gibi, hep yan\u0131mda ol\nG\u00fczelim, seninle ge\u00e7sin her an, her soluk", "style": ["Rock"], "essentia_features": {"lowlevel.average_loudness": 0.9768124222755432, "lowlevel.barkbands_crest.mean": 13.667567253112793, "lowlevel.barkbands_crest.stdev": 3.7220160961151123, "lowlevel.barkbands_flatness_db.mean": 0.259633868932724, "lowlevel.barkbands_flatness_db.stdev": 0.050276704132556915, "lowlevel.barkbands_kurtosis.mean": 29.224287033081055, "lowlevel.barkbands_kurtosis.stdev": 25.15673828125, "lowlevel.barkbands_skewness.mean": 3.8139452934265137, "lowlevel.barkbands_skewness.stdev": 1.6279679536819458, "lowlevel.barkbands_spread.mean": 6.743739604949951, "lowlevel.barkbands_spread.stdev": 8.939803123474121, "lowlevel.dissonance.mean": 0.44638311862945557, "lowlevel.dissonance.stdev": 0.0342477522790432, "lowlevel.dynamic_complexity": 1.5103665590286255, "lowlevel.erbbands_crest.mean": 9.670363426208496, "lowlevel.erbbands_crest.stdev": 3.324506998062134, "lowlevel.erbbands_flatness_db.mean": 0.16425403952598572, "lowlevel.erbbands_flatness_db.stdev": 0.03492279723286629, "lowlevel.erbbands_kurtosis.mean": 2.5084357261657715, "lowlevel.erbbands_kurtosis.stdev": 3.0382096767425537, "lowlevel.erbbands_skewness.mean": 1.2839901447296143, "lowlevel.erbbands_skewness.stdev": 0.929786205291748, "lowlevel.erbbands_spread.mean": 42.66965866088867, "lowlevel.erbbands_spread.stdev": 29.41205406188965, "lowlevel.hfc.mean": 14.788287162780762, "lowlevel.hfc.stdev": 11.532011032104492, "lowlevel.loudness_ebu128.integrated": -13.584395408630371, "lowlevel.loudness_ebu128.loudness_range": 1.2964391708374023, "lowlevel.loudness_ebu128.momentary.mean": -13.682965278625488, "lowlevel.loudness_ebu128.momentary.stdev": 0.9483479261398315, "lowlevel.loudness_ebu128.short_term.mean": -13.581838607788086, "lowlevel.loudness_ebu128.short_term.stdev": 0.42536211013793945, "lowlevel.melbands_crest.mean": 17.04034996032715, "lowlevel.melbands_crest.stdev": 3.5487570762634277, "lowlevel.melbands_flatness_db.mean": 0.34418436884880066, "lowlevel.melbands_flatness_db.stdev": 0.061295267194509506, "lowlevel.melbands_kurtosis.mean": 61.78001022338867, "lowlevel.melbands_kurtosis.stdev": 47.91281509399414, "lowlevel.melbands_skewness.mean": 5.144549369812012, "lowlevel.melbands_skewness.stdev": 2.2202727794647217, "lowlevel.melbands_spread.mean": 4.56455135345459, "lowlevel.melbands_spread.stdev": 4.998241424560547, "lowlevel.pitch_salience.mean": 0.4794674813747406, "lowlevel.pitch_salience.stdev": 0.08820384740829468, "lowlevel.silence_rate_20dB.mean": 1.0, "lowlevel.silence_rate_20dB.stdev": 0.0, "lowlevel.silence_rate_30dB.mean": 0.8931297659873962, "lowlevel.silence_rate_30dB.stdev": 0.30895042419433594, "lowlevel.silence_rate_60dB.mean": 0.0005871990579180419, "lowlevel.silence_rate_60dB.stdev": 0.02422533929347992, "lowlevel.spectral_centroid.mean": 430.8740234375, "lowlevel.spectral_centroid.stdev": 328.9621887207031, "lowlevel.spectral_complexity.mean": 10.189078330993652, "lowlevel.spectral_complexity.stdev": 4.426286220550537, "lowlevel.spectral_decrease.mean": -1.7567439059007484e-08, "lowlevel.spectral_decrease.stdev": 8.989345268162197e-09, "lowlevel.spectral_energy.mean": 0.06764492392539978, "lowlevel.spectral_energy.stdev": 0.03429673612117767, "lowlevel.spectral_energyband_high.mean": 0.00041230031638406217, "lowlevel.spectral_energyband_high.stdev": 0.0011549853952601552, "lowlevel.spectral_energyband_low.mean": 0.04507231339812279, "lowlevel.spectral_energyband_low.stdev": 0.030363772064447403, "lowlevel.spectral_energyband_middle_high.mean": 0.0016827239887788892, "lowlevel.spectral_energyband_middle_high.stdev": 0.0028956907335668802, "lowlevel.spectral_energyband_middle_low.mean": 0.02638651616871357, "lowlevel.spectral_energyband_middle_low.stdev": 0.020710745826363564, "lowlevel.spectral_entropy.mean": 6.925656318664551, "lowlevel.spectral_entropy.stdev": 0.4935265779495239, "lowlevel.spectral_flux.mean": 0.0791233628988266, "lowlevel.spectral_flux.stdev": 0.06711126118898392, "lowlevel.spectral_kurtosis.mean": 6.220519542694092, "lowlevel.spectral_kurtosis.stdev": 4.852293968200684, "lowlevel.spectral_rms.mean": 0.007910468615591526, "lowlevel.spectral_rms.stdev": 0.0018491989467293024, "lowlevel.spectral_rolloff.mean": 310.36358642578125, "lowlevel.spectral_rolloff.stdev": 584.3630981445312, "lowlevel.spectral_skewness.mean": 2.0254948139190674, "lowlevel.spectral_skewness.stdev": 0.627932608127594, "lowlevel.spectral_spread.mean": 4675431.0, "lowlevel.spectral_spread.stdev": 1772220.625, "lowlevel.spectral_strongpeak.mean": 0.6593419909477234, "lowlevel.spectral_strongpeak.stdev": 0.3856375217437744, "lowlevel.zerocrossingrate.mean": 0.021090710535645485, "lowlevel.zerocrossingrate.stdev": 0.019675612449645996, "metadata.audio_properties.analysis.equal_loudness": 0.0, "metadata.audio_properties.analysis.length": 39.508277893066406, "metadata.audio_properties.analysis.sample_rate": 44100.0, "metadata.audio_properties.analysis.start_time": 0.0, "metadata.audio_properties.bit_rate": 112650.0, "metadata.audio_properties.length": 39.509334564208984, "metadata.audio_properties.lossless": 0.0, "metadata.audio_properties.number_channels": 1.0, "metadata.audio_properties.replay_gain": -10.955831527709961, "metadata.audio_properties.sample_rate": 48000.0, "rhythm.beats_count": 79.0, "rhythm.beats_loudness.mean": 0.08605192601680756, "rhythm.beats_loudness.stdev": 0.04599592462182045, "rhythm.bpm": 121.3333969116211, "rhythm.bpm_histogram_first_peak_bpm": 120.0, "rhythm.bpm_histogram_first_peak_weight": 0.45333331823349, "rhythm.bpm_histogram_second_peak_bpm": 126.0, "rhythm.bpm_histogram_second_peak_spread": 0.0, "rhythm.bpm_histogram_second_peak_weight": 0.03846153989434242, "rhythm.danceability": 1.3725923299789429, "rhythm.onset_rate": 3.5677809715270996, "tonal.chords_changes_rate": 0.04460093751549721, "tonal.chords_number_rate": 0.005868544802069664, "tonal.chords_strength.mean": 0.4851284623146057, "tonal.chords_strength.stdev": 0.07524088770151138, "tonal.hpcp_crest.mean": 13.155107498168945, "tonal.hpcp_crest.stdev": 5.604768753051758, "tonal.hpcp_entropy.mean": 2.073598623275757, "tonal.hpcp_entropy.stdev": 0.681742787361145, "tonal.key_edma.strength": 0.6184413433074951, "tonal.key_krumhansl.strength": 0.6057109236717224, "tonal.key_temperley.strength": 0.5778140425682068, "tonal.tuning_diatonic_strength": 0.5143082141876221, "tonal.tuning_equal_tempered_deviation": 0.09907390922307968, "tonal.tuning_frequency": 441.5275573730469, "tonal.tuning_nontempered_energy_ratio": 0.7051215767860413, "lowlevel.barkbands.mean": [0.0003175107704009861, 0.03093990683555603, 0.007967515848577023, 0.014352153055369854, 0.007346736267209053, 0.001894119312055409, 0.0012523210607469082, 0.000562559231184423, 0.000869971641805023, 0.00046208369894884527, 0.00028001342434436083, 0.00026881162193603814, 0.0002168815117329359, 0.00011949206236749887, 7.61276824050583e-05, 7.192019984358922e-05, 6.912045500939712e-05, 5.7463665143586695e-05, 7.410104444716126e-05, 6.361115811159834e-05, 3.147232564515434e-05, 5.250107278698124e-05, 0.00014807609841227531, 8.693953714100644e-05, 4.9171958380611613e-05, 1.4383635971171316e-05, 1.4176610996230465e-08], "lowlevel.barkbands.stdev": [0.001012538094073534, 0.026769794523715973, 0.006046375259757042, 0.010808504186570644, 0.014840562827885151, 0.0024286846164613962, 0.0023917960934340954, 0.0016659182729199529, 0.002176981419324875, 0.0013266437454149127, 0.0007692159852012992, 0.0007951316074468195, 0.000579760642722249, 0.00028064034995622933, 0.00018334649212192744, 0.00016952506848610938, 0.0001283797319047153, 0.00021276608458720148, 0.00026051801978610456, 0.00012478360440582037, 5.890533066121861e-05, 0.00011635230475803837, 0.0005876417271792889, 0.00029342478956095874, 0.00023873400641605258, 8.692108531249687e-05, 2.0793144983599632e-07], "lowlevel.erbbands.mean": [0.4693300724029541, 8.023914337158203, 13.234565734863281, 27.767318725585938, 44.82633972167969, 18.346181869506836, 9.420604705810547, 17.48227882385254, 18.611412048339844, 13.258430480957031, 17.362224578857422, 16.928213119506836, 15.812719345092773, 9.376216888427734, 13.29863166809082, 10.77608871459961, 9.61063289642334, 7.536002159118652, 5.078808307647705, 3.7297067642211914, 4.075079917907715, 4.120264053344727, 3.3970041275024414, 3.038189172744751, 3.8771755695343018, 3.049286365509033, 1.6333926916122437, 1.1915819644927979, 1.684113621711731, 3.7334916591644287, 3.930483341217041, 2.1474528312683105, 1.342552900314331, 0.6870325803756714, 0.2777307331562042, 0.10140214115381241, 0.018052849918603897, 0.0010166908614337444, 5.7588691561250016e-05, 7.68725949455984e-05], "lowlevel.erbbands.stdev": [0.9048975110054016, 5.882855415344238, 8.116180419921875, 18.16034507751465, 50.233890533447266, 42.09899139404297, 14.293821334838867, 25.378795623779297, 36.4954833984375, 31.591907501220703, 44.696311950683594, 45.17207717895508, 38.74099349975586, 21.537633895874023, 38.164146423339844, 31.14987564086914, 22.368200302124023, 19.086429595947266, 11.609007835388184, 8.944820404052734, 8.87244701385498, 8.241755485534668, 12.714764595031738, 9.680816650390625, 12.482821464538574, 6.055009841918945, 2.975304365158081, 2.2514915466308594, 3.5031850337982178, 12.431105613708496, 16.180849075317383, 7.723313808441162, 4.892408847808838, 3.2841479778289795, 1.435819387435913, 0.5539475083351135, 0.1132299154996872, 0.007475337479263544, 0.00016452770796604455, 3.930045568267815e-05], "lowlevel.gfcc.mean": [-25.838062286376953, 136.83932495117188, -75.28836059570312, 57.164649963378906, -54.82879638671875, 28.936189651489258, -33.372901916503906, 4.522618770599365, -17.55055809020996, -11.027594566345215, -5.489124774932861, -12.561419486999512, -6.640734672546387], "lowlevel.melbands.mean": [0.006557411514222622, 0.008738181553781033, 0.005603882018476725, 0.002274582162499428, 0.00035357062006369233, 0.0003997918392997235, 0.000261030305409804, 0.00012898992281407118, 0.00016024096112232655, 9.992811101255938e-05, 8.040714601520449e-05, 4.09766762459185e-05, 4.07001753046643e-05, 2.795959881041199e-05, 3.194792225258425e-05, 1.9104012608295307e-05, 1.2967110706085805e-05, 8.698041710886173e-06, 5.715224688174203e-06, 4.642537078325404e-06, 4.7693752094346564e-06, 4.214869932184229e-06, 3.969957106164657e-06, 2.255210347357206e-06, 2.4147304884536425e-06, 2.9910036118963035e-06, 2.534239456508658e-06, 1.920279601108632e-06, 1.0852966170205036e-06, 7.172658342824434e-07, 6.795842750761949e-07, 8.674024343235942e-07, 1.1890263067471096e-06, 2.5688520963740302e-06, 2.485462800905225e-06, 1.6623649798930273e-06, 1.1964101531702909e-06, 1.0349416470489814e-06, 6.542212531712721e-07, 5.522761057363823e-07], "lowlevel.melbands.stdev": [0.007491892669349909, 0.005096768029034138, 0.0037544642109423876, 0.003695630468428135, 0.0006043005269020796, 0.000525103707332164, 0.0005041024414822459, 0.0003348566824570298, 0.0004211398190818727, 0.0002640600432641804, 0.00020399306959006935, 0.0001045084063662216, 0.00011398050264688209, 6.592239515157416e-05, 0.00011613803508225828, 5.191323725739494e-05, 3.2428935810457915e-05, 2.1988145817886107e-05, 1.502882605564082e-05, 1.1371732398401946e-05, 1.105981573346071e-05, 7.575363270007074e-06, 1.380371850245865e-05, 8.58065232023364e-06, 7.803720109222922e-06, 1.1344856829964556e-05, 6.206804755493067e-06, 3.7917786812613485e-06, 2.0155189304205123e-06, 1.3773105820291676e-06, 1.3189218179832096e-06, 1.806125965231331e-06, 2.916670155173051e-06, 9.53490143729141e-06, 1.064632579073077e-05, 6.685691914753988e-06, 4.334880486567272e-06, 3.7996637729520444e-06, 2.869835043384228e-06, 2.7423654955782695e-06], "lowlevel.melbands128.mean": [0.00028522382490336895, 0.0021667927503585815, 0.008613001555204391, 0.015933694317936897, 0.00903684739023447, 0.003502205479890108, 0.005072392523288727, 0.007925481535494328, 0.004195706453174353, 0.002210720907896757, 0.0006695305928587914, 0.0002606885973364115, 0.00017350853886455297, 0.0005872150068171322, 0.00045797618804499507, 0.0002161413140129298, 0.0003880980657413602, 0.00024159371969290078, 0.00014973280485719442, 0.00016510575369466096, 9.348250750917941e-05, 9.799625695450231e-05, 0.00017854751786217093, 0.0002294547884957865, 9.52824266278185e-05, 5.6453875004081056e-05, 7.774032565066591e-05, 7.07162544131279e-05, 0.00011363729572622105, 4.0388305933447555e-05, 2.194050102843903e-05, 2.05817286769161e-05, 4.286716284696013e-05, 6.261447560973465e-05, 2.3609973140992224e-05, 1.8972470570588484e-05, 2.4819593818392605e-05, 5.105276795802638e-05, 1.9006287402589805e-05, 1.5062350939842872e-05, 1.957664790097624e-05, 2.6887781132245436e-05, 8.348209121322725e-06, 9.575622243573889e-06, 1.210876780532999e-05, 7.467748673661845e-06, 6.2791114032734185e-06, 6.60325031276443e-06, 5.007085292163538e-06, 4.13796806242317e-06, 4.882281700702151e-06, 4.855054157815175e-06, 4.781159532285528e-06, 4.915775207336992e-06, 4.125061877857661e-06, 4.372818693809677e-06, 4.0189306673710234e-06, 4.1090620470640715e-06, 4.248930963512976e-06, 3.0504124879371375e-06, 1.947080136233126e-06, 1.7926651025845786e-06, 2.1690020730602555e-06, 2.6251827875967138e-06, 2.7095300083601614e-06, 3.27700672642095e-06, 2.99942507808737e-06, 2.5625274702179013e-06, 2.5594174530851888e-06, 2.315545089004445e-06, 2.110279410771909e-06, 1.518478484285879e-06, 1.3705846413358813e-06, 9.847301498666639e-07, 8.598702834206051e-07, 7.359198548329005e-07, 6.624956085943268e-07, 5.864568493052502e-07, 6.804422696404799e-07, 7.531243682024069e-07, 8.412829970438906e-07, 9.295549716625828e-07, 9.219837124874175e-07, 1.0808367960635223e-06, 1.4021211427461822e-06, 2.3087893623596756e-06, 2.813797664202866e-06, 3.5316377307026414e-06, 2.2079636892158305e-06, 2.1741586806456326e-06, 1.83462975655857e-06, 1.6019719168980373e-06, 1.1699997912728577e-06, 1.2241304148119525e-06, 1.1209619970031781e-06, 1.196087055177486e-06, 1.0119341595782316e-06, 8.558224067201081e-07, 5.703390115741058e-07, 6.241887149371905e-07, 6.227045332707348e-07, 5.776682883151807e-07, 4.0683084989723284e-07, 4.028707962788758e-07, 2.6695408905652585e-07, 2.532677285671525e-07, 2.3763267620324768e-07, 2.464446708927426e-07, 1.6681869396961702e-07, 1.3048605751464493e-07, 9.097843900462976e-08, 5.691504867399999e-08, 5.854689533180135e-08, 3.32959650961584e-08, 1.3596122450110215e-08, 6.149986742087776e-09, 6.507182015447199e-10, 2.029617099386094e-11, 1.0087545382342356e-11, 8.973909289278215e-12, 8.761327600914637e-12, 8.599505656181616e-12, 8.401969224525185e-12, 8.258415652717677e-12, 8.108035944032199e-12, 7.937578545835766e-12, 7.833802183332406e-12, 7.786509284568588e-12], "lowlevel.melbands128.stdev": [0.0009864316089078784, 0.007698278408497572, 0.010939370840787888, 0.01049116998910904, 0.005772622302174568, 0.002731004962697625, 0.003628748469054699, 0.006228556856513023, 0.005927808117121458, 0.005499201361089945, 0.0019158374052494764, 0.000757539295591414, 0.0004709473578259349, 0.0006920414743945003, 0.0007822611951269209, 0.0005820814985781908, 0.000812465907074511, 0.0006458086427301168, 0.0005382919334806502, 0.00046451803063973784, 0.000420842960011214, 0.00039282580837607384, 0.0005865038256160915, 0.0007414546562358737, 0.00038727233186364174, 0.0002818125067278743, 0.00027411928749643266, 0.000218218716327101, 0.00042556837433949113, 0.00012262530799489468, 7.292455848073587e-05, 6.487983773695305e-05, 0.00014776928583160043, 0.00024207538808695972, 6.969496462261304e-05, 5.38615022378508e-05, 0.0001065848337020725, 0.0002417441864963621, 5.4063955758465454e-05, 5.181778396945447e-05, 7.061279029585421e-05, 0.00011304167855996639, 2.4602128178230487e-05, 2.6443756723892875e-05, 4.0035902202362195e-05, 2.6658857677830383e-05, 2.0221454178681597e-05, 2.1576304789050482e-05, 1.6998479622998275e-05, 1.3731621038459707e-05, 1.7015112462104298e-05, 1.2171138223493472e-05, 1.4104803085501771e-05, 1.4363273294293322e-05, 6.969060905248625e-06, 8.789382263785228e-06, 1.1450943020463455e-05, 1.2577685993164778e-05, 1.9521923604770564e-05, 1.7650465451879427e-05, 6.8669919528474566e-06, 5.844619408890139e-06, 6.484106052084826e-06, 9.434810635866597e-06, 1.0964601642626803e-05, 1.4961456145101693e-05, 1.1741070920834318e-05, 8.072929631453007e-06, 6.47416618448915e-06, 4.824176357942633e-06, 5.093065738037694e-06, 3.283804289822001e-06, 2.8220790682098595e-06, 1.9504400370351505e-06, 1.928999836309231e-06, 1.49675133798155e-06, 1.3626416830447852e-06, 1.3331035688679549e-06, 1.4169020232657203e-06, 1.5274110864993418e-06, 1.9801293547061505e-06, 2.2165613700053655e-06, 2.2996061943558743e-06, 2.7557114208320854e-06, 4.195083420199808e-06, 8.601888112025335e-06, 1.16538021757151e-05, 1.7398027921444736e-05, 9.175452760246117e-06, 1.0498211850062944e-05, 7.91516595199937e-06, 6.42224131297553e-06, 4.485362751438515e-06, 4.806522156286519e-06, 4.214062755636405e-06, 4.465305664780317e-06, 4.17402634411701e-06, 3.4309716738789575e-06, 2.533952283556573e-06, 3.187480160704581e-06, 3.4909339774458203e-06, 2.8294198273215443e-06, 1.8156163150706561e-06, 2.463506461936049e-06, 1.6078153066700906e-06, 1.3824028428643942e-06, 1.1597853699640837e-06, 1.6311350918840617e-06, 8.882221322892292e-07, 7.305127383006038e-07, 6.039149411662947e-07, 3.697391832702124e-07, 4.2107564013349474e-07, 2.672622656518797e-07, 1.2444706953829154e-07, 7.728049666866355e-08, 8.381817906411015e-09, 1.8095414056062964e-10, 3.790892252886202e-11, 1.2105850176469257e-11, 1.1819960808734375e-11, 1.1564930436913645e-11, 1.1333247708356087e-11, 1.1144116879302501e-11, 1.0983601181346891e-11, 1.0853977439051476e-11, 1.0760303238710467e-11, 1.070245454759533e-11], "lowlevel.mfcc.mean": [-673.1543579101562, 150.0386199951172, 45.68503189086914, 34.19001770019531, 18.61374282836914, 18.588176727294922, 7.793234348297119, 13.611492156982422, -3.6943721771240234, 6.826870441436768, -3.000288248062134, -1.48834228515625, 2.5470988750457764], "lowlevel.spectral_contrast_coeffs.mean": [-0.6359163522720337, -0.7370516657829285, -0.7947563529014587, -0.8246888518333435, -0.8221367001533508, -0.7952021956443787], "lowlevel.spectral_contrast_coeffs.stdev": [0.06279950588941574, 0.07150860875844955, 0.06440220028162003, 0.04524696245789528, 0.03006746619939804, 0.027862731367349625], "lowlevel.spectral_contrast_valleys.mean": [-6.027533531188965, -6.909245491027832, -7.623037815093994, -8.110774040222168, -8.1656494140625, -10.442214965820312], "lowlevel.spectral_contrast_valleys.stdev": [0.4487571120262146, 0.5020108819007874, 0.48304224014282227, 0.49893492460250854, 0.5962440371513367, 0.736303985118866], "rhythm.beats_loudness_band_ratio.mean": [0.8003619909286499, 0.1556737869977951, 0.05538123846054077, 0.026743309572339058, 0.010213305242359638, 0.014354676008224487], "rhythm.beats_loudness_band_ratio.stdev": [0.16184712946414948, 0.14403438568115234, 0.07673787325620651, 0.045709289610385895, 0.011313564144074917, 0.02001970075070858], "tonal.hpcp.mean": [0.028160536661744118, 0.01623397320508957, 0.007685736753046513, 0.010722985491156578, 0.024814283475279808, 0.10465254634618759, 0.11303102970123291, 0.03272272273898125, 0.010533581487834454, 0.007958009839057922, 0.004904321860522032, 0.0034340352285653353, 0.0051461514085531235, 0.006879032123833895, 0.008041322231292725, 0.0119380634278059, 0.014271331951022148, 0.020592303946614265, 0.03276725113391876, 0.07020553201436996, 0.5235357284545898, 0.8901367783546448, 0.46636587381362915, 0.06381919234991074, 0.027776794508099556, 0.019724572077393532, 0.02230188623070717, 0.02878541313111782, 0.02428159862756729, 0.0205875001847744, 0.019259074702858925, 0.04053286835551262, 0.09770826995372772, 0.10815949738025665, 0.07129087299108505, 0.04479099065065384], "tonal.hpcp.stdev": [0.14123766124248505, 0.09505189210176468, 0.040957096964120865, 0.060925036668777466, 0.058202873915433884, 0.12678515911102295, 0.13686823844909668, 0.058054596185684204, 0.03389017656445503, 0.025211365893483162, 0.01892864517867565, 0.017914777621626854, 0.038398776203393936, 0.03934923931956291, 0.032508485019207, 0.06871101260185242, 0.08872336149215698, 0.089173324406147, 0.12006144225597382, 0.14617259800434113, 0.25977960228919983, 0.2419632524251938, 0.2625177204608917, 0.17522387206554413, 0.11740602552890778, 0.09076521545648575, 0.09591895341873169, 0.11377935856580734, 0.10231047868728638, 0.09673604369163513, 0.09057427197694778, 0.13341891765594482, 0.21812009811401367, 0.2328340709209442, 0.20240119099617004, 0.16069023311138153], "rhythm.beats_position": [0.4643990993499756, 0.9404081702232361, 1.4396371841430664, 1.938866138458252, 2.4380950927734375, 2.937324285507202, 3.4365532398223877, 3.9241721630096436, 4.4117913246154785, 4.887800216674805, 5.38702917098999, 5.886258602142334, 6.3854875564575195, 6.884716510772705, 7.383945465087891, 7.883174419403076, 8.382403373718262, 8.870022773742676, 9.357641220092773, 9.845260620117188, 10.332880020141602, 10.843718528747559, 11.331337928771973, 11.81895637512207, 12.318185806274414, 12.817414283752441, 13.316643714904785, 13.8042631149292, 14.303491592407227, 14.80272102355957, 15.290339469909668, 15.789568901062012, 16.27718734741211, 16.764806747436523, 17.252426147460938, 17.75165557861328, 18.250883102416992, 18.738502502441406, 19.23773193359375, 19.725351333618164, 20.224580764770508, 20.71219825744629, 21.199817657470703, 21.699047088623047, 22.19827651977539, 22.685895919799805, 23.173513412475586, 23.6611328125, 24.160362243652344, 24.647981643676758, 25.1472110748291, 25.646438598632812, 26.145668029785156, 26.6448974609375, 27.144126892089844, 27.631746292114258, 28.13097381591797, 28.618593215942383, 29.094602584838867, 29.59383201599121, 30.093061447143555, 30.580678939819336, 31.07990837097168, 31.579137802124023, 32.06675720214844, 32.55437469482422, 33.041996002197266, 33.54122543334961, 34.04045104980469, 34.528072357177734, 35.02730178833008, 35.52653121948242, 36.0141487121582, 36.501766204833984, 37.00099563598633, 37.488616943359375, 37.98784637451172, 38.49868392944336, 38.98630142211914], "rhythm.bpm_histogram": [0.0, 0.0, 0.0, 0.0, 0.0, 0.0, 0.0, 0.0, 0.0, 0.0, 0.0, 0.0, 0.0, 0.0, 0.0, 0.0, 0.0, 0.0, 0.0, 0.0, 0.0, 0.0, 0.0, 0.0, 0.0, 0.0, 0.0, 0.0, 0.0, 0.0, 0.0, 0.0, 0.0, 0.0, 0.0, 0.0, 0.0, 0.0, 0.0, 0.0, 0.0, 0.0, 0.0, 0.0, 0.0, 0.0, 0.0, 0.0, 0.0, 0.0, 0.0, 0.0, 0.0, 0.0, 0.0, 0.0, 0.0, 0.0, 0.0, 0.0, 0.0, 0.0, 0.0, 0.0, 0.0, 0.0, 0.0, 0.0, 0.0, 0.0, 0.0, 0.0, 0.0, 0.0, 0.0, 0.0, 0.0, 0.0, 0.0, 0.0, 0.0, 0.0, 0.0, 0.0, 0.0, 0.0, 0.0, 0.0, 0.0, 0.0, 0.0, 0.0, 0.0, 0.0, 0.0, 0.0, 0.0, 0.0, 0.0, 0.0, 0.0, 0.0, 0.0, 0.0, 0.0, 0.0, 0.0, 0.0, 0.0, 0.0, 0.0, 0.0, 0.0, 0.0, 0.0, 0.0, 0.0, 0.025641025975346565, 0.0, 0.0, 0.5256410241127014, 0.0, 0.0, 0.41025641560554504, 0.0, 0.0, 0.03846153989434242, 0.0, 0.0, 0.0, 0.0, 0.0, 0.0, 0.0, 0.0, 0.0, 0.0, 0.0, 0.0, 0.0, 0.0, 0.0, 0.0, 0.0, 0.0, 0.0, 0.0, 0.0, 0.0, 0.0, 0.0, 0.0, 0.0, 0.0, 0.0, 0.0, 0.0, 0.0, 0.0, 0.0, 0.0, 0.0, 0.0, 0.0, 0.0, 0.0, 0.0, 0.0, 0.0, 0.0, 0.0, 0.0, 0.0, 0.0, 0.0, 0.0, 0.0, 0.0, 0.0, 0.0, 0.0, 0.0, 0.0, 0.0, 0.0, 0.0, 0.0, 0.0, 0.0, 0.0, 0.0, 0.0, 0.0, 0.0, 0.0, 0.0, 0.0, 0.0, 0.0, 0.0, 0.0, 0.0, 0.0, 0.0, 0.0, 0.0, 0.0, 0.0, 0.0, 0.0, 0.0, 0.0, 0.0, 0.0, 0.0, 0.0, 0.0, 0.0, 0.0, 0.0, 0.0, 0.0, 0.0, 0.0, 0.0, 0.0, 0.0, 0.0, 0.0, 0.0, 0.0, 0.0, 0.0, 0.0, 0.0, 0.0, 0.0, 0.0, 0.0, 0.0, 0.0, 0.0, 0.0, 0.0, 0.0, 0.0, 0.0, 0.0, 0.0, 0.0], "tonal.chords_histogram": [0.0, 1.2910797595977783, 2.5821595191955566, 0.0, 0.0, 0.0, 0.0, 3.2863850593566895, 67.37089538574219, 25.469484329223633, 0.0, 0.0, 0.0, 0.0, 0.0, 0.0, 0.0, 0.0, 0.0, 0.0, 0.0, 0.0, 0.0, 0.0], "tonal.thpcp": [1.0, 0.5239260792732239, 0.07169593870639801, 0.031205086037516594, 0.0221590343862772, 0.02505444921553135, 0.03233819082379341, 0.02727850340306759, 0.023128468543291092, 0.021636085584759712, 0.04553554952144623, 0.10976770520210266, 0.12150885164737701, 0.08008979260921478, 0.05031922087073326, 0.03163618966937065, 0.01823761686682701, 0.008634332567453384, 0.012046447023749352, 0.02787693403661251, 0.11756905913352966, 0.12698164582252502, 0.03676145523786545, 0.011833665892481804, 0.008940210565924644, 0.005509627051651478, 0.0038578736130148172, 0.005781304091215134, 0.007728062104433775, 0.009033804759383202, 0.01341149304062128, 0.016032740473747253, 0.023133864626288414, 0.036811478435993195, 0.0788704976439476, 0.5881519913673401], "lowlevel.gfcc.cov": [[2148.067138671875, -726.1328735351562, -284.1006774902344, 6.718595504760742, -269.5911865234375, 109.63778686523438, -150.8175506591797, 160.17434692382812, -118.40181732177734, 120.72651672363281, -183.58985900878906, 76.34972381591797, -136.6482391357422], [-726.1328735351562, 983.9384765625, -225.21998596191406, -259.497802734375, 90.25125885009766, -148.7221221923828, 145.4397735595703, -162.888916015625, 134.44528198242188, -131.09881591796875, 169.61135864257812, -131.9368896484375, 110.44026184082031], [-284.1006774902344, -225.21998596191406, 424.7678527832031, 120.640380859375, 79.04051971435547, 48.575767517089844, -11.176685333251953, 22.904603958129883, -40.5732421875, 36.63732147216797, -24.855796813964844, 68.73468017578125, -14.170146942138672], [6.718595504760742, -259.497802734375, 120.640380859375, 271.4055480957031, 35.56657028198242, -29.213211059570312, -88.10527801513672, 13.880400657653809, 12.279250144958496, 24.926002502441406, -4.277647972106934, 36.27717208862305, 20.530588150024414], [-269.5911865234375, 90.25125885009766, 79.04051971435547, 35.56657028198242, 167.05345153808594, -16.978059768676758, 11.219694137573242, -11.22096061706543, 25.852304458618164, 0.878429651260376, 21.625614166259766, 4.565968036651611, 22.747177124023438], [109.63778686523438, -148.7221221923828, 48.575767517089844, -29.213211059570312, -16.978059768676758, 141.44773864746094, 45.36104202270508, 26.166828155517578, -35.784061431884766, 12.738344192504883, -28.626012802124023, 12.419493675231934, -28.33987808227539], [-150.8175506591797, 145.4397735595703, -11.176685333251953, -88.10527801513672, 11.219694137573242, 45.36104202270508, 138.63267517089844, 8.986435890197754, -4.084339618682861, -26.948314666748047, 22.534921646118164, -19.34724998474121, 0.2601237893104553], [160.17434692382812, -162.888916015625, 22.904603958129883, 13.880400657653809, -11.22096061706543, 26.166828155517578, 8.986435890197754, 112.66222381591797, -1.8636500835418701, 27.474292755126953, -20.322649002075195, 18.306432723999023, -26.022396087646484], [-118.40181732177734, 134.44528198242188, -40.5732421875, 12.279250144958496, 25.852304458618164, -35.784061431884766, -4.084339618682861, -1.8636500835418701, 106.03753662109375, 5.159867763519287, 35.27864456176758, -32.52669906616211, 18.716758728027344], [120.72651672363281, -131.09881591796875, 36.63732147216797, 24.926002502441406, 0.878429651260376, 12.738344192504883, -26.948314666748047, 27.474292755126953, 5.159867763519287, 82.22598266601562, -14.39937686920166, 17.543825149536133, -23.80533790588379], [-183.58985900878906, 169.61135864257812, -24.855796813964844, -4.277647972106934, 21.625614166259766, -28.626012802124023, 22.534921646118164, -20.322649002075195, 35.27864456176758, -14.39937686920166, 88.9827651977539, -14.647223472595215, 26.969865798950195], [76.34972381591797, -131.9368896484375, 68.73468017578125, 36.27717208862305, 4.565968036651611, 12.419493675231934, -19.34724998474121, 18.306432723999023, -32.52669906616211, 17.543825149536133, -14.647223472595215, 79.10563659667969, 2.64237904548645], [-136.6482391357422, 110.44026184082031, -14.170146942138672, 20.530588150024414, 22.747177124023438, -28.33987808227539, 0.2601237893104553, -26.022396087646484, 18.716758728027344, -23.80533790588379, 26.969865798950195, 2.64237904548645, 70.3908920288086]], "lowlevel.gfcc.icov": [[0.001181112602353096, -0.0002986787585541606, 0.0012587686069309711, -0.0005251941038295627, 0.0009321726975031197, -0.0009512109099887311, 0.0011514622019603848, -0.0011795011814683676, 0.0008322421927005053, -0.001003688434138894, 0.0012528079096227884, -0.0010789823718369007, 0.0010433327406644821], [-0.0002986787585541606, 0.018298227339982986, -0.0006313995691016316, 0.015214418061077595, -0.005690589081496, 0.013705386780202389, -0.010159628465771675, 0.013699962757527828, -0.011418643407523632, 0.008922134526073933, -0.012877639383077621, 0.008199679665267467, -0.010714803822338581], [0.0012587686069309711, -0.0006313995691016316, 0.005026760511100292, -0.0023570931516587734, -0.0005939204129390419, -0.002175375586375594, 0.0007178363739512861, -0.0011698094895109534, 0.0018931629601866007, -0.0018397519597783685, 0.0017917515942826867, -0.0032921971287578344, 0.002326170215383172], [-0.0005251941038295627, 0.015214418061077595, -0.0023570931516587734, 0.018658045679330826, -0.005345872603356838, 0.011705029755830765, -0.004966001957654953, 0.010358043946325779, -0.010302810929715633, 0.00761893717572093, -0.011400165967643261, 0.00656659621745348, -0.011081554926931858], [0.0009321726975031197, -0.005690589081496, -0.0005939204129390419, -0.005345872603356838, 0.010030912235379219, -0.0038302403409034014, 0.0023974457290023565, -0.004222842864692211, 0.0022261214908212423, -0.003846733830869198, 0.004321640823036432, -0.003348752623423934, 0.0024009968619793653], [-0.0009512109099887311, 0.013705386780202389, -0.002175375586375594, 0.011705029755830765, -0.0038302403409034014, 0.021032046526670456, -0.01231231540441513, 0.010310850106179714, -0.007353919092565775, 0.005683882161974907, -0.00798865221440792, 0.006288906093686819, -0.006936582736670971], [0.0011514622019603848, -0.010159628465771675, 0.0007178363739512861, -0.004966001957654953, 0.0023974457290023565, -0.01231231540441513, 0.019234033301472664, -0.011059166863560677, 0.007598563097417355, -0.0022785465698689222, 0.004166454542428255, -0.003130552126094699, 0.005607138853520155], [-0.0011795011814683676, 0.013699962757527828, -0.0011698094895109534, 0.010358043946325779, -0.004222842864692211, 0.010310850106179714, -0.011059166863560677, 0.022564059123396873, -0.01112271100282669, 0.0050726342014968395, -0.008604617789387703, 0.0038386902306228876, -0.005316948052495718], [0.0008322421927005053, -0.011418643407523632, 0.0018931629601866007, -0.010302810929715633, 0.0022261214908212423, -0.007353919092565775, 0.007598563097417355, -0.01112271100282669, 0.022156372666358948, -0.009291885420680046, 0.004662864375859499, 0.0005826289998367429, 0.004254810977727175], [-0.001003688434138894, 0.008922134526073933, -0.0018397519597783685, 0.00761893717572093, -0.003846733830869198, 0.005683882161974907, -0.0022785465698689222, 0.0050726342014968395, -0.009291885420680046, 0.021927395835518837, -0.007052891422063112, 0.0015829658368602395, -0.0005951411440037191], [0.0012528079096227884, -0.012877639383077621, 0.0017917515942826867, -0.011400165967643261, 0.004321640823036432, -0.00798865221440792, 0.004166454542428255, -0.008604617789387703, 0.004662864375859499, -0.007052891422063112, 0.025985199958086014, -0.006881509441882372, 0.00519019179046154], [-0.0010789823718369007, 0.008199679665267467, -0.0032921971287578344, 0.00656659621745348, -0.003348752623423934, 0.006288906093686819, -0.003130552126094699, 0.0038386902306228876, 0.0005826289998367429, 0.0015829658368602395, -0.006881509441882372, 0.023720329627394676, -0.010366138070821762], [0.0010433327406644821, -0.010714803822338581, 0.002326170215383172, -0.011081554926931858, 0.0024009968619793653, -0.006936582736670971, 0.005607138853520155, -0.005316948052495718, 0.004254810977727175, -0.0005951411440037191, 0.00519019179046154, -0.010366138070821762, 0.02825622633099556]], "lowlevel.mfcc.cov": [[2407.236083984375, -718.31298828125, -206.7239227294922, -180.42294311523438, -158.75723266601562, -107.18411254882812, -94.30297088623047, -10.438971519470215, -0.41482973098754883, 44.12791442871094, 16.329544067382812, 9.76252555847168, -59.689998626708984], [-718.31298828125, 962.1593627929688, -214.41543579101562, -120.32575988769531, -90.63232421875, -2.066819906234741, 23.51117515563965, -11.378076553344727, -16.170207977294922, -27.933029174804688, 21.463687896728516, 19.256996154785156, 8.425482749938965], [-206.7239227294922, -214.41543579101562, 289.7284240722656, 63.05057144165039, 53.26250457763672, 37.82108688354492, 25.553098678588867, 15.926265716552734, -0.5254012942314148, -5.83290958404541, -13.494743347167969, -11.044441223144531, 16.82394790649414], [-180.42294311523438, -120.32575988769531, 63.05057144165039, 242.82691955566406, 118.1119613647461, -14.354042053222656, -49.00239944458008, -33.247650146484375, -4.046896934509277, -16.466245651245117, -25.4945011138916, -7.316522598266602, 33.512516021728516], [-158.75723266601562, -90.63232421875, 53.26250457763672, 118.1119613647461, 172.7531280517578, 11.875433921813965, -34.433284759521484, -20.067068099975586, 0.9649724364280701, 7.010175704956055, -20.178489685058594, 3.673421859741211, 24.71843147277832], [-107.18411254882812, -2.066819906234741, 37.82108688354492, -14.354042053222656, 11.875433921813965, 107.1657943725586, 24.541545867919922, -2.7877984046936035, 4.1223859786987305, -13.45849323272705, 2.717136859893799, -6.2641143798828125, -15.524681091308594], [-94.30297088623047, 23.51117515563965, 25.553098678588867, -49.00239944458008, -34.433284759521484, 24.541545867919922, 126.12004852294922, 45.69099044799805, 6.15351676940918, -10.995880126953125, 11.98729133605957, -3.9535036087036133, -12.153834342956543], [-10.438971519470215, -11.378076553344727, 15.926265716552734, -33.247650146484375, -20.067068099975586, -2.7877984046936035, 45.69099044799805, 84.80301666259766, 15.135602951049805, -2.272289991378784, -5.173436164855957, -0.856888473033905, 7.977480411529541], [-0.41482973098754883, -16.170207977294922, -0.5254012942314148, -4.046896934509277, 0.9649724364280701, 4.1223859786987305, 6.15351676940918, 15.135602951049805, 59.23917007446289, 17.663747787475586, -0.13925214111804962, -0.8653730154037476, -1.9338879585266113], [44.12791442871094, -27.933029174804688, -5.83290958404541, -16.466245651245117, 7.010175704956055, -13.45849323272705, -10.995880126953125, -2.272289991378784, 17.663747787475586, 73.11804962158203, 30.178442001342773, 10.98050308227539, -3.3865513801574707], [16.329544067382812, 21.463687896728516, -13.494743347167969, -25.4945011138916, -20.178489685058594, 2.717136859893799, 11.98729133605957, -5.173436164855957, -0.13925214111804962, 30.178442001342773, 65.56988525390625, 18.75918960571289, -12.524127006530762], [9.76252555847168, 19.256996154785156, -11.044441223144531, -7.316522598266602, 3.673421859741211, -6.2641143798828125, -3.9535036087036133, -0.856888473033905, -0.8653730154037476, 10.98050308227539, 18.75918960571289, 52.9853630065918, 18.63858413696289], [-59.689998626708984, 8.425482749938965, 16.82394790649414, 33.512516021728516, 24.71843147277832, -15.524681091308594, -12.153834342956543, 7.977480411529541, -1.9338879585266113, -3.3865513801574707, -12.524127006530762, 18.63858413696289, 65.04076385498047]], "lowlevel.mfcc.icov": [[0.0010592574253678322, 0.001243376056663692, 0.001171923242509365, 0.0009673734311945736, 0.0007082311785779893, 0.0005950474296696484, 0.0007172396872192621, 0.00022884385543875396, 0.00013835847494192421, 0.00032742187613621354, -2.9174125302233733e-05, -0.00027508012135513127, 8.266865916084498e-05], [0.001243376056663692, 0.0028453595004975796, 0.002354799536988139, 0.0016163568943738937, 0.0009843901498243213, 0.0004806295328307897, 0.0004935579490847886, 0.0007433669525198638, 0.00026003026869148016, 0.001114490209147334, -0.00048371002776548266, -0.00025712919887155294, -0.0008814861648716033], [0.001171923242509365, 0.002354799536988139, 0.006218012422323227, 0.0003231041191611439, 0.00033680041087791324, -0.001092487946152687, -0.0004670874623116106, -0.00027895369566977024, 0.0008601611480116844, 5.296183371683583e-05, 5.245774445938878e-05, 0.0006192412110976875, -0.0015852674841880798], [0.0009673734311945736, 0.0016163568943738937, 0.0003231041191611439, 0.008718632161617279, -0.003866996383294463, 0.002435566857457161, 0.0016498230397701263, 0.0024046918842941523, -0.0009669197606854141, 0.0035691997036337852, -0.0013471875572577119, 0.0018082287861034274, -0.0024536503478884697], [0.0007082311785779893, 0.0009843901498243213, 0.00033680041087791324, -0.003866996383294463, 0.010602105408906937, -0.0021005182061344385, 0.0011071328772231936, 0.0005359804490581155, 0.0006780926487408578, -0.0033400903921574354, 0.00316401245072484, -0.001925307442434132, -0.0009544611093588173], [0.0005950474296696484, 0.0004806295328307897, -0.001092487946152687, 0.002435566857457161, -0.0021005182061344385, 0.0122131472453475, -0.001323078409768641, 0.0020374665036797523, -0.0019780953880399466, 0.003861942794173956, -0.0017170327482745051, 0.00025575977633707225, 0.0024661633651703596], [0.0007172396872192621, 0.0004935579490847886, -0.0004670874623116106, 0.0016498230397701263, 0.0011071328772231936, -0.001323078409768641, 0.012538517825305462, -0.00586338434368372, -0.0002929732436314225, 0.0028870091773569584, -0.003311343491077423, 0.00044446057290770113, 0.0015672612935304642], [0.00022884385543875396, 0.0007433669525198638, -0.00027895369566977024, 0.0024046918842941523, 0.0005359804490581155, 0.0020374665036797523, -0.00586338434368372, 0.01746840588748455, -0.003908609505742788, 0.0005239354213699698, 0.0019803394097834826, 0.0004938286147080362, -0.0038578647654503584], [0.00013835847494192421, 0.00026003026869148016, 0.0008601611480116844, -0.0009669197606854141, 0.0006780926487408578, -0.0019780953880399466, -0.0002929732436314225, -0.003908609505742788, 0.020116204395890236, -0.006808239500969648, 0.003112905193120241, -0.00013546536501962692, 0.0009456700063310564], [0.00032742187613621354, 0.001114490209147334, 5.296183371683583e-05, 0.0035691997036337852, -0.0033400903921574354, 0.003861942794173956, 0.0028870091773569584, 0.0005239354213699698, -0.006808239500969648, 0.02239915169775486, -0.011174757964909077, 0.00025637418730184436, -0.00029162413557060063], [-2.9174125302233733e-05, -0.00048371002776548266, 5.245774445938878e-05, -0.0013471875572577119, 0.00316401245072484, -0.0017170327482745051, -0.003311343491077423, 0.0019803394097834826, 0.003112905193120241, -0.011174757964909077, 0.025484872981905937, -0.009145217947661877, 0.0052812350913882256], [-0.00027508012135513127, -0.00025712919887155294, 0.0006192412110976875, 0.0018082287861034274, -0.001925307442434132, 0.00025575977633707225, 0.00044446057290770113, 0.0004938286147080362, -0.00013546536501962692, 0.00025637418730184436, -0.009145217947661877, 0.02621675282716751, -0.00976032018661499], [8.266865916084498e-05, -0.0008814861648716033, -0.0015852674841880798, -0.0024536503478884697, -0.0009544611093588173, 0.0024661633651703596, 0.0015672612935304642, -0.0038578647654503584, 0.0009456700063310564, -0.00029162413557060063, 0.0052812350913882256, -0.00976032018661499, 0.02278365008533001]], "metadata.audio_properties.analysis.downmix": "mix", "metadata.audio_properties.codec": "mp3", "metadata.audio_properties.md5_encoded": "c97b4f020b970a23abe96c3d7ee00f33", "metadata.tags.f