{"song_id": "1183711028119347200", "download": "https://cdn.discordapp.com/attachments/1128313332273782784/1183711028119347200/chirp.mp4?ex=658953cd&amp", "lyrics": "\u5728\u661f\u5149\u9583\u720d\u7684\u591c\u665a\uff0c\u6211\u5011\u76f8\u9047 \u773c\u795e\u4ea4\u532f\uff0c\u611b\u610f\u5982\u6f6e\u6c34\u6e67\u4f86 \u547d\u904b\u7684\u7cf8\u7dda\uff0c\u5c07\u6211\u5011\u7dca\u5bc6\u5730\u7de8\u7e54 \u4e00\u9996\u5c6c\u65bc\u6211\u5011\u7684\u6d6a\u6f2b\u60c5\u6b4c\uff0c\u958b\u59cb\u5531\u97ff\u3002\n\u6708\u5149\u7051\u5728\u6211\u5011\u7684\u80a9\u4e0a\uff0c\u611b\u60c5\u5982\u6b4c \u90a3\u4e00\u523b\u8d77\uff0c\u6211\u5011\u7684\u5fc3\u9023\u6210\u4e00\u5ea7\u6a4b \u611b\u7684\u65cb\u5f8b\uff0c\u60a0\u63da\u52d5\u4eba\uff0c\u6642\u9593\u4eff\u4f5b\u505c\u7559 \u6211\u5011\u7684\u6545\u4e8b\uff0c\u662f\u4e00\u5834\u6c38\u4e0d\u78e8\u6ec5\u7684\u5922\u3002\n\u611b\u60c5\u7684\u82b1\u6735\uff0c\u5728\u5fc3\u9593\u7dbb\u653e \u6bcf\u4e00\u500b\u773c\u795e\uff0c\u90fd\u662f\u4e00\u9996\u52d5\u4eba\u7684\u8a69\u7bc7 \u7136\u800c\uff0c\u751f\u6d3b\u7684\u98a8\u96f2\u537b\u6f38\u6f38\u6e67\u4f86 \u8003\u9a57\u7684\u9670\u973e\uff0c\u662f\u5426\u80fd\u6fc0\u8d77\u66f4\u6df1\u7684\u611b\u3002\n\u5728\u9ed1\u591c\u964d\u81e8\u4e4b\u969b\uff0c\u6211\u5011\u5f7c\u6b64\u9760\u8fd1 \u9762\u5c0d\u6311\u6230\uff0c\u6211\u5011\u5805\u5b9a\u4e0d\u79fb\u3002\n\u6708\u5149\u7051\u5728\u6211\u5011\u7684\u80a9\u4e0a\uff0c\u611b\u60c5\u5982\u6b4c \u90a3\u4e00\u523b\u8d77\uff0c\u6211\u5011\u7684\u5fc3\u9023\u6210\u4e00\u5ea7\u6a4b \u611b\u7684\u65cb\u5f8b\uff0c\u60a0\u63da\u52d5\u4eba\uff0c\u6642\u9593\u4eff\u4f5b\u505c\u7559 \u6211\u5011\u7684\u6545\u4e8b\uff0c\u662f\u4e00\u5834\u6c38\u4e0d\u78e8\u6ec5\u7684\u5922\u3002\n\u9006\u98a8\u7684\u6642\u5019\uff0c\u6211\u5011\u4e00\u8d77\u98db\u7fd4 \u5f7c\u6b64\u7684\u624b\uff0c\u662f\u5f7c\u6b64\u7684\u5805\u5f37 \u5118\u7ba1\u906d\u9047\u66b4\u98a8\u96e8\uff0c\u611b\u60c5\u7684\u706b\u7130\u4e0d\u6703\u6d88\u901d \u6211\u5011\u7684\u611b\u60c5\uff0c\u52c7\u6562\u5730\u9762\u5c0d\u6bcf\u4e00\u500b\u6311\u6230\u3002\n\u6708\u5149\u7051\u5728\u6211\u5011\u7684\u80a9\u4e0a\uff0c\u611b\u60c5\u5982\u6b4c \u90a3\u4e00\u523b\u8d77\uff0c\u6211\u5011\u7684\u5fc3\u9023\u6210\u4e00\u5ea7\u6a4b \u611b\u7684\u65cb\u5f8b\uff0c\u60a0\u63da\u52d5\u4eba\uff0c\u6642\u9593\u4eff\u4f5b\u505c\u7559 \u6211\u5011\u7684\u6545\u4e8b\uff0c\u662f\u4e00\u5834\u6c38\u4e0d\u78e8\u6ec5\u7684\u5922\u3002\n\u5728\u6642\u5149\u7684\u9577\u6cb3\u4e2d\uff0c\u6211\u5011\u7684\u611b\u6046\u4e45\u4e0d\u8b8a \u9019\u662f\u4e00\u9996\u5c6c\u65bc\u6211\u5011\u7684\u6d6a\u6f2b\u60c5\u6b4c\uff0c\u6c38\u9060\u5531\u4e0d\u5b8c\u3002", "style": ["dance pop"], "essentia_features": {"lowlevel.average_loudness": 0.12689431011676788, "lowlevel.barkbands_crest.mean": 14.635743141174316, "lowlevel.barkbands_crest.stdev": 5.138836860656738, "lowlevel.barkbands_flatness_db.mean": 0.4649345576763153, "lowlevel.barkbands_flatness_db.stdev": 0.10679911822080612, "lowlevel.barkbands_kurtosis.mean": 8.594402313232422, "lowlevel.barkbands_kurtosis.stdev": 17.00379180908203, "lowlevel.barkbands_skewness.mean": 0.985923171043396, "lowlevel.barkbands_skewness.stdev": 1.2197924852371216, "lowlevel.barkbands_spread.mean": 2.475910186767578, "lowlevel.barkbands_spread.stdev": 5.8116865158081055, "lowlevel.dissonance.mean": 0.2553218901157379, "lowlevel.dissonance.stdev": 0.0988740548491478, "lowlevel.dynamic_complexity": 6.061590671539307, "lowlevel.erbbands_crest.mean": 15.499975204467773, "lowlevel.erbbands_crest.stdev": 5.351755619049072, "lowlevel.erbbands_flatness_db.mean": 0.4476425051689148, "lowlevel.erbbands_flatness_db.stdev": 0.08507746458053589, "lowlevel.erbbands_kurtosis.mean": 5.533534526824951, "lowlevel.erbbands_kurtosis.stdev": 7.166855335235596, "lowlevel.erbbands_skewness.mean": 1.1006100177764893, "lowlevel.erbbands_skewness.stdev": 1.005027413368225, "lowlevel.erbbands_spread.mean": 5.089765548706055, "lowlevel.erbbands_spread.stdev": 5.067159652709961, "lowlevel.hfc.mean": 5.510653495788574, "lowlevel.hfc.stdev": 8.916099548339844, "lowlevel.loudness_ebu128.integrated": -25.409460067749023, "lowlevel.loudness_ebu128.loudness_range": 11.148189544677734, "lowlevel.loudness_ebu128.momentary.mean": -28.788190841674805, "lowlevel.loudness_ebu128.momentary.stdev": 5.239375114440918, "lowlevel.loudness_ebu128.short_term.mean": -27.963064193725586, "lowlevel.loudness_ebu128.short_term.stdev": 3.6733193397521973, "lowlevel.melbands_crest.mean": 16.04657554626465, "lowlevel.melbands_crest.stdev": 5.719672679901123, "lowlevel.melbands_flatness_db.mean": 0.5853432416915894, "lowlevel.melbands_flatness_db.stdev": 0.13332250714302063, "lowlevel.melbands_kurtosis.mean": 5.1199235916137695, "lowlevel.melbands_kurtosis.stdev": 7.921959400177002, "lowlevel.melbands_skewness.mean": 0.7866281867027283, "lowlevel.melbands_skewness.stdev": 0.9791094064712524, "lowlevel.melbands_spread.mean": 3.871100902557373, "lowlevel.melbands_spread.stdev": 8.003792762756348, "lowlevel.pitch_salience.mean": 0.5180693864822388, "lowlevel.pitch_salience.stdev": 0.14317993819713593, "lowlevel.silence_rate_20dB.mean": 1.0, "lowlevel.silence_rate_20dB.stdev": 0.0, "lowlevel.silence_rate_30dB.mean": 0.9924681186676025, "lowlevel.silence_rate_30dB.stdev": 0.08645831048488617, "lowlevel.silence_rate_60dB.mean": 0.32155272364616394, "lowlevel.silence_rate_60dB.stdev": 0.46707209944725037, "lowlevel.spectral_centroid.mean": 375.4386901855469, "lowlevel.spectral_centroid.stdev": 211.35775756835938, "lowlevel.spectral_complexity.mean": 5.6170334815979, "lowlevel.spectral_complexity.stdev": 3.308215856552124, "lowlevel.spectral_decrease.mean": -3.8247889300180304e-09, "lowlevel.spectral_decrease.stdev": 5.708035821783142e-09, "lowlevel.spectral_energy.mean": 0.014935445971786976, "lowlevel.spectral_energy.stdev": 0.022335179150104523, "lowlevel.spectral_energyband_high.mean": 1.427094957762165e-06, "lowlevel.spectral_energyband_high.stdev": 4.918927515973337e-06, "lowlevel.spectral_energyband_low.mean": 0.001802755636163056, "lowlevel.spectral_energyband_low.stdev": 0.003658752655610442, "lowlevel.spectral_energyband_middle_high.mean": 0.0004423813952598721, "lowlevel.spectral_energyband_middle_high.stdev": 0.0014877022476866841, "lowlevel.spectral_energyband_middle_low.mean": 0.013317539356648922, "lowlevel.spectral_energyband_middle_low.stdev": 0.020209964364767075, "lowlevel.spectral_entropy.mean": 4.8014397621154785, "lowlevel.spectral_entropy.stdev": 0.7800310254096985, "lowlevel.spectral_flux.mean": 0.02070538140833378, "lowlevel.spectral_flux.stdev": 0.028872214257717133, "lowlevel.spectral_kurtosis.mean": 261.46380615234375, "lowlevel.spectral_kurtosis.stdev": 182.86227416992188, "lowlevel.spectral_rms.mean": 0.003104987321421504, "lowlevel.spectral_rms.stdev": 0.0022204117849469185, "lowlevel.spectral_rolloff.mean": 521.4481811523438, "lowlevel.spectral_rolloff.stdev": 1077.2254638671875, "lowlevel.spectral_skewness.mean": 12.474713325500488, "lowlevel.spectral_skewness.stdev": 5.6294379234313965, "lowlevel.spectral_spread.mean": 929294.0, "lowlevel.spectral_spread.stdev": 1240249.75, "lowlevel.spectral_strongpeak.mean": 0.9426746368408203, "lowlevel.spectral_strongpeak.stdev": 0.8569749593734741, "lowlevel.zerocrossingrate.mean": 0.02083144709467888, "lowlevel.zerocrossingrate.stdev": 0.050807878375053406, "metadata.audio_properties.analysis.equal_loudness": 0.0, "metadata.audio_properties.analysis.length": 40.04265213012695, "metadata.audio_properties.analysis.sample_rate": 44100.0, "metadata.audio_properties.analysis.start_time": 0.0, "metadata.audio_properties.bit_rate": 95219.0, "metadata.audio_properties.length": 40.042667388916016, "metadata.audio_properties.lossless": 0.0, "metadata.audio_properties.number_channels": 1.0, "metadata.audio_properties.replay_gain": -4.368066787719727, "metadata.audio_properties.sample_rate": 48000.0, "rhythm.beats_count": 72.0, "rhythm.beats_loudness.mean": 0.025690937414765358, "rhythm.beats_loudness.stdev": 0.02857227250933647, "rhythm.bpm": 108.01078796386719, "rhythm.bpm_histogram_first_peak_bpm": 108.0, "rhythm.bpm_histogram_first_peak_weight": 0.5090909004211426, "rhythm.bpm_histogram_second_peak_bpm": 103.0, "rhythm.bpm_histogram_second_peak_spread": 0.25, "rhythm.bpm_histogram_second_peak_weight": 0.1267605572938919, "rhythm.danceability": 0.8389859795570374, "rhythm.onset_rate": 1.6976902484893799, "tonal.chords_changes_rate": 0.0416666679084301, "tonal.chords_number_rate": 0.010416666977107525, "tonal.chords_strength.mean": 0.5218167304992676, "tonal.chords_strength.stdev": 0.08754846453666687, "tonal.hpcp_crest.mean": 23.552518844604492, "tonal.hpcp_crest.stdev": 8.905800819396973, "tonal.hpcp_entropy.mean": 0.8898258209228516, "tonal.hpcp_entropy.stdev": 0.5935871005058289, "tonal.key_edma.strength": 0.7664064764976501, "tonal.key_krumhansl.strength": 0.7720662951469421, "tonal.key_temperley.strength": 0.767135739326477, "tonal.tuning_diatonic_strength": 0.5651758313179016, "tonal.tuning_equal_tempered_deviation": 0.0017805645475164056, "tonal.tuning_frequency": 439.2381896972656, "tonal.tuning_nontempered_energy_ratio": 0.5960153341293335, "lowlevel.barkbands.mean": [1.900980350910686e-06, 0.00046830240171402693, 0.0009188212570734322, 0.001008147606626153, 0.003018515883013606, 0.00426418986171484, 0.0027566493954509497, 0.0012161021586507559, 0.0006192688015289605, 0.0004885056405328214, 7.07037906977348e-05, 1.907746263896115e-05, 1.5022227671579458e-05, 3.6276305763749406e-05, 1.1885806088685058e-05, 5.57245266463724e-06, 7.971118975547142e-06, 3.7411384710139828e-06, 2.7791957109002396e-06, 1.1302554412395693e-06, 6.332851398838102e-07, 1.3962946354695305e-07, 6.025909726758982e-08, 3.222335820396438e-08, 3.030891448929651e-08, 1.3661112241436513e-08, 1.0788580029341688e-09], "lowlevel.barkbands.stdev": [5.664848686137702e-06, 0.0015309769660234451, 0.0021322781685739756, 0.002148734638467431, 0.004894656594842672, 0.009548408910632133, 0.006191980559378862, 0.0021381399128586054, 0.001857372117228806, 0.002413588110357523, 0.0002782051742542535, 4.974834155291319e-05, 4.6553606807719916e-05, 0.00010001016926253214, 4.1490424337098375e-05, 1.6122314264066517e-05, 2.5899536922224797e-05, 1.1066381375712808e-05, 7.781690328556579e-06, 3.367273393450887e-06, 2.1522714632737916e-06, 5.988942461954139e-07, 3.8298770732581033e-07, 3.410304429962707e-07, 2.817664608301129e-07, 2.890164978452958e-07, 1.795070936339016e-08], "lowlevel.erbbands.mean": [0.0025220410898327827, 0.15220052003860474, 1.0242416858673096, 2.2100117206573486, 6.3432111740112305, 9.70046329498291, 14.810171127319336, 35.9555549621582, 55.95657730102539, 34.78432846069336, 18.99081802368164, 18.665363311767578, 18.858125686645508, 3.4853579998016357, 2.4877727031707764, 1.0886849164962769, 0.8280356526374817, 1.937393307685852, 0.5789097547531128, 0.785651445388794, 0.318174809217453, 0.43797987699508667, 0.22584441304206848, 0.15419632196426392, 0.12325377762317657, 0.06483657658100128, 0.03544425591826439, 0.015794973820447922, 0.005678695626556873, 0.0022614323534071445, 0.0015937051502987742, 0.0008524839067831635, 0.0004872120334766805, 0.00036315538454800844, 0.00020556784875225276, 8.602756133768708e-05, 2.5044677386176772e-05, 4.010734301118646e-06, 7.107709734555101e-06, 1.66147237905534e-05], "lowlevel.erbbands.stdev": [0.007045463193207979, 0.4788830578327179, 2.5616698265075684, 3.9722931385040283, 13.725203514099121, 17.063241958618164, 26.252344131469727, 81.86293029785156, 126.10143280029297, 70.82304382324219, 39.4215202331543, 52.10330581665039, 93.29440307617188, 11.94244384765625, 9.006717681884766, 2.7248380184173584, 2.4405040740966797, 5.406248092651367, 1.4746170043945312, 2.8422789573669434, 0.8046297430992126, 1.595696210861206, 0.5864706635475159, 0.40041959285736084, 0.3909026086330414, 0.2037569284439087, 0.12131071090698242, 0.05211418494582176, 0.023846663534641266, 0.012503093108534813, 0.009787973016500473, 0.008360208943486214, 0.0049567073583602905, 0.0033780522644519806, 0.0019402733305469155, 0.0010625820141285658, 0.0005504190921783447, 0.00010767464846139774, 1.080445508705452e-05, 2.4898296032915823e-05], "lowlevel.gfcc.mean": [-308.0335693359375, 242.34434509277344, -50.78813934326172, -57.450252532958984, -59.129188537597656, -28.983646392822266, -38.939571380615234, -27.5778865814209, -15.139037132263184, -7.656621932983398, -5.494769096374512, -19.822021484375, -7.891414642333984], "lowlevel.melbands.mean": [6.98174990247935e-05, 0.00042155187111347914, 0.0005180343869142234, 0.0005418998189270496, 0.0005446269060485065, 0.0008885574643500149, 0.0008007269934751093, 0.0003516085271257907, 0.00014917657244950533, 9.868056804407388e-05, 8.961228741100058e-05, 1.1419749171182048e-05, 1.0329269571229815e-05, 2.5426393222005572e-06, 2.070485152216861e-06, 1.5556108792225132e-06, 4.034950052300701e-06, 9.800149882721598e-07, 7.633989866917545e-07, 8.315785180457169e-07, 3.0436146403189923e-07, 5.503027864506294e-07, 2.0808359124657727e-07, 1.9888445024207613e-07, 1.107383056364597e-07, 1.1418653400596668e-07, 4.7847482420593224e-08, 3.8849140793217884e-08, 2.4587865965486344e-08, 1.3316735270052504e-08, 7.3063710637200074e-09, 3.788157343365128e-09, 1.3554402045201641e-09, 1.1791447818154666e-09, 9.808618361972776e-10, 6.851047507083763e-10, 4.38423630733098e-10, 3.3462346782364705e-10, 2.995116099580031e-10, 3.013087279679638e-10], "lowlevel.melbands.stdev": [0.00022200778767000884, 0.0010398690355941653, 0.0008624971960671246, 0.0008703609928488731, 0.0009326583822257817, 0.0020523432176560163, 0.0017884188564494252, 0.0006790587212890387, 0.0003120081382803619, 0.0002844592381734401, 0.00046205733087845147, 4.2447853047633544e-05, 4.1706040065037087e-05, 5.712564870918868e-06, 5.328857241693186e-06, 4.40636449638987e-06, 1.1240243111387827e-05, 2.477762336638989e-06, 2.7064331789006246e-06, 2.6839036308956565e-06, 7.978199505487282e-07, 2.1632556581607787e-06, 5.159557190381747e-07, 6.816023301325913e-07, 2.7252073664385534e-07, 4.3822652173730603e-07, 1.2735326038182393e-07, 1.297352980600408e-07, 9.315888860328414e-08, 4.122566821251894e-08, 2.5579931062225114e-08, 1.56923132266229e-08, 7.738156782011174e-09, 7.033267301892465e-09, 5.719506646073569e-09, 5.586111573308017e-09, 4.891668403672611e-09, 3.5706664291978996e-09, 3.058433728497789e-09, 2.726388670382107e-09], "lowlevel.melbands128.mean": [1.0160481451748637e-06, 1.7555681779413135e-06, 3.133522841380909e-05, 0.0003186031535733491, 0.0005436542560346425, 0.000404004764277488, 0.00039097078843042254, 0.0005557884578593075, 0.0007512016454711556, 0.0003729921591002494, 0.0005153633537702262, 0.000782695016823709, 0.00045307748951017857, 0.00043089932296425104, 0.000411056011216715, 0.0016223397105932236, 0.001419246313162148, 0.0004599052481353283, 0.0002699644537642598, 0.00047444464871659875, 0.00034040206810459495, 0.00012689904542639852, 0.00011817640188382939, 0.00015346991131082177, 0.00019332031661178917, 1.009278821584303e-05, 5.697256710845977e-05, 0.00017598697741050273, 2.7807853257399984e-05, 1.0293087143509183e-05, 4.6132513489283156e-06, 1.1738598914234899e-05, 1.7222611859324388e-05, 3.974520495830802e-06, 6.517543056361319e-07, 3.364851636433741e-06, 3.861010554828681e-06, 3.7752315051875485e-07, 2.9262546377140097e-06, 1.6037994328144123e-06, 3.877161702803278e-07, 2.8772751647920813e-06, 4.071565399499377e-06, 6.09654398431303e-06, 5.423973448159813e-07, 4.021831614409166e-07, 6.781343699913123e-07, 7.982344385482065e-08, 1.0309382787454524e-06, 2.0388179109431803e-06, 3.8598349760832207e-07, 2.957532387881656e-07, 2.2624071505106258e-07, 3.243851836032263e-07, 4.6697203970325063e-07, 8.862500635586912e-07, 2.0025981939397752e-07, 2.587625544947514e-07, 2.1364955671288044e-07, 1.480909617157522e-07, 2.2405680510928505e-07, 2.0123923150094924e-07, 1.4533446801578975e-07, 8.79137260767493e-08, 2.8677144214839245e-08, 1.862372158711878e-07, 1.0052878707256241e-07, 5.22176790695994e-08, 2.4929960318331723e-08, 6.143395836488708e-08, 5.368771383018611e-08, 1.6335279795498536e-08, 2.1569809049992728e-08, 3.62588465918634e-08, 1.4310075791001964e-08, 1.1821869705386234e-08, 1.5238212469625978e-08, 8.935631790052412e-09, 5.289330751168109e-09, 5.853611373396461e-09, 5.919140733112727e-09, 1.685169337406478e-09, 1.9480841384478254e-09, 1.1860138426911249e-09, 9.442362447487085e-10, 1.4456430497133965e-09, 1.0638311342958673e-09, 1.1033823854589286e-09, 1.1424585721897529e-09, 6.815573105889428e-10, 8.451062627479189e-10, 6.118286433043352e-10, 5.916283574158854e-10, 4.2836253988376427e-10, 3.4271793736273537e-10, 3.651930702286421e-10, 3.59508534053532e-10, 2.6291141486112224e-10, 3.245947677310568e-10, 2.672994048324995e-10, 3.1926289389971885e-10, 2.9094510134441975e-10, 3.2298042018652495e-10, 2.7170057870229414e-10, 1.9717129318141957e-10, 1.8717090377595724e-10, 2.0850619841805695e-10, 1.4168152762117359e-10, 1.2594247866815067e-10, 1.2482445632677752e-10, 1.0916770959434885e-10, 7.867543422301893e-11, 4.443248893815088e-11, 4.8510803013490644e-11, 6.03517166797296e-11, 3.448167792963197e-11, 1.9910535026257392e-11, 3.1034278879377153e-12, 2.825887310611841e-12, 2.7364399808604833e-12, 2.6536678670446845e-12, 2.6130441126842596e-12, 2.589794698137915e-12, 2.5294911564638367e-12, 2.3371523900223012e-12, 2.011660586373476e-12, 1.839439624923278e-12, 1.8070088611196744e-12], "lowlevel.melbands128.stdev": [3.0755406896787463e-06, 4.584482212521834e-06, 8.846873242873698e-05, 0.0010575985070317984, 0.0015986673533916473, 0.0009107745718210936, 0.0008183320751413703, 0.0012012450024485588, 0.0019072999712079763, 0.0008354719029739499, 0.0010859204921871424, 0.0016991085140034556, 0.0010280088754370809, 0.001183267799206078, 0.0009760009706951678, 0.0042799897491931915, 0.0036339787766337395, 0.0015816586092114449, 0.0007767743663862348, 0.0011970048071816564, 0.000665317929815501, 0.0003222485538572073, 0.0004188086895737797, 0.00046628317795693874, 0.0005998539854772389, 3.639636270236224e-05, 0.0002758012851700187, 0.0009243222884833813, 0.0001564793346915394, 6.453645619330928e-05, 2.489018334017601e-05, 4.906888716504909e-05, 7.808319060131907e-05, 1.1895683201146312e-05, 1.6775786662037717e-06, 8.73581666382961e-06, 1.167799473478226e-05, 1.2477805739763426e-06, 1.1253822776779998e-05, 5.9543885981838685e-06, 1.2059044820489362e-06, 1.2916587365907617e-05, 1.163704291684553e-05, 1.706991679384373e-05, 1.806188038244727e-06, 1.5440175502590137e-06, 2.520855105103692e-06, 3.0814629781161784e-07, 4.405293566378532e-06, 8.060929758357815e-06, 1.4669651591248112e-06, 1.1221599152122508e-06, 9.746313480718527e-07, 9.598340966476826e-07, 1.6279292367471498e-06, 4.566973075270653e-06, 7.384208515759383e-07, 9.387292720930418e-07, 6.679221655758738e-07, 4.848475896324089e-07, 1.012151642498793e-06, 8.189149411919061e-07, 3.9251222005987074e-07, 2.50572412596739e-07, 9.791142474568915e-08, 8.900819352675171e-07, 3.3844762015178276e-07, 2.1401073979632201e-07, 6.904458871304087e-08, 2.4264375042548636e-07, 2.049535368087163e-07, 5.693803117878815e-08, 8.251544159065816e-08, 1.857961819951015e-07, 4.2950091483362485e-08, 4.604083514436752e-08, 5.676316661151759e-08, 3.7016331333461494e-08, 2.3409461036294488e-08, 2.3327093146008337e-08, 2.479244898268007e-08, 9.513060561516795e-09, 1.334924082385669e-08, 6.6196705894583374e-09, 4.486950810900225e-09, 7.532682921862488e-09, 8.45105319058348e-09, 6.692151721665596e-09, 6.346766223686018e-09, 4.060754399404232e-09, 5.909215339272578e-09, 5.749785092490356e-09, 5.708204575682885e-09, 5.458806739966349e-09, 3.536319681529676e-09, 5.04781993981851e-09, 2.9020250646993873e-09, 2.852181379964236e-09, 3.461251951719646e-09, 2.4814297283626274e-09, 3.6918978985056583e-09, 2.2372150798588564e-09, 2.9090907460727067e-09, 1.9681418716999133e-09, 2.1075465816977612e-09, 2.250639008494204e-09, 2.2100936636348933e-09, 1.8000654300465158e-09, 1.7380432648650412e-09, 1.7109397232317747e-09, 1.930205106859262e-09, 2.007472632570284e-09, 1.5487873206154745e-09, 1.7369886640139498e-09, 2.205844840119653e-09, 1.18298482121304e-09, 6.326829060654404e-10, 7.0793566321614154e-12, 5.549382134373282e-12, 5.438006382002536e-12, 5.292178587718022e-12, 5.168434256963561e-12, 5.072717419729589e-12, 4.975849159788437e-12, 4.912125827621905e-12, 4.851168945718687e-12, 4.808845162351805e-12, 4.782737140357485e-12], "lowlevel.mfcc.mean": [-946.0425415039062, 259.7443542480469, 55.770111083984375, -3.190396308898926, -16.61967658996582, -10.782598495483398, -16.189796447753906, -25.96004295349121, -18.890766143798828, -7.883172988891602, -2.75907826423645, -3.2765445709228516, -6.68267297744751], "lowlevel.spectral_contrast_coeffs.mean": [-0.5804800391197205, -0.6218196749687195, -0.7257522940635681, -0.7652382850646973, -0.8583003282546997, -0.8783648014068604], "lowlevel.spectral_contrast_coeffs.stdev": [0.07487352192401886, 0.08662079274654388, 0.0663841962814331, 0.04106386750936508, 0.051559194922447205, 0.07225530594587326], "lowlevel.spectral_contrast_valleys.mean": [-8.278559684753418, -8.05894947052002, -10.095681190490723, -11.454658508300781, -12.538317680358887, -14.658385276794434], "lowlevel.spectral_contrast_valleys.stdev": [1.258601188659668, 1.3860703706741333, 1.2611726522445679, 1.6394217014312744, 1.9908205270767212, 1.043299674987793], "rhythm.beats_loudness_band_ratio.mean": [0.203059583902359, 0.557794451713562, 0.3455604910850525, 0.013459427282214165, 0.0006973147392272949, 7.032629218883812e-05], "rhythm.beats_loudness_band_ratio.stdev": [0.21968400478363037, 0.26051366329193115, 0.2752091586589813, 0.03158668801188469, 0.0012743693077936769, 0.00018391635967418551], "tonal.hpcp.mean": [0.16330669820308685, 0.09666403383016586, 0.0005281781195662916, 0.0002587189374025911, 0.0032978157978504896, 0.03689512237906456, 0.07348664849996567, 0.052122242748737335, 0.22847406566143036, 0.42921125888824463, 0.21840135753154755, 0.005963987670838833, 0.0012791428016498685, 0.001595682930201292, 0.04928910359740257, 0.10788163542747498, 0.06184699013829231, 0.0028801870066672564, 0.0007946446421556175, 0.002250801073387265, 0.16416184604167938, 0.3341001570224762, 0.17543628811836243, 0.012200426310300827, 0.013453805819153786, 0.005421177484095097, 0.014651746489107609, 0.028629755601286888, 0.015551136806607246, 0.16899767518043518, 0.3456428050994873, 0.17977917194366455, 0.002934979973360896, 0.0009138979366980493, 0.0006937041180208325, 0.06746512651443481], "tonal.hpcp.stdev": [0.3426920473575592, 0.20680242776870728, 0.004446015227586031, 0.001263696700334549, 0.029777925461530685, 0.10887867212295532, 0.19586355984210968, 0.1294051706790924, 0.2598828077316284, 0.42198657989501953, 0.23583447933197021, 0.049651049077510834, 0.010594428516924381, 0.01776123046875, 0.12556925415992737, 0.2536235749721527, 0.14716045558452606, 0.030939791351556778, 0.010053240694105625, 0.02003716491162777, 0.2082323431968689, 0.39326220750808716, 0.22268426418304443, 0.05705580115318298, 0.056226491928100586, 0.030580934137105942, 0.06619817018508911, 0.13133442401885986, 0.06841045618057251, 0.219675675034523, 0.4346851110458374, 0.228953018784523, 0.032054174691438675, 0.008667770773172379, 0.0050845094956457615, 0.1461774855852127], "rhythm.beats_position": [0.5688889026641846, 1.1493877172470093, 1.729886531829834, 2.3103854656219482, 2.8908843994140625, 3.4713830947875977, 4.0634918212890625, 4.643990993499756, 5.224489688873291, 5.816598415374756, 6.397097587585449, 6.965986251831055, 7.523265361785889, 8.080544471740723, 8.637823104858398, 9.183491706848145, 9.75238037109375, 10.309659957885742, 10.878548622131348, 11.447437286376953, 12.004715919494629, 12.561995506286621, 13.107664108276367, 13.653332710266113, 14.210612297058105, 14.767890930175781, 15.325169563293457, 15.88244915008545, 16.439727783203125, 16.985397338867188, 17.531064987182617, 18.07673454284668, 18.622404098510742, 19.1796817779541, 19.736961364746094, 20.294239044189453, 20.863128662109375, 21.455238342285156, 22.035736083984375, 22.593015670776367, 23.15029525756836, 23.70757293701172, 24.26485252380371, 24.81052017211914, 25.356189727783203, 25.913469314575195, 26.459136962890625, 27.004806518554688, 27.56208610534668, 28.11936378479004, 28.67664337158203, 29.233922958374023, 29.791200637817383, 30.348480224609375, 30.894149780273438, 31.439817428588867, 31.99709701538086, 32.53115463256836, 33.07682418823242, 33.622493743896484, 34.156551361083984, 34.67900085449219, 35.20145034790039, 35.73550796508789, 36.292789459228516, 36.826847076416016, 37.360904693603516, 37.89496612548828, 38.417415618896484, 38.93986511230469, 39.47392272949219, 40.00798034667969], "rhythm.bpm_histogram": [0.0, 0.0, 0.0, 0.0, 0.0, 0.0, 0.0, 0.0, 0.0, 0.0, 0.0, 0.0, 0.0, 0.0, 0.0, 0.0, 0.0, 0.0, 0.0, 0.0, 0.0, 0.0, 0.0, 0.0, 0.0, 0.0, 0.0, 0.0, 0.0, 0.0, 0.0, 0.0, 0.0, 0.0, 0.0, 0.0, 0.0, 0.0, 0.0, 0.0, 0.0, 0.0, 0.0, 0.0, 0.0, 0.0, 0.0, 0.0, 0.0, 0.0, 0.0, 0.0, 0.0, 0.0, 0.0, 0.0, 0.0, 0.0, 0.0, 0.0, 0.0, 0.0, 0.0, 0.0, 0.0, 0.0, 0.0, 0.0, 0.0, 0.0, 0.0, 0.0, 0.0, 0.0, 0.0, 0.0, 0.0, 0.0, 0.0, 0.0, 0.0, 0.0, 0.0, 0.0, 0.0, 0.0, 0.0, 0.0, 0.0, 0.0, 0.0, 0.0, 0.0, 0.0, 0.0, 0.0, 0.0, 0.0, 0.0, 0.0, 0.0, 0.0422535203397274, 0.0, 0.1267605572938919, 0.0, 0.07042253762483597, 0.0, 0.0, 0.3802816867828369, 0.0, 0.2112676054239273, 0.0, 0.11267605423927307, 0.0, 0.0, 0.056338027119636536, 0.0, 0.0, 0.0, 0.0, 0.0, 0.0, 0.0, 0.0, 0.0, 0.0, 0.0, 0.0, 0.0, 0.0, 0.0, 0.0, 0.0, 0.0, 0.0, 0.0, 0.0, 0.0, 0.0, 0.0, 0.0, 0.0, 0.0, 0.0, 0.0, 0.0, 0.0, 0.0, 0.0, 0.0, 0.0, 0.0, 0.0, 0.0, 0.0, 0.0, 0.0, 0.0, 0.0, 0.0, 0.0, 0.0, 0.0, 0.0, 0.0, 0.0, 0.0, 0.0, 0.0, 0.0, 0.0, 0.0, 0.0, 0.0, 0.0, 0.0, 0.0, 0.0, 0.0, 0.0, 0.0, 0.0, 0.0, 0.0, 0.0, 0.0, 0.0, 0.0, 0.0, 0.0, 0.0, 0.0, 0.0, 0.0, 0.0, 0.0, 0.0, 0.0, 0.0, 0.0, 0.0, 0.0, 0.0, 0.0, 0.0, 0.0, 0.0, 0.0, 0.0, 0.0, 0.0, 0.0, 0.0, 0.0, 0.0, 0.0, 0.0, 0.0, 0.0, 0.0, 0.0, 0.0, 0.0, 0.0, 0.0, 0.0, 0.0, 0.0, 0.0, 0.0, 0.0, 0.0, 0.0, 0.0, 0.0, 0.0, 0.0, 0.0, 0.0, 0.0, 0.0, 0.0, 0.0, 0.0, 0.0, 0.0, 0.0, 0.0, 0.0, 0.0], "tonal.chords_histogram": [47.22222137451172, 1.5046296119689941, 10.300926208496094, 0.0, 9.837963104248047, 0.0, 0.0, 0.0, 0.0, 0.0, 0.0, 0.0, 0.0, 0.0, 0.0, 3.0092592239379883, 0.23148147761821747, 2.1990740299224854, 0.0, 0.5787037014961243, 0.0, 1.8518518209457397, 1.2731481790542603, 21.990739822387695], "tonal.thpcp": [1.0, 0.5088434815406799, 0.013895226642489433, 0.0029802173376083374, 0.0037177097983658314, 0.11483646184206009, 0.2513485550880432, 0.1440945267677307, 0.006710418034344912, 0.0018514067633077502, 0.005244039930403233, 0.38247328996658325, 0.778404951095581, 0.4087411165237427, 0.028425224125385284, 0.031345415860414505, 0.012630557641386986, 0.034136444330215454, 0.0667031779885292, 0.03623189404606819, 0.39374008774757385, 0.8052976131439209, 0.4188593924045563, 0.006838077679276466, 0.0021292497403919697, 0.0016162300016731024, 0.1571839600801468, 0.38048091530799866, 0.2252131849527359, 0.0012305784039199352, 0.0006027776398696005, 0.007683432660996914, 0.0859602838754654, 0.17121323943138123, 0.12143726646900177, 0.5323114395141602], "lowlevel.gfcc.cov": [[17766.392578125, -895.862548828125, -5068.4951171875, 2980.103515625, 435.4466552734375, -729.0519409179688, 577.8637084960938, 1646.4412841796875, 479.7240905761719, 80.75347137451172, 7.9963555335998535, -117.59905242919922, 452.62274169921875], [-895.862548828125, 1260.14990234375, 1130.5914306640625, -601.8936767578125, 179.39688110351562, 184.42750549316406, -49.68132400512695, -377.70196533203125, -62.80793762207031, -120.6522216796875, -33.018035888671875, -89.32234954833984, -87.2884521484375], [-5068.4951171875, 1130.5914306640625, 2476.593994140625, -992.030029296875, 39.14275360107422, 409.26385498046875, -143.1076202392578, -770.4354858398438, -257.24871826171875, -120.51292419433594, -28.28969955444336, -57.590362548828125, -235.5529327392578], [2980.103515625, -601.8936767578125, -992.030029296875, 1042.6917724609375, 129.7270050048828, -40.85378646850586, 222.50245666503906, 435.9479675292969, 40.3001708984375, 32.000972747802734, -23.908281326293945, -34.54094314575195, 64.85692596435547], [435.4466552734375, 179.39688110351562, 39.14275360107422, 129.7270050048828, 262.9996643066406, 123.86331176757812, 50.59395217895508, 42.831722259521484, 45.98553466796875, -18.89856719970703, -35.772552490234375, -24.141237258911133, 14.63177490234375], [-729.0519409179688, 184.42750549316406, 409.26385498046875, -40.85378646850586, 123.86331176757812, 209.37530517578125, 53.71328353881836, -88.80592346191406, -47.946197509765625, -23.863754272460938, -31.453510284423828, -16.181867599487305, -28.338085174560547], [577.8637084960938, -49.68132400512695, -143.1076202392578, 222.50245666503906, 50.59395217895508, 53.71328353881836, 147.7124786376953, 124.49787902832031, -11.788607597351074, -20.425148010253906, -18.4166316986084, -24.44662094116211, 5.1858906745910645], [1646.4412841796875, -377.70196533203125, -770.4354858398438, 435.9479675292969, 42.831722259521484, -88.80592346191406, 124.49787902832031, 351.3957824707031, 109.69541931152344, 39.23192596435547, -3.025071144104004, 4.070918083190918, 67.98744201660156], [479.7240905761719, -62.80793762207031, -257.24871826171875, 40.3001708984375, 45.98553466796875, -47.946197509765625, -11.788607597351074, 109.69541931152344, 133.93045043945312, 66.80814361572266, 15.17573356628418, 6.8820414543151855, 35.1515998840332], [80.75347137451172, -120.6522216796875, -120.51292419433594, 32.000972747802734, -18.89856719970703, -23.863754272460938, -20.425148010253906, 39.23192596435547, 66.80814361572266, 96.6805419921875, 42.347747802734375, 13.677732467651367, 9.337843894958496], [7.9963555335998535, -33.018035888671875, -28.28969955444336, -23.908281326293945, -35.772552490234375, -31.453510284423828, -18.4166316986084, -3.025071144104004, 15.17573356628418, 42.347747802734375, 84.9340591430664, 54.00119400024414, 3.938762903213501], [-117.59905242919922, -89.32234954833984, -57.590362548828125, -34.54094314575195, -24.141237258911133, -16.181867599487305, -24.44662094116211, 4.070918083190918, 6.8820414543151855, 13.677732467651367, 54.00119400024414, 94.11803436279297, 33.51906967163086], [452.62274169921875, -87.2884521484375, -235.5529327392578, 64.85692596435547, 14.63177490234375, -28.338085174560547, 5.1858906745910645, 67.98744201660156, 35.1515998840332, 9.337843894958496, 3.938762903213501, 33.51906967163086, 75.78788757324219]], "lowlevel.gfcc.icov": [[0.0005332828732207417, -0.001289948238991201, 0.0012959743617102504, -0.001370181213133037, 0.00017013293108902872, 0.00048216606955975294, -0.0003042162279598415, 0.0009420435526408255, -0.0002919551043305546, -1.5073832400958054e-05, -9.606371895642951e-05, -0.00021444149024318904, 9.021580626722425e-05], [-0.001289948238991201, 0.006135863251984119, -0.0037862227763980627, 0.004355570301413536, -0.0029071650933474302, 0.00038193026557564735, -0.0018613828578963876, 0.00041319680167362094, -0.0016997626516968012, 0.0036657722666859627, -0.003206747118383646, 0.00434169452637434, -0.00168040010612458], [0.0012959743617102504, -0.0037862227763980627, 0.005814834032207727, -0.002957067685201764, 0.0011166963959112763, -0.0018218789482489228, -0.0013138899812474847, 0.005836010444909334, -0.0013229988981038332, 0.00028418804868124425, 3.664237738121301e-05, -0.0013874695869162679, 0.0036508627235889435], [-0.001370181213133037, 0.004355570301413536, -0.002957067685201764, 0.007488451898097992, -0.004058981779962778, 0.00016026098455768079, -0.0009147200617007911, -0.00540939811617136, 0.006193248089402914, -0.002717307535931468, -0.0005762192304246128, 0.002745026024058461, -0.0003626083198469132], [0.00017013293108902872, -0.0029071650933474302, 0.0011166963959112763, -0.004058981779962778, 0.01408105343580246, -0.011729045771062374, 0.005952419713139534, -0.0008733022841624916, -0.010150381363928318, 0.008143236860632896, -0.0016254754737019539, 0.0005289024556986988, -0.0005930020706728101], [0.00048216606955975294, 0.00038193026557564735, -0.0018218789482489228, 0.00016026098455768079, -0.011729045771062374, 0.024401433765888214, -0.015403509140014648, 0.006659102626144886, 0.006257370579987764, -0.01227687206119299, 0.010515508241951466, -0.007810006849467754, -0.0002525862364564091], [-0.0003042162279598415, -0.0018613828578963876, -0.0013138899812474847, -0.0009147200617007911, 0.005952419713139534, -0.015403509140014648, 0.030250756070017815, -0.02064811997115612, 0.008092421106994152, 0.005757370963692665, -0.008271981962025166, 0.008296388201415539, -0.0017857770435512066], [0.0009420435526408255, 0.00041319680167362094, 0.005836010444909334, -0.00540939811617136, -0.0008733022841624916, 0.006659102626144886, -0.02064811997115612, 0.0325445756316185, -0.019672002643346786, 0.005353583488613367, 0.003056448418647051, -0.004834550898522139, 0.0029380188789218664], [-0.0002919551043305546, -0.0016997626516968012, -0.0013229988981038332, 0.006193248089402914, -0.010150381363928318, 0.006257370579987764, 0.008092421106994152, -0.019672002643346786, 0.03861601650714874, -0.02523297443985939, 0.005940734408795834, -0.0005506433662958443, -0.00310007412917912], [-1.5073832400958054e-05, 0.0036657722666859627, 0.00028418804868124425, -0.002717307535931468, 0.008143236860632896, -0.01227687206119299, 0.005757370963692665, 0.005353583488613367, -0.02523297443985939, 0.0393940806388855, -0.02264927327632904, 0.01365284901112318, -0.0018499487778171897], [-9.606371895642951e-05, -0.003206747118383646, 3.664237738121301e-05, -0.0005762192304246128, -0.0016254754737019539, 0.010515508241951466, -0.008271981962025166, 0.003056448418647051, 0.005940734408795834, -0.02264927327632904, 0.03895934671163559, -0.027148351073265076, 0.009574709460139275], [-0.00021444149024318904, 0.00434169452637434, -0.0013874695869162679, 0.002745026024058461, 0.0005289024556986988, -0.007810006849467754, 0.008296388201415539, -0.004834550898522139, -0.0005506433662958443, 0.01365284901112318, -0.027148351073265076, 0.034778740257024765, -0.015030932612717152], [9.021580626722425e-05, -0.00168040010612458, 0.0036508627235889435, -0.0003626083198469132, -0.0005930020706728101, -0.0002525862364564091, -0.0017857770435512066, 0.0029380188789218664, -0.00310007412917912, -0.0018499487778171897, 0.009574709460139275, -0.015030932612717152, 0.027700530365109444]], "lowlevel.mfcc.cov": [[13480.501953125, 640.6541137695312, -4751.26318359375, 1717.1575927734375, 292.061279296875, -717.7654418945312, -105.25223541259766, 566.1799926757812, 988.3575439453125, 584.432861328125, 201.52777099609375, 181.6890411376953, 181.46826171875], [640.6541137695312, 1101.067138671875, 268.7354431152344, -161.95266723632812, 118.86864471435547, 161.20314025878906, 30.876266479492188, -9.225749969482422, 17.898942947387695, 5.906928062438965, -27.420595169067383, -44.69578170776367, -38.235069274902344], [-4751.26318359375, 268.7354431152344, 2359.15625, -606.4993286132812, -57.18428039550781, 497.8995666503906, 167.83938598632812, -192.38121032714844, -455.6236267089844, -271.81317138671875, -95.58809661865234, -99.31419372558594, -89.7208251953125], [1717.1575927734375, -161.95266723632812, -606.4993286132812, 488.00103759765625, 81.67356872558594, -101.2546615600586, 75.70046997070312, 146.92718505859375, 145.7617645263672, 86.559326171875, 61.179840087890625, 49.971214294433594, 15.17538070678711], [292.061279296875, 118.86864471435547, -57.18428039550781, 81.67356872558594, 179.77345275878906, 116.14104461669922, 40.3147087097168, 44.3034553527832, 74.8322982788086, 57.0290641784668, 11.893115997314453, 8.837596893310547, 18.06168556213379], [-717.7654418945312, 161.20314025878906, 497.8995666503906, -101.2546615600586, 116.14104461669922, 296.11419677734375, 123.1519546508789, 2.494772434234619, -37.30784225463867, -7.3853607177734375, -13.465188980102539, -24.842647552490234, -9.50389289855957], [-105.25223541259766, 30.876266479492188, 167.83938598632812, 75.70046997070312, 40.3147087097168, 123.1519546508789, 180.66493225097656, 108.33265686035156, 12.938735961914062, -8.907036781311035, 6.309751987457275, 1.322431206703186, -28.179914474487305], [566.1799926757812, -9.225749969482422, -192.38121032714844, 146.92718505859375, 44.3034553527832, 2.494772434234619, 108.33265686035156, 160.29013061523438, 102.07563781738281, 18.05875587463379, -1.608835220336914, 11.29624080657959, 4.399188041687012], [988.3575439453125, 17.898942947387695, -455.6236267089844, 145.7617645263672, 74.8322982788086, -37.30784225463867, 12.938735961914062, 102.07563781738281, 195.1278839111328, 115.80305480957031, 17.465932846069336, 10.461050987243652, 26.510475158691406], [584.432861328125, 5.906928062438965, -271.81317138671875, 86.559326171875, 57.0290641784668, -7.3853607177734375, -8.907036781311035, 18.05875587463379, 115.80305480957031, 127.90190124511719, 52.363895416259766, 16.63481903076172, 15.1890230178833], [201.52777099609375, -27.420595169067383, -95.58809661865234, 61.179840087890625, 11.893115997314453, -13.465188980102539, 6.309751987457275, -1.608835220336914, 17.465932846069336, 52.363895416259766, 80.01092529296875, 54.50174331665039, 6.949368000030518], [181.6890411376953, -44.69578170776367, -99.31419372558594, 49.971214294433594, 8.837596893310547, -24.842647552490234, 1.322431206703186, 11.29624080657959, 10.461050987243652, 16.63481903076172, 54.50174331665039, 82.33407592773438, 42.72052001953125], [181.46826171875, -38.235069274902344, -89.7208251953125, 15.17538070678711, 18.06168556213379, -9.50389289855957, -28.179914474487305, 4.399188041687012, 26.510475158691406, 15.1890230178833, 6.949368000030518, 42.72052001953125, 81.44025421142578]], "lowlevel.mfcc.icov": [[0.0013119957875460386, -0.001907892874442041, 0.002830867888405919, -0.0034960361663252115, 0.0035995019134134054, -0.004075261298567057, 0.003106971736997366, -0.0027705091051757336, 0.00289850658737123, -0.0018070117803290486, 0.0013029123656451702, -0.00016832628170959651, -0.0007275484385900199], [-0.001907892874442041, 0.0039209588430821896, -0.004176295828074217, 0.0056618438102304935, -0.006262445822358131, 0.006023912690579891, -0.004787308629602194, 0.004468868020921946, -0.005217721685767174, 0.003429303877055645, -0.0023375782184302807, 0.000489064259454608, 0.001631902065128088], [0.002830867888405919, -0.004176295828074217, 0.007822518236935139, -0.006646164692938328, 0.008188696578145027, -0.010709211230278015, 0.005839263554662466, -0.006224344950169325, 0.009303562343120575, -0.003986557479947805, 0.002759936498478055, 0.00034858708386309445, -0.0018246903782710433], [-0.0034960361663252115, 0.0056618438102304935, -0.006646164692938328, 0.015044055879116058, -0.013989198952913284, 0.015078031457960606, -0.013575088232755661, 0.007123392075300217, -0.0067096734419465065, 0.0050046853721141815, -0.00686480151489377, 0.003176364814862609, 0.0002733153523877263], [0.0035995019134134054, -0.006262445822358131, 0.008188696578145027, -0.013989198952913284, 0.026893150061368942, -0.024281442165374756, 0.019281841814517975, -0.013885480351746082, 0.007694249972701073, -0.008907435461878777, 0.008027845062315464, -0.006765133701264858, 0.0013117336202412844], [-0.004075261298567057, 0.006023912690579891, -0.010709211230278015, 0.015078031457960606, -0.024281442165374756, 0.033573396503925323, -0.02890925295650959, 0.02037334442138672, -0.012336119078099728, 0.006872695870697498, -0.007010840345174074, 0.008278059773147106, -0.005509791895747185], [0.003106971736997366, -0.004787308629602194, 0.005839263554662466, -0.013575088232755661, 0.019281841814517975, -0.02890925295650959, 0.04630319029092789, -0.03832898661494255, 0.019855361431837082, -0.01527068205177784, 0.008213434368371964, -0.011534323915839195, 0.01196852885186