{"song_id": "1183698935697649714", "download": "https://cdn.discordapp.com/attachments/1135911532732108921/1183698935697649714/chirp.mp4?ex=6589488a&amp", "lyrics": "[verse]\nTuba Team, oh what a sight\nProblems and delays, they become the plight\nBackend software, their expertise\nBut migration hiccups bring them to their knees\n\n[chorus]\nTuba Team, hear the sounds of frustration\nDispatcher migrations causing aggravation\nBut they stay determined, they won't back down\nFacing challenges and turning them around", "style": ["random"], "essentia_features": {"lowlevel.average_loudness": 0.982562243938446, "lowlevel.barkbands_crest.mean": 13.043893814086914, "lowlevel.barkbands_crest.stdev": 4.102880954742432, "lowlevel.barkbands_flatness_db.mean": 0.26707130670547485, "lowlevel.barkbands_flatness_db.stdev": 0.07918775826692581, "lowlevel.barkbands_kurtosis.mean": 26.77206039428711, "lowlevel.barkbands_kurtosis.stdev": 35.407142639160156, "lowlevel.barkbands_skewness.mean": 3.360921621322632, "lowlevel.barkbands_skewness.stdev": 2.081888437271118, "lowlevel.barkbands_spread.mean": 7.931791305541992, "lowlevel.barkbands_spread.stdev": 9.877557754516602, "lowlevel.dissonance.mean": 0.4213876724243164, "lowlevel.dissonance.stdev": 0.050003886222839355, "lowlevel.dynamic_complexity": 2.688805103302002, "lowlevel.erbbands_crest.mean": 13.039443969726562, "lowlevel.erbbands_crest.stdev": 4.5761308670043945, "lowlevel.erbbands_flatness_db.mean": 0.20476432144641876, "lowlevel.erbbands_flatness_db.stdev": 0.05669381096959114, "lowlevel.erbbands_kurtosis.mean": 7.0429887771606445, "lowlevel.erbbands_kurtosis.stdev": 9.599956512451172, "lowlevel.erbbands_skewness.mean": 1.7643001079559326, "lowlevel.erbbands_skewness.stdev": 1.4349439144134521, "lowlevel.erbbands_spread.mean": 36.26290512084961, "lowlevel.erbbands_spread.stdev": 33.58399963378906, "lowlevel.hfc.mean": 10.58328628540039, "lowlevel.hfc.stdev": 10.290556907653809, "lowlevel.loudness_ebu128.integrated": -14.085250854492188, "lowlevel.loudness_ebu128.loudness_range": 1.2217302322387695, "lowlevel.loudness_ebu128.momentary.mean": -14.296573638916016, "lowlevel.loudness_ebu128.momentary.stdev": 1.402459979057312, "lowlevel.loudness_ebu128.short_term.mean": -14.123269081115723, "lowlevel.loudness_ebu128.short_term.stdev": 0.41530805826187134, "lowlevel.melbands_crest.mean": 17.403297424316406, "lowlevel.melbands_crest.stdev": 4.677833557128906, "lowlevel.melbands_flatness_db.mean": 0.3503998816013336, "lowlevel.melbands_flatness_db.stdev": 0.09747369587421417, "lowlevel.melbands_kurtosis.mean": 47.40806198120117, "lowlevel.melbands_kurtosis.stdev": 52.45684814453125, "lowlevel.melbands_skewness.mean": 4.191821098327637, "lowlevel.melbands_skewness.stdev": 2.6448330879211426, "lowlevel.melbands_spread.mean": 6.2628607749938965, "lowlevel.melbands_spread.stdev": 7.717465877532959, "lowlevel.pitch_salience.mean": 0.5011297464370728, "lowlevel.pitch_salience.stdev": 0.11561205983161926, "lowlevel.silence_rate_20dB.mean": 1.0, "lowlevel.silence_rate_20dB.stdev": 0.0, "lowlevel.silence_rate_30dB.mean": 0.9173441529273987, "lowlevel.silence_rate_30dB.stdev": 0.27535882592201233, "lowlevel.silence_rate_60dB.mean": 0.05081300809979439, "lowlevel.silence_rate_60dB.stdev": 0.2196146547794342, "lowlevel.spectral_centroid.mean": 522.4273071289062, "lowlevel.spectral_centroid.stdev": 427.0213623046875, "lowlevel.spectral_complexity.mean": 7.687669277191162, "lowlevel.spectral_complexity.stdev": 5.338466644287109, "lowlevel.spectral_decrease.mean": -9.877274109726386e-09, "lowlevel.spectral_decrease.stdev": 1.1045372616536042e-08, "lowlevel.spectral_energy.mean": 0.03823905438184738, "lowlevel.spectral_energy.stdev": 0.04231656342744827, "lowlevel.spectral_energyband_high.mean": 0.0002573053352534771, "lowlevel.spectral_energyband_high.stdev": 0.000511866994202137, "lowlevel.spectral_energyband_low.mean": 0.019988883286714554, "lowlevel.spectral_energyband_low.stdev": 0.034108053892850876, "lowlevel.spectral_energyband_middle_high.mean": 0.0015199141344055533, "lowlevel.spectral_energyband_middle_high.stdev": 0.003966040909290314, "lowlevel.spectral_energyband_middle_low.mean": 0.019375942647457123, "lowlevel.spectral_energyband_middle_low.stdev": 0.02519824728369713, "lowlevel.spectral_entropy.mean": 6.597521781921387, "lowlevel.spectral_entropy.stdev": 0.8332997560501099, "lowlevel.spectral_flux.mean": 0.08624085783958435, "lowlevel.spectral_flux.stdev": 0.08718673884868622, "lowlevel.spectral_kurtosis.mean": 10.341422080993652, "lowlevel.spectral_kurtosis.stdev": 12.067167282104492, "lowlevel.spectral_rms.mean": 0.0054519809782505035, "lowlevel.spectral_rms.stdev": 0.0027536002453416586, "lowlevel.spectral_rolloff.mean": 461.6209716796875, "lowlevel.spectral_rolloff.stdev": 724.270751953125, "lowlevel.spectral_skewness.mean": 2.3745062351226807, "lowlevel.spectral_skewness.stdev": 1.2837575674057007, "lowlevel.spectral_spread.mean": 4520264.5, "lowlevel.spectral_spread.stdev": 2067972.75, "lowlevel.spectral_strongpeak.mean": 0.8023438453674316, "lowlevel.spectral_strongpeak.stdev": 0.6394593715667725, "lowlevel.zerocrossingrate.mean": 0.02713434398174286, "lowlevel.zerocrossingrate.stdev": 0.02310500107705593, "metadata.audio_properties.analysis.equal_loudness": 0.0, "metadata.audio_properties.analysis.length": 34.2399787902832, "metadata.audio_properties.analysis.sample_rate": 44100.0, "metadata.audio_properties.analysis.start_time": 0.0, "metadata.audio_properties.bit_rate": 118711.0, "metadata.audio_properties.length": 34.2400016784668, "metadata.audio_properties.lossless": 0.0, "metadata.audio_properties.number_channels": 1.0, "metadata.audio_properties.replay_gain": -12.601905822753906, "metadata.audio_properties.sample_rate": 48000.0, "rhythm.beats_count": 61.0, "rhythm.beats_loudness.mean": 0.059463080018758774, "rhythm.beats_loudness.stdev": 0.02838076278567314, "rhythm.bpm": 107.3792495727539, "rhythm.bpm_histogram_first_peak_bpm": 108.0, "rhythm.bpm_histogram_first_peak_weight": 0.2666666507720947, "rhythm.bpm_histogram_second_peak_bpm": 0.0, "rhythm.bpm_histogram_second_peak_spread": 0.0, "rhythm.bpm_histogram_second_peak_weight": 0.0, "rhythm.danceability": 1.7424284219741821, "rhythm.onset_rate": 4.903528213500977, "tonal.chords_changes_rate": 0.05277401953935623, "tonal.chords_number_rate": 0.009472260251641273, "tonal.chords_strength.mean": 0.4692939817905426, "tonal.chords_strength.stdev": 0.10029389709234238, "tonal.hpcp_crest.mean": 14.898845672607422, "tonal.hpcp_crest.stdev": 6.754227638244629, "tonal.hpcp_entropy.mean": 1.8334052562713623, "tonal.hpcp_entropy.stdev": 0.7048052549362183, "tonal.key_edma.strength": 0.7975863218307495, "tonal.key_krumhansl.strength": 0.7919741272926331, "tonal.key_temperley.strength": 0.785406231880188, "tonal.tuning_diatonic_strength": 0.4994509518146515, "tonal.tuning_equal_tempered_deviation": 0.060499828308820724, "tonal.tuning_frequency": 441.0177917480469, "tonal.tuning_nontempered_energy_ratio": 0.6789264678955078, "lowlevel.barkbands.mean": [0.00022127630654722452, 0.010891339741647243, 0.0060356310568749905, 0.0054271891713142395, 0.0083882175385952, 0.0028457785956561565, 0.0013213931815698743, 0.0006383126601576805, 0.0006311669712886214, 0.0004979234072379768, 0.00010027968528447673, 0.00022522681683767587, 0.00017169493366964161, 0.00016023321950342506, 0.00011704638745868579, 7.411699334625155e-05, 6.75405899528414e-05, 7.277617260115221e-05, 5.962252544122748e-05, 6.26153196208179e-05, 5.373836756916717e-05, 6.0272086557233706e-05, 4.046111280331388e-05, 4.134561459068209e-05, 2.831575693562627e-05, 5.4842162171553355e-06, 8.460391143216839e-08], "lowlevel.barkbands.stdev": [0.0009032085072249174, 0.030020814388990402, 0.006759561598300934, 0.009270983748137951, 0.016000699251890182, 0.0038097549695521593, 0.0045668017119169235, 0.002362119499593973, 0.002323796506971121, 0.0026761170011013746, 0.0005071748164482415, 0.000843603746034205, 0.0008324183290824294, 0.0005716031882911921, 0.00037589154089801013, 0.00022790327784605324, 0.00020069080346729606, 0.00017479727102909237, 0.0001776628487277776, 0.0001978680957108736, 0.000135165304527618, 0.00012346233415883034, 8.486591832479462e-05, 0.00012106871145078912, 7.467282557627186e-05, 9.7124420790351e-06, 3.6614429177461716e-07], "lowlevel.erbbands.mean": [0.22648611664772034, 2.744490385055542, 7.530536651611328, 13.446708679199219, 33.009010314941406, 19.019512176513672, 12.900668144226074, 26.578014373779297, 27.441972732543945, 10.807340621948242, 16.19123649597168, 14.938508033752441, 12.44290828704834, 14.39860725402832, 6.070353984832764, 8.128660202026367, 8.374748229980469, 8.27743148803711, 7.039328575134277, 4.6929707527160645, 4.211721420288086, 3.9178049564361572, 4.372204780578613, 2.7879750728607178, 3.4229161739349365, 2.934642791748047, 2.377680778503418, 1.9698379039764404, 2.226748466491699, 1.6388205289840698, 1.0900869369506836, 0.8070539236068726, 0.7396912574768066, 0.4283410906791687, 0.13560666143894196, 0.0391407236456871, 0.006825554184615612, 0.0006667734705843031, 3.5018652852158993e-05, 4.355451892479323e-05], "lowlevel.erbbands.stdev": [0.8054370880126953, 6.890326499938965, 9.513249397277832, 18.674501419067383, 72.47821044921875, 28.648834228515625, 17.47026252746582, 39.25117111206055, 69.5070571899414, 31.613073348999023, 57.43419647216797, 56.357948303222656, 63.47654342651367, 80.38623046875, 19.587799072265625, 30.70808219909668, 41.200374603271484, 29.236644744873047, 22.487287521362305, 13.264646530151367, 12.996216773986816, 10.434611320495605, 10.957626342773438, 6.156317710876465, 11.829023361206055, 9.140892028808594, 7.190089702606201, 4.283265590667725, 4.630722522735596, 3.250152111053467, 2.382462739944458, 2.2585666179656982, 2.223799705505371, 1.2524429559707642, 0.29938989877700806, 0.06967348605394363, 0.012854774482548237, 0.0015591020928695798, 4.6641609515063465e-05, 4.659013211494312e-05], "lowlevel.gfcc.mean": [-78.91290283203125, 120.28485870361328, -66.79745483398438, 47.40639114379883, -59.74821090698242, 7.559831619262695, -49.25143814086914, -8.838010787963867, -32.707916259765625, -1.7281391620635986, -10.866304397583008, -2.6172714233398438, -8.630149841308594], "lowlevel.melbands.mean": [0.002573782578110695, 0.003859140444546938, 0.002883017295971513, 0.002032721182331443, 0.00042814764310605824, 0.0005737468018196523, 0.0004068526322953403, 0.000117359115392901, 0.00013401519390754402, 8.667064685141668e-05, 6.162583304103464e-05, 6.182255310704932e-05, 1.5568182789138518e-05, 2.90500665869331e-05, 1.7961476260097697e-05, 1.5025250831968151e-05, 1.561387580295559e-05, 1.1324530532874633e-05, 7.819850907253567e-06, 5.070661700301571e-06, 4.797273959411541e-06, 3.69613758266496e-06, 4.78330457553966e-06, 3.0699584385729395e-06, 2.1142373043403495e-06, 2.322780346730724e-06, 2.574533937149681e-06, 1.7711847704049433e-06, 1.4651942592536216e-06, 1.3128380942362128e-06, 1.0885515848713112e-06, 1.2968848750460893e-06, 1.1160650501551572e-06, 8.27858116281277e-07, 6.393888156708272e-07, 5.322242486727191e-07, 4.798180270881858e-07, 5.33678132796922e-07, 4.6593032720920746e-07, 3.2438444463878113e-07], "lowlevel.melbands.stdev": [0.007968715392053127, 0.005784598644822836, 0.004317114595323801, 0.003942464012652636, 0.000523387105204165, 0.0008309115655720234, 0.0010407207300886512, 0.00034914459683932364, 0.00046748470049351454, 0.00032025191467255354, 0.00032620856654830277, 0.0003564543148968369, 5.137068365002051e-05, 0.00011422140232753009, 7.856576121412218e-05, 6.609678530367091e-05, 5.810310540255159e-05, 3.865166945615783e-05, 2.3655769837205298e-05, 1.4635645129601471e-05, 1.5633597286068834e-05, 1.0319101420463994e-05, 1.3585839951701928e-05, 7.29398607290932e-06, 4.854520284425234e-06, 7.867424756113905e-06, 9.199229680234566e-06, 5.62252080271719e-06, 5.126266842125915e-06, 3.169532192259794e-06, 2.375459416725789e-06, 2.770283799691242e-06, 2.3423972379532643e-06, 1.678095600254892e-06, 1.3873391253582668e-06, 1.3179657116779708e-06, 1.4969554058552603e-06, 1.6404602547481772e-06, 1.4522985338771832e-06, 9.317947728959552e-07], "lowlevel.melbands128.mean": [0.00019112764857709408, 0.0013657145900651813, 0.0035663999151438475, 0.004899689462035894, 0.004363127984106541, 0.002609941177070141, 0.002648619469255209, 0.0026227175258100033, 0.003947639372199774, 0.0023176204413175583, 0.0006861347355879843, 0.0003773454518523067, 0.0005050399922765791, 0.0002622462925501168, 0.0005152904777787626, 0.0009130177204497159, 0.00043048837687820196, 0.0004334931436460465, 0.00019578021601773798, 5.4634601838188246e-05, 0.0001120705928769894, 0.00017554406076669693, 0.00011308847751934081, 0.00012720546510536224, 0.00012028005585307255, 4.7263045416912064e-05, 6.958411540836096e-05, 5.8145655202679336e-05, 5.3221909183776006e-05, 9.778662933968008e-05, 5.4466945584863424e-05, 1.5243162124534138e-05, 8.450356290268246e-06, 1.326058463746449e-05, 4.269234705134295e-05, 3.1323539587901905e-05, 1.2779807548213284e-05, 1.1331851055729203e-05, 2.9290897145983763e-05, 1.88708545465488e-05, 8.09364064480178e-06, 1.4414387806027662e-05, 1.9179158698534593e-05, 1.4318243302113842e-05, 1.0319149623683188e-05, 1.1690605788317043e-05, 1.1800059837696608e-05, 7.370610546786338e-06, 6.618026873184135e-06, 6.168038453324698e-06, 3.7710040032834513e-06, 5.210662948229583e-06, 6.225384822755586e-06, 3.5954049053543713e-06, 3.808194151133648e-06, 3.333308313813177e-06, 3.892392214766005e-06, 5.212835276324768e-06, 4.991843525203876e-06, 4.4316225285001565e-06, 2.7551711809792323e-06, 2.2834860828879755e-06, 2.291831151524093e-06, 1.9301178326713853e-06, 2.0746797417814378e-06, 2.2039562281861436e-06, 2.4739383661653847e-06, 2.9692216685361927e-06, 2.4502244286850328e-06, 2.373909637753968e-06, 1.7736491599862347e-06, 1.4891027149133151e-06, 1.4067868505662773e-06, 1.480290279687324e-06, 1.5211335266940296e-06, 1.4101880196903949e-06, 1.2115730214645737e-06, 9.97236384137068e-07, 1.0870481901292806e-06, 1.110840685214498e-06, 1.328542680312239e-06, 1.42952274018171e-06, 1.1486218909340096e-06, 1.1674615052470472e-06, 9.68792164712795e-07, 8.87184910425276e-07, 7.683212288611685e-07, 7.498447871512326e-07, 6.03330420290149e-07, 5.947142653894844e-07, 5.621625973617483e-07, 5.282873871692573e-07, 4.622536096121621e-07, 4.4437427959564957e-07, 5.1338321327421e-07, 5.325812821865838e-07, 5.423815991889569e-07, 5.404742182690825e-07, 4.4283677880230243e-07, 4.566617235468584e-07, 4.159238926604303e-07, 2.789311110973358e-07, 2.5560936478541407e-07, 1.9738544665415247e-07, 1.2838754059885105e-07, 1.052198044249053e-07, 1.0239546099910513e-07, 9.728784533535872e-08, 6.040828992581737e-08, 4.2442998449132574e-08, 3.3529250487163154e-08, 2.363650786207927e-08, 1.8538237611664954e-08, 1.3138335752671537e-08, 1.0305022613010806e-08, 5.938511904446386e-09, 3.024926753525392e-09, 5.319741314124826e-10, 3.8982324312986094e-11, 7.286391108529688e-12, 5.195913577865641e-12, 4.961037223388809e-12, 4.851026698393657e-12, 4.7683159504208206e-12, 4.679962580661501e-12, 4.5723555150423145e-12, 4.508770527072992e-12, 4.4808852808775335e-12], "lowlevel.melbands128.stdev": [0.0007998468936420977, 0.005492037627846003, 0.012559790164232254, 0.011514241807162762, 0.006613394245505333, 0.0027459757402539253, 0.004259346518665552, 0.005329253617674112, 0.009545434266328812, 0.004489016719162464, 0.0009841741994023323, 0.0005138810374774039, 0.0008215222624130547, 0.0005017587100155652, 0.0008652354008518159, 0.0015566055662930012, 0.0010606227442622185, 0.0017467844299972057, 0.0008907445007935166, 0.0002531053905840963, 0.0004857769818045199, 0.0007522004889324307, 0.0005937718669883907, 0.0006426720065064728, 0.0005941345589235425, 0.000224926887312904, 0.00041798403253778815, 0.0004998096264898777, 0.000445403071353212, 0.0006568747339770198, 0.0003678750363178551, 8.564459130866453e-05, 3.947355435229838e-05, 5.692428021575324e-05, 0.00018143508350476623, 0.00016630666505079716, 7.71414051996544e-05, 5.969129779259674e-05, 0.00017899504746310413, 0.0001353754341835156, 5.177185084903613e-05, 6.925262277945876e-05, 9.256314660888165e-05, 6.379287515301257e-05, 5.586469342233613e-05, 5.166802657186054e-05, 5.793485252070241e-05, 2.8606724299606867e-05, 2.7307512937113643e-05, 2.288578252773732e-05, 1.1246752364968415e-05, 2.2951391656533815e-05, 2.5994813768193126e-05, 1.2373074241622817e-05, 1.1746627023967449e-05, 1.1262927728239447e-05, 1.2551608961075544e-05, 2.1962752725812607e-05, 1.514179166406393e-05, 1.3903830222261604e-05, 7.1245822255150415e-06, 5.997010248393053e-06, 6.144321559986565e-06, 5.037011305830674e-06, 6.279416538745863e-06, 8.666111170896329e-06, 9.427284567209426e-06, 1.351696664642077e-05, 8.874090781318955e-06, 8.302040441776626e-06, 6.330324595182901e-06, 5.23504877492087e-06, 5.515216344065266e-06, 5.942110874457285e-06, 4.778859874932095e-06, 3.6490796446742024e-06, 3.019933956238674e-06, 2.433858071526629e-06, 2.5228412141586887e-06, 2.6027369131043088e-06, 3.1027789191284683e-06, 3.2815551094245166e-06, 2.596624653961044e-06, 2.802568133120076e-06, 2.0719041913253022e-06, 1.8994755919266026e-06, 1.745468694025476e-06, 1.6339557760147727e-06, 1.3790265711577376e-06, 1.4566994650522247e-06, 1.5905179679975845e-06, 1.3364650612857076e-06, 1.3612961993203498e-06, 1.5664249986002687e-06, 1.7151265865322785e-06, 1.769788241290371e-06, 1.6951877341853105e-06, 1.8335666709390352e-06, 1.4623772131017176e-06, 1.5089403859747108e-06, 1.4351056734085432e-06, 7.430601272062631e-07, 6.964716590118769e-07, 5.231929094406951e-07, 3.109864792349981e-07, 2.3561364059787593e-07, 1.8594074902011926e-07, 1.9643934479063319e-07, 1.1872304384041854e-07, 9.027978364883893e-08, 7.238691779321016e-08, 5.248244150379833e-08, 4.504563833052089e-08, 3.247008351081604e-08, 2.368955698273112e-08, 1.7971784060932805e-08, 1.2295378937210444e-08, 5.296442395774648e-09, 5.679345327358476e-10, 5.7546519632856175e-11, 8.536891679677971e-12, 7.720242847786274e-12, 7.5653858178093e-12, 7.435606817762785e-12, 7.3285899918063e-12, 7.241917135414333e-12, 7.178930193363353e-12, 7.14024585984907e-12], "lowlevel.mfcc.mean": [-735.0504760742188, 144.4107666015625, 46.741764068603516, 40.43122482299805, 14.279031753540039, 12.157234191894531, -0.6628877520561218, -7.325807094573975, -12.313421249389648, -11.170868873596191, -4.613180160522461, -6.44129753112793, -0.5940418243408203], "lowlevel.spectral_contrast_coeffs.mean": [-0.6200146079063416, -0.6475330591201782, -0.7837045788764954, -0.8219321370124817, -0.824623167514801, -0.7890391945838928], "lowlevel.spectral_contrast_coeffs.stdev": [0.08336260914802551, 0.0850462093949318, 0.06819498538970947, 0.05420989915728569, 0.04607845097780228, 0.040042292326688766], "lowlevel.spectral_contrast_valleys.mean": [-6.743892669677734, -7.805372714996338, -8.602615356445312, -8.806526184082031, -8.687809944152832, -11.007429122924805], "lowlevel.spectral_contrast_valleys.stdev": [0.84490966796875, 0.950968861579895, 0.9107697010040283, 0.9745396375656128, 1.032303810119629, 1.0948600769042969], "rhythm.beats_loudness_band_ratio.mean": [0.7253981232643127, 0.2935808598995209, 0.07499807327985764, 0.0329931303858757, 0.019705411046743393, 0.02223028428852558], "rhythm.beats_loudness_band_ratio.stdev": [0.17096565663814545, 0.19878564774990082, 0.10368954390287399, 0.06296432763338089, 0.01821853592991829, 0.021736569702625275], "tonal.hpcp.mean": [0.16554580628871918, 0.09002340584993362, 0.017723215743899345, 0.010632047429680824, 0.008842911571264267, 0.03952872008085251, 0.07623429596424103, 0.05544491112232208, 0.02608500048518181, 0.028476493433117867, 0.038943156599998474, 0.06678154319524765, 0.1053895354270935, 0.08063419163227081, 0.12082214653491974, 0.27451851963996887, 0.19881415367126465, 0.03419063240289688, 0.014627075754106045, 0.01291013602167368, 0.02525813691318035, 0.03588968887925148, 0.027504149824380875, 0.027692707255482674, 0.03381979838013649, 0.04205697402358055, 0.14762252569198608, 0.26266026496887207, 0.19812214374542236, 0.24339015781879425, 0.3185439109802246, 0.15103793144226074, 0.03465084359049797, 0.028675448149442673, 0.03852663189172745, 0.11253156512975693], "tonal.hpcp.stdev": [0.31519395112991333, 0.1907644420862198, 0.07421237230300903, 0.07126014679670334, 0.055352382361888885, 0.10924491286277771, 0.1936260312795639, 0.15443576872348785, 0.12869460880756378, 0.1336880475282669, 0.15896795690059662, 0.19198788702487946, 0.26253974437713623, 0.2044917494058609, 0.1919853389263153, 0.38262739777565, 0.29276758432388306, 0.12654250860214233, 0.07634851336479187, 0.07156000286340714, 0.10353405773639679, 0.130502387881279, 0.11076629906892776, 0.11776646971702576, 0.1479365974664688, 0.1452288031578064, 0.24160312116146088, 0.3475278317928314, 0.2674868404865265, 0.3301553428173065, 0.42561307549476624, 0.24293290078639984, 0.13137230277061462, 0.10749875754117966, 0.13820095360279083, 0.2298942357301712], "rhythm.beats_position": [0.5224489569664001, 1.0681178569793701, 1.6253968477249146, 2.18267560005188, 2.739954710006714, 3.2972335815429688, 3.8545124530792236, 4.4117913246154785, 4.9690704345703125, 5.526349067687988, 6.095238208770752, 6.652516841888428, 7.221405982971191, 7.7670745849609375, 8.335963249206543, 8.893242835998535, 9.450521469116211, 10.007800102233887, 10.565078735351562, 11.122358322143555, 11.67963695526123, 12.248525619506836, 12.817414283752441, 13.374693870544434, 13.93197250366211, 14.477641105651855, 15.046530723571777, 15.603809356689453, 16.161088943481445, 16.718366622924805, 17.275646209716797, 17.832923889160156, 18.39020347595215, 18.94748306274414, 19.5047607421875, 20.073650360107422, 20.642539978027344, 21.199817657470703, 21.757097244262695, 22.302766799926758, 22.871654510498047, 23.42893409729004, 23.9862117767334, 24.54349136352539, 25.100770950317383, 25.658048629760742, 26.215328216552734, 26.772607803344727, 27.329885482788086, 27.887165069580078, 28.4560546875, 29.01333236694336, 29.58222198486328, 30.13949966430664, 30.696779251098633, 31.254058837890625, 31.811336517333984, 32.36861801147461, 32.92589569091797, 33.48317337036133, 34.05206298828125], "rhythm.bpm_histogram": [0.0, 0.0, 0.0, 0.0, 0.0, 0.0, 0.0, 0.0, 0.0, 0.0, 0.0, 0.0, 0.0, 0.0, 0.0, 0.0, 0.0, 0.0, 0.0, 0.0, 0.0, 0.0, 0.0, 0.0, 0.0, 0.0, 0.0, 0.0, 0.0, 0.0, 0.0, 0.0, 0.0, 0.0, 0.0, 0.0, 0.0, 0.0, 0.0, 0.0, 0.0, 0.0, 0.0, 0.0, 0.0, 0.0, 0.0, 0.0, 0.0, 0.0, 0.0, 0.0, 0.0, 0.0, 0.0, 0.0, 0.0, 0.0, 0.0, 0.0, 0.0, 0.0, 0.0, 0.0, 0.0, 0.0, 0.0, 0.0, 0.0, 0.0, 0.0, 0.0, 0.0, 0.0, 0.0, 0.0, 0.0, 0.0, 0.0, 0.0, 0.0, 0.0, 0.0, 0.0, 0.0, 0.0, 0.0, 0.0, 0.0, 0.0, 0.0, 0.0, 0.0, 0.0, 0.0, 0.0, 0.0, 0.0, 0.0, 0.0, 0.0, 0.0, 0.0, 0.0, 0.0, 0.20000000298023224, 0.0, 0.0, 0.7333333492279053, 0.0, 0.06666667014360428, 0.0, 0.0, 0.0, 0.0, 0.0, 0.0, 0.0, 0.0, 0.0, 0.0, 0.0, 0.0, 0.0, 0.0, 0.0, 0.0, 0.0, 0.0, 0.0, 0.0, 0.0, 0.0, 0.0, 0.0, 0.0, 0.0, 0.0, 0.0, 0.0, 0.0, 0.0, 0.0, 0.0, 0.0, 0.0, 0.0, 0.0, 0.0, 0.0, 0.0, 0.0, 0.0, 0.0, 0.0, 0.0, 0.0, 0.0, 0.0, 0.0, 0.0, 0.0, 0.0, 0.0, 0.0, 0.0, 0.0, 0.0, 0.0, 0.0, 0.0, 0.0, 0.0, 0.0, 0.0, 0.0, 0.0, 0.0, 0.0, 0.0, 0.0, 0.0, 0.0, 0.0, 0.0, 0.0, 0.0, 0.0, 0.0, 0.0, 0.0, 0.0, 0.0, 0.0, 0.0, 0.0, 0.0, 0.0, 0.0, 0.0, 0.0, 0.0, 0.0, 0.0, 0.0, 0.0, 0.0, 0.0, 0.0, 0.0, 0.0, 0.0, 0.0, 0.0, 0.0, 0.0, 0.0, 0.0, 0.0, 0.0, 0.0, 0.0, 0.0, 0.0, 0.0, 0.0, 0.0, 0.0, 0.0, 0.0, 0.0, 0.0, 0.0, 0.0, 0.0, 0.0, 0.0, 0.0, 0.0, 0.0, 0.0, 0.0, 0.0, 0.0, 0.0, 0.0, 0.0, 0.0, 0.0, 0.0], "tonal.chords_histogram": [3.518267869949341, 4.194858074188232, 26.522327423095703, 56.02165222167969, 0.0, 0.0, 0.0, 0.0, 0.0, 0.0, 5.953991889953613, 0.0, 0.0, 0.0, 0.0, 0.0, 0.0, 0.0, 0.0, 0.0, 0.0, 0.0, 1.6238160133361816, 2.165087938308716], "tonal.thpcp": [1.0, 0.47415104508399963, 0.10877885669469833, 0.09002039581537247, 0.12094606459140778, 0.3532686233520508, 0.5196954011917114, 0.28260910511016846, 0.05563822016119957, 0.0333770215511322, 0.027760416269302368, 0.12409190088510513, 0.23932115733623505, 0.17405734956264496, 0.08188824355602264, 0.08939582109451294, 0.1222536489367485, 0.20964626967906952, 0.33084774017333984, 0.2531336843967438, 0.37929511070251465, 0.8617917895317078, 0.6241342425346375, 0.10733412951231003, 0.045918554067611694, 0.040528591722249985, 0.07929248362779617, 0.11266794800758362, 0.08634335547685623, 0.08693528920412064, 0.10616997629404068, 0.13202881813049316, 0.46342912316322327, 0.8245653510093689, 0.621961772441864, 0.764070987701416], "lowlevel.gfcc.cov": [[6464.04931640625, -1225.267578125, -1086.3792724609375, 234.9828643798828, -189.03875732421875, 349.64215087890625, 47.05281066894531, 683.50634765625, 183.47132873535156, 94.1135482788086, -587.2938842773438, -176.36367797851562, -303.0124816894531], [-1225.267578125, 1534.543212890625, 304.89654541015625, -588.5990600585938, 415.2971496582031, -62.32858657836914, 294.8764343261719, -74.59715270996094, 163.36776733398438, -103.6139907836914, 185.0494842529297, -64.33653259277344, 49.819305419921875], [-1086.3792724609375, 304.89654541015625, 1189.2513427734375, 377.7289123535156, 231.0104217529297, 156.2926483154297, 208.82928466796875, -62.597618103027344, 39.052276611328125, 39.25330352783203, 144.12095642089844, 45.082557678222656, 79.990478515625], [234.9828643798828, -588.5990600585938, 377.7289123535156, 884.095947265625, 48.763729095458984, 71.7584457397461, -20.862709045410156, 37.804962158203125, -9.357555389404297, 27.10777473449707, 28.274629592895508, 53.451534271240234, 67.2636947631836], [-189.03875732421875, 415.2971496582031, 231.0104217529297, 48.763729095458984, 432.80352783203125, 77.09601593017578, 166.17636108398438, 85.78363800048828, 138.78868103027344, -6.509242057800293, 37.66807174682617, 4.289004802703857, 15.357587814331055], [349.64215087890625, -62.32858657836914, 156.2926483154297, 71.7584457397461, 77.09601593017578, 320.7251281738281, 164.06613159179688, 47.8272819519043, 29.036724090576172, 44.55195999145508, -10.723809242248535, -26.574237823486328, 5.474148750305176], [47.05281066894531, 294.8764343261719, 208.82928466796875, -20.862709045410156, 166.17636108398438, 164.06613159179688, 301.8946838378906, 103.67659759521484, 60.50123596191406, 8.625389099121094, 31.237150192260742, -18.113506317138672, 5.0835771560668945], [683.50634765625, -74.59715270996094, -62.597618103027344, 37.804962158203125, 85.78363800048828, 47.8272819519043, 103.67659759521484, 252.57720947265625, 111.46022033691406, 33.774723052978516, -76.67691802978516, 0.07889300584793091, -40.46477508544922], [183.47132873535156, 163.36776733398438, 39.052276611328125, -9.357555389404297, 138.78868103027344, 29.036724090576172, 60.50123596191406, 111.46022033691406, 189.71417236328125, 45.561302185058594, -20.358552932739258, -8.199156761169434, 2.899634838104248], [94.1135482788086, -103.6139907836914, 39.25330352783203, 27.10777473449707, -6.509242057800293, 44.55195999145508, 8.625389099121094, 33.774723052978516, 45.561302185058594, 118.29035186767578, 12.21838092803955, 11.67909049987793, 0.7516617178916931], [-587.2938842773438, 185.0494842529297, 144.12095642089844, 28.274629592895508, 37.66807174682617, -10.723809242248535, 31.237150192260742, -76.67691802978516, -20.358552932739258, 12.21838092803955, 153.39112854003906, 42.49006271362305, 44.849693298339844], [-176.36367797851562, -64.33653259277344, 45.082557678222656, 53.451534271240234, 4.289004802703857, -26.574237823486328, -18.113506317138672, 0.07889300584793091, -8.199156761169434, 11.67909049987793, 42.49006271362305, 111.81918334960938, 25.26408576965332], [-303.0124816894531, 49.819305419921875, 79.990478515625, 67.2636947631836, 15.357587814331055, 5.474148750305176, 5.0835771560668945, -40.46477508544922, 2.899634838104248, 0.7516617178916931, 44.849693298339844, 25.26408576965332, 83.69259643554688]], "lowlevel.gfcc.icov": [[0.00044269210775382817, -0.0003419104032218456, 0.0004296456172596663, -0.0005436906358227134, 0.00037155242171138525, -0.0006629485869780183, 0.00018372698104940355, -0.0007231329218484461, 0.00013135933841113, -0.000362762832082808, 0.0010838288580998778, -0.00012137757585151121, 0.0009015668765641749], [-0.0003419104032218456, 0.006342221982777119, -0.0015757415676489472, 0.00461327750235796, -0.0033071241341531277, 0.0037014903500676155, -0.004158323630690575, 0.0028876522555947304, -0.004833736922591925, 0.0053300014697015285, -0.006292000412940979, 0.004010381177067757, -0.0029205726459622383], [0.0004296456172596663, -0.0015757415676489472, 0.0021227954421192408, -0.0020359887275844812, 0.0006177216419018805, -0.0012992379488423467, -0.00018300756346434355, 4.138327858527191e-05, 0.0007454623118974268, -0.001802167040295899, 0.0019155909540131688, -0.0012877677800133824, 0.0014562710421159863], [-0.0005436906358227134, 0.00461327750235796, -0.0020359887275844812, 0.005233536474406719, -0.0027113202959299088, 0.00247247819788754, -0.0016781545709818602, 0.0010555508779361844, -0.0025852371472865343, 0.003975280094891787, -0.005264244042336941, 0.002836058381944895, -0.004007963463664055], [0.00037155242171138525, -0.0033071241341531277, 0.0006177216419018805, -0.0027113202959299088, 0.005969270598143339, -0.002306153764948249, 0.0008385482942685485, -0.0017719820607453585, -0.0006512693362310529, -0.0009304279228672385, 0.0025921305641531944, -0.002390631940215826, 0.0024138197768479586], [-0.0006629485869780183, 0.0037014903500676155, -0.0012992379488423467, 0.00247247819788754, -0.002306153764948249, 0.007921588607132435, -0.0057938601821660995, 0.003505598520860076, -0.00218466529622674, 0.0007849258254282176, -0.002483136486262083, 0.0027997521683573723, -0.0028428975492715836], [0.00018372698104940355, -0.004158323630690575, -0.00018300756346434355, -0.0016781545709818602, 0.0008385482942685485, -0.0057938601821660995, 0.011465233750641346, -0.00689212791621685, 0.00445152260363102, -0.0016953604063019156, 0.0005221163737587631, -0.0006101120379753411, 0.000625902321189642], [-0.0007231329218484461, 0.0028876522555947304, 4.138327858527191e-05, 0.0010555508779361844, -0.0017719820607453585, 0.003505598520860076, -0.00689212791621685, 0.012642310932278633, -0.0063970559276640415, 0.0008264340576715767, 0.0009636817849241197, -0.0014967796159908175, 0.0015516350977122784], [0.00013135933841113, -0.004833736922591925, 0.0007454623118974268, -0.0025852371472865343, -0.0006512693362310529, -0.00218466529622674, 0.00445152260363102, -0.0063970559276640415, 0.014562733471393585, -0.007727283518761396, 0.005279554054141045, -0.0012518441071733832, -0.0012691959273070097], [-0.000362762832082808, 0.0053300014697015285, -0.001802167040295899, 0.003975280094891787, -0.0009304279228672385, 0.0007849258254282176, -0.0016953604063019156, 0.0008264340576715767, -0.007727283518761396, 0.016242925077676773, -0.008406567387282848, 0.002532258862629533, -0.0014743036590516567], [0.0010838288580998778, -0.006292000412940979, 0.0019155909540131688, -0.005264244042336941, 0.0025921305641531944, -0.002483136486262083, 0.0005221163737587631, 0.0009636817849241197, 0.005279554054141045, -0.008406567387282848, 0.019951701164245605, -0.0074598100036382675, 0.0016430735122412443], [-0.00012137757585151121, 0.004010381177067757, -0.0012877677800133824, 0.002836058381944895, -0.002390631940215826, 0.0027997521683573723, -0.0006101120379753411, -0.0014967796159908175, -0.0012518441071733832, 0.002532258862629533, -0.0074598100036382675, 0.014407908543944359, -0.0046373410150408745], [0.0009015668765641749, -0.0029205726459622383, 0.0014562710421159863, -0.004007963463664055, 0.0024138197768479586, -0.0028428975492715836, 0.000625902321189642, 0.0015516350977122784, -0.0012691959273070097, -0.0014743036590516567, 0.0016430735122412443, -0.0046373410150408745, 0.019812284037470818]], "lowlevel.mfcc.cov": [[7131.60205078125, -1685.2606201171875, -1031.8958740234375, -286.71533203125, -195.29946899414062, -228.72906494140625, -199.82373046875, 289.44586181640625, 530.4611206054688, 366.392333984375, 318.77734375, -71.86628723144531, -138.51499938964844], [-1685.2606201171875, 2120.65673828125, -131.75894165039062, -356.2074279785156, 34.22478485107422, -12.039704322814941, 123.59331512451172, 109.53823852539062, 32.221866607666016, 40.67679977416992, 137.68922424316406, 13.610738754272461, 97.94792175292969], [-1031.8958740234375, -131.75894165039062, 948.163818359375, 325.14453125, 116.42282104492188, 251.8114776611328, 172.52500915527344, -2.528667449951172, -6.4179463386535645, -14.065149307250977, -63.64653015136719, 105.59138488769531, 31.414764404296875], [-286.71533203125, -356.2074279785156, 325.14453125, 598.8247680664062, 209.94784545898438, 54.32816696166992, 43.084617614746094, 50.51206588745117, 13.1563720703125, -24.61551284790039, -45.985565185546875, 62.72827911376953, 32.38645553588867], [-195.29946899414062, 34.22478485107422, 116.42282104492188, 209.94784545898438, 279.9446716308594, 94.22256469726562, 16.405166625976562, 58.3444709777832, 57.64388656616211, 36.5153694152832, 6.618411064147949, 49.573638916015625, 23.77903938293457], [-228.72906494140625, -12.039704322814941, 251.8114776611328, 54.32816696166992, 94.22256469726562, 265.0726013183594, 137.10519409179688, 24.650978088378906, 34.643184661865234, 38.54901123046875, 2.9674148559570312, 39.37705612182617, 5.027154922485352], [-199.82373046875, 123.59331512451172, 172.52500915527344, 43.084617614746094, 16.405166625976562, 137.10519409179688, 250.4613494873047, 94.60372161865234, 35.596431732177734, 49.519676208496094, 27.752050399780273, 27.316781997680664, 25.737396240234375], [289.44586181640625, 109.53823852539062, -2.528667449951172, 50.51206588745117, 58.3444709777832, 24.650978088378906, 94.60372161865234, 204.75108337402344, 125.08043670654297, 47.415809631347656, 69.76004791259766, 39.159095764160156, 22.48480987548828], [530.4611206054688, 32.221866607666016, -6.4179463386535645, 13.1563720703125, 57.64388656616211, 34.643184661865234, 35.596431732177734, 125.08043670654297, 243.079833984375, 119.13986206054688, 100.0764389038086, 33.23221969604492, 30.839353561401367], [366.392333984375, 40.67679977416992, -14.065149307250977, -24.61551284790039, 36.5153694152832, 38.54901123046875, 49.519676208496094, 47.415809631347656, 119.13986206054688, 162.87503051757812, 76.97866821289062, 5.3559489250183105, 9.521931648254395], [318.77734375, 137.68922424316406, -63.64653015136719, -45.985565185546875, 6.618411064147949, 2.9674148559570312, 27.752050399780273, 69.76004791259766, 100.0764389038086, 76.97866821289062, 150.9064483642578, 34.464481353759766, 19.29058074951172], [-71.86628723144531, 13.610738754272461, 105.59138488769531, 62.72827911376953, 49.573638916015625, 39.37705612182617, 27.316781997680664, 39.159095764160156, 33.23221969604492, 5.3559489250183105, 34.464481353759766, 103.00614166259766, 40.90196228027344], [-138.51499938964844, 97.94792175292969, 31.414764404296875, 32.38645553588867, 23.77903938293457, 5.027154922485352, 25.737396240234375, 22.48480987548828, 30.839353561401367, 9.521931648254395, 19.29058074951172, 40.90196228027344, 93.79139709472656]], "lowlevel.mfcc.icov": [[0.00039092928636819124, 0.0003947030636481941, 0.0003187386319041252, 0.00015788279415573925, 0.00018755685596261173, 8.360403626284096e-06, 0.00020383101946208626, -0.0005183561588637531, -0.00037966022500768304, -0.0004467387334443629, -0.0003662157687358558, 1.0159011253563222e-05, 0.000265282898908481], [0.0003947030636481941, 0.0010973731987178326, 0.00018017266120295972, 0.0008772408473305404, -0.0005361523944884539, 0.0004244212759658694, -0.0002581580192781985, -0.0007488726987503469, -6.469927757279947e-05, -0.00016887986566871405, -0.0009852659422904253, 0.0004202470590826124, -0.0005050040781497955], [0.0003187386319041252, 0.00018017266120295972, 0.0023341046180576086, -0.0009512223186902702, 0.0007810473907738924, -0.0014263882767409086, -0.0005061740521341562, 0.000433040433563292, -0.0007206498412415385, -0.0002867425500880927, 0.0006774240755476058, -0.0016971653094515204, 0.0006096189026720822], [0.00015788279415573925, 0.0008772408473305404, -0.0009512223186902702, 0.003809492103755474, -0.002901635365560651, 0.0017284267814829946, -0.0008675375138409436, -0.0007091044681146741, 6.724428203597199e-06, 0.0007154343766160309, -0.00010768438369268551, 0.00018388872558716685, -0.000761592760682106], [0.00018755685596261173, -0.0005361523944884539, 0.0007810473907738924, -0.002901635365560651, 0.007584832143038511, -0.0035460018552839756, 0.0030527818016707897, -0.001960417488589883, -2.3345903173321858e-05, -0.002373667899519205, 0.0011728666722774506, -0.001508872490376234, 0.00014201084559317678], [8.360403626284096e-06, 0.0004244212759658694, -0.0014263882767409086, 0.0017284267814829946, -0.0035460018552839756, 0.008522498421370983, -0.004740358330309391, 0.0022017580922693014, -0.001324244192801416, 0.0004973581526428461, 1.8201015336671844e-05, -0.0009580643381923437, 0.0014642333844676614], [0.00020383101946208626, -0.0002581580192781985, -0.0005061740521341562, -0.0008675375138409436, 0.0030527818016707897, -0.004740358330309391, 0.00964379496872425, -0.005639170296490192, 0.00282405992038548, -0.003392271464690566, -5.306563252815977e-05, 0.0011743745999410748, -0.0018600478069856763], [-0.0005183561588637531, -0.0007488726987503469, 0.000433040433563292, -0.0007091044681146741, -0.001960417488589883, 0.0022017580922693014, -0.005639170296490192, 0.011972491629421711, -0.005281113088130951, 0.0036443627905100584, -0.0007959190988913178, -0.002089220564812422, 0.001613903441466391], [-0.00037966022500768304, -6.469927757279947e-05, -0.0007206498412415385, 6.724428203597199e-06, -2.3345903173321858e-05, -0.001324244192801416, 0.00282405992038548, -0.005281113088130951, 0.011036799289286137, -0.005200091749429703, -0.0019730650819838047, 0.0006892863311804831, -0.002681924495846033], [-0.0004467387334443629, -0.00016887986566871405, -0.0002867425500880927, 0.0007154343766160309, -0.002373667899519205, 0.0004973581526428461, -0.003392271464690566, 0.0036443627905100584, -0.005200091749429703, 0.013020282611250877, -0.0034732443746179342, 0.002129996893927455, 0.00017140957061201334], [-0.0003662157687358558, -0.0009852659422904253, 0.0006774240755476058, -0.00010768438369268551, 0.0011728666722774506, 1.8201015336671844e-05, -5.306563252815977e-05, -0.0007959190988913178, -0.0019730650819838047, -0.0034732443746179342, 0.012969925068318844, -0.004778807982802391, 0.0006231996230781078], [1.0159011253563222e-05, 0.0004202470590826124, -0.0016971653094515204, 0.00018388872558716685, -0.001508872490376234, -0.0009580643381923437, 0.0011743745999410748, -0.002089220564812422, 0.0006892863311804831, 0.002129996893927455, -0.004778807982802391, 0.01649506203830242, -0.005959838628768921], [0.000265282898908481, -0.0005050040781497955, 0.0006096189026720822, -0.000761592760682106, 0.00014201084559317678, 0.0014642333844676614, -0.0018600478069856763, 0.001613903441466391, -0.002681924495846033, 0.00017140957061201334, 0.0006231996230781078, -0.005959838628768921, 0.014984258450567722]], "metadata.audio_properties.analysis.downmix": "mix", "metadata.audio_properties.codec": "mp3", "metadata.audio_properties.md5_encoded": "324816eb61cfb043694f9cf3dd2fa52b", "metadata.tags.file_name": "1183698935697649714.mp3", "metadata.version.essentia": "2.1-beta6-dev", "metadata.version.essentia_git_sha": "v2.1_beta5-1110-g77a6a954", "metadata.version.extractor": "music 2.0", "tonal.chords_key": "F#", "tonal.chords_scale": "minor", "tonal.key_edma.key": "G", "tonal.key_edma.scale": "major", "tonal.key_krumhansl.key": "G", "tonal.key_krumhansl.scale": "major", "tonal.key_temperley.key": "G", "tonal.key_temperley.scale": "major", "metadata.tags.encoding": ["Lavf58.45.100"]}, "essentia_models": [{"model_name": "genre_dortmund", "activations": {"alternative"