{"song_id": "1183708241914499102", "download": "https://cdn.discordapp.com/attachments/1128313332273782784/1183708241914499102/chirp.mp4?ex=65895135&amp", "lyrics": "\u0421 \u0414\u043d\u0451\u043c \u0420\u043e\u0436\u0434\u0435\u043d\u0438\u044f \u0442\u0435\u0431\u044f \u041d\u0430\u0434\u044f!\n\u041f\u0443\u0441\u0442\u044c \u0440\u0430\u0434\u043e\u0441\u0442\u044c \u0432\u0441\u0435\u0433\u0434\u0430 \u043f\u043e\u0431\u0435\u0436\u0434\u0430\u0435\u0442 \u0433\u0440\u0443\u0441\u0442\u044c,\n\u041f\u043b\u044b\u0432\u0438 \u043f\u043e \u0436\u0438\u0437\u043d\u0438 \u043d\u0430\u0437\u0430\u0434 \u043d\u0435 \u0433\u043b\u044f\u0434\u044f, \n\u0418 \u043f\u0430\u0440\u0443\u0441 \u0442\u0432\u043e\u0439 \u0440\u0430\u0437\u0432\u0438\u0432\u0430\u0435\u0442\u0441\u044f \u043f\u0443\u0441\u0442\u044c!  (\u041f\u0443\u0443\u0443\u0441\u0442\u044c)\n\u041f\u0443\u0441\u0442\u044c \u0431\u0443\u0434\u0443\u0442 \u0441\u0447\u0430\u0441\u0442\u044c\u044f \u0448\u0438\u0440\u043e\u043a\u0438\u0435 \u0440\u0435\u043a\u0438, \n\u0418 \u0432\u043e\u043b\u043d\u044b \u043b\u044e\u0431\u0432\u0438 \u0443 \u043c\u043e\u0440\u0441\u043a\u0438\u0445 \u0431\u0435\u0440\u0435\u0433\u043e\u0432,\n\u0412\u043f\u0435\u0440\u0451\u0434 \u043f\u043e\u043d\u0435\u0441\u0451\u0442 \u0432\u043e\u0434\u043e\u043f\u0430\u0434 \u0442\u0435\u0431\u044f \u043d\u0435\u043a\u0438\u0439\n\u0421\u043a\u0432\u043e\u0437\u044c \u0434\u0436\u0443\u043d\u0433\u043b\u0438 \u0441\u0430\u043c\u044b\u0445 \u043f\u0440\u0435\u043a\u0440\u0430\u0441\u043d\u044b\u0445 \u0446\u0432\u0435\u0442\u043e\u0432! \n\u0421 \u0414\u043d\u0451\u043c \u0420\u043e\u0436\u0434\u0435\u043d\u0438\u044f, \u0442\u0435\u0431\u044f\u044f\u044f\u044f, \u041d\u0430\u0434\u044f\u044f\u044f!\n\u0421 \u0414\u043d\u0451\u043c \u0440\u043e\u0436\u0434\u0435\u043d\u0438\u044f, \u0442\u0435\u0431\u044f, \u0423\u0420\u0410\u0410\u0410!!!", "style": ["Psychedelic pop"], "essentia_features": {"lowlevel.average_loudness": 0.5207865238189697, "lowlevel.barkbands_crest.mean": 13.888601303100586, "lowlevel.barkbands_crest.stdev": 4.498669624328613, "lowlevel.barkbands_flatness_db.mean": 0.42798179388046265, "lowlevel.barkbands_flatness_db.stdev": 0.04903652146458626, "lowlevel.barkbands_kurtosis.mean": 3.9333505630493164, "lowlevel.barkbands_kurtosis.stdev": 5.497442722320557, "lowlevel.barkbands_skewness.mean": 0.6793411374092102, "lowlevel.barkbands_skewness.stdev": 1.21187424659729, "lowlevel.barkbands_spread.mean": 3.9357597827911377, "lowlevel.barkbands_spread.stdev": 2.2168514728546143, "lowlevel.dissonance.mean": 0.33218997716903687, "lowlevel.dissonance.stdev": 0.07205311954021454, "lowlevel.dynamic_complexity": 5.825192451477051, "lowlevel.erbbands_crest.mean": 16.242307662963867, "lowlevel.erbbands_crest.stdev": 5.898735523223877, "lowlevel.erbbands_flatness_db.mean": 0.4455763101577759, "lowlevel.erbbands_flatness_db.stdev": 0.03958803787827492, "lowlevel.erbbands_kurtosis.mean": 3.0686838626861572, "lowlevel.erbbands_kurtosis.stdev": 5.193890571594238, "lowlevel.erbbands_skewness.mean": 0.7889060378074646, "lowlevel.erbbands_skewness.stdev": 0.9136323928833008, "lowlevel.erbbands_spread.mean": 7.560371398925781, "lowlevel.erbbands_spread.stdev": 3.414015531539917, "lowlevel.hfc.mean": 8.6195707321167, "lowlevel.hfc.stdev": 11.718324661254883, "lowlevel.loudness_ebu128.integrated": -21.526479721069336, "lowlevel.loudness_ebu128.loudness_range": 13.005233764648438, "lowlevel.loudness_ebu128.momentary.mean": -24.780624389648438, "lowlevel.loudness_ebu128.momentary.stdev": 5.516207695007324, "lowlevel.loudness_ebu128.short_term.mean": -24.4689884185791, "lowlevel.loudness_ebu128.short_term.stdev": 4.97324275970459, "lowlevel.melbands_crest.mean": 16.405622482299805, "lowlevel.melbands_crest.stdev": 4.940727710723877, "lowlevel.melbands_flatness_db.mean": 0.5520566701889038, "lowlevel.melbands_flatness_db.stdev": 0.058007556945085526, "lowlevel.melbands_kurtosis.mean": 4.162752151489258, "lowlevel.melbands_kurtosis.stdev": 5.3894805908203125, "lowlevel.melbands_skewness.mean": 0.8760283589363098, "lowlevel.melbands_skewness.stdev": 1.1554301977157593, "lowlevel.melbands_spread.mean": 6.3416571617126465, "lowlevel.melbands_spread.stdev": 4.334303379058838, "lowlevel.pitch_salience.mean": 0.48458558320999146, "lowlevel.pitch_salience.stdev": 0.1165948435664177, "lowlevel.silence_rate_20dB.mean": 1.0, "lowlevel.silence_rate_20dB.stdev": 0.0, "lowlevel.silence_rate_30dB.mean": 0.9959443807601929, "lowlevel.silence_rate_30dB.stdev": 0.06355443596839905, "lowlevel.silence_rate_60dB.mean": 0.296639621257782, "lowlevel.silence_rate_60dB.stdev": 0.45677047967910767, "lowlevel.spectral_centroid.mean": 477.25006103515625, "lowlevel.spectral_centroid.stdev": 129.4740753173828, "lowlevel.spectral_complexity.mean": 8.381807327270508, "lowlevel.spectral_complexity.stdev": 4.140180587768555, "lowlevel.spectral_decrease.mean": -4.383334140101169e-09, "lowlevel.spectral_decrease.stdev": 5.1968420677894755e-09, "lowlevel.spectral_energy.mean": 0.01732553541660309, "lowlevel.spectral_energy.stdev": 0.020633501932024956, "lowlevel.spectral_energyband_high.mean": 6.608655667150742e-08, "lowlevel.spectral_energyband_high.stdev": 3.41389295499539e-07, "lowlevel.spectral_energyband_low.mean": 0.001152282697148621, "lowlevel.spectral_energyband_low.stdev": 0.002039737533777952, "lowlevel.spectral_energyband_middle_high.mean": 0.0019534246530383825, "lowlevel.spectral_energyband_middle_high.stdev": 0.007290044333785772, "lowlevel.spectral_energyband_middle_low.mean": 0.01447787694633007, "lowlevel.spectral_energyband_middle_low.stdev": 0.0172293521463871, "lowlevel.spectral_entropy.mean": 5.322395324707031, "lowlevel.spectral_entropy.stdev": 0.40576449036598206, "lowlevel.spectral_flux.mean": 0.02677813358604908, "lowlevel.spectral_flux.stdev": 0.03192590922117233, "lowlevel.spectral_kurtosis.mean": 195.33468627929688, "lowlevel.spectral_kurtosis.stdev": 91.18031311035156, "lowlevel.spectral_rms.mean": 0.0034650834277272224, "lowlevel.spectral_rms.stdev": 0.0022127253469079733, "lowlevel.spectral_rolloff.mean": 583.1062622070312, "lowlevel.spectral_rolloff.stdev": 405.2376708984375, "lowlevel.spectral_skewness.mean": 10.137458801269531, "lowlevel.spectral_skewness.stdev": 3.328423500061035, "lowlevel.spectral_spread.mean": 710006.125, "lowlevel.spectral_spread.stdev": 453487.46875, "lowlevel.spectral_strongpeak.mean": 1.3962795734405518, "lowlevel.spectral_strongpeak.stdev": 1.3316985368728638, "lowlevel.zerocrossingrate.mean": 0.022594181820750237, "lowlevel.zerocrossingrate.stdev": 0.015613771043717861, "metadata.audio_properties.analysis.equal_loudness": 0.0, "metadata.audio_properties.analysis.length": 40.04265213012695, "metadata.audio_properties.analysis.sample_rate": 44100.0, "metadata.audio_properties.analysis.start_time": 0.0, "metadata.audio_properties.bit_rate": 82414.0, "metadata.audio_properties.length": 40.042667388916016, "metadata.audio_properties.lossless": 0.0, "metadata.audio_properties.number_channels": 1.0, "metadata.audio_properties.replay_gain": -7.431196212768555, "metadata.audio_properties.sample_rate": 48000.0, "rhythm.beats_count": 87.0, "rhythm.beats_loudness.mean": 0.0279182568192482, "rhythm.beats_loudness.stdev": 0.02740960381925106, "rhythm.bpm": 141.92764282226562, "rhythm.bpm_histogram_first_peak_bpm": 144.0, "rhythm.bpm_histogram_first_peak_weight": 0.4193548560142517, "rhythm.bpm_histogram_second_peak_bpm": 123.0, "rhythm.bpm_histogram_second_peak_spread": 0.46875, "rhythm.bpm_histogram_second_peak_weight": 0.19767442345619202, "rhythm.danceability": 1.0133156776428223, "rhythm.onset_rate": 3.9446332454681396, "tonal.chords_changes_rate": 0.0520833320915699, "tonal.chords_number_rate": 0.015046296641230583, "tonal.chords_strength.mean": 0.46195539832115173, "tonal.chords_strength.stdev": 0.10173043608665466, "tonal.hpcp_crest.mean": 21.57924461364746, "tonal.hpcp_crest.stdev": 8.418798446655273, "tonal.hpcp_entropy.mean": 1.0854027271270752, "tonal.hpcp_entropy.stdev": 0.5841731429100037, "tonal.key_edma.strength": 0.5783936381340027, "tonal.key_krumhansl.strength": 0.5950347781181335, "tonal.key_temperley.strength": 0.6114487648010254, "tonal.tuning_diatonic_strength": 0.3746090829372406, "tonal.tuning_equal_tempered_deviation": 0.014349197968840599, "tonal.tuning_frequency": 440.5086364746094, "tonal.tuning_nontempered_energy_ratio": 0.5842348337173462, "lowlevel.barkbands.mean": [1.903507836686913e-06, 0.0003756484074983746, 0.0006599922780878842, 0.00024817700614221394, 0.00120673724450171, 0.004420460667461157, 0.0030036214739084244, 0.0029133684001863003, 0.0024111089296638966, 0.0011545226443558931, 0.00043271909817121923, 0.00022008286032360047, 9.114628483075649e-05, 8.243530464824289e-05, 4.0451839595334604e-05, 4.200288822175935e-05, 1.73149564943742e-05, 2.225817070211633e-06, 1.4281138192018261e-06, 1.758161403131453e-07, 1.1991827086887952e-08, 1.3471955773169952e-09, 7.332157103689951e-10, 7.050350303572372e-10, 6.660348383924486e-10, 6.729365398250309e-10, 7.016275338500577e-10], "lowlevel.barkbands.stdev": [3.3236976832995424e-06, 0.000680117926094681, 0.0014569591730833054, 0.0005354477907530963, 0.002750194864347577, 0.007441028021275997, 0.007674929685890675, 0.005766495130956173, 0.0064613102003932, 0.007120047230273485, 0.0008719424367882311, 0.000389413587981835, 0.00023225016775541008, 0.00015532708493992686, 0.00010381977335782722, 0.00011211528180865571, 5.4112413636175916e-05, 9.010344001580961e-06, 5.0356084102531895e-06, 7.512726369895972e-07, 6.811821862129364e-08, 3.93571175649754e-09, 1.9213837187948e-09, 2.1328756538707694e-09, 1.5158163613193665e-09, 1.6555213866453755e-09, 1.35021738234542e-09], "lowlevel.erbbands.mean": [0.0030828947201371193, 0.11731472611427307, 0.7009462118148804, 0.8030898571014404, 1.5199860334396362, 4.632086277008057, 18.125572204589844, 41.591148376464844, 54.14024353027344, 40.61371612548828, 67.26356506347656, 55.23966979980469, 35.7929801940918, 20.709630966186523, 17.703493118286133, 10.253622055053711, 5.093135356903076, 4.524899959564209, 2.726022243499756, 2.238990306854248, 1.7216469049453735, 1.0613740682601929, 0.3175596296787262, 0.11498037725687027, 0.021268974989652634, 0.00562379090115428, 0.002093004062771797, 0.0004801251052413136, 9.82759302132763e-05, 3.939738235203549e-05, 3.0957689887145534e-05, 2.640474122017622e-05, 2.2374426407623105e-05, 1.860944030340761e-05, 1.5055145922815427e-05, 1.121893001254648e-05, 6.5305694079142995e-06, 1.5185806887529907e-06, 8.406356755585875e-06, 1.9539114873623475e-05], "lowlevel.erbbands.stdev": [0.007052556145936251, 0.21124167740345, 1.4464589357376099, 1.7513391971588135, 3.1642868518829346, 12.246015548706055, 35.230857849121094, 75.05642700195312, 133.1788787841797, 88.34046936035156, 150.94049072265625, 132.76634216308594, 170.37332153320312, 96.20097351074219, 40.60121536254883, 17.874330520629883, 10.734105110168457, 8.01146411895752, 5.568575859069824, 4.749637126922607, 4.194936752319336, 3.608663558959961, 0.8894801139831543, 0.3777616620063782, 0.07010312378406525, 0.02345534786581993, 0.010758909396827221, 0.0033231053967028856, 0.0004340583400335163, 8.237515430664644e-05, 6.171924906084314e-05, 5.297517418512143e-05, 3.922087489627302e-05, 2.622871397761628e-05, 1.9529034034349024e-05, 1.4178458513924852e-05, 8.052941666392144e-06, 2.0829654658882646e-06, 1.009629704640247e-05, 2.339242200832814e-05], "lowlevel.gfcc.mean": [-267.1882019042969, 271.2263488769531, -104.3767318725586, -89.4177474975586, -17.49675178527832, -23.165029525756836, -35.46522903442383, -9.053954124450684, -2.8913073539733887, -13.046012878417969, -2.5076711177825928, -9.511886596679688, -1.5795783996582031], "lowlevel.melbands.mean": [6.334827048704028e-05, 0.0002908483147621155, 0.00016014253196772188, 0.0002005599089898169, 0.0005508645554073155, 0.0009607425308786333, 0.0007328135543502867, 0.0004588518640957773, 0.0005689215031452477, 0.00032636450487188995, 0.0001786391221685335, 9.687355486676097e-05, 5.037589289713651e-05, 3.2710377126932144e-05, 2.102073995047249e-05, 9.5323312052642e-06, 8.462152436550241e-06, 4.616630576492753e-06, 3.296014028819627e-06, 3.720814447660814e-06, 1.3282902955324971e-06, 1.0707179853852722e-06, 6.17314640294353e-07, 1.0756401280787031e-07, 9.994248983957732e-08, 1.2505256385964003e-08, 9.928816879778424e-09, 2.090442263735781e-09, 1.9924646377234012e-09, 2.2253515696846193e-10, 2.528994236250526e-10, 3.7191263957403464e-11, 1.912481631394236e-11, 1.3821089238363893e-11, 1.1913609855584983e-11, 1.0443142010874151e-11, 9.168196583864141e-12, 8.022992860345912e-12, 7.008959818782801e-12, 6.119769621615312e-12], "lowlevel.melbands.stdev": [0.00011457288928795606, 0.0005529983900487423, 0.00029219459975138307, 0.0004633446515072137, 0.001052238279953599, 0.0016441502375528216, 0.0017621262231841683, 0.001039715833030641, 0.0014236343558877707, 0.0008361656800843775, 0.0009452480589970946, 0.0005456423386931419, 0.00010936737089650705, 6.057306018192321e-05, 4.336333950050175e-05, 3.030047082575038e-05, 1.5878971680649556e-05, 1.0062829460366629e-05, 9.553566087561194e-06, 9.811604286369402e-06, 3.209333499398781e-06, 3.908546204911545e-06, 1.757780978550727e-06, 4.5259051262291905e-07, 3.727301987055398e-07, 4.2927460697228526e-08, 4.2619607398819426e-08, 1.0188569099511824e-08, 1.1406824818038785e-08, 8.835354670111428e-10, 2.4481707772139316e-09, 1.2624251644055562e-10, 5.4206743260731827e-11, 3.5378731194635193e-11, 3.137775109185448e-11, 3.131497144925888e-11, 2.778967507499619e-11, 2.3841643936872714e-11, 1.8970899504089367e-11, 1.35851954685684e-11], "lowlevel.melbands128.mean": [7.572693334623182e-07, 6.83325424688519e-06, 5.2737123041879386e-05, 0.00023610334028489888, 0.0003723015252035111, 0.0003001481236424297, 0.0001531775196781382, 0.00012883040471933782, 0.00014488275337498635, 0.00016970305296126753, 0.00024700822541490197, 0.0003438323037698865, 0.00060913065681234, 0.000818176195025444, 0.0010082862572744489, 0.0008685856009833515, 0.001274007256142795, 0.0005954303778707981, 0.0002769603452179581, 0.00041632086504250765, 0.0006137596792541444, 0.00036723114317283034, 0.000747178157325834, 0.0005445894203148782, 0.0002789819845929742, 0.000365795218385756, 5.0727237976389006e-05, 0.00016381686145905405, 0.0003045194025617093, 9.635039896238595e-05, 4.8491692723473534e-05, 2.8592883609235287e-05, 2.5609959266148508e-05, 0.00011591232032515109, 1.4211145753506571e-05, 1.962487840501126e-05, 2.976206087623723e-05, 3.235942858736962e-05, 5.0019398258882575e-06, 6.8720951276191045e-06, 1.5334853742388077e-05, 4.445847025635885e-06, 6.831748123659054e-06, 1.3074411981506273e-05, 6.176001534186071e-06, 2.7323715130478377e-06, 2.8105423552915454e-06, 4.6669510993524455e-06, 2.54152746492764e-06, 1.4184058727551019e-06, 5.279074230202241e-06, 4.993929906049743e-06, 1.0792613238663762e-06, 1.905746103147976e-07, 3.041315892460261e-07, 1.4527481653203722e-06, 1.3853497193849762e-06, 9.721334208734334e-07, 1.6069745356617204e-07, 2.7184310624761565e-07, 8.138655971379194e-08, 2.754357453227385e-08, 1.095139978701809e-07, 1.4621465993513993e-07, 1.586822051535819e-08, 7.667406265454701e-09, 1.303262209262357e-08, 8.664750694720169e-09, 1.3911874319205708e-08, 2.594898740326812e-09, 5.186219231845257e-10, 1.16955312101652e-09, 6.0300884285879874e-09, 6.078688108424046e-10, 2.38389585849319e-10, 1.569360891240379e-10, 2.891593631204614e-10, 2.203054266791682e-10, 4.0010292301495554e-10, 5.090078011860122e-11, 4.519946916747841e-11, 2.6269635772235844e-11, 2.401926574302493e-11, 1.845824187940437e-11, 1.573543378929898e-11, 1.3784605401578887e-11, 1.37083322124254e-11, 1.253838786269279e-11, 1.1947818602531246e-11, 1.1328915236474835e-11, 1.0825796856184233e-11, 1.0213272935710727e-11, 9.787836340036105e-12, 9.265877995434657e-12, 8.752637503661731e-12, 8.286087961606459e-12, 7.992485145935646e-12, 7.435322323112725e-12, 7.143875335041683e-12, 6.747625461850371e-12, 6.35698872014645e-12, 6.046301046641611e-12, 5.785079013054251e-12, 5.538377916003423e-12, 5.302858846478742e-12, 5.085651084285603e-12, 4.907050026731197e-12, 4.7381746963448546e-12, 4.586277538298766e-12, 4.387867239691312e-12, 4.264565697104095e-12, 4.112318992277597e-12, 3.9734001679170294e-12, 3.83077380580743e-12, 3.732048090704376e-12, 3.617712900083614e-12, 3.527066659569922e-12, 3.415828817715516e-12, 3.212246007383568e-12, 3.098355556493959e-12, 3.024201548906813e-12, 2.9654451637328716e-12, 2.918081141306539e-12, 2.8594889043415117e-12, 2.7385762928211488e-12, 2.561492901467788e-12, 2.4623580084648378e-12, 2.438092262802005e-12], "lowlevel.melbands128.stdev": [1.8355459587837686e-06, 3.444229150773026e-05, 0.00013547170965466648, 0.0004469533741939813, 0.0008011871250346303, 0.0007272456423379481, 0.0004118325305171311, 0.00031476165167987347, 0.00034966098610311747, 0.0005251612747088075, 0.0007967298151925206, 0.0010621582623571157, 0.0013945121318101883, 0.0016650028992444277, 0.002413908950984478, 0.001948620192706585, 0.0033850534819066525, 0.0018062004819512367, 0.0012732052709907293, 0.0010516453767195344, 0.0017166202887892723, 0.0009960021125152707, 0.0020935628563165665, 0.0021804706193506718, 0.0008099579135887325, 0.0012737406650558114, 0.00020266868523322046, 0.0008402866078540683, 0.0024936795234680176, 0.0005686876247636974, 0.00010757600102806464, 8.235868881456554e-05, 6.018808562657796e-05, 0.000302738044410944, 3.6232773709343746e-05, 5.1302664360264316e-05, 6.55806579743512e-05, 8.773089211899787e-05, 1.1952720342378598e-05, 2.2787266061641276e-05, 5.49497599422466e-05, 1.3801337445329409e-05, 1.4937848391127773e-05, 2.825930823746603e-05, 2.068266439891886e-05, 8.324667760462034e-06, 9.925816812028643e-06, 1.6386347851948813e-05, 9.148478056886233e-06, 5.011074790672865e-06, 1.635042099223938e-05, 1.4772605027246755e-05, 4.31496027886169e-06, 6.055265089344175e-07, 1.5121548813112895e-06, 6.022300112817902e-06, 6.147191015770659e-06, 3.7209495076240273e-06, 5.394015261117602e-07, 1.5642087873857236e-06, 3.8135343061185267e-07, 1.2998430065636057e-07, 4.5382799385151884e-07, 5.681191055373347e-07, 7.166379134559975e-08, 3.1835877933872325e-08, 9.326984695690044e-08, 4.0321847194491056e-08, 7.602347551483035e-08, 1.875496380421282e-08, 2.28751106945424e-09, 7.153523551295393e-09, 3.737922682489625e-08, 3.5193619130069465e-09, 1.4530975311899397e-09, 6.26179885721001e-10, 1.3401848519833948e-09, 1.719163589264383e-09, 4.914938678268754e-09, 1.982168318370725e-10, 1.868058763232483e-10, 9.808158452084825e-11, 7.37688937713088e-11, 5.740672520682111e-11, 4.450481649875826e-11, 3.034108728150464e-11, 4.15178030843677e-11, 2.8822000341932608e-11, 3.135657358765975e-11, 3.149889377107584e-11, 3.321767513830842e-11, 3.002807724694634e-11, 3.1971026520638546e-11, 2.7921531406405187e-11, 2.56434162099195e-11, 2.341084444357211e-11, 2.66141258337127e-11, 1.942643268471045e-11, 2.0965890482060878e-11, 1.781596745131786e-11, 1.4321143229634181e-11, 1.2922634316792081e-11, 1.2476012410667092e-11, 1.2228284357318486e-11, 1.1782612212296595e-11, 1.1394445283141597e-11, 1.15166574193859e-11, 1.1636218898158912e-11, 1.1925902973497493e-11, 1.0585071014146408e-11, 1.0523013883878551e-11, 9.723043550846633e-12, 9.859851650417806e-12, 9.295500133510437e-12, 9.401928888208566e-12, 9.005424878028023e-12, 8.70021502757945e-12, 8.441938120773429e-12, 6.1423834768481456e-12, 5.857559663008383e-12, 5.714428062686405e-12, 5.5927185625692655e-12, 5.48461536603595e-12, 5.390232964835873e-12, 5.309782995233103e-12, 5.2479158171858664e-12, 5.202149041400039e-12, 5.1741605791577605e-12], "lowlevel.mfcc.mean": [-900.5158081054688, 298.8931884765625, 0.08190513402223587, -39.23616027832031, 4.242212295532227, -9.5450439453125, -18.218429565429688, -7.90216588973999, -2.9273054599761963, -4.731247425079346, -4.357513904571533, -0.044210512191057205, 0.9387022256851196], "lowlevel.spectral_contrast_coeffs.mean": [-0.6442731618881226, -0.6314061284065247, -0.682230532169342, -0.7371595501899719, -0.7440561652183533, -0.9284970164299011], "lowlevel.spectral_contrast_coeffs.stdev": [0.09476626664400101, 0.07812947034835815, 0.06224288418889046, 0.0388684906065464, 0.06465882807970047, 0.03765598312020302], "lowlevel.spectral_contrast_valleys.mean": [-7.989737033843994, -7.369399070739746, -8.69514274597168, -10.094524383544922, -12.781253814697266, -14.75100326538086], "lowlevel.spectral_contrast_valleys.stdev": [0.9182611703872681, 1.0094431638717651, 1.0611891746520996, 1.3306552171707153, 1.276689887046814, 1.0815420150756836], "rhythm.beats_loudness_band_ratio.mean": [0.12505103647708893, 0.36553841829299927, 0.5050787925720215, 0.07496550679206848, 0.005426441319286823, 4.308802817831747e-05], "rhythm.beats_loudness_band_ratio.stdev": [0.1514965146780014, 0.2731155753135681, 0.2675401568412781, 0.12454205751419067, 0.005662025883793831, 0.00010520670184632763], "tonal.hpcp.mean": [0.06618224084377289, 0.032191041857004166, 0.07533025741577148, 0.1503421664237976, 0.07889408618211746, 0.0030421987175941467, 0.0024807059671729803, 0.002385802799835801, 0.1319097876548767, 0.25461289286613464, 0.12475837022066116, 0.012544916942715645, 0.023146983236074448, 0.013761728070676327, 0.12642820179462433, 0.2140502631664276, 0.0955410823225975, 0.10838799923658371, 0.1954905390739441, 0.09381917119026184, 0.02489450015127659, 0.046297382563352585, 0.02383696846663952, 0.1666589081287384, 0.27567243576049805, 0.11156505346298218, 0.025837037712335587, 0.04006147384643555, 0.020925983786582947, 0.181709885597229, 0.26307597756385803, 0.08936101943254471, 0.06893837451934814, 0.13517087697982788, 0.06943567097187042, 0.03681642562150955], "tonal.hpcp.stdev": [0.2080661505460739, 0.1004941314458847, 0.15743915736675262, 0.2999136447906494, 0.16489093005657196, 0.019979091361165047, 0.006771876011043787, 0.007397548761218786, 0.19706785678863525, 0.3661274015903473, 0.18938365578651428, 0.0666549801826477, 0.12460771203041077, 0.06919809430837631, 0.20678593218326569, 0.3438810408115387, 0.15738365054130554, 0.1908511221408844, 0.34630605578422546, 0.1714625209569931, 0.09718507528305054, 0.18464592099189758, 0.09417428076267242, 0.2353944182395935, 0.3845761716365814, 0.1633191853761673, 0.1116168275475502, 0.1750740259885788, 0.08537288010120392, 0.26051679253578186, 0.3638542890548706, 0.14299243688583374, 0.15433402359485626, 0.3045286536216736, 0.16252589225769043, 0.1228952407836914], "rhythm.beats_position": [0.5340589284896851, 1.0797278881072998, 1.590566873550415, 2.0897958278656006, 2.589024782180786, 3.088253974914551, 3.5758728981018066, 4.075101852416992, 4.574330806732178, 5.061950206756592, 5.549569129943848, 6.0371880531311035, 6.524806976318359, 7.012426376342773, 7.500045299530029, 7.987664222717285, 8.4752836227417, 8.962902069091797, 9.450521469116211, 9.938140869140625, 10.425759315490723, 10.913378715515137, 11.400997161865234, 11.877006530761719, 12.353015899658203, 12.8406343460083, 13.328253746032715, 13.79265308380127, 14.268661499023438, 14.744670867919922, 15.220680236816406, 15.696688652038574, 16.161088943481445, 16.625486373901367, 17.10149574279785, 17.577505111694336, 18.04190444946289, 18.517913818359375, 18.99392318725586, 19.458322525024414, 19.922719955444336, 20.38711929321289, 20.851518630981445, 21.31591796875, 21.768707275390625, 22.23310661315918, 22.685895919799805, 23.1270751953125, 23.568254470825195, 24.009431838989258, 24.439001083374023, 24.86857032775879, 25.298139572143555, 25.72770881652832, 26.145668029785156, 26.563627243041992, 26.993196487426758, 27.422765731811523, 27.86394500732422, 28.305124282836914, 28.74630355834961, 29.187482833862305, 29.628662109375, 30.046621322631836, 30.464580535888672, 30.882539749145508, 31.312108993530273, 31.74167823791504, 32.159637451171875, 32.57759475708008, 32.99555587768555, 33.42512512207031, 33.85469436645508, 34.27265167236328, 34.69061279296875, 35.10857009887695, 35.52653121948242, 35.944488525390625, 36.362449645996094, 36.79201889038086, 37.221588134765625, 37.63954544067383, 38.0575065612793, 38.49868392944336, 38.91664505004883, 39.33460235595703, 39.7641716003418], "rhythm.bpm_histogram": [0.0, 0.0, 0.0, 0.0, 0.0, 0.0, 0.0, 0.0, 0.0, 0.0, 0.0, 0.0, 0.0, 0.0, 0.0, 0.0, 0.0, 0.0, 0.0, 0.0, 0.0, 0.0, 0.0, 0.0, 0.0, 0.0, 0.0, 0.0, 0.0, 0.0, 0.0, 0.0, 0.0, 0.0, 0.0, 0.0, 0.0, 0.0, 0.0, 0.0, 0.0, 0.0, 0.0, 0.0, 0.0, 0.0, 0.0, 0.0, 0.0, 0.0, 0.0, 0.0, 0.0, 0.0, 0.0, 0.0, 0.0, 0.0, 0.0, 0.0, 0.0, 0.0, 0.0, 0.0, 0.0, 0.0, 0.0, 0.0, 0.0, 0.0, 0.0, 0.0, 0.0, 0.0, 0.0, 0.0, 0.0, 0.0, 0.0, 0.0, 0.0, 0.0, 0.0, 0.0, 0.0, 0.0, 0.0, 0.0, 0.0, 0.0, 0.0, 0.0, 0.0, 0.0, 0.0, 0.0, 0.0, 0.0, 0.0, 0.0, 0.0, 0.0, 0.0, 0.0, 0.0, 0.0, 0.0, 0.0, 0.0, 0.0, 0.011627906933426857, 0.0, 0.0, 0.0, 0.0, 0.0, 0.0, 0.011627906933426857, 0.0, 0.0, 0.058139536529779434, 0.0, 0.0, 0.19767442345619202, 0.0, 0.0, 0.11627907305955887, 0.0, 0.0, 0.11627907305955887, 0.0, 0.0, 0.0, 0.023255813866853714, 0.0, 0.0, 0.10465116053819656, 0.0, 0.0, 0.0, 0.151162788271904, 0.0, 0.0, 0.0, 0.20930232107639313, 0.0, 0.0, 0.0, 0.0, 0.0, 0.0, 0.0, 0.0, 0.0, 0.0, 0.0, 0.0, 0.0, 0.0, 0.0, 0.0, 0.0, 0.0, 0.0, 0.0, 0.0, 0.0, 0.0, 0.0, 0.0, 0.0, 0.0, 0.0, 0.0, 0.0, 0.0, 0.0, 0.0, 0.0, 0.0, 0.0, 0.0, 0.0, 0.0, 0.0, 0.0, 0.0, 0.0, 0.0, 0.0, 0.0, 0.0, 0.0, 0.0, 0.0, 0.0, 0.0, 0.0, 0.0, 0.0, 0.0, 0.0, 0.0, 0.0, 0.0, 0.0, 0.0, 0.0, 0.0, 0.0, 0.0, 0.0, 0.0, 0.0, 0.0, 0.0, 0.0, 0.0, 0.0, 0.0, 0.0, 0.0, 0.0, 0.0, 0.0, 0.0, 0.0, 0.0, 0.0, 0.0, 0.0, 0.0, 0.0, 0.0, 0.0, 0.0, 0.0, 0.0, 0.0, 0.0, 0.0, 0.0, 0.0, 0.0, 0.0, 0.0, 0.0, 0.0, 0.0, 0.0], "tonal.chords_histogram": [15.740740776062012, 4.398148059844971, 18.865739822387695, 10.185185432434082, 5.208333492279053, 7.060184955596924, 3.5879628658294678, 0.0, 0.0, 0.0, 2.1990740299224854, 1.1574074029922485, 0.0, 0.0, 0.0, 0.0, 0.0, 2.8935184478759766, 0.0, 0.0, 3.819444417953491, 0.0, 16.782407760620117, 8.101851463317871], "tonal.thpcp": [1.0, 0.4047015309333801, 0.09372369199991226, 0.1453227400779724, 0.07590886950492859, 0.6591514348983765, 0.954306423664093, 0.3241565227508545, 0.25007352232933044, 0.4903315007686615, 0.25187745690345764, 0.13355134427547455, 0.24007566273212433, 0.11677280068397522, 0.2732600271701813, 0.5453652739524841, 0.2861877977848053, 0.011035555973649025, 0.008998745121061802, 0.008654484525322914, 0.47850191593170166, 0.9236066341400146, 0.4525601863861084, 0.04550660774111748, 0.08396553248167038, 0.04992058128118515, 0.45861750841140747, 0.7764659523963928, 0.34657466411590576, 0.39317676424980164, 0.7091406583786011, 0.3403284549713135, 0.09030464291572571, 0.16794346272945404, 0.08646845072507858, 0.6045541167259216], "lowlevel.gfcc.cov": [[8829.8349609375, -300.36151123046875, -2642.804931640625, 535.5814208984375, 817.1795043945312, -1118.7796630859375, 199.96707153320312, 752.53564453125, -17.716899871826172, 75.07489776611328, 263.85882568359375, -11.53219223022461, 107.6696548461914], [-300.36151123046875, 406.4761962890625, 310.0933837890625, -30.15680694580078, 137.07391357421875, 119.14250946044922, -41.09941482543945, -66.34818267822266, 0.5691008567810059, -41.01739501953125, -16.049434661865234, -15.684536933898926, 3.1188621520996094], [-2642.804931640625, 310.0933837890625, 1259.2572021484375, -39.25131607055664, -246.39959716796875, 457.5180358886719, -46.967403411865234, -297.9601745605469, 13.753711700439453, -49.623287200927734, -144.3021240234375, -27.060131072998047, -5.326290607452393], [535.5814208984375, -30.15680694580078, -39.25131607055664, 377.49566650390625, 170.1075897216797, 8.88859748840332, 149.5749053955078, 138.48170471191406, 12.372101783752441, 36.28472900390625, 11.116544723510742, -19.123260498046875, -32.813350677490234], [817.1795043945312, 137.07391357421875, -246.39959716796875, 170.1075897216797, 333.8192138671875, -28.312652587890625, 49.16785430908203, 149.9551239013672, 37.62070846557617, 23.50716209411621, 64.4229736328125, 5.863266468048096, -23.31728172302246], [-1118.7796630859375, 119.14250946044922, 457.5180358886719, 8.88859748840332, -28.312652587890625, 311.491943359375, 60.4936637878418, -71.09680938720703, 52.745201110839844, 11.842456817626953, -50.79452896118164, -6.872390270233154, -20.72847557067871], [199.96707153320312, -41.09941482543945, -46.967403411865234, 149.5749053955078, 49.16785430908203, 60.4936637878418, 240.0228729248047, 168.16207885742188, 29.330442428588867, 41.75977325439453, -6.834640979766846, -53.791072845458984, -42.86884689331055], [752.53564453125, -66.34818267822266, -297.9601745605469, 138.48170471191406, 149.9551239013672, -71.09680938720703, 168.16207885742188, 258.5697021484375, 74.02364349365234, 49.01504135131836, 54.296058654785156, -21.34035301208496, -57.31153869628906], [-17.716899871826172, 0.5691008567810059, 13.753711700439453, 12.372101783752441, 37.62070846557617, 52.745201110839844, 29.330442428588867, 74.02364349365234, 111.6314468383789, 65.22315979003906, 35.25456237792969, 23.937644958496094, -14.410664558410645], [75.07489776611328, -41.01739501953125, -49.623287200927734, 36.28472900390625, 23.50716209411621, 11.842456817626953, 41.75977325439453, 49.01504135131836, 65.22315979003906, 100.23381042480469, 74.44342041015625, 26.411283493041992, -9.635108947753906], [263.85882568359375, -16.049434661865234, -144.3021240234375, 11.116544723510742, 64.4229736328125, -50.79452896118164, -6.834640979766846, 54.296058654785156, 35.25456237792969, 74.44342041015625, 123.78421783447266, 62.43993377685547, -14.421154975891113], [-11.53219223022461, -15.684536933898926, -27.060131072998047, -19.123260498046875, 5.863266468048096, -6.872390270233154, -53.791072845458984, -21.34035301208496, 23.937644958496094, 26.411283493041992, 62.43993377685547, 98.15127563476562, 51.88972091674805], [107.6696548461914, 3.1188621520996094, -5.326290607452393, -32.813350677490234, -23.31728172302246, -20.72847557067871, -42.86884689331055, -57.31153869628906, -14.410664558410645, -9.635108947753906, -14.421154975891113, 51.88972091674805, 108.59756469726562]], "lowlevel.gfcc.icov": [[0.0007294320384971797, -0.0005903099081479013, 0.001638718880712986, -0.0016520183999091387, 0.00033434390206821263, 0.0013729074271395802, -0.0017762159695848823, 0.0029139327816665173, -0.004583634901791811, 0.0045377775095403194, -0.0041327872313559055, 0.0036906020250171423, -0.002472429070621729], [-0.0005903099081479013, 0.013601633720099926, -0.007290524430572987, 0.006447697523981333, -0.014917072840034962, 0.007497167680412531, -0.012969122268259525, 0.015924468636512756, -0.012747940607368946, 0.015957532450556755, -0.012714637443423271, 0.0071177552454173565, -0.0020673770923167467], [0.001638718880712986, -0.007290524430572987, 0.00997142307460308, -0.008690555579960346, 0.010304898954927921, -0.005246197339147329, 0.002375650452449918, 0.0027006890159100294, -0.0087586073204875, 0.009239007718861103, -0.009465264156460762, 0.010028144344687462, -0.0063689760863780975], [-0.0016520183999091387, 0.006447697523981333, -0.008690555579960346, 0.01379221398383379, -0.012518499977886677, 0.004697767551988363, -0.0039732856675982475, -0.00366609962657094, 0.014261633157730103, -0.017871815711259842, 0.020192714408040047, -0.018480291590094566, 0.011717991903424263], [0.00033434390206821263, -0.014917072840034962, 0.010304898954927921, -0.012518499977886677, 0.02792777121067047, -0.01944919303059578, 0.025486120954155922, -0.027768472209572792, 0.015212560072541237, -0.009346771985292435, -0.0014831124572083354, 0.0068018208257853985, -0.007747631520032883], [0.0013729074271395802, 0.007497167680412531, -0.005246197339147329, 0.004697767551988363, -0.01944919303059578, 0.03361907973885536, -0.03880762681365013, 0.04441826790571213, -0.03884587436914444, 0.025387512519955635, -0.007309028413146734, -0.00426358450204134, 0.008113098330795765], [-0.0017762159695848823, -0.012969122268259525, 0.002375650452449918, -0.0039732856675982475, 0.025486120954155922, -0.03880762681365013, 0.07010810822248459, -0.08320856094360352, 0.07568200677633286, -0.06878340244293213, 0.04210588335990906, -0.012083140201866627, -0.0018181228078901768], [0.0029139327816665173, 0.015924468636512756, 0.0027006890159100294, -0.00366609962657094, -0.027768472209572792, 0.04441826790571213, -0.08320856094360352, 0.1166485995054245, -0.1124582290649414, 0.10291671752929688, -0.07289836555719376, 0.03680672496557236, -0.006150971632450819], [-0.004583634901791811, -0.012747940607368946, -0.0087586073204875, 0.014261633157730103, 0.015212560072541237, -0.03884587436914444, 0.07568200677633286, -0.1124582290649414, 0.1403573751449585, -0.13634011149406433, 0.10696496814489365, -0.06989387422800064, 0.029297782108187675], [0.0045377775095403194, 0.015957532450556755, 0.009239007718861103, -0.017871815711259842, -0.009346771985292435, 0.025387512519955635, -0.06878340244293213, 0.10291671752929688, -0.13634011149406433, 0.16791650652885437, -0.14348678290843964, 0.09319065511226654, -0.04668024554848671], [-0.0041327872313559055, -0.012714637443423271, -0.009465264156460762, 0.020192714408040047, -0.0014831124572083354, -0.007309028413146734, 0.04210588335990906, -0.07289836555719376, 0.10696496814489365, -0.14348678290843964, 0.15499617159366608, -0.11373670399188995, 0.06292726844549179], [0.0036906020250171423, 0.0071177552454173565, 0.010028144344687462, -0.018480291590094566, 0.0068018208257853985, -0.00426358450204134, -0.012083140201866627, 0.03680672496557236, -0.06989387422800064, 0.09319065511226654, -0.11373670399188995, 0.1084916889667511, -0.06160362437367439], [-0.002472429070621729, -0.0020673770923167467, -0.0063689760863780975, 0.011717991903424263, -0.007747631520032883, 0.008113098330795765, -0.0018181228078901768, -0.006150971632450819, 0.029297782108187675, -0.04668024554848671, 0.06292726844549179, -0.06160362437367439, 0.048406269401311874]], "lowlevel.mfcc.cov": [[5665.92041015625, 1705.5458984375, -3152.239501953125, 498.1426086425781, 695.8316650390625, -1059.536865234375, 26.754501342773438, 377.8390197753906, -60.81842041015625, 48.206138610839844, 131.19491577148438, 148.1632843017578, 50.891849517822266], [1705.5458984375, 745.8524780273438, -757.8513793945312, 60.68057632446289, 273.8248291015625, -229.19271850585938, -53.947845458984375, 96.90174865722656, -21.65090560913086, -9.157652854919434, 23.45712661743164, 7.258298873901367, -0.7209129333496094], [-3152.239501953125, -757.8513793945312, 2038.66796875, -203.05044555664062, -339.6449890136719, 703.135498046875, 19.783586502075195, -206.9094696044922, 68.30506896972656, -9.210319519042969, -85.60881042480469, -107.67955780029297, -55.684410095214844], [498.1426086425781, 60.68057632446289, -203.05044555664062, 324.1141357421875, 122.76708984375, -80.35388946533203, 131.50013732910156, 97.28858947753906, 40.54678726196289, 58.422569274902344, 40.53023147583008, 52.45551300048828, 12.178352355957031], [695.8316650390625, 273.8248291015625, -339.6449890136719, 122.76708984375, 281.5622253417969, -36.96934509277344, -14.208759307861328, 88.49846649169922, 9.394625663757324, -5.354198932647705, 35.48072814941406, 41.46626663208008, 40.929527282714844], [-1059.536865234375, -229.19271850585938, 703.135498046875, -80.35388946533203, -36.96934509277344, 376.80841064453125, 57.39388656616211, -67.23082733154297, 54.75888442993164, 15.757952690124512, -26.943513870239258, -22.21075439453125, 5.999910354614258], [26.754501342773438, -53.947845458984375, 19.783586502075195, 131.50013732910156, -14.208759307861328, 57.39388656616211, 190.04592895507812, 79.50126647949219, 53.99165725708008, 86.32479095458984, 48.50791549682617, 32.753787994384766, 4.763278007507324], [377.8390197753906, 96.90174865722656, -206.9094696044922, 97.28858947753906, 88.49846649169922, -67.23082733154297, 79.50126647949219, 158.37271118164062, 77.48524475097656, 50.72601318359375, 69.49105834960938, 56.864017486572266, 11.399101257324219], [-60.81842041015625, -21.65090560913086, 68.30506896972656, 40.54678726196289, 9.394625663757324, 54.75888442993164, 53.99165725708008, 77.48524475097656, 131.657470703125, 75.38782501220703, 22.06884765625, 36.46438217163086, 12.839645385742188], [48.206138610839844, -9.157652854919434, -9.210319519042969, 58.422569274902344, -5.354198932647705, 15.757952690124512, 86.32479095458984, 50.72601318359375, 75.38782501220703, 122.9388198852539, 76.31448364257812, 37.08483123779297, 22.8583984375], [131.19491577148438, 23.45712661743164, -85.60881042480469, 40.53023147583008, 35.48072814941406, -26.943513870239258, 48.50791549682617, 69.49105834960938, 22.06884765625, 76.31448364257812, 141.26736450195312, 93.4725112915039, 35.162384033203125], [148.1632843017578, 7.258298873901367, -107.67955780029297, 52.45551300048828, 41.46626663208008, -22.21075439453125, 32.753787994384766, 56.864017486572266, 36.46438217163086, 37.08483123779297, 93.4725112915039, 134.23202514648438, 91.81085968017578], [50.891849517822266, -0.7209129333496094, -55.684410095214844, 12.178352355957031, 40.929527282714844, 5.999910354614258, 4.763278007507324, 11.399101257324219, 12.839645385742188, 22.8583984375, 35.162384033203125, 91.81085968017578, 142.46910095214844]], "lowlevel.mfcc.icov": [[0.25911056995391846, -0.37273159623146057, 0.40291693806648254, -0.4327162206172943, 0.460175484418869, -0.47750017046928406, 0.46279558539390564, -0.4232087731361389, 0.3569469451904297, -0.2701237201690674, 0.18148010969161987, -0.10439859330654144, 0.03997907042503357], [-0.37273159623146057, 0.5410707592964172, -0.5855510830879211, 0.6367098093032837, -0.6853307485580444, 0.7141137719154358, -0.695274829864502, 0.638413667678833, -0.5399699211120605, 0.40808242559432983, -0.274236798286438, 0.15838207304477692, -0.059623122215270996], [0.40291693806648254, -0.5855510830879211, 0.652611255645752, -0.7220050692558289, 0.7925160527229309, -0.8433537483215332, 0.8295277953147888, -0.7674623131752014, 0.6532154083251953, -0.4956674873828888, 0.3324081301689148, -0.19109828770160675, 0.07317642122507095], [-0.4327162206172943, 0.6367098093032837, -0.7220050692558289, 0.827349841594696, -0.9253230094909668, 0.997657299041748, -0.997583270072937, 0.9287911057472229, -0.7956435084342957, 0.6039249897003174, -0.40411582589149475, 0.2318907231092453, -0.08715763688087463], [0.460175484418869, -0.6853307485580444, 0.7925160527229309, -0.9253230094909668, 1.0657131671905518, -1.1621828079223633, 1.172387719154358, -1.10653817653656, 0.9538916349411011, -0.7266847491264343, 0.4900234341621399, -0.28459128737449646, 0.10620436817407608], [-0.47750017046928406, 0.7141137719154358, -0.8433537483215332, 0.997657299041748, -1.1621828079223633, 1.2941346168518066, -1.313230037689209, 1.2488964796066284, -1.0899298191070557, 0.8385388255119324, -0.5708046555519104, 0.33764949440956116, -0.13038824498653412], [0.46279558539390564, -0.695274829864502, 0.8295277953147888, -0.997583270072937, 1.172387719154358, -1.313230037689209, 1.356394648551941, -1.294183373451233, 1.1380246877670288, -0.8880877494812012, 0.6086408495903015, -0.36513447761535645, 0.14236797392368317], [-0.4232087731361389, 0.638413667678833, -0.7674623131752014, 0.9287911057472229, -1.10653817653656, 1.2488964796066284, -1.294183373451233, 1.2637420892715454, -1.1194939613342285, 0.8761337995529175, -0.6140265464782715, 0.3719596564769745, -0.14533169567584991], [0.3569469451904297, -0.5399699211120605, 0.6532154083251953, -0.7956435084342957, 0.9538916349411011, -1.0899298191070557, 1.1380246877670288, -1.1194939613342285, 1.0227214097976685, -0.8131453394889832, 0.5798828601837158, -0.36634257435798645, 0.1477247178554535], [-0.2701237201690674, 0.40808242559432983, -0.4956674873828888, 0.6039249897003174, -0.7266847491264343, 0.8385388255119324, -0.8880877494812012, 0.8761337995529175, -0.8131453394889832, 0.6732457280158997, -0.48614346981048584, 0