{"song_id": "1183699571478638673", "download": "https://cdn.discordapp.com/attachments/1135903449314238464/1183699571478638673/chirp.mp4?ex=65894921&amp", "lyrics": "(Verse 1)\nI am Ismail Haniyeh, living in luxury,\nIn my Qatar villa, that's the life for me.\nWhile Gaza's kids hungry, and their futures fade,\nI'm dining on caviar, in my golden parade.\n\n(Chorus)\nHaniyeh, Haniyeh, let me make it clear,\nI live without guilt, have no reason to fear.\nAs Gaza's young ones starve and cry,\nI'm in opulence, under the desert sky.\n\n(Verse 2)\nI count my riches, while they count their tears,\nIn their darkest hours, I feed on their fears.\nI say I'm a leader, a guiding star,\nBut in reality, I've strayed very far.\nStyle of Music\nhip hop, rap, middle eastern", "style": ["hip hop</span><span>, rap</span><span>, middle eastern"], "essentia_features": {"lowlevel.average_loudness": 0.9684894680976868, "lowlevel.barkbands_crest.mean": 13.667326927185059, "lowlevel.barkbands_crest.stdev": 5.549792289733887, "lowlevel.barkbands_flatness_db.mean": 0.18283358216285706, "lowlevel.barkbands_flatness_db.stdev": 0.079530268907547, "lowlevel.barkbands_kurtosis.mean": 20.08258056640625, "lowlevel.barkbands_kurtosis.stdev": 54.895782470703125, "lowlevel.barkbands_skewness.mean": 2.6586573123931885, "lowlevel.barkbands_skewness.stdev": 2.754660129547119, "lowlevel.barkbands_spread.mean": 21.993534088134766, "lowlevel.barkbands_spread.stdev": 19.177392959594727, "lowlevel.dissonance.mean": 0.46233341097831726, "lowlevel.dissonance.stdev": 0.02864421159029007, "lowlevel.dynamic_complexity": 3.319810390472412, "lowlevel.erbbands_crest.mean": 9.711880683898926, "lowlevel.erbbands_crest.stdev": 4.554726600646973, "lowlevel.erbbands_flatness_db.mean": 0.1516875922679901, "lowlevel.erbbands_flatness_db.stdev": 0.04260534793138504, "lowlevel.erbbands_kurtosis.mean": 0.5686841011047363, "lowlevel.erbbands_kurtosis.stdev": 2.441385507583618, "lowlevel.erbbands_skewness.mean": 0.3451325595378876, "lowlevel.erbbands_skewness.stdev": 0.9611199498176575, "lowlevel.erbbands_spread.mean": 44.65462875366211, "lowlevel.erbbands_spread.stdev": 20.869953155517578, "lowlevel.hfc.mean": 21.15247344970703, "lowlevel.hfc.stdev": 21.065723419189453, "lowlevel.loudness_ebu128.integrated": -13.812213897705078, "lowlevel.loudness_ebu128.loudness_range": 1.349203109741211, "lowlevel.loudness_ebu128.momentary.mean": -14.549859046936035, "lowlevel.loudness_ebu128.momentary.stdev": 2.822505235671997, "lowlevel.loudness_ebu128.short_term.mean": -13.907063484191895, "lowlevel.loudness_ebu128.short_term.stdev": 0.5358116030693054, "lowlevel.melbands_crest.mean": 19.261484146118164, "lowlevel.melbands_crest.stdev": 7.05063533782959, "lowlevel.melbands_flatness_db.mean": 0.24036173522472382, "lowlevel.melbands_flatness_db.stdev": 0.10637455433607101, "lowlevel.melbands_kurtosis.mean": 40.59516906738281, "lowlevel.melbands_kurtosis.stdev": 69.1573486328125, "lowlevel.melbands_skewness.mean": 4.037023067474365, "lowlevel.melbands_skewness.stdev": 3.094287633895874, "lowlevel.melbands_spread.mean": 22.293439865112305, "lowlevel.melbands_spread.stdev": 25.878929138183594, "lowlevel.pitch_salience.mean": 0.4604141414165497, "lowlevel.pitch_salience.stdev": 0.15513189136981964, "lowlevel.silence_rate_20dB.mean": 1.0, "lowlevel.silence_rate_20dB.stdev": 0.0, "lowlevel.silence_rate_30dB.mean": 0.8600237369537354, "lowlevel.silence_rate_30dB.stdev": 0.346961110830307, "lowlevel.silence_rate_60dB.mean": 0.08066429197788239, "lowlevel.silence_rate_60dB.stdev": 0.27232006192207336, "lowlevel.spectral_centroid.mean": 1357.917236328125, "lowlevel.spectral_centroid.stdev": 860.8043212890625, "lowlevel.spectral_complexity.mean": 14.08659553527832, "lowlevel.spectral_complexity.stdev": 10.8928804397583, "lowlevel.spectral_decrease.mean": -1.1852844927773276e-08, "lowlevel.spectral_decrease.stdev": 1.3911107821229507e-08, "lowlevel.spectral_energy.mean": 0.046653930097818375, "lowlevel.spectral_energy.stdev": 0.052862875163555145, "lowlevel.spectral_energyband_high.mean": 0.0010322359157726169, "lowlevel.spectral_energyband_high.stdev": 0.0020936320070177317, "lowlevel.spectral_energyband_low.mean": 0.030150847509503365, "lowlevel.spectral_energyband_low.stdev": 0.05296367034316063, "lowlevel.spectral_energyband_middle_high.mean": 0.004141723737120628, "lowlevel.spectral_energyband_middle_high.stdev": 0.004968955181539059, "lowlevel.spectral_energyband_middle_low.mean": 0.012154757045209408, "lowlevel.spectral_energyband_middle_low.stdev": 0.012802237644791603, "lowlevel.spectral_entropy.mean": 7.55800199508667, "lowlevel.spectral_entropy.stdev": 0.5020077228546143, "lowlevel.spectral_flux.mean": 0.10517486929893494, "lowlevel.spectral_flux.stdev": 0.07766003161668777, "lowlevel.spectral_kurtosis.mean": 4.110461235046387, "lowlevel.spectral_kurtosis.stdev": 2.3725898265838623, "lowlevel.spectral_rms.mean": 0.005794900003820658, "lowlevel.spectral_rms.stdev": 0.003454734804108739, "lowlevel.spectral_rolloff.mean": 1465.5849609375, "lowlevel.spectral_rolloff.stdev": 1971.189697265625, "lowlevel.spectral_skewness.mean": 1.5529446601867676, "lowlevel.spectral_skewness.stdev": 0.4495337903499603, "lowlevel.spectral_spread.mean": 4996370.0, "lowlevel.spectral_spread.stdev": 1582485.75, "lowlevel.spectral_strongpeak.mean": 0.8301084041595459, "lowlevel.spectral_strongpeak.stdev": 0.7949661016464233, "lowlevel.zerocrossingrate.mean": 0.05854104086756706, "lowlevel.zerocrossingrate.stdev": 0.04989137127995491, "metadata.audio_properties.analysis.equal_loudness": 0.0, "metadata.audio_properties.analysis.length": 39.125328063964844, "metadata.audio_properties.analysis.sample_rate": 44100.0, "metadata.audio_properties.analysis.start_time": 0.0, "metadata.audio_properties.bit_rate": 116245.0, "metadata.audio_properties.length": 39.12533187866211, "metadata.audio_properties.lossless": 0.0, "metadata.audio_properties.number_channels": 1.0, "metadata.audio_properties.replay_gain": -12.363716125488281, "metadata.audio_properties.sample_rate": 48000.0, "rhythm.beats_count": 58.0, "rhythm.beats_loudness.mean": 0.0691014900803566, "rhythm.beats_loudness.stdev": 0.051060233265161514, "rhythm.bpm": 89.76209259033203, "rhythm.bpm_histogram_first_peak_bpm": 89.0, "rhythm.bpm_histogram_first_peak_weight": 0.403508722782135, "rhythm.bpm_histogram_second_peak_bpm": 0.0, "rhythm.bpm_histogram_second_peak_spread": 0.0, "rhythm.bpm_histogram_second_peak_weight": 0.0, "rhythm.danceability": 1.492770791053772, "rhythm.onset_rate": 4.59920072555542, "tonal.chords_changes_rate": 0.09360189735889435, "tonal.chords_number_rate": 0.010663507506251335, "tonal.chords_strength.mean": 0.559684157371521, "tonal.chords_strength.stdev": 0.0998072698712349, "tonal.hpcp_crest.mean": 12.809879302978516, "tonal.hpcp_crest.stdev": 5.880446910858154, "tonal.hpcp_entropy.mean": 2.1630756855010986, "tonal.hpcp_entropy.stdev": 0.7854229211807251, "tonal.key_edma.strength": 0.4931703507900238, "tonal.key_krumhansl.strength": 0.5032437443733215, "tonal.key_temperley.strength": 0.4872701168060303, "tonal.tuning_diatonic_strength": 0.6033443808555603, "tonal.tuning_equal_tempered_deviation": 0.2553772032260895, "tonal.tuning_frequency": 434.193115234375, "tonal.tuning_nontempered_energy_ratio": 0.9181815981864929, "lowlevel.barkbands.mean": [0.0017341761849820614, 0.02368013747036457, 0.0041149677708745, 0.0016066207317635417, 0.005215873010456562, 0.0007334724068641663, 0.002788829617202282, 0.0004964594263583422, 0.0009615523740649223, 0.0006414377712644637, 0.0003134720609523356, 0.000614092918112874, 0.00025439378805458546, 0.0003323362616356462, 0.0003064770717173815, 0.000349213631125167, 0.0004237100074533373, 0.0007049599080346525, 0.00029260796145536005, 0.00011200363223906606, 0.00018392493075225502, 0.0002544915478210896, 0.0002547173935454339, 0.00010624121205182746, 0.00011997031833743677, 5.776124453404918e-05, 7.158454451428042e-08], "lowlevel.barkbands.stdev": [0.0040776170790195465, 0.04442133754491806, 0.014395546168088913, 0.004354305099695921, 0.007946714758872986, 0.001764533924870193, 0.006688630674034357, 0.0012814404908567667, 0.0022906626109033823, 0.0016318561974912882, 0.0007132943137548864, 0.0015884683234617114, 0.0006721959798596799, 0.0007268975023180246, 0.0006639357306994498, 0.0009890057845041156, 0.0008148560300469398, 0.0011418421054258943, 0.00046966367517597973, 0.0002512488281354308, 0.0004499542701523751, 0.0006492658285424113, 0.0005228548543527722, 0.0002610435476526618, 0.0002857813669834286, 0.0001283727615373209, 4.5194943254500686e-07], "lowlevel.erbbands.mean": [0.9731049537658691, 4.106095790863037, 5.506822109222412, 4.894867420196533, 14.405372619628906, 18.089435577392578, 4.66117525100708, 7.421496868133545, 30.311914443969727, 35.13040542602539, 11.862601280212402, 22.367755889892578, 26.12131690979004, 14.501327514648438, 14.2395658493042, 25.184070587158203, 12.705057144165039, 16.118980407714844, 16.16895294189453, 17.621044158935547, 20.601083755493164, 26.358068466186523, 39.922264099121094, 21.32807159423828, 10.705228805541992, 5.277630805969238, 7.047144889831543, 7.146496772766113, 9.387418746948242, 8.470921516418457, 6.93296480178833, 2.7298271656036377, 1.8531893491744995, 1.5553369522094727, 0.6880524754524231, 0.33628398180007935, 0.09658036381006241, 0.006356008350849152, 0.0001561422977829352, 6.185153324622661e-05], "lowlevel.erbbands.stdev": [1.9471248388290405, 8.217179298400879, 16.569520950317383, 15.271915435791016, 25.295116424560547, 33.73931884765625, 9.521812438964844, 17.555601119995117, 73.15267944335938, 97.24992370605469, 21.510509490966797, 54.61838912963867, 59.69232940673828, 34.567203521728516, 34.25196838378906, 63.30352783203125, 31.477954864501953, 36.63458251953125, 32.668304443359375, 39.643733978271484, 53.56807327270508, 47.539886474609375, 65.666015625, 32.52600860595703, 17.856975555419922, 11.348589897155762, 17.077068328857422, 18.104320526123047, 23.74593162536621, 19.715534210205078, 14.076362609863281, 6.167675495147705, 4.622435092926025, 3.7825238704681396, 1.6754992008209229, 0.792084813117981, 0.2066546529531479, 0.01387905701994896, 0.0002836824278347194, 6.0545084124896675e-05], "lowlevel.gfcc.mean": [-15.651032447814941, 81.15694427490234, -102.98904418945312, 41.71530532836914, -54.86539840698242, 21.07292366027832, -38.56474304199219, 19.48118782043457, -18.662626266479492, 0.42780163884162903, -13.519827842712402, 8.509584426879883, -15.221915245056152], "lowlevel.melbands.mean": [0.0074325501918792725, 0.0035464682150632143, 0.0011227711802348495, 0.0012584564974531531, 0.0002698978642001748, 0.00017741731426212937, 0.0005107432371005416, 0.00032118483795784414, 9.07918147277087e-05, 0.0001476627221563831, 0.0001281230797758326, 5.6806340580806136e-05, 4.2802770622074604e-05, 7.107251440174878e-05, 3.9283433579839766e-05, 2.7843605494126678e-05, 3.0089142455835827e-05, 2.6932790206046775e-05, 2.241427864646539e-05, 2.4186656446545385e-05, 2.355561991862487e-05, 2.435991154925432e-05, 3.9035254303598776e-05, 2.9746213840553537e-05, 1.619403701624833e-05, 9.3154903879622e-06, 4.961535069014644e-06, 3.0510357191815274e-06, 3.977601863880409e-06, 4.932618594466476e-06, 3.8007867715350585e-06, 5.180796506465413e-06, 5.180708740226692e-06, 4.640638962882804e-06, 4.268291377229616e-06, 2.756838284767582e-06, 1.3140245300746756e-06, 1.2905599078294472e-06, 1.3240384078017087e-06, 1.3089913863950642e-06], "lowlevel.melbands.stdev": [0.014211361296474934, 0.008101123385131359, 0.0025212212931364775, 0.0019053069408982992, 0.0006114084972068667, 0.00043059024028480053, 0.0011917836964130402, 0.0008872380713000894, 0.00019379904551897198, 0.00036380247911438346, 0.00030218789470382035, 0.00014730119437444955, 9.757300722412765e-05, 0.00020805963140446693, 8.169830107362941e-05, 7.649063627468422e-05, 6.986943481024355e-05, 5.823013634653762e-05, 4.9854661483550444e-05, 6.841838330728933e-05, 6.195900641614571e-05, 4.9164074880536646e-05, 7.07893050275743e-05, 5.139632412465289e-05, 2.684484024939593e-05, 1.5834375517442822e-05, 1.0308945093129296e-05, 7.058736173348734e-06, 9.78110074356664e-06, 1.2604009498318192e-05, 1.0390818715677597e-05, 1.3397113434621133e-05, 1.322250591329066e-05, 1.0638309504429344e-05, 8.767465260461904e-06, 5.79409015699639e-06, 3.35948016072507e-06, 3.392353619346977e-06, 3.2492982882104116e-06, 3.2729290069255512e-06], "lowlevel.melbands128.mean": [0.0016243504360318184, 0.0086443480104208, 0.009570274502038956, 0.005844379775226116, 0.0033297566697001457, 0.0017266826471313834, 0.0008690226241014898, 0.0008448751759715378, 0.0016388919902965426, 0.0014480950776487589, 0.0010536829940974712, 0.00037736460217274725, 9.506958303973079e-05, 5.623454853775911e-05, 8.720323967281729e-05, 0.00028110583662055433, 0.00042694187141023576, 0.0005067739984951913, 0.0007178227533586323, 0.00041523631080053747, 0.00010572555038379505, 6.772706547053531e-05, 9.45582942222245e-05, 0.00010256794485030696, 0.00013991048035677522, 0.0001811959664337337, 0.00013331073569133878, 0.00016323014278896153, 7.572778849862516e-05, 4.881375207332894e-05, 5.667921868734993e-05, 5.64496913284529e-05, 3.2569972972851247e-05, 4.0078459278447554e-05, 5.8882123994408175e-05, 8.919156243791804e-05, 8.13060105429031e-05, 3.0072109439061023e-05, 1.832662928791251e-05, 2.778855196083896e-05, 2.89276686089579e-05, 3.100916001130827e-05, 2.8160631700302474e-05, 3.200783612555824e-05, 3.054077023989521e-05, 2.7048172341892496e-05, 2.0962850612704642e-05, 1.9926235836464912e-05, 2.4974819098133594e-05, 2.4770853997324593e-05, 2.1420039047370665e-05, 2.695324656087905e-05, 2.5542587536619976e-05, 1.9071709175477736e-05, 2.576049701019656e-05, 2.392466558376327e-05, 2.3737242372590117e-05, 3.389012272236869e-05, 4.874270598520525e-05, 4.101397644262761e-05, 3.0594877898693085e-05, 1.8823780919774435e-05, 1.9732537111849524e-05, 1.522484944871394e-05, 1.0917992767645046e-05, 9.96833750832593e-06, 7.838230885681696e-06, 5.957087068964029e-06, 4.456323949852958e-06, 3.339438990224153e-06, 2.7233879791310756e-06, 3.0112528293102514e-06, 3.486856030576746e-06, 4.073323452757904e-06, 4.541679118119646e-06, 5.694417723134393e-06, 4.727389296022011e-06, 3.8189450606296305e-06, 3.5428527098702034e-06, 3.7640966183971614e-06, 4.849859124078648e-06, 5.823093488288578e-06, 6.143832706584362e-06, 5.024823167332215e-06, 4.4457010517362505e-06, 4.685581643570913e-06, 4.618022558133816e-06, 4.736543814942706e-06, 4.106231699552154e-06, 4.242683189659147e-06, 3.6167791677144123e-06, 2.368859213675023e-06, 1.2155236390753998e-06, 1.1663131544992211e-06, 1.4430836472456576e-06, 1.387387214890623e-06, 1.2659975254791789e-06, 1.1258937320235418e-06, 1.2417438028933248e-06, 1.511886353000591e-06, 1.4694597894049366e-06, 1.4684653706353856e-06, 8.002841695997631e-07, 7.448505812135409e-07, 5.971089080958336e-07, 9.144191039922589e-07, 7.267211117323313e-07, 6.068705147299625e-07, 6.229865903151222e-07, 4.961732997799118e-07, 4.3393120563450793e-07, 3.8159046766850224e-07, 2.944546793059999e-07, 2.42037856423849e-07, 1.4070403153709776e-07, 2.278423671953078e-08, 3.0036322318238717e-09, 1.2146153874348364e-11, 6.2540558669332835e-12, 6.04826345257381e-12, 5.8884594249242195e-12, 5.7643000615781315e-12, 5.619315776583811e-12, 5.5146304189790385e-12, 5.405269114244771e-12, 5.2833592535661555e-12, 5.208696321479245e-12, 5.175047022853985e-12], "lowlevel.melbands128.stdev": [0.003890942083671689, 0.01809428632259369, 0.01943889632821083, 0.012939553707838058, 0.009916191920638084, 0.006323531735688448, 0.0034091949928551912, 0.0019847778603434563, 0.003351067192852497, 0.0025562425144016743, 0.002485120901837945, 0.001136539038270712, 0.00022927210375200957, 0.00026400454225949943, 0.0003644276293925941, 0.0007715326501056552, 0.0012694528559222817, 0.0016736782854422927, 0.0021858634427189827, 0.0014510946348309517, 0.00041750341188162565, 0.00019526750838849694, 0.00024474377278238535, 0.00037761140265502036, 0.0004976585041731596, 0.0005597989074885845, 0.00046158628538250923, 0.000490011356305331, 0.00024077370471786708, 0.0002538762928452343, 0.00016955363389570266, 0.00016847618098836392, 9.125580982072279e-05, 0.0001612073538126424, 0.00024285849940497428, 0.0003500810416880995, 0.000229495984967798, 8.080706902546808e-05, 6.0052178014302626e-05, 0.00012660471838898957, 0.00010084203677251935, 0.00011882799299200997, 0.00010084347741212696, 9.082757605938241e-05, 8.513135253451765e-05, 8.425123814959079e-05, 6.148376996861771e-05, 5.967494871583767e-05, 7.699042180320248e-05, 7.623676356161013e-05, 0.00010159002704313025, 9.289255103794858e-05, 0.00010377691796747968, 5.107808465254493e-05, 6.902489258209243e-05, 6.371062045218423e-05, 5.8185160014545545e-05, 7.652251952094957e-05, 0.00011391126463422552, 9.764323476701975e-05, 7.360059680650011e-05, 3.327368904137984e-05, 4.172298940829933e-05, 2.9128766982466914e-05, 2.3690399757470004e-05, 1.9344239262863994e-05, 1.5446990801137872e-05, 1.3277489415486343e-05, 1.1468769116618205e-05, 8.14228678791551e-06, 6.791052783228224e-06, 8.118503501464147e-06, 9.151607628155034e-06, 1.1101242307631765e-05, 1.347483521385584e-05, 1.6550839063711464e-05, 1.2376464837871026e-05, 1.2009392776235472e-05, 1.0543059943302069e-05, 1.1734215149772353e-05, 1.3756478438153863e-05, 1.487921781517798e-05, 1.8611368432175368e-05, 1.2667827832046896e-05, 1.2491732377384324e-05, 1.1866213753819466e-05, 1.0646046575857326e-05, 1.0935993486782536e-05, 9.143882380158175e-06, 8.894081474863924e-06, 8.131110007525422e-06, 5.3967000894772355e-06, 3.4297252113901777e-06, 3.4280967611266533e-06, 3.925172677554656e-06, 3.823385668511037e-06, 3.824633495241869e-06, 3.3239230106119066e-06, 3.405885763640981e-06, 3.7346792396419914e-06, 3.911723524652189e-06, 3.9088804442144465e-06, 2.2828278360975673e-06, 1.8577751461634762e-06, 1.5374479289675946e-06, 2.5393353553226916e-06, 1.9291883290861733e-06, 1.7067171711460105e-06, 1.5479620287806029e-06, 1.1472590131234028e-06, 9.85849851531384e-07, 9.752852747624274e-07, 6.583685490113567e-07, 5.756687642133329e-07, 3.7074678971293906e-07, 8.19863359424744e-08, 1.6551817694221427e-08, 5.5660486636410766e-11, 1.170545431417036e-11, 1.137011665375276e-11, 1.1088355927890703e-11, 1.0847363805799315e-11, 1.060648270601039e-11, 1.041899205800334e-11, 1.0261547687961947e-11, 1.0134198168143538e-11, 1.004399861892491e-11, 9.988402466243329e-12], "lowlevel.mfcc.mean": [-662.3049926757812, 109.56675720214844, 11.931890487670898, 25.16238784790039, 12.630330085754395, 5.243821620941162, -1.8742741346359253, 18.197660446166992, -1.7384707927703857, -0.9244502186775208, 8.725103378295898, 0.5225844383239746, -0.26254934072494507], "lowlevel.spectral_contrast_coeffs.mean": [-0.6902217268943787, -0.7385759949684143, -0.7819179892539978, -0.8051321506500244, -0.768869936466217, -0.759330153465271], "lowlevel.spectral_contrast_coeffs.stdev": [0.11536379903554916, 0.10506457090377808, 0.07569575309753418, 0.06287958472967148, 0.07029962539672852, 0.04440433159470558], "lowlevel.spectral_contrast_valleys.mean": [-7.010589122772217, -7.147625923156738, -7.6144232749938965, -7.8990373611450195, -7.8382248878479, -10.28302001953125], "lowlevel.spectral_contrast_valleys.stdev": [0.9648057818412781, 0.6445815563201904, 0.7367039918899536, 0.7355255484580994, 0.8003042340278625, 0.988873302936554], "rhythm.beats_loudness_band_ratio.mean": [0.552051305770874, 0.18263117969036102, 0.10862436890602112, 0.08387333154678345, 0.10399595648050308, 0.09904389828443527], "rhythm.beats_loudness_band_ratio.stdev": [0.3102182149887085, 0.16813655197620392, 0.16427010297775269, 0.12021312862634659, 0.08594399690628052, 0.09620104730129242], "tonal.hpcp.mean": [0.07622569054365158, 0.08457162231206894, 0.12371821701526642, 0.18337920308113098, 0.1810150444507599, 0.12776781618595123, 0.09596023708581924, 0.07419855892658234, 0.05309891700744629, 0.04681439325213432, 0.046759143471717834, 0.038787223398685455, 0.02867809683084488, 0.029348015785217285, 0.03477418050169945, 0.06286994367837906, 0.09049878269433975, 0.06852047145366669, 0.03872516006231308, 0.039657071232795715, 0.03995443508028984, 0.033155325800180435, 0.04074763506650925, 0.06553453952074051, 0.09236814081668854, 0.09571346640586853, 0.08416073024272919, 0.08134087175130844, 0.08725905418395996, 0.139128640294075, 0.3027852773666382, 0.37417954206466675, 0.24575595557689667, 0.12751056253910065, 0.0872754454612732, 0.07728305459022522], "tonal.hpcp.stdev": [0.19988320767879486, 0.21393252909183502, 0.25412872433662415, 0.32345664501190186, 0.3051966428756714, 0.2409544587135315, 0.22468127310276031, 0.20139473676681519, 0.1674056500196457, 0.1537032127380371, 0.1532178372144699, 0.11266671866178513, 0.0913812667131424, 0.08176777511835098, 0.09771476686000824, 0.12976114451885223, 0.18554477393627167, 0.1537960320711136, 0.10642707347869873, 0.12034540623426437, 0.1362859159708023, 0.10595086216926575, 0.12215723842382431, 0.1632714569568634, 0.19576609134674072, 0.20198948681354523, 0.18978190422058105, 0.2012670785188675, 0.201998770236969, 0.24970489740371704, 0.3618890047073364, 0.39884522557258606, 0.32764649391174316, 0.24939695000648499, 0.22010599076747894, 0.20227743685245514], "rhythm.beats_position": [0.6965986490249634, 1.369977355003357, 2.043355941772461, 2.7167346477508545, 3.390113353729248, 4.051881790161133, 4.713650703430176, 5.38702917098999, 6.060408115386963, 6.722176551818848, 7.383945465087891, 8.057324409484863, 8.73070240020752, 9.392471313476562, 10.054240226745605, 10.727619171142578, 11.400997161865234, 12.062766075134277, 12.72453498840332, 13.397913932800293, 14.07129192352295, 14.733060836791992, 15.394829750061035, 16.068208694458008, 16.741586685180664, 17.414966583251953, 18.07673454284668, 18.738502502441406, 19.411882400512695, 20.08526039123535, 20.747028350830078, 21.408798217773438, 22.082176208496094, 22.75555419921875, 23.42893409729004, 24.079092025756836, 24.752471923828125, 25.42584991455078, 26.099227905273438, 26.760997772216797, 27.422765731811523, 28.09614372253418, 28.76952362060547, 29.442901611328125, 30.104671478271484, 30.76643943786621, 31.439817428588867, 32.101585388183594, 32.76335525512695, 33.43673324584961, 34.110111236572266, 34.78349304199219, 35.456871032714844, 36.1302490234375, 36.79201889038086, 37.45378494262695, 38.12716293334961, 38.80054473876953], "rhythm.bpm_histogram": [0.0, 0.0, 0.0, 0.0, 0.0, 0.0, 0.0, 0.0, 0.0, 0.0, 0.0, 0.0, 0.0, 0.0, 0.0, 0.0, 0.0, 0.0, 0.0, 0.0, 0.0, 0.0, 0.0, 0.0, 0.0, 0.0, 0.0, 0.0, 0.0, 0.0, 0.0, 0.0, 0.0, 0.0, 0.0, 0.0, 0.0, 0.0, 0.0, 0.0, 0.0, 0.0, 0.0, 0.0, 0.0, 0.0, 0.0, 0.0, 0.0, 0.0, 0.0, 0.0, 0.0, 0.0, 0.0, 0.0, 0.0, 0.0, 0.0, 0.0, 0.0, 0.0, 0.0, 0.0, 0.0, 0.0, 0.0, 0.0, 0.0, 0.0, 0.0, 0.0, 0.0, 0.0, 0.0, 0.0, 0.0, 0.0, 0.0, 0.0, 0.0, 0.0, 0.0, 0.0, 0.0, 0.0, 0.0, 0.0, 0.0, 0.5964912176132202, 0.0, 0.38596490025520325, 0.017543859779834747, 0.0, 0.0, 0.0, 0.0, 0.0, 0.0, 0.0, 0.0, 0.0, 0.0, 0.0, 0.0, 0.0, 0.0, 0.0, 0.0, 0.0, 0.0, 0.0, 0.0, 0.0, 0.0, 0.0, 0.0, 0.0, 0.0, 0.0, 0.0, 0.0, 0.0, 0.0, 0.0, 0.0, 0.0, 0.0, 0.0, 0.0, 0.0, 0.0, 0.0, 0.0, 0.0, 0.0, 0.0, 0.0, 0.0, 0.0, 0.0, 0.0, 0.0, 0.0, 0.0, 0.0, 0.0, 0.0, 0.0, 0.0, 0.0, 0.0, 0.0, 0.0, 0.0, 0.0, 0.0, 0.0, 0.0, 0.0, 0.0, 0.0, 0.0, 0.0, 0.0, 0.0, 0.0, 0.0, 0.0, 0.0, 0.0, 0.0, 0.0, 0.0, 0.0, 0.0, 0.0, 0.0, 0.0, 0.0, 0.0, 0.0, 0.0, 0.0, 0.0, 0.0, 0.0, 0.0, 0.0, 0.0, 0.0, 0.0, 0.0, 0.0, 0.0, 0.0, 0.0, 0.0, 0.0, 0.0, 0.0, 0.0, 0.0, 0.0, 0.0, 0.0, 0.0, 0.0, 0.0, 0.0, 0.0, 0.0, 0.0, 0.0, 0.0, 0.0, 0.0, 0.0, 0.0, 0.0, 0.0, 0.0, 0.0, 0.0, 0.0, 0.0, 0.0, 0.0, 0.0, 0.0, 0.0, 0.0, 0.0, 0.0, 0.0, 0.0, 0.0, 0.0, 0.0, 0.0, 0.0, 0.0, 0.0, 0.0, 0.0, 0.0, 0.0, 0.0, 0.0, 0.0], "tonal.chords_histogram": [42.535545349121094, 10.900473594665527, 0.0, 0.11848340928554535, 0.0, 7.938388824462891, 0.829383909702301, 17.180095672607422, 0.0, 0.0, 0.0, 0.0, 0.0, 0.0, 0.0, 0.0, 1.7772512435913086, 3.554502487182617, 0.9478672742843628, 3.080568790435791, 0.0, 0.0, 4.620852947235107, 6.516587734222412], "tonal.thpcp": [1.0, 0.6567862033843994, 0.34077373147010803, 0.23324483633041382, 0.2065400332212448, 0.20371420681476593, 0.22601883113384247, 0.3306386470794678, 0.4900834560394287, 0.48376521468162537, 0.3414612412452698, 0.25645506381988525, 0.1982966810464859, 0.14190758764743805, 0.1251121163368225, 0.12496446073055267, 0.10365939140319824, 0.07664261013269424, 0.07843297719955444, 0.09293448179960251, 0.1680207997560501, 0.24185924232006073, 0.18312190473079681, 0.10349352657794952, 0.10598406940698624, 0.10677877813577652, 0.08860806375741959, 0.10889861732721329, 0.17514196038246155, 0.24685513973236084, 0.25579556822776794, 0.22492071986198425, 0.21738460659980774, 0.2332010269165039, 0.3718232214450836, 0.8091978430747986], "lowlevel.gfcc.cov": [[5162.74169921875, -1084.779541015625, -192.08221435546875, 42.23039245605469, -141.4153289794922, -24.332963943481445, -392.0689392089844, 115.37419128417969, -182.92762756347656, 130.49349975585938, -227.1682891845703, 233.19845581054688, -233.4312744140625], [-1084.779541015625, 1833.4749755859375, 232.49923706054688, 13.950484275817871, 393.225830078125, -36.568092346191406, 244.11297607421875, -31.367048263549805, 332.09222412109375, -160.517822265625, 303.40576171875, -169.9391632080078, 162.78271484375], [-192.08221435546875, 232.49923706054688, 1119.3529052734375, 387.9721374511719, 343.6537170410156, 91.31271362304688, 11.325957298278809, -29.425962448120117, 140.40272521972656, 61.67112350463867, -27.81215476989746, 1.737412452697754, -3.554936408996582], [42.23039245605469, 13.950484275817871, 387.9721374511719, 456.54583740234375, 216.37742614746094, 57.86399841308594, -51.860015869140625, -19.397733688354492, 115.82147979736328, 14.2606840133667, -20.646028518676758, -1.3807235956192017, 85.22508239746094], [-141.4153289794922, 393.225830078125, 343.6537170410156, 216.37742614746094, 439.3216857910156, 97.6720199584961, 101.4530029296875, 38.83798599243164, 133.78138732910156, 5.181818962097168, 33.177677154541016, -13.714370727539062, 75.21292114257812], [-24.332963943481445, -36.568092346191406, 91.31271362304688, 57.86399841308594, 97.6720199584961, 321.9264831542969, 272.2853088378906, 73.88607788085938, 22.561241149902344, 78.74297332763672, 37.121604919433594, -26.11912727355957, 36.45781707763672], [-392.0689392089844, 244.11297607421875, 11.325957298278809, -51.860015869140625, 101.4530029296875, 272.2853088378906, 506.0361633300781, 134.156494140625, 45.68156814575195, 43.885108947753906, 133.94383239746094, -41.038185119628906, 62.52091979980469], [115.37419128417969, -31.367048263549805, -29.425962448120117, -19.397733688354492, 38.83798599243164, 73.88607788085938, 134.156494140625, 195.38385009765625, 84.02069091796875, 57.89582061767578, 47.802101135253906, 40.4931526184082, 8.654191017150879], [-182.92762756347656, 332.09222412109375, 140.40272521972656, 115.82147979736328, 133.78138732910156, 22.561241149902344, 45.68156814575195, 84.02069091796875, 277.6448669433594, 40.40848159790039, 87.14280700683594, -2.2370407581329346, 57.46205520629883], [130.49349975585938, -160.517822265625, 61.67112350463867, 14.2606840133667, 5.181818962097168, 78.74297332763672, 43.885108947753906, 57.89582061767578, 40.40848159790039, 146.27313232421875, 16.472579956054688, 24.357463836669922, -4.250126361846924], [-227.1682891845703, 303.40576171875, -27.81215476989746, -20.646028518676758, 33.177677154541016, 37.121604919433594, 133.94383239746094, 47.802101135253906, 87.14280700683594, 16.472579956054688, 167.3114013671875, -8.476635932922363, 44.36034393310547], [233.19845581054688, -169.9391632080078, 1.737412452697754, -1.3807235956192017, -13.714370727539062, -26.11912727355957, -41.038185119628906, 40.4931526184082, -2.2370407581329346, 24.357463836669922, -8.476635932922363, 122.19908905029297, -25.076749801635742], [-233.4312744140625, 162.78271484375, -3.554936408996582, 85.22508239746094, 75.21292114257812, 36.45781707763672, 62.52091979980469, 8.654191017150879, 57.46205520629883, -4.250126361846924, 44.36034393310547, -25.076749801635742, 165.54312133789062]], "lowlevel.gfcc.icov": [[0.0002640456077642739, -1.7913298506755382e-05, 9.989371756091714e-05, -0.0001435966551071033, -3.018229836015962e-05, -0.00020422464876901358, 0.0003041775489691645, -0.00030783176771365106, 0.00020915061759296805, -0.00015733670443296432, 0.00010406850196886808, -0.0002749086415860802, 0.0002797496854327619], [-1.7913298506755382e-05, 0.0023316582664847374, -0.00044715777039527893, 0.00140697683673352, -0.0016610794700682163, 0.0008592206868343055, -0.0005004187114536762, 0.0013294111704453826, -0.0020616999827325344, 0.002420850796625018, -0.0029252569656819105, 0.0018569219391793013, -0.0005240574828349054], [9.989371756091714e-05, -0.00044715777039527893, 0.0017670344095677137, -0.0014239896554499865, -0.0005465401918627322, -1.043345491780201e-05, -0.0002498272806406021, 0.00043991635902784765, 8.780658390605822e-05, -0.0012617168249562383, 0.0009634713060222566, -0.0005670789396390319, 0.001266620820388198], [-0.0001435966551071033, 0.00140697683673352, -0.0014239896554499865, 0.005461737047880888, -0.00179250945802778, -0.0009071938693523407, 0.001053318614140153, 0.001256719813682139, -0.0023289895616471767, 0.002053140429779887, -0.0012225786922499537, 0.0007909492123872042, -0.002569141797721386], [-3.018229836015962e-05, -0.0016610794700682163, -0.0005465401918627322, -0.00179250945802778, 0.005180644802749157, -0.0010550643783062696, -0.00014545072917826474, -0.0013100296491757035, 0.0004802953917533159, -0.0006191026768647134, 0.0022264858707785606, -0.0013350999215617776, -0.00047757592983543873], [-0.00020422464876901358, 0.0008592206868343055, -1.043345491780201e-05, -0.0009071938693523407, -0.0010550643783062696, 0.008355130441486835, -0.0049672513268888, 0.0009335722425021231, -0.00021228694822639227, -0.0024244519881904125, 0.0005747965769842267, 0.0017684511840343475, -7.426831871271133e-05], [0.0003041775489691645, -0.0005004187114536762, -0.0002498272806406021, 0.001053318614140153, -0.00014545072917826474, -0.0049672513268888, 0.0067697991617023945, -0.003365912940353155, 0.0017167655751109123, 0.0008765694219619036, -0.0027080702129751444, 0.0005945747252553701, -0.0006050723604857922], [-0.00030783176771365106, 0.0013294111704453826, 0.00043991635902784765, 0.001256719813682139, -0.0013100296491757035, 0.0009335722425021231, -0.003365912940353155, 0.01057311799377203, -0.004372511524707079, -0.0005641852621920407, -0.0006729932501912117, -0.002133167814463377, 8.968894690042362e-05], [0.00020915061759296805, -0.0020616999827325344, 8.780658390605822e-05, -0.0023289895616471767, 0.0004802953917533159, -0.00021228694822639227, 0.0017167655751109123, -0.004372511524707079, 0.00862092711031437, -0.003173194592818618, -0.0006124491919763386, -0.0005237677833065391, -5.7234661653637886e-05], [-0.00015733670443296432, 0.002420850796625018, -0.0012617168249562383, 0.002053140429779887, -0.0006191026768647134, -0.0024244519881904125, 0.0008765694219619036, -0.0005641852621920407, -0.003173194592818618, 0.01242799311876297, -0.003809788264334202, 0.0006728981388732791, -0.0006294101476669312], [0.00010406850196886808, -0.0029252569656819105, 0.0009634713060222566, -0.0012225786922499537, 0.0022264858707785606, 0.0005747965769842267, -0.0027080702129751444, -0.0006729932501912117, -0.0006124491919763386, -0.003809788264334202, 0.01388983428478241, -0.0029921378009021282, -0.0004674186639022082], [-0.0002749086415860802, 0.0018569219391793013, -0.0005670789396390319, 0.0007909492123872042, -0.0013350999215617776, 0.0017684511840343475, 0.0005945747252553701, -0.002133167814463377, -0.0005237677833065391, 0.0006728981388732791, -0.0029921378009021282, 0.012155074626207352, 0.0003132560523226857], [0.0002797496854327619, -0.0005240574828349054, 0.001266620820388198, -0.002569141797721386, -0.00047757592983543873, -7.426831871271133e-05, -0.0006050723604857922, 8.968894690042362e-05, -5.7234661653637886e-05, -0.0006294101476669312, -0.0004674186639022082, 0.0003132560523226857, 0.008933943696320057]], "lowlevel.mfcc.cov": [[5264.3310546875, -1069.9041748046875, -374.1406555175781, -165.24623107910156, -36.07720184326172, -140.47824096679688, -196.5583038330078, -22.128633499145508, -153.7777099609375, -106.8270492553711, 45.401100158691406, -178.89093017578125, -79.40996551513672], [-1069.9041748046875, 1576.0859375, 65.72024536132812, 113.08007049560547, 178.72950744628906, 36.97216796875, 87.11492156982422, 133.77487182617188, 23.55256462097168, 95.38798522949219, 83.34957122802734, 132.9984130859375, 49.37971115112305], [-374.1406555175781, 65.72024536132812, 706.9569702148438, 256.703369140625, 226.04408264160156, 174.027099609375, -1.074216365814209, -12.488593101501465, 81.87594604492188, 26.58812141418457, 37.85363006591797, 49.80329513549805, 66.19668579101562], [-165.24623107910156, 113.08007049560547, 256.703369140625, 396.8714294433594, 314.0499267578125, 78.38008880615234, -82.08160400390625, 14.69478988647461, 61.41128158569336, 5.4784135818481445, -36.7939338684082, -21.74068260192871, 75.5932846069336], [-36.07720184326172, 178.72950744628906, 226.04408264160156, 314.0499267578125, 477.7207946777344, 93.20001220703125, -130.7940216064453, 2.0315611362457275, 69.75743865966797, 34.480491638183594, -31.525020599365234, -32.942989349365234, 69.10334777832031], [-140.47824096679688, 36.97216796875, 174.027099609375, 78.38008880615234, 93.20001220703125, 274.3943176269531, 145.7176513671875, 30.001298904418945, 97.33415222167969, 70.620361328125, 24.48141860961914, 41.518836975097656, 11.908204078674316], [-196.5583038330078, 87.11492156982422, -1.074216365814209, -82.08160400390625, -130.7940216064453, 145.7176513671875, 401.15411376953125, 84.09831237792969, 91.36861419677734, 99.45832824707031, 22.387027740478516, 97.69818878173828, -23.294614791870117], [-22.128633499145508, 133.77487182617188, -12.488593101501465, 14.69478988647461, 2.0315611362457275, 30.001298904418945, 84.09831237792969, 204.51947021484375, 46.828460693359375, 41.330970764160156, 88.421630859375, 38.07503890991211, 24.165321350097656], [-153.7777099609375, 23.55256462097168, 81.87594604492188, 61.41128158569336, 69.75743865966797, 97.33415222167969, 91.36861419677734, 46.828460693359375, 193.16140747070312, 102.2021713256836, -2.701460838317871, 59.16032409667969, 43.59796142578125], [-106.8270492553711, 95.38798522949219, 26.58812141418457, 5.4784135818481445, 34.480491638183594, 70.620361328125, 99.45832824707031, 41.330970764160156, 102.2021713256836, 154.06329345703125, 56.326969146728516, 62.76619338989258, 19.297502517700195], [45.401100158691406, 83.34957122802734, 37.85363006591797, -36.7939338684082, -31.525020599365234, 24.48141860961914, 22.387027740478516, 88.421630859375, -2.701460838317871, 56.326969146728516, 204.13119506835938, 55.474552154541016, 7.410332202911377], [-178.89093017578125, 132.9984130859375, 49.80329513549805, -21.74068260192871, -32.942989349365234, 41.518836975097656, 97.69818878173828, 38.07503890991211, 59.16032409667969, 62.76619338989258, 55.474552154541016, 135.49844360351562, 51.73521041870117], [-79.40996551513672, 49.37971115112305, 66.19668579101562, 75.5932846069336, 69.10334777832031, 11.908204078674316, -23.294614791870117, 24.165321350097656, 43.59796142578125, 19.297502517700195, 7.410332202911377, 51.73521041870117, 118.62525177001953]], "lowlevel.mfcc.icov": [[0.0002461042604409158, 0.00018229559645988047, 0.00012328787124715745, 9.624210360925645e-05, -0.00020730066171381623, 2.6919684387394227e-05, -6.5418812482676e-06, -7.007840758888051e-05, 0.00012386344315018505, 3.768974056583829e-05, -0.00016796973068267107, 7.263207953656092e-05, 1.6945514289545827e-05], [0.00018229559645988047, 0.0009625586098991334, 0.00014620361616834998, -4.8545782192377374e-05, -0.0006566343945451081, 0.00019447669910732657, -0.00010232975910184905, -0.0005296635790728033, 0.0007072379230521619, -0.0003114480059593916, 2.1903804736211896e-05, -0.001081871218048036, 0.00038269124343059957], [0.00012328787124715745, 0.00014620361616834998, 0.0023998089600354433, -0.0012198478216305375, -0.00034795928513631225, -0.0009781637927517295, -5.26539224665612e-06, 0.0008179789874702692, -0.0003585748781915754, 0.0009303771075792611, -0.0010525063844397664, -0.000930100679397583, 4.48908940597903e-05], [9.624210360925645e-05, -4.8545782192377374e-05, -0.0012198478216305375, 0.006567318458110094, -0.003279337426647544, -3.6409903259482235e-05, -9.980598406400532e-05, -0.0008346663671545684, -0.00044662426807917655, 0.0007856861338950694, 0.0007205262081697583, 0.001504520419985056, -0.0020200558938086033], [-0.00020730066171381623, -0.0006566343945451081, -0.00034795928513631225, -0.003279337426647544, 0.005996084772050381, -0.0015911515802145004, 0.0020865288097411394, -0.0001486311957705766, -0.0003942089097108692, -0.002071576425805688, 0.0009322164696641266, 0.0014694809215143323, -0.0006919424631632864], [2.6919684387394227e-05, 0.00019447669910732657, -0.0009781637927517295, -3.6409903259482235e-05, -0.0015911515802145004, 0.006794360466301441, -0.002913442673161626, 0.0007389848469756544, -0.0016448847018182278, 0.00024986304924823344, -0.001232299255207181, 0.0005687742959707975, 0.0004211240739095956], [-6.5418812482676e-06, -0.00010232975910184905, -5.26539224665612e-06, -9.980598406400532e-05, 0.0020865288097411394, -0.002913442673161626, 0.006017337553203106, -0.002319902181625366, 0.0001853837602538988, -0.0023888188879936934, 0.002458002185449004, -0.003086657728999853, 0.002349056303501129], [-7.007840758888051e-05, -0.0005296635790728033, 0.0008179789874702692, -0.0008346663671545684, -0.0001486311957705766, 0.0007389848469756544, -0.002319902181625366, 0.008172443136572838, -0.002535889158025384, 0.001970261335372925, -0.0044703553430736065, 0.0018007697071880102, -0.0017535941442474723], [0.00012386344315018505, 0.0007072379230521619, -0.0003585748781915754, -0.00044662426807917655, -0.0003942089097108692, -0.0016448847018182278, 0.0001853837602538988, -0.002535889158025384, 0.011608532629907131, -0.006741792429238558, 0.0036153439432382584, -0.002494081389158964, -0.0010868583340197802], [3.768974056583829e-05, -0.0003114480059593916, 0.0009303771075792611, 0.0007856861338950694, -0.002071576425805688, 0.00024986304924823344, -0.0023888188879936934, 0.001970261335372925, -0.006741792429238558, 0.01453124638646841, -0.004604016430675983, -0.0013395652640610933, 0.0004319664149079472], [-0.00016796973068267107, 2.1903804736211896e-05, -0.0010525063844397664, 0.0007205262081697583, 0.0009322164696641266, -0.001232299255207181, 0.002458002185449004, -0.0044703553430736065, 0.0036153439432382584, -0.004604016430675983, 0.009421491995453835, -0.0034602845553308725, 0.0013214130885899067], [7.263207953656092e-05, -0.001081871218048036, -0.000930100679397583, 0.001504520419985056, 0.0014694809215143323, 0.0005687742959707975, -0.003086657728999853, 0.0018007697071880102, -0.002494081389158964, -0.0013395652640610933, -0.0034602845553308725, 0.017194969579577446, -0.00797524955123663], [1.6945514289545827e-05, 0.00038269124343059957, 4.48908940597903e-05, -0.0020200558938086033, -0.0006919424631632864, 0.0004211240739095956, 0.002349056303501129, -0.0017535941442474723, -0.0010868583340197802, 0.0004319664149079472, 0.0013214130885899067, -0.00797524955123663, 0.014448313042521477]], "metadata.audio_properties.analysis.downmix": "mix", "metadata.audio_properties.codec": "mp3", "metadata.audio_properties.md5_encoded": "ba977a82a67f0df6245cea3fa8519f01", "metadata.tags.file_name": "1183699571478638673.mp3", "metadata.version.essentia": "2.1-beta6-dev", "metadata.version.essentia_git_sha": "v2.1_beta5-1110-g77a6a954", "metadata.version.extractor": "music 2.0", "tonal.chords_key": "G", "tonal.