{"song_id": "1183709074437722142", "download": "https://cdn.discordapp.com/attachments/1128313332273782784/1183709074437722142/chirp.mp4?ex=658951fb&amp", "lyrics": "\u0412\u0441\u044f\u043a\u043e-\u0440\u0430\u0437\u043d\u043e - \u044d\u0442\u043e \u043d\u0435 \u0437\u0430\u0440\u0430\u0437\u043d\u043e!\n\u0427\u0451 \u043f\u043e\u0447\u0451\u043c, \u0445\u043e\u043a\u043a\u0435\u0439 \u0441 \u043c\u044f\u0447\u043e\u043c,\n\u0427\u0451 \u0434\u0430 \u043a\u0430\u043a - \u0441\u043f\u043b\u043e\u0448\u043d\u043e\u0439 \u043e\u0442\u0442\u044f\u0433.\n\u0412\u0441\u044f\u043a\u043e-\u0440\u0430\u0437\u043d\u043e - \u044d\u0442\u043e \u043d\u0435 \u0437\u0430\u0440\u0430\u0437\u043d\u043e!\n\u041f\u043e\u043a\u0430 \u0434\u0430\u044e\u0442, \u043d\u0430\u0434\u043e \u0431\u0440\u0430\u0442\u044c,\n\u041e\u0442 \u043e\u0441\u0442\u0430\u043b\u044c\u043d\u044b\u0445 \u043d\u0435 \u043e\u0442\u0441\u0442\u0430\u0432\u0430\u0442\u044c.", "style": ["Psychedelic pop"], "essentia_features": {"lowlevel.average_loudness": 0.7979307174682617, "lowlevel.barkbands_crest.mean": 12.1033353805542, "lowlevel.barkbands_crest.stdev": 4.3751983642578125, "lowlevel.barkbands_flatness_db.mean": 0.17741020023822784, "lowlevel.barkbands_flatness_db.stdev": 0.055639803409576416, "lowlevel.barkbands_kurtosis.mean": 10.154240608215332, "lowlevel.barkbands_kurtosis.stdev": 37.91647720336914, "lowlevel.barkbands_skewness.mean": 1.8572735786437988, "lowlevel.barkbands_skewness.stdev": 2.305649757385254, "lowlevel.barkbands_spread.mean": 23.60634994506836, "lowlevel.barkbands_spread.stdev": 20.888887405395508, "lowlevel.dissonance.mean": 0.4706505537033081, "lowlevel.dissonance.stdev": 0.025153452530503273, "lowlevel.dynamic_complexity": 3.0612049102783203, "lowlevel.erbbands_crest.mean": 9.901946067810059, "lowlevel.erbbands_crest.stdev": 4.0136284828186035, "lowlevel.erbbands_flatness_db.mean": 0.17743344604969025, "lowlevel.erbbands_flatness_db.stdev": 0.05400128290057182, "lowlevel.erbbands_kurtosis.mean": 1.088312029838562, "lowlevel.erbbands_kurtosis.stdev": 3.410471200942993, "lowlevel.erbbands_skewness.mean": -0.057298142462968826, "lowlevel.erbbands_skewness.stdev": 1.1124075651168823, "lowlevel.erbbands_spread.mean": 44.63507843017578, "lowlevel.erbbands_spread.stdev": 27.545366287231445, "lowlevel.hfc.mean": 25.83910369873047, "lowlevel.hfc.stdev": 28.275278091430664, "lowlevel.loudness_ebu128.integrated": -16.502979278564453, "lowlevel.loudness_ebu128.loudness_range": 3.0479698181152344, "lowlevel.loudness_ebu128.momentary.mean": -17.179790496826172, "lowlevel.loudness_ebu128.momentary.stdev": 2.6996731758117676, "lowlevel.loudness_ebu128.short_term.mean": -16.923507690429688, "lowlevel.loudness_ebu128.short_term.stdev": 1.0639501810073853, "lowlevel.melbands_crest.mean": 17.904752731323242, "lowlevel.melbands_crest.stdev": 5.824897766113281, "lowlevel.melbands_flatness_db.mean": 0.21666057407855988, "lowlevel.melbands_flatness_db.stdev": 0.07453064620494843, "lowlevel.melbands_kurtosis.mean": 31.532958984375, "lowlevel.melbands_kurtosis.stdev": 52.35031509399414, "lowlevel.melbands_skewness.mean": 3.627438545227051, "lowlevel.melbands_skewness.stdev": 3.072648763656616, "lowlevel.melbands_spread.mean": 29.38969612121582, "lowlevel.melbands_spread.stdev": 33.804649353027344, "lowlevel.pitch_salience.mean": 0.5100858211517334, "lowlevel.pitch_salience.stdev": 0.13069607317447662, "lowlevel.silence_rate_20dB.mean": 1.0, "lowlevel.silence_rate_20dB.stdev": 0.0, "lowlevel.silence_rate_30dB.mean": 0.9901639223098755, "lowlevel.silence_rate_30dB.stdev": 0.09868820756673813, "lowlevel.silence_rate_60dB.mean": 0.06557376682758331, "lowlevel.silence_rate_60dB.stdev": 0.2475353628396988, "lowlevel.spectral_centroid.mean": 1445.522216796875, "lowlevel.spectral_centroid.stdev": 1140.8948974609375, "lowlevel.spectral_complexity.mean": 14.573770523071289, "lowlevel.spectral_complexity.stdev": 9.778307914733887, "lowlevel.spectral_decrease.mean": -6.10119554877997e-09, "lowlevel.spectral_decrease.stdev": 6.369523575244784e-09, "lowlevel.spectral_energy.mean": 0.025370988994836807, "lowlevel.spectral_energy.stdev": 0.024766506627202034, "lowlevel.spectral_energyband_high.mean": 0.001362876733765006, "lowlevel.spectral_energyband_high.stdev": 0.003234046045690775, "lowlevel.spectral_energyband_low.mean": 0.009094377979636192, "lowlevel.spectral_energyband_low.stdev": 0.019195418804883957, "lowlevel.spectral_energyband_middle_high.mean": 0.006356773432344198, "lowlevel.spectral_energyband_middle_high.stdev": 0.008238422684371471, "lowlevel.spectral_energyband_middle_low.mean": 0.010787255130708218, "lowlevel.spectral_energyband_middle_low.stdev": 0.013111772947013378, "lowlevel.spectral_entropy.mean": 7.547327518463135, "lowlevel.spectral_entropy.stdev": 0.5050516724586487, "lowlevel.spectral_flux.mean": 0.07753276824951172, "lowlevel.spectral_flux.stdev": 0.06047258526086807, "lowlevel.spectral_kurtosis.mean": 3.9990036487579346, "lowlevel.spectral_kurtosis.stdev": 3.1089084148406982, "lowlevel.spectral_rms.mean": 0.004543729592114687, "lowlevel.spectral_rms.stdev": 0.0020264973863959312, "lowlevel.spectral_rolloff.mean": 2158.164306640625, "lowlevel.spectral_rolloff.stdev": 2706.073974609375, "lowlevel.spectral_skewness.mean": 1.482934594154358, "lowlevel.spectral_skewness.stdev": 0.55368971824646, "lowlevel.spectral_spread.mean": 5327881.0, "lowlevel.spectral_spread.stdev": 2478435.0, "lowlevel.spectral_strongpeak.mean": 1.045591115951538, "lowlevel.spectral_strongpeak.stdev": 1.2979015111923218, "lowlevel.zerocrossingrate.mean": 0.0767257958650589, "lowlevel.zerocrossingrate.stdev": 0.07261630892753601, "metadata.audio_properties.analysis.equal_loudness": 0.0, "metadata.audio_properties.analysis.length": 21.2053279876709, "metadata.audio_properties.analysis.sample_rate": 44100.0, "metadata.audio_properties.analysis.start_time": 0.0, "metadata.audio_properties.bit_rate": 123064.0, "metadata.audio_properties.length": 21.205333709716797, "metadata.audio_properties.lossless": 0.0, "metadata.audio_properties.number_channels": 1.0, "metadata.audio_properties.replay_gain": -10.595033645629883, "metadata.audio_properties.sample_rate": 48000.0, "rhythm.beats_count": 35.0, "rhythm.beats_loudness.mean": 0.031111199408769608, "rhythm.beats_loudness.stdev": 0.024641163647174835, "rhythm.bpm": 104.8530044555664, "rhythm.bpm_histogram_first_peak_bpm": 105.0, "rhythm.bpm_histogram_first_peak_weight": 0.40000003576278687, "rhythm.bpm_histogram_second_peak_bpm": 86.0, "rhythm.bpm_histogram_second_peak_spread": 0.46153849363327026, "rhythm.bpm_histogram_second_peak_weight": 0.20588235557079315, "rhythm.danceability": 1.120803713798523, "rhythm.onset_rate": 4.0522003173828125, "tonal.chords_changes_rate": 0.07641921192407608, "tonal.chords_number_rate": 0.021834060549736023, "tonal.chords_strength.mean": 0.4743003249168396, "tonal.chords_strength.stdev": 0.07661277800798416, "tonal.hpcp_crest.mean": 12.419377326965332, "tonal.hpcp_crest.stdev": 5.0292181968688965, "tonal.hpcp_entropy.mean": 2.1362013816833496, "tonal.hpcp_entropy.stdev": 0.7000739574432373, "tonal.key_edma.strength": 0.7585554718971252, "tonal.key_krumhansl.strength": 0.7655553221702576, "tonal.key_temperley.strength": 0.7582561373710632, "tonal.tuning_diatonic_strength": 0.578609049320221, "tonal.tuning_equal_tempered_deviation": 0.14901356399059296, "tonal.tuning_frequency": 436.7083740234375, "tonal.tuning_nontempered_energy_ratio": 0.7364606857299805, "lowlevel.barkbands.mean": [2.6996684027835727e-05, 0.002488748636096716, 0.004645945504307747, 0.004796966910362244, 0.0016296828398481011, 0.0005841337842866778, 0.0010993827600032091, 0.0008817524067126215, 0.0012521398020908237, 0.00125120987650007, 0.0005962349241599441, 0.0007429089746437967, 0.0005361196235753596, 0.00095988909015432, 0.0004962031380273402, 0.0005286463419906795, 0.0004996032803319395, 0.0003715547500178218, 0.0003292648179922253, 0.00037989625707268715, 0.00010061765351565555, 0.0002648464869707823, 0.00021512327657546848, 0.00038843826041556895, 0.00024575385032221675, 5.832828173879534e-05, 6.246038992685499e-07], "lowlevel.barkbands.stdev": [0.0001560771488584578, 0.013835301622748375, 0.008671429939568043, 0.005614058580249548, 0.00661517633125186, 0.0019305016612634063, 0.0041069574654102325, 0.0026837957557290792, 0.003213191404938698, 0.0036591256503015757, 0.002136517083272338, 0.0022661604452878237, 0.001200664322823286, 0.002100749872624874, 0.0010983181418851018, 0.0012565550860017538, 0.0011295996373519301, 0.0007790359668433666, 0.0005778116174042225, 0.0007996768690645695, 0.0003463756002020091, 0.0012697676429525018, 0.000596876663621515, 0.0011010500602424145, 0.0006835577660240233, 0.00017673210822977126, 3.2981160984491e-06], "lowlevel.erbbands.mean": [0.0372154526412487, 0.7663984298706055, 5.201449871063232, 9.783557891845703, 11.832317352294922, 5.105143070220947, 2.4212348461151123, 6.082360744476318, 13.37269115447998, 17.176986694335938, 23.084936141967773, 28.16006851196289, 40.84366989135742, 32.63178253173828, 24.14381980895996, 30.223609924316406, 28.01374626159668, 51.57146453857422, 28.28074073791504, 27.140560150146484, 28.994306564331055, 28.1701602935791, 23.153759002685547, 13.58994197845459, 22.155231475830078, 17.707351684570312, 4.3770012855529785, 4.698672771453857, 9.973954200744629, 8.004276275634766, 5.753358364105225, 6.030837059020996, 7.699936866760254, 3.8347361087799072, 1.1458194255828857, 0.3501530885696411, 0.08888919651508331, 0.009327227249741554, 0.00022527971304953098, 4.366251960163936e-05], "lowlevel.erbbands.stdev": [0.3240470886230469, 3.3648455142974854, 9.627269744873047, 9.895750999450684, 31.52276611328125, 16.66519546508789, 7.893369674682617, 20.693708419799805, 51.06736373901367, 59.244747161865234, 64.98493957519531, 76.82435607910156, 115.86495208740234, 102.08705139160156, 86.4222412109375, 83.02442932128906, 59.64781951904297, 115.48783874511719, 53.7483024597168, 60.78826141357422, 68.10595703125, 59.65699768066406, 48.28285217285156, 24.332962036132812, 39.4948844909668, 37.657718658447266, 9.8998441696167, 18.338787078857422, 51.194698333740234, 28.7406063079834, 16.114709854125977, 18.59859848022461, 21.30413055419922, 10.521931648254395, 3.4444282054901123, 1.1203774213790894, 0.2718231678009033, 0.029898731037974358, 0.0006391427014023066, 4.5310436689760536e-05], "lowlevel.gfcc.mean": [-31.692161560058594, 73.97492218017578, -122.94364929199219, 40.723854064941406, -55.190879821777344, 33.283409118652344, -43.777427673339844, 8.068761825561523, -29.901899337768555, -13.768486022949219, -18.563779830932617, -21.619808197021484, -13.773138046264648], "lowlevel.melbands.mean": [0.0005107125616632402, 0.0020612813532352448, 0.0018974293489009142, 0.0005472863558679819, 0.0001083438764908351, 0.0001339443406322971, 0.0002139546413673088, 0.00018009557970799506, 0.00020096401567570865, 0.0001744872279232368, 0.0002021893160417676, 0.00013202773698139936, 7.960066432133317e-05, 8.624338079243898e-05, 6.075315468478948e-05, 6.745708378730342e-05, 9.7514501248952e-05, 4.4005020754411817e-05, 3.484882472548634e-05, 3.7396526749944314e-05, 3.278363874414936e-05, 2.9077977160341106e-05, 2.7591788239078596e-05, 1.4657011888630223e-05, 1.0053429832623806e-05, 1.3689825209439732e-05, 1.9299466657685116e-05, 9.363267054141033e-06, 2.3145942122937413e-06, 2.4000291887205094e-06, 2.742195874816389e-06, 5.371625320549356e-06, 5.719723048969172e-06, 4.115526280656923e-06, 3.2514590202481486e-06, 3.1164297524810536e-06, 3.9382030081469566e-06, 5.549211437028134e-06, 4.776479272550205e-06, 2.7484143174660858e-06], "lowlevel.melbands.stdev": [0.0035200410056859255, 0.004164017271250486, 0.0023678182624280453, 0.001659248722717166, 0.00034296733792871237, 0.00044132128823548555, 0.0008046723669394851, 0.0006056732963770628, 0.0005723476642742753, 0.0004599579842761159, 0.0005885037826374173, 0.0004269717901479453, 0.00026502730906940997, 0.000277351209660992, 0.00015360403631348163, 0.0001440188498236239, 0.0002217335277236998, 8.968656038632616e-05, 7.882887439336628e-05, 8.942949352785945e-05, 8.371155126951635e-05, 6.731737812515348e-05, 5.790701470687054e-05, 3.151825876557268e-05, 1.987610085052438e-05, 2.452390981488861e-05, 3.983022179454565e-05, 2.1048619601060636e-05, 5.271043846732937e-06, 8.189180334738921e-06, 1.1577328223211225e-05, 2.7302972739562392e-05, 2.7967382266069762e-05, 1.3016520824749023e-05, 9.241987754649017e-06, 9.568686436978169e-06, 1.2749226698360872e-05, 1.5718014765297994e-05, 1.3049154404143337e-05, 7.796315912855789e-06], "lowlevel.melbands128.mean": [1.707894989522174e-05, 0.00016784599574748427, 0.0006283419788815081, 0.001322325668297708, 0.002763225929811597, 0.001925627700984478, 0.0017886108253151178, 0.0026620165444910526, 0.0009905417682603002, 0.000349438312696293, 0.00027575285639613867, 0.0001320916198892519, 4.90075908601284e-05, 9.031117224367335e-05, 0.0001302761520491913, 0.00015993957640603185, 0.00018066458869725466, 0.0002420880482532084, 0.00023009466531220824, 0.0002014317869907245, 0.00013917036994826049, 0.00015229319978971034, 0.00023596688697580248, 0.0002086878812406212, 0.00018829460896085948, 0.00013581031817011535, 0.00020030865562148392, 0.00025589793222025037, 0.00015765328134875745, 0.00012650851567741483, 0.0001402461639372632, 0.0001025698657031171, 6.493191904155537e-05, 6.796515663154423e-05, 8.969358896138147e-05, 8.937947131926194e-05, 9.397373651154339e-05, 3.9106456824811175e-05, 6.062572356313467e-05, 6.234903412405401e-05, 4.1995062929345295e-05, 0.0001168522794614546, 0.00012631675053853542, 7.758178253425285e-05, 3.932489198632538e-05, 4.07929765060544e-05, 4.666668246500194e-05, 2.8472113626776263e-05, 3.164706868119538e-05, 4.352194082457572e-05, 3.3661079214653e-05, 3.8403388316510245e-05, 3.500171078485437e-05, 2.875152313208673e-05, 3.114312858087942e-05, 2.9843198717571795e-05, 2.584836693131365e-05, 2.999779098900035e-05, 2.9504932172130793e-05, 2.1385258150985464e-05, 1.3176383617974352e-05, 9.781982043932658e-06, 1.076380522135878e-05, 9.664096978667658e-06, 9.735261301102582e-06, 1.2673391211137641e-05, 1.6674064681865275e-05, 1.867857645265758e-05, 2.0308287275838666e-05, 2.0688565200543962e-05, 9.47065473155817e-06, 4.091565642738715e-06, 2.1762891719845356e-06, 2.0969232537026983e-06, 2.1551791178353596e-06, 2.723056240938604e-06, 2.2974736566538922e-06, 2.1083565115986858e-06, 2.9113505206623813e-06, 3.0137989597278647e-06, 4.454138434084598e-06, 6.620825843128841e-06, 7.293494036275661e-06, 5.683940344169969e-06, 4.403018920129398e-06, 4.106104825041257e-06, 4.1612356653786264e-06, 3.8091930036898702e-06, 2.9672705750272144e-06, 3.007085524586728e-06, 3.376176437086542e-06, 3.006719225595589e-06, 2.9429149890347617e-06, 3.931036644644337e-06, 4.401883870741585e-06, 5.039611551183043e-06, 6.1091541283531114e-06, 5.961191163805779e-06, 4.9468267206975725e-06, 4.269390501576709e-06, 3.1833035336603643e-06, 2.626484274514951e-06, 2.0240365756762912e-06, 1.5392996601804043e-06, 1.2102710797989857e-06, 8.977242487162584e-07, 7.941163744362711e-07, 6.945753057152615e-07, 5.638577249555965e-07, 4.931262083118781e-07, 4.3384392256484716e-07, 2.8452498668229964e-07, 2.571475192780781e-07, 2.380538148827327e-07, 1.6148855763731262e-07, 9.578128157272658e-08, 2.4369875006868824e-08, 5.553634885302472e-09, 9.019838764778854e-10, 5.5428977380200806e-12, 5.217083275804724e-12, 3.876658109108755e-12, 3.541476573803992e-12, 3.4651717259470693e-12, 3.3681172000726844e-12, 3.250988887815165e-12, 3.1807661973054513e-12, 3.155625934170292e-12], "lowlevel.melbands128.stdev": [0.00012916189734824002, 0.0018652619328349829, 0.005727007053792477, 0.005663508549332619, 0.005454535596072674, 0.0035765115171670914, 0.0017279773019254208, 0.0034826360642910004, 0.003928188234567642, 0.0015905816107988358, 0.0010071307187899947, 0.000594429555349052, 0.00025783810997381806, 0.0003672379534691572, 0.000555895792786032, 0.0007010609260760248, 0.0007807486108504236, 0.0011982748983427882, 0.0010816435096785426, 0.0008812205051071942, 0.0006056267884559929, 0.0005649534869007766, 0.0008544937008991838, 0.0008016930660232902, 0.0007943514501675963, 0.0005094612715765834, 0.0006465685437433422, 0.0009956508874893188, 0.0006695164483971894, 0.0005792684969492257, 0.0006107402732595801, 0.00042121304431930184, 0.00025429084780626, 0.0004617689992301166, 0.000489731493871659, 0.0003170209238305688, 0.0003785249136853963, 0.00013135024346411228, 0.00023490544117521495, 0.0001645110605750233, 0.00010812996333697811, 0.00038831279380246997, 0.0003709792217705399, 0.00021489884238690138, 0.00010213156201643869, 0.00013580585073214024, 0.00011382358206901699, 0.00010159519297303632, 0.00010924013622570783, 0.00013430473336484283, 0.00011572265066206455, 0.00012248553684912622, 0.00010345052578486502, 9.622354264138266e-05, 9.567382221575826e-05, 8.144766616169363e-05, 7.871573325246572e-05, 7.885821105446666e-05, 7.145341078285128e-05, 6.300188397290185e-05, 3.2346590160159394e-05, 2.144795871572569e-05, 2.4587385269114748e-05, 2.4884415324777365e-05, 2.014527126448229e-05, 2.5772695153136738e-05, 3.523071063682437e-05, 4.4082753447582945e-05, 5.3466137615032494e-05, 5.486623922479339e-05, 2.501533344911877e-05, 9.95089521893533e-06, 5.031603905081283e-06, 5.973216502752621e-06, 6.437288902816363e-06, 9.17218676477205e-06, 9.307334948971402e-06, 8.407865607296117e-06, 1.414230155205587e-05, 1.3232895980763715e-05, 2.048597889370285e-05, 3.4539720218162984e-05, 5.0269798521185294e-05, 2.6028530555777252e-05, 1.9163029719493352e-05, 1.5074063412612304e-05, 1.3361371202336159e-05, 1.2942531611770391e-05, 8.10043275123462e-06, 9.948685146810021e-06, 1.086721931642387e-05, 9.926146049110685e-06, 9.633201443648431e-06, 1.4461292266787495e-05, 1.5074291695782449e-05, 1.528210486867465e-05, 1.846709164965432e-05, 1.6871324987732805e-05, 1.4378228115674574e-05, 1.204997897730209e-05, 8.757900104683358e-06, 8.432792128587607e-06, 5.952845640422311e-06, 4.7066237129911315e-06, 4.0655645534570795e-06, 3.090001200689585e-06, 3.030799007319729e-06, 2.324680508536403e-06, 1.910017772388528e-06, 1.6877199868758908e-06, 1.615321252756985e-06, 9.552925348543795e-07, 8.543725016352255e-07, 7.927857268441585e-07, 5.731064334213443e-07, 3.892221229762072e-07, 1.0291164898035277e-07, 6.41542570178899e-08, 1.0296320240854584e-08, 2.842830137961272e-11, 3.1930340316232986e-11, 7.790241542127152e-12, 5.941478212201368e-12, 5.82172114335644e-12, 5.723559213383078e-12, 5.647426103150277e-12, 5.5921196492891845e-12, 5.5580852420522575e-12], "lowlevel.mfcc.mean": [-667.4652709960938, 96.10491180419922, 2.76712703704834, 8.053650856018066, 20.30642318725586, 8.635186195373535, 10.677119255065918, 6.950084686279297, -0.5715410113334656, 5.500338554382324, -4.336256980895996, -8.949331283569336, -5.470719814300537], "lowlevel.spectral_contrast_coeffs.mean": [-0.6167616844177246, -0.761294424533844, -0.7709298729896545, -0.790726900100708, -0.7737217545509338, -0.7939354181289673], "lowlevel.spectral_contrast_coeffs.stdev": [0.07468072324991226, 0.09645838290452957, 0.0853266492486, 0.062432605773210526, 0.06415002793073654, 0.03696607053279877], "lowlevel.spectral_contrast_valleys.mean": [-7.6461358070373535, -7.596460819244385, -7.644758701324463, -7.662842750549316, -7.898117542266846, -10.037932395935059], "lowlevel.spectral_contrast_valleys.stdev": [1.1288145780563354, 0.9158955216407776, 0.8187249302864075, 0.8533260226249695, 0.9252097606658936, 1.0384504795074463], "rhythm.beats_loudness_band_ratio.mean": [0.5036425590515137, 0.038592319935560226, 0.13419991731643677, 0.11838041245937347, 0.09171809256076813, 0.1298902928829193], "rhythm.beats_loudness_band_ratio.stdev": [0.33716991543769836, 0.05453851819038391, 0.2011961191892624, 0.14204807579517365, 0.11026568710803986, 0.23088058829307556], "tonal.hpcp.mean": [0.3750273287296295, 0.23440521955490112, 0.07348538190126419, 0.06559716165065765, 0.06627707183361053, 0.06221659108996391, 0.06933129578828812, 0.06362497061491013, 0.04952158033847809, 0.047193560749292374, 0.05215173959732056, 0.060658399015665054, 0.053476762026548386, 0.042802080512046814, 0.047782305628061295, 0.07280612736940384, 0.07937178760766983, 0.0662279948592186, 0.058292172849178314, 0.05680486187338829, 0.22654989361763, 0.5614893436431885, 0.4240894615650177, 0.09414686262607574, 0.06981687247753143, 0.0651782974600792, 0.06591340899467468, 0.07601448893547058, 0.07936292886734009, 0.08317398279905319, 0.09129601716995239, 0.08213038742542267, 0.06923095136880875, 0.06241188570857048, 0.05343790352344513, 0.20753321051597595], "tonal.hpcp.stdev": [0.4292026162147522, 0.26738736033439636, 0.17337092757225037, 0.17226026952266693, 0.18918409943580627, 0.1691896915435791, 0.1471395343542099, 0.14506028592586517, 0.1287088394165039, 0.13441039621829987, 0.14814043045043945, 0.16284461319446564, 0.13773226737976074, 0.10659327358007431, 0.11304519325494766, 0.15551449358463287, 0.16487371921539307, 0.15765707194805145, 0.1487315446138382, 0.15438276529312134, 0.1936543583869934, 0.3930465877056122, 0.31421810388565063, 0.18504837155342102, 0.16687041521072388, 0.163173109292984, 0.1639273464679718, 0.17272941768169403, 0.16673186421394348, 0.1832605004310608, 0.2085319459438324, 0.18817761540412903, 0.1573827564716339, 0.16133643686771393, 0.13147808611392975, 0.2440226525068283], "rhythm.beats_position": [0.4527890980243683, 0.9287981986999512, 1.4164172410964966, 1.904036283493042, 2.391655206680298, 2.867664337158203, 3.3436734676361084, 3.8312923908233643, 4.3073015213012695, 4.783310413360596, 5.24770975112915, 5.712108612060547, 6.2809977531433105, 6.861496448516846, 7.430385589599609, 8.010884284973145, 8.57977294921875, 9.148661613464355, 9.717551231384277, 10.286439895629883, 10.843718528747559, 11.435827255249023, 12.144036293029785, 12.8406343460083, 13.525623321533203, 14.222222328186035, 14.907210350036621, 15.592199325561523, 16.26557731628418, 16.962177276611328, 17.658775329589844, 18.35537338256836, 19.063581466674805, 19.748571395874023, 20.43355941772461], "rhythm.bpm_histogram": [0.0, 0.0, 0.0, 0.0, 0.0, 0.0, 0.0, 0.0, 0.0, 0.0, 0.0, 0.0, 0.0, 0.0, 0.0, 0.0, 0.0, 0.0, 0.0, 0.0, 0.0, 0.0, 0.0, 0.0, 0.0, 0.0, 0.0, 0.0, 0.0, 0.0, 0.0, 0.0, 0.0, 0.0, 0.0, 0.0, 0.0, 0.0, 0.0, 0.0, 0.0, 0.0, 0.0, 0.0, 0.0, 0.0, 0.0, 0.0, 0.0, 0.0, 0.0, 0.0, 0.0, 0.0, 0.0, 0.0, 0.0, 0.0, 0.0, 0.0, 0.0, 0.0, 0.0, 0.0, 0.0, 0.0, 0.0, 0.0, 0.0, 0.0, 0.0, 0.0, 0.0, 0.0, 0.0, 0.0, 0.0, 0.0, 0.0, 0.0, 0.0, 0.0, 0.0, 0.0, 0.0, 0.05882352963089943, 0.14705882966518402, 0.0, 0.14705882966518402, 0.029411764815449715, 0.0, 0.0, 0.0, 0.0, 0.0, 0.0, 0.0, 0.0, 0.0, 0.0, 0.0, 0.029411764815449715, 0.0, 0.05882352963089943, 0.0, 0.1764705926179886, 0.0, 0.0, 0.029411764815449715, 0.0, 0.0, 0.0, 0.0, 0.0, 0.0, 0.0, 0.0, 0.0, 0.0, 0.0, 0.0, 0.0, 0.0, 0.11764705926179886, 0.0, 0.0, 0.14705882966518402, 0.0, 0.0, 0.05882352963089943, 0.0, 0.0, 0.0, 0.0, 0.0, 0.0, 0.0, 0.0, 0.0, 0.0, 0.0, 0.0, 0.0, 0.0, 0.0, 0.0, 0.0, 0.0, 0.0, 0.0, 0.0, 0.0, 0.0, 0.0, 0.0, 0.0, 0.0, 0.0, 0.0, 0.0, 0.0, 0.0, 0.0, 0.0, 0.0, 0.0, 0.0, 0.0, 0.0, 0.0, 0.0, 0.0, 0.0, 0.0, 0.0, 0.0, 0.0, 0.0, 0.0, 0.0, 0.0, 0.0, 0.0, 0.0, 0.0, 0.0, 0.0, 0.0, 0.0, 0.0, 0.0, 0.0, 0.0, 0.0, 0.0, 0.0, 0.0, 0.0, 0.0, 0.0, 0.0, 0.0, 0.0, 0.0, 0.0, 0.0, 0.0, 0.0, 0.0, 0.0, 0.0, 0.0, 0.0, 0.0, 0.0, 0.0, 0.0, 0.0, 0.0, 0.0, 0.0, 0.0, 0.0, 0.0, 0.0, 0.0, 0.0, 0.0, 0.0, 0.0, 0.0, 0.0, 0.0, 0.0, 0.0, 0.0, 0.0, 0.0, 0.0, 0.0, 0.0, 0.0, 0.0, 0.0, 0.0, 0.0, 0.0, 0.0, 0.0, 0.0], "tonal.chords_histogram": [17.685588836669922, 20.74235725402832, 16.375545501708984, 0.6550218462944031, 0.0, 7.205240249633789, 3.0567686557769775, 23.14410400390625, 2.183406114578247, 0.21834060549736023, 0.0, 0.0, 0.0, 0.0, 0.0, 0.0, 0.0, 0.0, 1.3100436925888062, 0.0, 4.803493499755859, 0.0, 0.0, 2.6200873851776123], "tonal.thpcp": [1.0, 0.7552938461303711, 0.16767346858978271, 0.12434229254722595, 0.11608109623193741, 0.11739031225442886, 0.1353801041841507, 0.1413436084985733, 0.14813101291656494, 0.16259616613388062, 0.14627239108085632, 0.123298779129982, 0.11115417629480362, 0.09517171233892441, 0.3696120083332062, 0.6679152846336365, 0.41747045516967773, 0.130875825881958, 0.1168270856142044, 0.11803798377513885, 0.11080636084079742, 0.12347748875617981, 0.11331465095281601, 0.08819682896137238, 0.08405067771673203, 0.09288108348846436, 0.1080312579870224, 0.09524092078208923, 0.07622954994440079, 0.0850992202758789, 0.12966609001159668, 0.1413593888282776, 0.11795058101415634, 0.10381706058979034, 0.101168192923069, 0.40348032116889954], "lowlevel.gfcc.cov": [[6343.3232421875, -559.765869140625, -275.7271423339844, -308.6415710449219, -91.3451156616211, -347.67474365234375, -336.34869384765625, 579.1371459960938, -57.96110153198242, 335.4638671875, -76.69931030273438, 222.12425231933594, -466.2388916015625], [-559.765869140625, 3210.82373046875, -191.09608459472656, 290.33563232421875, 458.87420654296875, -13.396194458007812, 320.0323181152344, -374.4383544921875, 153.59642028808594, -423.0923156738281, 252.15713500976562, -460.1645202636719, 257.79693603515625], [-275.7271423339844, -191.09608459472656, 1867.0570068359375, 740.2825927734375, 168.3122100830078, 450.1731262207031, 107.67626190185547, -211.47889709472656, -67.65867614746094, 170.36245727539062, -262.2325439453125, 201.45452880859375, -97.78437042236328], [-308.6415710449219, 290.33563232421875, 740.2825927734375, 884.7403564453125, 169.58364868164062, 150.0096435546875, 82.92302703857422, -222.05877685546875, -12.807604789733887, -34.542877197265625, -58.19141387939453, -9.207175254821777, 45.297393798828125], [-91.3451156616211, 458.87420654296875, 168.3122100830078, 169.58364868164062, 370.14666748046875, 206.09317016601562, 155.1256103515625, -74.07267761230469, 1.0194034576416016, -38.37479019165039, -20.009477615356445, -60.136348724365234, 17.054180145263672], [-347.67474365234375, -13.396194458007812, 450.1731262207031, 150.0096435546875, 206.09317016601562, 533.1612548828125, 234.55850219726562, -91.35030364990234, -4.934414863586426, -6.169729709625244, -70.5261459350586, 0.7688089609146118, 18.875520706176758], [-336.34869384765625, 320.0323181152344, 107.67626190185547, 82.92302703857422, 155.1256103515625, 234.55850219726562, 329.65045166015625, -22.933208465576172, 1.2800335884094238, -76.44577026367188, 3.242659330368042, -59.588462829589844, 39.365386962890625], [579.1371459960938, -374.4383544921875, -211.47889709472656, -222.05877685546875, -74.07267761230469, -91.35030364990234, -22.933208465576172, 321.685546875, 55.744136810302734, 69.61417388916016, 0.3688729703426361, 36.49627685546875, -64.26661682128906], [-57.96110153198242, 153.59642028808594, -67.65867614746094, -12.807604789733887, 1.0194034576416016, -4.934414863586426, 1.2800335884094238, 55.744136810302734, 155.29100036621094, 10.420682907104492, 38.38260269165039, -41.453041076660156, 37.07301330566406], [335.4638671875, -423.0923156738281, 170.36245727539062, -34.542877197265625, -38.37479019165039, -6.169729709625244, -76.44577026367188, 69.61417388916016, 10.420682907104492, 189.52346801757812, -46.906028747558594, 94.31897735595703, -89.2764663696289], [-76.69931030273438, 252.15713500976562, -262.2325439453125, -58.19141387939453, -20.009477615356445, -70.5261459350586, 3.242659330368042, 0.3688729703426361, 38.38260269165039, -46.906028747558594, 171.37083435058594, -41.977561950683594, 45.11943435668945], [222.12425231933594, -460.1645202636719, 201.45452880859375, -9.207175254821777, -60.136348724365234, 0.7688089609146118, -59.588462829589844, 36.49627685546875, -41.453041076660156, 94.31897735595703, -41.977561950683594, 180.0832977294922, -52.436161041259766], [-466.2388916015625, 257.79693603515625, -97.78437042236328, 45.297393798828125, 17.054180145263672, 18.875520706176758, 39.365386962890625, -64.26661682128906, 37.07301330566406, -89.2764663696289, 45.11943435668945, -52.436161041259766, 140.5198211669922]], "lowlevel.gfcc.icov": [[0.0002854484773706645, -0.00020967012096662074, 0.00019087546388618648, -0.00018239337077829987, 6.910983211128041e-05, -0.00020234630210325122, 0.0003256647032685578, -0.0005704481736756861, 0.0002587908529676497, -0.00023515624343417585, 0.00015967257786542177, -0.00042097800178453326, 0.0007640153053216636], [-0.00020967012096662074, 0.0012292249593883753, -0.0006347603048197925, 0.0004989741719327867, -0.0011751727433875203, 0.001203915337100625, -0.0008086125017143786, 0.001349159749224782, -0.001196194556541741, 0.00144039501901716, -0.0011118489783257246, 0.001767510548233986, -0.0004816183354705572], [0.00019087546388618648, -0.0006347603048197925, 0.001957512926310301, -0.001361075439490378, 0.0007420722395181656, -0.00143235654104501, 0.00029095762874931097, -0.00020908607984893024, 0.00025667157024145126, -0.0014006062410771847, 0.0017576762475073338, -0.0021753052715212107, 0.0011903198901563883], [-0.00018239337077829987, 0.0004989741719327867, -0.001361075439490378, 0.0024758698418736458, -0.001023565884679556, 0.0011346229584887624, -0.0004914592718705535, 0.0013334701070562005, -0.0007150435703806579, 0.001040025963447988, -0.0006951394607312977, 0.0011994882952421904, -0.0010262762662023306], [6.910983211128041e-05, -0.0011751727433875203, 0.0007420722395181656, -0.001023565884679556, 0.005299888551235199, -0.0022481924388557673, -0.00028748667682521045, -0.0007937253685668111, 0.001079684472642839, -0.0015524891205132008, 0.0012538885930553079, -0.0005604333127848804, 0.0007249756599776447], [-0.00020234630210325122, 0.001203915337100625, -0.00143235654104501, 0.0011346229584887624, -0.0022481924388557673, 0.005195852369070053, -0.003048849059268832, 0.002016258891671896, -0.0016051869606599212, 0.000989310210570693, -0.0004469286650419235, 0.0014699732419103384, -0.001147345989011228], [0.0003256647032685578, -0.0008086125017143786, 0.00029095762874931097, -0.0004914592718705535, -0.00028748667682521045, -0.003048849059268832, 0.006398772820830345, -0.0024649868719279766, 0.001512129558250308, 0.0008719153702259064, -9.533529373584315e-05, -0.0002586605551186949, 0.000538528140168637], [-0.0005704481736756861, 0.001349159749224782, -0.00020908607984893024, 0.0013334701070562005, -0.0007937253685668111, 0.002016258891671896, -0.0024649868719279766, 0.007325084879994392, -0.004126113373786211, 0.0009628814295865595, -0.00024223985383287072, 0.0006427552434615791, 0.0009408849291503429], [0.0002587908529676497, -0.001196194556541741, 0.00025667157024145126, -0.0007150435703806579, 0.001079684472642839, -0.0016051869606599212, 0.001512129558250308, -0.004126113373786211, 0.011032468639314175, -0.0045878030359745026, -0.0008759181364439428, 0.001669719466008246, -0.0036849225871264935], [-0.00023515624343417585, 0.00144039501901716, -0.0014006062410771847, 0.001040025963447988, -0.0015524891205132008, 0.000989310210570693, 0.0008719153702259064, 0.0009628814295865595, -0.0045878030359745026, 0.013153630308806896, -0.0008214817498810589, -0.0015904029132798314, 0.004756537266075611], [0.00015967257786542177, -0.0011118489783257246, 0.0017576762475073338, -0.0006951394607312977, 0.0012538885930553079, -0.0004469286650419235, -9.533529373584315e-05, -0.00024223985383287072, -0.0008759181364439428, -0.0008214817498810589, 0.009465959854424, -0.002263918286189437, -0.0003344794095028192], [-0.00042097800178453326, 0.001767510548233986, -0.0021753052715212107, 0.0011994882952421904, -0.0005604333127848804, 0.0014699732419103384, -0.0002586605551186949, 0.0006427552434615791, 0.001669719466008246, -0.0015904029132798314, -0.002263918286189437, 0.01269741915166378, -0.002288751071318984], [0.0007640153053216636, -0.0004816183354705572, 0.0011903198901563883, -0.0010262762662023306, 0.0007249756599776447, -0.001147345989011228, 0.000538528140168637, 0.0009408849291503429, -0.0036849225871264935, 0.004756537266075611, -0.0003344794095028192, -0.002288751071318984, 0.01528718788176775]], "lowlevel.mfcc.cov": [[5462.869140625, -264.790771484375, -816.8522338867188, -46.33346176147461, -48.42916488647461, -743.56884765625, -245.80862426757812, -3.8357338905334473, -214.1736297607422, 200.22557067871094, 159.98187255859375, 124.59764099121094, 287.59423828125], [-264.790771484375, 2263.5302734375, -235.84901428222656, 128.47422790527344, 148.9928741455078, 145.67916870117188, 185.1003875732422, 18.25533103942871, 20.954992294311523, 56.919429779052734, -72.66056823730469, -12.846986770629883, -47.11642837524414], [-816.8522338867188, -235.84901428222656, 1529.517822265625, 494.27935791015625, 218.94825744628906, 652.3657836914062, 92.65869140625, 37.016326904296875, 173.48178100585938, -125.07564544677734, 23.67892074584961, 36.33616256713867, -53.588035583496094], [-46.33346176147461, 128.47422790527344, 494.27935791015625, 708.4486694335938, 157.72312927246094, 233.52989196777344, 6.115062236785889, -12.622136116027832, 9.109135627746582, -77.4254379272461, -13.287639617919922, -20.52080726623535, -7.064676284790039], [-48.42916488647461, 148.9928741455078, 218.94825744628906, 157.72312927246094, 269.037841796875, 200.1932373046875, 47.34370803833008, 9.469669342041016, 61.394710540771484, 2.634183406829834, -2.3731565475463867, 31.45905303955078, -9.383963584899902], [-743.56884765625, 145.67916870117188, 652.3657836914062, 233.52989196777344, 200.1932373046875, 783.8792114257812, 263.1393127441406, 60.89150619506836, 183.75668334960938, -105.73136138916016, 14.101683616638184, 25.93134307861328, -109.9124984741211], [-245.80862426757812, 185.1003875732422, 92.65869140625, 6.115062236785889, 47.34370803833008, 263.1393127441406, 308.8985595703125, 125.91749572753906, 91.0490951538086, -2.7871227264404297, 26.037891387939453, 3.5790774822235107, -52.10834884643555], [-3.8357338905334473, 18.25533103942871, 37.016326904296875, -12.622136116027832, 9.469669342041016, 60.89150619506836, 125.91749572753906, 173.78741455078125, 83.44429779052734, 26.14883804321289, 31.536983489990234, 1.62226140499115, 5.810910224914551], [-214.1736297607422, 20.954992294311523, 173.48178100585938, 9.109135627746582, 61.394710540771484, 183.75668334960938, 91.0490951538086, 83.44429779052734, 214.96131896972656, 47.326072692871094, 28.41103744506836, 6.297713756561279, -27.85935401916504], [200.22557067871094, 56.919429779052734, -125.07564544677734, -77.4254379272461, 2.634183406829834, -105.73136138916016, -2.7871227264404297, 26.14883804321289, 47.326072692871094, 149.91490173339844, 56.50879669189453, 4.829299449920654, 11.424832344055176], [159.98187255859375, -72.66056823730469, 23.67892074584961, -13.287639617919922, -2.3731565475463867, 14.101683616638184, 26.037891387939453, 31.536983489990234, 28.41103744506836, 56.50879669189453, 122.49324798583984, 30.25283432006836, 5.153239727020264], [124.59764099121094, -12.846986770629883, 36.33616256713867, -20.52080726623535, 31.45905303955078, 25.93134307861328, 3.5790774822235107, 1.62226140499115, 6.297713756561279, 4.829299449920654, 30.25283432006836, 101.32212829589844, 43.51482391357422], [287.59423828125, -47.11642837524414, -53.588035583496094, -7.064676284790039, -9.383963584899902, -109.9124984741211, -52.10834884643555, 5.810910224914551, -27.85935401916504, 11.424832344055176, 5.153239727020264, 43.51482391357422, 111.83589172363281]], "lowlevel.mfcc.icov": [[0.0002567172050476074, 3.2286046916851774e-05, 0.00011658333824016154, -0.00010942378867184743, -0.00011333883594488725, 0.00010217212548013777, 2.463022065057885e-05, -6.144446524558589e-05, 0.0001423333160346374, -0.0001362248440273106, -0.00027799297822639346, -0.0001214451840496622, -0.00038260480505414307], [3.2286046916851774e-05, 0.0005590252112597227, 0.00020799748017452657, -0.00020698222215287387, -0.0002017155202338472, -0.0001340819289907813, -0.00035368234966881573, 0.00010492935689399019, 0.00016189341840799898, -0.0005582517478615046, 0.0005397143540903926, -0.0001428880641469732, 4.822104165214114e-05], [0.00011658333824016154, 0.00020799748017452657, 0.0014300696784630418, -0.0006767313461750746, -0.00013488149852491915, -0.0009656562469899654, 0.000601676816586405, -0.0002723954094108194, -0.00034716891241259873, 0.00022436796280089766, -0.00026437969063408673, -0.00031460970058105886, -0.000210359095945023], [-0.00010942378867184743, -0.00020698222215287387, -0.0006767313461750746, 0.002274878555908799, -0.0009214273886755109, -0.00014297469169832766, 0.00025727011961862445, 2.6317624360672198e-05, 0.0003881420998368412, 0.0008019242086447775, -0.0004612452758010477, 0.0014667125651612878, -0.0006203704397194088], [-0.00011333883594488725, -0.0002017155202338472, -0.00013488149852491915, -0.0009214273886755109, 0.005773327313363552, -0.0014413048047572374, 0.00038595907972194254, 3.343137723277323e-05, -0.0002474873326718807, -0.0019307613838464022, 0.0015461022267118096, -0.0018684762762859464, 0.00012101065658498555], [0.00010217212548013777, -0.0001340819289907813, -0.0009656562469899654, -0.00014297469169832766, -0.0014413048047572374, 0.004755854140967131, -0.002824423834681511, 0.0015081468736752868, -0.002420220524072647, 0.003184889443218708, -0.0011492219055071473, -0.0009827731410041451, 0.0018748760921880603], [2.463022065057885e-05, -0.00035368234966881573, 0.000601676816586405, 0.00025727011961862445, 0.00038595907972194254, -0.002824423834681511, 0.007738413754850626, -0.00509856129065156, 0.0009632234578020871, -0.0005594792892225087, -0.00023602556029800326, -0.0005356456968002021, 0.0017356647877022624], [-6.144446524558589e-05, 0.00010492935689399019, -0.0002723954094108194, 2.6317624360672198e-05, 3.343137723277323e-05, 0.0015081468736752868, -0.00509856129065156, 0.010963532142341137, -0.0036554145626723766, 0.0007865580264478922, -0.0015298092039301991, 0.0017259161686524749, -0.0029788941610604525], [0.0001423333160346374, 0.00016189341840799898, -0.00034716891241259873, 0.0003881420998368412, -0.0002474873326718807, -0.002420220524072647, 0.0009632234578020871, -0.0036554145626723766, 0.009168521501123905, -0.004736168775707483, 0.001100889639928937, -0.00015058975259307772, 0.0005753852892667055], [-0.0001362248440273106, -0.0005582517478615046, 0.00022436796280089766, 0.0008019242086447775, -0.0019307613838464022, 0.003184889443218708, -0.0005594792892225087, 0.0007865580264478922, -0.004736168775707483, 0.013535470701754093, -0.006090532522648573, 0.0013872327981516719, 0.00011815447942353785], [-0.00027799297822639346, 0.0005397143540903926, -0.00026437969063408673, -0.0004612452758010477, 0.0015461022267118096, -0.0011492219055071473, -0.00023602556029800326, -0.0015298092039301991, 0.001100889639928937, -0.006090532522648573, 0.012950530275702477, -0.004094561096280813, 0.0016490962589159608], [-0.0001214451840496622, -0.0001428880641469732, -0.00031460970058105886, 0.0014667125651612878, -0.0018684762762859464, -0.0009827731410041451, -0.0005356456968002021, 0.0017259161686524749, -0.00015058975259307772, 0.0013872327981516719, -0.004094561096280813, 0.015535960905253887, -0.007303424645215273], [-0.00038260480505414307, 4.822104165214114e-05, -0.000210359095945023, -0.0006203704397194088, 0.00012101065658498555, 0.0018748760921880603, 0.0017356647877022624, -0.0029788941610604525, 0.0005753852892667055, 0.00011815447942353785, 0.0016490962589159608, -0.007303424645215273, 0.015519177541136742]], "metadata.audio_properties.analysis.downmix": "mix", "metadata.audio_properties.codec": "mp3", "metadata.audio_properties.md5_encoded": "969a2379adb7c6c19f97803e9005ac87", "metadata.tags.file_name": "1183709074437722142.mp3", "metadata.version.essentia": "2.1-beta6-dev", "metadata.version.essentia_git_sha": "v2.1_beta5-1110-g77a6a954", "metadata.version.extractor": "music 2.0", "tonal.chords_key": "A", "tonal.chords_scale": "major", "tonal.key_edma.key": "A", "tonal.key_edma.scale": "minor", "to