{"song_id": "1183714660592140338", "download": "https://cdn.discordapp.com/attachments/1135903449314238464/1183714660592140338/chirp.mp4?ex=6589572f&amp", "lyrics": "Sana, at thirteen, in Okinawa's embrace,\nShort black hair framing a gentle face.\nEyes that twinkle, like stars in the night,\nHer spirit blossoms, pure and bright.\n\nIn the land of cherry blossoms, she dreams,\nA world of possibilities, in gentle streams.\nWith laughter that echoes through the island breeze,\nSana dances through life with such ease.", "style": ["forr\u00f3"], "essentia_features": {"lowlevel.average_loudness": 0.9059364199638367, "lowlevel.barkbands_crest.mean": 11.362852096557617, "lowlevel.barkbands_crest.stdev": 2.0668702125549316, "lowlevel.barkbands_flatness_db.mean": 0.4229700565338135, "lowlevel.barkbands_flatness_db.stdev": 0.08435280621051788, "lowlevel.barkbands_kurtosis.mean": 19.8851375579834, "lowlevel.barkbands_kurtosis.stdev": 19.326610565185547, "lowlevel.barkbands_skewness.mean": 1.7407013177871704, "lowlevel.barkbands_skewness.stdev": 1.860211968421936, "lowlevel.barkbands_spread.mean": 1.7658681869506836, "lowlevel.barkbands_spread.stdev": 1.9244511127471924, "lowlevel.dissonance.mean": 0.3535657823085785, "lowlevel.dissonance.stdev": 0.06062169373035431, "lowlevel.dynamic_complexity": 2.484768867492676, "lowlevel.erbbands_crest.mean": 17.369930267333984, "lowlevel.erbbands_crest.stdev": 4.477226257324219, "lowlevel.erbbands_flatness_db.mean": 0.3486931622028351, "lowlevel.erbbands_flatness_db.stdev": 0.07402466982603073, "lowlevel.erbbands_kurtosis.mean": 29.65105628967285, "lowlevel.erbbands_kurtosis.stdev": 20.15467071533203, "lowlevel.erbbands_skewness.mean": 3.2471063137054443, "lowlevel.erbbands_skewness.stdev": 1.755324363708496, "lowlevel.erbbands_spread.mean": 8.370222091674805, "lowlevel.erbbands_spread.stdev": 10.146660804748535, "lowlevel.hfc.mean": 7.0096354484558105, "lowlevel.hfc.stdev": 4.691433429718018, "lowlevel.loudness_ebu128.integrated": -19.122995376586914, "lowlevel.loudness_ebu128.loudness_range": 5.366756439208984, "lowlevel.loudness_ebu128.momentary.mean": -19.84729766845703, "lowlevel.loudness_ebu128.momentary.stdev": 2.5359694957733154, "lowlevel.loudness_ebu128.short_term.mean": -19.654909133911133, "lowlevel.loudness_ebu128.short_term.stdev": 2.240001678466797, "lowlevel.melbands_crest.mean": 13.532820701599121, "lowlevel.melbands_crest.stdev": 2.1195273399353027, "lowlevel.melbands_flatness_db.mean": 0.5144028663635254, "lowlevel.melbands_flatness_db.stdev": 0.1007876768708229, "lowlevel.melbands_kurtosis.mean": 26.582162857055664, "lowlevel.melbands_kurtosis.stdev": 37.11471176147461, "lowlevel.melbands_skewness.mean": 1.846019983291626, "lowlevel.melbands_skewness.stdev": 2.0085692405700684, "lowlevel.melbands_spread.mean": 1.853695273399353, "lowlevel.melbands_spread.stdev": 2.617633581161499, "lowlevel.pitch_salience.mean": 0.5839505791664124, "lowlevel.pitch_salience.stdev": 0.07736099511384964, "lowlevel.silence_rate_20dB.mean": 1.0, "lowlevel.silence_rate_20dB.stdev": 0.0, "lowlevel.silence_rate_30dB.mean": 1.0, "lowlevel.silence_rate_30dB.stdev": 0.0, "lowlevel.silence_rate_60dB.mean": 0.0011587485205382109, "lowlevel.silence_rate_60dB.stdev": 0.03402106463909149, "lowlevel.spectral_centroid.mean": 253.09420776367188, "lowlevel.spectral_centroid.stdev": 79.91544342041016, "lowlevel.spectral_complexity.mean": 4.364426612854004, "lowlevel.spectral_complexity.stdev": 1.794769287109375, "lowlevel.spectral_decrease.mean": -8.182643895793262e-09, "lowlevel.spectral_decrease.stdev": 5.112428258513546e-09, "lowlevel.spectral_energy.mean": 0.031518954783678055, "lowlevel.spectral_energy.stdev": 0.019711801782250404, "lowlevel.spectral_energyband_high.mean": 3.2027597626438364e-05, "lowlevel.spectral_energyband_high.stdev": 8.96783167263493e-05, "lowlevel.spectral_energyband_low.mean": 0.010335223749279976, "lowlevel.spectral_energyband_low.stdev": 0.005650705192238092, "lowlevel.spectral_energyband_middle_high.mean": 0.00014005860430188477, "lowlevel.spectral_energyband_middle_high.stdev": 0.00029767045634798706, "lowlevel.spectral_energyband_middle_low.mean": 0.024624157696962357, "lowlevel.spectral_energyband_middle_low.stdev": 0.017007475718855858, "lowlevel.spectral_entropy.mean": 5.113417148590088, "lowlevel.spectral_entropy.stdev": 0.6966797113418579, "lowlevel.spectral_flux.mean": 0.033998701721429825, "lowlevel.spectral_flux.stdev": 0.014643555507063866, "lowlevel.spectral_kurtosis.mean": 44.91372299194336, "lowlevel.spectral_kurtosis.stdev": 60.21805191040039, "lowlevel.spectral_rms.mean": 0.005290120840072632, "lowlevel.spectral_rms.stdev": 0.0016627758741378784, "lowlevel.spectral_rolloff.mean": 295.40472412109375, "lowlevel.spectral_rolloff.stdev": 177.01934814453125, "lowlevel.spectral_skewness.mean": 4.834404945373535, "lowlevel.spectral_skewness.stdev": 2.9755046367645264, "lowlevel.spectral_spread.mean": 2536961.5, "lowlevel.spectral_spread.stdev": 1503404.625, "lowlevel.spectral_strongpeak.mean": 0.7447002530097961, "lowlevel.spectral_strongpeak.stdev": 0.5161364078521729, "lowlevel.zerocrossingrate.mean": 0.01303903292864561, "lowlevel.zerocrossingrate.stdev": 0.006057787220925093, "metadata.audio_properties.analysis.equal_loudness": 0.0, "metadata.audio_properties.analysis.length": 40.04265213012695, "metadata.audio_properties.analysis.sample_rate": 44100.0, "metadata.audio_properties.analysis.start_time": 0.0, "metadata.audio_properties.bit_rate": 108254.0, "metadata.audio_properties.length": 40.042667388916016, "metadata.audio_properties.lossless": 0.0, "metadata.audio_properties.number_channels": 1.0, "metadata.audio_properties.replay_gain": -8.04100227355957, "metadata.audio_properties.sample_rate": 48000.0, "rhythm.beats_count": 79.0, "rhythm.beats_loudness.mean": 0.03466687723994255, "rhythm.beats_loudness.stdev": 0.021186262369155884, "rhythm.bpm": 129.93133544921875, "rhythm.bpm_histogram_first_peak_bpm": 129.0, "rhythm.bpm_histogram_first_peak_weight": 0.5757575631141663, "rhythm.bpm_histogram_second_peak_bpm": 110.0, "rhythm.bpm_histogram_second_peak_spread": 0.384615421295166, "rhythm.bpm_histogram_second_peak_weight": 0.10256410390138626, "rhythm.danceability": 0.9176221489906311, "rhythm.onset_rate": 2.3468072414398193, "tonal.chords_changes_rate": 0.0243055559694767, "tonal.chords_number_rate": 0.0034722222480922937, "tonal.chords_strength.mean": 0.467585027217865, "tonal.chords_strength.stdev": 0.05895679071545601, "tonal.hpcp_crest.mean": 12.78244686126709, "tonal.hpcp_crest.stdev": 5.456880569458008, "tonal.hpcp_entropy.mean": 1.9890587329864502, "tonal.hpcp_entropy.stdev": 0.5448333621025085, "tonal.key_edma.strength": 0.7417256832122803, "tonal.key_krumhansl.strength": 0.7471644282341003, "tonal.key_temperley.strength": 0.7461243867874146, "tonal.tuning_diatonic_strength": 0.5801893472671509, "tonal.tuning_equal_tempered_deviation": 0.048446524888277054, "tonal.tuning_frequency": 438.2245178222656, "tonal.tuning_nontempered_energy_ratio": 0.6124706268310547, "lowlevel.barkbands.mean": [2.8055710572516546e-06, 0.0007209941395558417, 0.006001296918839216, 0.005404471419751644, 0.013524533249437809, 0.005443840753287077, 9.446437616134062e-05, 7.26475118426606e-05, 7.81510752858594e-05, 2.8248647140571848e-05, 1.5797486412338912e-05, 2.755146488198079e-05, 3.269426088081673e-05, 1.230792622664012e-05, 6.24465974397026e-06, 3.2868510970729403e-06, 6.950686838536058e-06, 1.9786268694588216e-06, 4.686666670750128e-06, 5.850400611961959e-06, 7.365431883954443e-06, 9.28058125282405e-06, 7.290357643796597e-06, 4.654637450585142e-06, 1.3541713315134984e-06, 2.4534617182325746e-07, 4.480486648361648e-09], "lowlevel.barkbands.stdev": [4.657785211747978e-06, 0.0003694441984407604, 0.0037838094867765903, 0.00413499167189002, 0.010500892996788025, 0.004134364891797304, 0.00032754597486928105, 0.0003432481607887894, 0.00036353428731672466, 9.345122816739604e-05, 8.578320557717234e-05, 0.00014217113493941724, 0.00010899668268393725, 3.79602970497217e-05, 2.3432872694684193e-05, 1.0491242392163258e-05, 1.6989821233437397e-05, 5.20857338415226e-06, 1.2875049833382946e-05, 1.5493653336307034e-05, 1.8328750229557045e-05, 2.514386324037332e-05, 2.6200466891168617e-05, 1.9481587514746934e-05, 6.124736501078587e-06, 1.126325742006884e-06, 2.946337751552619e-08], "lowlevel.erbbands.mean": [0.00437792856246233, 0.3346339762210846, 5.5699687004089355, 15.290024757385254, 26.5919189453125, 42.914241790771484, 88.45559692382812, 12.35947036743164, 2.0998737812042236, 0.9900293350219727, 1.5634812116622925, 1.6282954216003418, 1.336241602897644, 0.9974658489227295, 0.8599005341529846, 1.2000222206115723, 1.523769497871399, 0.7800220251083374, 0.4468955993652344, 0.24896441400051117, 0.22427161037921906, 0.385016530752182, 0.1491742879152298, 0.14285843074321747, 0.32537004351615906, 0.25371527671813965, 0.2632482945919037, 0.3007296323776245, 0.3868924379348755, 0.2597220838069916, 0.17917193472385406, 0.11065222322940826, 0.06420966237783432, 0.0245257206261158, 0.005208972841501236, 0.0013920930214226246, 0.0004307313065510243, 4.551419988274574e-05, 1.543992038932629e-05, 3.462778840912506e-05], "lowlevel.erbbands.stdev": [0.00222870334982872, 0.16417238116264343, 3.0330264568328857, 9.860072135925293, 25.05188751220703, 32.75572967529297, 67.04878234863281, 9.77368450164795, 5.593706130981445, 3.521549940109253, 6.256797790527344, 6.114603519439697, 6.490530490875244, 3.5020434856414795, 3.46919584274292, 5.9590535163879395, 5.214041233062744, 2.3189074993133545, 1.573846459388733, 0.9917470812797546, 0.5828824043273926, 0.9334671497344971, 0.3656150698661804, 0.3150652348995209, 0.8837168216705322, 0.6858856081962585, 0.7310505509376526, 0.6974214911460876, 1.0871185064315796, 0.8569257259368896, 0.6325205564498901, 0.4525298476219177, 0.2711862027645111, 0.10957582294940948, 0.022960633039474487, 0.006119738798588514, 0.002032001968473196, 0.00025477641611360013, 1.1118586371594574e-05, 2.169818435504567e-05], "lowlevel.gfcc.mean": [-188.30198669433594, 174.13014221191406, -34.57334518432617, 65.20381927490234, -58.651031494140625, -14.529732704162598, -36.959205627441406, -42.374717712402344, -28.34432029724121, -29.015525817871094, -9.129554748535156, -15.858099937438965, 1.6393481492996216], "lowlevel.melbands.mean": [9.90309490589425e-05, 0.0021097424905747175, 0.002737542847171426, 0.0028276804368942976, 0.002609284594655037, 0.0004119184741284698, 2.5486895538051613e-05, 1.2114817764086183e-05, 1.1766243915189989e-05, 1.0989489055646118e-05, 6.638073955400614e-06, 3.989963261119556e-06, 2.6456407340447186e-06, 3.534545157890534e-06, 3.056630703213159e-06, 2.6773789159051375e-06, 1.3695374718736275e-06, 7.452914019268064e-07, 3.891037181347201e-07, 2.41045484017377e-07, 2.6389568574813893e-07, 4.4111752117714786e-07, 2.2845576097552112e-07, 7.966855974927967e-08, 1.0823548279859097e-07, 2.0774953668478702e-07, 2.80158843679601e-07, 1.3268848420011636e-07, 1.3277971788738796e-07, 2.2144625688724773e-07, 1.5383507445676514e-07, 2.3366878565411753e-07, 1.5010739673471107e-07, 1.5440851086623297e-07, 1.1841950708912918e-07, 7.097736443029135e-08, 6.648379979878882e-08, 4.874265613352691e-08, 3.270050541459568e-08, 1.655773118613979e-08], "lowlevel.melbands.stdev": [5.13598533871118e-05, 0.0011419805232435465, 0.0019322099396958947, 0.0023440069053322077, 0.00194924499373883, 0.0003158169856760651, 8.278227323899046e-05, 5.178546780371107e-05, 4.3946554797003046e-05, 4.76769964734558e-05, 3.353664942551404e-05, 1.4636256310041063e-05, 1.3398414012044668e-05, 1.890422572614625e-05, 9.965360732167028e-06, 9.14017618924845e-06, 4.342202373663895e-06, 2.8413660402293317e-06, 1.2594108511621016e-06, 1.0089737543239607e-06, 6.787126949348021e-07, 1.1079041541961487e-06, 6.481152468040818e-07, 1.8339677865242265e-07, 2.479758052231773e-07, 5.528642645913351e-07, 7.629456604263396e-07, 3.8875262475812633e-07, 4.12806627991813e-07, 5.874695148122555e-07, 3.727535613506916e-07, 6.656180744357698e-07, 4.347234039414616e-07, 5.619659759759088e-07, 4.344400679201499e-07, 2.781823127406824e-07, 2.8126572715336806e-07, 2.0251150090189185e-07, 1.5670836717163183e-07, 7.273294500009797e-08], "lowlevel.melbands128.mean": [1.4993729564594105e-06, 2.478886244716705e-06, 1.0665842637536116e-05, 0.0005121030262671411, 0.002368158893659711, 0.0029668761417269707, 0.00342897092923522, 0.0021766547579318285, 0.0021716596093028784, 0.004378483630716801, 0.0017935297219082713, 0.0018812736961990595, 0.0044247484765946865, 0.0013104298850521445, 4.519484718912281e-05, 3.347756137372926e-05, 2.200405469920952e-05, 3.4610220609465614e-05, 1.5471774531761184e-05, 3.157919536533882e-06, 1.614931898075156e-05, 2.0440998923731968e-05, 8.162842277670279e-06, 6.5891154008568265e-06, 9.988651072490029e-06, 1.3186330761527643e-05, 1.4577424735762179e-05, 3.295337819508859e-06, 2.4463420231768396e-06, 5.57000066692126e-06, 3.867048235406401e-06, 2.193574573539081e-06, 3.3757867186068324e-06, 1.5272503333108034e-06, 3.815972377196886e-06, 4.8863380470720585e-06, 2.31916942539101e-06, 1.4421771084016655e-06, 5.04949002788635e-06, 4.040354269818636e-06, 1.8066713209918817e-06, 1.2473909691834706e-06, 1.6515815559614566e-06, 1.1633926533249905e-06, 9.20732247777778e-07, 6.897057573951315e-07, 6.230048938959953e-07, 2.720881582263246e-07, 3.446853327204735e-07, 4.305423146888643e-07, 1.1940963418055617e-07, 1.6529959623312607e-07, 3.4389918823762855e-07, 1.4931123359929188e-07, 4.615498596649559e-07, 5.356475867301924e-07, 3.588336312532192e-07, 3.431436255141307e-07, 1.376753147042109e-07, 1.0435069697223298e-07, 6.528719609377731e-08, 6.850189748774937e-08, 9.497963304738732e-08, 1.1164199520408147e-07, 1.4439386575304525e-07, 2.0789670429621765e-07, 2.529966991460242e-07, 2.35452915831047e-07, 3.6760025068360846e-07, 2.340869968975312e-07, 9.032148540200069e-08, 1.0403785211110517e-07, 1.138164194003366e-07, 1.3535294840494316e-07, 1.5631336225396808e-07, 2.526383298118162e-07, 2.4807968657114543e-07, 1.2912974511891662e-07, 1.4631402223130863e-07, 1.7085726256027556e-07, 1.6656156276440015e-07, 3.930890386527608e-07, 1.4056877262191847e-07, 1.307276846773675e-07, 1.1706058700156063e-07, 1.342597357734121e-07, 1.568004961427505e-07, 2.2058347326492367e-07, 1.0181876319848016e-07, 6.802904550795574e-08, 6.338648006476433e-08, 8.14711285102021e-08, 6.727425727603986e-08, 6.115416084639946e-08, 6.911803041020903e-08, 6.52828404668071e-08, 3.452995400721193e-08, 4.256688157511235e-08, 3.7186872248184955e-08, 2.5107601331342266e-08, 2.2060001825252584e-08, 1.5923538043693952e-08, 9.162872238732689e-09, 6.680858088969899e-09, 5.09843589568959e-09, 3.858339425732993e-09, 2.607622562322831e-09, 2.5593231978149333e-09, 2.3878212740413574e-09, 1.8543766522327587e-09, 1.535573224131781e-09, 1.649083869459389e-09, 1.2975683860716458e-09, 1.1380871800525938e-09, 8.473503565475937e-10, 3.82294945699968e-10, 1.4475054488372052e-10, 1.7708712968245166e-11, 5.176714959476136e-12, 4.8552281986524726e-12, 4.735087755919354e-12, 4.641814276701295e-12, 4.561404639419342e-12, 4.473754266348662e-12, 4.3467061547342034e-12, 4.164528531053202e-12, 4.06047244438934e-12, 4.029067444261125e-12], "lowlevel.melbands128.stdev": [2.3625434550922364e-06, 3.709741577040404e-06, 1.479172715335153e-05, 0.0002612573734950274, 0.001204191124998033, 0.0021289067808538675, 0.0021688039414584637, 0.002090992173179984, 0.0026150778867304325, 0.0036409541498869658, 0.0014299745671451092, 0.001429793774150312, 0.0033768496941775084, 0.0010087838163599372, 8.771839929977432e-05, 0.00017089727043639868, 0.00011458262451924384, 0.0001295190304517746, 6.265426054596901e-05, 2.0651010345318355e-05, 0.0001094363396987319, 9.160970512311906e-05, 4.6109624236123636e-05, 3.194019154761918e-05, 4.381989856483415e-05, 8.3432205428835e-05, 0.00010126309643965214, 1.1055028153350577e-05, 9.76528554019751e-06, 2.485559889464639e-05, 1.702779445622582e-05, 1.328832695435267e-05, 2.4862249119905755e-05, 6.180966011015698e-06, 1.9791896193055436e-05, 3.701665991684422e-05, 1.354544292553328e-05, 5.684339612344047e-06, 2.1107029169797897e-05, 1.8671766156330705e-05, 8.296007763419766e-06, 7.290694156836253e-06, 6.3506222431897186e-06, 4.172127773927059e-06, 5.226719167694682e-06, 3.365268185007153e-06, 3.3053681818273617e-06, 8.068562351581932e-07, 1.4487977750832215e-06, 2.850045575542026e-06, 3.957276248911512e-07, 5.274525278764486e-07, 1.2058520724167465e-06, 3.713446119490982e-07, 1.3555446685131756e-06, 1.532338501419872e-06, 1.1640394177447888e-06, 1.1270519735262496e-06, 5.601801831289777e-07, 2.905526343965903e-07, 1.6075675546289858e-07, 1.863265879364917e-07, 2.9662280098818883e-07, 2.65389729747767e-07, 3.546888933669834e-07, 5.248747925179487e-07, 9.285636224376503e-07, 8.698276587892906e-07, 1.0385015229985584e-06, 7.156305628086557e-07, 3.5093844985567557e-07, 3.387522156117484e-07, 4.0227200770459604e-07, 4.777191975335882e-07, 5.498745849763509e-07, 7.025605555099901e-07, 7.327795401579351e-07, 3.0086278002272593e-07, 3.821274958681897e-07, 5.185553391129361e-07, 4.847477157454705e-07, 1.3148569451004732e-06, 3.8990270923022763e-07, 4.216923059630062e-07, 3.670793944365869e-07, 5.273251986182004e-07, 6.059117936274561e-07, 9.141431291936897e-07, 3.950887048631557e-07, 2.4445304802611645e-07, 2.4265017373181763e-07, 3.468417162366677e-07, 3.198442755092401e-07, 2.6095779048773693e-07, 3.2274977002089145e-07, 2.747730150076677e-07, 1.5602927305735648e-07, 1.9332433964791562e-07, 2.0096111086331803e-07, 1.2743085164856893e-07, 1.0041323150744574e-07, 7.042117999844777e-08, 4.998824110202804e-08, 4.1076638979120617e-08, 2.571947632645788e-08, 1.6843911154751368e-08, 1.1705901137304409e-08, 1.3052001257563006e-08, 1.2115918934796355e-08, 9.607496131991411e-09, 8.653978866846046e-09, 9.201248651891092e-09, 7.325374973277121e-09, 6.940325203430575e-09, 5.355887733315967e-09, 2.8377673544355275e-09, 1.2054583997667123e-09, 1.2719103548164412e-10, 1.0774650269218533e-11, 7.338980985427401e-12, 7.168312384647768e-12, 7.010904443799371e-12, 6.876383143450404e-12, 6.759234665032476e-12, 6.662793147066415e-12, 6.583774324331326e-12, 6.527545431261883e-12, 6.4927230258859936e-12], "lowlevel.mfcc.mean": [-851.2244873046875, 184.27769470214844, 78.18418884277344, 70.34696960449219, 9.27745532989502, 24.58699607849121, -3.941934108734131, -5.830168724060059, -18.162952423095703, -17.083633422851562, -17.957117080688477, -15.366483688354492, -17.72825813293457], "lowlevel.spectral_contrast_coeffs.mean": [-0.6421584486961365, -0.8072931170463562, -0.8143613934516907, -0.8381530046463013, -0.8418066501617432, -0.7625221610069275], "lowlevel.spectral_contrast_coeffs.stdev": [0.03966866061091423, 0.06374373286962509, 0.050294529646635056, 0.05054502934217453, 0.04081704095005989, 0.05084916204214096], "lowlevel.spectral_contrast_valleys.mean": [-5.891728401184082, -8.507086753845215, -9.708101272583008, -10.256292343139648, -10.013307571411133, -12.693652153015137], "lowlevel.spectral_contrast_valleys.stdev": [0.4230946898460388, 0.6953133344650269, 1.040367841720581, 1.135994791984558, 1.029922366142273, 1.1644446849822998], "rhythm.beats_loudness_band_ratio.mean": [0.5485518574714661, 0.5196446180343628, 0.006071907002478838, 0.0034775007516145706, 0.00041197010432370007, 0.0012415682431310415], "rhythm.beats_loudness_band_ratio.stdev": [0.11580847203731537, 0.1184614822268486, 0.0137792332097888, 0.009547392837703228, 0.0006753997877240181, 0.002508089877665043], "tonal.hpcp.mean": [0.7920835018157959, 0.4329149127006531, 0.002494927030056715, 0.00037462127511389554, 0.00013014694559387863, 0.000220018599065952, 0.00040900075691752136, 0.0005001216777600348, 0.00044216742389835417, 0.0002930831687990576, 0.00032008314155973494, 0.001562502235174179, 0.002511603757739067, 0.0024426504969596863, 0.38227760791778564, 0.916033923625946, 0.5364170074462891, 0.0015632228460162878, 0.00022520532365888357, 0.0002769928833004087, 0.0019121308578178287, 0.00420501409098506, 0.003172820433974266, 0.0009410860948264599, 0.0003889881481882185, 0.001419240958057344, 0.1075042337179184, 0.14397336542606354, 0.03823591023683548, 0.0013691773638129234, 0.0018115572165697813, 0.001435330486856401, 0.0007357117719948292, 0.0003042655298486352, 0.0001836637093219906, 0.36142709851264954], "tonal.hpcp.stdev": [0.22387686371803284, 0.14758624136447906, 0.0197861660271883, 0.0066939895041286945, 0.0004420774639584124, 0.0011455791536718607, 0.003261544508859515, 0.004255085252225399, 0.001856500282883644, 0.0007938099442981184, 0.0037973313592374325, 0.009529246017336845, 0.018979903310537338, 0.034438010305166245, 0.0994192510843277, 0.14454415440559387, 0.11393893510103226, 0.008860819973051548, 0.0005423836992122233, 0.0009673358872532845, 0.027019856497645378, 0.03523794561624527, 0.012634103186428547, 0.005244434345513582, 0.0036062574945390224, 0.005859700031578541, 0.10507144033908844, 0.1453612595796585, 0.05102066695690155, 0.009690078906714916, 0.013538743369281292, 0.014974326826632023, 0.0071483696810901165, 0.0009240858489647508, 0.0007696666289120913, 0.12163577973842621], "rhythm.beats_position": [0.4643990993499756, 0.9287981986999512, 1.369977355003357, 1.8227664232254028, 2.2639455795288086, 2.7167346477508545, 3.1695237159729004, 3.6223127841949463, 4.086711883544922, 4.539501190185547, 4.992290019989014, 5.456689357757568, 5.979138374328613, 6.501587390899658, 7.024035930633545, 7.511655330657959, 7.987664222717285, 8.46367359161377, 8.939682006835938, 9.404081344604492, 9.880090713500977, 10.367709159851074, 10.8204984664917, 11.273287773132324, 11.72607707977295, 12.178866386413574, 12.631654739379883, 13.072834014892578, 13.514013290405273, 13.955192565917969, 14.396371841430664, 14.83755111694336, 15.325169563293457, 15.801178932189941, 16.28879737854004, 16.86929702758789, 17.44979476928711, 17.972244262695312, 18.506303787231445, 19.040363311767578, 19.5047607421875, 19.969160079956055, 20.43355941772461, 20.897958755493164, 21.36235809326172, 21.815147399902344, 22.26793670654297, 22.732336044311523, 23.196733474731445, 23.6611328125, 24.125532150268555, 24.58993148803711, 25.065940856933594, 25.611610412597656, 26.157278060913086, 26.70294761657715, 27.271835327148438, 27.84072494506836, 28.39800453186035, 28.96689224243164, 29.547391891479492, 30.116281509399414, 30.673559188842773, 31.230838775634766, 31.776506423950195, 32.32217788696289, 32.86784362792969, 33.41351318359375, 33.95918273925781, 34.57451248168945, 35.189842224121094, 35.80516815185547, 36.40888977050781, 37.01260757446289, 37.61632537841797, 38.22004318237305, 38.83537292480469, 39.415870666503906, 40.00798034667969], "rhythm.bpm_histogram": [0.0, 0.0, 0.0, 0.0, 0.0, 0.0, 0.0, 0.0, 0.0, 0.0, 0.0, 0.0, 0.0, 0.0, 0.0, 0.0, 0.0, 0.0, 0.0, 0.0, 0.0, 0.0, 0.0, 0.0, 0.0, 0.0, 0.0, 0.0, 0.0, 0.0, 0.0, 0.0, 0.0, 0.0, 0.0, 0.0, 0.0, 0.0, 0.0, 0.0, 0.0, 0.0, 0.0, 0.0, 0.0, 0.0, 0.0, 0.0, 0.0, 0.0, 0.0, 0.0, 0.0, 0.0, 0.0, 0.0, 0.0, 0.0, 0.0, 0.0, 0.0, 0.0, 0.0, 0.0, 0.0, 0.0, 0.0, 0.0, 0.0, 0.0, 0.0, 0.0, 0.0, 0.0, 0.0, 0.0, 0.0, 0.0, 0.0, 0.0, 0.0, 0.0, 0.0, 0.0, 0.0, 0.0, 0.0, 0.0, 0.0, 0.0, 0.0, 0.0, 0.0, 0.0, 0.0, 0.0, 0.0, 0.0, 0.05128205195069313, 0.05128205195069313, 0.0, 0.012820512987673283, 0.0, 0.05128205195069313, 0.0, 0.05128205195069313, 0.0, 0.0, 0.03846153989434242, 0.0, 0.10256410390138626, 0.0, 0.025641025975346565, 0.0, 0.0, 0.05128205195069313, 0.0, 0.0, 0.0, 0.0, 0.0, 0.0, 0.0, 0.05128205195069313, 0.0, 0.0, 0.07692307978868484, 0.0, 0.0, 0.1794871836900711, 0.0, 0.0, 0.0, 0.1666666716337204, 0.0, 0.0, 0.08974359184503555, 0.0, 0.0, 0.0, 0.0, 0.0, 0.0, 0.0, 0.0, 0.0, 0.0, 0.0, 0.0, 0.0, 0.0, 0.0, 0.0, 0.0, 0.0, 0.0, 0.0, 0.0, 0.0, 0.0, 0.0, 0.0, 0.0, 0.0, 0.0, 0.0, 0.0, 0.0, 0.0, 0.0, 0.0, 0.0, 0.0, 0.0, 0.0, 0.0, 0.0, 0.0, 0.0, 0.0, 0.0, 0.0, 0.0, 0.0, 0.0, 0.0, 0.0, 0.0, 0.0, 0.0, 0.0, 0.0, 0.0, 0.0, 0.0, 0.0, 0.0, 0.0, 0.0, 0.0, 0.0, 0.0, 0.0, 0.0, 0.0, 0.0, 0.0, 0.0, 0.0, 0.0, 0.0, 0.0, 0.0, 0.0, 0.0, 0.0, 0.0, 0.0, 0.0, 0.0, 0.0, 0.0, 0.0, 0.0, 0.0, 0.0, 0.0, 0.0, 0.0, 0.0, 0.0, 0.0, 0.0, 0.0, 0.0, 0.0, 0.0, 0.0, 0.0, 0.0, 0.0, 0.0, 0.0, 0.0, 0.0, 0.0, 0.0, 0.0, 0.0, 0.0], "tonal.chords_histogram": [81.71295928955078, 0.0, 1.6203703880310059, 0.0, 0.0, 0.0, 0.0, 0.0, 0.0, 0.0, 0.0, 0.0, 0.0, 0.0, 0.0, 0.0, 0.0, 16.66666603088379, 0.0, 0.0, 0.0, 0.0, 0.0, 0.0], "tonal.thpcp": [1.0, 0.585586428642273, 0.0017065119463950396, 0.00024584823404438794, 0.00030238277395255864, 0.0020874016918241978, 0.004590456839650869, 0.0034636494237929583, 0.0010273485677316785, 0.00042464383295737207, 0.0015493322862312198, 0.11735835671424866, 0.1571703404188156, 0.04174071550369263, 0.0014946797164157033, 0.0019776092376559973, 0.0015668966807425022, 0.0008031490724533796, 0.00033215529401786625, 0.000200498805497773, 0.39455646276474, 0.864687979221344, 0.47259703278541565, 0.00272361864335835, 0.0004089600406587124, 0.0001420765620423481, 0.0002401860838290304, 0.0004464908270165324, 0.0005459641688503325, 0.0004826976510230452, 0.0003199479542672634, 0.00034942280035465956, 0.001705725328065455, 0.0027418239042162895, 0.0026665502227842808, 0.4173181653022766], "lowlevel.gfcc.cov": [[7490.4990234375, -1708.4373779296875, -2458.469482421875, 293.39349365234375, -584.6646728515625, 933.3499755859375, -627.22607421875, 92.58720397949219, -19.299728393554688, 139.16725158691406, 17.742652893066406, -129.6343536376953, -271.1167297363281], [-1708.4373779296875, 1117.75439453125, 267.6463317871094, -508.4519348144531, 243.4204559326172, -266.5077209472656, 344.8297119140625, -101.67796325683594, 56.30070495605469, -171.67111206054688, 111.8843765258789, 6.621140956878662, 26.699010848999023], [-2458.469482421875, 267.6463317871094, 1392.7718505859375, 11.267234802246094, 85.64412689208984, -281.290283203125, 81.15538787841797, 32.10932540893555, -71.71184539794922, 42.97701644897461, -92.94139862060547, 69.55062866210938, 104.72686004638672], [293.39349365234375, -508.4519348144531, 11.267234802246094, 606.6514892578125, -22.248485565185547, -85.02954864501953, -151.56610107421875, 7.688604354858398, 71.4577865600586, 50.2441520690918, -82.4129867553711, -20.72362518310547, 75.71389770507812], [-584.6646728515625, 243.4204559326172, 85.64412689208984, -22.248485565185547, 224.96324157714844, -118.98644256591797, -15.828713417053223, -41.187034606933594, 50.0133171081543, -26.03619956970215, -4.361361026763916, -18.50185775756836, 35.873756408691406], [933.3499755859375, -266.5077209472656, -281.290283203125, -85.02954864501953, -118.98644256591797, 285.2632141113281, -68.72616577148438, 3.4577553272247314, -61.537513732910156, 44.49259567260742, 26.439491271972656, -14.112924575805664, -66.43985748291016], [-627.22607421875, 344.8297119140625, 81.15538787841797, -151.56610107421875, -15.828713417053223, -68.72616577148438, 292.8304748535156, -33.59161376953125, -69.76195526123047, -86.34563446044922, 55.03068542480469, 46.22709274291992, -12.142383575439453], [92.58720397949219, -101.67796325683594, 32.10932540893555, 7.688604354858398, -41.187034606933594, 3.4577553272247314, -33.59161376953125, 109.56451416015625, 1.7557964324951172, -9.290520668029785, -40.63923645019531, 3.749469757080078, 2.0395753383636475], [-19.299728393554688, 56.30070495605469, -71.71184539794922, 71.4577865600586, 50.0133171081543, -61.537513732910156, -69.76195526123047, 1.7557964324951172, 141.2771453857422, -14.909343719482422, -31.41468048095703, -38.723876953125, 26.29349708557129], [139.16725158691406, -171.67111206054688, 42.97701644897461, 50.2441520690918, -26.03619956970215, 44.49259567260742, -86.34563446044922, -9.290520668029785, -14.909343719482422, 105.9013671875, -12.914241790771484, -25.171436309814453, -15.207781791687012], [17.742652893066406, 111.8843765258789, -92.94139862060547, -82.4129867553711, -4.361361026763916, 26.439491271972656, 55.03068542480469, -40.63923645019531, -31.41468048095703, -12.914241790771484, 87.17757415771484, 2.101313352584839, -26.836557388305664], [-129.6343536376953, 6.621140956878662, 69.55062866210938, -20.72362518310547, -18.50185775756836, -14.112924575805664, 46.22709274291992, 3.749469757080078, -38.723876953125, -25.171436309814453, 2.101313352584839, 79.40771484375, 6.933797359466553], [-271.1167297363281, 26.699010848999023, 104.72686004638672, 75.71389770507812, 35.873756408691406, -66.43985748291016, -12.142383575439453, 2.0395753383636475, 26.29349708557129, -15.207781791687012, -26.836557388305664, 6.933797359466553, 65.10832977294922]], "lowlevel.gfcc.icov": [[0.0012644091621041298, -0.002689092420041561, 0.0022250283509492874, -0.0022807419300079346, 0.003361441195011139, -0.001507840002886951, 0.004627543035894632, -2.313973891432397e-05, 0.004150149412453175, 0.0007128401775844395, 0.003627876518294215, -0.0005376627086661756, 0.0029571817722171545], [-0.002689092420041561, 0.04020243138074875, -0.009164994582533836, 0.031244009733200073, -0.02063821256160736, 0.019376341253519058, -0.03208215534687042, 0.012040220201015472, -0.03458557277917862, 0.01102035865187645, -0.030273469164967537, 0.014529657550156116, -0.021975642070174217], [0.0022250283509492874, -0.009164994582533836, 0.005847047083079815, -0.0069402060471475124, 0.0076801469549536705, -0.0032810880802571774, 0.010798797011375427, -0.0017602613661438227, 0.011880285106599331, -0.001925655989907682, 0.010518738068640232, -0.0031170493457466364, 0.005598498973995447], [-0.0022807419300079346, 0.031244009733200073, -0.0069402060471475124, 0.027194520458579063, -0.014641414396464825, 0.016982875764369965, -0.02379700355231762, 0.010590997524559498, -0.026501309126615524, 0.007845998741686344, -0.022059118375182152, 0.011696427129209042, -0.019945817068219185], [0.003361441195011139, -0.02063821256160736, 0.0076801469549536705, -0.014641414396464825, 0.022860683500766754, -0.005906478967517614, 0.024617910385131836, 3.317702794447541e-05, 0.022520622238516808, 0.0006265990668907762, 0.019774574786424637, -0.0038478088099509478, 0.012712300755083561], [-0.001507840002886951, 0.019376341253519058, -0.0032810880802571774, 0.016982875764369965, -0.005906478967517614, 0.019260799512267113, -0.011433168314397335, 0.008398466743528843, -0.011733985505998135, 0.006192843895405531, -0.013100425712764263, 0.00885070487856865, -0.00833943486213684], [0.004627543035894632, -0.03208215534687042, 0.010798797011375427, -0.02379700355231762, 0.024617910385131836, -0.011433168314397335, 0.04079066589474678, -0.0032840257044881582, 0.03695015609264374, 0.0023499655071645975, 0.027713757008314133, -0.009326066821813583, 0.023251105099916458], [-2.313973891432397e-05, 0.012040220201015472, -0.0017602613661438227, 0.010590997524559498, 3.317702794447541e-05, 0.008398466743528843, -0.0032840257044881582, 0.01963541842997074, -0.005707873962819576, 0.011104350909590721, -0.00015377950330730528, 0.006758418865501881, -0.0030784320551902056], [0.004150149412453175, -0.03458557277917862, 0.011880285106599331, -0.026501309126615524, 0.022520622238516808, -0.011733985505998135, 0.03695015609264374, -0.005707873962819576, 0.04815402254462242, -0.0011227537179365754, 0.03348499536514282, -0.00529273459687829, 0.02051684260368347], [0.0007128401775844395, 0.01102035865187645, -0.001925655989907682, 0.007845998741686344, 0.0006265990668907762, 0.006192843895405531, 0.0023499655071645975, 0.011104350909590721, -0.0011227537179365754, 0.026340242475271225, -0.0030210595577955246, 0.010981494560837746, 0.002678392920643091], [0.003627876518294215, -0.030273469164967537, 0.010518738068640232, -0.022059118375182152, 0.019774574786424637, -0.013100425712764263, 0.027713757008314133, -0.00015377950330730528, 0.03348499536514282, -0.0030210595577955246, 0.046194057911634445, -0.008216344751417637, 0.022850561887025833], [-0.0005376627086661756, 0.014529657550156116, -0.0031170493457466364, 0.011696427129209042, -0.0038478088099509478, 0.00885070487856865, -0.009326066821813583, 0.006758418865501881, -0.00529273459687829, 0.010981494560837746, -0.008216344751417637, 0.02396068349480629, -0.008820045739412308], [0.0029571817722171545, -0.021975642070174217, 0.005598498973995447, -0.019945817068219185, 0.012712300755083561, -0.00833943486213684, 0.023251105099916458, -0.0030784320551902056, 0.02051684260368347, 0.002678392920643091, 0.022850561887025833, -0.008820045739412308, 0.04249049350619316]], "lowlevel.mfcc.cov": [[9553.4501953125, -2371.8515625, -1840.0892333984375, -1031.2618408203125, -69.93946075439453, 266.5282287597656, -430.676513671875, -11.33033561706543, -405.3446960449219, 323.3489990234375, 226.06455993652344, 54.6568603515625, -71.60633850097656], [-2371.8515625, 1612.5557861328125, 63.262290954589844, -137.65399169921875, -171.35043334960938, -108.2654800415039, 187.0866241455078, 134.8065643310547, -15.44539737701416, -124.02792358398438, 37.5567626953125, -26.44567108154297, 62.296485900878906], [-1840.0892333984375, 63.262290954589844, 893.1260375976562, 242.01441955566406, 33.250709533691406, -73.75874328613281, 87.6213150024414, -64.75369262695312, 130.38462829589844, -62.98834228515625, -80.03229522705078, -3.4152698516845703, 18.726430892944336], [-1031.2618408203125, -137.65399169921875, 242.01441955566406, 607.816162109375, 117.96646118164062, -32.57221603393555, -68.75910186767578, -51.086177825927734, 135.7135467529297, -24.622655868530273, -100.16547393798828, 1.1848070621490479, -20.75530433654785], [-69.93946075439453, -171.35043334960938, 33.250709533691406, 117.96646118164062, 318.728515625, -4.559927463531494, -143.72360229492188, -101.55624389648438, 51.99440383911133, 74.77713012695312, -39.08574295043945, -30.739503860473633, -39.24166488647461], [266.5282287597656, -108.2654800415039, -73.75874328613281, -32.57221603393555, -4.559927463531494, 141.1730194091797, 20.768112182617188, -33.03272247314453, -50.469783782958984, 0.9479243755340576, 9.328078269958496, 1.8334462642669678, -16.371034622192383], [-430.676513671875, 187.0866241455078, 87.6213150024414, -68.75910186767578, -143.72360229492188, 20.768112182617188, 224.58079528808594, 46.173736572265625, -55.967018127441406, -71.36711883544922, 8.632384300231934, 1.1399157047271729, -0.6141690015792847], [-11.33033561706543, 134.8065643310547, -64.75369262695312, -51.086177825927734, -101.55624389648438, -33.03272247314453, 46.173736572265625, 150.90847778320312, -1.4352835416793823, -56.70140838623047, -6.1769609451293945, -5.652397155761719, 21.79649543762207], [-405.3446960449219, -15.44539737701416, 130.38462829589844, 135.7135467529297, 51.99440383911133, -50.469783782958984, -55.967018127441406, -1.4352835416793823, 129.45115661621094, 2.3077125549316406, -49.937320709228516, -1.319665551185608, -7.39816427230835], [323.3489990234375, -124.02792358398438, -62.98834228515625, -24.622655868530273, 74.77713012695312, 0.9479243755340576, -71.36711883544922, -56.70140838623047, 2.3077125549316406, 111.39092254638672, 21.09104347229004, -7.834723949432373, -31.999841690063477], [226.06455993652344, 37.5567626953125, -80.03229522705078, -100.16547393798828, -39.08574295043945, 9.328078269958496, 8.632384300231934, -6.1769609451293945, -49.937320709228516, 21.09104347229004, 79.4717788696289, 8.070120811462402, -10.157488822937012], [54.6568603515625, -26.44567108154297, -3.4152698516845703, 1.1848070621490479, -30.739503860473633, 1.8334462642669678, 1.1399157047271729, -5.652397155761719, -1.319665551185608, -7.834723949432373, 8.070120811462402, 60.02580642700195, -0.2934025228023529], [-71.60633850097656, 62.296485900878906, 18.726430892944336, -20.75530433654785, -39.24166488647461, -16.371034622192383, -0.6141690015792847, 21.79649543762207, -7.39816427230835, -31.999841690063477, -10.157488822937012, -0.2934025228023529, 73.426025390625]], "lowlevel.mfcc.icov": [[0.00080153375165537, 0.0011931692715734243, 0.0010638833045959473, 0.0011016224743798375, 0.0008590631769038737, 0.0005028994637541473, 0.0012486896011978388, 0.00016533480084035546, 0.0010491457069292665, 0.00022590432490687817, 0.0005107426550239325, 0.00023795233573764563, 0.0006177917821332812], [0.0011931692715734243, 0.002607670845463872, 0.0016542210942134261, 0.001738020102493465, 0.0011456114007160068, 0.001338050584308803, 0.001172865740954876, 9.586363739799708e-05, 0.001123031135648489, 0.0009488360374234617, -5.6660988775547594e-05, 0.0008130662608891726, 0.0004346011846791953], [0.0010638833045959473, 0.0016542210942134261, 0.003328956663608551, 0.0012053240789100528, 0.000885584915522486, 0.0014444864355027676, -5.742166831623763e-05, 0.0018309729639440775, -0.0006218929192982614, 0.0010690808994695544, 0.0007344430196098983, 0.0005351494182832539, -0.00011592369264690205], [0.0011016224743798375, 0.001738020102493465, 0.0012053240789100528, 0.004185471683740616, 0.001135984086431563, 0.0009116139844991267, 0.0023878777865320444, 0.0012017511762678623, 0.00011224785703234375, 0.001842939993366599, 0.0026464189868420362, 0.00026794610312208533, 0.0021306928247213364], [0.0008590631769038737, 0.0011456114007160068, 0.000885584915522486, 0.001135984086431563, 0.00810723565518856, 0.0013361390447244048, 0.005464659072458744, 0.003587061073631048, 0.0024869341868907213, 1.822373269533273e-05, 0.004624588880687952, 0.0035526372957974672, 0.004485131707042456], [0.0005028994637541473, 0.001338050584308803, 0.0014444864355027676, 0.0009116139844991267, 0.0013361390447244048, 0.010637367144227028, 0.0005273630958981812, 0.003543771803379059, 0.004306203685700893, 0.0026366726960986853, 0.002482813782989979, 0.000999525422230363, 0.003213142976164818], [0.0012486896011978388, 0.001172865740954876, -5.742166831623763e-05, 0.0023878777865320444, 0.005464659072458744, 0.0005273630958981812, 0.012980325147509575, 0.0005865728599019349, 0.0071847159415483475, 0.004371732007712126, 0.0041525778360664845, 0.002125398488715291, 0.007096932735294104], [0.00016533480084035546, 9.586363739799708e-05, 0.0018309729639440775, 0.0012017511762678623, 0.003587061073631048, 0.003543771803379059, 0.0005865728599019349, 0.012849940918385983, -0.0011319307377561927, 0.005576108116656542, 0.0028071790002286434, 0.003232918679714203, 0.001567550585605204], [0.0010491457069292665, 0.001123031135648489, -0.0006218929192982614, 0.00011224785703234375, 0.0024869341868907213, 0.004306203685700893, 0.0071847159415483475, -0.0011319307377561927, 0.019129576161503792, -0.00014256217400543392, 0.008710765279829502, -0.00033887429162859917, 0.006014968268573284], [0.00022590432490687817, 0.0009488360374234617, 0.0010690808994695544, 0.001842939993366599, 1.822373269533273e-05, 0.0026366726960986853, 0.004371732007712126, 0.005576108116656542, -0.00014256217400543392, 0.018555855378508568, -0.002578972140327096, 0.003404335817322135, 0.006371800322085619], [0.0005107426550239325, -5.6660988775547594e-05, 0.0007344430196098983, 0.0026464189868420362, 0.004624588880687952, 0.002482813782989979, 0.0041525778360664845, 0.0028071790002286434, 0.008710765279829502, -0.002578972140327096, 0.024100059643387794, -0.0013764132745563984, 0.0064155953004956245], [0.00023795233573764563, 0.0008130662608891726, 0.0005351494182832539, 0.00026794610312208533, 0.0035526372957974672, 0.000999525422230363, 0.002125398488715291, 0.003232918679714203, -0.00033887429162859917, 0.003404335817322135, -0.0013764132745563984, 0.019510777667164803, 0.0019981481600552797], [0.0006177917821332812, 0.0004346011846791953, -0.00011592369264690205, 0.0021306928247213364, 0.004485131707042456, 0.003213142976164818, 0.007096932735294104, 0.001567550585605204, 0.006014968268573284, 0.006371800322085619, 0.0064155953004956245, 0.0019981481600552797, 0.021470652893185616]], "metadata.audio_properties.analysis.downmix": "mix", "metadata.audio_properties.codec": "mp3", "metadata.audio_properties.md5_encoded": "ea3b50aa587680b2a0bd52e493b5135c", "metadata.tags.fil