{"song_id": "1183678530240917514", "download": "https://cdn.discordapp.com/attachments/1135911532732108921/1183678530240917514/chirp.mp4?ex=65893589&amp", "lyrics": "As I walk through the valley in the shadow of bugs\nI take a look at my work and realize there's much left\nCause I've been testing and reporting so long that\nEven my momma thinks that my mind is gone\nBut I ain't never crossed a fault and didn't report it\nMe be treated like a punk?\nYou know that's unheard of\nYou better watch how you're talking and what you're coding\nOr you and your homies might do overtime\nI really hate to trip but I gotta, loc\nOpen jira, I extend the sprint for another week \nFool, I'm the kind of G that clients don't want to see\nJust a part of the process, making sure their products work right", "style": ["gangster</span><span>'s paradise"], "essentia_features": {"lowlevel.average_loudness": 0.9621298313140869, "lowlevel.barkbands_crest.mean": 13.933199882507324, "lowlevel.barkbands_crest.stdev": 6.251272678375244, "lowlevel.barkbands_flatness_db.mean": 0.1802411675453186, "lowlevel.barkbands_flatness_db.stdev": 0.092990443110466, "lowlevel.barkbands_kurtosis.mean": 42.33669662475586, "lowlevel.barkbands_kurtosis.stdev": 113.15523529052734, "lowlevel.barkbands_skewness.mean": 3.6497113704681396, "lowlevel.barkbands_skewness.stdev": 4.428285121917725, "lowlevel.barkbands_spread.mean": 26.357656478881836, "lowlevel.barkbands_spread.stdev": 24.856103897094727, "lowlevel.dissonance.mean": 0.45586705207824707, "lowlevel.dissonance.stdev": 0.03913133963942528, "lowlevel.dynamic_complexity": 3.115226984024048, "lowlevel.erbbands_crest.mean": 9.912113189697266, "lowlevel.erbbands_crest.stdev": 4.816617012023926, "lowlevel.erbbands_flatness_db.mean": 0.13572251796722412, "lowlevel.erbbands_flatness_db.stdev": 0.04568403586745262, "lowlevel.erbbands_kurtosis.mean": 1.3793174028396606, "lowlevel.erbbands_kurtosis.stdev": 4.795476913452148, "lowlevel.erbbands_skewness.mean": 0.4741530418395996, "lowlevel.erbbands_skewness.stdev": 1.2910516262054443, "lowlevel.erbbands_spread.mean": 60.488487243652344, "lowlevel.erbbands_spread.stdev": 33.54350280761719, "lowlevel.hfc.mean": 21.099830627441406, "lowlevel.hfc.stdev": 26.37544822692871, "lowlevel.loudness_ebu128.integrated": -17.58754539489746, "lowlevel.loudness_ebu128.loudness_range": 1.0854053497314453, "lowlevel.loudness_ebu128.momentary.mean": -17.999500274658203, "lowlevel.loudness_ebu128.momentary.stdev": 1.9919893741607666, "lowlevel.loudness_ebu128.short_term.mean": -17.579875946044922, "lowlevel.loudness_ebu128.short_term.stdev": 0.36675313115119934, "lowlevel.melbands_crest.mean": 20.56495475769043, "lowlevel.melbands_crest.stdev": 8.001273155212402, "lowlevel.melbands_flatness_db.mean": 0.2542506158351898, "lowlevel.melbands_flatness_db.stdev": 0.12053094804286957, "lowlevel.melbands_kurtosis.mean": 113.15973663330078, "lowlevel.melbands_kurtosis.stdev": 241.27468872070312, "lowlevel.melbands_skewness.mean": 5.949827194213867, "lowlevel.melbands_skewness.stdev": 5.752096176147461, "lowlevel.melbands_spread.mean": 25.133798599243164, "lowlevel.melbands_spread.stdev": 36.1408576965332, "lowlevel.pitch_salience.mean": 0.43368443846702576, "lowlevel.pitch_salience.stdev": 0.18972592055797577, "lowlevel.silence_rate_20dB.mean": 0.9993001818656921, "lowlevel.silence_rate_20dB.stdev": 0.026444250717759132, "lowlevel.silence_rate_30dB.mean": 0.8873338103294373, "lowlevel.silence_rate_30dB.stdev": 0.3161861002445221, "lowlevel.silence_rate_60dB.mean": 0.10986703634262085, "lowlevel.silence_rate_60dB.stdev": 0.3127230405807495, "lowlevel.spectral_centroid.mean": 1527.2733154296875, "lowlevel.spectral_centroid.stdev": 1116.328857421875, "lowlevel.spectral_complexity.mean": 9.97900676727295, "lowlevel.spectral_complexity.stdev": 11.03488826751709, "lowlevel.spectral_decrease.mean": -1.0413755191507335e-08, "lowlevel.spectral_decrease.stdev": 1.4674133907988107e-08, "lowlevel.spectral_energy.mean": 0.04121776297688484, "lowlevel.spectral_energy.stdev": 0.055994126945734024, "lowlevel.spectral_energyband_high.mean": 0.0015226792311295867, "lowlevel.spectral_energyband_high.stdev": 0.002618056256324053, "lowlevel.spectral_energyband_low.mean": 0.03083784505724907, "lowlevel.spectral_energyband_low.stdev": 0.05361687391996384, "lowlevel.spectral_energyband_middle_high.mean": 0.002624601824209094, "lowlevel.spectral_energyband_middle_high.stdev": 0.0049294717609882355, "lowlevel.spectral_energyband_middle_low.mean": 0.00769348768517375, "lowlevel.spectral_energyband_middle_low.stdev": 0.013747629709541798, "lowlevel.spectral_entropy.mean": 7.74069356918335, "lowlevel.spectral_entropy.stdev": 0.5304520726203918, "lowlevel.spectral_flux.mean": 0.11292193830013275, "lowlevel.spectral_flux.stdev": 0.0969642847776413, "lowlevel.spectral_kurtosis.mean": 2.2428665161132812, "lowlevel.spectral_kurtosis.stdev": 1.706524133682251, "lowlevel.spectral_rms.mean": 0.005288994871079922, "lowlevel.spectral_rms.stdev": 0.0034984229132533073, "lowlevel.spectral_rolloff.mean": 2077.85888671875, "lowlevel.spectral_rolloff.stdev": 3020.21435546875, "lowlevel.spectral_skewness.mean": 1.2017532587051392, "lowlevel.spectral_skewness.stdev": 0.440333753824234, "lowlevel.spectral_spread.mean": 6655443.0, "lowlevel.spectral_spread.stdev": 2144144.75, "lowlevel.spectral_strongpeak.mean": 0.6589028835296631, "lowlevel.spectral_strongpeak.stdev": 0.6951649188995361, "lowlevel.zerocrossingrate.mean": 0.07919621467590332, "lowlevel.zerocrossingrate.stdev": 0.07150276005268097, "metadata.audio_properties.analysis.equal_loudness": 0.0, "metadata.audio_properties.analysis.length": 33.15199661254883, "metadata.audio_properties.analysis.sample_rate": 44100.0, "metadata.audio_properties.analysis.start_time": 0.0, "metadata.audio_properties.bit_rate": 122620.0, "metadata.audio_properties.length": 33.152000427246094, "metadata.audio_properties.lossless": 0.0, "metadata.audio_properties.number_channels": 1.0, "metadata.audio_properties.replay_gain": -9.184858322143555, "metadata.audio_properties.sample_rate": 48000.0, "rhythm.beats_count": 49.0, "rhythm.beats_loudness.mean": 0.06528313457965851, "rhythm.beats_loudness.stdev": 0.06674801558256149, "rhythm.bpm": 90.0182876586914, "rhythm.bpm_histogram_first_peak_bpm": 89.0, "rhythm.bpm_histogram_first_peak_weight": 0.5208333730697632, "rhythm.bpm_histogram_second_peak_bpm": 0.0, "rhythm.bpm_histogram_second_peak_spread": 0.0, "rhythm.bpm_histogram_second_peak_weight": 0.0, "rhythm.danceability": 1.638160228729248, "rhythm.onset_rate": 5.366342544555664, "tonal.chords_changes_rate": 0.1426573395729065, "tonal.chords_number_rate": 0.015384615398943424, "tonal.chords_strength.mean": 0.47638243436813354, "tonal.chords_strength.stdev": 0.09747113287448883, "tonal.hpcp_crest.mean": 12.361435890197754, "tonal.hpcp_crest.stdev": 5.2917680740356445, "tonal.hpcp_entropy.mean": 2.1578900814056396, "tonal.hpcp_entropy.stdev": 0.717312753200531, "tonal.key_edma.strength": 0.4211687445640564, "tonal.key_krumhansl.strength": 0.4367774724960327, "tonal.key_temperley.strength": 0.4680229425430298, "tonal.tuning_diatonic_strength": 0.7157508134841919, "tonal.tuning_equal_tempered_deviation": 0.28986793756484985, "tonal.tuning_frequency": 434.193115234375, "tonal.tuning_nontempered_energy_ratio": 0.9119368195533752, "lowlevel.barkbands.mean": [0.0011410361621528864, 0.020798705518245697, 0.007513101678341627, 0.0021797968074679375, 0.0012767729349434376, 0.0011630759108811617, 0.0013435722794383764, 0.0008158034179359674, 0.0007631522603332996, 0.0004584758426062763, 0.0003354194341227412, 0.0003457906423136592, 0.0002811420417856425, 0.00016285631863866001, 0.00017742023919709027, 0.0002314929006388411, 0.000229590485105291, 0.00015658981283195317, 0.0002192654210375622, 0.000180217539309524, 0.0002934663789346814, 0.00035859880154021084, 0.00025619761436246336, 0.00018030873616226017, 0.0001370614190818742, 0.00021368447050917894, 5.1814499784086365e-06], "lowlevel.barkbands.stdev": [0.002810234669595957, 0.03933198004961014, 0.024435944855213165, 0.008825835771858692, 0.0034487261436879635, 0.002376631600782275, 0.0035781904589384794, 0.0019357568817213178, 0.0018377986270934343, 0.0012097967555746436, 0.0009869863279163837, 0.0009454006212763488, 0.0008616312989033759, 0.00042729408596642315, 0.0004894494777545333, 0.000640292651951313, 0.0004574536287691444, 0.00044481997611001134, 0.0005433111218735576, 0.0005157060804776847, 0.0006321424152702093, 0.0007723962771706283, 0.0007181208347901702, 0.0003214293101336807, 0.00027798040537163615, 0.0004156717914156616, 1.5298928701668046e-05], "lowlevel.erbbands.mean": [0.8088414669036865, 3.8276114463806152, 8.24672794342041, 8.804576873779297, 5.940832138061523, 3.5145697593688965, 2.709381341934204, 13.020421028137207, 23.883056640625, 11.646775245666504, 21.226030349731445, 15.9428071975708, 15.12109088897705, 12.354459762573242, 15.64206600189209, 14.036327362060547, 12.63870906829834, 9.657430648803711, 8.442489624023438, 10.835908889770508, 13.455422401428223, 13.012399673461914, 8.474818229675293, 10.67627239227295, 10.912609100341797, 8.454239845275879, 8.058072090148926, 14.698841094970703, 14.949348449707031, 7.735579967498779, 6.919032573699951, 5.41392707824707, 2.1690609455108643, 1.2247008085250854, 1.1333922147750854, 0.9638557434082031, 0.38645076751708984, 0.04913652688264847, 0.0009904296603053808, 8.295574662042782e-05], "lowlevel.erbbands.stdev": [1.7106437683105469, 7.308241367340088, 22.941926956176758, 33.05025100708008, 17.777767181396484, 10.504985809326172, 8.202921867370605, 26.57439613342285, 58.68717575073242, 30.54190444946289, 49.411155700683594, 37.544044494628906, 37.31203079223633, 31.303409576416016, 45.30872344970703, 39.919010162353516, 35.768035888671875, 22.99944305419922, 22.82191276550293, 29.07121467590332, 34.48741149902344, 25.742355346679688, 23.146039962768555, 28.386404037475586, 26.359060287475586, 24.872743606567383, 22.54327392578125, 28.050329208374023, 31.029582977294922, 21.682418823242188, 18.97749900817871, 9.871908187866211, 4.719023704528809, 2.797675132751465, 2.298340082168579, 1.9550572633743286, 0.7592906355857849, 0.09929131716489792, 0.0020962036214768887, 9.852131915977225e-05], "lowlevel.gfcc.mean": [-30.370407104492188, 50.78331756591797, -76.58736419677734, 45.25940704345703, -62.43901443481445, 22.155590057373047, -26.70028305053711, 19.66231346130371, -12.742452621459961, 12.10616397857666, -18.537511825561523, 14.121573448181152, -16.134878158569336], "lowlevel.melbands.mean": [0.006301480811089277, 0.004411529283970594, 0.0014427619753405452, 0.0003332540800329298, 9.705658158054575e-05, 0.00029308872763067484, 0.00033511349465698004, 0.00012616702588275075, 0.00018003355944529176, 9.539216262055561e-05, 7.534572796430439e-05, 5.027425868320279e-05, 4.861432535108179e-05, 4.078291749465279e-05, 3.5701406886801124e-05, 2.4418282919214107e-05, 1.6827516446937807e-05, 1.317356145591475e-05, 1.3056748684903141e-05, 1.5488692952203564e-05, 1.5939720469759777e-05, 1.46592574310489e-05, 8.536298992112279e-06, 7.070151241350686e-06, 8.816232366370969e-06, 8.059678293648176e-06, 7.579179509775713e-06, 5.009651886211941e-06, 4.302111847209744e-06, 6.554427272931207e-06, 9.151453923550434e-06, 9.338597919850145e-06, 5.314920599630568e-06, 4.082068699062802e-06, 3.7471829728019657e-06, 4.312635610403959e-06, 2.966239208035404e-06, 1.6039026604630635e-06, 1.1482611625979189e-06, 9.493398920312757e-07], "lowlevel.melbands.stdev": [0.012622485868632793, 0.009559707716107368, 0.0050925081595778465, 0.0009014122770167887, 0.00030935360700823367, 0.000567808048799634, 0.0008216317510232329, 0.00033455746597610414, 0.0004339435836300254, 0.0002282301284139976, 0.00018976742285303771, 0.00013475918967742473, 0.00014501818805001676, 0.00011037055082852021, 0.00013414607383310795, 6.260088412091136e-05, 4.225501834298484e-05, 3.7426470953505486e-05, 3.580541306291707e-05, 4.2685485823312774e-05, 4.200094554107636e-05, 2.9186323445173912e-05, 2.1445401216624305e-05, 2.1147239749552682e-05, 2.398349897703156e-05, 2.0468314687605016e-05, 1.8740418454399332e-05, 1.6378531654481776e-05, 1.358343979518395e-05, 1.5947738575050607e-05, 1.7180323993670754e-05, 1.8647577235242352e-05, 1.4737084711669013e-05, 1.2029124263790436e-05, 1.0838309208338615e-05, 1.0485473467269912e-05, 5.126221822138177e-06, 3.4033760130114388e-06, 3.097678700214601e-06, 2.236114823972457e-06], "lowlevel.melbands128.mean": [0.001109211123548448, 0.007068325765430927, 0.008129682391881943, 0.005620154086500406, 0.0044004423543810844, 0.003532680217176676, 0.0018897791160270572, 0.0009009083732962608, 0.0005664980853907764, 0.0003481997991912067, 0.0001540330849820748, 9.210297139361501e-05, 6.659112841589376e-05, 0.00010539651702856645, 0.00027224127552472055, 0.0003839836863335222, 0.00048623274778947234, 0.00034687118022702634, 0.00013037653116043657, 9.506427886663005e-05, 0.0001391958794556558, 0.00016407847579102963, 0.0002120080025633797, 0.00017224400653503835, 8.11143108876422e-05, 7.833736162865534e-05, 8.073127537500113e-05, 7.538546924479306e-05, 7.282748993020505e-05, 5.7431305322097614e-05, 4.0962717321235687e-05, 3.7321085983421654e-05, 4.713330781669356e-05, 6.340523395920172e-05, 4.2388983274577186e-05, 3.4581749787321314e-05, 3.419242057134397e-05, 4.2311577999498695e-05, 3.2019266654970124e-05, 2.3369126211036928e-05, 2.5787561753531918e-05, 2.1004398149671033e-05, 1.6979985957732424e-05, 1.5219136912492104e-05, 1.1810194337158464e-05, 1.4174965144775342e-05, 1.2870385035057552e-05, 1.0860880138352513e-05, 1.4659989574283827e-05, 1.532015812699683e-05, 1.5992998669389635e-05, 1.4835668480372988e-05, 1.6089295968413353e-05, 1.588564737176057e-05, 1.652488390391227e-05, 1.6332058294210583e-05, 1.183610856969608e-05, 8.26850828161696e-06, 8.152813279593829e-06, 6.939164450159296e-06, 6.620321983064059e-06, 6.831270184193272e-06, 9.821531421039253e-06, 9.194573067361489e-06, 7.807020665495656e-06, 8.279709618363995e-06, 7.764191650494467e-06, 8.09110133559443e-06, 7.911489774414804e-06, 6.5397339312767144e-06, 4.9636246330919676e-06, 4.376459401100874e-06, 3.7622191939590266e-06, 4.346323294157628e-06, 4.613153123500524e-06, 5.774551937065553e-06, 7.61957608119701e-06, 9.062880053534172e-06, 9.668864549894352e-06, 8.595395229349378e-06, 9.7917509265244e-06, 1.0370001291448716e-05, 6.9719194470962975e-06, 4.9071736611949746e-06, 3.5523025871952996e-06, 3.822600319836056e-06, 4.347583399066934e-06, 4.480039478949038e-06, 2.99516727864102e-06, 3.815628133452265e-06, 4.917420483252499e-06, 4.366076609585434e-06, 3.470699994068127e-06, 3.149876420138753e-06, 2.5295012164860964e-06, 2.107744194290717e-06, 1.2689379218500108e-06, 1.0213140058112913e-06, 1.2199559478176525e-06, 1.2975697245565243e-06, 8.227922307924018e-07, 1.0040380402642768e-06, 8.309759209623735e-07, 1.1452782473497791e-06, 1.1933972245969926e-06, 1.5705367104601464e-06, 1.468416598982003e-06, 1.351695118501084e-06, 1.8047240928353858e-06, 1.9825261006189976e-06, 1.7512953718323843e-06, 1.6219314602494705e-06, 1.1035542684112443e-06, 9.137835377259762e-07, 8.139740543811058e-07, 6.051868126633053e-07, 2.06240372335742e-07, 4.705186018583163e-09, 1.1173815206433346e-09, 7.34985017292189e-10, 4.255385488427521e-10, 7.999236689704148e-11, 6.449756961152131e-12, 6.24992679137959e-12, 6.010842431430907e-12, 5.68517455334927e-12, 5.499863151708917e-12, 5.44613659725357e-12], "lowlevel.melbands128.stdev": [0.0027341446839272976, 0.015619296580553055, 0.01779436320066452, 0.010744073428213596, 0.011185949668288231, 0.012142354622483253, 0.007558972109109163, 0.0034816621337085962, 0.0016505129169672728, 0.0009129042155109346, 0.0005717285093851388, 0.0003927387879230082, 0.00028629874577745795, 0.00032667984487488866, 0.0007440163753926754, 0.0008677305304445326, 0.0012284043477848172, 0.0011332352878525853, 0.0005412764730863273, 0.00040436512790620327, 0.0004454231238923967, 0.000503762043081224, 0.0006456827977672219, 0.0006085706409066916, 0.0002748577971942723, 0.00029620761051774025, 0.00027738389326259494, 0.0002562111767474562, 0.0002536714309826493, 0.00021502228628378361, 0.0001315063564106822, 0.00013654360373038799, 0.00019293751392979175, 0.0002311769494554028, 0.00013910108827985823, 0.00014096114318817854, 0.00013171292084734887, 0.0002140394935850054, 0.0001527174172224477, 7.339774310821667e-05, 8.292451821034774e-05, 6.349324394250289e-05, 5.593095920630731e-05, 4.989145600120537e-05, 3.863679012283683e-05, 4.732673187390901e-05, 4.234226798871532e-05, 3.749744428205304e-05, 4.9116977606900036e-05, 5.2232597226975486e-05, 5.578455966315232e-05, 4.528867793851532e-05, 5.796209370600991e-05, 4.356538556749001e-05, 4.042085856781341e-05, 3.5685679904418066e-05, 2.81283264484955e-05, 2.1530258891289122e-05, 2.6868341592489742e-05, 2.4075532564893365e-05, 2.4531289454898797e-05, 2.0495401258813217e-05, 3.262113386881538e-05, 2.6272709874319844e-05, 2.1999372620484792e-05, 2.4640903575345874e-05, 2.088368455588352e-05, 2.2039099349058233e-05, 2.0526220396277495e-05, 1.9226161384722218e-05, 2.041161133092828e-05, 1.6281976058962755e-05, 1.3185472198529169e-05, 1.499966765550198e-05, 1.5261581211234443e-05, 1.660787165747024e-05, 1.9806608179351315e-05, 1.9604818589868955e-05, 2.0145427697570994e-05, 1.6624248019070365e-05, 2.113264963554684e-05, 2.279799446114339e-05, 1.8653548977454193e-05, 1.59751798491925e-05, 1.1101806194346864e-05, 1.2448029337974731e-05, 1.3013420357310679e-05, 1.4038456356502138e-05, 8.749989319767337e-06, 1.2343417438387405e-05, 1.4763111721549649e-05, 1.019760293274885e-05, 6.588303676835494e-06, 6.075286819395842e-06, 4.800382612302201e-06, 4.291922778065782e-06, 2.906507234001765e-06, 4.48917171524954e-06, 3.3647927466518013e-06, 3.2857594760571374e-06, 2.2972244551056065e-06, 2.5092488158406923e-06, 2.1236394331936026e-06, 2.7839203085022746e-06, 2.846426923497347e-06, 3.338637725391891e-06, 3.394442501303274e-06, 3.1924594168231124e-06, 3.903758170054061e-06, 4.612424618244404e-06, 3.8149437386891805e-06, 3.522083034113166e-06, 2.432689598208526e-06, 1.9431811324466253e-06, 1.690888893790543e-06, 1.344738734587736e-06, 5.519203227777325e-07, 6.415307751694854e-08, 4.191885238924442e-08, 2.7494451160237077e-08, 1.5815892595583136e-08, 2.771847640303804e-09, 1.7886600187089208e-11, 1.7201304616798474e-11, 1.4910376752719223e-11, 1.2171425325946394e-11, 1.1469396613006388e-11, 1.1367472067813633e-11], "lowlevel.mfcc.mean": [-687.475830078125, 87.50984954833984, 35.09455871582031, 31.881214141845703, -0.8722728490829468, 13.90721321105957, -4.576847076416016, 17.766813278198242, 5.511020183563232, 6.73191499710083, 4.413619518280029, 9.689873695373535, 2.4693548679351807], "lowlevel.spectral_contrast_coeffs.mean": [-0.7133687138557434, -0.7371562123298645, -0.7903666496276855, -0.812372624874115, -0.8025252819061279, -0.7124735713005066], "lowlevel.spectral_contrast_coeffs.stdev": [0.08512716740369797, 0.10312319546937943, 0.07236801832914352, 0.0631074458360672, 0.05101964622735977, 0.06822015345096588], "lowlevel.spectral_contrast_valleys.mean": [-7.347246170043945, -7.378617286682129, -8.116065979003906, -8.471993446350098, -8.077699661254883, -10.371832847595215], "lowlevel.spectral_contrast_valleys.stdev": [1.00274658203125, 0.8251950740814209, 0.9895462989807129, 1.0590983629226685, 0.8807306885719299, 0.9778687357902527], "rhythm.beats_loudness_band_ratio.mean": [0.42299914360046387, 0.05426138639450073, 0.143933966755867, 0.11446284502744675, 0.10040396451950073, 0.19266554713249207], "rhythm.beats_loudness_band_ratio.stdev": [0.37104377150535583, 0.05852837115526199, 0.17899957299232483, 0.09624086320400238, 0.09230898320674896, 0.1364748477935791], "tonal.hpcp.mean": [0.10141373425722122, 0.08043673634529114, 0.07906650751829147, 0.06971758604049683, 0.06827070564031601, 0.06864971667528152, 0.06758372485637665, 0.07182718813419342, 0.06779523938894272, 0.0746161937713623, 0.08115576952695847, 0.06422220170497894, 0.04835619032382965, 0.04479043558239937, 0.043569572269916534, 0.04876965656876564, 0.059387605637311935, 0.06906662881374359, 0.08148065954446793, 0.0921601802110672, 0.08948427438735962, 0.06862855702638626, 0.05122845619916916, 0.06100434064865112, 0.1354994922876358, 0.21489302814006805, 0.16855867207050323, 0.11574961990118027, 0.11192154139280319, 0.12518300116062164, 0.194085955619812, 0.24345175921916962, 0.23479552567005157, 0.2000841498374939, 0.1636652946472168, 0.13406802713871002], "tonal.hpcp.stdev": [0.2201765924692154, 0.2043379843235016, 0.20292524993419647, 0.18684467673301697, 0.17663471400737762, 0.17864111065864563, 0.17745894193649292, 0.1913197934627533, 0.18262889981269836, 0.18045540153980255, 0.18394047021865845, 0.1546264886856079, 0.1364130675792694, 0.12412170320749283, 0.11604814231395721, 0.12683214247226715, 0.14710095524787903, 0.16083171963691711, 0.18425390124320984, 0.20827306807041168, 0.21194328367710114, 0.18252474069595337, 0.1445176899433136, 0.154760479927063, 0.2496316134929657, 0.3576297461986542, 0.27616748213768005, 0.2328052818775177, 0.23017539083957672, 0.24451345205307007, 0.30964022874832153, 0.35307207703590393, 0.3372000455856323, 0.3193482458591461, 0.2843778729438782, 0.26237553358078003], "rhythm.beats_position": [0.6965986490249634, 1.369977355003357, 2.043355941772461, 2.7167346477508545, 3.390113353729248, 4.051881790161133, 4.713650703430176, 5.38702917098999, 6.060408115386963, 6.710566997528076, 7.383945465087891, 8.057324409484863, 8.71909236907959, 9.380861282348633, 10.054240226745605, 10.716009140014648, 11.377777099609375, 12.051156044006348, 12.71292495727539, 13.374693870544434, 14.04807186126709, 14.698230743408203, 15.371609687805176, 16.03337860107422, 16.706756591796875, 17.368526458740234, 18.04190444946289, 18.703672409057617, 19.377052307128906, 20.038820266723633, 20.71219825744629, 21.37396812438965, 22.035736083984375, 22.697505950927734, 23.35927391052246, 24.032651901245117, 24.706031799316406, 25.356189727783203, 26.029569625854492, 26.69133758544922, 27.364715576171875, 28.026485443115234, 28.69986343383789, 29.361631393432617, 30.023401260375977, 30.696779251098633, 31.37015724182129, 32.031925201416016, 32.693695068359375], "rhythm.bpm_histogram": [0.0, 0.0, 0.0, 0.0, 0.0, 0.0, 0.0, 0.0, 0.0, 0.0, 0.0, 0.0, 0.0, 0.0, 0.0, 0.0, 0.0, 0.0, 0.0, 0.0, 0.0, 0.0, 0.0, 0.0, 0.0, 0.0, 0.0, 0.0, 0.0, 0.0, 0.0, 0.0, 0.0, 0.0, 0.0, 0.0, 0.0, 0.0, 0.0, 0.0, 0.0, 0.0, 0.0, 0.0, 0.0, 0.0, 0.0, 0.0, 0.0, 0.0, 0.0, 0.0, 0.0, 0.0, 0.0, 0.0, 0.0, 0.0, 0.0, 0.0, 0.0, 0.0, 0.0, 0.0, 0.0, 0.0, 0.0, 0.0, 0.0, 0.0, 0.0, 0.0, 0.0, 0.0, 0.0, 0.0, 0.0, 0.0, 0.0, 0.0, 0.0, 0.0, 0.0, 0.0, 0.0, 0.0, 0.0, 0.0, 0.0, 0.4791666567325592, 0.0, 0.4583333432674408, 0.0625, 0.0, 0.0, 0.0, 0.0, 0.0, 0.0, 0.0, 0.0, 0.0, 0.0, 0.0, 0.0, 0.0, 0.0, 0.0, 0.0, 0.0, 0.0, 0.0, 0.0, 0.0, 0.0, 0.0, 0.0, 0.0, 0.0, 0.0, 0.0, 0.0, 0.0, 0.0, 0.0, 0.0, 0.0, 0.0, 0.0, 0.0, 0.0, 0.0, 0.0, 0.0, 0.0, 0.0, 0.0, 0.0, 0.0, 0.0, 0.0, 0.0, 0.0, 0.0, 0.0, 0.0, 0.0, 0.0, 0.0, 0.0, 0.0, 0.0, 0.0, 0.0, 0.0, 0.0, 0.0, 0.0, 0.0, 0.0, 0.0, 0.0, 0.0, 0.0, 0.0, 0.0, 0.0, 0.0, 0.0, 0.0, 0.0, 0.0, 0.0, 0.0, 0.0, 0.0, 0.0, 0.0, 0.0, 0.0, 0.0, 0.0, 0.0, 0.0, 0.0, 0.0, 0.0, 0.0, 0.0, 0.0, 0.0, 0.0, 0.0, 0.0, 0.0, 0.0, 0.0, 0.0, 0.0, 0.0, 0.0, 0.0, 0.0, 0.0, 0.0, 0.0, 0.0, 0.0, 0.0, 0.0, 0.0, 0.0, 0.0, 0.0, 0.0, 0.0, 0.0, 0.0, 0.0, 0.0, 0.0, 0.0, 0.0, 0.0, 0.0, 0.0, 0.0, 0.0, 0.0, 0.0, 0.0, 0.0, 0.0, 0.0, 0.0, 0.0, 0.0, 0.0, 0.0, 0.0, 0.0, 0.0, 0.0, 0.0, 0.0, 0.0, 0.0, 0.0, 0.0, 0.0], "tonal.chords_histogram": [38.04195785522461, 0.139860138297081, 3.076923131942749, 2.237762212753296, 1.118881106376648, 1.3986014127731323, 0.0, 1.9580419063568115, 0.0, 7.552447319030762, 0.8391608595848083, 0.139860138297081, 0.0, 0.0, 0.0, 0.0, 1.118881106376648, 0.4195804297924042, 0.0, 0.0, 0.279720276594162, 4.895104885101318, 30.34964942932129, 6.433566570281982], "tonal.thpcp": [1.0, 0.9644437432289124, 0.8218636512756348, 0.6722699403762817, 0.5506964921951294, 0.41656604409217834, 0.33040112257003784, 0.32477280497550964, 0.28637126088142395, 0.28042805194854736, 0.2819848954677582, 0.27760621905326843, 0.295036643743515, 0.2784750461578369, 0.30649271607398987, 0.3333546221256256, 0.26379847526550293, 0.19862739741802216, 0.18398074805736542, 0.17896594107151031, 0.20032575726509094, 0.24393993616104126, 0.2836973965167999, 0.3346891403198242, 0.3785562217235565, 0.36756470799446106, 0.28189796209335327, 0.2104254961013794, 0.2505808174610138, 0.5565763711929321, 0.8826924562454224, 0.6923698782920837, 0.4754519760608673, 0.45972779393196106, 0.5142004489898682, 0.7972255349159241], "lowlevel.gfcc.cov": [[5440.9375, -140.7621612548828, -924.5693969726562, -287.3437805175781, 93.86101531982422, -147.15420532226562, -97.5890884399414, -74.16194152832031, -112.03299713134766, 50.5416374206543, -201.87969970703125, -86.53623962402344, -186.81654357910156], [-140.7621612548828, 1937.9229736328125, -44.893394470214844, 53.1909065246582, 113.7248764038086, -103.44670104980469, 106.62445068359375, -156.3301239013672, 106.21748352050781, -205.00152587890625, 56.055572509765625, -170.03857421875, 12.586324691772461], [-924.5693969726562, -44.893394470214844, 1762.5186767578125, 627.0626831054688, 353.4521179199219, 202.52862548828125, 113.91048431396484, 127.36290740966797, 28.55592918395996, -6.654089450836182, 0.737574577331543, 6.269725322723389, -18.03058433532715], [-287.3437805175781, 53.1909065246582, 627.0626831054688, 809.962158203125, 317.9627685546875, -1.0913188457489014, 15.0342435836792, 35.23698425292969, 144.2534637451172, -4.091442584991455, -6.660872459411621, -37.0323486328125, 59.87903594970703], [93.86101531982422, 113.7248764038086, 353.4521179199219, 317.9627685546875, 487.35736083984375, 201.54249572753906, 122.86534881591797, 62.73162841796875, 58.03483963012695, 1.2632575035095215, -22.913063049316406, -42.92948913574219, 18.303438186645508], [-147.15420532226562, -103.44670104980469, 202.52862548828125, -1.0913188457489014, 201.54249572753906, 388.5999755859375, 256.15570068359375, 106.35786437988281, -4.636899471282959, 3.1947295665740967, 10.412976264953613, -18.603551864624023, -6.186811447143555], [-97.5890884399414, 106.62445068359375, 113.91048431396484, 15.0342435836792, 122.86534881591797, 256.15570068359375, 418.3135986328125, 161.96319580078125, 29.074583053588867, -29.01919937133789, 33.14642333984375, 29.102828979492188, 10.253910064697266], [-74.16194152832031, -156.3301239013672, 127.36290740966797, 35.23698425292969, 62.73162841796875, 106.35786437988281, 161.96319580078125, 210.57736206054688, 95.41970825195312, 34.23594665527344, 19.759775161743164, 40.0875358581543, 23.135313034057617], [-112.03299713134766, 106.21748352050781, 28.55592918395996, 144.2534637451172, 58.03483963012695, -4.636899471282959, 29.074583053588867, 95.41970825195312, 249.4853973388672, 96.26675415039062, 56.741477966308594, -0.26655569672584534, 30.006406784057617], [50.5416374206543, -205.00152587890625, -6.654089450836182, -4.091442584991455, 1.2632575035095215, 3.1947295665740967, -29.01919937133789, 34.23594665527344, 96.26675415039062, 186.12741088867188, 79.98463439941406, 39.52467346191406, 0.875559389591217], [-201.87969970703125, 56.055572509765625, 0.737574577331543, -6.660872459411621, -22.913063049316406, 10.412976264953613, 33.14642333984375, 19.759775161743164, 56.741477966308594, 79.98463439941406, 142.68373107910156, 65.10536193847656, 30.862764358520508], [-86.53623962402344, -170.03857421875, 6.269725322723389, -37.0323486328125, -42.92948913574219, -18.603551864624023, 29.102828979492188, 40.0875358581543, -0.26655569672584534, 39.52467346191406, 65.10536193847656, 151.1134796142578, 47.76149368286133], [-186.81654357910156, 12.586324691772461, -18.03058433532715, 59.87903594970703, 18.303438186645508, -6.186811447143555, 10.253910064697266, 23.135313034057617, 30.006406784057617, 0.875559389591217, 30.862764358520508, 47.76149368286133, 107.61865234375]], "lowlevel.gfcc.icov": [[0.0002564585010986775, -5.0614846259122714e-05, 0.00018688295676838607, -3.8445130485342816e-05, -0.00022487233218271285, 0.00015476248518098146, -2.409973785688635e-05, -0.00015648167754989117, 0.0002437829680275172, -0.00038308705552481115, 0.0004534440813586116, -0.0001681590947555378, 0.000466625060653314], [-5.0614846259122714e-05, 0.0014960261760279536, -0.0003382550785318017, 0.0009202095679938793, -0.0009019783465191722, 0.001491878880187869, -0.0014292505802586675, 0.0021211651619523764, -0.0019669272005558014, 0.002616814337670803, -0.002309631323441863, 0.0020395100582391024, -0.000627806584816426], [0.00018688295676838607, -0.0003382550785318017, 0.0011914062779396772, -0.0011192226083949208, -3.488430957077071e-05, -0.0007413592538796365, 0.000674854964017868, -0.0012659230269491673, 0.0011169490171596408, -0.0006349255563691258, 0.0004596088547259569, -0.0009458788554184139, 0.0013391869142651558], [-3.8445130485342816e-05, 0.0009202095679938793, -0.0011192226083949208, 0.0034517531748861074, -0.001997800776734948, 0.002183091128244996, -0.001303011318668723, 0.002120348159223795, -0.002675683004781604, 0.0019475463777780533, -0.0012022393057122827, 0.0019060660852119327, -0.0019197675865143538], [-0.00022487233218271285, -0.0009019783465191722, -3.488430957077071e-05, -0.001997800776734948, 0.00481001939624548, -0.003246687352657318, 0.0009460178553126752, -0.000962330843321979, 0.0007788543589413166, -0.0017108821775764227, 0.0020090164616703987, -0.000862057029735297, -0.0004639185790438205], [0.00015476248518098146, 0.001491878880187869, -0.0007413592538796365, 0.002183091128244996, -0.003246687352657318, 0.008045890368521214, -0.004701451398432255, 0.0014146668836474419, -0.0005225091590546072, 0.0009736910578794777, -0.0024358162190765142, 0.004057310055941343, -0.001050479942932725], [-2.409973785688635e-05, -0.0014292505802586675, 0.000674854964017868, -0.001303011318668723, 0.0009460178553126752, -0.004701451398432255, 0.007306721527129412, -0.0052861860021948814, 0.0018027863698080182, 0.0002559478743933141, 9.704408148536459e-05, -0.0029414789751172066, 0.0017452898900955915], [-0.00015648167754989117, 0.0021211651619523764, -0.0012659230269491673, 0.002120348159223795, -0.000962330843321979, 0.0014146668836474419, -0.0052861860021948814, 0.013236571103334427, -0.007003528531640768, 0.0027830868493765593, -0.00027477164985612035, 0.0003336514055263251, -0.002147622173652053], [0.0002437829680275172, -0.0019669272005558014, 0.0011169490171596408, -0.002675683004781604, 0.0007788543589413166, -0.0005225091590546072, 0.0018027863698080182, -0.007003528531640768, 0.011073209345340729, -0.0069071827456355095, 0.0010428351815789938, 0.00025010929675772786, 5.910248728469014e-05], [-0.00038308705552481115, 0.002616814337670803, -0.0006349255563691258, 0.0019475463777780533, -0.0017108821775764227, 0.0009736910578794777, 0.0002559478743933141, 0.0027830868493765593, -0.0069071827456355095, 0.014949626289308071, -0.008892262354493141, 0.0016024791402742267, 0.0012064088368788362], [0.0004534440813586116, -0.002309631323441863, 0.0004596088547259569, -0.0012022393057122827, 0.0020090164616703987, -0.0024358162190765142, 9.704408148536459e-05, -0.00027477164985612035, 0.0010428351815789938, -0.008892262354493141, 0.016957908868789673, -0.007134322542697191, -0.0005440647946670651], [-0.0001681590947555378, 0.0020395100582391024, -0.0009458788554184139, 0.0019060660852119327, -0.000862057029735297, 0.004057310055941343, -0.0029414789751172066, 0.0003336514055263251, 0.00025010929675772786, 0.0016024791402742267, -0.007134322542697191, 0.014488986693322659, -0.005628101993352175], [0.000466625060653314, -0.000627806584816426, 0.0013391869142651558, -0.0019197675865143538, -0.0004639185790438205, -0.001050479942932725, 0.0017452898900955915, -0.002147622173652053, 5.910248728469014e-05, 0.0012064088368788362, -0.0005440647946670651, -0.005628101993352175, 0.014409448020160198]], "lowlevel.mfcc.cov": [[6013.18505859375, -58.881675720214844, -1317.423095703125, -312.42999267578125, -224.40231323242188, -109.81232452392578, -171.1156463623047, -228.10665893554688, -24.651185989379883, -137.34532165527344, 80.23113250732422, -104.37553405761719, -82.57598114013672], [-58.881675720214844, 1546.219482421875, -61.39150619506836, -16.57653045654297, -53.20454788208008, 51.61440658569336, 4.397406101226807, 59.49900436401367, -39.67903518676758, -45.50449752807617, 18.703472137451172, 21.944347381591797, -80.59124755859375], [-1317.423095703125, -61.39150619506836, 1246.7078857421875, 441.4521179199219, 318.0060729980469, 107.6087646484375, 163.32199096679688, 116.77816772460938, 75.25285339355469, 56.621368408203125, 8.966340065002441, 32.219520568847656, 88.85985565185547], [-312.42999267578125, -16.57653045654297, 441.4521179199219, 780.7420043945312, 326.6158447265625, 102.85836029052734, -61.7131462097168, 55.77693176269531, 66.9973373413086, 66.99890899658203, -49.51770782470703, 10.843024253845215, 76.70568084716797], [-224.40231323242188, -53.20454788208008, 318.0060729980469, 326.6158447265625, 494.28265380859375, 154.9178009033203, 44.869773864746094, -11.718362808227539, 78.5066909790039, 97.27759552001953, -8.636363983154297, -32.24159240722656, 43.769622802734375], [-109.81232452392578, 51.61440658569336, 107.6087646484375, 102.85836029052734, 154.9178009033203, 271.2946472167969, 161.9672088623047, 84.9256362915039, 57.92619705200195, 76.47447967529297, 36.36387634277344, 20.990678787231445, -5.493613243103027], [-171.1156463623047, 4.397406101226807, 163.32199096679688, -61.7131462097168, 44.869773864746094, 161.9672088623047, 386.41455078125, 180.02630615234375, 99.90272521972656, 20.12613296508789, 38.94252395629883, 11.236546516418457, -12.631745338439941], [-228.10665893554688, 59.49900436401367, 116.77816772460938, 55.77693176269531, -11.718362808227539, 84.9256362915039, 180.02630615234375, 298.84759521484375, 134.6080780029297, 48.141056060791016, 24.94378089904785, 42.69320297241211, -4.124332427978516], [-24.651185989379883, -39.67903518676758, 75.25285339355469, 66.9973373413086, 78.5066909790039, 57.92619705200195, 99.90272521972656, 134.6080780029297, 191.1634063720703, 92.1142578125, 36.5444450378418, 12.182443618774414, 12.207280158996582], [-137.34532165527344, -45.50449752807617, 56.621368408203125, 66.99890899658203, 97.27759552001953, 76.47447967529297, 20.12613296508789, 48.141056060791016, 92.1142578125, 193.97496032714844, 76.08441925048828, 31.096609115600586, 5.627506256103516], [80.23113250732422, 18.703472137451172, 8.966340065002441, -49.51770782470703, -8.636363983154297, 36.36387634277344, 38.94252395629883, 24.94378089904785, 36.5444450378418, 76.08441925048828, 173.8304443359375, 79.46839141845703, 9.918622016906738], [-104.37553405761719, 21.944347381591797, 32.219520568847656, 10.843024253845215, -32.24159240722656, 20.990678787231445, 11.236546516418457, 42.69320297241211, 12.182443618774414, 31.096609115600586, 79.46839141845703, 148.7669219970703, 60.768577575683594], [-82.57598114013672, -80.59124755859375, 88.85985565185547, 76.70568084716797, 43.769622802734375, -5.493613243103027, -12.631745338439941, -4.124332427978516, 12.207280158996582, 5.627506256103516, 9.918622016906738, 60.768577575683594, 128.31007385253906]], "lowlevel.mfcc.icov": [[0.00024281386868096888, 1.6522542864549905e-05, 0.0002826904528774321, -0.00010024366929428652, -3.605397751016426e-06, -2.599821709736716e-05, -1.8281447410117835e-05, 0.00015555722347926348, -0.00022764995810575783, 0.0003188564151059836, -0.00036918619298376143, 0.00024066584592219442, -4.36541267845314e-05], [1.6522542864549905e-05, 0.0007120433729141951, 3.2107880542753264e-05, -2.5800954972510226e-05, -3.279930024291389e-05, -0.00021520016889553517, 0.00017502532864455134, -0.00025256071239709854, 0.0001610772596905008, 0.0003298043739050627, -0.00015008363698143512, -0.0002471072366461158, 0.0005609856452792883], [0.0002826904528774321, 3.2107880542753264e-05, 0.001559925265610218, -0.0007040437194518745, -0.0005380897782742977, 0.0004809536912944168, -0.0007721768924966455, -8.764901576796547e-05, 0.0002025697467615828, 0.00029597236425615847, -0.0006077470607124269, 0.0002254901482956484, -0.00042408143053762615], [-0.00010024366929428652, -2.5800954972510226e-05, -0.0007040437194518745, 0.002516940701752901, -0.001116681843996048, -0.0007182474946603179, 0.0014689672971144319, -0.0009553650743328035, -0.00014560653653461486, -4.271612851880491e-05, 0.0009400169365108013, -0.0003398599801585078, -0.0005297024617902935], [-3.605397751016426e-06, -3.279930024291389e-05, -0.0005380897782742977, -0.001116681843996048, 0.00436810590326786, -0.0019020596519112587, -0.0001735166006255895, 0.0017452890751883388, -0.0013546671252697706, -0.0009656731854192913, 0.0001496455806773156, 0.001618776936084032, -0.0011221858439967036], [-2.599821709736716e-05, -0.00021520016889553517, 0.0004809536912944168, -0.0007182474946603179, -0.0019020596519112587, 0.007269836030900478, -0.0031756404787302017, -0.0004165332647971809, 0.0015102302422747016, -0.0020023949909955263, 5.9114328905707225e-05, -0.0013207027222961187, 0.0011435422347858548], [-1.8281447410117835e-05, 0.00017502532864455134, -0.0007721768924966455, 0.0014689672971144319, -0.0001735166006255895, -0.0031756404787302017, 0.005936960689723492, -0.002485844772309065, -0.00129361217841506, 0.0018844489241018891, -0.0008313714643009007, 0.0009122343035414815, -0.0001447926479158923], [0.00015555722347926348, -0.00025256071239709854, -8.764901576796547e-05, -0.0009553650743328035, 0.0017452890751883388, -0.0004165332647971809, -0.002485844772309065, 0.007685738615691662, -0.004566887393593788, 6.892556848470122e-05, 0.0011475500650703907, -0.00213747750967741, 0.0013175219064578414], [-0.00022764995810575783, 0.0001610772596905008, 0.0002025697467615828, -0.00014560653653461486, -0.0013546671252697706, 0.0015102302422747016, -0.00129361217841506, -0.004566887393593788, 0.011283202096819878, -0.004110531881451607, -0.0005838584620505571, 0.0015070755034685135, -0.0014077728847041726], [0.0003188564151059836, 0.0003298043739050627, 0.00029597236425615847, -4.271612851880491e-05, -0.0009656731854192913, -0.0020023949909955263, 0.0018844489241018891, 6.892556848470122e-05, -0.004110531881451607, 0.009850243106484413, -0.003729130607098341, -9.61345576797612e-05, 0.000957185635343194], [-0.00036918619298376143, -0.00015008363698143512, -0.0006077470607124269, 0.0009400169365108013, 0.0001496455806773156, 5.9114328905707225e-05, -0.0008313714643009007, 0.0011475500650703907, -0.0005838584620505571, -0.003729130607098341, 0.010631545446813107, -0.00593956233933568, 0.0016438760794699192], [0.00024066584592219442, -0.0002471072366461158, 0.0002254901482956484, -0.0003398599801585078, 0.001618776936084032, -0.0013207027222961187, 0.0009122343035414815, -0.00213747750967741, 0.0015070755034685135, -9.61345576797612e-05, -0.00593956233933568, 0.013817789033055305, -0.006765189114958048], [-4.36541267845314e-05, 0.0005609856452792883, -0.00042408143053762615, -0.0005297024617902935, -0.0011221858439967036, 0.0011435422347858548, -0.0001447926479158923, 0.0013175219064578414, -0.0014077728847041726, 0.000957185635343194, 0.0016438760794699192, -0.006765189114958048, 0.012357018887996674]], "metadata.audio_properties.analysis.downmix": "mix", "metadata.audio_properties.codec": "mp3", "metadata.audio_properties.md5_encoded": "039fac217ad64d1b1b5c0dc630fef33d", "metadata.tags.file_name": "1183678530240917514.mp3", "metadata.version.essentia": "2.1-beta6-dev", "metadata.version.essentia_git_sha": "v2.1_beta5-1110-g77a6a954", "metadata.version.extractor": "music 2.0", "tonal.chords_key": "C", "tonal.chords_scale": "minor", "tonal.key_edma.key": "C", "tonal.key_edma.scale": "minor", "tonal.key_kru