{"song_id": "1183712271654981682", "download": "https://cdn.discordapp.com/attachments/1135903449314238464/1183712271654981682/chirp.mp4?ex=658954f5&amp", "lyrics": "[Verse]\nI'm craving something unique and bold\nA melody for my taste buds to behold\nSpices dancing on my tongue, so vibrant\nFood adventure, let my senses ignite\n\n[Chorus]\nOh, give me flavors that I've never known\nSavor each bite, make my heart and soul glow\nFood's the rhythm that runs through my veins\nWith every dish, satisfaction remains", "style": ["hip hop and pop"], "essentia_features": {"lowlevel.average_loudness": 0.9847666621208191, "lowlevel.barkbands_crest.mean": 13.03985595703125, "lowlevel.barkbands_crest.stdev": 5.025772571563721, "lowlevel.barkbands_flatness_db.mean": 0.1315229833126068, "lowlevel.barkbands_flatness_db.stdev": 0.045098233968019485, "lowlevel.barkbands_kurtosis.mean": 6.346761226654053, "lowlevel.barkbands_kurtosis.stdev": 12.174260139465332, "lowlevel.barkbands_skewness.mean": 2.120941400527954, "lowlevel.barkbands_skewness.stdev": 1.4342330694198608, "lowlevel.barkbands_spread.mean": 25.901201248168945, "lowlevel.barkbands_spread.stdev": 14.130791664123535, "lowlevel.dissonance.mean": 0.4732459783554077, "lowlevel.dissonance.stdev": 0.018978888168931007, "lowlevel.dynamic_complexity": 0.8897160291671753, "lowlevel.erbbands_crest.mean": 7.83336877822876, "lowlevel.erbbands_crest.stdev": 3.7161433696746826, "lowlevel.erbbands_flatness_db.mean": 0.12094095349311829, "lowlevel.erbbands_flatness_db.stdev": 0.024549532681703568, "lowlevel.erbbands_kurtosis.mean": -0.1633680760860443, "lowlevel.erbbands_kurtosis.stdev": 1.017277479171753, "lowlevel.erbbands_skewness.mean": 0.04272886738181114, "lowlevel.erbbands_skewness.stdev": 0.6031298041343689, "lowlevel.erbbands_spread.mean": 51.335205078125, "lowlevel.erbbands_spread.stdev": 18.340164184570312, "lowlevel.hfc.mean": 33.295433044433594, "lowlevel.hfc.stdev": 17.571218490600586, "lowlevel.loudness_ebu128.integrated": -12.650684356689453, "lowlevel.loudness_ebu128.loudness_range": 0.6828165054321289, "lowlevel.loudness_ebu128.momentary.mean": -12.676098823547363, "lowlevel.loudness_ebu128.momentary.stdev": 0.4739082157611847, "lowlevel.loudness_ebu128.short_term.mean": -12.640841484069824, "lowlevel.loudness_ebu128.short_term.stdev": 0.21541471779346466, "lowlevel.melbands_crest.mean": 18.743906021118164, "lowlevel.melbands_crest.stdev": 5.779069423675537, "lowlevel.melbands_flatness_db.mean": 0.19931650161743164, "lowlevel.melbands_flatness_db.stdev": 0.06013912707567215, "lowlevel.melbands_kurtosis.mean": 25.737945556640625, "lowlevel.melbands_kurtosis.stdev": 34.83225631713867, "lowlevel.melbands_skewness.mean": 3.953258752822876, "lowlevel.melbands_skewness.stdev": 2.238633394241333, "lowlevel.melbands_spread.mean": 20.7137451171875, "lowlevel.melbands_spread.stdev": 15.753931999206543, "lowlevel.pitch_salience.mean": 0.4462977945804596, "lowlevel.pitch_salience.stdev": 0.1322592794895172, "lowlevel.silence_rate_20dB.mean": 1.0, "lowlevel.silence_rate_20dB.stdev": 0.0, "lowlevel.silence_rate_30dB.mean": 0.886904776096344, "lowlevel.silence_rate_30dB.stdev": 0.3167060315608978, "lowlevel.silence_rate_60dB.mean": 0.0013227512827143073, "lowlevel.silence_rate_60dB.stdev": 0.03634529560804367, "lowlevel.spectral_centroid.mean": 1546.35693359375, "lowlevel.spectral_centroid.stdev": 536.6075439453125, "lowlevel.spectral_complexity.mean": 26.549602508544922, "lowlevel.spectral_complexity.stdev": 7.066873550415039, "lowlevel.spectral_decrease.mean": -1.515663861084704e-08, "lowlevel.spectral_decrease.stdev": 9.850358750895793e-09, "lowlevel.spectral_energy.mean": 0.06022469326853752, "lowlevel.spectral_energy.stdev": 0.0371614545583725, "lowlevel.spectral_energyband_high.mean": 0.0020012883469462395, "lowlevel.spectral_energyband_high.stdev": 0.0022248895838856697, "lowlevel.spectral_energyband_low.mean": 0.0380006805062294, "lowlevel.spectral_energyband_low.stdev": 0.039792172610759735, "lowlevel.spectral_energyband_middle_high.mean": 0.006709595676511526, "lowlevel.spectral_energyband_middle_high.stdev": 0.004079860635101795, "lowlevel.spectral_energyband_middle_low.mean": 0.014431432820856571, "lowlevel.spectral_energyband_middle_low.stdev": 0.015363031066954136, "lowlevel.spectral_entropy.mean": 7.919912338256836, "lowlevel.spectral_entropy.stdev": 0.24217668175697327, "lowlevel.spectral_flux.mean": 0.12566223740577698, "lowlevel.spectral_flux.stdev": 0.07161543518304825, "lowlevel.spectral_kurtosis.mean": 2.4359099864959717, "lowlevel.spectral_kurtosis.stdev": 1.404847502708435, "lowlevel.spectral_rms.mean": 0.0073815300129354, "lowlevel.spectral_rms.stdev": 0.0020661032758653164, "lowlevel.spectral_rolloff.mean": 1243.1600341796875, "lowlevel.spectral_rolloff.stdev": 1496.0030517578125, "lowlevel.spectral_skewness.mean": 1.1980150938034058, "lowlevel.spectral_skewness.stdev": 0.28210949897766113, "lowlevel.spectral_spread.mean": 5358476.0, "lowlevel.spectral_spread.stdev": 1231829.125, "lowlevel.spectral_strongpeak.mean": 0.8414651155471802, "lowlevel.spectral_strongpeak.stdev": 0.7675953507423401, "lowlevel.zerocrossingrate.mean": 0.0585685595870018, "lowlevel.zerocrossingrate.stdev": 0.03493840619921684, "metadata.audio_properties.analysis.equal_loudness": 0.0, "metadata.audio_properties.analysis.length": 35.070953369140625, "metadata.audio_properties.analysis.sample_rate": 44100.0, "metadata.audio_properties.analysis.start_time": 0.0, "metadata.audio_properties.bit_rate": 119131.0, "metadata.audio_properties.length": 35.071998596191406, "metadata.audio_properties.lossless": 0.0, "metadata.audio_properties.number_channels": 1.0, "metadata.audio_properties.replay_gain": -11.935077667236328, "metadata.audio_properties.sample_rate": 48000.0, "rhythm.beats_count": 64.0, "rhythm.beats_loudness.mean": 0.07078997045755386, "rhythm.beats_loudness.stdev": 0.03587140515446663, "rhythm.bpm": 110.95118713378906, "rhythm.bpm_histogram_first_peak_bpm": 112.0, "rhythm.bpm_histogram_first_peak_weight": 0.5079364776611328, "rhythm.bpm_histogram_second_peak_bpm": 0.0, "rhythm.bpm_histogram_second_peak_spread": 0.0, "rhythm.bpm_histogram_second_peak_weight": 0.0, "rhythm.danceability": 1.9026646614074707, "rhythm.onset_rate": 3.9332656860351562, "tonal.chords_changes_rate": 0.052840158343315125, "tonal.chords_number_rate": 0.009247027337551117, "tonal.chords_strength.mean": 0.5902400612831116, "tonal.chords_strength.stdev": 0.10134007036685944, "tonal.hpcp_crest.mean": 14.053601264953613, "tonal.hpcp_crest.stdev": 5.858737468719482, "tonal.hpcp_entropy.mean": 1.9000115394592285, "tonal.hpcp_entropy.stdev": 0.7127079367637634, "tonal.key_edma.strength": 0.8231104016304016, "tonal.key_krumhansl.strength": 0.8326491713523865, "tonal.key_temperley.strength": 0.8374202847480774, "tonal.tuning_diatonic_strength": 0.732934296131134, "tonal.tuning_equal_tempered_deviation": 0.06681438535451889, "tonal.tuning_frequency": 441.5275573730469, "tonal.tuning_nontempered_energy_ratio": 0.7178189754486084, "lowlevel.barkbands.mean": [0.0008843023097142577, 0.026877623051404953, 0.00942221935838461, 0.002230859361588955, 0.005746442824602127, 0.0015828637406229973, 0.0009674838511273265, 0.001886166399344802, 0.0018586483784019947, 0.0011605042964220047, 0.0006741596735082567, 0.000953865353949368, 0.0006187752587720752, 0.000541717279702425, 0.0006967560038901865, 0.0005299317417666316, 0.0004205768636893481, 0.0005073145148344338, 0.0004179704701527953, 0.00043802044820040464, 0.0003333742206450552, 0.0005309348925948143, 0.00036704831290990114, 0.0003032208187505603, 0.0001995256170630455, 7.342503522522748e-05, 9.377936294185929e-07], "lowlevel.barkbands.stdev": [0.0013955130707472563, 0.035344164818525314, 0.011545917019248009, 0.003116230946034193, 0.012052829377353191, 0.002895010868087411, 0.00191589561291039, 0.003401666646823287, 0.0033933394588530064, 0.0023585744202136993, 0.0009297225624322891, 0.00149528996553272, 0.0011057404335588217, 0.0010776456911116838, 0.0011807335540652275, 0.0009996074950322509, 0.00042056679376401007, 0.00039130583172664046, 0.0003414062666706741, 0.00041279580909758806, 0.0003735987120307982, 0.0006000954890623689, 0.0004886424285359681, 0.0005945984739810228, 0.0004017493047285825, 0.00014240696327760816, 2.2490301034849836e-06], "lowlevel.erbbands.mean": [0.6776976585388184, 6.302917957305908, 12.593167304992676, 8.244577407836914, 18.08597183227539, 14.296981811523438, 12.943340301513672, 15.701700210571289, 15.301870346069336, 20.346046447753906, 41.84141540527344, 44.44475555419922, 36.49789047241211, 28.660919189453125, 38.05234909057617, 30.832317352294922, 28.60439682006836, 23.557519912719727, 40.060630798339844, 33.193511962890625, 25.968027114868164, 27.036897659301758, 27.433025360107422, 23.337453842163086, 21.67760467529297, 20.35900115966797, 14.167550086975098, 14.313907623291016, 20.13680076599121, 14.134034156799316, 9.733868598937988, 6.867074489593506, 4.781604766845703, 2.7276477813720703, 1.146094560623169, 0.47250261902809143, 0.10196828842163086, 0.00880261417478323, 0.00023892128956504166, 8.234681445173919e-05], "lowlevel.erbbands.stdev": [1.0927915573120117, 8.130764961242676, 14.495199203491211, 8.987208366394043, 41.67778015136719, 30.31749725341797, 23.37586212158203, 32.267112731933594, 31.174745559692383, 31.287961959838867, 67.14225769042969, 85.67101287841797, 60.66232681274414, 46.59172821044922, 47.507484436035156, 42.544342041015625, 46.94579315185547, 38.2052001953125, 68.83631896972656, 52.27461624145508, 37.108028411865234, 27.215652465820312, 22.177640914916992, 17.001285552978516, 19.89363670349121, 18.049846649169922, 15.479432106018066, 16.493558883666992, 23.447166442871094, 16.93157196044922, 13.229696273803711, 12.618402481079102, 9.947212219238281, 5.603603839874268, 2.4052324295043945, 0.9667757749557495, 0.19076092541217804, 0.015192949213087559, 0.0003382329596206546, 4.329490548116155e-05], "lowlevel.gfcc.mean": [59.755332946777344, 75.33740997314453, -108.84436798095703, 49.42595672607422, -55.793643951416016, 30.770484924316406, -30.352684020996094, 18.73908042907715, -23.11044692993164, 3.6458518505096436, -19.736804962158203, 1.6760021448135376, -14.220235824584961], "lowlevel.melbands.mean": [0.006905575282871723, 0.007027336396276951, 0.0017568005714565516, 0.0012769228778779507, 0.00047115262714214623, 0.0003338184906169772, 0.00021560608001891524, 0.00028709741309285164, 0.0003244373365305364, 0.00028217368526384234, 0.00018542289035394788, 0.00012730092566926032, 0.00010293388913851231, 0.00013130932347849011, 4.292701851227321e-05, 7.257047400344163e-05, 3.9390499296132475e-05, 6.704558472847566e-05, 4.857417297898792e-05, 4.457338582142256e-05, 2.5151059162453748e-05, 2.868422234314494e-05, 2.4948118152678944e-05, 2.218377085227985e-05, 1.872363645816222e-05, 1.4608329365728423e-05, 1.7155043678940274e-05, 1.258217071153922e-05, 8.882497240847442e-06, 7.92158880358329e-06, 8.412302122451365e-06, 1.2112632248317823e-05, 9.327379302703775e-06, 7.409543286485132e-06, 5.821794729854446e-06, 4.609400548361009e-06, 4.073525815329049e-06, 3.5673931506607914e-06, 2.6514919682085747e-06, 2.182177013310138e-06], "lowlevel.melbands.stdev": [0.009767419658601284, 0.007501579821109772, 0.0020193816162645817, 0.0029355951119214296, 0.0008495643269270658, 0.000641366234049201, 0.0004348181828390807, 0.0004951147711835802, 0.0005132315563969314, 0.000573005701880902, 0.00032807441311888397, 0.00022804558102507144, 0.000125231672427617, 0.0002044669963652268, 6.129706162028015e-05, 0.00014343771908897907, 7.471274875570089e-05, 0.00012562797928694636, 8.582599548390135e-05, 9.326024155598134e-05, 3.2831274438649416e-05, 3.4030639653792605e-05, 2.091074566124007e-05, 1.738548780849669e-05, 1.471280302212108e-05, 1.3619510355056264e-05, 1.7218799257534556e-05, 1.2718994184979238e-05, 1.0744294741016347e-05, 8.986304237623699e-06, 1.0318865861336235e-05, 1.486271958128782e-05, 1.0874981853703503e-05, 9.495305675955024e-06, 7.793480108375661e-06, 7.683270268898923e-06, 8.074063771346118e-06, 7.693638508499134e-06, 5.425421477411874e-06, 4.628539045370417e-06], "lowlevel.melbands128.mean": [0.0006237885681912303, 0.004529826808720827, 0.010039456188678741, 0.010605480521917343, 0.007872753776609898, 0.0038338720332831144, 0.0014729207614436746, 0.001137621235102415, 0.0021395792718976736, 0.0015299742808565497, 0.0005441857501864433, 0.000575219513848424, 0.0004527439596131444, 0.00030370225431397557, 0.0004485499521251768, 0.00023980755941011012, 0.00026839127531275153, 0.00022647033620160073, 0.0001384513161610812, 0.00013094059249851853, 0.0004559254157356918, 0.0005133277154527605, 0.00024147670774254948, 0.0002449662715662271, 0.00027114019030705094, 0.0003680295776575804, 0.00012133818381698802, 0.00012478098506107926, 0.0003139353066217154, 0.00012883255840279162, 8.188362699002028e-05, 6.875176768517122e-05, 6.959661550354213e-05, 0.00014890130842104554, 0.00020187396148685366, 0.00010722895240178332, 4.752605309477076e-05, 4.3653108150465414e-05, 2.75119691650616e-05, 7.776138227200136e-05, 9.984934149542823e-05, 3.413340891711414e-05, 2.7804433557321317e-05, 3.60088815796189e-05, 8.391467417823151e-05, 7.238345278892666e-05, 5.3907428082311526e-05, 4.9202477384824306e-05, 5.233401316218078e-05, 2.8831782401539385e-05, 5.747990508098155e-05, 4.1621442505856976e-05, 2.662377301021479e-05, 1.7130467313108966e-05, 2.0226572814863175e-05, 4.041483043693006e-05, 2.464921635692008e-05, 1.7522006601211615e-05, 3.072082836297341e-05, 2.8459586246754043e-05, 1.849279760790523e-05, 1.9946306565543637e-05, 2.252339072583709e-05, 1.705849172140006e-05, 1.551294917589985e-05, 1.2881501788797323e-05, 1.5568028175039217e-05, 1.6110456272144802e-05, 1.907051591842901e-05, 1.7240974557353184e-05, 1.0752132766356226e-05, 1.2354738828435075e-05, 9.14242809813004e-06, 8.399713806284126e-06, 7.99440749688074e-06, 8.475611139147077e-06, 7.542872026533587e-06, 7.206697773654014e-06, 7.992852260940708e-06, 9.87230032478692e-06, 1.288378825847758e-05, 1.289506417379016e-05, 1.0991886483679991e-05, 9.139487701759208e-06, 7.659741640964057e-06, 7.648289283679333e-06, 7.331046617764514e-06, 7.013397407718003e-06, 5.736196271755034e-06, 5.0198832468595356e-06, 4.782066753250547e-06, 4.6937057049945e-06, 3.933153948310064e-06, 4.071698185725836e-06, 4.1457064980932046e-06, 3.878991719830083e-06, 3.498993464745581e-06, 3.0687658636452397e-06, 2.5539341095281998e-06, 2.449321073072497e-06, 2.595710611785762e-06, 2.067026571239694e-06, 1.8831823354048538e-06, 1.3998520671520964e-06, 1.1965414614678593e-06, 1.0782459867186844e-06, 1.0492944966244977e-06, 1.0239633638775558e-06, 8.072183845797554e-07, 6.745475502611953e-07, 5.534100182558177e-07, 3.538302735250909e-07, 3.012010552083666e-07, 1.979114898631451e-07, 1.1731545868087778e-07, 8.19437531163203e-08, 3.7301287392210725e-08, 4.20283852164971e-09, 3.201422113519037e-11, 8.637927179089289e-12, 8.336884134430012e-12, 8.060853200209106e-12, 7.850395680741862e-12, 7.703798536595752e-12, 7.554959262356942e-12, 7.399074408720452e-12, 7.301299322082233e-12, 7.25456066746899e-12], "lowlevel.melbands128.stdev": [0.001273525645956397, 0.00859580934047699, 0.015864286571741104, 0.013833493925631046, 0.009325954131782055, 0.0046294452622532845, 0.0019800078589469194, 0.0018530827946960926, 0.005308138206601143, 0.00408516637980938, 0.001353988191112876, 0.0013559045037254691, 0.0009733628248795867, 0.0006387276225723326, 0.0011366268154233694, 0.000549415941350162, 0.0006364378496073186, 0.0006236642366275191, 0.00033667171373963356, 0.0002777822082862258, 0.0009390776394866407, 0.0011447297874838114, 0.0005669111269526184, 0.0006690724985674024, 0.0007073647575452924, 0.00088470772607252, 0.0005404676776379347, 0.00024551243404857814, 0.0007703740848228335, 0.00033785076811909676, 0.00020683139155153185, 0.00013130840670783073, 0.00011735964653780684, 0.0002705598599277437, 0.00042686471715569496, 0.00020987387688364834, 0.00010780855518532917, 8.194419206120074e-05, 6.261638918658718e-05, 0.00015701696975156665, 0.0002259851316921413, 0.00011555678065633401, 9.057905845111236e-05, 8.972083742264658e-05, 0.00022018862364348024, 0.00017539483087603003, 0.00014191895024850965, 0.00012799585238099098, 0.0001381462498102337, 6.777011003578082e-05, 0.00017991663480643183, 0.00010123367246706039, 5.4099291446618736e-05, 2.0355206288513727e-05, 2.8707412639050744e-05, 6.541269976878539e-05, 3.1718325772089884e-05, 1.8390761397313327e-05, 3.551367626641877e-05, 3.581103010219522e-05, 2.0993147700210102e-05, 2.1114763512741774e-05, 2.478170245012734e-05, 1.6414513083873317e-05, 1.961291673069354e-05, 1.3931276043877006e-05, 2.3572480131406337e-05, 2.2462705601355992e-05, 2.4003422367968597e-05, 1.947022246895358e-05, 1.2803157005691901e-05, 2.146314363926649e-05, 1.36556946017663e-05, 1.2184332263132092e-05, 1.0879939509322867e-05, 1.0247345926472917e-05, 9.819813385547604e-06, 9.923979632731061e-06, 1.0624125934555195e-05, 1.4161802937451284e-05, 1.8761897081276402e-05, 1.747150054143276e-05, 1.4541653399646748e-05, 1.1457541404524818e-05, 1.0190960892941803e-05, 1.1223853107367177e-05, 1.0310151992598549e-05, 1.0062615729111712e-05, 8.141711077769287e-06, 8.045142749324441e-06, 8.059089850576129e-06, 8.435655217908788e-06, 8.247547157225199e-06, 9.147331184067298e-06, 8.122211511363275e-06, 8.777513357927091e-06, 8.409743713855278e-06, 7.190901214926271e-06, 5.163749847270083e-06, 5.35098979526083e-06, 5.6955127547553275e-06, 4.68501593786641e-06, 4.453933343029348e-06, 3.347432993905386e-06, 3.017869630639325e-06, 2.2043029730411945e-06, 2.145700818800833e-06, 2.298562094438239e-06, 1.8421233107801527e-06, 1.5117052498681005e-06, 1.1689332950481912e-06, 6.988182121858699e-07, 6.445901021834288e-07, 4.267706970040308e-07, 2.0664808175752114e-07, 2.052794059181906e-07, 8.866322076528377e-08, 1.2865836396258601e-08, 5.521298418464937e-10, 1.2656162576285546e-11, 1.1232698798879781e-11, 1.0303613864892647e-11, 1.0081796508742968e-11, 9.902112983739553e-12, 9.749862375785234e-12, 9.628403976891242e-12, 9.54019415549956e-12, 9.486419462467754e-12], "lowlevel.mfcc.mean": [-581.6156616210938, 98.3232192993164, 10.394009590148926, 26.714048385620117, 6.912049770355225, 14.363068580627441, 7.74571418762207, 15.470863342285156, 6.220560550689697, 5.388833999633789, 4.077254772186279, -1.0841703414916992, 0.530850887298584], "lowlevel.spectral_contrast_coeffs.mean": [-0.6897648572921753, -0.7462019920349121, -0.7677910327911377, -0.7948610186576843, -0.7950068712234497, -0.7407565712928772], "lowlevel.spectral_contrast_coeffs.stdev": [0.07294546067714691, 0.07398365437984467, 0.059610649943351746, 0.049172282218933105, 0.028656000271439552, 0.03171563521027565], "lowlevel.spectral_contrast_valleys.mean": [-6.232512950897217, -6.5367889404296875, -6.848294258117676, -7.106879234313965, -6.847048282623291, -9.368663787841797], "lowlevel.spectral_contrast_valleys.stdev": [0.5342685580253601, 0.4714760184288025, 0.392941415309906, 0.3395902216434479, 0.356820672750473, 0.6139744520187378], "rhythm.beats_loudness_band_ratio.mean": [0.6996806859970093, 0.2389102727174759, 0.08607181906700134, 0.062437232583761215, 0.04318870231509209, 0.03531576693058014], "rhythm.beats_loudness_band_ratio.stdev": [0.18787673115730286, 0.24301011860370636, 0.0833173617720604, 0.09453112632036209, 0.034573495388031006, 0.02754758484661579], "tonal.hpcp.mean": [0.05800274759531021, 0.04984796419739723, 0.11231883615255356, 0.14762316644191742, 0.08228172361850739, 0.03498758748173714, 0.03255566582083702, 0.033797867596149445, 0.05293646454811096, 0.071971096098423, 0.08649633824825287, 0.18744748830795288, 0.2522323429584503, 0.14539119601249695, 0.05498376116156578, 0.04757819324731827, 0.04944676533341408, 0.08317739516496658, 0.09314242005348206, 0.05097153037786484, 0.026526834815740585, 0.026269955560564995, 0.038794517517089844, 0.13642501831054688, 0.18081903457641602, 0.09816725552082062, 0.08831857889890671, 0.11408092826604843, 0.08063127845525742, 0.07562881708145142, 0.11506057530641556, 0.12999141216278076, 0.18656322360038757, 0.2603086233139038, 0.1804772913455963, 0.07792264223098755], "tonal.hpcp.stdev": [0.1665869504213333, 0.1572883278131485, 0.23585204780101776, 0.29010871052742004, 0.17362231016159058, 0.10831042379140854, 0.11940441280603409, 0.12804517149925232, 0.13549558818340302, 0.1680542528629303, 0.19595257937908173, 0.2826123833656311, 0.35187026858329773, 0.23972263932228088, 0.15920159220695496, 0.15681737661361694, 0.15368756651878357, 0.199594184756279, 0.21214808523654938, 0.13012251257896423, 0.09304969012737274, 0.10824686288833618, 0.12627868354320526, 0.23890900611877441, 0.29460039734840393, 0.192209392786026, 0.21240857243537903, 0.2798876166343689, 0.19909760355949402, 0.19708780944347382, 0.24096009135246277, 0.27443835139274597, 0.2742994427680969, 0.3682025372982025, 0.29046234488487244, 0.19572366774082184], "rhythm.beats_position": [0.5688889026641846, 1.1261677742004395, 1.6718367338180542, 2.2058956623077393, 2.739954710006714, 3.285623550415039, 3.8312923908233643, 4.36535120010376, 4.911020278930664, 5.456689357757568, 5.990748405456543, 6.524806976318359, 7.058866024017334, 7.616145133972168, 8.161813735961914, 8.707483291625977, 9.241541862487793, 9.77560043334961, 10.309659957885742, 10.843718528747559, 11.400997161865234, 11.935056686401367, 12.480725288391113, 13.02639389038086, 13.560453414916992, 14.094511985778809, 14.640181541442871, 15.185850143432617, 15.719908714294434, 16.25396728515625, 16.799636840820312, 17.345306396484375, 17.902584075927734, 18.436643600463867, 18.970703125, 19.51637077331543, 20.050430297851562, 20.584489822387695, 21.130157470703125, 21.664216995239258, 22.19827651977539, 22.743946075439453, 23.289613723754883, 23.846893310546875, 24.380952835083008, 24.915010452270508, 25.46068000793457, 26.006349563598633, 26.540407180786133, 27.086076736450195, 27.631746292114258, 28.165803909301758, 28.71147346496582, 29.245532989501953, 29.779590606689453, 30.325260162353516, 30.85931968688965, 31.39337730407715, 31.92743682861328, 32.473106384277344, 33.018775939941406, 33.56444549560547, 34.110111236572266, 34.64417266845703], "rhythm.bpm_histogram": [0.0, 0.0, 0.0, 0.0, 0.0, 0.0, 0.0, 0.0, 0.0, 0.0, 0.0, 0.0, 0.0, 0.0, 0.0, 0.0, 0.0, 0.0, 0.0, 0.0, 0.0, 0.0, 0.0, 0.0, 0.0, 0.0, 0.0, 0.0, 0.0, 0.0, 0.0, 0.0, 0.0, 0.0, 0.0, 0.0, 0.0, 0.0, 0.0, 0.0, 0.0, 0.0, 0.0, 0.0, 0.0, 0.0, 0.0, 0.0, 0.0, 0.0, 0.0, 0.0, 0.0, 0.0, 0.0, 0.0, 0.0, 0.0, 0.0, 0.0, 0.0, 0.0, 0.0, 0.0, 0.0, 0.0, 0.0, 0.0, 0.0, 0.0, 0.0, 0.0, 0.0, 0.0, 0.0, 0.0, 0.0, 0.0, 0.0, 0.0, 0.0, 0.0, 0.0, 0.0, 0.0, 0.0, 0.0, 0.0, 0.0, 0.0, 0.0, 0.0, 0.0, 0.0, 0.0, 0.0, 0.0, 0.0, 0.0, 0.0, 0.0, 0.0, 0.0, 0.0, 0.0, 0.0, 0.0, 0.0, 0.0793650820851326, 0.0, 0.4285714328289032, 0.0, 0.4920634925365448, 0.0, 0.0, 0.0, 0.0, 0.0, 0.0, 0.0, 0.0, 0.0, 0.0, 0.0, 0.0, 0.0, 0.0, 0.0, 0.0, 0.0, 0.0, 0.0, 0.0, 0.0, 0.0, 0.0, 0.0, 0.0, 0.0, 0.0, 0.0, 0.0, 0.0, 0.0, 0.0, 0.0, 0.0, 0.0, 0.0, 0.0, 0.0, 0.0, 0.0, 0.0, 0.0, 0.0, 0.0, 0.0, 0.0, 0.0, 0.0, 0.0, 0.0, 0.0, 0.0, 0.0, 0.0, 0.0, 0.0, 0.0, 0.0, 0.0, 0.0, 0.0, 0.0, 0.0, 0.0, 0.0, 0.0, 0.0, 0.0, 0.0, 0.0, 0.0, 0.0, 0.0, 0.0, 0.0, 0.0, 0.0, 0.0, 0.0, 0.0, 0.0, 0.0, 0.0, 0.0, 0.0, 0.0, 0.0, 0.0, 0.0, 0.0, 0.0, 0.0, 0.0, 0.0, 0.0, 0.0, 0.0, 0.0, 0.0, 0.0, 0.0, 0.0, 0.0, 0.0, 0.0, 0.0, 0.0, 0.0, 0.0, 0.0, 0.0, 0.0, 0.0, 0.0, 0.0, 0.0, 0.0, 0.0, 0.0, 0.0, 0.0, 0.0, 0.0, 0.0, 0.0, 0.0, 0.0, 0.0, 0.0, 0.0, 0.0, 0.0, 0.0, 0.0, 0.0, 0.0, 0.0], "tonal.chords_histogram": [53.8969612121582, 11.756935119628906, 11.492734909057617, 0.0, 0.0, 0.0, 1.0568032264709473, 0.6605019569396973, 0.9247027635574341, 0.0, 0.0, 0.0, 0.0, 0.0, 0.0, 2.245706796646118, 0.0, 0.0, 0.0, 0.0, 0.0, 0.0, 5.019814968109131, 12.945838928222656], "tonal.thpcp": [1.0, 0.6933204531669617, 0.2993471324443817, 0.22282299399375916, 0.1914956271648407, 0.43148335814476013, 0.5671082735061646, 0.31609296798706055, 0.134408101439476, 0.1250656396150589, 0.12983767688274384, 0.2033603936433792, 0.2764837145805359, 0.33228379487991333, 0.7200971245765686, 0.968974232673645, 0.5585339069366455, 0.21122527122497559, 0.1827760934829712, 0.18995438516139984, 0.3195337653160095, 0.35781535506248474, 0.1958119124174118, 0.10190532356500626, 0.10091850161552429, 0.14903277158737183, 0.524089515209198, 0.6946333050727844, 0.3771187365055084, 0.33928412199020386, 0.43825259804725647, 0.30975261330604553, 0.29053521156311035, 0.44201600551605225, 0.4993742108345032, 0.7167001366615295], "lowlevel.gfcc.cov": [[863.5048217773438, -159.44894409179688, 9.271722793579102, 64.44963836669922, -150.9879150390625, 5.468675136566162, -112.00200653076172, -64.84716033935547, -59.179874420166016, -20.151981353759766, -67.25238037109375, -15.050443649291992, -33.418209075927734], [-159.44894409179688, 576.7946166992188, -60.55899429321289, 11.193161964416504, 127.60172271728516, -62.69107437133789, 154.2550506591797, 57.225032806396484, 110.18266296386719, -3.0329365730285645, 71.98356628417969, -31.043296813964844, 37.144500732421875], [9.271722793579102, -60.55899429321289, 296.08160400390625, 96.25929260253906, 84.36649322509766, 66.57675170898438, 13.005509376525879, 15.585060119628906, -23.76524543762207, 8.807766914367676, 11.148979187011719, 33.78797149658203, -5.11826229095459], [64.44963836669922, 11.193161964416504, 96.25929260253906, 255.1344757080078, 66.445556640625, 75.46025848388672, 24.834274291992188, 6.258622169494629, 51.71665954589844, 3.494216203689575, 17.088802337646484, -12.470367431640625, 41.11201858520508], [-150.9879150390625, 127.60172271728516, 84.36649322509766, 66.445556640625, 296.5838623046875, 63.374473571777344, 119.15059661865234, 76.59072875976562, 77.21038818359375, 61.422607421875, 38.23838806152344, 8.446983337402344, 18.724348068237305], [5.468675136566162, -62.69107437133789, 66.57675170898438, 75.46025848388672, 63.374473571777344, 161.03726196289062, 86.43282318115234, 49.97388458251953, 23.827768325805664, 3.3258707523345947, 13.750268936157227, -4.024049282073975, 8.496631622314453], [-112.00200653076172, 154.2550506591797, 13.005509376525879, 24.834274291992188, 119.15059661865234, 86.43282318115234, 220.8036651611328, 114.5978012084961, 72.341064453125, 14.923622131347656, 44.10860824584961, -11.384204864501953, -3.440875291824341], [-64.84716033935547, 57.225032806396484, 15.585060119628906, 6.258622169494629, 76.59072875976562, 49.97388458251953, 114.5978012084961, 136.6621551513672, 86.8782958984375, 32.59889221191406, 24.83863067626953, -4.727105617523193, 0.8601642847061157], [-59.179874420166016, 110.18266296386719, -23.76524543762207, 51.71665954589844, 77.21038818359375, 23.827768325805664, 72.341064453125, 86.8782958984375, 145.0222930908203, 51.328304290771484, 29.894203186035156, -15.516196250915527, 27.996706008911133], [-20.151981353759766, -3.0329365730285645, 8.807766914367676, 3.494216203689575, 61.422607421875, 3.3258707523345947, 14.923622131347656, 32.59889221191406, 51.328304290771484, 78.12638854980469, 30.319477081298828, 9.949225425720215, 2.848113536834717], [-67.25238037109375, 71.98356628417969, 11.148979187011719, 17.088802337646484, 38.23838806152344, 13.750268936157227, 44.10860824584961, 24.83863067626953, 29.894203186035156, 30.319477081298828, 75.67180633544922, 32.461307525634766, 16.254762649536133], [-15.050443649291992, -31.043296813964844, 33.78797149658203, -12.470367431640625, 8.446983337402344, -4.024049282073975, -11.384204864501953, -4.727105617523193, -15.516196250915527, 9.949225425720215, 32.461307525634766, 81.03443145751953, 26.274505615234375], [-33.418209075927734, 37.144500732421875, -5.11826229095459, 41.11201858520508, 18.724348068237305, 8.496631622314453, -3.440875291824341, 0.8601642847061157, 27.996706008911133, 2.848113536834717, 16.254762649536133, 26.274505615234375, 80.55482482910156]], "lowlevel.gfcc.icov": [[0.001562878955155611, -0.00044811255065724254, 0.00021184183424338698, -0.0009834327502176166, 0.0009968052618205547, -0.0007823874475434422, 0.0005753111909143627, -0.0002581302251201123, 0.0006292607286013663, -0.001416426501236856, 0.0019252444617450237, -0.001005397760309279, 0.0010193341877311468], [-0.00044811255065724254, 0.005201838910579681, -0.0005492670461535454, 0.0011434269836172462, -0.002103556180372834, 0.005055039189755917, -0.00388729409314692, 0.0024711661972105503, -0.0036784973926842213, 0.0055285608395934105, -0.005945902317762375, 0.004200953058898449, -0.002527073957026005], [0.00021184183424338698, -0.0005492670461535454, 0.005554397124797106, -0.002690742025151849, -0.001128285308368504, -0.0017031689640134573, 0.0016360265435650945, -0.002445488004013896, 0.0032072679605334997, -0.001086198491975665, 0.0013180469395592809, -0.0033222553320229053, 0.0023465952835977077], [-0.0009834327502176166, 0.0011434269836172462, -0.002690742025151849, 0.007791962940245867, -0.0013935656752437353, -0.0011381990043446422, -0.0004067047848366201, 0.003645114367827773, -0.004910802934318781, 0.003812996204942465, -0.00396941602230072, 0.004199393093585968, -0.0036920292768627405], [0.0009968052618205547, -0.002103556180372834, -0.001128285308368504, -0.0013935656752437353, 0.007222133222967386, -0.0020828950218856335, -0.0015961675671860576, -0.0002923804859165102, 0.0010393253760412335, -0.006908395793288946, 0.004396952688694, -0.0022506266832351685, 0.00022881891345605254], [-0.0007823874475434422, 0.005055039189755917, -0.0017031689640134573, -0.0011381990043446422, -0.0020828950218856335, 0.014896346256136894, -0.007289509288966656, 0.0004839852044824511, -0.001501279417425394, 0.004960156045854092, -0.005155258346349001, 0.004662191960960627, -0.0037204292602837086], [0.0005753111909143627, -0.00388729409314692, 0.0016360265435650945, -0.0004067047848366201, -0.0015961675671860576, -0.007289509288966656, 0.01551495399326086, -0.009405010379850864, 0.0025693553034216166, 0.0013275756500661373, -0.001759622828103602, -0.0009447067859582603, 0.003968964796513319], [-0.0002581302251201123, 0.0024711661972105503, -0.002445488004013896, 0.003645114367827773, -0.0002923804859165102, 0.0004839852044824511, -0.009405010379850864, 0.021838225424289703, -0.012543539516627789, 0.0014042905531823635, -0.0003378814726602286, -0.00012719353253487498, 0.0005392309976741672], [0.0006292607286013663, -0.0036784973926842213, 0.0032072679605334997, -0.004910802934318781, 0.0010393253760412335, -0.001501279417425394, 0.0025693553034216166, -0.012543539516627789, 0.02295340970158577, -0.012479851022362709, 0.0029508755542337894, 0.0020994998048990965, -0.003988663665950298], [-0.001416426501236856, 0.0055285608395934105, -0.001086198491975665, 0.003812996204942465, -0.006908395793288946, 0.004960156045854092, 0.0013275756500661373, 0.0014042905531823635, -0.012479851022362709, 0.030473612248897552, -0.01493116095662117, 0.003636081935837865, 0.00105927640106529], [0.0019252444617450237, -0.005945902317762375, 0.0013180469395592809, -0.00396941602230072, 0.004396952688694, -0.005155258346349001, -0.001759622828103602, -0.0003378814726602286, 0.0029508755542337894, -0.01493116095662117, 0.03190536051988602, -0.0154872490093112, 0.0032159145921468735], [-0.001005397760309279, 0.004200953058898449, -0.0033222553320229053, 0.004199393093585968, -0.0022506266832351685, 0.004662191960960627, -0.0009447067859582603, -0.00012719353253487498, 0.0020994998048990965, 0.003636081935837865, -0.0154872490093112, 0.025803042575716972, -0.010865380987524986], [0.0010193341877311468, -0.002527073957026005, 0.0023465952835977077, -0.0036920292768627405, 0.00022881891345605254, -0.0037204292602837086, 0.003968964796513319, 0.0005392309976741672, -0.003988663665950298, 0.00105927640106529, 0.0032159145921468735, -0.010865380987524986, 0.0207822322845459]], "lowlevel.mfcc.cov": [[978.8850708007812, -242.12062072753906, 77.34187316894531, -16.709638595581055, -78.43060302734375, -0.3658541738986969, -103.88532257080078, -59.86238479614258, -49.3213996887207, -46.23955154418945, -58.930397033691406, -45.39979553222656, -40.02275848388672], [-242.12062072753906, 541.9044799804688, -147.6494598388672, 66.6985855102539, -9.17514705657959, -45.16314697265625, 51.90827560424805, 45.657962799072266, 44.760475158691406, 48.052093505859375, 66.4416732788086, 37.566532135009766, 31.39649772644043], [77.34187316894531, -147.6494598388672, 258.54681396484375, 24.191667556762695, 27.199748992919922, 34.69328308105469, 10.337061882019043, 9.552062034606934, -12.160600662231445, -49.164161682128906, -31.489131927490234, 18.52660369873047, 1.9821012020111084], [-16.709638595581055, 66.6985855102539, 24.191667556762695, 173.01223754882812, 76.26461029052734, 42.96217727661133, 17.84673500061035, 12.823047637939453, 37.75357437133789, 23.86875343322754, 17.352611541748047, 24.62830352783203, 33.64482879638672], [-78.43060302734375, -9.17514705657959, 27.199748992919922, 76.26461029052734, 165.0550537109375, 65.43074798583984, 23.408018112182617, 0.5252191424369812, 35.73674774169922, 26.79610252380371, 9.776192665100098, 13.949746131896973, 25.65024185180664], [-0.3658541738986969, -45.16314697265625, 34.69328308105469, 42.96217727661133, 65.43074798583984, 116.90045928955078, 55.90476608276367, 24.33013916015625, 22.5111026763916, 17.153301239013672, 8.79957389831543, 11.949291229248047, 0.7699944972991943], [-103.88532257080078, 51.90827560424805, 10.337061882019043, 17.84673500061035, 23.408018112182617, 55.90476608276367, 143.68045043945312, 77.26322174072266, 36.314327239990234, 27.131399154663086, 42.34244155883789, 30.568113327026367, 5.907113552093506], [-59.86238479614258, 45.657962799072266, 9.552062034606934, 12.823047637939453, 0.5252191424369812, 24.33013916015625, 77.26322174072266, 119.7562255859375, 63.46951675415039, 36.7691535949707, 33.81788635253906, 33.686180114746094, 21.079984664916992], [-49.3213996887207, 44.760475158691406, -12.160600662231445, 37.75357437133789, 35.73674774169922, 22.5111026763916, 36.314327239990234, 63.46951675415039, 110.94293975830078, 75.4192123413086, 32.46321487426758, 23.19831085205078, 23.73890495300293], [-46.23955154418945, 48.052093505859375, -49.164161682128906, 23.86875343322754, 26.79610252380371, 17.153301239013672, 27.131399154663086, 36.7691535949707, 75.4192123413086, 125.69312286376953, 62.817405700683594, 11.90351390838623, 5.494784355163574], [-58.930397033691406, 66.4416732788086, -31.489131927490234, 17.352611541748047, 9.776192665100098, 8.79957389831543, 42.34244155883789, 33.81788635253906, 32.46321487426758, 62.817405700683594, 99.34103393554688, 37.98474884033203, 6.054661750793457], [-45.39979553222656, 37.566532135009766, 18.52660369873047, 24.62830352783203, 13.949746131896973, 11.949291229248047, 30.568113327026367, 33.686180114746094, 23.19831085205078, 11.90351390838623, 37.98474884033203, 76.7549057006836, 42.63388442993164], [-40.02275848388672, 31.39649772644043, 1.9821012020111084, 33.64482879638672, 25.65024185180664, 0.7699944972991943, 5.907113552093506, 21.079984664916992, 23.73890495300293, 5.494784355163574, 6.054661750793457, 42.63388442993164, 76.63090515136719]], "lowlevel.mfcc.icov": [[0.0013288059271872044, 0.0004655341326724738, -0.00016235224029514939, -0.0004640960250981152, 0.0009558367310091853, -0.0005682616028934717, 0.0008739866316318512, 2.4094206310110167e-05, -4.699125202023424e-05, 1.0697107427404262e-05, 7.3849000727932435e-06, 0.0001801432081265375, 0.00023598656116519123], [0.0004655341326724738, 0.003059950191527605, 0.001584350597113371, -0.0017319031758233905, 0.0004514667089097202, 0.0017235964769497514, -0.0009759371168911457, -0.00022794835967943072, -0.00033969490323215723, 0.000454036082373932, -0.0005951013299636543, -0.0006827017641626298, 0.0001778751175152138], [-0.00016235224029514939, 0.001584350597113371, 0.005803050473332405, -0.001323029980994761, -0.0007217935635708272, 0.00015392144268844277, -0.0004586594004649669, -0.001132039469666779, -0.00016743381274864078, 0.002060881583020091, 0.0013236691011115909, -0.0029396500904113054, 0.001718671526759863], [-0.0004640960250981152, -0.0017319031758233905, -0.001323029980994761, 0.00906970165669918, -0.0027721631340682507, -0.002294869627803564, 0.0007513017044402659, 0.0008955939556472003, -0.001542876590974629, 0.00017022501560859382, -0.0008877689251676202, 0.00044408749090507627, -0.0025451285764575005], [0.0009558367310091853, 0.0004514667089097202, -0.0007217935635708272, -0.0027721631340682507, 0.010845868848264217, -0.004859612789005041, -8.567357872379944e-05, 0.0033877973910421133, -0.0025579212233424187, -0.0004216159286443144, -0.000503074552398175, 0.0014351173304021358, -0.002892896765843034], [-0.0005682616028934717, 0.0017235964769497514, 0.00015392144268844277, -0.002294869627803564, -0.004859612789005041, 0.015874238684773445, -0.006123381666839123, -0.0003280022647231817, 0.0005012534093111753, -0.001348910853266716, 0.0020663836039602757, -0.0021061282604932785, 0.0029799207113683224], [0.0008739866316318512, -0.0009759371168911457, -0.0004586594004649669, 0.0007513017044402659, -8.567357872379944e-05, -0.006123381666839123, 0.015028574503958225, -0.007943672128021717, 0.001299315015785396, 0.0011506592854857445, -0.003292767098173499, -0.0005816678749397397, 0.0017539917025715113], [2.4094206310110167e-05, -0.00022794835967943072, -0.001132039469666779, 0.0008955939556472003, 0.0033877973910421133, -0.0003280022647231817, -0.007943672128021717, 0.019399946555495262, -0.00972581747919321, 0.0013684302102774382, -0.000921912316698581, -0.0012794679496437311, -0.0024134814739227295], [-4.699125202023424e-05, -0.00033969490323215723, -0.00016743381274864078, -0.001542876590974629, -0.0025579212233424187, 0.0005012534093111753, 0.001299315015785396, -0.00972581747919321, 0.02354954183101654, -0.012766440398991108, 0.004492173437029123, -0.0016697280807420611, -0.0015829995973035693], [1.0697107427404262e-05, 0.000454036082373932, 0.002060881583020091, 0.00017022501560859382, -0.0004216159286443144, -0.001348910853266716, 0.0011506592854857445, 0.0013684302102774382, -0.012766440398991108, 0.02110668644309044, -0.01141371950507164, 0.004602645989507437, 0.000163546486874111], [7.3849000727932435e-06, -0.0005951013299636543, 0.0013236691011115909, -0.0008877689251676202, -0.000503074552398175, 0.0020663836039602757, -0.003292767098173499, -0.000921912316698581, 0.004492173437029123, -0.01141371950507164, 0.022713100537657738, -0.012250865809619427, 0.005706325639039278], [0.0001801432081265375, -0.0006827017641626298, -0.0029396500904113054, 0.00044408749090507627, 0.0014351173304021358, -0.0021061282604932785, -0.0005816678749397397, -0.0012794679496437311, -0.0016697280807420611, 0.004602645989507437, -0.012250865809619427, 0.028947029262781143, -0.014757166616618633], [0.00023598656116519123, 0.0001778751175152138, 0.001718671526759863, -0.0025451285764575005, -0.002892896765843034, 0.0029799207113683224, 0.0017539917025715113, -0.0024134814739227295, -0.0015829995973035693, 0.000163546486874111, 0.005706325639039278, -0.014757166616618633, 0.023878011852502823]], "metadata.audio_properties.analysis.downmix": "mix", "metadata.audio_properties.codec": "mp3", "metadata.audio_properties.md5_encoded": "d3e7009a37406d802f2b388feaad0896", "metadata.tags.file_name": "1183712271654981682.mp3", "metadata.version.essentia": "2.1-beta6-dev", "metadata.version.essentia_git_sha": "v2.1_beta5-1110-g77a6a954", "metadata.version.extractor": "music 2.0", "tonal.chords_key": "C#", "tonal.chords_scale": "major", "tonal.key_edma.key": "C#", "tonal.key_edma.scale": "major", "tonal.key_krumhansl.key": "C#", "tonal.key_krumhansl.scale": "major", "tonal.key_temperley.key": "C#", "tonal.key_temperley.scale": "major", "metadata.tags.encoding": ["Lavf58.45.100"]}, "essentia_models": [{"model_name": "genre_dortmund", "activ