{"song_id": "1183677908288544809", "download": "https://cdn.discordapp.com/attachments/1135911532732108921/1183677908288544809/chirp.mp4?ex=658934f5&amp", "lyrics": "As I walk through the valley in the shadow of bugs\nI take a look at my work and realize there's much left\nCause I've been testing and reporting so long that\nEven my momma thinks that my mind is gone\nBut I ain't never crossed a fault and didn't report it\nMe be treated like a punk?\nYou know that's unheard of\nYou better watch how you're talking and what you're coding\nOr you and your homies might do overtime\nI really hate to trip but I gotta, loc\nOpen jira, I extend the sprint for another week \nFool, I'm the kind of G that clients don't want to see\nJust a part of the process, making sure their products work right", "style": ["rap </span><span>- gangsters paradise"], "essentia_features": {"lowlevel.average_loudness": 0.9776910543441772, "lowlevel.barkbands_crest.mean": 19.007556915283203, "lowlevel.barkbands_crest.stdev": 5.595148086547852, "lowlevel.barkbands_flatness_db.mean": 0.23036015033721924, "lowlevel.barkbands_flatness_db.stdev": 0.08807147294282913, "lowlevel.barkbands_kurtosis.mean": 58.78823471069336, "lowlevel.barkbands_kurtosis.stdev": 115.50591278076172, "lowlevel.barkbands_skewness.mean": 4.969581604003906, "lowlevel.barkbands_skewness.stdev": 4.586642265319824, "lowlevel.barkbands_spread.mean": 23.72016143798828, "lowlevel.barkbands_spread.stdev": 27.665267944335938, "lowlevel.dissonance.mean": 0.45503750443458557, "lowlevel.dissonance.stdev": 0.04304850101470947, "lowlevel.dynamic_complexity": 3.430698871612549, "lowlevel.erbbands_crest.mean": 10.036576271057129, "lowlevel.erbbands_crest.stdev": 4.866617679595947, "lowlevel.erbbands_flatness_db.mean": 0.11846787482500076, "lowlevel.erbbands_flatness_db.stdev": 0.0508335679769516, "lowlevel.erbbands_kurtosis.mean": 2.1320455074310303, "lowlevel.erbbands_kurtosis.stdev": 6.321018695831299, "lowlevel.erbbands_skewness.mean": 0.47146281599998474, "lowlevel.erbbands_skewness.stdev": 1.3818093538284302, "lowlevel.erbbands_spread.mean": 71.19185638427734, "lowlevel.erbbands_spread.stdev": 47.720794677734375, "lowlevel.hfc.mean": 32.60654067993164, "lowlevel.hfc.stdev": 53.05324172973633, "lowlevel.loudness_ebu128.integrated": -20.426000595092773, "lowlevel.loudness_ebu128.loudness_range": 0.7875957489013672, "lowlevel.loudness_ebu128.momentary.mean": -20.726253509521484, "lowlevel.loudness_ebu128.momentary.stdev": 1.7531930208206177, "lowlevel.loudness_ebu128.short_term.mean": -20.406705856323242, "lowlevel.loudness_ebu128.short_term.stdev": 0.2627144455909729, "lowlevel.melbands_crest.mean": 27.295026779174805, "lowlevel.melbands_crest.stdev": 7.162210941314697, "lowlevel.melbands_flatness_db.mean": 0.3417418897151947, "lowlevel.melbands_flatness_db.stdev": 0.10397545993328094, "lowlevel.melbands_kurtosis.mean": 187.48248291015625, "lowlevel.melbands_kurtosis.stdev": 282.3209228515625, "lowlevel.melbands_skewness.mean": 8.725166320800781, "lowlevel.melbands_skewness.stdev": 6.865527153015137, "lowlevel.melbands_spread.mean": 9.960670471191406, "lowlevel.melbands_spread.stdev": 14.137452125549316, "lowlevel.pitch_salience.mean": 0.2934383153915405, "lowlevel.pitch_salience.stdev": 0.1720609962940216, "lowlevel.silence_rate_20dB.mean": 0.9755725264549255, "lowlevel.silence_rate_20dB.stdev": 0.15437276661396027, "lowlevel.silence_rate_30dB.mean": 0.8366411924362183, "lowlevel.silence_rate_30dB.stdev": 0.3696938157081604, "lowlevel.silence_rate_60dB.mean": 0.007633587811142206, "lowlevel.silence_rate_60dB.stdev": 0.08703576773405075, "lowlevel.spectral_centroid.mean": 1222.7144775390625, "lowlevel.spectral_centroid.stdev": 979.197509765625, "lowlevel.spectral_complexity.mean": 8.471755981445312, "lowlevel.spectral_complexity.stdev": 8.970035552978516, "lowlevel.spectral_decrease.mean": -1.625961942863796e-08, "lowlevel.spectral_decrease.stdev": 2.3546693483922354e-08, "lowlevel.spectral_energy.mean": 0.06432511657476425, "lowlevel.spectral_energy.stdev": 0.09077103435993195, "lowlevel.spectral_energyband_high.mean": 0.0022327741608023643, "lowlevel.spectral_energyband_high.stdev": 0.004067522007972002, "lowlevel.spectral_energyband_low.mean": 0.0536644347012043, "lowlevel.spectral_energyband_low.stdev": 0.08672117441892624, "lowlevel.spectral_energyband_middle_high.mean": 0.00213314825668931, "lowlevel.spectral_energyband_middle_high.stdev": 0.007980787195265293, "lowlevel.spectral_energyband_middle_low.mean": 0.0074584293179214, "lowlevel.spectral_energyband_middle_low.stdev": 0.01555605512112379, "lowlevel.spectral_entropy.mean": 7.68494176864624, "lowlevel.spectral_entropy.stdev": 0.5973712205886841, "lowlevel.spectral_flux.mean": 0.12016551196575165, "lowlevel.spectral_flux.stdev": 0.12246397882699966, "lowlevel.spectral_kurtosis.mean": 3.5505120754241943, "lowlevel.spectral_kurtosis.stdev": 3.5143375396728516, "lowlevel.spectral_rms.mean": 0.006812095642089844, "lowlevel.spectral_rms.stdev": 0.004043706227093935, "lowlevel.spectral_rolloff.mean": 1322.4390869140625, "lowlevel.spectral_rolloff.stdev": 2907.372802734375, "lowlevel.spectral_skewness.mean": 1.4904612302780151, "lowlevel.spectral_skewness.stdev": 0.6578942537307739, "lowlevel.spectral_spread.mean": 8077273.0, "lowlevel.spectral_spread.stdev": 3899970.5, "lowlevel.spectral_strongpeak.mean": 0.5230137705802917, "lowlevel.spectral_strongpeak.stdev": 0.44169557094573975, "lowlevel.zerocrossingrate.mean": 0.05798694118857384, "lowlevel.zerocrossingrate.stdev": 0.05592069402337074, "metadata.audio_properties.analysis.equal_loudness": 0.0, "metadata.audio_properties.analysis.length": 30.37761878967285, "metadata.audio_properties.analysis.sample_rate": 44100.0, "metadata.audio_properties.analysis.start_time": 0.0, "metadata.audio_properties.bit_rate": 127874.0, "metadata.audio_properties.length": 30.378665924072266, "metadata.audio_properties.lossless": 0.0, "metadata.audio_properties.number_channels": 1.0, "metadata.audio_properties.replay_gain": -5.313997268676758, "metadata.audio_properties.sample_rate": 48000.0, "rhythm.beats_count": 52.0, "rhythm.beats_loudness.mean": 0.10024701058864594, "rhythm.beats_loudness.stdev": 0.11296170949935913, "rhythm.bpm": 104.06592559814453, "rhythm.bpm_histogram_first_peak_bpm": 103.0, "rhythm.bpm_histogram_first_peak_weight": 0.4166666865348816, "rhythm.bpm_histogram_second_peak_bpm": 96.0, "rhythm.bpm_histogram_second_peak_spread": 0.3333333730697632, "rhythm.bpm_histogram_second_peak_weight": 0.03921568766236305, "rhythm.danceability": 2.1648447513580322, "rhythm.onset_rate": 5.132436752319336, "tonal.chords_changes_rate": 0.08841463178396225, "tonal.chords_number_rate": 0.0045731705613434315, "tonal.chords_strength.mean": 0.5762182474136353, "tonal.chords_strength.stdev": 0.051044564694166183, "tonal.hpcp_crest.mean": 12.443050384521484, "tonal.hpcp_crest.stdev": 4.235472202301025, "tonal.hpcp_entropy.mean": 2.0842230319976807, "tonal.hpcp_entropy.stdev": 0.6556602120399475, "tonal.key_edma.strength": 0.6321533918380737, "tonal.key_krumhansl.strength": 0.6220204830169678, "tonal.key_temperley.strength": 0.6001806855201721, "tonal.tuning_diatonic_strength": 0.7196325659751892, "tonal.tuning_equal_tempered_deviation": 0.20585258305072784, "tonal.tuning_frequency": 434.193115234375, "tonal.tuning_nontempered_energy_ratio": 0.8615514636039734, "lowlevel.barkbands.mean": [0.0023525950964540243, 0.04605032503604889, 0.004151386674493551, 0.00176206324249506, 0.0012373734498396516, 0.0012973248958587646, 0.0017060897080227733, 0.0009127844241447747, 0.0004493917222134769, 0.00028170531732030213, 0.0003404738672543317, 0.00031407017377205193, 0.0002352705632802099, 0.00014597928384318948, 0.00019584926485549659, 0.00011198261199751869, 0.00013475782179739326, 0.00012666729162447155, 0.0001877136528491974, 0.0002047598536591977, 0.00016469901311211288, 0.00020307570230215788, 0.00030266179237514734, 0.00020447147835511714, 0.0002866834693122655, 0.0008442928665317595, 0.0001206599481520243], "lowlevel.barkbands.stdev": [0.0031140840146690607, 0.07287044078111649, 0.021815145388245583, 0.007887893356382847, 0.003038733499124646, 0.0036041478160768747, 0.006396997254341841, 0.0029124736320227385, 0.0013695054221898317, 0.0010106012923642993, 0.0017217706190422177, 0.0011165519244968891, 0.0008015341591089964, 0.000699158466886729, 0.0013400489697232842, 0.00047605394502170384, 0.0006116068107075989, 0.000714516791049391, 0.0010075281606987119, 0.0009987079538404942, 0.0007305002654902637, 0.0005088998004794121, 0.0007008180837146938, 0.000433035078458488, 0.0006396406097337604, 0.0015380834229290485, 0.0002461931435391307], "lowlevel.erbbands.mean": [1.9654960632324219, 7.6929402351379395, 5.974781036376953, 6.007628917694092, 4.206539154052734, 3.549147605895996, 8.084297180175781, 11.541162490844727, 17.37444305419922, 30.316635131835938, 16.574140548706055, 10.612314224243164, 9.15345287322998, 10.180548667907715, 14.329730987548828, 12.126089096069336, 10.818990707397461, 7.786538124084473, 9.571364402770996, 8.733983993530273, 6.843952655792236, 7.876733303070068, 6.461484909057617, 8.313041687011719, 10.300484657287598, 9.85973834991455, 7.430948257446289, 6.4792351722717285, 7.900147438049316, 6.65035343170166, 8.353615760803223, 6.226128101348877, 2.665820360183716, 2.085648775100708, 2.602672576904297, 2.8645763397216797, 1.6387958526611328, 0.46100008487701416, 0.01124184112995863, 0.0003308709419798106], "lowlevel.erbbands.stdev": [2.6647133827209473, 15.21201229095459, 25.785266876220703, 27.40316390991211, 16.12371253967285, 8.66790771484375, 16.9105224609375, 37.78563690185547, 56.389591217041016, 114.96363830566406, 48.08152770996094, 31.104877471923828, 33.245121002197266, 42.16087341308594, 62.95368957519531, 42.83409118652344, 35.75746154785156, 29.465991973876953, 60.66973876953125, 55.20914840698242, 28.458972930908203, 36.65996551513672, 36.072139739990234, 41.792236328125, 55.9384651184082, 49.83501434326172, 37.625770568847656, 22.50457191467285, 19.990983963012695, 15.600223541259766, 19.117582321166992, 14.211186408996582, 5.258700370788574, 4.90961217880249, 5.687098026275635, 5.850761890411377, 3.0237417221069336, 0.8478553295135498, 0.02078850194811821, 0.0005053233471699059], "lowlevel.gfcc.mean": [-32.5478401184082, 58.51256561279297, -41.1808967590332, 34.91412353515625, -43.75729751586914, 22.49941635131836, -20.760055541992188, 19.420162200927734, -8.48122787475586, 23.113784790039062, -6.8366217613220215, 17.889665603637695, -14.282511711120605], "lowlevel.melbands.mean": [0.014743637293577194, 0.0051844180561602116, 0.0009633111767470837, 0.0002589422801975161, 0.0002623933251015842, 0.00025671685580164194, 0.0002923540596384555, 0.00031112178112380207, 0.00011959506082348526, 6.263513205340132e-05, 4.488530976232141e-05, 3.983308852184564e-05, 4.845666990149766e-05, 3.756265505217016e-05, 2.6765195798361674e-05, 2.2633066691923887e-05, 1.308550145040499e-05, 1.5243642337736674e-05, 1.417157272953773e-05, 8.552850886189844e-06, 7.981041562743485e-06, 8.94358799996553e-06, 5.329557552613551e-06, 6.295126240729587e-06, 6.604614100069739e-06, 7.359631126746535e-06, 7.289140285138274e-06, 6.36325785308145e-06, 5.007309027860174e-06, 3.6673766317107948e-06, 3.7713180063292384e-06, 4.945961791236186e-06, 3.1877482342679286e-06, 4.068459020345472e-06, 4.349808023107471e-06, 5.625125140795717e-06, 3.1737215522298357e-06, 1.7732113519741688e-06, 1.883904701571737e-06, 1.6179735666810302e-06], "lowlevel.melbands.stdev": [0.02157767117023468, 0.014198517426848412, 0.004341632593423128, 0.000773281033616513, 0.0005331774591468275, 0.0007811893592588603, 0.001008028513751924, 0.0011347668478265405, 0.0003403130394872278, 0.00018929908401332796, 0.0001649078039918095, 0.00016174906340893358, 0.00023771340784151107, 0.00013427277735900134, 0.00010250392369925976, 7.697474211454391e-05, 5.280490586301312e-05, 9.728327859193087e-05, 9.978728485293686e-05, 4.385059219202958e-05, 3.309593739686534e-05, 4.3164342059753835e-05, 2.7825351935462095e-05, 3.715946149895899e-05, 3.2781790650915354e-05, 4.110117515665479e-05, 3.569153341231868e-05, 3.3045242162188515e-05, 2.6683210307965055e-05, 1.611231164133642e-05, 1.2795154361811001e-05, 1.3366247912927065e-05, 7.5466587077244185e-06, 1.0530920917517506e-05, 1.1281297702225856e-05, 1.2890373909613118e-05, 7.355754860327579e-06, 3.4675833830988267e-06, 4.071846433362225e-06, 4.348339189164108e-06], "lowlevel.melbands128.mean": [0.0022960177157074213, 0.017275894060730934, 0.02006833255290985, 0.01013600081205368, 0.003600780852138996, 0.0019144534599035978, 0.0013029604451730847, 0.0007158758235163987, 0.00037847168277949095, 0.00024086714256554842, 0.00015124311903491616, 0.0002452273038215935, 0.0002800690126605332, 0.00030077362316660583, 0.000287516915705055, 0.0002009809686569497, 0.0002252559643238783, 0.00027603155467659235, 0.00042547049815766513, 0.0003836744581349194, 0.0002349427668377757, 0.00015606994566041976, 0.00010503705561859533, 8.28275951789692e-05, 6.891647353768349e-05, 5.448861702461727e-05, 4.595245627569966e-05, 4.581531902658753e-05, 4.2521114664850757e-05, 3.560624099918641e-05, 3.599679985200055e-05, 5.322320430423133e-05, 5.054510984336957e-05, 4.584599082591012e-05, 4.209498001728207e-05, 3.5768855013884604e-05, 2.7684167434927076e-05, 2.9843531592632644e-05, 2.2984710085438564e-05, 2.2713096768711694e-05, 2.654359195730649e-05, 1.5846764654270373e-05, 1.157247243099846e-05, 1.126032293541357e-05, 1.5782945411046967e-05, 1.6665891962475143e-05, 1.3914845112594776e-05, 1.469910148443887e-05, 1.4895429558237083e-05, 1.085172698367387e-05, 6.899256277392851e-06, 7.0362807491619606e-06, 8.022587280720472e-06, 7.838006240490358e-06, 8.978099685919005e-06, 1.1280507351330016e-05, 6.682706043648068e-06, 4.906572030449752e-06, 5.00797386848717e-06, 5.484241228259634e-06, 6.465902515628841e-06, 6.59344686937402e-06, 7.254163847392192e-06, 6.64773142489139e-06, 5.545157364394981e-06, 7.705694770265836e-06, 7.98675864643883e-06, 7.720232133578975e-06, 6.859497261757497e-06, 7.428916433127597e-06, 6.323632078419905e-06, 6.045018835720839e-06, 5.3979056247044355e-06, 5.529885584110161e-06, 3.398330363779678e-06, 3.862288394884672e-06, 3.6985622955398867e-06, 3.1374170248454902e-06, 3.837652002403047e-06, 3.878588813677197e-06, 5.933430202276213e-06, 5.154248356120661e-06, 3.523093710100511e-06, 2.747057123997365e-06, 3.1784813927515643e-06, 3.228579771530349e-06, 4.693367827712791e-06, 5.186411726754159e-06, 2.7941805456066504e-06, 4.869915755989496e-06, 7.347191512963036e-06, 5.307715582603123e-06, 3.964773895859253e-06, 3.3665053251752397e-06, 2.4507187390554463e-06, 2.2643971533398144e-06, 1.3992579397381633e-06, 1.34183596856019e-06, 2.1601140360871796e-06, 2.1211001239862526e-06, 1.4713535847477033e-06, 1.6538508589292178e-06, 1.4677877970825648e-06, 2.1774008018837776e-06, 2.6697691737354035e-06, 3.4302308904443635e-06, 4.666303084377432e-06, 4.07093602916575e-06, 5.787170721305301e-06, 5.740100277762394e-06, 4.270801582606509e-06, 5.27669863004121e-06, 5.4869519772182684e-06, 5.723574304283829e-06, 4.6110726543702185e-06, 5.453163339552702e-06, 4.509868631430436e-06, 1.024214043354732e-06, 2.34993113856774e-09, 8.532383827253298e-11, 6.201024416174761e-11, 3.694362177286692e-11, 1.9615352744861703e-11, 1.8902230475292825e-11, 1.8061312861972212e-11, 1.7370301377828135e-11, 1.687318167131746e-11, 1.6644271030874513e-11], "lowlevel.melbands128.stdev": [0.0030428313184529543, 0.022555319592356682, 0.03265555202960968, 0.02402401901781559, 0.015431953594088554, 0.009916160255670547, 0.006059557665139437, 0.0032219369895756245, 0.0014653316466137767, 0.0007084817043505609, 0.0004354887059889734, 0.0006427375483326614, 0.0006501880707219243, 0.000998814357444644, 0.0012014120584353805, 0.0007819528691470623, 0.0007969553698785603, 0.0010181671241298318, 0.0019366471096873283, 0.0015867076581344008, 0.0008659737068228424, 0.0005081147537566721, 0.0003646142431534827, 0.0002921627601608634, 0.00025269383331760764, 0.00018351885955780745, 0.00022770054056309164, 0.0002185576595366001, 0.00016016555309761316, 0.00014758050383534282, 0.00018489865760784596, 0.0003181891224812716, 0.0002887194568756968, 0.00020710271201096475, 0.00016583758406341076, 0.0001482471270719543, 0.00013536617916543037, 0.00013793542166240513, 0.00010680307605070993, 8.713851275388151e-05, 0.00010633855708874762, 6.52245944365859e-05, 5.271002737572417e-05, 5.312934081302956e-05, 9.465963375987485e-05, 0.00013752032828051597, 0.00010924654634436592, 0.0001205141088576056, 0.00011310805712128058, 6.692338502034545e-05, 3.542058766470291e-05, 3.237954297219403e-05, 3.45617881976068e-05, 3.627549813245423e-05, 4.343314503785223e-05, 6.52837406960316e-05, 3.17685044137761e-05, 2.8959086193935946e-05, 3.0180921385181136e-05, 3.9449565520044416e-05, 4.235430242260918e-05, 4.146562787354924e-05, 4.255492240190506e-05, 3.5141063563060015e-05, 2.5776131224120036e-05, 4.537900895229541e-05, 5.5514537962153554e-05, 4.781630923389457e-05, 3.047337304451503e-05, 4.433216599863954e-05, 3.528279921738431e-05, 3.302015466033481e-05, 2.7854146537720226e-05, 3.56642558472231e-05, 1.8412643839837983e-05, 2.006098293350078e-05, 1.4425851077248808e-05, 1.1299547622911632e-05, 1.4019060472492129e-05, 1.512962808192242e-05, 1.942026210599579e-05, 1.2598571629496291e-05, 8.88073645910481e-06, 6.828838650108082e-06, 8.976322533271741e-06, 8.328145668201614e-06, 1.26656241263845e-05, 2.3635971956537105e-05, 7.821638064342551e-06, 1.0973853022733238e-05, 1.7492955521447584e-05, 1.3482096619554795e-05, 1.1838802493002731e-05, 8.913749297789764e-06, 5.189162493479671e-06, 4.364534106571227e-06, 3.205017719665193e-06, 3.6002813885716023e-06, 5.148891887074569e-06, 4.9227464842260815e-06, 3.903740434907377e-06, 5.697584583685966e-06, 5.219290869717952e-06, 5.305419108481146e-06, 6.33001081951079e-06, 7.985668162291404e-06, 1.2743191291519906e-05, 9.060553566087037e-06, 1.3185713214625139e-05, 1.3347113963391166e-05, 9.665352990850806e-06, 1.0521486728976015e-05, 1.111988694901811e-05, 1.1278676538495347e-05, 9.429981219000183e-06, 1.0752757589216344e-05, 9.093516382563394e-06, 2.568965328464401e-06, 3.891588207238783e-08, 2.16515738671319e-09, 1.451438191857335e-09, 6.086371961977477e-10, 1.4416559612762114e-10, 1.3872986093232953e-10, 1.336308147470433e-10, 1.3234757734181812e-10, 1.3101988938224451e-10, 1.3078021998680356e-10], "lowlevel.mfcc.mean": [-705.753173828125, 109.55223083496094, 52.39145278930664, 31.965335845947266, 10.695379257202148, 17.96578598022461, 4.801387310028076, 11.92591667175293, 3.5122902393341064, 13.040915489196777, 9.898238182067871, 14.726179122924805, 13.065633773803711], "lowlevel.spectral_contrast_coeffs.mean": [-0.7510289549827576, -0.767142653465271, -0.8236793875694275, -0.8339249491691589, -0.8153908252716064, -0.7512028813362122], "lowlevel.spectral_contrast_coeffs.stdev": [0.06801913678646088, 0.07735034078359604, 0.0574093759059906, 0.04900090768933296, 0.043219443410634995, 0.05113672465085983], "lowlevel.spectral_contrast_valleys.mean": [-6.770211696624756, -7.177494525909424, -8.14763069152832, -8.571316719055176, -8.422834396362305, -10.561620712280273], "lowlevel.spectral_contrast_valleys.stdev": [0.7710013389587402, 0.8606817722320557, 0.9907335042953491, 0.9379432201385498, 1.000266194343567, 1.160584807395935], "rhythm.beats_loudness_band_ratio.mean": [0.7135874629020691, 0.08332519978284836, 0.05131122097373009, 0.03582542762160301, 0.01803744025528431, 0.11038094013929367], "rhythm.beats_loudness_band_ratio.stdev": [0.24315384030342102, 0.13826023042201996, 0.06637877970933914, 0.09566950052976608, 0.03492388874292374, 0.12025003135204315], "tonal.hpcp.mean": [0.07425197958946228, 0.057557087391614914, 0.04913272336125374, 0.04751669615507126, 0.04967593029141426, 0.04799620807170868, 0.048776015639305115, 0.04229550436139107, 0.03301328420639038, 0.03685775771737099, 0.03671644628047943, 0.03774816542863846, 0.043437499552965164, 0.04983818903565407, 0.05269019678235054, 0.054142653942108154, 0.05782433971762657, 0.056337740272283554, 0.0510866716504097, 0.03511670604348183, 0.025789499282836914, 0.02736317738890648, 0.02144121751189232, 0.01765645481646061, 0.016925491392612457, 0.016047781333327293, 0.019974172115325928, 0.020279018208384514, 0.022191230207681656, 0.04296829551458359, 0.07897558808326721, 0.12327977269887924, 0.2496463656425476, 0.511154294013977, 0.44147294759750366, 0.14886626601219177], "tonal.hpcp.stdev": [0.21360711753368378, 0.18278123438358307, 0.17623992264270782, 0.15648753941059113, 0.1652631014585495, 0.16040262579917908, 0.16540680825710297, 0.1566583812236786, 0.12734587490558624, 0.14331834018230438, 0.13824479281902313, 0.14022688567638397, 0.13603512942790985, 0.1361478716135025, 0.16074764728546143, 0.16858483850955963, 0.17326869070529938, 0.16651470959186554, 0.15904055535793304, 0.11729679256677628, 0.09438551217317581, 0.11442774534225464, 0.09515015035867691, 0.08104652911424637, 0.07920984923839569, 0.06240705028176308, 0.0850592628121376, 0.08746166527271271, 0.09086925536394119, 0.15767182409763336, 0.22125396132469177, 0.2839106321334839, 0.3348093628883362, 0.42873910069465637, 0.41290178894996643, 0.27240344882011414], "rhythm.beats_position": [0.5921088457107544, 1.172607660293579, 1.7414965629577637, 2.321995496749878, 2.902494192123413, 3.4713830947875977, 4.040272235870361, 4.609160900115967, 5.189659595489502, 5.758548736572266, 6.339047431945801, 6.919546127319336, 7.500045299530029, 8.080544471740723, 8.672653198242188, 9.287981986999512, 9.914920806884766, 10.54185962677002, 11.133968353271484, 11.71446704864502, 12.294965744018555, 12.87546443939209, 13.444353103637695, 14.024852752685547, 14.593741416931152, 15.162630081176758, 15.743128776550293, 16.323627471923828, 16.90412712097168, 17.47301483154297, 18.04190444946289, 18.622404098510742, 19.20290184020996, 19.771791458129883, 20.3522891998291, 20.921178817749023, 21.501678466796875, 22.082176208496094, 22.651065826416016, 23.219953536987305, 23.800453186035156, 24.380952835083008, 24.949840545654297, 25.51873016357422, 26.099227905273438, 26.67972755432129, 27.26022720336914, 27.82911491394043, 28.40961456298828, 28.97850227355957, 29.559001922607422, 30.13949966430664], "rhythm.bpm_histogram": [0.0, 0.0, 0.0, 0.0, 0.0, 0.0, 0.0, 0.0, 0.0, 0.0, 0.0, 0.0, 0.0, 0.0, 0.0, 0.0, 0.0, 0.0, 0.0, 0.0, 0.0, 0.0, 0.0, 0.0, 0.0, 0.0, 0.0, 0.0, 0.0, 0.0, 0.0, 0.0, 0.0, 0.0, 0.0, 0.0, 0.0, 0.0, 0.0, 0.0, 0.0, 0.0, 0.0, 0.0, 0.0, 0.0, 0.0, 0.0, 0.0, 0.0, 0.0, 0.0, 0.0, 0.0, 0.0, 0.0, 0.0, 0.0, 0.0, 0.0, 0.0, 0.0, 0.0, 0.0, 0.0, 0.0, 0.0, 0.0, 0.0, 0.0, 0.0, 0.0, 0.0, 0.0, 0.0, 0.0, 0.0, 0.0, 0.0, 0.0, 0.0, 0.0, 0.0, 0.0, 0.0, 0.0, 0.0, 0.0, 0.0, 0.0, 0.0, 0.0, 0.0, 0.0, 0.0, 0.0, 0.03921568766236305, 0.0, 0.019607843831181526, 0.0, 0.0, 0.03921568766236305, 0.0, 0.5490196347236633, 0.0, 0.3529411852359772, 0.0, 0.0, 0.0, 0.0, 0.0, 0.0, 0.0, 0.0, 0.0, 0.0, 0.0, 0.0, 0.0, 0.0, 0.0, 0.0, 0.0, 0.0, 0.0, 0.0, 0.0, 0.0, 0.0, 0.0, 0.0, 0.0, 0.0, 0.0, 0.0, 0.0, 0.0, 0.0, 0.0, 0.0, 0.0, 0.0, 0.0, 0.0, 0.0, 0.0, 0.0, 0.0, 0.0, 0.0, 0.0, 0.0, 0.0, 0.0, 0.0, 0.0, 0.0, 0.0, 0.0, 0.0, 0.0, 0.0, 0.0, 0.0, 0.0, 0.0, 0.0, 0.0, 0.0, 0.0, 0.0, 0.0, 0.0, 0.0, 0.0, 0.0, 0.0, 0.0, 0.0, 0.0, 0.0, 0.0, 0.0, 0.0, 0.0, 0.0, 0.0, 0.0, 0.0, 0.0, 0.0, 0.0, 0.0, 0.0, 0.0, 0.0, 0.0, 0.0, 0.0, 0.0, 0.0, 0.0, 0.0, 0.0, 0.0, 0.0, 0.0, 0.0, 0.0, 0.0, 0.0, 0.0, 0.0, 0.0, 0.0, 0.0, 0.0, 0.0, 0.0, 0.0, 0.0, 0.0, 0.0, 0.0, 0.0, 0.0, 0.0, 0.0, 0.0, 0.0, 0.0, 0.0, 0.0, 0.0, 0.0, 0.0, 0.0, 0.0, 0.0, 0.0, 0.0, 0.0, 0.0, 0.0, 0.0, 0.0, 0.0, 0.0, 0.0, 0.0], "tonal.chords_histogram": [35.51829147338867, 0.0, 0.3048780560493469, 0.0, 0.0, 0.0, 0.0, 27.89634132385254, 0.0, 36.280487060546875, 0.0, 0.0, 0.0, 0.0, 0.0, 0.0, 0.0, 0.0, 0.0, 0.0, 0.0, 0.0, 0.0, 0.0], "tonal.thpcp": [1.0, 0.8636784553527832, 0.29123547673225403, 0.14526334404945374, 0.11260218173265457, 0.09612111747264862, 0.09295959770679474, 0.09718382358551025, 0.09389769285917282, 0.09542327374219894, 0.08274508267641068, 0.06458575278520584, 0.07210691273212433, 0.07183045893907547, 0.07384886592626572, 0.08497923612594604, 0.09750126302242279, 0.10308080911636353, 0.10592233389616013, 0.1131250187754631, 0.11021669954061508, 0.09994374215602875, 0.06870079785585403, 0.05045345425605774, 0.05353212729096413, 0.041946664452552795, 0.03454231843352318, 0.0331122949719429, 0.03139518201351166, 0.03907660022377968, 0.03967298939824104, 0.043413955718278885, 0.08406130224466324, 0.15450440347194672, 0.2411791831254959, 0.4883972704410553], "lowlevel.gfcc.cov": [[6797.990234375, -1586.16455078125, -264.92681884765625, -396.72882080078125, -97.11189270019531, -171.35153198242188, -211.13650512695312, 67.03973388671875, -318.1634216308594, 43.11307144165039, -356.9772644042969, 81.44481658935547, -242.54652404785156], [-1586.16455078125, 2625.95263671875, -983.0493774414062, -276.9254455566406, 53.49360275268555, -425.640625, 117.93956756591797, -162.60353088378906, 39.27803421020508, -240.82041931152344, 246.92539978027344, -191.49256896972656, 191.82798767089844], [-264.92681884765625, -983.0493774414062, 1618.638427734375, 228.2685546875, 43.39997482299805, 322.7188415527344, -153.22923278808594, 0.49361270666122437, -12.598224639892578, 47.1804313659668, -148.6376190185547, 70.43232727050781, -126.31928253173828], [-396.72882080078125, -276.9254455566406, 228.2685546875, 531.9485473632812, 84.48307800292969, 25.352493286132812, -94.31422424316406, -65.6003646850586, 45.8314094543457, 16.722307205200195, -7.321742057800293, -14.855325698852539, 21.699790954589844], [-97.11189270019531, 53.49360275268555, 43.39997482299805, 84.48307800292969, 308.1380615234375, 27.26214599609375, 0.7576741576194763, -32.60256576538086, -19.672731399536133, -7.7791900634765625, -10.863327980041504, -34.67953109741211, -7.9719743728637695], [-171.35153198242188, -425.640625, 322.7188415527344, 25.352493286132812, 27.26214599609375, 389.0426940917969, 103.92987060546875, 51.040130615234375, 21.538421630859375, 24.217546463012695, -27.15336799621582, -1.9140615463256836, -54.82622528076172], [-211.13650512695312, 117.93956756591797, -153.22923278808594, -94.31422424316406, 0.7576741576194763, 103.92987060546875, 283.61920166015625, 95.88077545166016, 17.843284606933594, -20.532428741455078, 30.042198181152344, -4.972949981689453, 8.208203315734863], [67.03973388671875, -162.60353088378906, 0.49361270666122437, -65.6003646850586, -32.60256576538086, 51.040130615234375, 95.88077545166016, 160.91452026367188, 48.71391296386719, 14.033931732177734, -17.811317443847656, 20.04819679260254, -4.089395523071289], [-318.1634216308594, 39.27803421020508, -12.598224639892578, 45.8314094543457, -19.672731399536133, 21.538421630859375, 17.843284606933594, 48.71391296386719, 164.07553100585938, 57.28780746459961, 42.4875602722168, -1.3277897834777832, 13.696818351745605], [43.11307144165039, -240.82041931152344, 47.1804313659668, 16.722307205200195, -7.7791900634765625, 24.217546463012695, -20.532428741455078, 14.033931732177734, 57.28780746459961, 127.85185241699219, 24.268739700317383, 16.53849220275879, -23.687753677368164], [-356.9772644042969, 246.92539978027344, -148.6376190185547, -7.321742057800293, -10.863327980041504, -27.15336799621582, 30.042198181152344, -17.811317443847656, 42.4875602722168, 24.268739700317383, 122.25872802734375, 18.460697174072266, 33.95812225341797], [81.44481658935547, -191.49256896972656, 70.43232727050781, -14.855325698852539, -34.67953109741211, -1.9140615463256836, -4.972949981689453, 20.04819679260254, -1.3277897834777832, 16.53849220275879, 18.460697174072266, 104.22136688232422, 17.46786117553711], [-242.54652404785156, 191.82798767089844, -126.31928253173828, 21.699790954589844, -7.9719743728637695, -54.82622528076172, 8.208203315734863, -4.089395523071289, 13.696818351745605, -23.687753677368164, 33.95812225341797, 17.46786117553711, 94.16409301757812]], "lowlevel.gfcc.icov": [[0.0002783423406071961, 0.0002488206373527646, 0.00019200309179723263, 0.00024585038772784173, -2.9067099603707902e-05, 0.0002474738867022097, 0.00012273303582333028, 7.28306476958096e-05, 0.00015730656741652638, 0.0001759537699399516, 0.00038646289613097906, -3.538370583555661e-05, 0.0004336432320997119], [0.0002488206373527646, 0.002126681385561824, 9.085550846066326e-05, 0.0014666871866211295, -0.0004203341668471694, 0.001715879887342453, -0.0005867313011549413, 0.0016887033125385642, -0.0014868149301037192, 0.0036122568417340517, -0.0030224586371332407, 0.003554588183760643, -0.001264106947928667], [0.00019200309179723263, 9.085550846066326e-05, 0.0012471609516069293, -0.00023336397134698927, -6.424453022191301e-05, -0.0007820699247531593, 0.000792195089161396, 3.519789970596321e-06, 2.474452048772946e-05, 9.85202204901725e-05, 0.0013169536832720041, -0.00132403161842376, 0.0012984653003513813], [0.00024585038772784173, 0.0014666871866211295, -0.00023336397134698927, 0.0035184400621801615, -0.0008452347829006612, 0.001037019188515842, 8.040386455832049e-05, 0.0021104570478200912, -0.00197473238222301, 0.0022992431186139584, -0.0015103424666449428, 0.002702361438423395, -0.0019526096293702722], [-2.9067099603707902e-05, -0.0004203341668471694, -6.424453022191301e-05, -0.0008452347829006612, 0.0037121716886758804, -0.00048325469833798707, -0.00023672492534387857, 0.00013769741053692997, 0.0008879044326022267, -0.0009014885290525854, 0.0006744484417140484, 0.00034893391421064734, 0.0002856554347090423], [0.0002474738867022097, 0.001715879887342453, -0.0007820699247531593, 0.001037019188515842, -0.00048325469833798707, 0.005516016855835915, -0.0025383071042597294, 0.001333011663518846, -0.0014587786281481385, 0.0023903287947177887, -0.0021593482233583927, 0.00313035910949111, 0.0003152098797727376], [0.00012273303582333028, -0.0005867313011549413, 0.000792195089161396, 8.040386455832049e-05, -0.00023672492534387857, -0.0025383071042597294, 0.006715376395732164, -0.00430231261998415, 0.0013343661557883024, 0.00035870433202944696, -0.0009677405469119549, -0.0006529423990286887, 0.0006516839493997395], [7.28306476958096e-05, 0.0016887033125385642, 3.519789970596321e-06, 0.0021104570478200912, 0.00013769741053692997, 0.001333011663518846, -0.00430231261998415, 0.012507576495409012, -0.005457498598843813, 0.002372771268710494, 0.001886939164251089, 0.0002517548855394125, -0.001364657306112349], [0.00015730656741652638, -0.0014868149301037192, 2.474452048772946e-05, -0.00197473238222301, 0.0008879044326022267, -0.0014587786281481385, 0.0013343661557883024, -0.005457498598843813, 0.011513203382492065, -0.006492256186902523, -0.0005763676599599421, -0.00045478949323296547, -0.00022081016504671425], [0.0001759537699399516, 0.0036122568417340517, 9.85202204901725e-05, 0.0022992431186139584, -0.0009014885290525854, 0.0023903287947177887, 0.00035870433202944696, 0.002372771268710494, -0.006492256186902523, 0.017722107470035553, -0.008187690749764442, 0.004346949048340321, 0.0016327749472111464], [0.00038646289613097906, -0.0030224586371332407, 0.0013169536832720041, -0.0015103424666449428, 0.0006744484417140484, -0.0021593482233583927, -0.0009677405469119549, 0.001886939164251089, -0.0005763676599599421, -0.008187690749764442, 0.02006644569337368, -0.009581295773386955, 0.0007985851261764765], [-3.538370583555661e-05, 0.003554588183760643, -0.00132403161842376, 0.002702361438423395, 0.00034893391421064734, 0.00313035910949111, -0.0006529423990286887, 0.0002517548855394125, -0.00045478949323296547, 0.004346949048340321, -0.009581295773386955, 0.01967669278383255, -0.0068465047515928745], [0.0004336432320997119, -0.001264106947928667, 0.0012984653003513813, -0.0019526096293702722, 0.0002856554347090423, 0.0003152098797727376, 0.0006516839493997395, -0.001364657306112349, -0.00022081016504671425, 0.0016327749472111464, 0.0007985851261764765, -0.0068465047515928745, 0.018020328134298325]], "lowlevel.mfcc.cov": [[6401.45703125, -967.334716796875, -778.7609252929688, -260.3765869140625, -232.14974975585938, -322.60626220703125, -81.68763732910156, -170.6874237060547, -1.7928135395050049, -203.3104705810547, -65.49308776855469, -201.77748107910156, -23.928829193115234], [-967.334716796875, 2084.088134765625, -635.9813842773438, -62.00299072265625, -199.08291625976562, -252.89981079101562, 37.90747833251953, -66.05248260498047, -82.70649719238281, -107.00831604003906, -24.944385528564453, -60.15097427368164, 6.306063175201416], [-778.7609252929688, -635.9813842773438, 1238.3697509765625, 19.736202239990234, 242.82980346679688, 213.68826293945312, -44.79143142700195, 81.61924743652344, 7.3068318367004395, 63.29747009277344, -31.2314453125, 66.57173919677734, -44.28334045410156], [-260.3765869140625, -62.00299072265625, 19.736202239990234, 438.3768615722656, 139.86627197265625, 9.939032554626465, -72.46765899658203, -73.35467529296875, -25.348316192626953, -37.908905029296875, -46.511478424072266, -8.087199211120605, 5.9095377922058105], [-232.14974975585938, -199.08291625976562, 242.82980346679688, 139.86627197265625, 366.8697204589844, 125.10808563232422, -26.863492965698242, -51.4930534362793, -13.490945816040039, 3.555229902267456, -14.632003784179688, -10.954723358154297, -22.1163272857666], [-322.60626220703125, -252.89981079101562, 213.68826293945312, 9.939032554626465, 125.10808563232422, 263.51837158203125, 63.677066802978516, 35.856327056884766, -3.574648857116699, 55.543800354003906, 26.395837783813477, 44.712493896484375, -38.1824951171875], [-81.68763732910156, 37.90747833251953, -44.79143142700195, -72.46765899658203, -26.863492965698242, 63.677066802978516, 211.6165313720703, 80.82225799560547, 46.386417388916016, -10.123634338378906, 34.75651550292969, -11.789663314819336, -19.175912857055664], [-170.6874237060547, -66.05248260498047, 81.61924743652344, -73.35467529296875, -51.4930534362793, 35.856327056884766, 80.82225799560547, 193.3768768310547, 67.27572631835938, 40.844120025634766, 3.7088329792022705, 30.088823318481445, -4.210784912109375], [-1.7928135395050049, -82.70649719238281, 7.3068318367004395, -25.348316192626953, -13.490945816040039, -3.574648857116699, 46.386417388916016, 67.27572631835938, 136.24844360351562, 43.54712677001953, 26.419445037841797, -2.296294689178467, 1.312668800354004], [-203.3104705810547, -107.00831604003906, 63.29747009277344, -37.908905029296875, 3.555229902267456, 55.543800354003906, -10.123634338378906, 40.844120025634766, 43.54712677001953, 143.84881591796875, 52.51502990722656, 47.20062255859375, -12.417654037475586], [-65.49308776855469, -24.944385528564453, -31.2314453125, -46.511478424072266, -14.632003784179688, 26.395837783813477, 34.75651550292969, 3.7088329792022705, 26.419445037841797, 52.51502990722656, 108.78697967529297, 34.73311233520508, 0.9696190357208252], [-201.77748107910156, -60.15097427368164, 66.57173919677734, -8.087199211120605, -10.954723358154297, 44.712493896484375, -11.789663314819336, 30.088823318481445, -2.296294689178467, 47.20062255859375, 34.73311233520508, 119.94517517089844, 29.21857452392578], [-23.928829193115234, 6.306063175201416, -44.28334045410156, 5.9095377922058105, -22.1163272857666, -38.1824951171875, -19.175912857055664, -4.210784912109375, 1.312668800354004, -12.417654037475586, 0.9696190357208252, 29.21857452392578, 94.46565246582031]], "lowlevel.mfcc.icov": [[0.00027223362121731043, 0.00026399613125249743, 0.0002335913450224325, 0.0002582636661827564, 2.217315159214195e-05, 0.0002688527456484735, 9.56902076723054e-05, 0.0001749892981024459, -5.0778300646925345e-05, 0.0003725219576153904, 0.00010300150461262092, 9.364006837131456e-05, 0.0003054199041798711], [0.00026399613125249743, 0.0008998621487990022, 0.00046452824608422816, 0.0003080414026044309, 1.7736370864440687e-05, 0.0008124744053930044, -0.00023959513055160642, 0.00021041437867097557, 0.00040533000719733536, 0.000392143934732303, 0.00023494464403484017, -7.127209391910583e-05, 0.0005641334573738277], [0.0002335913450224325, 0.00046452824608422816, 0.0014387150295078754, 0.0004443585639819503, -0.000627413799520582, -0.00019475257431622595, 0.0005878281663171947, -0.0004568242293316871, -1.845546103140805e-05, 0.00043632680899463594, 0.0005803291569463909, -0.0004771352978423238, 0.0007473891018889844], [0.0002582636661827564, 0.0003080414026044309, 0.0004443585639819503, 0.003200889565050602, -0.001055015018209815, 0.0001584975834703073, 0.0007420195615850389, 0.000775023247115314, -0.0005152574158273637, 0.0009996496373787522, 0.0010837307199835777, -0.0005194784025661647, 0.0003432754019740969], [2.217315159214195e-05, 1.7736370864440687e-05, -0.000627413799520582, -0.001055015018209815, 0.004486231133341789, -0.002085004234686494, 0.00039852247573435307, 0.0012701655505225062, -0.0005508685717359185, 0.0001529100991319865, -1.2557126183310174e-06, 0.001215707161463797, -0.000226854914217256], [0.0002688527456484735, 0.0008124744053930044, -0.00019475257431622595, 0.0001584975834703073, -0.002085004234686494, 0.007987636141479015, -0.003248924855142832, 8.571973739890382e-05, 0.0020841092336922884, -0.0019212976330891252, 0.00035421905340626836, -0.002437738934531808, 0.0024662299547344446], [9.56902076723054e-05, -0.00023959513055160642, 0.0005878281663171947, 0.0007420195615850389, 0.00039852247573435307, -0.003248924855142832, 0.008850944228470325, -0.003304743207991123, -0.0020527539309114218, 0.00400629872456193, -0.0034398643765598536, 0.0019220892572775483, 0.0006948122172616422], [0.0001749892981024459, 0.00021041437867097557, -0.0004568242293316871, 0.000775023247115314, 0.0012701655505225062, 8.571973739890382e-05, -0.003304743207991123, 0.009410071186721325, -0.0033194434363394976, -0.001631911494769156, 0.003615385852754116, -0.0024624476209282875, 0.00040442062891088426], [-5.0778300646925345e-05, 0.00040533000719733536, -1.845546103140805e-05, -0.0005152574158273637, -0.0005508685717359185, 0.0020841092336922884, -0.0020527539309114218, -0.0033194434363394976, 0.011350836604833603, -0.0035499483346939087, -0.0017422825330868363, 0.00230501894839108, -0.0011870237067341805], [0.0003725219576153904, 0.000392143934732303, 0.00043632680899463594, 0.0009996496373787522, 0.0001529100991319865, -0.0019212976330891252, 0.00400629872456193, -0.001631911494769156, -0.0035499483346939087, 0.01309772115200758, -0.00459505058825016, -0.0023832686711102724, 0.0027652843855321407], [0.00010300150461262092, 0.00023494464403484017, 0.0005803291569463909, 0.0010837307199835777, -1.2557126183310174e-06, 0.00035421905340626836, -0.0034398643765598536, 0.003615385852754116, -0.0017422825330868363, -0.00459505058825016, 0.014708714559674263, -0.0038909295108169317, 0.00029310991521924734], [9.364006837131456e-05, -7.127209391910583e-05, -0.0004771352978423238, -0.0005194784025661647, 0.001215707161463797, -0.002437738934531808, 0.0019220892572775483, -0.0024624476209282875, 0.00230501894839108, -0.0023832686711102724, -0.0038909295108169317, 0.013886526226997375, -0.0051835160702466965], [0.0003054199041798711, 0.0005641334573738277, 0.0007473891018889844, 0.0003432754019740969, -0.000226854914217256, 0.0024662299547344446, 0.0006948122172616422, 0.00040442062891088426, -0.0011870237067341805, 0.0027652843855321407, 0.00029310991521924734, -0.0051835160702466965, 0.014037511311471462]], "metadata.audio_properties.analysis.downmix": "mix", "metadata.audio_properties.codec": "mp3", "metadata.audio_properties.md5_encoded": "612dd1a123e0084dd2fcf41c1b7ce8c6", "metadata.tags.file_name": "1183677908288544809.mp3", "metadata.version.essentia": "2.1-beta6-dev", "metadata.version.essentia_git_sha": "v2.1_beta5-1110-g77a6a954", "metadata.version.extractor": "music 2.0", "tonal.chords_key": "Ab", "tonal.chords_scale": "major", "tonal.key_edma.key": "C#", "tonal.key_edma.scale": "minor", "tonal.key_krumhansl.key": "C#", 