{"song_id": "1183701981001424917", "download": "https://cdn.discordapp.com/attachments/1128313332273782784/1183701981001424917/chirp.mp4?ex=65894b60&amp", "lyrics": "edge trading profit", "style": ["pops"], "essentia_features": {"lowlevel.average_loudness": 0.9818647503852844, "lowlevel.barkbands_crest.mean": 12.086932182312012, "lowlevel.barkbands_crest.stdev": 5.874599933624268, "lowlevel.barkbands_flatness_db.mean": 0.13119322061538696, "lowlevel.barkbands_flatness_db.stdev": 0.05655857175588608, "lowlevel.barkbands_kurtosis.mean": 6.409606456756592, "lowlevel.barkbands_kurtosis.stdev": 19.649490356445312, "lowlevel.barkbands_skewness.mean": 1.6831607818603516, "lowlevel.barkbands_skewness.stdev": 1.811019778251648, "lowlevel.barkbands_spread.mean": 25.330820083618164, "lowlevel.barkbands_spread.stdev": 15.85017204284668, "lowlevel.dissonance.mean": 0.4634382426738739, "lowlevel.dissonance.stdev": 0.025205161422491074, "lowlevel.dynamic_complexity": 2.3568027019500732, "lowlevel.erbbands_crest.mean": 9.639228820800781, "lowlevel.erbbands_crest.stdev": 5.378279685974121, "lowlevel.erbbands_flatness_db.mean": 0.15588223934173584, "lowlevel.erbbands_flatness_db.stdev": 0.052876103669404984, "lowlevel.erbbands_kurtosis.mean": 0.17949098348617554, "lowlevel.erbbands_kurtosis.stdev": 1.5534964799880981, "lowlevel.erbbands_skewness.mean": 0.38376906514167786, "lowlevel.erbbands_skewness.stdev": 0.750679612159729, "lowlevel.erbbands_spread.mean": 41.71427536010742, "lowlevel.erbbands_spread.stdev": 20.560089111328125, "lowlevel.hfc.mean": 36.446895599365234, "lowlevel.hfc.stdev": 28.50934410095215, "lowlevel.loudness_ebu128.integrated": -12.15176010131836, "lowlevel.loudness_ebu128.loudness_range": 0.9439535140991211, "lowlevel.loudness_ebu128.momentary.mean": -12.370116233825684, "lowlevel.loudness_ebu128.momentary.stdev": 1.478169560432434, "lowlevel.loudness_ebu128.short_term.mean": -12.125899314880371, "lowlevel.loudness_ebu128.short_term.stdev": 0.313439279794693, "lowlevel.melbands_crest.mean": 16.07060432434082, "lowlevel.melbands_crest.stdev": 7.1499152183532715, "lowlevel.melbands_flatness_db.mean": 0.17706777155399323, "lowlevel.melbands_flatness_db.stdev": 0.07471850514411926, "lowlevel.melbands_kurtosis.mean": 20.68619155883789, "lowlevel.melbands_kurtosis.stdev": 48.67184829711914, "lowlevel.melbands_skewness.mean": 2.9784982204437256, "lowlevel.melbands_skewness.stdev": 2.5603978633880615, "lowlevel.melbands_spread.mean": 26.818462371826172, "lowlevel.melbands_spread.stdev": 20.151016235351562, "lowlevel.pitch_salience.mean": 0.4985502064228058, "lowlevel.pitch_salience.stdev": 0.1439262479543686, "lowlevel.silence_rate_20dB.mean": 1.0, "lowlevel.silence_rate_20dB.stdev": 0.0, "lowlevel.silence_rate_30dB.mean": 0.9082969427108765, "lowlevel.silence_rate_30dB.stdev": 0.2886063754558563, "lowlevel.silence_rate_60dB.mean": 0.021834060549736023, "lowlevel.silence_rate_60dB.stdev": 0.14614178240299225, "lowlevel.spectral_centroid.mean": 1580.4088134765625, "lowlevel.spectral_centroid.stdev": 665.1467895507812, "lowlevel.spectral_complexity.mean": 20.624454498291016, "lowlevel.spectral_complexity.stdev": 9.380762100219727, "lowlevel.spectral_decrease.mean": -1.061733634344364e-08, "lowlevel.spectral_decrease.stdev": 1.23785586225722e-08, "lowlevel.spectral_energy.mean": 0.04337815195322037, "lowlevel.spectral_energy.stdev": 0.04716005548834801, "lowlevel.spectral_energyband_high.mean": 0.0020601260475814342, "lowlevel.spectral_energyband_high.stdev": 0.0028087375685572624, "lowlevel.spectral_energyband_low.mean": 0.01949157379567623, "lowlevel.spectral_energyband_low.stdev": 0.047040313482284546, "lowlevel.spectral_energyband_middle_high.mean": 0.006188096944242716, "lowlevel.spectral_energyband_middle_high.stdev": 0.0038406767416745424, "lowlevel.spectral_energyband_middle_low.mean": 0.016079140827059746, "lowlevel.spectral_energyband_middle_low.stdev": 0.013550003059208393, "lowlevel.spectral_entropy.mean": 7.7806901931762695, "lowlevel.spectral_entropy.stdev": 0.4064365029335022, "lowlevel.spectral_flux.mean": 0.10539967566728592, "lowlevel.spectral_flux.stdev": 0.0873301550745964, "lowlevel.spectral_kurtosis.mean": 3.434206008911133, "lowlevel.spectral_kurtosis.stdev": 1.7054468393325806, "lowlevel.spectral_rms.mean": 0.005861608311533928, "lowlevel.spectral_rms.stdev": 0.002821645000949502, "lowlevel.spectral_rolloff.mean": 2394.32177734375, "lowlevel.spectral_rolloff.stdev": 2757.1162109375, "lowlevel.spectral_skewness.mean": 1.4966782331466675, "lowlevel.spectral_skewness.stdev": 0.30365249514579773, "lowlevel.spectral_spread.mean": 5764956.0, "lowlevel.spectral_spread.stdev": 1703661.625, "lowlevel.spectral_strongpeak.mean": 1.5012928247451782, "lowlevel.spectral_strongpeak.stdev": 1.215164065361023, "lowlevel.zerocrossingrate.mean": 0.08680745214223862, "lowlevel.zerocrossingrate.stdev": 0.05892886221408844, "metadata.audio_properties.analysis.equal_loudness": 0.0, "metadata.audio_properties.analysis.length": 5.289614677429199, "metadata.audio_properties.analysis.sample_rate": 44100.0, "metadata.audio_properties.analysis.start_time": 0.0, "metadata.audio_properties.bit_rate": 121658.0, "metadata.audio_properties.length": 5.290666580200195, "metadata.audio_properties.lossless": 0.0, "metadata.audio_properties.number_channels": 1.0, "metadata.audio_properties.replay_gain": -13.35932731628418, "metadata.audio_properties.sample_rate": 48000.0, "rhythm.beats_count": 8.0, "rhythm.beats_loudness.mean": 0.03411082178354263, "rhythm.beats_loudness.stdev": 0.011967596597969532, "rhythm.bpm": 96.21904754638672, "rhythm.bpm_histogram_first_peak_bpm": 96.0, "rhythm.bpm_histogram_first_peak_weight": 0.2857142686843872, "rhythm.bpm_histogram_second_peak_bpm": 0.0, "rhythm.bpm_histogram_second_peak_spread": 0.0, "rhythm.bpm_histogram_second_peak_weight": 0.0, "rhythm.danceability": 1.3949594497680664, "rhythm.onset_rate": 3.957962989807129, "tonal.chords_changes_rate": 0.052173912525177, "tonal.chords_number_rate": 0.043478261679410934, "tonal.chords_strength.mean": 0.45934224128723145, "tonal.chords_strength.stdev": 0.049339115619659424, "tonal.hpcp_crest.mean": 16.859458923339844, "tonal.hpcp_crest.stdev": 7.9642438888549805, "tonal.hpcp_entropy.mean": 1.6233805418014526, "tonal.hpcp_entropy.stdev": 0.7897177934646606, "tonal.key_edma.strength": 0.656015932559967, "tonal.key_krumhansl.strength": 0.661532998085022, "tonal.key_temperley.strength": 0.6679967045783997, "tonal.tuning_diatonic_strength": 0.5588381886482239, "tonal.tuning_equal_tempered_deviation": 0.06691912561655045, "tonal.tuning_frequency": 440.0, "tonal.tuning_nontempered_energy_ratio": 0.6285374164581299, "lowlevel.barkbands.mean": [0.0007867410313338041, 0.01556336134672165, 0.002741164295002818, 0.0007951647858135402, 0.00487936707213521, 0.0007200695108622313, 0.003193681128323078, 0.005176929756999016, 0.0012346117291599512, 0.000708866398781538, 0.00033124900073744357, 0.000984972924925387, 0.0004187789454590529, 0.000998549279756844, 0.0008313599391840398, 0.0004808735102415085, 0.0005541299469769001, 0.00037807560875080526, 0.0003814596275333315, 0.0003292237233836204, 0.00027237291214987636, 0.0002534029772505164, 0.0002916260564234108, 0.0003106710209976882, 0.00047273922245949507, 0.0002780466165859252, 1.0672301868908107e-05], "lowlevel.barkbands.stdev": [0.0015411886852234602, 0.040443919599056244, 0.008686404675245285, 0.0025665326975286007, 0.006995867937803268, 0.001197992591187358, 0.00737751554697752, 0.010329524986445904, 0.0023015164770185947, 0.001147210132330656, 0.0004349487426225096, 0.0009449535864405334, 0.00044882827205583453, 0.001280093681998551, 0.0014707028167322278, 0.0005578734562732279, 0.0006451577646657825, 0.00035325982025824487, 0.00042003527050837874, 0.00032258633291348815, 0.00037281159893609583, 0.0003520410682540387, 0.0004231032798998058, 0.0004890410345979035, 0.0008130769710987806, 0.0005213694530539215, 2.991603105328977e-05], "lowlevel.erbbands.mean": [0.48228490352630615, 3.268392562866211, 4.120133876800537, 3.002659320831299, 3.246711492538452, 24.85753059387207, 15.56485366821289, 6.379177570343018, 24.319467544555664, 89.6750259399414, 98.0821304321289, 22.443683624267578, 31.97936248779297, 15.426740646362305, 22.714946746826172, 29.944252014160156, 20.849624633789062, 33.8593635559082, 51.48424530029297, 38.17293167114258, 33.61381530761719, 38.63824462890625, 19.835893630981445, 23.312824249267578, 16.089296340942383, 15.299638748168945, 13.646636962890625, 8.63726806640625, 8.946542739868164, 9.197227478027344, 8.11929988861084, 5.742218494415283, 5.888057231903076, 5.661352634429932, 3.1080360412597656, 1.5435822010040283, 0.43285366892814636, 0.0551229789853096, 0.001436034683138132, 0.00010109919821843505], "lowlevel.erbbands.stdev": [1.2034058570861816, 9.330338478088379, 13.007341384887695, 8.824853897094727, 6.811954021453857, 40.23653030395508, 21.071306228637695, 13.816231727600098, 108.52659606933594, 130.28526306152344, 198.8944091796875, 35.35983657836914, 47.57477569580078, 17.875946044921875, 21.10736083984375, 29.413311004638672, 19.198558807373047, 42.47312545776367, 62.75190734863281, 82.18870544433594, 39.00461959838867, 45.01300048828125, 17.49591636657715, 26.17645835876465, 15.865236282348633, 14.884942054748535, 16.754425048828125, 12.560568809509277, 12.601238250732422, 13.740622520446777, 11.385086059570312, 8.677481651306152, 9.84261703491211, 9.828156471252441, 5.372078895568848, 2.8250765800476074, 0.8171870708465576, 0.1172858476638794, 0.0030847357120364904, 0.00011196224659215659], "lowlevel.gfcc.mean": [26.17772102355957, 38.0075798034668, -131.6102294921875, 12.254987716674805, -67.3444595336914, 13.535077095031738, -47.76649475097656, 17.72872543334961, -25.808834075927734, 11.284279823303223, -17.543703079223633, 3.876359462738037, -11.945782661437988], "lowlevel.melbands.mean": [0.004357662983238697, 0.0028595635667443275, 0.00048569709178991616, 0.0009029058273881674, 0.0007756348932161927, 0.0001579771633259952, 0.00041336024878546596, 0.0011200960725545883, 0.0006503185140900314, 0.00013943130034022033, 0.0001675626408541575, 7.045433449093252e-05, 6.367571040755138e-05, 0.00010205162107013166, 6.689137808280066e-05, 4.7443547373404726e-05, 6.424697494367138e-05, 9.555416909279302e-05, 5.8406756579643115e-05, 3.2338757591787726e-05, 3.703482434502803e-05, 4.283853559172712e-05, 2.0862440578639507e-05, 1.5256630831572693e-05, 1.9738719856832176e-05, 1.3235733604233246e-05, 1.0774871043395251e-05, 9.913365829561371e-06, 9.461104127694853e-06, 6.19088314124383e-06, 4.516897206485737e-06, 5.0320318223384675e-06, 4.9798904910858255e-06, 5.260614670987707e-06, 4.883715064352145e-06, 3.886363174387952e-06, 3.3192263799719512e-06, 3.954698058805661e-06, 4.519364665611647e-06, 4.8860215429158416e-06], "lowlevel.melbands.stdev": [0.011013112030923367, 0.0082649365067482, 0.00141471391543746, 0.0014202226884663105, 0.00101763557177037, 0.0004296721308492124, 0.0014408690622076392, 0.0015986990183591843, 0.0013150526210665703, 0.0002646951761562377, 0.0002474469365552068, 9.672863234300166e-05, 6.717701035086066e-05, 0.0001010083215078339, 9.979153401218355e-05, 6.263626710278913e-05, 8.257980516646057e-05, 0.00013036800373811275, 0.00011897375952685252, 5.9404112107586116e-05, 4.488848935579881e-05, 5.448570300359279e-05, 1.991457975236699e-05, 1.38205696202931e-05, 2.3815842723706737e-05, 1.3602884791907854e-05, 1.178265483758878e-05, 9.843263796938118e-06, 1.1654938134597614e-05, 9.147813216259237e-06, 6.750077773176599e-06, 7.301634468603879e-06, 6.947561359993415e-06, 8.350005373358727e-06, 6.854474577266956e-06, 5.834840067109326e-06, 5.273532678984338e-06, 6.690228474326432e-06, 8.054161298787221e-06, 8.638414328743238e-06], "lowlevel.melbands128.mean": [0.0006379848346114159, 0.0036780498921871185, 0.006192452739924192, 0.005228170659393072, 0.002706708386540413, 0.0011597913689911366, 0.0006305693532340229, 0.0003100153699051589, 0.0001943747338373214, 0.0005648179212585092, 0.0018139726016670465, 0.0013343648752197623, 0.0004471140855457634, 0.00016313468222506344, 8.394528413191438e-05, 0.00011819142673630267, 0.0004288501222617924, 0.00027101588784717023, 0.0005593047826550901, 0.0011413466418161988, 0.0012819318799301982, 0.0016366353956982493, 0.0002680860343389213, 0.00016869395039975643, 5.946548481006175e-05, 0.00014742210623808205, 0.00027432123897597194, 8.160150900948793e-05, 0.00022345078468788415, 6.440992001444101e-05, 2.0254457922419533e-05, 5.714466533390805e-05, 6.655608740402386e-05, 3.399581692065112e-05, 0.00018423951405566186, 7.925045065348968e-05, 3.837381154880859e-05, 0.00012470566434785724, 2.896781006711535e-05, 3.0049004635657184e-05, 3.70234738511499e-05, 0.00010201700933976099, 3.423714224481955e-05, 3.302258483017795e-05, 0.00017889076843857765, 9.732843318488449e-05, 2.4900333301047795e-05, 5.516031160368584e-05, 8.347024413524196e-05, 4.563821494230069e-05, 1.0348681826144457e-05, 2.5198411094606854e-05, 7.50659528421238e-05, 1.789578345778864e-05, 1.1625332263065502e-05, 7.557787466794252e-05, 3.6749897844856605e-05, 1.3251303244032897e-05, 2.4049692001426592e-05, 1.6633010091027245e-05, 1.027945563691901e-05, 1.6185122149181552e-05, 2.2670836187899113e-05, 1.801754297048319e-05, 2.2402855393011123e-05, 1.1507868293847423e-05, 9.22555318538798e-06, 1.0668557479220908e-05, 1.1292936505924445e-05, 1.0796047718031332e-05, 7.971209015522618e-06, 1.2484145372582134e-05, 8.653135409986135e-06, 1.0682745596568566e-05, 7.089442988217343e-06, 6.813403615524294e-06, 5.308697836881038e-06, 4.883323981630383e-06, 4.124621682422003e-06, 4.462025572138373e-06, 5.235931894276291e-06, 5.115947715239599e-06, 4.946767148794606e-06, 5.224407686910126e-06, 4.590006028593052e-06, 5.172557393962052e-06, 5.496937774296384e-06, 5.4948682191025e-06, 4.858718966715969e-06, 4.536788765108213e-06, 4.132287358515896e-06, 3.847588232019916e-06, 3.199006414433825e-06, 3.3683190849842504e-06, 3.1717586352897342e-06, 3.63597655450576e-06, 4.497951977100456e-06, 3.7466745652636746e-06, 4.671982424042653e-06, 4.385279225971317e-06, 5.4649904086545575e-06, 4.851253834203817e-06, 4.534511390374973e-06, 4.41378779214574e-06, 3.2943953556241468e-06, 2.6303055165044498e-06, 3.163616383972112e-06, 3.2907428249018267e-06, 2.620262421260122e-06, 2.500043137843022e-06, 1.951819285750389e-06, 1.4337600759972702e-06, 1.4846543763269437e-06, 9.437184189664549e-07, 7.092777423167718e-07, 5.575490149567486e-07, 3.285349237103219e-07, 1.2599915066857648e-07, 1.1388731735451074e-08, 2.7299398852598245e-11, 2.316197580953805e-11, 2.0537087655481123e-11, 1.835987611942258e-11, 1.6607779387833865e-11, 1.3578375403222598e-11, 8.85064938005442e-12, 6.17292198260011e-12, 5.727920741882553e-12], "lowlevel.melbands128.stdev": [0.0013857058947905898, 0.0091993547976017, 0.017494669184088707, 0.015747692435979843, 0.008975714445114136, 0.003519329708069563, 0.0019231330370530486, 0.0010392607655376196, 0.0006162716308608651, 0.0010086039546877146, 0.0031365894246846437, 0.0019606202840805054, 0.0008261541370302439, 0.0003897050628438592, 0.00015743571566417813, 0.0003529512614477426, 0.0025802499148994684, 0.0016667932504788041, 0.0011177542619407177, 0.0023796739988029003, 0.0025457534939050674, 0.0038310205563902855, 0.0007506028050556779, 0.0004607058654073626, 0.00018556538270786405, 0.00036007503513246775, 0.0007108111749403179, 0.00011508542957017198, 0.0004165941500104964, 0.0001094592225854285, 3.1897867302177474e-05, 7.294927490875125e-05, 0.00010024069342762232, 6.931740063009784e-05, 0.00019853105186484754, 9.900624718284234e-05, 5.64815491088666e-05, 0.0002204583870479837, 4.23020392190665e-05, 4.485677709453739e-05, 5.193228571442887e-05, 0.00022750478819943964, 5.7030116295209154e-05, 9.807130845729262e-05, 0.000305755966110155, 0.00019870612595696002, 4.321898450143635e-05, 0.00016541437071282417, 0.00024097805726341903, 0.0001298686838708818, 1.3191678590374067e-05, 4.968641223968007e-05, 0.00010617437510518357, 2.353483250772115e-05, 1.5002999134594575e-05, 0.00011022236867574975, 5.256798613118008e-05, 2.174118344555609e-05, 3.0395562134799547e-05, 2.5058663595700637e-05, 1.2625283488887362e-05, 1.6865888028405607e-05, 4.68542093585711e-05, 2.6865069230552763e-05, 2.923780630226247e-05, 1.3806115930492524e-05, 1.1794015335908625e-05, 1.3349231267056894e-05, 1.5011978575785179e-05, 1.2373574463708792e-05, 9.2663458417519e-06, 1.5290028386516497e-05, 1.175220404547872e-05, 1.577514922246337e-05, 1.079418962035561e-05, 1.0773714166134596e-05, 9.491704986430705e-06, 8.278123459604103e-06, 6.825342097727116e-06, 7.550848749815486e-06, 8.477853953081649e-06, 7.644869583600666e-06, 7.968181307660416e-06, 7.768166142341215e-06, 6.878020485601155e-06, 9.969041457225103e-06, 9.22445542528294e-06, 7.961903065734077e-06, 7.621659278811421e-06, 6.766793376300484e-06, 6.805832981626736e-06, 6.56094880469027e-06, 5.209341452427907e-06, 5.859689736098517e-06, 5.885603059141431e-06, 6.557524102390744e-06, 8.46261900733225e-06, 6.576188297913177e-06, 8.975738637673203e-06, 8.959241313277744e-06, 9.522930668026675e-06, 9.74500198935857e-06, 8.14523718872806e-06, 8.463563972327393e-06, 5.862803845957387e-06, 4.9944496822718065e-06, 6.08025675319368e-06, 6.094066975492751e-06, 5.039118150307331e-06, 5.173214503884083e-06, 4.329766397859203e-06, 3.064969860133715e-06, 2.831415713444585e-06, 1.9277306364529068e-06, 1.7378660004396806e-06, 1.3464491530612577e-06, 9.13708902317012e-07, 4.495082350786106e-07, 5.863528684812991e-08, 1.6305813643757716e-10, 1.4901276046419554e-10, 1.3610450266821061e-10, 1.2612416666613058e-10, 1.1260533477885915e-10, 7.913564248340776e-11, 3.178804788839251e-11, 1.1104722176524806e-11, 9.943157408542902e-12], "lowlevel.mfcc.mean": [-616.041259765625, 80.65771484375, -13.412459373474121, 0.7010091543197632, -1.2789117097854614, -6.168243408203125, -3.478623151779175, -1.525938630104065, -1.6090495586395264, 2.557745933532715, 1.4595903158187866, 0.05407240241765976, 2.5909292697906494], "lowlevel.spectral_contrast_coeffs.mean": [-0.6393241882324219, -0.6838193535804749, -0.7346071004867554, -0.7619571089744568, -0.7910647392272949, -0.782390296459198], "lowlevel.spectral_contrast_coeffs.stdev": [0.14866799116134644, 0.10758265852928162, 0.0651162788271904, 0.052125342190265656, 0.036276333034038544, 0.028599143028259277], "lowlevel.spectral_contrast_valleys.mean": [-7.835873603820801, -7.057292461395264, -7.323662757873535, -7.369024753570557, -7.124905586242676, -9.463395118713379], "lowlevel.spectral_contrast_valleys.stdev": [1.5774502754211426, 0.7968320846557617, 0.655393660068512, 0.5969403982162476, 0.651584267616272, 0.8790464401245117], "rhythm.beats_loudness_band_ratio.mean": [0.07907819002866745, 0.17604954540729523, 0.27558088302612305, 0.1417713165283203, 0.12995022535324097, 0.20376372337341309], "rhythm.beats_loudness_band_ratio.stdev": [0.09869196265935898, 0.14823953807353973, 0.15689867734909058, 0.08445831388235092, 0.07327436655759811, 0.1507287174463272], "tonal.hpcp.mean": [0.05273456871509552, 0.031036261469125748, 0.029652073979377747, 0.05334687978029251, 0.06572378426790237, 0.20211240649223328, 0.3383067548274994, 0.201874241232872, 0.048754021525382996, 0.02677205577492714, 0.037887685000896454, 0.18079476058483124, 0.380800724029541, 0.24795520305633545, 0.057972025126218796, 0.049656908959150314, 0.03397286310791969, 0.09151287376880646, 0.2014245092868805, 0.14295747876167297, 0.03831648454070091, 0.05768892541527748, 0.05598815158009529, 0.06367224454879761, 0.06704127043485641, 0.05257605388760567, 0.1154598668217659, 0.1841413378715515, 0.12226525694131851, 0.042316634207963943, 0.034501977264881134, 0.04018782451748848, 0.10076875239610672, 0.18166418373584747, 0.11900597810745239, 0.05031055957078934], "tonal.hpcp.stdev": [0.17153437435626984, 0.14305461943149567, 0.0987115129828453, 0.15071360766887665, 0.15117143094539642, 0.25261008739471436, 0.3977515697479248, 0.2787328064441681, 0.16029387712478638, 0.08428966999053955, 0.15570484101772308, 0.22821004688739777, 0.4052426815032959, 0.2778209149837494, 0.1633615493774414, 0.17464859783649445, 0.11765652149915695, 0.1488698124885559, 0.31204554438591003, 0.2395636886358261, 0.10510599613189697, 0.13190487027168274, 0.15397757291793823, 0.17341764271259308, 0.18184635043144226, 0.13771633803844452, 0.21987764537334442, 0.31487131118774414, 0.2092619091272354, 0.1243489533662796, 0.10872739553451538, 0.13449977338314056, 0.17360569536685944, 0.2650228440761566, 0.16947388648986816, 0.13609741628170013], "rhythm.beats_position": [0.5804988741874695, 1.195827603340149, 1.8111563920974731, 2.4380950927734375, 3.0650339126586914, 3.6919727325439453, 4.318911552429199, 4.945850372314453], "rhythm.bpm_histogram": [0.0, 0.0, 0.0, 0.0, 0.0, 0.0, 0.0, 0.0, 0.0, 0.0, 0.0, 0.0, 0.0, 0.0, 0.0, 0.0, 0.0, 0.0, 0.0, 0.0, 0.0, 0.0, 0.0, 0.0, 0.0, 0.0, 0.0, 0.0, 0.0, 0.0, 0.0, 0.0, 0.0, 0.0, 0.0, 0.0, 0.0, 0.0, 0.0, 0.0, 0.0, 0.0, 0.0, 0.0, 0.0, 0.0, 0.0, 0.0, 0.0, 0.0, 0.0, 0.0, 0.0, 0.0, 0.0, 0.0, 0.0, 0.0, 0.0, 0.0, 0.0, 0.0, 0.0, 0.0, 0.0, 0.0, 0.0, 0.0, 0.0, 0.0, 0.0, 0.0, 0.0, 0.0, 0.0, 0.0, 0.0, 0.0, 0.0, 0.0, 0.0, 0.0, 0.0, 0.0, 0.0, 0.0, 0.0, 0.0, 0.0, 0.0, 0.0, 0.0, 0.0, 0.0, 0.0, 0.0, 0.7142857313156128, 0.0, 0.2857142984867096, 0.0, 0.0, 0.0, 0.0, 0.0, 0.0, 0.0, 0.0, 0.0, 0.0, 0.0, 0.0, 0.0, 0.0, 0.0, 0.0, 0.0, 0.0, 0.0, 0.0, 0.0, 0.0, 0.0, 0.0, 0.0, 0.0, 0.0, 0.0, 0.0, 0.0, 0.0, 0.0, 0.0, 0.0, 0.0, 0.0, 0.0, 0.0, 0.0, 0.0, 0.0, 0.0, 0.0, 0.0, 0.0, 0.0, 0.0, 0.0, 0.0, 0.0, 0.0, 0.0, 0.0, 0.0, 0.0, 0.0, 0.0, 0.0, 0.0, 0.0, 0.0, 0.0, 0.0, 0.0, 0.0, 0.0, 0.0, 0.0, 0.0, 0.0, 0.0, 0.0, 0.0, 0.0, 0.0, 0.0, 0.0, 0.0, 0.0, 0.0, 0.0, 0.0, 0.0, 0.0, 0.0, 0.0, 0.0, 0.0, 0.0, 0.0, 0.0, 0.0, 0.0, 0.0, 0.0, 0.0, 0.0, 0.0, 0.0, 0.0, 0.0, 0.0, 0.0, 0.0, 0.0, 0.0, 0.0, 0.0, 0.0, 0.0, 0.0, 0.0, 0.0, 0.0, 0.0, 0.0, 0.0, 0.0, 0.0, 0.0, 0.0, 0.0, 0.0, 0.0, 0.0, 0.0, 0.0, 0.0, 0.0, 0.0, 0.0, 0.0, 0.0, 0.0, 0.0, 0.0, 0.0, 0.0, 0.0, 0.0, 0.0, 0.0, 0.0, 0.0, 0.0, 0.0, 0.0, 0.0, 0.0, 0.0, 0.0], "tonal.chords_histogram": [22.60869598388672, 0.0, 0.0, 0.0, 8.69565200805664, 0.0, 0.0, 0.0, 0.0, 0.0, 0.0, 0.0, 0.0, 0.0, 0.0, 0.0, 0.0, 0.0, 0.0, 27.826086044311523, 0.0, 6.08695650100708, 0.0, 34.78260803222656], "tonal.thpcp": [1.0, 0.6511416435241699, 0.1522371768951416, 0.13040129840373993, 0.0892142802476883, 0.2403169572353363, 0.5289499163627625, 0.37541282176971436, 0.1006208285689354, 0.15149374306201935, 0.14702743291854858, 0.16720621287822723, 0.17605341970920563, 0.1380671113729477, 0.30320286750793457, 0.48356351256370544, 0.32107412815093994, 0.1111254021525383, 0.09060376137495041, 0.10553505271673203, 0.2646233141422272, 0.47705841064453125, 0.31251510977745056, 0.13211780786514282, 0.13848337531089783, 0.08150263130664825, 0.07786769419908524, 0.14009132981300354, 0.1725936383008957, 0.5307563543319702, 0.888408899307251, 0.530130922794342, 0.12803027033805847, 0.07030463218688965, 0.09949478507041931, 0.4747752547264099], "lowlevel.gfcc.cov": [[5333.8603515625, 302.6163024902344, 1379.6715087890625, 543.1910400390625, 194.69874572753906, 74.24967193603516, -235.06561279296875, 12.881647109985352, 29.088825225830078, 126.73165130615234, -244.86875915527344, -102.19100189208984, -193.3500213623047], [302.6163024902344, 1643.346923828125, 615.7318115234375, 560.400634765625, 473.8631896972656, 188.0875701904297, 138.57081604003906, 29.431987762451172, 268.4422607421875, 38.620609283447266, 109.40526580810547, 5.2579851150512695, 101.03196716308594], [1379.6715087890625, 615.7318115234375, 1615.3875732421875, 858.169677734375, 610.1473388671875, 433.5489501953125, 187.77552795410156, 97.44210052490234, 152.7963409423828, 137.5648651123047, -30.346960067749023, 61.85612487792969, -33.334678649902344], [543.1910400390625, 560.400634765625, 858.169677734375, 875.790283203125, 545.3046875, 423.6526794433594, 226.79664611816406, 92.83756256103516, 175.4830322265625, 59.82173538208008, 61.7316780090332, 58.8916130065918, 24.746410369873047], [194.69874572753906, 473.8631896972656, 610.1473388671875, 545.3046875, 528.5399169921875, 380.0601501464844, 279.0148010253906, 130.88262939453125, 157.2360382080078, 40.54933166503906, 48.93855667114258, 56.560672760009766, 13.705090522766113], [74.24967193603516, 188.0875701904297, 433.5489501953125, 423.6526794433594, 380.0601501464844, 429.6456298828125, 351.0911865234375, 169.3797149658203, 129.1781005859375, 74.12872314453125, 60.426177978515625, 33.0946159362793, -32.74795150756836], [-235.06561279296875, 138.57081604003906, 187.77552795410156, 226.79664611816406, 279.0148010253906, 351.0911865234375, 444.3083801269531, 218.97869873046875, 139.28700256347656, 78.49858856201172, 66.47616577148438, 6.208629608154297, -45.87775421142578], [12.881647109985352, 29.431987762451172, 97.44210052490234, 92.83756256103516, 130.88262939453125, 169.3797149658203, 218.97869873046875, 230.77413940429688, 149.9696807861328, 85.5475845336914, 42.941627502441406, -13.478529930114746, -37.628013610839844], [29.088825225830078, 268.4422607421875, 152.7963409423828, 175.4830322265625, 157.2360382080078, 129.1781005859375, 139.28700256347656, 149.9696807861328, 212.8725128173828, 97.52558135986328, 65.26667785644531, -7.914633750915527, -5.099719047546387], [126.73165130615234, 38.620609283447266, 137.5648651123047, 59.82173538208008, 40.54933166503906, 74.12872314453125, 78.49858856201172, 85.5475845336914, 97.52558135986328, 122.38656616210938, 51.663818359375, -1.7363570928573608, -34.600399017333984], [-244.86875915527344, 109.40526580810547, -30.346960067749023, 61.7316780090332, 48.93855667114258, 60.426177978515625, 66.47616577148438, 42.941627502441406, 65.26667785644531, 51.663818359375, 115.47651672363281, 40.376495361328125, 24.692224502563477], [-102.19100189208984, 5.2579851150512695, 61.85612487792969, 58.8916130065918, 56.560672760009766, 33.0946159362793, 6.208629608154297, -13.478529930114746, -7.914633750915527, -1.7363570928573608, 40.376495361328125, 76.39273071289062, 39.02348709106445], [-193.3500213623047, 101.03196716308594, -33.334678649902344, 24.746410369873047, 13.705090522766113, -32.74795150756836, -45.87775421142578, -37.628013610839844, -5.099719047546387, -34.600399017333984, 24.692224502563477, 39.02348709106445, 91.18541717529297]], "lowlevel.gfcc.icov": [[0.0003345853474456817, -0.00011393630848033354, -0.00018991176330018789, -0.00018214814190287143, 0.00017379882046952844, -9.95683076325804e-05, 0.0005159954307600856, -0.00043497615843079984, 0.0002669312816578895, -0.0003347913734614849, 0.0005996708641760051, -4.773307227878831e-05, 0.0005798718775622547], [-0.00011393630848033354, 0.0016343683237209916, -0.0005525491433218122, 0.00019660427642520517, -0.0015181421767920256, 0.0015252295415848494, -0.0010369822848588228, 0.0019293718505650759, -0.002133052796125412, 0.0013786278432235122, -0.0023724453058093786, 0.0026760518085211515, -0.0013563981046900153], [-0.00018991176330018789, -0.0005525491433218122, 0.002730095759034157, -0.0015438355039805174, -0.001460770145058632, -0.00018079348956234753, 0.0007098103524185717, -0.0005904220161028206, 0.002028738847002387, -0.004621452186256647, 0.0038634887896478176, -0.0022663306444883347, 0.0001781896862667054], [-0.00018214814190287143, 0.00019660427642520517, -0.0015438355039805174, 0.005521018523722887, -0.0019306981703266501, -0.003765966510400176, 0.0014828089624643326, 0.002034771256148815, -0.002669844077900052, 0.0026895180344581604, -0.002863778732717037, 0.0020322713535279036, -0.0013663979480043054], [0.00017379882046952844, -0.0015181421767920256, -0.001460770145058632, -0.0019306981703266501, 0.013009630143642426, -0.006340435706079006, -0.0005230896640568972, -0.0009363898425363004, -0.003706305753439665, 0.005515765398740768, 0.0024420113768428564, -0.006044728681445122, 0.0009698435897007585], [-9.95683076325804e-05, 0.0015252295415848494, -0.00018079348956234753, -0.003765966510400176, -0.006340435706079006, 0.01877494528889656, -0.009171349927783012, -0.00012536210124380887, 0.0024981943424791098, -0.0019245072035118937, -0.0027330932207405567, 0.0007856235024519265, 0.0018978678854182363], [0.0005159954307600856, -0.0010369822848588228, 0.0007098103524185717, 0.0014828089624643326, -0.0005230896640568972, -0.009171349927783012, 0.011839834973216057, -0.005793669261038303, 0.0021004527807235718, -0.0008678631857037544, 0.0004866527742706239, 0.00036328413989394903, 0.001952068298123777], [-0.00043497615843079984, 0.0019293718505650759, -0.0005904220161028206, 0.002034771256148815, -0.0009363898425363004, -0.00012536210124380887, -0.005793669261038303, 0.016502754762768745, -0.010645788162946701, 0.0010221200063824654, -0.0014536018716171384, 0.002348907059058547, -0.0006565420771948993], [0.0002669312816578895, -0.002133052796125412, 0.002028738847002387, -0.002669844077900052, -0.003706305753439665, 0.0024981943424791098, 0.0021004527807235718, -0.010645788162946701, 0.021058766171336174, -0.01254063006490469, 0.0006326113361865282, 0.0034903031773865223, -0.002732203109189868], [-0.0003347913734614849, 0.0013786278432235122, -0.004621452186256647, 0.0026895180344581604, 0.005515765398740768, -0.0019245072035118937, -0.0008678631857037544, 0.0010221200063824654, -0.01254063006490469, 0.029031720012426376, -0.013694139197468758, 0.0009275665506720543, 0.00743426289409399], [0.0005996708641760051, -0.0023724453058093786, 0.0038634887896478176, -0.002863778732717037, 0.0024420113768428564, -0.0027330932207405567, 0.0004866527742706239, -0.0014536018716171384, 0.0006326113361865282, -0.013694139197468758, 0.026507293805480003, -0.014165304601192474, -0.0018905019387602806], [-4.773307227878831e-05, 0.0026760518085211515, -0.0022663306444883347, 0.0020322713535279036, -0.006044728681445122, 0.0007856235024519265, 0.00036328413989394903, 0.002348907059058547, 0.0034903031773865223, 0.0009275665506720543, -0.014165304601192474, 0.031144369393587112, -0.011048998683691025], [0.0005798718775622547, -0.0013563981046900153, 0.0001781896862667054, -0.0013663979480043054, 0.0009698435897007585, 0.0018978678854182363, 0.001952068298123777, -0.0006565420771948993, -0.002732203109189868, 0.00743426289409399, -0.0018905019387602806, -0.011048998683691025, 0.023290663957595825]], "lowlevel.mfcc.cov": [[4639.47900390625, 108.45310974121094, 807.7606811523438, 356.78155517578125, 322.14581298828125, 96.27564239501953, -136.2754669189453, -140.33567810058594, 23.854825973510742, 36.07197189331055, 18.891677856445312, 32.5310173034668, -127.25817108154297], [108.45310974121094, 1100.924072265625, 323.02294921875, 316.381591796875, 269.4609680175781, 192.16067504882812, 21.56019401550293, 69.51934814453125, 68.06425476074219, 79.9119873046875, 28.558624267578125, 62.519248962402344, 36.693931579589844], [807.7606811523438, 323.02294921875, 991.4066162109375, 540.3555297851562, 484.7047119140625, 393.88214111328125, 144.97299194335938, 109.70071411132812, 143.90357971191406, 107.69486999511719, 71.32003021240234, 85.39622497558594, 34.18486404418945], [356.78155517578125, 316.381591796875, 540.3555297851562, 509.4578857421875, 413.18280029296875, 332.6966857910156, 123.42163848876953, 155.0684051513672, 123.9347915649414, 90.31501007080078, 48.87772750854492, 63.1093635559082, 55.0754280090332], [322.14581298828125, 269.4609680175781, 484.7047119140625, 413.18280029296875, 462.54095458984375, 295.16436767578125, 94.57856750488281, 145.48858642578125, 111.31768798828125, 74.12369537353516, 14.451589584350586, 50.034576416015625, 59.47966384887695], [96.27564239501953, 192.16067504882812, 393.88214111328125, 332.6966857910156, 295.16436767578125, 397.06982421875, 222.9482421875, 191.53524780273438, 138.5094757080078, 83.45606994628906, 87.5604019165039, 76.4996337890625, 68.91825866699219], [-136.2754669189453, 21.56019401550293, 144.97299194335938, 123.42163848876953, 94.57856750488281, 222.9482421875, 272.0982971191406, 200.7728729248047, 130.6000518798828, 89.79545593261719, 117.26222229003906, 75.30587768554688, 53.978416442871094], [-140.33567810058594, 69.51934814453125, 109.70071411132812, 155.0684051513672, 145.48858642578125, 191.53524780273438, 200.7728729248047, 237.16204833984375, 151.6256561279297, 102.19480895996094, 100.52710723876953, 84.91215515136719, 63.68801498413086], [23.854825973510742, 68.06425476074219, 143.90357971191406, 123.9347915649414, 111.31768798828125, 138.5094757080078, 130.6000518798828, 151.6256561279297, 175.10508728027344, 108.67475891113281, 92.59228515625, 70.23971557617188, 40.01362609863281], [36.07197189331055, 79.9119873046875, 107.69486999511719, 90.31501007080078, 74.12369537353516, 83.45606994628906, 89.79545593261719, 102.19480895996094, 108.67475891113281, 160.14768981933594, 136.29522705078125, 72.74629974365234, 22.696008682250977], [18.891677856445312, 28.558624267578125, 71.32003021240234, 48.87772750854492, 14.451589584350586, 87.5604019165039, 117.26222229003906, 100.52710723876953, 92.59228515625, 136.29522705078125, 193.50546264648438, 108.70822143554688, 35.25767517089844], [32.5310173034668, 62.519248962402344, 85.39622497558594, 63.1093635559082, 50.034576416015625, 76.4996337890625, 75.30587768554688, 84.91215515136719, 70.23971557617188, 72.74629974365234, 108.70822143554688, 111.67440795898438, 51.677040100097656], [-127.25817108154297, 36.693931579589844, 34.18486404418945, 55.0754280090332, 59.47966384887695, 68.91825866699219, 53.978416442871094, 63.68801498413086, 40.01362609863281, 22.696008682250977, 35.25767517089844, 51.677040100097656, 93.66928100585938]], "lowlevel.mfcc.icov": [[0.0002924959408119321, 5.2445851906668395e-05, -0.00021155433205422014, -7.20519819878973e-05, -0.00014075232320465147, 0.0001056516557582654, 0.0001291152002522722, 0.0002744023804552853, -0.00018794371862895787, 0.00018212097347714007, -0.0001655875676078722, -0.0002903692366089672, 0.000505756470374763], [5.2445851906668395e-05, 0.0011883151018992066, 8.28140982775949e-05, -0.0006748437881469727, -1.826068364607636e-05, -0.000322416570270434, 0.00034826385672204196, 0.00029743192135356367, 0.00014117210230324417, -0.0008178027928806841, 0.0007751317461952567, -0.001006724894978106, 0.00021969580848235637], [-0.00021155433205422014, 8.28140982775949e-05, 0.0037485812790691853, -0.002233309205621481, -0.0019041519844904542, -0.0006267527351155877, -0.0023415780160576105, 0.00450609577819705, -0.0014982217689976096, -0.00032112092594616115, 0.0006644186214543879, -0.0022448229137808084, 0.001287249499000609], [-7.20519819878973e-05, -0.0006748437881469727, -0.002233309205621481, 0.010649068281054497, -0.004401542246341705, -0.003388864453881979, 0.0027371372561901808, -0.003195547265931964, 0.0008785945829004049, -0.00032864243257790804, -0.001012840773910284, 0.0017382538644596934, -0.00026955295470543206], [-0.00014075232320465147, -1.826068364607636e-05, -0.0019041519844904542, -0.004401542246341705, 0.01126184780150652, -0.0030428734607994556, 0.004126697778701782, -0.005072236061096191, 0.0015875586541369557, -0.0037265701685100794, 0.004860301967710257, -0.0001457637408748269, -0.00226713833399117], [0.0001056516557582654, -0.000322416570270434, -0.0006267527351155877, -0.003388864453881979, -0.0030428734607994556, 0.012163159437477589, -0.0073448182083666325, 0.0011682546464726329, -0.0013225431321188807, 0.0038712541572749615, -0.0029446312692016363, 0.00131518067792058, -0.0010778192663565278], [0.0001291152002522722, 0.00034826385672204196, -0.0023415780160576105, 0.0027371372561901808, 0.004126697778701782, -0.0073448182083666325, 0.018302423879504204, -0.01350720040500164, 0.0009403890580870211, 0.0019013229757547379, -0.005312363617122173, 0.004848785232752562, -0.0008332758443430066], [0.0002744023804552853, 0.00029743192135356367, 0.00450609577819705, -0.003195547265931964, -0.005072236061096191, 0.0011682546464726329, -0.01350720040500164, 0.025707919150590897, -0.00920785404741764, -0.0022340617142617702, 0.003944846335798502, -0.00760407280176878, 0.00034127917024306953], [-0.00018794371862895787, 0.00014117210230324417, -0.0014982217689976096, 0.0008785945829004049, 0.0015875586541369557, -0.0013225431321188807, 0.0009403890580870211, -0.00920785404741764, 0.01775127276778221, -0.008361360058188438, 0.003417119849473238, -0.0016001355834305286, -0.0005572107620537281], [0.00018212097347714007, -0.0008178027928806841, -0.00032112092594616115, -0.00032864243257790804, -0.0037265701685100794, 0.0038712541572749615, 0.0019013229757547379, -0.0022340617142617702, -0.008361360058188438, 0.026279736310243607, -0.019932299852371216, 0.007057739421725273, 0.0016327297780662775], [-0.0001655875676078722, 0.0007751317461952567, 0.0006644186214543879, -0.001012840773910284, 0.004860301967710257, -0.0029446312692016363, -0.005312363617122173, 0.003944846335798502, 0.003417119849473238, -0.019932299852371216, 0.0300839114934206, -0.019251853227615356, 0.001951121841557324], [-0.0002903692366089672, -0.001006724894978106, -0.0022448229137808084, 0.0017382538644596934, -0.0001457637408748269, 0.00131518067792058, 0.004848785232752562, -0.00760407280176878, -0.0016001355834305286, 0.007057739421725273, -0.019251853227615356, 0.03180330619215965, -0.010027823969721794], [0.000505756470374763, 0.00021969580848235637, 0.001287249499000609, -0.00026955295470543206, -0.00226713833399117, -0.0010778192663565278, -0.0008332758443430066, 0.00034127917024306953, -0.0005572107620537281, 0.0016327297780662775, 0.001951121841557324, -0.010027823969721794, 0.01808672770857811]], "metadata.audio_properties.analysis.downmix": "mix", "metadata.audio_properties.codec": "mp3", "metadata.audio_properties.md5_encoded": "3a01e1a22ecc263ee1d0dd0ce083bfb8", "metadata.tags.file_name": "1183701981001424917.mp3", "metadata.version.essentia": "2.1-beta6-dev", "metadata.version.essentia_git_sha": "v2.1_beta5-1110-g77a6a954", "metadata.version.extractor": "music 2.0", "tonal.chords_key": "Ab", "tonal.chords_scale": "minor", "tonal.key_edma.key": "B", "tonal.key_edma.scale": "major", "tonal.key_krumhansl.key": "B", "tonal.key_krumhansl.scale": "major", "tonal.key_temperley.key": "B", "tonal.key_temperley.scale": "major", "metadata.tags.encoding": ["Lavf58.45.100"]}, "essentia_models": [{"model_name": "genre_dortmund", "activations": {"alternative": "0.012768712", "blues": "0.00020085128", "electronic": "0.007159018", "folkcountry": "0.00048299154", "funksoulrnb": "0.015237583", "jazz": "0.000875965", "pop": "0.05679861", "raphiphop": "0.6448775", "rock": "0.023974797"}}, {"model_name": "genre_rosamerica", "activations": {"classic": "0.0018608035", "dance": "0.0013521602", "hip hop": "0.5203917", "jazz": "0.0007566563", "pop": "0.32182747", "rhythm and blues": "0.2098035", "rock": "0.0077961264", "speech": "0.01668885"}}, {"model_name": "genre_tzanetakis", "activations": {"blues": "0.0033845005", "classic": "1.8473238e-05", "country": "0.00017343578", "disco": "0.005403744", "hip hop": "0.31651327", "jazz": "6.6521556e-05", "metal": "0.00197913", "pop": "0.19678453", "reggae": "0.0010622067", "rock": "0.00037185752"}}, {"model_name": "genre_electronic", "activations": {"ambient": "0.0656948", "dnb": "0.09354299", "house": "0.088151805", "techno": "0.5944673", "trance": "0.06639109"}}, {"model_name": "mood_acoustic", "activations": {"acoustic": "7.971188e-09", "not acoustic": "0.9961998"}}, {"model_name": "mood_electronic", "activations": {"electronic": "0.5553831", "not electronic": "0.33380136"}}, {"model_name": "mood_aggressive", "activations": {"aggressive": "0.27912006", "not aggressive": "0.9547199"}}, {"model_name": "mood_relaxed", "activations": {"not relaxed": "0.80503076", "relaxed": "0.29664278"}}, {"model_name": "mood_happy", "activations": {"happy": "0.68594074", "not happy": "0.34060064"}}, {"model_name": "mood_sad", "activations": {"not sad": "0.29918852", "sad": "0.82127136"}}