{"song_id": "1183677813665038436", "download": "https://cdn.discordapp.com/attachments/1135911532732108921/1183677813665038436/chirp.mp4?ex=658934de&amp", "lyrics": "\u0421\u0442\u0440\u0430\u0431\u0430\u0441\u043a\u043e\u043f \u043c\u0435\u0440\u0446\u0430\u0435\u0442\n\u0412 \u043e\u043f\u0443\u0441\u0442\u0435\u0432\u0448\u0435\u043c \u0437\u0430\u043b\u0435. \n\u041c\u044b \u0441 \u0442\u043e\u0431\u043e\u0439 \u043e\u0434\u043d\u0438, \n\u0412\u0441\u0435 \u0432 \u0441\u0442\u0440\u0430\u0445\u0435 \u0443\u0431\u0435\u0436\u0430\u043b\u0438. \n\u0417\u0430\u043a\u0440\u0443\u0436\u0438\u043b\u0430\u0441\u044c \u0432 \u0442\u0430\u043d\u0446\u0435\n\u0423 \u0442\u0435\u0431\u044f \u043d\u0435\u0442 \u0448\u0430\u043d\u0441\u043e\u0432, \n\u0415\u0441\u043b\u0438 \u0442\u044b \u0440\u0435\u0448\u0438\u043b\u0430\n\u0421 \u0434\u044c\u044f\u0432\u043e\u043b\u043e\u043c \u0442\u044f\u0433\u0430\u0442\u044c\u0441\u044f... \n[Chorus]\n\u0422\u0435\u0447\u0435\u0442 \u0441\u043b\u044e\u043d\u0430 \u0438\u0437 \u043f\u0440\u0438\u043e\u0442\u043a\u0440\u044b\u0442\u043e\u0439 \u043f\u0430\u0441\u0442\u0438, \n\u041d\u043e  \u044f \u043d\u0435 \u0441\u0442\u0430\u043d\u0443 \u0440\u0432\u0430\u0442\u044c \u0442\u0435\u0431\u044f \u043d\u0430 \u0447\u0430\u0441\u0442\u0438.\n\u042f \u043f\u0440\u043e\u0441\u0442\u043e \u0437\u0430\u0447\u0430\u0440\u043e\u0432\u0430\u043d \u043c\u0443\u0437\u044b\u043a\u043e\u0439\n\u0418 \u0442\u0432\u0430!\u0438\u043c! \u0442\u0435\u043b\u043e\u043c... \n\u043c\u043e\u044f \u0441\u043b\u0435\u043f\u0430\u044f \u0434\u0438\u0441\u043a\u043e... \u043a\u0430! \u0440\u0430! \u043b\u0435\u0432\u0430!\n\u041c\u043e\u044f... \u0441\u043b\u0435\u043f\u0430\u044f \u0434\u0438\u0441\u043a\u043e \u043a\u043e\u0440\u043e\u043b\u0435\u0432\u0430!", "style": ["hardcore"], "essentia_features": {"lowlevel.average_loudness": 0.9613048434257507, "lowlevel.barkbands_crest.mean": 12.068597793579102, "lowlevel.barkbands_crest.stdev": 6.034964561462402, "lowlevel.barkbands_flatness_db.mean": 0.11437872052192688, "lowlevel.barkbands_flatness_db.stdev": 0.05329001322388649, "lowlevel.barkbands_kurtosis.mean": 4.808436393737793, "lowlevel.barkbands_kurtosis.stdev": 13.402512550354004, "lowlevel.barkbands_skewness.mean": 1.437515139579773, "lowlevel.barkbands_skewness.stdev": 1.8540747165679932, "lowlevel.barkbands_spread.mean": 37.639827728271484, "lowlevel.barkbands_spread.stdev": 23.879716873168945, "lowlevel.dissonance.mean": 0.48857805132865906, "lowlevel.dissonance.stdev": 0.011600974947214127, "lowlevel.dynamic_complexity": 1.4890424013137817, "lowlevel.erbbands_crest.mean": 8.832649230957031, "lowlevel.erbbands_crest.stdev": 4.498995304107666, "lowlevel.erbbands_flatness_db.mean": 0.12677769362926483, "lowlevel.erbbands_flatness_db.stdev": 0.03950444981455803, "lowlevel.erbbands_kurtosis.mean": 1.5889748334884644, "lowlevel.erbbands_kurtosis.stdev": 2.9809021949768066, "lowlevel.erbbands_skewness.mean": -0.24539317190647125, "lowlevel.erbbands_skewness.stdev": 0.881717324256897, "lowlevel.erbbands_spread.mean": 42.24631881713867, "lowlevel.erbbands_spread.stdev": 25.111141204833984, "lowlevel.hfc.mean": 42.99971389770508, "lowlevel.hfc.stdev": 29.937334060668945, "lowlevel.loudness_ebu128.integrated": -10.3753662109375, "lowlevel.loudness_ebu128.loudness_range": 1.984598159790039, "lowlevel.loudness_ebu128.momentary.mean": -10.535893440246582, "lowlevel.loudness_ebu128.momentary.stdev": 1.2423627376556396, "lowlevel.loudness_ebu128.short_term.mean": -10.431936264038086, "lowlevel.loudness_ebu128.short_term.stdev": 0.6967519521713257, "lowlevel.melbands_crest.mean": 17.986896514892578, "lowlevel.melbands_crest.stdev": 7.062938213348389, "lowlevel.melbands_flatness_db.mean": 0.1795683205127716, "lowlevel.melbands_flatness_db.stdev": 0.06731291115283966, "lowlevel.melbands_kurtosis.mean": 25.291912078857422, "lowlevel.melbands_kurtosis.stdev": 52.303306579589844, "lowlevel.melbands_skewness.mean": 3.4736533164978027, "lowlevel.melbands_skewness.stdev": 3.157015800476074, "lowlevel.melbands_spread.mean": 36.97860336303711, "lowlevel.melbands_spread.stdev": 29.889028549194336, "lowlevel.pitch_salience.mean": 0.4957822263240814, "lowlevel.pitch_salience.stdev": 0.17026905715465546, "lowlevel.silence_rate_20dB.mean": 1.0, "lowlevel.silence_rate_20dB.stdev": 0.0, "lowlevel.silence_rate_30dB.mean": 0.9060196280479431, "lowlevel.silence_rate_30dB.stdev": 0.29180270433425903, "lowlevel.silence_rate_60dB.mean": 0.007985257543623447, "lowlevel.silence_rate_60dB.stdev": 0.08900348842144012, "lowlevel.spectral_centroid.mean": 2037.34521484375, "lowlevel.spectral_centroid.stdev": 771.3323974609375, "lowlevel.spectral_complexity.mean": 28.18488883972168, "lowlevel.spectral_complexity.stdev": 11.17512321472168, "lowlevel.spectral_decrease.mean": -1.203845201303011e-08, "lowlevel.spectral_decrease.stdev": 9.928745825504848e-09, "lowlevel.spectral_energy.mean": 0.04933612048625946, "lowlevel.spectral_energy.stdev": 0.037223123013973236, "lowlevel.spectral_energyband_high.mean": 0.002621735678985715, "lowlevel.spectral_energyband_high.stdev": 0.0033211533445864916, "lowlevel.spectral_energyband_low.mean": 0.028874212875962257, "lowlevel.spectral_energyband_low.stdev": 0.0373469702899456, "lowlevel.spectral_energyband_middle_high.mean": 0.009714984335005283, "lowlevel.spectral_energyband_middle_high.stdev": 0.008058356121182442, "lowlevel.spectral_energyband_middle_low.mean": 0.00822057481855154, "lowlevel.spectral_energyband_middle_low.stdev": 0.015784524381160736, "lowlevel.spectral_entropy.mean": 8.087385177612305, "lowlevel.spectral_entropy.stdev": 0.29092660546302795, "lowlevel.spectral_flux.mean": 0.13015589118003845, "lowlevel.spectral_flux.stdev": 0.05531802028417587, "lowlevel.spectral_kurtosis.mean": 3.0538291931152344, "lowlevel.spectral_kurtosis.stdev": 1.9584208726882935, "lowlevel.spectral_rms.mean": 0.006504167336970568, "lowlevel.spectral_rms.stdev": 0.0024142281617969275, "lowlevel.spectral_rolloff.mean": 2391.93359375, "lowlevel.spectral_rolloff.stdev": 2865.527099609375, "lowlevel.spectral_skewness.mean": 1.3855276107788086, "lowlevel.spectral_skewness.stdev": 0.4049341678619385, "lowlevel.spectral_spread.mean": 5972167.5, "lowlevel.spectral_spread.stdev": 2217652.0, "lowlevel.spectral_strongpeak.mean": 0.8210059404373169, "lowlevel.spectral_strongpeak.stdev": 1.160332202911377, "lowlevel.zerocrossingrate.mean": 0.09318193793296814, "lowlevel.zerocrossingrate.stdev": 0.06949049979448318, "metadata.audio_properties.analysis.equal_loudness": 0.0, "metadata.audio_properties.analysis.length": 37.75997543334961, "metadata.audio_properties.analysis.sample_rate": 44100.0, "metadata.audio_properties.analysis.start_time": 0.0, "metadata.audio_properties.bit_rate": 120422.0, "metadata.audio_properties.length": 37.7599983215332, "metadata.audio_properties.lossless": 0.0, "metadata.audio_properties.number_channels": 1.0, "metadata.audio_properties.replay_gain": -14.792348861694336, "metadata.audio_properties.sample_rate": 48000.0, "rhythm.beats_count": 57.0, "rhythm.beats_loudness.mean": 0.0765310674905777, "rhythm.beats_loudness.stdev": 0.04615306854248047, "rhythm.bpm": 91.5385513305664, "rhythm.bpm_histogram_first_peak_bpm": 92.0, "rhythm.bpm_histogram_first_peak_weight": 0.08928573131561279, "rhythm.bpm_histogram_second_peak_bpm": 0.0, "rhythm.bpm_histogram_second_peak_spread": 0.0, "rhythm.bpm_histogram_second_peak_weight": 0.0, "rhythm.danceability": 1.2586243152618408, "rhythm.onset_rate": 3.9440040588378906, "tonal.chords_changes_rate": 0.15214723348617554, "tonal.chords_number_rate": 0.014723926782608032, "tonal.chords_strength.mean": 0.5015142560005188, "tonal.chords_strength.stdev": 0.09923893958330154, "tonal.hpcp_crest.mean": 9.741040229797363, "tonal.hpcp_crest.stdev": 4.398533344268799, "tonal.hpcp_entropy.mean": 2.7168352603912354, "tonal.hpcp_entropy.stdev": 0.7717417478561401, "tonal.key_edma.strength": 0.4778490364551544, "tonal.key_krumhansl.strength": 0.45945119857788086, "tonal.key_temperley.strength": 0.4253208637237549, "tonal.tuning_diatonic_strength": 0.6121411919593811, "tonal.tuning_equal_tempered_deviation": 0.20246610045433044, "tonal.tuning_frequency": 437.2131652832031, "tonal.tuning_nontempered_energy_ratio": 0.8642343878746033, "lowlevel.barkbands.mean": [0.0014837444759905338, 0.02284242771565914, 0.004583084490150213, 0.0021039489656686783, 0.003346622921526432, 0.0008224120829254389, 0.00034086036612279713, 0.0004804209456779063, 0.0008735801093280315, 0.0009924015030264854, 0.0011876451317220926, 0.0010270908242091537, 0.0012634581653401256, 0.0012414272641763091, 0.0009125294745899737, 0.0014060609973967075, 0.000711908855009824, 0.000510465179104358, 0.00041115310159511864, 0.0003750329778995365, 0.0003186269896104932, 0.0002483917633071542, 0.0003029338549822569, 0.0006581507623195648, 0.0006204336532391608, 0.0002652460243552923, 6.063731234462466e-06], "lowlevel.barkbands.stdev": [0.0014430051669478416, 0.036534108221530914, 0.00864022970199585, 0.005977697670459747, 0.010104180313646793, 0.0019758136477321386, 0.0007582237594760954, 0.0010093663586303592, 0.0018783718114718795, 0.0019679239485412836, 0.002542352769523859, 0.0019180969102308154, 0.002376727294176817, 0.0021804096177220345, 0.0015094728441908956, 0.003038395196199417, 0.0008062586421146989, 0.00039240429759956896, 0.0002785719698294997, 0.00029713058029301465, 0.0002727130486164242, 0.0002551272918935865, 0.0003684329567477107, 0.0013210304314270616, 0.001273960922844708, 0.00046621335786767304, 1.1212242498004343e-05], "lowlevel.erbbands.mean": [0.8071987628936768, 4.558401584625244, 5.629981994628906, 5.908216953277588, 13.262449264526367, 7.9979329109191895, 7.680698871612549, 5.992819786071777, 4.559589385986328, 6.958291053771973, 13.074438095092773, 19.705265045166016, 24.846363067626953, 44.62766647338867, 43.20725631713867, 42.649906158447266, 57.284027099609375, 63.98368835449219, 54.91945266723633, 55.76753616333008, 75.06813049316406, 41.58249282836914, 28.040252685546875, 25.69370460510254, 17.90359115600586, 17.65196990966797, 15.29992961883545, 10.753625869750977, 9.019667625427246, 8.454599380493164, 8.789175033569336, 10.848252296447754, 12.478621482849121, 8.39636516571045, 3.558201551437378, 1.5051566362380981, 0.3969690203666687, 0.048735421150922775, 0.0011050697648897767, 0.00010612529149511829], "lowlevel.erbbands.stdev": [1.4020596742630005, 7.041393756866455, 9.072596549987793, 9.46953296661377, 48.9868049621582, 21.484817504882812, 21.053691864013672, 14.565030097961426, 10.240866661071777, 13.469051361083984, 27.352237701416016, 43.245269775390625, 47.52947235107422, 94.59444427490234, 77.0169448852539, 77.34642028808594, 105.45214080810547, 107.83331298828125, 81.87002563476562, 99.0325698852539, 158.02867126464844, 43.055850982666016, 21.468006134033203, 17.372800827026367, 11.94430923461914, 14.004416465759277, 12.09526252746582, 10.254738807678223, 8.903127670288086, 9.609701156616211, 11.255273818969727, 19.900354385375977, 26.63935089111328, 18.16463279724121, 6.9862565994262695, 2.7918524742126465, 0.6565423607826233, 0.0797833502292633, 0.0017040347447618842, 8.334039011970162e-05], "lowlevel.gfcc.mean": [51.31197738647461, 40.40341567993164, -106.2679672241211, 42.93539810180664, -37.3992805480957, 38.833980560302734, -33.738319396972656, 24.760591506958008, -25.8541202545166, 10.402427673339844, -17.809329986572266, 4.239634037017822, -13.436952590942383], "lowlevel.melbands.mean": [0.006862615700811148, 0.003799667814746499, 0.0013227739837020636, 0.0007785326451994479, 0.0002741132630035281, 0.00013730030332226306, 7.00436721672304e-05, 8.035890641622245e-05, 0.00011560734856175259, 0.00012473893002606928, 0.00012194537703180686, 0.00017585298337507993, 0.00015497846470680088, 0.00011148524936288595, 0.00011704822827596217, 0.00013137984205968678, 0.00011753131548175588, 9.204021625919268e-05, 6.678715726593509e-05, 8.842100942274556e-05, 8.552379586035386e-05, 4.383889609016478e-05, 2.9768774766125716e-05, 2.2538397388416342e-05, 2.0975619918317534e-05, 1.3697516806132626e-05, 1.2103787412343081e-05, 1.1592474947974551e-05, 1.0083792403747793e-05, 7.83704308560118e-06, 5.662782314175274e-06, 5.159754891792545e-06, 4.588608589983778e-06, 4.780694325745571e-06, 4.939787686453201e-06, 5.16096815772471e-06, 7.376611392828636e-06, 9.172623322228901e-06, 7.904878657427616e-06, 6.883628429932287e-06], "lowlevel.melbands.stdev": [0.011389365419745445, 0.004623797256499529, 0.00296252453699708, 0.002501006703823805, 0.0007135524065233767, 0.0003208478447049856, 0.00015718524809926748, 0.0001564102858537808, 0.00025052943965420127, 0.0002778074413072318, 0.0002432214532746002, 0.00037717234226875007, 0.0003062135656364262, 0.00019857998995576054, 0.0002538104890845716, 0.00023535230138804764, 0.0002116096584359184, 0.00014887686120346189, 0.00011467227159300819, 0.00019290402997285128, 0.00018248702690470964, 5.155643884791061e-05, 2.563392263255082e-05, 1.7929449313669465e-05, 1.5023229934740812e-05, 1.0090856449096464e-05, 9.452985068492126e-06, 9.868494998954702e-06, 8.346408321813215e-06, 7.442331479978748e-06, 5.7959141486207955e-06, 5.1445290409901645e-06, 5.186511771171354e-06, 5.776539182988927e-06, 6.236988610908156e-06, 7.793227268848568e-06, 1.4684383131680079e-05, 2.0069406673428603e-05, 1.7044336345861666e-05, 1.5507572243222967e-05], "lowlevel.melbands128.mean": [0.0007549116271547973, 0.0062080854550004005, 0.010516311042010784, 0.006288025062531233, 0.0031909774988889694, 0.0021104752086102962, 0.000998718198388815, 0.0012590416008606553, 0.0015852387296035886, 0.0006956975557841361, 0.0003491674142424017, 0.0003011658263858408, 0.000274596328381449, 0.00021460335119627416, 0.00014155170356389135, 9.569807298248634e-05, 7.091531006153673e-05, 6.299238884821534e-05, 7.104980613803491e-05, 7.719171844655648e-05, 8.261394395958632e-05, 9.597418102202937e-05, 0.00011958547838730738, 0.00013684979057870805, 0.00012920936569571495, 0.00011938699026359245, 0.00011612736852839589, 0.000123117322800681, 0.00012260960647836328, 0.0001486177061451599, 0.00020941976981703192, 0.00020228906942065805, 0.00014960396219976246, 0.00012554180284496397, 0.00011679906310746446, 0.00010054025915451348, 0.00011170451034558937, 0.00012645131209865212, 0.00010509457933949307, 0.00013482721988111734, 0.00014397808990906924, 0.00011681827891152352, 0.00012073885591235012, 0.00011500947584863752, 0.00011084906873293221, 8.456044452032074e-05, 7.737587293377146e-05, 5.9824542404385284e-05, 6.577391468454152e-05, 7.459410699084401e-05, 8.749057451495901e-05, 0.0001078124696505256, 0.00010229016334051266, 7.395917782559991e-05, 4.9876965931616724e-05, 4.3313186324667186e-05, 3.6649526009568945e-05, 3.09583920170553e-05, 2.9240363801363856e-05, 2.2621394236921333e-05, 2.080623380606994e-05, 2.3231728846440092e-05, 2.463554119458422e-05, 1.9982167941634543e-05, 1.5800826076883823e-05, 1.384657298331149e-05, 1.21710500025074e-05, 1.143889039667556e-05, 1.2317085747781675e-05, 1.2870135833509266e-05, 1.1235758393013384e-05, 1.1100104529759847e-05, 1.148383307736367e-05, 9.751399375090841e-06, 8.604227332398295e-06, 8.788199011178222e-06, 7.11783059159643e-06, 5.940893515798962e-06, 5.499994585989043e-06, 5.25744098922587e-06, 5.374432021199027e-06, 5.0656444727792405e-06, 4.824834377359366e-06, 4.529874786385335e-06, 4.339878159953514e-06, 4.679585799749475e-06, 4.924199856759515e-06, 4.984166480426211e-06, 4.9481282076158095e-06, 4.755006102641346e-06, 5.387674718804192e-06, 5.039359166403301e-06, 5.235452590568457e-06, 7.154364539019298e-06, 8.849049663695041e-06, 9.449720892007463e-06, 9.286036402045283e-06, 8.616696504759602e-06, 7.772930075589102e-06, 7.796854333719239e-06, 7.361564257735154e-06, 6.828000095993048e-06, 6.324144123937003e-06, 4.962281309417449e-06, 3.516578772178036e-06, 2.9172445010772208e-06, 3.089373421971686e-06, 3.44963291354361e-06, 2.6503889785089996e-06, 2.046929694188293e-06, 1.7679902839518036e-06, 1.2741272712446516e-06, 1.3074067055640626e-06, 9.69288748819963e-07, 6.946613666514168e-07, 5.580344577538199e-07, 2.3006330707175948e-07, 3.826155747788107e-08, 2.0047787874233336e-09, 2.5006186357701132e-11, 2.002177243443093e-11, 1.5882149762003195e-11, 1.549560306457476e-11, 1.5085941176828932e-11, 1.2571620827683816e-11, 8.533070083860395e-12, 6.346595991801873e-12, 5.9801525710556636e-12], "lowlevel.melbands128.stdev": [0.0011088635073974729, 0.011140495538711548, 0.018326161429286003, 0.009517147205770016, 0.005215357057750225, 0.0038239886052906513, 0.001438841805793345, 0.004254959989339113, 0.006355631165206432, 0.002462603384628892, 0.001130858901888132, 0.0010181183461099863, 0.0009041648590937257, 0.0006474604015238583, 0.00044736810377798975, 0.0002453527122270316, 0.00016190831956919283, 0.0002347526024095714, 0.00018106338393408805, 0.0001930239232024178, 0.00020990810298826545, 0.00026242886087857187, 0.0003139699110761285, 0.00040567739051766694, 0.00035580870462581515, 0.0003656469052657485, 0.0003205029061064124, 0.00031652202596887946, 0.00031537702307105064, 0.0003863057936541736, 0.0005914871580898762, 0.0005752586293965578, 0.0003675465995911509, 0.0002596784324850887, 0.00026123461429961026, 0.0002161829761462286, 0.00025605669361539185, 0.00034533278085291386, 0.00030619592871516943, 0.00029819036717526615, 0.00028990767896175385, 0.0002551269717514515, 0.00029732537223026156, 0.00025529609411023557, 0.00023953661730047315, 0.00016733972006477416, 0.00017008653958328068, 0.00012196481839055195, 0.00015292091120500118, 0.00018363632261753082, 0.00023057196813169867, 0.0003246960404794663, 0.00029028509743511677, 0.00015566452930215746, 9.83658610493876e-05, 5.588621934293769e-05, 4.0559905755799264e-05, 3.167755130562e-05, 3.307402221253142e-05, 2.2941254428587854e-05, 2.2024240024620667e-05, 2.2617185095441528e-05, 2.203451185778249e-05, 1.7845186448539607e-05, 1.4207553249434568e-05, 1.3901919373893179e-05, 1.0209825632045977e-05, 1.0422704690427054e-05, 1.2212785804877058e-05, 1.2801233424397651e-05, 1.1863817235280294e-05, 1.100517238228349e-05, 1.1712451851053629e-05, 9.397678695677314e-06, 8.537100256944541e-06, 9.10757080418989e-06, 9.060863703780342e-06, 6.9434458964678925e-06, 6.53957795293536e-06, 6.124439551058458e-06, 6.206659691088134e-06, 5.768013579654507e-06, 5.631624389934586e-06, 5.953812888037646e-06, 5.613278972305125e-06, 5.890135980735067e-06, 6.929270057298709e-06, 6.9647662712668534e-06, 6.9377420004457235e-06, 6.691680482617812e-06, 8.72733744472498e-06, 7.818695848982316e-06, 1.0257972462568432e-05, 1.5381185221485794e-05, 1.965931551239919e-05, 2.1234660380287096e-05, 2.1918607671977952e-05, 2.06551885639783e-05, 1.720941872918047e-05, 1.8164973880629987e-05, 1.632517160032876e-05, 1.670744677539915e-05, 1.5841240383451805e-05, 1.1254627679591067e-05, 7.2878715400293e-06, 5.58269721295801e-06, 5.989393685013056e-06, 7.004704457358457e-06, 5.483617314894218e-06, 4.309315045247786e-06, 3.4422153021296253e-06, 2.1825712792633567e-06, 2.293811803610879e-06, 1.839599349295895e-06, 1.3583464806288248e-06, 1.1104622217317228e-06, 4.158211766025488e-07, 1.2336310817318008e-07, 1.9603215051233747e-08, 2.4524143826809564e-10, 1.588592174472936e-10, 1.1344017392111994e-10, 1.1447548464715851e-10, 1.1296927976411908e-10, 8.488177521970286e-11, 3.4455011760359255e-11, 9.891423617680584e-12, 8.631625796062803e-12], "lowlevel.mfcc.mean": [-594.767822265625, 75.92679595947266, 0.02384432964026928, 18.15369987487793, 23.041147232055664, 15.200703620910645, 16.2562198638916, 12.298019409179688, 8.651885032653809, 7.203973770141602, 3.784865379333496, 5.704545974731445, 0.12888135015964508], "lowlevel.spectral_contrast_coeffs.mean": [-0.7194849848747253, -0.8111075758934021, -0.8089526891708374, -0.7892098426818848, -0.8068321943283081, -0.7793976664543152], "lowlevel.spectral_contrast_coeffs.stdev": [0.08304671198129654, 0.05899505317211151, 0.05438628047704697, 0.05887513607740402, 0.02683810517191887, 0.03053607977926731], "lowlevel.spectral_contrast_valleys.mean": [-6.662853717803955, -6.871744632720947, -6.899195671081543, -6.8804144859313965, -6.7516398429870605, -9.105788230895996], "lowlevel.spectral_contrast_valleys.stdev": [1.0002979040145874, 0.8924310803413391, 0.9281784296035767, 0.7882099747657776, 0.6994562745094299, 0.7815873026847839], "rhythm.beats_loudness_band_ratio.mean": [0.6386011242866516, 0.054757166653871536, 0.05722857639193535, 0.13509277999401093, 0.0937151238322258, 0.055627837777137756], "rhythm.beats_loudness_band_ratio.stdev": [0.2987092137336731, 0.08095615357160568, 0.10027694702148438, 0.18487460911273956, 0.1265878528356552, 0.06655896455049515], "tonal.hpcp.mean": [0.1946428120136261, 0.17084823548793793, 0.15802966058254242, 0.14560888707637787, 0.12661410868167877, 0.11584991961717606, 0.1230226680636406, 0.1338162124156952, 0.19114486873149872, 0.270468533039093, 0.21049097180366516, 0.10738154500722885, 0.08608660846948624, 0.0855737254023552, 0.08057137578725815, 0.07636246830224991, 0.07384108752012253, 0.07390972226858139, 0.07767107337713242, 0.07724431902170181, 0.07976927608251572, 0.07891666889190674, 0.07595079392194748, 0.09193187952041626, 0.11120307445526123, 0.10198390483856201, 0.09086509793996811, 0.09683754295110703, 0.09953610599040985, 0.10789383202791214, 0.14617782831192017, 0.16155530512332916, 0.14786750078201294, 0.15634572505950928, 0.17991533875465393, 0.20087261497974396], "tonal.hpcp.stdev": [0.30573561787605286, 0.2785966992378235, 0.27696606516838074, 0.2660117745399475, 0.2525741755962372, 0.22913140058517456, 0.22803492844104767, 0.24827514588832855, 0.2723231911659241, 0.3614434599876404, 0.28830796480178833, 0.20041020214557648, 0.17079941928386688, 0.17110911011695862, 0.15381020307540894, 0.1493631899356842, 0.14976538717746735, 0.15312430262565613, 0.15360258519649506, 0.16730482876300812, 0.16618646681308746, 0.1647546887397766, 0.14778855443000793, 0.17283464968204498, 0.2073051631450653, 0.18940462172031403, 0.18340836465358734, 0.2012631744146347, 0.20517677068710327, 0.17874844372272491, 0.22791226208209991, 0.24969306588172913, 0.24161845445632935, 0.2584112584590912, 0.2853147089481354, 0.31200313568115234], "rhythm.beats_position": [0.6733786463737488, 1.3351473808288574, 1.9969160556793213, 2.658684730529785, 3.320453405380249, 3.9706122875213623, 4.632380962371826, 5.294149398803711, 5.944308280944824, 6.5944671630859375, 7.244625568389893, 7.9063944816589355, 8.55655288696289, 9.195101737976074, 9.845260620117188, 10.51863956451416, 11.168798446655273, 11.81895637512207, 12.469115257263184, 13.119274139404297, 13.79265308380127, 14.466031074523926, 15.127799987792969, 15.789568901062012, 16.439727783203125, 17.10149574279785, 17.76326560974121, 18.413423538208008, 19.075191497802734, 19.736961364746094, 20.38711929321289, 21.04888916015625, 21.710657119750977, 22.360815048217773, 23.010974884033203, 23.6611328125, 24.31129264831543, 24.973060607910156, 25.634828567504883, 26.284988403320312, 26.93514633178711, 27.59691619873047, 28.258684158325195, 28.920452117919922, 29.58222198486328, 30.232379913330078, 30.882539749145508, 31.532697677612305, 32.182857513427734, 32.83301544189453, 33.47156524658203, 34.12172317504883, 34.771881103515625, 35.42203903198242, 36.072200775146484, 36.73396682739258, 37.384124755859375], "rhythm.bpm_histogram": [0.0, 0.0, 0.0, 0.0, 0.0, 0.0, 0.0, 0.0, 0.0, 0.0, 0.0, 0.0, 0.0, 0.0, 0.0, 0.0, 0.0, 0.0, 0.0, 0.0, 0.0, 0.0, 0.0, 0.0, 0.0, 0.0, 0.0, 0.0, 0.0, 0.0, 0.0, 0.0, 0.0, 0.0, 0.0, 0.0, 0.0, 0.0, 0.0, 0.0, 0.0, 0.0, 0.0, 0.0, 0.0, 0.0, 0.0, 0.0, 0.0, 0.0, 0.0, 0.0, 0.0, 0.0, 0.0, 0.0, 0.0, 0.0, 0.0, 0.0, 0.0, 0.0, 0.0, 0.0, 0.0, 0.0, 0.0, 0.0, 0.0, 0.0, 0.0, 0.0, 0.0, 0.0, 0.0, 0.0, 0.0, 0.0, 0.0, 0.0, 0.0, 0.0, 0.0, 0.0, 0.0, 0.0, 0.0, 0.0, 0.0, 0.0535714291036129, 0.0, 0.3928571343421936, 0.5178571343421936, 0.0, 0.0357142873108387, 0.0, 0.0, 0.0, 0.0, 0.0, 0.0, 0.0, 0.0, 0.0, 0.0, 0.0, 0.0, 0.0, 0.0, 0.0, 0.0, 0.0, 0.0, 0.0, 0.0, 0.0, 0.0, 0.0, 0.0, 0.0, 0.0, 0.0, 0.0, 0.0, 0.0, 0.0, 0.0, 0.0, 0.0, 0.0, 0.0, 0.0, 0.0, 0.0, 0.0, 0.0, 0.0, 0.0, 0.0, 0.0, 0.0, 0.0, 0.0, 0.0, 0.0, 0.0, 0.0, 0.0, 0.0, 0.0, 0.0, 0.0, 0.0, 0.0, 0.0, 0.0, 0.0, 0.0, 0.0, 0.0, 0.0, 0.0, 0.0, 0.0, 0.0, 0.0, 0.0, 0.0, 0.0, 0.0, 0.0, 0.0, 0.0, 0.0, 0.0, 0.0, 0.0, 0.0, 0.0, 0.0, 0.0, 0.0, 0.0, 0.0, 0.0, 0.0, 0.0, 0.0, 0.0, 0.0, 0.0, 0.0, 0.0, 0.0, 0.0, 0.0, 0.0, 0.0, 0.0, 0.0, 0.0, 0.0, 0.0, 0.0, 0.0, 0.0, 0.0, 0.0, 0.0, 0.0, 0.0, 0.0, 0.0, 0.0, 0.0, 0.0, 0.0, 0.0, 0.0, 0.0, 0.0, 0.0, 0.0, 0.0, 0.0, 0.0, 0.0, 0.0, 0.0, 0.0, 0.0, 0.0, 0.0, 0.0, 0.0, 0.0, 0.0, 0.0, 0.0, 0.0, 0.0, 0.0, 0.0, 0.0, 0.0, 0.0, 0.0, 0.0, 0.0, 0.0], "tonal.chords_histogram": [38.036808013916016, 3.1901841163635254, 3.9263803958892822, 3.0674846172332764, 0.0, 0.0, 1.3496932983398438, 0.12269938737154007, 0.0, 2.0858895778656006, 1.8404908180236816, 0.0, 0.0, 0.0, 1.3496932983398438, 0.0, 3.803680896759033, 32.638038635253906, 0.4907975494861603, 5.153374195098877, 2.4539878368377686, 0.0, 0.4907975494861603, 0.0], "tonal.thpcp": [1.0, 0.7782456874847412, 0.39702045917510986, 0.3182869553565979, 0.3163906931877136, 0.29789555072784424, 0.28233402967453003, 0.2730117440223694, 0.2732655107975006, 0.2871723175048828, 0.28559446334838867, 0.29492998123168945, 0.291777640581131, 0.28081193566322327, 0.33989861607551575, 0.4111497700214386, 0.3770638406276703, 0.3359544277191162, 0.35803624987602234, 0.3680136203765869, 0.39891454577445984, 0.5404614806175232, 0.5973164439201355, 0.5467087030410767, 0.5780551433563232, 0.665198802947998, 0.7426838874816895, 0.7196505069732666, 0.6316750645637512, 0.5842811465263367, 0.5383579730987549, 0.4681288003921509, 0.4283304810523987, 0.4548501968383789, 0.4947570562362671, 0.7067176103591919], "lowlevel.gfcc.cov": [[3309.69970703125, 531.1942138671875, -70.14256286621094, 3.412353038787842, -40.575233459472656, 37.362552642822266, -42.864994049072266, -13.723186492919922, 15.030949592590332, 12.510626792907715, -23.948923110961914, 15.430990219116211, 34.38126754760742], [531.1942138671875, 1204.5390625, -188.0700225830078, 80.74606323242188, 106.1634521484375, -125.87210845947266, 122.93795776367188, -54.06676483154297, 52.98433303833008, -45.23809814453125, -2.3801310062408447, -8.33897590637207, 25.607763290405273], [-70.14256286621094, -188.0700225830078, 612.7938842773438, 339.31146240234375, 19.510908126831055, -11.076354026794434, -103.37122344970703, -13.94161605834961, -35.326602935791016, 15.218196868896484, 13.497941017150879, -15.652235984802246, -9.592628479003906], [3.412353038787842, 80.74606323242188, 339.31146240234375, 471.0926513671875, 130.791748046875, -31.939180374145508, -42.778411865234375, -29.57139778137207, 43.47441482543945, 11.419221878051758, -11.678449630737305, -34.05512619018555, 16.783201217651367], [-40.575233459472656, 106.1634521484375, 19.510908126831055, 130.791748046875, 256.0518493652344, 109.57518005371094, 94.03862762451172, 56.1938591003418, 72.21354675292969, 48.423343658447266, 25.45551300048828, 13.338168144226074, 33.120140075683594], [37.362552642822266, -125.87210845947266, -11.076354026794434, -31.939180374145508, 109.57518005371094, 277.56500244140625, 205.12718200683594, 80.03570556640625, -19.144746780395508, 13.729447364807129, 42.211647033691406, 0.11733201891183853, -14.648107528686523], [-42.864994049072266, 122.93795776367188, -103.37122344970703, -42.778411865234375, 94.03862762451172, 205.12718200683594, 345.3019104003906, 111.76099395751953, -0.878757894039154, 4.110435485839844, 57.96752166748047, 14.79439926147461, -19.209354400634766], [-13.723186492919922, -54.06676483154297, -13.94161605834961, -29.57139778137207, 56.1938591003418, 80.03570556640625, 111.76099395751953, 164.82945251464844, 90.12726593017578, 47.209022521972656, 30.01732063293457, 15.814737319946289, 19.898834228515625], [15.030949592590332, 52.98433303833008, -35.326602935791016, 43.47441482543945, 72.21354675292969, -19.144746780395508, -0.878757894039154, 90.12726593017578, 167.64013671875, 75.62367248535156, 7.180909633636475, 8.181429862976074, 42.607643127441406], [12.510626792907715, -45.23809814453125, 15.218196868896484, 11.419221878051758, 48.423343658447266, 13.729447364807129, 4.110435485839844, 47.209022521972656, 75.62367248535156, 102.90271759033203, 55.26719665527344, 24.65540885925293, 20.524492263793945], [-23.948923110961914, -2.3801310062408447, 13.497941017150879, -11.678449630737305, 25.45551300048828, 42.211647033691406, 57.96752166748047, 30.01732063293457, 7.180909633636475, 55.26719665527344, 110.10812377929688, 55.26332092285156, 20.281478881835938], [15.430990219116211, -8.33897590637207, -15.652235984802246, -34.05512619018555, 13.338168144226074, 0.11733201891183853, 14.79439926147461, 15.814737319946289, 8.181429862976074, 24.65540885925293, 55.26332092285156, 83.1894302368164, 45.76904296875], [34.38126754760742, 25.607763290405273, -9.592628479003906, 16.783201217651367, 33.120140075683594, -14.648107528686523, -19.209354400634766, 19.898834228515625, 42.607643127441406, 20.524492263793945, 20.281478881835938, 45.76904296875, 87.3707275390625]], "lowlevel.gfcc.icov": [[0.0004021792847197503, -0.00040706677827984095, 0.0001428097311872989, -0.00027167328516952693, 0.0005852344911545515, -0.0008788409177213907, 0.0006268802681006491, -0.00039478534017689526, 0.0003552341659087688, -0.000681988662108779, 0.0006238850182853639, -0.0006002861773595214, 4.4069980503991246e-05], [-0.00040706677827984095, 0.0019415050046518445, -4.7567602450726554e-05, 0.0004792822292074561, -0.0017141449498012662, 0.0029231749940663576, -0.002434848342090845, 0.0019380244193598628, -0.0015830837655812502, 0.002311677671968937, -0.0018146808724850416, 0.0018259825883433223, -0.0006493080290965736], [0.0001428097311872989, -4.7567602450726554e-05, 0.004403908737003803, -0.004069460090249777, 0.001445665955543518, -0.0013963243691250682, 0.0025135825853794813, -0.003345332108438015, 0.0036529917269945145, -0.001900159171782434, 3.066525823669508e-05, -0.0013392220716923475, 0.0011147612240165472], [-0.00027167328516952693, 0.0004792822292074561, -0.004069460090249777, 0.006897475570440292, -0.003858486656099558, 0.002856088802218437, -0.0026247526984661818, 0.004269881173968315, -0.0041023138910532, 0.0030169300734996796, -0.0017927231965586543, 0.004164402838796377, -0.0018868980696424842], [0.0005852344911545515, -0.0017141449498012662, 0.001445665955543518, -0.003858486656099558, 0.009767239913344383, -0.006412961985915899, 0.0018441793508827686, -0.0013214374193921685, -0.0002747876278590411, -0.0043858918361365795, 0.003327152458950877, -0.0038291646633297205, -0.0005013790796510875], [-0.0008788409177213907, 0.0029231749940663576, -0.0013963243691250682, 0.002856088802218437, -0.006412961985915899, 0.013650021515786648, -0.007722345180809498, 0.001105941366404295, 0.0011067489394918084, 0.002318525919690728, -0.0036446177400648594, 0.006229755003005266, -0.001944888150319457], [0.0006268802681006491, -0.002434848342090845, 0.0025135825853794813, -0.0026247526984661818, 0.0018441793508827686, -0.007722345180809498, 0.011283718049526215, -0.007404603064060211, 0.003608277766034007, -0.00016670914192218333, -0.0009166178060695529, -0.003645353950560093, 0.0038225220050662756], [-0.00039478534017689526, 0.0019380244193598628, -0.003345332108438015, 0.004269881173968315, -0.0013214374193921685, 0.001105941366404295, -0.007404603064060211, 0.018481198698282242, -0.01285541895776987, 0.0036968300119042397, -0.002125964965671301, 0.0020400425419211388, -0.0019253978971391916], [0.0003552341659087688, -0.0015830837655812502, 0.0036529917269945145, -0.0041023138910532, -0.0002747876278590411, 0.0011067489394918084, 0.003608277766034007, -0.01285541895776987, 0.02284885384142399, -0.014916929416358471, 0.006955868564546108, 0.00032693464891053736, -0.003900177078321576], [-0.000681988662108779, 0.002311677671968937, -0.001900159171782434, 0.0030169300734996796, -0.0043858918361365795, 0.002318525919690728, -0.00016670914192218333, 0.0036968300119042397, -0.014916929416358471, 0.02920679561793804, -0.0162697471678257, 0.0036383033730089664, 0.0022595813497900963], [0.0006238850182853639, -0.0018146808724850416, 3.066525823669508e-05, -0.0017927231965586543, 0.003327152458950877, -0.0036446177400648594, -0.0009166178060695529, -0.002125964965671301, 0.006955868564546108, -0.0162697471678257, 0.02535971626639366, -0.014284622855484486, 0.0010705185122787952], [-0.0006002861773595214, 0.0018259825883433223, -0.0013392220716923475, 0.004164402838796377, -0.0038291646633297205, 0.006229755003005266, -0.003645353950560093, 0.0020400425419211388, 0.00032693464891053736, 0.0036383033730089664, -0.014284622855484486, 0.03056369163095951, -0.013725008815526962], [4.4069980503991246e-05, -0.0006493080290965736, 0.0011147612240165472, -0.0018868980696424842, -0.0005013790796510875, -0.001944888150319457, 0.0038225220050662756, -0.0019253978971391916, -0.003900177078321576, 0.0022595813497900963, 0.0010705185122787952, -0.013725008815526962, 0.021558724343776703]], "lowlevel.mfcc.cov": [[2683.4443359375, 492.29107666015625, -119.44947814941406, -50.44034194946289, -49.62646484375, 35.05466842651367, -54.661983489990234, -3.308842182159424, 12.522759437561035, 14.9370698928833, -33.209320068359375, -26.7360897064209, -8.955767631530762], [492.29107666015625, 915.496826171875, -243.44212341308594, 77.57958984375, -98.58146667480469, 8.136075973510742, -6.076356887817383, 50.4481201171875, 14.090790748596191, -14.707230567932129, 12.362799644470215, 9.272523880004883, -5.813808441162109], [-119.44947814941406, -243.44212341308594, 551.5159912109375, 236.3013916015625, 121.41970825195312, -3.467198371887207, -10.43627643585205, -61.312782287597656, -53.54854202270508, -29.70197105407715, -22.834943771362305, -4.677718639373779, -9.676584243774414], [-50.44034194946289, 77.57958984375, 236.3013916015625, 462.1246032714844, 174.40084838867188, 42.22207260131836, -80.9228515625, -47.7016716003418, 20.685060501098633, 4.563535213470459, -30.92633056640625, 14.493964195251465, 34.86625289916992], [-49.62646484375, -98.58146667480469, 121.41970825195312, 174.40084838867188, 262.7098083496094, 45.094215393066406, -59.266780853271484, -49.1139030456543, 44.73137283325195, 33.162776947021484, -21.63096046447754, 6.791869640350342, 46.06551742553711], [35.05466842651367, 8.136075973510742, -3.467198371887207, 42.22207260131836, 45.094215393066406, 182.73878479003906, 134.45388793945312, 58.25495529174805, 15.474274635314941, 22.16456413269043, 27.76824188232422, 11.977502822875977, -14.759063720703125], [-54.661983489990234, -6.076356887817383, -10.43627643585205, -80.9228515625, -59.266780853271484, 134.45388793945312, 299.5041809082031, 144.13511657714844, 11.351844787597656, 16.969324111938477, 72.11784362792969, 47.02564239501953, -18.572458267211914], [-3.308842182159424, 50.4481201171875, -61.312782287597656, -47.7016716003418, -49.1139030456543, 58.25495529174805, 144.13511657714844, 155.1985321044922, 66.15676879882812, 35.68990707397461, 39.33189010620117, 27.197586059570312, 4.116281986236572], [12.522759437561035, 14.090790748596191, -53.54854202270508, 20.685060501098633, 44.73137283325195, 15.474274635314941, 11.351844787597656, 66.15676879882812, 133.95901489257812, 86.16756439208984, 25.226245880126953, 14.29759693145752, 29.92423439025879], [14.9370698928833, -14.707230567932129, -29.70197105407715, 4.563535213470459, 33.162776947021484, 22.16456413269043, 16.969324111938477, 35.68990707397461, 86.16756439208984, 113.74305725097656, 51.43057632446289, 22.479135513305664, 15.462629318237305], [-33.209320068359375, 12.362799644470215, -22.834943771362305, -30.92633056640625, -21.63096046447754, 27.76824188232422, 72.11784362792969, 39.33189010620117, 25.226245880126953, 51.43057632446289, 96.38599395751953, 56.91542434692383, 9.526656150817871], [-26.7360897064209, 9.272523880004883, -4.677718639373779, 14.493964195251465, 6.791869640350342, 11.977502822875977, 47.02564239501953, 27.197586059570312, 14.29759693145752, 22.479135513305664, 56.91542434692383, 87.73760223388672, 42.39665985107422], [-8.955767631530762, -5.813808441162109, -9.676584243774414, 34.86625289916992, 46.06551742553711, -14.759063720703125, -18.572458267211914, 4.116281986236572, 29.92423439025879, 15.462629318237305, 9.526656150817871, 42.39665985107422, 82.35577392578125]], "lowlevel.mfcc.icov": [[0.00044332537800073624, -0.00030792015604674816, -0.0001709244679659605, 0.00027935413527302444, 9.099904855247587e-05, -0.0003755432553589344, 0.00021545188792515546, 9.291937021771446e-05, -1.550583510834258e-05, -0.00031103877699933946, 0.00043123343493789434, -0.00013590838352683932, -0.00010202243720414117], [-0.00030792015604674816, 0.0017758987378329039, 0.0011213599937036633, -0.0012991243274882436, 0.0005091729108244181, 0.0003818788391072303, 5.907487866352312e-05, -0.0006435417453758419, 0.00014410598669201136, 0.0007827631779946387, -0.0008998155826702714, 0.0002443854173179716, 0.00038170849438756704], [-0.0001709244679659605, 0.0011213599937036633, 0.0036666083615273237, -0.0023963165003806353, -0.0009948197985067964, 0.0019932277500629425, -0.0015426031313836575, 9.908147148962598e-06, 0.001693065627478063, 0.00012461081496439874, -0.0007763250614516437, 0.000678223732393235, 0.0011732587590813637], [0.00027935413527302444, -0.0012991243274882436, -0.0023963165003806353, 0.004976621363312006, -0.0012758270604535937, -0.0024678674526512623, 0.0020501608960330486, 5.8573539718054235e-05, -0.0011645338963717222, 7.141028618207201e-05, 0.0017576765967532992, -0.0021918434649705887, -0.000384259968996048], [9.099904855247587e-05, 0.0005091729108244181, -0.0009948197985067964, -0.0012758270604535937, 0.008343320339918137, -0.003661604132503271, 0.0005797679768875241, 0.0038784134667366743, -0.0036181481555104256, -0.0009217759943567216, 0.0023513624910265207, -0.0005835355259478092, -0.0034008952789008617], [-0.0003755432553589344, 0.0003818788391072303, 0.0019932277500629425, -0.0024678674526512623, -0.003661604132503271, 0.012235388159751892, -0.006544435862451792, -0.00048719358164817095, 0.001966633601114154, -0.0012374541256576777, -0.001073580700904131, 0.002047071000561118, 0.0026425407268106937], [0.00021545188792515546, 5.907487866352312e-05, -0.0015426031313836575, 0.0020501608960330486, 0.0005797679768875241, -0.006544435862451792, 0.01240935642272234, -0.009177366271615028, 0.002931012772023678, 0.0011808484559878707, -0.0031169368885457516, -0.0026447067502886057, 0.0011738050961866975], [9.291937021771446e-05, -0.0006435417453758419, 9.908147148962598e-06, 5.8573539718054235e-05, 0.0038784134667366743, -0.00048719358164817095, -0.009177366271615028, 0.02103474549949169, -0.012421626597642899, 0.0024038951378315687, 0.002311373595148325, -0.0013921532081440091, -0.0009252338786609471], [-1.550583510834258e-05, 0.00014410598669201136, 0.001693065627478063, -0.0011645338963717222, -0.0036181481555104256, 0.001966633601114154, 0.002931012772023678, -0.012421626597642899, 0.025202542543411255, -0.015272743068635464, 0.0015630375128239393, 0.003150311531499028, -0.003733966499567032], [-0.00031103877699933946, 0.0007827631779946387, 0.00012461081496439874, 7.141028618207201e-05, -0.0009217759943567216, -0.0012374541256576777, 0.0011808484559878707, 0.0024038951378315687, -0.015272743068635464, 0.025260329246520996, -0.01284914929419756, 0.002273884369060397, 0.0015682470984756947], [0.00043123343493789434, -0.0008998155826702714, -0.0007763250614516437, 0.0017576765967532992, 0.0023513624910265207, -0.001073580700904131, -0.0031169368885457516, 0.002311373595148325, 0.0015630375128239393, -0.01284914929419756, 0.029488680884242058, -0.017285911366343498, 0.004154110327363014], [-0.00013590838352683932, 0.0002443854173179716, 0.00067822373239323