{"song_id": "1183701841691815946", "download": "https://cdn.discordapp.com/attachments/1128313332273782784/1183701841691815946/chirp.mp4?ex=65894b3f&amp", "lyrics": "\u0412 \u044d\u0442\u043e\u043c \u0433\u043e\u0440\u043e\u0434\u0435, \u0448\u0443\u043c \u0438 \u0441\u0443\u0435\u0442\u0430,\n\u041c\u0438\u0448\u0430 \u0441\u043c\u0435\u0435\u0442\u0441\u044f, \u043d\u0430\u0441 \u0432\u0441\u0435\u0445 \u043e\u0431\u0432\u043e\u0434\u0438\u0442 \u0432\u043e\u043a\u0440\u0443\u0433 \u043f\u0430\u043b\u044c\u0446\u0430,\n\u041d\u043e \u0441\u043a\u0440\u044b\u0442\u044c \u043e\u0442 \u043d\u0430\u0441 \u043e\u043d \u043d\u0435 \u043c\u043e\u0436\u0435\u0442 \u0441\u0432\u043e\u044e \u0438\u0433\u0440\u0443,\n\u041c\u0438\u0448\u0430 \u043d\u0435 \u0445\u043e\u0447\u0435\u0442 \u0434\u0435\u043b\u0430\u0442\u044c \u0438\u0432\u0435\u043d\u0442 \u043f\u0440\u043e \u0433\u0443\u043b\u044f.\n\n\u041e\u0442\u043a\u0440\u043e\u0439\u0442\u0435 \u0433\u043b\u0430\u0437\u0430, \u0443\u0432\u0438\u0434\u0438\u0442\u0435 \u043f\u0440\u0430\u0432\u0434\u0443,\n\u042d\u0442\u043e\u0442 \u043f\u0430\u0440\u0435\u043d\u044c, \u043e\u043d \u0432\u0435\u0441\u044c\u043c\u0430 \u043d\u0435\u0436\u0430\u0434\u043d\u044b\u0439 \u0438 \u0433\u0440\u0443\u0431\u044b\u0439.\n\u041f\u043e\u0434\u0430\u0440\u0438\u0442\u044c \u043d\u0430\u043c \u0440\u0430\u0434\u043e\u0441\u0442\u044c \u0438 \u043f\u0440\u0430\u0437\u0434\u043d\u0438\u043a \u043e\u043d \u043d\u0435 \u0441\u043f\u0435\u0448\u0438\u0442,\n\u041c\u0438\u0448\u0430 \u043d\u0435 \u0445\u043e\u0447\u0435\u0442 \u0434\u0435\u043b\u0430\u0442\u044c \u0438\u0432\u0435\u043d\u0442, \u0445\u043e\u0442\u044f \u0441\u0430\u043c \u043e\u043d \u0442\u0432\u043e\u0440\u0438\u0442.\n\n\u0417\u0430\u0433\u0430\u0434\u043e\u0447\u043d\u044b\u0439 \u0438 \u0442\u0430\u0438\u043d\u0441\u0442\u0432\u0435\u043d\u043d\u044b\u0439, \u043a\u0430\u043a \u0431\u0443\u0434\u0442\u043e \u0432 \u0442\u0435\u043d\u0438,\n\u041c\u0438\u0448\u0430 \u043e\u0442\u043a\u043b\u043e\u043d\u044f\u0435\u0442 \u0432\u0441\u0435 \u043d\u0430\u0448\u0438 \u043f\u0440\u0435\u0434\u043b\u043e\u0436\u0435\u043d\u0438\u044f.\n\u041d\u0435\u0443\u0436\u0435\u043b\u0438 \u043d\u0430\u0448 \u0443\u043b\u044b\u0431\u0447\u0438\u0432\u044b\u0439 \u0434\u0440\u0443\u0433 \u043d\u0435 \u043c\u043e\u0436\u0435\u0442 \u043f\u043e\u043d\u044f\u0442\u044c,\n\u0427\u0442\u043e \u0431\u0435\u0437 \u043d\u0435\u0433\u043e \u0438\u0432\u0435\u043d\u0442 \u0431\u0443\u0434\u0435\u0442 \u0441\u043a\u0443\u0447\u043d\u044b\u043c \u0438 \u0443\u043d\u044b\u043b\u044b\u043c \u0441\u0442\u0430\u0442\u044c.", "style": ["pops"], "essentia_features": {"lowlevel.average_loudness": 0.6939634680747986, "lowlevel.barkbands_crest.mean": 17.380218505859375, "lowlevel.barkbands_crest.stdev": 5.588656425476074, "lowlevel.barkbands_flatness_db.mean": 0.33244237303733826, "lowlevel.barkbands_flatness_db.stdev": 0.1118994876742363, "lowlevel.barkbands_kurtosis.mean": 107.47334289550781, "lowlevel.barkbands_kurtosis.stdev": 238.56715393066406, "lowlevel.barkbands_skewness.mean": 5.367690086364746, "lowlevel.barkbands_skewness.stdev": 5.2108845710754395, "lowlevel.barkbands_spread.mean": 6.482028007507324, "lowlevel.barkbands_spread.stdev": 13.79246997833252, "lowlevel.dissonance.mean": 0.35916170477867126, "lowlevel.dissonance.stdev": 0.09546440094709396, "lowlevel.dynamic_complexity": 4.187491416931152, "lowlevel.erbbands_crest.mean": 17.431798934936523, "lowlevel.erbbands_crest.stdev": 7.318011283874512, "lowlevel.erbbands_flatness_db.mean": 0.2810955047607422, "lowlevel.erbbands_flatness_db.stdev": 0.1012752577662468, "lowlevel.erbbands_kurtosis.mean": 28.860422134399414, "lowlevel.erbbands_kurtosis.stdev": 43.82606887817383, "lowlevel.erbbands_skewness.mean": 3.2683024406433105, "lowlevel.erbbands_skewness.stdev": 2.6283042430877686, "lowlevel.erbbands_spread.mean": 23.347848892211914, "lowlevel.erbbands_spread.stdev": 26.26666831970215, "lowlevel.hfc.mean": 8.219636917114258, "lowlevel.hfc.stdev": 13.24935531616211, "lowlevel.loudness_ebu128.integrated": -23.41446304321289, "lowlevel.loudness_ebu128.loudness_range": 7.536510467529297, "lowlevel.loudness_ebu128.momentary.mean": -24.90591812133789, "lowlevel.loudness_ebu128.momentary.stdev": 4.163506031036377, "lowlevel.loudness_ebu128.short_term.mean": -24.531997680664062, "lowlevel.loudness_ebu128.short_term.stdev": 2.8367717266082764, "lowlevel.melbands_crest.mean": 21.2043514251709, "lowlevel.melbands_crest.stdev": 6.051907062530518, "lowlevel.melbands_flatness_db.mean": 0.4047728180885315, "lowlevel.melbands_flatness_db.stdev": 0.13122038543224335, "lowlevel.melbands_kurtosis.mean": 57.16059875488281, "lowlevel.melbands_kurtosis.stdev": 49.963985443115234, "lowlevel.melbands_skewness.mean": 4.218874931335449, "lowlevel.melbands_skewness.stdev": 2.200268030166626, "lowlevel.melbands_spread.mean": 6.576417922973633, "lowlevel.melbands_spread.stdev": 19.725452423095703, "lowlevel.pitch_salience.mean": 0.3695255517959595, "lowlevel.pitch_salience.stdev": 0.17491742968559265, "lowlevel.silence_rate_20dB.mean": 1.0, "lowlevel.silence_rate_20dB.stdev": 0.0, "lowlevel.silence_rate_30dB.mean": 0.9733487963676453, "lowlevel.silence_rate_30dB.stdev": 0.16106151044368744, "lowlevel.silence_rate_60dB.mean": 0.12050984799861908, "lowlevel.silence_rate_60dB.stdev": 0.3255610167980194, "lowlevel.spectral_centroid.mean": 521.125732421875, "lowlevel.spectral_centroid.stdev": 558.264892578125, "lowlevel.spectral_complexity.mean": 5.563151836395264, "lowlevel.spectral_complexity.stdev": 4.51190185546875, "lowlevel.spectral_decrease.mean": -5.639582134620014e-09, "lowlevel.spectral_decrease.stdev": 7.494572962229995e-09, "lowlevel.spectral_energy.mean": 0.022030601277947426, "lowlevel.spectral_energy.stdev": 0.028915539383888245, "lowlevel.spectral_energyband_high.mean": 0.0003124717914033681, "lowlevel.spectral_energyband_high.stdev": 0.001185708912089467, "lowlevel.spectral_energyband_low.mean": 0.005330195650458336, "lowlevel.spectral_energyband_low.stdev": 0.015877755358815193, "lowlevel.spectral_energyband_middle_high.mean": 0.0005164387403056026, "lowlevel.spectral_energyband_middle_high.stdev": 0.0009874028619378805, "lowlevel.spectral_energyband_middle_low.mean": 0.016672594472765923, "lowlevel.spectral_energyband_middle_low.stdev": 0.020855776965618134, "lowlevel.spectral_entropy.mean": 5.709397792816162, "lowlevel.spectral_entropy.stdev": 1.3026467561721802, "lowlevel.spectral_flux.mean": 0.04667641595005989, "lowlevel.spectral_flux.stdev": 0.056253742426633835, "lowlevel.spectral_kurtosis.mean": 22.285734176635742, "lowlevel.spectral_kurtosis.stdev": 22.187856674194336, "lowlevel.spectral_rms.mean": 0.003950722049921751, "lowlevel.spectral_rms.stdev": 0.002425918122753501, "lowlevel.spectral_rolloff.mean": 716.8804321289062, "lowlevel.spectral_rolloff.stdev": 1950.253173828125, "lowlevel.spectral_skewness.mean": 3.439042806625366, "lowlevel.spectral_skewness.stdev": 2.036832332611084, "lowlevel.spectral_spread.mean": 3772626.25, "lowlevel.spectral_spread.stdev": 2197349.5, "lowlevel.spectral_strongpeak.mean": 0.9029678106307983, "lowlevel.spectral_strongpeak.stdev": 0.6093928217887878, "lowlevel.zerocrossingrate.mean": 0.031354956328868866, "lowlevel.zerocrossingrate.stdev": 0.05895131453871727, "metadata.audio_properties.analysis.equal_loudness": 0.0, "metadata.audio_properties.analysis.length": 40.04265213012695, "metadata.audio_properties.analysis.sample_rate": 44100.0, "metadata.audio_properties.analysis.start_time": 0.0, "metadata.audio_properties.bit_rate": 111128.0, "metadata.audio_properties.length": 40.042667388916016, "metadata.audio_properties.lossless": 0.0, "metadata.audio_properties.number_channels": 1.0, "metadata.audio_properties.replay_gain": -5.161317825317383, "metadata.audio_properties.sample_rate": 48000.0, "rhythm.beats_count": 84.0, "rhythm.beats_loudness.mean": 0.03623269125819206, "rhythm.beats_loudness.stdev": 0.03424959257245064, "rhythm.bpm": 143.18316650390625, "rhythm.bpm_histogram_first_peak_bpm": 144.0, "rhythm.bpm_histogram_first_peak_weight": 0.5405405759811401, "rhythm.bpm_histogram_second_peak_bpm": 108.0, "rhythm.bpm_histogram_second_peak_spread": 0.5652173757553101, "rhythm.bpm_histogram_second_peak_weight": 0.1204819306731224, "rhythm.danceability": 1.1616902351379395, "rhythm.onset_rate": 3.4952447414398193, "tonal.chords_changes_rate": 0.04050925746560097, "tonal.chords_number_rate": 0.009259259328246117, "tonal.chords_strength.mean": 0.5251198410987854, "tonal.chords_strength.stdev": 0.08733270317316055, "tonal.hpcp_crest.mean": 20.989938735961914, "tonal.hpcp_crest.stdev": 10.444172859191895, "tonal.hpcp_entropy.mean": 1.2642755508422852, "tonal.hpcp_entropy.stdev": 0.9129195809364319, "tonal.key_edma.strength": 0.6735657453536987, "tonal.key_krumhansl.strength": 0.6866809725761414, "tonal.key_temperley.strength": 0.6974192261695862, "tonal.tuning_diatonic_strength": 0.5002045035362244, "tonal.tuning_equal_tempered_deviation": 0.10531819611787796, "tonal.tuning_frequency": 441.2725830078125, "tonal.tuning_nontempered_energy_ratio": 0.6997309327125549, "lowlevel.barkbands.mean": [4.107000131625682e-05, 0.002548053627833724, 0.0019529766868799925, 0.0017333775758743286, 0.010773462243378162, 0.0029169556219130754, 0.0007499970961362123, 0.00030299442005343735, 0.00017588540504220873, 8.720173354959115e-05, 7.108431600499898e-05, 6.43094681436196e-05, 4.059495040564798e-05, 4.9449670768808573e-05, 4.2432238842593506e-05, 2.06984332180582e-05, 2.098263576044701e-05, 5.935010267421603e-05, 4.152470137341879e-05, 5.7319350162288174e-05, 6.0944334109080955e-05, 3.2237687264569104e-05, 2.100019992212765e-05, 6.022695015417412e-05, 7.668598846066743e-05, 2.9821734642609954e-05, 4.648926577033308e-09], "lowlevel.barkbands.stdev": [0.00020244500774424523, 0.00951387733221054, 0.006360062398016453, 0.004645243287086487, 0.01724029704928398, 0.005525612272322178, 0.0017923172563314438, 0.0011919800890609622, 0.0009474369580857456, 0.000268315605353564, 0.00034293669159524143, 0.00021556172578129917, 0.0001268866180907935, 0.0002043884596787393, 0.00011433179315645248, 9.420867718290538e-05, 5.779882849310525e-05, 0.00013863890490029007, 0.00011899013043148443, 0.00015910873480606824, 0.0002973204536829144, 0.00019202606927137822, 7.259108679136261e-05, 0.00027486830367706716, 0.0005036488291807473, 0.00019149771833326668, 9.411428436578717e-08], "lowlevel.erbbands.mean": [0.04498559236526489, 0.677862286567688, 2.2616286277770996, 4.369701862335205, 18.658124923706055, 37.567901611328125, 47.3109016418457, 12.58845329284668, 10.77014446258545, 8.554725646972656, 7.068979263305664, 4.21702766418457, 2.0550179481506348, 4.138313293457031, 2.115684986114502, 2.8895199298858643, 2.0556910037994385, 2.648913860321045, 2.445671558380127, 1.4826900959014893, 1.1178356409072876, 1.2850382328033447, 3.182277202606201, 2.4889676570892334, 2.1652815341949463, 2.6830766201019287, 2.460075855255127, 2.3009841442108154, 1.2197881937026978, 0.6512956023216248, 0.6105131506919861, 0.6885533928871155, 1.3424681425094604, 0.8589078783988953, 0.5671894550323486, 0.2245330661535263, 0.03642529994249344, 0.0019264667062088847, 5.902332850382663e-05, 2.8629767257370986e-05], "lowlevel.erbbands.stdev": [0.14783339202404022, 2.5811684131622314, 7.2583699226379395, 11.478157043457031, 41.879234313964844, 66.91531372070312, 76.89094543457031, 26.654409408569336, 26.167631149291992, 26.484561920166016, 27.644481658935547, 20.492347717285156, 6.798342227935791, 14.751426696777344, 6.760462284088135, 10.299453735351562, 5.597011566162109, 9.685699462890625, 7.149693489074707, 3.648268461227417, 5.253748893737793, 3.3363564014434814, 7.372400760650635, 6.3678412437438965, 5.799594402313232, 7.518691539764404, 7.725902557373047, 14.648931503295898, 8.028236389160156, 2.4661731719970703, 2.1813321113586426, 2.5436947345733643, 6.602738857269287, 5.383994102478027, 3.936246395111084, 1.40592622756958, 0.2531013786792755, 0.018189338967204094, 0.0003814077645074576, 4.202559284749441e-05], "lowlevel.gfcc.mean": [-165.86376953125, 126.07831573486328, -73.23029327392578, 24.029010772705078, -75.9815902709961, -12.214818954467773, -54.49750518798828, -19.111635208129883, -41.99103927612305, -6.875661849975586, -8.292393684387207, -8.019756317138672, -2.033642292022705], "lowlevel.melbands.mean": [0.0005674745771102607, 0.0010942848166450858, 0.0011145473690703511, 0.002113013993948698, 0.0016898136818781495, 0.00032871883013285697, 0.00016646701260469854, 8.587468619225547e-05, 5.5954442359507084e-05, 2.328290429431945e-05, 9.299567864218261e-06, 1.654241350479424e-05, 7.725088835286442e-06, 7.698306035308633e-06, 4.935620381729677e-06, 4.389675723359687e-06, 5.135627361596562e-06, 3.825067778961966e-06, 2.8470574306993512e-06, 1.6605595192231704e-06, 1.1817979839179316e-06, 9.764748938323464e-07, 2.8268837013456505e-06, 2.6496334157855017e-06, 1.984213440664462e-06, 1.3118012702761916e-06, 1.792728653526865e-06, 1.8091483298121602e-06, 1.4266313428379362e-06, 1.816320036596153e-06, 1.132641727963346e-06, 7.714951379966806e-07, 4.0805366552376654e-07, 3.394848135940265e-07, 3.374907748820988e-07, 3.554796421667561e-07, 4.290597530598461e-07, 9.657143209551577e-07, 7.749351311758801e-07, 7.399943342534243e-07], "lowlevel.melbands.stdev": [0.0019993435125797987, 0.0035297530703246593, 0.0023444138932973146, 0.004022270906716585, 0.002528504002839327, 0.0006656114128418267, 0.00038818144821561873, 0.0002707431267481297, 0.00022836968128103763, 0.00011765691306209192, 3.2957977964542806e-05, 5.8454439567867666e-05, 3.2644864404574037e-05, 2.5008999728015624e-05, 1.4273913620854728e-05, 1.4970236406952608e-05, 2.1235480744508095e-05, 1.2310153579164762e-05, 7.512472620874178e-06, 6.120492344052764e-06, 5.342721124179661e-06, 2.835815166690736e-06, 7.478894985979423e-06, 6.710119578201557e-06, 5.638367838400882e-06, 3.610454314184608e-06, 5.5045870794856455e-06, 5.566782419919036e-06, 3.873238256346667e-06, 8.779496056376956e-06, 8.134557901939843e-06, 5.224812412052415e-06, 2.1722225937992334e-06, 1.1831439223897178e-06, 1.2313295201238361e-06, 1.259467012459936e-06, 1.6892429357540095e-06, 4.643090505851433e-06, 4.355965302238474e-06, 4.938249276165152e-06], "lowlevel.melbands128.mean": [3.703469337779097e-05, 0.00023591335047967732, 0.0007663362193852663, 0.0012416108511388302, 0.0012442352017387748, 0.0008883809205144644, 0.0007843239582143724, 0.0009097878937609494, 0.0019630896858870983, 0.002409004606306553, 0.0020042285323143005, 0.0020993431098759174, 0.0019765221513807774, 0.0007330112275667489, 0.00017368908447679132, 0.00018072084640152752, 0.00015359382086899132, 0.0001800588215701282, 0.00017200078582391143, 7.602030382258818e-05, 5.7811190345091745e-05, 5.7075700169662014e-05, 6.520276656374335e-05, 4.273009471944533e-05, 2.6782756322063506e-05, 1.6322133888024837e-05, 9.300821147917304e-06, 9.534053788229357e-06, 6.364569799188757e-06, 1.6008358215913177e-05, 2.2452741177403368e-05, 1.3742316696152557e-05, 4.392647042550379e-06, 6.118913461250486e-06, 5.066580342827365e-06, 9.641149517847225e-06, 1.0142893188458402e-05, 2.3403886189043988e-06, 4.02314071834553e-06, 4.766849087900482e-06, 5.027195129514439e-06, 2.9293048555700807e-06, 4.5406191020447295e-06, 8.298721695609856e-06, 2.2792589788878104e-06, 2.6255197553837206e-06, 6.1349082898232155e-06, 2.5967076453525806e-06, 1.7027341527864337e-06, 1.721154490041954e-06, 1.5136162119233632e-06, 2.0059108010173077e-06, 1.0707918818297912e-06, 8.225403576034296e-07, 1.367961772302806e-06, 6.379458454830456e-07, 8.396602311222523e-07, 2.632890527820564e-06, 3.5439613839116646e-06, 3.2199977795244195e-06, 2.6958593934978126e-06, 2.092995146085741e-06, 2.3893815068731783e-06, 2.0476625195442466e-06, 1.1562810868781526e-06, 8.397273631999269e-07, 2.0297607079555746e-06, 1.340835410701402e-06, 2.1282619400153635e-06, 1.704381020317669e-06, 1.6673958498358843e-06, 2.1440805539896246e-06, 1.4286291616372182e-06, 1.3237294069767813e-06, 1.1528444474606658e-06, 2.065443368337583e-06, 2.166853391827317e-06, 1.318146928497299e-06, 8.428027626905532e-07, 1.110156290451414e-06, 8.285767307825154e-07, 7.09104085672152e-07, 4.6593115143878094e-07, 3.7538094943556644e-07, 3.437700399899768e-07, 3.4870893728111696e-07, 3.387105493857234e-07, 3.0847581911075395e-07, 3.352353985519585e-07, 3.601004436859512e-07, 3.63250165946738e-07, 3.5126805641993997e-07, 3.458180799498223e-07, 3.4546778238109255e-07, 5.044562385592144e-07, 7.53442463974352e-07, 1.117449528464931e-06, 1.2804131301891175e-06, 6.961655572013115e-07, 5.872882979929273e-07, 6.345919700834202e-07, 8.99748783922405e-07, 6.426682261917449e-07, 7.114542199815332e-07, 5.937357059337955e-07, 7.164256885516807e-07, 5.281642643240048e-07, 4.6451052071461163e-07, 4.199134480131761e-07, 2.9741656248916115e-07, 1.718775450854082e-07, 1.5666665831304272e-07, 8.033830312115242e-08, 6.345909042693165e-08, 3.3872140647872584e-08, 8.125204509212836e-09, 5.599402608247317e-10, 5.891352943682149e-12, 3.6431769059874775e-12, 3.539219915402181e-12, 3.4284638929932276e-12, 3.3665921612968663e-12, 3.325900102199575e-12, 3.2500861810863535e-12, 3.0723624599299226e-12, 2.7833377963526473e-12, 2.626885254458644e-12, 2.5929516780237583e-12], "lowlevel.melbands128.stdev": [0.00019221501133870333, 0.0008497082744725049, 0.002824693452566862, 0.005102086812257767, 0.00433745700865984, 0.002947695553302765, 0.0025973410811275244, 0.0024467238690704107, 0.005014525726437569, 0.006051105912774801, 0.004297561012208462, 0.003942360635846853, 0.0036021608393639326, 0.0017508154269307852, 0.0006844386225566268, 0.0007017041789367795, 0.0007302528829313815, 0.00041331714601255953, 0.0005429420270957053, 0.00036013341741636395, 0.0003056990390177816, 0.0003016639966517687, 0.0003028427017852664, 0.00033344613621011376, 0.0001831252156989649, 9.87656821962446e-05, 6.52362869004719e-05, 4.01120851165615e-05, 3.134118014713749e-05, 6.078452497604303e-05, 9.479514847043902e-05, 9.139331814367324e-05, 2.7891999707208015e-05, 2.478748865542002e-05, 1.8498143617762253e-05, 4.41125339420978e-05, 4.279489803593606e-05, 1.1784801245084964e-05, 1.4084153917792719e-05, 1.611600055184681e-05, 2.7907732146559283e-05, 1.1766189345507883e-05, 2.000103995669633e-05, 4.560155139188282e-05, 1.4298964742920361e-05, 1.265548689843854e-05, 2.0546463929349557e-05, 9.001681974041276e-06, 6.519552698591724e-06, 5.4884740166016854e-06, 5.425860308605479e-06, 1.7297728845733218e-05, 6.0574329836526886e-06, 3.2563107197347563e-06, 5.5909777074703015e-06, 2.4404491796303773e-06, 2.918034169852035e-06, 8.13020142231835e-06, 1.1485335562610999e-05, 9.747915100888349e-06, 8.821068149700295e-06, 8.201263881346676e-06, 7.72030671214452e-06, 7.3237865763076115e-06, 5.9554977269726805e-06, 2.937309091066709e-06, 7.110613296390511e-06, 7.221517080324702e-06, 8.646410606161226e-06, 5.5345549299090635e-06, 6.371849394781748e-06, 7.908382940513548e-06, 4.430938133737072e-06, 3.847332209261367e-06, 4.37428752775304e-06, 9.988152669393457e-06, 1.2975539902981836e-05, 1.4613740859203972e-05, 5.8191126299789175e-06, 8.467911357001867e-06, 6.5767785599746276e-06, 5.435189450508915e-06, 3.3283365610259352e-06, 1.9868350591423223e-06, 1.4511787185256253e-06, 1.3108033272146713e-06, 1.2823034012399148e-06, 1.3057767773716478e-06, 1.2758478078467306e-06, 1.499457653153513e-06, 1.5344490975621738e-06, 1.2157594255768345e-06, 1.4228658073989209e-06, 1.8324495840715826e-06, 2.1968180590192787e-06, 3.524085286699119e-06, 5.880998287466355e-06, 7.093595286278287e-06, 5.295550636219559e-06, 3.876547907566419e-06, 4.497284862736706e-06, 6.323942670860561e-06, 4.326850103097968e-06, 5.954118023510091e-06, 4.888738658337388e-06, 4.996833467885153e-06, 3.653392695923685e-06, 3.2183193070522975e-06, 2.7159792352904333e-06, 1.853966637099802e-06, 1.1683758884828421e-06, 1.2900241017632652e-06, 6.962369525354006e-07, 6.950160695851082e-07, 4.226562566600478e-07, 1.8792316325288994e-07, 1.269014315852246e-08, 4.5736366083293234e-11, 6.6660375136473604e-12, 6.475407883510531e-12, 6.307578591380203e-12, 6.164498599081636e-12, 6.038227643584415e-12, 5.93828632100557e-12, 5.84643184559086e-12, 5.770494759110845e-12, 5.719304804058245e-12, 5.687383290015058e-12], "lowlevel.mfcc.mean": [-826.235107421875, 156.4546661376953, 43.12321090698242, 30.993215560913086, -2.3334505558013916, -2.576855182647705, -4.467061519622803, -19.938915252685547, -22.988527297973633, -15.800647735595703, -13.941885948181152, -11.838659286499023, -11.993414878845215], "lowlevel.spectral_contrast_coeffs.mean": [-0.524133026599884, -0.6926572918891907, -0.7608202695846558, -0.8072932958602905, -0.8204846978187561, -0.7965738773345947], "lowlevel.spectral_contrast_coeffs.stdev": [0.11224015802145004, 0.0942014530301094, 0.06567659974098206, 0.06567339599132538, 0.06368359178304672, 0.06262757629156113], "lowlevel.spectral_contrast_valleys.mean": [-8.00458812713623, -8.50232982635498, -9.591450691223145, -10.039153099060059, -9.754318237304688, -12.107565879821777], "lowlevel.spectral_contrast_valleys.stdev": [1.4556082487106323, 1.1373050212860107, 1.245642066001892, 1.3664149045944214, 1.4926724433898926, 1.4605852365493774], "rhythm.beats_loudness_band_ratio.mean": [0.2562522888183594, 0.7205297350883484, 0.08890911191701889, 0.015902340412139893, 0.007422047201544046, 0.010248007252812386], "rhythm.beats_loudness_band_ratio.stdev": [0.29020899534225464, 0.29283809661865234, 0.14520081877708435, 0.04234066233038902, 0.016664842143654823, 0.024664051830768585], "tonal.hpcp.mean": [0.15798568725585938, 0.12393617630004883, 0.06065117567777634, 0.11796963959932327, 0.0883600190281868, 0.01829494535923004, 0.017156220972537994, 0.020871592685580254, 0.14416472613811493, 0.2544228732585907, 0.13580958545207977, 0.023003099486231804, 0.018439173698425293, 0.01809142716228962, 0.13637225329875946, 0.3264652490615845, 0.22936178743839264, 0.044930316507816315, 0.03145371004939079, 0.021951613947749138, 0.01034601777791977, 0.01107693836092949, 0.011384173296391964, 0.027439843863248825, 0.07754091173410416, 0.0673985406756401, 0.0221816785633564, 0.022842906415462494, 0.022280219942331314, 0.10934463143348694, 0.26036226749420166, 0.17887172102928162, 0.02708270587027073, 0.01746632158756256, 0.024523459374904633, 0.07107748836278915], "tonal.hpcp.stdev": [0.3159191906452179, 0.2399032711982727, 0.16743560135364532, 0.2661381661891937, 0.21314524114131927, 0.09162554889917374, 0.10205747932195663, 0.10920766741037369, 0.24714826047420502, 0.4018300473690033, 0.23190253973007202, 0.11405929923057556, 0.10671918094158173, 0.08580640703439713, 0.218438059091568, 0.41297367215156555, 0.30638670921325684, 0.13985438644886017, 0.14872756600379944, 0.10158391296863556, 0.07023458927869797, 0.05363762006163597, 0.0484963022172451, 0.1079106554389, 0.2248929888010025, 0.20865944027900696, 0.10359889268875122, 0.10489252954721451, 0.09525088965892792, 0.18942943215370178, 0.3883461058139801, 0.2829827666282654, 0.11502327769994736, 0.10179753601551056, 0.1255626380443573, 0.1803094893693924], "rhythm.beats_position": [0.41795918345451355, 0.847528338432312, 1.265487551689148, 1.695056676864624, 2.14784574508667, 2.600634813308716, 3.0185940265655518, 3.4365532398223877, 3.8545124530792236, 4.3073015213012695, 4.771700382232666, 5.212879657745361, 5.630838871002197, 6.0371880531311035, 6.4551472663879395, 6.896326541900635, 7.337505340576172, 7.755464553833008, 8.173423767089844, 8.60299301147461, 9.055782318115234, 9.4853515625, 9.914920806884766, 10.332880020141602, 10.750839233398438, 11.192017555236816, 11.633196830749512, 12.085986137390137, 12.515555381774902, 12.933514595031738, 13.363083839416504, 13.78104305267334, 14.210612297058105, 14.640181541442871, 15.08135986328125, 15.510929107666016, 15.905668258666992, 16.3120174407959, 16.718366622924805, 17.11310577392578, 17.531064987182617, 17.960634231567383, 18.401813507080078, 18.842992782592773, 19.26095199584961, 19.678911209106445, 20.08526039123535, 20.491609573364258, 20.897958755493164, 21.29269790649414, 21.710657119750977, 22.128616333007812, 22.53496551513672, 22.941314697265625, 23.37088394165039, 23.962993621826172, 24.56671142578125, 25.15882110595703, 25.73931884765625, 26.3198184967041, 26.90031623840332, 27.469205856323242, 28.026485443115234, 28.583763122558594, 29.117822647094727, 29.67510223388672, 30.232379913330078, 30.77804946899414, 31.323719024658203, 31.880996704101562, 32.426666259765625, 32.97233581542969, 33.51800537109375, 34.06367111206055, 34.62095260620117, 35.15501022338867, 35.71228790283203, 36.257957458496094, 36.803627014160156, 37.34929656982422, 37.89496612548828, 38.45224380493164, 39.009521484375, 39.566802978515625], "rhythm.bpm_histogram": [0.0, 0.0, 0.0, 0.0, 0.0, 0.0, 0.0, 0.0, 0.0, 0.0, 0.0, 0.0, 0.0, 0.0, 0.0, 0.0, 0.0, 0.0, 0.0, 0.0, 0.0, 0.0, 0.0, 0.0, 0.0, 0.0, 0.0, 0.0, 0.0, 0.0, 0.0, 0.0, 0.0, 0.0, 0.0, 0.0, 0.0, 0.0, 0.0, 0.0, 0.0, 0.0, 0.0, 0.0, 0.0, 0.0, 0.0, 0.0, 0.0, 0.0, 0.0, 0.0, 0.0, 0.0, 0.0, 0.0, 0.0, 0.0, 0.0, 0.0, 0.0, 0.0, 0.0, 0.0, 0.0, 0.0, 0.0, 0.0, 0.0, 0.0, 0.0, 0.0, 0.0, 0.0, 0.0, 0.0, 0.0, 0.0, 0.0, 0.0, 0.0, 0.0, 0.0, 0.0, 0.0, 0.0, 0.0, 0.0, 0.0, 0.0, 0.0, 0.0, 0.0, 0.0, 0.0, 0.0, 0.0, 0.0, 0.0, 0.012048192322254181, 0.0, 0.024096384644508362, 0.0, 0.03614457696676254, 0.0, 0.012048192322254181, 0.0, 0.0, 0.1204819306731224, 0.0, 0.1204819306731224, 0.0, 0.024096384644508362, 0.0, 0.0, 0.0, 0.0, 0.0, 0.0, 0.0, 0.0, 0.0, 0.0, 0.0, 0.0, 0.0, 0.0, 0.0, 0.0, 0.012048192322254181, 0.0, 0.0, 0.0, 0.0602409653365612, 0.0, 0.0, 0.09638553857803345, 0.0, 0.0, 0.0, 0.14457830786705017, 0.0, 0.0, 0.0, 0.20481927692890167, 0.0, 0.0, 0.0, 0.09638553857803345, 0.0, 0.0, 0.0, 0.03614457696676254, 0.0, 0.0, 0.0, 0.0, 0.0, 0.0, 0.0, 0.0, 0.0, 0.0, 0.0, 0.0, 0.0, 0.0, 0.0, 0.0, 0.0, 0.0, 0.0, 0.0, 0.0, 0.0, 0.0, 0.0, 0.0, 0.0, 0.0, 0.0, 0.0, 0.0, 0.0, 0.0, 0.0, 0.0, 0.0, 0.0, 0.0, 0.0, 0.0, 0.0, 0.0, 0.0, 0.0, 0.0, 0.0, 0.0, 0.0, 0.0, 0.0, 0.0, 0.0, 0.0, 0.0, 0.0, 0.0, 0.0, 0.0, 0.0, 0.0, 0.0, 0.0, 0.0, 0.0, 0.0, 0.0, 0.0, 0.0, 0.0, 0.0, 0.0, 0.0, 0.0, 0.0, 0.0, 0.0, 0.0, 0.0, 0.0, 0.0, 0.0, 0.0, 0.0, 0.0, 0.0, 0.0, 0.0, 0.0, 0.0, 0.0, 0.0, 0.0, 0.0, 0.0, 0.0, 0.0, 0.0, 0.0], "tonal.chords_histogram": [39.699073791503906, 2.777777671813965, 5.55555534362793, 24.189815521240234, 6.712963104248047, 0.6944444179534912, 0.0, 3.472222328186035, 0.0, 9.375, 0.0, 0.0, 0.0, 0.0, 0.0, 0.0, 0.0, 0.0, 0.0, 0.0, 0.0, 0.0, 7.523148059844971, 0.0], "tonal.thpcp": [1.0, 0.70256108045578, 0.13762664794921875, 0.09634627401828766, 0.06724027544260025, 0.03169102221727371, 0.033929914236068726, 0.03487101197242737, 0.08405134826898575, 0.2375165820121765, 0.20644935965538025, 0.06794498860836029, 0.06997040659189224, 0.06824683398008347, 0.3349349796772003, 0.7975190877914429, 0.5479043126106262, 0.08295739442110062, 0.05350131914019585, 0.07511813193559647, 0.21771839261054993, 0.48392802476882935, 0.37963053584098816, 0.18578141927719116, 0.36135435104370117, 0.2706567347049713, 0.056039486080408096, 0.05255144461989403, 0.06393205374479294, 0.44159287214279175, 0.7793260216712952, 0.4160001277923584, 0.07046109437942505, 0.05648127570748329, 0.05541608855128288, 0.4177236557006836], "lowlevel.gfcc.cov": [[15987.23046875, -1373.6898193359375, -2281.23974609375, 2667.76513671875, 469.0392150878906, 1246.429443359375, 2.1785175800323486, 1320.814208984375, 103.72348022460938, 179.02523803710938, 43.836334228515625, -397.6688537597656, 58.752159118652344], [-1373.6898193359375, 1736.982421875, 352.30096435546875, -558.3668823242188, -10.80105972290039, -402.7004089355469, 164.15650939941406, -385.49359130859375, 74.79714965820312, -183.59939575195312, 175.2000732421875, -56.19969940185547, 115.8088150024414], [-2281.23974609375, 352.30096435546875, 1439.466796875, -346.5377197265625, 27.692420959472656, 5.431986331939697, 8.472860336303711, -83.88916015625, -56.7104606628418, -128.94761657714844, -191.0395050048828, 42.69477844238281, -54.77145767211914], [2667.76513671875, -558.3668823242188, -346.5377197265625, 1080.992431640625, 367.8716735839844, 437.6534118652344, 126.88433837890625, 360.7531433105469, 57.13112258911133, 68.3067626953125, -38.94734573364258, -116.11356353759766, -59.0994758605957], [469.0392150878906, -10.80105972290039, 27.692420959472656, 367.8716735839844, 394.2184143066406, 202.18138122558594, 89.93817901611328, 84.36663818359375, 31.06788444519043, 10.799715995788574, -30.13079261779785, -69.8411865234375, -39.10260772705078], [1246.429443359375, -402.7004089355469, 5.431986331939697, 437.6534118652344, 202.18138122558594, 454.08056640625, 82.25261688232422, 284.2906188964844, 18.130081176757812, 39.561927795410156, -61.94976043701172, -40.15156173706055, -50.11410903930664], [2.1785175800323486, 164.15650939941406, 8.472860336303711, 126.88433837890625, 89.93817901611328, 82.25261688232422, 211.74456787109375, 49.601287841796875, 30.651451110839844, 5.926848888397217, 30.510629653930664, -28.685956954956055, -28.12886619567871], [1320.814208984375, -385.49359130859375, -83.88916015625, 360.7531433105469, 84.36663818359375, 284.2906188964844, 49.601287841796875, 379.7789001464844, 64.64557647705078, 42.74299240112305, -43.52895736694336, -20.745967864990234, -15.037623405456543], [103.72348022460938, 74.79714965820312, -56.7104606628418, 57.13112258911133, 31.06788444519043, 18.130081176757812, 30.651451110839844, 64.64557647705078, 121.87808227539062, 30.372512817382812, 27.812314987182617, 2.5310842990875244, 31.069414138793945], [179.02523803710938, -183.59939575195312, -128.94761657714844, 68.3067626953125, 10.799715995788574, 39.561927795410156, 5.926848888397217, 42.74299240112305, 30.372512817382812, 141.34439086914062, 30.575061798095703, 17.3335018157959, -27.766265869140625], [43.836334228515625, 175.2000732421875, -191.0395050048828, -38.94734573364258, -30.13079261779785, -61.94976043701172, 30.510629653930664, -43.52895736694336, 27.812314987182617, 30.575061798095703, 143.0341033935547, 18.100486755371094, 37.57498550415039], [-397.6688537597656, -56.19969940185547, 42.69477844238281, -116.11356353759766, -69.8411865234375, -40.15156173706055, -28.685956954956055, -20.745967864990234, 2.5310842990875244, 17.3335018157959, 18.100486755371094, 135.47348022460938, 25.110393524169922], [58.752159118652344, 115.8088150024414, -54.77145767211914, -59.0994758605957, -39.10260772705078, -50.11410903930664, -28.12886619567871, -15.037623405456543, 31.069414138793945, -27.766265869140625, 37.57498550415039, 25.110393524169922, 137.4953155517578]], "lowlevel.gfcc.icov": [[0.0002136971743311733, -0.00033364174305461347, 0.0002939604746643454, -0.0004752606910187751, 0.00029506481951102614, -0.00032193437800742686, 0.0005445257993414998, -0.0004988872678950429, 0.0005070836050435901, -0.00019942192011512816, 0.00022154831094667315, 9.058752038981766e-05, -0.00010600886162137613], [-0.00033364174305461347, 0.002576557220891118, -0.000991114298813045, 0.0014145635068416595, -0.0011602138401940465, 0.0013450239785015583, -0.0024164055939763784, 0.0016874084249138832, -0.0025026246439665556, 0.0023567613679915667, -0.002699692500755191, 0.001347257406450808, -0.0004307436174713075], [0.0002939604746643454, -0.000991114298813045, 0.0016727391630411148, -0.0002455958165228367, 0.00021893501980230212, -0.0009681098745204508, 0.0007558077340945601, -0.0007581444806419313, 0.0009825739543884993, -0.00013609215966425836, 0.002386982785537839, -0.0007903299410827458, 0.0002935730153694749], [-0.0004752606910187751, 0.0014145635068416595, -0.0002455958165228367, 0.003714506048709154, -0.002338467398658395, 0.00017430367006454617, -0.00198158691637218, 0.0002466665755491704, -0.0014774786541238427, 0.0009869512869045138, -0.0008996125543490052, 0.0009121341281570494, 0.0001429067924618721], [0.00029506481951102614, -0.0011602138401940465, 0.00021893501980230212, -0.002338467398658395, 0.005438519641757011, -0.0022840225137770176, 0.0006460848962888122, 0.0007975175394676626, -0.00013261391723062843, -0.0008752128342166543, 0.0013198817614465952, 0.0005887224106118083, 0.0002518098917789757], [-0.00032193437800742686, 0.0013450239785015583, -0.0009681098745204508, 0.00017430367006454617, -0.0022840225137770176, 0.006979725323617458, -0.002208423800766468, -0.002503026509657502, 0.0004299699212424457, 0.0002973023511003703, -0.000707784784026444, 0.00015798503591213375, -9.741278518049512e-06], [0.0005445257993414998, -0.0024164055939763784, 0.0007558077340945601, -0.00198158691637218, 0.0006460848962888122, -0.002208423800766468, 0.008976434357464314, -0.0020437317434698343, 0.0012008396442979574, -0.0010904992232099175, -0.0005773599841631949, -0.00024228557595051825, 0.0019540966022759676], [-0.0004988872678950429, 0.0016874084249138832, -0.0007581444806419313, 0.0002466665755491704, 0.0007975175394676626, -0.002503026509657502, -0.0020437317434698343, 0.008365083485841751, -0.005083394702523947, 0.0012440518476068974, -3.786433080676943e-05, 0.0001844043144956231, -0.00021621563064400107], [0.0005070836050435901, -0.0025026246439665556, 0.0009825739543884993, -0.0014774786541238427, -0.00013261391723062843, 0.0004299699212424457, 0.0012008396442979574, -0.005083394702523947, 0.014498910866677761, -0.004772576503455639, 0.0012666889233514667, -0.0008695846190676093, -0.0029711476527154446], [-0.00019942192011512816, 0.0023567613679915667, -0.00013609215966425836, 0.0009869512869045138, -0.0008752128342166543, 0.0002973023511003703, -0.0010904992232099175, 0.0012440518476068974, -0.004772576503455639, 0.012145698070526123, -0.00460442341864109, -0.000552763813175261, 0.0031330459751188755], [0.00022154831094667315, -0.002699692500755191, 0.002386982785537839, -0.0008996125543490052, 0.0013198817614465952, -0.000707784784026444, -0.0005773599841631949, -3.786433080676943e-05, 0.0012666889233514667, -0.00460442341864109, 0.014873833395540714, -0.0026920291129499674, -0.0020506479777395725], [9.058752038981766e-05, 0.001347257406450808, -0.0007903299410827458, 0.0009121341281570494, 0.0005887224106118083, 0.00015798503591213375, -0.00024228557595051825, 0.0001844043144956231, -0.0008695846190676093, -0.000552763813175261, -0.0026920291129499674, 0.010377216152846813, -0.001975234365090728], [-0.00010600886162137613, -0.0004307436174713075, 0.0002935730153694749, 0.0001429067924618721, 0.0002518098917789757, -9.741278518049512e-06, 0.0019540966022759676, -0.00021621563064400107, -0.0029711476527154446, 0.0031330459751188755, -0.0020506479777395725, -0.001975234365090728, 0.010528849437832832]], "lowlevel.mfcc.cov": [[18078.2265625, -3259.396728515625, -1659.905517578125, 1167.27392578125, 1044.5791015625, 155.2428436279297, 773.3931274414062, 574.2119140625, 754.8775634765625, 756.84326171875, 314.9354248046875, 613.1671142578125, -147.80845642089844], [-3259.396728515625, 2189.716552734375, 428.8544921875, -267.2664489746094, -362.1756286621094, -103.1134033203125, -200.82083129882812, -155.1490020751953, -259.60302734375, -221.25917053222656, -88.47217559814453, -164.97230529785156, 23.325599670410156], [-1659.905517578125, 428.8544921875, 861.8515014648438, -107.90726470947266, 17.580171585083008, 10.322096824645996, 3.2886106967926025, 84.87364959716797, 55.12858200073242, -55.24484634399414, -51.197444915771484, -23.430227279663086, 24.882795333862305], [1167.27392578125, -267.2664489746094, -107.90726470947266, 487.1561279296875, 189.8056640625, 139.47021484375, 128.573974609375, 83.64216613769531, 113.49293518066406, 95.92866516113281, 65.42438507080078, 84.47518920898438, 5.515322208404541], [1044.5791015625, -362.1756286621094, 17.580171585083008, 189.8056640625, 400.1181945800781, 144.46316528320312, 140.3693084716797, 136.64105224609375, 165.8951416015625, 121.67790985107422, 54.95267105102539, 50.18036651611328, -24.300453186035156], [155.2428436279297, -103.1134033203125, 10.322096824645996, 139.47021484375, 144.46316528320312, 240.74722290039062, 131.5968475341797, 65.40557098388672, 58.9236946105957, 47.15678787231445, 65.38396453857422, 30.007110595703125, -16.709247589111328], [773.3931274414062, -200.82083129882812, 3.2886106967926025, 128.573974609375, 140.3693084716797, 131.5968475341797, 255.65733337402344, 122.43362426757812, 102.48796844482422, 100.28240203857422, 73.34226989746094, 74.2070541381836, -9.761849403381348], [574.2119140625, -155.1490020751953, 84.87364959716797, 83.64216613769531, 136.64105224609375, 65.40557098388672, 122.43362426757812, 219.2781524658203, 143.46885681152344, 62.223541259765625, 26.95521354675293, 74.5223617553711, 20.366029739379883], [754.8775634765625, -259.60302734375, 55.12858200073242, 113.49293518066406, 165.8951416015625, 58.9236946105957, 102.48796844482422, 143.46885681152344, 216.17007446289062, 108.29708099365234, 39.514686584472656, 66.23475646972656, -1.8750050067901611], [756.84326171875, -221.25917053222656, -55.24484634399414, 95.92866516113281, 121.67790985107422, 47.15678787231445, 100.28240203857422, 62.223541259765625, 108.29708099365234, 171.06822204589844, 60.830970764160156, 33.5626335144043, -8.402597427368164], [314.9354248046875, -88.47217559814453, -51.197444915771484, 65.42438507080078, 54.95267105102539, 65.38396453857422, 73.34226989746094, 26.95521354675293, 39.514686584472656, 60.830970764160156, 146.083984375, 76.26886749267578, -1.8287432193756104], [613.1671142578125, -164.97230529785156, -23.430227279663086, 84.47518920898438, 50.18036651611328, 30.007110595703125, 74.2070541381836, 74.5223617553711, 66.23475646972656, 33.5626335144043, 76.26886749267578, 155.7716522216797, 36.41115188598633], [-147.80845642089844, 23.325599670410156, 24.882795333862305, 5.515322208404541, -24.300453186035156, -16.709247589111328, -9.761849403381348, 20.366029739379883, -1.8750050067901611, -8.402597427368164, -1.8287432193756104, 36.41115188598633, 89.81130981445312]], "lowlevel.mfcc.icov": [[0.00012438134581316262, 6.42915692878887e-05, 0.00018682352674659342, -0.00011749480472644791, -0.0001287811464862898, 0.00024415733059868217, -0.00015166113735176623, -8.749779226491228e-05, -3.168142575304955e-05, -0.00015840461128391325, 0.00016439100727438927, -0.00031812681118026376, 0.0002742373908404261], [6.42915692878887e-05, 0.0007287263870239258, -0.0002653535339049995, -0.0001077223350876011, 0.00033858674578368664, 5.989574492559768e-05, 3.402767833904363e-05, -0.00021484812896233052, 0.0004770338418893516, 0.00015114339475985616, -0.00027448046603240073, 0.0004002636414952576, 8.089643415587489e-06], [0.00018682352674659342, -0.0002653535339049995, 0.0018616269808262587, 0.00024597582523711026, -0.00045978784328326583, 0.00020486206631176174, -0.000406349019613117, -0.0004733445239253342, -0.0010274159722030163, 0.000472836458357051, 0.0005801821243949234, -0.0002836559433490038, -2.80157764791511e-05], [-0.00011749480472644791, -0.0001077223350876011, 0.00024597582523711026, 0.0031939528416842222, -0.0006230197031982243, -0.0013942132936790586, -7.924715464469045e-05, 0.0005267529631964862, -0.0006146251689642668, -0.0002537173859309405, 0.00030408514430746436, -0.0007589446613565087, -0.0007083944510668516], [-0.0001287811464862898, 0.00033858674578368664, -0.00045978784328326583, -0.0006230197031982243, 0.005215424578636885, -0.0019244668073952198, 0.00037158129271119833, -0.00103362079244107, -0.0013855686411261559, -0.0010198157979175448, -0.00012831758067477494, 0.0008447330910712481, 0.0007242265273816884], [0.00024415733059868217, 5.989574492559768e-05, 0.00020486206631176174, -0.0013942132936790586, -0.0019244668073952198, 0.0079991789534688, -0.003267237450927496, -0.00027268004487268627, 0.0002496008528396487, 0.0014678372535854578, -0.002234708983451128, 0.001159514649771154, 0.0007163135451264679], [-0.00015166113735176623, 3.402767833904363e-05, -0.0004063490196131