{"song_id": "1183716247695802368", "download": "https://cdn.discordapp.com/attachments/1135911532732108921/1183716247695802368/chirp.mp4?ex=658958a9&amp", "lyrics": "[Verse]\n\u041d\u0430\u0447\u043d\u0438 \u0441 0\n\u0421 \u0441\u0430\u043c\u043e\u0433\u043e \u0434\u043d\u0430\n\u041d\u043e\u0432\u044b\u0439 \u0441\u0432\u044f\u0442\u043e\u0439\n\u0412\u044b\u0439\u0434\u0435\u0442 \u0438\u0437 \u0433\u0440\u043e\u0431\u0430\n\u041f\u0443\u0441\u0442\u044c \u041a\u043e\u0440\u043e\u043b\u0435\u0432\u0430\n\u0416\u0434\u0435\u0442 \u041a\u043e\u0440\u043e\u043b\u044f\n4-\u0445 \u043f\u0440\u0438\u043d\u0446\u0435\u0432 \u043d\u043e\u0441\u0438\u0442 \u0432 \u0443\u0442\u0440\u043e\u0431\u0435\n\u0412 \u041f\u0420\u0418\u0417\u0420\u0410\u0427\u041d\u041e\u041c \u0421\u0412\u0415\u0422\u0415\n\n[Chorus]\n\u0414\u043e\u0445\u043b\u0430\u044f \u0442\u0432\u0430\u0440\u044c\n\u0421\u0442\u044b\u043d\u0435\u0442 \u0432 \u0431\u0438\u043d\u0442\u0430\u0445\n\u042f \u043a \u0442\u0435\u0431\u0435 \u043c\u0447\u0443\u0441\u044c\n\u041d\u0430 \u043a\u043e\u0441\u0442\u044b\u043b\u044f\u0445\n5 \u0440\u0430\u0437 \u043f\u0440\u0435\u043b\u043e\u043c\u043b\u0435\u043d\n5 \u0440\u0430\u0437 \u043e\u0442\u0440\u0430\u0436\u0435\u043d\n\u0421\u043d\u043e\u0432\u0430 \u041a\u041b\u041e\u041d\u0418\u0420\u041e\u0412\u0410\u041d\n\u0421\u043d\u043e\u0432\u0430 \u0441\u043f\u0430\u0441\u0435\u043d", "style": ["Alternative metal"], "essentia_features": {"lowlevel.average_loudness": 0.9833517074584961, "lowlevel.barkbands_crest.mean": 9.679133415222168, "lowlevel.barkbands_crest.stdev": 4.373030185699463, "lowlevel.barkbands_flatness_db.mean": 0.09316924214363098, "lowlevel.barkbands_flatness_db.stdev": 0.03747376427054405, "lowlevel.barkbands_kurtosis.mean": 0.744350016117096, "lowlevel.barkbands_kurtosis.stdev": 4.171754837036133, "lowlevel.barkbands_skewness.mean": 0.8387906551361084, "lowlevel.barkbands_skewness.stdev": 1.1015986204147339, "lowlevel.barkbands_spread.mean": 44.11155700683594, "lowlevel.barkbands_spread.stdev": 16.48233985900879, "lowlevel.dissonance.mean": 0.49306005239486694, "lowlevel.dissonance.stdev": 0.0079585500061512, "lowlevel.dynamic_complexity": 1.283368706703186, "lowlevel.erbbands_crest.mean": 8.551752090454102, "lowlevel.erbbands_crest.stdev": 3.749598264694214, "lowlevel.erbbands_flatness_db.mean": 0.13197170197963715, "lowlevel.erbbands_flatness_db.stdev": 0.032218970358371735, "lowlevel.erbbands_kurtosis.mean": 1.8812988996505737, "lowlevel.erbbands_kurtosis.stdev": 2.596935749053955, "lowlevel.erbbands_skewness.mean": -0.5635955929756165, "lowlevel.erbbands_skewness.stdev": 0.7835105061531067, "lowlevel.erbbands_spread.mean": 35.54655075073242, "lowlevel.erbbands_spread.stdev": 18.72793960571289, "lowlevel.hfc.mean": 42.21927261352539, "lowlevel.hfc.stdev": 19.055706024169922, "lowlevel.loudness_ebu128.integrated": -11.843172073364258, "lowlevel.loudness_ebu128.loudness_range": 1.6039791107177734, "lowlevel.loudness_ebu128.momentary.mean": -11.942699432373047, "lowlevel.loudness_ebu128.momentary.stdev": 0.9904950857162476, "lowlevel.loudness_ebu128.short_term.mean": -11.898578643798828, "lowlevel.loudness_ebu128.short_term.stdev": 0.5615841150283813, "lowlevel.melbands_crest.mean": 16.183826446533203, "lowlevel.melbands_crest.stdev": 5.120880126953125, "lowlevel.melbands_flatness_db.mean": 0.15220557153224945, "lowlevel.melbands_flatness_db.stdev": 0.055084340274333954, "lowlevel.melbands_kurtosis.mean": 11.195804595947266, "lowlevel.melbands_kurtosis.stdev": 21.69390869140625, "lowlevel.melbands_skewness.mean": 2.5979702472686768, "lowlevel.melbands_skewness.stdev": 2.055053234100342, "lowlevel.melbands_spread.mean": 45.306758880615234, "lowlevel.melbands_spread.stdev": 26.380815505981445, "lowlevel.pitch_salience.mean": 0.5709669589996338, "lowlevel.pitch_salience.stdev": 0.11965235322713852, "lowlevel.silence_rate_20dB.mean": 1.0, "lowlevel.silence_rate_20dB.stdev": 0.0, "lowlevel.silence_rate_30dB.mean": 0.9910287261009216, "lowlevel.silence_rate_30dB.stdev": 0.0942903533577919, "lowlevel.silence_rate_60dB.mean": 0.01315789483487606, "lowlevel.silence_rate_60dB.stdev": 0.11395105719566345, "lowlevel.spectral_centroid.mean": 2407.717041015625, "lowlevel.spectral_centroid.stdev": 445.7406005859375, "lowlevel.spectral_complexity.mean": 34.30442428588867, "lowlevel.spectral_complexity.stdev": 10.723185539245605, "lowlevel.spectral_decrease.mean": -9.428915426212825e-09, "lowlevel.spectral_decrease.stdev": 7.340257734966826e-09, "lowlevel.spectral_energy.mean": 0.03941633179783821, "lowlevel.spectral_energy.stdev": 0.028418177738785744, "lowlevel.spectral_energyband_high.mean": 0.0026173009537160397, "lowlevel.spectral_energyband_high.stdev": 0.0020253900438547134, "lowlevel.spectral_energyband_low.mean": 0.021643787622451782, "lowlevel.spectral_energyband_low.stdev": 0.026621298864483833, "lowlevel.spectral_energyband_middle_high.mean": 0.01023730169981718, "lowlevel.spectral_energyband_middle_high.stdev": 0.0065338085405528545, "lowlevel.spectral_energyband_middle_low.mean": 0.0055575319565832615, "lowlevel.spectral_energyband_middle_low.stdev": 0.008918811567127705, "lowlevel.spectral_entropy.mean": 8.062797546386719, "lowlevel.spectral_entropy.stdev": 0.19882015883922577, "lowlevel.spectral_flux.mean": 0.1312900334596634, "lowlevel.spectral_flux.stdev": 0.060485124588012695, "lowlevel.spectral_kurtosis.mean": 3.474195957183838, "lowlevel.spectral_kurtosis.stdev": 1.701131820678711, "lowlevel.spectral_rms.mean": 0.005857626907527447, "lowlevel.spectral_rms.stdev": 0.002035468351095915, "lowlevel.spectral_rolloff.mean": 2891.425048828125, "lowlevel.spectral_rolloff.stdev": 2180.2236328125, "lowlevel.spectral_skewness.mean": 1.337300419807434, "lowlevel.spectral_skewness.stdev": 0.30975496768951416, "lowlevel.spectral_spread.mean": 5082987.5, "lowlevel.spectral_spread.stdev": 1341338.375, "lowlevel.spectral_strongpeak.mean": 0.6251745820045471, "lowlevel.spectral_strongpeak.stdev": 0.9525538086891174, "lowlevel.zerocrossingrate.mean": 0.10396360605955124, "lowlevel.zerocrossingrate.stdev": 0.048191457986831665, "metadata.audio_properties.analysis.equal_loudness": 0.0, "metadata.audio_properties.analysis.length": 38.783992767333984, "metadata.audio_properties.analysis.sample_rate": 44100.0, "metadata.audio_properties.analysis.start_time": 0.0, "metadata.audio_properties.bit_rate": 120074.0, "metadata.audio_properties.length": 38.784000396728516, "metadata.audio_properties.lossless": 0.0, "metadata.audio_properties.number_channels": 1.0, "metadata.audio_properties.replay_gain": -13.53895378112793, "metadata.audio_properties.sample_rate": 48000.0, "rhythm.beats_count": 73.0, "rhythm.beats_loudness.mean": 0.03545860946178436, "rhythm.beats_loudness.stdev": 0.014183355495333672, "rhythm.bpm": 113.31917572021484, "rhythm.bpm_histogram_first_peak_bpm": 112.0, "rhythm.bpm_histogram_first_peak_weight": 0.4477611780166626, "rhythm.bpm_histogram_second_peak_bpm": 117.0, "rhythm.bpm_histogram_second_peak_spread": 0.0, "rhythm.bpm_histogram_second_peak_weight": 0.0694444477558136, "rhythm.danceability": 1.266074538230896, "rhythm.onset_rate": 3.7112882137298584, "tonal.chords_changes_rate": 0.10035842657089233, "tonal.chords_number_rate": 0.011947431601583958, "tonal.chords_strength.mean": 0.5319417119026184, "tonal.chords_strength.stdev": 0.13514326512813568, "tonal.hpcp_crest.mean": 9.85820484161377, "tonal.hpcp_crest.stdev": 4.874663352966309, "tonal.hpcp_entropy.mean": 2.7283847332000732, "tonal.hpcp_entropy.stdev": 0.7167051434516907, "tonal.key_edma.strength": 0.7737108469009399, "tonal.key_krumhansl.strength": 0.7642890810966492, "tonal.key_temperley.strength": 0.7416358590126038, "tonal.tuning_diatonic_strength": 0.5774784088134766, "tonal.tuning_equal_tempered_deviation": 0.25805723667144775, "tonal.tuning_frequency": 433.1910705566406, "tonal.tuning_nontempered_energy_ratio": 0.8953450918197632, "lowlevel.barkbands.mean": [0.0012034126557409763, 0.012888636440038681, 0.006970545276999474, 0.002107060980051756, 0.002106303349137306, 0.00036572859971784055, 0.0002757248585112393, 0.00022107634868007153, 0.0003856938274111599, 0.00033386063296347857, 0.001129239215515554, 0.0014327053213492036, 0.0011795131722465158, 0.0007072893786244094, 0.0005420965608209372, 0.0011731142876669765, 0.0017821689834818244, 0.0006871384684927762, 0.0009599979966878891, 0.0006978380843065679, 0.0006254949257709086, 0.0003562245110515505, 0.00037654864718206227, 0.00035952890175394714, 0.0003358028770890087, 0.00020588967890944332, 7.695146450714674e-06], "lowlevel.barkbands.stdev": [0.0008936822996474802, 0.01851074956357479, 0.01065219845622778, 0.0031089407857507467, 0.006641742307692766, 0.0009718664805404842, 0.0005919000832363963, 0.00036145857302471995, 0.0005486837471835315, 0.0005345207755453885, 0.002427431521937251, 0.002869870513677597, 0.0019892300479114056, 0.0012730262242257595, 0.0010593208717182279, 0.0014169109053909779, 0.0016326463082805276, 0.0005729629774577916, 0.0006456116097979248, 0.0004931895527988672, 0.000549130723811686, 0.00041532967588864267, 0.0004824941570404917, 0.00041198456892743707, 0.0004415716102812439, 0.00026228794013150036, 1.164548666565679e-05], "lowlevel.erbbands.mean": [0.2519899308681488, 3.2987349033355713, 8.325170516967773, 8.196677207946777, 7.511861801147461, 6.439279079437256, 3.344541311264038, 2.851776599884033, 3.257204294204712, 5.036304950714111, 5.37878942489624, 8.777844429016113, 9.679394721984863, 19.40108299255371, 59.719451904296875, 55.10027313232422, 53.82342529296875, 41.104434967041016, 33.27251052856445, 30.680591583251953, 82.97027587890625, 100.85504150390625, 41.608943939208984, 45.28348159790039, 44.98711013793945, 32.460506439208984, 30.752662658691406, 19.23147964477539, 12.980914115905762, 11.867679595947266, 10.333894729614258, 7.642492294311523, 5.957911968231201, 4.023234844207764, 2.223262310028076, 1.078834056854248, 0.34006983041763306, 0.04596210643649101, 0.0011123910080641508, 8.79932485986501e-05], "lowlevel.erbbands.stdev": [0.42805972695350647, 4.636951446533203, 11.773994445800781, 11.866812705993652, 17.86916160583496, 22.52700424194336, 9.88845157623291, 7.558868408203125, 7.525787353515625, 9.640888214111328, 8.06048583984375, 12.409072875976562, 15.626228332519531, 36.531463623046875, 120.76828002929688, 102.1724853515625, 87.5917739868164, 65.99935913085938, 56.60651779174805, 46.973182678222656, 85.72572326660156, 93.0937271118164, 34.20305633544922, 30.260093688964844, 31.8692684173584, 22.13673210144043, 23.554407119750977, 21.520458221435547, 14.800105094909668, 14.613465309143066, 13.494278907775879, 8.861742973327637, 7.209007740020752, 5.379144668579102, 2.994460344314575, 1.5562013387680054, 0.39813101291656494, 0.050124913454055786, 0.0012471011141315103, 5.2631996368290856e-05], "lowlevel.gfcc.mean": [56.409114837646484, 31.083389282226562, -113.86764526367188, 53.26405334472656, -33.759368896484375, 31.781761169433594, -31.708545684814453, 22.708288192749023, -31.79707908630371, 4.696999549865723, -22.79964256286621, 4.202104091644287, -18.797550201416016], "lowlevel.melbands.mean": [0.003039437346160412, 0.004380125552415848, 0.0013814205303788185, 0.0005282844067551196, 0.00013520712673198432, 6.513112020911649e-05, 5.189583680476062e-05, 5.347677506506443e-05, 4.5999986468814313e-05, 5.6260774726979434e-05, 4.6468710934277624e-05, 6.72538808430545e-05, 0.00017815866158343852, 0.00017934829520527273, 0.00011749313125619665, 0.00011692818225128576, 7.085868855938315e-05, 5.469920870382339e-05, 3.93493173760362e-05, 4.8374695325037464e-05, 0.00011019979865523055, 0.00011594365059863776, 5.4016843932913616e-05, 2.9255768822622485e-05, 3.7195455661276355e-05, 3.658420973806642e-05, 2.6809917471837252e-05, 2.005743226618506e-05, 2.03386225621216e-05, 1.5513705875491723e-05, 9.542882253299467e-06, 7.380535862466786e-06, 6.570752702828031e-06, 6.709294211759698e-06, 6.1310270211833995e-06, 5.0970179472642485e-06, 4.612495104083791e-06, 4.314630587032298e-06, 3.685420779220294e-06, 3.300408707218594e-06], "lowlevel.melbands.stdev": [0.004572748206555843, 0.005709068849682808, 0.001846287283115089, 0.0016389981610700488, 0.00041561637772247195, 0.0001708194031380117, 0.00011635117698460817, 9.813532960833982e-05, 6.660826329607517e-05, 8.264952339231968e-05, 7.690265192650259e-05, 0.000133610432385467, 0.00036689237458631396, 0.00037597122718580067, 0.00020405666145961732, 0.00020604180463124067, 0.00012706908455584198, 9.590456465957686e-05, 7.677581015741453e-05, 7.618001836817712e-05, 0.00011092935892520472, 0.0001098172870115377, 5.641871030093171e-05, 2.4872040739865042e-05, 2.6374060325906612e-05, 2.8197768187965266e-05, 1.9878227249137126e-05, 1.5025569155113772e-05, 1.652864921197761e-05, 1.4357676263898611e-05, 1.229129975399701e-05, 8.741077181184664e-06, 8.26959603728028e-06, 8.896996405383106e-06, 8.419633559242357e-06, 6.664973625447601e-06, 5.557064469030593e-06, 5.280157893139403e-06, 4.886809165327577e-06, 4.592568529915297e-06], "lowlevel.melbands128.mean": [0.0003866454935632646, 0.001393645303323865, 0.004294759128242731, 0.005922908894717693, 0.004843916743993759, 0.0031735666561871767, 0.0017482525436207652, 0.000854422221891582, 0.0007454407750628889, 0.0006437785923480988, 0.00030869932379573584, 0.00014582464064005762, 0.0001072551604011096, 8.862940012477338e-05, 6.401227437891066e-05, 5.3294224926503375e-05, 5.026987491874024e-05, 4.693850132753141e-05, 5.951153070782311e-05, 6.336734804790467e-05, 4.525260010268539e-05, 3.956345608457923e-05, 4.492671723710373e-05, 5.2623166993726045e-05, 6.087290239520371e-05, 5.487018279382028e-05, 5.315033922670409e-05, 4.6317451051436365e-05, 3.955079228035174e-05, 4.7372112021548674e-05, 7.455251034116372e-05, 0.00011065524449804798, 0.00018298842769581825, 0.00023408076958730817, 0.0002042734995484352, 0.00016892228450160474, 0.0001249480264959857, 0.00011704212374752387, 0.00010256453970214352, 0.00013103453966323286, 0.00012908005737699568, 8.675939898239449e-05, 6.58312055747956e-05, 6.632502481807023e-05, 6.225414836080745e-05, 4.819967216462828e-05, 5.3942290833219886e-05, 3.9298171031987295e-05, 3.2329800887964666e-05, 3.73570692318026e-05, 4.2391784518258646e-05, 6.491640669992194e-05, 0.00010811901302076876, 0.00012742943363264203, 0.00012228588457219303, 0.00012958077422808856, 0.00010098465281771496, 6.0139605920994654e-05, 4.197818270768039e-05, 2.7615547878667712e-05, 2.528265758883208e-05, 3.209771602996625e-05, 3.7977533793309703e-05, 3.764175562537275e-05, 3.7535937735810876e-05, 4.028222247143276e-05, 3.38105637638364e-05, 2.853465048247017e-05, 2.59477601503022e-05, 2.3805161617929116e-05, 1.7895272321766242e-05, 1.907855948957149e-05, 2.1970949092064984e-05, 2.0839201170019805e-05, 1.811122456274461e-05, 1.7318556274403818e-05, 1.345625423709862e-05, 1.1473350241431035e-05, 8.620515473012347e-06, 8.243721822509542e-06, 7.927119440864772e-06, 6.721209501847625e-06, 6.717605174344499e-06, 6.894271336932434e-06, 5.919078375882236e-06, 6.697439403069438e-06, 6.95666949468432e-06, 6.836913144070422e-06, 6.03557009526412e-06, 5.70847214476089e-06, 5.582617177424254e-06, 4.971083399141207e-06, 4.238027941028122e-06, 4.407909273140831e-06, 5.003752903576242e-06, 4.799793259735452e-06, 3.885804289893713e-06, 4.110927875444759e-06, 3.643174977696617e-06, 3.5297607610118575e-06, 3.5277134884381667e-06, 3.2390939850301947e-06, 3.118986114714062e-06, 2.816651431203354e-06, 2.4565690637246007e-06, 2.1695464056392666e-06, 2.219229145339341e-06, 2.1594610188913066e-06, 1.8391069716017228e-06, 1.6617772189420066e-06, 1.5927175809338223e-06, 1.1414201708248584e-06, 1.0463170383445686e-06, 9.139076269093493e-07, 6.652085744462966e-07, 4.7033435635057685e-07, 2.5868774855553056e-07, 7.725738271346927e-08, 4.893614402590174e-09, 1.506035435250297e-10, 8.362040226916889e-11, 3.3128669946203004e-11, 2.0502023689861204e-11, 1.590297338260882e-11, 1.2165961814358806e-11, 8.082066266235088e-12, 5.273238009445569e-12, 4.8144647990522316e-12], "lowlevel.melbands128.stdev": [0.0004584016278386116, 0.002774176886305213, 0.007293961010873318, 0.008356024511158466, 0.006759366951882839, 0.00492654787376523, 0.0027186840306967497, 0.0012758816592395306, 0.0020512198098003864, 0.0023856516927480698, 0.0012010072823613882, 0.0005160694126971066, 0.0003493312979117036, 0.0002625901543069631, 0.0001829144894145429, 0.0001612186897546053, 0.00013585545821115375, 0.00011360174539731815, 0.00014368821575772017, 0.00013162250979803503, 8.372293814318255e-05, 7.75149164837785e-05, 8.51308650453575e-05, 8.323643851326779e-05, 0.00010990101145580411, 0.00011060769611503929, 0.00013576009951066226, 8.894237544154748e-05, 6.723445403622463e-05, 9.608066466171294e-05, 0.00019770805374719203, 0.0002864353882614523, 0.0004628887108992785, 0.0006179885822348297, 0.0005464145797304809, 0.000450413441285491, 0.00028134597232565284, 0.00025650288444012403, 0.00020556492381729186, 0.0002743263030424714, 0.0002752217114903033, 0.00019554950995370746, 0.0001480929204262793, 0.0001652563805691898, 0.00013715705426875502, 0.00010053892765427008, 0.0001395683066220954, 9.754686470841989e-05, 7.287600601557642e-05, 7.086310506565496e-05, 8.132887887768447e-05, 0.00012393930228427052, 0.0001487234840169549, 0.00014799251221120358, 0.00013084508827887475, 0.00014990518684498966, 0.00013299442071001977, 8.120089478325099e-05, 4.864564834861085e-05, 2.7664344088407233e-05, 2.926976594608277e-05, 3.3137432183139026e-05, 3.6733246815856546e-05, 3.259776713093743e-05, 3.3605083444854245e-05, 4.0478746086591855e-05, 3.22535379382316e-05, 2.743688310147263e-05, 2.3552014681627043e-05, 2.0682784452219494e-05, 1.636598062759731e-05, 1.947944656421896e-05, 2.2122256268630736e-05, 1.9688814063556492e-05, 1.606533805897925e-05, 1.815732139220927e-05, 1.4946483133826405e-05, 1.816220537875779e-05, 1.281458571611438e-05, 1.1911163710465189e-05, 1.0648364877852146e-05, 8.631326636532322e-06, 8.787755177763756e-06, 1.0454496077727526e-05, 7.847411325201392e-06, 9.461939953325782e-06, 1.0331080375181045e-05, 1.1015122254320886e-05, 8.846000127959996e-06, 8.804692697594874e-06, 8.321814675582573e-06, 6.918353392393328e-06, 5.4633082982036285e-06, 6.015462531649973e-06, 6.863540420454228e-06, 6.25809479970485e-06, 5.2572027016140055e-06, 5.675793545378838e-06, 5.17613716510823e-06, 5.208620223129401e-06, 5.21579659107374e-06, 4.980414360034047e-06, 4.693540176958777e-06, 4.043471562908962e-06, 3.6548508433043025e-06, 3.2535847367398674e-06, 3.6848391573585104e-06, 3.5832276807923336e-06, 3.06868651023251e-06, 2.578642352091265e-06, 2.2233293748286087e-06, 1.4602818509956705e-06, 1.3667774965142598e-06, 1.1611110721787554e-06, 8.048326094467484e-07, 6.702289852000831e-07, 3.604035043736076e-07, 2.2365190943673952e-07, 3.2713881381596366e-08, 5.1169051218380446e-09, 2.469056070708575e-09, 5.482252429800383e-10, 1.8950871427669824e-10, 1.3542621191131587e-10, 8.114242611156897e-11, 4.148505497458821e-11, 1.6723249521288786e-11, 1.3592744117774114e-11], "lowlevel.mfcc.mean": [-587.5218505859375, 64.32888793945312, -8.864646911621094, 31.664640426635742, 21.424163818359375, 14.916474342346191, 17.98505973815918, 15.685342788696289, 7.894017219543457, 2.1215782165527344, -0.9846205115318298, 8.17475700378418, 3.3690474033355713], "lowlevel.spectral_contrast_coeffs.mean": [-0.7005984783172607, -0.8298332691192627, -0.8063870668411255, -0.7820717692375183, -0.7924882769584656, -0.7575406432151794], "lowlevel.spectral_contrast_coeffs.stdev": [0.0700729563832283, 0.043537549674510956, 0.05775417014956474, 0.04512760415673256, 0.027337558567523956, 0.034347400069236755], "lowlevel.spectral_contrast_valleys.mean": [-6.726632118225098, -6.960484981536865, -6.946813583374023, -6.905725955963135, -6.388678073883057, -9.106236457824707], "lowlevel.spectral_contrast_valleys.stdev": [0.7263776659965515, 0.5695838332176208, 0.5815722942352295, 0.42787623405456543, 0.3545398414134979, 0.4980744421482086], "rhythm.beats_loudness_band_ratio.mean": [0.4587370455265045, 0.13516853749752045, 0.04155522212386131, 0.13735367357730865, 0.1779332011938095, 0.1322936862707138], "rhythm.beats_loudness_band_ratio.stdev": [0.20719371736049652, 0.15125760436058044, 0.031799931079149246, 0.13947010040283203, 0.16738884150981903, 0.059827350080013275], "tonal.hpcp.mean": [0.19325615465641022, 0.2063458114862442, 0.18871477246284485, 0.16078852117061615, 0.12226387858390808, 0.10025505721569061, 0.09244798123836517, 0.09419981390237808, 0.10942436009645462, 0.1218467503786087, 0.12478402256965637, 0.12270017713308334, 0.13636329770088196, 0.17120172083377838, 0.18798813223838806, 0.1856541633605957, 0.20140962302684784, 0.19765624403953552, 0.1698009967803955, 0.15523236989974976, 0.14386086165905, 0.1434524953365326, 0.18299949169158936, 0.27229490876197815, 0.28369203209877014, 0.19598102569580078, 0.11925328522920609, 0.07824041694402695, 0.06843286007642746, 0.07991830259561539, 0.1064980998635292, 0.11806537955999374, 0.10486624389886856, 0.10298246890306473, 0.11413908749818802, 0.14338070154190063], "tonal.hpcp.stdev": [0.27487435936927795, 0.2885376214981079, 0.2797115445137024, 0.2630770802497864, 0.2111402451992035, 0.18356919288635254, 0.17546303570270538, 0.17948535084724426, 0.1953061819076538, 0.21180807054042816, 0.2131212055683136, 0.2013857513666153, 0.20509810745716095, 0.2361655831336975, 0.24354517459869385, 0.24032047390937805, 0.2775530517101288, 0.26294028759002686, 0.23216967284679413, 0.2256232500076294, 0.21103094518184662, 0.2124548703432083, 0.25501760840415955, 0.33260664343833923, 0.34097981452941895, 0.2880503833293915, 0.2098994255065918, 0.14971975982189178, 0.13659410178661346, 0.14549408853054047, 0.1994728446006775, 0.22107388079166412, 0.1997923105955124, 0.19153037667274475, 0.20687039196491241, 0.22852763533592224], "rhythm.beats_position": [0.4992290139198303, 1.0216779708862305, 1.5557368993759155, 2.0897958278656006, 2.623854875564575, 3.1579136848449707, 3.6919727325439453, 4.22603178024292, 4.7600908279418945, 5.294149398803711, 5.8282084465026855, 6.36226749420166, 6.896326541900635, 7.430385589599609, 7.964444160461426, 8.498503684997559, 9.032562255859375, 9.566620826721191, 10.100680351257324, 10.63473892211914, 11.168798446655273, 11.70285701751709, 12.248525619506836, 12.794195175170898, 13.328253746032715, 13.862312316894531, 14.396371841430664, 14.93043041229248, 15.464489936828613, 15.99854850769043, 16.532608032226562, 17.066665649414062, 17.600725173950195, 18.134784698486328, 18.668842315673828, 19.19129180908203, 19.725351333618164, 20.247800827026367, 20.770248413085938, 21.29269790649414, 21.826757431030273, 22.360815048217773, 22.883264541625977, 23.40571403503418, 23.928163528442383, 24.450611114501953, 24.984670639038086, 25.49551010131836, 26.017959594726562, 26.540407180786133, 27.062856674194336, 27.58530616760254, 28.10775375366211, 28.630203247070312, 29.152652740478516, 29.67510223388672, 30.18593978881836, 30.708389282226562, 31.230838775634766, 31.75328826904297, 32.27573776245117, 32.78657531738281, 33.309024810791016, 33.83147430419922, 34.36553192138672, 34.87636947631836, 35.39881896972656, 35.921268463134766, 36.45532989501953, 36.96616744995117, 37.488616943359375, 38.01106643676758, 38.53351593017578], "rhythm.bpm_histogram": [0.0, 0.0, 0.0, 0.0, 0.0, 0.0, 0.0, 0.0, 0.0, 0.0, 0.0, 0.0, 0.0, 0.0, 0.0, 0.0, 0.0, 0.0, 0.0, 0.0, 0.0, 0.0, 0.0, 0.0, 0.0, 0.0, 0.0, 0.0, 0.0, 0.0, 0.0, 0.0, 0.0, 0.0, 0.0, 0.0, 0.0, 0.0, 0.0, 0.0, 0.0, 0.0, 0.0, 0.0, 0.0, 0.0, 0.0, 0.0, 0.0, 0.0, 0.0, 0.0, 0.0, 0.0, 0.0, 0.0, 0.0, 0.0, 0.0, 0.0, 0.0, 0.0, 0.0, 0.0, 0.0, 0.0, 0.0, 0.0, 0.0, 0.0, 0.0, 0.0, 0.0, 0.0, 0.0, 0.0, 0.0, 0.0, 0.0, 0.0, 0.0, 0.0, 0.0, 0.0, 0.0, 0.0, 0.0, 0.0, 0.0, 0.0, 0.0, 0.0, 0.0, 0.0, 0.0, 0.0, 0.0, 0.0, 0.0, 0.0, 0.0, 0.0, 0.0, 0.0, 0.0, 0.0, 0.0, 0.0, 0.0, 0.0, 0.02777777798473835, 0.0, 0.5138888955116272, 0.0, 0.0, 0.3888888955116272, 0.0, 0.0694444477558136, 0.0, 0.0, 0.0, 0.0, 0.0, 0.0, 0.0, 0.0, 0.0, 0.0, 0.0, 0.0, 0.0, 0.0, 0.0, 0.0, 0.0, 0.0, 0.0, 0.0, 0.0, 0.0, 0.0, 0.0, 0.0, 0.0, 0.0, 0.0, 0.0, 0.0, 0.0, 0.0, 0.0, 0.0, 0.0, 0.0, 0.0, 0.0, 0.0, 0.0, 0.0, 0.0, 0.0, 0.0, 0.0, 0.0, 0.0, 0.0, 0.0, 0.0, 0.0, 0.0, 0.0, 0.0, 0.0, 0.0, 0.0, 0.0, 0.0, 0.0, 0.0, 0.0, 0.0, 0.0, 0.0, 0.0, 0.0, 0.0, 0.0, 0.0, 0.0, 0.0, 0.0, 0.0, 0.0, 0.0, 0.0, 0.0, 0.0, 0.0, 0.0, 0.0, 0.0, 0.0, 0.0, 0.0, 0.0, 0.0, 0.0, 0.0, 0.0, 0.0, 0.0, 0.0, 0.0, 0.0, 0.0, 0.0, 0.0, 0.0, 0.0, 0.0, 0.0, 0.0, 0.0, 0.0, 0.0, 0.0, 0.0, 0.0, 0.0, 0.0, 0.0, 0.0, 0.0, 0.0, 0.0, 0.0, 0.0, 0.0, 0.0, 0.0, 0.0, 0.0, 0.0, 0.0, 0.0, 0.0, 0.0, 0.0, 0.0, 0.0], "tonal.chords_histogram": [39.06809997558594, 2.0310633182525635, 2.389486312866211, 0.3584229350090027, 0.0, 6.57108736038208, 0.0, 0.0, 0.0, 16.84587860107422, 17.68219757080078, 0.0, 0.0, 0.0, 0.0, 0.0, 1.5531660318374634, 2.2700119018554688, 0.0, 0.7168458700180054, 5.376344203948975, 0.23894862830638885, 0.23894862830638885, 4.65949821472168], "tonal.thpcp": [1.0, 0.6908231377601624, 0.4203617572784424, 0.27579349279403687, 0.2412223517894745, 0.2817079424858093, 0.3754003942012787, 0.4161744713783264, 0.36964818835258484, 0.36300796270370483, 0.4023344814777374, 0.5054097175598145, 0.681218147277832, 0.7273585200309753, 0.6652100086212158, 0.566771388053894, 0.43097394704818726, 0.3533939719200134, 0.3258744478225708, 0.33204954862594604, 0.3857153058052063, 0.42950358986854553, 0.4398573338985443, 0.4325118958950043, 0.4806737005710602, 0.6034773588180542, 0.662648618221283, 0.6544215083122253, 0.7099586725234985, 0.6967282295227051, 0.5985398888587952, 0.5471861958503723, 0.5071022510528564, 0.505662739276886, 0.6450639367103577, 0.9598256945610046], "lowlevel.gfcc.cov": [[1189.1180419921875, 301.796630859375, 103.24825286865234, 152.17770385742188, -55.6336669921875, -0.877794086933136, 59.794830322265625, -3.376615524291992, -1.1958565711975098, -15.362077713012695, -10.13546085357666, -11.11411190032959, -26.888660430908203], [301.796630859375, 699.6000366210938, -44.09498596191406, 176.60386657714844, 100.27536010742188, 2.06866192817688, 193.5323944091797, 69.90850067138672, 39.519630432128906, -15.836236000061035, 43.2703857421875, -2.5571303367614746, 36.16172409057617], [103.24825286865234, -44.09498596191406, 444.6729736328125, 265.84552001953125, -1.0879536867141724, 4.347308158874512, -21.326271057128906, 17.897748947143555, 9.459549903869629, 10.911998748779297, -27.206687927246094, -12.597397804260254, 12.362443923950195], [152.17770385742188, 176.60386657714844, 265.84552001953125, 391.7153625488281, 86.87458801269531, 4.72615385055542, 14.906484603881836, 41.00913619995117, 83.12818908691406, 19.28154754638672, -18.313581466674805, -42.89222717285156, 28.15746307373047], [-55.6336669921875, 100.27536010742188, -1.0879536867141724, 86.87458801269531, 253.67794799804688, 125.26936340332031, 116.35137939453125, 87.07609558105469, 64.85710144042969, 38.56777572631836, 24.492599487304688, -8.211709976196289, -2.065268039703369], [-0.877794086933136, 2.06866192817688, 4.347308158874512, 4.72615385055542, 125.26936340332031, 236.2557830810547, 170.1894989013672, 56.45184326171875, -20.729045867919922, -4.857089519500732, 54.83606719970703, 23.537385940551758, -14.414238929748535], [59.794830322265625, 193.5323944091797, -21.326271057128906, 14.906484603881836, 116.35137939453125, 170.1894989013672, 286.939697265625, 110.19624328613281, -15.737384796142578, -19.212121963500977, 54.235355377197266, 39.39834976196289, -5.4873247146606445], [-3.376615524291992, 69.90850067138672, 17.897748947143555, 41.00913619995117, 87.07609558105469, 56.45184326171875, 110.19624328613281, 161.7288055419922, 67.71996307373047, 24.65252113342285, 14.164548873901367, 0.6485176086425781, 8.888556480407715], [-1.1958565711975098, 39.519630432128906, 9.459549903869629, 83.12818908691406, 64.85710144042969, -20.729045867919922, -15.737384796142578, 67.71996307373047, 129.4350128173828, 53.69702911376953, -5.957793712615967, -28.139934539794922, 5.921558856964111], [-15.362077713012695, -15.836236000061035, 10.911998748779297, 19.28154754638672, 38.56777572631836, -4.857089519500732, -19.212121963500977, 24.65252113342285, 53.69702911376953, 75.84437561035156, 18.10831069946289, -17.725767135620117, -7.22406530380249], [-10.13546085357666, 43.2703857421875, -27.206687927246094, -18.313581466674805, 24.492599487304688, 54.83606719970703, 54.235355377197266, 14.164548873901367, -5.957793712615967, 18.10831069946289, 67.89704132080078, 35.52985382080078, 3.595452070236206], [-11.11411190032959, -2.5571303367614746, -12.597397804260254, -42.89222717285156, -8.211709976196289, 23.537385940551758, 39.39834976196289, 0.6485176086425781, -28.139934539794922, -17.725767135620117, 35.52985382080078, 70.52338409423828, 23.275056838989258], [-26.888660430908203, 36.16172409057617, 12.362443923950195, 28.15746307373047, -2.065268039703369, -14.414238929748535, -5.4873247146606445, 8.888556480407715, 5.921558856964111, -7.22406530380249, 3.595452070236206, 23.275056838989258, 51.88180160522461]], "lowlevel.gfcc.icov": [[0.001162542961537838, -0.0008358214399777353, -3.6240955523680896e-05, -0.0004364865308161825, 0.0009337476803921163, -0.0008546527242287993, 0.0004071324656251818, -0.00010244609438814223, 4.628545502782799e-05, -0.0007867786334827542, 0.0015111449174582958, -0.001462274114601314, 0.0017273826524615288], [-0.0008358214399777353, 0.004071398638188839, 0.0010366056812927127, -0.001473592477850616, -0.0014670203672721982, 0.004105089697986841, -0.004163704812526703, 0.0010023943614214659, -0.00023882559617049992, 0.0026633983943611383, -0.00524445716291666, 0.004446013830602169, -0.0034812013618648052], [-3.6240955523680896e-05, 0.0010366056812927127, 0.00585331441834569, -0.005557652097195387, 0.0014131676871329546, -0.000702786142937839, 0.0005529625923372805, -0.0020205825567245483, 0.0037875270936638117, -0.0033875182271003723, 0.0033420592080801725, -0.003781066043302417, 0.0017065631691366434], [-0.0004364865308161825, -0.001473592477850616, -0.005557652097195387, 0.009275359101593494, -0.002183056203648448, 0.000133287045173347, -0.0004337973950896412, 0.0025288520846515894, -0.005486739333719015, 0.0038038298953324556, -0.0028744491282850504, 0.00627860426902771, -0.004899399355053902], [0.0009337476803921163, -0.0014670203672721982, 0.0014131676871329546, -0.002183056203648448, 0.00920381210744381, -0.005732831545174122, 0.0001671505015110597, -0.0011232029646635056, -0.001602022210136056, -0.005141606554389, 0.0053374809212982655, -0.0033377939835190773, 0.0019326810725033283], [-0.0008546527242287993, 0.004105089697986841, -0.000702786142937839, 0.000133287045173347, -0.005732831545174122, 0.014771942049264908, -0.00802681315690279, 0.001521312166005373, 0.0009277101489715278, 0.005833952222019434, -0.012029069475829601, 0.0074851131066679955, -0.002260698704048991], [0.0004071324656251818, -0.004163704812526703, 0.0005529625923372805, -0.0004337973950896412, 0.0001671505015110597, -0.00802681315690279, 0.014876279048621655, -0.007952654734253883, 0.004194658249616623, 6.587540701730177e-05, 0.0031618308275938034, -0.007938534021377563, 0.00680189672857523], [-0.00010244609438814223, 0.0010023943614214659, -0.0020205825567245483, 0.0025288520846515894, -0.0011232029646635056, 0.001521312166005373, -0.007952654734253883, 0.014838430099189281, -0.008989270776510239, 0.0005858358927071095, -0.0008774323505349457, 0.003540153382346034, -0.005067898891866207], [4.628545502782799e-05, -0.00023882559617049992, 0.0037875270936638117, -0.005486739333719015, -0.001602022210136056, 0.0009277101489715278, 0.004194658249616623, -0.008989270776510239, 0.02142999693751335, -0.0110016455873847, 0.004500779323279858, -0.0022903713397681713, 0.0011812192387878895], [-0.0007867786334827542, 0.0026633983943611383, -0.0033875182271003723, 0.0038038298953324556, -0.005141606554389, 0.005833952222019434, 6.587540701730177e-05, 0.0005858358927071095, -0.0110016455873847, 0.03227432444691658, -0.022262010723352432, 0.014495993964374065, -0.0014094272628426552], [0.0015111449174582958, -0.00524445716291666, 0.0033420592080801725, -0.0028744491282850504, 0.0053374809212982655, -0.012029069475829601, 0.0031618308275938034, -0.0008774323505349457, 0.004500779323279858, -0.022262010723352432, 0.044346198439598083, -0.02700168825685978, 0.007984154857695103], [-0.001462274114601314, 0.004446013830602169, -0.003781066043302417, 0.00627860426902771, -0.0033377939835190773, 0.0074851131066679955, -0.007938534021377563, 0.003540153382346034, -0.0022903713397681713, 0.014495993964374065, -0.02700168825685978, 0.04186585545539856, -0.020493393763899803], [0.0017273826524615288, -0.0034812013618648052, 0.0017065631691366434, -0.004899399355053902, 0.0019326810725033283, -0.002260698704048991, 0.00680189672857523, -0.005067898891866207, 0.0011812192387878895, -0.0014094272628426552, 0.007984154857695103, -0.020493393763899803, 0.03419442102313042]], "lowlevel.mfcc.cov": [[1250.6834716796875, 209.90069580078125, 75.83141326904297, 117.62645721435547, -79.8868637084961, 24.794036865234375, -4.990485668182373, 32.656517028808594, -14.974690437316895, -0.2102283090353012, 33.88564682006836, -23.615739822387695, -30.53805923461914], [209.90069580078125, 457.69842529296875, -126.2345962524414, 79.33531188964844, -61.03587341308594, 7.30096435546875, 106.14749145507812, 82.22068786621094, 42.896759033203125, 0.3007519841194153, 35.112464904785156, 37.67312240600586, 21.356985092163086], [75.83141326904297, -126.2345962524414, 441.20745849609375, 199.35833740234375, 35.581661224365234, 10.327839851379395, -35.188621520996094, -22.034584045410156, -7.000234127044678, 4.853996753692627, -40.2697639465332, -46.71036148071289, 4.326804161071777], [117.62645721435547, 79.33531188964844, 199.35833740234375, 351.57208251953125, 101.67196655273438, 6.6931538581848145, -51.54588317871094, -8.314288139343262, 70.01649475097656, 71.83827209472656, -2.0763604640960693, -24.716228485107422, 20.070253372192383], [-79.8868637084961, -61.03587341308594, 35.581661224365234, 101.67196655273438, 193.55238342285156, 42.84800338745117, -35.315452575683594, -22.666580200195312, 45.8775749206543, 75.6513900756836, 24.46721839904785, 4.787142276763916, -6.099103927612305], [24.794036865234375, 7.30096435546875, 10.327839851379395, 6.6931538581848145, 42.84800338745117, 154.63800048828125, 107.84432983398438, 53.521156311035156, -2.450404167175293, 6.228144645690918, 25.905086517333984, 18.943767547607422, -2.414144992828369], [-4.990485668182373, 106.14749145507812, -35.188621520996094, -51.54588317871094, -35.315452575683594, 107.84432983398438, 265.0316467285156, 155.65406799316406, 29.97096061706543, -12.158477783203125, 33.80690002441406, 63.31449508666992, 36.25852966308594], [32.656517028808594, 82.22068786621094, -22.034584045410156, -8.314288139343262, -22.666580200195312, 53.521156311035156, 155.65406799316406, 173.7997589111328, 59.51667404174805, 3.7669825553894043, 19.50655174255371, 41.69330596923828, 33.90149688720703], [-14.974690437316895, 42.896759033203125, -7.000234127044678, 70.01649475097656, 45.8775749206543, -2.450404167175293, 29.97096061706543, 59.51667404174805, 106.5992202758789, 68.1515121459961, 22.984020233154297, 13.144628524780273, 19.682191848754883], [-0.2102283090353012, 0.3007519841194153, 4.853996753692627, 71.83827209472656, 75.6513900756836, 6.228144645690918, -12.158477783203125, 3.7669825553894043, 68.1515121459961, 121.1957778930664, 52.40049362182617, 10.711130142211914, -0.329555481672287], [33.88564682006836, 35.112464904785156, -40.2697639465332, -2.0763604640960693, 24.46721839904785, 25.905086517333984, 33.80690002441406, 19.50655174255371, 22.984020233154297, 52.40049362182617, 81.63443756103516, 40.0774040222168, -4.5397467613220215], [-23.615739822387695, 37.67312240600586, -46.71036148071289, -24.716228485107422, 4.787142276763916, 18.943767547607422, 63.31449508666992, 41.69330596923828, 13.144628524780273, 10.711130142211914, 40.0774040222168, 75.24466705322266, 29.612516403198242], [-30.53805923461914, 21.356985092163086, 4.326804161071777, 20.070253372192383, -6.099103927612305, -2.414144992828369, 36.25852966308594, 33.90149688720703, 19.682191848754883, -0.329555481672287, -4.5397467613220215, 29.612516403198242, 68.29414367675781]], "lowlevel.mfcc.icov": [[0.0010272813960909843, -0.00046965040382929146, -0.00022769058705307543, -0.00027860511909238994, 0.0006090793176554143, -0.0004118373617529869, 0.0006298744701780379, -0.000618716876488179, 0.0005051436019130051, -8.155076648108661e-05, -0.0007792507531121373, 0.00040668269502930343, 0.00034097133902832866], [-0.00046965040382929146, 0.004341821186244488, 0.0022637806832790375, -0.003136059734970331, 0.0016079845372587442, 0.0010026675881817937, -0.002092635491862893, 0.00012879008136224002, -0.00034913397394120693, 0.0011473484337329865, -0.0009734539780765772, -0.0004621366679202765, 0.0006783794378861785], [-0.00022769058705307543, 0.0022637806832790375, 0.004675844684243202, -0.003877764567732811, 0.000824369431938976, 0.0005256995791569352, -0.0015232794685289264, -0.0002754820743575692, 0.0018512601964175701, 3.0398947274079546e-05, 0.0006103981868363917, 0.0009563175844959915, 0.00016383395995944738], [-0.00027860511909238994, -0.003136059734970331, -0.003877764567732811, 0.00823879148811102, -0.002854130230844021, -0.0013587989378720522, 0.002437459770590067, 0.0005694053252227604, -0.0032430042047053576, -0.001308123697526753, 0.0008382975938729942, 0.0013466683449223638, -0.0027989547234028578], [0.0006090793176554143, 0.0016079845372587442, 0.000824369431938976, -0.002854130230844021, 0.010800435207784176, -0.004630363546311855, 0.0018715286860242486, 0.0016451599076390266, -0.002937497803941369, -0.0032617177348583937, 0.0011908744927495718, -0.0034773771185427904, 0.0019644233398139477], [-0.0004118373617529869, 0.0010026675881817937, 0.0005256995791569352, -0.0013587989378720522, -0.004630363546311855, 0.01327733974903822, -0.006942507345229387, -0.0012853273656219244, 0.005224942695349455, 0.00024252965522464365, -0.0024718213826417923, 0.002542737405747175, 0.0014765756204724312], [0.0006298744701780379, -0.002092635491862893, -0.0015232794685289264, 0.002437459770590067, 0.0018715286860242486, -0.006942507345229387, 0.013682696968317032, -0.00760191073641181, -0.0007571466267108917, 0.00045154563849791884, -0.0006899873842485249, -0.0035266559571027756, -0.0015490927034989], [-0.000618716876488179, 0.00012879008136224002, -0.0002754820743575692, 0.0005694053252227604, 0.0016451599076390266, -0.0012853273656219244, -0.00760191073641181, 0.017337042838335037, -0.010609136894345284, 0.003192417323589325, 0.00079882494173944, -0.0018665952375158668, -0.001000136835500598], [0.0005051436019130051, -0.00034913397394120693, 0.0018512601964175701, -0.0032430042047053576, -0.002937497803941369, 0.005224942695349455, -0.0007571466267108917, -0.010609136894345284, 0.027093352749943733, -0.012611586600542068, 0.001843346981331706, 0.002740088850259781, -0.0021730801090598106], [-8.155076648108661e-05, 0.0011473484337329865, 3.0398947274079546e-05, -0.001308123697526753, -0.0032617177348583937, 0.00024252965522464365, 0.00045154563849791884, 0.003192417323589325, -0.012611586600542068, 0.02388247288763523, -0.014173967763781548, 0.0037004100158810616, -0.0009167701355181634], [-0.0007792507531121373, -0.0009734539780765772, 0.0006103981868363917, 0.0008382975938729942, 0.0011908744927495718, -0.0024718213826417923, -0.0006899873842485249, 0.00079882494173944, 0.001843346981331706, -0.014173967763781548, 0.03095504269003868, -0.01645873486995697, 0.008254298008978367], [0.00040668269502930343, -0.0004621366679202765, 0.0009563175844959915, 0.0013466683449223638, -0.0034773771185427904, 0.002542737405747175, -0.0035266559571027756, -0.