{"song_id": "1183705691949649981", "download": "https://cdn.discordapp.com/attachments/1135911532732108921/1183705691949649981/chirp.mp4?ex=65894ed5&amp", "lyrics": "[Verse]\nIn the heart of the forest, where legends are born\nRoams a mighty herd, with power untold\nTheir coats radiant, gleaming bright\nThe Cheese Reindeer, ready to take flight\n\n[Chorus]\nOh, Cheese Reindeer, of strength and grace\nGuiding us through every earthly place\nTogether we stand, never to fall\nThe League of Mighty Cheese Reindeer, above all", "style": ["anthem"], "essentia_features": {"lowlevel.average_loudness": 0.98032146692276, "lowlevel.barkbands_crest.mean": 10.145439147949219, "lowlevel.barkbands_crest.stdev": 3.3214423656463623, "lowlevel.barkbands_flatness_db.mean": 0.10172656178474426, "lowlevel.barkbands_flatness_db.stdev": 0.03170109540224075, "lowlevel.barkbands_kurtosis.mean": 2.265591859817505, "lowlevel.barkbands_kurtosis.stdev": 3.4049274921417236, "lowlevel.barkbands_skewness.mean": 1.5999424457550049, "lowlevel.barkbands_skewness.stdev": 0.7672871947288513, "lowlevel.barkbands_spread.mean": 34.911888122558594, "lowlevel.barkbands_spread.stdev": 16.18321990966797, "lowlevel.dissonance.mean": 0.4750306308269501, "lowlevel.dissonance.stdev": 0.016760550439357758, "lowlevel.dynamic_complexity": 1.3141815662384033, "lowlevel.erbbands_crest.mean": 6.476424694061279, "lowlevel.erbbands_crest.stdev": 2.903702974319458, "lowlevel.erbbands_flatness_db.mean": 0.10842600464820862, "lowlevel.erbbands_flatness_db.stdev": 0.026657896116375923, "lowlevel.erbbands_kurtosis.mean": -0.4140937328338623, "lowlevel.erbbands_kurtosis.stdev": 0.9339612126350403, "lowlevel.erbbands_skewness.mean": -0.21663431823253632, "lowlevel.erbbands_skewness.stdev": 0.5631113052368164, "lowlevel.erbbands_spread.mean": 53.173309326171875, "lowlevel.erbbands_spread.stdev": 17.2924861907959, "lowlevel.hfc.mean": 29.650785446166992, "lowlevel.hfc.stdev": 21.6756591796875, "lowlevel.loudness_ebu128.integrated": -17.297983169555664, "lowlevel.loudness_ebu128.loudness_range": 1.239553451538086, "lowlevel.loudness_ebu128.momentary.mean": -17.380823135375977, "lowlevel.loudness_ebu128.momentary.stdev": 0.8656076192855835, "lowlevel.loudness_ebu128.short_term.mean": -17.30562400817871, "lowlevel.loudness_ebu128.short_term.stdev": 0.47086769342422485, "lowlevel.melbands_crest.mean": 17.157691955566406, "lowlevel.melbands_crest.stdev": 4.902474403381348, "lowlevel.melbands_flatness_db.mean": 0.17488344013690948, "lowlevel.melbands_flatness_db.stdev": 0.03981982171535492, "lowlevel.melbands_kurtosis.mean": 15.27890682220459, "lowlevel.melbands_kurtosis.stdev": 12.188940048217773, "lowlevel.melbands_skewness.mean": 3.3807382583618164, "lowlevel.melbands_skewness.stdev": 1.2420693635940552, "lowlevel.melbands_spread.mean": 25.776073455810547, "lowlevel.melbands_spread.stdev": 14.614368438720703, "lowlevel.pitch_salience.mean": 0.4963470995426178, "lowlevel.pitch_salience.stdev": 0.09375909715890884, "lowlevel.silence_rate_20dB.mean": 1.0, "lowlevel.silence_rate_20dB.stdev": 0.0, "lowlevel.silence_rate_30dB.mean": 0.9940564632415771, "lowlevel.silence_rate_30dB.stdev": 0.07686473429203033, "lowlevel.silence_rate_60dB.mean": 0.0022288260515779257, "lowlevel.silence_rate_60dB.stdev": 0.04715779423713684, "lowlevel.spectral_centroid.mean": 1828.3662109375, "lowlevel.spectral_centroid.stdev": 595.54248046875, "lowlevel.spectral_complexity.mean": 26.5430908203125, "lowlevel.spectral_complexity.stdev": 9.79152774810791, "lowlevel.spectral_decrease.mean": -8.541650942106571e-09, "lowlevel.spectral_decrease.stdev": 5.499554145416141e-09, "lowlevel.spectral_energy.mean": 0.03492755815386772, "lowlevel.spectral_energy.stdev": 0.02191934362053871, "lowlevel.spectral_energyband_high.mean": 0.0021233311854302883, "lowlevel.spectral_energyband_high.stdev": 0.002441889839246869, "lowlevel.spectral_energyband_low.mean": 0.019223716109991074, "lowlevel.spectral_energyband_low.stdev": 0.0168329905718565, "lowlevel.spectral_energyband_middle_high.mean": 0.004671292845159769, "lowlevel.spectral_energyband_middle_high.stdev": 0.002866312162950635, "lowlevel.spectral_energyband_middle_low.mean": 0.00956664327532053, "lowlevel.spectral_energyband_middle_low.stdev": 0.012282881885766983, "lowlevel.spectral_entropy.mean": 7.940073490142822, "lowlevel.spectral_entropy.stdev": 0.25981277227401733, "lowlevel.spectral_flux.mean": 0.08652312308549881, "lowlevel.spectral_flux.stdev": 0.05724881589412689, "lowlevel.spectral_kurtosis.mean": 2.924147129058838, "lowlevel.spectral_kurtosis.stdev": 1.4620599746704102, "lowlevel.spectral_rms.mean": 0.005634521599858999, "lowlevel.spectral_rms.stdev": 0.001525740954093635, "lowlevel.spectral_rolloff.mean": 1809.6844482421875, "lowlevel.spectral_rolloff.stdev": 1646.60009765625, "lowlevel.spectral_skewness.mean": 1.2195464372634888, "lowlevel.spectral_skewness.stdev": 0.2792656123638153, "lowlevel.spectral_spread.mean": 5249980.0, "lowlevel.spectral_spread.stdev": 1382323.625, "lowlevel.spectral_strongpeak.mean": 0.45886656641960144, "lowlevel.spectral_strongpeak.stdev": 0.45727628469467163, "lowlevel.zerocrossingrate.mean": 0.07582072168588638, "lowlevel.zerocrossingrate.stdev": 0.034755587577819824, "metadata.audio_properties.analysis.equal_loudness": 0.0, "metadata.audio_properties.analysis.length": 31.210657119750977, "metadata.audio_properties.analysis.sample_rate": 44100.0, "metadata.audio_properties.analysis.start_time": 0.0, "metadata.audio_properties.bit_rate": 120719.0, "metadata.audio_properties.length": 31.21066665649414, "metadata.audio_properties.lossless": 0.0, "metadata.audio_properties.number_channels": 1.0, "metadata.audio_properties.replay_gain": -9.019746780395508, "metadata.audio_properties.sample_rate": 48000.0, "rhythm.beats_count": 67.0, "rhythm.beats_loudness.mean": 0.06456151604652405, "rhythm.beats_loudness.stdev": 0.02897791750729084, "rhythm.bpm": 129.05198669433594, "rhythm.bpm_histogram_first_peak_bpm": 129.0, "rhythm.bpm_histogram_first_peak_weight": 0.1129031777381897, "rhythm.bpm_histogram_second_peak_bpm": 136.0, "rhythm.bpm_histogram_second_peak_spread": 0.3333333134651184, "rhythm.bpm_histogram_second_peak_weight": 0.03030303120613098, "rhythm.danceability": 1.551763892173767, "rhythm.onset_rate": 3.9384148120880127, "tonal.chords_changes_rate": 0.016320474445819855, "tonal.chords_number_rate": 0.008902077563107014, "tonal.chords_strength.mean": 0.612496018409729, "tonal.chords_strength.stdev": 0.09739004820585251, "tonal.hpcp_crest.mean": 13.853986740112305, "tonal.hpcp_crest.stdev": 5.7285237312316895, "tonal.hpcp_entropy.mean": 1.8569914102554321, "tonal.hpcp_entropy.stdev": 0.6257078647613525, "tonal.key_edma.strength": 0.5525614619255066, "tonal.key_krumhansl.strength": 0.5739275217056274, "tonal.key_temperley.strength": 0.5721291899681091, "tonal.tuning_diatonic_strength": 0.499505877494812, "tonal.tuning_equal_tempered_deviation": 0.22331663966178894, "tonal.tuning_frequency": 434.193115234375, "tonal.tuning_nontempered_energy_ratio": 0.9725765585899353, "lowlevel.barkbands.mean": [0.0007403913186863065, 0.00980443600565195, 0.00812221597880125, 0.0014368926640599966, 0.0034913362469524145, 0.0010810601525008678, 0.0008085341542027891, 0.001963152550160885, 0.0005929440376348794, 0.0005289267282932997, 0.0004001857596449554, 0.0002871298638638109, 0.0003409224154893309, 0.00032768482924439013, 0.00027530055376701057, 0.000438978080637753, 0.0007796718855388463, 0.000548773561604321, 0.0005687063676305115, 0.0005183359608054161, 0.00047786851064302027, 0.0004306043265387416, 0.00034361323923803866, 0.0002592406526673585, 0.00020887645951006562, 0.0001442729844711721, 7.524989541707328e-06], "lowlevel.barkbands.stdev": [0.0017820160137489438, 0.012825450859963894, 0.007289337459951639, 0.0028836955316364765, 0.009395037777721882, 0.0013397495495155454, 0.0010647582821547985, 0.0019337966805323958, 0.0009050170192494988, 0.0008275592117570341, 0.0006492169923149049, 0.0003721419197972864, 0.0005068974569439888, 0.0003895415284205228, 0.0003020299773197621, 0.000443769822595641, 0.0010796457063406706, 0.0006238218047656119, 0.0006228269776329398, 0.0006948874215595424, 0.000641285500023514, 0.0006572874262928963, 0.00046152735012583435, 0.0003812365757767111, 0.0003133747377432883, 0.00020298974413890392, 1.463103762944229e-05], "lowlevel.erbbands.mean": [0.3106479048728943, 2.173548460006714, 8.877739906311035, 6.442164421081543, 9.999860763549805, 10.748106956481934, 8.314020156860352, 10.025080680847168, 11.425149917602539, 32.885108947753906, 26.460248947143555, 16.928665161132812, 12.576800346374512, 15.890414237976074, 18.090869903564453, 13.411684036254883, 16.615299224853516, 17.5335693359375, 13.398979187011719, 18.649459838867188, 28.34920310974121, 38.38655471801758, 35.271629333496094, 29.108646392822266, 27.548828125, 24.24683952331543, 21.30177116394043, 17.428634643554688, 16.323219299316406, 12.273296356201172, 9.204598426818848, 6.204010963439941, 3.954040288925171, 2.5652358531951904, 1.3233373165130615, 0.7077900171279907, 0.23668032884597778, 0.04398886114358902, 0.0009970570681616664, 7.363551412709057e-05], "lowlevel.erbbands.stdev": [0.5862692594528198, 2.373114824295044, 7.576081275939941, 7.394237518310547, 34.68621063232422, 22.84523582458496, 7.6990532875061035, 14.865911483764648, 16.0849552154541, 24.933137893676758, 45.86500930786133, 24.801374435424805, 17.944799423217773, 27.113737106323242, 24.515451431274414, 17.4573917388916, 24.58157730102539, 20.06513786315918, 14.202194213867188, 20.21926498413086, 30.274171829223633, 48.512901306152344, 39.77425003051758, 30.961360931396484, 31.46651840209961, 31.156631469726562, 28.58531379699707, 25.66392707824707, 25.036640167236328, 16.64217758178711, 12.79206371307373, 9.143061637878418, 6.015007495880127, 4.07356071472168, 2.0463955402374268, 1.1341334581375122, 0.3212786018848419, 0.06096716597676277, 0.0014966961462050676, 5.6954097090056166e-05], "lowlevel.gfcc.mean": [52.020687103271484, 67.11420440673828, -100.18889617919922, 49.48663330078125, -52.05165100097656, 17.15253448486328, -33.07836151123047, 21.104806900024414, -21.118404388427734, 9.951872825622559, -18.66184425354004, 4.73063325881958, -19.11835289001465], "lowlevel.melbands.mean": [0.0027172924019396305, 0.0038252235390245914, 0.0012791852932423353, 0.0007876387098804116, 0.00033968465868383646, 0.00021286025003064424, 0.00016604759730398655, 0.0003980695619247854, 0.00019529501150827855, 9.176473395200446e-05, 5.9953494201181456e-05, 6.366898742271587e-05, 5.9404399507911876e-05, 3.828003173111938e-05, 3.7045734643470496e-05, 2.981039506266825e-05, 3.4068267268594354e-05, 2.1189454855630174e-05, 1.8830900444299914e-05, 2.955994932563044e-05, 3.545096478774212e-05, 3.910241139237769e-05, 4.004112633992918e-05, 2.7593499908107333e-05, 2.2982838345342316e-05, 2.0106743249925785e-05, 1.9561552107916214e-05, 1.5009626622486394e-05, 1.3960748219687957e-05, 1.1110511877632234e-05, 9.597627467883285e-06, 9.784171197679825e-06, 7.474087851733202e-06, 6.564711384271504e-06, 5.3895305427431595e-06, 4.573035766952671e-06, 3.503856532915961e-06, 2.792655777739128e-06, 2.5061654014280066e-06, 2.080483909594477e-06], "lowlevel.melbands.stdev": [0.00421709893271327, 0.0031027751974761486, 0.0018024396849796176, 0.002354150405153632, 0.00032103530247695744, 0.00029534834902733564, 0.00024313831818290055, 0.0003034596738871187, 0.0003476576239336282, 0.00014263959019444883, 8.922640699893236e-05, 0.00011792976874858141, 9.671791485743597e-05, 4.528136196313426e-05, 5.1646249630721286e-05, 3.885522164637223e-05, 4.126190469833091e-05, 2.433956615277566e-05, 2.034572207776364e-05, 3.355905937496573e-05, 4.3882184399990365e-05, 5.022458572057076e-05, 5.784479799331166e-05, 3.224688771297224e-05, 2.63164456555387e-05, 2.4255195967270993e-05, 2.530808160372544e-05, 2.062562089122366e-05, 1.9968158085248433e-05, 1.5318750229198486e-05, 1.5575025827274658e-05, 1.644947587919887e-05, 1.0823423508554697e-05, 8.935832738643512e-06, 7.535112672485411e-06, 7.035646376607474e-06, 5.329504801920848e-06, 4.39252426076564e-06, 4.06869912694674e-06, 3.3990370411629556e-06], "lowlevel.melbands128.mean": [0.0006567551754415035, 0.00255789328366518, 0.0033594828564673662, 0.003461219137534499, 0.004832227248698473, 0.0034979789052158594, 0.0011809358838945627, 0.0007636211230419576, 0.0011059934040531516, 0.0008798901690170169, 0.0005274077993817627, 0.0004515079199336469, 0.00021222209034021944, 0.00030404000426642597, 0.0002956721873488277, 0.00010674043733160943, 0.00010997246135957539, 0.0002490170008968562, 0.0001192801064462401, 0.0004077543562743813, 0.0005863278056494892, 0.00019703559519257396, 0.00017349899280816317, 0.00012140415492467582, 0.00014902834664098918, 4.4958633225178346e-05, 4.784989869222045e-05, 8.082356362137944e-05, 3.417904008529149e-05, 9.779840183909982e-05, 5.1124250603606924e-05, 4.2618587031029165e-05, 7.24470301065594e-05, 6.798379763495177e-05, 3.356383240316063e-05, 3.374116204213351e-05, 3.743863999261521e-05, 1.958081338671036e-05, 6.242698873393238e-05, 3.3487023756606504e-05, 1.7421372831449844e-05, 2.9621116482303478e-05, 3.625358658609912e-05, 3.8748636143282056e-05, 2.0680579837062396e-05, 1.854760921560228e-05, 2.205974124080967e-05, 1.3063581718597561e-05, 1.7641201338847168e-05, 3.251553062000312e-05, 3.247034328524023e-05, 2.5607578209019266e-05, 2.7658068574965e-05, 4.390626781969331e-05, 4.602223270921968e-05, 3.013856075995136e-05, 3.493118128972128e-05, 6.354416836984456e-05, 2.7665628294926137e-05, 2.792978921206668e-05, 3.313884008093737e-05, 2.089276495098602e-05, 2.3522590709035285e-05, 2.5192286557285115e-05, 1.9259254258940928e-05, 2.068082721962128e-05, 1.9362656530574895e-05, 1.9731387510546483e-05, 2.0780298655154184e-05, 1.8560020180302672e-05, 1.3914396731706802e-05, 1.356594748358475e-05, 1.4563534023182001e-05, 1.5187364624580368e-05, 1.1892030670423992e-05, 1.0723533705458976e-05, 1.149667878053151e-05, 9.81908306130208e-06, 9.551336006552447e-06, 8.09001903689932e-06, 1.169604729511775e-05, 9.818191756494343e-06, 7.490432835766114e-06, 7.673989784962032e-06, 6.763685178157175e-06, 6.8723470576514956e-06, 6.5226990955125075e-06, 5.9470944506756496e-06, 5.245983174972935e-06, 5.052947017247789e-06, 5.001464614906581e-06, 4.429889031598577e-06, 3.870549790008226e-06, 3.4468621379346587e-06, 3.3591213650652207e-06, 3.0974661058280617e-06, 2.5036506485776044e-06, 2.56825433098129e-06, 2.7706589662557235e-06, 2.3826798951631645e-06, 1.9460176190477796e-06, 2.393858721916331e-06, 1.7173015294247307e-06, 1.4301392639026744e-06, 1.2680233112405404e-06, 1.4326536756925634e-06, 1.7419392861484084e-06, 1.4982994116508053e-06, 1.1367297929609776e-06, 1.0863744819289423e-06, 8.930816761676397e-07, 7.547126870122156e-07, 7.045148890938435e-07, 7.366475074377377e-07, 6.291942327152356e-07, 5.293379103932239e-07, 2.850723888059292e-07, 5.776374223387393e-08, 3.4880093258138345e-10, 4.929601865599764e-12, 4.682133153410817e-12, 4.546052336656947e-12, 4.420284884648629e-12, 4.319114510487054e-12, 4.18474326371876e-12, 4.01823843296234e-12, 3.920759550357644e-12, 3.887061679475057e-12], "lowlevel.melbands128.stdev": [0.0016471917042508721, 0.005547130946069956, 0.005635570269078016, 0.003897957969456911, 0.004181066993623972, 0.003299006028100848, 0.0015738114016130567, 0.0018587863305583596, 0.004335009027272463, 0.003130827797576785, 0.0009447003249078989, 0.0004993877373635769, 0.0002741747593972832, 0.0003434504324104637, 0.0005415517371147871, 0.0002135878021363169, 0.00016621168470010161, 0.0004500777868088335, 0.000169742590514943, 0.0003356794186402112, 0.00051424081902951, 0.0004493722808547318, 0.0005663087940774858, 0.00021688560082111508, 0.00026776199229061604, 0.00013536140613723546, 7.272213406395167e-05, 0.00016314770618919283, 5.3808344091521576e-05, 0.00022703070135321468, 0.00010916555766016245, 9.820741979638115e-05, 0.00016970181604847312, 0.00010973988537443802, 4.974444163963199e-05, 6.118368764873594e-05, 7.441138586727902e-05, 3.245755942771211e-05, 0.00012844179582316428, 5.771342330262996e-05, 3.5017324989894405e-05, 6.591967394342646e-05, 5.1454298954922706e-05, 6.151152774691582e-05, 4.715666000265628e-05, 3.075645145145245e-05, 3.294326234026812e-05, 2.0327655875007622e-05, 2.666658656380605e-05, 4.785060082213022e-05, 5.567121843341738e-05, 3.1532326829619706e-05, 3.6588633520295843e-05, 7.436867599608377e-05, 8.334105950780213e-05, 5.205594061408192e-05, 5.296157542034052e-05, 0.0001293029636144638, 4.028478724649176e-05, 4.4136566430097446e-05, 4.5462285925168544e-05, 2.8985696189920418e-05, 3.3935859391931444e-05, 3.2035979529609904e-05, 3.1817471608519554e-05, 3.072173785767518e-05, 2.594549187051598e-05, 2.9151215130696073e-05, 3.518176163197495e-05, 2.5071683921851218e-05, 2.2537089535035193e-05, 2.2075795641285367e-05, 2.5605233531678095e-05, 2.409679291304201e-05, 1.6834395864862017e-05, 1.6820225937408395e-05, 1.8435175661579706e-05, 1.6074141967692412e-05, 1.8683775124372914e-05, 1.7136588212451898e-05, 2.3627912014489993e-05, 1.6653058992233127e-05, 1.2050441910105292e-05, 1.1757118954847101e-05, 1.1671636457322165e-05, 9.875532668957021e-06, 1.0241788004350383e-05, 8.714993782632519e-06, 7.927890692371875e-06, 7.861623998905998e-06, 8.513739885529503e-06, 7.690798156545497e-06, 6.2515628087567165e-06, 5.642700671160128e-06, 5.764703018940054e-06, 5.336270987754688e-06, 4.417663149069995e-06, 4.4055359467165545e-06, 4.9802547437138855e-06, 4.108041594008682e-06, 3.4425800095050363e-06, 4.1223797779821325e-06, 3.1029740057419986e-06, 2.7725354811991565e-06, 2.2263732262217673e-06, 2.4876719635358313e-06, 2.830761104632984e-06, 2.5943800210370682e-06, 2.3337549919233425e-06, 1.8911010783995152e-06, 1.4599934274883708e-06, 1.1562324289116077e-06, 1.0078409786729026e-06, 1.1110777222711476e-06, 1.0050918035631184e-06, 7.780738542351173e-07, 4.713861585514678e-07, 2.689313305381802e-07, 1.1001878519323327e-08, 7.353746084293178e-12, 7.005463917297838e-12, 6.781037103359422e-12, 6.601053037513793e-12, 6.458956199745236e-12, 6.343188127533317e-12, 6.252141165896674e-12, 6.186415962838865e-12, 6.146474388485368e-12], "lowlevel.mfcc.mean": [-594.1450805664062, 95.89730834960938, 10.624563217163086, 36.85963439941406, 8.848504066467285, 6.264736175537109, 2.961660861968994, 9.751084327697754, 4.35617733001709, 4.510448932647705, 5.281662464141846, 6.6077656745910645, 3.293478488922119], "lowlevel.spectral_contrast_coeffs.mean": [-0.7232868075370789, -0.7195639610290527, -0.7850964665412903, -0.7959210872650146, -0.7948064208030701, -0.7342680096626282], "lowlevel.spectral_contrast_coeffs.stdev": [0.0595412477850914, 0.05577687919139862, 0.04700465872883797, 0.03621631860733032, 0.03042188659310341, 0.03743327781558037], "lowlevel.spectral_contrast_valleys.mean": [-6.220817565917969, -6.724196434020996, -7.273951053619385, -7.313981533050537, -6.795074939727783, -9.610889434814453], "lowlevel.spectral_contrast_valleys.stdev": [0.490925133228302, 0.5369377732276917, 0.5157294869422913, 0.4794096350669861, 0.5574652552604675, 0.7893931865692139], "rhythm.beats_loudness_band_ratio.mean": [0.6795146465301514, 0.11300468444824219, 0.07630845904350281, 0.03832452744245529, 0.054439347237348557, 0.10515844076871872], "rhythm.beats_loudness_band_ratio.stdev": [0.16134467720985413, 0.10881588608026505, 0.05388454720377922, 0.03420395031571388, 0.03391411527991295, 0.06800371408462524], "tonal.hpcp.mean": [0.44035154581069946, 0.4911401569843292, 0.16285279393196106, 0.05378944054245949, 0.036064840853214264, 0.030940648168325424, 0.042325861752033234, 0.05214795842766762, 0.05637214705348015, 0.25198909640312195, 0.285033643245697, 0.07895630598068237, 0.029782485216856003, 0.03201618790626526, 0.030804229900240898, 0.057146020233631134, 0.06715938448905945, 0.03627565875649452, 0.020921962335705757, 0.023545045405626297, 0.03211357071995735, 0.11637725681066513, 0.15218548476696014, 0.07417993247509003, 0.10302989929914474, 0.10940764844417572, 0.03876074403524399, 0.026959750801324844, 0.030220048502087593, 0.04597391560673714, 0.13089032471179962, 0.14235815405845642, 0.06171615421772003, 0.04019860550761223, 0.042102523148059845, 0.0992862656712532], "tonal.hpcp.stdev": [0.40952953696250916, 0.43238046765327454, 0.2384537309408188, 0.16437166929244995, 0.1368430107831955, 0.1403549760580063, 0.1188926249742508, 0.1406167596578598, 0.1458548903465271, 0.29381993412971497, 0.31740468740463257, 0.13827355206012726, 0.09352204203605652, 0.11350268125534058, 0.10644631087779999, 0.1292107105255127, 0.1527361273765564, 0.0988045260310173, 0.07973796874284744, 0.09591652452945709, 0.10714204609394073, 0.166763573884964, 0.21721549332141876, 0.13431499898433685, 0.2559792995452881, 0.2754480838775635, 0.11445420980453491, 0.08728499710559845, 0.10709594190120697, 0.14771556854248047, 0.2640989124774933, 0.2816593050956726, 0.1595991551876068, 0.12808553874492645, 0.1361958086490631, 0.1721738874912262], "rhythm.beats_position": [0.41795918345451355, 0.847528338432312, 1.2887074947357178, 1.7414965629577637, 2.2058956623077393, 2.670294761657715, 3.1346938610076904, 3.599092960357666, 4.0634918212890625, 4.527891159057617, 4.992290019989014, 5.456689357757568, 5.921088218688965, 6.3854875564575195, 6.849886417388916, 7.314285755157471, 7.778684616088867, 8.243083953857422, 8.707483291625977, 9.171881675720215, 9.63628101348877, 10.100680351257324, 10.565078735351562, 11.029478073120117, 11.493877410888672, 11.958276748657227, 12.422675132751465, 12.88707447052002, 13.363083839416504, 13.815873146057129, 14.280271530151367, 14.744670867919922, 15.220680236816406, 15.685078620910645, 16.161088943481445, 16.625486373901367, 17.089885711669922, 17.554285049438477, 18.01868438720703, 18.483083724975586, 18.94748306274414, 19.411882400512695, 19.87628173828125, 20.340679168701172, 20.805078506469727, 21.26947784423828, 21.733877182006836, 22.19827651977539, 22.662675857543945, 23.10385513305664, 23.591472625732422, 24.055871963500977, 24.52027130126953, 24.984670639038086, 25.44906997680664, 25.913469314575195, 26.37786865234375, 26.842267990112305, 27.306665420532227, 27.77106475830078, 28.235464096069336, 28.69986343383789, 29.164262771606445, 29.628662109375, 30.104671478271484, 30.569068908691406, 31.04507827758789], "rhythm.bpm_histogram": [0.0, 0.0, 0.0, 0.0, 0.0, 0.0, 0.0, 0.0, 0.0, 0.0, 0.0, 0.0, 0.0, 0.0, 0.0, 0.0, 0.0, 0.0, 0.0, 0.0, 0.0, 0.0, 0.0, 0.0, 0.0, 0.0, 0.0, 0.0, 0.0, 0.0, 0.0, 0.0, 0.0, 0.0, 0.0, 0.0, 0.0, 0.0, 0.0, 0.0, 0.0, 0.0, 0.0, 0.0, 0.0, 0.0, 0.0, 0.0, 0.0, 0.0, 0.0, 0.0, 0.0, 0.0, 0.0, 0.0, 0.0, 0.0, 0.0, 0.0, 0.0, 0.0, 0.0, 0.0, 0.0, 0.0, 0.0, 0.0, 0.0, 0.0, 0.0, 0.0, 0.0, 0.0, 0.0, 0.0, 0.0, 0.0, 0.0, 0.0, 0.0, 0.0, 0.0, 0.0, 0.0, 0.0, 0.0, 0.0, 0.0, 0.0, 0.0, 0.0, 0.0, 0.0, 0.0, 0.0, 0.0, 0.0, 0.0, 0.0, 0.0, 0.0, 0.0, 0.0, 0.0, 0.0, 0.0, 0.0, 0.0, 0.0, 0.0, 0.0, 0.0, 0.0, 0.0, 0.0, 0.0, 0.0, 0.0, 0.0, 0.0, 0.0, 0.0, 0.01515151560306549, 0.0, 0.0, 0.07575757801532745, 0.0, 0.0, 0.8333333134651184, 0.0, 0.0, 0.0, 0.03030303120613098, 0.0, 0.0, 0.03030303120613098, 0.0, 0.0, 0.0, 0.01515151560306549, 0.0, 0.0, 0.0, 0.0, 0.0, 0.0, 0.0, 0.0, 0.0, 0.0, 0.0, 0.0, 0.0, 0.0, 0.0, 0.0, 0.0, 0.0, 0.0, 0.0, 0.0, 0.0, 0.0, 0.0, 0.0, 0.0, 0.0, 0.0, 0.0, 0.0, 0.0, 0.0, 0.0, 0.0, 0.0, 0.0, 0.0, 0.0, 0.0, 0.0, 0.0, 0.0, 0.0, 0.0, 0.0, 0.0, 0.0, 0.0, 0.0, 0.0, 0.0, 0.0, 0.0, 0.0, 0.0, 0.0, 0.0, 0.0, 0.0, 0.0, 0.0, 0.0, 0.0, 0.0, 0.0, 0.0, 0.0, 0.0, 0.0, 0.0, 0.0, 0.0, 0.0, 0.0, 0.0, 0.0, 0.0, 0.0, 0.0, 0.0, 0.0, 0.0, 0.0, 0.0, 0.0, 0.0, 0.0, 0.0, 0.0, 0.0, 0.0, 0.0, 0.0, 0.0, 0.0, 0.0, 0.0, 0.0, 0.0, 0.0, 0.0, 0.0, 0.0, 0.0, 0.0, 0.0, 0.0, 0.0, 0.0], "tonal.chords_histogram": [70.17803955078125, 12.16617202758789, 0.0, 5.341246128082275, 0.0, 0.0, 0.0, 0.0, 0.0, 2.5222551822662354, 0.0, 0.0, 0.0, 0.0, 0.0, 0.0, 1.9287834167480469, 0.0, 0.1483679562807083, 0.0, 0.0, 0.0, 0.0, 7.7151336669921875], "tonal.thpcp": [1.0, 0.33158111572265625, 0.10951953381299973, 0.0734308511018753, 0.06299759447574615, 0.08617878705263138, 0.10617734491825104, 0.11477812379598618, 0.5130696296691895, 0.580350935459137, 0.1607612520456314, 0.060639481991529465, 0.0651874765753746, 0.06271983683109283, 0.11635379493236542, 0.1367417871952057, 0.07386009395122528, 0.04259876161813736, 0.047939565032720566, 0.06538575887680054, 0.2369532436132431, 0.3098616302013397, 0.15103617310523987, 0.20977698266506195, 0.2227625846862793, 0.0789199247956276, 0.054892174899578094, 0.06153039634227753, 0.09360650926828384, 0.2665030062198639, 0.28985241055488586, 0.12565894424915314, 0.08184752613306046, 0.08572404831647873, 0.20215465128421783, 0.8965904116630554], "lowlevel.gfcc.cov": [[2444.115478515625, -571.685302734375, 155.81629943847656, 93.17066192626953, -81.88497924804688, 68.02555847167969, 32.09135818481445, 26.877059936523438, -76.53348541259766, 48.87883377075195, -75.6761474609375, 42.0419807434082, -93.00971984863281], [-571.685302734375, 931.32470703125, -333.8020324707031, -71.01565551757812, 74.06529998779297, -123.78849792480469, 0.8882177472114563, -73.38009643554688, 45.92525863647461, -99.69709777832031, 70.4806900024414, -71.50208282470703, 90.48947143554688], [155.81629943847656, -333.8020324707031, 317.3830871582031, 9.069379806518555, -30.271480560302734, 51.15097427368164, -15.065756797790527, 19.459871292114258, -24.800674438476562, 62.51531219482422, -30.366804122924805, 33.101253509521484, -49.744384765625], [93.17066192626953, -71.01565551757812, 9.069379806518555, 192.07276916503906, -13.469649314880371, 2.666806221008301, -13.545783042907715, -28.228805541992188, -0.11896079778671265, -36.99109649658203, 1.129809856414795, -10.728896141052246, 16.767093658447266], [-81.88497924804688, 74.06529998779297, -30.271480560302734, -13.469649314880371, 128.1923370361328, -14.200277328491211, 13.306344032287598, 33.487430572509766, 33.74552917480469, 6.7995710372924805, -10.443126678466797, 10.353958129882812, 1.048025131225586], [68.02555847167969, -123.78849792480469, 51.15097427368164, 2.666806221008301, -14.200277328491211, 142.59716796875, 56.642635345458984, 10.255572319030762, -10.004850387573242, 19.82196617126465, 13.245322227478027, -13.412867546081543, -7.092684268951416], [32.09135818481445, 0.8882177472114563, -15.065756797790527, -13.545783042907715, 13.306344032287598, 56.642635345458984, 104.3893814086914, 28.70105743408203, 1.525871992111206, 4.498664379119873, 2.6831560134887695, -7.737361907958984, -13.339812278747559], [26.877059936523438, -73.38009643554688, 19.459871292114258, -28.228805541992188, 33.487430572509766, 10.255572319030762, 28.70105743408203, 109.79552459716797, 41.329139709472656, 24.437284469604492, -5.449700355529785, 10.87498664855957, -16.24312973022461], [-76.53348541259766, 45.92525863647461, -24.800674438476562, -0.11896079778671265, 33.74552917480469, -10.004850387573242, 1.525871992111206, 41.329139709472656, 76.90508270263672, 19.51726722717285, 3.9122262001037598, -12.193037033081055, 2.021840810775757], [48.87883377075195, -99.69709777832031, 62.51531219482422, -36.99109649658203, 6.7995710372924805, 19.82196617126465, 4.498664379119873, 24.437284469604492, 19.51726722717285, 79.70985412597656, 10.196399688720703, 13.739823341369629, -20.471158981323242], [-75.6761474609375, 70.4806900024414, -30.366804122924805, 1.129809856414795, -10.443126678466797, 13.245322227478027, 2.6831560134887695, -5.449700355529785, 3.9122262001037598, 10.196399688720703, 67.52001190185547, 11.298041343688965, 19.425376892089844], [42.0419807434082, -71.50208282470703, 33.101253509521484, -10.728896141052246, 10.353958129882812, -13.412867546081543, -7.737361907958984, 10.87498664855957, -12.193037033081055, 13.739823341369629, 11.298041343688965, 60.69583511352539, 5.928172588348389], [-93.00971984863281, 90.48947143554688, -49.744384765625, 16.767093658447266, 1.048025131225586, -7.092684268951416, -13.339812278747559, -16.24312973022461, 2.021840810775757, -20.471158981323242, 19.425376892089844, 5.928172588348389, 54.57941436767578]], "lowlevel.gfcc.icov": [[0.0005265427753329277, 0.00010896214371314272, 0.00027329285512678325, -0.00040989776607602835, 0.0003112786798737943, -0.00016209829482249916, -3.4869681257987395e-05, -0.00018271552107762545, 0.00047889130655676126, -0.00046389116323553026, 0.0006119593163020909, -0.000494261970743537, 0.0006458511925302446], [0.00010896214371314272, 0.004220759961754084, 0.0005729072727262974, 0.0029001818038523197, -0.002621558029204607, 0.003994416445493698, -0.0022725719027221203, 0.002923243213444948, -0.0017660781741142273, 0.0037931499537080526, -0.005353814456611872, 0.005740997847169638, -0.0035268941428512335], [0.00027329285512678325, 0.0005729072727262974, 0.006366558838635683, -0.001282543526031077, 0.0011272180126979947, -0.0024088427890092134, 0.002267917152494192, -0.0006409217603504658, 0.0016756260301917791, -0.0038200300186872482, 0.003118250286206603, -0.003253804286941886, 0.0034900710452347994], [-0.00040989776607602835, 0.0029001818038523197, -0.001282543526031077, 0.008877602405846119, -0.0019853573758155107, 0.0025358989369124174, -0.0013929469278082252, 0.0038657670374959707, -0.004068315960466862, 0.007199165411293507, -0.005149648524820805, 0.004907594062387943, -0.004074654076248407], [0.0003112786798737943, -0.002621558029204607, 0.0011272180126979947, -0.0019853573758155107, 0.012077332474291325, -0.0024491194635629654, 0.0001400363544235006, -0.0028475236613303423, -0.0027115812990814447, -0.003094632178544998, 0.006948273163288832, -0.007720445282757282, 0.0024560715537518263], [-0.00016209829482249916, 0.003994416445493698, -0.0024088427890092134, 0.0025358989369124174, -0.0024491194635629654, 0.01580868475139141, -0.008781750686466694, 0.0021736822091042995, 0.0008151156362146139, 0.0014845699770376086, -0.008573779836297035, 0.011079354211688042, -0.006896569859236479], [-3.4869681257987395e-05, -0.0022725719027221203, 0.002267917152494192, -0.0013929469278082252, 0.0001400363544235006, -0.008781750686466694, 0.016409890726208687, -0.0051207225769758224, 0.002740740543231368, -0.0012492882087826729, 0.0028313484508544207, -0.003403922077268362, 0.006338124163448811], [-0.00018271552107762545, 0.002923243213444948, -0.0006409217603504658, 0.0038657670374959707, -0.0028475236613303423, 0.0021736822091042995, -0.0051207225769758224, 0.017401209101080894, -0.010835180059075356, 0.003940304275602102, -0.0027885364834219217, -0.0007793437107466161, 0.0002910110342781991], [0.00047889130655676126, -0.0017660781741142273, 0.0016756260301917791, -0.004068315960466862, -0.0027115812990814447, 0.0008151156362146139, 0.002740740543231368, -0.010835180059075356, 0.025832459330558777, -0.010599924251437187, 0.001224883715622127, 0.006439024116843939, -0.001943600713275373], [-0.00046389116323553026, 0.0037931499537080526, -0.0038200300186872482, 0.007199165411293507, -0.003094632178544998, 0.0014845699770376086, -0.0012492882087826729, 0.003940304275602102, -0.010599924251437187, 0.02711603045463562, -0.011272812262177467, 0.0016996478661894798, 0.002737672533839941], [0.0006119593163020909, -0.005353814456611872, 0.003118250286206603, -0.005149648524820805, 0.006948273163288832, -0.008573779836297035, 0.0028313484508544207, -0.0027885364834219217, 0.001224883715622127, -0.011272812262177467, 0.029023485258221626, -0.014155171811580658, -0.00010805935744429007], [-0.000494261970743537, 0.005740997847169638, -0.003253804286941886, 0.004907594062387943, -0.007720445282757282, 0.011079354211688042, -0.003403922077268362, -0.0007793437107466161, 0.006439024116843939, 0.0016996478661894798, -0.014155171811580658, 0.034470073878765106, -0.012616636231541634], [0.0006458511925302446, -0.0035268941428512335, 0.0034900710452347994, -0.004074654076248407, 0.0024560715537518263, -0.006896569859236479, 0.006338124163448811, 0.0002910110342781991, -0.001943600713275373, 0.002737672533839941, -0.00010805935744429007, -0.012616636231541634, 0.032902542501688004]], "lowlevel.mfcc.cov": [[1695.0308837890625, -521.256591796875, 114.26642608642578, 55.1035041809082, -42.38542556762695, 40.4486083984375, 50.29972839355469, 26.08531951904297, 10.4624662399292, 21.282155990600586, 4.588632106781006, -1.4552382230758667, 4.243957042694092], [-521.256591796875, 777.7745971679688, -285.72821044921875, -4.85029411315918, 0.8205252289772034, -62.63479232788086, -43.46354293823242, -13.72430419921875, -16.9932918548584, -18.701608657836914, 7.104245185852051, -16.859041213989258, -32.30503845214844], [114.26642608642578, -285.72821044921875, 298.6166076660156, -24.266054153442383, -10.892067909240723, 40.44338607788086, 25.1283016204834, -24.29300308227539, -13.718697547912598, -4.096351623535156, -13.604515075683594, 15.365058898925781, 14.26828384399414], [55.1035041809082, -4.85029411315918, -24.266054153442383, 157.3704376220703, 30.955970764160156, -16.245811462402344, -40.9433708190918, 7.078959941864014, 0.27302882075309753, -26.048721313476562, -20.496288299560547, -6.693023204803467, 0.3028721809387207], [-42.38542556762695, 0.8205252289772034, -10.892067909240723, 30.955970764160156, 100.89769744873047, -12.774412155151367, -29.5394229888916, -0.5261832475662231, 17.5709171295166, 1.3913350105285645, 1.1668444871902466, 8.67133903503418, 10.123982429504395], [40.4486083984375, -62.63479232788086, 40.44338607788086, -16.245811462402344, -12.774412155151367, 105.8794937133789, 41.99699401855469, -4.224508285522461, -9.197093963623047, 9.837782859802246, -3.958860158920288, -14.800692558288574, -5.456921100616455], [50.29972839355469, -43.46354293823242, 25.1283016204834, -40.9433708190918, -29.5394229888916, 41.99699401855469, 95.0597152709961, 29.23704719543457, -1.0625438690185547, 9.985520362854004, 11.156553268432617, 1.280483603477478, 2.6970455646514893], [26.08531951904297, -13.72430419921875, -24.29300308227539, 7.078959941864014, -0.5261832475662231, -4.224508285522461, 29.23704719543457, 73.13031768798828, 27.3399715423584, 6.263736724853516, 3.656337022781372, 6.222004413604736, 2.0882070064544678], [10.4624662399292, -16.9932918548584, -13.718697547912598, 0.27302882075309753, 17.5709171295166, -9.197093963623047, -1.0625438690185547, 27.3399715423584, 68.61461639404297, 31.37447166442871, 14.968733787536621, 8.77718448638916, 9.513558387756348], [21.282155990600586, -18.701608657836914, -4.096351623535156, -26.048721313476562, 1.3913350105285645, 9.837782859802246, 9.985520362854004, 6.263736724853516, 31.37447166442871, 75.87555694580078, 23.80480194091797, 7.194468021392822, 3.983593702316284], [4.588632106781006, 7.104245185852051, -13.604515075683594, -20.496288299560547, 1.1668444871902466, -3.958860158920288, 11.156553268432617, 3.656337022781372, 14.968733787536621, 23.80480194091797, 56.35422897338867, 20.349668502807617, 1.24143648147583], [-1.4552382230758667, -16.859041213989258, 15.365058898925781, -6.693023204803467, 8.67133903503418, -14.800692558288574, 1.280483603477478, 6.222004413604736, 8.77718448638916, 7.194468021392822, 20.349668502807617, 63.16557312011719, 30.577302932739258], [4.243957042694092, -32.30503845214844, 14.26828384399414, 0.3028721809387207, 10.123982429504395, -5.456921100616455, 2.6970455646514893, 2.0882070064544678, 9.513558387756348, 3.983593702316284, 1.24143648147583, 30.577302932739258, 55.98762130737305]], "lowlevel.mfcc.icov": [[0.0007956763729453087, 0.0006353293429128826, 0.0002915342047344893, -0.0004094323085155338, 0.000384724437026307, 9.737279469845816e-05, -0.0003146606031805277, 0.00010680770355975255, 3.8013633457012475e-05, -0.00016952842997852713, -0.0001096565174520947, -6.4815535552043e-06, 0.00019686266023200005], [0.0006353293429128826, 0.002687904518097639, 0.0023739582393318415, 0.00017583154840394855, 0.000333938718540594, 0.0006332514458335936, -0.0002185283665312454, 0.0010116184130311012, 0.00037083838833495975, 0.00031069020042195916, 0.0001769432710716501, -0.00046477862633764744, 0.0010357480496168137], [0.0002915342047344893, 0.0023739582393318415, 0.006161501165479422, 0.0006188679835759103, 0.0002463088312651962, -0.0005965903401374817, -0.001254635164514184, 0.002839471912011504, -5.7355580793228e-05, 0.0006340428371913731, 0.0019710620399564505, -0.002311850432306528, 0.0008094716467894614], [-0.0004094323085155338, 0.00017583154840394855, 0.0006188679835759103, 0.008614841848611832, -0.0017825230024755, -0.0006162158097140491, 0.0038957898505032063, -0.0024308175779879093, 0.00018099002772942185, 0.002396546071395278, 0.001443294808268547, 0.0004964154795743525, -0.0004109575238544494], [0.000384724437026307, 0.000333938718540594, 0.0002463088312651962, -0.0017825230024755, 0.01221088320016861, -0.000590405659750104, 0.0031945419032126665, 0.00012923633039463311, -0.002835879335179925, 0.00032790968543849885, -0.0006666567642241716, -0.0007890792330726981, -0.001409616437740624], [9.737279469845816e-05, 0.0006332514458335936, -0.0005965903401374817, -0.0006162158097140491, -0.000590405659750104, 0.013456970453262329, -0.006872270721942186, 0.0029666610062122345, 0.0010228489991277456, -0.002340664155781269, 0.001399290980771184, 0.00269539887085557, 0.0006417810218408704], [-0.0003146606031805277, -0.0002185283665312454, -0.001254635164514184, 0.0038957898505032063, 0.0031945419032126665, -0.006872270721942186, 0.02040940895676613, -0.010417090728878975, 0.003508287947624922, 0.0002058081008726731, -0.004249302204698324, 0.0015234746970236301, -0.002994273556396365], [0.00010680770355975255, 0.0010116184130311012, 0.002839471912011504, -0.0024308175779879093, 0.00012923633039463311, 0.0029666610062122345, -0.010417090728878975, 0.022820688784122467, -0.009592242538928986, 0.001676081563346088, 0.0035041868686676025, -0.0035480523947626352, 0.003152296645566821], [3.8013633457012475e-05, 0.00037083838833495975, -5.7355580793228e-05, 0.00018099002772942185, -0.002835879335179925, 0.0010228489991277456, 0.003508287947624922, -0.009592242538928986, 0.02429012581706047, -0.008588409051299095, -0.003427679417654872, 0.0020549993496388197, -0.0035366949159651995], [-0.00016952842997852713, 0.00031069020042195916, 0.0006340428371913731, 0.002396546071395278, 0.00032790968543849885, -0.002340664155781269, 0.0002058081008726731, 0.001676081563346088, -0.008588409051299095, 0.019520483911037445, -0.005373110994696617, 0.0002596041595097631, -0.00029447287670336664], [-0.0001096565174520947, 0.0001769432710716501, 0.0019710620399564505, 0.001443294808268547, -0.0006666567642241716, 0.001399290980771184, -0.004249302204698324, 0.0035041868686676025, -0.003427679417654872, -0.005373110994696617, 0.026259152218699455, -0.01039229054003954, 0.005989390425384045], [-6.4815535552043e-06, -0.00046477862633764744, -0.002311850432306528, 0.0004964154795743525, -0.0007890792330726981, 0.00269539887085557, 0.0015234746970236301, -0.0035480523947626352, 0.0020549993496388197, 0.0002596041595097631, -0.01039229054003954, 0.027325058355927467, -0.014277508482336998], [0.00019686266023200005, 0.0010357480496168137, 0.0008094716467894614, -0.0004109575238544494, -0.001409616437740624, 0.0006417810218408704, -0.002994273556396365, 0.003152296645566821, -0.0035366949159651995, -0.00029447287670336664, 0.005989390425384045, -0.014277508482336998, 0.02687053009867668]], "metadata.audio_properties.analysis.downmix": "mix", "metadata.audio_properties.codec": "mp3", "metadata.audio_properties.md5_encoded": "6615b2e74fb232dbef18dec35604f551", "metadata.tags.file_name": "1183705691949649981.mp3", "metadata.version.essentia": "2.1-beta6-dev", "metadata.version.essentia_git_sha": "v2.1_beta5-1110-g77a6a954", "metadata.version.extractor": "music 2.0", "tonal.chords_key": "A", "tonal.chords_scale": "minor", "tonal.key_edma.key": "A", "tonal.key_edma.scale": "minor", "tonal.key_krumhansl.key": "A", "tonal.key_krumhansl.scale": "minor", "to