{"song_id": "1183709261327515749", "download": "https://cdn.discordapp.com/attachments/1128313332273782784/1183709261327515749/chirp.mp4?ex=65895228&amp", "lyrics": "\u0421 \u0414\u043d\u0451\u043c \u0420\u043e\u0436\u0434\u0435\u043d\u0438\u044f \u0442\u0435\u0431\u044f \u041d\u0430\u0434\u044f!\n\u041f\u0443\u0441\u0442\u044c \u0440\u0430\u0434\u043e\u0441\u0442\u044c \u0432\u0441\u0435\u0433\u0434\u0430 \u043f\u043e\u0431\u0435\u0436\u0434\u0430\u0435\u0442 \u0433\u0440\u0443\u0441\u0442\u044c,\n\u041f\u043b\u044b\u0432\u0438 \u043f\u043e \u0436\u0438\u0437\u043d\u0438 \u043d\u0430\u0437\u0430\u0434 \u043d\u0435 \u0433\u043b\u044f\u0434\u044f, \n\u0418 \u043f\u0430\u0440\u0443\u0441 \u0442\u0432\u043e\u0439 \u0440\u0430\u0437\u0432\u0438\u0432\u0430\u0435\u0442\u0441\u044f \u043f\u0443\u0441\u0442\u044c!  (\u041f\u0443\u0443\u0443\u0441\u0442\u044c)\n\u041f\u0443\u0441\u0442\u044c \u0431\u0443\u0434\u0443\u0442 \u0441\u0447\u0430\u0441\u0442\u044c\u044f \u0448\u0438\u0440\u043e\u043a\u0438\u0435 \u0440\u0435\u043a\u0438, \n\u0418 \u0432\u043e\u043b\u043d\u044b \u043b\u044e\u0431\u0432\u0438 \u0443 \u043c\u043e\u0440\u0441\u043a\u0438\u0445 \u0431\u0435\u0440\u0435\u0433\u043e\u0432,\n\u0412\u043f\u0435\u0440\u0451\u0434 \u043f\u043e\u043d\u0435\u0441\u0451\u0442 \u0432\u043e\u0434\u043e\u043f\u0430\u0434 \u0442\u0435\u0431\u044f \u043d\u0435\u043a\u0438\u0439\n\u0421\u043a\u0432\u043e\u0437\u044c \u0434\u0436\u0443\u043d\u0433\u043b\u0438 \u0441\u0430\u043c\u044b\u0445 \u043f\u0440\u0435\u043a\u0440\u0430\u0441\u043d\u044b\u0445 \u0446\u0432\u0435\u0442\u043e\u0432! \n\u0421 \u0414\u043d\u0451\u043c \u0420\u043e\u0436\u0434\u0435\u043d\u0438\u044f, \u0442\u0435\u0431\u044f\u044f\u044f\u044f, \u041d\u0430\u0434\u044f\u044f\u044f!\n\u0421 \u0414\u043d\u0451\u043c \u0440\u043e\u0436\u0434\u0435\u043d\u0438\u044f, \u0442\u0435\u0431\u044f, \u0423\u0420\u0410\u0410\u0410!!!", "style": ["pop"], "essentia_features": {"lowlevel.average_loudness": 0.9855853319168091, "lowlevel.barkbands_crest.mean": 13.843378067016602, "lowlevel.barkbands_crest.stdev": 4.272647380828857, "lowlevel.barkbands_flatness_db.mean": 0.13444112241268158, "lowlevel.barkbands_flatness_db.stdev": 0.0390191525220871, "lowlevel.barkbands_kurtosis.mean": 5.543270587921143, "lowlevel.barkbands_kurtosis.stdev": 7.921159267425537, "lowlevel.barkbands_skewness.mean": 2.28378963470459, "lowlevel.barkbands_skewness.stdev": 1.1373193264007568, "lowlevel.barkbands_spread.mean": 33.552452087402344, "lowlevel.barkbands_spread.stdev": 15.883914947509766, "lowlevel.dissonance.mean": 0.48728734254837036, "lowlevel.dissonance.stdev": 0.011806441470980644, "lowlevel.dynamic_complexity": 0.7968416213989258, "lowlevel.erbbands_crest.mean": 6.778010845184326, "lowlevel.erbbands_crest.stdev": 3.4606053829193115, "lowlevel.erbbands_flatness_db.mean": 0.10723601281642914, "lowlevel.erbbands_flatness_db.stdev": 0.02281196042895317, "lowlevel.erbbands_kurtosis.mean": 0.26647332310676575, "lowlevel.erbbands_kurtosis.stdev": 1.3083164691925049, "lowlevel.erbbands_skewness.mean": -0.44677484035491943, "lowlevel.erbbands_skewness.stdev": 0.6513371467590332, "lowlevel.erbbands_spread.mean": 57.88360595703125, "lowlevel.erbbands_spread.stdev": 21.689865112304688, "lowlevel.hfc.mean": 51.97209548950195, "lowlevel.hfc.stdev": 25.125295639038086, "lowlevel.loudness_ebu128.integrated": -10.300186157226562, "lowlevel.loudness_ebu128.loudness_range": 0.3857088088989258, "lowlevel.loudness_ebu128.momentary.mean": -10.309222221374512, "lowlevel.loudness_ebu128.momentary.stdev": 0.27956223487854004, "lowlevel.loudness_ebu128.short_term.mean": -10.302105903625488, "lowlevel.loudness_ebu128.short_term.stdev": 0.12381511926651001, "lowlevel.melbands_crest.mean": 20.57756805419922, "lowlevel.melbands_crest.stdev": 3.8179574012756348, "lowlevel.melbands_flatness_db.mean": 0.20720089972019196, "lowlevel.melbands_flatness_db.stdev": 0.0460769385099411, "lowlevel.melbands_kurtosis.mean": 36.39263153076172, "lowlevel.melbands_kurtosis.stdev": 37.738685607910156, "lowlevel.melbands_skewness.mean": 5.118837833404541, "lowlevel.melbands_skewness.stdev": 2.3955695629119873, "lowlevel.melbands_spread.mean": 19.829792022705078, "lowlevel.melbands_spread.stdev": 11.494778633117676, "lowlevel.pitch_salience.mean": 0.42863085865974426, "lowlevel.pitch_salience.stdev": 0.11566366255283356, "lowlevel.silence_rate_20dB.mean": 1.0, "lowlevel.silence_rate_20dB.stdev": 0.0, "lowlevel.silence_rate_30dB.mean": 0.8504672646522522, "lowlevel.silence_rate_30dB.stdev": 0.3566110134124756, "lowlevel.silence_rate_60dB.mean": 0.0012461058795452118, "lowlevel.silence_rate_60dB.stdev": 0.03527818247675896, "lowlevel.spectral_centroid.mean": 2098.489990234375, "lowlevel.spectral_centroid.stdev": 498.6263732910156, "lowlevel.spectral_complexity.mean": 34.311527252197266, "lowlevel.spectral_complexity.stdev": 9.696188926696777, "lowlevel.spectral_decrease.mean": -1.9864208056219468e-08, "lowlevel.spectral_decrease.stdev": 7.458472062182864e-09, "lowlevel.spectral_energy.mean": 0.07968627661466599, "lowlevel.spectral_energy.stdev": 0.028229137882590294, "lowlevel.spectral_energyband_high.mean": 0.0043614692986011505, "lowlevel.spectral_energyband_high.stdev": 0.0030820586252957582, "lowlevel.spectral_energyband_low.mean": 0.059218183159828186, "lowlevel.spectral_energyband_low.stdev": 0.029873190447688103, "lowlevel.spectral_energyband_middle_high.mean": 0.00761284539476037, "lowlevel.spectral_energyband_middle_high.stdev": 0.005044876132160425, "lowlevel.spectral_energyband_middle_low.mean": 0.008332042023539543, "lowlevel.spectral_energyband_middle_low.stdev": 0.010754838585853577, "lowlevel.spectral_entropy.mean": 8.177913665771484, "lowlevel.spectral_entropy.stdev": 0.17744441330432892, "lowlevel.spectral_flux.mean": 0.1517552137374878, "lowlevel.spectral_flux.stdev": 0.06250899285078049, "lowlevel.spectral_kurtosis.mean": 1.6408138275146484, "lowlevel.spectral_kurtosis.stdev": 0.8854328393936157, "lowlevel.spectral_rms.mean": 0.008686639368534088, "lowlevel.spectral_rms.stdev": 0.0015116414288058877, "lowlevel.spectral_rolloff.mean": 1244.6055908203125, "lowlevel.spectral_rolloff.stdev": 1509.1497802734375, "lowlevel.spectral_skewness.mean": 1.0175933837890625, "lowlevel.spectral_skewness.stdev": 0.20254270732402802, "lowlevel.spectral_spread.mean": 6131559.5, "lowlevel.spectral_spread.stdev": 1352547.75, "lowlevel.spectral_strongpeak.mean": 0.5159159302711487, "lowlevel.spectral_strongpeak.stdev": 0.3640533685684204, "lowlevel.zerocrossingrate.mean": 0.06797818094491959, "lowlevel.zerocrossingrate.stdev": 0.02724613808095455, "metadata.audio_properties.analysis.equal_loudness": 0.0, "metadata.audio_properties.analysis.length": 37.22664260864258, "metadata.audio_properties.analysis.sample_rate": 44100.0, "metadata.audio_properties.analysis.start_time": 0.0, "metadata.audio_properties.bit_rate": 118635.0, "metadata.audio_properties.length": 37.22666549682617, "metadata.audio_properties.lossless": 0.0, "metadata.audio_properties.number_channels": 1.0, "metadata.audio_properties.replay_gain": -13.372232437133789, "metadata.audio_properties.sample_rate": 48000.0, "rhythm.beats_count": 91.0, "rhythm.beats_loudness.mean": 0.08431749790906906, "rhythm.beats_loudness.stdev": 0.023359891027212143, "rhythm.bpm": 148.5287322998047, "rhythm.bpm_histogram_first_peak_bpm": 148.0, "rhythm.bpm_histogram_first_peak_weight": 0.3139535188674927, "rhythm.bpm_histogram_second_peak_bpm": 136.0, "rhythm.bpm_histogram_second_peak_spread": 0.5, "rhythm.bpm_histogram_second_peak_weight": 0.02222222276031971, "rhythm.danceability": 2.092700719833374, "rhythm.onset_rate": 4.940285682678223, "tonal.chords_changes_rate": 0.08468244224786758, "tonal.chords_number_rate": 0.009962639771401882, "tonal.chords_strength.mean": 0.5705456733703613, "tonal.chords_strength.stdev": 0.12714771926403046, "tonal.hpcp_crest.mean": 10.311336517333984, "tonal.hpcp_crest.stdev": 4.466632843017578, "tonal.hpcp_entropy.mean": 2.6082282066345215, "tonal.hpcp_entropy.stdev": 0.7469350099563599, "tonal.key_edma.strength": 0.49984318017959595, "tonal.key_krumhansl.strength": 0.5078085064888, "tonal.key_temperley.strength": 0.5066360831260681, "tonal.tuning_diatonic_strength": 0.5842094421386719, "tonal.tuning_equal_tempered_deviation": 0.28719794750213623, "tonal.tuning_frequency": 434.193115234375, "tonal.tuning_nontempered_energy_ratio": 0.9144837856292725, "lowlevel.barkbands.mean": [0.005307094659656286, 0.04068424180150032, 0.013506603427231312, 0.001768990303389728, 0.0029418335761874914, 0.000589520379435271, 0.0010654370998963714, 0.0009545860812067986, 0.0007931650034151971, 0.0008392134914174676, 0.0009455632534809411, 0.0009490319062024355, 0.0008448466542176902, 0.0005637480644509196, 0.0006710229790769517, 0.0007629742613062263, 0.0007602896657772362, 0.0004278190026525408, 0.0005320197087712586, 0.0009007326443679631, 0.0009119376773014665, 0.0007910121348686516, 0.0006274950574152172, 0.0007853582501411438, 0.0005591973895207047, 0.00019982270896434784, 2.711743945837952e-06], "lowlevel.barkbands.stdev": [0.004464805591851473, 0.02882944792509079, 0.010892217047512531, 0.0026598447002470493, 0.007670299615710974, 0.001169334165751934, 0.0019671146292239428, 0.001731742057017982, 0.0014759220648556948, 0.0016104956157505512, 0.00178324687294662, 0.0021640490740537643, 0.0013697448885068297, 0.0008146305335685611, 0.001012482913210988, 0.0011166954645887017, 0.0006789518520236015, 0.00032077881041914225, 0.0003588535182643682, 0.00058708869619295, 0.0006741408724337816, 0.0006841245340183377, 0.0005702816415578127, 0.0008026668219827116, 0.0006927638314664364, 0.0002623767068143934, 5.551695267058676e-06], "lowlevel.erbbands.mean": [1.1642863750457764, 8.794349670410156, 18.91863441467285, 9.352749824523926, 7.911303997039795, 10.155227661132812, 5.614711284637451, 4.937189102172852, 8.743370056152344, 26.1234073638916, 18.111846923828125, 17.10523796081543, 22.197872161865234, 33.913116455078125, 39.571109771728516, 41.1954345703125, 38.045860290527344, 32.71498489379883, 33.395206451416016, 36.395774841308594, 44.72182083129883, 43.27479934692383, 24.189531326293945, 25.02013397216797, 31.392841339111328, 41.66374969482422, 40.458885192871094, 33.26966094970703, 29.655040740966797, 22.308557510375977, 17.200071334838867, 16.009553909301758, 12.932698249816895, 7.5722880363464355, 3.2592926025390625, 1.2981977462768555, 0.27198219299316406, 0.023805994540452957, 0.000609082926530391, 0.00012743072875309736], "lowlevel.erbbands.stdev": [0.8137115240097046, 7.561742782592773, 13.122560501098633, 10.452436447143555, 21.88909339904785, 24.958065032958984, 10.813258171081543, 10.327188491821289, 17.300601959228516, 50.965702056884766, 31.241901397705078, 31.301334381103516, 46.1215705871582, 66.84593963623047, 69.64774322509766, 97.99000549316406, 58.6189079284668, 47.6848030090332, 49.04111862182617, 53.445621490478516, 58.503360748291016, 38.20991134643555, 17.570472717285156, 17.830427169799805, 20.12937355041504, 27.281240463256836, 28.797508239746094, 26.094812393188477, 24.97328758239746, 21.470693588256836, 15.402801513671875, 15.366101264953613, 14.179526329040527, 9.253291130065918, 4.126114845275879, 1.7096152305603027, 0.36244553327560425, 0.03493756428360939, 0.0007761020679026842, 5.194798359298147e-05], "lowlevel.gfcc.mean": [76.96351623535156, 47.86147689819336, -97.0465316772461, 65.03581237792969, -46.65300750732422, 42.86528778076172, -27.728424072265625, 24.990589141845703, -21.11983871459961, 13.548052787780762, -17.439720153808594, 0.9134137630462646, -12.109212875366211], "lowlevel.melbands.mean": [0.010837596841156483, 0.010408530943095684, 0.0015925352927297354, 0.0006900509470142424, 0.00024065314210020006, 0.00011179466673638672, 0.00015499923028983176, 0.00027502651209942997, 0.0001365954813081771, 0.00011025708954548463, 0.0001092598176910542, 0.00013261874846648425, 0.0001332269312115386, 0.00010532722080824897, 9.709596633911133e-05, 8.302230708068237e-05, 5.664478521794081e-05, 5.1993240049341694e-05, 4.9755301006371155e-05, 4.806433935300447e-05, 5.3699041018262506e-05, 4.827227530768141e-05, 2.7672433134284802e-05, 1.859744224930182e-05, 2.0135448721703142e-05, 2.0358780602691695e-05, 2.737370232352987e-05, 2.738686089287512e-05, 2.643515654199291e-05, 2.1901567379245535e-05, 1.8225331587018445e-05, 1.755581979523413e-05, 1.3749683603236917e-05, 1.1881160389748402e-05, 9.75053171714535e-06, 9.51221227296628e-06, 1.0093323908222374e-05, 9.614590453566052e-06, 7.547969289589673e-06, 5.9897952269238885e-06], "lowlevel.melbands.stdev": [0.007227435242384672, 0.006782358046621084, 0.0017311926931142807, 0.0019275519298389554, 0.00043457673746161163, 0.0002291269483976066, 0.00028692156774923205, 0.0005231413524597883, 0.00024718980421312153, 0.0002015545906033367, 0.00023121591948438436, 0.0002739895135164261, 0.00024530026712454855, 0.0002025188150582835, 0.00021962870960123837, 0.00013504202070180327, 8.790693391347304e-05, 7.876293238950893e-05, 7.385012577287853e-05, 7.76730666984804e-05, 7.049377745715901e-05, 4.532184902927838e-05, 2.4038765332079493e-05, 1.4328530596685596e-05, 1.5192626960924827e-05, 1.470288225391414e-05, 1.8430864656693302e-05, 1.9380389858270064e-05, 2.001498796744272e-05, 1.7506423318991438e-05, 1.5162462659645826e-05, 1.5089890439412557e-05, 1.3262633729027584e-05, 1.1947917300858535e-05, 9.095139830606058e-06, 8.735121809877455e-06, 1.0449449291627388e-05, 1.0801462849485688e-05, 8.843993782647885e-06, 7.669129445275757e-06], "lowlevel.melbands128.mean": [0.0037696249783039093, 0.009714756160974503, 0.01211374718695879, 0.016116533428430557, 0.012319314293563366, 0.0053783622570335865, 0.0018254616297781467, 0.000668736407533288, 0.0007762538152746856, 0.0008635668200440705, 0.0005373122403398156, 0.00031532064895145595, 0.00017199604189954698, 0.00012605627125594765, 0.00010493673471501097, 0.00010521823423914611, 0.00011582683509914204, 0.0001170506002381444, 0.000247489515459165, 0.00038586961454711854, 0.0002233622217318043, 0.0001495744800195098, 0.0001365310890832916, 0.00010904145892709494, 9.868086635833606e-05, 0.00011118136899312958, 0.00013521687651518732, 0.0001037341498886235, 8.592865196987987e-05, 0.0001398819440510124, 0.000148545834235847, 0.00011998353875242174, 0.0001504211249994114, 0.00013218418462201953, 8.66750706336461e-05, 9.937590220943093e-05, 0.00013188354205340147, 9.910856169881299e-05, 7.302480662474409e-05, 8.303666982101277e-05, 8.993857773020864e-05, 8.004365372471511e-05, 4.973147588316351e-05, 5.1046656153630465e-05, 4.926540350425057e-05, 4.9008740461431444e-05, 6.200146890478209e-05, 4.409969551488757e-05, 4.902266664430499e-05, 5.144099850440398e-05, 4.3679665395757183e-05, 4.9894450057763606e-05, 5.3787654906045645e-05, 5.668588710250333e-05, 5.083243377157487e-05, 5.267553569865413e-05, 4.2450526962056756e-05, 2.8401682357070968e-05, 2.548701741034165e-05, 1.8109196389559656e-05, 1.664015326241497e-05, 2.013305675063748e-05, 2.085113010252826e-05, 2.030360519711394e-05, 1.8594731955090538e-05, 2.0270392269594595e-05, 2.088696783175692e-05, 2.3326012524194084e-05, 3.041315903828945e-05, 3.144054426229559e-05, 2.66799506789539e-05, 2.3886721464805305e-05, 3.031116648344323e-05, 2.7180527467862703e-05, 2.193241562054027e-05, 2.3185944883152843e-05, 2.143578058166895e-05, 1.907825208036229e-05, 1.7607371773920022e-05, 1.7220236259163357e-05, 1.863203215179965e-05, 1.7848195057013072e-05, 1.5083742255228572e-05, 1.3165786185709294e-05, 1.2687324669968802e-05, 1.250308832823066e-05, 1.1498958883748855e-05, 1.0913113328570034e-05, 9.1846268333029e-06, 9.3770495368517e-06, 9.55198447627481e-06, 9.87345993053168e-06, 8.978970981843304e-06, 9.960208444681484e-06, 1.0677477803255897e-05, 1.0871582162508275e-05, 9.036943083629012e-06, 8.481023542117327e-06, 7.544406344095478e-06, 7.181380624388112e-06, 6.8417266447795555e-06, 5.59719956072513e-06, 5.3508974815486e-06, 4.498366251937114e-06, 3.4222944123030175e-06, 2.7423932351666735e-06, 2.8665779154835036e-06, 3.0271171453932766e-06, 2.268960088258609e-06, 1.6517914218638907e-06, 1.4198039934854023e-06, 1.0311605365131982e-06, 7.787839990669454e-07, 5.035517460783012e-07, 3.145371181290102e-07, 2.28057530193837e-07, 1.0460129118428085e-07, 1.265895388513627e-08, 4.4592535219933893e-10, 3.980257096136697e-11, 3.078066274087021e-11, 3.550425925480383e-11, 3.699892128783411e-11, 3.608531182197616e-11, 2.5564102917874365e-11, 1.3881974562923727e-11, 9.907736089886932e-12, 9.14226593734524e-12], "lowlevel.melbands128.stdev": [0.0036533621605485678, 0.008067173883318901, 0.011903783306479454, 0.014017482288181782, 0.008660469204187393, 0.0045834858901798725, 0.0025070258416235447, 0.0011511148186400533, 0.0024762360844761133, 0.0027894084341824055, 0.0012948699295520782, 0.0006233429885469377, 0.00042977771954610944, 0.0003189414564985782, 0.000271753960987553, 0.00025374331744387746, 0.00032983077107928693, 0.0002831046294886619, 0.0005377758643589914, 0.0008707391680218279, 0.0005348502309061587, 0.0003562222991604358, 0.00032450168509967625, 0.00033731802250258625, 0.00027800543466582894, 0.0002443695848342031, 0.0003966837248299271, 0.000311130250338465, 0.00020223301544319838, 0.00034509258694015443, 0.00040065281791612506, 0.0003209796850569546, 0.0003514446143526584, 0.0003137674939353019, 0.00017700459284242243, 0.00024462136207148433, 0.0005058382521383464, 0.00028868846129626036, 0.00017649660003371537, 0.00018176372395828366, 0.0001712953089736402, 0.00018051185179501772, 9.843520092545077e-05, 0.00010004992509493604, 8.340497151948512e-05, 9.522911568637937e-05, 0.00013839206076227129, 8.181062730727717e-05, 0.00010077509068651125, 0.00010781438322737813, 8.785010140854865e-05, 0.00010077818296849728, 9.601635247236118e-05, 8.312312274938449e-05, 5.981375215924345e-05, 5.9913192671956494e-05, 4.994308255845681e-05, 3.21184670610819e-05, 2.688625500013586e-05, 1.7123145880759694e-05, 1.66622794495197e-05, 1.9444687495706603e-05, 2.0596997273969464e-05, 1.9301163774798624e-05, 1.6274445442832075e-05, 1.886237077997066e-05, 1.8861957869376056e-05, 2.098280492646154e-05, 2.5006003852467984e-05, 2.6194300517090596e-05, 2.49128534051124e-05, 2.2474130673799664e-05, 2.794196734612342e-05, 2.5306324459961616e-05, 1.9274284568382427e-05, 2.1926864064880647e-05, 2.1550642486545257e-05, 1.8480091966921464e-05, 1.726936170598492e-05, 1.7023601685650647e-05, 1.8455639292369597e-05, 1.835122202464845e-05, 1.5189296391326934e-05, 1.4740501683263574e-05, 1.4650921912107151e-05, 1.4278590242611244e-05, 1.290465661440976e-05, 1.1910899957001675e-05, 9.579591278452426e-06, 9.69245593296364e-06, 9.893843525787815e-06, 9.937169124896172e-06, 9.757705811352935e-06, 1.1680070201691706e-05, 1.2352631529211067e-05, 1.2846036042901687e-05, 1.1324625120323617e-05, 1.0443542123539373e-05, 9.208570190821774e-06, 9.728348231874406e-06, 8.8880669864011e-06, 7.910695785540156e-06, 7.533823008998297e-06, 6.340306299534859e-06, 5.019842319597956e-06, 3.7163442812016e-06, 4.0460386117047165e-06, 4.291769073461182e-06, 3.218254505554796e-06, 2.55016880146286e-06, 2.2395274754671846e-06, 1.4587810710509075e-06, 1.2364497479211423e-06, 8.053200986068987e-07, 5.523357344827673e-07, 4.756619489398872e-07, 2.0081257900983474e-07, 5.303235184328514e-08, 6.746981195959734e-09, 4.2426301360976026e-10, 3.018551797406843e-10, 4.74166095276729e-10, 4.842172218744167e-10, 4.041988410641295e-10, 2.552294486868334e-10, 6.589986889515842e-11, 1.6155549120711044e-11, 1.1940720114067549e-11], "lowlevel.mfcc.mean": [-566.2366943359375, 69.50167083740234, 18.496658325195312, 32.638912200927734, 17.9281005859375, 22.181203842163086, 16.20684814453125, 12.33620548248291, 13.701018333435059, 10.142622947692871, 4.349862098693848, 10.410858154296875, 5.143337249755859], "lowlevel.spectral_contrast_coeffs.mean": [-0.6992053389549255, -0.7899095416069031, -0.8048076033592224, -0.8041399717330933, -0.8067119717597961, -0.7548323273658752], "lowlevel.spectral_contrast_coeffs.stdev": [0.06379751116037369, 0.06779257208108902, 0.05601004883646965, 0.04315841943025589, 0.01987176202237606, 0.027847306802868843], "lowlevel.spectral_contrast_valleys.mean": [-6.17090368270874, -6.662807941436768, -6.901636600494385, -6.874431610107422, -6.458351135253906, -8.674759864807129], "lowlevel.spectral_contrast_valleys.stdev": [0.45048829913139343, 0.5152392387390137, 0.580192506313324, 0.3817485570907593, 0.3319140374660492, 0.47329384088516235], "rhythm.beats_loudness_band_ratio.mean": [0.7768010497093201, 0.03521477431058884, 0.04119110852479935, 0.046225957572460175, 0.03997909650206566, 0.07272861897945404], "rhythm.beats_loudness_band_ratio.stdev": [0.10527932643890381, 0.0468100979924202, 0.04136759042739868, 0.05057743564248085, 0.03208662196993828, 0.04873952642083168], "tonal.hpcp.mean": [0.0436372235417366, 0.034472182393074036, 0.036059629172086716, 0.03639804199337959, 0.029672132804989815, 0.03229397535324097, 0.04234227165579796, 0.04799184948205948, 0.04899416118860245, 0.06462714076042175, 0.0701913982629776, 0.05149466171860695, 0.04018790274858475, 0.035904739052057266, 0.03588535636663437, 0.044130150228738785, 0.05650639906525612, 0.079217828810215, 0.10791018605232239, 0.11749373376369476, 0.13763070106506348, 0.23851358890533447, 0.37085625529289246, 0.3425571918487549, 0.17789706587791443, 0.0689966008067131, 0.0484878271818161, 0.06466233730316162, 0.06883072108030319, 0.07915420085191727, 0.18652991950511932, 0.25043556094169617, 0.16308988630771637, 0.08531951904296875, 0.05896152928471565, 0.050007414072752], "tonal.hpcp.stdev": [0.13218694925308228, 0.09868389368057251, 0.11003651469945908, 0.10890654474496841, 0.0764879435300827, 0.07240545749664307, 0.08848384022712708, 0.09056495875120163, 0.09435484558343887, 0.15110325813293457, 0.18238747119903564, 0.15071985125541687, 0.12669973075389862, 0.11212965846061707, 0.10266139358282089, 0.12328039109706879, 0.14531585574150085, 0.20298099517822266, 0.2543390989303589, 0.2651009261608124, 0.258163183927536, 0.33182522654533386, 0.4080560803413391, 0.38834860920906067, 0.2966562509536743, 0.18224410712718964, 0.15426623821258545, 0.19103428721427917, 0.20047275722026825, 0.20188522338867188, 0.3190535604953766, 0.37133467197418213, 0.2806427478790283, 0.2013610452413559, 0.15981703996658325, 0.15195277333259583], "rhythm.beats_position": [0.41795918345451355, 0.847528338432312, 1.277097463607788, 1.7182766199111938, 2.1594557762145996, 2.5774149894714355, 2.983764171600342, 3.390113353729248, 3.7964625358581543, 4.2028117179870605, 4.597550868988037, 5.003900051116943, 5.41024923324585, 5.804988384246826, 6.211337566375732, 6.617686748504639, 7.024035930633545, 7.430385589599609, 7.825124740600586, 8.231473922729492, 8.637823104858398, 9.044172286987305, 9.450521469116211, 9.856870651245117, 10.263219833374023, 10.657958984375, 11.064308166503906, 11.470657348632812, 11.877006530761719, 12.283355712890625, 12.678094863891602, 13.072834014892578, 13.490793228149414, 13.89714241027832, 14.303491592407227, 14.698230743408203, 15.10457992553711, 15.510929107666016, 15.905668258666992, 16.3120174407959, 16.718366622924805, 17.12471580505371, 17.531064987182617, 17.925804138183594, 18.32054328918457, 18.715282440185547, 19.121631622314453, 19.52798080444336, 19.934329986572266, 20.340679168701172, 20.758638381958008, 21.153377532958984, 21.55972671508789, 21.966075897216797, 22.372425079345703, 22.77877426147461, 23.173513412475586, 23.591472625732422, 23.9862117767334, 24.392560958862305, 24.798912048339844, 25.19365119934082, 25.600000381469727, 26.006349563598633, 26.40108871459961, 26.807437896728516, 27.213787078857422, 27.620136260986328, 28.026485443115234, 28.42122459411621, 28.827573776245117, 29.233922958374023, 29.64027214050293, 30.046621322631836, 30.441360473632812, 30.84770965576172, 31.254058837890625, 31.6487979888916, 32.055145263671875, 32.46149444580078, 32.86784362792969, 33.274192810058594, 33.69215393066406, 34.086891174316406, 34.481632232666016, 34.88798141479492, 35.29433059692383, 35.68906784057617, 36.09541702270508, 36.501766204833984, 36.90811538696289], "rhythm.bpm_histogram": [0.0, 0.0, 0.0, 0.0, 0.0, 0.0, 0.0, 0.0, 0.0, 0.0, 0.0, 0.0, 0.0, 0.0, 0.0, 0.0, 0.0, 0.0, 0.0, 0.0, 0.0, 0.0, 0.0, 0.0, 0.0, 0.0, 0.0, 0.0, 0.0, 0.0, 0.0, 0.0, 0.0, 0.0, 0.0, 0.0, 0.0, 0.0, 0.0, 0.0, 0.0, 0.0, 0.0, 0.0, 0.0, 0.0, 0.0, 0.0, 0.0, 0.0, 0.0, 0.0, 0.0, 0.0, 0.0, 0.0, 0.0, 0.0, 0.0, 0.0, 0.0, 0.0, 0.0, 0.0, 0.0, 0.0, 0.0, 0.0, 0.0, 0.0, 0.0, 0.0, 0.0, 0.0, 0.0, 0.0, 0.0, 0.0, 0.0, 0.0, 0.0, 0.0, 0.0, 0.0, 0.0, 0.0, 0.0, 0.0, 0.0, 0.0, 0.0, 0.0, 0.0, 0.0, 0.0, 0.0, 0.0, 0.0, 0.0, 0.0, 0.0, 0.0, 0.0, 0.0, 0.0, 0.0, 0.0, 0.0, 0.0, 0.0, 0.0, 0.0, 0.0, 0.0, 0.0, 0.0, 0.0, 0.0, 0.0, 0.0, 0.0, 0.0, 0.0, 0.0, 0.0, 0.0, 0.0, 0.0, 0.0, 0.0, 0.0, 0.0, 0.0, 0.0, 0.0, 0.0, 0.02222222276031971, 0.0, 0.0, 0.0, 0.02222222276031971, 0.0, 0.0, 0.0, 0.0555555559694767, 0.0, 0.0, 0.0, 0.6555555462837219, 0.0, 0.0, 0.0, 0.24444444477558136, 0.0, 0.0, 0.0, 0.0, 0.0, 0.0, 0.0, 0.0, 0.0, 0.0, 0.0, 0.0, 0.0, 0.0, 0.0, 0.0, 0.0, 0.0, 0.0, 0.0, 0.0, 0.0, 0.0, 0.0, 0.0, 0.0, 0.0, 0.0, 0.0, 0.0, 0.0, 0.0, 0.0, 0.0, 0.0, 0.0, 0.0, 0.0, 0.0, 0.0, 0.0, 0.0, 0.0, 0.0, 0.0, 0.0, 0.0, 0.0, 0.0, 0.0, 0.0, 0.0, 0.0, 0.0, 0.0, 0.0, 0.0, 0.0, 0.0, 0.0, 0.0, 0.0, 0.0, 0.0, 0.0, 0.0, 0.0, 0.0, 0.0, 0.0, 0.0, 0.0, 0.0, 0.0, 0.0, 0.0, 0.0, 0.0, 0.0, 0.0, 0.0, 0.0, 0.0, 0.0, 0.0, 0.0, 0.0, 0.0, 0.0, 0.0, 0.0, 0.0, 0.0, 0.0, 0.0, 0.0, 0.0], "tonal.chords_histogram": [29.514320373535156, 5.728518009185791, 0.0, 0.24906599521636963, 0.0, 3.985055923461914, 0.37359899282455444, 7.970111846923828, 0.0, 0.0, 0.0, 0.0, 0.0, 0.0, 3.2378580570220947, 0.0, 0.6226649880409241, 0.6226649880409241, 2.9887919425964355, 0.0, 0.37359899282455444, 0.0, 14.819427490234375, 29.514320373535156], "tonal.thpcp": [1.0, 0.9236926436424255, 0.4796927869319916, 0.1860467493534088, 0.13074560463428497, 0.17435957491397858, 0.1855994611978531, 0.2134363353252411, 0.5029709339141846, 0.6752901077270508, 0.4397657811641693, 0.2300608903169632, 0.15898755192756653, 0.1348431259393692, 0.11766614019870758, 0.09295295178890228, 0.09723343700170517, 0.09814595431089401, 0.08000979572534561, 0.0870794951915741, 0.11417435109615326, 0.12940822541713715, 0.13211092352867126, 0.17426466941833496, 0.18926846981048584, 0.13885343074798584, 0.10836517065763474, 0.09681578725576401, 0.09676352143287659, 0.1189952939748764, 0.15236738324165344, 0.21360790729522705, 0.29097577929496765, 0.3168174624443054, 0.371116042137146, 0.6431429386138916], "lowlevel.gfcc.cov": [[900.2991943359375, -70.52178192138672, -34.888729095458984, -53.91053009033203, -141.05972290039062, -40.34971237182617, -57.86510467529297, -60.762107849121094, -60.23317337036133, -40.822509765625, -62.57207107543945, 10.081469535827637, -42.78471374511719], [-70.52178192138672, 451.69873046875, -235.86375427246094, -138.5910186767578, -55.971981048583984, -56.71244812011719, 99.96743774414062, 10.812104225158691, 56.34716796875, 5.519733428955078, 50.246124267578125, -17.06719207763672, 28.144346237182617], [-34.888729095458984, -235.86375427246094, 354.57745361328125, 154.22337341308594, 40.516597747802734, -25.685209274291992, -117.35211181640625, -23.658777236938477, -34.16459274291992, 15.689830780029297, -6.678623676300049, 40.12078857421875, -9.535082817077637], [-53.91053009033203, -138.5910186767578, 154.22337341308594, 235.07693481445312, 82.24784851074219, -47.11668395996094, -127.1229019165039, -41.405975341796875, 29.146574020385742, 21.790302276611328, -11.718599319458008, 2.8531932830810547, 13.188576698303223], [-141.05972290039062, -55.971981048583984, 40.516597747802734, 82.24784851074219, 178.49562072753906, 51.25309371948242, 5.609622955322266, 36.58039855957031, 55.86244201660156, 44.96410369873047, 13.334922790527344, -0.5176659226417542, 30.035646438598633], [-40.34971237182617, -56.71244812011719, -25.685209274291992, -47.11668395996094, 51.25309371948242, 176.35890197753906, 142.49298095703125, 54.92277526855469, -40.83629608154297, -27.255733489990234, 15.183642387390137, -4.807303428649902, -1.0986942052841187], [-57.86510467529297, 99.96743774414062, -117.35211181640625, -127.1229019165039, 5.609622955322266, 142.49298095703125, 264.3046569824219, 94.94496154785156, -25.142242431640625, -37.67952346801758, 28.946773529052734, -1.6060781478881836, -3.657193422317505], [-60.762107849121094, 10.812104225158691, -23.658777236938477, -41.405975341796875, 36.58039855957031, 54.92277526855469, 94.94496154785156, 119.5613784790039, 62.82582473754883, 27.88385009765625, 19.058578491210938, -0.8207319974899292, 14.13721752166748], [-60.23317337036133, 56.34716796875, -34.16459274291992, 29.146574020385742, 55.86244201660156, -40.83629608154297, -25.142242431640625, 62.82582473754883, 153.73597717285156, 88.20012664794922, 19.619401931762695, -4.335952281951904, 27.017271041870117], [-40.822509765625, 5.519733428955078, 15.689830780029297, 21.790302276611328, 44.96410369873047, -27.255733489990234, -37.67952346801758, 27.88385009765625, 88.20012664794922, 98.81968688964844, 39.1093635559082, 10.221015930175781, 16.86542510986328], [-62.57207107543945, 50.246124267578125, -6.678623676300049, -11.718599319458008, 13.334922790527344, 15.183642387390137, 28.946773529052734, 19.058578491210938, 19.619401931762695, 39.1093635559082, 67.92594909667969, 28.135828018188477, 13.663578033447266], [10.081469535827637, -17.06719207763672, 40.12078857421875, 2.8531932830810547, -0.5176659226417542, -4.807303428649902, -1.6060781478881836, -0.8207319974899292, -4.335952281951904, 10.221015930175781, 28.135828018188477, 60.90149688720703, 24.12624740600586], [-42.78471374511719, 28.144346237182617, -9.535082817077637, 13.188576698303223, 30.035646438598633, -1.0986942052841187, -3.657193422317505, 14.13721752166748, 27.017271041870117, 16.86542510986328, 13.663578033447266, 24.12624740600586, 54.77878952026367]], "lowlevel.gfcc.icov": [[0.001508146058768034, 9.895654329739045e-06, 0.0006069590453989804, -0.00019408707157708704, 0.0011158931301906705, -0.000625171116553247, 0.00045985140604898334, -6.165205559227616e-05, 0.0004146307474002242, -0.001199337188154459, 0.002295785117894411, -0.0019751733634620905, 0.001209485693834722], [9.895654329739045e-06, 0.008306799456477165, 0.0008281896007247269, 0.003959442023187876, -0.00042479889816604555, 0.0071870568208396435, -0.005404387600719929, 0.006005719304084778, -0.006064713001251221, 0.006789025850594044, -0.010395699180662632, 0.007947045378386974, -0.006609125528484583], [0.0006069590453989804, 0.0008281896007247269, 0.007268207147717476, -0.0040341452695429325, 6.721819954691455e-05, 0.0002945366140920669, 0.0024165783543139696, -0.004861992783844471, 0.005808282643556595, -0.003977998625487089, 0.002565293340012431, -0.006178251467645168, 0.004111418500542641], [-0.00019408707157708704, 0.003959442023187876, -0.0040341452695429325, 0.012551642954349518, -0.004568350967019796, 0.0037742317654192448, -0.0005329227424226701, 0.0073571885004639626, -0.008381491526961327, 0.009148226119577885, -0.007877162657678127, 0.007083593867719173, -0.005101557821035385], [0.0011158931301906705, -0.00042479889816604555, 6.721819954691455e-05, -0.004568350967019796, 0.012262414209544659, -0.006066170521080494, -0.00011861154780490324, -9.346299339085817e-05, -0.001311153988353908, -0.005615349393337965, 0.00392584502696991, -0.000239300454268232, -0.0031259481329470873], [-0.000625171116553247, 0.0071870568208396435, 0.0002945366140920669, 0.0037742317654192448, -0.006066170521080494, 0.021192310377955437, -0.01046241819858551, 0.0012752291513606906, 0.0015783908311277628, 0.005870040971785784, -0.01135112065821886, 0.010054593905806541, -0.006497486028820276], [0.00045985140604898334, -0.005404387600719929, 0.0024165783543139696, -0.0005329227424226701, -0.00011861154780490324, -0.01046241819858551, 0.01728774979710579, -0.012307367287576199, 0.005364542361348867, 0.0012098212027922273, 0.002402465557679534, -0.0076440200209617615, 0.0076195234432816505], [-6.165205559227616e-05, 0.006005719304084778, -0.004861992783844471, 0.0073571885004639626, -9.346299339085817e-05, 0.0012752291513606906, -0.012307367287576199, 0.029667306691408157, -0.020086754113435745, 0.007603084202855825, -0.007601446937769651, 0.008952584117650986, -0.0086336275562644], [0.0004146307474002242, -0.006064713001251221, 0.005808282643556595, -0.008381491526961327, -0.001311153988353908, 0.0015783908311277628, 0.005364542361348867, -0.020086754113435745, 0.033848024904727936, -0.025513777509331703, 0.014138207770884037, -0.006316649727523327, 0.0031781115103513002], [-0.001199337188154459, 0.006789025850594044, -0.003977998625487089, 0.009148226119577885, -0.005615349393337965, 0.005870040971785784, 0.0012098212027922273, 0.007603084202855825, -0.025513777509331703, 0.04453067481517792, -0.029747996479272842, 0.011122564785182476, -0.004609782248735428], [0.002295785117894411, -0.010395699180662632, 0.002565293340012431, -0.007877162657678127, 0.00392584502696991, -0.01135112065821886, 0.002402465557679534, -0.007601446937769651, 0.014138207770884037, -0.029747996479272842, 0.047902755439281464, -0.025961874052882195, 0.010890944860875607], [-0.0019751733634620905, 0.007947045378386974, -0.006178251467645168, 0.007083593867719173, -0.000239300454268232, 0.010054593905806541, -0.0076440200209617615, 0.008952584117650986, -0.006316649727523327, 0.011122564785182476, -0.025961874052882195, 0.042365431785583496, -0.0233868807554245], [0.001209485693834722, -0.006609125528484583, 0.004111418500542641, -0.005101557821035385, -0.0031259481329470873, -0.006497486028820276, 0.0076195234432816505, -0.0086336275562644, 0.0031781115103513002, -0.004609782248735428, 0.010890944860875607, -0.0233868807554245, 0.03629552945494652]], "lowlevel.mfcc.cov": [[983.6974487304688, -17.759361267089844, -43.900901794433594, -78.46589660644531, -140.4720001220703, -27.416841506958008, -69.00790405273438, -12.233262062072754, -43.56747817993164, -43.2579231262207, -38.397464752197266, -38.34467697143555, -36.830352783203125], [-17.759361267089844, 411.84344482421875, -173.95684814453125, -102.28541564941406, -157.55316162109375, -52.81908416748047, 17.49640464782715, 15.97623348236084, 23.006103515625, 19.763973236083984, 18.804899215698242, 52.62273025512695, 35.6100959777832], [-43.900901794433594, -173.95684814453125, 264.6493225097656, 92.38250732421875, 66.66802215576172, -6.2251505851745605, -30.943796157836914, -30.13726234436035, -60.52595520019531, -55.32228088378906, -21.76734161376953, -31.673601150512695, -0.7659160494804382], [-78.46589660644531, -102.28541564941406, 92.38250732421875, 222.5376434326172, 147.27488708496094, -3.424145221710205, -119.44271087646484, -79.9601058959961, -16.932910919189453, -7.791797161102295, -14.7642822265625, -15.396988868713379, 22.74364471435547], [-140.4720001220703, -157.55316162109375, 66.66802215576172, 147.27488708496094, 248.12612915039062, 31.24595069885254, -86.38894653320312, -75.9485855102539, 11.649599075317383, 27.4798526763916, 3.2163891792297363, -8.530765533447266, 8.039166450500488], [-27.416841506958008, -52.81908416748047, -6.2251505851745605, -3.424145221710205, 31.24595069885254, 86.83450317382812, 61.015953063964844, 21.5391788482666, -4.375089645385742, 1.5745574235916138, 2.1946067810058594, -9.630288124084473, -24.064693450927734], [-69.00790405273438, 17.49640464782715, -30.943796157836914, -119.44271087646484, -86.38894653320312, 61.015953063964844, 230.2186737060547, 127.9374008178711, 18.093677520751953, -0.3633149564266205, 13.422318458557129, 11.490002632141113, -30.54197120666504], [-12.233262062072754, 15.97623348236084, -30.13726234436035, -79.9601058959961, -75.9485855102539, 21.5391788482666, 127.9374008178711, 130.75180053710938, 43.038429260253906, 5.442600250244141, 6.565566062927246, 7.202174186706543, -8.647200584411621], [-43.56747817993164, 23.006103515625, -60.52595520019531, -16.932910919189453, 11.649599075317383, -4.375089645385742, 18.093677520751953, 43.038429260253906, 98.2909927368164, 62.315914154052734, 22.080726623535156, 23.23475456237793, 17.487842559814453], [-43.2579231262207, 19.763973236083984, -55.32228088378906, -7.791797161102295, 27.4798526763916, 1.5745574235916138, -0.3633149564266205, 5.442600250244141, 62.315914154052734, 86.94278717041016, 39.398162841796875, 23.13066864013672, 7.99047327041626], [-38.397464752197266, 18.804899215698242, -21.76734161376953, -14.7642822265625, 3.2163891792297363, 2.1946067810058594, 13.422318458557129, 6.565566062927246, 22.080726623535156, 39.398162841796875, 57.28076934814453, 36.193267822265625, 10.435458183288574], [-38.34467697143555, 52.62273025512695, -31.673601150512695, -15.396988868713379, -8.530765533447266, -9.630288124084473, 11.490002632141113, 7.202174186706543, 23.23475456237793, 23.13066864013672, 36.193267822265625, 75.98980712890625, 49.43693542480469], [-36.830352783203125, 35.6100959777832, -0.7659160494804382, 22.74364471435547, 8.039166450500488, -24.064693450927734, -30.54197120666504, -8.647200584411621, 17.487842559814453, 7.99047327041626, 10.435458183288574, 49.43693542480469, 88.024169921875]], "lowlevel.mfcc.icov": [[0.0013847745722159743, 0.000682478363160044, 0.0004341692547313869, 0.0004402178165037185, 0.0012315537314862013, -0.00032720068702474236, 0.0013235529186204076, -0.00020378711633384228, 0.00032375319278799, 1.4578626178263221e-05, 0.0005863083060830832, -0.00025625681155361235, 0.0004394020070321858], [0.000682478363160044, 0.0052973381243646145, 0.002945071319118142, -8.712519775144756e-05, 0.003215278498828411, 0.0017870101146399975, -9.442706505069509e-05, 0.0016060800990089774, 0.00033361249370500445, -0.00011511193588376045, 0.00037542235804721713, -0.0013806009665131569, -0.0008143804734572768], [0.0004341692547313869, 0.002945071319118142, 0.007626042235642672, -0.0018124778289347887, -3.7861835153307766e-05, 0.003184885485097766, -0.0011054649949073792, -0.00038496917113661766, 0.003111919853836298, 0.002468133345246315, -0.0018285539699718356, 0.0018651235150173306, -0.0016953436424955726], [0.0004402178165037185, -8.712519775144756e-05, -0.0018124778289347887, 0.010362591594457626, -0.0040427823550999165, -0.0012856180546805263, 0.0038763496559113264, -0.00024793087504804134, 0.00010277151159243658, 0.0008111817296594381, 0.0008063073037192225, 0.0010194156784564257, -0.0018976072315126657], [0.0012315537314862013, 0.003215278498828411, -3.7861835153307766e-05, -0.0040427823550999165, 0.012095663696527481, -0.0045385295525193214, 0.0012429638300091028, 0.0051828413270413876, -0.0038085838314145803, -0.0019107181578874588, 0.0008057469385676086, -0.001215517520904541, 0.00037100742338225245], [-0.00032720068702474236, 0.0017870101146399975, 0.003184885485097766, -0.0012856180546805263, -0.0045385295525193214, 0.020572340115904808, -0.007826214656233788, 8.195454574888572e-05, 0.0040586600080132484, -0.0006335126236081123, -0.0009147116797976196, 0.0014178660931065679, 0.001394634135067463], [0.0013235529186204076, -9.442706505069509e-05, -0.0011054649949073792, 0.0038763496559113264, 0.0012429638300091028, -0.007826214656233788, 0.01653890311717987, -0.012555704452097416, 0.0034854162950068712, -0.0011243197368457913, 0.0010764620965346694, -0.004832148551940918, 0.003828679211437702], [-0.00020378711633384228, 0.0016060800990089774, -0.00038496917113661766, -0.00024793087504804134, 0.0051828413270413876, 8.195454574888572e-05, -0.012555704452097416, 0.027009790763258934, -0.015338776633143425, 0.007095745299011469, -0.0020249446388334036, 0.0033405981957912445, -0.0020612359512597322], [0.00032375319278799, 0.00033361249370500445, 0.003111919853836298, 0.00010277151159243658, -0.0038085838314145803, 0.0040586600080132484, 0.0034854162950068712, -0.015338