{"song_id": "1183705324247588924", "download": "https://cdn.discordapp.com/attachments/1128313332273782784/1183705324247588924/chirp.mp4?ex=65894e7d&amp", "lyrics": "In the night's soft glow, our hearts in sync,\nWhispers of love, in every blink.\nUnder the moon, our shadows dance,\nIn this rhythm, we find romance.\n\nYour voice, a melody, so sweet and true,\nIn every word, I feel something new.\nIn the warmth of your embrace, I find my peace,\nIn this love song, our hearts never cease.", "style": ["random"], "essentia_features": {"lowlevel.average_loudness": 0.6463444232940674, "lowlevel.barkbands_crest.mean": 16.1435489654541, "lowlevel.barkbands_crest.stdev": 4.087166786193848, "lowlevel.barkbands_flatness_db.mean": 0.3723946511745453, "lowlevel.barkbands_flatness_db.stdev": 0.08234268426895142, "lowlevel.barkbands_kurtosis.mean": 37.349822998046875, "lowlevel.barkbands_kurtosis.stdev": 37.76924514770508, "lowlevel.barkbands_skewness.mean": 3.989537239074707, "lowlevel.barkbands_skewness.stdev": 2.2499680519104004, "lowlevel.barkbands_spread.mean": 5.6627912521362305, "lowlevel.barkbands_spread.stdev": 13.353327751159668, "lowlevel.dissonance.mean": 0.38010895252227783, "lowlevel.dissonance.stdev": 0.0632319524884224, "lowlevel.dynamic_complexity": 4.671859264373779, "lowlevel.erbbands_crest.mean": 13.282625198364258, "lowlevel.erbbands_crest.stdev": 4.577404499053955, "lowlevel.erbbands_flatness_db.mean": 0.2807263731956482, "lowlevel.erbbands_flatness_db.stdev": 0.06435609608888626, "lowlevel.erbbands_kurtosis.mean": 6.188126564025879, "lowlevel.erbbands_kurtosis.stdev": 8.382227897644043, "lowlevel.erbbands_skewness.mean": 1.6396229267120361, "lowlevel.erbbands_skewness.stdev": 1.554248332977295, "lowlevel.erbbands_spread.mean": 25.179786682128906, "lowlevel.erbbands_spread.stdev": 24.019861221313477, "lowlevel.hfc.mean": 7.697983264923096, "lowlevel.hfc.stdev": 8.21810245513916, "lowlevel.loudness_ebu128.integrated": -24.054250717163086, "lowlevel.loudness_ebu128.loudness_range": 6.208059310913086, "lowlevel.loudness_ebu128.momentary.mean": -26.44003677368164, "lowlevel.loudness_ebu128.momentary.stdev": 5.340806007385254, "lowlevel.loudness_ebu128.short_term.mean": -24.945871353149414, "lowlevel.loudness_ebu128.short_term.stdev": 2.2531566619873047, "lowlevel.melbands_crest.mean": 20.770191192626953, "lowlevel.melbands_crest.stdev": 4.843699932098389, "lowlevel.melbands_flatness_db.mean": 0.4902483820915222, "lowlevel.melbands_flatness_db.stdev": 0.10567696392536163, "lowlevel.melbands_kurtosis.mean": 56.36922073364258, "lowlevel.melbands_kurtosis.stdev": 60.15920639038086, "lowlevel.melbands_skewness.mean": 4.649574279785156, "lowlevel.melbands_skewness.stdev": 2.524371862411499, "lowlevel.melbands_spread.mean": 5.373950958251953, "lowlevel.melbands_spread.stdev": 15.793692588806152, "lowlevel.pitch_salience.mean": 0.36147961020469666, "lowlevel.pitch_salience.stdev": 0.1550070196390152, "lowlevel.silence_rate_20dB.mean": 0.9994058012962341, "lowlevel.silence_rate_20dB.stdev": 0.024368543177843094, "lowlevel.silence_rate_30dB.mean": 0.9090909361839294, "lowlevel.silence_rate_30dB.stdev": 0.2874792516231537, "lowlevel.silence_rate_60dB.mean": 0.13725490868091583, "lowlevel.silence_rate_60dB.stdev": 0.3441200852394104, "lowlevel.spectral_centroid.mean": 440.88397216796875, "lowlevel.spectral_centroid.stdev": 740.0745239257812, "lowlevel.spectral_complexity.mean": 5.913844108581543, "lowlevel.spectral_complexity.stdev": 3.195777416229248, "lowlevel.spectral_decrease.mean": -1.1271430899739698e-08, "lowlevel.spectral_decrease.stdev": 1.2135938476376396e-08, "lowlevel.spectral_energy.mean": 0.043239202350378036, "lowlevel.spectral_energy.stdev": 0.0464165024459362, "lowlevel.spectral_energyband_high.mean": 0.00015585872461088002, "lowlevel.spectral_energyband_high.stdev": 0.0008811339503154159, "lowlevel.spectral_energyband_low.mean": 0.03587516397237778, "lowlevel.spectral_energyband_low.stdev": 0.04188434034585953, "lowlevel.spectral_energyband_middle_high.mean": 0.00029052048921585083, "lowlevel.spectral_energyband_middle_high.stdev": 0.00047018416807986796, "lowlevel.spectral_energyband_middle_low.mean": 0.01479735504835844, "lowlevel.spectral_energyband_middle_low.stdev": 0.018795965239405632, "lowlevel.spectral_entropy.mean": 5.743840217590332, "lowlevel.spectral_entropy.stdev": 0.7644844651222229, "lowlevel.spectral_flux.mean": 0.05326422303915024, "lowlevel.spectral_flux.stdev": 0.05410175397992134, "lowlevel.spectral_kurtosis.mean": 43.358360290527344, "lowlevel.spectral_kurtosis.stdev": 54.428489685058594, "lowlevel.spectral_rms.mean": 0.005596681497991085, "lowlevel.spectral_rms.stdev": 0.003295706817880273, "lowlevel.spectral_rolloff.mean": 432.7232666015625, "lowlevel.spectral_rolloff.stdev": 987.4382934570312, "lowlevel.spectral_skewness.mean": 4.268646717071533, "lowlevel.spectral_skewness.stdev": 2.7990591526031494, "lowlevel.spectral_spread.mean": 2556877.75, "lowlevel.spectral_spread.stdev": 1688933.125, "lowlevel.spectral_strongpeak.mean": 0.7654156684875488, "lowlevel.spectral_strongpeak.stdev": 0.5354822874069214, "lowlevel.zerocrossingrate.mean": 0.016972051933407784, "lowlevel.zerocrossingrate.stdev": 0.026409219950437546, "metadata.audio_properties.analysis.equal_loudness": 0.0, "metadata.audio_properties.analysis.length": 39.03997802734375, "metadata.audio_properties.analysis.sample_rate": 44100.0, "metadata.audio_properties.analysis.start_time": 0.0, "metadata.audio_properties.bit_rate": 99504.0, "metadata.audio_properties.length": 39.040000915527344, "metadata.audio_properties.lossless": 0.0, "metadata.audio_properties.number_channels": 1.0, "metadata.audio_properties.replay_gain": -1.7131633758544922, "metadata.audio_properties.sample_rate": 48000.0, "rhythm.beats_count": 60.0, "rhythm.beats_loudness.mean": 0.04505244269967079, "rhythm.beats_loudness.stdev": 0.03651566430926323, "rhythm.bpm": 90.49089050292969, "rhythm.bpm_histogram_first_peak_bpm": 91.0, "rhythm.bpm_histogram_first_peak_weight": 0.2666667103767395, "rhythm.bpm_histogram_second_peak_bpm": 99.0, "rhythm.bpm_histogram_second_peak_spread": 0.307692289352417, "rhythm.bpm_histogram_second_peak_weight": 0.152542382478714, "rhythm.danceability": 0.9875028729438782, "rhythm.onset_rate": 2.6884496212005615, "tonal.chords_changes_rate": 0.06175772100687027, "tonal.chords_number_rate": 0.015439430251717567, "tonal.chords_strength.mean": 0.4913327991962433, "tonal.chords_strength.stdev": 0.09373021125793457, "tonal.hpcp_crest.mean": 17.006397247314453, "tonal.hpcp_crest.stdev": 7.9106974601745605, "tonal.hpcp_entropy.mean": 1.5697476863861084, "tonal.hpcp_entropy.stdev": 0.7326086163520813, "tonal.key_edma.strength": 0.6441798806190491, "tonal.key_krumhansl.strength": 0.6498066186904907, "tonal.key_temperley.strength": 0.6604790091514587, "tonal.tuning_diatonic_strength": 0.4971059560775757, "tonal.tuning_equal_tempered_deviation": 0.09829853475093842, "tonal.tuning_frequency": 440.2542419433594, "tonal.tuning_nontempered_energy_ratio": 0.7447332143783569, "lowlevel.barkbands.mean": [8.18602438812377e-06, 0.00329065159894526, 0.024710189551115036, 0.00909559614956379, 0.003522127401083708, 0.0011399915674701333, 0.0004189077590126544, 0.000304291897919029, 0.0002734187291935086, 0.00010604740964481607, 4.259188426658511e-05, 5.420030720415525e-05, 3.108348391833715e-05, 3.109663521172479e-05, 1.748421163938474e-05, 1.1056104995077476e-05, 1.2768943634000607e-05, 5.417482043412747e-06, 4.3234467739239335e-06, 8.567426448280457e-06, 0.00011346075916662812, 2.6905328923021443e-05, 1.4067090887692757e-06, 6.238520654733293e-06, 2.152532715626876e-06, 1.0891994861594867e-06, 1.371190161414404e-09], "lowlevel.barkbands.stdev": [2.9239061404950917e-05, 0.008039886131882668, 0.0319482684135437, 0.015437823720276356, 0.005027058068662882, 0.0019289430929347873, 0.001363630872219801, 0.0007492395816370845, 0.000816471641883254, 0.0003076688735745847, 9.379714174428955e-05, 0.00010740374273154885, 8.696491568116471e-05, 9.946517093339935e-05, 4.6029632358113304e-05, 2.639400372572709e-05, 3.073013431276195e-05, 2.6454361432115547e-05, 1.9079261619481258e-05, 3.860891592921689e-05, 0.000672713213134557, 0.00018960080342367291, 5.6204571592388675e-06, 2.5628163712099195e-05, 8.278437235276215e-06, 4.6556679080822505e-06, 2.163466739091291e-09], "lowlevel.erbbands.mean": [0.02365381270647049, 1.3358476161956787, 19.80750846862793, 40.913570404052734, 10.512683868408203, 14.14411449432373, 15.076086044311523, 7.593646049499512, 7.480093955993652, 6.183294296264648, 6.728762149810791, 5.25543737411499, 5.271296501159668, 2.5735762119293213, 1.9727942943572998, 2.486006021499634, 1.4996269941329956, 1.789093255996704, 1.1522902250289917, 0.6506277322769165, 0.7207746505737305, 0.5988239049911499, 0.29414868354797363, 0.3142915666103363, 0.22261308133602142, 0.42251840233802795, 2.397796392440796, 5.072314739227295, 1.3110674619674683, 0.09236720949411392, 0.047429393976926804, 0.11354360729455948, 0.10251519083976746, 0.029054883867502213, 0.013855142518877983, 0.008917005732655525, 0.0010745316976681352, 3.0719929782208055e-05, 2.0912770196446218e-05, 4.741220982396044e-05], "lowlevel.erbbands.stdev": [0.05315715819597244, 2.467782497406006, 25.275341033935547, 55.475303649902344, 16.351486206054688, 23.39939308166504, 26.977964401245117, 13.827223777770996, 19.60192108154297, 14.245316505432129, 19.046173095703125, 13.530044555664062, 17.37420654296875, 6.533631801605225, 4.268311500549316, 4.987431526184082, 3.870429039001465, 5.5274152755737305, 2.8663275241851807, 1.8067857027053833, 1.502718210220337, 1.3873902559280396, 1.3307965993881226, 1.283878207206726, 1.1706528663635254, 1.7322839498519897, 15.798391342163086, 28.389789581298828, 8.864863395690918, 0.5921232104301453, 0.1808159500360489, 0.4513455033302307, 0.4491334855556488, 0.12078813463449478, 0.050889428704977036, 0.0368177630007267, 0.00466923275962472, 0.0001481587823946029, 2.1587848095805384e-05, 5.0472117436584085e-05], "lowlevel.gfcc.mean": [-173.41738891601562, 187.73219299316406, -62.66193771362305, 19.961591720581055, -40.48880386352539, 3.01670503616333, -22.989383697509766, -21.461238861083984, -20.968225479125977, -5.745840072631836, -27.403337478637695, -17.19791603088379, 1.878526210784912], "lowlevel.melbands.mean": [0.0005076781380921602, 0.007760774809867144, 0.005835188087075949, 0.0006887292256578803, 0.0005995703395456076, 0.00017783873772714287, 0.00011134155647596344, 6.53021052130498e-05, 5.275532021187246e-05, 3.454283069004305e-05, 2.6274319679941982e-05, 1.0371138159825932e-05, 6.078942988096969e-06, 6.518025656987447e-06, 4.890156105830101e-06, 2.733589099079836e-06, 3.4296349440410268e-06, 1.9298074676044052e-06, 9.974158956538304e-07, 7.976041160873137e-07, 9.109224379244552e-07, 7.611394039486186e-07, 2.2513648900712724e-07, 3.12996576212754e-07, 2.5386771085322835e-07, 1.153455642111112e-07, 2.3692500406014005e-07, 2.4466160652991675e-07, 7.239275987558358e-07, 3.462690528976964e-06, 2.636340468598064e-06, 8.693448876329057e-07, 1.1802775645719521e-07, 1.2896985701615904e-08, 1.845955033275004e-08, 4.506554063254953e-08, 8.375033644369978e-08, 8.424016328945072e-08, 3.7584410250701694e-08, 2.093425344185107e-08], "lowlevel.melbands.stdev": [0.0013029640540480614, 0.009449729695916176, 0.007542219944298267, 0.0010582514805719256, 0.0008885287679731846, 0.000311663665343076, 0.00030487007461488247, 0.00014239280426409096, 0.00014514054055325687, 9.64848804869689e-05, 8.682294719619676e-05, 2.806229531415738e-05, 1.2758682714775205e-05, 1.2650684766413178e-05, 1.0693373042158782e-05, 7.455238574038958e-06, 1.134501781052677e-05, 4.826179065275937e-06, 2.8016486339765834e-06, 2.1514013042178703e-06, 1.9447832073637983e-06, 1.7676403558652964e-06, 7.363129270743229e-07, 1.7693254221740062e-06, 1.1060983524657786e-06, 5.906243245590304e-07, 1.5604182408424094e-06, 1.0371261396358022e-06, 4.647222340281587e-06, 2.2768737835576758e-05, 1.4052409824216738e-05, 6.112432402005652e-06, 1.1025339290426928e-06, 6.651593764672725e-08, 7.67512204902232e-08, 1.7841814781149878e-07, 3.4465637099856394e-07, 3.7694741195082315e-07, 1.7471207058861182e-07, 9.250545929262444e-08], "lowlevel.melbands128.mean": [4.1003067963174544e-06, 1.2533660992630757e-05, 0.00029859834467060864, 0.002193605061620474, 0.007271177135407925, 0.013673976995050907, 0.00989492703229189, 0.002627146430313587, 0.0006671115406788886, 0.00043463188922032714, 0.000889960618223995, 0.0008965772576630116, 0.0005707178497686982, 0.0001848097308538854, 0.00011752125283237547, 0.00023349883849732578, 0.0001468469708925113, 8.573037484893575e-05, 6.580814078915864e-05, 7.644099241588265e-05, 5.514147778740153e-05, 5.5097061704145744e-05, 6.092570038163103e-05, 4.085829641553573e-05, 2.4228003894677386e-05, 3.462838867562823e-05, 5.2535255235852674e-05, 1.9527404219843447e-05, 1.0528694474487565e-05, 1.629320831852965e-05, 7.73120245867176e-06, 4.4163343773107044e-06, 6.945770564925624e-06, 6.849982128187548e-06, 4.161185643170029e-06, 8.136557880789042e-06, 7.820593964424916e-06, 3.506459961499786e-06, 4.932136107527185e-06, 2.3511083782068454e-06, 1.840132767938485e-06, 3.901714080711827e-06, 3.210829390809522e-06, 4.265883944754023e-06, 1.146163640441955e-06, 2.3497962047258625e-06, 1.5099251413630554e-06, 8.261220614258491e-07, 9.130486660069437e-07, 7.252190812323533e-07, 9.122243227466242e-07, 6.722819421156601e-07, 7.323693580474355e-07, 9.506142646387161e-07, 1.4386737348104361e-06, 6.51049390398839e-07, 3.620990582930972e-07, 2.70195556595354e-07, 1.4823537242136808e-07, 1.8319263972443878e-07, 4.250505583058839e-07, 2.671111758445477e-07, 3.590871529013384e-07, 2.4515958330084686e-07, 9.491034802522336e-08, 1.0591293175821193e-07, 1.3043202784501773e-07, 1.3343989735403738e-07, 3.3596776916056115e-07, 2.796297451368446e-07, 1.7050984979505301e-07, 2.616817766920576e-07, 3.499977765386575e-07, 5.230891133578552e-07, 1.3285516615724191e-06, 3.4475747270334978e-06, 4.70771055915975e-06, 3.550808969521313e-06, 2.4493158434779616e-06, 1.5892188685029396e-06, 1.0681454796213075e-06, 5.972491976535821e-07, 2.3216314559704188e-07, 5.982763440215422e-08, 2.186266456760677e-08, 8.730919098809409e-09, 1.2526743198293389e-08, 1.3584530833554709e-08, 1.494409573865596e-08, 2.3203563515039605e-08, 3.8617699260612426e-08, 5.483839160547177e-08, 4.967825972812534e-08, 7.9826570242858e-08, 1.1000160071716891e-07, 9.677289369847131e-08, 7.682275793285953e-08, 7.428008075294201e-08, 3.400649717377746e-08, 2.2155896672870767e-08, 1.9901504444419515e-08, 2.504240015355208e-08, 1.7033686461331854e-08, 8.768936687886253e-09, 9.649189003368974e-09, 2.2611841288266987e-08, 2.1264577654278582e-08, 1.3834362988518478e-08, 1.784351866263023e-08, 1.6176354478147914e-08, 9.799863143200582e-09, 4.15002787690355e-09, 5.447342021902557e-10, 3.57384538629546e-10, 2.3385948733078976e-10, 2.520298206243332e-11, 6.8115816806435525e-12, 6.542561197669938e-12, 6.312868630620194e-12, 6.1672242833432644e-12, 5.9867414844982925e-12, 5.891180772377158e-12, 5.8142587966436565e-12, 5.675002134886142e-12, 5.315788607906935e-12, 4.713809204082153e-12, 4.384717415539807e-12, 4.319804496749624e-12], "lowlevel.melbands128.stdev": [1.2644823982554954e-05, 3.989244578406215e-05, 0.001141432672739029, 0.005224396474659443, 0.010572941973805428, 0.017928101122379303, 0.014003043994307518, 0.004578741267323494, 0.0017120963893830776, 0.0011261925101280212, 0.0017229161458089948, 0.0013228068128228188, 0.0013233852805569768, 0.00040645437547937036, 0.00027606479125097394, 0.0005786082474514842, 0.00042137459968216717, 0.0004227016179356724, 0.00039275907329283655, 0.0001623427087906748, 0.00014540353731717914, 0.0002123568847309798, 0.00020389235578477383, 0.0001383191265631467, 8.266550139524043e-05, 0.00013033174036536366, 0.00022290121705736965, 7.343278412008658e-05, 5.257084558252245e-05, 5.0380651373416185e-05, 2.4569455490563996e-05, 1.1416447705414612e-05, 1.4030312740942463e-05, 2.580459840828553e-05, 1.0879020919674076e-05, 1.940550464496482e-05, 1.9260709450463764e-05, 9.92903187579941e-06, 2.070508708129637e-05, 6.39427344140131e-06, 4.432224159245379e-06, 1.6105554095702246e-05, 1.2236860129632987e-05, 1.7626327462494373e-05, 3.313228944534785e-06, 7.898690455476753e-06, 5.1984125093440525e-06, 3.340196826684405e-06, 3.4163401778641855e-06, 2.903555468947161e-06, 2.7798528208222706e-06, 1.689839791652048e-06, 1.9738001810765127e-06, 2.2682852431898937e-06, 3.776580115300021e-06, 1.6869142882569577e-06, 1.2183886610728223e-06, 1.074741817319591e-06, 5.439175652099948e-07, 9.301876389145036e-07, 3.0938431336835492e-06, 1.3909200333728222e-06, 1.6049921214289498e-06, 1.4245590591599466e-06, 5.159087095307768e-07, 6.012974154145923e-07, 8.059690799200325e-07, 7.865227757974935e-07, 2.9993354928592453e-06, 1.4182854783939547e-06, 7.041043659228308e-07, 1.5297622439902625e-06, 1.731624138301413e-06, 3.4605625387484906e-06, 1.0541137271502521e-05, 2.713972207857296e-05, 3.193133306922391e-05, 1.8240059944218956e-05, 1.297570088354405e-05, 1.0765354090835899e-05, 7.097240541042993e-06, 5.3848320931138005e-06, 2.656741571627208e-06, 4.79118796192779e-07, 1.8078846153457562e-07, 5.093759725127711e-08, 7.295518145156166e-08, 6.788393136503146e-08, 7.415785319153656e-08, 1.0579569931223887e-07, 1.6421452642134682e-07, 2.3709979757313704e-07, 2.2349473738358938e-07, 3.294038322110282e-07, 5.01743102176988e-07, 4.6523575747414725e-07, 3.6253138091524306e-07, 3.779869359732402e-07, 1.8730941064859508e-07, 9.91845752196241e-08, 9.191240479822227e-08, 1.2377806513086398e-07, 7.974917792807901e-08, 3.46448878474348e-08, 4.12989429321442e-08, 9.272054057873902e-08, 8.449307387081717e-08, 5.3629801044507985e-08, 8.158846753758553e-08, 8.903762704903784e-08, 4.4794632003686274e-08, 2.1223401702741285e-08, 5.313871120904423e-09, 4.518192930902387e-09, 2.9240125876128786e-09, 2.4670337994692204e-10, 1.291712396767064e-11, 1.0705967362634183e-11, 9.789862497056045e-12, 9.532219631680494e-12, 9.294371695889314e-12, 9.130618136565793e-12, 8.930369464754673e-12, 8.770395867885306e-12, 8.648155976065386e-12, 8.541611862256104e-12, 8.46903276674471e-12, 8.423605563079306e-12], "lowlevel.mfcc.mean": [-838.619140625, 221.73484802246094, 38.018314361572266, 28.130970001220703, 6.684837341308594, 21.905588150024414, 2.9554331302642822, -14.987947463989258, 18.345256805419922, -16.663278579711914, -12.777142524719238, 12.475257873535156, -24.456321716308594], "lowlevel.spectral_contrast_coeffs.mean": [-0.5709764361381531, -0.745415210723877, -0.7930828332901001, -0.8282379508018494, -0.7977473139762878, -0.6993297338485718], "lowlevel.spectral_contrast_coeffs.stdev": [0.09870360791683197, 0.07667107880115509, 0.060740549117326736, 0.043070368468761444, 0.048871494829654694, 0.09838201105594635], "lowlevel.spectral_contrast_valleys.mean": [-7.224850654602051, -7.763455390930176, -8.681181907653809, -9.447625160217285, -10.61594009399414, -13.623083114624023], "lowlevel.spectral_contrast_valleys.stdev": [0.9962549805641174, 0.8458218574523926, 0.8219749927520752, 0.9375922679901123, 1.3367639780044556, 1.3361730575561523], "rhythm.beats_loudness_band_ratio.mean": [0.8217270970344543, 0.13867835700511932, 0.03848888725042343, 0.008448117412626743, 0.003301639575511217, 0.013495449908077717], "rhythm.beats_loudness_band_ratio.stdev": [0.13291427493095398, 0.12321054190397263, 0.049711357802152634, 0.011349005624651909, 0.012816905044019222, 0.051310304552316666], "tonal.hpcp.mean": [0.06085783615708351, 0.029854722321033478, 0.033937007188797, 0.04772258922457695, 0.08712568134069443, 0.19744199514389038, 0.2245519459247589, 0.1677343100309372, 0.26520079374313354, 0.24763789772987366, 0.07598524540662766, 0.03536655008792877, 0.05155324563384056, 0.06230901926755905, 0.14706045389175415, 0.16766692698001862, 0.060747332870960236, 0.01190327387303114, 0.006943320855498314, 0.0075432793237268925, 0.026525205001235008, 0.031875062733888626, 0.013400471769273281, 0.004471688997000456, 0.0021341373212635517, 0.005326000973582268, 0.0405472107231617, 0.05990232527256012, 0.03536321595311165, 0.11016016453504562, 0.12902069091796875, 0.03558439388871193, 0.011017327196896076, 0.011920807883143425, 0.02303014136850834, 0.06058046594262123], "tonal.hpcp.stdev": [0.2122388333082199, 0.12902340292930603, 0.1578543335199356, 0.18310971558094025, 0.22971710562705994, 0.3454394042491913, 0.3631376624107361, 0.2872447669506073, 0.39241912961006165, 0.3902742862701416, 0.19408951699733734, 0.1539638638496399, 0.1965344101190567, 0.20659029483795166, 0.2884739339351654, 0.32967743277549744, 0.15957525372505188, 0.08424253016710281, 0.051698990166187286, 0.05348048731684685, 0.09348953515291214, 0.11373940110206604, 0.07477281242609024, 0.03735526651144028, 0.010892780497670174, 0.03416837006807327, 0.1321505308151245, 0.19245962798595428, 0.10841285437345505, 0.24226497113704681, 0.2703875005245209, 0.09995703399181366, 0.06142951175570488, 0.07042226195335388, 0.12244085967540741, 0.20581196248531342], "rhythm.beats_position": [0.5224489569664001, 1.05650794506073, 1.5789568424224854, 2.11301589012146, 2.6470746994018555, 3.1579136848449707, 3.668752670288086, 4.1679816246032715, 4.667210578918457, 5.166440010070801, 5.630838871002197, 6.176507949829102, 6.733786582946777, 7.291065692901611, 7.848344326019287, 8.41723346710205, 9.137051582336426, 9.868480682373047, 10.565078735351562, 11.261677742004395, 11.958276748657227, 12.654874801635742, 13.363083839416504, 14.082901954650879, 14.860771179199219, 15.650249481201172, 16.451337814331055, 17.252426147460938, 18.05351448059082, 18.866212844848633, 19.690521240234375, 20.503219604492188, 21.176597595214844, 21.838367462158203, 22.50013542175293, 23.16190528869629, 23.823673248291016, 24.485441207885742, 25.1472110748291, 25.72770881652832, 26.3198184967041, 26.9699764251709, 27.631746292114258, 28.270294189453125, 28.908842086791992, 29.559001922607422, 30.20915985107422, 30.85931968688965, 31.486257553100586, 32.12480545043945, 32.7285270690918, 33.34385299682617, 33.947574615478516, 34.56290054321289, 35.17823028564453, 35.79356002807617, 36.38566970825195, 36.98938751220703, 37.59310531616211, 38.19682312011719], "rhythm.bpm_histogram": [0.0, 0.0, 0.0, 0.0, 0.0, 0.0, 0.0, 0.0, 0.0, 0.0, 0.0, 0.0, 0.0, 0.0, 0.0, 0.0, 0.0, 0.0, 0.0, 0.0, 0.0, 0.0, 0.0, 0.0, 0.0, 0.0, 0.0, 0.0, 0.0, 0.0, 0.0, 0.0, 0.0, 0.0, 0.0, 0.0, 0.0, 0.0, 0.0, 0.0, 0.0, 0.0, 0.0, 0.0, 0.0, 0.0, 0.0, 0.0, 0.0, 0.0, 0.0, 0.0, 0.0, 0.0, 0.0, 0.0, 0.0, 0.0, 0.0, 0.0, 0.0, 0.0, 0.0, 0.0, 0.0, 0.0, 0.0, 0.0, 0.0, 0.0, 0.0, 0.0, 0.0, 0.016949152573943138, 0.033898305147886276, 0.050847455859184265, 0.016949152573943138, 0.016949152573943138, 0.0, 0.0, 0.0, 0.0, 0.016949152573943138, 0.033898305147886276, 0.0, 0.016949152573943138, 0.06779661029577255, 0.0, 0.0, 0.016949152573943138, 0.0, 0.11864406615495682, 0.06779661029577255, 0.0, 0.050847455859184265, 0.0, 0.016949152573943138, 0.0, 0.06779661029577255, 0.08474576473236084, 0.0, 0.033898305147886276, 0.0, 0.016949152573943138, 0.0, 0.016949152573943138, 0.0, 0.0, 0.050847455859184265, 0.0, 0.016949152573943138, 0.0, 0.050847455859184265, 0.0, 0.0, 0.016949152573943138, 0.0, 0.033898305147886276, 0.0, 0.0, 0.050847455859184265, 0.0, 0.0, 0.0, 0.0, 0.0, 0.0, 0.0, 0.0, 0.016949152573943138, 0.0, 0.0, 0.0, 0.0, 0.0, 0.0, 0.0, 0.0, 0.0, 0.0, 0.0, 0.0, 0.0, 0.0, 0.0, 0.0, 0.0, 0.0, 0.0, 0.0, 0.0, 0.0, 0.0, 0.0, 0.0, 0.0, 0.0, 0.0, 0.0, 0.0, 0.0, 0.0, 0.0, 0.0, 0.0, 0.0, 0.0, 0.0, 0.0, 0.0, 0.0, 0.0, 0.0, 0.0, 0.0, 0.0, 0.0, 0.0, 0.0, 0.0, 0.0, 0.0, 0.0, 0.0, 0.0, 0.0, 0.0, 0.0, 0.0, 0.0, 0.0, 0.0, 0.0, 0.0, 0.0, 0.0, 0.0, 0.0, 0.0, 0.0, 0.0, 0.0, 0.0, 0.0, 0.0, 0.0, 0.0, 0.0, 0.0, 0.0, 0.0, 0.0, 0.0, 0.0, 0.0, 0.0, 0.0, 0.0, 0.0, 0.0, 0.0, 0.0, 0.0, 0.0, 0.0, 0.0, 0.0, 0.0, 0.0, 0.0, 0.0, 0.0, 0.0, 0.0, 0.0, 0.0, 0.0, 0.0, 0.0, 0.0, 0.0, 0.0, 0.0, 0.0, 0.0, 0.0, 0.0, 0.0, 0.0, 0.0], "tonal.chords_histogram": [14.72684097290039, 3.087886095046997, 20.19002342224121, 17.10213851928711, 1.3064132928848267, 0.0, 4.156769752502441, 0.5938242077827454, 1.7814726829528809, 5.225653171539307, 15.91448974609375, 0.0, 1.9002375602722168, 0.0, 0.0, 0.0, 0.0, 1.1876484155654907, 0.0, 5.225653171539307, 0.0, 0.0, 0.0, 7.600950241088867], "tonal.thpcp": [1.0, 0.9337751269340515, 0.2865196764469147, 0.13335762917995453, 0.19439326226711273, 0.23495034873485565, 0.5545249581336975, 0.6322263479232788, 0.22906164824962616, 0.044884003698825836, 0.026181373745203018, 0.028443653136491776, 0.10001932829618454, 0.12019218504428864, 0.05052953213453293, 0.01686152257025242, 0.008047251030802727, 0.020082900300621986, 0.15289250016212463, 0.2258753627538681, 0.13334506750106812, 0.4153839945793152, 0.48650190234184265, 0.13417905569076538, 0.04154334217309952, 0.04495012015104294, 0.08684039115905762, 0.22843244671821594, 0.22947832942008972, 0.1125740334391594, 0.1279672086238861, 0.17994889616966248, 0.32852721214294434, 0.7445000410079956, 0.846724271774292, 0.6324804425239563], "lowlevel.gfcc.cov": [[9615.580078125, -2274.597900390625, -414.1215515136719, 1692.84130859375, -676.8890991210938, 202.48355102539062, -342.4957580566406, 614.222412109375, -265.0260314941406, 390.1976013183594, -200.82704162597656, -112.43899536132812, 16.292497634887695], [-2274.597900390625, 3259.18359375, -15.907337188720703, -1753.982421875, 1167.3309326171875, -561.231689453125, 159.43978881835938, -310.77264404296875, 354.14410400390625, -539.4929809570312, 310.22247314453125, -67.54920959472656, 5.691042900085449], [-414.1215515136719, -15.907337188720703, 647.1307373046875, 54.19353485107422, -124.2426528930664, 176.46385192871094, -23.425825119018555, -54.88853073120117, 62.342071533203125, -6.624148368835449, -67.14488220214844, 32.97651290893555, 93.68488311767578], [1692.84130859375, -1753.982421875, 54.19353485107422, 1334.1695556640625, -531.329833984375, 207.4876251220703, 5.307372093200684, 77.16539001464844, -142.49884033203125, 298.2537841796875, -199.6185760498047, 62.86793899536133, 99.30040740966797], [-676.8890991210938, 1167.3309326171875, -124.2426528930664, -531.329833984375, 842.133056640625, -274.275146484375, 63.4056282043457, -14.190412521362305, 125.06947326660156, -202.7373504638672, 139.92457580566406, -29.58655548095703, -23.07375717163086], [202.48355102539062, -561.231689453125, 176.46385192871094, 207.4876251220703, -274.275146484375, 368.0207214355469, 41.78331756591797, 65.09708404541016, -21.77853012084961, 73.29225158691406, -76.87787628173828, 7.320507526397705, 37.5135612487793], [-342.4957580566406, 159.43978881835938, -23.425825119018555, 5.307372093200684, 63.4056282043457, 41.78331756591797, 280.1748962402344, -37.02476501464844, 43.9593391418457, -21.87870979309082, -48.13051223754883, -0.29298263788223267, 37.11320877075195], [614.222412109375, -310.77264404296875, -54.88853073120117, 77.16539001464844, -14.190412521362305, 65.09708404541016, -37.02476501464844, 231.70059204101562, -39.605709075927734, 29.261682510375977, 10.794905662536621, -28.82120132446289, -50.98561096191406], [-265.0260314941406, 354.14410400390625, 62.342071533203125, -142.49884033203125, 125.06947326660156, -21.77853012084961, 43.9593391418457, -39.605709075927734, 140.73695373535156, -37.914939880371094, -5.571086883544922, 3.912811517715454, 25.853464126586914], [390.1976013183594, -539.4929809570312, -6.624148368835449, 298.2537841796875, -202.7373504638672, 73.29225158691406, -21.87870979309082, 29.261682510375977, -37.914939880371094, 202.40447998046875, -51.62645721435547, 4.576735019683838, -3.1984729766845703], [-200.82704162597656, 310.22247314453125, -67.14488220214844, -199.6185760498047, 139.92457580566406, -76.87787628173828, -48.13051223754883, 10.794905662536621, -5.571086883544922, -51.62645721435547, 162.83331298828125, -16.188732147216797, -49.558815002441406], [-112.43899536132812, -67.54920959472656, 32.97651290893555, 62.86793899536133, -29.58655548095703, 7.320507526397705, -0.29298263788223267, -28.82120132446289, 3.912811517715454, 4.576735019683838, -16.188732147216797, 82.84463500976562, 23.256343841552734], [16.292497634887695, 5.691042900085449, 93.68488311767578, 99.30040740966797, -23.07375717163086, 37.5135612487793, 37.11320877075195, -50.98561096191406, 25.853464126586914, -3.1984729766845703, -49.558815002441406, 23.256343841552734, 110.47369384765625]], "lowlevel.gfcc.icov": [[0.00025748953339643776, -0.0009090711828321218, 0.0003460865991655737, -0.0010764505714178085, 0.0003531433758325875, -0.0005531354690901935, 0.0007119697402231395, -0.000975657778326422, 0.0005054612993262708, -0.0002888672170229256, 0.0006399877602234483, 0.00013386292266659439, 0.0003873299283441156], [-0.0009090711828321218, 0.01141380239278078, -0.0025279480032622814, 0.010713142342865467, -0.003875624155625701, 0.007454493083059788, -0.005924595054239035, 0.007316064555197954, -0.007654212415218353, 0.004620668012648821, -0.007054314948618412, 0.0023024440743029118, -0.0076379477977752686], [0.0003460865991655737, -0.0025279480032622814, 0.0029279461596161127, -0.0025179304648190737, 0.0009764415444806218, -0.0027924173045903444, 0.002295446116477251, -0.0014611706137657166, 0.0006169654661789536, -0.000535441329702735, 0.001893679378554225, -0.0004806673969142139, 0.00035694189136847854], [-0.0010764505714178085, 0.010713142342865467, -0.0025179304648190737, 0.011993675492703915, -0.0033519931603223085, 0.007134553510695696, -0.006045712158083916, 0.006663139443844557, -0.00590096227824688, 0.0025431117974221706, -0.005926762241870165, 0.0010018566390499473, -0.008470159955322742], [0.0003531433758325875, -0.003875624155625701, 0.0009764415444806218, -0.0033519931603223085, 0.0038882156368345022, -0.0010564146796241403, 0.0013520341599360108, -0.003494774689897895, 0.0011520690750330687, -0.0005267067463137209, 0.0012826172169297934, -0.0005465235444717109, 0.001841785036958754], [-0.0005531354690901935, 0.007454493083059788, -0.0027924173045903444, 0.007134553510695696, -0.0010564146796241403, 0.009887407533824444, -0.00515761598944664, 0.002666683169081807, -0.004925141576677561, 0.002556638326495886, -0.004461856558918953, 0.0016083767404779792, -0.006075635086745024], [0.0007119697402231395, -0.005924595054239035, 0.002295446116477251, -0.006045712158083916, 0.0013520341599360108, -0.00515761598944664, 0.008034294471144676, -0.0033464250154793262, 0.002837586682289839, -0.001693836646154523, 0.0051912423223257065, -0.0002996817056555301, 0.0031568752601742744], [-0.000975657778326422, 0.007316064555197954, -0.0014611706137657166, 0.006663139443844557, -0.003494774689897895, 0.002666683169081807, -0.0033464250154793262, 0.011727442964911461, -0.004145049024373293, 0.0029873002786189318, -0.0045117880217731, 0.002332160249352455, -0.0015403456054627895], [0.0005054612993262708, -0.007654212415218353, 0.0006169654661789536, -0.00590096227824688, 0.0011520690750330687, -0.004925141576677561, 0.002837586682289839, -0.004145049024373293, 0.01575014926493168, -0.004208697471767664, 0.00608451571315527, -0.0022233030758798122, 0.0035372688435018063], [-0.0002888672170229256, 0.004620668012648821, -0.000535441329702735, 0.0025431117974221706, -0.0005267067463137209, 0.002556638326495886, -0.001693836646154523, 0.0029873002786189318, -0.004208697471767664, 0.01055251993238926, -0.002277200808748603, 0.0017751740524545312, -0.0011625037295743823], [0.0006399877602234483, -0.007054314948618412, 0.001893679378554225, -0.005926762241870165, 0.0012826172169297934, -0.004461856558918953, 0.0051912423223257065, -0.0045117880217731, 0.00608451571315527, -0.002277200808748603, 0.014004147611558437, -0.0012279355432838202, 0.006998155266046524], [0.00013386292266659439, 0.0023024440743029118, -0.0004806673969142139, 0.0010018566390499473, -0.0005465235444717109, 0.0016083767404779792, -0.0002996817056555301, 0.002332160249352455, -0.0022233030758798122, 0.0017751740524545312, -0.0012279355432838202, 0.014695605263113976, -0.0031873509287834167], [0.0003873299283441156, -0.0076379477977752686, 0.00035694189136847854, -0.008470159955322742, 0.001841785036958754, -0.006075635086745024, 0.0031568752601742744, -0.0015403456054627895, 0.0035372688435018063, -0.0011625037295743823, 0.006998155266046524, -0.0031873509287834167, 0.020324327051639557]], "lowlevel.mfcc.cov": [[8002.35302734375, -1689.0047607421875, -752.7510986328125, 1132.165283203125, -103.7863998413086, -282.6884765625, 137.76451110839844, -279.7342529296875, 268.6324768066406, 177.7989501953125, 7.138420581817627, 343.018310546875, -476.3771667480469], [-1689.0047607421875, 3661.240966796875, -615.8311767578125, -738.7003784179688, 510.5369873046875, -208.18869018554688, -137.07608032226562, 297.6509094238281, -232.4965057373047, -1.9300570487976074, 25.542957305908203, -168.1408233642578, 192.58657836914062], [-752.7510986328125, -615.8311767578125, 932.23095703125, -102.96998596191406, -183.35545349121094, 239.82156372070312, -66.81144714355469, -33.72905731201172, 154.09490966796875, -109.06216430664062, -32.62936019897461, 96.87539672851562, -65.3390884399414], [1132.165283203125, -738.7003784179688, -102.96998596191406, 716.54736328125, -6.68166971206665, 49.80908203125, 50.869529724121094, -141.95509338378906, 182.357666015625, -93.62992095947266, -9.703230857849121, 118.60598754882812, -120.14322662353516], [-103.7863998413086, 510.5369873046875, -183.35545349121094, -6.68166971206665, 386.5556640625, -74.13713836669922, 7.368444919586182, 57.270809173583984, -43.90787887573242, 19.191804885864258, 26.005647659301758, -2.47682523727417, 58.24675369262695], [-282.6884765625, -208.18869018554688, 239.82156372070312, 49.80908203125, -74.13713836669922, 298.55230712890625, 4.444029808044434, 18.086671829223633, 166.78041076660156, -61.493125915527344, -0.18685753643512726, 57.77508544921875, -68.76005554199219], [137.76451110839844, -137.07608032226562, -66.81144714355469, 50.869529724121094, 7.368444919586182, 4.444029808044434, 193.6344451904297, 29.468944549560547, 33.90190505981445, 50.9348258972168, 13.532588958740234, 24.806171417236328, -4.607177734375], [-279.7342529296875, 297.6509094238281, -33.72905731201172, -141.95509338378906, 57.270809173583984, 18.086671829223633, 29.468944549560547, 265.38775634765625, -8.262056350708008, 57.39591979980469, 15.126115798950195, -46.66118621826172, 69.01399993896484], [268.6324768066406, -232.4965057373047, 154.09490966796875, 182.357666015625, -43.90787887573242, 166.78041076660156, 33.90190505981445, -8.262056350708008, 343.9595947265625, -46.39109802246094, -10.50907039642334, 133.6920166015625, -137.9793701171875], [177.7989501953125, -1.9300570487976074, -109.06216430664062, -93.62992095947266, 19.191804885864258, -61.493125915527344, 50.9348258972168, 57.39591979980469, -46.39109802246094, 196.54190063476562, 17.015239715576172, -33.14098358154297, 26.762800216674805], [7.138420581817627, 25.542957305908203, -32.62936019897461, -9.703230857849121, 26.005647659301758, -0.18685753643512726, 13.532588958740234, 15.126115798950195, -10.50907039642334, 17.015239715576172, 114.63312530517578, 10.448957443237305, 43.400421142578125], [343.018310546875, -168.1408233642578, 96.87539672851562, 118.60598754882812, -2.47682523727417, 57.77508544921875, 24.806171417236328, -46.66118621826172, 133.6920166015625, -33.14098358154297, 10.448957443237305, 177.0634307861328, -64.98529815673828], [-476.3771667480469, 192.58657836914062, -65.3390884399414, -120.14322662353516, 58.24675369262695, -68.76005554199219, -4.607177734375, 69.01399993896484, -137.9793701171875, 26.762800216674805, 43.400421142578125, -64.98529815673828, 204.7815399169922]], "lowlevel.mfcc.icov": [[0.00025542904040776193, 9.032910747919232e-05, 0.00021849195763934404, -0.0002276304439874366, 6.845127063570544e-05, 0.000306879315758124, 0.00015704786346759647, -0.00013476617459673434, 7.598633965244517e-05, -0.00024682327057234943, -0.00013703627337235957, -0.00042431530891917646, 0.0005557819386012852], [9.032910747919232e-05, 0.0006491371314041317, 0.0005831564776599407, 0.0006975781871005893, -0.0005623934557661414, 0.00015504378825426102, 0.00040157727198675275, -0.00035169918555766344, -0.00019854721904266626, 0.0005645930650644004, 2.0355799279059283e-05, -0.00020313815912231803, 0.00025821951567195356], [0.00021849195763934404, 0.0005831564776599407, 0.002321592066437006, 0.0010034269653260708, 0.00012185711966594681, -0.0007231361232697964, 0.0008193906396627426, -0.00015124326455406845, -0.00036329979775473475, 0.0008085395093075931, 0.00035414512967690825, -0.0012262557866051793, 0.00026657251873984933], [-0.0002276304439874366, 0.0006975781871005893, 0.0010034269653260708, 0.0033480743877589703, -0.0008161605219356716, -0.0002423121186438948, -0.00021965695486869663, 0.0006639894563704729, -0.001262828940525651, 0.001906595891341567, 0.00024120010493788868, -0.0001885271049104631, -0.00019005517242476344], [6.845127063570544e-05, -0.0005623934557661414, 0.00012185711966594681, -0.0008161605219356716, 0.003686525858938694, 0.0004808488884009421, -8.613459795014933e-05, -0.00043871632078662515, 0.00024092438980005682, -0.0004344684712123126, -0.00034832031815312803, -0.0008054181816987693, -0.0004556719504762441], [0.000306879315758124, 0.00015504378825426102, -0.0007231361232697964, -0.0002423121186438948, 0.0004808488884009421, 0.006163172423839569, -6.0239588492549956e-05, -0.001085859490558505, -0.002084985375404358, 0.0008634987752884626, -0.0010128269204869866, 6.888897769385949e-05, 0.001211257535032928], [0.00015704786346759647, 0.00040157727198675275, 0.0008193906396627426, -0.00021965695486869663, -8.613459795014933e-05, -6.0239588492549956e-05, 0.00647538248449564, -0.0009309873566962779, -0.00039725349051877856, -0.001511422568000853, -0.00026801577769219875, -0.0012629454722627997, 0.0001698354899417609], [-0.00013476617459673434, -0.00035169918555766344, -0.00015124326455406845, 0.0006639894563704729, -0.00043871632078662515, -0.001085859490558505, -0.0009309873566962779, 0.005629443097859621, -0.0012913100654259324, -0.0011378355557098985, 0.00027441492420621216, 0.001501394435763359, -0.0021024770103394985], [7.598633965244517e-05, -0.00019854721904266626, -0.00036329979775473475, -0.001262828940525651, 0.00024092438980005682, -0.002084985375404358, -0.00039725349051877856, -0.0012913100654259324, 0.006922472734004259, -0.00034368294291198254, -0.0001488433190388605, -0.003102509304881096, 0.0029205165337771177], [-0.00024682327057234943, 0.0005645930650644004, 0.0008085395093075931, 0.001906595891341567, -0.0004344684712123126, 0.0008634987752884626, -0.001511422568000853, -0.0011378355557098985, -0.00034368294291198254, 0.00778337474912405, -0.0005964700831100345, 0.0007221996202133596, 0.00014120875857770443], [-0.00013703627337235957, 2.0355799279059283e-05, 0.00035414512967690825, 0.00024120010493788868, -0.00034832031815312803, -0.0010128269204869866, -0.00026801577769219875, 0.00027441492420621216, -0.0001488433190388605, -0.0005964700831100345, 0.010277483612298965, -0.001362321083433926, -0.0030557536520063877], [-0.00042431530891917646, -0.00020313815912231803, -0.0012262557866051793, -0.0001885271049104631, -0.0008054181816987693, 6.888897769385949e-05, -0.0012629454722627997, 0.001501394435763359, -0.003102509304881096, 0.0007221996202133596, -0.001362321083433926, 0.010067736729979515, -0.00028128185658715665], [0.0005557819386012852, 0.00025821951567195356, 0.00026657251873984933, -0.00019005517242476344, -0.0004556719504762441, 0.001211257535032928, 0.0001698354899417609, -0.0021024770103394985, 0.0029205165337771177, 0.00014120875857770443, -0.0030557536520063877, -0.00028128185658715665, 0.009663273580372334]], "metadata.audio_properties.analysis.downmix": "mix", "metadata.audio_properties.codec": "mp3", "metadata.audio_properties.md5_enc