{"song_id": "1183684671402422343", "download": "https://cdn.discordapp.com/attachments/1135911532732108921/1183684671402422343/chirp.mp4?ex=65893b41&amp", "lyrics": "\u0421\u0442\u0440\u0430\u0431\u0430\u0441\u043a\u043e\u043f \u043c\u0435\u0440\u0446\u0430\u0435\u0442\n\u0412 \u043e\u043f\u0443\u0441\u0442\u0435\u0432\u0448\u0435\u043c \u0437\u0430\u043b\u0435. \n\u041c\u044b \u0441 \u0442\u043e\u0431\u043e\u0439 \u043e\u0434\u043d\u0438, \n\u0432\u0441\u0435 \u0432 \u0441\u0442\u0440\u0430\u0445\u0435 \u0443\u0431\u0435\u0436\u0430\u043b\u0438. \n\u0417\u0430\u043a\u0440\u0443\u0436\u0438\u043b\u0430\u0441\u044c \u0432 \u0442\u0430\u043d\u0446\u0435\n\u0423 \u0442\u0435\u0431\u044f \u043d\u0435\u0442 \u0448\u0430\u043d\u0441\u043e\u0432, \n\u0415\u0441\u043b\u0438 \u0442\u044b \u0440\u0435\u0448\u0438\u043b\u0430\n\u0421 \u0434\u044c\u044f\u0432\u043e\u043b\u043e\u043c \u0442\u044f\u0433\u0430\u0442\u044c\u0441\u044f... \n[Chorus]\n\u0422\u0435\u0447\u0435\u0442 \u0441\u043b\u044e\u043d\u0430 \u0438\u0437 \u043f\u0440\u0438\u043e\u0442\u043a\u0440\u044b\u0442\u043e\u0439 \u043f\u0430\u0441\u0442\u0438, \n\u041d\u043e \u044f \u043d\u0435 \u0441\u0442\u0430\u043d\u0443 \u0440\u0432\u0430\u0442\u044c \u0442\u0435 \u0431\u044f \u043d\u0430 \u0447\u0430\u0430\u0441\u0442\u0438.\n\u043f\u0440\u043e\u0441\u0442\u043e \u0437\u0430\u0447\u0430\u0440\u043e\u0432\u0430\u043d \u043c\u0443\u0437\u044b\u043a\u043e\u0439 \u0438 \u0442\u0435\u043b\u043e\u043c... \n\u043c\u043e\u044f \u0441\u043b\u0435\u043f\u0430\u044f \u0434\u0438\u0441\u043a\u043e... \u043a\u0430! \u0440\u0430! \u043b\u0435\u0432\u0430!\n\u041c\u043e\u044f... \u0441\u043b\u0435\u043f\u0430\u044f \u0434\u0438\u0441\u043a\u043e \u043a\u043e\u0440\u043e\u043b\u0435\u0432\u0430!", "style": ["punk"], "essentia_features": {"lowlevel.average_loudness": 0.9838998317718506, "lowlevel.barkbands_crest.mean": 10.835907936096191, "lowlevel.barkbands_crest.stdev": 4.71259880065918, "lowlevel.barkbands_flatness_db.mean": 0.15463796257972717, "lowlevel.barkbands_flatness_db.stdev": 0.04194347932934761, "lowlevel.barkbands_kurtosis.mean": 4.652242183685303, "lowlevel.barkbands_kurtosis.stdev": 9.539361953735352, "lowlevel.barkbands_skewness.mean": 1.794998288154602, "lowlevel.barkbands_skewness.stdev": 1.3854793310165405, "lowlevel.barkbands_spread.mean": 36.057891845703125, "lowlevel.barkbands_spread.stdev": 20.72606086730957, "lowlevel.dissonance.mean": 0.48199594020843506, "lowlevel.dissonance.stdev": 0.01782059855759144, "lowlevel.dynamic_complexity": 1.5644758939743042, "lowlevel.erbbands_crest.mean": 7.345196723937988, "lowlevel.erbbands_crest.stdev": 3.7086100578308105, "lowlevel.erbbands_flatness_db.mean": 0.13503363728523254, "lowlevel.erbbands_flatness_db.stdev": 0.027537373825907707, "lowlevel.erbbands_kurtosis.mean": 0.2844068109989166, "lowlevel.erbbands_kurtosis.stdev": 1.5957798957824707, "lowlevel.erbbands_skewness.mean": -0.22810621559619904, "lowlevel.erbbands_skewness.stdev": 0.8218039274215698, "lowlevel.erbbands_spread.mean": 57.30385208129883, "lowlevel.erbbands_spread.stdev": 26.675661087036133, "lowlevel.hfc.mean": 35.77836990356445, "lowlevel.hfc.stdev": 22.10723304748535, "lowlevel.loudness_ebu128.integrated": -13.61103630065918, "lowlevel.loudness_ebu128.loudness_range": 0.9021005630493164, "lowlevel.loudness_ebu128.momentary.mean": -13.665609359741211, "lowlevel.loudness_ebu128.momentary.stdev": 0.7029470801353455, "lowlevel.loudness_ebu128.short_term.mean": -13.622519493103027, "lowlevel.loudness_ebu128.short_term.stdev": 0.2660320997238159, "lowlevel.melbands_crest.mean": 17.606136322021484, "lowlevel.melbands_crest.stdev": 5.534617900848389, "lowlevel.melbands_flatness_db.mean": 0.18213723599910736, "lowlevel.melbands_flatness_db.stdev": 0.06093129143118858, "lowlevel.melbands_kurtosis.mean": 28.083694458007812, "lowlevel.melbands_kurtosis.stdev": 36.74793243408203, "lowlevel.melbands_skewness.mean": 4.09313440322876, "lowlevel.melbands_skewness.stdev": 2.4915318489074707, "lowlevel.melbands_spread.mean": 28.361406326293945, "lowlevel.melbands_spread.stdev": 20.983116149902344, "lowlevel.pitch_salience.mean": 0.4948573708534241, "lowlevel.pitch_salience.stdev": 0.12374633550643921, "lowlevel.silence_rate_20dB.mean": 1.0, "lowlevel.silence_rate_20dB.stdev": 0.0, "lowlevel.silence_rate_30dB.mean": 0.9528706073760986, "lowlevel.silence_rate_30dB.stdev": 0.2119152843952179, "lowlevel.silence_rate_60dB.mean": 0.0008568980265408754, "lowlevel.silence_rate_60dB.stdev": 0.029259951785206795, "lowlevel.spectral_centroid.mean": 1772.3099365234375, "lowlevel.spectral_centroid.stdev": 693.8297729492188, "lowlevel.spectral_complexity.mean": 25.76863670349121, "lowlevel.spectral_complexity.stdev": 12.144927024841309, "lowlevel.spectral_decrease.mean": -1.0425529772817299e-08, "lowlevel.spectral_decrease.stdev": 8.111545213296267e-09, "lowlevel.spectral_energy.mean": 0.042593538761138916, "lowlevel.spectral_energy.stdev": 0.03103424236178398, "lowlevel.spectral_energyband_high.mean": 0.002657428616657853, "lowlevel.spectral_energyband_high.stdev": 0.0026072864420711994, "lowlevel.spectral_energyband_low.mean": 0.02517550438642502, "lowlevel.spectral_energyband_low.stdev": 0.02988273836672306, "lowlevel.spectral_energyband_middle_high.mean": 0.006306525319814682, "lowlevel.spectral_energyband_middle_high.stdev": 0.00583659578114748, "lowlevel.spectral_energyband_middle_low.mean": 0.010938882827758789, "lowlevel.spectral_energyband_middle_low.stdev": 0.011204236187040806, "lowlevel.spectral_entropy.mean": 8.02193546295166, "lowlevel.spectral_entropy.stdev": 0.29392173886299133, "lowlevel.spectral_flux.mean": 0.12433219701051712, "lowlevel.spectral_flux.stdev": 0.06796815991401672, "lowlevel.spectral_kurtosis.mean": 1.6364648342132568, "lowlevel.spectral_kurtosis.stdev": 1.344390869140625, "lowlevel.spectral_rms.mean": 0.0061292690224945545, "lowlevel.spectral_rms.stdev": 0.0019966792315244675, "lowlevel.spectral_rolloff.mean": 2138.356689453125, "lowlevel.spectral_rolloff.stdev": 2197.7021484375, "lowlevel.spectral_skewness.mean": 1.0866228342056274, "lowlevel.spectral_skewness.stdev": 0.34184014797210693, "lowlevel.spectral_spread.mean": 5993176.0, "lowlevel.spectral_spread.stdev": 1623519.75, "lowlevel.spectral_strongpeak.mean": 0.6974481344223022, "lowlevel.spectral_strongpeak.stdev": 0.7264460325241089, "lowlevel.zerocrossingrate.mean": 0.08208104223012924, "lowlevel.zerocrossingrate.stdev": 0.04227954149246216, "metadata.audio_properties.analysis.equal_loudness": 0.0, "metadata.audio_properties.analysis.length": 27.07199478149414, "metadata.audio_properties.analysis.sample_rate": 44100.0, "metadata.audio_properties.analysis.start_time": 0.0, "metadata.audio_properties.bit_rate": 99529.0, "metadata.audio_properties.length": 27.07200050354004, "metadata.audio_properties.lossless": 0.0, "metadata.audio_properties.number_channels": 1.0, "metadata.audio_properties.replay_gain": -11.923528671264648, "metadata.audio_properties.sample_rate": 48000.0, "rhythm.beats_count": 38.0, "rhythm.beats_loudness.mean": 0.03857593610882759, "rhythm.beats_loudness.stdev": 0.012570323422551155, "rhythm.bpm": 84.9534912109375, "rhythm.bpm_histogram_first_peak_bpm": 85.0, "rhythm.bpm_histogram_first_peak_weight": 0.08108103275299072, "rhythm.bpm_histogram_second_peak_bpm": 0.0, "rhythm.bpm_histogram_second_peak_spread": 0.0, "rhythm.bpm_histogram_second_peak_weight": 0.0, "rhythm.danceability": 1.8455839157104492, "rhythm.onset_rate": 4.2826433181762695, "tonal.chords_changes_rate": 0.08732876926660538, "tonal.chords_number_rate": 0.02054794505238533, "tonal.chords_strength.mean": 0.56128990650177, "tonal.chords_strength.stdev": 0.09890817850828171, "tonal.hpcp_crest.mean": 11.031234741210938, "tonal.hpcp_crest.stdev": 5.104766368865967, "tonal.hpcp_entropy.mean": 2.523785352706909, "tonal.hpcp_entropy.stdev": 0.8057059049606323, "tonal.key_edma.strength": 0.5915655493736267, "tonal.key_krumhansl.strength": 0.5789721012115479, "tonal.key_temperley.strength": 0.5835710763931274, "tonal.tuning_diatonic_strength": 0.6287068724632263, "tonal.tuning_equal_tempered_deviation": 0.1713441163301468, "tonal.tuning_frequency": 436.7083740234375, "tonal.tuning_nontempered_energy_ratio": 0.8571590185165405, "lowlevel.barkbands.mean": [0.0004946949193254113, 0.01563319005072117, 0.006690665613859892, 0.003430071519687772, 0.003389192745089531, 0.0010636738734319806, 0.0009481020970270038, 0.0009536719880998135, 0.0009295610361732543, 0.0009952728869393468, 0.0008492679917253554, 0.0004733052628580481, 0.0005676737637259066, 0.0005658775917254388, 0.0005002556717954576, 0.0005554943927563727, 0.0005744155496358871, 0.0006653615855611861, 0.00046152836875990033, 0.00044074811739847064, 0.00039731216384097934, 0.00037759251426905394, 0.0006502731703221798, 0.0005419881781563163, 0.00044370387331582606, 6.700342964904848e-07, 1.3318265379425043e-09], "lowlevel.barkbands.stdev": [0.0010959220817312598, 0.027789274230599403, 0.005720401648432016, 0.003821592079475522, 0.0069297985173761845, 0.0027503299061208963, 0.0023947872687131166, 0.0027789720334112644, 0.003137846477329731, 0.002406446961686015, 0.00236004451289773, 0.0010930004063993692, 0.000953071576077491, 0.0008121413411572576, 0.000799823144916445, 0.001117983483709395, 0.0007045691600069404, 0.0008470846223644912, 0.00041994728962890804, 0.0004408421809785068, 0.00041400521877221763, 0.0004888587864115834, 0.0009013846865855157, 0.000643900188151747, 0.000531408004462719, 3.2020241178543074e-06, 1.787748060699812e-09], "lowlevel.erbbands.mean": [0.40612244606018066, 3.5811550617218018, 7.579555988311768, 11.88146686553955, 9.793545722961426, 10.517436027526855, 12.27260971069336, 8.017012596130371, 11.931973457336426, 17.328922271728516, 21.35869789123535, 20.59139060974121, 25.8642635345459, 34.12737274169922, 32.754661560058594, 19.43184471130371, 25.102108001708984, 27.18675422668457, 29.365306854248047, 25.145977020263672, 33.12386703491211, 35.346858978271484, 36.33026885986328, 26.701616287231445, 22.406381607055664, 21.702585220336914, 17.960084915161133, 13.669382095336914, 13.240531921386719, 18.517894744873047, 17.47343635559082, 13.05140209197998, 8.118891716003418, 6.2300333976745605, 2.451042652130127, 0.1366671621799469, 0.003836460178717971, 0.0002890298783313483, 6.556940206792206e-05, 6.122136255726218e-05], "lowlevel.erbbands.stdev": [1.0033010244369507, 5.6628737449646, 7.169894695281982, 11.248220443725586, 20.07134246826172, 26.166465759277344, 26.68223762512207, 21.600418090820312, 29.645578384399414, 46.457706451416016, 62.50787353515625, 72.89385986328125, 60.15775680541992, 81.28196716308594, 87.38225555419922, 40.0595588684082, 40.33721923828125, 37.61128234863281, 39.10757064819336, 42.48725128173828, 60.858673095703125, 42.37233352661133, 45.7909049987793, 27.714078903198242, 20.78347396850586, 21.272804260253906, 18.081037521362305, 15.33845329284668, 16.457483291625977, 26.844945907592773, 23.607086181640625, 14.792442321777344, 10.5455961227417, 7.610816955566406, 3.025027275085449, 0.2024855613708496, 0.00520718190819025, 0.0003517624281812459, 5.232705734670162e-05, 3.623107113526203e-05], "lowlevel.gfcc.mean": [35.85898208618164, 71.5741195678711, -117.48777770996094, 70.63807678222656, -63.9849967956543, 43.38090515136719, -45.93854522705078, 16.640729904174805, -25.164390563964844, -8.336222648620605, -8.97665023803711, -14.235237121582031, -4.293646812438965], "lowlevel.melbands.mean": [0.004014450125396252, 0.0043439376167953014, 0.001909674028865993, 0.0007020505727268755, 0.0004564073169603944, 0.00018525611085351557, 0.00018397299572825432, 0.00019675226940307766, 0.00017385648970957845, 0.00012705265544354916, 0.00013082996883895248, 0.00014035186904948205, 0.00011192313104402274, 6.528539233841002e-05, 4.7072619054233655e-05, 5.737226820201613e-05, 4.9820249842014164e-05, 4.950427319272421e-05, 3.629936327342875e-05, 3.508715235511772e-05, 3.713938713190146e-05, 3.575361188268289e-05, 3.604598532547243e-05, 2.9098289815010503e-05, 2.0822088117711246e-05, 1.6532494555576704e-05, 1.4726393601449672e-05, 1.4349095181387383e-05, 1.1915212780877482e-05, 9.237473932444118e-06, 7.470686796295922e-06, 7.001778158155503e-06, 8.3901586549473e-06, 1.1487774827401154e-05, 1.0894926163018681e-05, 8.156594049069099e-06, 7.92315313447034e-06, 5.911381776968483e-06, 4.547963726508897e-06, 5.586020961345639e-06], "lowlevel.melbands.stdev": [0.008336585946381092, 0.004345632158219814, 0.0017237154534086585, 0.0015583711210638285, 0.0009512937976978719, 0.00048365493421442807, 0.0004486339748837054, 0.0005261760088615119, 0.0005279614706523716, 0.0004502010124269873, 0.0003176555619575083, 0.00034407645580358803, 0.0002977148978970945, 0.00015958017320372164, 9.947507351171225e-05, 8.580054418416694e-05, 7.338730938499793e-05, 6.931924144737422e-05, 6.351557385642081e-05, 7.219277176773176e-05, 6.551582919200882e-05, 4.566507777781226e-05, 4.9596714234212413e-05, 3.725152782863006e-05, 2.2740865460946225e-05, 1.5555888239759952e-05, 1.4996183381299488e-05, 1.48976441778359e-05, 1.276486727874726e-05, 1.006238380796276e-05, 9.00234044820536e-06, 8.902857189241331e-06, 1.1782780347857624e-05, 1.742300264595542e-05, 1.5545245332759805e-05, 1.0153843504667748e-05, 9.074168701772578e-06, 7.987594472069759e-06, 5.5938535297173075e-06, 7.151487352530239e-06], "lowlevel.melbands128.mean": [0.0003987654054071754, 0.0028771015349775553, 0.005567749030888081, 0.0061609987169504166, 0.004148411564528942, 0.003365403041243553, 0.0027007339522242546, 0.0012885044561699033, 0.0009807198075577617, 0.0006621850188821554, 0.0005356139736250043, 0.0006097590667195618, 0.00045082782162353396, 0.00025442393962293863, 0.00017035056953318417, 0.00014190403453540057, 0.00018468497728463262, 0.00019313931989017874, 0.00018152169650420547, 0.00019403029000386596, 0.0002103794104186818, 0.00019178047659806907, 0.00016728189075365663, 0.00016287680773530155, 0.00012973211414646357, 0.00011152109800605103, 0.0001174882854684256, 0.00011969500337727368, 0.0001594273780938238, 0.00015406591410283, 0.0001305710757151246, 0.00011980738054262474, 0.0001069175559678115, 0.00012387099559418857, 6.950218084966764e-05, 5.515099110198207e-05, 3.9181886677397415e-05, 4.215268563712016e-05, 5.6281525758095086e-05, 5.603400859399699e-05, 6.204064266057685e-05, 5.172390228835866e-05, 4.413538408698514e-05, 5.0923197704833e-05, 5.9923600929323584e-05, 4.7940658987499774e-05, 3.965424548368901e-05, 3.875178299495019e-05, 3.3650729164946824e-05, 3.064270640606992e-05, 2.5848074074019678e-05, 5.382373637985438e-05, 4.1995914216386154e-05, 2.892759039241355e-05, 2.8440015739761293e-05, 4.2711952119134367e-05, 3.5017161280848086e-05, 3.3021726267179474e-05, 4.071405055583455e-05, 3.2379273761762306e-05, 2.9545075449277647e-05, 2.5193234250764363e-05, 2.455713001836557e-05, 1.9336353943799622e-05, 1.4790187378821429e-05, 1.603797500138171e-05, 1.889343184302561e-05, 1.4118122635409236e-05, 1.3574204785982147e-05, 1.6017869711504318e-05, 1.3961294826003723e-05, 1.4198541975929402e-05, 1.3342707461561076e-05, 1.2096849786757957e-05, 8.728284228709526e-06, 1.1209104741283227e-05, 8.377237463719212e-06, 6.488724011433078e-06, 9.173492799163796e-06, 5.639386927214218e-06, 7.33850356482435e-06, 7.4676099757198244e-06, 6.264236617425922e-06, 9.945067176886369e-06, 7.757049388601445e-06, 1.0761498742795084e-05, 1.2220682947372552e-05, 1.4231446584744845e-05, 1.1288490895822179e-05, 7.975191692821681e-06, 8.833500942273531e-06, 7.634829671587795e-06, 8.302751666633412e-06, 8.639730367576703e-06, 7.281885245902231e-06, 5.952691935817711e-06, 6.273229246289702e-06, 4.957062628818676e-06, 3.7948959743516752e-06, 4.373400770418812e-06, 6.253658284549601e-06, 6.539672540384345e-06, 3.416261506572482e-06, 4.926894234813517e-06, 2.807132887028274e-06, 1.7897240240927204e-06, 5.770774578195415e-07, 5.413492587535984e-08, 6.220794435130017e-10, 1.3140244101150778e-11, 9.715238162566475e-12, 9.075017647075523e-12, 1.1111715714218207e-11, 1.527464786599264e-11, 9.521021124281326e-12, 7.855891284713756e-12, 7.0792044101763985e-12, 6.230672661838854e-12, 6.0210712284070045e-12, 5.835670488507638e-12, 5.678794240404628e-12, 5.556402126599691e-12, 5.421176528519478e-12, 5.315413473955255e-12, 5.201514132607832e-12, 5.076907210604942e-12, 4.999627014473651e-12, 4.965384874100476e-12], "lowlevel.melbands128.stdev": [0.0010500035714358091, 0.008019032888114452, 0.012915742583572865, 0.008763998746871948, 0.004935150034725666, 0.0028248156886547804, 0.002875610953196883, 0.0016478097531944513, 0.002498841844499111, 0.0019397824071347713, 0.0017218360444530845, 0.0015153083950281143, 0.0011277684243395925, 0.0008928803144954145, 0.0006282952963374555, 0.0004988128202967346, 0.0006071014213375747, 0.0005456740618683398, 0.0005779957282356918, 0.0007018652395345271, 0.000710954365786165, 0.0007608990417793393, 0.0006392430514097214, 0.0007830800022929907, 0.0006487749051302671, 0.0004797971632797271, 0.00047448978875763714, 0.00032312041730619967, 0.0005824464606121182, 0.0004677784745581448, 0.0004343072359915823, 0.0004773103282786906, 0.000318491249345243, 0.0004819181631319225, 0.00020199902064632624, 0.00019031873671337962, 9.666576806921512e-05, 0.00011071620974689722, 0.0001696653343969956, 0.00010728605411713943, 0.00011581054423004389, 0.00010260532872052863, 9.931975364452228e-05, 8.896062354324386e-05, 0.00010937068873317912, 8.385149703826755e-05, 7.885306695243344e-05, 8.106897439574823e-05, 9.066279017133638e-05, 6.868972559459507e-05, 6.627146649407223e-05, 0.00017174117965623736, 8.737311873119324e-05, 5.2048417273908854e-05, 4.790475941263139e-05, 6.476814451161772e-05, 5.099410918774083e-05, 5.527172834263183e-05, 7.739634747849777e-05, 4.7994984925026074e-05, 4.723205711343326e-05, 3.655864202301018e-05, 3.5288732760818675e-05, 2.3091961338650435e-05, 1.8077225831802934e-05, 1.6718267943360843e-05, 2.312255310243927e-05, 1.8197590179624967e-05, 1.697697734925896e-05, 1.9350582078914158e-05, 1.7662114260019735e-05, 1.6766134649515152e-05, 1.7388994820066728e-05, 1.53253240569029e-05, 1.036358571582241e-05, 1.3069251508568414e-05, 1.0965806723106652e-05, 9.412377949047368e-06, 1.20307986435364e-05, 7.864116014388856e-06, 9.965538993128575e-06, 1.0563172509137075e-05, 9.219664207194e-06, 1.529190194560215e-05, 1.2256881745997816e-05, 1.8725722839008085e-05, 1.8952125174109824e-05, 2.4252653020084836e-05, 1.7327982277492993e-05, 1.1013152288796846e-05, 1.3719452908844687e-05, 1.0062697583634872e-05, 1.0064809430332389e-05, 1.0596882020763587e-05, 9.12736140890047e-06, 8.043561138038058e-06, 9.702635907160584e-06, 7.659329639864154e-06, 5.108026925881859e-06, 5.490163403010229e-06, 7.672062565688975e-06, 9.902517376758624e-06, 4.33243758379831e-06, 5.886898179596756e-06, 4.161349352216348e-06, 2.8153717721579596e-06, 1.1942871651626774e-06, 1.8837563686702197e-07, 1.3645597540801191e-08, 8.643129961738438e-11, 2.675100418958465e-11, 2.053293299275616e-11, 8.342960350349315e-11, 1.5504342254502035e-10, 4.248709370435755e-11, 2.7317037520901977e-11, 1.736296523224823e-11, 8.161867015576973e-12, 7.908527131783583e-12, 7.690222590672757e-12, 7.496428824915746e-12, 7.32571815709182e-12, 7.1724778893944574e-12, 7.046466275056895e-12, 6.939923462290221e-12, 6.8548200969631434e-12, 6.7927412826518374e-12, 6.754608157522046e-12], "lowlevel.mfcc.mean": [-593.0087280273438, 75.85426330566406, 17.999717712402344, 24.64544105529785, 21.746278762817383, 13.887019157409668, 10.463187217712402, 12.594476699829102, 0.7055129408836365, 4.829419136047363, -0.6386665105819702, -0.2566464841365814, -2.2757568359375], "lowlevel.spectral_contrast_coeffs.mean": [-0.6767780780792236, -0.7879186272621155, -0.8041632175445557, -0.8072925209999084, -0.8019372224807739, -0.7922189831733704], "lowlevel.spectral_contrast_coeffs.stdev": [0.06927727162837982, 0.07867614179849625, 0.06061195209622383, 0.04221675544977188, 0.03226516768336296, 0.03072110377252102], "lowlevel.spectral_contrast_valleys.mean": [-6.455506801605225, -6.8829145431518555, -7.097193717956543, -7.1054511070251465, -6.828773021697998, -8.855751037597656], "lowlevel.spectral_contrast_valleys.stdev": [0.5906773209571838, 0.581420361995697, 0.596530020236969, 0.5106412172317505, 0.5372208952903748, 0.5556827783584595], "rhythm.beats_loudness_band_ratio.mean": [0.4985080063343048, 0.2141062319278717, 0.09911590814590454, 0.06831507384777069, 0.07295248657464981, 0.15468502044677734], "rhythm.beats_loudness_band_ratio.stdev": [0.1480545550584793, 0.1163848415017128, 0.10191788524389267, 0.06285183131694794, 0.06727604568004608, 0.07687884569168091], "tonal.hpcp.mean": [0.09333915263414383, 0.08909901976585388, 0.07974656671285629, 0.08808652311563492, 0.07084637135267258, 0.06379730254411697, 0.07778395712375641, 0.07617130875587463, 0.12567207217216492, 0.20003852248191833, 0.16197480261325836, 0.12492039799690247, 0.2207983136177063, 0.21514007449150085, 0.1096942201256752, 0.1070675402879715, 0.09653621912002563, 0.06228670850396156, 0.0557744987308979, 0.04941866174340248, 0.0417272187769413, 0.052388995885849, 0.07226371020078659, 0.14239616692066193, 0.2222103476524353, 0.18499135971069336, 0.14592166244983673, 0.17026376724243164, 0.13518451154232025, 0.08073348551988602, 0.07474873214960098, 0.06822600960731506, 0.05927768349647522, 0.06740952283143997, 0.06978514790534973, 0.07084980607032776], "tonal.hpcp.stdev": [0.21138323843479156, 0.20984971523284912, 0.19699303805828094, 0.2119777798652649, 0.17886173725128174, 0.1723172813653946, 0.1992226541042328, 0.1830100119113922, 0.23184515535831451, 0.32133886218070984, 0.2586926519870758, 0.21796882152557373, 0.316701740026474, 0.33002161979675293, 0.20733290910720825, 0.2385256141424179, 0.23787842690944672, 0.15120121836662292, 0.14611098170280457, 0.13104422390460968, 0.11234426498413086, 0.1373881697654724, 0.17079028487205505, 0.25413352251052856, 0.34253233671188354, 0.2944353222846985, 0.2635883390903473, 0.30422496795654297, 0.26873376965522766, 0.18328486382961273, 0.18580681085586548, 0.17044001817703247, 0.13672636449337006, 0.15298958122730255, 0.1529189497232437, 0.14471185207366943], "rhythm.beats_position": [0.7198185920715332, 1.4396371841430664, 2.1594557762145996, 2.867664337158203, 3.5758728981018066, 4.2724714279174805, 4.9690704345703125, 5.6888885498046875, 6.3854875564575195, 7.093696117401123, 7.801904678344727, 8.510112762451172, 9.218321800231934, 9.926530838012695, 10.63473892211914, 11.331337928771973, 12.027935981750488, 12.73614501953125, 13.444353103637695, 14.152562141418457, 14.860771179199219, 15.557369232177734, 16.26557731628418, 16.973787307739258, 17.670385360717773, 18.37859344482422, 19.086801528930664, 19.795011520385742, 20.503219604492188, 21.211427688598633, 21.91963768005371, 22.616235733032227, 23.324443817138672, 24.032651901245117, 24.740861892700195, 25.44906997680664, 26.145668029785156, 26.8538761138916], "rhythm.bpm_histogram": [0.0, 0.0, 0.0, 0.0, 0.0, 0.0, 0.0, 0.0, 0.0, 0.0, 0.0, 0.0, 0.0, 0.0, 0.0, 0.0, 0.0, 0.0, 0.0, 0.0, 0.0, 0.0, 0.0, 0.0, 0.0, 0.0, 0.0, 0.0, 0.0, 0.0, 0.0, 0.0, 0.0, 0.0, 0.0, 0.0, 0.0, 0.0, 0.0, 0.0, 0.0, 0.0, 0.0, 0.0, 0.0, 0.0, 0.0, 0.0, 0.0, 0.0, 0.0, 0.0, 0.0, 0.0, 0.0, 0.0, 0.0, 0.0, 0.0, 0.0, 0.0, 0.0, 0.0, 0.0, 0.0, 0.0, 0.0, 0.0, 0.0, 0.0, 0.0, 0.0, 0.0, 0.0, 0.0, 0.0, 0.0, 0.0, 0.0, 0.0, 0.0, 0.0, 0.0, 0.0810810774564743, 0.0, 0.6756756901741028, 0.2432432472705841, 0.0, 0.0, 0.0, 0.0, 0.0, 0.0, 0.0, 0.0, 0.0, 0.0, 0.0, 0.0, 0.0, 0.0, 0.0, 0.0, 0.0, 0.0, 0.0, 0.0, 0.0, 0.0, 0.0, 0.0, 0.0, 0.0, 0.0, 0.0, 0.0, 0.0, 0.0, 0.0, 0.0, 0.0, 0.0, 0.0, 0.0, 0.0, 0.0, 0.0, 0.0, 0.0, 0.0, 0.0, 0.0, 0.0, 0.0, 0.0, 0.0, 0.0, 0.0, 0.0, 0.0, 0.0, 0.0, 0.0, 0.0, 0.0, 0.0, 0.0, 0.0, 0.0, 0.0, 0.0, 0.0, 0.0, 0.0, 0.0, 0.0, 0.0, 0.0, 0.0, 0.0, 0.0, 0.0, 0.0, 0.0, 0.0, 0.0, 0.0, 0.0, 0.0, 0.0, 0.0, 0.0, 0.0, 0.0, 0.0, 0.0, 0.0, 0.0, 0.0, 0.0, 0.0, 0.0, 0.0, 0.0, 0.0, 0.0, 0.0, 0.0, 0.0, 0.0, 0.0, 0.0, 0.0, 0.0, 0.0, 0.0, 0.0, 0.0, 0.0, 0.0, 0.0, 0.0, 0.0, 0.0, 0.0, 0.0, 0.0, 0.0, 0.0, 0.0, 0.0, 0.0, 0.0, 0.0, 0.0, 0.0, 0.0, 0.0, 0.0, 0.0, 0.0, 0.0, 0.0, 0.0, 0.0, 0.0, 0.0, 0.0, 0.0, 0.0, 0.0, 0.0, 0.0, 0.0, 0.0, 0.0, 0.0, 0.0, 0.0, 0.0, 0.0, 0.0, 0.0, 0.0, 0.0, 0.0, 0.0, 0.0, 0.0, 0.0], "tonal.chords_histogram": [28.424657821655273, 0.34246575832366943, 0.0, 0.0, 0.0, 0.0, 2.0547945499420166, 11.815068244934082, 0.0, 1.3698630332946777, 0.0, 1.5410958528518677, 0.8561643958091736, 5.308218955993652, 10.273972511291504, 6.50684928894043, 3.9383561611175537, 0.0, 2.7397260665893555, 0.0, 0.0, 2.568493127822876, 0.0, 22.26027488708496], "tonal.thpcp": [1.0, 0.8325055837631226, 0.656682550907135, 0.7662279009819031, 0.6083627939224243, 0.36332011222839355, 0.3363872766494751, 0.3070334494113922, 0.266763836145401, 0.3033590614795685, 0.31404995918273926, 0.3188411593437195, 0.42004862427711487, 0.400967001914978, 0.3588787317276001, 0.3964105248451233, 0.31882572174072266, 0.28710320591926575, 0.3500465154647827, 0.3427892029285431, 0.5655545592308044, 0.9002214670181274, 0.7289255857467651, 0.5621718168258667, 0.9936454892158508, 0.9681820869445801, 0.4936503767967224, 0.4818296730518341, 0.43443620204925537, 0.2803051769733429, 0.2509986460208893, 0.2223958671092987, 0.18778252601623535, 0.2357630729675293, 0.325204074382782, 0.6408169865608215], "lowlevel.gfcc.cov": [[1360.22021484375, -171.02764892578125, -378.102783203125, -17.478866577148438, -188.61293029785156, -74.69601440429688, 30.971065521240234, 48.06489944458008, 41.004085540771484, 14.999886512756348, -22.243589401245117, -2.7601826190948486, 11.539525032043457], [-171.02764892578125, 690.0948486328125, -78.80663299560547, -155.48057556152344, 65.13787841796875, -134.2061309814453, 82.21756744384766, 23.261680603027344, 67.3838882446289, -24.901247024536133, 96.70601654052734, -20.87693214416504, 49.13529586791992], [-378.102783203125, -78.80663299560547, 673.3052368164062, 232.61546325683594, 46.64002227783203, 78.05541229248047, -92.27569580078125, -62.835601806640625, -31.789350509643555, 61.65178680419922, 29.382158279418945, 68.70890808105469, 20.014598846435547], [-17.478866577148438, -155.48057556152344, 232.61546325683594, 304.96533203125, 101.74397277832031, 29.549535751342773, -45.020259857177734, -45.23716735839844, 24.09433364868164, 43.69160842895508, 13.055842399597168, 33.864200592041016, 25.076066970825195], [-188.61293029785156, 65.13787841796875, 46.64002227783203, 101.74397277832031, 242.9342803955078, 92.11255645751953, 32.47016143798828, 46.123714447021484, 43.21381378173828, 14.270441055297852, 37.03546142578125, -0.9582249522209167, 33.62199401855469], [-74.69601440429688, -134.2061309814453, 78.05541229248047, 29.549535751342773, 92.11255645751953, 220.66140747070312, 119.99845886230469, 28.28569221496582, -39.153995513916016, -5.6490864753723145, -1.2915964126586914, -1.0715802907943726, -2.098336935043335], [30.971065521240234, 82.21756744384766, -92.27569580078125, -45.020259857177734, 32.47016143798828, 119.99845886230469, 237.09857177734375, 79.4681396484375, -1.0475289821624756, -20.725555419921875, 35.62593078613281, -16.386796951293945, 4.594921588897705], [48.06489944458008, 23.261680603027344, -62.835601806640625, -45.23716735839844, 46.123714447021484, 28.28569221496582, 79.4681396484375, 137.56089782714844, 72.0438461303711, 11.669557571411133, 25.60147476196289, -9.99437427520752, -0.22722578048706055], [41.004085540771484, 67.3838882446289, -31.789350509643555, 24.09433364868164, 43.21381378173828, -39.153995513916016, -1.0475289821624756, 72.0438461303711, 140.2303924560547, 55.88381576538086, 35.21079635620117, -0.8777950406074524, 13.805058479309082], [14.999886512756348, -24.901247024536133, 61.65178680419922, 43.69160842895508, 14.270441055297852, -5.6490864753723145, -20.725555419921875, 11.669557571411133, 55.88381576538086, 92.76917266845703, 39.38150405883789, 20.30703353881836, -3.894038438796997], [-22.243589401245117, 96.70601654052734, 29.382158279418945, 13.055842399597168, 37.03546142578125, -1.2915964126586914, 35.62593078613281, 25.60147476196289, 35.21079635620117, 39.38150405883789, 92.1933364868164, 34.926517486572266, 15.108835220336914], [-2.7601826190948486, -20.87693214416504, 68.70890808105469, 33.864200592041016, -0.9582249522209167, -1.0715802907943726, -16.386796951293945, -9.99437427520752, -0.8777950406074524, 20.30703353881836, 34.926517486572266, 74.41136932373047, 35.720218658447266], [11.539525032043457, 49.13529586791992, 20.014598846435547, 25.076066970825195, 33.62199401855469, -2.098336935043335, 4.594921588897705, -0.22722578048706055, 13.805058479309082, -3.894038438796997, 15.108835220336914, 35.720218658447266, 69.7667007446289]], "lowlevel.gfcc.icov": [[0.0014939196407794952, -0.0010400281753391027, 0.0019387545762583613, -0.002809411846101284, 0.003506970824673772, -0.0024717869237065315, 0.002079738536849618, -0.002804794814437628, 0.0013911492424085736, -0.0013147912686690688, -0.0001555208582431078, 0.0005418051732704043, -0.001563946483656764], [-0.0010400281753391027, 0.009659038856625557, -0.005594021640717983, 0.011311447247862816, -0.011328496038913727, 0.014362795278429985, -0.01144484430551529, 0.011587763205170631, -0.006739132571965456, 0.005099712871015072, -0.004858046304434538, 0.003273941110819578, -0.001414583995938301], [0.0019387545762583613, -0.005594021640717983, 0.007265382446348667, -0.010047215968370438, 0.00988306850194931, -0.011185738258063793, 0.009488174691796303, -0.009059011936187744, 0.005860809236764908, -0.004435254260897636, 0.00044534719199873507, -0.0009423975716345012, -0.0016288446495309472], [-0.002809411846101284, 0.011311447247862816, -0.010047215968370438, 0.021656814962625504, -0.01937733218073845, 0.019121695309877396, -0.016141174361109734, 0.019273284822702408, -0.01132264081388712, 0.005775174126029015, -0.0018527075881138444, -7.613930938532576e-05, 0.0016388450749218464], [0.003506970824673772, -0.011328496038913727, 0.00988306850194931, -0.01937733218073845, 0.026496045291423798, -0.024219801649451256, 0.019068481400609016, -0.01945234090089798, 0.008544061332941055, -0.005369704682379961, -0.0019954657182097435, 0.004048002418130636, -0.006919562816619873], [-0.0024717869237065315, 0.014362795278429985, -0.011185738258063793, 0.019121695309877396, -0.024219801649451256, 0.03428288921713829, -0.025318147614598274, 0.018418967723846436, -0.006798177026212215, 0.004626967944204807, 0.0003015711554326117, -0.00011564846499823034, 0.0026574411895126104], [0.002079738536849618, -0.01144484430551529, 0.009488174691796303, -0.016141174361109734, 0.019068481400609016, -0.025318147614598274, 0.026031823828816414, -0.02013891190290451, 0.01018095389008522, -0.003706935793161392, -0.0035225620958954096, 0.00304123992100358, -0.003950744401663542], [-0.002804794814437628, 0.011587763205170631, -0.009059011936187744, 0.019273284822702408, -0.01945234090089798, 0.018418967723846436, -0.02013891190290451, 0.03270478919148445, -0.0194237157702446, 0.009367399848997593, -0.0028818121645599604, -0.0010560333030298352, 0.004866806324571371], [0.0013911492424085736, -0.006739132571965456, 0.005860809236764908, -0.01132264081388712, 0.008544061332941055, -0.006798177026212215, 0.01018095389008522, -0.0194237157702446, 0.024769367650151253, -0.014170888811349869, 0.0011034095659852028, 0.004174733534455299, -0.0062199304811656475], [-0.0013147912686690688, 0.005099712871015072, -0.004435254260897636, 0.005775174126029015, -0.005369704682379961, 0.004626967944204807, -0.003706935793161392, 0.009367399848997593, -0.014170888811349869, 0.024990683421492577, -0.009447503834962845, -0.002250863704830408, 0.006221374962478876], [-0.0001555208582431078, -0.004858046304434538, 0.00044534719199873507, -0.0018527075881138444, -0.0019954657182097435, 0.0003015711554326117, -0.0035225620958954096, -0.0028818121645599604, 0.0011034095659852028, -0.009447503834962845, 0.02742001786828041, -0.015482583083212376, 0.006421858910471201], [0.0005418051732704043, 0.003273941110819578, -0.0009423975716345012, -7.613930938532576e-05, 0.004048002418130636, -0.00011564846499823034, 0.00304123992100358, -0.0010560333030298352, 0.004174733534455299, -0.002250863704830408, -0.015482583083212376, 0.032724302262067795, -0.018609147518873215], [-0.001563946483656764, -0.001414583995938301, -0.0016288446495309472, 0.0016388450749218464, -0.006919562816619873, 0.0026574411895126104, -0.003950744401663542, 0.004866806324571371, -0.0062199304811656475, 0.006221374962478876, 0.006421858910471201, -0.018609147518873215, 0.028872394934296608]], "lowlevel.mfcc.cov": [[1734.9716796875, -266.8160400390625, -387.4991455078125, -69.48756408691406, -267.2499084472656, -133.79278564453125, -94.025146484375, -5.729086875915527, 40.38359451293945, 13.039752006530762, 8.48181438446045, 1.1289341449737549, -20.647859573364258], [-266.8160400390625, 720.4199829101562, -121.78853607177734, -40.80303955078125, -44.12752151489258, -116.18045043945312, 17.631052017211914, 20.62213134765625, -12.020755767822266, 26.871084213256836, 22.04058074951172, 20.86133575439453, 23.714534759521484], [-387.4991455078125, -121.78853607177734, 558.0791625976562, 136.44215393066406, 98.14884948730469, 107.21965026855469, -6.5275797843933105, -51.11780548095703, -50.625770568847656, -48.57371520996094, -21.70970344543457, 7.760173320770264, 30.35516357421875], [-69.48756408691406, -40.80303955078125, 136.44215393066406, 247.39035034179688, 121.30472564697266, 35.93206787109375, -56.972206115722656, -43.83503341674805, -12.173961639404297, -5.241724967956543, -7.635185241699219, 19.017793655395508, 46.34225082397461], [-267.2499084472656, -44.12752151489258, 98.14884948730469, 121.30472564697266, 274.1192321777344, 64.55111694335938, -21.0733585357666, -16.181217193603516, 14.003731727600098, 20.05784034729004, -4.322155475616455, 13.839137077331543, 28.464147567749023], [-133.79278564453125, -116.18045043945312, 107.21965026855469, 35.93206787109375, 64.55111694335938, 179.32119750976562, 93.49977111816406, 11.164100646972656, 9.82236385345459, -15.827520370483398, -0.8879956603050232, 4.3253350257873535, -11.207456588745117], [-94.025146484375, 17.631052017211914, -6.5275797843933105, -56.972206115722656, -21.0733585357666, 93.49977111816406, 214.47291564941406, 101.55632019042969, 20.928279876708984, 20.339139938354492, 19.95905303955078, 3.5368540287017822, -23.996166229248047], [-5.729086875915527, 20.62213134765625, -51.11780548095703, -43.83503341674805, -16.181217193603516, 11.164100646972656, 101.55632019042969, 122.17635345458984, 46.60367202758789, 39.093990325927734, 15.348116874694824, 0.8585198521614075, -1.2446728944778442], [40.38359451293945, -12.020755767822266, -50.625770568847656, -12.173961639404297, 14.003731727600098, 9.82236385345459, 20.928279876708984, 46.60367202758789, 86.31241607666016, 46.20067596435547, 11.488964080810547, 5.101907253265381, -1.7374521493911743], [13.039752006530762, 26.871084213256836, -48.57371520996094, -5.241724967956543, 20.05784034729004, -15.827520370483398, 20.339139938354492, 39.093990325927734, 46.20067596435547, 114.84777069091797, 53.630088806152344, 15.618752479553223, 2.5494391918182373], [8.48181438446045, 22.04058074951172, -21.70970344543457, -7.635185241699219, -4.322155475616455, -0.8879956603050232, 19.95905303955078, 15.348116874694824, 11.488964080810547, 53.630088806152344, 77.52400207519531, 39.5518684387207, 11.401759147644043], [1.1289341449737549, 20.86133575439453, 7.760173320770264, 19.017793655395508, 13.839137077331543, 4.3253350257873535, 3.5368540287017822, 0.8585198521614075, 5.101907253265381, 15.618752479553223, 39.5518684387207, 78.1604232788086, 45.84178161621094], [-20.647859573364258, 23.714534759521484, 30.35516357421875, 46.34225082397461, 28.464147567749023, -11.207456588745117, -23.996166229248047, -1.2446728944778442, -1.7374521493911743, 2.5494391918182373, 11.401759147644043, 45.84178161621094, 81.50860595703125]], "lowlevel.mfcc.icov": [[0.0009984734933823347, 0.0005679118330590427, 0.0006712319445796311, -0.0004647200694307685, 0.0010116166668012738, 0.00034559916821308434, 0.00021852165809832513, 0.00012295514170546085, -0.0003381415153853595, -7.325709884753451e-05, 0.00014974786608945578, -0.0004062524239998311, 6.502138421637937e-05], [0.0005679118330590427, 0.002028270158916712, 0.0005597034469246864, -0.00029695272678509355, 0.00042373331962153316, 0.001774713397026062, -0.0010246769525110722, 0.0005744502996094525, 5.051483094575815e-05, -0.00013174753985367715, 3.207710324204527e-05, -0.000386875297408551, -0.00046440839651040733], [0.0006712319445796311, 0.0005597034469246864, 0.002963005332276225, -0.0011449753073975444, 0.0004938826896250248, -0.0010728430934250355, 0.00019874701683875173, 0.00027938245330005884, 0.0010961050866171718, 6.385167216649279e-05, 0.0003141548077110201, -4.898159022559412e-05, -0.0006975354044698179], [-0.0004647200694307685, -0.00029695272678509355, -0.0011449753073975444, 0.006743581499904394, -0.0023286936338990927, -0.0013624017592519522, 0.001311575178988278, 0.0006148928659968078, 0.0005880864337086678, -0.0007315106340683997, 0.00047050591092556715, 0.0004266466130502522, -0.0026879736687988043], [0.0010116166668012738, 0.00042373331962153316, 0.0004938826896250248, -0.0023286936338990927, 0.00645862054079771, -0.00202471693046391, 0.0014004153199493885, -6.46132612018846e-05, -0.000593797245528549, -0.002210930921137333, 0.0017590430798009038, -0.0007527567795477808, -0.000615718076005578], [0.00034559916821308434, 0.001774713397026062, -0.0010728430934250355, -0.0013624017592519522, -0.00202471693046391, 0.013280675746500492, -0.008363837376236916, 0.00493621127679944, -0.004122103564441204, 0.003372724400833249, -0.001421745982952416, -0.0004543045361060649, 0.0011526006273925304], [0.00021852165809832513, -0.0010246769525110722, 0.00019874701683875173, 0.001311575178988278, 0.0014004153199493885, -0.008363837376236916, 0.014694072306156158, -0.011786730028688908, 0.004381744656711817, -0.0010317603591829538, -0.00022519730555359274, -0.002453248482197523, 0.0035775559954345226], [0.00012295514170546085, 0.0005744502996094525, 0.00027938245330005884, 0.0006148928659968078, -6.46132612018846e-05, 0.00493621127679944, -0.011786730028688908, 0.02140425145626068, -0.008510195650160313, -0.0014692982658743858, 2.4893577574403025e-05, 0.00358147663064301, -0.005184717010706663], [-0.0003381415153853595, 5.051483094575815e-05, 0.0010961050866171718, 0.0005880864337086678, -0.000593797245528549, -0.004122103564441204, 0.004381744656711817, -0.008510195650160313, 0.02033689245581627, -0.00774664431810379, 0.004559669177979231, -0.003158086910843849, 0.001771822921000421], [-7.325709884753451e-05, -0.00013174753985367715, 6.385167216649279e-05, -0.0007315106340683997, -0.002210930921137333, 0.003372724400833249, -0.0010317603591829538, -0.0014692982658743858, -0.00774664431810379, 0.019282622262835503, -0.013781365938484669, 0.003949353005737066, 0.0002599151630420238], [0.00014974786608945578, 3.207710324204527e-05, 0.0003141548077110201, 0.00047050591092556715, 0.0017590430798009038, -0.001421745982952416, -0.00022519730555359274, 2.4893577574403025e-05, 0.004559669177979231, -0.013781365938484669, 0.02893824502825737, -0.014594028703868389, 0.0034565723035484552], [-0.0004062524239998311, -0.000386875297408551, -4.898159022559412e-05, 0.0004266466130502522, -0.0007527567795477808, -0.0004543045361060649, -0.002453248482197523, 0.00358147663064301, -0.003158086910843849, 0.003949353005737066, -0.014594028703868389, 0.028577690944075584, -0.014903760515153408], [6.502138421637937e-05, -0.00046440839651040733, -0.0006975354044698179, -0.0026879736687988043, -0.000615718076005578, 0.0011526006273925304, 0.0035775559954345226, -0.005184717010706663, 0.001771822921000421, 0.0002599151630420238, 0.0034