{"song_id": "1183649644371247104", "download": "https://cdn.discordapp.com/attachments/1135903449314238464/1183649644371247104/chirp.mp4?ex=65891aa2&amp", "lyrics": "He was a little man, Pirouette Peanut, He was a little man, Who had a funny house Who had a funny His house is made of cardboard, Pirouette Peanut, His house is made of cardboard, The stairs are made of paper The stairs are made of paper If you want to go up there, Pirouette Peanut, If you want to go up there You will break the tip of your nose You will break the tip of your nose The postman got in there, Pirouette Peanut, The postman got in there, He broke the tip of his nose He broke the tip of his nose", "style": ["drill"], "essentia_features": {"lowlevel.average_loudness": 0.9794384837150574, "lowlevel.barkbands_crest.mean": 13.617570877075195, "lowlevel.barkbands_crest.stdev": 5.094522953033447, "lowlevel.barkbands_flatness_db.mean": 0.22315455973148346, "lowlevel.barkbands_flatness_db.stdev": 0.06123923882842064, "lowlevel.barkbands_kurtosis.mean": 12.807680130004883, "lowlevel.barkbands_kurtosis.stdev": 20.507291793823242, "lowlevel.barkbands_skewness.mean": 2.7076759338378906, "lowlevel.barkbands_skewness.stdev": 2.1068811416625977, "lowlevel.barkbands_spread.mean": 27.707292556762695, "lowlevel.barkbands_spread.stdev": 24.03514289855957, "lowlevel.dissonance.mean": 0.4547610580921173, "lowlevel.dissonance.stdev": 0.04160841926932335, "lowlevel.dynamic_complexity": 3.280789613723755, "lowlevel.erbbands_crest.mean": 10.712907791137695, "lowlevel.erbbands_crest.stdev": 4.509512901306152, "lowlevel.erbbands_flatness_db.mean": 0.17449899017810822, "lowlevel.erbbands_flatness_db.stdev": 0.04832299053668976, "lowlevel.erbbands_kurtosis.mean": 1.6644033193588257, "lowlevel.erbbands_kurtosis.stdev": 4.825716972351074, "lowlevel.erbbands_skewness.mean": -0.2577628493309021, "lowlevel.erbbands_skewness.stdev": 1.3016632795333862, "lowlevel.erbbands_spread.mean": 42.435298919677734, "lowlevel.erbbands_spread.stdev": 22.282073974609375, "lowlevel.hfc.mean": 22.825056076049805, "lowlevel.hfc.stdev": 25.323686599731445, "lowlevel.loudness_ebu128.integrated": -20.320253372192383, "lowlevel.loudness_ebu128.loudness_range": 1.3756885528564453, "lowlevel.loudness_ebu128.momentary.mean": -20.633024215698242, "lowlevel.loudness_ebu128.momentary.stdev": 1.7642085552215576, "lowlevel.loudness_ebu128.short_term.mean": -20.334054946899414, "lowlevel.loudness_ebu128.short_term.stdev": 0.4533464014530182, "lowlevel.melbands_crest.mean": 28.243144989013672, "lowlevel.melbands_crest.stdev": 7.33957052230835, "lowlevel.melbands_flatness_db.mean": 0.2817908525466919, "lowlevel.melbands_flatness_db.stdev": 0.07877493649721146, "lowlevel.melbands_kurtosis.mean": 40.483192443847656, "lowlevel.melbands_kurtosis.stdev": 51.82884216308594, "lowlevel.melbands_skewness.mean": 4.852541923522949, "lowlevel.melbands_skewness.stdev": 3.1902191638946533, "lowlevel.melbands_spread.mean": 20.62676429748535, "lowlevel.melbands_spread.stdev": 18.774818420410156, "lowlevel.pitch_salience.mean": 0.33803606033325195, "lowlevel.pitch_salience.stdev": 0.13733014464378357, "lowlevel.silence_rate_20dB.mean": 1.0, "lowlevel.silence_rate_20dB.stdev": 0.0, "lowlevel.silence_rate_30dB.mean": 0.9985925555229187, "lowlevel.silence_rate_30dB.stdev": 0.03749028965830803, "lowlevel.silence_rate_60dB.mean": 0.0014074594946578145, "lowlevel.silence_rate_60dB.stdev": 0.037489525973796844, "lowlevel.spectral_centroid.mean": 1867.8990478515625, "lowlevel.spectral_centroid.stdev": 1166.41162109375, "lowlevel.spectral_complexity.mean": 10.651653289794922, "lowlevel.spectral_complexity.stdev": 9.356661796569824, "lowlevel.spectral_decrease.mean": -8.267939222150744e-09, "lowlevel.spectral_decrease.stdev": 3.816042148940824e-09, "lowlevel.spectral_energy.mean": 0.03327540308237076, "lowlevel.spectral_energy.stdev": 0.015834525227546692, "lowlevel.spectral_energyband_high.mean": 0.0015897259581834078, "lowlevel.spectral_energyband_high.stdev": 0.002439721953123808, "lowlevel.spectral_energyband_low.mean": 0.020448114722967148, "lowlevel.spectral_energyband_low.stdev": 0.006197783164680004, "lowlevel.spectral_energyband_middle_high.mean": 0.004170626401901245, "lowlevel.spectral_energyband_middle_high.stdev": 0.006953117437660694, "lowlevel.spectral_energyband_middle_low.mean": 0.006637243553996086, "lowlevel.spectral_energyband_middle_low.stdev": 0.009516910649836063, "lowlevel.spectral_entropy.mean": 7.71140193939209, "lowlevel.spectral_entropy.stdev": 0.5783421397209167, "lowlevel.spectral_flux.mean": 0.07701138406991959, "lowlevel.spectral_flux.stdev": 0.04461023211479187, "lowlevel.spectral_kurtosis.mean": 3.4800710678100586, "lowlevel.spectral_kurtosis.stdev": 4.015104293823242, "lowlevel.spectral_rms.mean": 0.005558205768465996, "lowlevel.spectral_rms.stdev": 0.0012530616950243711, "lowlevel.spectral_rolloff.mean": 1288.285400390625, "lowlevel.spectral_rolloff.stdev": 1994.136962890625, "lowlevel.spectral_skewness.mean": 1.22845458984375, "lowlevel.spectral_skewness.stdev": 0.6817525625228882, "lowlevel.spectral_spread.mean": 5389798.0, "lowlevel.spectral_spread.stdev": 2632220.5, "lowlevel.spectral_strongpeak.mean": 0.43116897344589233, "lowlevel.spectral_strongpeak.stdev": 0.752876341342926, "lowlevel.zerocrossingrate.mean": 0.048685867339372635, "lowlevel.zerocrossingrate.stdev": 0.038086604326963425, "metadata.audio_properties.analysis.equal_loudness": 0.0, "metadata.audio_properties.analysis.length": 32.95997619628906, "metadata.audio_properties.analysis.sample_rate": 44100.0, "metadata.audio_properties.analysis.start_time": 0.0, "metadata.audio_properties.bit_rate": 119069.0, "metadata.audio_properties.length": 32.959999084472656, "metadata.audio_properties.lossless": 0.0, "metadata.audio_properties.number_channels": 1.0, "metadata.audio_properties.replay_gain": -7.82319450378418, "metadata.audio_properties.sample_rate": 48000.0, "rhythm.beats_count": 39.0, "rhythm.beats_loudness.mean": 0.0492442287504673, "rhythm.beats_loudness.stdev": 0.017992064356803894, "rhythm.bpm": 72.7921142578125, "rhythm.bpm_histogram_first_peak_bpm": 73.0, "rhythm.bpm_histogram_first_peak_weight": 0.0, "rhythm.bpm_histogram_second_peak_bpm": 0.0, "rhythm.bpm_histogram_second_peak_spread": 0.0, "rhythm.bpm_histogram_second_peak_weight": 0.0, "rhythm.danceability": 1.5340690612792969, "rhythm.onset_rate": 4.852552890777588, "tonal.chords_changes_rate": 0.1097046434879303, "tonal.chords_number_rate": 0.014064697548747063, "tonal.chords_strength.mean": 0.4691638648509979, "tonal.chords_strength.stdev": 0.09049847722053528, "tonal.hpcp_crest.mean": 13.452571868896484, "tonal.hpcp_crest.stdev": 5.704481601715088, "tonal.hpcp_entropy.mean": 1.9521281719207764, "tonal.hpcp_entropy.stdev": 0.728114128112793, "tonal.key_edma.strength": 0.6574150919914246, "tonal.key_krumhansl.strength": 0.654978334903717, "tonal.key_temperley.strength": 0.6542301774024963, "tonal.tuning_diatonic_strength": 0.5616143941879272, "tonal.tuning_equal_tempered_deviation": 0.3167933523654938, "tonal.tuning_frequency": 434.193115234375, "tonal.tuning_nontempered_energy_ratio": 0.9300339818000793, "lowlevel.barkbands.mean": [0.006197709124535322, 0.014146238565444946, 0.0006143428036011755, 0.00013355331611819565, 0.0003682731476146728, 0.0016940496861934662, 0.0019488411489874125, 0.0014286106452345848, 0.0008705080254003406, 0.0008138600387610495, 0.0004126346029806882, 0.0005886135040782392, 0.00045857400982640684, 0.00043978344183415174, 0.00039439211832359433, 0.00020600279094651341, 0.00028120746719650924, 0.00017296819714829326, 0.00047080579679459333, 8.800511568551883e-05, 8.67764392751269e-05, 0.00019885921210516244, 0.00073063257150352, 0.0003728258889168501, 0.00012877854169346392, 2.8569453206728213e-05, 6.991600631778283e-09], "lowlevel.barkbands.stdev": [0.003919561859220266, 0.005316140595823526, 0.0007025122176855803, 0.00026064596022479236, 0.001489881775341928, 0.003996713552623987, 0.005593274254351854, 0.004162953235208988, 0.002941824495792389, 0.003026218619197607, 0.0016475369920954108, 0.001957295462489128, 0.0014192963717505336, 0.001419161562807858, 0.001163562061265111, 0.0005378111382015049, 0.0006081654573790729, 0.0005514665972441435, 0.0009663827950134873, 0.0003677477070596069, 0.00029384627123363316, 0.0003577312163542956, 0.0012073435354977846, 0.0006363216089084744, 0.0002179909060942009, 5.267764572636224e-05, 9.347012763782914e-08], "lowlevel.erbbands.mean": [0.9082173109054565, 1.2383999824523926, 0.8016917705535889, 0.4873383641242981, 0.8364807367324829, 1.3342554569244385, 3.322827100753784, 18.285133361816406, 31.325714111328125, 24.832853317260742, 30.62731170654297, 19.864038467407227, 19.953266143798828, 25.0628719329834, 20.031749725341797, 23.36212921142578, 20.371013641357422, 20.14565086364746, 25.11322593688965, 15.131099700927734, 13.481917381286621, 15.483555793762207, 9.351455688476562, 21.012788772583008, 16.882057189941406, 4.482678413391113, 3.3108761310577393, 4.030064105987549, 7.022437572479248, 16.152175903320312, 19.197168350219727, 9.25981616973877, 5.74556303024292, 2.1643686294555664, 0.5775622129440308, 0.21133461594581604, 0.03687445446848869, 0.0012747675646096468, 6.522073817905039e-05, 4.599924432113767e-05], "lowlevel.erbbands.stdev": [0.301448792219162, 1.0314116477966309, 0.715378999710083, 0.5800299048423767, 2.0067830085754395, 6.113379001617432, 12.491019248962402, 41.731414794921875, 90.51920318603516, 59.81867980957031, 88.99686431884766, 68.40056610107422, 73.03124237060547, 88.3078384399414, 73.70471954345703, 78.15202331542969, 59.38787841796875, 54.59898376464844, 78.08373260498047, 40.91599655151367, 32.57032775878906, 33.78352737426758, 28.385557174682617, 45.47761154174805, 39.57285690307617, 17.651456832885742, 13.168478965759277, 11.45699691772461, 13.021292686462402, 27.741058349609375, 31.303863525390625, 16.22948455810547, 9.6610746383667, 3.6477808952331543, 0.9726507067680359, 0.39971548318862915, 0.06557668000459671, 0.0025013198610395193, 8.070778130786493e-05, 2.556287836341653e-05], "lowlevel.gfcc.mean": [-40.99993133544922, 88.42143249511719, -111.3526382446289, 47.64616012573242, -57.65283203125, 38.795143127441406, -22.823862075805664, 29.37645721435547, 7.541126251220703, 5.2717790603637695, 10.18078327178955, 4.048999309539795, -3.784863233566284], "lowlevel.melbands.mean": [0.006016063969582319, 0.0006678015924990177, 9.838362893788144e-05, 7.913752051535994e-05, 0.00010393256525276229, 0.00041055429028347135, 0.000454441033070907, 0.0002763289667200297, 0.00024293636670336127, 0.00011560233542695642, 0.00010078502964461222, 0.00010546587145654485, 6.11927462159656e-05, 6.48211280349642e-05, 5.9665901062544435e-05, 3.935390122933313e-05, 3.681165253510699e-05, 4.2866802687058225e-05, 2.745259007497225e-05, 1.4329869372886606e-05, 1.633131796552334e-05, 1.7998785551753826e-05, 9.284882253268734e-06, 7.893223482824396e-06, 1.814731331251096e-05, 1.8059101421386003e-05, 4.975311185262399e-06, 2.481937599441153e-06, 1.9974406768596964e-06, 2.0916802441206528e-06, 2.3590555429109372e-06, 3.7335182696551783e-06, 4.31030230174656e-06, 1.2199146112834569e-05, 1.2371703633107245e-05, 7.885173545219004e-06, 4.905410150968237e-06, 4.515516138781095e-06, 2.4441201276204083e-06, 1.664415208324499e-06], "lowlevel.melbands.stdev": [0.0019300272688269615, 0.0004541509842965752, 0.000123301288112998, 0.00026548909954726696, 0.0004155321221332997, 0.0009046781924553216, 0.0012789868051186204, 0.0007041213684715331, 0.0006961101898923516, 0.00041938404319807887, 0.0003768188471440226, 0.00039899861440062523, 0.00024052493972703815, 0.00020963503629900515, 0.0002261400077259168, 0.00011276079749222845, 0.00010571251914370805, 0.0001462116342736408, 8.63330060383305e-05, 3.635342000052333e-05, 4.0427497879136354e-05, 4.000886474386789e-05, 2.6966934456140734e-05, 2.624137414386496e-05, 4.024739610031247e-05, 4.054095552419312e-05, 1.556567985971924e-05, 1.1634199836407788e-05, 8.563819392293226e-06, 7.3899386734410655e-06, 6.4090600062627345e-06, 7.501355412387056e-06, 7.714302228123415e-06, 2.2066151359467767e-05, 2.083748586301226e-05, 1.369154233543668e-05, 9.486037924943957e-06, 7.98327073425753e-06, 4.107984295842471e-06, 2.9696220735786483e-06], "lowlevel.melbands128.mean": [0.005632317159324884, 0.009760682471096516, 0.0049567134119570255, 0.0012092390097677708, 0.0004275034589227289, 0.00024794790078885853, 8.367800910491496e-05, 7.34645000193268e-05, 8.337989856954664e-05, 8.728157263249159e-05, 7.142897811718285e-05, 5.969372796243988e-05, 6.89398730173707e-05, 0.00020132171630393714, 0.0003900565207004547, 0.0005263764760456979, 0.0006022057496011257, 0.0004517766064964235, 0.0002640706952661276, 0.0002500812115613371, 0.0003065144410356879, 0.0002822511887643486, 0.0002507185563445091, 0.00018636400636751205, 0.00012062831956427544, 8.466235885862261e-05, 9.95303489617072e-05, 8.987955516204238e-05, 0.00010858271707547829, 0.00014711600670125335, 9.027445048559457e-05, 5.641381358145736e-05, 5.4190059017855674e-05, 6.73329341225326e-05, 7.516835466958582e-05, 5.677715307683684e-05, 5.984543895465322e-05, 7.093357271514833e-05, 5.253632480162196e-05, 3.603213554015383e-05, 3.791261769947596e-05, 4.232355422573164e-05, 3.145772643620148e-05, 3.5754117561737075e-05, 4.789757076650858e-05, 4.677176184486598e-05, 3.316084257676266e-05, 3.200743958586827e-05, 2.3766770027577877e-05, 1.530766712676268e-05, 1.2183790204289835e-05, 1.3791001947538462e-05, 1.5356019503087737e-05, 1.5855286619625986e-05, 2.2237836674321443e-05, 2.0301429685787298e-05, 1.3147687241144013e-05, 9.564908395987004e-06, 8.681945473654196e-06, 6.59936677038786e-06, 7.290388566616457e-06, 8.204033292713575e-06, 1.3717573892790824e-05, 2.232104816357605e-05, 2.3992781279957853e-05, 2.065583066723775e-05, 1.3736387700191699e-05, 5.650062121276278e-06, 3.541582827892853e-06, 2.5282356546085794e-06, 2.402420022917795e-06, 2.645596850925358e-06, 2.071698418149026e-06, 1.8697087398322765e-06, 1.8435820265949587e-06, 2.0658260382333538e-06, 2.270416871397174e-06, 2.072361212412943e-06, 2.205623104600818e-06, 2.6937725579045946e-06, 3.6572450881067198e-06, 4.306230948714074e-06, 3.816370281128911e-06, 4.379338406579336e-06, 4.1565454012015834e-06, 7.587974778289208e-06, 1.5697632989031263e-05, 2.0588215193129145e-05, 9.102802323468495e-06, 9.970993232855108e-06, 1.0399380698800087e-05, 6.627153197769076e-06, 5.229450835031457e-06, 4.503097898123087e-06, 5.090863396617351e-06, 4.677179731515935e-06, 4.664793323172489e-06, 3.951025519199902e-06, 2.222528337370022e-06, 1.878108491837338e-06, 1.756624897097936e-06, 1.9117214833386242e-06, 1.1527118886078824e-06, 7.290603889487102e-07, 4.063369374307513e-07, 5.525802180272876e-07, 4.3302765107000596e-07, 3.499100955650647e-07, 4.338178030138806e-07, 3.184331092143111e-07, 2.1813009709603648e-07, 1.505722906358642e-07, 1.014389425790796e-07, 3.615627974795643e-08, 9.13597730800575e-09, 9.257085653580077e-10, 1.9893953151495225e-10, 9.329689798498464e-12, 6.2674431616782655e-12, 5.741598602809761e-12, 5.589401771283198e-12, 5.470816074465423e-12, 5.3552409902402065e-12, 5.253051032355627e-12, 5.102841760251664e-12, 4.9009338254357715e-12, 4.784417220043968e-12, 4.746769817487451e-12], "lowlevel.melbands128.stdev": [0.0034649420995265245, 0.003451250959187746, 0.002876916667446494, 0.0011883083498105407, 0.0003995191364083439, 0.00029237158014439046, 0.00011858003563247621, 0.00015171639097388834, 0.00022485925001092255, 0.0003385804302524775, 0.0004038074112031609, 0.000543082132935524, 0.0003706025017891079, 0.0008706739172339439, 0.0011914900969713926, 0.0012816115049645305, 0.0018193848663941026, 0.0019135585753247142, 0.000990399275906384, 0.0008146201143972576, 0.0011268045054748654, 0.0010916126193478703, 0.0009946768404915929, 0.0007524850079789758, 0.0006579864420928061, 0.0004996841889806092, 0.00061702576931566, 0.00044197894749231637, 0.0005705328076146543, 0.0007697372348047793, 0.0003776460071094334, 0.0002482299751136452, 0.00034406245686113834, 0.0003618455957621336, 0.0002961226273328066, 0.00025921963970176876, 0.00032007027766667306, 0.00036440446274355054, 0.00024156486324500293, 0.00014055024075787514, 0.00013697330723516643, 0.00016065279487520456, 0.00013107783161103725, 0.00014341452333610505, 0.00020208269415888935, 0.00023414558381773531, 0.00011852213356178254, 0.0001448950933991, 9.137528104474768e-05, 5.0209466280648485e-05, 3.575289520085789e-05, 4.1577550291549414e-05, 5.391128433984704e-05, 4.610957330442034e-05, 5.40325854672119e-05, 5.466556831379421e-05, 3.5148135793861e-05, 2.8533338991110213e-05, 3.392532380530611e-05, 2.5664397981017828e-05, 3.1264309654943645e-05, 2.815535117406398e-05, 3.706460847752169e-05, 5.842195969307795e-05, 5.979826164548285e-05, 5.2292805776232854e-05, 4.450171036296524e-05, 1.8866052414523438e-05, 1.5245587746903766e-05, 1.1653777619358152e-05, 1.3504445632861461e-05, 1.264844377146801e-05, 9.53530161496019e-06, 8.73422686709091e-06, 8.788665581960231e-06, 7.673947038711049e-06, 8.011578756850213e-06, 7.865922270866577e-06, 6.248567842703778e-06, 6.7354835664446e-06, 8.683546184329316e-06, 8.87032820173772e-06, 7.804060260241386e-06, 8.893311132851522e-06, 8.656665158923715e-06, 1.5781237379997037e-05, 3.1565086828777567e-05, 4.119591540074907e-05, 1.6390657037845813e-05, 1.8062424715026282e-05, 2.1694027964258566e-05, 1.2310272722970694e-05, 1.0899015251197852e-05, 1.0019242836278863e-05, 1.1354223715898115e-05, 9.59669159783516e-06, 8.521514246240258e-06, 7.15461692379904e-06, 4.151954271947034e-06, 3.7272784538799897e-06, 3.2654590995662147e-06, 3.6604615161195397e-06, 2.4216708425228717e-06, 1.4036170341569232e-06, 8.231058359342569e-07, 1.037980155160767e-06, 8.260479944510735e-07, 8.511611326866841e-07, 9.031946319737472e-07, 6.689474503218662e-07, 5.295905793900602e-07, 3.017624123913265e-07, 2.548651707456884e-07, 1.2026046647406474e-07, 4.0109995325110503e-08, 7.345760000276869e-09, 2.7905202593103695e-09, 5.5460375875115986e-11, 1.4682911136931764e-11, 6.627023582672642e-12, 6.447287582284078e-12, 6.301440272360459e-12, 6.174432059385948e-12, 6.063909357284514e-12, 5.96984874728923e-12, 5.894383939275549e-12, 5.84049909130302e-12, 5.807266559992863e-12], "lowlevel.mfcc.mean": [-679.3736572265625, 106.09676361083984, 16.791711807250977, 14.639765739440918, 13.028909683227539, 10.01142692565918, 1.6965097188949585, 26.525102615356445, 3.662883996963501, 19.840049743652344, 15.622427940368652, 10.891334533691406, 12.7321195602417], "lowlevel.spectral_contrast_coeffs.mean": [-0.7687330842018127, -0.7160248756408691, -0.7766913175582886, -0.8042100667953491, -0.7634016871452332, -0.7682034373283386], "lowlevel.spectral_contrast_coeffs.stdev": [0.0552629791200161, 0.10578019171953201, 0.07307145744562149, 0.05814778432250023, 0.07207488268613815, 0.03714359551668167], "lowlevel.spectral_contrast_valleys.mean": [-7.317992210388184, -7.301366806030273, -7.743853569030762, -8.034351348876953, -8.249515533447266, -10.318458557128906], "lowlevel.spectral_contrast_valleys.stdev": [0.5608670115470886, 0.689929723739624, 0.6649365425109863, 0.7358192801475525, 0.7471699714660645, 1.4817513227462769], "rhythm.beats_loudness_band_ratio.mean": [0.42319291830062866, 0.09932951629161835, 0.15781572461128235, 0.1213303729891777, 0.1064317375421524, 0.1215822771191597], "rhythm.beats_loudness_band_ratio.stdev": [0.20408296585083008, 0.12295940518379211, 0.16633392870426178, 0.11145699769258499, 0.10421375930309296, 0.07287096977233887], "tonal.hpcp.mean": [0.20883208513259888, 0.11908139288425446, 0.049022357910871506, 0.02428595907986164, 0.021476291120052338, 0.022416766732931137, 0.020800521597266197, 0.022626573219895363, 0.03160376474261284, 0.05080112814903259, 0.09837610274553299, 0.14685341715812683, 0.17056716978549957, 0.21885661780834198, 0.24974361062049866, 0.21492736041545868, 0.15276388823986053, 0.09806535392999649, 0.0642455667257309, 0.044436264783144, 0.044714752584695816, 0.048820581287145615, 0.03866305574774742, 0.044989027082920074, 0.06155575066804886, 0.04710066691040993, 0.029735682532191277, 0.02769617550075054, 0.02620476484298706, 0.02834916114807129, 0.03280264139175415, 0.034305330365896225, 0.03412887081503868, 0.03738383576273918, 0.07534521073102951, 0.17958632111549377], "tonal.hpcp.stdev": [0.33071276545524597, 0.2664097249507904, 0.1451842486858368, 0.09943410009145737, 0.08826494216918945, 0.09677784889936447, 0.09149196743965149, 0.10532564669847488, 0.12735211849212646, 0.16888146102428436, 0.2484613060951233, 0.3061490058898926, 0.3130638897418976, 0.3541034460067749, 0.3768400251865387, 0.3548562824726105, 0.30195361375808716, 0.23317164182662964, 0.20100855827331543, 0.144284188747406, 0.15439815819263458, 0.17090731859207153, 0.13793346285820007, 0.14365504682064056, 0.2012326717376709, 0.15343330800533295, 0.10554850846529007, 0.09274017810821533, 0.09050332009792328, 0.100169837474823, 0.1138632670044899, 0.11246303468942642, 0.09497234225273132, 0.10421683639287949, 0.16640165448188782, 0.3076777458190918], "rhythm.beats_position": [0.8010883927345276, 1.6137868165969849, 2.4380950927734375, 3.250793695449829, 4.075101852416992, 4.899410247802734, 5.723718643188477, 6.548027038574219, 7.360725402832031, 8.196643829345703, 9.020952224731445, 9.845260620117188, 10.66956901550293, 11.493877410888672, 12.318185806274414, 13.142494201660156, 13.966802597045898, 14.79111099243164, 15.615419387817383, 16.439727783203125, 17.264036178588867, 18.08834457397461, 18.92426300048828, 19.736961364746094, 20.549659729003906, 21.385578155517578, 22.22149658203125, 23.045804977416992, 23.870113372802734, 24.694421768188477, 25.51873016357422, 26.34303855895996, 27.167346954345703, 28.003265380859375, 28.827573776245117, 29.65188217163086, 30.4761905670166, 31.300498962402344, 32.12480545043945], "rhythm.bpm_histogram": [0.0, 0.0, 0.0, 0.0, 0.0, 0.0, 0.0, 0.0, 0.0, 0.0, 0.0, 0.0, 0.0, 0.0, 0.0, 0.0, 0.0, 0.0, 0.0, 0.0, 0.0, 0.0, 0.0, 0.0, 0.0, 0.0, 0.0, 0.0, 0.0, 0.0, 0.0, 0.0, 0.0, 0.0, 0.0, 0.0, 0.0, 0.0, 0.0, 0.0, 0.0, 0.0, 0.0, 0.0, 0.0, 0.0, 0.0, 0.0, 0.0, 0.0, 0.0, 0.0, 0.0, 0.0, 0.0, 0.0, 0.0, 0.0, 0.0, 0.0, 0.0, 0.0, 0.0, 0.0, 0.0, 0.0, 0.0, 0.0, 0.0, 0.0, 0.0, 0.0, 0.1315789520740509, 0.7368420958518982, 0.1315789520740509, 0.0, 0.0, 0.0, 0.0, 0.0, 0.0, 0.0, 0.0, 0.0, 0.0, 0.0, 0.0, 0.0, 0.0, 0.0, 0.0, 0.0, 0.0, 0.0, 0.0, 0.0, 0.0, 0.0, 0.0, 0.0, 0.0, 0.0, 0.0, 0.0, 0.0, 0.0, 0.0, 0.0, 0.0, 0.0, 0.0, 0.0, 0.0, 0.0, 0.0, 0.0, 0.0, 0.0, 0.0, 0.0, 0.0, 0.0, 0.0, 0.0, 0.0, 0.0, 0.0, 0.0, 0.0, 0.0, 0.0, 0.0, 0.0, 0.0, 0.0, 0.0, 0.0, 0.0, 0.0, 0.0, 0.0, 0.0, 0.0, 0.0, 0.0, 0.0, 0.0, 0.0, 0.0, 0.0, 0.0, 0.0, 0.0, 0.0, 0.0, 0.0, 0.0, 0.0, 0.0, 0.0, 0.0, 0.0, 0.0, 0.0, 0.0, 0.0, 0.0, 0.0, 0.0, 0.0, 0.0, 0.0, 0.0, 0.0, 0.0, 0.0, 0.0, 0.0, 0.0, 0.0, 0.0, 0.0, 0.0, 0.0, 0.0, 0.0, 0.0, 0.0, 0.0, 0.0, 0.0, 0.0, 0.0, 0.0, 0.0, 0.0, 0.0, 0.0, 0.0, 0.0, 0.0, 0.0, 0.0, 0.0, 0.0, 0.0, 0.0, 0.0, 0.0, 0.0, 0.0, 0.0, 0.0, 0.0, 0.0, 0.0, 0.0, 0.0, 0.0, 0.0, 0.0, 0.0, 0.0, 0.0, 0.0, 0.0, 0.0, 0.0, 0.0, 0.0, 0.0, 0.0, 0.0, 0.0, 0.0, 0.0, 0.0, 0.0, 0.0, 0.0, 0.0, 0.0, 0.0, 0.0, 0.0, 0.0, 0.0, 0.0, 0.0, 0.0], "tonal.chords_histogram": [35.8649787902832, 1.8284107446670532, 0.5625879168510437, 0.0, 0.0, 14.90857982635498, 0.0, 12.095640182495117, 0.0, 1.1251758337020874, 6.047820091247559, 0.0, 0.0, 0.0, 0.0, 0.0, 0.0, 16.45569610595703, 0.0, 4.922644138336182, 1.8284107446670532, 0.0, 4.360056400299072, 0.0], "tonal.thpcp": [1.0, 0.8605920076370239, 0.6116828918457031, 0.3926641047000885, 0.25724607706069946, 0.17792753875255585, 0.17904262244701385, 0.19548280537128448, 0.15481099486351013, 0.18014085292816162, 0.24647577106952667, 0.18859608471393585, 0.11906483769416809, 0.11089843511581421, 0.10492666810750961, 0.11351305991411209, 0.13134527206420898, 0.13736219704151154, 0.13665562868118286, 0.14968885481357574, 0.3016902506351471, 0.719082772731781, 0.836185872554779, 0.4768145680427551, 0.1962907463312149, 0.09724356234073639, 0.08599335700273514, 0.08975911885499954, 0.08328749984502792, 0.09059920907020569, 0.12654483318328857, 0.20341312885284424, 0.39390838146209717, 0.5880166888237, 0.6829690933227539, 0.8763251900672913], "lowlevel.gfcc.cov": [[4938.47021484375, -1896.56201171875, 164.9338836669922, -43.44570541381836, -985.7342529296875, 146.96835327148438, -909.718017578125, 170.59957885742188, -363.009521484375, 376.8399353027344, -201.98402404785156, 518.0560913085938, -327.88323974609375], [-1896.56201171875, 3036.713134765625, -1185.753662109375, -531.042236328125, 716.6129760742188, -880.2952270507812, 524.551025390625, -276.1099548339844, 282.022216796875, -337.63427734375, 560.163330078125, -481.5108337402344, 294.0933532714844], [164.9338836669922, -1185.753662109375, 1068.7568359375, 267.8746032714844, -399.481689453125, 436.17608642578125, -154.0626220703125, 87.42993927001953, -126.83951568603516, 58.00835037231445, -323.9710388183594, 240.27548217773438, -111.31608581542969], [-43.44570541381836, -531.042236328125, 267.8746032714844, 400.56988525390625, 22.247482299804688, 89.62330627441406, -123.60641479492188, -4.915802001953125, -17.310461044311523, 14.839241027832031, -95.44802856445312, 41.43272399902344, 11.9480619430542], [-985.7342529296875, 716.6129760742188, -399.481689453125, 22.247482299804688, 568.562255859375, -161.4480438232422, 147.03248596191406, -77.58609771728516, 99.29788970947266, -62.45478820800781, 114.71402740478516, -197.9779052734375, 90.1558837890625], [146.96835327148438, -880.2952270507812, 436.17608642578125, 89.62330627441406, -161.4480438232422, 539.5305786132812, 54.38011169433594, 71.73165893554688, -81.20506286621094, 62.68691635131836, -200.39425659179688, 83.80391693115234, -86.33900451660156], [-909.718017578125, 524.551025390625, -154.0626220703125, -123.60641479492188, 147.03248596191406, 54.38011169433594, 435.14349365234375, 12.98598575592041, 59.69364547729492, -129.81982421875, 52.22239303588867, -134.2486572265625, 70.06926727294922], [170.59957885742188, -276.1099548339844, 87.42993927001953, -4.915802001953125, -77.58609771728516, 71.73165893554688, 12.98598575592041, 160.94000244140625, 8.706840515136719, 0.18922780454158783, -82.18170928955078, 36.5313720703125, -43.147342681884766], [-363.009521484375, 282.022216796875, -126.83951568603516, -17.310461044311523, 99.29788970947266, -81.20506286621094, 59.69364547729492, 8.706840515136719, 177.6411895751953, -20.601438522338867, 45.84009552001953, -97.17516326904297, 13.594184875488281], [376.8399353027344, -337.63427734375, 58.00835037231445, 14.839241027832031, -62.45478820800781, 62.68691635131836, -129.81982421875, 0.18922780454158783, -20.601438522338867, 169.65914916992188, -4.5618414878845215, 50.70781326293945, -56.2612419128418], [-201.98402404785156, 560.163330078125, -323.9710388183594, -95.44802856445312, 114.71402740478516, -200.39425659179688, 52.22239303588867, -82.18170928955078, 45.84009552001953, -4.5618414878845215, 238.4466552734375, -64.13550567626953, 53.53691101074219], [518.0560913085938, -481.5108337402344, 240.27548217773438, 41.43272399902344, -197.9779052734375, 83.80391693115234, -134.2486572265625, 36.5313720703125, -97.17516326904297, 50.70781326293945, -64.13550567626953, 208.2338409423828, -22.043415069580078], [-327.88323974609375, 294.0933532714844, -111.31608581542969, 11.9480619430542, 90.1558837890625, -86.33900451660156, 70.06926727294922, -43.147342681884766, 13.594184875488281, -56.2612419128418, 53.53691101074219, -22.043415069580078, 145.83665466308594]], "lowlevel.gfcc.icov": [[0.0009995806030929089, -0.000627767585683614, 0.0015611244598403573, -0.0007061536307446659, 0.0017555671511217952, -0.0010000416077673435, 0.0017347867833450437, -0.0008235668647103012, 0.0010265252785757184, -0.0007414108840748668, 0.0010454226285219193, -0.0011703969212248921, 0.0010658532846719027], [-0.000627767585683614, 0.007814096286892891, -0.0029718540608882904, 0.007448947057127953, -0.004465688951313496, 0.00784036610275507, -0.004079970996826887, 0.005661106668412685, -0.0022760762367397547, 0.006295297294855118, -0.0054315365850925446, 0.005916569381952286, -0.0034813769161701202], [0.0015611244598403573, -0.0029718540608882904, 0.00584860285744071, -0.0042599705047905445, 0.004680373705923557, -0.004341974854469299, 0.0031474297866225243, -0.0016884254291653633, 0.001584326382726431, -0.0024124805349856615, 0.004978776443749666, -0.004936360288411379, 0.003188139060512185], [-0.0007061536307446659, 0.007448947057127953, -0.0042599705047905445, 0.011174955405294895, -0.005581588018685579, 0.006993650458753109, -0.0023079286329448223, 0.005337276495993137, -0.0025068577378988266, 0.0065069315023720264, -0.005101423244923353, 0.00628019031137228, -0.0049314359202980995], [0.0017555671511217952, -0.004465688951313496, 0.004680373705923557, -0.005581588018685579, 0.008083994500339031, -0.004876856692135334, 0.0037729358300566673, -0.0030618852470070124, 0.0023575499653816223, -0.004212234169244766, 0.004434145987033844, -0.0026081709656864405, 0.0025121315848082304], [-0.0010000416077673435, 0.00784036610275507, -0.004341974854469299, 0.006993650458753109, -0.004876856692135334, 0.012459684163331985, -0.007174160797148943, 0.0061421580612659454, -0.0016682202694937587, 0.00392457889392972, -0.0033236860763281584, 0.005858225282281637, -0.002515785163268447], [0.0017347867833450437, -0.004079970996826887, 0.0031474297866225243, -0.0023079286329448223, 0.0037729358300566673, -0.007174160797148943, 0.00995514914393425, -0.005191741045564413, 0.0022901424672454596, -0.00019258078827988356, 0.0015993439592421055, -0.0014341201167553663, 0.0007289547356776893], [-0.0008235668647103012, 0.005661106668412685, -0.0016884254291653633, 0.005337276495993137, -0.0030618852470070124, 0.0061421580612659454, -0.005191741045564413, 0.01371264923363924, -0.00422050803899765, 0.004675842355936766, -0.00021933460084255785, 0.0016736563993617892, -0.0003823955194093287], [0.0010265252785757184, -0.0022760762367397547, 0.001584326382726431, -0.0025068577378988266, 0.0023575499653816223, -0.0016682202694937587, 0.0022901424672454596, -0.00422050803899765, 0.009817383252084255, -0.0027078096754848957, 0.0010734987445175648, 0.00170544208958745, 0.0014224033802747726], [-0.0007414108840748668, 0.006295297294855118, -0.0024124805349856615, 0.0065069315023720264, -0.004212234169244766, 0.00392457889392972, -0.00019258078827988356, 0.004675842355936766, -0.0027078096754848957, 0.015040405094623566, -0.006930557545274496, 0.004184408579021692, -0.0011016888311132789], [0.0010454226285219193, -0.0054315365850925446, 0.004978776443749666, -0.005101423244923353, 0.004434145987033844, -0.0033236860763281584, 0.0015993439592421055, -0.00021933460084255785, 0.0010734987445175648, -0.006930557545274496, 0.014520217664539814, -0.006297056097537279, 0.0029236641712486744], [-0.0011703969212248921, 0.005916569381952286, -0.004936360288411379, 0.00628019031137228, -0.0026081709656864405, 0.005858225282281637, -0.0014341201167553663, 0.0016736563993617892, 0.00170544208958745, 0.004184408579021692, -0.006297056097537279, 0.016961943358182907, -0.006249545607715845], [0.0010658532846719027, -0.0034813769161701202, 0.003188139060512185, -0.0049314359202980995, 0.0025121315848082304, -0.002515785163268447, 0.0007289547356776893, -0.0003823955194093287, 0.0014224033802747726, -0.0011016888311132789, 0.0029236641712486744, -0.006249545607715845, 0.013030077330768108]], "lowlevel.mfcc.cov": [[4877.033203125, -1588.9161376953125, 364.4627685546875, -454.2359924316406, -129.32553100585938, -334.3436584472656, -471.4405822753906, -214.14047241210938, -443.78155517578125, -194.67686462402344, 27.06488800048828, -131.0689239501953, 46.787418365478516], [-1588.9161376953125, 2893.42138671875, -1424.751708984375, 239.69773864746094, -147.9989471435547, -311.881591796875, 139.3432159423828, -102.89958953857422, -84.98284912109375, 49.53134536743164, 65.25367736816406, 59.67193603515625, -34.68851089477539], [364.4627685546875, -1424.751708984375, 1399.1527099609375, -204.81199645996094, -80.54190063476562, 167.02056884765625, -87.70787048339844, 135.71734619140625, 85.71307373046875, -113.18370056152344, -81.10235595703125, -48.484710693359375, 37.80302429199219], [-454.2359924316406, 239.69773864746094, -204.81199645996094, 386.51593017578125, 146.54116821289062, -48.66859436035156, -40.127349853515625, -49.810760498046875, -12.043103218078613, 1.1443275213241577, -51.716087341308594, -36.77606964111328, -9.899958610534668], [-129.32553100585938, -147.9989471435547, -80.54190063476562, 146.54116821289062, 314.6134338378906, 53.75095748901367, -68.07942962646484, -56.0148811340332, -23.619152069091797, 54.154056549072266, -21.061851501464844, -33.84751892089844, -3.531074047088623], [-334.3436584472656, -311.881591796875, 167.02056884765625, -48.66859436035156, 53.75095748901367, 288.49615478515625, 121.19072723388672, 16.734012603759766, 75.93041229248047, 24.548677444458008, -13.075676918029785, 32.47686004638672, -6.395038604736328], [-471.4405822753906, 139.3432159423828, -87.70787048339844, -40.127349853515625, -68.07942962646484, 121.19072723388672, 269.0367431640625, 55.3465461730957, 85.15745544433594, -8.457265853881836, -8.182574272155762, 52.892181396484375, -22.424365997314453], [-214.14047241210938, -102.89958953857422, 135.71734619140625, -49.810760498046875, -56.0148811340332, 16.734012603759766, 55.3465461730957, 207.4328155517578, 106.10649108886719, 2.5200154781341553, -7.738198757171631, -0.20165801048278809, -9.002760887145996], [-443.78155517578125, -84.98284912109375, 85.71307373046875, -12.043103218078613, -23.619152069091797, 75.93041229248047, 85.15745544433594, 106.10649108886719, 219.779296875, 38.01631164550781, -16.517269134521484, 6.342415809631348, -25.849538803100586], [-194.67686462402344, 49.53134536743164, -113.18370056152344, 1.1443275213241577, 54.154056549072266, 24.548677444458008, -8.457265853881836, 2.5200154781341553, 38.01631164550781, 165.6879119873047, 43.55443572998047, 0.4624860882759094, -18.988401412963867], [27.06488800048828, 65.25367736816406, -81.10235595703125, -51.716087341308594, -21.061851501464844, -13.075676918029785, -8.182574272155762, -7.738198757171631, -16.517269134521484, 43.55443572998047, 127.05256652832031, 43.28717803955078, -7.589576721191406], [-131.0689239501953, 59.67193603515625, -48.484710693359375, -36.77606964111328, -33.84751892089844, 32.47686004638672, 52.892181396484375, -0.20165801048278809, 6.342415809631348, 0.4624860882759094, 43.28717803955078, 105.73625946044922, 16.14822769165039], [46.787418365478516, -34.68851089477539, 37.80302429199219, -9.899958610534668, -3.531074047088623, -6.395038604736328, -22.424365997314453, -9.002760887145996, -25.849538803100586, -18.988401412963867, -7.589576721191406, 16.14822769165039, 81.36836242675781]], "lowlevel.mfcc.icov": [[0.0007418241002596915, 0.0007566554704681039, 0.0006783678545616567, 0.0008699784521013498, 0.0005610333173535764, 0.0006909937947057188, 0.0006793590728193521, 0.00038834160659462214, 0.0008743931539356709, 0.0006278185173869133, 0.0002045634319074452, 0.0005449908203445375, 0.00033076468389481306], [0.0007566554704681039, 0.001620942959561944, 0.0014828136190772057, 0.0005737632163800299, 0.0012105224886909127, 0.0011014164192602038, 0.0004444252699613571, 0.0004181332478765398, 0.0009236923651769757, 0.000610504241194576, 0.0003150243719574064, 0.0004957125638611615, 0.000311612879158929], [0.0006783678545616567, 0.0014828136190772057, 0.0026063520926982164, 0.001007781713269651, 0.0014566887402907014, -0.00023858726490288973, 0.001698412699624896, -0.00030566664645448327, 0.00048607747885398567, 0.0014750416157767177, 0.0007266072207130492, 0.0009030424407683313, 1.971372876141686e-05], [0.0008699784521013498, 0.0005737632163800299, 0.001007781713269651, 0.005006603430956602, -0.0013202715199440718, 0.0014506519073620439, 0.0010236474918201566, 0.000875606550835073, 0.0003526675282046199, 0.001336576882749796, 0.0016182377003133297, 0.0007767076604068279, 0.0007417437736876309], [0.0005610333173535764, 0.0012105224886909127, 0.0014566887402907014, -0.0013202715199440718, 0.006229599937796593, -0.0015706508420407772, 0.002186188707128167, 0.0005382150993682444, 0.0012625663075596094, -0.0008697481243871152, 0.0007646055310033262, 0.001189842470921576, 0.00019832012185361236], [0.0006909937947057188, 0.0011014164192602038, -0.00023858726490288973, 0.0014506519073620439, -0.0015706508420407772, 0.007586686871945858, -0.0031140262726694345, 0.0017062920378521085, -0.00020604606834240258, -0.0005779332132078707, 0.0006550095276907086, -0.0009356411756016314, 0.0002647184592206031], [0.0006793590728193521, 0.0004444252699613571, 0.001698412699624896, 0.0010236474918201566, 0.002186188707128167, -0.0031140262726694345, 0.008282753638923168, -0.0009793961653485894, -0.00041204504668712616, 0.0018955502891913056, 0.0016432268312200904, -0.001719016581773758, 0.0019645988941192627], [0.00038834160659462214, 0.0004181332478765398, -0.00030566664645448327, 0.000875606550835073, 0.0005382150993682444, 0.0017062920378521085, -0.0009793961653485894, 0.007497021928429604, -0.002737725619226694, 0.00018721910601016134, -0.00017948976892512292, 0.0008118256810121238, -8.336657629115507e-05], [0.0008743931539356709, 0.0009236923651769757, 0.00048607747885398567, 0.0003526675282046199, 0.0012625663075596094, -0.00020604606834240258, -0.00041204504668712616, -0.002737725619226694, 0.008773984387516975, -0.0014705359935760498, 0.0014910546597093344, 0.00015879489365033805, 0.0018819754477590322], [0.0006278185173869133, 0.000610504241194576, 0.0014750416157767177, 0.001336576882749796, -0.0008697481243871152, -0.0005779332132078707, 0.0018955502891913056, 0.00018721910601016134, -0.0014705359935760498, 0.009252572432160378, -0.0028883020859211683, 0.0016129446448758245, 0.0009390768245793879], [0.0002045634319074452, 0.0003150243719574064, 0.0007266072207130492, 0.0016182377003133297, 0.0007646055310033262, 0.0006550095276907086, 0.0016432268312200904, -0.00017948976892512292, 0.0014910546597093344, -0.0028883020859211683, 0.012185732834041119, -0.005234197247773409, 0.002368694171309471], [0.0005449908203445375, 0.0004957125638611615, 0.0009030424407683313, 0.0007767076604068279, 0.001189842470921576, -0.0009356411756016314, -0.001719016581773758, 0.0008118256810121238, 0.00015879489365033805, 0.0016129446448758245, -0.005234197247773409, 0.014777963981032372, -0.003827089676633477], [0.00033076468389481306, 0.000311612879158929, 1.971372876141686e-05, 0.0007417437736876309, 0.00019832012185361236, 0.0002647184592206031, 0.0019645988941192627, -8.336657629115507e-05, 0.0018819754477590322, 0.0009390768245793879, 0.002368694171309471, -0.003827089676633477, 0.01467262115329504]], "metadata.audio_properties.analysis.downmix": "mix", "metadata.audio_properties.codec": "mp3", "metadata.audio_properties.md5_encoded": "55a63a1b825c892afabf0ca65636f5f7", "metadata.tags.file_name": "1183649644371247104.mp3", "metadata.version.essentia": "2.1-beta6-dev", "metadata.version.essentia_git_sha": "v2.1_beta5-1110-g77a6a954", "metadata.version.extractor": "music 2.0", "tonal.chords_key": "D", "tonal.chords_scale": "minor", "tonal.key_edma.key": "D", "tonal.key_edma.scale": "major", "tonal.key_krumhansl.key": "D", "tonal.key_krumhansl.scale": "major", "tonal.key_temperley.key": "D", "tonal.key_temperley.scale": "minor", "metadata.tags.encoding": ["Lavf58.45.100"]}, "essentia_models": [{"model_name": "genre_dortmund", "activations": {"alternative": "0.0030930773", "blues": "0.002023611", "electronic": "0.017656881", "folkcountry": "0.00088170025", "funksoulrnb": "0.008155152", "jazz": "0.0014992225", "pop": "0.0017341858", "raphiphop": "0.9912052", "rock": "0.005830894"}}, {"model_name": "genre_rosamerica"