{"song_id": "1183700754884743208", "download": "https://cdn.discordapp.com/attachments/1128313332273782784/1183700754884743208/chirp.mp4?ex=65894a3c&amp", "lyrics": "[verse]\nMicrowave dinner, it's my daily feast\nZapped in seconds, a meal for the least\nPlastic tray, artificial bites\nEmpty calories, a microwave delight\n\n[chorus]\nMicrowave dinner, a tasteless parade\nConvenience replaces flavor, it's a charade\nRadiation rebellion, I won't comply\nNo more microwave dinners, it's time to defy", "style": ["punk"], "essentia_features": {"lowlevel.average_loudness": 0.9873675107955933, "lowlevel.barkbands_crest.mean": 9.598626136779785, "lowlevel.barkbands_crest.stdev": 3.765129327774048, "lowlevel.barkbands_flatness_db.mean": 0.09907200187444687, "lowlevel.barkbands_flatness_db.stdev": 0.03356466814875603, "lowlevel.barkbands_kurtosis.mean": 2.6307809352874756, "lowlevel.barkbands_kurtosis.stdev": 4.493681907653809, "lowlevel.barkbands_skewness.mean": 1.6767842769622803, "lowlevel.barkbands_skewness.stdev": 0.8943299651145935, "lowlevel.barkbands_spread.mean": 35.62236785888672, "lowlevel.barkbands_spread.stdev": 14.470123291015625, "lowlevel.dissonance.mean": 0.48393216729164124, "lowlevel.dissonance.stdev": 0.011716264300048351, "lowlevel.dynamic_complexity": 1.1308846473693848, "lowlevel.erbbands_crest.mean": 6.732773780822754, "lowlevel.erbbands_crest.stdev": 3.1367313861846924, "lowlevel.erbbands_flatness_db.mean": 0.10310456901788712, "lowlevel.erbbands_flatness_db.stdev": 0.023672085255384445, "lowlevel.erbbands_kurtosis.mean": -0.2890903651714325, "lowlevel.erbbands_kurtosis.stdev": 0.955096423625946, "lowlevel.erbbands_skewness.mean": -0.32996878027915955, "lowlevel.erbbands_skewness.stdev": 0.4955093562602997, "lowlevel.erbbands_spread.mean": 57.326210021972656, "lowlevel.erbbands_spread.stdev": 18.838680267333984, "lowlevel.hfc.mean": 34.68317794799805, "lowlevel.hfc.stdev": 15.812211036682129, "lowlevel.loudness_ebu128.integrated": -12.017951011657715, "lowlevel.loudness_ebu128.loudness_range": 0.5442132949829102, "lowlevel.loudness_ebu128.momentary.mean": -12.050012588500977, "lowlevel.loudness_ebu128.momentary.stdev": 0.5382671356201172, "lowlevel.loudness_ebu128.short_term.mean": -11.97898006439209, "lowlevel.loudness_ebu128.short_term.stdev": 0.16993121802806854, "lowlevel.melbands_crest.mean": 15.299832344055176, "lowlevel.melbands_crest.stdev": 4.223412990570068, "lowlevel.melbands_flatness_db.mean": 0.1757904291152954, "lowlevel.melbands_flatness_db.stdev": 0.040781036019325256, "lowlevel.melbands_kurtosis.mean": 18.321712493896484, "lowlevel.melbands_kurtosis.stdev": 19.419029235839844, "lowlevel.melbands_skewness.mean": 3.6529037952423096, "lowlevel.melbands_skewness.stdev": 1.6840258836746216, "lowlevel.melbands_spread.mean": 24.64232635498047, "lowlevel.melbands_spread.stdev": 12.596880912780762, "lowlevel.pitch_salience.mean": 0.5836862921714783, "lowlevel.pitch_salience.stdev": 0.10924234241247177, "lowlevel.silence_rate_20dB.mean": 1.0, "lowlevel.silence_rate_20dB.stdev": 0.0, "lowlevel.silence_rate_30dB.mean": 0.9990619421005249, "lowlevel.silence_rate_30dB.stdev": 0.030613861978054047, "lowlevel.silence_rate_60dB.mean": 0.0018761726096272469, "lowlevel.silence_rate_60dB.stdev": 0.04327411577105522, "lowlevel.spectral_centroid.mean": 1692.0928955078125, "lowlevel.spectral_centroid.stdev": 387.2242126464844, "lowlevel.spectral_complexity.mean": 30.277673721313477, "lowlevel.spectral_complexity.stdev": 7.427560806274414, "lowlevel.spectral_decrease.mean": -9.88250370426158e-09, "lowlevel.spectral_decrease.stdev": 6.272518060512766e-09, "lowlevel.spectral_energy.mean": 0.040444739162921906, "lowlevel.spectral_energy.stdev": 0.024107707664370537, "lowlevel.spectral_energyband_high.mean": 0.002134467475116253, "lowlevel.spectral_energyband_high.stdev": 0.0014956319937482476, "lowlevel.spectral_energyband_low.mean": 0.01887761801481247, "lowlevel.spectral_energyband_low.stdev": 0.021622493863105774, "lowlevel.spectral_energyband_middle_high.mean": 0.005981717724353075, "lowlevel.spectral_energyband_middle_high.stdev": 0.004026362672448158, "lowlevel.spectral_energyband_middle_low.mean": 0.01534292008727789, "lowlevel.spectral_energyband_middle_low.stdev": 0.014156819321215153, "lowlevel.spectral_entropy.mean": 7.96959114074707, "lowlevel.spectral_entropy.stdev": 0.1831820160150528, "lowlevel.spectral_flux.mean": 0.1227046549320221, "lowlevel.spectral_flux.stdev": 0.06013929098844528, "lowlevel.spectral_kurtosis.mean": 3.583576202392578, "lowlevel.spectral_kurtosis.stdev": 1.6059248447418213, "lowlevel.spectral_rms.mean": 0.006062424276024103, "lowlevel.spectral_rms.stdev": 0.0016447866801172495, "lowlevel.spectral_rolloff.mean": 1821.433837890625, "lowlevel.spectral_rolloff.stdev": 1598.812255859375, "lowlevel.spectral_skewness.mean": 1.3863292932510376, "lowlevel.spectral_skewness.stdev": 0.30734965205192566, "lowlevel.spectral_spread.mean": 5622021.0, "lowlevel.spectral_spread.stdev": 1320255.375, "lowlevel.spectral_strongpeak.mean": 0.600140392780304, "lowlevel.spectral_strongpeak.stdev": 0.596107542514801, "lowlevel.zerocrossingrate.mean": 0.08938432484865189, "lowlevel.zerocrossingrate.stdev": 0.032745737582445145, "metadata.audio_properties.analysis.equal_loudness": 0.0, "metadata.audio_properties.analysis.length": 24.72532844543457, "metadata.audio_properties.analysis.sample_rate": 44100.0, "metadata.audio_properties.analysis.start_time": 0.0, "metadata.audio_properties.bit_rate": 117984.0, "metadata.audio_properties.length": 24.72533416748047, "metadata.audio_properties.lossless": 0.0, "metadata.audio_properties.number_channels": 1.0, "metadata.audio_properties.replay_gain": -13.506326675415039, "metadata.audio_properties.sample_rate": 48000.0, "rhythm.beats_count": 64.0, "rhythm.beats_loudness.mean": 0.0354791097342968, "rhythm.beats_loudness.stdev": 0.009507538750767708, "rhythm.bpm": 161.49896240234375, "rhythm.bpm_histogram_first_peak_bpm": 161.0, "rhythm.bpm_histogram_first_peak_weight": 0.42105257511138916, "rhythm.bpm_histogram_second_peak_bpm": 152.0, "rhythm.bpm_histogram_second_peak_spread": 0.0, "rhythm.bpm_histogram_second_peak_weight": 0.0793650820851326, "rhythm.danceability": 1.896835446357727, "rhythm.onset_rate": 3.839801549911499, "tonal.chords_changes_rate": 0.08052434772253036, "tonal.chords_number_rate": 0.024344569072127342, "tonal.chords_strength.mean": 0.517520546913147, "tonal.chords_strength.stdev": 0.08821777999401093, "tonal.hpcp_crest.mean": 11.118538856506348, "tonal.hpcp_crest.stdev": 5.670341491699219, "tonal.hpcp_entropy.mean": 2.5375173091888428, "tonal.hpcp_entropy.stdev": 0.8288697004318237, "tonal.key_edma.strength": 0.5704862475395203, "tonal.key_krumhansl.strength": 0.5710601210594177, "tonal.key_temperley.strength": 0.5773946046829224, "tonal.tuning_diatonic_strength": 0.5074942111968994, "tonal.tuning_equal_tempered_deviation": 0.08143288642168045, "tonal.tuning_frequency": 440.0, "tonal.tuning_nontempered_energy_ratio": 0.8069297075271606, "lowlevel.barkbands.mean": [0.0008711450500413775, 0.00859826896339655, 0.007607429753988981, 0.004384019412100315, 0.006245572119951248, 0.0027089675422757864, 0.00043220663792453706, 0.00040993475704453886, 0.0010153730399906635, 0.0005011290777474642, 0.0005508203175850213, 0.0005105825839564204, 0.0005371410516090691, 0.0004577577637974173, 0.0006207583355717361, 0.00069208670174703, 0.0009255212498828769, 0.0005319514311850071, 0.0005007450236007571, 0.0004793518455699086, 0.0004520207003224641, 0.00024059788847807795, 0.0002390531008131802, 0.00024065481557045132, 0.0002820002846419811, 0.0004048751143272966, 4.761193395097507e-06], "lowlevel.barkbands.stdev": [0.0008585199248045683, 0.015412208624184132, 0.008459292352199554, 0.00381027115508914, 0.011045048013329506, 0.003950677812099457, 0.0008381537045352161, 0.0008950249757617712, 0.0018035200191661716, 0.001225990941748023, 0.001133610145188868, 0.001387558993883431, 0.0011774481972679496, 0.0008542484720237553, 0.001273245899938047, 0.0008451464236713946, 0.0006737752119079232, 0.00036215802538208663, 0.00030962511664256454, 0.0002859325031749904, 0.00027227174723520875, 0.00021701757214032114, 0.00035118614323437214, 0.0003811509523075074, 0.00034713969216682017, 0.00035774472053162754, 8.72342297952855e-06], "lowlevel.erbbands.mean": [0.17876625061035156, 2.209559917449951, 8.10605525970459, 12.856959342956543, 21.391429901123047, 18.4251708984375, 15.442582130432129, 24.47542953491211, 8.92552375793457, 6.9114532470703125, 11.140067100524902, 23.687423706054688, 18.05506134033203, 16.93610954284668, 26.092750549316406, 19.540462493896484, 22.851818084716797, 22.70867156982422, 34.96397399902344, 29.45618438720703, 44.58167266845703, 52.27509307861328, 29.86719512939453, 30.244136810302734, 21.540002822875977, 22.409761428833008, 21.50360679626465, 14.752141952514648, 9.187581062316895, 7.1999735832214355, 6.650073528289795, 5.258744239807129, 3.8022499084472656, 2.4652211666107178, 2.3865966796875, 1.7633659839630127, 0.745505690574646, 0.09704472869634628, 0.001803430262953043, 0.00011577599070733413], "lowlevel.erbbands.stdev": [0.3491498827934265, 3.8343725204467773, 9.850521087646484, 9.813688278198242, 35.05942153930664, 32.44423294067383, 20.24082374572754, 41.216609954833984, 17.5266170501709, 11.65868091583252, 23.597570419311523, 41.554569244384766, 36.85175704956055, 32.19289779663086, 55.68446350097656, 51.15647888183594, 47.059539794921875, 40.24251937866211, 60.86821746826172, 63.41093826293945, 42.46875, 37.3078727722168, 19.118690490722656, 19.087499618530273, 13.023404121398926, 13.659333229064941, 12.592248916625977, 9.986499786376953, 7.9835615158081055, 8.195201873779297, 10.143813133239746, 8.655399322509766, 5.960996150970459, 3.972306489944458, 2.6026129722595215, 1.818229079246521, 0.6400550603866577, 0.08960932493209839, 0.0016277004033327103, 6.289574230322614e-05], "lowlevel.gfcc.mean": [64.8205337524414, 53.57744598388672, -93.76984405517578, 46.22343444824219, -41.1220703125, 11.294468879699707, -41.25858688354492, 14.095049858093262, -37.20627212524414, 3.7676162719726562, -31.31761932373047, 6.451175689697266, -15.567368507385254], "lowlevel.melbands.mean": [0.0020375545136630535, 0.0038181764539331198, 0.0024768903385847807, 0.0015255004400387406, 0.0005612836685031652, 0.0005249899113550782, 0.00012402755965013057, 7.534273026976734e-05, 0.00010076802573166788, 0.00015265346155501902, 8.85220943018794e-05, 6.647241389146075e-05, 8.145395258907229e-05, 6.462207238655537e-05, 4.317324419389479e-05, 5.515806333278306e-05, 3.974737410317175e-05, 5.7110250054392964e-05, 4.123533653910272e-05, 4.020391497761011e-05, 5.535678064916283e-05, 5.9611298638628796e-05, 3.2612206268822774e-05, 2.3921482352307066e-05, 2.5061150154215284e-05, 1.6422523913206533e-05, 1.4581250070477836e-05, 1.495069773227442e-05, 1.416763370798435e-05, 1.1428429388615768e-05, 7.435313364112517e-06, 5.358748694561655e-06, 4.089798039785819e-06, 4.0454615373164415e-06, 3.92926858694409e-06, 3.4488596156734275e-06, 3.17785838888085e-06, 2.7931616841669893e-06, 2.1934995402261848e-06, 2.013046241700067e-06], "lowlevel.melbands.stdev": [0.003712845966219902, 0.004762676544487476, 0.0019182187970727682, 0.002725799335166812, 0.0007062525255605578, 0.0008427042630501091, 0.00024268591369036585, 0.00013881095219403505, 0.00022028731473255903, 0.0002764252421911806, 0.0001947477867361158, 0.00013658273383043706, 0.00016522845544386655, 0.00016778736608102918, 9.825011511566117e-05, 0.0001348651567241177, 7.510231080232188e-05, 0.00010404342174297199, 9.414744999958202e-05, 6.981127808103338e-05, 5.261365004116669e-05, 4.56397065136116e-05, 2.4385901269852184e-05, 1.6244994185399264e-05, 1.704406713542994e-05, 1.0883425602514762e-05, 9.308700100518763e-06, 9.941052667272743e-06, 9.10958169697551e-06, 7.866226042096969e-06, 5.403217073762789e-06, 4.744154466607142e-06, 4.356688805273734e-06, 5.270411293167854e-06, 6.175873295433121e-06, 5.824341769766761e-06, 5.36234756509657e-06, 4.689470188168343e-06, 3.3321307455480564e-06, 3.531053835104103e-06], "lowlevel.melbands128.mean": [0.00035227235639467835, 0.0011271567782387137, 0.0026494148187339306, 0.00394792016595602, 0.004227797966450453, 0.0036405841819941998, 0.002606113674119115, 0.002118233125656843, 0.0022776785772293806, 0.0017888126894831657, 0.0008674966520629823, 0.0004920356441289186, 0.00045185821363702416, 0.0006430736975744367, 0.0007073171436786652, 0.00037580609205178916, 0.00015782848640810698, 8.264208008768037e-05, 6.624640809604898e-05, 7.850815018173307e-05, 7.757073763059452e-05, 7.25455247447826e-05, 9.945732745109126e-05, 0.0001291077642235905, 0.0001620146940695122, 0.00017955078510567546, 0.00010202176054008305, 7.600431854370981e-05, 7.705590542173013e-05, 6.667170237051323e-05, 6.387525354512036e-05, 6.236178887775168e-05, 7.725840987404808e-05, 0.00010595561616355553, 7.738028944004327e-05, 4.9641817895462736e-05, 4.760929004987702e-05, 4.0236769564216956e-05, 4.1989533201558515e-05, 4.9385511374566704e-05, 6.988220411585644e-05, 4.586297654896043e-05, 2.9969096431159414e-05, 3.924663542420603e-05, 5.470189717016183e-05, 6.194717570906505e-05, 6.359845428960398e-05, 3.216872573830187e-05, 3.995896258857101e-05, 3.6972935049561784e-05, 3.7971851270413026e-05, 4.4576223444892094e-05, 5.3699015552410856e-05, 5.7856272178469226e-05, 6.40202488284558e-05, 6.917230348335579e-05, 4.75282795378007e-05, 3.4797027183230966e-05, 2.905589462898206e-05, 2.319803934369702e-05, 2.201167808379978e-05, 2.507686622266192e-05, 2.8919226679136045e-05, 2.5408295186934993e-05, 1.8345039279665798e-05, 1.6702228094800375e-05, 1.467522724851733e-05, 1.3655457223649137e-05, 1.501873521192465e-05, 1.552758112666197e-05, 1.3774112630926538e-05, 1.536857416795101e-05, 1.6176629287656397e-05, 1.3771376870863605e-05, 1.2037295164191164e-05, 1.2372305718599819e-05, 1.118767886509886e-05, 8.588282071286812e-06, 7.072423159115715e-06, 5.855020845046965e-06, 5.86945861869026e-06, 5.058779606770258e-06, 4.4215130401425995e-06, 4.1423140828555916e-06, 3.5576972550188657e-06, 3.834341896435944e-06, 4.200855073577259e-06, 4.483440989133669e-06, 3.906829988409299e-06, 3.5430168736638734e-06, 3.665745907710516e-06, 3.491343704808969e-06, 2.9882103262934834e-06, 3.1508334359386936e-06, 3.3540427466505207e-06, 3.0363662517629564e-06, 2.599205117803649e-06, 2.4839009711286053e-06, 2.365472937526647e-06, 1.946906422745087e-06, 1.875679458862578e-06, 2.1708801796194166e-06, 1.9031363081012387e-06, 2.2353783606376965e-06, 2.5195840862579644e-06, 3.3115418318629963e-06, 3.416217396079446e-06, 2.8162883154436713e-06, 3.09494384964637e-06, 3.2902516977628693e-06, 3.0466906082438072e-06, 2.3520897229900584e-06, 2.4216353722295025e-06, 2.3730813154543284e-06, 1.7698191641102312e-06, 1.2281440149308764e-06, 2.2860844239858125e-07, 3.4377893864956377e-09, 6.719526410986498e-12, 6.269745139730887e-12, 6.0777702315384374e-12, 5.9864344384430446e-12, 5.89521573918228e-12, 5.7679958899437e-12, 5.471660017436486e-12, 5.077871283176716e-12, 4.881232137238234e-12, 4.830335784133943e-12], "lowlevel.melbands128.stdev": [0.0005774908931925893, 0.00242272624745965, 0.005426734685897827, 0.007088889367878437, 0.0060021900571882725, 0.0038055579643696547, 0.0023126169107854366, 0.0021650725975632668, 0.0043158987537026405, 0.003814948722720146, 0.0016074537998065352, 0.0008468884625472128, 0.0007547459681518376, 0.0010845628567039967, 0.0013831786345690489, 0.0008303101058118045, 0.000450828141765669, 0.00019191189494449645, 0.00012853063526563346, 0.00015395272930618376, 0.00019702059216797352, 0.00019239018729422241, 0.000302074768114835, 0.00036389994784258306, 0.0003528787347022444, 0.0004697616386692971, 0.0002719479089137167, 0.00022777316917199641, 0.0003237952769268304, 0.00014656070561613888, 0.0001805013307603076, 0.00018574479327071458, 0.00018797104712575674, 0.0002935551747214049, 0.0002867758448701352, 0.00018369441386312246, 0.00021462247241288424, 0.00011548073962330818, 0.00011041172547265887, 0.00014921443653292954, 0.00021636673773173243, 0.0001611126645002514, 7.74619693402201e-05, 9.829725604504347e-05, 0.00013086492253933102, 0.000140845644637011, 0.0001542186801088974, 7.730015204288065e-05, 0.0001882157230284065, 9.307241271017119e-05, 9.685376426205039e-05, 6.868268246762455e-05, 6.679579382762313e-05, 7.416217704303563e-05, 6.769273750251159e-05, 6.815020606154576e-05, 4.8840942326933146e-05, 3.460582229308784e-05, 2.960544043162372e-05, 2.1382118575274944e-05, 1.9579178115236573e-05, 2.211504579463508e-05, 2.528127151890658e-05, 2.2356121917255223e-05, 1.4415272744372487e-05, 1.430426345905289e-05, 1.3750862308370415e-05, 1.1990030543529429e-05, 1.2444259482435882e-05, 1.2194818737043533e-05, 1.2875963875558227e-05, 1.2603204595507123e-05, 1.3570494957093615e-05, 1.183948916150257e-05, 8.629519470559899e-06, 1.0026492418546695e-05, 1.0863413081096951e-05, 7.511322564823786e-06, 5.743128895119298e-06, 5.719416094507324e-06, 5.94169796386268e-06, 5.297707048157463e-06, 5.03141245644656e-06, 5.420432898972649e-06, 4.039947725686943e-06, 4.76592458653613e-06, 6.598554591619177e-06, 7.996190106496215e-06, 6.6334901021036785e-06, 6.071605184843065e-06, 6.51865275358432e-06, 6.533182386192493e-06, 5.85542829867336e-06, 5.700388101104181e-06, 5.642637006531004e-06, 6.121520982560469e-06, 4.899416126136202e-06, 4.082097802893259e-06, 3.843676950054942e-06, 3.529291689119418e-06, 3.836441919702338e-06, 4.151494977122638e-06, 3.474822278803913e-06, 3.2711884614400333e-06, 3.1057579690241255e-06, 3.5341031434654724e-06, 3.991932317148894e-06, 3.572679361241171e-06, 4.048658865940524e-06, 3.556621095412993e-06, 3.181572992616566e-06, 2.372516291870852e-06, 2.2764577352063498e-06, 2.2364238247973844e-06, 1.7545348782732617e-06, 1.3261624189908616e-06, 3.481966928120528e-07, 1.8350601038719105e-08, 1.2955152575711004e-11, 1.267163977913821e-11, 1.2913253799595736e-11, 1.3940401784318102e-11, 1.5135455389003738e-11, 1.5098053016138202e-11, 1.1588670127682388e-11, 7.458806142168761e-12, 6.681915003942107e-12, 6.626500997225504e-12], "lowlevel.mfcc.mean": [-588.7084350585938, 92.76136016845703, 5.2283220291137695, 41.66548538208008, 16.004722595214844, 7.610764980316162, 5.27253532409668, 6.203442573547363, 4.248936176300049, -3.1288001537323, -8.679117202758789, -0.7810623049736023, -6.454979419708252], "lowlevel.spectral_contrast_coeffs.mean": [-0.6802964210510254, -0.7752002477645874, -0.8008877038955688, -0.7983852028846741, -0.8066129684448242, -0.7319122552871704], "lowlevel.spectral_contrast_coeffs.stdev": [0.06666427850723267, 0.06781592965126038, 0.05302928760647774, 0.04164741188287735, 0.020851189270615578, 0.03903757780790329], "lowlevel.spectral_contrast_valleys.mean": [-6.122735500335693, -6.661417484283447, -7.06599235534668, -7.056048393249512, -6.552459239959717, -9.576220512390137], "lowlevel.spectral_contrast_valleys.stdev": [0.457555890083313, 0.48324936628341675, 0.46742942929267883, 0.40087687969207764, 0.3084726929664612, 0.6814643740653992], "rhythm.beats_loudness_band_ratio.mean": [0.5189733505249023, 0.2418561428785324, 0.06101361662149429, 0.07883797585964203, 0.10890483111143112, 0.09471102058887482], "rhythm.beats_loudness_band_ratio.stdev": [0.15151487290859222, 0.13726234436035156, 0.05463452264666557, 0.07728102803230286, 0.07889389246702194, 0.029267819598317146], "tonal.hpcp.mean": [0.2506447732448578, 0.13815099000930786, 0.05348111316561699, 0.04606814682483673, 0.055887166410684586, 0.09901579469442368, 0.1244061067700386, 0.08439163863658905, 0.11119459569454193, 0.14783905446529388, 0.09016706794500351, 0.054846473038196564, 0.056882381439208984, 0.06407610327005386, 0.1318054050207138, 0.2186555117368698, 0.18433164060115814, 0.11396810412406921, 0.09457699954509735, 0.08664557337760925, 0.1094566360116005, 0.1439262181520462, 0.13652175664901733, 0.14696316421031952, 0.16922785341739655, 0.13062311708927155, 0.12256496399641037, 0.12573300302028656, 0.09591292589902878, 0.12697821855545044, 0.1667773723602295, 0.12935608625411987, 0.08083787560462952, 0.07674623280763626, 0.09311366081237793, 0.19380627572536469], "tonal.hpcp.stdev": [0.3562731146812439, 0.22227853536605835, 0.13039211928844452, 0.12010477483272552, 0.14593449234962463, 0.21078145503997803, 0.26733872294425964, 0.18237951397895813, 0.21097703278064728, 0.29182982444763184, 0.17091797292232513, 0.116457998752594, 0.12582357227802277, 0.14548061788082123, 0.21709582209587097, 0.3430769741535187, 0.2740485370159149, 0.20479264855384827, 0.19293776154518127, 0.17856259644031525, 0.19878418743610382, 0.23066788911819458, 0.2299657016992569, 0.2502595782279968, 0.29954835772514343, 0.2228582501411438, 0.22129413485527039, 0.2308148890733719, 0.19902971386909485, 0.2359308898448944, 0.29924383759498596, 0.24896381795406342, 0.18286587297916412, 0.18059687316417694, 0.20405039191246033, 0.293514609336853], "rhythm.beats_position": [0.40634921193122864, 0.8243083953857422, 1.2190475463867188, 1.6021767854690552, 1.9853061437606812, 2.3684353828430176, 2.739954710006714, 3.111473798751831, 3.4829931259155273, 3.8545124530792236, 4.249251842498779, 4.6207709312438965, 5.003900051116943, 5.38702917098999, 5.758548736572266, 6.130067825317383, 6.501587390899658, 6.884716510772705, 7.267845630645752, 7.639364719390869, 8.034104347229004, 8.405623435974121, 8.777142524719238, 9.148661613464355, 9.520181655883789, 9.891700744628906, 10.263219833374023, 10.657958984375, 11.029478073120117, 11.412607192993164, 11.795736312866211, 12.167256355285645, 12.538775444030762, 12.921904563903809, 13.305033683776855, 13.676552772521973, 14.05968189239502, 14.442811965942383, 14.8143310546875, 15.185850143432617, 15.568979263305664, 15.952108383178711, 16.323627471923828, 16.695146560668945, 17.066665649414062, 17.44979476928711, 17.832923889160156, 18.204444885253906, 18.575963973999023, 18.95909309387207, 19.330612182617188, 19.713741302490234, 20.08526039123535, 20.479999542236328, 20.851518630981445, 21.223037719726562, 21.59455680847168, 21.966075897216797, 22.349205017089844, 22.720726013183594, 23.10385513305664, 23.486984252929688, 23.870113372802734, 24.25324249267578], "rhythm.bpm_histogram": [0.0, 0.0, 0.0, 0.0, 0.0, 0.0, 0.0, 0.0, 0.0, 0.0, 0.0, 0.0, 0.0, 0.0, 0.0, 0.0, 0.0, 0.0, 0.0, 0.0, 0.0, 0.0, 0.0, 0.0, 0.0, 0.0, 0.0, 0.0, 0.0, 0.0, 0.0, 0.0, 0.0, 0.0, 0.0, 0.0, 0.0, 0.0, 0.0, 0.0, 0.0, 0.0, 0.0, 0.0, 0.0, 0.0, 0.0, 0.0, 0.0, 0.0, 0.0, 0.0, 0.0, 0.0, 0.0, 0.0, 0.0, 0.0, 0.0, 0.0, 0.0, 0.0, 0.0, 0.0, 0.0, 0.0, 0.0, 0.0, 0.0, 0.0, 0.0, 0.0, 0.0, 0.0, 0.0, 0.0, 0.0, 0.0, 0.0, 0.0, 0.0, 0.0, 0.0, 0.0, 0.0, 0.0, 0.0, 0.0, 0.0, 0.0, 0.0, 0.0, 0.0, 0.0, 0.0, 0.0, 0.0, 0.0, 0.0, 0.0, 0.0, 0.0, 0.0, 0.0, 0.0, 0.0, 0.0, 0.0, 0.0, 0.0, 0.0, 0.0, 0.0, 0.0, 0.0, 0.0, 0.0, 0.0, 0.0, 0.0, 0.0, 0.0, 0.0, 0.0, 0.0, 0.0, 0.0, 0.0, 0.0, 0.0, 0.0, 0.0, 0.0, 0.0, 0.0, 0.0, 0.0, 0.0, 0.0, 0.0, 0.0, 0.0, 0.0, 0.0, 0.01587301678955555, 0.0, 0.0, 0.0, 0.0, 0.0, 0.0, 0.0, 0.0793650820851326, 0.0, 0.0, 0.0, 0.0, 0.380952388048172, 0.0, 0.0, 0.0, 0.523809552192688, 0.0, 0.0, 0.0, 0.0, 0.0, 0.0, 0.0, 0.0, 0.0, 0.0, 0.0, 0.0, 0.0, 0.0, 0.0, 0.0, 0.0, 0.0, 0.0, 0.0, 0.0, 0.0, 0.0, 0.0, 0.0, 0.0, 0.0, 0.0, 0.0, 0.0, 0.0, 0.0, 0.0, 0.0, 0.0, 0.0, 0.0, 0.0, 0.0, 0.0, 0.0, 0.0, 0.0, 0.0, 0.0, 0.0, 0.0, 0.0, 0.0, 0.0, 0.0, 0.0, 0.0, 0.0, 0.0, 0.0, 0.0, 0.0, 0.0, 0.0, 0.0, 0.0, 0.0, 0.0, 0.0, 0.0, 0.0, 0.0, 0.0, 0.0, 0.0, 0.0, 0.0, 0.0, 0.0, 0.0, 0.0, 0.0, 0.0, 0.0, 0.0, 0.0, 0.0, 0.0, 0.0, 0.0, 0.0, 0.0], "tonal.chords_histogram": [5.43071174621582, 1.4981273412704468, 32.58427047729492, 0.7490636706352234, 4.3071160316467285, 3.932584285736084, 3.183520555496216, 0.18726591765880585, 1.4981273412704468, 0.0, 0.0, 0.0, 0.0, 12.5468168258667, 0.18726591765880585, 2.4344568252563477, 0.0, 3.370786428451538, 0.0, 14.419475555419922, 2.059925079345703, 0.0, 11.61048698425293, 0.0], "tonal.thpcp": [1.0, 0.5511823892593384, 0.21337413787841797, 0.18379855155944824, 0.22297360002994537, 0.39504432678222656, 0.49634429812431335, 0.33669817447662354, 0.4436342120170593, 0.589834988117218, 0.3597404658794403, 0.21882152557373047, 0.2269442081451416, 0.2556450664997101, 0.525865375995636, 0.8723720908164978, 0.7354298233985901, 0.45469969511032104, 0.3773348033428192, 0.3456907272338867, 0.4367002546787262, 0.5742238759994507, 0.5446822643280029, 0.5863404273986816, 0.6751700639724731, 0.5211483836174011, 0.488998681306839, 0.5016382336616516, 0.3826647698879242, 0.5066062808036804, 0.6653933525085449, 0.5160933136940002, 0.3225196897983551, 0.3061952292919159, 0.3714965283870697, 0.7732308506965637], "lowlevel.gfcc.cov": [[1103.7998046875, -203.06358337402344, 127.16214752197266, -234.40585327148438, -14.696789741516113, -36.72586441040039, -82.23461151123047, -39.272098541259766, -67.59951782226562, 44.00277328491211, -58.32597732543945, 43.87922286987305, -77.62165069580078], [-203.06358337402344, 433.2999267578125, -217.16188049316406, 123.00678253173828, 19.169755935668945, -3.3279521465301514, 111.36648559570312, -14.158583641052246, 62.62824249267578, -16.063261032104492, 51.28682327270508, -34.15637969970703, 64.22386932373047], [127.16214752197266, -217.16188049316406, 332.1915588378906, -24.7156925201416, 45.33836364746094, -43.426998138427734, -36.64912033081055, 44.91016387939453, -35.72206497192383, 44.32464599609375, -17.637163162231445, 72.06460571289062, -24.727527618408203], [-234.40585327148438, 123.00678253173828, -24.7156925201416, 368.2929992675781, -49.545711517333984, 75.4714126586914, 11.122798919677734, -5.554349899291992, 103.40398406982422, -60.493770599365234, 87.9758071899414, -56.82427215576172, 61.73915100097656], [-14.696789741516113, 19.169755935668945, 45.33836364746094, -49.545711517333984, 227.8641815185547, -26.476408004760742, 53.3752555847168, 53.05390930175781, 12.970748901367188, 85.86237335205078, -37.27961730957031, 31.189712524414062, -5.6821980476379395], [-36.72586441040039, -3.3279521465301514, -43.426998138427734, 75.4714126586914, -26.476408004760742, 164.21875, 60.09217834472656, 15.764689445495605, 22.91053009033203, -35.3544807434082, 55.66305160522461, -26.420562744140625, 10.120732307434082], [-82.23461151123047, 111.36648559570312, -36.64912033081055, 11.122798919677734, 53.3752555847168, 60.09217834472656, 168.3421630859375, 56.97917175292969, -2.768922805786133, -1.09715735912323, 17.442123413085938, 10.804967880249023, 2.724578380584717], [-39.272098541259766, -14.158583641052246, 44.91016387939453, -5.554349899291992, 53.05390930175781, 15.764689445495605, 56.97917175292969, 96.35844421386719, 34.216732025146484, 29.551570892333984, -3.195734977722168, 12.572319984436035, 4.098258018493652], [-67.59951782226562, 62.62824249267578, -35.72206497192383, 103.40398406982422, 12.970748901367188, 22.91053009033203, -2.768922805786133, 34.216732025146484, 120.0406723022461, 27.246320724487305, 25.848548889160156, -33.01707077026367, 21.979196548461914], [44.00277328491211, -16.063261032104492, 44.32464599609375, -60.493770599365234, 85.86237335205078, -35.3544807434082, -1.09715735912323, 29.551570892333984, 27.246320724487305, 99.90150451660156, -1.5877461433410645, 27.344449996948242, -10.11772346496582], [-58.32597732543945, 51.28682327270508, -17.637163162231445, 87.9758071899414, -37.27961730957031, 55.66305160522461, 17.442123413085938, -3.195734977722168, 25.848548889160156, -1.5877461433410645, 89.91002655029297, 17.607196807861328, 29.7763729095459], [43.87922286987305, -34.15637969970703, 72.06460571289062, -56.82427215576172, 31.189712524414062, -26.420562744140625, 10.804967880249023, 12.572319984436035, -33.01707077026367, 27.344449996948242, 17.607196807861328, 91.12802124023438, 20.363378524780273], [-77.62165069580078, 64.22386932373047, -24.727527618408203, 61.73915100097656, -5.6821980476379395, 10.120732307434082, 2.724578380584717, 4.098258018493652, 21.979196548461914, -10.11772346496582, 29.7763729095459, 20.363378524780273, 62.5352783203125]], "lowlevel.gfcc.icov": [[0.0012238448252901435, -0.00020498980302363634, -0.00044696402619592845, 0.0006087136571295559, 0.00035945247509516776, -0.0007685563177801669, 0.00046432623639702797, 0.000728924002032727, -0.0005082726711407304, -0.0002777337795123458, 0.0007387297227978706, -0.000929651374462992, 0.001125641050748527], [-0.00020498980302363634, 0.008938366547226906, 0.0026861971709877253, 0.0006741128745488822, -0.002027053153142333, 0.00758329825475812, -0.008853827603161335, 0.004992335103452206, -0.0032211942598223686, 0.0018445973983034492, -0.006689645815640688, 0.006320721935480833, -0.007832751609385014], [-0.00044696402619592845, 0.0026861971709877253, 0.007942547090351582, -0.0044912430457770824, 0.00029520411044359207, 0.0010304702445864677, 0.001185810542665422, -0.00432591000571847, 0.003402732778340578, -0.003001592820510268, 0.002221686067059636, -0.006321914494037628, 0.003672204678878188], [0.0006087136571295559, 0.0006741128745488822, -0.0044912430457770824, 0.010862922295928001, -0.0033042477443814278, 0.003036558860912919, -0.002905856352299452, 0.004690707195550203, -0.008085685782134533, 0.009516303427517414, -0.011171044781804085, 0.009917507879436016, -0.006938553415238857], [0.00035945247509516776, -0.002027053153142333, 0.00029520411044359207, -0.0033042477443814278, 0.010763631202280521, -0.004059343598783016, -0.00042322848457843065, -0.0017765891971066594, 0.0025859843008220196, -0.011549950577318668, 0.011427344754338264, -0.005906213074922562, 0.001381217036396265], [-0.0007685563177801669, 0.00758329825475812, 0.0010304702445864677, 0.003036558860912919, -0.004059343598783016, 0.018857846036553383, -0.010682787746191025, 0.0028328276239335537, -0.004203878343105316, 0.008718946948647499, -0.01747179590165615, 0.012930748984217644, -0.007476691156625748], [0.00046432623639702797, -0.008853827603161335, 0.001185810542665422, -0.002905856352299452, -0.00042322848457843065, -0.010682787746191025, 0.021091192960739136, -0.013833608478307724, 0.008051779121160507, -0.000984533573500812, 0.005938867572695017, -0.010518280789256096, 0.012293139472603798], [0.000728924002032727, 0.004992335103452206, -0.00432591000571847, 0.004690707195550203, -0.0017765891971066594, 0.0028328276239335537, -0.013833608478307724, 0.026422763243317604, -0.013168079778552055, 0.0013960686046630144, -0.0009085785131901503, 0.004147883504629135, -0.008376708254218102], [-0.0005082726711407304, -0.0032211942598223686, 0.003402732778340578, -0.008085685782134533, 0.0025859843008220196, -0.004203878343105316, 0.008051779121160507, -0.013168079778552055, 0.025494663044810295, -0.014188694767653942, 0.003763846354559064, 0.0029594518709927797, -0.000579027459025383], [-0.0002777337795123458, 0.0018445973983034492, -0.003001592820510268, 0.009516303427517414, -0.011549950577318668, 0.008718946948647499, -0.000984533573500812, 0.0013960686046630144, -0.014188694767653942, 0.03300638496875763, -0.017879659309983253, 0.0034115135204046965, 0.002399301156401634], [0.0007387297227978706, -0.006689645815640688, 0.002221686067059636, -0.011171044781804085, 0.011427344754338264, -0.01747179590165615, 0.005938867572695017, -0.0009085785131901503, 0.003763846354559064, -0.017879659309983253, 0.04219023510813713, -0.024107789620757103, 0.006906862836331129], [-0.000929651374462992, 0.006320721935480833, -0.006321914494037628, 0.009917507879436016, -0.005906213074922562, 0.012930748984217644, -0.010518280789256096, 0.004147883504629135, 0.0029594518709927797, 0.0034115135204046965, -0.024107789620757103, 0.04170539230108261, -0.02496904321014881], [0.001125641050748527, -0.007832751609385014, 0.003672204678878188, -0.006938553415238857, 0.001381217036396265, -0.007476691156625748, 0.012293139472603798, -0.008376708254218102, -0.000579027459025383, 0.002399301156401634, 0.006906862836331129, -0.02496904321014881, 0.04051725193858147]], "lowlevel.mfcc.cov": [[1002.3859252929688, -65.70442962646484, 38.254940032958984, -137.8250274658203, -29.276899337768555, 4.775885105133057, -56.63082504272461, -41.68083572387695, -64.07349395751953, -26.875946044921875, 8.097433090209961, -41.03748321533203, -14.428390502929688], [-65.70442962646484, 365.5237731933594, -217.46058654785156, 42.02653121948242, -56.75297927856445, -3.615713357925415, 37.67000961303711, -19.13498878479004, 48.50476837158203, 1.1520873308181763, 6.585569858551025, 14.603338241577148, 0.9415326714515686], [38.254940032958984, -217.46058654785156, 302.3085021972656, 13.50204849243164, 21.189876556396484, -19.28575325012207, -13.651801109313965, 22.956052780151367, -43.92097854614258, -30.606550216674805, -11.646910667419434, 5.4672322273254395, 33.965145111083984], [-137.8250274658203, 42.02653121948242, 13.50204849243164, 204.81997680664062, 44.74381637573242, 8.2167329788208, -13.271770477294922, 4.718772888183594, 32.13167953491211, 19.961671829223633, -0.8632606267929077, 16.364582061767578, 19.695438385009766], [-29.276899337768555, -56.75297927856445, 21.189876556396484, 44.74381637573242, 132.2303466796875, 8.744717597961426, -33.75485610961914, -26.06993293762207, 23.98493766784668, 32.57567596435547, 9.5714750289917, 3.927485466003418, 8.158024787902832], [4.775885105133057, -3.615713357925415, -19.28575325012207, 8.2167329788208, 8.744717597961426, 87.61219787597656, 36.743560791015625, 24.165071487426758, -6.195226669311523, 19.14371681213379, 11.7966947555542, 10.236623764038086, -2.1405813694000244], [-56.63082504272461, 37.67000961303711, -13.651801109313965, -13.271770477294922, -33.75485610961914, 36.743560791015625, 136.32696533203125, 64.8250961303711, 12.490131378173828, -11.175775527954102, 7.876765251159668, 29.514739990234375, 8.060110092163086], [-41.68083572387695, -19.13498878479004, 22.956052780151367, 4.718772888183594, -26.06993293762207, 24.165071487426758, 64.8250961303711, 96.78360748291016, 21.49983024597168, 7.036633014678955, -3.674661159515381, 20.48322868347168, 9.356679916381836], [-64.07349395751953, 48.50476837158203, -43.92097854614258, 32.13167953491211, 23.98493766784668, -6.195226669311523, 12.490131378173828, 21.49983024597168, 84.94232177734375, 42.78084945678711, 17.40199089050293, 12.215462684631348, 1.8488606214523315], [-26.875946044921875, 1.1520873308181763, -30.606550216674805, 19.961671829223633, 32.57567596435547, 19.14371681213379, -11.175775527954102, 7.036633014678955, 42.78084945678711, 89.1378173828125, 38.615692138671875, 13.166993141174316, -16.69300079345703], [8.097433090209961, 6.585569858551025, -11.646910667419434, -0.8632606267929077, 9.5714750289917, 11.7966947555542, 7.876765251159668, -3.674661159515381, 17.40199089050293, 38.615692138671875, 66.2451400756836, 23.558664321899414, -4.16604471206665], [-41.03748321533203, 14.603338241577148, 5.4672322273254395, 16.364582061767578, 3.927485466003418, 10.236623764038086, 29.514739990234375, 20.48322868347168, 12.215462684631348, 13.166993141174316, 23.558664321899414, 60.777950286865234, 23.4171085357666], [-14.428390502929688, 0.9415326714515686, 33.965145111083984, 19.695438385009766, 8.158024787902832, -2.1405813694000244, 8.060110092163086, 9.356679916381836, 1.8488606214523315, -16.69300079345703, -4.16604471206665, 23.4171085357666, 68.7527847290039]], "lowlevel.mfcc.icov": [[0.0012023004237562418, -0.00012059891741955653, -0.00022985153191257268, 0.0007784214685671031, 0.00010258585098199546, -0.0005071251071058214, 0.0006597432657144964, 2.6473236403035116e-07, 0.0003075484128203243, 0.00027642870554700494, -0.0006269701989367604, 0.0005851569585502148, -0.00013926683459430933], [-0.00012059891741955653, 0.00702412286773324, 0.004508352838456631, -0.002225779229775071, 0.003511077491566539, 0.0006554043502546847, -0.0020313470158725977, 0.0035219532437622547, -0.002862694673240185, 0.001075038337148726, 0.0003964021452702582, -0.001334069063887, -0.0015320725506171584], [-0.00022985153191257268, 0.004508352838456631, 0.007602679077535868, -0.0019166257698088884, 0.00028879925957880914, 0.0026237559504806995, -0.0005331448628567159, -0.0013824673369526863, 0.0021443406585603952, 0.0012146348599344492, -0.000911097857169807, -0.00044895909377373755, -0.0026837699115276337], [0.0007784214685671031, -0.002225779229775071, -0.0019166257698088884, 0.007017145864665508, -0.00211984827183187, -0.0016879941103979945, 0.002064148895442486, -0.000972243957221508, -0.0013179165543988347, -0.0002342975203646347, 0.000910197093617171, -0.0007592023466713727, -0.00048789771972224116], [0.00010258585098199546, 0.003511077491566539, 0.00028879925957880914, -0.00211984827183187, 0.012979046441614628, -0.0028930690605193377, 0.000293785153189674, 0.006736462935805321, -0.005550706293433905, -0.0023644817993044853, 0.0018079513683915138, -0.001288771047256887, -0.002019627718254924], [-0.0005071251071058214, 0.0006554043502546847, 0.0026237559504806995, -0.0016879941103979945, -0.0028930690605193377, 0.01754733920097351, -0.005245169159024954, -0.0038586670998483896, 0.008011933416128159, -0.005649906117469072, -0.00117689894977957, 0.0012456263648346066, -0.0009811846539378166], [0.0006597432657144964, -0.0020313470158725977, -0.0005331448628567159, 0.002064148895442486, 0.000293785153189674, -0.005245169159024954, 0.015499217435717583, -0.00858025997877121, -0.002072612987831235, 0.0064511108212172985, -0.003142945934087038, -0.003764307824894786, 0.0017045780550688505], [2.6473236403035116e-07, 0.0035219532437622547, -0.0013824673369526863, -0.000972243957221508, 0.006736462935805321, -0.0038586670998483896, -0.00858025997877121, 0.023164285346865654, -0.008212514221668243, -0.0035407780669629574, 0.006882935296744108, -0.0037072959821671247, -0.001111815101467073], [0.0003075484128203243, -0.002862694673240185, 0.0021443406585603952, -0.0013179165543988347, -0.005550706293433905, 0.008011933416128159, -0.002072612987831235, -0.008212514221668243, 0.024948127567768097, -0.010116069577634335, -0.0020252028480172157, 0.0027671665884554386, -0.002501601818948984], [0.00027642870554700494, 0.001075038337148726, 0.0012146348599344492, -0.0002342975203646347, -0.0023644817993044853, -0.005649906117469072, 0.0064511108212172985, -0.0035407780669629574, -0.010116069577634335, 0.02596859261393547, -0.010627678595483303, -0.002829313511028886, 0.006237422581762075], [-0.0006269701989367604, 0.0003964021452702582, -0.000911097857169807, 0.000910197093617171, 0.0018079513683915138, -0.00117689894977957, -0.003142945934087038, 0.006882935296744108, -0.0020252028480172157, -0.010627678595483303, 0.025783561170101166, -0.009221846237778664, 0.0014103117864578962], [0.0005851569585502148, -0.001334069063887, -0.00044895909377373755, -0.0007592023466713727, -0.001288771047256887, 0.0012456263648346066, -0.003764307824894786, -0.0037072959821671247, 0.0027671665884554386, -0.002829313511028886, -0.009221846237778664, 0.02744428813457489, -0.008949756622314453], [-0.00013926683459430933, -0.0015320725506171584, -0.0026837699115276337, -0.00048789771972224116, -0.002019627718254924, -0.0009811846539378166, 0.0017045780550688505, -0.001111815101467073, -0.002501601818948984, 0.006237422581762075, 0.0014103117864578962, -0.008949756622314453, 0.020878223702311516]], "metadata.audio_properties.analysis.downmix": "mix", "metadata.audio_properties.codec": "mp3", "metadata.audio_properties.md5_encoded": "c00263b287b39e0c96537c3ce20e8ba0", "metadata.tags.file_name": "1183700754884743208.mp3", "metadata.version.essentia": "2.1-beta6-dev", "metadata.version.essentia_git_sha": "v2.1_beta5-1110-g77a6a954", "metadata.version.extractor": "music 2.0", "tonal.chords_key": "D", "tonal.chords_scale": "major", "tonal.key_edma.key": "G", "tonal.key_edma.scale": "major", "tonal.key_krumhansl.key": "G", "tonal.key_krumhansl.scale": "major", "tonal.key_temperley.key": "G", "tonal.key_temperley.scale": "major", "metadata.tags.encoding": ["Lavf58.45.100"]}, "es