{"song_id": "1183701539810984006", "download": "https://cdn.discordapp.com/attachments/1135903449314238464/1183701539810984006/chirp.mp4?ex=65894af7&amp", "lyrics": "(Verse 1)\nI am Ismail Haniyeh, living in luxury,\nIn my Qatar villa, that's the life for me.\nWhile Gaza's kids hungry, and their futures fade,\nI'm dining on caviar, in my golden parade.\n\n(Chorus)\nHaniyeh, Haniyeh, let me make it clear,\nI live without guilt, have no reason to fear.\nAs Gaza's young ones starve and cry,\nI'm in opulence, under the desert sky.\n\n(Verse 2)\nI count my riches, while they count their tears,\nIn their darkest hours, I feed on their fears.\nI say I'm a leader, a guiding star,\nBut in reality, I've strayed very far.", "style": ["hip hop</span><span>, rap</span><span>, middle eastern"], "essentia_features": {"lowlevel.average_loudness": 0.9675096273422241, "lowlevel.barkbands_crest.mean": 11.810617446899414, "lowlevel.barkbands_crest.stdev": 5.417148590087891, "lowlevel.barkbands_flatness_db.mean": 0.16446124017238617, "lowlevel.barkbands_flatness_db.stdev": 0.07239608466625214, "lowlevel.barkbands_kurtosis.mean": 10.4553804397583, "lowlevel.barkbands_kurtosis.stdev": 34.45567321777344, "lowlevel.barkbands_skewness.mean": 1.4507904052734375, "lowlevel.barkbands_skewness.stdev": 2.458090305328369, "lowlevel.barkbands_spread.mean": 37.2806282043457, "lowlevel.barkbands_spread.stdev": 27.100345611572266, "lowlevel.dissonance.mean": 0.45849764347076416, "lowlevel.dissonance.stdev": 0.04448993504047394, "lowlevel.dynamic_complexity": 3.6480419635772705, "lowlevel.erbbands_crest.mean": 11.367010116577148, "lowlevel.erbbands_crest.stdev": 5.840806007385254, "lowlevel.erbbands_flatness_db.mean": 0.16467325389385223, "lowlevel.erbbands_flatness_db.stdev": 0.06541328877210617, "lowlevel.erbbands_kurtosis.mean": 3.2466471195220947, "lowlevel.erbbands_kurtosis.stdev": 9.649117469787598, "lowlevel.erbbands_skewness.mean": 0.24654042720794678, "lowlevel.erbbands_skewness.stdev": 1.5534979104995728, "lowlevel.erbbands_spread.mean": 51.25279998779297, "lowlevel.erbbands_spread.stdev": 32.58979797363281, "lowlevel.hfc.mean": 66.89631652832031, "lowlevel.hfc.stdev": 75.03252410888672, "lowlevel.loudness_ebu128.integrated": -16.43592643737793, "lowlevel.loudness_ebu128.loudness_range": 1.423874855041504, "lowlevel.loudness_ebu128.momentary.mean": -17.266347885131836, "lowlevel.loudness_ebu128.momentary.stdev": 4.882711887359619, "lowlevel.loudness_ebu128.short_term.mean": -16.498323440551758, "lowlevel.loudness_ebu128.short_term.stdev": 0.7067118883132935, "lowlevel.melbands_crest.mean": 18.112184524536133, "lowlevel.melbands_crest.stdev": 8.956021308898926, "lowlevel.melbands_flatness_db.mean": 0.20349301397800446, "lowlevel.melbands_flatness_db.stdev": 0.10404090583324432, "lowlevel.melbands_kurtosis.mean": 37.31394577026367, "lowlevel.melbands_kurtosis.stdev": 93.32086944580078, "lowlevel.melbands_skewness.mean": 3.548524856567383, "lowlevel.melbands_skewness.stdev": 3.7878072261810303, "lowlevel.melbands_spread.mean": 48.616371154785156, "lowlevel.melbands_spread.stdev": 57.16223907470703, "lowlevel.pitch_salience.mean": 0.5187368988990784, "lowlevel.pitch_salience.stdev": 0.159491166472435, "lowlevel.silence_rate_20dB.mean": 1.0, "lowlevel.silence_rate_20dB.stdev": 0.0, "lowlevel.silence_rate_30dB.mean": 0.9600231647491455, "lowlevel.silence_rate_30dB.stdev": 0.19590502977371216, "lowlevel.silence_rate_60dB.mean": 0.0741599053144455, "lowlevel.silence_rate_60dB.stdev": 0.26203280687332153, "lowlevel.spectral_centroid.mean": 1944.7498779296875, "lowlevel.spectral_centroid.stdev": 1378.7427978515625, "lowlevel.spectral_complexity.mean": 13.707415580749512, "lowlevel.spectral_complexity.stdev": 10.898865699768066, "lowlevel.spectral_decrease.mean": -8.402869511314748e-09, "lowlevel.spectral_decrease.stdev": 8.596501288593572e-09, "lowlevel.spectral_energy.mean": 0.03778206929564476, "lowlevel.spectral_energy.stdev": 0.033997491002082825, "lowlevel.spectral_energyband_high.mean": 0.006214948371052742, "lowlevel.spectral_energyband_high.stdev": 0.008359032683074474, "lowlevel.spectral_energyband_low.mean": 0.016986703500151634, "lowlevel.spectral_energyband_low.stdev": 0.029145410284399986, "lowlevel.spectral_energyband_middle_high.mean": 0.0058011398650705814, "lowlevel.spectral_energyband_middle_high.stdev": 0.00846936646848917, "lowlevel.spectral_energyband_middle_low.mean": 0.009940010495483875, "lowlevel.spectral_energyband_middle_low.stdev": 0.015105236321687698, "lowlevel.spectral_entropy.mean": 7.957605361938477, "lowlevel.spectral_entropy.stdev": 0.6671820878982544, "lowlevel.spectral_flux.mean": 0.10467496514320374, "lowlevel.spectral_flux.stdev": 0.06308423727750778, "lowlevel.spectral_kurtosis.mean": 2.540205955505371, "lowlevel.spectral_kurtosis.stdev": 7.144187927246094, "lowlevel.spectral_rms.mean": 0.005400808993726969, "lowlevel.spectral_rms.stdev": 0.002773424843326211, "lowlevel.spectral_rolloff.mean": 4399.744140625, "lowlevel.spectral_rolloff.stdev": 4198.46630859375, "lowlevel.spectral_skewness.mean": 1.2832673788070679, "lowlevel.spectral_skewness.stdev": 0.9194548726081848, "lowlevel.spectral_spread.mean": 9066256.0, "lowlevel.spectral_spread.stdev": 3161357.75, "lowlevel.spectral_strongpeak.mean": 1.2705962657928467, "lowlevel.spectral_strongpeak.stdev": 1.4923464059829712, "lowlevel.zerocrossingrate.mean": 0.14708440005779266, "lowlevel.zerocrossingrate.stdev": 0.09963903576135635, "metadata.audio_properties.analysis.equal_loudness": 0.0, "metadata.audio_properties.analysis.length": 40.04265213012695, "metadata.audio_properties.analysis.sample_rate": 44100.0, "metadata.audio_properties.analysis.start_time": 0.0, "metadata.audio_properties.bit_rate": 129241.0, "metadata.audio_properties.length": 40.042667388916016, "metadata.audio_properties.lossless": 0.0, "metadata.audio_properties.number_channels": 1.0, "metadata.audio_properties.replay_gain": -9.187536239624023, "metadata.audio_properties.sample_rate": 48000.0, "rhythm.beats_count": 92.0, "rhythm.beats_loudness.mean": 0.044797372072935104, "rhythm.beats_loudness.stdev": 0.025678224861621857, "rhythm.bpm": 139.9561767578125, "rhythm.bpm_histogram_first_peak_bpm": 140.0, "rhythm.bpm_histogram_first_peak_weight": 0.2888888716697693, "rhythm.bpm_histogram_second_peak_bpm": 120.0, "rhythm.bpm_histogram_second_peak_spread": 0.0, "rhythm.bpm_histogram_second_peak_weight": 0.010989011265337467, "rhythm.danceability": 1.362197995185852, "rhythm.onset_rate": 5.192934989929199, "tonal.chords_changes_rate": 0.10300926119089127, "tonal.chords_number_rate": 0.009259259328246117, "tonal.chords_strength.mean": 0.4790193438529968, "tonal.chords_strength.stdev": 0.08700735121965408, "tonal.hpcp_crest.mean": 11.891090393066406, "tonal.hpcp_crest.stdev": 5.355105876922607, "tonal.hpcp_entropy.mean": 2.272594451904297, "tonal.hpcp_entropy.stdev": 0.786577045917511, "tonal.key_edma.strength": 0.40644198656082153, "tonal.key_krumhansl.strength": 0.4118998944759369, "tonal.key_temperley.strength": 0.4577130973339081, "tonal.tuning_diatonic_strength": 0.30658474564552307, "tonal.tuning_equal_tempered_deviation": 0.19914717972278595, "tonal.tuning_frequency": 434.193115234375, "tonal.tuning_nontempered_energy_ratio": 0.8969314098358154, "lowlevel.barkbands.mean": [0.0016022188356146216, 0.012152359820902348, 0.0021956709679216146, 0.0015998452436178923, 0.0011875424534082413, 0.0035827409010380507, 0.001091508660465479, 0.0010819225572049618, 0.0011050450848415494, 0.001204578555189073, 0.0008140913560055196, 0.0019189572194591165, 0.000613480107858777, 0.00024996628053486347, 0.00020149954070802778, 0.00021600120817311108, 0.00038603274151682854, 0.00014741528138983995, 0.00014126738824415952, 0.00015149482351262122, 0.00023833474551793188, 0.00037503617932088673, 0.0019508335972204804, 0.0015893871895968914, 0.0012482627062126994, 0.0007322441088035703, 4.342135071055964e-06], "lowlevel.barkbands.stdev": [0.0031594575848430395, 0.021827170625329018, 0.007809932343661785, 0.0036696074530482292, 0.003350967774167657, 0.01057908684015274, 0.003526084590703249, 0.0037916426081210375, 0.003357906127348542, 0.0030394603963941336, 0.0024364031851291656, 0.00401429645717144, 0.00174812413752079, 0.0005337408510968089, 0.0003665352123789489, 0.00037590067950077355, 0.0005405642441473901, 0.0003876791743095964, 0.0003570506814867258, 0.00036015064688399434, 0.0005340687930583954, 0.0007277968688867986, 0.0030931385699659586, 0.0023378159385174513, 0.0018804382998496294, 0.0010612128535285592, 1.2136492841818836e-05], "lowlevel.erbbands.mean": [0.6711621880531311, 1.4386398792266846, 2.0629982948303223, 4.977468967437744, 3.3705296516418457, 2.9612903594970703, 21.12131690979004, 28.17746925354004, 16.895151138305664, 23.01345443725586, 20.03072738647461, 23.726682662963867, 34.9400520324707, 37.31614303588867, 38.30729293823242, 87.74418640136719, 34.20074462890625, 15.463232040405273, 12.042778968811035, 10.284195899963379, 14.876862525939941, 21.68296241760254, 9.089832305908203, 7.237797260284424, 7.221275806427002, 7.173957824707031, 8.080195426940918, 10.319673538208008, 13.198040962219238, 28.670185089111328, 59.445926666259766, 39.65822982788086, 24.244735717773438, 15.1304292678833, 8.35212230682373, 4.256430625915527, 1.1252176761627197, 0.09669812768697739, 0.0020148700568825006, 0.00015932894893921912], "lowlevel.erbbands.stdev": [1.2681448459625244, 2.692453622817993, 7.747995853424072, 12.628332138061523, 10.00027084350586, 8.084431648254395, 67.12767028808594, 103.07022857666016, 56.8169059753418, 74.24633026123047, 74.29080200195312, 69.7084732055664, 104.17615509033203, 84.21781921386719, 115.64266967773438, 179.072021484375, 83.69698333740234, 32.364715576171875, 22.812009811401367, 17.71949577331543, 22.87172508239746, 31.279142379760742, 22.661684036254883, 19.1436710357666, 17.299083709716797, 17.141433715820312, 19.443958282470703, 22.135953903198242, 25.99186134338379, 48.93941879272461, 93.23218536376953, 58.19021224975586, 37.150482177734375, 23.806659698486328, 12.909669876098633, 6.249496936798096, 1.6087236404418945, 0.15923133492469788, 0.003166650654748082, 0.00017081097757909447], "lowlevel.gfcc.mean": [-7.920687198638916, 14.160416603088379, -90.57723999023438, 5.459087371826172, -64.80562591552734, 48.12301254272461, -47.9479866027832, 19.344255447387695, -22.13762664794922, -0.7315139770507812, -17.942075729370117, 15.792219161987305, -17.484590530395508], "lowlevel.melbands.mean": [0.004378107376396656, 0.001279402058571577, 0.0007887500687502325, 0.0001813090348150581, 0.0006019602296873927, 0.0006321684340946376, 0.0002531001518946141, 0.0002541439898777753, 0.00015368231106549501, 0.00015758340305183083, 0.0001770256640156731, 0.00015459427959285676, 0.00011188514326931909, 0.00020269349624868482, 0.00015762187831569463, 5.331157080945559e-05, 2.4960419978015125e-05, 1.99169953702949e-05, 1.4485437532130163e-05, 1.3624213352159131e-05, 1.84910877578659e-05, 2.6356543457950465e-05, 1.0172273505304474e-05, 6.42656596028246e-06, 5.7644124353828374e-06, 5.223160314926645e-06, 5.244098701950861e-06, 4.555453415377997e-06, 4.583825102599803e-06, 5.8252171584172174e-06, 5.944105396338273e-06, 6.9411626100190915e-06, 8.004607479961123e-06, 2.041370316874236e-05, 3.4472319384803995e-05, 3.2791307603474706e-05, 2.1814235878991894e-05, 1.803364466468338e-05, 1.3086868420941755e-05, 1.2769539353030268e-05], "lowlevel.melbands.stdev": [0.008044983260333538, 0.0034958140458911657, 0.0019061710918322206, 0.0004920174251310527, 0.001850184053182602, 0.002135899383574724, 0.0008335015154443681, 0.0008235801942646503, 0.0005830704467371106, 0.00046567010576836765, 0.0005227127694524825, 0.00035997986560687423, 0.00035494862822815776, 0.000429480685852468, 0.00035356063744984567, 0.00014618417480960488, 5.419317676569335e-05, 4.1631275962572545e-05, 2.65443668467924e-05, 2.4403636416536756e-05, 2.985243008879479e-05, 3.661017763079144e-05, 2.3360988052445464e-05, 1.8173806893173605e-05, 1.578988303663209e-05, 1.3174226296541747e-05, 1.2487197636801284e-05, 1.1384817298676353e-05, 1.1483100024634041e-05, 1.3868230780644808e-05, 1.2890074685856234e-05, 1.419217005604878e-05, 1.562488978379406e-05, 3.6473084037424996e-05, 5.612595487036742e-05, 5.0603986892383546e-05, 3.2924468541750684e-05, 2.8409796868800186e-05, 2.071755261567887e-05, 2.1025261958129704e-05], "lowlevel.melbands128.mean": [0.0015639562625437975, 0.006751558277755976, 0.004653288051486015, 0.0016291431384161115, 0.0008509664912708104, 0.0011879962403327227, 0.0011384687386453152, 0.0006410728092305362, 0.00031628666329197586, 0.0001025445744744502, 9.330330067314208e-05, 0.0003422813315410167, 0.0008288479875773191, 0.0008263197960332036, 0.0006785395089536905, 0.0005541976424865425, 0.0002670719404704869, 0.00021028472110629082, 0.00019516116299200803, 0.0002928446338046342, 0.00027318450156599283, 0.00016978867643047124, 0.00014606832701247185, 0.00012163203064119443, 0.00013687765749637038, 0.0001752141397446394, 0.00019740936113521457, 0.00015350565081462264, 0.00019051415438298136, 0.00018358769011683762, 0.00013756833504885435, 0.00010611343168420717, 0.00010548850696068257, 0.0001297153503401205, 9.378555841976777e-05, 0.00026553141651675105, 0.0003322367847431451, 0.00013672256318386644, 7.132205792004243e-05, 6.162106728879735e-05, 5.37642408744432e-05, 3.4239714295836166e-05, 2.2445394279202446e-05, 2.1138341253390536e-05, 2.3196616893983446e-05, 2.010540265473537e-05, 1.587512633705046e-05, 1.507786237198161e-05, 1.3658356692758389e-05, 1.2240594514878467e-05, 1.4289065802586265e-05, 1.4316147826320957e-05, 1.4318127796286717e-05, 2.003458939725533e-05, 2.8364684112602845e-05, 3.4515200241003186e-05, 1.7569018382346258e-05, 9.213453267875593e-06, 9.157954991678707e-06, 7.856721822463442e-06, 6.065678007871611e-06, 5.36071092938073e-06, 6.063007731427206e-06, 5.90185391047271e-06, 5.405192041507689e-06, 5.037538358010352e-06, 5.255691121419659e-06, 5.19220930073061e-06, 5.237930963630788e-06, 5.443192549137166e-06, 4.3260142774670385e-06, 4.342581178207183e-06, 4.314721536502475e-06, 4.587150669976836e-06, 4.7017010729177855e-06, 6.2856124714016914e-06, 5.917724138271296e-06, 5.868619155080523e-06, 6.249302714422811e-06, 5.447464445751393e-06, 6.6031780079356395e-06, 7.832154551579151e-06, 7.43664895708207e-06, 7.814576747477986e-06, 8.16557712823851e-06, 1.2043673450534698e-05, 2.4873150323401205e-05, 3.748625749722123e-05, 2.8735885280184448e-05, 3.821386053459719e-05, 4.3293497583363205e-05, 2.796824264805764e-05, 2.239571767859161e-05, 2.192689680668991e-05, 2.133086309186183e-05, 1.9713412257260643e-05, 1.7276397556997836e-05, 1.569522100908216e-05, 1.2791601875505876e-05, 1.159493149316404e-05, 1.336158220510697e-05, 1.3536722690332681e-05, 1.135860202339245e-05, 1.0642441338859499e-05, 8.512174645147752e-06, 8.532694664609153e-06, 8.777299626672175e-06, 8.341399734490551e-06, 8.233925655076746e-06, 6.216978363227099e-06, 5.3591779760608915e-06, 3.775941877393052e-06, 3.680554527818458e-06, 2.6148079541599145e-06, 1.7457150534028187e-06, 8.784956548879563e-07, 1.8953392100229394e-07, 7.649033406664785e-09, 2.4701451994957324e-10, 9.174758869301414e-11, 5.083913498515891e-11, 2.4586827365724595e-11, 1.7521126910446938e-11, 1.66587212774294e-11, 1.3250834457467775e-11, 7.681103149359547e-12, 4.694836533425395e-12, 4.223698214095295e-12], "lowlevel.melbands128.stdev": [0.003095409832894802, 0.012993286363780499, 0.008482362143695354, 0.003789901966229081, 0.003986008930951357, 0.003921321127563715, 0.002987041836604476, 0.0015237933257594705, 0.001218329300172627, 0.00043900925084017217, 0.0003823703736998141, 0.001331424922682345, 0.0030630279798060656, 0.0026926605496555567, 0.0026931860484182835, 0.0033038072288036346, 0.0012582291383296251, 0.0009122202172875404, 0.0008650365634821355, 0.0011571623617783189, 0.0011390160070732236, 0.0008796177571639419, 0.0007762353052385151, 0.0005776937468908727, 0.0005791063304059207, 0.0005934708751738071, 0.001004386111162603, 0.0005947264144197106, 0.0005868872976861894, 0.0005542439757846296, 0.0003737734514288604, 0.000350791699020192, 0.0004420751938596368, 0.0006512001273222268, 0.0003319182142149657, 0.0006658361526206136, 0.0007700527203269303, 0.0004942234372720122, 0.0002975802926812321, 0.00021729942818637937, 0.00017296794976573437, 0.0001078003115253523, 5.916627560509369e-05, 5.134200910106301e-05, 5.995102401357144e-05, 5.436017090687528e-05, 3.916696005035192e-05, 3.193218071828596e-05, 2.9942206310806796e-05, 2.7226154998061247e-05, 3.093606937909499e-05, 2.9586020900751464e-05, 2.8654780180659145e-05, 4.3254545744275674e-05, 4.349615846876986e-05, 5.2977105951868e-05, 3.5836990718962625e-05, 2.42505830101436e-05, 2.3356633391813375e-05, 2.4381512048421428e-05, 2.065879561996553e-05, 1.4621307855122723e-05, 1.8829063265002333e-05, 1.721264561638236e-05, 1.7445661796955392e-05, 1.3689826118934434e-05, 1.4029347767063882e-05, 1.5002831787569448e-05, 1.313248594669858e-05, 1.39856501846225e-05, 1.2432152288965881e-05, 1.2203184269310441e-05, 1.1458154403953813e-05, 1.2601673006429337e-05, 1.2952946235600393e-05, 1.6015574146877043e-05, 1.5135853573156055e-05, 1.4952101082599256e-05, 1.4566207028110512e-05, 1.2157260243839119e-05, 1.4708130947838072e-05, 1.7521801055409014e-05, 1.6618627341813408e-05, 1.672216967563145e-05, 1.7221480447915383e-05, 2.281154775118921e-05, 4.792473919223994e-05, 7.677444955334067e-05, 4.8205474740825593e-05, 6.295966159086674e-05, 7.653610373381525e-05, 4.496371911955066e-05, 3.848372580250725e-05, 3.601054777391255e-05, 3.3821477700257674e-05, 3.256611307733692e-05, 3.1258481612894684e-05, 2.754440538410563e-05, 2.176369343942497e-05, 2.061330815195106e-05, 2.2947986508370377e-05, 2.4616450900794007e-05, 1.9998968127765693e-05, 1.9224087736802176e-05, 1.5652889487682842e-05, 1.370518839394208e-05, 1.4437602658290416e-05, 1.4670950804429594e-05, 1.3457582099363208e-05, 9.486383532930631e-06, 8.320742381329183e-06, 5.767899438069435e-06, 5.794088338006986e-06, 4.865551545663038e-06, 3.030846301044221e-06, 1.974921133296448e-06, 4.7184818185996846e-07, 9.089898611591707e-08, 4.286205168568813e-09, 1.912759728384117e-09, 1.062658960826468e-09, 5.603557062805464e-10, 5.18455889331193e-10, 4.916123064191424e-10, 3.5835712175469325e-10, 1.3657408537426363e-10, 1.9285295582704975e-11, 6.882629015325659e-12], "lowlevel.mfcc.mean": [-662.364990234375, 64.16439056396484, 26.98537826538086, -26.81512451171875, 14.246488571166992, 9.712370872497559, -2.2726969718933105, 20.968643188476562, -1.5416903495788574, -1.0982695817947388, -6.716037750244141, 8.797898292541504, 5.781531810760498], "lowlevel.spectral_contrast_coeffs.mean": [-0.6916987895965576, -0.7728964686393738, -0.7790952324867249, -0.8102584481239319, -0.769110381603241, -0.7956675887107849], "lowlevel.spectral_contrast_coeffs.stdev": [0.11538653075695038, 0.09747320413589478, 0.0633976086974144, 0.05085848644375801, 0.060639478266239166, 0.03726564347743988], "lowlevel.spectral_contrast_valleys.mean": [-7.945035934448242, -7.41477632522583, -7.273552417755127, -7.865664482116699, -8.42660903930664, -9.218759536743164], "lowlevel.spectral_contrast_valleys.stdev": [1.5423862934112549, 1.3479633331298828, 1.185721755027771, 1.1517773866653442, 1.5652321577072144, 1.5580106973648071], "rhythm.beats_loudness_band_ratio.mean": [0.2514318823814392, 0.1129017099738121, 0.10763146728277206, 0.15444941818714142, 0.06353955715894699, 0.3384464383125305], "rhythm.beats_loudness_band_ratio.stdev": [0.28421488404273987, 0.19822198152542114, 0.16180649399757385, 0.17268577218055725, 0.06617030501365662, 0.24900124967098236], "tonal.hpcp.mean": [0.0950409546494484, 0.08180266618728638, 0.06214022636413574, 0.0764092430472374, 0.07918476313352585, 0.06443379819393158, 0.06033330038189888, 0.05647271126508713, 0.07162221521139145, 0.12116967886686325, 0.11211133003234863, 0.07532955706119537, 0.08215058594942093, 0.09865839034318924, 0.09847749024629593, 0.24607592821121216, 0.3311294615268707, 0.18136125802993774, 0.12764929234981537, 0.1267901211977005, 0.0810246393084526, 0.06365233659744263, 0.06812842935323715, 0.08203473687171936, 0.10862621665000916, 0.12504231929779053, 0.23718567192554474, 0.39240512251853943, 0.2801263928413391, 0.10348402708768845, 0.07809210568666458, 0.061919525265693665, 0.0673743262887001, 0.09516110271215439, 0.09223264455795288, 0.08042780309915543], "tonal.hpcp.stdev": [0.20004203915596008, 0.18064118921756744, 0.136783629655838, 0.14895370602607727, 0.16573145985603333, 0.1501106470823288, 0.14329782128334045, 0.1380574256181717, 0.13701465725898743, 0.21812722086906433, 0.19760891795158386, 0.16653890907764435, 0.1648067682981491, 0.15934503078460693, 0.17472490668296814, 0.3017992675304413, 0.40140628814697266, 0.23084595799446106, 0.20627406239509583, 0.22151237726211548, 0.16011527180671692, 0.1631201058626175, 0.17224302887916565, 0.19228266179561615, 0.2148429900407791, 0.2145669013261795, 0.29884254932403564, 0.42560404539108276, 0.34809747338294983, 0.21880626678466797, 0.17874369025230408, 0.14333270490169525, 0.14854221045970917, 0.1963324397802353, 0.18422681093215942, 0.1678634136915207], "rhythm.beats_position": [0.4760090708732605, 0.9752380847930908, 1.4164172410964966, 1.8575963973999023, 2.287165403366089, 2.7167346477508545, 3.1346938610076904, 3.5758728981018066, 3.9938321113586426, 4.423401355743408, 4.852970600128174, 5.294149398803711, 5.723718643188477, 6.1416778564453125, 6.571247100830078, 7.000816345214844, 7.430385589599609, 7.848344326019287, 8.277914047241211, 8.707483291625977, 9.137051582336426, 9.566620826721191, 9.996190071105957, 10.425759315490723, 10.866938591003418, 11.284897804260254, 11.71446704864502, 12.144036293029785, 12.561995506286621, 12.991564750671387, 13.421133995056152, 13.862312316894531, 14.280271530151367, 14.709840774536133, 15.139410018920898, 15.568979263305664, 15.99854850769043, 16.416507720947266, 16.84607696533203, 17.275646209716797, 17.705215454101562, 18.134784698486328, 18.564353942871094, 18.99392318725586, 19.423492431640625, 19.85306167602539, 20.282630920410156, 20.71219825744629, 21.141767501831055, 21.57133674621582, 22.000905990600586, 22.43047523498535, 22.848434448242188, 23.278003692626953, 23.70757293701172, 24.137142181396484, 24.56671142578125, 24.984670639038086, 25.42584991455078, 25.867029190063477, 26.284988403320312, 26.70294761657715, 27.132516860961914, 27.56208610534668, 27.991655349731445, 28.42122459411621, 28.850793838500977, 29.280363082885742, 29.709932327270508, 30.13949966430664, 30.569068908691406, 30.998638153076172, 31.428207397460938, 31.857776641845703, 32.28734588623047, 32.716915130615234, 33.146484375, 33.56444549560547, 33.994014739990234, 34.4351921081543, 34.8531494140625, 35.27111053466797, 35.71228790283203, 36.1418571472168, 36.57142639160156, 36.98938751220703, 37.4189567565918, 37.84852600097656, 38.27809524536133, 38.707664489746094, 39.13723373413086, 39.566802978515625], "rhythm.bpm_histogram": [0.0, 0.0, 0.0, 0.0, 0.0, 0.0, 0.0, 0.0, 0.0, 0.0, 0.0, 0.0, 0.0, 0.0, 0.0, 0.0, 0.0, 0.0, 0.0, 0.0, 0.0, 0.0, 0.0, 0.0, 0.0, 0.0, 0.0, 0.0, 0.0, 0.0, 0.0, 0.0, 0.0, 0.0, 0.0, 0.0, 0.0, 0.0, 0.0, 0.0, 0.0, 0.0, 0.0, 0.0, 0.0, 0.0, 0.0, 0.0, 0.0, 0.0, 0.0, 0.0, 0.0, 0.0, 0.0, 0.0, 0.0, 0.0, 0.0, 0.0, 0.0, 0.0, 0.0, 0.0, 0.0, 0.0, 0.0, 0.0, 0.0, 0.0, 0.0, 0.0, 0.0, 0.0, 0.0, 0.0, 0.0, 0.0, 0.0, 0.0, 0.0, 0.0, 0.0, 0.0, 0.0, 0.0, 0.0, 0.0, 0.0, 0.0, 0.0, 0.0, 0.0, 0.0, 0.0, 0.0, 0.0, 0.0, 0.0, 0.0, 0.0, 0.0, 0.0, 0.0, 0.0, 0.0, 0.0, 0.0, 0.0, 0.0, 0.0, 0.0, 0.0, 0.0, 0.0, 0.0, 0.0, 0.0, 0.0, 0.0, 0.010989011265337467, 0.0, 0.0, 0.0, 0.0, 0.0, 0.0, 0.0, 0.0, 0.0, 0.0, 0.0, 0.0, 0.0, 0.0, 0.0, 0.10989011079072952, 0.0, 0.0, 0.0, 0.7032967209815979, 0.0, 0.0, 0.0, 0.17582418024539948, 0.0, 0.0, 0.0, 0.0, 0.0, 0.0, 0.0, 0.0, 0.0, 0.0, 0.0, 0.0, 0.0, 0.0, 0.0, 0.0, 0.0, 0.0, 0.0, 0.0, 0.0, 0.0, 0.0, 0.0, 0.0, 0.0, 0.0, 0.0, 0.0, 0.0, 0.0, 0.0, 0.0, 0.0, 0.0, 0.0, 0.0, 0.0, 0.0, 0.0, 0.0, 0.0, 0.0, 0.0, 0.0, 0.0, 0.0, 0.0, 0.0, 0.0, 0.0, 0.0, 0.0, 0.0, 0.0, 0.0, 0.0, 0.0, 0.0, 0.0, 0.0, 0.0, 0.0, 0.0, 0.0, 0.0, 0.0, 0.0, 0.0, 0.0, 0.0, 0.0, 0.0, 0.0, 0.0, 0.0, 0.0, 0.0, 0.0, 0.0, 0.0, 0.0, 0.0, 0.0, 0.0, 0.0, 0.0, 0.0, 0.0, 0.0, 0.0, 0.0, 0.0, 0.0, 0.0, 0.0, 0.0, 0.0, 0.0, 0.0, 0.0, 0.0, 0.0, 0.0, 0.0], "tonal.chords_histogram": [0.9259259104728699, 0.0, 0.0, 0.0, 0.0, 12.962963104248047, 11.226851463317871, 1.2731481790542603, 0.0, 0.6944444179534912, 0.0, 0.0, 0.0, 0.0, 0.8101851940155029, 19.09722137451172, 8.217592239379883, 0.0, 0.0, 0.0, 0.0, 3.0092592239379883, 14.004630088806152, 27.77777862548828], "tonal.thpcp": [1.0, 0.7138704061508179, 0.26371732354164124, 0.19900888204574585, 0.15779489278793335, 0.17169584333896637, 0.24250729382038116, 0.2350444495677948, 0.2049611508846283, 0.24220110476016998, 0.2084648311138153, 0.15835732221603394, 0.1947202980518341, 0.20179340243339539, 0.1642022281885147, 0.15375258028507233, 0.14391431212425232, 0.18252110481262207, 0.30878719687461853, 0.28570303320884705, 0.19196884334087372, 0.20935146510601044, 0.25141972303390503, 0.25095874071121216, 0.6270966529846191, 0.8438459038734436, 0.46217861771583557, 0.32529976963996887, 0.3231102526187897, 0.20648211240768433, 0.16221076250076294, 0.17361758649349213, 0.20905622839927673, 0.2768216133117676, 0.31865617632865906, 0.6044408082962036], "lowlevel.gfcc.cov": [[15305.6279296875, -1180.3634033203125, 1515.06201171875, 1504.754150390625, -1195.5782470703125, 82.74797058105469, -501.5948791503906, 473.4136962890625, 81.26730346679688, 331.4407958984375, -89.04296875, 45.59131622314453, -136.82086181640625], [-1180.3634033203125, 2979.985595703125, 427.248291015625, -153.37728881835938, 384.8860778808594, -159.85186767578125, -15.63182258605957, -160.2738800048828, 116.60733032226562, -141.13034057617188, 136.5402374267578, 27.618114471435547, 85.21344757080078], [1515.06201171875, 427.248291015625, 2136.22314453125, 1181.48681640625, 516.1170043945312, 480.1336364746094, 53.29448699951172, 90.44823455810547, 160.014892578125, 154.26197814941406, 68.61438751220703, 111.38262939453125, 21.155534744262695], [1504.754150390625, -153.37728881835938, 1181.48681640625, 1714.6585693359375, 738.6858520507812, 397.523193359375, 270.3101501464844, 134.96490478515625, 62.83158493041992, 177.20074462890625, 46.15275955200195, -21.769195556640625, 59.66298294067383], [-1195.5782470703125, 384.8860778808594, 516.1170043945312, 738.6858520507812, 927.75, 413.49493408203125, 374.5487060546875, 118.7558822631836, 57.949031829833984, 61.465126037597656, 46.04121017456055, -35.002098083496094, 32.58357620239258], [82.74797058105469, -159.85186767578125, 480.1336364746094, 397.523193359375, 413.49493408203125, 593.4549560546875, 410.3315124511719, 188.1438751220703, 58.178279876708984, 90.51692962646484, 37.591915130615234, -21.91625213623047, -27.973270416259766], [-501.5948791503906, -15.63182258605957, 53.29448699951172, 270.3101501464844, 374.5487060546875, 410.3315124511719, 627.6399536132812, 229.70468139648438, 3.5743696689605713, 90.6884536743164, 55.926090240478516, -63.39146423339844, -19.85216522216797], [473.4136962890625, -160.2738800048828, 90.44823455810547, 134.96490478515625, 118.7558822631836, 188.1438751220703, 229.70468139648438, 270.2786865234375, 120.72142028808594, 81.42405700683594, 7.35989236831665, -20.041664123535156, -18.032207489013672], [81.26730346679688, 116.60733032226562, 160.014892578125, 62.83158493041992, 57.949031829833984, 58.178279876708984, 3.5743696689605713, 120.72142028808594, 228.16041564941406, 82.41370391845703, 18.881277084350586, 21.540727615356445, 14.467384338378906], [331.4407958984375, -141.13034057617188, 154.26197814941406, 177.20074462890625, 61.465126037597656, 90.51692962646484, 90.6884536743164, 81.42405700683594, 82.41370391845703, 165.03871154785156, 65.90066528320312, 15.484055519104004, 7.007551670074463], [-89.04296875, 136.5402374267578, 68.61438751220703, 46.15275955200195, 46.04121017456055, 37.591915130615234, 55.926090240478516, 7.35989236831665, 18.881277084350586, 65.90066528320312, 130.4917449951172, 48.582191467285156, 28.406200408935547], [45.59131622314453, 27.618114471435547, 111.38262939453125, -21.769195556640625, -35.002098083496094, -21.91625213623047, -63.39146423339844, -20.041664123535156, 21.540727615356445, 15.484055519104004, 48.582191467285156, 112.06957244873047, 45.85386276245117], [-136.82086181640625, 85.21344757080078, 21.155534744262695, 59.66298294067383, 32.58357620239258, -27.973270416259766, -19.85216522216797, -18.032207489013672, 14.467384338378906, 7.007551670074463, 28.406200408935547, 45.85386276245117, 93.53987121582031]], "lowlevel.gfcc.icov": [[0.0002061401173705235, -0.00018660670320969075, 9.738387598190457e-05, -0.00048352841986343265, 0.0007131113088689744, -0.0004543527611531317, 0.0005882966215722263, -0.0009131956030614674, 0.0006429580971598625, -0.00046633536112494767, 0.00030150299426168203, -0.00022914005967322737, 0.0002786954864859581], [-0.00018660670320969075, 0.0009052507230080664, -0.0005819825455546379, 0.000867158523760736, -0.0011560753919184208, 0.0013040672056376934, -0.0011755258310586214, 0.0015013687079772353, -0.0015968020306900144, 0.0017134654335677624, -0.0015248042764142156, 0.0010898588225245476, -0.0006390641210600734], [9.738387598190457e-05, -0.0005819825455546379, 0.0015132504049688578, -0.0012545057106763124, 0.0007201489061117172, -0.0017310112016275525, 0.001300873700529337, -0.000641264661680907, 0.0005109694320708513, -0.0009753417689353228, 0.0009493539691902697, -0.0020031852182000875, 0.0012022048467770219], [-0.00048352841986343265, 0.000867158523760736, -0.0012545057106763124, 0.002942001912742853, -0.0028101943898946047, 0.0018766566645354033, -0.001666298252530396, 0.002094597090035677, -0.001228111214004457, 0.0005292346468195319, -0.0010163745610043406, 0.002191600389778614, -0.0021151334512978792], [0.0007131113088689744, -0.0011560753919184208, 0.0007201489061117172, -0.0028101943898946047, 0.005237706005573273, -0.003025385783985257, 0.001551660243421793, -0.002815006300806999, 0.0019066380336880684, -0.0012863645097240806, 0.0014041755348443985, -0.0008887850563041866, 0.0005939516704529524], [-0.0004543527611531317, 0.0013040672056376934, -0.0017310112016275525, 0.0018766566645354033, -0.003025385783985257, 0.0068422951735556126, -0.00456456420943141, 0.002322541316971183, -0.0027460376732051373, 0.0023139622062444687, -0.0017074086936190724, 0.001051505678333342, 0.00017539074178785086], [0.0005882966215722263, -0.0011755258310586214, 0.001300873700529337, -0.001666298252530396, 0.001551660243421793, -0.00456456420943141, 0.0075882915407419205, -0.0065484014339745045, 0.005179031752049923, -0.0033123984467238188, 0.00011341110803186893, 0.00041633559158071876, 0.0003511609975248575], [-0.0009131956030614674, 0.0015013687079772353, -0.000641264661680907, 0.002094597090035677, -0.002815006300806999, 0.002322541316971183, -0.0065484014339745045, 0.01367227453738451, -0.008514990098774433, 0.0025027072988450527, -0.0006011161603964865, 0.0009689256548881531, -0.00013633772323373705], [0.0006429580971598625, -0.0015968020306900144, 0.0005109694320708513, -0.001228111214004457, 0.0019066380336880684, -0.0027460376732051373, 0.005179031752049923, -0.008514990098774433, 0.011922309175133705, -0.006637727376073599, 0.002984734484925866, -0.0016502731014043093, -0.00040893538971431553], [-0.00046633536112494767, 0.0017134654335677624, -0.0009753417689353228, 0.0005292346468195319, -0.0012863645097240806, 0.0023139622062444687, -0.0033123984467238188, 0.0025027072988450527, -0.006637727376073599, 0.014949003234505653, -0.008112928830087185, 0.0022655546199530363, -0.00018061103764921427], [0.00030150299426168203, -0.0015248042764142156, 0.0009493539691902697, -0.0010163745610043406, 0.0014041755348443985, -0.0017074086936190724, 0.00011341110803186893, -0.0006011161603964865, 0.002984734484925866, -0.008112928830087185, 0.015589039772748947, -0.007054480724036694, 4.232385253999382e-05], [-0.00022914005967322737, 0.0010898588225245476, -0.0020031852182000875, 0.002191600389778614, -0.0008887850563041866, 0.001051505678333342, 0.00041633559158071876, 0.0009689256548881531, -0.0016502731014043093, 0.0022655546199530363, -0.007054480724036694, 0.017780058085918427, -0.007861717604100704], [0.0002786954864859581, -0.0006390641210600734, 0.0012022048467770219, -0.0021151334512978792, 0.0005939516704529524, 0.00017539074178785086, 0.0003511609975248575, -0.00013633772323373705, -0.00040893538971431553, -0.00018061103764921427, 4.232385253999382e-05, -0.007861717604100704, 0.01656925305724144]], "lowlevel.mfcc.cov": [[12229.7529296875, -410.5646057128906, 800.58984375, 430.61517333984375, -148.2774658203125, -408.8523254394531, -423.392333984375, -87.13436889648438, -164.7782440185547, 130.6265869140625, 81.66426086425781, -203.65122985839844, -184.99688720703125], [-410.5646057128906, 2692.837890625, 328.1938781738281, -135.9055633544922, 133.6625518798828, -120.40101623535156, -207.6333770751953, 44.68164825439453, -55.340576171875, -129.86158752441406, -30.660860061645508, 35.21235656738281, -2.6559433937072754], [800.58984375, 328.1938781738281, 1511.7384033203125, 553.230712890625, 553.9144287109375, 375.53289794921875, 39.104026794433594, 117.14822387695312, -10.858100891113281, 88.5096435546875, 73.79315948486328, 28.224018096923828, 25.794017791748047], [430.61517333984375, -135.9055633544922, 553.230712890625, 1251.4072265625, 610.8257446289062, 450.3438415527344, 332.362548828125, 104.86283874511719, 90.71977996826172, 176.29806518554688, 84.47139739990234, -19.61064338684082, 17.008840560913086], [-148.2774658203125, 133.6625518798828, 553.9144287109375, 610.8257446289062, 758.11083984375, 398.96380615234375, 137.3034210205078, 141.94644165039062, 77.8795166015625, 148.16246032714844, 56.134429931640625, -5.159954071044922, 9.219592094421387], [-408.8523254394531, -120.40101623535156, 375.53289794921875, 450.3438415527344, 398.96380615234375, 568.9662475585938, 421.6048278808594, 198.75100708007812, 138.64675903320312, 184.5454559326172, 119.4890365600586, 56.90624237060547, 7.070691108703613], [-423.392333984375, -207.6333770751953, 39.104026794433594, 332.362548828125, 137.3034210205078, 421.6048278808594, 679.9844360351562, 266.3001708984375, 154.0710906982422, 216.56858825683594, 143.0229034423828, 80.72394561767578, 21.333847045898438], [-87.13436889648438, 44.68164825439453, 117.14822387695312, 104.86283874511719, 141.94644165039062, 198.75100708007812, 266.3001708984375, 288.076416015625, 154.89486694335938, 161.20364379882812, 89.00169372558594, 53.67100143432617, 19.640262603759766], [-164.7782440185547, -55.340576171875, -10.858100891113281, 90.71977996826172, 77.8795166015625, 138.64675903320312, 154.0710906982422, 154.89486694335938, 240.6355743408203, 155.51780700683594, 79.16852569580078, 66.1431884765625, 27.246213912963867], [130.6265869140625, -129.86158752441406, 88.5096435546875, 176.29806518554688, 148.16246032714844, 184.5454559326172, 216.56858825683594, 161.20364379882812, 155.51780700683594, 282.2470397949219, 144.02694702148438, 58.47938919067383, 27.12303352355957], [81.66426086425781, -30.660860061645508, 73.79315948486328, 84.47139739990234, 56.134429931640625, 119.4890365600586, 143.0229034423828, 89.00169372558594, 79.16852569580078, 144.02694702148438, 189.72103881835938, 68.77042388916016, 18.660327911376953], [-203.65122985839844, 35.21235656738281, 28.224018096923828, -19.61064338684082, -5.159954071044922, 56.90624237060547, 80.72394561767578, 53.67100143432617, 66.1431884765625, 58.47938919067383, 68.77042388916016, 128.08163452148438, 52.41703796386719], [-184.99688720703125, -2.6559433937072754, 25.794017791748047, 17.008840560913086, 9.219592094421387, 7.070691108703613, 21.333847045898438, 19.640262603759766, 27.246213912963867, 27.12303352355957, 18.660327911376953, 52.41703796386719, 99.33714294433594]], "lowlevel.mfcc.icov": [[0.00010838069283636287, 2.41321340581635e-05, -9.390488412464038e-05, -9.521628089714795e-05, 0.00010908695549005643, 0.00015732779866084456, 7.389610254904255e-05, -8.721708582015708e-05, 7.39895403967239e-05, -0.00015964517660904676, -6.984578794799745e-05, 7.933405140647665e-05, 0.00021777581423521042], [2.41321340581635e-05, 0.0004423542704898864, -0.00011385740072000772, 4.194253051537089e-05, -0.00018925935728475451, 0.000286947179120034, 6.039125582901761e-05, -0.00032215542159974575, 4.475473542697728e-05, 0.0003246425767429173, -0.00011558805999811739, -0.00027900421991944313, 0.00019503579824231565], [-9.390488412464038e-05, -0.00011385740072000772, 0.00122368847951293, -0.00023059821978677064, -0.0002836967760231346, -0.0010099526261910796, 0.000754851964302361, -0.0006111517432145774, 0.0007797165308147669, 8.196270937332883e-05, -0.00010764529724838212, -0.0004283064336050302, -0.0003892640525009483], [-9.521628089714795e-05, 4.194253051537089e-05, -0.00023059821978677064, 0.0018153219716623425, -0.0012885751202702522, 6.999388460826594e-06, -0.0010990615701302886, 0.0012454874813556671, -0.000624102889560163, 8.248182712122798e-05, -0.00010882635251618922, 0.0008745664381422102, -0.0006106456276029348], [0.00010908695549005643, -0.00018925935728475451, -0.0002836967760231346, -0.0012885751202702522, 0.003940796013921499, -0.002438873518258333, 0.001962479902431369, -0.001421938301064074, 0.000744445831514895, -0.0012309078592807055, 0.0005781734362244606, 0.0006175395101308823, -0.00014265514619182795], [0.00015732779866084456, 0.000286947179120034, -0.0010099526261910796, 6.999388460826594e-06, -0.002438873518258333, 0.007110755890607834, -0.0036426731385290623, 0.000824293470941484, -0.001451333868317306, 0.00045920300181023777, -0.0006877602427266538, -0.000684211088810116, 0.0016641895053908229], [7.389610254904255e-05, 6.039125582901761e-05, 0.000754851964302361, -0.0010990615701302886, 0.001962479902431369, -0.0036426731385290623, 0.005278939381241798, -0.0033736485056579113, 0.0016913909930735826, -0.0010170037858188152, -0.00016463847714476287, -0.0007667007157579064, -8.890215212886687e-06], [-8.721708582015708e-05, -0.00032215542159974575, -0.0006111517432145774, 0.0012454874813556671, -0.001421938301064074, 0.000824293470941484, -0.0033736485056579113, 0.009082562290132046, -0.00376683846116066, -0.0011756336316466331, 8.288426761282608e-05, 0.0007174088386818767, -0.0002634730190038681], [7.39895403967239e-05, 4.475473542697728e-05, 0.0007797165308147669, -0.000624102889560163, 0.000744445831514895, -0.001451333868317306, 0.0016913909930735826, -0.00376683846116066, 0.008988123387098312, -0.0033007666934281588, 0.000820798275526613, -0.0025951534043997526, 0.00011027674190700054], [-0.00015964517660904676, 0.0003246425767429173, 8.196270937332883e-05, 8.248182712122798e-05, -0.0012309078592807055, 0.00045920300181023777, -0.0010170037858188152, -0.0011756336316466331, -0.0033007666934281588, 0.009623841382563114, -0.004659786820411682, 0.0007720414432696998, -0.0010460346238687634], [-6.984578794799745e-05, -0.00011558805999811739, -0.00010764529724838212, -0.00010882635251618922, 0.0005781734362244606, -0.0006877602427266538, -0.00016463847714476287, 8.288426761282608e-05, 0.000820798275526613, -0.004659786820411682, 0.01022558007389307, -0.003920492250472307, 0.0011227232171222568], [7.933405140647665e-05, -0.00027900421991944313, -0.0004283064336050302, 0.0008745664381422102, 0.0006175395101308823, -0.000684211088810116, -0.0007667007157579064, 0.0007174088386818767, -0.0025951534043997526, 0.0007720414432696998, -0.003920492250472307, 0.014398165978491306, -0.006244035437703133], [0.00021777581423521042, 0.00019503579824231565, -0.0003892640525009483, -0.0006106456276029348, -0.00014265514619182795, 0.0016641895053908229, -8.890215212886687e