{"song_id": "1183698255415103558", "download": "https://cdn.discordapp.com/attachments/1135911532732108921/1183698255415103558/chirp.mp4?ex=658947e8&amp", "lyrics": "[Verse]\nI'm hungry, check the time, it's food o'clock\nGot my appetite ready, stomach's on lock\nI'm on a mission, searching for some flavors\nGonna satisfy this hunger, no time for haters\n\n[Chorus]\nFood, glorious food, ready to devour\nStepping up my game, I won't settle for sour\nBring on the feast, taste buds in a trance\nEating good, living life, taking every chance", "style": ["hip hop"], "essentia_features": {"lowlevel.average_loudness": 0.9617442488670349, "lowlevel.barkbands_crest.mean": 17.071929931640625, "lowlevel.barkbands_crest.stdev": 3.441929578781128, "lowlevel.barkbands_flatness_db.mean": 0.36400461196899414, "lowlevel.barkbands_flatness_db.stdev": 0.11083520203828812, "lowlevel.barkbands_kurtosis.mean": 85.7153549194336, "lowlevel.barkbands_kurtosis.stdev": 100.57879638671875, "lowlevel.barkbands_skewness.mean": 5.845712661743164, "lowlevel.barkbands_skewness.stdev": 3.850327491760254, "lowlevel.barkbands_spread.mean": 9.688506126403809, "lowlevel.barkbands_spread.stdev": 17.654876708984375, "lowlevel.dissonance.mean": 0.4435352087020874, "lowlevel.dissonance.stdev": 0.051695454865694046, "lowlevel.dynamic_complexity": 2.9053592681884766, "lowlevel.erbbands_crest.mean": 11.046311378479004, "lowlevel.erbbands_crest.stdev": 4.315075874328613, "lowlevel.erbbands_flatness_db.mean": 0.18580764532089233, "lowlevel.erbbands_flatness_db.stdev": 0.046192716807127, "lowlevel.erbbands_kurtosis.mean": 2.8806979656219482, "lowlevel.erbbands_kurtosis.stdev": 5.81850528717041, "lowlevel.erbbands_skewness.mean": 0.19343188405036926, "lowlevel.erbbands_skewness.stdev": 1.6214789152145386, "lowlevel.erbbands_spread.mean": 50.714576721191406, "lowlevel.erbbands_spread.stdev": 38.593135833740234, "lowlevel.hfc.mean": 20.444232940673828, "lowlevel.hfc.stdev": 25.000938415527344, "lowlevel.loudness_ebu128.integrated": -14.837625503540039, "lowlevel.loudness_ebu128.loudness_range": 1.6920433044433594, "lowlevel.loudness_ebu128.momentary.mean": -15.61799144744873, "lowlevel.loudness_ebu128.momentary.stdev": 2.9090006351470947, "lowlevel.loudness_ebu128.short_term.mean": -14.855400085449219, "lowlevel.loudness_ebu128.short_term.stdev": 0.5884984731674194, "lowlevel.melbands_crest.mean": 34.35353469848633, "lowlevel.melbands_crest.stdev": 6.645280361175537, "lowlevel.melbands_flatness_db.mean": 0.4434927999973297, "lowlevel.melbands_flatness_db.stdev": 0.13645851612091064, "lowlevel.melbands_kurtosis.mean": 437.0825500488281, "lowlevel.melbands_kurtosis.stdev": 666.8258056640625, "lowlevel.melbands_skewness.mean": 13.168004035949707, "lowlevel.melbands_skewness.stdev": 10.414290428161621, "lowlevel.melbands_spread.mean": 9.381261825561523, "lowlevel.melbands_spread.stdev": 26.44869041442871, "lowlevel.pitch_salience.mean": 0.18887610733509064, "lowlevel.pitch_salience.stdev": 0.15420955419540405, "lowlevel.silence_rate_20dB.mean": 0.8567774891853333, "lowlevel.silence_rate_20dB.stdev": 0.35030028223991394, "lowlevel.silence_rate_30dB.mean": 0.3060528635978699, "lowlevel.silence_rate_30dB.stdev": 0.46085458993911743, "lowlevel.silence_rate_60dB.mean": 0.01619778387248516, "lowlevel.silence_rate_60dB.stdev": 0.12623587250709534, "lowlevel.spectral_centroid.mean": 1255.135498046875, "lowlevel.spectral_centroid.stdev": 1289.8612060546875, "lowlevel.spectral_complexity.mean": 8.043478012084961, "lowlevel.spectral_complexity.stdev": 10.003021240234375, "lowlevel.spectral_decrease.mean": -4.710128465035268e-08, "lowlevel.spectral_decrease.stdev": 3.4642365420722854e-08, "lowlevel.spectral_energy.mean": 0.17962539196014404, "lowlevel.spectral_energy.stdev": 0.1314600110054016, "lowlevel.spectral_energyband_high.mean": 0.0010165019193664193, "lowlevel.spectral_energyband_high.stdev": 0.0021821497939527035, "lowlevel.spectral_energyband_low.mean": 0.16861370205879211, "lowlevel.spectral_energyband_low.stdev": 0.12805692851543427, "lowlevel.spectral_energyband_middle_high.mean": 0.002644703257828951, "lowlevel.spectral_energyband_middle_high.stdev": 0.006795994471758604, "lowlevel.spectral_energyband_middle_low.mean": 0.0053355079144239426, "lowlevel.spectral_energyband_middle_low.stdev": 0.013032755814492702, "lowlevel.spectral_entropy.mean": 7.321284294128418, "lowlevel.spectral_entropy.stdev": 0.7110783457756042, "lowlevel.spectral_flux.mean": 0.09818438440561295, "lowlevel.spectral_flux.stdev": 0.09987182915210724, "lowlevel.spectral_kurtosis.mean": 5.2036824226379395, "lowlevel.spectral_kurtosis.stdev": 5.326685905456543, "lowlevel.spectral_rms.mean": 0.012110983952879906, "lowlevel.spectral_rms.stdev": 0.005344939883798361, "lowlevel.spectral_rolloff.mean": 532.123291015625, "lowlevel.spectral_rolloff.stdev": 1660.95654296875, "lowlevel.spectral_skewness.mean": 1.6110410690307617, "lowlevel.spectral_skewness.stdev": 0.9425122141838074, "lowlevel.spectral_spread.mean": 4976334.5, "lowlevel.spectral_spread.stdev": 2544595.5, "lowlevel.spectral_strongpeak.mean": 0.6499921083450317, "lowlevel.spectral_strongpeak.stdev": 0.36793261766433716, "lowlevel.zerocrossingrate.mean": 0.02247425727546215, "lowlevel.zerocrossingrate.stdev": 0.04483568295836449, "metadata.audio_properties.analysis.equal_loudness": 0.0, "metadata.audio_properties.analysis.length": 27.19997787475586, "metadata.audio_properties.analysis.sample_rate": 44100.0, "metadata.audio_properties.analysis.start_time": 0.0, "metadata.audio_properties.bit_rate": 120768.0, "metadata.audio_properties.length": 27.200000762939453, "metadata.audio_properties.lossless": 0.0, "metadata.audio_properties.number_channels": 1.0, "metadata.audio_properties.replay_gain": -9.414873123168945, "metadata.audio_properties.sample_rate": 48000.0, "rhythm.beats_count": 63.0, "rhythm.beats_loudness.mean": 0.19405364990234375, "rhythm.beats_loudness.stdev": 0.1493486911058426, "rhythm.bpm": 140.01077270507812, "rhythm.bpm_histogram_first_peak_bpm": 140.0, "rhythm.bpm_histogram_first_peak_weight": 0.30645161867141724, "rhythm.bpm_histogram_second_peak_bpm": 0.0, "rhythm.bpm_histogram_second_peak_spread": 0.0, "rhythm.bpm_histogram_second_peak_weight": 0.0, "rhythm.danceability": 1.1106945276260376, "rhythm.onset_rate": 5.181197166442871, "tonal.chords_changes_rate": 0.1158432736992836, "tonal.chords_number_rate": 0.010221465490758419, "tonal.chords_strength.mean": 0.49563270807266235, "tonal.chords_strength.stdev": 0.0545053631067276, "tonal.hpcp_crest.mean": 13.108795166015625, "tonal.hpcp_crest.stdev": 5.639266490936279, "tonal.hpcp_entropy.mean": 2.094970703125, "tonal.hpcp_entropy.stdev": 0.7564318776130676, "tonal.key_edma.strength": 0.5699970126152039, "tonal.key_krumhansl.strength": 0.5565026998519897, "tonal.key_temperley.strength": 0.5505762100219727, "tonal.tuning_diatonic_strength": 0.5315036177635193, "tonal.tuning_equal_tempered_deviation": 0.30601465702056885, "tonal.tuning_frequency": 434.193115234375, "tonal.tuning_nontempered_energy_ratio": 0.9499751925468445, "lowlevel.barkbands.mean": [0.045054949820041656, 0.12195819616317749, 0.003713115118443966, 0.0012737021315842867, 0.0007931032450869679, 0.001297284266911447, 0.00093759287847206, 0.0005063170101493597, 0.00037247713771648705, 0.0004132425528950989, 0.0002655552525538951, 0.0003740283427760005, 0.0004028417752124369, 0.0002009646559599787, 0.00018785608699545264, 0.00020769999537151307, 0.0002143270248780027, 0.0001730123331071809, 0.0001837714808061719, 0.00015876682300586253, 0.0001892673026304692, 0.0002079047990264371, 0.00028564519016072154, 0.00020960575784556568, 4.014719161204994e-05, 4.112597252969863e-06, 2.771675511326066e-08], "lowlevel.barkbands.stdev": [0.03245549649000168, 0.10099183768033981, 0.015568106435239315, 0.00779450498521328, 0.004190824925899506, 0.002948538400232792, 0.001998024759814143, 0.0018718349747359753, 0.0012788448948413134, 0.001680212328210473, 0.0008043572888709605, 0.0011307004606351256, 0.0013149111764505506, 0.0006586157833226025, 0.0005922492709942162, 0.0007306825718842447, 0.0007312305388040841, 0.0009002344449982047, 0.0008147003827616572, 0.0006192571599967778, 0.0005897480878047645, 0.0004987475695088506, 0.000636718759778887, 0.0005181330488994718, 8.06837560958229e-05, 1.1514491234265734e-05, 2.631803397434851e-07], "lowlevel.erbbands.mean": [7.89509391784668, 10.029542922973633, 4.9303741455078125, 4.700544357299805, 3.6382813453674316, 2.2921175956726074, 5.347733497619629, 11.898585319519043, 7.044399738311768, 21.84305191040039, 7.642316818237305, 9.761749267578125, 12.466418266296387, 9.394829750061035, 12.322830200195312, 16.063634872436523, 18.188974380493164, 11.71968936920166, 9.84012222290039, 11.178937911987305, 11.277085304260254, 12.097716331481934, 9.192827224731445, 9.75888442993164, 8.796717643737793, 7.658083915710449, 7.795279026031494, 7.149136066436768, 7.936610698699951, 7.072189807891846, 8.043946266174316, 5.586417198181152, 2.8467748165130615, 0.7589189410209656, 0.14891158044338226, 0.030637921765446663, 0.005969490855932236, 0.000417757430113852, 9.62104822974652e-05, 0.0001978143263841048], "lowlevel.erbbands.stdev": [6.030755996704102, 14.257550239562988, 18.065988540649414, 24.272592544555664, 19.839439392089844, 11.905401229858398, 11.662845611572266, 30.523019790649414, 16.61370849609375, 48.604278564453125, 22.991382598876953, 36.096046447753906, 50.104068756103516, 31.155086517333984, 36.03509521484375, 46.95502471923828, 60.55637741088867, 35.645751953125, 30.926250457763672, 35.6480712890625, 36.950313568115234, 41.75640106201172, 44.31592559814453, 47.15111541748047, 37.17561721801758, 30.62034797668457, 25.98135757446289, 20.794530868530273, 19.200532913208008, 16.030899047851562, 18.036067962646484, 13.825068473815918, 7.189528465270996, 1.5800472497940063, 0.31633511185646057, 0.0825163945555687, 0.01671205647289753, 0.0013980630319565535, 7.606518920511007e-05, 0.0001417275343555957], "lowlevel.gfcc.mean": [-78.55500793457031, 104.8199691772461, -80.48621368408203, 55.552978515625, -39.24964141845703, 41.782772064208984, -15.096872329711914, 13.259736061096191, 15.782408714294434, 8.401226043701172, 15.01642894744873, 2.352865219116211, 4.882123947143555], "lowlevel.melbands.mean": [0.05077970027923584, 0.004969231318682432, 0.000777911045588553, 0.00020817438780795783, 0.00016626683645881712, 0.0002543898008298129, 0.0001329775550402701, 0.00022080278722569346, 5.589346255874261e-05, 5.784989116364159e-05, 6.267586286412552e-05, 3.891899177688174e-05, 3.966081203543581e-05, 4.1819122998276725e-05, 4.427917883731425e-05, 3.5404329537414014e-05, 1.999453888856806e-05, 1.558021904202178e-05, 1.5081467608979438e-05, 1.4799398741160985e-05, 1.2755549505527597e-05, 1.3358258911466692e-05, 9.19661033549346e-06, 7.787895810906775e-06, 7.90418289398076e-06, 6.937848866073182e-06, 5.707896434614668e-06, 4.8242795855912846e-06, 4.795247605215991e-06, 4.461201115191216e-06, 4.089819867658662e-06, 4.588639967550989e-06, 3.859081516566221e-06, 4.203972821414936e-06, 4.679993253375869e-06, 4.487023034016602e-06, 3.020167469003354e-06, 2.246653593829251e-06, 1.112021777771588e-06, 4.7284549964388134e-07], "lowlevel.melbands.stdev": [0.03850504755973816, 0.011228355579078197, 0.003988452721387148, 0.0011164763709530234, 0.000376205425709486, 0.0006252163439057767, 0.0002902017149608582, 0.0005192829994484782, 0.00016363142640329897, 0.00022302086290437728, 0.0002579579595476389, 0.0001422238419763744, 0.00012041330774081871, 0.0001288609200855717, 0.00013852053962182254, 0.00011955587979173288, 6.48629356874153e-05, 5.052582855569199e-05, 4.885981616098434e-05, 5.253272320260294e-05, 4.1389088437426835e-05, 4.5512897486332804e-05, 3.995704173576087e-05, 4.1530416638124734e-05, 3.84664635930676e-05, 3.135105725959875e-05, 2.282748573634308e-05, 2.002202563744504e-05, 1.6588945072726347e-05, 1.4637816093454603e-05, 1.1677851944114082e-05, 1.1247931070101913e-05, 9.524984307063278e-06, 9.89987347566057e-06, 1.0717139048210811e-05, 1.0672889402485453e-05, 7.95398864283925e-06, 5.813863481307635e-06, 2.7526921257958747e-06, 9.643913472245913e-07], "lowlevel.melbands128.mean": [0.04215889796614647, 0.08524346351623535, 0.04136999696493149, 0.00986343715339899, 0.0025257072411477566, 0.0017306548543274403, 0.0009854888776317239, 0.0005521215498447418, 0.0003455476544331759, 0.00021917233243584633, 9.94833026197739e-05, 5.534035881282762e-05, 0.0001216338059748523, 0.00038266979390755296, 0.0003674277104437351, 0.00012054075341438875, 4.92452054459136e-05, 9.665314428275451e-05, 0.0002828578290063888, 0.0003071909595746547, 0.00016303377924486995, 5.3746862249681726e-05, 3.308992745587602e-05, 6.393042713170871e-05, 8.08301629149355e-05, 4.5614367991220206e-05, 2.9839546186849475e-05, 8.044901915127411e-05, 7.800860475981608e-05, 3.740410102182068e-05, 2.4537639546906576e-05, 3.884068064508028e-05, 4.499364149523899e-05, 3.413917511352338e-05, 4.311478915042244e-05, 4.450637425179593e-05, 3.976978769060224e-05, 4.48965365649201e-05, 4.7374811401823536e-05, 4.112979877390899e-05, 3.314375499030575e-05, 2.6977446395903826e-05, 1.7303183994954452e-05, 1.9352113667991944e-05, 1.7191385268233716e-05, 1.317523310717661e-05, 1.5763722331030294e-05, 1.5737241483293474e-05, 1.3227921044745017e-05, 1.7220583686139435e-05, 1.4165178072289564e-05, 1.4191966329235584e-05, 1.2096052159904502e-05, 1.2374711332086008e-05, 1.3943978956376668e-05, 1.5266121408785693e-05, 1.1052346053475048e-05, 9.053369467437733e-06, 9.50402500166092e-06, 7.473296136595309e-06, 7.050882686598925e-06, 8.518317372363526e-06, 8.257517038146034e-06, 7.74945510784164e-06, 7.366103545791702e-06, 7.512638603657251e-06, 6.090872830100125e-06, 5.879658147023292e-06, 5.493579465110088e-06, 5.781161235063337e-06, 4.856274699704954e-06, 4.3271397771604825e-06, 4.337953214417212e-06, 5.175780188437784e-06, 4.889625870418968e-06, 4.7963189899746794e-06, 4.232359515299322e-06, 3.5571647458709776e-06, 4.347287358541507e-06, 4.009149961348157e-06, 4.756355792778777e-06, 4.8882288865570445e-06, 4.3013374124711845e-06, 3.987594936916139e-06, 3.1573251817462733e-06, 3.221610313630663e-06, 4.69583483209135e-06, 5.965954187558964e-06, 4.0057007026916835e-06, 4.070005161338486e-06, 5.892798981221858e-06, 3.970789293816779e-06, 3.6726689813804114e-06, 2.997597903231508e-06, 2.7273663363303058e-06, 2.341428626095876e-06, 2.372822564211674e-06, 1.7438842405681498e-06, 1.1204900829397957e-06, 7.832170467736432e-07, 6.186970722410479e-07, 4.102365664948593e-07, 3.221762483462953e-07, 2.190295731452352e-07, 1.2115506820009614e-07, 9.422988966889534e-08, 7.888397846045336e-08, 6.577702293952825e-08, 4.6295003386376266e-08, 2.946255150959587e-08, 2.9440062832009062e-08, 1.7212080649642303e-08, 2.1333017130586995e-08, 1.1078949313514386e-08, 6.261939855534138e-09, 2.387467334941107e-09, 7.643197186268935e-10, 1.7467279012084447e-10, 5.896468036059588e-11, 5.505860004029195e-11, 2.5496296046645384e-11, 1.907913757537294e-11, 1.8547368502153105e-11, 1.825116273390659e-11, 1.7937488300256987e-11, 1.760658979721441e-11, 1.7404785945807077e-11, 1.7303391358636233e-11], "lowlevel.melbands128.stdev": [0.03041106089949608, 0.0647326335310936, 0.03956422582268715, 0.02012575790286064, 0.010661615990102291, 0.0072903139516711235, 0.005378777626901865, 0.0032940017990767956, 0.0019189325394108891, 0.0012460040161386132, 0.0005652928375639021, 0.00028146622935310006, 0.0003236144839320332, 0.0009112457628361881, 0.0010339905275031924, 0.00047096010530367494, 0.0002847086580004543, 0.00027781238895840943, 0.0006535816937685013, 0.000764334574341774, 0.0006892385426908731, 0.000302872562315315, 0.00012341684487182647, 0.00021100933372508734, 0.00035944790579378605, 0.0002847745199687779, 0.00015696175978519022, 0.0004169111780356616, 0.000380843150196597, 0.00024526999914087355, 9.128691453952342e-05, 0.0001482326624682173, 0.00017765021766535938, 0.00013030660920776427, 0.00016574887558817863, 0.0001579860836500302, 0.00014810499851591885, 0.0001629846665309742, 0.00019713367510121316, 0.00020611134823411703, 0.0001306128251599148, 0.00010478981857886538, 6.140562618384138e-05, 7.984683907125145e-05, 6.621139618800953e-05, 4.8016798245953396e-05, 6.004355236655101e-05, 6.228288111742586e-05, 4.78580295748543e-05, 6.48092755000107e-05, 5.8433113736100495e-05, 5.804436659673229e-05, 4.548543438431807e-05, 4.3849384383065626e-05, 4.84037991554942e-05, 5.857135329279117e-05, 4.154888665652834e-05, 3.9829465094953775e-05, 5.035426147514954e-05, 4.14468850067351e-05, 4.034474477521144e-05, 5.006108767702244e-05, 4.813170380657539e-05, 3.7262016121530905e-05, 3.498270598356612e-05, 3.799378464464098e-05, 2.8986818506382406e-05, 2.6034698748844676e-05, 2.3124921426642686e-05, 2.443732591927983e-05, 2.467154808982741e-05, 1.856815470091533e-05, 1.6122621673275717e-05, 1.8697000996326096e-05, 1.7488773664808832e-05, 1.6282654542010278e-05, 1.541009987704456e-05, 1.2274096661712974e-05, 1.3190053323342e-05, 1.13779669845826e-05, 1.258069369214354e-05, 1.272447934752563e-05, 1.2239888746989891e-05, 1.0244822988170199e-05, 8.195957889256533e-06, 9.31330487219384e-06, 1.2768090527970344e-05, 1.4958346582716331e-05, 1.0193954040005337e-05, 9.942295946530066e-06, 1.4689009731227998e-05, 1.0570606718829367e-05, 9.977692570828367e-06, 8.701265869603958e-06, 8.096670171653386e-06, 6.358851805998711e-06, 6.374190888891462e-06, 4.939139216730837e-06, 3.0750463793083327e-06, 1.7208963072334882e-06, 1.3017040600971086e-06, 9.274009471482714e-07, 8.52739162837679e-07, 5.224644610279938e-07, 3.0714645049556566e-07, 2.6690801746553916e-07, 2.3806163085282606e-07, 2.102570277884297e-07, 1.6081881426543987e-07, 9.492452335280177e-08, 1.1195690774457034e-07, 5.8736144836757376e-08, 7.3222018670549e-08, 3.3155405532170334e-08, 2.387658959435157e-08, 1.347259992456884e-08, 6.472693492298731e-09, 3.256260594497462e-09, 1.105265101664088e-09, 1.0870248035033114e-09, 1.6554879689323343e-10, 2.6543271053336426e-11, 2.6005307282583878e-11, 2.556820553889505e-11, 2.5202921347111662e-11, 2.4903705833634326e-11, 2.468886380058155e-11, 2.4556587666091367e-11], "lowlevel.mfcc.mean": [-726.2057495117188, 124.01653289794922, 36.074886322021484, 26.788558959960938, 24.116310119628906, 30.507936477661133, 5.680661678314209, 19.423582077026367, 10.777739524841309, 12.726439476013184, 17.004873275756836, 20.364723205566406, 17.614105224609375], "lowlevel.spectral_contrast_coeffs.mean": [-0.7199761867523193, -0.7380145788192749, -0.8076348900794983, -0.8104439973831177, -0.8018650412559509, -0.7719150185585022], "lowlevel.spectral_contrast_coeffs.stdev": [0.06722644716501236, 0.09342451393604279, 0.07022493332624435, 0.058582838624715805, 0.05442997068166733, 0.048015665262937546], "lowlevel.spectral_contrast_valleys.mean": [-7.135121822357178, -7.765268802642822, -8.304388999938965, -8.441132545471191, -8.784805297851562, -10.75929069519043], "lowlevel.spectral_contrast_valleys.stdev": [0.9359838366508484, 0.8734747171401978, 0.8731001019477844, 0.8600096702575684, 1.0477948188781738, 1.3217716217041016], "rhythm.beats_loudness_band_ratio.mean": [0.8852880597114563, 0.015604749321937561, 0.028989115729928017, 0.025181112810969353, 0.023607445880770683, 0.024376632645726204], "rhythm.beats_loudness_band_ratio.stdev": [0.16271153092384338, 0.0344332754611969, 0.08321326971054077, 0.04047967121005058, 0.054871879518032074, 0.0499739795923233], "tonal.hpcp.mean": [0.024337150156497955, 0.01892702654004097, 0.01881994679570198, 0.03242736682295799, 0.03489021211862564, 0.0327555350959301, 0.03068259172141552, 0.02436567284166813, 0.01900588348507881, 0.012151294387876987, 0.013794785365462303, 0.0614510178565979, 0.1431487500667572, 0.11000735312700272, 0.024841824546456337, 0.01688431389629841, 0.021515902131795883, 0.02139686606824398, 0.12145295739173889, 0.5164612531661987, 0.5068222880363464, 0.13372981548309326, 0.07170448452234268, 0.06065502017736435, 0.03968324139714241, 0.028549913316965103, 0.024405591189861298, 0.024208486080169678, 0.01579893007874489, 0.007674200925976038, 0.008527973666787148, 0.012122106738388538, 0.012621006928384304, 0.014546058140695095, 0.016566673293709755, 0.02030705101788044], "tonal.hpcp.stdev": [0.13456912338733673, 0.10947350412607193, 0.10660071671009064, 0.14666597545146942, 0.1383453756570816, 0.13212913274765015, 0.1367073357105255, 0.11133760213851929, 0.10439179092645645, 0.07316166162490845, 0.07935585081577301, 0.17367002367973328, 0.3338125944137573, 0.26472824811935425, 0.12031102925539017, 0.09144202619791031, 0.12388782203197479, 0.1076367124915123, 0.22282661497592926, 0.4493839740753174, 0.4319951832294464, 0.2494344711303711, 0.2190372794866562, 0.1998569816350937, 0.16427020728588104, 0.12579068541526794, 0.12801216542720795, 0.12013861536979675, 0.09803292900323868, 0.04612026363611221, 0.05596247687935829, 0.07131855934858322, 0.0738469660282135, 0.09118183702230453, 0.09357526898384094, 0.1109708771109581], "rhythm.beats_position": [0.42956915497779846, 0.847528338432312, 1.277097463607788, 1.7182766199111938, 2.1594557762145996, 2.5774149894714355, 3.006983995437622, 3.4365532398223877, 3.8661224842071533, 4.29569149017334, 4.736870765686035, 5.154829978942871, 5.572789192199707, 6.0023579597473145, 6.43192720413208, 6.861496448516846, 7.291065692901611, 7.720634937286377, 8.150203704833984, 8.57977294921875, 9.009342193603516, 9.438911437988281, 9.868480682373047, 10.286439895629883, 10.727619171142578, 11.145578384399414, 11.57514762878418, 12.004715919494629, 12.445895195007324, 12.86385440826416, 13.305033683776855, 13.734602928161621, 14.164172172546387, 14.605351448059082, 15.023310661315918, 15.441269874572754, 15.85922908782959, 16.28879737854004, 16.718366622924805, 17.14793586730957, 17.577505111694336, 18.0070743560791, 18.436643600463867, 18.866212844848633, 19.2957820892334, 19.725351333618164, 20.15492057800293, 20.584489822387695, 21.01405906677246, 21.443628311157227, 21.873197555541992, 22.291156768798828, 22.720726013183594, 23.15029525756836, 23.579862594604492, 24.009431838989258, 24.439001083374023, 24.86857032775879, 25.298139572143555, 25.72770881652832, 26.145668029785156, 26.575237274169922, 27.004806518554688], "rhythm.bpm_histogram": [0.0, 0.0, 0.0, 0.0, 0.0, 0.0, 0.0, 0.0, 0.0, 0.0, 0.0, 0.0, 0.0, 0.0, 0.0, 0.0, 0.0, 0.0, 0.0, 0.0, 0.0, 0.0, 0.0, 0.0, 0.0, 0.0, 0.0, 0.0, 0.0, 0.0, 0.0, 0.0, 0.0, 0.0, 0.0, 0.0, 0.0, 0.0, 0.0, 0.0, 0.0, 0.0, 0.0, 0.0, 0.0, 0.0, 0.0, 0.0, 0.0, 0.0, 0.0, 0.0, 0.0, 0.0, 0.0, 0.0, 0.0, 0.0, 0.0, 0.0, 0.0, 0.0, 0.0, 0.0, 0.0, 0.0, 0.0, 0.0, 0.0, 0.0, 0.0, 0.0, 0.0, 0.0, 0.0, 0.0, 0.0, 0.0, 0.0, 0.0, 0.0, 0.0, 0.0, 0.0, 0.0, 0.0, 0.0, 0.0, 0.0, 0.0, 0.0, 0.0, 0.0, 0.0, 0.0, 0.0, 0.0, 0.0, 0.0, 0.0, 0.0, 0.0, 0.0, 0.0, 0.0, 0.0, 0.0, 0.0, 0.0, 0.0, 0.0, 0.0, 0.0, 0.0, 0.0, 0.0, 0.0, 0.0, 0.0, 0.0, 0.0, 0.0, 0.0, 0.0, 0.0, 0.0, 0.0, 0.0, 0.0, 0.0, 0.0, 0.0, 0.0, 0.0, 0.0, 0.0, 0.11290322244167328, 0.0, 0.0, 0.0, 0.6935483813285828, 0.0, 0.0, 0.0, 0.19354838132858276, 0.0, 0.0, 0.0, 0.0, 0.0, 0.0, 0.0, 0.0, 0.0, 0.0, 0.0, 0.0, 0.0, 0.0, 0.0, 0.0, 0.0, 0.0, 0.0, 0.0, 0.0, 0.0, 0.0, 0.0, 0.0, 0.0, 0.0, 0.0, 0.0, 0.0, 0.0, 0.0, 0.0, 0.0, 0.0, 0.0, 0.0, 0.0, 0.0, 0.0, 0.0, 0.0, 0.0, 0.0, 0.0, 0.0, 0.0, 0.0, 0.0, 0.0, 0.0, 0.0, 0.0, 0.0, 0.0, 0.0, 0.0, 0.0, 0.0, 0.0, 0.0, 0.0, 0.0, 0.0, 0.0, 0.0, 0.0, 0.0, 0.0, 0.0, 0.0, 0.0, 0.0, 0.0, 0.0, 0.0, 0.0, 0.0, 0.0, 0.0, 0.0, 0.0, 0.0, 0.0, 0.0, 0.0, 0.0, 0.0, 0.0, 0.0, 0.0, 0.0, 0.0, 0.0, 0.0, 0.0, 0.0, 0.0, 0.0, 0.0, 0.0, 0.0, 0.0, 0.0, 0.0], "tonal.chords_histogram": [26.40545082092285, 3.236797332763672, 0.0, 0.0, 0.0, 0.3407154977321625, 0.0, 29.301532745361328, 29.131175994873047, 0.5110732316970825, 0.0, 0.0, 0.0, 0.0, 0.0, 2.7257239818573, 0.0, 0.0, 0.0, 0.0, 0.0, 0.0, 8.347529411315918, 0.0], "tonal.thpcp": [1.0, 0.9813365340232849, 0.2589348554611206, 0.13883806765079498, 0.1174435093998909, 0.07683682441711426, 0.05527987331151962, 0.047255415469408035, 0.04687377065420151, 0.030590737238526344, 0.014859199523925781, 0.016512319445610046, 0.023471474647521973, 0.024437470361590385, 0.028164857998490334, 0.032077282667160034, 0.03931960090994835, 0.04712289571762085, 0.03664752468466759, 0.03644018992781639, 0.06278760731220245, 0.06755629926919937, 0.0634230226278305, 0.05940927937626839, 0.04717812314629555, 0.036800213158130646, 0.02352798916399479, 0.026710204780101776, 0.11898475885391235, 0.2771722972393036, 0.21300214529037476, 0.048100072890520096, 0.0326923131942749, 0.04166024550795555, 0.04142976179718971, 0.23516373336315155], "lowlevel.gfcc.cov": [[6043.337890625, -779.2990112304688, -927.2711181640625, 493.78662109375, -836.4381713867188, 9.290821075439453, -516.3642578125, 158.06434631347656, -247.60214233398438, 28.818862915039062, -227.90328979492188, 105.58429718017578, -141.42286682128906], [-779.2990112304688, 3101.18310546875, -180.83522033691406, -1114.956298828125, 900.6931762695312, -590.0656127929688, 283.6319885253906, -322.8140869140625, 272.131591796875, -396.2357482910156, 113.469482421875, -112.27995300292969, 261.4898681640625], [-927.2711181640625, -180.83522033691406, 1260.769775390625, 270.2950744628906, 192.76736450195312, 216.07322692871094, 94.34484100341797, -75.16444396972656, -51.68674087524414, -15.755972862243652, -35.847511291503906, -26.936174392700195, -65.77263641357422], [493.78662109375, -1114.956298828125, 270.2950744628906, 908.2796630859375, -206.61807250976562, 108.45703125, -107.02798461914062, 27.221920013427734, -43.88898849487305, 65.74960327148438, -17.292463302612305, -36.856727600097656, -19.126815795898438], [-836.4381713867188, 900.6931762695312, 192.76736450195312, -206.61807250976562, 773.6272583007812, -71.01614379882812, 286.0884704589844, -52.33074951171875, 82.18844604492188, -132.82110595703125, 3.579244375228882, -126.58199310302734, 70.5851821899414], [9.290821075439453, -590.0656127929688, 216.07322692871094, 108.45703125, -71.01614379882812, 392.8348388671875, 173.27552795410156, 77.48641204833984, -112.99578857421875, 47.234798431396484, -43.342838287353516, -10.544047355651855, -107.33870697021484], [-516.3642578125, 283.6319885253906, 94.34484100341797, -107.02798461914062, 286.0884704589844, 173.27552795410156, 631.129638671875, 52.63455581665039, -55.913230895996094, -90.19049835205078, 50.06328582763672, -82.24234008789062, 13.028974533081055], [158.06434631347656, -322.8140869140625, -75.16444396972656, 27.221920013427734, -52.33074951171875, 77.48641204833984, 52.63455581665039, 196.1741943359375, -0.5507699251174927, 54.59897994995117, -11.692688941955566, -7.902543544769287, -41.80138397216797], [-247.60214233398438, 272.131591796875, -51.68674087524414, -43.88898849487305, 82.18844604492188, -112.99578857421875, -55.913230895996094, -0.5507699251174927, 265.14337158203125, 10.013850212097168, 35.285438537597656, -14.21530532836914, 60.37461471557617], [28.818862915039062, -396.2357482910156, -15.755972862243652, 65.74960327148438, -132.82110595703125, 47.234798431396484, -90.19049835205078, 54.59897994995117, 10.013850212097168, 176.5946502685547, 30.38783836364746, 29.846715927124023, -28.018442153930664], [-227.90328979492188, 113.469482421875, -35.847511291503906, -17.292463302612305, 3.579244375228882, -43.342838287353516, 50.06328582763672, -11.692688941955566, 35.285438537597656, 30.38783836364746, 152.894287109375, 27.92093849182129, 49.10160827636719], [105.58429718017578, -112.27995300292969, -26.936174392700195, -36.856727600097656, -126.58199310302734, -10.544047355651855, -82.24234008789062, -7.902543544769287, -14.21530532836914, 29.846715927124023, 27.92093849182129, 163.5745849609375, 17.33977508544922], [-141.42286682128906, 261.4898681640625, -65.77263641357422, -19.126815795898438, 70.5851821899414, -107.33870697021484, 13.028974533081055, -41.80138397216797, 60.37461471557617, -28.018442153930664, 49.10160827636719, 17.33977508544922, 134.3935546875]], "lowlevel.gfcc.icov": [[0.00041652307845652103, -0.0009425014141015708, 0.0004399632744025439, -0.0011547717731446028, 0.0005483202403411269, -0.0007709541241638362, 0.0003449823416303843, -0.0008927960298024118, 0.0005927240126766264, -0.0006357873207889497, 0.0008271540282294154, -0.0006239784997887909, 0.0004877117753494531], [-0.0009425014141015708, 0.005799080710858107, -0.0013803660403937101, 0.006085081957280636, -0.002615028526633978, 0.004758056253194809, -0.001412788638845086, 0.004729944281280041, -0.0026133356150239706, 0.00520184263586998, -0.0034111032728105783, 0.003173976903781295, -0.0022075583692640066], [0.0004399632744025439, -0.0013803660403937101, 0.0016269743209704757, -0.001978914486244321, 0.00020815205061808228, -0.001781426020897925, 0.0004871065611951053, -0.0005377840134315193, 0.0006677542114630342, -0.0010658244136720896, 0.0010257917456328869, -0.0011912727495655417, 0.0011734779691323638], [-0.0011547717731446028, 0.006085081957280636, -0.001978914486244321, 0.007946542464196682, -0.0023248172365128994, 0.004665849730372429, -0.0012190662091597915, 0.0047532240860164165, -0.002649366855621338, 0.005183080676943064, -0.003832458285614848, 0.004326512571424246, -0.003235503565520048], [0.0005483202403411269, -0.002615028526633978, 0.00020815205061808228, -0.0023248172365128994, 0.0036243244539946318, -0.0015389859909191728, -0.00022050381812732667, -0.0020493902266025543, 0.0007490882417187095, -0.0017473621992394328, 0.0020564706064760685, -0.0001367635850328952, 0.0002527890610508621], [-0.0007709541241638362, 0.004758056253194809, -0.001781426020897925, 0.004665849730372429, -0.0015389859909191728, 0.009247791022062302, -0.0032014285679906607, 0.003305228427052498, -0.0013929808046668768, 0.0027110734954476357, -0.0014264760538935661, 0.0020297153387218714, 0.000706267892383039], [0.0003449823416303843, -0.001412788638845086, 0.0004871065611951053, -0.0012190662091597915, -0.00022050381812732667, -0.0032014285679906607, 0.0037370077334344387, -0.0023656683042645454, 0.001404452370479703, 0.0005867090076208115, -0.0010932744480669498, 0.00025580948567949235, -0.0005046334699727595], [-0.0008927960298024118, 0.004729944281280041, -0.0005377840134315193, 0.0047532240860164165, -0.0020493902266025543, 0.003305228427052498, -0.0023656683042645454, 0.010895011946558952, -0.0030756499618291855, 0.0019842754118144512, -0.0019035881850868464, 0.0024889581836760044, -0.000225223702727817], [0.0005927240126766264, -0.0026133356150239706, 0.0006677542114630342, -0.002649366855621338, 0.0007490882417187095, -0.0013929808046668768, 0.001404452370479703, -0.0030756499618291855, 0.006239256355911493, -0.002823593793436885, 0.0010132676688954234, -0.0006661802181042731, -0.0006163674988783896], [-0.0006357873207889497, 0.00520184263586998, -0.0010658244136720896, 0.005183080676943064, -0.0017473621992394328, 0.0027110734954476357, 0.0005867090076208115, 0.0019842754118144512, -0.002823593793436885, 0.013647841289639473, -0.005915218964219093, 0.0025654276832938194, -0.000986955827102065], [0.0008271540282294154, -0.0034111032728105783, 0.0010257917456328869, -0.003832458285614848, 0.0020564706064760685, -0.0014264760538935661, -0.0010932744480669498, -0.0019035881850868464, 0.0010132676688954234, -0.005915218964219093, 0.01168753206729889, -0.003459857776761055, -0.000753618311136961], [-0.0006239784997887909, 0.003173976903781295, -0.0011912727495655417, 0.004326512571424246, -0.0001367635850328952, 0.0020297153387218714, 0.00025580948567949235, 0.0024889581836760044, -0.0006661802181042731, 0.0025654276832938194, -0.003459857776761055, 0.010190817527472973, -0.003573840484023094], [0.0004877117753494531, -0.0022075583692640066, 0.0011734779691323638, -0.003235503565520048, 0.0002527890610508621, 0.000706267892383039, -0.0005046334699727595, -0.000225223702727817, -0.0006163674988783896, -0.000986955827102065, -0.000753618311136961, -0.003573840484023094, 0.013580904342234135]], "lowlevel.mfcc.cov": [[6475.82373046875, -1667.361328125, -440.9310607910156, 3.72861647605896, -406.3354187011719, -370.15478515625, -418.23992919921875, -90.13561248779297, -216.44873046875, -101.50109100341797, -126.0459976196289, -177.0747833251953, -139.5024871826172], [-1667.361328125, 4108.0927734375, -902.5833740234375, -318.3861083984375, 203.9141387939453, -116.43712615966797, -17.5854434967041, 92.42404174804688, 134.34024047851562, -278.5111083984375, 128.77711486816406, -198.953125, -97.9137191772461], [-440.9310607910156, -902.5833740234375, 1114.958984375, 160.84942626953125, 69.40499114990234, 198.56509399414062, 30.7700138092041, 10.955781936645508, -82.7655258178711, 74.79812622070312, -93.59467315673828, 46.26191711425781, 57.10139465332031], [3.72861647605896, -318.3861083984375, 160.84942626953125, 524.4635009765625, 161.41664123535156, 55.12544631958008, 27.795806884765625, -27.030628204345703, 34.27289581298828, 25.60838508605957, -63.074798583984375, -4.255455017089844, 11.678877830505371], [-406.3354187011719, 203.9141387939453, 69.40499114990234, 161.41664123535156, 407.4920959472656, 25.463584899902344, -113.81232452392578, -56.8847541809082, 24.174240112304688, 25.063968658447266, -18.95783233642578, -28.53868865966797, 11.738982200622559], [-370.15478515625, -116.43712615966797, 198.56509399414062, 55.12544631958008, 25.463584899902344, 286.1131591796875, 189.8486328125, 85.2697525024414, 28.000560760498047, 62.65699005126953, 0.7628305554389954, 13.412169456481934, -38.24506378173828], [-418.23992919921875, -17.5854434967041, 30.7700138092041, 27.795806884765625, -113.81232452392578, 189.8486328125, 555.2600708007812, 169.4331817626953, 79.7501220703125, 84.0206298828125, 57.34696960449219, 34.09471893310547, -71.68217468261719], [-90.13561248779297, 92.42404174804688, 10.955781936645508, -27.030628204345703, -56.8847541809082, 85.2697525024414, 169.4331817626953, 235.1577911376953, 66.62191009521484, 27.765932083129883, 33.2184944152832, -2.1451432704925537, -30.257108688354492], [-216.44873046875, 134.34024047851562, -82.7655258178711, 34.27289581298828, 24.174240112304688, 28.000560760498047, 79.7501220703125, 66.62191009521484, 183.0877227783203, 54.99811935424805, 46.22926712036133, 4.614173889160156, -17.006473541259766], [-101.50109100341797, -278.5111083984375, 74.79812622070312, 25.60838508605957, 25.063968658447266, 62.65699005126953, 84.0206298828125, 27.765932083129883, 54.99811935424805, 184.66041564941406, 52.41604232788086, 26.35997772216797, -23.126508712768555], [-126.0459976196289, 128.77711486816406, -93.59467315673828, -63.074798583984375, -18.95783233642578, 0.7628305554389954, 57.34696960449219, 33.2184944152832, 46.22926712036133, 52.41604232788086, 122.88579559326172, 35.83120346069336, 2.0984339714050293], [-177.0747833251953, -198.953125, 46.26191711425781, -4.255455017089844, -28.53868865966797, 13.412169456481934, 34.09471893310547, -2.1451432704925537, 4.614173889160156, 26.35997772216797, 35.83120346069336, 108.33535766601562, 54.43751907348633], [-139.5024871826172, -97.9137191772461, 57.10139465332031, 11.678877830505371, 11.738982200622559, -38.24506378173828, -71.68217468261719, -30.257108688354492, -17.006473541259766, -23.126508712768555, 2.0984339714050293, 54.43751907348633, 130.22523498535156]], "lowlevel.mfcc.icov": [[0.0002764055097941309, 0.0001838508906075731, 0.00017666445637587458, -8.95619741640985e-05, 0.00021264007955323905, 0.00018143064517062157, 0.00021107314387336373, -0.0001619873510207981, 0.00020614713139366359, 0.0001533016620669514, -0.00014221695892047137, 0.0005152348312549293, 0.00031861747265793383], [0.0001838508906075731, 0.0005721026100218296, 0.0003286585852038115, 0.0001888124388642609, -0.00027877313550561666, 5.51459779671859e-05, 2.146594852092676e-05, -0.0001926400000229478, -0.00010918783664237708, 0.0009640418575145304, -0.000741148425731808, 0.001037197420373559, 0.00020975011284463108], [0.00017666445637587458, 0.0003286585852038115, 0.0015448853373527527, -0.0001225892046932131, -0.00010136450146092102, -0.0007969009457156062, 0.00021147615916561335, -0.00036961978184990585, 0.0007183693232946098, -0.00029704681946896017, 0.0007224779110401869, 0.0002874857746064663, -0.0005151771474629641], [-8.95619741640985e-05, 0.0001888124388642609, -0.0001225892046932131, 0.002714879345148802, -0.0012328283628448844, -8.738959877518937e-05, -0.0006177769391797483, 0.0003931752871721983, -0.0009218804771080613, 0.0001825977669795975, 0.0012672505108639598, 4.0516624721931294e-05, -0.0004322571330703795], [0.00021264007955323905, -0.00027877313550561666, -0.00010136450146092102, -0.0012328283628448844, 0.003913719207048416, -0.0006365237641148269, 0.0011822714004665613, 0.0005514484364539385, -0.0001947546552401036, -0.001132518402300775, -1.8972466932609677e-05, 0.000981978140771389, -0.00022437791631091386], [0.00018143064517062157, 5.51459779671859e-05, -0.0007969009457156062, -8.738959877518937e-05, -0.0006365237641148269, 0.005992230027914047, -0.0014260722091421485, -0.0011084616417065263, 0.0001935751351993531, -0.0005723744980059564, 0.0006239076028577983, -0.0005914038047194481, 0.0015285611152648926], [0.00021107314387336373, 2.146594852092676e-05, 0.00021147615916561335, -0.0006177769391797483, 0.0011822714004665613, -0.0014260722091421485, 0.003530773101374507, -0.0013963753590360284, -7.719508721493185e-05, -0.00040327166789211333, -0.000611038994975388, -0.0008784306119196117, 0.0015939571894705296], [-0.0001619873510207981, -0.0001926400000229478, -0.00036961978184990585, 0.0003931752871721983, 0.0005514484364539385, -0.0011084616417065263, -0.0013963753590360284, 0.006428649183362722, -0.001892359578050673, 0.0002764556556940079, -0.0006802030256949365, 0.0008314347360283136, -0.0003764100547414273], [0.00020614713139366359, -0.00010918783664237708, 0.0007183693232946098, -0.0009218804771080613, -0.0001947546552401036, 0.0001935751351993531, -7.719508721493185e-05, -0.001892359578050673, 0.00791743490844965, -0.001937809051014483, -0.0012982450425624847, 0.0002069288893835619, 0.00012290124141145498], [0.0001533016620669514, 0.0009640418575145304, -0.00029704681946896017, 0.0001825977669795975, -0.001132518402300775, -0.0005723744980059564, -0.00040327166789211333, 0.0002764556556940079, -0.001937809051014483, 0.009657049551606178, -0.004517606925219297, 0.00015719718066975474, 0.002248186618089676], [-0.00014221695892047137, -0.000741148425731808, 0.0007224779110401869, 0.0012672505108639598, -1.8972466932609677e-05, 0.0006239076028577983, -0.000611038994975388, -0.0006802030256949365, -0.0012982450425624847, -0.004517606925219297, 0.014335918240249157, -0.005076195579022169, -0.0005303333164192736], [0.0005152348312549293, 0.001037197420373559, 0.0002874857746064663, 4.0516624721931294e-05, 0.000981978140771389, -0.0005914038047194481, -0.0008784306119196117, 0.0008314347360283136, 0.0002069288893835619, 0.00015719718066975474, -0.005076195579022169, 0.017365647479891777, -0.006473012268543243], [0.00031861747265793383, 0.00020975011284463108, -0.0005151771474629641, -0.0004322571330703795, -0.00022437791631091386, 0.0015285611152648926, 0.0015939571894705296, -0.0003764100547414273, 0.00012290124141145498, 0.002248186618089676, -0.0005303333164192736, -0.006473012268543243, 0.012831495143473148]], "metadata.audio_properties.analysis.downmix": "mix", "metadata.audio_properties.codec": "mp3", "metadata.audio_properties.md5_encoded": "ffe251fe0fcd78addd1c10a67d634865", "metadata.tags.file_name": "1183698255415103558.mp3", "metadata.version.essentia": "2.1-beta6-dev", "metadata.version.essentia_git_sha": "v2.1_beta5-1110-g77a6a954", "metadata.version.extractor": "music 2.0", "tonal.chords_key": "Ab", "tonal.chords_scale": "major", "tonal.key_edma.key": "Ab", "tonal.key_edma.scale": "major", "tonal.key_krumhansl.key": "Ab", "tonal.key_krumhansl.scale": "major", "tonal.key_temperley.key": "Ab", "tonal.key_temperley.scale": "m