{"song_id": "1183705830655266837", "download": "https://cdn.discordapp.com/attachments/1128313332273782784/1183705830655266837/chirp.mp4?ex=65894ef6&amp", "lyrics": "\u041e\u043e\u043e\u043e, \u0441\u0435\u0440\u0434\u0446\u0435 \u0442\u0440\u0435\u0432\u043e\u0433\u043e\u0439 \u043e\u043a\u0443\u0442\u0430\u043b \u043f\u0435\u0440\u0435\u0441\u0442\u0440\u043e\u0439 2024 \u0433\u043e\u0434\u0430\n\u041e\u043e\u043e\u043e, \u0437\u0430\u0436\u0433\u043b\u0438 \u0432 \u0434\u0443\u0448\u0435 \u0442\u043e\u0441\u043a\u0443 \u0438 \u0441\u0432\u0435\u0442 \u044d\u043a\u0441\u0431\u043e\u043e\n\u041e\u043e\u043e\u043e, \u0441\u0442\u0430\u043b\u043a\u0440\u0430\u0444\u0442 \u0433\u043e\u0440\u044c\u043a\u043e\u0439 \u0441\u043b\u0430\u0434\u043e\u0441\u0442\u044c\u044e \u043e\u0432\u0435\u044f\u043b\n\n[verse]\nOh sweet Schanson, melodies divine\nYou fill my heart with love, like aged wine\nYour stories woven through each note you sing\nIn your embrace, my soul takes flight, I'm free\n\n[chorus]\nSchanson, Schanson, let your voice ring true\nThrough ups and downs, I'll always turn to you\nSchanson, Schanson, take me on a journey\nIn your timeless songs, my troubles find sanctuary", "style": ["Rap"], "essentia_features": {"lowlevel.average_loudness": 0.3934189975261688, "lowlevel.barkbands_crest.mean": 9.515703201293945, "lowlevel.barkbands_crest.stdev": 4.579422950744629, "lowlevel.barkbands_flatness_db.mean": 0.12788698077201843, "lowlevel.barkbands_flatness_db.stdev": 0.0440211221575737, "lowlevel.barkbands_kurtosis.mean": 2.741745710372925, "lowlevel.barkbands_kurtosis.stdev": 6.5899882316589355, "lowlevel.barkbands_skewness.mean": 0.9845013618469238, "lowlevel.barkbands_skewness.stdev": 1.4164832830429077, "lowlevel.barkbands_spread.mean": 30.983190536499023, "lowlevel.barkbands_spread.stdev": 16.02019691467285, "lowlevel.dissonance.mean": 0.47903972864151, "lowlevel.dissonance.stdev": 0.022248350083827972, "lowlevel.dynamic_complexity": 5.6263108253479, "lowlevel.erbbands_crest.mean": 8.371530532836914, "lowlevel.erbbands_crest.stdev": 4.043314456939697, "lowlevel.erbbands_flatness_db.mean": 0.1580950915813446, "lowlevel.erbbands_flatness_db.stdev": 0.04373949021100998, "lowlevel.erbbands_kurtosis.mean": 0.9984070062637329, "lowlevel.erbbands_kurtosis.stdev": 2.232255697250366, "lowlevel.erbbands_skewness.mean": 0.2836666405200958, "lowlevel.erbbands_skewness.stdev": 0.8097581267356873, "lowlevel.erbbands_spread.mean": 42.575069427490234, "lowlevel.erbbands_spread.stdev": 19.923686981201172, "lowlevel.hfc.mean": 24.8812255859375, "lowlevel.hfc.stdev": 48.57175064086914, "lowlevel.loudness_ebu128.integrated": -34.42219161987305, "lowlevel.loudness_ebu128.loudness_range": 11.79220962524414, "lowlevel.loudness_ebu128.momentary.mean": -38.22416687011719, "lowlevel.loudness_ebu128.momentary.stdev": 6.012919902801514, "lowlevel.loudness_ebu128.short_term.mean": -36.844696044921875, "lowlevel.loudness_ebu128.short_term.stdev": 4.690224647521973, "lowlevel.melbands_crest.mean": 14.2659912109375, "lowlevel.melbands_crest.stdev": 7.243684768676758, "lowlevel.melbands_flatness_db.mean": 0.1437361240386963, "lowlevel.melbands_flatness_db.stdev": 0.05849083513021469, "lowlevel.melbands_kurtosis.mean": 10.724617958068848, "lowlevel.melbands_kurtosis.stdev": 16.888477325439453, "lowlevel.melbands_skewness.mean": 2.2128074169158936, "lowlevel.melbands_skewness.stdev": 1.8528552055358887, "lowlevel.melbands_spread.mean": 39.95673370361328, "lowlevel.melbands_spread.stdev": 31.280527114868164, "lowlevel.pitch_salience.mean": 0.5834352374076843, "lowlevel.pitch_salience.stdev": 0.17561624944210052, "lowlevel.silence_rate_20dB.mean": 1.0, "lowlevel.silence_rate_20dB.stdev": 0.0, "lowlevel.silence_rate_30dB.mean": 0.9924681186676025, "lowlevel.silence_rate_30dB.stdev": 0.08645839989185333, "lowlevel.silence_rate_60dB.mean": 0.352838933467865, "lowlevel.silence_rate_60dB.stdev": 0.477848619222641, "lowlevel.spectral_centroid.mean": 1805.7425537109375, "lowlevel.spectral_centroid.stdev": 970.400390625, "lowlevel.spectral_complexity.mean": 10.941483497619629, "lowlevel.spectral_complexity.stdev": 8.470406532287598, "lowlevel.spectral_decrease.mean": -2.530452736237976e-09, "lowlevel.spectral_decrease.stdev": 4.156205157812565e-09, "lowlevel.spectral_energy.mean": 0.011807329021394253, "lowlevel.spectral_energy.stdev": 0.018521590158343315, "lowlevel.spectral_energyband_high.mean": 0.0018271607114002109, "lowlevel.spectral_energyband_high.stdev": 0.005195846781134605, "lowlevel.spectral_energyband_low.mean": 0.0024655270390212536, "lowlevel.spectral_energyband_low.stdev": 0.005121466238051653, "lowlevel.spectral_energyband_middle_high.mean": 0.004997670650482178, "lowlevel.spectral_energyband_middle_high.stdev": 0.01370333693921566, "lowlevel.spectral_energyband_middle_low.mean": 0.0038201455026865005, "lowlevel.spectral_energyband_middle_low.stdev": 0.006281145382672548, "lowlevel.spectral_entropy.mean": 7.953245162963867, "lowlevel.spectral_entropy.stdev": 0.33484870195388794, "lowlevel.spectral_flux.mean": 0.0521436408162117, "lowlevel.spectral_flux.stdev": 0.04227583482861519, "lowlevel.spectral_kurtosis.mean": 2.318236827850342, "lowlevel.spectral_kurtosis.stdev": 1.548038363456726, "lowlevel.spectral_rms.mean": 0.0027552740648388863, "lowlevel.spectral_rms.stdev": 0.0019818702712655067, "lowlevel.spectral_rolloff.mean": 3325.187744140625, "lowlevel.spectral_rolloff.stdev": 3070.868896484375, "lowlevel.spectral_skewness.mean": 1.4156317710876465, "lowlevel.spectral_skewness.stdev": 0.3357521593570709, "lowlevel.spectral_spread.mean": 6510637.5, "lowlevel.spectral_spread.stdev": 1396336.375, "lowlevel.spectral_strongpeak.mean": 1.021388053894043, "lowlevel.spectral_strongpeak.stdev": 2.0298027992248535, "lowlevel.zerocrossingrate.mean": 0.12411339581012726, "lowlevel.zerocrossingrate.stdev": 0.07522368431091309, "metadata.audio_properties.analysis.equal_loudness": 0.0, "metadata.audio_properties.analysis.length": 40.04265213012695, "metadata.audio_properties.analysis.sample_rate": 44100.0, "metadata.audio_properties.analysis.start_time": 0.0, "metadata.audio_properties.bit_rate": 104048.0, "metadata.audio_properties.length": 40.042667388916016, "metadata.audio_properties.lossless": 0.0, "metadata.audio_properties.number_channels": 1.0, "metadata.audio_properties.replay_gain": 5.834436416625977, "metadata.audio_properties.sample_rate": 48000.0, "rhythm.beats_count": 78.0, "rhythm.beats_loudness.mean": 0.017692387104034424, "rhythm.beats_loudness.stdev": 0.022584151476621628, "rhythm.bpm": 161.4990234375, "rhythm.bpm_histogram_first_peak_bpm": 161.0, "rhythm.bpm_histogram_first_peak_weight": 0.10000002384185791, "rhythm.bpm_histogram_second_peak_bpm": 98.0, "rhythm.bpm_histogram_second_peak_spread": 0.3181818127632141, "rhythm.bpm_histogram_second_peak_weight": 0.19480520486831665, "rhythm.danceability": 1.0939154624938965, "rhythm.onset_rate": 2.69633150100708, "tonal.chords_changes_rate": 0.12384258955717087, "tonal.chords_number_rate": 0.019675925374031067, "tonal.chords_strength.mean": 0.507652997970581, "tonal.chords_strength.stdev": 0.0954294502735138, "tonal.hpcp_crest.mean": 11.72105598449707, "tonal.hpcp_crest.stdev": 7.084723949432373, "tonal.hpcp_entropy.mean": 2.490504741668701, "tonal.hpcp_entropy.stdev": 0.9241745471954346, "tonal.key_edma.strength": 0.5503332614898682, "tonal.key_krumhansl.strength": 0.5489976406097412, "tonal.key_temperley.strength": 0.5648065209388733, "tonal.tuning_diatonic_strength": 0.5722137093544006, "tonal.tuning_equal_tempered_deviation": 0.33281344175338745, "tonal.tuning_frequency": 442.5489196777344, "tonal.tuning_nontempered_energy_ratio": 0.9194727540016174, "lowlevel.barkbands.mean": [1.871174617917859e-06, 4.09725726058241e-05, 0.0012718737125396729, 0.001835673931054771, 0.0006276107160374522, 0.0004056525358464569, 0.00013439934991765767, 0.0003485862398520112, 0.00020578264957293868, 0.00048517168033868074, 0.00046457076678052545, 0.0008480678079649806, 0.0008147103362716734, 0.0005866251303814352, 0.00024891269276849926, 0.000366970372851938, 0.0005251482944004238, 0.00024230989220086485, 0.0004267307522241026, 0.00015628150140400976, 0.00025087702670134604, 0.00013061541540082544, 0.0005333041772246361, 0.0002600560837890953, 0.0005297667812556028, 6.477964780060574e-05, 2.2337400817917796e-09], "lowlevel.barkbands.stdev": [6.7382493398326915e-06, 0.00015356738003902137, 0.003429135074838996, 0.0039518713019788265, 0.0014584899181500077, 0.0008370985742658377, 0.0002806638949550688, 0.0014043826377019286, 0.00045504895388148725, 0.003136994084343314, 0.0031166679691523314, 0.005573919042944908, 0.004529520403593779, 0.0032132440246641636, 0.0008089259499683976, 0.0014048608718439937, 0.00213268562220037, 0.0007711948128417134, 0.001234726281836629, 0.0006033171666786075, 0.0012712717289105058, 0.0006128394161351025, 0.0016569942235946655, 0.0006791938794776797, 0.0013299830025061965, 0.00020345307711977512, 1.4331215325569246e-08], "lowlevel.erbbands.mean": [0.0006373616051860154, 0.029370460659265518, 0.9355645775794983, 4.817213535308838, 3.705134630203247, 1.5692970752716064, 2.5291013717651367, 3.536825180053711, 2.3639285564422607, 2.4086432456970215, 9.23391342163086, 5.109050750732422, 15.090620040893555, 11.908365249633789, 20.97166633605957, 40.178184509277344, 44.319942474365234, 34.074100494384766, 16.804777145385742, 13.664097785949707, 24.084230422973633, 30.7380428314209, 14.95447826385498, 13.34134578704834, 24.020029067993164, 7.575596809387207, 9.623659133911133, 8.105161666870117, 5.077246189117432, 4.992791175842285, 17.93410873413086, 10.155912399291992, 3.0388684272766113, 4.9579057693481445, 4.1850996017456055, 0.8148019313812256, 0.023382682353258133, 0.0008645197958685458, 8.797737973509356e-05, 3.0402674383367412e-05], "lowlevel.erbbands.stdev": [0.0015684558311477304, 0.08817075937986374, 2.505308151245117, 9.495537757873535, 8.134623527526855, 3.710900068283081, 6.934929847717285, 7.591275215148926, 4.832268714904785, 5.027418613433838, 39.7258186340332, 13.36371898651123, 114.26529693603516, 49.22652053833008, 117.8672103881836, 275.9901428222656, 250.63609313964844, 174.1298065185547, 57.3503303527832, 42.92690658569336, 88.61192321777344, 123.63916015625, 45.3883056640625, 42.45131301879883, 69.37183380126953, 27.891448974609375, 43.77153396606445, 46.21596908569336, 25.328187942504883, 17.448566436767578, 56.78867721557617, 26.446489334106445, 9.448129653930664, 13.0689058303833, 10.835066795349121, 2.206644058227539, 0.06557443737983704, 0.0022039248142391443, 0.00020188423513900489, 5.1605034968815744e-05], "lowlevel.gfcc.mean": [-57.769309997558594, 35.3214225769043, -132.3497314453125, 24.207075119018555, -77.69808197021484, 29.486099243164062, -65.23435974121094, 11.071763038635254, -44.873878479003906, -8.90857219696045, -22.437416076660156, -11.48880672454834, -19.28485679626465], "lowlevel.melbands.mean": [6.701110578433145e-06, 0.00039093761006370187, 0.0007787775248289108, 0.00016568964929319918, 8.446518040727824e-05, 7.78494868427515e-05, 3.3802185498643667e-05, 3.1231171305989847e-05, 7.406523218378425e-05, 2.982262594741769e-05, 7.546245615230873e-05, 4.4649197661783546e-05, 6.894816760905087e-05, 8.546802564524114e-05, 9.482302266405895e-05, 8.753306610742584e-05, 6.276946078287438e-05, 2.8133365049143322e-05, 1.79950784513494e-05, 2.051279807346873e-05, 2.890344876504969e-05, 3.5481560189509764e-05, 1.7199437934323214e-05, 1.0691079296520911e-05, 9.819998922466766e-06, 1.8798134988173842e-05, 1.1502773304528091e-05, 3.5652130918606417e-06, 4.9820691856439225e-06, 7.265671683853725e-06, 3.840989393211203e-06, 2.9199484288255917e-06, 2.36118853536027e-06, 2.6483760393603006e-06, 9.319330274593085e-06, 1.1955667105212342e-05, 4.0560958041169215e-06, 1.7977561128645902e-06, 2.1704615846829256e-06, 5.056078862253344e-06], "lowlevel.melbands.stdev": [2.2435497157857753e-05, 0.0009539644233882427, 0.0014405065448954701, 0.0003653548483271152, 0.00023456287453882396, 0.0001595793291926384, 6.77122370689176e-05, 7.321388693526387e-05, 0.00031900618341751397, 6.88838044879958e-05, 0.0005762760993093252, 0.0001709682692307979, 0.0004825448850169778, 0.0005545052117668092, 0.0005236182478256524, 0.0004872207064181566, 0.0003608815895859152, 0.00011122909927507862, 5.959539339528419e-05, 7.917304174043238e-05, 0.0001064706957549788, 0.00015690078726038337, 5.330281055648811e-05, 3.658195782918483e-05, 3.393168663023971e-05, 6.010700963088311e-05, 3.453471799730323e-05, 1.6129530195030384e-05, 2.3749076717649586e-05, 3.717084109666757e-05, 2.4042325094342232e-05, 1.52498114402988e-05, 1.0951795047731139e-05, 9.078388757188804e-06, 3.096781438216567e-05, 3.4807035262929276e-05, 1.0587579708953854e-05, 6.4325390667363536e-06, 6.425886112992885e-06, 1.3508173651644029e-05], "lowlevel.melbands128.mean": [1.043118800225784e-06, 1.6699633533789893e-06, 3.2326013297279133e-06, 2.664520980033558e-05, 0.00023176624381449074, 0.0007676186505705118, 0.0011000665836036205, 0.0007826773799024522, 0.0003286531718913466, 0.00011422807438066229, 6.473640678450465e-05, 8.197983697755262e-05, 8.641702152090147e-05, 9.00315644685179e-05, 9.46436048252508e-05, 6.26131150056608e-05, 4.401078331284225e-05, 2.849601696652826e-05, 2.1313126126187854e-05, 2.0996305465814658e-05, 2.9931396056781523e-05, 7.506173278670758e-05, 0.00010827092046383768, 3.5325534554431215e-05, 2.2170106603880413e-05, 2.208899059041869e-05, 5.2222228987375274e-05, 0.00011812325828941539, 5.3516771004069597e-05, 4.076769619132392e-05, 3.5722609027288854e-05, 5.805517139378935e-05, 9.432360820937902e-05, 5.976759348413907e-05, 3.3447642636019737e-05, 0.00010832272528205067, 0.00015192924183793366, 7.093595922924578e-05, 5.5085365602280945e-05, 0.00016039542970247567, 6.790335464756936e-05, 3.93541922676377e-05, 7.168733282014728e-05, 7.898073818068951e-05, 2.8320346245891415e-05, 2.184183176723309e-05, 2.1221825591055676e-05, 1.7223026588908397e-05, 1.6817311916383915e-05, 1.780517413862981e-05, 1.545237682876177e-05, 3.088109951931983e-05, 3.0028184482944198e-05, 2.4438242689939216e-05, 3.44554428011179e-05, 4.4988806621404365e-05, 2.9556325898738578e-05, 1.6715253877919167e-05, 1.4673971236334182e-05, 1.2432870789780281e-05, 1.0992422176059335e-05, 8.909740245144349e-06, 9.114824933931231e-06, 1.0125587323273066e-05, 1.0337211278965697e-05, 1.864139994722791e-05, 2.6771771445055492e-05, 1.6003910786821507e-05, 8.038169653445948e-06, 4.38662982560345e-06, 3.0452426926785847e-06, 3.488803258733242e-06, 3.440043656155467e-06, 4.76567311125109e-06, 7.214548077172367e-06, 8.846502169035375e-06, 6.984093033679528e-06, 3.882440523739206e-06, 4.085444288648432e-06, 2.6522986900090473e-06, 3.2444945645693224e-06, 3.0350067845574813e-06, 2.1092935185151873e-06, 2.7204423531657085e-06, 2.0251288788131205e-06, 1.9221004095015815e-06, 2.388256461927085e-06, 4.913799784844741e-06, 8.026811883610208e-06, 1.421307388227433e-05, 1.527079803054221e-05, 1.0955001016554888e-05, 7.1607018981012516e-06, 4.067757799930405e-06, 1.8802571730702766e-06, 1.826157927098393e-06, 1.7184233911393676e-06, 2.019815610765363e-06, 1.5217864302030648e-06, 2.6291220365237677e-06, 3.6695357721328037e-06, 6.110702997830231e-06, 5.54951702724793e-06, 5.419828539743321e-06, 5.126974429003894e-06, 4.974057901563356e-06, 3.2583075153524987e-06, 2.31191324928659e-06, 9.841304517976823e-07, 2.044188249783474e-07, 2.63165187419645e-08, 8.821096075806167e-10, 2.6328340549386375e-11, 1.4099187095606425e-11, 1.3614539183526286e-11, 1.2466957154122493e-11, 1.1653004949874202e-11, 1.077702337093367e-11, 1.0622400528625953e-11, 1.0383504819855283e-11, 9.978079994199529e-12, 1.0066351398274609e-11, 1.0134480060708384e-11, 9.786435550829253e-12, 7.998539330866805e-12, 4.847344747815896e-12, 3.149635066646006e-12, 2.9064153427710293e-12], "lowlevel.melbands128.stdev": [5.158266503713094e-06, 9.348528692498803e-06, 9.541737199469935e-06, 0.00010723307786975056, 0.0008481672848574817, 0.0020076236687600613, 0.002303340006619692, 0.0018628586549311876, 0.0008519301190972328, 0.00039742575609125197, 0.00019719911506399512, 0.00031664929701946676, 0.0002605262561701238, 0.00025682582054287195, 0.0002617488498799503, 0.00013152699102647603, 0.00012559036258608103, 7.176626968430355e-05, 5.0611404731171206e-05, 5.801270162919536e-05, 8.937546226661652e-05, 0.0003299031232018024, 0.0005646282806992531, 0.0001368270895909518, 6.146039959276095e-05, 5.598397910944186e-05, 0.00026016676565632224, 0.0011355879250913858, 0.00038674421375617385, 0.00015658384654670954, 0.00014358869520947337, 0.0004422864585649222, 0.0009301341488026083, 0.00028436584398150444, 0.00013424200005829334, 0.0009457867126911879, 0.0012632354628294706, 0.0006479425937868655, 0.00035100855166092515, 0.0012082266621291637, 0.00039831179310567677, 0.00015081159654073417, 0.0004532756865955889, 0.0006511711399070919, 0.0001575589703861624, 9.228259295923635e-05, 9.517519356450066e-05, 7.257827383000404e-05, 6.0849517467431724e-05, 7.765532791381702e-05, 6.858363485662267e-05, 0.0001647194876568392, 0.00012762057303916663, 9.438850975129753e-05, 0.00018185298540629447, 0.00024052734079305083, 0.00012291471648495644, 6.075482815504074e-05, 5.10868412675336e-05, 4.130852539674379e-05, 4.398730379762128e-05, 3.966291478718631e-05, 3.357513924129307e-05, 3.852706140605733e-05, 3.410939098102972e-05, 8.713268471183255e-05, 7.842256309231743e-05, 5.104095907881856e-05, 3.46585875377059e-05, 2.2276210074778646e-05, 1.4761115380679257e-05, 1.9651704860734753e-05, 1.7076177755370736e-05, 2.8076767193851992e-05, 3.7967725802445784e-05, 4.623258064384572e-05, 4.302449815440923e-05, 2.6441222871653736e-05, 2.9980874387547374e-05, 1.4015045962878503e-05, 1.807644912332762e-05, 1.7412359738955274e-05, 1.0938028026430402e-05, 1.4419318176805973e-05, 8.562406947021373e-06, 7.027161245787283e-06, 8.531092134944629e-06, 1.9465345758362673e-05, 2.8603644750546664e-05, 4.99674970342312e-05, 4.978724609827623e-05, 3.153091165586375e-05, 2.0095903892070055e-05, 1.1758723303501029e-05, 5.61299430046347e-06, 7.724953320575878e-06, 6.371652943926165e-06, 7.890507731644902e-06, 4.958683803124586e-06, 8.421971870120615e-06, 1.0059884516522288e-05, 1.7991260392591357e-05, 1.4876773093419615e-05, 1.338667789241299e-05, 1.8092965547111817e-05, 1.3635068171424791e-05, 8.71483553055441e-06, 7.022551471891347e-06, 3.4899189813586418e-06, 9.970890459953807e-07, 1.745583659840122e-07, 7.587748207527056e-09, 3.2029667806909856e-10, 9.096512432194004e-11, 8.256573896803232e-11, 7.094445864108678e-11, 6.752848280555668e-11, 6.23199547522546e-11, 6.181882089562052e-11, 6.219391668338403e-11, 6.077226222256371e-11, 6.155457393797192e-11, 6.217981685097129e-11, 6.1770838444275e-11, 6.194330465225661e-11, 6.130852769903328e-11, 6.135453256561618e-11, 6.15239872936435e-11], "lowlevel.mfcc.mean": [-694.4659423828125, 68.05409240722656, -4.1449689865112305, -8.714341163635254, 6.932097434997559, -4.281632900238037, -1.8020319938659668, 0.8686966300010681, -16.058265686035156, -3.3678624629974365, -11.533625602722168, -9.485661506652832, -7.877077579498291], "lowlevel.spectral_contrast_coeffs.mean": [-0.6280578374862671, -0.7996719479560852, -0.8139542937278748, -0.813947856426239, -0.7947399020195007, -0.8034437894821167], "lowlevel.spectral_contrast_coeffs.stdev": [0.11313686519861221, 0.08065105974674225, 0.07052969932556152, 0.06621169298887253, 0.07162059098482132, 0.038852497935295105], "lowlevel.spectral_contrast_valleys.mean": [-8.642189025878906, -7.624726295471191, -7.653492450714111, -7.815279960632324, -7.925821781158447, -9.850966453552246], "lowlevel.spectral_contrast_valleys.stdev": [0.9064309000968933, 0.7195398211479187, 0.6386663913726807, 0.6761409044265747, 0.7326604723930359, 0.7579116225242615], "rhythm.beats_loudness_band_ratio.mean": [0.2611877918243408, 0.12423549592494965, 0.11797016113996506, 0.18839016556739807, 0.14295461773872375, 0.19840919971466064], "rhythm.beats_loudness_band_ratio.stdev": [0.25470367074012756, 0.1662825495004654, 0.14235995709896088, 0.18714147806167603, 0.1547498106956482, 0.2256007045507431], "tonal.hpcp.mean": [0.13819637894630432, 0.13798131048679352, 0.12881633639335632, 0.10558778792619705, 0.11313609778881073, 0.11969242244958878, 0.11419247090816498, 0.131246879696846, 0.1798517256975174, 0.17943792045116425, 0.16817662119865417, 0.1553877741098404, 0.1599220335483551, 0.1918075829744339, 0.21742792427539825, 0.25691092014312744, 0.27370449900627136, 0.23781149089336395, 0.19738653302192688, 0.18431079387664795, 0.1470223367214203, 0.13444682955741882, 0.18327008187770844, 0.1940108686685562, 0.16652216017246246, 0.1768486052751541, 0.17088615894317627, 0.15120211243629456, 0.17307370901107788, 0.20613814890384674, 0.20120097696781158, 0.1825341135263443, 0.16518042981624603, 0.13795168697834015, 0.1488375961780548, 0.16349631547927856], "tonal.hpcp.stdev": [0.20298980176448822, 0.2227640002965927, 0.21066369116306305, 0.1709946244955063, 0.17987066507339478, 0.20152893662452698, 0.17886079847812653, 0.20159240067005157, 0.2743106484413147, 0.2636682987213135, 0.23871788382530212, 0.22103482484817505, 0.23124857246875763, 0.2649911940097809, 0.2777344286441803, 0.3015211224555969, 0.32655707001686096, 0.2917739748954773, 0.26275724172592163, 0.2701459228992462, 0.22923128306865692, 0.18789032101631165, 0.2653595507144928, 0.2726605236530304, 0.2238238900899887, 0.23835620284080505, 0.24165433645248413, 0.21608324348926544, 0.24398237466812134, 0.2737612724304199, 0.2714998424053192, 0.25844308733940125, 0.2384364753961563, 0.19554084539413452, 0.21285948157310486, 0.24388422071933746], "rhythm.beats_position": [0.3715192675590515, 0.743038535118103, 1.1145577430725098, 1.486077070236206, 1.8575963973999023, 2.2291154861450195, 2.600634813308716, 2.972154140472412, 3.3436734676361084, 3.7151927947998047, 4.098321914672852, 4.504671096801758, 4.911020278930664, 5.3289794921875, 5.735328674316406, 6.188117980957031, 6.640906810760498, 7.093696117401123, 7.53487491607666, 7.987664222717285, 8.44045352935791, 8.916461944580078, 9.392471313476562, 9.868480682373047, 10.332880020141602, 10.78566837310791, 11.250067710876465, 11.71446704864502, 12.178866386413574, 12.643264770507812, 13.119274139404297, 13.63011360168457, 14.140952110290527, 14.6517915725708, 15.232290267944336, 15.812788963317871, 16.416507720947266, 17.031835556030273, 17.635555267333984, 18.250883102416992, 18.877822875976562, 19.411882400512695, 19.969160079956055, 20.526439666748047, 21.01405906677246, 21.501678466796875, 22.000905990600586, 22.50013542175293, 22.999364852905273, 23.498594284057617, 23.962993621826172, 24.439001083374023, 24.926620483398438, 25.402629852294922, 25.878639221191406, 26.35464859008789, 26.91192626953125, 27.469205856323242, 28.026485443115234, 28.595373153686523, 29.164262771606445, 29.779590606689453, 30.394920349121094, 31.02185821533203, 31.637187957763672, 32.25251770019531, 32.87945556640625, 33.50639343261719, 34.12172317504883, 34.73705291748047, 35.363990783691406, 35.967708587646484, 36.57142639160156, 37.175148010253906, 37.778865814208984, 38.38258361816406, 38.974693298339844, 39.566802978515625], "rhythm.bpm_histogram": [0.0, 0.0, 0.0, 0.0, 0.0, 0.0, 0.0, 0.0, 0.0, 0.0, 0.0, 0.0, 0.0, 0.0, 0.0, 0.0, 0.0, 0.0, 0.0, 0.0, 0.0, 0.0, 0.0, 0.0, 0.0, 0.0, 0.0, 0.0, 0.0, 0.0, 0.0, 0.0, 0.0, 0.0, 0.0, 0.0, 0.0, 0.0, 0.0, 0.0, 0.0, 0.0, 0.0, 0.0, 0.0, 0.0, 0.0, 0.0, 0.0, 0.0, 0.0, 0.0, 0.0, 0.0, 0.0, 0.0, 0.0, 0.0, 0.0, 0.0, 0.0, 0.0, 0.0, 0.0, 0.0, 0.0, 0.0, 0.0, 0.0, 0.0, 0.0, 0.0, 0.0, 0.0, 0.0, 0.0, 0.0, 0.0, 0.0, 0.0, 0.0, 0.0, 0.0, 0.0, 0.0, 0.0, 0.0, 0.0, 0.0, 0.0, 0.0, 0.0, 0.0, 0.0, 0.0, 0.0, 0.06493506580591202, 0.0, 0.10389610379934311, 0.09090909361839294, 0.0, 0.025974025949835777, 0.0, 0.025974025949835777, 0.0, 0.025974025949835777, 0.0, 0.0, 0.06493506580591202, 0.0, 0.0, 0.0, 0.012987012974917889, 0.0, 0.0, 0.0, 0.0, 0.03896103799343109, 0.0, 0.0, 0.051948051899671555, 0.0, 0.0, 0.03896103799343109, 0.0, 0.0, 0.10389610379934311, 0.0, 0.0, 0.07792207598686218, 0.0, 0.0, 0.0, 0.07792207598686218, 0.0, 0.0, 0.012987012974917889, 0.0, 0.0, 0.0, 0.0, 0.0, 0.0, 0.0, 0.012987012974917889, 0.0, 0.0, 0.0, 0.03896103799343109, 0.0, 0.0, 0.0, 0.0, 0.0, 0.0, 0.0, 0.0, 0.012987012974917889, 0.0, 0.0, 0.0, 0.11688311398029327, 0.0, 0.0, 0.0, 0.0, 0.0, 0.0, 0.0, 0.0, 0.0, 0.0, 0.0, 0.0, 0.0, 0.0, 0.0, 0.0, 0.0, 0.0, 0.0, 0.0, 0.0, 0.0, 0.0, 0.0, 0.0, 0.0, 0.0, 0.0, 0.0, 0.0, 0.0, 0.0, 0.0, 0.0, 0.0, 0.0, 0.0, 0.0, 0.0, 0.0, 0.0, 0.0, 0.0, 0.0, 0.0, 0.0, 0.0, 0.0, 0.0, 0.0, 0.0, 0.0, 0.0, 0.0, 0.0, 0.0, 0.0, 0.0, 0.0, 0.0, 0.0, 0.0, 0.0, 0.0, 0.0, 0.0, 0.0, 0.0, 0.0, 0.0, 0.0, 0.0, 0.0, 0.0, 0.0, 0.0, 0.0, 0.0, 0.0, 0.0, 0.0, 0.0, 0.0, 0.0, 0.0, 0.0, 0.0, 0.0], "tonal.chords_histogram": [0.23148147761821747, 0.23148147761821747, 1.5046296119689941, 0.23148147761821747, 3.0092592239379883, 1.0416666269302368, 0.0, 3.125, 0.6944444179534912, 3.0092592239379883, 0.0, 1.8518518209457397, 8.449073791503906, 0.23148147761821747, 8.333333015441895, 6.365740776062012, 9.606481552124023, 1.2731481790542603, 1.6203703880310059, 10.185185432434082, 2.1990740299224854, 14.120369911193848, 16.31944465637207, 6.365740776062012], "tonal.thpcp": [1.0, 0.8688622117042542, 0.7211665511131287, 0.6733933687210083, 0.5371571779251099, 0.4912116229534149, 0.6695910692214966, 0.7088333368301392, 0.6084012389183044, 0.6461297273635864, 0.6243454217910767, 0.5524283051490784, 0.6323378086090088, 0.7531412243843079, 0.7351029515266418, 0.6669021248817444, 0.6034991145133972, 0.5040168762207031, 0.5437893867492676, 0.5973461270332336, 0.5049108862876892, 0.5041251182556152, 0.4706401824951172, 0.3857729434967041, 0.41335126757621765, 0.4373052716255188, 0.41721078753471375, 0.47952035069465637, 0.6571018099784851, 0.6555899381637573, 0.6144459247589111, 0.5677209496498108, 0.584287166595459, 0.7007834315299988, 0.7943893074989319, 0.9386433959007263], "lowlevel.gfcc.cov": [[5337.94921875, -494.027099609375, 6.159497261047363, 342.9446716308594, 490.0076904296875, 82.79212188720703, -227.65499877929688, 266.67218017578125, -86.9161148071289, -343.2392272949219, 86.3188705444336, -121.87548065185547, -198.70797729492188], [-494.027099609375, 1676.4014892578125, 350.9258728027344, -183.79148864746094, 0.14766226708889008, -8.154608726501465, 75.54447174072266, -57.27044677734375, -5.523945331573486, -114.13037872314453, -16.430435180664062, 63.07527542114258, 15.1612548828125], [6.159497261047363, 350.9258728027344, 691.8224487304688, 286.8321838378906, 114.58409118652344, 129.40283203125, 32.15971755981445, 27.395708084106445, 53.9217529296875, -36.308197021484375, -84.8958969116211, 88.06501770019531, 9.637070655822754], [342.9446716308594, -183.79148864746094, 286.8321838378906, 472.6378173828125, 226.69700622558594, 85.96845245361328, -32.384429931640625, 47.11902618408203, 58.28933334350586, -70.48008728027344, -58.68994903564453, -8.22984504699707, -4.260313987731934], [490.0076904296875, 0.14766226708889008, 114.58409118652344, 226.69700622558594, 391.0401916503906, 95.75367736816406, -117.04933166503906, 81.13805389404297, 7.653820037841797, -116.5816650390625, -26.08463478088379, -67.08170318603516, -61.79500961303711], [82.79212188720703, -8.154608726501465, 129.40283203125, 85.96845245361328, 95.75367736816406, 209.4993133544922, 114.9868392944336, 59.4212532043457, 16.49358558654785, -8.49664306640625, -13.264717102050781, -39.961524963378906, -57.90808868408203], [-227.65499877929688, 75.54447174072266, 32.15971755981445, -32.384429931640625, -117.04933166503906, 114.9868392944336, 267.6390686035156, 47.73711013793945, -13.200934410095215, 38.22038650512695, 3.677114725112915, 4.11184549331665, -34.65671920776367], [266.67218017578125, -57.27044677734375, 27.395708084106445, 47.11902618408203, 81.13805389404297, 59.4212532043457, 47.73711013793945, 147.08692932128906, 41.30424499511719, -37.90823745727539, 15.683879852294922, -8.088064193725586, -52.9397087097168], [-86.9161148071289, -5.523945331573486, 53.9217529296875, 58.28933334350586, 7.653820037841797, 16.49358558654785, -13.200934410095215, 41.30424499511719, 130.82704162597656, 63.35831069946289, -12.408194541931152, 23.37961769104004, 19.840045928955078], [-343.2392272949219, -114.13037872314453, -36.308197021484375, -70.48008728027344, -116.5816650390625, -8.49664306640625, 38.22038650512695, -37.90823745727539, 63.35831069946289, 196.1428985595703, 21.834497451782227, 26.91451072692871, 52.07350540161133], [86.3188705444336, -16.430435180664062, -84.8958969116211, -58.68994903564453, -26.08463478088379, -13.264717102050781, 3.677114725112915, 15.683879852294922, -12.408194541931152, 21.834497451782227, 101.63541412353516, 12.099778175354004, -8.581984519958496], [-121.87548065185547, 63.07527542114258, 88.06501770019531, -8.22984504699707, -67.08170318603516, -39.961524963378906, 4.11184549331665, -8.088064193725586, 23.37961769104004, 26.91451072692871, 12.099778175354004, 113.26759338378906, 48.55784606933594], [-198.70797729492188, 15.1612548828125, 9.637070655822754, -4.260313987731934, -61.79500961303711, -57.90808868408203, -34.65671920776367, -52.9397087097168, 19.840045928955078, 52.07350540161133, -8.581984519958496, 48.55784606933594, 108.08360290527344]], "lowlevel.gfcc.icov": [[0.0002629186783451587, 3.149140320601873e-05, 8.77457841852447e-06, -0.0001569576415931806, 6.0898950323462486e-05, -0.00012070460797986016, 0.00037197759957052767, -0.0004854693543165922, 0.0003099282621406019, 0.00016884374781511724, -0.00023261895694304258, 5.1586721383500844e-05, 0.00014373303565662354], [3.149140320601873e-05, 0.0016404266934841871, -0.0018149521201848984, 0.002478025620803237, -0.0021266047842800617, 0.002149781445041299, -0.00298331375233829, 0.00298111978918314, -0.003268278669565916, 0.0028791925869882107, -0.0016841384349390864, 0.0010788333602249622, -0.0008788321865722537], [8.77457841852447e-06, -0.0018149521201848984, 0.005053750704973936, -0.004132132511585951, 0.002530755242332816, -0.004612545017153025, 0.003960816189646721, -0.0032154927030205727, 0.004067880567163229, -0.003176730591803789, 0.00383366527967155, -0.004898826126009226, 0.001617011963389814], [-0.0001569576415931806, 0.002478025620803237, -0.004132132511585951, 0.008193518035113811, -0.005829767324030399, 0.0041749682277441025, -0.006288230884820223, 0.005931695457547903, -0.007616076618432999, 0.005558210890740156, -0.0025049245450645685, 0.0026620731223374605, -0.0028266767039895058], [6.0898950323462486e-05, -0.0021266047842800617, 0.002530755242332816, -0.005829767324030399, 0.011308612301945686, -0.007740457076579332, 0.010420543141663074, -0.008423631079494953, 0.007023363374173641, -0.0031302517745643854, 0.002859378233551979, 5.697280357708223e-06, 0.0019319968996569514], [-0.00012070460797986016, 0.002149781445041299, -0.004612545017153025, 0.0041749682277441025, -0.007740457076579332, 0.01601223647594452, -0.011786091141402721, 0.0059949494898319244, -0.007532814051955938, 0.0031955239828675985, -0.003604927333071828, 0.005464903544634581, 0.0004647104360628873], [0.00037197759957052767, -0.00298331375233829, 0.003960816189646721, -0.006288230884820223, 0.010420543141663074, -0.011786091141402721, 0.01750032790005207, -0.012083987705409527, 0.011992799118161201, -0.007476383820176125, 0.005018447060137987, -0.003587061772122979, 0.0032477262429893017], [-0.0004854693543165922, 0.00298111978918314, -0.0032154927030205727, 0.005931695457547903, -0.008423631079494953, 0.0059949494898319244, -0.012083987705409527, 0.021877283230423927, -0.015479017049074173, 0.009369726292788982, -0.0065079741179943085, 0.0007083609234541655, 0.001938685541972518], [0.0003099282621406019, -0.003268278669565916, 0.004067880567163229, -0.007616076618432999, 0.007023363374173641, -0.007532814051955938, 0.011992799118161201, -0.015479017049074173, 0.023697612807154655, -0.01296671200543642, 0.00732368603348732, -0.00471001910045743, 0.0012035317486152053], [0.00016884374781511724, 0.0028791925869882107, -0.003176730591803789, 0.005558210890740156, -0.0031302517745643854, 0.0031955239828675985, -0.007476383820176125, 0.009369726292788982, -0.01296671200543642, 0.015712225809693336, -0.0064270407892763615, 0.003291413653641939, -0.0046554915606975555], [-0.00023261895694304258, -0.0016841384349390864, 0.00383366527967155, -0.0025049245450645685, 0.002859378233551979, -0.003604927333071828, 0.005018447060137987, -0.0065079741179943085, 0.00732368603348732, -0.0064270407892763615, 0.01581566408276558, -0.005683816038072109, 0.003054365050047636], [5.1586721383500844e-05, 0.0010788333602249622, -0.004898826126009226, 0.0026620731223374605, 5.697280357708223e-06, 0.005464903544634581, -0.003587061772122979, 0.0007083609234541655, -0.00471001910045743, 0.003291413653641939, -0.005683816038072109, 0.018054816871881485, -0.006670625880360603], [0.00014373303565662354, -0.0008788321865722537, 0.001617011963389814, -0.0028266767039895058, 0.0019319968996569514, 0.0004647104360628873, 0.0032477262429893017, 0.001938685541972518, 0.0012035317486152053, -0.0046554915606975555, 0.003054365050047636, -0.006670625880360603, 0.017989961430430412]], "lowlevel.mfcc.cov": [[4903.4501953125, -539.9688110351562, -347.0802307128906, 160.94065856933594, 528.3584594726562, -219.08078002929688, 114.07038879394531, 303.67449951171875, -226.8018798828125, 129.16282653808594, -54.87095642089844, -19.55350112915039, -11.266100883483887], [-539.9688110351562, 1510.6434326171875, 227.4084014892578, -109.97026824951172, -61.95395278930664, -23.98963165283203, -8.48055648803711, 62.60824203491211, -44.27326202392578, -114.2254867553711, 3.7974791526794434, -100.55199432373047, -4.33434534072876], [-347.0802307128906, 227.4084014892578, 615.7728881835938, 175.55081176757812, -15.218554496765137, 163.0991973876953, 6.256039619445801, 74.8255615234375, 133.80621337890625, -49.80705642700195, 17.245485305786133, 3.0595157146453857, 10.074662208557129], [160.94065856933594, -109.97026824951172, 175.55081176757812, 331.70025634765625, 223.12124633789062, 62.80845642089844, -38.12001419067383, 67.98465728759766, 47.15452575683594, 1.1502426862716675, -62.599891662597656, -50.20804977416992, 23.803863525390625], [528.3584594726562, -61.95395278930664, -15.218554496765137, 223.12124633789062, 586.7022094726562, 7.161879539489746, -28.546133041381836, 111.48706817626953, -24.685007095336914, 88.73957061767578, -97.35733032226562, -63.305137634277344, 20.00165367126465], [-219.08078002929688, -23.98963165283203, 163.0991973876953, 62.80845642089844, 7.161879539489746, 192.8866424560547, 46.24916076660156, -13.231205940246582, 85.29838562011719, 9.290051460266113, 19.94341278076172, 19.11267852783203, -16.04526710510254], [114.07038879394531, -8.48055648803711, 6.256039619445801, -38.12001419067383, -28.546133041381836, 46.24916076660156, 208.1597137451172, 88.14883422851562, -10.976187705993652, 37.252437591552734, 40.28506851196289, 33.34958267211914, -20.335046768188477], [303.67449951171875, 62.60824203491211, 74.8255615234375, 67.98465728759766, 111.48706817626953, -13.231205940246582, 88.14883422851562, 250.10350036621094, 6.760307312011719, 8.118727684020996, 18.3779239654541, -5.554112911224365, 14.116973876953125], [-226.8018798828125, -44.27326202392578, 133.80621337890625, 47.15452575683594, -24.685007095336914, 85.29838562011719, -10.976187705993652, 6.760307312011719, 179.4728240966797, 30.601118087768555, 29.725053787231445, 37.6156120300293, 10.785552978515625], [129.16282653808594, -114.2254867553711, -49.80705642700195, 1.1502426862716675, 88.73957061767578, 9.290051460266113, 37.252437591552734, 8.118727684020996, 30.601118087768555, 137.37110900878906, 32.53789520263672, 32.248985290527344, 13.747114181518555], [-54.87095642089844, 3.7974791526794434, 17.245485305786133, -62.599891662597656, -97.35733032226562, 19.94341278076172, 40.28506851196289, 18.3779239654541, 29.725053787231445, 32.53789520263672, 117.72697448730469, 63.78903579711914, 4.885522365570068], [-19.55350112915039, -100.55199432373047, 3.0595157146453857, -50.20804977416992, -63.305137634277344, 19.11267852783203, 33.34958267211914, -5.554112911224365, 37.6156120300293, 32.248985290527344, 63.78903579711914, 103.74786376953125, 24.793685913085938], [-11.266100883483887, -4.33434534072876, 10.074662208557129, 23.803863525390625, 20.00165367126465, -16.04526710510254, -20.335046768188477, 14.116973876953125, 10.785552978515625, 13.747114181518555, 4.885522365570068, 24.793685913085938, 81.2452392578125]], "lowlevel.mfcc.icov": [[0.0002809901488944888, 8.053112105699256e-05, 5.621903619612567e-05, -0.00011471441393950954, -0.00015265944239217788, 0.00023497984511777759, -4.585817441693507e-05, -0.00027149575180374086, 0.0002813047613017261, -0.00010661831038305536, 1.031669057738327e-06, -0.00018613514839671552, 0.00022702253772877157], [8.053112105699256e-05, 0.0009950852254405618, -0.0005984096205793321, 0.0009227153495885432, -0.0003388102923054248, 0.00026322941994294524, -0.00015634088777005672, -0.0001028271290124394, 8.884858834790066e-05, 0.000608186237514019, -0.0006907598581165075, 0.001573233283124864, -0.0005710236728191376], [5.621903619612567e-05, -0.0005984096205793321, 0.003294450230896473, -0.0017972344066947699, 0.0006231964216567576, -0.0019160547526553273, 0.0004076625918969512, -0.0009589925757609308, -0.0009468139032833278, 0.0007479515043087304, -4.1454946767771617e-05, -0.0008727431995794177, 9.871882502920926e-05], [-0.00011471441393950954, 0.0009227153495885432, -0.0017972344066947699, 0.006984394043684006, -0.0019398558652028441, -0.0011460998794063926, 0.0006478424184024334, -0.0007278518169187009, -0.0008732426213100553, 0.0008601882727816701, 0.0006834076484665275, 0.0032691338565200567, -0.0023186788894236088], [-0.00015265944239217788, -0.0003388102923054248, 0.0006231964216567576, -0.0019398558652028441, 0.004193343687802553, -0.0015790645265951753, 0.001816749107092619, -0.002173471497371793, 0.0015120097668841481, -0.00386868161149323, 0.003275548340752721, -0.0006167046958580613, 0.0003851098008453846], [0.00023497984511777759, 0.00026322941994294524, -0.0019160547526553273, -0.0011460998794063926, -0.0015790645265951753, 0.010664060711860657, -0.0042135040275752544, 0.0033843806013464928, -0.003639040980488062, 0.0016638599336147308, -0.0020747100934386253, 6.129711982794106e-05, 0.0017797730397433043], [-4.585817441693507e-05, -0.00015634088777005672, 0.0004076625918969512, 0.0006478424184024334, 0.001816749107092619, -0.0042135040275752544, 0.009435353800654411, -0.004873087164014578, 0.003266864223405719, -0.003814853262156248, 0.0017533536301925778, -0.002987795975059271, 0.0026920349337160587], [-0.00027149575180374086, -0.0001028271290124394, -0.0009589925757609308, -0.0007278518169187009, -0.002173471497371793, 0.0033843806013464928, -0.004873087164014578, 0.00808722898364067, -0.00220100418664515, 0.0028766882605850697, -0.003670389298349619, 0.00215715728700161, -0.0017645555781200528], [0.0002813047613017261, 8.884858834790066e-05, -0.0009468139032833278, -0.0008732426213100553, 0.0015120097668841481, -0.003639040980488062, 0.003266864223405719, -0.00220100418664515, 0.01020611822605133, -0.003871035994961858, 0.0010694876546040177, -0.003158701816573739, 0.0007259350386448205], [-0.00010661831038305536, 0.000608186237514019, 0.0007479515043087304, 0.0008601882727816701, -0.00386868161149323, 0.0016638599336147308, -0.003814853262156248, 0.0028766882605850697, -0.003871035994961858, 0.013598782941699028, -0.0054193842224776745, 0.0007056318572722375, -0.002177308313548565], [1.031669057738327e-06, -0.0006907598581165075, -4.1454946767771617e-05, 0.0006834076484665275, 0.003275548340752721, -0.0020747100934386253, 0.0017533536301925778, -0.003670389298349619, 0.0010694876546040177, -0.00541