{"song_id": "1183689239062392933", "download": "https://cdn.discordapp.com/attachments/1135903449314238464/1183689239062392933/chirp.mp4?ex=65893f82&amp", "lyrics": "istedi\u011fin neyse s\u00f6yle bana\noynayal\u0131m i\u015fte hafta sonunda\nhafta sonunda R\u0131fk\u0131 oyunda\nnefes al\u0131yorsak her \u015fey yolunda\n\nher hafta videolar kendi g\u00fcn\u00fcnde\ncumartesi bekleriz saat onbirde\n\narad\u0131\u011f\u0131n oyunsa ders aras\u0131nda \nseni bekliyoruz R\u0131fk\u0131 oyunda\narad\u0131\u011f\u0131n oyunsa hafta sonunda \nseni bekliyoruz R\u0131fk\u0131 oyunda\nR\u0131fk\u0131 oyunda \nhafta sonunda \nR\u0131fk\u0131 oyunda \nher \u015fey yolunda", "style": ["random"], "essentia_features": {"lowlevel.average_loudness": 0.7102127075195312, "lowlevel.barkbands_crest.mean": 12.279644012451172, "lowlevel.barkbands_crest.stdev": 4.372156143188477, "lowlevel.barkbands_flatness_db.mean": 0.19427372515201569, "lowlevel.barkbands_flatness_db.stdev": 0.06402361392974854, "lowlevel.barkbands_kurtosis.mean": 10.152921676635742, "lowlevel.barkbands_kurtosis.stdev": 17.100183486938477, "lowlevel.barkbands_skewness.mean": 2.435573101043701, "lowlevel.barkbands_skewness.stdev": 1.56519615650177, "lowlevel.barkbands_spread.mean": 19.010766983032227, "lowlevel.barkbands_spread.stdev": 16.769916534423828, "lowlevel.dissonance.mean": 0.46515533328056335, "lowlevel.dissonance.stdev": 0.030614348128437996, "lowlevel.dynamic_complexity": 4.501959800720215, "lowlevel.erbbands_crest.mean": 9.48253345489502, "lowlevel.erbbands_crest.stdev": 4.297089099884033, "lowlevel.erbbands_flatness_db.mean": 0.16300123929977417, "lowlevel.erbbands_flatness_db.stdev": 0.04173387214541435, "lowlevel.erbbands_kurtosis.mean": 0.8824906945228577, "lowlevel.erbbands_kurtosis.stdev": 2.7191128730773926, "lowlevel.erbbands_skewness.mean": -0.043210018426179886, "lowlevel.erbbands_skewness.stdev": 0.9874220490455627, "lowlevel.erbbands_spread.mean": 41.45048904418945, "lowlevel.erbbands_spread.stdev": 22.35007095336914, "lowlevel.hfc.mean": 12.423222541809082, "lowlevel.hfc.stdev": 14.926788330078125, "lowlevel.loudness_ebu128.integrated": -17.581554412841797, "lowlevel.loudness_ebu128.loudness_range": 8.275423049926758, "lowlevel.loudness_ebu128.momentary.mean": -19.414474487304688, "lowlevel.loudness_ebu128.momentary.stdev": 4.0138773918151855, "lowlevel.loudness_ebu128.short_term.mean": -19.112598419189453, "lowlevel.loudness_ebu128.short_term.stdev": 3.423996925354004, "lowlevel.melbands_crest.mean": 19.66823959350586, "lowlevel.melbands_crest.stdev": 7.111584663391113, "lowlevel.melbands_flatness_db.mean": 0.2695319950580597, "lowlevel.melbands_flatness_db.stdev": 0.08076577633619308, "lowlevel.melbands_kurtosis.mean": 27.094615936279297, "lowlevel.melbands_kurtosis.stdev": 32.10163497924805, "lowlevel.melbands_skewness.mean": 3.9316248893737793, "lowlevel.melbands_skewness.stdev": 2.048286199569702, "lowlevel.melbands_spread.mean": 17.032394409179688, "lowlevel.melbands_spread.stdev": 19.056106567382812, "lowlevel.pitch_salience.mean": 0.49271726608276367, "lowlevel.pitch_salience.stdev": 0.14794886112213135, "lowlevel.silence_rate_20dB.mean": 1.0, "lowlevel.silence_rate_20dB.stdev": 0.0, "lowlevel.silence_rate_30dB.mean": 0.9135135412216187, "lowlevel.silence_rate_30dB.stdev": 0.2810770571231842, "lowlevel.silence_rate_60dB.mean": 0.09189189225435257, "lowlevel.silence_rate_60dB.stdev": 0.2888745963573456, "lowlevel.spectral_centroid.mean": 1146.8758544921875, "lowlevel.spectral_centroid.stdev": 706.0116577148438, "lowlevel.spectral_complexity.mean": 12.393050193786621, "lowlevel.spectral_complexity.stdev": 9.082826614379883, "lowlevel.spectral_decrease.mean": -8.923695560270062e-09, "lowlevel.spectral_decrease.stdev": 1.1906545971385185e-08, "lowlevel.spectral_energy.mean": 0.03480682149529457, "lowlevel.spectral_energy.stdev": 0.04572208598256111, "lowlevel.spectral_energyband_high.mean": 0.0005253382842056453, "lowlevel.spectral_energyband_high.stdev": 0.0011528906179592013, "lowlevel.spectral_energyband_low.mean": 0.02249985560774803, "lowlevel.spectral_energyband_low.stdev": 0.037399306893348694, "lowlevel.spectral_energyband_middle_high.mean": 0.0027363875415176153, "lowlevel.spectral_energyband_middle_high.stdev": 0.0037158760242164135, "lowlevel.spectral_energyband_middle_low.mean": 0.010233728215098381, "lowlevel.spectral_energyband_middle_low.stdev": 0.021242672577500343, "lowlevel.spectral_entropy.mean": 7.446417331695557, "lowlevel.spectral_entropy.stdev": 0.43632033467292786, "lowlevel.spectral_flux.mean": 0.07492030411958694, "lowlevel.spectral_flux.stdev": 0.07119347155094147, "lowlevel.spectral_kurtosis.mean": 5.202316761016846, "lowlevel.spectral_kurtosis.stdev": 3.6555376052856445, "lowlevel.spectral_rms.mean": 0.004945808555930853, "lowlevel.spectral_rms.stdev": 0.003081716364249587, "lowlevel.spectral_rolloff.mean": 954.311767578125, "lowlevel.spectral_rolloff.stdev": 1490.7752685546875, "lowlevel.spectral_skewness.mean": 1.6711088418960571, "lowlevel.spectral_skewness.stdev": 0.5956072211265564, "lowlevel.spectral_spread.mean": 4347773.0, "lowlevel.spectral_spread.stdev": 1962529.5, "lowlevel.spectral_strongpeak.mean": 0.3563045561313629, "lowlevel.spectral_strongpeak.stdev": 0.48165249824523926, "lowlevel.zerocrossingrate.mean": 0.04283075034618378, "lowlevel.zerocrossingrate.stdev": 0.03714239224791527, "metadata.audio_properties.analysis.equal_loudness": 0.0, "metadata.audio_properties.analysis.length": 30.03628158569336, "metadata.audio_properties.analysis.sample_rate": 44100.0, "metadata.audio_properties.analysis.start_time": 0.0, "metadata.audio_properties.bit_rate": 114835.0, "metadata.audio_properties.length": 30.03733253479004, "metadata.audio_properties.lossless": 0.0, "metadata.audio_properties.number_channels": 1.0, "metadata.audio_properties.replay_gain": -10.406339645385742, "metadata.audio_properties.sample_rate": 48000.0, "rhythm.beats_count": 47.0, "rhythm.beats_loudness.mean": 0.05780730023980141, "rhythm.beats_loudness.stdev": 0.07110383361577988, "rhythm.bpm": 96.78604125976562, "rhythm.bpm_histogram_first_peak_bpm": 98.0, "rhythm.bpm_histogram_first_peak_weight": 0.4285714626312256, "rhythm.bpm_histogram_second_peak_bpm": 92.0, "rhythm.bpm_histogram_second_peak_spread": 0.25, "rhythm.bpm_histogram_second_peak_weight": 0.06521739065647125, "rhythm.danceability": 1.058657169342041, "rhythm.onset_rate": 3.7926383018493652, "tonal.chords_changes_rate": 0.08179012686014175, "tonal.chords_number_rate": 0.013888888992369175, "tonal.chords_strength.mean": 0.4396364986896515, "tonal.chords_strength.stdev": 0.06967375427484512, "tonal.hpcp_crest.mean": 12.202025413513184, "tonal.hpcp_crest.stdev": 5.066415309906006, "tonal.hpcp_entropy.mean": 2.1631805896759033, "tonal.hpcp_entropy.stdev": 0.6709898710250854, "tonal.key_edma.strength": 0.5532820224761963, "tonal.key_krumhansl.strength": 0.5556631088256836, "tonal.key_temperley.strength": 0.5584536194801331, "tonal.tuning_diatonic_strength": 0.5296223163604736, "tonal.tuning_equal_tempered_deviation": 0.1831163763999939, "tonal.tuning_frequency": 434.193115234375, "tonal.tuning_nontempered_energy_ratio": 0.8581777215003967, "lowlevel.barkbands.mean": [0.0035718828439712524, 0.015841800719499588, 0.0020152749493718147, 0.003959858790040016, 0.0031043030321598053, 0.0009047226631082594, 0.0006014066748321056, 0.0010749156353995204, 0.0003193915472365916, 0.0003906882484443486, 0.0005353468586690724, 0.00021220163034740835, 0.0004243844305165112, 0.00019451604748610407, 0.0004781838215421885, 0.00017451222811359912, 0.00021812418708577752, 8.442959369858727e-05, 8.935030928114429e-05, 0.00015217163308989257, 0.00010423173807794228, 7.291227666428313e-05, 7.970837032189593e-05, 0.00010484367521712556, 6.725016282871366e-05, 2.9868549972889014e-05, 6.320238412627077e-07], "lowlevel.barkbands.stdev": [0.0048116459511220455, 0.03111591748893261, 0.008209142833948135, 0.013429995626211166, 0.007476152386516333, 0.0017088564345613122, 0.0012474177638068795, 0.002255689585581422, 0.0010435483418405056, 0.0011069123866036534, 0.001757570542395115, 0.000456408568425104, 0.001056333421729505, 0.0005487066227942705, 0.001125441282056272, 0.00040525206713937223, 0.0003666382690425962, 0.00018570860265754163, 0.00021256477339193225, 0.0003029504732694477, 0.00024535346892662346, 0.0002066079032374546, 0.00019074305600952357, 0.0003074791166000068, 0.00021079377620480955, 8.733339927857742e-05, 2.753916305664461e-06], "lowlevel.erbbands.mean": [0.7248311042785645, 2.445847272872925, 2.8342411518096924, 7.494052410125732, 14.288453102111816, 8.916017532348633, 6.318202972412109, 8.01905632019043, 8.630166053771973, 13.196541786193848, 24.445289611816406, 8.517460823059082, 13.701483726501465, 14.49227237701416, 17.10923194885254, 10.373845100402832, 20.892404556274414, 12.354094505310059, 17.95359230041504, 19.46177101135254, 10.312564849853516, 11.990715026855469, 5.552627086639404, 4.121363162994385, 5.684444427490234, 7.019532680511475, 5.051229953765869, 3.4309279918670654, 2.694092273712158, 2.4110963344573975, 2.1616134643554688, 1.921249508857727, 1.8723276853561401, 0.9615762233734131, 0.3669154942035675, 0.13352319598197937, 0.05448922887444496, 0.008208208717405796, 0.00017192953964695334, 4.549244113150053e-05], "lowlevel.erbbands.stdev": [1.4389559030532837, 5.753437519073486, 9.824889183044434, 21.92760467529297, 48.22834014892578, 17.647632598876953, 11.034188270568848, 15.312604904174805, 18.504701614379883, 22.292421340942383, 54.85415267944336, 23.51313018798828, 42.729469299316406, 41.759246826171875, 71.33496856689453, 21.890954971313477, 51.2342414855957, 30.741573333740234, 36.851097106933594, 51.4185905456543, 17.601295471191406, 20.85883903503418, 11.135406494140625, 9.57470703125, 11.782719612121582, 13.931256294250488, 11.145392417907715, 8.690208435058594, 7.5933098793029785, 6.6279778480529785, 5.165093898773193, 4.936235427856445, 6.169034957885742, 3.114844799041748, 1.1522740125656128, 0.38562604784965515, 0.1603308618068695, 0.026607710868120193, 0.0004962660605087876, 5.7081626437138766e-05], "lowlevel.gfcc.mean": [-53.221900939941406, 115.08438873291016, -103.88728332519531, 47.501922607421875, -44.797542572021484, 21.0498046875, -41.65822982788086, 10.700294494628906, -17.90736961364746, 4.50421142578125, -5.2509236335754395, -11.622004508972168, 2.3614959716796875], "lowlevel.melbands.mean": [0.005437389016151428, 0.0020476740319281816, 0.0016103730304166675, 0.0007810971001163125, 0.00027200704789720476, 0.00018008198821917176, 0.00013668353494722396, 0.00015834537043701857, 0.00018443183216731995, 4.5519627747125924e-05, 6.517505244119093e-05, 5.187463102629408e-05, 5.997525295242667e-05, 3.0726871045771986e-05, 2.9115051802364178e-05, 4.683123552240431e-05, 1.974525730474852e-05, 2.3949869500938803e-05, 3.80238561774604e-05, 1.56393252837006e-05, 1.1526397429406643e-05, 1.3481276255333796e-05, 7.449579698004527e-06, 3.511873501338414e-06, 3.2178136279981118e-06, 3.4929171306430362e-06, 5.456212420540396e-06, 4.371439899841789e-06, 3.288293555669952e-06, 2.56587668445718e-06, 1.774757379280345e-06, 1.5942839581839507e-06, 1.2891941878478974e-06, 1.3897214330427232e-06, 1.2378868632367812e-06, 1.1546917448868044e-06, 1.2020609574392438e-06, 1.4151462437439477e-06, 1.1226949254705687e-06, 6.974601092224475e-07], "lowlevel.melbands.stdev": [0.010163209401071072, 0.005337940528988838, 0.004944715183228254, 0.0020669116638600826, 0.0004964504041709006, 0.0003467764181550592, 0.0002907287853304297, 0.0002667645167093724, 0.0004170672327745706, 0.00014009533333592117, 0.0002095164527418092, 0.00015520364104304463, 0.00021888880291953683, 8.603110472904518e-05, 6.041983942850493e-05, 0.00012692369637079537, 5.759498890256509e-05, 5.144632450537756e-05, 9.619838965591043e-05, 4.482794247451238e-05, 1.831156805565115e-05, 2.3582020730827935e-05, 1.4965416085033212e-05, 7.975154403538909e-06, 7.826101864338852e-06, 8.815713954390958e-06, 1.1179055945831351e-05, 9.074716217583045e-06, 7.26335565559566e-06, 6.268808647291735e-06, 4.7630619519623e-06, 4.6732029659324326e-06, 3.756794058062951e-06, 3.803274012170732e-06, 3.047207655981765e-06, 2.8798781386285555e-06, 3.2880357139219996e-06, 4.675620402849745e-06, 3.784431783060427e-06, 2.3170198346633697e-06], "lowlevel.melbands128.mean": [0.0031963856890797615, 0.006994802039116621, 0.005795803852379322, 0.0036211437545716763, 0.0016788970679044724, 0.0009616665774956346, 0.001301444135606289, 0.0022883594501763582, 0.0014845936093479395, 0.0005083782598376274, 0.0004748966603074223, 0.00042367790592834353, 0.00017657472926657647, 0.00014620287402067333, 0.0001685532770352438, 0.00023046736896503717, 0.0001582429395057261, 9.134144784184173e-05, 0.00015794398495927453, 0.0001337481808150187, 0.00015371781773865223, 0.00022435473510995507, 0.00024569244123995304, 7.192476914497092e-05, 3.4528045944171026e-05, 3.274068876635283e-05, 5.758054248872213e-05, 0.00010939949424937367, 2.4490014766342938e-05, 2.145145663234871e-05, 8.62987944856286e-05, 6.723025580868125e-05, 4.645070657716133e-05, 7.876834570197389e-05, 1.956076084752567e-05, 2.622712781885639e-05, 2.6031637389678508e-05, 2.284410766151268e-05, 2.3948976377141662e-05, 7.538741192547604e-05, 4.951583832735196e-05, 1.2119810889998917e-05, 2.2438027372118086e-05, 2.256890911667142e-05, 1.2637770851142704e-05, 1.995610182348173e-05, 4.059069760842249e-05, 4.962799357599579e-05, 3.229483627364971e-05, 2.1070743969175965e-05, 1.2330087884038221e-05, 1.159425937657943e-05, 9.769406460691243e-06, 1.190327475342201e-05, 1.4545351405104157e-05, 1.402588895871304e-05, 1.3077054973109625e-05, 8.499689101881813e-06, 5.785234861832578e-06, 4.309626092435792e-06, 3.2645657483953983e-06, 2.929724587374949e-06, 3.28170563079766e-06, 3.368498482814175e-06, 2.995976728925598e-06, 3.662482413346879e-06, 3.3451808576501207e-06, 4.283471753296908e-06, 6.918036888237111e-06, 6.062264674255857e-06, 3.849394033750286e-06, 3.9938609006640036e-06, 3.3714361507009016e-06, 3.2584996461082483e-06, 3.032036374861491e-06, 2.588973529782379e-06, 2.5733556867635343e-06, 1.846686814133136e-06, 1.6275879488603096e-06, 1.6561950815230375e-06, 1.8376177877144073e-06, 1.4723351569045917e-06, 1.2332781125223846e-06, 1.4082952475291677e-06, 1.145968440141587e-06, 1.3417417221717187e-06, 1.5345264046118245e-06, 1.3524022506317124e-06, 1.1584680805754033e-06, 1.2069016293025925e-06, 1.274301894227392e-06, 1.0772286032079137e-06, 1.0555817198110162e-06, 1.099567384699185e-06, 1.325416178588057e-06, 1.656804556660063e-06, 1.3426722489384701e-06, 1.1953886769333621e-06, 1.2325924672040856e-06, 1.0943304005195387e-06, 7.812143962837581e-07, 7.007737963249383e-07, 4.504391029058752e-07, 4.811586222785991e-07, 3.7674428199352405e-07, 4.085078728621738e-07, 2.864056796170189e-07, 2.535629448630061e-07, 1.9582599009027035e-07, 1.876573634262968e-07, 2.22250349679598e-07, 1.9345952750882134e-07, 1.7203464608428476e-07, 1.544337635550619e-07, 1.473579942512515e-07, 1.1282308776117134e-07, 2.575170476859512e-08, 3.429300732271656e-10, 5.336074030554139e-12, 4.87450748168361e-12, 4.578169007091182e-12, 4.439494345059858e-12, 4.338686094423894e-12, 4.257427743681319e-12, 4.156605181576678e-12, 4.0271002678393675e-12, 3.951365710325172e-12, 3.923600160049556e-12], "lowlevel.melbands128.stdev": [0.004413577727973461, 0.014104655012488365, 0.012986525893211365, 0.009267881512641907, 0.00607976783066988, 0.0037081737536937, 0.003790920367464423, 0.008292930200695992, 0.005276782438158989, 0.0015193935250863433, 0.0009566007647663355, 0.000976634444668889, 0.0003393390798009932, 0.0003086614015046507, 0.0003791458730120212, 0.0006023669266141951, 0.00043059338349848986, 0.0002459686656948179, 0.00039480606210418046, 0.00026840114151127636, 0.00035272573586553335, 0.0005600230651907623, 0.0006116194417700171, 0.0002921301929745823, 0.00017508299788460135, 0.00014871428720653057, 0.00019249494653195143, 0.000393074267776683, 6.357506208587438e-05, 5.726269955630414e-05, 0.0003229455032851547, 0.0002138416894013062, 0.00021745906269643456, 0.000443317141616717, 5.078092362964526e-05, 7.710946374572814e-05, 6.245797703741118e-05, 6.968734669499099e-05, 5.850520756212063e-05, 0.00021828703756909817, 0.0001747716887621209, 4.420325058163144e-05, 8.211873500840738e-05, 7.149558223318309e-05, 5.377495108405128e-05, 5.033323395764455e-05, 0.00010661873238859698, 0.00014306962839327753, 0.00010873875726247206, 8.47523842821829e-05, 4.2886978917522356e-05, 3.085051866946742e-05, 1.7101743651437573e-05, 2.3763768695062026e-05, 2.68284093181137e-05, 2.984281127282884e-05, 2.922707426478155e-05, 1.939838330144994e-05, 1.4749373804079369e-05, 1.1093075045209844e-05, 8.800641808193177e-06, 7.258983259816887e-06, 8.209907718992326e-06, 9.673979548097122e-06, 8.09651828603819e-06, 1.1692042789945845e-05, 8.662908840051387e-06, 9.195115126203746e-06, 1.8126323993783444e-05, 1.2361624612822197e-05, 9.24139385460876e-06, 1.0111638403031975e-05, 7.770442607579753e-06, 7.798796104907524e-06, 8.111262104648631e-06, 6.509831109724473e-06, 7.446127256116597e-06, 5.227515885053435e-06, 4.800153419637354e-06, 5.009370852349093e-06, 6.0079273680457845e-06, 4.429897217050893e-06, 3.685325737023959e-06, 4.440393695404055e-06, 3.7654103834938724e-06, 4.144458671362372e-06, 4.342894953879295e-06, 3.612095952121308e-06, 3.2037883102020714e-06, 3.2025193377194228e-06, 3.344019660289632e-06, 2.975805500682327e-06, 2.981359557452379e-06, 3.304770189060946e-06, 3.9469387047574855e-06, 5.251155926089268e-06, 4.815464762941701e-06, 5.625650828733342e-06, 3.880573785863817e-06, 3.734497340701637e-06, 3.0301473543659085e-06, 2.2879526113683823e-06, 1.6310135606545373e-06, 1.7752718122210354e-06, 1.358664121653419e-06, 1.2931628816659213e-06, 9.062816275218211e-07, 8.630573802292929e-07, 6.396040248546342e-07, 6.389375357684912e-07, 7.580518968097749e-07, 6.317067686723021e-07, 5.528993938241911e-07, 4.833955244976096e-07, 4.887170916845207e-07, 4.260087393959111e-07, 1.040893948811572e-07, 3.955535010646827e-09, 1.535944461894534e-11, 1.1505754682339386e-11, 9.826776545263094e-12, 9.555734675759098e-12, 9.348470782211127e-12, 9.187942941191185e-12, 9.052768083772644e-12, 8.941561033259937e-12, 8.862583410207403e-12, 8.81407707237214e-12], "lowlevel.mfcc.mean": [-696.8761596679688, 136.1349334716797, 11.853646278381348, 29.5025691986084, 25.12717628479004, 7.6907057762146, 7.964581489562988, -5.043564796447754, 4.385206699371338, 9.632194519042969, -9.49503231048584, 10.545955657958984, 3.5863704681396484], "lowlevel.spectral_contrast_coeffs.mean": [-0.7293617725372314, -0.7535223364830017, -0.8058182001113892, -0.8016287684440613, -0.8059840798377991, -0.7830220460891724], "lowlevel.spectral_contrast_coeffs.stdev": [0.08960375934839249, 0.07047998905181885, 0.06541596353054047, 0.054494261741638184, 0.03619776666164398, 0.047202493995428085], "lowlevel.spectral_contrast_valleys.mean": [-6.664246559143066, -7.22656774520874, -7.910336494445801, -7.891447067260742, -8.05959701538086, -10.934150695800781], "lowlevel.spectral_contrast_valleys.stdev": [0.8059931993484497, 0.8140029311180115, 0.8362505435943604, 0.7320500016212463, 0.8242291808128357, 1.1214513778686523], "rhythm.beats_loudness_band_ratio.mean": [0.699341893196106, 0.1105102002620697, 0.0698016881942749, 0.04007548466324806, 0.07456573098897934, 0.0283063855022192], "rhythm.beats_loudness_band_ratio.stdev": [0.2182653844356537, 0.13597317039966583, 0.05848333239555359, 0.04297364503145218, 0.13348862528800964, 0.051319800317287445], "tonal.hpcp.mean": [0.020170006901025772, 0.026004161685705185, 0.06306836754083633, 0.16268178820610046, 0.14902575314044952, 0.05343519151210785, 0.04607376456260681, 0.05830308422446251, 0.13745586574077606, 0.36862727999687195, 0.3672136664390564, 0.1445467621088028, 0.06940215826034546, 0.05880819261074066, 0.060480911284685135, 0.08060027658939362, 0.08439101278781891, 0.09269796311855316, 0.19587980210781097, 0.19059914350509644, 0.07887236773967743, 0.042453113943338394, 0.036569297313690186, 0.0753200352191925, 0.18055416643619537, 0.17129334807395935, 0.069065161049366, 0.03705504909157753, 0.023014236241579056, 0.0441175140440464, 0.11304682493209839, 0.09885814785957336, 0.03148367255926132, 0.021149536594748497, 0.019960938021540642, 0.019177453592419624], "tonal.hpcp.stdev": [0.06802386045455933, 0.08559765666723251, 0.14142757654190063, 0.2810506820678711, 0.26619625091552734, 0.12226793169975281, 0.1325627565383911, 0.16551199555397034, 0.21759921312332153, 0.40196189284324646, 0.39171239733695984, 0.24580587446689606, 0.18800947070121765, 0.17955513298511505, 0.16799987852573395, 0.17679324746131897, 0.1883491575717926, 0.20330031216144562, 0.33467787504196167, 0.3277518153190613, 0.18799057602882385, 0.1315525621175766, 0.13165368139743805, 0.17658567428588867, 0.3046945035457611, 0.301171213388443, 0.1856703907251358, 0.15377959609031677, 0.10304275900125504, 0.1270979344844818, 0.20327529311180115, 0.18318866193294525, 0.1136779710650444, 0.093427874147892, 0.09761302173137665, 0.0841209888458252], "rhythm.beats_position": [0.638548731803894, 1.300317406654358, 1.9736961126327515, 2.623854875564575, 3.250793695449829, 3.8661224842071533, 4.481451034545898, 5.108389854431152, 5.723718643188477, 6.339047431945801, 6.954376220703125, 7.569705009460449, 8.196643829345703, 8.811972618103027, 9.427301406860352, 10.054240226745605, 10.66956901550293, 11.284897804260254, 11.900226593017578, 12.527165412902832, 13.130884170532227, 13.74621295928955, 14.373151779174805, 15.000090599060059, 15.615419387817383, 16.23074722290039, 16.85768699645996, 17.4846248626709, 18.11156463623047, 18.726892471313477, 19.330612182617188, 19.945940017700195, 20.561269760131836, 21.176597595214844, 21.803537368774414, 22.418865203857422, 23.022584915161133, 23.63791275024414, 24.26485252380371, 24.89179039001465, 25.51873016357422, 26.134057998657227, 26.760997772216797, 27.387935638427734, 28.026485443115234, 28.6650333404541, 29.3151912689209], "rhythm.bpm_histogram": [0.0, 0.0, 0.0, 0.0, 0.0, 0.0, 0.0, 0.0, 0.0, 0.0, 0.0, 0.0, 0.0, 0.0, 0.0, 0.0, 0.0, 0.0, 0.0, 0.0, 0.0, 0.0, 0.0, 0.0, 0.0, 0.0, 0.0, 0.0, 0.0, 0.0, 0.0, 0.0, 0.0, 0.0, 0.0, 0.0, 0.0, 0.0, 0.0, 0.0, 0.0, 0.0, 0.0, 0.0, 0.0, 0.0, 0.0, 0.0, 0.0, 0.0, 0.0, 0.0, 0.0, 0.0, 0.0, 0.0, 0.0, 0.0, 0.0, 0.0, 0.0, 0.0, 0.0, 0.0, 0.0, 0.0, 0.0, 0.0, 0.0, 0.0, 0.0, 0.0, 0.0, 0.0, 0.0, 0.0, 0.0, 0.0, 0.0, 0.0, 0.0, 0.0, 0.0, 0.0, 0.0, 0.0, 0.0, 0.0, 0.0, 0.021739130839705467, 0.0, 0.021739130839705467, 0.043478261679410934, 0.0, 0.043478261679410934, 0.0, 0.3478260934352875, 0.0, 0.45652174949645996, 0.06521739065647125, 0.0, 0.0, 0.0, 0.0, 0.0, 0.0, 0.0, 0.0, 0.0, 0.0, 0.0, 0.0, 0.0, 0.0, 0.0, 0.0, 0.0, 0.0, 0.0, 0.0, 0.0, 0.0, 0.0, 0.0, 0.0, 0.0, 0.0, 0.0, 0.0, 0.0, 0.0, 0.0, 0.0, 0.0, 0.0, 0.0, 0.0, 0.0, 0.0, 0.0, 0.0, 0.0, 0.0, 0.0, 0.0, 0.0, 0.0, 0.0, 0.0, 0.0, 0.0, 0.0, 0.0, 0.0, 0.0, 0.0, 0.0, 0.0, 0.0, 0.0, 0.0, 0.0, 0.0, 0.0, 0.0, 0.0, 0.0, 0.0, 0.0, 0.0, 0.0, 0.0, 0.0, 0.0, 0.0, 0.0, 0.0, 0.0, 0.0, 0.0, 0.0, 0.0, 0.0, 0.0, 0.0, 0.0, 0.0, 0.0, 0.0, 0.0, 0.0, 0.0, 0.0, 0.0, 0.0, 0.0, 0.0, 0.0, 0.0, 0.0, 0.0, 0.0, 0.0, 0.0, 0.0, 0.0, 0.0, 0.0, 0.0, 0.0, 0.0, 0.0, 0.0, 0.0, 0.0, 0.0, 0.0, 0.0, 0.0, 0.0, 0.0, 0.0, 0.0, 0.0, 0.0, 0.0, 0.0, 0.0, 0.0, 0.0, 0.0, 0.0, 0.0, 0.0, 0.0, 0.0, 0.0, 0.0, 0.0, 0.0, 0.0, 0.0, 0.0, 0.0, 0.0, 0.0, 0.0, 0.0, 0.0, 0.0], "tonal.chords_histogram": [6.172839641571045, 0.0, 2.314814805984497, 0.0, 1.2345678806304932, 0.0, 0.0, 0.0, 0.0, 0.0, 0.0, 0.0, 0.0, 0.0, 0.0, 4.012345790863037, 0.0, 5.4012346267700195, 16.203702926635742, 44.44444274902344, 7.561728477478027, 0.46296295523643494, 12.191357612609863, 0.0], "tonal.thpcp": [1.0, 0.9961652159690857, 0.39212173223495483, 0.1882718950510025, 0.15953293442726135, 0.16407063603401184, 0.21864978969097137, 0.2289331704378128, 0.2514680027961731, 0.531376302242279, 0.517051100730896, 0.2139623761177063, 0.11516541242599487, 0.09920398890972137, 0.20432572066783905, 0.48980143666267395, 0.46467897295951843, 0.18735770881175995, 0.10052172094583511, 0.062432266771793365, 0.11968054622411728, 0.3066697120666504, 0.26817914843559265, 0.08540787547826767, 0.0573737695813179, 0.05414937809109688, 0.05202396586537361, 0.05471653491258621, 0.07054323703050613, 0.1710897982120514, 0.4413178265094757, 0.4042721688747406, 0.14495722949504852, 0.1249874010682106, 0.1581626981496811, 0.3728857636451721], "lowlevel.gfcc.cov": [[6105.00634765625, -1425.7039794921875, 340.5367431640625, -513.8158569335938, -277.5911560058594, 50.77492904663086, 162.3174285888672, 309.99993896484375, -351.83880615234375, 330.0112609863281, -312.73687744140625, 482.218994140625, -551.2173461914062], [-1425.7039794921875, 1826.5006103515625, -222.95950317382812, -260.0173034667969, 342.81561279296875, -143.76426696777344, 183.20912170410156, -46.35719299316406, 279.92047119140625, -178.43775939941406, 263.84503173828125, -218.90603637695312, 318.7314147949219], [340.5367431640625, -222.95950317382812, 686.5686645507812, 88.48218536376953, -37.41252136230469, 100.04830169677734, 65.2579345703125, 8.151738166809082, -68.45177459716797, 20.336565017700195, 17.125486373901367, 130.56752014160156, -46.312530517578125], [-513.8158569335938, -260.0173034667969, 88.48218536376953, 641.9530639648438, 78.63311767578125, 17.4514217376709, -80.98479461669922, -100.45347595214844, 150.61143493652344, -1.6760133504867554, 2.710576295852661, -12.833939552307129, 96.46339416503906], [-277.5911560058594, 342.81561279296875, -37.41252136230469, 78.63311767578125, 523.0938720703125, -2.566779136657715, -23.618453979492188, 114.86756134033203, 151.03634643554688, 93.57868957519531, 78.71017456054688, -84.72128295898438, 124.97146606445312], [50.77492904663086, -143.76426696777344, 100.04830169677734, 17.4514217376709, -2.566779136657715, 179.55490112304688, 55.53955078125, 26.037199020385742, -20.920129776000977, 7.498517036437988, 30.585662841796875, 13.803982734680176, -23.953399658203125], [162.3174285888672, 183.20912170410156, 65.2579345703125, -80.98479461669922, -23.618453979492188, 55.53955078125, 245.47048950195312, 5.927948474884033, 10.725048065185547, -32.35670471191406, 47.27616500854492, 55.5943603515625, -5.897235870361328], [309.99993896484375, -46.35719299316406, 8.151738166809082, -100.45347595214844, 114.86756134033203, 26.037199020385742, 5.927948474884033, 234.09288024902344, 21.476078033447266, 71.34555053710938, 17.465177536010742, -33.13174819946289, 7.463956356048584], [-351.83880615234375, 279.92047119140625, -68.45177459716797, 150.61143493652344, 151.03634643554688, -20.920129776000977, 10.725048065185547, 21.476078033447266, 293.1793518066406, 65.80036926269531, 59.166717529296875, -49.61986541748047, 127.64022827148438], [330.0112609863281, -178.43775939941406, 20.336565017700195, -1.6760133504867554, 93.57868957519531, 7.498517036437988, -32.35670471191406, 71.34555053710938, 65.80036926269531, 196.58428955078125, 7.041186332702637, 12.8019437789917, -10.060006141662598], [-312.73687744140625, 263.84503173828125, 17.125486373901367, 2.710576295852661, 78.71017456054688, 30.585662841796875, 47.27616500854492, 17.465177536010742, 59.166717529296875, 7.041186332702637, 173.2472686767578, -8.748454093933105, 73.98387908935547], [482.218994140625, -218.90603637695312, 130.56752014160156, -12.833939552307129, -84.72128295898438, 13.803982734680176, 55.5943603515625, -33.13174819946289, -49.61986541748047, 12.8019437789917, -8.748454093933105, 193.1298065185547, -45.91481018066406], [-551.2173461914062, 318.7314147949219, -46.312530517578125, 96.46339416503906, 124.97146606445312, -23.953399658203125, -5.897235870361328, 7.463956356048584, 127.64022827148438, -10.060006141662598, 73.98387908935547, -45.91481018066406, 187.98410034179688]], "lowlevel.gfcc.icov": [[0.00036135027767159045, -4.412344060256146e-05, 1.9778182831942104e-05, 1.3063382539257873e-05, 3.0944866011850536e-05, 8.689126843819395e-05, -0.00017283257329836488, -0.000532360456418246, 9.571141708875075e-05, -0.0004650111077353358, 0.0004422532510943711, -0.0007596478099003434, 0.0006892974488437176], [-4.412344060256146e-05, 0.004137072712182999, -0.00066014239564538, 0.0033448010217398405, -0.0020871381275355816, 0.002976309275254607, -0.002300320426002145, 0.002963495207950473, -0.003084615571424365, 0.004116502124816179, -0.003283171681687236, 0.003591990564018488, -0.002961736638098955], [1.9778182831942104e-05, -0.00066014239564538, 0.0020401617512106895, -0.0010286082979291677, 0.00030485718161799014, -0.0011614534305408597, 8.783744124229997e-05, -0.000807852775324136, 0.0010648411698639393, -0.0008722330094315112, 0.0003173364675603807, -0.0017087296582758427, 0.0005799525533802807], [1.3063382539257873e-05, 0.0033448010217398405, -0.0010286082979291677, 0.005124620161950588, -0.0019398467848077416, 0.0016100722132250667, -0.0008049423922784626, 0.003533580107614398, -0.0038514232728630304, 0.003651231061667204, -0.002037385245785117, 0.0026464459951967, -0.002928038127720356], [3.0944866011850536e-05, -0.0020871381275355816, 0.00030485718161799014, -0.0019398467848077416, 0.004000769462436438, -0.0013857828453183174, 0.0011345145758241415, -0.00254133902490139, 0.0012539852177724242, -0.0031152660958468914, 0.0011336907045915723, -0.0010393442353233695, 0.00028207057039253414], [8.689126843819395e-05, 0.002976309275254607, -0.0011614534305408597, 0.0016100722132250667, -0.0013857828453183174, 0.009311811067163944, -0.003321936819702387, 0.0010499997297301888, -0.0014133538352325559, 0.0024381233379244804, -0.0036822541151195765, 0.0030646382365375757, -0.0006541864131577313], [-0.00017283257329836488, -0.002300320426002145, 8.783744124229997e-05, -0.0008049423922784626, 0.0011345145758241415, -0.003321936819702387, 0.007210008800029755, -0.0014574642991647124, -1.4582798939954955e-05, -0.0002041242696577683, 0.0004671000351663679, -0.003391287289559841, 0.001921519753523171], [-0.000532360456418246, 0.002963495207950473, -0.000807852775324136, 0.003533580107614398, -0.00254133902490139, 0.0010499997297301888, -0.0014574642991647124, 0.008889562450349331, -0.002330909250304103, 0.0018033882370218635, -0.0025926444213837385, 0.004591050557792187, -0.003352462314069271], [9.571141708875075e-05, -0.003084615571424365, 0.0010648411698639393, -0.0038514232728630304, 0.0012539852177724242, -0.0014133538352325559, -1.4582798939954955e-05, -0.002330909250304103, 0.009110875427722931, -0.005860952194780111, 0.0022010779939591885, -0.001862838165834546, -0.0009934259578585625], [-0.0004650111077353358, 0.004116502124816179, -0.0008722330094315112, 0.003651231061667204, -0.0031152660958468914, 0.0024381233379244804, -0.0002041242696577683, 0.0018033882370218635, -0.005860952194780111, 0.012295808643102646, -0.004054284654557705, 0.0026876509655267, -0.001238326309248805], [0.0004422532510943711, -0.003283171681687236, 0.0003173364675603807, -0.002037385245785117, 0.0011336907045915723, -0.0036822541151195765, 0.0004671000351663679, -0.0025926444213837385, 0.0022010779939591885, -0.004054284654557705, 0.011110390536487103, -0.0036808024160563946, -0.00010130389273399487], [-0.0007596478099003434, 0.003591990564018488, -0.0017087296582758427, 0.0026464459951967, -0.0010393442353233695, 0.0030646382365375757, -0.003391287289559841, 0.004591050557792187, -0.001862838165834546, 0.0026876509655267, -0.0036808024160563946, 0.011900828219950199, -0.0035399089101701975], [0.0006892974488437176, -0.002961736638098955, 0.0005799525533802807, -0.002928038127720356, 0.00028207057039253414, -0.0006541864131577313, 0.001921519753523171, -0.003352462314069271, -0.0009934259578585625, -0.001238326309248805, -0.00010130389273399487, -0.0035399089101701975, 0.013713907450437546]], "lowlevel.mfcc.cov": [[5457.72216796875, -947.1253662109375, 32.884422302246094, -274.55999755859375, -494.8356018066406, -71.27802276611328, 22.045557022094727, 182.86978149414062, -99.59396362304688, -84.26815795898438, 331.8818664550781, -137.10760498046875, 41.6292610168457], [-947.1253662109375, 1848.458984375, -374.1506652832031, -171.32017517089844, 114.6092529296875, -173.176513671875, 135.5921630859375, 12.904439926147461, 84.60064697265625, 117.4778823852539, -67.3938217163086, 132.4953155517578, 59.07670593261719], [32.884422302246094, -374.1506652832031, 704.3911743164062, 43.12358856201172, -144.39718627929688, 132.5902862548828, 13.993168830871582, 100.32462310791016, -109.4660415649414, -89.32769012451172, 13.309914588928223, -59.079345703125, -0.026766572147607803], [-274.55999755859375, -171.32017517089844, 43.12358856201172, 420.23004150390625, 158.24070739746094, 117.83479309082031, -117.26824188232422, -18.4460506439209, 66.61348724365234, 11.61963176727295, -10.845088958740234, -19.8306827545166, 19.594282150268555], [-494.8356018066406, 114.6092529296875, -144.39718627929688, 158.24070739746094, 509.9198303222656, -40.9228515625, 29.239652633666992, -113.40229797363281, 148.30455017089844, 130.0145263671875, -23.7047119140625, 122.81328582763672, 12.425484657287598], [-71.27802276611328, -173.176513671875, 132.5902862548828, 117.83479309082031, -40.9228515625, 267.8070068359375, -46.402259826660156, 42.192710876464844, -25.640169143676758, -36.8465576171875, 33.94668197631836, -36.61375045776367, 7.646588325500488], [22.045557022094727, 135.5921630859375, 13.993168830871582, -117.26824188232422, 29.239652633666992, -46.402259826660156, 263.44244384765625, 49.76141357421875, -21.144954681396484, 17.042076110839844, -3.804095506668091, 70.16790008544922, -8.527348518371582], [182.86978149414062, 12.904439926147461, 100.32462310791016, -18.4460506439209, -113.40229797363281, 42.192710876464844, 49.76141357421875, 183.85777282714844, -30.31857681274414, -50.637935638427734, 13.320968627929688, -24.499290466308594, 6.663297176361084], [-99.59396362304688, 84.60064697265625, -109.4660415649414, 66.61348724365234, 148.30455017089844, -25.640169143676758, -21.144954681396484, -30.31857681274414, 206.05645751953125, 96.20890045166016, 6.322329998016357, 56.73666763305664, 11.363919258117676], [-84.26815795898438, 117.4778823852539, -89.32769012451172, 11.61963176727295, 130.0145263671875, -36.8465576171875, 17.042076110839844, -50.637935638427734, 96.20890045166016, 151.5157012939453, 36.02980422973633, 65.51557922363281, 9.111923217773438], [331.8818664550781, -67.3938217163086, 13.309914588928223, -10.845088958740234, -23.7047119140625, 33.94668197631836, -3.804095506668091, 13.320968627929688, 6.322329998016357, 36.02980422973633, 127.31194305419922, 32.28165054321289, 11.614429473876953], [-137.10760498046875, 132.4953155517578, -59.079345703125, -19.8306827545166, 122.81328582763672, -36.61375045776367, 70.16790008544922, -24.499290466308594, 56.73666763305664, 65.51557922363281, 32.28165054321289, 133.98204040527344, 24.919713973999023], [41.6292610168457, 59.07670593261719, -0.026766572147607803, 19.594282150268555, 12.425484657287598, 7.646588325500488, -8.527348518371582, 6.663297176361084, 11.363919258117676, 9.111923217773438, 11.614429473876953, 24.919713973999023, 92.28995513916016]], "lowlevel.mfcc.icov": [[0.00030640879413113, 0.00016243623394984752, 0.00011530666233738884, 0.00011612590606091544, 9.204855450661853e-05, 0.00029327638912945986, -0.0001860601332737133, -0.00015687996346969157, -0.00014432542957365513, 0.00015333271585404873, -0.0009108184603974223, 0.000554658763576299, -0.00034187917481176555], [0.00016243623394984752, 0.0008308535325340927, 0.00039094575913622975, 0.0002722695062402636, 0.00010244593431707472, 0.0002315739111509174, -0.0001372269616695121, -0.0005115109379403293, 3.3704291126923636e-05, -0.0004796581924892962, 0.0002509278419893235, -0.00022369013458956033, -0.0005995091050863266], [0.00011530666233738884, 0.00039094575913622975, 0.0019854477141052485, -0.00014190850197337568, 0.0002402924874331802, -0.000438011804362759, -0.0003339011163916439, -0.0007572163012810051, 0.0005991244688630104, 3.8592461351072416e-05, -0.0001181706102215685, 0.0001002523276838474, -0.0003335812361910939], [0.00011612590606091544, 0.0002722695062402636, -0.00014190850197337568, 0.004158627707511187, -0.0016755409305915236, -0.0013592216419056058, 0.0014054288621991873, -0.0006478654686361551, -0.0007336823036894202, 0.0002141926233889535, 0.0001597756490809843, 0.0010333012323826551, -0.0008247192017734051], [9.204855450661853e-05, 0.00010244593431707472, 0.0002402924874331802, -0.0016755409305915236, 0.004334683995693922, 0.0001776717690518126, -0.0007781542954035103, 0.0014257883885875344, -0.0009369174367748201, -0.001456019002944231, 0.0013441656483337283, -0.002674335381016135, 0.0002876189537346363], [0.00029327638912945986, 0.0002315739111509174, -0.000438011804362759, -0.0013592216419056058, 0.0001776717690518126, 0.005542429629713297, -4.630439798347652e-05, -0.0007403537165373564, 7.970831211423501e-05, 0.0008680812316015363, -0.0025817276909947395, 0.0011768921976909041, -0.000514427141752094], [-0.0001860601332737133, -0.0001372269616695121, -0.0003339011163916439, 0.0014054288621991873, -0.0007781542954035103, -4.630439798347652e-05, 0.006418042350560427, -0.002440393203869462, 0.0016441982006654143, -0.0010394189739599824, 0.0019833440892398357, -0.004044401925057173, 0.001493711955845356], [-0.00015687996346969157, -0.0005115109379403293, -0.0007572163012810051, -0.0006478654686361551, 0.0014257883885875344, -0.0007403537165373564, -0.002440393203869462, 0.008342459797859192, -0.001546781975775957, 0.0023933558259159327, -0.0011397723574191332, 0.0010840276954695582, -0.000618012563791126], [-0.00014432542957365513, 3.3704291126923636e-05, 0.0005991244688630104, -0.0007336823036894202, -0.0009369174367748201, 7.970831211423501e-05, 0.0016441982006654143, -0.001546781975775957, 0.008579779416322708, -0.0044906060211360455, 0.001652062521316111, -0.0021898215636610985, 0.0003528944216668606], [0.00015333271585404873, -0.0004796581924892962, 3.8592461351072416e-05, 0.0002141926233889535, -0.001456019002944231, 0.0008680812316015363, -0.0010394189739599824, 0.0023933558259159327, -0.0044906060211360455, 0.013613380491733551, -0.004969535395503044, -0.00031799005228094757, -3.218463825760409e-05], [-0.0009108184603974223, 0.0002509278419893235, -0.0001181706102215685, 0.0001597756490809843, 0.0013441656483337283, -0.0025817276909947395, 0.0019833440892398357, -0.0011397723574191332, 0.001652062521316111, -0.004969535395503044, 0.01435133721679449, -0.006247790064662695, 0.0006828947807662189], [0.000554658763576299, -0.00022369013458956033, 0.0001002523276838474, 0.0010333012323826551, -0.002674335381016135, 0.0011768921976909041, -0.004044401925057173, 0.0010840276954695582, -0.0021898215636610985, -0.00031799005228094757, -0.006247790064662695, 0.016867943108081818, -0.003983067814260721], [-0.00034187917481176555, -0.0005995091050863266, -0.0003335812361910939, -0.0008247192017734051, 0.0002876189537346363, -0.000514427141752094, 0.001493711955845356, -0.000618012563791126, 0.0003528944216668606, -3.218463825760409e-05, 0.0006828947807662189, -0.003983067814260721, 0.01268419437110424]], "metadata.audio_properties.analysis.downmix": "mix", "metadata.audio_properties.codec": "mp3", "metadata.audio_properties.md5_encoded": "3ca7dee4d9576071e572a26ce8c42720", "metadata.tags.file_name": "1183689239062392933.mp3", "metadata.version.essentia": "2.1-beta6-dev", "metadata.version.essentia_git_sha": "v2.1_beta5-1110-g77a6a954", "metadata.version.extractor": "music 2.0", "tonal.chords_key": "C", "tonal.chords_scale": "minor", "tonal.key_edma.key": "F", "tonal.key_edma.scale": "major", "tonal.key_krumhansl.key": "F", "tonal.key_krumhansl.scale": "major", "tonal.key_temperley.key": "F", "tonal.key_temperley.scale": "major", "metadata.tags.encoding": ["Lavf58.45.100"]}, "essentia_models": [{"model_name": "