{"song_id": "1183662275345793104", "download": "https://cdn.discordapp.com/attachments/1135903449314238464/1183662275345793104/chirp.mp4?ex=65892665&amp", "lyrics": "(\u4e3b\u6b4c)\n\u5728\u6536\u5bb9\u6240\u7684\u89d2\u843d\uff0c\u5b64\u7368\u7684\u773c\u7738\n\u6bdb\u8338\u8338\u7684\u5922\uff0c\u7b49\u5f85\u4e00\u500b\u5bb6\u7684\u547c\u559a\n\u8f15\u8f15\u54fc\u8457\u6b4c\uff0c\u5e0c\u671b\u6709\u4e00\u5929\n\u8e0f\u4e0a\u65b0\u7684\u65c5\u7a0b\uff0c\u627e\u5230\u611b\u7684\u65b9\u5411\n\n(\u526f\u6b4c)\n\u7246\u5916\u7684\u967d\u5149\uff0c\u662f\u81ea\u7531\u7684\u7d04\u5b9a\n\u6536\u5bb9\u6240\u7684\u65e5\u5b50\uff0c\u4e0d\u518d\u7121\u5948\n\u5e0c\u671b\u7684\u7a2e\u5b50\uff0c\u5728\u5fc3\u4e2d\u6084\u7136\u767c\u82bd\n\u771f\u6b63\u7684\u5bb6\u5712\uff0c\u7b49\u5f85\u8457\u6211\u5011\u7684\u6b78\u5bb6", "style": ["country"], "essentia_features": {"lowlevel.average_loudness": 0.9324918389320374, "lowlevel.barkbands_crest.mean": 14.796292304992676, "lowlevel.barkbands_crest.stdev": 5.208774566650391, "lowlevel.barkbands_flatness_db.mean": 0.24299491941928864, "lowlevel.barkbands_flatness_db.stdev": 0.0619981475174427, "lowlevel.barkbands_kurtosis.mean": 13.656206130981445, "lowlevel.barkbands_kurtosis.stdev": 37.32048034667969, "lowlevel.barkbands_skewness.mean": 1.9912976026535034, "lowlevel.barkbands_skewness.stdev": 2.416149616241455, "lowlevel.barkbands_spread.mean": 14.4248628616333, "lowlevel.barkbands_spread.stdev": 15.714799880981445, "lowlevel.dissonance.mean": 0.41635212302207947, "lowlevel.dissonance.stdev": 0.05743907764554024, "lowlevel.dynamic_complexity": 3.479278087615967, "lowlevel.erbbands_crest.mean": 15.030527114868164, "lowlevel.erbbands_crest.stdev": 5.42410135269165, "lowlevel.erbbands_flatness_db.mean": 0.237667515873909, "lowlevel.erbbands_flatness_db.stdev": 0.05805613473057747, "lowlevel.erbbands_kurtosis.mean": 4.455376148223877, "lowlevel.erbbands_kurtosis.stdev": 7.176571369171143, "lowlevel.erbbands_skewness.mean": 0.8540393114089966, "lowlevel.erbbands_skewness.stdev": 1.567586898803711, "lowlevel.erbbands_spread.mean": 28.639846801757812, "lowlevel.erbbands_spread.stdev": 24.576194763183594, "lowlevel.hfc.mean": 19.008752822875977, "lowlevel.hfc.stdev": 18.97273063659668, "lowlevel.loudness_ebu128.integrated": -18.675495147705078, "lowlevel.loudness_ebu128.loudness_range": 2.355480194091797, "lowlevel.loudness_ebu128.momentary.mean": -19.763715744018555, "lowlevel.loudness_ebu128.momentary.stdev": 3.385443687438965, "lowlevel.loudness_ebu128.short_term.mean": -18.887996673583984, "lowlevel.loudness_ebu128.short_term.stdev": 0.842008113861084, "lowlevel.melbands_crest.mean": 17.60152816772461, "lowlevel.melbands_crest.stdev": 5.770513534545898, "lowlevel.melbands_flatness_db.mean": 0.2806665301322937, "lowlevel.melbands_flatness_db.stdev": 0.08411303162574768, "lowlevel.melbands_kurtosis.mean": 26.195758819580078, "lowlevel.melbands_kurtosis.stdev": 53.17375946044922, "lowlevel.melbands_skewness.mean": 2.85084867477417, "lowlevel.melbands_skewness.stdev": 2.848436117172241, "lowlevel.melbands_spread.mean": 19.947128295898438, "lowlevel.melbands_spread.stdev": 29.327001571655273, "lowlevel.pitch_salience.mean": 0.4496341943740845, "lowlevel.pitch_salience.stdev": 0.15731190145015717, "lowlevel.silence_rate_20dB.mean": 0.9970845580101013, "lowlevel.silence_rate_20dB.stdev": 0.0539163276553154, "lowlevel.silence_rate_30dB.mean": 0.9701166152954102, "lowlevel.silence_rate_30dB.stdev": 0.17026489973068237, "lowlevel.silence_rate_60dB.mean": 0.09329446405172348, "lowlevel.silence_rate_60dB.stdev": 0.29084616899490356, "lowlevel.spectral_centroid.mean": 1135.8050537109375, "lowlevel.spectral_centroid.stdev": 977.4241333007812, "lowlevel.spectral_complexity.mean": 7.548833847045898, "lowlevel.spectral_complexity.stdev": 4.618017196655273, "lowlevel.spectral_decrease.mean": -7.128502677034021e-09, "lowlevel.spectral_decrease.stdev": 1.03925321681686e-08, "lowlevel.spectral_energy.mean": 0.028628788888454437, "lowlevel.spectral_energy.stdev": 0.03993453457951546, "lowlevel.spectral_energyband_high.mean": 0.0007510362775065005, "lowlevel.spectral_energyband_high.stdev": 0.0022075108718127012, "lowlevel.spectral_energyband_low.mean": 0.00915821734815836, "lowlevel.spectral_energyband_low.stdev": 0.03470779210329056, "lowlevel.spectral_energyband_middle_high.mean": 0.006183459423482418, "lowlevel.spectral_energyband_middle_high.stdev": 0.01084743533283472, "lowlevel.spectral_energyband_middle_low.mean": 0.012810236774384975, "lowlevel.spectral_energyband_middle_low.stdev": 0.012892757542431355, "lowlevel.spectral_entropy.mean": 6.828004837036133, "lowlevel.spectral_entropy.stdev": 0.6874147057533264, "lowlevel.spectral_flux.mean": 0.07426538318395615, "lowlevel.spectral_flux.stdev": 0.06451187282800674, "lowlevel.spectral_kurtosis.mean": 6.568551063537598, "lowlevel.spectral_kurtosis.stdev": 4.722421169281006, "lowlevel.spectral_rms.mean": 0.004594782833009958, "lowlevel.spectral_rms.stdev": 0.002611218485981226, "lowlevel.spectral_rolloff.mean": 1484.535400390625, "lowlevel.spectral_rolloff.stdev": 2029.5941162109375, "lowlevel.spectral_skewness.mean": 1.920203685760498, "lowlevel.spectral_skewness.stdev": 0.7323125600814819, "lowlevel.spectral_spread.mean": 4681978.5, "lowlevel.spectral_spread.stdev": 2094989.375, "lowlevel.spectral_strongpeak.mean": 1.7552194595336914, "lowlevel.spectral_strongpeak.stdev": 1.9026049375534058, "lowlevel.zerocrossingrate.mean": 0.057449206709861755, "lowlevel.zerocrossingrate.stdev": 0.056843195110559464, "metadata.audio_properties.analysis.equal_loudness": 0.0, "metadata.audio_properties.analysis.length": 31.828277587890625, "metadata.audio_properties.analysis.sample_rate": 44100.0, "metadata.audio_properties.analysis.start_time": 0.0, "metadata.audio_properties.bit_rate": 113855.0, "metadata.audio_properties.length": 31.829334259033203, "metadata.audio_properties.lossless": 0.0, "metadata.audio_properties.number_channels": 1.0, "metadata.audio_properties.replay_gain": -8.341636657714844, "metadata.audio_properties.sample_rate": 48000.0, "rhythm.beats_count": 65.0, "rhythm.beats_loudness.mean": 0.04703560099005699, "rhythm.beats_loudness.stdev": 0.053420279175043106, "rhythm.bpm": 124.25430297851562, "rhythm.bpm_histogram_first_peak_bpm": 123.0, "rhythm.bpm_histogram_first_peak_weight": 0.5, "rhythm.bpm_histogram_second_peak_bpm": 129.0, "rhythm.bpm_histogram_second_peak_spread": 0.0, "rhythm.bpm_histogram_second_peak_weight": 0.03125, "rhythm.danceability": 1.2817530632019043, "rhythm.onset_rate": 3.956519842147827, "tonal.chords_changes_rate": 0.0684133917093277, "tonal.chords_number_rate": 0.018922852352261543, "tonal.chords_strength.mean": 0.5561761260032654, "tonal.chords_strength.stdev": 0.09917508065700531, "tonal.hpcp_crest.mean": 19.25385284423828, "tonal.hpcp_crest.stdev": 9.533225059509277, "tonal.hpcp_entropy.mean": 1.4378622770309448, "tonal.hpcp_entropy.stdev": 0.8590506315231323, "tonal.key_edma.strength": 0.7532296776771545, "tonal.key_krumhansl.strength": 0.7587883472442627, "tonal.key_temperley.strength": 0.7595731616020203, "tonal.tuning_diatonic_strength": 0.6437296867370605, "tonal.tuning_equal_tempered_deviation": 0.13273432850837708, "tonal.tuning_frequency": 437.2131652832031, "tonal.tuning_nontempered_energy_ratio": 0.8083144426345825, "lowlevel.barkbands.mean": [8.998336852528155e-05, 0.0061657908372581005, 0.0027029914781451225, 0.00030441171838901937, 0.0027232100255787373, 0.00489063048735261, 0.0020820179488509893, 0.0014811704168096185, 0.001171044772490859, 0.0010479218326508999, 0.0013486611424013972, 0.0014094426296651363, 0.00088883051648736, 0.00039507061592303216, 0.0005852336180396378, 0.00011705056385835633, 9.665117977419868e-05, 0.00014267765800468624, 0.00015737756621092558, 0.0002377783093834296, 0.0002262785710627213, 8.975290256785229e-05, 4.729598731501028e-05, 0.00013221190602052957, 7.846536027500406e-05, 1.6717191101633944e-05, 1.2244186109455768e-07], "lowlevel.barkbands.stdev": [0.0005602267337962985, 0.028506435453891754, 0.00929306447505951, 0.0020836221519857645, 0.005710910074412823, 0.008584631606936455, 0.005153614562004805, 0.004679164849221706, 0.0036415758077055216, 0.0031932948622852564, 0.004130688961595297, 0.005284526385366917, 0.004327640403062105, 0.0015425996389240026, 0.0024906659964472055, 0.0004635075747501105, 0.0003064433403778821, 0.0003596268070396036, 0.0003397500840947032, 0.0010326509363949299, 0.0009336969233117998, 0.0003424688766244799, 0.00015982065815478563, 0.00045777077320963144, 0.00027197677991352975, 4.759276635013521e-05, 8.363989536519512e-07], "lowlevel.erbbands.mean": [0.12795491516590118, 1.5301203727722168, 3.565641164779663, 1.8363406658172607, 1.422555685043335, 9.323526382446289, 34.32567596435547, 39.04953384399414, 28.701719284057617, 34.46506118774414, 31.017406463623047, 21.60638427734375, 34.8129997253418, 40.38329315185547, 59.261844635009766, 45.53355026245117, 40.88880920410156, 22.576942443847656, 22.85397720336914, 25.658260345458984, 6.744991779327393, 6.093259811401367, 7.297127723693848, 9.094057083129883, 6.630168914794922, 11.385588645935059, 11.718433380126953, 6.85880708694458, 3.6951804161071777, 1.4441815614700317, 1.4372915029525757, 2.200798749923706, 2.4201672077178955, 1.1693685054779053, 0.4235369563102722, 0.11490292847156525, 0.023084258660674095, 0.0021009990014135838, 6.274121551541612e-05, 3.6907513276673853e-05], "lowlevel.erbbands.stdev": [0.7515279054641724, 6.6688642501831055, 10.958806037902832, 9.60046672821045, 5.922214031219482, 19.805320739746094, 52.4952392578125, 86.14053344726562, 71.81278228759766, 85.77957153320312, 92.38346099853516, 65.01410675048828, 97.26002502441406, 95.97689819335938, 158.0553436279297, 162.18533325195312, 185.85440063476562, 76.73965454101562, 91.38752746582031, 93.14838409423828, 23.70914649963379, 18.729244232177734, 19.65667724609375, 18.045846939086914, 14.414044380187988, 47.010475158691406, 48.25225067138672, 27.71141815185547, 13.949116706848145, 5.387799263000488, 4.820924758911133, 5.98809814453125, 10.228010177612305, 4.554656505584717, 1.374427318572998, 0.3270633816719055, 0.06968484073877335, 0.007317769806832075, 0.00014987544273026288, 4.496270412346348e-05], "lowlevel.gfcc.mean": [-72.3523941040039, 85.17406463623047, -123.198486328125, 20.14200210571289, -75.26564025878906, 6.942330837249756, -50.757789611816406, 8.595084190368652, -35.867820739746094, 6.383647441864014, 6.790995121002197, -3.411050319671631, 10.186882972717285], "lowlevel.melbands.mean": [0.00144485617056489, 0.0019033846911042929, 0.0003078996960539371, 0.00031822416349314153, 0.0010955838952213526, 0.0008872385951690376, 0.0004350811941549182, 0.00038483738899230957, 0.00022537172480951995, 0.00014451453171204776, 0.0001806664076866582, 0.00016530176799278706, 0.00020724230853375047, 0.00015248030831571668, 0.00012403796426951885, 7.115042535588145e-05, 3.6818408261751756e-05, 3.3370863093296066e-05, 4.8763562517706305e-05, 1.6220003089983948e-05, 6.117078100942308e-06, 6.809072601754451e-06, 4.393867129692808e-06, 7.955195542308502e-06, 7.326119430217659e-06, 5.908993898628978e-06, 4.558295131573686e-06, 8.387721209146548e-06, 8.09904213383561e-06, 5.3991989261703566e-06, 3.5910240967496065e-06, 2.414697519270703e-06, 1.028607016451133e-06, 6.783524781894812e-07, 7.352407465077704e-07, 1.0290968930348754e-06, 1.483930645918008e-06, 1.8253479083796265e-06, 1.2537105931187398e-06, 9.291130709243589e-07], "lowlevel.melbands.stdev": [0.007500622887164354, 0.006251031067222357, 0.001467485330067575, 0.000758302048780024, 0.0016751257935538888, 0.0017842535162344575, 0.0010179177625104785, 0.0009193623554892838, 0.0006617055041715503, 0.0004483211669139564, 0.0005096005043014884, 0.0004105581028852612, 0.0005737990722991526, 0.0005822612438350916, 0.0006369237089529634, 0.0003144094080198556, 0.00012800464173778892, 0.0001504043029854074, 0.00023272000544238836, 5.795207471237518e-05, 2.7272779334452935e-05, 2.4040695279836655e-05, 1.4110384654486552e-05, 2.0200446670060046e-05, 1.6235781004070304e-05, 1.3926440260547679e-05, 1.4164072126732208e-05, 3.912967076757923e-05, 3.547981395968236e-05, 2.4404791474808007e-05, 1.462856562284287e-05, 9.282495739171281e-06, 3.96529594581807e-06, 2.57738565778709e-06, 2.707547082536621e-06, 3.2105460832099197e-06, 4.118016477150377e-06, 7.52637060941197e-06, 5.85233510719263e-06, 3.5526186366041657e-06], "lowlevel.melbands128.mean": [8.376673940801993e-05, 0.0007902657380327582, 0.001965121366083622, 0.0027905756141990423, 0.0022435691207647324, 0.0011162972077727318, 0.0003569697728380561, 0.00012129906099289656, 0.00011391269799787551, 0.00016858623712323606, 0.0004736270639114082, 0.0010552976746112108, 0.0012385939480736852, 0.0012468919157981873, 0.0008702630293555558, 0.0007700608111917973, 0.000513258739374578, 0.0003287261351943016, 0.0003685418050736189, 0.00041291496017947793, 0.00036745707620866597, 0.00043558687320910394, 0.00011540464765857905, 0.00016794372641015798, 9.852643415797502e-05, 0.00014680673484690487, 0.00023157379473559558, 0.00011676862777676433, 0.000241523448494263, 0.0001432987628504634, 9.924195182975382e-05, 0.00027361721731722355, 0.00021812606428284198, 0.00012939963198732585, 0.0002819821238517761, 8.534602238796651e-05, 7.270687638083473e-05, 0.00016765667533036321, 0.00014004670083522797, 5.464984133141115e-05, 6.276091153267771e-05, 7.833693962311372e-05, 2.73226251010783e-05, 1.716816950647626e-05, 4.584579437505454e-05, 2.376977317908313e-05, 3.427199044381268e-05, 6.309746095212176e-05, 5.1402814278844744e-05, 2.8932570785400458e-05, 7.780791747791227e-06, 6.855583706055768e-06, 8.48509262141306e-06, 4.239224381308304e-06, 4.6113209464238025e-06, 1.056439577951096e-05, 4.4296798478171695e-06, 3.661573373392457e-06, 3.7551853893091902e-06, 6.914346613484668e-06, 9.863580089586321e-06, 7.237395493575605e-06, 6.01245983489207e-06, 7.524842658312991e-06, 9.378343747812323e-06, 6.879015472804895e-06, 2.8014035251544556e-06, 3.2318739613401704e-06, 4.727381110569695e-06, 6.851374109828612e-06, 7.948193342599552e-06, 9.80743789114058e-06, 9.114140993915498e-06, 8.212565262510907e-06, 6.4255577854055446e-06, 5.6489066082576755e-06, 5.453682661027415e-06, 2.895787702072994e-06, 3.913089585694252e-06, 3.349336111568846e-06, 2.8098520488128997e-06, 2.121054194503813e-06, 1.1885330195582355e-06, 9.571556347509613e-07, 8.178249117918313e-07, 7.015883056737948e-07, 6.220629984454717e-07, 6.283838729359559e-07, 7.220169777610863e-07, 7.718978167758905e-07, 1.0259780083288206e-06, 1.026211407406663e-06, 1.1929220136153162e-06, 1.5163652733463096e-06, 1.608180241419177e-06, 1.7532881884108065e-06, 1.913907681228011e-06, 1.937137994900695e-06, 1.233158286595426e-06, 8.852620680954715e-07, 1.0164246759813977e-06, 9.490168508818897e-07, 8.657749503981904e-07, 6.421842044801451e-07, 4.044626678023633e-07, 3.113475770533114e-07, 3.0782297244513757e-07, 2.5966741645788716e-07, 1.7812658370530698e-07, 1.4728811947861686e-07, 7.400694101988847e-08, 7.909770971537e-08, 7.310666205739835e-08, 5.629526000916485e-08, 4.026787081556904e-08, 1.732212417948631e-08, 4.655519081353532e-09, 2.0908863529456312e-10, 1.4971331466218096e-11, 4.3037652434907425e-12, 4.1819256391129045e-12, 4.090543442164529e-12, 4.014199129348528e-12, 3.933491553309576e-12, 3.8085480949523465e-12, 3.642170766371411e-12, 3.545299470664176e-12, 3.516055935987028e-12], "lowlevel.melbands128.stdev": [0.0005404474795795977, 0.005079793278127909, 0.012000679969787598, 0.011216212995350361, 0.006767319515347481, 0.0043259235098958015, 0.0021578921005129814, 0.0007709607016295195, 0.0005892583867534995, 0.0008314291480928659, 0.001234659692272544, 0.0024291593581438065, 0.0021796415094286203, 0.0025684491265565157, 0.0024433061480522156, 0.002521900227293372, 0.0016661775298416615, 0.0012805667938664556, 0.0012035924009978771, 0.0014464514097198844, 0.0011760107008740306, 0.0016816791612654924, 0.00044820524635724723, 0.0008593836100772023, 0.0005389968864619732, 0.000585392233915627, 0.001101805130019784, 0.0004243044531904161, 0.0009334728238172829, 0.0006336228107102215, 0.0004043174849357456, 0.0009935253765434027, 0.0008483198471367359, 0.0006250666338019073, 0.0013738300185650587, 0.00039267187821678817, 0.0005672330735251307, 0.0010232726344838738, 0.0010650715557858348, 0.0003661127993836999, 0.00046574141015298665, 0.00040392219671048224, 0.00015051450463943183, 7.251255738083273e-05, 0.00027984112966805696, 0.00015436610556207597, 0.00022816295677330345, 0.0005001458921469748, 0.00021290805307216942, 0.0001425172231392935, 5.6524328101659194e-05, 4.2624404159141704e-05, 5.4276621085591614e-05, 3.025707701453939e-05, 1.9748318663914688e-05, 4.6767963794991374e-05, 1.7506616131868213e-05, 1.4902864677424077e-05, 1.7371245121466927e-05, 3.4255990613019094e-05, 3.3413969504181296e-05, 2.3629221686860546e-05, 1.8613100110087544e-05, 2.5853840270428918e-05, 2.9870900107198395e-05, 2.2116662876214832e-05, 9.529152521281503e-06, 1.058814723364776e-05, 1.7379748896928504e-05, 2.5500361516606063e-05, 3.848362393910065e-05, 5.5612694268347695e-05, 5.7856424973579124e-05, 3.594238296500407e-05, 2.9793740395689383e-05, 2.6067304133903235e-05, 2.9344499125727452e-05, 1.1652377907012124e-05, 1.8191229173680767e-05, 1.390192483086139e-05, 1.148274532170035e-05, 9.158004104392603e-06, 4.544695457298076e-06, 3.968849341617897e-06, 3.6508706671156688e-06, 3.054951775993686e-06, 2.432917199257645e-06, 2.8297979497438064e-06, 3.0076002985879313e-06, 2.7465807761473116e-06, 3.7498607525776606e-06, 3.249781684644404e-06, 3.785060698646703e-06, 4.286229795980034e-06, 5.361379407986533e-06, 6.624042725889012e-06, 8.701197657501325e-06, 1.1454553714429494e-05, 6.463106728915591e-06, 3.5386924537306186e-06, 3.963471499446314e-06, 3.912336069333833e-06, 3.495690862109768e-06, 2.3283455448108725e-06, 1.4382993640538189e-06, 1.180148728963104e-06, 9.25680183172517e-07, 8.087512242127559e-07, 6.019570264470531e-07, 4.863742333327536e-07, 2.6911948225460947e-07, 2.6820782750291983e-07, 2.6481453119231446e-07, 1.9524451033703372e-07, 1.651583687589664e-07, 8.00048454152602e-08, 3.014631744235885e-08, 3.152347494150831e-09, 3.726332575837432e-10, 8.255979233595667e-12, 8.05397849107381e-12, 7.879656996334639e-12, 7.717374482518746e-12, 7.585183349478886e-12, 7.46856829852982e-12, 7.3816681933625e-12, 7.316949129920758e-12, 7.277223962320889e-12], "lowlevel.mfcc.mean": [-721.1015625, 112.13567352294922, 4.549270153045654, 11.973241806030273, 3.4214606285095215, -14.226353645324707, 11.491042137145996, -19.142852783203125, -11.166022300720215, -7.968474388122559, -10.639445304870605, 1.3832437992095947, -4.939913749694824], "lowlevel.spectral_contrast_coeffs.mean": [-0.5981231927871704, -0.6342777609825134, -0.6939941644668579, -0.7568063139915466, -0.7644005417823792, -0.769477128982544], "lowlevel.spectral_contrast_coeffs.stdev": [0.10511497408151627, 0.11961394548416138, 0.11798576265573502, 0.09025824069976807, 0.06455280631780624, 0.052822958678007126], "lowlevel.spectral_contrast_valleys.mean": [-8.151861190795898, -8.078150749206543, -8.539690017700195, -8.72830581665039, -8.489211082458496, -11.028969764709473], "lowlevel.spectral_contrast_valleys.stdev": [1.2484955787658691, 0.7192567586898804, 0.7848548293113708, 0.6427189111709595, 0.820178747177124, 1.125623345375061], "rhythm.beats_loudness_band_ratio.mean": [0.2192266583442688, 0.2826800048351288, 0.20834773778915405, 0.15212175250053406, 0.0644269734621048, 0.0905214250087738], "rhythm.beats_loudness_band_ratio.stdev": [0.31506118178367615, 0.28519847989082336, 0.23895607888698578, 0.20227926969528198, 0.11572563648223877, 0.19401203095912933], "tonal.hpcp.mean": [0.08293473720550537, 0.0448400042951107, 0.03211091458797455, 0.04340536892414093, 0.060532599687576294, 0.12488558888435364, 0.18844492733478546, 0.13717767596244812, 0.05692653730511665, 0.04254573583602905, 0.05451853200793266, 0.10000474005937576, 0.1751174032688141, 0.13648143410682678, 0.04112309217453003, 0.021845653653144836, 0.02696233242750168, 0.056573037058115005, 0.21696124970912933, 0.21513308584690094, 0.08407685160636902, 0.12470542639493942, 0.09511625021696091, 0.03598689287900925, 0.04275605455040932, 0.07037687301635742, 0.17903712391853333, 0.2338704764842987, 0.13752134144306183, 0.053657013922929764, 0.03291651979088783, 0.030659722164273262, 0.05606180801987648, 0.09312979876995087, 0.08588135987520218, 0.08372115343809128], "tonal.hpcp.stdev": [0.2108277976512909, 0.14164575934410095, 0.11639761179685593, 0.1407059133052826, 0.1684940755367279, 0.2662225663661957, 0.3354949355125427, 0.2698357105255127, 0.17497196793556213, 0.15494714677333832, 0.18203072249889374, 0.2272651493549347, 0.32081297039985657, 0.265606552362442, 0.14031381905078888, 0.10683394968509674, 0.12130016088485718, 0.15442313253879547, 0.35674911737442017, 0.3481508791446686, 0.21016645431518555, 0.2703692615032196, 0.225765198469162, 0.13424505293369293, 0.155889093875885, 0.17747272551059723, 0.2822980582714081, 0.33682212233543396, 0.2506469488143921, 0.16418740153312683, 0.12340374290943146, 0.11224192380905151, 0.1637696474790573, 0.2348266839981079, 0.2130385786294937, 0.2082442194223404], "rhythm.beats_position": [0.54566890001297, 1.09133780002594, 1.6253968477249146, 2.1246259212493896, 2.623854875564575, 3.1230838298797607, 3.6107029914855957, 4.098321914672852, 4.562720775604248, 5.038730144500732, 5.526349067687988, 6.013967990875244, 6.501587390899658, 6.977596282958984, 7.46521520614624, 7.941224575042725, 8.41723346710205, 8.904852867126465, 9.380861282348633, 9.868480682373047, 10.356099128723145, 10.843718528747559, 11.331337928771973, 11.81895637512207, 12.306575775146484, 12.782585144042969, 13.258593559265137, 13.74621295928955, 14.222222328186035, 14.709840774536133, 15.197460174560547, 15.673469543457031, 16.161088943481445, 16.637096405029297, 17.11310577392578, 17.600725173950195, 18.08834457397461, 18.564353942871094, 19.040363311767578, 19.51637077331543, 19.992380142211914, 20.4683895111084, 20.944398880004883, 21.432018280029297, 21.91963768005371, 22.395645141601562, 22.871654510498047, 23.34766387939453, 23.823673248291016, 24.31129264831543, 24.798912048339844, 25.274919509887695, 25.76253890991211, 26.250158309936523, 26.726167678833008, 27.213787078857422, 27.701404571533203, 28.177413940429688, 28.653423309326172, 29.141042709350586, 29.628662109375, 30.116281509399414, 30.580678939819336, 31.05668830871582, 31.532697677612305], "rhythm.bpm_histogram": [0.0, 0.0, 0.0, 0.0, 0.0, 0.0, 0.0, 0.0, 0.0, 0.0, 0.0, 0.0, 0.0, 0.0, 0.0, 0.0, 0.0, 0.0, 0.0, 0.0, 0.0, 0.0, 0.0, 0.0, 0.0, 0.0, 0.0, 0.0, 0.0, 0.0, 0.0, 0.0, 0.0, 0.0, 0.0, 0.0, 0.0, 0.0, 0.0, 0.0, 0.0, 0.0, 0.0, 0.0, 0.0, 0.0, 0.0, 0.0, 0.0, 0.0, 0.0, 0.0, 0.0, 0.0, 0.0, 0.0, 0.0, 0.0, 0.0, 0.0, 0.0, 0.0, 0.0, 0.0, 0.0, 0.0, 0.0, 0.0, 0.0, 0.0, 0.0, 0.0, 0.0, 0.0, 0.0, 0.0, 0.0, 0.0, 0.0, 0.0, 0.0, 0.0, 0.0, 0.0, 0.0, 0.0, 0.0, 0.0, 0.0, 0.0, 0.0, 0.0, 0.0, 0.0, 0.0, 0.0, 0.0, 0.0, 0.0, 0.0, 0.0, 0.0, 0.0, 0.0, 0.0, 0.0, 0.0, 0.0, 0.0, 0.0, 0.015625, 0.0, 0.015625, 0.0, 0.0, 0.0, 0.0, 0.0, 0.0, 0.0, 0.046875, 0.0, 0.0, 0.46875, 0.0, 0.0, 0.421875, 0.0, 0.0, 0.03125, 0.0, 0.0, 0.0, 0.0, 0.0, 0.0, 0.0, 0.0, 0.0, 0.0, 0.0, 0.0, 0.0, 0.0, 0.0, 0.0, 0.0, 0.0, 0.0, 0.0, 0.0, 0.0, 0.0, 0.0, 0.0, 0.0, 0.0, 0.0, 0.0, 0.0, 0.0, 0.0, 0.0, 0.0, 0.0, 0.0, 0.0, 0.0, 0.0, 0.0, 0.0, 0.0, 0.0, 0.0, 0.0, 0.0, 0.0, 0.0, 0.0, 0.0, 0.0, 0.0, 0.0, 0.0, 0.0, 0.0, 0.0, 0.0, 0.0, 0.0, 0.0, 0.0, 0.0, 0.0, 0.0, 0.0, 0.0, 0.0, 0.0, 0.0, 0.0, 0.0, 0.0, 0.0, 0.0, 0.0, 0.0, 0.0, 0.0, 0.0, 0.0, 0.0, 0.0, 0.0, 0.0, 0.0, 0.0, 0.0, 0.0, 0.0, 0.0, 0.0, 0.0, 0.0, 0.0, 0.0, 0.0, 0.0, 0.0, 0.0, 0.0, 0.0, 0.0, 0.0, 0.0, 0.0, 0.0, 0.0, 0.0, 0.0, 0.0, 0.0, 0.0, 0.0, 0.0, 0.0, 0.0, 0.0, 0.0, 0.0], "tonal.chords_histogram": [25.909751892089844, 11.790392875671387, 0.0, 0.0, 5.240174770355225, 3.639010190963745, 3.930130958557129, 3.3478894233703613, 0.8733624219894409, 0.0, 0.0, 0.0, 0.8733624219894409, 0.0, 0.0, 4.803493499755859, 0.0, 3.20232892036438, 0.0, 7.860261917114258, 8.151382446289062, 1.7467248439788818, 11.499272346496582, 7.132460117340088], "tonal.thpcp": [1.0, 0.5880235433578491, 0.22943046689033508, 0.14074678719043732, 0.13109701871871948, 0.23971305787563324, 0.3982110023498535, 0.36721763014793396, 0.3579808473587036, 0.35461825132369995, 0.1917300820350647, 0.13730213046073914, 0.18559576570987701, 0.25882959365844727, 0.5339946746826172, 0.805766224861145, 0.5865540504455566, 0.24341052770614624, 0.18192008137702942, 0.23311421275138855, 0.42760738730430603, 0.7487794160842896, 0.583577036857605, 0.17583703994750977, 0.09340919554233551, 0.11528746038675308, 0.2418990135192871, 0.9276983141899109, 0.9198813438415527, 0.35950177907943726, 0.53322434425354, 0.4067048132419586, 0.15387530624866486, 0.18281938135623932, 0.3009224236011505, 0.7655396461486816], "lowlevel.gfcc.cov": [[5274.31640625, -549.084228515625, -186.3787384033203, -222.89739990234375, -215.5297393798828, 334.7076416015625, 160.35008239746094, 179.611572265625, -195.76629638671875, 85.91474914550781, 9.051502227783203, 58.0764045715332, -107.39923095703125], [-549.084228515625, 3265.555908203125, 486.31658935546875, -218.36526489257812, 784.98388671875, 162.4843292236328, 468.2503662109375, 89.45347595214844, 237.24575805664062, -210.6177215576172, 304.9955139160156, -424.9926452636719, 106.0765609741211], [-186.3787384033203, 486.31658935546875, 1745.806396484375, 761.9840087890625, 307.34130859375, 229.17282104492188, 200.1208038330078, 48.094017028808594, 64.25336456298828, 35.72117614746094, -188.64161682128906, 48.40235137939453, -164.84835815429688], [-222.89739990234375, -218.36526489257812, 761.9840087890625, 1270.3509521484375, 345.9371337890625, 77.08740997314453, 54.82350540161133, -10.249459266662598, 135.6132354736328, 24.90351104736328, -122.59403228759766, 64.80937194824219, -7.181203365325928], [-215.5297393798828, 784.98388671875, 307.34130859375, 345.9371337890625, 743.8121337890625, 259.2324523925781, 171.61195373535156, 128.46182250976562, 189.0177764892578, 18.592824935913086, 55.116519927978516, -54.381900787353516, 0.3763009309768677], [334.7076416015625, 162.4843292236328, 229.17282104492188, 77.08740997314453, 259.2324523925781, 482.56011962890625, 320.133544921875, 67.55575561523438, -0.41341933608055115, 68.24456024169922, 14.813464164733887, -42.51555633544922, -56.196144104003906], [160.35008239746094, 468.2503662109375, 200.1208038330078, 54.82350540161133, 171.61195373535156, 320.133544921875, 519.9480590820312, 64.18620300292969, -28.488412857055664, 26.086509704589844, 21.665468215942383, -82.04044342041016, -46.064632415771484], [179.611572265625, 89.45347595214844, 48.094017028808594, -10.249459266662598, 128.46182250976562, 67.55575561523438, 64.18620300292969, 238.69044494628906, 100.00242614746094, 31.97467613220215, 8.416824340820312, -2.6279451847076416, -41.562965393066406], [-195.76629638671875, 237.24575805664062, 64.25336456298828, 135.6132354736328, 189.0177764892578, -0.41341933608055115, -28.488412857055664, 100.00242614746094, 252.99237060546875, 39.48147201538086, 12.050230026245117, -13.86824893951416, 1.3099079132080078], [85.91474914550781, -210.6177215576172, 35.72117614746094, 24.90351104736328, 18.592824935913086, 68.24456024169922, 26.086509704589844, 31.97467613220215, 39.48147201538086, 175.93194580078125, 44.03535079956055, 36.335819244384766, -20.3220272064209], [9.051502227783203, 304.9955139160156, -188.64161682128906, -122.59403228759766, 55.116519927978516, 14.813464164733887, 21.665468215942383, 8.416824340820312, 12.050230026245117, 44.03535079956055, 321.84771728515625, -9.517414093017578, 65.83516693115234], [58.0764045715332, -424.9926452636719, 48.40235137939453, 64.80937194824219, -54.381900787353516, -42.51555633544922, -82.04044342041016, -2.6279451847076416, -13.86824893951416, 36.335819244384766, -9.517414093017578, 230.03941345214844, -3.9860496520996094], [-107.39923095703125, 106.0765609741211, -164.84835815429688, -7.181203365325928, 0.3763009309768677, -56.196144104003906, -46.064632415771484, -41.562965393066406, 1.3099079132080078, -20.3220272064209, 65.83516693115234, -3.9860496520996094, 171.5592041015625]], "lowlevel.gfcc.icov": [[0.00022977031767368317, -6.981439219089225e-05, 8.767785766394809e-05, -8.294633880723268e-05, 0.0001924464595504105, -0.0002981513098347932, 0.00013417813170235604, -0.00030546667403541505, 0.0002650691894814372, -0.0001060497816069983, 4.023772635264322e-05, -0.00011120119597762823, 9.911122469929978e-05], [-6.981439219089225e-05, 0.0017114045331254601, -0.001035513007082045, 0.0012263861717656255, -0.0016832610126584768, 0.0014132598880678415, -0.001577523653395474, 0.0008407096029259264, -0.001441126223653555, 0.002009724033996463, -0.0014210445806384087, 0.0018822820857167244, -0.0009607127867639065], [8.767785766394809e-05, -0.001035513007082045, 0.001571658649481833, -0.0012308604782447219, 0.0009130405378527939, -0.0010423159692436457, 0.0008172381203621626, -0.0005394910112954676, 0.0009819496190175414, -0.001225682208314538, 0.0011107561876997352, -0.0012895292602479458, 0.00129022600594908], [-8.294633880723268e-05, 0.0012263861717656255, -0.0012308604782447219, 0.0021929910872131586, -0.0017100622644647956, 0.0012641799403354526, -0.0012552706757560372, 0.0011394333560019732, -0.0014989550691097975, 0.001274887123145163, -0.0006161298369988799, 0.0009858510456979275, -0.001122478861361742], [0.0001924464595504105, -0.0016832610126584768, 0.0009130405378527939, -0.0017100622644647956, 0.004322992172092199, -0.0028426803182810545, 0.0016295535024255514, -0.0015186554519459605, 1.7734893845045008e-05, -0.001173734082840383, 0.0007803083281032741, -0.0015788053860887885, 0.0006206941325217485], [-0.0002981513098347932, 0.0014132598880678415, -0.0010423159692436457, 0.0012641799403354526, -0.0028426803182810545, 0.00592516316100955, -0.003510104725137353, 0.0009227998089045286, -0.0004896369064226747, 0.0001863506913650781, -0.0009184040827676654, 0.0016278921393677592, -0.00036486840690486133], [0.00013417813170235604, -0.001577523653395474, 0.0008172381203621626, -0.0012552706757560372, 0.0016295535024255514, -0.003510104725137353, 0.005058068782091141, -0.0015198756009340286, 0.002162013668566942, -0.0016799898585304618, 0.0009918734431266785, -0.0007892794674262404, 0.0010142027167603374], [-0.00030546667403541505, 0.0008407096029259264, -0.0005394910112954676, 0.0011394333560019732, -0.0015186554519459605, 0.0009227998089045286, -0.0015198756009340286, 0.0066185626201331615, -0.0032245698384940624, 0.0008044487913139164, -0.000642326136585325, 0.0004319286090321839, 0.0006956602446734905], [0.0002650691894814372, -0.001441126223653555, 0.0009819496190175414, -0.0014989550691097975, 1.7734893845045008e-05, -0.0004896369064226747, 0.002162013668566942, -0.0032245698384940624, 0.007967818528413773, -0.0032723471522331238, 0.0013236680533736944, -0.0008033396443352103, 0.0006015988765284419], [-0.0001060497816069983, 0.002009724033996463, -0.001225682208314538, 0.001274887123145163, -0.001173734082840383, 0.0001863506913650781, -0.0016799898585304618, 0.0008044487913139164, -0.0032723471522331238, 0.009602554142475128, -0.0029493451584130526, 0.000963993719778955, -0.0003093202249146998], [4.023772635264322e-05, -0.0014210445806384087, 0.0011107561876997352, -0.0006161298369988799, 0.0007803083281032741, -0.0009184040827676654, 0.0009918734431266785, -0.000642326136585325, 0.0013236680533736944, -0.0029493451584130526, 0.005162256769835949, -0.0015860761050134897, -0.0006238024216145277], [-0.00011120119597762823, 0.0018822820857167244, -0.0012895292602479458, 0.0009858510456979275, -0.0015788053860887885, 0.0016278921393677592, -0.0007892794674262404, 0.0004319286090321839, -0.0008033396443352103, 0.000963993719778955, -0.0015860761050134897, 0.007211820688098669, -0.0011053181951865554], [9.911122469929978e-05, -0.0009607127867639065, 0.00129022600594908, -0.001122478861361742, 0.0006206941325217485, -0.00036486840690486133, 0.0010142027167603374, 0.0006956602446734905, 0.0006015988765284419, -0.0003093202249146998, -0.0006238024216145277, -0.0011053181951865554, 0.008170167915523052]], "lowlevel.mfcc.cov": [[5126.49853515625, -830.7011108398438, -194.010986328125, -256.6829528808594, -250.53909301757812, -35.96084213256836, 227.20343017578125, -23.110750198364258, -48.59762954711914, -16.804201126098633, -23.313518524169922, 27.060630798339844, -77.66141510009766], [-830.7011108398438, 3178.172607421875, 80.66060638427734, -146.20008850097656, 370.24591064453125, 18.271684646606445, 511.6463317871094, 160.29180908203125, 209.4910125732422, 152.4561309814453, 231.6417236328125, 94.1882553100586, -118.57147216796875], [-194.010986328125, 80.66060638427734, 1262.48681640625, 486.2131652832031, 129.13079833984375, 364.1964111328125, 86.05252075195312, 208.67767333984375, 102.88506317138672, 37.79426956176758, 104.7195053100586, 32.37204360961914, 41.012996673583984], [-256.6829528808594, -146.20008850097656, 486.2131652832031, 876.3325805664062, 346.2775573730469, 276.74346923828125, -41.573551177978516, 179.56668090820312, 128.9037628173828, 65.02079772949219, 21.0856990814209, 26.76508903503418, 88.88370513916016], [-250.53909301757812, 370.24591064453125, 129.13079833984375, 346.2775573730469, 657.69287109375, 120.2723159790039, -3.028815269470215, 115.2681884765625, 111.02838897705078, 125.80805206298828, 96.8104019165039, 23.590763092041016, 81.63626861572266], [-35.96084213256836, 18.271684646606445, 364.1964111328125, 276.74346923828125, 120.2723159790039, 542.9072875976562, 208.18698120117188, 175.25218200683594, 128.4322509765625, 119.335693359375, 82.39561462402344, -5.966373443603516, 67.3418960571289], [227.20343017578125, 511.6463317871094, 86.05252075195312, -41.573551177978516, -3.028815269470215, 208.18698120117188, 556.680908203125, 64.01896667480469, 87.27308654785156, 84.94084930419922, 79.42301940917969, 80.15750122070312, -25.002342224121094], [-23.110750198364258, 160.29180908203125, 208.67767333984375, 179.56668090820312, 115.2681884765625, 175.25218200683594, 64.01896667480469, 306.48870849609375, 110.43084716796875, 44.62912368774414, 82.70165252685547, 23.065914154052734, 92.84029388427734], [-48.59762954711914, 209.4910125732422, 102.88506317138672, 128.9037628173828, 111.02838897705078, 128.4322509765625, 87.27308654785156, 110.43084716796875, 274.51959228515625, 99.89925384521484, 49.4504280090332, 10.018407821655273, -52.72554397583008], [-16.804201126098633, 152.4561309814453, 37.79426956176758, 65.02079772949219, 125.80805206298828, 119.335693359375, 84.94084930419922, 44.62912368774414, 99.89925384521484, 239.15879821777344, 93.5091552734375, 4.808492660522461, 62.20986557006836], [-23.313518524169922, 231.6417236328125, 104.7195053100586, 21.0856990814209, 96.8104019165039, 82.39561462402344, 79.42301940917969, 82.70165252685547, 49.4504280090332, 93.5091552734375, 178.9616241455078, 55.2418212890625, 43.24577713012695], [27.060630798339844, 94.1882553100586, 32.37204360961914, 26.76508903503418, 23.590763092041016, -5.966373443603516, 80.15750122070312, 23.065914154052734, 10.018407821655273, 4.808492660522461, 55.2418212890625, 143.79087829589844, 42.877384185791016], [-77.66141510009766, -118.57147216796875, 41.012996673583984, 88.88370513916016, 81.63626861572266, 67.3418960571289, -25.002342224121094, 92.84029388427734, -52.72554397583008, 62.20986557006836, 43.24577713012695, 42.877384185791016, 336.7203063964844]], "lowlevel.mfcc.icov": [[0.00022469402756541967, 0.00010196317452937365, 1.325281300523784e-05, 5.698072345694527e-05, -5.788646831206279e-06, 7.387045479845256e-05, -0.00018800031102728099, -0.00010992030729539692, 4.12798035540618e-05, -4.798493318958208e-05, -1.700989560049493e-05, -1.8976759747602046e-05, 9.398088877787814e-05], [0.00010196317452937365, 0.0005239922320470214, -5.201858948566951e-05, 0.00019632095063570887, -0.0003319526731502265, 0.00033303815871477127, -0.0005358880152925849, -0.0002473948698025197, -0.00010178981756325811, -1.864089790615253e-05, -0.0003212112933397293, 8.410029113292694e-05, 0.00022289212211035192], [1.325281300523784e-05, -5.201858948566951e-05, 0.0012172830756753683, -0.000595332880038768, 0.00023839640198275447, -0.0005450075259432197, 7.067435217322782e-05, -0.0002077775279758498, 0.00010789273073896766, 0.0003197532205376774, -0.0006105781649239361, -2.692841189855244e-05, 0.0001470238494221121], [5.698072345694527e-05, 0.00019632095063570887, -0.000595332880038768, 0.0022959408815950155, -0.0010418626479804516, -0.0006004056194797158, 0.00036468656617216766, -0.000492348219268024, -0.00033386790892109275, -0.0001409916440024972, 0.0011557574616745114, -0.0008316104067489505, 1.545873783470597e-05], [-5.788646831206279e-06, -0.0003319526731502265, 0.00023839640198275447, -0.0010418626479804516, 0.002486214740201831, -1.3281142855703365e-05, 0.00039371871389448643, 6.677373312413692e-05, -0.00024156688596121967, -0.0005166156333871186, -0.0007614664500579238, 0.0001435316080460325, -0.0003243966493755579], [7.387045479845256e-05, 0.00033303815871477127, -0.0005450075259432197, -0.0006004056194797158, -1.3281142855703365e-05, 0.003811788512393832, -0.0016138058854267001, -0.000872576143592596, -0.0004589218006003648, -0.0006233849562704563, -0.0006139318575151265, 0.0015985516365617514, -0.00036056965473107994], [-0.00018800031102728099, -0.0005358880152925849, 7.067435217322782e-05, 0.00036468656617216766, 0.00039371871389448643, -0.0016138058854267001, 0.00331190531142056, 8.905089634936303e-05, -2.1774771084892564e-05, -0.0006036466220393777, 0.00042909063631668687, -0.001956017455086112, 0.0004138018121011555], [-0.00010992030729539692, -0.0002473948698025197, -0.0002077775279758498, -0.000492348219268024, 6.677373312413692e-05, -0.000872576143592596, 8.905089634936303e-05, 0.005868670996278524, -0.002213930245488882, 0.0017696957802399993, -0.00196723360568285, 0.0007067215046845376, -0.0019213309278711677], [4.12798035540618e-05, -0.00010178981756325811, 0.00010789273073896766, -0.00033386790892109275, -0.00024156688596121967, -0.0004589218006003648, -2.1774771084892564e-05, -0.002213930245488882, 0.006332933437079191, -0.002628036541864276, 0.0008262802730314434, -0.0008688797825016081, 0.002289523370563984], [-4.798493318958208e-05, -1.864089790615253e-05, 0.0003197532205376774, -0.0001409916440024972, -0.0005166156333871186, -0.0006233849562704563, -0.0006036466220393777, 0.0017696957802399993, -0.002628036541864276, 0.007568009197711945, -0.0034989325795322657, 0.0019303192384541035, -0.001908345497213304], [-1.700989560049493e-05, -0.0003212112933397293, -0.0006105781649239361, 0.0011557574616745114, -0.0007614664500579238, -0.0006139318575151265, 0.00042909063631668687, -0.00196723360568285, 0.0008262802730314434, -0.0034989325795322657, 0.01026953011751175, -0.003712387289851904, 0.00046352233039215207], [-1.8976759747602046e-05, 8.410029113292694e-05, -2.692841189855244e-05, -0.0008316104067489505, 0.0001435316080460325, 0.0015985516365617514, -0.001956017455086112, 0.0007067215046845376, -0.0008688797825016081, 0.0019303192384541035, -0.003712387289851904, 0.010024456307291985, -0.001738948980346322], [9.398088877787814e-05, 0.00022289212211035192, 0.0001470238494221121, 1.545873783470597e-05, -0.0003243966493755579, -0.00036056965473107994, 0.0004138018121011555, -0.0019213309278711677, 0.002289523370563984, -0.001908345497213304, 0.00046352233039215207, -0.001738948980346322, 0.004632215015590191]], "metadata.audio_properties.analysis.downmix": "mix", "metadata.audio_properties.codec": "mp3", "metadata.audio_properties.md5_encoded": "a8b12267d02743c76df5d23be95162f1", "metadata.tags.file_name": "1183662275345793104.mp3", "metadata.version.essentia": "2.