{"song_id": "1183697585207259136", "download": "https://cdn.discordapp.com/attachments/1135911532732108921/1183697585207259136/chirp.mp4?ex=65894748&amp", "lyrics": "[Verse]\nTesting the software, that's my role\nFinding those bugs, I'm in control\nWith a magnifying glass, I dig deep\nNo error can hide, no bug can creep\n\n[Chorus]\nManual QA, it's my groove\nUnveiling the flaws, making it smooth\nClicking and typing, I'm in my zone\nBringing quality to every line of code", "style": ["funky"], "essentia_features": {"lowlevel.average_loudness": 0.928817868232727, "lowlevel.barkbands_crest.mean": 11.186890602111816, "lowlevel.barkbands_crest.stdev": 5.419498443603516, "lowlevel.barkbands_flatness_db.mean": 0.14876578748226166, "lowlevel.barkbands_flatness_db.stdev": 0.1009763851761818, "lowlevel.barkbands_kurtosis.mean": 44.5134391784668, "lowlevel.barkbands_kurtosis.stdev": 181.50570678710938, "lowlevel.barkbands_skewness.mean": 3.0260326862335205, "lowlevel.barkbands_skewness.stdev": 4.9055609703063965, "lowlevel.barkbands_spread.mean": 25.03612518310547, "lowlevel.barkbands_spread.stdev": 20.83832550048828, "lowlevel.dissonance.mean": 0.4680559039115906, "lowlevel.dissonance.stdev": 0.0398719422519207, "lowlevel.dynamic_complexity": 3.753084182739258, "lowlevel.erbbands_crest.mean": 9.870529174804688, "lowlevel.erbbands_crest.stdev": 5.6359663009643555, "lowlevel.erbbands_flatness_db.mean": 0.1338813155889511, "lowlevel.erbbands_flatness_db.stdev": 0.04693729430437088, "lowlevel.erbbands_kurtosis.mean": 2.910219669342041, "lowlevel.erbbands_kurtosis.stdev": 8.553383827209473, "lowlevel.erbbands_skewness.mean": 0.8191527724266052, "lowlevel.erbbands_skewness.stdev": 1.4087004661560059, "lowlevel.erbbands_spread.mean": 47.17070388793945, "lowlevel.erbbands_spread.stdev": 27.41107940673828, "lowlevel.hfc.mean": 24.12358283996582, "lowlevel.hfc.stdev": 24.69840431213379, "lowlevel.loudness_ebu128.integrated": -14.773032188415527, "lowlevel.loudness_ebu128.loudness_range": 1.6445884704589844, "lowlevel.loudness_ebu128.momentary.mean": -15.524798393249512, "lowlevel.loudness_ebu128.momentary.stdev": 2.732008934020996, "lowlevel.loudness_ebu128.short_term.mean": -14.845232963562012, "lowlevel.loudness_ebu128.short_term.stdev": 0.5904940962791443, "lowlevel.melbands_crest.mean": 15.408309936523438, "lowlevel.melbands_crest.stdev": 6.920073986053467, "lowlevel.melbands_flatness_db.mean": 0.2207009494304657, "lowlevel.melbands_flatness_db.stdev": 0.14047467708587646, "lowlevel.melbands_kurtosis.mean": 62.04198455810547, "lowlevel.melbands_kurtosis.stdev": 132.6873016357422, "lowlevel.melbands_skewness.mean": 3.8710474967956543, "lowlevel.melbands_skewness.stdev": 3.9109675884246826, "lowlevel.melbands_spread.mean": 27.69367790222168, "lowlevel.melbands_spread.stdev": 31.970565795898438, "lowlevel.pitch_salience.mean": 0.5381609201431274, "lowlevel.pitch_salience.stdev": 0.17585626244544983, "lowlevel.silence_rate_20dB.mean": 1.0, "lowlevel.silence_rate_20dB.stdev": 0.0, "lowlevel.silence_rate_30dB.mean": 0.9158945083618164, "lowlevel.silence_rate_30dB.stdev": 0.2775440514087677, "lowlevel.silence_rate_60dB.mean": 0.15039201080799103, "lowlevel.silence_rate_60dB.stdev": 0.3574528992176056, "lowlevel.spectral_centroid.mean": 1442.3492431640625, "lowlevel.spectral_centroid.stdev": 1077.0609130859375, "lowlevel.spectral_complexity.mean": 13.647897720336914, "lowlevel.spectral_complexity.stdev": 12.779000282287598, "lowlevel.spectral_decrease.mean": -9.344714335668414e-09, "lowlevel.spectral_decrease.stdev": 1.0840030206793472e-08, "lowlevel.spectral_energy.mean": 0.03745716065168381, "lowlevel.spectral_energy.stdev": 0.04145010933279991, "lowlevel.spectral_energyband_high.mean": 0.0014029766898602247, "lowlevel.spectral_energyband_high.stdev": 0.0022211368195712566, "lowlevel.spectral_energyband_low.mean": 0.02236069180071354, "lowlevel.spectral_energyband_low.stdev": 0.03894690051674843, "lowlevel.spectral_energyband_middle_high.mean": 0.004348168149590492, "lowlevel.spectral_energyband_middle_high.stdev": 0.008683284744620323, "lowlevel.spectral_energyband_middle_low.mean": 0.01064144168049097, "lowlevel.spectral_energyband_middle_low.stdev": 0.01446266658604145, "lowlevel.spectral_entropy.mean": 7.639987468719482, "lowlevel.spectral_entropy.stdev": 0.6650475859642029, "lowlevel.spectral_flux.mean": 0.08544238656759262, "lowlevel.spectral_flux.stdev": 0.061600878834724426, "lowlevel.spectral_kurtosis.mean": 4.7214837074279785, "lowlevel.spectral_kurtosis.stdev": 3.061845302581787, "lowlevel.spectral_rms.mean": 0.0051414878107607365, "lowlevel.spectral_rms.stdev": 0.0031794209498912096, "lowlevel.spectral_rolloff.mean": 3284.28515625, "lowlevel.spectral_rolloff.stdev": 4646.73779296875, "lowlevel.spectral_skewness.mean": 1.6724896430969238, "lowlevel.spectral_skewness.stdev": 0.5533363819122314, "lowlevel.spectral_spread.mean": 5978746.0, "lowlevel.spectral_spread.stdev": 1808379.125, "lowlevel.spectral_strongpeak.mean": 0.8321938514709473, "lowlevel.spectral_strongpeak.stdev": 0.9883621335029602, "lowlevel.zerocrossingrate.mean": 0.12181486189365387, "lowlevel.zerocrossingrate.stdev": 0.11581829935312271, "metadata.audio_properties.analysis.equal_loudness": 0.0, "metadata.audio_properties.analysis.length": 32.53330993652344, "metadata.audio_properties.analysis.sample_rate": 44100.0, "metadata.audio_properties.analysis.start_time": 0.0, "metadata.audio_properties.bit_rate": 122806.0, "metadata.audio_properties.length": 32.53333282470703, "metadata.audio_properties.lossless": 0.0, "metadata.audio_properties.number_channels": 1.0, "metadata.audio_properties.replay_gain": -11.674041748046875, "metadata.audio_properties.sample_rate": 48000.0, "rhythm.beats_count": 64.0, "rhythm.beats_loudness.mean": 0.04864067956805229, "rhythm.beats_loudness.stdev": 0.04238833859562874, "rhythm.bpm": 117.93297576904297, "rhythm.bpm_histogram_first_peak_bpm": 117.0, "rhythm.bpm_histogram_first_peak_weight": 0.17543858289718628, "rhythm.bpm_histogram_second_peak_bpm": 123.0, "rhythm.bpm_histogram_second_peak_spread": 0.0, "rhythm.bpm_histogram_second_peak_weight": 0.0793650820851326, "rhythm.danceability": 1.3957422971725464, "rhythm.onset_rate": 5.252750396728516, "tonal.chords_changes_rate": 0.07549857348203659, "tonal.chords_number_rate": 0.017094017937779427, "tonal.chords_strength.mean": 0.568048357963562, "tonal.chords_strength.stdev": 0.09284175932407379, "tonal.hpcp_crest.mean": 11.737067222595215, "tonal.hpcp_crest.stdev": 6.553369522094727, "tonal.hpcp_entropy.mean": 2.4670047760009766, "tonal.hpcp_entropy.stdev": 0.8935663104057312, "tonal.key_edma.strength": 0.6906323432922363, "tonal.key_krumhansl.strength": 0.6888869404792786, "tonal.key_temperley.strength": 0.6597221493721008, "tonal.tuning_diatonic_strength": 0.5558838844299316, "tonal.tuning_equal_tempered_deviation": 0.33424118161201477, "tonal.tuning_frequency": 456.3066101074219, "tonal.tuning_nontempered_energy_ratio": 0.9510347843170166, "lowlevel.barkbands.mean": [0.000320701627060771, 0.013966251164674759, 0.006886688992381096, 0.002264549722895026, 0.002248974284157157, 0.0024289314169436693, 0.0013132392195984721, 0.001242798171006143, 0.0009034238173626363, 0.0009984119096770883, 0.00081878766650334, 0.00058725819690153, 0.000529611250385642, 0.00032122788252308965, 0.0002702879428397864, 0.00021513280807994306, 0.0002363266103202477, 0.0002134100068360567, 0.00016801628225948662, 0.00020702849724330008, 0.0002576609840616584, 0.0001782629988156259, 0.0002330522984266281, 0.0002155097754439339, 7.873286813264713e-05, 0.00030519012943841517, 4.776428613695316e-05], "lowlevel.barkbands.stdev": [0.0007889795815572143, 0.02725776471197605, 0.013714789412915707, 0.005314882844686508, 0.003927859477698803, 0.0050667268224060535, 0.004866716451942921, 0.004712121095508337, 0.0033557983115315437, 0.005090033635497093, 0.002446449128910899, 0.0017913766205310822, 0.0015500278677791357, 0.0011378219351172447, 0.000533563201315701, 0.000479283306049183, 0.0005040165851823986, 0.0004356103017926216, 0.0003151981218252331, 0.0004297546693123877, 0.000512234284542501, 0.00038246650365181267, 0.0005120668211020529, 0.00040464402991347015, 0.00017969425243791193, 0.00039525271859019995, 6.783044227631763e-05], "lowlevel.erbbands.mean": [0.33488109707832336, 3.3375179767608643, 8.696539878845215, 7.266977310180664, 6.956231594085693, 5.5509443283081055, 22.209888458251953, 16.43439483642578, 17.629581451416016, 25.237844467163086, 21.51703453063965, 21.05276107788086, 26.346153259277344, 35.45075988769531, 32.77542495727539, 23.622636795043945, 24.265926361083984, 19.650909423828125, 15.078187942504883, 12.382308959960938, 12.770103454589844, 13.100345611572266, 11.818672180175781, 9.73698616027832, 9.509634017944336, 9.242239952087402, 9.964594841003418, 9.405399322509766, 6.956760406494141, 6.275042533874512, 6.325378894805908, 5.198809623718262, 3.0473389625549316, 0.9899662137031555, 0.5038736462593079, 0.6270496845245361, 0.6309655904769897, 0.21745330095291138, 0.004662719089537859, 0.0001519053621450439], "lowlevel.erbbands.stdev": [0.6576366424560547, 6.791590690612793, 18.073108673095703, 13.954771995544434, 15.373167991638184, 10.67000961303711, 43.21827697753906, 46.0172004699707, 79.58544921875, 81.0916748046875, 76.78064727783203, 69.64714813232422, 123.58983612060547, 141.1566925048828, 93.07304382324219, 63.61404800415039, 72.153564453125, 64.8709716796875, 28.770545959472656, 27.18183135986328, 28.334386825561523, 27.298372268676758, 23.400604248046875, 20.485382080078125, 16.751598358154297, 20.048553466796875, 21.564125061035156, 18.769580841064453, 14.922794342041016, 14.499873161315918, 13.354472160339355, 10.00865650177002, 5.80805778503418, 2.241821527481079, 1.2320551872253418, 1.1895134449005127, 0.7903452515602112, 0.2697831988334656, 0.005781698971986771, 0.00014109541370999068], "lowlevel.gfcc.mean": [-16.662158966064453, 36.290771484375, -80.55452728271484, 22.480361938476562, -39.28436279296875, 11.379546165466309, -29.92418098449707, -0.7550578713417053, -26.91533851623535, 3.3587088584899902, -21.432138442993164, 11.352035522460938, -22.783687591552734], "lowlevel.melbands.mean": [0.003439327934756875, 0.004427800886332989, 0.0012929491931572556, 0.0004129167937207967, 0.0006477655842900276, 0.00038321432657539845, 0.0002655218995641917, 0.0002877787046600133, 0.00015736627392470837, 0.00013631468755193055, 0.00013243492867331952, 0.0001445643720217049, 0.00010864641808439046, 7.204253051895648e-05, 5.4915304644964635e-05, 5.3449613915290684e-05, 3.369356636540033e-05, 2.4002165446290746e-05, 1.8743263353826478e-05, 1.4827383893134538e-05, 1.517735199740855e-05, 1.4132200703897979e-05, 1.1414206710469443e-05, 9.952569598681293e-06, 7.67650726629654e-06, 5.8486757552600466e-06, 8.216595233534463e-06, 5.4130614444147795e-06, 6.07994388701627e-06, 6.462436886067735e-06, 4.945412001688965e-06, 4.096620614291169e-06, 3.0291787425085204e-06, 3.823502538580215e-06, 3.5545397167879855e-06, 3.519024176057428e-06, 3.2010955237637972e-06, 2.559825816206285e-06, 1.3900261137678172e-06, 5.662471380674106e-07], "lowlevel.melbands.stdev": [0.006631878204643726, 0.00862241629511118, 0.0023195245303213596, 0.0008888285374268889, 0.00121694419067353, 0.000991702894680202, 0.0010931827127933502, 0.0009786479640752077, 0.0005484418943524361, 0.00048715865705162287, 0.0006473744288086891, 0.0006299255765043199, 0.00031701510306447744, 0.00020282897457946092, 0.00017594570817891508, 0.0001522622915217653, 0.00011872943287016824, 4.835502113564871e-05, 3.994922371930443e-05, 3.310307511128485e-05, 3.477897189441137e-05, 3.032794120372273e-05, 2.359776226512622e-05, 2.1088420908199623e-05, 1.6877635061973706e-05, 1.0811936590471305e-05, 1.5968949810485356e-05, 1.2754027011396829e-05, 1.4850475054117851e-05, 1.2183152648503892e-05, 1.052324387273984e-05, 9.004620551422704e-06, 6.650664545304608e-06, 9.56180247158045e-06, 7.87310091254767e-06, 7.565585747215664e-06, 6.068730272090761e-06, 4.938281563227065e-06, 3.0409457849600585e-06, 1.495641754445387e-06], "lowlevel.melbands128.mean": [0.00029478888609446585, 0.0023187161423265934, 0.0046055130660533905, 0.005880828481167555, 0.00524838687852025, 0.002860110718756914, 0.001427256502211094, 0.0010856286389753222, 0.0006780293770134449, 0.0003525858046486974, 0.0001940624788403511, 0.000489233061671257, 0.0010179913369938731, 0.0005017656367272139, 0.000398027419578284, 0.0002633598051033914, 0.0002834393235389143, 0.0002658251323737204, 0.0002486402227077633, 0.00028175610350444913, 0.0003375785599928349, 0.0002201855240855366, 0.00012740789679810405, 9.570460679242387e-05, 0.00013013547868467867, 0.00015991712280083448, 0.00013289321213960648, 0.00011781477951444685, 0.0001365883945254609, 0.00017091163317672908, 0.00014450102753471583, 0.00010602009569993243, 9.656996553530917e-05, 0.00013195467181503773, 7.438001193804666e-05, 5.363077798392624e-05, 6.512421532534063e-05, 5.556199175771326e-05, 4.690988134825602e-05, 5.578751370194368e-05, 6.023347668815404e-05, 4.1815157601376995e-05, 3.364012809470296e-05, 3.210478462278843e-05, 2.1262942027533427e-05, 2.3867616619099863e-05, 2.545563802414108e-05, 1.779604281182401e-05, 1.662919567024801e-05, 1.6658526874380186e-05, 1.3918916920374613e-05, 1.3878297977498733e-05, 1.428628820576705e-05, 1.6671392586431466e-05, 1.5575225916109048e-05, 1.4874572116241325e-05, 1.1320305020490196e-05, 1.2088416951883119e-05, 1.1155535503348801e-05, 1.0675238627300132e-05, 1.0199976713920478e-05, 9.083359145733994e-06, 9.02374267752748e-06, 7.4124845923506655e-06, 5.254950792732416e-06, 5.221896572038531e-06, 6.20294349573669e-06, 8.16792635305319e-06, 9.58381497184746e-06, 7.35848971089581e-06, 4.527444616542198e-06, 4.9273644435743336e-06, 5.419120498117991e-06, 7.1729341470927466e-06, 5.394185336626833e-06, 6.360336556099355e-06, 7.538452791777672e-06, 5.519386377272895e-06, 4.768203325511422e-06, 3.7816528219991596e-06, 4.432218702277169e-06, 4.344921762822196e-06, 3.231916252843803e-06, 2.957448714369093e-06, 2.554010734456824e-06, 3.6153653582005063e-06, 4.476509275264107e-06, 3.843823833449278e-06, 3.0680969302920857e-06, 3.738091891136719e-06, 3.997175099357264e-06, 3.3962960515054874e-06, 2.862185965568642e-06, 2.8369588562782155e-06, 3.6812907637795433e-06, 3.877004473906709e-06, 2.019312887568958e-06, 1.0305057003279217e-06, 1.7062660617739311e-06, 1.5264836292772088e-06, 6.670402399322484e-07, 4.4364335849422787e-07, 2.8357970904835383e-07, 4.782053224516858e-07, 5.624052619168651e-07, 6.496274522760359e-07, 6.064985882403562e-07, 5.642883138534671e-07, 8.996028668661893e-07, 1.4282188658398809e-06, 2.203270014433656e-06, 1.6506238580404897e-06, 2.041247171291616e-06, 2.327698894077912e-06, 2.319559371244395e-06, 3.1449869766220218e-06, 1.9968338165199384e-06, 1.58961952934078e-07, 6.105381200605109e-10, 1.2047243758139814e-10, 7.024663489785254e-11, 6.624333460242271e-12, 6.362690322531117e-12, 6.180264633393051e-12, 5.9782877433189885e-12, 5.7570454480015965e-12, 5.6246587248898194e-12, 5.576063048795543e-12], "lowlevel.melbands128.stdev": [0.0007643084391020238, 0.005005819723010063, 0.010003124363720417, 0.012709813192486763, 0.011675290763378143, 0.005329636856913567, 0.003073516534641385, 0.0025954379234462976, 0.001714896410703659, 0.0011111818021163344, 0.0005319790216162801, 0.00096148467855528, 0.0021031734067946672, 0.0011776336468756199, 0.0013472882565110922, 0.0012048636563122272, 0.0017742227064445615, 0.001389314653351903, 0.0007497453480027616, 0.0011445068521425128, 0.001476484932936728, 0.001140761305578053, 0.000520298897754401, 0.00044598677777685225, 0.0005044176359660923, 0.000746136880479753, 0.0009128523524850607, 0.0007433793507516384, 0.0010976610938087106, 0.0010922385845333338, 0.000614314922131598, 0.00042155568371526897, 0.0003846172767225653, 0.00044643337605521083, 0.0003356239467393607, 0.00014699083112645894, 0.00023995075025595725, 0.00021966225176583976, 0.00020456596394069493, 0.0002447990409564227, 0.00016874223365448415, 0.00019445345969870687, 0.00016125458932947367, 0.00011658679432002828, 6.1027771153021604e-05, 4.9906735512195155e-05, 5.465198410092853e-05, 4.489827551878989e-05, 4.534486652119085e-05, 4.603136403602548e-05, 3.3751573937479407e-05, 4.2184085032204166e-05, 3.836944961221889e-05, 4.324744440964423e-05, 3.637336703832261e-05, 3.645837932708673e-05, 2.7295402105664834e-05, 2.9832990549039096e-05, 2.549800592532847e-05, 2.322212458238937e-05, 2.439592753944453e-05, 2.327119182155002e-05, 2.748522638285067e-05, 1.544888800708577e-05, 1.0754897630249616e-05, 1.0856419976335019e-05, 1.2781355508195702e-05, 1.702447480056435e-05, 1.989115662581753e-05, 2.2362048184731975e-05, 1.2402704669511877e-05, 1.3328795830602758e-05, 1.3831368960381951e-05, 2.063567990262527e-05, 1.159213024948258e-05, 1.2884123862022534e-05, 1.4763919352844823e-05, 1.3010467228014022e-05, 1.0997409845003858e-05, 9.29808447835967e-06, 1.0678113540052436e-05, 9.904652870318387e-06, 8.47317096486222e-06, 6.9895991146040615e-06, 6.263659997784998e-06, 1.0035634659288917e-05, 1.268507094209781e-05, 9.085186320589855e-06, 7.400022695946973e-06, 8.893724952940829e-06, 8.914006684790365e-06, 8.488083039992489e-06, 7.047400231385836e-06, 5.949548267381033e-06, 7.285341780516319e-06, 7.449258646374801e-06, 4.480652023630682e-06, 2.5556930722814286e-06, 3.97808480556705e-06, 3.616343974499614e-06, 1.9526958112692228e-06, 1.5549499039479997e-06, 8.689791002325364e-07, 1.3980746871311567e-06, 1.661592477830709e-06, 1.763520003805752e-06, 2.0838026557612466e-06, 1.7150396161014214e-06, 2.4818023121042643e-06, 2.88769592771132e-06, 3.680135932881967e-06, 2.5196186470566317e-06, 2.9603179427795112e-06, 3.0790727123530814e-06, 2.9500388336600736e-06, 4.554730821837438e-06, 2.759524704742944e-06, 4.397537622935488e-07, 1.2039185648404782e-08, 4.139549591997138e-09, 2.315180713807763e-09, 1.323938875197328e-11, 1.2494393540618542e-11, 1.2047895667222086e-11, 1.145744783770386e-11, 1.0957006135736691e-11, 1.0787828096103791e-11, 1.072375521715685e-11], "lowlevel.mfcc.mean": [-679.8045654296875, 91.93924713134766, 10.463041305541992, 23.983659744262695, 7.384775161743164, 17.56900978088379, 1.135013461112976, 8.396674156188965, -7.314201354980469, 1.4586607217788696, -9.491878509521484, 5.626065254211426, -6.950051784515381], "lowlevel.spectral_contrast_coeffs.mean": [-0.6691993474960327, -0.7712836265563965, -0.8085723519325256, -0.8304388523101807, -0.8188644647598267, -0.720084547996521], "lowlevel.spectral_contrast_coeffs.stdev": [0.10036834329366684, 0.09557203203439713, 0.06517425179481506, 0.04476778581738472, 0.037246160209178925, 0.05505874380469322], "lowlevel.spectral_contrast_valleys.mean": [-7.339095592498779, -7.5320868492126465, -7.699342727661133, -7.810407638549805, -7.750436305999756, -10.641034126281738], "lowlevel.spectral_contrast_valleys.stdev": [1.434380292892456, 1.267573356628418, 1.1296035051345825, 0.986567497253418, 0.9697030782699585, 1.1868172883987427], "rhythm.beats_loudness_band_ratio.mean": [0.39546674489974976, 0.125338613986969, 0.0885220393538475, 0.14389701187610626, 0.11116974800825119, 0.15494512021541595], "rhythm.beats_loudness_band_ratio.stdev": [0.3090376853942871, 0.10107652842998505, 0.11448722332715988, 0.13635286688804626, 0.09143497049808502, 0.15666523575782776], "tonal.hpcp.mean": [0.1840825378894806, 0.2683694362640381, 0.21052831411361694, 0.10028687119483948, 0.08416373282670975, 0.0911368727684021, 0.13828614354133606, 0.1611233502626419, 0.1317426860332489, 0.10533371567726135, 0.09989216178655624, 0.09871800988912582, 0.1973486989736557, 0.3226587176322937, 0.22481538355350494, 0.11557836085557938, 0.10872988402843475, 0.08501354604959488, 0.09560465067625046, 0.11639560014009476, 0.11698484420776367, 0.15722669661045074, 0.2028971165418625, 0.16799399256706238, 0.11606621742248535, 0.09535058587789536, 0.10533341765403748, 0.1637980341911316, 0.21451683342456818, 0.17965826392173767, 0.13437561690807343, 0.12460116297006607, 0.12419888377189636, 0.15001451969146729, 0.15573471784591675, 0.14204436540603638], "tonal.hpcp.stdev": [0.2559655010700226, 0.34249138832092285, 0.2799067199230194, 0.18171752989292145, 0.1704740971326828, 0.17420633137226105, 0.2518867254257202, 0.2657376229763031, 0.22801972925662994, 0.20618578791618347, 0.20257480442523956, 0.19233474135398865, 0.23253798484802246, 0.36327871680259705, 0.2574220299720764, 0.2061207890510559, 0.20958955585956573, 0.16452522575855255, 0.19030392169952393, 0.23105931282043457, 0.2162119299173355, 0.23432223498821259, 0.25775182247161865, 0.22461088001728058, 0.220676988363266, 0.18249668180942535, 0.19942639768123627, 0.25982922315597534, 0.3321048617362976, 0.2771785855293274, 0.23628298938274384, 0.22948233783245087, 0.23366206884384155, 0.2591570019721985, 0.26237940788269043, 0.23409950733184814], "rhythm.beats_position": [0.4643990993499756, 0.952018141746521, 1.4396371841430664, 1.904036283493042, 2.391655206680298, 2.879274368286133, 3.390113353729248, 3.9009523391723633, 4.400181293487549, 4.899410247802734, 5.41024923324585, 5.921088218688965, 6.43192720413208, 6.942766189575195, 7.4536051750183105, 7.964444160461426, 8.4752836227417, 8.974512100219727, 9.47374153137207, 9.984580039978027, 10.4954195022583, 11.006258010864258, 11.517097473144531, 12.027935981750488, 12.538775444030762, 13.049613952636719, 13.560453414916992, 14.07129192352295, 14.570521354675293, 15.06974983215332, 15.580589294433594, 16.091428756713867, 16.60226821899414, 17.11310577392578, 17.623945236206055, 18.134784698486328, 18.6456241607666, 19.156461715698242, 19.667301177978516, 20.15492057800293, 20.665760040283203, 21.176597595214844, 21.687437057495117, 22.19827651977539, 22.709115982055664, 23.219953536987305, 23.730792999267578, 24.24163246154785, 24.740861892700195, 25.240089416503906, 25.75092887878418, 26.261768341064453, 26.772607803344727, 27.283445358276367, 27.79428482055664, 28.305124282836914, 28.815963745117188, 29.326801300048828, 29.8376407623291, 30.336870193481445, 30.83609962463379, 31.346939086914062, 31.857776641845703, 32.36861801147461], "rhythm.bpm_histogram": [0.0, 0.0, 0.0, 0.0, 0.0, 0.0, 0.0, 0.0, 0.0, 0.0, 0.0, 0.0, 0.0, 0.0, 0.0, 0.0, 0.0, 0.0, 0.0, 0.0, 0.0, 0.0, 0.0, 0.0, 0.0, 0.0, 0.0, 0.0, 0.0, 0.0, 0.0, 0.0, 0.0, 0.0, 0.0, 0.0, 0.0, 0.0, 0.0, 0.0, 0.0, 0.0, 0.0, 0.0, 0.0, 0.0, 0.0, 0.0, 0.0, 0.0, 0.0, 0.0, 0.0, 0.0, 0.0, 0.0, 0.0, 0.0, 0.0, 0.0, 0.0, 0.0, 0.0, 0.0, 0.0, 0.0, 0.0, 0.0, 0.0, 0.0, 0.0, 0.0, 0.0, 0.0, 0.0, 0.0, 0.0, 0.0, 0.0, 0.0, 0.0, 0.0, 0.0, 0.0, 0.0, 0.0, 0.0, 0.0, 0.0, 0.0, 0.0, 0.0, 0.0, 0.0, 0.0, 0.0, 0.0, 0.0, 0.0, 0.0, 0.0, 0.0, 0.0, 0.0, 0.0, 0.0, 0.0, 0.0, 0.0, 0.0, 0.0, 0.0, 0.0, 0.0, 0.0, 0.0, 0.0, 0.7460317611694336, 0.0, 0.0, 0.1587301641702652, 0.0, 0.0, 0.0793650820851326, 0.0, 0.0, 0.0, 0.0, 0.0, 0.01587301678955555, 0.0, 0.0, 0.0, 0.0, 0.0, 0.0, 0.0, 0.0, 0.0, 0.0, 0.0, 0.0, 0.0, 0.0, 0.0, 0.0, 0.0, 0.0, 0.0, 0.0, 0.0, 0.0, 0.0, 0.0, 0.0, 0.0, 0.0, 0.0, 0.0, 0.0, 0.0, 0.0, 0.0, 0.0, 0.0, 0.0, 0.0, 0.0, 0.0, 0.0, 0.0, 0.0, 0.0, 0.0, 0.0, 0.0, 0.0, 0.0, 0.0, 0.0, 0.0, 0.0, 0.0, 0.0, 0.0, 0.0, 0.0, 0.0, 0.0, 0.0, 0.0, 0.0, 0.0, 0.0, 0.0, 0.0, 0.0, 0.0, 0.0, 0.0, 0.0, 0.0, 0.0, 0.0, 0.0, 0.0, 0.0, 0.0, 0.0, 0.0, 0.0, 0.0, 0.0, 0.0, 0.0, 0.0, 0.0, 0.0, 0.0, 0.0, 0.0, 0.0, 0.0, 0.0, 0.0, 0.0, 0.0, 0.0, 0.0, 0.0, 0.0, 0.0, 0.0, 0.0, 0.0, 0.0, 0.0, 0.0, 0.0, 0.0, 0.0, 0.0, 0.0, 0.0, 0.0, 0.0, 0.0, 0.0, 0.0, 0.0], "tonal.chords_histogram": [43.30484390258789, 2.8490028381347656, 10.256410598754883, 3.276353359222412, 20.655271530151367, 1.2820513248443604, 1.8518518209457397, 0.0, 1.8518518209457397, 0.0, 0.0, 0.0, 0.0, 0.0, 0.0, 0.0, 0.0, 0.9971510171890259, 0.0, 5.270655155181885, 5.982905864715576, 1.1396011114120483, 0.0, 1.2820513248443604], "tonal.thpcp": [1.0, 0.696759045124054, 0.35820621252059937, 0.3369810879230499, 0.26347821950912476, 0.2963027060031891, 0.3607390522956848, 0.362565279006958, 0.4872848391532898, 0.6288288831710815, 0.5206553936004639, 0.3597182035446167, 0.2955152988433838, 0.3264545798301697, 0.5076510310173035, 0.6648412942886353, 0.5568058490753174, 0.41646361351013184, 0.3861701488494873, 0.38492336869239807, 0.46493247151374817, 0.48266080021858215, 0.44023099541664124, 0.5705177783966064, 0.8317439556121826, 0.652479887008667, 0.3108140826225281, 0.2608444392681122, 0.2824559509754181, 0.4285833239555359, 0.499361515045166, 0.40830349922180176, 0.3264555037021637, 0.30959078669548035, 0.3059517741203308, 0.6116329431533813], "lowlevel.gfcc.cov": [[9205.2080078125, 1877.76171875, -498.5273742675781, -149.4786376953125, -900.5437622070312, -349.31610107421875, -272.1461181640625, 32.556697845458984, -44.868194580078125, 92.7085952758789, 119.51148223876953, 3.537060022354126, 0.14602744579315186], [1877.76171875, 3219.0302734375, 912.752685546875, 295.2863464355469, 152.9788360595703, -295.2582702636719, 230.94570922851562, 50.98362731933594, 125.14265441894531, 28.575496673583984, 116.05354309082031, 57.09723663330078, 31.732500076293945], [-498.5273742675781, 912.752685546875, 1531.291748046875, 729.703125, 427.57586669921875, 187.59375, 172.53811645507812, 162.82244873046875, 93.94026184082031, -22.37342071533203, -20.71576499938965, -24.884754180908203, -25.981931686401367], [-149.4786376953125, 295.2863464355469, 729.703125, 1057.7957763671875, 516.086181640625, 174.09291076660156, 137.72149658203125, 21.66306495666504, 101.50572967529297, 19.800573348999023, 75.51559448242188, 15.689168930053711, 65.56938934326172], [-900.5437622070312, 152.9788360595703, 427.57586669921875, 516.086181640625, 598.4004516601562, 284.10223388671875, 203.0464324951172, 50.78496170043945, 85.04593658447266, 3.8183391094207764, 25.531723022460938, 20.183767318725586, 36.76581954956055], [-349.31610107421875, -295.2582702636719, 187.59375, 174.09291076660156, 284.10223388671875, 572.9656982421875, 224.03952026367188, 150.75485229492188, 85.58222961425781, -8.712971687316895, -12.890471458435059, -43.16184997558594, 3.4725632667541504], [-272.1461181640625, 230.94570922851562, 172.53811645507812, 137.72149658203125, 203.0464324951172, 224.03952026367188, 326.3127746582031, 121.04891204833984, 85.05615997314453, 12.211967468261719, 13.595846176147461, 14.021442413330078, 5.107309818267822], [32.556697845458984, 50.98362731933594, 162.82244873046875, 21.66306495666504, 50.78496170043945, 150.75485229492188, 121.04891204833984, 204.2751922607422, 93.89940643310547, 25.308364868164062, -14.61420726776123, -25.894603729248047, -5.093169212341309], [-44.868194580078125, 125.14265441894531, 93.94026184082031, 101.50572967529297, 85.04593658447266, 85.58222961425781, 85.05615997314453, 93.89940643310547, 146.19187927246094, 38.779415130615234, 19.540409088134766, -14.765711784362793, 3.9952666759490967], [92.7085952758789, 28.575496673583984, -22.37342071533203, 19.800573348999023, 3.8183391094207764, -8.712971687316895, 12.211967468261719, 25.308364868164062, 38.779415130615234, 109.43629455566406, 47.69533920288086, 21.201169967651367, 13.617241859436035], [119.51148223876953, 116.05354309082031, -20.71576499938965, 75.51559448242188, 25.531723022460938, -12.890471458435059, 13.595846176147461, -14.61420726776123, 19.540409088134766, 47.69533920288086, 107.23845672607422, 52.54587173461914, 27.75341033935547], [3.537060022354126, 57.09723663330078, -24.884754180908203, 15.689168930053711, 20.183767318725586, -43.16184997558594, 14.021442413330078, -25.894603729248047, -14.765711784362793, 21.201169967651367, 52.54587173461914, 94.82048797607422, 42.011192321777344], [0.14602744579315186, 31.732500076293945, -25.981931686401367, 65.56938934326172, 36.76581954956055, 3.4725632667541504, 5.107309818267822, -5.093169212341309, 3.9952666759490967, 13.617241859436035, 27.75341033935547, 42.011192321777344, 79.79239654541016]], "lowlevel.gfcc.icov": [[0.0002360720100114122, -0.0002914254437200725, 0.0003220062062609941, -0.00044276283006183803, 0.0006093891570344567, -0.00039996628765948117, 0.0003936849825549871, -0.0004006059607490897, 0.00029387231916189194, -0.00016294945089612156, 0.00022842551697976887, -0.00037766582681797445, 0.00040249244193546474], [-0.0002914254437200725, 0.0009344955324195325, -0.0008913432830013335, 0.0008586017647758126, -0.0008176718256436288, 0.0011823162203654647, -0.0011914893984794617, 0.0007932776934467256, -0.0007632696069777012, 0.0004471885331440717, -0.0011802304070442915, 0.0011121112620458007, -0.0011278209276497364], [0.0003220062062609941, -0.0008913432830013335, 0.002121892524883151, -0.0017717973096296191, 0.0006113981944508851, -0.0009316447540186346, 0.0012300856178626418, -0.0020544184371829033, 0.0011034616036340594, -0.00011251839168835431, 0.0016302478034049273, -0.0016561312368139625, 0.002318635117262602], [-0.00044276283006183803, 0.0008586017647758126, -0.0017717973096296191, 0.0035045878030359745, -0.0026599818374961615, 0.0013140080263838172, -0.0010864378418773413, 0.0019033243879675865, -0.001408886513672769, 0.0005035402136854827, -0.0025864774361252785, 0.002724778139963746, -0.0029883640818297863], [0.0006093891570344567, -0.0008176718256436288, 0.0006113981944508851, -0.0026599818374961615, 0.0058139716275036335, -0.00254348898306489, -2.478365604474675e-05, 0.0002960868878290057, -0.00011578913836274296, -0.0005437512299977243, 0.0018250374123454094, -0.0025854413397610188, 0.0009863286977633834], [-0.00039996628765948117, 0.0011823162203654647, -0.0009316447540186346, 0.0013140080263838172, -0.00254348898306489, 0.004812814295291901, -0.0026723737828433514, -0.0006817274843342602, -0.0003978589957114309, 0.0011859561782330275, -0.0021834836807101965, 0.0035832077264785767, -0.0020721592009067535], [0.0003936849825549871, -0.0011914893984794617, 0.0012300856178626418, -0.0010864378418773413, -2.478365604474675e-05, -0.0026723737828433514, 0.007173679303377867, -0.0031788491178303957, -0.0001221761485794559, -1.9885312212863937e-05, 0.0014587772311642766, -0.004020981956273317, 0.0028512764256447554], [-0.0004006059607490897, 0.0007932776934467256, -0.0020544184371829033, 0.0019033243879675865, 0.0002960868878290057, -0.0006817274843342602, -0.0031788491178303957, 0.011542246676981449, -0.005609530955553055, -0.0015615918673574924, 0.001109830103814602, 0.0019311080686748028, -0.0025696922093629837], [0.00029387231916189194, -0.0007632696069777012, 0.0011034616036340594, -0.001408886513672769, -0.00011578913836274296, -0.0003978589957114309, -0.0001221761485794559, -0.005609530955553055, 0.01302670780569315, -0.002765717450529337, -0.001629023114219308, 0.0026046393904834986, 0.0005554793169721961], [-0.00016294945089612156, 0.0004471885331440717, -0.00011251839168835431, 0.0005035402136854827, -0.0005437512299977243, 0.0011859561782330275, -1.9885312212863937e-05, -0.0015615918673574924, -0.002765717450529337, 0.013095328584313393, -0.005760239437222481, -4.6649376599816605e-05, -0.0005956959794275463], [0.00022842551697976887, -0.0011802304070442915, 0.0016302478034049273, -0.0025864774361252785, 0.0018250374123454094, -0.0021834836807101965, 0.0014587772311642766, 0.001109830103814602, -0.001629023114219308, -0.005760239437222481, 0.019061407074332237, -0.010230900719761848, 0.0021780862007290125], [-0.00037766582681797445, 0.0011121112620458007, -0.0016561312368139625, 0.002724778139963746, -0.0025854413397610188, 0.0035832077264785767, -0.004020981956273317, 0.0019311080686748028, 0.0026046393904834986, -4.6649376599816605e-05, -0.010230900719761848, 0.02304738573729992, -0.010502484627068043], [0.00040249244193546474, -0.0011278209276497364, 0.002318635117262602, -0.0029883640818297863, 0.0009863286977633834, -0.0020721592009067535, 0.0028512764256447554, -0.0025696922093629837, 0.0005554793169721961, -0.0005956959794275463, 0.0021780862007290125, -0.010502484627068043, 0.02032605931162834]], "lowlevel.mfcc.cov": [[9333.8955078125, 1076.3209228515625, -161.71957397460938, -277.0973815917969, -592.6226196289062, -588.2937622070312, -320.97442626953125, -439.0721435546875, -168.28201293945312, -302.4659118652344, 78.14803314208984, -27.292818069458008, 82.715087890625], [1076.3209228515625, 2736.5126953125, 576.0277709960938, 490.2962646484375, -132.67396545410156, -92.9927978515625, -43.759368896484375, 84.72029113769531, -19.12904930114746, -10.988032341003418, 2.189166307449341, 106.93743133544922, 17.00558853149414], [-161.71957397460938, 576.0277709960938, 1065.65087890625, 523.260498046875, 316.200439453125, 142.0828094482422, 124.09123229980469, 173.65171813964844, 126.76270294189453, 83.67924499511719, 59.773101806640625, 40.494537353515625, 60.412269592285156], [-277.0973815917969, 490.2962646484375, 523.260498046875, 1021.0677490234375, 357.1033020019531, 231.31375122070312, 82.17107391357422, 84.48384857177734, 1.4665195941925049, 63.68405532836914, -22.90170669555664, 21.183000564575195, 114.94908905029297], [-592.6226196289062, -132.67396545410156, 316.200439453125, 357.1033020019531, 521.5567016601562, 278.4107666015625, 166.0890655517578, 126.70895385742188, 114.39950561523438, 74.735595703125, 54.24518966674805, 11.149134635925293, 45.25727844238281], [-588.2937622070312, -92.9927978515625, 142.0828094482422, 231.31375122070312, 278.4107666015625, 419.1568603515625, 223.57923889160156, 199.55059814453125, 94.42796325683594, 116.89551544189453, 41.16359329223633, 32.91365432739258, 16.068340301513672], [-320.97442626953125, -43.759368896484375, 124.09123229980469, 82.17107391357422, 166.0890655517578, 223.57923889160156, 253.352783203125, 174.01829528808594, 115.33479309082031, 73.00914764404297, 62.93350601196289, 21.693559646606445, 33.49967575073242], [-439.0721435546875, 84.72029113769531, 173.65171813964844, 84.48384857177734, 126.70895385742188, 199.55059814453125, 174.01829528808594, 280.7813720703125, 144.26953125, 116.66875457763672, 52.03752517700195, 52.145233154296875, 3.999950885772705], [-168.28201293945312, -19.12904930114746, 126.76270294189453, 1.4665195941925049, 114.39950561523438, 94.42796325683594, 115.33479309082031, 144.26953125, 215.43173217773438, 104.32890319824219, 88.57597351074219, 19.902053833007812, 28.66735076904297], [-302.4659118652344, -10.988032341003418, 83.67924499511719, 63.68405532836914, 74.735595703125, 116.89551544189453, 73.00914764404297, 116.66875457763672, 104.32890319824219, 155.64547729492188, 63.8205451965332, 38.43997573852539, 9.072898864746094], [78.14803314208984, 2.189166307449341, 59.773101806640625, -22.90170669555664, 54.24518966674805, 41.16359329223633, 62.93350601196289, 52.03752517700195, 88.57597351074219, 63.8205451965332, 118.81954193115234, 42.78636169433594, 38.56825256347656], [-27.292818069458008, 106.93743133544922, 40.494537353515625, 21.183000564575195, 11.149134635925293, 32.91365432739258, 21.693559646606445, 52.145233154296875, 19.902053833007812, 38.43997573852539, 42.78636169433594, 97.8900375366211, 25.69914436340332], [82.715087890625, 17.00558853149414, 60.412269592285156, 114.94908905029297, 45.25727844238281, 16.068340301513672, 33.49967575073242, 3.999950885772705, 28.66735076904297, 9.072898864746094, 38.56825256347656, 25.69914436340332, 111.9066390991211]], "lowlevel.mfcc.icov": [[0.00013854808639734983, -5.115340536576696e-05, -3.007733539561741e-06, -1.1018270924978424e-05, 0.00012671001604758203, -8.348700248461682e-06, 4.148578955209814e-05, 0.00012895865074824542, -5.463305933517404e-05, 0.0002572534140199423, -0.00033066445030272007, 7.893916335888207e-05, -5.9793030231958255e-05], [-5.115340536576696e-05, 0.0005601885495707393, -0.00024078783462755382, -0.0003874346730299294, 0.0004353311378508806, 0.00015096442075446248, -1.016381247609388e-05, -0.0002422102988930419, -9.134267747867852e-05, 0.00031759976991452277, -0.0001104350303648971, -0.000592137745115906, 0.00046629950520582497], [-3.007733539561741e-06, -0.00024078783462755382, 0.0016456694575026631, -0.0005947232129983604, -0.0007232389179989696, 0.0006394125521183014, -0.00012924023030791432, -0.000648307497613132, -0.0002848470467142761, 6.798779213568196e-05, -0.0004040677740704268, 0.0001051377912517637, 0.0002064150758087635], [-1.1018270924978424e-05, -0.0003874346730299294, -0.0005947232129983604, 0.002424075035378337, -0.0012372613418847322, -0.0007467712857760489, 0.0005920277326367795, 2.8715729058603756e-05, 0.001161864958703518, -0.0013686863239854574, 0.001779774553142488, 0.0005955110536888242, -0.0026093751657754183], [0.00012671001604758203, 0.0004353311378508806, -0.0007232389179989696, -0.0012372613418847322, 0.004724566824734211, -0.0022580930963158607, -0.0001526757696410641, 0.00091648253146559, -0.0018196107121184468, 0.0017738000024110079, -0.0015164691722020507, 2.8473710699472576e-05, 0.0007664234726689756], [-8.348700248461682e-06, 0.00015096442075446248, 0.0006394125521183014, -0.0007467712857760489, -0.0022580930963158607, 0.0075980862602591515, -0.004537214525043964, -0.0016612126491963863, 0.0019290660275146365, -0.002918072510510683, 0.0010639589745551348, -0.0006987105589359999, 0.0011811411241069436], [4.148578955209814e-05, -1.016381247609388e-05, -0.00012924023030791432, 0.0005920277326367795, -0.0001526757696410641, -0.004537214525043964, 0.011548574082553387, -0.004352776799350977, -0.000999278505332768, 0.00276113860309124, -0.00319681572727859, 0.002444737358018756, -0.002583299297839403], [0.00012895865074824542, -0.0002422102988930419, -0.000648307497613132, 2.8715729058603756e-05, 0.00091648253146559, -0.0016612126491963863, -0.004352776799350977, 0.011116181500256062, -0.004534190986305475, -0.002312326803803444, 0.003225688124075532, -0.004101664759218693, 0.0022147721610963345], [-5.463305933517404e-05, -9.134267747867852e-05, -0.0002848470467142761, 0.001161864958703518, -0.0018196107121184468, 0.0019290660275146365, -0.000999278505332768, -0.004534190986305475, 0.012345357798039913, -0.00444059306755662, -0.004410941153764725, 0.0038968820590525866, -0.0022425197530537844], [0.0002572534140199423, 0.00031759976991452277, 6.798779213568196e-05, -0.0013686863239854574, 0.0017738000024110079, -0.002918072510510683, 0.00276113860309124, -0.002312326803803444, -0.00444059306755662, 0.014756864868104458, -0.005469114053994417, -0.0017157845431938767, 0.0023085875436663628], [-0.00033066445030272007, -0.0001104350303648971, -0.0004040677740704268, 0.001779774553142488, -0.0015164691722020507, 0.0010639589745551348, -0.00319681572727859, 0.003225688124075532, -0.004410941153764725, -0.005469114053994417, 0.019332721829414368, -0.005790736526250839, -0.0038063926622271538], [7.893916335888207e-05, -0.000592137745115906, 0.0001051377912517637, 0.0005955110536888242, 2.8473710699472576e-05, -0.0006987105589359999, 0.002444737358018756, -0.004101664759218693, 0.0038968820590525866, -0.0017157845431938767, -0.005790736526250839, 0.01596081629395485, -0.0036620236933231354], [-5.9793030231958255e-05, 0.00046629950520582497, 0.0002064150758087635, -0.0026093751657754183, 0.0007664234726689756, 0.0011811411241069436, -0.002583299297839403, 0.0022147721610963345, -0.0022425197530537844, 0.0023085875436663628, -0.0038063926622271538, -0.0036620236933231354, 0.014232981950044632]], "metadata.audio_properties.analysis.downmix": "mix", "metadata.audio_properties.codec": "mp3", "metadata.audio_properties.md5_encoded": "7e5a96eda676478b89511bad040e8bdc", "metadata.tags.file_name": "1183697585207259136.mp3", "metadata.version.essentia": "2.1-beta6-dev", "metadata.version.essentia_git_sha": "v2.1_beta5-1110-g77a6a954", "metadata.version.extractor": "music 2.0", "tonal.chords_key": "A", "tonal.chords_scale": "major", "tonal.key_edma.key": "F#", "tonal.key_edma.scale": "minor", "tonal.key_krumhansl.key": "F#", "tonal.key_krumhansl.scale": "minor", "tonal.key_temperley.key": "A", "tonal.key_temperley.scale": "major", "metadata.tags.encoding": ["Lavf58.45.100"]}, "essentia_models":