{"song_id": "1183699860164202546", "download": "https://cdn.discordapp.com/attachments/1135911532732108921/1183699860164202546/chirp.mp4?ex=65894966&amp", "lyrics": "was f\u00fcr skinny das eine normale brakka nvou\nwas f\u00fcr skinny mit eingebauter leggins ohne jeans\ndas nicht skinny das ist herr rollhausers hose", "style": ["opera choir"], "essentia_features": {"lowlevel.average_loudness": 0.24935977160930634, "lowlevel.barkbands_crest.mean": 12.996292114257812, "lowlevel.barkbands_crest.stdev": 5.173009395599365, "lowlevel.barkbands_flatness_db.mean": 0.2693244218826294, "lowlevel.barkbands_flatness_db.stdev": 0.08821463584899902, "lowlevel.barkbands_kurtosis.mean": 18.185041427612305, "lowlevel.barkbands_kurtosis.stdev": 85.75308227539062, "lowlevel.barkbands_skewness.mean": 1.4321473836898804, "lowlevel.barkbands_skewness.stdev": 2.7466611862182617, "lowlevel.barkbands_spread.mean": 9.514732360839844, "lowlevel.barkbands_spread.stdev": 7.882874965667725, "lowlevel.dissonance.mean": 0.447164386510849, "lowlevel.dissonance.stdev": 0.05252527818083763, "lowlevel.dynamic_complexity": 8.128735542297363, "lowlevel.erbbands_crest.mean": 14.410558700561523, "lowlevel.erbbands_crest.stdev": 6.300748348236084, "lowlevel.erbbands_flatness_db.mean": 0.318128764629364, "lowlevel.erbbands_flatness_db.stdev": 0.08235925436019897, "lowlevel.erbbands_kurtosis.mean": 5.962765216827393, "lowlevel.erbbands_kurtosis.stdev": 18.570524215698242, "lowlevel.erbbands_skewness.mean": 0.8653920292854309, "lowlevel.erbbands_skewness.stdev": 1.3518844842910767, "lowlevel.erbbands_spread.mean": 17.76444435119629, "lowlevel.erbbands_spread.stdev": 18.06706428527832, "lowlevel.hfc.mean": 15.725798606872559, "lowlevel.hfc.stdev": 23.79903793334961, "lowlevel.loudness_ebu128.integrated": -18.17589569091797, "lowlevel.loudness_ebu128.loudness_range": 16.26394271850586, "lowlevel.loudness_ebu128.momentary.mean": -24.43486213684082, "lowlevel.loudness_ebu128.momentary.stdev": 8.184096336364746, "lowlevel.loudness_ebu128.short_term.mean": -22.501785278320312, "lowlevel.loudness_ebu128.short_term.stdev": 6.188795566558838, "lowlevel.melbands_crest.mean": 16.1806640625, "lowlevel.melbands_crest.stdev": 7.882761001586914, "lowlevel.melbands_flatness_db.mean": 0.2724165916442871, "lowlevel.melbands_flatness_db.stdev": 0.10730965435504913, "lowlevel.melbands_kurtosis.mean": 35.43726348876953, "lowlevel.melbands_kurtosis.stdev": 143.81077575683594, "lowlevel.melbands_skewness.mean": 1.8899625539779663, "lowlevel.melbands_skewness.stdev": 4.488442897796631, "lowlevel.melbands_spread.mean": 15.994626998901367, "lowlevel.melbands_spread.stdev": 13.763272285461426, "lowlevel.pitch_salience.mean": 0.5238949656486511, "lowlevel.pitch_salience.stdev": 0.16004589200019836, "lowlevel.silence_rate_20dB.mean": 0.9994206428527832, "lowlevel.silence_rate_20dB.stdev": 0.024063242599368095, "lowlevel.silence_rate_30dB.mean": 0.9698725342750549, "lowlevel.silence_rate_30dB.stdev": 0.17093810439109802, "lowlevel.silence_rate_60dB.mean": 0.44553881883621216, "lowlevel.silence_rate_60dB.stdev": 0.4970304071903229, "lowlevel.spectral_centroid.mean": 1409.7198486328125, "lowlevel.spectral_centroid.stdev": 518.9165649414062, "lowlevel.spectral_complexity.mean": 7.804171562194824, "lowlevel.spectral_complexity.stdev": 6.963307857513428, "lowlevel.spectral_decrease.mean": -4.769137973426041e-09, "lowlevel.spectral_decrease.stdev": 9.28995902427232e-09, "lowlevel.spectral_energy.mean": 0.019426198676228523, "lowlevel.spectral_energy.stdev": 0.03613150119781494, "lowlevel.spectral_energyband_high.mean": 6.416581163648516e-05, "lowlevel.spectral_energyband_high.stdev": 0.00011200579319847748, "lowlevel.spectral_energyband_low.mean": 0.005672179162502289, "lowlevel.spectral_energyband_low.stdev": 0.03123415820300579, "lowlevel.spectral_energyband_middle_high.mean": 0.009494192898273468, "lowlevel.spectral_energyband_middle_high.stdev": 0.017680272459983826, "lowlevel.spectral_energyband_middle_low.mean": 0.004256346728652716, "lowlevel.spectral_energyband_middle_low.stdev": 0.008564428426325321, "lowlevel.spectral_entropy.mean": 7.0118608474731445, "lowlevel.spectral_entropy.stdev": 0.5501132011413574, "lowlevel.spectral_flux.mean": 0.052642494440078735, "lowlevel.spectral_flux.stdev": 0.04963432624936104, "lowlevel.spectral_kurtosis.mean": 8.320300102233887, "lowlevel.spectral_kurtosis.stdev": 7.334718704223633, "lowlevel.spectral_rms.mean": 0.00321596791036427, "lowlevel.spectral_rms.stdev": 0.0029342675115913153, "lowlevel.spectral_rolloff.mean": 1513.72021484375, "lowlevel.spectral_rolloff.stdev": 977.4462280273438, "lowlevel.spectral_skewness.mean": 1.7549041509628296, "lowlevel.spectral_skewness.stdev": 0.7682033777236938, "lowlevel.spectral_spread.mean": 2707993.25, "lowlevel.spectral_spread.stdev": 1195625.25, "lowlevel.spectral_strongpeak.mean": 2.012646436691284, "lowlevel.spectral_strongpeak.stdev": 2.6279194355010986, "lowlevel.zerocrossingrate.mean": 0.05840505659580231, "lowlevel.zerocrossingrate.stdev": 0.02698437310755253, "metadata.audio_properties.analysis.equal_loudness": 0.0, "metadata.audio_properties.analysis.length": 40.04265213012695, "metadata.audio_properties.analysis.sample_rate": 44100.0, "metadata.audio_properties.analysis.start_time": 0.0, "metadata.audio_properties.bit_rate": 111990.0, "metadata.audio_properties.length": 40.042667388916016, "metadata.audio_properties.lossless": 0.0, "metadata.audio_properties.number_channels": 1.0, "metadata.audio_properties.replay_gain": -9.191778182983398, "metadata.audio_properties.sample_rate": 48000.0, "rhythm.beats_count": 98.0, "rhythm.beats_loudness.mean": 0.023548483848571777, "rhythm.beats_loudness.stdev": 0.04976968467235565, "rhythm.bpm": 146.561279296875, "rhythm.bpm_histogram_first_peak_bpm": 148.0, "rhythm.bpm_histogram_first_peak_weight": 0.3461538553237915, "rhythm.bpm_histogram_second_peak_bpm": 172.0, "rhythm.bpm_histogram_second_peak_spread": 0.0, "rhythm.bpm_histogram_second_peak_weight": 0.15463916957378387, "rhythm.danceability": 0.928922712802887, "rhythm.onset_rate": 1.9473506212234497, "tonal.chords_changes_rate": 0.0486111119389534, "tonal.chords_number_rate": 0.013888888992369175, "tonal.chords_strength.mean": 0.513691782951355, "tonal.chords_strength.stdev": 0.11957942694425583, "tonal.hpcp_crest.mean": 16.47953987121582, "tonal.hpcp_crest.stdev": 7.995337009429932, "tonal.hpcp_entropy.mean": 1.625952124595642, "tonal.hpcp_entropy.stdev": 0.7510143518447876, "tonal.key_edma.strength": 0.7162839770317078, "tonal.key_krumhansl.strength": 0.7284363508224487, "tonal.key_temperley.strength": 0.7440432906150818, "tonal.tuning_diatonic_strength": 0.6165444254875183, "tonal.tuning_equal_tempered_deviation": 0.22112198173999786, "tonal.tuning_frequency": 434.193115234375, "tonal.tuning_nontempered_energy_ratio": 0.932580828666687, "lowlevel.barkbands.mean": [0.0012827538885176182, 0.004383911844342947, 3.817596734734252e-05, 0.00011218604049645364, 0.0004975615302100778, 0.00022404963965527713, 0.0007874903385527432, 0.00046255005872808397, 0.0020404094830155373, 0.0008421450038440526, 0.0023058010265231133, 0.002111349953338504, 0.0019919562619179487, 0.0007151762256398797, 0.0007364904740825295, 0.0002791974402498454, 9.660859359428287e-05, 0.0002509289188310504, 0.0001819421595428139, 3.691012898343615e-05, 2.6684789190767333e-05, 7.516799996665213e-06, 9.266718734579626e-06, 3.0633141250291374e-06, 1.5170538745223894e-06, 5.664255695592146e-07, 1.02167190263458e-08], "lowlevel.barkbands.stdev": [0.007626539096236229, 0.02548089623451233, 0.000616014760453254, 0.00038214176311157644, 0.001289372448809445, 0.0006042862078174949, 0.00226436834782362, 0.002423014724627137, 0.006475738249719143, 0.004243939649313688, 0.009973644278943539, 0.008096401579678059, 0.006461766082793474, 0.003317474387586117, 0.003977153915911913, 0.0016420497559010983, 0.0002083268336718902, 0.00048525386955589056, 0.00033281565993092954, 5.7878889492712915e-05, 5.8552697737468407e-05, 1.7652064343565144e-05, 2.548528937040828e-05, 1.6896039596758783e-05, 1.6846906873979606e-05, 5.854878509126138e-06, 6.594885348931712e-08], "lowlevel.erbbands.mean": [0.26953595876693726, 0.4128575026988983, 0.10314060002565384, 0.21180357038974762, 0.8065946102142334, 2.0604500770568848, 1.8121490478515625, 2.0657129287719727, 8.640607833862305, 13.09883975982666, 15.598748207092285, 55.22066116333008, 22.765865325927734, 46.5689582824707, 86.96442413330078, 92.65657043457031, 107.02774047851562, 38.73957443237305, 32.30442810058594, 40.29740524291992, 11.231465339660645, 6.632607460021973, 12.537206649780273, 13.32895565032959, 5.378538608551025, 1.8176120519638062, 1.6233850717544556, 0.5008141398429871, 0.2530330419540405, 0.3493140637874603, 0.2321958690881729, 0.0916929692029953, 0.039207953959703445, 0.020836755633354187, 0.008531535044312477, 0.0032688071951270103, 0.0008537787944078445, 0.00011039343371521682, 1.2658617379202042e-05, 2.300653613929171e-05], "lowlevel.erbbands.stdev": [1.4890727996826172, 3.106649160385132, 1.1781878471374512, 0.814978837966919, 1.7373628616333008, 5.169811248779297, 8.605396270751953, 4.38613224029541, 26.993532180786133, 47.133419036865234, 49.38612747192383, 183.7740478515625, 106.4427261352539, 175.54013061523438, 335.0964660644531, 333.23175048828125, 314.1409912109375, 149.7108154296875, 138.29580688476562, 236.95286560058594, 52.388004302978516, 13.68812370300293, 24.088048934936523, 23.880321502685547, 9.652356147766113, 2.666508436203003, 3.3707237243652344, 1.0133891105651855, 0.5553264617919922, 0.9627851843833923, 0.6314043402671814, 0.38278213143348694, 0.27402806282043457, 0.22215038537979126, 0.09877260774374008, 0.03381102904677391, 0.00939545501023531, 0.001054318156093359, 2.902397682191804e-05, 4.0605362300993875e-05], "lowlevel.gfcc.mean": [-177.63702392578125, 88.76370239257812, -206.09658813476562, -4.275180816650391, -72.96912384033203, -5.2366719245910645, -31.493457794189453, -29.058530807495117, -28.88996696472168, -25.32309341430664, -0.43997684121131897, -2.931405544281006, -9.640684127807617], "lowlevel.melbands.mean": [0.0017505602445453405, 0.00017781257338356227, 4.970936424797401e-05, 0.00011487266601761803, 6.991766713326797e-05, 4.4571392209036276e-05, 0.00014039198867976665, 0.0001398019230691716, 0.00018442391592543572, 0.00030949697247706354, 0.00010499714699108154, 0.00017308206588495523, 0.0003449317591730505, 0.00015725960838608444, 0.0003516608558129519, 0.00014248582010623068, 6.624584784731269e-05, 5.1576975238276646e-05, 5.6081280490616336e-05, 3.592353459680453e-05, 8.929576324590016e-06, 5.005366347177187e-06, 1.187149973702617e-05, 1.0610880963213276e-05, 1.1387025551812258e-05, 5.135450464877067e-06, 1.8900791474152356e-06, 9.648289278629818e-07, 1.1386669029889163e-06, 6.227261337699019e-07, 1.7559410991907498e-07, 1.256351538359013e-07, 1.6702091443221434e-07, 2.091786512892213e-07, 1.512788116997399e-07, 7.906892562914436e-08, 4.546786058767793e-08, 2.8130120455216456e-08, 2.082878580722536e-08, 1.6386040968541238e-08], "lowlevel.melbands.stdev": [0.009769455529749393, 0.0015263607492670417, 0.0001449182746000588, 0.00027547203353606164, 0.00028593683964572847, 9.7239128081128e-05, 0.00041952243191190064, 0.0005237908917479217, 0.0005499267135746777, 0.0010183564154431224, 0.0005733818397857249, 0.0006795036024414003, 0.0014151014620438218, 0.0004521106311585754, 0.0013053647708147764, 0.00047935626935213804, 0.00031541689531877637, 0.00026314970455132425, 0.0003323341952636838, 0.00019905260705854744, 5.132517253514379e-05, 1.2052962119923905e-05, 2.74871908914065e-05, 2.007235525525175e-05, 2.1650423150276765e-05, 9.85686438070843e-06, 3.2919745081017027e-06, 1.4946737110221875e-06, 2.2565627659787424e-06, 1.624890842322202e-06, 3.316117158647103e-07, 2.830177834312053e-07, 4.3507645841600606e-07, 5.946994861005805e-07, 3.8650165379294776e-07, 2.791575752780773e-07, 2.189722749790235e-07, 1.7724543965869088e-07, 2.195170907270949e-07, 1.7987622413784266e-07], "lowlevel.melbands128.mean": [0.0012047415366396308, 0.002836619270965457, 0.001596242655068636, 0.00041935103945434093, 5.8282916143070906e-05, 1.6042773495428264e-05, 3.648489655461162e-05, 6.230446160770953e-05, 5.41034787602257e-05, 0.0001636822271393612, 0.00011612795060500503, 7.143633411033079e-05, 5.019910167902708e-05, 7.60664333938621e-05, 5.000369492336176e-05, 1.5989844541763887e-05, 6.796140951337293e-05, 0.0002159086288884282, 0.00014141477004159242, 0.0001603229029569775, 0.0001335241977358237, 0.00010661492706276476, 3.758007369469851e-05, 0.0004189320607110858, 0.0006203270168043673, 9.557814337313175e-05, 7.064227247610688e-05, 9.075562411453575e-05, 0.0001622014824533835, 0.00013660555123351514, 0.00010853796993615106, 0.00036733775050379336, 0.0005285037914291024, 0.0001571355969645083, 0.00015159610484261066, 7.973665196914226e-05, 0.00029113460914231837, 0.00044245616300031543, 0.00034698128001764417, 0.0002368459099670872, 5.947564932284877e-05, 6.565044168382883e-05, 6.921814929228276e-05, 6.418000702979043e-05, 6.29453788860701e-05, 4.6724144340259954e-05, 4.510959115577862e-05, 3.1558596674585715e-05, 9.463365859119222e-05, 5.317007889971137e-05, 2.8431824830477126e-05, 1.069535665010335e-05, 1.4031179489393253e-05, 5.289347882353468e-06, 3.2868035759747727e-06, 5.2399400374270044e-06, 4.858426109421998e-06, 1.2589659490913618e-05, 1.403528221999295e-05, 1.132279521698365e-05, 9.382686585013289e-06, 1.1380338037270121e-05, 1.1991649444098584e-05, 1.3594301890407223e-05, 6.083914740884211e-06, 5.471737949847011e-06, 4.000366971013136e-06, 2.0751424472109647e-06, 1.496473259976483e-06, 1.4690861007693456e-06, 8.11269671885384e-07, 7.837617772565864e-07, 1.0863724355658633e-06, 1.4003354635860887e-06, 9.5633288310637e-07, 6.923971227479342e-07, 4.934208845952526e-07, 1.8282021585491748e-07, 1.5713004586359602e-07, 1.2640427371479745e-07, 1.1309225556033198e-07, 1.310579449409488e-07, 1.4051525454306102e-07, 1.657302846069797e-07, 1.9349494095877162e-07, 2.0785658705335663e-07, 2.1990901188928547e-07, 2.003151422513838e-07, 1.5649906970338634e-07, 1.1051261594730022e-07, 8.788279615146166e-08, 7.161531101473884e-08, 6.148781750425769e-08, 4.4743718063955384e-08, 3.683085125771868e-08, 3.0337556466975e-08, 2.66907775881009e-08, 2.4933207498634147e-08, 1.9134843043389083e-08, 2.057566028668134e-08, 1.8091556697186206e-08, 1.5786508100745777e-08, 1.462528675943986e-08, 1.1338561201057473e-08, 8.78091288569749e-09, 6.7598446840122506e-09, 8.412660790213522e-09, 7.943313562464027e-09, 4.569530975828684e-09, 4.715430268475984e-09, 3.2753715295541497e-09, 2.446958191626436e-09, 2.6276967268756835e-09, 2.7750735043241548e-09, 1.405325300574134e-09, 1.369076629842425e-09, 4.1930356409203284e-10, 2.7519478015824994e-11, 2.9215295547363462e-12, 2.8349161126234312e-12, 2.749614771979658e-12, 2.6939095485595255e-12, 2.646939091521805e-12, 2.5980192389779555e-12, 2.5053607192321303e-12, 2.3781775160269802e-12, 2.3051311293792454e-12, 2.2851432118081716e-12], "lowlevel.melbands128.stdev": [0.007086524274200201, 0.015513310208916664, 0.010141374543309212, 0.003690192475914955, 0.0008559540146961808, 0.00026084212004207075, 0.00016257753304671496, 0.00020532633061520755, 0.00011188338248757645, 0.0004758928553201258, 0.00030206103110685945, 0.00040434941183775663, 0.00039493702934123576, 0.00021225410455372185, 0.00012434765812940896, 7.235862722154707e-05, 0.00020693072292488068, 0.0007814578129909933, 0.00043591897701844573, 0.0008048262679949403, 0.0008006001589819789, 0.0006140815676189959, 0.00026381027419120073, 0.0014268605737015605, 0.002211917657405138, 0.0003299006202723831, 0.00029348887619562447, 0.0007389634265564382, 0.0011253932025283575, 0.0007200580439530313, 0.0007128292927518487, 0.002141356933861971, 0.0025304246228188276, 0.0008398692589253187, 0.0006252983002923429, 0.00029924133559688926, 0.0014793637674301863, 0.002461890922859311, 0.001318153110332787, 0.000983736477792263, 0.0004314683610573411, 0.0003582971985451877, 0.0004900061176158488, 0.0004889013362117112, 0.00042068937909789383, 0.0003668959834612906, 0.00030741014052182436, 0.0002816460910253227, 0.0008120088605210185, 0.00039973753155209124, 0.0002568719501141459, 8.55106336530298e-05, 0.00011156623077113181, 3.340003240737133e-05, 1.3564535947807599e-05, 1.6521420548087917e-05, 1.614548818906769e-05, 3.144669608445838e-05, 4.626738154911436e-05, 2.9975062716403045e-05, 2.1667263354174793e-05, 2.4240525817731395e-05, 2.3233109459397383e-05, 3.5276250855531543e-05, 1.3426103578240145e-05, 1.3959657735540532e-05, 9.945336387318093e-06, 4.184914359939285e-06, 3.160805135848932e-06, 2.9080629246891476e-06, 1.6272118728011264e-06, 1.5961471717673703e-06, 2.530040092096897e-06, 3.1543515888188267e-06, 3.6050939797860337e-06, 1.919308033393463e-06, 2.0773313735844567e-06, 3.407155872992007e-07, 3.0424340025092533e-07, 2.917555548265227e-07, 2.5977098516705155e-07, 3.768148246763303e-07, 3.5413694376984495e-07, 4.6788926510998863e-07, 5.720499416383973e-07, 7.436940450133989e-07, 6.576711371053534e-07, 4.57765338524041e-07, 4.278037408766977e-07, 3.648987103588297e-07, 3.4145233485105564e-07, 2.496217916814203e-07, 2.779650571937964e-07, 2.425115042115067e-07, 1.9268357220880716e-07, 1.644745708517803e-07, 1.9935578166041523e-07, 2.38003352137639e-07, 2.254049178418427e-07, 2.3617593569724704e-07, 2.0048213400514214e-07, 1.7262890139591036e-07, 1.8514739963393367e-07, 1.5761922611545742e-07, 1.1538931232735194e-07, 7.120858214193504e-08, 1.0022911567375559e-07, 9.334873141142452e-08, 5.09941422421889e-08, 5.347329334881579e-08, 3.271535931048675e-08, 2.441386648399657e-08, 3.222631406174514e-08, 4.3257436743715516e-08, 1.5072805226168384e-08, 1.30434889555886e-08, 2.42565034724862e-09, 2.384788477804989e-10, 6.921868460352254e-12, 6.6622115810210936e-12, 6.486852721643288e-12, 6.350199879823215e-12, 6.216524690849656e-12, 6.115586769633863e-12, 6.0254058686926015e-12, 5.951755147753923e-12, 5.899618467364309e-12, 5.867406820819765e-12], "lowlevel.mfcc.mean": [-797.6222534179688, 117.53961181640625, -71.31954193115234, -6.017894268035889, -31.921777725219727, 2.853930950164795, -10.721247673034668, 2.320164203643799, -35.21500778198242, -12.656685829162598, -19.998689651489258, -4.898461818695068, -9.205049514770508], "lowlevel.spectral_contrast_coeffs.mean": [-0.6067744493484497, -0.7376686334609985, -0.6936098337173462, -0.7526994347572327, -0.787967324256897, -0.6956892609596252], "lowlevel.spectral_contrast_coeffs.stdev": [0.1110018938779831, 0.10161922127008438, 0.09848232567310333, 0.08963422477245331, 0.05482710152864456, 0.07711102068424225], "lowlevel.spectral_contrast_valleys.mean": [-10.331202507019043, -8.550636291503906, -8.284796714782715, -8.572311401367188, -8.706986427307129, -13.162729263305664], "lowlevel.spectral_contrast_valleys.stdev": [1.3321082592010498, 1.2307378053665161, 1.0840011835098267, 0.9123712778091431, 1.1113476753234863, 1.31452476978302], "rhythm.beats_loudness_band_ratio.mean": [0.11566618829965591, 0.10969101637601852, 0.15539880096912384, 0.43087273836135864, 0.1823468655347824, 0.04143819212913513], "rhythm.beats_loudness_band_ratio.stdev": [0.2608552575111389, 0.16284559667110443, 0.1703488528728485, 0.2778131365776062, 0.20516881346702576, 0.09150612354278564], "tonal.hpcp.mean": [0.1529802680015564, 0.17190197110176086, 0.07641768455505371, 0.04010773450136185, 0.04263708367943764, 0.08562617003917694, 0.1925484836101532, 0.21339012682437897, 0.11307669430971146, 0.050418656319379807, 0.0314800888299942, 0.04843367636203766, 0.13068197667598724, 0.14189282059669495, 0.09167629480361938, 0.09691939502954483, 0.0990128144621849, 0.1445036232471466, 0.17599259316921234, 0.13775469362735748, 0.1134253665804863, 0.25218909978866577, 0.3264789283275604, 0.15378354489803314, 0.047006744891405106, 0.048520416021347046, 0.08640149980783463, 0.18078173696994781, 0.1738782674074173, 0.08585862815380096, 0.06403959542512894, 0.06693045049905777, 0.08329790085554123, 0.11932045966386795, 0.12437625229358673, 0.08707482367753983], "tonal.hpcp.stdev": [0.2647365629673004, 0.2940104007720947, 0.16733667254447937, 0.12150674313306808, 0.1242733895778656, 0.18842813372612, 0.3028324246406555, 0.3218457102775574, 0.20025470852851868, 0.15266482532024384, 0.09149924665689468, 0.1060742661356926, 0.22129106521606445, 0.23557808995246887, 0.1864650547504425, 0.2427801489830017, 0.21978431940078735, 0.27731865644454956, 0.3023699223995209, 0.2562190294265747, 0.20017118752002716, 0.29525813460350037, 0.3804314434528351, 0.2231127917766571, 0.1077878475189209, 0.11494648456573486, 0.17778046429157257, 0.29239803552627563, 0.27966761589050293, 0.1575865000486374, 0.1460377424955368, 0.15225522220134735, 0.17908571660518646, 0.2317175269126892, 0.250069797039032, 0.17551220953464508], "rhythm.beats_position": [0.4992290139198303, 0.9984580278396606, 1.5092970132827759, 2.0317459106445312, 2.554194927215576, 3.088253974914551, 3.6223127841949463, 4.14476203918457, 4.667210578918457, 5.178049564361572, 5.6888885498046875, 6.153287887573242, 6.617686748504639, 7.082086086273193, 7.54648494720459, 8.022494316101074, 8.498503684997559, 8.962902069091797, 9.427301406860352, 9.880090713500977, 10.332880020141602, 10.78566837310791, 11.238457679748535, 11.69124698638916, 12.120816230773926, 12.561995506286621, 13.003174781799316, 13.421133995056152, 13.839092254638672, 14.245442390441895, 14.6517915725708, 15.06974983215332, 15.487709045410156, 15.905668258666992, 16.3120174407959, 16.718366622924805, 17.12471580505371, 17.542675018310547, 17.949024200439453, 18.35537338256836, 18.761722564697266, 19.168071746826172, 19.574420928955078, 19.992380142211914, 20.41033935546875, 20.816688537597656, 21.223037719726562, 21.62938690185547, 22.035736083984375, 22.44208526611328, 22.836824417114258, 23.243173599243164, 23.64952278137207, 23.9862117767334, 24.31129264831543, 24.647981643676758, 24.984670639038086, 25.332969665527344, 25.6812686920166, 26.029569625854492, 26.37786865234375, 26.726167678833008, 27.062856674194336, 27.399545669555664, 27.724624633789062, 28.049705505371094, 28.39800453186035, 28.74630355834961, 29.094602584838867, 29.431291580200195, 29.756370544433594, 30.093061447143555, 30.406530380249023, 30.719999313354492, 31.04507827758789, 31.38176727294922, 31.71845817565918, 32.055145263671875, 32.3918342590332, 32.76335525512695, 33.12326431274414, 33.48317337036133, 33.843082427978516, 34.29587173461914, 34.73705291748047, 35.17823028564453, 35.61941146850586, 35.990928649902344, 36.362449645996094, 36.71074676513672, 37.05904769897461, 37.407344818115234, 37.755645751953125, 38.103946685791016, 38.440635681152344, 38.78893280029297, 39.148841857910156, 39.49714279174805], "rhythm.bpm_histogram": [0.0, 0.0, 0.0, 0.0, 0.0, 0.0, 0.0, 0.0, 0.0, 0.0, 0.0, 0.0, 0.0, 0.0, 0.0, 0.0, 0.0, 0.0, 0.0, 0.0, 0.0, 0.0, 0.0, 0.0, 0.0, 0.0, 0.0, 0.0, 0.0, 0.0, 0.0, 0.0, 0.0, 0.0, 0.0, 0.0, 0.0, 0.0, 0.0, 0.0, 0.0, 0.0, 0.0, 0.0, 0.0, 0.0, 0.0, 0.0, 0.0, 0.0, 0.0, 0.0, 0.0, 0.0, 0.0, 0.0, 0.0, 0.0, 0.0, 0.0, 0.0, 0.0, 0.0, 0.0, 0.0, 0.0, 0.0, 0.0, 0.0, 0.0, 0.0, 0.0, 0.0, 0.0, 0.0, 0.0, 0.0, 0.0, 0.0, 0.0, 0.0, 0.0, 0.0, 0.0, 0.0, 0.0, 0.0, 0.0, 0.0, 0.0, 0.0, 0.0, 0.0, 0.0, 0.0, 0.0, 0.0, 0.0, 0.0, 0.0, 0.0, 0.0, 0.0, 0.0, 0.0, 0.0, 0.0, 0.0, 0.0, 0.0, 0.0, 0.0, 0.020618556067347527, 0.0, 0.0, 0.04123711213469505, 0.0, 0.030927835032343864, 0.0, 0.0, 0.010309278033673763, 0.0, 0.0, 0.0, 0.0, 0.0, 0.020618556067347527, 0.0, 0.0, 0.06185567006468773, 0.0, 0.0, 0.0, 0.06185567006468773, 0.0, 0.0, 0.05154639109969139, 0.0, 0.0, 0.0, 0.010309278033673763, 0.0, 0.0, 0.0, 0.0824742242693901, 0.0, 0.0, 0.0, 0.17525772750377655, 0.0, 0.0, 0.0, 0.010309278033673763, 0.0, 0.0, 0.0, 0.0, 0.0, 0.0, 0.0, 0.0, 0.030927835032343864, 0.0, 0.0, 0.0, 0.0, 0.0, 0.04123711213469505, 0.0, 0.0, 0.0, 0.0, 0.15463916957378387, 0.0, 0.0, 0.0, 0.0, 0.0, 0.12371134012937546, 0.0, 0.0, 0.0, 0.0, 0.0, 0.0, 0.05154639109969139, 0.0, 0.0, 0.0, 0.0, 0.0, 0.020618556067347527, 0.0, 0.0, 0.0, 0.0, 0.0, 0.0, 0.0, 0.0, 0.0, 0.0, 0.0, 0.0, 0.0, 0.0, 0.0, 0.0, 0.0, 0.0, 0.0, 0.0, 0.0, 0.0, 0.0, 0.0, 0.0, 0.0, 0.0, 0.0, 0.0, 0.0, 0.0, 0.0, 0.0, 0.0, 0.0, 0.0, 0.0, 0.0, 0.0, 0.0, 0.0, 0.0, 0.0, 0.0, 0.0, 0.0, 0.0, 0.0, 0.0, 0.0, 0.0, 0.0, 0.0, 0.0, 0.0, 0.0, 0.0, 0.0], "tonal.chords_histogram": [12.615740776062012, 2.777777671813965, 6.712963104248047, 5.3240742683410645, 13.425926208496094, 0.0, 0.0, 0.0, 0.6944444179534912, 0.0, 1.6203703880310059, 0.0, 0.0, 0.0, 0.0, 0.0, 0.0, 6.828703880310059, 0.23148147761821747, 4.282407283782959, 6.597222328186035, 9.259259223937988, 19.907407760620117, 9.722222328186035], "tonal.thpcp": [1.0, 0.4710366725921631, 0.1439809501171112, 0.14861729741096497, 0.2646464705467224, 0.5537317395210266, 0.5325865149497986, 0.26298367977142334, 0.19615231454372406, 0.20500695705413818, 0.2551402151584625, 0.3654767572879791, 0.3809625804424286, 0.2667088508605957, 0.46857625246047974, 0.5265331268310547, 0.2340662032365799, 0.12284938246011734, 0.13059674203395844, 0.2622716724872589, 0.5897730588912964, 0.6536107063293457, 0.3463521897792816, 0.15443158149719238, 0.09642303735017776, 0.14835160970687866, 0.40027689933776855, 0.4346155524253845, 0.2808030843734741, 0.2968626320362091, 0.3032747507095337, 0.4426124095916748, 0.5390626192092896, 0.42194053530693054, 0.34742018580436707, 0.7724514007568359], "lowlevel.gfcc.cov": [[9846.5693359375, 426.7755432128906, -377.13079833984375, -441.5565490722656, -675.8764038085938, -496.8895568847656, 852.6398315429688, 839.4600830078125, -388.66009521484375, -157.5232391357422, 21.425235748291016, -334.5962219238281, -790.525146484375], [426.7755432128906, 1955.45458984375, 1004.9940795898438, 22.88853645324707, -76.8565673828125, -323.9844665527344, 287.00140380859375, 504.80181884765625, -154.26565551757812, -277.1087951660156, 239.5911102294922, -190.28770446777344, -199.32728576660156], [-377.13079833984375, 1004.9940795898438, 2367.407470703125, 388.95843505859375, 154.8269500732422, 352.5425720214844, -40.4678955078125, 718.65283203125, 59.53324890136719, 167.2678985595703, 35.4654541015625, 74.72889709472656, 153.17710876464844], [-441.5565490722656, 22.88853645324707, 388.95843505859375, 542.0511474609375, 353.9735107421875, 167.69268798828125, -26.36747932434082, -37.71175765991211, 54.41986083984375, 77.8673095703125, -5.904529571533203, 7.039572238922119, 55.04535675048828], [-675.8764038085938, -76.8565673828125, 154.8269500732422, 353.9735107421875, 1459.121826171875, 704.3935546875, 521.3403930664062, -394.43084716796875, 405.1869201660156, 468.9400634765625, 49.92588424682617, 127.33976745605469, 168.52627563476562], [-496.8895568847656, -323.9844665527344, 352.5425720214844, 167.69268798828125, 704.3935546875, 698.8575439453125, 209.75027465820312, -118.0737075805664, 269.2261962890625, 295.3262023925781, -34.21688461303711, 104.20840454101562, 212.8778076171875], [852.6398315429688, 287.00140380859375, -40.4678955078125, -26.36747932434082, 521.3403930664062, 209.75027465820312, 646.7058715820312, -35.51713943481445, 87.65731811523438, 93.7475814819336, 139.37100219726562, 5.588589191436768, -94.6790542602539], [839.4600830078125, 504.80181884765625, 718.65283203125, -37.71175765991211, -394.43084716796875, -118.0737075805664, -35.51713943481445, 636.3173217773438, -61.11021423339844, -125.87950134277344, 2.5998330116271973, -25.81804084777832, -40.43856430053711], [-388.66009521484375, -154.26565551757812, 59.53324890136719, 54.41986083984375, 405.1869201660156, 269.2261962890625, 87.65731811523438, -61.11021423339844, 296.72613525390625, 239.1392364501953, -17.26188087463379, 79.90805053710938, 159.892822265625], [-157.5232391357422, -277.1087951660156, 167.2678985595703, 77.8673095703125, 468.9400634765625, 295.3262023925781, 93.7475814819336, -125.87950134277344, 239.1392364501953, 434.83575439453125, -5.731595993041992, 121.40731811523438, 154.1120147705078], [21.425235748291016, 239.5911102294922, 35.4654541015625, -5.904529571533203, 49.92588424682617, -34.21688461303711, 139.37100219726562, 2.5998330116271973, -17.26188087463379, -5.731595993041992, 183.15028381347656, -2.1696014404296875, -39.98329544067383], [-334.5962219238281, -190.28770446777344, 74.72889709472656, 7.039572238922119, 127.33976745605469, 104.20840454101562, 5.588589191436768, -25.81804084777832, 79.90805053710938, 121.40731811523438, -2.1696014404296875, 160.3709716796875, 107.70006561279297], [-790.525146484375, -199.32728576660156, 153.17710876464844, 55.04535675048828, 168.52627563476562, 212.8778076171875, -94.6790542602539, -40.43856430053711, 159.892822265625, 154.1120147705078, -39.98329544067383, 107.70006561279297, 259.4646301269531]], "lowlevel.gfcc.icov": [[0.00023752624110784382, 6.267200660659e-05, 0.00015262729721143842, -4.919159255223349e-05, 0.00011448445729911327, -1.260307544725947e-05, -0.0004156068025622517, -0.0005241539911366999, 0.0002978043048642576, -0.0004927163827233016, 0.0002574628742877394, 0.00029309612000361085, 0.00042194550042040646], [6.267200660659e-05, 0.002314518438652158, -0.0013802200555801392, 0.0008439175435341895, -0.0013762600719928741, 0.0025449448730796576, -0.0009682253003120422, -0.0004309358773753047, -0.0002363682142458856, 0.0014737346209585667, -0.0013105168472975492, 0.002539542503654957, -0.0009955222485587], [0.00015262729721143842, -0.0013802200555801392, 0.0022150136064738035, -0.0010568891884759068, 0.0004900546045973897, -0.002205907367169857, 0.0008113727672025561, -0.0019869108218699694, 0.0015382923884317279, -0.0019649260211735964, 0.00039266140083782375, -0.001297036767937243, 0.0006172289722599089], [-4.919159255223349e-05, 0.0008439175435341895, -0.0010568891884759068, 0.0033997620921581984, -0.0021066172048449516, 0.0011869081063196063, 0.0009271883172914386, 5.1937560783699155e-05, 0.00042412985931150615, 0.001146100228652358, -0.0007043728255666792, 0.0013443653006106615, -0.0004666387685574591], [0.00011448445729911327, -0.0013762600719928741, 0.0004900546045973897, -0.0021066172048449516, 0.004870956297963858, -0.0027888580225408077, -0.0019849969539791346, 0.0021080535370856524, -0.002215646905824542, -0.0017905227141454816, 0.0013029951369389892, -0.0017221384914591908, 0.001522216945886612], [-1.260307544725947e-05, 0.0025449448730796576, -0.002205907367169857, 0.0011869081063196063, -0.0027888580225408077, 0.006979122757911682, -0.0018620819319039583, 0.0002033703785855323, -0.0008217032882384956, 0.0017867262940853834, -0.00012593019346240908, 0.003131196601316333, -0.003469230839982629], [-0.0004156068025622517, -0.0009682253003120422, 0.0008113727672025561, 0.0009271883172914386, -0.0019849969539791346, -0.0018620819319039583, 0.005532505922019482, -0.0006433881935663521, 0.0001079769353964366, 0.00044333405094221234, -0.0023600789718329906, -0.001770782982930541, 0.0020912836771458387], [-0.0005241539911366999, -0.0004309358773753047, -0.0019869108218699694, 5.1937560783699155e-05, 0.0021080535370856524, 0.0002033703785855323, -0.0006433881935663521, 0.006183443125337362, -0.0033263303339481354, 0.0020413072779774666, 0.0005861441022716463, -0.0012700104853138328, -0.00011833057942567393], [0.0002978043048642576, -0.0002363682142458856, 0.0015382923884317279, 0.00042412985931150615, -0.002215646905824542, -0.0008217032882384956, 0.0001079769353964366, -0.0033263303339481354, 0.011082720942795277, -0.0039101154543459415, 0.0005664901109412313, 0.001190542010590434, -0.003552180714905262], [-0.0004927163827233016, 0.0014737346209585667, -0.0019649260211735964, 0.001146100228652358, -0.0017905227141454816, 0.0017867262940853834, 0.00044333405094221234, 0.0020413072779774666, -0.0039101154543459415, 0.0076416474767029285, -0.0014146080939099193, -0.0008408196154050529, -0.0012734372867271304], [0.0002574628742877394, -0.0013105168472975492, 0.00039266140083782375, -0.0007043728255666792, 0.0013029951369389892, -0.00012593019346240908, -0.0023600789718329906, 0.0005861441022716463, 0.0005664901109412313, -0.0014146080939099193, 0.00857583712786436, -0.0014393152669072151, 0.0005925331497564912], [0.00029309612000361085, 0.002539542503654957, -0.001297036767937243, 0.0013443653006106615, -0.0017221384914591908, 0.003131196601316333, -0.001770782982930541, -0.0012700104853138328, 0.001190542010590434, -0.0008408196154050529, -0.0014393152669072151, 0.012803231365978718, -0.00474057300016284], [0.00042194550042040646, -0.0009955222485587, 0.0006172289722599089, -0.0004666387685574591, 0.001522216945886612, -0.003469230839982629, 0.0020912836771458387, -0.00011833057942567393, -0.003552180714905262, -0.0012734372867271304, 0.0005925331497564912, -0.00474057300016284, 0.011716204695403576]], "lowlevel.mfcc.cov": [[9629.3427734375, 460.3446044921875, -827.7003173828125, 290.8873596191406, -1748.55859375, -956.9869995117188, 287.1806640625, 642.173095703125, -491.1130065917969, -87.76354217529297, 798.0468139648438, 18.75588607788086, -427.60589599609375], [460.3446044921875, 1664.6329345703125, 797.82275390625, 213.5928497314453, -65.86746978759766, -493.9989929199219, 450.5301513671875, 292.27203369140625, 19.452314376831055, -85.1155776977539, 449.920654296875, 89.70553588867188, -72.43672943115234], [-827.7003173828125, 797.82275390625, 2102.59521484375, 93.59402465820312, 352.2371520996094, -705.7545166015625, 194.8039093017578, 223.84547424316406, 234.68719482421875, -91.96844482421875, 181.84683227539062, -67.46218872070312, -85.61479187011719], [290.8873596191406, 213.5928497314453, 93.59402465820312, 422.86474609375, 135.83273315429688, 85.19915008544922, 150.6187286376953, 49.8628044128418, 14.211322784423828, 2.997959613800049, 125.77375030517578, 82.20829772949219, 50.63844299316406], [-1748.55859375, -65.86746978759766, 352.2371520996094, 135.83273315429688, 942.6903686523438, 708.1018676757812, 91.87059020996094, -92.87195587158203, 398.13238525390625, 264.35748291015625, -114.08563232421875, 110.14032745361328, 245.26280212402344], [-956.9869995117188, -493.9989929199219, -705.7545166015625, 85.19915008544922, 708.1018676757812, 1528.86376953125, 155.7106475830078, -198.7232666015625, 343.0870361328125, 430.97039794921875, -140.09793090820312, 213.69302368164062, 393.7420654296875], [287.1806640625, 450.5301513671875, 194.8039093017578, 150.6187286376953, 91.87059020996094, 155.7106475830078, 440.6379699707031, 193.6377410888672, 46.1229133605957, 50.81675338745117, 201.0758514404297, 149.8076934814453, 79.7120361328125], [642.173095703125, 292.27203369140625, 223.84547424316406, 49.8628044128418, -92.87195587158203, -198.7232666015625, 193.6377410888672, 327.4809875488281, 32.819637298583984, -48.39554214477539, 127.73257446289062, 48.86646270751953, -41.62788772583008], [-491.1130065917969, 19.452314376831055, 234.68719482421875, 14.211322784423828, 398.13238525390625, 343.0870361328125, 46.1229133605957, 32.819637298583984, 409.1614074707031, 180.20068359375, 13.363790512084961, 57.78904342651367, 148.70692443847656], [-87.76354217529297, -85.1155776977539, -91.96844482421875, 2.997959613800049, 264.35748291015625, 430.97039794921875, 50.81675338745117, -48.39554214477539, 180.20068359375, 272.8966064453125, -3.432102918624878, 78.04620361328125, 114.57010650634766], [798.0468139648438, 449.920654296875, 181.84683227539062, 125.77375030517578, -114.08563232421875, -140.09793090820312, 201.0758514404297, 127.73257446289062, 13.363790512084961, -3.432102918624878, 322.9610900878906, 88.84820556640625, 7.283502101898193], [18.75588607788086, 89.70553588867188, -67.46218872070312, 82.20829772949219, 110.14032745361328, 213.69302368164062, 149.8076934814453, 48.86646270751953, 57.78904342651367, 78.04620361328125, 88.84820556640625, 195.28208923339844, 112.783203125], [-427.60589599609375, -72.43672943115234, -85.61479187011719, 50.63844299316406, 245.26280212402344, 393.7420654296875, 79.7120361328125, -41.62788772583008, 148.70692443847656, 114.57010650634766, 7.283502101898193, 112.783203125, 227.49874877929688]], "lowlevel.mfcc.icov": [[0.00028573937015607953, 0.00012275097833480686, 5.645105557050556e-05, -0.0003180921485181898, 0.0005578260170295835, -2.5166276827803813e-05, 5.293179492582567e-05, -0.000423467718064785, -1.9692497517098673e-05, -0.0005823851097375154, -0.0005256668664515018, 0.00018324563279747963, 0.0002464978024363518], [0.00012275097833480686, 0.0014332826249301434, -4.986147541785613e-05, -0.0001431834534741938, -8.772753790253773e-05, 0.0004826446820516139, -0.0011286032386124134, 4.9629961722530425e-05, -0.00017830863362178206, -0.0001592045446159318, -0.0014222924364730716, 0.0002255122089991346, 0.0004944298998452723], [5.645105557050556e-05, -4.986147541785613e-05, 0.0012975207064300776, 6.501490133814514e-05, -0.0010635536164045334, 0.0012511807726696134, -0.0008245970238931477, 5.315230737323873e-05, -0.0006302966503426433, -0.00012172303104307503, -0.00032790080877020955, 0.0006774390349164605, -8.21069988887757e-06], [-0.0003180921485181898, -0.0001431834534741938, 6.501490133814514e-05, 0.0036736426409333944, -0.0018055225955322385, -0.00010798855510074645, -0.0002602665335871279, 0.00030178093584254384, 0.0008141520083881915, 0.0015155833680182695, -0.0010178845841437578, -0.0004318317514844239, -0.0002056649827864021], [0.0005578260170295835, -8.772753790253773e-05, -0.0010635536164045334, -0.0018055225955322385, 0.005302651319652796, -0.0014686494832858443, 0.0001576324284542352, 6.599118478334276e-06, -0.0018730061128735542, -0.0016461892519146204, 0.0014086514711380005, -0.0006178132607601583, 0.00010784887126646936], [-2.5166276827803813e-05, 0.0004826446820516139, 0.0012511807726696134, -0.00010798855510074645, -0.0014686494832858443, 0.0036702083889395, -0.0022981467191129923, 0.0011871889000758529, -0.0008036164799705148, -0.001951109617948532, 0.0007479355554096401, 0.0002425572747597471, -0.0017814345192164183], [5.293179492582567e-05, -0.0011286032386124134, -0.0008245970238931477, -0.0002602665335871279, 0.0001576324284542352, -0.0022981467191129923, 0.007433505728840828, -0.0036502699367702007, 0.0023681269958615303, -2.4492210286553018e-05, -0.0017918363446369767, -0.0014856650959700346, -0.000718930212315172], [-0.000423467718064785, 4.9629961722530425e-05, 5.315230737323873e-05, 0.00030178093584254384, 6.599118478334276e-06, 0.0011871889000758529, -0.0036502699367702007, 0.007050423417240381, -0.002772019011899829, 0.0016641640104353428, 0.0013886124361306429, -0.001662016729824245, 0.0014333053259178996], [-1.9692497517098673e-05, -0.00017830863362178206, -0.0006302966503426433, 0.0008141520083881915, -0.0018730061128735542, -0.0008036164799705148, 0.0023681269958615303, -0.002772019011899829, 0.006889803800731897, -0.0020198822021484375, -0.0016668428434059024, 0.00132276420481503, -0.0025278404355049133], [-0.0005823851097375154, -0.0001592045446159318, -0.00012172303104307503, 0.0015155833680182695, -0.0016461892519146204, -0.001951109617948532, -2.4492210286553018e-05, 0.0016641640104353428, -0.0020198822021484375, 0.009638047777116299, -0.00029524287674576044, -0.001741721760481596, 0.0012756328796967864], [-0.0005256668664515018, -0.0014222924364730716, -0.00032790080877020955, -0.0010178845841437578, 0.0014086514711380005, 0.0007479355554096401, -0.0017918363446369767, 0.0013886124361306429, -0.0016668428434059024, -0.00029524287674576044, 0.009115852415561676, -0.0024683510418981314, -0.0010988668072968721], [0.00018324563279747963, 0.0002255122089991346, 0.0006774390349164605, -0.0004318317514844239, -0.0006178132607601583, 0.0002425572747597471, -0.0014856650959700346, -0.001662016729824245, 0.00132276420481503, -0.001741721760481596, -0.0024683510418981314, 0.010815043933689594, -0.004040078725665808], [0.0002464978024363518, 0.0004944298998452723, -8.21069988887757e-06, -0.0002056649827864021, 0.00010784887126646936, -0.00178143