{"song_id": "1183666462733369404", "download": "https://cdn.discordapp.com/attachments/1135903449314238464/1183666462733369404/chirp.mp4?ex=65892a4c&amp", "lyrics": "(Chorus)\n\uaca8\uc6b8\ube44\uc758 \ub178\ub798\uac00 \ub4e4\ub824\uc640\n\ub0b4 \ub9c8\uc74c\uc744 \uc801\uc2dc\ub124\n\uc774\ubcc4\uc758 \uc544\ud514\ub3c4 \uc124\ub818\ub3c4\n\ubaa8\ub450 \ub2e4 \uc53b\uaca8 \ub0b4\ub824\uac00", "style": ["POP</span><span>,  emotional</span><span>,"], "essentia_features": {"lowlevel.average_loudness": 0.8074702024459839, "lowlevel.barkbands_crest.mean": 14.960137367248535, "lowlevel.barkbands_crest.stdev": 4.291391849517822, "lowlevel.barkbands_flatness_db.mean": 0.32493218779563904, "lowlevel.barkbands_flatness_db.stdev": 0.09824948012828827, "lowlevel.barkbands_kurtosis.mean": 27.370317459106445, "lowlevel.barkbands_kurtosis.stdev": 37.961891174316406, "lowlevel.barkbands_skewness.mean": 3.4664394855499268, "lowlevel.barkbands_skewness.stdev": 2.3717031478881836, "lowlevel.barkbands_spread.mean": 6.072000026702881, "lowlevel.barkbands_spread.stdev": 9.636914253234863, "lowlevel.dissonance.mean": 0.3450246751308441, "lowlevel.dissonance.stdev": 0.056673817336559296, "lowlevel.dynamic_complexity": 4.5771260261535645, "lowlevel.erbbands_crest.mean": 15.037925720214844, "lowlevel.erbbands_crest.stdev": 4.829697608947754, "lowlevel.erbbands_flatness_db.mean": 0.2998403310775757, "lowlevel.erbbands_flatness_db.stdev": 0.10826361924409866, "lowlevel.erbbands_kurtosis.mean": 8.122117042541504, "lowlevel.erbbands_kurtosis.stdev": 8.710238456726074, "lowlevel.erbbands_skewness.mean": 2.1971187591552734, "lowlevel.erbbands_skewness.stdev": 1.143301010131836, "lowlevel.erbbands_spread.mean": 20.191587448120117, "lowlevel.erbbands_spread.stdev": 19.837108612060547, "lowlevel.hfc.mean": 9.894392013549805, "lowlevel.hfc.stdev": 14.553269386291504, "lowlevel.loudness_ebu128.integrated": -17.394641876220703, "lowlevel.loudness_ebu128.loudness_range": 8.782785415649414, "lowlevel.loudness_ebu128.momentary.mean": -19.611385345458984, "lowlevel.loudness_ebu128.momentary.stdev": 4.696747303009033, "lowlevel.loudness_ebu128.short_term.mean": -18.174785614013672, "lowlevel.loudness_ebu128.short_term.stdev": 2.8192028999328613, "lowlevel.melbands_crest.mean": 17.18177604675293, "lowlevel.melbands_crest.stdev": 4.6202850341796875, "lowlevel.melbands_flatness_db.mean": 0.41475382447242737, "lowlevel.melbands_flatness_db.stdev": 0.11755239218473434, "lowlevel.melbands_kurtosis.mean": 39.46463394165039, "lowlevel.melbands_kurtosis.stdev": 49.72943878173828, "lowlevel.melbands_skewness.mean": 3.463627815246582, "lowlevel.melbands_skewness.stdev": 2.509425401687622, "lowlevel.melbands_spread.mean": 5.6741509437561035, "lowlevel.melbands_spread.stdev": 10.056780815124512, "lowlevel.pitch_salience.mean": 0.5388371348381042, "lowlevel.pitch_salience.stdev": 0.12662498652935028, "lowlevel.silence_rate_20dB.mean": 1.0, "lowlevel.silence_rate_20dB.stdev": 0.0, "lowlevel.silence_rate_30dB.mean": 1.0, "lowlevel.silence_rate_30dB.stdev": 0.0, "lowlevel.silence_rate_60dB.mean": 0.1885080635547638, "lowlevel.silence_rate_60dB.stdev": 0.39111942052841187, "lowlevel.spectral_centroid.mean": 429.3311767578125, "lowlevel.spectral_centroid.stdev": 274.2306213378906, "lowlevel.spectral_complexity.mean": 6.7318549156188965, "lowlevel.spectral_complexity.stdev": 2.7091360092163086, "lowlevel.spectral_decrease.mean": -5.039336947731954e-09, "lowlevel.spectral_decrease.stdev": 4.940914788420514e-09, "lowlevel.spectral_energy.mean": 0.019917044788599014, "lowlevel.spectral_energy.stdev": 0.019510528072714806, "lowlevel.spectral_energyband_high.mean": 0.00038949784357100725, "lowlevel.spectral_energyband_high.stdev": 0.0012231895234435797, "lowlevel.spectral_energyband_low.mean": 0.0013406092766672373, "lowlevel.spectral_energyband_low.stdev": 0.0028177532367408276, "lowlevel.spectral_energyband_middle_high.mean": 0.0008028061129152775, "lowlevel.spectral_energyband_middle_high.stdev": 0.0019287457689642906, "lowlevel.spectral_energyband_middle_low.mean": 0.01776387356221676, "lowlevel.spectral_energyband_middle_low.stdev": 0.01775020733475685, "lowlevel.spectral_entropy.mean": 5.8956217765808105, "lowlevel.spectral_entropy.stdev": 0.8183326721191406, "lowlevel.spectral_flux.mean": 0.038397230207920074, "lowlevel.spectral_flux.stdev": 0.03559090569615364, "lowlevel.spectral_kurtosis.mean": 75.5298843383789, "lowlevel.spectral_kurtosis.stdev": 101.0702896118164, "lowlevel.spectral_rms.mean": 0.0038668299093842506, "lowlevel.spectral_rms.stdev": 0.002116341609507799, "lowlevel.spectral_rolloff.mean": 585.9977416992188, "lowlevel.spectral_rolloff.stdev": 1033.71337890625, "lowlevel.spectral_skewness.mean": 5.422048091888428, "lowlevel.spectral_skewness.stdev": 4.3984503746032715, "lowlevel.spectral_spread.mean": 4222523.0, "lowlevel.spectral_spread.stdev": 3167083.75, "lowlevel.spectral_strongpeak.mean": 1.0441005229949951, "lowlevel.spectral_strongpeak.stdev": 0.8197572827339172, "lowlevel.zerocrossingrate.mean": 0.0313563197851181, "lowlevel.zerocrossingrate.stdev": 0.028678828850388527, "metadata.audio_properties.analysis.equal_loudness": 0.0, "metadata.audio_properties.analysis.length": 22.997323989868164, "metadata.audio_properties.analysis.sample_rate": 44100.0, "metadata.audio_properties.analysis.start_time": 0.0, "metadata.audio_properties.bit_rate": 112133.0, "metadata.audio_properties.length": 22.997333526611328, "metadata.audio_properties.lossless": 0.0, "metadata.audio_properties.number_channels": 1.0, "metadata.audio_properties.replay_gain": -11.042558670043945, "metadata.audio_properties.sample_rate": 48000.0, "rhythm.beats_count": 45.0, "rhythm.beats_loudness.mean": 0.02415318787097931, "rhythm.beats_loudness.stdev": 0.020557023584842682, "rhythm.bpm": 118.48827362060547, "rhythm.bpm_histogram_first_peak_bpm": 117.0, "rhythm.bpm_histogram_first_peak_weight": 0.5416666865348816, "rhythm.bpm_histogram_second_peak_bpm": 129.0, "rhythm.bpm_histogram_second_peak_spread": 0.45454543828964233, "rhythm.bpm_histogram_second_peak_weight": 0.13636364042758942, "rhythm.danceability": 0.9377152323722839, "rhythm.onset_rate": 1.86867356300354, "tonal.chords_changes_rate": 0.04024145007133484, "tonal.chords_number_rate": 0.01006036251783371, "tonal.chords_strength.mean": 0.49700579047203064, "tonal.chords_strength.stdev": 0.10033909976482391, "tonal.hpcp_crest.mean": 19.36236000061035, "tonal.hpcp_crest.stdev": 8.515575408935547, "tonal.hpcp_entropy.mean": 1.3102549314498901, "tonal.hpcp_entropy.stdev": 0.6630784869194031, "tonal.key_edma.strength": 0.8231036067008972, "tonal.key_krumhansl.strength": 0.8240334391593933, "tonal.key_temperley.strength": 0.8245389461517334, "tonal.tuning_diatonic_strength": 0.5993039011955261, "tonal.tuning_equal_tempered_deviation": 0.009250016883015633, "tonal.tuning_frequency": 439.74591064453125, "tonal.tuning_nontempered_energy_ratio": 0.5940970778465271, "lowlevel.barkbands.mean": [0.00015987687220331281, 0.0002795507025439292, 0.0005443353438749909, 0.0014204629696905613, 0.007018480449914932, 0.005643254145979881, 0.0014764859806746244, 0.0014006731798872352, 0.0007533227908425033, 0.00021345973073039204, 0.00014037727669347078, 8.254962449427694e-05, 0.0002341175131732598, 8.301936031784862e-05, 5.00400346936658e-05, 5.969514404569054e-06, 6.1352852753771e-06, 7.742402885924093e-06, 3.7635602438967908e-06, 7.088226993801072e-06, 2.781181683531031e-05, 0.00014508591266348958, 4.3971773266093805e-05, 6.523598858620971e-05, 9.265978587791324e-05, 1.1554693628568202e-05, 4.674103237789495e-08], "lowlevel.barkbands.stdev": [0.0013831217074766755, 0.001562424236908555, 0.0009116575820371509, 0.004180902615189552, 0.011090359650552273, 0.008040189743041992, 0.0025463695637881756, 0.004617958329617977, 0.0037077083252370358, 0.0005599569994956255, 0.0006223533418960869, 0.0002313408040208742, 0.0011195330880582333, 0.0004200646944809705, 0.00025808982900343835, 1.6462732673971914e-05, 1.7355634554405697e-05, 3.0745286494493484e-05, 1.562226316309534e-05, 4.8071487981360406e-05, 7.883229409344494e-05, 0.0003923865151591599, 0.00015959150914568454, 0.00043243973050266504, 0.0003686743730213493, 3.434430618654005e-05, 2.939977434834873e-07], "lowlevel.erbbands.mean": [0.00801454484462738, 0.0723620355129242, 0.5933775305747986, 2.460655450820923, 10.705469131469727, 31.452966690063477, 31.15966796875, 53.90364456176758, 23.414793014526367, 25.153379440307617, 30.153352737426758, 20.13333511352539, 6.022110939025879, 7.500299453735352, 6.628206253051758, 3.78935170173645, 9.627199172973633, 7.552064418792725, 2.7135229110717773, 1.449099063873291, 0.3342789113521576, 0.37650570273399353, 0.514703631401062, 0.14332419633865356, 0.28066644072532654, 0.32723185420036316, 0.6230515241622925, 1.8295576572418213, 5.280481815338135, 3.462850332260132, 0.9752013087272644, 0.5861599445343018, 1.682552456855774, 1.6546974182128906, 0.27789953351020813, 0.062403757125139236, 0.021954316645860672, 0.001892031286843121, 5.017560761189088e-05, 2.5617997380322777e-05], "lowlevel.erbbands.stdev": [0.07809321582317352, 0.24707522988319397, 0.9304011464118958, 5.785778045654297, 22.189043045043945, 54.92466354370117, 57.08097457885742, 73.95995330810547, 44.63355255126953, 40.940185546875, 120.29292297363281, 101.35706329345703, 20.33602523803711, 19.123374938964844, 30.25710678100586, 10.008689880371094, 43.07656478881836, 31.865692138671875, 9.15594482421875, 8.253180503845215, 0.8805517554283142, 1.0987179279327393, 2.0221316814422607, 0.37235766649246216, 1.4521559476852417, 2.1918106079101562, 2.6676740646362305, 4.281544208526611, 15.081755638122559, 9.50383186340332, 3.872311592102051, 4.575840473175049, 10.321709632873535, 6.8451666831970215, 0.9124635457992554, 0.25172919034957886, 0.04773968085646629, 0.0038159627001732588, 9.403524018125609e-05, 2.6446543415659107e-05], "lowlevel.gfcc.mean": [-159.94300842285156, 157.01194763183594, -66.6357421875, -28.298051834106445, -79.74976348876953, 2.3635358810424805, -58.88978576660156, -27.538959503173828, -24.092609405517578, 0.49906522035598755, -15.319340705871582, 0.8764150142669678, -6.016520977020264], "lowlevel.melbands.mean": [8.082852582447231e-05, 0.0002365477557759732, 0.0006529896054416895, 0.0015530396485701203, 0.001190252136439085, 0.001121661625802517, 0.00035885340184904635, 0.00027778424555435777, 0.0002326663234271109, 0.00011662169708870351, 2.5787745471461676e-05, 3.042273601749912e-05, 1.91487415577285e-05, 1.3198907254263759e-05, 8.087153219094034e-06, 2.8151998776593246e-05, 1.1899535820703022e-05, 3.7784384403494187e-06, 4.031986918562325e-06, 5.54638290850562e-07, 3.057712092413567e-07, 3.542029674008518e-07, 5.649652052852616e-07, 2.702401786791597e-07, 9.348456586621978e-08, 1.5974883638136816e-07, 2.598568471512408e-07, 1.9603697865022696e-07, 2.5988549623434665e-07, 6.888723760312132e-07, 1.077407773664163e-06, 2.9160505619074684e-06, 3.1339902761828853e-06, 1.4640618246630765e-06, 5.391714239522116e-07, 3.6884276255477744e-07, 3.325809529997059e-07, 1.0029848453996237e-06, 1.6765879990998656e-06, 1.3129044873494422e-06], "lowlevel.melbands.stdev": [0.000592268246691674, 0.0003693432954605669, 0.0015411936910822988, 0.0026962989941239357, 0.0018140291795134544, 0.0015380303375422955, 0.0006597040919587016, 0.0005032176268287003, 0.0009419025154784322, 0.0006511753890663385, 8.29983691801317e-05, 8.415391494054347e-05, 9.431631042389199e-05, 3.9030288462527096e-05, 2.4067359845503233e-05, 0.00013772885722573847, 5.488837996381335e-05, 1.3729798411077354e-05, 2.5470302716712467e-05, 1.7297199974564137e-06, 7.642532864338136e-07, 1.09921734292584e-06, 1.9345702639839146e-06, 1.0739145182014909e-06, 2.69847618028507e-07, 7.315379662031773e-07, 1.6415746131315245e-06, 1.3818884099237039e-06, 1.4923541584721534e-06, 2.106027750414796e-06, 2.575041207819595e-06, 9.346139449917246e-06, 8.741144483792596e-06, 4.237289431330282e-06, 2.0290599422878586e-06, 2.3476345631934237e-06, 3.0987514492153423e-06, 6.899678737681825e-06, 8.551968676329125e-06, 4.984077349945437e-06], "lowlevel.melbands128.mean": [9.933130058925599e-05, 7.755419937893748e-05, 4.878059553448111e-05, 0.00012977827282156795, 0.00028505720547400415, 0.00024544569896534085, 0.00036205374635756016, 0.0008795172325335443, 0.0008538310066796839, 0.0017367122927680612, 0.0020175098907202482, 0.001181229017674923, 0.0009427106124348938, 0.0011165693867951632, 0.0016678173560649157, 0.0008145147585310042, 0.00027787909493781626, 0.00032239092979580164, 0.00041625837911851704, 0.00022497991449199617, 0.0002595428377389908, 0.00023574811348225921, 0.000301732070511207, 0.00012702606909442693, 0.00012591585982590914, 0.0001353888656012714, 1.724937465041876e-05, 2.1106136046000756e-05, 1.0941083928628359e-05, 5.234564741840586e-05, 2.8750264391419478e-05, 7.801892024872359e-06, 1.5686575352447107e-05, 3.5828234103973955e-05, 1.0105383807967883e-05, 1.0321006811864208e-05, 9.876601325231604e-06, 3.2673369787517004e-06, 7.651420673937537e-06, 2.6566947781248018e-05, 4.156705108471215e-05, 1.674999475653749e-05, 1.1924382306460757e-05, 9.980944014387205e-06, 2.499234597053146e-06, 3.088811126872315e-06, 3.7884553876210703e-06, 7.137041393434629e-06, 2.135081331289257e-06, 4.756206237743754e-07, 5.669364782079356e-07, 4.190859783648193e-07, 3.3262810461565095e-07, 2.2847440561690746e-07, 3.025782859822357e-07, 4.116868126402551e-07, 3.145438540741452e-07, 4.3875002120330464e-07, 7.652792533008324e-07, 6.794496130169136e-07, 1.2491906886680226e-07, 8.394466277650281e-08, 1.0640987824217518e-07, 8.6980797675551e-08, 8.683695540412373e-08, 1.349545755147119e-07, 2.3907597324068774e-07, 2.087291903762889e-07, 3.0494322800223017e-07, 2.889621555368649e-07, 1.341346660410636e-07, 1.9791613681263698e-07, 1.9468264156330406e-07, 2.2942450073060172e-07, 3.8109635625005467e-07, 5.571326369135932e-07, 9.793800472834846e-07, 8.171746799234825e-07, 1.000762722469517e-06, 1.2961069160155603e-06, 2.641336550368578e-06, 3.67854204341711e-06, 3.3682688354019774e-06, 3.732868663064437e-06, 2.295135345775634e-06, 1.5497707863687538e-06, 1.393574621033622e-06, 7.618234576511895e-07, 4.2210345441162644e-07, 4.170513818735344e-07, 4.4096717033426103e-07, 3.834766459931416e-07, 1.8904701448718697e-07, 1.9358758152066002e-07, 4.500158468090376e-07, 8.609688393335091e-07, 9.923500101649552e-07, 1.3942158147983719e-06, 1.7794156974559883e-06, 1.731158590700943e-06, 1.8068932376991143e-06, 1.4043746432435e-06, 5.239263600742561e-07, 2.995760723933927e-07, 2.2413189526560018e-07, 1.9818804730675765e-07, 1.1671119182210532e-07, 1.1776818098496733e-07, 1.2115320657812845e-07, 6.002080255029796e-08, 5.280535830820554e-08, 8.90015527943433e-08, 8.259074490979401e-08, 6.278120423530709e-08, 4.0084454866473607e-08, 1.2277228123025452e-08, 2.4539321685779214e-09, 1.660212418930218e-11, 5.087334199738169e-12, 4.288520059902989e-12, 3.862756468853146e-12, 2.702767913989601e-12, 2.6417958532559682e-12, 2.590683743919353e-12, 2.517300604076844e-12, 2.419555007737717e-12, 2.3634056951077342e-12, 2.3448554296173763e-12], "lowlevel.melbands128.stdev": [0.0008158667478710413, 0.0007887015817686915, 0.0005883091362193227, 0.00039531721267849207, 0.0005046803271397948, 0.0004178219533059746, 0.0008482179837301373, 0.002765258541330695, 0.00235029892064631, 0.004068113397806883, 0.003838703967630863, 0.0026550658512860537, 0.002484966069459915, 0.002321339212357998, 0.002424510894343257, 0.0018163691274821758, 0.0012329196324571967, 0.0005807337583974004, 0.0007763354224152863, 0.00046664729597978294, 0.0008063449058681726, 0.001175454817712307, 0.0014829878928139806, 0.0007299772114492953, 0.0008875064086169004, 0.0009628955158405006, 7.737067790003493e-05, 9.212607983499765e-05, 3.2874544558580965e-05, 0.00017576785467099398, 6.80273151374422e-05, 1.846158193075098e-05, 0.00013886039960198104, 0.00017847048002295196, 4.202203854219988e-05, 3.843834565486759e-05, 3.848233609460294e-05, 9.256513294531032e-06, 2.8213389668962918e-05, 0.0001619276008568704, 0.0002505441661924124, 0.0001303360768361017, 8.612262172391638e-05, 4.537645145319402e-05, 2.0380837668199092e-05, 1.9594101104303263e-05, 1.7435979316360317e-05, 5.472730117617175e-05, 1.8528658983996138e-05, 1.6412582226621453e-06, 2.383241280767834e-06, 1.1519286999828182e-06, 1.2078747886334895e-06, 7.174779739216319e-07, 1.0945899475700571e-06, 1.6685310129105346e-06, 1.2420169923643698e-06, 1.4919698969606543e-06, 3.6643493785959436e-06, 3.5656260024552466e-06, 4.0788583532958e-07, 2.7970031624136027e-07, 3.1638762720831437e-07, 3.1627345720153244e-07, 3.227029026220407e-07, 5.853314632986439e-07, 1.3889238061892684e-06, 1.2175370329714497e-06, 2.1278947315295227e-06, 2.3740806227579014e-06, 8.775067499300349e-07, 1.6390393966503325e-06, 1.3089851336189895e-06, 1.397336177433317e-06, 2.0792078885278897e-06, 2.0857833078480326e-06, 3.0389344374270877e-06, 2.106233978338423e-06, 2.8875867883471074e-06, 3.7464981232915306e-06, 1.0519212992221583e-05, 1.345976306765806e-05, 9.767791198100895e-06, 1.2641890862141736e-05, 7.303980055439752e-06, 5.559558303502854e-06, 4.823012204724364e-06, 2.814549134200206e-06, 1.6365897863579448e-06, 2.3969416815816658e-06, 2.9107889076840365e-06, 2.463881401126855e-06, 1.724876028674771e-06, 2.488189920768491e-06, 4.378356607048772e-06, 6.204414148669457e-06, 7.453813850588631e-06, 8.958476428233553e-06, 9.371802661917172e-06, 8.70476560521638e-06, 7.376859230134869e-06, 4.87466832055361e-06, 2.346748715353897e-06, 8.218009952543071e-07, 6.079816330384347e-07, 7.974940672283992e-07, 5.706112915504491e-07, 5.479877245306852e-07, 7.934465315884154e-07, 2.1088948187752976e-07, 1.7020309428517066e-07, 2.0900787944810872e-07, 2.1548029849327577e-07, 1.1922519149720756e-07, 8.726369316036653e-08, 4.047964097253498e-08, 1.2425716455766178e-08, 2.0162438385540327e-10, 4.8795606444329565e-11, 3.3088906614686664e-11, 2.6495422175698558e-11, 5.2424453667043736e-12, 5.123055625555484e-12, 5.0317527922061345e-12, 4.9577850505522214e-12, 4.895278626904087e-12, 4.8509711872424255e-12, 4.823696563710511e-12], "lowlevel.mfcc.mean": [-817.3214721679688, 196.3160400390625, 55.933101654052734, -21.549596786499023, -6.394023418426514, 8.372519493103027, -23.479251861572266, -25.419618606567383, -11.400015830993652, -29.685428619384766, 7.779964923858643, -17.384998321533203, -3.3434154987335205], "lowlevel.spectral_contrast_coeffs.mean": [-0.5496127605438232, -0.6179713606834412, -0.7454290986061096, -0.7710384130477905, -0.7960402369499207, -0.7747772336006165], "lowlevel.spectral_contrast_coeffs.stdev": [0.08467312157154083, 0.06699468940496445, 0.05210384353995323, 0.05028086155653, 0.05585654824972153, 0.10396551340818405], "lowlevel.spectral_contrast_valleys.mean": [-7.996378421783447, -7.549860000610352, -8.750223159790039, -9.705761909484863, -11.22139835357666, -12.590424537658691], "lowlevel.spectral_contrast_valleys.stdev": [1.001680850982666, 0.8644974827766418, 0.8357419371604919, 1.0911927223205566, 1.575627326965332, 2.1093270778656006], "rhythm.beats_loudness_band_ratio.mean": [0.1677347868680954, 0.6507685780525208, 0.16093654930591583, 0.0392325334250927, 0.003029635874554515, 0.030496058985590935], "rhythm.beats_loudness_band_ratio.stdev": [0.2095445841550827, 0.19323527812957764, 0.1325800120830536, 0.05144147947430611, 0.003929713275283575, 0.08658956736326218], "tonal.hpcp.mean": [0.12257333099842072, 0.10632380843162537, 0.18578168749809265, 0.27493107318878174, 0.14758190512657166, 0.01811242289841175, 0.012562952935695648, 0.024997888132929802, 0.10561010241508484, 0.15167589485645294, 0.06967409700155258, 0.011093185283243656, 0.007199686020612717, 0.01393277570605278, 0.027854302898049355, 0.029822375625371933, 0.01815750077366829, 0.08816754072904587, 0.1489693522453308, 0.06986138969659805, 0.008212396875023842, 0.016816075891256332, 0.02619793452322483, 0.3183631896972656, 0.5129672288894653, 0.2301916927099228, 0.030045920982956886, 0.019081149250268936, 0.019751042127609253, 0.10065239667892456, 0.1492978036403656, 0.06220642104744911, 0.005046777427196503, 0.00413151690736413, 0.011982621625065804, 0.06910575926303864], "tonal.hpcp.stdev": [0.21376590430736542, 0.209645077586174, 0.2662208080291748, 0.3467583954334259, 0.2247363030910492, 0.09847915172576904, 0.09472303092479706, 0.13193830847740173, 0.23805007338523865, 0.3025634288787842, 0.17021586000919342, 0.0686187669634819, 0.05434182658791542, 0.09383030980825424, 0.13199788331985474, 0.13436615467071533, 0.08536967635154724, 0.19408686459064484, 0.3081628978252411, 0.16226577758789062, 0.0544455349445343, 0.0983283743262291, 0.1222510039806366, 0.2868538200855255, 0.4220843017101288, 0.2252771109342575, 0.1404995173215866, 0.11285215616226196, 0.11649273335933685, 0.21014146506786346, 0.28162193298339844, 0.13809247314929962, 0.04141423851251602, 0.04097362235188484, 0.08010552078485489, 0.16072207689285278], "rhythm.beats_position": [0.4992290139198303, 1.0100680589675903, 1.5325169563293457, 2.0549659729003906, 2.565804958343506, 3.0998640060424805, 3.633922815322876, 4.1679816246032715, 4.713650703430176, 5.224489688873291, 5.735328674316406, 6.2461676597595215, 6.757006645202637, 7.267845630645752, 7.778684616088867, 8.28952407836914, 8.788752555847168, 9.264761924743652, 9.75238037109375, 10.239999771118164, 10.704399108886719, 11.168798446655273, 11.633196830749512, 12.120816230773926, 12.59682559967041, 13.072834014892578, 13.537233352661133, 14.036462783813477, 14.535691261291504, 15.034920692443848, 15.534149169921875, 16.01015853881836, 16.486167907714844, 16.973787307739258, 17.43818473815918, 17.902584075927734, 18.401813507080078, 18.901042938232422, 19.388662338256836, 19.887889862060547, 20.38711929321289, 20.886348724365234, 21.385578155517578, 21.89641761779785, 22.407255172729492], "rhythm.bpm_histogram": [0.0, 0.0, 0.0, 0.0, 0.0, 0.0, 0.0, 0.0, 0.0, 0.0, 0.0, 0.0, 0.0, 0.0, 0.0, 0.0, 0.0, 0.0, 0.0, 0.0, 0.0, 0.0, 0.0, 0.0, 0.0, 0.0, 0.0, 0.0, 0.0, 0.0, 0.0, 0.0, 0.0, 0.0, 0.0, 0.0, 0.0, 0.0, 0.0, 0.0, 0.0, 0.0, 0.0, 0.0, 0.0, 0.0, 0.0, 0.0, 0.0, 0.0, 0.0, 0.0, 0.0, 0.0, 0.0, 0.0, 0.0, 0.0, 0.0, 0.0, 0.0, 0.0, 0.0, 0.0, 0.0, 0.0, 0.0, 0.0, 0.0, 0.0, 0.0, 0.0, 0.0, 0.0, 0.0, 0.0, 0.0, 0.0, 0.0, 0.0, 0.0, 0.0, 0.0, 0.0, 0.0, 0.0, 0.0, 0.0, 0.0, 0.0, 0.0, 0.0, 0.0, 0.0, 0.0, 0.0, 0.0, 0.0, 0.0, 0.0, 0.0, 0.0, 0.0, 0.0, 0.0, 0.0, 0.0, 0.0, 0.0, 0.0, 0.022727273404598236, 0.0, 0.06818182021379471, 0.0, 0.0, 0.04545454680919647, 0.0, 0.25, 0.0, 0.0, 0.25, 0.0, 0.0, 0.11363636702299118, 0.0, 0.0, 0.11363636702299118, 0.0, 0.0, 0.13636364042758942, 0.0, 0.0, 0.0, 0.0, 0.0, 0.0, 0.0, 0.0, 0.0, 0.0, 0.0, 0.0, 0.0, 0.0, 0.0, 0.0, 0.0, 0.0, 0.0, 0.0, 0.0, 0.0, 0.0, 0.0, 0.0, 0.0, 0.0, 0.0, 0.0, 0.0, 0.0, 0.0, 0.0, 0.0, 0.0, 0.0, 0.0, 0.0, 0.0, 0.0, 0.0, 0.0, 0.0, 0.0, 0.0, 0.0, 0.0, 0.0, 0.0, 0.0, 0.0, 0.0, 0.0, 0.0, 0.0, 0.0, 0.0, 0.0, 0.0, 0.0, 0.0, 0.0, 0.0, 0.0, 0.0, 0.0, 0.0, 0.0, 0.0, 0.0, 0.0, 0.0, 0.0, 0.0, 0.0, 0.0, 0.0, 0.0, 0.0, 0.0, 0.0, 0.0, 0.0, 0.0, 0.0, 0.0, 0.0, 0.0, 0.0, 0.0, 0.0, 0.0, 0.0, 0.0, 0.0, 0.0, 0.0, 0.0, 0.0, 0.0, 0.0, 0.0, 0.0, 0.0, 0.0, 0.0, 0.0, 0.0, 0.0, 0.0, 0.0, 0.0, 0.0, 0.0, 0.0, 0.0, 0.0, 0.0, 0.0, 0.0], "tonal.chords_histogram": [17.90744400024414, 0.2012072503566742, 63.98390197753906, 0.0, 0.0, 0.0, 0.0, 0.0, 0.0, 0.0, 0.0, 0.0, 0.0, 0.0, 0.0, 0.0, 0.0, 0.2012072503566742, 0.0, 2.816901445388794, 0.0, 5.432595729827881, 9.456740379333496, 0.0], "tonal.thpcp": [1.0, 0.4487454295158386, 0.058572787791490555, 0.037197597324848175, 0.03850351646542549, 0.19621603190898895, 0.29104745388031006, 0.12126782536506653, 0.009838401339948177, 0.008054153993725777, 0.023359429091215134, 0.1347176879644394, 0.23894962668418884, 0.20727212727069855, 0.36217066645622253, 0.5359622836112976, 0.28770241141319275, 0.03530912101268768, 0.024490751326084137, 0.04873193800449371, 0.2058807909488678, 0.2956834137439728, 0.13582563400268555, 0.021625524386763573, 0.01403537206351757, 0.027161141857504845, 0.05430035665631294, 0.05813699960708618, 0.0353970006108284, 0.17187753319740295, 0.2904071509838104, 0.1361907422542572, 0.01600959338247776, 0.032781969755887985, 0.05107136070728302, 0.62063068151474], "lowlevel.gfcc.cov": [[19470.08984375, -9734.162109375, 1064.6055908203125, 4245.36083984375, -3410.826904296875, 2260.78466796875, -771.6945190429688, 1126.3038330078125, -1110.44189453125, 1414.92724609375, -1752.150634765625, 745.9254150390625, -779.6519165039062], [-9734.162109375, 6159.076171875, -774.8262939453125, -2636.0166015625, 2161.81591796875, -1292.279296875, 519.13671875, -617.4946899414062, 686.3734741210938, -847.4140625, 1024.868408203125, -472.01953125, 441.2789001464844], [1064.6055908203125, -774.8262939453125, 750.2115478515625, 560.3318481445312, -266.4696350097656, 344.5335693359375, -86.1951675415039, 120.89279174804688, -122.64016723632812, 118.57905578613281, -175.49453735351562, 62.38967514038086, -73.9417724609375], [4245.36083984375, -2636.0166015625, 560.3318481445312, 1545.6568603515625, -810.689208984375, 648.5885620117188, -211.22569274902344, 324.5157165527344, -289.70068359375, 357.1315002441406, -439.114013671875, 181.81500244140625, -152.35888671875], [-3410.826904296875, 2161.81591796875, -266.4696350097656, -810.689208984375, 991.4776611328125, -476.4093322753906, 137.2917022705078, -144.17356872558594, 245.21328735351562, -317.3926696777344, 358.76904296875, -148.71963500976562, 148.889892578125], [2260.78466796875, -1292.279296875, 344.5335693359375, 648.5885620117188, -476.4093322753906, 551.2263793945312, -50.78278350830078, 134.56541442871094, -151.43698120117188, 220.73397827148438, -216.1303253173828, 125.54672241210938, -106.65763092041016], [-771.6945190429688, 519.13671875, -86.1951675415039, -211.22569274902344, 137.2917022705078, -50.78278350830078, 159.4681396484375, -45.122684478759766, 47.789859771728516, -43.57795333862305, 116.44059753417969, -37.14060974121094, 24.89234161376953], [1126.3038330078125, -617.4946899414062, 120.89279174804688, 324.5157165527344, -144.17356872558594, 134.56541442871094, -45.122684478759766, 223.54197692871094, -41.741111755371094, 86.65406036376953, -92.62713623046875, 26.60010528564453, -58.993682861328125], [-1110.44189453125, 686.3734741210938, -122.64016723632812, -289.70068359375, 245.21328735351562, -151.43698120117188, 47.789859771728516, -41.741111755371094, 186.18011474609375, -51.94023513793945, 122.88810729980469, -42.17866516113281, 56.20646667480469], [1414.92724609375, -847.4140625, 118.57905578613281, 357.1315002441406, -317.3926696777344, 220.73397827148438, -43.57795333862305, 86.65406036376953, -51.94023513793945, 221.59649658203125, -101.95853424072266, 82.25372314453125, -49.217105865478516], [-1752.150634765625, 1024.868408203125, -175.49453735351562, -439.114013671875, 358.76904296875, -216.1303253173828, 116.44059753417969, -92.62713623046875, 122.88810729980469, -101.95853424072266, 284.8498840332031, -63.14379119873047, 104.01255798339844], [745.9254150390625, -472.01953125, 62.38967514038086, 181.81500244140625, -148.71963500976562, 125.54672241210938, -37.14060974121094, 26.60010528564453, -42.17866516113281, 82.25372314453125, -63.14379119873047, 124.59615325927734, -14.784513473510742], [-779.6519165039062, 441.2789001464844, -73.9417724609375, -152.35888671875, 148.889892578125, -106.65763092041016, 24.89234161376953, -58.993682861328125, 56.20646667480469, -49.217105865478516, 104.01255798339844, -14.784513473510742, 124.30687713623047]], "lowlevel.gfcc.icov": [[0.0003493776312097907, -0.00013271979696583003, 0.00043975681182928383, -0.0003021139418706298, 0.00033461529528722167, -0.000318924430757761, 0.00037406504270620644, -0.0006418409757316113, 0.0006257265922613442, -0.0007028296240605414, 0.0006940942839719355, -0.00033925383468158543, 0.00031745797605253756], [-0.00013271979696583003, 0.006611625663936138, -0.0023764644283801317, 0.004215871915221214, -0.005763342138379812, 1.5134281966311391e-05, -0.005482744425535202, 0.0038616955280303955, -0.005088529549539089, 0.004732054658234119, -0.0023544407449662685, 0.005017023999243975, -0.003961623180657625], [0.00043975681182928383, -0.0023764644283801317, 0.00341021828353405, -0.0022001308389008045, 0.0019612847827374935, -0.0015616908203810453, 0.002852708101272583, -0.0020225902553647757, 0.0026264607440680265, -0.00211233994923532, 0.001593034714460373, -0.0016369057120755315, 0.0017544705187901855], [-0.0003021139418706298, 0.004215871915221214, -0.0022001308389008045, 0.005320484284311533, -0.003699672408401966, -0.0007677747053094208, -0.0029738391749560833, 0.0011708004167303443, -0.002320501720532775, 0.00214365147985518, -0.0005336315953172743, 0.003396188374608755, -0.003976290114223957], [0.00033461529528722167, -0.005763342138379812, 0.0019612847827374935, -0.003699672408401966, 0.00869599636644125, 0.0003664726100396365, 0.004979249089956284, -0.004327408969402313, 0.0027454132214188576, -0.0012057607527822256, 0.00020574915106408298, -0.004747210070490837, 0.0035825371742248535], [-0.000318924430757761, 1.5134281966311391e-05, -0.0015616908203810453, -0.0007677747053094208, 0.0003664726100396365, 0.006051101256161928, -0.002611342119053006, 0.0006212086882442236, 7.078181170072639e-06, -0.0011996476678177714, 9.391170897288248e-05, -0.0017553440993651748, 0.0008812136948108673], [0.00037406504270620644, -0.005482744425535202, 0.002852708101272583, -0.0029738391749560833, 0.004979249089956284, -0.002611342119053006, 0.015168754383921623, -0.0033027876634150743, 0.004588961135596037, -0.003896524664014578, -0.0020526223815977573, -0.0026382345240563154, 0.004837891552597284], [-0.0006418409757316113, 0.0038616955280303955, -0.0020225902553647757, 0.0011708004167303443, -0.004327408969402313, 0.0006212086882442236, -0.0033027876634150743, 0.010368866845965385, -0.004690198693424463, 0.0026336524169892073, -0.0026441088411957026, 0.004080045036971569, -0.00034279111423529685], [0.0006257265922613442, -0.005088529549539089, 0.0026264607440680265, -0.002320501720532775, 0.0027454132214188576, 7.078181170072639e-06, 0.004588961135596037, -0.004690198693424463, 0.014835271053016186, -0.008120114915072918, 0.0026564677245914936, -0.0033789307344704866, 0.0017318899044767022], [-0.0007028296240605414, 0.004732054658234119, -0.00211233994923532, 0.00214365147985518, -0.0012057607527822256, -0.0011996476678177714, -0.003896524664014578, 0.0026336524169892073, -0.008120114915072918, 0.017114967107772827, -0.005699348170310259, 0.0009293251787312329, -0.002063218504190445], [0.0006940942839719355, -0.0023544407449662685, 0.001593034714460373, -0.0005336315953172743, 0.00020574915106408298, 9.391170897288248e-05, -0.0020526223815977573, -0.0026441088411957026, 0.0026564677245914936, -0.005699348170310259, 0.013813427649438381, -0.00171065260656178, -0.0032241230364888906], [-0.00033925383468158543, 0.005017023999243975, -0.0016369057120755315, 0.003396188374608755, -0.004747210070490837, -0.0017553440993651748, -0.0026382345240563154, 0.004080045036971569, -0.0033789307344704866, 0.0009293251787312329, -0.00171065260656178, 0.016171934083104134, -0.004853822756558657], [0.00031745797605253756, -0.003961623180657625, 0.0017544705187901855, -0.003976290114223957, 0.0035825371742248535, 0.0008812136948108673, 0.004837891552597284, -0.00034279111423529685, 0.0017318899044767022, -0.002063218504190445, -0.0032241230364888906, -0.004853822756558657, 0.016123222187161446]], "lowlevel.mfcc.cov": [[15138.4365234375, -7061.45458984375, 1276.4063720703125, 1081.7803955078125, -575.2677612304688, 411.4257507324219, -174.6753692626953, 15.485647201538086, 938.8509521484375, -921.876953125, 1364.123291015625, -764.7296752929688, 87.65467071533203], [-7061.45458984375, 4808.01953125, -1107.23876953125, -851.379150390625, 434.31170654296875, -245.56607055664062, 61.4730339050293, 95.4193115234375, -448.1144714355469, 435.68280029296875, -653.144775390625, 457.757080078125, -8.198208808898926], [1276.4063720703125, -1107.23876953125, 799.5126953125, 259.8202209472656, -70.84906768798828, 174.435546875, 69.58621978759766, -18.137601852416992, 135.2142791748047, -101.18717193603516, 198.95616149902344, -148.8473663330078, -6.984936237335205], [1081.7803955078125, -851.379150390625, 259.8202209472656, 454.60321044921875, 72.11840057373047, 35.34275436401367, 53.86397933959961, -6.927883625030518, 143.40277099609375, -69.23590087890625, 73.73277282714844, -65.5291519165039, 23.210569381713867], [-575.2677612304688, 434.31170654296875, -70.84906768798828, 72.11840057373047, 365.3134460449219, -30.65974998474121, 13.874220848083496, 80.2283706665039, 34.2520637512207, 51.67548751831055, -89.43020629882812, 74.5811996459961, 17.71856689453125], [411.4257507324219, -245.56607055664062, 174.435546875, 35.34275436401367, -30.65974998474121, 244.50466918945312, 25.45389747619629, 10.259291648864746, 59.1103515625, -108.84276580810547, 129.24949645996094, -73.66093444824219, 41.75037384033203], [-174.6753692626953, 61.4730339050293, 69.58621978759766, 53.86397933959961, 13.874220848083496, 25.45389747619629, 186.2289581298828, 16.254592895507812, -18.412771224975586, 50.480525970458984, -28.11864471435547, 26.665327072143555, 14.007721900939941], [15.485647201538086, 95.4193115234375, -18.137601852416992, -6.927883625030518, 80.2283706665039, 10.259291648864746, 16.254592895507812, 146.8498992919922, -2.9916093349456787, 13.844006538391113, 4.408949851989746, 16.991975784301758, -17.453462600708008], [938.8509521484375, -448.1144714355469, 135.2142791748047, 143.40277099609375, 34.2520637512207, 59.1103515625, -18.412771224975586, -2.9916093349456787, 204.3526153564453, -99.78935241699219, 134.51370239257812, -66.88081359863281, 52.34709930419922], [-921.876953125, 435.68280029296875, -101.18717193603516, -69.23590087890625, 51.67548751831055, -108.84276580810547, 50.480525970458984, 13.844006538391113, -99.78935241699219, 272.8887023925781, -156.3468017578125, 145.8166046142578, -47.33782196044922], [1364.123291015625, -653.144775390625, 198.95616149902344, 73.73277282714844, -89.43020629882812, 129.24949645996094, -28.11864471435547, 4.408949851989746, 134.51370239257812, -156.3468017578125, 317.93597412109375, -119.69554901123047, 46.09971237182617], [-764.7296752929688, 457.757080078125, -148.8473663330078, -65.5291519165039, 74.5811996459961, -73.66093444824219, 26.665327072143555, 16.991975784301758, -66.88081359863281, 145.8166046142578, -119.69554901123047, 193.241455078125, -11.851584434509277], [87.65467071533203, -8.198208808898926, -6.984936237335205, 23.210569381713867, 17.71856689453125, 41.75037384033203, 14.007721900939941, -17.453462600708008, 52.34709930419922, -47.33782196044922, 46.09971237182617, -11.851584434509277, 140.48141479492188]], "lowlevel.mfcc.icov": [[0.00031325293821282685, 0.00046150150592438877, 0.00023980300466064364, 0.00023685467022005469, -7.524614193243906e-05, 0.0001520325749879703, -0.00018709534197114408, -0.00023712571419309825, -0.0004628979950211942, 0.00022420560708269477, -0.0004267365438863635, -3.984432987635955e-05, 0.00014248017396312207], [0.00046150150592438877, 0.0013309535570442677, 0.0007239066180773079, 0.0013560130028054118, -0.0008794324239715934, 2.1509813450393267e-05, -0.0006893633981235325, -0.0002019153325818479, -0.0004420665209181607, 0.00029482116224244237, -0.00010826335346791893, -0.0002895378274843097, 2.5016335712280124e-05], [0.00023980300466064364, 0.0007239066180773079, 0.002580489031970501, -0.00014025720884092152, -0.000302601809380576, -0.0010675438679754734, -0.000994825386442244, 0.00023351192066911608, -0.0006112099508754909, -0.000516958418302238, -0.0006840418209321797, 0.0008093281066976488, 0.0008740449557080865], [0.00023685467022005469, 0.0013560130028054118, -0.00014025720884092152, 0.005368669517338276, -0.002024679211899638, 0.0005432458128780127, -0.0019457049202173948, 0.0005047456361353397, -0.0020164474844932556, 0.0006170530687086284, 0.0007760310545563698, -2.7022613721783273e-05, 9.03613690752536e-05], [-7.524614193243906e-05, -0.0008794324239715934, -0.000302601809380576, -0.002024679211899638, 0.005213486962020397, -1.2575900655065197e-05, 0.0009606063831597567, -0.002540523884817958, -0.0017698024166747928, -9.820947161642835e-05, 0.0012239759089425206, -0.0008773446315899491, -0.0005994313396513462], [0.0001520325749879703, 2.1509813450393267e-05, -0.0010675438679754734, 0.0005432458128780127, -1.2575900655065197e-05, 0.006666054017841816, -0.0011974849039688706, -0.0007143197581171989, -2.375711801505531e-06, 0.0019176207715645432, -0.0017591913929209113, 9.058107389137149e-05, -0.0009533250122331083], [-0.00018709534197114408, -0.0006893633981235325, -0.000994825386442244, -0.0019457049202173948, 0.0009606063831597567, -0.0011974849039688706, 0.007359852083027363, -0.000989105785265565, 0.0012764126295223832, -0.0016260358970612288, 0.0006467407802119851, -0.00031416642013937235, -0.0015357923693954945], [-0.00023712571419309825, -0.0002019153325818479, 0.00023351192066911608, 0.0005047456361353397, -0.002540523884817958, -0.0007143197581171989, -0.000989105785265565, 0.008858573623001575, 0.0009377350797876716, -0.00028595468029379845, -0.0011132365325465798, -8.774398156674579e-05, 0.0017084588762372732], [-0.0004628979950211942, -0.0004420665209181607, -0.0006112099508754909, -0.0020164474844932556, -0.0017698024166747928, -2.375711801505531e-06, 0.0012764126295223832, 0.0009377350797876716, 0.01075026299804449, 0.0005389127181842923, -0.002347295405343175, 0.00020590763597283512, -0.002257628832012415], [0.00022420560708269477, 0.00029482116224244237, -0.000516958418302238, 0.0006170530687086284, -9.820947161642835e-05, 0.0019176207715645432, -0.0016260358970612288, -0.00028595468029379845, 0.0005389127181842923, 0.008306778967380524, 0.0008801764925010502, -0.004441233817487955, 0.0012535391142591834], [-0.0004267365438863635, -0.00010826335346791893, -0.0006840418209321797, 0.0007760310545563698, 0.0012239759089425206, -0.0017591913929209113, 0.0006467407802119851, -0.0011132365325465798, -0.002347295405343175, 0.0008801764925010502, 0.007922513410449028, 0.0005316392634995282, -0.0011203382164239883], [-3.984432987635955e-05, -0.0002895378274843097, 0.0008093281066976488, -2.7022613721783273e-05, -0.0008773446315899491, 9.058107389137149e-05, -0.00031416642013937235, -8.774398156674579e-05, 0.00020590763597283512, -0.004441233817487955, 0.0005316392634995282, 0.010449841618537903, -0.0007093198364600539], [0.00014248017396312207, 2.5016335712280124e-05, 0.0008740449557080865, 9.03613690752536e-05, -0.0005994313396513462, -0.0009533250122331083, -0.0015357923693954945, 0.0017084588762372732, -0.002257628832012415, 0.0012535391142591834, -0.0011203382164239883, -0.0007093198364600539, 0.009355250746011734]], "metadata.audio_properties.analysis.downmix": "mix", "metadata.audio_properties.codec": "mp3", "metadata.audio_properties.md5_encoded": "cf700038966fe3ab63e81705b90a81f5", "metadata.tags.file_name": "1183666462733369404.mp3", "metadata.version.essentia": "2.1-beta6-dev", "metadata.version.essentia_git_sha": "v2.1_beta5-1110-g77a6a954", "metadata.version.extractor": "music 2.0", "tonal.chords_key": "F", "tonal.chords_scale": "major", "tonal.key_edma.key": "Bb", "tonal.key_edma.scale": "major", "tonal.key_krumhansl.key": "Bb", "tonal.key_krumhansl.scale": "major", "tonal.key_temperley.key": "Bb", "tonal.key_temperley.scale": "major", "metadata.tags.encoding": ["Lavf58.45.100"]}, "essentia_models": [{"model_name": "genre_dortmund", "activations": {"alternative": "0.06547555", "blues": "0.012109914", "electronic": "0.018233834", "folkcountry": "0.18946742", "funksoulrnb": "0.008233481", "jazz": "0.27481106", "pop": "0.27586102", "raphiphop": "0.023864595", "rock": "0.060307913"}}, {"model_name": "genre_rosamerica", "activations": {"classic": "0.086850