{"song_id": "1183707954713739294", "download": "https://cdn.discordapp.com/attachments/1128313332273782784/1183707954713739294/chirp.mp4?ex=658950f0&amp", "lyrics": "\u0412 \u0441\u043e\u043b\u043d\u0435\u0447\u043d\u044b\u0439 \u0434\u0435\u043d\u044c \u044f \u043d\u0430 \u043f\u0440\u043e\u0433\u0443\u043b\u043a\u0443 \u0432\u044b\u0445\u043e\u0436\u0443,\n\u041d\u0435 \u0438\u0441\u043f\u044b\u0442\u044b\u0432\u0430\u044e \u0436\u0430\u0436\u0434\u044b, \u044f \u0437\u0430 \u0438\u043c\u0438\u0434\u0436\u0435\u043c \u0441\u043b\u0435\u0436\u0443.\n\u0418 \u043f\u043e\u0434\u0440\u0443\u0433\u0430 \u043c\u043e\u044f \u0444\u043e\u0440\u0443 \u0434\u0430\u0441\u0442 \u043b\u044e\u0431\u043e\u0439 \u043a\u0440\u0430\u0441\u043e\u0442\u043a\u0435,\n\u0415\u0451 \u0447\u0443\u0432\u0441\u0442\u0432\u0430 \u043a\u0440\u0435\u043f\u043a\u0438, \u043a\u0430\u043a \u043d\u0430\u0441\u0442\u043e\u044f\u0449\u0438\u0435 \u043a\u043e\u043b\u0433\u043e\u0442\u043a\u0438.", "style": ["Avril Ramona Lavigne </span><span>(Canadian singer</span><span>, songwriter and actress</span><span>)"], "essentia_features": {"lowlevel.average_loudness": 0.9833204746246338, "lowlevel.barkbands_crest.mean": 10.38077163696289, "lowlevel.barkbands_crest.stdev": 3.743352174758911, "lowlevel.barkbands_flatness_db.mean": 0.14622414112091064, "lowlevel.barkbands_flatness_db.stdev": 0.045413464307785034, "lowlevel.barkbands_kurtosis.mean": 5.901642799377441, "lowlevel.barkbands_kurtosis.stdev": 11.572461128234863, "lowlevel.barkbands_skewness.mean": 2.1134135723114014, "lowlevel.barkbands_skewness.stdev": 1.2962931394577026, "lowlevel.barkbands_spread.mean": 23.384336471557617, "lowlevel.barkbands_spread.stdev": 13.333996772766113, "lowlevel.dissonance.mean": 0.47473248839378357, "lowlevel.dissonance.stdev": 0.01821858622133732, "lowlevel.dynamic_complexity": 1.2579628229141235, "lowlevel.erbbands_crest.mean": 7.812462329864502, "lowlevel.erbbands_crest.stdev": 3.4362025260925293, "lowlevel.erbbands_flatness_db.mean": 0.14127597212791443, "lowlevel.erbbands_flatness_db.stdev": 0.035765476524829865, "lowlevel.erbbands_kurtosis.mean": -0.11211040616035461, "lowlevel.erbbands_kurtosis.stdev": 1.066580057144165, "lowlevel.erbbands_skewness.mean": -0.18160051107406616, "lowlevel.erbbands_skewness.stdev": 0.595648467540741, "lowlevel.erbbands_spread.mean": 48.30670928955078, "lowlevel.erbbands_spread.stdev": 19.21576690673828, "lowlevel.hfc.mean": 26.055397033691406, "lowlevel.hfc.stdev": 14.6192045211792, "lowlevel.loudness_ebu128.integrated": -13.228913307189941, "lowlevel.loudness_ebu128.loudness_range": 1.1191787719726562, "lowlevel.loudness_ebu128.momentary.mean": -13.296462059020996, "lowlevel.loudness_ebu128.momentary.stdev": 0.7825121879577637, "lowlevel.loudness_ebu128.short_term.mean": -13.23526668548584, "lowlevel.loudness_ebu128.short_term.stdev": 0.40176916122436523, "lowlevel.melbands_crest.mean": 16.930957794189453, "lowlevel.melbands_crest.stdev": 3.9089338779449463, "lowlevel.melbands_flatness_db.mean": 0.21747267246246338, "lowlevel.melbands_flatness_db.stdev": 0.05553378909826279, "lowlevel.melbands_kurtosis.mean": 23.276113510131836, "lowlevel.melbands_kurtosis.stdev": 30.464319229125977, "lowlevel.melbands_skewness.mean": 3.884760856628418, "lowlevel.melbands_skewness.stdev": 1.9453245401382446, "lowlevel.melbands_spread.mean": 18.25193214416504, "lowlevel.melbands_spread.stdev": 11.42719841003418, "lowlevel.pitch_salience.mean": 0.46662983298301697, "lowlevel.pitch_salience.stdev": 0.09486944228410721, "lowlevel.silence_rate_20dB.mean": 1.0, "lowlevel.silence_rate_20dB.stdev": 0.0, "lowlevel.silence_rate_30dB.mean": 0.9226069450378418, "lowlevel.silence_rate_30dB.stdev": 0.2672134339809418, "lowlevel.silence_rate_60dB.mean": 0.0030549897346645594, "lowlevel.silence_rate_60dB.stdev": 0.055187515914440155, "lowlevel.spectral_centroid.mean": 1309.4398193359375, "lowlevel.spectral_centroid.stdev": 552.7523193359375, "lowlevel.spectral_complexity.mean": 24.80142593383789, "lowlevel.spectral_complexity.stdev": 7.035999774932861, "lowlevel.spectral_decrease.mean": -1.3239964680167304e-08, "lowlevel.spectral_decrease.stdev": 1.0666340699572174e-08, "lowlevel.spectral_energy.mean": 0.052333980798721313, "lowlevel.spectral_energy.stdev": 0.04064925014972687, "lowlevel.spectral_energyband_high.mean": 0.001160276005975902, "lowlevel.spectral_energyband_high.stdev": 0.0015838465187698603, "lowlevel.spectral_energyband_low.mean": 0.0335862934589386, "lowlevel.spectral_energyband_low.stdev": 0.03866885229945183, "lowlevel.spectral_energyband_middle_high.mean": 0.0057643926702439785, "lowlevel.spectral_energyband_middle_high.stdev": 0.003209549468010664, "lowlevel.spectral_energyband_middle_low.mean": 0.015950264409184456, "lowlevel.spectral_energyband_middle_low.stdev": 0.0179036445915699, "lowlevel.spectral_entropy.mean": 7.7077107429504395, "lowlevel.spectral_entropy.stdev": 0.31343314051628113, "lowlevel.spectral_flux.mean": 0.10502984374761581, "lowlevel.spectral_flux.stdev": 0.08177945762872696, "lowlevel.spectral_kurtosis.mean": 3.44673752784729, "lowlevel.spectral_kurtosis.stdev": 2.2471208572387695, "lowlevel.spectral_rms.mean": 0.006810872815549374, "lowlevel.spectral_rms.stdev": 0.0021609077230095863, "lowlevel.spectral_rolloff.mean": 1095.9783935546875, "lowlevel.spectral_rolloff.stdev": 1202.4580078125, "lowlevel.spectral_skewness.mean": 1.3356074094772339, "lowlevel.spectral_skewness.stdev": 0.3643627464771271, "lowlevel.spectral_spread.mean": 4674839.5, "lowlevel.spectral_spread.stdev": 1630012.125, "lowlevel.spectral_strongpeak.mean": 0.6273300051689148, "lowlevel.spectral_strongpeak.stdev": 0.6199542880058289, "lowlevel.zerocrossingrate.mean": 0.05130881071090698, "lowlevel.zerocrossingrate.stdev": 0.026619164273142815, "metadata.audio_properties.analysis.equal_loudness": 0.0, "metadata.audio_properties.analysis.length": 22.762653350830078, "metadata.audio_properties.analysis.sample_rate": 44100.0, "metadata.audio_properties.analysis.start_time": 0.0, "metadata.audio_properties.bit_rate": 121314.0, "metadata.audio_properties.length": 22.762666702270508, "metadata.audio_properties.lossless": 0.0, "metadata.audio_properties.number_channels": 1.0, "metadata.audio_properties.replay_gain": -11.747978210449219, "metadata.audio_properties.sample_rate": 48000.0, "rhythm.beats_count": 49.0, "rhythm.beats_loudness.mean": 0.06903990358114243, "rhythm.beats_loudness.stdev": 0.02596229314804077, "rhythm.bpm": 130.30706787109375, "rhythm.bpm_histogram_first_peak_bpm": 129.0, "rhythm.bpm_histogram_first_peak_weight": 0.3777778148651123, "rhythm.bpm_histogram_second_peak_bpm": 120.0, "rhythm.bpm_histogram_second_peak_spread": 0.3333333134651184, "rhythm.bpm_histogram_second_peak_weight": 0.0416666679084301, "rhythm.danceability": 1.4945578575134277, "rhythm.onset_rate": 3.9510462284088135, "tonal.chords_changes_rate": 0.05284553021192551, "tonal.chords_number_rate": 0.014227642677724361, "tonal.chords_strength.mean": 0.5179456472396851, "tonal.chords_strength.stdev": 0.07333280146121979, "tonal.hpcp_crest.mean": 11.545245170593262, "tonal.hpcp_crest.stdev": 5.122403144836426, "tonal.hpcp_entropy.mean": 2.2758963108062744, "tonal.hpcp_entropy.stdev": 0.6734277009963989, "tonal.key_edma.strength": 0.7648307085037231, "tonal.key_krumhansl.strength": 0.7774075865745544, "tonal.key_temperley.strength": 0.7929380536079407, "tonal.tuning_diatonic_strength": 0.6409112215042114, "tonal.tuning_equal_tempered_deviation": 0.15160897374153137, "tonal.tuning_frequency": 436.7083740234375, "tonal.tuning_nontempered_energy_ratio": 0.8485978245735168, "lowlevel.barkbands.mean": [0.0002750577696133405, 0.01580180414021015, 0.013466072268784046, 0.0066481404937803745, 0.003901720279827714, 0.0012657440965995193, 0.0021739776711910963, 0.0012155553558841348, 0.0005772613803856075, 0.00042286503594368696, 0.0005750511190854013, 0.000865549489390105, 0.0006304308190010488, 0.0005379670765250921, 0.0005772805889137089, 0.000704530393704772, 0.0005430769524537027, 0.00027408316964283586, 0.0005002981633879244, 0.0003192660224158317, 0.00020981983107049018, 0.00028056814335286617, 0.00019924130174331367, 0.00022790260845795274, 0.00010985983681166545, 3.018433017132338e-05, 7.244572657327808e-07], "lowlevel.barkbands.stdev": [0.00038186871097423136, 0.030824095010757446, 0.01228768564760685, 0.007332695182412863, 0.01071077398955822, 0.0027515224646776915, 0.004357677884399891, 0.002889135619625449, 0.0007413438870571554, 0.0005480707623064518, 0.001055496046319604, 0.001262566656805575, 0.0007581762038171291, 0.0005156554980203509, 0.0006542060291394591, 0.0007962929084897041, 0.0005024143029004335, 0.00029424752574414015, 0.0005563714657910168, 0.0003694294427987188, 0.0003293503832537681, 0.0005304550286382437, 0.00027749643777497113, 0.0005483896238729358, 0.0002833170583471656, 5.767952461610548e-05, 1.9711012555490015e-06], "lowlevel.erbbands.mean": [0.27958276867866516, 4.231146812438965, 14.111698150634766, 22.029451370239258, 20.056472778320312, 8.66840934753418, 4.866316318511963, 11.953376770019531, 33.522945404052734, 25.801916122436523, 24.58782196044922, 13.039233207702637, 15.647795677185059, 15.637123107910156, 28.567848205566406, 38.52534103393555, 31.16697120666504, 31.705368041992188, 28.26287269592285, 30.215126037597656, 41.708984375, 30.149625778198242, 16.865739822387695, 16.607561111450195, 30.614482879638672, 13.923242568969727, 8.647614479064941, 8.524381637573242, 10.278879165649414, 7.849356174468994, 5.321023941040039, 4.690462112426758, 3.7588534355163574, 1.6738101243972778, 0.5640854239463806, 0.18297326564788818, 0.046440985053777695, 0.005289285443723202, 0.00015110548702068627, 6.68549764668569e-05], "lowlevel.erbbands.stdev": [0.646782398223877, 7.729470729827881, 15.002025604248047, 15.731843948364258, 53.48940658569336, 18.73282814025879, 9.064133644104004, 26.789566040039062, 67.01590728759766, 51.52294921875, 62.84417724609375, 16.386802673339844, 22.19108009338379, 15.976128578186035, 49.094120025634766, 58.59282302856445, 32.93283462524414, 35.77425765991211, 33.447330474853516, 26.167879104614258, 49.20832061767578, 26.582468032836914, 17.16426658630371, 14.590107917785645, 37.52997970581055, 15.79666519165039, 11.681967735290527, 15.07211971282959, 20.463537216186523, 12.171493530273438, 7.742947101593018, 9.817126274108887, 9.777694702148438, 4.378020763397217, 1.4922666549682617, 0.36506903171539307, 0.09347694367170334, 0.01150480005890131, 0.0002573428791947663, 4.631262709153816e-05], "lowlevel.gfcc.mean": [33.8946647644043, 96.75597381591797, -118.23444366455078, 52.638484954833984, -43.35122299194336, 32.52750015258789, -34.26308822631836, 10.642096519470215, -22.668386459350586, -2.333669662475586, -15.521957397460938, -8.618391036987305, -15.808670997619629], "lowlevel.melbands.mean": [0.0035756316501647234, 0.0068957912735641, 0.003721727291122079, 0.001004955149255693, 0.0001795381831470877, 0.00027351477183401585, 0.000510802143253386, 0.00026753285783343017, 0.00017881010717246681, 8.043322304729372e-05, 7.686483149882406e-05, 5.863386104465462e-05, 8.706122025614604e-05, 0.0001068772398866713, 7.315615948755294e-05, 6.160310294944793e-05, 5.917984890402295e-05, 4.242456270731054e-05, 3.8796446460764855e-05, 4.332384924055077e-05, 4.943007661495358e-05, 3.186656249454245e-05, 2.183867763960734e-05, 1.1167570846737362e-05, 1.2723666259262245e-05, 2.1376741642598063e-05, 1.920406793942675e-05, 6.9442430685739964e-06, 5.217495527176652e-06, 5.097325811220799e-06, 4.8789243010105565e-06, 5.968797267996706e-06, 5.267124834062997e-06, 3.965575160691515e-06, 2.981734041895834e-06, 2.857640311049181e-06, 2.9819739211234264e-06, 2.8542649488372263e-06, 1.943462166309473e-06, 1.2398197668517241e-06], "lowlevel.melbands.stdev": [0.00742851197719574, 0.008066017180681229, 0.003582329722121358, 0.002730827545747161, 0.00029333229758776724, 0.0006100636092014611, 0.001010138657875359, 0.0005573427188210189, 0.0004620604158844799, 0.00010381247557234019, 0.00011129163613077253, 6.530276732519269e-05, 0.0001487249246565625, 0.00015663422527723014, 7.894849841250107e-05, 7.384492346318439e-05, 6.724950799252838e-05, 4.822007758775726e-05, 4.0530081605538726e-05, 4.0084338252199814e-05, 6.29656424280256e-05, 3.10001996695064e-05, 2.2108477423898876e-05, 1.2750524547300301e-05, 1.20126387628261e-05, 2.771401523204986e-05, 2.21287009480875e-05, 9.374340152135119e-06, 7.295343039004365e-06, 7.718304914305918e-06, 9.655464964453131e-06, 1.225814594363328e-05, 1.0113532880495768e-05, 5.671210146829253e-06, 4.193639142613392e-06, 5.2306781981315e-06, 6.784814104321413e-06, 7.64245487516746e-06, 4.9088539526565e-06, 3.4765776035783347e-06], "lowlevel.melbands128.mean": [0.0001265789760509506, 0.0013217839878052473, 0.005216225516051054, 0.007522443309426308, 0.0072640590369701385, 0.006644098088145256, 0.004804165568202734, 0.002822421956807375, 0.002132805995643139, 0.000911426730453968, 0.0003308224258944392, 0.00021470998763106763, 0.00016545638209208846, 9.39179808483459e-05, 0.00016118177154567093, 0.00048281450290232897, 0.00046935310820117593, 0.000665433646645397, 0.0003405470633879304, 0.000283444911474362, 0.00020980431872885674, 0.00022539557539857924, 0.00022286294552031904, 5.994981256662868e-05, 7.340331649174914e-05, 7.467872637789696e-05, 0.00013041956117376685, 7.534161704825237e-05, 2.9273507607285865e-05, 6.745647988282144e-05, 5.541540667763911e-05, 6.722846592310816e-05, 9.668889833847061e-05, 9.833669173531234e-05, 8.368917042389512e-05, 0.00012707203859463334, 0.00012525025522336364, 3.208983616787009e-05, 7.779175211908296e-05, 8.172269008355215e-05, 3.961004767916165e-05, 6.725814455421641e-05, 5.988138582324609e-05, 6.519410817418247e-05, 2.5948258553398773e-05, 3.870217187795788e-05, 6.469888467108831e-05, 2.722421777434647e-05, 3.263565304223448e-05, 4.968617940903641e-05, 3.846155959763564e-05, 3.924801421817392e-05, 7.254783122334629e-05, 3.7187048292253166e-05, 3.738163286470808e-05, 3.1428266083821654e-05, 2.8386661142576486e-05, 2.7002668502973393e-05, 1.9174296539858915e-05, 1.2147522284067236e-05, 1.0012383427238092e-05, 9.967960068024695e-06, 1.3947130355518311e-05, 1.2326410796958953e-05, 1.3194554412621073e-05, 1.8433534933137707e-05, 3.196566103724763e-05, 2.247220436402131e-05, 1.854925176303368e-05, 1.0033578291768208e-05, 6.531080089189345e-06, 5.130873887537746e-06, 5.462734861794161e-06, 5.301931196299847e-06, 4.828312739846297e-06, 5.543420229514595e-06, 5.0531839406176005e-06, 4.338980033935513e-06, 4.910910320177209e-06, 5.087658337288303e-06, 6.235251930775121e-06, 6.309822310868185e-06, 5.6009030231507495e-06, 5.2665868679468986e-06, 4.9079790187533945e-06, 4.364231699582888e-06, 3.567448402463924e-06, 3.2655661925673485e-06, 2.8009869765810436e-06, 2.8735241812682943e-06, 3.150956217723433e-06, 2.897170816140715e-06, 2.309601086381008e-06, 3.0360124583239667e-06, 3.2850778097781586e-06, 3.1599379326507915e-06, 2.7014864372176817e-06, 2.584982439657324e-06, 2.0277345811337e-06, 1.5529537904512836e-06, 1.4892297031110502e-06, 1.1636622048172285e-06, 1.010457708616741e-06, 8.258139132522047e-07, 5.475829993883963e-07, 4.302403056044568e-07, 4.638055770556093e-07, 4.045141679398512e-07, 2.7214494480176654e-07, 2.4671871301507053e-07, 2.1327819865746278e-07, 1.5814265452718246e-07, 1.4916810187060037e-07, 1.06782650277637e-07, 7.635033938413471e-08, 5.2398448247004126e-08, 2.7525578261133887e-08, 4.5600216935781646e-09, 1.5072797177051456e-10, 8.96499454533517e-12, 7.450175025514039e-12, 6.848592439684387e-12, 6.667557565093185e-12, 6.547225435415971e-12, 6.42066131165131e-12, 6.281268474100932e-12, 6.195473387787809e-12, 6.1565227742199635e-12], "lowlevel.melbands128.stdev": [0.0003035602858290076, 0.0036527414340525866, 0.011791394092142582, 0.013916047289967537, 0.009706386364996433, 0.005722350906580687, 0.0033676247112452984, 0.004711122717708349, 0.006837605498731136, 0.002726874779909849, 0.0006685389671474695, 0.00035473430762067437, 0.00043036052375100553, 0.00020095601212233305, 0.0004394578281790018, 0.001316672540269792, 0.000980054959654808, 0.0018514418043196201, 0.0007599059026688337, 0.0008133993833325803, 0.0007341362652368844, 0.0006701178499497473, 0.0007286844775080681, 9.465116454521194e-05, 0.0001440694322809577, 0.00015121277829166502, 0.00021242545335553586, 0.00017843830573838204, 4.598169834935106e-05, 0.00011408614227548242, 7.275711686816067e-05, 0.00014755211304873228, 0.00017626062617637217, 0.00032974197529256344, 0.00018268238636665046, 0.00024737202329561114, 0.000250741170020774, 5.233826959738508e-05, 0.00012269617582205683, 0.0001143860281445086, 6.72709647915326e-05, 0.00019497872563079, 7.87269527791068e-05, 8.378201891900972e-05, 3.249107612646185e-05, 5.823452738695778e-05, 0.00012633985897991806, 5.123644587001763e-05, 3.918553557014093e-05, 6.181139906402677e-05, 5.205819979892112e-05, 5.355788380256854e-05, 0.00013359200966078788, 4.8331512516597286e-05, 5.0391983677400276e-05, 4.439643453224562e-05, 3.285094862803817e-05, 3.522785846143961e-05, 2.626679815875832e-05, 2.1846330128028058e-05, 1.3978382412460633e-05, 1.2663829693337902e-05, 1.576602335262578e-05, 1.4453516996582039e-05, 1.69384220498614e-05, 2.6395444365334697e-05, 5.9745470935013145e-05, 3.169240881106816e-05, 2.6972074920195155e-05, 1.678755688772071e-05, 1.2490926565078553e-05, 7.337417173403082e-06, 8.467442967230454e-06, 8.436662028543651e-06, 8.364735549548641e-06, 8.737266398384236e-06, 8.364626410184428e-06, 8.77683032740606e-06, 1.1977835129073355e-05, 1.1139433809148613e-05, 1.3749826393905096e-05, 1.4504174941976089e-05, 1.3276874597067945e-05, 1.058990164892748e-05, 9.242007763532456e-06, 7.637278031324968e-06, 5.147393494553398e-06, 4.65206130684237e-06, 4.2032629608002026e-06, 4.594025085680187e-06, 6.178313014970627e-06, 5.687605607818114e-06, 4.728089606942376e-06, 7.145681593101472e-06, 8.636898201075383e-06, 9.195286111207679e-06, 7.586328138131648e-06, 7.486429694836261e-06, 5.8040527619596105e-06, 3.63001822734077e-06, 4.490751962293871e-06, 3.568776037354837e-06, 2.829653112712549e-06, 2.9313316645129817e-06, 1.384317442898464e-06, 1.1370618722139625e-06, 8.889416562851693e-07, 8.352448617188202e-07, 5.834666012560774e-07, 5.79532411393302e-07, 4.6280163701339916e-07, 4.0225987163466925e-07, 3.377041934982117e-07, 2.53979550279837e-07, 1.6559843629693205e-07, 1.5035116973649565e-07, 7.672686308524135e-08, 1.8707659421579592e-08, 2.2660717746703085e-09, 4.420305441121819e-11, 1.8823286679348072e-11, 9.683845739183461e-12, 9.378757319378206e-12, 9.20955586097838e-12, 9.069136934491961e-12, 8.957935088149682e-12, 8.876780387134797e-12, 8.826847239240543e-12], "lowlevel.mfcc.mean": [-603.3530883789062, 114.83211517333984, -1.0235925912857056, 27.042394638061523, 19.63481330871582, 19.55242156982422, 9.5835599899292, 11.610798835754395, 2.699503183364868, 5.773526668548584, 1.24476158618927, 1.4107017517089844, 4.56397819519043], "lowlevel.spectral_contrast_coeffs.mean": [-0.6530991196632385, -0.7267584800720215, -0.7642327547073364, -0.7891291975975037, -0.7850586771965027, -0.7498857975006104], "lowlevel.spectral_contrast_coeffs.stdev": [0.060047466307878494, 0.0885491594672203, 0.05158768966794014, 0.04024598374962807, 0.04068385064601898, 0.04926672950387001], "lowlevel.spectral_contrast_valleys.mean": [-6.349611759185791, -6.924330234527588, -7.079967975616455, -7.019408702850342, -7.142651557922363, -9.898324966430664], "lowlevel.spectral_contrast_valleys.stdev": [0.5721310973167419, 0.5216386914253235, 0.45443564653396606, 0.44117289781570435, 0.5673581957817078, 1.029953956604004], "rhythm.beats_loudness_band_ratio.mean": [0.8159231543540955, 0.10187717527151108, 0.05031280219554901, 0.04115572199225426, 0.034760285168886185, 0.03405749425292015], "rhythm.beats_loudness_band_ratio.stdev": [0.10860343277454376, 0.09170453995466232, 0.04658383131027222, 0.030311521142721176, 0.028469257056713104, 0.041164886206388474], "tonal.hpcp.mean": [0.22146275639533997, 0.169577494263649, 0.0418890155851841, 0.02759782411158085, 0.03340763598680496, 0.1133560761809349, 0.18484169244766235, 0.1163833811879158, 0.13125772774219513, 0.23297859728336334, 0.14962781965732574, 0.03878689557313919, 0.03851277753710747, 0.05098840966820717, 0.10632163286209106, 0.2978261113166809, 0.2801656424999237, 0.08692387491464615, 0.04652424901723862, 0.04135844111442566, 0.08653506636619568, 0.17864841222763062, 0.14650842547416687, 0.050217222422361374, 0.02787170186638832, 0.02299848198890686, 0.04292694851756096, 0.08938068896532059, 0.09729690104722977, 0.14244791865348816, 0.2311519980430603, 0.1431858241558075, 0.028443792834877968, 0.024908609688282013, 0.02743399702012539, 0.09461501985788345], "tonal.hpcp.stdev": [0.3284444510936737, 0.2640029191970825, 0.10705386847257614, 0.10911321640014648, 0.13301537930965424, 0.2364056557416916, 0.3133174180984497, 0.21188341081142426, 0.2184509038925171, 0.39262163639068604, 0.26368004083633423, 0.13199830055236816, 0.0837855264544487, 0.12407039850950241, 0.1977400928735733, 0.36296817660331726, 0.34725531935691833, 0.1742556393146515, 0.15677258372306824, 0.12940667569637299, 0.19066689908504486, 0.3111853003501892, 0.2560386061668396, 0.13243086636066437, 0.1085267886519432, 0.09511514008045197, 0.1342257708311081, 0.19641685485839844, 0.2199023813009262, 0.24206554889678955, 0.3661179840564728, 0.24269571900367737, 0.09645797312259674, 0.09080595523118973, 0.08829006552696228, 0.18919415771961212], "rhythm.beats_position": [0.4760090708732605, 0.9752380847930908, 1.4628571271896362, 1.9620860815048218, 2.4380950927734375, 2.902494192123413, 3.3668932914733887, 3.8312923908233643, 4.29569149017334, 4.7600908279418945, 5.212879657745361, 5.665668964385986, 6.130067825317383, 6.5944671630859375, 7.058866024017334, 7.511655330657959, 7.964444160461426, 8.42884349822998, 8.893242835998535, 9.357641220092773, 9.810430526733398, 10.263219833374023, 10.727619171142578, 11.192017555236816, 11.656416893005371, 12.120816230773926, 12.57360553741455, 13.02639389038086, 13.490793228149414, 13.955192565917969, 14.407981872558594, 14.860771179199219, 15.325169563293457, 15.789568901062012, 16.25396728515625, 16.706756591796875, 17.1595458984375, 17.623945236206055, 18.08834457397461, 18.552743911743164, 19.00553321838379, 19.458322525024414, 19.922719955444336, 20.38711929321289, 20.851518630981445, 21.31591796875, 21.768707275390625, 22.22149658203125, 22.685895919799805], "rhythm.bpm_histogram": [0.0, 0.0, 0.0, 0.0, 0.0, 0.0, 0.0, 0.0, 0.0, 0.0, 0.0, 0.0, 0.0, 0.0, 0.0, 0.0, 0.0, 0.0, 0.0, 0.0, 0.0, 0.0, 0.0, 0.0, 0.0, 0.0, 0.0, 0.0, 0.0, 0.0, 0.0, 0.0, 0.0, 0.0, 0.0, 0.0, 0.0, 0.0, 0.0, 0.0, 0.0, 0.0, 0.0, 0.0, 0.0, 0.0, 0.0, 0.0, 0.0, 0.0, 0.0, 0.0, 0.0, 0.0, 0.0, 0.0, 0.0, 0.0, 0.0, 0.0, 0.0, 0.0, 0.0, 0.0, 0.0, 0.0, 0.0, 0.0, 0.0, 0.0, 0.0, 0.0, 0.0, 0.0, 0.0, 0.0, 0.0, 0.0, 0.0, 0.0, 0.0, 0.0, 0.0, 0.0, 0.0, 0.0, 0.0, 0.0, 0.0, 0.0, 0.0, 0.0, 0.0, 0.0, 0.0, 0.0, 0.0, 0.0, 0.0, 0.0, 0.0, 0.0, 0.0, 0.0, 0.0, 0.0, 0.0, 0.0, 0.0, 0.0, 0.0, 0.0, 0.0, 0.0, 0.0, 0.0, 0.0, 0.0, 0.0, 0.0, 0.0416666679084301, 0.0, 0.0, 0.02083333395421505, 0.0, 0.0, 0.02083333395421505, 0.0, 0.0, 0.5833333134651184, 0.0, 0.0, 0.0, 0.3333333432674408, 0.0, 0.0, 0.0, 0.0, 0.0, 0.0, 0.0, 0.0, 0.0, 0.0, 0.0, 0.0, 0.0, 0.0, 0.0, 0.0, 0.0, 0.0, 0.0, 0.0, 0.0, 0.0, 0.0, 0.0, 0.0, 0.0, 0.0, 0.0, 0.0, 0.0, 0.0, 0.0, 0.0, 0.0, 0.0, 0.0, 0.0, 0.0, 0.0, 0.0, 0.0, 0.0, 0.0, 0.0, 0.0, 0.0, 0.0, 0.0, 0.0, 0.0, 0.0, 0.0, 0.0, 0.0, 0.0, 0.0, 0.0, 0.0, 0.0, 0.0, 0.0, 0.0, 0.0, 0.0, 0.0, 0.0, 0.0, 0.0, 0.0, 0.0, 0.0, 0.0, 0.0, 0.0, 0.0, 0.0, 0.0, 0.0, 0.0, 0.0, 0.0, 0.0, 0.0, 0.0, 0.0, 0.0, 0.0, 0.0, 0.0, 0.0, 0.0, 0.0, 0.0, 0.0, 0.0, 0.0, 0.0, 0.0, 0.0, 0.0, 0.0, 0.0, 0.0, 0.0, 0.0, 0.0, 0.0, 0.0, 0.0, 0.0, 0.0, 0.0, 0.0, 0.0, 0.0, 0.0], "tonal.chords_histogram": [27.032520294189453, 0.0, 18.495935440063477, 0.0, 2.8455283641815186, 0.0, 0.0, 0.0, 0.0, 0.0, 0.0, 0.0, 0.0, 0.0, 0.0, 0.0, 0.0, 0.8130081295967102, 0.0, 7.113821029663086, 0.6097561120986938, 11.178861618041992, 12.195121765136719, 19.71544647216797], "tonal.thpcp": [1.0, 0.9407020807266235, 0.2918611764907837, 0.15621279180049896, 0.13886775076389313, 0.2905556857585907, 0.5998413562774658, 0.49192607402801514, 0.1686125546693802, 0.09358380734920502, 0.07722117751836777, 0.1441342681646347, 0.3001103103160858, 0.32669028639793396, 0.4782922565937042, 0.776130735874176, 0.4807698726654053, 0.09550470113754272, 0.08363474160432816, 0.09211414307355881, 0.31768545508384705, 0.7435975074768066, 0.5693842172622681, 0.1406492441892624, 0.0926642194390297, 0.11217161267995834, 0.3806115984916687, 0.6206362843513489, 0.39077627658843994, 0.440719336271286, 0.7822638154029846, 0.5023999214172363, 0.13023336231708527, 0.12931296229362488, 0.1712019443511963, 0.35699230432510376], "lowlevel.gfcc.cov": [[2546.150146484375, -752.2982788085938, 426.5058288574219, 162.175048828125, -306.75244140625, 108.76263427734375, -174.2879638671875, 152.18991088867188, -106.47447967529297, 112.54844665527344, -114.61331176757812, 95.73255157470703, -249.4792022705078], [-752.2982788085938, 1234.185546875, -415.78564453125, -97.50701141357422, 253.04141235351562, -205.3549346923828, 160.8373260498047, -167.08055114746094, 161.53585815429688, -130.9857635498047, 198.35391235351562, -128.1065216064453, 209.39222717285156], [426.5058288574219, -415.78564453125, 543.4680786132812, 8.299967765808105, -93.35150146484375, 125.46034240722656, -84.7834243774414, 85.02014923095703, -56.64868927001953, 81.67417907714844, -43.44887924194336, 113.39986419677734, -88.0698471069336], [162.175048828125, -97.50701141357422, 8.299967765808105, 249.8998565673828, 23.58648109436035, 45.64316177368164, 41.041709899902344, -21.292646408081055, 9.458906173706055, -19.504730224609375, -15.574195861816406, -5.28175163269043, 32.8336296081543], [-306.75244140625, 253.04141235351562, -93.35150146484375, 23.58648109436035, 327.28924560546875, -9.036995887756348, 131.56509399414062, -49.392147064208984, 51.84257125854492, -5.531897068023682, -10.687767028808594, -7.884897232055664, 63.09782028198242], [108.76263427734375, -205.3549346923828, 125.46034240722656, 45.64316177368164, -9.036995887756348, 174.2191619873047, 20.38906478881836, 39.668174743652344, -18.372407913208008, 5.448100566864014, -48.9573860168457, 2.0164685249328613, -10.16952896118164], [-174.2879638671875, 160.8373260498047, -84.7834243774414, 41.041709899902344, 131.56509399414062, 20.38906478881836, 173.4954376220703, -23.950279235839844, 29.40713882446289, -10.48614501953125, -15.163985252380371, -21.493806838989258, 29.59635353088379], [152.18991088867188, -167.08055114746094, 85.02014923095703, -21.292646408081055, -49.392147064208984, 39.668174743652344, -23.950279235839844, 119.51063537597656, 10.19915771484375, 28.36406898498535, -5.156877040863037, 12.34473705291748, -46.47749328613281], [-106.47447967529297, 161.53585815429688, -56.64868927001953, 9.458906173706055, 51.84257125854492, -18.372407913208008, 29.40713882446289, 10.19915771484375, 97.25067901611328, 14.999613761901855, 54.92322540283203, -15.019423484802246, 29.217002868652344], [112.54844665527344, -130.9857635498047, 81.67417907714844, -19.504730224609375, -5.531897068023682, 5.448100566864014, -10.48614501953125, 28.36406898498535, 14.999613761901855, 105.18571472167969, 8.76798152923584, 46.54423904418945, -37.38689041137695], [-114.61331176757812, 198.35391235351562, -43.44887924194336, -15.574195861816406, -10.687767028808594, -48.9573860168457, -15.163985252380371, -5.156877040863037, 54.92322540283203, 8.76798152923584, 128.6221923828125, 4.417868614196777, 34.484527587890625], [95.73255157470703, -128.1065216064453, 113.39986419677734, -5.28175163269043, -7.884897232055664, 2.0164685249328613, -21.493806838989258, 12.34473705291748, -15.019423484802246, 46.54423904418945, 4.417868614196777, 98.95378112792969, -6.228489398956299], [-249.4792022705078, 209.39222717285156, -88.0698471069336, 32.8336296081543, 63.09782028198242, -10.16952896118164, 29.59635353088379, -46.47749328613281, 29.217002868652344, -37.38689041137695, 34.484527587890625, -6.228489398956299, 106.66932678222656]], "lowlevel.gfcc.icov": [[0.0007461754139512777, -0.0007255268283188343, 8.710779366083443e-05, -0.0012173258000984788, 0.00042157628922723234, -0.0005485301953740418, 0.0008819191134534776, -0.000639499572571367, 0.00045900113764218986, -0.0006059470470063388, 0.0008881505928002298, -0.001062400988303125, 0.002103727776557207], [-0.0007255268283188343, 0.006381818559020758, -0.0013441928895190358, 0.004681997932493687, -0.001618772279471159, 0.004494918044656515, -0.004704643972218037, 0.004086636006832123, -0.00413069874048233, 0.004580570850521326, -0.005994400475174189, 0.006030025891959667, -0.007276467047631741], [8.710779366083443e-05, -0.0013441928895190358, 0.0042394972406327724, -0.0012536029098555446, 0.0001413799327565357, -0.003590367967262864, 0.0023760367184877396, -0.0013498837361112237, 0.0013592273462563753, -0.0012828364269807935, 0.00101120222825557, -0.004988767672330141, 0.003615058260038495], [-0.0012173258000984788, 0.004681997932493687, -0.0012536029098555446, 0.008828871883451939, -0.0009393683285452425, 0.002265157410874963, -0.004711983259767294, 0.0041936044581234455, -0.004211206454783678, 0.0040891715325415134, -0.003810605965554714, 0.004596011247485876, -0.007797303609549999], [0.00042157628922723234, -0.001618772279471159, 0.0001413799327565357, -0.0009393683285452425, 0.005849224980920553, -0.0005726039526052773, -0.001972137950360775, 0.0001350712846033275, -0.0015335078351199627, -0.0016498573822900653, 0.003641608403995633, -0.0022904002107679844, 0.000191742175957188], [-0.0005485301953740418, 0.004494918044656515, -0.003590367967262864, 0.002265157410874963, -0.0005726039526052773, 0.012726758606731892, -0.0054207914508879185, -0.0001445640518795699, -0.0018069111974909902, 0.002334009390324354, -0.0015572098782286048, 0.007281187456101179, -0.008533363230526447], [0.0008819191134534776, -0.004704643972218037, 0.0023760367184877396, -0.004711983259767294, -0.001972137950360775, -0.0054207914508879185, 0.013308553025126457, -0.0024790624156594276, 0.0015801198314875364, -0.0034898738376796246, 0.0053855557925999165, -0.004688727203756571, 0.006916201673448086], [-0.000639499572571367, 0.004086636006832123, -0.0013498837361112237, 0.0041936044581234455, 0.0001350712846033275, -0.0001445640518795699, -0.0024790624156594276, 0.015716800466179848, -0.007897280156612396, 0.00350653356872499, -0.0035331607796251774, 0.0025169318541884422, 0.00020041517564095557], [0.00045900113764218986, -0.00413069874048233, 0.0013592273462563753, -0.004211206454783678, -0.0015335078351199627, -0.0018069111974909902, 0.0015801198314875364, -0.007897280156612396, 0.023231850937008858, -0.008722925558686256, -0.003676986088976264, 0.0014817570336163044, 0.00031065786606632173], [-0.0006059470470063388, 0.004580570850521326, -0.0012828364269807935, 0.0040891715325415134, -0.0016498573822900653, 0.002334009390324354, -0.0034898738376796246, 0.00350653356872499, -0.008722925558686256, 0.019988473504781723, -0.005057171918451786, -0.0035572333727031946, 0.0017901539104059339], [0.0008881505928002298, -0.005994400475174189, 0.00101120222825557, -0.003810605965554714, 0.003641608403995633, -0.0015572098782286048, 0.0053855557925999165, -0.0035331607796251774, -0.003676986088976264, -0.005057171918451786, 0.019203277304768562, -0.006888484116643667, 0.003140052780508995], [-0.001062400988303125, 0.006030025891959667, -0.004988767672330141, 0.004596011247485876, -0.0022904002107679844, 0.007281187456101179, -0.004688727203756571, 0.0025169318541884422, 0.0014817570336163044, -0.0035572333727031946, -0.006888484116643667, 0.024601472541689873, -0.013397910632193089], [0.002103727776557207, -0.007276467047631741, 0.003615058260038495, -0.007797303609549999, 0.000191742175957188, -0.008533363230526447, 0.006916201673448086, 0.00020041517564095557, 0.00031065786606632173, 0.0017901539104059339, 0.003140052780508995, -0.013397910632193089, 0.029949799180030823]], "lowlevel.mfcc.cov": [[2039.424560546875, -765.4741821289062, 398.8977966308594, 12.138694763183594, -56.75429153442383, -78.06543731689453, -68.84428405761719, 27.129411697387695, -70.376708984375, 41.1589469909668, 57.94985580444336, 5.33986759185791, 21.434288024902344], [-765.4741821289062, 1070.4805908203125, -428.3997497558594, 50.92757034301758, 12.950867652893066, -8.29520320892334, 2.1685385704040527, -43.22599411010742, -3.0614633560180664, 0.19281154870986938, -19.12874984741211, -0.13658903539180756, 32.436065673828125], [398.8977966308594, -428.3997497558594, 590.8046264648438, -109.7829360961914, 18.410297393798828, -46.01738357543945, -25.263608932495117, 31.4708309173584, -63.36717987060547, -2.595590591430664, 7.536954402923584, -2.47751522064209, 37.72676086425781], [12.138694763183594, 50.92757034301758, -109.7829360961914, 214.54141235351562, 7.1379218101501465, 76.25777435302734, 17.321884155273438, 6.5344929695129395, 30.82579803466797, -15.478121757507324, 3.109402894973755, -4.893002986907959, -15.336645126342773], [-56.75429153442383, 12.950867652893066, 18.410297393798828, 7.1379218101501465, 132.8714141845703, 17.109844207763672, 3.149749517440796, 13.069681167602539, 12.029613494873047, 18.382822036743164, -7.349367141723633, 1.3968465328216553, 0.5109832286834717], [-78.06543731689453, -8.29520320892334, -46.01738357543945, 76.25777435302734, 17.109844207763672, 179.535400390625, 62.47587585449219, 11.197340965270996, 73.08039093017578, -20.34078598022461, 6.686758995056152, -0.0026446953415870667, -39.635902404785156], [-68.84428405761719, 2.1685385704040527, -25.263608932495117, 17.321884155273438, 3.149749517440796, 62.47587585449219, 87.8069839477539, 31.056560516357422, 41.29086685180664, 2.4719765186309814, 8.511061668395996, 3.1042656898498535, -28.51136589050293], [27.129411697387695, -43.22599411010742, 31.4708309173584, 6.5344929695129395, 13.069681167602539, 11.197340965270996, 31.056560516357422, 80.56932067871094, 27.499176025390625, 11.010215759277344, 0.8113459944725037, -5.938939094543457, -8.43213176727295], [-70.376708984375, -3.0614633560180664, -63.36717987060547, 30.82579803466797, 12.029613494873047, 73.08039093017578, 41.29086685180664, 27.499176025390625, 107.45246124267578, 8.040966987609863, 12.30708122253418, 1.3500484228134155, -31.902952194213867], [41.1589469909668, 0.19281154870986938, -2.595590591430664, -15.478121757507324, 18.382822036743164, -20.34078598022461, 2.4719765186309814, 11.010215759277344, 8.040966987609863, 77.1145248413086, 27.735889434814453, 8.453941345214844, -0.7406399250030518], [57.94985580444336, -19.12874984741211, 7.536954402923584, 3.109402894973755, -7.349367141723633, 6.686758995056152, 8.511061668395996, 0.8113459944725037, 12.30708122253418, 27.735889434814453, 71.71410369873047, 28.689653396606445, 4.351957321166992], [5.33986759185791, -0.13658903539180756, -2.47751522064209, -4.893002986907959, 1.3968465328216553, -0.0026446953415870667, 3.1042656898498535, -5.938939094543457, 1.3500484228134155, 8.453941345214844, 28.689653396606445, 61.744510650634766, 26.224464416503906], [21.434288024902344, 32.436065673828125, 37.72676086425781, -15.336645126342773, 0.5109832286834717, -39.635902404785156, -28.51136589050293, -8.43213176727295, -31.902952194213867, -0.7406399250030518, 4.351957321166992, 26.224464416503906, 96.13837432861328]], "lowlevel.mfcc.icov": [[0.0007749276119284332, 0.0004901087959297001, -0.0001668040786171332, -0.00040729058673605323, 0.0003247680142521858, 0.00011600910511333495, 0.0004639890685211867, -0.00020433825557120144, 0.0003575670998543501, -0.00043140025809407234, -0.0004315188270993531, 0.0001269470521947369, -7.162404654081911e-05], [0.0004901087959297001, 0.0017570173367857933, 0.0010707994224503636, -0.00010874609142774716, -0.00018014622037298977, 0.00013430255057755858, -0.0001306811609538272, 0.00016085196693893522, 0.0007072447915561497, -0.00025007096701301634, -0.00025241042021661997, 0.00059366540517658, -0.0010256868554279208], [-0.0001668040786171332, 0.0010707994224503636, 0.003197969403117895, 0.0013943801168352365, -0.0008037753868848085, -0.0006252555758692324, 0.00019422522746026516, -0.0013742487644776702, 0.0018614891450852156, 0.0007049592677503824, -0.0009044072357937694, 0.0009538673330098391, -0.001269137137569487], [-0.00040729058673605323, -0.00010874609142774716, 0.0013943801168352365, 0.006448264699429274, -0.0005066799931228161, -0.002924402477219701, 0.0009572958224453032, -0.001198430429212749, 0.0005649722297675908, 0.0012116105062887073, -0.0008900909451767802, 0.0008605481707490981, -0.0004128370783291757], [0.0003247680142521858, -0.00018014622037298977, -0.0008037753868848085, -0.0005066799931228161, 0.00872928649187088, -0.0013807853683829308, 0.0012263027019798756, -0.0010655740043148398, -0.00040630472358316183, -0.00337394536472857, 0.00251459120772779, -0.0011213930556550622, -9.12457107915543e-05], [0.00011600910511333495, 0.00013430255057755858, -0.0006252555758692324, -0.002924402477219701, -0.0013807853683829308, 0.011594300158321857, -0.005728809628635645, 0.002873700577765703, -0.005471257492899895, 0.003388315672054887, -0.0008087103487923741, -0.0002138470154022798, 0.0013536179903894663], [0.0004639890685211867, -0.0001306811609538272, 0.00019422522746026516, 0.0009572958224453032, 0.0012263027019798756, -0.005728809628635645, 0.019710203632712364, -0.006844193208962679, -0.0007332504028454423, -0.0008262626943178475, -0.0008069900213740766, -0.002565679606050253, 0.0033805335406214], [-0.00020433825557120144, 0.00016085196693893522, -0.0013742487644776702, -0.001198430429212749, -0.0010655740043148398, 0.002873700577765703, -0.006844193208962679, 0.01745506189763546, -0.004667811095714569, -0.0016666995361447334, 0.0013036236632615328, 0.0021379017271101475, -0.001172988791950047], [0.0003575670998543501, 0.0007072447915561497, 0.0018614891450852156, 0.0005649722297675908, -0.00040630472358316183, -0.005471257492899895, -0.0007332504028454423, -0.004667811095714569, 0.016634978353977203, -0.0016706768656149507, -0.0018907847115769982, -0.00035557308001443744, 0.0018508434295654297], [-0.00043140025809407234, -0.00025007096701301634, 0.0007049592677503824, 0.0012116105062887073, -0.00337394536472857, 0.003388315672054887, -0.0008262626943178475, -0.0016666995361447334, -0.0016706768656149507, 0.018228448927402496, -0.007524714805185795, 0.0008041177061386406, 0.0008281441405415535], [-0.0004315188270993531, -0.00025241042021661997, -0.0009044072357937694, -0.0008900909451767802, 0.00251459120772779, -0.0008087103487923741, -0.0008069900213740766, 0.0013036236632615328, -0.0018907847115769982, -0.007524714805185795, 0.021680491045117378, -0.009299861267209053, 0.00079247762914747], [0.0001269470521947369, 0.00059366540517658, 0.0009538673330098391, 0.0008605481707490981, -0.0011213930556550622, -0.0002138470154022798, -0.002565679606050253, 0.0021379017271101475, -0.00035557308001443744, 0.0008041177061386406, -0.009299861267209053, 0.02399645559489727, -0.0073577528819441795], [-7.162404654081911e-05, -0.0010256868554279208, -0.001269137137569487, -0.0004128370783291757, -9.12457107915543e-05, 0.0013536179903894663, 0.0033805335406214, -0.001172988791950047, 0.0018508434295654297, 0.0008281441405415535, 0.00079247762914747, -0.0073577528819441795, 0.015245834365487099]], "metadata.audio_properties.analysis.downmix": "mix", "metadata.audio_properties.codec": "mp3", "metadata.audio_properties.md5_encoded": "64883ba43f4d7f22b7d2efa885fde1e5", "metadata.tags.file_name": "1183707954713739294.mp3", "metadata.version.essentia": "2.1-beta6-dev", "metadata.version.essentia_git_sha": "v2.1_beta5-1110-g77a6a954", "metadata.version.extractor": "music 2