{"song_id": "1183718622108074004", "download": "https://cdn.discordapp.com/attachments/1135911532732108921/1183718622108074004/chirp.mp4?ex=65895adf&amp", "lyrics": "(Chorus) \n\u0e21\u0e31\u0e19\u0e1c\u0e34\u0e14\u0e40\u0e2d\u0e07\u0e17\u0e35\u0e48\u0e09\u0e31\u0e19\u0e23\u0e31\u0e01\u0e40\u0e18\u0e2d\u0e21\u0e32\u0e01\u0e44\u0e1b \u0e44\u0e21\u0e48\u0e40\u0e04\u0e22\u0e41\u0e01\u0e49\u0e15\u0e31\u0e27\u0e2d\u0e30\u0e44\u0e23\u0e40\u0e25\u0e22\u0e2a\u0e31\u0e01\u0e17\u0e35 \u0e16\u0e36\u0e07\u0e15\u0e49\u0e2d\u0e07\u0e40\u0e08\u0e47\u0e1a\u0e41\u0e1a\u0e1a\u0e19\u0e35\u0e49 \u0e16\u0e39\u0e01\u0e43\u0e04\u0e23\u0e21\u0e2d\u0e07\u0e44\u0e21\u0e48\u0e21\u0e35\u0e44\u0e21\u0e48\u0e27\u0e48\u0e32\u0e40\u0e23\u0e37\u0e48\u0e2d\u0e07\u0e2d\u0e30\u0e44\u0e23 \u0e40\u0e23\u0e37\u0e48\u0e2d\u0e07\u0e23\u0e32\u0e27\u0e17\u0e35\u0e48\u0e08\u0e1a\u0e41\u0e25\u0e49\u0e27 \u0e01\u0e47\u0e43\u0e2b\u0e49\u0e21\u0e31\u0e19\u0e41\u0e25\u0e49\u0e27\u0e44\u0e1b \u0e40\u0e18\u0e2d\u0e08\u0e30\u0e21\u0e35\u0e43\u0e04\u0e23\u0e01\u0e47\u0e0a\u0e48\u0e32\u0e07\u0e40\u0e18\u0e2d \u0e2d\u0e22\u0e48\u0e32\u0e1e\u0e39\u0e14\u0e2d\u0e30\u0e44\u0e23 \u0e17\u0e35\u0e48\u0e44\u0e21\u0e48\u0e43\u0e0a\u0e48\u0e04\u0e27\u0e32\u0e21\u0e08\u0e23\u0e34\u0e07\u0e2d\u0e35\u0e01\u0e40\u0e25\u0e22", "style": ["pop"], "essentia_features": {"lowlevel.average_loudness": 0.9514711499214172, "lowlevel.barkbands_crest.mean": 14.831060409545898, "lowlevel.barkbands_crest.stdev": 4.957327842712402, "lowlevel.barkbands_flatness_db.mean": 0.20893536508083344, "lowlevel.barkbands_flatness_db.stdev": 0.06922131031751633, "lowlevel.barkbands_kurtosis.mean": 17.699403762817383, "lowlevel.barkbands_kurtosis.stdev": 35.12794494628906, "lowlevel.barkbands_skewness.mean": 2.917536973953247, "lowlevel.barkbands_skewness.stdev": 2.7633309364318848, "lowlevel.barkbands_spread.mean": 18.821685791015625, "lowlevel.barkbands_spread.stdev": 14.919404983520508, "lowlevel.dissonance.mean": 0.4836685061454773, "lowlevel.dissonance.stdev": 0.015511511825025082, "lowlevel.dynamic_complexity": 5.5380353927612305, "lowlevel.erbbands_crest.mean": 10.47631549835205, "lowlevel.erbbands_crest.stdev": 4.404316425323486, "lowlevel.erbbands_flatness_db.mean": 0.17715123295783997, "lowlevel.erbbands_flatness_db.stdev": 0.050965316593647, "lowlevel.erbbands_kurtosis.mean": 0.6849192380905151, "lowlevel.erbbands_kurtosis.stdev": 2.6796412467956543, "lowlevel.erbbands_skewness.mean": -0.5568661093711853, "lowlevel.erbbands_skewness.stdev": 0.8564222455024719, "lowlevel.erbbands_spread.mean": 49.807899475097656, "lowlevel.erbbands_spread.stdev": 24.998947143554688, "lowlevel.hfc.mean": 15.304361343383789, "lowlevel.hfc.stdev": 15.736032485961914, "lowlevel.loudness_ebu128.integrated": -15.344343185424805, "lowlevel.loudness_ebu128.loudness_range": 4.593203544616699, "lowlevel.loudness_ebu128.momentary.mean": -18.469236373901367, "lowlevel.loudness_ebu128.momentary.stdev": 9.067967414855957, "lowlevel.loudness_ebu128.short_term.mean": -16.570518493652344, "lowlevel.loudness_ebu128.short_term.stdev": 3.6692137718200684, "lowlevel.melbands_crest.mean": 20.500526428222656, "lowlevel.melbands_crest.stdev": 7.209108829498291, "lowlevel.melbands_flatness_db.mean": 0.2621172368526459, "lowlevel.melbands_flatness_db.stdev": 0.09820855408906937, "lowlevel.melbands_kurtosis.mean": 56.15654373168945, "lowlevel.melbands_kurtosis.stdev": 73.57804870605469, "lowlevel.melbands_skewness.mean": 5.425959587097168, "lowlevel.melbands_skewness.stdev": 3.777569055557251, "lowlevel.melbands_spread.mean": 20.219181060791016, "lowlevel.melbands_spread.stdev": 24.87101936340332, "lowlevel.pitch_salience.mean": 0.3986967206001282, "lowlevel.pitch_salience.stdev": 0.1634027361869812, "lowlevel.silence_rate_20dB.mean": 0.9984555840492249, "lowlevel.silence_rate_20dB.stdev": 0.039268508553504944, "lowlevel.silence_rate_30dB.mean": 0.8718146681785583, "lowlevel.silence_rate_30dB.stdev": 0.3342971205711365, "lowlevel.silence_rate_60dB.mean": 0.15984556078910828, "lowlevel.silence_rate_60dB.stdev": 0.36645790934562683, "lowlevel.spectral_centroid.mean": 1554.887939453125, "lowlevel.spectral_centroid.stdev": 863.6331176757812, "lowlevel.spectral_complexity.mean": 11.803089141845703, "lowlevel.spectral_complexity.stdev": 8.821917533874512, "lowlevel.spectral_decrease.mean": -1.2806227189798847e-08, "lowlevel.spectral_decrease.stdev": 1.9395894668150504e-08, "lowlevel.spectral_energy.mean": 0.04972175881266594, "lowlevel.spectral_energy.stdev": 0.07412976771593094, "lowlevel.spectral_energyband_high.mean": 0.0006800476112402976, "lowlevel.spectral_energyband_high.stdev": 0.0011176910484209657, "lowlevel.spectral_energyband_low.mean": 0.04230326786637306, "lowlevel.spectral_energyband_low.stdev": 0.0696089044213295, "lowlevel.spectral_energyband_middle_high.mean": 0.0027944869361817837, "lowlevel.spectral_energyband_middle_high.stdev": 0.0031783534213900566, "lowlevel.spectral_energyband_middle_low.mean": 0.007362622767686844, "lowlevel.spectral_energyband_middle_low.stdev": 0.019946686923503876, "lowlevel.spectral_entropy.mean": 7.535009384155273, "lowlevel.spectral_entropy.stdev": 0.39085134863853455, "lowlevel.spectral_flux.mean": 0.09363852441310883, "lowlevel.spectral_flux.stdev": 0.12030420452356339, "lowlevel.spectral_kurtosis.mean": 4.064767837524414, "lowlevel.spectral_kurtosis.stdev": 3.3503875732421875, "lowlevel.spectral_rms.mean": 0.005678113549947739, "lowlevel.spectral_rms.stdev": 0.004033369943499565, "lowlevel.spectral_rolloff.mean": 1246.649169921875, "lowlevel.spectral_rolloff.stdev": 1643.2921142578125, "lowlevel.spectral_skewness.mean": 1.3407363891601562, "lowlevel.spectral_skewness.stdev": 0.4796391725540161, "lowlevel.spectral_spread.mean": 4168079.75, "lowlevel.spectral_spread.stdev": 1082559.0, "lowlevel.spectral_strongpeak.mean": 0.6705243587493896, "lowlevel.spectral_strongpeak.stdev": 0.7226323485374451, "lowlevel.zerocrossingrate.mean": 0.051638662815093994, "lowlevel.zerocrossingrate.stdev": 0.044628072530031204, "metadata.audio_properties.analysis.equal_loudness": 0.0, "metadata.audio_properties.analysis.length": 30.03628158569336, "metadata.audio_properties.analysis.sample_rate": 44100.0, "metadata.audio_properties.analysis.start_time": 0.0, "metadata.audio_properties.bit_rate": 119406.0, "metadata.audio_properties.length": 30.03733253479004, "metadata.audio_properties.lossless": 0.0, "metadata.audio_properties.number_channels": 1.0, "metadata.audio_properties.replay_gain": -10.170570373535156, "metadata.audio_properties.sample_rate": 48000.0, "rhythm.beats_count": 61.0, "rhythm.beats_loudness.mean": 0.12260375171899796, "rhythm.beats_loudness.stdev": 0.07831732928752899, "rhythm.bpm": 124.71695709228516, "rhythm.bpm_histogram_first_peak_bpm": 126.0, "rhythm.bpm_histogram_first_peak_weight": 0.48148149251937866, "rhythm.bpm_histogram_second_peak_bpm": 120.0, "rhythm.bpm_histogram_second_peak_spread": 0.0, "rhythm.bpm_histogram_second_peak_weight": 0.10000000149011612, "rhythm.danceability": 1.2380751371383667, "rhythm.onset_rate": 2.9609193801879883, "tonal.chords_changes_rate": 0.07098765671253204, "tonal.chords_number_rate": 0.01697530783712864, "tonal.chords_strength.mean": 0.4489946663379669, "tonal.chords_strength.stdev": 0.09247584640979767, "tonal.hpcp_crest.mean": 12.626738548278809, "tonal.hpcp_crest.stdev": 6.044025897979736, "tonal.hpcp_entropy.mean": 2.237525463104248, "tonal.hpcp_entropy.stdev": 0.723534345626831, "tonal.key_edma.strength": 0.6552602648735046, "tonal.key_krumhansl.strength": 0.6360446214675903, "tonal.key_temperley.strength": 0.6520540118217468, "tonal.tuning_diatonic_strength": 0.563579261302948, "tonal.tuning_equal_tempered_deviation": 0.12134651839733124, "tonal.tuning_frequency": 442.80462646484375, "tonal.tuning_nontempered_energy_ratio": 0.7981478571891785, "lowlevel.barkbands.mean": [0.0008995063253678381, 0.02457289770245552, 0.013435895554721355, 0.005340919364243746, 0.001042707241140306, 0.0004668983747251332, 0.00016272721404675394, 0.00013949983986094594, 0.00017143621516879648, 0.0001630810584174469, 7.576937059639022e-05, 0.00010184583516092971, 0.00018208812980446965, 0.00033495802199468017, 0.00016745108587201685, 0.00016252021305263042, 0.0009522704058326781, 0.0003252206661272794, 0.00019862935005221516, 0.00020843477977905422, 0.00013549817958846688, 0.0002834789047483355, 9.104473429033533e-05, 7.429481775034219e-05, 2.7453223083284684e-05, 5.263977527647512e-06, 2.0692084490292473e-08], "lowlevel.barkbands.stdev": [0.002303053392097354, 0.053360484540462494, 0.023542141541838646, 0.015944307669997215, 0.0026974459178745747, 0.0024960122536867857, 0.00044663232984021306, 0.0004643114225473255, 0.000405682745622471, 0.00037598423659801483, 0.00011441335664130747, 0.00016606190183665603, 0.00036193348933011293, 0.000817956926766783, 0.0003487227950245142, 0.00031500752083957195, 0.0017462433315813541, 0.0006515286513604224, 0.0003991306002717465, 0.00039782101521268487, 0.0003964433562941849, 0.00044027084368281066, 0.00014795501192566007, 0.00014823257515672594, 6.548753299284726e-05, 1.0914041013165843e-05, 8.698563647158153e-08], "lowlevel.erbbands.mean": [0.569298505783081, 5.985535144805908, 16.22939109802246, 17.45522689819336, 8.698651313781738, 2.943019390106201, 3.107421875, 3.8451647758483887, 2.712536573410034, 2.597011089324951, 3.306973934173584, 3.829064130783081, 4.774367332458496, 4.209029674530029, 3.579097032546997, 4.213107109069824, 7.5220794677734375, 15.098112106323242, 14.141690254211426, 6.920627593994141, 13.684436798095703, 58.28849411010742, 24.856842041015625, 9.691238403320312, 11.972485542297363, 9.538926124572754, 5.06997537612915, 6.811013698577881, 11.349982261657715, 5.019967079162598, 2.342817544937134, 1.8844563961029053, 1.0146137475967407, 0.4064774513244629, 0.14556077122688293, 0.044276975095272064, 0.004779262002557516, 0.0002376160118728876, 3.343310163472779e-05, 5.699379471479915e-05], "lowlevel.erbbands.stdev": [1.5871549844741821, 12.260719299316406, 25.800819396972656, 47.418941497802734, 18.218894958496094, 9.632909774780273, 18.095748901367188, 19.553359985351562, 10.230887413024902, 5.7855963706970215, 9.289057731628418, 10.02233600616455, 9.995969772338867, 7.872159004211426, 4.822869777679443, 6.429542064666748, 14.396927833557129, 41.75253677368164, 28.21137046813965, 12.877537727355957, 23.48602294921875, 115.00328826904297, 44.05183029174805, 16.8321475982666, 22.78411102294922, 17.71689796447754, 16.570192337036133, 16.356300354003906, 17.7498722076416, 7.75435733795166, 3.8161604404449463, 3.146294116973877, 2.454221725463867, 0.9896461963653564, 0.32842838764190674, 0.09216617792844772, 0.010079031810164452, 0.0006518381414934993, 4.055728641105816e-05, 8.104682638077065e-05], "lowlevel.gfcc.mean": [-72.73825073242188, 78.43685913085938, -129.0223388671875, 65.17292785644531, -38.38723373413086, 32.8480224609375, -32.176483154296875, 14.988263130187988, -13.404050827026367, -11.757772445678711, -16.978439331054688, -7.826401710510254, -13.131052017211914], "lowlevel.melbands.mean": [0.006064776796847582, 0.008240539580583572, 0.002763032913208008, 0.0003433947276789695, 0.00010619407112244517, 8.59309293446131e-05, 4.021909990115091e-05, 2.9865097531001084e-05, 2.716448943829164e-05, 2.3537990273325704e-05, 2.4308310457854532e-05, 1.81356372195296e-05, 1.1037517651857343e-05, 1.2395171324897092e-05, 1.1412258572818246e-05, 2.0856914488831535e-05, 2.8924905564053915e-05, 2.5532937797834165e-05, 1.0642968845786527e-05, 8.699767931830138e-06, 1.4835619367659092e-05, 6.31821239949204e-05, 3.9596208807779476e-05, 1.188668466056697e-05, 7.038185231067473e-06, 7.756353625154588e-06, 9.99256553768646e-06, 5.232012426859001e-06, 2.9165917112550233e-06, 3.0345179311552783e-06, 4.346194145909976e-06, 7.2571983764646575e-06, 4.346608875493985e-06, 2.140810011042049e-06, 1.3106810001772828e-06, 1.2142926379965502e-06, 1.1588382449190249e-06, 8.067698900049436e-07, 4.2231573615936213e-07, 3.137815269838029e-07], "lowlevel.melbands.stdev": [0.014522182755172253, 0.013018456287682056, 0.006824105512350798, 0.0007114728214219213, 0.0005965801537968218, 0.00044030736899003386, 0.00014218770957086235, 7.38067101337947e-05, 7.013010326772928e-05, 5.945258817519061e-05, 5.275873627397232e-05, 3.679590008687228e-05, 1.5034765056043398e-05, 1.8645316231413744e-05, 2.7398091333452612e-05, 4.148934385739267e-05, 8.57000777614303e-05, 5.3681080316891894e-05, 2.030750511039514e-05, 1.8254659153171815e-05, 2.65011221927125e-05, 0.00013566948473453522, 6.59317011013627e-05, 2.4656739697093144e-05, 1.3322601262188982e-05, 1.6897140085347928e-05, 1.882724609458819e-05, 1.0262909199809656e-05, 9.956228495866526e-06, 9.177037100016605e-06, 1.180242088594241e-05, 1.173151486000279e-05, 6.851439138699789e-06, 3.4808163036359474e-06, 2.2274136881605955e-06, 2.0749941995745758e-06, 2.0552306523313746e-06, 1.95991219698044e-06, 1.1779518445109716e-06, 7.444890570695861e-07], "lowlevel.melbands128.mean": [0.0008302912465296686, 0.003791388589888811, 0.008222360163927078, 0.010505096055567265, 0.009432891383767128, 0.0058670383878052235, 0.003776757512241602, 0.002211615676060319, 0.0006311405450105667, 0.00023661265731789172, 0.00012620903726201504, 0.00010175883653573692, 0.00010725373431341723, 0.00010338317224523053, 8.574900130042806e-05, 8.711767441127449e-05, 4.735457696369849e-05, 3.338465830893256e-05, 2.54225087701343e-05, 2.872934055631049e-05, 3.127771560684778e-05, 3.817166361841373e-05, 1.7641088561504148e-05, 2.944292464235332e-05, 2.8379667128319852e-05, 1.735813930281438e-05, 2.2904308934812434e-05, 2.2208570953807794e-05, 3.1216699426295236e-05, 2.142903940693941e-05, 1.333050568064209e-05, 1.0885203664656729e-05, 1.0903488146141171e-05, 1.0110908988281153e-05, 1.4692295735585503e-05, 1.3421018593362533e-05, 8.14624763734173e-06, 9.845288332144264e-06, 1.5158089809119701e-05, 1.3928628504800145e-05, 2.0876093913102522e-05, 3.2906016713241115e-05, 2.8184122129459865e-05, 2.5382620151503943e-05, 3.4857683203881606e-05, 2.552811747591477e-05, 1.631835948501248e-05, 1.0926481991191395e-05, 7.740629371255636e-06, 8.09381435828982e-06, 7.900077434896957e-06, 9.798021892493125e-06, 1.4376431863638572e-05, 1.2795305337931495e-05, 2.52295740210684e-05, 9.040008444571868e-05, 7.2283080953639e-05, 4.758477371069603e-05, 2.9577216992038302e-05, 1.81500017788494e-05, 1.035900459100958e-05, 7.5012062552559655e-06, 7.650035513506737e-06, 6.666310582659207e-06, 6.476026555901626e-06, 7.5062089308630675e-06, 8.667256224725861e-06, 9.203738954965957e-06, 1.1691964573401492e-05, 9.655024769017473e-06, 4.465452093427302e-06, 3.651336555776652e-06, 2.7253604457655456e-06, 2.812814273056574e-06, 2.9173484108468983e-06, 3.532776872816612e-06, 2.63868537331291e-06, 2.9038897082500625e-06, 4.363726475276053e-06, 5.767569746240042e-06, 8.05920353741385e-06, 7.9187211667886e-06, 5.476254045788664e-06, 4.213001375319436e-06, 3.1204767765302677e-06, 2.556505933171138e-06, 1.6659196262480691e-06, 1.5384913467642036e-06, 1.3210312772571342e-06, 1.088405497284839e-06, 1.267372113034071e-06, 1.3029341516812565e-06, 1.0248924127154169e-06, 1.2150007933087181e-06, 1.2197893966003903e-06, 9.729544672154589e-07, 7.156186256906949e-07, 5.742456323787337e-07, 3.8722311046512914e-07, 3.70528340454257e-07, 3.633009271197807e-07, 2.910593934757344e-07, 2.793129851852427e-07, 2.1730097898853273e-07, 1.3377496088651242e-07, 1.1480513961714678e-07, 1.178234896315189e-07, 1.0715628917523645e-07, 7.330294948815208e-08, 5.0828738551444985e-08, 3.362423939279324e-08, 1.4965142014489174e-08, 7.584532113469322e-09, 4.546364174018436e-09, 2.5409834236711504e-09, 9.724555605217233e-10, 7.122363809841659e-10, 1.0915854331550179e-10, 7.898235017400612e-12, 7.466868269523363e-12, 7.184227171497248e-12, 6.944279352938398e-12, 6.781281265688666e-12, 6.664630219227474e-12, 6.526577021881419e-12, 6.364272390341208e-12, 6.266884580719001e-12, 6.2267630288048714e-12], "lowlevel.melbands128.stdev": [0.0021860406268388033, 0.012171984650194645, 0.022667519748210907, 0.020785685628652573, 0.015088859014213085, 0.011320236138999462, 0.011554564349353313, 0.00577350240200758, 0.001170884002931416, 0.0006157390307635069, 0.0005112351500429213, 0.0005873176269233227, 0.0006747138686478138, 0.0005979259149171412, 0.0004475227033253759, 0.00045428285375237465, 0.0002170562802348286, 0.00011814554454758763, 6.919182487763464e-05, 8.189068466890603e-05, 0.00012445087486412376, 0.00015847530448809266, 5.487069211085327e-05, 0.00010349454532843083, 0.00010159231896977872, 5.34568025614135e-05, 5.552557922783308e-05, 6.266576383495703e-05, 0.00010279405978508294, 6.601519999094307e-05, 2.8025971914757974e-05, 2.1619094695779495e-05, 1.890969360829331e-05, 2.084332300000824e-05, 3.228608693461865e-05, 2.326472349523101e-05, 1.4524883226840757e-05, 3.7636284105246887e-05, 5.1913080824306235e-05, 3.4892822441179305e-05, 5.387713463278487e-05, 9.245809633284807e-05, 0.0001493851887062192, 9.132187551585957e-05, 8.905674621928483e-05, 8.333753794431686e-05, 3.677972199511714e-05, 3.087085497099906e-05, 2.2078011170378886e-05, 2.074459189316258e-05, 2.140248216164764e-05, 2.2740876374882646e-05, 4.2167761421296746e-05, 2.630128074088134e-05, 6.180231139296666e-05, 0.00025650530005805194, 0.00015100590826477855, 0.00010962504893541336, 7.544252730440348e-05, 5.090983540867455e-05, 2.7386098736315034e-05, 1.579623858560808e-05, 1.499471181887202e-05, 1.5514793631155044e-05, 1.5988098311936483e-05, 1.9131190128973685e-05, 1.9648530724225566e-05, 1.9914039512514137e-05, 2.6227193302474916e-05, 1.800575955712702e-05, 1.0738041964941658e-05, 9.814155419007875e-06, 7.698117769905366e-06, 1.1870506568811834e-05, 1.2321149370109197e-05, 1.3520571883418597e-05, 6.231217412278056e-06, 7.241165349114453e-06, 1.6277350368909538e-05, 1.6466590750496835e-05, 1.3581698112830054e-05, 1.3826424037688412e-05, 9.212062650476582e-06, 7.587395430164179e-06, 5.2685818445752375e-06, 4.604176410794025e-06, 2.8759216093021678e-06, 2.7997973575111246e-06, 2.4707126158318715e-06, 2.046370582320378e-06, 2.429563892292208e-06, 2.3704942577751353e-06, 1.730528083498939e-06, 2.080494141409872e-06, 2.6751631594379432e-06, 2.434730276945629e-06, 1.7920509662872064e-06, 1.9314559267513687e-06, 1.1048447277062223e-06, 1.1915880122614908e-06, 9.010042276713648e-07, 6.588255132555787e-07, 7.352806505878107e-07, 5.62119851110765e-07, 3.4074179211529554e-07, 2.670150820449635e-07, 2.909213492330309e-07, 2.561097005582269e-07, 1.563199276688465e-07, 1.1650391940065674e-07, 7.941100221842134e-08, 3.755000221872251e-08, 2.6456666191165823e-08, 1.794392368026365e-08, 1.2939341154094564e-08, 4.355101168584952e-09, 3.1739404438013707e-09, 5.830408933427123e-10, 1.6280251452505112e-11, 1.5147948867477723e-11, 1.415086190587056e-11, 1.3615751755235994e-11, 1.3332449727565532e-11, 1.310242019048058e-11, 1.291026400368489e-11, 1.275497416020066e-11, 1.2643030719572401e-11, 1.2574262811537729e-11], "lowlevel.mfcc.mean": [-705.9265747070312, 93.53675079345703, -9.133834838867188, 34.19507598876953, 24.223163604736328, 19.598918914794922, 4.419153213500977, 25.090106964111328, 6.62005615234375, 5.102137088775635, 7.498841762542725, -0.14330309629440308, -5.389351844787598], "lowlevel.spectral_contrast_coeffs.mean": [-0.6385980248451233, -0.7982479333877563, -0.8122657537460327, -0.8073410987854004, -0.7532205581665039, -0.7457425594329834], "lowlevel.spectral_contrast_coeffs.stdev": [0.1012445017695427, 0.06244442239403725, 0.050055816769599915, 0.046890195459127426, 0.05583895742893219, 0.05131648853421211], "lowlevel.spectral_contrast_valleys.mean": [-7.863837718963623, -8.062925338745117, -8.13257884979248, -8.009222984313965, -8.068954467773438, -10.728373527526855], "lowlevel.spectral_contrast_valleys.stdev": [2.118349075317383, 1.1928516626358032, 1.0558255910873413, 0.9855605959892273, 1.1617079973220825, 1.347922921180725], "rhythm.beats_loudness_band_ratio.mean": [0.7914931774139404, 0.019179692491889, 0.024986334145069122, 0.02851659618318081, 0.11384082585573196, 0.027646314352750778], "rhythm.beats_loudness_band_ratio.stdev": [0.336078405380249, 0.04098150134086609, 0.043056778609752655, 0.05585883557796478, 0.2172161489725113, 0.044756148010492325], "tonal.hpcp.mean": [0.2981710433959961, 0.10655900090932846, 0.03331086412072182, 0.02284596674144268, 0.025819696485996246, 0.03511815145611763, 0.041440170258283615, 0.039316337555646896, 0.03219548240303993, 0.02464236691594124, 0.028856612741947174, 0.05021129548549652, 0.07175947725772858, 0.06712449342012405, 0.0984744280576706, 0.17668037116527557, 0.1455015391111374, 0.10539732873439789, 0.15291962027549744, 0.14496392011642456, 0.15853619575500488, 0.20865516364574432, 0.14190705120563507, 0.07091638445854187, 0.07571454346179962, 0.060881126672029495, 0.09094648063182831, 0.15106947720050812, 0.10540512204170227, 0.04514838755130768, 0.03869776055216789, 0.03836717829108238, 0.051740363240242004, 0.08471992611885071, 0.12878255546092987, 0.2875621020793915], "tonal.hpcp.stdev": [0.406902015209198, 0.21932850778102875, 0.1153872162103653, 0.10017198324203491, 0.11774833500385284, 0.14028382301330566, 0.14278320968151093, 0.1537150889635086, 0.12956498563289642, 0.10035774111747742, 0.1078861802816391, 0.15206246078014374, 0.19887866079807281, 0.18911421298980713, 0.200947105884552, 0.3394484519958496, 0.2558545470237732, 0.20577780902385712, 0.2913194000720978, 0.26463595032691956, 0.242000013589859, 0.3315574526786804, 0.25817975401878357, 0.17177869379520416, 0.1854930818080902, 0.14360788464546204, 0.19810472428798676, 0.31535837054252625, 0.22839581966400146, 0.1516321450471878, 0.1260286271572113, 0.1117849200963974, 0.14020109176635742, 0.18222391605377197, 0.24219360947608948, 0.38618481159210205], "rhythm.beats_position": [0.4760090708732605, 0.9636281132698059, 1.4512470960617065, 1.938866138458252, 2.4380950927734375, 2.937324285507202, 3.4365532398223877, 3.9357821941375732, 4.435011386871338, 4.922630310058594, 5.41024923324585, 5.8978681564331055, 6.3854875564575195, 6.861496448516846, 7.337505340576172, 7.825124740600586, 8.30113410949707, 8.788752555847168, 9.264761924743652, 9.74077033996582, 10.216779708862305, 10.704399108886719, 11.180407524108887, 11.656416893005371, 12.132426261901855, 12.620044708251953, 13.096054077148438, 13.583673477172852, 14.05968189239502, 14.535691261291504, 15.023310661315918, 15.510929107666016, 15.9869384765625, 16.462947845458984, 16.9505672454834, 17.43818473815918, 17.902584075927734, 18.39020347595215, 18.866212844848633, 19.342222213745117, 19.82984161376953, 20.305849075317383, 20.781858444213867, 21.25786781311035, 21.733877182006836, 22.22149658203125, 22.709115982055664, 23.196733474731445, 23.67274284362793, 24.148752212524414, 24.6247615814209, 25.100770950317383, 25.576780319213867, 26.05278778076172, 26.540407180786133, 27.028026580810547, 27.50403594970703, 27.980045318603516, 28.46766471862793, 28.95528221130371, 29.454511642456055], "rhythm.bpm_histogram": [0.0, 0.0, 0.0, 0.0, 0.0, 0.0, 0.0, 0.0, 0.0, 0.0, 0.0, 0.0, 0.0, 0.0, 0.0, 0.0, 0.0, 0.0, 0.0, 0.0, 0.0, 0.0, 0.0, 0.0, 0.0, 0.0, 0.0, 0.0, 0.0, 0.0, 0.0, 0.0, 0.0, 0.0, 0.0, 0.0, 0.0, 0.0, 0.0, 0.0, 0.0, 0.0, 0.0, 0.0, 0.0, 0.0, 0.0, 0.0, 0.0, 0.0, 0.0, 0.0, 0.0, 0.0, 0.0, 0.0, 0.0, 0.0, 0.0, 0.0, 0.0, 0.0, 0.0, 0.0, 0.0, 0.0, 0.0, 0.0, 0.0, 0.0, 0.0, 0.0, 0.0, 0.0, 0.0, 0.0, 0.0, 0.0, 0.0, 0.0, 0.0, 0.0, 0.0, 0.0, 0.0, 0.0, 0.0, 0.0, 0.0, 0.0, 0.0, 0.0, 0.0, 0.0, 0.0, 0.0, 0.0, 0.0, 0.0, 0.0, 0.0, 0.0, 0.0, 0.0, 0.0, 0.0, 0.0, 0.0, 0.0, 0.0, 0.0, 0.0, 0.0, 0.0, 0.0, 0.0, 0.0, 0.0, 0.0, 0.0, 0.10000000149011612, 0.0, 0.0, 0.4166666567325592, 0.0, 0.0, 0.46666666865348816, 0.0, 0.0, 0.01666666753590107, 0.0, 0.0, 0.0, 0.0, 0.0, 0.0, 0.0, 0.0, 0.0, 0.0, 0.0, 0.0, 0.0, 0.0, 0.0, 0.0, 0.0, 0.0, 0.0, 0.0, 0.0, 0.0, 0.0, 0.0, 0.0, 0.0, 0.0, 0.0, 0.0, 0.0, 0.0, 0.0, 0.0, 0.0, 0.0, 0.0, 0.0, 0.0, 0.0, 0.0, 0.0, 0.0, 0.0, 0.0, 0.0, 0.0, 0.0, 0.0, 0.0, 0.0, 0.0, 0.0, 0.0, 0.0, 0.0, 0.0, 0.0, 0.0, 0.0, 0.0, 0.0, 0.0, 0.0, 0.0, 0.0, 0.0, 0.0, 0.0, 0.0, 0.0, 0.0, 0.0, 0.0, 0.0, 0.0, 0.0, 0.0, 0.0, 0.0, 0.0, 0.0, 0.0, 0.0, 0.0, 0.0, 0.0, 0.0, 0.0, 0.0, 0.0, 0.0, 0.0, 0.0, 0.0, 0.0, 0.0, 0.0, 0.0, 0.0, 0.0, 0.0, 0.0, 0.0, 0.0, 0.0, 0.0, 0.0, 0.0, 0.0, 0.0, 0.0, 0.0, 0.0, 0.0, 0.0, 0.0, 0.0, 0.0, 0.0, 0.0], "tonal.chords_histogram": [12.34567928314209, 17.901233673095703, 0.0, 10.648148536682129, 11.265432357788086, 2.314814805984497, 0.0, 0.0, 0.0, 0.0, 18.981481552124023, 1.3888888359069824, 0.0, 0.0, 0.0, 17.74691390991211, 0.0, 0.0, 0.0, 0.0, 4.938271522521973, 0.0, 1.2345678806304932, 1.2345678806304932], "tonal.thpcp": [1.0, 0.3573754131793976, 0.11171729862689972, 0.07662034034729004, 0.08659357577562332, 0.11777854710817337, 0.13898120820522308, 0.13185833394527435, 0.10797655582427979, 0.08264507353305817, 0.09677872061729431, 0.16839762032032013, 0.2406654804944992, 0.22512076795101166, 0.3302615284919739, 0.5925470590591431, 0.48798009753227234, 0.35347941517829895, 0.5128587484359741, 0.4861770570278168, 0.5316954851150513, 0.699783444404602, 0.4759249985218048, 0.23783792555332184, 0.25392991304397583, 0.20418189465999603, 0.3050144612789154, 0.5066537261009216, 0.35350555181503296, 0.15141774713993073, 0.1297837644815445, 0.12867505848407745, 0.17352578043937683, 0.2841319739818573, 0.4319083094596863, 0.964419960975647], "lowlevel.gfcc.cov": [[17039.978515625, 2895.076171875, 3859.286376953125, 3722.330810546875, 903.5623779296875, 1485.3974609375, 294.3433532714844, -405.978271484375, -315.2916259765625, -322.71490478515625, 109.78534698486328, -182.51361083984375, -370.5467224121094], [2895.076171875, 2693.138427734375, 1184.9215087890625, 508.32781982421875, 896.6493530273438, 456.23638916015625, 457.9017028808594, -237.620849609375, 192.78472900390625, -296.3065185546875, 283.4695129394531, -219.99639892578125, 41.550289154052734], [3859.286376953125, 1184.9215087890625, 1405.800537109375, 994.275390625, 524.6549682617188, 430.85302734375, 197.59701538085938, -139.75494384765625, -57.57501983642578, -118.25308227539062, 106.49891662597656, -83.9914779663086, -93.26008605957031], [3722.330810546875, 508.32781982421875, 994.275390625, 1279.048828125, 342.9865417480469, 308.6175231933594, 113.90656280517578, -131.33993530273438, -116.76859283447266, -133.83116149902344, 42.90919494628906, -36.5532341003418, -43.787418365478516], [903.5623779296875, 896.6493530273438, 524.6549682617188, 342.9865417480469, 609.7752075195312, 256.1113586425781, 259.20074462890625, -47.318973541259766, 86.90907287597656, -113.65577697753906, 98.77368927001953, -92.84329986572266, 22.796091079711914], [1485.3974609375, 456.23638916015625, 430.85302734375, 308.6175231933594, 256.1113586425781, 473.8207092285156, 230.6221466064453, 2.4549996852874756, 40.82530212402344, 4.696709632873535, 61.18593215942383, -89.01934814453125, -32.489803314208984], [294.3433532714844, 457.9017028808594, 197.59701538085938, 113.90656280517578, 259.20074462890625, 230.6221466064453, 343.2074890136719, -2.1139516830444336, 99.59051513671875, 3.4463653564453125, 87.54764556884766, -71.0118637084961, 30.706327438354492], [-405.978271484375, -237.620849609375, -139.75494384765625, -131.33993530273438, -47.318973541259766, 2.4549996852874756, -2.1139516830444336, 175.7681427001953, 65.77687072753906, 57.222347259521484, 6.241975784301758, 46.98296356201172, 4.598717212677002], [-315.2916259765625, 192.78472900390625, -57.57501983642578, -116.76859283447266, 86.90907287597656, 40.82530212402344, 99.59051513671875, 65.77687072753906, 161.53233337402344, 28.47441291809082, 65.00460052490234, -1.4727215766906738, 41.347023010253906], [-322.71490478515625, -296.3065185546875, -118.25308227539062, -133.83116149902344, -113.65577697753906, 4.696709632873535, 3.4463653564453125, 57.222347259521484, 28.47441291809082, 145.16880798339844, 15.06890869140625, 30.176321029663086, -9.379131317138672], [109.78534698486328, 283.4695129394531, 106.49891662597656, 42.90919494628906, 98.77368927001953, 61.18593215942383, 87.54764556884766, 6.241975784301758, 65.00460052490234, 15.06890869140625, 135.66709899902344, 3.4428930282592773, 39.80022048950195], [-182.51361083984375, -219.99639892578125, -83.9914779663086, -36.5532341003418, -92.84329986572266, -89.01934814453125, -71.0118637084961, 46.98296356201172, -1.4727215766906738, 30.176321029663086, 3.4428930282592773, 105.02103424072266, 15.090475082397461], [-370.5467224121094, 41.550289154052734, -93.26008605957031, -43.787418365478516, 22.796091079711914, -32.489803314208984, 30.706327438354492, 4.598717212677002, 41.347023010253906, -9.379131317138672, 39.80022048950195, 15.090475082397461, 91.8983154296875]], "lowlevel.gfcc.icov": [[0.00044114020420238376, -0.0006776423542760313, -0.00018483458552509546, -0.0011081018019467592, 0.000779198482632637, -0.000681649602483958, 0.0004928000271320343, -0.00032193883089348674, 4.778640504810028e-05, -0.0008249188540503383, 0.0009740752284415066, -0.000439930590800941, 0.00033142362372018397], [-0.0006776423542760313, 0.0033851678017526865, -0.0015797975938767195, 0.002929059322923422, -0.0017067412845790386, 0.0008502634009346366, -0.0011784236412495375, 0.002482405863702297, -0.0025751402135938406, 0.005049482453614473, -0.003970082849264145, 0.0016686005983501673, -0.00035760740865953267], [-0.00018483458552509546, -0.0015797975938767195, 0.004249253310263157, -0.0018592886626720428, -0.0011926231672987342, -0.0003885801415890455, 0.0005209185183048248, -0.0005949329352006316, 0.002200809773057699, -0.002620463026687503, 1.7870890587801114e-05, -0.0011977581307291985, 0.0023407938424497843], [-0.0011081018019467592, 0.002929059322923422, -0.0018592886626720428, 0.005466941744089127, -0.002109025837853551, 0.0011621484300121665, -0.0016611494356766343, 0.001939317211508751, -0.00033084608730860054, 0.004782132804393768, -0.0033924432937055826, 0.0007318631396628916, -0.0016963138477876782], [0.000779198482632637, -0.0017067412845790386, -0.0011926231672987342, -0.002109025837853551, 0.005968291312456131, -0.0013514183228835464, -0.0007414491847157478, -0.0012802574783563614, -0.0010677309473976493, 0.0005544428713619709, 0.0018555554561316967, 9.105186472879723e-05, -0.00022973286104388535], [-0.000681649602483958, 0.0008502634009346366, -0.0003885801415890455, 0.0011621484300121665, -0.0013514183228835464, 0.005892379675060511, -0.002741045318543911, -0.001212634495459497, 0.0003668781428132206, -0.00031235176720656455, -0.0014533615903928876, 0.003276311093941331, 0.000315938115818426], [0.0004928000271320343, -0.0011784236412495375, 0.0005209185183048248, -0.0016611494356766343, -0.0007414491847157478, -0.002741045318543911, 0.007408871315419674, -0.00015156192239373922, -0.0014065054710954428, -0.003155953949317336, 0.0005022003315389156, 0.0013572847237810493, -0.001125792507082224], [-0.00032193883089348674, 0.002482405863702297, -0.0005949329352006316, 0.001939317211508751, -0.0012802574783563614, -0.001212634495459497, -0.00015156192239373922, 0.011404331773519516, -0.006121368613094091, 0.002404606668278575, -0.0017326025990769267, -0.003472537500783801, 0.0015887676272541285], [4.778640504810028e-05, -0.0025751402135938406, 0.002200809773057699, -0.00033084608730860054, -0.0010677309473976493, 0.0003668781428132206, -0.0014065054710954428, -0.006121368613094091, 0.015543482266366482, -0.005129633937031031, -0.0005874854978173971, -0.000428744446253404, -0.0025884208735078573], [-0.0008249188540503383, 0.005049482453614473, -0.002620463026687503, 0.004782132804393768, 0.0005544428713619709, -0.00031235176720656455, -0.003155953949317336, 0.002404606668278575, -0.005129633937031031, 0.019197769463062286, -0.008069929666817188, 5.276927913655527e-05, 0.0024498668499290943], [0.0009740752284415066, -0.003970082849264145, 1.7870890587801114e-05, -0.0033924432937055826, 0.0018555554561316967, -0.0014533615903928876, 0.0005022003315389156, -0.0017326025990769267, -0.0005874854978173971, -0.008069929666817188, 0.017584094777703285, -0.003891047090291977, -0.0044667222537100315], [-0.000439930590800941, 0.0016686005983501673, -0.0011977581307291985, 0.0007318631396628916, 9.105186472879723e-05, 0.003276311093941331, 0.0013572847237810493, -0.003472537500783801, -0.000428744446253404, 5.276927913655527e-05, -0.003891047090291977, 0.017491696402430534, -0.003527926281094551], [0.00033142362372018397, -0.00035760740865953267, 0.0023407938424497843, -0.0016963138477876782, -0.00022973286104388535, 0.000315938115818426, -0.001125792507082224, 0.0015887676272541285, -0.0025884208735078573, 0.0024498668499290943, -0.0044667222537100315, -0.003527926281094551, 0.018340621143579483]], "lowlevel.mfcc.cov": [[15933.978515625, 883.5390014648438, 3452.472900390625, 2389.46630859375, 1489.6810302734375, 1788.376953125, 833.3613891601562, 630.3827514648438, -163.18643188476562, -355.3945617675781, 166.773681640625, 203.18467712402344, 210.930908203125], [883.5390014648438, 2246.468994140625, 380.33349609375, 121.24150085449219, 512.6801147460938, 453.42437744140625, 321.32818603515625, 262.3899230957031, 53.1131477355957, 82.30793762207031, 105.6864013671875, 102.22471618652344, 66.409912109375], [3452.472900390625, 380.33349609375, 1063.7825927734375, 621.3163452148438, 424.54443359375, 485.3293151855469, 271.4604187011719, 157.06484985351562, -54.87551498413086, -88.11542510986328, 54.63731002807617, 84.3400650024414, 74.02215576171875], [2389.46630859375, 121.24150085449219, 621.3163452148438, 855.5706176757812, 364.00872802734375, 330.9815673828125, 180.3716583251953, 137.65713500976562, -36.11149597167969, -139.2866668701172, -43.43691635131836, 54.49871826171875, 40.72313690185547], [1489.6810302734375, 512.6801147460938, 424.54443359375, 364.00872802734375, 483.4814147949219, 286.76910400390625, 182.2982635498047, 175.43557739257812, 16.436925888061523, -27.844205856323242, 27.497161865234375, 58.34659194946289, 42.24081039428711], [1788.376953125, 453.42437744140625, 485.3293151855469, 330.9815673828125, 286.76910400390625, 539.5630493164062, 323.7054748535156, 143.93124389648438, 59.35991668701172, 44.999298095703125, 57.56085205078125, 76.40923309326172, 30.242809295654297], [833.3613891601562, 321.32818603515625, 271.4604187011719, 180.3716583251953, 182.2982635498047, 323.7054748535156, 313.31829833984375, 117.38407897949219, 71.39684295654297, 62.6953239440918, 53.58345031738281, 83.64283752441406, 32.32182693481445], [630.3827514648438, 262.3899230957031, 157.06484985351562, 137.65713500976562, 175.43557739257812, 143.93124389648438, 117.38407897949219, 189.08714294433594, 57.60190200805664, 13.984206199645996, 48.11405944824219, 50.979679107666016, 37.167091369628906], [-163.18643188476562, 53.1131477355957, -54.87551498413086, -36.11149597167969, 16.436925888061523, 59.35991668701172, 71.39684295654297, 57.60190200805664, 130.20989990234375, 75.33084869384766, 31.926605224609375, 38.75366973876953, 6.744465351104736], [-355.3945617675781, 82.30793762207031, -88.11542510986328, -139.2866668701172, -27.844205856323242, 44.999298095703125, 62.6953239440918, 13.984206199645996, 75.33084869384766, 146.3743896484375, 61.325645446777344, 27.37868881225586, 7.68792200088501], [166.773681640625, 105.6864013671875, 54.63731002807617, -43.43691635131836, 27.497161865234375, 57.56085205078125, 53.58345031738281, 48.11405944824219, 31.926605224609375, 61.325645446777344, 109.59849548339844, 43.95444869995117, 25.932676315307617], [203.18467712402344, 102.22471618652344, 84.3400650024414, 54.49871826171875, 58.34659194946289, 76.40923309326172, 83.64283752441406, 50.979679107666016, 38.75366973876953, 27.37868881225586, 43.95444869995117, 109.5291748046875, 47.616455078125], [210.930908203125, 66.409912109375, 74.02215576171875, 40.72313690185547, 42.24081039428711, 30.242809295654297, 32.32182693481445, 37.167091369628906, 6.744465351104736, 7.68792200088501, 25.932676315307617, 47.616455078125, 75.69135284423828]], "lowlevel.mfcc.icov": [[0.0002617336285766214, 7.58943278924562e-05, -0.0006447816849686205, -0.00014616762928199023, -1.682436231931206e-05, -0.000424789177486673, 0.00036333713796921074, -0.00023893344041425735, 1.989912379940506e-05, 9.106870129471645e-05, -0.0001879461924545467, 0.00020731704717036337, -2.2527989131049253e-05], [7.58943278924562e-05, 0.000736017944291234, -8.485969010507688e-05, 0.0003391459467820823, -0.000714642636012286, -0.0005164185422472656, -5.671663529938087e-06, -0.0004966891137883067, 0.000494506093673408, -0.00012110583338653669, -8.696400072949473e-06, -5.173765021027066e-05, -0.00010150615707971156], [-0.0006447816849686205, -8.485969010507688e-05, 0.0044230869971215725, -0.0005208145594224334, -0.0007515361066907644, -0.0006589550175704062, -0.0010557378409430385, 0.000973944494035095, 0.0013984611723572016, 0.0010234578512609005, -0.00128271896392107, -0.00044839942711405456, -0.00102578557562083], [-0.00014616762928199023, 0.0003391459467820823, -0.0005208145594224334, 0.003177450504153967, -0.0010612842161208391, -0.0005829040892422199, -0.00032144863507710397, -0.000556384795345366, -4.3697789806174114e-05, 0.0017766333185136318, 0.0017695550341159105, -0.0008403020910918713, -0.00010898392065428197], [-1.682436231931206e-05, -0.000714642636012286, -0.0007515361066907644, -0.0010612842161208391, 0.005358556285500526, -0.00029653956880792975, 5.972772487439215e-05, -0.002525223419070244, 9.924305049935356e-05, -5.4386222473112866e-05, 0.000531068944837898, -9.902758392854594e-06, 0.00014332786668092012], [-0.000424789177486673, -0.0005164185422472656, -0.0006589550175704062, -0.0005829040892422199, -0.00029653956880792975, 0.00806739367544651, -0.0056507219560444355, 0.0006650916184298694, -0.0009615820017643273, -0.0016383646288886666, 0.0001400990877300501, 0.0006912248209118843, 0.0013926710234954953], [0.00036333713796921074, -5.671663529938087e-06, -0.0010557378409430385, -0.00032144863507710397, 5.972772487439215e-05, -0.0056507219560444355, 0.011075050570070744, -0.0017848232528194785, -0.0007753352983854711, -0.00225253333337605, 0.0007823106716386974, -0.003138343570753932, 0.0005735592567361891], [-0.00023893344041425735, -0.0004966891137883067, 0.000973944494035095, -0.000556384795345366, -0.002525223419070244, 0.0006650916184298694, -0.0017848232528194785, 0.01182678434997797, -0.004867122508585453, 0.0027653921861201525, -0.0037552923895418644, 0.0008072928176261485, -0.0025216490030288696], [1.989912379940506e-05, 0.000494506093673408, 0.0013984611723572016, -4.3697789806174114e-05, 9.924305049935356e-05, -0.0009615820017643273, -0.0007753352983854711, -0.004867122508585453, 0.015278883278369904, -0.006393447984009981, 0.001819178112782538, -0.0035296219866722822, 0.0021015240345150232], [9.106870129471645e-05, -0.00012110583338653669, 0.0010234578512609005, 0.0017766333185136318, -5.4386222473112866e-05, -0.0016383646288886666, -0.00225253333337605, 0.0027653921861201525, -0.006393447984009981, 0.01651942916214466, -0.006623176392167807, 0.00131056213285774, -0.0014787957770749927], [-0.0001879461924545467, -8.696400072949473e-06, -0.00128271896392107, 0.0017695550341159105, 0.000531068944837898, 0.0001400990877300501, 0.0007823106716386974, -0.0037552923895418644, 0.001819178112782538, -0.006623176392167807, 0.016841331496834755, -0.004255928564816713, -0.0005907242302782834], [0.00020731704717036337, -5.173765021027066e-05, -0.00044839942711405456, -0.0008403020910918713, -9.902758392854594e-06, 0.0006912248209118843, -0.003138343570753932, 0.0008072928176261485, -0.0035296219866722822, 0.00131056213285774, -0.004255928564816713, 0.0173005573451519, -0.008212696760892868], [-2.2527989131049253e-05, -0.00010150615707971156, -0.00102578557562083, -0.00010898392065428197, 0.00014332786668092012, 0.0013926710234954953, 0.0005735592567361891, -0.0025216490030288696, 0.0021015240345150232,