{"song_id": "1183695794214277251", "download": "https://cdn.discordapp.com/attachments/1135911532732108921/1183695794214277251/chirp.mp4?ex=6589459d&amp", "lyrics": "[Verse]\nIn the heart of the wild, where legends are born\nRode a lonesome cowboy, with a hat well-worn\nHis six-shooter gleaming, on a trusty horse he'd mount\nHe'd ride into the sunset, with no fear to count\n\n[Chorus]\nYippee-yi-yay, yippee-yi-yo\nRiding through the prairies where the wild winds blow\nYippee-yi-yay, yippee-yi-hey\nTogether they'd conquer, with no time to delay", "style": ["random"], "essentia_features": {"lowlevel.average_loudness": 0.9834580421447754, "lowlevel.barkbands_crest.mean": 15.590645790100098, "lowlevel.barkbands_crest.stdev": 3.607947587966919, "lowlevel.barkbands_flatness_db.mean": 0.2725641131401062, "lowlevel.barkbands_flatness_db.stdev": 0.0775730311870575, "lowlevel.barkbands_kurtosis.mean": 67.20672607421875, "lowlevel.barkbands_kurtosis.stdev": 81.7446060180664, "lowlevel.barkbands_skewness.mean": 6.081711292266846, "lowlevel.barkbands_skewness.stdev": 3.186173439025879, "lowlevel.barkbands_spread.mean": 9.349678039550781, "lowlevel.barkbands_spread.stdev": 10.163594245910645, "lowlevel.dissonance.mean": 0.47076430916786194, "lowlevel.dissonance.stdev": 0.02911992557346821, "lowlevel.dynamic_complexity": 2.177124261856079, "lowlevel.erbbands_crest.mean": 8.667276382446289, "lowlevel.erbbands_crest.stdev": 3.77776837348938, "lowlevel.erbbands_flatness_db.mean": 0.123725026845932, "lowlevel.erbbands_flatness_db.stdev": 0.0391288623213768, "lowlevel.erbbands_kurtosis.mean": 1.044589877128601, "lowlevel.erbbands_kurtosis.stdev": 2.9838294982910156, "lowlevel.erbbands_skewness.mean": 0.069742850959301, "lowlevel.erbbands_skewness.stdev": 1.0954402685165405, "lowlevel.erbbands_spread.mean": 64.9385757446289, "lowlevel.erbbands_spread.stdev": 36.19722366333008, "lowlevel.hfc.mean": 24.952831268310547, "lowlevel.hfc.stdev": 23.91368865966797, "lowlevel.loudness_ebu128.integrated": -15.114191055297852, "lowlevel.loudness_ebu128.loudness_range": 0.7397985458374023, "lowlevel.loudness_ebu128.momentary.mean": -15.25542163848877, "lowlevel.loudness_ebu128.momentary.stdev": 1.2649511098861694, "lowlevel.loudness_ebu128.short_term.mean": -15.054900169372559, "lowlevel.loudness_ebu128.short_term.stdev": 0.2705683708190918, "lowlevel.melbands_crest.mean": 32.089622497558594, "lowlevel.melbands_crest.stdev": 5.855855941772461, "lowlevel.melbands_flatness_db.mean": 0.3664047420024872, "lowlevel.melbands_flatness_db.stdev": 0.09228011220693588, "lowlevel.melbands_kurtosis.mean": 225.7465057373047, "lowlevel.melbands_kurtosis.stdev": 288.61138916015625, "lowlevel.melbands_skewness.mean": 10.874612808227539, "lowlevel.melbands_skewness.stdev": 6.363948822021484, "lowlevel.melbands_spread.mean": 5.554763317108154, "lowlevel.melbands_spread.stdev": 7.234015941619873, "lowlevel.pitch_salience.mean": 0.25377848744392395, "lowlevel.pitch_salience.stdev": 0.1276676505804062, "lowlevel.silence_rate_20dB.mean": 1.0, "lowlevel.silence_rate_20dB.stdev": 0.0, "lowlevel.silence_rate_30dB.mean": 0.17150890827178955, "lowlevel.silence_rate_30dB.stdev": 0.3769560754299164, "lowlevel.silence_rate_60dB.mean": 0.010309278033673763, "lowlevel.silence_rate_60dB.stdev": 0.10100781172513962, "lowlevel.spectral_centroid.mean": 1233.846923828125, "lowlevel.spectral_centroid.stdev": 878.9828491210938, "lowlevel.spectral_complexity.mean": 11.992502212524414, "lowlevel.spectral_complexity.stdev": 9.785994529724121, "lowlevel.spectral_decrease.mean": -3.540984749861309e-08, "lowlevel.spectral_decrease.stdev": 1.4018973537588408e-08, "lowlevel.spectral_energy.mean": 0.135908305644989, "lowlevel.spectral_energy.stdev": 0.053593333810567856, "lowlevel.spectral_energyband_high.mean": 0.0016636198852211237, "lowlevel.spectral_energyband_high.stdev": 0.0026410846039652824, "lowlevel.spectral_energyband_low.mean": 0.12156445533037186, "lowlevel.spectral_energyband_low.stdev": 0.0504525750875473, "lowlevel.spectral_energyband_middle_high.mean": 0.0027861911803483963, "lowlevel.spectral_energyband_middle_high.stdev": 0.004089964088052511, "lowlevel.spectral_energyband_middle_low.mean": 0.008093832060694695, "lowlevel.spectral_energyband_middle_low.stdev": 0.01958390139043331, "lowlevel.spectral_entropy.mean": 7.7274394035339355, "lowlevel.spectral_entropy.stdev": 0.5457940101623535, "lowlevel.spectral_flux.mean": 0.1426258385181427, "lowlevel.spectral_flux.stdev": 0.09236845374107361, "lowlevel.spectral_kurtosis.mean": 3.038925886154175, "lowlevel.spectral_kurtosis.stdev": 3.3145270347595215, "lowlevel.spectral_rms.mean": 0.011235593818128109, "lowlevel.spectral_rms.stdev": 0.002520936308428645, "lowlevel.spectral_rolloff.mean": 187.05751037597656, "lowlevel.spectral_rolloff.stdev": 461.9415588378906, "lowlevel.spectral_skewness.mean": 1.434281587600708, "lowlevel.spectral_skewness.stdev": 0.687192976474762, "lowlevel.spectral_spread.mean": 6775038.5, "lowlevel.spectral_spread.stdev": 2434686.75, "lowlevel.spectral_strongpeak.mean": 0.4892890453338623, "lowlevel.spectral_strongpeak.stdev": 0.2621634900569916, "lowlevel.zerocrossingrate.mean": 0.02438340149819851, "lowlevel.zerocrossingrate.stdev": 0.01991906762123108, "metadata.audio_properties.analysis.equal_loudness": 0.0, "metadata.audio_properties.analysis.length": 24.745622634887695, "metadata.audio_properties.analysis.sample_rate": 44100.0, "metadata.audio_properties.analysis.start_time": 0.0, "metadata.audio_properties.bit_rate": 124902.0, "metadata.audio_properties.length": 24.746665954589844, "metadata.audio_properties.lossless": 0.0, "metadata.audio_properties.number_channels": 1.0, "metadata.audio_properties.replay_gain": -9.572053909301758, "metadata.audio_properties.sample_rate": 48000.0, "rhythm.beats_count": 42.0, "rhythm.beats_loudness.mean": 0.16428296267986298, "rhythm.beats_loudness.stdev": 0.05642426386475563, "rhythm.bpm": 103.87786865234375, "rhythm.bpm_histogram_first_peak_bpm": 103.0, "rhythm.bpm_histogram_first_peak_weight": 0.3414633870124817, "rhythm.bpm_histogram_second_peak_bpm": 0.0, "rhythm.bpm_histogram_second_peak_spread": 0.0, "rhythm.bpm_histogram_second_peak_weight": 0.0, "rhythm.danceability": 1.8886587619781494, "rhythm.onset_rate": 5.814873218536377, "tonal.chords_changes_rate": 0.041198503226041794, "tonal.chords_number_rate": 0.009363295510411263, "tonal.chords_strength.mean": 0.552097499370575, "tonal.chords_strength.stdev": 0.0636063665151596, "tonal.hpcp_crest.mean": 13.775104522705078, "tonal.hpcp_crest.stdev": 6.36650276184082, "tonal.hpcp_entropy.mean": 2.0529181957244873, "tonal.hpcp_entropy.stdev": 0.7636086344718933, "tonal.key_edma.strength": 0.6052814722061157, "tonal.key_krumhansl.strength": 0.591960072517395, "tonal.key_temperley.strength": 0.562909722328186, "tonal.tuning_diatonic_strength": 0.6011838316917419, "tonal.tuning_equal_tempered_deviation": 0.10915893316268921, "tonal.tuning_frequency": 434.193115234375, "tonal.tuning_nontempered_energy_ratio": 0.8211591839790344, "lowlevel.barkbands.mean": [0.038396064192056656, 0.07719280570745468, 0.007825507782399654, 0.0031919244211167097, 0.002349164802581072, 0.0008283955394290388, 0.0007750065997242928, 0.0005048332968726754, 0.00035487563582137227, 0.00044114681077189744, 0.00033458502730354667, 0.0003593115834519267, 0.0003172636206727475, 0.0003261011152062565, 0.00025618873769417405, 0.0002810860751196742, 0.0002077131503028795, 0.0001255651150131598, 0.00012042903108522296, 0.0001276424154639244, 0.00016011606203392148, 0.0002601945598144084, 0.0005922565469518304, 0.00030928096384741366, 0.00018036432447843254, 8.83728644112125e-05, 2.153500190615887e-06], "lowlevel.barkbands.stdev": [0.01713487133383751, 0.04277537390589714, 0.01836182177066803, 0.012431216426193714, 0.006891918368637562, 0.002096546581014991, 0.0019242232665419579, 0.0012683295644819736, 0.0008524785516783595, 0.0013992155436426401, 0.0007984584080986679, 0.0009871675865724683, 0.0007975621847435832, 0.000718847441021353, 0.0006607171380892396, 0.0006795359076932073, 0.0003745649300981313, 0.00033122595050372183, 0.00032137383823283017, 0.0004042827058583498, 0.0004410851688589901, 0.0005248940433375537, 0.0010181766701862216, 0.0005190906813368201, 0.0002906604786403477, 0.00015497829008381814, 7.766688213450834e-06], "lowlevel.erbbands.mean": [4.696987152099609, 7.723240852355957, 9.799663543701172, 10.691906929016113, 9.365750312805176, 6.666738510131836, 5.615041732788086, 8.071391105651855, 13.103854179382324, 7.857962608337402, 11.840757369995117, 7.207692623138428, 12.141012191772461, 12.453680992126465, 15.319217681884766, 13.232617378234863, 12.932674407958984, 16.021102905273438, 15.016847610473633, 14.280555725097656, 16.67667007446289, 12.096138954162598, 7.148109436035156, 6.409747123718262, 5.76115608215332, 6.281803131103516, 6.453635215759277, 6.455149173736572, 9.531050682067871, 13.437883377075195, 15.970305442810059, 8.892866134643555, 4.059117317199707, 2.4114761352539062, 1.0666433572769165, 0.43811145424842834, 0.15883868932724, 0.019206276163458824, 0.00047410622937604785, 0.00016726800822652876], "lowlevel.erbbands.stdev": [2.0664188861846924, 9.454349517822266, 19.372434616088867, 32.90478515625, 32.586334228515625, 19.401161193847656, 14.763531684875488, 21.30156135559082, 32.83876037597656, 15.731487274169922, 28.515439987182617, 15.638681411743164, 30.649789810180664, 34.67456817626953, 36.93486785888672, 34.25989532470703, 28.965593338012695, 37.58538818359375, 31.541061401367188, 37.365665435791016, 36.74253463745117, 20.867572784423828, 18.324199676513672, 16.315826416015625, 15.85260009765625, 20.456783294677734, 18.697463989257812, 16.338504791259766, 19.630002975463867, 22.899377822875977, 27.996326446533203, 15.509844779968262, 6.939260005950928, 3.969871759414673, 1.7535738945007324, 0.7505139708518982, 0.29452747106552124, 0.04450378939509392, 0.0009518159786239266, 7.087701669661328e-05], "lowlevel.gfcc.mean": [-6.467605113983154, 72.06315612792969, -61.90853500366211, 48.531494140625, -39.55936050415039, 46.94117736816406, -25.029712677001953, 19.597299575805664, -4.760812759399414, 9.976783752441406, -9.652724266052246, 9.983291625976562, -9.789576530456543], "lowlevel.melbands.mean": [0.03235890716314316, 0.006261987145990133, 0.001799706369638443, 0.0005697562592104077, 0.00021131534595042467, 0.00018365906726103276, 0.0001840216136770323, 9.042213059728965e-05, 9.43489430937916e-05, 4.294575410312973e-05, 6.313800986390561e-05, 5.2792176575167105e-05, 4.7124918637564406e-05, 4.589816671796143e-05, 2.5913062927429564e-05, 3.2986623409669846e-05, 2.925508306361735e-05, 2.5705174266477115e-05, 2.051259252766613e-05, 1.736997000989504e-05, 2.0118151951464824e-05, 1.3645078979607206e-05, 7.4256940933992155e-06, 5.472631528391503e-06, 5.190361207496608e-06, 4.2734645830933005e-06, 4.040990916109877e-06, 4.1396465348952916e-06, 4.113506292924285e-06, 3.6619690035877284e-06, 3.748510152945528e-06, 5.180563221074408e-06, 5.365672677726252e-06, 9.308741027780343e-06, 9.733453225635458e-06, 8.150585017574485e-06, 4.385263764561387e-06, 2.997908268298488e-06, 2.14928763853095e-06, 1.9840856566588627e-06], "lowlevel.melbands.stdev": [0.013517908751964569, 0.009805819019675255, 0.005460198037326336, 0.0017910192254930735, 0.0005511551862582564, 0.00045329026761464775, 0.00045308686094358563, 0.0001958430075319484, 0.00022889311367180198, 9.24273845157586e-05, 0.00016981014050543308, 0.00015914648247417063, 0.00011000444646924734, 0.00012515172420535237, 7.765650661895052e-05, 8.127940236590803e-05, 6.939974991837516e-05, 5.8332414482720196e-05, 5.544229134102352e-05, 4.7215584345394745e-05, 4.46764133812394e-05, 2.449743806209881e-05, 1.7969974578591064e-05, 1.4652884601673577e-05, 1.3623614904645365e-05, 1.1280046237516217e-05, 1.2592010534717701e-05, 1.3954749192635063e-05, 1.213713676406769e-05, 1.0256669156660791e-05, 9.503918590780813e-06, 1.113119833462406e-05, 1.0724131243478041e-05, 1.6110632714116946e-05, 1.700518623692915e-05, 1.5802803318365477e-05, 7.567207376268925e-06, 5.3598951126332395e-06, 3.685096544359112e-06, 3.3439284834457794e-06], "lowlevel.melbands128.mean": [0.034563302993774414, 0.05081827938556671, 0.024601632729172707, 0.01001971960067749, 0.005616545677185059, 0.003565229009836912, 0.0022686892189085484, 0.0013723813463002443, 0.0009091312531381845, 0.0005832623573951423, 0.0003026305930688977, 0.00026739633176475763, 0.00019029136456083506, 0.00012936261191498488, 0.00017002603271976113, 0.00020153852528892457, 0.0002697344752959907, 0.00018317945068702102, 8.11972058727406e-05, 6.656868208665401e-05, 0.00010784887854242697, 0.0001265039900317788, 8.735590381547809e-05, 7.873190770624205e-05, 3.4484943171264604e-05, 3.35147233272437e-05, 4.371750037535094e-05, 5.59004838578403e-05, 0.00010391360410721973, 4.7078036004677415e-05, 4.369142698124051e-05, 4.1716848500072956e-05, 4.2405859858263284e-05, 5.522763603948988e-05, 5.688174132956192e-05, 4.2645955545594916e-05, 2.6831801733351313e-05, 2.7550275262910873e-05, 2.1832687707501464e-05, 2.6588373657432385e-05, 3.5123637644574046e-05, 4.598667146638036e-05, 2.2257838281802833e-05, 2.094030423904769e-05, 4.2952327930834144e-05, 1.969913864741102e-05, 1.6986834452836774e-05, 2.2280939447227865e-05, 2.2571995941689238e-05, 1.668484583206009e-05, 1.58438542712247e-05, 1.8091623132932e-05, 2.215479798906017e-05, 2.1138552256161347e-05, 1.5469364370801486e-05, 1.5233394151437096e-05, 9.635210517444648e-06, 6.758055860700551e-06, 7.839016689104028e-06, 5.983526079944568e-06, 5.361267994885566e-06, 4.83658914163243e-06, 5.2909194891981315e-06, 5.528097972273827e-06, 4.712494956038427e-06, 4.071750481671188e-06, 4.109639576199697e-06, 4.098250428796746e-06, 3.740658485185122e-06, 4.498409907682799e-06, 4.124888164369622e-06, 4.153387635597028e-06, 3.8023333672754234e-06, 4.645759872801136e-06, 3.5019254482904216e-06, 3.871813987643691e-06, 3.6694275422632927e-06, 3.1762519938638434e-06, 3.777203801291762e-06, 4.227342287776992e-06, 4.5984797907294706e-06, 6.01070041739149e-06, 5.782400421594502e-06, 5.554914878302952e-06, 4.671133865485899e-06, 5.291682100505568e-06, 1.2032469385303557e-05, 1.5518708096351475e-05, 7.043267032713629e-06, 7.391150575131178e-06, 1.1476254258013796e-05, 6.928158200025791e-06, 6.206838406797033e-06, 3.9658116293139756e-06, 3.7001179862272693e-06, 3.3071291909436695e-06, 2.925198032244225e-06, 2.3996492473088438e-06, 1.9637896002677735e-06, 2.1348989776015515e-06, 2.3118727767723612e-06, 1.8455300505593186e-06, 1.7746384628480882e-06, 1.5129438679650775e-06, 1.0640607115419698e-06, 9.701760745883803e-07, 8.988990884972736e-07, 8.087903324849322e-07, 7.578523764095735e-07, 6.537903800563072e-07, 6.417837994376896e-07, 5.528318069991656e-07, 5.870114705430751e-07, 3.8109286037979473e-07, 3.0369861292456335e-07, 2.158828493747933e-07, 7.959487646758134e-08, 1.3989859048990638e-08, 6.077347514121811e-10, 6.819447090355979e-11, 5.602268648985387e-11, 2.6411591663721978e-11, 2.1495803401161417e-11, 2.1112851050775205e-11, 2.0734206018779844e-11, 2.0343563639224627e-11, 2.0097217293124636e-11, 1.997650656004879e-11], "lowlevel.melbands128.stdev": [0.014715771190822124, 0.02231445722281933, 0.017269613221287727, 0.017171446233987808, 0.011400663293898106, 0.008977181278169155, 0.0073533677496016026, 0.005666455253958702, 0.003235423006117344, 0.0017934731440618634, 0.0009546153014525771, 0.0007498314371332526, 0.0005709289689548314, 0.00039077919791452587, 0.0005798338097520173, 0.0005736990133300424, 0.0007100651855580509, 0.000566732429433614, 0.00023822348157409579, 0.0001871184358606115, 0.0003002805751748383, 0.000421391858253628, 0.00025492318673059344, 0.00029398739570751786, 9.03608015505597e-05, 8.491223707096651e-05, 0.0001217811368405819, 0.00014165794709697366, 0.00040673583862371743, 0.00022927208920009434, 0.00014942054986022413, 0.00011648859072010964, 0.00011218233703402802, 0.00016884898650459945, 0.00018755732162389904, 0.00014521249977406114, 8.80582447280176e-05, 0.00012766521831508726, 7.216541416710243e-05, 7.256920798681676e-05, 0.00010193369962507859, 0.0001668598415562883, 6.555893924087286e-05, 5.444029011414386e-05, 0.00011970421473961323, 5.2013267122674733e-05, 5.4871772590558976e-05, 7.222405110951513e-05, 8.106554741971195e-05, 5.4975935199763626e-05, 5.138937558513135e-05, 5.881582183064893e-05, 5.1343995437491685e-05, 6.429478526115417e-05, 3.396281317691319e-05, 2.9684442779398523e-05, 2.1577763618552126e-05, 1.746364068822004e-05, 2.4326462153112516e-05, 1.918057387229055e-05, 1.6146332200150937e-05, 1.274249552807305e-05, 1.3749333447776735e-05, 1.7316142475465313e-05, 1.4425587323785294e-05, 1.1080996046075597e-05, 1.2223080375406425e-05, 1.4064454262552317e-05, 1.2743204024445731e-05, 1.678798253124114e-05, 1.5478530258405954e-05, 1.5106164937606081e-05, 1.1436139175202698e-05, 1.4837533854006324e-05, 1.101522138924338e-05, 1.1728577192116063e-05, 1.0824443961610086e-05, 8.88335762283532e-06, 1.10724813566776e-05, 1.0383751941844821e-05, 1.0868237040995155e-05, 1.3585765373136383e-05, 1.2937802239321172e-05, 1.1901090147148352e-05, 9.828693691815715e-06, 1.09720895125065e-05, 2.303511973877903e-05, 2.9826771424268372e-05, 1.3282999134389684e-05, 1.4262996955949347e-05, 2.6074203560710885e-05, 1.30184071167605e-05, 1.2928509931953158e-05, 7.401524726446951e-06, 6.812430456193397e-06, 6.428835149563383e-06, 5.5605532907065935e-06, 4.732040906674229e-06, 3.971200840169331e-06, 3.7213021641946398e-06, 4.171249656792497e-06, 3.3955743674596306e-06, 3.305356131022563e-06, 2.8409883725544205e-06, 1.9576884824346052e-06, 1.7450948917030473e-06, 1.689103896751476e-06, 1.605053284947644e-06, 1.443329779249325e-06, 1.243614065060683e-06, 1.2089055871911114e-06, 1.2189656217742595e-06, 1.1609743069129763e-06, 9.662354614192736e-07, 7.559928576483799e-07, 5.903016813135764e-07, 2.630319215768395e-07, 9.876651319018492e-08, 5.1283817192882e-09, 1.0427263497092554e-09, 7.889713327102754e-10, 1.4627669908673369e-10, 2.4897204090046365e-11, 2.4438022785955305e-11, 2.4057825176448944e-11, 2.3769477705548603e-11, 2.3569547355495324e-11, 2.3442131916184827e-11], "lowlevel.mfcc.mean": [-665.450927734375, 104.91751098632812, 44.83367156982422, 21.355201721191406, 25.663667678833008, 29.49239158630371, 7.309851169586182, 22.82300567626953, 10.67785930633545, 11.598129272460938, 10.140446662902832, 10.327861785888672, 9.359810829162598], "lowlevel.spectral_contrast_coeffs.mean": [-0.7417572736740112, -0.786403238773346, -0.8163401484489441, -0.8093088269233704, -0.8163601160049438, -0.7842649221420288], "lowlevel.spectral_contrast_coeffs.stdev": [0.07514703273773193, 0.07054627686738968, 0.05269927904009819, 0.05378718674182892, 0.037488993257284164, 0.0394829586148262], "lowlevel.spectral_contrast_valleys.mean": [-6.381969928741455, -7.168686866760254, -7.634997844696045, -7.954309463500977, -8.119622230529785, -9.75073528289795], "lowlevel.spectral_contrast_valleys.stdev": [0.8608794212341309, 0.7778087854385376, 0.8128008842468262, 0.8385908603668213, 0.9882344007492065, 1.0178149938583374], "rhythm.beats_loudness_band_ratio.mean": [0.9308539032936096, 0.013448749668896198, 0.017007701098918915, 0.014815821312367916, 0.013999728485941887, 0.015160956420004368], "rhythm.beats_loudness_band_ratio.stdev": [0.06395811587572098, 0.015849173069000244, 0.02066645957529545, 0.018886219710111618, 0.01684635877609253, 0.027581345289945602], "tonal.hpcp.mean": [0.010579393245279789, 0.007328579667955637, 0.006014405749738216, 0.006771210115402937, 0.009987618774175644, 0.009512344375252724, 0.007749377284198999, 0.01274341531097889, 0.02446005307137966, 0.035423994064331055, 0.08301549404859543, 0.4853919744491577, 0.653172492980957, 0.2736436724662781, 0.07525618374347687, 0.044263552874326706, 0.018013978376984596, 0.01377999410033226, 0.016876623034477234, 0.021642066538333893, 0.027135008946061134, 0.07350952178239822, 0.11241086572408676, 0.07138229161500931, 0.035450663417577744, 0.03627347573637962, 0.03081781417131424, 0.02271936647593975, 0.019601713865995407, 0.0220475010573864, 0.027342787012457848, 0.03142748028039932, 0.03277428820729256, 0.04056449234485626, 0.0377553328871727, 0.019989049062132835], "tonal.hpcp.stdev": [0.056948479264974594, 0.045210689306259155, 0.03780633583664894, 0.050193529576063156, 0.07129006832838058, 0.06271591782569885, 0.02711772546172142, 0.050703611224889755, 0.09994038939476013, 0.13119269907474518, 0.1807728260755539, 0.39780282974243164, 0.43173038959503174, 0.3092365562915802, 0.20550869405269623, 0.1718236654996872, 0.09472395479679108, 0.08603665232658386, 0.09085121750831604, 0.11457832157611847, 0.12767811119556427, 0.21679425239562988, 0.2969232499599457, 0.20114870369434357, 0.14915640652179718, 0.15411312878131866, 0.1397607922554016, 0.11019889265298843, 0.10464731603860855, 0.11348192393779755, 0.13510183990001678, 0.14923369884490967, 0.13321666419506073, 0.10067328810691833, 0.05609671771526337, 0.052973777055740356], "rhythm.beats_position": [0.6037188172340393, 1.195827603340149, 1.7879364490509033, 2.3684353828430176, 2.9489340782165527, 3.529433012008667, 4.098321914672852, 4.667210578918457, 5.24770975112915, 5.8282084465026855, 6.408707141876221, 6.989206314086914, 7.569705009460449, 8.138593673706055, 8.707483291625977, 9.287981986999512, 9.868480682373047, 10.448979377746582, 11.029478073120117, 11.609976768493652, 12.190476417541504, 12.75936508178711, 13.328253746032715, 13.90875244140625, 14.489251136779785, 15.058140754699707, 15.638639450073242, 16.21913719177246, 16.799636840820312, 17.368526458740234, 17.949024200439453, 18.529523849487305, 19.110021591186523, 19.678911209106445, 20.259410858154297, 20.828298568725586, 21.408798217773438, 21.989295959472656, 22.558185577392578, 23.1270751953125, 23.70757293701172, 24.28807258605957], "rhythm.bpm_histogram": [0.0, 0.0, 0.0, 0.0, 0.0, 0.0, 0.0, 0.0, 0.0, 0.0, 0.0, 0.0, 0.0, 0.0, 0.0, 0.0, 0.0, 0.0, 0.0, 0.0, 0.0, 0.0, 0.0, 0.0, 0.0, 0.0, 0.0, 0.0, 0.0, 0.0, 0.0, 0.0, 0.0, 0.0, 0.0, 0.0, 0.0, 0.0, 0.0, 0.0, 0.0, 0.0, 0.0, 0.0, 0.0, 0.0, 0.0, 0.0, 0.0, 0.0, 0.0, 0.0, 0.0, 0.0, 0.0, 0.0, 0.0, 0.0, 0.0, 0.0, 0.0, 0.0, 0.0, 0.0, 0.0, 0.0, 0.0, 0.0, 0.0, 0.0, 0.0, 0.0, 0.0, 0.0, 0.0, 0.0, 0.0, 0.0, 0.0, 0.0, 0.0, 0.0, 0.0, 0.0, 0.0, 0.0, 0.0, 0.0, 0.0, 0.0, 0.0, 0.0, 0.0, 0.0, 0.0, 0.0, 0.0, 0.0, 0.0, 0.0, 0.0, 0.04878048598766327, 0.0, 0.6585366129875183, 0.0, 0.2926829159259796, 0.0, 0.0, 0.0, 0.0, 0.0, 0.0, 0.0, 0.0, 0.0, 0.0, 0.0, 0.0, 0.0, 0.0, 0.0, 0.0, 0.0, 0.0, 0.0, 0.0, 0.0, 0.0, 0.0, 0.0, 0.0, 0.0, 0.0, 0.0, 0.0, 0.0, 0.0, 0.0, 0.0, 0.0, 0.0, 0.0, 0.0, 0.0, 0.0, 0.0, 0.0, 0.0, 0.0, 0.0, 0.0, 0.0, 0.0, 0.0, 0.0, 0.0, 0.0, 0.0, 0.0, 0.0, 0.0, 0.0, 0.0, 0.0, 0.0, 0.0, 0.0, 0.0, 0.0, 0.0, 0.0, 0.0, 0.0, 0.0, 0.0, 0.0, 0.0, 0.0, 0.0, 0.0, 0.0, 0.0, 0.0, 0.0, 0.0, 0.0, 0.0, 0.0, 0.0, 0.0, 0.0, 0.0, 0.0, 0.0, 0.0, 0.0, 0.0, 0.0, 0.0, 0.0, 0.0, 0.0, 0.0, 0.0, 0.0, 0.0, 0.0, 0.0, 0.0, 0.0, 0.0, 0.0, 0.0, 0.0, 0.0, 0.0, 0.0, 0.0, 0.0, 0.0, 0.0, 0.0, 0.0, 0.0, 0.0, 0.0, 0.0, 0.0, 0.0, 0.0, 0.0, 0.0, 0.0, 0.0, 0.0, 0.0, 0.0, 0.0, 0.0, 0.0, 0.0, 0.0, 0.0, 0.0, 0.0, 0.0, 0.0, 0.0, 0.0, 0.0], "tonal.chords_histogram": [7.303370952606201, 0.0, 40.63670349121094, 0.0, 0.0, 0.0, 0.0, 14.981273651123047, 0.0, 33.8951301574707, 0.0, 0.0, 0.0, 0.0, 0.0, 0.0, 0.0, 0.0, 0.0, 3.183520555496216, 0.0, 0.0, 0.0, 0.0], "tonal.thpcp": [1.0, 0.4189454913139343, 0.11521640419960022, 0.06776701658964157, 0.027579205110669136, 0.02109702117741108, 0.02583792619407177, 0.033133767545223236, 0.04154340550303459, 0.1125422790646553, 0.17209981381893158, 0.10928551107645035, 0.054274581372737885, 0.055534299463033676, 0.047181740403175354, 0.034783102571964264, 0.030010011047124863, 0.033754486590623856, 0.04186151176691055, 0.04811513051390648, 0.05017707869410515, 0.06210379675030708, 0.05780300498008728, 0.030603017657995224, 0.01619693636894226, 0.011219975538551807, 0.009207990020513535, 0.010366649366915226, 0.015290935523808002, 0.014563295990228653, 0.011864212341606617, 0.01951003074645996, 0.03744807466864586, 0.05423375219106674, 0.12709581851959229, 0.7431298494338989], "lowlevel.gfcc.cov": [[5081.14892578125, -674.53759765625, -138.33750915527344, 392.44525146484375, -488.2870788574219, 22.904788970947266, -199.2840576171875, 133.8648681640625, -65.74288177490234, 143.26321411132812, -103.5984878540039, 262.15960693359375, -78.12336730957031], [-674.53759765625, 1349.6326904296875, -8.453604698181152, -465.2554016113281, 192.18971252441406, -189.87197875976562, 96.45572662353516, -83.95330047607422, 96.92359161376953, -115.0938720703125, 41.649539947509766, -82.4458999633789, 93.12776947021484], [-138.33750915527344, -8.453604698181152, 1336.92919921875, 249.52227783203125, -198.39312744140625, 146.76129150390625, 34.67535400390625, -24.759078979492188, 7.354118347167969, -41.835121154785156, 34.965301513671875, 50.58008575439453, -20.592100143432617], [392.44525146484375, -465.2554016113281, 249.52227783203125, 528.0325927734375, 22.696229934692383, -35.336246490478516, -61.448097229003906, 16.111915588378906, -16.255388259887695, 43.0114631652832, -5.060494422912598, 26.212247848510742, 14.075973510742188], [-488.2870788574219, 192.18971252441406, -198.39312744140625, 22.696229934692383, 437.6310729980469, 16.939319610595703, 82.49726867675781, 37.16920852661133, 70.7723617553711, 22.309356689453125, 21.078022003173828, -71.0694351196289, 52.286598205566406], [22.904788970947266, -189.87197875976562, 146.76129150390625, -35.336246490478516, 16.939319610595703, 343.2893981933594, 124.14021301269531, 37.20710754394531, 23.963125228881836, 3.8713114261627197, 25.536907196044922, -4.236450672149658, -38.64708709716797], [-199.2840576171875, 96.45572662353516, 34.67535400390625, -61.448097229003906, 82.49726867675781, 124.14021301269531, 324.5497741699219, 117.35327911376953, -19.395065307617188, -11.733891487121582, 47.76369094848633, -13.424686431884766, 15.341301918029785], [133.8648681640625, -83.95330047607422, -24.759078979492188, 16.111915588378906, 37.16920852661133, 37.20710754394531, 117.35327911376953, 161.7650909423828, 37.301937103271484, 18.773841857910156, 5.091564655303955, 9.630416870117188, 8.253656387329102], [-65.74288177490234, 96.92359161376953, 7.354118347167969, -16.255388259887695, 70.7723617553711, 23.963125228881836, -19.395065307617188, 37.301937103271484, 166.45095825195312, 49.12256622314453, 6.5091023445129395, -12.055255889892578, 17.64946937561035], [143.26321411132812, -115.0938720703125, -41.835121154785156, 43.0114631652832, 22.309356689453125, 3.8713114261627197, -11.733891487121582, 18.773841857910156, 49.12256622314453, 122.52141571044922, 39.68158721923828, 11.684307098388672, 3.1842358112335205], [-103.5984878540039, 41.649539947509766, 34.965301513671875, -5.060494422912598, 21.078022003173828, 25.536907196044922, 47.76369094848633, 5.091564655303955, 6.5091023445129395, 39.68158721923828, 109.47887420654297, 34.58219528198242, 10.348162651062012], [262.15960693359375, -82.4458999633789, 50.58008575439453, 26.212247848510742, -71.0694351196289, -4.236450672149658, -13.424686431884766, 9.630416870117188, -12.055255889892578, 11.684307098388672, 34.58219528198242, 93.41339111328125, 11.268783569335938], [-78.12336730957031, 93.12776947021484, -20.592100143432617, 14.075973510742188, 52.286598205566406, -38.64708709716797, 15.341301918029785, 8.253656387329102, 17.64946937561035, 3.1842358112335205, 10.348162651062012, 11.268783569335938, 74.33106994628906]], "lowlevel.gfcc.icov": [[0.0004719031567219645, -0.000847117742523551, 0.0004083032545167953, -0.0010750246001407504, 0.000649580208119005, -0.0009870005305856466, 0.0005603679455816746, -0.0010128343710675836, 0.0008531731436960399, -0.0013634421629831195, 0.0013972159940749407, -0.0016924241790547967, 0.0008185928454622626], [-0.000847117742523551, 0.005019003059715033, -0.0016408741939812899, 0.005015922244638205, -0.002347477711737156, 0.004960017278790474, -0.0028249656315892935, 0.004431634675711393, -0.004504983313381672, 0.005631173029541969, -0.0045562381856143475, 0.004688636865466833, -0.0035099044907838106], [0.0004083032545167953, -0.0016408741939812899, 0.0016908618854358792, -0.0024755585473030806, 0.0015574261778965592, -0.002089720917865634, 0.0005333626759238541, -0.0009745676070451736, 0.0007355212583206594, -0.001125368638895452, 0.0012065363116562366, -0.00190746842417866, 0.0012330198660492897], [-0.0010750246001407504, 0.005015922244638205, -0.0024755585473030806, 0.007830155082046986, -0.0033276889007538557, 0.005248635075986385, -0.001853042864240706, 0.0035144141875207424, -0.0031669624149799347, 0.004391681402921677, -0.00423453887924552, 0.004768006037920713, -0.004090345464646816], [0.000649580208119005, -0.002347477711737156, 0.0015574261778965592, -0.0033276889007538557, 0.005162752233445644, -0.002778609050437808, 0.0006650282302871346, -0.00213646306656301, 0.0007434627623297274, -0.0023944121785461903, 0.0010780571028590202, 0.0003786486922763288, -0.0005723441136069596], [-0.0009870005305856466, 0.004960017278790474, -0.002089720917865634, 0.005248635075986385, -0.002778609050437808, 0.009098661132156849, -0.004701933357864618, 0.00506468815729022, -0.005576691590249538, 0.005607969127595425, -0.004679566714912653, 0.004296473227441311, -0.00064716866472736], [0.0005603679455816746, -0.0028249656315892935, 0.0005333626759238541, -0.001853042864240706, 0.0006650282302871346, -0.004701933357864618, 0.008704185485839844, -0.008017284795641899, 0.005631818901747465, -0.002470911480486393, -0.0004441998025868088, -0.00022481333871837705, -0.0003272293834015727], [-0.0010128343710675836, 0.004431634675711393, -0.0009745676070451736, 0.0035144141875207424, -0.00213646306656301, 0.00506468815729022, -0.008017284795641899, 0.015288149937987328, -0.007721957750618458, 0.00441643176600337, -0.0015740524977445602, 0.001423553330823779, -0.0018113941187039018], [0.0008531731436960399, -0.004504983313381672, 0.0007355212583206594, -0.0031669624149799347, 0.0007434627623297274, -0.005576691590249538, 0.005631818901747465, -0.007721957750618458, 0.013645578175783157, -0.008743025362491608, 0.004388392437249422, -0.0028000427410006523, 0.0005650212406180799], [-0.0013634421629831195, 0.005631173029541969, -0.001125368638895452, 0.004391681402921677, -0.0023944121785461903, 0.005607969127595425, -0.002470911480486393, 0.00441643176600337, -0.008743025362491608, 0.018984217196702957, -0.01103808544576168, 0.006769903004169464, -0.0032388700637966394], [0.0013972159940749407, -0.0045562381856143475, 0.0012065363116562366, -0.00423453887924552, 0.0010780571028590202, -0.004679566714912653, -0.0004441998025868088, -0.0015740524977445602, 0.004388392437249422, -0.01103808544576168, 0.020133517682552338, -0.012682872824370861, 0.00393880158662796], [-0.0016924241790547967, 0.004688636865466833, -0.00190746842417866, 0.004768006037920713, 0.0003786486922763288, 0.004296473227441311, -0.00022481333871837705, 0.001423553330823779, -0.0028000427410006523, 0.006769903004169464, -0.012682872824370861, 0.02413400448858738, -0.008746814914047718], [0.0008185928454622626, -0.0035099044907838106, 0.0012330198660492897, -0.004090345464646816, -0.0005723441136069596, -0.00064716866472736, -0.0003272293834015727, -0.0018113941187039018, 0.0005650212406180799, -0.0032388700637966394, 0.00393880158662796, -0.008746814914047718, 0.02094440348446369]], "lowlevel.mfcc.cov": [[5491.25439453125, -1012.0878295898438, -187.3290252685547, 142.5228729248047, -218.95159912109375, -108.4900131225586, -220.54249572753906, -5.384914875030518, -101.78104400634766, 21.08035659790039, -142.43084716796875, 25.651063919067383, 89.85106658935547], [-1012.0878295898438, 1619.5283203125, -201.8017578125, -235.85963439941406, -30.86518669128418, -86.0619125366211, 1.4771833419799805, -4.131723403930664, 70.82237243652344, -61.333526611328125, 30.664411544799805, -7.617978572845459, -13.29582691192627], [-187.3290252685547, -201.8017578125, 1421.48193359375, 80.65885162353516, -20.08740234375, 93.76852416992188, -10.93529224395752, 87.70474243164062, -100.04898071289062, -13.048595428466797, -31.225238800048828, -19.761035919189453, 35.41566848754883], [142.5228729248047, -235.85963439941406, 80.65885162353516, 512.4989624023438, 103.32426452636719, -56.5532341003418, -3.503999710083008, -62.088436126708984, 20.10715103149414, -10.994698524475098, -47.93674087524414, 2.6359379291534424, 34.551944732666016], [-218.95159912109375, -30.86518669128418, -20.08740234375, 103.32426452636719, 292.8739929199219, 75.35780334472656, -60.63523483276367, -35.35498046875, 28.42353630065918, 41.50666427612305, -1.4858347177505493, 4.942368984222412, 19.46827507019043], [-108.4900131225586, -86.0619125366211, 93.76852416992188, -56.5532341003418, 75.35780334472656, 195.6385498046875, 68.23542785644531, 26.42139434814453, 6.318058490753174, 45.918060302734375, 21.316394805908203, 21.592422485351562, 0.8440170288085938], [-220.54249572753906, 1.4771833419799805, -10.93529224395752, -3.503999710083008, -60.63523483276367, 68.23542785644531, 303.45458984375, 115.14315032958984, 38.399559020996094, 34.8441162109375, 28.247840881347656, 38.69154357910156, -11.971137046813965], [-5.384914875030518, -4.131723403930664, 87.70474243164062, -62.088436126708984, -35.35498046875, 26.42139434814453, 115.14315032958984, 175.099853515625, 50.07335662841797, 31.861892700195312, 10.551025390625, 21.978538513183594, 10.307619094848633], [-101.78104400634766, 70.82237243652344, -100.04898071289062, 20.10715103149414, 28.42353630065918, 6.318058490753174, 38.399559020996094, 50.07335662841797, 147.4759063720703, 70.60782623291016, 6.199863433837891, 15.232670783996582, 10.007394790649414], [21.08035659790039, -61.333526611328125, -13.048595428466797, -10.994698524475098, 41.50666427612305, 45.918060302734375, 34.8441162109375, 31.861892700195312, 70.60782623291016, 130.73931884765625, 42.90528106689453, 20.095632553100586, 10.438770294189453], [-142.43084716796875, 30.664411544799805, -31.225238800048828, -47.93674087524414, -1.4858347177505493, 21.316394805908203, 28.247840881347656, 10.551025390625, 6.199863433837891, 42.90528106689453, 101.55683135986328, 35.16523361206055, -1.669569492340088], [25.651063919067383, -7.617978572845459, -19.761035919189453, 2.6359379291534424, 4.942368984222412, 21.592422485351562, 38.69154357910156, 21.978538513183594, 15.232670783996582, 20.095632553100586, 35.16523361206055, 88.52263641357422, 43.363216400146484], [89.85106658935547, -13.29582691192627, 35.41566848754883, 34.551944732666016, 19.46827507019043, 0.8440170288085938, -11.971137046813965, 10.307619094848633, 10.007394790649414, 10.438770294189453, -1.669569492340088, 43.363216400146484, 91.8290786743164]], "lowlevel.mfcc.icov": [[0.0002626408531796187, 0.00012291991151869297, 0.00011711496335919946, -0.00010837033914867789, 0.00034937600139528513, -5.196348502067849e-05, 0.00035760540049523115, -0.0002623600885272026, 0.00035862287040799856, -0.00041667037294246256, 0.0004975434276275337, -0.00024626997765153646, -0.00010747999476734549], [0.00012291991151869297, 0.0008692669798620045, 1.4217454236131744e-06, 0.0005390426376834512, -0.0001599286188138649, 0.0005412810132838786, -0.00017153088992927223, 0.000324312481097877, -0.0008263493655249476, 0.0008008365985006094, -0.0002629293594509363, 9.623203368391842e-05, -0.00027882089489139616], [0.00011711496335919946, 1.4217454236131744e-06, 0.0009926940547302365, -0.0005238611483946443, 0.0005308156250976026, -0.0008319356711581349, 0.0006671171868219972, -0.001177679281681776, 0.0012123886262997985, -0.000523772498127073, 0.00036070929490961134, 0.0003484685148578137, -0.00041643649456091225], [-0.00010837033914867789, 0.0005390426376834512, -0.0005238611483946443, 0.0033809493761509657, -0.0018307857681065798, 0.0021868450567126274, -0.0017504976131021976, 0.002235105959698558, -0.0016331577207893133, 0.001014301902614534, 0.0005866981227882206, -0.00011794184683822095, -0.000868018891196698], [0.00034937600139528513, -0.0001599286188138649, 0.0005308156250976026, -0.0018307857681065798, 0.005918776150792837, -0.003382166614755988, 0.0025282949209213257, -0.0006441702134907246, 0.0003922254836652428, -0.0018566540675237775, 0.0007954178145155311, -0.00012997142039239407, -0.00045854199561290443], [-5.196348502067849e-05, 0.0005412810132838786, -0.0008319356711581349, 0.0021868450567126274, -0.003382166614755988, 0.008890905417501926, -0.0029873577877879143, 0.001464294153265655, 6.0766295064240694e-05, -0.00120303884614259, 0.0002619909355416894, -0.00129014125559479, 0.00045287617831490934], [0.00035760540049523115, -0.00017153088992927223, 0.0006671171868219972, -0.0017504976131021976, 0.0025282949209213257, -0.0029873577877879143, 0.0067120883613824844, -0.004340870771557093, 0.0010551490122452378, -0.001231936737895012, 0.00043853226816281676, -0.002223685849457979, 0.0019634191412478685], [-0.0002623600885272026, 0.000324312481097877, -0.001177679281681776, 0.002235105959698558, -0.0006441702134907246, 0.001464294153265655, -0.004340870771557093, 0.010735244490206242, -0.004243303555995226, 0.0009510224335826933, -0.00012909587530884892, -9.59155586315319e-05, -0.0013336518313735723], [0.00035862287040799856, -0.0008263493655249476, 0.0012123886262997985, -0.0016331577207893133, 0.0003922254836652428, 6.0766295064240694e-05, 0.0010551490122452378, -0.004243303555995226, 0.013392187654972076, -0.008078855462372303, 0.003573060967028141, -0.0013762932503595948, 0.00038029783172532916], [-0.00041667037294246256, 0.0008008365985006094, -0.000523772498127073, 0.001014301902614534, -0.0018566540675237775, -0.00120303884614259, -0.001231936737895012, 0.0009510224335826933, -0.008078855462372303, 0.01566622592508793, -0.006903557106852531, 0.002061893930658698, -0.0015182954957708716], [0.0004975434276275337, -0.0002629293594509363, 0.00036070929490961134, 0.0005866981227882206, 0.0007954178145155311, 0.0002619909355416894, 0.00043853226816281676, -0.00012909587530884892, 0.003573060967028141, -0.006903557106852531, 0.01617969013750553, -0.007418331690132618, 0.0032084642443805933], [-0.00024626997765153646, 9.623203368391842e-05, 0.0003484685148578137, -0.00011794184683822095, -0.00012997142039239407, -0.00129014125559479, -0.002223685849457979, -9.59155586315319e-05, -0.0013762932503595948, 0.002061893930658698, -0.007418331690132618, 0.02033987082540989, -0.009898927062749863], [-0.00010747999476734549, -0.00027882089489139616, -0.00041643649456091225, -0.000868018891196698, -0.00045854199561290443, 0.00045287617831490934, 0.0019634191412478685, -0.0013336518313735723, 0.00038029783172532916, -0.0015182954957708716, 0.0032084642443805933, -0.009898927062749863, 0.01680443249642849]], "metadata.audio_properties.analysis.downmix": "mix", "metadata.audio_properties.codec": "mp3", "metadata.audio_properties.md5_encoded": "f4f04af42ba6e37721e7e17d7ddd473b", "metadata.tags.file_name": "1183695794214277251.mp3", "metadata.version.essentia": "2.1-beta6-dev", "metadata.version.essentia_git_sha": "v2.1_beta5-1110-g77a6a954", "metadata.version.extractor": "music 2.0", "tonal.chords_key": "C#", "tonal.chords_scale": "minor", "tonal.key_edma.key": "F#", "tonal.key_edma.scale": "minor", "tonal.key_krumhansl.key": "F#", "tonal.key_krumhansl.scale": "minor", "tonal.key_temperley.key": "F#", "tonal.key_temperley.scale": "minor", "metadata.tags.encoding": ["Lavf58.45.100"]}, "essentia_models": [{"model_name": "genre_dortmund", "activations": {"alternative": "0.0007934609", "blues": "2.145683e-05", "electronic": "0.041368987", "folkcountry": "4.40074e-05", "funksoulrnb": "0.0012112799", "jazz": "0.00025210122", "pop": "0.00070714916", "raphiphop": "0.9507366", "rock": "0.0036779444"}}, {"model_name": "genre_rosamerica", "activations": {"classic": "0.00024469185"