{"song_id": "1183655701709598770", "download": "https://cdn.discordapp.com/attachments/1135903449314238464/1183655701709598770/chirp.mp4?ex=65892046&amp", "lyrics": "\u725b\u5976\u7684\u5473\u9053\uff0c\u5982\u4e1d\u6ed1\u751c\u871c\u821e\u8e48\uff0c\n\u5507\u9f7f\u95f4\u821e\u52a8\uff0c\u9877\u523b\u95f4\u6026\u7136\u5fc3\u52a8\u3002\n\u7ec6\u817b\u6ecb\u5473\uff0c\u5982\u8bd7\u7bc7\u7f16\u7ec7\uff0c\n\u9c9c\u5976\u53e3\u611f\uff0c\u662f\u7231\u610f\u7684\u65cb\u5f8b\u3002", "style": ["Chinese pop"], "essentia_features": {"lowlevel.average_loudness": 0.82390296459198, "lowlevel.barkbands_crest.mean": 11.679848670959473, "lowlevel.barkbands_crest.stdev": 3.974517345428467, "lowlevel.barkbands_flatness_db.mean": 0.2290498912334442, "lowlevel.barkbands_flatness_db.stdev": 0.0506579652428627, "lowlevel.barkbands_kurtosis.mean": 8.657458305358887, "lowlevel.barkbands_kurtosis.stdev": 10.27420711517334, "lowlevel.barkbands_skewness.mean": 2.0136067867279053, "lowlevel.barkbands_skewness.stdev": 1.2829217910766602, "lowlevel.barkbands_spread.mean": 11.288564682006836, "lowlevel.barkbands_spread.stdev": 14.018285751342773, "lowlevel.dissonance.mean": 0.42867904901504517, "lowlevel.dissonance.stdev": 0.044122494757175446, "lowlevel.dynamic_complexity": 2.393115520477295, "lowlevel.erbbands_crest.mean": 12.54709243774414, "lowlevel.erbbands_crest.stdev": 4.92473840713501, "lowlevel.erbbands_flatness_db.mean": 0.24004048109054565, "lowlevel.erbbands_flatness_db.stdev": 0.05537610501050949, "lowlevel.erbbands_kurtosis.mean": 2.4316399097442627, "lowlevel.erbbands_kurtosis.stdev": 3.335911512374878, "lowlevel.erbbands_skewness.mean": 1.1331636905670166, "lowlevel.erbbands_skewness.stdev": 0.8841249942779541, "lowlevel.erbbands_spread.mean": 24.48855209350586, "lowlevel.erbbands_spread.stdev": 17.967565536499023, "lowlevel.hfc.mean": 14.877569198608398, "lowlevel.hfc.stdev": 12.225556373596191, "lowlevel.loudness_ebu128.integrated": -15.842193603515625, "lowlevel.loudness_ebu128.loudness_range": 3.2248363494873047, "lowlevel.loudness_ebu128.momentary.mean": -16.3408203125, "lowlevel.loudness_ebu128.momentary.stdev": 2.2088160514831543, "lowlevel.loudness_ebu128.short_term.mean": -16.191165924072266, "lowlevel.loudness_ebu128.short_term.stdev": 1.1454626321792603, "lowlevel.melbands_crest.mean": 15.429594039916992, "lowlevel.melbands_crest.stdev": 5.411960124969482, "lowlevel.melbands_flatness_db.mean": 0.2785855233669281, "lowlevel.melbands_flatness_db.stdev": 0.06847938895225525, "lowlevel.melbands_kurtosis.mean": 12.44408130645752, "lowlevel.melbands_kurtosis.stdev": 15.661413192749023, "lowlevel.melbands_skewness.mean": 2.2657549381256104, "lowlevel.melbands_skewness.stdev": 1.4007705450057983, "lowlevel.melbands_spread.mean": 13.878568649291992, "lowlevel.melbands_spread.stdev": 19.729228973388672, "lowlevel.pitch_salience.mean": 0.5453137159347534, "lowlevel.pitch_salience.stdev": 0.11342070251703262, "lowlevel.silence_rate_20dB.mean": 1.0, "lowlevel.silence_rate_20dB.stdev": 0.0, "lowlevel.silence_rate_30dB.mean": 0.999015748500824, "lowlevel.silence_rate_30dB.stdev": 0.031357113271951675, "lowlevel.silence_rate_60dB.mean": 0.005905511789023876, "lowlevel.silence_rate_60dB.stdev": 0.0766197070479393, "lowlevel.spectral_centroid.mean": 835.7536010742188, "lowlevel.spectral_centroid.stdev": 667.4339599609375, "lowlevel.spectral_complexity.mean": 12.413385391235352, "lowlevel.spectral_complexity.stdev": 4.606606960296631, "lowlevel.spectral_decrease.mean": -6.802832519525737e-09, "lowlevel.spectral_decrease.stdev": 5.115044388048773e-09, "lowlevel.spectral_energy.mean": 0.0270248893648386, "lowlevel.spectral_energy.stdev": 0.019891800358891487, "lowlevel.spectral_energyband_high.mean": 0.00041377660818398, "lowlevel.spectral_energyband_high.stdev": 0.0012624585069715977, "lowlevel.spectral_energyband_low.mean": 0.0043573761358857155, "lowlevel.spectral_energyband_low.stdev": 0.012354372069239616, "lowlevel.spectral_energyband_middle_high.mean": 0.0031007989309728146, "lowlevel.spectral_energyband_middle_high.stdev": 0.005365738645195961, "lowlevel.spectral_energyband_middle_low.mean": 0.019388029351830482, "lowlevel.spectral_energyband_middle_low.stdev": 0.015080022625625134, "lowlevel.spectral_entropy.mean": 6.847663402557373, "lowlevel.spectral_entropy.stdev": 0.5954335331916809, "lowlevel.spectral_flux.mean": 0.054736994206905365, "lowlevel.spectral_flux.stdev": 0.03882581740617752, "lowlevel.spectral_kurtosis.mean": 10.365303993225098, "lowlevel.spectral_kurtosis.stdev": 8.222410202026367, "lowlevel.spectral_rms.mean": 0.004812559578567743, "lowlevel.spectral_rms.stdev": 0.001790245296433568, "lowlevel.spectral_rolloff.mean": 1030.24365234375, "lowlevel.spectral_rolloff.stdev": 1539.452880859375, "lowlevel.spectral_skewness.mean": 2.2460646629333496, "lowlevel.spectral_skewness.stdev": 0.8658493161201477, "lowlevel.spectral_spread.mean": 3424335.25, "lowlevel.spectral_spread.stdev": 1590980.125, "lowlevel.spectral_strongpeak.mean": 1.2330958843231201, "lowlevel.spectral_strongpeak.stdev": 0.9291372299194336, "lowlevel.zerocrossingrate.mean": 0.040235623717308044, "lowlevel.zerocrossingrate.stdev": 0.040123939514160156, "metadata.audio_properties.analysis.equal_loudness": 0.0, "metadata.audio_properties.analysis.length": 23.550952911376953, "metadata.audio_properties.analysis.sample_rate": 44100.0, "metadata.audio_properties.analysis.start_time": 0.0, "metadata.audio_properties.bit_rate": 104952.0, "metadata.audio_properties.length": 23.552000045776367, "metadata.audio_properties.lossless": 0.0, "metadata.audio_properties.number_channels": 1.0, "metadata.audio_properties.replay_gain": -11.662687301635742, "metadata.audio_properties.sample_rate": 48000.0, "rhythm.beats_count": 54.0, "rhythm.beats_loudness.mean": 0.036561038345098495, "rhythm.beats_loudness.stdev": 0.021679140627384186, "rhythm.bpm": 139.94708251953125, "rhythm.bpm_histogram_first_peak_bpm": 140.0, "rhythm.bpm_histogram_first_peak_weight": 0.4901961088180542, "rhythm.bpm_histogram_second_peak_bpm": 133.0, "rhythm.bpm_histogram_second_peak_spread": 0.0, "rhythm.bpm_histogram_second_peak_weight": 0.01886792480945587, "rhythm.danceability": 1.1597192287445068, "rhythm.onset_rate": 3.1398167610168457, "tonal.chords_changes_rate": 0.037328094244003296, "tonal.chords_number_rate": 0.011787819676101208, "tonal.chords_strength.mean": 0.47791212797164917, "tonal.chords_strength.stdev": 0.08083365112543106, "tonal.hpcp_crest.mean": 20.62685203552246, "tonal.hpcp_crest.stdev": 8.726920127868652, "tonal.hpcp_entropy.mean": 1.2199532985687256, "tonal.hpcp_entropy.stdev": 0.68096923828125, "tonal.key_edma.strength": 0.7402012348175049, "tonal.key_krumhansl.strength": 0.7540512681007385, "tonal.key_temperley.strength": 0.7696377038955688, "tonal.tuning_diatonic_strength": 0.5900578498840332, "tonal.tuning_equal_tempered_deviation": 0.024933844804763794, "tonal.tuning_frequency": 440.2542419433594, "tonal.tuning_nontempered_energy_ratio": 0.6098684072494507, "lowlevel.barkbands.mean": [0.0002864434209186584, 0.003277641488239169, 0.0006186385871842504, 0.0003031814412679523, 0.007290160283446312, 0.0028430663514882326, 0.004905337002128363, 0.0031826344784349203, 0.0007525886176154017, 0.0009631153079681098, 0.0005051888292655349, 0.0005459961830638349, 0.00015176153101492673, 0.0001387650117976591, 0.00024894275702536106, 0.00018729025032371283, 0.00010546554403845221, 7.370149251073599e-05, 0.00019522395450621843, 9.096405847230926e-05, 0.00010869345715036616, 0.0001068716956069693, 2.979421515192371e-05, 5.140536813996732e-05, 5.966972457827069e-05, 2.366407670706394e-06, 1.1164642543803893e-09], "lowlevel.barkbands.stdev": [0.0011129765771329403, 0.011127657257020473, 0.0014890128513798118, 0.0005786599940620363, 0.008799707517027855, 0.004088959656655788, 0.005905243568122387, 0.005069470964372158, 0.0017530842451378703, 0.0024508449714630842, 0.0022337273694574833, 0.0013635721988976002, 0.0003918147413060069, 0.0003532881382852793, 0.0005454778438434005, 0.0004681156715378165, 0.00027607145602814853, 0.00015629403060302138, 0.0004758696013595909, 0.0002865344868041575, 0.0003020444419234991, 0.00045881111873313785, 9.673488239059225e-05, 0.00018824037397280335, 0.00019001256441697478, 7.887597348599229e-06, 7.266569124197986e-09], "lowlevel.erbbands.mean": [0.15641531348228455, 0.4837028980255127, 0.7712199091911316, 0.9216444492340088, 3.2153635025024414, 29.858884811401367, 48.803985595703125, 16.348957061767578, 46.218814849853516, 88.08670806884766, 65.39369201660156, 19.039108276367188, 21.019168853759766, 32.991371154785156, 24.123310089111328, 18.792530059814453, 8.216283798217773, 7.007756233215332, 10.336474418640137, 13.70376968383789, 9.534335136413574, 6.053442478179932, 4.187490463256836, 7.143310546875, 9.179367065429688, 4.414538860321045, 4.397865295410156, 4.441164016723633, 4.170226097106934, 1.7427796125411987, 0.830371618270874, 1.0181304216384888, 0.8794916868209839, 0.6088060736656189, 0.45510438084602356, 0.05293423309922218, 0.0013557793572545052, 6.871074583614245e-05, 2.0846819097641855e-05, 3.2364343496738e-05], "lowlevel.erbbands.stdev": [0.6087149977684021, 1.382083773612976, 1.8535804748535156, 1.7313642501831055, 4.986217021942139, 40.490570068359375, 61.82691192626953, 26.389835357666016, 58.596981048583984, 125.86919403076172, 106.75810241699219, 38.87019729614258, 42.92389678955078, 88.97212982177734, 95.61553955078125, 45.2447624206543, 20.585294723510742, 14.877091407775879, 19.022396087646484, 37.51771545410156, 21.054115295410156, 13.681934356689453, 8.51587200164795, 15.950183868408203, 25.14482307434082, 12.842979431152344, 12.413836479187012, 14.070222854614258, 17.857900619506836, 7.083868503570557, 2.7107508182525635, 3.6578145027160645, 3.2927818298339844, 1.999250888824463, 1.4662281274795532, 0.16071392595767975, 0.003912192769348621, 0.00019972166046500206, 2.4611865228507668e-05, 2.2442283807322383e-05], "lowlevel.gfcc.mean": [-59.04351043701172, 136.5408935546875, -136.4845428466797, 9.740360260009766, -79.7730484008789, -12.981614112854004, -44.7458610534668, 0.7304152250289917, -24.043058395385742, 4.66691780090332, -7.432561874389648, -7.511603355407715, 7.066838264465332], "lowlevel.melbands.mean": [0.0010886656818911433, 0.0004492523439694196, 0.00018412250210531056, 0.0010567684657871723, 0.0017847897252067924, 0.0003747573937289417, 0.0007939742063172162, 0.000907319423276931, 0.00045045471051707864, 0.00010065422247862443, 0.00010837397712748498, 0.0001416061568306759, 7.962891686474904e-05, 7.106666453182697e-05, 2.3660688384552486e-05, 1.477467503718799e-05, 1.2554092791106086e-05, 1.6058798792073503e-05, 1.6775769836385734e-05, 1.5924955732771195e-05, 1.007786067930283e-05, 6.226506229722872e-06, 4.682816779677523e-06, 3.444185495027341e-06, 5.76362890569726e-06, 8.321032510139048e-06, 3.6728197301272303e-06, 2.8654835659835953e-06, 2.7606156436377205e-06, 2.681335899978876e-06, 2.6249958864354994e-06, 2.73442969955795e-06, 1.468473783461377e-06, 7.166731279539817e-07, 4.544120315586042e-07, 4.69760522037177e-07, 6.78535116094281e-07, 6.439285016313079e-07, 4.917848741570197e-07, 5.199340193939861e-07], "lowlevel.melbands.stdev": [0.003992569632828236, 0.0009171300334855914, 0.0002840773086063564, 0.0014405380934476852, 0.0021125550847500563, 0.0005992406513541937, 0.0009375723893754184, 0.0012397962855175138, 0.0007959729991853237, 0.00023483697441406548, 0.00022779181017540395, 0.0003854725800920278, 0.00030909801716916263, 0.00021365995053201914, 5.03816336276941e-05, 3.6568755604093894e-05, 2.902223241108004e-05, 3.502996332827024e-05, 4.206169614917599e-05, 4.3852476665051654e-05, 2.4523455067537725e-05, 1.6138334103743546e-05, 9.878872333501931e-06, 8.319449079863261e-06, 1.3630354260385502e-05, 2.3809496269677766e-05, 8.496623195242137e-06, 1.0380818821431603e-05, 8.726898158784024e-06, 7.2355173870164435e-06, 9.121807124756742e-06, 1.2045243238389958e-05, 6.812535048084101e-06, 2.674856204976095e-06, 1.5146762279982795e-06, 1.5565142348350491e-06, 2.607775513752131e-06, 2.4880316686903825e-06, 1.7844726016846835e-06, 1.672444000178075e-06], "lowlevel.melbands128.mean": [0.0002785514516290277, 0.0014975719386711717, 0.001260521705262363, 0.0006444070022553205, 0.00043842950253747404, 0.00025892272242344916, 0.00018368977180216461, 0.000133699897560291, 0.00018740506493486464, 0.0007053913432173431, 0.0018578128656372428, 0.002464765915647149, 0.00199430831708014, 0.0006854025414213538, 0.0002786683035083115, 0.00023381026403512806, 0.0003222564118914306, 0.001088561024516821, 0.0009778253734111786, 0.0012659751810133457, 0.0005808413843624294, 0.0007306119077838957, 0.0004820199101231992, 0.00012055235129082575, 9.846112516243011e-05, 7.563745020888746e-05, 0.00013138368376530707, 6.817435496486723e-05, 0.0001243973965756595, 0.00021851991186849773, 9.651209984440356e-05, 9.339060488855466e-05, 8.75444893608801e-05, 5.478620369103737e-05, 0.00010107499110745266, 6.936659337952733e-05, 4.010922202724032e-05, 1.5101078133739065e-05, 2.0329061953816563e-05, 1.8842520148609765e-05, 1.0544376891630236e-05, 1.3778803804598283e-05, 1.3105001016811002e-05, 1.0563260730123147e-05, 1.3523873349186033e-05, 2.065890294034034e-05, 1.554637674416881e-05, 1.0387566362624057e-05, 2.0969588149455376e-05, 2.456018773955293e-05, 1.3131574633007403e-05, 8.1162734204554e-06, 1.6618943845969625e-05, 6.4974092310876586e-06, 6.070941708458122e-06, 7.371810170297977e-06, 4.6199484131648205e-06, 6.595146260224283e-06, 4.054179953527637e-06, 2.3129214241635054e-06, 3.644746811914956e-06, 3.82237658413942e-06, 4.633169737644494e-06, 6.8420872594288085e-06, 6.719142675137846e-06, 9.166531526716426e-06, 9.982248229789548e-06, 3.338749593240209e-06, 3.0943065212341025e-06, 2.2659951355308294e-06, 2.353905983909499e-06, 3.7349973354139365e-06, 3.067880015805713e-06, 2.4884348022169434e-06, 2.334782720936346e-06, 3.1429003684024792e-06, 2.657950062712189e-06, 1.9433059605944436e-06, 2.7848543595609954e-06, 2.8877561817353126e-06, 3.4785909974743845e-06, 2.527462811485748e-06, 1.4386396287591197e-06, 1.5744232086944976e-06, 1.2574722632052726e-06, 8.161642313098127e-07, 5.066320909463684e-07, 4.911684072794742e-07, 4.822323944608797e-07, 3.9435900589523953e-07, 4.2901930896732665e-07, 4.401459250402695e-07, 6.157757752589532e-07, 8.06545131126768e-07, 6.16588522461825e-07, 5.785275334346807e-07, 7.379646831395803e-07, 6.268339234338782e-07, 3.9085247749426344e-07, 5.00583723805903e-07, 5.124253448229865e-07, 5.208493121244828e-07, 5.190898377804842e-07, 5.366067625800497e-07, 6.567680657099118e-07, 5.958081601420417e-07, 2.3219473632707377e-07, 1.002412304274003e-07, 3.3622104211872283e-08, 3.711604357192755e-09, 1.9363749492740112e-10, 1.6228537610962768e-11, 2.433186811756638e-11, 2.366743086235079e-11, 2.3326033812831604e-11, 1.9102221540667763e-11, 1.1277293335276717e-11, 7.587834874311916e-12, 4.064556850813528e-12, 3.962218140390883e-12, 3.888965538489941e-12, 3.766313649844477e-12, 3.689900815451175e-12, 3.624663069690115e-12, 3.541251927113853e-12, 3.4405720460151112e-12, 3.3804842605733576e-12, 3.3574020300020102e-12], "lowlevel.melbands128.stdev": [0.0010918183252215385, 0.005972676910459995, 0.004735492169857025, 0.0015765714924782515, 0.0011533673387020826, 0.0005811534938402474, 0.00041290928493253887, 0.00023251830134540796, 0.0003661704249680042, 0.0013962510274723172, 0.0029259109869599342, 0.0035607910249382257, 0.0028939915355294943, 0.0013187354197725654, 0.0006808843463659286, 0.0007308141211979091, 0.0006051157834008336, 0.0016303666634485126, 0.0013430335093289614, 0.002344456035643816, 0.0013523680390790105, 0.0015239565400406718, 0.0011427926365286112, 0.00046489271335303783, 0.0003572487912606448, 0.00026278203586116433, 0.0003827626642305404, 0.0002759553899522871, 0.0004016720922663808, 0.0007048992556519806, 0.0003882436722051352, 0.0005284845246933401, 0.00032847674447111785, 0.000627915549557656, 0.00033351461752317846, 0.00023005848925095052, 0.00014429567090701312, 3.0154838896123692e-05, 6.445684266509488e-05, 7.615342474309728e-05, 3.23187377944123e-05, 3.892792301485315e-05, 3.842600926873274e-05, 3.990586628788151e-05, 6.493950786534697e-05, 5.521102139027789e-05, 2.959010271297302e-05, 3.415148603380658e-05, 9.217110346071422e-05, 8.572974911658093e-05, 6.246862176340073e-05, 2.913620846811682e-05, 5.043546843808144e-05, 1.9075319869443774e-05, 3.676354754134081e-05, 2.077165299851913e-05, 1.8259685020893812e-05, 1.810927460610401e-05, 1.009104926197324e-05, 8.188329957192764e-06, 1.2517741197370924e-05, 9.937734830600675e-06, 1.632384373806417e-05, 2.054981086985208e-05, 1.892417458293494e-05, 3.182230648235418e-05, 3.733069388545118e-05, 8.983287443697918e-06, 8.39982840261655e-06, 6.235623459360795e-06, 7.6088690548203886e-06, 2.089088775392156e-05, 1.2127559784858022e-05, 7.408324563584756e-06, 7.342271601373795e-06, 9.031626177602448e-06, 7.06740365785663e-06, 6.537713943544077e-06, 9.627225153963082e-06, 1.2298519322939683e-05, 1.659759618632961e-05, 1.2609467376023531e-05, 7.18500132279587e-06, 7.906478458608035e-06, 6.0991005739197135e-06, 3.318152039355482e-06, 1.7020848872562055e-06, 1.7881299072541879e-06, 1.7423546978534432e-06, 1.4305031754702213e-06, 1.4927809388609603e-06, 1.5260402506100945e-06, 2.276337909279391e-06, 3.544790615706006e-06, 2.5308636395493522e-06, 2.2403528419090435e-06, 3.1234012567438185e-06, 2.573351366663701e-06, 1.5171955283221905e-06, 1.888347014755709e-06, 1.8631334341989714e-06, 1.7462826917835628e-06, 1.6169975651791901e-06, 1.734287252475042e-06, 2.345457005503704e-06, 2.1565117549471324e-06, 7.600744993396802e-07, 3.3807978638833447e-07, 1.1713772352095475e-07, 1.8437878779309358e-08, 1.3045431401792484e-09, 2.093299422689654e-10, 6.139334041144195e-10, 5.997852214889576e-10, 5.926686363899591e-10, 4.6255446695120384e-10, 2.1843941933052946e-10, 1.0837887531867096e-10, 6.27652617379848e-12, 6.1200272280514945e-12, 6.032941507472245e-12, 5.830963316355575e-12, 5.7142571924240215e-12, 5.616216259413109e-12, 5.5351292126137874e-12, 5.468232637528825e-12, 5.4198672459759845e-12, 5.390310160030554e-12], "lowlevel.mfcc.mean": [-698.5557250976562, 167.40773010253906, -11.939167022705078, 17.394189834594727, -18.15241050720215, -14.580276489257812, -11.377402305603027, -19.829288482666016, -2.4617788791656494, -10.832526206970215, -2.527186870574951, -3.46783185005188, 0.821463942527771], "lowlevel.spectral_contrast_coeffs.mean": [-0.5866475105285645, -0.6487420797348022, -0.733363926410675, -0.7810869812965393, -0.7872273325920105, -0.7137787342071533], "lowlevel.spectral_contrast_coeffs.stdev": [0.1264536827802658, 0.08038520812988281, 0.07182885706424713, 0.055073242634534836, 0.042454153299331665, 0.05774829909205437], "lowlevel.spectral_contrast_valleys.mean": [-7.47349739074707, -6.806855201721191, -7.687992572784424, -8.182943344116211, -8.376999855041504, -11.872296333312988], "lowlevel.spectral_contrast_valleys.stdev": [1.0020520687103271, 0.6082099676132202, 0.5733841061592102, 0.5744014382362366, 0.8569207787513733, 1.484647274017334], "rhythm.beats_loudness_band_ratio.mean": [0.12866513431072235, 0.35831716656684875, 0.3939037024974823, 0.08582895249128342, 0.026313655078411102, 0.017527302727103233], "rhythm.beats_loudness_band_ratio.stdev": [0.1977471113204956, 0.18589581549167633, 0.17586708068847656, 0.07691704481840134, 0.019946325570344925, 0.05312835052609444], "tonal.hpcp.mean": [0.35978052020072937, 0.17894062399864197, 0.018118778243660927, 0.017523599788546562, 0.030936701223254204, 0.1921594887971878, 0.34148481488227844, 0.1889467090368271, 0.04185554385185242, 0.048996452242136, 0.048370786011219025, 0.0950741246342659, 0.13481971621513367, 0.08508825302124023, 0.21160174906253815, 0.3504578769207001, 0.17828980088233948, 0.02153320424258709, 0.008140390738844872, 0.007529336493462324, 0.050887465476989746, 0.09596353769302368, 0.058057136833667755, 0.013441000133752823, 0.010623712092638016, 0.01686723344027996, 0.07288634777069092, 0.12303874641656876, 0.08295132219791412, 0.06766489148139954, 0.06642597913742065, 0.02735663577914238, 0.023367084562778473, 0.027980273589491844, 0.02284240536391735, 0.2028784602880478], "tonal.hpcp.stdev": [0.3796800971031189, 0.2037941813468933, 0.0834866613149643, 0.09902138262987137, 0.1222415640950203, 0.2566578984260559, 0.3936384618282318, 0.24882809817790985, 0.15457728505134583, 0.17730610072612762, 0.17811919748783112, 0.21843469142913818, 0.28849709033966064, 0.21111220121383667, 0.2522921562194824, 0.3899019956588745, 0.22955743968486786, 0.0915074422955513, 0.016414590179920197, 0.030451668426394463, 0.13735739886760712, 0.21966685354709625, 0.14823375642299652, 0.0588449202477932, 0.06868624687194824, 0.0855877548456192, 0.15627045929431915, 0.2437494397163391, 0.1771308034658432, 0.19305144250392914, 0.20529691874980927, 0.09355379641056061, 0.09974391013383865, 0.11581984907388687, 0.06756701320409775, 0.22828610241413116], "rhythm.beats_position": [0.39473921060562134, 0.8126984238624573, 1.2306575775146484, 1.6602267026901245, 2.0897958278656006, 2.5077550411224365, 2.9257142543792725, 3.3436734676361084, 3.7616326808929443, 4.179591655731201, 4.6207709312438965, 5.050340175628662, 5.479909420013428, 5.8978681564331055, 6.339047431945801, 6.768616676330566, 7.198185920715332, 7.616145133972168, 8.034104347229004, 8.4752836227417, 8.904852867126465, 9.334421157836914, 9.77560043334961, 10.228389739990234, 10.63473892211914, 11.052698135375977, 11.482267379760742, 11.911836624145508, 12.329795837402344, 12.75936508178711, 13.188934326171875, 13.61850357055664, 14.04807186126709, 14.477641105651855, 14.907210350036621, 15.336779594421387, 15.766348838806152, 16.1959171295166, 16.613876342773438, 17.043445587158203, 17.4846248626709, 17.914194107055664, 18.3321533203125, 18.761722564697266, 19.19129180908203, 19.620861053466797, 20.062040328979492, 20.503219604492188, 20.944398880004883, 21.37396812438965, 21.803537368774414, 22.24471664428711, 22.685895919799805, 23.1270751953125], "rhythm.bpm_histogram": [0.0, 0.0, 0.0, 0.0, 0.0, 0.0, 0.0, 0.0, 0.0, 0.0, 0.0, 0.0, 0.0, 0.0, 0.0, 0.0, 0.0, 0.0, 0.0, 0.0, 0.0, 0.0, 0.0, 0.0, 0.0, 0.0, 0.0, 0.0, 0.0, 0.0, 0.0, 0.0, 0.0, 0.0, 0.0, 0.0, 0.0, 0.0, 0.0, 0.0, 0.0, 0.0, 0.0, 0.0, 0.0, 0.0, 0.0, 0.0, 0.0, 0.0, 0.0, 0.0, 0.0, 0.0, 0.0, 0.0, 0.0, 0.0, 0.0, 0.0, 0.0, 0.0, 0.0, 0.0, 0.0, 0.0, 0.0, 0.0, 0.0, 0.0, 0.0, 0.0, 0.0, 0.0, 0.0, 0.0, 0.0, 0.0, 0.0, 0.0, 0.0, 0.0, 0.0, 0.0, 0.0, 0.0, 0.0, 0.0, 0.0, 0.0, 0.0, 0.0, 0.0, 0.0, 0.0, 0.0, 0.0, 0.0, 0.0, 0.0, 0.0, 0.0, 0.0, 0.0, 0.0, 0.0, 0.0, 0.0, 0.0, 0.0, 0.0, 0.0, 0.0, 0.0, 0.0, 0.0, 0.0, 0.0, 0.0, 0.0, 0.0, 0.0, 0.0, 0.0, 0.0, 0.0, 0.0, 0.0, 0.0, 0.0, 0.0, 0.0, 0.0, 0.01886792480945587, 0.0, 0.0, 0.2075471729040146, 0.0, 0.0, 0.0, 0.49056604504585266, 0.0, 0.0, 0.0, 0.2641509473323822, 0.0, 0.0, 0.0, 0.01886792480945587, 0.0, 0.0, 0.0, 0.0, 0.0, 0.0, 0.0, 0.0, 0.0, 0.0, 0.0, 0.0, 0.0, 0.0, 0.0, 0.0, 0.0, 0.0, 0.0, 0.0, 0.0, 0.0, 0.0, 0.0, 0.0, 0.0, 0.0, 0.0, 0.0, 0.0, 0.0, 0.0, 0.0, 0.0, 0.0, 0.0, 0.0, 0.0, 0.0, 0.0, 0.0, 0.0, 0.0, 0.0, 0.0, 0.0, 0.0, 0.0, 0.0, 0.0, 0.0, 0.0, 0.0, 0.0, 0.0, 0.0, 0.0, 0.0, 0.0, 0.0, 0.0, 0.0, 0.0, 0.0, 0.0, 0.0, 0.0, 0.0, 0.0, 0.0, 0.0, 0.0, 0.0, 0.0, 0.0, 0.0, 0.0, 0.0, 0.0, 0.0, 0.0, 0.0, 0.0, 0.0, 0.0, 0.0, 0.0, 0.0, 0.0, 0.0, 0.0, 0.0, 0.0, 0.0, 0.0, 0.0, 0.0, 0.0, 0.0, 0.0, 0.0], "tonal.chords_histogram": [39.29273223876953, 7.662082672119141, 8.44793701171875, 0.0, 0.0, 0.0, 0.0, 0.0, 0.3929273188114166, 0.0, 0.0, 0.0, 0.0, 0.0, 0.0, 0.7858546376228333, 0.0, 0.1964636594057083, 0.0, 0.5893909335136414, 0.0, 8.055009841918945, 18.074655532836914, 16.502946853637695], "tonal.thpcp": [1.0, 0.4973605275154114, 0.05036064237356186, 0.048706360161304474, 0.08598770201206207, 0.5341019630432129, 0.9491475820541382, 0.5251721739768982, 0.11633632332086563, 0.13618429005146027, 0.13444526493549347, 0.26425591111183167, 0.37472766637802124, 0.23650044202804565, 0.5881412029266357, 0.9740879535675049, 0.49555155634880066, 0.05985094606876373, 0.022625990211963654, 0.020927581936120987, 0.14144030213356018, 0.2667279839515686, 0.1613682061433792, 0.03735888749361038, 0.029528314247727394, 0.04688200727105141, 0.2025855928659439, 0.34198278188705444, 0.23056089878082275, 0.18807269632816315, 0.1846291720867157, 0.07603701204061508, 0.06494816392660141, 0.07777039706707001, 0.06348983198404312, 0.563895046710968], "lowlevel.gfcc.cov": [[3752.82568359375, -1663.1268310546875, 237.39349365234375, 632.40087890625, -509.5573425292969, 476.3668518066406, -293.0728454589844, 565.3512573242188, -283.5568542480469, 163.54640197753906, -86.37663269042969, -21.113235473632812, 181.34713745117188], [-1663.1268310546875, 2527.009765625, -214.94110107421875, -347.5716857910156, 828.1253662109375, -237.0306854248047, 597.5601196289062, -464.43939208984375, 452.05206298828125, -300.30633544921875, 204.11788940429688, -103.02811431884766, -155.45726013183594], [237.39349365234375, -214.94110107421875, 716.6580810546875, 306.09381103515625, 61.089168548583984, 330.6251525878906, -51.58778381347656, 206.17698669433594, -61.560123443603516, 116.58734130859375, -17.113475799560547, -6.4201226234436035, -62.36148452758789], [632.40087890625, -347.5716857910156, 306.09381103515625, 641.1632690429688, 25.843547821044922, 341.9110107421875, 120.76629638671875, 181.16883850097656, 107.59745788574219, -19.946956634521484, 70.1510009765625, -4.305548191070557, -84.3589096069336], [-509.5573425292969, 828.1253662109375, 61.089168548583984, 25.843547821044922, 443.5994567871094, 55.097442626953125, 230.84295654296875, -37.672210693359375, 162.51194763183594, -58.034263610839844, 69.07675170898438, -31.2074031829834, -55.51478958129883], [476.3668518066406, -237.0306854248047, 330.6251525878906, 341.9110107421875, 55.097442626953125, 588.407470703125, 147.0427703857422, 136.61514282226562, 94.51119995117188, 69.1982192993164, 84.21184539794922, 2.8762094974517822, -42.540557861328125], [-293.0728454589844, 597.5601196289062, -51.58778381347656, 120.76629638671875, 230.84295654296875, 147.0427703857422, 365.4673767089844, -102.13582611083984, 215.42880249023438, -94.84210205078125, 126.85307312011719, -21.739015579223633, -86.42854309082031], [565.3512573242188, -464.43939208984375, 206.17698669433594, 181.16883850097656, -37.672210693359375, 136.61514282226562, -102.13582611083984, 292.6451416015625, -97.13005065917969, 95.09815979003906, -31.20015525817871, 22.57798957824707, 54.33830261230469], [-283.5568542480469, 452.05206298828125, -61.560123443603516, 107.59745788574219, 162.51194763183594, 94.51119995117188, 215.42880249023438, -97.13005065917969, 302.7678527832031, -84.8066635131836, 105.59186553955078, 10.418191909790039, -58.98870849609375], [163.54640197753906, -300.30633544921875, 116.58734130859375, -19.946956634521484, -58.034263610839844, 69.1982192993164, -94.84210205078125, 95.09815979003906, -84.8066635131836, 151.2512664794922, -28.614980697631836, 23.253463745117188, 48.03364562988281], [-86.37663269042969, 204.11788940429688, -17.113475799560547, 70.1510009765625, 69.07675170898438, 84.21184539794922, 126.85307312011719, -31.20015525817871, 105.59186553955078, -28.614980697631836, 142.60064697265625, 32.2548828125, -16.426864624023438], [-21.113235473632812, -103.02811431884766, -6.4201226234436035, -4.305548191070557, -31.2074031829834, 2.8762094974517822, -21.739015579223633, 22.57798957824707, 10.418191909790039, 23.253463745117188, 32.2548828125, 96.27925109863281, 38.38361358642578], [181.34713745117188, -155.45726013183594, -62.36148452758789, -84.3589096069336, -55.51478958129883, -42.540557861328125, -86.42854309082031, 54.33830261230469, -58.98870849609375, 48.03364562988281, -16.426864624023438, 38.38361358642578, 136.22320556640625]], "lowlevel.gfcc.icov": [[0.0006898095598444343, -0.00069007946876809, 0.0006540633621625602, -0.0010259969858452678, 0.0014057684456929564, -0.0007862671045586467, 0.00057359499623999, -0.0011025347048416734, 0.0005485220463015139, -0.0002810937294270843, 0.00039098263368941844, 0.0004116122145205736, -0.0006428928463719785], [-0.00069007946876809, 0.006861330475658178, -0.003532162168994546, 0.005109882913529873, -0.00878838449716568, 0.003722582245245576, -0.00443758862093091, 0.004114973358809948, -0.0029849570710211992, 0.004707404412329197, -0.003919618204236031, 0.003107330296188593, -0.0008803847013041377], [0.0006540633621625602, -0.003532162168994546, 0.0051549687050282955, -0.003829228924587369, 0.0033853573258966208, -0.003426990006119013, 0.003945497330278158, -0.0026896933559328318, 0.0025168678257614374, -0.003742737928405404, 0.002261335728690028, -0.0017216344131156802, 0.0021399494726210833], [-0.0010259969858452678, 0.005109882913529873, -0.003829228924587369, 0.008179021067917347, -0.005739155225455761, 0.00229365355335176, -0.00426603714004159, 0.0006298800581134856, -0.0037170627620071173, 0.005460076034069061, -0.0035058241337537766, 0.002011936856433749, 0.0014042470138520002], [0.0014057684456929564, -0.00878838449716568, 0.0033853573258966208, -0.005739155225455761, 0.016164259985089302, -0.004166898317635059, 0.002656539436429739, -0.007324679289013147, 0.0024136588908731937, -0.005379841662943363, 0.0049516684375703335, -0.0021157509181648493, 0.0001237982214661315], [-0.0007862671045586467, 0.003722582245245576, -0.003426990006119013, 0.00229365355335176, -0.004166898317635059, 0.0062700361013412476, -0.004605457652360201, 0.001965105067938566, -0.002635059878230095, 0.0004015793092548847, -0.0029920972883701324, 0.002043902175500989, -0.0005188594223000109], [0.00057359499623999, -0.00443758862093091, 0.003945497330278158, -0.00426603714004159, 0.002656539436429739, -0.004605457652360201, 0.012116281315684319, -0.0011462531983852386, 0.0007025871891528368, -0.001938163535669446, -0.0008001049282029271, -0.0007786983042024076, 0.0022361683659255505], [-0.0011025347048416734, 0.004114973358809948, -0.0026896933559328318, 0.0006298800581134856, -0.007324679289013147, 0.001965105067938566, -0.0011462531983852386, 0.011525271460413933, -1.3159260561224073e-05, 0.00040112005081027746, -0.0015134712448343635, 0.00011855384946102276, -0.0027364862617105246], [0.0005485220463015139, -0.0029849570710211992, 0.0025168678257614374, -0.0037170627620071173, 0.0024136588908731937, -0.002635059878230095, 0.0007025871891528368, -1.3159260561224073e-05, 0.008888677693903446, -0.0009582315105944872, 0.00047761097084730864, -0.0031188223510980606, 0.0004487776313908398], [-0.0002810937294270843, 0.004707404412329197, -0.003742737928405404, 0.005460076034069061, -0.005379841662943363, 0.0004015793092548847, -0.001938163535669446, 0.00040112005081027746, -0.0009582315105944872, 0.015841400250792503, -0.002452126005664468, 0.0008049440803006291, -0.00256585911847651], [0.00039098263368941844, -0.003919618204236031, 0.002261335728690028, -0.0035058241337537766, 0.0049516684375703335, -0.0029920972883701324, -0.0008001049282029271, -0.0015134712448343635, 0.00047761097084730864, -0.002452126005664468, 0.015276270918548107, -0.006772156339138746, -0.0001279646239709109], [0.0004116122145205736, 0.003107330296188593, -0.0017216344131156802, 0.002011936856433749, -0.0021157509181648493, 0.002043902175500989, -0.0007786983042024076, 0.00011855384946102276, -0.0031188223510980606, 0.0008049440803006291, -0.006772156339138746, 0.017059192061424255, -0.004567176569253206], [-0.0006428928463719785, -0.0008803847013041377, 0.0021399494726210833, 0.0014042470138520002, 0.0001237982214661315, -0.0005188594223000109, 0.0022361683659255505, -0.0027364862617105246, 0.0004487776313908398, -0.00256585911847651, -0.0001279646239709109, -0.004567176569253206, 0.01381059642881155]], "lowlevel.mfcc.cov": [[3777.974853515625, -2029.5601806640625, 558.0361938476562, 13.9981050491333, 98.1390380859375, -152.06752014160156, 250.26194763183594, 49.915191650390625, 163.89578247070312, 178.67330932617188, -108.58312225341797, 3.0030157566070557, -5.825805187225342], [-2029.5601806640625, 2712.296142578125, -752.3726806640625, 82.35820770263672, 13.476831436157227, 247.09649658203125, -59.80938720703125, 104.33181762695312, -84.1668930053711, -34.48783493041992, 100.88717651367188, -6.52493143081665, -28.11031150817871], [558.0361938476562, -752.3726806640625, 790.6326293945312, 38.70341491699219, 200.5265655517578, 169.94381713867188, 157.36178588867188, 154.12217712402344, 23.424015045166016, 163.09466552734375, 51.912322998046875, 89.9651870727539, 18.843170166015625], [13.9981050491333, 82.35820770263672, 38.70341491699219, 330.01007080078125, 86.72491455078125, 9.238855361938477, 33.53750991821289, 139.16905212402344, 5.1045708656311035, 36.56639862060547, 42.311580657958984, 48.150550842285156, 9.724963188171387], [98.1390380859375, 13.476831436157227, 200.5265655517578, 86.72491455078125, 269.4224548339844, 68.5845718383789, 112.47229766845703, 104.86873626708984, 72.80608367919922, 89.29741668701172, 43.944149017333984, 58.73662567138672, 30.359825134277344], [-152.06752014160156, 247.09649658203125, 169.94381713867188, 9.238855361938477, 68.5845718383789, 475.2012939453125, 76.45476531982422, 283.9691467285156, -38.21975326538086, 212.0179901123047, 115.58573150634766, 63.41265869140625, 34.357391357421875], [250.26194763183594, -59.80938720703125, 157.36178588867188, 33.53750991821289, 112.47229766845703, 76.45476531982422, 256.1033935546875, 63.48111343383789, 47.7615966796875, 97.82343292236328, 28.749412536621094, 20.505403518676758, -4.988354206085205], [49.915191650390625, 104.33181762695312, 154.12217712402344, 139.16905212402344, 104.86873626708984, 283.9691467285156, 63.48111343383789, 392.6014404296875, -36.37812805175781, 189.08558654785156, 98.93321228027344, 74.95606231689453, 50.53194046020508], [163.89578247070312, -84.1668930053711, 23.424015045166016, 5.1045708656311035, 72.80608367919922, -38.21975326538086, 47.7615966796875, -36.37812805175781, 144.9963836669922, 7.784395217895508, -7.249648571014404, -1.4831124544143677, 11.955316543579102], [178.67330932617188, -34.48783493041992, 163.09466552734375, 36.56639862060547, 89.29741668701172, 212.0179901123047, 97.82343292236328, 189.08558654785156, 7.784395217895508, 224.23146057128906, 58.665470123291016, 32.52820587158203, 22.589824676513672], [-108.58312225341797, 100.88717651367188, 51.912322998046875, 42.311580657958984, 43.944149017333984, 115.58573150634766, 28.749412536621094, 98.93321228027344, -7.249648571014404, 58.665470123291016, 103.25684356689453, 39.26144027709961, 16.885822296142578], [3.0030157566070557, -6.52493143081665, 89.9651870727539, 48.150550842285156, 58.73662567138672, 63.41265869140625, 20.505403518676758, 74.95606231689453, -1.4831124544143677, 32.52820587158203, 39.26144027709961, 101.0564956665039, 11.094598770141602], [-5.825805187225342, -28.11031150817871, 18.843170166015625, 9.724963188171387, 30.359825134277344, 34.357391357421875, -4.988354206085205, 50.53194046020508, 11.955316543579102, 22.589824676513672, 16.885822296142578, 11.094598770141602, 84.61947631835938]], "lowlevel.mfcc.icov": [[0.000534743710886687, 0.0004083538078702986, 0.000155667366925627, -1.2561147741507739e-05, -2.1573096091742627e-05, 0.00012494473776314408, -0.0003422191075515002, -0.0002717947354540229, -0.0002866697032004595, -0.0003387035394553095, 0.00044792317203246057, -1.713502933853306e-05, 0.00028217589715495706], [0.0004083538078702986, 0.0010768837528303266, 0.0011252727126702666, -0.00015550800890196115, -0.0008671951945871115, -0.0007299959543161094, -0.00031431677052751184, -0.00010116044722963125, 0.00023950851755216718, 0.0002153068344341591, -9.004516869026702e-06, 9.138368477579206e-05, 0.0007010529516264796], [0.000155667366925627, 0.0011252727126702666, 0.0031875038985162973, 2.806929660437163e-05, -0.002068340079858899, -0.0011490440228953958, -0.0006445550243370235, 0.00013358770229388028, 0.0008804996614344418, -0.0001906548422994092, 3.3120195439551026e-05, -0.0008538812980987132, 0.0007941942312754691], [-1.2561147741507739e-05, -0.00015550800890196115, 2.806929660437163e-05, 0.004402141086757183, -0.0006775608053430915, 0.0016578889917582273, -0.00014140934217721224, -0.002394192386418581, -0.0001367021759506315, 0.00032402609940618277, -0.0009092315449379385, -0.0007980623631738126, 0.0006455425173044205], [-2.1573096091742627e-05, -0.0008671951945871115, -0.002068340079858899, -0.0006775608053430915, 0.007948653772473335, 0.0013976666377857327, -0.001339089241810143, -0.0007117069908417761, -0.0033116808626800776, -0.0011516095837578177, -0.000300335610518232, -0.001959637040272355, -0.0017321740742772818], [0.00012494473776314408, -0.0007299959543161094, -0.0011490440228953958, 0.0016578889917582273, 0.0013976666377857327, 0.006436193827539682, -0.00012676767073571682, -0.0026294260751456022, 1.57100148499012e-05, -0.0032772584818303585, -0.0023238365538418293, -0.0007028644904494286, -0.0002919791731983423], [-0.0003422191075515002, -0.00031431677052751184, -0.0006445550243370235, -0.00014140934217721224, -0.001339089241810143, -0.00012676767073571682, 0.005935197696089745, 0.0005549408379010856, -0.0009004235616885126, -0.0016860145842656493, -0.0006455082911998034, 0.0005193016841076314, 0.0012202401412650943], [-0.0002717947354540229, -0.00010116044722963125, 0.00013358770229388028, -0.002394192386418581, -0.0007117069908417761, -0.0026294260751456022, 0.0005549408379010856, 0.007784262299537659, 0.0020268422085791826, -0.0029526958242058754, -0.0010030855191871524, -0.001183303422294557, -0.0022425504866987467], [-0.0002866697032004595, 0.00023950851755216718, 0.0008804996614344418, -0.0001367021759506315, -0.0033116808626800776, 1.57100148499012e-05, -0.0009004235616885126, 0.0020268422085791826, 0.00984574668109417, -0.0005912388442084193, -0.0001227550528710708, 0.0004433545982465148, -0.001469024340622127], [-0.0003387035394553095, 0.0002153068344341591, -0.0001906548422994092, 0.00032402609940618277, -0.0011516095837578177, -0.0032772584818303585, -0.0016860145842656493, -0.0029526958242058754, -0.0005912388442084193, 0.011477666907012463, -0.00041800999315455556, 0.0017194265965372324, 0.00033855464425869286], [0.00044792317203246057, -9.004516869026702e-06, 3.3120195439551026e-05, -0.0009092315449379385, -0.000300335610518232, -0.0023238365538418293, -0.0006455082911998034, -0.0010030855191871524, -0.0001227550528710708, -0.00041800999315455556, 0.01593141257762909, -0.003059045411646366, -0.0009118973976001143], [-1.713502933853306e-05, 9.138368477579206e-05, -0.0008538812980987132, -0.0007980623631738126, -0.001959637040272355, -0.0007028644904494286, 0.0005193016841076314, -0.001183303422294557, 0.0004433545982465148, 0.0017194265965372324, -0.003059045411646366, 0.014004387892782688, 0.0002893814234994352], [0.00028217589715495706, 0.0007010529516264796, 0.0007941942312754691, 0.0006455425173044205, -0.0017321740742772818, -0.0002919791731983423, 0.0012202401412650943, -0.0022425504866987467, -0.001469024340622127, 0.00033855464425869286, -0.0009118973976001143, 0.0002893814234994352, 0.014231210574507713]], "metadata.audio_properties.analysis.downmix": "mix", "metadata.audio_properties.codec": "mp3", "metadata.audio_properties.md5_encoded": "d790705581d7bec389985876c56fdcc6", "metadata.tags.file_name": "1183655701709598770.mp3", "metadata.version.essentia": "2.1-beta6-dev", "metadata.version.essentia_git_sha": "v2.1_beta5-1110-g77a6a954", "metadata.version.extractor": "music 2.0", "tonal.chords_key": "D", "tonal.chords_scale": "major", "tonal.key_edma.key": "D", "tonal.key_edma.scale": "major", "tonal.key_krumhansl.key": "D", "tonal.key_krumhansl.scale": "major", "tonal.key_temperley.key": "D", "tonal.key_temperley.scale": "major", "metadata.tags.encoding": ["Lavf58.45.100"]}, "essentia_models": [{"model_name": "genre_dortmund", "activatio