{"song_id": "1183656650666692651", "download": "https://cdn.discordapp.com/attachments/1135903449314238464/1183656650666692651/chirp.mp4?ex=65892128&amp", "lyrics": "(Outro)\nIn the rhythm of life, words dance and sing,\n\u751f\u6d3b\u7684\u8282\u594f\u4e2d\uff0c\u8bcd\u8bed\u8df3\u8dc3\u548c\u6b4c\u5531\uff0c\nEnglish in action, let your heart ring!\n\u884c\u52a8\u4e2d\u7684\u82f1\u8bed\uff0c\u8ba9\u4f60\u7684\u5fc3\u7075\u5171\u9e23\uff01", "style": ["Chinese pop"], "essentia_features": {"lowlevel.average_loudness": 0.9745177030563354, "lowlevel.barkbands_crest.mean": 14.372896194458008, "lowlevel.barkbands_crest.stdev": 5.428940773010254, "lowlevel.barkbands_flatness_db.mean": 0.24170146882534027, "lowlevel.barkbands_flatness_db.stdev": 0.08000507950782776, "lowlevel.barkbands_kurtosis.mean": 32.5643196105957, "lowlevel.barkbands_kurtosis.stdev": 60.00080108642578, "lowlevel.barkbands_skewness.mean": 3.699345588684082, "lowlevel.barkbands_skewness.stdev": 2.9863178730010986, "lowlevel.barkbands_spread.mean": 14.879281997680664, "lowlevel.barkbands_spread.stdev": 21.305164337158203, "lowlevel.dissonance.mean": 0.43123960494995117, "lowlevel.dissonance.stdev": 0.03821312636137009, "lowlevel.dynamic_complexity": 2.5526955127716064, "lowlevel.erbbands_crest.mean": 12.811985969543457, "lowlevel.erbbands_crest.stdev": 5.919986724853516, "lowlevel.erbbands_flatness_db.mean": 0.17101536691188812, "lowlevel.erbbands_flatness_db.stdev": 0.05163451284170151, "lowlevel.erbbands_kurtosis.mean": 3.7111260890960693, "lowlevel.erbbands_kurtosis.stdev": 5.9222259521484375, "lowlevel.erbbands_skewness.mean": 1.147849678993225, "lowlevel.erbbands_skewness.stdev": 1.3232446908950806, "lowlevel.erbbands_spread.mean": 40.14828109741211, "lowlevel.erbbands_spread.stdev": 24.598344802856445, "lowlevel.hfc.mean": 23.38320541381836, "lowlevel.hfc.stdev": 24.803730010986328, "lowlevel.loudness_ebu128.integrated": -11.64583683013916, "lowlevel.loudness_ebu128.loudness_range": 1.2694644927978516, "lowlevel.loudness_ebu128.momentary.mean": -12.096192359924316, "lowlevel.loudness_ebu128.momentary.stdev": 2.260040283203125, "lowlevel.loudness_ebu128.short_term.mean": -11.639520645141602, "lowlevel.loudness_ebu128.short_term.stdev": 0.7577252984046936, "lowlevel.melbands_crest.mean": 19.843721389770508, "lowlevel.melbands_crest.stdev": 6.007975101470947, "lowlevel.melbands_flatness_db.mean": 0.3253862261772156, "lowlevel.melbands_flatness_db.stdev": 0.1004425585269928, "lowlevel.melbands_kurtosis.mean": 58.61695098876953, "lowlevel.melbands_kurtosis.stdev": 90.44548034667969, "lowlevel.melbands_skewness.mean": 4.6723198890686035, "lowlevel.melbands_skewness.stdev": 3.2561194896698, "lowlevel.melbands_spread.mean": 11.728638648986816, "lowlevel.melbands_spread.stdev": 18.520723342895508, "lowlevel.pitch_salience.mean": 0.40204405784606934, "lowlevel.pitch_salience.stdev": 0.13381189107894897, "lowlevel.silence_rate_20dB.mean": 0.9956284165382385, "lowlevel.silence_rate_20dB.stdev": 0.06597315520048141, "lowlevel.silence_rate_30dB.mean": 0.8032786846160889, "lowlevel.silence_rate_30dB.stdev": 0.39751869440078735, "lowlevel.silence_rate_60dB.mean": 0.006557377055287361, "lowlevel.silence_rate_60dB.stdev": 0.08071120828390121, "lowlevel.spectral_centroid.mean": 704.819580078125, "lowlevel.spectral_centroid.stdev": 673.2765502929688, "lowlevel.spectral_complexity.mean": 11.109289169311523, "lowlevel.spectral_complexity.stdev": 5.698727607727051, "lowlevel.spectral_decrease.mean": -1.8434240800502266e-08, "lowlevel.spectral_decrease.stdev": 1.9848481969120257e-08, "lowlevel.spectral_energy.mean": 0.07169601321220398, "lowlevel.spectral_energy.stdev": 0.07517197728157043, "lowlevel.spectral_energyband_high.mean": 0.0011262065963819623, "lowlevel.spectral_energyband_high.stdev": 0.0027012373320758343, "lowlevel.spectral_energyband_low.mean": 0.05101713910698891, "lowlevel.spectral_energyband_low.stdev": 0.0763121023774147, "lowlevel.spectral_energyband_middle_high.mean": 0.00354973622597754, "lowlevel.spectral_energyband_middle_high.stdev": 0.008321286179125309, "lowlevel.spectral_energyband_middle_low.mean": 0.01656333915889263, "lowlevel.spectral_energyband_middle_low.stdev": 0.01551984716206789, "lowlevel.spectral_entropy.mean": 7.038158416748047, "lowlevel.spectral_entropy.stdev": 0.6949664354324341, "lowlevel.spectral_flux.mean": 0.11407503485679626, "lowlevel.spectral_flux.stdev": 0.10478337109088898, "lowlevel.spectral_kurtosis.mean": 7.728931427001953, "lowlevel.spectral_kurtosis.stdev": 9.533251762390137, "lowlevel.spectral_rms.mean": 0.007484314031898975, "lowlevel.spectral_rms.stdev": 0.00373260909691453, "lowlevel.spectral_rolloff.mean": 936.9169921875, "lowlevel.spectral_rolloff.stdev": 2072.36572265625, "lowlevel.spectral_skewness.mean": 2.182293653488159, "lowlevel.spectral_skewness.stdev": 0.9367235898971558, "lowlevel.spectral_spread.mean": 6077073.5, "lowlevel.spectral_spread.stdev": 2806101.25, "lowlevel.spectral_strongpeak.mean": 1.1365917921066284, "lowlevel.spectral_strongpeak.stdev": 1.292856216430664, "lowlevel.zerocrossingrate.mean": 0.04456433653831482, "lowlevel.zerocrossingrate.stdev": 0.05242600291967392, "metadata.audio_properties.analysis.equal_loudness": 0.0, "metadata.audio_properties.analysis.length": 21.2053279876709, "metadata.audio_properties.analysis.sample_rate": 44100.0, "metadata.audio_properties.analysis.start_time": 0.0, "metadata.audio_properties.bit_rate": 114676.0, "metadata.audio_properties.length": 21.205333709716797, "metadata.audio_properties.lossless": 0.0, "metadata.audio_properties.number_channels": 1.0, "metadata.audio_properties.replay_gain": -12.962108612060547, "metadata.audio_properties.sample_rate": 48000.0, "rhythm.beats_count": 34.0, "rhythm.beats_loudness.mean": 0.11805437505245209, "rhythm.beats_loudness.stdev": 0.08692526072263718, "rhythm.bpm": 97.79716491699219, "rhythm.bpm_histogram_first_peak_bpm": 98.0, "rhythm.bpm_histogram_first_peak_weight": 0.06060600280761719, "rhythm.bpm_histogram_second_peak_bpm": 0.0, "rhythm.bpm_histogram_second_peak_spread": 0.0, "rhythm.bpm_histogram_second_peak_weight": 0.0, "rhythm.danceability": 1.7401221990585327, "rhythm.onset_rate": 3.3925397396087646, "tonal.chords_changes_rate": 0.034934498369693756, "tonal.chords_number_rate": 0.008733624592423439, "tonal.chords_strength.mean": 0.49755555391311646, "tonal.chords_strength.stdev": 0.06865079700946808, "tonal.hpcp_crest.mean": 15.811100006103516, "tonal.hpcp_crest.stdev": 6.315835952758789, "tonal.hpcp_entropy.mean": 1.6366298198699951, "tonal.hpcp_entropy.stdev": 0.6030515432357788, "tonal.key_edma.strength": 0.6811955571174622, "tonal.key_krumhansl.strength": 0.6904553174972534, "tonal.key_temperley.strength": 0.7026492953300476, "tonal.tuning_diatonic_strength": 0.5961175560951233, "tonal.tuning_equal_tempered_deviation": 0.253124475479126, "tonal.tuning_frequency": 434.193115234375, "tonal.tuning_nontempered_energy_ratio": 0.9750337600708008, "lowlevel.barkbands.mean": [0.0020763149950653315, 0.04005947709083557, 0.008470163680613041, 0.0014770241687074304, 0.006746005266904831, 0.0045779915526509285, 0.0008644020999781787, 0.0011666365899145603, 0.0014529719483107328, 0.000780233065597713, 0.0013476141029968858, 0.0004527841811068356, 0.00020648917416110635, 0.00012372020864859223, 0.0003371531784068793, 0.00018520111916586757, 7.255531818373129e-05, 6.20098362560384e-05, 7.480108615709469e-05, 7.72684215917252e-05, 4.232906212564558e-05, 4.1233462980017066e-05, 0.00028136392938904464, 0.00040427871863357723, 0.00024735560873523355, 6.850117642898113e-05, 1.9402581585836742e-07], "lowlevel.barkbands.stdev": [0.005530774127691984, 0.06977847218513489, 0.014735274016857147, 0.0037478317972272635, 0.010917114093899727, 0.007573144510388374, 0.002835599472746253, 0.004620485007762909, 0.005100644659250975, 0.003154143923893571, 0.006015809718519449, 0.001691515906713903, 0.001162922941148281, 0.00030087033519521356, 0.00080986472312361, 0.00039394592749886215, 0.0001832743000704795, 0.0001290450745727867, 0.00013366725761443377, 0.0002139813150279224, 0.00012616763706319034, 0.00011846833513118327, 0.0009855529060587287, 0.0010357461869716644, 0.0006952887633815408, 0.00020747004600707442, 1.0721652188294684e-06], "lowlevel.erbbands.mean": [1.2500152587890625, 8.398720741271973, 12.647368431091309, 5.694095611572266, 8.806446075439453, 24.650440216064453, 45.741127014160156, 35.334102630615234, 12.849996566772461, 21.69455337524414, 21.39273452758789, 35.22760772705078, 27.244495391845703, 49.5577392578125, 36.32261657714844, 18.442373275756836, 10.668095588684082, 7.604419231414795, 15.454237937927246, 12.078252792358398, 8.87851333618164, 4.110564231872559, 3.1999173164367676, 4.761458396911621, 3.1625888347625732, 3.6199891567230225, 2.3613734245300293, 1.3143668174743652, 1.3681426048278809, 3.7064757347106934, 9.038458824157715, 8.406729698181152, 6.6257734298706055, 3.643660068511963, 1.3133163452148438, 0.4542444348335266, 0.09752589464187622, 0.005800378974527121, 0.00017790345009416342, 9.182868961943313e-05], "lowlevel.erbbands.stdev": [2.620842695236206, 14.678213119506836, 18.78946876525879, 13.887272834777832, 13.906109809875488, 46.702720642089844, 83.26150512695312, 66.76588439941406, 31.816513061523438, 82.20732879638672, 77.0620346069336, 110.29589080810547, 111.01591491699219, 203.99508666992188, 152.8037567138672, 64.96141815185547, 58.60142517089844, 17.063634872436523, 32.45235824584961, 27.516342163085938, 20.103729248046875, 10.463303565979004, 6.848517894744873, 8.238898277282715, 6.1822829246521, 10.369958877563477, 7.146256923675537, 3.822625160217285, 4.025375843048096, 12.282482147216797, 31.36385154724121, 25.013261795043945, 16.693984985351562, 10.743119239807129, 3.6342380046844482, 1.341719388961792, 0.3276338577270508, 0.02263008989393711, 0.00047549710143357515, 8.507455640938133e-05], "lowlevel.gfcc.mean": [-22.40196990966797, 111.39031219482422, -71.58417510986328, 24.082509994506836, -43.96242141723633, 33.05414581298828, -52.45488357543945, 20.37198257446289, -23.9753475189209, -0.06561300158500671, -5.570406436920166, -6.536562442779541, -2.8209664821624756], "lowlevel.melbands.mean": [0.011185732670128345, 0.007917890325188637, 0.001127889845520258, 0.0011099237017333508, 0.001607667189091444, 0.000762511626817286, 0.00019353632524143904, 0.00024956106790341437, 0.00015678936324547976, 0.00023985400912351906, 0.00012831941421609372, 0.00018775256467051804, 0.00013950398715678602, 6.569212564500049e-05, 2.8721298804157414e-05, 2.0612167645595036e-05, 1.281989534618333e-05, 2.1837036911165342e-05, 2.3556673113489524e-05, 1.4302322597359307e-05, 8.837376299197786e-06, 4.306190476199845e-06, 3.076203256568988e-06, 2.913345952038071e-06, 4.11584824178135e-06, 2.0717375264212023e-06, 2.486962785042124e-06, 2.409073431408615e-06, 1.6342017943316023e-06, 9.962928970708163e-07, 6.705976147713955e-07, 6.804035592722357e-07, 9.375324907523463e-07, 2.550559884184622e-06, 5.161006356502185e-06, 5.352301741368137e-06, 5.1989050007250626e-06, 4.938466645398876e-06, 3.702416961459676e-06, 2.9062398425594438e-06], "lowlevel.melbands.stdev": [0.021035902202129364, 0.011424753814935684, 0.002274341182783246, 0.0017550034681335092, 0.0027559895534068346, 0.001359563902951777, 0.0005235291318967938, 0.0009730152669362724, 0.0005859234952367842, 0.0008131221984513104, 0.0005589339998550713, 0.0007781238527968526, 0.0005767680704593658, 0.00025797562557272613, 0.00011548015754669905, 8.606519986642525e-05, 3.3297474146820605e-05, 4.6210348955355585e-05, 7.254328374983743e-05, 2.8592667149496265e-05, 2.1497804482351057e-05, 1.1367063052603044e-05, 7.917739822005387e-06, 6.034992111381143e-06, 7.267467026395025e-06, 4.106679625692777e-06, 5.820551450597122e-06, 7.450480097759282e-06, 5.22902655575308e-06, 2.941311549875536e-06, 2.000605718421866e-06, 2.090107045660261e-06, 2.7643229714158224e-06, 8.977761353889946e-06, 1.783146581146866e-05, 1.933636303874664e-05, 1.455264828109648e-05, 1.2315099411353003e-05, 1.0577507055131719e-05, 8.849822734191548e-06], "lowlevel.melbands128.mean": [0.0018721841042861342, 0.009767236188054085, 0.015344821847975254, 0.013611969538033009, 0.008377394638955593, 0.003250277601182461, 0.000938617333304137, 0.0008097339887171984, 0.0008638441213406622, 0.0008465848513878882, 0.0013870832044631243, 0.00200137821957469, 0.0017701173201203346, 0.001000510063022375, 0.0010158746736124158, 0.00046727017615921795, 0.00014319327601697296, 0.00016734770906623453, 0.00021901167929172516, 0.00024304194084834307, 0.00029061755049042404, 0.00018121712491847575, 0.00016460542974527925, 8.749886910663918e-05, 0.000181934519787319, 0.0004016919119749218, 0.00014669535448774695, 0.0001224667503265664, 4.990401794202626e-05, 0.00012832957145292312, 0.0002862780529540032, 0.00023151474306359887, 7.850713154766709e-05, 0.0001443352084606886, 5.815402982989326e-05, 5.5436692491639405e-05, 4.921651634504087e-05, 2.050556031463202e-05, 2.2853129848954268e-05, 2.4905975806177594e-05, 2.1963489416521043e-05, 1.087999771698378e-05, 1.140777749242261e-05, 1.6651656551402994e-05, 8.513608008797746e-06, 2.5581657610018738e-05, 3.447828203206882e-05, 2.8607149943127297e-05, 1.6254978618235327e-05, 8.719643119547982e-06, 1.7163245502160862e-05, 1.7650463632890023e-05, 8.645902198622935e-06, 6.446815405070083e-06, 4.977798198524397e-06, 4.158791853114963e-06, 3.5201528589823283e-06, 3.4848294490075205e-06, 2.696113142519607e-06, 2.7884034352609888e-06, 2.1504827145690797e-06, 3.0653077374154236e-06, 6.3364195739268325e-06, 3.773775006266078e-06, 1.907650357679813e-06, 1.981477680601529e-06, 2.227490995210246e-06, 2.13098405765777e-06, 2.7839480480906786e-06, 2.568924855950172e-06, 2.3335426249104785e-06, 2.59114904110902e-06, 1.8516232103138464e-06, 1.4568029200745514e-06, 1.3312958344613435e-06, 1.0956008509310777e-06, 8.01593500909803e-07, 7.222224098768493e-07, 6.835623480583308e-07, 5.668325115948392e-07, 6.646802148679853e-07, 6.827821152910474e-07, 8.131526669785671e-07, 8.634464734313951e-07, 1.1002589417330455e-06, 1.7689243350105244e-06, 2.9199416076153284e-06, 4.308011284592794e-06, 5.30702664036653e-06, 5.792464889964322e-06, 5.903309101995546e-06, 5.1436750254652e-06, 4.561310106510064e-06, 5.213854365138104e-06, 5.804055945191067e-06, 4.948817604599753e-06, 4.934735443384852e-06, 4.442666067916434e-06, 3.885820206050994e-06, 3.121382405879558e-06, 3.236325483157998e-06, 2.9488558084267424e-06, 2.52593781624455e-06, 1.8543869373388588e-06, 1.3035496522206813e-06, 1.0263838703394867e-06, 9.309497954745893e-07, 9.734355899126967e-07, 8.693641575518996e-07, 5.663814590661786e-07, 4.533038975296222e-07, 3.510097883463459e-07, 3.3194766047017765e-07, 1.8472375984401879e-07, 8.33162374647145e-08, 3.2259094950859435e-08, 8.378442828416155e-09, 6.999229529291995e-10, 9.181793519941195e-11, 2.6383558532350193e-11, 1.662505896837807e-11, 1.1453126641525202e-11, 1.1054527085385679e-11, 1.0803367749001591e-11, 1.047871078102558e-11, 1.0096263235170877e-11, 9.882511475822753e-12, 9.808905424013581e-12], "lowlevel.melbands128.stdev": [0.005231514573097229, 0.02294723317027092, 0.032392892986536026, 0.023198125883936882, 0.01231775525957346, 0.00633151875808835, 0.002979142591357231, 0.0017557587707415223, 0.0015415357192978263, 0.0020251681562513113, 0.0030474141240119934, 0.004554174840450287, 0.0038999083917587996, 0.002081806305795908, 0.002315421123057604, 0.0011665960773825645, 0.00045107450569048524, 0.0007439306355081499, 0.0008555504027754068, 0.0012151107657700777, 0.0014640635345131159, 0.0009522915934212506, 0.0006715432391501963, 0.0005966993048787117, 0.000602682470344007, 0.0016406300710514188, 0.000905172317288816, 0.000869128736667335, 0.00024080756702460349, 0.0006628208793699741, 0.0013964006211608648, 0.0013315001269802451, 0.0004856579762417823, 0.0009000381105579436, 0.0003205466200597584, 0.00034904811764135957, 0.00019319271086715162, 5.943849100731313e-05, 0.0002772811858449131, 0.00017050681344699115, 6.0926246078452095e-05, 5.089559272164479e-05, 3.6211960832588375e-05, 5.5431275541195646e-05, 2.423558726150077e-05, 6.55937910778448e-05, 0.00010156376083614305, 0.00012986913498025388, 6.768081948393956e-05, 2.4016122551984154e-05, 4.408285894896835e-05, 4.494382665143348e-05, 4.183102282695472e-05, 1.4515826478600502e-05, 1.3735376342083327e-05, 1.3882427992939483e-05, 1.4377848856383935e-05, 1.2577354937093332e-05, 6.373486485244939e-06, 7.678685506107286e-06, 6.026778464729432e-06, 7.508582257287344e-06, 1.443413657398196e-05, 7.310954060812946e-06, 4.260918558429694e-06, 4.657086719817016e-06, 5.031214186601574e-06, 5.280462119117146e-06, 7.487035873054992e-06, 7.927753358671907e-06, 8.670560418977402e-06, 8.724072358745616e-06, 6.277015017985832e-06, 5.459349722514162e-06, 4.110547706659418e-06, 3.339974227856146e-06, 2.549801138229668e-06, 2.438299588902737e-06, 2.152642082364764e-06, 1.760554710017459e-06, 2.3009260985418223e-06, 2.283914227518835e-06, 2.8683768960036105e-06, 2.6316013190808007e-06, 3.4078061617037747e-06, 6.774940629838966e-06, 1.1226329661440104e-05, 1.534809052827768e-05, 1.8572027329355478e-05, 2.1074965843581595e-05, 2.4401533664786257e-05, 1.8857839677366428e-05, 1.624622382223606e-05, 1.6412281183875166e-05, 1.4519569958793e-05, 1.2705193512374535e-05, 1.3027547538513318e-05, 1.239488847204484e-05, 1.2005788448732346e-05, 9.968654012482148e-06, 1.0594365448923782e-05, 9.360676813230384e-06, 7.748378266114742e-06, 6.064014996809419e-06, 4.3353425098757725e-06, 3.131365701847244e-06, 2.597348156996304e-06, 2.6343473109591287e-06, 3.0522407996613765e-06, 2.1318328435881995e-06, 1.5776548707435722e-06, 1.0876477745114244e-06, 1.1820866347989067e-06, 1.0499034033273347e-06, 3.198384774805163e-07, 1.5552279819530668e-07, 5.454143092720187e-08, 4.975592826639286e-09, 1.4422286698234643e-09, 3.339588050543796e-10, 1.2685666406220264e-10, 2.598689492760986e-11, 2.4640579507351212e-11, 2.3197842952127345e-11, 2.0577803350185775e-11, 1.822453299382687e-11, 1.7700597931824547e-11, 1.7591157697172122e-11], "lowlevel.mfcc.mean": [-682.1201782226562, 147.40003967285156, 36.305484771728516, 6.151636123657227, 39.09816360473633, 0.989319384098053, 10.903874397277832, 3.613492250442505, -1.6252036094665527, 10.627090454101562, -7.469310760498047, -1.4577308893203735, 2.3247785568237305], "lowlevel.spectral_contrast_coeffs.mean": [-0.6539526581764221, -0.7006911039352417, -0.7419580817222595, -0.7911437153816223, -0.8069081902503967, -0.8185928463935852], "lowlevel.spectral_contrast_coeffs.stdev": [0.08236036449670792, 0.08289657533168793, 0.07918847352266312, 0.04644697532057762, 0.034218158572912216, 0.030158530920743942], "lowlevel.spectral_contrast_valleys.mean": [-6.497046947479248, -7.24441385269165, -7.855257034301758, -8.063840866088867, -8.500411987304688, -10.438170433044434], "lowlevel.spectral_contrast_valleys.stdev": [0.871700644493103, 0.7738295197486877, 0.8351017236709595, 0.7481583952903748, 1.0362238883972168, 1.493237018585205], "rhythm.beats_loudness_band_ratio.mean": [0.6879913210868835, 0.1802150011062622, 0.07706908881664276, 0.045218974351882935, 0.01780443638563156, 0.022890087217092514], "rhythm.beats_loudness_band_ratio.stdev": [0.2925659418106079, 0.22130770981311798, 0.13186125457286835, 0.07988142222166061, 0.024254273623228073, 0.043241385370492935], "tonal.hpcp.mean": [0.05866235867142677, 0.08872073143720627, 0.0928560122847557, 0.1772618144750595, 0.20985816419124603, 0.09942860901355743, 0.032122332602739334, 0.028994737192988396, 0.04443378373980522, 0.11314871162176132, 0.11781025677919388, 0.05063262954354286, 0.036683090031147, 0.03421999141573906, 0.039006758481264114, 0.08856035768985748, 0.097281813621521, 0.052626848220825195, 0.03935713693499565, 0.03772701695561409, 0.024346355348825455, 0.012477989308536053, 0.01007121242582798, 0.028114043176174164, 0.2686493396759033, 0.32031041383743286, 0.0949573963880539, 0.031149426475167274, 0.02562301978468895, 0.06570848077535629, 0.2660539150238037, 0.28033900260925293, 0.07908608764410019, 0.023494789376854897, 0.019331777468323708, 0.023275092244148254], "tonal.hpcp.stdev": [0.1745937019586563, 0.20992621779441833, 0.21967893838882446, 0.28497955203056335, 0.3263961672782898, 0.19721971452236176, 0.12375149875879288, 0.12355071306228638, 0.13804882764816284, 0.2623964250087738, 0.25476309657096863, 0.16190068423748016, 0.14952892065048218, 0.1481293886899948, 0.1425304412841797, 0.22610315680503845, 0.23010054230690002, 0.1750333607196808, 0.14898796379566193, 0.16222986578941345, 0.12148699164390564, 0.07616496831178665, 0.053149353712797165, 0.09519976377487183, 0.36575499176979065, 0.40748363733291626, 0.18449197709560394, 0.12995502352714539, 0.12492804229259491, 0.17997954785823822, 0.36221039295196533, 0.386938214302063, 0.17324458062648773, 0.12243565917015076, 0.10914448648691177, 0.11046762019395828], "rhythm.beats_position": [0.6269387602806091, 1.2422676086425781, 1.8575963973999023, 2.4845352172851562, 3.088253974914551, 3.7151927947998047, 4.330521583557129, 4.945850372314453, 5.549569129943848, 6.153287887573242, 6.768616676330566, 7.383945465087891, 7.999274253845215, 8.614603042602539, 9.229931831359863, 9.845260620117188, 10.460589408874512, 11.075918197631836, 11.67963695526123, 12.294965744018555, 12.910294532775879, 13.525623321533203, 14.129342079162598, 14.744670867919922, 15.359999656677246, 15.97532844543457, 16.57904815673828, 17.19437599182129, 17.80970573425293, 18.425033569335938, 19.040363311767578, 19.644081115722656, 20.259410858154297, 20.874738693237305], "rhythm.bpm_histogram": [0.0, 0.0, 0.0, 0.0, 0.0, 0.0, 0.0, 0.0, 0.0, 0.0, 0.0, 0.0, 0.0, 0.0, 0.0, 0.0, 0.0, 0.0, 0.0, 0.0, 0.0, 0.0, 0.0, 0.0, 0.0, 0.0, 0.0, 0.0, 0.0, 0.0, 0.0, 0.0, 0.0, 0.0, 0.0, 0.0, 0.0, 0.0, 0.0, 0.0, 0.0, 0.0, 0.0, 0.0, 0.0, 0.0, 0.0, 0.0, 0.0, 0.0, 0.0, 0.0, 0.0, 0.0, 0.0, 0.0, 0.0, 0.0, 0.0, 0.0, 0.0, 0.0, 0.0, 0.0, 0.0, 0.0, 0.0, 0.0, 0.0, 0.0, 0.0, 0.0, 0.0, 0.0, 0.0, 0.0, 0.0, 0.0, 0.0, 0.0, 0.0, 0.0, 0.0, 0.0, 0.0, 0.0, 0.0, 0.0, 0.0, 0.0, 0.0, 0.0, 0.0, 0.0, 0.0, 0.0, 0.06060606241226196, 0.0, 0.7272727489471436, 0.21212121844291687, 0.0, 0.0, 0.0, 0.0, 0.0, 0.0, 0.0, 0.0, 0.0, 0.0, 0.0, 0.0, 0.0, 0.0, 0.0, 0.0, 0.0, 0.0, 0.0, 0.0, 0.0, 0.0, 0.0, 0.0, 0.0, 0.0, 0.0, 0.0, 0.0, 0.0, 0.0, 0.0, 0.0, 0.0, 0.0, 0.0, 0.0, 0.0, 0.0, 0.0, 0.0, 0.0, 0.0, 0.0, 0.0, 0.0, 0.0, 0.0, 0.0, 0.0, 0.0, 0.0, 0.0, 0.0, 0.0, 0.0, 0.0, 0.0, 0.0, 0.0, 0.0, 0.0, 0.0, 0.0, 0.0, 0.0, 0.0, 0.0, 0.0, 0.0, 0.0, 0.0, 0.0, 0.0, 0.0, 0.0, 0.0, 0.0, 0.0, 0.0, 0.0, 0.0, 0.0, 0.0, 0.0, 0.0, 0.0, 0.0, 0.0, 0.0, 0.0, 0.0, 0.0, 0.0, 0.0, 0.0, 0.0, 0.0, 0.0, 0.0, 0.0, 0.0, 0.0, 0.0, 0.0, 0.0, 0.0, 0.0, 0.0, 0.0, 0.0, 0.0, 0.0, 0.0, 0.0, 0.0, 0.0, 0.0, 0.0, 0.0, 0.0, 0.0, 0.0, 0.0, 0.0, 0.0, 0.0, 0.0, 0.0, 0.0, 0.0, 0.0, 0.0, 0.0, 0.0, 0.0, 0.0, 0.0, 0.0, 0.0, 0.0, 0.0, 0.0, 0.0, 0.0, 0.0, 0.0, 0.0, 0.0, 0.0], "tonal.chords_histogram": [30.131004333496094, 7.641921520233154, 31.65938949584961, 0.0, 0.43668121099472046, 0.0, 0.8733624219894409, 0.0, 0.0, 0.0, 0.0, 0.0, 0.0, 0.0, 0.0, 0.0, 0.0, 0.0, 0.0, 0.0, 0.0, 0.0, 0.0, 29.25764274597168], "tonal.thpcp": [1.0, 0.2964542806148529, 0.09724762290716171, 0.079994335770607, 0.20514000952243805, 0.8306127786636353, 0.8752104043960571, 0.24690452218055725, 0.07335006445646286, 0.06035326048731804, 0.07266417890787125, 0.18314221501350403, 0.2769835889339447, 0.28989383578300476, 0.5534063577651978, 0.6551712155342102, 0.31041330099105835, 0.10028500854969025, 0.09052074700593948, 0.13872100412845612, 0.3532470464706421, 0.3678002655506134, 0.15807363390922546, 0.11452356725931168, 0.10683383792638779, 0.1217779889702797, 0.2764829099178314, 0.30371105670928955, 0.16429951786994934, 0.12287186086177826, 0.11778267472982407, 0.0760086253285408, 0.0389559268951416, 0.03144203871488571, 0.08777124434709549, 0.8387156128883362], "lowlevel.gfcc.cov": [[7153.13134765625, -2601.128173828125, 264.1566162109375, 718.794921875, -1139.1707763671875, 734.9382934570312, -93.96552276611328, 454.059326171875, -148.42051696777344, 308.90087890625, -182.384033203125, 484.4833068847656, -141.86936950683594], [-2601.128173828125, 2349.06396484375, -353.31243896484375, -572.8670043945312, 855.1538696289062, -469.115966796875, 117.27869415283203, -214.25990295410156, 132.42637634277344, -183.52920532226562, 175.56857299804688, -323.80230712890625, 133.71444702148438], [264.1566162109375, -353.31243896484375, 651.6788940429688, 282.6156005859375, -42.44492721557617, 167.00274658203125, -63.36725997924805, 40.68309783935547, 46.041748046875, 50.44786071777344, 49.92803192138672, 79.47543334960938, 52.96591567993164], [718.794921875, -572.8670043945312, 282.6156005859375, 578.3897705078125, -111.5634994506836, 155.92713928222656, 78.3892822265625, 36.30975341796875, 81.69149017333984, 58.52562713623047, 46.34134292602539, 88.12372589111328, -1.3715295791625977], [-1139.1707763671875, 855.1538696289062, -42.44492721557617, -111.5634994506836, 592.2249145507812, -85.16895294189453, 157.233154296875, -58.272361755371094, 92.20269775390625, -13.142435073852539, 103.81785583496094, -93.8849868774414, 50.4140625], [734.9382934570312, -469.115966796875, 167.00274658203125, 155.92713928222656, -85.16895294189453, 326.7483825683594, 97.50995635986328, 90.21096801757812, 29.4311466217041, 97.71086883544922, 12.308780670166016, 59.99650573730469, -6.6404595375061035], [-93.96552276611328, 117.27869415283203, -63.36725997924805, 78.3892822265625, 157.233154296875, 97.50995635986328, 315.3475036621094, 48.972679138183594, 110.0907974243164, 71.06570434570312, 48.695518493652344, 9.966856002807617, 8.471573829650879], [454.059326171875, -214.25990295410156, 40.68309783935547, 36.30975341796875, -58.272361755371094, 90.21096801757812, 48.972679138183594, 150.48638916015625, 45.54810333251953, 67.40321350097656, 18.045101165771484, 55.29008102416992, 6.926948070526123], [-148.42051696777344, 132.42637634277344, 46.041748046875, 81.69149017333984, 92.20269775390625, 29.4311466217041, 110.0907974243164, 45.54810333251953, 161.52655029296875, 53.485626220703125, 62.6996955871582, 5.657166957855225, 25.706491470336914], [308.90087890625, -183.52920532226562, 50.44786071777344, 58.52562713623047, -13.142435073852539, 97.71086883544922, 71.06570434570312, 67.40321350097656, 53.485626220703125, 129.13485717773438, 24.328670501708984, 56.74300003051758, -5.3549957275390625], [-182.384033203125, 175.56857299804688, 49.92803192138672, 46.34134292602539, 103.81785583496094, 12.308780670166016, 48.695518493652344, 18.045101165771484, 62.6996955871582, 24.328670501708984, 113.33382415771484, 2.2475216388702393, 30.466917037963867], [484.4833068847656, -323.80230712890625, 79.47543334960938, 88.12372589111328, -93.8849868774414, 59.99650573730469, 9.966856002807617, 55.29008102416992, 5.657166957855225, 56.74300003051758, 2.2475216388702393, 140.78717041015625, 6.411740303039551], [-141.86936950683594, 133.71444702148438, 52.96591567993164, -1.3715295791625977, 50.4140625, -6.6404595375061035, 8.471573829650879, 6.926948070526123, 25.706491470336914, -5.3549957275390625, 30.466917037963867, 6.411740303039551, 85.42867279052734]], "lowlevel.gfcc.icov": [[0.00038922575186006725, -0.00036954975803382695, 0.0002495117951184511, -0.0006238248897716403, 0.0005103277508169413, -0.0007809947710484266, 0.0003747098089661449, -0.000872850592713803, 0.0005985606112517416, -0.0003441408625803888, 0.0005964200245216489, -0.0008626206545159221, 0.0003821919090114534], [-0.00036954975803382695, 0.00399920716881752, -0.00019018490274902433, 0.0029775372240692377, -0.0028838382568210363, 0.0031832195818424225, -0.001271044253371656, 0.002617133781313896, -0.0027412830386310816, 0.001853587687946856, -0.003681885777041316, 0.0040494767017662525, -0.002894264878705144], [0.0002495117951184511, -0.00019018490274902433, 0.002961389720439911, -0.001519173034466803, -0.00028240762185305357, -0.0019023623317480087, 0.0021084905602037907, -0.00042633930570445955, -0.00022333755623549223, -0.0003408725024200976, 0.00019306200556457043, -0.0011766389943659306, -0.001238856348209083], [-0.0006238248897716403, 0.0029775372240692377, -0.001519173034466803, 0.005558528006076813, -0.0014629067154601216, 0.0024102164898067713, -0.0022508001420646906, 0.0036035231314599514, -0.0035829790867865086, 0.002285885391756892, -0.003975275903940201, 0.0024567933287471533, -0.0012288857251405716], [0.0005103277508169413, -0.0028838382568210363, -0.00028240762185305357, -0.0014629067154601216, 0.005562524311244488, -0.0017927165608853102, -0.0008790115243755281, -0.0009770840406417847, 0.0017846522387117147, -0.0015829508192837238, 0.0006191327120177448, -0.0019082855433225632, 0.0015435297973453999], [-0.0007809947710484266, 0.0031832195818424225, -0.0019023623317480087, 0.0024102164898067713, -0.0017927165608853102, 0.008999901823699474, -0.0035948180593550205, 0.0012510252417996526, -0.0008169060456566513, -0.0008940550033003092, -0.003220001235604286, 0.004845496267080307, -0.002074227202683687], [0.0003747098089661449, -0.001271044253371656, 0.0021084905602037907, -0.0022508001420646906, -0.0008790115243755281, -0.0035948180593550205, 0.007242463994771242, -0.0017356303287670016, -0.0016530404100194573, -0.00164755096193403, 0.0020296184811741114, -0.0022164140827953815, 0.0007668221369385719], [-0.000872850592713803, 0.002617133781313896, -0.00042633930570445955, 0.0036035231314599514, -0.0009770840406417847, 0.0012510252417996526, -0.0017356303287670016, 0.0136260399594903, -0.00480652553960681, -0.000844862952362746, -0.003836816642433405, 0.0013183096889406443, -0.002819834975525737], [0.0005985606112517416, -0.0027412830386310816, -0.00022333755623549223, -0.0035829790867865086, 0.0017846522387117147, -0.0008169060456566513, -0.0016530404100194573, -0.00480652553960681, 0.014057431370019913, -0.004664933774620295, -0.00016432852135039866, -0.0011543665314093232, 0.00042543114977888763], [-0.0003441408625803888, 0.001853587687946856, -0.0003408725024200976, 0.002285885391756892, -0.0015829508192837238, -0.0008940550033003092, -0.00164755096193403, -0.000844862952362746, -0.004664933774620295, 0.01566142775118351, -0.002954538445919752, -0.002161819487810135, 0.001473201671615243], [0.0005964200245216489, -0.003681885777041316, 0.00019306200556457043, -0.003975275903940201, 0.0006191327120177448, -0.003220001235604286, 0.0020296184811741114, -0.003836816642433405, -0.00016432852135039866, -0.002954538445919752, 0.01734144799411297, -0.004074769094586372, 4.956102202413604e-05], [-0.0008626206545159221, 0.0040494767017662525, -0.0011766389943659306, 0.0024567933287471533, -0.0019082855433225632, 0.004845496267080307, -0.0022164140827953815, 0.0013183096889406443, -0.0011543665314093232, -0.002161819487810135, -0.004074769094586372, 0.016020076349377632, -0.004923510830849409], [0.0003821919090114534, -0.002894264878705144, -0.001238856348209083, -0.0012288857251405716, 0.0015435297973453999, -0.002074227202683687, 0.0007668221369385719, -0.002819834975525737, 0.00042543114977888763, 0.001473201671615243, 4.956102202413604e-05, -0.004923510830849409, 0.017015554010868073]], "lowlevel.mfcc.cov": [[6088.25927734375, -3040.13037109375, 973.5640258789062, -114.94709014892578, -507.7300109863281, 97.4398422241211, -0.5591765642166138, 261.20001220703125, -13.269932746887207, 218.59217834472656, -77.8258056640625, 36.82563400268555, 88.34021759033203], [-3040.13037109375, 2812.197509765625, -964.5744018554688, -3.071500062942505, 361.0069885253906, -128.94830322265625, 54.10346984863281, -162.77798461914062, 58.28446960449219, -151.19671630859375, 101.66387939453125, -21.84751319885254, -0.05941037833690643], [973.5640258789062, -964.5744018554688, 834.3031616210938, 32.53523635864258, 32.34016418457031, 63.06458282470703, -16.266904830932617, 44.238773345947266, -30.625886917114258, 99.94280242919922, -32.83928680419922, 4.340742111206055, -47.95654296875], [-114.94709014892578, -3.071500062942505, 32.53523635864258, 342.5672912597656, 48.63742446899414, 88.98383331298828, 10.64502239227295, 53.61127853393555, 22.00052261352539, 5.266725540161133, 55.659934997558594, 65.9795150756836, 23.71296501159668], [-507.7300109863281, 361.0069885253906, 32.34016418457031, 48.63742446899414, 285.7353515625, 10.107499122619629, 38.018775939941406, -28.000091552734375, 1.857945442199707, -19.940763473510742, 30.514097213745117, 18.765817642211914, -18.383665084838867], [97.4398422241211, -128.94830322265625, 63.06458282470703, 88.98383331298828, 10.107499122619629, 249.15480041503906, 87.546875, 68.14546966552734, 59.252933502197266, 50.64299392700195, 68.91400146484375, 59.468013763427734, 48.34695816040039], [-0.5591765642166138, 54.10346984863281, -16.266904830932617, 10.64502239227295, 38.018775939941406, 87.546875, 151.62905883789062, 38.582374572753906, 46.68708801269531, 32.84809112548828, 45.58620834350586, 37.84559631347656, 33.006866455078125], [261.20001220703125, -162.77798461914062, 44.238773345947266, 53.61127853393555, -28.000091552734375, 68.14546966552734, 38.582374572753906, 116.03851318359375, 41.51176452636719, 34.79841613769531, 36.969261169433594, 38.14971923828125, 40.75543212890625], [-13.269932746887207, 58.28446960449219, -30.625886917114258, 22.00052261352539, 1.857945442199707, 59.252933502197266, 46.68708801269531, 41.51176452636719, 114.96698760986328, 40.35028076171875, 50.6604118347168, 43.2959098815918, 47.59001922607422], [218.59217834472656, -151.19671630859375, 99.94280242919922, 5.266725540161133, -19.940763473510742, 50.64299392700195, 32.84809112548828, 34.79841613769531, 40.35028076171875, 121.8101577758789, 23.16579818725586, 21.464340209960938, 27.195430755615234], [-77.8258056640625, 101.66387939453125, -32.83928680419922, 55.659934997558594, 30.514097213745117, 68.91400146484375, 45.58620834350586, 36.969261169433594, 50.6604118347168, 23.16579818725586, 123.56492614746094, 74.85393524169922, 43.55805206298828], [36.82563400268555, -21.84751319885254, 4.340742111206055, 65.9795150756836, 18.765817642211914, 59.468013763427734, 37.84559631347656, 38.14971923828125, 43.2959098815918, 21.464340209960938, 74.85393524169922, 123.40666198730469, 61.78326416015625], [88.34021759033203, -0.05941037833690643, -47.95654296875, 23.71296501159668, -18.383665084838867, 48.34695816040039, 33.006866455078125, 40.75543212890625, 47.59001922607422, 27.195430755615234, 43.55805206298828, 61.78326416015625, 111.73594665527344]], "lowlevel.mfcc.icov": [[0.00039437125087715685, 0.0003901500895153731, -3.203243250027299e-05, 0.0001319463481195271, 0.00015331764006987214, 0.00021030023344792426, -0.00015656818868592381, -0.0003159672487527132, 2.7406440494814888e-05, -8.02559734438546e-05, -0.00011125362652819604, 0.0001080736328731291, -0.0002661374746821821], [0.0003901500895153731, 0.001368740457110107, 0.0010439901379868388, 4.937467019772157e-05, -0.0010793632827699184, 0.0005099594709463418, -0.00023135205265134573, 0.00043583085061982274, -0.00047744307084940374, -7.291810470633209e-05, -0.0008344372035935521, 0.0007050803396850824, -0.00020248041255399585], [-3.203243250027299e-05, 0.0010439901379868388, 0.002825366333127022, -3.97720214095898e-05, -0.0017955712974071503, -0.0002146671322407201, 0.0005291496054269373, -1.5670435459469445e-05, 0.00022553101007360965, -0.0016549827996641397, 0.00014195205585565418, -0.00015958765288814902, 0.001233477029018104], [0.0001319463481195271, 4.937467019772157e-05, -3.97720214095898e-05, 0.0038352226838469505, -0.0005594554822891951, -0.0010917338076978922, 0.0010839988244697452, -0.0016282422002404928, 0.00037692769546993077, 0.00033058252301998436, -0.0003137490130029619, -0.0015167215606197715, 0.00043869842193089426], [0.00015331764006987214, -0.0010793632827699184, -0.0017955712974071503, -0.0005594554822891951, 0.005935415625572205, 5.964441879768856e-05, -0.0016081843059509993, 0.0007952470914460719, 0.0003258359502069652, 0.0010207691229879856, -0.0003566943050827831, -0.0009555516298860312, 0.0006422059377655387], [0.00021030023344792426, 0.0005099594709463418, -0.0002146671322407201, -0.0010917338076978922, 5.964441879768856e-05, 0.006772464606910944, -0.0027858365792781115, -0.0010060829808935523, -0.0009354511275887489, -0.0005386637058109045, -0.001815051888115704, 0.0004074721073266119, -0.0007453117286786437], [-0.00015656818868592381, -0.00023135205265134573, 0.0005291496054269373, 0.0010839988244697452, -0.0016081843059509993, -0.0027858365792781115, 0.009986060671508312, -0.0016223796410486102, -0.0011004544794559479, -0.001262569916434586, -0.0003732054610736668, -0.0007556608761660755, 4.272205842426047e-05], [-0.0003159672487527132, 0.00043583085061982274, -1.5670435459469445e-05, -0.0016282422002404928, 0.0007952470914460719, -0.0010060829808935523, -0.0016223796410486102, 0.014048676937818527, -0.0023549844045192003, -0.0003810766793321818, -0.0015738005749881268, 0.0004142553370911628, -0.0020097135566174984], [2.7406440494814888e-05, -0.00047744307084940374, 0.00022553101007360965, 0.00037692769546993077, 0.0003258359502069652, -0.0009354511275887489, -0.0011004544794559479, -0.0023549844045192003, 0.01389765553176403, -0.0029958453960716724, -0.001955723622813821, -0.0008392828167416155, -0.0023262868635356426], [-8.02559734438546e-05, -7.291810470633209e-05, -0.0016549827996641397, 0.00033058252301998436, 0.0010207691229879856, -0.0005386637058109045, -0.001262569916434586, -0.0003810766793321818, -0.0029958453960716724, 0.011802068911492825, -0.0008844804251566529, 0.0007816239376552403, -0.0014880014350637794], [-0.00011125362652819604, -0.0008344372035935521, 0.00014195205585565418, -0.0003137490130029619, -0.0003566943050827831, -0.001815051888115704, -0.0003732054610736668, -0.0015738005749881268, -0.001955723622813821, -0.0008844804251566529, 0.01591665670275688, -0.007562256883829832, 0.0006509030936285853], [0.0001080736328731291, 0.0007050803396850824, -0.00015958765288814902, -0.0015167215606197715, -0.0009555516298860312, 0.0004074721073266119, -0.0007556608761660755, 0.0004142553370911628, -0.0008392828167416155, 0.0007816239376552403, -0.007562256883829832, 0.01700493134558201, -0.0063805654644966125], [-0.0002661374746821821, -0.00020248041255399585, 0.001233477029018104, 0.00043869842193089426, 0.0006422059377655387, -0.0007453117286786437, 4.272205842426047e-05, -0.0020097135566174984, -0.0023262868635356426, -0.0014880014350637794, 0.0006509030936285853, -0.0063805654644966125, 0.015372137539088726]], "metadata.audio_properties.analysis.downmix": "mix", "metadata.audio_properties.codec": "mp3", "metadata.audio_properties.md5_encoded": "c653a78b5c946c3af612748bace92ec6", "metadata.tags.file_name": "1183656650666692651.mp3", "metadata.version.essentia": "2.1-beta6-dev", "metadata.version.essentia_git_sha": "v2.1_beta5-1110-g77a6a954", "metadata.version.extractor": "music 2.0", "tonal.chords_key": "F", "tonal.chords_scale": "major", "tonal.key_edma.key": "Bb", "tonal.key_edma.scale": "major", "tonal.key_krumhansl.key": "Bb", "tonal.key_krumhansl.scale": "major", "tonal.key_temperley.key": "Bb", "tonal.key_temperley.scale": "major", "metadata.tags.encoding": ["Lavf58.45.100"]}, "essentia_models": [{"model_name": "genre_dortmund", "activations": {"alternative": "0.07637967", "blues": "0.0041367556", "electronic": "0.016969802", "folkcountry": "0.015393658", "funksoulrnb": "0.017382063", "jazz": "0.011250644", "pop": "0.24299558", "raphiphop": "0.58019745", "rock": "0.01945509"}}, {"model_name": "genre_rosamerica", "activations": {"classic": "0.0060861623", "dance": "0.0057862797", "hip hop": "0.01907684", "jazz": "0.044890277", "pop": "0.31069875", "rhythm and blues": "0.7365511", "rock": "0.018350262", "speech": "0.009653138"}}, {"model_name": "genre_tzanetakis", "activations": {"blues": "0.010536612", "classic": "0.0053850384", "country": "0.015