{"song_id": "1183646448374534154", "download": "https://cdn.discordapp.com/attachments/1135903449314238464/1183646448374534154/chirp.mp4?ex=658917a8&amp", "lyrics": "LM es la empresa que cuida tu carro\nDesde los paneles de seguridad hasta el lavado\nTe ofrece un servicio de calidad y garant\u00eda\nUn spa para autos que te da alegr\u00eda\n\nNo importa si tu carro es nuevo o viejo\nLM lo trata con respeto y esmero\nLo limpia, lo pule, lo repara y lo protege\nLo deja como nuevo, brillante y reluciente", "style": ["hip hop"], "essentia_features": {"lowlevel.average_loudness": 0.9743273258209229, "lowlevel.barkbands_crest.mean": 14.894806861877441, "lowlevel.barkbands_crest.stdev": 6.197754859924316, "lowlevel.barkbands_flatness_db.mean": 0.1935918629169464, "lowlevel.barkbands_flatness_db.stdev": 0.10095824301242828, "lowlevel.barkbands_kurtosis.mean": 44.62242889404297, "lowlevel.barkbands_kurtosis.stdev": 113.14204406738281, "lowlevel.barkbands_skewness.mean": 3.489563465118408, "lowlevel.barkbands_skewness.stdev": 4.602593898773193, "lowlevel.barkbands_spread.mean": 21.000463485717773, "lowlevel.barkbands_spread.stdev": 18.54663848876953, "lowlevel.dissonance.mean": 0.4593576490879059, "lowlevel.dissonance.stdev": 0.04351634532213211, "lowlevel.dynamic_complexity": 3.2784793376922607, "lowlevel.erbbands_crest.mean": 10.332605361938477, "lowlevel.erbbands_crest.stdev": 5.330915451049805, "lowlevel.erbbands_flatness_db.mean": 0.15792380273342133, "lowlevel.erbbands_flatness_db.stdev": 0.060059111565351486, "lowlevel.erbbands_kurtosis.mean": 1.2988685369491577, "lowlevel.erbbands_kurtosis.stdev": 4.385941028594971, "lowlevel.erbbands_skewness.mean": 0.17463384568691254, "lowlevel.erbbands_skewness.stdev": 1.1099435091018677, "lowlevel.erbbands_spread.mean": 50.672332763671875, "lowlevel.erbbands_spread.stdev": 33.23094177246094, "lowlevel.hfc.mean": 20.82876205444336, "lowlevel.hfc.stdev": 21.596820831298828, "lowlevel.loudness_ebu128.integrated": -12.467931747436523, "lowlevel.loudness_ebu128.loudness_range": 0.5761308670043945, "lowlevel.loudness_ebu128.momentary.mean": -12.843744277954102, "lowlevel.loudness_ebu128.momentary.stdev": 2.05202317237854, "lowlevel.loudness_ebu128.short_term.mean": -12.44702434539795, "lowlevel.loudness_ebu128.short_term.stdev": 0.1991170197725296, "lowlevel.melbands_crest.mean": 22.37983512878418, "lowlevel.melbands_crest.stdev": 10.180731773376465, "lowlevel.melbands_flatness_db.mean": 0.24558421969413757, "lowlevel.melbands_flatness_db.stdev": 0.1316630244255066, "lowlevel.melbands_kurtosis.mean": 142.13941955566406, "lowlevel.melbands_kurtosis.stdev": 333.50128173828125, "lowlevel.melbands_skewness.mean": 6.211397171020508, "lowlevel.melbands_skewness.stdev": 7.4312520027160645, "lowlevel.melbands_spread.mean": 26.789464950561523, "lowlevel.melbands_spread.stdev": 35.262569427490234, "lowlevel.pitch_salience.mean": 0.42084839940071106, "lowlevel.pitch_salience.stdev": 0.21766677498817444, "lowlevel.silence_rate_20dB.mean": 1.0, "lowlevel.silence_rate_20dB.stdev": 0.0, "lowlevel.silence_rate_30dB.mean": 0.7172948718070984, "lowlevel.silence_rate_30dB.stdev": 0.45031553506851196, "lowlevel.silence_rate_60dB.mean": 0.1685144156217575, "lowlevel.silence_rate_60dB.stdev": 0.37432196736335754, "lowlevel.spectral_centroid.mean": 1656.2528076171875, "lowlevel.spectral_centroid.stdev": 939.9442749023438, "lowlevel.spectral_complexity.mean": 10.620842933654785, "lowlevel.spectral_complexity.stdev": 11.025293350219727, "lowlevel.spectral_decrease.mean": -1.4176038121149759e-08, "lowlevel.spectral_decrease.stdev": 1.4882780341451962e-08, "lowlevel.spectral_energy.mean": 0.055392853915691376, "lowlevel.spectral_energy.stdev": 0.05662263557314873, "lowlevel.spectral_energyband_high.mean": 0.00110820890404284, "lowlevel.spectral_energyband_high.stdev": 0.0017301362240687013, "lowlevel.spectral_energyband_low.mean": 0.040950845927000046, "lowlevel.spectral_energyband_low.stdev": 0.05619185417890549, "lowlevel.spectral_energyband_middle_high.mean": 0.004336912650614977, "lowlevel.spectral_energyband_middle_high.stdev": 0.007760463282465935, "lowlevel.spectral_energyband_middle_low.mean": 0.009503464214503765, "lowlevel.spectral_energyband_middle_low.stdev": 0.014333176426589489, "lowlevel.spectral_entropy.mean": 7.766709804534912, "lowlevel.spectral_entropy.stdev": 0.4677410125732422, "lowlevel.spectral_flux.mean": 0.10777245461940765, "lowlevel.spectral_flux.stdev": 0.08346331119537354, "lowlevel.spectral_kurtosis.mean": 3.0683958530426025, "lowlevel.spectral_kurtosis.stdev": 2.376682758331299, "lowlevel.spectral_rms.mean": 0.00604231795296073, "lowlevel.spectral_rms.stdev": 0.0041871448047459126, "lowlevel.spectral_rolloff.mean": 1913.523193359375, "lowlevel.spectral_rolloff.stdev": 2483.15576171875, "lowlevel.spectral_skewness.mean": 1.3223017454147339, "lowlevel.spectral_skewness.stdev": 0.47934114933013916, "lowlevel.spectral_spread.mean": 5633005.5, "lowlevel.spectral_spread.stdev": 1593371.25, "lowlevel.spectral_strongpeak.mean": 0.9191288352012634, "lowlevel.spectral_strongpeak.stdev": 1.1704694032669067, "lowlevel.zerocrossingrate.mean": 0.0709182471036911, "lowlevel.zerocrossingrate.stdev": 0.06845822185277939, "metadata.audio_properties.analysis.equal_loudness": 0.0, "metadata.audio_properties.analysis.length": 20.905624389648438, "metadata.audio_properties.analysis.sample_rate": 44100.0, "metadata.audio_properties.analysis.start_time": 0.0, "metadata.audio_properties.bit_rate": 120852.0, "metadata.audio_properties.length": 20.906665802001953, "metadata.audio_properties.lossless": 0.0, "metadata.audio_properties.number_channels": 1.0, "metadata.audio_properties.replay_gain": -13.943456649780273, "metadata.audio_properties.sample_rate": 48000.0, "rhythm.beats_count": 30.0, "rhythm.beats_loudness.mean": 0.08221007883548737, "rhythm.beats_loudness.stdev": 0.04239308461546898, "rhythm.bpm": 88.21956634521484, "rhythm.bpm_histogram_first_peak_bpm": 88.0, "rhythm.bpm_histogram_first_peak_weight": 0.14814817905426025, "rhythm.bpm_histogram_second_peak_bpm": 94.0, "rhythm.bpm_histogram_second_peak_spread": 0.5, "rhythm.bpm_histogram_second_peak_weight": 0.03448275849223137, "rhythm.danceability": 2.0701894760131836, "rhythm.onset_rate": 5.353426933288574, "tonal.chords_changes_rate": 0.08407079428434372, "tonal.chords_number_rate": 0.013274336233735085, "tonal.chords_strength.mean": 0.5571271181106567, "tonal.chords_strength.stdev": 0.08584953844547272, "tonal.hpcp_crest.mean": 13.316983222961426, "tonal.hpcp_crest.stdev": 6.095266342163086, "tonal.hpcp_entropy.mean": 2.09934139251709, "tonal.hpcp_entropy.stdev": 0.8109820485115051, "tonal.key_edma.strength": 0.6622704267501831, "tonal.key_krumhansl.strength": 0.6674327850341797, "tonal.key_temperley.strength": 0.6741155982017517, "tonal.tuning_diatonic_strength": 0.6581593155860901, "tonal.tuning_equal_tempered_deviation": 0.27348023653030396, "tonal.tuning_frequency": 434.193115234375, "tonal.tuning_nontempered_energy_ratio": 0.8634188771247864, "lowlevel.barkbands.mean": [0.0043353973887860775, 0.03374972194433212, 0.0023954466450959444, 0.0010248328326269984, 0.002537621883675456, 0.00022946765238884836, 0.0029792957939207554, 0.0011479940731078386, 0.0014638181310147047, 0.00043503238703124225, 0.0006399538833647966, 0.0006230738363228738, 0.0006025413749739528, 0.0007587930886074901, 0.0004358756123110652, 0.00028478173771873116, 0.00024042883887887, 0.00013686589954886585, 0.00015384257130790502, 0.0002520449925214052, 0.0002103561710100621, 0.00021434771770145744, 0.0001754204713506624, 0.00018788405577652156, 0.00012998627789784223, 4.740969598060474e-05, 6.473488838310004e-07], "lowlevel.barkbands.stdev": [0.006405203137546778, 0.04719480127096176, 0.01021918561309576, 0.00443285284563899, 0.0072642057202756405, 0.0008136279648169875, 0.006203772965818644, 0.0039015209767967463, 0.005125178024172783, 0.00244408892467618, 0.0023636131081730127, 0.00336557999253273, 0.0018888666527345777, 0.002409287029877305, 0.0013559414073824883, 0.0009669798891991377, 0.0004163103294558823, 0.0002471288025844842, 0.0002750854182522744, 0.00042585708433762193, 0.00037043195334263146, 0.00036132766399532557, 0.00034399074502289295, 0.0004298723069950938, 0.00023341669293586165, 8.525005978299305e-05, 2.1957694116281345e-06], "lowlevel.erbbands.mean": [1.8907299041748047, 3.8694889545440674, 2.90143084526062, 3.3400683403015137, 5.241081237792969, 11.46082592010498, 3.089845657348633, 2.382395029067993, 16.299211502075195, 69.36651611328125, 14.404801368713379, 29.384836196899414, 26.241809844970703, 24.06733512878418, 17.826841354370117, 29.279083251953125, 26.299463272094727, 38.69450378417969, 28.66638946533203, 20.920387268066406, 16.37188720703125, 13.654352188110352, 7.965981960296631, 7.01296854019165, 8.879850387573242, 11.806432723999023, 9.986968994140625, 7.752319812774658, 8.073168754577637, 6.051469326019287, 4.876163005828857, 3.9863641262054443, 3.101123809814453, 1.807274580001831, 0.7168996334075928, 0.280945748090744, 0.07222241908311844, 0.007175165228545666, 0.0001812104892451316, 7.097594061633572e-05], "lowlevel.erbbands.stdev": [2.710655927658081, 5.640590667724609, 10.96879768371582, 14.407036781311035, 14.898072242736816, 36.01288986206055, 8.015861511230469, 8.053445816040039, 38.28199005126953, 160.75912475585938, 34.28928756713867, 103.25826263427734, 89.8200912475586, 96.42363739013672, 64.43437194824219, 164.03781127929688, 76.69648742675781, 122.03836059570312, 75.6368408203125, 67.86939239501953, 55.42648696899414, 22.678367614746094, 13.340277671813965, 13.092366218566895, 14.983078956604004, 20.186763763427734, 17.057769775390625, 13.29427433013916, 13.215215682983398, 11.628922462463379, 9.841622352600098, 9.485620498657227, 6.577327728271484, 3.3357081413269043, 1.2971609830856323, 0.5066426396369934, 0.13250282406806946, 0.014963498339056969, 0.00030903692822903395, 6.435973045881838e-05], "lowlevel.gfcc.mean": [-42.38515853881836, 50.68904495239258, -108.99411010742188, 36.567787170410156, -63.63041305541992, 20.83460807800293, -34.32282257080078, 18.197519302368164, -18.532817840576172, 16.45865821838379, -13.236409187316895, 0.8509499430656433, -10.934953689575195], "lowlevel.melbands.mean": [0.012270789593458176, 0.0023584384471178055, 0.0006101875915192068, 0.0006193738663569093, 0.00018843915313482285, 4.915645331493579e-05, 0.00035297960857860744, 0.0006704714614897966, 7.705633470322937e-05, 0.0002184119075536728, 0.00012900739966426045, 9.20131933526136e-05, 7.544831896666437e-05, 5.430455712485127e-05, 6.97951836627908e-05, 7.044787344057113e-05, 7.050003478070721e-05, 5.027269071433693e-05, 3.1397092243423685e-05, 2.1952635506750084e-05, 1.849523869168479e-05, 1.4930833458492998e-05, 9.741251233208459e-06, 5.4648380682920106e-06, 5.571729161601979e-06, 6.058832241251366e-06, 7.317677500395803e-06, 8.012731086637359e-06, 6.6624925239011645e-06, 4.924926543026231e-06, 4.390152298583416e-06, 4.844259365199832e-06, 3.6987464682169957e-06, 3.2355023904528935e-06, 2.8100489544158336e-06, 2.537980662964401e-06, 2.4295768525917083e-06, 2.3114562281989492e-06, 1.7759106185621931e-06, 1.436215711692057e-06], "lowlevel.melbands.stdev": [0.01734660007059574, 0.005262673832476139, 0.002391402143985033, 0.0017961314879357815, 0.000529648968949914, 0.0001768074871506542, 0.0007356830174103379, 0.0015901654260233045, 0.00020075506472494453, 0.0007880868506617844, 0.00045833352487534285, 0.0004077237972524017, 0.00029452299349941313, 0.0002732073189690709, 0.00032709306105971336, 0.00023144502483773977, 0.000229591503739357, 0.00014602650480810553, 0.00010320043656975031, 7.192322664195672e-05, 6.987313827266917e-05, 2.667781154741533e-05, 1.6330930520780385e-05, 1.028994574880926e-05, 1.0934509191429242e-05, 1.1298250683466904e-05, 1.3128078535373788e-05, 1.4271656255004928e-05, 1.189740578411147e-05, 9.03313048183918e-06, 7.642081982339732e-06, 7.882472345954739e-06, 6.9161533247097395e-06, 6.396576281986199e-06, 5.734689693781547e-06, 5.698686891264515e-06, 6.0214933910174295e-06, 5.180259449844016e-06, 3.3798767162807053e-06, 2.6444829472893616e-06], "lowlevel.melbands128.mean": [0.0041968245059251785, 0.018978163599967957, 0.013306021690368652, 0.004136744886636734, 0.0014831316657364368, 0.0010807535145431757, 0.0006890969816595316, 0.000456676643807441, 0.00047390226973220706, 0.0006894642137922347, 0.0007800753810442984, 0.00024508259957656264, 6.214483437361196e-05, 4.658322359318845e-05, 4.475429523154162e-05, 4.381541657494381e-05, 8.76492922543548e-05, 0.00024520294391550124, 0.0008509563049301505, 0.0010952732991427183, 0.00036662688944488764, 8.616811101092026e-05, 4.760663432534784e-05, 4.563569018500857e-05, 0.00013100274372845888, 0.00036054913653060794, 0.0002799064386636019, 5.9379621234256774e-05, 4.0023456676863134e-05, 7.64446085668169e-05, 0.00010583004768704996, 0.00013755704276263714, 8.159748540492728e-05, 2.7298408895148896e-05, 2.2422576876124367e-05, 5.527105895453133e-05, 0.000122105804621242, 7.81231137807481e-05, 3.286160062998533e-05, 4.210014230920933e-05, 8.654758858028799e-05, 0.00010143491817871109, 6.338969978969544e-05, 5.886630970053375e-05, 7.230664050439373e-05, 4.3827094486914575e-05, 3.355116496095434e-05, 2.6985402655554935e-05, 3.621881842263974e-05, 2.795470936689526e-05, 1.5561890904791653e-05, 2.116056020895485e-05, 2.1379528334364295e-05, 1.4948398529668339e-05, 1.704064015939366e-05, 1.661176429479383e-05, 1.1780227396229748e-05, 1.0708459740271792e-05, 9.964463060896378e-06, 5.723316917283228e-06, 4.7722228373459075e-06, 5.47240961168427e-06, 5.645050350722158e-06, 5.313802375894738e-06, 5.953624167887028e-06, 6.1240762079251e-06, 6.121864771557739e-06, 6.201487849466503e-06, 7.977534551173449e-06, 8.424603038292844e-06, 7.492217719118344e-06, 8.470953616779298e-06, 7.620932137797354e-06, 6.1846380958741065e-06, 5.736862021876732e-06, 5.269023404252948e-06, 4.476715275814058e-06, 3.942514922528062e-06, 4.544850980892079e-06, 4.363238076621201e-06, 5.375620276026893e-06, 4.979188815923408e-06, 3.958187789976364e-06, 3.5824098176817643e-06, 3.409437113077729e-06, 3.3187222925334936e-06, 3.2219963941315655e-06, 3.0113617413007887e-06, 2.627712547109695e-06, 2.836139401551918e-06, 2.7513776785781374e-06, 2.394507191638695e-06, 2.275517545058392e-06, 2.5115389234997565e-06, 2.4336300157301594e-06, 2.446963890179177e-06, 2.366364924455411e-06, 2.004721864068415e-06, 1.702081817711587e-06, 1.6962917470664252e-06, 1.7198674413521076e-06, 1.3577772506323527e-06, 1.1853204568978981e-06, 9.64352693699766e-07, 6.968124353079475e-07, 6.393719331754255e-07, 6.629665563195886e-07, 6.39067081920075e-07, 4.6542402287741425e-07, 3.6851230333923013e-07, 3.0663667871522193e-07, 2.560089171765867e-07, 2.2530167598233675e-07, 1.8124841005828785e-07, 1.2742560784317902e-07, 6.473202773804587e-08, 2.3858749642613475e-08, 2.0256485377956324e-09, 7.304759574999764e-11, 1.238376241829986e-11, 8.288090699859474e-12, 7.719487375712486e-12, 6.3071553188520646e-12, 6.024711979302211e-12, 5.606416372816447e-12, 5.149213520849738e-12, 4.931789351902971e-12, 4.882726601512788e-12], "lowlevel.melbands128.stdev": [0.00622982531785965, 0.02749183401465416, 0.018892796710133553, 0.006889584474265575, 0.005894988775253296, 0.004744793754070997, 0.003145286813378334, 0.0019244385184720159, 0.0014187678461894393, 0.0022227999288588762, 0.0025778987910598516, 0.0007108253776095808, 0.00018444245506543666, 0.0001751105155562982, 0.00020822124497499317, 0.0001641615090193227, 0.00045858119847252965, 0.0008077420643530786, 0.0018572792178019881, 0.0027837520465254784, 0.0014340507332235575, 0.0003190891002304852, 0.00016273290384560823, 0.0001447281683795154, 0.0005385202821344137, 0.0015673814341425896, 0.0011853526812046766, 0.0002427425206406042, 0.0004199884133413434, 0.0006635154713876545, 0.0004842757771257311, 0.0005612686509266496, 0.0004605043795891106, 0.00011165379692101851, 9.340614633401856e-05, 0.0002654195704963058, 0.0009706844575703144, 0.0003783165302593261, 0.00016240643162745982, 0.00020883692195639014, 0.00036512844962999225, 0.0004421302874106914, 0.00033115956466645, 0.00029040256049484015, 0.0002962058933917433, 0.00017585694149602205, 0.000166192083270289, 0.00011321890633553267, 0.00017771498824004084, 0.00014429572911467403, 8.619375148555264e-05, 8.216220885515213e-05, 0.00014179866411723197, 4.9521182518219575e-05, 4.54635446658358e-05, 3.6593810364138335e-05, 2.330607640033122e-05, 2.1423764337669127e-05, 2.285310984007083e-05, 1.2729763511742931e-05, 9.969729035219643e-06, 1.3898514225729741e-05, 1.2673803212237544e-05, 1.15166285468149e-05, 1.2374572179396637e-05, 1.3716949979425408e-05, 1.2659279491344932e-05, 1.2889298886875622e-05, 1.8395008737570606e-05, 1.9143568351864815e-05, 1.5067254935274832e-05, 1.9845358110615052e-05, 1.741962114465423e-05, 1.252879883395508e-05, 1.22311212180648e-05, 1.0057790859718807e-05, 9.207353286910802e-06, 8.02774138719542e-06, 9.073652108781971e-06, 7.738034582871478e-06, 9.269616384699475e-06, 8.959233127825428e-06, 7.263559837156208e-06, 7.513261607527966e-06, 7.366714271483943e-06, 7.225569333968451e-06, 6.728766493324656e-06, 6.205903900990961e-06, 5.8321943470218685e-06, 6.394625415850896e-06, 6.306509931164328e-06, 5.656510438711848e-06, 6.1915070546092466e-06, 7.030691904219566e-06, 5.530488124350086e-06, 6.352253876684699e-06, 5.618559953290969e-06, 4.016425918962341e-06, 3.6152202937955735e-06, 3.267424517616746e-06, 3.4098031846951926e-06, 2.660722884684219e-06, 2.245171572212712e-06, 1.9271687961008865e-06, 1.515126882623008e-06, 1.2526858199635171e-06, 1.2294254929656745e-06, 1.1876243206643267e-06, 9.491423611507344e-07, 7.655834224351565e-07, 6.185301799632725e-07, 4.958763497597829e-07, 4.494520453590667e-07, 4.144889658164175e-07, 3.0793691507824406e-07, 1.7164722976303892e-07, 7.304399218810431e-08, 1.2797318760249254e-08, 1.5774500594645247e-09, 1.5920569029770348e-10, 5.3786721604387466e-11, 4.4011318894865425e-11, 2.479438702962522e-11, 2.018029146566569e-11, 1.3847610558226364e-11, 9.213930833584794e-12, 8.510733784383717e-12, 8.46040078272825e-12], "lowlevel.mfcc.mean": [-686.9257202148438, 82.90390014648438, 9.849003791809082, 19.775760650634766, 1.0550403594970703, 6.5756402015686035, 2.863924980163574, 0.15016163885593414, 5.986435890197754, 6.102273941040039, 8.301568984985352, 7.951540470123291, 3.975886583328247], "lowlevel.spectral_contrast_coeffs.mean": [-0.6941781640052795, -0.7358698844909668, -0.7860136032104492, -0.8019784092903137, -0.8097146153450012, -0.7683660984039307], "lowlevel.spectral_contrast_coeffs.stdev": [0.08881181478500366, 0.11459609866142273, 0.0925467312335968, 0.074164479970932, 0.04188595712184906, 0.04252028092741966], "lowlevel.spectral_contrast_valleys.mean": [-7.8491315841674805, -7.51754903793335, -8.016002655029297, -8.101956367492676, -7.769384860992432, -10.109816551208496], "lowlevel.spectral_contrast_valleys.stdev": [1.350683331489563, 0.9243549108505249, 0.9176464676856995, 0.9079351425170898, 0.8858072757720947, 1.0917973518371582], "rhythm.beats_loudness_band_ratio.mean": [0.47432461380958557, 0.17575077712535858, 0.13773004710674286, 0.06447545439004898, 0.05782089754939079, 0.10623946785926819], "rhythm.beats_loudness_band_ratio.stdev": [0.3962222933769226, 0.21045216917991638, 0.16311681270599365, 0.0953533947467804, 0.06720788031816483, 0.10057518631219864], "tonal.hpcp.mean": [0.08764433860778809, 0.07389957457780838, 0.07971523702144623, 0.11865843832492828, 0.18510033190250397, 0.19311781227588654, 0.1688915491104126, 0.13915768265724182, 0.09005823731422424, 0.05591466650366783, 0.04601475968956947, 0.04353964328765869, 0.03498982638120651, 0.03407884016633034, 0.03277912363409996, 0.039754968136548996, 0.04826371371746063, 0.049985677003860474, 0.04508238658308983, 0.03796021640300751, 0.03224768489599228, 0.02844046615064144, 0.03525722026824951, 0.04666486382484436, 0.05819636583328247, 0.07885196805000305, 0.20887291431427002, 0.38178008794784546, 0.31621983647346497, 0.17522048950195312, 0.13626281917095184, 0.10748083144426346, 0.09520461410284042, 0.09100791066884995, 0.08945160359144211, 0.09473851323127747], "tonal.hpcp.stdev": [0.20424486696720123, 0.1865532398223877, 0.19756686687469482, 0.23248229920864105, 0.3187597095966339, 0.29753923416137695, 0.2866223156452179, 0.26494669914245605, 0.20965568721294403, 0.15474833548069, 0.14680083096027374, 0.13469545543193817, 0.09411770105361938, 0.10324076563119888, 0.07844945788383484, 0.09647400677204132, 0.10901413857936859, 0.11789795011281967, 0.10256999731063843, 0.09260788559913635, 0.08166147023439407, 0.07601624727249146, 0.09522343426942825, 0.12313055992126465, 0.13161121308803558, 0.16974830627441406, 0.29416346549987793, 0.4145333170890808, 0.35745272040367126, 0.28862228989601135, 0.2698178291320801, 0.22637920081615448, 0.21890944242477417, 0.2041044980287552, 0.19250088930130005, 0.20473319292068481], "rhythm.beats_position": [0.6037188172340393, 1.2190475463867188, 1.8575963973999023, 2.5077550411224365, 3.18113374710083, 3.877732276916504, 4.551111221313477, 5.236099720001221, 5.921088218688965, 6.5944671630859375, 7.279455661773682, 7.964444160461426, 8.637823104858398, 9.311202049255371, 10.007800102233887, 10.68117904663086, 11.377777099609375, 12.051156044006348, 12.73614501953125, 13.421133995056152, 14.094511985778809, 14.779500961303711, 15.464489936828613, 16.137868881225586, 16.822856903076172, 17.507844924926758, 18.181224822998047, 18.866212844848633, 19.55120086669922, 20.224580764770508], "rhythm.bpm_histogram": [0.0, 0.0, 0.0, 0.0, 0.0, 0.0, 0.0, 0.0, 0.0, 0.0, 0.0, 0.0, 0.0, 0.0, 0.0, 0.0, 0.0, 0.0, 0.0, 0.0, 0.0, 0.0, 0.0, 0.0, 0.0, 0.0, 0.0, 0.0, 0.0, 0.0, 0.0, 0.0, 0.0, 0.0, 0.0, 0.0, 0.0, 0.0, 0.0, 0.0, 0.0, 0.0, 0.0, 0.0, 0.0, 0.0, 0.0, 0.0, 0.0, 0.0, 0.0, 0.0, 0.0, 0.0, 0.0, 0.0, 0.0, 0.0, 0.0, 0.0, 0.0, 0.0, 0.0, 0.0, 0.0, 0.0, 0.0, 0.0, 0.0, 0.0, 0.0, 0.0, 0.0, 0.0, 0.0, 0.0, 0.0, 0.0, 0.0, 0.0, 0.0, 0.0, 0.0, 0.0, 0.0, 0.0, 0.1034482792019844, 0.0, 0.4137931168079376, 0.37931033968925476, 0.0, 0.0, 0.03448275849223137, 0.0, 0.03448275849223137, 0.0, 0.0, 0.0, 0.03448275849223137, 0.0, 0.0, 0.0, 0.0, 0.0, 0.0, 0.0, 0.0, 0.0, 0.0, 0.0, 0.0, 0.0, 0.0, 0.0, 0.0, 0.0, 0.0, 0.0, 0.0, 0.0, 0.0, 0.0, 0.0, 0.0, 0.0, 0.0, 0.0, 0.0, 0.0, 0.0, 0.0, 0.0, 0.0, 0.0, 0.0, 0.0, 0.0, 0.0, 0.0, 0.0, 0.0, 0.0, 0.0, 0.0, 0.0, 0.0, 0.0, 0.0, 0.0, 0.0, 0.0, 0.0, 0.0, 0.0, 0.0, 0.0, 0.0, 0.0, 0.0, 0.0, 0.0, 0.0, 0.0, 0.0, 0.0, 0.0, 0.0, 0.0, 0.0, 0.0, 0.0, 0.0, 0.0, 0.0, 0.0, 0.0, 0.0, 0.0, 0.0, 0.0, 0.0, 0.0, 0.0, 0.0, 0.0, 0.0, 0.0, 0.0, 0.0, 0.0, 0.0, 0.0, 0.0, 0.0, 0.0, 0.0, 0.0, 0.0, 0.0, 0.0, 0.0, 0.0, 0.0, 0.0, 0.0, 0.0, 0.0, 0.0, 0.0, 0.0, 0.0, 0.0, 0.0, 0.0, 0.0, 0.0, 0.0, 0.0, 0.0, 0.0, 0.0, 0.0, 0.0, 0.0, 0.0, 0.0, 0.0, 0.0, 0.0, 0.0, 0.0, 0.0, 0.0, 0.0, 0.0, 0.0, 0.0, 0.0, 0.0, 0.0, 0.0, 0.0, 0.0, 0.0, 0.0, 0.0, 0.0, 0.0, 0.0, 0.0], "tonal.chords_histogram": [46.0177001953125, 2.4336283206939697, 0.0, 0.0, 0.0, 0.0, 0.0, 27.65486717224121, 11.283185958862305, 5.7522125244140625, 0.0, 0.0, 0.0, 0.0, 0.0, 0.0, 0.0, 5.530973434448242, 0.6637167930603027, 0.0, 0.0, 0.0, 0.0, 0.6637167930603027], "tonal.thpcp": [1.0, 0.8282774686813354, 0.45895659923553467, 0.3569144308567047, 0.28152549266815186, 0.2493702918291092, 0.23837783932685852, 0.2343013882637024, 0.24814943969249725, 0.22956760227680206, 0.19356581568717957, 0.2087988406419754, 0.3108031153678894, 0.4848349690437317, 0.505835235118866, 0.4423791468143463, 0.36449697613716125, 0.23589034378528595, 0.14645779132843018, 0.12052687257528305, 0.11404377967119217, 0.09164916723966599, 0.08926301449537277, 0.08585865050554276, 0.10413054376840591, 0.12641757726669312, 0.1309279352426529, 0.11808469891548157, 0.09942953288555145, 0.08446665108203888, 0.074494369328022, 0.09234955161809921, 0.1222296953201294, 0.15243425965309143, 0.206537663936615, 0.547102689743042], "lowlevel.gfcc.cov": [[8024.8955078125, -140.0924530029297, 72.79953002929688, 102.29459381103516, -161.27108764648438, 215.81329345703125, -30.408275604248047, 40.43768310546875, 134.39154052734375, -3.8058700561523438, -201.5487823486328, 55.63217544555664, 54.400428771972656], [-140.0924530029297, 1743.7882080078125, 377.3711853027344, 31.115577697753906, 427.9910888671875, 183.50648498535156, 485.7265625, 120.06099700927734, 337.0713195800781, 105.76612854003906, 278.2266540527344, -4.226425647735596, 112.94664001464844], [72.79953002929688, 377.3711853027344, 1828.11767578125, 1051.120361328125, 673.6729736328125, 483.10638427734375, 440.9010925292969, 317.8938903808594, 202.49172973632812, 16.451068878173828, 237.95880126953125, 172.43368530273438, 55.21259689331055], [102.29459381103516, 31.115577697753906, 1051.120361328125, 1101.2178955078125, 548.3767700195312, 261.269775390625, 152.78988647460938, 144.73724365234375, 98.61389923095703, 6.452800750732422, 100.31133270263672, 48.724365234375, 68.33684539794922], [-161.27108764648438, 427.9910888671875, 673.6729736328125, 548.3767700195312, 807.6565551757812, 438.3798522949219, 376.5754089355469, 227.2857208251953, 269.5828552246094, 145.8843536376953, 202.40158081054688, 53.71616744995117, 110.95669555664062], [215.81329345703125, 183.50648498535156, 483.10638427734375, 261.269775390625, 438.3798522949219, 513.7588500976562, 369.94866943359375, 161.6697998046875, 122.41600799560547, 54.45642852783203, 138.90963745117188, 50.047794342041016, 43.16286849975586], [-30.408275604248047, 485.7265625, 440.9010925292969, 152.78988647460938, 376.5754089355469, 369.94866943359375, 576.3123779296875, 250.9635009765625, 201.65667724609375, 69.72264099121094, 217.1146697998047, 73.9512939453125, 80.9835433959961], [40.43768310546875, 120.06099700927734, 317.8938903808594, 144.73724365234375, 227.2857208251953, 161.6697998046875, 250.9635009765625, 286.5685119628906, 220.0697021484375, 79.76091766357422, 114.12130737304688, 69.6401138305664, 64.36241149902344], [134.39154052734375, 337.0713195800781, 202.49172973632812, 98.61389923095703, 269.5828552246094, 122.41600799560547, 201.65667724609375, 220.0697021484375, 385.0073547363281, 205.43077087402344, 149.15850830078125, 11.964550971984863, 93.2750473022461], [-3.8058700561523438, 105.76612854003906, 16.451068878173828, 6.452800750732422, 145.8843536376953, 54.45642852783203, 69.72264099121094, 79.76091766357422, 205.43077087402344, 234.67999267578125, 120.97886657714844, -10.91303539276123, 32.5229606628418], [-201.5487823486328, 278.2266540527344, 237.95880126953125, 100.31133270263672, 202.40158081054688, 138.90963745117188, 217.1146697998047, 114.12130737304688, 149.15850830078125, 120.97886657714844, 211.94334411621094, 57.190494537353516, 35.654579162597656], [55.63217544555664, -4.226425647735596, 172.43368530273438, 48.724365234375, 53.71616744995117, 50.047794342041016, 73.9512939453125, 69.6401138305664, 11.964550971984863, -10.91303539276123, 57.190494537353516, 122.5411148071289, 16.981679916381836], [54.400428771972656, 112.94664001464844, 55.21259689331055, 68.33684539794922, 110.95669555664062, 43.16286849975586, 80.9835433959961, 64.36241149902344, 93.2750473022461, 32.5229606628418, 35.654579162597656, 16.981679916381836, 93.89537048339844]], "lowlevel.gfcc.icov": [[0.00015470436483155936, -5.650479215546511e-05, 4.314579564379528e-05, -0.00012774976494256407, 0.00024991962709464133, -0.00028864751220680773, 6.567572654603282e-06, 8.091341442195699e-05, -0.00020039542869199067, -0.00016233694623224437, 0.00046253562322817743, -0.0003291146131232381, -3.864095560857095e-05], [-5.650479215546511e-05, 0.0014077353989705443, -0.0004486412217374891, 0.0007317110430449247, -0.0008770876447670162, 0.0010963949607685208, -0.0011184687027707696, 0.0017599883722141385, -0.0015917349373921752, 0.0016467043897137046, -0.0014899764209985733, 0.0010585986310616136, -0.0002534785307943821], [4.314579564379528e-05, -0.0004486412217374891, 0.0020692511461675167, -0.0018744830740615726, 0.00044910714495927095, -0.0008987988694570959, -4.7243931476259604e-05, -0.0008118837722577155, -0.00024201750056818128, 0.00017281573673244566, 0.00012320137466304004, -0.001781262457370758, 0.0015978084411472082], [-0.00012774976494256407, 0.0007317110430449247, -0.0018744830740615726, 0.0034003022592514753, -0.0020370036363601685, 0.0011384289246052504, 0.0005604762118309736, 0.00037531013367697597, 0.00029577722307294607, 0.0011845248518511653, -0.0013654172653332353, 0.0021831390913575888, -0.001615971908904612], [0.00024991962709464133, -0.0008770876447670162, 0.00044910714495927095, -0.0020370036363601685, 0.005017549265176058, -0.0032835216261446476, 0.00031048900564201176, -0.0005692843114957213, -0.0003702833491843194, -0.0019467739621177316, 0.0011066555744037032, -0.0011563104344531894, -0.0013376831775531173], [-0.00028864751220680773, 0.0010963949607685208, -0.0008987988694570959, 0.0011384289246052504, -0.0032835216261446476, 0.006685717962682247, -0.003435378195717931, 0.0012445092434063554, 0.00014352999278344214, 0.0007717573898844421, -0.0007146860007196665, 0.0012924863258376718, 0.0010927681578323245], [6.567572654603282e-06, -0.0011184687027707696, -4.7243931476259604e-05, 0.0005604762118309736, 0.00031048900564201176, -0.003435378195717931, 0.007300287019461393, -0.004460971802473068, 0.0017022952670231462, 0.0011960093397647142, -0.003718549618497491, 0.0011467506410554051, -0.0019654519855976105], [8.091341442195699e-05, 0.0017599883722141385, -0.0008118837722577155, 0.00037531013367697597, -0.0005692843114957213, 0.0012445092434063554, -0.004460971802473068, 0.012891886755824089, -0.00798974558711052, 0.002634158357977867, 0.0007848532404750586, -0.0032931349705904722, 0.00047357522998936474], [-0.00020039542869199067, -0.0015917349373921752, -0.00024201750056818128, 0.00029577722307294607, -0.0003702833491843194, 0.00014352999278344214, 0.0017022952670231462, -0.00798974558711052, 0.013003533706068993, -0.00756495725363493, 8.620448352303356e-05, 0.0025085206143558025, -0.004445785190910101], [-0.00016233694623224437, 0.0016467043897137046, 0.00017281573673244566, 0.0011845248518511653, -0.0019467739621177316, 0.0007717573898844421, 0.0011960093397647142, 0.002634158357977867, -0.00756495725363493, 0.014069178141653538, -0.008213000372052193, 0.0033649588003754616, 0.0014099786058068275], [0.00046253562322817743, -0.0014899764209985733, 0.00012320137466304004, -0.0013654172653332353, 0.0011066555744037032, -0.0007146860007196665, -0.003718549618497491, 0.0007848532404750586, 8.620448352303356e-05, -0.008213000372052193, 0.016638053581118584, -0.007048482075333595, 0.0018516106065362692], [-0.0003291146131232381, 0.0010585986310616136, -0.001781262457370758, 0.0021831390913575888, -0.0011563104344531894, 0.0012924863258376718, 0.0011467506410554051, -0.0032931349705904722, 0.0025085206143558025, 0.0033649588003754616, -0.007048482075333595, 0.014940343797206879, -0.003266668412834406], [-3.864095560857095e-05, -0.0002534785307943821, 0.0015978084411472082, -0.001615971908904612, -0.0013376831775531173, 0.0010927681578323245, -0.0019654519855976105, 0.00047357522998936474, -0.004445785190910101, 0.0014099786058068275, 0.0018516106065362692, -0.003266668412834406, 0.0174786988645792]], "lowlevel.mfcc.cov": [[8072.61669921875, -346.2422790527344, -139.1337890625, -266.2732849121094, -184.5468292236328, 24.822263717651367, -294.1567077636719, -42.883968353271484, 76.3902816772461, 23.736087799072266, -184.25653076171875, -156.45892333984375, -116.742431640625], [-346.2422790527344, 1613.33154296875, 21.89208984375, -38.735145568847656, 5.142910957336426, 167.91665649414062, 201.23196411132812, 167.66046142578125, 174.7869415283203, 145.5052032470703, 242.297119140625, 179.5205078125, 176.06423950195312], [-139.1337890625, 21.89208984375, 1232.064697265625, 639.6393432617188, 413.01837158203125, 257.4154968261719, 314.2527160644531, 355.1343688964844, 91.86321258544922, 76.22203826904297, 89.25917053222656, 105.1925277709961, 98.4253921508789], [-266.2732849121094, -38.735145568847656, 639.6393432617188, 801.144775390625, 477.3994445800781, 203.1304168701172, 181.8741455078125, 165.17433166503906, 108.02881622314453, 90.7658920288086, 34.23478698730469, 97.9090347290039, 84.90509033203125], [-184.5468292236328, 5.142910957336426, 413.01837158203125, 477.3994445800781, 614.0989990234375, 303.508056640625, 186.8536376953125, 156.07989501953125, 152.5655517578125, 172.20980834960938, 84.66316223144531, 121.64126586914062, 90.60649871826172], [24.822263717651367, 167.91665649414062, 257.4154968261719, 203.1304168701172, 303.508056640625, 396.6696472167969, 287.769775390625, 161.0901641845703, 98.12659454345703, 133.0475311279297, 107.10990905761719, 87.27644348144531, 45.43391036987305], [-294.1567077636719, 201.23196411132812, 314.2527160644531, 181.8741455078125, 186.8536376953125, 287.769775390625, 447.2748107910156, 299.4795227050781, 103.7852783203125, 100.2330322265625, 132.3042755126953, 91.62975311279297, 68.7570571899414], [-42.883968353271484, 167.66046142578125, 355.1343688964844, 165.17433166503906, 156.07989501953125, 161.0901641845703, 299.4795227050781, 384.08477783203125, 147.3264923095703, 64.95098114013672, 92.548583984375, 74.3619155883789, 80.62684631347656], [76.3902816772461, 174.7869415283203, 91.86321258544922, 108.02881622314453, 152.5655517578125, 98.12659454345703, 103.7852783203125, 147.3264923095703, 248.58164978027344, 172.57046508789062, 108.24137115478516, 97.7470703125, 97.4534683227539], [23.736087799072266, 145.5052032470703, 76.22203826904297, 90.7658920288086, 172.20980834960938, 133.0475311279297, 100.2330322265625, 64.95098114013672, 172.57046508789062, 253.2224578857422, 140.70285034179688, 87.95726776123047, 70.47522735595703], [-184.25653076171875, 242.297119140625, 89.25917053222656, 34.23478698730469, 84.66316223144531, 107.10990905761719, 132.3042755126953, 92.548583984375, 108.24137115478516, 140.70285034179688, 208.48611450195312, 140.62225341796875, 93.10945129394531], [-156.45892333984375, 179.5205078125, 105.1925277709961, 97.9090347290039, 121.64126586914062, 87.27644348144531, 91.62975311279297, 74.3619155883789, 97.7470703125, 87.95726776123047, 140.62225341796875, 210.47801208496094, 139.41368103027344], [-116.742431640625, 176.06423950195312, 98.4253921508789, 84.90509033203125, 90.60649871826172, 45.43391036987305, 68.7570571899414, 80.62684631347656, 97.4534683227539, 70.47522735595703, 93.10945129394531, 139.41368103027344, 180.50267028808594]], "lowlevel.mfcc.icov": [[0.00014570773055311292, 3.205195753253065e-05, -2.20032761717448e-05, 2.9439064746838994e-05, 0.00015181601338554174, -0.0002837021602317691, 0.0003045595367439091, -0.0001623999560251832, -8.979501581052318e-05, -0.00010825912613654509, 0.00017809434211812913, -1.4031991668161936e-05, 2.257580308651086e-05], [3.205195753253065e-05, 0.0008401248487643898, 7.707801705691963e-05, -2.8835358534706756e-05, 0.00037834348040632904, -0.0005068124155513942, 0.0001677080144872889, -0.0001519479410490021, -0.00028373318491503596, 0.0001939762441907078, -0.0007708801422268152, 0.0001882555370684713, -0.0005558650591410697], [-2.20032761717448e-05, 7.707801705691963e-05, 0.001891381572932005, -0.0013122620293870568, 5.17209482495673e-05, -0.00031414037221111357, 0.000407866871682927, -0.001691034296527505, 0.001171031966805458, -0.00023510033497586846, -0.0005270994151942432, 0.00018155436555389315, -0.0002591753436718136], [2.9439064746838994e-05, -2.8835358534706756e-05, -0.0013122620293870568, 0.0034499620087444782, -0.002183123491704464, 0.0009093399276025593, -0.000976684968918562, 0.001095144310966134, -0.0008334519225172698, 0.0004179503011982888, 0.0010948801646009088, -0.0004945956752635539, -6.2169251577870455e-06], [0.00015181601338554174, 0.00037834348040632904, 5.17209482495673e-05, -0.002183123491704464, 0.0054406714625656605, -0.003597717732191086, 0.0019511367427185178, -0.0011091410415247083, -0.00013398386363405734, -0.0018038569251075387, 0.0010150385787710547, -0.0009597778553143144, -0.0003510780807118863], [-0.0002837021602317691, -0.0005068124155513942, -0.00031414037221111357, 0.0009093399276025593, -0.003597717732191086, 0.00852503627538681, -0.005532171577215195, 0.0021338926162570715, 0.00011530947085702792, -0.000640961283352226, 0.00016855212743394077, -0.0007914072484709322, 0.001580999931320548], [0.0003045595367439091, 0.0001677080144872889, 0.000407866871682927, -0.000976684968918562, 0.0019511367427185178, -0.005532171577215195, 0.009582208469510078, -0.006197253242135048, 0.0022552968002855778, -0.0011399748036637902, -0.0016590829472988844, 0.00026996509404852986, -0.00032362580532208085], [-0.0001623999560251832, -0.0001519479410490021, -0.001691034296527505, 0.001095144310966134, -0.0011091410415247083, 0.0021338926162570715, -0.006197253242135048, 0.00965902116149664, -0.005535275209695101, 0.003657063003629446, -0.0005588554195128381, 0.0011469811433926225, -0.0005210280069150031], [-8.979501581052318e-05, -0.00028373318491503596, 0.001171031966805458, -0.0008334519225172698, -0.00013398386363405734, 0.00011530947085702792, 0.0022552968002855778, -0.005535275209695101, 0.012483659200370312, -0.007542802486568689, 0.001162253087386489, -0.0012399640399962664, -0.0018129453528672457], [-0.00010825912613654509, 0.0001939762441907078, -0.00023510033497586846, 0.0004179503011982888, -0.0018038569251075387, -0.000640961283352226, -0.0011399748036637902, 0.003657063003629446, -0.007542802486568689, 0.012751772068440914, -0.0067595564760267735, 0.003020879812538624, -0.00021293714235071093], [0.00017809434211812913, -0.0007708801422268152, -0.0005270994151942432, 0.0010948801646009088, 0.0010150385787710547, 0.00016855212743394077, -0.0016590829472988844, -0.0005588554195128381, 0.001162253087386489, -0.0067595564760267735, 0.015601232647895813, -0.008138700388371944, 0.0012192599242553115], [-1.4031991668161936e-05, 0.0001882555370684713, 0.00018155436555389315, -0.0004945956752635539, -0.0009597778553143144, -0.0007914072484709322, 0.00026996509404852986, 0.0011469811433926225, -0.0012399640399962664, 0.003020879812538624, -0.008138700388371944, 0.015116492286324501, -0.007980458438396454], [2.257580308651086e-05, -0.0005558650591410697, -0.0002591753436718136, -6.2169251577870455e-06, -0.0003510780807118863, 0.001580999931320548, -0.00032362580532208085, -0.0005210280069150031, -0.0018129453528672457, -0.00021293714235071093, 0.0012192599242553115, -0.007980458438396454, 0.01297224685549736]], "metadata.audio_properties.analysis.downmix": "mix", "metadata.audio_properties.codec": "mp3", "metadata.audio_properties.md5_encoded": "bdd7afe55f26e0fd169615eea52dcba3", "metadata.tags.file_name": "1183646448374534154.mp3", "metadata.version.essentia": "2.1-beta6-dev", "metadata.version.essentia_git_sha": "v2.1_beta5-1110-g77a6a954", "metadata.version.extractor": "music 2.0", "tonal.chords_key": "B", "tonal.chords_scale": "minor", "tonal.key_edma.key": "B", "tonal.key_edma.scale": "minor", "tonal.key_krumhansl.key": "B", "tonal.key_krumhansl.scale": "minor", "tonal.key_temperley.key": "B", "tonal.key_temperley.scale": "minor", "metadata.tags.encoding": ["Lavf58.45.100"]}, "essentia_models": [{"model_name": "genre_dortmund", "activations": {"alternative": "2.6153517e-05", "blues": "6.2076288e-06", "electronic": "2.952889e-05", "folkcountry": "6.233256e-06", "funksoulrnb": "0.00011731021", "jazz": "5.677386e-06", "pop": "0.00015057917", "raphiphop": "0.9998918", "rock": "0.00018245455"}}, {"model_name": "genre_rosamerica", "activations": {"classic": "2.8790404e-05", "dance": "4.933834e-07", "hip hop": "0.9986689", "jazz": "7.418142e-07", "pop": "0.00021064722", "rhythm and blues": "0.0018919492", "rock": "3.8380847e-05", "speech": "0.00084828323"}}, {"model_name": "genre_tzanetakis", "activations": {"blues": "1.2753116e-05", "classic": "2.219131e-06", "co