{"song_id": "1183688032830881802", "download": "https://cdn.discordapp.com/attachments/1135903449314238464/1183688032830881802/chirp.mp4?ex=65893e62&amp", "lyrics": "-", "style": ["lo</span><span>-fi sad alone missing someone smoking 2 minutes"], "essentia_features": {"lowlevel.average_loudness": 0.7363108992576599, "lowlevel.barkbands_crest.mean": 11.489948272705078, "lowlevel.barkbands_crest.stdev": 2.731379270553589, "lowlevel.barkbands_flatness_db.mean": 0.41385725140571594, "lowlevel.barkbands_flatness_db.stdev": 0.04487490653991699, "lowlevel.barkbands_kurtosis.mean": 3.02396821975708, "lowlevel.barkbands_kurtosis.stdev": 1.948706865310669, "lowlevel.barkbands_skewness.mean": 0.8913560509681702, "lowlevel.barkbands_skewness.stdev": 0.6610339879989624, "lowlevel.barkbands_spread.mean": 2.509110927581787, "lowlevel.barkbands_spread.stdev": 1.4028655290603638, "lowlevel.dissonance.mean": 0.37190237641334534, "lowlevel.dissonance.stdev": 0.07055167108774185, "lowlevel.dynamic_complexity": 5.970214366912842, "lowlevel.erbbands_crest.mean": 11.97189998626709, "lowlevel.erbbands_crest.stdev": 4.1246562004089355, "lowlevel.erbbands_flatness_db.mean": 0.38732433319091797, "lowlevel.erbbands_flatness_db.stdev": 0.04501108080148697, "lowlevel.erbbands_kurtosis.mean": 1.6499320268630981, "lowlevel.erbbands_kurtosis.stdev": 3.9456560611724854, "lowlevel.erbbands_skewness.mean": 0.5339556932449341, "lowlevel.erbbands_skewness.stdev": 0.7519863247871399, "lowlevel.erbbands_spread.mean": 7.4715375900268555, "lowlevel.erbbands_spread.stdev": 2.549880266189575, "lowlevel.hfc.mean": 5.074472904205322, "lowlevel.hfc.stdev": 8.289827346801758, "lowlevel.loudness_ebu128.integrated": -29.568735122680664, "lowlevel.loudness_ebu128.loudness_range": 6.455686569213867, "lowlevel.loudness_ebu128.momentary.mean": -33.49472427368164, "lowlevel.loudness_ebu128.momentary.stdev": 5.637818336486816, "lowlevel.loudness_ebu128.short_term.mean": -30.62429428100586, "lowlevel.loudness_ebu128.short_term.stdev": 2.482302188873291, "lowlevel.melbands_crest.mean": 13.02902603149414, "lowlevel.melbands_crest.stdev": 3.3278307914733887, "lowlevel.melbands_flatness_db.mean": 0.5361626744270325, "lowlevel.melbands_flatness_db.stdev": 0.04933290183544159, "lowlevel.melbands_kurtosis.mean": 3.0489449501037598, "lowlevel.melbands_kurtosis.stdev": 2.5779619216918945, "lowlevel.melbands_skewness.mean": 1.2163447141647339, "lowlevel.melbands_skewness.stdev": 0.7118932604789734, "lowlevel.melbands_spread.mean": 4.2373948097229, "lowlevel.melbands_spread.stdev": 4.246042728424072, "lowlevel.pitch_salience.mean": 0.5459508895874023, "lowlevel.pitch_salience.stdev": 0.0907180979847908, "lowlevel.silence_rate_20dB.mean": 1.0, "lowlevel.silence_rate_20dB.stdev": 0.0, "lowlevel.silence_rate_30dB.mean": 0.9866743683815002, "lowlevel.silence_rate_30dB.stdev": 0.11466442793607712, "lowlevel.silence_rate_60dB.mean": 0.3736964166164398, "lowlevel.silence_rate_60dB.stdev": 0.4837825298309326, "lowlevel.spectral_centroid.mean": 330.778076171875, "lowlevel.spectral_centroid.stdev": 116.38016510009766, "lowlevel.spectral_complexity.mean": 7.100231647491455, "lowlevel.spectral_complexity.stdev": 2.7869129180908203, "lowlevel.spectral_decrease.mean": -4.07648581557396e-09, "lowlevel.spectral_decrease.stdev": 6.581352351986425e-09, "lowlevel.spectral_energy.mean": 0.015845855697989464, "lowlevel.spectral_energy.stdev": 0.02556411176919937, "lowlevel.spectral_energyband_high.mean": 8.652716587675968e-08, "lowlevel.spectral_energyband_high.stdev": 1.1041090886010352e-07, "lowlevel.spectral_energyband_low.mean": 0.0020978031679987907, "lowlevel.spectral_energyband_low.stdev": 0.0031733771320432425, "lowlevel.spectral_energyband_middle_high.mean": 0.0007758018327876925, "lowlevel.spectral_energyband_middle_high.stdev": 0.002739003859460354, "lowlevel.spectral_energyband_middle_low.mean": 0.014061319641768932, "lowlevel.spectral_energyband_middle_low.stdev": 0.023694349452853203, "lowlevel.spectral_entropy.mean": 5.172417163848877, "lowlevel.spectral_entropy.stdev": 0.26027220487594604, "lowlevel.spectral_flux.mean": 0.02174120582640171, "lowlevel.spectral_flux.stdev": 0.027840981259942055, "lowlevel.spectral_kurtosis.mean": 160.75909423828125, "lowlevel.spectral_kurtosis.stdev": 85.34539031982422, "lowlevel.spectral_rms.mean": 0.003165567759424448, "lowlevel.spectral_rms.stdev": 0.002332066185772419, "lowlevel.spectral_rolloff.mean": 439.00750732421875, "lowlevel.spectral_rolloff.stdev": 418.8570251464844, "lowlevel.spectral_skewness.mean": 10.218596458435059, "lowlevel.spectral_skewness.stdev": 2.5873193740844727, "lowlevel.spectral_spread.mean": 881499.1875, "lowlevel.spectral_spread.stdev": 509999.28125, "lowlevel.spectral_strongpeak.mean": 0.5739791393280029, "lowlevel.spectral_strongpeak.stdev": 0.678704023361206, "lowlevel.zerocrossingrate.mean": 0.016031524166464806, "lowlevel.zerocrossingrate.stdev": 0.016009725630283356, "metadata.audio_properties.analysis.equal_loudness": 0.0, "metadata.audio_properties.analysis.length": 40.04265213012695, "metadata.audio_properties.analysis.sample_rate": 44100.0, "metadata.audio_properties.analysis.start_time": 0.0, "metadata.audio_properties.bit_rate": 110381.0, "metadata.audio_properties.length": 40.042667388916016, "metadata.audio_properties.lossless": 0.0, "metadata.audio_properties.number_channels": 1.0, "metadata.audio_properties.replay_gain": 0.2459087371826172, "metadata.audio_properties.sample_rate": 48000.0, "rhythm.beats_count": 96.0, "rhythm.beats_loudness.mean": 0.022316403687000275, "rhythm.beats_loudness.stdev": 0.035047076642513275, "rhythm.bpm": 154.79562377929688, "rhythm.bpm_histogram_first_peak_bpm": 157.0, "rhythm.bpm_histogram_first_peak_weight": 0.1499999761581421, "rhythm.bpm_histogram_second_peak_bpm": 167.0, "rhythm.bpm_histogram_second_peak_spread": 0.0, "rhythm.bpm_histogram_second_peak_weight": 0.13684210181236267, "rhythm.danceability": 0.934801459312439, "rhythm.onset_rate": 0.42442256212234497, "tonal.chords_changes_rate": 0.028935184702277184, "tonal.chords_number_rate": 0.0069444444961845875, "tonal.chords_strength.mean": 0.49560579657554626, "tonal.chords_strength.stdev": 0.09876905381679535, "tonal.hpcp_crest.mean": 14.00711727142334, "tonal.hpcp_crest.stdev": 4.24822473526001, "tonal.hpcp_entropy.mean": 1.7597471475601196, "tonal.hpcp_entropy.stdev": 0.37898412346839905, "tonal.key_edma.strength": 0.8253844976425171, "tonal.key_krumhansl.strength": 0.8110061287879944, "tonal.key_temperley.strength": 0.7877228260040283, "tonal.tuning_diatonic_strength": 0.5090175867080688, "tonal.tuning_equal_tempered_deviation": 0.044611603021621704, "tonal.tuning_frequency": 438.47772216796875, "tonal.tuning_nontempered_energy_ratio": 0.5937719345092773, "lowlevel.barkbands.mean": [1.1758074833778664e-06, 8.122860890580341e-06, 0.0010461349738761783, 0.001961725763976574, 0.005721286870539188, 0.0037619604263454676, 0.001700034597888589, 0.000355470459908247, 0.0004584094858728349, 0.00047006772365421057, 0.00031168805435299873, 1.2810852240363602e-05, 2.9464847102644853e-05, 2.98745203508588e-06, 4.236585937178461e-06, 1.287210267264527e-07, 5.6573984608121464e-08, 2.014353484014464e-08, 8.931659856159513e-09, 8.090445646757871e-09, 8.135661033747965e-09, 1.0925059079625044e-08, 1.4606629683555639e-08, 1.73706666828366e-08, 1.697535267908279e-08, 1.2963099926821542e-08, 1.328920307130943e-09], "lowlevel.barkbands.stdev": [2.858057769117295e-06, 1.7765149095794186e-05, 0.0014084477443248034, 0.003856268711388111, 0.01166259404271841, 0.006748809479176998, 0.0029864762909710407, 0.0011081851553171873, 0.000994805246591568, 0.001810836372897029, 0.00152885471470654, 2.5406063286936842e-05, 0.00011896840442204848, 7.862329766794574e-06, 1.758389043970965e-05, 4.7350894760711526e-07, 3.120942153600481e-07, 1.0131333283425192e-07, 2.754103434199351e-08, 2.8252841843823262e-08, 1.9917822058346246e-08, 1.7263943163925433e-08, 1.5925369467595374e-08, 1.726359677434175e-08, 1.5481710136100446e-08, 1.573357621964533e-08, 2.106545604618759e-09], "lowlevel.erbbands.mean": [0.0003531578986439854, 0.014221574179828167, 0.7008798122406006, 5.063793182373047, 18.458354949951172, 14.379475593566895, 16.245464324951172, 30.107715606689453, 31.190982818603516, 20.977983474731445, 6.70856237411499, 9.77535629272461, 10.782361030578613, 18.329139709472656, 9.927152633666992, 1.0489648580551147, 1.553297996520996, 0.2230624258518219, 0.2924947440624237, 0.059350308030843735, 0.005433947313576937, 0.0026350789703428745, 0.002058117650449276, 0.0005585262551903725, 0.0004536990891210735, 0.00038957165088504553, 0.00034865151974372566, 0.00032938248477876186, 0.00037920140312053263, 0.00042084214510396123, 0.0004246361495461315, 0.00037432785029523075, 0.0002945572487078607, 0.00019872009579557925, 0.00013117017806507647, 6.983368803048506e-05, 2.6491225071367808e-05, 4.209111466479953e-06, 7.4890940595651045e-06, 1.7538823158247396e-05], "lowlevel.erbbands.stdev": [0.0004616724618244916, 0.018323304131627083, 0.9367885589599609, 8.740907669067383, 33.53762435913086, 38.355228424072266, 32.38136291503906, 56.02253723144531, 55.96271514892578, 44.36115264892578, 17.435380935668945, 23.06015968322754, 20.9384822845459, 75.77879333496094, 43.99015808105469, 2.4237582683563232, 5.968476295471191, 0.5715835690498352, 1.0841312408447266, 0.17947697639465332, 0.014248021878302097, 0.012181179597973824, 0.01163961086422205, 0.0015882409643381834, 0.0015229897107928991, 0.0012642801739275455, 0.0009165998199023306, 0.0007405737997032702, 0.00064652762375772, 0.000456957466667518, 0.00046924781054258347, 0.0003929487138520926, 0.00027675903402268887, 0.0001714084210107103, 0.00011171385267516598, 6.549022509716451e-05, 3.0310649890452623e-05, 7.135475698305527e-06, 1.1817615813924931e-05, 2.825931369443424e-05], "lowlevel.gfcc.mean": [-264.1734619140625, 225.18701171875, -31.56045913696289, -56.877716064453125, -80.71305847167969, 1.036324143409729, -36.987979888916016, -29.26675796508789, -30.69314956665039, -17.934499740600586, -14.686835289001465, -17.44634246826172, -8.782471656799316], "lowlevel.melbands.mean": [1.5304682392525137e-06, 0.00030475202947854996, 0.001240178127773106, 0.0012179489713162184, 0.0005830280715599656, 0.0007306340849027038, 0.00045373826287686825, 0.00018951212405227125, 5.1307721150806174e-05, 6.182416836963966e-05, 5.343379598343745e-05, 7.507675763918087e-05, 4.177710070507601e-05, 3.619458766479511e-06, 3.3082735626521753e-06, 2.0447978386073373e-06, 2.7752921027968114e-07, 4.7496078536823916e-07, 1.8410847246741469e-07, 2.3019634198817585e-08, 2.387333219999732e-09, 1.8506717269772821e-09, 4.245322759999226e-09, 5.547994841315074e-10, 3.9573422316863116e-10, 3.27296356683604e-10, 2.905809204367671e-10, 2.470598725601292e-10, 2.1329195354358177e-10, 1.978534835966883e-10, 1.8563106607416557e-10, 2.1171372988071369e-10, 2.1068913280686274e-10, 2.3990268105400503e-10, 2.4205101811780594e-10, 2.2888083095473633e-10, 2.2395912901984616e-10, 2.1263790728198728e-10, 1.61413341026595e-10, 1.6041838690750154e-10], "lowlevel.melbands.stdev": [2.9422199077089317e-06, 0.0004162767145317048, 0.002170419320464134, 0.002464586403220892, 0.0012933446560055017, 0.0013518771156668663, 0.0008007303695194423, 0.0004149537708144635, 0.00014716258738189936, 0.0001351885439362377, 0.00010743813618319109, 0.0003236071497667581, 0.00021259863569866866, 9.852650691755116e-06, 1.104042530641891e-05, 7.839492354833055e-06, 6.895580781929311e-07, 1.6567564671277069e-06, 7.255875402734091e-07, 8.106577098487833e-08, 6.1501461701141125e-09, 6.595652024543597e-09, 2.921491315532876e-08, 1.6151533444030974e-09, 1.1512989450679356e-09, 1.0822822638090202e-09, 1.0883445256126834e-09, 7.855595063332999e-10, 5.745135478463226e-10, 5.298789740315613e-10, 4.021220578742657e-10, 3.843748652698764e-10, 2.9590221939379546e-10, 2.4359023131914626e-10, 2.7459906570825865e-10, 2.5391963531795625e-10, 2.4327817538249974e-10, 2.020224404430948e-10, 1.589361559029001e-10, 1.4587789309850052e-10], "lowlevel.melbands128.mean": [4.564114419736143e-07, 5.294658649290795e-07, 1.1727240689651808e-06, 4.866293238592334e-06, 0.00010603939881548285, 0.0006770988693460822, 0.001004671212285757, 0.0009448915952816606, 0.0024528740905225277, 0.001106421579606831, 0.0006734438939020038, 0.0006177435861900449, 0.0004375713469926268, 0.0007451344281435013, 0.0005032707122154534, 0.0009908026549965143, 0.0008190700318664312, 0.00018458646081853658, 0.0002048333262791857, 0.0003410840581636876, 8.60822619870305e-05, 3.681992893689312e-05, 4.083119711140171e-05, 6.932891847100109e-05, 7.689581252634525e-05, 3.86707870347891e-05, 8.61464868648909e-05, 4.477133916225284e-05, 2.111567482643295e-05, 0.00011683227785397321, 6.74682087264955e-05, 4.983798862667754e-05, 6.125167419668287e-05, 2.014582605625037e-05, 1.813627932278905e-06, 8.774334219197044e-07, 1.2705158951575868e-06, 1.6686532262610854e-06, 7.3333435466338415e-06, 3.5143793866154738e-06, 3.448319034760061e-07, 3.279996860783285e-07, 1.9757678160203795e-07, 3.37352446422301e-07, 2.8427737674974196e-07, 5.973236625322897e-07, 6.419390956580173e-07, 1.0293020125118346e-07, 3.834297146454446e-08, 6.297116783571255e-08, 7.9399580243944e-09, 5.3974709146586974e-09, 1.970696050790366e-09, 1.637634916562547e-09, 1.5305551270827777e-09, 1.1255978371593756e-09, 1.2693328610424714e-09, 8.976426713047658e-09, 2.726395331720255e-09, 6.548855902011042e-10, 5.371624256511609e-10, 4.840888245816188e-10, 4.2422354518123484e-10, 3.8190353657263643e-10, 3.0505617476528357e-10, 3.318723629242015e-10, 3.491459066307101e-10, 2.981007107827338e-10, 2.948333799324132e-10, 2.4270263576653406e-10, 2.584994718279887e-10, 2.4535243281498254e-10, 2.0554356827684472e-10, 2.1711722697492775e-10, 2.0857067462021206e-10, 1.9707287191028655e-10, 2.059250131525303e-10, 1.6824044934971027e-10, 1.7420440090454292e-10, 2.0520066201790144e-10, 2.2017168643806428e-10, 2.16859127877278e-10, 1.9673743190118387e-10, 2.0429011260425511e-10, 2.2659067677732736e-10, 2.2919668940524218e-10, 2.4669274956146126e-10, 2.596017567579878e-10, 2.325332981722994e-10, 2.395800779986246e-10, 2.3844046181942247e-10, 2.1872957611801525e-10, 2.274616467401458e-10, 2.1843410413779907e-10, 2.2691108714223418e-10, 2.2578561242880824e-10, 2.1885508683094912e-10, 1.8562500148089356e-10, 1.5298110001005227e-10, 1.5246852391737065e-10, 1.5776059625327576e-10, 1.6076277808974027e-10, 1.6829668214590754e-10, 1.5442812306698528e-10, 1.568290358688884e-10, 1.1550785328218183e-10, 1.0282038415132533e-10, 9.776098680580603e-11, 1.0641526548837987e-10, 1.1499503432821356e-10, 1.266846627601126e-10, 9.311287157975912e-11, 5.104816916401411e-11, 4.8756877008004906e-11, 4.763752586844916e-11, 3.915310436974906e-11, 2.521528472132495e-11, 7.036708455504526e-12, 3.613818445880046e-12, 3.5652925924056778e-12, 3.412010691344891e-12, 3.406733879371404e-12, 3.4265719602022404e-12, 3.314223678482775e-12, 2.792495401582329e-12, 1.9212387757094884e-12, 1.4493100729956465e-12, 1.3766034753087686e-12], "lowlevel.melbands128.stdev": [1.0644880603649653e-06, 1.001505211206677e-06, 2.3657282781641698e-06, 1.1707006706274115e-05, 0.00015941483434289694, 0.0009227119735442102, 0.001718322397209704, 0.001979936147108674, 0.0043699294328689575, 0.0022530497517436743, 0.002375492826104164, 0.0019022171618416905, 0.0010829378152266145, 0.0013785315677523613, 0.0010033822618424892, 0.002027140697464347, 0.001632432104088366, 0.0003467139322310686, 0.00046597933396697044, 0.000756528927013278, 0.0003370707272551954, 0.00012298756337258965, 0.0001265717437490821, 0.00021363599807955325, 0.0002406187995802611, 0.0001153043340309523, 0.00023417070042341948, 9.972351108444855e-05, 8.382566011277959e-05, 0.0005884390557184815, 0.0003003105230163783, 0.0003322451957501471, 0.00035310606472194195, 6.0650523664662614e-05, 5.697418146155542e-06, 2.481667252141051e-06, 2.51698861575278e-06, 4.2754668356792536e-06, 3.192411895724945e-05, 1.3630936336994637e-05, 1.0711225968407234e-06, 9.27024984775926e-07, 4.836157359022764e-07, 9.644746796766412e-07, 1.2734261645164224e-06, 2.3600707663717913e-06, 3.4090264762198785e-06, 3.577007419153233e-07, 1.0840492592478768e-07, 2.5104566248046467e-07, 3.237138912481896e-08, 2.2221334106120594e-08, 4.224018468335089e-09, 5.770000033322731e-09, 4.268031261744909e-09, 2.540996080213631e-09, 4.035373368793671e-09, 6.730077473093843e-08, 1.9186309430097026e-08, 1.9306301002330883e-09, 1.5673388142900535e-09, 1.6090825338821446e-09, 1.259216508842087e-09, 1.0976348718827467e-09, 1.0213274670434203e-09, 1.0954989138056703e-09, 1.374683478161387e-09, 1.1461196436357568e-09, 1.2040198837937055e-09, 8.632104475658764e-10, 8.34153746076538e-10, 7.204924434844884e-10, 6.97302326990723e-10, 5.142438697092189e-10, 5.052317453291266e-10, 6.19512996458127e-10, 5.46375666932164e-10, 3.4630928680279283e-10, 4.042251255942375e-10, 4.462548663930477e-10, 3.9820552411029553e-10, 3.829090378104638e-10, 3.5978528489799544e-10, 3.0592225974679366e-10, 2.422866074436314e-10, 2.6333571434555836e-10, 2.494338069425339e-10, 2.993351122526633e-10, 2.7496988019848345e-10, 3.135504356155394e-10, 2.5682045379227247e-10, 2.671705079393405e-10, 2.4206278648186697e-10, 2.576468205450766e-10, 2.7959345949568615e-10, 2.0611136408721364e-10, 2.1170352970667494e-10, 2.1872852140614185e-10, 1.7615670033777064e-10, 1.3804989096311004e-10, 1.58338911426803e-10, 1.6818833825649193e-10, 1.5419807097849514e-10, 1.5656516361151063e-10, 1.2084430678349634e-10, 1.4288185912203488e-10, 1.6883995590522005e-10, 1.3748692462289824e-10, 1.3553452804515587e-10, 1.220316209193939e-10, 1.3867898496222608e-10, 1.229277513115079e-10, 1.2483636346871663e-10, 1.0673840977748483e-10, 1.1352473128223295e-10, 1.0486623375216553e-10, 7.168422799797014e-11, 1.5151258719869887e-11, 4.673451729775291e-12, 4.5500643183760126e-12, 4.447245089550522e-12, 4.345245083886562e-12, 4.2682437445540344e-12, 4.197201180361487e-12, 4.112838108277783e-12, 4.0526752960456935e-12, 4.018011184186987e-12, 3.9965760735560796e-12], "lowlevel.mfcc.mean": [-948.8624877929688, 283.9678955078125, 73.36640167236328, -32.7124137878418, -23.34663963317871, 0.45054975152015686, -8.083970069885254, -16.419279098510742, -19.85235023498535, -12.80056381225586, -16.709980010986328, -17.531587600708008, -12.05562686920166], "lowlevel.spectral_contrast_coeffs.mean": [-0.6129764914512634, -0.6796970963478088, -0.717880368232727, -0.7885011434555054, -0.8945260643959045, -0.8769106864929199], "lowlevel.spectral_contrast_coeffs.stdev": [0.06593549251556396, 0.07995039969682693, 0.06974328309297562, 0.048770759254693985, 0.020660242065787315, 0.014317627064883709], "lowlevel.spectral_contrast_valleys.mean": [-7.447860240936279, -7.570716857910156, -8.96135425567627, -11.048083305358887, -12.141955375671387, -13.793213844299316], "lowlevel.spectral_contrast_valleys.stdev": [0.8072231411933899, 0.970268726348877, 0.8278948664665222, 0.6789087057113647, 0.3181109130382538, 0.28831371665000916], "rhythm.beats_loudness_band_ratio.mean": [0.444530725479126, 0.5322216749191284, 0.17830677330493927, 0.050065960735082626, 0.000588251044973731, 2.675549330888316e-05], "rhythm.beats_loudness_band_ratio.stdev": [0.17746293544769287, 0.15152090787887573, 0.08571574091911316, 0.14140604436397552, 0.0028586252592504025, 2.7209875042899512e-05], "tonal.hpcp.mean": [0.13042643666267395, 0.09168973565101624, 0.011895430274307728, 0.009419990703463554, 0.003533382201567292, 0.0878572165966034, 0.245055690407753, 0.17401590943336487, 0.18676842749118805, 0.3064430356025696, 0.1360948234796524, 0.0024445822928100824, 0.0008396382327191532, 0.0013740045251324773, 0.1155424639582634, 0.3221225142478943, 0.20811130106449127, 0.001217482378706336, 0.0011795995524153113, 0.0019157263450324535, 0.12578247487545013, 0.37289366126060486, 0.2492247372865677, 0.0013027726672589779, 0.0006296595092862844, 0.00048341299407184124, 0.016767943277955055, 0.04561414569616318, 0.030920084565877914, 0.3981533348560333, 0.7622666358947754, 0.3706289231777191, 0.006498092319816351, 0.002188771730288863, 0.00098677899222821, 0.04275741055607796], "tonal.hpcp.stdev": [0.2269986867904663, 0.15654410421848297, 0.03932296857237816, 0.029864706099033356, 0.04142417758703232, 0.1344205141067505, 0.29412323236465454, 0.2259332686662674, 0.2188897728919983, 0.3503938317298889, 0.1627177745103836, 0.019050758332014084, 0.0075574638321995735, 0.018524372950196266, 0.15034201741218567, 0.3933095932006836, 0.2542731463909149, 0.008886447176337242, 0.002731460379436612, 0.011673834174871445, 0.13565704226493835, 0.39248746633529663, 0.2659294903278351, 0.012915031984448433, 0.005207384936511517, 0.0028024152852594852, 0.05105065554380417, 0.12053346633911133, 0.08012999594211578, 0.16323164105415344, 0.2908608913421631, 0.16151119768619537, 0.05243104696273804, 0.020978117361664772, 0.007983281277120113, 0.08407847583293915], "rhythm.beats_position": [0.3831292390823364, 0.7662584781646729, 1.1493877172470093, 1.5325169563293457, 1.9272562265396118, 2.3103854656219482, 2.693514585494995, 3.0998640060424805, 3.5062131881713867, 3.9009523391723633, 4.3073015213012695, 4.713650703430176, 5.108389854431152, 5.503129005432129, 5.8978681564331055, 6.29260778427124, 6.687346935272217, 7.082086086273193, 7.46521520614624, 7.848344326019287, 8.231473922729492, 8.614603042602539, 8.997732162475586, 9.380861282348633, 9.76399040222168, 10.147119522094727, 10.53024959564209, 10.913378715515137, 11.308117866516113, 11.69124698638916, 12.051156044006348, 12.399456024169922, 12.75936508178711, 13.107664108276367, 13.467573165893555, 13.815873146057129, 14.175782203674316, 14.535691261291504, 14.895600318908691, 15.255510330200195, 15.627029418945312, 15.99854850769043, 16.370067596435547, 16.729976654052734, 17.089885711669922, 17.44979476928711, 17.80970573425293, 18.169614791870117, 18.529523849487305, 18.877822875976562, 19.22612190246582, 19.574420928955078, 19.922719955444336, 20.271020889282227, 20.619319915771484, 20.944398880004883, 21.26947784423828, 21.59455680847168, 21.91963768005371, 22.24471664428711, 22.674285888671875, 23.10385513305664, 23.545034408569336, 23.9862117767334, 24.439001083374023, 24.89179039001465, 25.344579696655273, 25.7973690032959, 26.261768341064453, 26.726167678833008, 27.132516860961914, 27.53886604309082, 27.945215225219727, 28.363174438476562, 28.75791358947754, 29.152652740478516, 29.535781860351562, 29.9537410736084, 30.371700286865234, 30.80126953125, 31.300498962402344, 31.788116455078125, 32.28734588623047, 32.80979537963867, 33.34385299682617, 33.889522552490234, 34.423583984375, 34.9692497253418, 35.51491928100586, 36.06058883666992, 36.59464645385742, 37.12870788574219, 37.69759750366211, 38.266483306884766, 38.83537292480469, 39.415870666503906], "rhythm.bpm_histogram": [0.0, 0.0, 0.0, 0.0, 0.0, 0.0, 0.0, 0.0, 0.0, 0.0, 0.0, 0.0, 0.0, 0.0, 0.0, 0.0, 0.0, 0.0, 0.0, 0.0, 0.0, 0.0, 0.0, 0.0, 0.0, 0.0, 0.0, 0.0, 0.0, 0.0, 0.0, 0.0, 0.0, 0.0, 0.0, 0.0, 0.0, 0.0, 0.0, 0.0, 0.0, 0.0, 0.0, 0.0, 0.0, 0.0, 0.0, 0.0, 0.0, 0.0, 0.0, 0.0, 0.0, 0.0, 0.0, 0.0, 0.0, 0.0, 0.0, 0.0, 0.0, 0.0, 0.0, 0.0, 0.0, 0.0, 0.0, 0.0, 0.0, 0.0, 0.0, 0.0, 0.0, 0.0, 0.0, 0.0, 0.0, 0.0, 0.0, 0.0, 0.0, 0.0, 0.0, 0.0, 0.0, 0.0, 0.0, 0.0, 0.0, 0.0, 0.0, 0.0, 0.0, 0.0, 0.0, 0.0, 0.0, 0.0, 0.0, 0.0, 0.0, 0.0, 0.0, 0.010526316240429878, 0.0, 0.031578946858644485, 0.0, 0.0, 0.0, 0.0, 0.04210526496171951, 0.0, 0.04210526496171951, 0.0, 0.0, 0.010526316240429878, 0.0, 0.0, 0.0, 0.0, 0.021052632480859756, 0.0, 0.0, 0.010526316240429878, 0.0, 0.0, 0.0, 0.0, 0.0, 0.021052632480859756, 0.0, 0.0, 0.0, 0.04210526496171951, 0.0, 0.0, 0.021052632480859756, 0.0, 0.0, 0.0, 0.031578946858644485, 0.0, 0.0, 0.0, 0.031578946858644485, 0.0, 0.0, 0.0, 0.0736842080950737, 0.0, 0.0, 0.0, 0.11578947305679321, 0.0, 0.0, 0.0, 0.0, 0.17894737422466278, 0.0, 0.0, 0.0, 0.031578946858644485, 0.0, 0.0, 0.0, 0.0, 0.0, 0.13684210181236267, 0.0, 0.0, 0.0, 0.0, 0.09473684430122375, 0.0, 0.0, 0.0, 0.0, 0.0, 0.0, 0.0, 0.0, 0.0, 0.0, 0.0, 0.0, 0.05263157933950424, 0.0, 0.0, 0.0, 0.0, 0.0, 0.0, 0.0, 0.0, 0.0, 0.0, 0.0, 0.0, 0.0, 0.0, 0.0, 0.0, 0.0, 0.0, 0.0, 0.0, 0.0, 0.0, 0.0, 0.0, 0.0, 0.0, 0.0, 0.0, 0.0, 0.0, 0.0, 0.0, 0.0, 0.0, 0.0, 0.0, 0.0, 0.0, 0.0, 0.0, 0.0, 0.0, 0.0, 0.0, 0.0, 0.0, 0.0, 0.0, 0.0, 0.0, 0.0, 0.0, 0.0, 0.0, 0.0, 0.0, 0.0, 0.0, 0.0, 0.0, 0.0, 0.0, 0.0, 0.0], "tonal.chords_histogram": [45.717594146728516, 9.953703880310059, 32.407405853271484, 3.935185194015503, 4.513888835906982, 0.0, 0.0, 0.0, 0.0, 0.0, 0.0, 0.0, 0.0, 0.0, 0.0, 0.0, 0.0, 0.0, 0.0, 0.0, 0.0, 0.0, 0.0, 3.472222328186035], "tonal.thpcp": [1.0, 0.48621952533721924, 0.00852469727396965, 0.0028713990468531847, 0.0012945325579494238, 0.056092459708452225, 0.17110343277454376, 0.12028564512729645, 0.015605340711772442, 0.012357868254184723, 0.004635362420231104, 0.11525785177946091, 0.32148289680480957, 0.2282874584197998, 0.2450171858072281, 0.4020155370235443, 0.17853966355323792, 0.0032069911248981953, 0.0011015019845217466, 0.001802524784579873, 0.15157748758792877, 0.4225850999355316, 0.27301642298698425, 0.001597187016159296, 0.0015474894316866994, 0.002513197250664234, 0.16501112282276154, 0.48919057846069336, 0.326952189207077, 0.0017090773908421397, 0.0008260358008556068, 0.0006341783446259797, 0.02199747785925865, 0.05984014272689819, 0.040563344955444336, 0.5223281383514404], "lowlevel.gfcc.cov": [[2955.406494140625, 1337.907958984375, -537.7599487304688, -882.2635498046875, 257.0323181152344, -52.1942024230957, 23.006254196166992, -319.2048645019531, 210.64999389648438, -273.08172607421875, 66.98123168945312, -220.1812286376953, 238.17227172851562], [1337.907958984375, 771.4017944335938, -170.51837158203125, -461.1565856933594, 101.17427825927734, -24.897323608398438, 22.125167846679688, -189.90914916992188, 119.008544921875, -136.1949462890625, 51.814796447753906, -147.79776000976562, 113.71621704101562], [-537.7599487304688, -170.51837158203125, 410.7178649902344, 200.8236083984375, -137.8646240234375, -41.61285400390625, -6.104776859283447, 9.392618179321289, -80.2188491821289, 79.30833435058594, -3.3955819606781006, 11.864364624023438, -129.37835693359375], [-882.2635498046875, -461.1565856933594, 200.8236083984375, 370.6504821777344, -89.7648696899414, 11.44546127319336, -9.146671295166016, 120.4559326171875, -81.07073974609375, 91.3093032836914, -28.44483184814453, 69.41124725341797, -94.9134521484375], [257.0323181152344, 101.17427825927734, -137.8646240234375, -89.7648696899414, 97.2422103881836, 19.809175491333008, 4.012305736541748, -22.259811401367188, 30.68561553955078, -38.18259048461914, -0.715478241443634, -9.589934349060059, 47.526649475097656], [-52.1942024230957, -24.897323608398438, -41.61285400390625, 11.44546127319336, 19.809175491333008, 62.79917907714844, 12.583205223083496, 11.367012977600098, -1.7869679927825928, 2.6369340419769287, -3.5285868644714355, 3.8255927562713623, 16.00164031982422], [23.006254196166992, 22.125167846679688, -6.104776859283447, -9.146671295166016, 4.012305736541748, 12.583205223083496, 37.67403030395508, 7.280632495880127, -3.81101393699646, -20.437660217285156, -6.546772003173828, -7.947984218597412, 8.40815544128418], [-319.2048645019531, -189.90914916992188, 9.392618179321289, 120.4559326171875, -22.259811401367188, 11.367012977600098, 7.280632495880127, 91.35982513427734, -10.061785697937012, 30.305740356445312, -22.792827606201172, 31.336618423461914, -20.56620216369629], [210.64999389648438, 119.008544921875, -80.2188491821289, -81.07073974609375, 30.68561553955078, -1.7869679927825928, -3.81101393699646, -10.061785697937012, 65.81649017333984, -3.6972033977508545, 10.569379806518555, -27.23076057434082, 27.087779998779297], [-273.08172607421875, -136.1949462890625, 79.30833435058594, 91.3093032836914, -38.18259048461914, 2.6369340419769287, -20.437660217285156, 30.305740356445312, -3.6972033977508545, 89.9677734375, 7.9304351806640625, 23.574308395385742, -48.96175765991211], [66.98123168945312, 51.814796447753906, -3.3955819606781006, -28.44483184814453, -0.715478241443634, -3.5285868644714355, -6.546772003173828, -22.792827606201172, 10.569379806518555, 7.9304351806640625, 32.633914947509766, -1.8116036653518677, 3.8169052600860596], [-220.1812286376953, -147.79776000976562, 11.864364624023438, 69.41124725341797, -9.589934349060059, 3.8255927562713623, -7.947984218597412, 31.336618423461914, -27.23076057434082, 23.574308395385742, -1.8116036653518677, 57.86334228515625, -8.179259300231934], [238.17227172851562, 113.71621704101562, -129.37835693359375, -94.9134521484375, 47.526649475097656, 16.00164031982422, 8.40815544128418, -20.56620216369629, 27.087779998779297, -48.96175765991211, 3.8169052600860596, -8.179259300231934, 75.38594818115234]], "lowlevel.gfcc.icov": [[0.002864076755940914, -0.006326146889477968, 0.0032763322815299034, -0.0004173226188868284, -0.00013567140558734536, 0.001672053593210876, 0.00081508734729141, 1.3562912499764934e-05, 0.002634639386087656, -0.0008303571376018226, 0.0032809502445161343, -0.0033234553411602974, 0.003222191706299782], [-0.006326146889477968, 0.02909492515027523, -0.012053440324962139, 0.011670761741697788, -0.0022049774415791035, -0.0030934882815927267, -0.004276240710169077, 0.005301362834870815, -0.013177291490137577, 0.00795683078467846, -0.016722185537219048, 0.02334229275584221, -0.0126421470195055], [0.0032763322815299034, -0.012053440324962139, 0.01519032008945942, -0.007407201454043388, 0.007626346778124571, 0.004154305439442396, -0.002777945948764682, 0.006594070699065924, 0.007435851264744997, -0.004755498841404915, 0.008885147981345654, -0.007828411646187305, 0.01393409539014101], [-0.0004173226188868284, 0.011670761741697788, -0.007407201454043388, 0.019084913656115532, -0.0028805613983422518, -0.0025088521651923656, 0.0030206821393221617, -0.009566277265548706, 0.0022172892931848764, 0.0024914678651839495, -0.008547725155949593, 0.011457995511591434, -0.0030708492267876863], [-0.00013567140558734536, -0.0022049774415791035, 0.007626346778124571, -0.0028805613983422518, 0.024686599150300026, -0.005222822539508343, -0.000674938375595957, 0.008667238056659698, -0.006732746493071318, 0.0038019975181668997, 0.008190245367586613, -0.00839399266988039, 0.004764472134411335], [0.001672053593210876, -0.0030934882815927267, 0.004154305439442396, -0.0025088521651923656, -0.005222822539508343, 0.025088787078857422, -0.00930079910904169, 0.0006259384681470692, 0.008596313185989857, -0.010761098936200142, 0.0017880812520161271, 0.0039442554116249084, -0.007210462354123592], [0.00081508734729141, -0.004276240710169077, -0.002777945948764682, 0.0030206821393221617, -0.000674938375595957, -0.00930079910904169, 0.04165938124060631, -0.01583278365433216, 0.00737939914688468, 0.009996474720537663, -0.0009627446997910738, 0.0033796841744333506, 0.0006012027733959258], [1.3562912499764934e-05, 0.005301362834870815, 0.006594070699065924, -0.009566277265548706, 0.008667238056659698, 0.0006259384681470692, -0.01583278365433216, 0.04317380115389824, -0.01972120627760887, -0.00016474284348078072, 0.016578737646341324, -0.008518343791365623, 0.004395640455186367], [0.002634639386087656, -0.013177291490137577, 0.007435851264744997, 0.0022172892931848764, -0.006732746493071318, 0.008596313185989857, 0.00737939914688468, -0.01972120627760887, 0.05062408372759819, -0.020049087703227997, -0.003346787067130208, 0.013191000558435917, -0.006287788040935993], [-0.0008303571376018226, 0.00795683078467846, -0.004755498841404915, 0.0024914678651839495, 0.0038019975181668997, -0.010761098936200142, 0.009996474720537663, -0.00016474284348078072, -0.020049087703227997, 0.036396682262420654, -0.01283819880336523, -0.004545202478766441, 0.015323519706726074], [0.0032809502445161343, -0.016722185537219048, 0.008885147981345654, -0.008547725155949593, 0.008190245367586613, 0.0017880812520161271, -0.0009627446997910738, 0.016578737646341324, -0.003346787067130208, -0.01283819880336523, 0.05791705474257469, -0.023375103250145912, 0.005828868597745895], [-0.0033234553411602974, 0.02334229275584221, -0.007828411646187305, 0.011457995511591434, -0.00839399266988039, 0.0039442554116249084, 0.0033796841744333506, -0.008518343791365623, 0.013191000558435917, -0.004545202478766441, -0.023375103250145912, 0.0597631111741066, -0.021990198642015457], [0.003222191706299782, -0.0126421470195055, 0.01393409539014101, -0.0030708492267876863, 0.004764472134411335, -0.007210462354123592, 0.0006012027733959258, 0.004395640455186367, -0.006287788040935993, 0.015323519706726074, 0.005828868597745895, -0.021990198642015457, 0.051392193883657455]], "lowlevel.mfcc.cov": [[2537.714111328125, 1451.2119140625, -657.4951171875, -649.5158081054688, 17.052001953125, 50.61492919921875, -135.05320739746094, -46.382057189941406, 54.70305252075195, 23.688270568847656, -100.3304443359375, -126.28649139404297, -82.94145965576172], [1451.2119140625, 1045.058837890625, -256.4347229003906, -410.05535888671875, -18.6932430267334, 44.65526580810547, -76.83889770507812, -66.80099487304688, 1.7937649488449097, 2.894540786743164, -48.402740478515625, -52.70684814453125, -40.68927001953125], [-657.4951171875, -256.4347229003906, 386.70574951171875, 205.24806213378906, -46.2162971496582, -9.871407508850098, 38.578338623046875, -22.605072021484375, -67.83267974853516, -31.25684928894043, 49.71449279785156, 82.05398559570312, 35.09610366821289], [-649.5158081054688, -410.05535888671875, 205.24806213378906, 249.9595489501953, 3.439138412475586, -30.416988372802734, 35.460227966308594, 24.164751052856445, -13.400012016296387, -11.023009300231934, 32.005149841308594, 48.17123031616211, 30.284080505371094], [17.052001953125, -18.6932430267334, -46.2162971496582, 3.439138412475586, 46.32365417480469, 13.438202857971191, -3.9494898319244385, 3.9737019538879395, 10.677499771118164, 6.6686272621154785, -2.4190514087677, -2.1708943843841553, 4.130362033843994], [50.61492919921875, 44.65526580810547, -9.871407508850098, -30.416988372802734, 13.438202857971191, 50.577091217041016, 15.797747611999512, -11.209944725036621, -9.177749633789062, 0.2659902274608612, 0.20651030540466309, -0.23527216911315918, -1.0808759927749634], [-135.05320739746094, -76.83889770507812, 38.578338623046875, 35.460227966308594, -3.9494898319244385, 15.797747611999512, 48.47323226928711, 20.74144172668457, -0.13435432314872742, -7.029688835144043, -2.347818374633789, 0.6066661477088928, 1.006529688835144], [-46.382057189941406, -66.80099487304688, -22.605072021484375, 24.164751052856445, 3.9737019538879395, -11.209944725036621, 20.74144172668457, 56.52133560180664, 33.41429138183594, 1.3133631944656372, -16.219985961914062, -16.757511138916016, -4.805407524108887], [54.70305252075195, 1.7937649488449097, -67.83267974853516, -13.400012016296387, 10.677499771118164, -9.177749633789062, -0.13435432314872742, 33.41429138183594, 60.319374084472656, 28.165395736694336, -9.397758483886719, -22.80916976928711, -5.884086608886719], [23.688270568847656, 2.894540786743164, -31.25684928894043, -11.023009300231934, 6.6686272621154785, 0.2659902274608612, -7.029688835144043, 1.3133631944656372, 28.165395736694336, 49.4930534362793, 19.0866641998291, -3.6081230640411377, -2.776097059249878], [-100.3304443359375, -48.402740478515625, 49.71449279785156, 32.005149841308594, -2.4190514087677, 0.20651030540466309, -2.347818374633789, -16.219985961914062, -9.397758483886719, 19.0866641998291, 53.88573455810547, 37.133567810058594, 9.323868751525879], [-126.28649139404297, -52.70684814453125, 82.05398559570312, 48.17123031616211, -2.1708943843841553, -0.23527216911315918, 0.6066661477088928, -16.757511138916016, -22.80916976928711, -3.6081230640411377, 37.133567810058594, 61.41933059692383, 23.818849563598633], [-82.94145965576172, -40.68927001953125, 35.09610366821289, 30.284080505371094, 4.130362033843994, -1.0808759927749634, 1.006529688835144, -4.805407524108887, -5.884086608886719, -2.776097059249878, 9.323868751525879, 23.818849563598633, 31.723928451538086]], "lowlevel.mfcc.icov": [[0.0046961684711277485, -0.005874794442206621, 0.005378047004342079, -0.0017603561282157898, 0.0014088822063058615, -0.0009332738700322807, 0.0025891661643981934, -0.003326414618641138, 0.0026800832711160183, -0.0003541155019775033, 0.0003731599426828325, -0.0018889671191573143, 0.0014471713220700622], [-0.005874794442206621, 0.010457394644618034, -0.007951533421874046, 0.008110912516713142, -0.0020753145217895508, 0.0014111787313595414, -0.0019953781738877296, 0.00508904317393899, -0.004565338138490915, 0.0011915244394913316, 0.0006232428131625056, 0.0010615941137075424, -0.0014631088124588132], [0.005378047004342079, -0.007951533421874046, 0.015939587727189064, -0.011594470590353012, 0.011308141984045506, -0.0047284746542572975, 0.0013141718227416277, -0.0014888645382598042, 0.006856956053525209, -0.0005016983486711979, 0.0007836659206077456, -0.006436699070036411, 0.0012261589290574193], [-0.0017603561282157898, 0.008110912516713142, -0.011594470590353012, 0.025419363752007484, -0.012765863910317421, 0.011821676045656204, -0.005449926946312189, -0.0014906065771356225, -0.002740244148299098, 0.0017699431627988815, -0.002026773290708661, -0.00033951213117688894, -0.003128832671791315], [0.0014088822063058615, -0.0020753145217895508, 0.011308141984045506, -0.012765863910317421, 0.04045244678854942, -0.020567473024129868, 0.012290606275200844, -0.002701177727431059, -0.0012037400156259537, -0.0010016909800469875, 0.0035087282303720713, -0.004570442717522383, -0.003979291766881943], [-0.0009332738700322807, 0.0014111787313595414, -0.0047284746542572975, 0.011821676045656204, -0.020567473024129868, 0.04247312992811203, -0.02617730386555195, 0.011529929004609585, 0.0033387739676982164, -0.0030831731855869293, -0.000619663333054632, 0.0005612122477032244, 0.00012814890942536294], [0.0025891661643981934, -0.0019953781738877296, 0.0013141718227416277, -0.005449926946312189, 0.012290606275200844, -0.02617730386555195, 0.047218434512615204, -0.022850092500448227, 0.004107317887246609, 0.002129295840859413, -0.00013433487038128078, 0.0012913155369460583, 0.0005253584240563214], [-0.003326414618641138, 0.00508904317393899, -0.0014888645382598042, -0.0014906065771356225, -0.002701177727431059, 0.011529929004609585, -0.022850092500448227, 0.05020172521471977, -0.028184277936816216, 0.00972781889140606, 0.0058566671796143055, -0.0005396483466029167, 0.0042819008231163025], [0.0026800832711160183, -0.004565338138490915, 0.006856956053525209, -0.002740244148299098, -0.0012037400156259537, 0.0033387739676982164, 0.004107317887246609, -0.028184277936816216, 0.05218833312392235, -0.02760162390768528, 0.005324273370206356, 0.0031512826681137085, -0.004613999277353287], [-0.0003541155019775033, 0.0011915244394913316, -0.0005016983486711979, 0.0017699431627988815, -0.0010016909800469875, -0.0030831731855869293, 0.002129295840859413, 0.00972781889140606, -0.02760162390768528, 0.04692143574357033, -0.02567596361041069, 0.010312349535524845, -0.0003106531803496182], [0.0003731599426828325, 0.0006232428131625056, 0.0007836659206077456, -0.002026773290708661, 0.0035087282303720713, -0.000619663333054632, -0.00013433487038128078, 0.0058566671796143055, 0.005324273370206356, -0.02567596361041069, 0.05215444788336754, -0.03149913623929024, 0.010318499989807606], [-0.0018889671191573143, 0.0010615941137075424, -0.006436699070036411, -0.00033951213117688894, -0.004570442717522383, 0.0005612122477032244, 0.0012913155369460583, -0.0005396483466029167, 0.0031512826681137085, 0.010312349535524845, -0.03149913623929024, 0.05194113776087761, -0.023894138634204865], [0.0014471713220700622, -0.0014631088124588132, 0.0012261589290574193, -0.003128832671791315, -0.003979291766881943, 0.00012814890942536294, 0.0005253584240563214, 0.0042819008231163025, -0.004613999277353287, -0.000310653180349