{"song_id": "1183688031870390332", "download": "https://cdn.discordapp.com/attachments/1135903449314238464/1183688031870390332/chirp.mp4?ex=65893e62&amp", "lyrics": "-", "style": ["lo</span><span>-fi sad alone missing someone smoking 2 minutes"], "essentia_features": {"lowlevel.average_loudness": 0.3321993947029114, "lowlevel.barkbands_crest.mean": 16.04248809814453, "lowlevel.barkbands_crest.stdev": 4.310449123382568, "lowlevel.barkbands_flatness_db.mean": 0.5912436842918396, "lowlevel.barkbands_flatness_db.stdev": 0.10958734154701233, "lowlevel.barkbands_kurtosis.mean": 19.825204849243164, "lowlevel.barkbands_kurtosis.stdev": 48.48606491088867, "lowlevel.barkbands_skewness.mean": 2.3963565826416016, "lowlevel.barkbands_skewness.stdev": 2.1547558307647705, "lowlevel.barkbands_spread.mean": 1.702613115310669, "lowlevel.barkbands_spread.stdev": 4.017179489135742, "lowlevel.dissonance.mean": 0.24890734255313873, "lowlevel.dissonance.stdev": 0.08901207894086838, "lowlevel.dynamic_complexity": 8.263762474060059, "lowlevel.erbbands_crest.mean": 15.01889705657959, "lowlevel.erbbands_crest.stdev": 4.540349960327148, "lowlevel.erbbands_flatness_db.mean": 0.41651251912117004, "lowlevel.erbbands_flatness_db.stdev": 0.07107467204332352, "lowlevel.erbbands_kurtosis.mean": 9.392218589782715, "lowlevel.erbbands_kurtosis.stdev": 24.990663528442383, "lowlevel.erbbands_skewness.mean": 1.3785268068313599, "lowlevel.erbbands_skewness.stdev": 1.8700435161590576, "lowlevel.erbbands_spread.mean": 8.047292709350586, "lowlevel.erbbands_spread.stdev": 7.8947224617004395, "lowlevel.hfc.mean": 5.319774627685547, "lowlevel.hfc.stdev": 7.024002552032471, "lowlevel.loudness_ebu128.integrated": -25.490686416625977, "lowlevel.loudness_ebu128.loudness_range": 6.3339996337890625, "lowlevel.loudness_ebu128.momentary.mean": -31.451627731323242, "lowlevel.loudness_ebu128.momentary.stdev": 12.081666946411133, "lowlevel.loudness_ebu128.short_term.mean": -27.65979766845703, "lowlevel.loudness_ebu128.short_term.stdev": 6.115943431854248, "lowlevel.melbands_crest.mean": 25.34090232849121, "lowlevel.melbands_crest.stdev": 7.495132923126221, "lowlevel.melbands_flatness_db.mean": 0.7444261312484741, "lowlevel.melbands_flatness_db.stdev": 0.12261383980512619, "lowlevel.melbands_kurtosis.mean": 26.612842559814453, "lowlevel.melbands_kurtosis.stdev": 49.59252166748047, "lowlevel.melbands_skewness.mean": 3.1002020835876465, "lowlevel.melbands_skewness.stdev": 2.0596091747283936, "lowlevel.melbands_spread.mean": 2.3758606910705566, "lowlevel.melbands_spread.stdev": 11.485960006713867, "lowlevel.pitch_salience.mean": 0.3308465778827667, "lowlevel.pitch_salience.stdev": 0.14340654015541077, "lowlevel.silence_rate_20dB.mean": 0.9761694669723511, "lowlevel.silence_rate_20dB.stdev": 0.15252205729484558, "lowlevel.silence_rate_30dB.mean": 0.8225948810577393, "lowlevel.silence_rate_30dB.stdev": 0.38201379776000977, "lowlevel.silence_rate_60dB.mean": 0.12356575578451157, "lowlevel.silence_rate_60dB.stdev": 0.32908523082733154, "lowlevel.spectral_centroid.mean": 264.24609375, "lowlevel.spectral_centroid.stdev": 807.281005859375, "lowlevel.spectral_complexity.mean": 4.079435348510742, "lowlevel.spectral_complexity.stdev": 2.279816150665283, "lowlevel.spectral_decrease.mean": -1.570662355732111e-08, "lowlevel.spectral_decrease.stdev": 2.2159845514124754e-08, "lowlevel.spectral_energy.mean": 0.05976293236017227, "lowlevel.spectral_energy.stdev": 0.08413681387901306, "lowlevel.spectral_energyband_high.mean": 2.837603219063567e-08, "lowlevel.spectral_energyband_high.stdev": 6.259462281832384e-08, "lowlevel.spectral_energyband_low.mean": 0.046878881752491, "lowlevel.spectral_energyband_low.stdev": 0.07239837944507599, "lowlevel.spectral_energyband_middle_high.mean": 3.5670469515025616e-05, "lowlevel.spectral_energyband_middle_high.stdev": 7.126815762603655e-05, "lowlevel.spectral_energyband_middle_low.mean": 0.01036760862916708, "lowlevel.spectral_energyband_middle_low.stdev": 0.0195606742054224, "lowlevel.spectral_entropy.mean": 4.491006851196289, "lowlevel.spectral_entropy.stdev": 0.6940771341323853, "lowlevel.spectral_flux.mean": 0.06196276471018791, "lowlevel.spectral_flux.stdev": 0.07017142325639725, "lowlevel.spectral_kurtosis.mean": 293.8086242675781, "lowlevel.spectral_kurtosis.stdev": 158.28968811035156, "lowlevel.spectral_rms.mean": 0.006205346900969744, "lowlevel.spectral_rms.stdev": 0.004449600353837013, "lowlevel.spectral_rolloff.mean": 309.5035400390625, "lowlevel.spectral_rolloff.stdev": 1603.5419921875, "lowlevel.spectral_skewness.mean": 13.992658615112305, "lowlevel.spectral_skewness.stdev": 4.569296360015869, "lowlevel.spectral_spread.mean": 1349164.25, "lowlevel.spectral_spread.stdev": 3537867.25, "lowlevel.spectral_strongpeak.mean": 0.47388067841529846, "lowlevel.spectral_strongpeak.stdev": 0.4681273102760315, "lowlevel.zerocrossingrate.mean": 0.012010511942207813, "lowlevel.zerocrossingrate.stdev": 0.048569295555353165, "metadata.audio_properties.analysis.equal_loudness": 0.0, "metadata.audio_properties.analysis.length": 26.2816104888916, "metadata.audio_properties.analysis.sample_rate": 44100.0, "metadata.audio_properties.analysis.start_time": 0.0, "metadata.audio_properties.bit_rate": 95854.0, "metadata.audio_properties.length": 26.28266716003418, "metadata.audio_properties.lossless": 0.0, "metadata.audio_properties.number_channels": 1.0, "metadata.audio_properties.replay_gain": -1.1436901092529297, "metadata.audio_properties.sample_rate": 48000.0, "rhythm.beats_count": 41.0, "rhythm.beats_loudness.mean": 0.0791902095079422, "rhythm.beats_loudness.stdev": 0.10480565577745438, "rhythm.bpm": 90.62519073486328, "rhythm.bpm_histogram_first_peak_bpm": 91.0, "rhythm.bpm_histogram_first_peak_weight": 0.2333332896232605, "rhythm.bpm_histogram_second_peak_bpm": 117.0, "rhythm.bpm_histogram_second_peak_spread": 0.5, "rhythm.bpm_histogram_second_peak_weight": 0.125, "rhythm.danceability": 0.9297682642936707, "rhythm.onset_rate": 0.6084437370300293, "tonal.chords_changes_rate": 0.05291005223989487, "tonal.chords_number_rate": 0.019400352612137794, "tonal.chords_strength.mean": 0.4766525328159332, "tonal.chords_strength.stdev": 0.11646101623773575, "tonal.hpcp_crest.mean": 14.742018699645996, "tonal.hpcp_crest.stdev": 5.409661293029785, "tonal.hpcp_entropy.mean": 1.5952669382095337, "tonal.hpcp_entropy.stdev": 0.5220118761062622, "tonal.key_edma.strength": 0.5947713255882263, "tonal.key_krumhansl.strength": 0.5899304151535034, "tonal.key_temperley.strength": 0.5813173651695251, "tonal.tuning_diatonic_strength": 0.4064828157424927, "tonal.tuning_equal_tempered_deviation": 0.17989179491996765, "tonal.tuning_frequency": 434.193115234375, "tonal.tuning_nontempered_energy_ratio": 0.9332502484321594, "lowlevel.barkbands.mean": [0.01605008915066719, 0.023654041811823845, 0.009657889604568481, 0.002235845662653446, 0.0063584838062524796, 0.0009576813317835331, 0.0004457052273210138, 0.0001778796868165955, 0.0001864908408606425, 1.5083944163052365e-05, 2.5487593120487873e-06, 1.702987174212467e-05, 2.1804110019729706e-06, 1.8506279957364313e-06, 4.3165474750139765e-08, 1.3478568483549225e-08, 8.510542492956574e-09, 8.055583755606222e-09, 7.316803607437805e-09, 6.197933721807658e-09, 6.175875810754405e-09, 4.892595661942778e-09, 3.7189571422402423e-09, 2.9823192804201426e-09, 2.6673911968089214e-09, 2.4327277969860006e-09, 2.347934735524859e-09], "lowlevel.barkbands.stdev": [0.03415856510400772, 0.04343273490667343, 0.012517794035375118, 0.0050721061415970325, 0.016329118981957436, 0.0030766071286052465, 0.001405817223712802, 0.0005408956785686314, 0.0005011091707274318, 2.7296639018459246e-05, 8.475902177451644e-06, 4.138895747018978e-05, 8.011539648578037e-06, 7.504601853725035e-06, 1.7261578477700823e-07, 3.116513269674215e-08, 1.869303112300713e-08, 1.8548460545275702e-08, 1.6791938506344195e-08, 1.6490194099105793e-08, 1.5791195906444955e-08, 1.2275290117713666e-08, 7.914863431324193e-09, 6.511789329977091e-09, 5.377363887504316e-09, 5.051067120120933e-09, 5.211703513197108e-09], "lowlevel.erbbands.mean": [1.1962087154388428, 3.464730739593506, 11.001463890075684, 9.300983428955078, 14.462523460388184, 23.794769287109375, 13.373472213745117, 4.375943183898926, 7.791349411010742, 3.2532284259796143, 5.224686145782471, 5.103231430053711, 1.0324305295944214, 0.3617691993713379, 0.30210697650909424, 0.6310338973999023, 0.14616817235946655, 0.12527363002300262, 0.013366037048399448, 0.0016509920824319124, 0.0007093199528753757, 0.0005109620396979153, 0.00047365817590616643, 0.00040363307925872505, 0.0003483982291072607, 0.000297636172035709, 0.00027764428523369133, 0.00022899452596902847, 0.00018760291277430952, 0.00016253269859589636, 0.00011818070197477937, 9.210970893036574e-05, 7.28204395272769e-05, 5.879663513042033e-05, 4.5981822040630504e-05, 3.369433761690743e-05, 1.9589317162171938e-05, 2.665511146915378e-06, 2.6638452254701406e-05, 6.461619341280311e-05], "lowlevel.erbbands.stdev": [2.706639051437378, 6.16084098815918, 13.069212913513184, 17.675825119018555, 33.33804702758789, 66.2344970703125, 48.7381706237793, 9.169652938842773, 22.530445098876953, 6.968629837036133, 14.98801040649414, 13.654597282409668, 2.7723469734191895, 0.7279942631721497, 0.7780058979988098, 1.6446501016616821, 0.457671195268631, 0.4580169916152954, 0.04738020524382591, 0.004148551262915134, 0.001565312733873725, 0.0010915695456787944, 0.0010765136685222387, 0.000890220224391669, 0.0008447758154943585, 0.0007914830930531025, 0.0007237226236611605, 0.0005387506680563092, 0.0004189936153125018, 0.00038633597432635725, 0.00022634438937529922, 0.00017259774904232472, 0.0001240945712197572, 9.136516018770635e-05, 6.727822619723156e-05, 4.7815854486543685e-05, 2.7420945116318762e-05, 4.242501745466143e-06, 3.728262163349427e-05, 9.07594949239865e-05], "lowlevel.gfcc.mean": [-353.60308837890625, 231.5074462890625, 38.34629440307617, -10.625185012817383, -34.471187591552734, -0.32816082239151, -4.323554039001465, -10.582388877868652, -9.134706497192383, -7.382853031158447, -2.4417054653167725, -16.974008560180664, -10.82852554321289], "lowlevel.melbands.mean": [0.009372647851705551, 0.005128724966198206, 0.0017274529673159122, 0.0015808024909347296, 0.0005172586534172297, 0.0001172871416201815, 0.00011448776785982773, 3.11660987790674e-05, 4.516696935752407e-05, 2.6972526029567234e-05, 4.128658929403173e-06, 1.4523943718813825e-06, 6.9640464062104e-07, 2.0261493318685098e-06, 6.601188147214998e-07, 2.3091506307082454e-07, 2.403565986242029e-07, 1.019456163930954e-08, 2.294683998371738e-09, 1.210666233930624e-09, 6.739066527039483e-10, 4.950428955652342e-10, 4.620530624777075e-10, 3.7426625687508874e-10, 3.1299884906133e-10, 2.696696199677717e-10, 2.1764823276981815e-10, 1.9020980623896122e-10, 1.726046250372093e-10, 1.4945580883996001e-10, 1.2017266348696154e-10, 9.983053272932807e-11, 9.136911366391942e-11, 7.714373584377654e-11, 5.82143916405542e-11, 4.7739843328509224e-11, 3.991046729212577e-11, 3.334363687934605e-11, 2.848258608134646e-11, 2.512040749025335e-11], "lowlevel.melbands.stdev": [0.018755367025732994, 0.006385663989931345, 0.0028050029650330544, 0.0043455795384943485, 0.0014890660531818867, 0.0002704889921005815, 0.00033836800139397383, 5.735323065891862e-05, 0.00011719539179466665, 7.370331877609715e-05, 1.361729755444685e-05, 3.09004485643527e-06, 1.7615667502468568e-06, 4.996416919311741e-06, 1.9042997791984817e-06, 8.743032253732963e-07, 9.790646799956448e-07, 3.274603699310319e-08, 7.742558594259208e-09, 3.0513211957128306e-09, 1.603604915523249e-09, 1.0824704466116941e-09, 1.0888604462522267e-09, 8.604617574015094e-10, 7.038047367124989e-10, 6.441215893993046e-10, 5.70723412973706e-10, 5.178540374295437e-10, 4.6096326755673545e-10, 3.8309500016708853e-10, 2.861697545597508e-10, 2.2498626572886593e-10, 2.574369606378468e-10, 1.8425115599907116e-10, 1.2377145142128398e-10, 9.991401456188598e-11, 9.488108215771618e-11, 7.123049372559365e-11, 5.970960531564984e-11, 5.050712972853866e-11], "lowlevel.melbands128.mean": [0.012254905886948109, 0.012730020098388195, 0.006696037948131561, 0.005649706348776817, 0.006173828151077032, 0.0042327833361923695, 0.0018568552331998944, 0.0010057043982669711, 0.0012203492224216461, 0.0023752220440655947, 0.00123887462541461, 0.0004976977943442762, 0.0005447424482554197, 0.000200198614038527, 4.072991941939108e-05, 0.00011612321395659819, 0.00012877046538051218, 0.00014115459634922445, 5.764047818956897e-05, 2.752218824753072e-05, 1.3369378393690567e-05, 4.445424929144792e-05, 4.881530185230076e-05, 4.353692565928213e-05, 5.143160524312407e-05, 6.11826408203342e-06, 9.204796697304118e-06, 2.875681730074575e-06, 1.508408558947849e-06, 2.4048390514508355e-06, 9.284880206905655e-07, 5.39495545126556e-07, 5.473781925502408e-07, 3.6767326605513517e-07, 2.71971975962515e-06, 2.193424734286964e-06, 2.0456202491914155e-06, 1.3167964141302946e-07, 2.3522396475073037e-07, 3.761366826893209e-07, 1.4799043412949686e-07, 1.466699615093603e-07, 4.2008306877505674e-07, 1.532061020270703e-07, 3.339813536840097e-09, 4.735369873998252e-09, 5.9816387398825555e-09, 1.1268276312037528e-09, 1.3861820580274298e-09, 2.1108688130766495e-09, 9.013125801260458e-10, 7.516955946584858e-10, 8.232568515786909e-10, 5.668201463748801e-10, 5.158954929918025e-10, 4.950921339563763e-10, 4.5250939106900034e-10, 5.185536444685113e-10, 4.393345132136517e-10, 4.0787681565568334e-10, 3.9854389233262566e-10, 3.2027072660589795e-10, 3.1689670332291087e-10, 3.136981785445414e-10, 3.065634690546659e-10, 2.7198526764138364e-10, 2.453610370434234e-10, 2.3320786968206164e-10, 2.1598442478953928e-10, 1.8755491604238728e-10, 1.9450828447897806e-10, 1.9353962876778041e-10, 1.6875964514717623e-10, 1.7386149464559963e-10, 1.708777008779805e-10, 1.502515889484357e-10, 1.4358705890948897e-10, 1.2891711309581666e-10, 1.2026109275087293e-10, 1.0574215808523135e-10, 1.0453481136263321e-10, 9.607721562776561e-11, 9.202327788671028e-11, 9.200481349003198e-11, 9.01948515874551e-11, 8.221109903949753e-11, 7.110082661521133e-11, 7.067576385244578e-11, 5.50881666672165e-11, 5.1988521126977716e-11, 5.1596203004544705e-11, 4.5843846080417805e-11, 4.251341639838202e-11, 4.115423626882553e-11, 3.737912757095785e-11, 3.5200786729916445e-11, 3.260711492480972e-11, 3.057834194186704e-11, 2.85223927809497e-11, 2.752395533711649e-11, 2.6621581675212447e-11, 2.488568552616588e-11, 2.3212161359698058e-11, 2.1716082057587904e-11, 2.0634398703589518e-11, 1.9815114826737812e-11, 1.8992295583442065e-11, 1.7532430368616403e-11, 1.6810473152384375e-11, 1.6059960653014294e-11, 1.547771286136701e-11, 1.4911448811827377e-11, 1.4043694158971665e-11, 1.370766868069584e-11, 1.3268452309089795e-11, 1.2877145530443279e-11, 1.2359445064613617e-11, 1.1208059653988744e-11, 1.069619826737922e-11, 1.035770861440577e-11, 1.009289873898922e-11, 9.924579387476928e-12, 9.771831781246743e-12, 9.568158765294044e-12, 9.099537096046717e-12, 8.363382902887295e-12, 7.957077705067483e-12, 7.868509663278012e-12], "lowlevel.melbands128.stdev": [0.02659929357469082, 0.030116558074951172, 0.014916930347681046, 0.010354023426771164, 0.0076521714217960835, 0.006210722029209137, 0.004201254807412624, 0.00202914304099977, 0.003072574036195874, 0.007851940579712391, 0.0036526345647871494, 0.0015607482055202127, 0.0024659240152686834, 0.0007788631482981145, 0.0001365826028632, 0.0003085795324295759, 0.0002993976522702724, 0.0006243760581128299, 0.00020375098392833024, 6.604915688512847e-05, 2.173730536014773e-05, 0.00014425691915675998, 0.00017831889272201806, 0.0001263517333427444, 0.0001611322513781488, 2.0425557522685267e-05, 4.372346302261576e-05, 7.102116796886548e-06, 4.095848908036714e-06, 6.1425221247191075e-06, 2.3891593627922703e-06, 1.9731569409486838e-06, 1.913620963023277e-06, 1.2812903378289775e-06, 1.0371773896622472e-05, 6.042551376594929e-06, 6.9654347498726565e-06, 4.40120402345201e-07, 1.0558187568676658e-06, 1.7007695305437665e-06, 7.74404270487139e-07, 8.105523079393606e-07, 1.9049961110795266e-06, 6.729752044520865e-07, 1.2033252616561185e-08, 2.1003160100008245e-08, 3.1095794383873e-08, 2.904813056758826e-09, 3.984831575820635e-09, 6.876386571263993e-09, 2.378572006023205e-09, 1.7257502094025767e-09, 2.4790816066655452e-09, 1.3981710234034495e-09, 1.1296920066072857e-09, 1.134103033706424e-09, 1.0314500364927426e-09, 1.3807081034045154e-09, 1.0829340757467776e-09, 1.0235016167925437e-09, 9.831861991216329e-10, 7.493878295683487e-10, 7.805902590973801e-10, 7.220526399009941e-10, 7.47004069712176e-10, 6.852750589203538e-10, 6.206934410890597e-10, 6.574222832789189e-10, 6.092021886949794e-10, 4.702258027400319e-10, 5.898653787639319e-10, 5.523939083929008e-10, 4.2805459177230887e-10, 5.213894316291601e-10, 4.6381057328126474e-10, 3.877305976285328e-10, 3.955451799431131e-10, 2.996721759629395e-10, 2.9513372301614993e-10, 2.6541827069515023e-10, 2.39504444055072e-10, 2.118123315630882e-10, 2.2804279298238583e-10, 2.830581879997851e-10, 3.040709350976556e-10, 2.032779777838556e-10, 1.6268468516766887e-10, 1.6410997560889484e-10, 1.170054192423109e-10, 1.1078256367813566e-10, 1.0977423831048938e-10, 9.44415795567366e-11, 9.403935269380881e-11, 1.0412772033507878e-10, 1.0131100125487791e-10, 7.693325143609542e-11, 6.834641186337365e-11, 6.603275565231215e-11, 6.09375813698243e-11, 5.732445074180248e-11, 5.469131050817033e-11, 4.948646700753123e-11, 4.6745014109506045e-11, 4.425992211620766e-11, 4.243764367695135e-11, 4.0468444567620665e-11, 3.8339179053714645e-11, 3.6494772481798776e-11, 3.4919962754731415e-11, 3.358810451992156e-11, 3.2542139122293534e-11, 3.096180603567866e-11, 2.9667865386606707e-11, 2.828358380835283e-11, 2.7404791977381215e-11, 2.6426213647900987e-11, 2.5504426695577287e-11, 2.432624934822769e-11, 2.3704026588799998e-11, 2.3083005992741157e-11, 2.2467220792132814e-11, 2.2013339068260862e-11, 2.156900352767721e-11, 2.1209268716293472e-11, 2.0872553685435946e-11, 2.0609762160783696e-11, 2.0431380545749e-11, 2.032107121463511e-11], "lowlevel.mfcc.mean": [-1019.5462036132812, 260.0776672363281, 116.96527099609375, 30.49126434326172, 6.071717739105225, 14.297731399536133, 15.40908432006836, 5.460841178894043, -0.5766240954399109, 3.5742549896240234, 8.923725128173828, 6.5723395347595215, -0.5749136209487915], "lowlevel.spectral_contrast_coeffs.mean": [-0.6363526582717896, -0.7262839078903198, -0.7810290455818176, -0.8304370045661926, -0.909138560295105, -0.8987056016921997], "lowlevel.spectral_contrast_coeffs.stdev": [0.08163323253393173, 0.06275693327188492, 0.07994590699672699, 0.07268953323364258, 0.013348076492547989, 0.03077387809753418], "lowlevel.spectral_contrast_valleys.mean": [-7.569299697875977, -8.804353713989258, -11.042866706848145, -12.790596961975098, -13.287981033325195, -14.877585411071777], "lowlevel.spectral_contrast_valleys.stdev": [2.263091802597046, 2.4149672985076904, 2.0541889667510986, 1.5543081760406494, 1.3646973371505737, 1.2345398664474487], "rhythm.beats_loudness_band_ratio.mean": [0.8321269154548645, 0.19849814474582672, 0.03136304020881653, 0.0010174850467592478, 7.852605449443217e-06, 3.3787549909902737e-05], "rhythm.beats_loudness_band_ratio.stdev": [0.19058185815811157, 0.22894541919231415, 0.049906615167856216, 0.001818141434341669, 1.9196735593141057e-05, 0.00012350532051641494], "tonal.hpcp.mean": [0.21239040791988373, 0.21815034747123718, 0.043731868267059326, 0.004031652584671974, 0.0054161641746759415, 0.0201205313205719, 0.07812975347042084, 0.07900962978601456, 0.030789460986852646, 0.08046498149633408, 0.09036529064178467, 0.027873381972312927, 0.008546652272343636, 0.006659200415015221, 0.008240639232099056, 0.0415964275598526, 0.05247116833925247, 0.018899979069828987, 0.006055319681763649, 0.0124879265204072, 0.02624015137553215, 0.17329588532447815, 0.17658330500125885, 0.14110900461673737, 0.24545812606811523, 0.13455435633659363, 0.02020658738911152, 0.04656747728586197, 0.07611606270074844, 0.08278268575668335, 0.20167021453380585, 0.22128865122795105, 0.07148463279008865, 0.016053970903158188, 0.02127161994576454, 0.05022144690155983], "tonal.hpcp.stdev": [0.3747663199901581, 0.3874311149120331, 0.12140623480081558, 0.03632029518485069, 0.05338432639837265, 0.09364965558052063, 0.21649445593357086, 0.20715700089931488, 0.08464425057172775, 0.22796422243118286, 0.2657966613769531, 0.11472603678703308, 0.062129657715559006, 0.04993186518549919, 0.06003190204501152, 0.12542568147182465, 0.14990286529064178, 0.07305461913347244, 0.03049257956445217, 0.07929665595293045, 0.10730718821287155, 0.3304915130138397, 0.32924139499664307, 0.22522857785224915, 0.41226163506507874, 0.22725725173950195, 0.1029651090502739, 0.1755809187889099, 0.2391034960746765, 0.20828495919704437, 0.3237704038619995, 0.3642033040523529, 0.17750327289104462, 0.07800517231225967, 0.10821541398763657, 0.1584189534187317], "rhythm.beats_position": [0.6269387602806091, 1.277097463607788, 1.9272562265396118, 2.589024782180786, 3.250793695449829, 3.912562370300293, 4.574330806732178, 5.24770975112915, 5.909478187561035, 6.571247100830078, 7.244625568389893, 7.9063944816589355, 8.56816291809082, 9.218321800231934, 9.880090713500977, 10.54185962677002, 11.203627586364746, 11.877006530761719, 12.538775444030762, 13.212154388427734, 13.862312316894531, 14.524081230163574, 15.197460174560547, 15.87083911895752, 16.532608032226562, 17.19437599182129, 17.856143951416016, 18.529523849487305, 19.1796817779541, 19.82984161376953, 20.491609573364258, 21.01405906677246, 21.5248966217041, 22.047346115112305, 22.558185577392578, 23.06902503967285, 23.568254470825195, 24.067481994628906, 24.57832145690918, 25.077550888061523, 25.588390350341797], "rhythm.bpm_histogram": [0.0, 0.0, 0.0, 0.0, 0.0, 0.0, 0.0, 0.0, 0.0, 0.0, 0.0, 0.0, 0.0, 0.0, 0.0, 0.0, 0.0, 0.0, 0.0, 0.0, 0.0, 0.0, 0.0, 0.0, 0.0, 0.0, 0.0, 0.0, 0.0, 0.0, 0.0, 0.0, 0.0, 0.0, 0.0, 0.0, 0.0, 0.0, 0.0, 0.0, 0.0, 0.0, 0.0, 0.0, 0.0, 0.0, 0.0, 0.0, 0.0, 0.0, 0.0, 0.0, 0.0, 0.0, 0.0, 0.0, 0.0, 0.0, 0.0, 0.0, 0.0, 0.0, 0.0, 0.0, 0.0, 0.0, 0.0, 0.0, 0.0, 0.0, 0.0, 0.0, 0.0, 0.0, 0.0, 0.0, 0.0, 0.0, 0.0, 0.0, 0.0, 0.0, 0.0, 0.0, 0.0, 0.0, 0.0, 0.0, 0.0, 0.17499999701976776, 0.0, 0.42500001192092896, 0.15000000596046448, 0.0, 0.0, 0.0, 0.0, 0.0, 0.0, 0.0, 0.0, 0.0, 0.0, 0.0, 0.0, 0.0, 0.0, 0.0, 0.0, 0.0, 0.0, 0.0, 0.0, 0.0, 0.0, 0.05000000074505806, 0.0, 0.125, 0.0, 0.0, 0.07500000298023224, 0.0, 0.0, 0.0, 0.0, 0.0, 0.0, 0.0, 0.0, 0.0, 0.0, 0.0, 0.0, 0.0, 0.0, 0.0, 0.0, 0.0, 0.0, 0.0, 0.0, 0.0, 0.0, 0.0, 0.0, 0.0, 0.0, 0.0, 0.0, 0.0, 0.0, 0.0, 0.0, 0.0, 0.0, 0.0, 0.0, 0.0, 0.0, 0.0, 0.0, 0.0, 0.0, 0.0, 0.0, 0.0, 0.0, 0.0, 0.0, 0.0, 0.0, 0.0, 0.0, 0.0, 0.0, 0.0, 0.0, 0.0, 0.0, 0.0, 0.0, 0.0, 0.0, 0.0, 0.0, 0.0, 0.0, 0.0, 0.0, 0.0, 0.0, 0.0, 0.0, 0.0, 0.0, 0.0, 0.0, 0.0, 0.0, 0.0, 0.0, 0.0, 0.0, 0.0, 0.0, 0.0, 0.0, 0.0, 0.0, 0.0, 0.0, 0.0, 0.0, 0.0, 0.0, 0.0, 0.0, 0.0, 0.0, 0.0, 0.0, 0.0, 0.0, 0.0, 0.0, 0.0, 0.0, 0.0, 0.0, 0.0, 0.0, 0.0, 0.0, 0.0, 0.0, 0.0, 0.0, 0.0, 0.0, 0.0, 0.0, 0.0, 0.0, 0.0, 0.0, 0.0, 0.0, 0.0, 0.0, 0.0], "tonal.chords_histogram": [0.17636683583259583, 5.820106029510498, 19.576719284057617, 13.051146507263184, 11.463845252990723, 1.763668417930603, 6.525573253631592, 0.0, 25.573192596435547, 0.0, 0.35273367166519165, 0.0, 0.0, 0.0, 0.0, 0.0, 2.9982364177703857, 1.763668417930603, 0.0, 2.1164021492004395, 0.0, 0.0, 0.0, 8.818342208862305], "tonal.thpcp": [1.0, 0.5481764078140259, 0.08232193440198898, 0.18971657752990723, 0.31009796261787415, 0.33725786209106445, 0.8216074109077454, 0.9015331864356995, 0.2912294268608093, 0.06540410965681076, 0.08666089177131653, 0.204602912068367, 0.8652816414833069, 0.8887476921081543, 0.1781642735004425, 0.016425011679530144, 0.022065531462430954, 0.08197133988142014, 0.3183017671108246, 0.3218863904476166, 0.1254367083311081, 0.3278155028820038, 0.3681495189666748, 0.11355656385421753, 0.034819185733795166, 0.027129679918289185, 0.0335724838078022, 0.16946445405483246, 0.21376830339431763, 0.07699879258871078, 0.024669460952281952, 0.05087599530816078, 0.10690276324748993, 0.7060099840164185, 0.7194029688835144, 0.5748801231384277], "lowlevel.gfcc.cov": [[20810.7109375, 7163.22314453125, -871.2495727539062, -3220.4404296875, -690.9755859375, 339.39849853515625, 1454.0675048828125, -298.2696533203125, 415.39996337890625, -84.03724670410156, 586.8396606445312, -473.1901550292969, 160.15939331054688], [7163.22314453125, 3462.268310546875, -274.3187561035156, -1875.74267578125, -518.1060791015625, 148.90745544433594, 638.0013427734375, -205.39723205566406, 130.37184143066406, -62.01029586791992, 224.52822875976562, -318.49786376953125, -72.49324035644531], [-871.2495727539062, -274.3187561035156, 854.7025756835938, 509.86395263671875, 227.0103302001953, -80.50654602050781, -18.75899314880371, 190.12078857421875, 164.41485595703125, 33.897193908691406, 53.342220306396484, 54.03032684326172, 85.74346923828125], [-3220.4404296875, -1875.74267578125, 509.86395263671875, 1477.486083984375, 431.7685241699219, -192.29318237304688, -384.1905212402344, 186.42861938476562, 4.68528938293457, 39.940025329589844, -75.52140045166016, 226.5734405517578, 115.64583587646484], [-690.9755859375, -518.1060791015625, 227.0103302001953, 431.7685241699219, 270.9508056640625, 13.14138412475586, -48.1474723815918, 66.85875701904297, 56.80470657348633, 36.66688537597656, 16.33388328552246, 67.46480560302734, 80.45110321044922], [339.39849853515625, 148.90745544433594, -80.50654602050781, -192.29318237304688, 13.14138412475586, 128.55880737304688, 82.53356170654297, -27.078344345092773, -8.78133773803711, 6.451879501342773, 1.732332468032837, -31.01331901550293, -10.322504997253418], [1454.0675048828125, 638.0013427734375, -18.75899314880371, -384.1905212402344, -48.1474723815918, 82.53356170654297, 269.5124816894531, 82.45065307617188, 117.8404541015625, -1.036890983581543, 61.61098861694336, -64.83421325683594, 19.746562957763672], [-298.2696533203125, -205.39723205566406, 190.12078857421875, 186.42861938476562, 66.85875701904297, -27.078344345092773, 82.45065307617188, 198.98007202148438, 129.5448760986328, 18.81865882873535, 6.6279072761535645, 20.76169204711914, 43.71943664550781], [415.39996337890625, 130.37184143066406, 164.41485595703125, 4.68528938293457, 56.80470657348633, -8.78133773803711, 117.8404541015625, 129.5448760986328, 163.3515625, 44.462745666503906, 57.49517059326172, -2.766951560974121, 50.57792663574219], [-84.03724670410156, -62.01029586791992, 33.897193908691406, 39.940025329589844, 36.66688537597656, 6.451879501342773, -1.036890983581543, 18.81865882873535, 44.462745666503906, 51.739620208740234, 38.06403350830078, 25.117137908935547, 22.68638801574707], [586.8396606445312, 224.52822875976562, 53.342220306396484, -75.52140045166016, 16.33388328552246, 1.732332468032837, 61.61098861694336, 6.6279072761535645, 57.49517059326172, 38.06403350830078, 93.61629486083984, 33.06828308105469, 42.83811950683594], [-473.1901550292969, -318.49786376953125, 54.03032684326172, 226.5734405517578, 67.46480560302734, -31.01331901550293, -64.83421325683594, 20.76169204711914, -2.766951560974121, 25.117137908935547, 33.06828308105469, 97.66573333740234, 62.802066802978516], [160.15939331054688, -72.49324035644531, 85.74346923828125, 115.64583587646484, 80.45110321044922, -10.322504997253418, 19.746562957763672, 43.71943664550781, 50.57792663574219, 22.68638801574707, 42.83811950683594, 62.802066802978516, 96.78678131103516]], "lowlevel.gfcc.icov": [[0.0003888484206981957, -0.0013239465188235044, 0.0008066651062108576, -0.0011137602850794792, 6.274409679463133e-05, -0.0011710344115272164, 0.0005620828014798462, -0.00047775579150766134, -0.0004997042124159634, 0.0008172341040335596, -0.0006577165331691504, 0.00040142933721654117, -0.0009946461068466306], [-0.0013239465188235044, 0.007484884932637215, -0.003479558974504471, 0.004279525484889746, 0.003023806493729353, 0.0048178695142269135, -0.004895178135484457, 0.005563467275351286, 0.0010978694772347808, 0.0006237059715203941, -0.005062696523964405, 0.0071366350166499615, -0.0008577124681323767], [0.0008066651062108576, -0.003479558974504471, 0.004657089244574308, -0.003498001955449581, -0.00013240899716038257, -0.005689389072358608, 0.007386957295238972, -0.005759026389569044, -0.002705397317185998, 0.006860516499727964, -0.007986439391970634, 0.005736267659813166, -0.0036711562424898148], [-0.0011137602850794792, 0.004279525484889746, -0.003498001955449581, 0.0118205975741148, -0.010424957610666752, 0.011899066157639027, 0.00037337702815420926, -0.0034912170376628637, 0.005027818027883768, -0.005428648088127375, 0.009686052799224854, -0.01129262987524271, 0.007144161034375429], [6.274409679463133e-05, 0.003023806493729353, -0.00013240899716038257, -0.010424957610666752, 0.026452038437128067, -0.018766071647405624, 0.003356954548507929, 0.007824724540114403, -0.01057916134595871, 0.014003036543726921, -0.023262983188033104, 0.026307808235287666, -0.01800168864428997], [-0.0011710344115272164, 0.0048178695142269135, -0.005689389072358608, 0.011899066157639027, -0.018766071647405624, 0.04305467754602432, -0.0328877754509449, 0.01202238630503416, 0.019252901896834373, -0.037138115614652634, 0.036421921104192734, -0.025123005732893944, 0.01666390150785446], [0.0005620828014798462, -0.004895178135484457, 0.007386957295238972, 0.00037337702815420926, 0.003356954548507929, -0.0328877754509449, 0.06026512756943703, -0.037428952753543854, -0.0098284762352705, 0.04096568003296852, -0.04655531421303749, 0.034514542669057846, -0.019529175013303757], [-0.00047775579150766134, 0.005563467275351286, -0.005759026389569044, -0.0034912170376628637, 0.007824724540114403, 0.01202238630503416, -0.037428952753543854, 0.05018461495637894, -0.026556741446256638, -0.006883086171001196, 0.03261611983180046, -0.02886240743100643, 0.013759736903011799], [-0.0004997042124159634, 0.0010978694772347808, -0.002705397317185998, 0.005027818027883768, -0.01057916134595871, 0.019252901896834373, -0.0098284762352705, -0.026556741446256638, 0.060105301439762115, -0.0398651622235775, -0.008320392109453678, 0.026443801820278168, -0.012654499150812626], [0.0008172341040335596, 0.0006237059715203941, 0.006860516499727964, -0.005428648088127375, 0.014003036543726921, -0.037138115614652634, 0.04096568003296852, -0.006883086171001196, -0.0398651622235775, 0.08932319283485413, -0.058430932462215424, 0.025425832718610764, -0.012066615745425224], [-0.0006577165331691504, -0.005062696523964405, -0.007986439391970634, 0.009686052799224854, -0.023262983188033104, 0.036421921104192734, -0.04655531421303749, 0.03261611983180046, -0.008320392109453678, -0.058430932462215424, 0.11574400216341019, -0.09943558275699615, 0.042120713740587234], [0.00040142933721654117, 0.0071366350166499615, 0.005736267659813166, -0.01129262987524271, 0.026307808235287666, -0.025123005732893944, 0.034514542669057846, -0.02886240743100643, 0.026443801820278168, 0.025425832718610764, -0.09943558275699615, 0.13244779407978058, -0.06716838479042053], [-0.0009946461068466306, -0.0008577124681323767, -0.0036711562424898148, 0.007144161034375429, -0.01800168864428997, 0.01666390150785446, -0.019529175013303757, 0.013759736903011799, -0.012654499150812626, -0.012066615745425224, 0.042120713740587234, -0.06716838479042053, 0.054943159222602844]], "lowlevel.mfcc.cov": [[7488.21923828125, 6009.04052734375, 394.3981628417969, -1542.08154296875, -1316.0946044921875, -110.56103515625, 215.8827362060547, -36.97240447998047, -118.1279525756836, 160.4004669189453, 367.4610290527344, 202.03379821777344, -87.10572052001953], [6009.04052734375, 5565.9873046875, 857.89794921875, -1442.8282470703125, -1285.362060546875, -200.1722869873047, 187.09632873535156, -23.717041015625, -93.34722137451172, 173.70022583007812, 381.818603515625, 230.49227905273438, -56.599403381347656], [394.3981628417969, 857.89794921875, 715.31689453125, 147.91790771484375, -96.4889907836914, -118.2056655883789, -4.116491317749023, 70.35083770751953, 81.69817352294922, 87.65547180175781, 104.64521026611328, 112.2903060913086, 78.98915100097656], [-1542.08154296875, -1442.8282470703125, 147.91790771484375, 1012.8672485351562, 668.7706909179688, 53.87494659423828, -86.77767181396484, 90.5580062866211, 152.6756591796875, 21.124303817749023, -79.14883422851562, -3.4520397186279297, 119.2493667602539], [-1316.0946044921875, -1285.362060546875, -96.4889907836914, 668.7706909179688, 585.6954956054688, 153.0814208984375, -35.30072021484375, 22.68958282470703, 62.8087043762207, -15.262471199035645, -91.008544921875, -50.27085876464844, 51.2165412902832], [-110.56103515625, -200.1722869873047, -118.2056655883789, 53.87494659423828, 153.0814208984375, 155.38302612304688, 56.24126434326172, -18.174381256103516, -30.523347854614258, -21.4016170501709, -24.96076774597168, -31.43189239501953, -15.662339210510254], [215.8827362060547, 187.09632873535156, -4.116491317749023, -86.77767181396484, -35.30072021484375, 56.24126434326172, 68.50039672851562, 22.11338233947754, -5.95935583114624, 2.4808130264282227, 14.290353775024414, 7.630303859710693, -7.574118614196777], [-36.97240447998047, -23.717041015625, 70.35083770751953, 90.5580062866211, 22.68958282470703, -18.174381256103516, 22.11338233947754, 78.21237182617188, 79.14387512207031, 44.12211227416992, 19.63813018798828, 23.92024803161621, 25.837547302246094], [-118.1279525756836, -93.34722137451172, 81.69817352294922, 152.6756591796875, 62.8087043762207, -30.523347854614258, -5.95935583114624, 79.14387512207031, 118.46227264404297, 85.3470458984375, 35.25914764404297, 21.722434997558594, 26.312681198120117], [160.4004669189453, 173.70022583007812, 87.65547180175781, 21.124303817749023, -15.262471199035645, -21.4016170501709, 2.4808130264282227, 44.12211227416992, 85.3470458984375, 100.51919555664062, 72.18232727050781, 30.410390853881836, 6.193670749664307], [367.4610290527344, 381.818603515625, 104.64521026611328, -79.14883422851562, -91.008544921875, -24.96076774597168, 14.290353775024414, 19.63813018798828, 35.25914764404297, 72.18232727050781, 86.9342041015625, 55.71369552612305, 10.99370288848877], [202.03379821777344, 230.49227905273438, 112.2903060913086, -3.4520397186279297, -50.27085876464844, -31.43189239501953, 7.630303859710693, 23.92024803161621, 21.722434997558594, 30.410390853881836, 55.71369552612305, 71.92036437988281, 49.428409576416016], [-87.10572052001953, -56.599403381347656, 78.98915100097656, 119.2493667602539, 51.2165412902832, -15.662339210510254, -7.574118614196777, 25.837547302246094, 26.312681198120117, 6.193670749664307, 10.99370288848877, 49.428409576416016, 68.49967193603516]], "lowlevel.mfcc.icov": [[0.017270591109991074, -0.02546839229762554, 0.028166508302092552, -0.03104017861187458, 0.034126166254282, -0.03795628622174263, 0.04445550590753555, -0.05251399427652359, 0.058853112161159515, -0.05983760580420494, 0.04984065145254135, -0.029857605695724487, 0.0093532158061862], [-0.02546839229762554, 0.038215719163417816, -0.04227907583117485, 0.04593416675925255, -0.04883958026766777, 0.05458631366491318, -0.0655200183391571, 0.07838670164346695, -0.08836574107408524, 0.0901992917060852, -0.07646355777978897, 0.04590946063399315, -0.01490312535315752], [0.028166508302092552, -0.04227907583117485, 0.04975656792521477, -0.05422545224428177, 0.05725548043847084, -0.058455321937799454, 0.067984439432621, -0.08437789976596832, 0.09936978667974472, -0.10192007571458817, 0.08272767066955566, -0.049702227115631104, 0.014707706868648529], [-0.03104017861187458, 0.04593416675925255, -0.05422545224428177, 0.07074815034866333, -0.07972507923841476, 0.0750713124871254, -0.0739460214972496, 0.08605300635099411, -0.1082586944103241, 0.11320977658033371, -0.09090093523263931, 0.051386311650276184, -0.017153849825263023], [0.034126166254282, -0.04883958026766777, 0.05725548043847084, -0.07972507923841476, 0.10597149282693863, -0.11137291043996811, 0.10943309962749481, -0.10611125826835632, 0.11321591585874557, -0.11762081831693649, 0.09593180567026138, -0.049726568162441254, 0.010865836404263973], [-0.03795628622174263, 0.05458631366491318, -0.058455321937799454, 0.0750713124871254, -0.11137291043996811, 0.1626017987728119, -0.19193309545516968, 0.1800304502248764, -0.15360906720161438, 0.140091672539711, -0.12190080434083939, 0.08072955161333084, -0.027473771944642067], [0.04445550590753555, -0.0655200183391571, 0.067984439432621, -0.0739460214972496, 0.10943309962749481, -0.19193309545516968, 0.2908596694469452, -0.3090488016605377, 0.2770061492919922, -0.22694581747055054, 0.1761324554681778, -0.11469011753797531, 0.04435839504003525], [-0.05251399427652359, 0.07838670164346695, -0.08437789976596832, 0.08605300635099411, -0.10611125826835632, 0.1800304502248764, -0.3090488016605377, 0.4409552812576294, -0.4689711928367615, 0.39564913511276245, -0.27663522958755493, 0.14714841544628143, -0.051924046128988266], [0.058853112161159515, -0.08836574107408524, 0.09936978667974472, -0.1082586944103241, 0.11321591585874557, -0.15360906720161438, 0.2770061492919922, -0.4689711928367615, 0.643168568611145, -0.6399044394493103, 0.4793689548969269, -0.2546108663082123, 0.08104005455970764], [-0.05983760580420494, 0.0901992917060852, -0.10192007571458817, 0.11320977658033371, -0.11762081831693649, 0.140091672539711, -0.22694581747055054, 0.39564913511276245, -0.6399044394493103, 0.7702096700668335, -0.6663494110107422, 0.39162522554397583, -0.13495534658432007], [0.04984065145254135, -0.07646355777978897, 0.08272767066955566, -0.09090093523263931, 0.09593180567026138, -0.12190080434083939, 0.1761324554681778, -0.27663522958755493, 0.4793689548969269, -0.6663494110107422, 0.6896042823791504, -0.4709410071372986, 0.19252951443195343], [-0.029857605695724487, 0.04590946063399315, -0.049702227115631104, 0.051386311650276184, -0.049726568162441254, 0.08072955161333084, -0.11469011753797531, 0.14714841544628143, -0.2546108663082123, 0.39162522554397583, -0.4709410071372986, 0.4096646010875702, -0.20235644280910492], [0.0093532158061862, -0.01490312535315752, 0.014707706868648529, -0.017153849825263023, 0.010865836404263973, -0.027473771944642067, 0.04435839504003525, -0.051924046128988266, 0.08104005455970764, -0.13495534658432007, 0.19252951443195343, -0.20235644280910492, 0.13335584104061127]], "metadata.audio_properties.analysis.downmix": "mix", "metadata.audio_properties.codec": "mp3", "metadata.audio_properties.md5_encoded": "089945ff791e3b2a3d452741d575bcd4", "metadata.tags.file_name": "1183688031870390332.mp3", "metadata.version.essentia": "2.1-beta6-dev", "metadata.version.essentia_git_sha": "v2.1_beta5-1110-g77a6a954", "metadata.version.extractor": "music 2.0", "tonal.chords_key": "A", "tonal.chords_scale": "major", "tonal.key_edma.key": "F", "tonal.key_edma.scale": "major", "tonal.key_krumhansl.key": "F", "tonal.key_krumhansl.scale": "major", "tonal.key_temperley.key": "F", "tonal.key_temperley.scale": "major", "metadata.tags.encoding": ["Lavf58.45.100"]}, "essentia_models": [{"model_name": "genre_dortmund", "activations": {"alternative": "0.056444816", "blues": "0.0066049416", "electronic": "0.2323745", "folkcountry": "0.050612364", "funksoulrnb": "0.0119425515", "jazz": "0.38015607", "pop": "0.024737548", "raphiphop": "0.017191947", "rock": "0.026732555"}}, {"model_name": "genre_rosamerica", "activations": {"classic": "0.4132756", "dance": "0.005941703", "hip hop": "0.0040253303", "jazz": "0.2357264", "pop": "0.029633477", "rhythm and blues": "0.010878006", "rock": "0.027979502", "speech": "0.0018319564"}}, {"model_name": "genre_tzanetakis", "activations": {"blues": "0.024423001", "classic": "0.6963385", "country": "0.004116401", "disco": "0.003210911", "hip hop": "0.019667752", "jazz": "0.057574134", "metal": "0.019024149", "pop": "0.0024896578", "reggae": "0.0010488905", "rock": "0.0660261"}}, {"model_name": "genre_electronic", "activations": {"ambient": "0.95086515", "dnb": "