{"song_id": "1183705294589673482", "download": "https://cdn.discordapp.com/attachments/1135911532732108921/1183705294589673482/chirp.mp4?ex=65894e76&amp", "lyrics": "[Verse]\nIn the heart of the forest, where legends are born\nRoams a mighty herd, with power untold\nTheir coats radiant, gleaming bright\nThe Cheese Reindeer, ready to take flight\n\n[Chorus]\nOh, Cheese Reindeer, of strength and grace\nGuiding us through every earthly place\nTogether we stand, never to fall\nThe League of Mighty Cheese Reindeer, above all", "style": ["\u0433\u0438\u043c\u043d"], "essentia_features": {"lowlevel.average_loudness": 0.9424915313720703, "lowlevel.barkbands_crest.mean": 14.121667861938477, "lowlevel.barkbands_crest.stdev": 5.292430877685547, "lowlevel.barkbands_flatness_db.mean": 0.22289441525936127, "lowlevel.barkbands_flatness_db.stdev": 0.07468874752521515, "lowlevel.barkbands_kurtosis.mean": 14.828553199768066, "lowlevel.barkbands_kurtosis.stdev": 39.5540771484375, "lowlevel.barkbands_skewness.mean": 1.958950161933899, "lowlevel.barkbands_skewness.stdev": 2.6179358959198, "lowlevel.barkbands_spread.mean": 19.70013427734375, "lowlevel.barkbands_spread.stdev": 19.41045379638672, "lowlevel.dissonance.mean": 0.4269043803215027, "lowlevel.dissonance.stdev": 0.05713839828968048, "lowlevel.dynamic_complexity": 3.6634597778320312, "lowlevel.erbbands_crest.mean": 13.744439125061035, "lowlevel.erbbands_crest.stdev": 5.680763244628906, "lowlevel.erbbands_flatness_db.mean": 0.2213866412639618, "lowlevel.erbbands_flatness_db.stdev": 0.07044295221567154, "lowlevel.erbbands_kurtosis.mean": 4.393277645111084, "lowlevel.erbbands_kurtosis.stdev": 15.444934844970703, "lowlevel.erbbands_skewness.mean": 0.7029874920845032, "lowlevel.erbbands_skewness.stdev": 1.8143460750579834, "lowlevel.erbbands_spread.mean": 36.185577392578125, "lowlevel.erbbands_spread.stdev": 24.072162628173828, "lowlevel.hfc.mean": 21.641746520996094, "lowlevel.hfc.stdev": 28.405912399291992, "lowlevel.loudness_ebu128.integrated": -17.928159713745117, "lowlevel.loudness_ebu128.loudness_range": 1.5117053985595703, "lowlevel.loudness_ebu128.momentary.mean": -18.666654586791992, "lowlevel.loudness_ebu128.momentary.stdev": 2.941359043121338, "lowlevel.loudness_ebu128.short_term.mean": -18.099443435668945, "lowlevel.loudness_ebu128.short_term.stdev": 0.5715779662132263, "lowlevel.melbands_crest.mean": 17.9482421875, "lowlevel.melbands_crest.stdev": 6.478456020355225, "lowlevel.melbands_flatness_db.mean": 0.2630819082260132, "lowlevel.melbands_flatness_db.stdev": 0.08898153156042099, "lowlevel.melbands_kurtosis.mean": 29.62251091003418, "lowlevel.melbands_kurtosis.stdev": 78.05696868896484, "lowlevel.melbands_skewness.mean": 3.089106798171997, "lowlevel.melbands_skewness.stdev": 2.831908941268921, "lowlevel.melbands_spread.mean": 28.136003494262695, "lowlevel.melbands_spread.stdev": 42.61685562133789, "lowlevel.pitch_salience.mean": 0.4978308081626892, "lowlevel.pitch_salience.stdev": 0.16950131952762604, "lowlevel.silence_rate_20dB.mean": 1.0, "lowlevel.silence_rate_20dB.stdev": 0.0, "lowlevel.silence_rate_30dB.mean": 0.9960411787033081, "lowlevel.silence_rate_30dB.stdev": 0.06279455870389938, "lowlevel.silence_rate_60dB.mean": 0.15914489328861237, "lowlevel.silence_rate_60dB.stdev": 0.3658126890659332, "lowlevel.spectral_centroid.mean": 1453.470947265625, "lowlevel.spectral_centroid.stdev": 1099.531982421875, "lowlevel.spectral_complexity.mean": 8.901029586791992, "lowlevel.spectral_complexity.stdev": 5.457573890686035, "lowlevel.spectral_decrease.mean": -4.9097343968185214e-09, "lowlevel.spectral_decrease.stdev": 4.435753098164241e-09, "lowlevel.spectral_energy.mean": 0.02049344964325428, "lowlevel.spectral_energy.stdev": 0.017583899199962616, "lowlevel.spectral_energyband_high.mean": 0.0009829868795350194, "lowlevel.spectral_energyband_high.stdev": 0.0029974314384162426, "lowlevel.spectral_energyband_low.mean": 0.0015194282168522477, "lowlevel.spectral_energyband_low.stdev": 0.009781837463378906, "lowlevel.spectral_energyband_middle_high.mean": 0.004992865025997162, "lowlevel.spectral_energyband_middle_high.stdev": 0.007733833976089954, "lowlevel.spectral_energyband_middle_low.mean": 0.013131394982337952, "lowlevel.spectral_energyband_middle_low.stdev": 0.011219455860555172, "lowlevel.spectral_entropy.mean": 6.876423358917236, "lowlevel.spectral_entropy.stdev": 0.8213329315185547, "lowlevel.spectral_flux.mean": 0.06457246094942093, "lowlevel.spectral_flux.stdev": 0.04157723858952522, "lowlevel.spectral_kurtosis.mean": 6.989082336425781, "lowlevel.spectral_kurtosis.stdev": 6.808786392211914, "lowlevel.spectral_rms.mean": 0.004022353794425726, "lowlevel.spectral_rms.stdev": 0.001953020691871643, "lowlevel.spectral_rolloff.mean": 2228.4375, "lowlevel.spectral_rolloff.stdev": 3081.063232421875, "lowlevel.spectral_skewness.mean": 1.7999464273452759, "lowlevel.spectral_skewness.stdev": 0.850404679775238, "lowlevel.spectral_spread.mean": 4709691.0, "lowlevel.spectral_spread.stdev": 2435029.25, "lowlevel.spectral_strongpeak.mean": 1.6669138669967651, "lowlevel.spectral_strongpeak.stdev": 1.6236019134521484, "lowlevel.zerocrossingrate.mean": 0.07391371577978134, "lowlevel.zerocrossingrate.stdev": 0.08273869007825851, "metadata.audio_properties.analysis.equal_loudness": 0.0, "metadata.audio_properties.analysis.length": 29.29065704345703, "metadata.audio_properties.analysis.sample_rate": 44100.0, "metadata.audio_properties.analysis.start_time": 0.0, "metadata.audio_properties.bit_rate": 119077.0, "metadata.audio_properties.length": 29.290666580200195, "metadata.audio_properties.lossless": 0.0, "metadata.audio_properties.number_channels": 1.0, "metadata.audio_properties.replay_gain": -9.866445541381836, "metadata.audio_properties.sample_rate": 48000.0, "rhythm.beats_count": 68.0, "rhythm.beats_loudness.mean": 0.022287284955382347, "rhythm.beats_loudness.stdev": 0.01347857154905796, "rhythm.bpm": 151.38160705566406, "rhythm.bpm_histogram_first_peak_bpm": 152.0, "rhythm.bpm_histogram_first_peak_weight": 0.4285714626312256, "rhythm.bpm_histogram_second_peak_bpm": 136.0, "rhythm.bpm_histogram_second_peak_spread": 0.5652174353599548, "rhythm.bpm_histogram_second_peak_weight": 0.1492537260055542, "rhythm.danceability": 1.4810729026794434, "rhythm.onset_rate": 4.026811122894287, "tonal.chords_changes_rate": 0.0791139230132103, "tonal.chords_number_rate": 0.01582278497517109, "tonal.chords_strength.mean": 0.5565489530563354, "tonal.chords_strength.stdev": 0.11636503785848618, "tonal.hpcp_crest.mean": 18.935914993286133, "tonal.hpcp_crest.stdev": 8.929464340209961, "tonal.hpcp_entropy.mean": 1.4326668977737427, "tonal.hpcp_entropy.stdev": 0.8240073323249817, "tonal.key_edma.strength": 0.8220644593238831, "tonal.key_krumhansl.strength": 0.8380780816078186, "tonal.key_temperley.strength": 0.8462403416633606, "tonal.tuning_diatonic_strength": 0.6654438972473145, "tonal.tuning_equal_tempered_deviation": 0.22233425080776215, "tonal.tuning_frequency": 434.193115234375, "tonal.tuning_nontempered_energy_ratio": 0.9234482645988464, "lowlevel.barkbands.mean": [9.519883315078914e-05, 0.0007919981144368649, 0.0005703562055714428, 0.00011571068898774683, 0.004461076110601425, 0.0036403359845280647, 0.001328048063442111, 0.0009746789583005011, 0.002485772594809532, 0.0004775988927576691, 0.001698730164207518, 0.0002414219343336299, 0.00037034807610325515, 0.00035905034746974707, 0.00022652266488876194, 0.00025779762654565275, 0.00026506121503189206, 0.00042954590753652155, 0.0004672237846534699, 0.00048000997048802674, 5.3415111324284226e-05, 7.881081546656787e-05, 0.00026412965962663293, 8.719142351765186e-05, 0.0001377102016704157, 0.00013502627552952617, 6.892299211358477e-07], "lowlevel.barkbands.stdev": [0.0011962091084569693, 0.007976381108164787, 0.0018538039876148105, 0.00037343057920224965, 0.007420123554766178, 0.006833462510257959, 0.0038903907407075167, 0.0033137935679405928, 0.005549626424908638, 0.0017675681738182902, 0.0054728384129703045, 0.0011561749270185828, 0.0010904381051659584, 0.0012275687186047435, 0.0007393731502816081, 0.0006946358480490744, 0.0006328669842332602, 0.0011833059834316373, 0.0009849769994616508, 0.0011597524862736464, 0.0002191591920563951, 0.0003527532680891454, 0.0010783910984173417, 0.0003394176601432264, 0.0006309441523626447, 0.0007401948678307235, 4.12052668252727e-06], "lowlevel.erbbands.mean": [0.026800459250807762, 0.16602614521980286, 0.6082156896591187, 0.5852503776550293, 2.677460193634033, 18.791255950927734, 33.123130798339844, 28.228782653808594, 18.26340675354004, 19.5482120513916, 29.12933349609375, 66.00325775146484, 14.87385368347168, 37.84849166870117, 51.59822082519531, 13.903393745422363, 18.464496612548828, 16.140830993652344, 16.69668197631836, 10.512349128723145, 14.132184982299805, 13.112273216247559, 21.9051513671875, 31.793079376220703, 16.0396671295166, 24.496864318847656, 6.482198238372803, 1.7235257625579834, 2.1902143955230713, 7.406732559204102, 6.65551233291626, 2.1833696365356445, 1.451085090637207, 1.2328697443008423, 1.2013276815414429, 0.8339380025863647, 0.17684213817119598, 0.017147183418273926, 0.0003567456151358783, 4.223300129524432e-05], "lowlevel.erbbands.stdev": [0.3364926874637604, 1.4331424236297607, 2.0310983657836914, 1.723423957824707, 4.732000827789307, 35.5035514831543, 52.34177780151367, 67.4390640258789, 51.675662994384766, 54.58576965332031, 77.18281555175781, 147.4657745361328, 42.39478302001953, 140.96865844726562, 158.31643676757812, 55.498756408691406, 51.4809684753418, 57.812896728515625, 46.94181442260742, 26.104459762573242, 32.504695892333984, 28.55677032470703, 59.14445495605469, 60.38314437866211, 32.97271728515625, 60.65987014770508, 20.069725036621094, 8.087876319885254, 9.689140319824219, 32.42017364501953, 26.960432052612305, 9.313640594482422, 5.635923862457275, 5.81956672668457, 5.822012901306152, 5.061079025268555, 0.8143361210823059, 0.07946421951055527, 0.001557623501867056, 8.167598571162671e-05], "lowlevel.gfcc.mean": [-69.81942749023438, 70.97291564941406, -109.27894592285156, 20.427759170532227, -70.10096740722656, -7.396734714508057, -53.12514877319336, 14.12431526184082, -38.397674560546875, -4.145147323608398, -8.464507102966309, -4.880817413330078, -12.048650741577148], "lowlevel.melbands.mean": [0.00022872381669003516, 0.0002745702222455293, 0.00012959400191903114, 0.0007331262459047139, 0.001182148465886712, 0.0006160913035273552, 0.00027817723457701504, 0.00020778858743142337, 0.0003050428058486432, 0.00037097992026247084, 5.7343455409863964e-05, 0.0001383827766403556, 0.00022955286840442568, 3.240486330469139e-05, 4.295539474696852e-05, 2.9976466976222582e-05, 3.1474548450205475e-05, 2.917614983743988e-05, 1.3859814316674601e-05, 1.712470293568913e-05, 1.7067379303625785e-05, 1.3657185263582505e-05, 1.337819776381366e-05, 2.652835610206239e-05, 2.6505555069888942e-05, 1.2256074114702642e-05, 1.3346405467018485e-05, 1.6898904505069368e-05, 5.217665602685884e-06, 1.114879637498234e-06, 8.579696100241563e-07, 1.0247420050291112e-06, 1.90472849226353e-06, 5.331150532583706e-06, 4.558367891149828e-06, 1.9249737306381576e-06, 1.1154739922858425e-06, 9.88530928225373e-07, 9.536102538731939e-07, 1.0643238965712953e-06], "lowlevel.melbands.stdev": [0.0025559337809681892, 0.001164087443612516, 0.000282303080894053, 0.0012687298003584146, 0.001738897291943431, 0.0013754168758168817, 0.0008204308687709272, 0.0006021048175171018, 0.000689613283611834, 0.0008442664984613657, 0.0002137052215402946, 0.000537888437975198, 0.0007282941951416433, 0.00012654052989091724, 0.0001279779098695144, 8.900112879928201e-05, 0.00012219705968163908, 8.46030015964061e-05, 4.463602090254426e-05, 5.608026549452916e-05, 4.051136420457624e-05, 3.204621680197306e-05, 3.7212630559224635e-05, 8.328950207214803e-05, 5.273136412142776e-05, 2.876939470297657e-05, 3.121265763184056e-05, 4.2926960304612294e-05, 1.7227159332833253e-05, 5.025467999075772e-06, 4.443450961844064e-06, 5.015599072066834e-06, 8.793896085990127e-06, 2.3520584363723174e-05, 1.884211815195158e-05, 8.577680091548245e-06, 4.837186224904144e-06, 3.748958079086151e-06, 4.13963016399066e-06, 5.469502866617404e-06], "lowlevel.melbands128.mean": [8.388079004362226e-05, 0.0002315188612556085, 0.0002663540653884411, 0.0002682674094103277, 0.000322127336403355, 0.0002603328903205693, 0.00011312549759168178, 4.898893166682683e-05, 0.00015483557945117354, 0.0006800839328207076, 0.0011281666811555624, 0.0013552221935242414, 0.0011318272445350885, 0.001081177149899304, 0.000845346599817276, 0.00019690915360115469, 0.00012933077232446522, 0.0004287632182240486, 0.00027190332184545696, 0.00019947347755078226, 0.00018606240337248892, 0.00016319828864652663, 0.0002102929720422253, 0.0005579067510552704, 0.000668013992253691, 0.00016260019037872553, 6.790360930608585e-05, 5.4218664445215836e-05, 2.612396201584488e-05, 9.591555135557428e-05, 0.00013488232798408717, 0.00030360836535692215, 0.00034755366505123675, 8.411586895817891e-05, 2.0935329303028993e-05, 2.4515868062735535e-05, 3.9642956835450605e-05, 2.3088052330422215e-05, 7.688545156270266e-05, 3.6867571907350793e-05, 1.4821999684500042e-05, 2.0888663129881024e-05, 3.210080467397347e-05, 3.6049194022780284e-05, 3.6993886169511825e-05, 2.5634200937929563e-05, 2.573965502961073e-05, 1.3872199815523345e-05, 7.443726644851267e-06, 1.2661108485190198e-05, 2.3211308871395886e-05, 1.7095464500016533e-05, 1.0232758540951181e-05, 2.3681821403442882e-05, 1.7504400602774695e-05, 1.0589534213067964e-05, 8.699669706402346e-06, 2.066987144644372e-05, 8.926426744437777e-06, 1.3116723494022153e-05, 3.848575579468161e-05, 2.2312431610771455e-05, 2.674784991540946e-05, 3.117545566055924e-05, 2.3213431632029824e-05, 7.411436854454223e-06, 9.18103069125209e-06, 8.765152415435296e-06, 1.1480511602712795e-05, 2.5569543140591122e-05, 1.625970435270574e-05, 1.5176827218965627e-05, 9.307115760748275e-06, 2.4706921522010816e-06, 1.7354819874526584e-06, 9.878343689706526e-07, 1.0104012062583934e-06, 8.447693744528806e-07, 8.161293862940511e-07, 8.345846822521708e-07, 1.064553543983493e-06, 1.049270281328063e-06, 1.0739795470726676e-06, 1.5979950376276975e-06, 2.836215344359516e-06, 4.354401880846126e-06, 6.594661044800887e-06, 6.782181571907131e-06, 4.307324616092956e-06, 3.244270601499011e-06, 2.4976322947622975e-06, 1.479736965848133e-06, 1.0201962368228124e-06, 1.2516866263467818e-06, 9.897047448248486e-07, 1.0553127367529669e-06, 8.859514082359965e-07, 1.0735042224041536e-06, 1.0072914164993563e-06, 8.195501095542568e-07, 1.0126183269676403e-06, 1.2999015552850324e-06, 8.363192023352894e-07, 1.0305395790055627e-06, 1.3399743465924985e-06, 1.780785510163696e-06, 1.4712419442730607e-06, 1.4975342992329388e-06, 1.8814009763445938e-06, 1.3356482213566778e-06, 8.144122034536849e-07, 6.553004823217634e-07, 4.629114300769288e-07, 3.4530970083324064e-07, 3.2954670814433484e-07, 1.922850145774646e-07, 3.535008019639463e-08, 4.4444392610643035e-10, 1.0063666913695535e-11, 8.101525526826858e-12, 3.0676036797544493e-12, 2.927115147488557e-12, 2.8379143653112227e-12, 2.773668230857118e-12, 2.6788946495132082e-12, 2.5559649882711533e-12, 2.4848027281587637e-12, 2.462374705178294e-12], "lowlevel.melbands128.stdev": [0.0010731000220403075, 0.0031062643975019455, 0.003349538194015622, 0.0020860065706074238, 0.0011555703822523355, 0.0008635686826892197, 0.0003820461279246956, 0.00015765892749186605, 0.0003278064832556993, 0.0013598876539617777, 0.002518994500860572, 0.0029488648287951946, 0.0024598375894129276, 0.0021213931031525135, 0.002421608194708824, 0.0008940096013247967, 0.0004353275871835649, 0.0014846789417788386, 0.0009567920351400971, 0.0007989445584826171, 0.0008031047764234245, 0.0008283404167741537, 0.0008989580092020333, 0.001389057608321309, 0.0016587118152529001, 0.0007636324735358357, 0.0004415973962750286, 0.0002678280579857528, 0.00013608057633973658, 0.00046634473255835474, 0.0009961141040548682, 0.0011720071779564023, 0.0012635899474844337, 0.00041108016739599407, 0.0001288078201469034, 0.0001608308666618541, 0.0002819084911607206, 0.00011352744331816211, 0.00026897183852270246, 0.0001313091051997617, 0.00010220884723821655, 0.00011114357766928151, 0.00020426175615284592, 0.00018179259495809674, 0.00015137770969886333, 0.00010990056762238964, 0.00013428795500658453, 7.116043707355857e-05, 2.9058328436804004e-05, 4.9285688874078915e-05, 9.930082887876779e-05, 8.344054367626086e-05, 3.954241765313782e-05, 7.690966594964266e-05, 5.4922147683100775e-05, 4.584017369779758e-05, 3.2691576052457094e-05, 7.806989015080035e-05, 4.389599052956328e-05, 4.6015058615012094e-05, 0.0001636968518141657, 7.792175892973319e-05, 7.988676952663809e-05, 7.423329225275666e-05, 8.634918776806444e-05, 2.0703690097434446e-05, 2.4431003112113103e-05, 2.3571310521219857e-05, 3.4862561733461916e-05, 8.458440424874425e-05, 4.5654524001292884e-05, 4.161554898018949e-05, 4.06489780289121e-05, 1.0032945283455774e-05, 8.025768693187274e-06, 4.4722005441144574e-06, 5.375651198846754e-06, 5.110202891955851e-06, 4.327419446781278e-06, 5.127409167471342e-06, 6.2053295550867915e-06, 5.547623459278839e-06, 5.304479145706864e-06, 7.923752491478808e-06, 1.4260473108151928e-05, 2.041169864241965e-05, 3.0799001251580194e-05, 3.32173440256156e-05, 1.750134651956614e-05, 1.3125762961863074e-05, 1.1582425941014662e-05, 8.030509889067616e-06, 4.996416919311741e-06, 6.451019544329029e-06, 3.993087375420146e-06, 3.7350471302488586e-06, 3.845001174340723e-06, 5.218004389462294e-06, 4.6303862291097175e-06, 3.880067197314929e-06, 5.524554126168368e-06, 7.794307748554274e-06, 3.879660653183237e-06, 4.930217528453795e-06, 7.115130301826866e-06, 9.963842785509769e-06, 7.828905836504418e-06, 9.229951501765754e-06, 1.4023928088136017e-05, 8.720079677004833e-06, 4.798904228664469e-06, 3.0864332529745298e-06, 2.001693701458862e-06, 1.5147750218602596e-06, 1.6533371081095538e-06, 1.1646985740298987e-06, 1.79910287556595e-07, 5.397803981566085e-09, 2.37434460981234e-10, 1.7763289450467568e-10, 5.707653967512716e-12, 4.995804984975205e-12, 4.8280815109769115e-12, 4.738794426306647e-12, 4.665937775039097e-12, 4.60630448714805e-12, 4.563624651787723e-12, 4.537519231878617e-12], "lowlevel.mfcc.mean": [-727.2052001953125, 111.95824432373047, 6.193203926086426, 19.105470657348633, 9.040057182312012, -27.69509506225586, 3.544799327850342, -2.1249351501464844, -26.79836654663086, 14.562708854675293, -19.380674362182617, -10.089004516601562, 2.338005781173706], "lowlevel.spectral_contrast_coeffs.mean": [-0.6018725633621216, -0.6543596386909485, -0.7231361269950867, -0.750877857208252, -0.7345927953720093, -0.7678501009941101], "lowlevel.spectral_contrast_coeffs.stdev": [0.12620997428894043, 0.12661416828632355, 0.10701128095388412, 0.08526124060153961, 0.0789443776011467, 0.052615098655223846], "lowlevel.spectral_contrast_valleys.mean": [-8.045035362243652, -8.016801834106445, -8.848267555236816, -8.95385456085205, -8.463929176330566, -11.419272422790527], "lowlevel.spectral_contrast_valleys.stdev": [0.8526833653450012, 0.7293922305107117, 0.8429253101348877, 0.8929662108421326, 1.0547757148742676, 1.2211850881576538], "rhythm.beats_loudness_band_ratio.mean": [0.07700426876544952, 0.2715843617916107, 0.24467718601226807, 0.12979993224143982, 0.07153190672397614, 0.2318573147058487], "rhythm.beats_loudness_band_ratio.stdev": [0.12699691951274872, 0.2643856704235077, 0.24348562955856323, 0.20702701807022095, 0.07309576869010925, 0.3361571729183197], "tonal.hpcp.mean": [0.22732044756412506, 0.231338769197464, 0.09484502673149109, 0.052112579345703125, 0.04524700716137886, 0.04216465353965759, 0.09572848677635193, 0.12032045423984528, 0.08639398962259293, 0.14342544972896576, 0.1597079485654831, 0.07548313587903976, 0.02960948459804058, 0.020815681666135788, 0.038478754460811615, 0.12600158154964447, 0.1608542799949646, 0.07890738546848297, 0.026525696739554405, 0.02350674197077751, 0.05595964565873146, 0.18722887337207794, 0.23409579694271088, 0.12804289162158966, 0.09668409824371338, 0.07955215871334076, 0.036130957305431366, 0.0384521521627903, 0.043126121163368225, 0.03474833816289902, 0.046829480677843094, 0.05646592751145363, 0.04284558817744255, 0.03387671709060669, 0.03400116786360741, 0.08194061368703842], "tonal.hpcp.stdev": [0.34453484416007996, 0.34106531739234924, 0.21152152121067047, 0.1702936887741089, 0.17347021400928497, 0.14510765671730042, 0.2289784699678421, 0.27182328701019287, 0.20081722736358643, 0.28952503204345703, 0.3105735182762146, 0.19919268786907196, 0.126664936542511, 0.09379388391971588, 0.1302262544631958, 0.2702833414077759, 0.32922792434692383, 0.20135675370693207, 0.1021108627319336, 0.09577711671590805, 0.1541372686624527, 0.3123337924480438, 0.36203134059906006, 0.2536770701408386, 0.2301049530506134, 0.21613270044326782, 0.11106998473405838, 0.12224162369966507, 0.13016723096370697, 0.11322153359651566, 0.1268678605556488, 0.1507972776889801, 0.11638293415307999, 0.08092999458312988, 0.09779007732868195, 0.18062089383602142], "rhythm.beats_position": [0.4643990993499756, 0.9287981986999512, 1.381587266921997, 1.834376335144043, 2.287165403366089, 2.728344678878784, 3.1579136848449707, 3.5874829292297363, 4.017052173614502, 4.446621417999268, 4.876190185546875, 5.31736946105957, 5.758548736572266, 6.176507949829102, 6.617686748504639, 7.035645961761475, 7.441995143890381, 7.848344326019287, 8.243083953857422, 8.637823104858398, 9.032562255859375, 9.427301406860352, 9.845260620117188, 10.239999771118164, 10.64634895324707, 11.041088104248047, 11.424217224121094, 11.81895637512207, 12.236915588378906, 12.666484832763672, 13.107664108276367, 13.537233352661133, 13.955192565917969, 14.373151779174805, 14.767890930175781, 15.185850143432617, 15.580589294433594, 15.97532844543457, 16.439727783203125, 16.90412712097168, 17.368526458740234, 17.832923889160156, 18.29732322692871, 18.738502502441406, 19.1796817779541, 19.620861053466797, 20.062040328979492, 20.514829635620117, 20.9908390045166, 21.455238342285156, 21.91963768005371, 22.325986862182617, 22.732336044311523, 23.16190528869629, 23.60308265686035, 24.032651901245117, 24.439001083374023, 24.84535026550293, 25.251699447631836, 25.669658660888672, 26.076007843017578, 26.470746994018555, 26.8538761138916, 27.213787078857422, 27.59691619873047, 27.980045318603516, 28.374784469604492, 28.75791358947754], "rhythm.bpm_histogram": [0.0, 0.0, 0.0, 0.0, 0.0, 0.0, 0.0, 0.0, 0.0, 0.0, 0.0, 0.0, 0.0, 0.0, 0.0, 0.0, 0.0, 0.0, 0.0, 0.0, 0.0, 0.0, 0.0, 0.0, 0.0, 0.0, 0.0, 0.0, 0.0, 0.0, 0.0, 0.0, 0.0, 0.0, 0.0, 0.0, 0.0, 0.0, 0.0, 0.0, 0.0, 0.0, 0.0, 0.0, 0.0, 0.0, 0.0, 0.0, 0.0, 0.0, 0.0, 0.0, 0.0, 0.0, 0.0, 0.0, 0.0, 0.0, 0.0, 0.0, 0.0, 0.0, 0.0, 0.0, 0.0, 0.0, 0.0, 0.0, 0.0, 0.0, 0.0, 0.0, 0.0, 0.0, 0.0, 0.0, 0.0, 0.0, 0.0, 0.0, 0.0, 0.0, 0.0, 0.0, 0.0, 0.0, 0.0, 0.0, 0.0, 0.0, 0.0, 0.0, 0.0, 0.0, 0.0, 0.0, 0.0, 0.0, 0.0, 0.0, 0.0, 0.0, 0.0, 0.0, 0.0, 0.0, 0.0, 0.0, 0.0, 0.0, 0.0, 0.0, 0.0, 0.0, 0.0, 0.0, 0.0, 0.0, 0.0, 0.0, 0.0, 0.0, 0.0, 0.0, 0.0, 0.0, 0.014925372786819935, 0.0, 0.0, 0.11940298229455948, 0.0, 0.0, 0.0, 0.05970149114727974, 0.0, 0.0, 0.1492537260055542, 0.0, 0.0, 0.0, 0.13432836532592773, 0.0, 0.0, 0.0, 0.11940298229455948, 0.0, 0.0, 0.0, 0.13432836532592773, 0.0, 0.0, 0.0, 0.17910447716712952, 0.0, 0.0, 0.0, 0.0, 0.0746268630027771, 0.0, 0.0, 0.0, 0.0, 0.0, 0.0, 0.0, 0.0, 0.0, 0.014925372786819935, 0.0, 0.0, 0.0, 0.0, 0.0, 0.0, 0.0, 0.0, 0.0, 0.0, 0.0, 0.0, 0.0, 0.0, 0.0, 0.0, 0.0, 0.0, 0.0, 0.0, 0.0, 0.0, 0.0, 0.0, 0.0, 0.0, 0.0, 0.0, 0.0, 0.0, 0.0, 0.0, 0.0, 0.0, 0.0, 0.0, 0.0, 0.0, 0.0, 0.0, 0.0, 0.0, 0.0, 0.0, 0.0, 0.0, 0.0, 0.0, 0.0, 0.0, 0.0, 0.0, 0.0, 0.0, 0.0, 0.0, 0.0, 0.0, 0.0, 0.0, 0.0, 0.0, 0.0, 0.0, 0.0, 0.0, 0.0, 0.0, 0.0, 0.0, 0.0, 0.0, 0.0, 0.0, 0.0, 0.0, 0.0, 0.0, 0.0, 0.0, 0.0, 0.0], "tonal.chords_histogram": [37.02531814575195, 7.753164768218994, 5.2215189933776855, 0.3164556920528412, 4.272151947021484, 3.4810125827789307, 0.0, 4.430379867553711, 0.0, 3.797468423843384, 0.0, 0.3164556920528412, 0.0, 0.0, 0.0, 0.0, 0.0, 0.0, 3.322784900665283, 0.0, 0.0, 0.0, 26.582279205322266, 3.4810125827789307], "tonal.thpcp": [1.0, 0.5469679236412048, 0.413010835647583, 0.33982735872268677, 0.1543426215648651, 0.1642581969499588, 0.18422424793243408, 0.14843639731407166, 0.20004409551620483, 0.24120862782001495, 0.18302588164806366, 0.14471304416656494, 0.14524467289447784, 0.3500302731990814, 0.9710573554039001, 0.9882226586341858, 0.4051547646522522, 0.222612202167511, 0.19328415393829346, 0.18011708557605743, 0.40892869234085083, 0.5139795541763306, 0.36905398964881897, 0.6126784682273865, 0.6822332739830017, 0.32244551181793213, 0.1264844834804535, 0.0889195054769516, 0.16437183320522308, 0.5382479429244995, 0.6871301531791687, 0.33707305788993835, 0.1133112907409668, 0.10041505098342896, 0.2390459179878235, 0.7997959852218628], "lowlevel.gfcc.cov": [[7670.38916015625, -1410.5941162109375, -726.7562255859375, 184.24569702148438, -97.45450592041016, -204.59535217285156, -277.907470703125, 316.4329833984375, -591.52685546875, -72.76412200927734, 23.13947105407715, 24.03594207763672, -148.38307189941406], [-1410.5941162109375, 2572.847412109375, -629.8372802734375, -778.1303100585938, 202.14764404296875, -74.56261444091797, 165.6267547607422, -62.28526306152344, 124.35182189941406, -146.89903259277344, 316.0478515625, -331.3237609863281, 180.7273406982422], [-726.7562255859375, -629.8372802734375, 1549.7918701171875, 653.839599609375, -76.92438507080078, 273.4240417480469, -224.81980895996094, -172.32107543945312, 83.2139663696289, 52.634849548339844, -202.54537963867188, 144.60977172851562, -167.8758544921875], [184.24569702148438, -778.1303100585938, 653.839599609375, 1203.0703125, 105.69723510742188, -122.76620483398438, -257.8520202636719, 81.02289581298828, 51.35053634643555, -61.60917663574219, -139.55543518066406, 190.4467010498047, -66.00175476074219], [-97.45450592041016, 202.14764404296875, -76.92438507080078, 105.69723510742188, 393.0560302734375, 70.3171615600586, -45.86553955078125, 70.06621551513672, 102.74149322509766, 67.16870880126953, -54.700740814208984, 17.172592163085938, 50.273380279541016], [-204.59535217285156, -74.56261444091797, 273.4240417480469, -122.76620483398438, 70.3171615600586, 747.797119140625, 335.2240905761719, -140.06350708007812, -23.932422637939453, 200.3008575439453, -86.67604064941406, -107.16184997558594, -90.20466613769531], [-277.907470703125, 165.6267547607422, -224.81980895996094, -257.8520202636719, -45.86553955078125, 335.2240905761719, 685.33544921875, 79.90996551513672, -64.94280242919922, 91.41633605957031, 34.86423873901367, -56.882198333740234, -47.7829475402832], [316.4329833984375, -62.28526306152344, -172.32107543945312, 81.02289581298828, 70.06621551513672, -140.06350708007812, 79.90996551513672, 286.7070007324219, 67.26335906982422, -18.48482894897461, -23.11180877685547, 38.36534881591797, 25.093679428100586], [-591.52685546875, 124.35182189941406, 83.2139663696289, 51.35053634643555, 102.74149322509766, -23.932422637939453, -64.94280242919922, 67.26335906982422, 346.5552978515625, 82.74939727783203, -92.38715362548828, 5.399385929107666, 52.804710388183594], [-72.76412200927734, -146.89903259277344, 52.634849548339844, -61.60917663574219, 67.16870880126953, 200.3008575439453, 91.41633605957031, -18.48482894897461, 82.74939727783203, 213.5000762939453, -50.87079620361328, -25.70435333251953, -42.919551849365234], [23.13947105407715, 316.0478515625, -202.54537963867188, -139.55543518066406, -54.700740814208984, -86.67604064941406, 34.86423873901367, -23.11180877685547, -92.38715362548828, -50.87079620361328, 243.33587646484375, 16.978578567504883, 32.948150634765625], [24.03594207763672, -331.3237609863281, 144.60977172851562, 190.4467010498047, 17.172592163085938, -107.16184997558594, -56.882198333740234, 38.36534881591797, 5.399385929107666, -25.70435333251953, 16.978578567504883, 252.6615753173828, 37.543739318847656], [-148.38307189941406, 180.7273406982422, -167.8758544921875, -66.00175476074219, 50.273380279541016, -90.20466613769531, -47.7829475402832, 25.093679428100586, 52.804710388183594, -42.919551849365234, 32.948150634765625, 37.543739318847656, 163.3236846923828]], "lowlevel.gfcc.icov": [[0.00022337559494189918, 8.706917287781835e-05, 0.00017638962890487164, -1.702920599200297e-05, 7.815330900484696e-05, -0.0001784000196494162, 0.00032663290039636195, -0.00043330740300007164, 0.0004069470160175115, -7.194492354756221e-05, -1.6109215721371584e-05, 2.3265445634024218e-05, 0.00016799112199805677], [8.706917287781835e-05, 0.0014053310733288527, -0.0003297042567282915, 0.0006603182991966605, -0.0015358375385403633, 0.0004535393964033574, -0.000655497657135129, 0.0005750436685048044, -0.0010110546136274934, 0.0017628632485866547, -0.001864288467913866, 0.0019718827679753304, -0.00039195219869725406], [0.00017638962890487164, -0.0003297042567282915, 0.0018017706461250782, -0.0007842009654268622, 0.0011859742226079106, -0.0012740526581183076, 0.0010875555453822017, -1.6833388144732453e-05, -3.004385143867694e-05, -0.00013132025196682662, 0.0009908690117299557, -0.0015569232637062669, 0.0014454193878918886], [-1.702920599200297e-05, 0.0006603182991966605, -0.0007842009654268622, 0.0018078323919326067, -0.0013157997746020555, 0.00048184252227656543, -0.0001949554862221703, -0.0001350520906271413, -0.00046027349890209734, 0.0013588083675131202, -0.0005435399361886084, 0.0003571758570615202, 0.000346660177456215], [7.815330900484696e-05, -0.0015358375385403633, 0.0011859742226079106, -0.0013157997746020555, 0.005596641916781664, -0.0019028070382773876, 0.0019617232028394938, -0.0020323540084064007, 0.0009781320113688707, -0.0029062258545309305, 0.0023212681990116835, -0.0025602898094803095, -0.000389378605177626], [-0.0001784000196494162, 0.0004535393964033574, -0.0012740526581183076, 0.00048184252227656543, -0.0019028070382773876, 0.004176627844572067, -0.0025822496972978115, 0.002332181204110384, 8.967750909505412e-05, -0.0012639613123610616, 4.042434738948941e-05, 0.0019306255271658301, -0.000813208578620106], [0.00032663290039636195, -0.000655497657135129, 0.0010875555453822017, -0.0001949554862221703, 0.0019617232028394938, -0.0025822496972978115, 0.00397073570638895, -0.002882313448935747, 0.0013769149081781507, -0.0011812036391347647, 0.000525843002833426, -0.001618323614820838, 0.0011460429523140192], [-0.00043330740300007164, 0.0005750436685048044, -1.6833388144732453e-05, -0.0001350520906271413, -0.0020323540084064007, 0.002332181204110384, -0.002882313448935747, 0.007169806864112616, -0.0024415545631200075, 0.001522025209851563, 3.546486186678521e-05, 0.0005112086073495448, -6.837643013568595e-05], [0.0004069470160175115, -0.0010110546136274934, -3.004385143867694e-05, -0.00046027349890209734, 0.0009781320113688707, 8.967750909505412e-05, 0.0013769149081781507, -0.0024415545631200075, 0.006459275726228952, -0.004190799314528704, 0.0026782331988215446, -0.0008339043706655502, -0.001740223029628396], [-7.194492354756221e-05, 0.0017628632485866547, -0.00013132025196682662, 0.0013588083675131202, -0.0029062258545309305, -0.0012639613123610616, -0.0011812036391347647, 0.001522025209851563, -0.004190799314528704, 0.010789251886308193, -0.002154522342607379, 0.0015256981132552028, 0.0022892707493156195], [-1.6109215721371584e-05, -0.001864288467913866, 0.0009908690117299557, -0.0005435399361886084, 0.0023212681990116835, 4.042434738948941e-05, 0.000525843002833426, 3.546486186678521e-05, 0.0026782331988215446, -0.002154522342607379, 0.008319225162267685, -0.003462018445134163, -1.1202500900253654e-05], [2.3265445634024218e-05, 0.0019718827679753304, -0.0015569232637062669, 0.0003571758570615202, -0.0025602898094803095, 0.0019306255271658301, -0.001618323614820838, 0.0005112086073495448, -0.0008339043706655502, 0.0015256981132552028, -0.003462018445134163, 0.008552523329854012, -0.0029115022625774145], [0.00016799112199805677, -0.00039195219869725406, 0.0014454193878918886, 0.000346660177456215, -0.000389378605177626, -0.000813208578620106, 0.0011460429523140192, -6.837643013568595e-05, -0.001740223029628396, 0.0022892707493156195, -1.1202500900253654e-05, -0.0029115022625774145, 0.010187231935560703]], "lowlevel.mfcc.cov": [[7106.07763671875, -930.4005737304688, -1058.8267822265625, 271.6769714355469, 118.37792205810547, -594.6639404296875, 350.5933837890625, -39.65678024291992, -470.387939453125, 299.7064514160156, -361.0351257324219, -172.77976989746094, -45.57699203491211], [-930.4005737304688, 2488.446044921875, -677.2225952148438, -729.692626953125, 63.65791702270508, -247.66741943359375, 209.4611053466797, -130.07472229003906, -133.36878967285156, 222.52000427246094, -89.90583801269531, 57.73963165283203, 48.7150993347168], [-1058.8267822265625, -677.2225952148438, 1540.008544921875, 263.96875, -20.320661544799805, 480.275146484375, -183.9554901123047, 40.22791290283203, 110.38480377197266, -211.7692413330078, 205.72088623046875, 12.413495063781738, -55.81014633178711], [271.6769714355469, -729.692626953125, 263.96875, 1045.2681884765625, 346.1899108886719, -199.14224243164062, -246.8923797607422, 189.99160766601562, -1.8527030944824219, -208.99806213378906, -51.908973693847656, 75.12416076660156, -1.6263021230697632], [118.37792205810547, 63.65791702270508, -20.320661544799805, 346.1899108886719, 698.8544311523438, -175.94029235839844, -297.0327453613281, -36.543617248535156, -14.199548721313477, 6.436302661895752, -148.46725463867188, 62.2139778137207, -7.977606296539307], [-594.6639404296875, -247.66741943359375, 480.275146484375, -199.14224243164062, -175.94029235839844, 957.3314208984375, 128.04052734375, -48.91950225830078, 271.53521728515625, -40.38117980957031, 329.5072021484375, -56.844078063964844, -68.01931762695312], [350.5933837890625, 209.4611053466797, -183.9554901123047, -246.8923797607422, -297.0327453613281, 128.04052734375, 569.1050415039062, 73.18197631835938, -80.79094696044922, 81.63544464111328, 77.36309814453125, -37.00824737548828, 2.945718765258789], [-39.65678024291992, -130.07472229003906, 40.22791290283203, 189.99160766601562, -36.543617248535156, -48.91950225830078, 73.18197631835938, 243.78219604492188, 54.28904342651367, -47.24150466918945, 19.36483383178711, 41.81741714477539, 39.75497817993164], [-470.387939453125, -133.36878967285156, 110.38480377197266, -1.8527030944824219, -14.199548721313477, 271.53521728515625, -80.79094696044922, 54.28904342651367, 501.78887939453125, 45.79845428466797, 153.55636596679688, 44.394317626953125, 41.610321044921875], [299.7064514160156, 222.52000427246094, -211.7692413330078, -208.99806213378906, 6.436302661895752, -40.38117980957031, 81.63544464111328, -47.24150466918945, 45.79845428466797, 283.48077392578125, 1.5022556781768799, 6.890904426574707, 34.490116119384766], [-361.0351257324219, -89.90583801269531, 205.72088623046875, -51.908973693847656, -148.46725463867188, 329.5072021484375, 77.36309814453125, 19.36483383178711, 153.55636596679688, 1.5022556781768799, 301.1877746582031, 20.953998565673828, -2.9936375617980957], [-172.77976989746094, 57.73963165283203, 12.413495063781738, 75.12416076660156, 62.2139778137207, -56.844078063964844, -37.00824737548828, 41.81741714477539, 44.394317626953125, 6.890904426574707, 20.953998565673828, 145.26715087890625, 47.9730110168457], [-45.57699203491211, 48.7150993347168, -55.81014633178711, -1.6263021230697632, -7.977606296539307, -68.01931762695312, 2.945718765258789, 39.75497817993164, 41.610321044921875, 34.490116119384766, -2.9936375617980957, 47.9730110168457, 151.22738647460938]], "lowlevel.mfcc.icov": [[0.00022956967586651444, 0.00015938440628815442, 0.00014254788402467966, -7.606867438880727e-05, -6.119379395386204e-05, 4.043514491058886e-05, -0.00018372308113612235, 8.696734585100785e-05, 0.0001414199359714985, -0.0002752067521214485, 9.889763168757781e-05, 0.00014803184603806585, 4.416191950440407e-05], [0.00015938440628815442, 0.0007598481024615467, 0.00023002771195024252, 0.0005216905265115201, -0.00041360146133229136, 0.0002198433066951111, -0.00032108876621350646, 6.16985562373884e-05, 0.0001696952385827899, -8.784630335867405e-05, -8.149797940859571e-05, -0.0002814567706082016, 2.1878693587495945e-05], [0.00014254788402467966, 0.00023002771195024252, 0.0010937941260635853, -0.00012171468551969156, 2.4372558982577175e-05, -0.000490333593916148, 0.0003191968717146665, -0.00015345076099038124, 0.000345729902619496, 0.00014494339120574296, -0.00021826833835802972, -0.00014294027641881257, 9.891862282529473e-05], [-7.606867438880727e-05, 0.0005216905265115201, -0.00012171468551969156, 0.0023973400238901377, -0.001173898228444159, 0.0005640988238155842, 0.0001921962684718892, -0.0014058672823011875, 4.3475254642544314e-05, 0.0011477587977424264, -0.0005925358855165541, -0.0003940942697227001, 0.00018707050185184926], [-6.119379395386204e-05, -0.00041360146133229136, 2.4372558982577175e-05, -0.001173898228444159, 0.002772906795144081, -0.0005184258916415274, 0.0011008353903889656, 0.00046543480129912496, 5.100292037241161e-05, -0.0008715829462744296, 0.0012441767612472177, -0.0008162402082234621, 0.00034877064172178507], [4.043514491058886e-05, 0.0002198433066951111, -0.000490333593916148, 0.0005640988238155842, -0.0005184258916415274, 0.0026534502394497395, -0.0009244177490472794, 0.0007849139510653913, -0.001076062093488872, 0.0007159890956245363, -0.001937476103194058, 0.0009016159456223249, 0.0005526866298168898], [-0.00018372308113612235, -0.00032108876621350646, 0.0003191968717146665, 0.0001921962684718892, 0.0011008353903889656, -0.0009244177490472794, 0.003540032310411334, -0.0019166766433045268, 0.0011405161349102855, -0.0008649493101984262, -0.00031717823003418744, 0.00011248115333728492, 8.661107131047174e-05], [8.696734585100785e-05, 6.16985562373884e-05, -0.00015345076099038124, -0.0014058672823011875, 0.00046543480129912496, 0.0007849139510653913, -0.0019166766433045268, 0.006826525088399649, -0.0012835068628191948, 0.0008500546682626009, 0.00010894154547713697, -0.0008561182767152786, -0.0010120327351614833], [0.0001414199359714985, 0.0001696952385827899, 0.000345729902619496, 4.3475254642544314e-05, 5.100292037241161e-05, -0.001076062093488872, 0.0011405161349102855, -0.0012835068628191948, 0.003416914027184248, -0.0011530449846759439, -0.0007298754644580185, -0.0004171493055764586, -0.0006094039999879897], [-0.0002752067521214485, -8.784630335867405e-05, 0.00014494339120574296, 0.0011477587977424264, -0.0008715829462744296, 0.0007159890956245363, -0.0008649493101984262, 0.0008500546682626009, -0.0011530449846759439, 0.005651306360960007, -0.0007341256714425981, -0.0002465629077050835, -0.0008273023995570838], [9.889763168757781e-05, -8.149797940859571e-05, -0.00021826833835802972, -0.0005925358855165541, 0.0012441767612472177, -0.001937476103194058, -0.00031717823003418744, 0.00010894154547713697, -0.0007298754644580185, -0.0007341256714425981, 0.006765157915651798, -0.001706960378214717, 0.000184532706043683], [0.00014803184603806585, -0.0002814567706082016, -0.00014294027641881257, -0.0003940942697227001, -0.0008162402082234621, 0.0009016159456223249, 0.00011248115333728492, -0.0008561182767152786, -0.0004171493055764586, -0.0002465629077050835, -0.001706960378214717, 0.009479288943111897, -0.0022062105126678944], [4.416191950440407e-05, 2.1878693587495945e-05, 9.891862282529473e-05, 0.00018707050185184926, 0.00034877064172178507, 0.0005526866298168898, 8.661107131047174e-05, -0.0010120327351614833, -0.0006094039999879897, -0.0008273023995570838, 0.000184532706043683, -0.0022062105126678944, 0.008248559199273586]], "metadata.audio_properties.analysis.downmix": "mix", "metadata.audio_properties.codec": "mp3", "metadata.audio_properties.md5_encoded": "5bf8979b408f7a12cd53054e90ae02c0", "metadata.tags.file_name": "1183705294589673482.mp3", "metadata.version.essentia": "2.1-beta6-dev", "metadata.version