{"song_id": "1183657115097767936", "download": "https://cdn.discordapp.com/attachments/1135903449314238464/1183657115097767936/chirp.mp4?ex=65892197&amp", "lyrics": "(Outro)\nIn the rhythm of life, words dance and sing,\n\u751f\u6d3b\u7684\u8282\u594f\u4e2d\uff0c\u8bcd\u8bed\u8df3\u8dc3\u548c\u6b4c\u5531\uff0c\nEnglish in action, let your heart ring!\n\u884c\u52a8\u4e2d\u7684\u82f1\u8bed\uff0c\u8ba9\u4f60\u7684\u5fc3\u7075\u5171\u9e23\uff01", "style": ["Chinese pop"], "essentia_features": {"lowlevel.average_loudness": 0.9532745480537415, "lowlevel.barkbands_crest.mean": 18.754419326782227, "lowlevel.barkbands_crest.stdev": 3.1804115772247314, "lowlevel.barkbands_flatness_db.mean": 0.3495047986507416, "lowlevel.barkbands_flatness_db.stdev": 0.06977663189172745, "lowlevel.barkbands_kurtosis.mean": 37.490936279296875, "lowlevel.barkbands_kurtosis.stdev": 24.869457244873047, "lowlevel.barkbands_skewness.mean": 4.983145236968994, "lowlevel.barkbands_skewness.stdev": 1.7267781496047974, "lowlevel.barkbands_spread.mean": 3.3651487827301025, "lowlevel.barkbands_spread.stdev": 3.801595687866211, "lowlevel.dissonance.mean": 0.43540138006210327, "lowlevel.dissonance.stdev": 0.02531070075929165, "lowlevel.dynamic_complexity": 1.7363301515579224, "lowlevel.erbbands_crest.mean": 10.171112060546875, "lowlevel.erbbands_crest.stdev": 3.164407968521118, "lowlevel.erbbands_flatness_db.mean": 0.22997568547725677, "lowlevel.erbbands_flatness_db.stdev": 0.027852684259414673, "lowlevel.erbbands_kurtosis.mean": -0.09208644181489944, "lowlevel.erbbands_kurtosis.stdev": 0.9004837870597839, "lowlevel.erbbands_skewness.mean": 0.7802574038505554, "lowlevel.erbbands_skewness.stdev": 0.39187145233154297, "lowlevel.erbbands_spread.mean": 34.92176055908203, "lowlevel.erbbands_spread.stdev": 8.225317001342773, "lowlevel.hfc.mean": 16.52054786682129, "lowlevel.hfc.stdev": 7.619258403778076, "lowlevel.loudness_ebu128.integrated": -12.859062194824219, "lowlevel.loudness_ebu128.loudness_range": 0.09466361999511719, "lowlevel.loudness_ebu128.momentary.mean": -13.271218299865723, "lowlevel.loudness_ebu128.momentary.stdev": 2.0896551609039307, "lowlevel.loudness_ebu128.short_term.mean": -12.860647201538086, "lowlevel.loudness_ebu128.short_term.stdev": 0.047331809997558594, "lowlevel.melbands_crest.mean": 24.085514068603516, "lowlevel.melbands_crest.stdev": 3.594771385192871, "lowlevel.melbands_flatness_db.mean": 0.4450772702693939, "lowlevel.melbands_flatness_db.stdev": 0.08158814907073975, "lowlevel.melbands_kurtosis.mean": 61.68304443359375, "lowlevel.melbands_kurtosis.stdev": 37.65891647338867, "lowlevel.melbands_skewness.mean": 5.848211765289307, "lowlevel.melbands_skewness.stdev": 1.714988112449646, "lowlevel.melbands_spread.mean": 3.2229301929473877, "lowlevel.melbands_spread.stdev": 8.092717170715332, "lowlevel.pitch_salience.mean": 0.24121855199337006, "lowlevel.pitch_salience.stdev": 0.1391117125749588, "lowlevel.silence_rate_20dB.mean": 1.0, "lowlevel.silence_rate_20dB.stdev": 0.0, "lowlevel.silence_rate_30dB.mean": 0.24242424964904785, "lowlevel.silence_rate_30dB.stdev": 0.4285496175289154, "lowlevel.silence_rate_60dB.mean": 0.007575757801532745, "lowlevel.silence_rate_60dB.stdev": 0.08670855313539505, "lowlevel.spectral_centroid.mean": 352.6542663574219, "lowlevel.spectral_centroid.stdev": 294.6437072753906, "lowlevel.spectral_complexity.mean": 13.113636016845703, "lowlevel.spectral_complexity.stdev": 4.2330732345581055, "lowlevel.spectral_decrease.mean": -3.3145152400493316e-08, "lowlevel.spectral_decrease.stdev": 1.5741163039706407e-08, "lowlevel.spectral_energy.mean": 0.12659582495689392, "lowlevel.spectral_energy.stdev": 0.059988223016262054, "lowlevel.spectral_energyband_high.mean": 2.1901330910623074e-05, "lowlevel.spectral_energyband_high.stdev": 3.754101271624677e-05, "lowlevel.spectral_energyband_low.mean": 0.11547243595123291, "lowlevel.spectral_energyband_low.stdev": 0.0585656501352787, "lowlevel.spectral_energyband_middle_high.mean": 0.0013465549563989043, "lowlevel.spectral_energyband_middle_high.stdev": 0.001211544731631875, "lowlevel.spectral_energyband_middle_low.mean": 0.01058407686650753, "lowlevel.spectral_energyband_middle_low.stdev": 0.009149178862571716, "lowlevel.spectral_entropy.mean": 6.336236000061035, "lowlevel.spectral_entropy.stdev": 0.4215688109397888, "lowlevel.spectral_flux.mean": 0.05434137582778931, "lowlevel.spectral_flux.stdev": 0.06233116239309311, "lowlevel.spectral_kurtosis.mean": 17.13430404663086, "lowlevel.spectral_kurtosis.stdev": 10.91088581085205, "lowlevel.spectral_rms.mean": 0.010632266290485859, "lowlevel.spectral_rms.stdev": 0.003234656760469079, "lowlevel.spectral_rolloff.mean": 212.88507080078125, "lowlevel.spectral_rolloff.stdev": 713.219482421875, "lowlevel.spectral_skewness.mean": 2.801813840866089, "lowlevel.spectral_skewness.stdev": 0.9239768981933594, "lowlevel.spectral_spread.mean": 2154504.25, "lowlevel.spectral_spread.stdev": 779740.875, "lowlevel.spectral_strongpeak.mean": 1.158046007156372, "lowlevel.spectral_strongpeak.stdev": 0.47696155309677124, "lowlevel.zerocrossingrate.mean": 0.009580669924616814, "lowlevel.zerocrossingrate.stdev": 0.014231739565730095, "metadata.audio_properties.analysis.equal_loudness": 0.0, "metadata.audio_properties.analysis.length": 3.0293197631835938, "metadata.audio_properties.analysis.sample_rate": 44100.0, "metadata.audio_properties.analysis.start_time": 0.0, "metadata.audio_properties.bit_rate": 112125.0, "metadata.audio_properties.length": 3.0293333530426025, "metadata.audio_properties.lossless": 0.0, "metadata.audio_properties.number_channels": 1.0, "metadata.audio_properties.replay_gain": -9.216814041137695, "metadata.audio_properties.sample_rate": 48000.0, "rhythm.beats_count": 4.0, "rhythm.beats_loudness.mean": 0.14006736874580383, "rhythm.beats_loudness.stdev": 0.021744510158896446, "rhythm.bpm": 98.15704345703125, "rhythm.bpm_histogram_first_peak_bpm": 99.0, "rhythm.bpm_histogram_first_peak_weight": 0.3333333134651184, "rhythm.bpm_histogram_second_peak_bpm": 0.0, "rhythm.bpm_histogram_second_peak_spread": 0.0, "rhythm.bpm_histogram_second_peak_weight": 0.0, "rhythm.danceability": 0.7083457112312317, "rhythm.onset_rate": 1.972507119178772, "tonal.chords_changes_rate": 0.014925372786819935, "tonal.chords_number_rate": 0.02985074557363987, "tonal.chords_strength.mean": 0.49041548371315, "tonal.chords_strength.stdev": 0.029811322689056396, "tonal.hpcp_crest.mean": 20.58803939819336, "tonal.hpcp_crest.stdev": 6.491270065307617, "tonal.hpcp_entropy.mean": 1.2083542346954346, "tonal.hpcp_entropy.stdev": 0.5347601771354675, "tonal.key_edma.strength": 0.6725333333015442, "tonal.key_krumhansl.strength": 0.6646522283554077, "tonal.key_temperley.strength": 0.6411421298980713, "tonal.tuning_diatonic_strength": 0.5433042049407959, "tonal.tuning_equal_tempered_deviation": 0.051366545259952545, "tonal.tuning_frequency": 439.74591064453125, "tonal.tuning_nontempered_energy_ratio": 0.625258207321167, "lowlevel.barkbands.mean": [7.55785295041278e-05, 0.07217007130384445, 0.04249511659145355, 0.0017555170925334096, 0.0027802325785160065, 0.003779107239097357, 0.0003529971872922033, 0.0010969734285026789, 0.0006347228190861642, 0.00028256597579456866, 0.0001085695912479423, 0.00019030229304917157, 6.570074037881568e-05, 0.00024591226247139275, 0.00016307880287058651, 0.0001847242092480883, 0.00011202906898688525, 1.968435935850721e-05, 5.200778832659125e-05, 1.8832492060028017e-05, 5.860766577825416e-06, 1.1944844118261244e-06, 2.019648945861263e-06, 1.308719106418721e-06, 1.8457537862559548e-06, 5.776589517836328e-08, 2.289427758483953e-09], "lowlevel.barkbands.stdev": [0.00039951485814526677, 0.05267906188964844, 0.03639480471611023, 0.00273993075825274, 0.003425377421081066, 0.0037422743625938892, 0.00036317386548034847, 0.0012827527243644, 0.0006134378490969539, 0.000251921359449625, 0.00013871495320927352, 0.00022191423340700567, 6.43888779450208e-05, 0.00046158998156897724, 0.0001318382564932108, 0.00025724625447764993, 0.0001543278049211949, 2.8967186153749935e-05, 8.478888048557565e-05, 3.1415493140229955e-05, 9.446517651667818e-06, 2.6782026907312684e-06, 4.180302767053945e-06, 3.7857535062357783e-06, 8.294118742924184e-06, 2.4951427235464507e-07, 5.6111599811004e-09], "lowlevel.erbbands.mean": [0.5040931701660156, 20.890470504760742, 60.18073654174805, 19.188928604125977, 7.8080267906188965, 9.584769248962402, 12.706598281860352, 46.50800704956055, 8.830126762390137, 19.658605575561523, 11.792922019958496, 18.257295608520508, 12.162437438964844, 4.319134712219238, 5.453670024871826, 8.4564208984375, 4.260407447814941, 12.847199440002441, 9.632144927978516, 7.1893815994262695, 9.573738098144531, 5.162853717803955, 1.5857040882110596, 3.5255634784698486, 1.0029959678649902, 0.7241946458816528, 0.4697764813899994, 0.17433801293373108, 0.056223660707473755, 0.040401335805654526, 0.054017405956983566, 0.031726107001304626, 0.025416333228349686, 0.0299835242331028, 0.007085633929818869, 0.0008066362352110445, 7.172486948547885e-05, 7.231014024000615e-06, 5.674475323758088e-05, 0.0001375041319988668], "lowlevel.erbbands.stdev": [0.366536021232605, 14.405228614807129, 34.50110626220703, 25.08359146118164, 13.3161039352417, 10.609816551208496, 12.338162422180176, 44.55365753173828, 6.46615743637085, 23.116966247558594, 13.942572593688965, 17.3273983001709, 10.303441047668457, 4.055863857269287, 6.972659587860107, 10.466666221618652, 3.5752391815185547, 22.904176712036133, 7.921503067016602, 6.934908390045166, 11.532960891723633, 6.592427730560303, 2.18090558052063, 5.955199718475342, 1.5538960695266724, 1.0151000022888184, 0.8626930117607117, 0.3061386048793793, 0.12742751836776733, 0.07895602285861969, 0.11621102690696716, 0.07369791716337204, 0.08490695059299469, 0.13690747320652008, 0.03153279423713684, 0.0033473323564976454, 0.00013621056859847158, 1.8040562281385064e-05, 2.653798583196476e-05, 6.494813715107739e-05], "lowlevel.gfcc.mean": [-74.54862213134766, 199.37930297851562, -103.14454650878906, 31.84286880493164, -14.691110610961914, 1.9371814727783203, -21.179901123046875, 1.52701735496521, 3.569664478302002, -7.96242094039917, 4.577219486236572, -20.530776977539062, 5.1605448722839355], "lowlevel.melbands.mean": [0.012141643092036247, 0.030599486082792282, 0.0033306400291621685, 0.000544913113117218, 0.0005165114416740835, 0.000894680735655129, 0.00011155356332892552, 0.0002407934225630015, 7.565075065940619e-05, 0.00012102926120860502, 5.687638622475788e-05, 1.655217602092307e-05, 1.3992027561471332e-05, 2.058016434602905e-05, 1.688738484517671e-05, 7.117094810382696e-06, 2.758059235929977e-05, 1.5267441995092668e-05, 1.0709478374337777e-05, 1.4361306966748089e-05, 1.0286008546245284e-05, 6.999417564657051e-06, 1.307043930864893e-06, 1.1090872931163176e-06, 3.4490026337152813e-06, 6.463756676566845e-07, 6.067725735192653e-07, 4.561757123155985e-07, 3.881311556597211e-07, 1.4164514539061202e-07, 7.48385602378221e-08, 2.9446812987998783e-08, 2.0998154326434815e-08, 2.549482047697893e-08, 3.1781350884330095e-08, 3.1446514725530506e-08, 1.4693622318873167e-08, 1.576674080183693e-08, 2.3814505922814533e-08, 2.5553871907391112e-08], "lowlevel.melbands.stdev": [0.008935491554439068, 0.015682844445109367, 0.004017141181975603, 0.0007605847204104066, 0.000455415720352903, 0.0008644351037219167, 8.682427869644016e-05, 0.0002904561988543719, 9.326307917945087e-05, 0.00011732128768926486, 4.916927719023079e-05, 1.6531916116946377e-05, 1.837252057157457e-05, 2.7000736736226827e-05, 1.6783922546892427e-05, 7.1992267294263e-06, 5.239001984591596e-05, 1.3990495062898844e-05, 9.055523150891531e-06, 2.008311821555253e-05, 1.2162773600721266e-05, 9.551290531817358e-06, 1.7696743270789739e-06, 1.6078332691904507e-06, 6.040311745891813e-06, 9.697586165202665e-07, 1.2291677649045596e-06, 6.385932920238702e-07, 8.045249728638737e-07, 2.668010097295337e-07, 1.252810477581079e-07, 7.505708055077775e-08, 4.304621370465611e-08, 5.0013106545065966e-08, 6.81791760825945e-08, 7.390507050786255e-08, 3.8316485984069004e-08, 5.097687250099625e-08, 9.575227721825286e-08, 1.1969770241648803e-07], "lowlevel.melbands128.mean": [3.640759314293973e-05, 0.0001968263095477596, 0.011169319041073322, 0.04552248492836952, 0.04019324108958244, 0.016525203362107277, 0.0031425596680492163, 0.0009395749075338244, 0.0007792507531121373, 0.0003169880947098136, 0.0005583938909694552, 0.0006717309588566422, 0.00024647684767842293, 0.0005286512896418571, 0.0017037256620824337, 0.0005723414942622185, 5.535233503906056e-05, 9.82536148512736e-05, 6.130664405645803e-05, 0.00023220613365992904, 0.00039289152482524514, 8.40625143609941e-05, 5.051590414950624e-05, 2.008055344049353e-05, 0.00011476417421363294, 0.00020475941710174084, 3.0204568247427233e-05, 7.812472176738083e-05, 2.3465314370696433e-05, 2.3795804736437276e-05, 1.2087286449968815e-05, 6.199699328135466e-06, 7.663770702492911e-06, 3.249333531130105e-05, 8.68933966557961e-06, 2.117957228620071e-05, 3.040673618670553e-05, 2.0368846890050918e-05, 6.341507742035901e-06, 5.829821930092294e-06, 1.0791441127366852e-05, 1.862521003204165e-06, 2.409173612250015e-05, 5.7305151131004095e-05, 3.2869502319954336e-06, 1.285380403714953e-05, 1.650281592446845e-05, 1.5357829397544265e-05, 5.500835413840832e-06, 2.9588754841824993e-06, 1.927892299136147e-05, 2.5091792849707417e-05, 2.935990778496489e-06, 7.743878995825071e-06, 1.5219089618767612e-05, 6.180459422466811e-06, 1.468576670049515e-06, 1.5888667803665157e-06, 7.827716217434499e-07, 1.72844977441855e-06, 1.0004060868595843e-06, 5.139762606631848e-07, 3.888722858391702e-06, 5.167524705029791e-06, 3.9075172253433266e-07, 7.57665532091778e-07, 5.632492161566915e-07, 4.5609021981363185e-07, 7.882868544584198e-07, 5.220145453677105e-07, 3.2214290968113346e-07, 3.7333936120376165e-07, 8.450058430753415e-07, 2.443255198159022e-07, 1.6321199325375346e-07, 1.0868958355558789e-07, 1.6698476201781887e-07, 1.2123909698402713e-07, 6.295530141642303e-08, 2.1568277830397165e-08, 3.168614171045192e-08, 2.937034260241944e-08, 3.2750872236420037e-08, 1.977271324449248e-08, 1.2008555927423004e-08, 1.672868599200683e-08, 2.9101546061838235e-08, 4.373519502109957e-08, 3.333588693976708e-08, 2.1897685442695547e-08, 3.3649588004891484e-08, 4.09880058782619e-08, 1.352221090655803e-08, 1.0821983309483585e-08, 1.8960117031951995e-08, 1.3864829284671032e-08, 1.5771288275345796e-08, 1.661284976250954e-08, 2.0333761341362333e-08, 2.756161343597796e-08, 3.5920010077461484e-08, 2.3848858887731694e-08, 1.8021280467905854e-08, 9.439576231784486e-09, 6.284150089186369e-09, 4.953891075132333e-09, 1.809472904845677e-09, 2.0051933447007286e-09, 8.043618549002929e-10, 2.043511748706095e-10, 1.2747272681856714e-10, 4.532657235656323e-11, 2.946811544779493e-11, 6.602671187572184e-11, 5.475297992774131e-11, 2.081591669866878e-11, 2.3186549902298736e-11, 9.222644349604625e-12, 8.61491433745698e-12, 8.378889596039052e-12, 8.194002767969444e-12, 8.088844698217468e-12, 7.849040861707124e-12, 7.711716681901848e-12, 7.556530054464439e-12, 7.36316650012947e-12, 7.24842061372577e-12, 7.201856298821863e-12], "lowlevel.melbands128.stdev": [0.00022407351934816688, 0.0004925097455270588, 0.008638529106974602, 0.03307797387242317, 0.021225526928901672, 0.017690472304821014, 0.005444469396024942, 0.0017774823354557157, 0.0015787266893312335, 0.0007403762429021299, 0.0006497702561318874, 0.0006205877871252596, 0.0004178037925157696, 0.0005533913499675691, 0.00164511997718364, 0.0005526352906599641, 5.81070089538116e-05, 0.00011300155892968178, 8.731961133889854e-05, 0.00028659478994086385, 0.000511926191393286, 0.0001351788523606956, 0.00010859222675208002, 3.658498826553114e-05, 0.00011652657849481329, 0.0002068703033728525, 2.8032245609210804e-05, 8.63515815581195e-05, 2.5743411242729053e-05, 3.182595537509769e-05, 1.536750642117113e-05, 1.2068405339960009e-05, 1.099413748306688e-05, 4.645701119443402e-05, 1.3388928891799878e-05, 4.651942799682729e-05, 3.774941433221102e-05, 2.461841722833924e-05, 8.551191058359109e-06, 6.06519006396411e-06, 1.2142705600126646e-05, 3.515014668664662e-06, 4.51703708677087e-05, 0.00011494314821902663, 4.986552994523663e-06, 1.5431085557793267e-05, 1.5827379684196785e-05, 1.6374940969399177e-05, 7.70216229284415e-06, 4.506207460508449e-06, 2.871968172257766e-05, 3.7169374991208315e-05, 3.835886673186906e-06, 1.2271147170395125e-05, 2.6596882889862172e-05, 1.0409989045001566e-05, 2.1141502202226548e-06, 2.653940555319423e-06, 1.5985707477739197e-06, 3.4234224131068913e-06, 1.8997938013853854e-06, 7.526888907705143e-07, 7.057711627567187e-06, 9.209769814333413e-06, 6.610476361856854e-07, 1.3817456192555255e-06, 8.237376505348948e-07, 1.196399466607545e-06, 1.8145107105738134e-06, 7.187969686128781e-07, 4.371248394363647e-07, 5.818370141241758e-07, 2.2884948975843145e-06, 4.172958085746359e-07, 2.549355713199475e-07, 2.5533563530188985e-07, 4.038608381051745e-07, 1.9049940647164476e-07, 9.434398151597634e-08, 5.332925567813618e-08, 7.447735583809845e-08, 9.973739167890017e-08, 7.57027436293356e-08, 3.6971577799249644e-08, 2.659848341579618e-08, 4.042488654931731e-08, 7.156793202511835e-08, 7.883610209091785e-08, 8.067839019076928e-08, 5.9427762266750506e-08, 7.84799425446181e-08, 1.1265007060501375e-07, 2.441448820889036e-08, 2.5381522661405143e-08, 7.030456572465482e-08, 3.824249006356695e-08, 5.851568474213309e-08, 5.3526051146945974e-08, 6.792478757233766e-08, 1.4060836406315502e-07, 1.8440110238771013e-07, 1.0916175341435519e-07, 8.39632150473335e-08, 4.622823368549689e-08, 3.090164213404023e-08, 2.4353855820891113e-08, 8.664400752422807e-09, 1.1091331408863425e-08, 3.5770766348974803e-09, 5.75527348001259e-10, 6.0984828298416e-10, 2.778705876504972e-10, 1.7075912905895052e-10, 4.3503406432776615e-10, 3.480916943576773e-10, 1.208799588203746e-10, 1.586178827173157e-10, 1.6004780833966947e-11, 1.4880438894970816e-11, 1.4475117285361883e-11, 1.4127837788535658e-11, 1.3811852703216054e-11, 1.355976442241058e-11, 1.3331857319498486e-11, 1.31329816813186e-11, 1.298789808340528e-11, 1.2872636984129215e-11, 1.2803772798941626e-11], "lowlevel.mfcc.mean": [-724.958251953125, 225.0967559814453, -5.741639137268066, 41.291133880615234, 29.195240020751953, 11.79179859161377, 3.541677474975586, 4.419577598571777, 7.1588921546936035, 17.37148666381836, -2.1212358474731445, 5.451461315155029, 2.5122952461242676], "lowlevel.spectral_contrast_coeffs.mean": [-0.6107312440872192, -0.6840193867683411, -0.7463098764419556, -0.7550093531608582, -0.784257709980011, -0.7710349559783936], "lowlevel.spectral_contrast_coeffs.stdev": [0.07969644665718079, 0.06212066113948822, 0.05090145021677017, 0.040694043040275574, 0.03234655410051346, 0.05325069651007652], "lowlevel.spectral_contrast_valleys.mean": [-6.415404796600342, -6.95875358581543, -7.907909870147705, -8.296653747558594, -8.8956880569458, -12.694695472717285], "lowlevel.spectral_contrast_valleys.stdev": [0.7442764043807983, 0.6897115707397461, 0.6708952784538269, 0.587613046169281, 0.6352797746658325, 0.7534967660903931], "rhythm.beats_loudness_band_ratio.mean": [0.870148777961731, 0.06139456480741501, 0.04443005472421646, 0.018743401393294334, 0.012182943522930145, 0.0019069728441536427], "rhythm.beats_loudness_band_ratio.stdev": [0.04277500510215759, 0.022348998114466667, 0.01568256877362728, 0.015573344193398952, 0.003936160355806351, 0.000644226442091167], "tonal.hpcp.mean": [0.005418163258582354, 0.019234439358115196, 0.09271788597106934, 0.190668523311615, 0.11604857444763184, 0.0019195993663743138, 0.0009104830678552389, 0.0020966262090951204, 0.016448762267827988, 0.02888261154294014, 0.014427791349589825, 0.00038298152503557503, 0.005573217291384935, 0.012540698982775211, 0.01595473662018776, 0.014024266041815281, 0.005766250193119049, 0.002111069392412901, 0.001861206954345107, 0.0011589223286136985, 0.001548977685160935, 0.0011440046364441514, 0.005334847141057253, 0.3982427418231964, 0.790988028049469, 0.42512521147727966, 0.035295914858579636, 0.016960710287094116, 0.019779758527874947, 0.01891237683594227, 0.020960530266165733, 0.01311143022030592, 0.0007411662372760475, 0.0035808112006634474, 0.014266222715377808, 0.01394533459097147], "tonal.hpcp.stdev": [0.007964231073856354, 0.0921536237001419, 0.20914135873317719, 0.376382976770401, 0.24312743544578552, 0.006365473847836256, 0.0035963673144578934, 0.01465469691902399, 0.04600246623158455, 0.04338173568248749, 0.017277728766202927, 0.0007376773282885551, 0.030083956196904182, 0.06924571841955185, 0.08069641888141632, 0.06782136112451553, 0.028751404955983162, 0.0032992474734783173, 0.002566300332546234, 0.004338804166764021, 0.007060587406158447, 0.0040418002754449844, 0.026336252689361572, 0.2409544438123703, 0.37337449193000793, 0.2494184523820877, 0.16665858030319214, 0.10357534885406494, 0.11487533897161484, 0.08154847472906113, 0.08147082477807999, 0.05555073916912079, 0.0014712611446157098, 0.026065096259117126, 0.11357386410236359, 0.08969540148973465], "rhythm.beats_position": [0.650158703327179, 1.2538775205612183, 1.8575963973999023, 2.4845352172851562], "rhythm.bpm_histogram": [0.0, 0.0, 0.0, 0.0, 0.0, 0.0, 0.0, 0.0, 0.0, 0.0, 0.0, 0.0, 0.0, 0.0, 0.0, 0.0, 0.0, 0.0, 0.0, 0.0, 0.0, 0.0, 0.0, 0.0, 0.0, 0.0, 0.0, 0.0, 0.0, 0.0, 0.0, 0.0, 0.0, 0.0, 0.0, 0.0, 0.0, 0.0, 0.0, 0.0, 0.0, 0.0, 0.0, 0.0, 0.0, 0.0, 0.0, 0.0, 0.0, 0.0, 0.0, 0.0, 0.0, 0.0, 0.0, 0.0, 0.0, 0.0, 0.0, 0.0, 0.0, 0.0, 0.0, 0.0, 0.0, 0.0, 0.0, 0.0, 0.0, 0.0, 0.0, 0.0, 0.0, 0.0, 0.0, 0.0, 0.0, 0.0, 0.0, 0.0, 0.0, 0.0, 0.0, 0.0, 0.0, 0.0, 0.0, 0.0, 0.0, 0.0, 0.0, 0.0, 0.0, 0.0, 0.0, 0.0, 0.3333333432674408, 0.0, 0.0, 0.6666666865348816, 0.0, 0.0, 0.0, 0.0, 0.0, 0.0, 0.0, 0.0, 0.0, 0.0, 0.0, 0.0, 0.0, 0.0, 0.0, 0.0, 0.0, 0.0, 0.0, 0.0, 0.0, 0.0, 0.0, 0.0, 0.0, 0.0, 0.0, 0.0, 0.0, 0.0, 0.0, 0.0, 0.0, 0.0, 0.0, 0.0, 0.0, 0.0, 0.0, 0.0, 0.0, 0.0, 0.0, 0.0, 0.0, 0.0, 0.0, 0.0, 0.0, 0.0, 0.0, 0.0, 0.0, 0.0, 0.0, 0.0, 0.0, 0.0, 0.0, 0.0, 0.0, 0.0, 0.0, 0.0, 0.0, 0.0, 0.0, 0.0, 0.0, 0.0, 0.0, 0.0, 0.0, 0.0, 0.0, 0.0, 0.0, 0.0, 0.0, 0.0, 0.0, 0.0, 0.0, 0.0, 0.0, 0.0, 0.0, 0.0, 0.0, 0.0, 0.0, 0.0, 0.0, 0.0, 0.0, 0.0, 0.0, 0.0, 0.0, 0.0, 0.0, 0.0, 0.0, 0.0, 0.0, 0.0, 0.0, 0.0, 0.0, 0.0, 0.0, 0.0, 0.0, 0.0, 0.0, 0.0, 0.0, 0.0, 0.0, 0.0, 0.0, 0.0, 0.0, 0.0, 0.0, 0.0, 0.0, 0.0, 0.0, 0.0, 0.0, 0.0, 0.0, 0.0, 0.0, 0.0, 0.0, 0.0, 0.0, 0.0, 0.0, 0.0, 0.0, 0.0, 0.0, 0.0, 0.0, 0.0, 0.0, 0.0], "tonal.chords_histogram": [0.0, 0.0, 0.0, 0.0, 0.0, 0.0, 0.0, 23.880596160888672, 0.0, 76.11940002441406, 0.0, 0.0, 0.0, 0.0, 0.0, 0.0, 0.0, 0.0, 0.0, 0.0, 0.0, 0.0, 0.0, 0.0], "tonal.thpcp": [1.0, 0.53746098279953, 0.04462256655097008, 0.021442435681819916, 0.02500639483332634, 0.023909814655780792, 0.026499174535274506, 0.016576016321778297, 0.0009370132465846837, 0.00452701048925519, 0.018035952001810074, 0.01763027347624302, 0.006849867757409811, 0.024316979572176933, 0.11721780896186829, 0.2410510927438736, 0.14671343564987183, 0.0024268373381346464, 0.001151070580817759, 0.00265064206905663, 0.02079520933330059, 0.03651459887623787, 0.01824021525681019, 0.0004841811896767467, 0.0070458934642374516, 0.015854474157094955, 0.02017064206302166, 0.01773006096482277, 0.007289933506399393, 0.002668901812285185, 0.0023530153557658195, 0.001465157838538289, 0.001958282198756933, 0.001446298323571682, 0.006744536105543375, 0.5034750699996948], "lowlevel.gfcc.cov": [[3525.715087890625, 663.23095703125, -332.7183837890625, 212.17515563964844, -159.19998168945312, -178.95449829101562, 103.03235626220703, -66.39559936523438, 52.016475677490234, -212.3079833984375, 67.72843170166016, -167.83322143554688, 15.852431297302246], [663.23095703125, 638.7847290039062, 95.10609436035156, -19.202964782714844, 282.9324645996094, -110.26239013671875, 191.62429809570312, -52.576236724853516, 188.20730590820312, -28.408435821533203, 61.93952941894531, -54.35249328613281, 44.10993194580078], [-332.7183837890625, 95.10609436035156, 329.4930725097656, -133.71881103515625, 143.03099060058594, 51.92117691040039, -56.49537658691406, 24.82250213623047, -11.547309875488281, 6.518599510192871, -10.645685195922852, -12.90695858001709, 28.416500091552734], [212.17515563964844, -19.202964782714844, -133.71881103515625, 96.6707534790039, -52.30883026123047, -37.834228515625, 53.90446472167969, -11.962916374206543, 41.230125427246094, 4.948055744171143, -7.754195213317871, 10.600090980529785, -15.181374549865723], [-159.19998168945312, 282.9324645996094, 143.03099060058594, -52.30883026123047, 283.0164489746094, -26.53025245666504, 129.59820556640625, 1.9539724588394165, 156.13047790527344, 40.15494155883789, 3.49446702003479, -9.834120750427246, 22.226350784301758], [-178.95449829101562, -110.26239013671875, 51.92117691040039, -37.834228515625, -26.53025245666504, 79.3951187133789, -82.70824432373047, 4.419622421264648, -55.188846588134766, 0.8635099530220032, -3.7213099002838135, 5.727798938751221, 0.6335838437080383], [103.03235626220703, 191.62429809570312, -56.49537658691406, 53.90446472167969, 129.59820556640625, -82.70824432373047, 210.5764923095703, 2.959312915802002, 161.68399047851562, 36.98820114135742, -8.715107917785645, -3.122819423675537, 0.1334345042705536], [-66.39559936523438, -52.576236724853516, 24.82250213623047, -11.962916374206543, 1.9539724588394165, 4.419622421264648, 2.959312915802002, 39.484493255615234, 8.780045509338379, 19.056428909301758, -14.278099060058594, 2.234415292739868, 3.5055599212646484], [52.016475677490234, 188.20730590820312, -11.547309875488281, 41.230125427246094, 156.13047790527344, -55.188846588134766, 161.68399047851562, 8.780045509338379, 200.56951904296875, 65.46495819091797, -7.706414222717285, 1.672275185585022, 5.213338851928711], [-212.3079833984375, -28.408435821533203, 6.518599510192871, 4.948055744171143, 40.15494155883789, 0.8635099530220032, 36.98820114135742, 19.056428909301758, 65.46495819091797, 85.90995025634766, -10.428243637084961, 28.67401695251465, 5.51563835144043], [67.72843170166016, 61.93952941894531, -10.645685195922852, -7.754195213317871, 3.49446702003479, -3.7213099002838135, -8.715107917785645, -14.278099060058594, -7.706414222717285, -10.428243637084961, 37.20289611816406, 2.0910868644714355, 9.99655818939209], [-167.83322143554688, -54.35249328613281, -12.90695858001709, 10.600090980529785, -9.834120750427246, 5.727798938751221, -3.122819423675537, 2.234415292739868, 1.672275185585022, 28.67401695251465, 2.0910868644714355, 43.80669403076172, 3.761624813079834], [15.852431297302246, 44.10993194580078, 28.416500091552734, -15.181374549865723, 22.226350784301758, 0.6335838437080383, 0.1334345042705536, 3.5055599212646484, 5.213338851928711, 5.51563835144043, 9.99655818939209, 3.761624813079834, 23.014108657836914]], "lowlevel.gfcc.icov": [[0.0014065890572965145, -0.005016470793634653, 0.0016699845436960459, -0.0037141090724617243, 0.002302955137565732, -0.002386018866673112, 0.002046971581876278, -0.005771923344582319, 0.0014595305547118187, -3.9492737414548174e-05, 0.0032818231265991926, 0.0015662283403798938, 0.0008401098311878741], [-0.005016470793634653, 0.031891122460365295, -0.010662777349352837, 0.012942955829203129, -0.012563520111143589, 0.01849745772778988, -0.010589418932795525, 0.035370416939258575, -0.012758860364556313, 0.006466988008469343, -0.026578495278954506, 0.0053161862306296825, -0.017650794237852097], [0.0016699845436960459, -0.010662777349352837, 0.013879721984267235, 0.005730463191866875, -0.0002926913439296186, -0.005709308665245771, 0.007685385644435883, -0.012637902982532978, 0.0029823167715221643, -0.00039841161924414337, 0.0167183056473732, -0.002983436454087496, 0.0008947198512032628], [-0.0037141090724617243, 0.012942955829203129, 0.005730463191866875, 0.05735873803496361, 0.007940377108752728, 0.011942374520003796, -0.007272397633641958, 0.02812647446990013, -0.023388609290122986, 0.008967864327132702, 0.007228521164506674, -0.017340080812573433, -0.000883606553543359], [0.002302955137565732, -0.012563520111143589, -0.0002926913439296186, 0.007940377108752728, 0.023560339584946632, -0.008203640580177307, -0.0023720895405858755, -0.0055722459219396114, -0.00911906361579895, 0.0016318251146003604, 0.010197135619819164, -0.0038721486926078796, 0.004305570386350155], [-0.002386018866673112, 0.01849745772778988, -0.005709308665245771, 0.011942374520003796, -0.008203640580177307, 0.03692076355218887, 0.00489129638299346, 0.021807672455906868, -0.008543291129171848, 0.0015090497909113765, -0.010529016144573689, 0.0024682297371327877, -0.009582309052348137], [0.002046971581876278, -0.010589418932795525, 0.007685385644435883, -0.007272397633641958, -0.0023720895405858755, 0.00489129638299346, 0.024845784530043602, -0.014360935427248478, -0.004424368496984243, -4.2064213630510494e-05, 0.013645187020301819, -0.0007393806590698659, 0.004005287308245897], [-0.005771923344582319, 0.035370416939258575, -0.012637902982532978, 0.02812647446990013, -0.0055722459219396114, 0.021807672455906868, -0.014360935427248478, 0.07931375503540039, -0.020142124965786934, 0.001772401388734579, -0.012782751582562923, 0.004689912777394056, -0.02795153670012951], [0.0014595305547118187, -0.012758860364556313, 0.0029823167715221643, -0.023388609290122986, -0.00911906361579895, -0.008543291129171848, -0.004424368496984243, -0.020142124965786934, 0.03677230328321457, -0.018700970336794853, 0.005331835243850946, 0.005861022509634495, 0.009351987391710281], [-3.9492737414548174e-05, 0.006466988008469343, -0.00039841161924414337, 0.008967864327132702, 0.0016318251146003604, 0.0015090497909113765, -4.2064213630510494e-05, 0.001772401388734579, -0.018700970336794853, 0.03127451613545418, -0.0002616403508000076, -0.013326965272426605, -0.008814485743641853], [0.0032818231265991926, -0.026578495278954506, 0.0167183056473732, 0.007228521164506674, 0.010197135619819164, -0.010529016144573689, 0.013645187020301819, -0.012782751582562923, 0.005331835243850946, -0.0002616403508000076, 0.07075875252485275, -0.014975522644817829, -0.004316287115216255], [0.0015662283403798938, 0.0053161862306296825, -0.002983436454087496, -0.017340080812573433, -0.0038721486926078796, 0.0024682297371327877, -0.0007393806590698659, 0.004689912777394056, 0.005861022509634495, -0.013326965272426605, -0.014975522644817829, 0.04780266806483269, -0.01550334133207798], [0.0008401098311878741, -0.017650794237852097, 0.0008947198512032628, -0.000883606553543359, 0.004305570386350155, -0.009582309052348137, 0.004005287308245897, -0.02795153670012951, 0.009351987391710281, -0.008814485743641853, -0.004316287115216255, -0.01550334133207798, 0.07975855469703674]], "lowlevel.mfcc.cov": [[4005.925537109375, 220.11441040039062, -190.37692260742188, 240.03372192382812, -273.0543212890625, -106.58740997314453, -54.1279182434082, 62.022579193115234, -93.10893249511719, 9.85628890991211, -103.15432739257812, 75.50093078613281, -61.93570327758789], [220.11441040039062, 746.0991821289062, -29.44328498840332, 146.0989990234375, 153.98573303222656, 94.57670593261719, 19.69795036315918, 42.297550201416016, 121.47824096679688, 98.91398620605469, 42.9837646484375, 32.272647857666016, 15.34423828125], [-190.37692260742188, -29.44328498840332, 192.2464141845703, -139.3596954345703, 94.66398620605469, -57.24399185180664, 37.16228485107422, -47.65656661987305, -34.8140983581543, -70.00079345703125, -23.013137817382812, -31.526233673095703, -22.696332931518555], [240.03372192382812, 146.0989990234375, -139.3596954345703, 209.38059997558594, -89.12905883789062, 65.48920440673828, -55.52285385131836, 60.97166442871094, 81.3894271850586, 100.27400970458984, 34.766178131103516, 40.84761428833008, 45.90719223022461], [-273.0543212890625, 153.98573303222656, 94.66398620605469, -89.12905883789062, 171.0895538330078, 4.241617679595947, 32.42243576049805, -24.37444496154785, 13.193327903747559, -26.87733268737793, 4.416171550750732, -14.484930038452148, -14.238762855529785], [-106.58740997314453, 94.57670593261719, -57.24399185180664, 65.48920440673828, 4.241617679595947, 93.2415771484375, -30.38846778869629, 28.428173065185547, 44.868019104003906, 58.65818786621094, 38.200191497802734, 4.247520446777344, 27.538564682006836], [-54.1279182434082, 19.69795036315918, 37.16228485107422, -55.52285385131836, 32.42243576049805, -30.38846778869629, 58.59164047241211, -15.2980375289917, -17.17896842956543, -44.77976989746094, -20.63646125793457, -7.826894760131836, -24.52291488647461], [62.022579193115234, 42.297550201416016, -47.65656661987305, 60.97166442871094, -24.37444496154785, 28.428173065185547, -15.2980375289917, 48.81504440307617, 33.81704330444336, 33.112274169921875, 7.932170867919922, 19.89596176147461, 18.65717124938965], [-93.10893249511719, 121.47824096679688, -34.8140983581543, 81.3894271850586, 13.193327903747559, 44.868019104003906, -17.17896842956543, 33.81704330444336, 111.873779296875, 71.6904067993164, 33.5471076965332, 23.38722038269043, 32.766929626464844], [9.85628890991211, 98.91398620605469, -70.00079345703125, 100.27400970458984, -26.87733268737793, 58.65818786621094, -44.77976989746094, 33.112274169921875, 71.6904067993164, 107.96957397460938, 39.966346740722656, 17.39704132080078, 43.055641174316406], [-103.15432739257812, 42.9837646484375, -23.013137817382812, 34.766178131103516, 4.416171550750732, 38.200191497802734, -20.63646125793457, 7.932170867919922, 33.5471076965332, 39.966346740722656, 52.64704513549805, 2.1339616775512695, 9.82370662689209], [75.50093078613281, 32.272647857666016, -31.526233673095703, 40.84761428833008, -14.484930038452148, 4.247520446777344, -7.826894760131836, 19.89596176147461, 23.38722038269043, 17.39704132080078, 2.1339616775512695, 31.897624969482422, 5.71127462387085], [-61.93570327758789, 15.34423828125, -22.696332931518555, 45.90719223022461, -14.238762855529785, 27.538564682006836, -24.52291488647461, 18.65717124938965, 32.766929626464844, 43.055641174316406, 9.82370662689209, 5.71127462387085, 58.05324935913086]], "lowlevel.mfcc.icov": [[0.0004144789418205619, -0.0005274695577099919, 0.00015011351206339896, 8.578179404139519e-05, 0.0008476012735627592, 0.000762730254791677, 0.0010323419701308012, -0.00030711505678482354, 0.00033805432030931115, 8.416490163654089e-05, 0.0006928984657861292, -0.00012739011435769498, 0.0005953821819275618], [-0.0005274695577099919, 0.005625441670417786, -0.0020941176917403936, -0.008762165904045105, -0.008516096509993076, -0.0026361974887549877, -0.008057871833443642, 0.0005821984959766269, 0.0024348613806068897, -0.005051087122410536, 0.0005649473750963807, -0.0005683767376467586, 0.001963631948456168], [0.00015011351206339896, -0.0020941176917403936, 0.014543836005032063, 0.008750713430345058, -0.0010979280341416597, 0.00669541722163558, 0.006073526572436094, 0.0012299568625167012, -0.0048436010256409645, 0.005344459321349859, -0.0005345260142348707, 0.005560458637773991, -0.0034817452542483807], [8.578179404139519e-05, -0.008762165904045105, 0.008750713430345058, 0.03363055735826492, 0.01796092465519905, 0.001146383467130363, 0.016045313328504562, -0.004112566355615854, -0.011219806969165802, 0.005630727857351303, -0.0023404948879033327, -0.004905098117887974, -0.005769266281276941], [0.0008476012735627592, -0.008516096509993076, -0.0010979280341416597, 0.01796092465519905, 0.025032443925738335, -0.0023504027631133795, 0.009018038399517536, 0.001661935355514288, -0.008434607647359371, 0.008324921131134033, -0.0013268600450828671, -0.002548960270360112, -0.0018853646470233798], [0.000762730254791677, -0.0026361974887549877, 0.00669541722163558, 0.001146383467130363, -0.0023504027631133795, 0.02788611501455307, 0.008002507500350475, -0.009571768343448639, -0.00017710909014567733, -0.0013006594963371754, -0.008482798933982849, 0.011057257652282715, -0.002714285161346197], [0.0010323419701308012, -0.008057871833443642, 0.006073526572436094, 0.016045313328504562, 0.009018038399517536, 0.008002507500350475, 0.04384181648492813, -0.002348592272028327, -0.011092478409409523, 0.0163973867893219, 0.005447540897876024, 0.0046460614539682865, 0.0033283920492976904], [-0.00030711505678482354, 0.0005821984959766269, 0.0012299568625167012, -0.004112566355615854, 0.001661935355514288, -0.009571768343448639, -0.002348592272028327, 0.04148777574300766, -0.005053115077316761, 0.0011472867336124182, 0.005420634523034096, -0.014439806342124939, -0.003621299983933568], [0.00033805432030931115, 0.0024348613806068897, -0.0048436010256409645, -0.011219806969165802, -0.008434607647359371, -0.00017710909014567733, -0.011092478409409523, -0.005053115077316761, 0.026709428057074547, -0.014314627274870872, -0.004366095643490553, -0.008319232612848282, -0.0012523937039077282], [8.416490163654089e-05, -0.005051087122410536, 0.005344459321349859, 0.005630727857351303, 0.008324921131134033, -0.0013006594963371754, 0.0163973867893219, 0.0011472867336124182, -0.014314627274870872, 0.037602655589580536, -0.008182946592569351, 0.0026417698245495558, -0.010405497625470161], [0.0006928984657861292, 0.0005649473750963807, -0.0005345260142348707, -0.0023404948879033327, -0.0013268600450828671, -0.008482798933982849, 0.005447540897876024, 0.005420634523034096, -0.004366095643490553, -0.008182946592569351, 0.03606326878070831, 0.0024372355546802282, 0.008680276572704315], [-0.00012739011435769498, -0.0005683767376467586, 0.005560458637773991, -0.004905098117887974, -0.002548960270360112, 0.011057257652282715, 0.0046460614539682865, -0.014439806342124939, -0.008319232612848282, 0.0026417698245495558, 0.0024372355546802282, 0.05535813421010971, 0.003677707863971591], [0.0005953821819275618, 0.001963631948456168, -0.0034817452542483807, -0.005769266281276941, -0.0018853646470233798, -0.002714285161346197, 0.0033283920492976904, -0.003621299983933568, -0.0012523937039077282, -0.010405497625470161, 0.008680276572704315, 0.003677707863971591, 0.030531208962202072]], "metadata.audio_properties.analysis.downmix": "mix", "metadata.audio_properties.codec": "mp3", "metadata.audio_properties.md5_encoded": "97a685f1d32d8a7d4dc1156d64aeb386", "metadata.tags.file_name": "1183657115097767936.mp3", "metadata.version.essentia": "2.1-beta6-dev", "metadata.version.essentia_git_sha": "v2.1_beta5-1110-g77a6a954", "metadata.version.extractor": "music 2.0", "tonal.chords_key": "F", "tonal.chords_scale": "major", "tonal.key_edma.key": "Bb", "tonal.key_edma.scale": "minor", "tonal.key_krumhansl.key": "Bb", "tonal.key_krumhansl.scale": "minor", "tonal.key_temperley.key": "Bb", "tonal.key_temperley.scale": "minor", "metadata.tags.encoding": ["Lavf58.45.100"]}, "essentia_models": [{"model_name": "genre_dortmund", "activations": {"alternative": "0.6668602", "blues": "0.009610855", "electronic": "0.029951194", "folkcountry": "0.061570678", "funksoulrnb": "0.005475407", "jazz": "0.028687293", "pop": "0.06667994", "raphiphop": "0.013753053", "rock": "0.16259536"}}, {"model_name": "genre_rosamerica", "activations": {"classic": "0.23834144", "dance": "0.01316908", "hip hop": "0.02600537", "jazz": "0.08571339", "pop": "0.09368191", "rhythm and blues": "0.071789056", "rock": "0.71851873", "speech": "0.01048683"}}, {"model_name": "genre_tzanetakis", "activations": {"blues": "0.13666375", "classic": "0.06761073", "country": "0.04083757", "disco": "0.00418252", "hip hop": "0.0061488207", "jazz": "0.035813045", "metal": "0.121295854", "pop": "0.02306814", "reggae": "0.0016441606", "rock": "0.16572395"}}, {"model_name": "genre_electronic", "activations": {"ambient": "0.5707478", "dnb": "0.5335182", "house": "0.057042636", "techno": "0.22979768", "trance": "0.005996728"}}, {"model_name": "mood_acoustic", "activations": {"acoustic": "0.7785936", "not acoustic": "0.2020694"}}, {"model_name": "mood_electronic", "activations": {"electronic": "0.31976405", "not electronic": "0.7427309"}}, {"model_name": "mood_aggressive", "activations": {"aggressive": "0.033105984", "not aggressive": "0.9959507"}}, {"model_name": "mood_rel