{"song_id": "1183700598999228426", "download": "https://cdn.discordapp.com/attachments/1135903449314238464/1183700598999228426/chirp.mp4?ex=65894a16&amp", "lyrics": "(Verse 1)\nI am Ismail Haniyeh, living in luxury,\nIn my Qatar villa, that's the life for me.\nWhile Gaza's kids hungry, and their futures fade,\nI'm dining on caviar, in my golden parade.\n\n(Chorus)\nHaniyeh, Haniyeh, let me make it clear,\nI live without guilt, have no reason to fear.\nAs Gaza's young ones starve and cry,\nI'm in opulence, under the desert sky.\n\n(Verse 2)\nI count my riches, while they count their tears,\nIn their darkest hours, I feed on their fears.\nI say I'm a leader, a guiding star,\nBut in reality, I've strayed very far.\n\n[Verse]\nIn the streets of hip hop, we ignite the fire\nRhymes and beats, fueling our desire\nWe bring the rhythm, with the Middle Eastern groove\nUnleashing magic, making heads move\n\n[Chorus]\nHip hop meets the East, a symphony of sound\nWe break barriers, watch our spirits unbound\nMiddle Eastern vibes, merging with rap's grace\nTogether we rise, breaking boundaries we embrace", "style": ["random"], "essentia_features": {"lowlevel.average_loudness": 0.6096596121788025, "lowlevel.barkbands_crest.mean": 11.81837272644043, "lowlevel.barkbands_crest.stdev": 4.585906505584717, "lowlevel.barkbands_flatness_db.mean": 0.24989011883735657, "lowlevel.barkbands_flatness_db.stdev": 0.12169791758060455, "lowlevel.barkbands_kurtosis.mean": 26.21234703063965, "lowlevel.barkbands_kurtosis.stdev": 70.24565887451172, "lowlevel.barkbands_skewness.mean": 2.7223165035247803, "lowlevel.barkbands_skewness.stdev": 3.0779054164886475, "lowlevel.barkbands_spread.mean": 12.100788116455078, "lowlevel.barkbands_spread.stdev": 13.15708065032959, "lowlevel.dissonance.mean": 0.4544445872306824, "lowlevel.dissonance.stdev": 0.033948883414268494, "lowlevel.dynamic_complexity": 8.791443824768066, "lowlevel.erbbands_crest.mean": 9.988197326660156, "lowlevel.erbbands_crest.stdev": 4.7026262283325195, "lowlevel.erbbands_flatness_db.mean": 0.2090231329202652, "lowlevel.erbbands_flatness_db.stdev": 0.0780767872929573, "lowlevel.erbbands_kurtosis.mean": 1.9413117170333862, "lowlevel.erbbands_kurtosis.stdev": 6.679343223571777, "lowlevel.erbbands_skewness.mean": 0.25807568430900574, "lowlevel.erbbands_skewness.stdev": 1.2624346017837524, "lowlevel.erbbands_spread.mean": 31.100069046020508, "lowlevel.erbbands_spread.stdev": 23.57572364807129, "lowlevel.hfc.mean": 13.357762336730957, "lowlevel.hfc.stdev": 21.40291404724121, "lowlevel.loudness_ebu128.integrated": -16.044401168823242, "lowlevel.loudness_ebu128.loudness_range": 14.660751342773438, "lowlevel.loudness_ebu128.momentary.mean": -22.120092391967773, "lowlevel.loudness_ebu128.momentary.stdev": 11.928274154663086, "lowlevel.loudness_ebu128.short_term.mean": -20.081329345703125, "lowlevel.loudness_ebu128.short_term.stdev": 6.103465557098389, "lowlevel.melbands_crest.mean": 19.43213653564453, "lowlevel.melbands_crest.stdev": 9.573847770690918, "lowlevel.melbands_flatness_db.mean": 0.3282875716686249, "lowlevel.melbands_flatness_db.stdev": 0.15435075759887695, "lowlevel.melbands_kurtosis.mean": 93.76512145996094, "lowlevel.melbands_kurtosis.stdev": 303.7633056640625, "lowlevel.melbands_skewness.mean": 4.599590301513672, "lowlevel.melbands_skewness.stdev": 5.998763084411621, "lowlevel.melbands_spread.mean": 14.571500778198242, "lowlevel.melbands_spread.stdev": 20.51367950439453, "lowlevel.pitch_salience.mean": 0.44098925590515137, "lowlevel.pitch_salience.stdev": 0.19032594561576843, "lowlevel.silence_rate_20dB.mean": 0.9988412261009216, "lowlevel.silence_rate_20dB.stdev": 0.03402091562747955, "lowlevel.silence_rate_30dB.mean": 0.9391657114028931, "lowlevel.silence_rate_30dB.stdev": 0.23902565240859985, "lowlevel.silence_rate_60dB.mean": 0.21147161722183228, "lowlevel.silence_rate_60dB.stdev": 0.4083476662635803, "lowlevel.spectral_centroid.mean": 946.6534423828125, "lowlevel.spectral_centroid.stdev": 1026.1282958984375, "lowlevel.spectral_complexity.mean": 11.566048622131348, "lowlevel.spectral_complexity.stdev": 8.956686019897461, "lowlevel.spectral_decrease.mean": -1.0696917129848771e-08, "lowlevel.spectral_decrease.stdev": 1.0909807279801953e-08, "lowlevel.spectral_energy.mean": 0.04158420115709305, "lowlevel.spectral_energy.stdev": 0.04227660968899727, "lowlevel.spectral_energyband_high.mean": 0.0002874790516216308, "lowlevel.spectral_energyband_high.stdev": 0.0018231122521683574, "lowlevel.spectral_energyband_low.mean": 0.026503579691052437, "lowlevel.spectral_energyband_low.stdev": 0.0322614461183548, "lowlevel.spectral_energyband_middle_high.mean": 0.003248855471611023, "lowlevel.spectral_energyband_middle_high.stdev": 0.004381959792226553, "lowlevel.spectral_energyband_middle_low.mean": 0.01342258881777525, "lowlevel.spectral_energyband_middle_low.stdev": 0.017578845843672752, "lowlevel.spectral_entropy.mean": 7.090314865112305, "lowlevel.spectral_entropy.stdev": 0.6742317080497742, "lowlevel.spectral_flux.mean": 0.05300129950046539, "lowlevel.spectral_flux.stdev": 0.05318806692957878, "lowlevel.spectral_kurtosis.mean": 18.845264434814453, "lowlevel.spectral_kurtosis.stdev": 37.35700607299805, "lowlevel.spectral_rms.mean": 0.005405100993812084, "lowlevel.spectral_rms.stdev": 0.003369694110006094, "lowlevel.spectral_rolloff.mean": 1008.1332397460938, "lowlevel.spectral_rolloff.stdev": 2230.37548828125, "lowlevel.spectral_skewness.mean": 2.490996837615967, "lowlevel.spectral_skewness.stdev": 1.8041294813156128, "lowlevel.spectral_spread.mean": 3539596.5, "lowlevel.spectral_spread.stdev": 3412382.5, "lowlevel.spectral_strongpeak.mean": 0.526038408279419, "lowlevel.spectral_strongpeak.stdev": 0.8176547884941101, "lowlevel.zerocrossingrate.mean": 0.040750548243522644, "lowlevel.zerocrossingrate.stdev": 0.0784134566783905, "metadata.audio_properties.analysis.equal_loudness": 0.0, "metadata.audio_properties.analysis.length": 40.04265213012695, "metadata.audio_properties.analysis.sample_rate": 44100.0, "metadata.audio_properties.analysis.start_time": 0.0, "metadata.audio_properties.bit_rate": 109600.0, "metadata.audio_properties.length": 40.042667388916016, "metadata.audio_properties.lossless": 0.0, "metadata.audio_properties.number_channels": 1.0, "metadata.audio_properties.replay_gain": -9.712648391723633, "metadata.audio_properties.sample_rate": 48000.0, "rhythm.beats_count": 59.0, "rhythm.beats_loudness.mean": 0.06457484513521194, "rhythm.beats_loudness.stdev": 0.0712774395942688, "rhythm.bpm": 81.80119323730469, "rhythm.bpm_histogram_first_peak_bpm": 82.0, "rhythm.bpm_histogram_first_peak_weight": 0.057142794132232666, "rhythm.bpm_histogram_second_peak_bpm": 103.0, "rhythm.bpm_histogram_second_peak_spread": 0.375, "rhythm.bpm_histogram_second_peak_weight": 0.08620689809322357, "rhythm.danceability": 0.9493867754936218, "rhythm.onset_rate": 2.09714674949646, "tonal.chords_changes_rate": 0.05092592537403107, "tonal.chords_number_rate": 0.012731481343507767, "tonal.chords_strength.mean": 0.5022820830345154, "tonal.chords_strength.stdev": 0.08463028073310852, "tonal.hpcp_crest.mean": 15.141847610473633, "tonal.hpcp_crest.stdev": 8.212173461914062, "tonal.hpcp_entropy.mean": 1.8550806045532227, "tonal.hpcp_entropy.stdev": 0.9480026960372925, "tonal.key_edma.strength": 0.6892876625061035, "tonal.key_krumhansl.strength": 0.6863619685173035, "tonal.key_temperley.strength": 0.6799547076225281, "tonal.tuning_diatonic_strength": 0.4496017098426819, "tonal.tuning_equal_tempered_deviation": 0.19399000704288483, "tonal.tuning_frequency": 434.193115234375, "tonal.tuning_nontempered_energy_ratio": 0.9563198089599609, "lowlevel.barkbands.mean": [0.00256370659917593, 0.014944508671760559, 0.007392590865492821, 0.003048886777833104, 0.0028025039937347174, 0.003225147258490324, 0.0012542040785774589, 0.00047106403508223593, 0.00199906132183969, 0.0008838829235173762, 0.0002819158253259957, 0.0005465076537802815, 0.000506347045302391, 0.000529755256138742, 0.0003113783895969391, 0.0002650794049259275, 9.27596483961679e-05, 7.07608851371333e-05, 6.608893454540521e-05, 7.232168718473986e-05, 7.97177926870063e-05, 5.6659348047105595e-05, 4.83357762277592e-05, 3.851162546197884e-05, 2.238056003989186e-05, 9.670445251686033e-06, 5.054982352703519e-07], "lowlevel.barkbands.stdev": [0.0062851859256625175, 0.022272922098636627, 0.011314149014651775, 0.005728116258978844, 0.00675234803929925, 0.006631184834986925, 0.0032665070611983538, 0.0019149630097672343, 0.004501262679696083, 0.0022100743371993303, 0.0005174638936296105, 0.0009036267874762416, 0.001199901569634676, 0.001207724679261446, 0.0005027531879022717, 0.000808047188911587, 0.00021887179173063487, 0.0001422634959453717, 0.00017857136845123023, 0.00036081243888475, 0.00038978297379799187, 0.0003465584886725992, 0.00035536737414076924, 0.00033853380591608584, 0.0002294128353241831, 9.076001879293472e-05, 7.42547581467079e-06], "lowlevel.erbbands.mean": [0.666735053062439, 2.503976583480835, 7.519824981689453, 10.364837646484375, 9.489161491394043, 9.883234977722168, 7.496724605560303, 34.592952728271484, 23.500104904174805, 18.7437744140625, 11.486194610595703, 30.934406280517578, 60.790706634521484, 14.331233024597168, 16.212949752807617, 19.868087768554688, 23.241764068603516, 33.71763229370117, 13.62601375579834, 13.151430130004883, 18.027795791625977, 5.537445545196533, 3.4515583515167236, 3.990867853164673, 3.6633617877960205, 3.2652525901794434, 2.948261022567749, 2.8928682804107666, 2.12994384765625, 1.7961478233337402, 1.2974520921707153, 0.9757428169250488, 0.5386670231819153, 0.2903708517551422, 0.1297624558210373, 0.05086027830839157, 0.01521421317011118, 0.0027401407714933157, 8.37827828945592e-05, 4.8592064558761194e-05], "lowlevel.erbbands.stdev": [1.1155242919921875, 3.8567349910736084, 11.837393760681152, 13.734079360961914, 27.012296676635742, 25.918127059936523, 12.317880630493164, 77.01065063476562, 42.327789306640625, 79.45526885986328, 39.49461364746094, 68.32115173339844, 119.66397094726562, 22.431991577148438, 23.585216522216797, 28.151113510131836, 53.299442291259766, 79.99529266357422, 21.988100051879883, 23.00997543334961, 54.16909408569336, 11.29370403289795, 6.416207790374756, 9.292719841003418, 12.615178108215332, 16.553396224975586, 16.589197158813477, 13.44982624053955, 12.625027656555176, 13.145743370056152, 9.585185050964355, 8.502542495727539, 4.820518970489502, 2.821470260620117, 1.3814517259597778, 0.5033286213874817, 0.1375131756067276, 0.030462952330708504, 0.0007186683942563832, 5.639739538310096e-05], "lowlevel.gfcc.mean": [-137.6426544189453, 144.3623504638672, -115.84947204589844, 27.816055297851562, -37.75949478149414, 30.482437133789062, -18.107383728027344, -0.426381915807724, -6.654300689697266, -0.2448541671037674, -0.9028184413909912, -6.267159938812256, 0.5154843926429749], "lowlevel.melbands.mean": [0.004991394001990557, 0.003570315195247531, 0.0017751383129507303, 0.0006603881483897567, 0.0002937559620477259, 0.0007227977039292455, 0.0003638015186879784, 0.00017536852101329714, 8.765715028857812e-05, 0.00025262898998335004, 0.0003041221643798053, 5.1011680625379086e-05, 4.9604306695982814e-05, 6.729159213136882e-05, 4.2707099055405706e-05, 6.087234942242503e-05, 5.875762508367188e-05, 1.886138488771394e-05, 2.0399029381223954e-05, 1.4301095689006615e-05, 2.159930591005832e-05, 5.525880169443553e-06, 2.659137180671678e-06, 3.880191798089072e-06, 3.0959572541178204e-06, 2.409467469988158e-06, 2.8065549031452974e-06, 2.0071804556209827e-06, 1.6069213870650856e-06, 2.1455057321873028e-06, 1.5647669897589367e-06, 1.2239029274496716e-06, 1.0370134759796201e-06, 9.82248366199201e-07, 7.553816772087885e-07, 6.711223363708996e-07, 5.666061611009354e-07, 4.087825686838187e-07, 2.875232212318224e-07, 2.2289034973255184e-07], "lowlevel.melbands.stdev": [0.007786112371832132, 0.005137221422046423, 0.0026730364188551903, 0.001625414122827351, 0.0005914264474995434, 0.0015488628996536136, 0.0006573068676516414, 0.0007636449299752712, 0.0003044480399694294, 0.0005582161247730255, 0.0005999880377203226, 9.142071940004826e-05, 7.895427552284673e-05, 0.0001211908456753008, 8.434735354967415e-05, 0.0001468810223741457, 0.00013599159137811512, 3.14161843562033e-05, 3.637632107711397e-05, 2.88580031337915e-05, 6.632019358221442e-05, 1.2949208212376107e-05, 5.600851636700099e-06, 7.939217539387755e-06, 7.833133167878259e-06, 7.54253505874658e-06, 1.2222039003972895e-05, 1.1085329788329545e-05, 9.955227142199874e-06, 1.0489455235074274e-05, 7.722244845353998e-06, 6.725714683852857e-06, 7.414706487907097e-06, 7.483965418941807e-06, 5.290533408697229e-06, 5.462296485347906e-06, 5.232935109233949e-06, 3.6971141526009887e-06, 2.719776830417686e-06, 2.1936057237326168e-06], "lowlevel.melbands128.mean": [0.0023522248957306147, 0.006286183372139931, 0.005627902690321207, 0.0034771959763020277, 0.003712006378918886, 0.0035263337194919586, 0.0022011655382812023, 0.0013569046277552843, 0.0009404869633726776, 0.0005541588179767132, 0.0005979712004773319, 0.0003709680458996445, 0.00020257369033060968, 0.0001816992153180763, 0.000719495874363929, 0.0012438761768862605, 0.0004239194968249649, 0.00021220286726020277, 0.00021045433823019266, 0.000286911177681759, 7.66448793001473e-05, 8.837992936605588e-05, 9.191201388603076e-05, 8.065207657637075e-05, 0.00010546378325670958, 0.00030446553137153387, 0.0006542145274579525, 0.00027784830308519304, 5.8784302382264286e-05, 6.861980364192277e-05, 3.019163887074683e-05, 4.858122701989487e-05, 6.289483280852437e-05, 2.0322604541433975e-05, 0.00010392757394583896, 6.68824213789776e-05, 3.887326965923421e-05, 2.5584589820937254e-05, 7.022425415925682e-05, 3.996115628979169e-05, 2.5109151465585455e-05, 0.0001523759274277836, 5.39770771865733e-05, 2.7870735721080564e-05, 9.738452718011104e-06, 2.1481444491655566e-05, 2.2720359993400052e-05, 2.131485234713182e-05, 1.7937953089131042e-05, 2.0743749701068737e-05, 5.7620968618721236e-06, 1.017812428472098e-05, 4.734313552035019e-05, 9.748198863235302e-06, 7.16212707629893e-06, 5.971884093014523e-06, 3.4023944408545503e-06, 3.047052587135113e-06, 2.5864528652164154e-06, 1.6805619225124246e-06, 4.785719283972867e-06, 3.953349278162932e-06, 4.728113253804622e-06, 2.2810575046605663e-06, 1.7431509604648454e-06, 2.542530864957371e-06, 2.4559308258176316e-06, 3.1337958716903813e-06, 2.9973127766425023e-06, 2.3465529466193402e-06, 2.0192699139442993e-06, 1.8827063286153134e-06, 1.4258920373322326e-06, 1.683365326243802e-06, 1.6453242324132589e-06, 2.4486146230628947e-06, 2.395432147750398e-06, 1.041310952132335e-06, 2.089244162561954e-06, 1.1240133517276263e-06, 1.431283294550667e-06, 1.0724490948632592e-06, 1.128773988057219e-06, 9.974207841878524e-07, 1.0177878948525176e-06, 1.0284674090144108e-06, 1.010135520118638e-06, 8.448475909972331e-07, 7.325438104999193e-07, 6.589982604054967e-07, 7.284515959327109e-07, 6.538309662573738e-07, 6.410590458472143e-07, 5.745765179199225e-07, 5.208482320995245e-07, 4.860211220147903e-07, 3.819081655365153e-07, 2.9629123332597374e-07, 2.75798953452977e-07, 2.866705131054914e-07, 2.860982419861102e-07, 1.7461712786825956e-07, 2.037091206830155e-07, 2.2189620096924045e-07, 1.1882922734685053e-07, 1.058934131492606e-07, 1.1810527666966664e-07, 1.0657681315251466e-07, 7.667767221164468e-08, 8.04953330657554e-08, 6.626731163805744e-08, 5.110467071745006e-08, 4.065681125098308e-08, 4.168641964952258e-08, 4.211952742139147e-08, 3.185177277487128e-08, 1.7757260550865794e-08, 2.892651673747082e-09, 8.721191546712248e-10, 8.402860872391837e-12, 6.678654591169009e-12, 6.145794376882785e-12, 5.847702530537013e-12, 5.74107298159654e-12, 5.605536434333258e-12, 5.438519426470556e-12, 5.339639754659009e-12, 5.303145509533147e-12], "lowlevel.melbands128.stdev": [0.005839280318468809, 0.011476883664727211, 0.008876338601112366, 0.005932113155722618, 0.0064930361695587635, 0.005253958515822887, 0.0028725273441523314, 0.00324152410030365, 0.0032345065847039223, 0.0014237810391932726, 0.001842085155658424, 0.001002984819933772, 0.00036757049383595586, 0.0003625068929977715, 0.001743408851325512, 0.0028189760632812977, 0.0007554481271654367, 0.0007546754204668105, 0.000755166751332581, 0.0014765558298677206, 0.00042752872104756534, 0.0004046121030114591, 0.0004386270302347839, 0.00033473913208581507, 0.0004561948589980602, 0.0008232007385231555, 0.0015183578943833709, 0.0008345223614014685, 0.0001305337791563943, 0.00017464545089751482, 6.757035589544103e-05, 9.034835238708183e-05, 0.00012583231728058308, 5.8619723859010264e-05, 0.00023958836391102523, 0.00011766876559704542, 7.290235225809738e-05, 5.6120199587894604e-05, 0.00021779173403047025, 0.00011908294254681095, 8.26053656055592e-05, 0.0004755668342113495, 0.00012043452443322167, 8.201589662348852e-05, 2.5091740099014714e-05, 4.5959681301610544e-05, 4.829385579796508e-05, 5.6414646678604186e-05, 4.9293332267552614e-05, 4.0200571675086394e-05, 2.0199277059873566e-05, 3.493192343739793e-05, 0.00016702593711670488, 2.5510607883916236e-05, 2.3187158149085008e-05, 1.5520161468884908e-05, 7.153736078180373e-06, 7.775475751259364e-06, 5.901013082620921e-06, 4.921050731354626e-06, 1.1993598491244484e-05, 9.766717994352803e-06, 1.4528144674841315e-05, 7.753772479190957e-06, 4.931715011480264e-06, 9.222761036653537e-06, 8.721995072846767e-06, 1.2320219866523985e-05, 1.6791389498393983e-05, 1.087301552615827e-05, 1.3092526387481485e-05, 1.4316640772449318e-05, 7.9147193901008e-06, 1.0554295840847772e-05, 1.190513648907654e-05, 1.1829286449938081e-05, 1.118974614655599e-05, 6.252843377296813e-06, 1.2615722880582325e-05, 5.031978162151063e-06, 7.243967502290616e-06, 6.841622962383553e-06, 9.771544682735112e-06, 6.956626293685986e-06, 7.6230639933783095e-06, 8.312002137245145e-06, 8.543692274542991e-06, 5.486402642418398e-06, 4.908747087029042e-06, 6.01455803916906e-06, 6.001462224958232e-06, 5.161400622455403e-06, 5.862185389560182e-06, 5.787052941741422e-06, 4.905776677333051e-06, 4.837159849557793e-06, 3.478034614090575e-06, 2.775727580228704e-06, 2.6359539333498105e-06, 2.995278009620961e-06, 2.9505893053283216e-06, 1.6334789734173683e-06, 2.139500793418847e-06, 2.717897132242797e-06, 1.3189290939408238e-06, 1.1630407925622421e-06, 1.273610109819856e-06, 1.1137469755340135e-06, 7.801245942573587e-07, 9.394356652592251e-07, 6.575521638296777e-07, 5.409265213529579e-07, 3.230983054436365e-07, 4.418236301262368e-07, 4.4119641984252667e-07, 4.163686639913067e-07, 2.652757018495322e-07, 4.4423689615769035e-08, 2.1614710021822248e-08, 3.5756893973504233e-11, 1.5634431249633707e-11, 1.1336160309072252e-11, 1.0475734862902542e-11, 1.0283471123251342e-11, 1.0107944863058105e-11, 9.962621005943362e-12, 9.867762856829998e-12, 9.81168271629862e-12], "lowlevel.mfcc.mean": [-760.8704223632812, 158.4964141845703, -0.031071124598383904, 12.792034149169922, 9.05205249786377, 26.53443717956543, 8.498514175415039, 8.294116020202637, 3.463747501373291, 7.710528373718262, 3.750497341156006, 4.105289459228516, 3.8988397121429443], "lowlevel.spectral_contrast_coeffs.mean": [-0.7518469095230103, -0.7435652613639832, -0.7594267725944519, -0.7820801138877869, -0.8234621286392212, -0.7622048258781433], "lowlevel.spectral_contrast_coeffs.stdev": [0.08547194302082062, 0.12054535001516342, 0.1016445979475975, 0.07454703748226166, 0.04901493340730667, 0.06473158299922943], "lowlevel.spectral_contrast_valleys.mean": [-7.3815178871154785, -7.9654035568237305, -8.183446884155273, -8.697073936462402, -9.32896614074707, -12.385275840759277], "lowlevel.spectral_contrast_valleys.stdev": [2.8146300315856934, 2.4521665573120117, 2.2775275707244873, 2.2791621685028076, 2.5859358310699463, 2.3769431114196777], "rhythm.beats_loudness_band_ratio.mean": [0.7215661406517029, 0.09833196550607681, 0.07853623479604721, 0.06436996906995773, 0.03234449401497841, 0.03108847141265869], "rhythm.beats_loudness_band_ratio.stdev": [0.2665097415447235, 0.1192891076207161, 0.1027979850769043, 0.07694733887910843, 0.05760063976049423, 0.07853326201438904], "tonal.hpcp.mean": [0.1886947900056839, 0.17475678026676178, 0.05426112189888954, 0.03533636033535004, 0.03553979471325874, 0.05845392122864723, 0.21320295333862305, 0.2542364299297333, 0.10645226389169693, 0.05870536342263222, 0.05710588023066521, 0.04328254237771034, 0.06398559361696243, 0.06907172501087189, 0.055672384798526764, 0.16846615076065063, 0.20938056707382202, 0.10927420854568481, 0.069034643471241, 0.06319043040275574, 0.057096511125564575, 0.08558502793312073, 0.08739114552736282, 0.05841692164540291, 0.0657045990228653, 0.06470595300197601, 0.06277582794427872, 0.18920180201530457, 0.2219870388507843, 0.10264305025339127, 0.16600558161735535, 0.1749969869852066, 0.06358267366886139, 0.042760852724313736, 0.05180111154913902, 0.07658973336219788], "tonal.hpcp.stdev": [0.33306029438972473, 0.3088916838169098, 0.13542819023132324, 0.12678205966949463, 0.11494458466768265, 0.16042286157608032, 0.3203829228878021, 0.3819534480571747, 0.19497042894363403, 0.18397335708141327, 0.18318875133991241, 0.14693787693977356, 0.16357354819774628, 0.16454516351222992, 0.12974639236927032, 0.28236228227615356, 0.32308700680732727, 0.2136986255645752, 0.19146934151649475, 0.18612506985664368, 0.18706990778446198, 0.19423112273216248, 0.1903679370880127, 0.15525327622890472, 0.1889944076538086, 0.18625657260417938, 0.18272817134857178, 0.2588050961494446, 0.3072584867477417, 0.165885329246521, 0.32438796758651733, 0.3442743718624115, 0.14843283593654633, 0.13817094266414642, 0.15984733402729034, 0.18217217922210693], "rhythm.beats_position": [0.4643990993499756, 0.9404081702232361, 1.4280271530151367, 1.9156461954116821, 2.4032652378082275, 2.983764171600342, 3.564262866973877, 4.133152008056641, 4.690430641174316, 5.236099720001221, 5.781768798828125, 6.339047431945801, 6.896326541900635, 7.430385589599609, 7.952834129333496, 8.4752836227417, 9.044172286987305, 9.62467098236084, 10.193559646606445, 10.77405834197998, 11.354557991027832, 12.016325950622559, 12.71292495727539, 13.502403259277344, 14.280271530151367, 15.023310661315918, 15.777958869934082, 16.520998001098633, 17.252426147460938, 17.983854293823242, 18.715282440185547, 19.458322525024414, 20.17814064025879, 20.897958755493164, 21.6409969329834, 22.372425079345703, 23.10385513305664, 23.823673248291016, 24.55510139465332, 25.286529541015625, 26.029569625854492, 26.760997772216797, 27.4924259185791, 28.223854064941406, 28.95528221130371, 29.698322296142578, 30.429750442504883, 31.161178588867188, 31.892606735229492, 32.6240348815918, 33.355464935302734, 34.086891174316406, 34.80671310424805, 35.53813934326172, 36.269569396972656, 37.00099563598633, 37.732425689697266, 38.4754638671875, 39.218502044677734], "rhythm.bpm_histogram": [0.0, 0.0, 0.0, 0.0, 0.0, 0.0, 0.0, 0.0, 0.0, 0.0, 0.0, 0.0, 0.0, 0.0, 0.0, 0.0, 0.0, 0.0, 0.0, 0.0, 0.0, 0.0, 0.0, 0.0, 0.0, 0.0, 0.0, 0.0, 0.0, 0.0, 0.0, 0.0, 0.0, 0.0, 0.0, 0.0, 0.0, 0.0, 0.0, 0.0, 0.0, 0.0, 0.0, 0.0, 0.0, 0.0, 0.0, 0.0, 0.0, 0.0, 0.0, 0.0, 0.0, 0.0, 0.0, 0.0, 0.0, 0.0, 0.0, 0.0, 0.0, 0.0, 0.0, 0.0, 0.0, 0.0, 0.0, 0.0, 0.0, 0.0, 0.0, 0.0, 0.0, 0.0, 0.0, 0.0, 0.017241379246115685, 0.017241379246115685, 0.0, 0.0, 0.017241379246115685, 0.13793103396892548, 0.36206895112991333, 0.06896551698446274, 0.0, 0.0, 0.017241379246115685, 0.0, 0.0, 0.0, 0.0, 0.017241379246115685, 0.0, 0.0, 0.0, 0.0, 0.0, 0.0, 0.0, 0.0, 0.0, 0.0, 0.0, 0.08620689809322357, 0.0, 0.0517241396009922, 0.0, 0.0, 0.0517241396009922, 0.0, 0.03448275849223137, 0.0, 0.017241379246115685, 0.0, 0.0, 0.03448275849223137, 0.0, 0.0, 0.0, 0.0, 0.0, 0.0, 0.0, 0.0517241396009922, 0.0, 0.0, 0.017241379246115685, 0.0, 0.0, 0.0, 0.0, 0.0, 0.0, 0.0, 0.0, 0.0, 0.0, 0.0, 0.0, 0.0, 0.0, 0.0, 0.0, 0.0, 0.0, 0.0, 0.0, 0.0, 0.0, 0.0, 0.0, 0.0, 0.0, 0.0, 0.0, 0.0, 0.0, 0.0, 0.0, 0.0, 0.0, 0.0, 0.0, 0.0, 0.0, 0.0, 0.0, 0.0, 0.0, 0.0, 0.0, 0.0, 0.0, 0.0, 0.0, 0.0, 0.0, 0.0, 0.0, 0.0, 0.0, 0.0, 0.0, 0.0, 0.0, 0.0, 0.0, 0.0, 0.0, 0.0, 0.0, 0.0, 0.0, 0.0, 0.0, 0.0, 0.0, 0.0, 0.0, 0.0, 0.0, 0.0, 0.0, 0.0, 0.0, 0.0, 0.0, 0.0, 0.0, 0.0, 0.0, 0.0, 0.0, 0.0, 0.0, 0.0, 0.0, 0.0, 0.0, 0.0, 0.0, 0.0, 0.0, 0.0, 0.0, 0.0, 0.0, 0.0, 0.0, 0.0, 0.0, 0.0, 0.0, 0.0, 0.0, 0.0, 0.0, 0.0, 0.0, 0.0, 0.0, 0.0, 0.0, 0.0, 0.0, 0.0, 0.0, 0.0, 0.0, 0.0], "tonal.chords_histogram": [0.0, 0.0, 0.0, 6.365740776062012, 2.8935184478759766, 9.837963104248047, 0.0, 1.9675925970077515, 0.0, 3.5879628658294678, 0.3472222089767456, 0.6944444179534912, 7.291666507720947, 0.0, 15.393518447875977, 26.73611068725586, 8.101851463317871, 7.523148059844971, 8.217592239379883, 0.0, 0.9259259104728699, 0.0, 0.11574073880910873, 0.0], "tonal.thpcp": [1.0, 0.41871365904808044, 0.23090854287147522, 0.22461721301078796, 0.1702452450990677, 0.2516775131225586, 0.2716830372810364, 0.21897879242897034, 0.6626357436180115, 0.8235663175582886, 0.42981332540512085, 0.271537184715271, 0.24854986369609833, 0.22458036243915558, 0.3366355895996094, 0.34373965859413147, 0.22977399826049805, 0.25843897461891174, 0.25451093912124634, 0.24691909551620483, 0.7441962957382202, 0.873151957988739, 0.40373069047927856, 0.6529574990272522, 0.6883237957954407, 0.25009268522262573, 0.1681932508945465, 0.20375172793865204, 0.3012539744377136, 0.7422019839286804, 0.687379002571106, 0.21342779695987701, 0.1389901489019394, 0.13979032635688782, 0.22991953790187836, 0.8386011123657227], "lowlevel.gfcc.cov": [[51983.8203125, 4449.96923828125, -2817.439208984375, 3807.790771484375, -3206.131103515625, -1555.5484619140625, -2288.1171875, 22.18694305419922, -732.096435546875, -778.17578125, -667.053466796875, -826.7841796875, 30.764848709106445], [4449.96923828125, 3811.313720703125, 365.4460754394531, -700.5897216796875, 443.6807861328125, -229.3032989501953, 279.367919921875, -408.2738342285156, 160.6804962158203, -306.1426086425781, 201.98960876464844, -280.3324890136719, 234.51995849609375], [-2817.439208984375, 365.4460754394531, 2117.387939453125, 73.89183044433594, 607.3404541015625, 127.87254333496094, 359.6845703125, 130.76161193847656, 17.834152221679688, 82.02591705322266, 63.61656188964844, 103.05111694335938, -1.338355302810669], [3807.790771484375, -700.5897216796875, 73.89183044433594, 1204.649658203125, -398.1313781738281, -199.43124389648438, -335.0287780761719, 177.87062072753906, -130.6186981201172, -80.5481948852539, -132.94508361816406, -63.00633239746094, -54.742340087890625], [-3206.131103515625, 443.6807861328125, 607.3404541015625, -398.1313781738281, 604.34814453125, 192.81277465820312, 366.7407531738281, -28.078895568847656, 132.7151641845703, 31.835081100463867, 105.93486785888672, 38.571990966796875, 53.27536392211914], [-1555.5484619140625, -229.3032989501953, 127.87254333496094, -199.43124389648438, 192.81277465820312, 315.37493896484375, 183.52947998046875, 76.8629150390625, 63.6453742980957, 87.34300994873047, 53.484134674072266, 64.30937194824219, 4.307631492614746], [-2288.1171875, 279.367919921875, 359.6845703125, -335.0287780761719, 366.7407531738281, 183.52947998046875, 329.24859619140625, 14.814857482910156, 115.81724548339844, 28.751001358032227, 82.8927230834961, 26.386768341064453, 43.11150360107422], [22.18694305419922, -408.2738342285156, 130.76161193847656, 177.87062072753906, -28.078895568847656, 76.8629150390625, 14.814857482910156, 192.3444061279297, 23.06110191345215, 47.98466110229492, -21.752931594848633, 41.398746490478516, -8.077341079711914], [-732.096435546875, 160.6804962158203, 17.834152221679688, -130.6186981201172, 132.7151641845703, 63.6453742980957, 115.81724548339844, 23.06110191345215, 122.38400268554688, 13.330038070678711, 51.45211410522461, -7.655245780944824, 37.573238372802734], [-778.17578125, -306.1426086425781, 82.02591705322266, -80.5481948852539, 31.835081100463867, 87.34300994873047, 28.751001358032227, 47.98466110229492, 13.330038070678711, 126.23931884765625, 12.085719108581543, 66.05972290039062, -34.622257232666016], [-667.053466796875, 201.98960876464844, 63.61656188964844, -132.94508361816406, 105.93486785888672, 53.484134674072266, 82.8927230834961, -21.752931594848633, 51.45211410522461, 12.085719108581543, 93.54903411865234, 9.813867568969727, 27.968603134155273], [-826.7841796875, -280.3324890136719, 103.05111694335938, -63.00633239746094, 38.571990966796875, 64.30937194824219, 26.386768341064453, 41.398746490478516, -7.655245780944824, 66.05972290039062, 9.813867568969727, 99.6827163696289, -7.379714488983154], [30.764848709106445, 234.51995849609375, -1.338355302810669, -54.742340087890625, 53.27536392211914, 4.307631492614746, 43.11150360107422, -8.077341079711914, 37.573238372802734, -34.622257232666016, 27.968603134155273, -7.379714488983154, 76.97876739501953]], "lowlevel.gfcc.icov": [[0.0001122913890867494, -0.00041386522934772074, 0.00015118195733521134, -0.00040555658051744103, 0.00034074464929290116, -0.0002726873499341309, 0.00019378353317733854, -0.00027303650858812034, 0.00018008906044997275, -0.00038112496258690953, 0.0005032647168263793, -0.0003147230017930269, 0.00010012849816121161], [-0.00041386522934772074, 0.002279124688357115, -0.0008806097321212292, 0.0019471689593046904, -0.0011992326471954584, 0.001387183554470539, -0.000616899342276156, 0.0015965023776516318, -0.000845905567985028, 0.0020678064320236444, -0.002664657775312662, 0.0028992551378905773, -0.0015543336048722267], [0.00015118195733521134, -0.0008806097321212292, 0.0014113264624029398, -0.001178775797598064, -0.0008799335337243974, 0.0003068869118578732, -0.0007721683359704912, -0.0014427030691877007, 0.0020555774681270123, -0.0015384963480755687, 0.0005179917789064348, -0.0013043362414464355, 0.0006730204331688583], [-0.00040555658051744103, 0.0019471689593046904, -0.001178775797598064, 0.0038175666704773903, -0.001099607441574335, 0.0012562712654471397, 0.0015260768122971058, -0.0011105857556685805, -0.00043043194455094635, 0.003244388150051236, -0.0023429698776453733, 0.0034260358661413193, -0.0005072344793006778], [0.00034074464929290116, -0.0011992326471954584, -0.0008799335337243974, -0.001099607441574335, 0.008328246884047985, -0.0018329276936128736, -0.004468854516744614, 0.0024695000611245632, -0.0027053419034928083, -0.00032679198193363845, 0.0019731440115720034, -0.0023963951971381903, 4.758312934427522e-05], [-0.0002726873499341309, 0.001387183554470539, 0.0003068869118578732, 0.0012562712654471397, -0.0018329276936128736, 0.007918521761894226, -0.004054398741573095, -0.0019603099208325148, 0.0017917731311172247, -0.001709944335743785, -0.0033744359388947487, 0.0011602573795244098, -0.0006344395806081593], [0.00019378353317733854, -0.000616899342276156, -0.0007721683359704912, 0.0015260768122971058, -0.004468854516744614, -0.004054398741573095, 0.015758266672492027, -0.0028730598278343678, -0.003935608081519604, 0.0026054675690829754, -0.00022564474784303457, 0.00102042977232486, 0.0003392973158042878], [-0.00027303650858812034, 0.0015965023776516318, -0.0014427030691877007, -0.0011105857556685805, 0.0024695000611245632, -0.0019603099208325148, -0.0028730598278343678, 0.013590605929493904, -0.006797661539167166, -0.0002705194638110697, 0.00269676954485476, -0.0023267045617103577, -0.0021404747385531664], [0.00018008906044997275, -0.000845905567985028, 0.0020555774681270123, -0.00043043194455094635, -0.0027053419034928083, 0.0017917731311172247, -0.003935608081519604, -0.006797661539167166, 0.021402647718787193, -0.00615804735571146, -0.005006642546504736, 0.006298894062638283, -0.005295708775520325], [-0.00038112496258690953, 0.0020678064320236444, -0.0015384963480755687, 0.003244388150051236, -0.00032679198193363845, -0.001709944335743785, 0.0026054675690829754, -0.0002705194638110697, -0.00615804735571146, 0.02108723856508732, -0.0036381962709128857, -0.006538196932524443, 0.008152450434863567], [0.0005032647168263793, -0.002664657775312662, 0.0005179917789064348, -0.0023429698776453733, 0.0019731440115720034, -0.0033744359388947487, -0.00022564474784303457, 0.00269676954485476, -0.005006642546504736, -0.0036381962709128857, 0.02120809443295002, -0.005184993613511324, -0.0019028453389182687], [-0.0003147230017930269, 0.0028992551378905773, -0.0013043362414464355, 0.0034260358661413193, -0.0023963951971381903, 0.0011602573795244098, 0.00102042977232486, -0.0023267045617103577, 0.006298894062638283, -0.006538196932524443, -0.005184993613511324, 0.02475229650735855, -0.007273659110069275], [0.00010012849816121161, -0.0015543336048722267, 0.0006730204331688583, -0.0005072344793006778, 4.758312934427522e-05, -0.0006344395806081593, 0.0003392973158042878, -0.0021404747385531664, -0.005295708775520325, 0.008152450434863567, -0.0019028453389182687, -0.007273659110069275, 0.023170439526438713]], "lowlevel.mfcc.cov": [[34487.96484375, 3209.74365234375, -542.6398315429688, 3055.580078125, -624.209716796875, -1131.4835205078125, -1716.2618408203125, -567.4652099609375, -644.837890625, -282.3093566894531, -784.0604858398438, -700.5480346679688, -601.8909301757812], [3209.74365234375, 3669.91064453125, 376.3363342285156, 5.020014762878418, 38.68795394897461, 207.1651153564453, 124.3079605102539, -12.265750885009766, -32.54563522338867, -1.9275277853012085, -58.96992874145508, -52.38624954223633, 25.26845932006836], [-542.6398315429688, 376.3363342285156, 969.7348022460938, 308.9596252441406, 194.3504180908203, 122.708251953125, 213.35287475585938, 135.73532104492188, 67.06018829345703, 44.862632751464844, 37.72255325317383, 48.922027587890625, 78.39077758789062], [3055.580078125, 5.020014762878418, 308.9596252441406, 891.6295776367188, 123.26660919189453, -160.56858825683594, -165.7705078125, 24.03897476196289, -27.96603775024414, -21.858016967773438, -88.2024154663086, -97.21240997314453, -83.53112030029297], [-624.209716796875, 38.68795394897461, 194.3504180908203, 123.26660919189453, 200.58560180664062, 79.14718627929688, 92.37411499023438, 79.36234283447266, 61.162872314453125, 38.56475830078125, 29.4249267578125, 26.740482330322266, 23.472883224487305], [-1131.4835205078125, 207.1651153564453, 122.708251953125, -160.56858825683594, 79.14718627929688, 210.27627563476562, 166.55776977539062, 55.359352111816406, 51.49238967895508, 40.16873550415039, 58.7529182434082, 54.76007843017578, 48.680564880371094], [-1716.2618408203125, 124.3079605102539, 213.35287475585938, -165.7705078125, 92.37411499023438, 166.55776977539062, 247.03213500976562, 109.80036926269531, 80.0975112915039, 52.42138671875, 74.9053955078125, 69.4548568725586, 62.09651184082031], [-567.4652099609375, -12.265750885009766, 135.73532104492188, 24.03897476196289, 79.36234283447266, 55.359352111816406, 109.80036926269531, 128.9851837158203, 82.21128845214844, 47.54389572143555, 42.641719818115234, 30.73269271850586, 20.326234817504883], [-644.837890625, -32.54563522338867, 67.06018829345703, -27.96603775024414, 61.162872314453125, 51.49238967895508, 80.0975112915039, 82.21128845214844, 114.60270690917969, 65.6218490600586, 49.18272018432617, 28.078622817993164, 8.905693054199219], [-282.3093566894531, -1.9275277853012085, 44.862632751464844, -21.858016967773438, 38.56475830078125, 40.16873550415039, 52.42138671875, 47.54389572143555, 65.6218490600586, 84.9389419555664, 56.50661087036133, 28.712650299072266, 5.577550888061523], [-784.0604858398438, -58.96992874145508, 37.72255325317383, -88.2024154663086, 29.4249267578125, 58.7529182434082, 74.9053955078125, 42.641719818115234, 49.18272018432617, 56.50661087036133, 93.64952087402344, 54.97808074951172, 20.209354400634766], [-700.5480346679688, -52.38624954223633, 48.922027587890625, -97.21240997314453, 26.740482330322266, 54.76007843017578, 69.4548568725586, 30.73269271850586, 28.078622817993164, 28.712650299072266, 54.97808074951172, 82.10928344726562, 42.8134880065918], [-601.8909301757812, 25.26845932006836, 78.39077758789062, -83.53112030029297, 23.472883224487305, 48.680564880371094, 62.09651184082031, 20.326234817504883, 8.905693054199219, 5.577550888061523, 20.209354400634766, 42.8134880065918, 79.53782653808594]], "lowlevel.mfcc.icov": [[9.030344517668709e-05, -9.124092321144417e-05, 6.259503425098956e-05, -0.0003038198337890208, 0.0003421842702664435, -0.0001369502570014447, 0.00041282043093815446, -0.0002002842811634764, 0.0002201897295890376, -0.0003819493285845965, 0.00032907968852669, -0.0001685699971858412, 5.255511496216059e-05], [-9.124092321144417e-05, 0.0004175804497208446, -0.00019786323537118733, 0.0003191348514519632, -0.00023217425041366369, -0.000334710261086002, -0.0004359696467872709, 0.0003015168767888099, -2.2433287085732445e-05, 6.826509343227372e-05, 5.509226321009919e-05, 0.0005098516121506691, -4.697201802628115e-05], [6.259503425098956e-05, -0.00019786323537118733, 0.002177321817725897, -0.0015490560326725245, 0.00015507945499848574, 8.644776971777901e-05, -0.0021685746032744646, 0.0002389959990978241, 0.00014493081835098565, -0.00029972390620969236, 0.0002577631385065615, -0.000395448412746191, -0.0015507639618590474], [-0.0003038198337890208, 0.0003191348514519632, -0.0015490560326725245, 0.004167260602116585, -0.0035167443566024303, 0.0014681528555229306, 0.0017649827059358358, -0.0016802895115688443, 0.0007477168110199273, 0.0006502614123746753, -0.000365637824870646, 0.0015939953736960888, 0.0017989997286349535], [0.0003421842702664435, -0.00023217425041366369, 0.00015507945499848574, -0.0035167443566024303, 0.011075698770582676, -0.0036900260020047426, 0.00023264465562533587, -0.0019474505679681897, -0.0014550364576280117, -0.00168775231577456, 0.0018929153447970748, -0.0016618609661236405, -0.0011822190135717392], [-0.0001369502570014447, -0.000334710261086002, 8.644776971777901e-05, 0.0014681528555229306, -0.0036900260020047426, 0.012882642447948456, -0.007855424657464027, 0.0034635618794709444, -0.0005778313498012722, 7.741092122159898e-05, -0.001793855451978743, -0.00014066463336348534, -0.00043058747542090714], [0.00041282043093815446, -0.0004359696467872709, -0.0021685746032744646, 0.0017649827059358358, 0.00023264465562533587, -0.007855424657464027, 0.020384633913636208, -0.01064431481063366, 0.0014986179303377867, -0.00033302087103947997, -0.0007053209701552987, -0.0010917388135567307, -0.0005794382304884493], [-0.0002002842811634764, 0.0003015168767888099, 0.0002389959990978241, -0.0016802895115688443, -0.0019474505679681897, 0.0034635618794709444, -0.01064431481063366, 0.023108499124646187, -0.011399155482649803, 0.0014546627644449472, -0.001330972881987691, -5.891155524295755e-05, -0.0012077934807166457], [0.0002201897295890376, -2.2433287085732445e-05, 0.00014493081835098565, 0.0007477168110199273, -0.0014550364576280117, -0.0005778313498012722, 0.0014986179303377867, -0.011399155482649803, 0.02491077221930027, -0.01327181700617075, 0.0014419631334021688, 0.000436029105912894, 0.002382350154221058], [-0.0003819493285845965, 6.826509343227372e-05, -0.00029972390620969236, 0.0006502614123746753, -0.00168775231577456, 7.741092122159898e-05, -0.00033302087103947997, 0.0014546627644449472, -0.01327181700617075, 0.030489647760987282, -0.014667791314423084, 0.0012436131946742535, 0.0008106310269795358], [0.00032907968852669, 5.509226321009919e-05, 0.0002577631385065615, -0.000365637824870646, 0.0018929153447970748, -0.001793855451978743, -0.0007053209701552987, -0.001330972881987691, 0.0014419631334021688, -0.014667791314423084, 0.029859982430934906, -0.013380211777985096, 0.0037472255062311888], [-0.0001685699971858412, 0.0005098516121506691, -0.000395448412746191, 0.0015939953736960888, -0.0016618609661236405, -0.00014066463336348534, -0.0010917388135567307, -5.891155524295755e-05, 0.000436029105912894, 0.0012436131946742535, -0.013380211777985096, 0.028308572247624397, -0.00990411825478077], [5.255511496216059e-05, -4.697201802628115e-05, -0.0015507639618590474, 0.0017989997286349535, -0.0011822190135717392, -0.00043058747542090714, -0.0005794382304884493, -0.0012077934807166457, 0.002382350154221058, 0.0008106310269795358, 0.00