{"song_id": "1183655388642562058", "download": "https://cdn.discordapp.com/attachments/1135903449314238464/1183655388642562058/chirp.mp4?ex=65891ffb&amp", "lyrics": "severmiyim bilmem seni\nso\u011futtun art\u0131k d\u00f6nmem geri\ng\u00f6nderdim k\u00f6t\u00fc hisleri\nvazgetim istemem al geri\n\nsevermiyim bilmem seni\nso\u011futtun art\u0131k d\u00f6nmem geri\ng\u00f6nderdim k\u00f6t\u00fc hisleri\nvazgetim istemem al geri\n\nkabusum oldun b\u0131rakmad\u0131n\nfarkl\u0131ym\u0131\u015fs\u0131n \u015fimdi anlad\u0131m\ndersimi ald\u0131m hadi bakal\u0131m", "style": ["pop</span><span>, house music"], "essentia_features": {"lowlevel.average_loudness": 0.9843542575836182, "lowlevel.barkbands_crest.mean": 15.143183708190918, "lowlevel.barkbands_crest.stdev": 7.3127827644348145, "lowlevel.barkbands_flatness_db.mean": 0.2158776819705963, "lowlevel.barkbands_flatness_db.stdev": 0.12935593724250793, "lowlevel.barkbands_kurtosis.mean": 39.57164764404297, "lowlevel.barkbands_kurtosis.stdev": 65.48961639404297, "lowlevel.barkbands_skewness.mean": 4.174052715301514, "lowlevel.barkbands_skewness.stdev": 3.33138108253479, "lowlevel.barkbands_spread.mean": 19.855192184448242, "lowlevel.barkbands_spread.stdev": 23.53213119506836, "lowlevel.dissonance.mean": 0.44071924686431885, "lowlevel.dissonance.stdev": 0.0378909669816494, "lowlevel.dynamic_complexity": 3.200284719467163, "lowlevel.erbbands_crest.mean": 7.634688854217529, "lowlevel.erbbands_crest.stdev": 3.0196762084960938, "lowlevel.erbbands_flatness_db.mean": 0.1371404379606247, "lowlevel.erbbands_flatness_db.stdev": 0.06439077109098434, "lowlevel.erbbands_kurtosis.mean": 1.1608729362487793, "lowlevel.erbbands_kurtosis.stdev": 2.6140708923339844, "lowlevel.erbbands_skewness.mean": 0.8933696150779724, "lowlevel.erbbands_skewness.stdev": 0.8122161030769348, "lowlevel.erbbands_spread.mean": 52.42041015625, "lowlevel.erbbands_spread.stdev": 29.84122657775879, "lowlevel.hfc.mean": 17.029407501220703, "lowlevel.hfc.stdev": 18.558053970336914, "lowlevel.loudness_ebu128.integrated": -14.599494934082031, "lowlevel.loudness_ebu128.loudness_range": 0.4858407974243164, "lowlevel.loudness_ebu128.momentary.mean": -14.739039421081543, "lowlevel.loudness_ebu128.momentary.stdev": 1.1558488607406616, "lowlevel.loudness_ebu128.short_term.mean": -14.60216236114502, "lowlevel.loudness_ebu128.short_term.stdev": 0.1638868898153305, "lowlevel.melbands_crest.mean": 19.861839294433594, "lowlevel.melbands_crest.stdev": 8.831866264343262, "lowlevel.melbands_flatness_db.mean": 0.3069203495979309, "lowlevel.melbands_flatness_db.stdev": 0.15710757672786713, "lowlevel.melbands_kurtosis.mean": 61.8755989074707, "lowlevel.melbands_kurtosis.stdev": 74.7516860961914, "lowlevel.melbands_skewness.mean": 5.268267631530762, "lowlevel.melbands_skewness.stdev": 3.0324885845184326, "lowlevel.melbands_spread.mean": 13.022354125976562, "lowlevel.melbands_spread.stdev": 16.96535873413086, "lowlevel.pitch_salience.mean": 0.4519334137439728, "lowlevel.pitch_salience.stdev": 0.22210337221622467, "lowlevel.silence_rate_20dB.mean": 1.0, "lowlevel.silence_rate_20dB.stdev": 0.0, "lowlevel.silence_rate_30dB.mean": 0.7288528680801392, "lowlevel.silence_rate_30dB.stdev": 0.44454917311668396, "lowlevel.silence_rate_60dB.mean": 0.02723059058189392, "lowlevel.silence_rate_60dB.stdev": 0.16275376081466675, "lowlevel.spectral_centroid.mean": 795.3973999023438, "lowlevel.spectral_centroid.stdev": 665.8785400390625, "lowlevel.spectral_complexity.mean": 12.019119262695312, "lowlevel.spectral_complexity.stdev": 10.692002296447754, "lowlevel.spectral_decrease.mean": -1.7474604874223587e-08, "lowlevel.spectral_decrease.stdev": 2.2697589585618516e-08, "lowlevel.spectral_energy.mean": 0.06749775260686874, "lowlevel.spectral_energy.stdev": 0.08616851270198822, "lowlevel.spectral_energyband_high.mean": 0.0008830182487145066, "lowlevel.spectral_energyband_high.stdev": 0.0012748695444315672, "lowlevel.spectral_energyband_low.mean": 0.0573234036564827, "lowlevel.spectral_energyband_low.stdev": 0.0844159722328186, "lowlevel.spectral_energyband_middle_high.mean": 0.0019177042413502932, "lowlevel.spectral_energyband_middle_high.stdev": 0.0040106745436787605, "lowlevel.spectral_energyband_middle_low.mean": 0.008787130005657673, "lowlevel.spectral_energyband_middle_low.stdev": 0.014394629746675491, "lowlevel.spectral_entropy.mean": 7.32041597366333, "lowlevel.spectral_entropy.stdev": 0.8584001660346985, "lowlevel.spectral_flux.mean": 0.10522644966840744, "lowlevel.spectral_flux.stdev": 0.11253159493207932, "lowlevel.spectral_kurtosis.mean": 12.737467765808105, "lowlevel.spectral_kurtosis.stdev": 31.733928680419922, "lowlevel.spectral_rms.mean": 0.006546716205775738, "lowlevel.spectral_rms.stdev": 0.004794999957084656, "lowlevel.spectral_rolloff.mean": 1675.844482421875, "lowlevel.spectral_rolloff.stdev": 2924.082763671875, "lowlevel.spectral_skewness.mean": 2.2538957595825195, "lowlevel.spectral_skewness.stdev": 1.79924738407135, "lowlevel.spectral_spread.mean": 6329156.5, "lowlevel.spectral_spread.stdev": 3161564.5, "lowlevel.spectral_strongpeak.mean": 0.5869206190109253, "lowlevel.spectral_strongpeak.stdev": 0.36283090710639954, "lowlevel.zerocrossingrate.mean": 0.06387262046337128, "lowlevel.zerocrossingrate.stdev": 0.06153738498687744, "metadata.audio_properties.analysis.equal_loudness": 0.0, "metadata.audio_properties.analysis.length": 40.04265213012695, "metadata.audio_properties.analysis.sample_rate": 44100.0, "metadata.audio_properties.analysis.start_time": 0.0, "metadata.audio_properties.bit_rate": 127674.0, "metadata.audio_properties.length": 40.042667388916016, "metadata.audio_properties.lossless": 0.0, "metadata.audio_properties.number_channels": 1.0, "metadata.audio_properties.replay_gain": -11.008434295654297, "metadata.audio_properties.sample_rate": 48000.0, "rhythm.beats_count": 82.0, "rhythm.beats_loudness.mean": 0.22311317920684814, "rhythm.beats_loudness.stdev": 0.035320356488227844, "rhythm.bpm": 123.80838012695312, "rhythm.bpm_histogram_first_peak_bpm": 123.0, "rhythm.bpm_histogram_first_peak_weight": 0.27848100662231445, "rhythm.bpm_histogram_second_peak_bpm": 129.0, "rhythm.bpm_histogram_second_peak_spread": 0.0, "rhythm.bpm_histogram_second_peak_weight": 0.02469135820865631, "rhythm.danceability": 4.403119087219238, "rhythm.onset_rate": 6.1915764808654785, "tonal.chords_changes_rate": 0.0347222238779068, "tonal.chords_number_rate": 0.002314814832061529, "tonal.chords_strength.mean": 0.5718358755111694, "tonal.chords_strength.stdev": 0.01600940339267254, "tonal.hpcp_crest.mean": 13.825447082519531, "tonal.hpcp_crest.stdev": 4.931528091430664, "tonal.hpcp_entropy.mean": 1.877221941947937, "tonal.hpcp_entropy.stdev": 0.6884437203407288, "tonal.key_edma.strength": 0.6923277974128723, "tonal.key_krumhansl.strength": 0.7074525356292725, "tonal.key_temperley.strength": 0.7023198008537292, "tonal.tuning_diatonic_strength": 0.5452509522438049, "tonal.tuning_equal_tempered_deviation": 0.3357781171798706, "tonal.tuning_frequency": 448.9859313964844, "tonal.tuning_nontempered_energy_ratio": 0.9888073205947876, "lowlevel.barkbands.mean": [0.001247281557880342, 0.04959266632795334, 0.0050949216820299625, 0.003359548980370164, 0.003416677936911583, 0.0010244656587019563, 0.00041131465695798397, 0.0003136461309622973, 0.00021653053408954293, 0.0002633822150528431, 0.0003565960796549916, 0.0002289063559146598, 0.0002375840413151309, 0.00019485768279992044, 0.00012430288188625127, 0.00013892154674977064, 0.00012628315016627312, 0.00010473386646481231, 0.00010581794776953757, 0.0001112388345063664, 9.14611664484255e-05, 0.0001061534057953395, 0.00010737933916971087, 0.00016074533050414175, 0.00013175503409001976, 0.0002183324540965259, 1.2337006410234608e-05], "lowlevel.barkbands.stdev": [0.0022199263330549, 0.07754135131835938, 0.020439397543668747, 0.010386783629655838, 0.004625258967280388, 0.0007762545137666166, 0.0004574404447339475, 0.0003252201131545007, 0.00031757610850036144, 0.0005468606250360608, 0.0009387065074406564, 0.0006369967595674098, 0.0005111634382046759, 0.00038195220986381173, 0.0002926963206846267, 0.00034925833460874856, 0.0003388366603758186, 0.0002993153175339103, 0.0002655112184584141, 0.0002690226538106799, 0.00017518513777758926, 0.00016998566570691764, 0.00016796808631625026, 0.00023977372620720416, 0.00021309488511178643, 0.0003417903499212116, 2.6934325433103368e-05], "lowlevel.erbbands.mean": [1.7975529432296753, 9.543234825134277, 7.904851913452148, 8.44769287109375, 15.34663200378418, 7.522024631500244, 5.277891635894775, 11.202278137207031, 8.137449264526367, 5.432626247406006, 6.6436238288879395, 4.487456321716309, 7.0269341468811035, 13.40064525604248, 12.227346420288086, 8.853616714477539, 10.440106391906738, 11.394797325134277, 6.885867595672607, 7.119488716125488, 7.6595072746276855, 7.346325397491455, 5.708187580108643, 5.8518757820129395, 5.353619575500488, 5.124887943267822, 4.069614410400391, 3.3467164039611816, 3.636187791824341, 3.8001692295074463, 2.8953540325164795, 3.440890073776245, 2.4476492404937744, 1.398774266242981, 0.9441676735877991, 0.7458305954933167, 0.4512745440006256, 0.07847479730844498, 0.0016000819159671664, 0.00012187298852950335], "lowlevel.erbbands.stdev": [2.931144952774048, 15.984659194946289, 23.6623477935791, 30.346324920654297, 26.109060287475586, 12.703994750976562, 5.980823993682861, 8.615067481994629, 6.738727569580078, 4.67824649810791, 6.657812595367432, 6.709219932556152, 12.492100715637207, 27.827138900756836, 35.65573501586914, 23.976394653320312, 22.79806900024414, 21.44972801208496, 16.375370025634766, 16.844600677490234, 19.094804763793945, 19.462881088256836, 16.138729095458984, 15.382200241088867, 13.171921730041504, 12.425217628479004, 8.32912826538086, 6.219309329986572, 5.995145320892334, 5.887604713439941, 4.533928394317627, 5.2292256355285645, 3.7416882514953613, 2.336761951446533, 1.5559757947921753, 1.2864774465560913, 0.696089506149292, 0.12385696917772293, 0.002673290902748704, 0.0001108342912630178], "lowlevel.gfcc.mean": [-36.35772705078125, 85.48278045654297, -63.55602264404297, 13.35445499420166, -56.4521369934082, 15.74243450164795, -38.110469818115234, -0.06970414519309998, -24.965991973876953, 5.43337345123291, -17.92093849182129, 4.5645222663879395, -12.029034614562988], "lowlevel.melbands.mean": [0.01488692220300436, 0.006734300870448351, 0.001737053389661014, 0.0008259359747171402, 0.0001970590092241764, 0.0002257121668662876, 0.00012948749645147473, 6.702147948089987e-05, 4.8005367716541514e-05, 2.8813647077186033e-05, 3.5085162380710244e-05, 5.266929656499997e-05, 4.4353375415084884e-05, 2.860392487491481e-05, 1.9796523702098057e-05, 2.6013136448455043e-05, 1.982612411666196e-05, 1.099706696550129e-05, 9.410171514900867e-06, 9.465151379117742e-06, 8.741647434362676e-06, 7.83112318458734e-06, 5.8075934248336125e-06, 4.78664924230543e-06, 4.776793957717018e-06, 3.7041731957287993e-06, 4.089899448445067e-06, 3.22553842124762e-06, 2.6290604182577226e-06, 2.221665909019066e-06, 1.8130994021703373e-06, 1.97708959603915e-06, 2.1918219772487646e-06, 2.092643853757181e-06, 1.5764234149173717e-06, 1.7479032976552844e-06, 2.350691602259758e-06, 1.8425631651552976e-06, 1.5045985719552846e-06, 1.0303423323421157e-06], "lowlevel.melbands.stdev": [0.02344892919063568, 0.013095286674797535, 0.005023222882300615, 0.0012783879647031426, 0.0002506548771634698, 0.0001736732228891924, 0.00010608602315187454, 5.6084034440573305e-05, 4.8057740059448406e-05, 4.3909865780733526e-05, 6.274147744989023e-05, 0.00010757543350337073, 0.00012776038784068078, 7.965599070303142e-05, 5.121701906318776e-05, 5.3243536967784166e-05, 3.854435635730624e-05, 2.7492538720252924e-05, 2.2267631720751524e-05, 2.4025630409596488e-05, 2.230336940556299e-05, 2.107752879965119e-05, 1.609659921086859e-05, 1.3942004443379119e-05, 1.2760484423779417e-05, 9.320860954176169e-06, 1.038361278915545e-05, 7.905086931714322e-06, 5.65260734219919e-06, 4.3085510696982965e-06, 3.476414121905691e-06, 3.4374661481706426e-06, 3.4642077935131965e-06, 3.3348774195474107e-06, 2.5404228836123366e-06, 2.859373580577085e-06, 3.6018670925841434e-06, 2.927833747889963e-06, 2.4463547561026644e-06, 1.8477689991414081e-06], "lowlevel.melbands128.mean": [0.001220783102326095, 0.014224622398614883, 0.022346507757902145, 0.01337912492454052, 0.005030514672398567, 0.0022662163246423006, 0.0015333662740886211, 0.0018328077858313918, 0.001742684282362461, 0.0007234470685943961, 0.0002989846107084304, 0.0002713071007747203, 0.00019663121202029288, 4.479872222873382e-05, 0.00023837437038309872, 0.00039211916737258434, 9.484260954195634e-05, 0.00012423039879649878, 0.00010767290223157033, 2.3851791411289014e-05, 7.442935748258606e-05, 0.00010843932250281796, 1.8417604223941453e-05, 2.758819391601719e-05, 2.8596288757398725e-05, 2.505077645764686e-05, 4.2723113438114524e-05, 2.6779976906254888e-05, 4.290973811293952e-05, 3.8127938751131296e-05, 7.086706318659708e-05, 5.35018953087274e-05, 4.336804704507813e-05, 3.404667222639546e-05, 3.6555797123583034e-05, 2.4993842089315876e-05, 1.9559915017453022e-05, 1.8746519344858825e-05, 2.0628609490813687e-05, 2.253267120977398e-05, 2.611986201372929e-05, 3.310860483907163e-05, 2.039414903265424e-05, 1.3688039871340152e-05, 1.2520589734776877e-05, 1.0532308806432411e-05, 9.224871973856352e-06, 9.089309060072992e-06, 9.608016625861637e-06, 1.0089826901094057e-05, 8.876019819581416e-06, 9.520596904621925e-06, 9.744705494085792e-06, 7.691269274801016e-06, 7.974441359692719e-06, 8.334546691912692e-06, 7.54741859054775e-06, 5.890008651476819e-06, 5.508672074938659e-06, 4.858686224906705e-06, 4.462979632080533e-06, 4.889618139714003e-06, 5.346109901438467e-06, 4.86174076286261e-06, 3.677228278320399e-06, 3.593824658310041e-06, 3.737115093827015e-06, 3.7826141578989336e-06, 4.899280156678287e-06, 3.394495251995977e-06, 3.209238684576121e-06, 3.1639167445973726e-06, 2.744842049651197e-06, 2.7230857995164115e-06, 2.157798007829115e-06, 2.26916063184035e-06, 2.390740746704978e-06, 1.7099704336942523e-06, 1.811960942177393e-06, 1.707419414742617e-06, 1.9635588159871986e-06, 2.073004452540772e-06, 2.0884619971184293e-06, 2.240597268610145e-06, 2.2600931970373495e-06, 2.122654223057907e-06, 2.1117068627063418e-06, 1.8913649455498671e-06, 1.3223276482676738e-06, 1.5092768990143668e-06, 1.8087536091115908e-06, 1.7478863583164639e-06, 1.7640631995163858e-06, 2.4349885734409327e-06, 2.691249392228201e-06, 2.424523700028658e-06, 1.5092798548721476e-06, 1.1338673857608228e-06, 1.759884185048577e-06, 1.6699979141776566e-06, 9.515316037322918e-07, 1.0462794080012827e-06, 8.263174890998926e-07, 1.1635861483227927e-06, 8.655221108710975e-07, 1.1790864391514333e-06, 1.2639197848329786e-06, 1.1157794688188005e-06, 1.0961348380078562e-06, 1.5070802419359097e-06, 1.60322622377862e-06, 1.9187696125300135e-06, 1.487956410528568e-06, 1.1832617019535974e-06, 1.0653380968506099e-06, 1.0647174804034876e-06, 4.986273438589706e-07, 9.480779716852794e-09, 1.4377171675405975e-09, 1.0899382507645328e-09, 9.085587837631692e-10, 2.3919821678930475e-10, 1.527340233453689e-11, 1.4428403784239041e-11, 1.3211014747438465e-11, 1.1650193830481381e-11, 1.0864221848538858e-11, 1.0707427999800956e-11], "lowlevel.melbands128.stdev": [0.0022026528604328632, 0.024482788518071175, 0.03695899620652199, 0.024988636374473572, 0.014584610238671303, 0.00936149526387453, 0.006658968515694141, 0.004689684137701988, 0.0026418801862746477, 0.0012827913742512465, 0.000648834160529077, 0.0003958353481721133, 0.00023018175852485, 5.6266730098286644e-05, 0.00019261323905084282, 0.00030818305094726384, 7.742655725451186e-05, 0.00017183402087539434, 0.00012873488594777882, 3.577455572667532e-05, 7.706604083068669e-05, 0.00011591779912123457, 3.352998828631826e-05, 5.207348658586852e-05, 5.457111547002569e-05, 4.667306347982958e-05, 7.469345291610807e-05, 7.227181777125224e-05, 8.003861148608848e-05, 9.161842899629846e-05, 0.00014789147826377302, 0.00015445231110788882, 0.00015864887973293662, 0.00012489424261730164, 0.00011111969070043415, 7.745928451186046e-05, 6.765747821191326e-05, 5.8162295317742974e-05, 5.0593818741617724e-05, 5.879883610759862e-05, 6.461873999796808e-05, 5.8258814533473924e-05, 4.3825919419759884e-05, 3.928797013941221e-05, 3.31822557200212e-05, 2.9444991014315747e-05, 2.6611767680151388e-05, 2.4089131329674274e-05, 2.4867887987056747e-05, 2.6852543669519946e-05, 2.6208294002572075e-05, 2.745149322436191e-05, 2.7183499696548097e-05, 2.17116412386531e-05, 2.2592621462536044e-05, 2.419655902485829e-05, 2.2864807760925032e-05, 1.7600945284357294e-05, 1.683173468336463e-05, 1.7625347027205862e-05, 1.3733349987887777e-05, 1.5592451745760627e-05, 1.6598994989180937e-05, 1.4054448911338113e-05, 9.704261174192652e-06, 9.895519724523183e-06, 1.0442522579978686e-05, 1.0027314601757098e-05, 1.4168594134389423e-05, 9.482052519160789e-06, 8.84418113855645e-06, 8.002601134649012e-06, 6.762838438589824e-06, 6.215486337168841e-06, 5.040245468990179e-06, 4.627047474059509e-06, 5.177502316655591e-06, 3.6276101127441507e-06, 3.866663519147551e-06, 3.621471933001885e-06, 3.8205230339372065e-06, 3.817639480985235e-06, 3.7370821246440755e-06, 3.855920112982858e-06, 3.88673151974217e-06, 3.697454303619452e-06, 3.767541102206451e-06, 3.52287520399841e-06, 2.467995045662974e-06, 2.7045073238696204e-06, 3.4190015867352486e-06, 3.148732957924949e-06, 3.1888434932625387e-06, 4.208618975098943e-06, 4.279545464669354e-06, 4.239123882143758e-06, 2.7575110834732186e-06, 2.1433500023704255e-06, 3.0124660952424165e-06, 3.0004184736753814e-06, 2.1189332528592786e-06, 2.0722002318507293e-06, 1.6840036778376088e-06, 2.222427610831801e-06, 1.6126721220643958e-06, 2.2332972093863646e-06, 2.4568371372879483e-06, 2.398530568825663e-06, 2.213948391727172e-06, 2.941420916613424e-06, 2.8597248729056446e-06, 3.3490352961962344e-06, 2.4583803224231815e-06, 1.8349660422245506e-06, 1.6999366607706179e-06, 1.8075509160553338e-06, 1.0203075362369418e-06, 5.272067937767133e-08, 4.18634193977141e-08, 3.679797444533506e-08, 3.2187060128308076e-08, 8.575778309705129e-09, 9.366280667721938e-11, 8.05727637387399e-11, 5.518637630208545e-11, 2.6393543600677916e-11, 1.9408964019307362e-11, 1.920846641467744e-11], "lowlevel.mfcc.mean": [-700.2384033203125, 134.91647338867188, 39.75630569458008, 10.96902847290039, 5.153895378112793, 11.630873680114746, -1.289465308189392, -0.905523419380188, -3.8270819187164307, 0.8381826281547546, -5.501180171966553, -0.285684734582901, -2.479102849960327], "lowlevel.spectral_contrast_coeffs.mean": [-0.6049138903617859, -0.735274612903595, -0.7834632992744446, -0.8280683755874634, -0.838919460773468, -0.7794342637062073], "lowlevel.spectral_contrast_coeffs.stdev": [0.0910487249493599, 0.05566156283020973, 0.05155550315976143, 0.03311683610081673, 0.02580953948199749, 0.04283825308084488], "lowlevel.spectral_contrast_valleys.mean": [-7.378203392028809, -7.0914626121521, -7.864988803863525, -8.209179878234863, -8.4945650100708, -10.690152168273926], "lowlevel.spectral_contrast_valleys.stdev": [1.1965761184692383, 0.7201739549636841, 0.9811406135559082, 1.0960067510604858, 1.3462954759597778, 1.6012412309646606], "rhythm.beats_loudness_band_ratio.mean": [0.9653429388999939, 0.014434627257287502, 0.005341935437172651, 0.00887465849518776, 0.006353500299155712, 0.005894414149224758], "rhythm.beats_loudness_band_ratio.stdev": [0.026397574692964554, 0.009967129677534103, 0.003090128069743514, 0.00970589742064476, 0.007763469126075506, 0.006264969706535339], "tonal.hpcp.mean": [0.09001980721950531, 0.09050601720809937, 0.08725453168153763, 0.03937821090221405, 0.03374727442860603, 0.03491578996181488, 0.03516162186861038, 0.0349036268889904, 0.026621630415320396, 0.027080638334155083, 0.1012977883219719, 0.18757250905036926, 0.11524663120508194, 0.02898954227566719, 0.04812378063797951, 0.06578169763088226, 0.05562761425971985, 0.035768553614616394, 0.0294928178191185, 0.0346403568983078, 0.03321866691112518, 0.029218820855021477, 0.029905643314123154, 0.028500080108642578, 0.03581829369068146, 0.3364236652851105, 0.4918491244316101, 0.19242382049560547, 0.024981366470456123, 0.024377206340432167, 0.02664642594754696, 0.026235470548272133, 0.0955369621515274, 0.24509166181087494, 0.24413111805915833, 0.14287373423576355], "tonal.hpcp.stdev": [0.19599801301956177, 0.1748146414756775, 0.1764780431985855, 0.12727141380310059, 0.13040649890899658, 0.13481943309307098, 0.13447539508342743, 0.14003096520900726, 0.11019965261220932, 0.11844170838594437, 0.15991392731666565, 0.23537947237491608, 0.16199111938476562, 0.12200168520212173, 0.1700870841741562, 0.2159479260444641, 0.18049755692481995, 0.13829419016838074, 0.10780899226665497, 0.11966695636510849, 0.11499924957752228, 0.11988126486539841, 0.12544205784797668, 0.10510042309761047, 0.13074739277362823, 0.3187617361545563, 0.447806715965271, 0.20958571135997772, 0.10469275712966919, 0.10443101823329926, 0.11596060544252396, 0.08556901663541794, 0.18060313165187836, 0.3839291036128998, 0.35619398951530457, 0.2607438862323761], "rhythm.beats_position": [0.5340589284896851, 1.0216779708862305, 1.5092970132827759, 1.9969160556793213, 2.496145009994507, 2.972154140472412, 3.459773063659668, 3.947392225265503, 4.435011386871338, 4.911020278930664, 5.39863920211792, 5.874648571014404, 6.36226749420166, 6.849886417388916, 7.3258957862854, 7.801904678344727, 8.28952407836914, 8.777142524719238, 9.264761924743652, 9.75238037109375, 10.239999771118164, 10.716009140014648, 11.203627586364746, 11.67963695526123, 12.167256355285645, 12.654874801635742, 13.142494201660156, 13.61850357055664, 14.106122016906738, 14.582131385803223, 15.06974983215332, 15.557369232177734, 16.04498863220215, 16.520998001098633, 17.008617401123047, 17.4846248626709, 17.972244262695312, 18.459863662719727, 18.94748306274414, 19.423492431640625, 19.899499893188477, 20.38711929321289, 20.874738693237305, 21.36235809326172, 21.849977493286133, 22.325986862182617, 22.8136043548584, 23.289613723754883, 23.777233123779297, 24.26485252380371, 24.752471923828125, 25.240089416503906, 25.72770881652832, 26.192108154296875, 26.67972755432129, 27.167346954345703, 27.654966354370117, 28.1425838470459, 28.618593215942383, 29.094602584838867, 29.58222198486328, 30.069841384887695, 30.557458877563477, 31.04507827758789, 31.532697677612305, 32.008705139160156, 32.4963264465332, 32.97233581542969, 33.45995330810547, 33.947574615478516, 34.4351921081543, 34.89958953857422, 35.387210845947266, 35.87482833862305, 36.362449645996094, 36.850067138671875, 37.337684631347656, 37.81369400024414, 38.30131530761719, 38.77732467651367, 39.26494216918945, 39.7525634765625], "rhythm.bpm_histogram": [0.0, 0.0, 0.0, 0.0, 0.0, 0.0, 0.0, 0.0, 0.0, 0.0, 0.0, 0.0, 0.0, 0.0, 0.0, 0.0, 0.0, 0.0, 0.0, 0.0, 0.0, 0.0, 0.0, 0.0, 0.0, 0.0, 0.0, 0.0, 0.0, 0.0, 0.0, 0.0, 0.0, 0.0, 0.0, 0.0, 0.0, 0.0, 0.0, 0.0, 0.0, 0.0, 0.0, 0.0, 0.0, 0.0, 0.0, 0.0, 0.0, 0.0, 0.0, 0.0, 0.0, 0.0, 0.0, 0.0, 0.0, 0.0, 0.0, 0.0, 0.0, 0.0, 0.0, 0.0, 0.0, 0.0, 0.0, 0.0, 0.0, 0.0, 0.0, 0.0, 0.0, 0.0, 0.0, 0.0, 0.0, 0.0, 0.0, 0.0, 0.0, 0.0, 0.0, 0.0, 0.0, 0.0, 0.0, 0.0, 0.0, 0.0, 0.0, 0.0, 0.0, 0.0, 0.0, 0.0, 0.0, 0.0, 0.0, 0.0, 0.0, 0.0, 0.0, 0.0, 0.0, 0.0, 0.0, 0.0, 0.0, 0.0, 0.0, 0.0, 0.0, 0.0, 0.0, 0.0, 0.0, 0.0, 0.0, 0.0, 0.012345679104328156, 0.0, 0.0, 0.7037037014961243, 0.0, 0.0, 0.25925925374031067, 0.0, 0.0, 0.02469135820865631, 0.0, 0.0, 0.0, 0.0, 0.0, 0.0, 0.0, 0.0, 0.0, 0.0, 0.0, 0.0, 0.0, 0.0, 0.0, 0.0, 0.0, 0.0, 0.0, 0.0, 0.0, 0.0, 0.0, 0.0, 0.0, 0.0, 0.0, 0.0, 0.0, 0.0, 0.0, 0.0, 0.0, 0.0, 0.0, 0.0, 0.0, 0.0, 0.0, 0.0, 0.0, 0.0, 0.0, 0.0, 0.0, 0.0, 0.0, 0.0, 0.0, 0.0, 0.0, 0.0, 0.0, 0.0, 0.0, 0.0, 0.0, 0.0, 0.0, 0.0, 0.0, 0.0, 0.0, 0.0, 0.0, 0.0, 0.0, 0.0, 0.0, 0.0, 0.0, 0.0, 0.0, 0.0, 0.0, 0.0, 0.0, 0.0, 0.0, 0.0, 0.0, 0.0, 0.0, 0.0, 0.0, 0.0, 0.0, 0.0, 0.0, 0.0, 0.0, 0.0, 0.0, 0.0, 0.0, 0.0, 0.0, 0.0, 0.0, 0.0, 0.0, 0.0, 0.0, 0.0, 0.0, 0.0, 0.0, 0.0, 0.0, 0.0, 0.0, 0.0, 0.0, 0.0, 0.0, 0.0, 0.0, 0.0, 0.0, 0.0], "tonal.chords_histogram": [0.0, 0.0, 0.0, 0.0, 0.0, 0.0, 0.0, 0.0, 0.0, 0.0, 83.79629516601562, 0.0, 0.0, 0.0, 0.0, 0.0, 0.0, 16.203702926635742, 0.0, 0.0, 0.0, 0.0, 0.0, 0.0], "tonal.thpcp": [1.0, 0.39122530817985535, 0.05079071223735809, 0.04956236481666565, 0.05417601764202118, 0.05334048345685005, 0.19424037635326385, 0.49830660223960876, 0.4963536560535431, 0.29048284888267517, 0.18302321434020996, 0.18401174247264862, 0.17740100622177124, 0.08006156235933304, 0.06861305981874466, 0.07098881900310516, 0.0714886337518692, 0.07096409052610397, 0.054125603288412094, 0.055058833211660385, 0.2059529721736908, 0.38136187195777893, 0.2343129813671112, 0.05893990769982338, 0.09784256666898727, 0.13374364376068115, 0.11309894174337387, 0.07272261381149292, 0.05996314063668251, 0.07042882591485977, 0.06753832846879959, 0.059406064450740814, 0.06080247461795807, 0.05794475972652435, 0.07282374054193497, 0.6839976906776428], "lowlevel.gfcc.cov": [[7508.18798828125, -3921.747314453125, -863.97802734375, 667.2891845703125, -201.1334991455078, 494.1211853027344, -289.1924743652344, 429.5307312011719, -675.9379272460938, 206.77728271484375, -581.6505737304688, 252.75628662109375, -610.4085083007812], [-3921.747314453125, 4595.05810546875, 687.6337890625, 59.855525970458984, 1388.598388671875, -36.64617919921875, 894.3660278320312, -23.016643524169922, 1005.0419311523438, -9.8474702835083, 779.9485473632812, -190.7181854248047, 666.9237670898438], [-863.97802734375, 687.6337890625, 920.5142211914062, 35.28091812133789, 172.39854431152344, 131.0444793701172, 183.01626586914062, 49.6625862121582, 190.95362854003906, 129.88168334960938, 128.8116455078125, 19.331327438354492, 96.10259246826172], [667.2891845703125, 59.855525970458984, 35.28091812133789, 538.9171142578125, 408.7737731933594, 234.38519287109375, 275.1983947753906, 194.0941162109375, 169.9811553955078, 135.20652770996094, 130.0348358154297, 70.56561279296875, 68.19294738769531], [-201.1334991455078, 1388.598388671875, 172.39854431152344, 408.7737731933594, 1047.1795654296875, 252.09349060058594, 576.76611328125, 231.25399780273438, 469.9998779296875, 158.18316650390625, 356.2623291015625, 9.173150062561035, 236.87400817871094], [494.1211853027344, -36.64617919921875, 131.0444793701172, 234.38519287109375, 252.09349060058594, 226.10195922851562, 186.98580932617188, 149.54258728027344, 93.42937469482422, 106.58760070800781, 61.21921920776367, 55.4893798828125, 13.156596183776855], [-289.1924743652344, 894.3660278320312, 183.01626586914062, 275.1983947753906, 576.76611328125, 186.98580932617188, 471.2375793457031, 180.27330017089844, 312.0415954589844, 98.42326354980469, 252.4392547607422, 35.719383239746094, 169.21722412109375], [429.5307312011719, -23.016643524169922, 49.6625862121582, 194.0941162109375, 231.25399780273438, 149.54258728027344, 180.27330017089844, 182.27281188964844, 84.44509887695312, 93.76721954345703, 52.988800048828125, 61.64701461791992, 13.726522445678711], [-675.9379272460938, 1005.0419311523438, 190.95362854003906, 169.9811553955078, 469.9998779296875, 93.42937469482422, 312.0415954589844, 84.44509887695312, 361.3761901855469, 90.53677368164062, 251.53289794921875, -0.051142409443855286, 181.42431640625], [206.77728271484375, -9.8474702835083, 129.88168334960938, 135.20652770996094, 158.18316650390625, 106.58760070800781, 98.42326354980469, 93.76721954345703, 90.53677368164062, 132.22157287597656, 69.59441375732422, 52.18663787841797, 22.163551330566406], [-581.6505737304688, 779.9485473632812, 128.8116455078125, 130.0348358154297, 356.2623291015625, 61.21921920776367, 252.4392547607422, 52.988800048828125, 251.53289794921875, 69.59441375732422, 247.55043029785156, 26.571870803833008, 166.92047119140625], [252.75628662109375, -190.7181854248047, 19.331327438354492, 70.56561279296875, 9.173150062561035, 55.4893798828125, 35.719383239746094, 61.64701461791992, -0.051142409443855286, 52.18663787841797, 26.571870803833008, 102.25847625732422, 11.558725357055664], [-610.4085083007812, 666.9237670898438, 96.10259246826172, 68.19294738769531, 236.87400817871094, 13.156596183776855, 169.21722412109375, 13.726522445678711, 181.42431640625, 22.163551330566406, 166.92047119140625, 11.558725357055664, 160.51760864257812]], "lowlevel.gfcc.icov": [[0.0004679490812122822, 0.00025848083896562457, 0.00023215936380438507, -0.0002726535894908011, -0.0005316209862940013, -0.000408267107559368, 8.261129551101476e-05, -2.1421075871330686e-05, 0.00027511941152624786, -9.196665632771328e-05, 0.00037285141297616065, -0.0004126034618820995, 0.0007588324951939285], [0.00025848083896562457, 0.002311713295057416, -0.0008583567687310278, 0.000700655800756067, -0.001768383546732366, 0.0016077556647360325, -0.0010580586967989802, 0.0006511148530989885, -0.002403534948825836, 0.0027685174718499184, -0.0007793695549480617, 0.001610947190783918, -0.0018392978236079216], [0.00023215936380438507, -0.0008583567687310278, 0.002245535608381033, 0.00017954391660168767, 0.0009987965459004045, -0.0024375137872993946, -0.0003635987814050168, 0.0007862616912461817, 0.0007483913213945925, -0.003483506152406335, 0.001510953763499856, -0.00047051659203134477, 0.00016820653399918228], [-0.0002726535894908011, 0.000700655800756067, 0.00017954391660168767, 0.004737023264169693, -0.0006163204088807106, -0.0021086116321384907, -0.0006935478304512799, -0.00060702592600137, -0.0010460602352395654, -0.0001878506736829877, -0.00035835959715768695, 0.0009783373679965734, -0.0026920526288449764], [-0.0005316209862940013, -0.001768383546732366, 0.0009987965459004045, -0.0006163204088807106, 0.005881709977984428, -0.00200810213573277, -0.0016552978195250034, -0.001655513420701027, -0.00014440040104091167, -0.0029265147168189287, -0.000778480083681643, 0.0021333815529942513, -0.00041563992272131145], [-0.000408267107559368, 0.0016077556647360325, -0.0024375137872993946, -0.0021086116321384907, -0.00200810213573277, 0.01752118207514286, -0.004361824132502079, -0.0024408227764070034, -0.0017375313909724355, -0.0007076278561726213, 0.0005670288810506463, -0.0004173738998360932, 0.0019587953574955463], [8.261129551101476e-05, -0.0010580586967989802, -0.0003635987814050168, -0.0006935478304512799, -0.0016552978195250034, -0.004361824132502079, 0.014473126269876957, -0.008977849036455154, -0.00036027186433784664, 0.005527196917682886, -0.0063171107321977615, 9.20062666409649e-05, -0.00026055300259031355], [-2.1421075871330686e-05, 0.0006511148530989885, 0.0007862616912461817, -0.00060702592600137, -0.001655513420701027, -0.0024408227764070034, -0.008977849036455154, 0.02304341085255146, -0.0020228188950568438, -0.006164954509586096, 0.007639988325536251, -0.0069048902951180935, 0.0028273682110011578], [0.00027511941152624786, -0.002403534948825836, 0.0007483913213945925, -0.0010460602352395654, -0.00014440040104091167, -0.0017375313909724355, -0.00036027186433784664, -0.0020228188950568438, 0.01839859038591385, -0.007579255383461714, -0.005601414944976568, 0.0033028845209628344, -0.002224292140454054], [-9.196665632771328e-05, 0.0027685174718499184, -0.003483506152406335, -0.0001878506736829877, -0.0029265147168189287, -0.0007076278561726213, 0.005527196917682886, -0.006164954509586096, -0.007579255383461714, 0.026208940893411636, -0.008822057396173477, -0.0028960215859115124, 0.0037201077211648226], [0.00037285141297616065, -0.0007793695549480617, 0.001510953763499856, -0.00035835959715768695, -0.000778480083681643, 0.0005670288810506463, -0.0063171107321977615, 0.007639988325536251, -0.005601414944976568, -0.008822057396173477, 0.028834311291575432, -0.0068079037591814995, -0.010933051817119122], [-0.0004126034618820995, 0.001610947190783918, -0.00047051659203134477, 0.0009783373679965734, 0.0021333815529942513, -0.0004173738998360932, 9.20062666409649e-05, -0.0069048902951180935, 0.0033028845209628344, -0.0028960215859115124, -0.0068079037591814995, 0.021629447117447853, -0.008827950805425644], [0.0007588324951939285, -0.0018392978236079216, 0.00016820653399918228, -0.0026920526288449764, -0.00041563992272131145, 0.0019587953574955463, -0.00026055300259031355, 0.0028273682110011578, -0.002224292140454054, 0.0037201077211648226, -0.010933051817119122, -0.008827950805425644, 0.03229132667183876]], "lowlevel.mfcc.cov": [[7693.54248046875, -4108.94091796875, -987.1533203125, -26.702133178710938, -69.31314086914062, 10.389928817749023, 195.0795135498047, 144.71377563476562, -50.56322479248047, -117.75972747802734, -20.45124053955078, -90.74703216552734, -128.9813995361328], [-4108.94091796875, 4110.9033203125, 207.59962463378906, 547.5966796875, 589.4273681640625, 403.3003845214844, 267.0958557128906, 251.62208557128906, 360.55828857421875, 376.343994140625, 278.4105224609375, 300.97589111328125, 290.1980895996094], [-987.1533203125, 207.59962463378906, 791.1734008789062, -82.39584350585938, -65.97452545166016, -3.4155728816986084, -51.363033294677734, -74.95005798339844, -12.408036231994629, -8.79671859741211, 8.858278274536133, -8.915440559387207, -8.062009811401367], [-26.702133178710938, 547.5966796875, -82.39584350585938, 465.7496643066406, 298.74066162109375, 277.1723937988281, 239.3049774169922, 210.19700622558594, 195.94407653808594, 191.02281188964844, 168.57177734375, 171.8938446044922, 152.51028442382812], [-69.31314086914062, 589.4273681640625, -65.97452545166016, 298.74066162109375, 358.0572204589844, 242.75399780273438, 197.08273315429688, 149.71742248535156, 173.63272094726562, 169.12191772460938, 167.29360961914062, 140.30482482910156, 129.91358947753906], [10.389928817749023, 403.3003845214844, -3.4155728816986084, 277.1723937988281, 242.75399780273438, 267.89990234375, 194.4543914794922, 161.4996795654297, 153.64234924316406, 157.0159912109375, 144.56350708007812, 140.51583862304688, 115.70771789550781], [195.0795135498047, 267.0958557128906, -51.363033294677734, 239.3049774169922, 197.08273315429688, 194.4543914794922, 264.61602783203125, 182.79904174804688, 155.95333862304688, 123.47378540039062, 135.34292602539062, 121.03762817382812, 114.43985748291016], [144.71377563476562, 251.62208557128906, -74.95005798339844, 210.19700622558594, 149.71742248535156, 161.4996795654297, 182.79904174804688, 206.7857208251953, 140.57528686523438, 111.4966049194336, 101.3519287109375, 115.40020751953125, 101.41157531738281], [-50.56322479248047, 360.55828857421875, -12.408036231994629, 195.94407653808594, 173.63272094726562, 153.64234924316406, 155.95333862304688, 140.57528686523438, 166.96157836914062, 125.30307006835938, 116.80785369873047, 103.61299896240234, 91.03763580322266], [-117.75972747802734, 376.343994140625, -8.79671859741211, 191.02281188964844, 169.12191772460938, 157.0159912109375, 123.47378540039062, 111.4966049194336, 125.30307006835938, 155.2104034423828, 118.97213745117188, 104.943115234375, 77.86729431152344], [-20.45124053955078, 278.4105224609375, 8.858278274536133, 168.57177734375, 167.29360961914062, 144.56350708007812, 135.34292602539062, 101.3519287109375, 116.80785369873047, 118.97213745117188, 153.87893676757812, 108.61427307128906, 82.63874816894531], [-90.74703216552734, 300.97589111328125, -8.915440559387207, 171.8938446044922, 140.30482482910156, 140.51583862304688, 121.03762817382812, 115.40020751953125, 103.61299896240234, 104.943115234375, 108.61427307128906, 131.04043579101562, 93.75366973876953], [-128.9813995361328, 290.1980895996094, -8.062009811401367, 152.51028442382812, 129.91358947753906, 115.70771789550781, 114.43985748291016, 101.41157531738281, 91.03763580322266, 77.86729431152344, 82.63874816894531, 93.75366973876953, 119.44930267333984]], "lowlevel.mfcc.icov": [[0.0005351332947611809, 0.0006177962059155107, 0.0004157124203629792, 5.828036228194833e-05, -0.0005248966626822948, -0.0002765655517578125, -0.00031395957921631634, -0.00039918781840242445, -0.0001481826329836622, 6.91088498570025e-05, -0.00012084687477909029, 0.0002120177960023284, 0.0004941333900205791], [0.0006177962059155107, 0.0010943029774352908, 0.000334553187713027, 1.4192535672918893e-05, -0.0011468268930912018, -9.171060810331255e-06, -0.00012559074093587697, -0.0003081177710555494, -0.000527236086782068, -0.0005151073564775288, 0.00039902361459098756, -8.72852688189596e-05, 0.00018114762497134507], [0.0004157124203629792, 0.000334553187713027, 0.0018863844452425838, 0.00045211729593575, 0.0007627427112311125, -0.0015169430989772081, -9.397866961080581e-05, 0.0009599399636499584, -0.0009463458554819226, 0.00041731170495040715, -0.000893218966666609, 0.00031975217279978096, -8.271327533293515e-05], [5.828036228194833e-05, 1.4192535672918893e-05, 0.00045211729593575, 0.007338969502598047, -0.0016855034045875072, -0.003015568945556879, -0.0008215075940825045, -0.0011056583607569337, -0.0004982207901775837, -0.0019102696096524596, 0.0013485630042850971, -0.0010973862372338772, -0.0012779142707586288], [-0.0005248966626822948, -0.0011468268930912018, 0.0007627427112311125, -0.0016855034045875072, 0.011807716451585293, -0.0053314627148211, -0.00011633124813670292, 0.0035812677815556526, -0.0027674129232764244, -0.00022406023344956338, -0.004186777863651514, 0.0025949415285140276, -0.0030687423422932625], [-0.0002765655517578125, -9.171060810331255e-06, -0.0015169430989772081, -0.003015568945556879, -0.0053314627148211, 0.01882614940404892, -0.003400496207177639, -0.0019123007077723742, 0.002282305620610714, -0.005772143602371216, 0.0015952779212966561, -0.005044194404035807, 0.0007937349146232009], [-0.00031395957921631634, -0.00012559074093587697, -9.397866961080581e-05, -0.0008215075940825045, -0.00011633124813670292, -0.003400496207177639, 0.014692344702780247, -0.006692147348076105, -0.003245095955207944, 0.0035531932953745127, -0.0051813991740345955, 0.0032179674599319696, -0.0027495643589645624], [-0.00039918781840242445, -0.0003081177710555494, 0.0009599399636499584, -0.0011056583607569337, 0.0035812677815556526, -0.0019123007077723742, -0.006692147348076105, 0.020447123795747757, -0.008507799357175827, -0.0006142324418760836, 0.005126141477376223, -0.007001582067459822, -0.002362999599426985], [-0.0001481826329836622, -0.000527236086782068, -0.0009463458554819226, -0.0004982207901775837, -0.0027674129232764244, 0.002282305620610714, -0.003245095955207944, -0.008507799357175827, 0.02706134505569935, -0.00866358820348978, -0.004104293417185545, 0.0026330663822591305, -0.001379920169711113], [6.91088498570025e-05, -0.0005151073564775288, 0.00041731170495040715, -0.0019102696096524596, -0.00022406023344956338, -0.005772143602371216, 0.0035531932953745127, -0.0006142324418760836, -0.00866358820348978, 0.02792735956609249, -0.008441531099379063, -0.004032849334180355, 0.004148429725319147], [-0.00012084687477909029, 0.00039902361459098756, -0.000893218966666609, 0.0013485630042850971, -0.004186777863651514, 0.0015952779212966561, -0.0051813991740345955, 0.005126141477376223, -0.004104293417185545, -0.008441531099379063, 0.026457885280251503, -0.012128680944442749, 0.000584467314183712], [0.0002120177960023284, -8.72852688189596e-05, 0.00031975217279978096, -0.0010973862372338772, 0.0025949415285140276, -0.005044194404035807, 0.0032179674599319696, -0.007001582067459822, 0.0026330663822591305, -0.004032849334180355, -0.012128680944442749, 0.03457387909293175, -0.011334361508488655], [0.0004941333900205791, 0.00018114762497134507, -8.271327533293515e-05, -0.0012779142707586288, -0.0030687423422932625, 0.0007937349146232009, -0.0027495643589645624, -0.002362999599426985, -0.001379920169711113, 0.004148429725319147, 0.000584467314183712, -0.011334361508488655, 0.02413957007229328]], "metadata.audio_properties.analysis.downmix": "mix", "metadata.audio_properties.codec": "mp3", "metadata.audio_properties.md5_encoded": "d3cc2e21c41958fd03604e44d88cd08d", "metadata.tags.file_name": "1183655388642562058.mp3", "metadata.version.essentia": "2.1-beta6-dev", "metadata.version.essentia_git_sh