{"song_id": "1183697584661987428", "download": "https://cdn.discordapp.com/attachments/1135911532732108921/1183697584661987428/chirp.mp4?ex=65894748&amp", "lyrics": "[Verse]\nTesting the software, that's my role\nFinding those bugs, I'm in control\nWith a magnifying glass, I dig deep\nNo error can hide, no bug can creep\n\n[Chorus]\nManual QA, it's my groove\nUnveiling the flaws, making it smooth\nClicking and typing, I'm in my zone\nBringing quality to every line of code", "style": ["funky"], "essentia_features": {"lowlevel.average_loudness": 0.9353776574134827, "lowlevel.barkbands_crest.mean": 13.077959060668945, "lowlevel.barkbands_crest.stdev": 5.475314140319824, "lowlevel.barkbands_flatness_db.mean": 0.21187253296375275, "lowlevel.barkbands_flatness_db.stdev": 0.07993371039628983, "lowlevel.barkbands_kurtosis.mean": 13.394430160522461, "lowlevel.barkbands_kurtosis.stdev": 41.6552734375, "lowlevel.barkbands_skewness.mean": 1.8205069303512573, "lowlevel.barkbands_skewness.stdev": 2.8504178524017334, "lowlevel.barkbands_spread.mean": 21.9007625579834, "lowlevel.barkbands_spread.stdev": 18.80863380432129, "lowlevel.dissonance.mean": 0.4587363004684448, "lowlevel.dissonance.stdev": 0.0454845204949379, "lowlevel.dynamic_complexity": 4.426391124725342, "lowlevel.erbbands_crest.mean": 12.130899429321289, "lowlevel.erbbands_crest.stdev": 5.936912536621094, "lowlevel.erbbands_flatness_db.mean": 0.21798795461654663, "lowlevel.erbbands_flatness_db.stdev": 0.07297055423259735, "lowlevel.erbbands_kurtosis.mean": 2.0155725479125977, "lowlevel.erbbands_kurtosis.stdev": 5.145055294036865, "lowlevel.erbbands_skewness.mean": 0.17432959377765656, "lowlevel.erbbands_skewness.stdev": 1.403465986251831, "lowlevel.erbbands_spread.mean": 36.539710998535156, "lowlevel.erbbands_spread.stdev": 24.723712921142578, "lowlevel.hfc.mean": 19.22755241394043, "lowlevel.hfc.stdev": 24.51614761352539, "lowlevel.loudness_ebu128.integrated": -17.27339744567871, "lowlevel.loudness_ebu128.loudness_range": 4.668845176696777, "lowlevel.loudness_ebu128.momentary.mean": -18.3365535736084, "lowlevel.loudness_ebu128.momentary.stdev": 3.445917844772339, "lowlevel.loudness_ebu128.short_term.mean": -17.84992790222168, "lowlevel.loudness_ebu128.short_term.stdev": 1.8221347332000732, "lowlevel.melbands_crest.mean": 17.785799026489258, "lowlevel.melbands_crest.stdev": 6.91341495513916, "lowlevel.melbands_flatness_db.mean": 0.255682110786438, "lowlevel.melbands_flatness_db.stdev": 0.10698264837265015, "lowlevel.melbands_kurtosis.mean": 32.781044006347656, "lowlevel.melbands_kurtosis.stdev": 81.05663299560547, "lowlevel.melbands_skewness.mean": 3.2567131519317627, "lowlevel.melbands_skewness.stdev": 3.550586462020874, "lowlevel.melbands_spread.mean": 30.01433753967285, "lowlevel.melbands_spread.stdev": 35.85190200805664, "lowlevel.pitch_salience.mean": 0.46817246079444885, "lowlevel.pitch_salience.stdev": 0.17700806260108948, "lowlevel.silence_rate_20dB.mean": 1.0, "lowlevel.silence_rate_20dB.stdev": 0.0, "lowlevel.silence_rate_30dB.mean": 0.9599018096923828, "lowlevel.silence_rate_30dB.stdev": 0.1961880922317505, "lowlevel.silence_rate_60dB.mean": 0.1620294600725174, "lowlevel.silence_rate_60dB.stdev": 0.3684815764427185, "lowlevel.spectral_centroid.mean": 1744.944580078125, "lowlevel.spectral_centroid.stdev": 1026.734619140625, "lowlevel.spectral_complexity.mean": 11.045008659362793, "lowlevel.spectral_complexity.stdev": 9.630428314208984, "lowlevel.spectral_decrease.mean": -6.405556085553599e-09, "lowlevel.spectral_decrease.stdev": 8.233110193600623e-09, "lowlevel.spectral_energy.mean": 0.02592001110315323, "lowlevel.spectral_energy.stdev": 0.03191864863038063, "lowlevel.spectral_energyband_high.mean": 0.0009176909807138145, "lowlevel.spectral_energyband_high.stdev": 0.0022813682444393635, "lowlevel.spectral_energyband_low.mean": 0.013757015578448772, "lowlevel.spectral_energyband_low.stdev": 0.02715815044939518, "lowlevel.spectral_energyband_middle_high.mean": 0.0045284065417945385, "lowlevel.spectral_energyband_middle_high.stdev": 0.006771658081561327, "lowlevel.spectral_energyband_middle_low.mean": 0.007714850828051567, "lowlevel.spectral_energyband_middle_low.stdev": 0.010613403283059597, "lowlevel.spectral_entropy.mean": 7.3182148933410645, "lowlevel.spectral_entropy.stdev": 0.598379909992218, "lowlevel.spectral_flux.mean": 0.08649007230997086, "lowlevel.spectral_flux.stdev": 0.07067625224590302, "lowlevel.spectral_kurtosis.mean": 6.063645839691162, "lowlevel.spectral_kurtosis.stdev": 7.034674644470215, "lowlevel.spectral_rms.mean": 0.004200006369501352, "lowlevel.spectral_rms.stdev": 0.0027654606383293867, "lowlevel.spectral_rolloff.mean": 1992.4210205078125, "lowlevel.spectral_rolloff.stdev": 2400.88671875, "lowlevel.spectral_skewness.mean": 1.336423635482788, "lowlevel.spectral_skewness.stdev": 0.7533376812934875, "lowlevel.spectral_spread.mean": 3996669.0, "lowlevel.spectral_spread.stdev": 2204984.0, "lowlevel.spectral_strongpeak.mean": 1.1086817979812622, "lowlevel.spectral_strongpeak.stdev": 1.4425044059753418, "lowlevel.zerocrossingrate.mean": 0.06942065060138702, "lowlevel.zerocrossingrate.stdev": 0.06778151541948318, "metadata.audio_properties.analysis.equal_loudness": 0.0, "metadata.audio_properties.analysis.length": 28.329614639282227, "metadata.audio_properties.analysis.sample_rate": 44100.0, "metadata.audio_properties.analysis.start_time": 0.0, "metadata.audio_properties.bit_rate": 117347.0, "metadata.audio_properties.length": 28.33066749572754, "metadata.audio_properties.lossless": 0.0, "metadata.audio_properties.number_channels": 1.0, "metadata.audio_properties.replay_gain": -10.373039245605469, "metadata.audio_properties.sample_rate": 48000.0, "rhythm.beats_count": 49.0, "rhythm.beats_loudness.mean": 0.08310896903276443, "rhythm.beats_loudness.stdev": 0.049332719296216965, "rhythm.bpm": 104.44198608398438, "rhythm.bpm_histogram_first_peak_bpm": 103.0, "rhythm.bpm_histogram_first_peak_weight": 0.4888889193534851, "rhythm.bpm_histogram_second_peak_bpm": 108.0, "rhythm.bpm_histogram_second_peak_spread": 0.0, "rhythm.bpm_histogram_second_peak_weight": 0.0416666679084301, "rhythm.danceability": 1.2835544347763062, "rhythm.onset_rate": 4.479470729827881, "tonal.chords_changes_rate": 0.11274509876966476, "tonal.chords_number_rate": 0.022875817492604256, "tonal.chords_strength.mean": 0.4875892698764801, "tonal.chords_strength.stdev": 0.10293669998645782, "tonal.hpcp_crest.mean": 14.247689247131348, "tonal.hpcp_crest.stdev": 7.494217872619629, "tonal.hpcp_entropy.mean": 1.9846259355545044, "tonal.hpcp_entropy.stdev": 0.930550754070282, "tonal.key_edma.strength": 0.5862648487091064, "tonal.key_krumhansl.strength": 0.5963468551635742, "tonal.key_temperley.strength": 0.5788242816925049, "tonal.tuning_diatonic_strength": 0.5535253286361694, "tonal.tuning_equal_tempered_deviation": 0.17897962033748627, "tonal.tuning_frequency": 438.98455810546875, "tonal.tuning_nontempered_energy_ratio": 0.8724228739738464, "lowlevel.barkbands.mean": [0.00020016683265566826, 0.008808368816971779, 0.003872618079185486, 0.0011314660077914596, 0.0009583728387951851, 0.0007409246754832566, 0.0002501073759049177, 0.001623687450774014, 0.0028255546931177378, 0.0010947826085612178, 0.00067965715425089, 0.00048668860108591616, 0.00033232980058528483, 0.0002739862247835845, 0.00022778776474297047, 0.00024362518161069602, 0.0002378479257458821, 0.00020273073459975421, 0.0006018858402967453, 0.00036929157795384526, 0.00016662455163896084, 8.585440809838474e-05, 0.00011842924868687987, 0.0002395973278908059, 8.889356104191393e-05, 5.850555680808611e-05, 2.598393677999411e-07], "lowlevel.barkbands.stdev": [0.0005612874520011246, 0.02081621065735817, 0.00967524666339159, 0.0028153955936431885, 0.0019590575248003006, 0.001473131007514894, 0.0013294914970174432, 0.004634794779121876, 0.007606048136949539, 0.003968282602727413, 0.002179073868319392, 0.001409804099239409, 0.0009511524112895131, 0.000945844454690814, 0.0007203763234429061, 0.0004609882307704538, 0.0006408128538168967, 0.0005086520104669034, 0.0013341529993340373, 0.0006606337265111506, 0.00045698671601712704, 0.00027305990806780756, 0.00036681516212411225, 0.0011044549755752087, 0.00036779511719942093, 0.0005235406570136547, 3.510892611302552e-06], "lowlevel.erbbands.mean": [0.2457549124956131, 1.9865491390228271, 4.525635242462158, 4.673137664794922, 1.8685336112976074, 3.1392323970794678, 8.475136756896973, 4.579745292663574, 4.023464679718018, 7.151331424713135, 55.138092041015625, 70.17656707763672, 28.493879318237305, 37.82846450805664, 24.89845848083496, 20.489742279052734, 15.87018871307373, 13.422380447387695, 13.55873966217041, 12.482305526733398, 13.763166427612305, 13.168721199035645, 10.36772632598877, 23.123966217041016, 30.282880783081055, 17.125173568725586, 9.597623825073242, 4.962373733520508, 3.4461116790771484, 2.16267991065979, 3.6485934257507324, 5.95224666595459, 3.1265006065368652, 1.039346694946289, 0.634409487247467, 0.3494046628475189, 0.08909159153699875, 0.007815788500010967, 0.0001749329676385969, 3.97040530515369e-05], "lowlevel.erbbands.stdev": [0.6349754929542542, 4.876298904418945, 11.64034652709961, 10.188064575195312, 4.147421836853027, 7.054508686065674, 17.375577926635742, 11.137991905212402, 22.554351806640625, 20.332382202148438, 138.0759735107422, 194.8529510498047, 105.38298034667969, 101.56739807128906, 66.89043426513672, 58.21599197387695, 44.35001754760742, 36.73649978637695, 41.67173767089844, 35.690673828125, 25.60850715637207, 33.69445037841797, 24.141799926757812, 46.30201721191406, 70.00440979003906, 31.120370864868164, 23.0207576751709, 14.91715145111084, 11.169873237609863, 6.825436115264893, 11.80130672454834, 27.852888107299805, 13.91958999633789, 4.254029273986816, 3.050097942352295, 2.6707165241241455, 0.8178892135620117, 0.10319200903177261, 0.0019120406359434128, 8.31555444165133e-05], "lowlevel.gfcc.mean": [-90.54491424560547, 91.2460708618164, -138.9218292236328, 41.1561393737793, -44.94019317626953, 12.516470909118652, -25.122060775756836, 20.46341896057129, -32.135990142822266, -5.54688024520874, -9.601720809936523, -17.6610107421875, -3.641937494277954], "lowlevel.melbands.mean": [0.002330730902031064, 0.002430939581245184, 0.0007031153654679656, 0.00014993503282312304, 0.00027533635147847235, 0.00010997291974490508, 5.606108970823698e-05, 0.00010674019722500816, 0.0005196607089601457, 0.0004004912916570902, 0.00013325869804248214, 0.0001591856125742197, 8.93640099093318e-05, 5.8701571106212214e-05, 4.378447192721069e-05, 2.9555902074207552e-05, 2.4792145268293098e-05, 2.3235643311636522e-05, 1.5649779015802778e-05, 1.6371892343158834e-05, 1.6463163774460554e-05, 1.444879308110103e-05, 9.982707524613943e-06, 9.456200132262893e-06, 1.944200266734697e-05, 2.374752330069896e-05, 1.7736201698426157e-05, 9.96268954622792e-06, 6.613918230868876e-06, 3.947007371607469e-06, 2.441832066324423e-06, 2.1325649868231267e-06, 1.2778565405824338e-06, 1.1563403177206055e-06, 1.6136200429173186e-06, 3.381442184036132e-06, 3.8086554923211224e-06, 2.474447001077351e-06, 1.1921122222702252e-06, 7.618539257236989e-07], "lowlevel.melbands.stdev": [0.005614126101136208, 0.0056697288528084755, 0.001492873765528202, 0.0002992168883793056, 0.0005548645276576281, 0.0002489598991815001, 0.00031243645935319364, 0.00032085945713333786, 0.0012653856538236141, 0.0011544199660420418, 0.0005549993366003036, 0.00044810512918047607, 0.00026723966584540904, 0.00017072299669962376, 0.00012176328164059669, 7.655040826648474e-05, 7.922833174234256e-05, 8.029941818676889e-05, 4.7799694584682584e-05, 3.756700243684463e-05, 3.423350062803365e-05, 3.996709347120486e-05, 3.0273273296188563e-05, 2.2505460947286338e-05, 4.0389768400928006e-05, 5.8770605392055586e-05, 3.63001054211054e-05, 1.9808894649031572e-05, 1.6404374036937952e-05, 1.065710330294678e-05, 7.946935511427e-06, 7.1322201620205306e-06, 4.044406523462385e-06, 3.9111550904635806e-06, 4.886816896032542e-06, 1.3538472558138892e-05, 1.8955521227326244e-05, 1.1124952834506985e-05, 5.37292544322554e-06, 3.022329110535793e-06], "lowlevel.melbands128.mean": [0.0001913067972054705, 0.0017786178505048156, 0.0033150678500533104, 0.0032589142210781574, 0.002560946624726057, 0.0017730514518916607, 0.001057226792909205, 0.0003813266521319747, 0.00013869788381271064, 0.00010693924559745938, 0.0001572470791870728, 0.0002968472836073488, 0.0003522156039252877, 0.0001982784306164831, 9.89399995887652e-05, 6.040184962330386e-05, 6.942130858078599e-05, 6.0790287534473464e-05, 3.115618892479688e-05, 4.316491322242655e-05, 0.00012133908603573218, 0.00035187960020266473, 0.0006076421122997999, 0.000645869760774076, 0.00055872363736853, 0.0002726044913288206, 9.564031643094495e-05, 0.00010752793605206534, 0.0001680729619693011, 0.00019262447312939912, 0.00014237263530958444, 0.00011987591278739274, 8.625518239568919e-05, 7.404916686937213e-05, 5.4974098020466045e-05, 5.75628801016137e-05, 6.061670501367189e-05, 3.37374622176867e-05, 4.733188325189985e-05, 3.104119605268352e-05, 2.5694476789794862e-05, 2.592996861494612e-05, 2.186322490160819e-05, 2.5209816158167087e-05, 3.0164141207933426e-05, 2.145372491213493e-05, 1.9505925592966378e-05, 1.0923685294983443e-05, 1.6834779671626166e-05, 1.946528755070176e-05, 1.5855921446927823e-05, 1.3532778211811092e-05, 1.6221103578573093e-05, 1.8249200365971774e-05, 1.606933437869884e-05, 1.5582949345116504e-05, 1.0708630725275725e-05, 1.2056564628437627e-05, 9.318262527813204e-06, 6.746978669980308e-06, 8.605689799878746e-06, 1.1074160283897072e-05, 1.7135436792159453e-05, 2.2564790924661793e-05, 2.2310456188279204e-05, 2.269914148200769e-05, 2.7991231036139652e-05, 1.8737086065812036e-05, 1.765228807926178e-05, 1.1994987289654091e-05, 9.742907423060387e-06, 9.176628736895509e-06, 7.545656899310416e-06, 6.343008863041177e-06, 5.350425908545731e-06, 3.885476417053724e-06, 3.5884663702745456e-06, 2.898268121498404e-06, 2.075754082397907e-06, 2.190983877881081e-06, 2.349672286072746e-06, 2.1636649307765765e-06, 1.5387066696348484e-06, 1.1798570085375104e-06, 1.0333276350138476e-06, 1.0995654520229436e-06, 1.2402289257806842e-06, 1.1871019296449958e-06, 1.2344628430582816e-06, 2.1339842533052433e-06, 3.2345237741537858e-06, 3.630898618212086e-06, 3.831891717709368e-06, 4.2357264646852855e-06, 3.61790398528683e-06, 2.721416194617632e-06, 2.3607090042787604e-06, 1.891400529530074e-06, 1.1297323680992122e-06, 9.395103006681893e-07, 7.034441296127625e-07, 8.479065058963897e-07, 6.216301358108467e-07, 6.537796366501425e-07, 7.187935011643276e-07, 7.785649813740747e-07, 7.412988907162799e-07, 6.266578225222474e-07, 6.427667926800495e-07, 5.904278168600285e-07, 4.52895790203911e-07, 3.227325464649766e-07, 2.5333207531730295e-07, 1.9707123044554464e-07, 1.3400655518580606e-07, 7.946006519432558e-08, 1.6719322815106352e-08, 6.22405599282061e-11, 6.8789010945757845e-12, 8.496062360585643e-12, 8.01147689855064e-12, 4.399918363678923e-12, 3.785922096655181e-12, 3.7084662597719475e-12, 3.613224736770393e-12, 3.4926835729143235e-12, 3.4197653389633764e-12, 3.394335810688598e-12], "lowlevel.melbands128.stdev": [0.000551474979147315, 0.005077126901596785, 0.008664414286613464, 0.008630656637251377, 0.0071840547025203705, 0.00417383573949337, 0.0024065361358225346, 0.0009551332332193851, 0.0003796541423071176, 0.00026673750835470855, 0.0004436304734554142, 0.0007717019179835916, 0.0008025782299228013, 0.00046429524081759155, 0.00032864976674318314, 0.0002577880513854325, 0.0004449168045539409, 0.0004505808756221086, 0.000142485776450485, 0.00022462679771706462, 0.0005014216294512153, 0.0011413426836952567, 0.0019484242657199502, 0.002127292100340128, 0.0020247669890522957, 0.001241514110006392, 0.0005101841525174677, 0.0007313973037526011, 0.0009476106497459114, 0.0007286157342605293, 0.0005134457023814321, 0.0005555765819735825, 0.0003503593325149268, 0.00032975577050819993, 0.00024075189139693975, 0.00023341913765762, 0.0002446329453960061, 0.00012057882122462615, 0.00019791444356087595, 0.00012844310549553484, 8.06552852736786e-05, 8.0699915997684e-05, 0.00010996193304890767, 0.0001286267943214625, 0.00017845605907496065, 0.0001075673135346733, 7.88745455793105e-05, 3.8815622247057036e-05, 0.00010060304339276627, 7.385809294646606e-05, 3.906730125891045e-05, 3.941708928323351e-05, 3.883097815560177e-05, 5.3426170779857785e-05, 5.7267210650024936e-05, 5.5618122132727876e-05, 3.204015956725925e-05, 5.2754036005353555e-05, 3.701491004903801e-05, 2.0024705008836463e-05, 2.8038950404152274e-05, 3.309122257633135e-05, 4.9858786951517686e-05, 5.309882544679567e-05, 7.206052396213636e-05, 6.182210927363485e-05, 8.423818508163095e-05, 5.3978055802872404e-05, 3.701130117406137e-05, 2.494207365089096e-05, 2.7128187866765074e-05, 2.0626463083317503e-05, 1.7907903384184465e-05, 2.2345013348967768e-05, 1.525295101600932e-05, 1.2043528840877116e-05, 1.1040568097087089e-05, 1.161045929620741e-05, 7.007184649410192e-06, 7.403296876873355e-06, 8.346379217982758e-06, 8.34258389659226e-06, 5.511993549589533e-06, 3.818815912381979e-06, 3.489888740659808e-06, 4.163156972936122e-06, 5.09519259139779e-06, 4.047319634992164e-06, 4.0911622818384785e-06, 7.454173100995831e-06, 1.3082755685900338e-05, 1.4198810276866425e-05, 2.0488934751483612e-05, 2.4501836378476582e-05, 1.767069443303626e-05, 1.2131921721447725e-05, 1.1536892998265103e-05, 9.376410162076354e-06, 5.196595793677261e-06, 5.276918727759039e-06, 3.40658539244032e-06, 3.3059970974136377e-06, 2.342858806514414e-06, 3.4371407764410833e-06, 4.3212476157350466e-06, 4.183611508778995e-06, 4.778066795552149e-06, 4.734562935482245e-06, 4.49025901616551e-06, 6.3604556999052875e-06, 4.947321031067986e-06, 2.645042286530952e-06, 2.2486970010504592e-06, 1.989343445529812e-06, 2.0344955373730045e-06, 1.3755060308540124e-06, 2.89903624661747e-07, 1.321530662679038e-09, 5.566645755461508e-11, 1.1263266014305273e-10, 1.0705775155273045e-10, 1.5716995413472823e-11, 7.152159940682079e-12, 7.0262398330078746e-12, 6.924141381786653e-12, 6.838444307349922e-12, 6.777370765292945e-12, 6.740059031729029e-12], "lowlevel.mfcc.mean": [-727.399658203125, 114.44552612304688, -23.642011642456055, 30.558977127075195, 9.454768180847168, -4.810927391052246, 24.457164764404297, 6.184893608093262, 0.2770750820636749, 17.477588653564453, -13.533145904541016, 1.3439462184906006, -6.260119915008545], "lowlevel.spectral_contrast_coeffs.mean": [-0.671912670135498, -0.7362097501754761, -0.7620114684104919, -0.7931689023971558, -0.7709697484970093, -0.7473133206367493], "lowlevel.spectral_contrast_coeffs.stdev": [0.09520918875932693, 0.13246724009513855, 0.09835036844015121, 0.06220763921737671, 0.054775066673755646, 0.0605178065598011], "lowlevel.spectral_contrast_valleys.mean": [-7.953027725219727, -8.079834938049316, -8.154909133911133, -8.255664825439453, -7.9574198722839355, -11.706950187683105], "lowlevel.spectral_contrast_valleys.stdev": [1.4698566198349, 1.1454689502716064, 0.9992564916610718, 0.9540960788726807, 1.2082841396331787, 1.9562978744506836], "rhythm.beats_loudness_band_ratio.mean": [0.6746670603752136, 0.020745573565363884, 0.12129088491201401, 0.09243065863847733, 0.043659888207912445, 0.054616279900074005], "rhythm.beats_loudness_band_ratio.stdev": [0.3405717611312866, 0.02778324857354164, 0.19308196008205414, 0.1472470909357071, 0.07818091660737991, 0.12068375945091248], "tonal.hpcp.mean": [0.15602830052375793, 0.10096381604671478, 0.08805470168590546, 0.0857788622379303, 0.08525630086660385, 0.11181836575269699, 0.11032967269420624, 0.09393686056137085, 0.10240082442760468, 0.10837910324335098, 0.10193025320768356, 0.091239795088768, 0.09600812941789627, 0.10227570682764053, 0.14799289405345917, 0.20586852729320526, 0.1934686303138733, 0.14730994403362274, 0.10401926934719086, 0.08925198763608932, 0.10757151991128922, 0.11983726918697357, 0.11974135041236877, 0.13719066977500916, 0.1457388699054718, 0.11622253060340881, 0.08212289214134216, 0.07288157939910889, 0.09060807526111603, 0.10673116892576218, 0.09775811433792114, 0.10321925580501556, 0.12909893691539764, 0.14364977180957794, 0.14041367173194885, 0.16198742389678955], "tonal.hpcp.stdev": [0.27970635890960693, 0.19266276061534882, 0.2078854739665985, 0.20716850459575653, 0.19713473320007324, 0.23985326290130615, 0.2325548231601715, 0.21047012507915497, 0.2138395756483078, 0.2158239483833313, 0.2050119787454605, 0.19127941131591797, 0.21000662446022034, 0.21496577560901642, 0.2493533194065094, 0.31866419315338135, 0.292873352766037, 0.2676803767681122, 0.21555127203464508, 0.1924310177564621, 0.22403556108474731, 0.23972338438034058, 0.24260437488555908, 0.2497512698173523, 0.27344319224357605, 0.22821688652038574, 0.18944643437862396, 0.16606035828590393, 0.2001972496509552, 0.23418793082237244, 0.19966496527194977, 0.20596586167812347, 0.24230900406837463, 0.25880682468414307, 0.25145989656448364, 0.26163554191589355], "rhythm.beats_position": [0.4992290139198303, 1.0216779708862305, 1.5789568424224854, 2.14784574508667, 2.7167346477508545, 3.3088433742523193, 3.8893423080444336, 4.458230972290039, 5.027120113372803, 5.596008777618408, 6.176507949829102, 6.757006645202637, 7.337505340576172, 7.918004512786865, 8.486893653869629, 9.055782318115234, 9.63628101348877, 10.205169677734375, 10.77405834197998, 11.354557991027832, 11.935056686401367, 12.515555381774902, 13.084444046020508, 13.653332710266113, 14.233832359313965, 14.80272102355957, 15.371609687805176, 15.952108383178711, 16.532608032226562, 17.11310577392578, 17.670385360717773, 18.250883102416992, 18.831382751464844, 19.400272369384766, 19.969160079956055, 20.549659729003906, 21.130157470703125, 21.699047088623047, 22.26793670654297, 22.848434448242188, 23.42893409729004, 23.997821807861328, 24.56671142578125, 25.1472110748291, 25.72770881652832, 26.296598434448242, 26.86548614501953, 27.445985794067383, 28.026485443115234], "rhythm.bpm_histogram": [0.0, 0.0, 0.0, 0.0, 0.0, 0.0, 0.0, 0.0, 0.0, 0.0, 0.0, 0.0, 0.0, 0.0, 0.0, 0.0, 0.0, 0.0, 0.0, 0.0, 0.0, 0.0, 0.0, 0.0, 0.0, 0.0, 0.0, 0.0, 0.0, 0.0, 0.0, 0.0, 0.0, 0.0, 0.0, 0.0, 0.0, 0.0, 0.0, 0.0, 0.0, 0.0, 0.0, 0.0, 0.0, 0.0, 0.0, 0.0, 0.0, 0.0, 0.0, 0.0, 0.0, 0.0, 0.0, 0.0, 0.0, 0.0, 0.0, 0.0, 0.0, 0.0, 0.0, 0.0, 0.0, 0.0, 0.0, 0.0, 0.0, 0.0, 0.0, 0.0, 0.0, 0.0, 0.0, 0.0, 0.0, 0.0, 0.0, 0.0, 0.0, 0.0, 0.0, 0.0, 0.0, 0.0, 0.0, 0.0, 0.0, 0.0, 0.0, 0.0, 0.0, 0.0, 0.0, 0.0, 0.0, 0.0, 0.0, 0.0, 0.0, 0.02083333395421505, 0.0, 0.4791666567325592, 0.0, 0.4375, 0.0, 0.0, 0.0416666679084301, 0.0, 0.0, 0.0, 0.0, 0.0, 0.0, 0.02083333395421505, 0.0, 0.0, 0.0, 0.0, 0.0, 0.0, 0.0, 0.0, 0.0, 0.0, 0.0, 0.0, 0.0, 0.0, 0.0, 0.0, 0.0, 0.0, 0.0, 0.0, 0.0, 0.0, 0.0, 0.0, 0.0, 0.0, 0.0, 0.0, 0.0, 0.0, 0.0, 0.0, 0.0, 0.0, 0.0, 0.0, 0.0, 0.0, 0.0, 0.0, 0.0, 0.0, 0.0, 0.0, 0.0, 0.0, 0.0, 0.0, 0.0, 0.0, 0.0, 0.0, 0.0, 0.0, 0.0, 0.0, 0.0, 0.0, 0.0, 0.0, 0.0, 0.0, 0.0, 0.0, 0.0, 0.0, 0.0, 0.0, 0.0, 0.0, 0.0, 0.0, 0.0, 0.0, 0.0, 0.0, 0.0, 0.0, 0.0, 0.0, 0.0, 0.0, 0.0, 0.0, 0.0, 0.0, 0.0, 0.0, 0.0, 0.0, 0.0, 0.0, 0.0, 0.0, 0.0, 0.0, 0.0, 0.0, 0.0, 0.0, 0.0, 0.0, 0.0, 0.0, 0.0, 0.0, 0.0, 0.0, 0.0, 0.0, 0.0, 0.0, 0.0, 0.0, 0.0, 0.0, 0.0, 0.0, 0.0, 0.0, 0.0, 0.0, 0.0, 0.0, 0.0, 0.0, 0.0, 0.0, 0.0, 0.0, 0.0, 0.0, 0.0, 0.0], "tonal.chords_histogram": [24.346405029296875, 0.32679739594459534, 0.0, 0.32679739594459534, 0.8169934749603271, 8.98692798614502, 0.16339869797229767, 3.7581698894500732, 0.0, 0.0, 23.85620880126953, 2.2875816822052, 0.6535947918891907, 2.4509804248809814, 6.045751571655273, 0.0, 0.0, 8.496731758117676, 3.594771146774292, 1.470588207244873, 2.4509804248809814, 1.6339869499206543, 6.699346542358398, 1.6339869499206543], "tonal.thpcp": [1.0, 0.9397678971290588, 0.7155535221099854, 0.5052703619003296, 0.4335387647151947, 0.5225253105163574, 0.582105815410614, 0.5816398859024048, 0.6663994193077087, 0.7079220414161682, 0.5645473599433899, 0.39890941977500916, 0.35402002930641174, 0.4401259124279022, 0.5184433460235596, 0.47485700249671936, 0.5013843178749084, 0.6270940899848938, 0.6977742910385132, 0.6820550560951233, 0.7868489027023315, 0.7579026222229004, 0.490428626537323, 0.4277229905128479, 0.416668176651001, 0.4141298532485962, 0.543154239654541, 0.5359229445457458, 0.4562954008579254, 0.49740883708000183, 0.526448130607605, 0.4951230585575104, 0.4431944787502289, 0.4663565158843994, 0.49680107831954956, 0.7188708782196045], "lowlevel.gfcc.cov": [[16442.1875, -2094.26220703125, 2124.8408203125, 609.7759399414062, -2581.923583984375, 1323.5301513671875, -736.0702514648438, 909.4068603515625, 198.19349670410156, 565.9962158203125, -169.05984497070312, 362.8328552246094, -169.74525451660156], [-2094.26220703125, 2913.83935546875, -314.5857849121094, -63.201622009277344, 1046.0849609375, -312.4956359863281, 663.2913818359375, -162.317138671875, 153.26611328125, -222.3818817138672, 181.9600067138672, -316.4483337402344, 242.24070739746094], [2124.8408203125, -314.5857849121094, 2546.640380859375, 581.6810913085938, -377.4010314941406, 699.1785888671875, -496.8785705566406, 296.21343994140625, 166.5135498046875, 163.82118225097656, -126.55838012695312, 178.35910034179688, -89.22644805908203], [609.7759399414062, -63.201622009277344, 581.6810913085938, 1075.540283203125, 288.0089416503906, 253.14169311523438, 50.172306060791016, -44.33101272583008, 223.14060974121094, -85.7994155883789, -149.90414428710938, 109.57061004638672, -19.677244186401367], [-2581.923583984375, 1046.0849609375, -377.4010314941406, 288.0089416503906, 1420.7100830078125, -126.4057388305664, 556.351806640625, -148.74729919433594, 72.69969177246094, -156.05784606933594, 10.538426399230957, -97.1470718383789, 69.06989288330078], [1323.5301513671875, -312.4956359863281, 699.1785888671875, 253.14169311523438, -126.4057388305664, 705.923095703125, 47.76375198364258, 144.4759063720703, 120.99297332763672, 61.129886627197266, -61.35845947265625, 30.916982650756836, -58.76631546020508], [-736.0702514648438, 663.2913818359375, -496.8785705566406, 50.172306060791016, 556.351806640625, 47.76375198364258, 748.2486572265625, -21.102615356445312, 127.02960968017578, -62.01128005981445, 81.91947937011719, -70.94465637207031, 47.95562744140625], [909.4068603515625, -162.317138671875, 296.21343994140625, -44.33101272583008, -148.74729919433594, 144.4759063720703, -21.102615356445312, 352.0810241699219, 88.09602355957031, 92.73544311523438, 14.05828857421875, 14.56704330444336, 14.233522415161133], [198.19349670410156, 153.26611328125, 166.5135498046875, 223.14060974121094, 72.69969177246094, 120.99297332763672, 127.02960968017578, 88.09602355957031, 266.7396240234375, 30.059669494628906, -5.1808552742004395, 4.7583465576171875, 22.12804412841797], [565.9962158203125, -222.3818817138672, 163.82118225097656, -85.7994155883789, -156.05784606933594, 61.129886627197266, -62.01128005981445, 92.73544311523438, 30.059669494628906, 191.14991760253906, 60.67211151123047, 61.283260345458984, 12.272795677185059], [-169.05984497070312, 181.9600067138672, -126.55838012695312, -149.90414428710938, 10.538426399230957, -61.35845947265625, 81.91947937011719, 14.05828857421875, -5.1808552742004395, 60.67211151123047, 208.36984252929688, 17.3496036529541, 65.48131561279297], [362.8328552246094, -316.4483337402344, 178.35910034179688, 109.57061004638672, -97.1470718383789, 30.916982650756836, -70.94465637207031, 14.56704330444336, 4.7583465576171875, 61.283260345458984, 17.3496036529541, 180.094970703125, 12.476543426513672], [-169.74525451660156, 242.24070739746094, -89.22644805908203, -19.677244186401367, 69.06989288330078, -58.76631546020508, 47.95562744140625, 14.233522415161133, 22.12804412841797, 12.272795677185059, 65.48131561279297, 12.476543426513672, 149.81761169433594]], "lowlevel.gfcc.icov": [[0.00012644003436435014, -6.9880232331343e-05, 3.81487698177807e-05, -0.00017765491793397814, 0.00026118787354789674, -0.00013628817396238446, -4.378177982289344e-05, -0.00023288046941161156, 0.00018522106984164566, -0.00025433063274249434, 0.00010023252252722159, -7.445773371728137e-05, 7.376875873887911e-05], [-6.9880232331343e-05, 0.0010495601454749703, -0.0004977987846359611, 0.00033441116102039814, -0.0004719823191408068, 0.0006044417968951166, -0.0005468181916512549, 0.0005909259198233485, -0.0006314178463071585, 0.0008597194100730121, -0.0006505326018668711, 0.0015281173400580883, -0.0012752767652273178], [3.81487698177807e-05, -0.0004977987846359611, 0.0010768973734229803, -0.0004547343705780804, 0.00010649542673490942, -0.0009511349489912391, 0.00094259949401021, -0.0006768376333639026, 0.0001691889192443341, -0.0006272903992794454, 0.00020117187523283064, -0.0009596352465450764, 0.0007885437225922942], [-0.00017765491793397814, 0.00033441116102039814, -0.0004547343705780804, 0.0022661376278847456, -0.0008395169861614704, 6.209253911038104e-07, 6.0316706367302686e-05, 0.001017099479213357, -0.001925760181620717, 0.0016421411419287324, 0.0005716417217627168, -0.0010255544912070036, -0.0004583672562148422], [0.00026118787354789674, -0.0004719823191408068, 0.00010649542673490942, -0.0008395169861614704, 0.0018983599729835987, -5.495272489497438e-05, -0.0008816557819955051, -0.00039299335912801325, 0.0008347075199708343, -0.0005804519751109183, 0.0004975058254785836, -0.00011527004244271666, 0.00015145662473514676], [-0.00013628817396238446, 0.0006044417968951166, -0.0009511349489912391, 6.209253911038104e-07, -5.495272489497438e-05, 0.00291585479862988, -0.001225980813615024, 0.00016863869677763432, -0.00045292158029042184, 0.0001491193543188274, 2.6123194402316585e-05, 0.0012247939594089985, -0.0002113670634571463], [-4.378177982289344e-05, -0.0005468181916512549, 0.00094259949401021, 6.0316706367302686e-05, -0.0008816557819955051, -0.001225980813615024, 0.0032774184364825487, -0.00037659783265553415, -0.0010368244256824255, 0.0002682924969121814, -0.0008330564596690238, -0.0008310709381476045, 0.0008806002442725003], [-0.00023288046941161156, 0.0005909259198233485, -0.0006768376333639026, 0.001017099479213357, -0.00039299335912801325, 0.00016863869677763432, -0.00037659783265553415, 0.004699074197560549, -0.0018166039371863008, -0.0002879439271055162, -0.00012003281153738499, 0.001037893583998084, -0.001309475745074451], [0.00018522106984164566, -0.0006314178463071585, 0.0001691889192443341, -0.001925760181620717, 0.0008347075199708343, -0.00045292158029042184, -0.0010368244256824255, -0.0018166039371863008, 0.006823006551712751, -0.002289428608492017, 0.0006118466262705624, 0.00033436992089264095, -9.486117778578773e-05], [-0.00025433063274249434, 0.0008597194100730121, -0.0006272903992794454, 0.0016421411419287324, -0.0005804519751109183, 0.0001491193543188274, 0.0002682924969121814, -0.0002879439271055162, -0.002289428608492017, 0.009708761237561703, -0.002702466445043683, -0.0014975698431953788, -0.0007198671228252351], [0.00010023252252722159, -0.0006505326018668711, 0.00020117187523283064, 0.0005716417217627168, 0.0004975058254785836, 2.6123194402316585e-05, -0.0008330564596690238, -0.00012003281153738499, 0.0006118466262705624, -0.002702466445043683, 0.00777912512421608, -0.001674077589996159, -0.0017103757709264755], [-7.445773371728137e-05, 0.0015281173400580883, -0.0009596352465450764, -0.0010255544912070036, -0.00011527004244271666, 0.0012247939594089985, -0.0008310709381476045, 0.001037893583998084, 0.00033436992089264095, -0.0014975698431953788, -0.001674077589996159, 0.010120319202542305, -0.002598235383629799], [7.376875873887911e-05, -0.0012752767652273178, 0.0007885437225922942, -0.0004583672562148422, 0.00015145662473514676, -0.0002113670634571463, 0.0008806002442725003, -0.001309475745074451, -9.486117778578773e-05, -0.0007198671228252351, -0.0017103757709264755, -0.002598235383629799, 0.009956507943570614]], "lowlevel.mfcc.cov": [[13667.6572265625, -1794.135498046875, 2156.605224609375, -29.038959503173828, -971.9525756835938, 123.98363494873047, -611.5452270507812, 152.79705810546875, 79.5198745727539, 348.3927307128906, 101.33119201660156, 247.90614318847656, -91.55731964111328], [-1794.135498046875, 2725.055419921875, -760.2206420898438, 167.6143341064453, 216.29379272460938, -96.22489166259766, 520.3475341796875, -29.958486557006836, 62.568477630615234, 238.09201049804688, -105.94881439208984, 29.56413459777832, 14.558213233947754], [2156.605224609375, -760.2206420898438, 2726.89990234375, -7.608326435089111, 223.94338989257812, 316.7954406738281, -480.0263977050781, 151.215576171875, 73.6391830444336, 83.87107849121094, 104.96058654785156, 52.71129608154297, -44.36865997314453], [-29.038959503173828, 167.6143341064453, -7.608326435089111, 796.8645629882812, 284.9921875, 237.9813232421875, 9.810500144958496, 187.44668579101562, 165.80734252929688, -98.7044906616211, 52.2098388671875, 37.05525588989258, 76.74088287353516], [-971.9525756835938, 216.29379272460938, 223.94338989257812, 284.9921875, 652.26318359375, 158.822998046875, 66.2213363647461, 108.8385009765625, 114.98983764648438, 19.589889526367188, -18.80156707763672, 22.775728225708008, 16.048717498779297], [123.98363494873047, -96.22489166259766, 316.7954406738281, 237.9813232421875, 158.822998046875, 662.7640991210938, 58.35894012451172, 251.99964904785156, 178.44448852539062, -15.338955879211426, 140.82852172851562, -36.400875091552734, 111.10595703125], [-611.5452270507812, 520.3475341796875, -480.0263977050781, 9.810500144958496, 66.2213363647461, 58.35894012451172, 464.3377990722656, 70.73894500732422, 59.70389175415039, 93.77220916748047, -16.489595413208008, 51.376895904541016, 26.074708938598633], [152.79705810546875, -29.958486557006836, 151.215576171875, 187.44668579101562, 108.8385009765625, 251.99964904785156, 70.73894500732422, 327.7041931152344, 178.13616943359375, 40.97869873046875, 96.41458892822266, 22.15454864501953, 80.75434112548828], [79.5198745727539, 62.568477630615234, 73.6391830444336, 165.80734252929688, 114.98983764648438, 178.44448852539062, 59.70389175415039, 178.13616943359375, 292.8283386230469, 74.6766586303711, 73.14602661132812, 35.052547454833984, 50.44146728515625], [348.3927307128906, 238.09201049804688, 83.87107849121094, -98.7044906616211, 19.589889526367188, -15.338955879211426, 93.77220916748047, 40.97869873046875, 74.6766586303711, 278.2984313964844, 22.814849853515625, 52.34345626831055, -8.972061157226562], [101.33119201660156, -105.94881439208984, 104.96058654785156, 52.2098388671875, -18.80156707763672, 140.82852172851562, -16.489595413208008, 96.41458892822266, 73.14602661132812, 22.814849853515625, 174.0515899658203, 27.758010864257812, 50.756595611572266], [247.90614318847656, 29.56413459777832, 52.71129608154297, 37.05525588989258, 22.775728225708008, -36.400875091552734, 51.376895904541016, 22.15454864501953, 35.052547454833984, 52.34345626831055, 27.758010864257812, 154.92657470703125, 26.355731964111328], [-91.55731964111328, 14.558213233947754, -44.36865997314453, 76.74088287353516, 16.048717498779297, 111.10595703125, 26.074708938598633, 80.75434112548828, 50.44146728515625, -8.972061157226562, 50.756595611572266, 26.355731964111328, 135.90394592285156]], "lowlevel.mfcc.icov": [[0.00012722451356239617, 6.241127266548574e-05, -7.997132343007252e-05, -0.00012822241114918143, 0.00028556521283462644, -6.591134297195822e-05, 6.476334237959236e-05, -4.445379818207584e-05, 7.141306468838593e-06, -0.0002499307447578758, 0.0001964270049938932, -0.00020057434448972344, 0.00010585758718661964], [6.241127266548574e-05, 0.0005883679841645062, 3.963964090303307e-08, -0.00030402367701753974, 3.9678368921158835e-05, 9.01900275493972e-05, -0.0005062093259766698, 0.0002490230544935912, 9.004260391520802e-06, -0.0006180157652124763, 0.0002491594641469419, 0.00019647376029752195, -0.00015386013546958566], [-7.997132343007252e-05, 3.963964090303307e-08, 0.0006871059304103255, 0.0002594937977846712, -0.0004196360823698342, -0.00041289982618764043, 0.0007940116920508444, -0.0002775650646071881, 0.0001536337804282084, -0.00016922352369874716, -2.7795627829618752e-05, -0.0004774107364937663, 0.0004583854170050472], [-0.00012822241114918143, -0.00030402367701753974, 0.0002594937977846712, 0.0022472126875072718, -0.0009434655075892806, -0.00031154282623901963, 0.0005337814800441265, -0.0006724364939145744, -0.0006014994578436017, 0.0014085926814004779, -0.000173558626556769, -0.0006760071846656501, -6.261260568862781e-05], [0.00028556521283462644, 3.9678368921158835e-05, -0.0004196360823698342, -0.0009434655075892806, 0.0027601891197264194, -0.000389362801797688, -0.00014975832891650498, -0.0001631776540307328, -0.00032237020786851645, -0.0006463881582021713, 0.0012687088456004858, -0.0005255756550468504, 0.00040701430407352746], [-6.591134297195822e-05, 9.01900275493972e-05, -0.00041289982618764043, -0.00031154282623901963, -0.000389362801797688, 0.0031773278024047613, -0.0010775738628581166, -0.0007387040532194078, -0.0005658802692778409, 0.0005433823680505157, -0.0016012032283470035, 0.00205189804546535, -0.0014728658134117723], [6.476334237959236e-05, -0.0005062093259766698, 0.0007940116920508444, 0.0005337814800441265, -0.00014975832891650498, -0.0010775738628581166, 0.004296921659260988, -0.0011403847020119429, 0.0001730714284349233, -0.0007644032593816519, 0.0010541704250499606, -0.0019839999731630087, 0.0006838593981228769], [-4.445379818207584e-05, 0.0002490230544935912, -0.0002775650646071881, -0.0006724364939145744, -0.0001631776540307328, -0.0007387040532194078, -0.0011403847020119429, 0.006400912068784237, -0.0021301612723618746, -0.00041630381019786, -0.0012091113021597266, 0.0007125052507035434, -0.0016524546081200242], [7.141306468838593e-06, 9.004260391520802e-06, 0.0001536337804282084, -0.0006014994578436017, -0.00032237020786851645, -0.0005658802692778409, 0.0001730714284349233, -0.0021301612723618746, 0.006012368947267532, -0.0014920331304892898, -0.0005706545198336244, -0.0005331573775038123, 0.00011338193871779367], [-0.0002499307447578758, -0.0006180157652124763, -0.00016922352369874716, 0.0014085926814004779, -0.0006463881582021713, 0.0005433823680505157, -0.0007644032593816519, -0.00041630381019786, -0.0014920331304892898, 0.006047708913683891, -0.0011109034530818462, -0.0008350223070010543, 0.000603176187723875], [0.0001964270049938932, 0.0002491594641469419, -2.7795627829618752e-05, -0.000173558626556769, 0.0012687088456004858, -0.0016012032283470035, 0.0010541704250499606, -0.0012091113021597266, -0.0005706545198336244, -0.0011109034530818462, 0.009044388309121132, -0.0019993288442492485, -0.0009816664969548583], [-0.00020057434448972344, 0.00019647376029752195, -0.0004774107364937663, -0.0006760071846656501, -0.0005255756550468504, 0.00205189804546535, -0.0019839999731630087, 0.0007125052507035434, -0.0005331573775038123, -0.0008350223070010543, -0.0019993288442492485, 0.009366552345454693, -0.0025154517497867346], [0.00010585758718661964, -0.00015386013546958566, 0.0004583854170050472, -6.261260568862781e-05, 0.00040701430407352746, -0.0014728658134117723, 0.0006838593981228769, -0.0016524546081200242, 0.00011338193871779367, 0.000603176187723875, -0.0009816664969548583, -0.0025154517497867346, 0.010489861480891705]], "metadata.audio_properties.analysis.downmix": "mix", "metadata.audio_properties.codec": "mp3", "metadata.audio_properties.md5_encoded": "872d1835e019aaee11d839a86a084568", "metadata.tags.file_name": "1183697584661987428.mp3", "metadata.version.essentia": "2.1-beta6-dev", "metadata.version.essentia_git_sha": "v2.1_beta5-1110-g77a6a954", "metadata.version.extractor": "music 2.0", "tonal.chords_key": "D", "tonal.chords_scale": "minor", "tonal.key_edma.key": "D", "tonal.key_edma.scale": "minor", "tonal.key_krumhansl.key": "D", "tonal.key_krumhansl.scale": "minor", "tonal.key_temperley.key": "D", "tonal.key_temperley.scale": "minor", "metadata.tags.encoding": ["Lavf58.45.100"]}, "essentia_models": [{"model_name": "genre_dortmund", "activations": {"alternative": "0.036121614", "blues": "0.039438