{"song_id": "1183656337796767774", "download": "https://cdn.discordapp.com/attachments/1135903449314238464/1183656337796767774/chirp.mp4?ex=658920de&amp", "lyrics": "severmiyim bilmem seni\nso\u011futtun art\u0131k d\u00f6nmem geri\ng\u00f6nderdim k\u00f6t\u00fc hisleri\nvazgetim istemem al geri\n\nsevermiyim bilmem seni\nso\u011futtun art\u0131k d\u00f6nmem geri\ng\u00f6nderdim k\u00f6t\u00fc hisleri\nvazgetim istemem al geri\n\nkabusum oldun b\u0131rakmad\u0131n\nfarkl\u0131ym\u0131\u015fs\u0131n \u015fimdi anlad\u0131m\ndersimi ald\u0131m hadi bakal\u0131m", "style": ["pop</span><span>, house music"], "essentia_features": {"lowlevel.average_loudness": 0.9855127334594727, "lowlevel.barkbands_crest.mean": 14.519116401672363, "lowlevel.barkbands_crest.stdev": 5.817778587341309, "lowlevel.barkbands_flatness_db.mean": 0.26004523038864136, "lowlevel.barkbands_flatness_db.stdev": 0.11319941282272339, "lowlevel.barkbands_kurtosis.mean": 52.01390838623047, "lowlevel.barkbands_kurtosis.stdev": 117.98238372802734, "lowlevel.barkbands_skewness.mean": 4.027017116546631, "lowlevel.barkbands_skewness.stdev": 4.1040358543396, "lowlevel.barkbands_spread.mean": 11.748356819152832, "lowlevel.barkbands_spread.stdev": 16.935218811035156, "lowlevel.dissonance.mean": 0.4317121207714081, "lowlevel.dissonance.stdev": 0.04208046942949295, "lowlevel.dynamic_complexity": 3.5036535263061523, "lowlevel.erbbands_crest.mean": 12.938624382019043, "lowlevel.erbbands_crest.stdev": 5.840317726135254, "lowlevel.erbbands_flatness_db.mean": 0.19562648236751556, "lowlevel.erbbands_flatness_db.stdev": 0.06546326726675034, "lowlevel.erbbands_kurtosis.mean": 2.599958658218384, "lowlevel.erbbands_kurtosis.stdev": 5.507523059844971, "lowlevel.erbbands_skewness.mean": 0.9316088557243347, "lowlevel.erbbands_skewness.stdev": 1.0775935649871826, "lowlevel.erbbands_spread.mean": 37.79761505126953, "lowlevel.erbbands_spread.stdev": 31.20146369934082, "lowlevel.hfc.mean": 8.498141288757324, "lowlevel.hfc.stdev": 9.434819221496582, "lowlevel.loudness_ebu128.integrated": -17.595680236816406, "lowlevel.loudness_ebu128.loudness_range": 0.8243770599365234, "lowlevel.loudness_ebu128.momentary.mean": -17.923912048339844, "lowlevel.loudness_ebu128.momentary.stdev": 1.8646634817123413, "lowlevel.loudness_ebu128.short_term.mean": -17.573780059814453, "lowlevel.loudness_ebu128.short_term.stdev": 0.289340615272522, "lowlevel.melbands_crest.mean": 19.537738800048828, "lowlevel.melbands_crest.stdev": 7.8082475662231445, "lowlevel.melbands_flatness_db.mean": 0.3469778299331665, "lowlevel.melbands_flatness_db.stdev": 0.13146339356899261, "lowlevel.melbands_kurtosis.mean": 64.27042388916016, "lowlevel.melbands_kurtosis.stdev": 122.95063781738281, "lowlevel.melbands_skewness.mean": 4.636501312255859, "lowlevel.melbands_skewness.stdev": 3.6672415733337402, "lowlevel.melbands_spread.mean": 9.32271671295166, "lowlevel.melbands_spread.stdev": 10.951469421386719, "lowlevel.pitch_salience.mean": 0.4219273626804352, "lowlevel.pitch_salience.stdev": 0.19537140429019928, "lowlevel.silence_rate_20dB.mean": 0.9982618689537048, "lowlevel.silence_rate_20dB.stdev": 0.04165450856089592, "lowlevel.silence_rate_30dB.mean": 0.7850521206855774, "lowlevel.silence_rate_30dB.stdev": 0.410786509513855, "lowlevel.silence_rate_60dB.mean": 0.07300116121768951, "lowlevel.silence_rate_60dB.stdev": 0.26014262437820435, "lowlevel.spectral_centroid.mean": 633.0091552734375, "lowlevel.spectral_centroid.stdev": 433.5561828613281, "lowlevel.spectral_complexity.mean": 7.183661460876465, "lowlevel.spectral_complexity.stdev": 4.005252361297607, "lowlevel.spectral_decrease.mean": -1.4222767852345441e-08, "lowlevel.spectral_decrease.stdev": 2.1908206804255315e-08, "lowlevel.spectral_energy.mean": 0.05445076897740364, "lowlevel.spectral_energy.stdev": 0.08322212100028992, "lowlevel.spectral_energyband_high.mean": 0.0001841344201238826, "lowlevel.spectral_energyband_high.stdev": 0.00042293843580409884, "lowlevel.spectral_energyband_low.mean": 0.04491017758846283, "lowlevel.spectral_energyband_low.stdev": 0.08130799233913422, "lowlevel.spectral_energyband_middle_high.mean": 0.0008974370430223644, "lowlevel.spectral_energyband_middle_high.stdev": 0.00127653987146914, "lowlevel.spectral_energyband_middle_low.mean": 0.009825960732996464, "lowlevel.spectral_energyband_middle_low.stdev": 0.021459661424160004, "lowlevel.spectral_entropy.mean": 6.826236248016357, "lowlevel.spectral_entropy.stdev": 0.7873104214668274, "lowlevel.spectral_flux.mean": 0.10812438279390335, "lowlevel.spectral_flux.stdev": 0.11937630921602249, "lowlevel.spectral_kurtosis.mean": 10.279847145080566, "lowlevel.spectral_kurtosis.stdev": 11.991779327392578, "lowlevel.spectral_rms.mean": 0.005502341315150261, "lowlevel.spectral_rms.stdev": 0.004779849201440811, "lowlevel.spectral_rolloff.mean": 885.1969604492188, "lowlevel.spectral_rolloff.stdev": 1916.089111328125, "lowlevel.spectral_skewness.mean": 2.3356058597564697, "lowlevel.spectral_skewness.stdev": 1.1611627340316772, "lowlevel.spectral_spread.mean": 4845210.0, "lowlevel.spectral_spread.stdev": 3459061.0, "lowlevel.spectral_strongpeak.mean": 0.6029872894287109, "lowlevel.spectral_strongpeak.stdev": 0.49043112993240356, "lowlevel.zerocrossingrate.mean": 0.03527591750025749, "lowlevel.zerocrossingrate.stdev": 0.04557870700955391, "metadata.audio_properties.analysis.equal_loudness": 0.0, "metadata.audio_properties.analysis.length": 40.04265213012695, "metadata.audio_properties.analysis.sample_rate": 44100.0, "metadata.audio_properties.analysis.start_time": 0.0, "metadata.audio_properties.bit_rate": 126515.0, "metadata.audio_properties.length": 40.042667388916016, "metadata.audio_properties.lossless": 0.0, "metadata.audio_properties.number_channels": 1.0, "metadata.audio_properties.replay_gain": -9.091962814331055, "metadata.audio_properties.sample_rate": 48000.0, "rhythm.beats_count": 79.0, "rhythm.beats_loudness.mean": 0.22459496557712555, "rhythm.beats_loudness.stdev": 0.03290612995624542, "rhythm.bpm": 120.00849914550781, "rhythm.bpm_histogram_first_peak_bpm": 120.0, "rhythm.bpm_histogram_first_peak_weight": 0.5897436141967773, "rhythm.bpm_histogram_second_peak_bpm": 0.0, "rhythm.bpm_histogram_second_peak_spread": 0.0, "rhythm.bpm_histogram_second_peak_weight": 0.0, "rhythm.danceability": 4.20486307144165, "rhythm.onset_rate": 6.2165422439575195, "tonal.chords_changes_rate": 0.09606481343507767, "tonal.chords_number_rate": 0.0034722222480922937, "tonal.chords_strength.mean": 0.46132442355155945, "tonal.chords_strength.stdev": 0.05532452091574669, "tonal.hpcp_crest.mean": 14.649324417114258, "tonal.hpcp_crest.stdev": 5.9691643714904785, "tonal.hpcp_entropy.mean": 1.7335244417190552, "tonal.hpcp_entropy.stdev": 0.6422476172447205, "tonal.key_edma.strength": 0.6818716526031494, "tonal.key_krumhansl.strength": 0.6810510754585266, "tonal.key_temperley.strength": 0.6799473762512207, "tonal.tuning_diatonic_strength": 0.6350600719451904, "tonal.tuning_equal_tempered_deviation": 0.1739850789308548, "tonal.tuning_frequency": 434.193115234375, "tonal.tuning_nontempered_energy_ratio": 0.881804883480072, "lowlevel.barkbands.mean": [0.0018241654615849257, 0.03756599500775337, 0.004317911807447672, 0.0025883330963552, 0.004693492781370878, 0.0011089254403486848, 0.00023784631048329175, 0.00012163870269432664, 0.000713646411895752, 0.00045452144695445895, 0.0001339712762273848, 5.7084380387095734e-05, 7.265066960826516e-05, 4.7659817937528715e-05, 0.00010306558397132903, 6.802170537412167e-05, 5.1915631047450006e-05, 3.449211362749338e-05, 4.029995761811733e-05, 4.99470806971658e-05, 1.8249040294904262e-05, 1.7789165212889202e-05, 2.1934707547188736e-05, 3.5387565731070936e-05, 4.4352684199111536e-05, 2.712153764150571e-05, 4.1444053522354807e-07], "lowlevel.barkbands.stdev": [0.0038655949756503105, 0.07572624832391739, 0.014814537018537521, 0.006887028459459543, 0.012403345666825771, 0.00247123371809721, 0.0006892032106406987, 0.00026947399601340294, 0.0012666579568758607, 0.0010791429085657, 0.0002935082884505391, 0.00013499664783012122, 0.0001596748479641974, 0.00011391459702281281, 0.00022694250219501555, 0.00016010589024517685, 0.00013167427096050233, 7.479248597519472e-05, 8.245688513852656e-05, 0.00010307430056855083, 4.9661957746138796e-05, 4.360017555882223e-05, 4.3272531911497936e-05, 0.00010358029248891398, 0.00017517940432298928, 0.00011617876589298248, 2.482237732692738e-06], "lowlevel.erbbands.mean": [1.4273595809936523, 6.943299293518066, 6.333207130432129, 7.151102066040039, 12.960357666015625, 15.181432723999023, 12.631011962890625, 9.478283882141113, 4.682502269744873, 2.816317081451416, 3.1614301204681396, 19.623212814331055, 20.332855224609375, 4.52975606918335, 6.177774429321289, 2.562525987625122, 3.3245162963867188, 2.596548318862915, 5.670941352844238, 3.980720043182373, 3.656315565109253, 2.712677240371704, 1.85969877243042, 2.1711907386779785, 2.163684606552124, 2.29742169380188, 0.987203061580658, 0.6652812957763672, 0.6167340278625488, 0.6488049626350403, 0.618586003780365, 0.5844088792800903, 0.685417652130127, 0.5351205468177795, 0.28867021203041077, 0.1330922544002533, 0.05081722512841225, 0.005079822149127722, 0.0001294898975174874, 6.390813359757885e-05], "lowlevel.erbbands.stdev": [2.7947542667388916, 15.900444030761719, 18.884248733520508, 19.085500717163086, 32.26444625854492, 45.09680938720703, 30.698074340820312, 20.064613342285156, 12.24344539642334, 6.545048236846924, 6.456696033477783, 34.205570220947266, 44.04733657836914, 8.244891166687012, 13.956839561462402, 5.5272345542907715, 7.221235752105713, 5.674027919769287, 12.439711570739746, 10.19998550415039, 9.18591022491455, 6.847984790802002, 4.292160987854004, 4.237680435180664, 4.581553936004639, 4.870091915130615, 2.5707497596740723, 1.853666067123413, 1.5574623346328735, 1.3805022239685059, 1.2227349281311035, 1.3133238554000854, 2.3167593479156494, 2.157679319381714, 1.1566872596740723, 0.5570821762084961, 0.2394276112318039, 0.024854732677340508, 0.0004784471238963306, 9.021389996632934e-05], "lowlevel.gfcc.mean": [-97.27169799804688, 116.71858978271484, -78.3357925415039, 26.915454864501953, -55.93570327758789, 9.612387657165527, -38.93525314331055, 3.4428939819335938, -27.233173370361328, -16.157745361328125, -24.961956024169922, -11.614362716674805, -3.7059874534606934], "lowlevel.melbands.mean": [0.011489523574709892, 0.00512273982167244, 0.001424964633770287, 0.0009934335248544812, 0.0005341003416106105, 0.00020351320563349873, 6.436576222768053e-05, 2.9018714485573582e-05, 2.6994508516509086e-05, 0.00013180468522477895, 9.655625763116404e-05, 1.5619269106537104e-05, 1.870814048743341e-05, 9.963594493456185e-06, 5.537826837098692e-06, 7.756591003271751e-06, 4.048094069730723e-06, 9.25514723348897e-06, 5.3669687076762784e-06, 5.480009804159636e-06, 4.181883468845626e-06, 3.119209850410698e-06, 1.903386078083713e-06, 1.441021140635712e-06, 1.7955449038709048e-06, 1.4292573951024679e-06, 1.923295485539711e-06, 1.3866404060536297e-06, 6.652950901298027e-07, 4.3701925278583076e-07, 3.639175645275827e-07, 3.3337238392050494e-07, 3.614639751958748e-07, 3.5855472901857866e-07, 3.4918559776997427e-07, 3.435308144617011e-07, 3.815919171756832e-07, 4.857154181081569e-07, 4.7101863742682326e-07, 4.5116755131857644e-07], "lowlevel.melbands.stdev": [0.02260986901819706, 0.01196993887424469, 0.0035295686684548855, 0.002757473848760128, 0.001345338299870491, 0.0004386607324704528, 0.00017261433822568506, 6.62274396745488e-05, 5.734980368288234e-05, 0.00022993570019025356, 0.00021787780860904604, 3.1911087717162445e-05, 4.139154407312162e-05, 2.1366535293054767e-05, 1.346967928839149e-05, 1.7048643712769262e-05, 1.006919592327904e-05, 2.074855729006231e-05, 1.2534856068668887e-05, 1.263065860257484e-05, 1.224434072355507e-05, 7.843616913305596e-06, 5.104140655021183e-06, 3.1532567845715676e-06, 3.631588924690732e-06, 3.3562316730240127e-06, 3.999920409114566e-06, 3.136151917715324e-06, 1.8500035139368265e-06, 1.2365924249024829e-06, 1.0641781500453362e-06, 8.892044434105628e-07, 8.709653798177897e-07, 7.512481374760682e-07, 6.904294878040673e-07, 7.413924549837247e-07, 9.384212376062351e-07, 1.642482629904407e-06, 1.7426244767193566e-06, 1.962768010344007e-06], "lowlevel.melbands128.mean": [0.0017878818325698376, 0.011884993873536587, 0.01618056744337082, 0.00988047942519188, 0.0039482745341956615, 0.0019858703017234802, 0.0013700592098757625, 0.001326441764831543, 0.001439978601410985, 0.0008524837903678417, 0.0008320234483107924, 0.0008414898184128106, 0.00038984703132882714, 0.00025255122454836965, 0.0002647221554070711, 0.00013718348054680973, 8.704233914613724e-05, 5.4642783652525395e-05, 2.9981345505802892e-05, 3.085832577198744e-05, 2.9147338864277117e-05, 1.913162850541994e-05, 1.8682263544178568e-05, 3.5514422052074224e-05, 0.0001442225620849058, 0.00017834155005402863, 8.26899049570784e-05, 0.00014867071877233684, 3.3641736081335694e-05, 1.624520155019127e-05, 1.0894957995333243e-05, 8.641890417493414e-06, 1.8038628695649095e-05, 3.2771531550679356e-05, 8.002392860362306e-06, 5.910516847507097e-06, 5.876237537449924e-06, 4.519603862718213e-06, 5.677467470377451e-06, 8.896830877347384e-06, 9.276348464481998e-06, 4.20001970269368e-06, 3.704657729031169e-06, 3.989271590398857e-06, 4.626604095392395e-06, 1.4746296074008569e-05, 9.053848771145567e-06, 3.3471117149019847e-06, 4.938421625411138e-06, 5.312816938385367e-06, 6.582292371604126e-06, 4.5225233407109044e-06, 3.1166912322078133e-06, 4.802209787158063e-06, 4.646593424695311e-06, 2.7968726499238983e-06, 2.068275762212579e-06, 1.7205054518854013e-06, 2.1496227873285534e-06, 1.7069087334675714e-06, 1.039275957737118e-06, 1.1442149343565688e-06, 2.8652000310103176e-06, 1.4420223806155263e-06, 1.2149536132710637e-06, 1.5927937511150958e-06, 1.4311356153484667e-06, 1.3220509345046594e-06, 2.3846323529141955e-06, 2.3770376174070407e-06, 1.1611215313678258e-06, 1.1071107337556896e-06, 8.838938470034918e-07, 5.229659905126027e-07, 4.888177045359043e-07, 4.812162046619051e-07, 3.758397895126109e-07, 3.8856015294186363e-07, 3.7944013797641674e-07, 3.175472613747843e-07, 3.2795801985230355e-07, 3.255576075389399e-07, 3.803884567332716e-07, 3.462515678620548e-07, 3.7757035897811875e-07, 3.603789195949503e-07, 3.6281545590099995e-07, 3.261329482029396e-07, 3.6280079029893386e-07, 3.3473148164375743e-07, 3.9339121826742485e-07, 3.6130313674220815e-07, 2.3646281022138282e-07, 3.1167706993073807e-07, 5.365004085433611e-07, 5.157465352567669e-07, 4.2042614722959115e-07, 5.280408004182391e-07, 4.5773631995871256e-07, 4.711998258244421e-07, 4.51315969485222e-07, 4.851631274505053e-07, 3.8800646962044993e-07, 3.849986001114303e-07, 3.0763797553845507e-07, 2.7746537512030045e-07, 2.8900734605485923e-07, 2.7495599397298065e-07, 2.38484119563509e-07, 1.5613518655754888e-07, 2.0372544895508327e-07, 1.8159002479478659e-07, 2.016446956076834e-07, 1.2454643183446024e-07, 7.540246116377602e-08, 5.390876722799476e-08, 1.688287731838045e-08, 1.7278389830011065e-09, 2.1027908581050525e-10, 3.85090501153762e-11, 2.0701707709180894e-11, 9.58597697747754e-12, 6.679768283640586e-12, 6.564328941527364e-12, 6.419679891844776e-12, 6.234550202488531e-12, 6.127779707265635e-12, 6.087129064691332e-12], "lowlevel.melbands128.stdev": [0.003797529498115182, 0.023858916014432907, 0.035297296941280365, 0.02482357621192932, 0.012479015626013279, 0.006491071078926325, 0.004026215989142656, 0.0033923068549484015, 0.003438008250668645, 0.0027708662673830986, 0.002674449235200882, 0.002115763956680894, 0.000968247652053833, 0.0006603225483559072, 0.0005486293812282383, 0.00030781247187405825, 0.0002302878419868648, 0.00018586445366963744, 9.887722262647003e-05, 7.414655556203797e-05, 6.576681334991008e-05, 5.746825991082005e-05, 5.0638285756576806e-05, 9.83085556072183e-05, 0.0002635371929500252, 0.00036793024628423154, 0.0002084239386022091, 0.0003929013619199395, 8.046354923862964e-05, 4.0867700590752065e-05, 2.9342745619942434e-05, 2.5287683456554078e-05, 4.394088318804279e-05, 8.858253568178043e-05, 2.200431117671542e-05, 1.7185104297823273e-05, 1.5387531675514765e-05, 1.2464312931115273e-05, 1.7111882698372938e-05, 2.196896093664691e-05, 2.1414396542240866e-05, 1.262998648599023e-05, 9.889836292131804e-06, 1.074610736395698e-05, 1.2474542927520815e-05, 3.848742198897526e-05, 2.2634887500316836e-05, 9.757838597579394e-06, 1.902815893117804e-05, 2.0227962522767484e-05, 1.6059415429481305e-05, 1.1498126696096733e-05, 1.0273673069605138e-05, 1.8921038645203225e-05, 1.221396178152645e-05, 7.217900929390453e-06, 8.246237484854646e-06, 5.601473276328761e-06, 5.95695428273757e-06, 4.409411303640809e-06, 3.1882750590739306e-06, 2.615683342810371e-06, 6.838187346147606e-06, 3.365511247466202e-06, 3.5498494526109425e-06, 3.956035925511969e-06, 3.6176570574752986e-06, 3.6387402815307723e-06, 5.097704161016736e-06, 5.2516711548378225e-06, 3.6093649669055594e-06, 3.32864419760881e-06, 2.701033736229874e-06, 1.531732095827465e-06, 1.4908240473232581e-06, 1.449811975362536e-06, 1.091000740416348e-06, 1.2335621022430132e-06, 1.189263457490597e-06, 9.626613746149815e-07, 9.980868753700634e-07, 8.52672997098125e-07, 1.0650006743162521e-06, 8.762320362620812e-07, 8.917004379327409e-07, 8.378385132346011e-07, 8.112845080177067e-07, 6.615593406422704e-07, 7.93414812960691e-07, 7.038030958028685e-07, 9.206594882016361e-07, 8.537797953067638e-07, 5.631208637169038e-07, 7.97903339844197e-07, 1.5613182995366515e-06, 1.6329770460288273e-06, 1.6392634734074818e-06, 2.1140233457117574e-06, 1.7813924841902917e-06, 1.8662046841200208e-06, 1.933552766786306e-06, 2.433051122352481e-06, 1.8839319864127901e-06, 1.7295815268880688e-06, 1.3690766991203418e-06, 1.21654454687814e-06, 1.3233010349722463e-06, 1.1978995644312818e-06, 1.1539116258063586e-06, 6.848312068541418e-07, 1.3341571047931211e-06, 9.596956260793377e-07, 1.0665512490959372e-06, 7.018791734481056e-07, 3.7897891047578014e-07, 3.025354828878335e-07, 9.520640276150516e-08, 1.1081324302608664e-08, 3.819748961575442e-09, 5.975587802353743e-10, 3.1520816512475847e-10, 8.086359359893436e-11, 1.5164180675042438e-11, 1.4918103211081224e-11, 1.4707032466865222e-11, 1.4530108886912085e-11, 1.4407038062547173e-11, 1.4330631299686036e-11], "lowlevel.mfcc.mean": [-755.375244140625, 149.24766540527344, 32.30782699584961, 23.1375789642334, 11.171819686889648, 1.719969391822815, -0.46494680643081665, 5.59158182144165, 0.5004606246948242, 5.678528308868408, -17.073474884033203, -17.062471389770508, -9.718915939331055], "lowlevel.spectral_contrast_coeffs.mean": [-0.6429270505905151, -0.750278115272522, -0.7426275610923767, -0.8237555623054504, -0.8218948245048523, -0.7999333143234253], "lowlevel.spectral_contrast_coeffs.stdev": [0.075032077729702, 0.06812473386526108, 0.06968297809362411, 0.04883715882897377, 0.046938516199588776, 0.03898267447948456], "lowlevel.spectral_contrast_valleys.mean": [-7.082895278930664, -7.65374755859375, -8.420851707458496, -8.763855934143066, -8.958488464355469, -11.381791114807129], "lowlevel.spectral_contrast_valleys.stdev": [0.9704132676124573, 0.9246810674667358, 0.9594402313232422, 1.0089988708496094, 1.2039881944656372, 1.289792776107788], "rhythm.beats_loudness_band_ratio.mean": [0.9754281640052795, 0.023060090839862823, 0.0036366924177855253, 0.0008491984917782247, 0.0004993476322852075, 0.0003038915747310966], "rhythm.beats_loudness_band_ratio.stdev": [0.021949103102087975, 0.02147628739476204, 0.003654433647170663, 0.0012295189080759883, 0.0006153240101411939, 0.0003750442119780928], "tonal.hpcp.mean": [0.06390196830034256, 0.051730602979660034, 0.02797793596982956, 0.02486654743552208, 0.022248724475502968, 0.020943470299243927, 0.02011851966381073, 0.024559779092669487, 0.11135827749967575, 0.31338536739349365, 0.26125314831733704, 0.07696260511875153, 0.07634630054235458, 0.06020512804389, 0.043962862342596054, 0.09985052049160004, 0.09907399117946625, 0.03758685290813446, 0.019602762535214424, 0.01805040054023266, 0.019655821844935417, 0.02441786788403988, 0.030783526599407196, 0.11206669360399246, 0.303801566362381, 0.29036375880241394, 0.1329571157693863, 0.09083475172519684, 0.07557157427072525, 0.14364589750766754, 0.3033578395843506, 0.23648099601268768, 0.059449467808008194, 0.03286333382129669, 0.028279373422265053, 0.040886398404836655], "tonal.hpcp.stdev": [0.19366778433322906, 0.16046833992004395, 0.12767457962036133, 0.1221311092376709, 0.11242315173149109, 0.10029544681310654, 0.09719276428222656, 0.10140455514192581, 0.19005043804645538, 0.3675759732723236, 0.3191366493701935, 0.18972352147102356, 0.23400676250457764, 0.19900710880756378, 0.12428221106529236, 0.24069881439208984, 0.23760353028774261, 0.13754606246948242, 0.08576501160860062, 0.10641533881425858, 0.09380320459604263, 0.09736159443855286, 0.10703982412815094, 0.18983305990695953, 0.3689006268978119, 0.33779317140579224, 0.2632950246334076, 0.24449291825294495, 0.22128185629844666, 0.25440242886543274, 0.3705325126647949, 0.30633634328842163, 0.14462298154830933, 0.1339808851480484, 0.13242048025131226, 0.14109176397323608], "rhythm.beats_position": [0.5108389854431152, 1.0216779708862305, 1.5325169563293457, 2.0201361179351807, 2.530975103378296, 3.0302040576934814, 3.529433012008667, 4.028662204742432, 4.527891159057617, 5.038730144500732, 5.526349067687988, 6.0371880531311035, 6.524806976318359, 7.035645961761475, 7.523265361785889, 8.034104347229004, 8.533332824707031, 9.032562255859375, 9.520181655883789, 10.031020164489746, 10.53024959564209, 11.029478073120117, 11.528707504272461, 12.027935981750488, 12.538775444030762, 13.02639389038086, 13.525623321533203, 14.024852752685547, 14.535691261291504, 15.034920692443848, 15.534149169921875, 16.03337860107422, 16.532608032226562, 17.031835556030273, 17.531064987182617, 18.03029441833496, 18.529523849487305, 19.040363311767578, 19.52798080444336, 20.027210235595703, 20.526439666748047, 21.03727912902832, 21.5248966217041, 22.035736083984375, 22.52335548400879, 23.034194946289062, 23.521814346313477, 24.032651901245117, 24.52027130126953, 25.031110763549805, 25.53034019470215, 26.029569625854492, 26.540407180786133, 27.028026580810547, 27.53886604309082, 28.026485443115234, 28.537322998046875, 29.02494239807129, 29.524171829223633, 30.023401260375977, 30.53424072265625, 31.02185821533203, 31.532697677612305, 32.031925201416016, 32.53115463256836, 33.0303840637207, 33.52961349487305, 34.02884292602539, 34.528072357177734, 35.038909912109375, 35.52653121948242, 36.03736877441406, 36.524986267089844, 37.03582763671875, 37.52344512939453, 38.03428649902344, 38.52190399169922, 39.03274154663086, 39.520362854003906], "rhythm.bpm_histogram": [0.0, 0.0, 0.0, 0.0, 0.0, 0.0, 0.0, 0.0, 0.0, 0.0, 0.0, 0.0, 0.0, 0.0, 0.0, 0.0, 0.0, 0.0, 0.0, 0.0, 0.0, 0.0, 0.0, 0.0, 0.0, 0.0, 0.0, 0.0, 0.0, 0.0, 0.0, 0.0, 0.0, 0.0, 0.0, 0.0, 0.0, 0.0, 0.0, 0.0, 0.0, 0.0, 0.0, 0.0, 0.0, 0.0, 0.0, 0.0, 0.0, 0.0, 0.0, 0.0, 0.0, 0.0, 0.0, 0.0, 0.0, 0.0, 0.0, 0.0, 0.0, 0.0, 0.0, 0.0, 0.0, 0.0, 0.0, 0.0, 0.0, 0.0, 0.0, 0.0, 0.0, 0.0, 0.0, 0.0, 0.0, 0.0, 0.0, 0.0, 0.0, 0.0, 0.0, 0.0, 0.0, 0.0, 0.0, 0.0, 0.0, 0.0, 0.0, 0.0, 0.0, 0.0, 0.0, 0.0, 0.0, 0.0, 0.0, 0.0, 0.0, 0.0, 0.0, 0.0, 0.0, 0.0, 0.0, 0.0, 0.0, 0.0, 0.0, 0.0, 0.0, 0.0, 0.0, 0.0, 0.0, 0.3333333432674408, 0.0, 0.0, 0.41025641560554504, 0.0, 0.0, 0.25641027092933655, 0.0, 0.0, 0.0, 0.0, 0.0, 0.0, 0.0, 0.0, 0.0, 0.0, 0.0, 0.0, 0.0, 0.0, 0.0, 0.0, 0.0, 0.0, 0.0, 0.0, 0.0, 0.0, 0.0, 0.0, 0.0, 0.0, 0.0, 0.0, 0.0, 0.0, 0.0, 0.0, 0.0, 0.0, 0.0, 0.0, 0.0, 0.0, 0.0, 0.0, 0.0, 0.0, 0.0, 0.0, 0.0, 0.0, 0.0, 0.0, 0.0, 0.0, 0.0, 0.0, 0.0, 0.0, 0.0, 0.0, 0.0, 0.0, 0.0, 0.0, 0.0, 0.0, 0.0, 0.0, 0.0, 0.0, 0.0, 0.0, 0.0, 0.0, 0.0, 0.0, 0.0, 0.0, 0.0, 0.0, 0.0, 0.0, 0.0, 0.0, 0.0, 0.0, 0.0, 0.0, 0.0, 0.0, 0.0, 0.0, 0.0, 0.0, 0.0, 0.0, 0.0, 0.0, 0.0, 0.0, 0.0, 0.0, 0.0, 0.0, 0.0, 0.0, 0.0, 0.0, 0.0, 0.0, 0.0, 0.0, 0.0, 0.0, 0.0, 0.0, 0.0, 0.0, 0.0, 0.0, 0.0, 0.0, 0.0, 0.0, 0.0, 0.0, 0.0, 0.0, 0.0, 0.0], "tonal.chords_histogram": [25.0, 0.0, 15.625, 0.0, 0.0, 0.0, 0.0, 0.0, 0.0, 0.0, 0.0, 0.0, 0.0, 0.0, 0.0, 0.0, 0.0, 59.375, 0.0, 0.0, 0.0, 0.0, 0.0, 0.0], "tonal.thpcp": [1.0, 0.8336482048034668, 0.24558454751968384, 0.2436179518699646, 0.19211211800575256, 0.1402837038040161, 0.3186189532279968, 0.3161410987377167, 0.11993812024593353, 0.06255161762237549, 0.05759809538722038, 0.06272093206644058, 0.07791642844676971, 0.09822898358106613, 0.35760027170181274, 0.969418466091156, 0.9265390038490295, 0.4242607653141022, 0.28984999656677246, 0.24114583432674408, 0.4583682417869568, 0.9680025577545166, 0.754601240158081, 0.18970084190368652, 0.10486556589603424, 0.09023833274841309, 0.13046683371067047, 0.20390859246253967, 0.16507025063037872, 0.08927646279335022, 0.07934814691543579, 0.0709947794675827, 0.06682976335287094, 0.06419738382101059, 0.07836925983428955, 0.35533973574638367], "lowlevel.gfcc.cov": [[7089.08154296875, -2269.77685546875, -503.57989501953125, 397.55804443359375, -60.43914794921875, 364.6419982910156, -410.8544616699219, 446.57763671875, -330.5290832519531, 651.70751953125, 224.2142333984375, 489.209716796875, -441.7391662597656], [-2269.77685546875, 2652.8330078125, -169.46142578125, -28.149030685424805, 440.2040100097656, -291.872802734375, 637.347900390625, -366.1124572753906, 563.2899780273438, -214.30148315429688, 304.3526916503906, -213.52005004882812, 431.7093811035156], [-503.57989501953125, -169.46142578125, 1391.876220703125, 247.79331970214844, 317.2556457519531, 312.4286804199219, 157.12144470214844, 217.0711212158203, 232.4468994140625, 140.170166015625, 98.63471984863281, 80.54576110839844, 111.76020050048828], [397.55804443359375, -28.149030685424805, 247.79331970214844, 507.116455078125, 348.6160888671875, 79.27584075927734, 192.1470947265625, 173.5472869873047, 215.84149169921875, 97.01823425292969, 175.6073760986328, 79.69287109375, 63.901611328125], [-60.43914794921875, 440.2040100097656, 317.2556457519531, 348.6160888671875, 637.073486328125, 167.4871063232422, 379.4519348144531, 157.84075927734375, 349.8844299316406, 122.97410583496094, 255.69386291503906, 46.92839813232422, 140.7115478515625], [364.6419982910156, -291.872802734375, 312.4286804199219, 79.27584075927734, 167.4871063232422, 326.6058654785156, 148.6824493408203, 139.84478759765625, 50.173763275146484, 123.68937683105469, 69.06084442138672, 46.46485900878906, 6.720240116119385], [-410.8544616699219, 637.347900390625, 157.12144470214844, 192.1470947265625, 379.4519348144531, 148.6824493408203, 517.1262817382812, 54.11737823486328, 316.56024169921875, 40.853546142578125, 193.95082092285156, -6.337065696716309, 162.92140197753906], [446.57763671875, -366.1124572753906, 217.0711212158203, 173.5472869873047, 157.84075927734375, 139.84478759765625, 54.11737823486328, 297.644287109375, 87.07565307617188, 80.18722534179688, 42.55589294433594, 81.7533950805664, 13.431022644042969], [-330.5290832519531, 563.2899780273438, 232.4468994140625, 215.84149169921875, 349.8844299316406, 50.173763275146484, 316.56024169921875, 87.07565307617188, 409.9463806152344, 67.31056213378906, 158.9360809326172, 2.091423273086548, 180.0338897705078], [651.70751953125, -214.30148315429688, 140.170166015625, 97.01823425292969, 122.97410583496094, 123.68937683105469, 40.853546142578125, 80.18722534179688, 67.31056213378906, 214.01373291015625, 120.82463073730469, 91.1151123046875, -19.57367706298828], [224.2142333984375, 304.3526916503906, 98.63471984863281, 175.6073760986328, 255.69386291503906, 69.06084442138672, 193.95082092285156, 42.55589294433594, 158.9360809326172, 120.82463073730469, 264.2003173828125, 78.86248779296875, 69.45555877685547], [489.209716796875, -213.52005004882812, 80.54576110839844, 79.69287109375, 46.92839813232422, 46.46485900878906, -6.337065696716309, 81.7533950805664, 2.091423273086548, 91.1151123046875, 78.86248779296875, 135.54193115234375, 0.32793372869491577], [-441.7391662597656, 431.7093811035156, 111.76020050048828, 63.901611328125, 140.7115478515625, 6.720240116119385, 162.92140197753906, 13.431022644042969, 180.0338897705078, -19.57367706298828, 69.45555877685547, 0.32793372869491577, 174.972900390625]], "lowlevel.gfcc.icov": [[0.0003664331161417067, -9.823797881836072e-06, 0.0003260939265601337, -0.000334781885612756, 0.00015602516941726208, -0.0004454312438610941, 0.0002950761991087347, -0.0001685054594418034, -8.090256596915424e-05, -0.0006453405949287117, -9.593963113729842e-06, -0.0006814584485255182, 0.0005092722130939364], [-9.823797881836072e-06, 0.0035247572232037783, -0.00010775472037494183, 0.002066809218376875, -0.001178995007649064, 0.0030797943472862244, -0.0018927204655483365, 0.0024800989776849747, -0.0014998229453340173, 0.002146352082490921, -0.004157346207648516, 0.003212736453860998, -0.0035780181642621756], [0.0003260939265601337, -0.00010775472037494183, 0.0014106110902503133, -0.0006201970390975475, 2.34263097809162e-05, -0.001712930970825255, 0.0009575688745826483, -0.00011985793389612809, -0.0006979648023843765, -0.0004549262812361121, 0.000385310995625332, -0.0010319930734112859, 9.540953033138067e-05], [-0.000334781885612756, 0.002066809218376875, -0.0006201970390975475, 0.005455505568534136, -0.0021867614705115557, 0.0030791491735726595, -0.0015047108754515648, 0.00024417295935563743, -0.0015001270221546292, 0.002263584639877081, -0.003346289275214076, 0.0015609177062287927, -0.001396115985698998], [0.00015602516941726208, -0.001178995007649064, 2.34263097809162e-05, -0.0021867614705115557, 0.005605077836662531, -0.002044040709733963, -0.0002799313224386424, -0.0016348831122741103, -0.0013326939661055803, -0.0008281668997369707, -0.0009236093610525131, -0.00030495194368995726, 0.001689386903308332], [-0.0004454312438610941, 0.0030797943472862244, -0.001712930970825255, 0.0030791491735726595, -0.002044040709733963, 0.011137684807181358, -0.0055403634905815125, -0.0003829555935226381, 0.002676756354048848, -0.0019472235580906272, -0.0025424733757972717, 0.005285799968987703, -0.00432222243398428], [0.0002950761991087347, -0.0018927204655483365, 0.0009575688745826483, -0.0015047108754515648, -0.0002799313224386424, -0.0055403634905815125, 0.007634361740201712, -0.0002756645262707025, -0.002711877692490816, 0.0010699251433834434, 1.9071920178248547e-05, -0.0019039337057620287, 0.001609294326044619], [-0.0001685054594418034, 0.0024800989776849747, -0.00011985793389612809, 0.00024417295935563743, -0.0016348831122741103, -0.0003829555935226381, -0.0002756645262707025, 0.008385182358324528, -0.0030686366371810436, 0.0029235808178782463, -0.0009400029084645212, -0.0012972018448635936, -0.0017546541057527065], [-8.090256596915424e-05, -0.0014998229453340173, -0.0006979648023843765, -0.0015001270221546292, -0.0013326939661055803, 0.002676756354048848, -0.002711877692490816, -0.0030686366371810436, 0.0114934416487813, -0.005943473428487778, 0.0024468875490128994, 0.002901033964008093, -0.005247989669442177], [-0.0006453405949287117, 0.002146352082490921, -0.0004549262812361121, 0.002263584639877081, -0.0008281668997369707, -0.0019472235580906272, 0.0010699251433834434, 0.0029235808178782463, -0.005943473428487778, 0.015143979340791702, -0.0064691840671002865, -0.0024397112429142, 0.0024411340709775686], [-9.593963113729842e-06, -0.004157346207648516, 0.000385310995625332, -0.003346289275214076, -0.0009236093610525131, -0.0025424733757972717, 1.9071920178248547e-05, -0.0009400029084645212, 0.0024468875490128994, -0.0064691840671002865, 0.015412002801895142, -0.0076795825734734535, 0.002759201219305396], [-0.0006814584485255182, 0.003212736453860998, -0.0010319930734112859, 0.0015609177062287927, -0.00030495194368995726, 0.005285799968987703, -0.0019039337057620287, -0.0012972018448635936, 0.002901033964008093, -0.0024397112429142, -0.0076795825734734535, 0.019663481041789055, -0.00788978859782219], [0.0005092722130939364, -0.0035780181642621756, 9.540953033138067e-05, -0.001396115985698998, 0.001689386903308332, -0.00432222243398428, 0.001609294326044619, -0.0017546541057527065, -0.005247989669442177, 0.0024411340709775686, 0.002759201219305396, -0.00788978859782219, 0.018313879147171974]], "lowlevel.mfcc.cov": [[7602.6181640625, -2074.823974609375, -802.3251953125, -9.62663459777832, 41.733673095703125, -121.38201141357422, 120.08422088623047, -39.409183502197266, -505.6012268066406, 128.1827392578125, 180.51295471191406, 243.9387969970703, 207.87254333496094], [-2074.823974609375, 2123.71337890625, -126.94364929199219, 242.8604278564453, -97.08151245117188, 271.94744873046875, -2.38336443901062, 40.546226501464844, 218.23231506347656, 36.78281784057617, 106.89334869384766, 82.88290405273438, 39.95293045043945], [-802.3251953125, -126.94364929199219, 942.6270141601562, 22.43583106994629, 224.6163787841797, 110.4614486694336, 77.8515396118164, 56.397727966308594, 162.0388641357422, 21.08458709716797, 89.44003295898438, 68.85359954833984, 19.505319595336914], [-9.62663459777832, 242.8604278564453, 22.43583106994629, 542.0560302734375, 223.44281005859375, 125.90473937988281, 91.30199432373047, 173.35813903808594, 130.55270385742188, 111.5759506225586, 147.87710571289062, 168.68373107910156, 102.138671875], [41.733673095703125, -97.08151245117188, 224.6163787841797, 223.44281005859375, 398.80230712890625, 75.59066009521484, 129.4132843017578, 131.07615661621094, 102.0630874633789, 143.6682586669922, 111.35433959960938, 102.24109649658203, 98.55475616455078], [-121.38201141357422, 271.94744873046875, 110.4614486694336, 125.90473937988281, 75.59066009521484, 331.1703186035156, 148.8651885986328, 82.46807861328125, 100.26005554199219, 135.5364990234375, 133.24838256835938, 82.23987579345703, 81.13211822509766], [120.08422088623047, -2.38336443901062, 77.8515396118164, 91.30199432373047, 129.4132843017578, 148.8651885986328, 251.64871215820312, 135.0923614501953, 31.379138946533203, 124.52128601074219, 89.0108642578125, 67.28242492675781, 105.3288345336914], [-39.409183502197266, 40.546226501464844, 56.397727966308594, 173.35813903808594, 131.07615661621094, 82.46807861328125, 135.0923614501953, 217.348876953125, 135.7013702392578, 110.38330078125, 79.1460952758789, 80.24494934082031, 66.3812026977539], [-505.6012268066406, 218.23231506347656, 162.0388641357422, 130.55270385742188, 102.0630874633789, 100.26005554199219, 31.379138946533203, 135.7013702392578, 280.1577453613281, 96.37377166748047, 78.60783386230469, 61.30657196044922, 27.558141708374023], [128.1827392578125, 36.78281784057617, 21.08458709716797, 111.5759506225586, 143.6682586669922, 135.5364990234375, 124.52128601074219, 110.38330078125, 96.37377166748047, 235.41082763671875, 107.09120178222656, 48.12468338012695, 83.12229919433594], [180.51295471191406, 106.89334869384766, 89.44003295898438, 147.87710571289062, 111.35433959960938, 133.24838256835938, 89.0108642578125, 79.1460952758789, 78.60783386230469, 107.09120178222656, 184.88067626953125, 120.31550598144531, 79.39642333984375], [243.9387969970703, 82.88290405273438, 68.85359954833984, 168.68373107910156, 102.24109649658203, 82.23987579345703, 67.28242492675781, 80.24494934082031, 61.30657196044922, 48.12468338012695, 120.31550598144531, 174.1657257080078, 85.34912872314453], [207.87254333496094, 39.95293045043945, 19.505319595336914, 102.138671875, 98.55475616455078, 81.13211822509766, 105.3288345336914, 66.3812026977539, 27.558141708374023, 83.12229919433594, 79.39642333984375, 85.34912872314453, 142.17196655273438]], "lowlevel.mfcc.icov": [[0.00031470341491512954, 0.0003414853126741946, 0.00031783815938979387, 6.444470636779442e-05, 5.810386937810108e-05, -8.534432708984241e-05, 0.00012158659228589386, 3.3552532840985805e-05, 0.00037193717435002327, -0.00015999749302864075, -0.00035730513627640903, -0.0006113625131547451, -0.00015531881945207715], [0.0003414853126741946, 0.0010275865206494927, 0.0005187736824154854, -0.00024135364219546318, 0.00036415935028344393, -0.0006180979544296861, 0.00013355675037018955, 0.0004416657902766019, -0.0002664493804331869, 0.00011950247426284477, -0.00045266313827596605, -0.0005959290429018438, -0.00029840023489668965], [0.00031783815938979387, 0.0005187736824154854, 0.0019673139322549105, 0.0005379256908781826, -0.0010745892068371177, -0.0005928017781116068, -0.0004446930543053895, 0.0007001609774306417, -0.0008729425608180463, 0.0010008971439674497, -0.0008530209888704121, -0.0007816510042175651, 0.0003485217457637191], [6.444470636779442e-05, -0.00024135364219546318, 0.0005379256908781826, 0.00387065252289176, -0.001676525454968214, -0.0006532823899760842, 0.0014295809669420123, -0.0023100264370441437, 0.0004662497085519135, 0.00037581921787932515, -0.0006092405528761446, -0.0019041764317080379, -0.0001532500027678907], [5.810386937810108e-05, 0.00036415935028344393, -0.0010745892068371177, -0.001676525454968214, 0.0053837182931602, 0.0012388702016323805, -0.0010340611916035414, 0.00021524321346078068, -0.00019882751803379506, -0.0022037255112081766, -6.278056389419362e-05, -0.000450453779194504, -0.0009763920679688454], [-8.534432708984241e-05, -0.0006180979544296861, -0.0005928017781116068, -0.0006532823899760842, 0.0012388702016323805, 0.006604081951081753, -0.0036025219596922398, 0.002126550767570734, -0.0013251659693196416, -0.0018221755744889379, -0.001954958075657487, 2.0881716409348883e-05, 0.0002991268702317029], [0.00012158659228589386, 0.00013355675037018955, -0.0004446930543053895, 0.0014295809669420123, -0.0010340611916035414, -0.0036025219596922398, 0.011891943402588367, -0.007479979190975428, 0.004388455767184496, -0.0011158020934090018, -0.0003554682189133018, 0.0007833941490389407, -0.0041964915581047535], [3.3552532840985805e-05, 0.0004416657902766019, 0.0007001609774306417, -0.0023100264370441437, 0.00021524321346078068, 0.002126550767570734, -0.007479979190975428, 0.014250639826059341, -0.0060858093202114105, -0.0012302607065066695, 0.0010942871449515224, -0.0020922862458974123, 0.0014593014493584633], [0.00037193717435002327, -0.0002664493804331869, -0.0008729425608180463, 0.0004662497085519135, -0.00019882751803379506, -0.0013251659693196416, 0.004388455767184496, -0.0060858093202114105, 0.008800054900348186, -0.002067489782348275, -0.0007059027557261288, -0.0007649892941117287, 0.00015667521802242845], [-0.00015999749302864075, 0.00011950247426284477, 0.0010008971439674497, 0.00037581921787932515, -0.0022037255112081766, -0.0018221755744889379, -0.0011158020934090018, -0.0012302607065066695, -0.002067489782348275, 0.010041371919214725, -0.0036907410249114037, 0.0040937927551567554, -0.0021049347706139088], [-0.00035730513627640903, -0.00045266313827596605, -0.0008530209888704121, -0.0006092405528761446, -6.278056389419362e-05, -0.001954958075657487, -0.0003554682189133018, 0.0010942871449515224, -0.0007059027557261288, -0.0036907410249114037, 0.014897871762514114, -0.006901764776557684, 0.00023408926790580153], [-0.0006113625131547451, -0.0005959290429018438, -0.0007816510042175651, -0.0019041764317080379, -0.000450453779194504, 2.0881716409348883e-05, 0.0007833941490389407, -0.0020922862458974123, -0.0007649892941117287, 0.0040937927551567554, -0.006901764776557684, 0.01626993715763092, -0.004924653097987175], [-0.00015531881945207715, -0.00029840023489668965, 0.0003485217457637191, -0.0001532500027678907, -0.0009763920679688454, 0.0002991268702317029, -0.0041964915581047535, 0.0014593014493584633, 0.00015667521802242845, -0.0021049347706139088, 0.00023408926790580153, -0.004924653097987175, 0.014366701245307922]], "metadata.audio_properties.analysis.downmix": "mix", "metadata.audio_properties.codec": "mp3", "metadata.audio_properties.md5_encoded": "e41fcdf93e80d8d1ce9ba4dd43cc9ebf", "metadata.tags.file_name": "1183656337796767774.mp3", "metadata.version.essentia": "2.1-beta6-dev", "metadata.version.essentia_git_sha": "v2.1_beta5-1110-g77a6a954", "metadata.version.extractor": "music 2.0", "tonal.chords_key": "F", "tonal.chords_scale": "m