{"song_id": "1183673131026620447", "download": "https://cdn.discordapp.com/attachments/1135903449314238464/1183673131026620447/chirp.mp4?ex=65893082&amp", "lyrics": "[verse]\nIn the age of Christofascist madness\nWhere macho minds breed nothing but sadness\nDrowning in a sea of misguided pride\nA storm of intolerance we cannot hide\n\n[chorus]\nBreak the chains, rise above the hate\nIn this world, let's radiate\nLove and acceptance, let it show\nTogether we'll conquer, let freedom grow", "style": ["in the style of queen"], "essentia_features": {"lowlevel.average_loudness": 0.9854981303215027, "lowlevel.barkbands_crest.mean": 13.872576713562012, "lowlevel.barkbands_crest.stdev": 3.962153196334839, "lowlevel.barkbands_flatness_db.mean": 0.14771981537342072, "lowlevel.barkbands_flatness_db.stdev": 0.041212715208530426, "lowlevel.barkbands_kurtosis.mean": 4.5810546875, "lowlevel.barkbands_kurtosis.stdev": 8.838984489440918, "lowlevel.barkbands_skewness.mean": 2.0192573070526123, "lowlevel.barkbands_skewness.stdev": 1.185624361038208, "lowlevel.barkbands_spread.mean": 32.51523971557617, "lowlevel.barkbands_spread.stdev": 16.670122146606445, "lowlevel.dissonance.mean": 0.4817928373813629, "lowlevel.dissonance.stdev": 0.019196655601263046, "lowlevel.dynamic_complexity": 0.9556596875190735, "lowlevel.erbbands_crest.mean": 8.917861938476562, "lowlevel.erbbands_crest.stdev": 4.807658672332764, "lowlevel.erbbands_flatness_db.mean": 0.1329202950000763, "lowlevel.erbbands_flatness_db.stdev": 0.03574879840016365, "lowlevel.erbbands_kurtosis.mean": 0.4764752984046936, "lowlevel.erbbands_kurtosis.stdev": 1.553436517715454, "lowlevel.erbbands_skewness.mean": -0.53218013048172, "lowlevel.erbbands_skewness.stdev": 0.6580621004104614, "lowlevel.erbbands_spread.mean": 46.50991439819336, "lowlevel.erbbands_spread.stdev": 17.26403045654297, "lowlevel.hfc.mean": 39.68939971923828, "lowlevel.hfc.stdev": 25.377613067626953, "lowlevel.loudness_ebu128.integrated": -12.482460021972656, "lowlevel.loudness_ebu128.loudness_range": 1.1658048629760742, "lowlevel.loudness_ebu128.momentary.mean": -12.538357734680176, "lowlevel.loudness_ebu128.momentary.stdev": 0.7156325578689575, "lowlevel.loudness_ebu128.short_term.mean": -12.49040699005127, "lowlevel.loudness_ebu128.short_term.stdev": 0.45708927512168884, "lowlevel.melbands_crest.mean": 21.56306266784668, "lowlevel.melbands_crest.stdev": 4.136641979217529, "lowlevel.melbands_flatness_db.mean": 0.22495587170124054, "lowlevel.melbands_flatness_db.stdev": 0.04714513570070267, "lowlevel.melbands_kurtosis.mean": 25.27269744873047, "lowlevel.melbands_kurtosis.stdev": 29.53280258178711, "lowlevel.melbands_skewness.mean": 4.263807773590088, "lowlevel.melbands_skewness.stdev": 1.9620307683944702, "lowlevel.melbands_spread.mean": 21.856117248535156, "lowlevel.melbands_spread.stdev": 13.528244018554688, "lowlevel.pitch_salience.mean": 0.3593069314956665, "lowlevel.pitch_salience.stdev": 0.10710349678993225, "lowlevel.silence_rate_20dB.mean": 1.0, "lowlevel.silence_rate_20dB.stdev": 0.0, "lowlevel.silence_rate_30dB.mean": 0.995223879814148, "lowlevel.silence_rate_30dB.stdev": 0.0689445286989212, "lowlevel.silence_rate_60dB.mean": 0.0017910447204485536, "lowlevel.silence_rate_60dB.stdev": 0.04228295013308525, "lowlevel.spectral_centroid.mean": 2145.591552734375, "lowlevel.spectral_centroid.stdev": 589.2392578125, "lowlevel.spectral_complexity.mean": 29.028656005859375, "lowlevel.spectral_complexity.stdev": 12.210577964782715, "lowlevel.spectral_decrease.mean": -1.4757972621737281e-08, "lowlevel.spectral_decrease.stdev": 4.893157878882448e-09, "lowlevel.spectral_energy.mean": 0.05929984897375107, "lowlevel.spectral_energy.stdev": 0.018719390034675598, "lowlevel.spectral_energyband_high.mean": 0.002384207211434841, "lowlevel.spectral_energyband_high.stdev": 0.0029502715915441513, "lowlevel.spectral_energyband_low.mean": 0.04352649301290512, "lowlevel.spectral_energyband_low.stdev": 0.01853913627564907, "lowlevel.spectral_energyband_middle_high.mean": 0.008458673022687435, "lowlevel.spectral_energyband_middle_high.stdev": 0.005647801328450441, "lowlevel.spectral_energyband_middle_low.mean": 0.0052929711528122425, "lowlevel.spectral_energyband_middle_low.stdev": 0.005761232227087021, "lowlevel.spectral_entropy.mean": 7.832123279571533, "lowlevel.spectral_entropy.stdev": 0.2879204750061035, "lowlevel.spectral_flux.mean": 0.11004093289375305, "lowlevel.spectral_flux.stdev": 0.03774488717317581, "lowlevel.spectral_kurtosis.mean": 3.2256503105163574, "lowlevel.spectral_kurtosis.stdev": 1.3759522438049316, "lowlevel.spectral_rms.mean": 0.00750235840678215, "lowlevel.spectral_rms.stdev": 0.001252298359759152, "lowlevel.spectral_rolloff.mean": 1423.0447998046875, "lowlevel.spectral_rolloff.stdev": 1601.0128173828125, "lowlevel.spectral_skewness.mean": 1.0990405082702637, "lowlevel.spectral_skewness.stdev": 0.26138126850128174, "lowlevel.spectral_spread.mean": 4587004.5, "lowlevel.spectral_spread.stdev": 1382533.625, "lowlevel.spectral_strongpeak.mean": 0.6653019785881042, "lowlevel.spectral_strongpeak.stdev": 0.48061808943748474, "lowlevel.zerocrossingrate.mean": 0.05860162153840065, "lowlevel.zerocrossingrate.stdev": 0.030496280640363693, "metadata.audio_properties.analysis.equal_loudness": 0.0, "metadata.audio_properties.analysis.length": 38.84798049926758, "metadata.audio_properties.analysis.sample_rate": 44100.0, "metadata.audio_properties.analysis.start_time": 0.0, "metadata.audio_properties.bit_rate": 118341.0, "metadata.audio_properties.length": 38.847999572753906, "metadata.audio_properties.lossless": 0.0, "metadata.audio_properties.number_channels": 1.0, "metadata.audio_properties.replay_gain": -11.931373596191406, "metadata.audio_properties.sample_rate": 48000.0, "rhythm.beats_count": 85.0, "rhythm.beats_loudness.mean": 0.06498131155967712, "rhythm.beats_loudness.stdev": 0.019846677780151367, "rhythm.bpm": 132.1212158203125, "rhythm.bpm_histogram_first_peak_bpm": 133.0, "rhythm.bpm_histogram_first_peak_weight": 0.21686750650405884, "rhythm.bpm_histogram_second_peak_bpm": 126.0, "rhythm.bpm_histogram_second_peak_spread": 0.0, "rhythm.bpm_histogram_second_peak_weight": 0.011904762126505375, "rhythm.danceability": 1.5381512641906738, "rhythm.onset_rate": 3.498823881149292, "tonal.chords_changes_rate": 0.0859188511967659, "tonal.chords_number_rate": 0.015513126738369465, "tonal.chords_strength.mean": 0.49688780307769775, "tonal.chords_strength.stdev": 0.07617797702550888, "tonal.hpcp_crest.mean": 13.128679275512695, "tonal.hpcp_crest.stdev": 5.91744327545166, "tonal.hpcp_entropy.mean": 2.081982135772705, "tonal.hpcp_entropy.stdev": 0.8016946315765381, "tonal.key_edma.strength": 0.50722336769104, "tonal.key_krumhansl.strength": 0.5159395933151245, "tonal.key_temperley.strength": 0.5352445244789124, "tonal.tuning_diatonic_strength": 0.6128767132759094, "tonal.tuning_equal_tempered_deviation": 0.24627237021923065, "tonal.tuning_frequency": 434.193115234375, "tonal.tuning_nontempered_energy_ratio": 0.9115234017372131, "lowlevel.barkbands.mean": [0.000990258064121008, 0.028872724622488022, 0.01357856672257185, 0.0005106474854983389, 0.0007570391171611845, 0.0007607435109093785, 0.0009555912693031132, 0.0009632298024371266, 0.0008867140859365463, 0.0014529182808473706, 0.0005245883367024362, 0.0007150379824452102, 0.0008146819309331477, 0.000616248173173517, 0.0006094401469454169, 0.0007185281137935817, 0.0008298152824863791, 0.000735723355319351, 0.0008313827565871179, 0.0011364391539245844, 0.0003847204498015344, 0.0007449921686202288, 0.0002642197359818965, 0.0002247233351226896, 0.00022126056137494743, 0.00019498783512972295, 4.70157510790159e-06], "lowlevel.barkbands.stdev": [0.001259364071302116, 0.016699591651558876, 0.010326294228434563, 0.0010707764886319637, 0.0020736020524054766, 0.0017623008461669087, 0.002979531418532133, 0.0022313494700938463, 0.002042983425781131, 0.003225289285182953, 0.0008827288984321058, 0.0012945396592840552, 0.0017893066396936774, 0.001517810975201428, 0.0009478527354076505, 0.0009990619728341699, 0.0010308879427611828, 0.0008745451923459768, 0.0007543041720055044, 0.0011653463589027524, 0.00032202020520344377, 0.0009938593721017241, 0.000585088855586946, 0.0006806792807765305, 0.0006731471512466669, 0.00037008244544267654, 1.039131257130066e-05], "lowlevel.erbbands.mean": [0.5059257745742798, 7.441461086273193, 19.706703186035156, 5.088894367218018, 1.6145368814468384, 2.678025245666504, 5.318103790283203, 6.324573993682861, 12.03121280670166, 15.115131378173828, 23.29985237121582, 22.603601455688477, 33.709163665771484, 42.819580078125, 24.93095588684082, 30.617053985595703, 36.1705207824707, 37.17914962768555, 30.35381507873535, 34.399532318115234, 41.609561920166016, 48.483184814453125, 45.05562210083008, 31.402599334716797, 59.3022346496582, 48.97356033325195, 21.26361656188965, 13.579815864562988, 26.698143005371094, 20.074230194091797, 5.635302543640137, 3.6259138584136963, 4.419694423675537, 2.76487135887146, 1.325514554977417, 0.7229830622673035, 0.39505934715270996, 0.05947357043623924, 0.00113432458601892, 0.00010951391595881432], "lowlevel.erbbands.stdev": [0.48056235909461975, 4.118331432342529, 11.871258735656738, 5.058932304382324, 3.3738725185394287, 9.593151092529297, 13.13341999053955, 16.25208282470703, 34.69938278198242, 45.75448226928711, 53.27474594116211, 52.07262420654297, 66.92432403564453, 121.75355529785156, 26.566892623901367, 57.2393684387207, 75.93009948730469, 92.68794250488281, 49.89861297607422, 49.587127685546875, 56.49566650390625, 55.41636657714844, 54.06037902832031, 23.0349178314209, 55.07902145385742, 49.430789947509766, 17.84123420715332, 11.695694923400879, 32.54330825805664, 38.60966873168945, 12.43843936920166, 10.281989097595215, 14.274925231933594, 9.088587760925293, 3.7736382484436035, 1.8104968070983887, 0.6914055943489075, 0.10067995637655258, 0.001855098525993526, 7.442814239766449e-05], "lowlevel.gfcc.mean": [52.455074310302734, 58.45773696899414, -111.24496459960938, 55.489261627197266, -31.722017288208008, 29.53867530822754, -9.154471397399902, 25.20747947692871, -18.682863235473633, 12.593639373779297, -20.374643325805664, 8.23698902130127, -18.366044998168945], "lowlevel.melbands.mean": [0.006273570470511913, 0.009985474869608879, 0.0008748138207010925, 0.00013826724898535758, 0.00017614959506317973, 0.00014399456267710775, 0.00019154814071953297, 0.00016865471843630075, 0.0001814843126339838, 0.00014020387607160956, 0.0001663386938162148, 0.00017750213737599552, 7.604423444718122e-05, 8.6213018221315e-05, 7.005855877650902e-05, 8.247418736573309e-05, 6.624218804063275e-05, 4.750489824800752e-05, 4.095512849744409e-05, 4.9595411837799475e-05, 4.713031739811413e-05, 4.65368248114828e-05, 5.671992767020129e-05, 2.778553061943967e-05, 2.3798280381015502e-05, 3.364733493071981e-05, 5.5284810514422134e-05, 2.6234045435558073e-05, 1.4524183825415093e-05, 8.94545519258827e-06, 6.942387244635029e-06, 1.4438916878134478e-05, 1.6045523807406425e-05, 9.121392395172734e-06, 3.1820545700611547e-06, 1.8370460566075053e-06, 2.498138883311185e-06, 3.3921412523341132e-06, 2.8455037863750476e-06, 2.09230461223342e-06], "lowlevel.melbands.stdev": [0.004327986389398575, 0.004632149823009968, 0.0008086036541499197, 0.00042482398566789925, 0.00043087967787869275, 0.0003550279652699828, 0.0005639525479637086, 0.0004645076405722648, 0.0004181455005891621, 0.000336012861225754, 0.0003383768489584327, 0.0005177588318474591, 9.589994442649186e-05, 0.0001491232542321086, 0.0001469545386498794, 0.00017809927521739155, 0.0001749208604451269, 8.270754915429279e-05, 5.9982005041092634e-05, 7.173362973844633e-05, 6.763071723980829e-05, 6.390996713889763e-05, 6.571110134245828e-05, 3.3174321288242936e-05, 1.9162805983796716e-05, 3.406164614716545e-05, 5.857919677509926e-05, 2.8177226340631023e-05, 1.368425819237018e-05, 7.905782695161179e-06, 6.441331606765743e-06, 1.7017620848491788e-05, 2.5285220544901676e-05, 1.979548324015923e-05, 7.237006229843246e-06, 5.231318937148899e-06, 7.43200098440866e-06, 1.139963569585234e-05, 9.013411727210041e-06, 7.395007287414046e-06], "lowlevel.melbands128.mean": [0.0007250250200740993, 0.0030939376447349787, 0.007354471366852522, 0.014567464590072632, 0.013182969763875008, 0.004818398039788008, 0.0007851686095818877, 0.00020050420425832272, 0.00013180899259168655, 0.00012406504538375884, 0.0001458458136767149, 0.00018189374532084912, 0.0002091017086058855, 0.00013547821436077356, 0.00013136499910615385, 0.0001547004358144477, 0.00016372333629988134, 0.0002153645909857005, 0.00020664847397711128, 0.00016003592463675886, 0.0001382004120387137, 0.00021218798065092415, 0.00021952364477328956, 0.0001030120620271191, 0.00014346647367347032, 0.0001546528801554814, 0.00012675076141022146, 0.00020980856788810343, 0.00012784154387190938, 0.00023318768944591284, 0.00019078415061812848, 7.195006764959544e-05, 6.481009040726349e-05, 8.215231355279684e-05, 7.987806748133153e-05, 9.593712456990033e-05, 8.62273809616454e-05, 4.73217514809221e-05, 7.40883988328278e-05, 9.547010267851874e-05, 6.839837442385033e-05, 9.86938102869317e-05, 6.422674050554633e-05, 5.879435411770828e-05, 3.934138294425793e-05, 4.742104283650406e-05, 5.764337765867822e-05, 2.582121487648692e-05, 4.086820990778506e-05, 5.773477096226998e-05, 4.3353255023248494e-05, 4.9896865675691515e-05, 5.920047624385916e-05, 3.5726534406421706e-05, 4.346979039837606e-05, 4.5933848014101386e-05, 4.9394428060622886e-05, 6.361720443237573e-05, 6.429378845496103e-05, 3.5717530408874154e-05, 2.4380176910199225e-05, 2.0588697225321084e-05, 2.5317800464108586e-05, 2.4942064555943944e-05, 2.1040437786723487e-05, 2.9078049919917248e-05, 4.5796339691150934e-05, 4.748805076815188e-05, 7.365080818999559e-05, 4.248222830938175e-05, 2.3159249394666404e-05, 1.8930268197436817e-05, 1.613166205061134e-05, 1.5756064385641366e-05, 9.429588317289017e-06, 8.792700100457296e-06, 9.834338015934918e-06, 6.145313363958849e-06, 5.548432909563417e-06, 7.934783752716612e-06, 1.265521495952271e-05, 1.8122111214324832e-05, 1.7875061530503444e-05, 1.6484591469634324e-05, 1.3779444998363033e-05, 1.172448719444219e-05, 7.164986072893953e-06, 4.480924417293863e-06, 2.7137555207445985e-06, 2.4590360681031598e-06, 2.309408273504232e-06, 1.589851649441698e-06, 1.1547468830030994e-06, 2.0159893665550044e-06, 3.7241409245325485e-06, 4.014545083919074e-06, 3.345244067531894e-06, 2.3145103114075027e-06, 2.974938979605213e-06, 3.1756842417962616e-06, 2.478315309417667e-06, 2.083888603010564e-06, 1.2388968571031e-06, 1.437538912796299e-06, 1.2690821904470795e-06, 1.8543212263466557e-06, 1.4257780094339978e-06, 1.0288495104759932e-06, 1.057408098859014e-06, 1.2297028888497152e-06, 1.7649637129579787e-06, 1.3353554777495447e-06, 1.275519252885715e-06, 1.1918347126993467e-06, 1.1025849744328298e-06, 7.594840099045541e-07, 2.0987950222206564e-07, 1.7692014520065413e-09, 1.0175086467834049e-11, 9.697303723910089e-12, 9.340345337449651e-12, 9.09966112877525e-12, 8.849815845424214e-12, 8.669055057142216e-12, 8.495608730396675e-12, 8.324659538094803e-12, 8.214389238259123e-12, 8.160360408238088e-12], "lowlevel.melbands128.stdev": [0.0011011215392500162, 0.00420753238722682, 0.007202077656984329, 0.008151957765221596, 0.0073304628022015095, 0.003920888062566519, 0.0011011083843186498, 0.00040864196489565074, 0.0003593599540181458, 0.0005028632003813982, 0.0006691577727906406, 0.0005859556258656085, 0.0005856154602952302, 0.00039358646608889103, 0.0004175344074610621, 0.0005041429540142417, 0.0005024444544687867, 0.0008235867135226727, 0.0008989111520349979, 0.0006796976085752249, 0.0004907718393951654, 0.0006029043579474092, 0.0006220755749382079, 0.0003812623326666653, 0.0004674757656175643, 0.0005074075888842344, 0.0003569691616576165, 0.0006031376542523503, 0.0003283590776845813, 0.0007753173704259098, 0.0007050556014291942, 0.00020381085050757974, 9.842544386629015e-05, 0.00012399580737110227, 0.0001305665064137429, 0.000254335580393672, 0.00022975282627157867, 0.00015940195589791983, 0.00026253346004523337, 0.00029838638147339225, 0.0002053812495432794, 0.0003969338722527027, 0.000267419614829123, 0.00020702711481135339, 8.327146497322246e-05, 0.00012113385309930891, 0.00015980502939783037, 5.296062954585068e-05, 8.866725693223998e-05, 0.00013403393677435815, 9.966657671611756e-05, 9.844879969023168e-05, 0.00013513884914573282, 5.341909491107799e-05, 9.188767580781132e-05, 8.682595944264904e-05, 7.216028461698443e-05, 9.59570606937632e-05, 0.00012096949649276212, 8.36462713778019e-05, 4.040642306790687e-05, 2.544387461966835e-05, 2.8060203476343304e-05, 2.624885928526055e-05, 2.4488983399351127e-05, 3.9831691537983716e-05, 6.562352064065635e-05, 6.065994966775179e-05, 9.96000599116087e-05, 5.680331742041744e-05, 3.277825453551486e-05, 2.528264121792745e-05, 1.7881695384858176e-05, 1.8563778212410398e-05, 9.266003871744033e-06, 8.674569471622817e-06, 1.1032670954591595e-05, 7.310934961424209e-06, 6.3956263147701975e-06, 8.935925507103093e-06, 1.7289587049162947e-05, 2.5704188374220394e-05, 2.635527380334679e-05, 2.8098929760744795e-05, 2.8655329515459016e-05, 3.146582457702607e-05, 1.5260975487763062e-05, 1.062236879079137e-05, 6.645752819167683e-06, 6.4269720496668015e-06, 7.22650247553247e-06, 5.235318440099945e-06, 4.203129719826393e-06, 6.9824977799726184e-06, 1.1661647477012593e-05, 1.2179587429272942e-05, 1.4370527424034663e-05, 8.868607437761966e-06, 9.178919754049275e-06, 1.051920662575867e-05, 9.170291377813555e-06, 8.181760676961858e-06, 4.999018983653514e-06, 4.430911758390721e-06, 3.391761993043474e-06, 5.813603820570279e-06, 5.1314677875780035e-06, 3.5333973755768966e-06, 3.2204400213231565e-06, 2.796656644932227e-06, 3.654781721706968e-06, 2.585813490441069e-06, 2.3052671167533845e-06, 2.1534713141591055e-06, 2.0268910247978056e-06, 1.5874876453381148e-06, 4.384892804409901e-07, 1.479428846096198e-08, 1.2629318597856543e-11, 1.2146163415327482e-11, 1.1733791022150442e-11, 1.1424241760926712e-11, 1.1160734662840621e-11, 1.0941017189458613e-11, 1.0760680541066492e-11, 1.0621107292274612e-11, 1.051865972795385e-11, 1.0456395298230614e-11], "lowlevel.mfcc.mean": [-594.6253051757812, 90.27872467041016, -8.671149253845215, 42.49346923828125, 8.178772926330566, 22.18769645690918, 19.270526885986328, 20.817005157470703, 16.096858978271484, 8.610560417175293, 12.648324012756348, 1.098038673400879, 11.941039085388184], "lowlevel.spectral_contrast_coeffs.mean": [-0.673552930355072, -0.7740932106971741, -0.7702258229255676, -0.7841691374778748, -0.7664440274238586, -0.6683921813964844], "lowlevel.spectral_contrast_coeffs.stdev": [0.059019092470407486, 0.08070676028728485, 0.06471932679414749, 0.05577044561505318, 0.04599977284669876, 0.060023125261068344], "lowlevel.spectral_contrast_valleys.mean": [-6.659082412719727, -6.960000991821289, -7.028626918792725, -7.142021179199219, -6.732335090637207, -10.199323654174805], "lowlevel.spectral_contrast_valleys.stdev": [0.5744221210479736, 0.6387775540351868, 0.5862300992012024, 0.5571067929267883, 0.5699273347854614, 0.9217582941055298], "rhythm.beats_loudness_band_ratio.mean": [0.7424867153167725, 0.0251939557492733, 0.0551011748611927, 0.05992541462182999, 0.05383060500025749, 0.07513736933469772], "rhythm.beats_loudness_band_ratio.stdev": [0.11238016188144684, 0.03010682202875614, 0.06355331838130951, 0.056782133877277374, 0.03964711353182793, 0.0534164123237133], "tonal.hpcp.mean": [0.10324343293905258, 0.10198642313480377, 0.057021718472242355, 0.027013340964913368, 0.024737736210227013, 0.02173994854092598, 0.018914537504315376, 0.020663948729634285, 0.022861119359731674, 0.02329985238611698, 0.020244978368282318, 0.02043212205171585, 0.02719537727534771, 0.03747132420539856, 0.05285332351922989, 0.09844750165939331, 0.13081108033657074, 0.1102752834558487, 0.08938796073198318, 0.07275959849357605, 0.05413107946515083, 0.059619560837745667, 0.07304159551858902, 0.08019538968801498, 0.11483193933963776, 0.13763220608234406, 0.1150069385766983, 0.11144866794347763, 0.1478465050458908, 0.18730857968330383, 0.2523958384990692, 0.226329505443573, 0.1013684868812561, 0.05770470201969147, 0.06874091178178787, 0.08030669391155243], "tonal.hpcp.stdev": [0.23530372977256775, 0.23871761560440063, 0.15641899406909943, 0.10031389445066452, 0.10496684908866882, 0.09280963987112045, 0.06757421046495438, 0.07356517761945724, 0.09195572882890701, 0.0844445526599884, 0.0660693347454071, 0.07305795699357986, 0.08698555827140808, 0.11657629907131195, 0.16530753672122955, 0.23521621525287628, 0.2739817202091217, 0.25491660833358765, 0.2368064969778061, 0.21293722093105316, 0.17787471413612366, 0.17839978635311127, 0.20612724125385284, 0.19245098531246185, 0.2538682222366333, 0.28519999980926514, 0.2590784728527069, 0.2337728887796402, 0.29740163683891296, 0.3199957609176636, 0.37296950817108154, 0.3627146780490875, 0.21758440136909485, 0.16385650634765625, 0.17880168557167053, 0.19672748446464539], "rhythm.beats_position": [0.4876190423965454, 0.9636281132698059, 1.4280271530151367, 1.8924262523651123, 2.345215320587158, 2.798004388809204, 3.250793695449829, 3.7151927947998047, 4.1679816246032715, 4.6207709312438965, 5.073559761047363, 5.526349067687988, 5.979138374328613, 6.43192720413208, 6.884716510772705, 7.337505340576172, 7.790294647216797, 8.243083953857422, 8.695873260498047, 9.148661613464355, 9.61306095123291, 10.065850257873535, 10.51863956451416, 10.971427917480469, 11.424217224121094, 11.877006530761719, 12.341405868530273, 12.794195175170898, 13.246983528137207, 13.699772834777832, 14.152562141418457, 14.605351448059082, 15.058140754699707, 15.510929107666016, 15.952108383178711, 16.416507720947266, 16.88090705871582, 17.333696365356445, 17.78648567199707, 18.239274978637695, 18.692062377929688, 19.156461715698242, 19.597640991210938, 20.050430297851562, 20.503219604492188, 20.967618942260742, 21.432018280029297, 21.873197555541992, 22.325986862182617, 22.77877426147461, 23.231563568115234, 23.68435287475586, 24.137142181396484, 24.58993148803711, 25.054330825805664, 25.51873016357422, 25.971519470214844, 26.42430877685547, 26.87709617614746, 27.329885482788086, 27.78267478942871, 28.235464096069336, 28.68825340270996, 29.141042709350586, 29.60544204711914, 30.058231353759766, 30.51102066040039, 30.963808059692383, 31.416597366333008, 31.869386672973633, 32.32217788696289, 32.774967193603516, 33.227752685546875, 33.69215393066406, 34.14494323730469, 34.59773254394531, 35.05052185058594, 35.50331115722656, 35.95610046386719, 36.40888977050781, 36.86167907714844, 37.3144645690918, 37.76725387573242, 38.22004318237305, 38.661224365234375], "rhythm.bpm_histogram": [0.0, 0.0, 0.0, 0.0, 0.0, 0.0, 0.0, 0.0, 0.0, 0.0, 0.0, 0.0, 0.0, 0.0, 0.0, 0.0, 0.0, 0.0, 0.0, 0.0, 0.0, 0.0, 0.0, 0.0, 0.0, 0.0, 0.0, 0.0, 0.0, 0.0, 0.0, 0.0, 0.0, 0.0, 0.0, 0.0, 0.0, 0.0, 0.0, 0.0, 0.0, 0.0, 0.0, 0.0, 0.0, 0.0, 0.0, 0.0, 0.0, 0.0, 0.0, 0.0, 0.0, 0.0, 0.0, 0.0, 0.0, 0.0, 0.0, 0.0, 0.0, 0.0, 0.0, 0.0, 0.0, 0.0, 0.0, 0.0, 0.0, 0.0, 0.0, 0.0, 0.0, 0.0, 0.0, 0.0, 0.0, 0.0, 0.0, 0.0, 0.0, 0.0, 0.0, 0.0, 0.0, 0.0, 0.0, 0.0, 0.0, 0.0, 0.0, 0.0, 0.0, 0.0, 0.0, 0.0, 0.0, 0.0, 0.0, 0.0, 0.0, 0.0, 0.0, 0.0, 0.0, 0.0, 0.0, 0.0, 0.0, 0.0, 0.0, 0.0, 0.0, 0.0, 0.0, 0.0, 0.0, 0.0, 0.0, 0.0, 0.0, 0.0, 0.0, 0.0, 0.0, 0.0, 0.011904762126505375, 0.0, 0.0, 0.1666666716337204, 0.0, 0.0, 0.0, 0.773809552192688, 0.0, 0.0, 0.0476190485060215, 0.0, 0.0, 0.0, 0.0, 0.0, 0.0, 0.0, 0.0, 0.0, 0.0, 0.0, 0.0, 0.0, 0.0, 0.0, 0.0, 0.0, 0.0, 0.0, 0.0, 0.0, 0.0, 0.0, 0.0, 0.0, 0.0, 0.0, 0.0, 0.0, 0.0, 0.0, 0.0, 0.0, 0.0, 0.0, 0.0, 0.0, 0.0, 0.0, 0.0, 0.0, 0.0, 0.0, 0.0, 0.0, 0.0, 0.0, 0.0, 0.0, 0.0, 0.0, 0.0, 0.0, 0.0, 0.0, 0.0, 0.0, 0.0, 0.0, 0.0, 0.0, 0.0, 0.0, 0.0, 0.0, 0.0, 0.0, 0.0, 0.0, 0.0, 0.0, 0.0, 0.0, 0.0, 0.0, 0.0, 0.0, 0.0, 0.0, 0.0, 0.0, 0.0, 0.0, 0.0, 0.0, 0.0, 0.0, 0.0, 0.0, 0.0, 0.0, 0.0, 0.0, 0.0, 0.0, 0.0, 0.0, 0.0, 0.0, 0.0, 0.0, 0.0, 0.0, 0.0, 0.0, 0.0, 0.0, 0.0, 0.0, 0.0, 0.0, 0.0, 0.0], "tonal.chords_histogram": [5.250596523284912, 0.3579952120780945, 10.739856719970703, 1.5513126850128174, 0.9546539187431335, 17.66109848022461, 2.9832935333251953, 14.439141273498535, 4.176610946655273, 11.455846786499023, 6.801909446716309, 9.069211959838867, 3.9379475116729736, 0.0, 0.8353222012519836, 0.2386634796857834, 0.0, 0.4773269593715668, 0.0, 0.0, 2.863961696624756, 0.0, 6.08591890335083, 0.1193317398428917], "tonal.thpcp": [1.0, 0.8967244029045105, 0.40162503719329834, 0.2286277860403061, 0.2723535895347595, 0.31817758083343506, 0.40905362367630005, 0.4040733277797699, 0.22592177987098694, 0.10702767968177795, 0.09801166504621506, 0.08613433688879013, 0.07493997365236282, 0.08187119662761688, 0.09057644754648209, 0.09231472760438919, 0.08021122217178345, 0.08095268905162811, 0.10774891078472137, 0.14846253395080566, 0.20940648019313812, 0.3900519907474518, 0.5182774662971497, 0.43691402673721313, 0.35415783524513245, 0.28827574849128723, 0.21446898579597473, 0.2362145185470581, 0.28939303755760193, 0.31773656606674194, 0.4549676477909088, 0.5453029870986938, 0.45566099882125854, 0.4415630102157593, 0.5857723355293274, 0.7421222925186157], "lowlevel.gfcc.cov": [[2137.9736328125, -272.842529296875, 65.99608612060547, -108.78580474853516, -127.62256622314453, -25.682798385620117, -119.25044250488281, 81.40699768066406, -40.749298095703125, 123.51905059814453, -40.63316345214844, 113.74568939208984, -30.294485092163086], [-272.842529296875, 658.0547485351562, -297.27215576171875, 16.84575080871582, 40.41938400268555, -137.27420043945312, 92.0628890991211, -76.7641372680664, 51.14664077758789, -50.67770004272461, 25.252613067626953, -61.5587158203125, 27.957555770874023], [65.99608612060547, -297.27215576171875, 516.1217651367188, -36.849266052246094, -73.66883850097656, 1.8763493299484253, -166.38111877441406, -9.039613723754883, -61.659339904785156, 22.156719207763672, 6.537502765655518, 30.99417495727539, -16.817935943603516], [-108.78580474853516, 16.84575080871582, -36.849266052246094, 126.23446655273438, 36.0108757019043, 36.494354248046875, 5.859902858734131, -16.04387855529785, 5.0590715408325195, -36.74152755737305, 9.367518424987793, -16.64749526977539, 26.85866355895996], [-127.62256622314453, 40.41938400268555, -73.66883850097656, 36.0108757019043, 174.9606475830078, 59.46844482421875, 59.11027145385742, 5.378759860992432, -10.52812671661377, -24.219249725341797, -14.680615425109863, -12.250604629516602, 4.060513019561768], [-25.682798385620117, -137.27420043945312, 1.8763493299484253, 36.494354248046875, 59.46844482421875, 225.1131134033203, 60.08078384399414, -5.64274787902832, -30.45945167541504, -32.63726806640625, 23.567548751831055, -10.83475399017334, 2.4121103286743164], [-119.25044250488281, 92.0628890991211, -166.38111877441406, 5.859902858734131, 59.11027145385742, 60.08078384399414, 200.85366821289062, 34.28144073486328, 26.357772827148438, -15.35461711883545, -11.867826461791992, -13.740912437438965, -18.822572708129883], [81.40699768066406, -76.7641372680664, -9.039613723754883, -16.04387855529785, 5.378759860992432, -5.64274787902832, 34.28144073486328, 110.1955337524414, 45.420310974121094, 6.369147777557373, -38.78794860839844, 0.2813100218772888, -7.922055721282959], [-40.749298095703125, 51.14664077758789, -61.659339904785156, 5.0590715408325195, -10.52812671661377, -30.45945167541504, 26.357772827148438, 45.420310974121094, 107.97412872314453, 21.37887191772461, -17.587963104248047, -19.72140121459961, -17.082305908203125], [123.51905059814453, -50.67770004272461, 22.156719207763672, -36.74152755737305, -24.219249725341797, -32.63726806640625, -15.35461711883545, 6.369147777557373, 21.37887191772461, 106.06915283203125, 36.63082504272461, 5.325716495513916, -37.17055130004883], [-40.63316345214844, 25.252613067626953, 6.537502765655518, 9.367518424987793, -14.680615425109863, 23.567548751831055, -11.867826461791992, -38.78794860839844, -17.587963104248047, 36.63082504272461, 101.99207305908203, 8.671597480773926, -8.836685180664062], [113.74568939208984, -61.5587158203125, 30.99417495727539, -16.64749526977539, -12.250604629516602, -10.83475399017334, -13.740912437438965, 0.2813100218772888, -19.72140121459961, 5.325716495513916, 8.671597480773926, 77.79850006103516, 32.044063568115234], [-30.294485092163086, 27.957555770874023, -16.817935943603516, 26.85866355895996, 4.060513019561768, 2.4121103286743164, -18.822572708129883, -7.922055721282959, -17.082305908203125, -37.17055130004883, -8.836685180664062, 32.044063568115234, 97.9998779296875]], "lowlevel.gfcc.icov": [[0.0007441742345690727, -0.0005214345874264836, 0.0003034744586329907, -0.0003197589539922774, 0.0007203741697594523, -0.0009798670653253794, 0.0010083852102980018, -0.0011382369557395577, 0.0011107034515589476, -0.0015215171733871102, 0.0014089584583416581, -0.001675144536420703, 0.0009057451388798654], [-0.0005214345874264836, 0.0061669861897826195, 0.001204026397317648, 0.002839914057403803, -0.0023144904989749193, 0.006222279276698828, -0.0036579750012606382, 0.0057935514487326145, -0.004147752188146114, 0.0059623089618980885, -0.00579887954518199, 0.006379352416843176, -0.0038540668319910765], [0.0003034744586329907, 0.001204026397317648, 0.003727205563336611, 0.0006003881571814418, 0.0006202731165103614, -3.167578324791975e-05, 0.002506234683096409, -0.00020983566355425864, 0.0012112859403714538, 0.0003269420121796429, 7.467832620022818e-05, -0.0005189545336179435, 0.001176460413262248], [-0.0003197589539922774, 0.002839914057403803, 0.0006003881571814418, 0.012502633035182953, -0.003028408857062459, 0.0020332459826022387, -0.0010248384205624461, 0.00390698341652751, -0.0047081634402275085, 0.006381047423928976, -0.005565023515373468, 0.005735426209867001, -0.00481570977717638], [0.0007203741697594523, -0.0023144904989749193, 0.0006202731165103614, -0.003028408857062459, 0.008759130723774433, -0.004068615380674601, 0.0007303612655960023, -0.0030069027561694384, 0.003915183246135712, -0.0035632781218737364, 0.004641045816242695, -0.003008958650752902, 0.002187119796872139], [-0.0009798670653253794, 0.006222279276698828, -3.167578324791975e-05, 0.0020332459826022387, -0.004068615380674601, 0.012879797257483006, -0.00644264230504632, 0.0055910879746079445, -0.003294062800705433, 0.008367943577468395, -0.00896195974200964, 0.00823292974382639, -0.004474984481930733], [0.0010083852102980018, -0.0036579750012606382, 0.002506234683096409, -0.0010248384205624461, 0.0007303612655960023, -0.00644264230504632, 0.011889111250638962, -0.006215221248567104, 0.0027310492005199194, -0.0033762867096811533, 0.004543120972812176, -0.006129726767539978, 0.005585055332630873], [-0.0011382369557395577, 0.0057935514487326145, -0.00020983566355425864, 0.00390698341652751, -0.0030069027561694384, 0.0055910879746079445, -0.006215221248567104, 0.019807472825050354, -0.009999530389904976, 0.005179723259061575, -0.001574143534526229, 0.005403932649642229, -0.004404337611049414], [0.0011107034515589476, -0.004147752188146114, 0.0012112859403714538, -0.0047081634402275085, 0.003915183246135712, -0.003294062800705433, 0.0027310492005199194, -0.009999530389904976, 0.018466752022504807, -0.008687448687851429, 0.006569083780050278, -0.0028707319870591164, 0.004114783834666014], [-0.0015215171733871102, 0.0059623089618980885, 0.0003269420121796429, 0.006381047423928976, -0.0035632781218737364, 0.008367943577468395, -0.0033762867096811533, 0.005179723259061575, -0.008687448687851429, 0.023445801809430122, -0.013976367190480232, 0.005902418401092291, 3.616716276155785e-05], [0.0014089584583416581, -0.00579887954518199, 7.467832620022818e-05, -0.005565023515373468, 0.004641045816242695, -0.00896195974200964, 0.004543120972812176, -0.001574143534526229, 0.006569083780050278, -0.013976367190480232, 0.02242490090429783, -0.009695411659777164, 0.005437702406197786], [-0.001675144536420703, 0.006379352416843176, -0.0005189545336179435, 0.005735426209867001, -0.003008958650752902, 0.00823292974382639, -0.006129726767539978, 0.005403932649642229, -0.0028707319870591164, 0.005902418401092291, -0.009695411659777164, 0.026501489803195, -0.01261852029711008], [0.0009057451388798654, -0.0038540668319910765, 0.001176460413262248, -0.00481570977717638, 0.002187119796872139, -0.004474984481930733, 0.005585055332630873, -0.004404337611049414, 0.004114783834666014, 3.616716276155785e-05, 0.005437702406197786, -0.01261852029711008, 0.01918879710137844]], "lowlevel.mfcc.cov": [[1486.306396484375, -173.55816650390625, -18.40416145324707, -59.630348205566406, -68.10311889648438, -79.0926742553711, -68.39068603515625, -56.290130615234375, 13.353421211242676, -31.36009407043457, -17.00612449645996, 43.735530853271484, 70.91897583007812], [-173.55816650390625, 515.2861938476562, -221.0354461669922, 110.74114990234375, -90.69050598144531, -26.230249404907227, -33.52491760253906, -27.618860244750977, -3.1717400550842285, 4.086546897888184, 15.906274795532227, -28.822336196899414, 3.6318161487579346], [-18.40416145324707, -221.0354461669922, 478.8558349609375, -93.43022918701172, 89.44148254394531, -42.20496368408203, -44.92912673950195, -65.07633972167969, -92.68055725097656, -24.750614166259766, -81.19497680664062, 55.627376556396484, 3.777602434158325], [-59.630348205566406, 110.74114990234375, -93.43022918701172, 141.3256072998047, -11.021827697753906, -15.349129676818848, -26.592416763305664, 0.23572586476802826, 21.095232009887695, 1.9576590061187744, -10.571091651916504, -13.878952026367188, 17.243656158447266], [-68.10311889648438, -90.69050598144531, 89.44148254394531, -11.021827697753906, 171.32276916503906, 17.604755401611328, 10.00329875946045, -2.940957546234131, -11.226274490356445, -12.367990493774414, -33.669830322265625, -7.326272010803223, -29.727386474609375], [-79.0926742553711, -26.230249404907227, -42.20496368408203, -15.349129676818848, 17.604755401611328, 135.23294067382812, 82.65241241455078, 37.94223403930664, -2.980072259902954, -6.252109527587891, 20.470064163208008, -3.4090492725372314, -28.790096282958984], [-68.39068603515625, -33.52491760253906, -44.92912673950195, -26.592416763305664, 10.00329875946045, 82.65241241455078, 159.1569366455078, 41.818092346191406, 0.6325445771217346, -21.747901916503906, 26.595260620117188, 2.7969465255737305, -15.294219970703125], [-56.290130615234375, -27.618860244750977, -65.07633972167969, 0.23572586476802826, -2.940957546234131, 37.94223403930664, 41.818092346191406, 139.990966796875, 54.24753189086914, 23.41537094116211, 11.935009002685547, -32.20416259765625, -24.449703216552734], [13.353421211242676, -3.1717400550842285, -92.68055725097656, 21.095232009887695, -11.226274490356445, -2.980072259902954, 0.6325445771217346, 54.24753189086914, 126.49298095703125, 26.84405517578125, -1.7783867120742798, -25.914478302001953, 9.073455810546875], [-31.36009407043457, 4.086546897888184, -24.750614166259766, 1.9576590061187744, -12.367990493774414, -6.252109527587891, -21.747901916503906, 23.41537094116211, 26.84405517578125, 100.76896667480469, 43.69607162475586, -4.95896577835083, -3.4959726333618164], [-17.00612449645996, 15.906274795532227, -81.19497680664062, -10.571091651916504, -33.669830322265625, 20.470064163208008, 26.595260620117188, 11.935009002685547, -1.7783867120742798, 43.69607162475586, 152.0212860107422, -6.336906433105469, -0.025685956701636314], [43.735530853271484, -28.822336196899414, 55.627376556396484, -13.878952026367188, -7.326272010803223, -3.4090492725372314, 2.7969465255737305, -32.20416259765625, -25.914478302001953, -4.95896577835083, -6.336906433105469, 109.41886901855469, 39.21857833862305], [70.91897583007812, 3.6318161487579346, 3.777602434158325, 17.243656158447266, -29.727386474609375, -28.790096282958984, -15.294219970703125, -24.449703216552734, 9.073455810546875, -3.4959726333618164, -0.025685956701636314, 39.21857833862305, 86.823974609375]], "lowlevel.mfcc.icov": [[0.0008433797629550099, 0.0004829888348467648, 0.0004519864160101861, 0.0004487104306463152, 0.0003144423244521022, 0.000331281335093081, 0.0003872894449159503, 0.000267945317318663, 3.7166522815823555e-05, 0.0003299895324744284, 0.0001537323259981349, -0.0001067306729964912, -0.0003990230616182089], [0.0004829888348467648, 0.0034188227728009224, 0.0016202470287680626, -0.0013157001230865717, 0.001261632307432592, 0.0006317737861536443, 0.00043447682401165366, 0.0009802115382626653, 0.00118499796371907, -2.9818471375619993e-05, 0.0005451406468637288, 0.000264969770796597, 0.00040274520870298147], [0.0004519864160101861, 0.0016202470287680626, 0.0046680644154548645, 0.00198680954053998, -0.0010363033507019281, 0.0011980083072558045, 0.0010267187608405948, 0.0005511750350706279, 0.002781845163553953, -0.00045776876504532993, 0.0020293963607400656, -0.0007991106831468642, -0.0006037373095750809], [0.0004487104306463152, -0.0013157001230865717, 0.00198680954053998, 0.01039309985935688, -0.0012002981966361403, 0.00014533803914673626, 0.00176811043638736, -0.00023826656979508698, -1.9290360796730965e-05, 0.00011386382539058104, 0.0013918322511017323, 0.0007095980690792203, -0.0028939680196344852], [0.0003144423244521022, 0.001261632307432592, -0.0010363033507019281, -0.0012002981966361403, 0.007846442982554436, -0.000701342592947185, -0.0003860674623865634, 0.0009298330987803638, -0.0003840566205326468, 0.00018912414088845253, 0.001053989282809198, 0.00046540313633158803, 0.002459492301568389], [0.000331281335093081, 0.0006317737861536443, 0.0011980083072558045, 0.00014533803914673626, -0.000701342592947185, 0.01219406258314848, -0.004998505115509033, -0.0012768326560035348, 0.0011965782614424825, 8.454570343019441e-05, -0.0002582464076112956, -0.0011204417096450925, 0.002569639589637518], [0.0003872894449159503, 0.00043447682401165366, 0.0010267187608405948, 0.00176811043638736, -0.0003860674623865634, -0.004998505115509033, 0.010960265062749386, -0.002067171735689044, 0.00019414986309129745, 0.0033344044350087643, -0.0015003470471128821, -0.0010963199893012643, -0.0005626974743790925], [0.000267945317318663, 0.0009802115382626653, 0.0005511750350706279, -0.00023826656979508698, 0.0009298330987803638, -0.0012768326560035348, -0.002067171735689044, 0.011078896000981331, -0.0036514264065772295, -0.001971039455384016, 0.0006631440483033657, 0.0015360016841441393, 0.0020227478817105293], [3.7166522815823555e-05, 0.00118499796371907, 0.002781845163553953, -1.9290360796730965e-05, -0.0003840566205326468, 0.0011965782614424825, 0.00019414986309129745, -0.0036514264065772295, 0.012846799567341805, -0.0029338658787310123, 0.0024496621917933226, 0.0020512535702437162, -0.0033124007750302553], [0.0003299895324744284, -2.9818471375619993e-05, -0.00045776876504532993, 0.00011386382539058104, 0.00018912414088845253, 8.454570343019441e-05, 0.0033344044350087643, -0.001971039455384016, -0.0029338658787310123, 0.013911087065935135, -0.004683753941208124, -0.001355633488856256, 0.0013318031560629606], [0.0001537323259981349, 0.0005451406468637288, 0.0020293963607400656, 0.0013918322511017323, 0.001053989282809198, -0.0002582464076112956, -0.0015003470471128821, 0.0006631440483033657, 0.0024496621917933226, -0.004683753941208124, 0.009607981890439987, 0.0008575884276069701, -0.001144525595009327], [-0.0001067306729964912, 0.000264969770796597, -0.0007991106831468642, 0.0007095980690792203, 0.00046540313633158803, -0.0011204417096450925, -0.0010963199893012643, 0.0015360016841441393, 0.0020512535702437162, -0.001355633488856256, 0.0008575884276069701, 0.01288110576570034, -0.006089945323765278], [-0.0003990230616182089, 0.00040274520870298147, -0.0006037373095750809, -0.0028939680196344852, 0.002459492301568389, 0.002569639589637518, -0.0005626974743790925, 0.0020227478817105293, -0.0033124007750302553, 0.0013318031560629606, -0.001144525595009327, -0.006089945323765278, 0.01774260401725769]], "metadata.audio_properties.analysis.downmix": "mix", "metadata.audio_properti