{"song_id": "1183711090522202152", "download": "https://cdn.discordapp.com/attachments/1135911532732108921/1183711090522202152/chirp.mp4?ex=658953dc&amp", "lyrics": "[Chorus]\nCelebremos a chegada do que est\u00e1 por nascer, Com cora\u00e7\u00f5es repletos de f\u00e9, prontos para florescer. Que o novo ano traga, em cada novo amanhecer, Amor, paz e felicidade, em tudo que vamos viver.", "style": ["MPB</span><span>, voz masculina"], "essentia_features": {"lowlevel.average_loudness": 0.9764512181282043, "lowlevel.barkbands_crest.mean": 14.155467987060547, "lowlevel.barkbands_crest.stdev": 3.232084274291992, "lowlevel.barkbands_flatness_db.mean": 0.3381543457508087, "lowlevel.barkbands_flatness_db.stdev": 0.0733172670006752, "lowlevel.barkbands_kurtosis.mean": 42.74185562133789, "lowlevel.barkbands_kurtosis.stdev": 37.069313049316406, "lowlevel.barkbands_skewness.mean": 4.74801778793335, "lowlevel.barkbands_skewness.stdev": 1.9701515436172485, "lowlevel.barkbands_spread.mean": 5.919206619262695, "lowlevel.barkbands_spread.stdev": 8.776727676391602, "lowlevel.dissonance.mean": 0.4389936327934265, "lowlevel.dissonance.stdev": 0.0386798195540905, "lowlevel.dynamic_complexity": 0.8745520710945129, "lowlevel.erbbands_crest.mean": 13.194973945617676, "lowlevel.erbbands_crest.stdev": 4.392529487609863, "lowlevel.erbbands_flatness_db.mean": 0.2280702143907547, "lowlevel.erbbands_flatness_db.stdev": 0.05266929790377617, "lowlevel.erbbands_kurtosis.mean": 5.5316619873046875, "lowlevel.erbbands_kurtosis.stdev": 11.127821922302246, "lowlevel.erbbands_skewness.mean": 1.6655704975128174, "lowlevel.erbbands_skewness.stdev": 1.6446095705032349, "lowlevel.erbbands_spread.mean": 43.90324020385742, "lowlevel.erbbands_spread.stdev": 36.16180419921875, "lowlevel.hfc.mean": 17.709959030151367, "lowlevel.hfc.stdev": 13.609740257263184, "lowlevel.loudness_ebu128.integrated": -14.396961212158203, "lowlevel.loudness_ebu128.loudness_range": 1.3592948913574219, "lowlevel.loudness_ebu128.momentary.mean": -14.505270004272461, "lowlevel.loudness_ebu128.momentary.stdev": 0.9818793535232544, "lowlevel.loudness_ebu128.short_term.mean": -14.444201469421387, "lowlevel.loudness_ebu128.short_term.stdev": 0.5025986433029175, "lowlevel.melbands_crest.mean": 22.745887756347656, "lowlevel.melbands_crest.stdev": 4.255882740020752, "lowlevel.melbands_flatness_db.mean": 0.42882242798805237, "lowlevel.melbands_flatness_db.stdev": 0.0846828743815422, "lowlevel.melbands_kurtosis.mean": 105.16111755371094, "lowlevel.melbands_kurtosis.stdev": 90.55670928955078, "lowlevel.melbands_skewness.mean": 7.0167317390441895, "lowlevel.melbands_skewness.stdev": 3.0280303955078125, "lowlevel.melbands_spread.mean": 3.4700605869293213, "lowlevel.melbands_spread.stdev": 5.131025791168213, "lowlevel.pitch_salience.mean": 0.32364416122436523, "lowlevel.pitch_salience.stdev": 0.10214385390281677, "lowlevel.silence_rate_20dB.mean": 1.0, "lowlevel.silence_rate_20dB.stdev": 0.0, "lowlevel.silence_rate_30dB.mean": 0.8409311175346375, "lowlevel.silence_rate_30dB.stdev": 0.3657419681549072, "lowlevel.silence_rate_60dB.mean": 0.0009699321235530078, "lowlevel.silence_rate_60dB.stdev": 0.031128833070397377, "lowlevel.spectral_centroid.mean": 411.1332092285156, "lowlevel.spectral_centroid.stdev": 372.7821044921875, "lowlevel.spectral_complexity.mean": 7.6323957443237305, "lowlevel.spectral_complexity.stdev": 4.307268142700195, "lowlevel.spectral_decrease.mean": -2.0253482446719318e-08, "lowlevel.spectral_decrease.stdev": 6.886742731637696e-09, "lowlevel.spectral_energy.mean": 0.0780477225780487, "lowlevel.spectral_energy.stdev": 0.026370035484433174, "lowlevel.spectral_energyband_high.mean": 0.0005668391822837293, "lowlevel.spectral_energyband_high.stdev": 0.0016877703601494431, "lowlevel.spectral_energyband_low.mean": 0.06049949303269386, "lowlevel.spectral_energyband_low.stdev": 0.027943650260567665, "lowlevel.spectral_energyband_middle_high.mean": 0.0016188109293580055, "lowlevel.spectral_energyband_middle_high.stdev": 0.002637868747115135, "lowlevel.spectral_energyband_middle_low.mean": 0.02592863328754902, "lowlevel.spectral_energyband_middle_low.stdev": 0.014864307828247547, "lowlevel.spectral_entropy.mean": 6.102763652801514, "lowlevel.spectral_entropy.stdev": 0.8457188606262207, "lowlevel.spectral_flux.mean": 0.059577327221632004, "lowlevel.spectral_flux.stdev": 0.036230843514204025, "lowlevel.spectral_kurtosis.mean": 12.214685440063477, "lowlevel.spectral_kurtosis.stdev": 12.2228364944458, "lowlevel.spectral_rms.mean": 0.008593954145908356, "lowlevel.spectral_rms.stdev": 0.0015126150101423264, "lowlevel.spectral_rolloff.mean": 250.25311279296875, "lowlevel.spectral_rolloff.stdev": 481.6822814941406, "lowlevel.spectral_skewness.mean": 2.511702299118042, "lowlevel.spectral_skewness.stdev": 1.1769930124282837, "lowlevel.spectral_spread.mean": 4207893.0, "lowlevel.spectral_spread.stdev": 2511173.75, "lowlevel.spectral_strongpeak.mean": 1.0647121667861938, "lowlevel.spectral_strongpeak.stdev": 0.3524107336997986, "lowlevel.zerocrossingrate.mean": 0.01752081885933876, "lowlevel.zerocrossingrate.stdev": 0.01935545727610588, "metadata.audio_properties.analysis.equal_loudness": 0.0, "metadata.audio_properties.analysis.length": 23.914648056030273, "metadata.audio_properties.analysis.sample_rate": 44100.0, "metadata.audio_properties.analysis.start_time": 0.0, "metadata.audio_properties.bit_rate": 115888.0, "metadata.audio_properties.length": 23.9146671295166, "metadata.audio_properties.lossless": 0.0, "metadata.audio_properties.number_channels": 1.0, "metadata.audio_properties.replay_gain": -9.163976669311523, "metadata.audio_properties.sample_rate": 48000.0, "rhythm.beats_count": 44.0, "rhythm.beats_loudness.mean": 0.0851961225271225, "rhythm.beats_loudness.stdev": 0.02694421075284481, "rhythm.bpm": 107.23072052001953, "rhythm.bpm_histogram_first_peak_bpm": 105.0, "rhythm.bpm_histogram_first_peak_weight": 0.47826087474823, "rhythm.bpm_histogram_second_peak_bpm": 110.0, "rhythm.bpm_histogram_second_peak_spread": 0.3333333134651184, "rhythm.bpm_histogram_second_peak_weight": 0.13953489065170288, "rhythm.danceability": 0.9955319166183472, "rhythm.onset_rate": 4.262759208679199, "tonal.chords_changes_rate": 0.03682170435786247, "tonal.chords_number_rate": 0.013565891422331333, "tonal.chords_strength.mean": 0.48983901739120483, "tonal.chords_strength.stdev": 0.08894142508506775, "tonal.hpcp_crest.mean": 15.805729866027832, "tonal.hpcp_crest.stdev": 6.922798156738281, "tonal.hpcp_entropy.mean": 1.613303303718567, "tonal.hpcp_entropy.stdev": 0.668323814868927, "tonal.key_edma.strength": 0.7899459004402161, "tonal.key_krumhansl.strength": 0.7802203893661499, "tonal.key_temperley.strength": 0.7645351886749268, "tonal.tuning_diatonic_strength": 0.5915094614028931, "tonal.tuning_equal_tempered_deviation": 0.0689585879445076, "tonal.tuning_frequency": 438.98455810546875, "tonal.tuning_nontempered_energy_ratio": 0.6569705009460449, "lowlevel.barkbands.mean": [3.65551131835673e-05, 0.014520975761115551, 0.035384178161621094, 0.01345112919807434, 0.010420083068311214, 0.0010563441319391131, 0.00028322968864813447, 0.0004916848265565932, 0.00021486982586793602, 9.227181726600975e-05, 0.0001429038675269112, 0.0002817107306327671, 9.231382136931643e-05, 0.0001261467841686681, 0.00021901454601902515, 0.00026170152705162764, 0.00021583335183095187, 0.00011865772103192285, 3.333160566398874e-05, 0.00012946681817993522, 7.708223711233586e-05, 7.324758189497516e-05, 0.00010498155461391434, 7.995631312951446e-05, 0.00011332023132126778, 2.6806024834513664e-05, 1.7389467643624812e-08], "lowlevel.barkbands.stdev": [0.00017234275583177805, 0.017916344106197357, 0.02095039188861847, 0.011471634730696678, 0.008084191009402275, 0.0021070828661322594, 0.0007954197935760021, 0.0015434975503012538, 0.0009943562326952815, 0.00035930838203057647, 0.00037939680623821914, 0.0006451960070990026, 0.00037277108640410006, 0.0005776623729616404, 0.0007493125158362091, 0.0008729345281608403, 0.0006352458731271327, 0.00032158178510144353, 6.604297232115641e-05, 0.00045336587936617434, 0.00033052469370886683, 0.00028801304870285094, 0.0004568580479826778, 0.0003151773998979479, 0.00034237568615935743, 0.00010762357851490378, 1.8469501128492993e-07], "lowlevel.erbbands.mean": [0.07110124826431274, 4.781410217285156, 35.34037780761719, 52.35710525512695, 42.09598159790039, 24.954940795898438, 16.429527282714844, 5.5129876136779785, 2.8236937522888184, 6.630086898803711, 12.26591968536377, 5.573879718780518, 2.5328595638275146, 4.591236591339111, 7.0954203605651855, 11.514591217041016, 5.065647125244141, 7.231326580047607, 11.04919147491455, 12.966663360595703, 12.620099067687988, 10.874740600585938, 7.868285655975342, 2.641482353210449, 2.3820440769195557, 5.895963668823242, 5.0819926261901855, 2.143197536468506, 2.6611249446868896, 2.700674533843994, 2.9064114093780518, 1.954643726348877, 1.3999494314193726, 1.5274312496185303, 0.5962924957275391, 0.21961796283721924, 0.02624688111245632, 0.0010228651808574796, 7.096699846442789e-05, 8.984731539385393e-05], "lowlevel.erbbands.stdev": [0.07984541356563568, 5.425446033477783, 23.722471237182617, 35.972755432128906, 33.484642028808594, 24.054927825927734, 24.841053009033203, 12.958514213562012, 6.808299541473389, 18.995943069458008, 41.4246940612793, 29.4796085357666, 6.2916483879089355, 15.47240924835205, 13.607861518859863, 27.202842712402344, 14.900787353515625, 33.553794860839844, 40.89136505126953, 44.38088607788086, 37.563804626464844, 29.005952835083008, 18.149507522583008, 6.872224807739258, 5.259407997131348, 22.928667068481445, 20.389366149902344, 8.844077110290527, 10.63927936553955, 10.44363784790039, 13.176785469055176, 8.567530632019043, 5.0308356285095215, 4.77570915222168, 1.8928511142730713, 0.8209892511367798, 0.11711690574884415, 0.004986948799341917, 0.00013530475553125143, 3.19856517307926e-05], "lowlevel.gfcc.mean": [-66.724853515625, 131.61593627929688, -72.69527435302734, 61.97061538696289, -25.324474334716797, 14.24801254272461, -40.416709899902344, -6.47419548034668, -39.23257064819336, -19.44783592224121, -17.146209716796875, -18.051916122436523, -4.948092460632324], "lowlevel.melbands.mean": [0.0021098963916301727, 0.014521987177431583, 0.008395972661674023, 0.0023712210822850466, 0.00064246536931023, 0.00013302435399964452, 4.711139263235964e-05, 7.422191993100569e-05, 9.487355418968946e-05, 2.973525806737598e-05, 1.1649338375718798e-05, 1.7774993466446176e-05, 2.2506625100504607e-05, 2.882672742998693e-05, 2.1945479602436535e-05, 1.0230854059045669e-05, 1.2528644219855778e-05, 1.6876521840458736e-05, 1.3915321687818505e-05, 1.9022627384401858e-05, 1.459542636439437e-05, 1.1105542398581747e-05, 1.12242751129088e-05, 4.701612397184363e-06, 1.76874891621992e-06, 1.1964172017542296e-06, 2.4167502488126047e-06, 4.5120891627448145e-06, 3.7501572478504386e-06, 1.8751153447738034e-06, 1.0261862826155266e-06, 1.6006199530238518e-06, 1.3420225286608911e-06, 1.590060378475755e-06, 1.6386255765610258e-06, 1.593594106452656e-06, 1.0812727850861847e-06, 9.105194749281509e-07, 1.1214822279725922e-06, 1.3711876363231568e-06], "lowlevel.melbands.stdev": [0.0026031401939690113, 0.009433874860405922, 0.004846818279474974, 0.0019195852801203728, 0.000797151296865195, 0.00029374181758612394, 0.00011765133967855945, 0.00019979944045189768, 0.0003256034979131073, 0.00016843347111716866, 3.09656243189238e-05, 6.466695776907727e-05, 5.422493632067926e-05, 5.0611906772246584e-05, 7.227028982015327e-05, 4.194450593786314e-05, 6.192854925757274e-05, 6.455450056819245e-05, 4.359286685939878e-05, 6.851611396996304e-05, 4.9946502258535475e-05, 3.337604721309617e-05, 2.846399183908943e-05, 1.2720790437015239e-05, 4.964924755768152e-06, 2.3489010345656425e-06, 6.908972864039242e-06, 1.9113593225483783e-05, 1.4452155483013485e-05, 8.571616490371525e-06, 4.419643573783105e-06, 6.63924674881855e-06, 5.281569883663906e-06, 6.4021269281511195e-06, 7.658228241780307e-06, 7.266972716024611e-06, 4.875758349953685e-06, 3.468230943326489e-06, 3.832611582765821e-06, 4.225815246172715e-06], "lowlevel.melbands128.mean": [1.6464891814393923e-05, 2.2818330762675032e-05, 0.0007672514766454697, 0.010016004554927349, 0.017511267215013504, 0.017059240490198135, 0.01204655971378088, 0.004498612135648727, 0.004830637015402317, 0.0022679599933326244, 0.0010733178351074457, 0.0008732008282095194, 0.0005921035772189498, 0.0002905513683799654, 0.00010911434947047383, 6.044269321137108e-05, 2.786643926810939e-05, 4.3088737584184855e-05, 6.491050589829683e-05, 9.121247421717271e-05, 4.83552721561864e-05, 0.00010929184645647183, 0.00013132981257513165, 3.901333184330724e-05, 3.839970304397866e-05, 1.8177288438891992e-05, 2.2595586415263824e-05, 6.197456968948245e-06, 6.0109996411483735e-06, 2.270712866447866e-05, 1.6646859876345843e-05, 1.8427224858896807e-05, 2.9120421459083445e-05, 1.757674544933252e-05, 2.4933053282438777e-05, 3.0487259209621698e-05, 3.9457710954593495e-05, 2.5085195375140756e-05, 9.825945198826957e-06, 6.060446594347013e-06, 6.703220606141258e-06, 2.2274207367445342e-05, 1.5076139789016452e-05, 6.0209567891433835e-06, 7.809955604898278e-06, 2.367019624216482e-05, 2.3220543880597688e-05, 6.811415914853569e-06, 9.916829185385723e-06, 2.772953848761972e-05, 1.9270799384685233e-05, 1.312135373154888e-05, 1.2683431123150513e-05, 1.7016491256072186e-05, 1.5264040484908037e-05, 8.540763701603282e-06, 7.577538326586364e-06, 1.7497866792837158e-05, 1.0224051038676407e-05, 4.414657269080635e-06, 5.670742211805191e-06, 3.7462714317371137e-06, 1.7034186612363555e-06, 1.5699788491474465e-06, 1.0398124459243263e-06, 9.561749720887747e-07, 1.19666617592884e-06, 2.392626583969104e-06, 2.4720561668800656e-06, 2.7264263735560235e-06, 4.275209903426003e-06, 5.9773110479000024e-06, 4.757484475703677e-06, 3.225052523703198e-06, 2.663744453457184e-06, 2.300695541634923e-06, 1.3917056094214786e-06, 8.375453717235359e-07, 8.6247172248477e-07, 1.1587151220737724e-06, 1.990599230339285e-06, 1.6559328059884137e-06, 1.1317611097183544e-06, 1.3878880054107867e-06, 1.381597598992812e-06, 1.4829834071861114e-06, 1.6294092120006098e-06, 1.8720580783337937e-06, 1.3417255786407623e-06, 1.742138351801259e-06, 2.0768643480550963e-06, 1.4462908666246221e-06, 9.812283678911626e-07, 1.2221469205542235e-06, 9.727505130285863e-07, 9.420521109859692e-07, 8.957908335105458e-07, 9.043341151482309e-07, 9.301049317400611e-07, 1.369277583762596e-06, 1.457753796785255e-06, 1.554797904645966e-06, 1.0573985491646454e-06, 6.632034796894004e-07, 5.080878509033937e-07, 6.385608912751195e-07, 5.881846050215245e-07, 4.917772002954734e-07, 4.027580473575654e-07, 2.676316910310561e-07, 1.3926563724453445e-07, 8.631035086636984e-08, 6.426560617001087e-08, 3.098629974829237e-08, 8.21535106609872e-09, 2.372296137309604e-09, 5.205640918326537e-10, 2.1313320899829513e-11, 1.4557355321187515e-11, 1.3978895298250027e-11, 1.1425164633815932e-11, 1.1127691650070215e-11, 1.0885126133786116e-11, 1.06904120972251e-11, 1.04894469846184e-11, 1.025819620220636e-11, 1.0115878620875485e-11, 1.0053191785985849e-11], "lowlevel.melbands128.stdev": [7.902963989181444e-05, 8.34048623801209e-05, 0.0010463257785886526, 0.01236069668084383, 0.01685347780585289, 0.01143602468073368, 0.009555250406265259, 0.003965468145906925, 0.004483252763748169, 0.00223941239528358, 0.0016654480714350939, 0.0011909926543012261, 0.0012050166260451078, 0.0006826865719631314, 0.0004166135040577501, 0.00019221665570512414, 5.7161261793226004e-05, 0.00018502367311157286, 0.00021117330470588058, 0.0003342312411405146, 0.00019209527818020433, 0.0004405526560731232, 0.0005283699720166624, 0.00019095132302027196, 0.0003529652894940227, 9.811537165660411e-05, 6.279555236687884e-05, 3.438186104176566e-05, 3.927378202206455e-05, 0.00010283867595717311, 9.33054689085111e-05, 6.723567639710382e-05, 9.63699712883681e-05, 5.3823518101125956e-05, 6.550758553203195e-05, 6.099756501498632e-05, 0.00012692483142018318, 0.0001293651876039803, 4.010245902463794e-05, 2.6755096769193187e-05, 4.645334047381766e-05, 0.00011086835729656741, 0.00012206537212477997, 3.179822670063004e-05, 4.966854248777963e-05, 0.0001107532880268991, 0.00012158954632468522, 3.386457319720648e-05, 4.611975236912258e-05, 0.0001356300781480968, 9.182834037346765e-05, 6.57206037431024e-05, 4.5487213355954736e-05, 9.681297524366528e-05, 7.378640293609351e-05, 3.1102656066650525e-05, 3.239820944145322e-05, 5.465168578666635e-05, 3.460378138697706e-05, 1.5959432857926004e-05, 1.767908725014422e-05, 1.603888267709408e-05, 7.0646865424350835e-06, 4.1734356273082085e-06, 2.5586621177353663e-06, 2.4927019239839865e-06, 3.1167514862318058e-06, 8.516537491232157e-06, 8.879513188730925e-06, 9.831360330281314e-06, 2.6555348085821606e-05, 2.429287451377604e-05, 1.802691986085847e-05, 1.3437832421914209e-05, 1.499178324593231e-05, 1.1381042895663995e-05, 5.765132300439291e-06, 4.430564331414644e-06, 3.993076461483724e-06, 5.288014563120669e-06, 9.136455446423497e-06, 6.918207418493694e-06, 4.733028163173003e-06, 6.075546934880549e-06, 5.554483323066961e-06, 6.145260613266146e-06, 6.879022294015158e-06, 9.45771716942545e-06, 6.540609774674522e-06, 8.401118975598365e-06, 1.0653740901034325e-05, 6.608422154386062e-06, 5.1644433369801845e-06, 5.84678991799592e-06, 4.440604243427515e-06, 4.239893769408809e-06, 3.50383811564825e-06, 3.895624104188755e-06, 3.28922874359705e-06, 4.8404172048321925e-06, 4.859168711845996e-06, 4.7277158046199474e-06, 3.5808247957902495e-06, 2.108350372509449e-06, 2.1026589820394292e-06, 2.5228948743460933e-06, 2.1037847091065487e-06, 1.8836896060747677e-06, 1.7124423266068334e-06, 1.1793933936132817e-06, 6.261839189392049e-07, 4.2241987330271513e-07, 3.658439027276472e-07, 2.044899645170517e-07, 5.966658989109419e-08, 2.860331882459377e-08, 5.572114325502753e-09, 1.858081605243811e-10, 8.270625156958644e-11, 7.833047405148008e-11, 1.6324679455448354e-11, 1.5531504901633575e-11, 1.521090198242092e-11, 1.495381943272811e-11, 1.4738635659150567e-11, 1.4565751382811243e-11, 1.4439408869970638e-11, 1.4361759177738964e-11], "lowlevel.mfcc.mean": [-727.5921020507812, 151.57568359375, 26.611915588378906, 54.465965270996094, 38.08833312988281, 18.294635772705078, 17.702741622924805, 2.0920310020446777, -0.9073943495750427, -13.670356750488281, -15.188482284545898, -2.9134814739227295, -1.429692268371582], "lowlevel.spectral_contrast_coeffs.mean": [-0.5374091863632202, -0.721899688243866, -0.7310357093811035, -0.7615239024162292, -0.768706202507019, -0.7729068398475647], "lowlevel.spectral_contrast_coeffs.stdev": [0.07303892076015472, 0.08181974291801453, 0.08102048188447952, 0.06913351267576218, 0.056422341614961624, 0.0480942465364933], "lowlevel.spectral_contrast_valleys.mean": [-6.480351448059082, -8.302926063537598, -8.869710922241211, -9.038884162902832, -8.750319480895996, -11.543432235717773], "lowlevel.spectral_contrast_valleys.stdev": [0.6229504942893982, 0.7189411520957947, 0.704296350479126, 0.8353679776191711, 0.9282678961753845, 1.4149609804153442], "rhythm.beats_loudness_band_ratio.mean": [0.871242344379425, 0.1343454271554947, 0.01454243902117014, 0.011359442956745625, 0.015295807272195816, 0.017216863110661507], "rhythm.beats_loudness_band_ratio.stdev": [0.09302233159542084, 0.09713619202375412, 0.0193093903362751, 0.016744622960686684, 0.022011540830135345, 0.06218082085251808], "tonal.hpcp.mean": [0.029213206842541695, 0.019559532403945923, 0.005060017574578524, 0.002967654727399349, 0.004821244161576033, 0.032102297991514206, 0.07468724995851517, 0.053099799901247025, 0.130585715174675, 0.23422186076641083, 0.11308958381414413, 0.004403342492878437, 0.007646290119737387, 0.011577291414141655, 0.08068431913852692, 0.301113486289978, 0.2387162297964096, 0.014285548590123653, 0.0032939445227384567, 0.0015224858652800322, 0.0018737937789410353, 0.006898158695548773, 0.0072612883523106575, 0.00316530535928905, 0.0032834638841450214, 0.002470282604917884, 0.015455491840839386, 0.039949920028448105, 0.02844582311809063, 0.2740529775619507, 0.5636355876922607, 0.2992915213108063, 0.009774616919457912, 0.004994853865355253, 0.008734157308936119, 0.020585762336850166], "tonal.hpcp.stdev": [0.14897745847702026, 0.0943012684583664, 0.033272936940193176, 0.024277806282043457, 0.04262004420161247, 0.10720012336969376, 0.20635543763637543, 0.14133279025554657, 0.23567402362823486, 0.415763258934021, 0.2097552865743637, 0.03445567563176155, 0.056281499564647675, 0.07571122795343399, 0.14176802337169647, 0.40844038128852844, 0.33153554797172546, 0.05142569914460182, 0.015042007900774479, 0.010896004736423492, 0.0053625525906682014, 0.034822333604097366, 0.04742348939180374, 0.025064116343855858, 0.043711405247449875, 0.04398985579609871, 0.07692766189575195, 0.17482629418373108, 0.1160479485988617, 0.22770917415618896, 0.4295855760574341, 0.25627925992012024, 0.07377126812934875, 0.05109449103474617, 0.07695744931697845, 0.10350674390792847], "rhythm.beats_position": [0.4643990993499756, 0.9287981986999512, 1.404807209968567, 1.8692063093185425, 2.321995496749878, 2.763174533843994, 3.2043535709381104, 3.6571428775787354, 4.0634918212890625, 4.5162811279296875, 4.9690704345703125, 5.41024923324585, 5.979138374328613, 6.548027038574219, 7.116916179656982, 7.685804843902588, 8.243083953857422, 8.811972618103027, 9.380861282348633, 9.949749946594238, 10.50702953338623, 11.064308166503906, 11.598366737365723, 12.144036293029785, 12.71292495727539, 13.281813621520996, 13.827483177185059, 14.396371841430664, 14.94204044342041, 15.499319076538086, 16.04498863220215, 16.59065818786621, 17.13632583618164, 17.693605422973633, 18.250883102416992, 18.808162689208984, 19.365442276000977, 19.922719955444336, 20.479999542236328, 21.01405906677246, 21.54811668395996, 22.105396270751953, 22.674285888671875, 23.243173599243164], "rhythm.bpm_histogram": [0.0, 0.0, 0.0, 0.0, 0.0, 0.0, 0.0, 0.0, 0.0, 0.0, 0.0, 0.0, 0.0, 0.0, 0.0, 0.0, 0.0, 0.0, 0.0, 0.0, 0.0, 0.0, 0.0, 0.0, 0.0, 0.0, 0.0, 0.0, 0.0, 0.0, 0.0, 0.0, 0.0, 0.0, 0.0, 0.0, 0.0, 0.0, 0.0, 0.0, 0.0, 0.0, 0.0, 0.0, 0.0, 0.0, 0.0, 0.0, 0.0, 0.0, 0.0, 0.0, 0.0, 0.0, 0.0, 0.0, 0.0, 0.0, 0.0, 0.0, 0.0, 0.0, 0.0, 0.0, 0.0, 0.0, 0.0, 0.0, 0.0, 0.0, 0.0, 0.0, 0.0, 0.0, 0.0, 0.0, 0.0, 0.0, 0.0, 0.0, 0.0, 0.0, 0.0, 0.0, 0.0, 0.0, 0.0, 0.0, 0.0, 0.0, 0.0, 0.0, 0.0, 0.0, 0.0, 0.0, 0.0, 0.0, 0.0, 0.0, 0.0, 0.0, 0.0, 0.0, 0.0, 0.27906978130340576, 0.0, 0.0, 0.25581395626068115, 0.0, 0.13953489065170288, 0.0, 0.06976744532585144, 0.0, 0.0, 0.0, 0.0, 0.0, 0.0, 0.0, 0.0, 0.0, 0.0, 0.0, 0.0, 0.0, 0.023255813866853714, 0.0, 0.0, 0.04651162773370743, 0.0, 0.0, 0.0, 0.09302325546741486, 0.0, 0.0, 0.06976744532585144, 0.0, 0.0, 0.0, 0.0, 0.0, 0.0, 0.0, 0.0, 0.0, 0.0, 0.0, 0.023255813866853714, 0.0, 0.0, 0.0, 0.0, 0.0, 0.0, 0.0, 0.0, 0.0, 0.0, 0.0, 0.0, 0.0, 0.0, 0.0, 0.0, 0.0, 0.0, 0.0, 0.0, 0.0, 0.0, 0.0, 0.0, 0.0, 0.0, 0.0, 0.0, 0.0, 0.0, 0.0, 0.0, 0.0, 0.0, 0.0, 0.0, 0.0, 0.0, 0.0, 0.0, 0.0, 0.0, 0.0, 0.0, 0.0, 0.0, 0.0, 0.0, 0.0, 0.0, 0.0, 0.0, 0.0, 0.0, 0.0, 0.0, 0.0, 0.0, 0.0, 0.0, 0.0, 0.0, 0.0, 0.0, 0.0, 0.0, 0.0, 0.0, 0.0, 0.0, 0.0, 0.0, 0.0, 0.0, 0.0, 0.0, 0.0, 0.0, 0.0, 0.0, 0.0, 0.0, 0.0, 0.0, 0.0, 0.0, 0.0, 0.0, 0.0, 0.0, 0.0, 0.0, 0.0, 0.0, 0.0, 0.0, 0.0, 0.0, 0.0, 0.0, 0.0], "tonal.chords_histogram": [9.108527183532715, 0.0, 0.0, 0.0, 0.0, 0.0, 1.5503876209259033, 12.790698051452637, 0.0, 63.75968933105469, 6.589147090911865, 3.8759689331054688, 2.3255813121795654, 0.0, 0.0, 0.0, 0.0, 0.0, 0.0, 0.0, 0.0, 0.0, 0.0, 0.0], "tonal.thpcp": [1.0, 0.5310018062591553, 0.017342086881399155, 0.008861850015819073, 0.015496106818318367, 0.03652317821979523, 0.051829952746629715, 0.03470244258642197, 0.008977462537586689, 0.005265200976282358, 0.008553831838071346, 0.056955769658088684, 0.13250981271266937, 0.0942094549536705, 0.23168465495109558, 0.415555477142334, 0.20064309239387512, 0.007812392432242632, 0.013566017150878906, 0.020540384575724602, 0.14314979314804077, 0.534234344959259, 0.42352938652038574, 0.025345362722873688, 0.005844103172421455, 0.0027011882048100233, 0.003324477467685938, 0.012238685041666031, 0.012882948853075504, 0.005615871865302324, 0.005825508385896683, 0.004382765386253595, 0.027421072125434875, 0.07087898999452591, 0.05046846717596054, 0.4862236976623535], "lowlevel.gfcc.cov": [[3830.62451171875, -1707.6751708984375, -384.5919189453125, 239.9617919921875, -516.7763671875, 348.2300720214844, -581.9854736328125, 808.989501953125, -161.34022521972656, 596.4301147460938, -315.0648498535156, -110.32198333740234, 22.490137100219727], [-1707.6751708984375, 2419.661376953125, -738.98291015625, -833.3419189453125, 476.11962890625, -526.0333251953125, 550.8572998046875, -357.0802001953125, 251.35198974609375, -419.2435607910156, 378.9057922363281, -138.84133911132812, 128.78697204589844], [-384.5919189453125, -738.98291015625, 1022.12890625, 405.1128234863281, -69.39757537841797, 309.1346435546875, -74.4031753540039, -0.8370446562767029, -74.46224212646484, 137.12913513183594, -36.8074951171875, 171.20338439941406, -58.59440231323242], [239.9617919921875, -833.3419189453125, 405.1128234863281, 684.79931640625, -54.19917678833008, 148.9004364013672, -87.67188262939453, 17.062145233154297, 7.422911643981934, 60.944828033447266, -43.40094757080078, 137.8965606689453, -25.250091552734375], [-516.7763671875, 476.11962890625, -69.39757537841797, -54.19917678833008, 451.6491394042969, -83.15937042236328, 110.52074432373047, -1.9138845205307007, 78.20623779296875, -34.439186096191406, 69.80474853515625, 2.6801600456237793, 68.66079711914062], [348.2300720214844, -526.0333251953125, 309.1346435546875, 148.9004364013672, -83.15937042236328, 377.6022644042969, -17.659196853637695, 40.926700592041016, -58.48352813720703, 134.74440002441406, -32.6751594543457, 48.30907440185547, -4.613770484924316], [-581.9854736328125, 550.8572998046875, -74.4031753540039, -87.67188262939453, 110.52074432373047, -17.659196853637695, 346.51068115234375, -166.50430297851562, 64.72795104980469, -138.95050048828125, 141.724853515625, 34.75361633300781, 6.19008207321167], [808.989501953125, -357.0802001953125, -0.8370446562767029, 17.062145233154297, -1.9138845205307007, 40.926700592041016, -166.50430297851562, 443.7414245605469, -0.008393133990466595, 201.1551971435547, -72.44677734375, -66.86353302001953, 59.96018600463867], [-161.34022521972656, 251.35198974609375, -74.46224212646484, 7.422911643981934, 78.20623779296875, -58.48352813720703, 64.72795104980469, -0.008393133990466595, 190.273193359375, -24.307085037231445, 33.34572982788086, 9.293211936950684, 4.234355449676514], [596.4301147460938, -419.2435607910156, 137.12913513183594, 60.944828033447266, -34.439186096191406, 134.74440002441406, -138.95050048828125, 201.1551971435547, -24.307085037231445, 298.4916076660156, -45.897621154785156, -32.56248474121094, 9.091556549072266], [-315.0648498535156, 378.9057922363281, -36.8074951171875, -43.40094757080078, 69.80474853515625, -32.6751594543457, 141.724853515625, -72.44677734375, 33.34572982788086, -45.897621154785156, 184.1021270751953, 25.138402938842773, 20.93955421447754], [-110.32198333740234, -138.84133911132812, 171.20338439941406, 137.8965606689453, 2.6801600456237793, 48.30907440185547, 34.75361633300781, -66.86353302001953, 9.293211936950684, -32.56248474121094, 25.138402938842773, 162.80479431152344, -23.465782165527344], [22.490137100219727, 128.78697204589844, -58.59440231323242, -25.250091552734375, 68.66079711914062, -4.613770484924316, 6.19008207321167, 59.96018600463867, 4.234355449676514, 9.091556549072266, 20.93955421447754, -23.465782165527344, 121.11422729492188]], "lowlevel.gfcc.icov": [[0.0016868427628651261, -0.0012782608391717076, 0.0022208555601537228, -0.0018824192229658365, 0.0017519192770123482, -0.0022429656237363815, 0.0012350883334875107, -0.002564968541264534, 0.0017168017802760005, -0.0021248692646622658, 0.0017819993663579226, -0.00198452640324831, 0.0012629773700609803], [-0.0012782608391717076, 0.012646205723285675, -0.0029364812653511763, 0.011301252990961075, -0.005519193131476641, 0.008899162523448467, -0.006241617724299431, 0.006496428977698088, -0.009578914381563663, 0.0058466531336307526, -0.011952882632613182, 0.007245067972689867, -0.008337562903761864], [0.0022208555601537228, -0.0029364812653511763, 0.004854601342231035, -0.0041179233230650425, 0.0025693445932120085, -0.004646735731512308, 0.002376934979110956, -0.003756864694878459, 0.003607443766668439, -0.003667062846943736, 0.0034220083616673946, -0.00436313496902585, 0.0030172241386026144], [-0.0018824192229658365, 0.011301252990961075, -0.0041179233230650425, 0.012671101838350296, -0.005403582472354174, 0.008303643204271793, -0.00528222369030118, 0.006689499597996473, -0.009509695693850517, 0.006035900674760342, -0.010762498714029789, 0.005743733607232571, -0.007827363908290863], [0.0017519192770123482, -0.005519193131476641, 0.0025693445932120085, -0.005403582472354174, 0.006218858528882265, -0.004190810024738312, 0.002358391648158431, -0.004356944002211094, 0.004015039186924696, -0.004052531439810991, 0.005552216898649931, -0.004351483192294836, 0.002372104674577713], [-0.0022429656237363815, 0.008899162523448467, -0.004646735731512308, 0.008303643204271793, -0.004190810024738312, 0.012077942490577698, -0.006496618501842022, 0.0064210109412670135, -0.0064839632250368595, 0.003231195267289877, -0.007841148413717747, 0.005629058461636305, -0.007143822498619556], [0.0012350883334875107, -0.006241617724299431, 0.002376934979110956, -0.00528222369030118, 0.002358391648158431, -0.006496618501842022, 0.009482084773480892, -0.003055955981835723, 0.003686075797304511, -0.001455020043067634, 0.0026509056333452463, -0.00414674635976553, 0.004618803504854441], [-0.002564968541264534, 0.006496428977698088, -0.003756864694878459, 0.006689499597996473, -0.004356944002211094, 0.0064210109412670135, -0.003055955981835723, 0.009700052440166473, -0.0063994331285357475, 0.0026046077255159616, -0.006208355538547039, 0.005788190755993128, -0.006562990602105856], [0.0017168017802760005, -0.009578914381563663, 0.003607443766668439, -0.009509695693850517, 0.004015039186924696, -0.0064839632250368595, 0.003686075797304511, -0.0063994331285357475, 0.014083008281886578, -0.005549380090087652, 0.009261867962777615, -0.006618292536586523, 0.007126855663955212], [-0.0021248692646622658, 0.0058466531336307526, -0.003667062846943736, 0.006035900674760342, -0.004052531439810991, 0.003231195267289877, -0.001455020043067634, 0.0026046077255159616, -0.005549380090087652, 0.011064830236136913, -0.007396988105028868, 0.005969684105366468, -0.003333878004923463], [0.0017819993663579226, -0.011952882632613182, 0.0034220083616673946, -0.010762498714029789, 0.005552216898649931, -0.007841148413717747, 0.0026509056333452463, -0.006208355538547039, 0.009261867962777615, -0.007396988105028868, 0.020170053467154503, -0.00855343323200941, 0.006369769107550383], [-0.00198452640324831, 0.007245067972689867, -0.00436313496902585, 0.005743733607232571, -0.004351483192294836, 0.005629058461636305, -0.00414674635976553, 0.005788190755993128, -0.006618292536586523, 0.005969684105366468, -0.00855343323200941, 0.014662056230008602, -0.004118395037949085], [0.0012629773700609803, -0.008337562903761864, 0.0030172241386026144, -0.007827363908290863, 0.002372104674577713, -0.007143822498619556, 0.004618803504854441, -0.006562990602105856, 0.007126855663955212, -0.003333878004923463, 0.006369769107550383, -0.004118395037949085, 0.016213813796639442]], "lowlevel.mfcc.cov": [[4374.376953125, -1740.0562744140625, -165.3516845703125, -326.6798400878906, 118.01490783691406, -494.74298095703125, -11.072196960449219, -329.0106201171875, 374.2179870605469, 328.0848083496094, 119.83341217041016, 69.62185668945312, -30.08824920654297], [-1740.0562744140625, 2718.597900390625, -1081.4171142578125, -215.98052978515625, -200.83592224121094, -177.11875915527344, 81.75634765625, 55.325748443603516, -130.2465362548828, -33.42034149169922, 17.639774322509766, 1.0731194019317627, 14.983887672424316], [-165.3516845703125, -1081.4171142578125, 1155.6529541015625, 96.4309310913086, 41.4996223449707, 291.490966796875, 45.538787841796875, 68.85533905029297, 10.361422538757324, -79.3922119140625, 35.90364456176758, 78.263671875, 54.55435562133789], [-326.6798400878906, -215.98052978515625, 96.4309310913086, 453.12664794921875, 95.12654113769531, 74.78838348388672, -46.94709014892578, 118.63893127441406, -18.11751365661621, -51.88726806640625, -11.492205619812012, 31.699623107910156, 92.12944030761719], [118.01490783691406, -200.83592224121094, 41.4996223449707, 95.12654113769531, 361.0190734863281, -47.85719680786133, 47.52397537231445, -36.6125373840332, 151.2736053466797, 55.95387649536133, 17.67864418029785, 70.55978393554688, 54.17998504638672], [-494.74298095703125, -177.11875915527344, 291.490966796875, 74.78838348388672, -47.85719680786133, 485.091796875, 22.262670516967773, 122.06600952148438, -110.74856567382812, -25.713706970214844, -6.491194725036621, -31.412206649780273, 3.813011884689331], [-11.072196960449219, 81.75634765625, 45.538787841796875, -46.94709014892578, 47.52397537231445, 22.262670516967773, 289.5860900878906, -17.152124404907227, 56.13090133666992, 19.18096351623535, 32.69675064086914, 49.77574920654297, 37.83724594116211], [-329.0106201171875, 55.325748443603516, 68.85533905029297, 118.63893127441406, -36.6125373840332, 122.06600952148438, -17.152124404907227, 268.0672607421875, -53.99608612060547, -32.556419372558594, -32.6580810546875, -12.845656394958496, 61.27518844604492], [374.2179870605469, -130.2465362548828, 10.361422538757324, -18.11751365661621, 151.2736053466797, -110.74856567382812, 56.13090133666992, -53.99608612060547, 253.91064453125, 82.8373031616211, 24.985031127929688, 65.5424575805664, 41.515018463134766], [328.0848083496094, -33.42034149169922, -79.3922119140625, -51.88726806640625, 55.95387649536133, -25.713706970214844, 19.18096351623535, -32.556419372558594, 82.8373031616211, 179.24948120117188, 44.97390365600586, 19.597213745117188, 3.729384183883667], [119.83341217041016, 17.639774322509766, 35.90364456176758, -11.492205619812012, 17.67864418029785, -6.491194725036621, 32.69675064086914, -32.6580810546875, 24.985031127929688, 44.97390365600586, 145.85928344726562, 67.19483184814453, 17.88020896911621], [69.62185668945312, 1.0731194019317627, 78.263671875, 31.699623107910156, 70.55978393554688, -31.412206649780273, 49.77574920654297, -12.845656394958496, 65.5424575805664, 19.597213745117188, 67.19483184814453, 148.65963745117188, 52.65890121459961], [-30.08824920654297, 14.983887672424316, 54.55435562133789, 92.12944030761719, 54.17998504638672, 3.813011884689331, 37.83724594116211, 61.27518844604492, 41.515018463134766, 3.729384183883667, 17.88020896911621, 52.65890121459961, 150.98251342773438]], "lowlevel.mfcc.icov": [[0.0008735270821489394, 0.00106486352160573, 0.0009717718348838389, 0.0008204083424061537, 0.0004921214422211051, 0.0004774615226779133, -7.538407226093113e-05, 5.596524715656415e-06, -0.0003549100656528026, -0.00044197874376550317, -0.0005173627869226038, -0.0005515675875358284, -0.0005932305357418954], [0.00106486352160573, 0.0020794409792870283, 0.0020302501507103443, 0.0014168856432661414, 0.00079032575013116, 0.00046625311370007694, -0.00033858747337944806, -0.00034776583197526634, -0.00016936936299316585, -7.490865755244158e-06, -0.0008610198856331408, -0.0012290335725992918, -0.0010843444615602493], [0.0009717718348838389, 0.0020302501507103443, 0.003169525880366564, 0.0013781820889562368, 0.0007082034717313945, -0.00041867903200909495, -0.0002896371006499976, -0.00034049805253744125, -0.0005541949067264795, 0.0008235385757870972, -0.0010288460180163383, -0.0017804608214646578, -0.0011519636027514935], [0.0008204083424061537, 0.0014168856432661414, 0.0013781820889562368, 0.004230191931128502, -0.0005636049900203943, 9.677993512013927e-05, 0.0005774361197836697, -0.0010911166900768876, 0.00026358748436905444, 0.0007338033756241202, -0.0006088980589993298, -0.001194147509522736, -0.0021604469511657953], [0.0004921214422211051, 0.00079032575013116, 0.0007082034717313945, -0.0005636049900203943, 0.004627340007573366, 0.00015058735152706504, -0.00038391927955672145, 0.0006361414561979473, -0.0021971547976136208, -0.0007595950155518949, 0.00023240219161380082, -0.0012643595691770315, -0.0006822682335041463], [0.0004774615226779133, 0.00046625311370007694, -0.00041867903200909495, 9.677993512013927e-05, 0.00015058735152706504, 0.0034818542189896107, -0.0005950297927483916, -0.0010059865890070796, 0.0011471170000731945, -0.0010986202396452427, -0.0004097357450518757, 0.0005264789215289056, 0.0001331429957645014], [-7.538407226093113e-05, -0.00033858747337944806, -0.0002896371006499976, 0.0005774361197836697, -0.00038391927955672145, -0.0005950297927483916, 0.004159209784120321, 0.0003148802206851542, -0.0006433659000322223, 0.00018854487279895693, -0.00019124234677292407, -0.0005979811539873481, -0.0008429838926531374], [5.596524715656415e-06, -0.00034776583197526634, -0.00034049805253744125, -0.0010911166900768876, 0.0006361414561979473, -0.0010059865890070796, 0.0003148802206851542, 0.005604664329439402, 0.0002873488119803369, -0.00034097349271178246, 0.0012373409699648619, 0.0003714469785336405, -0.0020786116365343332], [-0.0003549100656528026, -0.00016936936299316585, -0.0005541949067264795, 0.00026358748436905444, -0.0021971547976136208, 0.0011471170000731945, -0.0006433659000322223, 0.0002873488119803369, 0.007499461993575096, -0.0021565333008766174, 0.0010639858664944768, -0.001252844580449164, -0.0009082918404601514], [-0.00044197874376550317, -7.490865755244158e-06, 0.0008235385757870972, 0.0007338033756241202, -0.0007595950155518949, -0.0010986202396452427, 0.00018854487279895693, -0.00034097349271178246, -0.0021565333008766174, 0.008489284664392471, -0.0023562759160995483, 0.0005376400658860803, 3.3595599234104156e-05], [-0.0005173627869226038, -0.0008610198856331408, -0.0010288460180163383, -0.0006088980589993298, 0.00023240219161380082, -0.0004097357450518757, -0.00019124234677292407, 0.0012373409699648619, 0.0010639858664944768, -0.0023562759160995483, 0.010197751224040985, -0.003917261958122253, 0.00012256896297913045], [-0.0005515675875358284, -0.0012290335725992918, -0.0017804608214646578, -0.001194147509522736, -0.0012643595691770315, 0.0005264789215289056, -0.0005979811539873481, 0.0003714469785336405, -0.001252844580449164, 0.0005376400658860803, -0.003917261958122253, 0.011927737854421139, -0.0015413988148793578], [-0.0005932305357418954, -0.0010843444615602493, -0.0011519636027514935, -0.0021604469511657953, -0.0006822682335041463, 0.0001331429957645014, -0.0008429838926531374, -0.0020786116365343332, -0.0009082918404601514, 3.3595599234104156e-05, 0.00012256896297913045, -0.0015413988148793578, 0.010415539145469666]], "metadata.audio_properties.analysis.downmix": "mix", "metadata.audio_properties.codec": "mp3", "metadata.audio_properties.md5_encoded": "2ab64bf94e279eb252b216743cdcd518", "metadata.tags.file_name": "1183711090522202152.mp3", "metadata.version.essentia": "2.1-beta6-dev", "metadata.version.essentia_git_sha": "v2.1_beta5-1110-g77a6a954", "metadata.version.extractor": "music 2.0", "tonal.chords_key": "G", "tonal.chords_scale": "major", "tonal.key_edma.key": "C", "tonal.key_edma.scale": "minor", "tonal.key_krumhansl.key": "C", "tonal.key_krumhansl.scale": "minor", "tonal.key_temperley.key": "C", "tonal.key_temperley.scale": "minor", "metadata.tags.encoding": ["Lavf58.45.100"]}, "essentia_models": [{"model_name": "genre_dortmund", "activations": {"alternative": "0.12148024", "blues": "0.0098409", "electronic": "0.013523141", "folkcountry": "0.5833544", "funksoulrnb": "0.007617056", "jazz": "0.090617396", "pop": "0.122039825", "raphiphop": "0.02638394", "rock": "0.094800554"}}, {"model_name": "genre_rosamerica", "acti