{"song_id": "1183719132219318283", "download": "https://cdn.discordapp.com/attachments/1135903449314238464/1183719132219318283/chirp.mp4?ex=65895b59&amp", "lyrics": "[Chorus] Noite ap\u00f3s noite, \u00e9 pura emo\u00e7\u00e3o (emo\u00e7\u00e3o) Bella e Duda, nessa competi\u00e7\u00e3o (competi\u00e7\u00e3o) Com o Gebona e o Bonde, n\u00e3o tem pra ningu\u00e9m (pra ningu\u00e9m) Vamos dan\u00e7ar funk, at\u00e9 o amanhecer (amanhecer)", "style": ["anime opening"], "essentia_features": {"lowlevel.average_loudness": 0.9763106107711792, "lowlevel.barkbands_crest.mean": 13.242398262023926, "lowlevel.barkbands_crest.stdev": 5.284718990325928, "lowlevel.barkbands_flatness_db.mean": 0.2526760399341583, "lowlevel.barkbands_flatness_db.stdev": 0.09701826423406601, "lowlevel.barkbands_kurtosis.mean": 26.166854858398438, "lowlevel.barkbands_kurtosis.stdev": 61.0796012878418, "lowlevel.barkbands_skewness.mean": 3.0486528873443604, "lowlevel.barkbands_skewness.stdev": 2.6913914680480957, "lowlevel.barkbands_spread.mean": 13.715250968933105, "lowlevel.barkbands_spread.stdev": 16.789823532104492, "lowlevel.dissonance.mean": 0.44517818093299866, "lowlevel.dissonance.stdev": 0.036025404930114746, "lowlevel.dynamic_complexity": 3.564924478530884, "lowlevel.erbbands_crest.mean": 11.277106285095215, "lowlevel.erbbands_crest.stdev": 3.976433277130127, "lowlevel.erbbands_flatness_db.mean": 0.20846982300281525, "lowlevel.erbbands_flatness_db.stdev": 0.04751313105225563, "lowlevel.erbbands_kurtosis.mean": 2.4898386001586914, "lowlevel.erbbands_kurtosis.stdev": 4.870712757110596, "lowlevel.erbbands_skewness.mean": 0.8255905508995056, "lowlevel.erbbands_skewness.stdev": 1.3923563957214355, "lowlevel.erbbands_spread.mean": 36.69293212890625, "lowlevel.erbbands_spread.stdev": 18.801210403442383, "lowlevel.hfc.mean": 12.495203971862793, "lowlevel.hfc.stdev": 25.9106502532959, "lowlevel.loudness_ebu128.integrated": -16.45784568786621, "lowlevel.loudness_ebu128.loudness_range": 1.7132720947265625, "lowlevel.loudness_ebu128.momentary.mean": -16.922876358032227, "lowlevel.loudness_ebu128.momentary.stdev": 2.216768264770508, "lowlevel.loudness_ebu128.short_term.mean": -16.57700538635254, "lowlevel.loudness_ebu128.short_term.stdev": 0.6254351735115051, "lowlevel.melbands_crest.mean": 17.080991744995117, "lowlevel.melbands_crest.stdev": 5.7900285720825195, "lowlevel.melbands_flatness_db.mean": 0.31802114844322205, "lowlevel.melbands_flatness_db.stdev": 0.12981045246124268, "lowlevel.melbands_kurtosis.mean": 39.679107666015625, "lowlevel.melbands_kurtosis.stdev": 53.03584671020508, "lowlevel.melbands_skewness.mean": 3.911397695541382, "lowlevel.melbands_skewness.stdev": 2.311357021331787, "lowlevel.melbands_spread.mean": 17.891361236572266, "lowlevel.melbands_spread.stdev": 35.48694610595703, "lowlevel.pitch_salience.mean": 0.47754502296447754, "lowlevel.pitch_salience.stdev": 0.15061064064502716, "lowlevel.silence_rate_20dB.mean": 1.0, "lowlevel.silence_rate_20dB.stdev": 0.0, "lowlevel.silence_rate_30dB.mean": 0.8909465074539185, "lowlevel.silence_rate_30dB.stdev": 0.31170758605003357, "lowlevel.silence_rate_60dB.mean": 0.15329217910766602, "lowlevel.silence_rate_60dB.stdev": 0.3602687120437622, "lowlevel.spectral_centroid.mean": 908.4213256835938, "lowlevel.spectral_centroid.stdev": 903.3394775390625, "lowlevel.spectral_complexity.mean": 8.832304954528809, "lowlevel.spectral_complexity.stdev": 8.098773956298828, "lowlevel.spectral_decrease.mean": -8.820076224935747e-09, "lowlevel.spectral_decrease.stdev": 1.544568739575425e-08, "lowlevel.spectral_energy.mean": 0.03442233428359032, "lowlevel.spectral_energy.stdev": 0.058878954499959946, "lowlevel.spectral_energyband_high.mean": 0.0008005067938938737, "lowlevel.spectral_energyband_high.stdev": 0.003187254536896944, "lowlevel.spectral_energyband_low.mean": 0.02565442956984043, "lowlevel.spectral_energyband_low.stdev": 0.05176366865634918, "lowlevel.spectral_energyband_middle_high.mean": 0.0014042120892554522, "lowlevel.spectral_energyband_middle_high.stdev": 0.0026774683501571417, "lowlevel.spectral_energyband_middle_low.mean": 0.00891132466495037, "lowlevel.spectral_energyband_middle_low.stdev": 0.019634412601590157, "lowlevel.spectral_entropy.mean": 6.9127984046936035, "lowlevel.spectral_entropy.stdev": 0.7431734800338745, "lowlevel.spectral_flux.mean": 0.09488575160503387, "lowlevel.spectral_flux.stdev": 0.127297043800354, "lowlevel.spectral_kurtosis.mean": 8.168245315551758, "lowlevel.spectral_kurtosis.stdev": 7.341395854949951, "lowlevel.spectral_rms.mean": 0.004580498673021793, "lowlevel.spectral_rms.stdev": 0.0035499006044119596, "lowlevel.spectral_rolloff.mean": 1082.021484375, "lowlevel.spectral_rolloff.stdev": 1910.461181640625, "lowlevel.spectral_skewness.mean": 1.9800986051559448, "lowlevel.spectral_skewness.stdev": 0.9070990085601807, "lowlevel.spectral_spread.mean": 3830032.0, "lowlevel.spectral_spread.stdev": 1430457.25, "lowlevel.spectral_strongpeak.mean": 0.5337315797805786, "lowlevel.spectral_strongpeak.stdev": 0.549760103225708, "lowlevel.zerocrossingrate.mean": 0.04207306355237961, "lowlevel.zerocrossingrate.stdev": 0.05194554105401039, "metadata.audio_properties.analysis.equal_loudness": 0.0, "metadata.audio_properties.analysis.length": 22.526939392089844, "metadata.audio_properties.analysis.sample_rate": 44100.0, "metadata.audio_properties.analysis.start_time": 0.0, "metadata.audio_properties.bit_rate": 112715.0, "metadata.audio_properties.length": 22.527999877929688, "metadata.audio_properties.lossless": 0.0, "metadata.audio_properties.number_channels": 1.0, "metadata.audio_properties.replay_gain": -10.925521850585938, "metadata.audio_properties.sample_rate": 48000.0, "rhythm.beats_count": 49.0, "rhythm.beats_loudness.mean": 0.07293432950973511, "rhythm.beats_loudness.stdev": 0.054765839129686356, "rhythm.bpm": 131.825439453125, "rhythm.bpm_histogram_first_peak_bpm": 133.0, "rhythm.bpm_histogram_first_peak_weight": 0.25, "rhythm.bpm_histogram_second_peak_bpm": 0.0, "rhythm.bpm_histogram_second_peak_spread": 0.0, "rhythm.bpm_histogram_second_peak_weight": 0.0, "rhythm.danceability": 2.0649354457855225, "rhythm.onset_rate": 4.479616165161133, "tonal.chords_changes_rate": 0.03901437297463417, "tonal.chords_number_rate": 0.006160164251923561, "tonal.chords_strength.mean": 0.47725337743759155, "tonal.chords_strength.stdev": 0.05649854615330696, "tonal.hpcp_crest.mean": 13.906685829162598, "tonal.hpcp_crest.stdev": 6.061206340789795, "tonal.hpcp_entropy.mean": 1.9617563486099243, "tonal.hpcp_entropy.stdev": 0.6854192614555359, "tonal.key_edma.strength": 0.7726011276245117, "tonal.key_krumhansl.strength": 0.7813523411750793, "tonal.key_temperley.strength": 0.7909703254699707, "tonal.tuning_diatonic_strength": 0.6320236325263977, "tonal.tuning_equal_tempered_deviation": 0.10322405397891998, "tonal.tuning_frequency": 437.4657897949219, "tonal.tuning_nontempered_energy_ratio": 0.7254781723022461, "lowlevel.barkbands.mean": [0.0004420515615493059, 0.014458965510129929, 0.008428128436207771, 0.0037211051676422358, 0.0027429715264588594, 0.0015120561001822352, 0.00046154524898156524, 0.00017376606410834938, 0.00025902289780788124, 0.00018237590848002583, 6.297854270087555e-05, 9.087457874557003e-05, 9.322596451966092e-05, 0.00019026709196623415, 0.00015412544598802924, 0.0001351267274003476, 0.0001590624451637268, 0.0001492448354838416, 0.00014265459321904927, 0.00013280316488817334, 0.0001647622266318649, 0.0001499124919064343, 0.00015753366460558027, 0.00019385202904231846, 5.635624984279275e-05, 7.598955107823713e-06, 1.9427787378845096e-08], "lowlevel.barkbands.stdev": [0.0008385013206861913, 0.028813853859901428, 0.02711625024676323, 0.013455978594720364, 0.00554659403860569, 0.0017862891545519233, 0.0008433256880380213, 0.00047606963198632, 0.0006181774660944939, 0.00045254811993800104, 0.00021350127644836903, 0.0002468175662215799, 0.0003719287342391908, 0.0006866775802336633, 0.0004799084272235632, 0.0004015462181996554, 0.00045223443885333836, 0.00043300248216837645, 0.0006026896298862994, 0.0005836831405758858, 0.0007937311311252415, 0.0006409998750314116, 0.0008654879638925195, 0.0009133692365139723, 0.00020691235840786248, 5.272046473692171e-05, 2.0273564871331473e-07], "lowlevel.erbbands.mean": [0.3660610318183899, 3.3943581581115723, 9.70853042602539, 12.105645179748535, 10.307026863098145, 7.4553937911987305, 13.436868667602539, 9.121883392333984, 10.732380867004395, 3.0100574493408203, 4.30859899520874, 4.703385829925537, 6.329066753387451, 5.633156776428223, 3.1926515102386475, 4.473121643066406, 3.9644834995269775, 9.07364273071289, 8.230883598327637, 8.377683639526367, 7.690661430358887, 8.35285472869873, 9.201835632324219, 7.095032691955566, 7.128621578216553, 6.1178789138793945, 6.737351894378662, 6.1871771812438965, 5.8241190910339355, 4.596189022064209, 4.487488269805908, 3.5507867336273193, 3.4334371089935303, 1.053837776184082, 0.21391360461711884, 0.059556081891059875, 0.008645989000797272, 0.000594370299950242, 3.590173946577124e-05, 4.137689757044427e-05], "lowlevel.erbbands.stdev": [0.7598564624786377, 7.030259609222412, 26.90430450439453, 42.99992370605469, 30.114051818847656, 15.433126449584961, 16.77306365966797, 13.669013977050781, 18.692237854003906, 7.567618370056152, 11.655917167663574, 10.440439224243164, 15.894118309020996, 12.651715278625488, 10.336596488952637, 12.323541641235352, 13.904253005981445, 32.19829559326172, 26.4906005859375, 23.432180404663086, 23.437271118164062, 22.45623779296875, 25.468360900878906, 24.541227340698242, 34.94017028808594, 27.2512264251709, 31.202417373657227, 30.329814910888672, 25.62823486328125, 21.244611740112305, 25.976520538330078, 17.241167068481445, 15.99129581451416, 3.8022947311401367, 0.9148033261299133, 0.3736002445220947, 0.06457926332950592, 0.004926666617393494, 0.00011848145368276164, 6.534042040584609e-05], "lowlevel.gfcc.mean": [-108.26974487304688, 136.99278259277344, -107.87043762207031, 54.4788703918457, -46.0455322265625, 4.282778263092041, -42.33256530761719, 0.5421828627586365, -21.420780181884766, -12.87195873260498, 2.323362350463867, -11.761716842651367, 9.612906455993652], "lowlevel.melbands.mean": [0.0036292995791882277, 0.0048737372271716595, 0.002027012873440981, 0.0006187668768689036, 0.00041549807065166533, 0.00023123838764149696, 0.0001516515767434612, 2.9197924959589727e-05, 3.312191984150559e-05, 3.439652209635824e-05, 3.2518088119104505e-05, 2.3537217202829197e-05, 9.426648830412887e-06, 1.1222832654311787e-05, 8.930092008085921e-06, 9.460176443099044e-06, 1.855919799709227e-05, 1.3931275134382304e-05, 1.118234922614647e-05, 1.0477669093233999e-05, 8.74905708769802e-06, 8.074176548689138e-06, 1.0312206541129854e-05, 6.361663963616593e-06, 5.648676051350776e-06, 5.277892796584638e-06, 4.778546099259984e-06, 3.8626390050922055e-06, 4.2368478716525715e-06, 3.843241756840143e-06, 3.475877065284294e-06, 3.425602926654392e-06, 2.615289304230828e-06, 2.5677081794128753e-06, 2.6306172458134824e-06, 2.270126060466282e-06, 2.181734771511401e-06, 2.7303651677357266e-06, 1.565791080793133e-06, 6.777942758162681e-07], "lowlevel.melbands.stdev": [0.007386024110019207, 0.011467603035271168, 0.0069496589712798595, 0.0014923637500032783, 0.0005309758125804365, 0.00033154216362163424, 0.00026272988179698586, 8.077531674643978e-05, 8.854585757944733e-05, 8.168391650542617e-05, 8.21028370410204e-05, 5.4399246437242255e-05, 3.188666232745163e-05, 3.1324652809416875e-05, 2.7427429813542403e-05, 3.950093378080055e-05, 6.712331378366798e-05, 4.818629895453341e-05, 3.418046253500506e-05, 3.036198359041009e-05, 2.9988543246872723e-05, 2.3045258785714395e-05, 2.7859983674716204e-05, 1.9828923541354015e-05, 1.9969309505540878e-05, 2.5396999262738973e-05, 2.2632393665844575e-05, 1.82463918463327e-05, 1.9185274140909314e-05, 1.9239163520978764e-05, 1.7527538147987798e-05, 1.5216212887025904e-05, 1.129252905229805e-05, 1.3239594409242272e-05, 1.6246422092081048e-05, 1.1813346645794809e-05, 1.0606611795083154e-05, 1.3480925190378912e-05, 6.326495622488437e-06, 2.391337829976692e-06], "lowlevel.melbands128.mean": [0.0004220590926706791, 0.002659390214830637, 0.004739066120237112, 0.005938411690294743, 0.005432614590972662, 0.003849474713206291, 0.002604216802865267, 0.0015803271671757102, 0.000985763967037201, 0.0006237294874154031, 0.00031391033553518355, 0.0003776745870709419, 0.0006196062313392758, 0.00022737213294021785, 0.00010694778029574081, 0.0003375830128788948, 0.0002607931673992425, 9.775330545380712e-05, 4.364476626506075e-05, 2.4429054974461906e-05, 2.10661964956671e-05, 3.824702071142383e-05, 4.2559317080304027e-05, 1.7399665011907928e-05, 1.5751204045955092e-05, 4.9572583520784974e-05, 6.204379315022379e-05, 2.0094657884328626e-05, 1.396968582412228e-05, 4.200049443170428e-05, 1.860119664343074e-05, 5.42749739906867e-06, 1.1391880434530322e-05, 1.0894713341258466e-05, 5.243381110631162e-06, 1.5828301911824383e-05, 1.453069216950098e-05, 4.195646397420205e-06, 1.0451810339873191e-05, 7.12744895281503e-06, 6.574038252438186e-06, 1.775783675839193e-05, 1.2412338946887758e-05, 2.8423730327631347e-05, 1.6093255908344872e-05, 1.0201093573414255e-05, 1.280986634810688e-05, 7.942499905766454e-06, 1.4131575881037861e-05, 1.0449948604218662e-05, 1.1757576430682093e-05, 6.683827905362705e-06, 9.859264537226409e-06, 8.956457349995617e-06, 8.527966201654635e-06, 7.077549526002258e-06, 7.410195394186303e-06, 1.2526052159955725e-05, 1.0592598300718237e-05, 8.713341230759397e-06, 5.836690888827434e-06, 4.452901521290187e-06, 5.919641353102634e-06, 6.3511392909276765e-06, 4.876315415458521e-06, 5.173993486096151e-06, 5.7971878959506284e-06, 4.609436473401729e-06, 5.23826020071283e-06, 3.7200625229161233e-06, 3.788217327382881e-06, 3.7961108318995684e-06, 4.129755780013511e-06, 4.507481207838282e-06, 4.1200846681022085e-06, 3.994775397586636e-06, 3.593166638893308e-06, 3.645059678092366e-06, 3.652954546851106e-06, 2.9559248559962725e-06, 3.4369797958788695e-06, 3.999836280854652e-06, 2.745605797827011e-06, 2.5316785468021408e-06, 2.2718115815223427e-06, 2.5287909011240117e-06, 2.648481313372031e-06, 2.7137857614434324e-06, 2.5472820652794326e-06, 2.720777047215961e-06, 2.446123289701063e-06, 2.192030933656497e-06, 1.8880421066569397e-06, 1.862493263615761e-06, 2.4655544166307664e-06, 3.1301951821660623e-06, 2.729189191086334e-06, 2.445811787765706e-06, 1.6476508335472317e-06, 1.1201960887774476e-06, 7.711933562859485e-07, 6.638551894866396e-07, 4.7421582394235884e-07, 2.704582300339098e-07, 1.6332323582446406e-07, 1.450229518695778e-07, 1.6624044008040073e-07, 1.3518489083708118e-07, 9.74718901147753e-08, 6.491255533092044e-08, 5.522656465473119e-08, 2.5140694859260293e-08, 2.292664902370234e-08, 1.1099152708027304e-08, 9.540602086133276e-09, 4.946678622275158e-09, 9.198160566548097e-10, 2.9570509235687936e-11, 1.796462978376212e-11, 7.077983164849311e-12, 7.997961667949305e-12, 4.776784870430539e-12, 4.656886855303188e-12, 4.574936349893699e-12, 4.474107716256892e-12, 4.3505919353203915e-12, 4.277484616510563e-12, 4.2489375733090196e-12], "lowlevel.melbands128.stdev": [0.0007999471854418516, 0.005515482742339373, 0.011403074488043785, 0.012454885058104992, 0.013756698928773403, 0.013186493888497353, 0.00957369152456522, 0.005715289618819952, 0.00282448623329401, 0.0013948425184935331, 0.0007549194269813597, 0.0006091368850320578, 0.000796134234406054, 0.000324992899550125, 0.00022950585116632283, 0.0006678600911982358, 0.0005323155783116817, 0.0002523205184843391, 0.00012110305397072807, 9.190267155645415e-05, 8.666663052281365e-05, 0.00011711651313817129, 0.00012922214227728546, 5.612214226857759e-05, 5.3282830776879564e-05, 0.00014413737517315894, 0.0001686753093963489, 8.539552800357342e-05, 6.534095155075192e-05, 0.00010356819984735921, 4.324498149799183e-05, 1.883147888293024e-05, 4.485243698582053e-05, 4.692209404311143e-05, 2.0474146367632784e-05, 4.895071469945833e-05, 4.1951505409087986e-05, 1.3069436135992873e-05, 5.1364499086048454e-05, 2.8490063414210454e-05, 2.9705841370741837e-05, 0.00010957732592942193, 5.7089935580734164e-05, 0.0001263723970623687, 6.627178663620725e-05, 4.800627721124329e-05, 6.31918155704625e-05, 2.6933339540846646e-05, 5.75850936002098e-05, 3.150353586534038e-05, 4.424430153449066e-05, 2.2595062546315603e-05, 3.698022192111239e-05, 3.641898001660593e-05, 3.260031371610239e-05, 2.4093784304568544e-05, 2.233484156022314e-05, 3.8702102756360546e-05, 3.188503615092486e-05, 2.8117216061218642e-05, 2.0838797354372218e-05, 1.8530801753513515e-05, 2.3401580619974993e-05, 2.4306551495101303e-05, 1.9645394786493853e-05, 2.6109562895726413e-05, 3.556862793629989e-05, 2.508396573830396e-05, 2.5576351617928594e-05, 1.6610998500254937e-05, 2.248099735879805e-05, 1.904355849546846e-05, 1.9618813894339837e-05, 2.003757981583476e-05, 2.3697994038229808e-05, 2.1270558136166073e-05, 1.834154682001099e-05, 1.9955625248258002e-05, 2.006056092795916e-05, 1.4946750525268726e-05, 1.5832511053304188e-05, 2.016628786805086e-05, 1.3350179870030843e-05, 1.1734443432942498e-05, 9.398801921634004e-06, 1.308712762693176e-05, 1.5204424016701523e-05, 1.6475845768582076e-05, 1.7222999304067343e-05, 1.885569145088084e-05, 1.2776221410604194e-05, 1.1982869182247669e-05, 1.0251432286167983e-05, 9.197219696943648e-06, 1.2623349903151393e-05, 1.714285281195771e-05, 1.4616270163969602e-05, 1.124167101806961e-05, 6.7943919930257834e-06, 4.541830548987491e-06, 2.684312676137779e-06, 2.4545201995351817e-06, 1.9580609205149813e-06, 1.2455068372219102e-06, 9.296316534346261e-07, 7.884275987635192e-07, 1.0370360996603267e-06, 8.871244290276081e-07, 6.838246804363735e-07, 5.335973582987208e-07, 5.196367851567629e-07, 2.245718349058734e-07, 1.9029306486118003e-07, 9.972760040000139e-08, 1.0367767089292101e-07, 5.7807024944622754e-08, 1.0729242383433757e-08, 5.833362126672625e-10, 3.7237421479652255e-10, 6.394314938651391e-11, 9.586808430439575e-11, 9.837929949851887e-12, 9.620776397767372e-12, 9.4578641793297e-12, 9.321905226900018e-12, 9.209185497516259e-12, 9.128840045002917e-12, 9.079312822402041e-12], "lowlevel.mfcc.mean": [-747.3873901367188, 148.7873992919922, 10.88137435913086, 42.915367126464844, 25.014509201049805, -0.6302251815795898, 7.275714874267578, -2.6036062240600586, -4.722591400146484, -2.6644651889801025, -9.73745346069336, -4.313444137573242, -4.815701007843018], "lowlevel.spectral_contrast_coeffs.mean": [-0.6747610569000244, -0.7190474271774292, -0.766122579574585, -0.7948037981987, -0.796370267868042, -0.7777570486068726], "lowlevel.spectral_contrast_coeffs.stdev": [0.0726848915219307, 0.09570669382810593, 0.05779915675520897, 0.05247931554913521, 0.03869599848985672, 0.054866231977939606], "lowlevel.spectral_contrast_valleys.mean": [-6.966366291046143, -8.08975887298584, -8.637660026550293, -8.74990463256836, -8.588066101074219, -11.770718574523926], "lowlevel.spectral_contrast_valleys.stdev": [1.0329880714416504, 1.0468833446502686, 1.0175354480743408, 1.0158355236053467, 1.06618070602417, 1.8812367916107178], "rhythm.beats_loudness_band_ratio.mean": [0.6231325268745422, 0.16607409715652466, 0.057736728340387344, 0.036509301513433456, 0.05830570310354233, 0.09599603712558746], "rhythm.beats_loudness_band_ratio.stdev": [0.38500168919563293, 0.18988028168678284, 0.07703375816345215, 0.05923254415392876, 0.08710233122110367, 0.15660865604877472], "tonal.hpcp.mean": [0.12429294735193253, 0.11027842015028, 0.04063049331307411, 0.02794649265706539, 0.031295157968997955, 0.03992069512605667, 0.053658805787563324, 0.05038098618388176, 0.05188852176070213, 0.06287124007940292, 0.05148322135210037, 0.04246882349252701, 0.03432409465312958, 0.0319039560854435, 0.13031503558158875, 0.3860708177089691, 0.2989768087863922, 0.039487577974796295, 0.028384748846292496, 0.035172801464796066, 0.06630818545818329, 0.19406773149967194, 0.1751452088356018, 0.04095717519521713, 0.022393379360437393, 0.017678264528512955, 0.05117672309279442, 0.11761263757944107, 0.09341680258512497, 0.1921701282262802, 0.40023428201675415, 0.2651958763599396, 0.06301570683717728, 0.045308444648981094, 0.040886033326387405, 0.058333899825811386], "tonal.hpcp.stdev": [0.22019629180431366, 0.21611136198043823, 0.15439064800739288, 0.12943294644355774, 0.13256694376468658, 0.14054764807224274, 0.16424308717250824, 0.15920263528823853, 0.16867880523204803, 0.19559094309806824, 0.16878388822078705, 0.16401703655719757, 0.12748198211193085, 0.12642817199230194, 0.17181269824504852, 0.4006141126155853, 0.31029000878334045, 0.12870746850967407, 0.12869668006896973, 0.13534843921661377, 0.16211800277233124, 0.344706654548645, 0.31412118673324585, 0.11469832062721252, 0.08379597216844559, 0.0615386925637722, 0.11828737705945969, 0.2340553104877472, 0.19249890744686127, 0.22669677436351776, 0.42998459935188293, 0.29209619760513306, 0.1635170727968216, 0.15703237056732178, 0.15231502056121826, 0.16326096653938293], "rhythm.beats_position": [0.4643990993499756, 0.9287981986999512, 1.3931972980499268, 1.8575963973999023, 2.321995496749878, 2.763174533843994, 3.2275736331939697, 3.6803627014160156, 4.133152008056641, 4.585940837860107, 5.038730144500732, 5.503129005432129, 5.955918312072754, 6.408707141876221, 6.861496448516846, 7.314285755157471, 7.778684616088867, 8.231473922729492, 8.684263229370117, 9.137051582336426, 9.58984088897705, 10.042630195617676, 10.4954195022583, 10.948208808898926, 11.400997161865234, 11.865396499633789, 12.318185806274414, 12.770975112915039, 13.223763465881348, 13.676552772521973, 14.129342079162598, 14.582131385803223, 15.046530723571777, 15.499319076538086, 15.952108383178711, 16.404897689819336, 16.85768699645996, 17.310476303100586, 17.76326560974121, 18.227664947509766, 18.680452346801758, 19.133241653442383, 19.586030960083008, 20.038820266723633, 20.503219604492188, 20.956008911132812, 21.408798217773438, 21.861587524414062, 22.314376831054688], "rhythm.bpm_histogram": [0.0, 0.0, 0.0, 0.0, 0.0, 0.0, 0.0, 0.0, 0.0, 0.0, 0.0, 0.0, 0.0, 0.0, 0.0, 0.0, 0.0, 0.0, 0.0, 0.0, 0.0, 0.0, 0.0, 0.0, 0.0, 0.0, 0.0, 0.0, 0.0, 0.0, 0.0, 0.0, 0.0, 0.0, 0.0, 0.0, 0.0, 0.0, 0.0, 0.0, 0.0, 0.0, 0.0, 0.0, 0.0, 0.0, 0.0, 0.0, 0.0, 0.0, 0.0, 0.0, 0.0, 0.0, 0.0, 0.0, 0.0, 0.0, 0.0, 0.0, 0.0, 0.0, 0.0, 0.0, 0.0, 0.0, 0.0, 0.0, 0.0, 0.0, 0.0, 0.0, 0.0, 0.0, 0.0, 0.0, 0.0, 0.0, 0.0, 0.0, 0.0, 0.0, 0.0, 0.0, 0.0, 0.0, 0.0, 0.0, 0.0, 0.0, 0.0, 0.0, 0.0, 0.0, 0.0, 0.0, 0.0, 0.0, 0.0, 0.0, 0.0, 0.0, 0.0, 0.0, 0.0, 0.0, 0.0, 0.0, 0.0, 0.0, 0.0, 0.0, 0.0, 0.0, 0.0, 0.0, 0.0, 0.0, 0.0, 0.0, 0.0, 0.0, 0.0, 0.0, 0.0, 0.0, 0.0, 0.0, 0.0, 0.2291666716337204, 0.0, 0.0, 0.0, 0.75, 0.0, 0.0, 0.02083333395421505, 0.0, 0.0, 0.0, 0.0, 0.0, 0.0, 0.0, 0.0, 0.0, 0.0, 0.0, 0.0, 0.0, 0.0, 0.0, 0.0, 0.0, 0.0, 0.0, 0.0, 0.0, 0.0, 0.0, 0.0, 0.0, 0.0, 0.0, 0.0, 0.0, 0.0, 0.0, 0.0, 0.0, 0.0, 0.0, 0.0, 0.0, 0.0, 0.0, 0.0, 0.0, 0.0, 0.0, 0.0, 0.0, 0.0, 0.0, 0.0, 0.0, 0.0, 0.0, 0.0, 0.0, 0.0, 0.0, 0.0, 0.0, 0.0, 0.0, 0.0, 0.0, 0.0, 0.0, 0.0, 0.0, 0.0, 0.0, 0.0, 0.0, 0.0, 0.0, 0.0, 0.0, 0.0, 0.0, 0.0, 0.0, 0.0, 0.0, 0.0, 0.0, 0.0, 0.0, 0.0, 0.0, 0.0, 0.0, 0.0, 0.0, 0.0, 0.0, 0.0, 0.0, 0.0, 0.0, 0.0, 0.0, 0.0, 0.0, 0.0, 0.0, 0.0, 0.0, 0.0, 0.0, 0.0, 0.0, 0.0, 0.0, 0.0, 0.0, 0.0, 0.0], "tonal.chords_histogram": [39.83572769165039, 0.6160164475440979, 57.90554428100586, 0.0, 0.0, 0.0, 0.0, 0.0, 0.0, 0.0, 0.0, 0.0, 0.0, 0.0, 0.0, 0.0, 0.0, 1.6427104473114014, 0.0, 0.0, 0.0, 0.0, 0.0, 0.0], "tonal.thpcp": [1.0, 0.6626015901565552, 0.15744705498218536, 0.11320480704307556, 0.10215525329113007, 0.14574939012527466, 0.3105504810810089, 0.27553465962409973, 0.10151677578687668, 0.06982533633708954, 0.0781920999288559, 0.0997433140873909, 0.13406848907470703, 0.1258787363767624, 0.12964537739753723, 0.1570860892534256, 0.12863270938396454, 0.10610990971326828, 0.08576000481843948, 0.07971320301294327, 0.3255968987941742, 0.9646120667457581, 0.747004508972168, 0.0986611619591713, 0.07092033326625824, 0.08788052946329117, 0.16567343473434448, 0.4848853349685669, 0.43760672211647034, 0.10233300179243088, 0.05595067888498306, 0.04416979104280472, 0.12786690890789032, 0.29385948181152344, 0.23340530693531036, 0.48014408349990845], "lowlevel.gfcc.cov": [[8378.9189453125, -2915.05078125, 357.6004943847656, 236.8204803466797, -1040.8599853515625, 1358.9447021484375, -1057.5445556640625, 1064.8353271484375, -361.4508361816406, 116.92158508300781, -413.1893310546875, -234.47190856933594, -316.5585632324219], [-2915.05078125, 3014.069580078125, 156.3263397216797, -388.0473937988281, 1050.6429443359375, -652.23974609375, 873.9885864257812, -405.62255859375, 358.069580078125, -175.8880157470703, 315.9266357421875, -113.47763061523438, 152.53602600097656], [357.6004943847656, 156.3263397216797, 1050.0789794921875, 130.08273315429688, 355.2314453125, 283.1494445800781, 192.09661865234375, 172.94937133789062, -18.906721115112305, -0.5055919885635376, 12.900880813598633, -24.369840621948242, -67.0704574584961], [236.8204803466797, -388.0473937988281, 130.08273315429688, 607.8265991210938, 96.3679428100586, -4.021840572357178, 132.02967834472656, -74.68013000488281, 108.83242797851562, 30.56315803527832, 40.974456787109375, 171.3866729736328, 39.7050666809082], [-1040.8599853515625, 1050.6429443359375, 355.2314453125, 96.3679428100586, 892.4407958984375, -82.49986267089844, 501.3798522949219, -89.68732452392578, 167.7458038330078, -22.16469955444336, 154.33724975585938, 44.59841537475586, 70.37464141845703], [1358.9447021484375, -652.23974609375, 283.1494445800781, -4.021840572357178, -82.49986267089844, 582.724365234375, -157.1835479736328, 305.4274597167969, -105.03572082519531, 41.547054290771484, -40.882808685302734, -86.29464721679688, -50.6099967956543], [-1057.5445556640625, 873.9885864257812, 192.09661865234375, 132.02967834472656, 501.3798522949219, -157.1835479736328, 681.5792846679688, -230.55006408691406, 182.0230255126953, 33.275657653808594, 154.02391052246094, 100.2950439453125, 43.227928161621094], [1064.8353271484375, -405.62255859375, 172.94937133789062, -74.68013000488281, -89.68732452392578, 305.4274597167969, -230.55006408691406, 433.2997131347656, -41.07902526855469, 3.4805428981781006, -37.613494873046875, -87.04851531982422, 4.795384407043457], [-361.4508361816406, 358.069580078125, -18.906721115112305, 108.83242797851562, 167.7458038330078, -105.03572082519531, 182.0230255126953, -41.07902526855469, 277.8196105957031, 58.78765869140625, 90.55391693115234, 42.796417236328125, 61.71997833251953], [116.92158508300781, -175.8880157470703, -0.5055919885635376, 30.56315803527832, -22.16469955444336, 41.547054290771484, 33.275657653808594, 3.4805428981781006, 58.78765869140625, 177.07598876953125, 37.85758590698242, 73.2469482421875, -24.19278335571289], [-413.1893310546875, 315.9266357421875, 12.900880813598633, 40.974456787109375, 154.33724975585938, -40.882808685302734, 154.02391052246094, -37.613494873046875, 90.55391693115234, 37.85758590698242, 156.58163452148438, 53.99088668823242, 45.67734909057617], [-234.47190856933594, -113.47763061523438, -24.369840621948242, 171.3866729736328, 44.59841537475586, -86.29464721679688, 100.2950439453125, -87.04851531982422, 42.796417236328125, 73.2469482421875, 53.99088668823242, 211.47454833984375, 24.901777267456055], [-316.5585632324219, 152.53602600097656, -67.0704574584961, 39.7050666809082, 70.37464141845703, -50.6099967956543, 43.227928161621094, 4.795384407043457, 61.71997833251953, -24.19278335571289, 45.67734909057617, 24.901777267456055, 124.9708023071289]], "lowlevel.gfcc.icov": [[0.0003310443426016718, -0.00020891211170237511, 0.0001516675401944667, -0.0004987390129826963, 0.00027230725390836596, -0.0005989780183881521, 0.00014082947745919228, -0.0005716635496355593, 6.44453102722764e-05, -0.0001937605265993625, 0.0005636848509311676, -9.420071728527546e-05, 0.0006541141192428768], [-0.00020891211170237511, 0.0034833468962460756, -0.0008725195657461882, 0.0032282969914376736, -0.0019599671941250563, 0.0028338059782981873, -0.0016444884240627289, 0.0013460530899465084, -0.002052311087027192, 0.0027673151344060898, -0.0037237624637782574, 0.002357390709221363, -0.0010656804079189897], [0.0001516675401944667, -0.0008725195657461882, 0.0018843823345378041, -0.0013213546480983496, -8.534071093890816e-05, -0.0012992271222174168, -7.843543426133692e-05, -0.0012419839622452855, 0.000820629415102303, -0.0005076886736787856, 0.001217948505654931, -0.0004908620612695813, 0.0016260643023997545], [-0.0004987390129826963, 0.0032282969914376736, -0.0013213546480983496, 0.005920266732573509, -0.001821119338274002, 0.002292387653142214, -0.0014344047522172332, 0.002379471668973565, -0.0031878098379820585, 0.0035992152988910675, -0.003246357897296548, -0.00033951731165871024, -0.0019097240874543786], [0.00027230725390836596, -0.0019599671941250563, -8.534071093890816e-05, -0.001821119338274002, 0.0035507562570273876, -0.0016730810748413205, -0.00038341808249242604, -0.0011239508166909218, 0.0007335719419643283, -0.000880788778886199, 0.0014595487155020237, -0.001246923697181046, 0.0002957049000542611], [-0.0005989780183881521, 0.0028338059782981873, -0.0012992271222174168, 0.002292387653142214, -0.0016730810748413205, 0.006546237040311098, -0.0016056251479312778, -0.0004217969544697553, -3.7663892726413906e-05, 0.0006197710172273219, -0.003856310620903969, 0.0033993059769272804, -0.0013661938719451427], [0.00014082947745919228, -0.0016444884240627289, -7.843543426133692e-05, -0.0014344047522172332, -0.00038341808249242604, -0.0016056251479312778, 0.004532100632786751, 0.001090719597414136, -0.00012510930537246168, -0.0013741698348894715, 0.0005989436176605523, -0.0015727276913821697, 0.000623967673163861], [-0.0005716635496355593, 0.0013460530899465084, -0.0012419839622452855, 0.002379471668973565, -0.0011239508166909218, -0.0004217969544697553, 0.001090719597414136, 0.00641813687980175, -0.0018165579531341791, 0.0010958191705867648, -0.001964638475328684, 0.0010561826638877392, -0.003058099187910557], [6.44453102722764e-05, -0.002052311087027192, 0.000820629415102303, -0.0031878098379820585, 0.0007335719419643283, -3.7663892726413906e-05, -0.00012510930537246168, -0.0018165579531341791, 0.007945870980620384, -0.004684760235249996, 0.0007173434132710099, 0.0007913970039226115, -0.0014449561713263392], [-0.0001937605265993625, 0.0027673151344060898, -0.0005076886736787856, 0.0035992152988910675, -0.000880788778886199, 0.0006197710172273219, -0.0013741698348894715, 0.0010958191705867648, -0.004684760235249996, 0.011748036369681358, -0.004381129052489996, -0.0024698409251868725, 0.002577181439846754], [0.0005636848509311676, -0.0037237624637782574, 0.001217948505654931, -0.003246357897296548, 0.0014595487155020237, -0.003856310620903969, 0.0005989436176605523, -0.001964638475328684, 0.0007173434132710099, -0.004381129052489996, 0.014825276099145412, -0.0039063128642737865, -0.0007000986370258033], [-9.420071728527546e-05, 0.002357390709221363, -0.0004908620612695813, -0.00033951731165871024, -0.001246923697181046, 0.0033993059769272804, -0.0015727276913821697, 0.0010561826638877392, 0.0007913970039226115, -0.0024698409251868725, -0.0039063128642737865, 0.010902348905801773, -0.0023028769064694643], [0.0006541141192428768, -0.0010656804079189897, 0.0016260643023997545, -0.0019097240874543786, 0.0002957049000542611, -0.0013661938719451427, 0.000623967673163861, -0.003058099187910557, -0.0014449561713263392, 0.002577181439846754, -0.0007000986370258033, -0.0023028769064694643, 0.013547977432608604]], "lowlevel.mfcc.cov": [[8038.18212890625, -3319.514404296875, 828.7127075195312, -1199.028564453125, 229.10601806640625, -444.4805908203125, -128.82969665527344, 95.72335052490234, 292.9538269042969, 19.259042739868164, 160.1072540283203, 158.67779541015625, -335.4908142089844], [-3319.514404296875, 3336.09765625, -427.2523498535156, 403.9967346191406, 105.0302734375, 120.63075256347656, 363.0018005371094, 72.00255584716797, 36.21978759765625, 166.2738800048828, 112.6060791015625, -1.682932734489441, 100.20958709716797], [828.7127075195312, -427.2523498535156, 740.1921997070312, -114.08062744140625, 139.99725341796875, 20.061765670776367, 119.35916137695312, 113.6917495727539, 80.47218322753906, 33.65279769897461, 41.4107666015625, 72.14720153808594, -16.09418296813965], [-1199.028564453125, 403.9967346191406, -114.08062744140625, 898.0366821289062, -61.33500671386719, 340.5521240234375, -31.759193420410156, 122.98961639404297, -57.971473693847656, -9.168609619140625, -21.949840545654297, -0.02838269993662834, 211.83238220214844], [229.10601806640625, 105.0302734375, 139.99725341796875, -61.33500671386719, 461.56854248046875, -59.40253448486328, 144.6228790283203, 91.0261001586914, 130.25880432128906, 28.60683822631836, 30.95301628112793, 81.0993423461914, -20.98179054260254], [-444.4805908203125, 120.63075256347656, 20.061765670776367, 340.5521240234375, -59.40253448486328, 472.347900390625, 95.90702819824219, 90.13731384277344, -41.11891555786133, 39.23246765136719, 74.3885498046875, -0.039489518851041794, 116.05186462402344], [-128.82969665527344, 363.0018005371094, 119.35916137695312, -31.759193420410156, 144.6228790283203, 95.90702819824219, 356.1105041503906, 109.8183822631836, 51.73271942138672, 53.86146926879883, 67.82977294921875, 50.51275634765625, -16.139339447021484], [95.72335052490234, 72.00255584716797, 113.6917495727539, 122.98961639404297, 91.0261001586914, 90.13731384277344, 109.8183822631836, 183.05577087402344, 69.04737854003906, 30.1441650390625, 43.577903747558594, 33.790584564208984, 37.73300552368164], [292.9538269042969, 36.21978759765625, 80.47218322753906, -57.971473693847656, 130.25880432128906, -41.11891555786133, 51.73271942138672, 69.04737854003906, 165.84442138671875, 74.16629791259766, 37.81834411621094, 30.618181228637695, -17.2918701171875], [19.259042739868164, 166.2738800048828, 33.65279769897461, -9.168609619140625, 28.60683822631836, 39.23246765136719, 53.86146926879883, 30.1441650390625, 74.16629791259766, 152.8035430908203, 73.44464111328125, 19.353199005126953, 0.08052045106887817], [160.1072540283203, 112.6060791015625, 41.4107666015625, -21.949840545654297, 30.95301628112793, 74.3885498046875, 67.82977294921875, 43.577903747558594, 37.81834411621094, 73.44464111328125, 146.115966796875, 48.693965911865234, 21.791215896606445], [158.67779541015625, -1.682932734489441, 72.14720153808594, -0.02838269993662834, 81.0993423461914, -0.039489518851041794, 50.51275634765625, 33.790584564208984, 30.618181228637695, 19.353199005126953, 48.693965911865234, 115.3952865600586, 40.14760971069336], [-335.4908142089844, 100.20958709716797, -16.09418296813965, 211.83238220214844, -20.98179054260254, 116.05186462402344, -16.139339447021484, 37.73300552368164, -17.2918701171875, 0.08052045106887817, 21.791215896606445, 40.14760971069336, 156.14654541015625]], "lowlevel.mfcc.icov": [[0.0003323232813272625, 0.000297472404781729, -5.566928302869201e-05, 0.00020110672630835325, 2.4562204998801462e-05, 9.999801841331646e-05, 9.108085214393213e-05, -0.0003293666522949934, -0.00027412717463448644, 5.421954847406596e-05, -0.0004781655443366617, -0.00023831450380384922, 0.000360151199856773], [0.000297472404781729, 0.0007397655863314867, 0.000243665897869505, -0.00011574864765862003, -5.312259600032121e-05, 0.0004171141190454364, -0.0006171667482703924, -6.478719296865165e-05, -0.0001909494021674618, -0.00035873145679943264, -0.0007106883567757905, 0.00018231540161650628, 1.258620250155218e-05], [-5.566928302869201e-05, 0.000243665897869505, 0.0018803951097652316, 0.00019864708883687854, -0.00017626129556447268, -0.00012569091632030904, -0.0004304068861529231, -0.0008627561037428677, -4.072709543834208e-06, -0.0003399831475690007, 0.0003004683239851147, -0.0005970116471871734, -6.637335900450125e-06], [0.00020110672630835325, -0.00011574864765862003, 0.00019864708883687854, 0.0027302182279527187, -0.0001174853605334647, -0.001361559028737247, 0.0010706329485401511, -0.00199682405218482, 0.0004522705858107656, -0.00023947727459017187, 0.0013870570110157132, -0.00029265304328873754, -0.0016558007337152958], [2.4562204998801462e-05, -5.312259600032121e-05, -0.00017626129556447268, -0.0001174853605334647, 0.003511349204927683, 0.00033972066012211144, -0.0008851002203300595, -0.00031303451396524906, -0.002354982541874051, 0.0009551160619594157, 0.00026341425837017596, -0.0017636235570535064, 0.0005869894521310925], [9.999801841331646e-05, 0.0004171141190454364, -0.00012569091632030904, -0.001361559028737247, 0.00033972066012211144, 0.004483647178858519, -0.001639264402911067, -0.00039668515091761947, 0.001198813901282847, -0.0007436858140863478, -0.0024146942887455225, 0.0019270721822977066, -0.0016042994102463126], [9.108085214393213e-05, -0.0006171667482703924, -0.0004304068861529231, 0.0010706329485401511, -0.0008851002203300595, -0.001639264402911067, 0.005601166281849146, -0.0027638408355414867, 0.0008929271134547889, -0.0002892919001169503, 0.0001292555098189041, -0.001821381039917469, 0.0019904891960322857], [-0.0003293666522949934, -6.478719296865165e-05, -0.0008627561037428677, -0.00199682405218482, -0.00031303451396524906, -0.00039668515091761947, -0.0027638408355414867, 0.011225962080061436, -0.004071249160915613, 0.0015871732030063868, -0.0013085576938465238, 0.0009539719321765006, -0.0013060830533504486], [-0.00027412717463448644, -0.0001909494021674618, -4.072709543834208e-06, 0.0004522705858107656, -0.002354982541874051, 0.001198813901282847, 0.0008929271134547889, -0.004071249160915613, 0.012597989290952682, -0.005573231726884842, 0.0007001985213719308, 0.00010912375000771135, 6.048429713700898e-05], [5.421954847406596e-05, -0.00035873145679943264, -0.0003399831475690007, -0.00023947727459017187, 0.0009551160619594157, -0.0007436858140863478, -0.0002892919001169503, 0.0015871732030063868, -0.005573231726884842, 0.011622526682913303, -0.004496084991842508, 0.0002567437186371535, 0.0008424408151768148], [-0.0004781655443366617, -0.0007106883567757905, 0.0003004683239851147, 0.0013870570110157132, 0.00026341425837017596, -0.0024146942887455225, 0.0001292555098189041, -0.0013085576938465238, 0.0007001985213719308, -0.004496084991842508, 0.01310753170400858, -0.004022411070764065, -0.0009775476064532995], [-0.00023831450380384922, 0.00018231540161650628, -0.0005970116471871734, -0.00029265304328873754, -0.0017636235570535064, 0.0019270721822977066, -0.001821381039917469, 0.0009539719321765006, 0.00010912375000771135, 0.0002567437186371535, -0.004022411070764065, 0.014696614816784859, -0.005586982239037752], [0.000360151199856773, 1.258620250155218e-05, -6.637335900450125e-06, -0.0016558007337152958, 0.0005869894521310925, -0.0016042994102463126, 0.0019904891960322857, -0.0013060830533504486, 6.048429713700898e-05, 0.0008424408151768148, -0.0009775476064532995, -0.005586982239037752, 0.012787354178726673]], "metadata.audio_properties.analysis.downmix": "mix", "metadata.audio_properties.codec": "mp3", "metadata.audio_properties.md5_encoded": "abc618e953a0399496c4fb290e993b42", "metadata.tags.file_name": "1183719132219318283.mp3", "metadata.version.essentia": "2.1-beta6-dev", "metadata.version.essentia_git_sha": "v2.1_beta5-1110-g77a6a954", "metadata.version.extractor": "music 2.0", "tonal.chords_key": "D", "tonal.chords_scale": "major", "tonal.key_edma.key": "G", "tonal.key_edma.scale": "major", "tonal.key_krumhansl.key": "G", "tonal.key_krumhansl.scale": "major", "tonal.key_temperley.key": "G", "tonal.key_temperley.scale": "major", "metadata.tags.encoding": ["Lavf58.45.100"]}, "essentia_models": [{"model_name": "genre_dortmund", "activations": {"alternative": "0.0393436", "blues": "0.006874709", "electronic": "0.11190723", "folkcountry": "0.015000248", "funksoulrnb": "0.063659064", "jazz": "0.026085733", "pop": "0.09369754", "raphiphop": "0.8364221", "rock": "0.011336"}}, {"model_name": "genre_rosamerica", "activations": {"classic": "0.0056161173", 