{"song_id": "1183720030991548436", "download": "https://cdn.discordapp.com/attachments/1135903449314238464/1183720030991548436/chirp.mp4?ex=65895c2f&amp", "lyrics": "my name is toxic, but I'm not toxic, but I love your baby who sits on my seat and I smoke in my lowride", "style": ["good night song"], "essentia_features": {"lowlevel.average_loudness": 0.9837628602981567, "lowlevel.barkbands_crest.mean": 16.029613494873047, "lowlevel.barkbands_crest.stdev": 3.5192270278930664, "lowlevel.barkbands_flatness_db.mean": 0.33647072315216064, "lowlevel.barkbands_flatness_db.stdev": 0.06316129863262177, "lowlevel.barkbands_kurtosis.mean": 57.30016326904297, "lowlevel.barkbands_kurtosis.stdev": 48.923274993896484, "lowlevel.barkbands_skewness.mean": 6.240914821624756, "lowlevel.barkbands_skewness.stdev": 2.1066322326660156, "lowlevel.barkbands_spread.mean": 4.373327732086182, "lowlevel.barkbands_spread.stdev": 4.431638240814209, "lowlevel.dissonance.mean": 0.44982078671455383, "lowlevel.dissonance.stdev": 0.04028112068772316, "lowlevel.dynamic_complexity": 0.9701504111289978, "lowlevel.erbbands_crest.mean": 13.002283096313477, "lowlevel.erbbands_crest.stdev": 5.366856098175049, "lowlevel.erbbands_flatness_db.mean": 0.16843955218791962, "lowlevel.erbbands_flatness_db.stdev": 0.033652499318122864, "lowlevel.erbbands_kurtosis.mean": 1.6193732023239136, "lowlevel.erbbands_kurtosis.stdev": 3.3431546688079834, "lowlevel.erbbands_skewness.mean": 0.21374629437923431, "lowlevel.erbbands_skewness.stdev": 0.9066773056983948, "lowlevel.erbbands_spread.mean": 49.0862922668457, "lowlevel.erbbands_spread.stdev": 28.130781173706055, "lowlevel.hfc.mean": 45.88961410522461, "lowlevel.hfc.stdev": 22.825639724731445, "lowlevel.loudness_ebu128.integrated": -12.070348739624023, "lowlevel.loudness_ebu128.loudness_range": 0.3875923156738281, "lowlevel.loudness_ebu128.momentary.mean": -12.193297386169434, "lowlevel.loudness_ebu128.momentary.stdev": 1.0016136169433594, "lowlevel.loudness_ebu128.short_term.mean": -12.03067684173584, "lowlevel.loudness_ebu128.short_term.stdev": 0.12414871901273727, "lowlevel.melbands_crest.mean": 35.90578842163086, "lowlevel.melbands_crest.stdev": 4.3184099197387695, "lowlevel.melbands_flatness_db.mean": 0.42859020829200745, "lowlevel.melbands_flatness_db.stdev": 0.07427474856376648, "lowlevel.melbands_kurtosis.mean": 149.09864807128906, "lowlevel.melbands_kurtosis.stdev": 129.31063842773438, "lowlevel.melbands_skewness.mean": 9.823554992675781, "lowlevel.melbands_skewness.stdev": 3.984642744064331, "lowlevel.melbands_spread.mean": 3.1077492237091064, "lowlevel.melbands_spread.stdev": 6.914176940917969, "lowlevel.pitch_salience.mean": 0.15483790636062622, "lowlevel.pitch_salience.stdev": 0.08560457825660706, "lowlevel.silence_rate_20dB.mean": 0.03267974033951759, "lowlevel.silence_rate_20dB.stdev": 0.17779740691184998, "lowlevel.silence_rate_30dB.mean": 0.009803921915590763, "lowlevel.silence_rate_30dB.stdev": 0.09852802008390427, "lowlevel.silence_rate_60dB.mean": 0.003267973894253373, "lowlevel.silence_rate_60dB.stdev": 0.05707261711359024, "lowlevel.spectral_centroid.mean": 1398.72216796875, "lowlevel.spectral_centroid.stdev": 934.3139038085938, "lowlevel.spectral_complexity.mean": 15.839869499206543, "lowlevel.spectral_complexity.stdev": 7.342053413391113, "lowlevel.spectral_decrease.mean": -1.3932742604083614e-07, "lowlevel.spectral_decrease.stdev": 2.996772607843923e-08, "lowlevel.spectral_energy.mean": 0.5300157070159912, "lowlevel.spectral_energy.stdev": 0.11306898295879364, "lowlevel.spectral_energyband_high.mean": 0.0023199215065687895, "lowlevel.spectral_energyband_high.stdev": 0.003717922605574131, "lowlevel.spectral_energyband_low.mean": 0.4897480010986328, "lowlevel.spectral_energyband_low.stdev": 0.11279653012752533, "lowlevel.spectral_energyband_middle_high.mean": 0.003880196949467063, "lowlevel.spectral_energyband_middle_high.stdev": 0.0049337646923959255, "lowlevel.spectral_energyband_middle_low.mean": 0.014096262864768505, "lowlevel.spectral_energyband_middle_low.stdev": 0.014168750494718552, "lowlevel.spectral_entropy.mean": 7.456441879272461, "lowlevel.spectral_entropy.stdev": 0.4746553599834442, "lowlevel.spectral_flux.mean": 0.18416711688041687, "lowlevel.spectral_flux.stdev": 0.12475491315126419, "lowlevel.spectral_kurtosis.mean": 3.059549331665039, "lowlevel.spectral_kurtosis.stdev": 2.615412712097168, "lowlevel.spectral_rms.mean": 0.022535420954227448, "lowlevel.spectral_rms.stdev": 0.003040296258404851, "lowlevel.spectral_rolloff.mean": 76.9847183227539, "lowlevel.spectral_rolloff.stdev": 363.479248046875, "lowlevel.spectral_skewness.mean": 1.1750608682632446, "lowlevel.spectral_skewness.stdev": 0.7116056680679321, "lowlevel.spectral_spread.mean": 4708790.5, "lowlevel.spectral_spread.stdev": 1073145.5, "lowlevel.spectral_strongpeak.mean": 0.9937505722045898, "lowlevel.spectral_strongpeak.stdev": 0.4568721652030945, "lowlevel.zerocrossingrate.mean": 0.011913424357771873, "lowlevel.zerocrossingrate.stdev": 0.01618020050227642, "metadata.audio_properties.analysis.equal_loudness": 0.0, "metadata.audio_properties.analysis.length": 7.081610202789307, "metadata.audio_properties.analysis.sample_rate": 44100.0, "metadata.audio_properties.analysis.start_time": 0.0, "metadata.audio_properties.bit_rate": 123852.0, "metadata.audio_properties.length": 7.082666873931885, "metadata.audio_properties.lossless": 0.0, "metadata.audio_properties.number_channels": 1.0, "metadata.audio_properties.replay_gain": -8.359563827514648, "metadata.audio_properties.sample_rate": 48000.0, "rhythm.beats_count": 10.0, "rhythm.beats_loudness.mean": 0.5120490193367004, "rhythm.beats_loudness.stdev": 0.11662411689758301, "rhythm.bpm": 90.49828338623047, "rhythm.bpm_histogram_first_peak_bpm": 92.0, "rhythm.bpm_histogram_first_peak_weight": 0.375, "rhythm.bpm_histogram_second_peak_bpm": 83.0, "rhythm.bpm_histogram_second_peak_spread": 0.0, "rhythm.bpm_histogram_second_peak_weight": 0.1111111119389534, "rhythm.danceability": 1.3072396516799927, "rhythm.onset_rate": 4.51104736328125, "tonal.chords_changes_rate": 0.051948051899671555, "tonal.chords_number_rate": 0.03246753290295601, "tonal.chords_strength.mean": 0.4900749921798706, "tonal.chords_strength.stdev": 0.08268533647060394, "tonal.hpcp_crest.mean": 19.106159210205078, "tonal.hpcp_crest.stdev": 8.08816909790039, "tonal.hpcp_entropy.mean": 1.2700096368789673, "tonal.hpcp_entropy.stdev": 0.6650546193122864, "tonal.key_edma.strength": 0.4903199076652527, "tonal.key_krumhansl.strength": 0.47542500495910645, "tonal.key_temperley.strength": 0.4611029624938965, "tonal.tuning_diatonic_strength": 0.400717556476593, "tonal.tuning_equal_tempered_deviation": 0.22715426981449127, "tonal.tuning_frequency": 434.193115234375, "tonal.tuning_nontempered_energy_ratio": 0.9761640429496765, "lowlevel.barkbands.mean": [0.19192269444465637, 0.3111729919910431, 0.0067492942325770855, 0.001518899342045188, 0.0021832697093486786, 0.0005236510187387466, 0.0013083223020657897, 0.007799329236149788, 0.000561141932848841, 0.0005925828590989113, 0.0006646687397733331, 0.0007685425225645304, 0.0004453282163012773, 0.00038631565985269845, 0.00015792947669979185, 0.00011298149183858186, 0.00018383367569185793, 0.00018806610023602843, 0.0002233268751297146, 0.0005831157905049622, 0.00037158571649342775, 0.0008776798495091498, 0.000546205323189497, 0.00011253313277848065, 4.2270574340363964e-05, 1.8833594367606565e-05, 1.1510344393173e-06], "lowlevel.barkbands.stdev": [0.08566240221261978, 0.1097194254398346, 0.02071927674114704, 0.007200843188911676, 0.005715453997254372, 0.0016694668447598815, 0.001602237462066114, 0.0059798345901072025, 0.001959070563316345, 0.0014757978497073054, 0.0016960505163297057, 0.0020683135371655226, 0.0009144392097368836, 0.0008485084981657565, 0.00043828575871884823, 0.0002697499585337937, 0.00035708240466192365, 0.0004379151505418122, 0.00034977885661646724, 0.0008175004622898996, 0.0006124146748334169, 0.0016851663822308183, 0.0011474022176116705, 0.0002568789932411164, 8.142577280523255e-05, 3.4611846785992384e-05, 1.9569235973904142e-06], "lowlevel.erbbands.mean": [21.044179916381836, 23.481307983398438, 11.533860206604004, 5.712364673614502, 6.792698383331299, 6.945677280426025, 5.279295444488525, 4.195474624633789, 12.219573020935059, 149.25001525878906, 66.75016021728516, 13.63322925567627, 16.649314880371094, 22.70136260986328, 25.8964786529541, 32.74348068237305, 20.262344360351562, 22.663022994995117, 11.334314346313477, 6.7453484535217285, 6.793868541717529, 10.539246559143066, 11.710078239440918, 8.151008605957031, 16.08385467529297, 26.552841186523438, 22.117536544799805, 12.436540603637695, 28.4893798828125, 32.36119079589844, 11.75683307647705, 3.5433266162872314, 1.5073975324630737, 0.6669761538505554, 0.19681714475154877, 0.0650259330868721, 0.037926603108644485, 0.008148149587213993, 0.0004128425207454711, 0.0005814073956571519], "lowlevel.erbbands.stdev": [6.4726128578186035, 26.99091339111328, 27.765024185180664, 23.25082778930664, 21.93141746520996, 17.379871368408203, 17.833932876586914, 10.831256866455078, 23.340564727783203, 111.46672821044922, 66.5781478881836, 42.47737503051758, 42.06006622314453, 70.11031341552734, 56.71626663208008, 92.58135223388672, 37.716957092285156, 45.5820198059082, 29.602067947387695, 17.052471160888672, 14.18080997467041, 20.7998104095459, 28.015092849731445, 12.377363204956055, 24.67232894897461, 36.930782318115234, 32.7670783996582, 22.620784759521484, 53.601219177246094, 66.61978912353516, 24.546398162841797, 8.121362686157227, 3.215423107147217, 1.3831219673156738, 0.34738388657569885, 0.13187260925769806, 0.06987954676151276, 0.01333350408822298, 0.00026864459505304694, 0.00012012722436338663], "lowlevel.gfcc.mean": [18.523221969604492, 94.08977508544922, -76.05310821533203, 54.89274978637695, -49.17747116088867, 23.93031883239746, 7.683906555175781, 22.56319808959961, 11.392088890075684, 21.52483558654785, 6.576717376708984, -1.2396814823150635, -12.593172073364258], "lowlevel.melbands.mean": [0.14155784249305725, 0.011547611095011234, 0.001032334635965526, 0.0004980619414709508, 0.00021064476459287107, 9.595386654837057e-05, 0.00016840314492583275, 0.001820848905481398, 0.00041210578638128936, 6.729068991262466e-05, 8.16605388536118e-05, 8.858284127200022e-05, 8.629405783722177e-05, 8.341054490301758e-05, 7.336633279919624e-05, 3.88620792364236e-05, 4.231837738188915e-05, 1.9061239072470926e-05, 1.0517464943404775e-05, 8.009638804651331e-06, 7.687287506996654e-06, 9.651005711930338e-06, 1.3188180673751049e-05, 8.312563295476139e-06, 6.0528473113663495e-06, 8.729153705644421e-06, 1.549803164380137e-05, 1.8573955458123237e-05, 1.652797254791949e-05, 8.531578714610077e-06, 6.386648237821646e-06, 1.420045464328723e-05, 2.1144764104974456e-05, 1.695209721219726e-05, 7.265415661095176e-06, 3.3753706247807713e-06, 1.6273726259896648e-06, 1.0997196113748942e-06, 7.767656597934547e-07, 4.7256710900001053e-07], "lowlevel.melbands.stdev": [0.03753828629851341, 0.01922539994120598, 0.0038896435871720314, 0.0014138069236651063, 0.0005969799822196364, 0.00025729762273840606, 0.00035101501271128654, 0.0013709854101762176, 0.0005144723691046238, 0.00022890781110618263, 0.0002170572552131489, 0.0002734592417255044, 0.00020054522610735148, 0.00021647194807883352, 0.00019164830155204982, 7.912648288765922e-05, 8.828686259221286e-05, 5.633460750686936e-05, 2.935410702775698e-05, 2.128138112311717e-05, 1.6499259800184518e-05, 1.8425134840072133e-05, 3.124431532341987e-05, 2.0465502529987134e-05, 9.380732080899179e-06, 1.364982654195046e-05, 2.630621202115435e-05, 2.6594449082040228e-05, 2.4440441848128103e-05, 1.6813321053632535e-05, 1.2504125152190682e-05, 2.6703406547312625e-05, 4.2689902329584584e-05, 3.637321788119152e-05, 1.5498402717639692e-05, 7.589698725496419e-06, 4.016454113298096e-06, 2.435539727230207e-06, 1.800830887077609e-06, 9.321339575762977e-07], "lowlevel.melbands128.mean": [0.1710105836391449, 0.23321232199668884, 0.09862826019525528, 0.02421467751264572, 0.0070691294968128204, 0.002669158624485135, 0.0010378403821960092, 0.0007273030350916088, 0.0007116436609067023, 0.0005045868456363678, 0.0003674267209134996, 0.0002826496202033013, 0.0001822825870476663, 0.00010269109770888463, 7.212362106656656e-05, 0.00010585821291897446, 0.00012779848475474864, 0.00015122111653909087, 0.00017749627295415848, 0.0020555497612804174, 0.002866615541279316, 0.0003955946012865752, 0.00021468312479555607, 0.00015756924403831363, 6.417887925636023e-05, 3.074594496865757e-05, 6.137048330856487e-05, 0.00010381347965449095, 8.605001494288445e-05, 6.051171658327803e-05, 0.00011034185445168987, 0.00010019575711339712, 7.55776054575108e-05, 8.995839743874967e-05, 6.904153997311369e-05, 8.473185152979568e-05, 0.00010202505654888228, 8.301498019136488e-05, 5.3692085202783346e-05, 2.470517938490957e-05, 3.823902807198465e-05, 5.430131568573415e-05, 4.429788896231912e-05, 4.011052078567445e-05, 2.0349243641248904e-05, 1.596426409378182e-05, 1.5888275811448693e-05, 1.0377106264058966e-05, 9.07126104721101e-06, 7.823404303053394e-06, 8.186942068277858e-06, 6.968440629862016e-06, 9.045445040101185e-06, 7.2418456511513796e-06, 6.574693998118164e-06, 7.99193458078662e-06, 1.4011769053468015e-05, 1.534179682494141e-05, 1.1965586054429878e-05, 1.1347004146955442e-05, 8.827757483231835e-06, 5.202954071137356e-06, 5.688866167474771e-06, 6.787196525692707e-06, 6.0568645494640805e-06, 6.829547601228114e-06, 1.0693672265915666e-05, 1.5894669559202157e-05, 1.4736370758328121e-05, 1.9416185750742443e-05, 1.5330764654208906e-05, 2.0427445633686148e-05, 2.2681862901663408e-05, 1.565977254358586e-05, 9.612121175450739e-06, 9.74196518654935e-06, 8.067948328971397e-06, 4.463490313355578e-06, 5.916308964515338e-06, 7.67131132306531e-06, 1.2089761185052339e-05, 1.782020990503952e-05, 1.8527473002905026e-05, 2.3025530026643537e-05, 2.2395250198314898e-05, 1.7670199667918496e-05, 1.6379817679990083e-05, 1.1684934179356787e-05, 5.8461364460526966e-06, 5.185730515222531e-06, 4.258337867213413e-06, 2.6938007522403495e-06, 2.1881289740122156e-06, 1.616205736354459e-06, 1.2965745099791093e-06, 1.1366812486812705e-06, 1.181544234896137e-06, 8.48052991386794e-07, 7.716210461694573e-07, 7.51330333059741e-07, 6.364258524627076e-07, 4.044742922815203e-07, 3.1977185699361144e-07, 2.2525820497776294e-07, 2.402016150426789e-07, 1.6072856112714362e-07, 1.309996093823429e-07, 1.0440225395313973e-07, 9.155238700486734e-08, 9.909794584928022e-08, 1.2376027314076055e-07, 1.1604258531860978e-07, 1.3317793445821735e-07, 1.202236887820618e-07, 1.2606747645804717e-07, 1.1114295261904772e-07, 4.535514719350431e-08, 7.345159591665151e-09, 8.145511487533952e-10, 1.021906032017128e-10, 1.0002684791565741e-10, 9.811154666472532e-11, 9.58592996647134e-11, 9.394572619836339e-11, 9.149466601021672e-11, 8.875303963984393e-11, 8.723656519382672e-11, 8.666795059397714e-11], "lowlevel.melbands128.stdev": [0.07192716747522354, 0.07804735749959946, 0.05786001309752464, 0.04103096202015877, 0.018602075055241585, 0.008884241804480553, 0.004991360940039158, 0.0032256394624710083, 0.0023277958389371634, 0.0017964709550142288, 0.000940290279686451, 0.0007017290918156505, 0.0007252520881593227, 0.0004907283582724631, 0.00021454393572639674, 0.00034870803938247263, 0.00029960108804516494, 0.0006265618721954525, 0.0002515189116820693, 0.0015767666045576334, 0.0022091404534876347, 0.000493614817969501, 0.0007267739274539053, 0.0007200625259429216, 0.0003576657618395984, 8.490283653372899e-05, 0.00019341960432939231, 0.00032186013413593173, 0.0003368931356817484, 0.0001634621585253626, 0.0005240964237600565, 0.0003348724276293069, 0.0002333817828912288, 0.00025090115377679467, 0.0002058180107269436, 0.00029604241717606783, 0.00042409036541357636, 0.0002717621100600809, 0.00015182592323981225, 5.942089774180204e-05, 9.074253466678783e-05, 0.0001875881280284375, 0.00010383841436123475, 0.00011986463505309075, 7.65283839427866e-05, 8.61078078742139e-05, 5.3125640988582745e-05, 3.9696595194982365e-05, 3.250316149205901e-05, 2.813129685819149e-05, 2.6263593099429272e-05, 1.881422576843761e-05, 2.2748274204786867e-05, 1.5796493244124576e-05, 1.385907489748206e-05, 1.754850563884247e-05, 3.626129910117015e-05, 4.05152422899846e-05, 3.7967463867971674e-05, 3.312365515739657e-05, 2.6114403226529248e-05, 9.279651749238838e-06, 1.0238471077173017e-05, 1.288649218622595e-05, 9.189752745442092e-06, 1.2442353181540966e-05, 1.8896480469265953e-05, 3.040298724954482e-05, 2.6866629923461005e-05, 4.070103750564158e-05, 2.303648398083169e-05, 3.646510231192224e-05, 3.987845411757007e-05, 2.3945385692059062e-05, 1.844141661422327e-05, 2.091741953336168e-05, 1.942228300322313e-05, 8.959083061199635e-06, 1.3606340871774592e-05, 1.671505560807418e-05, 2.4121249225572683e-05, 3.74836236005649e-05, 3.819268385996111e-05, 4.9384638259653e-05, 5.161705121281557e-05, 4.028190596727654e-05, 3.83218502975069e-05, 2.6164496375713497e-05, 1.3430105354927946e-05, 1.1771777280955575e-05, 1.0003576790040825e-05, 6.526901415782049e-06, 5.495179721037857e-06, 4.42243663201225e-06, 3.424210262892302e-06, 2.5781666863622377e-06, 2.8451286198105663e-06, 1.8368879182162345e-06, 1.961859425136936e-06, 2.036538489846862e-06, 1.4209376786311623e-06, 8.580396411161928e-07, 5.82754125844076e-07, 4.0801074874252663e-07, 4.819528385269223e-07, 3.351560451392288e-07, 3.1943841349857394e-07, 2.694215481824358e-07, 2.1416504125681968e-07, 2.4191197667278175e-07, 2.9220655051176436e-07, 2.453922718359536e-07, 2.6959517640534614e-07, 2.637077614053851e-07, 2.3017722128315654e-07, 2.071119951096989e-07, 7.539583180005138e-08, 1.8266725021476304e-08, 4.434462574920417e-09, 1.1665737820187871e-10, 1.1580818942702464e-10, 1.1408878008989376e-10, 1.1117015641382011e-10, 1.0591817006799786e-10, 9.58688892160886e-11, 8.78364325718195e-11, 8.632451697909715e-11, 8.589235572786791e-11], "lowlevel.mfcc.mean": [-635.2385864257812, 117.93103790283203, 35.27486038208008, 44.59549331665039, -4.859771251678467, 22.56497573852539, 14.166605949401855, 17.591426849365234, 13.842738151550293, 24.817472457885742, 25.66899871826172, 23.222976684570312, 22.588356018066406], "lowlevel.spectral_contrast_coeffs.mean": [-0.7295793890953064, -0.6549370288848877, -0.8012967705726624, -0.8093615174293518, -0.7872062921524048, -0.7190386652946472], "lowlevel.spectral_contrast_coeffs.stdev": [0.06523235887289047, 0.06743580102920532, 0.06596193462610245, 0.05234690383076668, 0.04797336459159851, 0.059299878776073456], "lowlevel.spectral_contrast_valleys.mean": [-6.28877067565918, -6.805731296539307, -7.4371418952941895, -7.951852321624756, -7.467709541320801, -10.182412147521973], "lowlevel.spectral_contrast_valleys.stdev": [0.713353157043457, 0.5585382580757141, 0.7025506496429443, 0.6835873126983643, 0.7348208427429199, 0.8036025762557983], "rhythm.beats_loudness_band_ratio.mean": [0.968476414680481, 0.003462368156760931, 0.010731695219874382, 0.011815240606665611, 0.00189173873513937, 0.005720112007111311], "rhythm.beats_loudness_band_ratio.stdev": [0.01672625169157982, 0.0038857620675116777, 0.0069709583185613155, 0.013995928689837456, 0.0020905029959976673, 0.00731579028069973], "tonal.hpcp.mean": [0.0027812111657112837, 0.006090114824473858, 0.01993808150291443, 0.0171876922249794, 0.006499606184661388, 0.014076954685151577, 0.00981837697327137, 0.0010791493114084005, 0.038221925497055054, 0.40490466356277466, 0.5090563893318176, 0.1514323651790619, 0.01980757899582386, 0.02197982184588909, 0.05479627475142479, 0.11071649938821793, 0.09878052771091461, 0.05584614723920822, 0.07491844147443771, 0.1575806587934494, 0.1332089602947235, 0.031121734529733658, 0.02233426459133625, 0.027786409482359886, 0.021866826340556145, 0.012791807763278484, 0.002080014441162348, 0.0008155890391208231, 0.0008187151979655027, 0.001857251743786037, 0.014735446311533451, 0.024103334173560143, 0.017647985368967056, 0.009047430008649826, 0.01016276329755783, 0.009055735543370247], "tonal.hpcp.stdev": [0.011104144155979156, 0.03577493131160736, 0.13303697109222412, 0.11354627460241318, 0.04993002116680145, 0.11121945083141327, 0.0859149619936943, 0.004468073602765799, 0.1299060583114624, 0.4137722849845886, 0.47078362107276917, 0.24843432009220123, 0.11297784000635147, 0.12881603837013245, 0.17951826751232147, 0.2916865348815918, 0.2577040493488312, 0.1931537687778473, 0.220156729221344, 0.3446029722690582, 0.30818164348602295, 0.13885515928268433, 0.1318645179271698, 0.15047436952590942, 0.13359448313713074, 0.09053223580121994, 0.011652319692075253, 0.0022634246852248907, 0.0021453446242958307, 0.004969089757651091, 0.0562269501388073, 0.10519786179065704, 0.10815803706645966, 0.06419435888528824, 0.08159682154655457, 0.07908358424901962], "rhythm.beats_position": [0.7082086205482483, 1.4280271530151367, 2.11301589012146, 2.774784564971924, 3.4365532398223877, 4.109931945800781, 4.7600908279418945, 5.433469295501709, 6.083628177642822, 6.733786582946777], "rhythm.bpm_histogram": [0.0, 0.0, 0.0, 0.0, 0.0, 0.0, 0.0, 0.0, 0.0, 0.0, 0.0, 0.0, 0.0, 0.0, 0.0, 0.0, 0.0, 0.0, 0.0, 0.0, 0.0, 0.0, 0.0, 0.0, 0.0, 0.0, 0.0, 0.0, 0.0, 0.0, 0.0, 0.0, 0.0, 0.0, 0.0, 0.0, 0.0, 0.0, 0.0, 0.0, 0.0, 0.0, 0.0, 0.0, 0.0, 0.0, 0.0, 0.0, 0.0, 0.0, 0.0, 0.0, 0.0, 0.0, 0.0, 0.0, 0.0, 0.0, 0.0, 0.0, 0.0, 0.0, 0.0, 0.0, 0.0, 0.0, 0.0, 0.0, 0.0, 0.0, 0.0, 0.0, 0.0, 0.0, 0.0, 0.0, 0.0, 0.0, 0.0, 0.0, 0.0, 0.0, 0.0, 0.1111111119389534, 0.0, 0.0, 0.0, 0.0, 0.1111111119389534, 0.2222222238779068, 0.0, 0.2222222238779068, 0.3333333432674408, 0.0, 0.0, 0.0, 0.0, 0.0, 0.0, 0.0, 0.0, 0.0, 0.0, 0.0, 0.0, 0.0, 0.0, 0.0, 0.0, 0.0, 0.0, 0.0, 0.0, 0.0, 0.0, 0.0, 0.0, 0.0, 0.0, 0.0, 0.0, 0.0, 0.0, 0.0, 0.0, 0.0, 0.0, 0.0, 0.0, 0.0, 0.0, 0.0, 0.0, 0.0, 0.0, 0.0, 0.0, 0.0, 0.0, 0.0, 0.0, 0.0, 0.0, 0.0, 0.0, 0.0, 0.0, 0.0, 0.0, 0.0, 0.0, 0.0, 0.0, 0.0, 0.0, 0.0, 0.0, 0.0, 0.0, 0.0, 0.0, 0.0, 0.0, 0.0, 0.0, 0.0, 0.0, 0.0, 0.0, 0.0, 0.0, 0.0, 0.0, 0.0, 0.0, 0.0, 0.0, 0.0, 0.0, 0.0, 0.0, 0.0, 0.0, 0.0, 0.0, 0.0, 0.0, 0.0, 0.0, 0.0, 0.0, 0.0, 0.0, 0.0, 0.0, 0.0, 0.0, 0.0, 0.0, 0.0, 0.0, 0.0, 0.0, 0.0, 0.0, 0.0, 0.0, 0.0, 0.0, 0.0, 0.0, 0.0, 0.0, 0.0, 0.0, 0.0, 0.0, 0.0, 0.0, 0.0, 0.0, 0.0, 0.0, 0.0, 0.0, 0.0, 0.0, 0.0, 0.0, 0.0, 0.0, 0.0, 0.0, 0.0, 0.0, 0.0, 0.0, 0.0, 0.0, 0.0, 0.0, 0.0, 0.0, 0.0, 0.0, 0.0, 0.0, 0.0, 0.0, 0.0], "tonal.chords_histogram": [15.584415435791016, 0.0, 0.0, 0.0, 0.0, 0.0, 10.389610290527344, 27.922077178955078, 0.0, 0.0, 0.0, 0.0, 0.0, 0.0, 0.0, 0.0, 0.0, 0.0, 0.0, 0.0, 0.0, 0.0, 1.948051929473877, 44.155845642089844], "tonal.thpcp": [1.0, 0.297476589679718, 0.038910381495952606, 0.04317757859826088, 0.10764283686876297, 0.21749357879161835, 0.19404633343219757, 0.10970522463321686, 0.14717119932174683, 0.30955442786216736, 0.26167818903923035, 0.06113612279295921, 0.043873850256204605, 0.05458414927124977, 0.042955607175827026, 0.025128468871116638, 0.004086019936949015, 0.0016021585324779153, 0.0016082996735349298, 0.003648420562967658, 0.028946589678525925, 0.04734904691576958, 0.03466803580522537, 0.017772942781448364, 0.01996392384171486, 0.017789257690310478, 0.005463463719934225, 0.011963536962866783, 0.03916674479842186, 0.0337638258934021, 0.012767949141561985, 0.027653036639094353, 0.019287405535578728, 0.002119901357218623, 0.07508387416601181, 0.7954024076461792], "lowlevel.gfcc.cov": [[2695.71484375, -404.4681091308594, -400.36688232421875, 411.4466247558594, -159.90342712402344, 254.6204376220703, -50.266902923583984, -108.30355834960938, -89.2312240600586, -32.257049560546875, -81.2437515258789, 70.50794219970703, -25.436418533325195], [-404.4681091308594, 1163.0726318359375, -24.23345375061035, -578.5074462890625, 331.92822265625, -112.75052642822266, 25.348209381103516, -127.89713287353516, -130.8885040283203, -138.26148986816406, 127.53565216064453, -106.9535903930664, 148.85752868652344], [-400.36688232421875, -24.23345375061035, 769.2960205078125, 36.147762298583984, -142.2751007080078, -93.54010772705078, -58.511051177978516, 12.841385841369629, 48.327178955078125, 71.14502716064453, -61.35575866699219, 23.1213321685791, -90.76788330078125], [411.4466247558594, -578.5074462890625, 36.147762298583984, 732.5239868164062, -157.90371704101562, -125.0916976928711, -115.00977325439453, 17.151405334472656, 51.73600387573242, -12.024809837341309, -42.67266082763672, 8.126636505126953, -22.084810256958008], [-159.90342712402344, 331.92822265625, -142.2751007080078, -157.90371704101562, 298.616455078125, -55.314388275146484, -44.25978088378906, -31.593090057373047, -50.73743438720703, -48.38492965698242, 13.310036659240723, -40.04802322387695, 47.376365661621094], [254.6204376220703, -112.75052642822266, -93.54010772705078, -125.0916976928711, -55.314388275146484, 269.8575439453125, 88.2376708984375, -44.499027252197266, -28.657520294189453, 16.91132354736328, -13.634892463684082, -5.153570652008057, -37.91780471801758], [-50.266902923583984, 25.348209381103516, -58.511051177978516, -115.00977325439453, -44.25978088378906, 88.2376708984375, 227.27865600585938, 48.31426239013672, -2.954784870147705, 28.04217529296875, 83.44193267822266, 1.7179064750671387, 4.182107925415039], [-108.30355834960938, -127.89713287353516, 12.841385841369629, 17.151405334472656, -31.593090057373047, -44.499027252197266, 48.31426239013672, 176.57054138183594, 103.48821258544922, 30.78228187561035, 13.604796409606934, 8.732022285461426, 2.844188928604126], [-89.2312240600586, -130.8885040283203, 48.327178955078125, 51.73600387573242, -50.73743438720703, -28.657520294189453, -2.954784870147705, 103.48821258544922, 190.87225341796875, 92.09146118164062, -8.697150230407715, -21.73760223388672, -5.804527282714844], [-32.257049560546875, -138.26148986816406, 71.14502716064453, -12.024809837341309, -48.38492965698242, 16.91132354736328, 28.04217529296875, 30.78228187561035, 92.09146118164062, 139.8926544189453, -11.279280662536621, -8.69986629486084, -33.4393310546875], [-81.2437515258789, 127.53565216064453, -61.35575866699219, -42.67266082763672, 13.310036659240723, -13.634892463684082, 83.44193267822266, 13.604796409606934, -8.697150230407715, -11.279280662536621, 118.51387023925781, -4.950368404388428, 32.085567474365234], [70.50794219970703, -106.9535903930664, 23.1213321685791, 8.126636505126953, -40.04802322387695, -5.153570652008057, 1.7179064750671387, 8.732022285461426, -21.73760223388672, -8.69986629486084, -4.950368404388428, 108.04769134521484, -19.385766983032227], [-25.436418533325195, 148.85752868652344, -90.76788330078125, -22.084810256958008, 47.376365661621094, -37.91780471801758, 4.182107925415039, 2.844188928604126, -5.804527282714844, -33.4393310546875, 32.085567474365234, -19.385766983032227, 96.94076538085938]], "lowlevel.gfcc.icov": [[0.0007903812802396715, -0.0016343278111889958, 0.0007182474946603179, -0.0018213980365544558, 0.0007023799116723239, -0.0020157855469733477, 0.0006912944372743368, -0.0014018607325851917, 0.0009619639022275805, -0.001806698739528656, 0.0010441273916512728, -0.0016789265209808946, 0.0006071854149922729], [-0.0016343278111889958, 0.012030811049044132, -0.0032043440733104944, 0.010518701747059822, -0.004147224128246307, 0.010061410255730152, -0.003246070584282279, 0.010587911121547222, -0.004923432599753141, 0.011612452566623688, -0.006493319757282734, 0.009590464644134045, -0.005937162321060896], [0.0007182474946603179, -0.0032043440733104944, 0.0029447695706039667, -0.0024896080140024424, 0.002404221799224615, -0.001545029110275209, 0.001144162379205227, -0.0025041792541742325, 0.0015064901672303677, -0.003572362009435892, 0.0024290625005960464, -0.0023956005461513996, 0.003118677530437708], [-0.0018213980365544558, 0.010518701747059822, -0.0024896080140024424, 0.011601747013628483, -0.0019879653118550777, 0.010618376545608044, -0.0022517892066389322, 0.009486452676355839, -0.004891802091151476, 0.010970566421747208, -0.005527981091290712, 0.009189225733280182, -0.004215619992464781], [0.0007023799116723239, -0.004147224128246307, 0.002404221799224615, -0.0019879653118550777, 0.007494037039577961, -0.0014788100961595774, 0.0026405323296785355, -0.003539853263646364, 0.00293259066529572, -0.0036497549153864384, 0.002279226202517748, -0.0012144643114879727, 0.0020192617084831], [-0.0020157855469733477, 0.010061410255730152, -0.001545029110275209, 0.010618376545608044, -0.0014788100961595774, 0.01642138697206974, -0.0061845676973462105, 0.01153775304555893, -0.005025592632591724, 0.010654854588210583, -0.002570659853518009, 0.009616979397833347, -0.0017837589839473367], [0.0006912944372743368, -0.003246070584282279, 0.001144162379205227, -0.0022517892066389322, 0.0026405323296785355, -0.0061845676973462105, 0.011159807443618774, -0.007220050320029259, 0.0048773386515676975, -0.006306428927928209, -0.004904869012534618, -0.0022142399102449417, 0.0010423603234812617], [-0.0014018607325851917, 0.010587911121547222, -0.0025041792541742325, 0.009486452676355839, -0.003539853263646364, 0.01153775304555893, -0.007220050320029259, 0.020646464079618454, -0.01185963861644268, 0.013384325429797173, -0.003946878015995026, 0.00663805054500699, -0.0043204957619309425], [0.0009619639022275805, -0.004923432599753141, 0.0015064901672303677, -0.004891802091151476, 0.00293259066529572, -0.005025592632591724, 0.0048773386515676975, -0.01185963861644268, 0.01595025323331356, -0.012904305011034012, 0.0017463891999796033, -0.0013887938112020493, 0.0004953491152264178], [-0.001806698739528656, 0.011612452566623688, -0.003572362009435892, 0.010970566421747208, -0.0036497549153864384, 0.010654854588210583, -0.006306428927928209, 0.013384325429797173, -0.012904305011034012, 0.024974549189209938, -0.0047242240980267525, 0.009628602303564548, -0.001989218173548579], [0.0010441273916512728, -0.006493319757282734, 0.0024290625005960464, -0.005527981091290712, 0.002279226202517748, -0.002570659853518009, -0.004904869012534618, -0.003946878015995026, 0.0017463891999796033, -0.0047242240980267525, 0.01796436868607998, -0.005125392694026232, 0.0009719686349853873], [-0.0016789265209808946, 0.009590464644134045, -0.0023956005461513996, 0.009189225733280182, -0.0012144643114879727, 0.009616979397833347, -0.0022142399102449417, 0.00663805054500699, -0.0013887938112020493, 0.009628602303564548, -0.005125392694026232, 0.01901712454855442, -0.0023233024403452873], [0.0006071854149922729, -0.005937162321060896, 0.003118677530437708, -0.004215619992464781, 0.0020192617084831, -0.0017837589839473367, 0.0010423603234812617, -0.0043204957619309425, 0.0004953491152264178, -0.001989218173548579, 0.0009719686349853873, -0.0023233024403452873, 0.01850583776831627]], "lowlevel.mfcc.cov": [[3319.671142578125, -898.4857788085938, -288.65643310546875, 102.95890808105469, -76.9395523071289, 283.19525146484375, -11.622754096984863, 105.97590637207031, -68.3666763305664, -16.936965942382812, -118.78072357177734, -67.2755126953125, -40.51184844970703], [-898.4857788085938, 1739.781982421875, -295.14520263671875, -462.2788391113281, 130.1606903076172, -126.86529541015625, 228.8567657470703, -123.61441040039062, -54.860572814941406, -92.1716537475586, -62.87849044799805, -90.38703918457031, -95.82823181152344], [-288.65643310546875, -295.14520263671875, 745.75732421875, 156.1502227783203, -96.50372314453125, 12.559866905212402, -126.34335327148438, -11.114538192749023, -0.35707348585128784, 29.972501754760742, 57.07110595703125, 18.27693748474121, 59.672706604003906], [102.95890808105469, -462.2788391113281, 156.1502227783203, 572.8958740234375, 84.859619140625, -107.05007934570312, -136.85874938964844, -21.860206604003906, -26.62411880493164, -30.525136947631836, -30.091800689697266, 55.88977813720703, 33.46754455566406], [-76.9395523071289, 130.1606903076172, -96.50372314453125, 84.859619140625, 250.02244567871094, -46.043495178222656, -74.53138732910156, -49.98688507080078, -0.1711198091506958, -20.30507469177246, -53.29018783569336, -1.8779072761535645, -62.13399887084961], [283.19525146484375, -126.86529541015625, 12.559866905212402, -107.05007934570312, -46.043495178222656, 223.6895294189453, 23.130704879760742, -22.526371002197266, -36.401702880859375, 18.784927368164062, -5.440124034881592, -38.76150131225586, -18.33674430847168], [-11.622754096984863, 228.8567657470703, -126.34335327148438, -136.85874938964844, -74.53138732910156, 23.130704879760742, 236.5839080810547, 38.19309997558594, -34.74858474731445, -24.678558349609375, -17.168231964111328, -7.532354831695557, -0.8911997079849243], [105.97590637207031, -123.61441040039062, -11.114538192749023, -21.860206604003906, -49.98688507080078, -22.526371002197266, 38.19309997558594, 127.6232681274414, 7.55754280090332, -35.65908432006836, 11.831433296203613, 14.232145309448242, 19.96354103088379], [-68.3666763305664, -54.860572814941406, -0.35707348585128784, -26.62411880493164, -0.1711198091506958, -36.401702880859375, -34.74858474731445, 7.55754280090332, 143.77842712402344, 58.768524169921875, 29.841367721557617, 45.69740676879883, 28.438032150268555], [-16.936965942382812, -92.1716537475586, 29.972501754760742, -30.525136947631836, -20.30507469177246, 18.784927368164062, -24.678558349609375, -35.65908432006836, 58.768524169921875, 123.9578628540039, 53.171260833740234, 20.210451126098633, 18.848173141479492], [-118.78072357177734, -62.87849044799805, 57.07110595703125, -30.091800689697266, -53.29018783569336, -5.440124034881592, -17.168231964111328, 11.831433296203613, 29.841367721557617, 53.171260833740234, 119.74883270263672, 40.86225509643555, 35.47153854370117], [-67.2755126953125, -90.38703918457031, 18.27693748474121, 55.88977813720703, -1.8779072761535645, -38.76150131225586, -7.532354831695557, 14.232145309448242, 45.69740676879883, 20.210451126098633, 40.86225509643555, 120.71784973144531, 43.582279205322266], [-40.51184844970703, -95.82823181152344, 59.672706604003906, 33.46754455566406, -62.13399887084961, -18.33674430847168, -0.8911997079849243, 19.96354103088379, 28.438032150268555, 18.848173141479492, 35.47153854370117, 43.582279205322266, 82.57078552246094]], "lowlevel.mfcc.icov": [[0.0004604232672136277, 0.00018925069889519364, 0.00027941801818087697, -9.928238432621583e-05, 0.0001987840951187536, -0.000480582588352263, 0.0001396464358549565, -0.00037341954885050654, 0.00011864285625051707, -0.0001669308403506875, 0.0004955729236826301, 5.6245724408654496e-05, 0.00017315744480583817], [0.00018925069889519364, 0.0018699269276112318, 2.1418130927486345e-05, 0.0017642589518800378, -0.000998697360046208, 0.0018628374673426151, -0.0014960099942982197, 0.002841470530256629, 0.00023547829187009484, 0.0018618610920384526, -0.00028262726846151054, 0.0006128146196715534, -0.00021666749671567231], [0.00027941801818087697, 2.1418130927486345e-05, 0.001963589573279023, -0.0005519981496036053, 0.001112965401262045, -0.0005686553195118904, 0.0011826540576294065, -0.00017745376680977643, 0.00032258772989735007, -0.000196764653082937, -5.381875962484628e-05, 0.00012387099559418857, -0.00037493702257052064], [-9.928238432621583e-05, 0.0017642589518800378, -0.0005519981496036053, 0.004689821042120457, -0.0016722084255889058, 0.003256857628002763, -0.0001755785633577034, 0.00324997678399086, 0.0017537579406052828, 0.0019327333429828286, 0.0008451014873571694, -0.0008195607806555927, -0.001801519189029932], [0.0001987840951187536, -0.000998697360046208, 0.001112965401262045, -0.0016722084255889058, 0.008319932967424393, -0.00021105589985381812, 0.003245183965191245, -7.482142245862633e-05, -0.0004410225374158472, -0.0006843695300631225, 0.002443843986839056, -0.0023100469261407852, 0.005556424614042044], [-0.000480582588352263, 0.0018628374673426151, -0.0005686553195118904, 0.003256857628002763, -0.00021105589985381812, 0.008743072859942913, -0.0014954624930396676, 0.004559129010885954, 0.002049046801403165, 0.0007539659272879362, -1.314091423409991e-05, 0.00085100979777053, 0.00036004724097438157], [0.0001396464358549565, -0.0014960099942982197, 0.0011826540576294065, -0.0001755785633577034, 0.003245183965191245, -0.0014954624930396676, 0.008203239180147648, -0.0036551819648593664, 0.0021082963794469833, -0.0019042191561311483, 0.002598418388515711, -0.002106870524585247, 0.0003352804924361408], [-0.00037341954885050654, 0.002841470530256629, -0.00017745376680977643, 0.00324997678399086, -7.482142245862633e-05, 0.004559129010885954, -0.0036551819648593664, 0.0161826740950346, -0.0017751738196238875, 0.00836900807917118, -0.0029776133596897125, 0.0005445622373372316, -0.0013776731211692095], [0.00011864285625051707, 0.00023547829187009484, 0.00032258772989735007, 0.0017537579406052828, -0.0004410225374158472, 0.002049046801403165, 0.0021082963794469833, -0.0017751738196238875, 0.011806412599980831, -0.005616519600152969, 0.0021403422579169273, -0.003124774666503072, -0.0020916617941111326], [-0.0001669308403506875, 0.0018618610920384526, -0.000196764653082937, 0.0019327333429828286, -0.0006843695300631225, 0.0007539659272879362, -0.0019042191561311483, 0.00836900807917118, -0.005616519600152969, 0.017056668177247047, -0.0063347481191158295, 0.00129212555475533, -0.0008735578157939017], [0.0004955729236826301, -0.00028262726846151054, -5.381875962484628e-05, 0.0008451014873571694, 0.002443843986839056, -1.314091423409991e-05, 0.002598418388515711, -0.0029776133596897125, 0.0021403422579169273, -0.0063347481191158295, 0.01472561527043581, -0.004040406551212072, -0.0012889982899650931], [5.6245724408654496e-05, 0.0006128146196715534, 0.00012387099559418857, -0.0008195607806555927, -0.0023100469261407852, 0.00085100979777053, -0.002106870524585247, 0.0005445622373372316, -0.003124774666503072, 0.00129212555475533, -0.004040406551212072, 0.013419782742857933, -0.005288471933454275], [0.00017315744480583817, -0.00021666749671567231, -0.00037493702257052064, -0.001801519189029932, 0.005556424614042044, 0.00036004724097438157, 0.0003352804924361408, -0.0013776731211692095, -0.0020916617941111326, -0.0008735578157939017, -0.0012889982899650931, -0.005288471933454275, 0.021808186545968056]], "metadata.audio_properties.analysis.downmix": "mix", "metadata.audio_properties.codec": "mp3", "metadata.audio_properties.md5_encoded": "455d653e736e1cd183ab6bfb33c39e5e", "metadata.tags.file_name": "1183720030991548436.mp3", "metadata.version.essentia": "2.1-beta6-dev", "metadata.version.essentia_git_sha": "v2.1_beta5-1110-g77a6a954", "metadata.version.extractor": "music 2.0", "tonal.chords_key": "Ab", "tonal.chords_scale": "major", "tonal.key_edma.key": "F", "tonal.key_edma.scale": "minor", "tonal.key_krumhansl.key": "F", "tonal.key_krumhansl.scale": "minor", "tonal.key_temperley.key": "C", "tonal.key_temperley.scale": "minor", "metadata.tags.encoding": ["Lavf58.45.100"]}, "essentia_models": [{"model_name": "genre_dortmund", "activations": {"alternative": "0.0006318039", "blues": "9.251671e-06", "electronic": "0.09003897", "folkcountry": "3.899691e-06", "funksoulrnb": "0.0005501184", "jazz": "0.000102324106", "pop": "0.0004050165", "raphiphop": "0.84375226", "rock": "0.0005023409"}}, {"model_name": "genre_rosamerica", "activations": {"classic": "0.00023392901", "dance": "8.6606924e-05", "hip hop": "0.91413695", "jazz": "5.1171788e-05", "pop": "0.00193867", "rhythm and blues": "0.013442187", "rock": "0.0012619446", "speech": "0.0059581175"}}, {"model_name": "genre_tzanetakis", "activations": {"blues": "2.897266e-05", "classic": "0.0004787019", "country": "2.3685066e-05", "disco": "0.00021683107", "hip hop": "0.6597518", "jazz": "0.00011712383", "metal": "0.00064047554", "pop": "0.005274959", "reggae": "0.008926192", "rock": "0.0048410567"}}, {"model_name": "genre_electronic", "activations": {"ambient": "0.245238", "dnb": "0.45367193", "house": "0.15733817", "techno": "0.4756986", "trance": "0.01197707"}}, {"model_name": "mood_acoustic", "activations": {"acoustic": "0.002573758", "not acoustic": "0.86233115"}}, {"model_name": "mood_electroni