{"song_id": "1183686025281798164", "download": "https://cdn.discordapp.com/attachments/1135911532732108921/1183686025281798164/chirp.mp4?ex=65893c84&amp", "lyrics": "\u0422\u0430\u043a \u0420\u0443\u0441\u043b\u0430\u043d \u0436\u0435 - \u0414\u0435\u0434 \u041c\u043e\u0440\u043e\u0437!\n\u041f\u0443\u0448\u043a\u0443 \u043d\u0430\u043c \u0441\u0435\u0433\u043e\u0434\u043d\u044f \u0432\u0432\u0435\u0437! \n\n\u041c\u043e\u0436\u0435\u0442 \u0441\u0442\u043e\u0438\u0442 \u043f\u043e\u043f\u0440\u043e\u0441\u0438\u0442\u044c?\n\u0427\u0442\u043e\u0431 \u0437\u0430\u0440\u043f\u043b\u0430\u0442\u0443 \u0432\u043e\u0437\u0440\u0430\u0441\u0442\u0438\u0442\u044c!\n\n\u0427\u0442\u043e\u0431\u044b \u043a\u044d\u0444\u044b \u0432\u0441\u0435 \u0438\u043a\u0441 \u0434\u0432\u0430!\n\u0417\u0430\u0441\u043b\u0443\u0436\u0438\u043b\u0430 \u0440\u0435\u0431\u044f\u0442\u043d\u044f!\n\n\u041d\u0443, \u043a\u043e\u043b\u043b\u0435\u0433\u0438, \u0436\u043c\u0435\u043c \u043b\u0430\u0439\u043a\u043e\u0441 \n\u041a\u0442\u043e \u043c\u0435\u0447\u0442\u0430\u0435\u0442 \u0437\u0430 \u043f\u0440\u0438\u0440\u043e\u0441\u0442", "style": ["hardbass"], "essentia_features": {"lowlevel.average_loudness": 0.835910439491272, "lowlevel.barkbands_crest.mean": 13.785956382751465, "lowlevel.barkbands_crest.stdev": 5.144205093383789, "lowlevel.barkbands_flatness_db.mean": 0.17013634741306305, "lowlevel.barkbands_flatness_db.stdev": 0.06580764800310135, "lowlevel.barkbands_kurtosis.mean": 22.988157272338867, "lowlevel.barkbands_kurtosis.stdev": 36.575923919677734, "lowlevel.barkbands_skewness.mean": 3.5841150283813477, "lowlevel.barkbands_skewness.stdev": 2.9384968280792236, "lowlevel.barkbands_spread.mean": 20.419010162353516, "lowlevel.barkbands_spread.stdev": 15.504408836364746, "lowlevel.dissonance.mean": 0.4869990050792694, "lowlevel.dissonance.stdev": 0.014807503670454025, "lowlevel.dynamic_complexity": 5.83261775970459, "lowlevel.erbbands_crest.mean": 8.25743293762207, "lowlevel.erbbands_crest.stdev": 3.8810272216796875, "lowlevel.erbbands_flatness_db.mean": 0.12136010825634003, "lowlevel.erbbands_flatness_db.stdev": 0.03992404043674469, "lowlevel.erbbands_kurtosis.mean": -0.4757952392101288, "lowlevel.erbbands_kurtosis.stdev": 1.4685364961624146, "lowlevel.erbbands_skewness.mean": -0.13162370026111603, "lowlevel.erbbands_skewness.stdev": 0.676138162612915, "lowlevel.erbbands_spread.mean": 80.9061050415039, "lowlevel.erbbands_spread.stdev": 34.467655181884766, "lowlevel.hfc.mean": 14.461784362792969, "lowlevel.hfc.stdev": 12.017741203308105, "lowlevel.loudness_ebu128.integrated": -11.403812408447266, "lowlevel.loudness_ebu128.loudness_range": 18.366416931152344, "lowlevel.loudness_ebu128.momentary.mean": -15.256854057312012, "lowlevel.loudness_ebu128.momentary.stdev": 7.375643253326416, "lowlevel.loudness_ebu128.short_term.mean": -14.467037200927734, "lowlevel.loudness_ebu128.short_term.stdev": 6.053872585296631, "lowlevel.melbands_crest.mean": 19.586467742919922, "lowlevel.melbands_crest.stdev": 6.643613338470459, "lowlevel.melbands_flatness_db.mean": 0.24388551712036133, "lowlevel.melbands_flatness_db.stdev": 0.09586431086063385, "lowlevel.melbands_kurtosis.mean": 104.64816284179688, "lowlevel.melbands_kurtosis.stdev": 135.69078063964844, "lowlevel.melbands_skewness.mean": 7.5194196701049805, "lowlevel.melbands_skewness.stdev": 5.0044026374816895, "lowlevel.melbands_spread.mean": 19.512596130371094, "lowlevel.melbands_spread.stdev": 28.097089767456055, "lowlevel.pitch_salience.mean": 0.47158488631248474, "lowlevel.pitch_salience.stdev": 0.17187152802944183, "lowlevel.silence_rate_20dB.mean": 1.0, "lowlevel.silence_rate_20dB.stdev": 0.0, "lowlevel.silence_rate_30dB.mean": 0.9368482232093811, "lowlevel.silence_rate_30dB.stdev": 0.2432364970445633, "lowlevel.silence_rate_60dB.mean": 0.21668598055839539, "lowlevel.silence_rate_60dB.stdev": 0.4119942784309387, "lowlevel.spectral_centroid.mean": 1464.7530517578125, "lowlevel.spectral_centroid.stdev": 914.4474487304688, "lowlevel.spectral_complexity.mean": 8.231170654296875, "lowlevel.spectral_complexity.stdev": 7.8638739585876465, "lowlevel.spectral_decrease.mean": -1.1514216247121567e-08, "lowlevel.spectral_decrease.stdev": 1.1768929830680008e-08, "lowlevel.spectral_energy.mean": 0.044769104570150375, "lowlevel.spectral_energy.stdev": 0.04517647251486778, "lowlevel.spectral_energyband_high.mean": 0.0009265605476684868, "lowlevel.spectral_energyband_high.stdev": 0.0009232742595486343, "lowlevel.spectral_energyband_low.mean": 0.034507133066654205, "lowlevel.spectral_energyband_low.stdev": 0.040852926671504974, "lowlevel.spectral_energyband_middle_high.mean": 0.001324457349255681, "lowlevel.spectral_energyband_middle_high.stdev": 0.0020003849640488625, "lowlevel.spectral_energyband_middle_low.mean": 0.011186070740222931, "lowlevel.spectral_energyband_middle_low.stdev": 0.020190395414829254, "lowlevel.spectral_entropy.mean": 7.905865669250488, "lowlevel.spectral_entropy.stdev": 0.30511391162872314, "lowlevel.spectral_flux.mean": 0.12208595126867294, "lowlevel.spectral_flux.stdev": 0.10114717483520508, "lowlevel.spectral_kurtosis.mean": 1.969580888748169, "lowlevel.spectral_kurtosis.stdev": 1.144555687904358, "lowlevel.spectral_rms.mean": 0.005514063872396946, "lowlevel.spectral_rms.stdev": 0.00364311458542943, "lowlevel.spectral_rolloff.mean": 1264.2532958984375, "lowlevel.spectral_rolloff.stdev": 2159.6337890625, "lowlevel.spectral_skewness.mean": 1.064376950263977, "lowlevel.spectral_skewness.stdev": 0.2603757679462433, "lowlevel.spectral_spread.mean": 6098691.5, "lowlevel.spectral_spread.stdev": 1534192.625, "lowlevel.spectral_strongpeak.mean": 0.5879610776901245, "lowlevel.spectral_strongpeak.stdev": 0.5037168264389038, "lowlevel.zerocrossingrate.mean": 0.06913989037275314, "lowlevel.zerocrossingrate.stdev": 0.0557154156267643, "metadata.audio_properties.analysis.equal_loudness": 0.0, "metadata.audio_properties.analysis.length": 40.04265213012695, "metadata.audio_properties.analysis.sample_rate": 44100.0, "metadata.audio_properties.analysis.start_time": 0.0, "metadata.audio_properties.bit_rate": 122898.0, "metadata.audio_properties.length": 40.042667388916016, "metadata.audio_properties.lossless": 0.0, "metadata.audio_properties.number_channels": 1.0, "metadata.audio_properties.replay_gain": -13.968521118164062, "metadata.audio_properties.sample_rate": 48000.0, "rhythm.beats_count": 67.0, "rhythm.beats_loudness.mean": 0.031002823263406754, "rhythm.beats_loudness.stdev": 0.02710687182843685, "rhythm.bpm": 103.98178100585938, "rhythm.bpm_histogram_first_peak_bpm": 103.0, "rhythm.bpm_histogram_first_peak_weight": 0.2950819730758667, "rhythm.bpm_histogram_second_peak_bpm": 88.0, "rhythm.bpm_histogram_second_peak_spread": 0.19999998807907104, "rhythm.bpm_histogram_second_peak_weight": 0.06060606241226196, "rhythm.danceability": 1.0051199197769165, "rhythm.onset_rate": 5.16796875, "tonal.chords_changes_rate": 0.11342592537403107, "tonal.chords_number_rate": 0.013888888992369175, "tonal.chords_strength.mean": 0.49202075600624084, "tonal.chords_strength.stdev": 0.07177734375, "tonal.hpcp_crest.mean": 9.983866691589355, "tonal.hpcp_crest.stdev": 5.625583648681641, "tonal.hpcp_entropy.mean": 2.8631205558776855, "tonal.hpcp_entropy.stdev": 0.8418398499488831, "tonal.key_edma.strength": 0.543752133846283, "tonal.key_krumhansl.strength": 0.5315076112747192, "tonal.key_temperley.strength": 0.5104246139526367, "tonal.tuning_diatonic_strength": 0.4701257050037384, "tonal.tuning_equal_tempered_deviation": 0.30831047892570496, "tonal.tuning_frequency": 434.193115234375, "tonal.tuning_nontempered_energy_ratio": 0.9264864325523376, "lowlevel.barkbands.mean": [0.0013981601223349571, 0.014610952697694302, 0.015335544012486935, 0.004952377639710903, 0.0051233842968940735, 0.0004861332708969712, 0.00016953705926425755, 0.00016251213673967868, 0.0002738802577368915, 7.996225758688524e-05, 0.0001368621306028217, 0.00010608715092530474, 0.00016774442337919027, 8.865092968335375e-05, 0.00010810080129886046, 0.00014839658979326487, 0.00014580432616639882, 0.00012697704369202256, 0.00013569649308919907, 0.00019252965284977108, 0.00019749360217247158, 0.00020444433903321624, 0.00013189493620302528, 0.00011036342766601592, 0.00010126246343133971, 7.08634834154509e-05, 3.464590690782643e-06], "lowlevel.barkbands.stdev": [0.001665532705374062, 0.0283486470580101, 0.021525412797927856, 0.00677340105175972, 0.016541199758648872, 0.0018725368427112699, 0.001158113474957645, 0.0007467449177056551, 0.001375605002976954, 0.00043947619269602, 0.0006372699281200767, 0.00046831913641653955, 0.0008998987032100558, 0.00023621576838195324, 0.00029635021928697824, 0.00021142301557119936, 0.00016244362632278353, 0.00015809628530405462, 0.00015786207222845405, 0.0002123941812897101, 0.00022961507784202695, 0.0002468691091053188, 0.00016415577556472272, 0.00014297205780167133, 0.00011698943126248196, 8.468855958199129e-05, 6.040825155650964e-06], "lowlevel.erbbands.mean": [0.45840147137641907, 3.2823052406311035, 14.746848106384277, 20.512104034423828, 19.182903289794922, 14.017852783203125, 5.322377681732178, 3.6616861820220947, 2.899385452270508, 2.289473056793213, 4.287895202636719, 7.13114070892334, 2.4916837215423584, 3.710531234741211, 6.308812618255615, 4.668603897094727, 7.247277736663818, 5.3173627853393555, 5.581625938415527, 5.724853992462158, 9.232665061950684, 8.439363479614258, 6.854260444641113, 6.888999938964844, 7.3119025230407715, 8.806343078613281, 9.175036430358887, 7.20803165435791, 7.688196659088135, 5.2621283531188965, 3.5002553462982178, 2.429165840148926, 1.805668592453003, 1.1963298320770264, 0.6839485168457031, 0.3425913453102112, 0.12934787571430206, 0.017920436337590218, 0.0004688730405177921, 6.463051249738783e-05], "lowlevel.erbbands.stdev": [0.8183450102806091, 6.38769006729126, 22.291690826416016, 22.627775192260742, 49.86199951171875, 47.74071502685547, 15.567481994628906, 16.932777404785156, 20.415992736816406, 8.373427391052246, 18.106033325195312, 37.144893646240234, 9.558043479919434, 19.38555908203125, 28.402006149291992, 21.015216827392578, 40.427513122558594, 16.792892456054688, 14.468771934509277, 12.858439445495605, 13.460508346557617, 9.017786026000977, 8.102636337280273, 7.784554958343506, 8.755626678466797, 9.303565979003906, 10.594253540039062, 8.635771751403809, 9.473886489868164, 6.399438858032227, 4.471961498260498, 3.2213683128356934, 2.334580183029175, 1.4865731000900269, 0.7930523157119751, 0.40803080797195435, 0.16220997273921967, 0.02365168184041977, 0.0006484573823399842, 5.4764183005318046e-05], "lowlevel.gfcc.mean": [-56.82810592651367, 41.55412673950195, -88.64417266845703, 70.62290954589844, -37.39201354980469, 26.64887809753418, -40.20608139038086, 4.337389945983887, -30.471683502197266, 2.2406156063079834, -24.95589256286621, 1.4882733821868896, -13.80027961730957], "lowlevel.melbands.mean": [0.004071228671818972, 0.006488669663667679, 0.0034329022746533155, 0.0012963908957317472, 0.00022068354883231223, 8.241137402364984e-05, 4.156169597990811e-05, 2.639859121700283e-05, 3.799144542426802e-05, 4.263355003786273e-05, 1.0829136954271235e-05, 1.3886477972846478e-05, 2.040497201960534e-05, 1.4447931789618451e-05, 1.1904742677870672e-05, 1.644633084652014e-05, 9.004961611935869e-06, 8.771932698437013e-06, 7.995457053766586e-06, 7.941567673697136e-06, 1.1497288141981699e-05, 8.899815838958602e-06, 6.999685410846723e-06, 5.672326551575679e-06, 5.544198756979313e-06, 5.013973805034766e-06, 5.783252163382713e-06, 5.815845270262798e-06, 6.091272098274203e-06, 4.763342076330446e-06, 3.963609742640983e-06, 4.6138725338096265e-06, 3.5853140616382007e-06, 2.6590421384753427e-06, 2.0349891656223917e-06, 1.7163017673738068e-06, 1.4178460787661606e-06, 1.3061497838862124e-06, 1.095880065804522e-06, 9.75913167167164e-07], "lowlevel.melbands.stdev": [0.007620492484420538, 0.008882734924554825, 0.0035807208623737097, 0.004145479295402765, 0.0006280711386352777, 0.0003609850537031889, 0.00028691251645796, 0.00010677544196369126, 0.00016357729327864945, 0.00022486514353659004, 4.453067958820611e-05, 8.01521964604035e-05, 9.48160159168765e-05, 6.381369894370437e-05, 6.432965892599896e-05, 8.703177445568144e-05, 2.793591374938842e-05, 2.4674454834894277e-05, 2.2569905922864564e-05, 1.1813104720204137e-05, 1.740700645314064e-05, 1.029051509249257e-05, 8.766325663600583e-06, 6.984742867643945e-06, 6.485669473477174e-06, 6.266694526857464e-06, 6.96440520187025e-06, 6.371737072186079e-06, 7.406417353195138e-06, 5.660967872245237e-06, 5.0715439101622906e-06, 6.020286036800826e-06, 4.460729542188346e-06, 3.368091711308807e-06, 2.6307009193260456e-06, 2.3630943815078354e-06, 1.950373643921921e-06, 1.7369826537105837e-06, 1.4505679928333848e-06, 1.2268967566342326e-06], "lowlevel.melbands128.mean": [0.0010922766523435712, 0.003716123756021261, 0.0051164450123906136, 0.005171285010874271, 0.006989265792071819, 0.007609466090798378, 0.004536906257271767, 0.001902664196677506, 0.0019923860672861338, 0.0016830416861921549, 0.0005752246943302453, 0.00023722904734313488, 0.00016950405552051961, 0.00012060524750268087, 8.599545253673568e-05, 5.997636617394164e-05, 4.731424996862188e-05, 4.520528091234155e-05, 2.4216316887759604e-05, 2.1185285731917247e-05, 2.9010559956077486e-05, 3.551325426087715e-05, 3.4298995160497725e-05, 4.446012098924257e-05, 6.130943802418187e-05, 3.7312478525564075e-05, 1.2715880075120367e-05, 8.35618902783608e-06, 6.4098094298969954e-06, 1.5899715435807593e-05, 1.5413801520480774e-05, 1.2488480933825485e-05, 2.4561175450799055e-05, 2.412653157080058e-05, 1.3017557648709044e-05, 1.5115227142814547e-05, 1.0410736649646424e-05, 6.999056950007798e-06, 1.715362668619491e-05, 1.7747566744219512e-05, 1.817254269553814e-05, 1.2077452993253246e-05, 7.399633432214614e-06, 8.287487617053557e-06, 8.541774150216952e-06, 8.908683412300888e-06, 9.275522643292788e-06, 7.815973731339909e-06, 7.980157533893362e-06, 6.725845651089912e-06, 7.297237061720807e-06, 9.503165529167745e-06, 1.2688986316788942e-05, 1.2252541637280956e-05, 8.96672918315744e-06, 9.234461685991846e-06, 8.282054295705166e-06, 6.970808044570731e-06, 7.066884791129269e-06, 5.705498551833443e-06, 5.324613539414713e-06, 5.847743523190729e-06, 6.0251063587202225e-06, 5.424820756161353e-06, 4.765639459947124e-06, 4.983952294423943e-06, 5.159522061148891e-06, 5.242638508207165e-06, 6.048791419743793e-06, 6.563871920661768e-06, 5.057202542957384e-06, 5.734161277359817e-06, 7.009062301222002e-06, 6.1031901168462355e-06, 5.167531071492704e-06, 5.156300176167861e-06, 4.4438866098062135e-06, 3.843913418677403e-06, 3.7104066450410755e-06, 4.113593604415655e-06, 5.158289241080638e-06, 4.700632871390553e-06, 3.791682047449285e-06, 3.783496140385978e-06, 2.9865841497667134e-06, 2.9087661914672935e-06, 2.4884029699023813e-06, 2.26965812544222e-06, 1.98145517060766e-06, 1.8945124793390278e-06, 1.8989904901900445e-06, 1.7002557797241025e-06, 1.358243480353849e-06, 1.3701193211090867e-06, 1.4862499710943666e-06, 1.41631574024359e-06, 1.1767970136133954e-06, 1.3033351251579006e-06, 1.0500803000468295e-06, 1.0158040595342754e-06, 1.1267746913290466e-06, 9.203414492731099e-07, 8.99707515600312e-07, 7.723398312009522e-07, 7.692300414419151e-07, 7.4422939633223e-07, 7.282548040166148e-07, 6.352959758260113e-07, 5.352105745259905e-07, 5.685735686711268e-07, 5.546898478314688e-07, 4.828666533285286e-07, 4.21649104964672e-07, 3.482611248273315e-07, 2.1591067422832566e-07, 1.8596763595724042e-07, 1.1395639631928134e-07, 3.899597089684903e-08, 3.4783489422096636e-09, 8.27703270506186e-12, 6.599853042549286e-12, 6.2942160164447536e-12, 5.93215494087973e-12, 5.650736822904179e-12, 5.225939472830454e-12, 4.604026361543223e-12, 4.2711619831214964e-12, 4.204674802776864e-12], "lowlevel.melbands128.stdev": [0.0014077168889343739, 0.006187979131937027, 0.011174063198268414, 0.010709970258176327, 0.01221499778330326, 0.009572656825184822, 0.00554721849039197, 0.0026265024207532406, 0.005919359158724546, 0.00606805132701993, 0.002149934647604823, 0.0007321442244574428, 0.0005940877017565072, 0.00045470395707525313, 0.0004245406889822334, 0.0005055427900515497, 0.0003404213930480182, 0.0004462505748961121, 0.00011678824375849217, 8.337692997884005e-05, 0.00017685054626781493, 0.0002030777104664594, 0.00019365205662325025, 0.00029877733322791755, 0.000378396303858608, 0.00027259462513029575, 7.814324635546654e-05, 4.942058876622468e-05, 2.3590238924953155e-05, 0.0001255276147276163, 0.00010893821308854967, 6.164302612887695e-05, 0.00014411774463951588, 0.0001402030320605263, 5.564642924582586e-05, 0.00011462058319011703, 6.0348891565809026e-05, 2.973733535327483e-05, 0.0001525372645119205, 0.00013169388694223017, 0.00012631723075173795, 7.505152461817488e-05, 2.7329209842719138e-05, 2.9782302590319887e-05, 3.0300985599751584e-05, 3.80739220418036e-05, 3.102183836745098e-05, 2.3057878934196196e-05, 4.208273094263859e-05, 1.5211226127576083e-05, 1.2039445209666155e-05, 1.722766137390863e-05, 2.618116013763938e-05, 1.9006534785148688e-05, 1.3605572348751593e-05, 1.3605716958409175e-05, 1.0916233804891817e-05, 1.0050857781607192e-05, 1.1629663276835345e-05, 8.752043868298642e-06, 7.711362741247285e-06, 7.968335921759717e-06, 9.03224281501025e-06, 7.215948699013097e-06, 6.310314347501844e-06, 7.34994318918325e-06, 8.185736987798009e-06, 7.514886419812683e-06, 8.965602319221944e-06, 8.174412869266234e-06, 6.285990821197629e-06, 7.354698027484119e-06, 1.1004337466147263e-05, 8.100294508039951e-06, 6.903074336150894e-06, 6.757088158337865e-06, 5.787368991150288e-06, 5.538847290154081e-06, 5.558387329074321e-06, 5.806963145005284e-06, 7.81115249992581e-06, 6.906304861331591e-06, 5.070698534836993e-06, 5.286640771373641e-06, 4.196610007056734e-06, 4.086599346919684e-06, 3.5387781736062607e-06, 3.027364527952159e-06, 2.7749681521527236e-06, 2.9117290978319943e-06, 2.8543374810396926e-06, 2.5685890250315424e-06, 2.0413685888343025e-06, 2.031199301200104e-06, 2.2409033135772916e-06, 2.0845552626269637e-06, 1.6742933439672925e-06, 1.8778000594465993e-06, 1.5350077546827379e-06, 1.513062102276308e-06, 1.5946633311614278e-06, 1.2442480965546565e-06, 1.2001147524642874e-06, 1.0305838031854364e-06, 1.0438983508720412e-06, 9.521576203042059e-07, 9.62163767326274e-07, 8.753356155466463e-07, 7.156184551604383e-07, 7.500622132283752e-07, 7.868922011766699e-07, 6.849408578091243e-07, 5.934354589953728e-07, 5.048669322604837e-07, 3.1252415055860183e-07, 2.836579255927063e-07, 1.8754600716874847e-07, 1.0471755018670592e-07, 2.3413891270251952e-08, 4.375289713864916e-11, 3.306556417559392e-11, 3.0172912779402594e-11, 2.7028540863782702e-11, 2.3442711313825804e-11, 1.6595646731842884e-11, 9.248335604283842e-12, 7.525180999168324e-12, 7.462108188305283e-12], "lowlevel.mfcc.mean": [-704.1364135742188, 66.3625259399414, 17.693065643310547, 47.227840423583984, 27.247529983520508, 26.044456481933594, 8.037410736083984, 5.792384624481201, 4.635937213897705, -3.3140032291412354, -4.252197265625, -0.38772106170654297, -1.087380290031433], "lowlevel.spectral_contrast_coeffs.mean": [-0.6557235717773438, -0.8329835534095764, -0.8428287506103516, -0.8316495418548584, -0.8347940444946289, -0.7599688768386841], "lowlevel.spectral_contrast_coeffs.stdev": [0.09664523601531982, 0.06371056288480759, 0.048452433198690414, 0.03919459134340286, 0.026019539684057236, 0.04121272265911102], "lowlevel.spectral_contrast_valleys.mean": [-7.351169109344482, -8.109532356262207, -8.446602821350098, -8.078080177307129, -7.6300883293151855, -10.11341667175293], "lowlevel.spectral_contrast_valleys.stdev": [1.844717025756836, 1.3880393505096436, 1.2715129852294922, 1.0854160785675049, 1.2560391426086426, 1.2699534893035889], "rhythm.beats_loudness_band_ratio.mean": [0.7287278175354004, 0.19768433272838593, 0.016062773764133453, 0.021776292473077774, 0.06737637519836426, 0.06676561385393143], "rhythm.beats_loudness_band_ratio.stdev": [0.26005324721336365, 0.20857186615467072, 0.04041767120361328, 0.03398726508021355, 0.13025905191898346, 0.062099888920784], "tonal.hpcp.mean": [0.10737638175487518, 0.16763566434383392, 0.13886414468288422, 0.08280173689126968, 0.07030736654996872, 0.07543472200632095, 0.08510519564151764, 0.10454735159873962, 0.12670181691646576, 0.20049019157886505, 0.2820685803890228, 0.2378484457731247, 0.16381120681762695, 0.16752606630325317, 0.15545016527175903, 0.11989445239305496, 0.11096552014350891, 0.08829315751791, 0.07005509734153748, 0.07341623306274414, 0.08000479638576508, 0.09978499263525009, 0.13040092587471008, 0.1326817125082016, 0.1118757426738739, 0.0969121903181076, 0.07040377706289291, 0.05095921456813812, 0.05175343528389931, 0.05084455758333206, 0.05446214601397514, 0.08073020726442337, 0.11801346391439438, 0.11505714058876038, 0.08083897083997726, 0.06360036134719849], "tonal.hpcp.stdev": [0.23541323840618134, 0.3158358037471771, 0.27538010478019714, 0.19910134375095367, 0.1862557828426361, 0.20121555030345917, 0.1978311985731125, 0.21864725649356842, 0.23031197488307953, 0.2911275327205658, 0.3717190623283386, 0.334962397813797, 0.2872457504272461, 0.30492472648620605, 0.29456862807273865, 0.24300217628479004, 0.23952588438987732, 0.19151094555854797, 0.16236582398414612, 0.16227208077907562, 0.1784037947654724, 0.20025981962680817, 0.23485347628593445, 0.23472177982330322, 0.2082511931657791, 0.19864621758460999, 0.16260476410388947, 0.1320774406194687, 0.13970088958740234, 0.1362314671278, 0.13843360543251038, 0.18636660277843475, 0.25072452425956726, 0.24931186437606812, 0.19546964764595032, 0.16047537326812744], "rhythm.beats_position": [0.6965986490249634, 1.381587266921997, 2.0665760040283203, 2.739954710006714, 3.4133331775665283, 4.075101852416992, 4.643990993499756, 5.224489688873291, 5.804988384246826, 6.3854875564575195, 6.965986251831055, 7.54648494720459, 8.126983642578125, 8.707483291625977, 9.287981986999512, 9.856870651245117, 10.425759315490723, 11.006258010864258, 11.586756706237793, 12.167256355285645, 12.73614501953125, 13.305033683776855, 13.88553237915039, 14.466031074523926, 15.046530723571777, 15.627029418945312, 16.20752716064453, 16.776416778564453, 17.345306396484375, 17.925804138183594, 18.506303787231445, 19.086801528930664, 19.655691146850586, 20.224580764770508, 20.805078506469727, 21.385578155517578, 21.966075897216797, 22.54657554626465, 23.1270751953125, 23.70757293701172, 24.27646255493164, 24.85696029663086, 25.42584991455078, 26.006349563598633, 26.58684730529785, 27.167346954345703, 27.736234664916992, 28.316734313964844, 28.885623931884766, 29.466121673583984, 30.046621322631836, 30.627119064331055, 31.196008682250977, 31.7648983001709, 32.34539794921875, 32.92589569091797, 33.50639343261719, 34.086891174316406, 34.66739273071289, 35.23628234863281, 35.80516815185547, 36.38566970825195, 36.96616744995117, 37.54666519165039, 38.12716293334961, 38.707664489746094, 39.276554107666016], "rhythm.bpm_histogram": [0.0, 0.0, 0.0, 0.0, 0.0, 0.0, 0.0, 0.0, 0.0, 0.0, 0.0, 0.0, 0.0, 0.0, 0.0, 0.0, 0.0, 0.0, 0.0, 0.0, 0.0, 0.0, 0.0, 0.0, 0.0, 0.0, 0.0, 0.0, 0.0, 0.0, 0.0, 0.0, 0.0, 0.0, 0.0, 0.0, 0.0, 0.0, 0.0, 0.0, 0.0, 0.0, 0.0, 0.0, 0.0, 0.0, 0.0, 0.0, 0.0, 0.0, 0.0, 0.0, 0.0, 0.0, 0.0, 0.0, 0.0, 0.0, 0.0, 0.0, 0.0, 0.0, 0.0, 0.0, 0.0, 0.0, 0.0, 0.0, 0.0, 0.0, 0.0, 0.0, 0.0, 0.0, 0.0, 0.0, 0.0, 0.0, 0.0, 0.0, 0.0, 0.0, 0.0, 0.0, 0.0, 0.0, 0.0, 0.0, 0.03030303120613098, 0.03030303120613098, 0.0, 0.01515151560306549, 0.0, 0.0, 0.0, 0.0, 0.0, 0.0, 0.0, 0.0, 0.0, 0.0, 0.0, 0.6515151262283325, 0.0, 0.27272728085517883, 0.0, 0.0, 0.0, 0.0, 0.0, 0.0, 0.0, 0.0, 0.0, 0.0, 0.0, 0.0, 0.0, 0.0, 0.0, 0.0, 0.0, 0.0, 0.0, 0.0, 0.0, 0.0, 0.0, 0.0, 0.0, 0.0, 0.0, 0.0, 0.0, 0.0, 0.0, 0.0, 0.0, 0.0, 0.0, 0.0, 0.0, 0.0, 0.0, 0.0, 0.0, 0.0, 0.0, 0.0, 0.0, 0.0, 0.0, 0.0, 0.0, 0.0, 0.0, 0.0, 0.0, 0.0, 0.0, 0.0, 0.0, 0.0, 0.0, 0.0, 0.0, 0.0, 0.0, 0.0, 0.0, 0.0, 0.0, 0.0, 0.0, 0.0, 0.0, 0.0, 0.0, 0.0, 0.0, 0.0, 0.0, 0.0, 0.0, 0.0, 0.0, 0.0, 0.0, 0.0, 0.0, 0.0, 0.0, 0.0, 0.0, 0.0, 0.0, 0.0, 0.0, 0.0, 0.0, 0.0, 0.0, 0.0, 0.0, 0.0, 0.0, 0.0, 0.0, 0.0, 0.0, 0.0, 0.0, 0.0, 0.0, 0.0, 0.0, 0.0, 0.0, 0.0, 0.0, 0.0, 0.0, 0.0, 0.0, 0.0, 0.0, 0.0, 0.0, 0.0, 0.0, 0.0, 0.0, 0.0, 0.0, 0.0, 0.0, 0.0, 0.0, 0.0, 0.0, 0.0, 0.0, 0.0, 0.0, 0.0, 0.0, 0.0, 0.0, 0.0], "tonal.chords_histogram": [0.0, 5.208333492279053, 29.745370864868164, 0.0, 0.0, 0.0, 2.8935184478759766, 3.2407407760620117, 12.384259223937988, 2.430555582046509, 0.0, 0.0, 0.0, 0.0, 0.0, 1.3888888359069824, 5.439815044403076, 12.268518447875977, 5.439815044403076, 6.018518447875977, 0.0, 0.11574073880910873, 0.11574073880910873, 13.310185432434082], "tonal.thpcp": [1.0, 0.8432291150093079, 0.5807495713233948, 0.5939196348190308, 0.5511077046394348, 0.42505425214767456, 0.39339908957481384, 0.31302016973495483, 0.24836193025112152, 0.26027795672416687, 0.2836359739303589, 0.3537614643573761, 0.46230220794677734, 0.47038814425468445, 0.3966260254383087, 0.34357669949531555, 0.24959808588027954, 0.18066249787807465, 0.1834782063961029, 0.18025600910186768, 0.19308121502399445, 0.28620773553848267, 0.41838571429252625, 0.40790483355522156, 0.28659331798553467, 0.2254783660173416, 0.38067471981048584, 0.5943081974983215, 0.49230632185935974, 0.29355180263519287, 0.24925628304481506, 0.2674339711666107, 0.3017180860042572, 0.3706451654434204, 0.4491879940032959, 0.7107852697372437], "lowlevel.gfcc.cov": [[19250.775390625, 2068.40380859375, 2931.5478515625, 1318.99658203125, 886.7654418945312, 372.800537109375, 1171.93115234375, 727.865234375, -293.2493591308594, -62.1530647277832, -415.13726806640625, -288.1650695800781, -534.5813598632812], [2068.40380859375, 1237.8790283203125, 285.3587951660156, 172.1259765625, 164.7649688720703, -35.340370178222656, 336.56884765625, 114.0774917602539, 26.4696044921875, -73.2770767211914, 29.876728057861328, -144.91102600097656, -62.48688888549805], [2931.5478515625, 285.3587951660156, 1294.9202880859375, 495.0973205566406, 525.6873779296875, 275.60467529296875, 431.8175354003906, 343.7203674316406, -8.441556930541992, 69.87529754638672, -111.92667388916016, -12.151482582092285, -208.53988647460938], [1318.99658203125, 172.1259765625, 495.0973205566406, 452.96044921875, 290.3837585449219, 173.13648986816406, 209.18109130859375, 132.08692932128906, 55.24850082397461, 26.894493103027344, 16.878747940063477, -25.315767288208008, -23.781030654907227], [886.7654418945312, 164.7649688720703, 525.6873779296875, 290.3837585449219, 457.62109375, 196.50967407226562, 292.321044921875, 221.67433166503906, 54.73543167114258, 59.93014144897461, -31.537704467773438, -13.386005401611328, -92.38462829589844], [372.800537109375, -35.340370178222656, 275.60467529296875, 173.13648986816406, 196.50967407226562, 232.02650451660156, 176.3780059814453, 144.14710998535156, 44.14209747314453, 37.02690887451172, 3.210069417953491, -5.718444347381592, -34.448490142822266], [1171.93115234375, 336.56884765625, 431.8175354003906, 209.18109130859375, 292.321044921875, 176.3780059814453, 380.2335205078125, 239.96365356445312, 58.057945251464844, 29.42337417602539, -11.606536865234375, -39.738441467285156, -89.86382293701172], [727.865234375, 114.0774917602539, 343.7203674316406, 132.08692932128906, 221.67433166503906, 144.14710998535156, 239.96365356445312, 237.05514526367188, 48.05388641357422, 50.89854431152344, -33.2912483215332, -16.4339599609375, -83.02839660644531], [-293.2493591308594, 26.4696044921875, -8.441556930541992, 55.24850082397461, 54.73543167114258, 44.14209747314453, 58.057945251464844, 48.05388641357422, 114.53181457519531, 46.90729904174805, 53.837799072265625, 10.473672866821289, 39.94098663330078], [-62.1530647277832, -73.2770767211914, 69.87529754638672, 26.894493103027344, 59.93014144897461, 37.02690887451172, 29.42337417602539, 50.89854431152344, 46.90729904174805, 87.2514877319336, 37.379940032958984, 39.62162780761719, 5.7769575119018555], [-415.13726806640625, 29.876728057861328, -111.92667388916016, 16.878747940063477, -31.537704467773438, 3.210069417953491, -11.606536865234375, -33.2912483215332, 53.837799072265625, 37.379940032958984, 133.9024658203125, 44.975040435791016, 86.7713394165039], [-288.1650695800781, -144.91102600097656, -12.151482582092285, -25.315767288208008, -13.386005401611328, -5.718444347381592, -39.738441467285156, -16.4339599609375, 10.473672866821289, 39.62162780761719, 44.975040435791016, 88.65717315673828, 45.99153137207031], [-534.5813598632812, -62.48688888549805, -208.53988647460938, -23.781030654907227, -92.38462829589844, -34.448490142822266, -89.86382293701172, -83.02839660644531, 39.94098663330078, 5.7769575119018555, 86.7713394165039, 45.99153137207031, 136.85504150390625]], "lowlevel.gfcc.icov": [[0.00011944402649533004, -0.00016081237117759883, -0.0001556260249344632, -0.0002719043695833534, 0.00027752373716793954, 3.410226054256782e-05, -0.00018698308849707246, -3.656494664028287e-05, 0.00046243707765825093, -0.0003700648376252502, 0.0004096162738278508, -4.038694896735251e-06, -0.0002179774601245299], [-0.00016081237117759883, 0.0025213155895471573, -0.0004560322850011289, 0.000674696231726557, -0.000705569633282721, 0.0027585893403738737, -0.0023634033277630806, 0.00027827147278003395, -0.0005534500814974308, 0.00216344790533185, -0.0033492436632514, 0.003735691774636507, -0.00028127062250860035], [-0.0001556260249344632, -0.0004560322850011289, 0.003381171729415655, -0.002300448715686798, -0.0005597495473921299, -0.0007453042198903859, -0.00021131862013135105, -0.0008374847820959985, 0.0011222742032259703, -0.00112535385414958, 0.001887644873932004, -0.0037078517489135265, 0.0024932383093982935], [-0.0002719043695833534, 0.000674696231726557, -0.002300448715686798, 0.0072983973659574986, -0.003028061706572771, -0.001244082348421216, 0.0007308252388611436, 0.0014989927876740694, -0.00245952932164073, 0.0025157113559544086, -0.0036390756722539663, 0.004369482398033142, -0.0025086798705160618], [0.00027752373716793954, -0.000705569633282721, -0.0005597495473921299, -0.003028061706572771, 0.007685571443289518, -0.0013747038319706917, -0.0026564174331724644, -0.00041156771476380527, 0.0003286752325948328, -0.0033096650149673223, 0.003408675082027912, -0.0021020418498665094, 0.0008198980358429253], [3.410226054256782e-05, 0.0027585893403738737, -0.0007453042198903859, -0.001244082348421216, -0.0013747038319706917, 0.01202578004449606, -0.0038518270011991262, -0.0029764629434794188, 0.0003879932046402246, 0.0017948383465409279, -0.0038686352781951427, 0.004276733845472336, -0.0013684545410797], [-0.00018698308849707246, -0.0023634033277630806, -0.00021131862013135105, 0.0007308252388611436, -0.0026564174331724644, -0.0038518270011991262, 0.01494614314287901, -0.008655651472508907, -0.0027456015814095736, 0.004695072770118713, -0.003397290827706456, -0.0014782000798732042, 0.0030494597740471363], [-3.656494664028287e-05, 0.00027827147278003395, -0.0008374847820959985, 0.0014989927876740694, -0.00041156771476380527, -0.0029764629434794188, -0.008655651472508907, 0.019043700769543648, -0.0035602343268692493, -0.006410392466932535, 0.0047911093570292, -0.0002184222248615697, 0.002156787319108844], [0.00046243707765825093, -0.0005534500814974308, 0.0011222742032259703, -0.00245952932164073, 0.0003286752325948328, 0.0003879932046402246, -0.0027456015814095736, -0.0035602343268692493, 0.020337074995040894, -0.010035421699285507, -7.928227569209412e-05, 0.004370219074189663, -0.007736997213214636], [-0.0003700648376252502, 0.00216344790533185, -0.00112535385414958, 0.0025157113559544086, -0.0033096650149673223, 0.0017948383465409279, 0.004695072770118713, -0.006410392466932535, -0.010035421699285507, 0.02942514419555664, -0.011252935975790024, -0.006249137222766876, 0.006597629748284817], [0.0004096162738278508, -0.0033492436632514, 0.001887644873932004, -0.0036390756722539663, 0.003408675082027912, -0.0038686352781951427, -0.003397290827706456, 0.0047911093570292, -7.928227569209412e-05, -0.011252935975790024, 0.024414243176579475, -0.008608723990619183, -0.007770346477627754], [-4.038694896735251e-06, 0.003735691774636507, -0.0037078517489135265, 0.004369482398033142, -0.0021020418498665094, 0.004276733845472336, -0.0014782000798732042, -0.0002184222248615697, 0.004370219074189663, -0.006249137222766876, -0.008608723990619183, 0.029206138104200363, -0.010014882311224937], [-0.0002179774601245299, -0.00028127062250860035, 0.0024932383093982935, -0.0025086798705160618, 0.0008198980358429253, -0.0013684545410797, 0.0030494597740471363, 0.002156787319108844, -0.007736997213214636, 0.006597629748284817, -0.007770346477627754, -0.010014882311224937, 0.02348211593925953]], "lowlevel.mfcc.cov": [[16287.6845703125, 1857.134521484375, 1800.06591796875, 1544.71337890625, 198.92176818847656, 397.9527893066406, 949.5820922851562, 738.0018310546875, 380.45428466796875, 435.8395690917969, 196.6554412841797, 59.0450553894043, -3.2244296073913574], [1857.134521484375, 1023.2120361328125, 178.41891479492188, 310.5350341796875, -53.34623336791992, 16.80204963684082, 203.4621124267578, 191.35020446777344, 57.5907096862793, 145.292724609375, 88.14351654052734, 31.87273597717285, -12.599617004394531], [1800.06591796875, 178.41891479492188, 626.8499755859375, 343.5446472167969, 163.5147247314453, 159.72183227539062, 244.90415954589844, 214.34600830078125, 114.71043395996094, 123.94677734375, 91.93606567382812, 51.108558654785156, 31.909753799438477], [1544.71337890625, 310.5350341796875, 343.5446472167969, 459.8409118652344, 171.82911682128906, 155.9106903076172, 228.04608154296875, 205.65928649902344, 113.37842559814453, 151.60092163085938, 82.0802001953125, 57.11094665527344, 40.63391876220703], [198.92176818847656, -53.34623336791992, 163.5147247314453, 171.82911682128906, 220.19876098632812, 130.25515747070312, 112.63893127441406, 92.4467544555664, 76.4752197265625, 75.56648254394531, 35.31473922729492, 42.97191619873047, 44.329551696777344], [397.9527893066406, 16.80204963684082, 159.72183227539062, 155.9106903076172, 130.25515747070312, 157.34075927734375, 134.32684326171875, 112.70391082763672, 74.71406555175781, 77.35211944580078, 53.8121337890625, 43.36729431152344, 32.06070327758789], [949.5820922851562, 203.4621124267578, 244.90415954589844, 228.04608154296875, 112.63893127441406, 134.32684326171875, 280.57354736328125, 219.9497833251953, 116.96318054199219, 141.7357635498047, 94.46881866455078, 68.10806274414062, 38.828060150146484], [738.0018310546875, 191.35020446777344, 214.34600830078125, 205.65928649902344, 92.4467544555664, 112.70391082763672, 219.9497833251953, 246.8787384033203, 130.06704711914062, 153.75743103027344, 92.33576202392578, 54.44953536987305, 38.0464973449707], [380.45428466796875, 57.5907096862793, 114.71043395996094, 113.37842559814453, 76.4752197265625, 74.71406555175781, 116.96318054199219, 130.06704711914062, 130.6888427734375, 104.57007598876953, 58.651668548583984, 38.29472351074219, 36.1920166015625], [435.8395690917969, 145.292724609375, 123.94677734375, 151.60092163085938, 75.56648254394531, 77.35211944580078, 141.7357635498047, 153.75743103027344, 104.57007598876953, 169.63412475585938, 85.23348999023438, 45.811317443847656, 31.28557586669922], [196.6554412841797, 88.14351654052734, 91.93606567382812, 82.0802001953125, 35.31473922729492, 53.8121337890625, 94.46881866455078, 92.33576202392578, 58.651668548583984, 85.23348999023438, 92.8184814453125, 49.876747131347656, 28.05255126953125], [59.0450553894043, 31.87273597717285, 51.108558654785156, 57.11094665527344, 42.97191619873047, 43.36729431152344, 68.10806274414062, 54.44953536987305, 38.29472351074219, 45.811317443847656, 49.876747131347656, 73.90111541748047, 41.248600006103516], [-3.2244296073913574, -12.599617004394531, 31.909753799438477, 40.63391876220703, 44.329551696777344, 32.06070327758789, 38.828060150146484, 38.0464973449707, 36.1920166015625, 31.28557586669922, 28.05255126953125, 41.248600006103516, 63.64231872558594]], "lowlevel.mfcc.icov": [[0.000131296445033513, -0.00010205055150436237, -0.0002695074654184282, -0.00028177976491861045, 0.0003249873116146773, -3.0199895263649523e-05, -0.00026997795794159174, 0.00025731383357197046, -0.000231214304221794, 8.789617822912987e-06, 0.0003135422884952277, 0.0001310639490839094, 5.2334353313199244e-06], [-0.00010205055150436237, 0.0019225089345127344, 0.00045450247125700116, -0.0014333589933812618, 0.0012657645856961608, 0.0010086242109537125, -0.0006544470088556409, -0.0006011661025695503, 0.0008122764411382377, -0.0006218742928467691, -0.0006155390874482691, -0.0002525717718526721, 0.0007104139076545835], [-0.0002695074654184282, 0.00045450247125700116, 0.0037915806751698256, -0.0012025206815451384, -0.0011625203769654036, -3.3417134090996115e-06, -0.0005559333367273211, -0.0014140952844172716, 0.00033428549068048596, 0.0015271831071004272, -0.0022739595733582973, 0.00065020308829844, 0.0005790758295916021], [-0.00028177976491861045, -0.0014333589933812618, -0.0012025206815451384, 0.007377986330538988, -0.00344215240329504, -0.0016464204527437687, 0.0003424097958486527, -0.0010869316756725311, 0.0010607909644022584, -0.0016399603337049484, 0.0008104631560854614, -0.00024422918795607984, -0.0007338814903050661], [0.0003249873116146773, 0.0012657645856961608, -0.0011625203769654036, -0.00344215240329504, 0.013079911470413208, -0.006682116072624922, -0.0011824752436950803, 0.0025967538822442293, -0.0018777154618874192, -0.0026046433486044407, 0.0047231437638401985, -0.0009856043616309762, -0.0026226709596812725], [-3.0199895263649523e-05, 0.0010086242109537125, -3.3417134090996115e-06, -0.0016464204527437687, -0.006682116072624922, 0.018219275400042534, -0.0038460397627204657, -0.0010742746526375413, -0.0010070749558508396, 0.0019389104563742876, -0.003750627627596259, -0.0004806792421732098, 0.0013001927873119712], [-0.00026997795794159174, -0.0006544470088556409, -0.0005559333367273211, 0.0003424097958486527, -0.0011824752436950803, -0.0038460397627204657, 0.016277993097901344, -0.010317148640751839, 0.0010551386512815952, 0.00020234505063854158, -0.0009664833196438849, -0.004856291227042675, 0.0017886406276375055], [0.00025731383357197046, -0.0006011661025695503, -0.0014140952844172716, -0.0010869316756725311, 0.0025967538822442293, -0.0010742746526375413, -0.010317148640751839, 0.02169932797551155, -0.0073122247122228146, -0.005703683476895094, -0.00029746865038760006, 0.0028044332284480333, -0.001372696366161108], [-0.000231214304221794, 0.0008122764411382377, 0.00033428549068048596, 0.0010607909644022584, -0.0018777154618874192, -0.0010070749558508396, 0.0010551386512815952, -0.0073122247122228146, 0.021076716482639313, -0.006323676090687513, -0.0006505015189759433, 0.0006395980017259717, -0.00415799068287015], [8.789617822912987e-06, -0.0006218742928467691, 0.0015271831071004272, -0.0016399603337049484, -0.0026046433486044407, 0.0019389104563742876, 0.00020234505063854158, -0.005703683476895094, -0.006323676090687513, 0.02031947672367096, -0.010085925459861755, 0.0016440949402749538, 0.0012700144434347749], [0.0003135422884952277, -0.0006155390874482691, -0.0022739595733582973, 0.0008104631560854614, 0.0047231437638401985, -0.003750627627596259, -0.0009664833196438849, -0.00029746865038760006, -0.0006505015189759433, -0.010085925459861755, 0.030124416574835777, -0.01208606455475092, -0.00023325196525547653], [0.0001310639490839094, -0.0002525717718526721, 0.00065020308829844, -0.00024422918795607984, -0.0009856043616309762, -0.0004806792421732098, -0.004856291227042675, 0.0028044332284480333, 0.0006395980017259717, 0.0016440949402749538, -0.01208606455475092, 0.03119407594203949, -0.014060950838029385], [5.2334353313199244e-06, 0.0007104139076545835, 0.0005790758295916021, -0.0007338814903050661, -0.0026226709596812725, 0.0013001927873119712, 0.0017886406276375055, -0.001372696366161108, -0.00415799068287015, 0.0012700144434347749, -0.00023325196525547653, -0.01