{"song_id": "1183680569960316938", "download": "https://cdn.discordapp.com/attachments/1135911532732108921/1183680569960316938/chirp.mp4?ex=6589376f&amp", "lyrics": "In the tranquil hues of evening skies,\nDil se kahoon, teri baaton mein hi raah,\nJazbaton ka silsila, pyaar ka izhaar,\nLofi ki dhun mein, humsafar ka intezaar.", "style": ["random"], "essentia_features": {"lowlevel.average_loudness": 0.8562990427017212, "lowlevel.barkbands_crest.mean": 10.573630332946777, "lowlevel.barkbands_crest.stdev": 4.938165664672852, "lowlevel.barkbands_flatness_db.mean": 0.09963120520114899, "lowlevel.barkbands_flatness_db.stdev": 0.04884278401732445, "lowlevel.barkbands_kurtosis.mean": 4.085079193115234, "lowlevel.barkbands_kurtosis.stdev": 12.470800399780273, "lowlevel.barkbands_skewness.mean": 1.5297157764434814, "lowlevel.barkbands_skewness.stdev": 1.3527882099151611, "lowlevel.barkbands_spread.mean": 37.60850143432617, "lowlevel.barkbands_spread.stdev": 18.50543212890625, "lowlevel.dissonance.mean": 0.47525671124458313, "lowlevel.dissonance.stdev": 0.02126254141330719, "lowlevel.dynamic_complexity": 1.738921046257019, "lowlevel.erbbands_crest.mean": 8.675825119018555, "lowlevel.erbbands_crest.stdev": 5.032377243041992, "lowlevel.erbbands_flatness_db.mean": 0.11642398685216904, "lowlevel.erbbands_flatness_db.stdev": 0.03268662095069885, "lowlevel.erbbands_kurtosis.mean": 0.4333055913448334, "lowlevel.erbbands_kurtosis.stdev": 2.0773775577545166, "lowlevel.erbbands_skewness.mean": 0.5895987153053284, "lowlevel.erbbands_skewness.stdev": 0.8441705703735352, "lowlevel.erbbands_spread.mean": 51.80370330810547, "lowlevel.erbbands_spread.stdev": 17.44695472717285, "lowlevel.hfc.mean": 47.857933044433594, "lowlevel.hfc.stdev": 25.050003051757812, "lowlevel.loudness_ebu128.integrated": -12.590119361877441, "lowlevel.loudness_ebu128.loudness_range": 1.8995018005371094, "lowlevel.loudness_ebu128.momentary.mean": -12.903647422790527, "lowlevel.loudness_ebu128.momentary.stdev": 1.7981945276260376, "lowlevel.loudness_ebu128.short_term.mean": -12.612536430358887, "lowlevel.loudness_ebu128.short_term.stdev": 0.692801296710968, "lowlevel.melbands_crest.mean": 16.486326217651367, "lowlevel.melbands_crest.stdev": 7.494431495666504, "lowlevel.melbands_flatness_db.mean": 0.1501433253288269, "lowlevel.melbands_flatness_db.stdev": 0.06219418719410896, "lowlevel.melbands_kurtosis.mean": 17.809783935546875, "lowlevel.melbands_kurtosis.stdev": 27.2924861907959, "lowlevel.melbands_skewness.mean": 3.04010009765625, "lowlevel.melbands_skewness.stdev": 1.9779722690582275, "lowlevel.melbands_spread.mean": 32.369747161865234, "lowlevel.melbands_spread.stdev": 23.114717483520508, "lowlevel.pitch_salience.mean": 0.5498290657997131, "lowlevel.pitch_salience.stdev": 0.1449897736310959, "lowlevel.silence_rate_20dB.mean": 1.0, "lowlevel.silence_rate_20dB.stdev": 0.0, "lowlevel.silence_rate_30dB.mean": 0.9339478015899658, "lowlevel.silence_rate_30dB.stdev": 0.2483733743429184, "lowlevel.silence_rate_60dB.mean": 0.02611367218196392, "lowlevel.silence_rate_60dB.stdev": 0.1594732254743576, "lowlevel.spectral_centroid.mean": 1789.8360595703125, "lowlevel.spectral_centroid.stdev": 683.4987182617188, "lowlevel.spectral_complexity.mean": 28.506912231445312, "lowlevel.spectral_complexity.stdev": 10.754537582397461, "lowlevel.spectral_decrease.mean": -1.0077752854442679e-08, "lowlevel.spectral_decrease.stdev": 8.08651012818018e-09, "lowlevel.spectral_energy.mean": 0.04237661883234978, "lowlevel.spectral_energy.stdev": 0.031146040186285973, "lowlevel.spectral_energyband_high.mean": 0.0035917835775762796, "lowlevel.spectral_energyband_high.stdev": 0.0025076086167246103, "lowlevel.spectral_energyband_low.mean": 0.01775410585105419, "lowlevel.spectral_energyband_low.stdev": 0.02932935394346714, "lowlevel.spectral_energyband_middle_high.mean": 0.008328251540660858, "lowlevel.spectral_energyband_middle_high.stdev": 0.009990048594772816, "lowlevel.spectral_energyband_middle_low.mean": 0.01268125232309103, "lowlevel.spectral_energyband_middle_low.stdev": 0.01204006653279066, "lowlevel.spectral_entropy.mean": 8.170493125915527, "lowlevel.spectral_entropy.stdev": 0.25849735736846924, "lowlevel.spectral_flux.mean": 0.10725237429141998, "lowlevel.spectral_flux.stdev": 0.036259304732084274, "lowlevel.spectral_kurtosis.mean": 1.791965365409851, "lowlevel.spectral_kurtosis.stdev": 1.1026430130004883, "lowlevel.spectral_rms.mean": 0.006064421031624079, "lowlevel.spectral_rms.stdev": 0.002136785537004471, "lowlevel.spectral_rolloff.mean": 2650.2705078125, "lowlevel.spectral_rolloff.stdev": 2722.211669921875, "lowlevel.spectral_skewness.mean": 1.2736269235610962, "lowlevel.spectral_skewness.stdev": 0.2631644010543823, "lowlevel.spectral_spread.mean": 7287157.0, "lowlevel.spectral_spread.stdev": 1196295.375, "lowlevel.spectral_strongpeak.mean": 1.1964845657348633, "lowlevel.spectral_strongpeak.stdev": 1.3922146558761597, "lowlevel.zerocrossingrate.mean": 0.11193041503429413, "lowlevel.zerocrossingrate.stdev": 0.054836541414260864, "metadata.audio_properties.analysis.equal_loudness": 0.0, "metadata.audio_properties.analysis.length": 15.082653045654297, "metadata.audio_properties.analysis.sample_rate": 44100.0, "metadata.audio_properties.analysis.start_time": 0.0, "metadata.audio_properties.bit_rate": 114159.0, "metadata.audio_properties.length": 15.082666397094727, "metadata.audio_properties.lossless": 0.0, "metadata.audio_properties.number_channels": 1.0, "metadata.audio_properties.replay_gain": -13.039445877075195, "metadata.audio_properties.sample_rate": 48000.0, "rhythm.beats_count": 36.0, "rhythm.beats_loudness.mean": 0.042165592312812805, "rhythm.beats_loudness.stdev": 0.027463024482131004, "rhythm.bpm": 139.49464416503906, "rhythm.bpm_histogram_first_peak_bpm": 140.0, "rhythm.bpm_histogram_first_peak_weight": 0.4117646813392639, "rhythm.bpm_histogram_second_peak_bpm": 152.0, "rhythm.bpm_histogram_second_peak_spread": 0.3333333730697632, "rhythm.bpm_histogram_second_peak_weight": 0.2857142984867096, "rhythm.danceability": 1.0974338054656982, "rhythm.onset_rate": 2.184767723083496, "tonal.chords_changes_rate": 0.1380368024110794, "tonal.chords_number_rate": 0.030674846842885017, "tonal.chords_strength.mean": 0.518159806728363, "tonal.chords_strength.stdev": 0.06528934836387634, "tonal.hpcp_crest.mean": 11.46750545501709, "tonal.hpcp_crest.stdev": 5.581997871398926, "tonal.hpcp_entropy.mean": 2.4180471897125244, "tonal.hpcp_entropy.stdev": 0.8167150020599365, "tonal.key_edma.strength": 0.3606095612049103, "tonal.key_krumhansl.strength": 0.37172064185142517, "tonal.key_temperley.strength": 0.40439772605895996, "tonal.tuning_diatonic_strength": 0.7062405943870544, "tonal.tuning_equal_tempered_deviation": 0.16956816613674164, "tonal.tuning_frequency": 434.193115234375, "tonal.tuning_nontempered_energy_ratio": 0.8767457008361816, "lowlevel.barkbands.mean": [0.0027304086834192276, 0.013235864229500294, 0.0020027868449687958, 0.0006064883200451732, 0.0014163015875965357, 0.0018982059555128217, 0.005526938010007143, 0.0015290098963305354, 0.0013462714850902557, 0.0015281172236427665, 0.0025953808799386024, 0.0009280016529373825, 0.0006407588953152299, 0.0007081476505845785, 0.0004360364400781691, 0.00034744825097732246, 0.0003742411208804697, 0.00046714110067114234, 0.000323697691783309, 0.00036306577385403216, 0.0005468036979436874, 0.0005192115786485374, 0.00041965555283240974, 0.0004970692098140717, 0.001082231872715056, 0.0003043472534045577, 3.004784275617567e-06], "lowlevel.barkbands.stdev": [0.007211913820356131, 0.024020886048674583, 0.002239743946120143, 0.0009626867831684649, 0.0024961952585726976, 0.0036210601683706045, 0.009227195754647255, 0.0032209071796387434, 0.0025646525900810957, 0.0032798105385154486, 0.005864138714969158, 0.002151010325178504, 0.0009874129900708795, 0.0009708806173875928, 0.0008028731681406498, 0.00033533808891661465, 0.0005062516429461539, 0.0005272568087093532, 0.0002934694930445403, 0.0002703095378819853, 0.0004252079233992845, 0.0005339406197890639, 0.0004072377341799438, 0.00047661756980232894, 0.0008792674634605646, 0.00021231496066320688, 5.933834472671151e-06], "lowlevel.erbbands.mean": [0.6878080368041992, 1.7398878335952759, 2.594820499420166, 1.9461712837219238, 3.431151866912842, 5.097706317901611, 5.43966817855835, 21.388513565063477, 77.14488220214844, 56.29379653930664, 29.589509963989258, 31.49506378173828, 39.632415771484375, 76.51376342773438, 86.50040435791016, 34.06499099731445, 29.458045959472656, 37.35749816894531, 29.290727615356445, 19.692642211914062, 19.421024322509766, 22.23189353942871, 24.49108123779297, 22.11131477355957, 13.7074556350708, 16.81669044494629, 23.01129150390625, 19.954408645629883, 19.062040328979492, 15.838888168334961, 11.228826522827148, 8.740252494812012, 10.102914810180664, 13.497761726379395, 6.58396053314209, 2.1759159564971924, 0.35633060336112976, 0.02732076868414879, 0.0007134348852559924, 9.838053665589541e-05], "lowlevel.erbbands.stdev": [1.4868009090423584, 2.4473114013671875, 2.752061128616333, 2.4857192039489746, 5.4608964920043945, 11.4319486618042, 10.506781578063965, 39.44407272338867, 134.74966430664062, 104.10478973388672, 41.4268798828125, 64.75209045410156, 76.85032653808594, 179.68760681152344, 186.5543212890625, 64.47026062011719, 45.666744232177734, 52.75624465942383, 40.79420471191406, 29.41425132751465, 16.778667449951172, 30.153057098388672, 29.86006736755371, 20.201690673828125, 11.081600189208984, 12.772521018981934, 17.397056579589844, 17.023683547973633, 19.853864669799805, 16.978219985961914, 10.40107536315918, 8.844890594482422, 9.658161163330078, 12.15324878692627, 4.995329856872559, 1.5455392599105835, 0.2536616623401642, 0.02619481272995472, 0.0005939399707131088, 5.1191596867283806e-05], "lowlevel.gfcc.mean": [62.879756927490234, 39.96426010131836, -104.61873626708984, 25.63205909729004, -71.59649658203125, 27.842832565307617, -41.20993423461914, 26.872779846191406, -26.486318588256836, 20.338516235351562, -16.435651779174805, 7.799570560455322, -11.10262393951416], "lowlevel.melbands.mean": [0.004694766364991665, 0.0015243060188367963, 0.00038356625009328127, 0.000319029699312523, 0.000193958796444349, 0.000509114470332861, 0.0011613728711381555, 0.0005435843486338854, 0.00022791458468418568, 0.0001951056474354118, 0.00019542458176147193, 0.0002971797075588256, 0.0003351675986777991, 0.00012731550668831915, 6.019876673235558e-05, 7.0074966060929e-05, 6.900751759530976e-05, 4.962193270330317e-05, 3.0295164833660237e-05, 2.434686575725209e-05, 2.194427725044079e-05, 2.30212535825558e-05, 2.2123158487374894e-05, 2.1691930669476278e-05, 1.7954072973225266e-05, 1.0101152838615235e-05, 9.75488183030393e-06, 1.1289802387182135e-05, 1.4551687854691409e-05, 1.3373080946621485e-05, 1.1062508747272659e-05, 1.0967125490424223e-05, 9.594104994903319e-06, 8.582959708292037e-06, 6.613254299736582e-06, 5.446328032121528e-06, 5.255729774944484e-06, 6.09064454692998e-06, 9.918619980453514e-06, 1.190227885672357e-05], "lowlevel.melbands.stdev": [0.009390300139784813, 0.001471037743613124, 0.0004431861743796617, 0.0005710655823349953, 0.0003746336733456701, 0.0008962021092884243, 0.0019538055639714003, 0.0010452045826241374, 0.00031915216823108494, 0.00041808607056736946, 0.00039918057154864073, 0.0007013733847998083, 0.0007295017712749541, 0.000278699240880087, 0.00015938289288897067, 0.0001115374980145134, 0.00010029035911429673, 6.854888488305733e-05, 6.623907393077388e-05, 2.748005499597639e-05, 1.9776276531047188e-05, 3.328324601170607e-05, 3.338298120070249e-05, 2.2766038455301896e-05, 1.723242166917771e-05, 9.036769370140973e-06, 7.772057870170102e-06, 9.090394996746909e-06, 1.150318348663859e-05, 1.1090857697126921e-05, 1.032440832204884e-05, 1.1836453268188052e-05, 1.0501650649530347e-05, 9.575560397934169e-06, 6.232615305634681e-06, 5.3526214287558105e-06, 5.60778744329582e-06, 6.248547379072988e-06, 9.990545549953822e-06, 1.0686519090086222e-05], "lowlevel.melbands128.mean": [0.0021960465237498283, 0.00688182283192873, 0.004847449250519276, 0.002268620068207383, 0.0015323597472161055, 0.0007915736641734838, 0.00036479602567851543, 0.0002938968245871365, 0.0003480168234091252, 0.0003615281020756811, 0.00028422180912457407, 0.00019342874293215573, 0.00015098163567017764, 0.00020532561757136136, 0.0003540148609317839, 0.0006242337985895574, 0.0012911292724311352, 0.0013537016930058599, 0.0009402991854585707, 0.0005745528033003211, 0.00040641060331836343, 0.0002235615684185177, 0.00021542349713854492, 0.00020550587214529514, 0.0002115132228937, 0.00018799176905304193, 0.000159299437655136, 0.00019269066979177296, 0.0002360852377023548, 0.00021436803217511624, 0.00032319422462023795, 0.0004525468102656305, 0.00035863235825672746, 0.00025696575175970793, 0.00015708812861703336, 8.948887989390641e-05, 7.16857030056417e-05, 5.8891604567179456e-05, 4.954429095960222e-05, 6.681858212687075e-05, 7.486210961360484e-05, 7.613165507791564e-05, 7.306111365323886e-05, 6.299433152889833e-05, 5.812341987621039e-05, 4.8337216867366806e-05, 3.894157271133736e-05, 3.240892692701891e-05, 2.553494596213568e-05, 2.3284013877855614e-05, 2.5135692339972593e-05, 2.4319848307641223e-05, 2.2011603505234234e-05, 2.0557978132274002e-05, 2.2067597456043586e-05, 2.5773326342459768e-05, 2.13337716559181e-05, 2.0250137822586112e-05, 2.3922917534946464e-05, 2.2269372493610717e-05, 2.131852670572698e-05, 2.1255003957776353e-05, 2.1772570107714273e-05, 1.6722895452403463e-05, 1.2424296983226668e-05, 9.39055644266773e-06, 9.229741408489645e-06, 8.746728781261481e-06, 9.906222658173647e-06, 1.1233381883357652e-05, 9.954647794074845e-06, 1.1612884009082336e-05, 1.5236288163578138e-05, 1.4737684978172183e-05, 1.4052940969122574e-05, 1.5182612514763605e-05, 1.2178516044514254e-05, 1.0645512702467386e-05, 1.1245172572671436e-05, 1.0862790986720938e-05, 1.1161410839122254e-05, 1.1102788448624779e-05, 1.0534154171182308e-05, 9.441649126529228e-06, 8.691520633874461e-06, 9.01047678780742e-06, 8.793227607384324e-06, 7.257623565237736e-06, 6.575846782652661e-06, 6.0365773606463335e-06, 5.6589083214930724e-06, 5.252450591797242e-06, 5.2221625992388e-06, 5.0205162551719695e-06, 5.261254500510404e-06, 5.988188604533207e-06, 5.9006370065617375e-06, 6.83867665429716e-06, 8.968813745013904e-06, 1.1771762729040347e-05, 1.3713653061131481e-05, 1.1007785360561684e-05, 1.1344234735588543e-05, 1.0227883649349678e-05, 7.188171366578899e-06, 5.039712959842291e-06, 4.826128133572638e-06, 5.599298219749471e-06, 3.6429282772587612e-06, 2.5359961455251323e-06, 1.9100764347967925e-06, 1.1825437695733854e-06, 1.0091074500451214e-06, 5.859124598828203e-07, 3.9533824747195467e-07, 2.0840600711835577e-07, 1.1010445888359754e-07, 1.4971567097177285e-08, 1.7010527708638534e-10, 8.764941029915096e-12, 8.508952223373889e-12, 8.313895578926367e-12, 8.11410660883638e-12, 7.847732880206237e-12, 7.055052722582111e-12, 5.843186611648177e-12, 5.180327521114858e-12, 5.0534372693367136e-12], "lowlevel.melbands128.stdev": [0.006257035303860903, 0.015631185844540596, 0.009197915904223919, 0.002737274393439293, 0.001721372944302857, 0.0009097066940739751, 0.000566785573028028, 0.0004896724130958319, 0.0006338004604913294, 0.000800232810433954, 0.0007908201077952981, 0.0005876570357941091, 0.00035935602500103414, 0.0006099962629377842, 0.0010238834656774998, 0.0013583202380686998, 0.0026460248045623302, 0.0029538741800934076, 0.0023058541119098663, 0.0013489405391737819, 0.0012506113853305578, 0.00043481442844495177, 0.00039292871952056885, 0.00040293607162311673, 0.0005887812585569918, 0.0005730810225941241, 0.0003981372283305973, 0.0005038614035584033, 0.0006760823307558894, 0.000598581915255636, 0.0011162401642650366, 0.0012903473107144237, 0.0009255192708224058, 0.0008113855146802962, 0.00054538669064641, 0.00017809723794925958, 0.00017731507250573486, 0.0003087131481152028, 9.201497596222907e-05, 0.00011938466923311353, 0.0001595204375917092, 0.00013040154590271413, 0.00014164773165248334, 0.0001022986471070908, 9.035773837240413e-05, 8.371214789804071e-05, 7.355530397035182e-05, 0.00010978597128996626, 5.386261909734458e-05, 2.8437914807000197e-05, 4.184449426247738e-05, 2.614340337458998e-05, 2.3773320208420046e-05, 2.309920273546595e-05, 3.531368201947771e-05, 4.792547770193778e-05, 3.47866807715036e-05, 3.582777935662307e-05, 4.5025757572147995e-05, 3.225255204597488e-05, 2.7440295525593683e-05, 2.364270039834082e-05, 2.4218014004873112e-05, 1.801975849957671e-05, 1.4381035725818947e-05, 9.933942237694282e-06, 9.788184797798749e-06, 9.467256859352347e-06, 8.732975402381271e-06, 1.0838764865184203e-05, 9.97847382677719e-06, 1.1285586879239418e-05, 1.4177458979247604e-05, 1.375116789859021e-05, 1.296325081057148e-05, 1.5159927897911984e-05, 1.1392301530577242e-05, 1.073222028935561e-05, 1.1887904292962048e-05, 1.2595049156516325e-05, 1.3048125765635632e-05, 1.4764027582714334e-05, 1.2241459444339853e-05, 1.1534021723491605e-05, 1.0495541573618539e-05, 1.1620900295383763e-05, 1.0476574971107766e-05, 8.014497325348202e-06, 6.601557743124431e-06, 6.1911146076454315e-06, 5.865331786480965e-06, 5.825615971843945e-06, 6.266436685109511e-06, 6.033892987034051e-06, 6.3871634665702e-06, 6.734325324941892e-06, 6.997219315962866e-06, 7.710373211011756e-06, 1.0134887816093396e-05, 1.3328015484148636e-05, 1.3891606613469776e-05, 1.0475139788468368e-05, 1.0528765415074304e-05, 9.77426770987222e-06, 6.008872333040927e-06, 4.168990926700644e-06, 3.881598786392715e-06, 4.842342605115846e-06, 3.0385592708626064e-06, 2.0938150555593893e-06, 1.723922082419449e-06, 1.0605467650748324e-06, 9.339961479781778e-07, 6.264343710427056e-07, 4.981814640814264e-07, 3.1292512403524597e-07, 2.0310768888975872e-07, 5.035251504637017e-08, 3.9013934305387465e-09, 5.071751005281122e-11, 5.068938324637173e-11, 5.067322256246953e-11, 5.021778132219268e-11, 4.7769749961235064e-11, 3.527186875906807e-11, 1.5791782811969135e-11, 8.759465375263176e-12, 8.474730466001557e-12], "lowlevel.mfcc.mean": [-583.365234375, 78.53388214111328, 14.398185729980469, 5.065215110778809, -0.9184677004814148, -0.30574920773506165, 3.806865930557251, -0.4166868329048157, 7.295827865600586, -0.394266813993454, 8.833821296691895, 4.435581207275391, 5.730171203613281], "lowlevel.spectral_contrast_coeffs.mean": [-0.7454004287719727, -0.7512603402137756, -0.7900388836860657, -0.8211503028869629, -0.8172893524169922, -0.777960479259491], "lowlevel.spectral_contrast_coeffs.stdev": [0.08136186003684998, 0.08812495321035385, 0.06177689507603645, 0.03554467111825943, 0.023328857496380806, 0.023479701951146126], "lowlevel.spectral_contrast_valleys.mean": [-6.794234275817871, -6.182321548461914, -6.692801475524902, -6.984036922454834, -6.814431190490723, -8.780304908752441], "lowlevel.spectral_contrast_valleys.stdev": [0.9360499978065491, 0.5592730641365051, 0.6310967206954956, 0.5099563598632812, 0.5351361632347107, 0.700639545917511], "rhythm.beats_loudness_band_ratio.mean": [0.35124072432518005, 0.13188394904136658, 0.20611432194709778, 0.1379205882549286, 0.06703218072652817, 0.15813013911247253], "rhythm.beats_loudness_band_ratio.stdev": [0.26858094334602356, 0.16430824995040894, 0.18206994235515594, 0.16971422731876373, 0.062074095010757446, 0.17048011720180511], "tonal.hpcp.mean": [0.16644832491874695, 0.12870582938194275, 0.11506011337041855, 0.12516357004642487, 0.14625540375709534, 0.1485249549150467, 0.12453077733516693, 0.10949524492025375, 0.10215180367231369, 0.12245912849903107, 0.12604081630706787, 0.09852581471204758, 0.08055251836776733, 0.07243692129850388, 0.07049082219600677, 0.07054217904806137, 0.07036467641592026, 0.06629317253828049, 0.0686059221625328, 0.06733600050210953, 0.05863393470644951, 0.059800054877996445, 0.0679810419678688, 0.0968700423836708, 0.1307229846715927, 0.13628092408180237, 0.13098643720149994, 0.12895254790782928, 0.1297786831855774, 0.18381427228450775, 0.29444095492362976, 0.312608003616333, 0.28913846611976624, 0.32604146003723145, 0.2964174449443817, 0.21475084125995636], "tonal.hpcp.stdev": [0.24809595942497253, 0.231188103556633, 0.21318797767162323, 0.21939446032047272, 0.2477182298898697, 0.2513079345226288, 0.21158191561698914, 0.18352442979812622, 0.18121589720249176, 0.19460785388946533, 0.21108758449554443, 0.17458851635456085, 0.15122094750404358, 0.12617456912994385, 0.13826318085193634, 0.12207645177841187, 0.12300584465265274, 0.1306208074092865, 0.13188351690769196, 0.13677598536014557, 0.12048615515232086, 0.12062962353229523, 0.12517625093460083, 0.18601761758327484, 0.22800813615322113, 0.2292838990688324, 0.22755007445812225, 0.2211282104253769, 0.21843326091766357, 0.25849246978759766, 0.332640677690506, 0.33144786953926086, 0.3207970857620239, 0.3595467805862427, 0.33964645862579346, 0.29198598861694336], "rhythm.beats_position": [0.42956915497779846, 0.8707482814788818, 1.3119274377822876, 1.7414965629577637, 2.1710658073425293, 2.600634813308716, 3.0185940265655518, 3.4481632709503174, 3.8661224842071533, 4.29569149017334, 4.7252607345581055, 5.154829978942871, 5.584399223327637, 6.013967990875244, 6.44353723526001, 6.884716510772705, 7.3258957862854, 7.732244968414307, 8.126983642578125, 8.533332824707031, 8.939682006835938, 9.346031188964844, 9.75238037109375, 10.170339584350586, 10.565078735351562, 10.959818840026855, 11.354557991027832, 11.749297142028809, 12.144036293029785, 12.538775444030762, 12.933514595031738, 13.328253746032715, 13.722992897033691, 14.094511985778809, 14.466031074523926, 14.83755111694336], "rhythm.bpm_histogram": [0.0, 0.0, 0.0, 0.0, 0.0, 0.0, 0.0, 0.0, 0.0, 0.0, 0.0, 0.0, 0.0, 0.0, 0.0, 0.0, 0.0, 0.0, 0.0, 0.0, 0.0, 0.0, 0.0, 0.0, 0.0, 0.0, 0.0, 0.0, 0.0, 0.0, 0.0, 0.0, 0.0, 0.0, 0.0, 0.0, 0.0, 0.0, 0.0, 0.0, 0.0, 0.0, 0.0, 0.0, 0.0, 0.0, 0.0, 0.0, 0.0, 0.0, 0.0, 0.0, 0.0, 0.0, 0.0, 0.0, 0.0, 0.0, 0.0, 0.0, 0.0, 0.0, 0.0, 0.0, 0.0, 0.0, 0.0, 0.0, 0.0, 0.0, 0.0, 0.0, 0.0, 0.0, 0.0, 0.0, 0.0, 0.0, 0.0, 0.0, 0.0, 0.0, 0.0, 0.0, 0.0, 0.0, 0.0, 0.0, 0.0, 0.0, 0.0, 0.0, 0.0, 0.0, 0.0, 0.0, 0.0, 0.0, 0.0, 0.0, 0.0, 0.0, 0.0, 0.0, 0.0, 0.0, 0.0, 0.0, 0.0, 0.0, 0.0, 0.0, 0.0, 0.0, 0.0, 0.0, 0.0, 0.0, 0.0, 0.0, 0.0, 0.0, 0.0, 0.0, 0.0, 0.0, 0.0, 0.0, 0.0, 0.0, 0.0, 0.0, 0.0, 0.0, 0.0, 0.0, 0.11428571492433548, 0.0, 0.0, 0.0, 0.2857142984867096, 0.0, 0.0, 0.0, 0.08571428805589676, 0.0, 0.0, 0.0, 0.1428571492433548, 0.0, 0.0, 0.0, 0.2857142984867096, 0.0, 0.0, 0.0, 0.0, 0.0, 0.0, 0.0, 0.0, 0.08571428805589676, 0.0, 0.0, 0.0, 0.0, 0.0, 0.0, 0.0, 0.0, 0.0, 0.0, 0.0, 0.0, 0.0, 0.0, 0.0, 0.0, 0.0, 0.0, 0.0, 0.0, 0.0, 0.0, 0.0, 0.0, 0.0, 0.0, 0.0, 0.0, 0.0, 0.0, 0.0, 0.0, 0.0, 0.0, 0.0, 0.0, 0.0, 0.0, 0.0, 0.0, 0.0, 0.0, 0.0, 0.0, 0.0, 0.0, 0.0, 0.0, 0.0, 0.0, 0.0, 0.0, 0.0, 0.0, 0.0, 0.0, 0.0, 0.0, 0.0, 0.0, 0.0, 0.0, 0.0, 0.0, 0.0, 0.0, 0.0, 0.0, 0.0, 0.0, 0.0, 0.0, 0.0, 0.0, 0.0, 0.0, 0.0, 0.0, 0.0, 0.0, 0.0, 0.0, 0.0, 0.0, 0.0, 0.0, 0.0, 0.0], "tonal.chords_histogram": [7.975460052490234, 0.0, 8.588956832885742, 0.0, 0.0, 2.4539878368377686, 0.0, 16.871166229248047, 4.601226806640625, 12.269938468933105, 0.0, 0.0, 0.0, 0.0, 0.0, 0.0, 1.8404908180236816, 0.0, 0.0, 0.0, 0.0, 6.134969234466553, 31.28834342956543, 7.975460052490234], "tonal.thpcp": [1.0, 0.9091403484344482, 0.6586611270904541, 0.5105127692222595, 0.39475294947624207, 0.35290026664733887, 0.38388851284980774, 0.44857916235923767, 0.45554009079933167, 0.38194766640663147, 0.33583226799964905, 0.3133092522621155, 0.37559372186660767, 0.38657909631729126, 0.302187979221344, 0.24706219136714935, 0.222170889377594, 0.2162020206451416, 0.21635954082012177, 0.21581511199474335, 0.20332743227481842, 0.21042084693908691, 0.20652587711811066, 0.17983582615852356, 0.18341241776943207, 0.20850428938865662, 0.29710957407951355, 0.4009397625923157, 0.4179864823818207, 0.40174779295921326, 0.39550966024398804, 0.3980434834957123, 0.5637757778167725, 0.9030782580375671, 0.9587982892990112, 0.8868150115013123], "lowlevel.gfcc.cov": [[3122.380859375, -123.18753814697266, 274.5930480957031, 180.19882202148438, 187.7404022216797, 387.1632995605469, 320.3534851074219, 268.3316955566406, 157.36782836914062, 162.16395568847656, 41.59910583496094, 133.90171813964844, -112.29439544677734], [-123.18753814697266, 641.0057983398438, 219.34007263183594, 141.98480224609375, 285.8512878417969, 82.2916488647461, 145.39990234375, 8.909790992736816, 121.55792999267578, 1.2348811626434326, 65.57106018066406, 0.7934808135032654, 7.472682476043701], [274.5930480957031, 219.34007263183594, 380.82354736328125, 255.09182739257812, 165.35791015625, 42.828582763671875, 61.19365310668945, 38.92536163330078, 106.76902770996094, 50.57095718383789, 31.21116065979004, 15.595885276794434, -27.99700927734375], [180.19882202148438, 141.98480224609375, 255.09182739257812, 357.02587890625, 236.74978637695312, 108.3210220336914, 110.79391479492188, 46.9324951171875, 124.74308776855469, 37.67509460449219, 34.0184326171875, 10.965218544006348, -20.55738639831543], [187.7404022216797, 285.8512878417969, 165.35791015625, 236.74978637695312, 411.7641906738281, 258.0643615722656, 254.13209533691406, 79.08836364746094, 136.9844207763672, 23.704538345336914, 44.21470642089844, 23.904888153076172, -13.103121757507324], [387.1632995605469, 82.2916488647461, 42.828582763671875, 108.3210220336914, 258.0643615722656, 402.4388122558594, 326.0435485839844, 61.36452102661133, 79.93240356445312, 17.907169342041016, 38.11262512207031, 26.488569259643555, -10.608115196228027], [320.3534851074219, 145.39990234375, 61.19365310668945, 110.79391479492188, 254.13209533691406, 326.0435485839844, 345.1208801269531, 92.68632507324219, 110.6821517944336, 26.137388229370117, 45.82048416137695, 33.64922332763672, -12.755060195922852], [268.3316955566406, 8.909790992736816, 38.92536163330078, 46.9324951171875, 79.08836364746094, 61.36452102661133, 92.68632507324219, 119.08395385742188, 98.75726318359375, 43.41706848144531, 11.274169921875, 17.94537925720215, -10.899212837219238], [157.36782836914062, 121.55792999267578, 106.76902770996094, 124.74308776855469, 136.9844207763672, 79.93240356445312, 110.6821517944336, 98.75726318359375, 182.091552734375, 79.90087127685547, 44.290130615234375, 9.995433807373047, -11.981287002563477], [162.16395568847656, 1.2348811626434326, 50.57095718383789, 37.67509460449219, 23.704538345336914, 17.907169342041016, 26.137388229370117, 43.41706848144531, 79.90087127685547, 84.56416320800781, 46.451236724853516, 15.790907859802246, -12.616976737976074], [41.59910583496094, 65.57106018066406, 31.21116065979004, 34.0184326171875, 44.21470642089844, 38.11262512207031, 45.82048416137695, 11.274169921875, 44.290130615234375, 46.451236724853516, 80.17154693603516, 30.941761016845703, 2.0849967002868652], [133.90171813964844, 0.7934808135032654, 15.595885276794434, 10.965218544006348, 23.904888153076172, 26.488569259643555, 33.64922332763672, 17.94537925720215, 9.995433807373047, 15.790907859802246, 30.941761016845703, 56.550048828125, 7.684238433837891], [-112.29439544677734, 7.472682476043701, -27.99700927734375, -20.55738639831543, -13.103121757507324, -10.608115196228027, -12.755060195922852, -10.899212837219238, -11.981287002563477, -12.616976737976074, 2.0849967002868652, 7.684238433837891, 51.34572219848633]], "lowlevel.gfcc.icov": [[0.0006318475934676826, -0.00020502439292613417, -0.0002929272595793009, -0.0001890436833491549, 0.0005018230294808745, -0.0011360261123627424, 0.0005729409167543054, -0.0016232390189543366, 0.0010136425262317061, -0.001212764298543334, 0.0008178886491805315, -0.0013010991970077157, 0.0009674398461356759], [-0.00020502439292613417, 0.005079274531453848, -0.0029989457689225674, 0.00341240456327796, -0.004100976046174765, 0.0036486091557890177, -0.002756989561021328, 0.004315675236284733, -0.004637076053768396, 0.00583556666970253, -0.004708100575953722, 0.0028313565999269485, -0.0013987628044560552], [-0.0002929272595793009, -0.0029989457689225674, 0.007568634580820799, -0.005542178172618151, 0.0016715438105165958, -0.0003929202794097364, 0.0008823504322208464, -0.0006057300488464534, 0.0017825094982981682, -0.004704988095909357, 0.003411100711673498, -0.0022164718247950077, 0.001592791872099042], [-0.0001890436833491549, 0.00341240456327796, -0.005542178172618151, 0.00995386391878128, -0.0054650623351335526, 0.0018230729037895799, -0.0004960840451531112, 0.0040799519047141075, -0.006012748461216688, 0.005622310098260641, -0.0035848242696374655, 0.0019623409025371075, -0.0003915679408237338], [0.0005018230294808745, -0.004100976046174765, 0.0016715438105165958, -0.0054650623351335526, 0.010899713262915611, -0.005472774151712656, 0.0007268568151630461, -0.004645877052098513, 0.0015527787618339062, -0.0012888635974377394, 0.002640043618157506, -0.0031200104858726263, 0.0016683050198480487], [-0.0011360261123627424, 0.0036486091557890177, -0.0003929202794097364, 0.0018230729037895799, -0.005472774151712656, 0.016832873225212097, -0.014969593845307827, 0.008579911664128304, -0.0018090246012434363, 0.0012879930436611176, -0.0020560231059789658, 0.0045014359056949615, -0.0030120047740638256], [0.0005729409167543054, -0.002756989561021328, 0.0008823504322208464, -0.0004960840451531112, 0.0007268568151630461, -0.014969593845307827, 0.0202981885522604, -0.009218009188771248, -0.0004818900197278708, 0.0026064887642860413, -0.0014732556883245707, -0.004202690906822681, 0.0033320048823952675], [-0.0016232390189543366, 0.004315675236284733, -0.0006057300488464534, 0.0040799519047141075, -0.004645877052098513, 0.008579911664128304, -0.009218009188771248, 0.028283514082431793, -0.015963148325681686, 0.002595488680526614, 0.0037761826533824205, -0.002152987290173769, -0.001492313458584249], [0.0010136425262317061, -0.004637076053768396, 0.0017825094982981682, -0.006012748461216688, 0.0015527787618339062, -0.0018090246012434363, -0.0004818900197278708, -0.015963148325681686, 0.0271897092461586, -0.02014411799609661, 0.003107608761638403, 0.0031692171469330788, -0.0012352069607004523], [-0.001212764298543334, 0.00583556666970253, -0.004704988095909357, 0.005622310098260641, -0.0012888635974377394, 0.0012879930436611176, 0.0026064887642860413, 0.002595488680526614, -0.02014411799609661, 0.04322456568479538, -0.021814389154314995, 0.003501113737002015, 0.003602258861064911], [0.0008178886491805315, -0.004708100575953722, 0.003411100711673498, -0.0035848242696374655, 0.002640043618157506, -0.0020560231059789658, -0.0014732556883245707, 0.0037761826533824205, 0.003107608761638403, -0.021814389154314995, 0.03258570656180382, -0.014857598580420017, -0.00015170797996688634], [-0.0013010991970077157, 0.0028313565999269485, -0.0022164718247950077, 0.0019623409025371075, -0.0031200104858726263, 0.0045014359056949615, -0.004202690906822681, -0.002152987290173769, 0.0031692171469330788, 0.003501113737002015, -0.014857598580420017, 0.03095734864473343, -0.007477553095668554], [0.0009674398461356759, -0.0013987628044560552, 0.001592791872099042, -0.0003915679408237338, 0.0016683050198480487, -0.0030120047740638256, 0.0033320048823952675, -0.001492313458584249, -0.0012352069607004523, 0.003602258861064911, -0.00015170797996688634, -0.007477553095668554, 0.02454349398612976]], "lowlevel.mfcc.cov": [[2982.158203125, -223.61444091796875, 135.5757598876953, -44.353233337402344, 27.238882064819336, 199.9897918701172, 204.04855346679688, 261.8768005371094, 155.7958221435547, 161.86936950683594, 152.38352966308594, 185.40768432617188, 87.88036346435547], [-223.61444091796875, 540.503662109375, 29.211612701416016, 92.42314147949219, 121.94319915771484, 92.15727996826172, 60.08567428588867, 72.49388122558594, 22.35532569885254, 68.64966583251953, 21.31512451171875, 33.52682876586914, 11.70944595336914], [135.5757598876953, 29.211612701416016, 271.0079345703125, 156.2864227294922, 72.181884765625, 31.082197189331055, -23.541040420532227, -10.823881149291992, 7.081936836242676, 18.773584365844727, 36.95535659790039, 46.32616424560547, 23.786800384521484], [-44.353233337402344, 92.42314147949219, 156.2864227294922, 315.5135803222656, 182.9499053955078, 37.991119384765625, -23.094772338867188, 25.31233787536621, 34.235443115234375, 41.603946685791016, 48.9109001159668, 60.4753532409668, 30.777254104614258], [27.238882064819336, 121.94319915771484, 72.181884765625, 182.9499053955078, 207.0892791748047, 114.1919937133789, 41.171878814697266, 70.63897705078125, 51.46528244018555, 75.05381774902344, 45.279422760009766, 53.16440963745117, 22.050920486450195], [199.9897918701172, 92.15727996826172, 31.082197189331055, 37.991119384765625, 114.1919937133789, 333.36553955078125, 213.52557373046875, 195.58749389648438, 79.4161605834961, 136.16476440429688, 50.7649040222168, 61.87677764892578, 11.859293937683105], [204.04855346679688, 60.08567428588867, -23.541040420532227, -23.094772338867188, 41.171878814697266, 213.52557373046875, 212.0526885986328, 160.52993774414062, 54.577205657958984, 73.71825408935547, 23.622922897338867, 36.68970489501953, 7.138097286224365], [261.8768005371094, 72.49388122558594, -10.823881149291992, 25.31233787536621, 70.63897705078125, 195.58749389648438, 160.52993774414062, 215.04872131347656, 99.72562408447266, 117.66587829589844, 46.35533905029297, 55.04161834716797, 14.073328971862793], [155.7958221435547, 22.35532569885254, 7.081936836242676, 34.235443115234375, 51.46528244018555, 79.4161605834961, 54.577205657958984, 99.72562408447266, 108.07020568847656, 94.14864349365234, 42.35909652709961, 25.216487884521484, 12.85855484008789], [161.86936950683594, 68.64966583251953, 18.773584365844727, 41.603946685791016, 75.05381774902344, 136.16476440429688, 73.71825408935547, 117.66587829589844, 94.14864349365234, 170.9497833251953, 75.62134552001953, 63.39036178588867, 20.806718826293945], [152.38352966308594, 21.31512451171875, 36.95535659790039, 48.9109001159668, 45.279422760009766, 50.7649040222168, 23.622922897338867, 46.35533905029297, 42.35909652709961, 75.62134552001953, 90.3382797241211, 64.16602325439453, 26.972057342529297], [185.40768432617188, 33.52682876586914, 46.32616424560547, 60.4753532409668, 53.16440963745117, 61.87677764892578, 36.68970489501953, 55.04161834716797, 25.216487884521484, 63.39036178588867, 64.16602325439453, 112.197509765625, 49.61604690551758], [87.88036346435547, 11.70944595336914, 23.786800384521484, 30.777254104614258, 22.050920486450195, 11.859293937683105, 7.138097286224365, 14.073328971862793, 12.85855484008789, 20.806718826293945, 26.972057342529297, 49.61604690551758, 57.882266998291016]], "lowlevel.mfcc.icov": [[0.00048555171815678477, 0.00027686351677402854, -0.0004466641112230718, 0.00048394876648671925, -0.00023512491316068918, 0.00034956546733155847, -0.00029830244602635503, -0.0005599971627816558, -0.00025851011741906404, 0.00017836576444096863, -0.00033735239412635565, -0.00046376202953979373, -0.00012803301797248423], [0.00027686351677402854, 0.0024317805655300617, -0.00034007191425189376, 0.0003009267384186387, -0.0015795017825439572, 0.0008406154811382294, -0.0007855173898860812, -0.0009167901589535177, 0.001259986194781959, -0.001095856772735715, 0.0002806232078000903, 7.960696530062705e-05, -0.00026826150133274496], [-0.0004466641112230718, -0.00034007191425189376, 0.006322478875517845, -0.0038567741867154837, 0.002096493262797594, -0.0027523140888661146, 0.0015329921152442694, 0.0023039723746478558, -0.0005133958766236901, 0.0006012009107507765, -0.0004850748518947512, -0.0007308665080927312, -3.4089880500687286e-05], [0.00048394876648671925, 0.0003009267384186387, -0.0038567741867154837, 0.010328940115869045, -0.008500109426677227, 0.0019976228941231966, 0.001403426518663764, -0.0022678356617689133, -0.000581165193580091, 0.0017962242709472775, -0.0011152243241667747, -0.001403267146088183, -0.0002895959187299013], [-0.00023512491316068918, -0.0015795017825439572, 0.002096493262797594, -0.008500109426677227, 0.015376836992800236, -0.00533932913094759, 0.0018815002404153347, 0.0017431662417948246, -0.0023423891980201006, -0.00043428372009657323, 0.00035651325015351176, -0.0006657348130829632, -4.234765583532862e-06], [0.00034956546733155847, 0.0008406154811382294, -0.0027523140888661146, 0.0019976228941231966, -0.00533932913094759, 0.014731730334460735, -0.010992975905537605, -0.003476438345387578, 0.00400301069021225, -0.005963310599327087, 0.0007494792807847261, 0.0005131897050887346, 0.001049959915690124], [-0.00029830244602635503, -0.0007855173898860812, 0.0015329921152442694, 0.001403426518663764, 0.0018815002404153347, -0.010992975905537605, 0.020841779187321663, -0.00827234610915184, 0.0003823850420303643, 0.004976097494363785, -0.00036671373527497053, -0.0004451494023669511, -0.001109016127884388], [-0.0005599971627816558, -0.0009167901589535177, 0.0023039723746478558, -0.0022678356617689133, 0.0017431662417948246, -0.003476438345387578, -0.00827234610915184, 0.021162323653697968, -0.011021624319255352, -0.0015817377716302872, 0.0027047714684158564, -0.004569690674543381, 0.0028914783615618944], [-0.00025851011741906404, 0.001259986194781959, -0.0005133958766236901, -0.000581165193580091, -0.0023423891980201006, 0.00400301069021225, 0.0003823850420303643, -0.011021624319255352, 0.027066504582762718, -0.01098715327680111, -0.00318987388163805, 0.008820600807666779, -0.004775418434292078], [0.00017836576444096863, -0.001095856772735715, 0.0006012009107507765, 0.0017962242709472775, -0.00043428372009657323, -0.005963310599327087, 0.004976097494363785, -0.0015817377716302872, -0.01098715327680111, 0.020195281133055687, -0.007727472111582756, -0.00399732356891036, 0.0021154936403036118], [-0.00033735239412635565, 0.0002806232078000903, -0.0004850748518947512, -0.0011152243241667747, 0.00035651325015351176, 0.0007494792807847261, -0.00036671373527497053, 0.0027047714684158564, -0.00318987388163805, -0.007727472111582756, 0.025624454021453857, -0.010468848049640656, 0.0008656278951093554], [-0.00046376202953979373, 7.960696530062705e-05, -0.0007308665080927312, -0.001403267146088183, -0.0006657348130829632, 0.0005131897050887346, -0.0004451494023669511, -0.004569690674543381, 0.008820600807666779, -0.00399732356891036, -0.010468848049640656, 0.02596423402428627, -0.014851628802716732], [-0.00012803301797248423, -0.00026826150133274496, -3.4089880500687286e-05, -0.0002895959187299013, -4.234765583532862e-06, 0.001049959915690124, -0.001109016127884388, 0.0028914783615618944, -0.004775418434292078, 0.0021154936403036118, 0.0008656278951093554, -0.014851628802716732, 0.029541026800870895]], "metadata.audio_properties.analysis.downmix": "mix", "metadata.audio_properties.codec": "mp3", "metadata.audio_properties.md5_encoded": "0a0a40f48022f30f7ba4fac1f8fd03c5", "metadata.tags.file_name": "1183680569960316938.mp3", "metadata.version.essentia": "2.1-beta6-dev", "metadata.version.essentia_git_sha": "v2.1_beta5-1110-g77a6a954", "metadata.version.extractor": "music 2.0", "tonal.chords_key": "F", "tonal.chords_scale": "minor", "tonal.key_edma.key": "C", "tonal.key_edma.scale": "minor", "tonal.key_krumhansl.key": "C", "tonal.key_krumhansl.scale": "minor", "tonal.key_temperley.key": "C", "tonal.key_temperley.scale": "minor", "metadata.tags.encoding": ["Lavf58.45.100"]}, "essentia_models": [{"model_name": "genre_dortmund", "activations": {"alternative": "0.026366642", "blues": "0.0007673993", "electronic": "0.24264488", "folkcountry": "0.0017027505", "funksoulrnb": "0.027692175", "jazz": "0.0050107744", "pop": "0.01180231", "raphiphop": "0.14826143", "rock": "0.51147234"}}, {"model_name": "genre_rosamerica", "activations": {"classic": "0.014070211", "dance": "0.030770015", "hip hop": "0.28400463", "jazz": "0.004875425", "pop": "0.0029283627", "rhythm and blues": "0.011072393", "rock": "0.5032119", "speech": "0.016484488"}}, {"model_name": "genre_tzanetakis", "activations": {"blues": "0.0038513087", "classic": "0.0017369713", "country": "0.0066128806", "disco": "0.027323533", "hip hop": "0.29450482", "