{"song_id": "1183700755404816424", "download": "https://cdn.discordapp.com/attachments/1128313332273782784/1183700755404816424/chirp.mp4?ex=65894a3c&amp", "lyrics": "[verse]\nMicrowave dinner, it's my daily feast\nZapped in seconds, a meal for the least\nPlastic tray, artificial bites\nEmpty calories, a microwave delight\n\n[chorus]\nMicrowave dinner, a tasteless parade\nConvenience replaces flavor, it's a charade\nRadiation rebellion, I won't comply\nNo more microwave dinners, it's time to defy", "style": ["punk"], "essentia_features": {"lowlevel.average_loudness": 0.9841667413711548, "lowlevel.barkbands_crest.mean": 8.910476684570312, "lowlevel.barkbands_crest.stdev": 3.559830904006958, "lowlevel.barkbands_flatness_db.mean": 0.09791849553585052, "lowlevel.barkbands_flatness_db.stdev": 0.03453736752271652, "lowlevel.barkbands_kurtosis.mean": 0.49431008100509644, "lowlevel.barkbands_kurtosis.stdev": 3.9651589393615723, "lowlevel.barkbands_skewness.mean": 0.8102669715881348, "lowlevel.barkbands_skewness.stdev": 1.0005182027816772, "lowlevel.barkbands_spread.mean": 37.958473205566406, "lowlevel.barkbands_spread.stdev": 14.878438949584961, "lowlevel.dissonance.mean": 0.4840920567512512, "lowlevel.dissonance.stdev": 0.014567679725587368, "lowlevel.dynamic_complexity": 1.4800903797149658, "lowlevel.erbbands_crest.mean": 9.728105545043945, "lowlevel.erbbands_crest.stdev": 3.7228410243988037, "lowlevel.erbbands_flatness_db.mean": 0.14254437386989594, "lowlevel.erbbands_flatness_db.stdev": 0.03098432905972004, "lowlevel.erbbands_kurtosis.mean": 1.6243072748184204, "lowlevel.erbbands_kurtosis.stdev": 2.1071395874023438, "lowlevel.erbbands_skewness.mean": -0.7282931208610535, "lowlevel.erbbands_skewness.stdev": 0.6779388785362244, "lowlevel.erbbands_spread.mean": 32.577606201171875, "lowlevel.erbbands_spread.stdev": 15.469436645507812, "lowlevel.hfc.mean": 32.70790481567383, "lowlevel.hfc.stdev": 16.91429901123047, "lowlevel.loudness_ebu128.integrated": -14.703872680664062, "lowlevel.loudness_ebu128.loudness_range": 0.7816448211669922, "lowlevel.loudness_ebu128.momentary.mean": -14.773726463317871, "lowlevel.loudness_ebu128.momentary.stdev": 0.7775224447250366, "lowlevel.loudness_ebu128.short_term.mean": -14.683891296386719, "lowlevel.loudness_ebu128.short_term.stdev": 0.2855536639690399, "lowlevel.melbands_crest.mean": 15.040446281433105, "lowlevel.melbands_crest.stdev": 4.610396862030029, "lowlevel.melbands_flatness_db.mean": 0.16653165221214294, "lowlevel.melbands_flatness_db.stdev": 0.04703109711408615, "lowlevel.melbands_kurtosis.mean": 7.315320014953613, "lowlevel.melbands_kurtosis.stdev": 14.25560474395752, "lowlevel.melbands_skewness.mean": 2.222613573074341, "lowlevel.melbands_skewness.stdev": 1.6019304990768433, "lowlevel.melbands_spread.mean": 41.26451873779297, "lowlevel.melbands_spread.stdev": 19.14825439453125, "lowlevel.pitch_salience.mean": 0.53629070520401, "lowlevel.pitch_salience.stdev": 0.09743086248636246, "lowlevel.silence_rate_20dB.mean": 1.0, "lowlevel.silence_rate_20dB.stdev": 0.0, "lowlevel.silence_rate_30dB.mean": 0.9870848655700684, "lowlevel.silence_rate_30dB.stdev": 0.11290819197893143, "lowlevel.silence_rate_60dB.mean": 0.0012300122762098908, "lowlevel.silence_rate_60dB.stdev": 0.03504962846636772, "lowlevel.spectral_centroid.mean": 1964.1080322265625, "lowlevel.spectral_centroid.stdev": 424.25396728515625, "lowlevel.spectral_complexity.mean": 27.638376235961914, "lowlevel.spectral_complexity.stdev": 5.7019758224487305, "lowlevel.spectral_decrease.mean": -8.496447989614353e-09, "lowlevel.spectral_decrease.stdev": 8.51132320178749e-09, "lowlevel.spectral_energy.mean": 0.035034313797950745, "lowlevel.spectral_energy.stdev": 0.03263666480779648, "lowlevel.spectral_energyband_high.mean": 0.0011077910894528031, "lowlevel.spectral_energyband_high.stdev": 0.0014116381062194705, "lowlevel.spectral_energyband_low.mean": 0.015814224258065224, "lowlevel.spectral_energyband_low.stdev": 0.02968715876340866, "lowlevel.spectral_energyband_middle_high.mean": 0.009288186207413673, "lowlevel.spectral_energyband_middle_high.stdev": 0.0063607655465602875, "lowlevel.spectral_energyband_middle_low.mean": 0.010358945466578007, "lowlevel.spectral_energyband_middle_low.stdev": 0.013061679899692535, "lowlevel.spectral_entropy.mean": 7.788544178009033, "lowlevel.spectral_entropy.stdev": 0.2148982435464859, "lowlevel.spectral_flux.mean": 0.11790473759174347, "lowlevel.spectral_flux.stdev": 0.0726935863494873, "lowlevel.spectral_kurtosis.mean": 5.241734027862549, "lowlevel.spectral_kurtosis.stdev": 1.8219355344772339, "lowlevel.spectral_rms.mean": 0.00545102171599865, "lowlevel.spectral_rms.stdev": 0.002113328082486987, "lowlevel.spectral_rolloff.mean": 2413.8369140625, "lowlevel.spectral_rolloff.stdev": 1653.098388671875, "lowlevel.spectral_skewness.mean": 1.6220519542694092, "lowlevel.spectral_skewness.stdev": 0.2619136571884155, "lowlevel.spectral_spread.mean": 4498166.0, "lowlevel.spectral_spread.stdev": 1470134.25, "lowlevel.spectral_strongpeak.mean": 1.0832841396331787, "lowlevel.spectral_strongpeak.stdev": 1.570394515991211, "lowlevel.zerocrossingrate.mean": 0.08932603895664215, "lowlevel.zerocrossingrate.stdev": 0.03795764595270157, "metadata.audio_properties.analysis.equal_loudness": 0.0, "metadata.audio_properties.analysis.length": 37.71628189086914, "metadata.audio_properties.analysis.sample_rate": 44100.0, "metadata.audio_properties.analysis.start_time": 0.0, "metadata.audio_properties.bit_rate": 120707.0, "metadata.audio_properties.length": 37.71733474731445, "metadata.audio_properties.lossless": 0.0, "metadata.audio_properties.number_channels": 1.0, "metadata.audio_properties.replay_gain": -11.15687370300293, "metadata.audio_properties.sample_rate": 48000.0, "rhythm.beats_count": 55.0, "rhythm.beats_loudness.mean": 0.0362422801554203, "rhythm.beats_loudness.stdev": 0.009691615588963032, "rhythm.bpm": 89.53097534179688, "rhythm.bpm_histogram_first_peak_bpm": 89.0, "rhythm.bpm_histogram_first_peak_weight": 0.3396226167678833, "rhythm.bpm_histogram_second_peak_bpm": 83.0, "rhythm.bpm_histogram_second_peak_spread": 0.0, "rhythm.bpm_histogram_second_peak_weight": 0.018518518656492233, "rhythm.danceability": 1.9712430238723755, "rhythm.onset_rate": 3.524819850921631, "tonal.chords_changes_rate": 0.0626535639166832, "tonal.chords_number_rate": 0.014742014929652214, "tonal.chords_strength.mean": 0.5610243082046509, "tonal.chords_strength.stdev": 0.09099636971950531, "tonal.hpcp_crest.mean": 11.879327774047852, "tonal.hpcp_crest.stdev": 5.508800983428955, "tonal.hpcp_entropy.mean": 2.283867120742798, "tonal.hpcp_entropy.stdev": 0.7762893438339233, "tonal.key_edma.strength": 0.8605387210845947, "tonal.key_krumhansl.strength": 0.8704386353492737, "tonal.key_temperley.strength": 0.87855064868927, "tonal.tuning_diatonic_strength": 0.7253705859184265, "tonal.tuning_equal_tempered_deviation": 0.11772623658180237, "tonal.tuning_frequency": 444.85552978515625, "tonal.tuning_nontempered_energy_ratio": 0.8059797286987305, "lowlevel.barkbands.mean": [0.0005537829711101949, 0.008093316107988358, 0.0057776146568357944, 0.004061595071107149, 0.0029055303893983364, 0.0007392941042780876, 0.00026328436797484756, 0.00028690812177956104, 0.0018054067622870207, 0.000527911470271647, 0.0006240555667318404, 0.0007832843693904579, 0.0008491560001857579, 0.0005340068018995225, 0.0015574032440781593, 0.001160048064775765, 0.0018606935627758503, 0.0005345175741240382, 0.0008340454660356045, 0.00025613815523684025, 0.00014546957390848547, 0.00018665810057427734, 0.00011796291073551401, 0.0001647273893468082, 0.00020545566803775728, 0.00019445331417955458, 1.1597054253797978e-05], "lowlevel.barkbands.stdev": [0.0010441625490784645, 0.019687611609697342, 0.010218452662229538, 0.00530675845220685, 0.007443400099873543, 0.001260019838809967, 0.0007657151436433196, 0.0017797313630580902, 0.0034518626052886248, 0.0016536172479391098, 0.002023780718445778, 0.0027039346750825644, 0.002563013229519129, 0.0018432732904329896, 0.0021004630252718925, 0.0010232946369796991, 0.0012444732710719109, 0.0003432961239013821, 0.00044007383985444903, 0.0001646095042815432, 0.00011635557893896475, 0.0002632626856211573, 0.00020624228636734188, 0.0003666234842967242, 0.0004797220171894878, 0.00032342353370040655, 1.98799061763566e-05], "lowlevel.erbbands.mean": [0.2285413146018982, 1.8633617162704468, 6.292807102203369, 9.761635780334473, 16.39205551147461, 6.112770080566406, 3.6763224601745605, 6.986752033233643, 4.708654880523682, 3.9836621284484863, 11.030637741088867, 42.17393493652344, 28.898805618286133, 14.573801040649414, 34.912044525146484, 27.51369285583496, 31.560546875, 37.1434326171875, 71.2808837890625, 60.893165588378906, 78.04927825927734, 105.54014587402344, 36.940513610839844, 33.804595947265625, 38.96503448486328, 12.715372085571289, 6.266980171203613, 5.827308177947998, 7.076014995574951, 4.916864395141602, 3.0851168632507324, 2.953871250152588, 3.0329484939575195, 2.4328906536102295, 1.367370843887329, 0.7526810169219971, 0.3796907663345337, 0.06968507915735245, 0.0015291728777810931, 8.675661229062825e-05], "lowlevel.erbbands.stdev": [0.5768076777458191, 4.552823543548584, 11.75357723236084, 10.644559860229492, 35.80168914794922, 15.255586624145508, 6.399265289306641, 12.856927871704102, 13.058615684509277, 12.397648811340332, 55.06797409057617, 77.2848892211914, 70.90886688232422, 49.15463638305664, 106.76927185058594, 96.36872100830078, 85.70922088623047, 101.42657470703125, 103.27799987792969, 77.1860580444336, 59.72080612182617, 71.04003143310547, 20.94865608215332, 18.13912582397461, 23.16265106201172, 7.34196662902832, 4.807562828063965, 5.147663593292236, 9.660983085632324, 8.84387493133545, 5.232959747314453, 6.40866231918335, 7.0774946212768555, 6.262913703918457, 2.997223377227783, 1.4735997915267944, 0.6151299476623535, 0.10013073682785034, 0.0022458494640886784, 7.558726065326482e-05], "lowlevel.gfcc.mean": [44.9935417175293, 53.7650260925293, -114.73870849609375, 42.56843566894531, -24.888874053955078, 17.714338302612305, -40.22043991088867, 22.233476638793945, -28.725765228271484, -3.149763345718384, -32.9059944152832, 1.1797735691070557, -16.840974807739258], "lowlevel.melbands.mean": [0.002154080430045724, 0.002953727962449193, 0.0020252380054444075, 0.0007843105122447014, 0.00013665527512785047, 0.00015109090600162745, 6.96078350301832e-05, 4.2508530896157026e-05, 0.0001037939073285088, 0.00028796287369914353, 0.00013882812345400453, 5.214724660618231e-05, 9.498772851657122e-05, 0.0001065679534804076, 4.238577457726933e-05, 9.70377805060707e-05, 6.121302430983633e-05, 0.00010260508133796975, 0.00010237960668746382, 7.275101233972237e-05, 9.554257849231362e-05, 0.00012544136552605778, 5.076931120129302e-05, 2.1064899556222372e-05, 2.743272671068553e-05, 3.258268770878203e-05, 1.758244434313383e-05, 6.3361471802636515e-06, 3.7054774111311417e-06, 3.63266531167028e-06, 3.253494696764392e-06, 4.204469405522104e-06, 3.347655592733645e-06, 2.521744136174675e-06, 1.8063127527057077e-06, 1.5342404822149547e-06, 1.935515911100083e-06, 2.171258984162705e-06, 2.048461965387105e-06, 2.039727178271278e-06], "lowlevel.melbands.stdev": [0.00527045177295804, 0.005833843257278204, 0.0025032772682607174, 0.0018892487278208137, 0.0002512552309781313, 0.00027796736685559154, 0.00018553851987235248, 0.0001450386771466583, 0.0004967997083440423, 0.0005237927543930709, 0.00035278740688227117, 0.00019482694915495813, 0.0002900823310483247, 0.00036948666092939675, 0.00013068795669823885, 0.0003062532050535083, 0.00019961709040217102, 0.000160249910550192, 0.0001444231456844136, 7.676701352465898e-05, 7.862751226639375e-05, 9.226451220456511e-05, 3.7045672797830775e-05, 1.2964856978214812e-05, 1.66569952853024e-05, 2.0413986931089312e-05, 1.0470489542058203e-05, 4.4663447624770924e-06, 3.1434924494533334e-06, 3.2317550449079135e-06, 3.1098163617571117e-06, 5.656341272697318e-06, 5.5927639550645836e-06, 4.973739123670384e-06, 3.1553317967336625e-06, 2.8609595119633013e-06, 4.507135599851608e-06, 5.293593403621344e-06, 4.906121830572374e-06, 5.480475465446943e-06], "lowlevel.melbands128.mean": [0.00039649655809625983, 0.0017273820703849196, 0.0028537968173623085, 0.003060590475797653, 0.003326499368995428, 0.002657391130924225, 0.0017521758563816547, 0.0023105950094759464, 0.0018131923861801624, 0.0005768724367953837, 0.0002493954380042851, 0.0001375147548969835, 0.00011412283492973074, 0.00011290619295323268, 0.0001725157053442672, 0.00017472407489549369, 9.508890798315406e-05, 4.155003625783138e-05, 4.8846621211851016e-05, 4.2361265514045954e-05, 3.581677810871042e-05, 5.18728957104031e-05, 0.00010950348223559558, 0.0001579420204507187, 0.00023355812299996614, 0.0004530097940005362, 0.00017431088781449944, 0.00013217322702985257, 5.622551907435991e-05, 3.9768932765582576e-05, 6.0072718042647466e-05, 5.675166175933555e-05, 5.575883551500738e-05, 0.00017925731663126498, 0.0001246442407136783, 9.283098188461736e-05, 5.652444815495983e-05, 3.965847645304166e-05, 2.8893618946312927e-05, 5.4149390052771196e-05, 0.00015786952280905098, 9.265614789910614e-05, 4.0241713577415794e-05, 6.303704140009359e-05, 4.550992889562622e-05, 0.00010312937229173258, 0.00019494224397931248, 8.13311489764601e-05, 8.552274812245741e-05, 7.265913154697046e-05, 6.227184348972514e-05, 8.54983736644499e-05, 8.440834062639624e-05, 9.763010166352615e-05, 0.00012297200737521052, 0.00016360859444830567, 9.271015733247623e-05, 5.576690818998031e-05, 4.093748066225089e-05, 2.7494210371514782e-05, 1.652734681556467e-05, 1.725841502775438e-05, 2.8109388949815184e-05, 3.1057723390404135e-05, 2.5215857021976262e-05, 3.219563950551674e-05, 4.319794970797375e-05, 1.9532970327418298e-05, 1.2963771951035596e-05, 1.1015997188223992e-05, 5.580625838774722e-06, 4.659685600927332e-06, 3.7522866023209644e-06, 3.526822183630429e-06, 3.606144673540257e-06, 3.925655164493946e-06, 3.570623221094138e-06, 3.0156334105413407e-06, 3.1382185170514276e-06, 3.389293624422862e-06, 4.433611593412934e-06, 4.668165274779312e-06, 3.5954774375568377e-06, 3.456181275396375e-06, 2.8039926291967276e-06, 2.626810100991861e-06, 2.4530529572075466e-06, 2.219877615061705e-06, 1.7847115714175743e-06, 1.4798614529354381e-06, 1.5522419971603085e-06, 1.4992369870014954e-06, 1.579315835442685e-06, 1.851580918810214e-06, 2.258592530779424e-06, 2.2607648588746088e-06, 2.1267389911372447e-06, 2.071455810437328e-06, 1.9600734049163293e-06, 1.998874267883366e-06, 2.40383337768435e-06, 2.0458614926610608e-06, 1.6535300346731674e-06, 1.6280115460176603e-06, 1.5741093193355482e-06, 1.4170648228173377e-06, 1.4034947071195347e-06, 1.2421267001627712e-06, 1.1675274436129257e-06, 1.4274411341830273e-06, 1.35562777359155e-06, 1.1278692682026303e-06, 1.3704589036933612e-06, 1.2109164799767314e-06, 9.67600499279797e-07, 8.748500022193184e-07, 4.2425395463396853e-07, 8.071932455777642e-08, 4.075511927936759e-09, 5.871882407387785e-12, 5.101919321043313e-12, 4.944940290574351e-12, 4.811738247428865e-12, 4.69735665295512e-12, 4.578240998115435e-12, 4.441199144555874e-12, 4.357835273194333e-12, 4.324344701767124e-12], "lowlevel.melbands128.stdev": [0.000914835138246417, 0.004495909437537193, 0.007554009091109037, 0.007692293729633093, 0.006803642492741346, 0.004546137992292643, 0.0020841003861278296, 0.0035178991965949535, 0.0044858078472316265, 0.0019088543485850096, 0.0006316439830698073, 0.0003683166578412056, 0.0002348604321014136, 0.00022330218052957207, 0.0003086168726440519, 0.0004822503833565861, 0.0003501130559016019, 0.0001410600816598162, 0.00017933172057382762, 0.0001717983395792544, 0.0001795780408428982, 0.0004376760043669492, 0.0007205702131614089, 0.0008047388982959092, 0.0005577290430665016, 0.0009716307977214456, 0.0005914118955843151, 0.000526369665749371, 0.00021785011631436646, 0.00020772815332747996, 0.00032951010507531464, 0.00027405249420553446, 0.00027146717184223235, 0.0006811452913098037, 0.0005225267959758639, 0.0005822426755912602, 0.00025396636920049787, 0.00018880277639254928, 9.94675065157935e-05, 0.0002500954142306, 0.0005701520130969584, 0.0004438926698639989, 0.0001614084030734375, 0.0004224766744300723, 0.00016504018276464194, 0.00018718140199780464, 0.000383949518436566, 0.00017990412015933543, 0.00020854058675467968, 0.0001374366256641224, 8.71081865625456e-05, 0.0001110621087718755, 0.00013742645387537777, 0.00010329252836527303, 0.00014630895748268813, 0.00017835585458669811, 9.982338815461844e-05, 7.253820513142273e-05, 4.285142495064065e-05, 2.5982077204389498e-05, 1.4496729818347376e-05, 1.5161919691308867e-05, 2.4304068574565463e-05, 2.5754394300747663e-05, 2.1273899619700387e-05, 2.905245310103055e-05, 3.8977013900876045e-05, 1.6757467165007256e-05, 1.1641624951153062e-05, 1.0548074897087645e-05, 4.943981821270427e-06, 4.611108124663588e-06, 3.970236775785452e-06, 3.454555553616956e-06, 3.5721895983442664e-06, 3.917636604455765e-06, 4.032403467135737e-06, 2.9785455808450934e-06, 3.343267053423915e-06, 4.412123416841496e-06, 6.497855792986229e-06, 7.465485850843834e-06, 5.584079190157354e-06, 6.8176868808222935e-06, 5.698177119484171e-06, 5.318966032064054e-06, 5.52699157196912e-06, 4.821250968234381e-06, 3.2649263630446512e-06, 2.7649807634588797e-06, 2.9244056349853054e-06, 2.9579809961433057e-06, 3.6332974104880122e-06, 5.213740223553032e-06, 5.329540726961568e-06, 5.658126156049548e-06, 6.389145255525364e-06, 4.761303443956422e-06, 4.733554305857979e-06, 5.636429250444053e-06, 6.850380032119574e-06, 5.6817625591065735e-06, 4.760349384014262e-06, 4.624293524102541e-06, 3.654508418549085e-06, 3.027608727279585e-06, 2.9685895697184606e-06, 2.9877385259169387e-06, 2.7146875254402403e-06, 2.83577605841856e-06, 2.7737507934944006e-06, 2.2144079139252426e-06, 2.2450399228546303e-06, 2.0056618268426973e-06, 1.5199865401882562e-06, 1.3517886827685288e-06, 6.737169542248012e-07, 2.4954024979706446e-07, 4.9478554586812606e-08, 8.948870290625965e-12, 7.375607936899176e-12, 7.175789042829228e-12, 7.011163784959029e-12, 6.87274586200215e-12, 6.759907737741155e-12, 6.670883897358371e-12, 6.608262981960822e-12, 6.569753855517613e-12], "lowlevel.mfcc.mean": [-603.6326293945312, 92.11717987060547, -18.03858184814453, 33.95651626586914, 30.412334442138672, 5.665542125701904, 6.052757263183594, 15.12096118927002, 11.375216484069824, 1.9716652631759644, -2.932408571243286, -9.96056842803955, -2.555769681930542], "lowlevel.spectral_contrast_coeffs.mean": [-0.6871016025543213, -0.7705497741699219, -0.7693232297897339, -0.753009021282196, -0.7480663061141968, -0.7543943524360657], "lowlevel.spectral_contrast_coeffs.stdev": [0.06756138801574707, 0.06853581219911575, 0.06977283954620361, 0.04555622488260269, 0.031688570976257324, 0.034073662012815475], "lowlevel.spectral_contrast_valleys.mean": [-6.5994791984558105, -7.105615139007568, -7.218703746795654, -7.02011251449585, -6.879787921905518, -9.7796630859375], "lowlevel.spectral_contrast_valleys.stdev": [0.5331160426139832, 0.5171855092048645, 0.47181838750839233, 0.460180401802063, 0.4089478552341461, 0.6214691400527954], "rhythm.beats_loudness_band_ratio.mean": [0.5806192755699158, 0.1068088635802269, 0.07463165372610092, 0.06126894801855087, 0.1663385033607483, 0.09042813628911972], "rhythm.beats_loudness_band_ratio.stdev": [0.13395565748214722, 0.04968956485390663, 0.06953421235084534, 0.0799412950873375, 0.08011504262685776, 0.04542246460914612], "tonal.hpcp.mean": [0.12372290343046188, 0.12156397104263306, 0.24978232383728027, 0.29530322551727295, 0.15659189224243164, 0.07914377003908157, 0.05927834287285805, 0.06297004222869873, 0.09991680085659027, 0.12013879418373108, 0.0915481299161911, 0.06396427005529404, 0.06646780669689178, 0.07624520361423492, 0.10706645250320435, 0.12985074520111084, 0.1285678893327713, 0.17393754422664642, 0.18873390555381775, 0.11673209816217422, 0.06665007770061493, 0.061292614787817, 0.10749206691980362, 0.27898839116096497, 0.35818392038345337, 0.24711233377456665, 0.13984471559524536, 0.08346516638994217, 0.08201897889375687, 0.1445065587759018, 0.15774157643318176, 0.09704985469579697, 0.07400360703468323, 0.07506150007247925, 0.07305684685707092, 0.10334224998950958], "tonal.hpcp.stdev": [0.2028302401304245, 0.2111479490995407, 0.32990193367004395, 0.3803316652774811, 0.23470452427864075, 0.15653592348098755, 0.13248172402381897, 0.14747974276542664, 0.18196158111095428, 0.19510702788829803, 0.16655410826206207, 0.13544730842113495, 0.13434961438179016, 0.13913962244987488, 0.1720346361398697, 0.20999349653720856, 0.1663328856229782, 0.24621109664440155, 0.29527780413627625, 0.2072937786579132, 0.13715636730194092, 0.1251753866672516, 0.1769666075706482, 0.3211391866207123, 0.357678085565567, 0.3178856074810028, 0.2611851990222931, 0.20505991578102112, 0.19027888774871826, 0.2681872546672821, 0.273711234331131, 0.18682003021240234, 0.1579434722661972, 0.15965625643730164, 0.14494271576404572, 0.170802503824234], "rhythm.beats_position": [0.7082086205482483, 1.4280271530151367, 2.1362357139587402, 2.832834482192993, 3.5062131881713867, 4.179591655731201, 4.852970600128174, 5.526349067687988, 6.199728012084961, 6.873106479644775, 7.53487491607666, 8.196643829345703, 8.858412742614746, 9.520181655883789, 10.193559646606445, 10.866938591003418, 11.54031753540039, 12.213695526123047, 12.88707447052002, 13.537233352661133, 14.210612297058105, 14.872380256652832, 15.534149169921875, 16.20752716064453, 16.88090705871582, 17.554285049438477, 18.227664947509766, 18.901042938232422, 19.574420928955078, 20.259410858154297, 20.921178817749023, 21.59455680847168, 22.26793670654297, 22.941314697265625, 23.61469268798828, 24.28807258605957, 24.961450576782227, 25.634828567504883, 26.296598434448242, 26.95836639404297, 27.631746292114258, 28.305124282836914, 28.9901123046875, 29.66349220275879, 30.325260162353516, 30.975418090820312, 31.6487979888916, 32.31056594848633, 32.97233581542969, 33.645713806152344, 34.319091796875, 34.992469787597656, 35.654239654541016, 36.316009521484375, 36.98938751220703], "rhythm.bpm_histogram": [0.0, 0.0, 0.0, 0.0, 0.0, 0.0, 0.0, 0.0, 0.0, 0.0, 0.0, 0.0, 0.0, 0.0, 0.0, 0.0, 0.0, 0.0, 0.0, 0.0, 0.0, 0.0, 0.0, 0.0, 0.0, 0.0, 0.0, 0.0, 0.0, 0.0, 0.0, 0.0, 0.0, 0.0, 0.0, 0.0, 0.0, 0.0, 0.0, 0.0, 0.0, 0.0, 0.0, 0.0, 0.0, 0.0, 0.0, 0.0, 0.0, 0.0, 0.0, 0.0, 0.0, 0.0, 0.0, 0.0, 0.0, 0.0, 0.0, 0.0, 0.0, 0.0, 0.0, 0.0, 0.0, 0.0, 0.0, 0.0, 0.0, 0.0, 0.0, 0.0, 0.0, 0.0, 0.0, 0.0, 0.0, 0.0, 0.0, 0.0, 0.0, 0.0, 0.0, 0.018518518656492233, 0.0, 0.018518518656492233, 0.018518518656492233, 0.0, 0.03703703731298447, 0.6111111044883728, 0.0, 0.25925925374031067, 0.03703703731298447, 0.0, 0.0, 0.0, 0.0, 0.0, 0.0, 0.0, 0.0, 0.0, 0.0, 0.0, 0.0, 0.0, 0.0, 0.0, 0.0, 0.0, 0.0, 0.0, 0.0, 0.0, 0.0, 0.0, 0.0, 0.0, 0.0, 0.0, 0.0, 0.0, 0.0, 0.0, 0.0, 0.0, 0.0, 0.0, 0.0, 0.0, 0.0, 0.0, 0.0, 0.0, 0.0, 0.0, 0.0, 0.0, 0.0, 0.0, 0.0, 0.0, 0.0, 0.0, 0.0, 0.0, 0.0, 0.0, 0.0, 0.0, 0.0, 0.0, 0.0, 0.0, 0.0, 0.0, 0.0, 0.0, 0.0, 0.0, 0.0, 0.0, 0.0, 0.0, 0.0, 0.0, 0.0, 0.0, 0.0, 0.0, 0.0, 0.0, 0.0, 0.0, 0.0, 0.0, 0.0, 0.0, 0.0, 0.0, 0.0, 0.0, 0.0, 0.0, 0.0, 0.0, 0.0, 0.0, 0.0, 0.0, 0.0, 0.0, 0.0, 0.0, 0.0, 0.0, 0.0, 0.0, 0.0, 0.0, 0.0, 0.0, 0.0, 0.0, 0.0, 0.0, 0.0, 0.0, 0.0, 0.0, 0.0, 0.0, 0.0, 0.0, 0.0, 0.0, 0.0, 0.0, 0.0, 0.0, 0.0, 0.0, 0.0, 0.0, 0.0, 0.0, 0.0, 0.0, 0.0, 0.0, 0.0, 0.0, 0.0, 0.0, 0.0, 0.0, 0.0, 0.0, 0.0, 0.0, 0.0, 0.0, 0.0, 0.0, 0.0, 0.0, 0.0, 0.0, 0.0, 0.0], "tonal.chords_histogram": [40.90909194946289, 19.65601921081543, 2.8255529403686523, 0.0, 2.57985258102417, 0.0, 3.194103240966797, 0.0, 0.0, 2.088452100753784, 0.12285012006759644, 0.0, 0.0, 1.5970516204833984, 0.12285012006759644, 1.8427518606185913, 0.0, 3.5626535415649414, 0.0, 0.0, 0.0, 5.405405521392822, 10.19655990600586, 5.896805763244629], "tonal.thpcp": [1.0, 0.6899034976959229, 0.3904271125793457, 0.23302321135997772, 0.22898565232753754, 0.4034423530101776, 0.4403926730155945, 0.2709497809410095, 0.206607848405838, 0.2095613330602646, 0.20396462082862854, 0.2885172665119171, 0.3454172611236572, 0.3393898010253906, 0.697357714176178, 0.8244457840919495, 0.4371829330921173, 0.22095847129821777, 0.16549694538116455, 0.17580366134643555, 0.2789539098739624, 0.3354109227657318, 0.25558972358703613, 0.1785794049501419, 0.1855689287185669, 0.21286606788635254, 0.29891473054885864, 0.3625253438949585, 0.35894379019737244, 0.48560959100723267, 0.5269190073013306, 0.3258998990058899, 0.1860778033733368, 0.1711205095052719, 0.30010300874710083, 0.7788970470428467], "lowlevel.gfcc.cov": [[1921.467041015625, -138.7126922607422, 94.00360870361328, -91.07181549072266, -36.083492279052734, 85.78781127929688, -52.4101676940918, -52.5909423828125, -30.618877410888672, 26.880033493041992, -66.16630554199219, 6.223459243774414, -69.16852569580078], [-138.7126922607422, 628.1422119140625, -276.24981689453125, 79.23188781738281, -8.282991409301758, -49.7072639465332, 103.10874938964844, -28.60188865661621, 54.69059753417969, -15.881209373474121, 80.75566101074219, -32.71303176879883, 63.80801010131836], [94.00360870361328, -276.24981689453125, 411.8306579589844, 49.25804901123047, 50.51691818237305, -1.1679654121398926, -63.04771041870117, 40.959651947021484, -16.42071533203125, 27.482664108276367, -21.777799606323242, 33.75478744506836, -30.0023193359375], [-91.07181549072266, 79.23188781738281, 49.25804901123047, 211.34129333496094, 20.57707977294922, -25.00258445739746, -37.519378662109375, 5.498055458068848, 50.729278564453125, -7.534875392913818, 22.250415802001953, -1.3797252178192139, 44.437992095947266], [-36.083492279052734, -8.282991409301758, 50.51691818237305, 20.57707977294922, 183.27577209472656, 44.54808044433594, 70.16786193847656, 49.92814254760742, 16.451007843017578, 34.443939208984375, 3.825002670288086, 6.279409408569336, -11.200369834899902], [85.78781127929688, -49.7072639465332, -1.1679654121398926, -25.00258445739746, 44.54808044433594, 141.57113647460938, 70.52403259277344, 16.304513931274414, 0.6299480199813843, 9.319283485412598, 21.833581924438477, 5.397614002227783, -12.434858322143555], [-52.4101676940918, 103.10874938964844, -63.04771041870117, -37.519378662109375, 70.16786193847656, 70.52403259277344, 179.22755432128906, 58.59447479248047, 4.100354194641113, -4.867467403411865, 6.909233093261719, -5.07029914855957, -7.520615577697754], [-52.5909423828125, -28.60188865661621, 40.959651947021484, 5.498055458068848, 49.92814254760742, 16.304513931274414, 58.59447479248047, 123.76766967773438, 40.00762939453125, 4.660593032836914, -11.45299243927002, -5.3593339920043945, 2.2169902324676514], [-30.618877410888672, 54.69059753417969, -16.42071533203125, 50.729278564453125, 16.451007843017578, 0.6299480199813843, 4.100354194641113, 40.00762939453125, 111.03579711914062, 33.536380767822266, 10.98254680633545, -15.24693775177002, 12.810389518737793], [26.880033493041992, -15.881209373474121, 27.482664108276367, -7.534875392913818, 34.443939208984375, 9.319283485412598, -4.867467403411865, 4.660593032836914, 33.536380767822266, 76.10688018798828, 37.20431137084961, 19.959203720092773, -4.149582862854004], [-66.16630554199219, 80.75566101074219, -21.777799606323242, 22.250415802001953, 3.825002670288086, 21.833581924438477, 6.909233093261719, -11.45299243927002, 10.98254680633545, 37.20431137084961, 97.80577850341797, 48.83225631713867, 23.153358459472656], [6.223459243774414, -32.71303176879883, 33.75478744506836, -1.3797252178192139, 6.279409408569336, 5.397614002227783, -5.07029914855957, -5.3593339920043945, -15.24693775177002, 19.959203720092773, 48.83225631713867, 87.04640197753906, 30.498315811157227], [-69.16852569580078, 63.80801010131836, -30.0023193359375, 44.437992095947266, -11.200369834899902, -12.434858322143555, -7.520615577697754, 2.2169902324676514, 12.810389518737793, -4.149582862854004, 23.153358459472656, 30.498315811157227, 68.38197326660156]], "lowlevel.gfcc.icov": [[0.0006713611073791981, -0.0005019473028369248, -0.00013002341438550502, 2.492842759238556e-05, 0.00036407908191904426, -0.0011052399640902877, 0.0006633345037698746, -3.933986954507418e-05, 0.00017519640095997602, -0.0008277753368020058, 0.0016676365630701184, -0.0011239233426749706, 0.0008606637129560113], [-0.0005019473028369248, 0.005483550485223532, 0.0015517807332798839, -0.0007468468975275755, -0.0008621264132671058, 0.005012065637856722, -0.005034458823502064, 0.0027495238464325666, -0.0018336658831685781, 0.00276798103004694, -0.007567224558442831, 0.005736762657761574, -0.003815869800746441], [-0.00013002341438550502, 0.0015517807332798839, 0.00473328772932291, -0.002527330769225955, -0.0004922861116938293, 0.0004962593084201217, 0.0007664751028642058, -0.0019185537239536643, 0.0016737477853894234, -0.0017090518958866596, 0.0007359032169915736, -0.0019560938235372305, 0.002501685405150056], [2.492842759238556e-05, -0.0007468468975275755, -0.002527330769225955, 0.00918739102780819, -0.002734559588134289, 0.000644591695163399, 0.0021017969120293856, 0.0014453023904934525, -0.004678982775658369, 0.005767213646322489, -0.004041613545268774, 0.00320803327485919, -0.005339383613318205], [0.00036407908191904426, -0.0008621264132671058, -0.0004922861116938293, -0.002734559588134289, 0.009269164875149727, -0.002402711659669876, -0.002491453429684043, -0.002189566846936941, 0.0022112177684903145, -0.006760864984244108, 0.00455107819288969, -0.0024349193554371595, 0.0023325816728174686], [-0.0011052399640902877, 0.005012065637856722, 0.0004962593084201217, 0.000644591695163399, -0.002402711659669876, 0.015035131946206093, -0.008311220444738865, 0.003411083249375224, -0.002669363282620907, 0.004591618198901415, -0.0112110935151577, 0.00658166129142046, -0.0030408420134335756], [0.0006633345037698746, -0.005034458823502064, 0.0007664751028642058, 0.0021017969120293856, -0.002491453429684043, -0.008311220444738865, 0.015724262222647667, -0.007143893279135227, 0.002413959940895438, 5.612257882603444e-05, 0.0056255585514009, -0.005319591611623764, 0.004399613011628389], [-3.933986954507418e-05, 0.0027495238464325666, -0.0019185537239536643, 0.0014453023904934525, -0.002189566846936941, 0.003411083249375224, -0.007143893279135227, 0.015248415060341358, -0.007303561083972454, 0.00411643972620368, -0.002704743528738618, 0.0030486092437058687, -0.0042306529358029366], [0.00017519640095997602, -0.0018336658831685781, 0.0016737477853894234, -0.004678982775658369, 0.0022112177684903145, -0.002669363282620907, 0.002413959940895438, -0.007303561083972454, 0.01817753165960312, -0.012233561836183071, 0.004259146749973297, 0.0020305544603616, -0.0004531343874987215], [-0.0008277753368020058, 0.00276798103004694, -0.0017090518958866596, 0.005767213646322489, -0.006760864984244108, 0.004591618198901415, 5.612257882603444e-05, 0.00411643972620368, -0.012233561836183071, 0.030131537467241287, -0.01605874113738537, 0.0021758307702839375, 0.0002696359879337251], [0.0016676365630701184, -0.007567224558442831, 0.0007359032169915736, -0.004041613545268774, 0.00455107819288969, -0.0112110935151577, 0.0056255585514009, -0.002704743528738618, 0.004259146749973297, -0.01605874113738537, 0.03430425003170967, -0.01991482451558113, 0.0066049364395439625], [-0.0011239233426749706, 0.005736762657761574, -0.0019560938235372305, 0.00320803327485919, -0.0024349193554371595, 0.00658166129142046, -0.005319591611623764, 0.0030486092437058687, 0.0020305544603616, 0.0021758307702839375, -0.01991482451558113, 0.03104938007891178, -0.016672154888510704], [0.0008606637129560113, -0.003815869800746441, 0.002501685405150056, -0.005339383613318205, 0.0023325816728174686, -0.0030408420134335756, 0.004399613011628389, -0.0042306529358029366, -0.0004531343874987215, 0.0002696359879337251, 0.0066049364395439625, -0.016672154888510704, 0.02937312237918377]], "lowlevel.mfcc.cov": [[1067.000244140625, -14.585083961486816, 72.82042694091797, -100.52320861816406, -31.419586181640625, 100.21128845214844, -46.408634185791016, -41.75568389892578, -25.77333641052246, 1.5153001546859741, 32.15916061401367, -32.86920928955078, -52.868003845214844], [-14.585083961486816, 391.9897155761719, -164.9593963623047, 51.9213752746582, -73.38736724853516, 10.267544746398926, 45.20983123779297, 6.99734354019165, 6.7506184577941895, 11.439593315124512, 19.50259780883789, 28.565399169921875, 15.487224578857422], [72.82042694091797, -164.9593963623047, 280.3663635253906, 29.449567794799805, 61.64038848876953, -25.082727432250977, -40.85743713378906, -18.99529457092285, -24.332929611206055, -19.782272338867188, -21.384902954101562, 8.075932502746582, 9.406757354736328], [-100.52320861816406, 51.9213752746582, 29.449567794799805, 190.1964874267578, 50.762691497802734, -24.488582611083984, -28.71293830871582, -0.42076465487480164, 21.089597702026367, 13.817954063415527, -25.115341186523438, -0.09690777212381363, 23.373817443847656], [-31.419586181640625, -73.38736724853516, 61.64038848876953, 50.762691497802734, 135.03500366210938, 7.286313056945801, -13.3014554977417, -3.930995225906372, 13.13599967956543, 24.997896194458008, 5.345333576202393, 4.274372100830078, 15.866486549377441], [100.21128845214844, 10.267544746398926, -25.082727432250977, -24.488582611083984, 7.286313056945801, 109.90966033935547, 39.932220458984375, 5.448412895202637, -6.729894161224365, 2.4171345233917236, 23.701335906982422, 13.79709529876709, -8.374933242797852], [-46.408634185791016, 45.20983123779297, -40.85743713378906, -28.71293830871582, -13.3014554977417, 39.932220458984375, 145.5663299560547, 60.50236511230469, 18.358762741088867, -3.867493152618408, 16.772401809692383, 25.589763641357422, 6.682638645172119], [-41.75568389892578, 6.99734354019165, -18.99529457092285, -0.42076465487480164, -3.930995225906372, 5.448412895202637, 60.50236511230469, 96.2381820678711, 47.1550178527832, 19.525569915771484, 4.34321403503418, 6.725644111633301, 7.615559101104736], [-25.77333641052246, 6.7506184577941895, -24.332929611206055, 21.089597702026367, 13.13599967956543, -6.729894161224365, 18.358762741088867, 47.1550178527832, 87.43705749511719, 49.518672943115234, 13.835766792297363, -11.68422794342041, -4.8261308670043945], [1.5153001546859741, 11.439593315124512, -19.782272338867188, 13.817954063415527, 24.997896194458008, 2.4171345233917236, -3.867493152618408, 19.525569915771484, 49.518672943115234, 93.76314544677734, 38.41006851196289, -8.097932815551758, -19.690929412841797], [32.15916061401367, 19.50259780883789, -21.384902954101562, -25.115341186523438, 5.345333576202393, 23.701335906982422, 16.772401809692383, 4.34321403503418, 13.835766792297363, 38.41006851196289, 75.26750183105469, 24.15947914123535, -6.219424724578857], [-32.86920928955078, 28.565399169921875, 8.075932502746582, -0.09690777212381363, 4.274372100830078, 13.79709529876709, 25.589763641357422, 6.725644111633301, -11.68422794342041, -8.097932815551758, 24.15947914123535, 76.37648010253906, 37.05902862548828], [-52.868003845214844, 15.487224578857422, 9.406757354736328, 23.373817443847656, 15.866486549377441, -8.374933242797852, 6.682638645172119, 7.615559101104736, -4.8261308670043945, -19.690929412841797, -6.219424724578857, 37.05902862548828, 80.73101806640625]], "lowlevel.mfcc.icov": [[0.0012777358060702682, -0.000427696795668453, -0.0008101271232590079, 0.0007074936293065548, 0.00030188143136911094, -0.001478566788136959, 0.0007905098609626293, 6.770802428945899e-05, -0.0002383448590990156, 0.00014208311040420085, -0.00045194406993687153, 0.0008364938548766077, 0.0001254162343684584], [-0.000427696795668453, 0.004770971368998289, 0.002588933799415827, -0.0027266896795481443, 0.002442464465275407, 0.0006027096533216536, -0.0015653586015105247, 0.0010478546610102057, 0.0007432913989759982, -0.0010626236908137798, -0.00041933433385565877, -0.0016396974679082632, -0.0005886845756322145], [-0.0008101271232590079, 0.002588933799415827, 0.006183698773384094, -0.0016729038907215, -0.0013364378828555346, 0.001947486074641347, -0.00011453303159214556, -0.00014468877634499222, 0.001502893166616559, 0.00039203776395879686, 0.0007493718876503408, -0.0024522661697119474, 0.0005933570209890604], [0.0007074936293065548, -0.0027266896795481443, -0.0016729038907215, 0.008635392412543297, -0.0032545195426791906, -0.0002860738313756883, 0.001988592091947794, 1.921529292303603e-05, -0.002249976620078087, -0.0007475827005691826, 0.0033898348920047283, 4.3716176151065156e-05, -0.0009510944946669042], [0.00030188143136911094, 0.002442464465275407, -0.0013364378828555346, -0.0032545195426791906, 0.011847305111587048, -0.0022377613931894302, -0.000668355671223253, 0.001914287218824029, -0.00043045333586633205, -0.0037075760774314404, -0.0007292799418792129, 0.0003889253712259233, -0.0030234374571591616], [-0.001478566788136959, 0.0006027096533216536, 0.001947486074641347, -0.0002860738313756883, -0.0022377613931894302, 0.013262143358588219, -0.0038872144650667906, 0.00027494484675116837, 0.0020994499791413546, 0.0003855102404486388, -0.002039788058027625, -0.0019452827982604504, 0.0018388120224699378], [0.0007905098609626293, -0.0015653586015105247, -0.00011453303159214556, 0.001988592091947794, -0.000668355671223253, -0.0038872144650667906, 0.012702575884759426, -0.007527445442974567, -0.0007820864557288587, 0.003232981078326702, -0.0012449969071894884, -0.0018475884571671486, 0.0011362797813490033], [6.770802428945899e-05, 0.0010478546610102057, -0.00014468877634499222, 1.921529292303603e-05, 0.001914287218824029, 0.00027494484675116837, -0.007527445442974567, 0.020196693018078804, -0.00929347425699234, -0.0020457960199564695, 0.0029928225558251143, -0.0013957465998828411, -0.0019584742840379477], [-0.0002383448590990156, 0.0007432913989759982, 0.001502893166616559, -0.002249976620078087, -0.00043045333586633205, 0.0020994499791413546, -0.0007820864557288587, -0.00929347425699234, 0.023625612258911133, -0.009398489259183407, -0.0012145474320277572, 0.003817985998466611, -0.0013047591783106327], [0.00014208311040420085, -0.0010626236908137798, 0.00039203776395879686, -0.0007475827005691826, -0.0037075760774314404, 0.0003855102404486388, 0.003232981078326702, -0.0020457960199564695, -0.009398489259183407, 0.02291490137577057, -0.010536814108490944, 0.001758297672495246, 0.004570093471556902], [-0.00045194406993687153, -0.00041933433385565877, 0.0007493718876503408, 0.0033898348920047283, -0.0007292799418792129, -0.002039788058027625, -0.0012449969071894884, 0.0029928225558251143, -0.0012145474320277572, -0.010536814108490944, 0.024622712284326553, -0.009695902466773987, 0.002173301763832569], [0.0008364938548766077, -0.0016396974679082632, -0.0024522661697119474, 4.3716176151065156e-05, 0.0003889253712259233, -0.0019452827982604504, -0.0018475884571671486, -0.0013957465998828411, 0.003817985998466611, 0.001758297672495246, -0.009695902466773987, 0.02409001812338829, -0.010006428696215153], [0.0001254162343684584, -0.0005886845756322145, 0.0005933570209890604, -0.0009510944946669042, -0.0030234374571591616, 0.0018388120224699378, 0.0011362797813490033, -0.0019584742840379477, -0.0013047591783106327, 0.004570093471556902, 0.002173301763832569, -0.010006428696215153, 0.01946125738322735]], "metadata.audio_properties.analysis.downmix": "mix", "metadata.audio_properties.codec": "mp3", "metadata.audio_properties.md5_encoded": "dfcc13a66b8c7213919c4ee0e719e98a", "metadata.tags.file_name": "1183700755404816424.mp3", "metadata.version.essentia": "2.1-beta6-dev", "metadata.version.essentia_git_sha": "v2.1_beta5-1110-g77a6a954", "metadata.version.extractor": "music 2.0", "tonal.chords_key": "Bb", "tonal.chords_scale": "major", "tonal.key_edma.key": "Bb", "tonal.key_edma.scale": "major", "tonal.key_krumhansl.key": "Bb", "tonal.key_krumhansl.scale": "major", "tonal.key_temperley.key": "Bb", "tonal.key_temperley.scale": "major", "metadata.tags.encoding": ["Lavf58.45.100"]}, "essentia_models": [{"model_name": "genre_dortmund", "activations": {"alternative": "0.0262412",