{"song_id": "1183710459145228289", "download": "https://cdn.discordapp.com/attachments/1135911532732108921/1183710459145228289/chirp.mp4?ex=65895345&amp", "lyrics": "[Ponte] \nNum brinde ao tempo, eterno companheiro, Renovamos votos, com o cora\u00e7\u00e3o verdadeiro. Por dias melhores, por um amor mais intenso, Caminhamos lado a lado, com o cora\u00e7\u00e3o imenso.", "style": ["MPB</span><span>, voz masculina"], "essentia_features": {"lowlevel.average_loudness": 0.9872244000434875, "lowlevel.barkbands_crest.mean": 13.309138298034668, "lowlevel.barkbands_crest.stdev": 3.73656964302063, "lowlevel.barkbands_flatness_db.mean": 0.3281000852584839, "lowlevel.barkbands_flatness_db.stdev": 0.08346161991357803, "lowlevel.barkbands_kurtosis.mean": 32.37678909301758, "lowlevel.barkbands_kurtosis.stdev": 43.864501953125, "lowlevel.barkbands_skewness.mean": 3.713557720184326, "lowlevel.barkbands_skewness.stdev": 2.0865349769592285, "lowlevel.barkbands_spread.mean": 7.69343900680542, "lowlevel.barkbands_spread.stdev": 9.594244956970215, "lowlevel.dissonance.mean": 0.43375810980796814, "lowlevel.dissonance.stdev": 0.044629838317632675, "lowlevel.dynamic_complexity": 0.9943192005157471, "lowlevel.erbbands_crest.mean": 12.527457237243652, "lowlevel.erbbands_crest.stdev": 4.2511138916015625, "lowlevel.erbbands_flatness_db.mean": 0.22445161640644073, "lowlevel.erbbands_flatness_db.stdev": 0.054408300668001175, "lowlevel.erbbands_kurtosis.mean": 7.4836955070495605, "lowlevel.erbbands_kurtosis.stdev": 14.185405731201172, "lowlevel.erbbands_skewness.mean": 1.5904061794281006, "lowlevel.erbbands_skewness.stdev": 1.919817566871643, "lowlevel.erbbands_spread.mean": 41.16412353515625, "lowlevel.erbbands_spread.stdev": 35.12763595581055, "lowlevel.hfc.mean": 16.82455062866211, "lowlevel.hfc.stdev": 12.705495834350586, "lowlevel.loudness_ebu128.integrated": -14.278059959411621, "lowlevel.loudness_ebu128.loudness_range": 0.47943687438964844, "lowlevel.loudness_ebu128.momentary.mean": -14.317669868469238, "lowlevel.loudness_ebu128.momentary.stdev": 0.5889768004417419, "lowlevel.loudness_ebu128.short_term.mean": -14.257791519165039, "lowlevel.loudness_ebu128.short_term.stdev": 0.15944471955299377, "lowlevel.melbands_crest.mean": 19.940134048461914, "lowlevel.melbands_crest.stdev": 4.534324645996094, "lowlevel.melbands_flatness_db.mean": 0.4236907660961151, "lowlevel.melbands_flatness_db.stdev": 0.0954674705862999, "lowlevel.melbands_kurtosis.mean": 71.45039367675781, "lowlevel.melbands_kurtosis.stdev": 71.24073028564453, "lowlevel.melbands_skewness.mean": 5.395995616912842, "lowlevel.melbands_skewness.stdev": 2.9488093852996826, "lowlevel.melbands_spread.mean": 4.845486640930176, "lowlevel.melbands_spread.stdev": 5.8567023277282715, "lowlevel.pitch_salience.mean": 0.4011150896549225, "lowlevel.pitch_salience.stdev": 0.12251918762922287, "lowlevel.silence_rate_20dB.mean": 1.0, "lowlevel.silence_rate_20dB.stdev": 0.0, "lowlevel.silence_rate_30dB.mean": 0.9710391759872437, "lowlevel.silence_rate_30dB.stdev": 0.16769613325595856, "lowlevel.silence_rate_60dB.mean": 0.003407154930755496, "lowlevel.silence_rate_60dB.stdev": 0.05827143415808678, "lowlevel.spectral_centroid.mean": 509.3902893066406, "lowlevel.spectral_centroid.stdev": 468.3522033691406, "lowlevel.spectral_complexity.mean": 7.798977851867676, "lowlevel.spectral_complexity.stdev": 4.798191547393799, "lowlevel.spectral_decrease.mean": -1.7321404754966352e-08, "lowlevel.spectral_decrease.stdev": 4.4632026963142835e-09, "lowlevel.spectral_energy.mean": 0.06690096855163574, "lowlevel.spectral_energy.stdev": 0.017226699739694595, "lowlevel.spectral_energyband_high.mean": 0.000564799876883626, "lowlevel.spectral_energyband_high.stdev": 0.0015115061542019248, "lowlevel.spectral_energyband_low.mean": 0.04882634058594704, "lowlevel.spectral_energyband_low.stdev": 0.015126259066164494, "lowlevel.spectral_energyband_middle_high.mean": 0.002196620451286435, "lowlevel.spectral_energyband_middle_high.stdev": 0.003426759038120508, "lowlevel.spectral_energyband_middle_low.mean": 0.021556315943598747, "lowlevel.spectral_energyband_middle_low.stdev": 0.011919661425054073, "lowlevel.spectral_entropy.mean": 6.20764684677124, "lowlevel.spectral_entropy.stdev": 0.8495288491249084, "lowlevel.spectral_flux.mean": 0.06422066688537598, "lowlevel.spectral_flux.stdev": 0.035799507051706314, "lowlevel.spectral_kurtosis.mean": 12.17133903503418, "lowlevel.spectral_kurtosis.stdev": 13.241745948791504, "lowlevel.spectral_rms.mean": 0.00800118688493967, "lowlevel.spectral_rms.stdev": 0.0011181490262970328, "lowlevel.spectral_rolloff.mean": 306.05010986328125, "lowlevel.spectral_rolloff.stdev": 459.68756103515625, "lowlevel.spectral_skewness.mean": 2.577045440673828, "lowlevel.spectral_skewness.stdev": 1.302406907081604, "lowlevel.spectral_spread.mean": 4373943.5, "lowlevel.spectral_spread.stdev": 2378590.5, "lowlevel.spectral_strongpeak.mean": 0.865861177444458, "lowlevel.spectral_strongpeak.stdev": 0.3206029534339905, "lowlevel.zerocrossingrate.mean": 0.018891576677560806, "lowlevel.zerocrossingrate.stdev": 0.016756245866417885, "metadata.audio_properties.analysis.equal_loudness": 0.0, "metadata.audio_properties.analysis.length": 13.589320182800293, "metadata.audio_properties.analysis.sample_rate": 44100.0, "metadata.audio_properties.analysis.start_time": 0.0, "metadata.audio_properties.bit_rate": 114254.0, "metadata.audio_properties.length": 13.589333534240723, "metadata.audio_properties.lossless": 0.0, "metadata.audio_properties.number_channels": 1.0, "metadata.audio_properties.replay_gain": -9.910741806030273, "metadata.audio_properties.sample_rate": 48000.0, "rhythm.beats_count": 23.0, "rhythm.beats_loudness.mean": 0.06874174624681473, "rhythm.beats_loudness.stdev": 0.01631452701985836, "rhythm.bpm": 106.59896087646484, "rhythm.bpm_histogram_first_peak_bpm": 108.0, "rhythm.bpm_histogram_first_peak_weight": 0.5, "rhythm.bpm_histogram_second_peak_bpm": 103.0, "rhythm.bpm_histogram_second_peak_spread": 0.3333333134651184, "rhythm.bpm_histogram_second_peak_weight": 0.1818181872367859, "rhythm.danceability": 1.4203752279281616, "rhythm.onset_rate": 4.409529685974121, "tonal.chords_changes_rate": 0.054421767592430115, "tonal.chords_number_rate": 0.020408162847161293, "tonal.chords_strength.mean": 0.5035432577133179, "tonal.chords_strength.stdev": 0.07462053000926971, "tonal.hpcp_crest.mean": 14.112166404724121, "tonal.hpcp_crest.stdev": 5.927189826965332, "tonal.hpcp_entropy.mean": 1.789245843887329, "tonal.hpcp_entropy.stdev": 0.6556610465049744, "tonal.key_edma.strength": 0.8064395189285278, "tonal.key_krumhansl.strength": 0.7930341958999634, "tonal.key_temperley.strength": 0.7689145803451538, "tonal.tuning_diatonic_strength": 0.5696032047271729, "tonal.tuning_equal_tempered_deviation": 0.08089278638362885, "tonal.tuning_frequency": 438.98455810546875, "tonal.tuning_nontempered_energy_ratio": 0.6828736662864685, "lowlevel.barkbands.mean": [3.277575160609558e-05, 0.016695013269782066, 0.025863412767648697, 0.009732741862535477, 0.009770438075065613, 0.0008051276090554893, 0.00033576536225154996, 0.00051800103392452, 0.00038114513154141605, 0.00021638249745592475, 0.0001791063987184316, 0.000427768420195207, 0.00017574090452399105, 0.0001647460157983005, 0.00020745789515785873, 0.00020521035185083747, 0.00031910435063764453, 0.0002346559485886246, 3.710880264407024e-05, 0.00014909096353221685, 0.00010906925308518112, 8.618270658189431e-05, 7.446961535606533e-05, 5.625502672046423e-05, 0.0001082567177945748, 1.600734867679421e-05, 1.5396214081420112e-08], "lowlevel.barkbands.stdev": [6.367346941260621e-05, 0.013448640704154968, 0.01683778129518032, 0.0073958346620202065, 0.00851360335946083, 0.001654161256738007, 0.000671924150083214, 0.0013766399351879954, 0.0015393923968076706, 0.0007003771606832743, 0.0006429798668250442, 0.0013221276458352804, 0.0007588347070850432, 0.0005376655026338995, 0.0008141373982653022, 0.0006999767501838505, 0.0011823208769783378, 0.0005850298912264407, 0.00011267069930909202, 0.0003425314789637923, 0.0003834804811049253, 0.00039320249925367534, 0.00032074018963612616, 0.00023367877292912453, 0.0002819992078002542, 5.6095355830620974e-05, 1.7204550317728717e-07], "lowlevel.erbbands.mean": [0.11417874693870544, 5.1536664962768555, 27.302024841308594, 35.044517517089844, 33.10304641723633, 31.722902297973633, 18.396568298339844, 3.1862423419952393, 2.4743173122406006, 9.013997077941895, 12.810566902160645, 8.404217720031738, 4.518060207366943, 9.925338745117188, 7.095804691314697, 19.56015396118164, 9.065804481506348, 10.515143394470215, 12.719067573547363, 8.312114715576172, 13.688460350036621, 16.940086364746094, 13.48594856262207, 3.997462511062622, 2.320467233657837, 6.770675182342529, 6.863541603088379, 3.0324606895446777, 3.1515777111053467, 2.73160719871521, 1.9698961973190308, 1.032076358795166, 1.2412904500961304, 1.5386844873428345, 0.5188690423965454, 0.14178895950317383, 0.015885109081864357, 0.000605784822255373, 5.4852673201821744e-05, 7.688333425903693e-05], "lowlevel.erbbands.stdev": [0.11458843946456909, 3.679314374923706, 13.72210693359375, 23.13066291809082, 30.795007705688477, 34.1459846496582, 27.21556282043457, 5.756516933441162, 5.330488204956055, 23.33956527709961, 34.38679885864258, 39.264949798583984, 9.797144889831543, 28.43996810913086, 19.535114288330078, 61.156394958496094, 30.997886657714844, 34.6546745300293, 48.28719711303711, 28.118059158325195, 44.894927978515625, 52.72533416748047, 33.19703674316406, 9.675515174865723, 6.795541763305664, 15.587775230407715, 19.645158767700195, 12.662555694580078, 14.645915985107422, 11.347550392150879, 8.61658763885498, 4.615472316741943, 4.697292327880859, 3.792842388153076, 1.5656919479370117, 0.497418612241745, 0.053381677716970444, 0.0020554468501359224, 7.222683052532375e-05, 2.1629935872624628e-05], "lowlevel.gfcc.mean": [-67.54497528076172, 128.70033264160156, -60.73371505737305, 60.96908187866211, -25.91364288330078, 19.05983543395996, -41.332786560058594, 4.7241621017456055, -42.82746887207031, -11.30963134765625, -13.655496597290039, -19.298053741455078, 0.6523802876472473], "lowlevel.melbands.mean": [0.0027334801852703094, 0.011885718442499638, 0.005963819567114115, 0.00224593048915267, 0.0008218585280701518, 8.248856465797871e-05, 4.418294702190906e-05, 9.77813033387065e-05, 0.00010409157403046265, 4.8423029511468485e-05, 2.1706855477532372e-05, 4.075154720339924e-05, 2.624972512421664e-05, 3.500454477034509e-05, 4.4055170292267576e-05, 1.8677836123970337e-05, 1.707876072032377e-05, 2.0254727132851258e-05, 1.0712353287090082e-05, 1.3063421647530049e-05, 1.7412123270332813e-05, 1.954535582626704e-05, 1.4724249922437593e-05, 9.233015589416027e-06, 2.4812140964058926e-06, 1.3274151342557161e-06, 2.136209332093131e-06, 5.349875209503807e-06, 5.255090854916489e-06, 2.5933368306141347e-06, 1.400983023813751e-06, 1.8841915334633086e-06, 1.5698443576184218e-06, 1.484292056375125e-06, 1.1873261200889829e-06, 8.451772259832069e-07, 5.427626774689998e-07, 7.653154057152278e-07, 1.157337010226911e-06, 1.3716210105485516e-06], "lowlevel.melbands.stdev": [0.0023883150424808264, 0.004748499020934105, 0.003296429058536887, 0.0019821813330054283, 0.0010075519094243646, 0.0001622224081074819, 9.007986227516085e-05, 0.00025627465220168233, 0.00029826065292581916, 0.00022168603027239442, 4.939859718433581e-05, 0.00012189971312182024, 8.995218377094716e-05, 0.00010859890608116984, 0.00014102274144534022, 6.806138844694942e-05, 5.806566696264781e-05, 7.679456757614389e-05, 4.605354115483351e-05, 5.2825173042947426e-05, 6.541977199958637e-05, 7.039422052912414e-05, 3.710278542712331e-05, 2.3638485799892806e-05, 6.5552021624171175e-06, 4.6254676817625295e-06, 5.687364136974793e-06, 1.287109171244083e-05, 1.4060877219890244e-05, 1.0452197784616146e-05, 6.573518021468772e-06, 9.24970936466707e-06, 6.959126039873809e-06, 6.272329301282298e-06, 5.3549283620668575e-06, 3.893149369105231e-06, 2.4748851501499303e-06, 3.5009568364330335e-06, 3.1275246783479815e-06, 3.3778803754103137e-06], "lowlevel.melbands128.mean": [1.459055783925578e-05, 7.243391155498102e-05, 0.0022165877744555473, 0.010722286999225616, 0.014399229548871517, 0.012217068113386631, 0.007554913870990276, 0.004064597189426422, 0.003519622841849923, 0.0019425060600042343, 0.001821982441470027, 0.001244975603185594, 0.000618463905993849, 0.00022558424097951502, 3.651383303804323e-05, 2.3587328541907482e-05, 2.6764113499666564e-05, 3.462256790953688e-05, 7.226370507851243e-05, 0.00013745077012572438, 6.972687697270885e-05, 0.00010079587082145736, 0.0001317154528805986, 7.939663191791624e-05, 5.396915730671026e-05, 3.156944512738846e-05, 4.107401400688104e-05, 7.81042399466969e-06, 1.2471189620555378e-05, 6.0866877902299166e-05, 3.449705764069222e-05, 3.4173317544627935e-05, 4.035156962345354e-05, 5.92089645579108e-06, 1.1361272299836855e-05, 3.9627120713703334e-05, 8.352731674676761e-05, 5.172651071916334e-05, 1.788095323718153e-05, 8.2189744716743e-06, 1.0952213415293954e-05, 4.9504295020597056e-05, 1.4711056792293675e-05, 4.438745236257091e-06, 8.156567673722748e-06, 3.157045284751803e-05, 2.501732888049446e-05, 6.179580850584898e-06, 5.289566615829244e-06, 1.3494894119503442e-05, 1.4650458979303949e-05, 1.184579923574347e-05, 1.3810292330163065e-05, 1.8666160030988976e-05, 2.902601227106061e-05, 2.1870571799809113e-05, 8.908809832064435e-06, 1.302286000282038e-05, 2.135647264367435e-05, 9.546763976686634e-06, 1.0248749276797753e-05, 7.085075139912078e-06, 2.582100478321081e-06, 1.6110653859868762e-06, 1.0541073152126046e-06, 1.3783385384158464e-06, 1.3793275002171868e-06, 1.4965693253543577e-06, 2.3608517949469388e-06, 2.923231704698992e-06, 4.010948941868264e-06, 8.21998946776148e-06, 6.778583156119566e-06, 4.780294148076791e-06, 3.106837084487779e-06, 2.9477298539859476e-06, 2.342079142181319e-06, 1.4307987612482975e-06, 1.1483234629849903e-06, 1.281177787859633e-06, 2.3277038962987717e-06, 1.9399628854444018e-06, 1.4304162050393643e-06, 1.5344309076681384e-06, 1.7081076748581836e-06, 1.519162083241099e-06, 1.3947571915196022e-06, 1.4125735106063075e-06, 1.1073140058215358e-06, 1.1084563311669626e-06, 1.0816829671966843e-06, 7.178255714279658e-07, 5.429052407635027e-07, 5.189395437810163e-07, 4.929152055410668e-07, 7.399346486636205e-07, 7.930502192721178e-07, 8.937238931139291e-07, 1.020614604385628e-06, 1.3442233921523439e-06, 1.5744025176900323e-06, 1.5364967111963779e-06, 9.560670832797769e-07, 6.174221311994188e-07, 4.700436591065227e-07, 4.798541795025812e-07, 4.581430914640805e-07, 3.3448424119342235e-07, 2.2433671631461038e-07, 1.3327637304882956e-07, 8.620430236305765e-08, 5.0331511403101103e-08, 4.478084036918517e-08, 1.3429521494856544e-08, 5.8473106356871085e-09, 6.278765840583844e-10, 3.502245715658603e-10, 5.45008795038715e-11, 3.3805274551879094e-11, 2.4897278683155832e-11, 2.6074427339484174e-11, 1.3033231612002982e-11, 1.0486945513366042e-11, 1.0302567826636633e-11, 1.0113680726231422e-11, 9.903989087178822e-12, 9.77155249076711e-12, 9.710194454060073e-12], "lowlevel.melbands128.stdev": [3.195240060449578e-05, 0.000123269172036089, 0.0031408993527293205, 0.008362557739019394, 0.00876172911375761, 0.010038170963525772, 0.006000809371471405, 0.004028584808111191, 0.003976347856223583, 0.002492870669811964, 0.0025147174019366503, 0.001754285884089768, 0.0012704222463071346, 0.0005178329884074628, 0.00011998407717328519, 7.118686335161328e-05, 7.055910100461915e-05, 0.00014328613178804517, 0.00016022069030441344, 0.00040149083361029625, 0.00030058668926358223, 0.00034716486698016524, 0.00044313035323284566, 0.00043543410720303655, 0.0004263520531821996, 0.0001262500009033829, 0.00012965903442818671, 3.3782711398089305e-05, 4.772936517838389e-05, 0.00022110235295258462, 0.00013537597260437906, 0.0001453598088119179, 0.0001567664003232494, 1.7517733795102686e-05, 8.62070155562833e-05, 0.00013218310778029263, 0.0003406396717764437, 0.00019006492220796645, 0.00014144534361548722, 7.342877506744117e-05, 5.884567872271873e-05, 0.00020372103608679026, 5.8518362493487075e-05, 3.470350202405825e-05, 4.565569543046877e-05, 0.00012799486285075545, 0.00014714279677718878, 5.12810074724257e-05, 2.0846509869443253e-05, 6.311730248853564e-05, 8.10190467745997e-05, 7.640243711648509e-05, 5.021363904234022e-05, 0.0001259277923963964, 0.0001515894109616056, 9.309322194894776e-05, 3.221437873435207e-05, 3.952451515942812e-05, 7.079285569489002e-05, 3.2338506571250036e-05, 3.697966894833371e-05, 2.5784996978472918e-05, 1.0534305147302803e-05, 4.5366537051449995e-06, 3.567791054592817e-06, 5.430462806543801e-06, 5.845936811965657e-06, 4.603897195920581e-06, 6.867247520858655e-06, 7.744807589915581e-06, 1.0773002031783108e-05, 2.292453973495867e-05, 1.9233666535001248e-05, 1.4148689842841122e-05, 1.248113221663516e-05, 1.2997011253901292e-05, 1.0793236469908152e-05, 7.373542302957503e-06, 5.926945050305221e-06, 6.1774849200446624e-06, 1.2702593267022166e-05, 9.745583156473003e-06, 6.661249244643841e-06, 7.625863418070367e-06, 8.024644557735883e-06, 6.556025709869573e-06, 6.130530891823582e-06, 6.850183581263991e-06, 5.5248383432626724e-06, 5.070969564258121e-06, 5.5446025726269e-06, 3.4260731354152085e-06, 2.6774364414450247e-06, 2.758097707555862e-06, 2.1424557417049073e-06, 4.200328476144932e-06, 3.788340791288647e-06, 3.4828949537768494e-06, 3.008416342709097e-06, 3.42485805049364e-06, 3.905859557562508e-06, 3.837973508780124e-06, 2.8509434741863515e-06, 1.999303549382603e-06, 1.5536328419329948e-06, 1.8651982145456714e-06, 1.7111735814978601e-06, 1.265242758563545e-06, 9.688825457487837e-07, 4.99640350426489e-07, 3.334473888116918e-07, 2.087418238261307e-07, 1.8077213326250785e-07, 6.555064402391508e-08, 3.729004305341732e-08, 4.8827666354611665e-09, 4.504550510375793e-09, 6.783240635854781e-10, 4.56524096303923e-10, 3.2668215355080577e-10, 3.6413205783958347e-10, 5.684602441546893e-11, 1.2844986359283883e-11, 1.2617439211493053e-11, 1.243184288152177e-11, 1.228443128470369e-11, 1.2175656316504302e-11, 1.210823368652525e-11], "lowlevel.mfcc.mean": [-732.223876953125, 152.75770568847656, 37.71695327758789, 50.969818115234375, 43.0194206237793, 11.363765716552734, 29.646251678466797, -2.643057346343994, 6.151834011077881, -12.415497779846191, -12.114469528198242, 2.0879364013671875, -0.2174285352230072], "lowlevel.spectral_contrast_coeffs.mean": [-0.5718588829040527, -0.725868821144104, -0.7470669150352478, -0.7800106406211853, -0.7817456126213074, -0.7802482843399048], "lowlevel.spectral_contrast_coeffs.stdev": [0.08240357041358948, 0.08063356578350067, 0.08559437096118927, 0.07645521312952042, 0.06338561326265335, 0.052910082042217255], "lowlevel.spectral_contrast_valleys.mean": [-6.3670735359191895, -8.274611473083496, -8.745322227478027, -8.986089706420898, -8.640836715698242, -11.446146011352539], "lowlevel.spectral_contrast_valleys.stdev": [0.7073130011558533, 0.7529657483100891, 0.6480315327644348, 0.7800467610359192, 0.9176899194717407, 1.1234381198883057], "rhythm.beats_loudness_band_ratio.mean": [0.8580191135406494, 0.12169518321752548, 0.019475234672427177, 0.012444764375686646, 0.018179960548877716, 0.013434028252959251], "rhythm.beats_loudness_band_ratio.stdev": [0.11198782175779343, 0.07644551247358322, 0.03179914131760597, 0.019813619554042816, 0.024848222732543945, 0.022430935874581337], "tonal.hpcp.mean": [0.01948811672627926, 0.02040330320596695, 0.00911912601441145, 0.0036608462687581778, 0.013329850509762764, 0.07041282951831818, 0.16723252832889557, 0.12107588350772858, 0.104115329682827, 0.1741052269935608, 0.0886748880147934, 0.009039869531989098, 0.008758064359426498, 0.011040670797228813, 0.037536006420850754, 0.10449863225221634, 0.08121679723262787, 0.013958620838820934, 0.007962175644934177, 0.007979894988238811, 0.08593644946813583, 0.23409032821655273, 0.17263029515743256, 0.030155563727021217, 0.015373468399047852, 0.006608487106859684, 0.005605101585388184, 0.006312974262982607, 0.006712076719850302, 0.2515503168106079, 0.503663957118988, 0.26145032048225403, 0.012153166346251965, 0.010458654724061489, 0.007280510384589434, 0.009985387325286865], "tonal.hpcp.stdev": [0.10091235488653183, 0.09107837080955505, 0.05580117180943489, 0.03155169636011124, 0.07982882112264633, 0.16448868811130524, 0.3052777647972107, 0.24083007872104645, 0.21287424862384796, 0.3717736601829529, 0.20100997388362885, 0.07014354318380356, 0.04229259118437767, 0.05290590226650238, 0.09527122974395752, 0.21130485832691193, 0.16381126642227173, 0.0446011908352375, 0.03455811366438866, 0.04319367557764053, 0.16423235833644867, 0.41053342819213867, 0.31369975209236145, 0.12541154026985168, 0.09143619239330292, 0.06267769634723663, 0.03369295969605446, 0.0177911426872015, 0.022228969261050224, 0.24914294481277466, 0.44951388239860535, 0.26218464970588684, 0.08164305239915848, 0.0906379446387291, 0.06250480562448502, 0.05074583366513252], "rhythm.beats_position": [0.5572788715362549, 1.1261677742004395, 1.7066665887832642, 2.2755556106567383, 2.832834482192993, 3.4017233848571777, 3.9706122875213623, 4.551111221313477, 5.143219947814941, 5.735328674316406, 6.304217338562012, 6.849886417388916, 7.430385589599609, 8.010884284973145, 8.56816291809082, 9.125441551208496, 9.682721138000488, 10.239999771118164, 10.79727840423584, 11.342947959899902, 11.888616561889648, 12.445895195007324, 13.003174781799316], "rhythm.bpm_histogram": [0.0, 0.0, 0.0, 0.0, 0.0, 0.0, 0.0, 0.0, 0.0, 0.0, 0.0, 0.0, 0.0, 0.0, 0.0, 0.0, 0.0, 0.0, 0.0, 0.0, 0.0, 0.0, 0.0, 0.0, 0.0, 0.0, 0.0, 0.0, 0.0, 0.0, 0.0, 0.0, 0.0, 0.0, 0.0, 0.0, 0.0, 0.0, 0.0, 0.0, 0.0, 0.0, 0.0, 0.0, 0.0, 0.0, 0.0, 0.0, 0.0, 0.0, 0.0, 0.0, 0.0, 0.0, 0.0, 0.0, 0.0, 0.0, 0.0, 0.0, 0.0, 0.0, 0.0, 0.0, 0.0, 0.0, 0.0, 0.0, 0.0, 0.0, 0.0, 0.0, 0.0, 0.0, 0.0, 0.0, 0.0, 0.0, 0.0, 0.0, 0.0, 0.0, 0.0, 0.0, 0.0, 0.0, 0.0, 0.0, 0.0, 0.0, 0.0, 0.0, 0.0, 0.0, 0.0, 0.0, 0.0, 0.0, 0.0, 0.0, 0.0, 0.09090909361839294, 0.0, 0.1818181872367859, 0.0, 0.22727273404598236, 0.0, 0.0, 0.3636363744735718, 0.0, 0.13636364042758942, 0.0, 0.0, 0.0, 0.0, 0.0, 0.0, 0.0, 0.0, 0.0, 0.0, 0.0, 0.0, 0.0, 0.0, 0.0, 0.0, 0.0, 0.0, 0.0, 0.0, 0.0, 0.0, 0.0, 0.0, 0.0, 0.0, 0.0, 0.0, 0.0, 0.0, 0.0, 0.0, 0.0, 0.0, 0.0, 0.0, 0.0, 0.0, 0.0, 0.0, 0.0, 0.0, 0.0, 0.0, 0.0, 0.0, 0.0, 0.0, 0.0, 0.0, 0.0, 0.0, 0.0, 0.0, 0.0, 0.0, 0.0, 0.0, 0.0, 0.0, 0.0, 0.0, 0.0, 0.0, 0.0, 0.0, 0.0, 0.0, 0.0, 0.0, 0.0, 0.0, 0.0, 0.0, 0.0, 0.0, 0.0, 0.0, 0.0, 0.0, 0.0, 0.0, 0.0, 0.0, 0.0, 0.0, 0.0, 0.0, 0.0, 0.0, 0.0, 0.0, 0.0, 0.0, 0.0, 0.0, 0.0, 0.0, 0.0, 0.0, 0.0, 0.0, 0.0, 0.0, 0.0, 0.0, 0.0, 0.0, 0.0, 0.0, 0.0, 0.0, 0.0, 0.0, 0.0, 0.0, 0.0, 0.0, 0.0, 0.0, 0.0, 0.0, 0.0, 0.0, 0.0, 0.0, 0.0, 0.0, 0.0, 0.0, 0.0, 0.0, 0.0, 0.0, 0.0, 0.0, 0.0, 0.0, 0.0], "tonal.chords_histogram": [9.183673858642578, 26.87074851989746, 40.47618865966797, 0.0, 0.0, 0.0, 0.0, 0.0, 2.040816307067871, 0.0, 0.0, 0.0, 0.0, 0.0, 0.0, 0.0, 0.0, 19.047618865966797, 0.0, 0.680272102355957, 0.0, 0.0, 1.7006802558898926, 0.0], "tonal.thpcp": [1.0, 0.5190967321395874, 0.024129513651132584, 0.020765144377946854, 0.014455094933509827, 0.019825495779514313, 0.03869269788265228, 0.04050975292921066, 0.018105575814843178, 0.007268430199474096, 0.0264657624065876, 0.13980120420455933, 0.3320319652557373, 0.24039021134376526, 0.20671586692333221, 0.34567734599113464, 0.17605963349342346, 0.017948215827345848, 0.017388705164194107, 0.021920708939433098, 0.07452589273452759, 0.2074768990278244, 0.1612519472837448, 0.027714155614376068, 0.015808507800102234, 0.015843689441680908, 0.1706225872039795, 0.46477481722831726, 0.3427489697933197, 0.05987238883972168, 0.030523264780640602, 0.013120826333761215, 0.011128653772175312, 0.012534099631011486, 0.013326497748494148, 0.4994407892227173], "lowlevel.gfcc.cov": [[5341.76513671875, -1325.381103515625, -1154.95654296875, -70.60907745361328, -517.4315795898438, 127.21501922607422, -456.93212890625, 982.1572875976562, -322.03662109375, 425.6379089355469, -292.27459716796875, -291.73651123046875, -3.2370054721832275], [-1325.381103515625, 1921.866455078125, -183.199462890625, -791.4832763671875, 369.75115966796875, -238.6968536376953, 257.1322021484375, -131.72543334960938, 126.75103759765625, -231.9010009765625, 351.8573913574219, -197.30258178710938, 133.97830200195312], [-1154.95654296875, -183.199462890625, 978.1768188476562, 382.31109619140625, -77.41908264160156, 155.3280487060547, 141.15032958984375, -360.0845642089844, 50.013885498046875, -39.924415588378906, 10.620048522949219, 276.3461608886719, -60.663795471191406], [-70.60907745361328, -791.4832763671875, 382.31109619140625, 830.1035766601562, 12.188130378723145, -29.099246978759766, -84.39788818359375, -139.1405487060547, 55.15180969238281, -0.518841028213501, -137.9836883544922, 193.70114135742188, -10.885759353637695], [-517.4315795898438, 369.75115966796875, -77.41908264160156, 12.188130378723145, 410.09619140625, -98.74613952636719, -26.10266876220703, -46.6272087097168, 87.3990478515625, -77.24678039550781, 33.880531311035156, -52.68389892578125, 39.25160598754883], [127.21501922607422, -238.6968536376953, 155.3280487060547, -29.099246978759766, -98.74613952636719, 448.84197998046875, 182.88999938964844, -156.77633666992188, -60.84950256347656, 88.13369750976562, 6.769898414611816, 38.4559211730957, -52.61225509643555], [-456.93212890625, 257.1322021484375, 141.15032958984375, -84.39788818359375, -26.10266876220703, 182.88999938964844, 333.6559753417969, -165.52503967285156, -55.9357795715332, -16.486690521240234, 90.5739517211914, 39.858280181884766, 5.395321369171143], [982.1572875976562, -131.72543334960938, -360.0845642089844, -139.1405487060547, -46.6272087097168, -156.77633666992188, -165.52503967285156, 481.8713073730469, -20.095172882080078, 45.7385368347168, -53.26517105102539, -135.69366455078125, 49.77492904663086], [-322.03662109375, 126.75103759765625, 50.013885498046875, 55.15180969238281, 87.3990478515625, -60.84950256347656, -55.9357795715332, -20.095172882080078, 191.28285217285156, -8.603422164916992, -26.931777954101562, -18.102252960205078, 3.7600581645965576], [425.6379089355469, -231.9010009765625, -39.924415588378906, -0.518841028213501, -77.24678039550781, 88.13369750976562, -16.486690521240234, 45.7385368347168, -8.603422164916992, 174.8963623046875, -38.36323928833008, -13.04712200164795, -25.15061378479004], [-292.27459716796875, 351.8573913574219, 10.620048522949219, -137.9836883544922, 33.880531311035156, 6.769898414611816, 90.5739517211914, -53.26517105102539, -26.931777954101562, -38.36323928833008, 158.16641235351562, -0.8208761811256409, 10.431087493896484], [-291.73651123046875, -197.30258178710938, 276.3461608886719, 193.70114135742188, -52.68389892578125, 38.4559211730957, 39.858280181884766, -135.69366455078125, -18.102252960205078, -13.04712200164795, -0.8208761811256409, 186.7738037109375, -22.02499008178711], [-3.2370054721832275, 133.97830200195312, -60.663795471191406, -10.885759353637695, 39.25160598754883, -52.61225509643555, 5.395321369171143, 49.77492904663086, 3.7600581645965576, -25.15061378479004, 10.431087493896484, -22.02499008178711, 109.55265808105469]], "lowlevel.gfcc.icov": [[0.0012060533044859767, -0.0026537603698670864, 0.0014577218098565936, -0.002894013887271285, 0.0018573214765638113, -0.0029570073820650578, 0.002527497708797455, -0.0027049118652939796, 0.003082002978771925, -0.0019262239802628756, 0.0028140172362327576, -0.0010590886231511831, 0.0017907940782606602], [-0.0026537603698670864, 0.014830777421593666, -0.004639303777366877, 0.013841133564710617, -0.007463399320840836, 0.012662000022828579, -0.010665551759302616, 0.009803666733205318, -0.012656163424253464, 0.007092769723385572, -0.01480057742446661, 0.006771703716367483, -0.009750167839229107], [0.0014577218098565936, -0.004639303777366877, 0.004294170532375574, -0.005166538059711456, 0.003203383181244135, -0.004936301149427891, 0.003498006146401167, -0.0033100589644163847, 0.0035869204439222813, -0.0023060603998601437, 0.004426637664437294, -0.004235549829900265, 0.0034689477179199457], [-0.002894013887271285, 0.013841133564710617, -0.005166538059711456, 0.015397672541439533, -0.007678697817027569, 0.012455925345420837, -0.009876648895442486, 0.009956754744052887, -0.012280014343559742, 0.006765715312212706, -0.012030236423015594, 0.0044817314483225346, -0.009626653045415878], [0.0018573214765638113, -0.007463399320840836, 0.003203383181244135, -0.007678697817027569, 0.007586183026432991, -0.0066236527636647224, 0.006028952542692423, -0.004783547483384609, 0.005651057232171297, -0.0030157349538058043, 0.006657798308879137, -0.002153832232579589, 0.004217350855469704], [-0.0029570073820650578, 0.012662000022828579, -0.004936301149427891, 0.012455925345420837, -0.0066236527636647224, 0.015499487519264221, -0.011516855098307133, 0.0101907504722476, -0.010719193145632744, 0.004684168845415115, -0.011814833618700504, 0.006298884283751249, -0.007479813881218433], [0.002527497708797455, -0.010665551759302616, 0.003498006146401167, -0.009876648895442486, 0.006028952542692423, -0.011516855098307133, 0.01376289501786232, -0.006709553766995668, 0.010618445463478565, -0.005117953289300203, 0.008790126070380211, -0.004638964310288429, 0.005444420035928488], [-0.0027049118652939796, 0.009803666733205318, -0.0033100589644163847, 0.009956754744052887, -0.004783547483384609, 0.0101907504722476, -0.006709553766995668, 0.01182892918586731, -0.008738400414586067, 0.004709513857960701, -0.009278087876737118, 0.005788153037428856, -0.007920787669718266], [0.003082002978771925, -0.012656163424253464, 0.0035869204439222813, -0.012280014343559742, 0.005651057232171297, -0.010719193145632744, 0.010618445463478565, -0.008738400414586067, 0.018727585673332214, -0.007424105890095234, 0.013949188403785229, -0.0036151206586509943, 0.008207651786506176], [-0.0019262239802628756, 0.007092769723385572, -0.0023060603998601437, 0.006765715312212706, -0.0030157349538058043, 0.004684168845415115, -0.005117953289300203, 0.004709513857960701, -0.007424105890095234, 0.011830328963696957, -0.0064551266841590405, 0.0032247602939605713, -0.0036596832796931267], [0.0028140172362327576, -0.01480057742446661, 0.004426637664437294, -0.012030236423015594, 0.006657798308879137, -0.011814833618700504, 0.008790126070380211, -0.009278087876737118, 0.013949188403785229, -0.0064551266841590405, 0.02473156340420246, -0.0075076245702803135, 0.00933767668902874], [-0.0010590886231511831, 0.006771703716367483, -0.004235549829900265, 0.0044817314483225346, -0.002153832232579589, 0.006298884283751249, -0.004638964310288429, 0.005788153037428856, -0.0036151206586509943, 0.0032247602939605713, -0.0075076245702803135, 0.015109328553080559, -0.004200629889965057], [0.0017907940782606602, -0.009750167839229107, 0.0034689477179199457, -0.009626653045415878, 0.004217350855469704, -0.007479813881218433, 0.005444420035928488, -0.007920787669718266, 0.008207651786506176, -0.0036596832796931267, 0.00933767668902874, -0.004200629889965057, 0.017441319301724434]], "lowlevel.mfcc.cov": [[5951.20654296875, -1372.50146484375, -914.9616088867188, -428.088134765625, 12.20684814453125, -927.1886596679688, 202.40489196777344, -337.9967346191406, 272.2864685058594, 510.08355712890625, 79.15571594238281, -28.081958770751953, -149.59280395507812], [-1372.50146484375, 2382.95849609375, -563.498291015625, -480.1943359375, 2.7886176109313965, -284.55877685546875, 228.14605712890625, -46.26197052001953, -65.4915771484375, -22.085594177246094, 53.1424674987793, 128.0279998779297, -27.141679763793945], [-914.9616088867188, -563.498291015625, 1098.2757568359375, 201.7750244140625, -239.95233154296875, 576.567626953125, -72.49183654785156, 176.02186584472656, -75.55220794677734, -179.18417358398438, -1.1841500997543335, -8.208063125610352, 107.69996643066406], [-428.088134765625, -480.1943359375, 201.7750244140625, 684.517333984375, 159.59136962890625, 65.57103729248047, -194.06434631347656, 74.25347900390625, 42.927589416503906, -160.4821014404297, -72.24785614013672, 9.227456092834473, 75.52264404296875], [12.20684814453125, 2.7886176109313965, -239.95233154296875, 159.59136962890625, 403.5612487792969, -179.0897979736328, -132.22048950195312, -21.312461853027344, 53.34888458251953, 56.536537170410156, -39.29600524902344, 8.253008842468262, -2.888983964920044], [-927.1886596679688, -284.55877685546875, 576.567626953125, 65.57103729248047, -179.0897979736328, 935.9959716796875, 14.402678489685059, 126.19103240966797, -124.00798797607422, -47.361812591552734, 25.171802520751953, -88.17389678955078, 53.18972396850586], [202.40489196777344, 228.14605712890625, -72.49183654785156, -194.06434631347656, -132.22048950195312, 14.402678489685059, 347.75347900390625, 21.63714027404785, -19.83114242553711, 34.35903549194336, 10.035106658935547, 25.21240997314453, -9.111001014709473], [-337.9967346191406, -46.26197052001953, 176.02186584472656, 74.25347900390625, -21.312461853027344, 126.19103240966797, 21.63714027404785, 165.81185913085938, -15.27685260772705, -48.473751068115234, -15.324606895446777, -7.4823784828186035, 31.16817283630371], [272.2864685058594, -65.4915771484375, -75.55220794677734, 42.927589416503906, 53.34888458251953, -124.00798797607422, -19.83114242553711, -15.27685260772705, 202.44961547851562, 50.5893440246582, 21.177217483520508, -7.820525169372559, 10.373624801635742], [510.08355712890625, -22.085594177246094, -179.18417358398438, -160.4821014404297, 56.536537170410156, -47.361812591552734, 34.35903549194336, -48.473751068115234, 50.5893440246582, 242.76551818847656, 34.99704360961914, -10.943610191345215, -56.850914001464844], [79.15571594238281, 53.1424674987793, -1.1841500997543335, -72.24785614013672, -39.29600524902344, 25.171802520751953, 10.035106658935547, -15.324606895446777, 21.177217483520508, 34.99704360961914, 134.42030334472656, 6.596552848815918, 14.187845230102539], [-28.081958770751953, 128.0279998779297, -8.208063125610352, 9.227456092834473, 8.253008842468262, -88.17389678955078, 25.21240997314453, -7.4823784828186035, -7.820525169372559, -10.943610191345215, 6.596552848815918, 122.518798828125, 7.267313003540039], [-149.59280395507812, -27.141679763793945, 107.69996643066406, 75.52264404296875, -2.888983964920044, 53.18972396850586, -9.111001014709473, 31.16817283630371, 10.373624801635742, -56.850914001464844, 14.187845230102539, 7.267313003540039, 129.0776824951172]], "lowlevel.mfcc.icov": [[0.0004583683330565691, 0.00045547971967607737, 0.00029732799157500267, 0.00023240903101395816, 0.00021597776503767818, 0.00036493674269877374, -0.0002867791918106377, 0.00030935995164327323, -0.00012214231537654996, -0.00042213164852000773, -0.00012180145859019831, -7.21675023669377e-05, -0.00015621735656168312], [0.00045547971967607737, 0.001119870226830244, 0.0006985801155678928, 0.0007892088615335524, 3.6554218240780756e-05, 0.00026101674302481115, -0.00038795292493887246, 5.395208427216858e-05, -9.463715832680464e-05, 0.0002606017224024981, -0.0002745591045822948, -0.0007641200791113079, -0.00023285897623281926], [0.00029732799157500267, 0.0006985801155678928, 0.0024413829669356346, 0.0003012761299032718, 0.0010913918958976865, -0.0007582726539112628, 0.0005553203518502414, -0.0010473525617271662, -0.00025935136363841593, 0.0005594323738478124, 6.914278492331505e-05, -0.0012434808304533362, -0.0007631986518390477], [0.00023240903101395816, 0.0007892088615335524, 0.0003012761299032718, 0.003246517851948738, -0.0010650366311892867, -0.00021599703177344054, 0.0006653095479123294, -0.0005641099414788187, -0.0010199879761785269, 0.001876631285995245, 0.0007027628598734736, -0.0011522648856043816, -0.0005711106932722032], [0.00021597776503767818, 3.6554218240780756e-05, 0.0010913918958976865, -0.0010650366311892867, 0.004539312794804573, 0.00042081702849827707, 0.0013857355806976557, -0.0004935639444738626, -7.17189468559809e-05, -0.001959867076948285, 0.0010101896477863193, -0.00033816276118159294, -0.0008337535546161234], [0.00036493674269877374, 0.00026101674302481115, -0.0007582726539112628, -0.00021599703177344054, 0.00042081702849827707, 0.0023647791240364313, -0.0005192930111661553, -0.0001260057179024443, 0.0010738775599747896, -0.0011788462288677692, -0.0006376868695951998, 0.0015678794588893652, -0.00035808305256068707], [-0.0002867791918106377, -0.00038795292493887246, 0.0005553203518502414, 0.0006653095479123294, 0.0013857355806976557, -0.0005192930111661553, 0.004496707580983639, -0.001558243646286428, -9.307847358286381e-05, -0.000215383930481039, 0.000850162876304239, -0.0012056251289322972, -0.00044083312968723476], [0.00030935995164327323, 5.395208427216858e-05, -0.0010473525617271662, -0.0005641099414788187, -0.0004935639444738626, -0.0001260057179024443, -0.001558243646286428, 0.008475016802549362, -0.00013601330283563584, 6.706664134981111e-05, 0.00047487622941844165, 0.0007748109055683017, -0.0005970890633761883], [-0.00012214231537654996, -9.463715832680464e-05, -0.00025935136363841593, -0.0010199879761785269, -7.17189468559809e-05, 0.0010738775599747896, -9.307847358286381e-05, -0.00013601330283563584, 0.006519356742501259, -0.0017699183663353324, -0.0011951640481129289, 0.0013012579875066876, -0.0010114978067576885], [-0.00042213164852000773, 0.0002606017224024981, 0.0005594323738478124, 0.001876631285995245, -0.001959867076948285, -0.0011788462288677692, -0.000215383930481039, 6.706664134981111e-05, -0.0017699183663353324, 0.007988065481185913, -0.0011762585490942001, -0.0006096158176660538, 0.00223541515879333], [-0.00012180145859019831, -0.0002745591045822948, 6.914278492331505e-05, 0.0007027628598734736, 0.0010101896477863193, -0.0006376868695951998, 0.000850162876304239, 0.00047487622941844165, -0.0011951640481129289, -0.0011762585490942001, 0.009138948284089565, -0.0010285336757078767, -0.001805677660740912], [-7.21675023669377e-05, -0.0007641200791113079, -0.0012434808304533362, -0.0011522648856043816, -0.00033816276118159294, 0.0015678794588893652, -0.0012056251289322972, 0.0007748109055683017, 0.0013012579875066876, -0.0006096158176660538, -0.0010285336757078767, 0.010496329516172409, -0.00030942325247451663], [-0.00015621735656168312, -0.00023285897623281926, -0.0007631986518390477, -0.0005711106932722032, -0.0008337535546161234, -0.00035808305256068707, -0.00044083312968723476, -0.0005970890633761883, -0.0010114978067576885, 0.00223541515879333, -0.001805677660740912, -0.00030942325247451663, 0.010011925362050533]], "metadata.audio_properties.analysis.downmix": "mix", "metadata.audio_properties.codec": "mp3", "metadata.audio_properties.md5_encoded": "d85cc0718c55fbf66e6d911406125560", "metadata.tags.file_name": "1183710459145228289.mp3", "metadata.version.essentia": "2.1-beta6-dev", "metadata.version.essentia_git_sha": "v2.1_beta5-1110-g77a6a954", "metadata.version.extractor": "music 2.0", "tonal.chords_key": "G", "tonal.chords_scale": "major", "tonal.key_edma.key": "C", "tonal.key_edma.scale": "major", "tonal.key_krumhansl.key": "C", "tonal.key_krumhansl.scale": "major", "tonal.key_temperley.key": "C", "tonal.key_temperley.scale": "major", "metadata.tags.encoding": ["Lavf58.45.100"]}, "essentia_models": [{"model_name": "genre_dortmund", "activations": {"alternative": "0.19252264", "blues": "0.006313854", "electronic": "0.027687976", "folkcountry": "0.46424454", "funksoulrnb": "0.01612", "jazz": "0.13034365", "pop": "0.29609072", "raphiphop": "0.013121392", "rock": "0.07168956"}}, {"model_name": "genre_rosamerica", "activations": {"classic": "0.0055241985", "dance": "0.002501283", "hip hop": "0.0028475858", "jazz": "0.12832324", "pop": "0.22524178", "rhythm and blues": "0.07808775", "rock": "0.02627464", "speech": "0.2377152"}}, {"model_name": "genre_tzanetakis", "activations": {"blues": "0.68318146", "classic": "0.0019167401", "country": "0.056824833", "disco": "0.04591621", "hip hop": "0.008116938", "jazz": "0.027480854", "metal": "0.017674267", "pop"