{"song_id": "1183687409829945404", "download": "https://cdn.discordapp.com/attachments/1135911532732108921/1183687409829945404/chirp.mp4?ex=65893dce&amp", "lyrics": "-", "style": ["lo</span><span>-fi sad alone missing someone smoking"], "essentia_features": {"lowlevel.average_loudness": 0.5498727560043335, "lowlevel.barkbands_crest.mean": 12.080476760864258, "lowlevel.barkbands_crest.stdev": 2.6943705081939697, "lowlevel.barkbands_flatness_db.mean": 0.405718594789505, "lowlevel.barkbands_flatness_db.stdev": 0.062043070793151855, "lowlevel.barkbands_kurtosis.mean": 2.941180467605591, "lowlevel.barkbands_kurtosis.stdev": 3.068035840988159, "lowlevel.barkbands_skewness.mean": 1.0068315267562866, "lowlevel.barkbands_skewness.stdev": 0.6602128744125366, "lowlevel.barkbands_spread.mean": 2.604182720184326, "lowlevel.barkbands_spread.stdev": 3.0230212211608887, "lowlevel.dissonance.mean": 0.34013184905052185, "lowlevel.dissonance.stdev": 0.08232666552066803, "lowlevel.dynamic_complexity": 6.9614033699035645, "lowlevel.erbbands_crest.mean": 14.068049430847168, "lowlevel.erbbands_crest.stdev": 3.7247869968414307, "lowlevel.erbbands_flatness_db.mean": 0.40888217091560364, "lowlevel.erbbands_flatness_db.stdev": 0.0649137869477272, "lowlevel.erbbands_kurtosis.mean": 2.116363048553467, "lowlevel.erbbands_kurtosis.stdev": 2.114725112915039, "lowlevel.erbbands_skewness.mean": 0.621846616268158, "lowlevel.erbbands_skewness.stdev": 0.5087950229644775, "lowlevel.erbbands_spread.mean": 5.835223197937012, "lowlevel.erbbands_spread.stdev": 4.3532280921936035, "lowlevel.hfc.mean": 5.49290657043457, "lowlevel.hfc.stdev": 7.821903228759766, "lowlevel.loudness_ebu128.integrated": -16.03476905822754, "lowlevel.loudness_ebu128.loudness_range": 12.81347942352295, "lowlevel.loudness_ebu128.momentary.mean": -20.823516845703125, "lowlevel.loudness_ebu128.momentary.stdev": 8.139901161193848, "lowlevel.loudness_ebu128.short_term.mean": -17.883007049560547, "lowlevel.loudness_ebu128.short_term.stdev": 4.474979400634766, "lowlevel.melbands_crest.mean": 14.072884559631348, "lowlevel.melbands_crest.stdev": 3.908526659011841, "lowlevel.melbands_flatness_db.mean": 0.4815259873867035, "lowlevel.melbands_flatness_db.stdev": 0.07688365876674652, "lowlevel.melbands_kurtosis.mean": 2.3492591381073, "lowlevel.melbands_kurtosis.stdev": 2.5882227420806885, "lowlevel.melbands_skewness.mean": 0.883735179901123, "lowlevel.melbands_skewness.stdev": 0.5192738771438599, "lowlevel.melbands_spread.mean": 5.68544340133667, "lowlevel.melbands_spread.stdev": 15.426493644714355, "lowlevel.pitch_salience.mean": 0.574699342250824, "lowlevel.pitch_salience.stdev": 0.08115730434656143, "lowlevel.silence_rate_20dB.mean": 1.0, "lowlevel.silence_rate_20dB.stdev": 0.0, "lowlevel.silence_rate_30dB.mean": 1.0, "lowlevel.silence_rate_30dB.stdev": 0.0, "lowlevel.silence_rate_60dB.mean": 0.37440192699432373, "lowlevel.silence_rate_60dB.stdev": 0.48396775126457214, "lowlevel.spectral_centroid.mean": 556.4874267578125, "lowlevel.spectral_centroid.stdev": 1157.0985107421875, "lowlevel.spectral_complexity.mean": 6.0705742835998535, "lowlevel.spectral_complexity.stdev": 2.3978781700134277, "lowlevel.spectral_decrease.mean": -3.1092730612414243e-09, "lowlevel.spectral_decrease.stdev": 4.310209966718048e-09, "lowlevel.spectral_energy.mean": 0.0122333113104105, "lowlevel.spectral_energy.stdev": 0.01697549596428871, "lowlevel.spectral_energyband_high.mean": 1.5427082189489738e-07, "lowlevel.spectral_energyband_high.stdev": 5.599246577503436e-08, "lowlevel.spectral_energyband_low.mean": 4.433769572642632e-05, "lowlevel.spectral_energyband_low.stdev": 7.914430170785636e-05, "lowlevel.spectral_energyband_middle_high.mean": 0.00032934837508946657, "lowlevel.spectral_energyband_middle_high.stdev": 0.00040135916788131, "lowlevel.spectral_energyband_middle_low.mean": 0.01195023488253355, "lowlevel.spectral_energyband_middle_low.stdev": 0.016703741624951363, "lowlevel.spectral_entropy.mean": 5.236765384674072, "lowlevel.spectral_entropy.stdev": 0.6442354917526245, "lowlevel.spectral_flux.mean": 0.015302948653697968, "lowlevel.spectral_flux.stdev": 0.01831892691552639, "lowlevel.spectral_kurtosis.mean": 105.71167755126953, "lowlevel.spectral_kurtosis.stdev": 61.736228942871094, "lowlevel.spectral_rms.mean": 0.002798364032059908, "lowlevel.spectral_rms.stdev": 0.002025857800617814, "lowlevel.spectral_rolloff.mean": 819.733154296875, "lowlevel.spectral_rolloff.stdev": 2144.266845703125, "lowlevel.spectral_skewness.mean": 8.131924629211426, "lowlevel.spectral_skewness.stdev": 2.5476462841033936, "lowlevel.spectral_spread.mean": 1688739.5, "lowlevel.spectral_spread.stdev": 4572662.0, "lowlevel.spectral_strongpeak.mean": 1.0013618469238281, "lowlevel.spectral_strongpeak.stdev": 1.0294092893600464, "lowlevel.zerocrossingrate.mean": 0.02813808247447014, "lowlevel.zerocrossingrate.stdev": 0.06146090850234032, "metadata.audio_properties.analysis.equal_loudness": 0.0, "metadata.audio_properties.analysis.length": 19.369613647460938, "metadata.audio_properties.analysis.sample_rate": 44100.0, "metadata.audio_properties.analysis.start_time": 0.0, "metadata.audio_properties.bit_rate": 114294.0, "metadata.audio_properties.length": 19.37066650390625, "metadata.audio_properties.lossless": 0.0, "metadata.audio_properties.number_channels": 1.0, "metadata.audio_properties.replay_gain": -14.030805587768555, "metadata.audio_properties.sample_rate": 48000.0, "rhythm.beats_count": 43.0, "rhythm.beats_loudness.mean": 0.01714000664651394, "rhythm.beats_loudness.stdev": 0.019801225513219833, "rhythm.bpm": 132.56434631347656, "rhythm.bpm_histogram_first_peak_bpm": 133.0, "rhythm.bpm_histogram_first_peak_weight": 0.6000000238418579, "rhythm.bpm_histogram_second_peak_bpm": 152.0, "rhythm.bpm_histogram_second_peak_spread": 0.19999998807907104, "rhythm.bpm_histogram_second_peak_weight": 0.190476194024086, "rhythm.danceability": 0.8763520121574402, "rhythm.onset_rate": 0.876801073551178, "tonal.chords_changes_rate": 0.03818615898489952, "tonal.chords_number_rate": 0.016706444323062897, "tonal.chords_strength.mean": 0.4321896433830261, "tonal.chords_strength.stdev": 0.05480319261550903, "tonal.hpcp_crest.mean": 20.508726119995117, "tonal.hpcp_crest.stdev": 9.131269454956055, "tonal.hpcp_entropy.mean": 1.0958919525146484, "tonal.hpcp_entropy.stdev": 0.6255056858062744, "tonal.key_edma.strength": 0.7574814558029175, "tonal.key_krumhansl.strength": 0.7566404342651367, "tonal.key_temperley.strength": 0.7517231106758118, "tonal.tuning_diatonic_strength": 0.5198069214820862, "tonal.tuning_equal_tempered_deviation": 0.03453299030661583, "tonal.tuning_frequency": 440.5086364746094, "tonal.tuning_nontempered_energy_ratio": 0.6000559329986572, "lowlevel.barkbands.mean": [1.6972288108263456e-07, 3.5051064628532913e-07, 6.4050068431242835e-06, 0.0001095724364859052, 0.0020216733682900667, 0.003429122269153595, 0.0015695863403379917, 0.004550292622298002, 0.0001579207309987396, 0.00013829742965754122, 0.00011073640052927658, 0.00011342415382387117, 1.1634271686489228e-05, 1.0415043107059319e-05, 3.115712843282381e-06, 3.576887479539437e-07, 8.598824052796772e-08, 1.9671499984497132e-08, 1.542924898956244e-08, 1.958365736243195e-08, 2.7585116413320065e-08, 3.4903532508678836e-08, 3.4122379588552576e-08, 2.4859197367277375e-08, 1.6975814531861033e-08, 4.544580267662468e-09, 4.0357250874478723e-10], "lowlevel.barkbands.stdev": [5.581478603744472e-07, 1.222512196363823e-06, 1.2656325452553574e-05, 0.00014952366473153234, 0.004361364990472794, 0.005736233200877905, 0.002465911442413926, 0.00825595110654831, 0.00026273526600562036, 0.00020221449085511267, 0.00017316087905783206, 0.00021140309399925172, 2.2517397155752406e-05, 2.524918454582803e-05, 6.672084055026062e-06, 7.339257876992633e-07, 2.330707786768471e-07, 1.782447256459818e-08, 9.523245303455496e-09, 1.0546619577667116e-08, 1.250659664719933e-08, 1.6237992284118263e-08, 1.4117276236902399e-08, 1.0259513238963791e-08, 7.042232574860918e-09, 2.548024902182533e-09, 7.94216359345512e-10], "lowlevel.erbbands.mean": [1.712159973976668e-05, 0.00021930683578830212, 0.0073250941932201385, 0.1972198635339737, 1.1744794845581055, 8.010263442993164, 12.37121295928955, 30.30062484741211, 36.368499755859375, 59.214805603027344, 72.1038818359375, 9.086806297302246, 5.29712438583374, 2.3017799854278564, 5.297861099243164, 4.599873065948486, 1.0262482166290283, 0.5898247957229614, 0.24028772115707397, 0.0859798938035965, 0.016620419919490814, 0.004888333845883608, 0.0013937284238636494, 0.0008785190875642002, 0.0008220183080993593, 0.0009083441109396517, 0.0011668172664940357, 0.0010741675505414605, 0.0013010903494432569, 0.0010678325779736042, 0.0009533838601782918, 0.0005984652671031654, 0.00039410649333149195, 0.00022921539493836462, 0.00011005927080987021, 3.801285492954776e-05, 9.246805348084308e-06, 1.3427226122075808e-06, 5.850122761330567e-06, 1.371290363749722e-05], "lowlevel.erbbands.stdev": [3.782431303989142e-05, 0.000367648433893919, 0.011318441480398178, 0.2523508667945862, 1.3561209440231323, 19.220050811767578, 17.735885620117188, 52.38385772705078, 74.09256744384766, 134.48313903808594, 131.78346252441406, 14.991049766540527, 7.783787727355957, 3.2110166549682617, 8.685914039611816, 9.45263957977295, 1.8939945697784424, 1.2861433029174805, 0.4633229076862335, 0.18076807260513306, 0.031428638845682144, 0.011534079909324646, 0.0016995752230286598, 0.0006066227797418833, 0.0004669093177653849, 0.00048374937614426017, 0.0005775787867605686, 0.0004680757410824299, 0.0006193835288286209, 0.0004706153704319149, 0.0003939310845453292, 0.0002497323730494827, 0.00016429455718025565, 9.427175973542035e-05, 4.764836558024399e-05, 1.949217403307557e-05, 7.195143552962691e-06, 1.4538363757310435e-06, 8.106107088678982e-06, 1.9046172383241355e-05], "lowlevel.gfcc.mean": [-287.5162353515625, 188.41339111328125, -84.37066650390625, -71.78036499023438, -114.90702819824219, -19.295385360717773, -45.35159683227539, -35.383209228515625, -23.034822463989258, -14.250446319580078, -9.822436332702637, -18.129304885864258, -5.272577285766602], "lowlevel.melbands.mean": [9.471956730067177e-08, 3.7621011870214716e-06, 5.906959268031642e-05, 0.0002761314099188894, 0.0004852631827816367, 0.0007277837139554322, 0.000505158444866538, 0.0007400223985314369, 0.000501652539242059, 2.7137155484524556e-05, 2.464475437591318e-05, 7.849098437873181e-06, 1.537522257422097e-05, 1.4504183127428405e-05, 6.820877388236113e-06, 9.567105507812812e-07, 1.176274054159876e-06, 4.111620057756227e-07, 2.3101443957784795e-07, 3.9776459459517355e-08, 1.2819491246318648e-08, 5.569836591945432e-09, 1.6064427565964934e-09, 8.874579404682947e-10, 6.639419569687277e-10, 5.80184345011503e-10, 6.119337259136159e-10, 5.882703213444529e-10, 7.28383908743524e-10, 6.589669920842312e-10, 6.074923342147542e-10, 7.636022369972295e-10, 6.399543117652229e-10, 5.857639373552104e-10, 5.667872282622e-10, 4.4789147390922324e-10, 3.32085636767232e-10, 2.8916211092244737e-10, 2.0917469145675938e-10, 1.811694821940435e-10], "lowlevel.melbands.stdev": [3.404246626814711e-07, 6.751699856977211e-06, 6.869975186418742e-05, 0.0005714784492738545, 0.0008626794442534447, 0.0013024548534303904, 0.0010079503990709782, 0.0016736494144424796, 0.0009510975214652717, 4.4913565943716094e-05, 3.7609279388561845e-05, 1.2571809747896623e-05, 2.326742105651647e-05, 2.2480262487079017e-05, 1.6359928849851713e-05, 1.7452279053031816e-06, 2.8625847789953696e-06, 8.263976383204863e-07, 5.723384788325347e-07, 7.508982236004158e-08, 2.6625899707255485e-08, 1.5105237949342154e-08, 2.832840850786056e-09, 8.332056711246594e-10, 4.509777828953787e-10, 3.6925693058798004e-10, 3.7374961459057943e-10, 3.370203005559347e-10, 3.891177380310751e-10, 3.17548320971639e-10, 2.8781449445958174e-10, 3.905885614940985e-10, 3.38067907001971e-10, 2.7874205721367673e-10, 2.5444851781131206e-10, 1.9223374281285288e-10, 1.5147315346464296e-10, 1.3289191969079184e-10, 9.491807340111791e-11, 8.265767237336519e-11], "lowlevel.melbands128.mean": [5.995790530732847e-08, 6.390688866986238e-08, 1.1011135114813442e-07, 1.5165214506396296e-07, 2.7982724759567645e-07, 4.385022748465417e-06, 2.92406948574353e-05, 6.476620183093473e-05, 0.0001301274314755574, 8.782254008110613e-05, 0.0004769270308315754, 0.0008184702601283789, 0.00038729645893909037, 0.00023256837448570877, 0.0004358803853392601, 0.0013314931420609355, 0.001044831471517682, 0.00010668855247786269, 0.00017355706950183958, 0.0007182197296060622, 0.0010677080135792494, 0.0006240155198611319, 0.0006426988402381539, 4.970450027030893e-05, 1.590157626196742e-05, 1.660934867686592e-05, 1.6124949979712255e-05, 4.5004580897511914e-05, 7.63419120630715e-06, 7.351060048677027e-06, 6.909286639711354e-06, 1.093297396437265e-05, 1.0538605238252785e-05, 2.7911903089261614e-05, 1.334628996119136e-05, 1.0125986591447145e-05, 1.6873746062628925e-05, 5.958191195531981e-06, 2.023877414103481e-06, 1.3494525319401873e-06, 7.7393667652359e-07, 1.362360819712194e-07, 1.0859804433493991e-06, 2.331048790438217e-06, 1.1612853256792732e-07, 2.2900228202615835e-07, 2.714055540309346e-07, 4.292625135349226e-07, 7.866182016869061e-08, 4.6797687502930785e-08, 3.959065608682977e-08, 3.263846082290911e-08, 8.720115296512176e-09, 8.120501604480523e-09, 9.048548577084148e-09, 5.5683022637254e-09, 2.646245444992701e-09, 1.961498741209766e-09, 1.1911901465211372e-09, 1.0169912689761418e-09, 8.748358704124826e-10, 8.041625143562214e-10, 6.796175289203177e-10, 6.501508775791365e-10, 5.589190776866815e-10, 6.413785613723633e-10, 5.220674448302987e-10, 5.536806568784414e-10, 7.343531338577236e-10, 5.455106921736785e-10, 5.195108787603431e-10, 6.522645756845691e-10, 6.55267229365819e-10, 7.74869113318033e-10, 8.029106268736541e-10, 5.746043640897369e-10, 7.194154161282995e-10, 5.45927525408274e-10, 5.219986665139231e-10, 7.100217080946436e-10, 8.183333455313857e-10, 8.383027605418647e-10, 5.967180638499769e-10, 7.378689326209553e-10, 4.916207996252808e-10, 5.687406656740279e-10, 6.178547673485468e-10, 6.129506346930214e-10, 5.559813165412208e-10, 5.562663107916421e-10, 5.047934847901558e-10, 4.1688461016597955e-10, 3.507676371583557e-10, 3.289424566066401e-10, 3.1482041973340813e-10, 3.1896349450555306e-10, 2.9560223713254175e-10, 2.3706003826617916e-10, 2.0749894857896578e-10, 1.9284653041129474e-10, 1.877098199098981e-10, 1.8997615980342886e-10, 1.592254522675418e-10, 1.4576573281743777e-10, 1.048382977653084e-10, 1.0440662223665242e-10, 7.792567979780785e-11, 7.459580869673132e-11, 5.274643916086674e-11, 3.693652328440322e-11, 2.958196881897024e-11, 2.023599517120278e-11, 1.4497366848664761e-11, 9.853073218435426e-12, 8.667710646448334e-12, 6.412299510816233e-12, 3.9039149517250404e-12, 1.827135881829478e-12, 1.6536704731257013e-12, 1.5530695219451163e-12, 1.5125849791436385e-12, 1.4759646413051164e-12, 1.4512224972076937e-12, 1.4230991602151577e-12, 1.384127404704949e-12, 1.3351317664292428e-12, 1.3057287456125222e-12, 1.2957955021486445e-12], "lowlevel.melbands128.stdev": [2.4092088324323413e-07, 2.784546211387351e-07, 4.3583318642959057e-07, 5.195581138650596e-07, 7.140274078665243e-07, 8.765721759118605e-06, 5.2451992814894766e-05, 9.41792968660593e-05, 0.00018389300385024399, 0.00011794127203756943, 0.0012278375215828419, 0.0019770129583775997, 0.000568656250834465, 0.00036526573239825666, 0.0008745554951019585, 0.0029398025944828987, 0.002437419956550002, 0.00020246948406565934, 0.0004401393816806376, 0.0018141103209927678, 0.002793730702251196, 0.001231742207892239, 0.0014887956203892827, 8.524404984200373e-05, 4.05776736442931e-05, 6.192005093907937e-05, 2.4705319447093643e-05, 7.429924153257161e-05, 1.1456491847638972e-05, 2.2730691853212193e-05, 1.6016574591048993e-05, 1.7690266759018414e-05, 1.61198950081598e-05, 6.419982673833147e-05, 3.3942949812626466e-05, 2.906787813117262e-05, 4.4524698751047254e-05, 2.2269654436968267e-05, 5.781236268376233e-06, 2.6540215003478806e-06, 1.8521308220442734e-06, 3.7863969737372827e-07, 2.5426470529055223e-06, 6.168359050207073e-06, 3.577167433377326e-07, 6.992660246396554e-07, 5.752388005930698e-07, 1.3866758763469988e-06, 1.6258157131687767e-07, 9.818464263844362e-08, 9.354153718277303e-08, 8.950365071314081e-08, 1.810925454037715e-08, 2.1129327620883487e-08, 3.490909250558616e-08, 2.0175420445411874e-08, 6.082428782860916e-09, 5.210730513738326e-09, 1.4824738103769164e-09, 1.125515125544041e-09, 1.1196324978257621e-09, 7.122339384935117e-10, 5.914896350489585e-10, 5.220234244873723e-10, 4.154190047511719e-10, 5.11365338962122e-10, 3.8766537202583606e-10, 3.8123515455623647e-10, 5.961822147071416e-10, 4.0924519328910947e-10, 3.819597693688337e-10, 4.5211590027349757e-10, 4.3590286935568656e-10, 5.282559389918617e-10, 5.410114578552339e-10, 3.5350747329410126e-10, 4.774083350866931e-10, 3.1780028608707767e-10, 3.273303850193088e-10, 4.70835537225156e-10, 5.593391305680484e-10, 6.205544966775278e-10, 3.9754582958906326e-10, 5.513474121698891e-10, 2.8061714063554177e-10, 3.3706140656342143e-10, 3.497800937779516e-10, 3.830668560134143e-10, 3.2145255901561143e-10, 3.0083993629581585e-10, 2.597138060167481e-10, 2.2957867551465228e-10, 1.9889800917383127e-10, 1.8665004264395435e-10, 1.713707231676409e-10, 1.853959624709134e-10, 1.621011519459259e-10, 1.2961133555311477e-10, 1.178449143823812e-10, 1.1102340574664638e-10, 1.053552661778312e-10, 1.0444198283998674e-10, 9.51599354870325e-11, 8.491332637028393e-11, 7.20196263737094e-11, 6.818429154620276e-11, 5.507469133525511e-11, 5.134100783399376e-11, 3.9366777199179026e-11, 2.9369826015646083e-11, 2.4911671683836012e-11, 1.664305672444133e-11, 1.2462584783601294e-11, 9.93059367376814e-12, 9.190570179895552e-12, 6.89382188487353e-12, 6.7649787681423046e-12, 5.1630227870802514e-12, 3.884328188957786e-12, 3.289916299456519e-12, 3.2073198263926628e-12, 3.1311526722116456e-12, 3.0703269787712983e-12, 3.0173071072919777e-12, 2.973219977511765e-12, 2.9374606046184137e-12, 2.9120124280662685e-12, 2.8963190353004098e-12], "lowlevel.mfcc.mean": [-940.883056640625, 241.1254119873047, 39.71514129638672, -47.96254348754883, -52.5543098449707, -18.357284545898438, -32.179222106933594, -30.689430236816406, -26.365901947021484, -17.667329788208008, -16.353397369384766, -10.966238975524902, -8.06206226348877], "lowlevel.spectral_contrast_coeffs.mean": [-0.4903837740421295, -0.6364652514457703, -0.7258638739585876, -0.8113340735435486, -0.8937874436378479, -0.8555357456207275], "lowlevel.spectral_contrast_coeffs.stdev": [0.08847936242818832, 0.09950674325227737, 0.05892482399940491, 0.0536724291741848, 0.020511113107204437, 0.020071985200047493], "lowlevel.spectral_contrast_valleys.mean": [-10.097668647766113, -7.82761287689209, -9.25898265838623, -10.903726577758789, -11.873344421386719, -13.75916862487793], "lowlevel.spectral_contrast_valleys.stdev": [2.1397619247436523, 2.4452311992645264, 2.294055461883545, 2.0736234188079834, 1.8407261371612549, 1.6259679794311523], "rhythm.beats_loudness_band_ratio.mean": [0.07778768241405487, 0.5415345430374146, 0.48852574825286865, 0.033783577382564545, 0.00034330549533478916, 6.583132199011743e-05], "rhythm.beats_loudness_band_ratio.stdev": [0.08847677707672119, 0.1438349038362503, 0.16281159222126007, 0.023647161200642586, 0.0003839382843580097, 8.903886191546917e-05], "tonal.hpcp.mean": [0.007269332185387611, 0.00238695926964283, 0.05780474841594696, 0.10798215121030807, 0.052595242857933044, 0.014731024391949177, 0.015338840894401073, 0.0038844316732138395, 0.3089751601219177, 0.4886513948440552, 0.18425530195236206, 0.010887336917221546, 0.00920984148979187, 0.0028723711147904396, 0.2757328748703003, 0.41177985072135925, 0.13913947343826294, 0.0746682807803154, 0.13978323340415955, 0.06760437041521072, 0.00924692302942276, 0.010860455222427845, 0.0033957557752728462, 0.08432154357433319, 0.1271052062511444, 0.04408566281199455, 0.0007879590266384184, 0.0011050994507968426, 0.0027108537033200264, 0.3549773693084717, 0.4955548346042633, 0.14278312027454376, 0.0010371238458901644, 0.0007522969390265644, 0.0004982040845789015, 0.00610739178955555], "tonal.hpcp.stdev": [0.027950473129749298, 0.01896931789815426, 0.1374610960483551, 0.2594943642616272, 0.12571527063846588, 0.04665724188089371, 0.04412877559661865, 0.024967217817902565, 0.26956793665885925, 0.40874043107032776, 0.16809524595737457, 0.027252376079559326, 0.03048100695014, 0.035565756261348724, 0.2881193459033966, 0.3861229717731476, 0.13060477375984192, 0.154764786362648, 0.2990058958530426, 0.15438485145568848, 0.04294446110725403, 0.06249629706144333, 0.026778334751725197, 0.20308001339435577, 0.3013639450073242, 0.1061016246676445, 0.005684012547135353, 0.00992550142109394, 0.027013316750526428, 0.2903026044368744, 0.40151873230934143, 0.1281334012746811, 0.01627006195485592, 0.011411542072892189, 0.0018630459671840072, 0.016307469457387924], "rhythm.beats_position": [0.40634921193122864, 0.8243083953857422, 1.2538775205612183, 1.6718367338180542, 2.1014058589935303, 2.530975103378296, 2.972154140472412, 3.4133331775665283, 3.8661224842071533, 4.318911552429199, 4.783310413360596, 5.24770975112915, 5.677278995513916, 6.118457794189453, 6.559637069702148, 7.012426376342773, 7.4536051750183105, 7.894784450531006, 8.347573280334473, 8.800362586975098, 9.253151893615723, 9.705941200256348, 10.181949615478516, 10.66956901550293, 11.168798446655273, 11.6680269241333, 12.155646324157715, 12.608434677124023, 13.072834014892578, 13.537233352661133, 14.001632690429688, 14.466031074523926, 14.860771179199219, 15.255510330200195, 15.638639450073242, 16.03337860107422, 16.439727783203125, 16.8344669342041, 17.229206085205078, 17.623945236206055, 18.01868438720703, 18.413423538208008, 18.819772720336914], "rhythm.bpm_histogram": [0.0, 0.0, 0.0, 0.0, 0.0, 0.0, 0.0, 0.0, 0.0, 0.0, 0.0, 0.0, 0.0, 0.0, 0.0, 0.0, 0.0, 0.0, 0.0, 0.0, 0.0, 0.0, 0.0, 0.0, 0.0, 0.0, 0.0, 0.0, 0.0, 0.0, 0.0, 0.0, 0.0, 0.0, 0.0, 0.0, 0.0, 0.0, 0.0, 0.0, 0.0, 0.0, 0.0, 0.0, 0.0, 0.0, 0.0, 0.0, 0.0, 0.0, 0.0, 0.0, 0.0, 0.0, 0.0, 0.0, 0.0, 0.0, 0.0, 0.0, 0.0, 0.0, 0.0, 0.0, 0.0, 0.0, 0.0, 0.0, 0.0, 0.0, 0.0, 0.0, 0.0, 0.0, 0.0, 0.0, 0.0, 0.0, 0.0, 0.0, 0.0, 0.0, 0.0, 0.0, 0.0, 0.0, 0.0, 0.0, 0.0, 0.0, 0.0, 0.0, 0.0, 0.0, 0.0, 0.0, 0.0, 0.0, 0.0, 0.0, 0.0, 0.0, 0.0, 0.0, 0.0, 0.0, 0.0, 0.0, 0.0, 0.0, 0.0, 0.0, 0.0, 0.0, 0.0, 0.0, 0.0, 0.0, 0.0, 0.0, 0.0476190485060215, 0.0, 0.0, 0.0476190485060215, 0.0, 0.0, 0.02380952425301075, 0.0, 0.0, 0.1428571492433548, 0.0, 0.0, 0.0, 0.190476194024086, 0.0, 0.0, 0.1428571492433548, 0.0, 0.0, 0.0, 0.095238097012043, 0.0, 0.0, 0.0, 0.0476190485060215, 0.0, 0.0, 0.0, 0.0476190485060215, 0.0, 0.0, 0.0, 0.190476194024086, 0.0, 0.0, 0.0, 0.0, 0.02380952425301075, 0.0, 0.0, 0.0, 0.0, 0.0, 0.0, 0.0, 0.0, 0.0, 0.0, 0.0, 0.0, 0.0, 0.0, 0.0, 0.0, 0.0, 0.0, 0.0, 0.0, 0.0, 0.0, 0.0, 0.0, 0.0, 0.0, 0.0, 0.0, 0.0, 0.0, 0.0, 0.0, 0.0, 0.0, 0.0, 0.0, 0.0, 0.0, 0.0, 0.0, 0.0, 0.0, 0.0, 0.0, 0.0, 0.0, 0.0, 0.0, 0.0, 0.0, 0.0, 0.0, 0.0, 0.0, 0.0, 0.0, 0.0, 0.0, 0.0, 0.0, 0.0, 0.0, 0.0, 0.0, 0.0, 0.0, 0.0, 0.0, 0.0, 0.0, 0.0, 0.0, 0.0, 0.0, 0.0, 0.0, 0.0, 0.0, 0.0, 0.0, 0.0, 0.0, 0.0, 0.0, 0.0, 0.0, 0.0, 0.0, 0.0, 0.0, 0.0, 0.0], "tonal.chords_histogram": [39.61813735961914, 2.625298261642456, 12.410501480102539, 0.9546539187431335, 0.0, 0.0, 0.0, 2.1479713916778564, 0.0, 28.639617919921875, 0.0, 0.0, 0.0, 0.0, 0.0, 0.0, 0.0, 0.0, 0.0, 0.0, 0.0, 0.0, 8.353221893310547, 5.250596523284912], "tonal.thpcp": [1.0, 0.2881277799606323, 0.0020928538870066404, 0.0015180902555584908, 0.0010053460719063878, 0.012324350886046886, 0.014669077470898628, 0.0048167407512664795, 0.11664652079343796, 0.21790151298046112, 0.10613404959440231, 0.02972632646560669, 0.03095286339521408, 0.007838550955057144, 0.6234933733940125, 0.9860692620277405, 0.37181615829467773, 0.02196999453008175, 0.018584908917546272, 0.005796273238956928, 0.5564124584197998, 0.8309471011161804, 0.28077512979507446, 0.15067611634731293, 0.2820742130279541, 0.1364215761423111, 0.018659736961126328, 0.021915748715400696, 0.006852432154119015, 0.1701558232307434, 0.25649070739746094, 0.08896222710609436, 0.001590054132975638, 0.002230024663731456, 0.005470340605825186, 0.7163230776786804], "lowlevel.gfcc.cov": [[19059.63671875, 4022.50927734375, -1792.7325439453125, -2310.0068359375, -881.7398071289062, -191.93849182128906, -658.9581298828125, -1027.735595703125, 159.30662536621094, 2.4532582759857178, 139.58714294433594, -351.1841735839844, -84.40145111083984], [4022.50927734375, 980.8805541992188, -378.7428894042969, -604.5523681640625, -82.39115905761719, -56.21466064453125, -140.73947143554688, -249.25999450683594, 95.53639221191406, 17.30432891845703, 54.37071990966797, -78.38255310058594, -26.994583129882812], [-1792.7325439453125, -378.7428894042969, 313.7637023925781, 330.2493896484375, -4.676344871520996, -18.472749710083008, 83.37405395507812, 142.65277099609375, -80.90840911865234, -44.59348678588867, -42.87251281738281, 24.24871063232422, 5.732713222503662], [-2310.0068359375, -604.5523681640625, 330.2493896484375, 658.2793579101562, -86.99823760986328, 76.38195037841797, 77.41011047363281, 206.2965545654297, -195.94740295410156, -102.12579345703125, -133.4539337158203, 22.106399536132812, 15.576950073242188], [-881.7398071289062, -82.39115905761719, -4.676344871520996, -86.99823760986328, 444.3754577636719, 98.68567657470703, 31.03813362121582, -47.249847412109375, 152.1711883544922, 88.0325698852539, 46.602718353271484, 13.50355339050293, -19.137964248657227], [-191.93849182128906, -56.21466064453125, -18.472749710083008, 76.38195037841797, 98.68567657470703, 134.7738800048828, 19.089981079101562, -16.375286102294922, -14.547679901123047, 11.224641799926758, -17.44642448425293, -5.4637451171875, -1.9265143871307373], [-658.9581298828125, -140.73947143554688, 83.37405395507812, 77.41011047363281, 31.03813362121582, 19.089981079101562, 72.52339172363281, 50.9910888671875, -7.3382182121276855, -3.19981050491333, 0.551842987537384, 12.073599815368652, 1.5551985502243042], [-1027.735595703125, -249.25999450683594, 142.65277099609375, 206.2965545654297, -47.249847412109375, -16.375286102294922, 50.9910888671875, 124.31256866455078, -44.30769729614258, -32.18949508666992, -35.87830352783203, 18.6606388092041, -2.53474497795105], [159.30662536621094, 95.53639221191406, -80.90840911865234, -195.94740295410156, 152.1711883544922, -14.547679901123047, -7.3382182121276855, -44.30769729614258, 129.29202270507812, 60.71753692626953, 51.54246520996094, 0.0964217334985733, -10.893928527832031], [2.4532582759857178, 17.30432891845703, -44.59348678588867, -102.12579345703125, 88.0325698852539, 11.224641799926758, -3.19981050491333, -32.18949508666992, 60.71753692626953, 67.77117919921875, 47.9813346862793, 4.3482184410095215, -12.593788146972656], [139.58714294433594, 54.37071990966797, -42.87251281738281, -133.4539337158203, 46.602718353271484, -17.44642448425293, 0.551842987537384, -35.87830352783203, 51.54246520996094, 47.9813346862793, 69.8705825805664, 14.566133499145508, -4.225610733032227], [-351.1841735839844, -78.38255310058594, 24.24871063232422, 22.106399536132812, 13.50355339050293, -5.4637451171875, 12.073599815368652, 18.6606388092041, 0.0964217334985733, 4.3482184410095215, 14.566133499145508, 32.673221588134766, 6.575345993041992], [-84.40145111083984, -26.994583129882812, 5.732713222503662, 15.576950073242188, -19.137964248657227, -1.9265143871307373, 1.5551985502243042, -2.53474497795105, -10.893928527832031, -12.593788146972656, -4.225610733032227, 6.575345993041992, 31.783672332763672]], "lowlevel.gfcc.icov": [[0.0008318953914567828, -0.002948147477582097, 0.0017451077001169324, -0.0003715596394613385, 0.0008424519910477102, 0.00011660454038064927, -0.00033328140852972865, 0.00022628081205766648, 0.0010660092812031507, -0.0009174934239126742, 0.00033481765422038734, 0.00044495289330370724, 7.549380825366825e-05], [-0.002948147477582097, 0.01669709011912346, -0.007185262627899647, 0.0075089470483362675, -0.0014541508862748742, -0.0027455859817564487, 0.004423563834279776, 0.003280114848166704, -0.0035048658028244972, 0.010677956975996494, -0.0002585547335911542, 0.0028778412379324436, 0.005371382925659418], [0.0017451077001169324, -0.007185262627899647, 0.019687743857502937, -0.008099711500108242, -0.0046157254837453365, 0.012433438561856747, -0.010462257079780102, -0.0038544449489563704, 0.011362041346728802, -0.004135556053370237, -0.0037242844700813293, 0.005053820088505745, -0.0021559344604611397], [-0.0003715596394613385, 0.0075089470483362675, -0.008099711500108242, 0.020391523838043213, -0.0013604123378172517, -0.009681770578026772, 0.010406666435301304, -0.010817763395607471, 0.012455741874873638, 0.004940688610076904, 0.008618240244686604, 0.002798517933115363, 0.0008738462929613888], [0.0008424519910477102, -0.0014541508862748742, -0.0046157254837453365, -0.0013604123378172517, 0.012753359042108059, -0.009005135856568813, -0.00030367414001375437, 0.011131319217383862, -0.018537024036049843, 0.0011336824391037226, 0.003523945575580001, -0.006055306643247604, 0.006354102399200201], [0.00011660454038064927, -0.0027455859817564487, 0.012433438561856747, -0.009681770578026772, -0.009005135856568813, 0.026197416707873344, -0.015093345195055008, 0.006136747542768717, 0.013358802534639835, -0.011917944066226482, 0.004631687421351671, 0.0020654250402003527, -0.0020813411101698875], [-0.00033328140852972865, 0.004423563834279776, -0.010462257079780102, 0.010406666435301304, -0.00030367414001375437, -0.015093345195055008, 0.0362742654979229, -0.017447620630264282, 0.00025509626721031964, 0.010680020786821842, -0.01109617855399847, 0.006046460475772619, -0.0030121495947241783], [0.00022628081205766648, 0.003280114848166704, -0.0038544449489563704, -0.010817763395607471, 0.011131319217383862, 0.006136747542768717, -0.017447620630264282, 0.05033652484416962, -0.023004423826932907, 0.004482903517782688, 0.012395879253745079, -0.015488624572753906, 0.020069973543286324], [0.0010660092812031507, -0.0035048658028244972, 0.011362041346728802, 0.012455741874873638, -0.018537024036049843, 0.013358802534639835, 0.00025509626721031964, -0.023004423826932907, 0.0567537322640419, -0.01652134768664837, 0.0015166080556809902, 0.01249180268496275, -0.009975376538932323], [-0.0009174934239126742, 0.010677956975996494, -0.004135556053370237, 0.004940688610076904, 0.0011336824391037226, -0.011917944066226482, 0.010680020786821842, 0.004482903517782688, -0.01652134768664837, 0.0582817979156971, -0.02976304665207863, 0.008771267719566822, 0.01641129143536091], [0.00033481765422038734, -0.0002585547335911542, -0.0037242844700813293, 0.008618240244686604, 0.003523945575580001, 0.004631687421351671, -0.01109617855399847, 0.012395879253745079, 0.0015166080556809902, -0.02976304665207863, 0.058278005570173264, -0.026374613866209984, 0.0029826597310602665], [0.00044495289330370724, 0.0028778412379324436, 0.005053820088505745, 0.002798517933115363, -0.006055306643247604, 0.0020654250402003527, 0.006046460475772619, -0.015488624572753906, 0.01249180268496275, 0.008771267719566822, -0.026374613866209984, 0.059009820222854614, -0.011666511185467243], [7.549380825366825e-05, 0.005371382925659418, -0.0021559344604611397, 0.0008738462929613888, 0.006354102399200201, -0.0020813411101698875, -0.0030121495947241783, 0.020069973543286324, -0.009975376538932323, 0.01641129143536091, 0.0029826597310602665, -0.011666511185467243, 0.047527339309453964]], "lowlevel.mfcc.cov": [[5080.8330078125, 3123.806884765625, -613.2081298828125, -1064.4617919921875, -77.05496978759766, 349.8190612792969, -357.3429870605469, -396.8593444824219, -201.95516967773438, 89.6194076538086, 58.589576721191406, 173.447998046875, 196.97377014160156], [3123.806884765625, 2115.831298828125, -291.8352966308594, -658.6463623046875, -96.33069610595703, 132.3955841064453, -254.08497619628906, -253.9011993408203, -142.81509399414062, 22.07499122619629, 30.194639205932617, 115.54460906982422, 117.71588897705078], [-613.2081298828125, -291.8352966308594, 377.1171875, 235.07992553710938, -151.0377960205078, -145.7779541015625, 79.70968627929688, 78.53654479980469, 4.477528095245361, -72.51422882080078, -61.16985321044922, -93.98062133789062, -104.6563491821289], [-1064.4617919921875, -658.6463623046875, 235.07992553710938, 342.75665283203125, 13.998895645141602, -92.82347869873047, 96.05303192138672, 115.762939453125, 49.95315170288086, -30.73339080810547, -28.846145629882812, -69.6607894897461, -83.71910858154297], [-77.05496978759766, -96.33069610595703, -151.0377960205078, 13.998895645141602, 202.80699157714844, 119.82379913330078, 2.2761800289154053, 1.1508198976516724, 29.597532272338867, 50.59079360961914, 30.126174926757812, 17.61725425720215, 36.214778900146484], [349.8190612792969, 132.3955841064453, -145.7779541015625, -92.82347869873047, 119.82379913330078, 183.1471710205078, 22.463191986083984, -25.645193099975586, 7.590312957763672, 53.671226501464844, 15.371119499206543, 2.0159122943878174, 35.75886154174805], [-357.3429870605469, -254.08497619628906, 79.70968627929688, 96.05303192138672, 2.2761800289154053, 22.463191986083984, 100.31196594238281, 58.543025970458984, 21.968061447143555, 0.4666202664375305, -3.2468364238739014, -26.73607063293457, -26.153505325317383], [-396.8593444824219, -253.9011993408203, 78.53654479980469, 115.762939453125, 1.1508198976516724, -25.645193099975586, 58.543025970458984, 91.38847351074219, 46.29001998901367, -9.66040325164795, -14.347644805908203, -16.382158279418945, -20.186973571777344], [-201.95516967773438, -142.81509399414062, 4.477528095245361, 49.95315170288086, 29.597532272338867, 7.590312957763672, 21.968061447143555, 46.29001998901367, 56.72686004638672, 21.009334564208984, -7.0966315269470215, -9.676486015319824, -0.5072894096374512], [89.6194076538086, 22.07499122619629, -72.51422882080078, -30.73339080810547, 50.59079360961914, 53.671226501464844, 0.4666202664375305, -9.66040325164795, 21.009334564208984, 62.5489387512207, 29.470745086669922, 9.27709674835205, 16.234737396240234], [58.589576721191406, 30.194639205932617, -61.16985321044922, -28.846145629882812, 30.126174926757812, 15.371119499206543, -3.2468364238739014, -14.347644805908203, -7.0966315269470215, 29.470745086669922, 57.00454330444336, 46.309200286865234, 24.35799789428711], [173.447998046875, 115.54460906982422, -93.98062133789062, -69.6607894897461, 17.61725425720215, 2.0159122943878174, -26.73607063293457, -16.382158279418945, -9.676486015319824, 9.27709674835205, 46.309200286865234, 98.54782104492188, 66.90618133544922], [196.97377014160156, 117.71588897705078, -104.6563491821289, -83.71910858154297, 36.214778900146484, 35.75886154174805, -26.153505325317383, -20.186973571777344, -0.5072894096374512, 16.234737396240234, 24.35799789428711, 66.90618133544922, 85.71334838867188]], "lowlevel.mfcc.icov": [[0.004187008831650019, -0.005729118827730417, 0.0035203685984015465, -0.0021660474594682455, 0.00473866518586874, -0.00551336444914341, 0.0012808431638404727, -0.0006773467175662518, 0.0008646449423395097, -0.0010245450539514422, 0.0006184374215081334, -0.0002151944354409352, 0.0011496396036818624], [-0.005729118827730417, 0.009766916744410992, -0.007656679023057222, 0.007181182503700256, -0.006998032797127962, 0.005521934945136309, 0.0022513216827064753, -0.0006237857160158455, 0.00044546634308062494, 0.0005970169440843165, -0.0005678434972651303, -0.0016707915347069502, -3.4299519029445946e-05], [0.0035203685984015465, -0.007656679023057222, 0.02106972597539425, -0.016445331275463104, 0.014256809838116169, -0.001503709121607244, -0.007728465832769871, 0.002550496719777584, -0.00010223427671007812, 0.003327591111883521, 0.0005707289092242718, 0.007776765618473291, -0.0019283033907413483], [-0.0021660474594682455, 0.007181182503700256, -0.016445331275463104, 0.028051314875483513, -0.01850851997733116, 0.010307155549526215, -0.00020434152975212783, -0.008036935701966286, 0.0025568639393895864, -0.0028330341447144747, 0.0018923375755548477, -0.003938666079193354, 0.007087347097694874], [0.00473866518586874, -0.006998032797127962, 0.014256809838116169, -0.01850851997733116, 0.029452387243509293, -0.022301409393548965, 0.010701125487685204, -0.00015617870667483658, -0.0038269697688519955, 0.003855409100651741, -0.008446073159575462, 0.0038741868920624256, -0.0032374695874750614], [-0.00551336444914341, 0.005521934945136309, -0.001503709121607244, 0.010307155549526215, -0.022301409393548965, 0.03710890933871269, -0.025619493797421455, 0.006340129766613245, 0.002096256474032998, -0.008365253917872906, 0.010011428967118263, 0.006199205759912729, -0.005152450874447823], [0.0012808431638404727, 0.0022513216827064753, -0.007728465832769871, -0.00020434152975212783, 0.010701125487685204, -0.025619493797421455, 0.04294298589229584, -0.021619176492094994, 0.008030040189623833, 0.0003742040426004678, -0.012008062563836575, -0.00134505913592875, 0.0029459046199917793], [-0.0006773467175662518, -0.0006237857160158455, 0.002550496719777584, -0.008036935701966286, -0.00015617870667483658, 0.006340129766613245, -0.021619176492094994, 0.0487888902425766, -0.03548836708068848, 0.01475982740521431, 0.0006783229764550924, -0.004676398355513811, 0.0004443310317583382], [0.0008646449423395097, 0.00044546634308062494, -0.00010223427671007812, 0.0025568639393895864, -0.0038269697688519955, 0.002096256474032998, 0.008030040189623833, -0.03548836708068848, 0.06227444112300873, -0.0346343070268631, 0.021853413432836533, -0.0024146023206412792, -0.002788729965686798], [-0.0010245450539514422, 0.0005970169440843165, 0.003327591111883521, -0.0028330341447144747, 0.003855409100651741, -0.008365253917872906, 0.0003742040426004678, 0.01475982740521431, -0.0346343070268631, 0.053278159350156784, -0.03584461659193039, 0.01529789064079523, -0.003769426606595516], [0.0006184374215081334, -0.0005678434972651303, 0.0005707289092242718, 0.0018923375755548477, -0.008446073159575462, 0.010011428967118263, -0.012008062563836575, 0.0006783229764550924, 0.021853413432836533, -0.03584461659193039, 0.06252359598875046, -0.03271184489130974, 0.012476332485675812], [-0.0002151944354409352, -0.0016707915347069502, 0.007776765618473291, -0.003938666079193354, 0.0038741868920624256, 0.006199205759912729, -0.00134505913592875, -0.004676398355513811, -0.0024146023206412792, 0.01529789064079523, -0.03271184489130974, 0.04825244098901749, -0.028578054159879684], [0.0011496396036818624, -3.4299519029445946e-05, -0.0019283033907413483, 0.007087347097694874, -0.0032374695874750614, -0.005152450874447823, 0.0029459046199917793, 0.0004443310317583382, -0.002788729965686798, -0.003769426606595516, 0.012476332485675812, -0.028578054159879684, 0.03762030601501465]], "metadata.audio_properties.analysis.downmix": "mix", "metadata.audio_properties.codec": "mp3", "metadata.audio_properties.md5_encoded": "73be689e49289d8bcef5bfbbd4691dbd", "metadata.tags.file_name": "1183687409829945404.mp3", "metadata.version.essentia": "2.1-beta6-dev", "metadata.version.essentia_git_sha": "v2.1_beta5-1110-g77a6a954", "metadata.version.extractor": "music 2.0", "tonal.chords_key": "C", "tonal.chords_scale": "minor", "tonal.key_edma.key": "C", "tonal.key_edma.scale": "minor", "tonal.key_krumhansl.key": "C", "tonal.key_krumhansl.scale": "minor", "tonal.key_temperley.key": "C", "tonal.key_temperley.scale": "minor", "metadata.tags.encoding": ["Lavf58.45.100"]}, "essentia_models": [{"model_name": "genre_dortmund", "activations": {"alternative": "0.1053043", "blues": "0.0031135764", "electronic": "0.3876888", "folkcountry": "0.00996051", "funksoulrnb": "0.005622652", "jazz": "0.29593337", "pop": "0.014046681", "raphiphop": "0.005247695", "rock": "0.00429515"}}, {"model_name": "genre_rosamerica", "activations": {"classic": "0.5724396", "dance": "0.0057325363", "hip hop": "0.0034593055", "jazz": "0.38737047", "pop": "0.02466805", "