{"song_id": "1183683896559280148", "download": "https://cdn.discordapp.com/attachments/1135911532732108921/1183683896559280148/chirp.mp4?ex=65893a88&amp", "lyrics": "\u0421\u0442\u0440\u0430\u0431\u0430\u0441\u043a\u043e\u043f \u043c\u0435\u0440\u0446\u0430\u0435\u0442\n\u0412 \u043e\u043f\u0443\u0441\u0442\u0435\u0432\u0448\u0435\u043c \u0437\u0430\u043b\u0435. \n\u041c\u044b \u0441 \u0442\u043e\u0431\u043e\u0439 \u043e\u0434\u043d\u0438, \n\u0432\u0441\u0435 \u0432 \u0441\u0442\u0440\u0430\u0445\u0435 \u0443\u0431\u0435\u0436\u0430\u043b\u0438. \n\u0417\u0430\u043a\u0440\u0443\u0436\u0438\u043b\u0430\u0441\u044c \u0432 \u0442\u0430\u043d\u0446\u0435\n\u0423 \u0442\u0435\u0431\u044f \u043d\u0435\u0442 \u0448\u0430\u043d\u0441\u043e\u0432, \n\u0415\u0441\u043b\u0438 \u0442\u044b \u0440\u0435\u0448\u0438\u043b\u0430\n\u0421 \u0434\u044c\u044f\u0432\u043e\u043b\u043e\u043c \u0442\u044f\u0433\u0430\u0442\u044c\u0441\u044f... \n[Chorus]\n\u0422\u0435\u0447\u0435\u0442 \u0441\u043b\u044e\u043d\u0430 \u0438\u0437 \u043f\u0440\u0438\u043e\u0442\u043a\u0440\u044b\u0442\u043e\u0439 \u043f\u0430\u0441\u0442\u0438, \n\u041d\u043e \u044f \u043d\u0435 \u0441\u0442\u0430\u043d\u0443 \u0440\u0432\u0430\u0442\u044c \u0442\u0435 \u0431\u044f \u043d\u0430 \u0447\u0430\u0430\u0441\u0442\u0438.\n\u043f\u0440\u043e\u0441\u0442\u043e \u0437\u0430\u0447\u0430\u0440\u043e\u0432\u0430\u043d \u043c\u0443\u0437\u044b\u043a\u043e\u0439 \u0438 \u0442\u0435\u043b\u043e\u043c... \n\u043c\u043e\u044f \u0441\u043b\u0435\u043f\u0430\u044f \u0434\u0438\u0441\u043a\u043e... \u043a\u0430! \u0440\u0430! \u043b\u0435\u0432\u0430!\n\u041c\u043e\u044f... \u0441\u043b\u0435\u043f\u0430\u044f \u0434\u0438\u0441\u043a\u043e \u043a\u043e\u0440\u043e\u043b\u0435\u0432\u0430!", "style": ["hardcore"], "essentia_features": {"lowlevel.average_loudness": 0.9664632678031921, "lowlevel.barkbands_crest.mean": 9.598541259765625, "lowlevel.barkbands_crest.stdev": 4.137495040893555, "lowlevel.barkbands_flatness_db.mean": 0.09692887961864471, "lowlevel.barkbands_flatness_db.stdev": 0.04714593291282654, "lowlevel.barkbands_kurtosis.mean": 0.9823200702667236, "lowlevel.barkbands_kurtosis.stdev": 3.5602996349334717, "lowlevel.barkbands_skewness.mean": 0.7194303274154663, "lowlevel.barkbands_skewness.stdev": 1.0249303579330444, "lowlevel.barkbands_spread.mean": 38.82463836669922, "lowlevel.barkbands_spread.stdev": 20.468347549438477, "lowlevel.dissonance.mean": 0.47763314843177795, "lowlevel.dissonance.stdev": 0.020484963431954384, "lowlevel.dynamic_complexity": 1.9410731792449951, "lowlevel.erbbands_crest.mean": 9.77163028717041, "lowlevel.erbbands_crest.stdev": 5.776353359222412, "lowlevel.erbbands_flatness_db.mean": 0.14220759272575378, "lowlevel.erbbands_flatness_db.stdev": 0.05989187955856323, "lowlevel.erbbands_kurtosis.mean": 0.8519955277442932, "lowlevel.erbbands_kurtosis.stdev": 2.1680212020874023, "lowlevel.erbbands_skewness.mean": 0.15169019997119904, "lowlevel.erbbands_skewness.stdev": 0.9909396767616272, "lowlevel.erbbands_spread.mean": 41.70779800415039, "lowlevel.erbbands_spread.stdev": 20.439594268798828, "lowlevel.hfc.mean": 55.22897720336914, "lowlevel.hfc.stdev": 28.977855682373047, "lowlevel.loudness_ebu128.integrated": -11.122869491577148, "lowlevel.loudness_ebu128.loudness_range": 2.4974899291992188, "lowlevel.loudness_ebu128.momentary.mean": -11.593486785888672, "lowlevel.loudness_ebu128.momentary.stdev": 2.3569376468658447, "lowlevel.loudness_ebu128.short_term.mean": -11.333121299743652, "lowlevel.loudness_ebu128.short_term.stdev": 1.0285308361053467, "lowlevel.melbands_crest.mean": 15.020651817321777, "lowlevel.melbands_crest.stdev": 5.451599597930908, "lowlevel.melbands_flatness_db.mean": 0.1351555436849594, "lowlevel.melbands_flatness_db.stdev": 0.04301047697663307, "lowlevel.melbands_kurtosis.mean": 7.9605631828308105, "lowlevel.melbands_kurtosis.stdev": 11.561071395874023, "lowlevel.melbands_skewness.mean": 2.0821340084075928, "lowlevel.melbands_skewness.stdev": 1.6047312021255493, "lowlevel.melbands_spread.mean": 41.925445556640625, "lowlevel.melbands_spread.stdev": 28.7269229888916, "lowlevel.pitch_salience.mean": 0.5583892464637756, "lowlevel.pitch_salience.stdev": 0.10949104279279709, "lowlevel.silence_rate_20dB.mean": 1.0, "lowlevel.silence_rate_20dB.stdev": 0.0, "lowlevel.silence_rate_30dB.mean": 1.0, "lowlevel.silence_rate_30dB.stdev": 0.0, "lowlevel.silence_rate_60dB.mean": 0.042191434651613235, "lowlevel.silence_rate_60dB.stdev": 0.20102833211421967, "lowlevel.spectral_centroid.mean": 2146.058349609375, "lowlevel.spectral_centroid.stdev": 738.4563598632812, "lowlevel.spectral_complexity.mean": 30.595718383789062, "lowlevel.spectral_complexity.stdev": 11.808751106262207, "lowlevel.spectral_decrease.mean": -8.645117510752698e-09, "lowlevel.spectral_decrease.stdev": 4.778180962006218e-09, "lowlevel.spectral_energy.mean": 0.037638161331415176, "lowlevel.spectral_energy.stdev": 0.018835287541151047, "lowlevel.spectral_energyband_high.mean": 0.003983789123594761, "lowlevel.spectral_energyband_high.stdev": 0.0031950923148542643, "lowlevel.spectral_energyband_low.mean": 0.010863213799893856, "lowlevel.spectral_energyband_low.stdev": 0.013302666135132313, "lowlevel.spectral_energyband_middle_high.mean": 0.012443878687918186, "lowlevel.spectral_energyband_middle_high.stdev": 0.011411938816308975, "lowlevel.spectral_energyband_middle_low.mean": 0.010569687932729721, "lowlevel.spectral_energyband_middle_low.stdev": 0.010894651524722576, "lowlevel.spectral_entropy.mean": 8.107123374938965, "lowlevel.spectral_entropy.stdev": 0.32126179337501526, "lowlevel.spectral_flux.mean": 0.1161118820309639, "lowlevel.spectral_flux.stdev": 0.04619373381137848, "lowlevel.spectral_kurtosis.mean": 2.3893239498138428, "lowlevel.spectral_kurtosis.stdev": 2.1507816314697266, "lowlevel.spectral_rms.mean": 0.005794477183371782, "lowlevel.spectral_rms.stdev": 0.0017731941770762205, "lowlevel.spectral_rolloff.mean": 3252.363037109375, "lowlevel.spectral_rolloff.stdev": 2848.26953125, "lowlevel.spectral_skewness.mean": 1.2000412940979004, "lowlevel.spectral_skewness.stdev": 0.31198960542678833, "lowlevel.spectral_spread.mean": 6118275.0, "lowlevel.spectral_spread.stdev": 1796930.125, "lowlevel.spectral_strongpeak.mean": 1.8226613998413086, "lowlevel.spectral_strongpeak.stdev": 2.149784803390503, "lowlevel.zerocrossingrate.mean": 0.12136710435152054, "lowlevel.zerocrossingrate.stdev": 0.06856720894575119, "metadata.audio_properties.analysis.equal_loudness": 0.0, "metadata.audio_properties.analysis.length": 36.8426513671875, "metadata.audio_properties.analysis.sample_rate": 44100.0, "metadata.audio_properties.analysis.start_time": 0.0, "metadata.audio_properties.bit_rate": 118589.0, "metadata.audio_properties.length": 36.84266662597656, "metadata.audio_properties.lossless": 0.0, "metadata.audio_properties.number_channels": 1.0, "metadata.audio_properties.replay_gain": -13.865249633789062, "metadata.audio_properties.sample_rate": 48000.0, "rhythm.beats_count": 92.0, "rhythm.beats_loudness.mean": 0.03799254074692726, "rhythm.beats_loudness.stdev": 0.014636671170592308, "rhythm.bpm": 163.81442260742188, "rhythm.bpm_histogram_first_peak_bpm": 161.0, "rhythm.bpm_histogram_first_peak_weight": 0.0, "rhythm.bpm_histogram_second_peak_bpm": 167.0, "rhythm.bpm_histogram_second_peak_spread": 0.0, "rhythm.bpm_histogram_second_peak_weight": 0.3076923191547394, "rhythm.danceability": 0.9836395382881165, "rhythm.onset_rate": 2.414431571960449, "tonal.chords_changes_rate": 0.08301886916160583, "tonal.chords_number_rate": 0.011320754885673523, "tonal.chords_strength.mean": 0.4859273135662079, "tonal.chords_strength.stdev": 0.09137652814388275, "tonal.hpcp_crest.mean": 13.980623245239258, "tonal.hpcp_crest.stdev": 7.027704238891602, "tonal.hpcp_entropy.mean": 2.0137240886688232, "tonal.hpcp_entropy.stdev": 0.8627831935882568, "tonal.key_edma.strength": 0.5820925235748291, "tonal.key_krumhansl.strength": 0.5933776497840881, "tonal.key_temperley.strength": 0.5966843366622925, "tonal.tuning_diatonic_strength": 0.5013700723648071, "tonal.tuning_equal_tempered_deviation": 0.09580142050981522, "tonal.tuning_frequency": 441.2725830078125, "tonal.tuning_nontempered_energy_ratio": 0.7587167024612427, "lowlevel.barkbands.mean": [0.0007186459260992706, 0.006123424973338842, 0.004176798276603222, 0.0006432028603740036, 0.002726419363170862, 0.0009963861666619778, 0.002178326714783907, 0.0015843537403270602, 0.001736177015118301, 0.002217017812654376, 0.0019583809189498425, 0.0010845924261957407, 0.002872618380934, 0.0009857560507953167, 0.0007467975374311209, 0.0006870545330457389, 0.0008728929678909481, 0.00044328716467134655, 0.0006383971776813269, 0.0005091205821372569, 0.0006964622298255563, 0.0008191235829144716, 0.0006923743640072644, 0.0005325271631591022, 0.0006050757365301251, 0.00038549143937416375, 7.451912097167224e-06], "lowlevel.barkbands.stdev": [0.0006629004492424428, 0.010028666816651821, 0.004499797243624926, 0.000996260205283761, 0.0056249178014695644, 0.0018903735326603055, 0.005967699456959963, 0.0042490242049098015, 0.0054374439641833305, 0.00487703550606966, 0.004611311946064234, 0.0024736656341701746, 0.005894864443689585, 0.0019209503661841154, 0.0015532133402302861, 0.0014572283253073692, 0.0009842541767284274, 0.0003511462127789855, 0.0005455486243590713, 0.00034907448571175337, 0.00047249291674233973, 0.0006738509982824326, 0.000773451232817024, 0.0006026306073181331, 0.0008880060631781816, 0.0006497062277048826, 1.2738748409901746e-05], "lowlevel.erbbands.mean": [0.10486424714326859, 1.6211875677108765, 5.430782318115234, 2.7752437591552734, 6.014979362487793, 9.062020301818848, 8.568954467773438, 8.256473541259766, 26.503572463989258, 35.611324310302734, 33.43854904174805, 48.01581573486328, 45.53631591796875, 83.29042053222656, 76.46434783935547, 57.817108154296875, 137.12466430664062, 55.77031326293945, 45.31549072265625, 38.4805793762207, 38.22881317138672, 47.08686065673828, 28.154464721679688, 26.8159122467041, 33.045799255371094, 24.135272979736328, 25.434810638427734, 29.096391677856445, 29.99386978149414, 25.217775344848633, 18.39299201965332, 11.651427268981934, 8.993098258972168, 6.923698902130127, 4.19029426574707, 2.1837000846862793, 0.5974065065383911, 0.06350527703762054, 0.001435687649063766, 0.00011004129191860557], "lowlevel.erbbands.stdev": [0.24758946895599365, 2.443741798400879, 5.800156593322754, 3.2926788330078125, 13.570433616638184, 19.466537475585938, 17.181612014770508, 16.78385353088379, 73.65144348144531, 87.35363006591797, 92.11862182617188, 152.75827026367188, 111.18010711669922, 192.14820861816406, 162.26290893554688, 109.07191467285156, 288.2814636230469, 96.15008544921875, 81.69975280761719, 86.14381408691406, 53.41915512084961, 52.15753936767578, 22.036638259887695, 20.253299713134766, 31.49224853515625, 16.610946655273438, 17.75162124633789, 20.84697723388672, 24.907787322998047, 22.35232162475586, 21.582958221435547, 13.085198402404785, 10.83878231048584, 9.540465354919434, 6.740963935852051, 3.8900339603424072, 0.9459563493728638, 0.09982606768608093, 0.002113631460815668, 9.238022175850347e-05], "lowlevel.gfcc.mean": [56.710975646972656, 23.153839111328125, -120.29725646972656, 30.632070541381836, -63.379981994628906, 27.132057189941406, -37.05818176269531, 15.21558666229248, -29.60150146484375, 9.951005935668945, -21.418184280395508, 8.55887222290039, -18.737445831298828], "lowlevel.melbands.mean": [0.0013279672712087631, 0.0025394035037606955, 0.0005828466964885592, 0.000607149675488472, 0.0003134403086733073, 0.00018869050836656243, 0.00042577608837746084, 0.0003840067656710744, 0.00028990645660087466, 0.00027347702416591346, 0.00021769781596958637, 0.0003319289244245738, 0.0002618579310365021, 0.00014533547800965607, 0.0002680304169189185, 0.00022146075207274407, 9.623332152841613e-05, 7.508179260184988e-05, 5.303414582158439e-05, 5.159190186532214e-05, 4.374394484329969e-05, 5.028153464081697e-05, 3.804563311859965e-05, 1.8404189177090302e-05, 2.1540314264711924e-05, 2.463026794430334e-05, 2.0933555788360536e-05, 1.4673873920401093e-05, 1.4746458873560186e-05, 1.72200525412336e-05, 1.6795971532701515e-05, 1.7368960470776074e-05, 1.5135125977394637e-05, 1.3803914043819532e-05, 1.0988942449330352e-05, 8.441105819656514e-06, 6.665306045761099e-06, 6.3045495153346565e-06, 5.8998962231271435e-06, 5.8371128943690564e-06], "lowlevel.melbands.stdev": [0.0025044584181159735, 0.0028606289997696877, 0.0006732733454555273, 0.0013840522151440382, 0.0005967962206341326, 0.00038486061384901404, 0.0011754781007766724, 0.0009118917514570057, 0.0007722307345829904, 0.0008821769151836634, 0.0005575979594141245, 0.0008029410382732749, 0.0005723287467844784, 0.00030906879692338407, 0.0005557802505791187, 0.000430654501542449, 0.0001914372987812385, 0.00014444779662881047, 0.00011356304457876831, 0.00014139365521259606, 5.967699325992726e-05, 6.067504727980122e-05, 4.2260679038008675e-05, 1.3627844055008609e-05, 1.8668992197490297e-05, 2.2944914235267788e-05, 1.7973356079892255e-05, 1.0895372724917252e-05, 1.1933451787626836e-05, 1.241077552549541e-05, 1.2954321391589474e-05, 1.5217075997497886e-05, 1.296516438742401e-05, 1.3550871699408162e-05, 1.358122426609043e-05, 1.0641184417181648e-05, 7.663519681955222e-06, 7.572756203444442e-06, 7.5897119131695945e-06, 8.512726708431728e-06], "lowlevel.melbands128.mean": [0.00023865253024268895, 0.0006378914113156497, 0.0015056388219818473, 0.0031407373026013374, 0.0033898644614964724, 0.0016044449293985963, 0.00047932943562045693, 0.0003200191422365606, 0.0006010190700180829, 0.0008324765367433429, 0.00043282975093461573, 0.0003591944114305079, 0.0003020626900251955, 0.00022778194397687912, 0.0001622153358766809, 0.00016365751798730344, 0.00028185779228806496, 0.0005749830161221325, 0.00047758937580510974, 0.0003819431003648788, 0.0003747711016330868, 0.00024437461979687214, 0.0002491044579073787, 0.0003360680420883, 0.00045005613355897367, 0.0001473355951020494, 0.00012980183237232268, 0.0003020211588591337, 0.0001485992834204808, 0.0004102405800949782, 0.0003590792475733906, 0.000263313326286152, 0.0002604900801088661, 0.0002912307099904865, 0.0001488941052230075, 0.00010549617582000792, 0.00012300116941332817, 0.00012027804768877104, 0.0005831792368553579, 0.0003117314481642097, 0.00011835966142825782, 9.626581595512107e-05, 8.164579048752785e-05, 0.00011355051537975669, 8.813088061287999e-05, 5.656955181621015e-05, 7.918519986560568e-05, 5.02911425428465e-05, 4.1419734770897776e-05, 5.588059138972312e-05, 5.87476315558888e-05, 4.068530324730091e-05, 3.8891190342837945e-05, 4.648786489269696e-05, 5.0765804189722985e-05, 5.1834100304404274e-05, 4.643748980015516e-05, 5.2531438996084034e-05, 3.082960029132664e-05, 1.9077735487371683e-05, 1.705670729279518e-05, 1.704432361293584e-05, 2.2446711227530614e-05, 2.232438237115275e-05, 2.1312573153409176e-05, 2.3444066755473614e-05, 2.9606233511003666e-05, 2.2533582523465157e-05, 1.901616997201927e-05, 1.8506147171137854e-05, 1.3557424608734436e-05, 1.3358651813177858e-05, 1.4243591067497618e-05, 1.4632988495577592e-05, 1.560322016302962e-05, 1.8449349227012135e-05, 1.7113035937654786e-05, 1.6309830243699253e-05, 1.6979718566290103e-05, 1.672864891588688e-05, 1.8227510736323893e-05, 1.69403192558093e-05, 1.6958960259216838e-05, 1.4964662113925442e-05, 1.3687257705896627e-05, 1.4148361515253782e-05, 1.3974793546367437e-05, 1.2727281500701793e-05, 1.062433875631541e-05, 1.0033413673227187e-05, 9.563718776917085e-06, 7.891580935392994e-06, 6.753240541002015e-06, 6.588639280380448e-06, 6.59507304590079e-06, 6.519723683595657e-06, 6.007553565723356e-06, 6.493749424407724e-06, 5.62737886866671e-06, 5.723797130485764e-06, 6.212448624864919e-06, 5.820452315674629e-06, 5.643219537887489e-06, 5.022292043577181e-06, 4.658388206735253e-06, 4.275284936738899e-06, 4.473206900001969e-06, 4.219827133056242e-06, 3.940519491152372e-06, 3.5289647257741308e-06, 2.9852369607397122e-06, 1.979602757273824e-06, 1.8729733710642904e-06, 1.408915409228939e-06, 9.278724633077218e-07, 6.499948881355522e-07, 2.778710097572912e-07, 5.530641544737591e-08, 1.689180906261356e-09, 8.73550277252777e-12, 8.112834189166751e-12, 7.84841289180882e-12, 7.629393644625893e-12, 7.318079302265357e-12, 6.57752064620043e-12, 5.5094557388502e-12, 4.935384999987802e-12, 4.8258419829694255e-12], "lowlevel.melbands128.stdev": [0.0003537631710059941, 0.0017417514463886619, 0.003748365445062518, 0.004491455852985382, 0.003724867943674326, 0.0017888107104226947, 0.0006836273823864758, 0.0005230213282629848, 0.0014659204753115773, 0.002241854090243578, 0.0010261242277920246, 0.0008727185195311904, 0.000756600231397897, 0.0004823844355996698, 0.00039765582187101245, 0.0005823840037919581, 0.000875314581207931, 0.001970012439414859, 0.0015879463171586394, 0.0012490821536630392, 0.0011428222060203552, 0.0009266228880733252, 0.00106963946018368, 0.0011817661579698324, 0.0017125774174928665, 0.0007514297030866146, 0.00036131739034317434, 0.001067446661181748, 0.0003693053440656513, 0.0012965251225978136, 0.0010540137300267816, 0.0009067314094863832, 0.0007320635486394167, 0.0009502650937065482, 0.00046563323121517897, 0.00030485561001114547, 0.00042746338294819, 0.0003170376585330814, 0.001523258863016963, 0.0007249162881635129, 0.00037790476926602423, 0.00032872147858142853, 0.00020199644495733082, 0.0002939915284514427, 0.00027922363369725645, 0.00013737294648308307, 0.00023433315800502896, 0.0001492029696237296, 0.00012941056047566235, 0.00020361946371849626, 0.0002395381306996569, 0.00010684714652597904, 7.125563570298254e-05, 8.311709098052233e-05, 8.728765533305705e-05, 8.254157000919804e-05, 7.685526361456141e-05, 8.24042217573151e-05, 4.054668534081429e-05, 2.13764524232829e-05, 1.6618983863736503e-05, 1.5173321116890293e-05, 2.177450187446084e-05, 2.697644231375307e-05, 2.3769789549987763e-05, 2.2728298063157126e-05, 4.778962829732336e-05, 2.997696901729796e-05, 1.8356815417064354e-05, 1.7532334823044948e-05, 1.4571657629858237e-05, 1.1690108294715174e-05, 1.5124567653401755e-05, 1.5839541447348893e-05, 1.3334642972040456e-05, 1.546923886053264e-05, 1.5164093383646104e-05, 1.449495721317362e-05, 1.5033480849524494e-05, 1.6057592802098952e-05, 1.9626035282271914e-05, 1.5846233509364538e-05, 1.763591899361927e-05, 1.3878211575502064e-05, 1.4180142898112535e-05, 1.478553986089537e-05, 1.5205670933937654e-05, 1.8102829926647246e-05, 1.3608721019409131e-05, 1.4025533346284647e-05, 1.2530759704532102e-05, 1.193165280710673e-05, 8.398755198868457e-06, 9.22005892789457e-06, 7.639631803613156e-06, 8.150656867655925e-06, 8.041331966524012e-06, 9.897521522361785e-06, 7.4872596087516285e-06, 8.235479072027374e-06, 8.999156307254452e-06, 9.70635301200673e-06, 9.056116141437087e-06, 8.832976163830608e-06, 8.213247383537237e-06, 7.604589882248547e-06, 8.268623787444085e-06, 7.603211088280659e-06, 8.127813089231495e-06, 6.991805094003212e-06, 5.313635483616963e-06, 2.9166276362957433e-06, 3.285333605163032e-06, 2.6850871108763386e-06, 1.6657793366903206e-06, 1.2488502534324653e-06, 4.522966605691181e-07, 1.8156603687202733e-07, 2.038435376050529e-08, 4.277542903219356e-11, 4.0798409789433165e-11, 3.941890563963213e-11, 3.8412009684130055e-11, 3.547174706741707e-11, 2.5708948858671477e-11, 1.1771435388940876e-11, 7.3293662805618e-12, 7.183398841037469e-12], "lowlevel.mfcc.mean": [-585.1362915039062, 60.88298416137695, -2.3770487308502197, 10.30825138092041, -1.0361530780792236, 10.482561111450195, 3.360806941986084, 7.1864848136901855, 0.8171855807304382, -1.8005670309066772, 3.1823580265045166, 3.6725738048553467, 2.2672736644744873], "lowlevel.spectral_contrast_coeffs.mean": [-0.7136081457138062, -0.7500230669975281, -0.7678090333938599, -0.7788545489311218, -0.8013415336608887, -0.7419700622558594], "lowlevel.spectral_contrast_coeffs.stdev": [0.07389592379331589, 0.09218542277812958, 0.07875753939151764, 0.05802440270781517, 0.031070321798324585, 0.03836860507726669], "lowlevel.spectral_contrast_valleys.mean": [-7.139034748077393, -6.828829765319824, -6.98989200592041, -7.0510430335998535, -6.674012660980225, -8.95428466796875], "lowlevel.spectral_contrast_valleys.stdev": [1.5625611543655396, 0.9290141463279724, 0.8609948754310608, 0.7943119406700134, 0.7894698977470398, 1.095321774482727], "rhythm.beats_loudness_band_ratio.mean": [0.2912047803401947, 0.15520821511745453, 0.15500332415103912, 0.19712038338184357, 0.11069923639297485, 0.1598116159439087], "rhythm.beats_loudness_band_ratio.stdev": [0.20655670762062073, 0.18986468017101288, 0.18115763366222382, 0.20125901699066162, 0.12530557811260223, 0.18634691834449768], "tonal.hpcp.mean": [0.2594183087348938, 0.16593997180461884, 0.10870224237442017, 0.0885375589132309, 0.0764101967215538, 0.10545092076063156, 0.1234961450099945, 0.09144651889801025, 0.11851008981466293, 0.1535399854183197, 0.10824914276599884, 0.08157018572092056, 0.08853603154420853, 0.08422110974788666, 0.10445380955934525, 0.13098269701004028, 0.11452355235815048, 0.0837053582072258, 0.07371369749307632, 0.0770539715886116, 0.17569580674171448, 0.2653059959411621, 0.18810582160949707, 0.15860223770141602, 0.1735323667526245, 0.11351889371871948, 0.07774809747934341, 0.07023248076438904, 0.07627832889556885, 0.20807203650474548, 0.2788216471672058, 0.16174903512001038, 0.12375941872596741, 0.16316084563732147, 0.16739878058433533, 0.2342631071805954], "tonal.hpcp.stdev": [0.34371766448020935, 0.2517368793487549, 0.21555732190608978, 0.1926092803478241, 0.18447838723659515, 0.19179685413837433, 0.22068320214748383, 0.169050395488739, 0.19168396294116974, 0.23470234870910645, 0.17891819775104523, 0.15801163017749786, 0.18045827746391296, 0.1715310513973236, 0.18926382064819336, 0.23200850188732147, 0.20301459729671478, 0.16293562948703766, 0.14476077258586884, 0.15042807161808014, 0.22383558750152588, 0.32804980874061584, 0.24869734048843384, 0.24562230706214905, 0.2914409339427948, 0.20576165616512299, 0.1635739505290985, 0.1538497507572174, 0.1559089720249176, 0.2973752021789551, 0.3698510229587555, 0.24094079434871674, 0.213117778301239, 0.27184590697288513, 0.25683921575546265, 0.310578852891922], "rhythm.beats_position": [0.41795918345451355, 0.8591383099555969, 1.300317406654358, 1.7414965629577637, 2.18267560005188, 2.623854875564575, 3.0650339126586914, 3.529433012008667, 3.9938321113586426, 4.481451034545898, 4.957460403442383, 5.445079326629639, 5.921088218688965, 6.3854875564575195, 6.849886417388916, 7.314285755157471, 7.7670745849609375, 8.219863891601562, 8.661043167114258, 9.102222442626953, 9.543400764465332, 10.007800102233887, 10.483809471130371, 10.959818840026855, 11.412607192993164, 11.865396499633789, 12.329795837402344, 12.782585144042969, 13.235373497009277, 13.606893539428711, 13.966802597045898, 14.326711654663086, 14.698230743408203, 15.06974983215332, 15.441269874572754, 15.812788963317871, 16.184309005737305, 16.544218063354492, 16.90412712097168, 17.275646209716797, 17.647165298461914, 18.01868438720703, 18.37859344482422, 18.738502502441406, 19.098411560058594, 19.469932556152344, 19.84145164489746, 20.20136070251465, 20.572879791259766, 20.932788848876953, 21.29269790649414, 21.664216995239258, 22.035736083984375, 22.407255172729492, 22.77877426147461, 23.13868522644043, 23.498594284057617, 23.870113372802734, 24.24163246154785, 24.60154151916504, 24.961450576782227, 25.332969665527344, 25.69287872314453, 26.06439781188965, 26.42430877685547, 26.784217834472656, 27.155736923217773, 27.52725601196289, 27.887165069580078, 28.258684158325195, 28.618593215942383, 28.97850227355957, 29.350021362304688, 29.721542358398438, 30.093061447143555, 30.452970504760742, 30.81287956237793, 31.184398651123047, 31.544307708740234, 31.904216766357422, 32.27573776245117, 32.63564682006836, 32.99555587768555, 33.36707305908203, 33.73859405517578, 34.110111236572266, 34.481632232666016, 34.8531494140625, 35.21306228637695, 35.57297134399414, 35.944488525390625, 36.316009521484375], "rhythm.bpm_histogram": [0.0, 0.0, 0.0, 0.0, 0.0, 0.0, 0.0, 0.0, 0.0, 0.0, 0.0, 0.0, 0.0, 0.0, 0.0, 0.0, 0.0, 0.0, 0.0, 0.0, 0.0, 0.0, 0.0, 0.0, 0.0, 0.0, 0.0, 0.0, 0.0, 0.0, 0.0, 0.0, 0.0, 0.0, 0.0, 0.0, 0.0, 0.0, 0.0, 0.0, 0.0, 0.0, 0.0, 0.0, 0.0, 0.0, 0.0, 0.0, 0.0, 0.0, 0.0, 0.0, 0.0, 0.0, 0.0, 0.0, 0.0, 0.0, 0.0, 0.0, 0.0, 0.0, 0.0, 0.0, 0.0, 0.0, 0.0, 0.0, 0.0, 0.0, 0.0, 0.0, 0.0, 0.0, 0.0, 0.0, 0.0, 0.0, 0.0, 0.0, 0.0, 0.0, 0.0, 0.0, 0.0, 0.0, 0.0, 0.0, 0.0, 0.0, 0.0, 0.0, 0.0, 0.0, 0.0, 0.0, 0.0, 0.0, 0.0, 0.0, 0.0, 0.0, 0.0, 0.0, 0.0, 0.0, 0.0, 0.0, 0.0, 0.0, 0.0, 0.0, 0.0, 0.0, 0.0, 0.0, 0.0, 0.0, 0.0, 0.0, 0.0, 0.0, 0.0, 0.021978022530674934, 0.0, 0.0, 0.04395604506134987, 0.0, 0.0, 0.07692307978868484, 0.0, 0.0, 0.0, 0.06593406945466995, 0.0, 0.0, 0.09890110045671463, 0.0, 0.0, 0.0, 0.0, 0.0, 0.0, 0.0, 0.0, 0.0, 0.0, 0.0, 0.0, 0.0, 0.0, 0.0, 0.0, 0.0, 0.0, 0.0, 0.0, 0.0, 0.0, 0.0, 0.0, 0.38461539149284363, 0.0, 0.0, 0.0, 0.0, 0.0, 0.3076923191547394, 0.0, 0.0, 0.0, 0.0, 0.0, 0.0, 0.0, 0.0, 0.0, 0.0, 0.0, 0.0, 0.0, 0.0, 0.0, 0.0, 0.0, 0.0, 0.0, 0.0, 0.0, 0.0, 0.0, 0.0, 0.0, 0.0, 0.0, 0.0, 0.0, 0.0, 0.0, 0.0, 0.0, 0.0, 0.0, 0.0, 0.0, 0.0, 0.0, 0.0, 0.0, 0.0, 0.0, 0.0, 0.0, 0.0, 0.0, 0.0, 0.0, 0.0, 0.0, 0.0, 0.0, 0.0, 0.0, 0.0, 0.0, 0.0, 0.0, 0.0, 0.0, 0.0, 0.0, 0.0, 0.0, 0.0, 0.0, 0.0, 0.0, 0.0, 0.0, 0.0, 0.0, 0.0, 0.0, 0.0, 0.0, 0.0, 0.0, 0.0, 0.0, 0.0], "tonal.chords_histogram": [21.88679313659668, 27.672956466674805, 2.7672955989837646, 4.779874324798584, 0.0, 0.0, 0.1257861703634262, 20.251571655273438, 3.2704403400421143, 7.169811248779297, 0.0, 0.0, 0.0, 0.0, 0.6289308071136475, 0.0, 5.408804893493652, 0.0, 0.2515723407268524, 0.2515723407268524, 0.0, 0.0, 5.534591197967529, 0.0], "tonal.thpcp": [1.0, 0.5801165103912354, 0.44386589527130127, 0.5851799845695496, 0.6003794074058533, 0.8401898145675659, 0.9304094910621643, 0.5951473712921143, 0.389862984418869, 0.3175418972969055, 0.2740468680858612, 0.37820205092430115, 0.4429216682910919, 0.32797497510910034, 0.42503905296325684, 0.550674557685852, 0.38823795318603516, 0.29255327582359314, 0.31753644347190857, 0.3020608723163605, 0.37462589144706726, 0.4697723388671875, 0.41074123978614807, 0.3002111315727234, 0.26437580585479736, 0.2763557732105255, 0.6301369071006775, 0.9515258073806763, 0.6746456623077393, 0.5688304305076599, 0.6223776936531067, 0.40713801980018616, 0.27884528040885925, 0.2518903315067291, 0.2735739052295685, 0.7462549805641174], "lowlevel.gfcc.cov": [[6327.4599609375, 1116.277587890625, 1452.18798828125, 965.6700439453125, 216.00865173339844, 656.9918823242188, 115.05538177490234, 49.24411392211914, 28.280794143676758, 100.20439147949219, -83.18653869628906, -178.47300720214844, -175.83583068847656], [1116.277587890625, 1277.5377197265625, 301.6107482910156, 358.8584899902344, 193.7202911376953, 206.7623291015625, 170.00486755371094, -11.998498916625977, 33.5947380065918, -42.20485305786133, -58.67970275878906, -137.72462463378906, -35.69007110595703], [1452.18798828125, 301.6107482910156, 1363.82177734375, 806.3567504882812, 217.49586486816406, 216.13150024414062, -80.4113998413086, -46.83401107788086, -73.95408630371094, 23.1978816986084, -54.089935302734375, -80.30799865722656, -56.30720138549805], [965.6700439453125, 358.8584899902344, 806.3567504882812, 766.4173583984375, 298.7308654785156, 168.25967407226562, -17.392093658447266, -29.96251678466797, -30.861858367919922, -2.609363317489624, -51.11532211303711, -75.44252014160156, -19.44414710998535], [216.00865173339844, 193.7202911376953, 217.49586486816406, 298.7308654785156, 341.1511535644531, 166.20521545410156, 139.19749450683594, 23.69478416442871, -24.613744735717773, -7.181385040283203, -59.31814956665039, -35.7795524597168, -28.548213958740234], [656.9918823242188, 206.7623291015625, 216.13150024414062, 168.25967407226562, 166.20521545410156, 408.93408203125, 241.33071899414062, 32.02749252319336, -54.838497161865234, -25.47878074645996, 17.727195739746094, -43.42570877075195, -43.32716369628906], [115.05538177490234, 170.00486755371094, -80.4113998413086, -17.392093658447266, 139.19749450683594, 241.33071899414062, 365.6607971191406, 101.6756362915039, -41.33400344848633, -36.269805908203125, -15.069795608520508, 0.15258489549160004, -43.61893844604492], [49.24411392211914, -11.998498916625977, -46.83401107788086, -29.96251678466797, 23.69478416442871, 32.02749252319336, 101.6756362915039, 139.08880615234375, 85.40398406982422, 26.741731643676758, -6.404265880584717, 2.412170886993408, -3.8166751861572266], [28.280794143676758, 33.5947380065918, -73.95408630371094, -30.861858367919922, -24.613744735717773, -54.838497161865234, -41.33400344848633, 85.40398406982422, 185.56996154785156, 87.5080337524414, 11.11977481842041, -16.05413246154785, 7.1515116691589355], [100.20439147949219, -42.20485305786133, 23.1978816986084, -2.609363317489624, -7.181385040283203, -25.47878074645996, -36.269805908203125, 26.741731643676758, 87.5080337524414, 112.49454498291016, 46.7591667175293, 9.177906036376953, -16.747798919677734], [-83.18653869628906, -58.67970275878906, -54.089935302734375, -51.11532211303711, -59.31814956665039, 17.727195739746094, -15.069795608520508, -6.404265880584717, 11.11977481842041, 46.7591667175293, 109.03612518310547, 44.836875915527344, -0.16285164654254913], [-178.47300720214844, -137.72462463378906, -80.30799865722656, -75.44252014160156, -35.7795524597168, -43.42570877075195, 0.15258489549160004, 2.412170886993408, -16.05413246154785, 9.177906036376953, 44.836875915527344, 93.73619842529297, 32.68174743652344], [-175.83583068847656, -35.69007110595703, -56.30720138549805, -19.44414710998535, -28.548213958740234, -43.32716369628906, -43.61893844604492, -3.8166751861572266, 7.1515116691589355, -16.747798919677734, -0.16285164654254913, 32.68174743652344, 81.32430267333984]], "lowlevel.gfcc.icov": [[0.0003701609093695879, -0.00034389126813039184, 9.055839473148808e-05, -0.0004477942711673677, 0.000785489974077791, -0.0010775078553706408, 0.0007543825777247548, -0.0006755099166184664, 0.000532851554453373, -0.0010818451410159469, 0.0014421521918848157, -0.0010502598015591502, 0.000834956590551883], [-0.00034389126813039184, 0.0016935488674789667, -0.0003626109682954848, 4.233123399899341e-05, -0.0008078509708866477, 0.0015397948445752263, -0.002520090201869607, 0.0026773340068757534, -0.0025057559832930565, 0.0023372776340693235, -0.0022977706976234913, 0.0028138619381934404, -0.0013642277335748076], [9.055839473148808e-05, -0.0003626109682954848, 0.003194304183125496, -0.0035000552888959646, 0.0022216737270355225, -0.0023481901735067368, 0.002431415254250169, -0.002324087545275688, 0.00309434300288558, -0.0034678650554269552, 0.0037057700101286173, -0.002245552372187376, 0.0020589435007423162], [-0.0004477942711673677, 4.233123399899341e-05, -0.0035000552888959646, 0.007089308463037014, -0.005571378394961357, 0.0023733656853437424, -0.0006260870140977204, 0.0015751463361084461, -0.0022072293795645237, 0.003999861888587475, -0.005117006599903107, 0.0035982895642518997, -0.003069650148972869], [0.000785489974077791, -0.0008078509708866477, 0.0022216737270355225, -0.005571378394961357, 0.009947702288627625, -0.004560429137200117, 0.0004550282028503716, -0.0016265003941953182, 0.0028454852290451527, -0.006703689694404602, 0.009431367740035057, -0.005025642924010754, 0.003187858732417226], [-0.0010775078553706408, 0.0015397948445752263, -0.0023481901735067368, 0.0023733656853437424, -0.004560429137200117, 0.011064417660236359, -0.008437806740403175, 0.004587957169860601, -0.0032331757247447968, 0.006248963065445423, -0.011462239548563957, 0.009441682137548923, -0.004974891897290945], [0.0007543825777247548, -0.002520090201869607, 0.002431415254250169, -0.0006260870140977204, 0.0004550282028503716, -0.008437806740403175, 0.014543581753969193, -0.012098047882318497, 0.008153887465596199, -0.004207410849630833, 0.007404619827866554, -0.008197912015020847, 0.006681808736175299], [-0.0006755099166184664, 0.0026773340068757534, -0.002324087545275688, 0.0015751463361084461, -0.0016265003941953182, 0.004587957169860601, -0.012098047882318497, 0.023647049441933632, -0.01633860357105732, 0.007161823101341724, -0.003695813240483403, 0.0021482890006154776, -0.0029829058330506086], [0.000532851554453373, -0.0025057559832930565, 0.00309434300288558, -0.0022072293795645237, 0.0028454852290451527, -0.0032331757247447968, 0.008153887465596199, -0.01633860357105732, 0.023332083597779274, -0.01723114587366581, 0.006191594991832972, 0.0014959871768951416, -0.0016390277305617929], [-0.0010818451410159469, 0.0023372776340693235, -0.0034678650554269552, 0.003999861888587475, -0.006703689694404602, 0.006248963065445423, -0.004207410849630833, 0.007161823101341724, -0.01723114587366581, 0.029895951971411705, -0.016440708190202713, 0.0027846377342939377, 0.0028173322789371014], [0.0014421521918848157, -0.0022977706976234913, 0.0037057700101286173, -0.005117006599903107, 0.009431367740035057, -0.011462239548563957, 0.007404619827866554, -0.003695813240483403, 0.006191594991832972, -0.016440708190202713, 0.029895039275288582, -0.01748361811041832, 0.007609989959746599], [-0.0010502598015591502, 0.0028138619381934404, -0.002245552372187376, 0.0035982895642518997, -0.005025642924010754, 0.009441682137548923, -0.008197912015020847, 0.0021482890006154776, 0.0014959871768951416, 0.0027846377342939377, -0.01748361811041832, 0.02948770299553871, -0.01420383621007204], [0.000834956590551883, -0.0013642277335748076, 0.0020589435007423162, -0.003069650148972869, 0.003187858732417226, -0.004974891897290945, 0.006681808736175299, -0.0029829058330506086, -0.0016390277305617929, 0.0028173322789371014, 0.007609989959746599, -0.01420383621007204, 0.022554783150553703]], "lowlevel.mfcc.cov": [[4728.828125, 670.43701171875, 1254.4962158203125, 450.9769287109375, 479.80517578125, 525.8604125976562, 297.7840576171875, 135.138427734375, 127.70082092285156, 237.01171875, 233.02032470703125, 69.43730926513672, -132.097412109375], [670.43701171875, 807.5511474609375, 45.78440475463867, 118.7496337890625, 12.556792259216309, 145.0642852783203, 99.78075408935547, 81.31262969970703, 86.66605377197266, 59.41395950317383, 40.29129409790039, 15.781643867492676, -50.210357666015625], [1254.4962158203125, 45.78440475463867, 1164.2208251953125, 472.1321716308594, 424.7198181152344, 230.8294219970703, 104.95451354980469, -31.350622177124023, -21.507322311401367, 38.09598159790039, 30.783519744873047, -14.856850624084473, -84.61534118652344], [450.9769287109375, 118.7496337890625, 472.1321716308594, 595.2316284179688, 335.3050537109375, 148.9359893798828, 37.07583999633789, -11.494026184082031, 51.014678955078125, 27.5346736907959, -23.013473510742188, -48.29612350463867, 12.221309661865234], [479.80517578125, 12.556792259216309, 424.7198181152344, 335.3050537109375, 374.1536560058594, 162.55462646484375, 26.26110076904297, -34.24075698852539, 23.320165634155273, 53.64767837524414, -0.1981090009212494, -24.73368263244629, -15.952858924865723], [525.8604125976562, 145.0642852783203, 230.8294219970703, 148.9359893798828, 162.55462646484375, 312.4215393066406, 246.7781982421875, 106.93614196777344, 31.070341110229492, 33.61035919189453, 50.098304748535156, -5.597805023193359, -39.28221893310547], [297.7840576171875, 99.78075408935547, 104.95451354980469, 37.07583999633789, 26.26110076904297, 246.7781982421875, 352.00689697265625, 185.43675231933594, 34.19845199584961, 1.424835443496704, 46.983821868896484, -4.8067827224731445, -30.60054588317871], [135.138427734375, 81.31262969970703, -31.350622177124023, -11.494026184082031, -34.24075698852539, 106.93614196777344, 185.43675231933594, 181.7217254638672, 79.58842468261719, 22.01056671142578, 31.467519760131836, 3.2216062545776367, -4.0544657707214355], [127.70082092285156, 86.66605377197266, -21.507322311401367, 51.014678955078125, 23.320165634155273, 31.070341110229492, 34.19845199584961, 79.58842468261719, 141.26364135742188, 79.02899169921875, 21.693517684936523, -4.751399993896484, 8.8489990234375], [237.01171875, 59.41395950317383, 38.09598159790039, 27.5346736907959, 53.64767837524414, 33.61035919189453, 1.424835443496704, 22.01056671142578, 79.02899169921875, 129.5435333251953, 65.81468200683594, 17.05672836303711, -3.6031692028045654], [233.02032470703125, 40.29129409790039, 30.783519744873047, -23.013473510742188, -0.1981090009212494, 50.098304748535156, 46.983821868896484, 31.467519760131836, 21.693517684936523, 65.81468200683594, 115.56130981445312, 58.11900329589844, -0.4398408830165863], [69.43730926513672, 15.781643867492676, -14.856850624084473, -48.29612350463867, -24.73368263244629, -5.597805023193359, -4.8067827224731445, 3.2216062545776367, -4.751399993896484, 17.05672836303711, 58.11900329589844, 107.92704772949219, 48.56570816040039], [-132.097412109375, -50.210357666015625, -84.61534118652344, 12.221309661865234, -15.952858924865723, -39.28221893310547, -30.60054588317871, -4.0544657707214355, 8.8489990234375, -3.6031692028045654, -0.4398408830165863, 48.56570816040039, 106.85514068603516]], "lowlevel.mfcc.icov": [[0.0004050663555972278, -0.00025109699345193803, -0.0004365034110378474, 0.0001776485878508538, -1.2093775694665965e-05, -0.0003860657452605665, 0.00026024357066489756, -0.00019373292161617428, -3.103178823948838e-05, -0.0002012422337429598, -0.00037661573151126504, 6.6409345890861e-05, -9.57104202825576e-05], [-0.00025109699345193803, 0.0018673432059586048, 0.00042064127046614885, -0.0009565434302203357, 0.001156796352006495, -0.0010483604855835438, 0.000286257010884583, 0.00017397140618413687, -0.0007396462024189532, -0.0003329865576233715, 0.0009112692787311971, -0.00145400979090482, 0.0016000356990844011], [-0.0004365034110378474, 0.00042064127046614885, 0.0023801138158887625, -0.0012041344307363033, -0.0013795815175399184, 0.0007783752516843379, -0.0009378983522765338, 0.0004199773247819394, 0.0006659644423052669, 0.0001598052476765588, 0.00029573202482424676, -0.0014254326233640313, 0.0021073422394692898], [0.0001776485878508538, -0.0009565434302203357, -0.0012041344307363033, 0.00486863125115633, -0.003313545836135745, 3.481288513285108e-05, 0.00017073674825951457, 0.00015226959658320993, -0.0016635406063869596, 0.001886446145363152, -0.0011805424001067877, 0.0030613166745752096, -0.0033622917253524065], [-1.2093775694665965e-05, 0.001156796352006495, -0.0013795815175399184, -0.003313545836135745, 0.010270291939377785, -0.005832066293805838, 0.0022618952207267284, 0.0022034961730241776, -0.00033393720514141023, -0.0037312875501811504, 0.0029992673080414534, -0.0009058090508915484, 0.00026168100885115564], [-0.0003860657452605665, -0.0010483604855835438, 0.0007783752516843379, 3.481288513285108e-05, -0.005832066293805838, 0.014232823625206947, -0.009407205507159233, 0.0010234316578134894, 0.0007513409364037216, 0.00013309047790244222, -0.0018404804868623614, -0.00012309409794397652, 0.0013395927380770445], [0.00026024357066489756, 0.000286257010884583, -0.0009378983522765338, 0.00017073674825951457, 0.0022618952207267284, -0.009407205507159233, 0.014989135786890984, -0.011179681867361069, 0.0033021094277501106, 0.0014621787704527378, -0.0017227480420842767, 0.0019070458365604281, -0.00065628468291834], [-0.00019373292161617428, 0.00017397140618413687, 0.0004199773247819394, 0.00015226959658320993, 0.0022034961730241776, 0.0010234316578134894, -0.011179681867361069, 0.02169012650847435, -0.011560873128473759, 0.0027880663983523846, -0.00041423816583119333, -0.0011048014275729656, 3.586799721233547e-05], [-3.103178823948838e-05, -0.0007396462024189532, 0.0006659644423052669, -0.0016635406063869596, -0.00033393720514141023, 0.0007513409364037216, 0.0033021094277501106, -0.011560873128473759, 0.020144091919064522, -0.011883050203323364, 0.0034650082234293222, 0.0016017750604078174, -0.0017175998073071241], [-0.0002012422337429598, -0.0003329865576233715, 0.000