{"song_id": "1183719145087442944", "download": "https://cdn.discordapp.com/attachments/1135903449314238464/1183719145087442944/chirp.mp4?ex=65895b5c&amp", "lyrics": "[Chorus] Noite ap\u00f3s noite, \u00e9 pura emo\u00e7\u00e3o (emo\u00e7\u00e3o) Bella e Duda, nessa competi\u00e7\u00e3o (competi\u00e7\u00e3o) Com o Gebona e o Bonde, n\u00e3o tem pra ningu\u00e9m (pra ningu\u00e9m) Vamos dan\u00e7ar funk, at\u00e9 o amanhecer (amanhecer)", "style": ["Memphis cult"], "essentia_features": {"lowlevel.average_loudness": 0.9826236367225647, "lowlevel.barkbands_crest.mean": 12.18115234375, "lowlevel.barkbands_crest.stdev": 5.257116794586182, "lowlevel.barkbands_flatness_db.mean": 0.20999552309513092, "lowlevel.barkbands_flatness_db.stdev": 0.07113630324602127, "lowlevel.barkbands_kurtosis.mean": 19.593294143676758, "lowlevel.barkbands_kurtosis.stdev": 45.83851623535156, "lowlevel.barkbands_skewness.mean": 2.8123600482940674, "lowlevel.barkbands_skewness.stdev": 2.605696678161621, "lowlevel.barkbands_spread.mean": 18.592113494873047, "lowlevel.barkbands_spread.stdev": 18.221925735473633, "lowlevel.dissonance.mean": 0.45564237236976624, "lowlevel.dissonance.stdev": 0.02913859859108925, "lowlevel.dynamic_complexity": 3.6638054847717285, "lowlevel.erbbands_crest.mean": 9.465031623840332, "lowlevel.erbbands_crest.stdev": 3.8314108848571777, "lowlevel.erbbands_flatness_db.mean": 0.18330471217632294, "lowlevel.erbbands_flatness_db.stdev": 0.0344054214656353, "lowlevel.erbbands_kurtosis.mean": 1.3407940864562988, "lowlevel.erbbands_kurtosis.stdev": 4.013943672180176, "lowlevel.erbbands_skewness.mean": 0.33305859565734863, "lowlevel.erbbands_skewness.stdev": 1.218719244003296, "lowlevel.erbbands_spread.mean": 44.51576232910156, "lowlevel.erbbands_spread.stdev": 21.691410064697266, "lowlevel.hfc.mean": 11.932023048400879, "lowlevel.hfc.stdev": 21.593711853027344, "lowlevel.loudness_ebu128.integrated": -16.622440338134766, "lowlevel.loudness_ebu128.loudness_range": 1.0486373901367188, "lowlevel.loudness_ebu128.momentary.mean": -17.09261703491211, "lowlevel.loudness_ebu128.momentary.stdev": 2.189014196395874, "lowlevel.loudness_ebu128.short_term.mean": -16.728546142578125, "lowlevel.loudness_ebu128.short_term.stdev": 0.3523690104484558, "lowlevel.melbands_crest.mean": 15.98129940032959, "lowlevel.melbands_crest.stdev": 5.919866561889648, "lowlevel.melbands_flatness_db.mean": 0.26374509930610657, "lowlevel.melbands_flatness_db.stdev": 0.09729806333780289, "lowlevel.melbands_kurtosis.mean": 38.52224349975586, "lowlevel.melbands_kurtosis.stdev": 60.24575424194336, "lowlevel.melbands_skewness.mean": 4.096889019012451, "lowlevel.melbands_skewness.stdev": 2.70880389213562, "lowlevel.melbands_spread.mean": 21.985692977905273, "lowlevel.melbands_spread.stdev": 33.868560791015625, "lowlevel.pitch_salience.mean": 0.4981543719768524, "lowlevel.pitch_salience.stdev": 0.15079782903194427, "lowlevel.silence_rate_20dB.mean": 1.0, "lowlevel.silence_rate_20dB.stdev": 0.0, "lowlevel.silence_rate_30dB.mean": 0.9035608172416687, "lowlevel.silence_rate_30dB.stdev": 0.295192152261734, "lowlevel.silence_rate_60dB.mean": 0.14391691982746124, "lowlevel.silence_rate_60dB.stdev": 0.35100677609443665, "lowlevel.spectral_centroid.mean": 1092.0740966796875, "lowlevel.spectral_centroid.stdev": 899.8016967773438, "lowlevel.spectral_complexity.mean": 9.203264236450195, "lowlevel.spectral_complexity.stdev": 7.513313293457031, "lowlevel.spectral_decrease.mean": -7.444453498095527e-09, "lowlevel.spectral_decrease.stdev": 1.5932359431758414e-08, "lowlevel.spectral_energy.mean": 0.029179349541664124, "lowlevel.spectral_energy.stdev": 0.06071528419852257, "lowlevel.spectral_energyband_high.mean": 0.0008237441652454436, "lowlevel.spectral_energyband_high.stdev": 0.0026957178488373756, "lowlevel.spectral_energyband_low.mean": 0.021048199385404587, "lowlevel.spectral_energyband_low.stdev": 0.05396318808197975, "lowlevel.spectral_energyband_middle_high.mean": 0.001408937037922442, "lowlevel.spectral_energyband_middle_high.stdev": 0.002244919538497925, "lowlevel.spectral_energyband_middle_low.mean": 0.008321342058479786, "lowlevel.spectral_energyband_middle_low.stdev": 0.020129278302192688, "lowlevel.spectral_entropy.mean": 7.2793684005737305, "lowlevel.spectral_entropy.stdev": 0.5589749813079834, "lowlevel.spectral_flux.mean": 0.09251970052719116, "lowlevel.spectral_flux.stdev": 0.12680396437644958, "lowlevel.spectral_kurtosis.mean": 5.414083480834961, "lowlevel.spectral_kurtosis.stdev": 4.368171691894531, "lowlevel.spectral_rms.mean": 0.004048205446451902, "lowlevel.spectral_rms.stdev": 0.003475588746368885, "lowlevel.spectral_rolloff.mean": 1367.64599609375, "lowlevel.spectral_rolloff.stdev": 2068.97265625, "lowlevel.spectral_skewness.mean": 1.7551604509353638, "lowlevel.spectral_skewness.stdev": 0.7559382915496826, "lowlevel.spectral_spread.mean": 4516136.5, "lowlevel.spectral_spread.stdev": 1437898.75, "lowlevel.spectral_strongpeak.mean": 0.5217791199684143, "lowlevel.spectral_strongpeak.stdev": 0.46812015771865845, "lowlevel.zerocrossingrate.mean": 0.05451362952589989, "lowlevel.zerocrossingrate.stdev": 0.054432984441518784, "metadata.audio_properties.analysis.equal_loudness": 0.0, "metadata.audio_properties.analysis.length": 15.614943504333496, "metadata.audio_properties.analysis.sample_rate": 44100.0, "metadata.audio_properties.analysis.start_time": 0.0, "metadata.audio_properties.bit_rate": 114503.0, "metadata.audio_properties.length": 15.616000175476074, "metadata.audio_properties.lossless": 0.0, "metadata.audio_properties.number_channels": 1.0, "metadata.audio_properties.replay_gain": -11.193656921386719, "metadata.audio_properties.sample_rate": 48000.0, "rhythm.beats_count": 22.0, "rhythm.beats_loudness.mean": 0.06658872961997986, "rhythm.beats_loudness.stdev": 0.05792412906885147, "rhythm.bpm": 87.74359130859375, "rhythm.bpm_histogram_first_peak_bpm": 88.0, "rhythm.bpm_histogram_first_peak_weight": 0.0476190447807312, "rhythm.bpm_histogram_second_peak_bpm": 0.0, "rhythm.bpm_histogram_second_peak_spread": 0.0, "rhythm.bpm_histogram_second_peak_weight": 0.0, "rhythm.danceability": 3.0412943363189697, "rhythm.onset_rate": 4.287443161010742, "tonal.chords_changes_rate": 0.06508875638246536, "tonal.chords_number_rate": 0.017751479521393776, "tonal.chords_strength.mean": 0.47918009757995605, "tonal.chords_strength.stdev": 0.10937327146530151, "tonal.hpcp_crest.mean": 12.273260116577148, "tonal.hpcp_crest.stdev": 5.915826320648193, "tonal.hpcp_entropy.mean": 2.251647710800171, "tonal.hpcp_entropy.stdev": 0.6675114631652832, "tonal.key_edma.strength": 0.7292944192886353, "tonal.key_krumhansl.strength": 0.7279385924339294, "tonal.key_temperley.strength": 0.7292985916137695, "tonal.tuning_diatonic_strength": 0.5556290149688721, "tonal.tuning_equal_tempered_deviation": 0.09469541907310486, "tonal.tuning_frequency": 436.7083740234375, "tonal.tuning_nontempered_energy_ratio": 0.7871211767196655, "lowlevel.barkbands.mean": [0.00014303479110822082, 0.010275830514729023, 0.008219738490879536, 0.003823308041319251, 0.002179185627028346, 0.0014030742458999157, 0.0005656122229993343, 0.0001643407449591905, 0.00016280560521408916, 0.0001731283700792119, 7.68579266150482e-05, 0.0001243481965502724, 0.00015135099238250405, 0.0002020543470280245, 0.00017981306882575154, 9.683332609711215e-05, 0.00010961780208162963, 0.00015030040231067687, 0.00011103026190539822, 0.00011482628906378523, 0.00016614398919045925, 0.0001850535481935367, 0.00013997401401866227, 0.00019577203784137964, 5.893129491596483e-05, 6.381042112479918e-06, 2.5578172468954108e-08], "lowlevel.barkbands.stdev": [0.00038950805901549757, 0.029205121099948883, 0.02822302095592022, 0.014191514812409878, 0.005283589009195566, 0.002038033679127693, 0.000835721381008625, 0.00043889423250220716, 0.0003611680876929313, 0.0003534700081218034, 0.0002482662966940552, 0.0003207117842976004, 0.00038298589061014354, 0.0005429837619885802, 0.0004536228079814464, 0.0002016044018091634, 0.00029228455969132483, 0.0003215067263226956, 0.0005192913813516498, 0.0005601259763352573, 0.000645219290163368, 0.0007353101391345263, 0.00048556632827967405, 0.0006311722681857646, 0.00017447142454329878, 2.6820502171176486e-05, 3.0941399131734215e-07], "lowlevel.erbbands.mean": [0.26600369811058044, 2.472594738006592, 8.212723731994629, 13.016969680786133, 9.033560752868652, 6.720969200134277, 8.929620742797852, 10.377396583557129, 12.246417045593262, 4.363671779632568, 3.8432161808013916, 2.8899600505828857, 4.606156826019287, 6.214130878448486, 3.448892116546631, 6.100111961364746, 6.02785062789917, 10.523733139038086, 10.222705841064453, 7.598455429077148, 5.184183597564697, 6.348434925079346, 8.735249519348145, 6.265049934387207, 5.2023701667785645, 5.2885589599609375, 6.861395359039307, 6.658054828643799, 7.3562235832214355, 4.374562740325928, 3.929072380065918, 3.8758983612060547, 3.2419984340667725, 1.1074587106704712, 0.20521306991577148, 0.05202782526612282, 0.007322981953620911, 0.000542522466275841, 3.238494900870137e-05, 3.560617915354669e-05], "lowlevel.erbbands.stdev": [0.714547336101532, 7.326601505279541, 28.21454429626465, 44.68333435058594, 30.822126388549805, 14.793251991271973, 12.431167602539062, 17.19405746459961, 20.465757369995117, 9.664732933044434, 10.848346710205078, 5.971794128417969, 8.647465705871582, 13.429215431213379, 10.20468521118164, 16.447534561157227, 13.664278984069824, 25.601415634155273, 29.02513313293457, 14.540953636169434, 11.193957328796387, 16.181882858276367, 17.075511932373047, 24.52345085144043, 24.66082000732422, 25.82835578918457, 27.959186553955078, 26.72503662109375, 29.234773635864258, 16.602075576782227, 13.65254020690918, 13.414716720581055, 9.955175399780273, 3.1728591918945312, 0.6845189929008484, 0.20800720155239105, 0.03207845613360405, 0.002599278697744012, 7.403676136163995e-05, 6.645070970989764e-05], "lowlevel.gfcc.mean": [-84.77140045166016, 111.89368438720703, -111.55277252197266, 48.8377685546875, -58.77638626098633, 15.484517097473145, -60.107643127441406, 4.73025369644165, -26.43013572692871, -15.228716850280762, -0.44563591480255127, -21.552099227905273, 1.1764554977416992], "lowlevel.melbands.mean": [0.002656331518664956, 0.00395260751247406, 0.002121503697708249, 0.0005135228857398033, 0.00030670512933284044, 0.00025259627727791667, 0.00017486717842984945, 4.0193292079493403e-05, 2.8124319214839488e-05, 2.0933610358042642e-05, 2.3832784791011363e-05, 2.6091383915627375e-05, 1.0616568033583462e-05, 1.4301755982160103e-05, 1.2824508303310722e-05, 1.5634643204975873e-05, 2.0075367501704022e-05, 1.7028894944814965e-05, 1.2458608580345754e-05, 8.030713615880813e-06, 5.486450390890241e-06, 5.7691427173267584e-06, 9.23364314076025e-06, 6.269507593970047e-06, 4.964825620845659e-06, 3.894676410709508e-06, 3.37699088959198e-06, 3.553481064955122e-06, 4.498654561757576e-06, 3.868748081004014e-06, 3.870266482408624e-06, 4.5710917220276315e-06, 2.88652631752484e-06, 2.3244283511303365e-06, 2.163475301131257e-06, 2.3100324142433237e-06, 2.413045649518608e-06, 2.438279125271947e-06, 1.7029573200488812e-06, 6.805670977882983e-07], "lowlevel.melbands.stdev": [0.007283759769052267, 0.012090710923075676, 0.007217520847916603, 0.0014454228803515434, 0.0004323879547882825, 0.0004111670714337379, 0.00028377323178574443, 9.617023897590116e-05, 8.114920638035983e-05, 4.6353026846190915e-05, 4.522896051639691e-05, 5.716875602956861e-05, 3.4351083741057664e-05, 3.7388243072200567e-05, 2.9957145670778118e-05, 3.9916652895044535e-05, 5.01918257214129e-05, 5.177272032597102e-05, 3.0218927349778824e-05, 1.5220472960209008e-05, 1.307790353166638e-05, 1.625767254154198e-05, 1.872025677585043e-05, 1.4259993804444093e-05, 2.0687177311629057e-05, 1.9500415874063037e-05, 1.5783858543727547e-05, 1.8351885955780745e-05, 1.9199293092242442e-05, 1.5668625565012917e-05, 1.564022204547655e-05, 1.805740248528309e-05, 1.186691861221334e-05, 8.772309229243547e-06, 7.732348421995994e-06, 7.968893442011904e-06, 8.662496838951483e-06, 7.890179404057562e-06, 4.832769718632335e-06, 2.0482248146436177e-06], "lowlevel.melbands128.mean": [0.00013581302482634783, 0.0017669779481366277, 0.003949690144509077, 0.003957588691264391, 0.0040068114176392555, 0.0041056349873542786, 0.0028599665965884924, 0.0016196257201954722, 0.0008284167270176113, 0.00040564045775681734, 0.00035069460864178836, 0.00033268562401644886, 0.00034684158163145185, 0.00021171598928049207, 0.00015138389426283538, 0.00037837555282749236, 0.0002970123023260385, 0.00010930548887699842, 5.9642909036483616e-05, 4.925422035739757e-05, 2.1575930077233352e-05, 3.334710709168576e-05, 3.8256272091530263e-05, 1.076850912795635e-05, 7.5385000855021644e-06, 2.971030153275933e-05, 4.1883020458044484e-05, 1.2928204341733363e-05, 1.562498255225364e-05, 4.198740134597756e-05, 2.3470809537684545e-05, 9.099027010961436e-06, 1.2076794519089162e-05, 1.0044966984423809e-05, 6.260397185542388e-06, 2.062253224721644e-05, 2.0681476598838344e-05, 6.661489351245109e-06, 1.4609957361244597e-05, 1.0567491699475795e-05, 1.2319185771048069e-05, 3.060616290895268e-05, 1.2696256817434914e-05, 2.424270314804744e-05, 1.7458238289691508e-05, 1.4965392438170966e-05, 1.7438065697206184e-05, 1.1746586096705869e-05, 1.1770970559155103e-05, 9.198803127219435e-06, 8.127326509566046e-06, 5.272810994938482e-06, 6.8415265559451655e-06, 4.742481451103231e-06, 4.672813247452723e-06, 5.8034238463733345e-06, 5.763380158896325e-06, 9.829269401961938e-06, 1.0741108781076036e-05, 8.628461728221737e-06, 5.432994839793537e-06, 4.507357516558841e-06, 6.198195023898734e-06, 4.8435931603307836e-06, 3.7216257169347955e-06, 3.886802005581558e-06, 4.099703801330179e-06, 3.3378705666109454e-06, 3.4605045584612526e-06, 2.9743787308689207e-06, 3.107417796854861e-06, 3.856009698210983e-06, 5.136859272170113e-06, 4.543855084193638e-06, 3.857889623759547e-06, 4.0541813177696895e-06, 3.7897107176831923e-06, 3.615186642491608e-06, 3.6653564166044816e-06, 4.179226380074397e-06, 5.130740191816585e-06, 4.563386937661562e-06, 3.875629317917628e-06, 2.666214868440875e-06, 2.094190449497546e-06, 2.2331962554744678e-06, 2.5660260689619463e-06, 2.2037054350221297e-06, 1.8969783468492096e-06, 2.1874650428799214e-06, 2.788943220366491e-06, 1.8538707990956027e-06, 2.4976711756607983e-06, 2.526925754864351e-06, 2.1674538857041625e-06, 2.7213641260459553e-06, 2.386669621046167e-06, 2.3054117264109664e-06, 1.9477813566481927e-06, 1.3261829963084892e-06, 8.365173016500194e-07, 6.062175543775083e-07, 4.2236817421326123e-07, 2.590322480955365e-07, 1.49982156472106e-07, 1.4332695741359203e-07, 1.7440049759898102e-07, 1.251620460607228e-07, 7.010309133193005e-08, 5.117863821624269e-08, 4.486690485805411e-08, 2.367187512675173e-08, 1.6376414890828528e-08, 1.1739536454058452e-08, 8.759156955306935e-09, 4.282284749024257e-09, 1.1787405496122005e-09, 3.364042377995702e-11, 1.0181369636264037e-11, 6.327744751788433e-12, 8.944571645852495e-12, 5.567836122710723e-12, 3.848901666131388e-12, 3.776035040203851e-12, 3.688041191884928e-12, 3.5805414622808174e-12, 3.5158510217764283e-12, 3.491575301453609e-12], "lowlevel.melbands128.stdev": [0.0003783981082960963, 0.00482854014262557, 0.011412324383854866, 0.013080217875540257, 0.014516382478177547, 0.013661949895322323, 0.00994583684951067, 0.006036307197064161, 0.0028518580365926027, 0.0012118278536945581, 0.000782385584898293, 0.0005532974610105157, 0.000499479123391211, 0.0005410349695011973, 0.0003768963797483593, 0.0007852652342990041, 0.0006261577364057302, 0.00022272896603681147, 0.00012014174717478454, 0.00016304418386425823, 7.768827344989404e-05, 0.00010793320689117536, 0.00012297886132728308, 2.9900224035372958e-05, 1.894065826490987e-05, 8.325280214194208e-05, 0.00010542078234720975, 2.877165206882637e-05, 4.4357439037412405e-05, 0.00010192050103796646, 6.031153679941781e-05, 3.352675412315875e-05, 5.001109093427658e-05, 4.206518497085199e-05, 1.724650246615056e-05, 6.442344601964578e-05, 6.520881288452074e-05, 1.5688143321312964e-05, 4.760482988785952e-05, 2.8879330784548074e-05, 4.610759424394928e-05, 9.926095663104206e-05, 3.695395935210399e-05, 7.877332245698199e-05, 6.319164094747975e-05, 6.0152240621391684e-05, 5.778792183264159e-05, 3.896376438206062e-05, 2.874587516998872e-05, 2.0387786207720637e-05, 1.974420592887327e-05, 1.2504641745181289e-05, 2.0890885934932157e-05, 1.2599538422364276e-05, 1.2906765732623171e-05, 2.1587109586107545e-05, 1.7547929019201547e-05, 2.8275162549107336e-05, 2.141144432243891e-05, 1.7891812603920698e-05, 1.3505643437383696e-05, 1.3943402336735744e-05, 2.9106606234563515e-05, 2.091065289278049e-05, 2.1152123736101203e-05, 2.107935506501235e-05, 2.2122054360806942e-05, 1.626942503207829e-05, 1.6838170267874375e-05, 1.5902307495707646e-05, 1.8254842871101573e-05, 2.066354500129819e-05, 2.6212424927507527e-05, 1.7752499843481928e-05, 1.821145269786939e-05, 1.5404004443553276e-05, 1.7413965906598605e-05, 1.790431451809127e-05, 1.4683650988445152e-05, 1.749952025420498e-05, 2.1047906557214446e-05, 1.8605380319058895e-05, 1.983664151339326e-05, 1.0590387319098227e-05, 8.736584277357906e-06, 9.418907211511396e-06, 9.81220819085138e-06, 8.58831117511727e-06, 7.29352950656903e-06, 8.100440027192235e-06, 1.0748711247288156e-05, 6.264764124352951e-06, 1.0404452950751875e-05, 9.961226169252768e-06, 7.775131962262094e-06, 9.917126590153202e-06, 8.075753612502012e-06, 7.172665391408373e-06, 5.943262294749729e-06, 3.9762094274919946e-06, 2.422707666482893e-06, 2.0339398361102212e-06, 1.5059773659231723e-06, 1.0023168215411715e-06, 5.411060328697204e-07, 6.027393055774155e-07, 7.231381573546969e-07, 5.264899982648785e-07, 3.3474049132564687e-07, 2.4740327830841125e-07, 2.479223155660293e-07, 1.149623471974337e-07, 9.969028269551927e-08, 6.229974047755604e-08, 4.993768598637871e-08, 2.8535476204183396e-08, 1.3446603830402637e-08, 4.459287106239884e-10, 1.17112861075519e-10, 5.308802702996829e-11, 1.2544695837668485e-10, 4.1950231483012246e-11, 8.79579482165882e-12, 8.646923455035704e-12, 8.519247807203811e-12, 8.416434216229618e-12, 8.343348581463239e-12, 8.29827265930172e-12], "lowlevel.mfcc.mean": [-721.6333618164062, 124.01966094970703, 14.876752853393555, 21.00398826599121, 30.273910522460938, -8.9356107711792, 3.902590751647949, -7.990896701812744, -10.04743480682373, -1.9950412511825562, -13.521610260009766, -1.4407464265823364, -13.780271530151367], "lowlevel.spectral_contrast_coeffs.mean": [-0.6583527326583862, -0.7224124670028687, -0.7889993190765381, -0.8042560815811157, -0.8014246821403503, -0.7981308102607727], "lowlevel.spectral_contrast_coeffs.stdev": [0.06734425574541092, 0.08335444331169128, 0.052539147436618805, 0.050317246466875076, 0.03618539869785309, 0.043045200407505035], "lowlevel.spectral_contrast_valleys.mean": [-7.236743450164795, -7.821411609649658, -8.308954238891602, -8.286970138549805, -8.299474716186523, -10.92905330657959], "lowlevel.spectral_contrast_valleys.stdev": [0.9806825518608093, 0.8869344592094421, 0.8803718686103821, 0.7620275020599365, 0.818820595741272, 1.1990416049957275], "rhythm.beats_loudness_band_ratio.mean": [0.6696438193321228, 0.1494300216436386, 0.07058285921812057, 0.03556983545422554, 0.06575015187263489, 0.05810277536511421], "rhythm.beats_loudness_band_ratio.stdev": [0.3464428186416626, 0.16007086634635925, 0.09082667529582977, 0.06001582741737366, 0.07794304192066193, 0.1112637147307396], "tonal.hpcp.mean": [0.14124782383441925, 0.1364745795726776, 0.06752421706914902, 0.0568639375269413, 0.06219402700662613, 0.1811281144618988, 0.336281418800354, 0.21952779591083527, 0.15015819668769836, 0.2791694104671478, 0.190444678068161, 0.04581233486533165, 0.04020616039633751, 0.03931853547692299, 0.06604113429784775, 0.2126024216413498, 0.18937405943870544, 0.046716030687093735, 0.02940969727933407, 0.018532633781433105, 0.051887404173612595, 0.11931886523962021, 0.08965669572353363, 0.028284860774874687, 0.025598175823688507, 0.023609880357980728, 0.047310780733823776, 0.09901510924100876, 0.07992599904537201, 0.09724962711334229, 0.2545571029186249, 0.19517634809017181, 0.044732123613357544, 0.038389720022678375, 0.032748639583587646, 0.062108349055051804], "tonal.hpcp.stdev": [0.2498539686203003, 0.2502762973308563, 0.1891288459300995, 0.1725526601076126, 0.18672339618206024, 0.258912593126297, 0.416652113199234, 0.29789096117019653, 0.226399764418602, 0.38012731075286865, 0.28483912348747253, 0.15248718857765198, 0.14503146708011627, 0.14916589856147766, 0.12615838646888733, 0.2838515341281891, 0.25793692469596863, 0.1379745900630951, 0.11981654167175293, 0.060242071747779846, 0.16031111776828766, 0.2843405604362488, 0.22277209162712097, 0.08352863043546677, 0.09174689650535583, 0.07631981372833252, 0.10767728835344315, 0.1759856641292572, 0.1631503701210022, 0.148690864443779, 0.3569677770137787, 0.26338252425193787, 0.12482402473688126, 0.1364065557718277, 0.11864600330591202, 0.17622293531894684], "rhythm.beats_position": [0.6849886775016785, 1.3931972980499268, 2.078185796737671, 2.763174533843994, 3.4481632709503174, 4.121541976928711, 4.806530475616455, 5.491518974304199, 6.176507949829102, 6.861496448516846, 7.54648494720459, 8.219863891601562, 8.904852867126465, 9.58984088897705, 10.274829864501953, 10.959818840026855, 11.633196830749512, 12.306575775146484, 12.991564750671387, 13.676552772521973, 14.361541748046875, 15.046530723571777], "rhythm.bpm_histogram": [0.0, 0.0, 0.0, 0.0, 0.0, 0.0, 0.0, 0.0, 0.0, 0.0, 0.0, 0.0, 0.0, 0.0, 0.0, 0.0, 0.0, 0.0, 0.0, 0.0, 0.0, 0.0, 0.0, 0.0, 0.0, 0.0, 0.0, 0.0, 0.0, 0.0, 0.0, 0.0, 0.0, 0.0, 0.0, 0.0, 0.0, 0.0, 0.0, 0.0, 0.0, 0.0, 0.0, 0.0, 0.0, 0.0, 0.0, 0.0, 0.0, 0.0, 0.0, 0.0, 0.0, 0.0, 0.0, 0.0, 0.0, 0.0, 0.0, 0.0, 0.0, 0.0, 0.0, 0.0, 0.0, 0.0, 0.0, 0.0, 0.0, 0.0, 0.0, 0.0, 0.0, 0.0, 0.0, 0.0, 0.0, 0.0, 0.0, 0.0, 0.0, 0.0, 0.0, 0.0, 0.0, 0.0476190485060215, 0.0, 0.0, 0.761904776096344, 0.190476194024086, 0.0, 0.0, 0.0, 0.0, 0.0, 0.0, 0.0, 0.0, 0.0, 0.0, 0.0, 0.0, 0.0, 0.0, 0.0, 0.0, 0.0, 0.0, 0.0, 0.0, 0.0, 0.0, 0.0, 0.0, 0.0, 0.0, 0.0, 0.0, 0.0, 0.0, 0.0, 0.0, 0.0, 0.0, 0.0, 0.0, 0.0, 0.0, 0.0, 0.0, 0.0, 0.0, 0.0, 0.0, 0.0, 0.0, 0.0, 0.0, 0.0, 0.0, 0.0, 0.0, 0.0, 0.0, 0.0, 0.0, 0.0, 0.0, 0.0, 0.0, 0.0, 0.0, 0.0, 0.0, 0.0, 0.0, 0.0, 0.0, 0.0, 0.0, 0.0, 0.0, 0.0, 0.0, 0.0, 0.0, 0.0, 0.0, 0.0, 0.0, 0.0, 0.0, 0.0, 0.0, 0.0, 0.0, 0.0, 0.0, 0.0, 0.0, 0.0, 0.0, 0.0, 0.0, 0.0, 0.0, 0.0, 0.0, 0.0, 0.0, 0.0, 0.0, 0.0, 0.0, 0.0, 0.0, 0.0, 0.0, 0.0, 0.0, 0.0, 0.0, 0.0, 0.0, 0.0, 0.0, 0.0, 0.0, 0.0, 0.0, 0.0, 0.0, 0.0, 0.0, 0.0, 0.0, 0.0, 0.0, 0.0, 0.0, 0.0, 0.0, 0.0, 0.0, 0.0, 0.0, 0.0, 0.0, 0.0, 0.0, 0.0, 0.0, 0.0, 0.0, 0.0, 0.0, 0.0, 0.0, 0.0, 0.0, 0.0, 0.0, 0.0, 0.0, 0.0, 0.0, 0.0, 0.0, 0.0, 0.0], "tonal.chords_histogram": [10.946745872497559, 0.0, 33.72780990600586, 25.44378662109375, 15.384614944458008, 0.0, 0.0, 0.0, 0.0, 0.0, 0.0, 0.0, 0.0, 0.0, 0.0, 0.0, 0.0, 0.8875739574432373, 0.0, 0.0, 0.0, 0.0, 8.28402328491211, 5.325443744659424], "tonal.thpcp": [1.0, 0.6528097987174988, 0.4465253949165344, 0.8301660418510437, 0.566325306892395, 0.1362321376800537, 0.11956105381250381, 0.11692152172327042, 0.19638651609420776, 0.6322157979011536, 0.5631415843963623, 0.13891945779323578, 0.087455615401268, 0.055110491812229156, 0.15429756045341492, 0.3548184931278229, 0.26661211252212524, 0.08411068469285965, 0.07612129300832748, 0.07020869851112366, 0.14068806171417236, 0.29444122314453125, 0.23767593502998352, 0.28919118642807007, 0.7569764256477356, 0.5803958773612976, 0.13301990926265717, 0.11415950208902359, 0.09738462418317795, 0.18469159305095673, 0.4200286269187927, 0.405834436416626, 0.20079675316810608, 0.16909627616405487, 0.18494637310504913, 0.53862065076828], "lowlevel.gfcc.cov": [[5879.88623046875, -1071.6646728515625, 83.93843841552734, 0.03557705879211426, -459.330322265625, 286.14434814453125, -186.25332641601562, 82.9726791381836, -117.5625, 256.0665283203125, -195.0072479248047, 212.74139404296875, -180.79786682128906], [-1071.6646728515625, 2216.005126953125, -57.79411315917969, -427.9246520996094, 603.197998046875, -171.33731079101562, 267.9271240234375, 101.19709777832031, 137.7060546875, -388.02886962890625, 322.1882629394531, -355.07940673828125, 239.35162353515625], [83.93843841552734, -57.79411315917969, 758.1219482421875, 269.8182373046875, 91.40667724609375, 116.83221435546875, 182.83457946777344, 23.700542449951172, 141.04757690429688, 53.425933837890625, -13.184305191040039, 74.87165069580078, -9.532115936279297], [0.03557705879211426, -427.9246520996094, 269.8182373046875, 588.6013793945312, -38.59131622314453, -40.73597717285156, 73.33866119384766, -86.50804138183594, 145.93116760253906, 66.44929504394531, -44.6489372253418, 128.60012817382812, -8.43317699432373], [-459.330322265625, 603.197998046875, 91.40667724609375, -38.59131622314453, 586.7334594726562, 72.45214080810547, 126.6148681640625, 195.02252197265625, 128.93386840820312, -74.31503295898438, 104.1706771850586, -80.23033142089844, 109.26863098144531], [286.14434814453125, -171.33731079101562, 116.83221435546875, -40.73597717285156, 72.45214080810547, 361.4313049316406, 131.5906524658203, 40.079811096191406, 44.044734954833984, 70.252685546875, 4.14833402633667, 32.059356689453125, 0.8095189929008484], [-186.25332641601562, 267.9271240234375, 182.83457946777344, 73.33866119384766, 126.6148681640625, 131.5906524658203, 364.000244140625, 3.06677508354187, 112.06906127929688, 9.286364555358887, 75.88233947753906, 8.348498344421387, 41.95909881591797], [82.9726791381836, 101.19709777832031, 23.700542449951172, -86.50804138183594, 195.02252197265625, 40.079811096191406, 3.06677508354187, 254.1492919921875, 52.47133255004883, -2.6898393630981445, 42.9611930847168, -16.428627014160156, 57.92793273925781], [-117.5625, 137.7060546875, 141.04757690429688, 145.93116760253906, 128.93386840820312, 44.044734954833984, 112.06906127929688, 52.47133255004883, 259.125, 41.602752685546875, 55.35197448730469, 41.46181106567383, 50.12321090698242], [256.0665283203125, -388.02886962890625, 53.425933837890625, 66.44929504394531, -74.31503295898438, 70.252685546875, 9.286364555358887, -2.6898393630981445, 41.602752685546875, 183.59133911132812, -19.416616439819336, 92.095458984375, -39.79446792602539], [-195.0072479248047, 322.1882629394531, -13.184305191040039, -44.6489372253418, 104.1706771850586, 4.14833402633667, 75.88233947753906, 42.9611930847168, 55.35197448730469, -19.416616439819336, 169.23512268066406, -12.505200386047363, 69.85526275634766], [212.74139404296875, -355.07940673828125, 74.87165069580078, 128.60012817382812, -80.23033142089844, 32.059356689453125, 8.348498344421387, -16.428627014160156, 41.46181106567383, 92.095458984375, -12.505200386047363, 174.76541137695312, -29.616710662841797], [-180.79786682128906, 239.35162353515625, -9.532115936279297, -8.43317699432373, 109.26863098144531, 0.8095189929008484, 41.95909881591797, 57.92793273925781, 50.12321090698242, -39.79446792602539, 69.85526275634766, -29.616710662841797, 119.23079681396484]], "lowlevel.gfcc.icov": [[0.00022264466679189354, -0.0001753303804434836, 1.5411924323416315e-05, -0.00016089229029603302, 0.00028660084353759885, -0.00031607053824700415, 0.00017553765792399645, -0.00036475464003160596, 0.00018345218268223107, -0.0002718212199397385, 0.00020865198166575283, -0.00022188076400198042, 0.0001891610154416412], [-0.0001753303804434836, 0.0037923790514469147, -0.0006742103141732514, 0.0030559971928596497, -0.0021971750538796186, 0.0026689849328249693, -0.0019344830652698874, 0.0025235533248633146, -0.0027093596290796995, 0.004194391891360283, -0.0030710704158991575, 0.0027935937978327274, -0.0012343855341896415], [1.5411924323416315e-05, -0.0006742103141732514, 0.0020302259363234043, -0.0013183167902752757, 0.00025681708939373493, -0.0008397940546274185, -0.0003229800786357373, -0.00084752740804106, 0.00018750668095890433, -0.0006011833320371807, 0.0008147645858116448, -0.0006086845532990992, 0.0008336331229656935], [-0.00016089229029603302, 0.0030559971928596497, -0.0013183167902752757, 0.005624501500278711, -0.0019853906705975533, 0.003099279711022973, -0.001792024471797049, 0.003366549964994192, -0.003567056730389595, 0.003197146812453866, -0.0011644482146948576, 0.0005060497205704451, -0.001918320544064045], [0.00028660084353759885, -0.0021971750538796186, 0.00025681708939373493, -0.0019853906705975533, 0.004606958478689194, -0.0021435145754367113, 0.0007664297008886933, -0.003615677123889327, 0.0007581134559586644, -0.001483784755691886, 0.0011967516038566828, -0.0005843304679729044, 0.0003446880728006363], [-0.00031607053824700415, 0.0026689849328249693, -0.0008397940546274185, 0.003099279711022973, -0.0021435145754367113, 0.0059745898470282555, -0.002820386551320553, 0.0019278505351394415, -0.0019237762317061424, 0.0015038283308967948, -0.0013151661260053515, 0.0014794450253248215, -0.0012566777877509594], [0.00017553765792399645, -0.0019344830652698874, -0.0003229800786357373, -0.001792024471797049, 0.0007664297008886933, -0.002820386551320553, 0.005399287212640047, -0.0003823755541816354, 0.0005419056979008019, -0.0019313492812216282, -7.144160917960107e-06, -0.0011473865015432239, 0.00044621824054047465], [-0.00036475464003160596, 0.0025235533248633146, -0.00084752740804106, 0.003366549964994192, -0.003615677123889327, 0.0019278505351394415, -0.0003823755541816354, 0.008359340019524097, -0.002533211838454008, 0.0019486993551254272, -0.0017897599609568715, 0.0011823158711194992, -0.0030173964332789183], [0.00018345218268223107, -0.0027093596290796995, 0.00018750668095890433, -0.003567056730389595, 0.0007581134559586644, -0.0019237762317061424, 0.0005419056979008019, -0.002533211838454008, 0.008463592268526554, -0.004462779965251684, 0.00116831308696419, -0.0024024012964218855, -0.0004905794630758464], [-0.0002718212199397385, 0.004194391891360283, -0.0006011833320371807, 0.003197146812453866, -0.001483784755691886, 0.0015038283308967948, -0.0019313492812216282, 0.0019486993551254272, -0.004462779965251684, 0.013537973165512085, -0.0036302474327385426, -0.00010220613330602646, 0.0009243407403118908], [0.00020865198166575283, -0.0030710704158991575, 0.0008147645858116448, -0.0011644482146948576, 0.0011967516038566828, -0.0013151661260053515, -7.144160917960107e-06, -0.0017897599609568715, 0.00116831308696419, -0.0036302474327385426, 0.01177665963768959, -0.0034277946688234806, -0.0032055058982223272], [-0.00022188076400198042, 0.0027935937978327274, -0.0006086845532990992, 0.0005060497205704451, -0.0005843304679729044, 0.0014794450253248215, -0.0011473865015432239, 0.0011823158711194992, -0.0024024012964218855, -0.00010220613330602646, -0.0034277946688234806, 0.011605992913246155, 0.0002644782653078437], [0.0001891610154416412, -0.0012343855341896415, 0.0008336331229656935, -0.001918320544064045, 0.0003446880728006363, -0.0012566777877509594, 0.00044621824054047465, -0.0030173964332789183, -0.0004905794630758464, 0.0009243407403118908, -0.0032055058982223272, 0.0002644782653078437, 0.014542976394295692]], "lowlevel.mfcc.cov": [[4888.62646484375, -1320.6876220703125, 205.86993408203125, -253.19839477539062, -239.85658264160156, 127.5257797241211, -146.12216186523438, -98.357177734375, 17.312131881713867, -158.7153778076172, 105.43291473388672, 74.2593765258789, 45.017669677734375], [-1320.6876220703125, 2417.738525390625, -406.8531799316406, -187.26467895507812, 414.5981750488281, -376.25189208984375, 442.74993896484375, 156.34605407714844, 90.0118179321289, 235.35003662109375, 6.289903163909912, 46.522361755371094, -112.66038513183594], [205.86993408203125, -406.8531799316406, 715.2026977539062, 212.64346313476562, -124.22482299804688, 280.36468505859375, -81.96593475341797, 88.2899169921875, 57.299537658691406, -18.326732635498047, 82.61087036132812, 26.444311141967773, 81.78768157958984], [-253.19839477539062, -187.26467895507812, 212.64346313476562, 595.8773193359375, 12.786125183105469, 105.65657806396484, -131.05364990234375, 79.32245635986328, 23.694917678833008, 12.014713287353516, -10.497400283813477, 25.85033416748047, 100.89238739013672], [-239.85658264160156, 414.5981750488281, -124.22482299804688, 12.786125183105469, 477.9587097167969, -148.97955322265625, 111.71737670898438, 71.27681732177734, 117.31668853759766, 108.45735931396484, 2.6642005443573, 46.733516693115234, 6.325119972229004], [127.5257797241211, -376.25189208984375, 280.36468505859375, 105.65657806396484, -148.97955322265625, 494.90863037109375, -41.96380615234375, 99.86502838134766, 31.944690704345703, 11.108330726623535, 146.4078826904297, -23.704063415527344, 58.185218811035156], [-146.12216186523438, 442.74993896484375, -81.96593475341797, -131.05364990234375, 111.71737670898438, -41.96380615234375, 330.94903564453125, 63.77458190917969, 57.62548828125, 74.87896728515625, 32.222042083740234, 46.961090087890625, -44.48965072631836], [-98.357177734375, 156.34605407714844, 88.2899169921875, 79.32245635986328, 71.27681732177734, 99.86502838134766, 63.77458190917969, 205.89324951171875, 90.48393249511719, 68.67098999023438, 76.61585235595703, 21.315189361572266, 57.171722412109375], [17.312131881713867, 90.0118179321289, 57.299537658691406, 23.694917678833008, 117.31668853759766, 31.944690704345703, 57.62548828125, 90.48393249511719, 178.43939208984375, 90.6743392944336, 54.58444595336914, 40.26849365234375, 29.696340560913086], [-158.7153778076172, 235.35003662109375, -18.326732635498047, 12.014713287353516, 108.45735931396484, 11.108330726623535, 74.87896728515625, 68.67098999023438, 90.6743392944336, 180.59156799316406, 55.2061653137207, 11.22011947631836, 10.12265396118164], [105.43291473388672, 6.289903163909912, 82.61087036132812, -10.497400283813477, 2.6642005443573, 146.4078826904297, 32.222042083740234, 76.61585235595703, 54.58444595336914, 55.2061653137207, 161.399169921875, 32.881107330322266, 34.26591110229492], [74.2593765258789, 46.522361755371094, 26.444311141967773, 25.85033416748047, 46.733516693115234, -23.704063415527344, 46.961090087890625, 21.315189361572266, 40.26849365234375, 11.22011947631836, 32.881107330322266, 131.11285400390625, 51.44853973388672], [45.017669677734375, -112.66038513183594, 81.78768157958984, 100.89238739013672, 6.325119972229004, 58.185218811035156, -44.48965072631836, 57.171722412109375, 29.696340560913086, 10.12265396118164, 34.26591110229492, 51.44853973388672, 139.3053741455078]], "lowlevel.mfcc.icov": [[0.0002679800381883979, 0.0001630664773983881, -2.4593651687609963e-05, 0.0001530494337202981, 3.5801200283458456e-05, 0.00011108863691333681, 1.2412229466463032e-07, -3.56208806806535e-06, -0.00012533020344562829, 0.00012574135325849056, -0.00023518805392086506, -0.00015385921869892627, 3.46003653248772e-05], [0.0001630664773983881, 0.0008638371946290135, 0.00012616856838576496, 7.566485874122009e-05, -0.00018048073980025947, 0.000578985083848238, -0.0006001992151141167, -0.0006826395401731133, 0.00034523976501077414, -0.0004937562625855207, -0.0002989895874634385, -0.0001088283970602788, 0.000447897327831015], [-2.4593651687609963e-05, 0.00012616856838576496, 0.002138617681339383, -0.0004979735240340233, 0.00036338591598905623, -0.0007678514230065048, 0.00010022045171353966, -0.0003589702246244997, -0.0007198560051620007, 0.00040090648690238595, -8.560941205359995e-05, -0.0003980970068369061, -9.007508197100833e-06], [0.0001530494337202981, 7.566485874122009e-05, -0.0004979735240340233, 0.0025563621893525124, -0.0002985069586429745, -0.0004142565303482115, 0.001047253143042326, -0.0009730581659823656, 0.00036439104587771, -0.0005434037302620709, 0.001329382648691535, -0.0008326619863510132, -0.000684636237565428], [3.5801200283458456e-05, -0.00018048073980025947, 0.00036338591598905623, -0.0002985069586429745, 0.00334786344319582, 0.0009049471700564027, -0.0002591255761217326, -0.00040367289329878986, -0.0016788312932476401, -0.0006168686668388546, -5.290271928970469e-06, -0.000227588796406053, -0.00011369387357262895], [0.00011108863691333681, 0.000578985083848238, -0.0007678514230065048, -0.0004142565303482115, 0.0009049471700564027, 0.004600967280566692, -0.0005923738935962319, -0.001028787111863494, -2.9244278266560286e-05, 0.00013848602247890085, -0.0036624781787395477, 0.0019120780052617192, -0.00035572354681789875], [1.2412229466463032e-07, -0.0006001992151141167, 0.00010022045171353966, 0.001047253143042326, -0.0002591255761217326, -0.0005923738935962319, 0.005386998411267996, -0.0015327456640079618, -9.073261026060209e-05, -0.0008399534272029996, 0.0006194432498887181, -0.002629718976095319, 0.002205135766416788], [-3.56208806806535e-06, -0.0006826395401731133, -0.0003589702246244997, -0.0009730581659823656, -0.00040367289329878986, -0.001028787111863494, -0.0015327456640079618, 0.009608737193048, -0.002774253021925688, 0.0002760067582130432, -0.0020444297697395086, 0.00209748069755733, -0.003320799907669425], [-0.00012533020344562829, 0.00034523976501077414, -0.0007198560051620007, 0.00036439104587771, -0.0016788312932476401, -2.9244278266560286e-05, -9.073261026060209e-05, -0.002774253021925688, 0.01042830292135477, -0.003656633198261261, -0.00012990042159799486, -0.001942750415764749, 0.00046858040150254965], [0.00012574135325849056, -0.0004937562625855207, 0.00040090648690238595, -0.0005434037302620709, -0.0006168686668388546, 0.00013848602247890085, -0.0008399534272029996, 0.0002760067582130432, -0.003656633198261261, 0.009540415368974209, -0.002650672337040305, 0.0018534177215769887, -0.0006393864750862122], [-0.00023518805392086506, -0.0002989895874634385, -8.560941205359995e-05, 0.001329382648691535, -5.290271928970469e-06, -0.0036624781787395477, 0.0006194432498887181, -0.0020444297697395086, -0.00012990042159799486, -0.002650672337040305, 0.012310118414461613, -0.0033425178844481707, -8.471943147014827e-05], [-0.00015385921869892627, -0.0001088283970602788, -0.0003980970068369061, -0.0008326619863510132, -0.000227588796406053, 0.0019120780052617192, -0.002629718976095319, 0.00209748069755733, -0.001942750415764749, 0.0018534177215769887, -0.0033425178844481707, 0.012317376211285591, -0.005137907341122627], [3.46003653248772e-05, 0.000447897327831015, -9.007508197100833e-06, -0.000684636237565428, -0.00011369387357262895, -0.00035572354681789875, 0.002205135766416788, -0.003320799907669425, 0.00046858040150254965, -0.0006393864750862122, -8.471943147014827e-05, -0.005137907341122627, 0.012116477824747562]], "metadata.audio_properties.analysis.downmix": "mix", "metadata.audio_properties.codec": "mp3", "metadata.audio_properties.md5_encoded": "0cfe49428899e18c99df66c3eb3ad67f", "metadata.tags.file_name": "1183719145087442944.mp3", "metadata.version.essentia": "2.1-beta6-dev", "metadata.version.essentia_git_sha": "v2.1_beta5-1110-g77a6a954", "metadata.version.extractor": "music 2.0", "tonal.chords_key": "G", "tonal.chords_scale": "major", "tonal.key_edma.key": "C", "tonal.key_edma.scale": "major", "tonal.key_krumhansl.key": "C", "tonal.key_krumhansl.scale": "major", "tonal.key_temperley.key": "C", "tonal.key_temperley.scale": "major", "metadata.tags.encoding": ["Lavf58.45.100"]}, "essentia_models": [{"model_name": "genre_dortmund", "activations": {"alternative": "0.02432592", "blues": "0.00071236014", "electronic": "0.16422358", "folkcountry": "0.00077450095", "funksoulrnb": "0.030684631", "jazz": "0.0021028072", "pop": "0.017308261", "raphiphop": "0.698779", "rock": "0.0073191575"}}, {"model_name": "genre_rosamerica", "activations": {"classic": "0.004813305", "dance": "0.003754591", "hip hop": "0.75700456", "jazz": "0.0027589595", "pop": "0.057682384", "rhythm and blues": "0.19606808", "rock": "0.026161024", "speech": "0.03255033"}}, {"model_name": "genre_tzanetakis", "activations": {"blues": "0.0010670713", "classic": "0.00061438594", "country": "0.00089223066", "disco": "0.098255426", "hip hop": "0.46997887", "jazz": "0.00040710563", "metal": "0.0023864247", "pop": "0.015627962", "reggae": "0.136162