{"song_id": "1183713002604744754", "download": "https://cdn.discordapp.com/attachments/1135903449314238464/1183713002604744754/chirp.mp4?ex=658955a4&amp", "lyrics": "Yo, listen up, here's my rap flow\nI'm the king of the jungle, hear me roar\nGravity can't hold me down, I'm on the go\nFloating like a balloon, watch me glow\nI compress my thoughts, make 'em explode\nI never give up, always give it a try\nBreaking free from the chains, reaching for the sky\nI surrender to the rhythm, let it guide\nLike a librarian, I organize the vibe\nNo cheat codes, I earn my pride\nIn this rap game, I'm the one who'll lodge", "style": ["progressive metal"], "essentia_features": {"lowlevel.average_loudness": 0.9403513669967651, "lowlevel.barkbands_crest.mean": 13.49475383758545, "lowlevel.barkbands_crest.stdev": 5.4075164794921875, "lowlevel.barkbands_flatness_db.mean": 0.21410183608531952, "lowlevel.barkbands_flatness_db.stdev": 0.07657965272665024, "lowlevel.barkbands_kurtosis.mean": 22.467845916748047, "lowlevel.barkbands_kurtosis.stdev": 56.25592803955078, "lowlevel.barkbands_skewness.mean": 2.6396231651306152, "lowlevel.barkbands_skewness.stdev": 3.3975088596343994, "lowlevel.barkbands_spread.mean": 21.543081283569336, "lowlevel.barkbands_spread.stdev": 19.82061004638672, "lowlevel.dissonance.mean": 0.45893722772598267, "lowlevel.dissonance.stdev": 0.041772011667490005, "lowlevel.dynamic_complexity": 3.4319143295288086, "lowlevel.erbbands_crest.mean": 10.468561172485352, "lowlevel.erbbands_crest.stdev": 4.595269203186035, "lowlevel.erbbands_flatness_db.mean": 0.19052754342556, "lowlevel.erbbands_flatness_db.stdev": 0.06070011854171753, "lowlevel.erbbands_kurtosis.mean": 1.8819955587387085, "lowlevel.erbbands_kurtosis.stdev": 5.968360900878906, "lowlevel.erbbands_skewness.mean": -0.012738783843815327, "lowlevel.erbbands_skewness.stdev": 1.4140541553497314, "lowlevel.erbbands_spread.mean": 49.660011291503906, "lowlevel.erbbands_spread.stdev": 37.030574798583984, "lowlevel.hfc.mean": 18.342714309692383, "lowlevel.hfc.stdev": 25.15924835205078, "lowlevel.loudness_ebu128.integrated": -24.966421127319336, "lowlevel.loudness_ebu128.loudness_range": 1.3309173583984375, "lowlevel.loudness_ebu128.momentary.mean": -25.37624740600586, "lowlevel.loudness_ebu128.momentary.stdev": 1.9991114139556885, "lowlevel.loudness_ebu128.short_term.mean": -24.979459762573242, "lowlevel.loudness_ebu128.short_term.stdev": 0.4755963385105133, "lowlevel.melbands_crest.mean": 19.801965713500977, "lowlevel.melbands_crest.stdev": 8.712075233459473, "lowlevel.melbands_flatness_db.mean": 0.2588231861591339, "lowlevel.melbands_flatness_db.stdev": 0.11146499961614609, "lowlevel.melbands_kurtosis.mean": 71.89440155029297, "lowlevel.melbands_kurtosis.stdev": 138.77452087402344, "lowlevel.melbands_skewness.mean": 4.929949760437012, "lowlevel.melbands_skewness.stdev": 5.21809720993042, "lowlevel.melbands_spread.mean": 29.17643165588379, "lowlevel.melbands_spread.stdev": 39.682369232177734, "lowlevel.pitch_salience.mean": 0.45485490560531616, "lowlevel.pitch_salience.stdev": 0.20330800116062164, "lowlevel.silence_rate_20dB.mean": 1.0, "lowlevel.silence_rate_20dB.stdev": 0.0, "lowlevel.silence_rate_30dB.mean": 0.931134819984436, "lowlevel.silence_rate_30dB.stdev": 0.25322404503822327, "lowlevel.silence_rate_60dB.mean": 0.17943744361400604, "lowlevel.silence_rate_60dB.stdev": 0.3837170898914337, "lowlevel.spectral_centroid.mean": 1683.8330078125, "lowlevel.spectral_centroid.stdev": 1112.7642822265625, "lowlevel.spectral_complexity.mean": 10.419011116027832, "lowlevel.spectral_complexity.stdev": 10.637168884277344, "lowlevel.spectral_decrease.mean": -8.620948399595818e-09, "lowlevel.spectral_decrease.stdev": 1.1143608702468555e-08, "lowlevel.spectral_energy.mean": 0.03420115262269974, "lowlevel.spectral_energy.stdev": 0.04274750500917435, "lowlevel.spectral_energyband_high.mean": 0.0012218198971822858, "lowlevel.spectral_energyband_high.stdev": 0.0031405454501509666, "lowlevel.spectral_energyband_low.mean": 0.023176265880465508, "lowlevel.spectral_energyband_low.stdev": 0.04154173284769058, "lowlevel.spectral_energyband_middle_high.mean": 0.0038288552314043045, "lowlevel.spectral_energyband_middle_high.stdev": 0.0060191284865140915, "lowlevel.spectral_energyband_middle_low.mean": 0.006217508111149073, "lowlevel.spectral_energyband_middle_low.stdev": 0.009103269316256046, "lowlevel.spectral_entropy.mean": 7.505627155303955, "lowlevel.spectral_entropy.stdev": 0.5576885342597961, "lowlevel.spectral_flux.mean": 0.09754602611064911, "lowlevel.spectral_flux.stdev": 0.07317034900188446, "lowlevel.spectral_kurtosis.mean": 4.320279121398926, "lowlevel.spectral_kurtosis.stdev": 4.449609279632568, "lowlevel.spectral_rms.mean": 0.004803476855158806, "lowlevel.spectral_rms.stdev": 0.0032083620317280293, "lowlevel.spectral_rolloff.mean": 1859.1668701171875, "lowlevel.spectral_rolloff.stdev": 2364.162841796875, "lowlevel.spectral_skewness.mean": 1.3264676332473755, "lowlevel.spectral_skewness.stdev": 0.7275064587593079, "lowlevel.spectral_spread.mean": 4729807.5, "lowlevel.spectral_spread.stdev": 1920135.5, "lowlevel.spectral_strongpeak.mean": 0.7831192016601562, "lowlevel.spectral_strongpeak.stdev": 0.9976600408554077, "lowlevel.zerocrossingrate.mean": 0.06768117845058441, "lowlevel.zerocrossingrate.stdev": 0.06481727957725525, "metadata.audio_properties.analysis.equal_loudness": 0.0, "metadata.audio_properties.analysis.length": 23.914648056030273, "metadata.audio_properties.analysis.sample_rate": 44100.0, "metadata.audio_properties.analysis.start_time": 0.0, "metadata.audio_properties.bit_rate": 115743.0, "metadata.audio_properties.length": 23.9146671295166, "metadata.audio_properties.lossless": 0.0, "metadata.audio_properties.number_channels": 1.0, "metadata.audio_properties.replay_gain": -2.465778350830078, "metadata.audio_properties.sample_rate": 48000.0, "rhythm.beats_count": 37.0, "rhythm.beats_loudness.mean": 0.05250684171915054, "rhythm.beats_loudness.stdev": 0.03371439129114151, "rhythm.bpm": 93.17708587646484, "rhythm.bpm_histogram_first_peak_bpm": 92.0, "rhythm.bpm_histogram_first_peak_weight": 0.4705882668495178, "rhythm.bpm_histogram_second_peak_bpm": 98.0, "rhythm.bpm_histogram_second_peak_spread": 0.0, "rhythm.bpm_histogram_second_peak_weight": 0.0555555559694767, "rhythm.danceability": 1.3701995611190796, "rhythm.onset_rate": 5.432928562164307, "tonal.chords_changes_rate": 0.1434108465909958, "tonal.chords_number_rate": 0.029069768264889717, "tonal.chords_strength.mean": 0.4458824694156647, "tonal.chords_strength.stdev": 0.1059146374464035, "tonal.hpcp_crest.mean": 12.940268516540527, "tonal.hpcp_crest.stdev": 6.256203651428223, "tonal.hpcp_entropy.mean": 2.1800453662872314, "tonal.hpcp_entropy.stdev": 0.8054418563842773, "tonal.key_edma.strength": 0.34779173135757446, "tonal.key_krumhansl.strength": 0.353536993265152, "tonal.key_temperley.strength": 0.3500064015388489, "tonal.tuning_diatonic_strength": 0.3638286292552948, "tonal.tuning_equal_tempered_deviation": 0.2829628586769104, "tonal.tuning_frequency": 434.193115234375, "tonal.tuning_nontempered_energy_ratio": 0.9281191825866699, "lowlevel.barkbands.mean": [0.00219778367318213, 0.01731143146753311, 0.003542129183188081, 0.0005397588829509914, 0.0008342981454916298, 0.0012555092107504606, 0.0014880405506119132, 0.0009193302248604596, 0.0009283970575779676, 0.0007406641962006688, 0.000461532617919147, 0.00040972395800054073, 0.00046848325291648507, 0.00029289847589097917, 0.00018349342280998826, 0.00020505463180597872, 0.00039160181768238544, 0.0003745311696548015, 0.000338651763740927, 0.00022629977320320904, 0.0003684301336761564, 0.0002744404773693532, 0.0003468036884441972, 6.128882523626089e-05, 3.336817826493643e-05, 7.240933427965501e-06, 1.5549741050335797e-08], "lowlevel.barkbands.stdev": [0.00404294254258275, 0.03245369717478752, 0.012688462622463703, 0.0010560413356870413, 0.0017093797214329243, 0.002864397596567869, 0.005180462263524532, 0.0029397604521363974, 0.003325547557324171, 0.002097820397466421, 0.0014582788571715355, 0.0012662988156080246, 0.0014075891813263297, 0.0008545267628505826, 0.0005642498726956546, 0.0006304119015112519, 0.0007597206276841462, 0.0007885203813202679, 0.0007217855309136212, 0.0009113423875533044, 0.0013699858682230115, 0.0006917863502167165, 0.0006653257878497243, 0.0001396609004586935, 6.809597834944725e-05, 2.2552962036570534e-05, 1.3208047278112645e-07], "lowlevel.erbbands.mean": [0.6155273914337158, 3.239537477493286, 5.573202133178711, 2.21414852142334, 3.3557381629943848, 1.996944546699524, 1.9390286207199097, 14.065027236938477, 27.466772079467773, 10.501901626586914, 27.294511795043945, 18.91595458984375, 22.58206558227539, 20.65107536315918, 17.04401206970215, 17.620710372924805, 20.354467391967773, 17.64919662475586, 11.624626159667969, 9.402061462402344, 13.007843971252441, 23.48737144470215, 21.208648681640625, 18.57439613342285, 13.974112510681152, 10.504704475402832, 16.6275634765625, 11.29184627532959, 9.631856918334961, 11.716246604919434, 8.836152076721191, 2.188995599746704, 0.8664491772651672, 0.5067974925041199, 0.1605796217918396, 0.050884563475847244, 0.010302096605300903, 0.000682258396409452, 3.62020728061907e-05, 4.173239358351566e-05], "lowlevel.erbbands.stdev": [1.1467963457107544, 7.396340847015381, 16.819726943969727, 6.7191996574401855, 5.692279815673828, 5.674219608306885, 6.891225814819336, 31.02240562438965, 87.39717102050781, 33.18173599243164, 90.9483642578125, 70.59423828125, 68.05517578125, 57.423946380615234, 47.0435676574707, 53.65559387207031, 58.582759857177734, 48.608734130859375, 32.73839569091797, 27.568592071533203, 33.29794692993164, 44.67281723022461, 44.107120513916016, 35.46152114868164, 37.11186218261719, 42.29814529418945, 65.19293212890625, 38.42718505859375, 25.019498825073242, 23.95604705810547, 17.792301177978516, 4.566953182220459, 1.9898934364318848, 1.0291658639907837, 0.4003739655017853, 0.15420056879520416, 0.03267991915345192, 0.002272516256198287, 5.26011863257736e-05, 4.801927207154222e-05], "lowlevel.gfcc.mean": [-73.3445053100586, 76.0765151977539, -114.00888061523438, 53.67501449584961, -64.35969543457031, 16.047306060791016, -37.23611068725586, 12.48456859588623, -13.401711463928223, -3.6778900623321533, -8.068384170532227, 6.497297286987305, -15.983291625976562], "lowlevel.melbands.mean": [0.005030290689319372, 0.003354690968990326, 0.0004444796359166503, 0.0002051774354185909, 6.271972961258143e-05, 0.0003216818149667233, 0.00038348272209987044, 0.00011220513260923326, 0.00023938712547533214, 0.0001089913712348789, 0.0001130313758039847, 8.516453817719594e-05, 6.0132613725727424e-05, 4.7527973947580904e-05, 4.403262209962122e-05, 4.5924578444100916e-05, 3.089516394538805e-05, 1.928307392518036e-05, 1.366909418720752e-05, 1.2939676707901526e-05, 1.5177017303358298e-05, 2.371619666519109e-05, 2.420563396299258e-05, 1.5288811482605524e-05, 1.5115460882952902e-05, 1.2454968782549258e-05, 7.29755129214027e-06, 6.6597808654478285e-06, 9.773863894224633e-06, 1.0635964827088173e-05, 5.165122729522409e-06, 5.339831204764778e-06, 5.443653208203614e-06, 7.21918695489876e-06, 5.8704090406536125e-06, 2.5976248707593186e-06, 8.88613840288599e-07, 6.372779353114311e-07, 4.5213496946416853e-07, 4.1690429952723207e-07], "lowlevel.melbands.stdev": [0.009019462391734123, 0.008545446209609509, 0.0010887112002819777, 0.00040253339102491736, 0.00024203410430345684, 0.0007063639350235462, 0.0012164462823420763, 0.0003531503607518971, 0.0008394060423597693, 0.000394856499042362, 0.0003445971815381199, 0.00024237601610366255, 0.00018339988309890032, 0.0001507749257143587, 0.00014047356671653688, 0.00013840051542501897, 9.037000563694164e-05, 5.790943396277726e-05, 4.5679840695811436e-05, 4.340477244113572e-05, 3.8967620639596134e-05, 4.799884118256159e-05, 5.118611079524271e-05, 3.364046642673202e-05, 2.945242522400804e-05, 2.953256989712827e-05, 2.700205186556559e-05, 2.8277911042096093e-05, 3.983840724686161e-05, 4.0770253690425307e-05, 1.751644413161557e-05, 1.4617799024563283e-05, 1.3178343579056673e-05, 1.4385540453076828e-05, 1.2124740351282526e-05, 5.294598850014154e-06, 2.098215873047593e-06, 1.5368517551905825e-06, 9.900286386255175e-07, 8.738264796193107e-07], "lowlevel.melbands128.mean": [0.002092596609145403, 0.005707224830985069, 0.005144166294485331, 0.005831690970808268, 0.003850202541798353, 0.001335213310085237, 0.00035712754470296204, 0.0002928607864305377, 0.0003862181620206684, 0.00022803932370152324, 7.507550617447123e-05, 4.760014417115599e-05, 3.989569449913688e-05, 9.254094766220078e-05, 0.0002679186873137951, 0.00045905628940090537, 0.0005782801890745759, 0.0003882705932483077, 0.00012989589595235884, 7.05599959474057e-05, 0.00011106507008662447, 0.00019777425040956587, 0.00029963403358124197, 0.00024166531511582434, 9.780759137356654e-05, 5.631680687656626e-05, 0.0001095968545996584, 0.000124611658975482, 0.00011880889360327274, 8.528849139111117e-05, 7.408760575344786e-05, 8.01250062067993e-05, 5.999162021907978e-05, 4.817334411200136e-05, 4.234505468048155e-05, 5.3669235057896e-05, 4.373989213490859e-05, 4.422563870321028e-05, 4.200469993520528e-05, 4.5374032197287306e-05, 5.0108294090023264e-05, 4.4118718506069854e-05, 2.8470811230363324e-05, 2.6492007236811332e-05, 2.388999746472109e-05, 1.6359916116925888e-05, 1.613819767953828e-05, 1.546446765132714e-05, 1.1438292858656496e-05, 1.0947916962322779e-05, 1.2757570402754936e-05, 1.608163984201383e-05, 1.3702311662200373e-05, 1.4534810361510608e-05, 1.844991129473783e-05, 2.642261824803427e-05, 2.7051641154685058e-05, 2.3960652470123023e-05, 2.6591353162075393e-05, 1.7444786863052286e-05, 1.3753109669778496e-05, 1.3889734873373527e-05, 1.4878970432619099e-05, 1.576089380250778e-05, 1.53097807924496e-05, 1.3619296623801347e-05, 1.0013050086854491e-05, 7.4343693086120766e-06, 6.693976501992438e-06, 7.110784736141795e-06, 5.90237232245272e-06, 6.192898126755608e-06, 9.491701348451898e-06, 9.77376475930214e-06, 1.1061384611821268e-05, 1.3259705156087875e-05, 9.813703400141094e-06, 4.87308807350928e-06, 4.68291773358942e-06, 5.151051482243929e-06, 4.9526543079991825e-06, 5.985238658468006e-06, 4.918076683679828e-06, 5.327949565980816e-06, 5.635294655803591e-06, 6.8417384682106785e-06, 7.69152302382281e-06, 8.392885320063215e-06, 5.2993627832620405e-06, 4.903007265966153e-06, 3.6154485769657185e-06, 1.8447034335622448e-06, 9.750445997269708e-07, 8.547923471269314e-07, 8.323575002577854e-07, 7.284051548595016e-07, 6.112413188930077e-07, 4.793005814462958e-07, 4.246180083100626e-07, 4.3273871597193647e-07, 5.186261660128366e-07, 4.444585215424013e-07, 2.6300202193851874e-07, 2.1793151461224625e-07, 1.562154210432709e-07, 1.368448323546545e-07, 1.1606881145098669e-07, 8.38096738675631e-08, 9.216764595976201e-08, 7.997118700586725e-08, 5.2619434143252874e-08, 4.05064675135236e-08, 2.6067150216135815e-08, 1.945671002090421e-08, 1.0837525543649917e-08, 5.041957962248489e-09, 8.433019837994493e-10, 7.91708712477579e-12, 5.001744244476081e-12, 4.818377467852297e-12, 4.675706870294061e-12, 4.207619062196466e-12, 4.0971774584175336e-12, 3.9947082100533216e-12, 3.690578224968544e-12, 3.1833272996772966e-12, 2.9128726340699185e-12, 2.861796086564561e-12], "lowlevel.melbands128.stdev": [0.003806682536378503, 0.01105364691466093, 0.011376563459634781, 0.014242068864405155, 0.011067372746765614, 0.004958848003298044, 0.0013285423628985882, 0.0005106356111355126, 0.0007278586272150278, 0.00058595254085958, 0.0003280786331743002, 0.0002928471949417144, 0.00021026587637607008, 0.0003985724179074168, 0.0007296587573364377, 0.0011415306944400072, 0.001875625574029982, 0.0017150919884443283, 0.0007000628975220025, 0.0003757750091608614, 0.0004621364641934633, 0.0007358657894656062, 0.0013570325681939721, 0.0011392905144020915, 0.0006403952720575035, 0.00026227100170217454, 0.0004923768574371934, 0.0004934084136039019, 0.00046352174831554294, 0.0003395315434318036, 0.0003118366585113108, 0.00032286488567478955, 0.0002605229092296213, 0.00016967591363936663, 0.00015613656432833523, 0.00024994128034450114, 0.00018764438573271036, 0.00018342933617532253, 0.00019040748884435743, 0.0001944454270415008, 0.00020682907779701054, 0.00018399154942017049, 0.00011540117702679709, 0.00010293702507624403, 9.651636355556548e-05, 6.356880476232618e-05, 7.243948493851349e-05, 7.253338844748214e-05, 3.8795620639575645e-05, 4.67300160380546e-05, 5.544221858144738e-05, 7.687364268349484e-05, 4.616011938196607e-05, 4.308313873480074e-05, 5.029349267715588e-05, 6.748120358679444e-05, 6.660816143266857e-05, 6.070824383641593e-05, 7.112738967407495e-05, 4.8582369345240295e-05, 3.459459185251035e-05, 3.758316597668454e-05, 3.295543137937784e-05, 3.389408811926842e-05, 3.365273732924834e-05, 3.457707862253301e-05, 3.1775816751178354e-05, 2.8127000405220315e-05, 2.9106729925842956e-05, 3.4187527489848435e-05, 2.953143666672986e-05, 2.5114151867455803e-05, 4.254317900631577e-05, 4.3298226955812424e-05, 5.035586218582466e-05, 5.566022446146235e-05, 3.8956935895839706e-05, 1.5974419511621818e-05, 1.7578726328792982e-05, 2.0776584278792143e-05, 1.3990488696435932e-05, 1.752039861457888e-05, 1.2881225302407984e-05, 1.4861102499708068e-05, 1.3864703760191333e-05, 1.4526448467222508e-05, 1.5411002095788717e-05, 1.9522618458722718e-05, 1.2070863704138901e-05, 1.1523602552188095e-05, 7.781603017065208e-06, 4.005526079708943e-06, 2.4890518943720963e-06, 2.280356056871824e-06, 2.0627464891731506e-06, 1.887693656499323e-06, 1.6221181340370094e-06, 1.3156551403881167e-06, 1.0137829349332605e-06, 9.237204494638718e-07, 1.2001854656773503e-06, 9.712373412185116e-07, 6.414969107026991e-07, 6.608694320675568e-07, 4.6555021526728524e-07, 4.498253929341445e-07, 3.420613268190209e-07, 2.652434432093287e-07, 3.2650578418724763e-07, 2.926011575254961e-07, 1.8544409385867766e-07, 1.418853798895725e-07, 9.41736217896505e-08, 7.537835244875168e-08, 3.8198955110146926e-08, 2.5888990506928167e-08, 6.166204435942291e-09, 4.9133759560948675e-11, 1.87412897700856e-11, 1.6688470050318926e-11, 1.6197199831369247e-11, 6.496205916944886e-12, 6.052251581845081e-12, 5.964863152019273e-12, 5.870446056349676e-12, 5.783983101498302e-12, 5.734874814616875e-12, 5.703086440600469e-12], "lowlevel.mfcc.mean": [-714.0010986328125, 97.39949798583984, 9.393241882324219, 33.903934478759766, 3.8977441787719727, 7.6527791023254395, -9.610442161560059, 19.587194442749023, -7.493620872497559, -3.7566606998443604, 13.25073528289795, -2.0246970653533936, 3.9472341537475586], "lowlevel.spectral_contrast_coeffs.mean": [-0.6984549164772034, -0.728179395198822, -0.7873067855834961, -0.8052025437355042, -0.7508148550987244, -0.7204691171646118], "lowlevel.spectral_contrast_coeffs.stdev": [0.0991065725684166, 0.11530439555644989, 0.09104443341493607, 0.06670985370874405, 0.0834941416978836, 0.06135730817914009], "lowlevel.spectral_contrast_valleys.mean": [-7.816676616668701, -7.709495544433594, -8.360406875610352, -8.482463836669922, -8.293477058410645, -10.948811531066895], "lowlevel.spectral_contrast_valleys.stdev": [1.2561770677566528, 0.9290059804916382, 1.0695555210113525, 0.9949905872344971, 0.9919367432594299, 1.3162388801574707], "rhythm.beats_loudness_band_ratio.mean": [0.4341801702976227, 0.11199791729450226, 0.07054608315229416, 0.05473506078124046, 0.07755136489868164, 0.28434547781944275], "rhythm.beats_loudness_band_ratio.stdev": [0.389085590839386, 0.16184009611606598, 0.14738716185092926, 0.13863922655582428, 0.07425296306610107, 0.28559765219688416], "tonal.hpcp.mean": [0.0712391808629036, 0.05371164530515671, 0.05087151378393173, 0.050065040588378906, 0.04900476709008217, 0.051640793681144714, 0.05005494877696037, 0.04107017442584038, 0.03676064312458038, 0.038152359426021576, 0.03842281922698021, 0.04149176925420761, 0.04715418815612793, 0.057521235197782516, 0.06355653703212738, 0.06306438148021698, 0.06874752789735794, 0.08941078931093216, 0.10373938828706741, 0.09684862196445465, 0.1056850329041481, 0.2469494640827179, 0.4229357838630676, 0.3385918140411377, 0.18406596779823303, 0.15934281051158905, 0.16028054058551788, 0.1554727405309677, 0.13942864537239075, 0.13341450691223145, 0.13026103377342224, 0.12643246352672577, 0.12591205537319183, 0.11376333236694336, 0.09581567347049713, 0.08699188381433487], "tonal.hpcp.stdev": [0.17251043021678925, 0.14436903595924377, 0.1532418429851532, 0.15776091814041138, 0.13443540036678314, 0.14346785843372345, 0.1339271515607834, 0.11062266677618027, 0.09780706465244293, 0.11601274460554123, 0.1043919250369072, 0.10777181386947632, 0.12059377878904343, 0.14962586760520935, 0.16432707011699677, 0.16090260446071625, 0.1619606912136078, 0.20430922508239746, 0.21668510138988495, 0.19916430115699768, 0.19920046627521515, 0.3089188039302826, 0.41586801409721375, 0.3532717823982239, 0.2874126434326172, 0.2754223644733429, 0.28813308477401733, 0.275333970785141, 0.25579726696014404, 0.2531096041202545, 0.2428196668624878, 0.24479426443576813, 0.24753566086292267, 0.22790716588497162, 0.20579630136489868, 0.1878119856119156], "rhythm.beats_position": [0.5921088457107544, 1.195827603340149, 1.8111563920974731, 2.4380950927734375, 3.0650339126586914, 3.7151927947998047, 4.36535120010376, 5.003900051116943, 5.642448902130127, 6.29260778427124, 6.942766189575195, 7.581315040588379, 8.219863891601562, 8.870022773742676, 9.520181655883789, 10.158729553222656, 10.79727840423584, 11.447437286376953, 12.097596168518066, 12.74775505065918, 13.386303901672363, 14.036462783813477, 14.675010681152344, 15.313559532165527, 15.952108383178711, 16.60226821899414, 17.252426147460938, 17.902584075927734, 18.541133880615234, 19.19129180908203, 19.82984161376953, 20.479999542236328, 21.118547439575195, 21.757097244262695, 22.407255172729492, 23.057415008544922, 23.70757293701172], "rhythm.bpm_histogram": [0.0, 0.0, 0.0, 0.0, 0.0, 0.0, 0.0, 0.0, 0.0, 0.0, 0.0, 0.0, 0.0, 0.0, 0.0, 0.0, 0.0, 0.0, 0.0, 0.0, 0.0, 0.0, 0.0, 0.0, 0.0, 0.0, 0.0, 0.0, 0.0, 0.0, 0.0, 0.0, 0.0, 0.0, 0.0, 0.0, 0.0, 0.0, 0.0, 0.0, 0.0, 0.0, 0.0, 0.0, 0.0, 0.0, 0.0, 0.0, 0.0, 0.0, 0.0, 0.0, 0.0, 0.0, 0.0, 0.0, 0.0, 0.0, 0.0, 0.0, 0.0, 0.0, 0.0, 0.0, 0.0, 0.0, 0.0, 0.0, 0.0, 0.0, 0.0, 0.0, 0.0, 0.0, 0.0, 0.0, 0.0, 0.0, 0.0, 0.0, 0.0, 0.0, 0.0, 0.0, 0.0, 0.0, 0.0, 0.0, 0.0, 0.0, 0.0, 0.0, 0.5, 0.0, 0.3888888955116272, 0.0, 0.0555555559694767, 0.0, 0.02777777798473835, 0.02777777798473835, 0.0, 0.0, 0.0, 0.0, 0.0, 0.0, 0.0, 0.0, 0.0, 0.0, 0.0, 0.0, 0.0, 0.0, 0.0, 0.0, 0.0, 0.0, 0.0, 0.0, 0.0, 0.0, 0.0, 0.0, 0.0, 0.0, 0.0, 0.0, 0.0, 0.0, 0.0, 0.0, 0.0, 0.0, 0.0, 0.0, 0.0, 0.0, 0.0, 0.0, 0.0, 0.0, 0.0, 0.0, 0.0, 0.0, 0.0, 0.0, 0.0, 0.0, 0.0, 0.0, 0.0, 0.0, 0.0, 0.0, 0.0, 0.0, 0.0, 0.0, 0.0, 0.0, 0.0, 0.0, 0.0, 0.0, 0.0, 0.0, 0.0, 0.0, 0.0, 0.0, 0.0, 0.0, 0.0, 0.0, 0.0, 0.0, 0.0, 0.0, 0.0, 0.0, 0.0, 0.0, 0.0, 0.0, 0.0, 0.0, 0.0, 0.0, 0.0, 0.0, 0.0, 0.0, 0.0, 0.0, 0.0, 0.0, 0.0, 0.0, 0.0, 0.0, 0.0, 0.0, 0.0, 0.0, 0.0, 0.0, 0.0, 0.0, 0.0, 0.0, 0.0, 0.0, 0.0, 0.0, 0.0, 0.0, 0.0, 0.0, 0.0, 0.0, 0.0, 0.0, 0.0, 0.0, 0.0, 0.0, 0.0, 0.0, 0.0, 0.0, 0.0, 0.0, 0.0, 0.0, 0.0, 0.0, 0.0, 0.0, 0.0, 0.0, 0.0, 0.0, 0.0, 0.0, 0.0, 0.0, 0.0, 0.0], "tonal.chords_histogram": [1.1627906560897827, 0.19379845261573792, 1.3565891981124878, 1.1627906560897827, 0.0, 1.3565891981124878, 23.255813598632812, 6.78294563293457, 0.0, 0.7751938104629517, 1.5503876209259033, 0.0, 0.0, 14.147286415100098, 3.8759689331054688, 0.0, 1.5503876209259033, 2.9069766998291016, 0.19379845261573792, 0.7751938104629517, 1.3565891981124878, 1.7441860437393188, 7.1705427169799805, 28.682170867919922], "tonal.thpcp": [1.0, 0.8005750179290771, 0.4352101981639862, 0.37675413489341736, 0.3789713382720947, 0.3676036596298218, 0.3296685814857483, 0.3154486119747162, 0.30799245834350586, 0.29894009232521057, 0.2977096438407898, 0.2689848840236664, 0.22654898464679718, 0.2056857943534851, 0.16843971610069275, 0.12699715793132782, 0.120281882584095, 0.11837504059076309, 0.11586810648441315, 0.12210079282522202, 0.11835117638111115, 0.09710735082626343, 0.08691778779029846, 0.09020839631557465, 0.09084787964820862, 0.09810417890548706, 0.11149254441261292, 0.13600465655326843, 0.15027467906475067, 0.14911100268363953, 0.16254837810993195, 0.21140511333942413, 0.24528402090072632, 0.2289913147687912, 0.24988435208797455, 0.5838935375213623], "lowlevel.gfcc.cov": [[6517.41162109375, 435.72100830078125, -834.2112426757812, 424.2783508300781, -392.1698913574219, 167.3013153076172, 263.5063171386719, 21.379398345947266, 527.6678466796875, -87.89966583251953, 449.6004333496094, -73.45301055908203, 300.240966796875], [435.72100830078125, 2207.9736328125, 51.6734504699707, -429.6715393066406, 610.290771484375, -120.32535552978516, 331.94500732421875, 189.79977416992188, 252.28067016601562, -116.89734649658203, 234.72610473632812, 100.0653305053711, 73.54750061035156], [-834.2112426757812, 51.6734504699707, 2069.583251953125, 1182.3592529296875, 452.962646484375, 324.0096130371094, 235.25733947753906, 81.94208526611328, 92.57623291015625, 298.5444641113281, 115.55414581298828, 59.427330017089844, 104.8038101196289], [424.2783508300781, -429.6715393066406, 1182.3592529296875, 1682.884521484375, 124.541015625, 323.5452880859375, 60.4768180847168, -73.98443603515625, 250.287841796875, 152.90586853027344, 214.94827270507812, -110.76560974121094, 305.8512878417969], [-392.1698913574219, 610.290771484375, 452.962646484375, 124.541015625, 1030.7442626953125, 264.80999755859375, 148.0194091796875, 143.9197540283203, 109.16927337646484, 185.7520294189453, 33.954139709472656, 121.37560272216797, 64.63182830810547], [167.3013153076172, -120.32535552978516, 324.0096130371094, 323.5452880859375, 264.80999755859375, 830.7732543945312, 393.3575744628906, 5.888541221618652, 90.55394744873047, 81.21185302734375, 111.96961212158203, -51.40489196777344, 171.4329833984375], [263.5063171386719, 331.94500732421875, 235.25733947753906, 60.4768180847168, 148.0194091796875, 393.3575744628906, 601.3683471679688, 194.5482940673828, 78.01140594482422, 18.352062225341797, 154.2037811279297, 38.8565559387207, 100.82173156738281], [21.379398345947266, 189.79977416992188, 81.94208526611328, -73.98443603515625, 143.9197540283203, 5.888541221618652, 194.5482940673828, 320.97747802734375, 90.39604949951172, 11.059200286865234, 22.35609245300293, 64.73754119873047, -3.219291925430298], [527.6678466796875, 252.28067016601562, 92.57623291015625, 250.287841796875, 109.16927337646484, 90.55394744873047, 78.01140594482422, 90.39604949951172, 304.3832092285156, 47.275054931640625, 102.21095275878906, -31.345041275024414, 107.52972412109375], [-87.89966583251953, -116.89734649658203, 298.5444641113281, 152.90586853027344, 185.7520294189453, 81.21185302734375, 18.352062225341797, 11.059200286865234, 47.275054931640625, 283.6251220703125, 51.089412689208984, 28.159570693969727, 8.485983848571777], [449.6004333496094, 234.72610473632812, 115.55414581298828, 214.94827270507812, 33.954139709472656, 111.96961212158203, 154.2037811279297, 22.35609245300293, 102.21095275878906, 51.089412689208984, 250.91311645507812, 20.347414016723633, 91.16796112060547], [-73.45301055908203, 100.0653305053711, 59.427330017089844, -110.76560974121094, 121.37560272216797, -51.40489196777344, 38.8565559387207, 64.73754119873047, -31.345041275024414, 28.159570693969727, 20.347414016723633, 168.7386016845703, -29.54029083251953], [300.240966796875, 73.54750061035156, 104.8038101196289, 305.8512878417969, 64.63182830810547, 171.4329833984375, 100.82173156738281, -3.219291925430298, 107.52972412109375, 8.485983848571777, 91.16796112060547, -29.54029083251953, 216.0077362060547]], "lowlevel.gfcc.icov": [[0.00023764203069731593, -8.424655243288726e-05, 0.0002271977864438668, -0.00019790996157098562, 0.00015189936675596982, -6.1033035308355466e-05, -6.243163807084784e-05, 2.5238561647711322e-05, -0.00026249297661706805, -9.009891073219478e-05, -0.0001206440429086797, -0.00018831607303582132, 6.024630056344904e-05], [-8.424655243288726e-05, 0.0017284923233091831, -0.0008372728480026126, 0.0014630749356001616, -0.0013870196416974068, 0.0013361959718167782, -0.000906187342479825, 0.000968160864431411, -0.0014896952779963613, 0.0018340499373152852, -0.0018335190834477544, 0.0009385251323692501, -0.0007731340592727065], [0.0002271977864438668, -0.0008372728480026126, 0.0018002447905018926, -0.0018955616978928447, 0.0004778067523147911, -0.000600048282649368, -0.00019391629029996693, -0.0005382161471061409, 0.0008413842297159135, -0.0015339113306254148, 0.0011622965103015304, -0.0010761884041130543, 0.0011992411455139518], [-0.00019790996157098562, 0.0014630749356001616, -0.0018955616978928447, 0.0031957298051565886, -0.000993180088698864, 0.0009432890801690519, 2.972186302940827e-05, 0.0009766868315637112, -0.0016591936582699418, 0.001735329395160079, -0.0022322225850075483, 0.0016921580536291003, -0.002347750822082162], [0.00015189936675596982, -0.0013870196416974068, 0.0004778067523147911, -0.000993180088698864, 0.0026238211430609226, -0.0015955852577462792, 0.001005781115964055, -0.0011680799070745707, 0.00065918720792979, -0.0020188982598483562, 0.0017097750678658485, -0.0017978774849325418, 0.00021363609994295985], [-6.1033035308355466e-05, 0.0013361959718167782, -0.000600048282649368, 0.0009432890801690519, -0.0015955852577462792, 0.003528592176735401, -0.002580654341727495, 0.001807940425351262, -0.001130279735662043, 0.0010323026217520237, -0.0010033476864919066, 0.0016396972350776196, -0.0013363612815737724], [-6.243163807084784e-05, -0.000906187342479825, -0.00019391629029996693, 2.972186302940827e-05, 0.001005781115964055, -0.002580654341727495, 0.0048545910976827145, -0.0029696146957576275, 0.0014297354500740767, -0.00031680832034908235, -0.0009822575375437737, -0.0005362415104173124, -0.000473688734928146], [2.5238561647711322e-05, 0.000968160864431411, -0.0005382161471061409, 0.0009766868315637112, -0.0011680799070745707, 0.001807940425351262, -0.0029696146957576275, 0.006160185672342777, -0.003043623175472021, 0.0012113116681575775, 5.125981260789558e-05, -0.0007511284202337265, 0.0002492011117283255], [-0.00026249297661706805, -0.0014896952779963613, 0.0008413842297159135, -0.0016591936582699418, 0.00065918720792979, -0.001130279735662043, 0.0014297354500740767, -0.003043623175472021, 0.007295975461602211, -0.0021208198741078377, 0.0003724815614987165, 0.000931743998080492, -0.0007781879394315183], [-9.009891073219478e-05, 0.0018340499373152852, -0.0015339113306254148, 0.001735329395160079, -0.0020188982598483562, 0.0010323026217520237, -0.00031680832034908235, 0.0012113116681575775, -0.0021208198741078377, 0.006749636027961969, -0.002962721511721611, 0.0007435505394823849, -0.00011866434215335175], [-0.0001206440429086797, -0.0018335190834477544, 0.0011622965103015304, -0.0022322225850075483, 0.0017097750678658485, -0.0010033476864919066, -0.0009822575375437737, 5.125981260789558e-05, 0.0003724815614987165, -0.002962721511721611, 0.008779173716902733, -0.0026649469509720802, -6.14278496868792e-06], [-0.00018831607303582132, 0.0009385251323692501, -0.0010761884041130543, 0.0016921580536291003, -0.0017978774849325418, 0.0016396972350776196, -0.0005362415104173124, -0.0007511284202337265, 0.000931743998080492, 0.0007435505394823849, -0.0026649469509720802, 0.009254569187760353, -0.0005585768958553672], [6.024630056344904e-05, -0.0007731340592727065, 0.0011992411455139518, -0.002347750822082162, 0.00021363609994295985, -0.0013363612815737724, -0.000473688734928146, 0.0002492011117283255, -0.0007781879394315183, -0.00011866434215335175, -6.14278496868792e-06, -0.0005585768958553672, 0.009091087616980076]], "lowlevel.mfcc.cov": [[7793.3662109375, -580.6744384765625, -430.4007873535156, -165.8751983642578, -399.5652160644531, 47.67823028564453, -170.3983917236328, 138.82693481445312, 41.15134811401367, 184.3690948486328, 3.4152722358703613, 183.7516326904297, 114.94546508789062], [-580.6744384765625, 2945.176513671875, -891.4225463867188, -278.22119140625, 102.30399322509766, -262.0348815917969, 46.8623046875, 369.9109191894531, 5.866605281829834, -97.84095001220703, 337.59954833984375, -104.51313781738281, 175.10751342773438], [-430.4007873535156, -891.4225463867188, 1929.612548828125, 874.3804931640625, 275.3743591308594, 468.6707763671875, 319.6213073730469, -21.987075805664062, 141.40155029296875, 257.70587158203125, -119.8451156616211, 241.53067016601562, 118.34090423583984], [-165.8751983642578, -278.22119140625, 874.3804931640625, 1123.465576171875, 444.8353271484375, 140.2340545654297, 13.792622566223145, -68.44515991210938, 77.72408294677734, 129.2450408935547, -24.32124137878418, 73.22887420654297, 197.5845947265625], [-399.5652160644531, 102.30399322509766, 275.3743591308594, 444.8353271484375, 805.4606323242188, 341.3966064453125, 89.47327423095703, -20.986602783203125, 158.16757202148438, 113.5882797241211, -10.204054832458496, 101.28841400146484, 93.28717041015625], [47.67823028564453, -262.0348815917969, 468.6707763671875, 140.2340545654297, 341.3966064453125, 696.11572265625, 353.568603515625, 6.390115737915039, 173.99256896972656, 161.01991271972656, -33.568817138671875, 191.21615600585938, 47.27595138549805], [-170.3983917236328, 46.8623046875, 319.6213073730469, 13.792622566223145, 89.47327423095703, 353.568603515625, 563.2045288085938, 185.78396606445312, 153.44688415527344, 135.39198303222656, 19.11435890197754, 176.9507598876953, 33.01849365234375], [138.82693481445312, 369.9109191894531, -21.987075805664062, -68.44515991210938, -20.986602783203125, 6.390115737915039, 185.78396606445312, 401.072021484375, 122.69348907470703, 43.88541030883789, 92.66202545166016, 25.613374710083008, 41.93154525756836], [41.15134811401367, 5.866605281829834, 141.40155029296875, 77.72408294677734, 158.16757202148438, 173.99256896972656, 153.44688415527344, 122.69348907470703, 272.1385192871094, 154.07473754882812, -2.370372772216797, 65.0772476196289, 22.003843307495117], [184.3690948486328, -97.84095001220703, 257.70587158203125, 129.2450408935547, 113.5882797241211, 161.01991271972656, 135.39198303222656, 43.88541030883789, 154.07473754882812, 287.89764404296875, 56.77145767211914, 87.6762924194336, 28.769533157348633], [3.4152722358703613, 337.59954833984375, -119.8451156616211, -24.32124137878418, -10.204054832458496, -33.568817138671875, 19.11435890197754, 92.66202545166016, -2.370372772216797, 56.77145767211914, 224.31771850585938, 10.638749122619629, 53.435638427734375], [183.7516326904297, -104.51313781738281, 241.53067016601562, 73.22887420654297, 101.28841400146484, 191.21615600585938, 176.9507598876953, 25.613374710083008, 65.0772476196289, 87.6762924194336, 10.638749122619629, 212.4463348388672, 35.790428161621094], [114.94546508789062, 175.10751342773438, 118.34090423583984, 197.5845947265625, 93.28717041015625, 47.27595138549805, 33.01849365234375, 41.93154525756836, 22.003843307495117, 28.769533157348633, 53.435638427734375, 35.790428161621094, 173.34475708007812]], "lowlevel.mfcc.icov": [[0.00017091039626393467, 4.9788901378633454e-05, 0.0001394616992911324, -5.658325244439766e-05, 0.0001672509388299659, -0.00013743563613388687, 0.00022225873544812202, -0.00019805777992587537, 8.537352550774813e-05, -0.00022515089949592948, 0.0001611289189895615, -0.00028638134244829416, -0.0002053015778074041], [4.9788901378633454e-05, 0.0006004548049531877, 0.00021534058032557368, 0.0001122067915275693, -0.00023823080118745565, 0.00020357959147077054, -0.00017687995568849146, -0.00032168481266126037, 1.4167589142743964e-05, 0.00015055462426971644, -0.0005039998213760555, 0.00015066460764501244, -0.0006328227464109659], [0.0001394616992911324, 0.00021534058032557368, 0.0013897577300667763, -0.00103434594348073, 0.0004987649153918028, -0.0005855950876139104, -4.3277559598209336e-05, -0.0004528860154096037, 0.0004543050017673522, -0.0007244387525133789, 0.0006678210920654237, -0.0007209009490907192, -6.516511348308995e-05], [-5.658325244439766e-05, 0.0001122067915275693, -0.00103434594348073, 0.002405729843303561, -0.001186896814033389, 0.0008421531529165804, -4.645572971639922e-06, 0.00044227211037650704, -0.00016897245950531214, -2.151959779439494e-05, -0.00015154530410654843, 0.000590710376854986, -0.0018590915715321898], [0.0001672509388299659, -0.00023823080118745565, 0.0004987649153918028, -0.001186896814033389, 0.0026020461227744818, -0.0014302654890343547, 0.0007573046023026109, -3.53481482306961e-05, -0.000675657473038882, -0.00017579943232703954, 0.00038606717134825885, -0.0007646256126463413, 0.00014997593825682998], [-0.00013743563613388687, 0.00020357959147077054, -0.0005855950876139104, 0.0008421531529165804, -0.0014302654890343547, 0.0036608600057661533, -0.0018375496147200465, 0.0010647715535014868, -0.0008516476955264807, 0.00017804288654588163, -0.0002228541561635211, -0.00031711554038338363, -0.0005981813883408904], [0.00022225873544812202, -0.00017687995568849146, -4.3277559598209336e-05, -4.645572971639922e-06, 0.0007573046023026109, -0.0018375496147200465, 0.0042878612875938416, -0.0017757907044142485, -2.0104451323277317e-05, -0.0006718247896060348, 0.000604428758379072, -0.002060985192656517, 0.00012581150804180652], [-0.00019805777992587537, -0.00032168481266126037, -0.0004528860154096037, 0.00044227211037650704, -3.53481482306961e-05, 0.0010647715535014868, -0.0017757907044142485, 0.004707039799541235, -0.0024920839350670576, 0.0012237716000527143, -0.0016306202160194516, 0.0007442142814397812, -0.0003481527091935277], [8.537352550774813e-05, 1.4167589142743964e-05, 0.0004543050017673522, -0.00016897245950531214, -0.000675657473038882, -0.0008516476955264807, -2.0104451323277317e-05, -0.0024920839350670576, 0.007712581194937229, -0.0037855226546525955, 0.0021112775430083275, -2.833440521499142e-05, 1.8348660887568258e-05], [-0.00022515089949592948, 0.00015055462426971644, -0.0007244387525133789, -2.151959779439494e-05, -0.00017579943232703954, 0.00017804288654588163, -0.0006718247896060348, 0.0012237716000527143, -0.0037855226546525955, 0.007065924350172281, -0.0030218882020562887, -0.00028644996928051114, 0.0006927904323674738], [0.0001611289189895615, -0.0005039998213760555, 0.0006678210920654237, -0.00015154530410654843, 0.00038606717134825885, -0.0002228541561635211, 0.000604428758379072, -0.0016306202160194516, 0.0021112775430083275, -0.0030218882020562887, 0.007372062653303146, -0.00088299106573686, -0.0016052575083449483], [-0.00028638134244829416, 0.00015066460764501244, -0.0007209009490907192, 0.000590710376854986, -0.0007646256126463413, -0.00031711554038338363, -0.002060985192656517, 0.0007442142814397812, -2.833440521499142e-05, -0.00028644996928051114, -0.00088299106573686, 0.008229106664657593, -0.0008086587185971439], [-0.0002053015778074041, -0.0006328227464109659, -6.516511348308995e-05, -0.0018590915715321898, 0.00014997593825682998, -0.0005981813883408904, 0.00012581150804180652, -0.0003481527091935277, 1.8348660887568258e-05, 0.0006927904323674738, -0.0016052575083449483, -0.0008086587185971439, 0.009394967928528786]], "metadata.audio_properties.analysis.downmix": "mix", "metadata.audio_properties.codec": "mp3", "metadata.audio_properties.md5_encoded": "1443a4e488e5dc8daec27fca6980ea36", "metadata.tags.file_name": "1183713002604744754.mp3", "metadata.version.essentia": "2.1-beta6-dev", "metadata.version.essentia_git_sha": "v2.1_beta5-1110-g77a6a954", "metadata.version.extractor": "music 2.0", "tonal.chords_key": "C", "tonal.chords_scale": "major", "tonal.key_edma.key": "E", "tonal.key_edma.scale": "minor", "tonal.key_krumhansl.key": "E", "tonal.key_krumhansl.scale": "minor", "tonal.key_temperley.key": "E", "tonal.key_temperley.scale": "minor", "metadata.tags.encoding": ["Lavf58.45.100"]}, "essentia_models": [{"model_name": "genre_dortmund", "activations": {"alternative": "0.00013129944", "blues": "0.00015358783", "electronic": "0.00045390072", "folkcountry": "1.110099