{"song_id": "1183718308151832606", "download": "https://cdn.discordapp.com/attachments/1135903449314238464/1183718308151832606/chirp.mp4?ex=65895a95&amp", "lyrics": "I'm reading so fast that you don't even have time to do what you forgot here I don't need you", "style": ["random"], "essentia_features": {"lowlevel.average_loudness": 0.9704291224479675, "lowlevel.barkbands_crest.mean": 15.805198669433594, "lowlevel.barkbands_crest.stdev": 4.8715972900390625, "lowlevel.barkbands_flatness_db.mean": 0.32314756512641907, "lowlevel.barkbands_flatness_db.stdev": 0.11299090832471848, "lowlevel.barkbands_kurtosis.mean": 111.84935760498047, "lowlevel.barkbands_kurtosis.stdev": 99.11357879638672, "lowlevel.barkbands_skewness.mean": 6.640630722045898, "lowlevel.barkbands_skewness.stdev": 4.241565227508545, "lowlevel.barkbands_spread.mean": 6.812588691711426, "lowlevel.barkbands_spread.stdev": 11.551308631896973, "lowlevel.dissonance.mean": 0.47424179315567017, "lowlevel.dissonance.stdev": 0.023101307451725006, "lowlevel.dynamic_complexity": 1.7928802967071533, "lowlevel.erbbands_crest.mean": 9.325645446777344, "lowlevel.erbbands_crest.stdev": 3.4845120906829834, "lowlevel.erbbands_flatness_db.mean": 0.15911859273910522, "lowlevel.erbbands_flatness_db.stdev": 0.05373917520046234, "lowlevel.erbbands_kurtosis.mean": 3.343559980392456, "lowlevel.erbbands_kurtosis.stdev": 6.788946628570557, "lowlevel.erbbands_skewness.mean": 1.1020166873931885, "lowlevel.erbbands_skewness.stdev": 1.4258050918579102, "lowlevel.erbbands_spread.mean": 57.52099609375, "lowlevel.erbbands_spread.stdev": 38.447017669677734, "lowlevel.hfc.mean": 18.867305755615234, "lowlevel.hfc.stdev": 9.234700202941895, "lowlevel.loudness_ebu128.integrated": -9.539653778076172, "lowlevel.loudness_ebu128.loudness_range": 1.9816713333129883, "lowlevel.loudness_ebu128.momentary.mean": -10.370417594909668, "lowlevel.loudness_ebu128.momentary.stdev": 3.09751558303833, "lowlevel.loudness_ebu128.short_term.mean": -9.236433029174805, "lowlevel.loudness_ebu128.short_term.stdev": 0.8290231823921204, "lowlevel.melbands_crest.mean": 27.144832611083984, "lowlevel.melbands_crest.stdev": 9.674269676208496, "lowlevel.melbands_flatness_db.mean": 0.40945056080818176, "lowlevel.melbands_flatness_db.stdev": 0.15077511966228485, "lowlevel.melbands_kurtosis.mean": 318.0475158691406, "lowlevel.melbands_kurtosis.stdev": 340.8771667480469, "lowlevel.melbands_skewness.mean": 10.558148384094238, "lowlevel.melbands_skewness.stdev": 7.724544048309326, "lowlevel.melbands_spread.mean": 8.883496284484863, "lowlevel.melbands_spread.stdev": 19.581714630126953, "lowlevel.pitch_salience.mean": 0.36027342081069946, "lowlevel.pitch_salience.stdev": 0.19689129292964935, "lowlevel.silence_rate_20dB.mean": 0.739130437374115, "lowlevel.silence_rate_20dB.stdev": 0.4391094446182251, "lowlevel.silence_rate_30dB.mean": 0.25752508640289307, "lowlevel.silence_rate_30dB.stdev": 0.43727123737335205, "lowlevel.silence_rate_60dB.mean": 0.043478261679410934, "lowlevel.silence_rate_60dB.stdev": 0.20393100380897522, "lowlevel.spectral_centroid.mean": 826.3718872070312, "lowlevel.spectral_centroid.stdev": 744.5934448242188, "lowlevel.spectral_complexity.mean": 9.224080085754395, "lowlevel.spectral_complexity.stdev": 7.418676376342773, "lowlevel.spectral_decrease.mean": -6.075670455629734e-08, "lowlevel.spectral_decrease.stdev": 3.645747881364514e-08, "lowlevel.spectral_energy.mean": 0.23102086782455444, "lowlevel.spectral_energy.stdev": 0.1377139389514923, "lowlevel.spectral_energyband_high.mean": 0.00037973487633280456, "lowlevel.spectral_energyband_high.stdev": 0.0006467194180004299, "lowlevel.spectral_energyband_low.mean": 0.21118301153182983, "lowlevel.spectral_energyband_low.stdev": 0.13466741144657135, "lowlevel.spectral_energyband_middle_high.mean": 0.00168963975738734, "lowlevel.spectral_energyband_middle_high.stdev": 0.0027312887832522392, "lowlevel.spectral_energyband_middle_low.mean": 0.009429743513464928, "lowlevel.spectral_energyband_middle_low.stdev": 0.01305786520242691, "lowlevel.spectral_entropy.mean": 7.204304218292236, "lowlevel.spectral_entropy.stdev": 0.6463471055030823, "lowlevel.spectral_flux.mean": 0.1782328188419342, "lowlevel.spectral_flux.stdev": 0.12446032464504242, "lowlevel.spectral_kurtosis.mean": 5.585357189178467, "lowlevel.spectral_kurtosis.stdev": 6.526683330535889, "lowlevel.spectral_rms.mean": 0.013638531789183617, "lowlevel.spectral_rms.stdev": 0.0062750838696956635, "lowlevel.spectral_rolloff.mean": 635.4816284179688, "lowlevel.spectral_rolloff.stdev": 1277.062255859375, "lowlevel.spectral_skewness.mean": 1.7743476629257202, "lowlevel.spectral_skewness.stdev": 0.8545703887939453, "lowlevel.spectral_spread.mean": 5073225.5, "lowlevel.spectral_spread.stdev": 1944061.25, "lowlevel.spectral_strongpeak.mean": 0.7349029183387756, "lowlevel.spectral_strongpeak.stdev": 0.6409527063369751, "lowlevel.zerocrossingrate.mean": 0.026406381279230118, "lowlevel.zerocrossingrate.stdev": 0.041004329919815063, "metadata.audio_properties.analysis.equal_loudness": 0.0, "metadata.audio_properties.analysis.length": 6.910952568054199, "metadata.audio_properties.analysis.sample_rate": 44100.0, "metadata.audio_properties.analysis.start_time": 0.0, "metadata.audio_properties.bit_rate": 122962.0, "metadata.audio_properties.length": 6.9120001792907715, "metadata.audio_properties.lossless": 0.0, "metadata.audio_properties.number_channels": 1.0, "metadata.audio_properties.replay_gain": -13.269184112548828, "metadata.audio_properties.sample_rate": 48000.0, "rhythm.beats_count": 12.0, "rhythm.beats_loudness.mean": 0.24009501934051514, "rhythm.beats_loudness.stdev": 0.1458611786365509, "rhythm.bpm": 113.05640411376953, "rhythm.bpm_histogram_first_peak_bpm": 112.0, "rhythm.bpm_histogram_first_peak_weight": 0.5454545021057129, "rhythm.bpm_histogram_second_peak_bpm": 0.0, "rhythm.bpm_histogram_second_peak_spread": 0.0, "rhythm.bpm_histogram_second_peak_weight": 0.0, "rhythm.danceability": 0.8727785348892212, "rhythm.onset_rate": 3.6069016456604004, "tonal.chords_changes_rate": 0.1599999964237213, "tonal.chords_number_rate": 0.07999999821186066, "tonal.chords_strength.mean": 0.40969207882881165, "tonal.chords_strength.stdev": 0.08615424484014511, "tonal.hpcp_crest.mean": 11.087114334106445, "tonal.hpcp_crest.stdev": 6.246723175048828, "tonal.hpcp_entropy.mean": 2.583331823348999, "tonal.hpcp_entropy.stdev": 0.7827957272529602, "tonal.key_edma.strength": 0.44466254115104675, "tonal.key_krumhansl.strength": 0.4498220384120941, "tonal.key_temperley.strength": 0.4668020009994507, "tonal.tuning_diatonic_strength": 0.42561960220336914, "tonal.tuning_equal_tempered_deviation": 0.2684221863746643, "tonal.tuning_frequency": 434.193115234375, "tonal.tuning_nontempered_energy_ratio": 0.9151402115821838, "lowlevel.barkbands.mean": [0.06631330400705338, 0.13874924182891846, 0.014492430724203587, 0.004222446586936712, 0.0025861405301839113, 0.0005729772383347154, 0.000967076513916254, 0.0004826448275707662, 0.0005215107812546194, 0.0002665026986505836, 0.00021805019059684128, 0.00015222169167827815, 7.405359792755917e-05, 4.7475808969466016e-05, 7.29967505321838e-05, 0.00013821311586070806, 0.00037732141208834946, 0.0001911287399707362, 0.0001636420638533309, 6.110672256909311e-05, 6.491130625363439e-05, 7.735935650998726e-05, 0.00010386384383309633, 4.49453218607232e-05, 4.1073009924730286e-05, 1.799719757400453e-05, 5.75235446831357e-07], "lowlevel.barkbands.stdev": [0.06379571557044983, 0.10380306094884872, 0.029333926737308502, 0.008169976063072681, 0.004038668237626553, 0.0015532149700447917, 0.00365909980610013, 0.0012405781308189034, 0.001719319960102439, 0.0008862958638928831, 0.0008144680759869516, 0.0006999114993959665, 0.00025136591284535825, 0.00019719665579032153, 0.00038829323602840304, 0.00029062206158414483, 0.0009614433511160314, 0.0003886682679876685, 0.0005132306250743568, 0.00015664316015318036, 0.0001350393722532317, 0.00016013559070415795, 0.0002033608325291425, 0.0001338884321739897, 8.526803139830008e-05, 3.079850284848362e-05, 1.3817463013765519e-06], "lowlevel.erbbands.mean": [7.87247371673584, 16.270065307617188, 18.520360946655273, 16.289148330688477, 10.07483959197998, 9.041207313537598, 5.691981792449951, 4.742379665374756, 7.34421443939209, 18.81427764892578, 10.934703826904297, 11.942733764648438, 8.166357040405273, 9.547419548034668, 9.113204956054688, 5.8522748947143555, 3.783858299255371, 2.4507029056549072, 3.3025126457214355, 4.677358150482178, 11.717950820922852, 18.369367599487305, 12.837775230407715, 7.307293891906738, 7.548117160797119, 3.0157361030578613, 2.833840847015381, 2.3273377418518066, 2.576845407485962, 3.6393308639526367, 2.617039918899536, 1.1156442165374756, 0.7136580348014832, 0.5308437347412109, 0.24545034766197205, 0.09282515197992325, 0.030233535915613174, 0.0042852903716266155, 0.00019830730161629617, 0.0002537384571041912], "lowlevel.erbbands.stdev": [5.8030219078063965, 16.863887786865234, 32.3974723815918, 29.467975616455078, 17.55374526977539, 15.430524826049805, 12.207398414611816, 12.027259826660156, 19.55916976928711, 65.22315979003906, 30.361122131347656, 39.59619140625, 19.8953857421875, 35.996490478515625, 36.46345520019531, 26.584789276123047, 13.518096923828125, 8.002144813537598, 16.01998519897461, 12.188017845153809, 29.62513542175293, 40.138710021972656, 27.177555084228516, 14.599947929382324, 26.918659210205078, 8.019529342651367, 6.8819427490234375, 4.496194839477539, 5.155792236328125, 7.96625280380249, 5.023499488830566, 3.14863657951355, 1.95359468460083, 1.1392916440963745, 0.49073106050491333, 0.1679576188325882, 0.05521827191114426, 0.00782154779881239, 0.00017659504374023527, 0.00014665370690636337], "lowlevel.gfcc.mean": [-41.524871826171875, 85.46725463867188, -65.1917495727539, 53.69446563720703, -40.91183853149414, 13.299323081970215, -25.701923370361328, 14.603203773498535, -13.93994140625, -5.448578357696533, -13.270567893981934, 5.7564802169799805, -9.965110778808594], "lowlevel.melbands.mean": [0.056094225496053696, 0.012529928237199783, 0.0026290747337043285, 0.0006480643060058355, 0.0002412872709101066, 0.00010390490933787078, 0.0001438495673937723, 0.0001848852407420054, 8.835506741888821e-05, 7.381501200143248e-05, 3.9213995478348807e-05, 3.8020913052605465e-05, 3.050117811653763e-05, 1.952571255969815e-05, 1.12284824353992e-05, 6.704362931486685e-06, 4.255805379216326e-06, 4.873960733675631e-06, 5.7905426729121245e-06, 7.526813533331733e-06, 1.6083411537692882e-05, 1.9418512238189578e-05, 1.766277819115203e-05, 7.658269169041887e-06, 5.50960112377652e-06, 6.536598903039703e-06, 3.511738668748876e-06, 1.6470980881422292e-06, 1.8072803413815564e-06, 1.573867621118552e-06, 1.2638897715078201e-06, 1.353959532934823e-06, 1.6918597793846857e-06, 2.233410896224086e-06, 1.6818994481582195e-06, 9.232576871909259e-07, 5.905951070417359e-07, 5.227719839240308e-07, 4.2193994431727333e-07, 4.6534680109289184e-07], "lowlevel.melbands.stdev": [0.03899829462170601, 0.01544036716222763, 0.004626093897968531, 0.0010084097739309072, 0.00045909921755082905, 0.000272156234132126, 0.0004562799585983157, 0.0005888942396268249, 0.00027264319942332804, 0.00024105476040858775, 9.518724982626736e-05, 0.0001456309692002833, 0.000118579926493112, 8.171539229806513e-05, 4.803178308065981e-05, 2.426312494208105e-05, 1.5696316040703095e-05, 2.173475149902515e-05, 2.985447099490557e-05, 1.726291884551756e-05, 4.6970872062956914e-05, 4.6673158067278564e-05, 4.246213211445138e-05, 1.5007749425421935e-05, 1.1526277376106009e-05, 2.0498970116022974e-05, 1.3721894902118947e-05, 4.072175215696916e-06, 5.098919245938305e-06, 3.025562591574271e-06, 2.5890574306686176e-06, 2.778999487418332e-06, 3.7591264572256478e-06, 4.9879454309120774e-06, 3.1543895602226257e-06, 2.3178386072686408e-06, 1.8807505739459884e-06, 1.5491268641198985e-06, 9.162198466583504e-07, 1.0752634125310578e-06], "lowlevel.melbands128.mean": [0.055181313306093216, 0.08235064148902893, 0.0486915148794651, 0.020972494035959244, 0.010727273300290108, 0.006483098026365042, 0.003453214420005679, 0.0017362306825816631, 0.000872122822329402, 0.0006140068871900439, 0.0005126836476847529, 0.00031314685475081205, 0.00017564294103067368, 0.00013485872477758676, 0.0001112629470298998, 8.717319724382833e-05, 6.358246901072562e-05, 0.00010251726052956656, 0.00032156676752492785, 0.000238543696468696, 0.00010408134403405711, 6.855689571239054e-05, 9.92196801234968e-05, 8.972662908490747e-05, 7.518105849158019e-05, 7.637849921593443e-05, 4.980016819899902e-05, 3.473622928140685e-05, 2.543692971812561e-05, 4.439598342287354e-05, 4.071457078680396e-05, 2.9169477784307674e-05, 2.9911007004557177e-05, 3.396865940885618e-05, 2.1960537196719088e-05, 1.4199564247974195e-05, 1.653785875532776e-05, 1.0948479030048475e-05, 7.880455086706206e-06, 9.68021140579367e-06, 5.555263214773731e-06, 4.21064351030509e-06, 4.570895725919399e-06, 3.626793159128283e-06, 4.854363396589179e-06, 3.728233878064202e-06, 6.782946002203971e-06, 6.807142653997289e-06, 4.519583853834774e-06, 5.768431037722621e-06, 7.946778168843593e-06, 9.198020052281208e-06, 1.0244685654470231e-05, 2.0927327568642795e-05, 2.64486425294308e-05, 1.3928084626968484e-05, 1.8602819181978703e-05, 2.433703230053652e-05, 1.530345434730407e-05, 9.671332918514963e-06, 7.5157217906962615e-06, 5.8400605666975025e-06, 5.02665170643013e-06, 4.9111549742519855e-06, 7.145549261622364e-06, 6.8624503910541534e-06, 6.071610187063925e-06, 5.504663931787945e-06, 2.244962388431304e-06, 1.9928309029637603e-06, 1.5130448218769743e-06, 1.4726120980412816e-06, 1.93293135453132e-06, 1.8933451428893022e-06, 1.6262989674942219e-06, 1.7486784145148704e-06, 1.4672680208605016e-06, 1.2537094562503626e-06, 1.257648136743228e-06, 1.2056610785293742e-06, 1.3602855233330047e-06, 1.3580663562606787e-06, 1.5080752291396493e-06, 1.7552033568790648e-06, 1.7366666043017176e-06, 2.1677058157365536e-06, 2.525970558053814e-06, 2.207399575127056e-06, 1.5926729020065977e-06, 1.405666807841044e-06, 1.0433168426970951e-06, 8.266224540420808e-07, 6.15107353496569e-07, 5.501914870364999e-07, 6.12000803812407e-07, 5.646771796818939e-07, 5.10711572587752e-07, 4.5403635340335313e-07, 3.7772508676425787e-07, 4.3045130837526813e-07, 4.7618985377084755e-07, 4.726727809156728e-07, 4.6463944158858794e-07, 3.422492227400653e-07, 2.4503532358721714e-07, 2.0308397097323905e-07, 2.0780059628577874e-07, 2.1265860539187997e-07, 1.4853772256628872e-07, 1.1224460649827961e-07, 1.246553011924334e-07, 1.1535817634467094e-07, 1.0157598495652564e-07, 6.756905435167937e-08, 6.323982404410344e-08, 5.3577263514625884e-08, 2.048411396060601e-08, 4.935480468759579e-09, 3.176815754901696e-10, 3.7351521181561154e-11, 3.6419894877681713e-11, 3.572591181222329e-11, 3.488652769445544e-11, 3.431325362734938e-11, 3.37909041026041e-11, 3.3308817509736244e-11, 3.2993153348259696e-11, 3.281136473631818e-11], "lowlevel.melbands128.stdev": [0.048489924520254135, 0.06136511638760567, 0.04453152045607567, 0.025446981191635132, 0.01892988197505474, 0.013020088896155357, 0.006549095269292593, 0.003439654828980565, 0.001699112355709076, 0.0010470650158822536, 0.001036172267049551, 0.0006423425511457026, 0.0004429171676747501, 0.00042577635031193495, 0.00029117430676706135, 0.0002793372259475291, 0.00018044194439426064, 0.0002853242913261056, 0.0014448808506131172, 0.0008993426454253495, 0.00033067347249016166, 0.00020483632397372276, 0.0003836827527265996, 0.00034612437593750656, 0.0003058391157537699, 0.00026194832753390074, 0.0001409945252817124, 8.77786151249893e-05, 6.233090971363708e-05, 0.00020385826064739376, 0.00017395797476638108, 9.645919635659084e-05, 0.000125034261145629, 0.00016597351350355893, 0.00011644174810498953, 7.317376730497926e-05, 0.00010382155596744269, 5.051720290794037e-05, 2.1660245693055913e-05, 5.537990728043951e-05, 1.5999607057892717e-05, 1.201149461849127e-05, 2.0054252672707662e-05, 1.2598449757206254e-05, 2.3915305064292625e-05, 1.380808407702716e-05, 5.372924715629779e-05, 5.100135604152456e-05, 1.3019968719163444e-05, 1.507096840214217e-05, 2.176708949264139e-05, 2.4892016881494783e-05, 2.462822521920316e-05, 8.22131332824938e-05, 0.00011112403444712982, 3.069960803259164e-05, 4.161881224717945e-05, 6.555396976182237e-05, 4.674256342696026e-05, 2.1723632016801275e-05, 1.7903297703014687e-05, 1.2366013834252954e-05, 1.019755654851906e-05, 1.0929294148809277e-05, 2.17697106563719e-05, 1.873543624242302e-05, 2.3353237338596955e-05, 3.257187927374616e-05, 5.430297733255429e-06, 5.680845788447186e-06, 3.6720277876156615e-06, 3.5764619497058447e-06, 7.674612788832746e-06, 5.537416654988192e-06, 3.6105905110161984e-06, 3.71301757695619e-06, 2.6141656235267874e-06, 2.4905154987209244e-06, 3.0935175345803145e-06, 2.6253596843162086e-06, 2.9165296382416273e-06, 3.2388245472247945e-06, 3.278400981798768e-06, 4.292218818591209e-06, 4.235191681800643e-06, 6.166902039694833e-06, 5.639627033815486e-06, 4.386946329759667e-06, 3.14967996928317e-06, 2.962814050988527e-06, 2.6331053959438577e-06, 2.2736619484930998e-06, 2.0454294826777186e-06, 1.8248092601425014e-06, 2.150058207917027e-06, 1.6726872900107992e-06, 1.6108145928228623e-06, 1.2718869584205095e-06, 9.093090511669288e-07, 9.467228210269241e-07, 1.0569528967607766e-06, 1.1768502190534491e-06, 1.2035775398544502e-06, 7.776488359922951e-07, 5.202327884035185e-07, 4.2062694660671696e-07, 4.023773385597451e-07, 4.2626595586625626e-07, 2.9940795798211184e-07, 2.618916994379106e-07, 2.772048048882425e-07, 2.2850204572932853e-07, 2.033918491406439e-07, 1.3628483941374725e-07, 1.1766167062887689e-07, 1.1582233128137887e-07, 4.305841017071543e-08, 1.5156924604298183e-08, 2.1197101851555544e-09, 4.455003033143612e-11, 4.355939567379785e-11, 4.265817560300533e-11, 4.1784894988516896e-11, 4.1084243646016816e-11, 4.04959468736088e-11, 4.001446049506363e-11, 3.967134953875018e-11, 3.9459723683021863e-11], "lowlevel.mfcc.mean": [-700.4652709960938, 117.22264099121094, 35.92237091064453, 46.82797622680664, 17.41527557373047, 9.88829231262207, 3.3557631969451904, 21.38738250732422, 5.065149307250977, 0.27779650688171387, 3.7045960426330566, 2.904696464538574, 1.9974840879440308], "lowlevel.spectral_contrast_coeffs.mean": [-0.6835140585899353, -0.8148699402809143, -0.8332239985466003, -0.8377562761306763, -0.8085945248603821, -0.7637578845024109], "lowlevel.spectral_contrast_coeffs.stdev": [0.11078555136919022, 0.07363143563270569, 0.05427584424614906, 0.050622325390577316, 0.06127793341875076, 0.050356604158878326], "lowlevel.spectral_contrast_valleys.mean": [-6.632478713989258, -7.134023189544678, -7.976009845733643, -8.385400772094727, -8.026144981384277, -10.610884666442871], "lowlevel.spectral_contrast_valleys.stdev": [1.6864256858825684, 0.7606355547904968, 0.8449455499649048, 0.7606686353683472, 0.7791284918785095, 0.8106103539466858], "rhythm.beats_loudness_band_ratio.mean": [0.7289559841156006, 0.06045525148510933, 0.08623047918081284, 0.04561484232544899, 0.07271265983581543, 0.015420272946357727], "rhythm.beats_loudness_band_ratio.stdev": [0.4179290533065796, 0.11471859365701675, 0.15885531902313232, 0.12020934373140335, 0.16496752202510834, 0.02670632116496563], "tonal.hpcp.mean": [0.05856066942214966, 0.05697544664144516, 0.05999719724059105, 0.07663548737764359, 0.1086612418293953, 0.10823917388916016, 0.07769257575273514, 0.06266406178474426, 0.07183921337127686, 0.17492333054542542, 0.32715004682540894, 0.283079594373703, 0.1549893021583557, 0.11160264164209366, 0.11094141751527786, 0.10794783383607864, 0.08572714030742645, 0.09544799476861954, 0.08581867069005966, 0.08437089622020721, 0.08840097486972809, 0.07085076719522476, 0.08788251876831055, 0.0905802771449089, 0.07720239460468292, 0.07641573995351791, 0.07065348327159882, 0.0653235986828804, 0.0719667598605156, 0.06946685910224915, 0.04946606978774071, 0.046821512281894684, 0.038970328867435455, 0.04109641909599304, 0.04920341446995735, 0.052682001143693924], "tonal.hpcp.stdev": [0.13893742859363556, 0.17068138718605042, 0.19154328107833862, 0.1994236409664154, 0.2685450315475464, 0.2568743824958801, 0.2102992832660675, 0.15837641060352325, 0.18397146463394165, 0.2683125436306, 0.4213597774505615, 0.3640114367008209, 0.2895764410495758, 0.23957248032093048, 0.23982371389865875, 0.2493647336959839, 0.18469592928886414, 0.23155458271503448, 0.22715021669864655, 0.2173670083284378, 0.22798074781894684, 0.1752764880657196, 0.2244606465101242, 0.22794784605503082, 0.189369335770607, 0.19420868158340454, 0.19278672337532043, 0.16445694863796234, 0.21471187472343445, 0.20337620377540588, 0.1298990249633789, 0.14805381000041962, 0.11755216866731644, 0.14257171750068665, 0.14837250113487244, 0.10668633133172989], "rhythm.beats_position": [0.5224489569664001, 1.0448979139328003, 1.6021767854690552, 2.1246259212493896, 2.6470746994018555, 3.18113374710083, 3.7151927947998047, 4.249251842498779, 4.783310413360596, 5.305759429931641, 5.8282084465026855, 6.36226749420166], "rhythm.bpm_histogram": [0.0, 0.0, 0.0, 0.0, 0.0, 0.0, 0.0, 0.0, 0.0, 0.0, 0.0, 0.0, 0.0, 0.0, 0.0, 0.0, 0.0, 0.0, 0.0, 0.0, 0.0, 0.0, 0.0, 0.0, 0.0, 0.0, 0.0, 0.0, 0.0, 0.0, 0.0, 0.0, 0.0, 0.0, 0.0, 0.0, 0.0, 0.0, 0.0, 0.0, 0.0, 0.0, 0.0, 0.0, 0.0, 0.0, 0.0, 0.0, 0.0, 0.0, 0.0, 0.0, 0.0, 0.0, 0.0, 0.0, 0.0, 0.0, 0.0, 0.0, 0.0, 0.0, 0.0, 0.0, 0.0, 0.0, 0.0, 0.0, 0.0, 0.0, 0.0, 0.0, 0.0, 0.0, 0.0, 0.0, 0.0, 0.0, 0.0, 0.0, 0.0, 0.0, 0.0, 0.0, 0.0, 0.0, 0.0, 0.0, 0.0, 0.0, 0.0, 0.0, 0.0, 0.0, 0.0, 0.0, 0.0, 0.0, 0.0, 0.0, 0.0, 0.0, 0.0, 0.0, 0.0, 0.0, 0.0, 0.0, 0.09090909361839294, 0.0, 0.0, 0.0, 0.4545454680919647, 0.0, 0.0, 0.4545454680919647, 0.0, 0.0, 0.0, 0.0, 0.0, 0.0, 0.0, 0.0, 0.0, 0.0, 0.0, 0.0, 0.0, 0.0, 0.0, 0.0, 0.0, 0.0, 0.0, 0.0, 0.0, 0.0, 0.0, 0.0, 0.0, 0.0, 0.0, 0.0, 0.0, 0.0, 0.0, 0.0, 0.0, 0.0, 0.0, 0.0, 0.0, 0.0, 0.0, 0.0, 0.0, 0.0, 0.0, 0.0, 0.0, 0.0, 0.0, 0.0, 0.0, 0.0, 0.0, 0.0, 0.0, 0.0, 0.0, 0.0, 0.0, 0.0, 0.0, 0.0, 0.0, 0.0, 0.0, 0.0, 0.0, 0.0, 0.0, 0.0, 0.0, 0.0, 0.0, 0.0, 0.0, 0.0, 0.0, 0.0, 0.0, 0.0, 0.0, 0.0, 0.0, 0.0, 0.0, 0.0, 0.0, 0.0, 0.0, 0.0, 0.0, 0.0, 0.0, 0.0, 0.0, 0.0, 0.0, 0.0, 0.0, 0.0, 0.0, 0.0, 0.0, 0.0, 0.0, 0.0, 0.0, 0.0, 0.0, 0.0, 0.0, 0.0, 0.0, 0.0, 0.0, 0.0, 0.0, 0.0, 0.0, 0.0, 0.0, 0.0, 0.0, 0.0, 0.0, 0.0, 0.0, 0.0, 0.0, 0.0, 0.0, 0.0, 0.0, 0.0, 0.0, 0.0], "tonal.chords_histogram": [20.66666603088379, 16.66666603088379, 12.0, 0.0, 0.0, 7.333333492279053, 0.0, 7.333333492279053, 8.0, 0.0, 0.0, 4.666666507720947, 4.0, 0.0, 0.0, 2.6666667461395264, 11.333333015441895, 0.0, 0.0, 0.0, 4.0, 1.3333333730697632, 0.0, 0.0], "tonal.thpcp": [1.0, 0.8652898073196411, 0.47375601530075073, 0.3411359488964081, 0.339114785194397, 0.329964280128479, 0.26204225420951843, 0.2917560040950775, 0.2623220384120941, 0.25789663195610046, 0.27021539211273193, 0.21656963229179382, 0.26863062381744385, 0.27687686681747437, 0.235984668135643, 0.2335800975561142, 0.21596659719944, 0.19967474043369293, 0.2199808955192566, 0.21233944594860077, 0.1512030065059662, 0.14311937987804413, 0.11912065744400024, 0.12561948597431183, 0.15040014684200287, 0.16103313863277435, 0.17900247871875763, 0.17415691912174225, 0.18339352309703827, 0.23425179719924927, 0.33214497566223145, 0.3308548331260681, 0.23748300969600677, 0.19154532253742218, 0.21959102153778076, 0.534688413143158], "lowlevel.gfcc.cov": [[2884.55029296875, -160.14907836914062, -609.13134765625, 272.4960021972656, 57.41775894165039, 66.34176635742188, -20.545856475830078, 148.42445373535156, 48.514095306396484, 31.100759506225586, -23.937381744384766, 32.9499626159668, -76.9185791015625], [-160.14907836914062, 2155.00146484375, 1520.5992431640625, 608.64208984375, 973.9591064453125, 314.4420471191406, 880.2210693359375, -143.7466583251953, 342.2392272949219, 100.88700866699219, 354.5047302246094, -233.69683837890625, 205.31045532226562], [-609.13134765625, 1520.5992431640625, 3022.065673828125, 1697.8709716796875, 1373.93408203125, 797.7996215820312, 1075.6033935546875, -112.62683868408203, 381.6959533691406, 240.0911865234375, 420.7859802246094, -201.2910919189453, 261.2755126953125], [272.4960021972656, 608.64208984375, 1697.8709716796875, 1822.357177734375, 1183.2843017578125, 608.01611328125, 734.0597534179688, -3.928922653198242, 351.9130554199219, 210.61602783203125, 311.9178161621094, -130.59207153320312, 188.1431427001953], [57.41775894165039, 973.9591064453125, 1373.93408203125, 1183.2843017578125, 1187.988525390625, 517.5697631835938, 752.5126953125, -6.165119647979736, 324.9317321777344, 178.7777862548828, 312.64013671875, -107.03750610351562, 147.81454467773438], [66.34176635742188, 314.4420471191406, 797.7996215820312, 608.01611328125, 517.5697631835938, 446.5792236328125, 489.2721862792969, 20.86496925354004, 158.63157653808594, 150.94134521484375, 161.35086059570312, -42.62158203125, 65.35154724121094], [-20.545856475830078, 880.2210693359375, 1075.6033935546875, 734.0597534179688, 752.5126953125, 489.2721862792969, 874.2996826171875, 12.57065486907959, 261.8562927246094, 182.57164001464844, 266.6219787597656, -89.0547103881836, 106.84044647216797], [148.42445373535156, -143.7466583251953, -112.62683868408203, -3.928922653198242, -6.165119647979736, 20.86496925354004, 12.57065486907959, 109.63150787353516, 22.7950439453125, 13.283660888671875, -3.6708133220672607, 32.054439544677734, -16.439929962158203], [48.514095306396484, 342.2392272949219, 381.6959533691406, 351.9130554199219, 324.9317321777344, 158.63157653808594, 261.8562927246094, 22.7950439453125, 208.78245544433594, 103.59081268310547, 114.24765014648438, -33.2363395690918, 54.91583251953125], [31.100759506225586, 100.88700866699219, 240.0911865234375, 210.61602783203125, 178.7777862548828, 150.94134521484375, 182.57164001464844, 13.283660888671875, 103.59081268310547, 130.71343994140625, 79.45574188232422, -11.77291202545166, 14.238961219787598], [-23.937381744384766, 354.5047302246094, 420.7859802246094, 311.9178161621094, 312.64013671875, 161.35086059570312, 266.6219787597656, -3.6708133220672607, 114.24765014648438, 79.45574188232422, 145.36993408203125, -37.478206634521484, 44.16226577758789], [32.9499626159668, -233.69683837890625, -201.2910919189453, -130.59207153320312, -107.03750610351562, -42.62158203125, -89.0547103881836, 32.054439544677734, -33.2363395690918, -11.77291202545166, -37.478206634521484, 71.93636322021484, -22.946943283081055], [-76.9185791015625, 205.31045532226562, 261.2755126953125, 188.1431427001953, 147.81454467773438, 65.35154724121094, 106.84044647216797, -16.439929962158203, 54.91583251953125, 14.238961219787598, 44.16226577758789, -22.946943283081055, 72.80223083496094]], "lowlevel.gfcc.icov": [[0.0006242189556360245, -0.0008891373872756958, 0.0006060897721908987, -0.0009895731927827, 0.0005701467161998153, -0.0010274305241182446, 0.0005379807553254068, -0.0007619407842867076, 0.0003760113613680005, -0.00019645047723315656, 0.0006619257619604468, -0.0011110255727544427, 0.001355364453047514], [-0.0008891373872756958, 0.004884198307991028, -0.001857076189480722, 0.0038621609564870596, -0.0031160374637693167, 0.004330579657107592, -0.003018055111169815, 0.002661266131326556, -0.0028399338480085135, 0.002172066131606698, -0.0031999200582504272, 0.006972091272473335, -0.004704230930656195], [0.0006060897721908987, -0.001857076189480722, 0.0019730625208467245, -0.002027475740760565, 0.00101920694578439, -0.002633939031511545, 0.0009279524674639106, -0.0002783761883620173, 0.0011943236459046602, -0.00036562461173161864, 0.0007194255595095456, -0.0020583292935043573, 0.0009919132571667433], [-0.0009895731927827, 0.0038621609564870596, -0.002027475740760565, 0.005276863928884268, -0.003898542607203126, 0.002634260803461075, -0.0015618976904079318, 0.0016731690848246217, -0.0025089920964092016, 0.001222244813106954, -0.002196784596890211, 0.0062499213963747025, -0.005121191497892141], [0.0005701467161998153, -0.0031160374637693167, 0.00101920694578439, -0.003898542607203126, 0.0062595936469733715, -0.0036171190440654755, 0.0010653857607394457, -0.0012047317577525973, -4.994850769435288e-06, 0.0007492030854336917, -0.0010435129515826702, -0.00490461103618145, 0.003453713608905673], [-0.0010274305241182446, 0.004330579657107592, -0.002633939031511545, 0.002634260803461075, -0.0036171190440654755, 0.013822685927152634, -0.005970665253698826, 0.0006139706238172948, 0.0005845573614351451, -0.004222219344228506, -0.0009515113197267056, 0.0047914558090269566, -0.004344047512859106], [0.0005379807553254068, -0.003018055111169815, 0.0009279524674639106, -0.0015618976904079318, 0.0010653857607394457, -0.005970665253698826, 0.006596603896468878, -0.0022417071741074324, 0.0005737328319810331, -0.0007950198487378657, -0.0011529711773619056, -0.002797673689201474, 0.002335589611902833], [-0.0007619407842867076, 0.002661266131326556, -0.0002783761883620173, 0.0016731690848246217, -0.0012047317577525973, 0.0006139706238172948, -0.0022417071741074324, 0.014749458059668541, -0.0051423534750938416, 0.0031647533178329468, -0.0012923858594149351, -0.0019563217647373676, 0.00030767355929128826], [0.0003760113613680005, -0.0028399338480085135, 0.0011943236459046602, -0.0025089920964092016, -4.994850769435288e-06, 0.0005845573614351451, 0.0005737328319810331, -0.0051423534750938416, 0.015841135755181313, -0.00950746238231659, 8.253928535850719e-05, -0.002356460550799966, -0.002796345157548785], [-0.00019645047723315656, 0.002172066131606698, -0.00036562461173161864, 0.001222244813106954, 0.0007492030854336917, -0.004222219344228506, -0.0007950198487378657, 0.0031647533178329468, -0.00950746238231659, 0.020888375118374825, -0.007065925747156143, 0.0010804639896377921, 0.0036838066298514605], [0.0006619257619604468, -0.0031999200582504272, 0.0007194255595095456, -0.002196784596890211, -0.0010435129515826702, -0.0009515113197267056, -0.0011529711773619056, -0.0012923858594149351, 8.253928535850719e-05, -0.007065925747156143, 0.02513871341943741, -0.0029151830822229385, 0.0023433498572558165], [-0.0011110255727544427, 0.006972091272473335, -0.0020583292935043573, 0.0062499213963747025, -0.00490461103618145, 0.0047914558090269566, -0.002797673689201474, -0.0019563217647373676, -0.002356460550799966, 0.0010804639896377921, -0.0029151830822229385, 0.030862923711538315, -0.0072172340005636215], [0.001355364453047514, -0.004704230930656195, 0.0009919132571667433, -0.005121191497892141, 0.003453713608905673, -0.004344047512859106, 0.002335589611902833, 0.00030767355929128826, -0.002796345157548785, 0.0036838066298514605, 0.0023433498572558165, -0.0072172340005636215, 0.029330801218748093]], "lowlevel.mfcc.cov": [[3609.094482421875, -748.2823486328125, -1087.3529052734375, -209.2027587890625, -189.92218017578125, -316.40380859375, -279.4909973144531, 47.48678970336914, -76.65103149414062, -60.814334869384766, 14.884359359741211, -40.32464599609375, 38.43796920776367], [-748.2823486328125, 1977.6849365234375, 700.5524291992188, 386.4737243652344, 205.03436279296875, 493.5958557128906, 493.462158203125, 91.65714263916016, 210.57403564453125, 227.7567901611328, 170.55255126953125, 209.05401611328125, 7.59184455871582], [-1087.3529052734375, 700.5524291992188, 1820.888427734375, 1087.3800048828125, 662.4227905273438, 950.5465698242188, 717.3411254882812, 193.28111267089844, 285.57159423828125, 386.4885559082031, 186.2960968017578, 162.70004272460938, 120.83892822265625], [-209.2027587890625, 386.4737243652344, 1087.3800048828125, 1394.1685791015625, 798.7725219726562, 932.4241943359375, 664.199951171875, 248.4542236328125, 292.3831787109375, 414.146728515625, 204.64859008789062, 202.12997436523438, 174.7903594970703], [-189.92218017578125, 205.03436279296875, 662.4227905273438, 798.7725219726562, 678.6411743164062, 546.25732421875, 367.8569641113281, 136.39210510253906, 161.65171813964844, 226.2275390625, 115.41656494140625, 113.20516967773438, 108.52911376953125], [-316.40380859375, 493.5958557128906, 950.5465698242188, 932.4241943359375, 546.25732421875, 953.0316772460938, 672.1165771484375, 225.16653442382812, 283.2917175292969, 404.5516052246094, 234.2597198486328, 232.5614013671875, 140.73690795898438], [-279.4909973144531, 493.462158203125, 717.3411254882812, 664.199951171875, 367.8569641113281, 672.1165771484375, 630.479736328125, 220.11886596679688, 219.30311584472656, 298.4883117675781, 177.89041137695312, 195.96803283691406, 75.80184173583984], [47.48678970336914, 91.65714263916016, 193.28111267089844, 248.4542236328125, 136.39210510253906, 225.16653442382812, 220.11886596679688, 172.32046508789062, 111.24813842773438, 107.4000015258789, 89.5619125366211, 81.90506744384766, 39.69822692871094], [-76.65103149414062, 210.57403564453125, 285.57159423828125, 292.3831787109375, 161.65171813964844, 283.2917175292969, 219.30311584472656, 111.24813842773438, 170.330078125, 143.22930908203125, 95.72441864013672, 98.98788452148438, 57.217105865478516], [-60.814334869384766, 227.7567901611328, 386.4885559082031, 414.146728515625, 226.2275390625, 404.5516052246094, 298.4883117675781, 107.4000015258789, 143.22930908203125, 247.59564208984375, 133.7991485595703, 135.79920959472656, 72.13130187988281], [14.884359359741211, 170.55255126953125, 186.2960968017578, 204.64859008789062, 115.41656494140625, 234.2597198486328, 177.89041137695312, 89.5619125366211, 95.72441864013672, 133.7991485595703, 135.7740478515625, 102.58049011230469, 52.38300704956055], [-40.32464599609375, 209.05401611328125, 162.70004272460938, 202.12997436523438, 113.20516967773438, 232.5614013671875, 195.96803283691406, 81.90506744384766, 98.98788452148438, 135.79920959472656, 102.58049011230469, 152.4925537109375, 52.7775993347168], [38.43796920776367, 7.59184455871582, 120.83892822265625, 174.7903594970703, 108.52911376953125, 140.73690795898438, 75.80184173583984, 39.69822692871094, 57.217105865478516, 72.13130187988281, 52.38300704956055, 52.7775993347168, 83.06935119628906]], "lowlevel.mfcc.icov": [[0.0004042957734782249, 5.9881542256334797e-05, 0.00035379623295739293, -0.0001767486974131316, 6.27925546723418e-05, 3.353905776748434e-05, 3.753156852326356e-05, -0.000290224066702649, 0.00012174396397313103, -0.00027104277978651226, -0.00027589776436798275, 0.0003265643899794668, -0.0002517172833904624], [5.9881542256334797e-05, 0.0007991376332938671, -0.0001301632437389344, -9.98428049570066e-07, 3.126374213024974e-05, 0.00022685596195515245, -0.0006814236985519528, 0.0009679490467533469, -0.0007687012548558414, 0.00042090628994628787, -0.0007026907405816019, -0.0006479861331172287, 0.0008435418712906539], [0.00035379623295739293, -0.0001301632437389344, 0.0017618272686377168, -0.0004543815739452839, -0.00020339673210401088, -0.000656133342999965, -0.0007404075004160404, 0.0004432591958902776, -0.00039209076203405857, -0.00031132414005696774, -0.00011215777340112254, 0.0015724949771538377, -0.0003053999971598387], [-0.0001767486974131316, -9.98428049570066e-07, -0.0004543815739452839, 0.004057758487761021, -0.002561161993071437, -0.0011851548915728927, -0.00042598359868861735, -0.0008828737773001194, -0.0002144112077075988, -0.0018010359490290284, 0.0017407709965482354, 0.0009167765383608639, -0.0015992311527952552], [6.27925546723418e-05, 3.126374213024974e-05, -0.00020339673210401088, -0.002561161993071437, 0.004732638131827116, -0.0007377613219432533, 0.0006430335342884064, -0.0002467688755132258, 0.0004560767556540668, 0.0009793463395908475, -9.31031972868368e-05, -0.00039242557249963284, -0.000605524517595768], [3.353905776748434e-05, 0.00022685596195515245, -0.000656133342999965, -0.0011851548915728927, -0.0007377613219432533, 0.009011826477944851, -0.005276948679238558, 0.002517807064577937, -0.0017469421727582812, -0.003508445806801319, -0.002375413663685322, 0.0007545362459495664, -0.0020117759704589844], [3.753156852326356e-05, -0.0006814236985519528, -0.0007404075004160404, -0.00042598359868861735, 0.0006430335342884064, -0.005276948679238558, 0.010935520753264427, -0.006457563489675522, 0.0016313560772687197, -0.001150243217125535, 0.0021334269549697638, -0.0035804167855530977, 0.004030256997793913], [-0.000290224066702649, 0.0009679490467533469, 0.0004432591958902776, -0.0008828737773001194, -0.0002467688755132258, 0.002517807064577937, -0.006457563489675522, 0.016374707221984863, -0.006805864628404379, 0.003440916072577238, -0.006031047087162733, 0.00031369805219583213, 0.000686484097968787], [0.00012174396397313103, -0.0007687012548558414, -0.00039209076203405857, -0.0002144112077075988, 0.0004560767556540668, -0.0017469421727582812, 0.0016313560772687197, -0.006805864628404379, 0.017302054911851883, -0.0030644768849015236, 0.00025401360471732914, -0.0019584763795137405, -0.0030092375818639994], [-0.00027104277978651226, 0.00042090628994628787, -0.00031132414005696774, -0.0018010359490290284, 0.0009793463395908475, -0.003508445806801319, -0.001150243217125535, 0.003440916072577238, -0.0030644768849015236, 0.0197313129901886, -0.006683477200567722, -0.005035405978560448, 0.0007905646925792098], [-0.00027589776436798275, -0.0007026907405816019, -0.00011215777340112254, 0.0017407709965482354, -9.31031972868368e-05, -0.002375413663685322, 0.0021334269549697638, -0.006031047087162733, 0.00025401360471732914, -0.006683477200567722, 0.023331312462687492, -0.005750012584030628, -0.0036571708042174578], [0.0003265643899794668, -0.0006479861331172287, 0.0015724949771538377, 0.0009167765383608639, -0.00039242557249963284, 0.0007545362459495664, -0.0035804167855530977, 0.00031369805219583213, -0.0019584763795137405, -0.005035405978560448, -0.005750012584030628, 0.01958495005965233, -0.005052680615335703], [-0.0002517172833904624, 0.0008435418712906539, -0.0003053999971598387, -0.0015992311527952552, -0.000605524517595768, -0.0020117759704589844, 0.004030256997793913, 0.000686484097968787, -0.0030092375818639994, 0.0007905646925792098, -0.0036571708042174578, -0.005052680615335703, 0.022983185946941376]], "metadata.audio_properties.analysis.downmix": "mix", "metadata.audio_properties.codec": "mp3", "metadata.audio_properties.md5_encoded": "21fc4c0dc0809f087f50bb5867b4932f", "metadata.tags.file_name": "1183718308151832606.mp3", "metadata.version.essentia": "2.1-beta6-dev", "metadata.version.essentia_git_sha": "v2.1_beta5-1110-g77a6a954", "metadata.version.extractor": "music 2.0", "tonal.chords_key": "F", "tonal.chords_scale": "minor", "tonal.key_edma.key": "F", "tonal.key_edma.scale": "minor", "tonal.key_krumhansl.key": "F", "tonal.key_krumhansl.scale": "minor", "tonal.key_temperley.key": "F", "tonal.key_temperley.scale": "minor", "metadata.tags.encoding": ["Lavf58.45.100"]}, "essentia_models": [{"model_name": "genre_dortmund", "activations": {"alternative": "0.00038767786", "blues": "4.3453398e-05", "electronic": "0.20743959", "folkcountry": "1.1545524e-05", "funksoulrnb": "0.00037803018", "jazz": "0.0002448076", "pop": "6.253208e-05", "raphiphop": "0.27698427", "rock": "0.0052501913"}}, {"model_name": "genre_rosamerica", "activations": {"classic": "0.00021649434", "dance": "0.00023782373", "hip hop": "0.18654963", "jazz": "0.00029256835", "pop": "0.00069014454", "rhythm and blues": "0.00450603", "rock": "0.0030572154", "speech": "0.023133852"}}, {"model_name": "genre_tzanetakis", "activations": {"blues": "2.0862053e-06", "classic": "0.0002285582", "country": "6.729424e-05", "disco": "0.00028071782", "hip hop": "0.39557615", "jazz": "0.00032889599", "metal": "0.015611025", "pop": "0.001142937", "reggae": "0.0007546816", "rock": "0.0049265046"}}, {"model_name": "genre_electronic", "activations": {"ambient": "0.20162359", "dnb": "0.38967973", "house": "0.16546646", "techno": "0.6549307", "trance": "0.010225851"}}, {"model_name": "mood_acoustic", "activations": {"acoustic": "4.1694708e-08", "not acoustic": "0.99216175"}}, {"model_name": "mood_electronic", "activations": {"electronic": "0.9377245", "not electronic": "0.019426104"}}, {"model_name": "mood_aggressive", "activations": {"aggressive": "0.