{"song_id": "1183708113161965629", "download": "https://cdn.discordapp.com/attachments/1135903449314238464/1183708113161965629/chirp.mp4?ex=65895116&amp", "lyrics": "\u041a\u0438\u043a\u0438, \u0441\u043e\u0431\u0430\u0447\u043a\u0430, \u043b\u043e\u0432\u0438\u0442 \u043c\u0443\u0445\u0443, \n\u0421 \u0442\u0440\u0443\u0434\u043e\u043c \u043a\u043e\u043d\u0442\u0440\u043e\u043b\u0438\u0440\u0443\u0435\u0442 \u0441\u0432\u043e\u044e \u043a\u0443\u043a\u0443\u0445\u0443. \n\u041c\u043e\u0436\u0435\u0442 \u043d\u0430\u0431\u0440\u043e\u0441\u0438\u0442\u044c\u0441\u044f \u043d\u0430 \u043f\u0430\u0443\u043a\u0430, \n\u0418 \u0438\u0437\u0434\u0435\u0432\u0430\u0442\u044c\u0441\u044f \u043d\u0430\u0434 \u043d\u0438\u043c \u0434\u043e \u0443\u0442\u0440\u0430.\n\n\u0412\u0434\u0440\u0443\u0433 \u043a\u043e\u0448\u043a\u0443 \u0432\u0438\u0434\u0438\u0442, \u043d\u0430\u0447\u0438\u043d\u0430\u0435\u0442 \u0433\u043e\u043d, \n\u0417\u0430\u0431\u044b\u0432\u0430\u0435\u0442 \u043f\u0440\u043e \u043c\u0443\u0445\u0443, \u0437\u0430\u0431\u044b\u0432\u0430\u0435\u0442 \u043f\u0440\u043e \u0441\u043e\u043d.\n\u041d\u0430\u0447\u0438\u043d\u0430\u0435\u0442 \u043b\u0430\u044f\u0442\u044c, \u043d\u0430\u0447\u0438\u043d\u0430\u0435\u0442 \u043e\u0440\u0430\u0442\u044c,\n\u0412\u0441\u0435\u043c\u0443 \u0413\u0440\u0438\u043d\u043b\u041e\u0442\u0443 \u0434\u0430\u043d\u0410 \u043a\u043e\u043c\u0430\u043d\u0434\u0430 \"\u043d\u0435 \u0441\u043f\u0430\u0442\u044c\".\n\n\u041d\u043e \u043d\u0430\u0441\u0442\u0443\u043f\u0430\u0435\u0442 \u043d\u043e\u0447\u044c, \u041a\u0438\u043a\u0438 \u0443\u0441\u0442\u0430\u043b\u0430,\n\u0414\u043e\u0448\u043b\u0430 \u0434\u043e \u043a\u041e\u0432\u0440\u0438\u043a\u0430 \u0438 \u0433\u0440\u043e\u043c\u043a\u043e \u0443\u043f\u0430\u043b\u0430.\n\u041f\u0443\u0437\u043e \u043a\u0432\u0415\u0440\u0445\u0443, \u043b\u0430\u043f\u043a\u0438 \u0432\u043f\u0435\u0440\u0435\u0434,\n\"\u041a\u0442\u043e \u043d\u0430 \u043a\u0440\u043e\u0432\u0430\u0442\u044c \u043c\u0435\u043d\u044f \u043a \u0441\u0435\u0431\u0435 \u0437\u0430\u0431\u0435\u0440\u0435\u0442?\"", "style": ["Hip hop</span><span>, rap"], "essentia_features": {"lowlevel.average_loudness": 0.9651099443435669, "lowlevel.barkbands_crest.mean": 12.608896255493164, "lowlevel.barkbands_crest.stdev": 5.70451021194458, "lowlevel.barkbands_flatness_db.mean": 0.22035372257232666, "lowlevel.barkbands_flatness_db.stdev": 0.0783255472779274, "lowlevel.barkbands_kurtosis.mean": 20.431705474853516, "lowlevel.barkbands_kurtosis.stdev": 52.61720657348633, "lowlevel.barkbands_skewness.mean": 2.5421082973480225, "lowlevel.barkbands_skewness.stdev": 3.1452810764312744, "lowlevel.barkbands_spread.mean": 16.706497192382812, "lowlevel.barkbands_spread.stdev": 15.115032196044922, "lowlevel.dissonance.mean": 0.44866445660591125, "lowlevel.dissonance.stdev": 0.05022488534450531, "lowlevel.dynamic_complexity": 3.529689311981201, "lowlevel.erbbands_crest.mean": 10.703390121459961, "lowlevel.erbbands_crest.stdev": 5.0583577156066895, "lowlevel.erbbands_flatness_db.mean": 0.19998620450496674, "lowlevel.erbbands_flatness_db.stdev": 0.06528888642787933, "lowlevel.erbbands_kurtosis.mean": 1.9671657085418701, "lowlevel.erbbands_kurtosis.stdev": 4.3295063972473145, "lowlevel.erbbands_skewness.mean": 0.4716523587703705, "lowlevel.erbbands_skewness.stdev": 1.0534346103668213, "lowlevel.erbbands_spread.mean": 35.189517974853516, "lowlevel.erbbands_spread.stdev": 23.654638290405273, "lowlevel.hfc.mean": 22.117448806762695, "lowlevel.hfc.stdev": 21.839704513549805, "lowlevel.loudness_ebu128.integrated": -13.611268997192383, "lowlevel.loudness_ebu128.loudness_range": 1.0449256896972656, "lowlevel.loudness_ebu128.momentary.mean": -13.801003456115723, "lowlevel.loudness_ebu128.momentary.stdev": 1.3252102136611938, "lowlevel.loudness_ebu128.short_term.mean": -13.615044593811035, "lowlevel.loudness_ebu128.short_term.stdev": 0.35395511984825134, "lowlevel.melbands_crest.mean": 21.023147583007812, "lowlevel.melbands_crest.stdev": 10.292999267578125, "lowlevel.melbands_flatness_db.mean": 0.2517516016960144, "lowlevel.melbands_flatness_db.stdev": 0.1125340536236763, "lowlevel.melbands_kurtosis.mean": 49.50093078613281, "lowlevel.melbands_kurtosis.stdev": 112.4140396118164, "lowlevel.melbands_skewness.mean": 4.005313396453857, "lowlevel.melbands_skewness.stdev": 4.516144275665283, "lowlevel.melbands_spread.mean": 22.888687133789062, "lowlevel.melbands_spread.stdev": 29.04979705810547, "lowlevel.pitch_salience.mean": 0.45143935084342957, "lowlevel.pitch_salience.stdev": 0.21830642223358154, "lowlevel.silence_rate_20dB.mean": 1.0, "lowlevel.silence_rate_20dB.stdev": 0.0, "lowlevel.silence_rate_30dB.mean": 0.894184947013855, "lowlevel.silence_rate_30dB.stdev": 0.30760228633880615, "lowlevel.silence_rate_60dB.mean": 0.14108674228191376, "lowlevel.silence_rate_60dB.stdev": 0.3481105864048004, "lowlevel.spectral_centroid.mean": 1431.4805908203125, "lowlevel.spectral_centroid.stdev": 975.6174926757812, "lowlevel.spectral_complexity.mean": 10.7473783493042, "lowlevel.spectral_complexity.stdev": 8.073309898376465, "lowlevel.spectral_decrease.mean": -1.146495254289448e-08, "lowlevel.spectral_decrease.stdev": 1.1467563787448398e-08, "lowlevel.spectral_energy.mean": 0.04527755081653595, "lowlevel.spectral_energy.stdev": 0.043785691261291504, "lowlevel.spectral_energyband_high.mean": 0.0009881127625703812, "lowlevel.spectral_energyband_high.stdev": 0.001997990533709526, "lowlevel.spectral_energyband_low.mean": 0.02650686539709568, "lowlevel.spectral_energyband_low.stdev": 0.0404522642493248, "lowlevel.spectral_energyband_middle_high.mean": 0.0060578384436666965, "lowlevel.spectral_energyband_middle_high.stdev": 0.00925440713763237, "lowlevel.spectral_energyband_middle_low.mean": 0.011673960834741592, "lowlevel.spectral_energyband_middle_low.stdev": 0.01714218407869339, "lowlevel.spectral_entropy.mean": 7.533494472503662, "lowlevel.spectral_entropy.stdev": 0.6316616535186768, "lowlevel.spectral_flux.mean": 0.12335695326328278, "lowlevel.spectral_flux.stdev": 0.08493099361658096, "lowlevel.spectral_kurtosis.mean": 5.127098083496094, "lowlevel.spectral_kurtosis.stdev": 4.2523322105407715, "lowlevel.spectral_rms.mean": 0.005739509593695402, "lowlevel.spectral_rms.stdev": 0.0033512981608510017, "lowlevel.spectral_rolloff.mean": 1849.12890625, "lowlevel.spectral_rolloff.stdev": 2501.098876953125, "lowlevel.spectral_skewness.mean": 1.7418346405029297, "lowlevel.spectral_skewness.stdev": 0.6792619228363037, "lowlevel.spectral_spread.mean": 5062091.5, "lowlevel.spectral_spread.stdev": 2001442.75, "lowlevel.spectral_strongpeak.mean": 0.9437074661254883, "lowlevel.spectral_strongpeak.stdev": 1.1986544132232666, "lowlevel.zerocrossingrate.mean": 0.06518904119729996, "lowlevel.zerocrossingrate.stdev": 0.06790859252214432, "metadata.audio_properties.analysis.equal_loudness": 0.0, "metadata.audio_properties.analysis.length": 24.31895637512207, "metadata.audio_properties.analysis.sample_rate": 44100.0, "metadata.audio_properties.analysis.start_time": 0.0, "metadata.audio_properties.bit_rate": 120623.0, "metadata.audio_properties.length": 24.31999969482422, "metadata.audio_properties.lossless": 0.0, "metadata.audio_properties.number_channels": 1.0, "metadata.audio_properties.replay_gain": -13.148616790771484, "metadata.audio_properties.sample_rate": 48000.0, "rhythm.beats_count": 39.0, "rhythm.beats_loudness.mean": 0.05186641961336136, "rhythm.beats_loudness.stdev": 0.036401063203811646, "rhythm.bpm": 97.13235473632812, "rhythm.bpm_histogram_first_peak_bpm": 98.0, "rhythm.bpm_histogram_first_peak_weight": 0.2631579041481018, "rhythm.bpm_histogram_second_peak_bpm": 0.0, "rhythm.bpm_histogram_second_peak_spread": 0.0, "rhythm.bpm_histogram_second_peak_weight": 0.0, "rhythm.danceability": 1.775632619857788, "rhythm.onset_rate": 5.465488433837891, "tonal.chords_changes_rate": 0.1371428519487381, "tonal.chords_number_rate": 0.017142856493592262, "tonal.chords_strength.mean": 0.41501712799072266, "tonal.chords_strength.stdev": 0.0914669781923294, "tonal.hpcp_crest.mean": 13.931771278381348, "tonal.hpcp_crest.stdev": 6.865507125854492, "tonal.hpcp_entropy.mean": 2.008329391479492, "tonal.hpcp_entropy.stdev": 0.8136283755302429, "tonal.key_edma.strength": 0.3534483015537262, "tonal.key_krumhansl.strength": 0.3512684404850006, "tonal.key_temperley.strength": 0.35113492608070374, "tonal.tuning_diatonic_strength": 0.42686739563941956, "tonal.tuning_equal_tempered_deviation": 0.21245193481445312, "tonal.tuning_frequency": 434.193115234375, "tonal.tuning_nontempered_energy_ratio": 0.9021393656730652, "lowlevel.barkbands.mean": [0.006262322887778282, 0.018569225445389748, 0.0019228110322728753, 0.0008962253341451287, 0.0033196015283465385, 0.00045201173634268343, 0.0024482933804392815, 0.0017276700818911195, 0.002268310636281967, 0.0011855498887598515, 0.002044596243649721, 0.001104118418879807, 0.0005472377524711192, 0.0004321083251852542, 0.0002698179450817406, 0.0002473821514286101, 0.00023963794228620827, 0.00012548470112960786, 0.0001790701353456825, 7.931843720143661e-05, 6.079264130676165e-05, 0.00023586605675518513, 0.00029101347899995744, 0.00017622399900574237, 0.00015458062989637256, 3.822132930508815e-05, 2.6842386091630033e-08], "lowlevel.barkbands.stdev": [0.009334960021078587, 0.03436271846294403, 0.010813632048666477, 0.0054497565142810345, 0.006965036503970623, 0.001610789098776877, 0.006445460952818394, 0.0064263432286679745, 0.005949671380221844, 0.003914969973266125, 0.0057265362702310085, 0.0032065333798527718, 0.001637573353946209, 0.0013176341308280826, 0.0006715596537105739, 0.0006711740861646831, 0.00039569265209138393, 0.0002506750461179763, 0.00032648773049004376, 0.000175464476342313, 0.0001660747657297179, 0.0006031248485669494, 0.0005958196707069874, 0.00046143418876454234, 0.0003903767792508006, 8.656368299853057e-05, 2.2327344595396426e-07], "lowlevel.erbbands.mean": [0.956331193447113, 2.5378928184509277, 2.546980857849121, 2.831469774246216, 4.323094844818115, 14.409099578857422, 10.032085418701172, 3.582993268966675, 18.534046173095703, 58.798622131347656, 23.550809860229492, 45.49773025512695, 58.973018646240234, 52.36819839477539, 72.57960510253906, 45.25341033935547, 27.20410919189453, 23.148944854736328, 16.641109466552734, 13.497232437133789, 14.199182510375977, 14.035533905029297, 7.7342729568481445, 7.162901401519775, 8.573159217834473, 3.6976566314697266, 2.4347891807556152, 2.8875784873962402, 7.7688469886779785, 10.685121536254883, 7.315372467041016, 3.9316532611846924, 2.961693048477173, 2.1479604244232178, 0.8399617671966553, 0.29940277338027954, 0.044285934418439865, 0.002191694686189294, 8.563186565879732e-05, 5.815161784994416e-05], "lowlevel.erbbands.stdev": [1.4929533004760742, 6.717176914215088, 11.971322059631348, 16.172815322875977, 16.09156608581543, 28.888551712036133, 32.43276596069336, 11.176081657409668, 55.344810485839844, 150.89747619628906, 86.86055755615234, 123.51091766357422, 156.28440856933594, 163.91815185546875, 199.31777954101562, 127.55097198486328, 73.68677520751953, 73.16045379638672, 38.24027633666992, 33.418426513671875, 33.981510162353516, 22.998777389526367, 14.422446250915527, 13.593306541442871, 16.53231430053711, 7.602509498596191, 6.622980117797852, 7.31117057800293, 20.303762435913086, 23.054338455200195, 15.66519832611084, 9.98793888092041, 8.063252449035645, 5.730062961578369, 1.9932907819747925, 0.6755167245864868, 0.11571508646011353, 0.007111110724508762, 0.0001624849101062864, 4.9309081077808514e-05], "lowlevel.gfcc.mean": [-50.441795349121094, 60.233577728271484, -137.72987365722656, 6.378260135650635, -77.22148132324219, 22.692859649658203, -43.01250076293945, 14.909079551696777, -20.563730239868164, -1.5984551906585693, -10.57690143585205, 7.043966293334961, -10.020012855529785], "lowlevel.melbands.mean": [0.007007319945842028, 0.0018767056753858924, 0.0005095414235256612, 0.0006528326193802059, 0.0004627133603207767, 7.727391493972391e-05, 0.00035043081152252853, 0.0006225804099813104, 0.0001502721570432186, 0.0003373130166437477, 0.00028849157388322055, 0.0001906653051264584, 0.0002728769031818956, 0.000130852495203726, 9.826158202486113e-05, 4.7782068577362224e-05, 4.1257204429712147e-05, 2.7753738322644494e-05, 1.9661538317450322e-05, 1.6338726709363982e-05, 1.64176344696898e-05, 1.5506057025049813e-05, 9.856209544523153e-06, 4.840194833377609e-06, 5.704274826712208e-06, 7.42069460102357e-06, 4.24388554165489e-06, 2.0331822270236444e-06, 1.4901403346812003e-06, 1.4161960280034691e-06, 1.6694792748239706e-06, 3.887200819008285e-06, 5.702937414753251e-06, 6.280720754148206e-06, 4.624367193173384e-06, 2.8284605377848493e-06, 2.2728640942659695e-06, 2.085338792312541e-06, 1.8436617210682016e-06, 1.8524426650401438e-06], "lowlevel.melbands.stdev": [0.011118866503238678, 0.006083052605390549, 0.0027182921767234802, 0.0013821183238178492, 0.0012544644996523857, 0.00025642241234891117, 0.001002095639705658, 0.001648851903155446, 0.0005835997872054577, 0.0009108739322982728, 0.0007750182412564754, 0.0006535305292345583, 0.0007568406290374696, 0.00039247298263944685, 0.00029006737167946994, 0.00013036662130616605, 0.00013902425416745245, 7.023567741271108e-05, 5.413973849499598e-05, 4.463838195079006e-05, 4.2283623770345e-05, 2.6940755560644902e-05, 1.833142050600145e-05, 9.870415851764847e-06, 1.1634814654826187e-05, 1.42402468554792e-05, 9.635929018259048e-06, 4.432827608980006e-06, 4.123900453123497e-06, 4.100778369320324e-06, 4.348203219706193e-06, 1.0429211215523537e-05, 1.513780534878606e-05, 1.2962969776708633e-05, 1.0108450624102261e-05, 6.723676960973535e-06, 6.329922143777367e-06, 5.769321887783008e-06, 5.07142567585106e-06, 5.039331426814897e-06], "lowlevel.melbands128.mean": [0.005491076502948999, 0.009532492607831955, 0.007083614356815815, 0.0033274914603680372, 0.001486538560129702, 0.0008750438573770225, 0.0005837457138113678, 0.00040439999429509044, 0.0003568408137653023, 0.0006009350181557238, 0.0009326632716692984, 0.000778365705627948, 0.00032437959453091025, 9.365336882183328e-05, 5.361168223316781e-05, 7.054813613649458e-05, 0.0001284944301005453, 0.0003549278189893812, 0.000673300470225513, 0.0007930401479825377, 0.0005697768647223711, 0.00022667204029858112, 6.958256562938914e-05, 8.19721826701425e-05, 0.00021748011931777, 0.000499097106512636, 0.000513090577442199, 0.0002526514872442931, 0.00010926051618298516, 0.00012873843661509454, 0.00021464595920406282, 0.00032444720272906125, 0.00031906244112178683, 0.00021568662486970425, 0.00012810078624170274, 0.00010685493180062622, 0.00012682781380135566, 0.00011715916480170563, 7.005446241237223e-05, 4.3560339690884575e-05, 3.926333738490939e-05, 5.913275163038634e-05, 4.5428096200339496e-05, 2.836035673681181e-05, 3.370195918250829e-05, 2.938770740001928e-05, 1.8798697055899538e-05, 2.053760181297548e-05, 2.001791654038243e-05, 1.6826339560793713e-05, 1.4870582162984647e-05, 1.6591349776717834e-05, 1.8801814803737216e-05, 1.42737962960382e-05, 1.5086387065821327e-05, 1.931542283273302e-05, 1.1815094694611616e-05, 1.1022651051462162e-05, 1.0026485142589081e-05, 5.66431890547392e-06, 4.117901426070603e-06, 4.411055670061614e-06, 4.960307251167251e-06, 5.94457605984644e-06, 6.953886440896895e-06, 8.56586302688811e-06, 7.156545052566798e-06, 5.1286201596667524e-06, 3.822057351499097e-06, 2.630870994835277e-06, 1.8239670680486597e-06, 1.938945842994144e-06, 1.568880520608218e-06, 1.37547021950013e-06, 1.3928219004810671e-06, 1.5075535202413448e-06, 1.4010796576258144e-06, 1.2529347941381275e-06, 1.6721502333894023e-06, 1.9080425772699527e-06, 3.3631461064942414e-06, 4.764998266182374e-06, 5.248399702395545e-06, 5.927389338467037e-06, 5.915505425946321e-06, 6.017425221216399e-06, 6.150127774162684e-06, 7.35917183192214e-06, 3.815318905253662e-06, 3.5600639876065543e-06, 3.578486939659342e-06, 2.350038130316534e-06, 2.11586893783533e-06, 2.4354208107979503e-06, 2.2539477413374698e-06, 1.9375429474166594e-06, 2.2186216028785566e-06, 2.0526017578959e-06, 1.8157687691200408e-06, 1.630423980714113e-06, 2.0213710740790702e-06, 2.0363370367704192e-06, 1.5345044630521443e-06, 1.0283406481903512e-06, 7.777127279950946e-07, 7.897004365986504e-07, 7.881105830165325e-07, 6.186019163578749e-07, 5.654792403220199e-07, 3.647718358479324e-07, 2.531328107124864e-07, 1.3934764808709588e-07, 1.2576676056141878e-07, 5.884012210799483e-08, 3.5929630826103676e-08, 8.018082198191223e-09, 1.1442019554053218e-09, 3.1773878667040734e-11, 1.8266100437758226e-11, 1.7994720297176414e-11, 1.569751620356108e-11, 8.230817069576624e-12, 6.86470411764839e-12, 6.7371564056728506e-12, 6.613872644001262e-12, 6.4890605909473376e-12, 6.408123164047819e-12, 6.368905403064673e-12], "lowlevel.melbands128.stdev": [0.007973679341375828, 0.014152869582176208, 0.015907950699329376, 0.01018588524311781, 0.00692795030772686, 0.004985594656318426, 0.00353308767080307, 0.002432226436212659, 0.001565019367262721, 0.0014319788897410035, 0.0019218290690332651, 0.0021909084171056747, 0.0013544416287913918, 0.00038354279240593314, 0.00024145202769432217, 0.0003069926460739225, 0.0004696686228271574, 0.001454832381568849, 0.0020580373238772154, 0.0022891396656632423, 0.002212947467342019, 0.0012108641676604748, 0.0004262209986336529, 0.0003786403394769877, 0.0008510596817359328, 0.0016606611898168921, 0.0016384017653763294, 0.001018867245875299, 0.00041012410656549037, 0.0008243484189733863, 0.0009438415872864425, 0.0012085277121514082, 0.0011341654462739825, 0.0008804035023786128, 0.0005468167364597321, 0.0005002248217351735, 0.0005538234254345298, 0.00041788650560192764, 0.0003431568620726466, 0.00018546108913142234, 0.00015029989299364388, 0.0002498202957212925, 0.00023358782345894724, 0.00011576597898965701, 0.00011036333307856694, 0.00010557238420005888, 6.15406024735421e-05, 8.057729428401217e-05, 7.705348252784461e-05, 5.3265142923919484e-05, 6.415929965442047e-05, 5.30493889527861e-05, 6.167568790260702e-05, 4.6852859668433666e-05, 3.343257776577957e-05, 4.221295239403844e-05, 2.6030564185930416e-05, 2.3839445930207148e-05, 2.530096571717877e-05, 1.4662087778560817e-05, 8.873619663063437e-06, 1.1632620044110809e-05, 1.2289064216020051e-05, 1.3938276424596552e-05, 1.5639543562429026e-05, 1.9109045751974918e-05, 1.7259144442505203e-05, 1.4325455595098902e-05, 1.162411535915453e-05, 6.448955446103355e-06, 4.347290087025613e-06, 4.513866315392079e-06, 4.6378004299185704e-06, 4.500629074755125e-06, 4.6597251639468595e-06, 4.729171450890135e-06, 4.2939518607454374e-06, 3.5367281725484645e-06, 4.805881872016471e-06, 5.746634087699931e-06, 9.388708349433728e-06, 1.4087156159803271e-05, 1.4568184269592166e-05, 1.8335669665248133e-05, 1.556856841489207e-05, 1.3626360669150017e-05, 1.2822013559343759e-05, 1.767385947459843e-05, 9.383008546137717e-06, 8.729443834454287e-06, 9.240892723028082e-06, 6.054213827155763e-06, 5.846180101798382e-06, 7.648493919987231e-06, 6.75921955917147e-06, 5.668259746016702e-06, 6.664856755378423e-06, 6.2262374740384985e-06, 5.3872113312536385e-06, 4.420281584316399e-06, 5.533213879971299e-06, 5.914741905144183e-06, 4.610141331795603e-06, 2.7030837372876704e-06, 1.9900289771612734e-06, 1.8681222400118713e-06, 1.9896842786693014e-06, 1.4069888720769086e-06, 1.461531724089582e-06, 9.01942598829919e-07, 6.917509267623245e-07, 4.025888529213262e-07, 4.329303919803351e-07, 2.286631826109442e-07, 1.8342258556458546e-07, 4.395004538082503e-08, 1.1438050506740183e-08, 5.320377471917936e-10, 3.1661256949533367e-10, 3.145124161108015e-10, 2.495058326612565e-10, 3.611323740049244e-11, 1.0490800068929662e-11, 1.0309459883006689e-11, 1.0155875272699344e-11, 1.003003236021982e-11, 9.940256950891069e-12, 9.885198562487041e-12], "lowlevel.mfcc.mean": [-688.8037109375, 98.14431762695312, -10.672464370727539, -13.287422180175781, -7.545845985412598, -3.4985899925231934, -8.288838386535645, 12.806035995483398, -7.588547229766846, -2.785060405731201, 6.256577014923096, -9.47459888458252, 9.600460052490234], "lowlevel.spectral_contrast_coeffs.mean": [-0.6399725675582886, -0.7325347661972046, -0.7592173218727112, -0.8047736287117004, -0.7795482277870178, -0.7740398645401001], "lowlevel.spectral_contrast_coeffs.stdev": [0.1420721709728241, 0.10711397230625153, 0.09527287632226944, 0.062200069427490234, 0.053624026477336884, 0.039886001497507095], "lowlevel.spectral_contrast_valleys.mean": [-8.603888511657715, -7.358125686645508, -7.327879905700684, -7.841985702514648, -8.200270652770996, -10.378959655761719], "lowlevel.spectral_contrast_valleys.stdev": [1.7185680866241455, 0.7383174300193787, 0.6818822026252747, 0.6425473690032959, 0.7991820573806763, 1.1651569604873657], "rhythm.beats_loudness_band_ratio.mean": [0.25783559679985046, 0.043958742171525955, 0.273851603269577, 0.24778248369693756, 0.07469751685857773, 0.11660072207450867], "rhythm.beats_loudness_band_ratio.stdev": [0.35110151767730713, 0.07572489231824875, 0.2716263234615326, 0.20531362295150757, 0.08067819476127625, 0.1451171189546585], "tonal.hpcp.mean": [0.10605088621377945, 0.09739840775728226, 0.10408487170934677, 0.11647463589906693, 0.12690654397010803, 0.1371477097272873, 0.2395714819431305, 0.24776671826839447, 0.18265369534492493, 0.27169284224510193, 0.26031848788261414, 0.14344553649425507, 0.10757333040237427, 0.10087459534406662, 0.08349506556987762, 0.07500553131103516, 0.07745345681905746, 0.0835823342204094, 0.08528511226177216, 0.06861376762390137, 0.0633670836687088, 0.06217416003346443, 0.058608174324035645, 0.07292523980140686, 0.08101794868707657, 0.08380042016506195, 0.09172412008047104, 0.11250369250774384, 0.11880622059106827, 0.09575265645980835, 0.08191223442554474, 0.0866456851363182, 0.09210715442895889, 0.10636217892169952, 0.1010463535785675, 0.09981608390808105], "tonal.hpcp.stdev": [0.22227132320404053, 0.20574232935905457, 0.21642158925533295, 0.22511766850948334, 0.2447461634874344, 0.24931399524211884, 0.3271876275539398, 0.34983715415000916, 0.26265189051628113, 0.3670521676540375, 0.3633482754230499, 0.26012811064720154, 0.21633799374103546, 0.20823106169700623, 0.1945858746767044, 0.17863507568836212, 0.18202164769172668, 0.18954601883888245, 0.18048934638500214, 0.14633169770240784, 0.16170364618301392, 0.15653684735298157, 0.14914609491825104, 0.17332729697227478, 0.18305937945842743, 0.18051710724830627, 0.20195631682872772, 0.2126699537038803, 0.219879150390625, 0.19368857145309448, 0.18409514427185059, 0.18192148208618164, 0.19301114976406097, 0.21398399770259857, 0.2088683843612671, 0.20568664371967316], "rhythm.beats_position": [0.6733786463737488, 1.300317406654358, 1.9272562265396118, 2.5425848960876465, 3.1579136848449707, 3.773242473602295, 4.388571262359619, 5.003900051116943, 5.619228839874268, 6.2461676597595215, 6.861496448516846, 7.47682523727417, 8.103763580322266, 8.73070240020752, 9.334421157836914, 9.949749946594238, 10.565078735351562, 11.180407524108887, 11.795736312866211, 12.411065101623535, 13.02639389038086, 13.641722679138184, 14.268661499023438, 14.883990287780762, 15.510929107666016, 16.126258850097656, 16.741586685180664, 17.356916427612305, 17.972244262695312, 18.587574005126953, 19.20290184020996, 19.8182315826416, 20.43355941772461, 21.06049919128418, 21.664216995239258, 22.2795467376709, 22.894874572753906, 23.521814346313477, 24.148752212524414], "rhythm.bpm_histogram": [0.0, 0.0, 0.0, 0.0, 0.0, 0.0, 0.0, 0.0, 0.0, 0.0, 0.0, 0.0, 0.0, 0.0, 0.0, 0.0, 0.0, 0.0, 0.0, 0.0, 0.0, 0.0, 0.0, 0.0, 0.0, 0.0, 0.0, 0.0, 0.0, 0.0, 0.0, 0.0, 0.0, 0.0, 0.0, 0.0, 0.0, 0.0, 0.0, 0.0, 0.0, 0.0, 0.0, 0.0, 0.0, 0.0, 0.0, 0.0, 0.0, 0.0, 0.0, 0.0, 0.0, 0.0, 0.0, 0.0, 0.0, 0.0, 0.0, 0.0, 0.0, 0.0, 0.0, 0.0, 0.0, 0.0, 0.0, 0.0, 0.0, 0.0, 0.0, 0.0, 0.0, 0.0, 0.0, 0.0, 0.0, 0.0, 0.0, 0.0, 0.0, 0.0, 0.0, 0.0, 0.0, 0.0, 0.0, 0.0, 0.0, 0.0, 0.0, 0.0, 0.0, 0.0, 0.0, 0.0, 0.2631579041481018, 0.0, 0.6842105388641357, 0.05263157933950424, 0.0, 0.0, 0.0, 0.0, 0.0, 0.0, 0.0, 0.0, 0.0, 0.0, 0.0, 0.0, 0.0, 0.0, 0.0, 0.0, 0.0, 0.0, 0.0, 0.0, 0.0, 0.0, 0.0, 0.0, 0.0, 0.0, 0.0, 0.0, 0.0, 0.0, 0.0, 0.0, 0.0, 0.0, 0.0, 0.0, 0.0, 0.0, 0.0, 0.0, 0.0, 0.0, 0.0, 0.0, 0.0, 0.0, 0.0, 0.0, 0.0, 0.0, 0.0, 0.0, 0.0, 0.0, 0.0, 0.0, 0.0, 0.0, 0.0, 0.0, 0.0, 0.0, 0.0, 0.0, 0.0, 0.0, 0.0, 0.0, 0.0, 0.0, 0.0, 0.0, 0.0, 0.0, 0.0, 0.0, 0.0, 0.0, 0.0, 0.0, 0.0, 0.0, 0.0, 0.0, 0.0, 0.0, 0.0, 0.0, 0.0, 0.0, 0.0, 0.0, 0.0, 0.0, 0.0, 0.0, 0.0, 0.0, 0.0, 0.0, 0.0, 0.0, 0.0, 0.0, 0.0, 0.0, 0.0, 0.0, 0.0, 0.0, 0.0, 0.0, 0.0, 0.0, 0.0, 0.0, 0.0, 0.0, 0.0, 0.0, 0.0, 0.0, 0.0, 0.0, 0.0, 0.0, 0.0, 0.0, 0.0, 0.0, 0.0, 0.0, 0.0, 0.0, 0.0, 0.0, 0.0, 0.0, 0.0, 0.0, 0.0, 0.0, 0.0, 0.0, 0.0, 0.0, 0.0, 0.0, 0.0, 0.0], "tonal.chords_histogram": [0.5714285969734192, 0.0, 0.761904776096344, 9.523809432983398, 0.0, 0.0, 0.0, 0.0, 7.809523582458496, 10.666666984558105, 31.047618865966797, 0.0, 3.809523820877075, 1.7142857313156128, 0.0, 14.857142448425293, 0.0, 0.0, 0.0, 0.0, 2.095238208770752, 0.0, 16.571428298950195, 0.5714285969734192], "tonal.thpcp": [1.0, 0.9581352472305298, 0.527969479560852, 0.3959372937679291, 0.3712817430496216, 0.3073141872882843, 0.2760673761367798, 0.2850772738456726, 0.3076353967189789, 0.31390267610549927, 0.2525416910648346, 0.2332305908203125, 0.22883988916873932, 0.21571482717990875, 0.2684105932712555, 0.29819685220718384, 0.30843809247016907, 0.33760225772857666, 0.41408413648605347, 0.43728137016296387, 0.3524298071861267, 0.30148836970329285, 0.3189104497432709, 0.339012086391449, 0.3914794921875, 0.37191393971443176, 0.36738577485084534, 0.39033374190330505, 0.35848721861839294, 0.3830975890159607, 0.42869967222213745, 0.46709564328193665, 0.5047895312309265, 0.8817732334136963, 0.91193687915802, 0.6722801327705383], "lowlevel.gfcc.cov": [[5264.82666015625, 106.36929321289062, 1037.2816162109375, 685.8701171875, 159.7074737548828, 409.64422607421875, 126.19009399414062, 212.0764617919922, 131.67233276367188, 35.3455810546875, 21.994047164916992, 230.30938720703125, 88.7472915649414], [106.36929321289062, 3259.28125, 1077.0635986328125, 367.1802978515625, 947.119140625, 101.18486785888672, 620.9631958007812, 114.32550811767578, 427.3641357421875, -217.75674438476562, 262.6156311035156, -6.240389823913574, 259.744140625], [1037.2816162109375, 1077.0635986328125, 2094.5078125, 1314.2830810546875, 836.3282470703125, 702.7632446289062, 566.864501953125, 253.22366333007812, 360.9176330566406, 111.3597183227539, 187.98728942871094, 116.72010803222656, 220.96803283691406], [685.8701171875, 367.1802978515625, 1314.2830810546875, 1300.4266357421875, 735.8035278320312, 521.6630249023438, 366.50433349609375, 196.67935180664062, 295.1239929199219, 165.44676208496094, 132.08084106445312, 68.5993881225586, 192.0999755859375], [159.7074737548828, 947.119140625, 836.3282470703125, 735.8035278320312, 1021.5372314453125, 494.1727600097656, 556.54443359375, 288.242431640625, 354.13427734375, 145.74993896484375, 174.98403930664062, 55.54901885986328, 194.6336669921875], [409.64422607421875, 101.18486785888672, 702.7632446289062, 521.6630249023438, 494.1727600097656, 715.903564453125, 570.6021118164062, 321.77069091796875, 290.03143310546875, 176.56446838378906, 178.88539123535156, 95.6932144165039, 90.02871704101562], [126.19009399414062, 620.9631958007812, 566.864501953125, 366.50433349609375, 556.54443359375, 570.6021118164062, 856.161865234375, 432.1724548339844, 363.1356201171875, 129.12864685058594, 267.92462158203125, 145.92860412597656, 144.02252197265625], [212.0764617919922, 114.32550811767578, 253.22366333007812, 196.67935180664062, 288.242431640625, 321.77069091796875, 432.1724548339844, 369.2294921875, 269.4527587890625, 148.9593048095703, 151.23617553710938, 90.5726547241211, 78.39957427978516], [131.67233276367188, 427.3641357421875, 360.9176330566406, 295.1239929199219, 354.13427734375, 290.03143310546875, 363.1356201171875, 269.4527587890625, 401.8701477050781, 153.81951904296875, 176.33084106445312, 60.753395080566406, 115.07075500488281], [35.3455810546875, -217.75674438476562, 111.3597183227539, 165.44676208496094, 145.74993896484375, 176.56446838378906, 129.12864685058594, 148.9593048095703, 153.81951904296875, 244.6053466796875, 98.53131866455078, 49.15642166137695, 19.437091827392578], [21.994047164916992, 262.6156311035156, 187.98728942871094, 132.08084106445312, 174.98403930664062, 178.88539123535156, 267.92462158203125, 151.23617553710938, 176.33084106445312, 98.53131866455078, 212.65550231933594, 83.2740707397461, 70.8574447631836], [230.30938720703125, -6.240389823913574, 116.72010803222656, 68.5993881225586, 55.54901885986328, 95.6932144165039, 145.92860412597656, 90.5726547241211, 60.753395080566406, 49.15642166137695, 83.2740707397461, 153.7677001953125, 60.59729766845703], [88.7472915649414, 259.744140625, 220.96803283691406, 192.0999755859375, 194.6336669921875, 90.02871704101562, 144.02252197265625, 78.39957427978516, 115.07075500488281, 19.437091827392578, 70.8574447631836, 60.59729766845703, 139.36502075195312]], "lowlevel.gfcc.icov": [[0.0002559992135502398, -0.00010633091005729511, -2.3335307560046203e-05, -0.0001489153946749866, 0.00016661718836985528, -0.00025889629614539444, 0.0003393470833543688, -0.0003990356926806271, 7.406177610391751e-05, 9.356610826216638e-05, 0.00020779264741577208, -0.0005120413261465728, 0.0001285519974771887], [-0.00010633091005729511, 0.001549897831864655, -0.0011145536554977298, 0.001248892629519105, -0.0015779570676386356, 0.0017786481184884906, -0.0011109324404969811, 0.001437908853404224, -0.001592974062077701, 0.0017929503228515387, -0.0014081810368224978, 0.0010170205496251583, -4.235924279782921e-05], [-2.3335307560046203e-05, -0.0011145536554977298, 0.0024071568623185158, -0.002235615625977516, 0.0010643446585163474, -0.0018079244764521718, 0.0005717154126614332, -0.000553988735191524, 0.000838741019833833, -0.0005522147985175252, 0.0008608893258497119, -0.0009907996281981468, 0.00013694488734472543], [-0.0001489153946749866, 0.001248892629519105, -0.002235615625977516, 0.0038731375243514776, -0.002076420234516263, 0.0009508414077572525, -0.0003063184267375618, 0.0013659583637490869, -0.0011570141650736332, 0.0003454408433753997, -0.000858355313539505, 0.0012474064715206623, -0.0013919328339397907], [0.00016661718836985528, -0.0015779570676386356, 0.0010643446585163474, -0.002076420234516263, 0.004236164037138224, -0.001968557247892022, -4.8185334890149534e-05, -0.0011870402377098799, 0.0011954315705224872, -0.002279445994645357, 0.0019173603504896164, 9.397047688253224e-05, -0.0016023023054003716], [-0.00025889629614539444, 0.0017786481184884906, -0.0018079244764521718, 0.0009508414077572525, -0.001968557247892022, 0.006575988605618477, -0.003684349823743105, 0.001398016232997179, -0.0017752520507201552, 0.0005330825224518776, -0.0011695303255692124, 0.0013394862180575728, 0.001331637497060001], [0.0003393470833543688, -0.0011109324404969811, 0.0005717154126614332, -0.0003063184267375618, -4.8185334890149534e-05, -0.003684349823743105, 0.006981341168284416, -0.005248994566500187, 0.001166920061223209, 0.0015145689249038696, -0.0018149690004065633, -0.002126340288668871, 0.00022829766385257244], [-0.0003990356926806271, 0.001437908853404224, -0.000553988735191524, 0.0013659583637490869, -0.0011870402377098799, 0.001398016232997179, -0.005248994566500187, 0.011739663779735565, -0.004698419012129307, -0.0012506414204835892, 0.0004122414975427091, 0.0001565105194458738, -7.915739115560427e-05], [7.406177610391751e-05, -0.001592974062077701, 0.000838741019833833, -0.0011570141650736332, 0.0011954315705224872, -0.0017752520507201552, 0.001166920061223209, -0.004698419012129307, 0.00901633221656084, -0.0034734492655843496, -0.0011089906329289079, 0.0013154010521247983, -0.002867060014978051], [9.356610826216638e-05, 0.0017929503228515387, -0.0005522147985175252, 0.0003454408433753997, -0.002279445994645357, 0.0005330825224518776, 0.0015145689249038696, -0.0012506414204835892, -0.0034734492655843496, 0.010405253618955612, -0.004091028589755297, -0.0008738124743103981, 0.002852276200428605], [0.00020779264741577208, -0.0014081810368224978, 0.0008608893258497119, -0.000858355313539505, 0.0019173603504896164, -0.0011695303255692124, -0.0018149690004065633, 0.0004122414975427091, -0.0011089906329289079, -0.004091028589755297, 0.012162694707512856, -0.0035170563496649265, -0.0011365205282345414], [-0.0005120413261465728, 0.0010170205496251583, -0.0009907996281981468, 0.0012474064715206623, 9.397047688253224e-05, 0.0013394862180575728, -0.002126340288668871, 0.0001565105194458738, 0.0013154010521247983, -0.0008738124743103981, -0.0035170563496649265, 0.012240857817232609, -0.005103570409119129], [0.0001285519974771887, -4.235924279782921e-05, 0.00013694488734472543, -0.0013919328339397907, -0.0016023023054003716, 0.001331637497060001, 0.00022829766385257244, -7.915739115560427e-05, -0.002867060014978051, 0.002852276200428605, -0.0011365205282345414, -0.005103570409119129, 0.014826491475105286]], "lowlevel.mfcc.cov": [[4802.09912109375, -499.72943115234375, 632.2439575195312, 178.48121643066406, 171.46409606933594, 125.2757339477539, 4.704184532165527, 193.30702209472656, 40.39269256591797, 67.83491516113281, -52.199371337890625, 82.87228393554688, 16.23384666442871], [-499.72943115234375, 2892.19921875, 294.71966552734375, 462.5962829589844, 364.6991882324219, 203.79364013671875, 263.9236145019531, 443.4389343261719, 236.8558807373047, 78.46273040771484, 195.1046142578125, 6.3114519119262695, 162.3927764892578], [632.2439575195312, 294.71966552734375, 1598.7994384765625, 750.6981201171875, 561.0827026367188, 571.1305541992188, 358.63812255859375, 365.3739318847656, 274.1993713378906, 229.75926208496094, 97.9371566772461, 193.9405517578125, 73.92378234863281], [178.48121643066406, 462.5962829589844, 750.6981201171875, 944.035888671875, 603.1990966796875, 448.1284484863281, 279.5247802734375, 235.9746551513672, 265.7412414550781, 202.22332763671875, 77.0398178100586, 105.82443237304688, 91.47267150878906], [171.46409606933594, 364.6991882324219, 561.0827026367188, 603.1990966796875, 685.8889770507812, 439.9238586425781, 228.43960571289062, 172.6740264892578, 243.11349487304688, 239.5595245361328, 69.42179107666016, 113.80948638916016, 78.00899505615234], [125.2757339477539, 203.79364013671875, 571.1305541992188, 448.1284484863281, 439.9238586425781, 572.5015869140625, 396.15576171875, 308.8533630371094, 283.343505859375, 258.72186279296875, 155.5394287109375, 202.6125946044922, 99.36042022705078], [4.704184532165527, 263.9236145019531, 358.63812255859375, 279.5247802734375, 228.43960571289062, 396.15576171875, 526.9374389648438, 387.1537780761719, 279.6887512207031, 234.8121337890625, 193.46006774902344, 217.748779296875, 112.75447845458984], [193.30702209472656, 443.4389343261719, 365.3739318847656, 235.9746551513672, 172.6740264892578, 308.8533630371094, 387.1537780761719, 516.6026000976562, 307.1910400390625, 223.42247009277344, 202.12416076660156, 188.85716247558594, 147.67160034179688], [40.39269256591797, 236.8558807373047, 274.1993713378906, 265.7412414550781, 243.11349487304688, 283.343505859375, 279.6887512207031, 307.1910400390625, 349.4948425292969, 255.8673095703125, 164.1287841796875, 164.37063598632812, 115.39163208007812], [67.83491516113281, 78.46273040771484, 229.75926208496094, 202.22332763671875, 239.5595245361328, 258.72186279296875, 234.8121337890625, 223.42247009277344, 255.8673095703125, 339.7330322265625, 185.08067321777344, 181.7627410888672, 111.44994354248047], [-52.199371337890625, 195.1046142578125, 97.9371566772461, 77.0398178100586, 69.42179107666016, 155.5394287109375, 193.46006774902344, 202.12416076660156, 164.1287841796875, 185.08067321777344, 247.84725952148438, 144.35438537597656, 113.5870361328125], [82.87228393554688, 6.3114519119262695, 193.9405517578125, 105.82443237304688, 113.80948638916016, 202.6125946044922, 217.748779296875, 188.85716247558594, 164.37063598632812, 181.7627410888672, 144.35438537597656, 259.37652587890625, 125.11368560791016], [16.23384666442871, 162.3927764892578, 73.92378234863281, 91.47267150878906, 78.00899505615234, 99.36042022705078, 112.75447845458984, 147.67160034179688, 115.39163208007812, 111.44994354248047, 113.5870361328125, 125.11368560791016, 192.13206481933594]], "lowlevel.mfcc.icov": [[0.0002429084270261228, 7.131916208891198e-05, -8.91058225533925e-05, 1.4636830201197881e-05, -9.811778727453202e-05, 6.919089355506003e-05, 0.00016569657600484788, -0.00032211694633588195, 0.00015193024592008442, -3.951825783587992e-05, 0.00010498837946215644, -6.859092536615208e-05, 1.517714190413244e-05], [7.131916208891198e-05, 0.0005264508072286844, 2.388854954915587e-05, -9.656843030825257e-05, -0.000462664378574118, 0.00032791189732961357, 1.1388496204745024e-05, -0.0006441900040954351, 6.984057108638808e-05, 0.00045578580466099083, -0.00045683569624088705, 0.0003728636947926134, -0.00018655513122212142], [-8.91058225533925e-05, 2.388854954915587e-05, 0.0013011727714911103, -0.0007041296921670437, -4.69167425762862e-05, -0.0007850402616895735, 0.0003683821705635637, -0.0006887597846798599, 0.000427145540015772, 5.8892495871987194e-05, 0.0001784523919923231, -0.0004695191455539316, 0.00046969985123723745], [1.4636830201197881e-05, -9.656843030825257e-05, -0.0007041296921670437, 0.0030546761117875576, -0.0019304875750094652, -3.958214438171126e-05, -0.00047175519284792244, 0.0003540389006957412, -0.0008580104913562536, 0.0006270031444728374, 4.007768438896164e-05, 0.0006652126321569085, -0.0005992517690174282], [-9.811778727453202e-05, -0.000462664378574118, -4.69167425762862e-05, -0.0019304875750094652, 0.005664095748215914, -0.0030837119556963444, 0.0008057120721787214, 0.0013828924857079983, -0.0005766898975707591, -0.002342379419133067, 0.0016499906778335571, 0.00040590233402326703, -0.0004389170790091157], [6.919089355506003e-05, 0.00032791189732961357, -0.0007850402616895735, -3.958214438171126e-05, -0.0030837119556963444, 0.007715857122093439, -0.0031693188939243555, -0.00028634205227717757, -0.00045217774459160864, 0.00022040204203221947, -0.0007761150482110679, -0.0009613536531105638, 0.0006083048647269607], [0.00016569657600484788, 1.1388496204745024e-05, 0.0003683821705635637, -0.00047175519284792244, 0.0008057120721787214, -0.0031693188939243555, 0.0069450377486646175, -0.003151233773678541, -3.7920814065728337e-05, 1.161981163022574e-05, -0.0005518393008969724, -0.0018307571299374104, 0.0012518065050244331], [-0.00032211694633588195, -0.0006441900040954351, -0.0006887597846798599, 0.0003540389006957412, 0.0013828924857079983, -0.00028634205227717757, -0.003151233773678541, 0.0077049159444868565, -0.003907197155058384, 0.00040753232315182686, -0.0006952650146558881, 0.0005019408999942243, -0.0016234921058639884], [0.00015193024592008442, 6.984057108638808e-05, 0.000427145540015772, -0.0008580104913562536, -0.0005766898975707591, -0.00045217774459160864, -3.7920814065728337e-05, -0.003907197155058384, 0.010660645551979542, -0.004450094886124134, 0.00018150711548514664, -0.00021583354100584984, -0.00012244688696227968], [-3.951825783587992e-05, 0.00045578580466099083, 5.8892495871987194e-05, 0.0006270031444728374, -0.002342379419133067, 0.00022040204203221947, 1.161981163022574e-05, 0.00040753232315182686, -0.004450094886124134, 0.010122066363692284, -0.004021407105028629, -0.0018927976489067078, 0.0002251001278636977], [0.00010498837946215644, -0.00045683569624088705, 0.0001784523919923231, 4.007768438896164e-05, 0.0016499906778335571, -0.0007761150482110679, -0.0005518393008969724, -0.0006952650146558881, 0.00018150711548514664, -0.004021407105028629, 0.009787722490727901, -0.0011229421943426132, -0.0019523181254044175], [-6.859092536615208e-05, 0.0003728636947926134, -0.0004695191455539316, 0.0006652126321569085, 0.00040590233402326703, -0.0009613536531105638, -0.0018307571299374104, 0.0005019408999942243, -0.0002158335410058498