{"song_id": "1183655265246117908", "download": "https://cdn.discordapp.com/attachments/1135903449314238464/1183655265246117908/chirp.mp4?ex=65891fde&amp", "lyrics": "(Bridge)\n\"Yes, I like walking,\" \u662f\u7684\uff0c\u6211\u559c\u6b22\u8d70\u8def\uff0c\nSimple and clear, it's my liking.\n\u7b80\u5355\u660e\u4e86\uff0c\u8868\u8fbe\u6211\u559c\u597d\u3002\n\"Yes, I really enjoy walking,\" \u6211\u771f\u7684\u5f88\u559c\u6b22\u8d70\u8def\uff0c\nWith every step, my English is striking.\n\u6bcf\u8d70\u4e00\u6b65\uff0c\u6211\u7684\u82f1\u8bed\u66f4\u51fa\u8272\u3002", "style": ["Rock"], "essentia_features": {"lowlevel.average_loudness": 0.9867322444915771, "lowlevel.barkbands_crest.mean": 12.364686965942383, "lowlevel.barkbands_crest.stdev": 3.1280722618103027, "lowlevel.barkbands_flatness_db.mean": 0.11591397970914841, "lowlevel.barkbands_flatness_db.stdev": 0.03496496006846428, "lowlevel.barkbands_kurtosis.mean": 5.520883560180664, "lowlevel.barkbands_kurtosis.stdev": 6.517405986785889, "lowlevel.barkbands_skewness.mean": 2.340472459793091, "lowlevel.barkbands_skewness.stdev": 1.0296976566314697, "lowlevel.barkbands_spread.mean": 29.369598388671875, "lowlevel.barkbands_spread.stdev": 11.834264755249023, "lowlevel.dissonance.mean": 0.49071285128593445, "lowlevel.dissonance.stdev": 0.006323303561657667, "lowlevel.dynamic_complexity": 1.157094120979309, "lowlevel.erbbands_crest.mean": 5.779730796813965, "lowlevel.erbbands_crest.stdev": 1.9709322452545166, "lowlevel.erbbands_flatness_db.mean": 0.09801112115383148, "lowlevel.erbbands_flatness_db.stdev": 0.01326451450586319, "lowlevel.erbbands_kurtosis.mean": -0.045864805579185486, "lowlevel.erbbands_kurtosis.stdev": 0.9836552739143372, "lowlevel.erbbands_skewness.mean": -0.6964493989944458, "lowlevel.erbbands_skewness.stdev": 0.3932211995124817, "lowlevel.erbbands_spread.mean": 59.64921188354492, "lowlevel.erbbands_spread.stdev": 16.89546775817871, "lowlevel.hfc.mean": 33.5648193359375, "lowlevel.hfc.stdev": 14.502427101135254, "lowlevel.loudness_ebu128.integrated": -13.331925392150879, "lowlevel.loudness_ebu128.loudness_range": 0.4193849563598633, "lowlevel.loudness_ebu128.momentary.mean": -13.374333381652832, "lowlevel.loudness_ebu128.momentary.stdev": 0.6062966585159302, "lowlevel.loudness_ebu128.short_term.mean": -13.278549194335938, "lowlevel.loudness_ebu128.short_term.stdev": 0.16489791870117188, "lowlevel.melbands_crest.mean": 20.558650970458984, "lowlevel.melbands_crest.stdev": 3.649768352508545, "lowlevel.melbands_flatness_db.mean": 0.20493941009044647, "lowlevel.melbands_flatness_db.stdev": 0.04373277351260185, "lowlevel.melbands_kurtosis.mean": 32.66082763671875, "lowlevel.melbands_kurtosis.stdev": 28.154008865356445, "lowlevel.melbands_skewness.mean": 5.040767669677734, "lowlevel.melbands_skewness.stdev": 1.8612600564956665, "lowlevel.melbands_spread.mean": 18.014062881469727, "lowlevel.melbands_spread.stdev": 10.408414840698242, "lowlevel.pitch_salience.mean": 0.49417710304260254, "lowlevel.pitch_salience.stdev": 0.09556357562541962, "lowlevel.silence_rate_20dB.mean": 1.0, "lowlevel.silence_rate_20dB.stdev": 0.0, "lowlevel.silence_rate_30dB.mean": 0.8898071646690369, "lowlevel.silence_rate_30dB.stdev": 0.3131297826766968, "lowlevel.silence_rate_60dB.mean": 0.005509641952812672, "lowlevel.silence_rate_60dB.stdev": 0.0740220844745636, "lowlevel.spectral_centroid.mean": 1886.87158203125, "lowlevel.spectral_centroid.stdev": 447.6940002441406, "lowlevel.spectral_complexity.mean": 33.85950469970703, "lowlevel.spectral_complexity.stdev": 9.572090148925781, "lowlevel.spectral_decrease.mean": -1.5087044502593017e-08, "lowlevel.spectral_decrease.stdev": 7.950962555014485e-09, "lowlevel.spectral_energy.mean": 0.05998639389872551, "lowlevel.spectral_energy.stdev": 0.030439244583249092, "lowlevel.spectral_energyband_high.mean": 0.0020422826055437326, "lowlevel.spectral_energyband_high.stdev": 0.0014460061211138964, "lowlevel.spectral_energyband_low.mean": 0.044441334903240204, "lowlevel.spectral_energyband_low.stdev": 0.02983345277607441, "lowlevel.spectral_energyband_middle_high.mean": 0.005947175435721874, "lowlevel.spectral_energyband_middle_high.stdev": 0.0026485412381589413, "lowlevel.spectral_energyband_middle_low.mean": 0.009301542304456234, "lowlevel.spectral_energyband_middle_low.stdev": 0.009951289743185043, "lowlevel.spectral_entropy.mean": 8.009856224060059, "lowlevel.spectral_entropy.stdev": 0.14060911536216736, "lowlevel.spectral_flux.mean": 0.11647593975067139, "lowlevel.spectral_flux.stdev": 0.05529692769050598, "lowlevel.spectral_kurtosis.mean": 2.8826231956481934, "lowlevel.spectral_kurtosis.stdev": 0.9378692507743835, "lowlevel.spectral_rms.mean": 0.0074244774878025055, "lowlevel.spectral_rms.stdev": 0.0018440216081216931, "lowlevel.spectral_rolloff.mean": 1102.5235595703125, "lowlevel.spectral_rolloff.stdev": 1048.96337890625, "lowlevel.spectral_skewness.mean": 1.1830641031265259, "lowlevel.spectral_skewness.stdev": 0.16814491152763367, "lowlevel.spectral_spread.mean": 5255764.5, "lowlevel.spectral_spread.stdev": 1055846.875, "lowlevel.spectral_strongpeak.mean": 0.574496328830719, "lowlevel.spectral_strongpeak.stdev": 0.3384042978286743, "lowlevel.zerocrossingrate.mean": 0.06573906540870667, "lowlevel.zerocrossingrate.stdev": 0.020090848207473755, "metadata.audio_properties.analysis.equal_loudness": 0.0, "metadata.audio_properties.analysis.length": 8.405328750610352, "metadata.audio_properties.analysis.sample_rate": 44100.0, "metadata.audio_properties.analysis.start_time": 0.0, "metadata.audio_properties.bit_rate": 120045.0, "metadata.audio_properties.length": 8.405333518981934, "metadata.audio_properties.lossless": 0.0, "metadata.audio_properties.number_channels": 1.0, "metadata.audio_properties.replay_gain": -11.132558822631836, "metadata.audio_properties.sample_rate": 48000.0, "rhythm.beats_count": 19.0, "rhythm.beats_loudness.mean": 0.07025202363729477, "rhythm.beats_loudness.stdev": 0.021735945716500282, "rhythm.bpm": 137.72889709472656, "rhythm.bpm_histogram_first_peak_bpm": 136.0, "rhythm.bpm_histogram_first_peak_weight": 0.47058820724487305, "rhythm.bpm_histogram_second_peak_bpm": 148.0, "rhythm.bpm_histogram_second_peak_spread": 0.0, "rhythm.bpm_histogram_second_peak_weight": 0.0555555559694767, "rhythm.danceability": 1.6268776655197144, "rhythm.onset_rate": 2.7324893474578857, "tonal.chords_changes_rate": 0.010989011265337467, "tonal.chords_number_rate": 0.010989011265337467, "tonal.chords_strength.mean": 0.6031283140182495, "tonal.chords_strength.stdev": 0.031372446566820145, "tonal.hpcp_crest.mean": 10.44299030303955, "tonal.hpcp_crest.stdev": 4.328779220581055, "tonal.hpcp_entropy.mean": 2.7088677883148193, "tonal.hpcp_entropy.stdev": 0.6578226685523987, "tonal.key_edma.strength": 0.6204326152801514, "tonal.key_krumhansl.strength": 0.6079704165458679, "tonal.key_temperley.strength": 0.5806366205215454, "tonal.tuning_diatonic_strength": 0.6450443267822266, "tonal.tuning_equal_tempered_deviation": 0.14333263039588928, "tonal.tuning_frequency": 437.7185363769531, "tonal.tuning_nontempered_energy_ratio": 0.782500147819519, "lowlevel.barkbands.mean": [0.0007901579374447465, 0.01868259347975254, 0.023276010528206825, 0.004349409136921167, 0.002728142077103257, 0.0007500962819904089, 0.0005814989563077688, 0.0004105257976334542, 0.0004041158244945109, 0.0003851346264127642, 0.000350936345057562, 0.00038299194420687854, 0.0005974480300210416, 0.0005103593575768173, 0.0004465854726731777, 0.0004423789505381137, 0.000903189240489155, 0.0005803360836580396, 0.00084729737136513, 0.0007769428775645792, 0.0005060958210378885, 0.0004752718086820096, 0.00028368402854539454, 0.00018899991118814796, 0.0001821585465222597, 0.00014229434600565583, 1.1779642591136508e-05], "lowlevel.barkbands.stdev": [0.0006426203181035817, 0.019242553040385246, 0.015964344143867493, 0.0036962777376174927, 0.0073920199647545815, 0.0014758879551663995, 0.001234657596796751, 0.0007942945812828839, 0.000528028525877744, 0.0003742589324247092, 0.00046790982014499605, 0.0005768227274529636, 0.0005599541473202407, 0.0004421175690367818, 0.000346532731782645, 0.0003578417527023703, 0.0005761212669312954, 0.00044403114588931203, 0.0006226138793863356, 0.0005660966853611171, 0.00043884399929083884, 0.0004435837618075311, 0.00025127577828243375, 0.00018469903443474323, 0.00012868802878074348, 9.283004328608513e-05, 1.3915181625634432e-05], "lowlevel.erbbands.mean": [0.5182022452354431, 4.617605686187744, 25.552255630493164, 17.386201858520508, 11.464037895202637, 11.19525146484375, 4.7568511962890625, 7.118219375610352, 8.994595527648926, 7.392299652099609, 9.731327056884766, 9.60441780090332, 8.454630851745605, 15.851316452026367, 15.101990699768066, 16.221891403198242, 26.829971313476562, 28.453100204467773, 28.5130672454834, 17.313861846923828, 30.438432693481445, 53.01276397705078, 35.186676025390625, 29.442964553833008, 52.96245574951172, 35.24590301513672, 21.70310401916504, 19.107213973999023, 16.899211883544922, 13.677325248718262, 7.039915084838867, 4.5157294273376465, 2.9180688858032227, 2.0295841693878174, 1.2990541458129883, 0.6455888748168945, 0.26576313376426697, 0.045632973313331604, 0.001279321382753551, 0.00010397359437774867], "lowlevel.erbbands.stdev": [0.5764732360839844, 4.490126609802246, 17.503429412841797, 13.981502532958984, 11.345295906066895, 35.38890838623047, 12.803500175476074, 14.244577407836914, 22.038883209228516, 10.990541458129883, 19.505050659179688, 12.388714790344238, 9.601631164550781, 15.507044792175293, 21.354461669921875, 23.888851165771484, 24.853702545166016, 22.91215705871582, 21.808826446533203, 12.277389526367188, 21.825838088989258, 33.34552764892578, 25.230653762817383, 19.114709854125977, 41.58686447143555, 23.846529006958008, 18.56198501586914, 16.165681838989258, 15.301603317260742, 16.085214614868164, 5.973476409912109, 4.485068321228027, 2.673262357711792, 1.6191422939300537, 0.8566343188285828, 0.42666134238243103, 0.18398317694664001, 0.04234728589653969, 0.0012825981248170137, 4.738103598356247e-05], "lowlevel.gfcc.mean": [67.59220886230469, 52.85319900512695, -94.93097686767578, 61.409027099609375, -30.69066047668457, 28.698287963867188, -26.94354820251465, 16.688642501831055, -29.784160614013672, 7.388996601104736, -25.037214279174805, 2.000450611114502, -23.085742950439453], "lowlevel.melbands.mean": [0.004766251891851425, 0.010161561891436577, 0.0030695386230945587, 0.0008031973848119378, 0.00022012500267010182, 0.0001569739106344059, 0.0001329750957665965, 8.011770114535466e-05, 8.069945761235431e-05, 5.7381392252864316e-05, 4.091822847840376e-05, 6.35944670648314e-05, 4.891659045824781e-05, 4.6581004426116124e-05, 3.9805112464819103e-05, 6.628024857491255e-05, 5.072213025414385e-05, 4.598480518325232e-05, 2.8698103051283397e-05, 2.276588202221319e-05, 3.8172445783857256e-05, 5.449020682135597e-05, 4.6607608965132385e-05, 2.2532110961037688e-05, 2.2583042664336972e-05, 3.4679567761486396e-05, 4.010072734672576e-05, 1.8867352991946973e-05, 1.3081631550448947e-05, 1.2973957382200751e-05, 1.0357422979723196e-05, 9.544834028929472e-06, 8.995996722660493e-06, 7.002914117038017e-06, 4.130862180318218e-06, 3.0839698865747778e-06, 2.6950426672556205e-06, 2.050765260719345e-06, 1.8405050923320232e-06, 1.6506583051523194e-06], "lowlevel.melbands.stdev": [0.005068198777735233, 0.00710606575012207, 0.002138654002919793, 0.0018082399619743228, 0.0006337594240903854, 0.0003073754196520895, 0.0003030433435924351, 0.0001232851209351793, 0.00015359579992946237, 7.55776054575108e-05, 4.8757719923742115e-05, 6.374647637130693e-05, 6.227260018931702e-05, 8.137204713420942e-05, 4.2469229811104015e-05, 6.109495734563097e-05, 4.4471482397057116e-05, 3.745663707377389e-05, 2.085448977595661e-05, 1.963424074347131e-05, 2.869958734663669e-05, 3.6605917557608336e-05, 3.655955515569076e-05, 1.5581263141939417e-05, 1.5970550521160476e-05, 2.7677442631102167e-05, 3.191556243109517e-05, 1.3409233361016959e-05, 1.1735456610040274e-05, 1.2457774573704228e-05, 9.209644304064568e-06, 9.065883205039427e-06, 9.090500498132315e-06, 8.725676707399543e-06, 3.567423618733301e-06, 2.8122146886744304e-06, 2.969172555822297e-06, 2.041461129920208e-06, 1.6520792769370019e-06, 1.338508013759565e-06], "lowlevel.melbands128.mean": [0.0004667382745537907, 0.0039995345287024975, 0.005973335355520248, 0.0073659117333590984, 0.013955091126263142, 0.009585355408489704, 0.0032369091641157866, 0.0022664444986730814, 0.0007999757071956992, 0.0008851159363985062, 0.0006549928802996874, 0.000234463470405899, 0.00011219172301935032, 0.0001625350269023329, 0.00017233997641596943, 0.00014606676995754242, 0.00014643055328633636, 0.00014925013238098472, 9.027856140164658e-05, 7.57144225644879e-05, 7.781579915899783e-05, 8.042145054787397e-05, 8.641978638479486e-05, 7.234156510094181e-05, 6.83145408402197e-05, 4.745142359752208e-05, 4.0940427425084636e-05, 3.771075716940686e-05, 3.805561937042512e-05, 7.145581912482157e-05, 7.271009963005781e-05, 4.850165714742616e-05, 4.7970490413717926e-05, 4.911044015898369e-05, 4.584311318467371e-05, 4.816028013010509e-05, 4.429087493917905e-05, 2.6035248083644547e-05, 4.323836765252054e-05, 7.246572931762785e-05, 7.467277464456856e-05, 5.6254746596096084e-05, 5.009715459891595e-05, 4.9911101086763665e-05, 3.970314719481394e-05, 4.328747309045866e-05, 6.027175550116226e-05, 2.5751998691703193e-05, 1.7316369849140756e-05, 2.0777573809027672e-05, 2.1365445718402043e-05, 2.5997976990765892e-05, 3.8805264921393245e-05, 3.985504008596763e-05, 4.5045399019727483e-05, 5.632612737827003e-05, 6.613188452320173e-05, 5.137197513249703e-05, 4.3277625081827864e-05, 2.6362389689893462e-05, 2.07250068342546e-05, 1.9352244635229e-05, 2.2760923457099125e-05, 2.2649444872513413e-05, 2.3033368051983416e-05, 3.1817657145438716e-05, 4.683877341449261e-05, 4.059254570165649e-05, 4.2909970943583176e-05, 3.3960375731112435e-05, 1.5570607502013445e-05, 1.2687363778240979e-05, 1.4179002391756512e-05, 1.3036047675996087e-05, 1.2040069123031572e-05, 1.4149656635709107e-05, 1.3127004422130994e-05, 1.0458886208652984e-05, 1.0274228770867921e-05, 9.696342203824315e-06, 9.615075214242097e-06, 9.45200736168772e-06, 9.479174877924379e-06, 8.976215212896932e-06, 8.749324479140341e-06, 7.825980901543517e-06, 6.480325737356907e-06, 5.043047622166341e-06, 3.9329843275481835e-06, 3.4861975564126624e-06, 3.5197485885873903e-06, 2.910662033173139e-06, 2.461216354276985e-06, 2.8067452149116434e-06, 2.849535121640656e-06, 2.1864980226382613e-06, 1.7727466001815628e-06, 1.9979320313723292e-06, 1.8185160115535837e-06, 1.7827342162490822e-06, 1.8015426803685841e-06, 1.5804829445187352e-06, 1.5829343738005264e-06, 1.443527025912772e-06, 1.6932672224356793e-06, 1.3714100077777402e-06, 1.1946555105168954e-06, 1.1066109664170654e-06, 1.0380796311437734e-06, 1.1016326197932358e-06, 1.2127424042773782e-06, 8.940300517679134e-07, 8.655277952129836e-07, 7.378131385848974e-07, 5.83216035465739e-07, 3.972627666826156e-07, 3.725723161096539e-07, 1.4831623218469758e-07, 1.1133319155476329e-08, 1.1436443805856733e-11, 9.90461965916234e-12, 9.590117762414696e-12, 9.254139121672722e-12, 8.838403099675762e-12, 8.036626919505352e-12, 6.9685819614750955e-12, 6.4148625647519886e-12, 6.307812345368591e-12], "lowlevel.melbands128.stdev": [0.000543179688975215, 0.004602694883942604, 0.007399552036076784, 0.008355868980288506, 0.010110191069543362, 0.006907484028488398, 0.00314309261739254, 0.0016762861050665379, 0.0008974220254458487, 0.0025359969586133957, 0.0023465182166546583, 0.0008525958401151001, 0.0003822955768555403, 0.0003468250506557524, 0.0003966719377785921, 0.00038669901550747454, 0.0004922174266539514, 0.00037668237928301096, 0.0001507293782196939, 0.0001344115153187886, 0.00015236805484164506, 0.00018957477004732937, 0.00022277343668974936, 0.0001239488337887451, 0.00010241531708743423, 8.966239693108946e-05, 6.801670679124072e-05, 5.5901313317008317e-05, 5.003116893931292e-05, 8.762462675804272e-05, 9.292119648307562e-05, 6.986323569435626e-05, 6.63002283545211e-05, 0.00011449256999185309, 6.580170156667009e-05, 0.00012095185229554772, 6.375319208018482e-05, 3.911151361535303e-05, 5.155157487024553e-05, 8.563861774746329e-05, 8.50823926157318e-05, 6.858068081783131e-05, 5.344333840184845e-05, 6.986681546550244e-05, 4.596495273290202e-05, 4.480705320020206e-05, 6.406183092622086e-05, 2.214471714978572e-05, 1.773727490217425e-05, 2.2003583580954e-05, 2.2644479031441733e-05, 2.87853636109503e-05, 4.1244598833145574e-05, 3.5903874959331006e-05, 4.253987572155893e-05, 5.054222492617555e-05, 5.40685432497412e-05, 4.7469904529862106e-05, 4.8486726882401854e-05, 2.570196011220105e-05, 1.8314616681891493e-05, 1.6823760233819485e-05, 1.9262752175563946e-05, 2.0607360056601465e-05, 2.0550209228531457e-05, 2.8246475267224014e-05, 5.471662007039413e-05, 3.793425639742054e-05, 4.6114855649648234e-05, 2.783695890684612e-05, 1.3089675121591426e-05, 1.300512576563051e-05, 1.455865003663348e-05, 1.2847724065068178e-05, 1.3247309652797412e-05, 1.6670699551468715e-05, 1.3871612281946e-05, 1.0209954780293629e-05, 1.0975824807246681e-05, 9.02255305845756e-06, 1.0082927474286407e-05, 1.0511369509913493e-05, 9.850764399743639e-06, 9.21086120797554e-06, 1.3357931493374053e-05, 1.3267759641166776e-05, 7.422387170663569e-06, 4.867834832111839e-06, 3.967791599279735e-06, 3.29703129864356e-06, 3.4327208595641423e-06, 3.0272854019131046e-06, 2.704720600377186e-06, 3.391645577721647e-06, 3.4935185340145836e-06, 3.1809986467123963e-06, 1.8416685634292662e-06, 1.7814196553445072e-06, 1.846624400059227e-06, 2.0082432001800044e-06, 1.6568156979701598e-06, 1.4134903949525324e-06, 1.4572838153981138e-06, 1.1771206800403888e-06, 1.2797817134924117e-06, 1.2888756373286014e-06, 9.848562285696971e-07, 9.34064644297905e-07, 9.210962161887437e-07, 9.079186042981746e-07, 9.357802355225431e-07, 7.374550250460743e-07, 7.24068002000422e-07, 8.446986043963989e-07, 6.780256853744504e-07, 5.449556397252309e-07, 4.343154955677164e-07, 3.0957608032622375e-07, 4.3853393805193264e-08, 3.4025525452729966e-11, 3.1148882084774954e-11, 2.881201700832836e-11, 2.6674556660721827e-11, 2.3391651463033902e-11, 1.707076667523122e-11, 1.050198990271145e-11, 9.192294495030673e-12, 9.13870455004906e-12], "lowlevel.mfcc.mean": [-582.180419921875, 83.44497680664062, 5.220779895782471, 44.4488525390625, 20.606922149658203, 22.84729766845703, 15.855371475219727, 13.600147247314453, 6.057161808013916, 5.219662666320801, 4.783759593963623, 0.3755941689014435, 0.11569610983133316], "lowlevel.spectral_contrast_coeffs.mean": [-0.6574931740760803, -0.8062642216682434, -0.8181115984916687, -0.816414475440979, -0.7921792268753052, -0.7354385852813721], "lowlevel.spectral_contrast_coeffs.stdev": [0.05508088320493698, 0.05431917682290077, 0.03642413392663002, 0.028057560324668884, 0.028043245896697044, 0.028923215344548225], "lowlevel.spectral_contrast_valleys.mean": [-6.2113261222839355, -6.793570518493652, -7.025311470031738, -6.893879413604736, -6.520055294036865, -9.276960372924805], "lowlevel.spectral_contrast_valleys.stdev": [0.5038567185401917, 0.6288830041885376, 0.5369998812675476, 0.4377601444721222, 0.435560941696167, 0.4501604437828064], "rhythm.beats_loudness_band_ratio.mean": [0.7109431624412537, 0.12279591709375381, 0.027598747983574867, 0.042427338659763336, 0.05130390450358391, 0.07149782031774521], "rhythm.beats_loudness_band_ratio.stdev": [0.2069898098707199, 0.14521047472953796, 0.015972258523106575, 0.027733029797673225, 0.027503950521349907, 0.04523879662156105], "tonal.hpcp.mean": [0.8823444843292236, 0.5147374868392944, 0.08152632415294647, 0.03512752056121826, 0.022968651726841927, 0.012845870107412338, 0.010213583707809448, 0.011497288942337036, 0.008229336701333523, 0.011500433087348938, 0.012471933849155903, 0.014295213855803013, 0.015011509880423546, 0.00983688235282898, 0.008945900946855545, 0.009944933466613293, 0.010482094250619411, 0.010015386156737804, 0.010508591309189796, 0.018372608348727226, 0.06808194518089294, 0.15424992144107819, 0.13171455264091492, 0.05820278450846672, 0.04438457265496254, 0.029516762122511864, 0.02591581642627716, 0.01903349533677101, 0.007556891534477472, 0.010004380717873573, 0.013043961487710476, 0.01808217167854309, 0.03102106600999832, 0.06070796772837639, 0.11492878943681717, 0.5013792514801025], "tonal.hpcp.stdev": [0.26453956961631775, 0.2655349671840668, 0.17980104684829712, 0.13790759444236755, 0.09279324114322662, 0.07579842209815979, 0.048504091799259186, 0.07381037622690201, 0.031748488545417786, 0.04044873267412186, 0.04519122466444969, 0.07469186186790466, 0.06981455534696579, 0.011345296166837215, 0.012296552769839764, 0.012152520939707756, 0.010667652823030949, 0.00988965667784214, 0.0135264303535223, 0.053273096680641174, 0.0865243524312973, 0.10919550061225891, 0.15309958159923553, 0.14551018178462982, 0.1126006618142128, 0.06841360777616501, 0.1136002391576767, 0.09166090190410614, 0.007393124513328075, 0.010358535684645176, 0.020198693498969078, 0.07975069433450699, 0.11969270557165146, 0.1941203773021698, 0.23897768557071686, 0.24740535020828247], "rhythm.beats_position": [0.3831292390823364, 0.7894784212112427, 1.2190475463867188, 1.6486167907714844, 2.0897958278656006, 2.530975103378296, 2.972154140472412, 3.4017233848571777, 3.8312923908233643, 4.2724714279174805, 4.713650703430176, 5.143219947814941, 5.572789192199707, 6.013967990875244, 6.4551472663879395, 6.896326541900635, 7.3258957862854, 7.755464553833008, 8.196643829345703], "rhythm.bpm_histogram": [0.0, 0.0, 0.0, 0.0, 0.0, 0.0, 0.0, 0.0, 0.0, 0.0, 0.0, 0.0, 0.0, 0.0, 0.0, 0.0, 0.0, 0.0, 0.0, 0.0, 0.0, 0.0, 0.0, 0.0, 0.0, 0.0, 0.0, 0.0, 0.0, 0.0, 0.0, 0.0, 0.0, 0.0, 0.0, 0.0, 0.0, 0.0, 0.0, 0.0, 0.0, 0.0, 0.0, 0.0, 0.0, 0.0, 0.0, 0.0, 0.0, 0.0, 0.0, 0.0, 0.0, 0.0, 0.0, 0.0, 0.0, 0.0, 0.0, 0.0, 0.0, 0.0, 0.0, 0.0, 0.0, 0.0, 0.0, 0.0, 0.0, 0.0, 0.0, 0.0, 0.0, 0.0, 0.0, 0.0, 0.0, 0.0, 0.0, 0.0, 0.0, 0.0, 0.0, 0.0, 0.0, 0.0, 0.0, 0.0, 0.0, 0.0, 0.0, 0.0, 0.0, 0.0, 0.0, 0.0, 0.0, 0.0, 0.0, 0.0, 0.0, 0.0, 0.0, 0.0, 0.0, 0.0, 0.0, 0.0, 0.0, 0.0, 0.0, 0.0, 0.0, 0.0, 0.0, 0.0, 0.0, 0.0, 0.0, 0.0, 0.0, 0.0, 0.0, 0.0, 0.0, 0.0, 0.0, 0.0, 0.0, 0.0, 0.0, 0.0, 0.0, 0.0, 0.0, 0.0, 0.5, 0.0, 0.0, 0.0, 0.4444444477558136, 0.0, 0.0, 0.0, 0.0, 0.0, 0.0, 0.0, 0.0555555559694767, 0.0, 0.0, 0.0, 0.0, 0.0, 0.0, 0.0, 0.0, 0.0, 0.0, 0.0, 0.0, 0.0, 0.0, 0.0, 0.0, 0.0, 0.0, 0.0, 0.0, 0.0, 0.0, 0.0, 0.0, 0.0, 0.0, 0.0, 0.0, 0.0, 0.0, 0.0, 0.0, 0.0, 0.0, 0.0, 0.0, 0.0, 0.0, 0.0, 0.0, 0.0, 0.0, 0.0, 0.0, 0.0, 0.0, 0.0, 0.0, 0.0, 0.0, 0.0, 0.0, 0.0, 0.0, 0.0, 0.0, 0.0, 0.0, 0.0, 0.0, 0.0, 0.0, 0.0, 0.0, 0.0, 0.0, 0.0, 0.0, 0.0, 0.0, 0.0, 0.0, 0.0, 0.0, 0.0, 0.0, 0.0, 0.0, 0.0, 0.0, 0.0, 0.0, 0.0, 0.0, 0.0, 0.0, 0.0, 0.0, 0.0, 0.0, 0.0, 0.0, 0.0, 0.0, 0.0, 0.0, 0.0, 0.0, 0.0, 0.0, 0.0], "tonal.chords_histogram": [73.62637329101562, 0.0, 0.0, 0.0, 0.0, 0.0, 0.0, 0.0, 0.0, 26.373626708984375, 0.0, 0.0, 0.0, 0.0, 0.0, 0.0, 0.0, 0.0, 0.0, 0.0, 0.0, 0.0, 0.0, 0.0], "tonal.thpcp": [1.0, 0.5833747386932373, 0.09239738434553146, 0.039811570197343826, 0.026031387969851494, 0.014558792114257812, 0.011575506068766117, 0.013030385598540306, 0.009326671250164509, 0.013033948838710785, 0.014134993776679039, 0.01620139740407467, 0.01701320707798004, 0.011148573830723763, 0.010138784535229206, 0.011271032504737377, 0.011879820376634598, 0.011350879445672035, 0.011909850873053074, 0.020822489634156227, 0.07716027647256851, 0.1748182475566864, 0.149277925491333, 0.06596378982067108, 0.05030299723148346, 0.033452652394771576, 0.029371540993452072, 0.021571502089500427, 0.008564558811485767, 0.011338407173752785, 0.014783297665417194, 0.02049332484602928, 0.035157546401023865, 0.06880301982164383, 0.1302538812160492, 0.5682352781295776], "lowlevel.gfcc.cov": [[1667.9166259765625, 144.6219024658203, -18.947908401489258, -45.92163848876953, -109.29754638671875, -54.81085968017578, -27.34313201904297, -20.67386245727539, -20.19398307800293, 17.470897674560547, -10.995172500610352, 16.825647354125977, -11.904144287109375], [144.6219024658203, 162.48167419433594, -38.68097686767578, -44.11707305908203, -5.709394454956055, -58.48835754394531, 13.229114532470703, 15.766579627990723, 14.767766952514648, 16.15128517150879, 19.505489349365234, -3.655714511871338, -3.3601913452148438], [-18.947908401489258, -38.68097686767578, 129.84996032714844, 42.38112258911133, 25.950702667236328, 43.23485565185547, 0.8303971290588379, -10.314787864685059, 12.133851051330566, 1.8437145948410034, -9.841192245483398, 0.74830561876297, 9.001818656921387], [-45.92163848876953, -44.11707305908203, 42.38112258911133, 112.98153686523438, 50.267330169677734, 54.19988250732422, -0.026323724538087845, -2.999749183654785, -1.9405274391174316, -2.0036611557006836, 3.5800974369049072, -2.339447498321533, 14.780322074890137], [-109.29754638671875, -5.709394454956055, 25.950702667236328, 50.267330169677734, 131.06491088867188, 59.4904670715332, 41.187034606933594, 26.343481063842773, 4.719027996063232, 0.6590240597724915, 2.6534252166748047, -5.9075751304626465, -3.9966609477996826], [-54.81085968017578, -58.48835754394531, 43.23485565185547, 54.19988250732422, 59.4904670715332, 142.82110595703125, 38.79746627807617, -0.7314247488975525, -12.525702476501465, -19.662397384643555, -9.679374694824219, -1.8256851434707642, 10.398079872131348], [-27.34313201904297, 13.229114532470703, 0.8303971290588379, -0.026323724538087845, 41.187034606933594, 38.79746627807617, 90.41656494140625, 43.187191009521484, 14.608682632446289, -0.7617127895355225, -4.54724645614624, -6.939383506774902, -14.045291900634766], [-20.67386245727539, 15.766579627990723, -10.314787864685059, -2.999749183654785, 26.343481063842773, -0.7314247488975525, 43.187191009521484, 81.4041976928711, 34.17871856689453, 11.11772632598877, -2.52675724029541, -17.84086799621582, -13.74639892578125], [-20.19398307800293, 14.767766952514648, 12.133851051330566, -1.9405274391174316, 4.719027996063232, -12.525702476501465, 14.608682632446289, 34.17871856689453, 58.18055725097656, 29.147851943969727, -0.7608067393302917, -14.72949504852295, -11.111000061035156], [17.470897674560547, 16.15128517150879, 1.8437145948410034, -2.0036611557006836, 0.6590240597724915, -19.662397384643555, -0.7617127895355225, 11.11772632598877, 29.147851943969727, 46.01097869873047, 17.05284881591797, -7.10066556930542, -14.836169242858887], [-10.995172500610352, 19.505489349365234, -9.841192245483398, 3.5800974369049072, 2.6534252166748047, -9.679374694824219, -4.54724645614624, -2.52675724029541, -0.7608067393302917, 17.05284881591797, 41.87969207763672, 11.048890113830566, -6.574204444885254], [16.825647354125977, -3.655714511871338, 0.74830561876297, -2.339447498321533, -5.9075751304626465, -1.8256851434707642, -6.939383506774902, -17.84086799621582, -14.72949504852295, -7.10066556930542, 11.048890113830566, 37.30048370361328, 16.101268768310547], [-11.904144287109375, -3.3601913452148438, 9.001818656921387, 14.780322074890137, -3.9966609477996826, 10.398079872131348, -14.045291900634766, -13.74639892578125, -11.111000061035156, -14.836169242858887, -6.574204444885254, 16.101268768310547, 40.43424606323242]], "lowlevel.gfcc.icov": [[0.0007921014330349863, -0.001216864213347435, -0.00017345411470159888, -0.0005232800613157451, 0.0009459223947487772, -0.000510756392031908, 0.00042826938442885876, -0.0004604803689289838, 0.001030647661536932, -0.0010537226917222142, 0.0016227341257035732, -0.0013466061791405082, 0.0012756823562085629], [-0.001216864213347435, 0.011613224633038044, 0.0012535197893157601, 0.004162474535405636, -0.0033231289125978947, 0.0049583869986236095, -0.004338859114795923, 0.0021402514539659023, -0.003065199591219425, 0.001743087312206626, -0.008627817034721375, 0.006967700086534023, -0.007956997491419315], [-0.00017345411470159888, 0.0012535197893157601, 0.010522503405809402, -0.002183466451242566, -0.001141618937253952, -0.0017974063521251082, 0.00022316226386465132, 0.0030093740206211805, -0.004967013373970985, -0.00048238461022265255, 0.0022531808353960514, -0.0013647823361679912, -0.0006734480266459286], [-0.0005232800613157451, 0.004162474535405636, -0.002183466451242566, 0.015780525282025337, -0.005366213154047728, -0.0017052324255928397, 0.0010889124823734164, 0.0007165978895500302, -0.0010401229374110699, 0.00025848307996056974, -0.007077279966324568, 0.0067287348210811615, -0.00858159177005291], [0.0009459223947487772, -0.0033231289125978947, -0.001141618937253952, -0.005366213154047728, 0.013580202125012875, -0.004018292762339115, -0.0018735850462689996, -0.003797451965510845, 0.003254742594435811, -0.0023902070242911577, 0.0022242229897528887, -0.002914736745879054, 0.0041915480978786945], [-0.000510756392031908, 0.0049583869986236095, -0.0017974063521251082, -0.0017052324255928397, -0.004018292762339115, 0.01459258608520031, -0.007636863738298416, 0.0034656303469091654, 0.0006110304384492338, 0.0037378547713160515, -0.0034856675192713737, 0.005311735440045595, -0.005481699947267771], [0.00042826938442885876, -0.004338859114795923, 0.00022316226386465132, 0.0010889124823734164, -0.0018735850462689996, -0.007636863738298416, 0.02194243110716343, -0.009879891760647297, -0.0006276823696680367, 0.0013020854676142335, 0.005156422965228558, -0.007490736432373524, 0.009486130438745022], [-0.0004604803689289838, 0.0021402514539659023, 0.0030093740206211805, 0.0007165978895500302, -0.003797451965510845, 0.0034656303469091654, -0.009879891760647297, 0.024743549525737762, -0.013331511057913303, 0.00489739840850234, -0.0037993621081113815, 0.007986456155776978, -0.002840495901182294], [0.001030647661536932, -0.003065199591219425, -0.004967013373970985, -0.0010401229374110699, 0.003254742594435811, 0.0006110304384492338, -0.0006276823696680367, -0.013331511057913303, 0.03998658061027527, -0.024561259895563126, 0.010011191479861736, 0.0014875582419335842, -3.974181890953332e-05], [-0.0010537226917222142, 0.001743087312206626, -0.00048238461022265255, 0.00025848307996056974, -0.0023902070242911577, 0.0037378547713160515, 0.0013020854676142335, 0.00489739840850234, -0.024561259895563126, 0.04797624796628952, -0.020401686429977417, 0.005981868132948875, 0.005922424606978893], [0.0016227341257035732, -0.008627817034721375, 0.0022531808353960514, -0.007077279966324568, 0.0022242229897528887, -0.0034856675192713737, 0.005156422965228558, -0.0037993621081113815, 0.010011191479861736, -0.020401686429977417, 0.04573873057961464, -0.022801918908953667, 0.015243628062307835], [-0.0013466061791405082, 0.006967700086534023, -0.0013647823361679912, 0.0067287348210811615, -0.002914736745879054, 0.005311735440045595, -0.007490736432373524, 0.007986456155776978, 0.0014875582419335842, 0.005981868132948875, -0.022801918908953667, 0.0498092882335186, -0.024452324956655502], [0.0012756823562085629, -0.007956997491419315, -0.0006734480266459286, -0.00858159177005291, 0.0041915480978786945, -0.005481699947267771, 0.009486130438745022, -0.002840495901182294, -3.974181890953332e-05, 0.005922424606978893, 0.015243628062307835, -0.024452324956655502, 0.04626382142305374]], "lowlevel.mfcc.cov": [[1737.762939453125, 115.95802307128906, 5.9179511070251465, -22.287616729736328, -107.9566879272461, -47.91707992553711, -43.97336196899414, -48.2347297668457, -26.701385498046875, -54.926055908203125, -11.135358810424805, 24.127891540527344, -16.107343673706055], [115.95802307128906, 194.59922790527344, -60.17000961303711, 0.17927256226539612, -46.551265716552734, -62.71556854248047, -15.476744651794434, -15.205761909484863, 0.2263319045305252, 4.909197807312012, 24.713117599487305, 20.932762145996094, 14.016345024108887], [5.9179511070251465, -60.17000961303711, 130.06918334960938, -4.040205001831055, 18.151525497436523, 37.99224853515625, -13.333772659301758, -5.856565475463867, 6.2717485427856445, -3.6983983516693115, -11.90438461303711, -15.573241233825684, -4.185648441314697], [-22.287616729736328, 0.17927256226539612, -4.040205001831055, 81.37972259521484, 27.959095001220703, -5.012220859527588, -0.37745288014411926, -3.9804818630218506, 2.8088457584381104, 15.712380409240723, 7.480035305023193, -4.028595447540283, 11.661881446838379], [-107.9566879272461, -46.551265716552734, 18.151525497436523, 27.959095001220703, 104.75975799560547, 50.77277755737305, 27.127660751342773, 12.217268943786621, 8.047069549560547, 11.151888847351074, -2.410586357116699, -8.560223579406738, -8.007424354553223], [-47.91707992553711, -62.71556854248047, 37.99224853515625, -5.012220859527588, 50.77277755737305, 113.97917175292969, 46.44003677368164, 22.39969825744629, 9.450786590576172, -13.18122673034668, -8.34969711303711, -0.4795711934566498, -14.63632583618164], [-43.97336196899414, -15.476744651794434, -13.333772659301758, -0.37745288014411926, 27.127660751342773, 46.44003677368164, 86.3419189453125, 46.83017349243164, 12.517995834350586, 0.04573185369372368, 9.663415908813477, 5.794862747192383, -3.961860418319702], [-48.2347297668457, -15.205761909484863, -5.856565475463867, -3.9804818630218506, 12.217268943786621, 22.39969825744629, 46.83017349243164, 64.74279022216797, 32.80946350097656, 7.280482292175293, 3.853059768676758, 3.2595889568328857, -2.228908061981201], [-26.701385498046875, 0.2263319045305252, 6.2717485427856445, 2.8088457584381104, 8.047069549560547, 9.450786590576172, 12.517995834350586, 32.80946350097656, 66.8311996459961, 32.914554595947266, 7.681890964508057, 1.9622669219970703, -1.650681495666504], [-54.926055908203125, 4.909197807312012, -3.6983983516693115, 15.712380409240723, 11.151888847351074, -13.18122673034668, 0.04573185369372368, 7.280482292175293, 32.914554595947266, 65.08137512207031, 31.940481185913086, 7.177708148956299, 3.803422689437866], [-11.135358810424805, 24.713117599487305, -11.90438461303711, 7.480035305023193, -2.410586357116699, -8.34969711303711, 9.663415908813477, 3.853059768676758, 7.681890964508057, 31.940481185913086, 58.60081100463867, 28.98805809020996, 4.958761692047119], [24.127891540527344, 20.932762145996094, -15.573241233825684, -4.028595447540283, -8.560223579406738, -0.4795711934566498, 5.794862747192383, 3.2595889568328857, 1.9622669219970703, 7.177708148956299, 28.98805809020996, 51.76886749267578, 14.13151741027832], [-16.107343673706055, 14.016345024108887, -4.185648441314697, 11.661881446838379, -8.007424354553223, -14.63632583618164, -3.961860418319702, -2.228908061981201, -1.650681495666504, 3.803422689437866, 4.958761692047119, 14.13151741027832, 39.44805145263672]], "lowlevel.mfcc.icov": [[0.0006721849786117673, -0.0003355003718752414, -0.00030006718588992953, -0.00025267238379456103, 0.0005833913455717266, 9.254741598851979e-05, -0.00016546154802199453, 0.00044334004633128643, -0.0002035495126619935, 0.0005012289038859308, 0.0002699987671803683, -0.0006106879445724189, 0.0007257041870616376], [-0.0003355003718752414, 0.007915744557976723, 0.0025632332544773817, 5.551267895498313e-05, 0.0009929335210472345, 0.0029324397910386324, -0.0009828133042901754, 0.002764457603916526, -0.003039879724383354, 0.0025956626050174236, -0.0032466950360685587, -0.00023168703773990273, -0.0012332694604992867], [-0.00030006718588992953, 0.0025632332544773817, 0.010947090573608875, 0.0010345418704673648, -0.0003525802167132497, -0.004202438052743673, 0.0041443645022809505, 0.0007706545293331146, -0.002112471265718341, 0.0009863110026344657, -0.002325741108506918, 0.003825502237305045, -0.0026101316325366497], [-0.00025267238379456103, 5.551267895498313e-05, 0.0010345418704673648, 0.01597512513399124, -0.005501185078173876, 0.0012368325842544436, 0.00015325320418924093, 0.001473545329645276, -0.00030630588298663497, -0.0016254925867542624, -0.0026244018226861954, 0.004061267711222172, -0.006275977939367294], [0.0005833913455717266, 0.0009929335210472345, -0.0003525802167132497, -0.005501185078173876, 0.016043726354837418, -0.005822142120450735, -0.002179093658924103, 0.0005628007929772139, 0.0014227003557607532, -0.00429955217987299, 0.002350469585508108, 0.0001402159541612491, 0.0025121101643890142], [9.254741598851979e-05, 0.0029324397910386324, -0.004202438052743673, 0.0012368325842544436, -0.005822142120450735, 0.019291596487164497, -0.00960979238152504, 0.0037503319326788187, -0.0044556581415236, 0.00586326327174902, 0.0009596929885447025, -0.0046713631600141525, 0.004208022728562355], [-0.00016546154802199453, -0.0009828133042901754, 0.0041443645022809505, 0.00015325320418924093, -0.002179093658924103, -0.00960979238152504, 0.02770601585507393, -0.01903707906603813, 0.00563449040055275, 0.00046305113937705755, -0.005815360229462385, 0.002828042022883892, -0.0017157639376819134], [0.00044334004633128643, 0.002764457603916526, 0.0007706545293331146, 0.001473545329645276, 0.0005628007929772139, 0.0037503319326788187, -0.01903707906603813, 0.03759881854057312, -0.01824512518942356, 0.0057196537964046, -6.237527850316837e-05, -0.001052975538186729, -0.00036673955037258565], [-0.0002035495126619935, -0.003039879724383354, -0.002112471265718341, -0.00030630588298663497, 0.0014227003557607532, -0.0044556581415236, 0.00563449040055275, -0.01824512518942356, 0.03197271749377251, -0.018786583095788956, 0.007362476550042629, -0.0018801919650286436, 0.0019312676740810275], [0.0005012289038859308, 0.0025956626050174236, 0.0009863110026344657, -0.0016254925867542624, -0.00429955217987299, 0.00586326327174902, 0.00046305113937705755, 0.0057196537964046, -0.018786583095788956, 0.03625272586941719, -0.02016095258295536, 0.005375504959374666, -0.002132879802957177], [0.0002699987671803683, -0.0032466950360685587, -0.002325741108506918, -0.0026244018226861954, 0.002350469585508108, 0.0009596929885447025, -0.005815360229462385, -6.237527850316837e-05, 0.007362476550042629, -0.02016095258295536, 0.038709111511707306, -0.019581176340579987, 0.006439142394810915], [-0.0006106879445724189, -0.00023168703773990273, 0.003825502237305045, 0.004061267711222172, 0.0001402159541612491, -0.0046713631600141525, 0.002828042022883892, -0.001052975538186729, -0.0018801919650286436, 0.005375504959374666, -0.019581176340579987, 0.034736309200525284, -0.013021118938922882], [0.0007257041870616376, -0.0012332694604992867, -0.0026101316325366497, -0.006275977939367294, 0.0025121101643890142, 0.004208022728562355, -0.0017157639376819134, -0.00036673955037258565, 0.0019312676740810275, -0.002132879802957177, 0.006439142394810915, -0.013021118938922882, 0.033682484179735184]], "metadata.audio_properties.analysis.downmix": "mix", "metadata.audio_properties.codec": "mp3", "metadata.audio_properties.md5_encoded": "2ec4e1d4c21561faf6e3be81b313a33d", "metadata.tags.file_name": "1183655265246117908.mp3", "metadata.version.essentia": "2.1-beta6-dev", "metadata.version.essentia_git_sha": "v2.1_beta5-1110-g77a6a954", "metadata.version.extractor": "music 2.0", "tonal.chords_key": "D", "tonal.chords_scale": "minor", "tonal.key_edma.key": "D", "tonal.key_edma.scale": "minor", "tonal.key_krumhansl.key": "D", "tonal.key_krumhansl.scale": "minor", "tonal.key_temperley.key": "D", "tonal.key_temperley.scale": "minor", "metadata.tags.encoding": ["Lavf58.45.100"]}, "essentia_models": [{"model_name": "genre_dortmund", "activations": {"alternative": "0.017124528", "blues": "0.00065843004", "electronic": "0.007938589", "folkcountry": "0.0010631256", "funksoulrnb": "0.002660822", "jazz": "0.0015235795", "pop": "0.002815784", "raphiphop": "0.0011656082", "rock": "0.943187"}}, {"model_name": "genre_rosamerica", "activations": {"classic": "0.003112236", "dance": "0.004243835", "hip hop": "0.005862304", "jazz": "0.0034862421", "pop": "0.017251825", "rhythm and blues": "0.0015157037", "rock": "0.96753776", "speech": "0.0006192495"}}, {"model_name": "genre_tzanetakis", "activations": {"blues": "2.3606657e-05", "classic": "2.794479e-05", "country": "0.0022605015", "disco": "0.0035664837", "hip hop": "0.011682523", "jazz": "0.00062562834", "metal": "0.9337