{"song_id": "1183689767913791508", "download": "https://cdn.discordapp.com/attachments/1135903449314238464/1183689767913791508/chirp.mp4?ex=65894000&amp", "lyrics": "\u05d5\u05d0\u05d9\u05da \u05d2\u05d5\u05e4\u05da\n \u05d1\u05d5\u05e2\u05e8, \u05d6\u05d5\u05d4\u05e8\n\u05de\u05ea\u05d5\u05da \u05ea\u05e0\u05d5\u05e2\u05d5\u05ea\u05d9\u05da\n\u05de\u05e6\u05d9\u05ea \u05d0\u05ea \u05db\u05dc \u05de\u05d9 \u05e9\u05de\u05d1\u05d9\u05d8\n\u05d0\u05dc\u05d9\u05da", "style": ["random"], "essentia_features": {"lowlevel.average_loudness": 0.9695931077003479, "lowlevel.barkbands_crest.mean": 12.743718147277832, "lowlevel.barkbands_crest.stdev": 4.114272594451904, "lowlevel.barkbands_flatness_db.mean": 0.15793746709823608, "lowlevel.barkbands_flatness_db.stdev": 0.056629668921232224, "lowlevel.barkbands_kurtosis.mean": 16.801647186279297, "lowlevel.barkbands_kurtosis.stdev": 21.7211856842041, "lowlevel.barkbands_skewness.mean": 2.9807260036468506, "lowlevel.barkbands_skewness.stdev": 2.150862693786621, "lowlevel.barkbands_spread.mean": 26.640947341918945, "lowlevel.barkbands_spread.stdev": 25.59567642211914, "lowlevel.dissonance.mean": 0.4619387686252594, "lowlevel.dissonance.stdev": 0.03394799679517746, "lowlevel.dynamic_complexity": 4.27644681930542, "lowlevel.erbbands_crest.mean": 10.676528930664062, "lowlevel.erbbands_crest.stdev": 5.306884288787842, "lowlevel.erbbands_flatness_db.mean": 0.12028058618307114, "lowlevel.erbbands_flatness_db.stdev": 0.05431244149804115, "lowlevel.erbbands_kurtosis.mean": 1.9106613397598267, "lowlevel.erbbands_kurtosis.stdev": 6.258273124694824, "lowlevel.erbbands_skewness.mean": 0.7386059761047363, "lowlevel.erbbands_skewness.stdev": 1.2158063650131226, "lowlevel.erbbands_spread.mean": 64.41345977783203, "lowlevel.erbbands_spread.stdev": 38.05070877075195, "lowlevel.hfc.mean": 21.139097213745117, "lowlevel.hfc.stdev": 22.371803283691406, "lowlevel.loudness_ebu128.integrated": -16.77382469177246, "lowlevel.loudness_ebu128.loudness_range": 2.510918617248535, "lowlevel.loudness_ebu128.momentary.mean": -17.199779510498047, "lowlevel.loudness_ebu128.momentary.stdev": 1.9269253015518188, "lowlevel.loudness_ebu128.short_term.mean": -16.66994285583496, "lowlevel.loudness_ebu128.short_term.stdev": 0.8944055438041687, "lowlevel.melbands_crest.mean": 16.624515533447266, "lowlevel.melbands_crest.stdev": 4.065253257751465, "lowlevel.melbands_flatness_db.mean": 0.25285762548446655, "lowlevel.melbands_flatness_db.stdev": 0.08180494606494904, "lowlevel.melbands_kurtosis.mean": 63.64614486694336, "lowlevel.melbands_kurtosis.stdev": 69.13825225830078, "lowlevel.melbands_skewness.mean": 5.6006622314453125, "lowlevel.melbands_skewness.stdev": 3.359417676925659, "lowlevel.melbands_spread.mean": 16.72617530822754, "lowlevel.melbands_spread.stdev": 28.662057876586914, "lowlevel.pitch_salience.mean": 0.48105162382125854, "lowlevel.pitch_salience.stdev": 0.12476903945207596, "lowlevel.silence_rate_20dB.mean": 1.0, "lowlevel.silence_rate_20dB.stdev": 0.0, "lowlevel.silence_rate_30dB.mean": 0.893203854560852, "lowlevel.silence_rate_30dB.stdev": 0.308854341506958, "lowlevel.silence_rate_60dB.mean": 0.13176144659519196, "lowlevel.silence_rate_60dB.stdev": 0.3382331430912018, "lowlevel.spectral_centroid.mean": 970.7627563476562, "lowlevel.spectral_centroid.stdev": 858.2061157226562, "lowlevel.spectral_complexity.mean": 10.378641128540039, "lowlevel.spectral_complexity.stdev": 9.738162994384766, "lowlevel.spectral_decrease.mean": -8.8685494503693e-09, "lowlevel.spectral_decrease.stdev": 1.4136265491515587e-08, "lowlevel.spectral_energy.mean": 0.03538930416107178, "lowlevel.spectral_energy.stdev": 0.05477700009942055, "lowlevel.spectral_energyband_high.mean": 0.0011182519374415278, "lowlevel.spectral_energyband_high.stdev": 0.0015138951130211353, "lowlevel.spectral_energyband_low.mean": 0.019134683534502983, "lowlevel.spectral_energyband_low.stdev": 0.05031021311879158, "lowlevel.spectral_energyband_middle_high.mean": 0.00239918427541852, "lowlevel.spectral_energyband_middle_high.stdev": 0.004026785027235746, "lowlevel.spectral_energyband_middle_low.mean": 0.014252087101340294, "lowlevel.spectral_energyband_middle_low.stdev": 0.015152143314480782, "lowlevel.spectral_entropy.mean": 7.5615057945251465, "lowlevel.spectral_entropy.stdev": 0.6317445635795593, "lowlevel.spectral_flux.mean": 0.09906895458698273, "lowlevel.spectral_flux.stdev": 0.11345475167036057, "lowlevel.spectral_kurtosis.mean": 4.345282554626465, "lowlevel.spectral_kurtosis.stdev": 3.965859889984131, "lowlevel.spectral_rms.mean": 0.004833512473851442, "lowlevel.spectral_rms.stdev": 0.003341160947456956, "lowlevel.spectral_rolloff.mean": 2231.24609375, "lowlevel.spectral_rolloff.stdev": 4113.94873046875, "lowlevel.spectral_skewness.mean": 1.7136342525482178, "lowlevel.spectral_skewness.stdev": 0.6065081357955933, "lowlevel.spectral_spread.mean": 7347741.0, "lowlevel.spectral_spread.stdev": 2664784.5, "lowlevel.spectral_strongpeak.mean": 0.7723519206047058, "lowlevel.spectral_strongpeak.stdev": 0.7797949910163879, "lowlevel.zerocrossingrate.mean": 0.0972079262137413, "lowlevel.zerocrossingrate.stdev": 0.09136895835399628, "metadata.audio_properties.analysis.equal_loudness": 0.0, "metadata.audio_properties.analysis.length": 16.703990936279297, "metadata.audio_properties.analysis.sample_rate": 44100.0, "metadata.audio_properties.analysis.start_time": 0.0, "metadata.audio_properties.bit_rate": 125062.0, "metadata.audio_properties.length": 16.70400047302246, "metadata.audio_properties.lossless": 0.0, "metadata.audio_properties.number_channels": 1.0, "metadata.audio_properties.replay_gain": -9.883317947387695, "metadata.audio_properties.sample_rate": 48000.0, "rhythm.beats_count": 45.0, "rhythm.beats_loudness.mean": 0.040948931127786636, "rhythm.beats_loudness.stdev": 0.020492088049650192, "rhythm.bpm": 164.04034423828125, "rhythm.bpm_histogram_first_peak_bpm": 161.0, "rhythm.bpm_histogram_first_peak_weight": 0.0, "rhythm.bpm_histogram_second_peak_bpm": 167.0, "rhythm.bpm_histogram_second_peak_spread": 0.0, "rhythm.bpm_histogram_second_peak_weight": 0.4545454680919647, "rhythm.danceability": 1.3154382705688477, "rhythm.onset_rate": 5.443115234375, "tonal.chords_changes_rate": 0.05263157933950424, "tonal.chords_number_rate": 0.013850415125489235, "tonal.chords_strength.mean": 0.5401155352592468, "tonal.chords_strength.stdev": 0.04356751963496208, "tonal.hpcp_crest.mean": 13.41887378692627, "tonal.hpcp_crest.stdev": 6.91259765625, "tonal.hpcp_entropy.mean": 2.1559834480285645, "tonal.hpcp_entropy.stdev": 0.8454117774963379, "tonal.key_edma.strength": 0.7748458385467529, "tonal.key_krumhansl.strength": 0.7741976976394653, "tonal.key_temperley.strength": 0.7660297155380249, "tonal.tuning_diatonic_strength": 0.6456455588340759, "tonal.tuning_equal_tempered_deviation": 0.11828819662332535, "tonal.tuning_frequency": 440.0, "tonal.tuning_nontempered_energy_ratio": 0.7053899765014648, "lowlevel.barkbands.mean": [9.427018085261807e-05, 0.009461943991482258, 0.008112378418445587, 0.0029686670750379562, 0.007373356260359287, 0.0005552128423005342, 0.0007848112727515399, 0.001728628994897008, 0.0007461446803063154, 0.0002824563125614077, 0.00017708505038172007, 0.0002997148549184203, 0.0003661859664134681, 0.0003196343022864312, 0.0003718287334777415, 0.00019104580860584974, 0.00013028632383793592, 9.765294817043468e-05, 0.00013128991122357547, 0.00015004182932898402, 0.00011329159315209836, 9.688595309853554e-05, 0.0001127745708799921, 8.985269960248843e-05, 0.0001728409406496212, 0.00043784777517430484, 2.3218823116621934e-05], "lowlevel.barkbands.stdev": [0.00026599832926876843, 0.03083662874996662, 0.020290063694119453, 0.003712042234838009, 0.009284152649343014, 0.0013535799225792289, 0.0036629021633416414, 0.005716310814023018, 0.0027930529322475195, 0.001033345703035593, 0.0004767723730765283, 0.0007814688724465668, 0.001348390942439437, 0.0008827460114844143, 0.0012312395265325904, 0.000624631647951901, 0.0003141912748105824, 0.00027853535721078515, 0.0003109346143901348, 0.0003758333914447576, 0.00025403464678674936, 0.00016046615201048553, 0.00016391965618822724, 0.00011998054105788469, 0.0002850961755029857, 0.0006238312926143408, 4.021948188892566e-05], "lowlevel.erbbands.mean": [0.1510263979434967, 2.572524309158325, 8.708183288574219, 10.963845252990723, 32.48860549926758, 10.559696197509766, 2.5886545181274414, 4.993108749389648, 12.353973388671875, 17.803028106689453, 37.35847091674805, 18.777610778808594, 9.71951675415039, 8.716511726379395, 8.665656089782715, 12.86391830444336, 15.878870010375977, 16.239967346191406, 23.89737892150879, 10.806840896606445, 11.793222427368164, 7.317930698394775, 5.2475810050964355, 5.818334102630615, 7.355401039123535, 7.045009136199951, 5.4665327072143555, 3.8284342288970947, 3.596442699432373, 3.4289932250976562, 3.0455679893493652, 1.9497168064117432, 1.5441017150878906, 1.1705039739608765, 1.6268463134765625, 1.429213285446167, 0.9346383810043335, 0.15998005867004395, 0.0034564437810331583, 0.0001375403953716159], "lowlevel.erbbands.stdev": [0.49152129888534546, 8.312564849853516, 24.067060470581055, 17.278005599975586, 40.329078674316406, 12.651390075683594, 5.730574131011963, 12.750982284545898, 53.00514602661133, 61.893516540527344, 122.73399353027344, 68.13190460205078, 29.282548904418945, 30.597963333129883, 23.829164505004883, 32.549137115478516, 54.32147979736328, 41.76650619506836, 76.3177719116211, 27.106470108032227, 39.29987716674805, 17.463895797729492, 13.815389633178711, 15.345102310180664, 17.72333526611328, 18.233436584472656, 13.596010208129883, 7.423470973968506, 6.2725830078125, 5.005436897277832, 4.604081153869629, 2.765819549560547, 2.120793342590332, 1.8043888807296753, 2.8851003646850586, 2.5717873573303223, 1.2506601810455322, 0.21010708808898926, 0.004556696396321058, 0.0001613570493645966], "lowlevel.gfcc.mean": [-26.7105770111084, 47.319122314453125, -62.38817596435547, 22.263992309570312, -43.07442855834961, 15.823626518249512, -36.58359909057617, 2.5109357833862305, -38.1179084777832, 5.193809986114502, -33.59549331665039, -2.034785509109497, -30.309568405151367], "lowlevel.melbands.mean": [0.002045854227617383, 0.004201112315058708, 0.002553276252001524, 0.001731031108647585, 7.717280823271722e-05, 0.00012490476365201175, 0.00017712553380988538, 0.00023950659669935703, 0.0002865766582544893, 0.00010485218808753416, 4.591039032675326e-05, 3.51695271092467e-05, 2.6246349079883657e-05, 3.177546022925526e-05, 3.4434156987117603e-05, 3.6423338315216824e-05, 2.8523516448331065e-05, 3.9720773202134296e-05, 2.133414091076702e-05, 1.0989016118401196e-05, 1.4312176972453017e-05, 8.100127161014825e-06, 4.643914508051239e-06, 4.836745119973784e-06, 4.56411953564384e-06, 5.217266789259156e-06, 5.531043825612869e-06, 4.405819709063508e-06, 3.5406042115937453e-06, 2.8301785732764984e-06, 2.0207028228469426e-06, 2.151024546037661e-06, 1.6689623407728504e-06, 2.030654968621093e-06, 1.7990050764638e-06, 1.496362187936029e-06, 1.0698115602281177e-06, 1.0359993893871433e-06, 1.0267507377648144e-06, 9.377657192999322e-07], "lowlevel.melbands.stdev": [0.006663763429969549, 0.011703538708388805, 0.003010479034855962, 0.002177843125537038, 0.00017046598077286035, 0.0003261743695475161, 0.0007628684397786856, 0.000821397639811039, 0.0009237042395398021, 0.0003912435786332935, 0.00014500024553854018, 0.00013382210454437882, 7.152606849558651e-05, 8.261794573627412e-05, 0.00010954486788250506, 0.0001445356901967898, 7.849031680962071e-05, 0.00012678206257987767, 6.477019633166492e-05, 3.076664143009111e-05, 4.8672533011995256e-05, 2.00773574761115e-05, 1.0645421752997208e-05, 1.54224835569039e-05, 1.2410538147378247e-05, 1.2973044249520171e-05, 1.3488359400071204e-05, 1.1678440387186129e-05, 8.983322004496586e-06, 6.672143172181677e-06, 3.7939782941975864e-06, 3.861160621454474e-06, 2.7281816983304452e-06, 2.965417479572352e-06, 2.740175204962725e-06, 2.307426484549069e-06, 1.5390068028864334e-06, 1.468093614676036e-06, 1.500731855230697e-06, 1.5612340575898997e-06], "lowlevel.melbands128.mean": [6.696610944345593e-05, 0.0006795828812755644, 0.002813048893585801, 0.004757186397910118, 0.004658733960241079, 0.003918039612472057, 0.0020799264311790466, 0.0014790917048230767, 0.004410498775541782, 0.0018861428834497929, 9.686597331892699e-05, 7.553508476121351e-05, 8.401495142607018e-05, 6.181172648211941e-05, 6.151321576908231e-05, 0.00018800648103933781, 0.00026973430067300797, 0.00014861453382764012, 0.00010444042709423229, 0.0001544006954645738, 0.0003449761716183275, 0.0004006139060948044, 0.00029686716152355075, 0.000150489664520137, 0.00011928952881135046, 8.843114483170211e-05, 5.446961949928664e-05, 4.351397365098819e-05, 3.2865849789232016e-05, 4.252160215401091e-05, 3.417551124584861e-05, 2.5010087483678944e-05, 2.2377125787897967e-05, 3.0151521059451625e-05, 3.110026955255307e-05, 2.9694389013457112e-05, 3.8641708670184016e-05, 3.413571903365664e-05, 3.411534635233693e-05, 3.0636096198577434e-05, 4.751722372020595e-05, 2.626182686071843e-05, 2.5963761800085194e-05, 3.183974695275538e-05, 2.8755233870469965e-05, 4.89753729198128e-05, 4.402181366458535e-05, 1.8375325453234836e-05, 1.4687054317619186e-05, 1.0934234524029307e-05, 7.759483196423389e-06, 1.4021961760590784e-05, 1.6467078239656985e-05, 1.4529357031278778e-05, 1.0095689503941685e-05, 7.662724783585873e-06, 6.320041393337306e-06, 4.382848601380829e-06, 4.318975243222667e-06, 4.318251285440056e-06, 5.331157353793969e-06, 4.7714656830066815e-06, 4.40259418610367e-06, 4.678437107941136e-06, 4.3553372961468995e-06, 5.592985417024465e-06, 5.399933797889389e-06, 5.279668130242499e-06, 5.706754564016592e-06, 5.8490286392043345e-06, 4.177339178568218e-06, 3.7907984733465128e-06, 4.040994554088684e-06, 3.359734591867891e-06, 3.135784027108457e-06, 3.2727464258641703e-06, 2.5652950625953963e-06, 1.8683296048038756e-06, 2.033089685937739e-06, 1.8929508769360837e-06, 2.457547452650033e-06, 2.1822690996486926e-06, 1.7302799051321927e-06, 1.4508703998217243e-06, 1.7439607518099365e-06, 2.0183256310701836e-06, 2.171335381717654e-06, 2.0320032945164712e-06, 1.6674169955877005e-06, 1.7894261645778897e-06, 1.6201925063796807e-06, 1.4861806221233564e-06, 1.1234141084059956e-06, 1.107288653656724e-06, 9.945591727955616e-07, 8.962175570559339e-07, 1.0506328180781566e-06, 1.2396333204378607e-06, 1.0790798796733725e-06, 8.982531198853394e-07, 8.324521445501887e-07, 9.75112698142766e-07, 9.636221420805668e-07, 1.3933130276200245e-06, 1.9557519408408552e-06, 2.154733465431491e-06, 2.6466373128641862e-06, 1.7998798966800678e-06, 2.273977088407264e-06, 3.0394887744478183e-06, 3.008032081197598e-06, 2.8577373996085953e-06, 3.598251851144596e-06, 3.0217584026104305e-06, 2.4855291940184543e-06, 1.930406597239198e-06, 8.120119900922873e-07, 2.193157229157805e-07, 1.2984841646357381e-08, 1.1760678542138692e-10, 7.252389661038805e-11, 1.0328595617670189e-11, 6.2448514241697506e-12, 5.934790853201477e-12, 5.13845476585173e-12, 4.010681543820116e-12, 3.4163010961818507e-12, 3.3093811978995857e-12], "lowlevel.melbands128.stdev": [0.00020346975361462682, 0.002266458934172988, 0.009499266743659973, 0.015695719048380852, 0.014406918548047543, 0.008927266113460064, 0.0037724333815276623, 0.0017570758936926723, 0.005675640422850847, 0.0024356828071177006, 0.0001746152265695855, 0.0001605086581548676, 0.0002042939158855006, 0.0003719772503245622, 0.00021246218238957226, 0.0005368615966290236, 0.001097625121474266, 0.0009795050136744976, 0.0007862009224481881, 0.0006901528686285019, 0.0015137840528041124, 0.001626245561055839, 0.001202744315378368, 0.000805300020147115, 0.0006484933546744287, 0.00035549188032746315, 0.00021510054648388177, 0.00019477670139167458, 0.00016532588051632047, 0.00023833582235965878, 0.00013666754239238799, 8.25458046165295e-05, 8.161643199855462e-05, 0.00010747109627118334, 0.0001072081140591763, 8.956609235610813e-05, 0.0001141064494731836, 0.00013163873518351465, 0.00018433159857522696, 0.00015554859419353306, 0.00024096328706946224, 9.208507253788412e-05, 0.00010249680053675547, 0.00011416874622227624, 0.00010751665831776336, 0.0001985157432500273, 0.00019338374841026962, 6.566404772456735e-05, 4.677424658439122e-05, 3.2437728805234656e-05, 2.166789272450842e-05, 5.816703924210742e-05, 7.720127905486152e-05, 5.3859519539400935e-05, 2.8867045330116525e-05, 2.4294891773024574e-05, 1.8182538042310625e-05, 1.061223701981362e-05, 1.0828513040905818e-05, 1.349721151200356e-05, 2.0749996110680513e-05, 1.7746466255630367e-05, 1.4150624338071793e-05, 1.3202241461840458e-05, 1.0743369784904644e-05, 1.562307807034813e-05, 1.5143083146540448e-05, 1.4256675058277324e-05, 1.2853868611273356e-05, 2.2583355530514382e-05, 1.1449618796177674e-05, 9.350195796287153e-06, 1.1703466952894814e-05, 8.519245966454037e-06, 9.796991434996016e-06, 8.853295184962917e-06, 5.403254817792913e-06, 3.888458195433486e-06, 4.2182068682450335e-06, 3.5680955079442356e-06, 4.8132492338481825e-06, 4.197025191388093e-06, 3.5155401292286115e-06, 2.4758323888818268e-06, 3.025020305358339e-06, 3.425831664571888e-06, 3.4155348203057656e-06, 3.154091700707795e-06, 2.6828884074348025e-06, 3.4550400869193254e-06, 2.680562147361343e-06, 2.483918251527939e-06, 1.7569574310982716e-06, 1.9078863715549232e-06, 1.463934268031153e-06, 1.383292783430079e-06, 1.7527183899801457e-06, 1.8280658196090371e-06, 1.6910549902604544e-06, 1.6806665144031285e-06, 1.5043405028336565e-06, 1.7840654891188024e-06, 1.942672042787308e-06, 3.3130563679151237e-06, 3.496586487017339e-06, 3.98806741941371e-06, 5.946738838247256e-06, 4.043646185891703e-06, 4.633232947526267e-06, 5.652686922985595e-06, 5.319655883795349e-06, 4.3186323637200985e-06, 4.983125563740032e-06, 4.030848231195705e-06, 3.4238814805576112e-06, 2.8464569368225057e-06, 1.2987452464585658e-06, 5.776287821390724e-07, 6.382546757777163e-08, 2.855555125691467e-09, 1.7566743615304858e-09, 1.133083349369457e-10, 4.9432416493466746e-11, 4.667615252640367e-11, 3.367878545490477e-11, 1.4557070826537455e-11, 7.571159844899089e-12, 7.348389258199362e-12], "lowlevel.mfcc.mean": [-696.8761596679688, 102.85951232910156, 27.90260124206543, 22.92124366760254, 10.30943489074707, 16.989437103271484, 7.017663955688477, 1.9671623706817627, -2.9577114582061768, 3.7770214080810547, -3.10561466217041, -4.439781665802002, -4.067136764526367], "lowlevel.spectral_contrast_coeffs.mean": [-0.623744547367096, -0.7775542140007019, -0.8163355588912964, -0.8263914585113525, -0.8313432931900024, -0.7708669900894165], "lowlevel.spectral_contrast_coeffs.stdev": [0.09186627715826035, 0.0809326246380806, 0.056261301040649414, 0.054656993597745895, 0.03381946310400963, 0.04132304713129997], "lowlevel.spectral_contrast_valleys.mean": [-7.2607340812683105, -7.432080268859863, -7.89619779586792, -8.10455322265625, -8.048638343811035, -10.402701377868652], "lowlevel.spectral_contrast_valleys.stdev": [1.0607490539550781, 0.9435645341873169, 0.8757607340812683, 0.9748834371566772, 0.9634796977043152, 1.0118950605392456], "rhythm.beats_loudness_band_ratio.mean": [0.7494655847549438, 0.18193039298057556, 0.05868056043982506, 0.033281054347753525, 0.03421272709965706, 0.08599408715963364], "rhythm.beats_loudness_band_ratio.stdev": [0.1797919124364853, 0.1423586755990982, 0.10999371856451035, 0.03941883519291878, 0.054262228310108185, 0.08241868764162064], "tonal.hpcp.mean": [0.027099458500742912, 0.024355176836252213, 0.0263555608689785, 0.024989988654851913, 0.022545941174030304, 0.026916448026895523, 0.03734397888183594, 0.04802867770195007, 0.24461214244365692, 0.40723949670791626, 0.22586439549922943, 0.071097731590271, 0.06391143053770065, 0.05661795288324356, 0.0530414804816246, 0.06966684758663177, 0.06663050502538681, 0.050993144512176514, 0.042279139161109924, 0.04050278663635254, 0.051599517464637756, 0.04732494428753853, 0.044772256165742874, 0.06823994219303131, 0.07990759611129761, 0.07361266016960144, 0.07273578643798828, 0.05809476599097252, 0.04226170852780342, 0.3221440315246582, 0.5747799277305603, 0.2976950407028198, 0.041016869246959686, 0.0272314865142107, 0.02813156694173813, 0.03013843297958374], "tonal.hpcp.stdev": [0.058829668909311295, 0.05933314189314842, 0.09942467510700226, 0.09607814252376556, 0.09353038668632507, 0.09496645629405975, 0.12542478740215302, 0.13381123542785645, 0.29020005464553833, 0.4083292782306671, 0.2838277518749237, 0.1799658089876175, 0.18481507897377014, 0.15921662747859955, 0.1309731900691986, 0.14882339537143707, 0.14781229197978973, 0.1525859534740448, 0.1406741440296173, 0.13624034821987152, 0.1710091531276703, 0.1542873978614807, 0.15499790012836456, 0.17612913250923157, 0.18786557018756866, 0.1710464358329773, 0.19902583956718445, 0.1677406281232834, 0.11319869011640549, 0.2704891860485077, 0.4299125671386719, 0.25424379110336304, 0.11903933435678482, 0.10984872281551361, 0.0912541076540947, 0.10015998780727386], "rhythm.beats_position": [0.29024943709373474, 0.6269387602806091, 0.9752380847930908, 1.3467572927474976, 1.7182766199111938, 2.0897958278656006, 2.449705123901367, 2.8212244510650635, 3.18113374710083, 3.5526530742645264, 3.9241721630096436, 4.29569149017334, 4.6556010246276855, 5.015510082244873, 5.38702917098999, 5.746938705444336, 6.106847763061523, 6.478367328643799, 6.849886417388916, 7.221405982971191, 7.569705009460449, 7.941224575042725, 8.30113410949707, 8.661043167114258, 9.032562255859375, 9.404081344604492, 9.76399040222168, 10.123900413513184, 10.483809471130371, 10.843718528747559, 11.215237617492676, 11.586756706237793, 11.946666717529297, 12.306575775146484, 12.678094863891602, 13.049613952636719, 13.409523963928223, 13.76943302154541, 14.140952110290527, 14.500861167907715, 14.860771179199219, 15.232290267944336, 15.592199325561523, 15.952108383178711, 16.323627471923828], "rhythm.bpm_histogram": [0.0, 0.0, 0.0, 0.0, 0.0, 0.0, 0.0, 0.0, 0.0, 0.0, 0.0, 0.0, 0.0, 0.0, 0.0, 0.0, 0.0, 0.0, 0.0, 0.0, 0.0, 0.0, 0.0, 0.0, 0.0, 0.0, 0.0, 0.0, 0.0, 0.0, 0.0, 0.0, 0.0, 0.0, 0.0, 0.0, 0.0, 0.0, 0.0, 0.0, 0.0, 0.0, 0.0, 0.0, 0.0, 0.0, 0.0, 0.0, 0.0, 0.0, 0.0, 0.0, 0.0, 0.0, 0.0, 0.0, 0.0, 0.0, 0.0, 0.0, 0.0, 0.0, 0.0, 0.0, 0.0, 0.0, 0.0, 0.0, 0.0, 0.0, 0.0, 0.0, 0.0, 0.0, 0.0, 0.0, 0.0, 0.0, 0.0, 0.0, 0.0, 0.0, 0.0, 0.0, 0.0, 0.0, 0.0, 0.0, 0.0, 0.0, 0.0, 0.0, 0.0, 0.0, 0.0, 0.0, 0.0, 0.0, 0.0, 0.0, 0.0, 0.0, 0.0, 0.0, 0.0, 0.0, 0.0, 0.0, 0.0, 0.0, 0.0, 0.0, 0.0, 0.0, 0.0, 0.0, 0.0, 0.0, 0.0, 0.0, 0.0, 0.0, 0.0, 0.0, 0.0, 0.0, 0.0, 0.0, 0.0, 0.0, 0.0, 0.0, 0.0, 0.0, 0.0, 0.0, 0.0, 0.0, 0.0, 0.0, 0.0, 0.0, 0.0, 0.0, 0.0, 0.0, 0.0, 0.0, 0.0, 0.0, 0.0, 0.0, 0.0, 0.0, 0.0, 0.0, 0.0, 0.0, 0.0, 0.0, 0.0, 0.47727271914482117, 0.0, 0.0, 0.0, 0.0, 0.0, 0.4545454680919647, 0.0, 0.0, 0.0, 0.0, 0.04545454680919647, 0.0, 0.0, 0.0, 0.0, 0.0, 0.022727273404598236, 0.0, 0.0, 0.0, 0.0, 0.0, 0.0, 0.0, 0.0, 0.0, 0.0, 0.0, 0.0, 0.0, 0.0, 0.0, 0.0, 0.0, 0.0, 0.0, 0.0, 0.0, 0.0, 0.0, 0.0, 0.0, 0.0, 0.0, 0.0, 0.0, 0.0, 0.0, 0.0, 0.0, 0.0, 0.0, 0.0, 0.0, 0.0, 0.0, 0.0, 0.0, 0.0, 0.0, 0.0, 0.0, 0.0, 0.0, 0.0, 0.0, 0.0, 0.0, 0.0, 0.0, 0.0, 0.0, 0.0, 0.0, 0.0, 0.0, 0.0, 0.0, 0.0, 0.0, 0.0, 0.0, 0.0, 0.0, 0.0, 0.0, 0.0, 0.0], "tonal.chords_histogram": [17.451522827148438, 0.0, 10.803323745727539, 0.0, 0.0, 0.0, 0.0, 0.0, 0.0, 0.0, 0.0, 0.0, 0.0, 0.0, 0.0, 16.066482543945312, 0.0, 49.03047180175781, 0.0, 0.0, 0.0, 0.0, 6.648199558258057, 0.0], "tonal.thpcp": [1.0, 0.5179287195205688, 0.0713609978556633, 0.04737723991274834, 0.04894319549202919, 0.052434735000133514, 0.047147538512945175, 0.04237304627895355, 0.04585330933332443, 0.04347749054431915, 0.039225343614816666, 0.046829137951135635, 0.06497091799974442, 0.08356011658906937, 0.425575315952301, 0.7085137963294983, 0.39295804500579834, 0.12369557470083237, 0.11119287461042404, 0.0985037088394165, 0.09228137135505676, 0.1212061271071434, 0.11592350900173187, 0.08871768414974213, 0.07355709373950958, 0.07046660035848618, 0.08977264910936356, 0.08233576267957687, 0.07789460569620132, 0.11872360110282898, 0.13902294635772705, 0.12807103991508484, 0.12654545903205872, 0.10107305645942688, 0.0735267624258995, 0.5604649782180786], "lowlevel.gfcc.cov": [[7389.2900390625, 137.64195251464844, -548.2001953125, 493.3102111816406, 168.32127380371094, 47.37358474731445, -246.38380432128906, 26.62113380432129, 33.859859466552734, 118.7037353515625, -122.37174224853516, -87.87196350097656, 46.47821044921875], [137.64195251464844, 1967.247802734375, -200.60716247558594, -153.09613037109375, 48.44835662841797, -232.4986572265625, -42.31590270996094, -246.1947479248047, -37.39656448364258, -90.9263687133789, 30.886892318725586, -128.1063690185547, 54.31422424316406], [-548.2001953125, -200.60716247558594, 998.6233520507812, 296.9365539550781, 241.51815795898438, 163.73855590820312, 29.89954948425293, -37.670753479003906, -91.41852569580078, -85.32704162597656, 17.120256423950195, 116.83604431152344, -23.426679611206055], [493.3102111816406, -153.09613037109375, 296.9365539550781, 732.6697998046875, 427.86181640625, 83.0704345703125, -63.944427490234375, -38.79525375366211, -81.61223602294922, -81.91921997070312, -23.920089721679688, 42.33207702636719, 27.575056076049805], [168.32127380371094, 48.44835662841797, 241.51815795898438, 427.86181640625, 447.7804260253906, 123.45341491699219, -2.259223699569702, -31.30299949645996, -50.478755950927734, -49.33389663696289, -0.2517571449279785, 30.471338272094727, 9.50547981262207], [47.37358474731445, -232.4986572265625, 163.73855590820312, 83.0704345703125, 123.45341491699219, 232.0320587158203, 111.4950180053711, 47.14995574951172, -11.479412078857422, 19.981666564941406, 35.31980895996094, 34.1211051940918, -19.801435470581055], [-246.38380432128906, -42.31590270996094, 29.89954948425293, -63.944427490234375, -2.259223699569702, 111.4950180053711, 196.64071655273438, 89.6846923828125, 28.064136505126953, 14.74303913116455, 42.92100143432617, 36.23971939086914, -13.49304485321045], [26.62113380432129, -246.1947479248047, -37.670753479003906, -38.79525375366211, -31.30299949645996, 47.14995574951172, 89.6846923828125, 191.47048950195312, 103.71104431152344, 58.277137756347656, 12.47823715209961, 28.10208511352539, 15.432995796203613], [33.859859466552734, -37.39656448364258, -91.41852569580078, -81.61223602294922, -50.478755950927734, -11.479412078857422, 28.064136505126953, 103.71104431152344, 155.56187438964844, 72.60686492919922, 11.408546447753906, -2.3592984676361084, 17.021129608154297], [118.7037353515625, -90.9263687133789, -85.32704162597656, -81.91921997070312, -49.33389663696289, 19.981666564941406, 14.74303913116455, 58.277137756347656, 72.60686492919922, 103.49789428710938, 35.59931182861328, 2.104605197906494, 3.7995734214782715], [-122.37174224853516, 30.886892318725586, 17.120256423950195, -23.920089721679688, -0.2517571449279785, 35.31980895996094, 42.92100143432617, 12.47823715209961, 11.408546447753906, 35.59931182861328, 92.25537109375, 50.66172409057617, 3.904506206512451], [-87.87196350097656, -128.1063690185547, 116.83604431152344, 42.33207702636719, 30.471338272094727, 34.1211051940918, 36.23971939086914, 28.10208511352539, -2.3592984676361084, 2.104605197906494, 50.66172409057617, 98.83363342285156, 20.36968421936035], [46.47821044921875, 54.31422424316406, -23.426679611206055, 27.575056076049805, 9.50547981262207, -19.801435470581055, -13.49304485321045, 15.432995796203613, 17.021129608154297, 3.7995734214782715, 3.904506206512451, 20.36968421936035, 60.94381332397461]], "lowlevel.gfcc.icov": [[0.00019927872926928103, -0.00018768802692648023, 0.00019551698642317206, -0.0003163387009408325, 0.0002583304885774851, -0.0005110824713483453, 0.0004820454050786793, -0.00025230241590179503, 0.00013525786926038563, -0.0005280440091155469, 0.0007125440170057118, -0.000591866672039032, 0.00034516723826527596], [-0.00018768802692648023, 0.0014918794622644782, -0.0003467220230959356, 0.000990328611806035, -0.0014273964334279299, 0.0022224136628210545, -0.0019047133391723037, 0.001967297401279211, -0.0007818482699804008, 0.001725774840451777, -0.0031287784222513437, 0.003660030895844102, -0.0026550847105681896], [0.00019551698642317206, -0.0003467220230959356, 0.0018191080307587981, -0.0005863236729055643, 0.00023459333169739693, -0.0017411629669368267, 0.0010947736445814371, -0.00013752536324318498, -4.74160369776655e-05, 0.00035278030554763973, 0.0016206253785640001, -0.0032105138525366783, 0.0017598358681425452], [-0.0003163387009408325, 0.000990328611806035, -0.0005863236729055643, 0.004533059895038605, -0.004234003368765116, 0.0016839448362588882, 1.0009665857069194e-05, 0.000137349110445939, 0.0002948116743937135, 0.0024963088799268007, -0.002140565775334835, 0.002004411304369569, -0.0025136147160083055], [0.0002583304885774851, -0.0014273964334279299, 0.00023459333169739693, -0.004234003368765116, 0.0074732000939548016, -0.004586357623338699, 0.001796514494344592, -0.0005870295572094619, -0.0003992657002527267, -0.0008351837168447673, 0.0026712357066571712, -0.0030678606126457453, 0.0019895024597644806], [-0.0005110824713483453, 0.0022224136628210545, -0.0017411629669368267, 0.0016839448362588882, -0.004586357623338699, 0.01302022859454155, -0.0079871267080307, 0.0019430447136983275, 0.0016288632759824395, -0.0016445250948891044, -0.005103818140923977, 0.006253993604332209, -0.0024524640757590532], [0.0004820454050786793, -0.0019047133391723037, 0.0010947736445814371, 1.0009665857069194e-05, 0.001796514494344592, -0.0079871267080307, 0.014070374891161919, -0.007365338504314423, 0.000505575560964644, 0.0026900696102529764, 0.0002783414092846215, -0.005492837633937597, 0.005360370967537165], [-0.00025230241590179503, 0.001967297401279211, -0.00013752536324318498, 0.000137349110445939, -0.0005870295572094619, 0.0019430447136983275, -0.007365338504314423, 0.015214430168271065, -0.007362858392298222, -0.0011396220652386546, 0.0008727689273655415, 0.0006604756345041096, -0.004585732240229845], [0.00013525786926038563, -0.0007818482699804008, -4.74160369776655e-05, 0.0002948116743937135, -0.0003992657002527267, 0.0016288632759824395, 0.000505575560964644, -0.007362858392298222, 0.014912191778421402, -0.008153487928211689, 0.0018590743420645595, 0.0002577215782366693, -0.0008517780224792659], [-0.0005280440091155469, 0.001725774840451777, 0.00035278030554763973, 0.0024963088799268007, -0.0008351837168447673, -0.0016445250948891044, 0.0026900696102529764, -0.0011396220652386546, -0.008153487928211689, 0.02450529672205448, -0.013410673476755619, 0.007099287584424019, -0.0024133604019880295], [0.0007125440170057118, -0.0031287784222513437, 0.0016206253785640001, -0.002140565775334835, 0.0026712357066571712, -0.005103818140923977, 0.0002783414092846215, 0.0008727689273655415, 0.0018590743420645595, -0.013410673476755619, 0.02927265129983425, -0.019886700436472893, 0.006690511479973793], [-0.000591866672039032, 0.003660030895844102, -0.0032105138525366783, 0.002004411304369569, -0.0030678606126457453, 0.006253993604332209, -0.005492837633937597, 0.0006604756345041096, 0.0002577215782366693, 0.007099287584424019, -0.019886700436472893, 0.030679568648338318, -0.013319174759089947], [0.00034516723826527596, -0.0026550847105681896, 0.0017598358681425452, -0.0025136147160083055, 0.0019895024597644806, -0.0024524640757590532, 0.005360370967537165, -0.004585732240229845, -0.0008517780224792659, -0.0024133604019880295, 0.006690511479973793, -0.013319174759089947, 0.02597776986658573]], "lowlevel.mfcc.cov": [[8038.30419921875, -207.3443603515625, -657.9473876953125, 257.5596618652344, 224.03367614746094, 27.134510040283203, -134.47573852539062, -196.6968536376953, 154.99588012695312, 22.366506576538086, 95.41658020019531, -77.74784088134766, 31.68614959716797], [-207.3443603515625, 1668.3026123046875, -78.83287811279297, -74.11358642578125, -138.90237426757812, -44.03395080566406, -58.466651916503906, -141.95120239257812, -85.1807632446289, -53.06041717529297, -38.001220703125, -56.502838134765625, -0.9399166703224182], [-657.9473876953125, -78.83287811279297, 638.1435546875, 102.05884552001953, 144.84324645996094, 110.09830474853516, 98.12030029296875, 95.30255126953125, -38.410003662109375, -48.88345718383789, -21.632080078125, -5.987415790557861, -3.664945125579834], [257.5596618652344, -74.11358642578125, 102.05884552001953, 573.491943359375, 391.49725341796875, 160.5559844970703, 65.07888793945312, 64.64303588867188, -2.882369041442871, -55.947017669677734, -90.53199005126953, -54.272254943847656, 7.956103324890137], [224.03367614746094, -138.90237426757812, 144.84324645996094, 391.49725341796875, 473.3537902832031, 203.3183135986328, 93.3188247680664, 52.653629302978516, 2.323486566543579, -32.620243072509766, -48.577789306640625, -41.83453369140625, 1.4060087203979492], [27.134510040283203, -44.03395080566406, 110.09830474853516, 160.5559844970703, 203.3183135986328, 235.62161254882812, 136.20021057128906, 57.54685974121094, -27.225290298461914, -25.027740478515625, -14.028976440429688, 3.5604915618896484, -19.9622802734375], [-134.47573852539062, -58.466651916503906, 98.12030029296875, 65.07888793945312, 93.3188247680664, 136.20021057128906, 206.09535217285156, 99.81748962402344, -11.039323806762695, -27.003984451293945, 12.21151351928711, 18.92740821838379, 2.4031903743743896], [-196.6968536376953, -141.95120239257812, 95.30255126953125, 64.64303588867188, 52.653629302978516, 57.54685974121094, 99.81748962402344, 163.9639892578125, 40.9697265625, 12.071111679077148, 6.30911111831665, 30.974287033081055, 16.319324493408203], [154.99588012695312, -85.1807632446289, -38.410003662109375, -2.882369041442871, 2.323486566543579, -27.225290298461914, -11.039323806762695, 40.9697265625, 109.1606674194336, 68.92372131347656, 24.671340942382812, 3.8448355197906494, 9.817825317382812], [22.366506576538086, -53.06041717529297, -48.88345718383789, -55.947017669677734, -32.620243072509766, -25.027740478515625, -27.003984451293945, 12.071111679077148, 68.92372131347656, 122.32084655761719, 44.360374450683594, 23.014698028564453, -5.122032165527344], [95.41658020019531, -38.001220703125, -21.632080078125, -90.53199005126953, -48.577789306640625, -14.028976440429688, 12.21151351928711, 6.30911111831665, 24.671340942382812, 44.360374450683594, 86.91981506347656, 36.1801872253418, 16.047754287719727], [-77.74784088134766, -56.502838134765625, -5.987415790557861, -54.272254943847656, -41.83453369140625, 3.5604915618896484, 18.92740821838379, 30.974287033081055, 3.8448355197906494, 23.014698028564453, 36.1801872253418, 82.07296752929688, 29.934101104736328], [31.68614959716797, -0.9399166703224182, -3.664945125579834, 7.956103324890137, 1.4060087203979492, -19.9622802734375, 2.4031903743743896, 16.319324493408203, 9.817825317382812, -5.122032165527344, 16.047754287719727, 29.934101104736328, 83.22632598876953]], "lowlevel.mfcc.icov": [[0.00016138529463205487, 2.6359883122495376e-05, 0.00015437441470567137, -0.0001002241624519229, -1.8244572856929153e-05, -0.00015561906911898404, 9.781526023289189e-05, 0.00023219261493068188, -0.00036139172152616084, 0.0002758119662757963, -0.00038030926953069866, 0.00012602953938767314, -4.2529358324827626e-05], [2.6359883122495376e-05, 0.0007028590771369636, 3.5729939554585144e-05, -9.688091813586652e-05, 0.0003878080751746893, -0.0002468925667926669, -9.995928849093616e-05, 0.0005453550256788731, 0.0002797303895931691, -8.998717385111377e-05, 0.00014278583694249392, 0.000581304426304996, -0.0004362292238511145], [0.00015437441470567137, 3.5729939554585144e-05, 0.002119195181876421, 0.00023653979587834328, -0.0006220823852345347, -0.00034386705374345183, 0.00020915568165946752, -0.0012358627282083035, 0.0007360158488154411, 0.0005025533027946949, -0.00044525109115056694, 0.0006254191976040602, -1.8325032215216197e-05], [-0.0001002241624519229, -9.688091813586652e-05, 0.00023653979587834328, 0.00494182575494051, -0.003615968395024538, -0.0001696313265711069, 0.0006147754029370844, -0.0016851602122187614, 0.0002468100283294916, 0.00025448016822338104, 0.002921119099482894, 0.0007540216902270913, -0.0009397633257322013], [-1.8244572856929153e-05, 0.0003878080751746893, -0.0006220823852345347, -0.003615968395024538, 0.0070990826934576035, -0.004063108470290899, 0.00015361225814558566, 0.0012653520097956061, -0.0012155548902228475, -0.0003048850048799068, -0.0006098037702031434, 0.0020591916982084513, -0.0015158546157181263], [-0.00015561906911898404, -0.0002468925667926669, -0.00034386705374345183, -0.0001696313265711069, -0.004063108470290899, 0.011980859562754631, -0.005970247555524111, 0.00022828159853816032, 0.0027232281863689423, -0.0013477541506290436, 0.0008630577358417213, -0.0032428347039967775, 0.0037232248578220606], [9.781526023289189e-05, -9.995928849093616e-05, 0.00020915568165946752, 0.0006147754029370844, 0.00015361225814558566, -0.005970247555524111, 0.011952505446970463, -0.006026426795870066, 0.0007493595476262271, 0.0030797470826655626, -0.0038025793619453907, 0.0011789622949436307, -0.0002756522153504193], [0.00023219261493068188, 0.0005453550256788731, -0.0012358627282083035, -0.0016851602122187614, 0.0012653520097956061, 0.00022828159853816032, -0.006026426795870066, 0.013853337615728378, -0.0067147668451070786, 0.0004394073330331594, 0.002095860196277499, -0.00436249328777194, -0.0005005000857636333], [-0.00036139172152616084, 0.0002797303895931691, 0.0007360158488154411, 0.0002468100283294916, -0.0012155548902228475, 0.0027232281863689423, 0.0007493595476262271, -0.0067147668451070786, 0.020382175222039223, -0.010550296865403652, -0.0009219097555615008, 0.005038009025156498, -0.0025696544907987118], [0.0002758119662757963, -8.998717385111377e-05, 0.0005025533027946949, 0.00025448016822338104, -0.0003048850048799068, -0.0013477541506290436, 0.0030797470826655626, 0.0004394073330331594, -0.010550296865403652, 0.017733529210090637, -0.006002739071846008, -0.00397768197581172, 0.004322635009884834], [-0.00038030926953069866, 0.00014278583694249392, -0.00044525109115056694, 0.002921119099482894, -0.0006098037702031434, 0.0008630577358417213, -0.0038025793619453907, 0.002095860196277499, -0.0009219097555615008, -0.006002739071846008, 0.021089324727654457, -0.005215184297412634, -0.0026876835618168116], [0.00012602953938767314, 0.000581304426304996, 0.0006254191976040602, 0.0007540216902270913, 0.0020591916982084513, -0.0032428347039967775, 0.0011789622949436307, -0.00436249328777194, 0.005038009025156498, -0.00397768197581172, -0.005215184297412634, 0.021821293979883194, -0.007759189698845148], [-4.2529358324827626e-05, -0.0004362292238511145, -1.8325032215216197e-05, -0.0009397633257322013, -0.0015158546157181263, 0.0037232248578220606, -0.0002756522153504193, -0.0005005000857636333, -0.0025696544907987118, 0.004322635009884834, -0.0026876835618168116, -0.007759189698845148, 0.017018625512719154]], "metadata.audio_properties.analysis.downmix": "mix", "metadata.audio_properties.codec": "mp3", "metadata.audio_properties.md5_encoded": "c249f96e1e9abb36424ac206c7aaa83f", "metadata.tags.file_name": "1183689767913791508.mp3", "metadata.version.essentia": "2.1-beta6-dev", "metadata.version.essentia_git_sha": "v2.1_beta5-1110-g77a6a954", "metadata.version.extractor": "music 2.0", "tonal.chords_key": "C", "tonal.chords_scale": "minor", "tonal.key_edma.key": "C", "tonal.key_edma.scale": "major", "tonal.key_krumhansl.key": "C", "tonal.key_krumhansl.scale": "major", "tonal.key_temperley.key": "C", "tonal.key_temperley.scale": "major", "metadata.tags.encoding": ["Lavf58.45.100"]}, "essentia_models": [{"model_name": "genre_dortmund", "activations": {"alternative": "0.062011458", "blues": "0.024082579", "electronic": "0.149806", "folkcountry": "0.05225084", "funksoulrnb": "0.03257575", "jazz": "0.03224199", "pop": "0.021316279", "raphiphop": "0.1673629", "rock": "0.54969716"}}, {"model_name": "genre_rosamerica", "activations": {"classic": "0.043874048", "dance": "0.006543897",